Ecospace-environmental-drivers/Outputs/ASCII-for-ecospace/MOM6-ISIMIP3a/o2/1994-12_o2_MOM6-ISIMIP3a.asc
NCOLS 131 
NROWS 53 
XLLCORNER -98 
YLLCORNER 23.9265270233154 
CELLSIZE 0.133587792515755 
NODATA_value -9999 
[rows 0 to 20 of 53, columns 46 to 91 of 131]
-9999 -9999 -9999 -9999 -9999 -9999 -9999 -9999 -9999 -9999 -9999 -9999 -9999 -9999 -9999 -9999 -9999 -9999 -9999 -9999 -9999 -9999 -9999 -9999 -9999 -9999 -9999 -9999 -9999 -9999 -9999 -9999 -9999 -9999 -9999 -9999 -9999 -9999 -9999 -9999 -9999 -9999 -9999 -9999 -9999 -9999
-9999 -9999 -9999 -9999 -9999 -9999 -9999 -9999 -9999 -9999 -9999 -9999 -9999 -9999 -9999 -9999 -9999 -9999 -9999 -9999 -9999 -9999 -9999 -9999 -9999 -9999 -9999 -9999 -9999 -9999 -9999 -9999 -9999 -9999 -9999 -9999 -9999 -9999 -9999 -9999 -9999 -9999 -9999 -9999 -9999 -9999
-9999 -9999 -9999 -9999 -9999 -9999 -9999 -9999 -9999 -9999 -9999 -9999 -9999 -9999 -9999 -9999 -9999 -9999 -9999 -9999 -9999 -9999 -9999 -9999 -9999 -9999 -9999 -9999 0.244190379977226 0.243526265025139 -9999 -9999 -9999 -9999 -9999 -9999 -9999 -9999 -9999 -9999 -9999 -9999 -9999 -9999 -9999 -9999
-9999 -9999 -9999 -9999 -9999 -9999 -9999 -9999 -9999 -9999 -9999 -9999 -9999 -9999 -9999 -9999 -9999 -9999 -9999 -9999 -9999 -9999 -9999 -9999 -9999 -9999 -9999 -9999 0.244249448180199 0.243774831295013 -9999 -9999 -9999 -9999 -9999 -9999 -9999 -9999 -9999 -9999 -9999 -9999 -9999 -9999 -9999 -9999
-9999 -9999 -9999 -9999 -9999 -9999 -9999 -9999 -9999 -9999 -9999 -9999 -9999 -9999 -9999 -9999 -9999 -9999 -9999 0.255595833063126 0.255172282457352 0.254833459854126 0.252856999635696 0.251109898090363 0.248099863529205 0.246017977595329 0.244897201657295 0.244384095072746 0.24435929954052 0.244004964828491 0.242960214614868 -9999 -9999 0.234136790037155 0.230515763163567 0.227374136447906 0.22493277490139 0.223820060491562 0.223720878362656 0.224716410040855 0.226389303803444 0.228872835636139 0.231546550989151 -9999 -9999 -9999
-9999 -9999 -9999 -9999 -9999 -9999 -9999 -9999 -9999 -9999 -9999 -9999 -9999 -9999 -9999 0.219462782144547 -9999 0.222183987498283 0.224505871534348 0.240057110786438 0.255595833063126 0.255087584257126 0.254833459854126 0.250880539417267 0.247615680098534 0.245803371071815 0.2446348965168 0.244253322482109 0.244264051318169 0.244560524821281 0.243190303444862 0.241129830479622 0.237775042653084 0.234165802598 0.230469539761543 0.226911962032318 0.224740907549858 0.223145440220833 0.223573848605156 0.224443361163139 0.226132035255432 0.228592529892921 0.231893956661224 0.234153166413307 0.235738009214401 -9999
-9999 -9999 -9999 -9999 -9999 -9999 -9999 -9999 -9999 -9999 -9999 0.193913981318474 0.193933293223381 0.194020807743073 0.194443926215172 0.207214251160622 0.219216868281364 0.21970871090889 0.222337394952774 0.224505871534348 0.24006961286068 0.255595833063126 0.254833459854126 0.250880539417267 0.247615680098534 0.245803371071815 0.2446348965168 0.244253322482109 0.244264051318169 0.244560524821281 0.243190303444862 0.241129830479622 0.237775042653084 0.234165802598 0.230469539761543 0.226911962032318 0.224740907549858 0.223145440220833 0.223573848605156 0.224443361163139 0.226132035255432 0.228592529892921 0.231893956661224 0.234153166413307 0.235738009214401 0.236156851053238
-9999 -9999 -9999 -9999 -9999 -9999 -9999 -9999 -9999 -9999 -9999 0.193810448050499 0.193913981318474 0.193952605128288 -9999 0.195183336734772 0.207766473293304 0.218725025653839 0.21970871090889 0.222797617316246 0.224505871534348 0.240107148885727 0.251907378435135 0.247799783945084 0.244238153100014 0.241829112172127 0.240218341350555 0.239583224058151 0.239426225423813 0.239617496728897 0.238447114825249 0.236712798476219 0.233624279499054 0.230269551277161 0.226762905716896 0.223390534520149 0.221384882926941 0.21985898911953 0.220020055770874 0.220661550760269 0.222195282578468 0.224562853574753 0.227838918566704 0.230174198746681 0.231900751590729 0.232060149312019
-9999 -9999 -9999 -9999 -9999 -9999 -9999 -9999 -9999 -9999 -9999 -9999 -9999 -9999 -9999 0.19468230009079 0.196876481175423 0.20883983373642 0.217741340398788 0.21970871090889 0.224178269505501 0.23818039894104 0.248658403754234 0.244387581944466 0.240506276488304 0.237447321414948 0.235353201627731 0.234438300132751 0.23409266769886 0.23416168987751 0.233204945921898 0.231823414564133 0.22902949154377 0.225957944989204 0.222684666514397 0.219540938735008 0.217735901474953 0.216301098465919 0.216168135404587 0.216552227735519 0.217896565794945 0.220142692327499 0.223371341824532 0.225796237587929 0.227701053023338 0.229539453983307
0.251535952091217 0.251597315073013 -9999 -9999 -9999 -9999 -9999 -9999 -9999 -9999 -9999 0.227021411061287 0.193704321980476 -9999 -9999 -9999 0.196064472198486 0.200496509671211 0.210188120603561 0.215773954987526 0.216469317674637 0.232968538999557 0.245486944913864 0.241345345973969 0.237486392259598 0.234224155545235 0.231922000646591 0.230793282389641 0.230181381106377 0.229945927858353 0.228917643427849 0.227561011910439 0.225019410252571 0.222244888544083 0.219975337386131 0.217837691307068 0.2168058604002 0.215930849313736 0.215607270598412 0.215595886111259 0.21616430580616 0.217670232057571 0.220197573304176 0.222884744405746 0.225675329566002 0.228430420160294
0.251727849245071 0.251466780900955 0.251447528600693 -9999 -9999 -9999 -9999 -9999 -9999 -9999 -9999 0.243658646941185 0.223202973604202 0.193704321980476 -9999 -9999 0.194222941994667 0.200056508183479 0.207210093736649 0.208191335201263 0.20986433327198 0.227777272462845 0.241516873240471 0.237790584564209 0.2342249751091 0.230998575687408 0.228643447160721 0.227353170514107 0.226507663726807 0.225986078381538 0.224912658333778 0.223610684275627 0.221441730856895 0.219102337956429 0.217758312821388 0.216536924242973 0.216153368353844 0.215742453932762 0.215235397219658 0.214861258864403 0.214733928442001 0.21552012860775 0.21730163693428 0.220086127519608 0.223519593477249 0.227003917098045
0.251727849245071 0.251466780900955 0.251408994197845 0.25064292550087 0.250429153442383 -9999 -9999 -9999 -9999 -9999 -9999 -9999 0.237765550613403 0.216130614280701 0.193704321980476 0.193913981318474 0.194222941994667 0.200056508183479 0.207210093736649 0.207990869879723 0.209180727601051 0.222696572542191 0.233263149857521 0.231486693024635 0.229668006300926 0.227760151028633 0.22618368268013 0.225012242794037 0.224108174443245 0.223398849368095 0.22242197394371 0.22133432328701 0.220183312892914 0.219019845128059 0.218181893229485 0.217395052313805 0.216989576816559 0.216529488563538 0.215877339243889 0.215315863490105 0.214922770857811 0.215099141001701 0.215895980596542 0.217892989516258 0.220666587352753 0.223874598741531
0.250931560993195 0.250859528779984 0.25055867433548 0.250192731618881 0.25041127204895 -9999 -9999 -9999 -9999 0.249369904398918 0.248595952987671 0.246031016111374 0.241007298231125 0.226258352398872 0.203552484512329 0.195724084973335 0.194942831993103 0.200186729431152 0.206870257854462 0.20752190053463 0.20840311050415 0.218656793236732 0.226897194981575 0.226711869239807 0.226295977830887 0.22539333999157 0.224450901150703 0.223459795117378 0.222567483782768 0.221747145056725 0.220842897891998 0.219903901219368 0.219480454921722 0.219158366322517 0.218705102801323 0.218247085809708 0.217790260910988 0.217269539833069 0.216524094343185 0.215825766324997 0.215214937925339 0.214876785874367 0.214835733175278 0.216041550040245 0.218054130673409 0.220698937773705
0.248144537210464 0.248734101653099 0.249403029680252 0.250094532966614 0.25041127204895 0.250683456659317 0.250789016485214 0.250764816999435 0.250080466270447 0.249369904398918 0.248595952987671 0.246031016111374 0.241007298231125 0.228881314396858 0.210944458842278 0.202059581875801 0.197462439537048 0.200642496347427 0.205680787563324 0.206381648778915 0.207390502095222 0.217219337821007 0.225250750780106 0.225759789347649 0.22588637471199 0.225205644965172 0.224535584449768 0.223878607153893 0.223173871636391 0.222434356808662 0.221542850136757 0.220588400959969 0.220166578888893 0.219849467277527 0.219477340579033 0.219083890318871 0.218502134084702 0.21789214015007 0.217182859778404 0.216473877429962 0.215765431523323 0.215151026844978 0.214639067649841 0.21504433453083 0.21604311466217 0.217407450079918
0.243858635425568 0.245182111859322 0.246715173125267 0.248307853937149 0.248892366886139 0.249358385801315 0.249411374330521 0.249339058995247 0.248629301786423 0.247901648283005 0.247130781412125 0.244654312729836 0.239836305379868 0.230695053935051 0.218016624450684 0.209832087159157 0.203776210546494 0.205408200621605 0.208877071738243 0.209239646792412 0.209879726171494 0.217664778232574 0.224104598164558 0.224914610385895 0.225316360592842 0.22485625743866 0.224357128143311 0.22381030023098 0.223180800676346 0.222491070628166 0.221619993448257 0.220673814415932 0.220194831490517 0.219807684421539 0.219545960426331 0.219263225793839 0.218730032444 0.218184277415276 0.217594429850578 0.216979056596756 0.216316267848015 0.215606495738029 0.214845523238182 0.214637830853462 0.214788153767586 0.215175837278366
0.237453609704971 0.239613264799118 0.241861060261726 0.244133934378624 0.245226040482521 0.246159955859184 0.246086031198502 0.245897546410561 0.24512642621994 0.244357541203499 0.243594095110893 0.241331189870834 0.23700974881649 0.231364667415619 0.224636644124985 0.219636261463165 0.215454235672951 0.216267362236977 0.218273997306824 0.2177504748106 0.217319920659065 0.220772251486778 0.223665773868561 0.224220603704453 0.224519535899162 0.224278286099434 0.223806604743004 0.223053306341171 0.222340196371078 0.221656367182732 0.22081658244133 0.219912216067314 0.21929295361042 0.218729734420776 0.218619793653488 0.218513071537018 0.2182736992836 0.218009233474731 0.217656522989273 0.217282146215439 0.216867581009865 0.21631820499897 0.215621948242188 0.215066492557526 0.214602142572403 0.21444271504879
0.232580617070198 0.23477129638195 0.237023070454597 0.239292219281197 0.240525811910629 0.241613864898682 0.241633623838425 0.24154557287693 0.240909069776535 0.240278527140617 0.239662319421768 0.237881258130074 0.234500974416733 0.231351718306541 0.228391483426094 0.225646406412125 0.223003253340721 0.2231724858284 0.224013701081276 0.222973197698593 0.221935153007507 0.222814470529556 0.223541766405106 0.223632782697678 0.223625719547272 0.223411664366722 0.222935810685158 0.222139984369278 0.221389219164848 0.220671251416206 0.219842866063118 0.218968734145164 0.218284085392952 0.217636704444885 0.217623814940453 0.21763502061367 0.21765211224556 0.217623740434647 0.217435449361801 0.217247888445854 0.217061683535576 0.216724216938019 0.216221928596497 0.215555876493454 0.214783862233162 0.214258119463921
0.228997781872749 0.230541467666626 0.232198655605316 0.233888149261475 0.234954938292503 0.235932856798172 0.236232116818428 0.23642686009407 0.236090049147606 0.235749021172523 0.235397845506668 0.234324529767036 0.232259824872017 0.23076394200325 0.229733482003212 0.228461518883705 0.227075174450874 0.22674785554409 0.226673558354378 0.2254269272089 0.224171459674835 0.223959639668465 0.223682880401611 0.223134368658066 0.222650229930878 0.222301945090294 0.221795275807381 0.221095025539398 0.220345288515091 0.219559490680695 0.218725711107254 0.217872053384781 0.217185139656067 0.216530978679657 0.216569036245346 0.216649293899536 0.216891378164291 0.217061027884483 0.216975942254066 0.21692955493927 0.216955006122589 0.216872811317444 0.216673344373703 0.216096416115761 0.21527524292469 0.21453545987606
0.225329861044884 0.226558774709702 0.227904513478279 0.229283452033997 0.230206683278084 0.231065660715103 0.23144955933094 0.231725454330444 0.231451913714409 0.23125983774662 0.231264472007751 0.230882808566093 0.229970782995224 0.229583740234375 0.229626208543777 0.229161649942398 0.228456914424896 0.227851018309593 0.227268725633621 0.226032540202141 0.22478574514389 0.224038362503052 0.223261564970016 0.222361639142036 0.221573635935783 0.22102190554142 0.220439448952675 0.21981942653656 0.219044148921967 0.218155756592751 0.217283114790916 0.216417014598846 0.215848207473755 0.215337842702866 0.215461015701294 0.215626627206802 0.215977638959885 0.21625642478466 0.216281235218048 0.216343149542809 0.216473937034607 0.216569259762764 0.216625928878784 0.216228291392326 0.215536683797836 0.214777916669846
0.221620306372643 0.222697049379349 0.223869845271111 0.225069954991341 0.225860983133316 0.226596713066101 0.226969912648201 0.227228254079819 0.226902291178703 0.226790368556976 0.227195262908936 0.22749736905098 0.227658316493034 0.228113606572151 0.228809714317322 0.228826761245728 0.228522166609764 0.227744355797768 0.226853489875793 0.225733727216721 0.22460626065731 0.223595216870308 0.22256501019001 0.221454650163651 0.220447570085526 0.219658508896828 0.218978255987167 0.21843096613884 0.217617124319077 0.216609135270119 0.2156812697649 0.214786574244499 0.214394822716713 0.214101910591125 0.214326933026314 0.214585900306702 0.21498903632164 0.215333446860313 0.215471416711807 0.215625554323196 0.215809673070908 0.216044440865517 0.216334372758865 0.216160163283348 0.215685606002808 0.215003311634064
0.2199547290802 0.221270307898521 0.222281619906425 0.223206415772438 0.223735481500626 0.224216759204865 0.224501386284828 0.224699795246124 0.224459618330002 0.224423766136169 0.224881336092949 0.225391894578934 0.22597524523735 0.226684927940369 0.227497979998589 0.227658197283745 0.227509155869484 0.226789847016335 0.225934281945229 0.224814102053642 0.223674207925797 0.222512185573578 0.221342504024506 0.220140725374222 0.219027921557426 0.218103006482124 0.217262521386147 0.21652527153492 0.215659633278847 0.21470046043396 0.213935554027557 0.213251084089279 0.213061109185219 0.212968349456787 0.213250085711479 0.213553085923195 0.213928312063217 0.214262709021568 0.21445344388485 0.214656934142113 0.214884057641029 0.215200334787369 0.21561373770237 0.21565318107605 0.215450644493103 0.214954510331154
