Ecospace-environmental-drivers/Outputs/ASCII-for-ecospace/MOM6-ISIMIP3a/o2/1996-09_o2_MOM6-ISIMIP3a.asc
NCOLS 131 
NROWS 53 
XLLCORNER -98 
YLLCORNER 23.9265270233154 
CELLSIZE 0.133587792515755 
NODATA_value -9999 
[rows 21 to 41 of 53, columns 0 to 45 of 131]
-9999 -9999 -9999 -9999 -9999 -9999 0.200571238994598 0.200399369001389 0.200016468763351 0.199424773454666 0.200222104787827 0.200976446270943 0.201015278697014 0.201130971312523 0.201455637812614 0.202021405100822 0.202509716153145 0.202944844961166 0.202666252851486 0.202112078666687 0.201906695961952 0.201762869954109 0.201764151453972 0.201764523983002 0.201730862259865 0.20169360935688 0.201644644141197 0.201575845479965 0.201472401618958 0.201310366392136 0.201088026165962 0.200865417718887 0.200642630457878 0.200506046414375 0.200398176908493 0.20040737092495 0.200433298945427 0.200539901852608 0.200646087527275 0.20074962079525 0.200861424207687 0.200996279716492 0.201135978102684 0.201283127069473 0.201413080096245 0.201527267694473
-9999 -9999 -9999 -9999 -9999 -9999 0.200602427124977 0.200571238994598 0.200227499008179 0.19984233379364 0.199424773454666 0.200265094637871 0.2008997797966 0.201127588748932 0.201396003365517 0.201711267232895 0.201947867870331 0.202130451798439 0.201944023370743 0.201615110039711 0.201507195830345 0.201438277959824 0.201462000608444 0.201482117176056 0.201455146074295 0.201419964432716 0.201358199119568 0.201281383633614 0.201178312301636 0.201033815741539 0.200846686959267 0.200655817985535 0.20046266913414 0.200325965881348 0.200208097696304 0.200172409415245 0.200148567557335 0.200192973017693 0.200240239500999 0.200305730104446 0.200383231043816 0.20049412548542 0.200608178973198 0.200727090239525 0.200826853513718 0.200909033417702
-9999 -9999 -9999 -9999 0.203122466802597 0.201459214091301 0.200625255703926 0.200610801577568 0.200571238994598 0.19988377392292 0.199489519000053 0.200217485427856 0.200808823108673 0.201129779219627 0.201339274644852 0.201420187950134 0.201432272791862 0.201397076249123 0.201309934258461 0.201202720403671 0.20117050409317 0.201151505112648 0.201177552342415 0.201199561357498 0.201179802417755 0.201147764921188 0.201075866818428 0.200994551181793 0.200896754860878 0.200774371623993 0.20062667131424 0.200471892952919 0.200312808156013 0.200179547071457 0.200054913759232 0.199975803494453 0.199903398752213 0.199885815382004 0.199874028563499 0.199899107217789 0.199939623475075 0.200023055076599 0.200109854340553 0.200201854109764 0.20027282834053 0.200324505567551
-9999 -9999 -9999 -9999 0.206902131438255 0.203503295779228 0.202293157577515 0.200625255703926 0.20063591003418 0.200771450996399 0.200923681259155 0.201139807701111 0.201331228017807 0.201473742723465 0.201536014676094 0.201505705714226 0.201424077153206 0.201307237148285 0.201187044382095 0.201065570116043 0.201000735163689 0.200945898890495 0.200941815972328 0.200937733054161 0.200924456119537 0.200902178883553 0.200850695371628 0.200791895389557 0.200720325112343 0.20062755048275 0.200512960553169 0.200393185019493 0.200270265340805 0.200164407491684 0.200064226984978 0.199976816773415 0.199891343712807 0.199828118085861 0.199768453836441 0.199731409549713 0.199711129069328 0.19973748922348 0.199775412678719 0.19983121752739 0.19987878203392 0.199918791651726
-9999 -9999 -9999 -9999 -9999 0.206902131438255 0.204192608594894 0.203961074352264 0.201166033744812 0.201898396015167 0.202434971928596 0.202222123742104 0.202060118317604 0.201998725533485 0.201879814267159 0.201694533228874 0.20148503780365 0.201258912682533 0.201080963015556 0.200921609997749 0.200819969177246 0.200728520750999 0.200700059533119 0.200675427913666 0.20067135989666 0.200661167502403 0.200631096959114 0.200594916939735 0.200548022985458 0.200483113527298 0.200399681925774 0.200312614440918 0.200223341584206 0.200140133500099 0.200058951973915 0.199960753321648 0.199860140681267 0.199751302599907 0.199643522500992 0.199542582035065 0.19945926964283 0.199425011873245 0.199412420392036 0.199433341622353 0.19945815205574 0.199486538767815
-9999 -9999 -9999 -9999 -9999 0.20679122209549 0.206902131438255 0.205281972885132 0.203737050294876 0.204074531793594 0.204284429550171 0.204005971550941 0.203694403171539 0.203317359089851 0.202868402004242 0.202336475253105 0.201849207282066 0.201392620801926 0.201048523187637 0.200747862458229 0.200590997934341 0.200459495186806 0.200431898236275 0.20041112601757 0.200428158044815 0.20044019818306 0.200436040759087 0.200422838330269 0.200393825769424 0.200349137187004 0.200288310647011 0.200223848223686 0.200157180428505 0.200075894594193 0.19998973608017 0.199869826436043 0.199745029211044 0.199590638279915 0.199433773756027 0.199261143803596 0.199104949831963 0.198994532227516 0.198924243450165 0.198915988206863 0.198920920491219 0.198937952518463
-9999 -9999 0.206291526556015 0.206409722566605 0.206606715917587 0.206680193543434 0.20679135620594 0.206909343600273 0.207008957862854 0.206889107823372 0.206655591726303 0.205987051129341 0.20529879629612 0.204571545124054 0.203739315271378 0.202785953879356 0.201971963047981 0.201253682374954 0.200748011469841 0.200324445962906 0.20013439655304 0.199985578656197 0.199981078505516 0.199987754225731 0.200061321258545 0.200129300355911 0.200179144740105 0.200211316347122 0.200212642550468 0.20019493997097 0.200157687067986 0.200104430317879 0.200041443109512 0.199938520789146 0.199822261929512 0.199662163853645 0.199495762586594 0.199296355247498 0.199093922972679 0.198872268199921 0.198670476675034 0.198523968458176 0.198429077863693 0.198413968086243 0.198415666818619 0.198432773351669
-9999.000000000000000 -9999 -9999 -9999 0.205942273139954 0.20653323829174 0.206465527415276 0.209205403923988 0.211810126900673 0.211096659302711 0.210165053606033 0.208398476243019 0.206837952136993 0.205685123801231 0.204353496432304 0.202815562486649 0.201568007469177 0.200519874691963 0.199862614274025 0.199356287717819 0.199181213974953 0.199064612388611 0.199131682515144 0.199217364192009 0.199424728751183 0.19962215423584 0.199787333607674 0.199913769960403 0.199972569942474 0.199996665120125 0.199985042214394 0.199918136000633 0.199817538261414 0.199641570448875 0.199440464377403 0.199199840426445 0.198953777551651 0.198710471391678 0.198470175266266 0.198248967528343 0.19806107878685 0.197965949773788 0.197918698191643 0.197945430874825 0.19798019528389 0.198022305965424
-9999 -9999 -9999 -9999 0.204915255308151 0.204613372683525 0.205221906304359 0.210350409150124 0.215248942375183 0.214660972356796 0.213654354214668 0.211045324802399 0.208627745509148 0.206588938832283 0.20453967154026 0.202478334307671 0.200940728187561 0.199762761592865 0.1990896910429 0.198611557483673 0.198460966348648 0.198368161916733 0.198447749018669 0.198550134897232 0.198810994625092 0.199074074625969 0.199344426393509 0.199559792876244 0.199679210782051 0.19973549246788 0.199726819992065 0.199624046683311 0.199463963508606 0.199216693639755 0.198940351605415 0.198661953210831 0.198383539915085 0.198139876127243 0.197903469204903 0.197713375091553 0.197560012340546 0.197508901357651 0.197498098015785 0.197549611330032 0.197606712579727 0.197668954730034
-9999 -9999 -9999 -9999 0.204106271266937 0.203599169850349 0.202973008155823 0.210047245025635 0.216973841190338 0.217416033148766 0.21711827814579 0.213988348841667 0.210732832551003 0.207228824496269 0.204187363386154 0.201679617166519 0.200032472610474 0.19897635281086 0.198458269238472 0.198147937655449 0.198033764958382 0.197954192757607 0.197972014546394 0.198012694716454 0.198226004838943 0.198474541306496 0.198837220668793 0.199134811758995 0.199318781495094 0.199395194649696 0.199360936880112 0.199194371700287 0.198947235941887 0.198630854487419 0.198291376233101 0.1980289965868 0.197777733206749 0.197588473558426 0.19740854203701 0.197288140654564 0.19719523191452 0.197178885340691 0.197190478444099 0.197245255112648 0.197311222553253 0.197387456893921
-9999 -9999 -9999 -9999 0.203599169850349 0.202841192483902 0.201951414346695 0.209877923130989 0.217643424868584 0.218628406524658 0.218721747398376 0.215402215719223 0.211695283651352 0.207221761345863 0.203626349568367 0.201044127345085 0.199448868632317 0.19853138923645 0.198097109794617 0.19784939289093 0.197748884558678 0.197674348950386 0.197667434811592 0.197679951786995 0.197841987013817 0.198053821921349 0.19842717051506 0.198735058307648 0.198928758502007 0.198990881443024 0.198917627334595 0.198712438344955 0.19842691719532 0.198118582367897 0.197802662849426 0.197582423686981 0.197375819087029 0.197228372097015 0.19709025323391 0.197011515498161 0.196951195597649 0.196942180395126 0.196953043341637 0.196994572877884 0.19705231487751 0.197124913334846
-9999 -9999 -9999 -9999 0.202797263860703 0.201951414346695 0.209433510899544 0.209808960556984 0.217521503567696 0.218683764338493 0.21892985701561 0.215669214725494 0.211800709366798 0.206729456782341 0.202908784151077 0.200531080365181 0.199108734726906 0.198342502117157 0.197938621044159 0.197674661874771 0.197570741176605 0.197495073080063 0.197491213679314 0.197500735521317 0.197608679533005 0.197767242789268 0.198089972138405 0.198354244232178 0.19851653277874 0.198538556694984 0.198416247963905 0.198191314935684 0.197903901338577 0.197661519050598 0.197434157133102 0.197275623679161 0.197126835584641 0.197011783719063 0.196904450654984 0.196846336126328 0.196797713637352 0.196775481104851 0.196768239140511 0.196784153580666 0.196820840239525 0.19687657058239
-9999 -9999 -9999 -9999 0.201951414346695 0.210035219788551 0.213731899857521 0.216095745563507 0.216401770710945 0.217955067753792 0.218454942107201 0.214922800660133 0.210936442017555 0.206051304936409 0.202424690127373 0.200250223278999 0.198945015668869 0.198236763477325 0.19783852994442 0.197559997439384 0.197469308972359 0.197411760687828 0.197409451007843 0.197417020797729 0.197496667504311 0.19761660695076 0.197867199778557 0.198067724704742 0.198180884122849 0.198166951537132 0.198022231459618 0.197817027568817 0.197574958205223 0.197392538189888 0.197230026125908 0.197108805179596 0.196993470191956 0.196903705596924 0.196819216012955 0.196768432855606 0.196723401546478 0.196694388985634 0.196677461266518 0.196679204702377 0.196697309613228 0.196730449795723
-9999 -9999 -9999 -9999 -9999 0.214278325438499 0.215024039149284 0.215290993452072 0.214854389429092 0.216890320181847 0.217687293887138 0.213742062449455 0.209656551480293 0.205293491482735 0.202040672302246 0.200068905949593 0.198856890201569 0.198166653513908 0.197763457894325 0.197471097111702 0.197400748729706 0.197369575500488 0.197368174791336 0.19737420976162 0.197436645627022 0.19752424955368 0.197693467140198 0.197821602225304 0.197878047823906 0.197829931974411 0.197674244642258 0.19750565290451 0.197329193353653 0.197204187512398 0.197096332907677 0.197001978754997 0.196909666061401 0.196842133998871 0.19677709043026 0.19672791659832 0.196683004498482 0.196649983525276 0.196626976132393 0.19661945104599 0.196620061993599 0.196628123521805
-9999 -9999 -9999 -9999 -9999 0.214113190770149 0.214079022407532 0.213685378432274 0.21387605369091 0.21574130654335 0.216381326317787 0.212331667542458 0.20840185880661 0.204709187150002 0.201864704489708 0.199998870491982 0.198824971914291 0.198126256465912 0.197723999619484 0.197436213493347 0.197371318936348 0.197345763444901 0.197353675961494 0.197366535663605 0.197414547204971 0.197477892041206 0.197590991854668 0.197666272521019 0.197675570845604 0.197609692811966 0.197466462850571 0.197330951690674 0.197200119495392 0.197104051709175 0.197019577026367 0.19694459438324 0.196870982646942 0.196807503700256 0.196746066212654 0.196697667241096 0.196654319763184 0.196624994277954 0.196605280041695 0.196600407361984 0.196601748466492 0.196608781814575
-9999 -9999 -9999 -9999 -9999 0.213414177298546 0.213236510753632 0.213260695338249 0.213015466928482 0.214574858546257 0.214963987469673 0.210873767733574 0.207152366638184 0.204160794615746 0.201731771230698 0.199951857328415 0.198804676532745 0.198092013597488 0.197691917419434 0.197412505745888 0.19734999537468 0.197325751185417 0.197344705462456 0.197366133332253 0.197400286793709 0.197441056370735 0.197503268718719 0.197529733181 0.197493866086006 0.197413608431816 0.197287693619728 0.197184517979622 0.197095200419426 0.197022169828415 0.196954593062401 0.196897432208061 0.196841657161713 0.196778446435928 0.196717321872711 0.196669563651085 0.19662806391716 0.196604013442993 0.196589514613152 0.196589797735214 0.196595638990402 0.196606621146202
-9999 -9999 -9999 -9999 -9999 -9999 0.212926998734474 0.212763443589211 0.212823241949081 0.213597536087036 0.213456556200981 0.209812268614769 0.206496715545654 0.203831687569618 0.201604187488556 0.199881553649902 0.198760986328125 0.198053881525993 0.197672188282013 0.197416126728058 0.197351932525635 0.197321593761444 0.197345867753029 0.197370812296867 0.197391420602798 0.197413191199303 0.197438716888428 0.197438359260559 0.197392836213112 0.197322845458984 0.197227671742439 0.197143912315369 0.197067111730576 0.196999415755272 0.196934759616852 0.196870818734169 0.196806967258453 0.196740433573723 0.196677416563034 0.196636840701103 0.19660259783268 0.196586042642593 0.196582272648811 0.196598276495934 0.196619898080826 0.196646645665169
-9999 -9999 -9999 -9999 -9999 -9999 0.2127875238657 0.212756842374802 0.212685689330101 0.212676703929901 0.212007820606232 0.208813056349754 0.205891773104668 0.203511640429497 0.20146282017231 0.199796319007874 0.198705449700356 0.198009878396988 0.197650328278542 0.19742052257061 0.197355180978775 0.197318837046623 0.19734799861908 0.197376161813736 0.197383999824524 0.197388082742691 0.197379991412163 0.197356134653091 0.197304770350456 0.197246178984642 0.19718012213707 0.197113573551178 0.19704669713974 0.196981549263 0.196916982531548 0.196844801306725 0.196771591901779 0.19670233130455 0.196638002991676 0.196605160832405 0.196578934788704 0.196571186184883 0.196579366922379 0.196612194180489 0.196649387478828 0.196690589189529
-9999 -9999 -9999 -9999 -9999 -9999 0.212289303541183 0.212842300534248 0.212812006473541 0.212268114089966 0.211228087544441 0.208288997411728 0.205544114112854 0.203183487057686 0.201171875 0.199562966823578 0.198534563183784 0.197904840111732 0.197599872946739 0.197420328855515 0.197361320257187 0.197323590517044 0.1973557472229 0.197386190295219 0.197389468550682 0.197388216853142 0.197372272610664 0.197349935770035 0.197316467761993 0.197269648313522 0.197209075093269 0.197142198681831 0.197071492671967 0.196987748146057 0.196899637579918 0.196815267205238 0.196731567382812 0.196667551994324 0.196609199047089 0.196586817502975 0.196574077010155 0.196588143706322 0.196618750691414 0.196674928069115 0.196720361709595 0.196755960583687
-9999 -9999 -9999 -9999 -9999 0.209739089012146 0.211140811443329 0.2112687677145 0.212681591510773 0.211779728531837 0.210490137338638 0.207716539502144 0.205092519521713 0.202764481306076 0.200808256864548 0.199281021952629 0.19832643866539 0.197765111923218 0.197524636983871 0.197408065199852 0.197361633181572 0.197327584028244 0.197365328669548 0.197400733828545 0.1974036693573 0.19740042090416 0.197377219796181 0.197355270385742 0.197335541248322 0.197296947240829 0.197238966822624 0.197167292237282 0.19708725810051 0.196984767913818 0.196874797344208 0.196781948208809 0.196691706776619 0.196634814143181 0.196584314107895 0.196574464440346 0.19657589495182 0.196608707308769 0.196657449007034 0.196730807423592 0.196780696511269 0.196809068322182
-9999 -9999 -9999 -9999 0.204324200749397 0.207727238535881 0.209739089012146 0.210713103413582 0.211609810590744 0.210998699069023 0.209905415773392 0.206966578960419 0.204259812831879 0.202012285590172 0.200178146362305 0.198820993304253 0.197981730103493 0.19749815762043 0.197358474135399 0.197351589798927 0.197340607643127 0.197328895330429 0.197381615638733 0.19743187725544 0.197449892759323 0.19745697081089 0.197428613901138 0.197402849793434 0.197381630539894 0.197338357567787 0.197272419929504 0.197179391980171 0.197069883346558 0.196948185563087 0.196822419762611 0.19673465192318 0.196652427315712 0.196609511971474 0.196573808789253 0.196584030985832 0.196602180600166 0.196642458438873 0.196693599224091 0.196761578321457 0.196802049875259 0.196817263960838
