Ecospace-environmental-drivers/Outputs/ASCII-for-ecospace/MOM6-ISIMIP3a/o2/1996-12_o2_MOM6-ISIMIP3a.asc
NCOLS 131 
NROWS 53 
XLLCORNER -98 
YLLCORNER 23.9265270233154 
CELLSIZE 0.133587792515755 
NODATA_value -9999 
[rows 21 to 41 of 53, columns 0 to 45 of 131]
-9999 -9999 -9999 -9999 -9999 -9999 0.231732472777367 0.2315653860569 0.231100752949715 0.23051506280899 0.231081306934357 0.233444228768349 0.23286572098732 0.231142491102219 0.2295251339674 0.228029936552048 0.226491034030914 0.224922105669975 0.223328962922096 0.221726477146149 0.22034877538681 0.21901074051857 0.218537241220474 0.218129724264145 0.218114301562309 0.218021810054779 0.217679381370544 0.217345997691154 0.217028364539146 0.216570690274239 0.215968906879425 0.215538859367371 0.215213432908058 0.214990898966789 0.214802667498589 0.214932218194008 0.215108275413513 0.215643212199211 0.216167896986008 0.216627329587936 0.217049285769463 0.217366993427277 0.217650756239891 0.217882111668587 0.218281805515289 0.218836009502411
-9999 -9999 -9999 -9999 -9999 -9999 0.231736570596695 0.231732472777367 0.231398284435272 0.230757191777229 0.23051506280899 0.22928461432457 0.227694317698479 0.22539196908474 0.223533004522324 0.222185656428337 0.220759153366089 0.219278290867805 0.218025416135788 0.216860577464104 0.215922862291336 0.21502523124218 0.21510848402977 0.21523754298687 0.215569347143173 0.215754553675652 0.215464383363724 0.215208724141121 0.215013295412064 0.214665919542313 0.214162170886993 0.213801234960556 0.213527292013168 0.213585942983627 0.21375547349453 0.214220106601715 0.214726760983467 0.215402111411095 0.21606057882309 0.216611504554749 0.217145889997482 0.217634215950966 0.218022510409355 0.218256175518036 0.218580797314644 0.218988865613937
-9999 -9999 -9999 -9999 0.232237532734871 0.231865391135216 0.231784984469414 0.231692239642143 0.231732472777367 0.231064110994339 0.22971710562706 0.225772544741631 0.222260117530823 0.219602763652802 0.217616707086563 0.21640519797802 0.215086594223976 0.21369443833828 0.212795943021774 0.212088048458099 0.211629197001457 0.211214289069176 0.211890146136284 0.212587222456932 0.213262334465981 0.213726088404655 0.213504523038864 0.213335275650024 0.213257357478142 0.213019818067551 0.212618052959442 0.212339222431183 0.212135285139084 0.212498366832733 0.213050454854965 0.213845178484917 0.214673057198524 0.215446382761002 0.21619601547718 0.216794744133949 0.217400327324867 0.218024984002113 0.218495190143585 0.218726679682732 0.218967854976654 0.21921794116497
-9999 -9999 -9999 -9999 0.233128860592842 0.232170909643173 0.231945797801018 0.231784984469414 0.231559246778488 0.228686168789864 0.225541397929192 0.221356719732285 0.217819660902023 0.215564042329788 0.213974490761757 0.213153466582298 0.212226733565331 0.211227402091026 0.210654854774475 0.210247129201889 0.21015776693821 0.210124596953392 0.211250498890877 0.212328642606735 0.212797462940216 0.213176846504211 0.213266238570213 0.213324621319771 0.213328868150711 0.213203653693199 0.212945222854614 0.212835222482681 0.212815642356873 0.213415682315826 0.214222252368927 0.215079352259636 0.215941533446312 0.216540470719337 0.217096984386444 0.2173832654953 0.21765348315239 0.217878967523575 0.218101352453232 0.218318924307823 0.218604147434235 0.21895144879818
-9999 -9999 -9999 -9999 -9999 0.233128860592842 0.231823995709419 0.232106611132622 0.230746790766716 0.226059138774872 0.221468478441238 0.217249065637589 0.21388503909111 0.212213575839996 0.21109938621521 0.21062821149826 0.210040107369423 0.209371730685234 0.209059789776802 0.208885475993156 0.209088981151581 0.209359139204025 0.210801124572754 0.21214447915554 0.212452158331871 0.212774842977524 0.213146194815636 0.213408052921295 0.213478818535805 0.213448747992516 0.213314905762672 0.213350027799606 0.213488057255745 0.214239314198494 0.215194955468178 0.216072022914886 0.216935157775879 0.217372953891754 0.217760369181633 0.217826932668686 0.217848882079124 0.217746704816818 0.217746138572693 0.217902600765228 0.21816374361515 0.218520954251289
-9999 -9999 -9999 -9999 -9999 0.232304438948631 0.233128860592842 0.230275526642799 0.227131530642509 0.222339928150177 0.217846214771271 0.214492633938789 0.212168380618095 0.211880907416344 0.211587831377983 0.211288288235664 0.210805475711823 0.210196807980537 0.209858804941177 0.209625318646431 0.209785625338554 0.210015431046486 0.211186051368713 0.212286561727524 0.212631076574326 0.213018402457237 0.213544577360153 0.213904097676277 0.213972762227058 0.213962495326996 0.213870987296104 0.213947236537933 0.214125648140907 0.21465215086937 0.215294674038887 0.21600578725338 0.216723620891571 0.217058345675468 0.217382028698921 0.217635437846184 0.217791125178337 0.217674806714058 0.217560306191444 0.217448607087135 0.217386990785599 0.217371359467506
-9999 -9999 0.230603158473969 0.230778619647026 0.230932891368866 0.231479048728943 0.23230542242527 0.228054612874985 0.223522588610649 0.218826353549957 0.214611127972603 0.212236985564232 0.210902854800224 0.211626619100571 0.211971119046211 0.211878001689911 0.211556926369667 0.211079299449921 0.210781678557396 0.210553571581841 0.210637852549553 0.210777252912521 0.211669579148293 0.212517768144608 0.212860718369484 0.213274002075195 0.213915303349495 0.214351907372475 0.214431285858154 0.214460432529449 0.214437916874886 0.214568078517914 0.214791223406792 0.2151258289814 0.215497598052025 0.216008588671684 0.216536790132523 0.216783881187439 0.217043995857239 0.217387020587921 0.217610999941826 0.217503532767296 0.217325359582901 0.21703790128231 0.216761693358421 0.216495826840401
-9999.000000000000000 -9999 -9999 -9999 0.229923918843269 0.230386719107628 0.229883298277855 0.224983125925064 0.219927415251732 0.215761452913284 0.212220877408981 0.211073979735374 0.210621580481529 0.211543366312981 0.21212500333786 0.212314173579216 0.212278008460999 0.212087109684944 0.211974829435349 0.211892917752266 0.211829513311386 0.211769372224808 0.212368220090866 0.212943404912949 0.21320104598999 0.213555857539177 0.214225694537163 0.214694499969482 0.214812517166138 0.214923918247223 0.215028509497643 0.215240478515625 0.215517833828926 0.215732246637344 0.215925678610802 0.216161996126175 0.216403886675835 0.216597065329552 0.216793954372406 0.217014446854591 0.217163875699043 0.217115461826324 0.216983288526535 0.216721668839455 0.216466829180717 0.216218233108521
-9999 -9999 -9999 -9999 0.22861784696579 0.227905973792076 0.228113055229187 0.22296567261219 0.217662274837494 0.21383410692215 0.210714936256409 0.210309445858002 0.210402607917786 0.211482405662537 0.212237030267715 0.212616428732872 0.21281798183918 0.212897390127182 0.212972745299339 0.213046535849571 0.212926179170609 0.2127715498209 0.213119506835938 0.213457256555557 0.213618382811546 0.213882967829704 0.214483022689819 0.214919552206993 0.215070769190788 0.215237736701965 0.21542090177536 0.215692669153214 0.21601839363575 0.216196835041046 0.216326162219048 0.216416656970978 0.216502100229263 0.216633826494217 0.216758295893669 0.216836541891098 0.216888651251793 0.216867953538895 0.216768801212311 0.216548383235931 0.216329857707024 0.216113075613976
-9999 -9999 -9999 -9999 0.22773340344429 0.227560847997665 0.227347776293755 0.222274273633957 0.217070430517197 0.213337913155556 0.21032153069973 0.210046201944351 0.210261985659599 0.211449503898621 0.212296381592751 0.212750226259232 0.213130086660385 0.21345916390419 0.213725045323372 0.213966518640518 0.213903337717056 0.213786378502846 0.213936984539032 0.214082106947899 0.214132592082024 0.214267015457153 0.214673593640327 0.214996740221977 0.215174332261086 0.215363278985023 0.215563952922821 0.215867817401886 0.216234564781189 0.216482982039452 0.216691955924034 0.216798692941666 0.216891095042229 0.216951876878738 0.216992378234863 0.216903567314148 0.216829687356949 0.216797322034836 0.216714844107628 0.216554939746857 0.216391518712044 0.216224849224091
-9999 -9999 -9999 -9999 0.227560847997665 0.227302923798561 0.227000147104263 0.222342506051064 0.21753391623497 0.213830038905144 0.21077387034893 0.210196927189827 0.210210561752319 0.211392775177956 0.212244912981987 0.212716221809387 0.213173359632492 0.213620737195015 0.214014023542404 0.214386403560638 0.214500427246094 0.214568868279457 0.214628472924232 0.214677572250366 0.214640751481056 0.214668110013008 0.214903593063354 0.21510411798954 0.215243637561798 0.215409070253372 0.215601176023483 0.215900853276253 0.21626603603363 0.216557025909424 0.216823279857635 0.216957211494446 0.21707221865654 0.217095673084259 0.217091366648674 0.216910198330879 0.216759368777275 0.216692939400673 0.216605708003044 0.216486319899559 0.21635913848877 0.216224774718285
-9999 -9999 -9999 -9999 0.227287977933884 0.227000147104263 0.223186016082764 0.222980439662933 0.218788892030716 0.215063378214836 0.211860522627831 0.210658133029938 0.2102260440588 0.211318165063858 0.212110340595245 0.212556391954422 0.213014990091324 0.213482186198235 0.213955506682396 0.214431211352348 0.214812487363815 0.215177088975906 0.215225428342819 0.215250998735428 0.215144366025925 0.215082004666328 0.21516315639019 0.215234115719795 0.215287253260612 0.215395048260689 0.215559050440788 0.215827286243439 0.216159000992775 0.216471999883652 0.216778755187988 0.216948091983795 0.217097446322441 0.217108771204948 0.217089042067528 0.216871529817581 0.216680511832237 0.216563254594803 0.216455191373825 0.216361328959465 0.216256231069565 0.216140806674957
-9999 -9999 -9999 -9999 0.227000147104263 0.223209619522095 0.221473649144173 0.220420956611633 0.22000578045845 0.216463670134544 0.213255152106285 0.211323410272598 0.210339844226837 0.211232408881187 0.211891368031502 0.212280809879303 0.212683409452438 0.213095039129257 0.213536441326141 0.213989347219467 0.214501544833183 0.215024217963219 0.215240597724915 0.215428426861763 0.215434268116951 0.215441718697548 0.215454459190369 0.21545934677124 0.215450540184975 0.215499401092529 0.215607583522797 0.215823277831078 0.216104447841644 0.21638423204422 0.216663539409637 0.216800302267075 0.21691632270813 0.216888412833214 0.216839328408241 0.21665532886982 0.216489762067795 0.216375485062599 0.216286912560463 0.216238021850586 0.216185182332993 0.216128677129745
-9999 -9999 -9999 -9999 -9999 0.221490561962128 0.221178665757179 0.221019566059113 0.221206337213516 0.217935517430305 0.214781776070595 0.212076157331467 0.21049576997757 0.211141854524612 0.211636245250702 0.211955606937408 0.212277591228485 0.212601363658905 0.212962850928307 0.213338896632195 0.213923618197441 0.214545175433159 0.215006411075592 0.215436145663261 0.215632557868958 0.215778216719627 0.215759351849556 0.215725407004356 0.215665116906166 0.215654507279396 0.215694978833199 0.215849071741104 0.216072395443916 0.216295287013054 0.216518044471741 0.216593086719513 0.216646775603294 0.216568008065224 0.216483563184738 0.216363042593002 0.216251060366631 0.216162830591202 0.216111019253731 0.216115444898605 0.216127783060074 0.216147348284721
-9999 -9999 -9999 -9999 -9999 0.221719160676003 0.221819385886192 0.222095459699631 0.221817314624786 0.218604862689972 0.215443044900894 0.212475061416626 0.21067102253437 0.211170077323914 0.21156233549118 0.211831346154213 0.212035328149796 0.212194636464119 0.212368503212929 0.212547987699509 0.212989613413811 0.21347750723362 0.213970273733139 0.214458495378494 0.214907869696617 0.215292274951935 0.215466067194939 0.215598940849304 0.215660408139229 0.2156992405653 0.215714767575264 0.215811669826508 0.215958148241043 0.216101422905922 0.216243624687195 0.216279923915863 0.21630097925663 0.216239467263222 0.216182470321655 0.21615432202816 0.216126725077629 0.216100677847862 0.216103568673134 0.216151162981987 0.216212779283524 0.216287285089493
-9999 -9999 -9999 -9999 -9999 0.221882835030556 0.222159445285797 0.222343116998672 0.222306296229362 0.219108179211617 0.215925291180611 0.21280075609684 0.210850268602371 0.211222887039185 0.211525917053223 0.211748674511909 0.211826905608177 0.211805909872055 0.211769878864288 0.211728021502495 0.211981937289238 0.212288036942482 0.212768211960793 0.213276967406273 0.213992223143578 0.21463617682457 0.215049013495445 0.215391248464584 0.215610325336456 0.215721145272255 0.215720564126968 0.215761199593544 0.215826913714409 0.215885847806931 0.215942531824112 0.215944826602936 0.215939417481422 0.215909242630005 0.215892672538757 0.215962871909142 0.216026052832603 0.216069668531418 0.216130971908569 0.216219618916512 0.216327250003815 0.216452300548553
-9999 -9999 -9999 -9999 -9999 -9999 0.221669688820839 0.222039774060249 0.221760332584381 0.218280285596848 0.214986205101013 0.212403923273087 0.21082729101181 0.211240530014038 0.21154111623764 0.211711749434471 0.211703523993492 0.211572468280792 0.211415991187096 0.211249694228172 0.211323648691177 0.21144001185894 0.211745992302895 0.212088480591774 0.212700471282005 0.213295474648476 0.213835388422012 0.214328736066818 0.214740827679634 0.215055406093597 0.215269610285759 0.215418919920921 0.215528666973114 0.21557728946209 0.215605527162552 0.215642064809799 0.215679988265038 0.215750232338905 0.215821593999863 0.215899989008904 0.215962275862694 0.215979740023613 0.216018870472908 0.216091468930244 0.216186374425888 0.216301739215851
-9999 -9999 -9999 -9999 -9999 -9999 0.220799639821053 0.220626190304756 0.221069499850273 0.217339053750038 0.213968321681023 0.211974397301674 0.210803374648094 0.21126064658165 0.211557522416115 0.211669325828552 0.211575284600258 0.211339846253395 0.211075037717819 0.210798859596252 0.210707202553749 0.210648089647293 0.210782051086426 0.210957869887352 0.211447387933731 0.211973622441292 0.212618976831436 0.213243588805199 0.213832035660744 0.214344039559364 0.214777380228043 0.215045601129532 0.215213254094124 0.215262845158577 0.215273067355156 0.215347811579704 0.215432062745094 0.215600907802582 0.215757414698601 0.215835303068161 0.215889617800713 0.215878322720528 0.215893045067787 0.215947955846786 0.216026842594147 0.216127693653107
-9999 -9999 -9999 -9999 -9999 -9999 0.219881013035774 0.219732955098152 0.219327762722969 0.215824723243713 0.212788850069046 0.211541071534157 0.210865959525108 0.21132405102253 0.211562186479568 0.211546555161476 0.211354732513428 0.211041912436485 0.210755079984665 0.210478276014328 0.210370048880577 0.210291564464569 0.210353597998619 0.210447981953621 0.210786297917366 0.211180031299591 0.211753383278847 0.212325513362885 0.212895527482033 0.213474556803703 0.214062884449959 0.214480668306351 0.214794561266899 0.214930057525635 0.215006098151207 0.215128645300865 0.215258240699768 0.215473011136055 0.215662404894829 0.215690121054649 0.215704634785652 0.21568238735199 0.215687423944473 0.215734586119652 0.215790376067162 0.215854093432426
-9999 -9999 -9999 -9999 -9999 0.220735788345337 0.219554960727692 0.219283908605576 0.21762128174305 0.214383378624916 0.211700916290283 0.211144477128983 0.21092477440834 0.21137136220932 0.211539760231972 0.211387142539024 0.211100399494171 0.210721552371979 0.210423395037651 0.210156410932541 0.210042670369148 0.209955960512161 0.209963575005531 0.209994062781334 0.210197910666466 0.21047106385231 0.210968866944313 0.211487740278244 0.212043404579163 0.212675735354424 0.213386952877045 0.21393708884716 0.214389070868492 0.214610010385513 0.214753925800323 0.214917734265327 0.215084910392761 0.21533539891243 0.215549796819687 0.215534240007401 0.215514346957207 0.215482369065285 0.215478166937828 0.215516865253448 0.215548858046532 0.215574696660042
-9999 -9999 -9999 -9999 0.222772240638733 0.221138536930084 0.220735788345337 0.218467190861702 0.21604411303997 0.213209599256516 0.210948586463928 0.210882604122162 0.21096970140934 0.211359724402428 0.211417973041534 0.211093410849571 0.210722208023071 0.210318937897682 0.210048690438271 0.209829807281494 0.209751084446907 0.209697112441063 0.209714502096176 0.209745407104492 0.20987606048584 0.210072383284569 0.210481613874435 0.210944429039955 0.211500734090805 0.212135970592499 0.21285243332386 0.213471800088882 0.214031994342804 0.214336588978767 0.214555993676186 0.214737072587013 0.214913383126259 0.215162202715874 0.215372711420059 0.215339168906212 0.215304642915726 0.215267360210419 0.215255588293076 0.215283274650574 0.215288802981377 0.215274035930634
