Ecospace-environmental-drivers/Outputs/ASCII-for-ecospace/MOM6-ISIMIP3a/o2/1996-07_o2_MOM6-ISIMIP3a.asc
NCOLS 131 
NROWS 53 
XLLCORNER -98 
YLLCORNER 23.9265270233154 
CELLSIZE 0.133587792515755 
NODATA_value -9999 
[rows 21 to 41 of 53, columns 46 to 91 of 131]
0.200181692838669 0.200145557522774 0.200128048658371 0.200115844607353 0.200134843587875 0.200156629085541 0.200167134404182 0.200175613164902 0.200173750519753 0.200178056955338 0.200197264552116 0.200209245085716 0.200211316347122 0.200226306915283 0.200251862406731 0.200297355651855 0.200352281332016 0.200347691774368 0.20032887160778 0.200308248400688 0.200299248099327 0.200461313128471 0.200664937496185 0.201042503118515 0.201437532901764 0.201869398355484 0.20218750834465 0.202366560697556 0.202391028404236 0.202302902936935 0.202103301882744 0.201857537031174 0.202126637101173 0.202496930956841 0.20323534309864 0.203935101628304 0.204124093055725 0.204170525074005 0.203715682029724 0.203244045376778 0.202741250395775 0.202357038855553 0.202102020382881 0.201985239982605 0.201957911252975 0.201996132731438
0.199666395783424 0.199656143784523 0.199655145406723 0.199656784534454 0.199680030345917 0.199705317616463 0.199725762009621 0.19974547624588 0.199761509895325 0.199779137969017 0.199800625443459 0.1998161226511 0.19982336461544 0.199824288487434 0.199820026755333 0.199806675314903 0.199789002537727 0.199736252427101 0.199675127863884 0.199621289968491 0.199576586484909 0.199657410383224 0.199773147702217 0.200035020709038 0.20035246014595 0.200787171721458 0.201151639223099 0.20143024623394 0.201582878828049 0.201643779873848 0.201636373996735 0.201600670814514 0.202000632882118 0.202486246824265 0.203132167458534 0.203727319836617 0.203768491744995 0.203694939613342 0.203217968344688 0.202738925814629 0.202256038784981 0.201903358101845 0.201692551374435 0.201641112565994 0.201692804694176 0.20180307328701
0.199146017432213 0.199165433645248 0.199188485741615 0.199212551116943 0.199247285723686 0.199283063411713 0.199317574501038 0.199351608753204 0.199383154511452 0.199412003159523 0.199434369802475 0.199449971318245 0.19945627450943 0.199441522359848 0.199409529566765 0.199348822236061 0.199274495244026 0.199187234044075 0.199096858501434 0.199027821421623 0.198965772986412 0.198984235525131 0.199027389287949 0.199173882603645 0.199409037828445 0.199831366539001 0.200227692723274 0.200592279434204 0.20085646212101 0.201047495007515 0.201218068599701 0.20138019323349 0.201894983649254 0.202479109168053 0.203031033277512 0.203522488474846 0.203434810042381 0.20325942337513 0.202775627374649 0.202296540141106 0.201826244592667 0.201496750116348 0.201320677995682 0.201329261064529 0.201457336544991 0.201640740036964
0.198855936527252 0.198906391859055 0.198947429656982 0.198985770344734 0.199024796485901 0.199063584208488 0.199093699455261 0.199122175574303 0.199142262339592 0.199155822396278 0.19915360212326 0.199140548706055 0.199112623929977 0.199067577719688 0.1990085542202 0.198934704065323 0.198853820562363 0.198782786726952 0.198714107275009 0.198686316609383 0.198666378855705 0.19871985912323 0.198794022202492 0.198954746127129 0.199185758829117 0.199565201997757 0.199935838580132 0.200295716524124 0.200581759214401 0.200814038515091 0.201051354408264 0.201290756464005 0.201804473996162 0.202372118830681 0.202861621975899 0.203292399644852 0.203177616000175 0.202988177537918 0.202536284923553 0.20207890868187 0.201611369848251 0.201293095946312 0.201137468218803 0.201200157403946 0.201404109597206 0.201685503125191
0.19862411916256 0.198693513870239 0.198741018772125 0.198782309889793 0.198815315961838 0.198847070336342 0.198867574334145 0.198885649442673 0.198891296982765 0.198887422680855 0.198860555887222 0.198821216821671 0.198764786124229 0.198697090148926 0.198620185256004 0.198541462421417 0.198461875319481 0.198410600423813 0.198366075754166 0.198381125926971 0.198405146598816 0.198500484228134 0.198611587285995 0.198788702487946 0.199018716812134 0.19936041533947 0.199705794453621 0.200055703520775 0.200354069471359 0.200614929199219 0.200901240110397 0.201198115944862 0.201692700386047 0.202226147055626 0.202649593353271 0.203017354011536 0.202880904078484 0.202682137489319 0.202264279127121 0.201833441853523 0.201378509402275 0.201080933213234 0.200954779982567 0.201078534126282 0.201363980770111 0.201742842793465
0.198647886514664 0.198683053255081 0.198686614632607 0.198681190609932 0.198662862181664 0.198643490672112 0.19863161444664 0.198618084192276 0.198596149682999 0.198565468192101 0.198513701558113 0.198458507657051 0.198398619890213 0.198341682553291 0.198287144303322 0.198239803314209 0.198195844888687 0.19817978143692 0.198170363903046 0.198235169053078 0.198311313986778 0.198478430509567 0.198652476072311 0.198855504393578 0.199098199605942 0.199424624443054 0.199746757745743 0.200063675642014 0.200332537293434 0.20056639611721 0.200823947787285 0.201091304421425 0.201487600803375 0.201909244060516 0.20225065946579 0.20254522562027 0.202411010861397 0.202223598957062 0.201849073171616 0.201465964317322 0.201066881418228 0.200831428170204 0.200774267315865 0.200989633798599 0.201381325721741 0.20185524225235
0.198605135083199 0.198599874973297 0.198564112186432 0.198519691824913 0.198467150330544 0.198414579033852 0.198383316397667 0.198351129889488 0.198314264416695 0.198271214962006 0.198213279247284 0.198159322142601 0.198110833764076 0.198073610663414 0.198045566678047 0.198027104139328 0.198013171553612 0.198021858930588 0.198035940527916 0.198141366243362 0.198260828852654 0.198493286967278 0.198725163936615 0.198954552412033 0.199208050966263 0.19951243698597 0.199804738163948 0.200082257390022 0.200310915708542 0.200503990054131 0.200716525316238 0.200937122106552 0.201231807470322 0.201541066169739 0.20180144906044 0.202025204896927 0.20190903544426 0.201747104525566 0.201424285769463 0.201095759868622 0.200756683945656 0.200585290789604 0.200596615672112 0.200901001691818 0.201395019888878 0.201936006546021
0.198417261242867 0.198358029127121 0.198293060064316 0.198226436972618 0.198177069425583 0.198130384087563 0.198108106851578 0.198085501790047 0.198061302304268 0.198037385940552 0.198014169931412 0.197998747229576 0.197994038462639 0.1979960501194 0.198003545403481 0.19800853729248 0.198012322187424 0.198022976517677 0.198035269975662 0.198161348700523 0.198304891586304 0.198588669300079 0.198867216706276 0.199123919010162 0.199384137988091 0.199651762843132 0.199899822473526 0.200123965740204 0.200289130210876 0.200411319732666 0.200543403625488 0.200679570436478 0.200865417718887 0.201061010360718 0.201242491602898 0.201400727033615 0.201337069272995 0.201231479644775 0.20097853243351 0.200719609856606 0.200449585914612 0.20034646987915 0.20042522251606 0.200813010334969 0.201400756835938 0.20194773375988
0.198226287961006 0.198141232132912 0.198068246245384 0.197998717427254 0.197962895035744 0.197931542992592 0.197927847504616 0.197924256324768 0.19792115688324 0.197919845581055 0.197922855615616 0.197932288050652 0.197950482368469 0.197973787784576 0.198001280426979 0.198021292686462 0.19803774356842 0.198047891259193 0.198056533932686 0.198183104395866 0.198328703641891 0.198633417487144 0.198935627937317 0.199227392673492 0.199503019452095 0.199744582176208 0.199952155351639 0.200118184089661 0.200216978788376 0.200266808271408 0.200323730707169 0.200383588671684 0.200491964817047 0.200609877705574 0.200747400522232 0.200870737433434 0.200848340988159 0.200787618756294 0.200592160224915 0.20039039850235 0.200176954269409 0.200125426054001 0.200250342488289 0.200698763132095 0.201356530189514 0.201897278428078
0.198031425476074 0.197955921292305 0.197901651263237 0.197853401303291 0.197844177484512 0.197840094566345 0.197867050766945 0.197894290089607 0.197922915220261 0.197948604822159 0.197967186570168 0.19798418879509 0.1979990452528 0.198021098971367 0.198049023747444 0.198073461651802 0.198096215724945 0.198102757334709 0.198105424642563 0.198207080364227 0.198327049612999 0.198614478111267 0.198911383748055 0.199247971177101 0.199549943208694 0.199778884649277 0.199950680136681 0.200052633881569 0.20008148252964 0.200057089328766 0.200045496225357 0.200039207935333 0.200109645724297 0.200195148587227 0.200332656502724 0.200459599494934 0.200464338064194 0.200434029102325 0.200280472636223 0.200120255351067 0.199947685003281 0.199926763772964 0.200071066617966 0.200551509857178 0.201249450445175 0.20176862180233
0.197908163070679 0.197852939367294 0.197826623916626 0.197808548808098 0.197829991579056 0.197856232523918 0.197902679443359 0.197947070002556 0.197981014847755 0.198008358478546 0.198019787669182 0.198030844330788 0.198041424155235 0.198062807321548 0.198093041777611 0.198121979832649 0.198150306940079 0.198160901665688 0.198167264461517 0.198242902755737 0.198333948850632 0.198579996824265 0.198845490813255 0.199192404747009 0.199501350522041 0.199730157852173 0.199882626533508 0.199941799044609 0.199924200773239 0.19985069334507 0.199795126914978 0.199746996164322 0.199799045920372 0.199870780110359 0.200018063187599 0.200155466794968 0.200168937444687 0.20015075802803 0.200021326541901 0.199886858463287 0.199743002653122 0.199736401438713 0.199879318475723 0.200351148843765 0.201035812497139 0.201538950204849
0.197838619351387 0.19781169295311 0.19782030582428 0.1978390365839 0.19789420068264 0.197953045368195 0.198010608553886 0.198061913251877 0.198081359267235 0.198091372847557 0.198078587651253 0.198073551058769 0.198079153895378 0.198100328445435 0.198134258389473 0.198167771100998 0.198201090097427 0.198221489787102 0.19823881983757 0.198287606239319 0.198347270488739 0.198533847928047 0.198748350143433 0.199079751968384 0.199381127953529 0.199619129300117 0.199764609336853 0.199796989560127 0.19975058734417 0.199646800756454 0.199565649032593 0.199493899941444 0.199542239308357 0.199614197015762 0.199778586626053 0.199931606650352 0.199939966201782 0.199920207262039 0.199801594018936 0.199681013822556 0.199556782841682 0.199552282691002 0.199678227305412 0.200110971927643 0.20074225962162 0.201233550906181
0.197849184274673 0.197850972414017 0.197890400886536 0.197940528392792 0.198009952902794 0.198080435395241 0.198126256465912 0.198163956403732 0.198160275816917 0.198150411248207 0.198125585913658 0.198118925094604 0.198137223720551 0.198169097304344 0.198212072253227 0.198249697685242 0.198284789919853 0.198306679725647 0.198325410485268 0.19835390150547 0.19838958978653 0.198520168662071 0.19867992401123 0.198961794376373 0.199230149388313 0.199469983577728 0.199618220329285 0.199654549360275 0.199612528085709 0.199513450264931 0.199429199099541 0.199351087212563 0.199381783604622 0.199433863162994 0.199580878019333 0.19971752166748 0.199718534946442 0.199695199728012 0.199586287140846 0.199479982256889 0.199378505349159 0.199374884366989 0.199477896094322 0.199835538864136 0.200357928872108 0.200784504413605
0.197894096374512 0.197924762964249 0.197993248701096 0.198072463274002 0.198147803544998 0.198220938444138 0.198245212435722 0.198260501027107 0.198230013251305 0.198199167847633 0.198167502880096 0.19816543161869 0.198204010725021 0.198251247406006 0.198305577039719 0.198347121477127 0.19838260114193 0.198402389883995 0.198418438434601 0.198429465293884 0.198444351553917 0.19852040708065 0.198623791337013 0.198841571807861 0.199065998196602 0.199304491281509 0.199459701776505 0.199513107538223 0.199489712715149 0.19941034913063 0.199332609772682 0.199255540966988 0.199262604117393 0.199286222457886 0.199401080608368 0.199507653713226 0.19950033724308 0.199472561478615 0.199372887611389 0.199281007051468 0.199203610420227 0.199200376868248 0.19927790760994 0.199544981122017 0.19993469119072 0.200273901224136
0.197992771863937 0.198044538497925 0.1981211155653 0.198204725980759 0.198260754346848 0.198312252759933 0.198317840695381 0.198314994573593 0.198269203305244 0.19823369383812 0.198223039507866 0.198242396116257 0.19830296933651 0.198363214731216 0.198423206806183 0.198463171720505 0.198493659496307 0.198505699634552 0.198513329029083 0.198510870337486 0.198510363698006 0.198548153042793 0.198608428239822 0.198762848973274 0.198936104774475 0.199149116873741 0.199302539229393 0.199383154511452 0.199390679597855 0.199344962835312 0.19928266108036 0.199213460087776 0.199194595217705 0.199185609817505 0.199248030781746 0.199305683374405 0.199290961027145 0.199263215065002 0.199189722537994 0.19912500679493 0.199076563119888 0.199077129364014 0.199131101369858 0.199313998222351 0.199580326676369 0.19980987906456
0.198102593421936 0.198173820972443 0.198254153132439 0.198337063193321 0.198368549346924 0.198393404483795 0.198380902409554 0.198360800743103 0.198302075266838 0.198265269398689 0.19828137755394 0.198325648903847 0.198408573865891 0.198481351137161 0.198545813560486 0.198583081364632 0.198607474565506 0.198610588908195 0.198608592152596 0.198593497276306 0.198578700423241 0.198581576347351 0.198601499199867 0.198692724108696 0.198813304305077 0.198995843529701 0.199145674705505 0.199255555868149 0.199296563863754 0.19928739964962 0.199242353439331 0.199182450771332 0.199137166142464 0.199094742536545 0.199100524187088 0.199105337262154 0.199083387851715 0.199056625366211 0.199012830853462 0.198977902531624 0.198959395289421 0.198964506387711 0.198995307087898 0.199095353484154 0.199240207672119 0.199355512857437
0.198226645588875 0.198292136192322 0.198347121477127 0.198399126529694 0.198404639959335 0.198404937982559 0.198392853140831 0.198374316096306 0.198322951793671 0.198300123214722 0.198346242308617 0.198408931493759 0.198494359850883 0.19856208562851 0.198615342378616 0.198646634817123 0.198667496442795 0.198674604296684 0.198678404092789 0.198663249611855 0.198647066950798 0.198634997010231 0.198634326457977 0.198681265115738 0.198758885264397 0.198901250958443 0.199031889438629 0.199148207902908 0.199208602309227 0.199228256940842 0.199198067188263 0.19914722442627 0.199094280600548 0.199040934443474 0.199017062783241 0.198994547128677 0.198974475264549 0.198957428336143 0.198951065540314 0.198949441313744 0.198956608772278 0.198970779776573 0.198992609977722 0.199045702815056 0.19911901652813 0.199171304702759
0.198347479104996 0.198404222726822 0.198431983590126 0.198451519012451 0.198433324694633 0.198411673307419 0.198400914669037 0.198385044932365 0.198343142867088 0.198335334658623 0.198409885168076 0.198489189147949 0.198575049638748 0.198636546730995 0.198678135871887 0.198704153299332 0.198722779750824 0.198735222220421 0.198746174573898 0.198732316493988 0.198716104030609 0.19869065284729 0.198671147227287 0.198676437139511 0.198712840676308 0.198814868927002 0.19892530143261 0.199045985937119 0.199123874306679 0.19917057454586 0.199154332280159 0.19911202788353 0.199052661657333 0.198989942669868 0.198941454291344 0.198896482586861 0.198880583047867 0.198874905705452 0.198905199766159 0.198935806751251 0.19896699488163 0.198989793658257 0.19900344312191 0.19901405274868 0.199022695422173 0.199018537998199
0.19842703640461 0.198455184698105 0.198449462652206 0.198434114456177 0.198417231440544 0.198400482535362 0.198391795158386 0.198381334543228 0.198361903429031 0.19837287068367 0.198457226157188 0.198537096381187 0.198610812425613 0.198661848902702 0.198694318532944 0.198724344372749 0.198753222823143 0.198779106140137 0.198804289102554 0.198800250887871 0.198792546987534 0.198760583996773 0.198731482028961 0.198714360594749 0.198723524808884 0.198788240551949 0.198875039815903 0.198988810181618 0.199070543050766 0.199128955602646 0.199118405580521 0.199079304933548 0.199017494916916 0.198951229453087 0.198918849229813 0.198891416192055 0.198899984359741 0.198918834328651 0.198973819613457 0.199023500084877 0.199063345789909 0.1990876942873 0.199095159769058 0.199093908071518 0.199087023735046 0.199071884155273
0.198493763804436 0.198494538664818 0.198459297418594 0.198413819074631 0.198399320244789 0.198388189077377 0.19838185608387 0.198376923799515 0.198379173874855 0.19840781390667 0.198500126600266 0.198580056428909 0.198642984032631 0.198685556650162 0.198711454868317 0.19874618947506 0.198785111308098 0.198822185397148 0.198858812451363 0.198863446712494 0.198863357305527 0.198826402425766 0.198789432644844 0.1987524330616 0.198737502098083 0.19876916706562 0.198834151029587 0.198939830064774 0.199023351073265 0.199090704321861 0.199084982275963 0.199048981070518 0.198987931013107 0.198921948671341 0.198907345533371 0.198899134993553 0.198934853076935 0.198979005217552 0.199052780866623 0.19911602139473 0.199159681797028 0.199183091521263 0.199184417724609 0.199173405766487 0.199154391884804 0.199130997061729
0.198513433337212 0.198491275310516 0.198441043496132 0.198382824659348 0.198374763131142 0.198371842503548 0.198368906974792 0.198369920253754 0.198390960693359 0.198433205485344 0.198526710271835 0.198604837059975 0.198661908507347 0.198703393340111 0.198732122778893 0.198774114251137 0.198822364211082 0.198862254619598 0.198900163173676 0.19890920817852 0.198913499712944 0.198877111077309 0.198838591575623 0.19879113137722 0.198763519525528 0.198777824640274 0.198827669024467 0.198920950293541 0.198998555541039 0.199064746499062 0.199060648679733 0.199027463793755 0.198978871107101 0.198927253484726 0.198936522006989 0.198953717947006 0.199026420712471 0.199098721146584 0.199169665575027 0.199226200580597 0.199255973100662 0.199269324541092 0.199264749884605 0.199251621961594 0.199232965707779 0.199211239814758
