Ecospace-environmental-drivers/Outputs/ASCII-for-ecospace/MOM6-ISIMIP3a/o2/1997-04_o2_MOM6-ISIMIP3a.asc
NCOLS 131 
NROWS 53 
XLLCORNER -98 
YLLCORNER 23.9265270233154 
CELLSIZE 0.133587792515755 
NODATA_value -9999 
[rows 21 to 41 of 53, columns 46 to 91 of 131]
0.23082135617733 0.230711311101913 0.230600103735924 0.230488568544388 0.230342835187912 0.230196326971054 0.230123281478882 0.23006235063076 0.230062991380692 0.230089589953423 0.23017892241478 0.230049446225166 0.229619562625885 0.229301929473877 0.229076117277145 0.228827431797981 0.228567883372307 0.228290677070618 0.228009238839149 0.227718740701675 0.22744245827198 0.227382019162178 0.227368280291557 0.227549970149994 0.227785617113113 0.22813518345356 0.22848716378212 0.228842079639435 0.229157701134682 0.229444682598114 0.229595243930817 0.229689300060272 0.22962985932827 0.229540258646011 0.229545414447784 0.229591742157936 0.230005875229836 0.230451300740242 0.23100671172142 0.231402263045311 0.231500908732414 0.231533348560333 0.231493666768074 0.2316624969244 0.231966227293015 0.232142686843872
0.228003785014153 0.228053331375122 0.228080451488495 0.228101208806038 0.228037372231483 0.227966070175171 0.227926820516586 0.22788867354393 0.227856114506721 0.227863624691963 0.227967858314514 0.227904409170151 0.227610751986504 0.227423667907715 0.22732375562191 0.22720243036747 0.227070957422256 0.226887613534927 0.226691871881485 0.226543322205544 0.226410463452339 0.226458847522736 0.22655001282692 0.226820141077042 0.227120384573936 0.227484196424484 0.227806866168976 0.228079259395599 0.228306874632835 0.228501856327057 0.228610694408417 0.228683859109879 0.228646263480186 0.228586912155151 0.228578478097916 0.228594720363617 0.22883366048336 0.229123577475548 0.229592725634575 0.22995126247406 0.230104342103004 0.230191856622696 0.230207905173302 0.230381950736046 0.230658233165741 0.2309430539608
0.225182622671127 0.225405231118202 0.225584656000137 0.225751802325249 0.225781083106995 0.225795641541481 0.225794076919556 0.225782662630081 0.22572124004364 0.22571125626564 0.225825503468513 0.225825324654579 0.225668057799339 0.225599259138107 0.225602865219116 0.225588217377663 0.225564911961555 0.225477412343025 0.225374579429626 0.225373223423958 0.225388869643211 0.225550696253777 0.225748389959335 0.226096227765083 0.226448208093643 0.226808905601501 0.227086499333382 0.227262511849403 0.227393686771393 0.227492213249207 0.22756053507328 0.227616354823112 0.227603375911713 0.227576866745949 0.2275480479002 0.227527022361755 0.227582961320877 0.227710857987404 0.228091776371002 0.228417202830315 0.228639543056488 0.228794753551483 0.228876858949661 0.229055941104889 0.229297801852226 0.229688718914986
0.222819626331329 0.223223388195038 0.223563149571419 0.223884701728821 0.224056050181389 0.224208667874336 0.224270269274712 0.22431592643261 0.224280521273613 0.22427798807621 0.224354818463326 0.2243332862854 0.224176689982414 0.224066078662872 0.223993077874184 0.223985701799393 0.22400937974453 0.224046394228935 0.224086597561836 0.224233463406563 0.224394232034683 0.224650591611862 0.224922686815262 0.225260600447655 0.225570827722549 0.225822553038597 0.225976228713989 0.226010039448738 0.226016879081726 0.226004064083099 0.226031228899956 0.226074948906898 0.226103231310844 0.226128473877907 0.226073428988457 0.226015344262123 0.225956708192825 0.225975841283798 0.226268455386162 0.226565316319466 0.226870074868202 0.227103441953659 0.227259010076523 0.227453902363777 0.227674245834351 0.228132307529449
0.220610037446022 0.221161872148514 0.221640065312386 0.22209732234478 0.222391501069069 0.222662746906281 0.222765743732452 0.222847700119019 0.222822621464729 0.222816705703735 0.222857117652893 0.22281676530838 0.222665563225746 0.222534835338593 0.22242084145546 0.22243669629097 0.222514078021049 0.222674697637558 0.22285521030426 0.223137438297272 0.223429396748543 0.223761394619942 0.224089086055756 0.224398821592331 0.224654123187065 0.224794551730156 0.224830403923988 0.224738448858261 0.224637866020203 0.224530965089798 0.224522218108177 0.224554121494293 0.224620386958122 0.224693417549133 0.224619790911674 0.224534437060356 0.224387720227242 0.224319860339165 0.224529296159744 0.22479559481144 0.225167483091354 0.225463539361954 0.225676983594894 0.225893512368202 0.22611203789711 0.226627111434937
0.219073072075844 0.219627857208252 0.220148548483849 0.220659524202347 0.22099207341671 0.221296891570091 0.221345826983452 0.221372976899147 0.221289411187172 0.221232697367668 0.221240848302841 0.221192866563797 0.221067830920219 0.221012145280838 0.221013188362122 0.221122369170189 0.221282780170441 0.221563056111336 0.221871986985207 0.222233101725578 0.222595244646072 0.222919955849648 0.223220884799957 0.223422318696976 0.223565056920052 0.223583891987801 0.2235287129879 0.223383083939552 0.223249211907387 0.223123908042908 0.223102256655693 0.223123535513878 0.223213419318199 0.223316788673401 0.223258137702942 0.223188459873199 0.223069757223129 0.223010331392288 0.223159238696098 0.223386183381081 0.223758056759834 0.224049061536789 0.224251970648766 0.224515676498413 0.224818736314774 0.225346475839615
0.217759743332863 0.218268647789955 0.218788057565689 0.219310447573662 0.219653338193893 0.21996596455574 0.219956994056702 0.219926416873932 0.219785913825035 0.219685196876526 0.219680562615395 0.219651475548744 0.219588816165924 0.219631865620613 0.21976138651371 0.219976872205734 0.220233082771301 0.220611542463303 0.221019208431244 0.221422955393791 0.221819043159485 0.222107335925102 0.222357749938965 0.22244955599308 0.222483932971954 0.222397074103355 0.222265437245369 0.222079068422318 0.221920102834702 0.221781089901924 0.221754774451256 0.221775129437447 0.221887797117233 0.222018614411354 0.221982806921005 0.221936404705048 0.221846729516983 0.221802428364754 0.22191758453846 0.222119644284248 0.222483083605766 0.222765251994133 0.222958892583847 0.22322253882885 0.223531499505043 0.224046677350998
0.216934353113174 0.217290818691254 0.217713460326195 0.218154892325401 0.218447014689445 0.218711286783218 0.218636035919189 0.218541279435158 0.218347281217575 0.218217417597771 0.218242406845093 0.218290075659752 0.218368873000145 0.218562334775925 0.218849614262581 0.219199731945992 0.219579607248306 0.220009356737137 0.220451012253761 0.220818310976028 0.22116930782795 0.221357628703117 0.221505627036095 0.221484944224358 0.221420153975487 0.221262246370316 0.22108593583107 0.220887139439583 0.220720916986465 0.220578417181969 0.220565408468246 0.220606043934822 0.220739677548409 0.220891609787941 0.220895856618881 0.220889300107956 0.220830827951431 0.220816269516945 0.220956116914749 0.22116482257843 0.221501424908638 0.221766501665115 0.221953645348549 0.222114160656929 0.222257435321808 0.222705036401749
0.216282948851585 0.216509208083153 0.216851413249969 0.217226594686508 0.217480689287186 0.217709645628929 0.217594593763351 0.217462673783302 0.217244923114777 0.217101141810417 0.217136010527611 0.217229083180428 0.217402055859566 0.217698752880096 0.218096688389778 0.218545258045197 0.219017818570137 0.219478338956833 0.219935983419418 0.220248997211456 0.220538258552551 0.220626711845398 0.22067691385746 0.220567122101784 0.220426201820374 0.220219597220421 0.220013037323952 0.219806551933289 0.219637081027031 0.219494551420212 0.219498842954636 0.21956393122673 0.219718396663666 0.219890430569649 0.219934448599815 0.219968289136887 0.219949066638947 0.219970718026161 0.220136076211929 0.220344662666321 0.220633551478386 0.220824956893921 0.220910131931305 0.220928162336349 0.220902755856514 0.221318289637566
0.215850472450256 0.21597446501255 0.21625679731369 0.216584175825119 0.216816291213036 0.217026367783546 0.216904819011688 0.216769695281982 0.216565623879433 0.216427132487297 0.21644701063633 0.216546013951302 0.216753661632538 0.217094257473946 0.217543616890907 0.218045145273209 0.218571379780769 0.219036847352982 0.219487816095352 0.219724133610725 0.219930723309517 0.219919458031654 0.219877660274506 0.219708159565926 0.21952012181282 0.219292908906937 0.219074249267578 0.218866035342216 0.218698337674141 0.218560144305229 0.21858674287796 0.218681573867798 0.218856692314148 0.219047576189041 0.219131022691727 0.219205915927887 0.219236075878143 0.21930205821991 0.219493955373764 0.219693914055824 0.219908833503723 0.219955384731293 0.219818487763405 0.219644531607628 0.219446614384651 0.219874784350395
0.215512216091156 0.215574204921722 0.21581543982029 0.216107651591301 0.216314807534218 0.216502025723457 0.21638610959053 0.216259449720383 0.216078191995621 0.2159473747015 0.215938329696655 0.216016247868538 0.216213583946228 0.216541513800621 0.216976299881935 0.217463582754135 0.217975750565529 0.218409582972527 0.218824699521065 0.219004228711128 0.219152718782425 0.219084978103638 0.218995422124863 0.218814566731453 0.218625709414482 0.218419939279556 0.218218520283699 0.218022391200066 0.217860475182533 0.217723503708839 0.217746749520302 0.21783635020256 0.218010723590851 0.218201741576195 0.218303710222244 0.218397244811058 0.218440592288971 0.218510657548904 0.218674570322037 0.218826651573181 0.218956738710403 0.21890714764595 0.218661800026894 0.21843533217907 0.218221098184586 0.218636766076088
0.215244650840759 0.215274795889854 0.215489000082016 0.215755522251129 0.215935498476028 0.216096892952919 0.215995714068413 0.215886265039444 0.215734675526619 0.215613320469856 0.215564891695976 0.215601459145546 0.215754732489586 0.216027587652206 0.216398283839226 0.216820955276489 0.217268243432045 0.217642977833748 0.218000382184982 0.218138054013252 0.218246847391129 0.218155086040497 0.218050941824913 0.217895001173019 0.217740058898926 0.217587262392044 0.217425063252449 0.217251390218735 0.217098295688629 0.216960191726685 0.216960847377777 0.217018976807594 0.217176556587219 0.217353686690331 0.217458486557007 0.217553853988647 0.217583253979683 0.217627182602882 0.217722237110138 0.217797011137009 0.217834129929543 0.217724934220314 0.217456325888634 0.217281952500343 0.217168539762497 0.217552855610847
0.215016454458237 0.215020418167114 0.215196862816811 0.215422347187996 0.215559646487236 0.215681225061417 0.215621531009674 0.215552970767021 0.215439319610596 0.215336680412292 0.21526063978672 0.215250626206398 0.215331241488457 0.215509712696075 0.215768232941628 0.216075420379639 0.216405674815178 0.21668504178524 0.216952249407768 0.217059731483459 0.217145621776581 0.21707709133625 0.217004343867302 0.216913908720016 0.216829031705856 0.216755896806717 0.216662272810936 0.216543585062027 0.216427385807037 0.216313004493713 0.216304913163185 0.216340824961662 0.216469749808311 0.216616943478584 0.216698437929153 0.216770857572556 0.216778337955475 0.216793864965439 0.216837584972382 0.216865420341492 0.216863721609116 0.216756984591484 0.216535821557045 0.216426372528076 0.216389209032059 0.216699436306953
0.214805126190186 0.21478533744812 0.214919418096542 0.215097263455391 0.215185284614563 0.215261042118073 0.215254291892052 0.215236783027649 0.215164601802826 0.215084671974182 0.21498604118824 0.214927181601524 0.214922890067101 0.214990124106407 0.215115875005722 0.215285792946815 0.215476632118225 0.215645104646683 0.215808212757111 0.215890496969223 0.215960681438446 0.215935632586479 0.215913951396942 0.215906456112862 0.215907141566277 0.215925112366676 0.215912610292435 0.21586287021637 0.215795621275902 0.215715602040291 0.215704679489136 0.215722367167473 0.215817525982857 0.215927913784981 0.215974897146225 0.216013729572296 0.215995907783508 0.215982019901276 0.21598194539547 0.21597583591938 0.215958535671234 0.215880870819092 0.215737447142601 0.215698435902596 0.215726986527443 0.215944796800613
0.214596256613731 0.214552611112595 0.214632391929626 0.21474726498127 0.214819505810738 0.214885592460632 0.214903116226196 0.214910969138145 0.214869678020477 0.214811846613884 0.214714020490646 0.214635729789734 0.214584216475487 0.214577004313469 0.214606046676636 0.214672818779945 0.214757442474365 0.21484512090683 0.214933544397354 0.214984104037285 0.215029373764992 0.21503558754921 0.215047910809517 0.215085819363594 0.215134590864182 0.215206354856491 0.215250238776207 0.215260088443756 0.215246826410294 0.215216726064682 0.215220108628273 0.215237379074097 0.215280741453171 0.215329214930534 0.215333536267281 0.215333849191666 0.215310886502266 0.21529521048069 0.215305149555206 0.215287774801254 0.215219661593437 0.215117886662483 0.214979469776154 0.214934140443802 0.214949056506157 0.215092778205872
0.214387893676758 0.214320361614227 0.214343369007111 0.214392110705376 0.214455530047417 0.214519396424294 0.214555263519287 0.214583173394203 0.214570596814156 0.214534714818001 0.214442551136017 0.214350894093513 0.214259937405586 0.214185908436775 0.214125707745552 0.214096382260323 0.214081659913063 0.214094802737236 0.214114606380463 0.214132085442543 0.214150533080101 0.214185491204262 0.214228287339211 0.214303836226463 0.214392960071564 0.214510768651962 0.214605942368507 0.214673444628716 0.214715212583542 0.214738205075264 0.214759469032288 0.214780017733574 0.214767828583717 0.214749231934547 0.21470919251442 0.214669927954674 0.214645996689796 0.214634254574776 0.214665368199348 0.214641407132149 0.214515194296837 0.214378327131271 0.214229851961136 0.214162319898605 0.214147180318832 0.214220598340034
0.2140132188797 0.213956832885742 0.213995724916458 0.214061737060547 0.214131638407707 0.214200884103775 0.214241549372673 0.21427246928215 0.21425387263298 0.21421617269516 0.214132338762283 0.214043796062469 0.213948771357536 0.213864833116531 0.213789954781532 0.213743671774864 0.21371091902256 0.213699415326118 0.213692963123322 0.213699758052826 0.213708221912384 0.213727921247482 0.213756486773491 0.213822141289711 0.213898122310638 0.213995918631554 0.214082434773445 0.21415513753891 0.214203655719757 0.214234560728073 0.214208051562309 0.214157775044441 0.214054152369499 0.213940024375916 0.213900700211525 0.213862881064415 0.213812917470932 0.213759362697601 0.213693141937256 0.213587298989296 0.213407874107361 0.213227093219757 0.213044852018356 0.212945327162743 0.212899342179298 0.212930247187614
0.213633581995964 0.213591396808624 0.21364963054657 0.213736429810524 0.213812798261642 0.213886976242065 0.213930770754814 0.213962957262993 0.213936120271683 0.213894501328468 0.213817209005356 0.213731527328491 0.213634327054024 0.213544249534607 0.213460013270378 0.21340200304985 0.21335643529892 0.213324517011642 0.213295876979828 0.213294088840485 0.213294357061386 0.213297456502914 0.213310211896896 0.213363379240036 0.213423028588295 0.213496372103691 0.213567584753036 0.213636204600334 0.213683843612671 0.213716208934784 0.213636636734009 0.213510721921921 0.213310346007347 0.21309532225132 0.21305887401104 0.21302393078804 0.212939083576202 0.212836146354675 0.212669566273689 0.212480738759041 0.212250575423241 0.212027803063393 0.211813107132912 0.211684584617615 0.211611822247505 0.211605787277222
0.213280633091927 0.21326832473278 0.213347837328911 0.213453471660614 0.213528588414192 0.213599294424057 0.213634997606277 0.213657900691032 0.213615790009499 0.21355926990509 0.213467985391617 0.213374704122543 0.21327868103981 0.213195577263832 0.21312303841114 0.213071376085281 0.213029608130455 0.212998867034912 0.212970748543739 0.212972402572632 0.212975427508354 0.212968647480011 0.212970092892647 0.213005945086479 0.213040843605995 0.213073745369911 0.213087528944016 0.213077932596207 0.213066220283508 0.213052973151207 0.212895229458809 0.212677657604218 0.21234118938446 0.211981356143951 0.211949616670609 0.2119130641222 0.211710780858994 0.211499601602554 0.211257100105286 0.211009532213211 0.210752576589584 0.210512444376945 0.210290655493736 0.210169732570648 0.21011409163475 0.210117354989052
0.212950423359871 0.212963104248047 0.213059172034264 0.21317894756794 0.2132518440485 0.213318377733231 0.213342785835266 0.213353782892227 0.213296592235565 0.213225737214088 0.213121861219406 0.213020816445351 0.212923660874367 0.212846219539642 0.212784931063652 0.212740495800972 0.212704032659531 0.212678089737892 0.212654650211334 0.212654113769531 0.212654024362564 0.212637633085251 0.212627828121185 0.21264560520649 0.212655305862427 0.212647974491119 0.212600618600845 0.212504312396049 0.212428525090218 0.212367698550224 0.212138101458549 0.211838603019714 0.211357459425926 0.210840597748756 0.210810318589211 0.210770964622498 0.210467010736465 0.210165828466415 0.209874376654625 0.209589645266533 0.209317401051521 0.20907399058342 0.208861991763115 0.208755508065224 0.2087172716856 0.208732560276985
0.212703630328178 0.212723359465599 0.212818637490273 0.212935373187065 0.213002413511276 0.213062211871147 0.213063627481461 0.213053062558174 0.212981566786766 0.212898403406143 0.212787091732025 0.21267768740654 0.212570875883102 0.212494358420372 0.212442636489868 0.212408646941185 0.212383061647415 0.212375193834305 0.212371557950974 0.212348237633705 0.212323546409607 0.212298482656479 0.212277665734291 0.212274610996246 0.212257474660873 0.212210655212402 0.212088540196419 0.211874380707741 0.211717262864113 0.211601689457893 0.211323335766792 0.21097756922245 0.210320219397545 0.209601610898972 0.209560856223106 0.20951434969902 0.209166511893272 0.208842217922211 0.208600729703903 0.208357900381088 0.208112582564354 0.207917541265488 0.207777291536331 0.207710206508636 0.207690462470055 0.207727834582329
