Ecospace-environmental-drivers/Outputs/ASCII-for-ecospace/MOM6-ISIMIP3a/o2/1998-12_o2_MOM6-ISIMIP3a.asc
NCOLS 131 
NROWS 53 
XLLCORNER -98 
YLLCORNER 23.9265270233154 
CELLSIZE 0.133587792515755 
NODATA_value -9999 
[rows 21 to 41 of 53, columns 0 to 45 of 131]
-9999 -9999 -9999 -9999 -9999 -9999 0.225244119763374 0.225268661975861 0.225332126021385 0.225543424487114 0.226551815867424 0.22899354994297 0.228562980890274 0.22728043794632 0.22581173479557 0.224128246307373 0.22275410592556 0.221592411398888 0.220681473612785 0.219867378473282 0.219037979841232 0.218205899000168 0.217824846506119 0.217462584376335 0.21717469394207 0.216779872775078 0.216038405895233 0.215243086218834 0.214353755116463 0.213649123907089 0.213134527206421 0.212845414876938 0.21269366145134 0.212657198309898 0.212659165263176 0.212886825203896 0.213145941495895 0.213442176580429 0.213800340890884 0.214552879333496 0.215252846479416 0.21580645442009 0.216127514839172 0.216089233756065 0.21618926525116 0.216416284441948
-9999 -9999 -9999 -9999 -9999 -9999 0.225223436951637 0.225244119763374 0.225293189287186 0.225247755646706 0.225543424487114 0.225118458271027 0.224299415946007 0.222700610756874 0.221242532134056 0.219946831464767 0.218821853399277 0.21781413257122 0.217203408479691 0.216745972633362 0.216131135821342 0.215488538146019 0.215128436684608 0.214815258979797 0.214841589331627 0.214747026562691 0.214260414242744 0.213753059506416 0.21320952475071 0.212770104408264 0.212437853217125 0.212225496768951 0.21208618581295 0.212057128548622 0.212064817547798 0.212304502725601 0.21257695555687 0.21294629573822 0.213356629014015 0.21402795612812 0.21469558775425 0.215352937579155 0.215807899832726 0.215950086712837 0.216164618730545 0.216445565223694
-9999 -9999 -9999 -9999 0.225607499480247 0.225297302007675 0.225236400961876 0.2251897752285 0.225244119763374 0.225342273712158 0.224861189723015 0.222163006663322 0.219797804951668 0.218091517686844 0.21676130592823 0.215865075588226 0.214996233582497 0.214146226644516 0.213841646909714 0.213747680187225 0.213369324803352 0.212940782308578 0.212619081139565 0.21236777305603 0.21268355846405 0.212868854403496 0.212631106376648 0.212408512830734 0.212212383747101 0.212042257189751 0.211898893117905 0.211768180131912 0.211645171046257 0.211616963148117 0.211620345711708 0.21185490489006 0.212122663855553 0.212565153837204 0.21302442252636 0.21359059214592 0.214202031493187 0.214939460158348 0.215515807271004 0.215843230485916 0.216167971491814 0.216490253806114
-9999 -9999 -9999 -9999 0.226353108882904 0.225543200969696 0.225358188152313 0.225236400961876 0.225088819861412 0.223210468888283 0.22109879553318 0.218094035983086 0.215763300657272 0.214766293764114 0.21410445868969 0.21382936835289 0.213484331965446 0.213091284036636 0.213019087910652 0.213070794939995 0.212855607271194 0.21259331703186 0.21239547431469 0.212221547961235 0.212235033512115 0.212200105190277 0.212008163332939 0.211823269724846 0.211650684475899 0.211592435836792 0.211651816964149 0.211652651429176 0.211617827415466 0.211581453680992 0.211544558405876 0.211671531200409 0.211823493242264 0.212299153208733 0.212781623005867 0.213307455182076 0.213874831795692 0.214557826519012 0.21511809527874 0.215488687157631 0.215834572911263 0.216157793998718
-9999 -9999 -9999 -9999 -9999 0.226353108882904 0.22522509098053 0.225479975342751 0.224356830120087 0.220840707421303 0.217424899339676 0.214393064379692 0.212269738316536 0.211944162845612 0.211890920996666 0.212151944637299 0.212267532944679 0.2122832685709 0.212416619062424 0.212595403194427 0.212527677416801 0.212416470050812 0.212326243519783 0.212220773100853 0.211984559893608 0.211766675114632 0.211608290672302 0.211453258991241 0.211304068565369 0.211325258016586 0.211521774530411 0.21160452067852 0.211617976427078 0.211580693721771 0.211526528000832 0.211575299501419 0.211641311645508 0.212124049663544 0.212607204914093 0.213093012571335 0.213612467050552 0.214225575327873 0.214749857783318 0.215136870741844 0.215475827455521 0.215770691633224
-9999 -9999 -9999 -9999 -9999 0.225703611969948 0.226353108882904 0.223830863833427 0.221096232533455 0.217427507042885 0.214138969779015 0.212305620312691 0.211148098111153 0.211327865719795 0.211621150374413 0.212045446038246 0.212344646453857 0.212557911872864 0.212779134511948 0.213003426790237 0.213014423847198 0.212987780570984 0.212933853268623 0.21285779774189 0.212602376937866 0.212365061044693 0.212186515331268 0.212026953697205 0.211900487542152 0.211858987808228 0.211904898285866 0.211851924657822 0.211738720536232 0.211732387542725 0.211761683225632 0.211861103773117 0.211972117424011 0.212347492575645 0.212732598185539 0.213179752230644 0.213634386658669 0.214109808206558 0.214510872960091 0.214797019958496 0.215005949139595 0.215144008398056
-9999 -9999 0.224396109580994 0.22452287375927 0.224623054265976 0.225053340196609 0.225704371929169 0.221961483359337 0.218019977211952 0.214461237192154 0.211477115750313 0.210692450404167 0.210355222225189 0.210903391242027 0.21145398914814 0.212007388472557 0.212461277842522 0.212846845388412 0.213130921125412 0.21337579190731 0.213430523872375 0.213451683521271 0.213398516178131 0.213322252035141 0.213067129254341 0.212833926081657 0.212671846151352 0.212534859776497 0.212441727519035 0.212366566061974 0.212309926748276 0.212170198559761 0.211979851126671 0.211998075246811 0.212085828185081 0.212241113185883 0.212406367063522 0.212659120559692 0.212916404008865 0.213202595710754 0.213480576872826 0.213735684752464 0.213950589299202 0.214103356003761 0.214176744222641 0.214177310466766
-9999.000000000000000 -9999 -9999 -9999 0.223892241716385 0.224192768335342 0.223796159029007 0.219611465930939 0.215345904231071 0.212470054626465 0.210176885128021 0.210114017128944 0.210279658436775 0.210897445678711 0.211510673165321 0.212118610739708 0.212664186954498 0.213166922330856 0.21345928311348 0.213670387864113 0.213692486286163 0.213681221008301 0.213551267981529 0.213410183787346 0.21319791674614 0.213020190596581 0.212954461574554 0.212899282574654 0.21286253631115 0.212817117571831 0.212762758135796 0.212643072009087 0.21248359978199 0.212512448430061 0.212604075670242 0.212826669216156 0.213066339492798 0.213163182139397 0.213227644562721 0.213085994124413 0.212943315505981 0.212797820568085 0.212689235806465 0.212637692689896 0.212563589215279 0.212468758225441
-9999 -9999 -9999 -9999 0.222966477274895 0.222430631518364 0.222523391246796 0.218086093664169 0.213590204715729 0.211203306913376 0.209382504224777 0.209728479385376 0.210182383656502 0.210849836468697 0.211500257253647 0.212131038308144 0.21272112429142 0.213283240795135 0.21355514228344 0.213714987039566 0.213703989982605 0.213662847876549 0.213527947664261 0.213389605283737 0.213239848613739 0.213128268718719 0.21314050257206 0.213144108653069 0.213132634758949 0.213114321231842 0.213088989257812 0.213036730885506 0.212968081235886 0.21301893889904 0.213109612464905 0.213260516524315 0.213417410850525 0.213248819112778 0.213042199611664 0.212593391537666 0.212168186903 0.211808651685715 0.211528733372688 0.211371839046478 0.211226999759674 0.211093187332153
-9999 -9999 -9999 -9999 0.222353339195251 0.222276046872139 0.222180619835854 0.217598184943199 0.212989896535873 0.210847944021225 0.209224492311478 0.209585621953011 0.210057824850082 0.210749790072441 0.211405426263809 0.212019175291061 0.212594404816628 0.213143199682236 0.213358536362648 0.213445097208023 0.213400423526764 0.21333259344101 0.213283076882362 0.213232517242432 0.21316996216774 0.213137984275818 0.213205084204674 0.21323849260807 0.213213115930557 0.21321864426136 0.21325595676899 0.213330745697021 0.213428348302841 0.213515475392342 0.213599115610123 0.213503494858742 0.213379874825478 0.212808072566986 0.212231904268265 0.211627781391144 0.211093783378601 0.210754945874214 0.210495114326477 0.21035735309124 0.210238337516785 0.210136532783508
-9999 -9999 -9999 -9999 0.222276046872139 0.222160518169403 0.222024902701378 0.217676073312759 0.213280498981476 0.211020946502686 0.209286972880363 0.209564715623856 0.209971532225609 0.210633754730225 0.21127125620842 0.211880207061768 0.212451174855232 0.212996035814285 0.213185086846352 0.213236749172211 0.213207349181175 0.213163644075394 0.213154226541519 0.213147222995758 0.213153913617134 0.213181436061859 0.213276535272598 0.21333509683609 0.213329896330833 0.213371425867081 0.2134610414505 0.213543906807899 0.213622644543648 0.213565200567245 0.213462352752686 0.213085830211639 0.212669476866722 0.211977183818817 0.211308792233467 0.210792690515518 0.210344985127449 0.21008774638176 0.209886223077774 0.209770798683167 0.209671407938004 0.209586724638939
-9999 -9999 -9999 -9999 0.222153827548027 0.222024902701378 0.218387290835381 0.218178316950798 0.214239284396172 0.211590215563774 0.20951484143734 0.209635257720947 0.209913939237595 0.210505738854408 0.211107552051544 0.211720913648605 0.212295532226562 0.212843537330627 0.213029026985168 0.213074535131454 0.213097125291824 0.213115662336349 0.213112413883209 0.213115781545639 0.213178217411041 0.213250204920769 0.213353127241135 0.213433340191841 0.213473916053772 0.213560596108437 0.213694721460342 0.21369643509388 0.213617473840714 0.2132797986269 0.212855890393257 0.212172672152519 0.211454451084137 0.210853666067123 0.210301086306572 0.210055470466614 0.209840402007103 0.209710419178009 0.209595888853073 0.209505215287209 0.209420770406723 0.209342032670975
-9999 -9999 -9999 -9999 0.222024902701378 0.2183608263731 0.216697931289673 0.215669855475426 0.215310245752335 0.212408840656281 0.210051029920578 0.20977383852005 0.209780469536781 0.210348665714264 0.210938826203346 0.211554333567619 0.212170943617821 0.212788313627243 0.213065430521965 0.213211178779602 0.213275626301765 0.213325724005699 0.213316291570663 0.213309943675995 0.213340044021606 0.213386848568916 0.213487833738327 0.213549971580505 0.213544324040413 0.213515654206276 0.213463306427002 0.213234305381775 0.212897658348083 0.212382927536964 0.211808815598488 0.211175933480263 0.210536688566208 0.210141554474831 0.209784328937531 0.209668546915054 0.209563881158829 0.209490165114403 0.209414288401604 0.209335029125214 0.209252640604973 0.209167391061783
-9999 -9999 -9999 -9999 -9999 0.216625794768333 0.21633318066597 0.216245636343956 0.21642929315567 0.213334336876869 0.210719361901283 0.20994159579277 0.209614485502243 0.210179135203362 0.210767939686775 0.211384624242783 0.212059646844864 0.212774768471718 0.21318431198597 0.21347588300705 0.21357786655426 0.213646396994591 0.213625490665436 0.213600784540176 0.213560804724693 0.213552594184875 0.213647454977036 0.213674485683441 0.213583171367645 0.213370382785797 0.213032588362694 0.212508738040924 0.211871549487114 0.211223974823952 0.21057291328907 0.210143387317657 0.209746316075325 0.209605753421783 0.209477990865707 0.209431752562523 0.209385082125664 0.20933723449707 0.209279283881187 0.209205731749535 0.209119901061058 0.209022775292397
-9999 -9999 -9999 -9999 -9999 0.216753929853439 0.216846257448196 0.217084035277367 0.216831251978874 0.213779479265213 0.211137682199478 0.210065126419067 0.209534302353859 0.210075423121452 0.210637047886848 0.211222320795059 0.211882814764977 0.212594956159592 0.213103502988815 0.21353343129158 0.213691383600235 0.213801309466362 0.213790655136108 0.213767647743225 0.213663801550865 0.213582187891006 0.213572680950165 0.213436365127563 0.213078781962395 0.212630018591881 0.212087422609329 0.211505919694901 0.210900738835335 0.210387170314789 0.20990414917469 0.209640607237816 0.209408730268478 0.209362328052521 0.209321185946465 0.209313556551933 0.209300190210342 0.209270864725113 0.209222331643105 0.209144085645676 0.209047392010689 0.208933755755424
-9999 -9999 -9999 -9999 -9999 0.216878265142441 0.217082336544991 0.217209100723267 0.217084869742393 0.214125230908394 0.211504265666008 0.210179507732391 0.209471881389618 0.209985330700874 0.210514426231384 0.2110615670681 0.211692407727242 0.212380737066269 0.212981373071671 0.213548138737679 0.213765829801559 0.213921949267387 0.213926032185555 0.213908866047859 0.213742449879646 0.213583618402481 0.213449403643608 0.213123202323914 0.212461993098259 0.21176652610302 0.211035817861557 0.210445746779442 0.20994134247303 0.209617018699646 0.209352716803551 0.209247425198555 0.209164828062057 0.209179401397705 0.20919531583786 0.20921990275383 0.209234729409218 0.209222421050072 0.209181532263756 0.209096446633339 0.208987355232239 0.208856239914894
-9999 -9999 -9999 -9999 -9999 -9999 0.216706186532974 0.2169538885355 0.216714590787888 0.213721945881844 0.211122691631317 0.210029155015945 0.209479242563248 0.21000500023365 0.210520267486572 0.211023420095444 0.211566507816315 0.212137043476105 0.212689533829689 0.213235050439835 0.213506281375885 0.213729098439217 0.213783338665962 0.213801965117455 0.213554486632347 0.213288843631744 0.212964296340942 0.212481275200844 0.21172171831131 0.211038380861282 0.210433483123779 0.209952533245087 0.209547072649002 0.209298446774483 0.209102109074593 0.209058552980423 0.209036618471146 0.209085628390312 0.209133476018906 0.209173858165741 0.209198996424675 0.209181740880013 0.209134817123413 0.20904204249382 0.208924695849419 0.20878478884697
-9999 -9999 -9999 -9999 -9999 -9999 0.216075956821442 0.215955555438995 0.216244071722031 0.213230833411217 0.210672706365585 0.209856495261192 0.209496885538101 0.210040763020515 0.210544794797897 0.211002871394157 0.211454644799232 0.211902111768723 0.212392121553421 0.212898567318916 0.21321876347065 0.213506087660789 0.21361069381237 0.213665753602982 0.21334134042263 0.21297524869442 0.212473958730698 0.211850643157959 0.211014375090599 0.210355579853058 0.209879398345947 0.209503874182701 0.20918969810009 0.209010943770409 0.208877325057983 0.208890914916992 0.208925172686577 0.209004417061806 0.209080085158348 0.209132924675941 0.209165573120117 0.20914201438427 0.209088057279587 0.20898711681366 0.208861246705055 0.208712503314018
-9999 -9999 -9999 -9999 -9999 -9999 0.215471908450127 0.215318411588669 0.215002447366714 0.212160840630531 0.209850281476974 0.209572404623032 0.20959085226059 0.210195600986481 0.210707202553749 0.211111336946487 0.211461573839188 0.211774811148643 0.212116405367851 0.212468981742859 0.212792575359344 0.213111057877541 0.213251158595085 0.213335424661636 0.212986990809441 0.212602406740189 0.212100610136986 0.211497485637665 0.210717514157295 0.210091903805733 0.209625124931335 0.209259614348412 0.208955764770508 0.208838894963264 0.208784356713295 0.208852335810661 0.20893719792366 0.209014520049095 0.209086433053017 0.209123834967613 0.209142446517944 0.209108769893646 0.209043592214584 0.208929747343063 0.208790645003319 0.208628386259079
-9999 -9999 -9999 -9999 -9999 0.216366872191429 0.215322822332382 0.215141773223877 0.213753685355186 0.211210116744041 0.209231525659561 0.209415435791016 0.209748968482018 0.210378542542458 0.210878401994705 0.211228623986244 0.211492627859116 0.211697429418564 0.211903005838394 0.212108880281448 0.212416797876358 0.212742745876312 0.212910920381546 0.213020399212837 0.212669417262077 0.212286114692688 0.211797937750816 0.211222931742668 0.210496336221695 0.209901064634323 0.209440931677818 0.209087908267975 0.20880015194416 0.208733409643173 0.208740338683128 0.208847671747208 0.20896852016449 0.209040969610214 0.209106251597404 0.209125936031342 0.209127679467201 0.209079429507256 0.208999618887901 0.20887103676796 0.208716675639153 0.20853865146637
-9999 -9999 -9999 -9999 0.218977406620979 0.217048898339272 0.216366872191429 0.214464202523232 0.212478756904602 0.210696786642075 0.209359541535378 0.209724545478821 0.210142314434052 0.210664480924606 0.211081817746162 0.211378186941147 0.211612090468407 0.211803093552589 0.211918011307716 0.21200355887413 0.212225884199142 0.21247236430645 0.212641432881355 0.212761446833611 0.21248671412468 0.212177097797394 0.211754411458969 0.211236566305161 0.210552647709846 0.209977298974991 0.209513649344444 0.209182322025299 0.208931609988213 0.20887191593647 0.208875894546509 0.208967372775078 0.20907062292099 0.209127306938171 0.209175422787666 0.209169074892998 0.209143489599228 0.209064394235611 0.208957448601723 0.208807438611984 0.208630293607712 0.208428248763084
