Ecospace-environmental-drivers/Outputs/ASCII-for-ecospace/MOM6-ISIMIP3a/o2/1999-09_o2_MOM6-ISIMIP3a.asc
NCOLS 131 
NROWS 53 
XLLCORNER -98 
YLLCORNER 23.9265270233154 
CELLSIZE 0.133587792515755 
NODATA_value -9999 
[rows 0 to 20 of 53, columns 46 to 91 of 131]
-9999 -9999 -9999 -9999 -9999 -9999 -9999 -9999 -9999 -9999 -9999 -9999 -9999 -9999 -9999 -9999 -9999 -9999 -9999 -9999 -9999 -9999 -9999 -9999 -9999 -9999 -9999 -9999 -9999 -9999 -9999 -9999 -9999 -9999 -9999 -9999 -9999 -9999 -9999 -9999 -9999 -9999 -9999 -9999 -9999 -9999
-9999 -9999 -9999 -9999 -9999 -9999 -9999 -9999 -9999 -9999 -9999 -9999 -9999 -9999 -9999 -9999 -9999 -9999 -9999 -9999 -9999 -9999 -9999 -9999 -9999 -9999 -9999 -9999 -9999 -9999 -9999 -9999 -9999 -9999 -9999 -9999 -9999 -9999 -9999 -9999 -9999 -9999 -9999 -9999 -9999 -9999
-9999 -9999 -9999 -9999 -9999 -9999 -9999 -9999 -9999 -9999 -9999 -9999 -9999 -9999 -9999 -9999 -9999 -9999 -9999 -9999 -9999 -9999 -9999 -9999 -9999 -9999 -9999 -9999 0.200781017541885 0.199561551213264 -9999 -9999 -9999 -9999 -9999 -9999 -9999 -9999 -9999 -9999 -9999 -9999 -9999 -9999 -9999 -9999
-9999 -9999 -9999 -9999 -9999 -9999 -9999 -9999 -9999 -9999 -9999 -9999 -9999 -9999 -9999 -9999 -9999 -9999 -9999 -9999 -9999 -9999 -9999 -9999 -9999 -9999 -9999 -9999 0.200707778334618 0.199424579739571 -9999 -9999 -9999 -9999 -9999 -9999 -9999 -9999 -9999 -9999 -9999 -9999 -9999 -9999 -9999 -9999
-9999 -9999 -9999 -9999 -9999 -9999 -9999 -9999 -9999 -9999 -9999 -9999 -9999 -9999 -9999 -9999 -9999 -9999 -9999 0.204711809754372 0.204745456576347 0.204772368073463 0.204929351806641 0.205044284462929 0.205185353755951 0.204889521002769 0.20382471382618 0.202241942286491 0.20056539773941 0.199315994977951 0.19839234650135 -9999 -9999 0.198981761932373 0.200892627239227 0.20273794233799 0.203682735562325 0.2037353515625 0.203682824969292 0.203453868627548 0.203068539500237 0.2025436013937 0.201930359005928 -9999 -9999 -9999
-9999 -9999 -9999 -9999 -9999 -9999 -9999 -9999 -9999 -9999 -9999 -9999 -9999 -9999 -9999 0.208059474825859 -9999 0.208629593253136 0.209094166755676 0.20703013241291 0.204711809754372 0.204752177000046 0.204772368073463 0.205086335539818 0.205274149775505 0.205195590853691 0.204198807477951 0.202079743146896 0.200447261333466 0.199169188737869 0.19833154976368 0.197676315903664 0.197837874293327 0.198159992694855 0.200947418808937 0.203570485115051 0.203695937991142 0.20378178358078 0.203728333115578 0.203538373112679 0.20309491455555 0.202572330832481 0.201963558793068 0.201255187392235 0.200482368469238 -9999
-9999 -9999 -9999 -9999 -9999 -9999 -9999 -9999 -9999 -9999 -9999 0.198482528328896 0.198366522789001 0.198272302746773 0.197991237044334 0.202895864844322 0.207992404699326 0.208126559853554 0.208668053150177 0.209094166755676 0.207284405827522 0.204711809754372 0.204772368073463 0.205086335539818 0.205274149775505 0.205195590853691 0.204198807477951 0.202079743146896 0.200447261333466 0.199169188737869 0.19833154976368 0.197676315903664 0.197837874293327 0.198159992694855 0.200947418808937 0.203570485115051 0.203695937991142 0.20378178358078 0.203728333115578 0.203538373112679 0.20309491455555 0.202572330832481 0.201963558793068 0.201255187392235 0.200482368469238 0.200278133153915
-9999 -9999 -9999 -9999 -9999 -9999 -9999 -9999 -9999 -9999 -9999 0.199104532599449 0.198482528328896 0.198250502347946 -9999 0.197639301419258 0.202637150883675 0.207858234643936 0.208126559853554 0.20878341794014 0.209094166755676 0.20804725587368 0.20737960934639 0.208299234509468 0.208944648504257 0.209011167287827 0.208170741796494 0.206221848726273 0.204389587044716 0.202642291784286 0.201483741402626 0.200568988919258 0.200721845030785 0.201084569096565 0.202678665518761 0.204151973128319 0.20399983227253 0.203829631209373 0.203595966100693 0.203295990824699 0.202872917056084 0.202414214611053 0.201916694641113 0.20132540166378 0.200673446059227 0.200135037302971
-9999 -9999 -9999 -9999 -9999 -9999 -9999 -9999 -9999 -9999 -9999 -9999 -9999 -9999 -9999 0.19775065779686 0.197148770093918 0.202301487326622 0.20758992433548 0.208126559853554 0.209129527211189 0.209586352109909 0.210255920886993 0.211815819144249 0.212939083576202 0.213140547275543 0.212461471557617 0.210706174373627 0.208665698766708 0.20641753077507 0.204915583133698 0.203722670674324 0.203859284520149 0.204257264733315 0.204554095864296 0.204777956008911 0.204325526952744 0.203878298401833 0.20344939827919 0.203029856085777 0.202627703547478 0.202237293124199 0.201859652996063 0.201396688818932 0.200878515839577 0.200284242630005
0.204491451382637 0.204561561346054 -9999 -9999 -9999 -9999 -9999 -9999 -9999 -9999 -9999 0.20667365193367 0.199742093682289 -9999 -9999 -9999 0.197215020656586 0.196676880121231 0.201899036765099 0.207053288817406 0.207134559750557 0.209948733448982 0.212430253624916 0.213519528508186 0.21407987177372 0.213523551821709 0.212584257125854 0.211176872253418 0.209396004676819 0.207343116402626 0.205946609377861 0.204821944236755 0.204718977212906 0.204816848039627 0.204791396856308 0.204720005393028 0.204244405031204 0.203773677349091 0.203320130705833 0.202871471643448 0.202431902289391 0.202018544077873 0.201633736491203 0.201239138841629 0.20083823800087 0.200394153594971
0.204543367028236 0.204579740762711 0.204582422971725 -9999 -9999 -9999 -9999 -9999 -9999 -9999 -9999 0.210328847169876 0.206969738006592 0.199742093682289 -9999 -9999 0.1966263204813 0.196536228060722 0.196868091821671 0.200911000370979 0.205256670713425 0.210298523306847 0.214481398463249 0.215069279074669 0.215074822306633 0.213851019740105 0.212672784924507 0.21155022084713 0.20999838411808 0.2081338763237 0.206849157810211 0.205804571509361 0.205487430095673 0.2053132802248 0.205009341239929 0.204683676362038 0.204192981123924 0.203706622123718 0.203235521912575 0.202765136957169 0.202296108007431 0.201854303479195 0.201442182064056 0.201101288199425 0.200806468725204 0.200503751635551
0.204543367028236 0.204579740762711 0.204587802290916 0.205078452825546 0.205969378352165 -9999 -9999 -9999 -9999 -9999 -9999 -9999 0.210965678095818 0.206576734781265 0.199742093682289 0.198482528328896 0.1966263204813 0.196536228060722 0.196868091821671 0.200236797332764 0.204006791114807 0.210580751299858 0.215871706604958 0.215793132781982 0.215287566184998 0.213880583643913 0.212577521800995 0.211401507258415 0.209914654493332 0.208201378583908 0.207062497735023 0.206161484122276 0.205766528844833 0.205471053719521 0.205123409628868 0.20476333796978 0.204300880432129 0.203841045498848 0.203390508890152 0.202938094735146 0.202482178807259 0.201982453465462 0.201435014605522 0.201069012284279 0.200820431113243 0.20061169564724
0.204361215233803 0.204413339495659 0.204705134034157 0.205065086483955 0.205955758690834 -9999 -9999 -9999 -9999 0.209092006087303 0.209075137972832 0.210112169384956 0.212596014142036 0.210188835859299 0.203779965639114 0.200445428490639 0.198567137122154 0.19838535785675 0.198608934879303 0.200986281037331 0.203816816210747 0.211089804768562 0.216818615794182 0.21608492732048 0.215099275112152 0.213581755757332 0.212226271629333 0.211068838834763 0.209730669856071 0.208260834217072 0.207267075777054 0.206470474600792 0.205995053052902 0.205582782626152 0.205219700932503 0.204853668808937 0.204440981149673 0.204022169113159 0.203581854701042 0.203136041760445 0.202679991722107 0.202132001519203 0.201483845710754 0.201083719730377 0.200844064354897 0.200707450509071
0.203723654150963 0.203830927610397 0.204372152686119 0.205036789178848 0.205955758690834 0.206887274980545 0.20745462179184 0.208031311631203 0.208655536174774 0.209092006087303 0.209075137972832 0.210112169384956 0.212596014142036 0.212223395705223 0.209513708949089 0.207315713167191 0.205360099673271 0.204857438802719 0.204701945185661 0.205295026302338 0.206276714801788 0.21216593682766 0.216656982898712 0.215296491980553 0.213908389210701 0.212461978197098 0.211235031485558 0.210276305675507 0.209296062588692 0.20830012857914 0.207449749112129 0.206659644842148 0.206097155809402 0.205579414963722 0.205271571874619 0.204970687627792 0.204661592841148 0.204320013523102 0.203864112496376 0.203396499156952 0.202907130122185 0.202335000038147 0.201672673225403 0.201215818524361 0.200891897082329 0.200772792100906
0.202847018837929 0.203134790062904 0.203990787267685 0.205008372664452 0.205791845917702 0.206550404429436 0.207283645868301 0.208020150661469 0.208773374557495 0.209463641047478 0.210001870989799 0.211246937513351 0.213462367653847 0.214139997959137 0.213559433817863 0.212237685918808 0.210564866662025 0.210023552179337 0.209752604365349 0.209336906671524 0.209184676408768 0.213011801242828 0.215758308768272 0.213982343673706 0.212330609560013 0.210941165685654 0.209814384579659 0.209008663892746 0.208298087120056 0.20765683054924 0.20695823431015 0.20623591542244 0.205670416355133 0.205135732889175 0.204936668276787 0.204754218459129 0.20461268723011 0.204412668943405 0.204007059335709 0.203563958406448 0.203051254153252 0.20247220993042 0.201820880174637 0.201323062181473 0.200924590229988 0.200807735323906
0.201632350683212 0.202277883887291 0.203540995717049 0.204979762434959 0.20539616048336 0.205737262964249 0.206870913505554 0.207993224263191 0.209057837724686 0.210360690951347 0.21223883330822 0.213986083865166 0.215553611516953 0.215889826416969 0.215218618512154 0.214405119419098 0.213524207472801 0.213343262672424 0.213329553604126 0.213001489639282 0.212726131081581 0.213532090187073 0.213817596435547 0.21192492544651 0.210205882787704 0.208853349089622 0.207786664366722 0.20706932246685 0.206503659486771 0.206048458814621 0.205513551831245 0.204945638775826 0.20449598133564 0.204069554805756 0.204054921865463 0.204066276550293 0.204182699322701 0.204215258359909 0.20395302772522 0.203599900007248 0.203077971935272 0.202516406774521 0.201911643147469 0.201395183801651 0.200935870409012 0.200799733400345
0.2025126516819 0.203372478485107 0.204501286149025 0.205706566572189 0.205592334270477 0.205404624342918 0.206879585981369 0.20831860601902 0.209574729204178 0.211013317108154 0.212892472743988 0.214245811104774 0.214877262711525 0.214878782629967 0.214364916086197 0.213791847229004 0.213190734386444 0.213088929653168 0.213106408715248 0.212883785367012 0.212625190615654 0.212083071470261 0.21131032705307 0.209572374820709 0.207984313368797 0.206712678074837 0.205730959773064 0.205103576183319 0.204653635621071 0.204332962632179 0.20396825671196 0.203585341572762 0.20330522954464 0.203045338392258 0.203203096985817 0.203390344977379 0.203714683651924 0.203938215970993 0.203807353973389 0.203548267483711 0.203051045536995 0.202519625425339 0.201950937509537 0.201447114348412 0.200985252857208 0.20085521042347
0.205157160758972 0.206110492348671 0.206649005413055 0.207069531083107 0.206286936998367 0.205476626753807 0.207243129611015 0.208940669894218 0.210287377238274 0.211460098624229 0.212212771177292 0.212417587637901 0.211870282888412 0.211542755365372 0.211395055055618 0.21083690226078 0.210084319114685 0.209824830293655 0.209683135151863 0.209580942988396 0.209456920623779 0.208975657820702 0.208325937390327 0.206971272826195 0.205681189894676 0.204527467489243 0.203651681542397 0.203115582466125 0.202756837010384 0.20252725481987 0.202338248491287 0.20216603577137 0.20210075378418 0.202056467533112 0.202376484870911 0.202724516391754 0.203214630484581 0.203594088554382 0.203584477305412 0.203422874212265 0.202978953719139 0.202488347887993 0.201946869492531 0.201482012867928 0.201066732406616 0.200964152812958
0.205380856990814 0.206162840127945 0.206457421183586 0.206613406538963 0.2059545814991 0.205285176634789 0.206581637263298 0.207811683416367 0.208703920245171 0.209386378526688 0.209562331438065 0.209322780370712 0.208512753248215 0.208244189620018 0.208418607711792 0.208041429519653 0.207402959465981 0.20717166364193 0.207037642598152 0.206985130906105 0.206909611821175 0.206417411565781 0.205812811851501 0.204737886786461 0.203711435198784 0.202787294983864 0.202083706855774 0.201649650931358 0.201378524303436 0.201226100325584 0.201186969876289 0.201194778084755 0.201325684785843 0.201480805873871 0.201910018920898 0.202358305454254 0.202894017100334 0.203319162130356 0.203355520963669 0.203237622976303 0.202833220362663 0.202391311526299 0.201908573508263 0.201505616307259 0.20115427672863 0.201055809855461
0.204419881105423 0.204900905489922 0.205121070146561 0.205267071723938 0.20511968433857 0.204964801669121 0.205418512225151 0.20582577586174 0.205996811389923 0.206079185009003 0.205947488546371 0.205608129501343 0.204983681440353 0.204963937401772 0.205438926815987 0.205323994159698 0.204929620027542 0.204817473888397 0.204772755503654 0.204735323786736 0.204666167497635 0.204127907752991 0.203530326485634 0.202684462070465 0.201904803514481 0.201264917850494 0.200765937566757 0.200439184904099 0.200253963470459 0.200171858072281 0.200269982218742 0.200442761182785 0.200760781764984 0.201107367873192 0.201619789004326 0.202138721942902 0.202661216259003 0.203078091144562 0.203123584389687 0.203023076057434 0.202651426196098 0.202262103557587 0.201853513717651 0.201523676514626 0.201244801282883 0.201139017939568
0.203231766819954 0.203513920307159 0.203653290867805 0.203752055764198 0.203718811273575 0.20367842912674 0.203810006380081 0.203914880752563 0.203883826732635 0.203803241252899 0.20360304415226 0.203305751085281 0.202875182032585 0.202887400984764 0.203261911869049 0.203203439712524 0.202939882874489 0.2029769718647 0.203085899353027 0.203094333410263 0.203063771128654 0.202565923333168 0.202038809657097 0.201389163732529 0.200812980532646 0.20039190351963 0.200056537985802 0.199825912714005 0.199700504541397 0.199651703238487 0.199783369898796 0.199989765882492 0.20037704706192 0.200799897313118 0.201344400644302 0.201888158917427 0.202380686998367 0.202771961688995 0.202807247638702 0.202712967991829 0.202378049492836 0.202039912343025 0.201698273420334 0.201452076435089 0.201267659664154 0.201182767748833
