Ecospace-environmental-drivers/Outputs/ASCII-for-ecospace/MOM6-ISIMIP3a/o2/2007-04_o2_MOM6-ISIMIP3a.asc
NCOLS 131 
NROWS 53 
XLLCORNER -98 
YLLCORNER 23.9265270233154 
CELLSIZE 0.133587792515755 
NODATA_value -9999 
[rows 21 to 41 of 53, columns 0 to 45 of 131]
-9999 -9999 -9999 -9999 -9999 -9999 0.235000774264336 0.235107004642487 0.235401540994644 0.235843732953072 0.235977664589882 0.235828921198845 0.236110031604767 0.236947357654572 0.237524211406708 0.237800538539886 0.237869694828987 0.23779658973217 0.237201884388924 0.236405789852142 0.235756441950798 0.235132992267609 0.234001308679581 0.232849702239037 0.231624752283096 0.230478510260582 0.229587405920029 0.228712692856789 0.22786657512188 0.227109298110008 0.226443469524384 0.225685372948647 0.224871054291725 0.224237039685249 0.223663121461868 0.223503425717354 0.223402485251427 0.223510846495628 0.22360335290432 0.223594829440117 0.223636239767075 0.223816603422165 0.22407278418541 0.224446088075638 0.224626243114471 0.224629104137421
-9999 -9999 -9999 -9999 -9999 -9999 0.2349863499403 0.235000774264336 0.235213235020638 0.23554839193821 0.235843732953072 0.236260339617729 0.236698746681213 0.237180292606354 0.23725400865078 0.236857131123543 0.236195757985115 0.235352724790573 0.234084904193878 0.232653051614761 0.231814041733742 0.231079638004303 0.230113536119461 0.22912871837616 0.228030145168304 0.226990729570389 0.226143091917038 0.225349187850952 0.224649026989937 0.224063888192177 0.223597094416618 0.223120614886284 0.222638219594955 0.222243756055832 0.221878603100777 0.221776649355888 0.221712082624435 0.22178903222084 0.221858203411102 0.221877828240395 0.221917659044266 0.222013711929321 0.222151249647141 0.222352936863899 0.222463071346283 0.222489207983017
-9999 -9999 -9999 -9999 0.234097629785538 0.234698563814163 0.2349673807621 0.234990909695625 0.235000774264336 0.235425695776939 0.235923364758492 0.236699447035789 0.237222969532013 0.237246721982956 0.236771002411842 0.235718980431557 0.234359219670296 0.232788115739822 0.230902910232544 0.228896424174309 0.22788468003273 0.227048486471176 0.226268887519836 0.225472703576088 0.224527940154076 0.223621472716331 0.222839191555977 0.222147509455681 0.221613958477974 0.221215680241585 0.22095662355423 0.220765501260757 0.220615789294243 0.220462933182716 0.220309019088745 0.220260575413704 0.220227256417274 0.220269247889519 0.220310047268867 0.220343261957169 0.220368191599846 0.220370054244995 0.220384046435356 0.220416739583015 0.220460996031761 0.220515832304955
-9999 -9999 -9999 -9999 0.232718110084534 0.234006479382515 0.234429731965065 0.2349673807621 0.235004559159279 0.235477805137634 0.235924065113068 0.236267060041428 0.236229926347733 0.235440611839294 0.234383031725883 0.233015924692154 0.231581151485443 0.23009991645813 0.228606104850769 0.22710745036602 0.226253852248192 0.225514099001884 0.224817976355553 0.224108278751373 0.223277360200882 0.222479686141014 0.221789807081223 0.221198007464409 0.220777422189713 0.220471113920212 0.220282435417175 0.220161154866219 0.220080927014351 0.220009312033653 0.219940587878227 0.219932690262794 0.219933450222015 0.219968169927597 0.219998672604561 0.220002248883247 0.219995021820068 0.219957694411278 0.219925493001938 0.219901248812675 0.219906389713287 0.219938516616821
-9999 -9999 -9999 -9999 -9999 0.232718110084534 0.233910709619522 0.23389208316803 0.235067889094353 0.235540822148323 0.235883459448814 0.235727399587631 0.235125511884689 0.233641475439072 0.232111394405365 0.230528205633163 0.229078754782677 0.227721184492111 0.226594418287277 0.225556775927544 0.224873229861259 0.224252164363861 0.223656222224236 0.223046824336052 0.222320586442947 0.221616417169571 0.220983773469925 0.220456466078758 0.220113009214401 0.219869568943977 0.219729065895081 0.219656959176064 0.219626501202583 0.21961498260498 0.219609797000885 0.219632297754288 0.219658643007278 0.219689577817917 0.219713851809502 0.219695821404457 0.219663590192795 0.219591811299324 0.219520449638367 0.219449728727341 0.219425022602081 0.219442531466484
-9999 -9999 -9999 -9999 -9999 0.232877150177956 0.232718110084534 0.234065249562263 0.23539225757122 0.235651642084122 0.235661670565605 0.234717339277267 0.233532801270485 0.231872990727425 0.230349943041801 0.22898468375206 0.227785140275955 0.226699367165565 0.225832864642143 0.225051000714302 0.224589630961418 0.224184811115265 0.223762318491936 0.223313853144646 0.222652047872543 0.221974283456802 0.221244767308235 0.220626771450043 0.22020335495472 0.219895139336586 0.21970546245575 0.219591945409775 0.219524815678596 0.219480603933334 0.219444021582603 0.219452381134033 0.219467163085938 0.219509527087212 0.219545543193817 0.219541043043137 0.219515144824982 0.219429731369019 0.219349920749664 0.219278782606125 0.219264760613441 0.219303146004677
-9999 -9999 0.233180910348892 0.233155593276024 0.233141720294952 0.233036369085312 0.23287695646286 0.234303176403046 0.235691875219345 0.235661700367928 0.235319525003433 0.233783036470413 0.232185453176498 0.230466902256012 0.228986397385597 0.227780550718307 0.226728975772858 0.225783348083496 0.22506907582283 0.224444136023521 0.224141493439674 0.223895713686943 0.223671808838844 0.223415404558182 0.222884148359299 0.222296878695488 0.221528083086014 0.22085465490818 0.220347657799721 0.21996745467186 0.219717711210251 0.219550892710686 0.219434604048729 0.219347640872002 0.219270437955856 0.21926137804985 0.219262093305588 0.219313457608223 0.219358861446381 0.219366371631622 0.219347253441811 0.219253972172737 0.219171658158302 0.219106331467628 0.21910086274147 0.219150319695473
-9999.000000000000000 -9999 -9999 -9999 0.233288675546646 0.233247086405754 0.233344197273254 0.234682381153107 0.235937476158142 0.235451951622963 0.234714716672897 0.233014062047005 0.231373429298401 0.22985152900219 0.228491067886353 0.2273168861866 0.22619092464447 0.225098103284836 0.224300429224968 0.223616704344749 0.223334327340126 0.223122760653496 0.223152309656143 0.223155930638313 0.222899466753006 0.222542569041252 0.221860066056252 0.221208170056343 0.220609679818153 0.220141768455505 0.219808235764503 0.219562172889709 0.219369396567345 0.219217762351036 0.219079837203026 0.219046145677567 0.219027400016785 0.21908238530159 0.219132125377655 0.219148352742195 0.219136893749237 0.21904830634594 0.218976497650146 0.218930602073669 0.218929037451744 0.218968167901039
-9999 -9999 -9999 -9999 0.23346383869648 0.233582571148872 0.233594998717308 0.234887450933456 0.236073389649391 0.235220015048981 0.234178498387337 0.232416868209839 0.230738267302513 0.22922395169735 0.227821499109268 0.226548105478287 0.225312680006027 0.224103301763535 0.223270431160927 0.222582951188087 0.222300201654434 0.222088888287544 0.222347527742386 0.222591787576675 0.222630500793457 0.222539067268372 0.222025707364082 0.221472829580307 0.220851004123688 0.220339566469193 0.219941690564156 0.219629272818565 0.219368919730186 0.219154357910156 0.21895506978035 0.218878984451294 0.21882064640522 0.218862369656563 0.218900546431541 0.218916222453117 0.218907564878464 0.218831107020378 0.218773782253265 0.218746051192284 0.218750506639481 0.218784496188164
-9999 -9999 -9999 -9999 0.233572214841843 0.233561858534813 0.233549073338509 0.234873443841934 0.236071288585663 0.234960153698921 0.233728528022766 0.232035771012306 0.230325594544411 0.228580996394157 0.226932689547539 0.225395500659943 0.224006399512291 0.222719013690948 0.221911638975143 0.221289619803429 0.220980569720268 0.220726758241653 0.221183851361275 0.221644386649132 0.222003892064095 0.222222074866295 0.221982032060623 0.221625670790672 0.221066311001778 0.220566898584366 0.220129162073135 0.21976663172245 0.219449907541275 0.219174608588219 0.218913123011589 0.218772292137146 0.218649059534073 0.218656226992607 0.218662902712822 0.218666359782219 0.218654364347458 0.21859934926033 0.218561559915543 0.218550428748131 0.218563541769981 0.218598902225494
-9999 -9999 -9999 -9999 0.233561858534813 0.233546376228333 0.233528211712837 0.234819948673248 0.235977649688721 0.234766378998756 0.233457639813423 0.231775805354118 0.229996219277382 0.228023201227188 0.226149410009384 0.224390134215355 0.222928732633591 0.221671938896179 0.220926761627197 0.220379158854485 0.220056876540184 0.21977436542511 0.220240488648415 0.220728859305382 0.221266031265259 0.221675679087639 0.221671804785728 0.221515789628029 0.221094265580177 0.220677331089973 0.220265105366707 0.219892799854279 0.21954482793808 0.219227656722069 0.218920737504959 0.218718141317368 0.218531042337418 0.218492865562439 0.218457892537117 0.218443363904953 0.218422770500183 0.218385323882103 0.218366399407387 0.218376114964485 0.21839813888073 0.218431457877159
-9999 -9999 -9999 -9999 0.233545482158661 0.233528211712837 0.234679833054543 0.234736829996109 0.235815361142159 0.234622180461884 0.23332105576992 0.231606721878052 0.229729309678078 0.227529272437096 0.225445285439491 0.223495200276375 0.222022533416748 0.220877751708031 0.220222324132919 0.219755873084068 0.219430163502693 0.219129279255867 0.219462364912033 0.219837248325348 0.220444738864899 0.220957219600677 0.221161663532257 0.22120888531208 0.220981702208519 0.220700055360794 0.220362395048141 0.220010608434677 0.219650223851204 0.219305291771889 0.218965515494347 0.218703418970108 0.218453213572502 0.21836157143116 0.218277364969254 0.218240529298782 0.21820741891861 0.218184620141983 0.218184038996696 0.218217790126801 0.218248918652534 0.218277603387833
-9999 -9999 -9999 -9999 0.233528211712837 0.234676480293274 0.235288381576538 0.235634341835976 0.235577464103699 0.234445139765739 0.23315903544426 0.231284350156784 0.229281172156334 0.22702369093895 0.224900588393211 0.222932517528534 0.221475645899773 0.220369845628738 0.219762399792671 0.219347387552261 0.219073817133904 0.218825191259384 0.219031989574432 0.219281405210495 0.219802901148796 0.220268130302429 0.220550954341888 0.220700994133949 0.220619320869446 0.220458477735519 0.220216184854507 0.219923824071884 0.219600960612297 0.219280913472176 0.218961820006371 0.218669876456261 0.218382865190506 0.218258872628212 0.218144625425339 0.21809233725071 0.218049630522728 0.2180335521698 0.218043059110641 0.218092083930969 0.218131124973297 0.218161001801491
-9999 -9999 -9999 -9999 -9999 0.235055863857269 0.235209509730339 0.235493987798691 0.235307186841965 0.234254017472267 0.232986107468605 0.230896309018135 0.228755339980125 0.226513117551804 0.224424228072166 0.222512230277061 0.221082761883736 0.219984635710716 0.219407260417938 0.21903096139431 0.218833342194557 0.218667253851891 0.218750670552254 0.218869492411613 0.219237983226776 0.21959163248539 0.219897136092186 0.220106989145279 0.220149889588356 0.220103621482849 0.219965606927872 0.219749346375465 0.219485431909561 0.219212830066681 0.218937337398529 0.218628272414207 0.218315750360489 0.218168452382088 0.218032360076904 0.217967569828033 0.217916533350945 0.217903777956963 0.217919811606407 0.217980340123177 0.218026801943779 0.218060374259949
-9999 -9999 -9999 -9999 -9999 0.234473496675491 0.234669715166092 0.23450018465519 0.234478086233139 0.233555257320404 0.232343032956123 0.230023190379143 0.227749541401863 0.225567296147346 0.223581984639168 0.221823871135712 0.220534175634384 0.219566151499748 0.219090521335602 0.218805015087128 0.218691810965538 0.218609020113945 0.21863865852356 0.218691349029541 0.218915730714798 0.219144701957703 0.219388514757156 0.219568863511086 0.219638526439667 0.219640776515007 0.21957366168499 0.219422608613968 0.219220414757729 0.219012409448624 0.218802481889725 0.218503072857857 0.218192473053932 0.218046247959137 0.217912495136261 0.217858135700226 0.217814311385155 0.217799812555313 0.217816188931465 0.217880323529243 0.217940717935562 0.217997699975967
-9999 -9999 -9999 -9999 -9999 0.233430057764053 0.233541280031204 0.234014987945557 0.233533382415771 0.232751473784447 0.231602683663368 0.22904971241951 0.226644441485405 0.224531427025795 0.222664028406143 0.221080049872398 0.219953387975693 0.21914079785347 0.218781739473343 0.218597799539566 0.218570753931999 0.218571409583092 0.218561679124832 0.218561574816704 0.218643695116043 0.218745276331902 0.218909904360771 0.21904231607914 0.219118475914001 0.219155579805374 0.219152480363846 0.219064369797707 0.218924462795258 0.218784615397453 0.218644797801971 0.21836057305336 0.218057572841644 0.2179174721241 0.217791065573692 0.217751875519753 0.217718467116356 0.21770116686821 0.217716634273529 0.217782720923424 0.217858403921127 0.217942893505096
-9999 -9999 -9999 -9999 -9999 -9999 0.232079192996025 0.232108652591705 0.232039049267769 0.231358110904694 0.230324134230614 0.227938801050186 0.225671231746674 0.223636716604233 0.221871763467789 0.220417857170105 0.219454288482666 0.218827426433563 0.218567848205566 0.218450084328651 0.218502968549728 0.218585953116417 0.218541085720062 0.218503147363663 0.218546286225319 0.218592569231987 0.218649044632912 0.218698218464851 0.218734636902809 0.218779802322388 0.218833982944489 0.21874575316906 0.218570783734322 0.218409702181816 0.218253254890442 0.218040391802788 0.217820674180984 0.217732131481171 0.217655718326569 0.217656537890434 0.217648386955261 0.217615202069283 0.217622578144073 0.217692643404007 0.217797666788101 0.217934787273407
-9999 -9999 -9999 -9999 -9999 -9999 0.230583280324936 0.230113923549652 0.230549886822701 0.2299425303936 0.229001775383949 0.226784840226173 0.224658444523811 0.222711190581322 0.221060454845428 0.219751834869385 0.218961805105209 0.218527913093567 0.218366906046867 0.21831126511097 0.218437671661377 0.218596220016479 0.218517258763313 0.218443870544434 0.218460232019424 0.218459337949753 0.218402475118637 0.218365833163261 0.21836444735527 0.218414068222046 0.218516141176224 0.21842285990715 0.218210563063622 0.218029618263245 0.217859134078026 0.217718929052353 0.217583641409874 0.217547327280045 0.217522159218788 0.217567980289459 0.217587545514107 0.217534080147743 0.217528387904167 0.217596516013145 0.217725232243538 0.217909529805183
-9999 -9999 -9999 -9999 -9999 -9999 0.228680282831192 0.229527249932289 0.229378491640091 0.228571429848671 0.227469250559807 0.225237399339676 0.223160341382027 0.221389576792717 0.219985902309418 0.219005763530731 0.218501001596451 0.218322709202766 0.218258768320084 0.218238979578018 0.218373730778694 0.218535736203194 0.218431934714317 0.21834160387516 0.218411892652512 0.218415752053261 0.218204244971275 0.218071117997169 0.218074753880501 0.218102902173996 0.218156278133392 0.218035370111465 0.217808276414871 0.217664778232574 0.217549130320549 0.217468813061714 0.217393904924393 0.217395395040512 0.217414572834969 0.217546388506889 0.217613101005554 0.217498540878296 0.217429935932159 0.217432305216789 0.21751756966114 0.217678874731064
-9999 -9999 -9999 -9999 -9999 0.224523901939392 0.226526170969009 0.226399660110474 0.228139623999596 0.227129235863686 0.225871503353119 0.223667025566101 0.221681952476501 0.220131054520607 0.218998730182648 0.218349352478981 0.218114763498306 0.218165040016174 0.218176767230034 0.2181735932827 0.218294277787209 0.218436807394028 0.218300566077232 0.218183025717735 0.218272238969803 0.218264043331146 0.217940002679825 0.217732444405556 0.217728152871132 0.217728868126869 0.217734754085541 0.217606201767921 0.217395752668381 0.217307612299919 0.217260256409645 0.217237964272499 0.217219471931458 0.217247784137726 0.217296823859215 0.21747787296772 0.217571228742599 0.21742045879364 0.217309087514877 0.217258557677269 0.21729439496994 0.21740947663784
-9999 -9999 -9999 -9999 0.221582442522049 0.223344296216965 0.224523901939392 0.22565384209156 0.226653397083282 0.225426375865936 0.224034667015076 0.222012594342232 0.220275893807411 0.219103842973709 0.218331903219223 0.218021631240845 0.218001902103424 0.218181729316711 0.218190625309944 0.218133509159088 0.218158021569252 0.218196913599968 0.218000322580338 0.217818021774292 0.217797800898552 0.217715829610825 0.21743369102478 0.217232570052147 0.217172861099243 0.217124253511429 0.21708707511425 0.217024207115173 0.216945677995682 0.216978654265404 0.217048794031143 0.21707783639431 0.217101126909256 0.21711602807045 0.217141836881638 0.217237234115601 0.217282116413116 0.217186376452446 0.217106118798256 0.217049792408943 0.217014342546463 0.216998025774956
