Ecospace-environmental-drivers/Outputs/ASCII-for-ecospace/MOM6-ISIMIP3a/o2/2007-08_o2_MOM6-ISIMIP3a.asc
NCOLS 131 
NROWS 53 
XLLCORNER -98 
YLLCORNER 23.9265270233154 
CELLSIZE 0.133587792515755 
NODATA_value -9999 
[rows 0 to 20 of 53, columns 46 to 91 of 131]
-9999 -9999 -9999 -9999 -9999 -9999 -9999 -9999 -9999 -9999 -9999 -9999 -9999 -9999 -9999 -9999 -9999 -9999 -9999 -9999 -9999 -9999 -9999 -9999 -9999 -9999 -9999 -9999 -9999 -9999 -9999 -9999 -9999 -9999 -9999 -9999 -9999 -9999 -9999 -9999 -9999 -9999 -9999 -9999 -9999 -9999
-9999 -9999 -9999 -9999 -9999 -9999 -9999 -9999 -9999 -9999 -9999 -9999 -9999 -9999 -9999 -9999 -9999 -9999 -9999 -9999 -9999 -9999 -9999 -9999 -9999 -9999 -9999 -9999 -9999 -9999 -9999 -9999 -9999 -9999 -9999 -9999 -9999 -9999 -9999 -9999 -9999 -9999 -9999 -9999 -9999 -9999
-9999 -9999 -9999 -9999 -9999 -9999 -9999 -9999 -9999 -9999 -9999 -9999 -9999 -9999 -9999 -9999 -9999 -9999 -9999 -9999 -9999 -9999 -9999 -9999 -9999 -9999 -9999 -9999 0.210325345396996 0.209352105855942 -9999 -9999 -9999 -9999 -9999 -9999 -9999 -9999 -9999 -9999 -9999 -9999 -9999 -9999 -9999 -9999
-9999 -9999 -9999 -9999 -9999 -9999 -9999 -9999 -9999 -9999 -9999 -9999 -9999 -9999 -9999 -9999 -9999 -9999 -9999 -9999 -9999 -9999 -9999 -9999 -9999 -9999 -9999 -9999 0.21026973426342 0.20933111011982 -9999 -9999 -9999 -9999 -9999 -9999 -9999 -9999 -9999 -9999 -9999 -9999 -9999 -9999 -9999 -9999
-9999 -9999 -9999 -9999 -9999 -9999 -9999 -9999 -9999 -9999 -9999 -9999 -9999 -9999 -9999 -9999 -9999 -9999 -9999 0.199008584022522 0.199815213680267 0.200460523366928 0.20422475039959 0.207216992974281 0.211571782827377 0.213222116231918 0.212569892406464 0.211405798792839 0.210149824619293 0.209253594279289 0.208589896559715 -9999 -9999 0.203762948513031 0.201765432953835 0.200329720973969 0.199330389499664 0.198875993490219 0.198618412017822 0.198520734906197 0.198401898145676 0.19822570681572 0.197949841618538 -9999 -9999 -9999
-9999 -9999 -9999 -9999 -9999 -9999 -9999 -9999 -9999 -9999 -9999 -9999 -9999 -9999 -9999 0.175502553582191 -9999 0.177348494529724 0.178918540477753 0.189199686050415 0.199008584022522 0.199976548552513 0.200460523366928 0.207988977432251 0.213201493024826 0.213524892926216 0.212939947843552 0.211244851350784 0.210032597184181 0.209172040224075 0.20855613052845 0.20804151892662 0.205970987677574 0.203594624996185 0.201723232865334 0.199978426098824 0.19928751885891 0.198725238442421 0.198615223169327 0.19851478934288 0.198432177305222 0.198258712887764 0.197986245155334 0.197604566812515 0.197152227163315 -9999
-9999 -9999 -9999 -9999 -9999 -9999 -9999 -9999 -9999 -9999 -9999 0.179613426327705 0.179428189992905 0.179330691695213 0.179159164428711 0.177327141165733 0.175342246890068 0.175662860274315 0.177464082837105 0.178918540477753 0.189671948552132 0.199008584022522 0.200460523366928 0.207988977432251 0.213201493024826 0.213524892926216 0.212939947843552 0.211244851350784 0.210032597184181 0.209172040224075 0.20855613052845 0.20804151892662 0.205970987677574 0.203594624996185 0.201723232865334 0.199978426098824 0.19928751885891 0.198725238442421 0.198615223169327 0.19851478934288 0.198432177305222 0.198258712887764 0.197986245155334 0.197604566812515 0.197152227163315 0.197032675147057
-9999 -9999 -9999 -9999 -9999 -9999 -9999 -9999 -9999 -9999 -9999 0.180606603622437 0.179613426327705 0.179242938756943 -9999 0.179098874330521 0.177396014332771 0.175021633505821 0.175662860274315 0.177810847759247 0.178918540477753 0.191088736057281 0.202750906348228 0.212286978960037 0.218890070915222 0.219301417469978 0.218511819839478 0.216254383325577 0.214386805891991 0.212803184986115 0.211019247770309 0.209152355790138 0.206390514969826 0.203452751040459 0.201600134372711 0.199897557497025 0.199267998337746 0.198754608631134 0.198649689555168 0.198565781116486 0.19852089881897 0.198408201336861 0.198221638798714 0.197927951812744 0.197564959526062 0.19744086265564
-9999 -9999 -9999 -9999 -9999 -9999 -9999 -9999 -9999 -9999 -9999 -9999 -9999 -9999 -9999 0.178921177983284 0.179502978920937 0.177871435880661 0.174380391836166 0.175662860274315 0.178851142525673 0.192252442240715 0.205322086811066 0.217003732919693 0.22508616745472 0.225570380687714 0.224541589617729 0.221663579344749 0.219069629907608 0.216682597994804 0.213624939322472 0.210289552807808 0.206800922751427 0.203282162547112 0.201463028788567 0.199817761778831 0.199256062507629 0.198796316981316 0.198695108294487 0.198626890778542 0.198619946837425 0.198571339249611 0.1984773427248 0.198280334472656 0.198016673326492 0.197733372449875
0.202863931655884 0.202876269817352 -9999 -9999 -9999 -9999 -9999 -9999 -9999 -9999 -9999 0.198702767491341 0.181624621152878 -9999 -9999 -9999 0.179018601775169 0.181358829140663 0.178936526179314 0.173097938299179 0.174021556973457 0.192092642188072 0.208786949515343 0.219719380140305 0.227045223116875 0.226757302880287 0.225089132785797 0.221734046936035 0.218474268913269 0.215283900499344 0.211771294474602 0.20812526345253 0.205316200852394 0.202671691775322 0.201314508914948 0.200079798698425 0.19957560300827 0.199146777391434 0.198982939124107 0.198839768767357 0.198734998703003 0.198632955551147 0.198533892631531 0.198396295309067 0.198233768343925 0.197967156767845
0.202756434679031 0.202996104955673 0.20301379263401 -9999 -9999 -9999 -9999 -9999 -9999 -9999 -9999 0.207550317049026 0.198187291622162 0.181624621152878 -9999 -9999 0.176649585366249 0.180792793631554 0.186634108424187 0.178494930267334 0.171380445361137 0.193159148097038 0.212623670697212 0.222403168678284 0.228731900453568 0.22777584195137 0.225561499595642 0.221809312701225 0.217958554625511 0.214035987854004 0.210161432623863 0.206306770443916 0.204115763306618 0.202251806855202 0.201305240392685 0.200434491038322 0.199972480535507 0.199559196829796 0.199317291378975 0.199087649583817 0.198880836367607 0.198715418577194 0.198595091700554 0.198504149913788 0.198432251811028 0.198200881481171
0.202756434679031 0.202996104955673 0.203049182891846 0.203411757946014 0.204327523708344 -9999 -9999 -9999 -9999 -9999 -9999 -9999 0.20687173306942 0.195844233036041 0.181624621152878 0.179613426327705 0.176649585366249 0.180792793631554 0.186634108424187 0.183090418577194 0.18047796189785 0.200803384184837 0.218454942107201 0.224916040897369 0.22895759344101 0.227891251444817 0.225630611181259 0.221910282969475 0.217870101332664 0.213596925139427 0.209859147667885 0.206343099474907 0.204440161585808 0.202854305505753 0.202042937278748 0.201286286115646 0.200784176588058 0.20030403137207 0.19990111887455 0.199523240327835 0.199191868305206 0.198909685015678 0.198681086301804 0.198568478226662 0.198530927300453 0.198434308171272
0.20276452600956 0.202944546937943 0.203082501888275 0.203208491206169 0.20430688560009 -9999 -9999 -9999 -9999 0.206388726830482 0.207347050309181 0.208376184105873 0.209502503275871 0.202736526727676 0.189513251185417 0.183340772986412 0.180508092045784 0.183932259678841 0.18885138630867 0.188689380884171 0.189366072416306 0.20733043551445 0.222546428442001 0.226260185241699 0.228409320116043 0.227255403995514 0.225114479660988 0.221767202019691 0.217895910143852 0.213642925024033 0.210145384073257 0.206960678100586 0.205221906304359 0.203767374157906 0.202985614538193 0.202245488762856 0.201668426394463 0.201096311211586 0.200541570782661 0.200020864605904 0.199563339352608 0.199164465069771 0.198829472064972 0.198675021529198 0.198637381196022 0.198639929294586
0.202792823314667 0.202764049172401 0.202950105071068 0.203197240829468 0.20430688560009 0.205467194318771 0.205611497163773 0.20576511323452 0.205966010689735 0.206388726830482 0.207347050309181 0.208376184105873 0.209502503275871 0.206479087471962 0.200060442090034 0.196386680006981 0.194013103842735 0.194920554757118 0.196611955761909 0.196797102689743 0.197730720043182 0.211064457893372 0.222288355231285 0.22468239068985 0.225926101207733 0.224741384387016 0.223135232925415 0.221013963222504 0.218207389116287 0.214901655912399 0.211902946233749 0.209031373262405 0.207147061824799 0.205456838011742 0.204440847039223 0.203473210334778 0.202734112739563 0.202007278800011 0.201323628425598 0.200673580169678 0.200085952877998 0.199570551514626 0.199133858084679 0.198887094855309 0.198763236403465 0.19877602159977
0.20399397611618 0.203862458467484 0.20363162457943 0.203372552990913 0.204254642128944 0.205225497484207 0.205438941717148 0.205685973167419 0.206103801727295 0.206826344132423 0.20828466117382 0.209513425827026 0.210427075624466 0.209595620632172 0.207336366176605 0.205469951033592 0.203789621591568 0.203521490097046 0.203590780496597 0.204092770814896 0.205130085349083 0.213526472449303 0.220543652772903 0.221788704395294 0.222364753484726 0.221528485417366 0.220607966184616 0.219584494829178 0.217757925391197 0.21534638106823 0.212820261716843 0.210246667265892 0.208319678902626 0.206519812345505 0.205371364951134 0.204275667667389 0.203459665179253 0.202657803893089 0.201905712485313 0.201182186603546 0.200511708855629 0.199923470616341 0.199424847960472 0.1991046667099 0.198899954557419 0.198896154761314
0.206853300333023 0.206769004464149 0.205463901162148 0.203811630606651 0.204128533601761 0.204642087221146 0.205022424459457 0.205494940280914 0.206436395645142 0.207882657647133 0.210547864437103 0.212258547544479 0.212658807635307 0.21182706952095 0.209987312555313 0.208950787782669 0.208294719457626 0.208747118711472 0.209464371204376 0.210240364074707 0.211164757609367 0.214190140366554 0.21669714152813 0.217034608125687 0.217279136180878 0.217327460646629 0.217305913567543 0.217198953032494 0.216232597827911 0.214640259742737 0.212549611926079 0.210252583026886 0.208428353071213 0.206697046756744 0.205560058355331 0.204476863145828 0.203704327344894 0.202940106391907 0.20220510661602 0.201487079262733 0.200800523161888 0.20020118355751 0.199696898460388 0.199330016970634 0.199052065610886 0.198993697762489
0.206739842891693 0.207107722759247 0.206268012523651 0.205084875226021 0.205035164952278 0.20511482656002 0.205555528402328 0.206089094281197 0.20709502696991 0.208476349711418 0.210764095187187 0.211942985653877 0.211599573493004 0.210716724395752 0.209392532706261 0.208859637379646 0.208701565861702 0.20928031206131 0.210035085678101 0.210783109068871 0.211512461304665 0.211976781487465 0.212397813796997 0.212637662887573 0.213064253330231 0.21388503909111 0.214457273483276 0.214725762605667 0.214063733816147 0.212723940610886 0.210894152522087 0.208861455321312 0.207276582717896 0.205779746174812 0.204839631915092 0.203947618603706 0.203324094414711 0.20269675552845 0.202055990695953 0.201423510909081 0.200806468725204 0.200270920991898 0.199824169278145 0.199478015303612 0.199196964502335 0.199121624231339
0.204122930765152 0.205284029245377 0.206206277012825 0.207060620188713 0.206811472773552 0.206476986408234 0.206888347864151 0.207344457507133 0.208028197288513 0.208680421113968 0.209256529808044 0.209049984812737 0.207768931984901 0.206792205572128 0.206064447760582 0.205760464072227 0.205657199025154 0.205861896276474 0.206140160560608 0.20660588145256 0.207071051001549 0.207340613007545 0.207717180252075 0.208541497588158 0.209582611918449 0.21108141541481 0.211990475654602 0.212178766727448 0.211352944374084 0.209788471460342 0.208072528243065 0.206293851137161 0.20506340265274 0.203940719366074 0.203353643417358 0.202803269028664 0.202417641878128 0.20201076567173 0.201529145240784 0.20104968547821 0.200574204325676 0.200165495276451 0.199829488992691 0.19956086575985 0.199335813522339 0.199275135993958
0.202513545751572 0.20351006090641 0.20457661151886 0.205663099884987 0.205549076199532 0.205329403281212 0.205575183033943 0.205832406878471 0.206147938966751 0.206351920962334 0.206286579370499 0.20578533411026 0.204685673117638 0.2039974629879 0.203645870089531 0.203457906842232 0.203347429633141 0.203355401754379 0.203391700983047 0.203681021928787 0.203988865017891 0.204313144087791 0.204799517989159 0.205964297056198 0.207232177257538 0.208717718720436 0.209468275308609 0.20932050049305 0.208371102809906 0.206837818026543 0.205412641167641 0.204032242298126 0.203212007880211 0.202501878142357 0.202184215188026 0.201885506510735 0.201629921793938 0.201351180672646 0.200991064310074 0.200639590620995 0.20030415058136 0.200017407536507 0.199783742427826 0.199598357081413 0.199444219470024 0.199418604373932
0.201397195458412 0.201760426163673 0.20217964053154 0.202614799141884 0.202799633145332 0.202953636646271 0.202967137098312 0.202966064214706 0.202890858054161 0.202784061431885 0.202600970864296 0.202338829636574 0.201968163251877 0.201755598187447 0.20167239010334 0.201545193791389 0.201397150754929 0.20129519701004 0.201204270124435 0.201369032263756 0.201571851968765 0.202072903513908 0.202744618058205 0.204130440950394 0.205435320734978 0.206569328904152 0.206918954849243 0.206309914588928 0.205256626009941 0.203879714012146 0.202831909060478 0.201920375227928 0.201537653803825 0.201258882880211 0.201169699430466 0.201078608632088 0.200900286436081 0.200704529881477 0.200447499752045 0.200211763381958 0.20001557469368 0.199848458170891 0.199712976813316 0.199613645672798 0.199537709355354 0.199557155370712
0.200768083333969 0.200938627123833 0.201122611761093 0.201310411095619 0.201450780034065 0.201580211520195 0.20154544711113 0.201495945453644 0.201371386647224 0.20123502612114 0.201070174574852 0.200902998447418 0.200732618570328 0.200628638267517 0.200578972697258 0.200463339686394 0.200316458940506 0.200249955058098 0.200202643871307 0.200457364320755 0.200758665800095 0.201436087489128 0.202216431498528 0.203427538275719 0.204440772533417 0.205036252737045 0.205031871795654 0.204294338822365 0.203362479805946 0.202289089560509 0.201529935002327 0.200900942087173 0.2007125467062 0.200610756874084 0.200627014040947 0.200635522603989 0.200525760650635 0.200402170419693 0.200229972600937 0.200075164437294 0.199952647089958 0.199844360351562 0.199751600623131 0.199683204293251 0.199630543589592 0.199655592441559
