Ecospace-environmental-drivers/Outputs/ASCII-for-ecospace/MOM6-ISIMIP3a/o2/2007-11_o2_MOM6-ISIMIP3a.asc
NCOLS 131 
NROWS 53 
XLLCORNER -98 
YLLCORNER 23.9265270233154 
CELLSIZE 0.133587792515755 
NODATA_value -9999 
[rows 21 to 41 of 53, columns 46 to 91 of 131]
0.215261235833168 0.215861052274704 0.216872900724411 0.218001917004585 0.21861170232296 0.219168767333031 0.219737008213997 0.220255449414253 0.220520690083504 0.220757469534874 0.220925524830818 0.221205741167068 0.221639931201935 0.222211599349976 0.222895711660385 0.222970575094223 0.222756862640381 0.22207435965538 0.221279859542847 0.220505952835083 0.219716057181358 0.218672752380371 0.217643991112709 0.216676160693169 0.21574778854847 0.214902743697166 0.214366495609283 0.214207634329796 0.21419695019722 0.214294210076332 0.213827148079872 0.21312640607357 0.212349474430084 0.21155758202076 0.210916131734848 0.210318744182587 0.210097536444664 0.209883272647858 0.209693431854248 0.209553003311157 0.209504351019859 0.209552571177483 0.209706336259842 0.209984838962555 0.210344046354294 0.210737690329552
0.214907079935074 0.21557205915451 0.216405853629112 0.217287659645081 0.217758819460869 0.218192711472511 0.218755111098289 0.219274163246155 0.219572708010674 0.21984800696373 0.220067128539085 0.220288053154945 0.220511451363564 0.220923975110054 0.221491232514381 0.221357360482216 0.220891371369362 0.220265224575996 0.219600826501846 0.21892537176609 0.218241035938263 0.217438548803329 0.216641083359718 0.215864554047585 0.215126529335976 0.214469775557518 0.21403831243515 0.213882192969322 0.213643103837967 0.213343575596809 0.212669372558594 0.211840003728867 0.211054354906082 0.210277304053307 0.209709107875824 0.209178060293198 0.208934336900711 0.208709850907326 0.208553031086922 0.208451583981514 0.208452954888344 0.208542048931122 0.208726733922958 0.20901919901371 0.209381401538849 0.209827721118927
0.21453084051609 0.21523517370224 0.215867653489113 0.216479703783989 0.21682134270668 0.217143639922142 0.217691034078598 0.218203127384186 0.218535631895065 0.218852266669273 0.219130590558052 0.219313442707062 0.219365239143372 0.219650745391846 0.22012747824192 0.219790056347847 0.219066977500916 0.218494087457657 0.217957094311714 0.217383533716202 0.216808885335922 0.216255262494087 0.215695038437843 0.215107217431068 0.214556589722633 0.214084476232529 0.213745012879372 0.213567689061165 0.213079884648323 0.212365910410881 0.211497396230698 0.210564881563187 0.209784463047981 0.209033936262131 0.208538398146629 0.208072364330292 0.207802191376686 0.207564681768417 0.207441985607147 0.207379907369614 0.2074304074049 0.207559153437614 0.207773119211197 0.208074331283569 0.208432003855705 0.208918541669846
0.213554814457893 0.214066609740257 0.214584633708 0.215104430913925 0.215496838092804 0.215880200266838 0.216371640563011 0.216833174228668 0.217142522335052 0.217439770698547 0.217707827687263 0.217897847294807 0.217980727553368 0.21829953789711 0.218811362981796 0.218510940670967 0.217825785279274 0.21726693212986 0.216738253831863 0.216298967599869 0.21586512029171 0.215421229600906 0.214984148740768 0.214575663208961 0.214178174734116 0.213803976774216 0.213408753275871 0.212987884879112 0.212296932935715 0.211409285664558 0.210508063435555 0.209601223468781 0.208900883793831 0.208241134881973 0.207764714956284 0.207312747836113 0.207033291459084 0.206794932484627 0.206701010465622 0.20667476952076 0.206774175167084 0.206942468881607 0.207185819745064 0.207484543323517 0.207819104194641 0.208270758390427
0.212468102574348 0.212779551744461 0.213163837790489 0.213568836450577 0.213978886604309 0.214390575885773 0.214833229780197 0.215252444148064 0.215552404522896 0.215841889381409 0.216106072068214 0.216312631964684 0.216440111398697 0.216791674494743 0.217326566576958 0.21709717810154 0.216505780816078 0.215998396277428 0.215511068701744 0.215200737118721 0.21490004658699 0.214562922716141 0.214246556162834 0.214016973972321 0.213775530457497 0.213509038090706 0.213072717189789 0.212428852915764 0.211563959717751 0.210538059473038 0.209613516926765 0.208730950951576 0.208097904920578 0.20751391351223 0.207060843706131 0.206627562642097 0.206340193748474 0.206100702285767 0.20602959394455 0.206034108996391 0.206179082393646 0.206384167075157 0.206654757261276 0.206948399543762 0.207256972789764 0.207666903734207
0.210896074771881 0.210973009467125 0.211138993501663 0.211330309510231 0.211612731218338 0.211909249424934 0.212334454059601 0.212747469544411 0.213098511099815 0.213431179523468 0.213719502091408 0.213983759284019 0.214214980602264 0.214596942067146 0.21510224044323 0.215093076229095 0.214840218424797 0.214548408985138 0.214247301220894 0.214042574167252 0.213841572403908 0.213598296046257 0.213391825556755 0.213339403271675 0.213266596198082 0.213150799274445 0.2127376049757 0.211960926651955 0.211049988865852 0.210041284561157 0.209134593605995 0.208270162343979 0.207648351788521 0.207074224948883 0.206663072109222 0.206268727779388 0.205979391932487 0.205737620592117 0.205663084983826 0.205676168203354 0.205852001905441 0.206081733107567 0.20637021958828 0.206647425889969 0.206917345523834 0.207255661487579
0.209671050310135 0.209566995501518 0.209549814462662 0.209557324647903 0.209691107273102 0.209844380617142 0.210174515843391 0.21050226688385 0.210817947983742 0.211118459701538 0.21138234436512 0.211654737591743 0.211938768625259 0.212323993444443 0.212791994214058 0.212968975305557 0.213008120656013 0.212926298379898 0.212815582752228 0.212704390287399 0.21258981525898 0.212426200509071 0.212323889136314 0.212478086352348 0.212619140744209 0.212732419371605 0.212412118911743 0.211561888456345 0.210635989904404 0.209655001759529 0.208753362298012 0.207884564995766 0.207271337509155 0.206708341836929 0.206356570124626 0.20601961016655 0.205750972032547 0.205522775650024 0.20543672144413 0.205439627170563 0.205607712268829 0.205828115344048 0.206105500459671 0.206349447369576 0.206571757793427 0.206838667392731
0.209203109145164 0.209034904837608 0.208911195397377 0.20880015194416 0.208739414811134 0.208688169717789 0.208753854036331 0.208823829889297 0.208915561437607 0.209019526839256 0.209152981638908 0.209325343370438 0.209551110863686 0.209880352020264 0.210294276475906 0.210583105683327 0.21081268787384 0.21092863380909 0.211017429828644 0.210973426699638 0.210916340351105 0.210801482200623 0.210790783166885 0.211215913295746 0.211669430136681 0.212182834744453 0.212107673287392 0.211313173174858 0.210440099239349 0.209509789943695 0.2085852175951 0.207663029432297 0.207052633166313 0.206503540277481 0.206249177455902 0.206009894609451 0.205811411142349 0.205631360411644 0.205516144633293 0.20546792447567 0.205544084310532 0.205680981278419 0.205884054303169 0.206058010458946 0.206213116645813 0.206409156322479
0.20880688726902 0.208595722913742 0.208407193422318 0.208225101232529 0.208043605089188 0.207864999771118 0.20776292681694 0.207668989896774 0.207616433501244 0.207585915923119 0.207608640193939 0.207679703831673 0.207817122340202 0.208043247461319 0.208341956138611 0.208630293607712 0.208913698792458 0.209130376577377 0.20933111011982 0.209354475140572 0.209361091256142 0.209301114082336 0.209358334541321 0.209906086325645 0.210580870509148 0.211523815989494 0.211756989359856 0.211122646927834 0.210331201553345 0.209425300359726 0.208493754267693 0.207551553845406 0.206966072320938 0.206450700759888 0.206246986985207 0.206055849790573 0.205874681472778 0.205701753497124 0.205557778477669 0.205459535121918 0.20544621348381 0.205499872565269 0.205626487731934 0.20573627948761 0.205835178494453 0.205979824066162
0.208500921726227 0.208273440599442 0.208072543144226 0.207879185676575 0.207669720053673 0.207460850477219 0.207312643527985 0.207172885537148 0.207076236605644 0.206989362835884 0.206926107406616 0.206894263625145 0.206905484199524 0.206969171762466 0.207075789570808 0.207222282886505 0.207387655973434 0.207582980394363 0.207785457372665 0.207876428961754 0.207954555749893 0.207957163453102 0.208052575588226 0.208536311984062 0.2093176394701 0.210727155208588 0.211348131299019 0.211005315184593 0.210331737995148 0.209417223930359 0.208498731255531 0.207578599452972 0.207045748829842 0.20658902823925 0.206377163529396 0.206171795725822 0.205941542983055 0.205724135041237 0.205551877617836 0.205405011773109 0.2053052932024 0.205276027321815 0.205323502421379 0.205376446247101 0.205432936549187 0.205550700426102
0.208174824714661 0.207936868071556 0.207733139395714 0.207539156079292 0.207324266433716 0.207109078764915 0.206943362951279 0.206784963607788 0.206663832068443 0.206547901034355 0.206444546580315 0.206361100077629 0.206304982304573 0.206278547644615 0.206276401877403 0.206334352493286 0.20642077922821 0.206568777561188 0.206731468439102 0.206835925579071 0.206933930516243 0.206996366381645 0.207119628787041 0.207497462630272 0.208241701126099 0.209759429097176 0.210659831762314 0.210805743932724 0.210371971130371 0.209515988826752 0.20862765610218 0.207725927233696 0.207201212644577 0.206750601530075 0.206507980823517 0.206267490983009 0.2059725522995 0.205696523189545 0.205486938357353 0.205299600958824 0.205153629183769 0.205066442489624 0.205043345689774 0.205045074224472 0.205062866210938 0.205154672265053
0.207833632826805 0.207589566707611 0.207390189170837 0.207203522324562 0.207000151276588 0.20679660141468 0.206634864211082 0.206478178501129 0.206347286701202 0.206222787499428 0.20611372590065 0.206017181277275 0.205937832593918 0.205875501036644 0.205827116966248 0.2058365046978 0.205873280763626 0.20595446228981 0.206046238541603 0.206123560667038 0.2062027156353 0.20632292330265 0.206466317176819 0.206706821918488 0.207306236028671 0.208663389086723 0.209761962294579 0.210544466972351 0.210441991686821 0.209694877266884 0.208849519491196 0.207963481545448 0.207413509488106 0.206929609179497 0.206639304757118 0.206347972154617 0.20597667992115 0.20563143491745 0.205377712845802 0.205156043171883 0.20499387383461 0.20486755669117 0.204780295491219 0.204735025763512 0.2047169059515 0.204783454537392
0.207531601190567 0.207311436533928 0.207123309373856 0.206944286823273 0.206744939088821 0.206544876098633 0.206381350755692 0.206220597028732 0.206073880195618 0.205935016274452 0.205815076828003 0.20570395886898 0.205604955554008 0.205520927906036 0.205449149012566 0.205434903502464 0.205447912216187 0.205498710274696 0.20555853843689 0.205628097057343 0.205703049898148 0.205846756696701 0.205998763442039 0.206185609102249 0.206637993454933 0.207650989294052 0.208758264780045 0.209980741143227 0.210260912775993 0.209854707121849 0.209117785096169 0.208243891596794 0.207653179764748 0.20711812376976 0.206768870353699 0.206418663263321 0.205991968512535 0.205597087740898 0.205314040184021 0.205066472291946 0.20488478243351 0.204732596874237 0.204612568020821 0.204531461000443 0.204475551843643 0.204495251178741
0.207246363162994 0.207062944769859 0.206889018416405 0.206717789173126 0.206519275903702 0.20631916821003 0.206151410937309 0.205984100699425 0.205818966031075 0.205663248896599 0.205530241131783 0.205403909087181 0.205286785960197 0.205187112092972 0.205101743340492 0.205074533820152 0.205074861645699 0.205110907554626 0.205155476927757 0.205225586891174 0.205302625894547 0.205455139279366 0.205610826611519 0.205779865384102 0.206084251403809 0.206674426794052 0.207709208130836 0.209287405014038 0.209972232580185 0.210006356239319 0.209405913949013 0.208542674779892 0.207904577255249 0.207310721278191 0.206897675991058 0.206485137343407 0.206012040376663 0.205575928092003 0.205269888043404 0.205000042915344 0.20479741692543 0.204625055193901 0.204485684633255 0.204373553395271 0.204279035329819 0.204242631793022
0.207047954201698 0.206891983747482 0.206726893782616 0.20655919611454 0.206354439258575 0.206146821379662 0.205964744091034 0.205782189965248 0.205597206950188 0.205423772335052 0.205278232693672 0.205137372016907 0.205002948641777 0.204888686537743 0.20479092001915 0.204750120639801 0.204736307263374 0.204766795039177 0.204807877540588 0.204888075590134 0.204975455999374 0.205128565430641 0.205284535884857 0.205452546477318 0.205695793032646 0.20609787106514 0.206945985555649 0.208339229226112 0.209259942173958 0.209836468100548 0.20951971411705 0.208833023905754 0.208190470933914 0.207556590437889 0.207069113850594 0.206582576036453 0.206052049994469 0.205566585063934 0.205239489674568 0.204950660467148 0.204732850193977 0.204546138644218 0.204393297433853 0.20426744222641 0.204159036278725 0.20408833026886
0.206867516040802 0.20673705637455 0.206579685211182 0.20641465485096 0.206202179193497 0.205985531210899 0.205787032842636 0.205587461590767 0.20538230240345 0.205190971493721 0.205033019185066 0.204877763986588 0.204726234078407 0.204597592353821 0.204487666487694 0.204433143138885 0.20440486073494 0.204431727528572 0.204471752047539 0.20456400513649 0.204663455486298 0.204815447330475 0.204971000552177 0.205141469836235 0.205341532826424 0.205604091286659 0.20624190568924 0.207338348031044 0.20846001803875 0.209600061178207 0.209597438573837 0.209121614694595 0.208483502268791 0.207813486456871 0.207249373197556 0.206686407327652 0.206096202135086 0.20555967092514 0.205211937427521 0.204904794692993 0.204673007130623 0.204473152756691 0.204308062791824 0.204172059893608 0.204054847359657 0.203954368829727
0.206756085157394 0.206668272614479 0.206518709659576 0.206351608037949 0.206128299236298 0.205899432301521 0.205676078796387 0.205453529953957 0.205235078930855 0.205028101801872 0.204848855733871 0.204678490757942 0.20452031493187 0.204389274120331 0.204280391335487 0.204213216900826 0.204165771603584 0.204186648130417 0.204223856329918 0.204315274953842 0.204414412379265 0.204571783542633 0.204732850193977 0.204909414052963 0.205106154084206 0.20534548163414 0.205835670232773 0.206632435321808 0.207691997289658 0.208942994475365 0.20927931368351 0.209236860275269 0.208700835704803 0.208067804574966 0.207409098744392 0.206752881407738 0.206130117177963 0.205565273761749 0.20520406961441 0.204881995916367 0.204632610082626 0.204412519931793 0.204224362969398 0.204072996973991 0.203945428133011 0.20384156703949
0.206657737493515 0.206610485911369 0.206466883420944 0.206295877695084 0.20606105029583 0.205819442868233 0.205570966005325 0.205325171351433 0.205093041062355 0.204870045185089 0.204669088125229 0.204483807086945 0.204320028424263 0.204187750816345 0.204081237316132 0.204004973173141 0.20394304394722 0.203959196805954 0.203994020819664 0.204083651304245 0.204181358218193 0.204341918230057 0.204506769776344 0.204689651727676 0.204885438084602 0.205108508467674 0.205462351441383 0.20597605407238 0.206954419612885 0.208271220326424 0.208932995796204 0.20932349562645 0.208897650241852 0.208311319351196 0.207559674978256 0.206811830401421 0.20616090297699 0.205571338534355 0.205197528004646 0.204861089587212 0.204594030976295 0.204353615641594 0.204142212867737 0.203974977135658 0.20383632183075 0.203729182481766
0.2066660374403 0.206628918647766 0.206471353769302 0.206279516220093 0.206027328968048 0.205768451094627 0.205496251583099 0.205227181315422 0.2049740254879 0.204729780554771 0.204507067799568 0.204309314489365 0.204145848751068 0.20401918888092 0.203922674059868 0.203875124454498 0.203850775957108 0.20387664437294 0.203914508223534 0.203998371958733 0.204088628292084 0.204225987195969 0.204373434185982 0.204563185572624 0.204764410853386 0.204989850521088 0.205298006534576 0.205707252025604 0.206526204943657 0.2076435983181 0.208474963903427 0.209187895059586 0.208911582827568 0.208440810441971 0.207622483372688 0.206808522343636 0.206163108348846 0.205576345324516 0.205195859074593 0.20484933257103 0.204565867781639 0.204307302832603 0.204075872898102 0.203889816999435 0.20373310148716 0.203611209988594
0.2066890001297 0.206654980778694 0.206477656960487 0.206259593367577 0.205986753106117 0.205707743763924 0.205413267016411 0.205122843384743 0.204853102564812 0.2045918405056 0.204351007938385 0.204141318798065 0.203974366188049 0.203849151730537 0.203758090734482 0.203735664486885 0.203745782375336 0.203787475824356 0.203836739063263 0.203920245170593 0.204008102416992 0.204124718904495 0.20425546169281 0.204445272684097 0.204647362232208 0.204875364899635 0.205146253108978 0.205469578504562 0.206140547990799 0.207064718008041 0.208025336265564 0.209001019597054 0.208876237273216 0.208535134792328 0.207664132118225 0.206797435879707 0.206164583563805 0.205585643649101 0.205196261405945 0.204837933182716 0.204537317156792 0.204260393977165 0.204009294509888 0.203803390264511 0.203626736998558 0.203488349914551
0.206765666604042 0.206709012389183 0.206490769982338 0.206226572394371 0.205921098589897 0.205611333250999 0.205299869179726 0.204995214939117 0.204725235700607 0.20446240901947 0.204216808080673 0.203997060656548 0.203812807798386 0.203673660755157 0.203571423888206 0.203560993075371 0.203594043850899 0.203674077987671 0.203765332698822 0.203868374228477 0.203972294926643 0.204077258706093 0.204193785786629 0.204358711838722 0.204544931650162 0.204776123166084 0.205040693283081 0.205346062779427 0.205910846590996 0.206664592027664 0.207606419920921 0.2086261510849 0.208660170435905 0.208500429987907 0.207628220319748 0.206757873296738 0.206163451075554 0.205610662698746 0.205204203724861 0.204827859997749 0.204507380723953 0.204211294651031 0.20394179224968 0.203712344169617 0.203508824110031 0.203347608447075
