Ecospace-environmental-drivers/Outputs/ASCII-for-ecospace/MOM6-ISIMIP3a/o2/2008-08_o2_MOM6-ISIMIP3a.asc
NCOLS 131 
NROWS 53 
XLLCORNER -98 
YLLCORNER 23.9265270233154 
CELLSIZE 0.133587792515755 
NODATA_value -9999 
[rows 21 to 41 of 53, columns 46 to 91 of 131]
0.19936440885067 0.199326068162918 0.199323862791061 0.199331924319267 0.199371501803398 0.199415326118469 0.199487209320068 0.199558973312378 0.199630066752434 0.199700489640236 0.199769273400307 0.199841126799583 0.199917137622833 0.200068414211273 0.200281262397766 0.200694784522057 0.201203361153603 0.20181442797184 0.202449977397919 0.202995404601097 0.203541323542595 0.204184576869011 0.204877376556396 0.2057776004076 0.206591233611107 0.207222133874893 0.207499772310257 0.20734566450119 0.207312926650047 0.207368597388268 0.207595199346542 0.207892581820488 0.207928761839867 0.20791357755661 0.207369923591614 0.206771284341812 0.205826789140701 0.204928874969482 0.20419479906559 0.203642889857292 0.203429251909256 0.203397676348686 0.203564450144768 0.203727215528488 0.203887417912483 0.203755810856819
0.19913350045681 0.199080854654312 0.199050903320312 0.19902740418911 0.19903153181076 0.199039548635483 0.199076429009438 0.199115514755249 0.199165806174278 0.199219569563866 0.199281692504883 0.199344322085381 0.199407666921616 0.199511796236038 0.199649304151535 0.19993069767952 0.200280249118805 0.200762003660202 0.201275363564491 0.201779156923294 0.202287778258324 0.202875927090645 0.2034962028265 0.204250812530518 0.204939797520638 0.205490276217461 0.205738112330437 0.205616071820259 0.205485120415688 0.205347672104836 0.205371633172035 0.205462440848351 0.205448612570763 0.205414220690727 0.205098584294319 0.204751402139664 0.204197749495506 0.203667387366295 0.203218966722488 0.2028718739748 0.202712967991829 0.202725633978844 0.202925235033035 0.203186452388763 0.203487530350685 0.203512772917747
0.198911845684052 0.198846369981766 0.198790475726128 0.198737323284149 0.198707833886147 0.198681846261024 0.198684841394424 0.198691859841347 0.19871923327446 0.198753833770752 0.198805898427963 0.1988585293293 0.198911920189857 0.198976933956146 0.199051439762115 0.19921013712883 0.199408695101738 0.199766471982002 0.200162276625633 0.200628340244293 0.201103240251541 0.201636344194412 0.202183380723 0.2027887403965 0.203349843621254 0.203817516565323 0.204033330082893 0.203941315412521 0.20371176302433 0.203382045030594 0.203213155269623 0.203110873699188 0.20305360853672 0.203005194664001 0.202913850545883 0.202813267707825 0.202637866139412 0.202459529042244 0.202270910143852 0.202106818556786 0.201988324522972 0.202034384012222 0.202259734272957 0.202614024281502 0.203051760792732 0.203232392668724
0.198643609881401 0.198588237166405 0.198537230491638 0.198487460613251 0.198449030518532 0.198412463068962 0.198394536972046 0.198379501700401 0.198379158973694 0.198385655879974 0.198408633470535 0.198437422513962 0.198474183678627 0.198524087667465 0.198584720492363 0.198701173067093 0.198844075202942 0.199125617742538 0.199440270662308 0.199866712093353 0.200305864214897 0.200818285346031 0.20133550465107 0.201872766017914 0.20235937833786 0.202739059925079 0.202910959720612 0.202828884124756 0.202598631381989 0.202260434627533 0.2020473331213 0.201886057853699 0.20183838903904 0.20181305706501 0.201848328113556 0.201877549290657 0.201825842261314 0.201746299862862 0.201568931341171 0.201401919126511 0.20125412940979 0.201285481452942 0.201512038707733 0.201904714107513 0.202404856681824 0.202698245644569
0.198355033993721 0.198307603597641 0.198261022567749 0.198214679956436 0.198170974850655 0.198127925395966 0.198095202445984 0.198064371943474 0.19804310798645 0.198027998209 0.198027729988098 0.19803723692894 0.198060154914856 0.198097229003906 0.198145866394043 0.198225289583206 0.198319301009178 0.198528915643692 0.198766142129898 0.199150383472443 0.199550792574883 0.200039491057396 0.200525850057602 0.201002448797226 0.201424226164818 0.201730251312256 0.201868623495102 0.201802104711533 0.201582983136177 0.201252698898315 0.201011463999748 0.200807094573975 0.200766116380692 0.20075723528862 0.200897023081779 0.201033249497414 0.201080709695816 0.201079145073891 0.200905188918114 0.20073390007019 0.200567498803139 0.200590908527374 0.200821101665497 0.201240226626396 0.20178160071373 0.202163174748421
0.197977304458618 0.197928324341774 0.197884187102318 0.197841420769691 0.197808474302292 0.197776943445206 0.197756335139275 0.197737067937851 0.197724610567093 0.197716429829597 0.197718575596809 0.197728797793388 0.197750076651573 0.197784319519997 0.197829142212868 0.197894349694252 0.197969183325768 0.198125794529915 0.198301926255226 0.198632687330246 0.198981165885925 0.199432760477066 0.19988377392292 0.200332328677177 0.200731590390205 0.201026782393456 0.201177254319191 0.201150879263878 0.200994834303856 0.200744330883026 0.200545325875282 0.200367674231529 0.200320571660995 0.200299128890038 0.200446605682373 0.200589701533318 0.200628876686096 0.200614005327225 0.200409069657326 0.200227543711662 0.200089499354362 0.200134515762329 0.200379014015198 0.200772389769554 0.201262086629868 0.201624110341072
0.19764769077301 0.197601988911629 0.197564661502838 0.197529718279839 0.197509109973907 0.197490364313126 0.197482734918594 0.19747631251812 0.197476074099541 0.197478502988815 0.197487354278564 0.197501644492149 0.197523400187492 0.197555184364319 0.197595179080963 0.197646781802177 0.197703897953033 0.197812288999557 0.197932928800583 0.198205173015594 0.19849593937397 0.198904573917389 0.199314817786217 0.199731752276421 0.200106844305992 0.200393572449684 0.200560033321381 0.2005794942379 0.200484022498131 0.200304850935936 0.200141593813896 0.199984908103943 0.199927106499672 0.199888736009598 0.200036212801933 0.20018059015274 0.200227454304695 0.200217261910439 0.200006559491158 0.199831202626228 0.19972151517868 0.199777185916901 0.200013026595116 0.20036156475544 0.200782984495163 0.201114490628242
0.197423115372658 0.197391137480736 0.197370171546936 0.197352319955826 0.197347462177277 0.197344318032265 0.197351515293121 0.197360709309578 0.197380155324936 0.197401195764542 0.197426110506058 0.197451829910278 0.19747868180275 0.197508841753006 0.1975417137146 0.197581142187119 0.197623670101166 0.197694316506386 0.197771668434143 0.197974428534508 0.198194891214371 0.198547765612602 0.198905408382416 0.199282929301262 0.199630215764046 0.199913665652275 0.200104534626007 0.200182273983955 0.200141996145248 0.200015738606453 0.199873983860016 0.199725776910782 0.199647277593613 0.199582472443581 0.199713200330734 0.199846640229225 0.199935987591743 0.199969783425331 0.199808314442635 0.199674904346466 0.199593618512154 0.199635982513428 0.199813082814217 0.200075104832649 0.200392082333565 0.200669124722481
0.197293147444725 0.197283893823624 0.197279646992683 0.197276800870895 0.19728247821331 0.197289362549782 0.197305172681808 0.19732341170311 0.197354048490524 0.197385400533676 0.197418466210365 0.197449371218681 0.197477295994759 0.197504922747612 0.197532311081886 0.19756281375885 0.19759476184845 0.197639659047127 0.197687655687332 0.197832092642784 0.197992518544197 0.198289275169373 0.198593512177467 0.198929026722908 0.19924421608448 0.199516534805298 0.199719816446304 0.19983871281147 0.199843898415565 0.199766263365746 0.199648484587669 0.199514091014862 0.199419543147087 0.199332818388939 0.19943043589592 0.199536547064781 0.199659049510956 0.199733808636665 0.199640601873398 0.199561059474945 0.199506893754005 0.199533805251122 0.199649050831795 0.199828371405602 0.200049132108688 0.200263231992722
0.197282195091248 0.197307020425797 0.19731992483139 0.197329446673393 0.197339087724686 0.19734899699688 0.197365626692772 0.197384655475616 0.19741578400135 0.197446972131729 0.197478264570236 0.197506472468376 0.197530418634415 0.197554379701614 0.197578370571136 0.197604015469551 0.197630420327187 0.197664678096771 0.197700813412666 0.197800993919373 0.197914272546768 0.198154479265213 0.198404312133789 0.198694512248039 0.198972225189209 0.199223533272743 0.199424102902412 0.199562668800354 0.199601113796234 0.199566632509232 0.199475988745689 0.199362084269524 0.199257344007492 0.199154421687126 0.199198305606842 0.199256435036659 0.199400410056114 0.199512287974358 0.19951131939888 0.199500650167465 0.199471995234489 0.199480727314949 0.199530199170113 0.199631586670876 0.199766561388969 0.19990698993206
0.19732591509819 0.197363346815109 0.197376012802124 0.197381645441055 0.197382241487503 0.197382658720016 0.197392165660858 0.197404086589813 0.197428375482559 0.197453558444977 0.197480916976929 0.197506070137024 0.197528168559074 0.197552651166916 0.197579100728035 0.1976088732481 0.197640240192413 0.197677925229073 0.197717115283012 0.197797387838364 0.19788770377636 0.198083132505417 0.19828899204731 0.19853849709034 0.198779672384262 0.199003279209137 0.199190199375153 0.199332281947136 0.19938962161541 0.199385225772858 0.199319511651993 0.199228420853615 0.199125796556473 0.199020907282829 0.199017003178596 0.199027597904205 0.199143290519714 0.199244096875191 0.199292570352554 0.199325874447823 0.199331045150757 0.199347957968712 0.199377670884132 0.199439480900764 0.199522063136101 0.199611112475395
0.197410643100739 0.197444587945938 0.197443962097168 0.197433516383171 0.197415307164192 0.197396859526634 0.197393238544464 0.197392180562019 0.197404086589813 0.19741889834404 0.197440713644028 0.197462543845177 0.197484403848648 0.197512537240982 0.197545826435089 0.197586506605148 0.197630658745766 0.197682321071625 0.197735756635666 0.197814404964447 0.197899878025055 0.198059380054474 0.198229059576988 0.198441326618195 0.198646724224091 0.198837608098984 0.199002653360367 0.199136152863503 0.199201598763466 0.19921749830246 0.199175074696541 0.199108511209488 0.199017226696014 0.198921084403992 0.198873803019524 0.198837205767632 0.198887303471565 0.198940888047218 0.199006706476212 0.199065327644348 0.199110567569733 0.199155420064926 0.199199870228767 0.199250862002373 0.19930611550808 0.199360519647598
0.197429805994034 0.197453886270523 0.197449117898941 0.197436153888702 0.197423100471497 0.1974106580019 0.197414815425873 0.197420492768288 0.197433829307556 0.197446718811989 0.197458520531654 0.197468876838684 0.197477266192436 0.197494447231293 0.197518825531006 0.197555989027023 0.197599217295647 0.19765704870224 0.197718366980553 0.197808474302292 0.197903901338577 0.198048368096352 0.19820049405098 0.198384687304497 0.198562189936638 0.198725581169128 0.198868215084076 0.19898547232151 0.199045792222023 0.199064642190933 0.199033439159393 0.198981508612633 0.198902696371078 0.198818609118462 0.198755875229836 0.198700115084648 0.198704898357391 0.198718160390854 0.198761314153671 0.198804080486298 0.198846086859703 0.198888704180717 0.198931977152824 0.198977753520012 0.19902515411377 0.199074357748032
0.197420880198479 0.197432354092598 0.197427377104759 0.197417706251144 0.197420060634613 0.19742426276207 0.197445169091225 0.197466045618057 0.197486713528633 0.197501301765442 0.197501182556152 0.197496578097343 0.197485834360123 0.197485789656639 0.197494491934776 0.19752199947834 0.197558403015137 0.197619080543518 0.197685554623604 0.197792693972588 0.197904452681541 0.198042824864388 0.198185384273529 0.19834540784359 0.198498412966728 0.198636561632156 0.198756530880928 0.19885428249836 0.198903784155846 0.198918148875237 0.19889298081398 0.198851451277733 0.198785603046417 0.19871498644352 0.198648765683174 0.198585882782936 0.198554009199142 0.198529943823814 0.198533266782761 0.198542520403862 0.198562756180763 0.198590204119682 0.198625490069389 0.198668420314789 0.198716312646866 0.198772951960564
0.197405949234962 0.19742913544178 0.197438880801201 0.197444781661034 0.197469085454941 0.197495684027672 0.197533056139946 0.197567954659462 0.197590216994286 0.197603762149811 0.197596237063408 0.197580218315125 0.197552546858788 0.197532445192337 0.197518557310104 0.197525650262833 0.1975427120924 0.197592079639435 0.19764918088913 0.197761729359627 0.197880163788795 0.198028698563576 0.198177263140678 0.198325932025909 0.19846411049366 0.198580175638199 0.198677182197571 0.198750913143158 0.198784992098808 0.198790192604065 0.198766559362411 0.198731005191803 0.198675438761711 0.198615953326225 0.198563054203987 0.198512852191925 0.198486462235451 0.198465436697006 0.198463261127472 0.198463603854179 0.198468625545502 0.198477730154991 0.198491305112839 0.198512047529221 0.198537439107895 0.198575600981712
0.197389766573906 0.197429716587067 0.197457253932953 0.197481274604797 0.197528898715973 0.197579070925713 0.197632849216461 0.19768151640892 0.197704195976257 0.197716131806374 0.197702139616013 0.197675436735153 0.197631284594536 0.197590544819832 0.197552621364594 0.197537109255791 0.197532221674919 0.197567358613014 0.197612076997757 0.197727635502815 0.197850719094276 0.198012799024582 0.198170602321625 0.198310539126396 0.198435917496681 0.198530539870262 0.19860452413559 0.198653280735016 0.198670983314514 0.198666051030159 0.198643043637276 0.198612540960312 0.19856670498848 0.198517858982086 0.198481768369675 0.198448330163956 0.19843615591526 0.198426529765129 0.198425963521004 0.198422476649284 0.198413640260696 0.198403760790825 0.198392778635025 0.198387324810028 0.198385432362556 0.198399782180786
0.197374179959297 0.197428464889526 0.197474837303162 0.197518974542618 0.19757878780365 0.197639405727386 0.197678208351135 0.197712153196335 0.197721391916275 0.197722479701042 0.197703897953033 0.197677165269852 0.197639271616936 0.197600364685059 0.197560638189316 0.197540760040283 0.197530299425125 0.19756031036377 0.197599992156029 0.19771072268486 0.197829857468605 0.198000386357307 0.198163479566574 0.198295474052429 0.198410078883171 0.198487937450409 0.198546767234802 0.198582366108894 0.198592320084572 0.198583588004112 0.198564738035202 0.198541700839996 0.198521122336388 0.198501020669937 0.198513641953468 0.198527708649635 0.198544144630432 0.198558732867241 0.198566794395447 0.198568791151047 0.198559522628784 0.198544189333916 0.198522225022316 0.198496267199516 0.198467716574669 0.198446571826935
0.197358906269073 0.197426304221153 0.197491094470024 0.197555154561996 0.19762547314167 0.197694689035416 0.197717040777206 0.197734922170639 0.197730153799057 0.197720125317574 0.197697371244431 0.197671458125114 0.197641253471375 0.19760599732399 0.197566598653793 0.197544023394585 0.197529390454292 0.197555109858513 0.197590455412865 0.197696670889854 0.197812035679817 0.19798980653286 0.19815719127655 0.198281064629555 0.198385044932365 0.198446989059448 0.198491856455803 0.198515862226486 0.198520109057426 0.198509961366653 0.198498964309692 0.198487624526024 0.198494836688042 0.198505699634552 0.198565140366554 0.1986243724823 0.198664128780365 0.198697865009308 0.198710441589355 0.198714837431908 0.198704019188881 0.19868391752243 0.198653697967529 0.198610946536064 0.198560073971748 0.198507055640221
0.197346732020378 0.197415351867676 0.197493642568588 0.19757467508316 0.19764269888401 0.197707191109657 0.197712272405624 0.197713509202003 0.197695150971413 0.19767539203167 0.197652205824852 0.197631105780602 0.197612822055817 0.197589889168739 0.197563141584396 0.197546735405922 0.197535246610641 0.197561234235764 0.197596192359924 0.197704970836639 0.197822719812393 0.197997137904167 0.198159828782082 0.198273465037346 0.198367565870285 0.198420390486717 0.198460057377815 0.198483601212502 0.198499873280525 0.198510825634003 0.198545292019844 0.198589503765106 0.198644250631332 0.198701083660126 0.198772042989731 0.198836863040924 0.198836341500282 0.198829248547554 0.19879911839962 0.198768675327301 0.198737680912018 0.198713853955269 0.198697850108147 0.198675155639648 0.198648139834404 0.198607265949249
0.197336688637733 0.197406962513924 0.197497189044952 0.197593078017235 0.197658598423004 0.19771845638752 0.197709292173386 0.19769686460495 0.197667807340622 0.197640553116798 0.197617709636688 0.197601184248924 0.197593376040459 0.197580918669701 0.197564706206322 0.197553113102913 0.197543725371361 0.197570577263832 0.197606101632118 0.197718963027 0.197840422391891 0.19800977408886 0.198166385293007 0.19826965034008 0.198354661464691 0.198401123285294 0.198440060019493 0.198469772934914 0.198505222797394 0.198544844985008 0.198625862598419 0.198724031448364 0.198816284537315 0.198907375335693 0.198963269591331 0.199008092284203 0.198957592248917 0.198902100324631 0.198829054832458 0.198764085769653 0.198714062571526 0.198686510324478 0.198683440685272 0.198683246970177 0.198684900999069 0.198665648698807
0.197334498167038 0.197407945990562 0.197504416108131 0.197607442736626 0.197669640183449 0.197725161910057 0.197712823748589 0.197697713971138 0.197668507695198 0.197642043232918 0.197622239589691 0.197609603404999 0.197606787085533 0.197598114609718 0.197584643959999 0.197572857141495 0.197561845183372 0.197591707110405 0.197631344199181 0.197753816843033 0.197883918881416 0.198041900992393 0.198187232017517 0.198279663920403 0.19835852086544 0.198408722877502 0.198463380336761 0.198523506522179 0.198604390025139 0.198700398206711 0.198831990361214 0.198978304862976 0.199071243405342 0.199153706431389 0.19909693300724 0.199028119444847 0.198892056941986 0.19876030087471 0.198643699288368 0.19854524731636 0.198480442166328 0.198449149727821 0.198454350233078 0.198485568165779 0.198533624410629 0.198570668697357
