Ecospace-environmental-drivers/Outputs/ASCII-for-ecospace/MOM6-ISIMIP3a/o2/2008-04_o2_MOM6-ISIMIP3a.asc
NCOLS 131 
NROWS 53 
XLLCORNER -98 
YLLCORNER 23.9265270233154 
CELLSIZE 0.133587792515755 
NODATA_value -9999 
[rows 21 to 41 of 53, columns 46 to 91 of 131]
0.220879435539246 0.220668271183968 0.220773369073868 0.220968410372734 0.221061959862709 0.221128478646278 0.220745429396629 0.220489248633385 0.22087836265564 0.221311762928963 0.221852079033852 0.222323596477509 0.222700640559196 0.223029643297195 0.223319321870804 0.222801208496094 0.221900433301926 0.220846056938171 0.219754979014397 0.219489797949791 0.219355538487434 0.220300689339638 0.221155852079391 0.221634268760681 0.22185517847538 0.221532449126244 0.221798211336136 0.222783207893372 0.2235406935215 0.224132463335991 0.224007368087769 0.223585411906242 0.222935184836388 0.222240090370178 0.221624672412872 0.22111177444458 0.221571743488312 0.222206324338913 0.22345495223999 0.224723368883133 0.226028561592102 0.227004036307335 0.227620229125023 0.227456867694855 0.226789087057114 0.225856855511665
0.219702318310738 0.219508096575737 0.219458788633347 0.219450667500496 0.219352528452873 0.219232872128487 0.218781486153603 0.218419998884201 0.218515798449516 0.218668788671494 0.218959882855415 0.219172850251198 0.219278573989868 0.219383358955383 0.219487383961678 0.218997791409492 0.218227043747902 0.217444971203804 0.216660186648369 0.216542899608612 0.216519951820374 0.217202872037888 0.217851176857948 0.21835458278656 0.218628242611885 0.218416854739189 0.218577012419701 0.219191297888756 0.219743803143501 0.220251321792603 0.220287844538689 0.220129325985909 0.219787731766701 0.219410166144371 0.219081699848175 0.21884423494339 0.219478040933609 0.220289632678032 0.221726402640343 0.223153725266457 0.224563553929329 0.225682854652405 0.226485624909401 0.226310774683952 0.225503370165825 0.224561914801598
0.218689769506454 0.218538179993629 0.218356102705002 0.218165352940559 0.217894822359085 0.217608526349068 0.217116668820381 0.216676145792007 0.216496780514717 0.216379404067993 0.216411724686623 0.216347396373749 0.216150388121605 0.215995341539383 0.215874627232552 0.215410277247429 0.214783146977425 0.214298143982887 0.213847085833549 0.213883221149445 0.213973119854927 0.214358299970627 0.214764267206192 0.215257257223129 0.215568095445633 0.215494379401207 0.215562149882317 0.21580283343792 0.216117680072784 0.216486543416977 0.216658338904381 0.216748535633087 0.216704502701759 0.216634079813957 0.216581434011459 0.216607302427292 0.217393934726715 0.218363404273987 0.219975829124451 0.221551775932312 0.223059937357903 0.224323034286499 0.225319117307663 0.225148379802704 0.224222645163536 0.22329443693161
0.218264415860176 0.218065112829208 0.21783421933651 0.217594355344772 0.217329949140549 0.217059999704361 0.216708466410637 0.216393202543259 0.21626253426075 0.216154813766479 0.216102480888367 0.215877860784531 0.215416684746742 0.214972764253616 0.21454294025898 0.214081019163132 0.213603883981705 0.213344171643257 0.213136404752731 0.213309347629547 0.213508605957031 0.213710471987724 0.213913530111313 0.21412168443203 0.214275106787682 0.214312985539436 0.214386582374573 0.214503794908524 0.214668676257133 0.214868292212486 0.215021654963493 0.215155869722366 0.215208396315575 0.215244874358177 0.215247973799706 0.215306252241135 0.215915843844414 0.216714575886726 0.218178391456604 0.219694644212723 0.221308261156082 0.222734808921814 0.223957538604736 0.223947554826736 0.223139941692352 0.222407296299934
0.217880725860596 0.217634156346321 0.217358350753784 0.21707421541214 0.216815188527107 0.216559708118439 0.216330155730247 0.216123104095459 0.216030463576317 0.215908795595169 0.215717047452927 0.215316221117973 0.214628338813782 0.2139543145895 0.213291645050049 0.212862819433212 0.212544769048691 0.212485074996948 0.212487116456032 0.212787479162216 0.21309070289135 0.213137060403824 0.213166892528534 0.21312752366066 0.213137522339821 0.213251739740372 0.21332348883152 0.213343322277069 0.213383033871651 0.213437214493752 0.213567763566971 0.213729932904243 0.213850170373917 0.213962152600288 0.214011445641518 0.214095965027809 0.21454730629921 0.215176656842232 0.216431900858879 0.217830881476402 0.219496831297874 0.221047461032867 0.222472414374352 0.222648710012436 0.222017034888268 0.221451014280319
0.217679724097252 0.217387914657593 0.217084154486656 0.216776996850967 0.216520190238953 0.216270804405212 0.216082975268364 0.215909317135811 0.215807855129242 0.215568795800209 0.214997559785843 0.214350774884224 0.213600277900696 0.212953925132751 0.212392807006836 0.21213161945343 0.212012529373169 0.212041988968849 0.212106943130493 0.212493717670441 0.21287713944912 0.212890014052391 0.2128766477108 0.212753459811211 0.212681412696838 0.212717294692993 0.212753608822823 0.212790474295616 0.212813660502434 0.212826877832413 0.212915405631065 0.213035091757774 0.213096469640732 0.21314637362957 0.213199973106384 0.213283598423004 0.213659167289734 0.214125096797943 0.214908733963966 0.215938001871109 0.217423424124718 0.218925446271896 0.220445528626442 0.220919981598854 0.220717862248421 0.220191583037376
0.217526793479919 0.217197939753532 0.216867119073868 0.2165357619524 0.216261878609657 0.21599555015564 0.215774193406105 0.215558513998985 0.215371772646904 0.215001627802849 0.214188605546951 0.213403940200806 0.21265821158886 0.212074890732765 0.211624413728714 0.211493819952011 0.211514741182327 0.211594745516777 0.211688861250877 0.212060436606407 0.212425947189331 0.212425962090492 0.212396368384361 0.212242871522903 0.212135389447212 0.212125048041344 0.212144568562508 0.212200582027435 0.212220087647438 0.212213024497032 0.212254345417023 0.212315708398819 0.212333157658577 0.212341994047165 0.212389320135117 0.21246150135994 0.212762430310249 0.213094741106033 0.213537365198135 0.21426685154438 0.215529054403305 0.216916337609291 0.218439862132072 0.219150885939598 0.219336181879044 0.218962907791138
0.217478707432747 0.217130675911903 0.21677477657795 0.216416642069817 0.216083660721779 0.215750068426132 0.215331017971039 0.214908733963966 0.214469954371452 0.213938772678375 0.213184460997581 0.212497740983963 0.211903810501099 0.211460590362549 0.211140692234039 0.211059778928757 0.211092084646225 0.211138397455215 0.211188063025475 0.211322754621506 0.211456328630447 0.21148844063282 0.211501434445381 0.21143439412117 0.211393237113953 0.211406737565994 0.211450070142746 0.211529821157455 0.211573705077171 0.211591452360153 0.21157431602478 0.211542725563049 0.211548864841461 0.211562424898148 0.211580455303192 0.211618199944496 0.211846932768822 0.212110623717308 0.212497174739838 0.213079482316971 0.214025303721428 0.21515354514122 0.216480523347855 0.217293739318848 0.217774525284767 0.2178013920784
0.217481508851051 0.217133462429047 0.216756910085678 0.216372266411781 0.215996995568275 0.215615838766098 0.21505032479763 0.214463248848915 0.213766500353813 0.213075935840607 0.212400257587433 0.211803182959557 0.211313977837563 0.210953310132027 0.210697785019875 0.210614770650864 0.210613459348679 0.210623279213905 0.210635766386986 0.210644602775574 0.21065628528595 0.210713028907776 0.210761621594429 0.210776150226593 0.210784986615181 0.210781782865524 0.210803583264351 0.210855975747108 0.210874825716019 0.210869267582893 0.210786074399948 0.210670709609985 0.210664197802544 0.210679098963737 0.210683226585388 0.210705533623695 0.21090929210186 0.211143806576729 0.211486503481865 0.211959138512611 0.21267306804657 0.213592529296875 0.214735925197601 0.21560113132 0.216286346316338 0.216630414128304
0.217548340559006 0.217224359512329 0.216832756996155 0.216421917080879 0.216025531291962 0.215621590614319 0.214974045753479 0.214274808764458 0.213312610983849 0.212464705109596 0.211892768740654 0.211374878883362 0.210931211709976 0.210580632090569 0.210306227207184 0.210155934095383 0.21006441116333 0.210034236311913 0.210018694400787 0.210041344165802 0.210069626569748 0.210141569375992 0.210216984152794 0.210306957364082 0.210345208644867 0.210274249315262 0.210217535495758 0.210178226232529 0.210109919309616 0.210020497441292 0.209861665964127 0.209674075245857 0.209653258323669 0.209665223956108 0.209674850106239 0.209705621004105 0.209943771362305 0.210198760032654 0.210512980818748 0.210923135280609 0.211511433124542 0.212285354733467 0.213261514902115 0.214115560054779 0.214890614151955 0.215447515249252
0.217619702219963 0.217349693179131 0.216970339417458 0.216559886932373 0.216142728924751 0.215714633464813 0.215009897947311 0.21424175798893 0.213151052594185 0.212212473154068 0.211641162633896 0.211117625236511 0.21065965294838 0.210297599434853 0.210014030337334 0.209824234247208 0.2096788585186 0.209606647491455 0.209551930427551 0.209600001573563 0.209656342864037 0.209730342030525 0.209809392690659 0.209909588098526 0.209923058748245 0.209753423929214 0.209600895643234 0.209469258785248 0.209331601858139 0.2091895788908 0.209016501903534 0.208830565214157 0.208802983164787 0.20880651473999 0.208841651678085 0.208897843956947 0.209148347377777 0.20939889550209 0.209649607539177 0.209986954927444 0.210485205054283 0.21116229891777 0.21203425526619 0.212882220745087 0.213714674115181 0.214385151863098
0.217694461345673 0.217500850558281 0.217154234647751 0.216764107346535 0.216326430439949 0.215873152017593 0.215129867196083 0.21432526409626 0.213208764791489 0.21222947537899 0.211581483483315 0.210988640785217 0.210471510887146 0.210081800818443 0.209796339273453 0.209587886929512 0.209415927529335 0.209300175309181 0.209197878837585 0.209280073642731 0.209373101592064 0.209439292550087 0.209504589438438 0.209566101431847 0.209514141082764 0.209222629666328 0.208961308002472 0.208736881613731 0.208543241024017 0.208372041583061 0.208230778574944 0.2081019282341 0.20807321369648 0.208064183592796 0.208139821887016 0.208234161138535 0.208480477333069 0.208707898855209 0.208868846297264 0.20912566781044 0.20956052839756 0.210177332162857 0.210992380976677 0.211838066577911 0.212703585624695 0.213413193821907
0.217714473605156 0.217601016163826 0.217344209551811 0.217046618461609 0.216648802161217 0.216225519776344 0.215391859412193 0.214525148272514 0.213490352034569 0.212555021047592 0.21185989677906 0.211198464035988 0.2105832695961 0.210109665989876 0.209751904010773 0.209488019347191 0.209268614649773 0.209109008312225 0.208963707089424 0.209020748734474 0.209090203046799 0.209137976169586 0.209172666072845 0.209152594208717 0.209040954709053 0.208736047148705 0.208461448550224 0.208223938941956 0.208040356636047 0.207896053791046 0.207776039838791 0.207666099071503 0.207637622952461 0.207625180482864 0.207709208130836 0.207804918289185 0.207979664206505 0.208144888281822 0.208276644349098 0.208499476313591 0.208891451358795 0.209456518292427 0.210210189223289 0.211032018065453 0.211897954344749 0.212637856602669
0.217711016535759 0.217679336667061 0.217536777257919 0.217362701892853 0.217030614614487 0.216660976409912 0.21571472287178 0.214774921536446 0.213867872953415 0.213012799620628 0.212283223867416 0.211553499102592 0.210823565721512 0.210241958498955 0.209781721234322 0.209446638822556 0.20917084813118 0.208967253565788 0.208780914545059 0.208787396550179 0.208807438611984 0.208832249045372 0.208829119801521 0.208709076046944 0.208540245890617 0.208268389105797 0.208021476864815 0.207805052399635 0.20765982568264 0.207566455006599 0.207463160157204 0.20735576748848 0.207328125834465 0.207316160202026 0.20739483833313 0.207476153969765 0.207550436258316 0.20763672888279 0.207765251398087 0.207974046468735 0.208331912755966 0.208848908543587 0.20953930914402 0.21032802760601 0.211180359125137 0.211946800351143
0.217650651931763 0.217664018273354 0.217573150992393 0.217452645301819 0.217119872570038 0.216746151447296 0.215853437781334 0.214987590909004 0.214258447289467 0.213526502251625 0.212787836790085 0.212015420198441 0.211196675896645 0.210516840219498 0.209950670599937 0.20952782034874 0.209172889590263 0.208913087844849 0.208676040172577 0.208640605211258 0.208617463707924 0.208571687340736 0.208504185080528 0.208345770835876 0.208168357610703 0.207950875163078 0.207746982574463 0.20755971968174 0.20743328332901 0.207351177930832 0.207270443439484 0.207190290093422 0.207164585590363 0.207149595022202 0.207198217511177 0.207248508930206 0.207292079925537 0.207354366779327 0.207482486963272 0.207665905356407 0.207952052354813 0.208398729562759 0.209020301699638 0.209770128130913 0.210602939128876 0.211395010352135
0.217578500509262 0.217629328370094 0.217577189207077 0.217495784163475 0.21714860200882 0.216758832335472 0.215954035520554 0.215192601084709 0.214651718735695 0.214051797986031 0.213309273123741 0.212499469518661 0.21159727871418 0.210821226239204 0.210148394107819 0.209634378552437 0.2091955691576 0.208877056837082 0.208587273955345 0.208511725068092 0.208446681499481 0.208320453763008 0.208183079957962 0.207999050617218 0.207823142409325 0.207664415240288 0.207506716251373 0.207350268959999 0.207238614559174 0.207159548997879 0.207102581858635 0.207054764032364 0.207031235098839 0.207012504339218 0.207025960087776 0.207041770219803 0.20706906914711 0.207118719816208 0.207247018814087 0.207402735948563 0.207609385251999 0.207981124520302 0.208532720804214 0.209242463111877 0.210054531693459 0.210872039198875
0.217592015862465 0.217681735754013 0.217706963419914 0.217713862657547 0.217114865779877 0.216453686356544 0.215788453817368 0.21515953540802 0.214715287089348 0.214226648211479 0.213630810379982 0.21292145550251 0.212056279182434 0.211263820528984 0.21053084731102 0.20993147790432 0.20939539372921 0.208974272012711 0.208580628037453 0.208408772945404 0.208253353834152 0.208115428686142 0.20797099173069 0.207799345254898 0.207637026906013 0.207494407892227 0.207355096936226 0.207219839096069 0.207131996750832 0.207078710198402 0.207027107477188 0.206976175308228 0.206941276788712 0.206909537315369 0.206923454999924 0.206941604614258 0.206984519958496 0.207037508487701 0.207125946879387 0.207241848111153 0.20740881562233 0.207707732915878 0.208150446414948 0.208781361579895 0.209534049034119 0.210370182991028
0.217612773180008 0.217725604772568 0.21781861782074 0.217905983328819 0.217065557837486 0.216144561767578 0.215612426400185 0.215109959244728 0.214758321642876 0.214379832148552 0.213936492800713 0.213336005806923 0.212519764900208 0.211720526218414 0.210935205221176 0.210254296660423 0.209622859954834 0.209097757935524 0.208598062396049 0.20832622051239 0.208076909184456 0.207927614450455 0.207776814699173 0.207619622349739 0.207471117377281 0.207340985536575 0.207217037677765 0.20710064470768 0.207035183906555 0.207006826996803 0.206958755850792 0.206902503967285 0.206856161355972 0.206811770796776 0.206828653812408 0.206851541996002 0.206911072134972 0.206968426704407 0.207018241286278 0.20709565281868 0.207224309444427 0.207452908158302 0.207790389657021 0.208341479301453 0.209030777215958 0.209881395101547
0.217669665813446 0.217636704444885 0.217676788568497 0.217737630009651 0.216880053281784 0.215944856405258 0.215452194213867 0.214998051524162 0.214739918708801 0.214469358325005 0.214168757200241 0.213700845837593 0.213003218173981 0.212261945009232 0.211484953761101 0.210760325193405 0.210060507059097 0.209437742829323 0.208833396434784 0.208449050784111 0.208091348409653 0.20790146291256 0.207721441984177 0.207582771778107 0.207444936037064 0.20730884373188 0.207181170582771 0.207063779234886 0.207000821828842 0.206977531313896 0.206922322511673 0.206853926181793 0.206801950931549 0.206753224134445 0.206782683730125 0.206818640232086 0.20688983798027 0.206954941153526 0.206998646259308 0.2070572078228 0.207143381237984 0.207327052950859 0.207616955041885 0.208096116781235 0.208697751164436 0.20952196419239
0.217729166150093 0.217575639486313 0.217529609799385 0.217514157295227 0.216668695211411 0.215755298733711 0.215301856398582 0.214892670512199 0.214708611369133 0.214525073766708 0.214342847466469 0.214002817869186 0.213446140289307 0.212782233953476 0.212030604481697 0.211275741457939 0.210519343614578 0.209807202219963 0.209105625748634 0.208611264824867 0.208146721124649 0.207909047603607 0.207691758871078 0.207559809088707 0.207424908876419 0.20728375017643 0.207152217626572 0.207032442092896 0.206969723105431 0.206948563456535 0.206886634230614 0.206807821989059 0.206751227378845 0.206698998808861 0.206744506955147 0.206796854734421 0.206880643963814 0.206955030560493 0.206996411085129 0.207038700580597 0.207082703709602 0.207221865653992 0.207464680075645 0.207873523235321 0.208389788866043 0.209181681275368
0.217798247933388 0.21761666238308 0.217362865805626 0.217088535428047 0.216362491250038 0.215602979063988 0.215187877416611 0.214811190962791 0.214629948139191 0.214456900954247 0.214303657412529 0.214074298739433 0.213740438222885 0.213225111365318 0.212561294436455 0.211825594305992 0.211055845022202 0.21028470993042 0.209513247013092 0.208917900919914 0.208352133631706 0.20804038643837 0.207756265997887 0.207587778568268 0.207427471876144 0.207284450531006 0.207148566842079 0.207021400332451 0.206950590014458 0.206920817494392 0.206853598356247 0.206770867109299 0.206713274121284 0.206660613417625 0.206734895706177 0.206815809011459 0.20691554248333 0.207004934549332 0.207057908177376 0.207093358039856 0.207096293568611 0.20719239115715 0.207390025258064 0.207734391093254 0.20817369222641 0.208911597728729
