Ecospace-environmental-drivers/Outputs/ASCII-for-ecospace/MOM6-ISIMIP3a/o2/2009-05_o2_MOM6-ISIMIP3a.asc
NCOLS 131 
NROWS 53 
XLLCORNER -98 
YLLCORNER 23.9265270233154 
CELLSIZE 0.133587792515755 
NODATA_value -9999 
[rows 0 to 20 of 53, columns 46 to 91 of 131]
-9999 -9999 -9999 -9999 -9999 -9999 -9999 -9999 -9999 -9999 -9999 -9999 -9999 -9999 -9999 -9999 -9999 -9999 -9999 -9999 -9999 -9999 -9999 -9999 -9999 -9999 -9999 -9999 -9999 -9999 -9999 -9999 -9999 -9999 -9999 -9999 -9999 -9999 -9999 -9999 -9999 -9999 -9999 -9999 -9999 -9999
-9999 -9999 -9999 -9999 -9999 -9999 -9999 -9999 -9999 -9999 -9999 -9999 -9999 -9999 -9999 -9999 -9999 -9999 -9999 -9999 -9999 -9999 -9999 -9999 -9999 -9999 -9999 -9999 -9999 -9999 -9999 -9999 -9999 -9999 -9999 -9999 -9999 -9999 -9999 -9999 -9999 -9999 -9999 -9999 -9999 -9999
-9999 -9999 -9999 -9999 -9999 -9999 -9999 -9999 -9999 -9999 -9999 -9999 -9999 -9999 -9999 -9999 -9999 -9999 -9999 -9999 -9999 -9999 -9999 -9999 -9999 -9999 -9999 -9999 0.232475712895393 0.231986448168755 -9999 -9999 -9999 -9999 -9999 -9999 -9999 -9999 -9999 -9999 -9999 -9999 -9999 -9999 -9999 -9999
-9999 -9999 -9999 -9999 -9999 -9999 -9999 -9999 -9999 -9999 -9999 -9999 -9999 -9999 -9999 -9999 -9999 -9999 -9999 -9999 -9999 -9999 -9999 -9999 -9999 -9999 -9999 -9999 0.232467919588089 0.231929570436478 -9999 -9999 -9999 -9999 -9999 -9999 -9999 -9999 -9999 -9999 -9999 -9999 -9999 -9999 -9999 -9999
-9999 -9999 -9999 -9999 -9999 -9999 -9999 -9999 -9999 -9999 -9999 -9999 -9999 -9999 -9999 -9999 -9999 -9999 -9999 0.229389756917953 0.229630067944527 0.229822307825089 0.230943739414215 0.231852740049362 0.233222275972366 0.233786150813103 0.233579859137535 0.233075171709061 0.2324338555336 0.231894731521606 0.231460139155388 -9999 -9999 0.231461331248283 0.23098960518837 0.229737088084221 0.228133797645569 0.226181969046593 0.224288836121559 0.222680971026421 0.221504658460617 0.220756098628044 0.22019661962986 -9999 -9999 -9999
-9999 -9999 -9999 -9999 -9999 -9999 -9999 -9999 -9999 -9999 -9999 -9999 -9999 -9999 -9999 0.200748309493065 -9999 0.201866701245308 0.202845513820648 0.216196775436401 0.229389756917953 0.229678124189377 0.229822307825089 0.232065171003342 0.233670741319656 0.233930930495262 0.233756795525551 0.233051866292953 0.232416868209839 0.231832832098007 0.231434494256973 0.231113076210022 0.231444299221039 0.231903836131096 0.231035873293877 0.230029091238976 0.228146314620972 0.226225987076759 0.224173590540886 0.222466945648193 0.221402376890182 0.220644652843475 0.220221266150475 0.21972393989563 0.219178780913353 -9999
-9999 -9999 -9999 -9999 -9999 -9999 -9999 -9999 -9999 -9999 -9999 0.196860775351524 0.196711987257004 0.196637317538261 0.19651859998703 0.19865483045578 0.200675368309021 0.200821235775948 0.201933369040489 0.202845513820648 0.216355070471764 0.229389756917953 0.229822307825089 0.232065171003342 0.233670741319656 0.233930930495262 0.233756795525551 0.233051866292953 0.232416868209839 0.231832832098007 0.231434494256973 0.231113076210022 0.231444299221039 0.231903836131096 0.231035873293877 0.230029091238976 0.228146314620972 0.226225987076759 0.224173590540886 0.222466945648193 0.221402376890182 0.220644652843475 0.220221266150475 0.21972393989563 0.219178780913353 0.21903470158577
-9999 -9999 -9999 -9999 -9999 -9999 -9999 -9999 -9999 -9999 -9999 0.197658494114876 0.196860775351524 0.196563214063644 -9999 0.19650462269783 0.198784977197647 0.200529500842094 0.200821235775948 0.202133372426033 0.202845513820648 0.216829925775528 0.228750765323639 0.232035309076309 0.23443067073822 0.234948948025703 0.235019966959953 0.234544366598129 0.233922600746155 0.233194380998611 0.232598662376404 0.232057824730873 0.231707096099854 0.231393724679947 0.230248123407364 0.229034125804901 0.227453157305717 0.225800439715385 0.223895385861397 0.222308337688446 0.221311837434769 0.220599979162216 0.220198258757591 0.21982716023922 0.219475850462914 0.219616889953613
-9999 -9999 -9999 -9999 -9999 -9999 -9999 -9999 -9999 -9999 -9999 -9999 -9999 -9999 -9999 0.196337476372719 0.196910753846169 0.199325904250145 0.200237780809402 0.200821235775948 0.202733367681503 0.216010510921478 0.227579057216644 0.231996953487396 0.235250160098076 0.236044570803642 0.236375838518143 0.23614102602005 0.235527768731117 0.234638854861259 0.233824953436852 0.233042135834694 0.231958538293839 0.230815812945366 0.229382693767548 0.227956920862198 0.22670803964138 0.225349336862564 0.223604559898376 0.222146198153496 0.221219748258591 0.220554187893867 0.220172896981239 0.219937205314636 0.219795718789101 0.219845086336136
0.216751888394356 0.216798156499863 -9999 -9999 -9999 -9999 -9999 -9999 -9999 -9999 -9999 0.214764684438705 0.198476150631905 -9999 -9999 -9999 0.196481168270111 0.198580577969551 0.200508788228035 0.199654310941696 0.200459450483322 0.214668691158295 0.227050289511681 0.231782957911491 0.235222697257996 0.235932976007462 0.236111640930176 0.235640540719032 0.234824806451797 0.233758017420769 0.232764810323715 0.231802046298981 0.230831637978554 0.229859724640846 0.228852868080139 0.227842897176743 0.22681500017643 0.225637793540955 0.223935648798943 0.222463145852089 0.221417173743248 0.220639526844025 0.220154225826263 0.219889894127846 0.219768568873405 0.219846278429031
0.216661497950554 0.216934829950333 0.216955006122589 -9999 -9999 -9999 -9999 -9999 -9999 -9999 -9999 0.223228305578232 0.214056551456451 0.198476150631905 -9999 -9999 0.19448022544384 0.198102489113808 0.203159019351006 0.200806885957718 0.1990747153759 0.213774263858795 0.226598650217056 0.231575295329094 0.235148563981056 0.23575921356678 0.235771298408508 0.235051825642586 0.234042048454285 0.232820823788643 0.231673374772072 0.230556488037109 0.229703962802887 0.228903412818909 0.228279680013657 0.227646857500076 0.226861342787743 0.225895345211029 0.224294766783714 0.222844287753105 0.221672564744949 0.220774441957474 0.220174431800842 0.219864785671234 0.219743028283119 0.219837710261345
0.216661497950554 0.216934829950333 0.216995358467102 0.218020960688591 0.219175115227699 -9999 -9999 -9999 -9999 -9999 -9999 -9999 0.222194120287895 0.211410373449326 0.198476150631905 0.196860775351524 0.19448022544384 0.198102489113808 0.203159019351006 0.202559664845467 0.202459439635277 0.215279534459114 0.22656075656414 0.231401637196541 0.234824046492577 0.235251978039742 0.235022604465485 0.233989849686623 0.232831358909607 0.231581270694733 0.230414211750031 0.229281559586525 0.228572189807892 0.227946043014526 0.227473855018616 0.227010905742645 0.226582527160645 0.2259870916605 0.224804282188416 0.223569646477699 0.222238764166832 0.221175312995911 0.220403209328651 0.219958662986755 0.219726070761681 0.219776809215546
0.216860324144363 0.217087775468826 0.217638045549393 0.218280106782913 0.219170346856117 -9999 -9999 -9999 -9999 0.222155749797821 0.223509237170219 0.224370718002319 0.224556788802147 0.217654854059219 0.204953715205193 0.199257865548134 0.196880280971527 0.199877575039864 0.204159110784531 0.204780429601669 0.205850929021835 0.217119246721268 0.227073222398758 0.231526508927345 0.234595969319344 0.234744071960449 0.234263718128204 0.233015283942223 0.231759637594223 0.230498716235161 0.22926951944828 0.22805343568325 0.227368593215942 0.226788192987442 0.226400449872017 0.226040214300156 0.225878998637199 0.225593388080597 0.224870353937149 0.223941147327423 0.222629010677338 0.221534162759781 0.220676019787788 0.220139130949974 0.219810098409653 0.21977499127388
0.217556208372116 0.217623099684715 0.217929884791374 0.21830490231514 0.219170346856117 0.220074877142906 0.220679491758347 0.22123521566391 0.221542254090309 0.222155749797821 0.223509237170219 0.224370718002319 0.224556788802147 0.220118567347527 0.211896881461143 0.207647860050201 0.205280601978302 0.206090480089188 0.207659482955933 0.208171159029007 0.209259316325188 0.219795063138008 0.228961586952209 0.232397735118866 0.234609007835388 0.234234422445297 0.233479350805283 0.232259228825569 0.231035351753235 0.22980871796608 0.228410944342613 0.226942285895348 0.225985422730446 0.225129157304764 0.224658071994781 0.224232614040375 0.224113658070564 0.223986014723778 0.223827794194221 0.223427936434746 0.222579345107079 0.221787974238396 0.221058920025826 0.220536023378372 0.220146551728249 0.21992090344429
0.2193763256073 0.219229459762573 0.218998789787292 0.21874426305294 0.219382673501968 0.220109477639198 0.220755279064178 0.22136852145195 0.221816137433052 0.222552299499512 0.223985180258751 0.224865078926086 0.224985808134079 0.222574681043625 0.218092069029808 0.215548977255821 0.213924571871758 0.213765859603882 0.213957354426384 0.214491575956345 0.215544387698174 0.223802417516708 0.230912730097771 0.233219668269157 0.234549641609192 0.233817160129547 0.232872754335403 0.231669351458549 0.230420172214508 0.229137644171715 0.227617472410202 0.225998863577843 0.224777862429619 0.223635017871857 0.22300723195076 0.222444340586662 0.222329139709473 0.222296923398972 0.222556456923485 0.222598418593407 0.222236335277557 0.221794843673706 0.221266850829124 0.220846369862556 0.220495477318764 0.220196887850761
0.222785875201225 0.222350090742111 0.221166282892227 0.21976974606514 0.21989518404007 0.220192968845367 0.220938220620155 0.22169029712677 0.222477212548256 0.223509460687637 0.225134044885635 0.226058378815651 0.226021379232407 0.225020065903664 0.223229795694351 0.222758933901787 0.222913041710854 0.223508939146996 0.224210396409035 0.224954009056091 0.225896552205086 0.229692324995995 0.232952624559402 0.233971893787384 0.234387934207916 0.2335304915905 0.232517510652542 0.231314405798912 0.229959234595299 0.228493317961693 0.226916015148163 0.225292578339577 0.223818600177765 0.222374022006989 0.221485808491707 0.220683366060257 0.220517486333847 0.220492288470268 0.220961689949036 0.221321702003479 0.221478566527367 0.221452593803406 0.221227437257767 0.221034362912178 0.220862045884132 0.220656737685204
0.223940372467041 0.223609030246735 0.222462490200996 0.221084088087082 0.220969632267952 0.221007466316223 0.221664100885391 0.222336053848267 0.223085939884186 0.22399877011776 0.225305035710335 0.226054966449738 0.22604113817215 0.225841715931892 0.225490465760231 0.225939452648163 0.226767480373383 0.227892711758614 0.229088947176933 0.230233117938042 0.231390461325645 0.232791841030121 0.233962416648865 0.234167084097862 0.234053283929825 0.23326712846756 0.232333108782768 0.23121839761734 0.229933589696884 0.228524923324585 0.22699536383152 0.225415751338005 0.223697260022163 0.221951469779015 0.220779865980148 0.21971295773983 0.21946108341217 0.219393044710159 0.219971343874931 0.220491096377373 0.220902070403099 0.221109554171562 0.221095308661461 0.221057385206223 0.221004143357277 0.220885619521141
0.22319583594799 0.223300218582153 0.223024934530258 0.222641676664352 0.222517311573029 0.222437560558319 0.22284722328186 0.2232546210289 0.223650574684143 0.224094122648239 0.22465255856514 0.225043788552284 0.225205451250076 0.225295975804329 0.22532831132412 0.225726708769798 0.226298496127129 0.227763324975967 0.229441538453102 0.231147229671478 0.232793137431145 0.233541503548622 0.234104737639427 0.233893185853958 0.233572974801064 0.23302336037159 0.232292592525482 0.231340438127518 0.230274513363838 0.229125708341599 0.227732241153717 0.226237446069717 0.224281534552574 0.222234964370728 0.220760628581047 0.219408273696899 0.219040676951408 0.218887820839882 0.219490006566048 0.220036149024963 0.220478236675262 0.220765829086304 0.220885083079338 0.220941483974457 0.220957219600677 0.220920011401176
0.222353637218475 0.22260320186615 0.222623199224472 0.222577929496765 0.222479999065399 0.222387462854385 0.222586333751678 0.222783893346786 0.222974881529808 0.223182931542397 0.223432183265686 0.223691061139107 0.223963156342506 0.224159553647041 0.224294006824493 0.224559858441353 0.224887937307358 0.226186528801918 0.227717012166977 0.229647532105446 0.231537595391273 0.232438907027245 0.233132973313332 0.232959777116776 0.232692584395409 0.232226967811584 0.231589108705521 0.23074072599411 0.229790166020393 0.228765144944191 0.227455273270607 0.226027444005013 0.224107980728149 0.222091868519783 0.22058442234993 0.219197809696198 0.218807771801949 0.218626469373703 0.21917912364006 0.219680324196815 0.220085948705673 0.220397099852562 0.220605313777924 0.220735624432564 0.220815524458885 0.220850259065628
0.221463620662689 0.221716195344925 0.221749633550644 0.221720740199089 0.221667051315308 0.22161303460598 0.221618786454201 0.221633285284042 0.221692204475403 0.221779182553291 0.221933901309967 0.222171202301979 0.222521886229515 0.222734048962593 0.222832873463631 0.222926080226898 0.223016619682312 0.22390142083168 0.224976003170013 0.226966574788094 0.228981196880341 0.230429857969284 0.231616020202637 0.231703624129295 0.231616407632828 0.231160134077072 0.230561167001724 0.229787826538086 0.228901952505112 0.227934122085571 0.226682171225548 0.225312545895576 0.223563566803932 0.221740007400513 0.220331385731697 0.219033449888229 0.218666598200798 0.218484446406364 0.218951672315598 0.219372987747192 0.21970908343792 0.220016121864319 0.220291525125504 0.220485746860504 0.220627442002296 0.220729544758797
0.220022037625313 0.220388635993004 0.220460623502731 0.220448836684227 0.220396444201469 0.220340117812157 0.220289468765259 0.220258846879005 0.220330134034157 0.220440119504929 0.220643550157547 0.220920905470848 0.221299722790718 0.221531078219414 0.221641778945923 0.221674606204033 0.221670538187027 0.222143948078156 0.222731426358223 0.224294289946556 0.225932970643044 0.227699562907219 0.229171007871628 0.229407295584679 0.229403272271156 0.228891938924789 0.228210940957069 0.227322593331337 0.226354673504829 0.225328803062439 0.224172979593277 0.222963333129883 0.22165547311306 0.22032830119133 0.219424813985825 0.218606695532799 0.218469262123108 0.21845318377018 0.218863844871521 0.219270139932632 0.219668358564377 0.220016866922379 0.220311224460602 0.220531269907951 0.220703229308128 0.220819130539894
