Ecospace-environmental-drivers/Outputs/ASCII-for-ecospace/MOM6-ISIMIP3a/o2/2010-04_o2_MOM6-ISIMIP3a.asc
NCOLS 131 
NROWS 53 
XLLCORNER -98 
YLLCORNER 23.9265270233154 
CELLSIZE 0.133587792515755 
NODATA_value -9999 
[rows 21 to 41 of 53, columns 0 to 45 of 131]
-9999 -9999 -9999 -9999 -9999 -9999 0.24208465218544 0.242194041609764 0.242480516433716 0.242911577224731 0.242792651057243 0.242418542504311 0.242602542042732 0.243150621652603 0.243716910481453 0.244304195046425 0.244380354881287 0.244105502963066 0.243071109056473 0.241743415594101 0.240493819117546 0.239258006215096 0.238630890846252 0.237961873412132 0.236832663416862 0.235652655363083 0.234307914972305 0.232998430728912 0.231750458478928 0.230625092983246 0.22962586581707 0.228937208652496 0.22843773663044 0.228231653571129 0.228123351931572 0.228110745549202 0.22810997068882 0.227915078401566 0.227780491113663 0.228029787540436 0.228247061371803 0.228375181555748 0.228512138128281 0.228662699460983 0.22894249856472 0.22934091091156
-9999 -9999 -9999 -9999 -9999 -9999 0.242068216204643 0.24208465218544 0.242303431034088 0.242622435092926 0.242911577224731 0.243047833442688 0.243175446987152 0.243285968899727 0.243222624063492 0.242958709597588 0.242521330714226 0.241964817047119 0.241106480360031 0.240131616592407 0.238898187875748 0.237619116902351 0.236512064933777 0.235380336642265 0.23401153087616 0.232646703720093 0.231294795870781 0.230096027255058 0.229164496064186 0.228364646434784 0.227700293064117 0.227251306176186 0.226933524012566 0.22676719725132 0.226651340723038 0.226654097437859 0.226671829819679 0.226493924856186 0.226353779435158 0.226454138755798 0.22655063867569 0.226636365056038 0.226740509271622 0.226873129606247 0.227153912186623 0.227570682764053
-9999 -9999 -9999 -9999 0.240954890847206 0.241704747080803 0.242050275206566 0.242069706320763 0.24208465218544 0.242522194981575 0.24297134578228 0.243464916944504 0.243651837110519 0.243231952190399 0.242514908313751 0.24145495891571 0.240553945302963 0.239762052893639 0.23911327123642 0.23851977288723 0.23728583753109 0.235938891768456 0.234320744872093 0.232701241970062 0.231119811534882 0.229604929685593 0.228305906057358 0.227273091673851 0.226704835891724 0.226271271705627 0.225976288318634 0.225786313414574 0.225660294294357 0.225534752011299 0.225409358739853 0.225418478250504 0.225444868206978 0.225290402770042 0.225150972604752 0.225107222795486 0.225083127617836 0.225113719701767 0.225175708532333 0.225286200642586 0.225562587380409 0.225991204380989
-9999 -9999 -9999 -9999 0.239237815141678 0.240826725959778 0.241359204053879 0.242050275206566 0.242074176669121 0.242378443479538 0.242601439356804 0.242513403296471 0.242226719856262 0.241546958684921 0.240641236305237 0.239474803209305 0.238418713212013 0.237438410520554 0.236578315496445 0.235764622688293 0.234401017427444 0.232940375804901 0.231025889515877 0.229187682271004 0.228068023920059 0.227049112319946 0.226356908679008 0.225825697183609 0.22557544708252 0.225378766655922 0.225237190723419 0.225158363580704 0.225117757916451 0.225041195750237 0.2249526232481 0.224943995475769 0.224945515394211 0.224823802709579 0.224711820483208 0.224661737680435 0.224631831049919 0.224658131599426 0.224742457270622 0.224916458129883 0.225249096751213 0.225727334618568
-9999 -9999 -9999 -9999 -9999 0.239237815141678 0.24065962433815 0.240668147802353 0.24206654727459 0.242207795381546 0.242192327976227 0.241576984524727 0.240868151187897 0.239974349737167 0.23890745639801 0.237640887498856 0.236392661929131 0.235157042741776 0.234029844403267 0.232944488525391 0.231505319476128 0.230003699660301 0.227989077568054 0.226107478141785 0.225428074598312 0.224865764379501 0.224683105945587 0.224570065736771 0.224578574299812 0.224576279520988 0.224562868475914 0.224573761224747 0.224599465727806 0.22456693649292 0.224515005946159 0.224493801593781 0.2244763225317 0.224386021494865 0.224300712347031 0.224247142672539 0.224215477705002 0.22424478828907 0.224351704120636 0.224578529596329 0.224948689341545 0.225450411438942
-9999 -9999 -9999 -9999 -9999 0.239289209246635 0.239237815141678 0.240682274103165 0.242071360349655 0.241919308900833 0.241611361503601 0.240706726908684 0.239801332354546 0.238894447684288 0.237787008285522 0.2364481985569 0.234845295548439 0.233061015605927 0.231422141194344 0.229839414358139 0.228561848402023 0.227338135242462 0.226083740592003 0.224927425384521 0.224593952298164 0.224315598607063 0.224215939640999 0.224155277013779 0.224162667989731 0.224168449640274 0.224172621965408 0.224179267883301 0.224187448620796 0.224177375435829 0.224161222577095 0.224150136113167 0.224139362573624 0.224074617028236 0.224012598395348 0.223968103528023 0.223952367901802 0.224016770720482 0.22414730489254 0.224380061030388 0.224705621600151 0.225116357207298
-9999 -9999 0.239337906241417 0.239347010850906 0.239374727010727 0.239340677857399 0.239289149641991 0.240709960460663 0.242053836584091 0.241586938500404 0.240968465805054 0.239769861102104 0.238664269447327 0.237742692232132 0.236563950777054 0.235088497400284 0.233178153634071 0.230969145894051 0.229037329554558 0.22721254825592 0.226145163178444 0.225211456418037 0.22458079457283 0.224014595150948 0.223930194973946 0.223856791853905 0.223819091916084 0.223797172307968 0.223802819848061 0.223812878131866 0.223827481269836 0.223831295967102 0.223828509449959 0.223838567733765 0.223852917551994 0.22385236620903 0.223849475383759 0.223806172609329 0.223763912916183 0.223728463053703 0.223723337054253 0.223802670836449 0.223934784531593 0.224148437380791 0.224412739276886 0.224723517894745
-9999.000000000000000 -9999 -9999 -9999 0.239325612783432 0.239408791065216 0.23944017291069 0.240767166018486 0.241987600922585 0.241158813238144 0.240190416574478 0.238687664270401 0.237373933196068 0.236434176564217 0.235117018222809 0.233364388346672 0.231249690055847 0.228886336088181 0.227138817310333 0.225629076361656 0.224877893924713 0.224260553717613 0.223955795168877 0.223684802651405 0.223638117313385 0.223597332835197 0.223575592041016 0.223562717437744 0.223565295338631 0.223571300506592 0.223580807447433 0.223584786057472 0.223585367202759 0.223610520362854 0.223643854260445 0.223654761910439 0.223662286996841 0.223631471395493 0.223601251840591 0.223574787378311 0.223568633198738 0.22361895442009 0.223704516887665 0.223844483494759 0.224011182785034 0.224202409386635
-9999 -9999 -9999 -9999 0.239226683974266 0.239227384328842 0.239337518811226 0.240694403648376 0.241909697651863 0.240694865584373 0.239369377493858 0.237620368599892 0.236078888177872 0.234948039054871 0.233425557613373 0.23145118355751 0.229304045438766 0.227038234472275 0.225599125027657 0.224479243159294 0.223998352885246 0.223630204796791 0.223520025610924 0.223424643278122 0.22340552508831 0.223388493061066 0.223378166556358 0.223371788859367 0.223372310400009 0.223372936248779 0.223373681306839 0.223373726010323 0.223373338580132 0.223407164216042 0.223452419042587 0.22347766160965 0.223499849438667 0.223481297492981 0.223461374640465 0.223432600498199 0.223417177796364 0.223438948392868 0.223486810922623 0.223575040698051 0.223675489425659 0.223787143826485
-9999 -9999 -9999 -9999 0.23913562297821 0.239043861627579 0.2389305382967 0.240458130836487 0.241817101836205 0.24018582701683 0.238494247198105 0.236571803689003 0.23477791249752 0.233238399028778 0.231426432728767 0.229300081729889 0.227336764335632 0.225485414266586 0.22451089322567 0.223874941468239 0.223606616258621 0.22340315580368 0.223322331905365 0.223252087831497 0.223247766494751 0.223243355751038 0.223238676786423 0.223235607147217 0.223235324025154 0.223228946328163 0.223216280341148 0.223207250237465 0.223200410604477 0.223234891891479 0.223283156752586 0.22332638502121 0.223368570208549 0.223361998796463 0.223350167274475 0.223304823040962 0.223269820213318 0.223263561725616 0.22328494489193 0.223349004983902 0.223422646522522 0.223505064845085
-9999 -9999 -9999 -9999 0.239043861627579 0.238906696438789 0.238745674490929 0.240286216139793 0.241643935441971 0.239906743168831 0.238103330135345 0.236046478152275 0.234000995755196 0.231978043913841 0.229880347847939 0.227696403861046 0.225947842001915 0.224498257040977 0.223827242851257 0.223456874489784 0.223301529884338 0.223184138536453 0.223130896687508 0.223086014389992 0.223099052906036 0.223109856247902 0.223113372921944 0.223116040229797 0.223117217421532 0.223105058073997 0.223079174757004 0.22305916249752 0.223042711615562 0.223071023821831 0.223114252090454 0.223168909549713 0.223224863409996 0.223240554332733 0.223246619105339 0.223191499710083 0.223141312599182 0.223104819655418 0.223100557923317 0.223146140575409 0.223209291696548 0.223288610577583
-9999 -9999 -9999 -9999 0.238898739218712 0.238745674490929 0.240011930465698 0.240162581205368 0.241410359740257 0.239800110459328 0.238075584173203 0.235913574695587 0.233617126941681 0.231054648756981 0.228674039244652 0.226503282785416 0.224992647767067 0.223935350775719 0.223447054624557 0.2231784760952 0.223061442375183 0.222971141338348 0.222944185137749 0.222924813628197 0.222957134246826 0.222985059022903 0.222998708486557 0.223008960485458 0.223013237118721 0.222996219992638 0.222957283258438 0.22292485833168 0.2228963971138 0.222913444042206 0.222945645451546 0.223006799817085 0.223071813583374 0.223117485642433 0.223148837685585 0.223089009523392 0.223026916384697 0.222958534955978 0.222929313778877 0.222960621118546 0.223025560379028 0.223121359944344
-9999 -9999 -9999 -9999 0.238745674490929 0.239856347441673 0.240496426820755 0.240853250026703 0.240821674466133 0.239314585924149 0.23765404522419 0.235406115651131 0.23299814760685 0.230273500084877 0.227874308824539 0.225850641727448 0.224517539143562 0.22365865111351 0.22323776781559 0.222985997796059 0.222879499197006 0.222798615694046 0.222786784172058 0.222782254219055 0.222825974225998 0.222864896059036 0.222888275980949 0.222906678915024 0.222916424274445 0.222898796200752 0.222852990031242 0.2228112667799 0.222772046923637 0.222778871655464 0.222801044583321 0.222850456833839 0.222903832793236 0.222985431551933 0.223049491643906 0.223001763224602 0.222939744591713 0.222837954759598 0.222779169678688 0.222786828875542 0.222845941781998 0.222952261567116
-9999 -9999 -9999 -9999 -9999 0.240038514137268 0.24017134308815 0.240473464131355 0.240080803632736 0.23866668343544 0.237063735723495 0.234738126397133 0.232278406620026 0.229553297162056 0.227248802781105 0.225429639220238 0.224248170852661 0.223504617810249 0.22310172021389 0.222830355167389 0.222722470760345 0.222643435001373 0.222641959786415 0.222647696733475 0.22269943356514 0.22274674475193 0.222779646515846 0.222806453704834 0.222822666168213 0.222806245088577 0.222756251692772 0.222706571221352 0.222657084465027 0.222654148936272 0.22266674041748 0.222696572542191 0.222729429602623 0.222849532961845 0.222949475049973 0.222921043634415 0.222864225506783 0.222728401422501 0.222638085484505 0.222618073225021 0.222668081521988 0.222782343626022
-9999 -9999 -9999 -9999 -9999 0.239283621311188 0.239447757601738 0.239187300205231 0.239120379090309 0.23760099709034 0.235920518636703 0.233623325824738 0.231268301606178 0.22879883646965 0.226741403341293 0.225159421563148 0.224106267094612 0.223416268825531 0.223012328147888 0.222718849778175 0.222610905766487 0.222535699605942 0.222534328699112 0.222540095448494 0.222591817378998 0.222637861967087 0.222665503621101 0.222689554095268 0.222707286477089 0.222688257694244 0.222631379961967 0.222581759095192 0.222536563873291 0.222536534070969 0.222551554441452 0.222558304667473 0.222564950585365 0.22271728515625 0.222851455211639 0.222869977355003 0.222834214568138 0.222647354006767 0.222514539957047 0.222465306520462 0.222510367631912 0.222641989588737
-9999 -9999 -9999 -9999 -9999 0.238146468997002 0.238231763243675 0.238682523369789 0.238114520907402 0.236448898911476 0.234662890434265 0.232416078448296 0.230198130011559 0.228037282824516 0.22625844180584 0.224920392036438 0.223990723490715 0.223341509699821 0.222932606935501 0.222616478800774 0.222508758306503 0.222437798976898 0.222434416413307 0.2224380671978 0.222488105297089 0.222530901432037 0.222550243139267 0.222569182515144 0.222587451338768 0.22256501019001 0.222500711679459 0.22245280444622 0.222414880990982 0.222420364618301 0.222440332174301 0.222423255443573 0.222402542829514 0.222585812211037 0.222753867506981 0.222825050354004 0.222813621163368 0.222572192549706 0.222394645214081 0.222315832972527 0.222356826066971 0.222507759928703
-9999 -9999 -9999 -9999 -9999 -9999 0.236759886145592 0.236825481057167 0.236679866909981 0.235021963715553 0.233254730701447 0.231068998575211 0.229015499353409 0.22722364962101 0.225736677646637 0.224601492285728 0.22378745675087 0.223194003105164 0.222809746861458 0.222506284713745 0.222424387931824 0.222381576895714 0.222368225455284 0.222360715270042 0.222396656870842 0.222424924373627 0.222428366541862 0.222437530755997 0.222456648945808 0.222430691123009 0.22235831618309 0.222307041287422 0.222268640995026 0.222294315695763 0.22234134376049 0.222306296229362 0.222261652350426 0.22246190905571 0.222656801342964 0.222817525267601 0.222846329212189 0.222507923841476 0.22226020693779 0.222152635455132 0.222166493535042 0.222291812300682
-9999 -9999 -9999 -9999 -9999 -9999 0.235218599438667 0.234771654009819 0.23523060977459 0.233590722084045 0.231850311160088 0.229725226759911 0.227836638689041 0.226416006684303 0.225217744708061 0.224276065826416 0.223573341965675 0.223034709692001 0.222677752375603 0.222390919923782 0.222338333725929 0.222327083349228 0.222305551171303 0.222288012504578 0.222305536270142 0.222316011786461 0.222303554415703 0.222302928566933 0.222322911024094 0.222292989492416 0.222211733460426 0.222156718373299 0.222117692232132 0.222164690494537 0.222240373492241 0.222187995910645 0.222119927406311 0.222332566976547 0.222549960017204 0.222797721624374 0.222865626215935 0.222432821989059 0.222116187214851 0.221979036927223 0.221959546208382 0.222048059105873
-9999 -9999 -9999 -9999 -9999 -9999 0.232705071568489 0.234058678150177 0.233830362558365 0.232244744896889 0.230557888746262 0.228483602404594 0.226751655340195 0.225697129964828 0.224747657775879 0.223919421434402 0.223285332322121 0.222784578800201 0.222468659281731 0.222224101424217 0.222225874662399 0.222271114587784 0.222264394164085 0.222252994775772 0.222212210297585 0.22217521071434 0.222150549292564 0.222142353653908 0.222162902355194 0.222124725580215 0.222026124596596 0.221965625882149 0.221928358078003 0.222001850605011 0.222112253308296 0.222046807408333 0.221958994865417 0.22214138507843 0.222338482737541 0.22262915968895 0.222716316580772 0.222236901521683 0.221876844763756 0.221701294183731 0.22159306704998 0.221546649932861
-9999 -9999 -9999 -9999 -9999 0.226225823163986 0.229358568787575 0.229284897446632 0.232131451368332 0.230597600340843 0.228986635804176 0.227080598473549 0.22557345032692 0.224855571985245 0.224146395921707 0.223447233438492 0.222902655601501 0.222464218735695 0.222211584448814 0.222030684351921 0.222099408507347 0.222212195396423 0.222218826413155 0.222212463617325 0.222117274999619 0.222034305334091 0.221990942955017 0.221971601247787 0.221994206309319 0.221945732831955 0.22182409465313 0.22175370156765 0.221714526414871 0.221806675195694 0.221942588686943 0.221860751509666 0.221750497817993 0.221875742077827 0.222020655870438 0.222290858626366 0.222367808222771 0.221906796097755 0.221554309129715 0.221369549632072 0.221206992864609 0.221064791083336
-9999 -9999 -9999 -9999 0.223776280879974 0.22517304122448 0.226225823163986 0.227864861488342 0.229337424039841 0.227846130728722 0.226392984390259 0.225085899233818 0.224053397774696 0.223564192652702 0.223064094781876 0.222551435232162 0.222172856330872 0.221886351704597 0.221778526902199 0.221739709377289 0.221921607851982 0.222142443060875 0.22215710580349 0.222151666879654 0.222016513347626 0.221892967820168 0.221807092428207 0.221763506531715 0.221793696284294 0.221727430820465 0.221561908721924 0.221465393900871 0.221410915255547 0.221492975950241 0.221620544791222 0.221510127186775 0.22136764228344 0.221336975693703 0.221312820911407 0.221330091357231 0.221288844943047 0.221084728837013 0.220926687121391 0.220839828252792 0.220749035477638 0.220654636621475
