Ecospace-environmental-drivers/Outputs/ASCII-for-ecospace/MOM6-ISIMIP3a/ph-bot/1980-05_ph-bot_MOM6-ISIMIP3a.asc
NCOLS 131 
NROWS 53 
XLLCORNER -98 
YLLCORNER 23.9265270233154 
CELLSIZE 0.133587792515755 
NODATA_value -9999 
[rows 21 to 41 of 53, columns 47 to 93 of 131]
8.1689453125 8.16831016540527 8.16745090484619 8.16663551330566 8.16587543487549 8.16649436950684 8.16704368591309 8.16723918914795 8.16768169403076 8.16872406005859 8.16946697235107 8.1697998046875 8.16625690460205 8.15954303741455 8.08251953125 7.97219085693359 7.91365909576416 7.86750364303589 7.86978054046631 7.87533664703369 7.88019704818726 7.88626670837402 7.89739513397217 7.90341806411743 7.89866209030151 7.89448165893555 7.89100503921509 7.88900184631348 7.88807201385498 7.88379526138306 7.87813282012939 7.87696647644043 7.87668371200562 7.88382720947266 7.89134788513184 7.89986610412598 7.90230655670166 7.88337659835815 7.86928606033325 7.86418199539185 7.86323881149292 7.86682939529419 7.87392663955688 7.88329362869263 7.9014630317688 7.92279529571533 7.96192979812622
8.16921520233154 8.16759967803955 8.16545963287354 8.16481113433838 8.16435432434082 8.16495037078857 8.16223812103271 8.14269924163818 8.12961006164551 8.13209342956543 8.12063503265381 8.09003829956055 8.06498050689697 8.04445266723633 7.98919105529785 7.91747617721558 7.88617515563965 7.86453104019165 7.873854637146 7.88482189178467 7.88874101638794 7.89334917068481 7.90084266662598 7.9037446975708 7.89695262908936 7.89201498031616 7.88934278488159 7.8866925239563 7.88405752182007 7.8803858757019 7.8762845993042 7.87469530105591 7.87360000610352 7.87536096572876 7.87743520736694 7.88153028488159 7.88322877883911 7.87649917602539 7.8744912147522 7.88125133514404 7.88233661651611 7.87723827362061 7.87491130828857 7.87437772750854 7.88192558288574 7.89237642288208 7.92439556121826
8.16299533843994 8.1595516204834 8.15505123138428 8.15459632873535 8.15455055236816 8.15437698364258 8.1479320526123 8.10958957672119 8.08357715606689 8.08733463287354 8.06420993804932 8.00417709350586 7.95890283584595 7.9257025718689 7.89353609085083 7.86185884475708 7.85930585861206 7.86371183395386 7.87974977493286 7.89562129974365 7.89743328094482 7.89968347549438 7.9037652015686 7.90382242202759 7.89538288116455 7.88991641998291 7.88808298110962 7.88466024398804 7.88007926940918 7.87693309783936 7.87438058853149 7.87274026870728 7.8712797164917 7.86697053909302 7.86285305023193 7.86164283752441 7.86208868026733 7.86835765838623 7.87904262542725 7.89792776107788 7.90159130096436 7.88866996765137 7.87796020507812 7.86868238449097 7.8657169342041 7.86501932144165 7.8899188041687
8.06394290924072 8.04656028747559 8.02398014068604 8.02291488647461 8.02352333068848 8.00986576080322 7.9957332611084 7.97918701171875 7.96649980545044 7.96312999725342 7.9498987197876 7.92312955856323 7.90303659439087 7.88840579986572 7.87734889984131 7.86798524856567 7.87164688110352 7.87842082977295 7.88914966583252 7.8995532989502 7.90127563476562 7.90311241149902 7.90542650222778 7.90433216094971 7.89604187011719 7.89068651199341 7.88891887664795 7.88485479354858 7.8791184425354 7.87560844421387 7.87302112579346 7.86990022659302 7.86667442321777 7.86392307281494 7.86136627197266 7.8605432510376 7.8604416847229 7.86287784576416 7.86738157272339 7.87572383880615 7.8769679069519 7.8704776763916 7.87158679962158 7.87761306762695 7.87813186645508 7.87667226791382 7.88211345672607
7.97385692596436 7.94838190078735 7.91517686843872 7.91406345367432 7.915367603302 7.8932466506958 7.87491273880005 7.87584066390991 7.87397813796997 7.86537790298462 7.86052560806274 7.8608193397522 7.86134195327759 7.86205196380615 7.86771583557129 7.87572622299194 7.88320541381836 7.89055776596069 7.89634609222412 7.90177154541016 7.90347719192505 7.90496063232422 7.90551233291626 7.9035210609436 7.89616012573242 7.89135503768921 7.88967323303223 7.88502931594849 7.87822723388672 7.87442302703857 7.87186002731323 7.86757373809814 7.86294841766357 7.86147260665894 7.86019277572632 7.85968780517578 7.85913801193237 7.85843276977539 7.85784769058228 7.8574857711792 7.85670614242554 7.85547161102295 7.86511468887329 7.88179540634155 7.88484954833984 7.88300800323486 7.87601757049561
7.92308473587036 7.91515493392944 7.90401220321655 7.90531730651855 7.90749835968018 7.89892959594727 7.89167881011963 7.89112901687622 7.88912534713745 7.88361215591431 7.88049554824829 7.88066959381104 7.88178777694702 7.88367795944214 7.88681697845459 7.89054679870605 7.89133358001709 7.89141750335693 7.89388370513916 7.89647388458252 7.89848470687866 7.89987850189209 7.89869117736816 7.89691781997681 7.89390707015991 7.89157438278198 7.89006948471069 7.88511323928833 7.87764406204224 7.87384462356567 7.87156534194946 7.86749839782715 7.86307954788208 7.86164045333862 7.86038970947266 7.85990238189697 7.85934209823608 7.85852575302124 7.85764312744141 7.85663652420044 7.85556888580322 7.85443449020386 7.85820865631104 7.86515808105469 7.86658668518066 7.86603116989136 7.87741851806641
7.89147758483887 7.89483261108398 7.89809513092041 7.90069484710693 7.90315437316895 7.90366363525391 7.90391302108765 7.90284204483032 7.90117979049683 7.89809036254883 7.89619779586792 7.89594745635986 7.89653921127319 7.89781951904297 7.8986234664917 7.8992018699646 7.89601993560791 7.89193916320801 7.89222288131714 7.89290618896484 7.89504289627075 7.89629602432251 7.89385175704956 7.89182138442993 7.89066505432129 7.88941526412964 7.88805103302002 7.88345956802368 7.8765172958374 7.87261772155762 7.8699779510498 7.86667108535767 7.86323261260986 7.86188888549805 7.86069393157959 7.86019515991211 7.85959959030151 7.85866451263428 7.85753870010376 7.8560585975647 7.85474681854248 7.85361766815186 7.85331773757935 7.85355424880981 7.8538293838501 7.85411882400513 7.87603664398193
7.90168571472168 7.90266752243042 7.9036283493042 7.90507078170776 7.90650320053101 7.90632677078247 7.90626001358032 7.90675401687622 7.90648460388184 7.90437364578247 7.90258741378784 7.90124797821045 7.89886569976807 7.8956298828125 7.89451503753662 7.89440536499023 7.89319562911987 7.89172267913818 7.89230966567993 7.89311122894287 7.89498424530029 7.8959846496582 7.89333629608154 7.89001274108887 7.88526439666748 7.88206672668457 7.88076543807983 7.87801313400269 7.87420463562012 7.86997413635254 7.8655686378479 7.86420249938965 7.86343383789062 7.86231279373169 7.86123132705688 7.86065864562988 7.85997581481934 7.8589038848877 7.85765409469604 7.8560733795166 7.85461235046387 7.85328102111816 7.85282373428345 7.85293197631836 7.85308504104614 7.85325479507446 7.86858320236206
7.90672397613525 7.90597057342529 7.9052209854126 7.9057788848877 7.90645360946655 7.90666627883911 7.90705537796021 7.90834093093872 7.90869951248169 7.90681982040405 7.90441942214966 7.90130424499512 7.89677381515503 7.89108514785767 7.88904237747192 7.88872671127319 7.88841009140015 7.8880934715271 7.88887357711792 7.88980340957642 7.89181566238403 7.89299583435059 7.89069557189941 7.88725805282593 7.88141870498657 7.87757253646851 7.87616205215454 7.87451934814453 7.87270736694336 7.86807298660278 7.86226892471313 7.86234617233276 7.86357927322388 7.86282873153687 7.86200141906738 7.86115026473999 7.86018514633179 7.85881948471069 7.85739660263062 7.85586881637573 7.85440492630005 7.85301113128662 7.85245037078857 7.85242795944214 7.85252809524536 7.8526725769043 7.86165428161621
7.90525722503662 7.90357255935669 7.90185689926147 7.9018726348877 7.90212869644165 7.90408325195312 7.90589761734009 7.90700244903564 7.90702629089355 7.9044394493103 7.90051746368408 7.89476251602173 7.88912296295166 7.88357734680176 7.8818531036377 7.88193893432617 7.88115787506104 7.88016986846924 7.88100576400757 7.88207626342773 7.88473463058472 7.88663816452026 7.88538122177124 7.88331270217896 7.87952947616577 7.87666797637939 7.87493371963501 7.87348175048828 7.8722357749939 7.86710453033447 7.86036443710327 7.86125946044922 7.86365509033203 7.86345911026001 7.86306524276733 7.86167764663696 7.8601861000061 7.85832786560059 7.85667085647583 7.85538768768311 7.85410594940186 7.85282564163208 7.85222816467285 7.85207271575928 7.85220670700073 7.85244417190552 7.85538530349731
7.90396070480347 7.90168285369873 7.89926052093506 7.89963340759277 7.90031909942627 7.90172290802002 7.90297603607178 7.90346097946167 7.90296745300293 7.90011262893677 7.89531803131104 7.88786125183105 7.88231420516968 7.87832880020142 7.87712955474854 7.8772497177124 7.87649536132812 7.8755316734314 7.87642097473145 7.87754774093628 7.88027429580688 7.88243770599365 7.88224697113037 7.88135719299316 7.87899112701416 7.87679958343506 7.87482023239136 7.87330150604248 7.87211847305298 7.86685180664062 7.85989379882812 7.860999584198 7.8636908531189 7.86369466781616 7.86344957351685 7.86174249649048 7.85996103286743 7.85791492462158 7.85618257522583 7.85503196716309 7.85389518737793 7.85277271270752 7.85215759277344 7.8518705368042 7.85194301605225 7.85214424133301 7.85157585144043
7.90279102325439 7.90017366409302 7.89724016189575 7.8986439704895 7.90039491653442 7.89952993392944 7.89873075485229 7.89826631546021 7.89711952209473 7.89432573318481 7.88914585113525 7.880690574646 7.87613677978516 7.87477445602417 7.87425470352173 7.87413454055786 7.87377500534058 7.87335824966431 7.87429904937744 7.87541818618774 7.87777853012085 7.87985610961914 7.88074779510498 7.88089418411255 7.87946653366089 7.87770795822144 7.87554359436035 7.87376499176025 7.87226676940918 7.8671350479126 7.86049842834473 7.86136054992676 7.86369657516479 7.86363410949707 7.86332368850708 7.86146116256714 7.8595666885376 7.85756158828735 7.85587215423584 7.85477018356323 7.85374975204468 7.85281896591187 7.85220050811768 7.85178327560425 7.85172271728516 7.85178995132446 7.84961032867432
7.89993381500244 7.89812040328979 7.89612483978271 7.89771556854248 7.89952802658081 7.89743328094482 7.89504814147949 7.89118814468384 7.88783550262451 7.88570737838745 7.88096618652344 7.87263774871826 7.86881828308105 7.86868810653687 7.86875629425049 7.86891794204712 7.86899328231812 7.86904811859131 7.86979150772095 7.8707423210144 7.87401437759399 7.87688779830933 7.87809419631958 7.87863492965698 7.877769947052 7.87649393081665 7.87471532821655 7.87322092056274 7.87193298339844 7.8673882484436 7.86149454116821 7.86149549484253 7.86265468597412 7.8623366355896 7.86186552047729 7.860435962677 7.8589653968811 7.85735130310059 7.85589933395386 7.85474872589111 7.85370492935181 7.85277843475342 7.85216426849365 7.85175275802612 7.85163545608521 7.85162448883057 7.84892463684082
7.89635324478149 7.89583396911621 7.89539766311646 7.896812915802 7.8982572555542 7.89537763595581 7.89160680770874 7.88330268859863 7.87707805633545 7.87587547302246 7.87192630767822 7.86420631408691 7.86101055145264 7.86151647567749 7.86213254928589 7.86280155181885 7.86332845687866 7.8638219833374 7.86426210403442 7.86497497558594 7.86970615386963 7.87375450134277 7.87494611740112 7.87560606002808 7.8751425743103 7.87437057495117 7.87322187423706 7.8722448348999 7.87139272689819 7.86762857437134 7.86265802383423 7.86153364181519 7.86116456985474 7.86050939559937 7.85983610153198 7.85909175872803 7.85827493667603 7.85720205307007 7.85607051849365 7.85483026504517 7.85370349884033 7.85270071029663 7.85209512710571 7.85174608230591 7.85160541534424 7.85154008865356 7.84878730773926
7.89505624771118 7.89471530914307 7.89429187774658 7.89514207839966 7.89601516723633 7.89400339126587 7.89007663726807 7.87640953063965 7.86647653579712 7.86555862426758 7.86322975158691 7.85896301269531 7.85742330551147 7.85811471939087 7.85888433456421 7.85969114303589 7.86033248901367 7.86093425750732 7.86141014099121 7.862060546875 7.86537885665894 7.86822891235352 7.86912155151367 7.86965465545654 7.86943006515503 7.86902332305908 7.86839485168457 7.86774253845215 7.86707258224487 7.86449241638184 7.86112117767334 7.8597617149353 7.85879755020142 7.85805320739746 7.85735082626343 7.85697746276855 7.85655450820923 7.85595560073853 7.85531949996948 7.85461473464966 7.85369539260864 7.85254144668579 7.85195112228394 7.85172510147095 7.85164451599121 7.85161590576172 7.84879922866821
7.89423179626465 7.89383840560913 7.89310789108276 7.89331197738647 7.89357233047485 7.8927698135376 7.88894176483154 7.86972188949585 7.85590648651123 7.85514211654663 7.85460472106934 7.85437965393066 7.85470914840698 7.85549259185791 7.85633420944214 7.85720300674438 7.85788869857788 7.85853052139282 7.85911226272583 7.85973644256592 7.86104774475098 7.8622088432312 7.86274242401123 7.86309862136841 7.86307859420776 7.86300897598267 7.86287784576416 7.86251020431519 7.86197090148926 7.86065816879272 7.85902500152588 7.85761499404907 7.85624885559082 7.85546684265137 7.85477113723755 7.8547043800354 7.85462093353271 7.85448169708252 7.85437774658203 7.8543381690979 7.85368585586548 7.85236549377441 7.8517918586731 7.85170125961304 7.85169792175293 7.85172557830811 7.84884214401245
7.88558578491211 7.88447332382202 7.88422441482544 7.88406467437744 7.88370418548584 7.87766790390015 7.8706841468811 7.85887718200684 7.85045957565308 7.8502254486084 7.85098648071289 7.85311269760132 7.85431051254272 7.85474872589111 7.85523843765259 7.85575199127197 7.85615348815918 7.85652828216553 7.85695314407349 7.85741281509399 7.85832405090332 7.85916376113892 7.85970211029053 7.86006498336792 7.86005687713623 7.86002731323242 7.85997152328491 7.85968971252441 7.85924339294434 7.85800790786743 7.8564453125 7.85542917251587 7.85452032089233 7.85401344299316 7.85356092453003 7.85349702835083 7.85342741012573 7.85333871841431 7.8533353805542 7.8534893989563 7.85322999954224 7.85251998901367 7.85211658477783 7.8519115447998 7.8518500328064 7.85184049606323 7.84900188446045
7.87639904022217 7.8746395111084 7.87481260299683 7.87434720993042 7.87344884872437 7.86260843276978 7.85284328460693 7.84854602813721 7.8455867767334 7.84585952758789 7.84772872924805 7.8517894744873 7.85378885269165 7.85410261154175 7.85431051254272 7.85446882247925 7.85458612442017 7.85469341278076 7.85494804382324 7.85523366928101 7.85581350326538 7.85638475418091 7.8569164276123 7.85727310180664 7.85725975036621 7.85724544525146 7.85723066329956 7.85702323913574 7.85667562484741 7.85551357269287 7.85401391983032 7.85340547561646 7.85297203063965 7.8527364730835 7.85252285003662 7.85244798660278 7.85237646102905 7.85231494903564 7.85237836837769 7.85267543792725 7.85277462005615 7.85265827178955 7.85242605209351 7.85211801528931 7.85200262069702 7.85195589065552 7.84915781021118
7.8651762008667 7.86386299133301 7.86344146728516 7.86315774917603 7.8626127243042 7.85462474822998 7.84762811660767 7.84567499160767 7.84439420700073 7.84473848342896 7.84592771530151 7.84827899932861 7.85084867477417 7.85359716415405 7.85448026657104 7.85447978973389 7.85446691513062 7.85445165634155 7.85451555252075 7.85459470748901 7.85480642318726 7.85502243041992 7.85525369644165 7.85537624359131 7.85526847839355 7.85514688491821 7.85500860214233 7.85484933853149 7.85467481613159 7.85411405563354 7.8533935546875 7.85312843322754 7.85295295715332 7.85280704498291 7.85266828536987 7.85258197784424 7.85249423980713 7.85240030288696 7.85238170623779 7.85250425338745 7.85253524780273 7.85246515274048 7.85233783721924 7.8521728515625 7.85210514068604 7.85207223892212 7.84921598434448
7.85615015029907 7.85491180419922 7.85363054275513 7.85333824157715 7.85296869277954 7.8477668762207 7.84339570999146 7.84324884414673 7.84324502944946 7.84358787536621 7.84419298171997 7.84515810012817 7.84789991378784 7.85209560394287 7.85338497161865 7.85329818725586 7.85321760177612 7.85313892364502 7.85305738449097 7.85297822952271 7.85292959213257 7.85289096832275 7.85289478302002 7.85284423828125 7.85268020629883 7.85251140594482 7.85233736038208 7.85225439071655 7.85223770141602 7.85214328765869 7.85201597213745 7.85200643539429 7.85202026367188 7.85196161270142 7.8519024848938 7.85186767578125 7.85183000564575 7.85178089141846 7.85186767578125 7.85220718383789 7.85236120223999 7.85231304168701 7.8522629737854 7.85221099853516 7.8519229888916 7.85155010223389 7.84889221191406
7.8551778793335 7.85265445709229 7.84953832626343 7.84854173660278 7.84769487380981 7.84503889083862 7.84276723861694 7.842453956604 7.84225463867188 7.8423318862915 7.84269952774048 7.84346628189087 7.84492206573486 7.8469409942627 7.84765243530273 7.84774398803711 7.84782361984253 7.84789991378784 7.84783840179443 7.84777736663818 7.8478627204895 7.84793949127197 7.84798097610474 7.84798336029053 7.84790182113647 7.84790802001953 7.84802103042603 7.84811687469482 7.84820079803467 7.84807538986206 7.8478627204895 7.84778690338135 7.84773826599121 7.84775495529175 7.8477954864502 7.84804248809814 7.84829711914062 7.84857845306396 7.84945774078369 7.85144662857056 7.85242795944214 7.85231113433838 7.8522367477417 7.85218906402588 7.8506965637207 7.84868478775024 7.84716892242432
