Ecospace-environmental-drivers/Outputs/ASCII-for-ecospace/MOM6-ISIMIP3a/ph-bot/1980-04_ph-bot_MOM6-ISIMIP3a.asc
NCOLS 131 
NROWS 53 
XLLCORNER -98 
YLLCORNER 23.9265270233154 
CELLSIZE 0.133587792515755 
NODATA_value -9999 
[rows 21 to 41 of 53, columns 0 to 46 of 131]
-9999 -9999 -9999 -9999 -9999 -9999 8.18188285827637 8.1816463470459 8.18098640441895 8.17982769012451 8.17759037017822 8.17366790771484 8.17546463012695 8.18081760406494 8.18467903137207 8.18681812286377 8.18629837036133 8.18395137786865 8.18589210510254 8.18948841094971 8.19106960296631 8.19229602813721 8.18832206726074 8.18460941314697 8.18402767181396 8.18349266052246 8.18310832977295 8.18278789520264 8.18257617950439 8.18229293823242 8.18193626403809 8.18158912658691 8.18124675750732 8.18100261688232 8.1807918548584 8.18063545227051 8.1804895401001 8.18061923980713 8.18067932128906 8.18030071258545 8.17981815338135 8.17904758453369 8.1777982711792 8.17580890655518 8.17463207244873 8.17420196533203 8.17352294921875
-9999 -9999 -9999 -9999 -9999 -9999 8.18193626403809 8.18188285827637 8.18140983581543 8.18082332611084 8.17982769012451 8.17927646636963 8.17995262145996 8.18305683135986 8.18585300445557 8.18829441070557 8.18815231323242 8.18623542785645 8.18686676025391 8.18848037719727 8.18891906738281 8.1891508102417 8.18587493896484 8.18282890319824 8.18233585357666 8.18186950683594 8.18148612976074 8.18109607696533 8.18069267272949 8.18032932281494 8.18000602722168 8.17972469329834 8.17946815490723 8.17915058135986 8.17881298065186 8.17788505554199 8.17688083648682 8.17667675018311 8.1764669418335 8.1762228012085 8.17595195770264 8.17560482025146 8.17497825622559 8.17392158508301 8.17332553863525 8.17315101623535 8.1727876663208
-9999 -9999 -9999 -9999 8.18265628814697 8.18220138549805 8.18195724487305 8.18196773529053 8.18188285827637 8.18093776702881 8.18064403533936 8.18284034729004 8.18441009521484 8.18474006652832 8.18612766265869 8.18873596191406 8.18891716003418 8.18743324279785 8.18697547912598 8.18691539764404 8.18573188781738 8.18435096740723 8.17964649200439 8.17534351348877 8.17500591278076 8.17467594146729 8.17437362670898 8.17442417144775 8.17508983612061 8.17585277557373 8.17671585083008 8.17697715759277 8.17687034606934 8.17652606964111 8.17610263824463 8.17448329925537 8.17270088195801 8.17109394073486 8.16952991485596 8.16823482513428 8.16710758209229 8.16644954681396 8.16604423522949 8.16602993011475 8.16607189178467 8.16616439819336 8.16613388061523
-9999 -9999 -9999 -9999 8.18368339538574 8.18278312683105 8.18244552612305 8.18195724487305 8.18206405639648 8.18342590332031 8.18460941314697 8.18511199951172 8.18516445159912 8.18432807922363 8.1838550567627 8.18380069732666 8.18355751037598 8.18318462371826 8.18299865722656 8.18288516998291 8.17527675628662 8.16634464263916 8.1206226348877 8.07913112640381 8.0796012878418 8.0802116394043 8.08127593994141 8.08998966217041 8.11205387115479 8.13484859466553 8.15839672088623 8.16702079772949 8.16655349731445 8.16636180877686 8.16626071929932 8.16603755950928 8.16565418243408 8.14523410797119 8.12454319000244 8.10212230682373 8.08190631866455 8.0678243637085 8.0596923828125 8.06075954437256 8.06180763244629 8.06284046173096 8.06365871429443
-9999 -9999 -9999 -9999 -9999 8.18368339538574 8.18304824829102 8.18293380737305 8.18239879608154 8.18483638763428 8.18660163879395 8.18579483032227 8.18450164794922 8.1822452545166 8.17670154571533 8.16736507415771 8.15913009643555 8.15165233612061 8.14967346191406 8.14981746673584 8.13821315765381 8.12453556060791 8.0533447265625 7.98875999450684 7.98971652984619 7.99090576171875 7.99284982681274 8.00714206695557 8.04298114776611 8.07956123352051 8.11690330505371 8.13024234771729 8.12895965576172 8.12873554229736 8.12886428833008 8.12952613830566 8.13002967834473 8.09836387634277 8.06622409820557 8.03106880187988 7.99931192398071 7.97701835632324 7.96418190002441 7.96596002578735 7.96761083602905 7.96914482116699 7.97072792053223
-9999 -9999 -9999 -9999 -9999 8.18492031097412 8.18368339538574 8.18361759185791 8.18340492248535 8.18152141571045 8.17993927001953 8.17951488494873 8.17762565612793 8.17283535003662 8.14814949035645 8.10050678253174 8.05110168457031 8.00048637390137 7.98766040802002 7.98942613601685 7.9844822883606 7.97835445404053 7.94987010955811 7.92400360107422 7.92403078079224 7.92421531677246 7.92491102218628 7.93125152587891 7.94744300842285 7.96164608001709 7.97380208969116 7.97585868835449 7.97176265716553 7.97070121765137 7.97065162658691 7.96995258331299 7.96909999847412 7.95936870574951 7.94945096969604 7.93834400177002 7.92815065383911 7.92050123214722 7.91620063781738 7.91707563400269 7.91755342483521 7.91766786575317 7.91964721679688
-9999 -9999 8.18769931793213 8.18735694885254 8.18697929382324 8.18615913391113 8.1849193572998 8.18377113342285 8.18240642547607 8.17845439910889 8.1751708984375 8.17444515228271 8.16959857940674 8.15659618377686 8.11233901977539 8.03201866149902 7.9589147567749 7.89076614379883 7.8753228187561 7.88023138046265 7.88076210021973 7.88051986694336 7.88147211074829 7.88230466842651 7.88191986083984 7.88158798217773 7.88142538070679 7.88213062286377 7.88434934616089 7.88281726837158 7.87742519378662 7.87228584289551 7.86730051040649 7.86611890792847 7.86620473861694 7.86487770080566 7.86340236663818 7.86856746673584 7.8736743927002 7.87840938568115 7.88250494003296 7.88482093811035 7.88652896881104 7.8872971534729 7.88731479644775 7.88664293289185 7.88845491409302
-9999.000000000000000 -9999 -9999 -9999 8.18893432617188 8.18779850006104 8.18855381011963 8.18276882171631 8.17703437805176 8.17593002319336 8.17453384399414 8.17201519012451 8.15906143188477 8.12545680999756 8.06069278717041 7.9599757194519 7.901291847229 7.87147378921509 7.87137031555176 7.88274049758911 7.88615703582764 7.88816976547241 7.88960599899292 7.8909125328064 7.89124631881714 7.89146184921265 7.89129495620728 7.89141798019409 7.8920464515686 7.88927125930786 7.88299322128296 7.87957429885864 7.8778977394104 7.87815952301025 7.87906742095947 7.87870979309082 7.87821483612061 7.88291788101196 7.88734579086304 7.89001893997192 7.89253282546997 7.89460372924805 7.89680480957031 7.89920663833618 7.90031766891479 7.90024280548096 7.90065717697144
-9999 -9999 -9999 -9999 8.19160461425781 8.19284534454346 8.19204998016357 8.18294715881348 8.17417621612549 8.17443180084229 8.1738224029541 8.16990280151367 8.14747524261475 8.08842658996582 8.01046085357666 7.91066598892212 7.86749935150146 7.86322259902954 7.87188243865967 7.88553810119629 7.89124393463135 7.89554643630981 7.89714384078979 7.89857196807861 7.899085521698 7.89942216873169 7.89918565750122 7.89882564544678 7.89825057983398 7.89535570144653 7.89007377624512 7.88823413848877 7.8884916305542 7.88954210281372 7.89085721969604 7.89124059677124 7.89151763916016 7.89496040344238 7.898108959198 7.89938402175903 7.90068387985229 7.90205144882202 7.90382432937622 7.90622282028198 7.90751504898071 7.90779209136963 7.90724420547485
-9999 -9999 -9999 -9999 8.19350814819336 8.19417095184326 8.19499015808105 8.18461036682129 8.17448329925537 8.17422294616699 8.17301750183105 8.16818904876709 8.13457107543945 8.04398632049561 7.96200752258301 7.88995742797852 7.86368894577026 7.86886072158813 7.87801074981689 7.88869762420654 7.89594268798828 7.90258026123047 7.90393257141113 7.90503883361816 7.90505456924438 7.90497493743896 7.90458679199219 7.90386915206909 7.90257740020752 7.90097665786743 7.89905786514282 7.89861869812012 7.89908170700073 7.90009737014771 7.90129709243774 7.90213298797607 7.90292119979858 7.90409851074219 7.90521287918091 7.90592622756958 7.90647411346436 7.90656232833862 7.90674734115601 7.90708208084106 7.90740919113159 7.9077296257019 7.90676784515381
-9999 -9999 -9999 -9999 8.19417095184326 8.19516181945801 8.19632530212402 8.18713474273682 8.17809867858887 8.17655563354492 8.17415618896484 8.16847515106201 8.13590621948242 8.05013275146484 7.96735286712646 7.88802862167358 7.86369371414185 7.87712287902832 7.88655519485474 7.89444398880005 7.90048742294312 7.90620565414429 7.90743589401245 7.90844488143921 7.90842485427856 7.90831327438354 7.90790557861328 7.90712976455688 7.90571117401123 7.90496444702148 7.90490865707397 7.90524435043335 7.90581893920898 7.90668630599976 7.90765142440796 7.90851974487305 7.90936660766602 7.9091739654541 7.90903663635254 7.90925216674805 7.90895366668701 7.90722417831421 7.90609312057495 7.90588521957397 7.9061336517334 7.90680074691772 7.90584135055542
-9999 -9999 -9999 -9999 8.19521903991699 8.19632530212402 8.1912317276001 8.19030380249023 8.18419647216797 8.18079471588135 8.17675304412842 8.17026329040527 8.14792251586914 8.09421825408936 8.01304721832275 7.90018463134766 7.86656045913696 7.88735294342041 7.89691066741943 7.90213012695312 7.90491676330566 7.90727424621582 7.90847539901733 7.90955638885498 7.90984678268433 7.90999126434326 7.90966272354126 7.90905237197876 7.90795040130615 7.90772771835327 7.90841007232666 7.90905094146729 7.90966701507568 7.91030120849609 7.91094207763672 7.91152667999268 7.91209316253662 7.91120195388794 7.91039991378784 7.91016626358032 7.90894985198975 7.90499925613403 7.90275478363037 7.90314674377441 7.90398120880127 7.90522193908691 7.90457677841187
-9999 -9999 -9999 -9999 8.19632530212402 8.19335174560547 8.1918773651123 8.19116306304932 8.18996620178223 8.18347835540771 8.17718124389648 8.17161464691162 8.15582847595215 8.1198205947876 8.03989791870117 7.90930461883545 7.86818075180054 7.88849925994873 7.89857339859009 7.90469169616699 7.90673589706421 7.90806102752686 7.90759086608887 7.90711688995361 7.9069356918335 7.9067006111145 7.90629196166992 7.90655326843262 7.90798377990723 7.90903234481812 7.90968894958496 7.91013097763062 7.91044187545776 7.91086721420288 7.91133117675781 7.91039037704468 7.90926170349121 7.90900707244873 7.90868759155273 7.9079532623291 7.90641403198242 7.90263223648071 7.90049839019775 7.90091037750244 7.9013671875 7.90186548233032 7.90132188796997
-9999 -9999 -9999 -9999 -9999 8.19382762908936 8.19397449493408 8.19416427612305 8.19559574127197 8.18549537658691 8.17667865753174 8.17278003692627 8.16197395324707 8.13750076293945 8.05867195129395 7.91712379455566 7.86926746368408 7.88575267791748 7.8965106010437 7.90505695343018 7.90743589401245 7.90872669219971 7.90588235855103 7.90315580368042 7.90216732025146 7.90128087997437 7.90072393417358 7.90215921401978 7.90707159042358 7.90971231460571 7.91001558303833 7.91004180908203 7.90989971160889 7.91012668609619 7.91047620773315 7.90747785568237 7.90404844284058 7.90500259399414 7.9056568145752 7.90440034866333 7.90279245376587 7.9002046585083 7.89870500564575 7.89888858795166 7.89855527877808 7.89774751663208 7.89721488952637
-9999 -9999 -9999 -9999 -9999 8.19511127471924 8.195631980896 8.1965970993042 8.1957950592041 8.18496894836426 8.17569255828857 8.17234992980957 8.16276264190674 8.1408224105835 8.06243705749512 7.91892385482788 7.86968564987183 7.8851900100708 7.89586925506592 7.90468597412109 7.90731334686279 7.90884828567505 7.90513896942139 7.90137434005737 7.89810943603516 7.89469957351685 7.89081954956055 7.8910665512085 7.89851665496826 7.90244150161743 7.90273761749268 7.90281677246094 7.9027624130249 7.90217113494873 7.90140056610107 7.89992713928223 7.89837074279785 7.89876890182495 7.89921236038208 7.89993953704834 7.90010452270508 7.89870548248291 7.89778327941895 7.8975977897644 7.89678573608398 7.89539813995361 7.89502382278442
-9999 -9999 -9999 -9999 -9999 8.19523525238037 8.19572830200195 8.19613361358643 8.1948709487915 8.18391704559326 8.1746072769165 8.17158985137939 8.16244411468506 8.14117240905762 8.06309700012207 7.91947889328003 7.86996603012085 7.88507890701294 7.8955225944519 7.90416240692139 7.90702056884766 7.90885782241821 7.90459537506104 7.90004348754883 7.89419841766357 7.88787841796875 7.88001728057861 7.87858772277832 7.8883810043335 7.89352560043335 7.89388656616211 7.89411449432373 7.8942608833313 7.89272308349609 7.89062356948853 7.89141654968262 7.89259719848633 7.89207458496094 7.89206123352051 7.89529037475586 7.89760971069336 7.89739894866943 7.89704132080078 7.8964581489563 7.8952317237854 7.89341449737549 7.89322900772095
-9999 -9999 -9999 -9999 -9999 -9999 8.19434642791748 8.19445514678955 8.19357776641846 8.18258571624756 8.17332744598389 8.1707010269165 8.16192817687988 8.14099216461182 8.06256103515625 7.9177885055542 7.86756420135498 7.88227033615112 7.89293241500854 7.90203332901001 7.90391683578491 7.90452671051025 7.89991092681885 7.89489078521729 7.88745832443237 7.87968969345093 7.8708291053772 7.86689805984497 7.87156820297241 7.87395858764648 7.87400388717651 7.87419843673706 7.87448501586914 7.87360763549805 7.87234163284302 7.87307500839233 7.87411546707153 7.87939977645874 7.88477373123169 7.89071416854858 7.89508581161499 7.89508962631226 7.89491605758667 7.89446973800659 7.89364051818848 7.89246034622192 7.88971567153931
-9999 -9999 -9999 -9999 -9999 -9999 8.19285202026367 8.19245052337646 8.19225025177002 8.18129730224609 8.17214012145996 8.16985893249512 8.16101932525635 8.13920021057129 8.0603609085083 7.91572666168213 7.86533832550049 7.87967300415039 7.89052295684814 7.90002727508545 7.90072631835938 7.89987182617188 7.89482831954956 7.88928461074829 7.88033676147461 7.87132835388184 7.86212158203125 7.85615873336792 7.85585737228394 7.85558319091797 7.85533714294434 7.85534620285034 7.85551023483276 7.85526132583618 7.85487461090088 7.85542917251587 7.8561840057373 7.86677312850952 7.87702035903931 7.88509082794189 7.89107894897461 7.89127111434937 7.89131259918213 7.89112043380737 7.89070987701416 7.89009857177734 7.88508892059326
-9999 -9999 -9999 -9999 -9999 -9999 8.1906623840332 8.191650390625 8.19073677062988 8.18058395385742 8.17202663421631 8.16957664489746 8.15601921081543 8.12048244476318 8.04098606109619 7.91076707839966 7.86626291275024 7.88062238693237 7.89111232757568 7.90010786056519 7.89795637130737 7.89383840560913 7.88747882843018 7.8806676864624 7.87049913406372 7.86178255081177 7.85777235031128 7.85518741607666 7.85508966445923 7.85500001907349 7.85491800308228 7.85319137573242 7.85046243667603 7.84973812103271 7.84968280792236 7.84989452362061 7.85019445419312 7.85751485824585 7.86436891555786 7.86825513839722 7.87126493453979 7.87183570861816 7.87260103225708 7.87366533279419 7.87350797653198 7.87222909927368 7.8694019317627
-9999 -9999 -9999 -9999 -9999 8.187255859375 8.18760585784912 8.18788623809814 8.18780899047852 8.17904090881348 8.171555519104 8.16897583007812 8.14975261688232 8.09759521484375 8.01777744293213 7.90604496002197 7.86888408660889 7.88293552398682 7.89268589019775 7.90077543258667 7.89530658721924 7.88744497299194 7.8789758682251 7.87034273147583 7.86045455932617 7.85290050506592 7.85291528701782 7.85293006896973 7.85294580459595 7.85297346115112 7.8530125617981 7.85030651092529 7.84592866897583 7.8449912071228 7.84520101547241 7.84517288208008 7.84514331817627 7.84939622879028 7.85315847396851 7.85379362106323 7.85448837280273 7.85534906387329 7.85662841796875 7.85855674743652 7.85884523391724 7.85763025283813 7.85677909851074
-9999 -9999 -9999 -9999 8.18253040313721 8.18513870239258 8.187255859375 8.18362998962402 8.17970085144043 8.17446041107178 8.16977405548096 8.16721153259277 8.1388463973999 8.05942344665527 7.9805121421814 7.90219259262085 7.87772846221924 7.89024972915649 7.89786911010742 7.90359497070312 7.89309597015381 7.87973403930664 7.8662428855896 7.85375547409058 7.84965229034424 7.84645509719849 7.84619617462158 7.84595823287964 7.84575653076172 7.84565544128418 7.84565734863281 7.84474611282349 7.84327840805054 7.84308862686157 7.84332466125488 7.84343147277832 7.84353351593018 7.84545707702637 7.84722948074341 7.84803915023804 7.84885168075562 7.84967231750488 7.85070133209229 7.85205268859863 7.85349607467651 7.85502290725708 7.85538911819458
