Ecospace-environmental-drivers/Outputs/ASCII-for-ecospace/MOM6-ISIMIP3a/ph-bot/1980-09_ph-bot_MOM6-ISIMIP3a.asc
NCOLS 131 
NROWS 53 
XLLCORNER -98 
YLLCORNER 23.9265270233154 
CELLSIZE 0.133587792515755 
NODATA_value -9999 
[rows 21 to 41 of 53, columns 47 to 93 of 131]
8.11307716369629 8.11400413513184 8.11466312408447 8.11517906188965 8.11568450927734 8.11628341674805 8.11686325073242 8.11735343933105 8.11809349060059 8.1194372177124 8.12044334411621 8.12098598480225 8.12006282806396 8.11794185638428 8.05032920837402 7.95169496536255 7.90357351303101 7.86752128601074 7.8706374168396 7.87637901306152 7.88116264343262 7.88708591461182 7.89777946472168 7.90368461608887 7.89948177337646 7.89521408081055 7.89086723327637 7.88874435424805 7.88824224472046 7.88363695144653 7.87733316421509 7.87607574462891 7.87581014633179 7.88350963592529 7.89147233963013 7.89913129806519 7.9015007019043 7.8852744102478 7.87262392044067 7.86661529541016 7.86405944824219 7.86526584625244 7.87258863449097 7.88386869430542 7.90478610992432 7.92916488647461 7.96497917175293
8.11821556091309 8.11668491363525 8.11448669433594 8.11462116241455 8.11500263214111 8.11562728881836 8.11340141296387 8.09668350219727 8.08540916442871 8.08727931976318 8.07710647583008 8.05039978027344 8.03104209899902 8.01769638061523 7.97037696838379 7.90696430206299 7.88162088394165 7.86537313461304 7.87511968612671 7.88613605499268 7.88964223861694 7.89369106292725 7.90000867843628 7.90244293212891 7.89667844772339 7.89213275909424 7.88907766342163 7.88630962371826 7.88375186920166 7.8800368309021 7.8758430480957 7.87423086166382 7.87312602996826 7.87518978118896 7.87753105163574 7.88143587112427 7.88323879241943 7.87765026092529 7.8760404586792 7.88181829452515 7.88219785690308 7.87669658660889 7.87542915344238 7.87690162658691 7.88550281524658 7.89666557312012 7.92636442184448
8.1184139251709 8.11373329162598 8.10778903961182 8.10736274719238 8.10749530792236 8.10750102996826 8.10204601287842 8.06881237030029 8.04594326019287 8.04809761047363 8.02716445922852 7.974534034729 7.9379186630249 7.91440629959106 7.888756275177 7.86209440231323 7.86069202423096 7.8653244972229 7.88131332397461 7.89707851409912 7.89822912216187 7.89957904815674 7.90176200866699 7.90100002288818 7.89402151107788 7.88941431045532 7.88770484924316 7.88416814804077 7.87930011749268 7.87642574310303 7.87437677383423 7.87274551391602 7.87119626998901 7.86694192886353 7.86293125152588 7.86228513717651 7.86303186416626 7.86867475509644 7.87859058380127 7.89644193649292 7.90046262741089 7.88941335678101 7.88055944442749 7.87312602996826 7.86926174163818 7.86667919158936 7.88908004760742
8.03343963623047 8.0176830291748 7.99748229980469 7.99573564529419 7.99550867080688 7.98532438278198 7.97435712814331 7.95940971374512 7.94805574417114 7.94537925720215 7.93407917022705 7.91093969345093 7.89495944976807 7.88483715057373 7.87586498260498 7.86743831634521 7.87177658081055 7.87916469573975 7.89033651351929 7.90112161636353 7.90249156951904 7.90378713607788 7.90476894378662 7.902907371521 7.89504289627075 7.88993692398071 7.88820266723633 7.88414287567139 7.87838888168335 7.87549114227295 7.87377643585205 7.87037944793701 7.86665153503418 7.86394548416138 7.8614706993103 7.8608922958374 7.86091661453247 7.86306142807007 7.86723136901855 7.87516212463379 7.87656450271606 7.87085485458374 7.8725323677063 7.878990650177 7.87943696975708 7.8777232170105 7.88190793991089
7.95707416534424 7.93512630462646 7.9067850112915 7.90438175201416 7.90403175354004 7.88742733001709 7.87352800369263 7.87338781356812 7.87149667739868 7.86537981033325 7.86220550537109 7.86307287216187 7.86386251449585 7.86458826065063 7.86871862411499 7.87446212768555 7.88241386413574 7.89089345932007 7.89762496948242 7.90390014648438 7.90527534484863 7.90631580352783 7.90595293045044 7.90321588516235 7.89546537399292 7.89042329788208 7.88869142532349 7.88415813446045 7.87758493423462 7.87458562850952 7.87306642532349 7.86834049224854 7.8629846572876 7.86154222488403 7.86031627655029 7.85979461669922 7.85922479629517 7.85848808288574 7.85791492462158 7.8576455116272 7.85686492919922 7.85552740097046 7.86473894119263 7.88077640533447 7.88438034057617 7.88351821899414 7.87632083892822
7.91845369338989 7.91173553466797 7.90207147598267 7.90192127227783 7.90248394012451 7.89599132537842 7.89046907424927 7.88988447189331 7.88845729827881 7.88499546051025 7.88334035873413 7.88416481018066 7.88477420806885 7.8852071762085 7.88676309585571 7.88885116577148 7.89108991622925 7.89336538314819 7.89730739593506 7.90113162994385 7.90157461166382 7.90148162841797 7.89914608001709 7.89651584625244 7.8932638168335 7.89074993133545 7.88913869857788 7.88435173034668 7.87725067138672 7.87380647659302 7.87187671661377 7.86773920059204 7.86316823959351 7.861741065979 7.86050510406494 7.85999345779419 7.8593921661377 7.85847520828247 7.8575553894043 7.85663032531738 7.85557174682617 7.85436725616455 7.85796737670898 7.86467695236206 7.86638641357422 7.86630010604858 7.87768220901489
7.89453554153442 7.89755487442017 7.90006828308105 7.90139389038086 7.90256690979004 7.90290021896362 7.90308904647827 7.9025444984436 7.90166997909546 7.89999866485596 7.89918851852417 7.89956045150757 7.89932441711426 7.89859056472778 7.89796686172485 7.89739561080933 7.89593935012817 7.89427185058594 7.89622688293457 7.89829635620117 7.89839935302734 7.89779853820801 7.89425182342529 7.89144468307495 7.8902006149292 7.88884210586548 7.88734531402588 7.88289022445679 7.87628126144409 7.87253379821777 7.86997127532959 7.86674690246582 7.86339235305786 7.86203050613403 7.86081218719482 7.86027765274048 7.85962533950806 7.85855579376221 7.85735177993774 7.85589838027954 7.85458755493164 7.853431224823 7.85315656661987 7.85345220565796 7.85382032394409 7.85421466827393 7.87617921829224
7.9026951789856 7.90346956253052 7.90397787094116 7.90508365631104 7.90620899200439 7.90619850158691 7.90628051757812 7.9068341255188 7.90670680999756 7.90493679046631 7.90350198745728 7.90252828598022 7.89999532699585 7.8961877822876 7.89424610137939 7.89318895339966 7.89243936538696 7.89176321029663 7.89348363876343 7.89531469345093 7.89637136459351 7.89662647247314 7.89353036880493 7.88992786407471 7.88525629043579 7.88205814361572 7.88066101074219 7.8778190612793 7.87392425537109 7.87018251419067 7.86650466918945 7.86490154266357 7.86370658874512 7.86251592636108 7.86137771606445 7.86074924468994 7.86000204086304 7.85883951187134 7.85748767852783 7.85578489303589 7.85427808761597 7.85298538208008 7.852623462677 7.85286378860474 7.85309743881226 7.85332822799683 7.86842489242554
7.90646600723267 7.90560865402222 7.90465879440308 7.90542554855347 7.90634775161743 7.90672922134399 7.90723848342896 7.90839958190918 7.90856266021729 7.90631675720215 7.9038782119751 7.90117645263672 7.89695167541504 7.89148092269897 7.88900518417358 7.88794803619385 7.88742256164551 7.88702440261841 7.88848733901978 7.89009857177734 7.89199781417847 7.8930811882019 7.89075040817261 7.88732099533081 7.88157176971436 7.87772941589355 7.87621831893921 7.87436962127686 7.87227535247803 7.86868095397949 7.86446475982666 7.86389350891113 7.86403846740723 7.86312675476074 7.8621768951416 7.86123418807983 7.86018514633179 7.85876178741455 7.85723352432251 7.85551166534424 7.85398387908936 7.8526668548584 7.85223579406738 7.85237693786621 7.85254287719727 7.85271787643433 7.86140489578247
7.9047155380249 7.90299844741821 7.90127801895142 7.90155458450317 7.90207958221436 7.90377759933472 7.90538597106934 7.90653848648071 7.90641689300537 7.90322017669678 7.89930105209351 7.89439010620117 7.88923358917236 7.88387584686279 7.88185167312622 7.88140678405762 7.88049793243408 7.87947845458984 7.88065814971924 7.88207006454468 7.88467407226562 7.886549949646 7.88538074493408 7.88334274291992 7.87947177886963 7.87648963928223 7.87459516525269 7.87296152114868 7.87151765823364 7.86824750900269 7.8642201423645 7.863938331604 7.86439228057861 7.86389493942261 7.86326932907104 7.86173677444458 7.86012411117554 7.85822868347168 7.85648918151855 7.85503911972046 7.85370826721191 7.85250854492188 7.85202980041504 7.85201787948608 7.85220146179199 7.85245513916016 7.85530710220337
7.90327453613281 7.90112066268921 7.89891767501831 7.89942073822021 7.90020799636841 7.90116739273071 7.90203857421875 7.90246057510376 7.90181875228882 7.89860725402832 7.89390516281128 7.88715648651123 7.88207721710205 7.87836313247681 7.87703323364258 7.87683296203613 7.87596654891968 7.87494039535522 7.87590169906616 7.87711048126221 7.87992334365845 7.8821849822998 7.8821382522583 7.88127088546753 7.87866926193237 7.87630462646484 7.87422847747803 7.87261295318604 7.8713321685791 7.86812686920166 7.86412477493286 7.86394071578979 7.86450672149658 7.86412191390991 7.86357021331787 7.86173439025879 7.85984039306641 7.85774183273315 7.8559308052063 7.85465526580811 7.8534951210022 7.85246181488037 7.85195255279541 7.85178232192993 7.85189867019653 7.85211801528931 7.85155153274536
7.90206527709961 7.89979124069214 7.89732217788696 7.89858961105347 7.90013360977173 7.89881277084351 7.89756917953491 7.89672088623047 7.89538145065308 7.89285707473755 7.88789510726929 7.87958717346191 7.87534141540527 7.87442016601562 7.87396669387817 7.87373542785645 7.87322902679443 7.87265777587891 7.873450756073 7.87445163726807 7.87710285186768 7.87944507598877 7.88049173355103 7.88062763214111 7.87884092330933 7.87691020965576 7.87480497360229 7.87305927276611 7.87157535552979 7.86824131011963 7.86414098739624 7.86391115188599 7.86444234848022 7.86394357681274 7.86327838897705 7.86135339736938 7.8593897819519 7.85728883743286 7.85551261901855 7.8543381690979 7.85332870483398 7.85249900817871 7.85197162628174 7.85163974761963 7.85162544250488 7.85172510147095 7.84955215454102
7.89967012405396 7.89807319641113 7.8963475227356 7.89767456054688 7.89917039871216 7.8967809677124 7.89409017562866 7.88986873626709 7.88635110855103 7.88453149795532 7.88003778457642 7.87187242507935 7.86828899383545 7.86845445632935 7.86850929260254 7.86851215362549 7.8684139251709 7.86829137802124 7.86905670166016 7.8700385093689 7.87328386306763 7.8761773109436 7.87759780883789 7.87818431854248 7.87701177597046 7.87560701370239 7.87391805648804 7.87253761291504 7.87138175964355 7.86806631088257 7.86385631561279 7.86312198638916 7.86307096481323 7.86242294311523 7.86167907714844 7.86020803451538 7.8586802482605 7.85695171356201 7.85542058944702 7.85425615310669 7.85325717926025 7.85243844985962 7.85190486907959 7.85155630111694 7.85148477554321 7.85151243209839 7.84887647628784
7.8967661857605 7.8961877822876 7.89563846588135 7.89672327041626 7.89782619476318 7.89488697052002 7.89103507995605 7.88254070281982 7.8762092590332 7.87510204315186 7.87138795852661 7.86409568786621 7.86110067367554 7.86162137985229 7.86202716827393 7.86237812042236 7.86270809173584 7.86303281784058 7.86382961273193 7.86487340927124 7.86903667449951 7.87268352508545 7.87416887283325 7.87496948242188 7.8743257522583 7.87348556518555 7.8724045753479 7.87160158157349 7.87100172042847 7.86776781082153 7.86344337463379 7.86200761795044 7.86113929748535 7.86032724380493 7.85951948165894 7.85873556137085 7.85786056518555 7.85666418075562 7.85546875 7.85427522659302 7.85322618484497 7.85233545303345 7.85180187225342 7.8514986038208 7.85140085220337 7.85137701034546 7.84876823425293
7.89507818222046 7.8948187828064 7.89449644088745 7.89510917663574 7.89571857452393 7.89364957809448 7.88968849182129 7.87610054016113 7.86624431610107 7.86539649963379 7.86320018768311 7.85915231704712 7.85767507553101 7.85830068588257 7.85884571075439 7.85935258865356 7.85976457595825 7.86015367507935 7.86092901229858 7.86187648773193 7.86494159698486 7.86766242980957 7.86894226074219 7.8696928024292 7.86932516098022 7.86882209777832 7.86815357208252 7.86750411987305 7.86686849594116 7.86447048187256 7.86134195327759 7.85984945297241 7.85867881774902 7.85782670974731 7.85702657699585 7.85661315917969 7.85614204406738 7.85546922683716 7.85479116439819 7.85410165786743 7.85325527191162 7.8522367477417 7.85170602798462 7.85149145126343 7.85142993927002 7.85142374038696 7.84879016876221
7.89364099502563 7.89355564117432 7.89326477050781 7.89335775375366 7.89345359802246 7.89254808425903 7.88869476318359 7.86984491348267 7.85631561279297 7.85563468933105 7.8551082611084 7.85479497909546 7.85502767562866 7.8557071685791 7.85634756088257 7.85696983337402 7.85739278793335 7.8577675819397 7.85851001739502 7.85932779312134 7.86087799072266 7.8623251914978 7.86334419250488 7.86398935317993 7.86384534835815 7.8636326789856 7.86333656311035 7.86275243759155 7.86195945739746 7.8605523109436 7.85889101028442 7.85747575759888 7.85610914230347 7.85524320602417 7.85446453094482 7.85435581207275 7.85423803329468 7.85408735275269 7.85396289825439 7.85388898849487 7.85329580307007 7.85213851928711 7.85161209106445 7.85149478912354 7.85148286819458 7.85150814056396 7.84883880615234
7.88614511489868 7.88485383987427 7.88420724868774 7.88399887084961 7.88362693786621 7.87761449813843 7.87066316604614 7.85893535614014 7.85061883926392 7.85053873062134 7.85134506225586 7.85336923599243 7.8544807434082 7.85484600067139 7.85523271560669 7.85562944412231 7.8558406829834 7.85600709915161 7.85643672943115 7.85692501068115 7.85800552368164 7.85903453826904 7.8598461151123 7.86036252975464 7.8602557182312 7.86014318466187 7.860023021698 7.85965251922607 7.85909938812256 7.85780048370361 7.85619258880615 7.85516357421875 7.854248046875 7.85370540618896 7.85321950912476 7.85315179824829 7.85308122634888 7.85299968719482 7.85299205780029 7.85312175750732 7.85286951065063 7.85220193862915 7.85183811187744 7.85167026519775 7.85162544250488 7.85162448883057 7.84899520874023
7.87799739837646 7.87561225891113 7.87462520599365 7.87417316436768 7.87340784072876 7.86270999908447 7.85303068161011 7.84853172302246 7.84549283981323 7.84597826004028 7.84793090820312 7.85189723968506 7.85382080078125 7.85407304763794 7.85427093505859 7.85444259643555 7.85445070266724 7.85442018508911 7.85454177856445 7.85470771789551 7.85535955429077 7.85599994659424 7.85658931732178 7.85696220397949 7.85687971115112 7.85684633255005 7.85687351226807 7.85670852661133 7.85640335083008 7.85521697998047 7.85366582870483 7.85303115844727 7.85257625579834 7.85235166549683 7.85215139389038 7.85210943222046 7.85206747055054 7.8520245552063 7.85209560394287 7.85237693786621 7.85243511199951 7.85224962234497 7.85204982757568 7.85184049606323 7.85176610946655 7.85174083709717 7.84914493560791
7.86579036712646 7.86416816711426 7.86318778991699 7.86300134658813 7.86261796951294 7.85472631454468 7.84779500961304 7.8457465171814 7.84443521499634 7.84490633010864 7.84617233276367 7.84852981567383 7.85094833374023 7.85341691970825 7.8542857170105 7.85439586639404 7.85440492630005 7.85438919067383 7.85438680648804 7.85439586639404 7.85455703735352 7.85472249984741 7.85490322113037 7.85499048233032 7.8548789024353 7.85479736328125 7.85475206375122 7.8546404838562 7.85448026657104 7.85387754440308 7.85309171676636 7.85279035568237 7.85258388519287 7.85245513916016 7.85233688354492 7.85229063034058 7.85222864151001 7.85211277008057 7.85206317901611 7.85213756561279 7.85213375091553 7.85204553604126 7.85196161270142 7.85187959671021 7.85184812545776 7.85183477401733 7.84916830062866
7.85604286193848 7.85473442077637 7.85335826873779 7.85322761535645 7.85304069519043 7.8478832244873 7.84354686737061 7.84338665008545 7.84339094161987 7.84379148483276 7.84446573257446 7.84551429748535 7.84807062149048 7.85185956954956 7.85312747955322 7.85320091247559 7.85322093963623 7.8532280921936 7.85314416885376 7.85304832458496 7.85288095474243 7.85272264480591 7.85260391235352 7.85248136520386 7.85235023498535 7.85224962234497 7.85218572616577 7.85214328765869 7.85211658477783 7.851975440979 7.85178709030151 7.85174512863159 7.85173225402832 7.85169887542725 7.85166883468628 7.85167980194092 7.8516583442688 7.85152435302734 7.85152530670166 7.85177516937256 7.85189485549927 7.85187244415283 7.85187816619873 7.85190200805664 7.85166788101196 7.85134124755859 7.84884023666382
7.85531187057495 7.85267448425293 7.84942388534546 7.84858179092407 7.84791135787964 7.84522151947021 7.84291887283325 7.84258985519409 7.84239435195923 7.84252214431763 7.84294986724854 7.84378910064697 7.84517097473145 7.84699630737305 7.84766817092896 7.8477931022644 7.84786558151245 7.84792518615723 7.84791421890259 7.84790515899658 7.84800100326538 7.84807395935059 7.84805345535278 7.84800148010254 7.84788417816162 7.84787178039551 7.84798765182495 7.84807252883911 7.84813547134399 7.84800958633423 7.84780550003052 7.8477520942688 7.84772872924805 7.84778785705566 7.84787178039551 7.84816694259644 7.84840726852417 7.8484582901001 7.84913206100464 7.85096311569214 7.85188341140747 7.85181140899658 7.85181379318237 7.85186433792114 7.85052728652954 7.84869146347046 7.84722518920898
