Ecospace-environmental-drivers/Outputs/ASCII-for-ecospace/MOM6-ISIMIP3a/ph-bot/1981-06_ph-bot_MOM6-ISIMIP3a.asc
NCOLS 131 
NROWS 53 
XLLCORNER -98 
YLLCORNER 23.9265270233154 
CELLSIZE 0.133587792515755 
NODATA_value -9999 
[rows 0 to 20 of 53, columns 47 to 93 of 131]
-9999 -9999 -9999 -9999 -9999 -9999 -9999 -9999 -9999 -9999 -9999 -9999 -9999 -9999 -9999 -9999 -9999 -9999 -9999 -9999 -9999 -9999 -9999 -9999 -9999 -9999 -9999 -9999 -9999 -9999 -9999 -9999 -9999 -9999 -9999 -9999 -9999 -9999 -9999 -9999 -9999 -9999 -9999 -9999 -9999 -9999 -9999
-9999 -9999 -9999 -9999 -9999 -9999 -9999 -9999 -9999 -9999 -9999 -9999 -9999 -9999 -9999 -9999 -9999 -9999 -9999 -9999 -9999 -9999 -9999 -9999 -9999 -9999 -9999 -9999 -9999 -9999 -9999 -9999 -9999 -9999 -9999 -9999 -9999 -9999 -9999 -9999 -9999 -9999 -9999 -9999 -9999 -9999 -9999
-9999 -9999 -9999 -9999 -9999 -9999 -9999 -9999 -9999 -9999 -9999 -9999 -9999 -9999 -9999 -9999 -9999 -9999 -9999 -9999 -9999 -9999 -9999 -9999 -9999 -9999 -9999 8.08399677276611 8.09592056274414 -9999 -9999 -9999 -9999 -9999 -9999 -9999 -9999 -9999 -9999 -9999 -9999 -9999 -9999 -9999 -9999 -9999 -9999
-9999 -9999 -9999 -9999 -9999 -9999 -9999 -9999 -9999 -9999 -9999 -9999 -9999 -9999 -9999 -9999 -9999 -9999 -9999 -9999 -9999 -9999 -9999 -9999 -9999 -9999 -9999 8.08405780792236 8.09626197814941 -9999 -9999 -9999 -9999 -9999 -9999 -9999 -9999 -9999 -9999 -9999 -9999 -9999 -9999 -9999 -9999 -9999 -9999
-9999 -9999 -9999 -9999 -9999 -9999 -9999 -9999 -9999 -9999 -9999 -9999 -9999 -9999 -9999 -9999 -9999 -9999 7.93391275405884 7.93976736068726 7.94445085525513 7.97177124023438 7.99421215057373 8.02879333496094 8.0486946105957 8.05941104888916 8.07138442993164 8.08421802520752 8.09657001495361 8.10799694061279 -9999 -9999 8.13316822052002 8.13842010498047 8.14175128936768 8.14471530914307 8.14857006072998 8.15305042266846 8.15624046325684 8.15439605712891 8.14554882049561 8.13065147399902 -9999 -9999 -9999 -9999 -9999
-9999 -9999 -9999 -9999 -9999 -9999 -9999 -9999 -9999 -9999 -9999 -9999 -9999 -9999 7.65590476989746 -9999 7.65622329711914 7.65695285797119 7.79927253723145 7.93391275405884 7.94093799591064 7.94445085525513 7.99909162521362 8.03909397125244 8.04819297790527 8.05879783630371 8.0712423324585 8.08411407470703 8.09729671478271 8.10829830169678 8.1183967590332 8.12658405303955 8.13439464569092 8.13852596282959 8.1423397064209 8.14438724517822 8.14741802215576 8.15390491485596 8.15782737731934 8.15698909759521 8.14837265014648 8.1312837600708 8.11229801177979 8.09208583831787 -9999 -9999 -9999
-9999 -9999 -9999 -9999 -9999 -9999 -9999 -9999 -9999 -9999 7.93194770812988 7.92889976501465 7.92570781707764 7.9145679473877 7.77942943572998 7.65651798248291 7.65529155731201 7.65642595291138 7.65695285797119 7.80695199966431 7.93391275405884 7.94445085525513 7.99909162521362 8.03909397125244 8.04819297790527 8.05879783630371 8.0712423324585 8.08411407470703 8.09729671478271 8.10829830169678 8.1183967590332 8.12658405303955 8.13439464569092 8.13852596282959 8.1423397064209 8.14438724517822 8.14741802215576 8.15390491485596 8.15782737731934 8.15698909759521 8.14837265014648 8.1312837600708 8.11229801177979 8.09208583831787 8.08674430847168 8.09434223175049 -9999
-9999 -9999 -9999 -9999 -9999 -9999 -9999 -9999 -9999 -9999 7.9482889175415 7.93194770812988 7.92585182189941 -9999 7.89852714538574 7.76748561859131 7.65774488449097 7.65529155731201 7.65703344345093 7.65695285797119 7.82999038696289 7.98099851608276 8.03981399536133 8.07650661468506 8.06649875640869 8.06586456298828 8.07668685913086 8.08797264099121 8.09959411621094 8.11116504669189 8.12271499633789 8.13000011444092 8.13644695281982 8.14374351501465 8.15097618103027 8.1572790145874 8.16341114044189 8.16894245147705 8.17113780975342 8.16714191436768 8.15832805633545 8.14426708221436 8.13213348388672 8.12124919891357 8.10632705688477 8.08995628356934 8.08763027191162
-9999 -9999 -9999 -9999 -9999 -9999 -9999 -9999 -9999 -9999 -9999 -9999 -9999 -9999 7.90626811981201 7.86955690383911 7.74856567382812 7.66019821166992 7.65529155731201 7.65885543823242 7.85276460647583 8.02144527435303 8.08453941345215 8.11760520935059 8.08727836608887 8.07450199127197 8.08317852020264 8.09260368347168 8.10257339477539 8.11473178863525 8.12779521942139 8.13409805297852 8.13907241821289 8.14978408813477 8.16068363189697 8.17134380340576 8.18063926696777 8.18513584136963 8.18550777435303 8.17821788787842 8.16927909851074 8.15854167938232 8.15373039245605 8.15275192260742 8.12728786468506 8.09302616119385 8.08545780181885
8.08645057678223 -9999 -9999 -9999 -9999 -9999 -9999 -9999 -9999 -9999 8.04559898376465 7.96503829956055 -9999 -9999 -9999 7.87929153442383 7.82181453704834 7.72623252868652 7.66510438919067 7.67906045913696 7.88196563720703 8.0563793182373 8.11154937744141 8.14266872406006 8.12301635742188 8.10987949371338 8.10470867156982 8.10895442962646 8.12006092071533 8.13125896453857 8.14249610900879 8.14847278594971 8.15341663360596 8.16408348083496 8.17417526245117 8.17657375335693 8.17942047119141 8.1838436126709 8.18557834625244 8.18231964111328 8.17643260955811 8.16768264770508 8.16024112701416 8.15364646911621 8.13577556610107 8.11385536193848 8.09756851196289
8.0842399597168 8.08391380310059 -9999 -9999 -9999 -9999 -9999 -9999 -9999 -9999 8.08710193634033 8.04557514190674 7.96503829956055 -9999 -9999 7.88318252563477 7.82274389266968 7.75951671600342 7.72850608825684 7.71471261978149 7.91929244995117 8.09302520751953 8.13766288757324 8.16468620300293 8.15452671051025 8.14217185974121 8.12713432312012 8.12736701965332 8.13872241973877 8.14828872680664 8.15711307525635 8.16246128082275 8.1671257019043 8.17575550079346 8.18236255645752 8.1677770614624 8.15932846069336 8.17246150970459 8.18187808990479 8.18439292907715 8.18267250061035 8.17633533477783 8.16644191741943 8.15424823760986 8.14333534240723 8.13288402557373 8.10924243927002
8.0842399597168 8.08326148986816 8.09153938293457 8.09455013275146 -9999 -9999 -9999 -9999 -9999 -9999 -9999 8.0892915725708 8.03797626495361 7.96503829956055 7.93194770812988 7.88318252563477 7.82274389266968 7.75951671600342 7.78897094726562 7.83322429656982 8.00020313262939 8.1388578414917 8.15897083282471 8.17036819458008 8.16336536407471 8.15791511535645 8.15436553955078 8.15683460235596 8.16368675231934 8.16800785064697 8.17127990722656 8.1743745803833 8.17743396759033 8.17333221435547 8.16209506988525 8.08374214172363 8.03800678253174 8.10695743560791 8.15794849395752 8.17558765411377 8.18400382995605 8.18237113952637 8.17098236083984 8.15328311920166 8.14591503143311 8.14225769042969 8.11857223510742
8.08773517608643 8.09115886688232 8.09692287445068 8.09481334686279 -9999 -9999 -9999 -9999 8.08253955841064 8.07844257354736 8.08508110046387 8.10645866394043 8.07633495330811 8.00407409667969 7.95046186447144 7.90568208694458 7.85179090499878 7.79572296142578 7.858567237854 7.93345260620117 8.06469058990479 8.17094326019287 8.17262744903564 8.17214202880859 8.16707420349121 8.15792465209961 8.14378643035889 8.13687992095947 8.13524055480957 8.13557243347168 8.13672065734863 8.13997840881348 8.14365100860596 8.12981128692627 8.10673046112061 7.99969816207886 7.93775653839111 8.03435611724854 8.10653972625732 8.13337898254395 8.14952850341797 8.15403175354004 8.15457916259766 8.15256500244141 8.1526575088501 8.1535062789917 8.13199615478516
8.09996509552002 8.09812831878662 8.09751510620117 8.09481334686279 8.09191417694092 8.08943462371826 8.08704376220703 8.08510780334473 8.08253955841064 8.07844257354736 8.08508110046387 8.10645866394043 8.09259700775146 8.04990482330322 8.01526165008545 7.98443174362183 7.95345640182495 7.92244672775269 7.95099258422852 7.98797035217285 8.08811664581299 8.16865825653076 8.16715335845947 8.16414356231689 8.157958984375 8.11859607696533 8.03868103027344 7.99336957931519 7.97326278686523 7.97274732589722 7.98034572601318 7.98980855941772 7.99963808059692 7.98354578018188 7.96362066268921 7.91562938690186 7.89018487930298 7.94401407241821 7.98643255233765 8.00765800476074 8.02553272247314 8.03975677490234 8.08581352233887 8.15246772766113 8.16980934143066 8.16943740844727 8.15565204620361
8.10141468048096 8.10122394561768 8.10283946990967 8.10001277923584 8.09678649902344 8.09505748748779 8.09367561340332 8.09405994415283 8.09329032897949 8.08973503112793 8.09634208679199 8.11690044403076 8.11314582824707 8.08950042724609 8.06814193725586 8.04786586761475 8.02884960174561 8.01013374328613 8.02302837371826 8.04150390625 8.10958576202393 8.15919399261475 8.1314868927002 8.10822677612305 8.09435367584229 8.04611301422119 7.95586776733398 7.90529155731201 7.88360977172852 7.88329458236694 7.89182901382446 7.90185737609863 7.91217947006226 7.89553213119507 7.87840461730957 7.86634397506714 7.8630256652832 7.8904447555542 7.91327476501465 7.92758083343506 7.94431018829346 7.96367931365967 8.03141307830811 8.1304407119751 8.16506767272949 8.17656135559082 8.17075347900391
8.08762264251709 8.09884166717529 8.11485385894775 8.11256122589111 8.10854721069336 8.10863018035889 8.10968399047852 8.11566829681396 8.11924266815186 8.11699485778809 8.12352466583252 8.14210414886475 8.13975429534912 8.12028121948242 8.10416793823242 8.0896463394165 8.06709671020508 8.04262924194336 8.066237449646 8.09364604949951 8.12828922271729 8.13957977294922 8.05313491821289 7.98455953598022 7.95370531082153 7.92675399780273 7.90457153320312 7.89558506011963 7.89621019363403 7.8975772857666 7.89925241470337 7.9018726348877 7.90467834472656 7.88987588882446 7.87503910064697 7.86623525619507 7.86472606658936 7.88886547088623 7.90649509429932 7.912034034729 7.92355918884277 7.94160604476929 7.99732160568237 8.0774097442627 8.12937355041504 8.17123413085938 8.17376041412354
8.09042930603027 8.10120105743408 8.11663150787354 8.11805820465088 8.11808300018311 8.118971824646 8.11990165710449 8.1210470199585 8.12221431732178 8.12343597412109 8.13130664825439 8.14830684661865 8.14957618713379 8.13797664642334 8.12919998168945 8.12176036834717 8.10515022277832 8.086350440979 8.10636901855469 8.12592315673828 8.09989643096924 8.06248664855957 7.97744226455688 7.9125337600708 7.89013528823853 7.88105249404907 7.88824367523193 7.89492654800415 7.90123844146729 7.9013671875 7.89893531799316 7.90059947967529 7.90306854248047 7.88784551620483 7.872802734375 7.86592435836792 7.86472511291504 7.88349103927612 7.89763450622559 7.90319204330444 7.91367721557617 7.92953157424927 7.96992349624634 8.0261926651001 8.08644580841064 8.14813041687012 8.16493892669678
8.10721302032471 8.1075553894043 8.109787940979 8.11761569976807 8.12574577331543 8.12659072875977 8.12524509429932 8.11275768280029 8.10583400726318 8.11234378814697 8.12275123596191 8.13850879669189 8.14526271820068 8.14465236663818 8.1449728012085 8.14573383331299 8.14304161071777 8.13952445983887 8.14391040802002 8.1414737701416 8.03184223175049 7.93698978424072 7.90398740768433 7.88399648666382 7.8914737701416 7.89737939834595 7.90136337280273 7.90188694000244 7.89988994598389 7.89632034301758 7.89209985733032 7.89824104309082 7.90641975402832 7.88886737823486 7.87151670455933 7.86544418334961 7.86329126358032 7.87492084503174 7.8870210647583 7.89999532699585 7.91294813156128 7.92587757110596 7.94816255569458 7.97650098800659 8.03742599487305 8.11005687713623 8.14615631103516
8.13064861297607 8.12826824188232 8.12657165527344 8.13144397735596 8.1367883682251 8.13672351837158 8.13463687896729 8.1222620010376 8.11482810974121 8.11932373046875 8.12705707550049 8.13923263549805 8.14671993255615 8.15037155151367 8.1243257522583 8.08421325683594 8.07034397125244 8.06274604797363 8.0620698928833 8.05574417114258 7.96027326583862 7.88275098800659 7.88034534454346 7.8829231262207 7.89602327346802 7.90335559844971 7.90363740921021 7.90112495422363 7.89657688140869 7.89127635955811 7.88566398620605 7.89369106292725 7.90439939498901 7.8899941444397 7.87542247772217 7.86830806732178 7.86394023895264 7.86922883987427 7.87706756591797 7.88964128494263 7.90294885635376 7.91705656051636 7.93386840820312 7.9524302482605 7.99588871002197 8.04829120635986 8.10003852844238
8.15734004974365 8.15600776672363 8.1549186706543 8.15225696563721 8.14948558807373 8.14808750152588 8.14600944519043 8.14047527313232 8.13624095916748 8.13514804840088 8.13765525817871 8.14510726928711 8.15100193023682 8.1556224822998 8.08585643768311 7.98085403442383 7.94352865219116 7.92237281799316 7.92180728912354 7.92044973373413 7.8869833946228 7.86338424682617 7.88107967376709 7.89529037475586 7.90214443206787 7.90426588058472 7.90060377120972 7.89658355712891 7.89230251312256 7.88623380661011 7.87942409515381 7.88806867599487 7.89975070953369 7.89117240905762 7.88186836242676 7.8728084564209 7.86560773849487 7.86494541168213 7.86743640899658 7.87578392028809 7.88841342926025 7.90570783615112 7.9232292175293 7.94089698791504 7.95801305770874 7.97493124008179 8.04054355621338
8.15941333770752 8.1582555770874 8.15721607208252 8.15517330169678 8.15306377410889 8.15190410614014 8.1505069732666 8.14789867401123 8.14553260803223 8.14375400543213 8.14437675476074 8.1482982635498 8.15021514892578 8.15049171447754 8.07607173919678 7.96626949310303 7.91754245758057 7.88340759277344 7.88356971740723 7.88529825210571 7.87553215026855 7.87110376358032 7.88901567459106 7.90138339996338 7.90204572677612 7.90040016174316 7.89593267440796 7.892493724823 7.88980293273926 7.88423347473145 7.87747144699097 7.88187170028687 7.88846588134766 7.88747215270996 7.88612985610962 7.88412570953369 7.88097763061523 7.87380695343018 7.86944007873535 7.87027883529663 7.87580823898315 7.88644790649414 7.89812612533569 7.91047668457031 7.92425107955933 7.93853664398193 7.99163198471069
