Ecospace-environmental-drivers/Outputs/ASCII-for-ecospace/MOM6-ISIMIP3a/ph-bot/1981-05_ph-bot_MOM6-ISIMIP3a.asc
NCOLS 131 
NROWS 53 
XLLCORNER -98 
YLLCORNER 23.9265270233154 
CELLSIZE 0.133587792515755 
NODATA_value -9999 
[rows 21 to 41 of 53, columns 47 to 93 of 131]
8.17449474334717 8.17317199707031 8.17190265655518 8.17136859893799 8.17092037200928 8.1707763671875 8.17059421539307 8.17022132873535 8.16995525360107 8.16995143890381 8.1701192855835 8.17052268981934 8.17055988311768 8.17029762268066 8.09399318695068 7.98166847229004 7.91989183425903 7.870192527771 7.87120914459229 7.87567949295044 7.87969970703125 7.88543939590454 7.89837455749512 7.90538263320923 7.89987850189209 7.89509677886963 7.89119911193848 7.88900518417358 7.88805198669434 7.88324356079102 7.87683820724487 7.87548732757568 7.87513017654419 7.88246774673462 7.8900785446167 7.89757108688354 7.90009498596191 7.8851466178894 7.8729944229126 7.86603355407715 7.86316680908203 7.86476039886475 7.86911916732788 7.87526750564575 7.89133214950562 7.91095924377441 7.94634628295898
8.16704750061035 8.16630363464355 8.16543960571289 8.16555595397949 8.16577625274658 8.1661205291748 8.16468811035156 8.15422058105469 8.14698886871338 8.1475715637207 8.13117027282715 8.09144973754883 8.06315612792969 8.04421043395996 7.99144983291626 7.92267084121704 7.8907527923584 7.86764144897461 7.87588930130005 7.88581562042236 7.88882303237915 7.89276742935181 7.90063333511353 7.90383434295654 7.89718866348267 7.892174243927 7.88915491104126 7.88620281219482 7.88330030441284 7.87947273254395 7.87526178359985 7.8736310005188 7.87250804901123 7.87422227859497 7.87623453140259 7.88012647628784 7.8820481300354 7.87704181671143 7.87572860717773 7.88127374649048 7.88189888000488 7.87716388702393 7.87462425231934 7.87350463867188 7.87871170043945 7.88619136810303 7.9119873046875
8.15463352203369 8.15328311920166 8.15131092071533 8.15184211730957 8.15260028839111 8.15256118774414 8.14921951293945 8.12907791137695 8.1151123046875 8.11605930328369 8.08386325836182 8.00616645812988 7.95106601715088 7.91445255279541 7.88657283782959 7.86282968521118 7.86214351654053 7.86696624755859 7.88216590881348 7.89711332321167 7.89801836013794 7.89932250976562 7.9022970199585 7.9019603729248 7.8946328163147 7.88961744308472 7.88742685317993 7.88358974456787 7.87855339050293 7.87569046020508 7.8737268447876 7.87211942672729 7.87058115005493 7.86609077453613 7.8618745803833 7.86140537261963 7.86224699020386 7.86769866943359 7.87762355804443 7.89585447311401 7.90046167373657 7.89022541046143 7.88175678253174 7.87443256378174 7.86905336380005 7.86437273025513 7.88150501251221
8.06854057312012 8.04771137237549 8.02072811126709 8.01953029632568 8.02044677734375 8.00718116760254 7.99472904205322 7.98641633987427 7.9794397354126 7.97568845748901 7.95878267288208 7.92381763458252 7.8990330696106 7.88257789611816 7.87367963790894 7.86836099624634 7.87308788299561 7.88021516799927 7.89010715484619 7.89962911605835 7.90099811553955 7.9024224281311 7.90407752990723 7.90281534194946 7.89539337158203 7.8901219367981 7.88747978210449 7.88313436508179 7.87754917144775 7.87487077713013 7.87339639663696 7.87011766433716 7.86648416519165 7.86368417739868 7.86112785339355 7.86064720153809 7.86073637008667 7.86282825469971 7.86700487136841 7.87505340576172 7.8767147064209 7.87141799926758 7.87341833114624 7.88013982772827 7.88069915771484 7.8790454864502 7.87956285476685
7.98743915557861 7.95472431182861 7.91235828399658 7.91023778915405 7.91139602661133 7.88987398147583 7.87207746505737 7.87323379516602 7.87202072143555 7.8650860786438 7.86100006103516 7.86082553863525 7.86081457138062 7.86093807220459 7.8669376373291 7.87572145462036 7.88360023498535 7.89126300811768 7.89633083343506 7.90100908279419 7.90260648727417 7.90395164489746 7.90424299240112 7.90227365493774 7.89553070068359 7.89052248001099 7.88763332366943 7.88286161422729 7.87671804428101 7.87418603897095 7.87314987182617 7.8685040473938 7.86314868927002 7.86173915863037 7.86054801940918 7.86006355285645 7.85953378677368 7.85884666442871 7.85827827453613 7.8579306602478 7.85714864730835 7.8558931350708 7.86532783508301 7.88167953491211 7.88656091690063 7.88732147216797 7.87820720672607
7.92822980880737 7.91692113876343 7.90139198303223 7.90188074111938 7.90364837646484 7.89566326141357 7.88903474807739 7.88930892944336 7.88848495483398 7.88500928878784 7.88291215896606 7.88270854949951 7.88316917419434 7.88417291641235 7.88716554641724 7.89110040664673 7.89221715927124 7.89266061782837 7.89502334594727 7.89740800857544 7.8981990814209 7.89859294891357 7.89732503890991 7.89560699462891 7.8929386138916 7.89046430587769 7.88822793960571 7.88338661193848 7.87664747238159 7.87409210205078 7.87326955795288 7.86858987808228 7.86315202713013 7.86181640625 7.86070013046265 7.86024188995361 7.85968160629272 7.85876226425171 7.8578462600708 7.85693740844727 7.85591220855713 7.85476016998291 7.85832691192627 7.8649468421936 7.8670597076416 7.86755323410034 7.87942504882812
7.89043807983398 7.89323139190674 7.89558267593384 7.89765071868896 7.89965915679932 7.90085649490356 7.90186357498169 7.90190410614014 7.90161848068237 7.90054607391357 7.8996467590332 7.89898443222046 7.89887285232544 7.89921188354492 7.899582862854 7.89996910095215 7.89697313308716 7.89316940307617 7.89371061325073 7.89452886581421 7.89502429962158 7.89494943618774 7.89248895645142 7.89054107666016 7.88967657089233 7.88842487335205 7.88669919967651 7.88231754302979 7.87600135803223 7.87273550033569 7.8707332611084 7.86710691452026 7.86316108703613 7.86198282241821 7.86096382141113 7.86050176620483 7.85989809036255 7.85879611968994 7.85758686065674 7.85617780685425 7.85490942001343 7.85379362106323 7.85332298278809 7.85327005386353 7.85349416732788 7.85381746292114 7.87760305404663
7.89937686920166 7.90033674240112 7.90102672576904 7.90242338180542 7.90387153625488 7.90474891662598 7.90568351745605 7.90690565109253 7.9074854850769 7.90651321411133 7.90508413314819 7.90302658081055 7.90006637573242 7.8963680267334 7.89495849609375 7.89463329315186 7.89330577850342 7.89173889160156 7.89238834381104 7.89322328567505 7.89453840255737 7.89504909515381 7.89219427108765 7.88896751403809 7.88495445251465 7.88206100463867 7.88053560256958 7.877769947052 7.87410068511963 7.86862516403198 7.86240100860596 7.8621997833252 7.86318302154541 7.86234331130981 7.8614706993103 7.86093902587891 7.86026477813721 7.85908937454224 7.8577036857605 7.85592794418335 7.85441589355469 7.85319137573242 7.85267782211304 7.85262393951416 7.85287857055664 7.85324335098267 7.86914777755737
7.90390110015869 7.90338468551636 7.90274906158447 7.90345191955566 7.90430879592896 7.90562915802002 7.90702676773071 7.90881824493408 7.90964937210083 7.90816259384155 7.90575313568115 7.90207672119141 7.89706802368164 7.89096927642822 7.88872528076172 7.88830709457397 7.88793325424194 7.88756942749023 7.88844776153564 7.88944864273071 7.8909969329834 7.8918628692627 7.88987159729004 7.88685178756714 7.88166046142578 7.87808752059937 7.87649345397949 7.87470960617065 7.87278842926025 7.86587476730347 7.85689401626587 7.85899257659912 7.86326885223389 7.86283874511719 7.86221313476562 7.86138343811035 7.86042594909668 7.85902070999146 7.8574686050415 7.85564231872559 7.85407781600952 7.8527979850769 7.85222244262695 7.85210227966309 7.85231351852417 7.85264301300049 7.86156940460205
7.90287208557129 7.90132808685303 7.89979076385498 7.89976978302002 7.89999675750732 7.90271854400635 7.90525436401367 7.9068431854248 7.90715456008911 7.90437984466553 7.90042400360107 7.89484596252441 7.88879489898682 7.88235664367676 7.88046836853027 7.88073539733887 7.88041496276855 7.87995386123657 7.88121223449707 7.88256740570068 7.88361263275146 7.88454341888428 7.88499736785889 7.88405466079712 7.88016271591187 7.87712144851685 7.87512016296387 7.87352085113525 7.87221527099609 7.86483669281006 7.8549427986145 7.85792350769043 7.8634352684021 7.86350440979004 7.86325311660767 7.86183643341064 7.86032772064209 7.85849761962891 7.85679054260254 7.85531234741211 7.85393476486206 7.85266637802124 7.85200500488281 7.85173654556274 7.85181188583374 7.85201120376587 7.85509443283081
7.9019341468811 7.89975643157959 7.89748048782349 7.89767169952393 7.89816951751709 7.90014934539795 7.90191793441772 7.90261459350586 7.90221738815308 7.89917755126953 7.89445209503174 7.88741207122803 7.88164663314819 7.87692499160767 7.87561750411987 7.87592744827271 7.87566137313843 7.87525844573975 7.87656211853027 7.8779764175415 7.87929344177246 7.88064765930176 7.88215589523315 7.88229560852051 7.87954616546631 7.87706422805786 7.87490940093994 7.8732476234436 7.87194442749023 7.86502265930176 7.85577344894409 7.85854291915894 7.86367511749268 7.86380672454834 7.8635950088501 7.86183786392212 7.86002731323242 7.85802793502808 7.85629510879517 7.85505867004395 7.85383224487305 7.85261583328247 7.85192489624023 7.8515739440918 7.85150480270386 7.8515362739563 7.85115814208984
7.90106439590454 7.89854907989502 7.89565706253052 7.89676094055176 7.89820623397827 7.89783573150635 7.89740896224976 7.89669609069824 7.89544868469238 7.89291048049927 7.8879976272583 7.8798246383667 7.87534236907959 7.87387895584106 7.87332105636597 7.87319183349609 7.87298202514648 7.87275266647339 7.87385034561157 7.87510251998901 7.87727355957031 7.879319190979 7.8808388710022 7.8813157081604 7.87959003448486 7.87768793106079 7.87557125091553 7.87366056442261 7.87190103530884 7.86612701416016 7.85869073867798 7.86042881011963 7.8639702796936 7.86383581161499 7.86341333389282 7.86150121688843 7.85957479476929 7.85759830474854 7.85593700408936 7.85486221313477 7.85375928878784 7.85262584686279 7.85194778442383 7.85156393051147 7.85134315490723 7.85118007659912 7.84912633895874
7.89870357513428 7.89701461791992 7.89508152008057 7.89635276794434 7.8978328704834 7.89610481262207 7.89397478103638 7.8897967338562 7.88630437850952 7.88446760177612 7.8800163269043 7.87197589874268 7.86828899383545 7.86816453933716 7.86816024780273 7.86821269989014 7.86831903457642 7.86843824386597 7.86883115768433 7.86945915222168 7.8732328414917 7.87655401229858 7.87798166275024 7.87860441207886 7.87752819061279 7.87619733810425 7.8745551109314 7.87300539016724 7.87152338027954 7.86696338653564 7.86112833023071 7.86150598526001 7.86310482025146 7.86264705657959 7.86202716827393 7.8605580329895 7.85905647277832 7.85744142532349 7.85600662231445 7.85490560531616 7.85378742218018 7.85265064239502 7.85199594497681 7.85165309906006 7.85137987136841 7.85113143920898 7.84851741790771
7.89570426940918 7.89533996582031 7.89504051208496 7.89615964889526 7.89728355407715 7.89462423324585 7.89100122451782 7.88247680664062 7.8761420249939 7.87509250640869 7.8713812828064 7.86401510238647 7.860915184021 7.86130619049072 7.86177110671997 7.86227178573608 7.86280584335327 7.86334800720215 7.86282300949097 7.86262893676758 7.86832618713379 7.87317323684692 7.87446451187134 7.87515211105347 7.8745641708374 7.8737998008728 7.8728199005127 7.87189245223999 7.87100315093994 7.86768484115601 7.86336040496826 7.86223649978638 7.86174154281616 7.86093664169312 7.86012411117554 7.8593544960022 7.85850954055786 7.85740184783936 7.8562593460083 7.85505199432373 7.85385894775391 7.8526816368103 7.85205507278442 7.85178422927856 7.85150194168091 7.85121488571167 7.84851837158203
7.89430904388428 7.89425373077393 7.89419364929199 7.89480400085449 7.89538955688477 7.89346885681152 7.88962364196777 7.87599229812622 7.86610078811646 7.86524105072021 7.86300277709961 7.85887241363525 7.85732793807983 7.85789918899536 7.85848903656006 7.8590874671936 7.85969114303589 7.86029529571533 7.86027383804321 7.86045503616333 7.86420917510986 7.86747217178345 7.86868095397949 7.86941242218018 7.86913728713989 7.86877393722534 7.86830282211304 7.86770153045654 7.86700582504272 7.86476850509644 7.86189222335815 7.86060380935669 7.85962772369385 7.85874176025391 7.85790729522705 7.85754108428955 7.85710477828979 7.85642433166504 7.85568809509277 7.85484838485718 7.85379123687744 7.85249805450439 7.85189247131348 7.85173225402832 7.85153722763062 7.8513298034668 7.84858131408691
7.89324569702148 7.89328956604004 7.89318037033081 7.89320755004883 7.89321708679199 7.8923807144165 7.88857698440552 7.86967992782593 7.8560848236084 7.85529136657715 7.8546781539917 7.85431289672852 7.8545241355896 7.85520648956299 7.85584926605225 7.85647392272949 7.85707235336304 7.85766458511353 7.85844087600708 7.85924434661865 7.8602557182312 7.86129093170166 7.86242771148682 7.86319971084595 7.86320066452026 7.86320400238037 7.86321020126343 7.86287450790405 7.86228942871094 7.86109924316406 7.85965824127197 7.85848236083984 7.85735845565796 7.85644721984863 7.85562515258789 7.85560131072998 7.85552263259888 7.85525274276733 7.85494661331177 7.85457229614258 7.85369491577148 7.85226964950562 7.85168409347534 7.85164213180542 7.85155439376831 7.85145044326782 7.84865760803223
7.88585615158081 7.8846697807312 7.88415956497192 7.88388824462891 7.88343524932861 7.87741899490356 7.87045907974243 7.85869836807251 7.85032176971436 7.85011577606201 7.85088586807251 7.8529953956604 7.85409832000732 7.85437870025635 7.85464763641357 7.8549108505249 7.85520839691162 7.85551404953003 7.85614538192749 7.85680913925171 7.85762310028076 7.85845708847046 7.85937356948853 7.86000728607178 7.86004495620728 7.86009836196899 7.86017179489136 7.85997629165649 7.85958528518677 7.8584303855896 7.85695886611938 7.85610342025757 7.85536909103394 7.85479640960693 7.85428047180176 7.85425901412964 7.85419416427612 7.8539776802063 7.85380220413208 7.85370254516602 7.85318517684937 7.85221195220947 7.85177373886108 7.85168170928955 7.8516321182251 7.85159730911255 7.84883499145508
7.87777853012085 7.87548112869263 7.87458658218384 7.87408018112183 7.87324571609497 7.86248540878296 7.85275077819824 7.84823560714722 7.84514570236206 7.84549760818481 7.84745502471924 7.85161685943604 7.85354566574097 7.85364770889282 7.85361814498901 7.85352611541748 7.85352420806885 7.85354375839233 7.85398197174072 7.85446405410767 7.85516977310181 7.85587120056152 7.85655355453491 7.85703420639038 7.85708999633789 7.85716772079468 7.85727214813232 7.85720205307007 7.85700416564941 7.85589361190796 7.85440492630005 7.85388040542603 7.85354566574097 7.85330581665039 7.85308837890625 7.85305309295654 7.85298490524292 7.85280132293701 7.85272789001465 7.852858543396 7.85268068313599 7.85216617584229 7.85187768936157 7.85173463821411 7.85171604156494 7.85174226760864 7.84900426864624
7.86538505554199 7.86387968063354 7.86294889450073 7.86274480819702 7.86233901977539 7.85446977615356 7.8475604057312 7.84552907943726 7.84419393539429 7.84453916549683 7.84571886062622 7.84804391860962 7.85050010681152 7.85306358337402 7.85374450683594 7.85353469848633 7.85339069366455 7.85326290130615 7.85345077514648 7.85366773605347 7.85399866104126 7.85433769226074 7.85470914840698 7.85495853424072 7.85494995117188 7.85492420196533 7.85487747192383 7.8548264503479 7.85477209091187 7.85428667068481 7.85362243652344 7.85343885421753 7.8533501625061 7.85320901870728 7.8530740737915 7.8530125617981 7.85292148590088 7.85272645950317 7.85259342193604 7.85257577896118 7.85243606567383 7.85216188430786 7.85198354721069 7.85186719894409 7.85184383392334 7.85185432434082 7.849036693573
7.85546112060547 7.85428476333618 7.85292816162109 7.8528265953064 7.85267114639282 7.84759283065796 7.84332990646362 7.84321355819702 7.84321689605713 7.84350919723511 7.84403467178345 7.84488010406494 7.84748649597168 7.85153245925903 7.85266447067261 7.85241603851318 7.85220050811768 7.8519926071167 7.8519868850708 7.8519983291626 7.85206174850464 7.85213899612427 7.85227632522583 7.85235214233398 7.85229730606079 7.85221290588379 7.85209131240845 7.85207653045654 7.85213851928711 7.85212326049805 7.85207605361938 7.85213708877563 7.852219581604 7.85217428207397 7.85212993621826 7.85214567184448 7.85211944580078 7.85194826126099 7.85192441940308 7.85217428207397 7.85226249694824 7.85217332839966 7.85208129882812 7.8519868850708 7.85168838500977 7.85131692886353 7.84868335723877
7.85459089279175 7.85204601287842 7.84883499145508 7.84810256958008 7.84754610061646 7.84488916397095 7.84262132644653 7.84233236312866 7.8421483039856 7.84221696853638 7.84254121780396 7.84321546554565 7.84458780288696 7.84653186798096 7.84716033935547 7.84716606140137 7.84713363647461 7.84709167480469 7.84710359573364 7.84712982177734 7.84731674194336 7.84750270843506 7.84768533706665 7.84779834747314 7.84776449203491 7.84778499603271 7.84787225723267 7.84795427322388 7.84803342819214 7.8479208946228 7.84772920608521 7.84768009185791 7.84765911102295 7.84769773483276 7.8477783203125 7.84824895858765 7.84861087799072 7.84859180450439 7.84929418563843 7.85133695602417 7.85235023498535 7.85224199295044 7.8521466255188 7.85205936431885 7.85049533843994 7.84840059280396 7.84691572189331
