Ecospace-environmental-drivers/Outputs/ASCII-for-ecospace/MOM6-ISIMIP3a/ph-bot/1982-09_ph-bot_MOM6-ISIMIP3a.asc
NCOLS 131 
NROWS 53 
XLLCORNER -98 
YLLCORNER 23.9265270233154 
CELLSIZE 0.133587792515755 
NODATA_value -9999 
[rows 21 to 41 of 53, columns 47 to 93 of 131]
8.11695289611816 8.11887645721436 8.12077140808105 8.12181186676025 8.12272357940674 8.12254428863525 8.12245750427246 8.12284660339355 8.12315845489502 8.12328433990479 8.12355995178223 8.1240406036377 8.12135887145996 8.11609172821045 8.0445728302002 7.94167184829712 7.89973926544189 7.87237405776978 7.8754243850708 7.88049221038818 7.88451528549194 7.88972616195679 7.89991140365601 7.90521001815796 7.9001932144165 7.89571762084961 7.8919038772583 7.88976669311523 7.88885116577148 7.88359451293945 7.87654066085815 7.87542724609375 7.87548160552979 7.88443183898926 7.8935866355896 7.90151500701904 7.90428304672241 7.88890838623047 7.876060962677 7.86790657043457 7.86494112014771 7.86762952804565 7.87427520751953 7.88348150253296 7.9013843536377 7.92241144180298 7.96215391159058
8.121506690979 8.1186056137085 8.11458110809326 8.11488151550293 8.11561107635498 8.115966796875 8.11361408233643 8.0974817276001 8.08614158630371 8.0863733291626 8.07458782196045 8.04630088806152 8.02460861206055 8.00830936431885 7.96133184432983 7.89982271194458 7.88007068634033 7.87029647827148 7.87967157363892 7.88988590240479 7.89316082000732 7.89695835113525 7.90294408798218 7.90477085113525 7.89781761169434 7.89289140701294 7.89044332504272 7.88748168945312 7.88414525985718 7.8798394203186 7.87513160705566 7.87351512908936 7.87250566482544 7.87494659423828 7.8776683807373 7.88188600540161 7.88411474227905 7.87935018539429 7.87809562683105 7.8833589553833 7.88382482528687 7.87906312942505 7.87701272964478 7.87671661376953 7.88409185409546 7.89422225952148 7.92390584945679
8.12019729614258 8.11177444458008 8.10092544555664 8.10032939910889 8.10077667236328 8.10102844238281 8.09599304199219 8.06406593322754 8.04161834716797 8.04205894470215 8.01885223388672 7.96318197250366 7.92387914657593 7.8979663848877 7.87687635421753 7.858069896698 7.86124610900879 7.86967515945435 7.88500261306763 7.89989566802979 7.90157127380371 7.9033203125 7.90537691116333 7.904052734375 7.89559078216553 7.89042568206787 7.88928937911987 7.88534688949585 7.87936067581177 7.8759593963623 7.87362861633301 7.87191677093506 7.87032604217529 7.86551856994629 7.86102867126465 7.86081075668335 7.86203861236572 7.86834812164307 7.87907648086548 7.89801168441772 7.90250396728516 7.89125967025757 7.88171100616455 7.87325859069824 7.87032890319824 7.86938238143921 7.88784980773926
8.03388118743896 8.01562404632568 7.99213933944702 7.99035692214966 7.99038934707642 7.97944068908691 7.9679970741272 7.95403671264648 7.94370031356812 7.94211578369141 7.93070411682129 7.90580034255981 7.88816118240356 7.87646579742432 7.87012338638306 7.86631679534912 7.87266063690186 7.88143014907837 7.89195919036865 7.9020471572876 7.90395927429199 7.90572166442871 7.90685892105103 7.90490245819092 7.89641427993774 7.89110040664673 7.88966512680054 7.88494348526001 7.87782907485962 7.87424659729004 7.87212657928467 7.86914920806885 7.86600351333618 7.86305952072144 7.86035346984863 7.85989379882812 7.86008310317993 7.86255502700806 7.8670334815979 7.87523889541626 7.87681007385254 7.87115430831909 7.87332248687744 7.88055324554443 7.88094568252563 7.87888097763062 7.88134336471558
7.95649909973145 7.93321466445923 7.90311098098755 7.90065813064575 7.90038156509399 7.88244247436523 7.86754512786865 7.86812114715576 7.86766338348389 7.86470937728882 7.86312246322632 7.86341142654419 7.86345624923706 7.8633017539978 7.86845588684082 7.8761248588562 7.8837423324585 7.89134740829468 7.89730834960938 7.90290927886963 7.90492010116577 7.906569480896 7.9067063331604 7.90431022644043 7.89656686782837 7.89156198501587 7.88990449905396 7.88454246520996 7.87648153305054 7.87275218963623 7.87081670761108 7.86688232421875 7.86255502700806 7.86114120483398 7.85989427566528 7.85922527313232 7.85855102539062 7.85785865783691 7.85718154907227 7.85653305053711 7.8556661605835 7.85456275939941 7.86506128311157 7.88306713104248 7.88591432571411 7.88331604003906 7.87653160095215
7.91828918457031 7.91105365753174 7.90071487426758 7.89985418319702 7.89972925186157 7.89326238632202 7.88786935806274 7.88794183731079 7.88756847381592 7.88611888885498 7.88571977615356 7.88676309585571 7.88704013824463 7.88669061660767 7.88908529281616 7.89278030395508 7.89336442947388 7.89320516586304 7.89560747146606 7.89811754226685 7.89962530136108 7.90060710906982 7.89938640594482 7.89739465713501 7.89377450942993 7.89108991622925 7.88954925537109 7.88415050506592 7.87594175338745 7.87221717834473 7.87034893035889 7.86680793762207 7.86293792724609 7.86159038543701 7.8603835105896 7.85964584350586 7.8588719367981 7.85797214508057 7.8569393157959 7.85565996170044 7.85447120666504 7.85338020324707 7.85735940933228 7.86461925506592 7.86611890792847 7.86554956436157 7.87914991378784
7.89418172836304 7.89714527130127 7.89961719512939 7.8999981880188 7.90020704269409 7.90155458450317 7.90270853042603 7.9028754234314 7.90283250808716 7.90228223800659 7.90233755111694 7.90322399139404 7.90290403366089 7.90159797668457 7.90155506134033 7.90211009979248 7.8983941078186 7.89365768432617 7.89383935928345 7.89440631866455 7.89566946029663 7.89627599716187 7.89413499832153 7.89209175109863 7.89025449752808 7.88856267929077 7.88704872131348 7.88222408294678 7.87498807907104 7.87124109268188 7.86893939971924 7.86620187759399 7.86337852478027 7.86212635040283 7.86096620559692 7.86013031005859 7.85923337936401 7.85811996459961 7.85678863525391 7.85505104064941 7.853600025177 7.85246086120605 7.85196733474731 7.85189199447632 7.85241746902466 7.85315847396851 7.87823677062988
7.90084409713745 7.90124320983887 7.90135431289673 7.90220880508423 7.90314865112305 7.90433263778687 7.90557909011841 7.90714645385742 7.9079704284668 7.90700006484985 7.90590763092041 7.90464878082275 7.90192413330078 7.89800024032593 7.89622116088867 7.89545774459839 7.89340543746948 7.89104509353638 7.89192247390747 7.89305305480957 7.89463424682617 7.89550399780273 7.89339828491211 7.89030933380127 7.88514709472656 7.88155078887939 7.87986898422241 7.87695026397705 7.87313079833984 7.86930418014526 7.86547422409058 7.86443519592285 7.8639440536499 7.86285352706909 7.86175107955933 7.86075496673584 7.8596830368042 7.85834407806396 7.85683679580688 7.85501623153687 7.85343503952026 7.85211372375488 7.8516149520874 7.85164737701416 7.85201263427734 7.85249710083008 7.8696174621582
7.90405702590942 7.90281200408936 7.90143918991089 7.90221405029297 7.90322971343994 7.90480470657349 7.90646553039551 7.90856075286865 7.9095253944397 7.90776062011719 7.90538454055786 7.90216875076294 7.89755916595459 7.89180850982666 7.88934946060181 7.88844966888428 7.88744735717773 7.88642072677612 7.88773441314697 7.88924884796143 7.89135074615479 7.89265394210815 7.89061641693115 7.88731002807617 7.88132429122925 7.87716054916382 7.87522315979004 7.87347841262817 7.87187433242798 7.86836433410645 7.86406421661377 7.86391258239746 7.86457586288452 7.86365604400635 7.86264276504517 7.86128330230713 7.85985374450684 7.85817718505859 7.85648441314697 7.85476016998291 7.85320568084717 7.85183620452881 7.8513560295105 7.85145139694214 7.85171842575073 7.85204696655273 7.86179304122925
7.90293073654175 7.90119886398315 7.89944505691528 7.89944410324097 7.89971160888672 7.90237665176392 7.9048547744751 7.90638065338135 7.9065728187561 7.90354347229004 7.89971113204956 7.89477634429932 7.88893556594849 7.88235282897949 7.88054323196411 7.88099479675293 7.88027048110962 7.87926530838013 7.88068866729736 7.88236093521118 7.88523864746094 7.8871898651123 7.88526248931885 7.88277864456177 7.87911891937256 7.87606906890869 7.8737645149231 7.87227344512939 7.87137460708618 7.86867904663086 7.86523962020874 7.86495494842529 7.86529064178467 7.86455488204956 7.86366748809814 7.86169004440308 7.85967350006104 7.85751962661743 7.855628490448 7.85422515869141 7.85289573669434 7.85164594650269 7.85121631622314 7.85131692886353 7.85156393051147 7.85186338424683 7.8549690246582
7.90220022201538 7.89997243881226 7.89764881134033 7.89783430099487 7.89832592010498 7.90015411376953 7.90177154541016 7.90231657028198 7.90171718597412 7.89835405349731 7.8936767578125 7.8871955871582 7.88157320022583 7.87665414810181 7.87547731399536 7.87607288360596 7.87557601928711 7.87481784820557 7.87613201141357 7.87768507003784 7.8806357383728 7.88285779953003 7.88203096389771 7.88071298599243 7.87835836410522 7.87599515914917 7.87362146377563 7.87216520309448 7.87137794494629 7.86898326873779 7.86592197418213 7.86541938781738 7.86541986465454 7.86466073989868 7.86374378204346 7.86156225204468 7.85936117172241 7.85709047317505 7.85518217086792 7.85394716262817 7.85276174545288 7.85163021087646 7.85122156143188 7.85128164291382 7.8514666557312 7.85169696807861 7.85103321075439
7.90176677703857 7.8990364074707 7.89600086212158 7.89709424972534 7.89854001998901 7.8980860710144 7.89758396148682 7.8968391418457 7.89543390274048 7.89243507385254 7.88737106323242 7.87947273254395 7.87515687942505 7.87377262115479 7.87321615219116 7.87305164337158 7.87274360656738 7.87240123748779 7.87344312667847 7.87466764450073 7.87716388702393 7.87937498092651 7.88039064407349 7.88049650192261 7.87868118286133 7.87668418884277 7.87446403503418 7.87287998199463 7.87175941467285 7.86927843093872 7.86623430252075 7.86545038223267 7.86510992050171 7.86417198181152 7.86310863494873 7.86103296279907 7.85894870758057 7.85683250427246 7.85504388809204 7.85386180877686 7.85275983810425 7.85174465179443 7.85133647918701 7.85132026672363 7.85141277313232 7.85154390335083 7.84926414489746
7.89930963516235 7.89739942550659 7.89528942108154 7.89654541015625 7.89802408218384 7.89622211456299 7.89402389526367 7.889808177948 7.8861780166626 7.88396072387695 7.87931299209595 7.87132883071899 7.86773443222046 7.86773204803467 7.86769533157349 7.86764192581177 7.86772775650024 7.86784696578979 7.86888217926025 7.87011241912842 7.8732647895813 7.8761134147644 7.87769269943237 7.87839889526367 7.87726306915283 7.87578678131104 7.87389469146729 7.87252521514893 7.87153673171997 7.86880016326904 7.86533975601196 7.86409664154053 7.86328935623169 7.86232280731201 7.86130619049072 7.85985851287842 7.85837030410767 7.8567419052124 7.85527038574219 7.85409021377563 7.8529953956604 7.85199356079102 7.85153675079346 7.85143232345581 7.85143661499023 7.85147953033447 7.84868335723877
7.89598560333252 7.89546155929565 7.89497995376587 7.89607810974121 7.89719486236572 7.89444637298584 7.89073276519775 7.8821120262146 7.87564754486084 7.87439107894897 7.87050342559814 7.86300420761108 7.85988092422485 7.86033773422241 7.86077737808228 7.86120843887329 7.86177635192871 7.86237668991089 7.86351871490479 7.86489772796631 7.86918210983276 7.87294721603394 7.87454128265381 7.87549543380737 7.87509822845459 7.87420988082886 7.87272024154663 7.87171220779419 7.87105464935303 7.8679895401001 7.86392784118652 7.86215019226074 7.86082124710083 7.85989046096802 7.85900402069092 7.85840702056885 7.85772085189819 7.85672235488892 7.85565376281738 7.85445308685303 7.85333299636841 7.85230016708374 7.85177421569824 7.85157537460327 7.85149335861206 7.85145282745361 7.84861135482788
7.89461231231689 7.8942346572876 7.89376449584961 7.89442253112793 7.89509725570679 7.89310264587402 7.88917684555054 7.87542819976807 7.86543035507202 7.86448955535889 7.86216402053833 7.8579363822937 7.85634088516235 7.85689783096313 7.85747575759888 7.8580641746521 7.85872888565063 7.85941219329834 7.86048650741577 7.86172437667847 7.86495208740234 7.86768484115601 7.86834716796875 7.86875343322754 7.86861801147461 7.86833667755127 7.86787605285645 7.86731767654419 7.8666877746582 7.86437559127808 7.86136674880981 7.85969591140747 7.85828828811646 7.85746383666992 7.85671615600586 7.85649967193604 7.85621547698975 7.85569286346436 7.85510730743408 7.85440540313721 7.85348415374756 7.85232353210449 7.85175895690918 7.85158061981201 7.85152053833008 7.85150337219238 7.84861707687378
7.89364242553711 7.89315509796143 7.89236211776733 7.89252138137817 7.89273738861084 7.89184856414795 7.88798046112061 7.86895418167114 7.85527849197388 7.85452032089233 7.85392189025879 7.85354328155518 7.85369300842285 7.85427570343018 7.85492277145386 7.85560035705566 7.85628271102905 7.85696649551392 7.85793685913086 7.85897350311279 7.8606915473938 7.86198854446411 7.86152362823486 7.8612174987793 7.86124515533447 7.86157417297363 7.86227226257324 7.86218166351318 7.86151647567749 7.86018085479736 7.85856771469116 7.85713672637939 7.85574102401733 7.8550386428833 7.85443115234375 7.85449838638306 7.85453271865845 7.85445356369019 7.85436868667603 7.85427284240723 7.85359668731689 7.85228824615479 7.85169219970703 7.8515567779541 7.85154151916504 7.85156965255737 7.8486385345459
7.88536977767944 7.88401174545288 7.88338327407837 7.88320350646973 7.88286352157593 7.87697744369507 7.87011861801147 7.85831356048584 7.84992265701294 7.84977436065674 7.85050010681152 7.85242509841919 7.85343265533447 7.85368919372559 7.85402154922485 7.85438966751099 7.85474300384521 7.85509300231934 7.85569095611572 7.85634565353394 7.85757637023926 7.8585844039917 7.85866117477417 7.85871076583862 7.85870361328125 7.8588399887085 7.85915279388428 7.8589916229248 7.85848522186279 7.85729360580444 7.85581827163696 7.85489511489868 7.85408020019531 7.85371255874634 7.85339832305908 7.85344266891479 7.85346460342407 7.85340738296509 7.85340118408203 7.85348892211914 7.85313367843628 7.85229444503784 7.85184907913208 7.85165929794312 7.85163116455078 7.85166168212891 7.84876918792725
7.87651681900024 7.87439441680908 7.87392139434814 7.87346076965332 7.87264347076416 7.8621654510498 7.85267353057861 7.84819602966309 7.84515380859375 7.84557676315308 7.84743499755859 7.85126352310181 7.85306262969971 7.85320043563843 7.85328578948975 7.85334587097168 7.8533787727356 7.8534049987793 7.85363483428955 7.85391283035278 7.85469579696655 7.85544538497925 7.8560528755188 7.85644960403442 7.8564019203186 7.85633134841919 7.85623264312744 7.85599660873413 7.8556604385376 7.85461378097534 7.85327339172363 7.85284805297852 7.8526029586792 7.85255336761475 7.85251665115356 7.85252714157104 7.85252237319946 7.85246467590332 7.8525071144104 7.85273504257202 7.85267543792725 7.85230255126953 7.85201072692871 7.85177230834961 7.85172939300537 7.85175704956055 7.84889554977417
7.86496305465698 7.86357450485229 7.86292171478271 7.86273336410522 7.86231803894043 7.85449314117432 7.84762859344482 7.84564924240112 7.84435844421387 7.84473133087158 7.84587335586548 7.84807252883911 7.85038089752197 7.85277843475342 7.8535213470459 7.85348129272461 7.85345029830933 7.85342121124268 7.85345125198364 7.85349988937378 7.85377264022827 7.85403680801392 7.85426330566406 7.85440063476562 7.85434913635254 7.8543004989624 7.85425472259521 7.85415649414062 7.85401964187622 7.85352611541748 7.8528847694397 7.85272455215454 7.85265827178955 7.85265159606934 7.85264825820923 7.85265302658081 7.85263538360596 7.85254001617432 7.85251188278198 7.85260820388794 7.85254716873169 7.85231590270996 7.85211563110352 7.85193586349487 7.85188293457031 7.85187482833862 7.84892225265503
7.85571384429932 7.85460424423218 7.85339832305908 7.85327672958374 7.85308122634888 7.84788608551025 7.84353637695312 7.84348726272583 7.84353590011597 7.84382104873657 7.84435510635376 7.84523153305054 7.84769105911255 7.85144519805908 7.85258913040161 7.8524956703186 7.85242176055908 7.85235261917114 7.85223340988159 7.85211324691772 7.85203266143799 7.85195922851562 7.85191297531128 7.85186433792114 7.85181140899658 7.85178899765015 7.85180330276489 7.85182523727417 7.85185194015503 7.85177707672119 7.85166072845459 7.85169076919556 7.85174942016602 7.85178756713867 7.85182237625122 7.85183572769165 7.85184097290039 7.85181760787964 7.8519344329834 7.85231018066406 7.85245180130005 7.8523383140564 7.85221672058105 7.85208988189697 7.85174608230591 7.8513240814209 7.84854412078857
7.8549165725708 7.85241651535034 7.84928846359253 7.84848022460938 7.84783506393433 7.84518384933472 7.84293508529663 7.84273719787598 7.84261465072632 7.84267377853394 7.84299468994141 7.84367418289185 7.84497117996216 7.84677314758301 7.84737205505371 7.84740161895752 7.84736156463623 7.8473048210144 7.84722375869751 7.84715557098389 7.84729862213135 7.84742879867554 7.84750413894653 7.84754085540771 7.84749460220337 7.84751510620117 7.84761571884155 7.84769201278687 7.84775066375732 7.8476037979126 7.84737157821655 7.84732055664062 7.84730529785156 7.84739398956299 7.84748554229736 7.8475604057312 7.84771966934204 7.84817266464233 7.84922361373901 7.85138607025146 7.85247468948364 7.85239267349243 7.85230255126953 7.85220766067505 7.85054492950439 7.84831857681274 7.84668207168579
