Ecospace-environmental-drivers/Outputs/ASCII-for-ecospace/MOM6-ISIMIP3a/ph-bot/1982-10_ph-bot_MOM6-ISIMIP3a.asc
NCOLS 131 
NROWS 53 
XLLCORNER -98 
YLLCORNER 23.9265270233154 
CELLSIZE 0.133587792515755 
NODATA_value -9999 
[rows 21 to 41 of 53, columns 47 to 93 of 131]
8.10094261169434 8.10234928131104 8.10371017456055 8.10460376739502 8.10543251037598 8.10576057434082 8.10618591308594 8.107102394104 8.10815715789795 8.1095495223999 8.11287403106689 8.1188497543335 8.12166976928711 8.12190818786621 8.05134677886963 7.94724988937378 7.90201568603516 7.87084531784058 7.87383127212524 7.87910604476929 7.88354682922363 7.88910341262817 7.89933109283447 7.90476226806641 7.90006828308105 7.8957691192627 7.89195156097412 7.88962745666504 7.88839054107666 7.88323211669922 7.87644910812378 7.87523746490479 7.87512063980103 7.8841438293457 7.8933629989624 7.90118741989136 7.90367460250854 7.88739824295044 7.874427318573 7.86759567260742 7.86555099487305 7.86872148513794 7.87699747085571 7.88857650756836 7.90819501876831 7.93070077896118 7.96823787689209
8.10856914520264 8.10607814788818 8.10255908966064 8.1027660369873 8.10338020324707 8.10467433929443 8.10281181335449 8.08489608764648 8.07271766662598 8.07438945770264 8.06435108184814 8.03823661804199 8.02096080780029 8.0109167098999 7.96557283401489 7.90350818634033 7.88152027130127 7.86910772323608 7.87867403030396 7.8892674446106 7.89283418655396 7.89689540863037 7.90302610397339 7.90495443344116 7.89800977706909 7.89304828643799 7.89050960540771 7.88737821578979 7.8838152885437 7.87955188751221 7.87499904632568 7.87333488464355 7.87223863601685 7.87477684020996 7.87756776809692 7.88151121139526 7.88344621658325 7.87831783294678 7.87703418731689 7.8828911781311 7.88359880447388 7.87869548797607 7.87775993347168 7.87939119338989 7.88726615905762 7.89738416671753 7.92961359024048
8.11145973205566 8.10450649261475 8.09540367126465 8.09494590759277 8.09541988372803 8.09712505340576 8.09265327453613 8.05676174163818 8.03189373016357 8.03364372253418 8.01041603088379 7.95289850234985 7.91636657714844 7.89700412750244 7.87829160690308 7.85988712310791 7.8620491027832 7.86912488937378 7.88489389419556 7.90031862258911 7.90204381942749 7.90386295318604 7.9060754776001 7.90477228164673 7.89604663848877 7.89066410064697 7.88936758041382 7.88528442382812 7.87917184829712 7.87576818466187 7.87348651885986 7.87175321578979 7.87012720108032 7.86545467376709 7.86105346679688 7.86040687561035 7.86136054992676 7.86793947219849 7.87878608703613 7.89755868911743 7.90164518356323 7.88973045349121 7.88065242767334 7.87341022491455 7.86961126327515 7.86704969406128 7.8929967880249
8.02079963684082 8.00514984130859 7.98513031005859 7.98348903656006 7.98341846466064 7.97497606277466 7.96533966064453 7.949631690979 7.93842697143555 7.93809604644775 7.92716455459595 7.90167999267578 7.88541603088379 7.87669610977173 7.87196922302246 7.86913442611694 7.87465476989746 7.88217115402222 7.89268350601196 7.90285158157349 7.90501308441162 7.90691375732422 7.90772390365601 7.90547037124634 7.89674997329712 7.89127779006958 7.88977527618408 7.88497686386108 7.87777805328369 7.87430286407471 7.87236976623535 7.86924886703491 7.86589527130127 7.86299657821655 7.86032056808472 7.85965204238892 7.85970497131348 7.86229372024536 7.86683034896851 7.8749852180481 7.87642383575439 7.87054586410522 7.8729100227356 7.88060712814331 7.88039922714233 7.87735176086426 7.88338327407837
7.94152069091797 7.92137813568115 7.89561414718628 7.89335441589355 7.89296340942383 7.87807846069336 7.86572408676147 7.86624050140381 7.86607933044434 7.86428022384644 7.86351823806763 7.8641791343689 7.86444282531738 7.86438179016113 7.87040758132935 7.87931632995605 7.88634443283081 7.89292287826538 7.89855527877808 7.90391778945923 7.90630769729614 7.90813970565796 7.90763711929321 7.90473985671997 7.89678525924683 7.89167213439941 7.89003229141235 7.88465023040771 7.87654304504395 7.87300062179565 7.87134838104248 7.86717987060547 7.8625168800354 7.86107635498047 7.85981369018555 7.85912132263184 7.85842561721802 7.85772085189819 7.85704612731934 7.85642719268799 7.8556432723999 7.85467958450317 7.86516284942627 7.88305282592773 7.88556909561157 7.8825626373291 7.87600564956665
7.91214323043823 7.90594053268433 7.89711141586304 7.89671516418457 7.89698362350464 7.8919038772583 7.88755655288696 7.8869366645813 7.88632965087891 7.8857536315918 7.88583660125732 7.88682317733765 7.88721418380737 7.88711833953857 7.88971900939941 7.89359760284424 7.89401817321777 7.89361333847046 7.89601469039917 7.89855194091797 7.90025806427002 7.90136194229126 7.89994382858276 7.89774322509766 7.89389038085938 7.89110565185547 7.88962554931641 7.88423776626587 7.87600326538086 7.87241411209106 7.8707480430603 7.86701774597168 7.86288118362427 7.86151266098022 7.86029672622681 7.85957002639771 7.85879468917847 7.85785055160522 7.85678052902222 7.85547733306885 7.854332447052 7.85336065292358 7.85739326477051 7.86466360092163 7.86610460281372 7.86545085906982 7.87843084335327
7.89418125152588 7.89679288864136 7.89887094497681 7.8998589515686 7.9007625579834 7.90240812301636 7.90362358093262 7.90265417098999 7.90196657180786 7.90195894241333 7.90229368209839 7.90309906005859 7.90278196334839 7.90154695510864 7.90123176574707 7.90135288238525 7.89777708053589 7.89331817626953 7.89372110366821 7.89449501037598 7.8958044052124 7.89646148681641 7.89438819885254 7.8923020362854 7.89018821716309 7.88839817047119 7.88700437545776 7.88223075866699 7.87499570846558 7.87134838104248 7.86918687820435 7.86630916595459 7.86329078674316 7.8620285987854 7.86086797714233 7.86005687713623 7.85916948318481 7.85801362991333 7.85663461685181 7.85483980178833 7.85340309143066 7.85235691070557 7.8519606590271 7.85198545455933 7.85262537002563 7.85348606109619 7.87743663787842
7.90112686157227 7.90136861801147 7.90120363235474 7.90253019332886 7.90401601791382 7.90566730499268 7.90711259841919 7.90751028060913 7.90753746032715 7.90666913986206 7.90596342086792 7.9054799079895 7.90263175964355 7.89784860610962 7.89572858810425 7.89486980438232 7.89299297332764 7.89087247848511 7.89196586608887 7.89329385757446 7.89483213424683 7.89565706253052 7.89349794387817 7.89025497436523 7.88472366333008 7.88101959228516 7.87954950332642 7.87674379348755 7.87296533584595 7.86923694610596 7.86552906036377 7.86440896987915 7.86379718780518 7.86271905899048 7.86163234710693 7.8606276512146 7.85955572128296 7.85824966430664 7.85674858093262 7.8548846244812 7.85330629348755 7.85203886032104 7.8516263961792 7.85176753997803 7.85220575332642 7.85275077819824 7.868980884552
7.90445899963379 7.90312767028809 7.90152740478516 7.90259647369385 7.90396308898926 7.90598154067993 7.90786552429199 7.90906476974487 7.9093599319458 7.90747261047363 7.90539932250977 7.90307140350342 7.89849805831909 7.89208793640137 7.88924217224121 7.88808488845825 7.88718175888062 7.88633918762207 7.88781118392944 7.88946104049683 7.89138269424438 7.89255714416504 7.89060354232788 7.88723182678223 7.88086700439453 7.87658023834229 7.87483358383179 7.87321519851685 7.87169075012207 7.86826515197754 7.86405229568481 7.86383819580078 7.86441040039062 7.8635048866272 7.86250638961792 7.86113309860229 7.85970449447632 7.85808277130127 7.85641717910767 7.85467100143433 7.85312652587891 7.85180139541626 7.851402759552 7.85160303115845 7.85191106796265 7.85225772857666 7.86143732070923
7.90324592590332 7.90134191513062 7.8993239402771 7.89938545227051 7.89975166320801 7.90259122848511 7.90517616271973 7.90646553039551 7.90646743774414 7.90336036682129 7.89950942993164 7.89463663101196 7.88935279846191 7.88373231887817 7.88151836395264 7.88091897964478 7.88007736206055 7.87917852401733 7.88063812255859 7.88231611251831 7.88481760025024 7.88656997680664 7.88518762588501 7.88298034667969 7.87903261184692 7.87583780288696 7.87356328964233 7.87215089797974 7.87136602401733 7.86872720718384 7.86531972885132 7.86494112014771 7.86515808105469 7.86441087722778 7.86351823806763 7.86155700683594 7.85955429077148 7.85740900039673 7.85552597045898 7.85413122177124 7.8528413772583 7.85166501998901 7.85131740570068 7.85150623321533 7.85177373886108 7.85206985473633 7.85504245758057
7.90233659744263 7.90004587173462 7.89761638641357 7.89776134490967 7.89822006225586 7.90003728866577 7.90164947509766 7.90221929550171 7.90164089202881 7.89829158782959 7.89351987838745 7.88679552078247 7.8817024230957 7.87794351577759 7.87648868560791 7.8761248588562 7.87546920776367 7.87474298477173 7.87601375579834 7.87750053405762 7.88014459609985 7.88223028182983 7.88197803497314 7.8809962272644 7.87847375869751 7.87598609924316 7.87354040145874 7.87210178375244 7.8713960647583 7.86905908584595 7.86604642868042 7.86542844772339 7.86528158187866 7.86450815200806 7.86358404159546 7.86141586303711 7.85921955108643 7.85692262649536 7.8550124168396 7.85381937026978 7.85269451141357 7.85164403915405 7.85132026672363 7.85146713256836 7.85167503356934 7.85190534591675 7.85126447677612
7.90165519714355 7.89911699295044 7.89628124237061 7.8973274230957 7.8986988067627 7.89811086654663 7.89749526977539 7.89673757553101 7.89536428451538 7.89250516891479 7.88745546340942 7.87939882278442 7.87517309188843 7.87408065795898 7.87347936630249 7.87311029434204 7.87273216247559 7.87235164642334 7.87330055236816 7.87443161010742 7.87689065933228 7.87912559509277 7.88042306900024 7.88071203231812 7.87887144088745 7.87680244445801 7.87445402145386 7.8728141784668 7.87169075012207 7.86929321289062 7.86636781692505 7.86545419692993 7.86493635177612 7.8639988899231 7.86293983459473 7.86085176467896 7.85874605178833 7.85657739639282 7.85478162765503 7.85367822647095 7.85265159606934 7.85170984268188 7.85138940811157 7.85147142410278 7.8516058921814 7.85175895690918 7.84944868087769
7.89918041229248 7.89741849899292 7.89549493789673 7.89676713943481 7.8982400894165 7.89629411697388 7.89397859573364 7.88978099822998 7.88618564605713 7.88404560089111 7.87941980361938 7.87138271331787 7.86776924133301 7.86777544021606 7.86774158477783 7.86768817901611 7.86775255203247 7.86784505844116 7.86879777908325 7.86994695663452 7.87308788299561 7.87595367431641 7.87766551971436 7.87845373153687 7.87729072570801 7.87576866149902 7.87380743026733 7.87241649627686 7.87144088745117 7.86876487731934 7.86538505554199 7.86406135559082 7.8631420135498 7.86219501495361 7.86119937896729 7.85973691940308 7.85821914672852 7.85650730133057 7.85500001907349 7.85387372970581 7.85283327102661 7.85188627243042 7.85151195526123 7.85150766372681 7.85157108306885 7.85165882110596 7.84880924224854
7.89593696594238 7.89538955688477 7.89494371414185 7.89615249633789 7.89737939834595 7.89452505111694 7.89073610305786 7.88219261169434 7.87576341629028 7.87444019317627 7.87053966522217 7.86310052871704 7.8599910736084 7.86042404174805 7.86083459854126 7.86123418807983 7.86181163787842 7.86243152618408 7.86352825164795 7.86485528945923 7.8690505027771 7.87275314331055 7.87439298629761 7.8753490447998 7.87486171722412 7.87394142150879 7.87249279022217 7.87154293060303 7.8709568977356 7.86790990829468 7.86384344100952 7.862060546875 7.86072683334351 7.8598370552063 7.85898876190186 7.85838603973389 7.85766935348511 7.85655450820923 7.8554105758667 7.85421323776245 7.85311031341553 7.85211038589478 7.85165691375732 7.85155773162842 7.85155153274536 7.85157823562622 7.84867286682129
7.8945255279541 7.89416217803955 7.89375257492065 7.89446306228638 7.89518690109253 7.89317560195923 7.88923740386963 7.87550020217896 7.86549711227417 7.86451101303101 7.86218881607056 7.8580322265625 7.85644197463989 7.85695171356201 7.85749387741089 7.85805130004883 7.85869741439819 7.85936498641968 7.86043500900269 7.86166620254517 7.86483716964722 7.86753988265991 7.86828136444092 7.86873579025269 7.86858224868774 7.86825275421143 7.86770915985107 7.86715507507324 7.86659383773804 7.86431980133057 7.86133575439453 7.85972166061401 7.85837650299072 7.85757112503052 7.85683631896973 7.85659408569336 7.85627269744873 7.85567235946655 7.85501146316528 7.85423755645752 7.85328769683838 7.8521466255188 7.85163307189941 7.85152530670166 7.85152196884155 7.85155582427979 7.84862422943115
7.89349365234375 7.89310073852539 7.8924298286438 7.89255142211914 7.89271831512451 7.89191246032715 7.88810014724731 7.86899328231812 7.85526323318481 7.85451507568359 7.85394763946533 7.85362863540649 7.85376787185669 7.85428237915039 7.85489177703857 7.85554552078247 7.85616827011108 7.85678339004517 7.85779190063477 7.85887050628662 7.86058759689331 7.86190986633301 7.86158323287964 7.86139631271362 7.86150598526001 7.86176538467407 7.86220788955688 7.86204051971436 7.86142826080322 7.86016368865967 7.85862874984741 7.85731267929077 7.85603952407837 7.85532426834106 7.85469579696655 7.85471105575562 7.85470056533813 7.85459804534912 7.85444450378418 7.85419607162476 7.85344409942627 7.85214376449585 7.85157346725464 7.85147571563721 7.85149002075195 7.8515453338623 7.84859323501587
7.88511753082275 7.88389492034912 7.88349533081055 7.88329172134399 7.88290071487427 7.87691974639893 7.86999416351318 7.8582615852356 7.84991550445557 7.84974575042725 7.85048341751099 7.85246658325195 7.85346651077271 7.85366249084473 7.85396671295166 7.85432291030884 7.85463762283325 7.8549427986145 7.85554933547974 7.8562159538269 7.85745239257812 7.858482837677 7.8586483001709 7.8587818145752 7.85884714126587 7.85898494720459 7.85921192169189 7.8590521812439 7.85861110687256 7.85747766494751 7.85605764389038 7.85515356063843 7.85435056686401 7.85394668579102 7.85359334945679 7.85358905792236 7.8535680770874 7.85349082946777 7.85343456268311 7.85341787338257 7.8530011177063 7.85214900970459 7.85171794891357 7.85156011581421 7.85155439376831 7.85160350799561 7.84870958328247
7.87617063522339 7.87420749664307 7.87404489517212 7.87357425689697 7.87270641326904 7.86198663711548 7.8523268699646 7.848060131073 7.84515190124512 7.84552192687988 7.84737110137939 7.85125207901001 7.85304832458496 7.85313940048218 7.85320949554443 7.85326957702637 7.85328578948975 7.85329151153564 7.85349893569946 7.85375690460205 7.85455226898193 7.85531997680664 7.85596799850464 7.85641193389893 7.85642290115356 7.85642099380493 7.85640239715576 7.85624265670776 7.85597991943359 7.85497522354126 7.8536639213562 7.85316562652588 7.85282754898071 7.85272216796875 7.85263156890869 7.85259866714478 7.8525562286377 7.85247993469238 7.85248994827271 7.8526611328125 7.85255670547485 7.8521523475647 7.8518648147583 7.85165357589722 7.85162687301636 7.8516674041748 7.84882259368896
7.8646411895752 7.86327600479126 7.86272525787354 7.86248588562012 7.8620080947876 7.85424137115479 7.84743785858154 7.84553527832031 7.84428691864014 7.84461832046509 7.84573459625244 7.84792947769165 7.85025072097778 7.85267543792725 7.85343360900879 7.85340261459351 7.85335874557495 7.85331201553345 7.85330295562744 7.85331630706787 7.85362434387207 7.85392618179321 7.85420560836792 7.85439443588257 7.85439348220825 7.85439157485962 7.8543872833252 7.85432195663452 7.85421180725098 7.85373020172119 7.85309457778931 7.85288858413696 7.85276651382446 7.85271453857422 7.85266876220703 7.85265254974365 7.85261726379395 7.85251331329346 7.85245704650879 7.85248899459839 7.85238552093506 7.85213327407837 7.85193634033203 7.85177612304688 7.85174226760864 7.8517541885376 7.84882211685181
7.85540866851807 7.85422468185425 7.85296535491943 7.85277843475342 7.85252857208252 7.8475980758667 7.84346389770508 7.84337663650513 7.84338808059692 7.84363698959351 7.84413433074951 7.84497404098511 7.84745931625366 7.85129117965698 7.85246896743774 7.85238933563232 7.85230875015259 7.85222816467285 7.85207176208496 7.85191917419434 7.85189199447632 7.85187149047852 7.85187816619873 7.8518762588501 7.85185575485229 7.85185480117798 7.85187816619873 7.85189819335938 7.85191631317139 7.85183429718018 7.8517107963562 7.85172033309937 7.85175609588623 7.85176181793213 7.85177326202393 7.85185241699219 7.85189247131348 7.85179424285889 7.85184240341187 7.85216236114502 7.85226583480835 7.85213327407837 7.85200881958008 7.85188913345337 7.8515625 7.85116100311279 7.8484148979187
7.85459852218628 7.8520679473877 7.84892654418945 7.84813642501831 7.8475170135498 7.84499597549438 7.84284353256226 7.84256172180176 7.8423638343811 7.84237003326416 7.84266710281372 7.84336423873901 7.84469127655029 7.84653425216675 7.84714508056641 7.84717273712158 7.84714126586914 7.84709596633911 7.84704637527466 7.84701299667358 7.84721326828003 7.84739208221436 7.8474817276001 7.84752035140991 7.84745264053345 7.8474588394165 7.84755659103394 7.8476300239563 7.84768629074097 7.8475513458252 7.84733724594116 7.84728479385376 7.8472638130188 7.84734201431274 7.8474588394165 7.8479208946228 7.8482871055603 7.84831809997559 7.84909820556641 7.85126924514771 7.85233736038208 7.85220384597778 7.85208177566528 7.85196733474731 7.85029983520508 7.84807395935059 7.84651565551758
