Ecospace-environmental-drivers/Outputs/ASCII-for-ecospace/MOM6-ISIMIP3a/ph-bot/1982-06_ph-bot_MOM6-ISIMIP3a.asc
NCOLS 131 
NROWS 53 
XLLCORNER -98 
YLLCORNER 23.9265270233154 
CELLSIZE 0.133587792515755 
NODATA_value -9999 
[rows 21 to 41 of 53, columns 0 to 46 of 131]
-9999 -9999 -9999 -9999 -9999 -9999 8.14867305755615 8.14811611175537 8.14654541015625 8.14402103424072 8.13885021209717 8.13222980499268 8.13352203369141 8.13737106323242 8.13955211639404 8.13980674743652 8.1373462677002 8.13302040100098 8.13762855529785 8.14568614959717 8.14976501464844 8.15314102172852 8.15444469451904 8.15562629699707 8.15616703033447 8.15676689147949 8.15755653381348 8.15822410583496 8.15867710113525 8.15903663635254 8.15929985046387 8.15950202941895 8.15966796875 8.15996360778809 8.16030120849609 8.16050434112549 8.16068649291992 8.16057395935059 8.16041374206543 8.15994930267334 8.15949630737305 8.15907955169678 8.1585693359375 8.15791702270508 8.15751552581787 8.15734577178955 8.15668773651123
-9999 -9999 -9999 -9999 -9999 -9999 8.14874172210693 8.14867305755615 8.14755916595459 8.14592933654785 8.14402103424072 8.14030075073242 8.13831043243408 8.13974189758301 8.14151382446289 8.14367961883545 8.14326763153076 8.14108562469482 8.14436435699463 8.14975070953369 8.1526985168457 8.1552152633667 8.15491104125977 8.15462303161621 8.15499114990234 8.15541362762451 8.15601348876953 8.15655040740967 8.15697574615479 8.15739917755127 8.15782165527344 8.15829563140869 8.15880298614502 8.15939903259277 8.16002464294434 8.15950107574463 8.15882205963135 8.15860271453857 8.15835094451904 8.15788841247559 8.1574878692627 8.15725421905518 8.15706348419189 8.15693855285645 8.15693664550781 8.15704917907715 8.15701007843018
-9999 -9999 -9999 -9999 8.14385414123535 8.14699268341064 8.14884853363037 8.14870452880859 8.14867305755615 8.14644527435303 8.14457893371582 8.14409446716309 8.14332580566406 8.14199542999268 8.14312553405762 8.14709281921387 8.14865112304688 8.14855289459229 8.15043926239014 8.15309047698975 8.15425491333008 8.15515613555908 8.15204429626465 8.1492166519165 8.14949703216553 8.14980125427246 8.15018653869629 8.15091228485107 8.15223026275635 8.15357398986816 8.15494251251221 8.15598487854004 8.15682792663574 8.15768909454346 8.15855693817139 8.15728282928467 8.15571403503418 8.1544713973999 8.15320110321045 8.15176200866699 8.15042686462402 8.14938163757324 8.14891147613525 8.14932727813721 8.14973258972168 8.15012645721436 8.1507511138916
-9999 -9999 -9999 -9999 8.13684558868408 8.14273166656494 8.1451358795166 8.14884853363037 8.14859104156494 8.14530849456787 8.14332103729248 8.14628791809082 8.14830303192139 8.14843559265137 8.1488676071167 8.14964485168457 8.15018939971924 8.15057277679443 8.15177059173584 8.15328216552734 8.14432525634766 8.13352108001709 8.10488986968994 8.07905864715576 8.07981777191162 8.08029174804688 8.07984638214111 8.08590698242188 8.10332107543945 8.11962985992432 8.13480091094971 8.14094543457031 8.14159107208252 8.14201927185059 8.14237594604492 8.14169216156006 8.14075756072998 8.12495231628418 8.10892486572266 8.09148216247559 8.07397747039795 8.05630207061768 8.04574489593506 8.0461893081665 8.04640674591064 8.04641628265381 8.04679489135742
-9999 -9999 -9999 -9999 -9999 8.13684558868408 8.14009666442871 8.14142417907715 8.14559459686279 8.14216232299805 8.14068031311035 8.14666557312012 8.15100383758545 8.15208530426025 8.14912128448486 8.1414909362793 8.13398265838623 8.12656021118164 8.125 8.12570571899414 8.11047077178955 8.09242248535156 8.04803943634033 8.0079927444458 8.00889205932617 8.00933074951172 8.00827407836914 8.01773452758789 8.04554653167725 8.07110500335693 8.09434509277344 8.10303592681885 8.10286331176758 8.10286331176758 8.10291957855225 8.10277652740479 8.10243129730225 8.07784557342529 8.05294799804688 8.02606010437012 7.99888181686401 7.97089529037476 7.9540810585022 7.95453357696533 7.95459175109863 7.95428895950317 7.95472097396851
-9999 -9999 -9999 -9999 -9999 8.1371488571167 8.13684558868408 8.13326644897461 8.12982559204102 8.13020515441895 8.13197803497314 8.139084815979 8.1437292098999 8.14349842071533 8.12530708312988 8.08639144897461 8.03997230529785 7.98840093612671 7.97501516342163 7.97637367248535 7.97171306610107 7.96599006652832 7.94867372512817 7.9329400062561 7.93250560760498 7.93200731277466 7.93129920959473 7.93567085266113 7.9489049911499 7.95865249633789 7.96481227874756 7.96484231948853 7.9611382484436 7.96072578430176 7.9614109992981 7.96158933639526 7.96163988113403 7.95362186431885 7.94566440582275 7.9380898475647 7.92971992492676 7.91913604736328 7.91285562515259 7.91322660446167 7.91324710845947 7.91294479370117 7.91474962234497
-9999 -9999 8.13748550415039 8.13752174377441 8.13765335083008 8.13745212554932 8.13714790344238 8.12820434570312 8.11984729766846 8.12369155883789 8.12824153900146 8.13548851013184 8.13764667510986 8.12973499298096 8.09411239624023 8.02651500701904 7.95780277252197 7.88832426071167 7.87190437316895 7.87597179412842 7.87888622283936 7.88159656524658 7.88291454315186 7.8839545249939 7.88293313980103 7.88204050064087 7.88156604766846 7.88226556777954 7.88501214981079 7.88348245620728 7.87755250930786 7.87215948104858 7.86709356307983 7.86659002304077 7.86760759353638 7.86804389953613 7.8684229850769 7.87198877334595 7.8757472038269 7.88073444366455 7.88480424880981 7.88632106781006 7.88750505447388 7.88817358016968 7.88832712173462 7.88800764083862 7.89033937454224
-9999.000000000000000 -9999 -9999 -9999 8.13745975494385 8.13785362243652 8.13803863525391 8.12989521026611 8.12250232696533 8.12905597686768 8.13533878326416 8.14058303833008 8.1341667175293 8.10467433929443 8.04681301116943 7.95621871948242 7.90146970748901 7.871337890625 7.87106704711914 7.88232660293579 7.88627290725708 7.88892793655396 7.89047956466675 7.89184522628784 7.89186477661133 7.89176368713379 7.89127016067505 7.89138841629028 7.89257287979126 7.88965797424316 7.88252544403076 7.8787727355957 7.87707996368408 7.87718486785889 7.87788915634155 7.87844562530518 7.8790078163147 7.88328170776367 7.88735818862915 7.89017581939697 7.89279079437256 7.89484119415283 7.89679050445557 7.89858293533325 7.89924430847168 7.89886713027954 7.89987993240356
-9999 -9999 -9999 -9999 8.1370325088501 8.13707447052002 8.13761806488037 8.13130474090576 8.12570571899414 8.13270568847656 8.13896369934082 8.14238357543945 8.12625408172607 8.07144165039062 7.99980449676514 7.90875339508057 7.86923980712891 7.86511898040771 7.87393474578857 7.88774538040161 7.89260292053223 7.89588022232056 7.89733362197876 7.89864015579224 7.89905881881714 7.8992772102356 7.8988471031189 7.89851665496826 7.89835977554321 7.89515352249146 7.88880920410156 7.88658237457275 7.88686418533325 7.88737916946411 7.88797092437744 7.88879203796387 7.88966464996338 7.89333820343018 7.89669466018677 7.89803409576416 7.89945602416992 7.90110874176025 7.90277099609375 7.90444755554199 7.90516185760498 7.90499353408813 7.9049220085144
-9999 -9999 -9999 -9999 8.13662242889404 8.13617038726807 8.13561153411865 8.13236141204834 8.12959766387939 8.13419723510742 8.13822078704834 8.14003849029541 8.11276435852051 8.02792739868164 7.95315980911255 7.89001131057739 7.86733293533325 7.87244749069214 7.88146352767944 7.89198637008667 7.8976035118103 7.9023551940918 7.90329360961914 7.90405750274658 7.90406560897827 7.90401029586792 7.90374755859375 7.90313577651978 7.90191555023193 7.89979314804077 7.89674282073975 7.89589691162109 7.89639472961426 7.8970685005188 7.8978009223938 7.89906930923462 7.90041255950928 7.90183782577515 7.90316915512085 7.90389966964722 7.90445947647095 7.90454292297363 7.9045934677124 7.90459394454956 7.90479040145874 7.9051661491394 7.90430545806885
-9999 -9999 -9999 -9999 8.13617038726807 8.13549423217773 8.13470077514648 8.1348123550415 8.13513088226318 8.13781356811523 8.14009189605713 8.14082145690918 8.11415481567383 8.033278465271 7.95798921585083 7.88914489746094 7.86847448348999 7.88088703155518 7.889723777771 7.89718008041382 7.90142011642456 7.90509271621704 7.90599870681763 7.90678119659424 7.90703630447388 7.90720510482788 7.90709257125854 7.90646934509277 7.90495491027832 7.90362596511841 7.90248775482178 7.90231037139893 7.90271902084351 7.90338325500488 7.90413236618042 7.90518474578857 7.90627193450928 7.90635395050049 7.90647172927856 7.90681600570679 7.90660429000854 7.90484666824341 7.90368795394897 7.90345430374146 7.90373420715332 7.90448570251465 7.90349388122559
-9999 -9999 -9999 -9999 8.13545513153076 8.13470077514648 8.13662433624268 8.13830852508545 8.14189529418945 8.14302253723145 8.14392185211182 8.14394950866699 8.12670421600342 8.07528114318848 8.00142478942871 7.90168523788452 7.87190198898315 7.89016008377075 7.89853286743164 7.90308856964111 7.90434885025024 7.90502691268921 7.90626382827759 7.90748500823975 7.90847969055176 7.90924549102783 7.90927076339722 7.90883827209473 7.90760707855225 7.90685367584229 7.90659141540527 7.90654850006104 7.90663909912109 7.90716648101807 7.90783977508545 7.90817832946777 7.9084644317627 7.90788221359253 7.90739583969116 7.90751934051514 7.90660524368286 7.90280294418335 7.90073537826538 7.90134906768799 7.90216493606567 7.9031662940979 7.9025354385376
-9999 -9999 -9999 -9999 8.13470077514648 8.13609027862549 8.13747501373291 8.13867473602295 8.13955211639404 8.14130115509033 8.14299011230469 8.14444828033447 8.13353443145752 8.09813976287842 8.0256175994873 7.9102578163147 7.87365388870239 7.89113569259644 7.89976835250854 7.90498352050781 7.90551042556763 7.9052095413208 7.90527009963989 7.90534925460815 7.90551233291626 7.90564393997192 7.90567445755005 7.90617227554321 7.90748739242554 7.90823268890381 7.90839290618896 7.90833616256714 7.90814733505249 7.90847158432007 7.90896654129028 7.90772914886475 7.9062614440918 7.90606021881104 7.90583610534668 7.90546369552612 7.90423583984375 7.90062761306763 7.89863586425781 7.89914226531982 7.89966917037964 7.90021562576294 7.8997597694397
-9999 -9999 -9999 -9999 -9999 8.13555717468262 8.13555908203125 8.13544178009033 8.13330364227295 8.13660907745361 8.14001750946045 8.14381980895996 8.13791275024414 8.11279392242432 8.04156398773193 7.91712951660156 7.87468862533569 7.8885555267334 7.8977575302124 7.90515851974487 7.90591478347778 7.90549802780151 7.90373754501343 7.90199613571167 7.90065479278564 7.89962482452393 7.89960289001465 7.90134906768799 7.90617895126343 7.90881967544556 7.90920782089233 7.90907382965088 7.90862131118774 7.90871381759644 7.90898752212524 7.90580463409424 7.90217447280884 7.90280294418335 7.90321207046509 7.90222501754761 7.90085029602051 7.89839601516724 7.89690208435059 7.89689159393311 7.89677667617798 7.89656639099121 7.89620542526245
-9999 -9999 -9999 -9999 -9999 8.13389015197754 8.13363838195801 8.13256168365479 8.13268852233887 8.13477420806885 8.13739585876465 8.14207458496094 8.1369686126709 8.11250114440918 8.04157066345215 7.9170298576355 7.87432527542114 7.88782167434692 7.89726686477661 7.90514802932739 7.90615940093994 7.90595769882202 7.90313625335693 7.90018844604492 7.89666557312012 7.89329862594604 7.89043569564819 7.89111328125 7.8979697227478 7.90160465240479 7.9019250869751 7.90200519561768 7.90193891525269 7.90121173858643 7.90026378631592 7.89870548248291 7.89707612991333 7.89735221862793 7.8976902961731 7.89842510223389 7.89857912063599 7.89711713790894 7.89610719680786 7.89579677581787 7.89512205123901 7.89411354064941 7.89388799667358
-9999 -9999 -9999 -9999 -9999 8.13245582580566 8.13247299194336 8.13291168212891 8.13323879241943 8.13352966308594 8.13484764099121 8.14009857177734 8.13492202758789 8.10911560058594 8.03827953338623 7.91548728942871 7.87367296218872 7.88746976852417 7.89709091186523 7.90509939193726 7.90637063980103 7.90645313262939 7.9027271270752 7.89869976043701 7.89285612106323 7.88690900802612 7.88062715530396 7.87975788116455 7.88833236694336 7.8927755355835 7.89296674728394 7.89332151412964 7.89377593994141 7.8921070098877 7.88973045349121 7.89053535461426 7.89176893234253 7.8914475440979 7.89156913757324 7.89450883865356 7.89653825759888 7.89603519439697 7.89550685882568 7.8949408531189 7.893723487854 7.89190864562988 7.89182710647583
-9999 -9999 -9999 -9999 -9999 -9999 8.13125514984131 8.1319465637207 8.13201522827148 8.13307666778564 8.13481998443604 8.13916969299316 8.13375282287598 8.10901260375977 8.03773021697998 7.91274404525757 7.86999940872192 7.88373327255249 7.89404773712158 7.90304183959961 7.90361452102661 7.90270042419434 7.89835357666016 7.89362859725952 7.88638067245483 7.87890195846558 7.87067413330078 7.86692047119141 7.87097549438477 7.87299585342407 7.87292289733887 7.87317419052124 7.87362289428711 7.8727560043335 7.87144994735718 7.87223243713379 7.87333488464355 7.87878465652466 7.88425731658936 7.88987827301025 7.89397430419922 7.89382648468018 7.8935718536377 7.89315271377563 7.89235830307007 7.8912205696106 7.8885178565979
-9999 -9999 -9999 -9999 -9999 -9999 8.12932586669922 8.12890720367432 8.13053417205811 8.13253974914551 8.13485050201416 8.13832855224609 8.13246536254883 8.10811519622803 8.03633975982666 7.90984392166138 7.86644744873047 7.88011980056763 7.89110422134399 7.90105056762695 7.90074777603149 7.89863586425781 7.89359474182129 7.88811302185059 7.87949562072754 7.87067365646362 7.86118698120117 7.85504102706909 7.85472440719604 7.85441446304321 7.8541111946106 7.85411739349365 7.85431289672852 7.85421228408813 7.85401344299316 7.85464382171631 7.85546064376831 7.86613845825195 7.87641906738281 7.88416576385498 7.88991355895996 7.89009428024292 7.89013671875 7.88996362686157 7.88961124420166 7.88909435272217 7.88407373428345
-9999 -9999 -9999 -9999 -9999 -9999 8.12726402282715 8.12712478637695 8.12714672088623 8.1307201385498 8.13430500030518 8.13793277740479 8.12948989868164 8.09716510772705 8.02467632293701 7.90584468841553 7.86564159393311 7.87943696975708 7.89059162139893 7.90072679519653 7.8981237411499 7.89327239990234 7.8866229057312 7.87957286834717 7.86951494216919 7.86085748672485 7.85674285888672 7.85408306121826 7.85396099090576 7.85384368896484 7.85373163223267 7.85216665267944 7.8497166633606 7.84917545318604 7.84927034378052 7.84951543807983 7.84983015060425 7.85690546035767 7.86352586746216 7.86725282669067 7.87013101577759 7.87064790725708 7.87133264541626 7.87227630615234 7.87210321426392 7.87090444564819 7.86811780929565
-9999 -9999 -9999 -9999 -9999 8.12658214569092 8.1268138885498 8.12576007843018 8.12531852722168 8.12984943389893 8.13404083251953 8.13693523406982 8.12434005737305 8.08109569549561 8.00846385955811 7.90192270278931 7.86679315567017 7.88070583343506 7.89147901535034 7.90103912353516 7.89553499221802 7.8873724937439 7.8784384727478 7.86938047409058 7.85943555831909 7.85184669494629 7.85189867019653 7.85192632675171 7.85190963745117 7.85191488265991 7.85194158554077 7.84949016571045 7.8455286026001 7.84477663040161 7.84509420394897 7.84506797790527 7.84502220153809 7.8488392829895 7.85222387313843 7.85284948348999 7.85351848602295 7.85430669784546 7.85547542572021 7.85723209381104 7.85741233825684 7.85614538192749 7.85532426834106
-9999 -9999 -9999 -9999 8.12996768951416 8.12816429138184 8.12658214569092 8.12778663635254 8.12921047210693 8.13245487213135 8.13480472564697 8.13373279571533 8.11121273040771 8.04625225067139 7.97556924819946 7.89828252792358 7.87512111663818 7.88913106918335 7.89749765396118 7.90368556976318 7.89307737350464 7.87950563430786 7.865807056427 7.85313034057617 7.84899473190308 7.84578657150269 7.84558773040771 7.845374584198 7.84513664245605 7.84500455856323 7.84497976303101 7.84415292739868 7.84283638000488 7.84271717071533 7.84299755096436 7.84311771392822 7.84322881698608 7.84505462646484 7.84675455093384 7.8476505279541 7.84852743148804 7.84935235977173 7.85042381286621 7.8518762588501 7.85304880142212 7.85396480560303 7.85412645339966
