Ecospace-environmental-drivers/Outputs/ASCII-for-ecospace/MOM6-ISIMIP3a/ph-bot/1983-02_ph-bot_MOM6-ISIMIP3a.asc
NCOLS 131 
NROWS 53 
XLLCORNER -98 
YLLCORNER 23.9265270233154 
CELLSIZE 0.133587792515755 
NODATA_value -9999 
[rows 21 to 41 of 53, columns 0 to 46 of 131]
-9999 -9999 -9999 -9999 -9999 -9999 8.26207542419434 8.26166439056396 8.26039886474609 8.25869655609131 8.25529098510742 8.25478649139404 8.25314044952393 8.24823760986328 8.24484252929688 8.24318695068359 8.23996925354004 8.23567771911621 8.23226833343506 8.22920036315918 8.22593212127686 8.22262954711914 8.21902275085449 8.21572494506836 8.21505737304688 8.21427059173584 8.21309947967529 8.21157932281494 8.20945072174072 8.20776176452637 8.20652675628662 8.20557308197021 8.20479011535645 8.20349884033203 8.20203685760498 8.20049571990967 8.19894409179688 8.19737148284912 8.19567108154297 8.19315528869629 8.19103717803955 8.19002723693848 8.18887424468994 8.18750095367432 8.18680191040039 8.18672370910645 8.1857442855835
-9999 -9999 -9999 -9999 -9999 -9999 8.26206111907959 8.26207542419434 8.26125335693359 8.25957107543945 8.25869655609131 8.25238990783691 8.24616241455078 8.24009132385254 8.23607444763184 8.23442935943604 8.23023796081543 8.2242956161499 8.21947956085205 8.21509647369385 8.21147441864014 8.20798683166504 8.203857421875 8.20014762878418 8.20004558563232 8.19979190826416 8.1990442276001 8.19790935516357 8.19609451293945 8.19501495361328 8.1946907043457 8.19397258758545 8.19301509857178 8.1913366317749 8.18941783905029 8.18528366088867 8.18087768554688 8.1812047958374 8.18136310577393 8.18045520782471 8.17993927001953 8.18051528930664 8.18056011199951 8.17978286743164 8.17881298065186 8.17766666412354 8.17493534088135
-9999 -9999 -9999 -9999 8.26084327697754 8.26160049438477 8.26220417022705 8.26190376281738 8.26207542419434 8.26043128967285 8.257080078125 8.24719619750977 8.23827075958252 8.23124027252197 8.22669315338135 8.22501277923584 8.21990585327148 8.21244525909424 8.20628261566162 8.2006196975708 8.19603729248047 8.1916446685791 8.18515777587891 8.17937755584717 8.17987060546875 8.18018817901611 8.17993927001953 8.17959403991699 8.17908096313477 8.17940235137939 8.18058204650879 8.18035984039307 8.17928409576416 8.17735290527344 8.17513656616211 8.16864109039307 8.1616153717041 8.16312885284424 8.16439056396484 8.16404151916504 8.16410255432129 8.16530323028564 8.16600036621094 8.16592121124268 8.16477298736572 8.16264533996582 8.15827369689941
-9999 -9999 -9999 -9999 8.25922012329102 8.26035022735596 8.26099681854248 8.26220417022705 8.26143169403076 8.25159645080566 8.24173927307129 8.23179817199707 8.22297096252441 8.21635055541992 8.21194076538086 8.21008205413818 8.20599269866943 8.20037078857422 8.19567012786865 8.19132423400879 8.17572116851807 8.15813255310059 8.11713981628418 8.08016681671143 8.08095073699951 8.08162498474121 8.08194255828857 8.08823013305664 8.1049337387085 8.11944007873535 8.13168716430664 8.13623714447021 8.13609981536865 8.13614082336426 8.1362419128418 8.13376712799072 8.13087177276611 8.11895847320557 8.10602951049805 8.08662414550781 8.06827926635742 8.05288791656494 8.04412078857422 8.04558944702148 8.04671001434326 8.04751110076904 8.04686069488525
-9999 -9999 -9999 -9999 -9999 8.25922012329102 8.25897789001465 8.25978946685791 8.25903034210205 8.24234199523926 8.22700214385986 8.21682453155518 8.20788192749023 8.20138359069824 8.19322204589844 8.18314075469971 8.17246723175049 8.16138553619385 8.15609741210938 8.15304565429688 8.13116455078125 8.10596084594727 8.04382514953613 7.98772192001343 7.98863410949707 7.98951005935669 7.99026966094971 8.00092124938965 8.02883625030518 8.05202484130859 8.07034969329834 8.07741832733154 8.07763004302979 8.07907772064209 8.0809383392334 8.08152389526367 8.081787109375 8.06163120269775 8.04001045227051 8.00905990600586 7.97947597503662 7.95369625091553 7.93904399871826 7.94158840179443 7.94428968429565 7.94713544845581 7.94945812225342
-9999 -9999 -9999 -9999 -9999 8.25484848022461 8.25922012329102 8.25469970703125 8.24892616271973 8.23124408721924 8.21490573883057 8.20371150970459 8.19371223449707 8.18607616424561 8.15711212158203 8.10353660583496 8.05294609069824 8.00440406799316 7.98954343795776 7.9876880645752 7.98031759262085 7.97197389602661 7.9472804069519 7.92494821548462 7.92527198791504 7.92567300796509 7.92632246017456 7.931396484375 7.94419193267822 7.95192909240723 7.9544620513916 7.95416355133057 7.95213937759399 7.95251226425171 7.95368337631226 7.95311832427979 7.95227909088135 7.94661140441895 7.94041585922241 7.93085670471191 7.92145299911499 7.91248226165771 7.90764331817627 7.90918970108032 7.91045761108398 7.91147041320801 7.91348457336426
-9999 -9999 8.24596309661865 8.24684524536133 8.24757385253906 8.2504711151123 8.25485324859619 8.24790859222412 8.23962688446045 8.2226676940918 8.20674419403076 8.19478321075439 8.18058776855469 8.16196823120117 8.11251831054688 8.02749443054199 7.95525932312012 7.89180707931519 7.87504577636719 7.87631320953369 7.87916278839111 7.88229179382324 7.88335990905762 7.88427352905273 7.88427448272705 7.88439083099365 7.8848819732666 7.8859748840332 7.88811826705933 7.88522386550903 7.87714672088623 7.87224578857422 7.86928033828735 7.86903238296509 7.86968994140625 7.86864137649536 7.86739492416382 7.87148714065552 7.87564134597778 7.8801908493042 7.88420343399048 7.88672113418579 7.88868951797485 7.88980913162231 7.89024305343628 7.89004802703857 7.89162921905518
-9999.000000000000000 -9999 -9999 -9999 8.24249172210693 8.24467754364014 8.24200820922852 8.23740482330322 8.23208713531494 8.21959400177002 8.20716571807861 8.19498443603516 8.16974258422852 8.1186580657959 8.04941654205322 7.95922374725342 7.90521335601807 7.876051902771 7.87412738800049 7.88271999359131 7.88642930984497 7.8892765045166 7.89062023162842 7.89181804656982 7.89207315444946 7.89232158660889 7.89254760742188 7.89314270019531 7.8943829536438 7.89137315750122 7.88399124145508 7.88052177429199 7.87943506240845 7.87955951690674 7.88008785247803 7.88000917434692 7.87987327575684 7.8834080696106 7.88683891296387 7.88960790634155 7.89227867126465 7.89467477798462 7.89689159393311 7.89883136749268 7.89973926544189 7.89970016479492 7.90057802200317
-9999 -9999 -9999 -9999 8.23599624633789 8.23232555389404 8.23312950134277 8.23002529144287 8.22622966766357 8.21673202514648 8.20674705505371 8.19489288330078 8.15944957733154 8.0773286819458 7.99488878250122 7.91208124160767 7.87507200241089 7.86951446533203 7.87636756896973 7.88801288604736 7.89252042770386 7.89576816558838 7.8971152305603 7.89831304550171 7.89861965179443 7.89885473251343 7.89885902404785 7.89890480041504 7.8990216255188 7.89644813537598 7.89110612869263 7.88916492462158 7.88929605484009 7.8897852897644 7.89039373397827 7.8908257484436 7.89124822616577 7.89377021789551 7.89614200592041 7.89755296707153 7.89903163909912 7.90069723129272 7.90236330032349 7.90403079986572 7.90500116348267 7.9053316116333 7.90547275543213
-9999 -9999 -9999 -9999 8.23165512084961 8.23098468780518 8.23015785217285 8.22657775878906 8.22248935699463 8.21413612365723 8.2052698135376 8.19443321228027 8.14984893798828 8.03848838806152 7.95114755630493 7.89152097702026 7.86997175216675 7.87457275390625 7.88258028030396 7.89190340042114 7.89713287353516 7.90164041519165 7.90264749526978 7.903489112854 7.90359020233154 7.90362930297852 7.90346813201904 7.90289783477783 7.90161514282227 7.90017080307007 7.89856052398682 7.89827156066895 7.89878749847412 7.89963150024414 7.90058469772339 7.9009485244751 7.90123510360718 7.90217256546021 7.90306234359741 7.90364646911621 7.90412092208862 7.90429067611694 7.90440130233765 7.90441989898682 7.90493488311768 7.90590524673462 7.9052677154541
-9999 -9999 -9999 -9999 8.23098468780518 8.22998332977295 8.22880744934082 8.22562503814697 8.22179794311523 8.21237754821777 8.20282649993896 8.19277191162109 8.15031242370605 8.04373359680176 7.95564889907837 7.88890218734741 7.86908197402954 7.88148832321167 7.88981771469116 7.89657258987427 7.90087127685547 7.90473651885986 7.90565204620361 7.90644454956055 7.90675067901611 7.90696144104004 7.90686321258545 7.90620517730713 7.90457057952881 7.90378093719482 7.9038610458374 7.90419673919678 7.90468788146973 7.90549898147583 7.90641689300537 7.90664529800415 7.90677738189697 7.90670967102051 7.90667057037354 7.90681314468384 7.90645456314087 7.90470170974731 7.90353202819824 7.90326404571533 7.90382194519043 7.90513801574707 7.90432453155518
-9999 -9999 -9999 -9999 8.22992515563965 8.22880744934082 8.22700691223145 8.22654438018799 8.22339534759521 8.21124744415283 8.19965839385986 8.19021034240723 8.1583251953125 8.08204364776611 7.9963321685791 7.89974069595337 7.87135028839111 7.88979768753052 7.89782381057739 7.90182590484619 7.90395402908325 7.90575170516968 7.90676116943359 7.9077353477478 7.90855360031128 7.9092116355896 7.909348487854 7.90899801254272 7.90779733657837 7.90730667114258 7.907546043396 7.90773582458496 7.9078950881958 7.90838289260864 7.90897989273071 7.90902328491211 7.90898561477661 7.90834712982178 7.90779447555542 7.9077844619751 7.90672159194946 7.90272569656372 7.90048313140869 7.9009485244751 7.90192317962646 7.90336513519287 7.90282773971558
-9999 -9999 -9999 -9999 8.22880744934082 8.22787666320801 8.22733116149902 8.22705268859863 8.22557067871094 8.21061897277832 8.19681358337402 8.18739700317383 8.16523170471191 8.11784172058105 8.03559303283691 7.91312217712402 7.87363767623901 7.89114332199097 7.89933776855469 7.90393686294556 7.9053750038147 7.90625476837158 7.90596580505371 7.90568876266479 7.90572547912598 7.90578460693359 7.90591859817505 7.90648317337036 7.907799243927 7.90864896774292 7.90901899337769 7.90912866592407 7.90908002853394 7.9093279838562 7.9096736907959 7.90853643417358 7.90720176696777 7.90694332122803 7.90664672851562 7.90610313415527 7.90466833114624 7.90075206756592 7.89854145050049 7.89896583557129 7.8996434211731 7.90055370330811 7.90011501312256
-9999 -9999 -9999 -9999 -9999 8.22829246520996 8.22836208343506 8.22839546203613 8.22799396514893 8.21020603179932 8.19410705566406 8.18447494506836 8.17166423797607 8.15256309509277 8.07424354553223 7.92759370803833 7.87593269348145 7.88950443267822 7.89806938171387 7.90470170974731 7.90608358383179 7.90653944015503 7.90435409545898 7.90221214294434 7.90091180801392 7.89992475509644 7.89995336532593 7.90169334411621 7.90641832351685 7.90905523300171 7.90954303741455 7.90960168838501 7.90939903259277 7.90944194793701 7.90956687927246 7.90682220458984 7.90370655059814 7.90423631668091 7.90452527999878 7.90328454971313 7.90162038803101 7.89877986907959 7.89707469940186 7.89712572097778 7.89720058441162 7.89729738235474 7.89688062667847
-9999 -9999 -9999 -9999 -9999 8.22896766662598 8.2291841506958 8.22963809967041 8.22812843322754 8.20874691009521 8.19133281707764 8.1814432144165 8.17075443267822 8.15848159790039 8.08158302307129 7.93011665344238 7.87609338760376 7.88898992538452 7.89777326583862 7.90496873855591 7.90640163421631 7.90681791305542 7.90369081497192 7.90045166015625 7.8969202041626 7.89355659484863 7.89073657989502 7.89135932922363 7.89799165725708 7.90155696868896 7.90196704864502 7.90217685699463 7.90226459503174 7.90160369873047 7.9006929397583 7.89953804016113 7.89835834503174 7.89838790893555 7.89850425720215 7.89917516708374 7.89922857284546 7.89756298065186 7.8964524269104 7.89620018005371 7.89569664001465 7.89496231079102 7.89472055435181
-9999 -9999 -9999 -9999 -9999 8.22867012023926 8.22935676574707 8.22951984405518 8.2277889251709 8.20707225799561 8.18854331970215 8.17838859558105 8.16832542419434 8.1584415435791 8.08244514465332 7.93016672134399 7.87581300735474 7.88870811462402 7.89767837524414 7.90513277053833 7.90663862228394 7.90709495544434 7.90322399139404 7.89904594421387 7.89309883117676 7.88708353042603 7.88084650039673 7.87987852096558 7.88810682296753 7.89242362976074 7.89271545410156 7.89311790466309 7.89358854293823 7.89211988449097 7.89000511169434 7.8911018371582 7.89262628555298 7.89188957214355 7.89167642593384 7.89479923248291 7.89697265625 7.89650249481201 7.89600467681885 7.89546394348145 7.89438724517822 7.89281845092773 7.89278268814087
-9999 -9999 -9999 -9999 -9999 -9999 8.22746849060059 8.22891330718994 8.22724056243896 8.20601940155029 8.18713283538818 8.17717742919922 8.16725254058838 8.15738868713379 8.08041954040527 7.92602014541626 7.87123918533325 7.8848705291748 7.89472007751465 7.90310955047607 7.9039888381958 7.90354299545288 7.89905738830566 7.8941764831543 7.88674306869507 7.87911415100098 7.87085056304932 7.86700248718262 7.87086009979248 7.87278604507446 7.87272357940674 7.87297344207764 7.87341403961182 7.87261772155762 7.87140941619873 7.8723464012146 7.87360811233521 7.87875604629517 7.88402843475342 7.89009428024292 7.89451217651367 7.89434289932251 7.8940863609314 7.89369583129883 7.89305734634399 7.89219188690186 7.88925218582153
-9999 -9999 -9999 -9999 -9999 -9999 8.22412300109863 8.22397232055664 8.22598838806152 8.20454025268555 8.185546875 8.17594337463379 8.16565132141113 8.15399551391602 8.07595634460449 7.92132139205933 7.86683940887451 7.88113784790039 7.89181089401245 7.90108442306519 7.90118265151978 7.89966154098511 7.89448356628418 7.88883781433105 7.87996053695679 7.87091207504272 7.86131048202515 7.85507297515869 7.85470676422119 7.85433435440063 7.85395574569702 7.85392045974731 7.8540940284729 7.85393905639648 7.85367393493652 7.85433101654053 7.85518503189087 7.86568737030029 7.87590503692627 7.88430786132812 7.89051818847656 7.89062356948853 7.89063310623169 7.89049291610718 7.8903169631958 7.89010810852051 7.88459730148315
-9999 -9999 -9999 -9999 -9999 -9999 8.21879959106445 8.219482421875 8.21732807159424 8.19821166992188 8.18143272399902 8.17360401153564 8.15777397155762 8.12611484527588 8.04687595367432 7.91273784637451 7.86634874343872 7.88022041320801 7.89078807830811 7.90007925033569 7.89808320999146 7.8940954208374 7.88733720779419 7.8801441192627 7.86983203887939 7.86094617843628 7.85668516159058 7.85390996932983 7.85372686386108 7.85354852676392 7.85337495803833 7.85180425643921 7.84938287734985 7.84882545471191 7.84888935089111 7.84913444519043 7.84945297241211 7.85648250579834 7.8631067276001 7.86714649200439 7.87026023864746 7.87079572677612 7.8715033531189 7.87247705459595 7.87253618240356 7.87175750732422 7.86870574951172
-9999 -9999 -9999 -9999 -9999 8.21672344207764 8.2139835357666 8.21294498443604 8.20799255371094 8.19159507751465 8.1772928237915 8.17101001739502 8.14901828765869 8.09594058990479 8.01600933074951 7.90509366989136 7.86773061752319 7.8808798789978 7.89096546173096 7.89986801147461 7.8951153755188 7.88795232772827 7.87893295288086 7.86975431442261 7.85958957672119 7.85179996490479 7.85171127319336 7.8516263961792 7.85154819488525 7.85149812698364 7.851478099823 7.84904289245605 7.84513664245605 7.84439325332642 7.84470462799072 7.84466361999512 7.84460210800171 7.84847927093506 7.8519172668457 7.85256052017212 7.8532657623291 7.85414266586304 7.85537576675415 7.85715818405151 7.85759782791138 7.85680437088013 7.85591506958008
-9999 -9999 -9999 -9999 8.22402667999268 8.21820449829102 8.21672344207764 8.20678520202637 8.19618320465088 8.18392562866211 8.17305374145508 8.16748714447021 8.137038230896 8.05735683441162 7.9785943031311 7.90089225769043 7.87597942352295 7.88731956481934 7.89554452896118 7.90256690979004 7.89262771606445 7.87969589233398 7.86591672897339 7.85314559936523 7.84892845153809 7.84565830230713 7.84545755386353 7.84523487091064 7.84497261047363 7.84481239318848 7.84475708007812 7.84391498565674 7.84259414672852 7.84245920181274 7.84272003173828 7.84285306930542 7.84298133850098 7.84488105773926 7.84662961959839 7.84741926193237 7.84823656082153 7.84913015365601 7.85025310516357 7.85173034667969 7.85307931900024 7.85431098937988 7.85449600219727
