Ecospace-environmental-drivers/Outputs/ASCII-for-ecospace/MOM6-ISIMIP3a/ph-bot/1983-03_ph-bot_MOM6-ISIMIP3a.asc
NCOLS 131 
NROWS 53 
XLLCORNER -98 
YLLCORNER 23.9265270233154 
CELLSIZE 0.133587792515755 
NODATA_value -9999 
[rows 21 to 41 of 53, columns 47 to 93 of 131]
8.175537109375 8.17379283905029 8.17239665985107 8.17255878448486 8.17289066314697 8.17348670959473 8.17371940612793 8.1721076965332 8.1702127456665 8.16763305664062 8.1655101776123 8.16401481628418 8.15369892120361 8.13616561889648 8.06523990631104 7.96902275085449 7.91416597366333 7.86919212341309 7.87106227874756 7.87609815597534 7.88037109375 7.88594722747803 7.89697647094727 7.90314722061157 7.89906167984009 7.89526987075806 7.89183664321899 7.889000415802 7.88659954071045 7.88215208053589 7.87685775756836 7.87575721740723 7.87548065185547 7.88457059860229 7.89379501342773 7.90094089508057 7.9028902053833 7.88656997680664 7.87369918823242 7.86723327636719 7.86494636535645 7.86721277236938 7.87343645095825 7.88222074508667 7.89711761474609 7.91421031951904 7.9573187828064
8.1678352355957 8.16184616088867 8.15519142150879 8.15465354919434 8.15477275848389 8.15569686889648 8.15302181243896 8.13203620910645 8.11688804626465 8.11583614349365 8.10270118713379 8.07297992706299 8.04720687866211 8.02466583251953 7.97671747207642 7.91673421859741 7.88851594924927 7.86788749694824 7.87614917755127 7.88596534729004 7.88951921463013 7.89381647109985 7.90122222900391 7.90427303314209 7.89812850952148 7.89345836639404 7.89059019088745 7.88694620132446 7.88273811340332 7.87880611419678 7.87498807907104 7.87343883514404 7.87233591079712 7.87522411346436 7.87832593917847 7.88207244873047 7.88376760482788 7.87824869155884 7.87673759460449 7.88266897201538 7.88320827484131 7.87787342071533 7.87562036514282 7.8753604888916 7.88072109222412 7.88810014724731 7.92064380645752
8.15443515777588 8.14365100860596 8.13097763061523 8.12981986999512 8.12985706329346 8.13033771514893 8.12426090240479 8.0848331451416 8.0571117401123 8.05765533447266 8.03407001495361 7.9773588180542 7.93733501434326 7.91096544265747 7.88698387145996 7.86413335800171 7.86382961273193 7.8689136505127 7.88321685791016 7.897301197052 7.89898061752319 7.90108060836792 7.90494155883789 7.90506744384766 7.89730882644653 7.89196872711182 7.88958549499512 7.88502168655396 7.87886905670166 7.87542247772217 7.87309598922729 7.87146282196045 7.86996650695801 7.86589670181274 7.86208772659302 7.86175966262817 7.86279392242432 7.86861944198608 7.87889099121094 7.89741945266724 7.90128993988037 7.88919115066528 7.87951946258545 7.87141895294189 7.86783027648926 7.86586141586304 7.88734340667725
8.05476379394531 8.03536319732666 8.01066875457764 8.00863456726074 8.00847625732422 7.99636030197144 7.9833345413208 7.96568012237549 7.95268869400024 7.95095634460449 7.93938112258911 7.91429376602173 7.89647674560547 7.88460826873779 7.87683343887329 7.8709979057312 7.87550497055054 7.882483959198 7.89170980453491 7.9006175994873 7.90264272689819 7.90463733673096 7.90650367736816 7.90531396865845 7.89767456054688 7.89242458343506 7.89009523391724 7.88494300842285 7.87773466110229 7.87407207489014 7.87187767028809 7.86891746520996 7.86580610275269 7.86320114135742 7.86080360412598 7.86025094985962 7.8602933883667 7.86243009567261 7.86664772033691 7.87473058700562 7.87607669830322 7.87008333206177 7.87230014801025 7.87982892990112 7.87991905212402 7.87733697891235 7.8810658454895
7.96539783477783 7.94187545776367 7.91106414794922 7.90878677368164 7.90869283676147 7.8886890411377 7.87198257446289 7.87205028533936 7.87110662460327 7.86772203445435 7.86603164672852 7.86666774749756 7.86703491210938 7.86718225479126 7.872154712677 7.87941312789917 7.88648223876953 7.89350652694702 7.89807415008545 7.90234041213989 7.90467882156372 7.90655899047852 7.90652227401733 7.90430927276611 7.89750337600708 7.89275741577148 7.89053010940552 7.88489818572998 7.87678718566895 7.87292385101318 7.87082004547119 7.86683893203735 7.86248874664307 7.86108064651489 7.85983324050903 7.85909414291382 7.85831785202026 7.85740947723389 7.85662984848022 7.85609006881714 7.85532665252686 7.85432052612305 7.86499834060669 7.8832368850708 7.88604164123535 7.88330268859863 7.8762469291687
7.92121887207031 7.91327667236328 7.90223789215088 7.90249919891357 7.90360736846924 7.89635848999023 7.89030456542969 7.89033174514771 7.88967657089233 7.88737487792969 7.88625001907349 7.8867392539978 7.88765382766724 7.88891553878784 7.89146661758423 7.89462852478027 7.89439868927002 7.89335823059082 7.89510345458984 7.89707612991333 7.89958190917969 7.90130805969238 7.89977264404297 7.89781761169434 7.89497518539429 7.89255094528198 7.89063692092896 7.88500261306763 7.87665796279907 7.87266159057617 7.87046527862549 7.8668098449707 7.86286735534668 7.86148071289062 7.86023807525635 7.85948133468628 7.85864210128784 7.85751104354858 7.85636711120605 7.85520029067993 7.85414886474609 7.85322332382202 7.857337474823 7.86471176147461 7.86600303649902 7.86510944366455 7.87782144546509
7.89346122741699 7.89567804336548 7.89768838882446 7.89952421188354 7.90132188796997 7.90257215499878 7.90367221832275 7.90400648117065 7.90382957458496 7.90241622924805 7.90158748626709 7.90156030654907 7.90190315246582 7.90254926681519 7.90277147293091 7.90279245376587 7.89826345443726 7.89264678955078 7.89266681671143 7.89321184158325 7.8957724571228 7.89736223220825 7.89489126205444 7.89276599884033 7.89137172698975 7.8898720741272 7.88824367523193 7.88324499130249 7.87579154968262 7.87179565429688 7.86923122406006 7.86632251739502 7.86334609985352 7.86200332641602 7.860764503479 7.85994577407837 7.85900592803955 7.85763931274414 7.85618734359741 7.85457563400269 7.85329914093018 7.85238742828369 7.85201168060303 7.85198211669922 7.8521900177002 7.85248279571533 7.87644624710083
7.90153312683105 7.90208148956299 7.90247058868408 7.90377712249756 7.90514469146729 7.90561008453369 7.90622997283936 7.90763139724731 7.90834474563599 7.90739583969116 7.90627717971802 7.90492486953735 7.90225601196289 7.89851045608521 7.89660501480103 7.8955717086792 7.89328813552856 7.89070606231689 7.89139461517334 7.89240169525146 7.89477157592773 7.89626455307007 7.89408445358276 7.8908576965332 7.88542079925537 7.88179922103882 7.88039493560791 7.87742519378662 7.87331581115723 7.86961364746094 7.86608028411865 7.8648362159729 7.86404228210449 7.86279392242432 7.86155605316162 7.86057806015015 7.85945558547974 7.85782623291016 7.85618734359741 7.85452938079834 7.85316562652588 7.85212135314941 7.85178136825562 7.85189723968506 7.85196018218994 7.85200357437134 7.8686351776123
7.90539979934692 7.90462493896484 7.90374851226807 7.90430545806885 7.90501308441162 7.90584087371826 7.90684080123901 7.90871858596802 7.90967845916748 7.90842151641846 7.9063868522644 7.90328407287598 7.89852714538574 7.89241647720337 7.88965654373169 7.88848352432251 7.88752794265747 7.88662385940552 7.88761758804321 7.88882684707642 7.89127492904663 7.89288187026978 7.89096832275391 7.88759517669678 7.88114070892334 7.87692642211914 7.87544965744019 7.8736834526062 7.87170600891113 7.86842727661133 7.86460971832275 7.86429595947266 7.86467123031616 7.86359357833862 7.86244583129883 7.86113977432251 7.85969161987305 7.85774326324463 7.85592699050903 7.85435485839844 7.85301685333252 7.85193347930908 7.8516206741333 7.85180711746216 7.8518214225769 7.8517746925354 7.86135816574097
7.90397500991821 7.9023118019104 7.90061807632446 7.90014696121216 7.89990711212158 7.90253925323486 7.90500354766846 7.90661382675171 7.90700960159302 7.90447378158569 7.90073537826538 7.89534664154053 7.88966274261475 7.88373804092407 7.88172388076782 7.88156223297119 7.88077974319458 7.87984848022461 7.88068866729736 7.88177347183228 7.88463687896729 7.88662481307983 7.88494682312012 7.88262891769409 7.87896156311035 7.87607955932617 7.87415742874146 7.87255525588989 7.87118577957153 7.86849355697632 7.86525440216064 7.86494636535645 7.86521482467651 7.86440324783325 7.86345911026001 7.86161279678345 7.85965776443481 7.8573203086853 7.85533905029297 7.85401821136475 7.85284900665283 7.8518443107605 7.8515477180481 7.85170984268188 7.85179853439331 7.85186100006104 7.85475301742554
7.90264081954956 7.90050649642944 7.89827966690063 7.89809274673462 7.89818239212036 7.9001030921936 7.90182256698608 7.90251779556274 7.90213346481323 7.89914035797119 7.89446687698364 7.88748550415039 7.8820652961731 7.87792205810547 7.87665843963623 7.87675857543945 7.87618970870972 7.87546062469482 7.8762412071228 7.87725019454956 7.88007879257202 7.8822226524353 7.88149881362915 7.88030815124512 7.87813234329224 7.87597513198853 7.87384033203125 7.87228965759277 7.87116479873657 7.86864137649536 7.86553955078125 7.86510705947876 7.86520004272461 7.86443710327148 7.86352682113647 7.86148023605347 7.85936164855957 7.85698747634888 7.85503673553467 7.85387229919434 7.85281753540039 7.85188245773315 7.85157012939453 7.85166025161743 7.85176801681519 7.85188150405884 7.85096788406372
7.90137386322021 7.89908170700073 7.89653539657593 7.89761686325073 7.89899349212646 7.8983154296875 7.89763307571411 7.8969292640686 7.89560174942017 7.89276838302612 7.88773536682129 7.8796820640564 7.87541770935059 7.87425374984741 7.87374353408813 7.87354326248169 7.87321853637695 7.87286376953125 7.87365388870239 7.87462472915649 7.87708044052124 7.87921142578125 7.87998104095459 7.87997102737427 7.87831544876099 7.8764271736145 7.87425470352173 7.87267208099365 7.87151861190796 7.86885070800781 7.86555480957031 7.86490058898926 7.86476564407349 7.86388921737671 7.86288452148438 7.86089372634888 7.85886859893799 7.85672187805176 7.8549485206604 7.85386896133423 7.85288858413696 7.85201644897461 7.85166358947754 7.851646900177 7.851731300354 7.85185289382935 7.84929752349854
7.89905261993408 7.89747047424316 7.89572286605835 7.8970832824707 7.89862823486328 7.89654541015625 7.89412212371826 7.88996934890747 7.8864049911499 7.8842625617981 7.87967109680176 7.87171840667725 7.86811876296997 7.868079662323 7.86806583404541 7.86806344985962 7.86815738677979 7.86827373504639 7.86916446685791 7.87024927139282 7.87339448928833 7.87618160247803 7.87747144699097 7.87800979614258 7.87696218490601 7.87552976608276 7.87362766265869 7.87221765518188 7.87116670608521 7.86831045150757 7.86470651626587 7.863609790802 7.86300563812256 7.86210346221924 7.86114358901978 7.85972785949707 7.85826349258423 7.85662841796875 7.85518550872803 7.85409784317017 7.85311031341553 7.85223197937012 7.85180425643921 7.85166835784912 7.8517017364502 7.85179567337036 7.84875822067261
7.89627933502197 7.89578008651733 7.89530992507935 7.89652585983276 7.89775848388672 7.89478254318237 7.89090204238892 7.88242149353027 7.87606573104858 7.87484216690063 7.87103652954102 7.86368656158447 7.86053991317749 7.86083221435547 7.86120414733887 7.86161327362061 7.86220026016235 7.86282968521118 7.86385917663574 7.86512422561646 7.86941337585449 7.87314367294312 7.87453603744507 7.87535190582275 7.87494993209839 7.87405347824097 7.87255382537842 7.87140512466431 7.87051248550415 7.86744928359985 7.8634877204895 7.8618540763855 7.86067724227905 7.85978746414185 7.85893201828003 7.85831356048584 7.85761022567749 7.85660934448242 7.85556173324585 7.85442686080933 7.85339689254761 7.85248136520386 7.85196447372437 7.85170459747314 7.85167407989502 7.85172557830811 7.84870433807373
7.89466667175293 7.89442539215088 7.89411449432373 7.8948130607605 7.89551162719727 7.89340972900391 7.8894190788269 7.87582111358643 7.8659405708313 7.86503791809082 7.86277294158936 7.85863876342773 7.85699796676636 7.85739707946777 7.85787153244019 7.8583812713623 7.85900497436523 7.85965585708618 7.86071395874023 7.86193656921387 7.86514186859131 7.86782503128052 7.86831951141357 7.86859464645386 7.86840629577637 7.86808395385742 7.86759757995605 7.86696529388428 7.86622667312622 7.86398077011108 7.86111116409302 7.85952711105347 7.85819578170776 7.85739755630493 7.85666751861572 7.85640430450439 7.85608625411987 7.85557460784912 7.85501003265381 7.85434818267822 7.8534984588623 7.85244512557983 7.85189437866211 7.85166883468628 7.85164260864258 7.85168838500977 7.8486795425415
7.89329433441162 7.89314031600952 7.89275693893433 7.89286184310913 7.89298009872437 7.89211750030518 7.88829517364502 7.8694167137146 7.85586023330688 7.85515403747559 7.85458612442017 7.85420799255371 7.85429096221924 7.85475063323975 7.85526895523071 7.85581541061401 7.8563814163208 7.85695266723633 7.85801601409912 7.85914945602417 7.86081123352051 7.8620343208313 7.86142349243164 7.86098861694336 7.86092519760132 7.86118459701538 7.86183834075928 7.86177492141724 7.86118936538696 7.85997295379639 7.85849475860596 7.8570818901062 7.85568189620972 7.85499286651611 7.85439205169678 7.85439300537109 7.85438203811646 7.85432910919189 7.85426616668701 7.85418510437012 7.85356187820435 7.85234928131104 7.85177659988403 7.85161828994751 7.85161066055298 7.85165739059448 7.84866046905518
7.88542985916138 7.88425397872925 7.88383722305298 7.8836841583252 7.88334703445435 7.8773136138916 7.87034368515015 7.85860776901245 7.85024833679199 7.85004043579102 7.85074996948242 7.85271787643433 7.85370016098022 7.85387563705444 7.85415935516357 7.85449409484863 7.85478687286377 7.85507011413574 7.8557243347168 7.85643625259399 7.85761594772339 7.85856676101685 7.85855913162231 7.85854053497314 7.85849905014038 7.85861968994141 7.85893869400024 7.85881328582764 7.85836410522461 7.85722732543945 7.85580539703369 7.85482215881348 7.85392475128174 7.85351991653442 7.85316896438599 7.85316324234009 7.85315418243408 7.85313367843628 7.85316610336304 7.85329580307007 7.85300922393799 7.85226964950562 7.8518705368042 7.85169172286987 7.85165500640869 7.85166931152344 7.84875202178955
7.8769211769104 7.87482976913452 7.87437200546265 7.87402391433716 7.87331438064575 7.86253786087036 7.85279655456543 7.84832096099854 7.84523105621338 7.84548759460449 7.84728240966797 7.85118913650513 7.85300350189209 7.85310554504395 7.85322237014771 7.85334539413452 7.85337400436401 7.85337972640991 7.85362863540649 7.85392475128174 7.85466909408569 7.85538244247437 7.85596418380737 7.85634756088257 7.85631370544434 7.85627174377441 7.85622119903564 7.85602045059204 7.85571050643921 7.85465431213379 7.85328960418701 7.85273456573486 7.85233879089355 7.85220432281494 7.85208892822266 7.85206460952759 7.85204362869263 7.85203170776367 7.85212755203247 7.85242319107056 7.85244941711426 7.85218238830566 7.85195970535278 7.85176610946655 7.85170221328735 7.85168552398682 7.84883785247803
7.86464643478394 7.8632960319519 7.86270046234131 7.86266613006592 7.8624062538147 7.85451173782349 7.84760236740112 7.84570455551147 7.84442329406738 7.84463024139404 7.84566783905029 7.84784603118896 7.85016918182373 7.85261106491089 7.85341453552246 7.85344171524048 7.85340356826782 7.85334968566895 7.85342693328857 7.85352754592896 7.85382843017578 7.8541111946106 7.85431814193726 7.85441541671753 7.85428190231323 7.85416984558105 7.85408306121826 7.85396528244019 7.85382556915283 7.8533182144165 7.85265827178955 7.85239887237549 7.85221862792969 7.85211992263794 7.8520302772522 7.85199546813965 7.85195636749268 7.85190439224243 7.8519229888916 7.85207271575928 7.85210466384888 7.85200691223145 7.85189962387085 7.85178565979004 7.85173988342285 7.85171842575073 7.84881258010864
7.8548378944397 7.85380077362061 7.85271739959717 7.85275793075562 7.85272598266602 7.84762048721313 7.84336805343628 7.84345483779907 7.84355688095093 7.84369468688965 7.84411334991455 7.84491682052612 7.84739351272583 7.85124015808105 7.85245227813721 7.8524169921875 7.85233402252197 7.85223960876465 7.85217618942261 7.85211849212646 7.85210609436035 7.85208320617676 7.8520188331604 7.85191345214844 7.85172033309937 7.85157871246338 7.85150003433228 7.85147094726562 7.85147857666016 7.851393699646 7.85127067565918 7.85123872756958 7.85122537612915 7.85117292404175 7.85112333297729 7.85111141204834 7.85110569000244 7.85112333297729 7.85126161575317 7.85162305831909 7.85182332992554 7.85184860229492 7.85182952880859 7.85178279876709 7.85149240493774 7.85111379623413 7.84840869903564
7.85407161712646 7.85177755355835 7.84892416000366 7.84816551208496 7.84754610061646 7.84488964080811 7.84265327453613 7.84255027770996 7.8424768447876 7.84247398376465 7.84277868270874 7.84350490570068 7.84483289718628 7.84665393829346 7.84725666046143 7.84728240966797 7.84723472595215 7.84716987609863 7.84707927703857 7.8470025062561 7.84715270996094 7.84728193283081 7.84732627868652 7.84732151031494 7.84721326828003 7.84719514846802 7.84728670120239 7.8473653793335 7.84743499755859 7.84731101989746 7.84710741043091 7.84705495834351 7.84703207015991 7.84706354141235 7.84710645675659 7.84724044799805 7.84745407104492 7.84794759750366 7.84892654418945 7.85080718994141 7.85177659988403 7.85175371170044 7.85172653198242 7.85169649124146 7.85019731521606 7.8481707572937 7.84661769866943
