Ecospace-environmental-drivers/Outputs/ASCII-for-ecospace/MOM6-ISIMIP3a/ph-bot/1983-07_ph-bot_MOM6-ISIMIP3a.asc
NCOLS 131 
NROWS 53 
XLLCORNER -98 
YLLCORNER 23.9265270233154 
CELLSIZE 0.133587792515755 
NODATA_value -9999 
[rows 21 to 41 of 53, columns 47 to 93 of 131]
8.14549922943115 8.14633655548096 8.14702892303467 8.14725208282471 8.1473274230957 8.14469432830811 8.14262962341309 8.14345741271973 8.14433002471924 8.14531326293945 8.14717864990234 8.15025806427002 8.15027332305908 8.14778137207031 8.07377815246582 7.96590232849121 7.90967178344727 7.86578035354614 7.86874675750732 7.87486410140991 7.87998676300049 7.88611364364624 7.89644432067871 7.90290880203247 7.90121221542358 7.89835500717163 7.89407920837402 7.89045906066895 7.88731575012207 7.88253784179688 7.87708187103271 7.87581157684326 7.87536382675171 7.88387966156006 7.89264392852783 7.90059471130371 7.90292549133301 7.88549709320068 7.87182760238647 7.86513948440552 7.86267423629761 7.86481142044067 7.87036228179932 7.87812232971191 7.89522504806519 7.91568374633789 7.95154237747192
8.1469030380249 8.14659976959229 8.14589405059814 8.1461877822876 8.14652442932129 8.14526844024658 8.1409912109375 8.12133884429932 8.10786056518555 8.10928630828857 8.09622573852539 8.06327629089355 8.04168033599854 8.02937412261963 7.98070859909058 7.91482019424438 7.88540124893188 7.86469650268555 7.87434816360474 7.88557052612305 7.88930606842041 7.89367198944092 7.90067958831787 7.90397596359253 7.89943838119507 7.89542007446289 7.89203596115112 7.88766050338745 7.88256216049194 7.87851572036743 7.87490510940552 7.87341928482056 7.87235116958618 7.87466287612915 7.87722635269165 7.88102674484253 7.88279151916504 7.87739992141724 7.87599754333496 7.88200330734253 7.88256406784058 7.87719249725342 7.87460327148438 7.87381410598755 7.88026762008667 7.88932275772095 7.91797018051147
8.14149379730225 8.13926124572754 8.13615703582764 8.1364278793335 8.13700866699219 8.13663959503174 8.12991619110107 8.09087085723877 8.06383991241455 8.06582260131836 8.03849697113037 7.97093820571899 7.92889642715454 7.90773248672485 7.88562965393066 7.86308145523071 7.86194038391113 7.86591482162476 7.88191699981689 7.89773797988892 7.89889717102051 7.90056324005127 7.90435361862183 7.9046630859375 7.89762353897095 7.89262533187866 7.8901219367981 7.88492631912231 7.87777042388916 7.87444067001343 7.87269592285156 7.87132835388184 7.87003469467163 7.86550045013428 7.86117172241211 7.86002349853516 7.86072969436646 7.86795711517334 7.87929058074951 7.89824962615967 7.90240621566772 7.89043474197388 7.88080024719238 7.87267780303955 7.86858129501343 7.86593151092529 7.88652229309082
8.04284954071045 8.02936840057373 8.01168537139893 8.01054954528809 8.01069164276123 7.99961805343628 7.98740863800049 7.9694242477417 7.95616149902344 7.95430135726929 7.94042205810547 7.91004228591919 7.89106512069702 7.88141679763794 7.87468338012695 7.86933040618896 7.87371969223022 7.88043737411499 7.8911304473877 7.90148448944092 7.90293169021606 7.90436267852783 7.90572738647461 7.9044771194458 7.89770793914795 7.89274597167969 7.88999319076538 7.88455057144165 7.87714862823486 7.87361812591553 7.87169075012207 7.86875343322754 7.8656177520752 7.86282062530518 7.86021900177002 7.85940170288086 7.85938453674316 7.86217784881592 7.86698150634766 7.87551736831665 7.877037525177 7.87091302871704 7.87289047241211 7.8801097869873 7.88040590286255 7.87821483612061 7.88138151168823
7.95536088943481 7.93526124954224 7.90893888473511 7.90710306167603 7.90711545944214 7.88935470581055 7.87437057495117 7.87350606918335 7.87154293060303 7.86692428588867 7.86424732208252 7.86423635482788 7.86424875259399 7.86428022384644 7.86963748931885 7.87751722335815 7.88489103317261 7.89214420318604 7.89769744873047 7.90291357040405 7.90493249893188 7.90641498565674 7.90565204620361 7.90323448181152 7.89732360839844 7.8927903175354 7.88994121551514 7.88430166244507 7.8766303062439 7.8729076385498 7.87082052230835 7.8666524887085 7.86207580566406 7.86071062088013 7.85952806472778 7.85897207260132 7.85834503173828 7.85746812820435 7.85686635971069 7.85677433013916 7.85609674453735 7.85478162765503 7.865065574646 7.88285446166992 7.88636636734009 7.88475036621094 7.87734746932983
7.91678714752197 7.91036510467529 7.90145587921143 7.90201568603516 7.90324592590332 7.89641809463501 7.89054489135742 7.88952541351318 7.88803577423096 7.88541126251221 7.88410139083862 7.884596824646 7.88573217391968 7.88739156723022 7.89046192169189 7.89420127868652 7.89339590072632 7.89150524139404 7.89265871047974 7.89418029785156 7.89801788330078 7.90080976486206 7.89922618865967 7.89735698699951 7.89488458633423 7.89250087738037 7.89022445678711 7.88461065292358 7.87656497955322 7.87268972396851 7.8705415725708 7.86662864685059 7.8623685836792 7.8610954284668 7.8599853515625 7.85938262939453 7.85864734649658 7.85744762420654 7.85637092590332 7.85552310943604 7.85457372665405 7.85351419448853 7.85761117935181 7.86504411697388 7.86661577224731 7.86608171463013 7.8781681060791
7.89288234710693 7.89529037475586 7.89773654937744 7.89968204498291 7.90152549743652 7.90200042724609 7.90230798721313 7.9017653465271 7.90106964111328 7.90000200271606 7.89957237243652 7.90001916885376 7.90091800689697 7.90218734741211 7.90288066864014 7.90330219268799 7.89780139923096 7.8908863067627 7.88936138153076 7.888587474823 7.89335107803345 7.89676856994629 7.89455366134644 7.89264440536499 7.89137983322144 7.88986873626709 7.8880558013916 7.88307952880859 7.87579917907715 7.87181854248047 7.8692045211792 7.86603784561157 7.86276245117188 7.86159944534302 7.8605523109436 7.85987377166748 7.85902309417725 7.85756921768188 7.85610914230347 7.85463809967041 7.85343933105469 7.85253810882568 7.8523645401001 7.85266160964966 7.85291433334351 7.85315132141113 7.87632417678833
7.90098190307617 7.90164279937744 7.90222787857056 7.90335655212402 7.90449380874634 7.90435028076172 7.90444660186768 7.90576124191284 7.90655517578125 7.90609169006348 7.90548038482666 7.90466642379761 7.90236282348633 7.89884042739868 7.89695930480957 7.89585638046265 7.89326238632202 7.89031219482422 7.88986492156982 7.88984775543213 7.89358854293823 7.8961386680603 7.89370727539062 7.89047431945801 7.88554859161377 7.88212490081787 7.8805365562439 7.87753486633301 7.87350368499756 7.8695216178894 7.86556005477905 7.86421203613281 7.86337804794312 7.86236238479614 7.86135911941528 7.86054134368896 7.85955953598022 7.8580002784729 7.85635566711426 7.85455226898193 7.85315370559692 7.85219764709473 7.8519344329834 7.85211944580078 7.85241079330444 7.85274028778076 7.86866617202759
7.90475034713745 7.90412759780884 7.90338850021362 7.90392065048218 7.90456485748291 7.90471363067627 7.90519952774048 7.9074010848999 7.90873241424561 7.90796232223511 7.90637540817261 7.90366649627686 7.89911937713623 7.89306831359863 7.89012289047241 7.88864850997925 7.8876748085022 7.88682079315186 7.88706922531128 7.88755178451538 7.89034271240234 7.89224720001221 7.89044141769409 7.88730525970459 7.88136053085327 7.87737226486206 7.87577533721924 7.87397623062134 7.87202882766724 7.86818504333496 7.86355638504028 7.86332988739014 7.86396932601929 7.86315822601318 7.86226749420166 7.86112689971924 7.85984230041504 7.8580527305603 7.85624265670776 7.85439586639404 7.85298252105713 7.85204172134399 7.85171699523926 7.85179042816162 7.85206317901611 7.85240793228149 7.86158418655396
7.90306901931763 7.90174627304077 7.90035915374756 7.90057229995728 7.90099239349365 7.90257692337036 7.90420818328857 7.90607643127441 7.90674686431885 7.90452671051025 7.90096473693848 7.89556217193604 7.88997793197632 7.88424587249756 7.88213491439819 7.88173913955688 7.88076734542847 7.87965822219849 7.88012170791626 7.88078117370605 7.88271427154541 7.88425159454346 7.88413143157959 7.88287973403931 7.87923860549927 7.87638235092163 7.87448453903198 7.87291574478149 7.87158632278442 7.86805725097656 7.86361694335938 7.86363506317139 7.86452913284302 7.86399459838867 7.86330366134644 7.86160945892334 7.85980749130249 7.85762786865234 7.85567712783813 7.85415172576904 7.85295534133911 7.85211753845215 7.85176610946655 7.85172891616821 7.85191202163696 7.85217428207397 7.85522603988647
7.90168905258179 7.89998579025269 7.89821577072144 7.89883804321289 7.89970779418945 7.90063810348511 7.90155172348022 7.90237903594971 7.90214157104492 7.89933347702026 7.89471483230591 7.88761186599731 7.88224744796753 7.87830495834351 7.87701416015625 7.8769793510437 7.87617588043213 7.87518835067749 7.87580156326294 7.87659120559692 7.87835264205933 7.87994813919067 7.88085079193115 7.8807520866394 7.87853860855103 7.87638187408447 7.87429571151733 7.87273454666138 7.87155532836914 7.86806011199951 7.86360645294189 7.86368274688721 7.86464929580688 7.86414098739624 7.86344861984253 7.8614935874939 7.85946416854858 7.85717105865479 7.85523128509521 7.85394811630249 7.85292863845825 7.85219669342041 7.85183191299438 7.85170459747314 7.85177612304688 7.85191822052002 7.85133075714111
7.90053462982178 7.89869117736816 7.89673709869385 7.89831495285034 7.90013933181763 7.89884805679321 7.89764642715454 7.8969030380249 7.8955717086792 7.892822265625 7.88783550262451 7.87977743148804 7.87557411193848 7.87452459335327 7.87404346466064 7.8738317489624 7.87332057952881 7.87273836135864 7.873450756073 7.87433576583862 7.87644004821777 7.87841415405273 7.87984228134155 7.88034772872925 7.87890386581421 7.87712383270264 7.87493324279785 7.8732123374939 7.87183284759521 7.86816215515137 7.8635425567627 7.86353731155396 7.86443853378296 7.86376953125 7.86292505264282 7.86092948913574 7.85888910293579 7.85668992996216 7.8548755645752 7.85377550125122 7.85290288925171 7.85227823257446 7.85191059112549 7.85170888900757 7.85165071487427 7.85164451599121 7.84928274154663
7.89832401275635 7.89708995819092 7.89581489562988 7.89744520187378 7.89921951293945 7.89684104919434 7.89416074752808 7.8899450302124 7.88635110855103 7.88425731658936 7.87973690032959 7.8718843460083 7.86836814880371 7.86839962005615 7.86841344833374 7.86841869354248 7.86839628219604 7.86836671829224 7.86906766891479 7.86997270584106 7.87312269210815 7.87594747543335 7.87741041183472 7.87810707092285 7.87718534469604 7.87585163116455 7.87401437759399 7.87255859375 7.87138080596924 7.86779737472534 7.86321783065796 7.8626651763916 7.86290407180786 7.86212730407715 7.86125087738037 7.85976076126099 7.85821056365967 7.85644817352295 7.8549280166626 7.85385751724243 7.85295867919922 7.85224628448486 7.85184717178345 7.85165023803711 7.85156393051147 7.85151672363281 7.84859704971313
7.89565992355347 7.89535760879517 7.89513158798218 7.89642715454102 7.89772033691406 7.89474153518677 7.89085483551025 7.88235235214233 7.8759937286377 7.87481260299683 7.87111616134644 7.86396598815918 7.86093330383301 7.86126947402954 7.86164331436157 7.86203479766846 7.86258459091187 7.86317205429077 7.86381340026855 7.86470603942871 7.86920309066772 7.87308073043823 7.87436819076538 7.87507915496826 7.87457370758057 7.87371587753296 7.87242841720581 7.87142038345337 7.87061595916748 7.86723279953003 7.86278104782104 7.86148166656494 7.86080169677734 7.85994052886963 7.85908365249634 7.85833311080933 7.85748767852783 7.85630893707275 7.85515546798706 7.85404920578003 7.85304927825928 7.85216569900513 7.85172319412231 7.85156536102295 7.8514928817749 7.85145092010498 7.84849500656128
7.89419364929199 7.89405727386475 7.89388704299927 7.89464330673218 7.89538955688477 7.89330625534058 7.88934755325317 7.87584781646729 7.86603021621704 7.86510229110718 7.86286067962646 7.85881376266479 7.85724592208862 7.85770511627197 7.85825777053833 7.85885381698608 7.85950613021851 7.86017227172852 7.86094188690186 7.86187839508057 7.86514902114868 7.86798906326294 7.86902475357056 7.86961650848389 7.86927175521851 7.86870241165161 7.86785793304443 7.86709785461426 7.86639881134033 7.86397981643677 7.86084794998169 7.85952043533325 7.85854721069336 7.85768604278564 7.85687208175659 7.85647869110107 7.85601949691772 7.8553318977356 7.85462379455566 7.85387849807739 7.85301399230957 7.85201930999756 7.85156726837158 7.85146617889404 7.85145330429077 7.85147190093994 7.84849643707275
7.89297485351562 7.89284658432007 7.89252710342407 7.89270114898682 7.8928861618042 7.89200878143311 7.88821268081665 7.86956882476807 7.85614776611328 7.85533761978149 7.85468053817749 7.85423421859741 7.85433340072632 7.85487842559814 7.85557174682617 7.85633563995361 7.85699367523193 7.85762643814087 7.85856294631958 7.85955572128296 7.86106777191162 7.86243629455566 7.86320495605469 7.86365079879761 7.86341381072998 7.86309289932251 7.86266994476318 7.86211633682251 7.8614673614502 7.86017084121704 7.85860586166382 7.85739850997925 7.85626173019409 7.85541820526123 7.85465145111084 7.8545355796814 7.85439777374268 7.85418128967285 7.85393476486206 7.85363292694092 7.85295248031616 7.85185956954956 7.85140514373779 7.85136413574219 7.8514199256897 7.85151052474976 7.84851932525635
7.885094165802 7.883957862854 7.883629322052 7.88347482681274 7.88312530517578 7.87704849243164 7.87004947662354 7.85835790634155 7.85003900527954 7.84986352920532 7.85062646865845 7.85267877578735 7.85371208190918 7.85391187667847 7.85428333282471 7.85473680496216 7.85511636734009 7.85547876358032 7.85619735717773 7.85696840286255 7.85815143585205 7.8592381477356 7.85992288589478 7.86034393310547 7.86020660400391 7.86003255844116 7.85981273651123 7.85944414138794 7.85896778106689 7.85772180557251 7.8561577796936 7.85525178909302 7.85447454452515 7.85391998291016 7.85341596603394 7.85331916809082 7.85321187973022 7.85306739807129 7.85295629501343 7.85290718078613 7.85256385803223 7.85189914703369 7.85157299041748 7.85146570205688 7.85149621963501 7.85157632827759 7.84865570068359
7.87659740447998 7.8745551109314 7.87420129776001 7.87377786636353 7.87297487258911 7.86212635040283 7.85230016708374 7.84767389297485 7.84452629089355 7.84494829177856 7.84693717956543 7.85107612609863 7.85298156738281 7.85306024551392 7.85317707061768 7.85331201553345 7.85341548919678 7.85351133346558 7.85399007797241 7.85452079772949 7.85542058944702 7.85626125335693 7.85685348510742 7.85724067687988 7.85719585418701 7.8571515083313 7.85710763931274 7.85691595077515 7.85661602020264 7.85542345046997 7.85386180877686 7.85326147079468 7.85285043716431 7.85257911682129 7.85232973098755 7.85224151611328 7.85215044021606 7.85205221176147 7.85204553604126 7.85220861434937 7.85217666625977 7.85193300247192 7.85173559188843 7.85156869888306 7.85157442092896 7.85164213180542 7.8487868309021
7.8647141456604 7.86333847045898 7.86271381378174 7.8625431060791 7.86213731765747 7.8541374206543 7.84710121154785 7.84496688842773 7.84356832504272 7.84394836425781 7.84516334533691 7.84752464294434 7.84999227523804 7.85254621505737 7.85334300994873 7.85330677032471 7.85328912734985 7.85327625274658 7.85346651077271 7.85368490219116 7.85411548614502 7.85452365875244 7.8548378944397 7.85504055023193 7.85500764846802 7.85496711730957 7.8549165725708 7.85481834411621 7.85468435287476 7.85408020019531 7.85328149795532 7.85295677185059 7.85272550582886 7.85254383087158 7.85237407684326 7.85229873657227 7.85220956802368 7.85207271575928 7.85199403762817 7.8520245552063 7.85196495056152 7.851806640625 7.85168647766113 7.85159063339233 7.85161972045898 7.85169363021851 7.84880495071411
7.85520505905151 7.85405588150024 7.8528094291687 7.85269021987915 7.85249996185303 7.84728336334229 7.84288549423218 7.84265565872192 7.84257984161377 7.8428750038147 7.84343481063843 7.84435749053955 7.8470025062561 7.85105609893799 7.85227060317993 7.85213947296143 7.85205841064453 7.85198974609375 7.85197019577026 7.85196018218994 7.85204744338989 7.85213470458984 7.85222434997559 7.8522744178772 7.85224151611328 7.85221099853516 7.85218381881714 7.85217952728271 7.85219144821167 7.85204839706421 7.85184144973755 7.85173416137695 7.851646900177 7.85156202316284 7.85148811340332 7.85151386260986 7.85150146484375 7.85135459899902 7.8513708114624 7.85168838500977 7.85180473327637 7.85170125961304 7.85163545608521 7.85159349441528 7.85137844085693 7.85110139846802 7.84844207763672
7.85440015792847 7.85186576843262 7.84871053695679 7.84790515899658 7.84726476669312 7.84459018707275 7.84227609634399 7.84179735183716 7.84147596359253 7.84153461456299 7.84187412261963 7.8425989151001 7.8440113067627 7.84598588943481 7.84665679931641 7.84671068191528 7.84677743911743 7.84684705734253 7.84690713882446 7.84697532653809 7.8471794128418 7.84735584259033 7.8474178314209 7.84743404388428 7.84735345840454 7.84735727310181 7.84746360778809 7.84755659103394 7.84764051437378 7.84749269485474 7.84724950790405 7.84714651107788 7.84707117080688 7.8471097946167 7.84719085693359 7.8476414680481 7.84798097610474 7.84793138504028 7.84864902496338 7.85079288482666 7.85183382034302 7.85167360305786 7.85157871246338 7.85152673721313 7.85008716583252 7.84814882278442 7.84668350219727
