Ecospace-environmental-drivers/Outputs/ASCII-for-ecospace/MOM6-ISIMIP3a/ph-bot/1983-05_ph-bot_MOM6-ISIMIP3a.asc
NCOLS 131 
NROWS 53 
XLLCORNER -98 
YLLCORNER 23.9265270233154 
CELLSIZE 0.133587792515755 
NODATA_value -9999 
[rows 21 to 41 of 53, columns 0 to 46 of 131]
-9999 -9999 -9999 -9999 -9999 -9999 8.1492805480957 8.14932823181152 8.14945411682129 8.14945793151855 8.14870834350586 8.1457576751709 8.14681625366211 8.14997005462646 8.15236186981201 8.15387630462646 8.15158176422119 8.14667224884033 8.14981555938721 8.15606784820557 8.16292953491211 8.16989994049072 8.16625690460205 8.16288566589355 8.16370964050293 8.16446304321289 8.16498374938965 8.16542148590088 8.16571426391602 8.16553783416748 8.16487884521484 8.16388416290283 8.16268348693848 8.16208362579346 8.16168308258057 8.16183376312256 8.16206073760986 8.16237735748291 8.16277122497559 8.16365718841553 8.16435527801514 8.16452789306641 8.16434288024902 8.16360378265381 8.1643123626709 8.16635131835938 8.16828536987305
-9999 -9999 -9999 -9999 -9999 -9999 8.14931201934814 8.1492805480957 8.14937591552734 8.14970397949219 8.14945793151855 8.15090847015381 8.15304088592529 8.15652084350586 8.15957736968994 8.16214561462402 8.16153430938721 8.15873908996582 8.16122531890869 8.16575050354004 8.17034149169922 8.1749439239502 8.17106819152832 8.16748523712158 8.16789054870605 8.16815280914307 8.16794681549072 8.1676082611084 8.16703605651855 8.16621208190918 8.16512870788574 8.1646203994751 8.16446399688721 8.16376972198486 8.16289520263672 8.16132164001465 8.1596622467041 8.15960693359375 8.15968894958496 8.16064834594727 8.16158866882324 8.1624755859375 8.16311264038086 8.16336631774902 8.16426849365234 8.16576480865479 8.16742134094238
-9999 -9999 -9999 -9999 8.15110969543457 8.14997959136963 8.14926528930664 8.14939022064209 8.1492805480957 8.1494722366333 8.15060329437256 8.1553258895874 8.15962505340576 8.16308689117432 8.1665620803833 8.17005252838135 8.17098426818848 8.17015933990479 8.17199897766113 8.17486763000488 8.1764497756958 8.17780494689941 8.17187786102295 8.16645050048828 8.16651630401611 8.16636943817139 8.16553497314453 8.16488838195801 8.16457271575928 8.16417121887207 8.16368389129639 8.16403770446777 8.16490459442139 8.16401767730713 8.16254615783691 8.1591682434082 8.15554141998291 8.15395641326904 8.15256977081299 8.15244674682617 8.1525411605835 8.15324211120605 8.15429878234863 8.15590476989746 8.15727996826172 8.15844345092773 8.1599645614624
-9999 -9999 -9999 -9999 8.15361404418945 8.15157985687256 8.15069389343262 8.14926528930664 8.14962387084961 8.15418529510498 8.15861415863037 8.16253852844238 8.16576099395752 8.16759586334229 8.16897964477539 8.16984367370605 8.17008399963379 8.16989612579346 8.17085552215576 8.1722583770752 8.1652946472168 8.15685558319092 8.11532211303711 8.07768821716309 8.07859134674072 8.07929515838623 8.07935047149658 8.08593845367432 8.10392570495605 8.12289237976074 8.14286613464355 8.14992618560791 8.14911937713623 8.14741897583008 8.14542007446289 8.14298534393311 8.14037609100342 8.12176990509033 8.1030445098877 8.0835542678833 8.06487083435059 8.04843235015869 8.03949737548828 8.04215908050537 8.04461002349854 8.04686737060547 8.04951477050781
-9999 -9999 -9999 -9999 -9999 8.15361404418945 8.15274429321289 8.15212249755859 8.1512336730957 8.15833377838135 8.16463279724121 8.16786670684814 8.17003726959229 8.17010688781738 8.16593170166016 8.15685939788818 8.14890575408936 8.14172077178955 8.14024829864502 8.14098072052002 8.12853908538818 8.11377239227295 8.05033874511719 7.9928994178772 7.99428844451904 7.99551630020142 7.99622011184692 8.00755882263184 8.03745460510254 8.06849956512451 8.1007251739502 8.11162662506104 8.10953617095947 8.10747337341309 8.10542011260986 8.10378551483154 8.10201263427734 8.0728702545166 8.04344081878662 8.01217746734619 7.98203134536743 7.95499801635742 7.93984270095825 7.94304418563843 7.94606924057007 7.94893169403076 7.95240783691406
-9999 -9999 -9999 -9999 -9999 8.15429782867432 8.15361404418945 8.15597724914551 8.15839672088623 8.16001033782959 8.16191387176514 8.16493225097656 8.16616344451904 8.16385841369629 8.13891696929932 8.08785533905029 8.03881454467773 7.99116182327271 7.9804515838623 7.98400545120239 7.97953224182129 7.97364187240601 7.94840717315674 7.92553281784058 7.92586469650269 7.92618703842163 7.92647886276245 7.93167877197266 7.94544363021851 7.9566068649292 7.96509218215942 7.96726846694946 7.96560144424438 7.96515989303589 7.96512699127197 7.96366405487061 7.9619345664978 7.95068740844727 7.93964433670044 7.92990112304688 7.9203724861145 7.91143941879272 7.90659856796265 7.9080810546875 7.90948057174683 7.91080331802368 7.91381216049194
-9999 -9999 8.15581893920898 8.15563488006592 8.15543365478516 8.15498161315918 8.154296875 8.15782451629639 8.16122531890869 8.1605396270752 8.16051387786865 8.16301727294922 8.16070365905762 8.14885807037354 8.10325622558594 8.01870346069336 7.94673347473145 7.88340425491333 7.87067794799805 7.87749147415161 7.87921953201294 7.88005018234253 7.88103103637695 7.88187551498413 7.88155841827393 7.88136911392212 7.88159561157227 7.88250350952148 7.88460111618042 7.88200998306274 7.87459421157837 7.87100076675415 7.8697361946106 7.87039709091187 7.87169933319092 7.87060260772705 7.86919450759888 7.87055778503418 7.87239265441895 7.87722730636597 7.88156270980835 7.88450622558594 7.88656997680664 7.88727331161499 7.88775253295898 7.88802623748779 7.89035797119141
-9999.000000000000000 -9999 -9999 -9999 8.1564884185791 8.15588665008545 8.15630340576172 8.1552906036377 8.1545991897583 8.15856742858887 8.16198921203613 8.16332530975342 8.15178298950195 8.11476135253906 8.04873085021973 7.94922924041748 7.8939471244812 7.86903285980225 7.87004852294922 7.88107681274414 7.88515090942383 7.8879976272583 7.88905048370361 7.88994789123535 7.88987302780151 7.89003229141235 7.89094877243042 7.89159393310547 7.89176416397095 7.88878774642944 7.88257312774658 7.87965774536133 7.87875175476074 7.87938165664673 7.88052368164062 7.88022089004517 7.87973976135254 7.88218450546265 7.8848762512207 7.88914108276367 7.89260673522949 7.89384651184082 7.89537572860718 7.89735126495361 7.89844942092896 7.89874267578125 7.89994049072266
-9999 -9999 -9999 -9999 8.15792274475098 8.15859794616699 8.15818691253662 8.15394878387451 8.15040111541748 8.15731906890869 8.16278457641602 8.16268730163574 8.14031982421875 8.07388401031494 7.99540615081787 7.90303134918213 7.86500597000122 7.86430406570435 7.87301015853882 7.88534927368164 7.89089727401733 7.89524698257446 7.89640522003174 7.89738464355469 7.89745330810547 7.89770174026489 7.89853143692017 7.89857149124146 7.89723443984985 7.89447641372681 7.89025688171387 7.88833141326904 7.88780355453491 7.88853168487549 7.88967847824097 7.88995361328125 7.89012336730957 7.89244031906128 7.89488458633423 7.89813947677612 7.90056848526001 7.90069961547852 7.90148687362671 7.90328884124756 7.90435075759888 7.90473365783691 7.90501642227173
-9999 -9999 -9999 -9999 8.1589412689209 8.1592845916748 8.15970802307129 8.15410614013672 8.14925861358643 8.15698337554932 8.16272163391113 8.16086101531982 8.125657081604 8.0244779586792 7.94359111785889 7.88611841201782 7.86606359481812 7.87170600891113 7.88048982620239 7.89048671722412 7.89641141891479 7.9016170501709 7.90292263031006 7.90402173995972 7.90410995483398 7.90412187576294 7.90388584136963 7.90289163589478 7.90057420730591 7.89879465103149 7.89756870269775 7.89702653884888 7.89690065383911 7.89788913726807 7.89924907684326 7.89982938766479 7.90030336380005 7.90097188949585 7.90177917480469 7.90346908569336 7.9046516418457 7.90442276000977 7.90420866012573 7.90401792526245 7.90421915054321 7.9047794342041 7.90442371368408
-9999 -9999 -9999 -9999 8.1592845916748 8.15979766845703 8.16039943695068 8.1555643081665 8.15135669708252 8.15749263763428 8.16203498840332 8.16048240661621 8.12702369689941 8.03043460845947 7.9496488571167 7.88709783554077 7.86879873275757 7.88088893890381 7.8894624710083 7.89667844772339 7.90102434158325 7.90486431121826 7.90618753433228 7.90736293792725 7.90776348114014 7.9078950881958 7.90715789794922 7.90583992004395 7.90350914001465 7.90243721008301 7.90266132354736 7.90279293060303 7.90286779403687 7.90376138687134 7.9049277305603 7.90559339523315 7.90618371963501 7.90590810775757 7.90576219558716 7.90644311904907 7.90654850006104 7.90505123138428 7.9038610458374 7.90314531326294 7.90318727493286 7.9039249420166 7.90337753295898
-9999 -9999 -9999 -9999 8.15982723236084 8.16039943695068 8.15896224975586 8.15799808502197 8.15588474273682 8.15863513946533 8.16088008880615 8.16119003295898 8.14041328430176 8.07791328430176 7.99911069869995 7.90149784088135 7.87279224395752 7.89140748977661 7.89955520629883 7.90366077423096 7.90496206283569 7.90576887130737 7.90701293945312 7.90823221206665 7.90916395187378 7.90968322753906 7.90886735916138 7.90775918960571 7.90613985061646 7.90557336807251 7.90608978271484 7.90636253356934 7.90648651123047 7.90701866149902 7.90768718719482 7.90827322006226 7.90883874893188 7.90814781188965 7.90756225585938 7.90765047073364 7.90680456161499 7.90335845947266 7.90121078491211 7.9010705947876 7.90148067474365 7.90239477157593 7.9019923210144
-9999 -9999 -9999 -9999 8.16039943695068 8.1613597869873 8.16158103942871 8.16188621520996 8.16108322143555 8.15952110290527 8.15860271453857 8.16015243530273 8.14723491668701 8.10569381713867 8.02919483184814 7.91235971450806 7.87575244903564 7.89424085617065 7.90221977233887 7.90614032745361 7.90673875808716 7.90675067901611 7.90635013580322 7.90600204467773 7.90616655349731 7.90619897842407 7.90580224990845 7.90585708618164 7.9067006111145 7.90735721588135 7.90782117843628 7.90793371200562 7.90783214569092 7.90812873840332 7.9085578918457 7.90777730941772 7.90683603286743 7.90670299530029 7.90652465820312 7.90605306625366 7.90476226806641 7.90119123458862 7.89900922775269 7.89897346496582 7.89922761917114 7.89974737167358 7.89935302734375
-9999 -9999 -9999 -9999 -9999 8.16398143768311 8.1644983291626 8.1648588180542 8.16656970977783 8.16029644012451 8.15584564208984 8.15836715698242 8.15124320983887 8.12503242492676 8.0509729385376 7.92170476913452 7.8782696723938 7.89378023147583 7.90170049667358 7.90668964385986 7.90758895874023 7.90776634216309 7.9050498008728 7.90244388580322 7.90128517150879 7.90045499801636 7.90069007873535 7.9023175239563 7.90637445449829 7.90856170654297 7.9088249206543 7.9086480140686 7.908203125 7.90831804275513 7.90861940383911 7.90592098236084 7.90283632278442 7.90367984771729 7.9042706489563 7.90325355529785 7.90173482894897 7.89882135391235 7.89699983596802 7.89686679840088 7.89674091339111 7.8966212272644 7.8961763381958
-9999 -9999 -9999 -9999 -9999 8.16509819030762 8.16586589813232 8.16674900054932 8.16633987426758 8.16012954711914 8.1558084487915 8.15871620178223 8.15166664123535 8.12491512298584 8.05081939697266 7.92209577560425 7.87863636016846 7.89373159408569 7.90190982818604 7.90741777420044 7.90817928314209 7.90810298919678 7.90450716018677 7.90085458755493 7.89737033843994 7.89398670196533 7.8909273147583 7.89137840270996 7.89795637130737 7.90148496627808 7.90187454223633 7.90189790725708 7.90169811248779 7.90107822418213 7.90031814575195 7.89912462234497 7.89788198471069 7.89809560775757 7.89836120605469 7.89895915985107 7.89897632598877 7.897376537323 7.89629650115967 7.89601945877075 7.89544868469238 7.89460706710815 7.89433431625366
-9999 -9999 -9999 -9999 -9999 8.16405582427979 8.16493034362793 8.16599082946777 8.1649284362793 8.15976905822754 8.15633487701416 8.15950679779053 8.15134906768799 8.12077236175537 8.04612731933594 7.92063426971436 7.87855815887451 7.89376831054688 7.90227031707764 7.9081826210022 7.90871572494507 7.90829944610596 7.90412139892578 7.8996729850769 7.8936562538147 7.88736820220947 7.88020181655884 7.87890863418579 7.88786458969116 7.8926944732666 7.8932785987854 7.89360332489014 7.89377021789551 7.89230108261108 7.89028692245483 7.89130640029907 7.89272975921631 7.89198112487793 7.89169549942017 7.89435577392578 7.89627313613892 7.89612340927124 7.89586305618286 7.89543342590332 7.8944034576416 7.89282274246216 7.89276838302612
-9999 -9999 -9999 -9999 -9999 -9999 8.16137218475342 8.1620512008667 8.16181755065918 8.1593017578125 8.15756607055664 8.15881538391113 8.14836025238037 8.11474323272705 8.03948307037354 7.91617250442505 7.87486934661865 7.88988399505615 7.89967250823975 7.90744304656982 7.90653324127197 7.90409183502197 7.89942646026611 7.89442110061646 7.88698816299438 7.87923049926758 7.87041902542114 7.86638689041138 7.8706955909729 7.87295961380005 7.87311983108521 7.87338018417358 7.87370157241821 7.87288856506348 7.87169790267944 7.87250757217407 7.87362194061279 7.87870931625366 7.88389587402344 7.88971757888794 7.89400577545166 7.89402389526367 7.89392518997192 7.89364624023438 7.89303541183472 7.89212083816528 7.88912296295166
-9999 -9999 -9999 -9999 -9999 -9999 8.15711498260498 8.15607357025146 8.15843963623047 8.1586275100708 8.15863609313965 8.157958984375 8.1450138092041 8.10779285430908 8.03194999694824 7.91154479980469 7.87131357192993 7.88614177703857 7.89714479446411 7.90667057037354 7.90417146682739 7.89955043792725 7.89432907104492 7.88871049880981 7.87989187240601 7.87085342407227 7.86110496520996 7.85483169555664 7.85462331771851 7.85440158843994 7.85416698455811 7.85421419143677 7.85443353652954 7.8542423248291 7.8539137840271 7.85440635681152 7.8550820350647 7.86550331115723 7.87564849853516 7.88403415679932 7.89024353027344 7.89039611816406 7.89046859741211 7.89041709899902 7.89024448394775 7.88995981216431 7.88435983657837
-9999 -9999 -9999 -9999 -9999 -9999 8.15135765075684 8.15322113037109 8.1530237197876 8.15578842163086 8.1576509475708 8.15605640411377 8.13914203643799 8.09191513061523 8.01587295532227 7.90658235549927 7.87090730667114 7.88578701019287 7.89677906036377 7.9062705039978 7.90119600296021 7.89355134963989 7.88699626922607 7.8800482749939 7.86963176727295 7.86065435409546 7.85634136199951 7.85360717773438 7.85362720489502 7.85362529754639 7.853600025177 7.85202693939209 7.84951066970825 7.84884834289551 7.84880447387695 7.8489933013916 7.84926414489746 7.85642290115356 7.86315965652466 7.86721134185791 7.87033319473267 7.87086534500122 7.87152528762817 7.87238359451294 7.87242650985718 7.87172079086304 7.86867237091064
-9999 -9999 -9999 -9999 -9999 8.13969326019287 8.14640045166016 8.14477920532227 8.15002632141113 8.15402889251709 8.15636348724365 8.15231037139893 8.12958812713623 8.06992816925049 7.99462890625 7.90128374099731 7.87193298339844 7.88652896881104 7.89702415466309 7.90593576431274 7.89803791046143 7.88717412948608 7.87848997116089 7.86966800689697 7.85930252075195 7.8513650894165 7.85129928588867 7.8513069152832 7.85144281387329 7.85156536102295 7.8516731262207 7.84917306900024 7.84508419036865 7.84420251846313 7.84438991546631 7.84438180923462 7.84437656402588 7.8484902381897 7.85213756561279 7.85281324386597 7.85352849960327 7.85435438156128 7.85547351837158 7.85704612731934 7.85748958587646 7.85689640045166 7.85609245300293
-9999 -9999 -9999 -9999 8.13658428192139 8.13877868652344 8.13969326019287 8.14790725708008 8.15590000152588 8.15622711181641 8.15396690368652 8.14180374145508 8.10653400421143 8.02554130554199 7.95444011688232 7.89475202560425 7.87820863723755 7.89129495620728 7.89950895309448 7.90584182739258 7.89421033859253 7.8794093132019 7.86568069458008 7.85298633575439 7.84871768951416 7.84541320800781 7.84523344039917 7.84506130218506 7.8449010848999 7.84479951858521 7.84475803375244 7.84387445449829 7.84247827529907 7.84229898452759 7.84252548217773 7.84270906448364 7.84289884567261 7.84476709365845 7.84649229049683 7.84730434417725 7.84811449050903 7.84891748428345 7.850022315979 7.85159301757812 7.85311460494995 7.85459232330322 7.85490989685059
