Ecospace-environmental-drivers/Outputs/ASCII-for-ecospace/MOM6-ISIMIP3a/ph-bot/1984-05_ph-bot_MOM6-ISIMIP3a.asc
NCOLS 131 
NROWS 53 
XLLCORNER -98 
YLLCORNER 23.9265270233154 
CELLSIZE 0.133587792515755 
NODATA_value -9999 
[rows 21 to 41 of 53, columns 0 to 46 of 131]
-9999 -9999 -9999 -9999 -9999 -9999 8.13729190826416 8.13697814941406 8.13626194000244 8.13500785827637 8.13371467590332 8.13007926940918 8.13101005554199 8.13378238677979 8.13833999633789 8.14495658874512 8.14611911773682 8.14353561401367 8.14673614501953 8.15217018127441 8.15631294250488 8.16022682189941 8.1562557220459 8.15272426605225 8.15428638458252 8.1556921005249 8.15658950805664 8.15758037567139 8.15873718261719 8.16024494171143 8.16211318969727 8.16437911987305 8.16688919067383 8.16745376586914 8.16737079620361 8.16698169708252 8.1665506362915 8.16604900360107 8.16569900512695 8.16631031036377 8.16680145263672 8.16695880889893 8.16671562194824 8.16585254669189 8.16567897796631 8.1661376953125 8.16670703887939
-9999 -9999 -9999 -9999 -9999 -9999 8.13735580444336 8.13729190826416 8.13666343688965 8.13608455657959 8.13500785827637 8.1360559463501 8.13801860809326 8.14179039001465 8.14593124389648 8.15049934387207 8.15027618408203 8.14676284790039 8.14855003356934 8.15238380432129 8.15505409240723 8.15752029418945 8.15370178222656 8.15026664733887 8.15116500854492 8.15217018127441 8.15352153778076 8.1548433303833 8.15611362457275 8.15778064727783 8.15985488891602 8.16210269927979 8.16445636749268 8.16535377502441 8.16576671600342 8.16534805297852 8.16481590270996 8.16437816619873 8.16403961181641 8.16434001922607 8.16461086273193 8.16480445861816 8.1648120880127 8.16453266143799 8.16460514068604 8.16499996185303 8.16544437408447
-9999 -9999 -9999 -9999 8.14103984832764 8.13860416412354 8.13739013671875 8.13738536834717 8.13729190826416 8.13603591918945 8.1360034942627 8.14065265655518 8.14518737792969 8.14949512481689 8.15278816223145 8.15491104125977 8.15322780609131 8.1489315032959 8.14946746826172 8.15186977386475 8.15237903594971 8.15255451202393 8.14740180969238 8.14274024963379 8.14314746856689 8.14389419555664 8.14574718475342 8.1478214263916 8.15028285980225 8.15282917022705 8.15546131134033 8.15782070159912 8.16001319885254 8.16128063201904 8.16224002838135 8.16183090209961 8.16122817993164 8.16004657745361 8.1588773727417 8.15777778625488 8.15678119659424 8.15607357025146 8.15582370758057 8.15628147125244 8.15675163269043 8.15723323822021 8.15767860412598
-9999 -9999 -9999 -9999 8.14657974243164 8.14158725738525 8.13981819152832 8.13739013671875 8.13747501373291 8.13856029510498 8.14031410217285 8.14462757110596 8.14756393432617 8.14777851104736 8.14786052703857 8.14778900146484 8.14671802520752 8.14495944976807 8.14558601379395 8.14713191986084 8.13986396789551 8.13104057312012 8.09253120422363 8.05788803100586 8.06087207794189 8.06371402740479 8.06609916687012 8.07505798339844 8.09549140930176 8.11405944824219 8.13070774078369 8.13856315612793 8.1410608291626 8.14327335357666 8.14538955688477 8.14631652832031 8.14697360992432 8.13283157348633 8.11768245697021 8.09612369537354 8.07552337646484 8.05759143829346 8.04694652557373 8.04756355285645 8.04860591888428 8.05004024505615 8.05178356170654
-9999 -9999 -9999 -9999 -9999 8.14657974243164 8.14256000518799 8.14224529266357 8.1381950378418 8.1401481628418 8.14251613616943 8.14647006988525 8.1480884552002 8.1450834274292 8.13988304138184 8.13214778900146 8.12464427947998 8.11729907989502 8.1159839630127 8.1169958114624 8.10474395751953 8.0901517868042 8.03110504150391 7.97800636291504 7.98258066177368 7.98667669296265 7.98922252655029 8.00239658355713 8.03411674499512 8.06241989135742 8.08720397949219 8.09774017333984 8.09959602355957 8.1021146774292 8.1048526763916 8.10662746429443 8.10809993743896 8.08622932434082 8.06272220611572 8.02878856658936 7.99629068374634 7.96779155731201 7.95075035095215 7.95141792297363 7.95282793045044 7.95491886138916 7.957679271698
-9999 -9999 -9999 -9999 -9999 8.14896774291992 8.14657974243164 8.1440258026123 8.14126396179199 8.13762950897217 8.13547229766846 8.1389684677124 8.14048767089844 8.13809871673584 8.1185359954834 8.07915782928467 8.03433227539062 7.98576736450195 7.97360467910767 7.97549772262573 7.97050857543945 7.96430540084839 7.9409327507019 7.91992521286011 7.92176055908203 7.92341899871826 7.92450141906738 7.93018007278442 7.94387865066528 7.95434522628784 7.96148633956909 7.96236228942871 7.95942115783691 7.95944595336914 7.96045970916748 7.96093034744263 7.96127557754517 7.95462608337402 7.9474048614502 7.93654012680054 7.9259352684021 7.91605520248413 7.91015386581421 7.91040086746216 7.91127634048462 7.91272735595703 7.91527700424194
-9999 -9999 8.15419387817383 8.1535816192627 8.15293884277344 8.15135765075684 8.14896488189697 8.14579963684082 8.14236736297607 8.13627052307129 8.1319580078125 8.13447666168213 8.13322448730469 8.12451457977295 8.08839416503906 8.0206470489502 7.95445489883423 7.88933038711548 7.87451219558716 7.87911939620972 7.87994337081909 7.88010025024414 7.88127756118774 7.88235569000244 7.8824200630188 7.88251113891602 7.88268995285034 7.88318109512329 7.88421773910522 7.88229894638062 7.8773398399353 7.87222385406494 7.8670129776001 7.86566686630249 7.86560964584351 7.86528396606445 7.86495113372803 7.8687047958374 7.87256145477295 7.87707185745239 7.88107252120972 7.88365364074707 7.88538122177124 7.88578987121582 7.88645887374878 7.88736629486084 7.88948583602905
-9999.000000000000000 -9999 -9999 -9999 8.15644645690918 8.15452098846436 8.15597915649414 8.14755916595459 8.13918495178223 8.13744163513184 8.13614463806152 8.13655376434326 8.1266975402832 8.09653186798096 8.03906440734863 7.95009422302246 7.89734268188477 7.86946392059326 7.86986494064331 7.88118553161621 7.88465976715088 7.88674926757812 7.88820791244507 7.8895411491394 7.88994359970093 7.89036798477173 7.89086294174194 7.89120292663574 7.89127159118652 7.88885927200317 7.88389492034912 7.88079309463501 7.87882566452026 7.87855815887451 7.87885665893555 7.87884140014648 7.87880897521973 7.88245487213135 7.88602638244629 7.88912582397461 7.89183044433594 7.89343738555908 7.89513492584229 7.89697360992432 7.89815282821655 7.89872694015503 7.89993810653687
-9999 -9999 -9999 -9999 8.16117095947266 8.16346073150635 8.16221809387207 8.1500415802002 8.13832950592041 8.13882446289062 8.13892936706543 8.13754558563232 8.11832809448242 8.06382369995117 7.99308252334595 7.90360593795776 7.86482572555542 7.86086082458496 7.86984777450562 7.8838357925415 7.8896746635437 7.89407587051392 7.89562034606934 7.89696455001831 7.89715957641602 7.89736747741699 7.89761686325073 7.89751434326172 7.89679670333862 7.89455795288086 7.89075422286987 7.88924789428711 7.88914108276367 7.88953256607056 7.89009046554565 7.89040374755859 7.89070129394531 7.89349603652954 7.89619064331055 7.8982458114624 7.89994525909424 7.90065574645996 7.90181589126587 7.90367078781128 7.90484046936035 7.90538120269775 7.9056921005249
-9999 -9999 -9999 -9999 8.16449546813965 8.16553020477295 8.16680908203125 8.15343284606934 8.14040374755859 8.14047336578369 8.13995265960693 8.13717365264893 8.10764122009277 8.02517223358154 7.95131397247314 7.88739204406738 7.86325073242188 7.86642789840698 7.87565565109253 7.88721990585327 7.89506483078003 7.90225315093994 7.90363883972168 7.90468740463257 7.90398788452148 7.9032883644104 7.90258598327637 7.90167474746704 7.90039968490601 7.89917278289795 7.8979959487915 7.89755868911743 7.89757204055786 7.89809656143188 7.89879131317139 7.89945602416992 7.90011978149414 7.90112972259521 7.90220260620117 7.90367412567139 7.90473413467407 7.90464735031128 7.9046311378479 7.90472316741943 7.90522909164429 7.90611505508423 7.90553522109985
-9999 -9999 -9999 -9999 8.16553020477295 8.16707801818848 8.16889381408691 8.15650939941406 8.14445018768311 8.14385414123535 8.14253425598145 8.13844394683838 8.10966491699219 8.03203678131104 7.95768547058105 7.88711404800415 7.8647403717041 7.87546634674072 7.88468313217163 7.89331769943237 7.89995813369751 7.90624666213989 7.9074854850769 7.90839147567749 7.90744686126709 7.90654134750366 7.90576124191284 7.90480136871338 7.90352773666382 7.90292692184448 7.90301847457886 7.90311765670776 7.90322160720825 7.90364789962769 7.90418148040771 7.90483808517456 7.9055061340332 7.90551042556763 7.90563011169434 7.90648937225342 7.90669536590576 7.90508365631104 7.90398836135864 7.90369176864624 7.90413427352905 7.90525531768799 7.90449810028076
-9999 -9999 -9999 -9999 8.16716766357422 8.16889381408691 8.15947341918945 8.15934753417969 8.14997577667236 8.14853382110596 8.14628505706787 8.14094543457031 8.12122344970703 8.07304096221924 8.00016212463379 7.89878797531128 7.86852884292603 7.88710832595825 7.89612579345703 7.90145063400269 7.90447902679443 7.90710210800171 7.90820360183716 7.90908145904541 7.90837860107422 7.90779399871826 7.90759229660034 7.90715312957764 7.90630006790161 7.90603590011597 7.90637731552124 7.90661334991455 7.90678548812866 7.90693998336792 7.90708875656128 7.90746641159058 7.90786933898926 7.90745115280151 7.90711975097656 7.90734481811523 7.90653657913208 7.90285301208496 7.90075206756592 7.90109729766846 7.90192604064941 7.90319919586182 7.90280055999756
-9999 -9999 -9999 -9999 8.16889381408691 8.15922451019287 8.15549755096436 8.15314388275146 8.15273284912109 8.14998817443848 8.14713191986084 8.14385223388672 8.13135528564453 8.10062026977539 8.02861404418945 7.90898752212524 7.87110662460327 7.88936424255371 7.89849948883057 7.90411186218262 7.90610980987549 7.90747022628784 7.90738296508789 7.90714979171753 7.9059624671936 7.90500545501709 7.90479326248169 7.90514945983887 7.90649795532227 7.90737247467041 7.90775966644287 7.90800333023071 7.90815877914429 7.90825843811035 7.9083399772644 7.90724086761475 7.90598821640015 7.90599012374878 7.90594530105591 7.90559959411621 7.904381275177 7.90073585510254 7.89864301681519 7.89894962310791 7.89948987960815 7.90024375915527 7.89989137649536
-9999 -9999 -9999 -9999 -9999 8.15353202819824 8.15303325653076 8.15400123596191 8.1543025970459 8.15005874633789 8.14673519134521 8.14693260192871 8.14087581634521 8.12244415283203 8.05105304718018 7.91855525970459 7.87316560745239 7.88759803771973 7.89698648452759 7.90442800521851 7.90650224685669 7.90762901306152 7.90590333938599 7.90409421920776 7.90211200714111 7.90048456192017 7.90001010894775 7.90127944946289 7.90559196472168 7.90794944763184 7.90829563140869 7.90849018096924 7.90859317779541 7.90873098373413 7.90888071060181 7.90579271316528 7.90228748321533 7.90307140350342 7.9036283493042 7.90273952484131 7.90137052536011 7.89866733551025 7.89701652526855 7.89699411392212 7.8969554901123 7.89690256118774 7.89646291732788
-9999 -9999 -9999 -9999 -9999 8.15137100219727 8.15206527709961 8.15195369720459 8.15187454223633 8.14860916137695 8.14626884460449 8.1474666595459 8.1429443359375 8.12710189819336 8.05596542358398 7.92102861404419 7.87423849105835 7.88798379898071 7.89719200134277 7.90464878082275 7.90660381317139 7.90758800506592 7.90485191345215 7.90191841125488 7.89801645278931 7.89420509338379 7.89068651199341 7.89090251922607 7.89763593673706 7.90123796463013 7.90161800384521 7.90180635452271 7.90187835693359 7.90116453170776 7.90018892288208 7.89877271652222 7.89730930328369 7.8977198600769 7.89817142486572 7.8988823890686 7.8990159034729 7.89754056930542 7.89654016494751 7.89627265930176 7.89568376541138 7.89479970932007 7.89454221725464
-9999 -9999 -9999 -9999 -9999 8.14870452880859 8.14901351928711 8.15024185180664 8.14861965179443 8.14684581756592 8.14578819274902 8.14747428894043 8.14346981048584 8.12820816040039 8.05725193023682 7.92203378677368 7.87510776519775 7.88881492614746 7.89775323867798 7.90484952926636 7.90664529800415 7.90750551223755 7.90388917922974 7.89992380142212 7.89387083053589 7.8875617980957 7.8804235458374 7.87917947769165 7.88822078704834 7.89301776885986 7.89344787597656 7.893639087677 7.89368438720703 7.89193487167358 7.88958644866943 7.89060020446777 7.89206647872925 7.89186477661133 7.89206409454346 7.89481925964355 7.89679670333862 7.89660930633545 7.89630126953125 7.89580726623535 7.8946738243103 7.89295339584351 7.89293336868286
-9999 -9999 -9999 -9999 -9999 -9999 8.14503574371338 8.14484405517578 8.14480686187744 8.14486694335938 8.14523124694824 8.14676380157471 8.14286994934082 8.12823867797852 8.0565013885498 7.91887235641479 7.87134742736816 7.88570117950439 7.89532709121704 7.90312767028809 7.90407609939575 7.90381622314453 7.89929389953613 7.89435148239136 7.88668489456177 7.87881708145142 7.87029647827148 7.86645078659058 7.87076282501221 7.87297439575195 7.87302494049072 7.87318420410156 7.87340974807739 7.87247657775879 7.87115716934204 7.87207221984863 7.87332630157471 7.87876224517822 7.88425397872925 7.89010381698608 7.89436817169189 7.89421796798706 7.89397668838501 7.89359331130981 7.89287710189819 7.89185523986816 7.88927364349365
-9999 -9999 -9999 -9999 -9999 -9999 8.14124584197998 8.1400203704834 8.14111518859863 8.1430082321167 8.14479446411133 8.14616966247559 8.14198303222656 8.12678909301758 8.05419826507568 7.9153790473938 7.86774015426636 7.88271808624268 7.89301013946533 7.90149307250977 7.90139722824097 7.89978742599487 7.89430570602417 7.88834857940674 7.8791389465332 7.86991882324219 7.86066627502441 7.85468053817749 7.8543963432312 7.85410499572754 7.85380697250366 7.85380077362061 7.85397148132324 7.85382318496704 7.8535680770874 7.85425710678101 7.8551459312439 7.86570024490356 7.87595558166504 7.8843092918396 7.89041948318481 7.89028406143188 7.89013671875 7.88996982574463 7.88970136642456 7.8893404006958 7.88449239730835
-9999 -9999 -9999 -9999 -9999 -9999 8.13816261291504 8.13887214660645 8.13898468017578 8.14254760742188 8.14567852020264 8.14716053009033 8.13857364654541 8.11006641387939 8.03631019592285 7.91034364700317 7.86797428131104 7.88301372528076 7.8932843208313 7.9017128944397 7.89879083633423 7.89386606216431 7.88685846328735 7.87946224212646 7.86920166015625 7.86038780212402 7.85626411437988 7.85360908508301 7.85351610183716 7.85341215133667 7.8532977104187 7.85170984268188 7.84922409057617 7.84863471984863 7.84867668151855 7.84898567199707 7.84937953948975 7.85652828216553 7.86325740814209 7.86731290817261 7.87035799026489 7.87059164047241 7.87113189697266 7.87214517593384 7.87219381332397 7.87135696411133 7.86872911453247
-9999 -9999 -9999 -9999 -9999 8.13349151611328 8.136305809021 8.13559436798096 8.1379919052124 8.14254951477051 8.14632320404053 8.14709854125977 8.13295936584473 8.08930778503418 8.01514625549316 7.90578317642212 7.87009859085083 7.88501214981079 7.89469957351685 7.90236902236938 7.89615058898926 7.88748121261597 7.87826633453369 7.868971824646 7.85911178588867 7.85154724121094 7.8514232635498 7.85134935379028 7.8513617515564 7.85137796401978 7.85139799118042 7.84891986846924 7.84492015838623 7.84412288665771 7.84439325332642 7.84443855285645 7.84448099136353 7.84850120544434 7.85207319259644 7.8527889251709 7.85346603393555 7.85403394699097 7.85511255264282 7.85697984695435 7.8574800491333 7.85672569274902 7.85605525970459
-9999 -9999 -9999 -9999 8.13044261932373 8.13259792327881 8.13349151611328 8.1372652053833 8.14116764068604 8.14424705505371 8.14608573913574 8.14317798614502 8.11925411224365 8.05374908447266 7.98197317123413 7.90296363830566 7.87915420532227 7.8932523727417 7.90029907226562 7.90462303161621 7.89338350296021 7.87939786911011 7.86547470092773 7.85260152816772 7.84846305847168 7.84523773193359 7.84497261047363 7.8447322845459 7.84453535079956 7.84442377090454 7.84440088272095 7.84356737136841 7.84223937988281 7.84209203720093 7.84233856201172 7.84254789352417 7.84276485443115 7.84467077255249 7.84643888473511 7.84733104705811 7.84819269180298 7.84896945953369 7.85004091262817 7.85156774520874 7.85301399230957 7.85438585281372 7.85471105575562
