Ecospace-environmental-drivers/Outputs/ASCII-for-ecospace/MOM6-ISIMIP3a/ph-bot/1984-04_ph-bot_MOM6-ISIMIP3a.asc
NCOLS 131 
NROWS 53 
XLLCORNER -98 
YLLCORNER 23.9265270233154 
CELLSIZE 0.133587792515755 
NODATA_value -9999 
[rows 21 to 41 of 53, columns 0 to 46 of 131]
-9999 -9999 -9999 -9999 -9999 -9999 8.17506980895996 8.17455005645752 8.17332172393799 8.17127895355225 8.17072868347168 8.1680154800415 8.16929626464844 8.17311191558838 8.17672729492188 8.18011379241943 8.18082714080811 8.17970561981201 8.17913436889648 8.17877578735352 8.18033027648926 8.18222141265869 8.17994117736816 8.1780252456665 8.17990970611572 8.18129253387451 8.18105125427246 8.18090152740479 8.18091583251953 8.18095302581787 8.1810131072998 8.18122005462646 8.18151760101318 8.18174648284912 8.1819543838501 8.18163394927979 8.18124008178711 8.18081092834473 8.18039417266846 8.18005752563477 8.17971134185791 8.17933654785156 8.17859363555908 8.17728137969971 8.17668533325195 8.17674732208252 8.17679023742676
-9999 -9999 -9999 -9999 -9999 -9999 8.17517471313477 8.17506980895996 8.17403030395508 8.17290878295898 8.17127895355225 8.17289161682129 8.17457485198975 8.1763973236084 8.1781120300293 8.17970371246338 8.17917728424072 8.17719650268555 8.1762580871582 8.17572212219238 8.17598152160645 8.17638111114502 8.17382431030273 8.17174530029297 8.17418575286865 8.17606353759766 8.17611408233643 8.17643260955811 8.17721843719482 8.17788219451904 8.17842292785645 8.17894554138184 8.17945766448975 8.17964458465576 8.17972373962402 8.1791353225708 8.17845344543457 8.17769622802734 8.17701625823975 8.17683506011963 8.17660522460938 8.17623805999756 8.17575359344482 8.17508506774902 8.17484569549561 8.17499732971191 8.1751012802124
-9999 -9999 -9999 -9999 8.17643928527832 8.17566871643066 8.17523288726807 8.17522144317627 8.17506980895996 8.1729907989502 8.17229557037354 8.17689323425293 8.17971611022949 8.17902660369873 8.17849445343018 8.17814636230469 8.17641830444336 8.17374324798584 8.17264461517334 8.17215538024902 8.17069053649902 8.16905307769775 8.16434860229492 8.16038608551025 8.16316032409668 8.16536808013916 8.16573810577393 8.16708946228027 8.1701545715332 8.17253017425537 8.1741943359375 8.17528057098389 8.17601299285889 8.17619609832764 8.17619609832764 8.17543029785156 8.17455196380615 8.17261409759521 8.17072677612305 8.16916942596436 8.16770553588867 8.16650295257568 8.16578388214111 8.16581058502197 8.16595935821533 8.16622161865234 8.16643333435059
-9999 -9999 -9999 -9999 8.17816734313965 8.17668628692627 8.17610549926758 8.17523288726807 8.17536163330078 8.17700099945068 8.17838096618652 8.17876434326172 8.17812252044678 8.17545127868652 8.17194080352783 8.16746234893799 8.16421413421631 8.16181182861328 8.1611795425415 8.16123104095459 8.15437412261963 8.1462984085083 8.10512065887451 8.06759262084961 8.06653213500977 8.06595993041992 8.06697463989258 8.07879543304443 8.10947418212891 8.13425254821777 8.1529598236084 8.16080856323242 8.16204452514648 8.1625280380249 8.16276073455811 8.16297149658203 8.16305923461914 8.1464958190918 8.12825775146484 8.0993537902832 8.07370662689209 8.05712032318115 8.04708671569824 8.04717922210693 8.04774188995361 8.04873752593994 8.04995441436768
-9999 -9999 -9999 -9999 -9999 8.17816734313965 8.17724132537842 8.17697715759277 8.17608165740967 8.17937564849854 8.18136215209961 8.17834377288818 8.17479610443115 8.17020034790039 8.16129875183105 8.14742851257324 8.13605976104736 8.12640953063965 8.12428379058838 8.1250638961792 8.11503887176514 8.10310649871826 8.039306640625 7.9809308052063 7.97722196578979 7.97471237182617 7.97609090805054 7.99441623687744 8.04231452941895 8.08092212677002 8.10997009277344 8.12147045135498 8.12228107452393 8.12276077270508 8.12312984466553 8.12398910522461 8.12472915649414 8.09955215454102 8.07159519195557 8.02593994140625 7.98549270629883 7.95954275131226 7.94383001327515 7.9439377784729 7.94479942321777 7.94635200500488 7.94838571548462
-9999 -9999 -9999 -9999 -9999 8.17970752716064 8.17816734313965 8.17858791351318 8.17867469787598 8.17457294464111 8.170729637146 8.16787433624268 8.16387271881104 8.15760326385498 8.13273429870605 8.08640193939209 8.0379695892334 7.98809289932251 7.97588300704956 7.97821760177612 7.97477006912231 7.97030210494995 7.94461917877197 7.92115020751953 7.92000102996826 7.91924428939819 7.91976118087769 7.92720603942871 7.94674062728882 7.96158218383789 7.97159433364868 7.9730978012085 7.96941757202148 7.96855783462524 7.96863889694214 7.96871137619019 7.96872901916504 7.96129369735718 7.95270204544067 7.9367470741272 7.92265033721924 7.91372537612915 7.90827083587646 7.90818023681641 7.90883541107178 7.91017484664917 7.91218996047974
-9999 -9999 8.18294715881348 8.18259811401367 8.18227005004883 8.18124961853027 8.17970561981201 8.17976951599121 8.17920303344727 8.17024517059326 8.16248989105225 8.15933895111084 8.15250873565674 8.13839817047119 8.09631156921387 8.02194404602051 7.95288515090942 7.88747072219849 7.8730616569519 7.87834787368774 7.88005781173706 7.88113641738892 7.88181829452515 7.8824896812439 7.88314819335938 7.88366222381592 7.88370943069458 7.88375329971313 7.88379240036011 7.88205766677856 7.87849760055542 7.87367105484009 7.86807250976562 7.86675786972046 7.86687088012695 7.86658668518066 7.86628246307373 7.87083053588867 7.87528038024902 7.87910413742065 7.88260221481323 7.8851957321167 7.88684272766113 7.88702726364136 7.88766574859619 7.88872003555298 7.89055204391479
-9999.000000000000000 -9999 -9999 -9999 8.18427467346191 8.18329048156738 8.18423080444336 8.18001270294189 8.17522525787354 8.16695213317871 8.15947151184082 8.15502548217773 8.14018440246582 8.10477352142334 8.04274368286133 7.94999933242798 7.89618015289307 7.86909246444702 7.86968803405762 7.88097333908081 7.88474130630493 7.88718318939209 7.88858795166016 7.88991022109985 7.8907356262207 7.89146852493286 7.89190053939819 7.89213562011719 7.89202737808228 7.88940334320068 7.88419151306152 7.88103675842285 7.87913513183594 7.87929201126099 7.88013553619385 7.88043355941772 7.88068246841431 7.88465118408203 7.88834667205811 7.89029788970947 7.89228773117065 7.89438581466675 7.89624643325806 7.89773893356323 7.89877367019653 7.89938735961914 7.90067625045776
-9999 -9999 -9999 -9999 8.18690776824951 8.18828392028809 8.18776607513428 8.18086814880371 8.17350006103516 8.16454029083252 8.15635967254639 8.15116119384766 8.12748336791992 8.06723690032959 7.99294090270996 7.90243434906006 7.86409854888916 7.86158990859985 7.87056303024292 7.8839693069458 7.88964796066284 7.89396286010742 7.89564371109009 7.89714813232422 7.89766645431519 7.89815044403076 7.89852285385132 7.89855051040649 7.89797639846802 7.89538145065308 7.89070749282837 7.88906764984131 7.88927602767944 7.89017057418823 7.8912935256958 7.89193630218506 7.89252853393555 7.89529085159302 7.89779901504517 7.89868783950806 7.89968252182007 7.90097141265869 7.90237903594971 7.90397024154663 7.90500831604004 7.90553855895996 7.90606546401978
-9999 -9999 -9999 -9999 8.18871688842773 8.18914890289307 8.18968200683594 8.18249607086182 8.1746072769165 8.16323566436768 8.15312957763672 8.14786338806152 8.11430740356445 8.02477741241455 7.94787502288818 7.88554191589355 7.86299467086792 7.86777019500732 7.87678289413452 7.88743209838867 7.89483451843262 7.90166473388672 7.90305852890015 7.90415620803833 7.90377044677734 7.90341758728027 7.90317249298096 7.90249109268188 7.90105009078979 7.89963865280151 7.89825773239136 7.89793586730957 7.89825868606567 7.89896535873413 7.89979982376099 7.90049028396606 7.90116167068481 7.90192842483521 7.90270519256592 7.90355062484741 7.90419483184814 7.90427875518799 7.90439605712891 7.90456438064575 7.90511178970337 7.90600728988647 7.90549659729004
-9999 -9999 -9999 -9999 8.18914890289307 8.18979454040527 8.19055271148682 8.18354225158691 8.1758861541748 8.16498374938965 8.15502643585205 8.14868927001953 8.11586284637451 8.03062057495117 7.95342826843262 7.88552522659302 7.8647518157959 7.87634420394897 7.88526821136475 7.8931622505188 7.89951705932617 7.90560054779053 7.90679883956909 7.90770959854126 7.90711879730225 7.90658330917358 7.90622663497925 7.90545034408569 7.90394115447998 7.90326118469238 7.90343379974365 7.90366315841675 7.90392732620239 7.9044132232666 7.90497303009033 7.90561723709106 7.90626621246338 7.90593004226685 7.90571546554565 7.90626955032349 7.90623617172241 7.9045672416687 7.9035472869873 7.90352916717529 7.90411996841431 7.90527009963989 7.9044828414917
-9999 -9999 -9999 -9999 8.18983173370361 8.19055271148682 8.18411636352539 8.18415260314941 8.17729568481445 8.16901969909668 8.16076850891113 8.15260982513428 8.12846565246582 8.07268905639648 7.99694681167603 7.89816665649414 7.86865520477295 7.88671398162842 7.89545297622681 7.90059328079224 7.90382146835327 7.90671253204346 7.90778207778931 7.90867233276367 7.9084005355835 7.90817260742188 7.90808534622192 7.90767335891724 7.90669584274292 7.90640783309937 7.90682888031006 7.9070348739624 7.9071102142334 7.90735101699829 7.90764713287354 7.90817403793335 7.9087233543396 7.90795564651489 7.90730285644531 7.9073805809021 7.9064245223999 7.90259122848511 7.90054845809937 7.9012713432312 7.90230655670166 7.90362787246704 7.9031343460083
-9999 -9999 -9999 -9999 8.19055271148682 8.18309593200684 8.18017768859863 8.17821788787842 8.17766189575195 8.17043018341064 8.16298294067383 8.15471267700195 8.13674926757812 8.0996036529541 8.02544498443604 7.90857791900635 7.87141180038452 7.88898038864136 7.89778566360474 7.90320682525635 7.90546607971191 7.90716791152954 7.90712833404541 7.90696811676025 7.90611982345581 7.90539741516113 7.90508413314819 7.90537786483765 7.90673065185547 7.90761423110962 7.90801477432251 7.90814447402954 7.90810966491699 7.90827417373657 7.9085054397583 7.90764999389648 7.90664958953857 7.90635299682617 7.90602970123291 7.90553712844849 7.90420722961426 7.90054798126221 7.89855670928955 7.8991436958313 7.8998327255249 7.90061521530151 7.90024995803833
-9999 -9999 -9999 -9999 -9999 8.17807674407959 8.1775369644165 8.17816257476807 8.17758274078369 8.17071437835693 8.16368579864502 8.15603733062744 8.1431827545166 8.12002468109131 8.04750633239746 7.91803359985352 7.87367725372314 7.8877739906311 7.89675283432007 7.90375566482544 7.90597105026245 7.90734148025513 7.9057731628418 7.90412092208862 7.9023118019104 7.90075206756592 7.90000057220459 7.90114545822144 7.90560007095337 7.90798950195312 7.90825414657593 7.90828514099121 7.90817308425903 7.90833425521851 7.9085865020752 7.90580606460571 7.90263319015503 7.90319490432739 7.90353059768677 7.90242719650269 7.90095901489258 7.89847564697266 7.89699697494507 7.89707231521606 7.89707612991333 7.89701557159424 7.89670753479004
-9999 -9999 -9999 -9999 -9999 8.17616271972656 8.17651462554932 8.17623043060303 8.17586421966553 8.16977691650391 8.16336345672607 8.15570831298828 8.14382934570312 8.12359523773193 8.05167770385742 7.92012500762939 7.87457275390625 7.88808059692383 7.89692449569702 7.90396642684937 7.90603542327881 7.9072265625 7.90473413467407 7.90202665328979 7.89819860458374 7.89437007904053 7.89054012298584 7.89063692092896 7.89758729934692 7.90124130249023 7.90150451660156 7.90165424346924 7.90173530578613 7.90108776092529 7.90019702911377 7.89884757995605 7.89744806289673 7.89786577224731 7.8982949256897 7.89880037307739 7.89881229400635 7.89744901657104 7.89653301239014 7.89630794525146 7.8957142829895 7.89478206634521 7.89459753036499
-9999 -9999 -9999 -9999 -9999 8.17428588867188 8.17443656921387 8.17515182495117 8.17380714416504 8.1685848236084 8.1628303527832 8.15503692626953 8.14328002929688 8.12368106842041 8.05214786529541 7.92069339752197 7.87518501281738 7.88870048522949 7.8973445892334 7.90410757064819 7.90600824356079 7.90705108642578 7.90376043319702 7.90008783340454 7.89402198791504 7.88762855529785 7.8801736831665 7.87882995605469 7.88815069198608 7.8930196762085 7.89330863952637 7.89362287521362 7.89395236968994 7.89232921600342 7.89005517959595 7.8908314704895 7.89202165603638 7.89208698272705 7.89249324798584 7.89506673812866 7.89689302444458 7.89663934707642 7.89629602432251 7.89581441879272 7.89464044570923 7.89283132553101 7.89278411865234
-9999 -9999 -9999 -9999 -9999 -9999 8.17190647125244 8.1719274520874 8.1715030670166 8.16641426086426 8.1609468460083 8.15403175354004 8.14321517944336 8.124680519104 8.05233669281006 7.91790723800659 7.8714714050293 7.88546419143677 7.89478635787964 7.90230464935303 7.90351819992065 7.90361928939819 7.89926338195801 7.89445161819458 7.88665580749512 7.87869882583618 7.8702187538147 7.86644268035889 7.87087726593018 7.87311935424805 7.8731050491333 7.87332487106323 7.87368774414062 7.87283372879028 7.87157487869263 7.87223434448242 7.87319278717041 7.87877607345581 7.88439035415649 7.89020586013794 7.89445924758911 7.89436388015747 7.8941764831543 7.89384794235229 7.89304494857788 7.89180612564087 7.88914775848389
-9999 -9999 -9999 -9999 -9999 -9999 8.16935443878174 8.16864013671875 8.1691951751709 8.16422557830811 8.15904998779297 8.15308666229248 8.1428050994873 8.1239767074585 8.05074119567871 7.91472721099854 7.86792325973511 7.88238286972046 7.8923544883728 7.90059232711792 7.90091705322266 7.89984560012817 7.89436292648315 7.88837146759033 7.8789439201355 7.86964464187622 7.8607611656189 7.85500001907349 7.85468673706055 7.85438442230225 7.85409355163574 7.85407972335815 7.85423421859741 7.85411691665649 7.85390853881836 7.8543496131897 7.85495185852051 7.86552762985229 7.87581539154053 7.88426733016968 7.89049673080444 7.89053630828857 7.89053297042847 7.89046287536621 7.89006376266479 7.88936328887939 7.88439273834229
-9999 -9999 -9999 -9999 -9999 -9999 8.16749572753906 8.16749477386475 8.16696262359619 8.16231727600098 8.15765762329102 8.1529426574707 8.13846683502197 8.10467433929443 8.03025150299072 7.90894794464111 7.8682107925415 7.88280200958252 7.89269304275513 7.90076923370361 7.89830732345581 7.89398527145386 7.88684940338135 7.87932395935059 7.86906099319458 7.86030244827271 7.85642099380493 7.85390853881836 7.85378503799438 7.85365915298462 7.85353088378906 7.85191869735718 7.84940242767334 7.84883069992065 7.84890747070312 7.84911155700684 7.84938287734985 7.85655069351196 7.8632984161377 7.86737060546875 7.87046813964844 7.87085151672363 7.87152433395386 7.87264490127563 7.87255477905273 7.87135410308838 7.86856985092163
-9999 -9999 -9999 -9999 -9999 8.16817378997803 8.16651821136475 8.16635131835938 8.16423511505127 8.15978813171387 8.15550708770752 8.15186023712158 8.1326379776001 8.08259296417236 8.00764846801758 7.90397357940674 7.8703465461731 7.88482427597046 7.89413499832153 7.90145063400269 7.89567565917969 7.88759088516235 7.87820339202881 7.86875534057617 7.85903978347778 7.85161352157593 7.8516092300415 7.85160112380981 7.85158729553223 7.85157918930054 7.85157680511475 7.84906721115112 7.84502983093262 7.84423971176147 7.84453153610229 7.84457969665527 7.84462308883667 7.84865474700928 7.85223150253296 7.85291147232056 7.85359287261963 7.85427665710449 7.85545873641968 7.8574104309082 7.85777425765991 7.85668087005615 7.8558464050293
-9999 -9999 -9999 -9999 8.16511821746826 8.16676616668701 8.16817378997803 8.16405391693115 8.15968799591064 8.15497779846191 8.15057373046875 8.14733600616455 8.12134265899658 8.05032062530518 7.97729253768921 7.90194988250732 7.87925910949707 7.8927264213562 7.89962196350098 7.90397977828979 7.89296627044678 7.8792405128479 7.86540508270264 7.85261058807373 7.84851217269897 7.84532070159912 7.84506893157959 7.84483575820923 7.84463596343994 7.84453010559082 7.84452104568481 7.84368419647217 7.8423433303833 7.84219694137573 7.84244918823242 7.84263753890991 7.84282922744751 7.84472131729126 7.84647989273071 7.84738969802856 7.8482780456543 7.84910583496094 7.85018396377563 7.85164928436279 7.85299777984619 7.85423898696899 7.85448694229126
