Ecospace-environmental-drivers/Outputs/ASCII-for-ecospace/MOM6-ISIMIP3a/ph-bot/1985-01_ph-bot_MOM6-ISIMIP3a.asc
NCOLS 131 
NROWS 53 
XLLCORNER -98 
YLLCORNER 23.9265270233154 
CELLSIZE 0.133587792515755 
NODATA_value -9999 
[rows 21 to 41 of 53, columns 0 to 46 of 131]
-9999 -9999 -9999 -9999 -9999 -9999 8.25479412078857 8.25344848632812 8.24975395202637 8.24454212188721 8.24349403381348 8.24917411804199 8.24562835693359 8.23506546020508 8.22736167907715 8.22295665740967 8.21710205078125 8.2102518081665 8.20623970031738 8.2033224105835 8.20090484619141 8.19857406616211 8.19745445251465 8.19643688201904 8.19605350494385 8.19529247283936 8.19331073760986 8.19144535064697 8.18978595733643 8.18820762634277 8.18671226501465 8.18505382537842 8.18329620361328 8.18143367767334 8.17953586578369 8.17770671844482 8.17589378356934 8.17524337768555 8.17465209960938 8.17443943023682 8.17432022094727 8.17445945739746 8.17434120178223 8.17382526397705 8.17319583892822 8.17246150970459 8.1704626083374
-9999 -9999 -9999 -9999 -9999 -9999 8.2548999786377 8.25479412078857 8.25210189819336 8.24757766723633 8.24454212188721 8.23676681518555 8.22801494598389 8.2173318862915 8.21010684967041 8.20687294006348 8.20169734954834 8.19518756866455 8.19067096710205 8.18692398071289 8.18553352355957 8.18455982208252 8.1828441619873 8.18128299713135 8.18113994598389 8.18068885803223 8.17924022674561 8.17794418334961 8.17691612243652 8.17563247680664 8.17408466339111 8.17266082763672 8.17131233215332 8.17020225524902 8.16917037963867 8.16646385192871 8.16354560852051 8.1634693145752 8.16337776184082 8.16318416595459 8.16300487518311 8.16286373138428 8.16260433197021 8.16216373443604 8.16182327270508 8.16157531738281 8.16002750396729
-9999 -9999 -9999 -9999 8.25568962097168 8.25508308410645 8.25521755218506 8.25468730926514 8.25479412078857 8.24940967559814 8.24156284332275 8.224289894104 8.20940017700195 8.19922542572021 8.19268798828125 8.19034767150879 8.1858434677124 8.17985343933105 8.17501449584961 8.17062187194824 8.17001152038574 8.17006874084473 8.16607856750488 8.16244792938232 8.16254901885986 8.16242122650146 8.16155052185059 8.16110324859619 8.16139602661133 8.16116809844971 8.1604061126709 8.1595401763916 8.15861129760742 8.158278465271 8.15814399719238 8.15466213226318 8.15074253082275 8.15031814575195 8.14981937408447 8.14884948730469 8.14777183532715 8.14639759063721 8.14544773101807 8.14515495300293 8.1451301574707 8.14535140991211 8.14431667327881
-9999 -9999 -9999 -9999 8.25725650787354 8.25520038604736 8.25494766235352 8.25521755218506 8.25405120849609 8.2392053604126 8.2239933013916 8.2073802947998 8.19323539733887 8.18397521972656 8.17779159545898 8.17516040802002 8.17221260070801 8.16904640197754 8.16661357879639 8.16446208953857 8.15802764892578 8.15083789825439 8.11630630493164 8.08490467071533 8.08456993103027 8.08422470092773 8.08384609222412 8.08843421936035 8.10168743133545 8.116135597229 8.13181495666504 8.13723468780518 8.1364049911499 8.13632106781006 8.13648700714111 8.13526821136475 8.13375282287598 8.11752033233643 8.10143852233887 8.08631992340088 8.07031536102295 8.05184745788574 8.04071617126465 8.04092311859131 8.04111671447754 8.04129886627197 8.04115962982178
-9999 -9999 -9999 -9999 -9999 8.25725650787354 8.25337982177734 8.25467777252197 8.2504358291626 8.22827529907227 8.20738983154297 8.19138813018799 8.17801952362061 8.16986083984375 8.16123676300049 8.15207576751709 8.14295196533203 8.13385486602783 8.13127613067627 8.13121604919434 8.12139892578125 8.10986042022705 8.0563497543335 8.00769424438477 8.0071439743042 8.0067253112793 8.0067310333252 8.01458168029785 8.03612518310547 8.05980587005615 8.08568477630615 8.0945463180542 8.09304046630859 8.09292030334473 8.09326171875 8.09376907348633 8.0941104888916 8.06832504272461 8.04285430908203 8.01938056945801 7.99447107315063 7.96556663513184 7.94822216033936 7.94874382019043 7.94907283782959 7.94922542572021 7.95011758804321
-9999 -9999 -9999 -9999 -9999 8.25174999237061 8.25725650787354 8.24636650085449 8.23422813415527 8.21416759490967 8.19502925872803 8.17942428588867 8.16696453094482 8.16072940826416 8.1374044418335 8.0943603515625 8.04516124725342 7.99173545837402 7.97783803939819 7.97920417785645 7.97670698165894 7.9735279083252 7.95173978805542 7.93194389343262 7.93214702606201 7.93228149414062 7.9321928024292 7.93554353713989 7.94489669799805 7.9539361000061 7.96265268325806 7.96248579025269 7.95690727233887 7.95549345016479 7.95546722412109 7.95534133911133 7.95514631271362 7.94723463058472 7.93952560424805 7.93310260772705 7.92569494247437 7.91554594039917 7.90939140319824 7.90941047668457 7.90950727462769 7.90967607498169 7.91219711303711
-9999 -9999 8.23979187011719 8.24117183685303 8.24258995056152 8.24623775482178 8.25175666809082 8.23684024810791 8.22065830230713 8.20224189758301 8.18461894989014 8.17003154754639 8.15688037872314 8.14657402038574 8.1063404083252 8.03157520294189 7.95920276641846 7.88847351074219 7.87208127975464 7.87667036056519 7.87971258163452 7.88248252868652 7.88227891921997 7.88209962844849 7.88266086578369 7.88310480117798 7.88317012786865 7.88348484039307 7.88423633575439 7.88302946090698 7.87980794906616 7.87415933609009 7.86703252792358 7.86504507064819 7.86477088928223 7.86426019668579 7.8637523651123 7.86825370788574 7.87282657623291 7.87785625457764 7.88213777542114 7.88433742523193 7.88569307327271 7.88574504852295 7.88588428497314 7.88610410690308 7.88927888870239
-9999.000000000000000 -9999 -9999 -9999 8.23468780517578 8.23894214630127 8.23557949066162 8.22466278076172 8.21284103393555 8.19507789611816 8.17846393585205 8.16624736785889 8.14891338348389 8.12145519256592 8.05949592590332 7.95772790908813 7.89906024932861 7.86999177932739 7.87035799026489 7.88208961486816 7.8867883682251 7.89024591445923 7.88950967788696 7.88877630233765 7.88883399963379 7.88905763626099 7.88981819152832 7.89029312133789 7.8902702331543 7.88840627670288 7.88464784622192 7.88125514984131 7.87808513641357 7.87709712982178 7.87683582305908 7.87648105621338 7.87615203857422 7.88114929199219 7.88604784011841 7.89031553268433 7.89360570907593 7.89417552947998 7.89501285552979 7.89626455307007 7.89704465866089 7.89739274978638 7.89909219741821
-9999 -9999 -9999 -9999 8.22409152984619 8.2188835144043 8.22154426574707 8.21414756774902 8.20550441741943 8.18845081329346 8.1729040145874 8.16312503814697 8.1392126083374 8.08733463287354 8.01164817810059 7.9084906578064 7.86498022079468 7.8624324798584 7.87201261520386 7.88627576828003 7.89235830307007 7.89699697494507 7.89642429351807 7.89578533172607 7.89555025100708 7.89554929733276 7.89630746841431 7.89650297164917 7.89571619033813 7.89369106292725 7.89039134979248 7.8885931968689 7.8877100944519 7.88768529891968 7.88794708251953 7.88785886764526 7.88775157928467 7.89175748825073 7.89567565917969 7.89903545379639 7.90143775939941 7.90117216110229 7.90150833129883 7.90277481079102 7.90363597869873 7.90412569046021 7.90455293655396
-9999 -9999 -9999 -9999 8.21666622161865 8.21444892883301 8.21171188354492 8.20572471618652 8.19877243041992 8.18249893188477 8.16809272766113 8.16083526611328 8.12732982635498 8.04188823699951 7.96253776550293 7.89021587371826 7.86368989944458 7.8686146736145 7.87791681289673 7.88890981674194 7.89603424072266 7.90247583389282 7.90294122695923 7.90321159362793 7.90294885635376 7.90271997451782 7.90259790420532 7.9019603729248 7.90042209625244 7.89885902404785 7.89727067947388 7.89623594284058 7.89553833007812 7.89643239974976 7.89785766601562 7.89817476272583 7.89834594726562 7.89948701858521 7.90078115463257 7.90305137634277 7.9046950340271 7.90459442138672 7.90445137023926 7.90424156188965 7.90447902679443 7.90512752532959 7.90453672409058
-9999 -9999 -9999 -9999 8.21444892883301 8.2111349105835 8.20724487304688 8.20208549499512 8.19586944580078 8.18044281005859 8.16693687438965 8.16078472137451 8.12957286834717 8.04877281188965 7.96899318695068 7.89038991928101 7.86547803878784 7.87743902206421 7.88657999038696 7.89463186264038 7.90021371841431 7.90535974502563 7.90624046325684 7.90690803527832 7.9065842628479 7.90628147125244 7.90604782104492 7.90535831451416 7.90387344360352 7.90284776687622 7.90229558944702 7.90177059173584 7.90126180648804 7.90214109420776 7.90348291397095 7.90383529663086 7.9040470123291 7.90382051467896 7.90380907058716 7.90517044067383 7.9058985710144 7.9048638343811 7.90400457382202 7.90341711044312 7.90354442596436 7.90432739257812 7.90339374542236
-9999 -9999 -9999 -9999 8.2109432220459 8.20724487304688 8.20282936096191 8.20203304290771 8.19583702087402 8.18130874633789 8.16852474212646 8.16241550445557 8.142409324646 8.09490776062012 8.01712417602539 7.90440130233765 7.86957502365112 7.88824510574341 7.89731121063232 7.90266895294189 7.90477085113525 7.90629816055298 7.90712594985962 7.90780782699585 7.90739631652832 7.90713596343994 7.90736627578735 7.90721130371094 7.9063835144043 7.90595245361328 7.90593004226685 7.9057240486145 7.90540599822998 7.9055700302124 7.9058952331543 7.90600395202637 7.90607881546021 7.90560674667358 7.9052791595459 7.90586709976196 7.9055609703064 7.90276765823364 7.9010157585144 7.90087461471558 7.90127611160278 7.90217590332031 7.90140533447266
-9999 -9999 -9999 -9999 8.20724487304688 8.20350933074951 8.20127105712891 8.19995498657227 8.19845294952393 8.18477630615234 8.17238426208496 8.1649055480957 8.15024662017822 8.12137985229492 8.0453405380249 7.91487121582031 7.87251663208008 7.89067554473877 7.89979982376099 7.90543556213379 7.90648174285889 7.90671825408936 7.90631580352783 7.905846118927 7.90493583679199 7.90429067611694 7.90450668334961 7.9051194190979 7.90642356872559 7.90714073181152 7.90725374221802 7.90703535079956 7.90661573410034 7.90655374526978 7.90661144256592 7.90593481063843 7.90516138076782 7.90502166748047 7.90487623214722 7.90469789505005 7.90374660491943 7.9006462097168 7.89869976043701 7.89853620529175 7.89871168136597 7.89919853210449 7.89856481552124
-9999 -9999 -9999 -9999 -9999 8.2030782699585 8.20269107818604 8.20182609558105 8.20220279693604 8.18935966491699 8.17721843719482 8.16776371002197 8.15594005584717 8.13942527770996 8.06502246856689 7.92382335662842 7.87496280670166 7.88951539993286 7.89875507354736 7.90594339370728 7.90697336196899 7.90691661834717 7.90477848052979 7.90265893936157 7.90107250213623 7.89985990524292 7.89985656738281 7.90133666992188 7.90540552139282 7.90750789642334 7.90758657455444 7.90721464157104 7.90656757354736 7.90648937225342 7.9066014289856 7.90490674972534 7.90297985076904 7.90341949462891 7.9036717414856 7.90272855758667 7.90129899978638 7.89851427078247 7.89667177200317 7.89628505706787 7.89601993560791 7.89586639404297 7.89535903930664
-9999 -9999 -9999 -9999 -9999 8.20542812347412 8.20527362823486 8.20629215240479 8.20522212982178 8.19347190856934 8.18170738220215 8.16989040374756 8.15718078613281 8.14270687103271 8.06852626800537 7.92545509338379 7.87550973892212 7.88951826095581 7.89874076843262 7.90611505508423 7.90712785720825 7.90701770782471 7.90402269363403 7.90089893341064 7.89723253250122 7.89368629455566 7.89053058624268 7.89091110229492 7.89746284484863 7.90092849731445 7.9012188911438 7.90102958679199 7.90054893493652 7.89984083175659 7.89905786514282 7.89850664138794 7.8979926109314 7.89816570281982 7.89836025238037 7.89868783950806 7.89854907989502 7.89711284637451 7.89606189727783 7.89560747146606 7.89490413665771 7.89397287368774 7.89357709884644
-9999 -9999 -9999 -9999 -9999 8.20785236358643 8.20831871032715 8.20770263671875 8.20808982849121 8.19748592376709 8.18612384796143 8.17186450958252 8.15750122070312 8.1429328918457 8.06868457794189 7.92557239532471 7.87566375732422 7.88976192474365 7.89893960952759 7.90621709823608 7.90721225738525 7.9070987701416 7.90342807769775 7.8994345664978 7.89339733123779 7.88715267181396 7.8802375793457 7.87911128997803 7.88808679580688 7.89291143417358 7.89346408843994 7.8935284614563 7.89329481124878 7.89182996749878 7.88995552062988 7.89099454879761 7.8924241065979 7.89215660095215 7.89219903945923 7.89421796798706 7.89573669433594 7.89586210250854 7.89574575424194 7.89525556564331 7.89411497116089 7.89237689971924 7.89208936691284
-9999 -9999 -9999 -9999 -9999 -9999 8.20996379852295 8.21096229553223 8.21009063720703 8.19872856140137 8.18669128417969 8.17207336425781 8.15725326538086 8.14203262329102 8.06678009033203 7.92226076126099 7.87157917022705 7.88534021377563 7.89504051208496 7.90317296981812 7.90386247634888 7.90323877334595 7.89884901046753 7.89405918121338 7.88662195205688 7.87893915176392 7.87046098709106 7.86662149429321 7.87087488174438 7.87309789657593 7.87323093414307 7.87333059310913 7.87341022491455 7.87260389328003 7.87150239944458 7.87234306335449 7.87348031997681 7.87861013412476 7.88381195068359 7.88947582244873 7.89366865158081 7.89376544952393 7.89368724822998 7.89333772659302 7.89258861541748 7.89147186279297 7.88881206512451
-9999 -9999 -9999 -9999 -9999 -9999 8.21059703826904 8.21122646331787 8.21160316467285 8.19936561584473 8.1866340637207 8.17200756072998 8.15664291381836 8.13981819152832 8.06354999542236 7.91869401931763 7.86768579483032 7.88112688064575 7.89134168624878 7.90031051635742 7.90046215057373 7.89905786514282 7.89387893676758 7.88824081420898 7.87946271896362 7.87054491043091 7.8611741065979 7.85509347915649 7.85475397109985 7.85445022583008 7.85418367385864 7.85415601730347 7.85427379608154 7.85408639907837 7.85379695892334 7.85435676574707 7.85510110855103 7.86515045166016 7.8750147819519 7.88370275497437 7.89010763168335 7.89015579223633 7.89013290405273 7.89000034332275 7.88966655731201 7.88914823532104 7.8844051361084
-9999 -9999 -9999 -9999 -9999 -9999 8.21090507507324 8.20960330963135 8.20831108093262 8.19487190246582 8.18174934387207 8.16984081268311 8.15242481231689 8.12411212921143 8.04714870452881 7.91405010223389 7.86786270141602 7.88136100769043 7.89173030853271 7.90089130401611 7.89816188812256 7.89333438873291 7.88663911819458 7.87955951690674 7.86961460113525 7.86103105545044 7.85686111450195 7.85415649414062 7.85400819778442 7.85387134552002 7.85374641418457 7.85195779800415 7.84915590286255 7.84848976135254 7.84853601455688 7.84879446029663 7.84913063049316 7.85621690750122 7.86290502548218 7.86706113815308 7.87026214599609 7.87080574035645 7.87145328521729 7.87226152420044 7.87220859527588 7.87136507034302 7.86880779266357
-9999 -9999 -9999 -9999 -9999 8.21888160705566 8.2120246887207 8.21188545227051 8.20398139953613 8.18974685668945 8.17652225494385 8.1671667098999 8.14647960662842 8.10337066650391 8.02612686157227 7.909499168396 7.87001895904541 7.88352012634277 7.89345407485962 7.90201091766357 7.89585208892822 7.8870964050293 7.87818384170532 7.86918830871582 7.85953140258789 7.85212230682373 7.85200309753418 7.85191106796265 7.85186767578125 7.85183477401733 7.85181188583374 7.84903049468994 7.84456920623779 7.84368896484375 7.84400224685669 7.84405517578125 7.84410333633423 7.8483624458313 7.8521294593811 7.85276556015015 7.85348033905029 7.85441493988037 7.85558652877808 7.85712337493896 7.85753011703491 7.85689878463745 7.85627937316895
-9999 -9999 -9999 -9999 8.23247718811035 8.22260189056396 8.21888160705566 8.20772647857666 8.19584274291992 8.18230533599854 8.1700382232666 8.16263484954834 8.13420295715332 8.06416130065918 7.98816299438477 7.90528917312622 7.87943410873413 7.89273643493652 7.90007305145264 7.90510654449463 7.89350700378418 7.87897253036499 7.86527061462402 7.85262107849121 7.84858512878418 7.8454327583313 7.8451452255249 7.84486961364746 7.84461450576782 7.84445190429688 7.84438419342041 7.84342861175537 7.84193181991577 7.84180450439453 7.84213352203369 7.84233570098877 7.84253263473511 7.84446430206299 7.84624624252319 7.8470721244812 7.84792995452881 7.84887599945068 7.85003423690796 7.85151958465576 7.85304069519043 7.85459423065186 7.85500192642212
