Ecospace-environmental-drivers/Outputs/ASCII-for-ecospace/MOM6-ISIMIP3a/ph-bot/1985-05_ph-bot_MOM6-ISIMIP3a.asc
NCOLS 131 
NROWS 53 
XLLCORNER -98 
YLLCORNER 23.9265270233154 
CELLSIZE 0.133587792515755 
NODATA_value -9999 
[rows 21 to 41 of 53, columns 0 to 46 of 131]
-9999 -9999 -9999 -9999 -9999 -9999 8.14416408538818 8.14239406585693 8.13798141479492 8.13097190856934 8.12835025787354 8.12293529510498 8.12434196472168 8.12853336334229 8.13261604309082 8.13657474517822 8.13653087615967 8.13373947143555 8.14157581329346 8.15351676940918 8.15950965881348 8.16445350646973 8.16070079803467 8.15722179412842 8.15761280059814 8.15834617614746 8.16019535064697 8.16192436218262 8.16344451904297 8.1645679473877 8.16528415679932 8.16568565368652 8.16589736938477 8.16643238067627 8.16707706451416 8.16740798950195 8.16769409179688 8.16763496398926 8.16750240325928 8.16690635681152 8.16639614105225 8.1661262512207 8.1651668548584 8.1631441116333 8.16271209716797 8.16374015808105 8.16465759277344
-9999 -9999 -9999 -9999 -9999 -9999 8.14445495605469 8.14416408538818 8.140625 8.13616561889648 8.13097190856934 8.13114261627197 8.13274383544922 8.13717651367188 8.14137554168701 8.14530372619629 8.14603328704834 8.14456653594971 8.14917945861816 8.15614128112793 8.15986251831055 8.16301345825195 8.16044616699219 8.15811252593994 8.15876579284668 8.15957927703857 8.16091346740723 8.16225814819336 8.1636209487915 8.1644458770752 8.16471672058105 8.16493225097656 8.16511535644531 8.16567230224609 8.16635322570801 8.16594791412354 8.16539192199707 8.16462898254395 8.16389942169189 8.1633882522583 8.16297912597656 8.16285610198975 8.1623592376709 8.16128253936768 8.16098594665527 8.16140556335449 8.16195487976074
-9999 -9999 -9999 -9999 8.1482629776001 8.14573097229004 8.14472007751465 8.14448070526123 8.14416408538818 8.1370849609375 8.1324405670166 8.13711833953857 8.14163970947266 8.14585018157959 8.14980030059814 8.1534481048584 8.15460777282715 8.1540584564209 8.15551376342773 8.15774440765381 8.15873527526855 8.15950775146484 8.15664863586426 8.15411567687988 8.15496635437012 8.15579223632812 8.15653896331787 8.15793132781982 8.16044998168945 8.16201686859131 8.16260433197021 8.16294384002686 8.1631326675415 8.16364765167236 8.16427040100098 8.16310691833496 8.16169261932373 8.15956497192383 8.15751361846924 8.15595245361328 8.15453243255615 8.15350818634033 8.1528959274292 8.15291881561279 8.1528844833374 8.15279674530029 8.1530590057373
-9999 -9999 -9999 -9999 8.154128074646 8.14847278594971 8.14674186706543 8.14472007751465 8.14455699920654 8.14248371124268 8.14178276062012 8.14633655548096 8.14961814880371 8.15037822723389 8.15152835845947 8.15312767028809 8.15377712249756 8.15377521514893 8.15467548370361 8.15592384338379 8.14969730377197 8.14215183258057 8.10674095153809 8.07452392578125 8.07399845123291 8.07344818115234 8.07282161712646 8.08187866210938 8.107834815979 8.12940692901611 8.1464672088623 8.15281677246094 8.15263938903809 8.15209293365479 8.15142250061035 8.15036201477051 8.1491584777832 8.13566493988037 8.12110805511475 8.09978199005127 8.07876110076904 8.05858516693115 8.04636096954346 8.04642581939697 8.04699611663818 8.04803276062012 8.04956531524658
-9999 -9999 -9999 -9999 -9999 8.154128074646 8.14830112457275 8.14876365661621 8.1436939239502 8.1453914642334 8.14774227142334 8.152587890625 8.15516185760498 8.15323734283447 8.14918804168701 8.1426887512207 8.13565158843994 8.12824535369873 8.12657260894775 8.12711334228516 8.11619281768799 8.10324859619141 8.04745674133301 7.99665451049805 7.99524688720703 7.99378871917725 7.99216938018799 8.00594329833984 8.04658222198486 8.08045482635498 8.1073637008667 8.11702251434326 8.11617374420166 8.11475086212158 8.11313629150391 8.11212539672852 8.11106204986572 8.09108638763428 8.06930446624756 8.03601837158203 8.00305461883545 7.97098827362061 7.95155382156372 7.9516396522522 7.95267057418823 7.95456790924072 7.95727062225342
-9999 -9999 -9999 -9999 -9999 8.1548433303833 8.154128074646 8.14559268951416 8.13731861114502 8.13737964630127 8.1388692855835 8.14582824707031 8.15003108978271 8.14877700805664 8.12901306152344 8.08788967132568 8.04169368743896 7.99201345443726 7.9789252281189 7.97996711730957 7.97541046142578 7.9698657989502 7.94705486297607 7.92633724212646 7.92621421813965 7.92589855194092 7.92495584487915 7.93052577972412 7.94746112823486 7.95984697341919 7.96755170822144 7.96868848800659 7.96582412719727 7.96433782577515 7.96331024169922 7.96211862564087 7.96087646484375 7.95583915710449 7.94998788833618 7.93895530700684 7.92763614654541 7.91551876068115 7.90816974639893 7.9081883430481 7.90903806686401 7.91064977645874 7.91407918930054
-9999 -9999 8.15601825714111 8.15597152709961 8.15603256225586 8.15555953979492 8.15484237670898 8.14194297790527 8.12962627410889 8.13165760040283 8.13478183746338 8.14208698272705 8.14453506469727 8.13737010955811 8.09993743896484 8.02757835388184 7.95842885971069 7.89148330688477 7.87553215026855 7.8792724609375 7.87992191314697 7.88002634048462 7.87990760803223 7.87987279891968 7.88058090209961 7.88110446929932 7.88103103637695 7.88114023208618 7.88156986236572 7.87912130355835 7.87371063232422 7.86937713623047 7.86569929122925 7.86442232131958 7.86394548416138 7.86294460296631 7.86191606521606 7.86704206466675 7.87204265594482 7.87624645233154 7.87966060638428 7.88087606430054 7.88174867630005 7.88209104537964 7.88296175003052 7.88431787490845 7.88770914077759
-9999.000000000000000 -9999 -9999 -9999 8.15632152557373 8.15650653839111 8.15694332122803 8.13724899291992 8.11905956268311 8.13093280792236 8.14113330841064 8.14493083953857 8.1382417678833 8.11080551147461 8.05144214630127 7.95524024963379 7.89849615097046 7.86884880065918 7.86869525909424 7.8799295425415 7.88325786590576 7.88519048690796 7.88531684875488 7.88545274734497 7.88600015640259 7.88670492172241 7.88791847229004 7.88855457305908 7.88818264007568 7.88541078567505 7.88016986846924 7.87702465057373 7.87515687942505 7.87468528747559 7.87467956542969 7.87468147277832 7.87471914291382 7.8795919418335 7.88436365127563 7.88849306106567 7.89156103134155 7.89167404174805 7.89233922958374 7.89385747909546 7.89519119262695 7.89635515213013 7.89804029464722
-9999 -9999 -9999 -9999 8.15650844573975 8.15689754486084 8.15736293792725 8.13587760925293 8.11624145507812 8.13184356689453 8.14442253112793 8.14543342590332 8.12862300872803 8.0765495300293 8.00348091125488 7.90618419647217 7.86386442184448 7.859299659729 7.86791086196899 7.88160991668701 7.88738918304443 7.89177131652832 7.89229679107666 7.89271354675293 7.89292526245117 7.89342308044434 7.89484739303589 7.89531850814819 7.89412593841553 7.89146566390991 7.88729476928711 7.88525056838989 7.88450145721436 7.88474655151367 7.88532304763794 7.88571691513062 7.88611030578613 7.89002132415771 7.89387702941895 7.8973822593689 7.89987802505493 7.89956188201904 7.89992713928223 7.90134525299072 7.90249729156494 7.90340423583984 7.90375804901123
-9999 -9999 -9999 -9999 8.15650939941406 8.1561222076416 8.15564441680908 8.13868522644043 8.12317371368408 8.13481044769287 8.14385795593262 8.142991065979 8.11481952667236 8.03262042999268 7.95619106292725 7.88641929626465 7.86106443405151 7.86621236801147 7.87474203109741 7.88457679748535 7.89252233505249 7.90013456344604 7.90125370025635 7.90208911895752 7.90174531936646 7.90154838562012 7.90182733535767 7.90126323699951 7.89922761917114 7.89722585678101 7.8952579498291 7.894202709198 7.89370393753052 7.89455366134644 7.89585256576538 7.89586925506592 7.89572477340698 7.89778184890747 7.89985752105713 7.90204763412476 7.90368604660034 7.9037880897522 7.90373754501343 7.90345144271851 7.90360975265503 7.90417671203613 7.90367126464844
-9999 -9999 -9999 -9999 8.1561222076416 8.15554332733154 8.15486335754395 8.1430025100708 8.13209056854248 8.13963317871094 8.14527320861816 8.143630027771 8.11622714996338 8.03785228729248 7.96079874038696 7.88527011871338 7.86211633682251 7.8749303817749 7.88394832611084 7.89150047302246 7.89811372756958 7.90456104278564 7.90580034255981 7.90671682357788 7.90589046478271 7.90522146224976 7.90506315231323 7.90428256988525 7.90241527557373 7.90128707885742 7.90091991424561 7.90054368972778 7.90016269683838 7.90090942382812 7.90203237533569 7.90186166763306 7.90152072906494 7.90237998962402 7.90330839157104 7.90467739105225 7.90542221069336 7.90442848205566 7.90359020233154 7.90299320220947 7.90298652648926 7.90352201461792 7.90278720855713
-9999 -9999 -9999 -9999 8.15550994873047 8.15486335754395 8.14937114715576 8.14845180511475 8.14249610900879 8.14584732055664 8.14817428588867 8.14658069610596 8.12904357910156 8.0799560546875 8.0043306350708 7.89808416366577 7.86605834960938 7.88500261306763 7.89493656158447 7.90139102935791 7.90404796600342 7.90603494644165 7.90703964233398 7.90778350830078 7.90652894973755 7.9055552482605 7.90549087524414 7.90510749816895 7.90416717529297 7.90407514572144 7.90485620498657 7.90492630004883 7.90456342697144 7.90467739105225 7.9049506187439 7.90473413467407 7.90445232391357 7.90460538864136 7.90486192703247 7.90578126907349 7.90560531616211 7.90237903594971 7.90047454833984 7.90061235427856 7.90106153488159 7.90179634094238 7.90130424499512
-9999 -9999 -9999 -9999 8.15486335754395 8.15230751037598 8.15144729614258 8.15116691589355 8.15024852752686 8.14889717102051 8.14791297912598 8.14833545684814 8.13746166229248 8.10423755645752 8.02957916259766 7.90711498260498 7.86807584762573 7.88632869720459 7.89682197570801 7.90431880950928 7.90602874755859 7.90671730041504 7.90648078918457 7.90609884262085 7.90467309951782 7.90353107452393 7.90331029891968 7.90356159210205 7.90463781356812 7.90556478500366 7.90633821487427 7.9063663482666 7.90594053268433 7.90589284896851 7.90597105026245 7.9052619934082 7.90445137023926 7.90454435348511 7.90462350845337 7.904616355896 7.90368795394897 7.90019559860229 7.89812755584717 7.89826059341431 7.89858102798462 7.89907360076904 7.89868640899658
-9999 -9999 -9999 -9999 -9999 8.15300273895264 8.1535472869873 8.15472221374512 8.15686416625977 8.15058994293213 8.14629650115967 8.14957714080811 8.1439962387085 8.12088012695312 8.04699325561523 7.9145245552063 7.86926889419556 7.88390636444092 7.89480590820312 7.90426254272461 7.90631484985352 7.90706062316895 7.9051513671875 7.90323543548584 7.90174770355225 7.90049600601196 7.90001153945923 7.90100002288818 7.90456008911133 7.90649843215942 7.90676832199097 7.90654516220093 7.90602254867554 7.90601444244385 7.90617752075195 7.90478610992432 7.90319299697876 7.90350341796875 7.90361738204956 7.90247917175293 7.90087080001831 7.8979549407959 7.89611053466797 7.895920753479 7.89586210250854 7.89592361450195 7.89558267593384
-9999 -9999 -9999 -9999 -9999 8.15283489227295 8.15401268005371 8.15475368499756 8.15454292297363 8.14896583557129 8.14534950256348 8.14923763275146 8.14472007751465 8.12356948852539 8.05009746551514 7.91625499725342 7.87001895904541 7.88394641876221 7.8945050239563 7.90376234054565 7.90589332580566 7.90676736831665 7.90430879592896 7.90166139602661 7.89805269241333 7.89439868927002 7.89059591293335 7.89049625396729 7.89685821533203 7.90023899078369 7.90055227279663 7.90049409866333 7.90020990371704 7.8995795249939 7.89883375167847 7.89824771881104 7.89768934249878 7.89789867401123 7.89812517166138 7.89846038818359 7.89829969406128 7.89675903320312 7.89565086364746 7.89521074295044 7.89461231231689 7.89386749267578 7.89364051818848
-9999 -9999 -9999 -9999 -9999 8.15024757385254 8.15094470977783 8.15256309509277 8.15037441253662 8.14665508270264 8.14454174041748 8.14857196807861 8.14424228668213 8.12337207794189 8.05024147033691 7.91681003570557 7.87067699432373 7.88449621200562 7.89455842971802 7.90317010879517 7.9053258895874 7.90634250640869 7.90356636047363 7.90035438537598 7.89419889450073 7.88766717910767 7.87991523742676 7.87834978103638 7.88757944107056 7.89249181747437 7.8929615020752 7.89315414428711 7.89317798614502 7.89178848266602 7.88992786407471 7.89045572280884 7.89130783081055 7.89134979248047 7.89170503616333 7.89405250549316 7.89577960968018 7.89577913284302 7.8955135345459 7.89483833312988 7.89366626739502 7.89203834533691 7.89193868637085
-9999 -9999 -9999 -9999 -9999 -9999 8.14578437805176 8.14551830291748 8.14544105529785 8.14515972137451 8.1457347869873 8.14958572387695 8.14493465423584 8.12346363067627 8.04948234558105 7.91491270065308 7.86813545227051 7.8816499710083 7.89190578460693 7.90090417861938 7.90268087387085 7.90318298339844 7.89918899536133 7.89470672607422 7.88697624206543 7.87899780273438 7.87021541595459 7.86622333526611 7.8705906867981 7.87283945083618 7.87290859222412 7.87307167053223 7.87329244613647 7.87255001068115 7.87148571014404 7.87199783325195 7.87276172637939 7.87828922271729 7.88383722305298 7.88951301574707 7.89363765716553 7.89344596862793 7.8930835723877 7.89245653152466 7.89171886444092 7.89087867736816 7.88840007781982
-9999 -9999 -9999 -9999 -9999 -9999 8.14088344573975 8.1392707824707 8.14067649841309 8.14378643035889 8.14700603485107 8.15064811706543 8.14531421661377 8.12222290039062 8.04734230041504 7.91270542144775 7.86574554443359 7.87899732589722 7.88943290710449 7.89878034591675 7.89995431900024 7.89968538284302 7.89440155029297 7.88859891891479 7.87939167022705 7.87019300460815 7.86102342605591 7.85505676269531 7.85467910766602 7.85433721542358 7.85403251647949 7.85401248931885 7.85416603088379 7.85402870178223 7.85379505157471 7.85422372817993 7.85481548309326 7.86531448364258 7.87552881240845 7.8839259147644 7.88999891281128 7.88960123062134 7.88917541503906 7.88870620727539 7.88843059539795 7.88833284378052 7.88375520706177
-9999 -9999 -9999 -9999 -9999 -9999 8.13761138916016 8.13786220550537 8.13806915283203 8.14331722259521 8.14815616607666 8.15143013000488 8.14179706573486 8.10662746429443 8.03089714050293 7.90836572647095 7.86650228500366 7.8800368309021 7.89016389846802 7.89897584915161 7.89735078811646 7.89388370513916 7.88697195053101 7.87965154647827 7.86955451965332 7.86087417602539 7.85678625106812 7.85412073135376 7.85393762588501 7.8537859916687 7.85366725921631 7.85195398330688 7.8492693901062 7.84862804412842 7.84866762161255 7.84883975982666 7.84908008575439 7.85636377334595 7.86320495605469 7.86722898483276 7.87020826339722 7.87027883529663 7.87060165405273 7.87131404876709 7.8713207244873 7.87067985534668 7.86819314956665
-9999 -9999 -9999 -9999 -9999 8.13512897491455 8.13656044006348 8.13570117950439 8.13677501678467 8.1433687210083 8.14899158477783 8.1508960723877 8.13560009002686 8.08626842498779 8.01047515869141 7.90414953231812 7.86897706985474 7.88266849517822 7.89207172393799 7.89981985092163 7.89481687545776 7.88756418228149 7.87835025787354 7.86905765533447 7.85946464538574 7.8521032333374 7.85197591781616 7.85187578201294 7.85182285308838 7.851806640625 7.85182905197144 7.84916162490845 7.84485578536987 7.84396934509277 7.84422206878662 7.84421920776367 7.8442120552063 7.84847211837769 7.85224199295044 7.85289096832275 7.85349798202515 7.85398864746094 7.8549108505249 7.85650014877319 7.85693359375 7.8563060760498 7.85567188262939
-9999 -9999 -9999 -9999 8.13570499420166 8.13582038879395 8.13512897491455 8.13754940032959 8.14029216766357 8.14533042907715 8.1486759185791 8.14553928375244 8.11957454681396 8.04843902587891 7.97547054290771 7.90038776397705 7.87775373458862 7.89113903045654 7.89829349517822 7.90304183959961 7.89253950119019 7.87934589385986 7.86535787582397 7.85242700576782 7.8484468460083 7.84534025192261 7.84506464004517 7.84483194351196 7.8446741104126 7.84459257125854 7.84458923339844 7.84367847442627 7.84221410751343 7.84203052520752 7.8422737121582 7.84240055084229 7.8425235748291 7.84446287155151 7.84626579284668 7.84720182418823 7.84808397293091 7.84881734848022 7.84979248046875 7.85114049911499 7.85253000259399 7.8539571762085 7.85429811477661
