Ecospace-environmental-drivers/Outputs/ASCII-for-ecospace/MOM6-ISIMIP3a/ph-bot/1985-06_ph-bot_MOM6-ISIMIP3a.asc
NCOLS 131 
NROWS 53 
XLLCORNER -98 
YLLCORNER 23.9265270233154 
CELLSIZE 0.133587792515755 
NODATA_value -9999 
[rows 21 to 41 of 53, columns 0 to 46 of 131]
-9999 -9999 -9999 -9999 -9999 -9999 8.1316442489624 8.13217163085938 8.13316059112549 8.13476467132568 8.13083171844482 8.12861251831055 8.12988948822021 8.13369369506836 8.13075065612793 8.12002372741699 8.1081018447876 8.09536075592041 8.10128974914551 8.11442947387695 8.12291717529297 8.13058376312256 8.12913131713867 8.12787437438965 8.12991046905518 8.1320219039917 8.13437271118164 8.13676643371582 8.13923454284668 8.14189624786377 8.14475727081299 8.14742755889893 8.14998245239258 8.1515941619873 8.15289115905762 8.15348052978516 8.15396785736084 8.15397644042969 8.15399360656738 8.15407085418701 8.15427398681641 8.15482711791992 8.15453338623047 8.15293121337891 8.15242767333984 8.15293216705322 8.15371990203857
-9999 -9999 -9999 -9999 -9999 -9999 8.13152885437012 8.1316442489624 8.13269996643066 8.13353443145752 8.13476467132568 8.12911796569824 8.12496566772461 8.12377262115479 8.12194156646729 8.11937522888184 8.11504173278809 8.10949420928955 8.11470890045166 8.12407875061035 8.12988567352295 8.13506317138672 8.13217353820801 8.12957286834717 8.13085746765137 8.13223743438721 8.13392448425293 8.1356897354126 8.13759326934814 8.13965892791748 8.14189147949219 8.14396381378174 8.14593887329102 8.14754390716553 8.14902687072754 8.14904022216797 8.14885139465332 8.14876651763916 8.14871501922607 8.14887523651123 8.14914512634277 8.1497220993042 8.14986896514893 8.14935111999512 8.149245262146 8.14951705932617 8.14998435974121
-9999 -9999 -9999 -9999 8.12841129302979 8.13027477264404 8.13147830963135 8.13146495819092 8.1316442489624 8.13375473022461 8.13397312164307 8.1269474029541 8.12019443511963 8.11398220062256 8.11338901519775 8.11927700042725 8.12251091003418 8.12392044067383 8.12815380096436 8.13347721099854 8.13549327850342 8.13692665100098 8.13178062438965 8.12712001800537 8.12770652770996 8.12836742401123 8.1292724609375 8.13066005706787 8.13288879394531 8.13504505157471 8.13712501525879 8.13873767852783 8.14006614685059 8.14159107208252 8.14318180084229 8.14263916015625 8.14180183410645 8.14098453521729 8.14021492004395 8.13974666595459 8.13930988311768 8.13896083831787 8.13902473449707 8.13972759246826 8.14013671875 8.14027690887451 8.14049911499023
-9999 -9999 -9999 -9999 8.12429237365723 8.12759876251221 8.12907028198242 8.13147830963135 8.131272315979 8.12864589691162 8.12649631500244 8.12616920471191 8.1260814666748 8.12646770477295 8.12758255004883 8.12954044342041 8.13090896606445 8.13187408447266 8.13430786132812 8.13730812072754 8.12777328491211 8.11602592468262 8.08765697479248 8.0618896484375 8.06082916259766 8.0598201751709 8.05897808074951 8.06516456604004 8.08361434936523 8.10068130493164 8.11632537841797 8.12261867523193 8.12321662902832 8.12382411956787 8.124436378479 8.12396621704102 8.12326240539551 8.11083126068115 8.09828472137451 8.08500862121582 8.07069873809814 8.05351257324219 8.04340076446533 8.04422283172607 8.04484272003174 8.04527568817139 8.04574775695801
-9999 -9999 -9999 -9999 -9999 8.12429237365723 8.12555503845215 8.12666320800781 8.12854099273682 8.12317180633545 8.11998653411865 8.12515544891357 8.1299991607666 8.13419818878174 8.13382434844971 8.12817287445068 8.12150859832764 8.11414909362793 8.1131010055542 8.11449146270752 8.09742259979248 8.0770959854126 8.0344705581665 7.99575328826904 7.9936671257019 7.99158954620361 7.98954010009766 7.99865484237671 8.02725124359131 8.05332946777344 8.07681655883789 8.08540439605713 8.08491516113281 8.08460998535156 8.08436584472656 8.08391380310059 8.0832986831665 8.06398868560791 8.04446887969971 8.02361297607422 8.00098133087158 7.97340631484985 7.95697975158691 7.95778179168701 7.95851373672485 7.95918130874634 7.96021318435669
-9999 -9999 -9999 -9999 -9999 8.12639713287354 8.12429237365723 8.11978530883789 8.11546421051025 8.11609649658203 8.11771488189697 8.12310791015625 8.12528228759766 8.12108612060547 8.10519504547119 8.07581043243408 8.03406429290771 7.98382902145386 7.97193098068237 7.97483682632446 7.96784734725952 7.9591121673584 7.9415454864502 7.92564678192139 7.92525863647461 7.92475175857544 7.92385959625244 7.92770195007324 7.93980598449707 7.94902563095093 7.95527744293213 7.95569372177124 7.95255470275879 7.95135116577148 7.95079231262207 7.95011711120605 7.94939231872559 7.94397211074829 7.93853950500488 7.93302822113037 7.92641258239746 7.91672277450562 7.91090679168701 7.91107702255249 7.91149425506592 7.91213703155518 7.91508865356445
-9999 -9999 8.13051128387451 8.13014316558838 8.12989807128906 8.12850379943848 8.12639427185059 8.11563491821289 8.10587787628174 8.113205909729 8.11967849731445 8.12288188934326 8.12030601501465 8.10629653930664 8.07324028015137 8.01820659637451 7.95570468902588 7.88807392120361 7.87344074249268 7.87927150726318 7.88004732131958 7.87993049621582 7.87955141067505 7.87928295135498 7.87998962402344 7.88061237335205 7.88096189498901 7.88135862350464 7.88183641433716 7.87940359115601 7.87397480010986 7.86926746368408 7.86499834060669 7.86343050003052 7.86276245117188 7.86216974258423 7.86162185668945 7.86579990386963 7.87008666992188 7.87506246566772 7.87926816940308 7.88132905960083 7.88258361816406 7.88259077072144 7.88295555114746 7.88364791870117 7.88731813430786
-9999.000000000000000 -9999 -9999 -9999 8.1320276260376 8.13129234313965 8.13257789611816 8.11743450164795 8.10390472412109 8.1194429397583 8.13088130950928 8.12662792205811 8.11476516723633 8.08784770965576 8.03402805328369 7.94916820526123 7.89716815948486 7.86773443222046 7.86807107925415 7.8799033164978 7.88339328765869 7.88541126251221 7.88504505157471 7.88472318649292 7.8852071762085 7.88599586486816 7.88777351379395 7.8887095451355 7.88817834854126 7.88545083999634 7.88046360015869 7.877281665802 7.87520027160645 7.87443161010742 7.87410020828247 7.87425899505615 7.87451505661011 7.87892723083496 7.88340091705322 7.88826608657837 7.89195871353149 7.89238691329956 7.89298725128174 7.89385414123535 7.89473962783813 7.89564323425293 7.89741182327271
-9999 -9999 -9999 -9999 8.13464450836182 8.13628768920898 8.13624858856201 8.11997890472412 8.1056604385376 8.12423896789551 8.13691520690918 8.12699604034424 8.105299949646 8.06030178070068 7.99392652511597 7.90288639068604 7.86340951919556 7.85934352874756 7.86792373657227 7.88138723373413 7.88742017745972 7.89214181900024 7.89215183258057 7.89208316802979 7.89222288131714 7.89277791976929 7.8946795463562 7.89538717269897 7.89401054382324 7.89138698577881 7.88747978210449 7.88553619384766 7.88478755950928 7.88483047485352 7.8851375579834 7.8855037689209 7.88590240478516 7.88964700698853 7.89343976974487 7.89753723144531 7.90047836303711 7.90019989013672 7.90033960342407 7.90112495422363 7.90194749832153 7.90280389785767 7.90313482284546
-9999 -9999 -9999 -9999 8.13632011413574 8.1363525390625 8.13639259338379 8.12346267700195 8.11210823059082 8.12722301483154 8.13644599914551 8.12311363220215 8.090895652771 8.02131080627441 7.9527063369751 7.88523292541504 7.8608226776123 7.86598634719849 7.87434720993042 7.8839430809021 7.89230346679688 7.90044593811035 7.90128803253174 7.90185832977295 7.9015007019043 7.90131855010986 7.90170574188232 7.90121746063232 7.8992018699646 7.89718294143677 7.89516067504883 7.89409112930298 7.89360237121582 7.89447259902954 7.89579677581787 7.89568710327148 7.89539575576782 7.8973388671875 7.89935779571533 7.90186166763306 7.90375137329102 7.90393209457397 7.90385341644287 7.90337419509888 7.90339708328247 7.90388154983521 7.90335893630981
-9999 -9999 -9999 -9999 8.1363525390625 8.13640117645264 8.1364574432373 8.12685298919678 8.11845684051514 8.13016128540039 8.13678169250488 8.12393856048584 8.09301948547363 8.02633285522461 7.95684146881104 7.88411474227905 7.86196851730347 7.8745584487915 7.88343334197998 7.89087295532227 7.89785385131836 7.90475368499756 7.90589094161987 7.90670013427734 7.90583038330078 7.90511322021484 7.90489292144775 7.90413665771484 7.90244483947754 7.90131664276123 7.90076732635498 7.900306224823 7.89989805221558 7.90073680877686 7.90199089050293 7.90168619155884 7.90117645263672 7.90207099914551 7.90305137634277 7.90457916259766 7.90542793273926 7.90438556671143 7.90353059768677 7.90296649932861 7.90294313430786 7.9034161567688 7.90272378921509
-9999 -9999 -9999 -9999 8.13640403747559 8.1364574432373 8.13142204284668 8.13017272949219 8.12473106384277 8.13306522369385 8.13772106170654 8.12829399108887 8.1075382232666 8.06436347961426 7.99499368667603 7.89539766311646 7.86591339111328 7.88457822799683 7.89451599121094 7.90108394622803 7.90390491485596 7.9060640335083 7.90709447860718 7.9078426361084 7.90644836425781 7.90534782409668 7.90520048141479 7.90487194061279 7.9042272567749 7.90420341491699 7.90481853485107 7.90476560592651 7.90430498123169 7.90446662902832 7.90483570098877 7.90454721450806 7.90417289733887 7.90458345413208 7.9050760269165 7.90609264373779 7.90590763092041 7.90237951278687 7.90033006668091 7.90056610107422 7.90106058120728 7.90179300308228 7.90144538879395
-9999 -9999 -9999 -9999 8.1364574432373 8.1340856552124 8.13280487060547 8.13220310211182 8.1316442489624 8.13569736480713 8.13779163360596 8.1323881149292 8.1182804107666 8.08694744110107 8.01733684539795 7.90356111526489 7.86789035797119 7.88585901260376 7.89636993408203 7.90400123596191 7.90583038330078 7.90663528442383 7.90648508071899 7.90617084503174 7.90466642379761 7.90343284606934 7.90307903289795 7.90334749221802 7.904700756073 7.90570688247681 7.90635585784912 7.90628337860107 7.90577173233032 7.90578937530518 7.90598297119141 7.90519094467163 7.9042706489563 7.90455913543701 7.90480089187622 7.90474987030029 7.90374898910522 7.90010547637939 7.89797878265381 7.89819574356079 7.89855861663818 7.89905500411987 7.89878034591675
-9999 -9999 -9999 -9999 -9999 8.13534164428711 8.13565921783447 8.13603782653809 8.13883113861084 8.13821315765381 8.13749122619629 8.13637065887451 8.12740421295166 8.1029109954834 8.03290557861328 7.91038703918457 7.8690242767334 7.88339424133301 7.89426851272583 7.90379285812378 7.90598821640015 7.90688991546631 7.90509939193726 7.90329360961914 7.90185546875 7.90059614181519 7.89991664886475 7.90085411071777 7.90461349487305 7.90661764144897 7.90681505203247 7.9065408706665 7.90597867965698 7.90607976913452 7.90640258789062 7.90488433837891 7.90312671661377 7.90344762802124 7.90354061126709 7.90218305587769 7.90045976638794 7.89771604537964 7.89599084854126 7.89583873748779 7.89579105377197 7.89583873748779 7.89552164077759
-9999 -9999 -9999 -9999 -9999 8.13666725158691 8.1375617980957 8.13873767852783 8.13871669769287 8.13734722137451 8.13632202148438 8.13661766052246 8.12905979156494 8.1059627532959 8.03603839874268 7.91208219528198 7.86979103088379 7.8835825920105 7.89403486251831 7.90319728851318 7.90548324584961 7.90655565261841 7.9042272567749 7.90169811248779 7.89812040328979 7.89445686340332 7.8905143737793 7.89035844802856 7.89681005477905 7.90024280548096 7.90056800842285 7.90055990219116 7.90034818649292 7.89974117279053 7.89900207519531 7.89827537536621 7.89755630493164 7.89760065078735 7.89769458770752 7.89810371398926 7.8980188369751 7.89655828475952 7.89552927017212 7.89516735076904 7.89459609985352 7.89383363723755 7.89361953735352
-9999 -9999 -9999 -9999 -9999 8.13585948944092 8.13677978515625 8.13791084289551 8.1370906829834 8.13578033447266 8.13497257232666 8.13609027862549 8.12917041778564 8.10634326934814 8.03659820556641 7.91271591186523 7.87048196792603 7.88431978225708 7.89418745040894 7.90252208709717 7.90484142303467 7.90609884262085 7.90346097946167 7.90036821365356 7.89419412612915 7.88763380050659 7.87982082366943 7.87820672988892 7.88741016387939 7.8923602104187 7.89293336868286 7.89328813552856 7.89350986480713 7.89203023910522 7.88998413085938 7.89036273956299 7.89106941223145 7.89077425003052 7.89090013504028 7.89371109008789 7.89575338363647 7.89565515518188 7.89538383483887 7.89484453201294 7.89372682571411 7.8920783996582 7.89199733734131
-9999 -9999 -9999 -9999 -9999 -9999 8.13323497772217 8.13369178771973 8.13366031646729 8.13374328613281 8.13415813446045 8.13584232330322 8.12943553924561 8.10701847076416 8.03671932220459 7.91117238998413 7.86810064315796 7.88166761398315 7.89167881011963 7.90031623840332 7.90227842330933 7.90306186676025 7.8991641998291 7.89476299285889 7.88702249526978 7.87902307510376 7.87018442153931 7.8661527633667 7.8705096244812 7.87276840209961 7.87286901473999 7.87310028076172 7.87341117858887 7.87262916564941 7.87148284912109 7.8718900680542 7.87254571914673 7.87799644470215 7.88348770141602 7.88923692703247 7.89343643188477 7.89332056045532 7.89306163787842 7.89258193969727 7.89187574386597 7.89096307754517 7.88849544525146
-9999 -9999 -9999 -9999 -9999 -9999 8.12921524047852 8.12810230255127 8.13008880615234 8.13174915313721 8.13352394104004 8.13573932647705 8.12952518463135 8.10663223266602 8.0357141494751 7.90938138961792 7.86583566665649 7.87914276123047 7.88931035995483 7.89826488494873 7.89963865280151 7.89967489242554 7.89444875717163 7.88869380950928 7.87948656082153 7.87027502059937 7.86105012893677 7.85505056381226 7.8546781539917 7.85431957244873 7.85397529602051 7.85393142700195 7.85407066345215 7.85394859313965 7.85373973846436 7.85410928726196 7.85463094711304 7.86529445648193 7.87560987472534 7.88370847702026 7.88962745666504 7.889479637146 7.88926315307617 7.88894033432007 7.88867282867432 7.88845586776733 7.88388156890869
-9999 -9999 -9999 -9999 -9999 -9999 8.12536811828613 8.12585067749023 8.12588119506836 8.13044357299805 8.1345739364624 8.13704967498779 8.12765789031982 8.09478187561035 8.02289199829102 7.9059853553772 7.86628007888794 7.87959337234497 7.88970899581909 7.89858913421631 7.89710187911987 7.89378499984741 7.88696050643921 7.87971639633179 7.86961555480957 7.86091756820679 7.85676717758179 7.85405015945435 7.853835105896 7.85365200042725 7.85350179672241 7.85179853439331 7.84914875030518 7.84853935241699 7.84861087799072 7.84875631332397 7.84896326065063 7.85623931884766 7.86305809020996 7.86696863174438 7.8699312210083 7.87025737762451 7.87075519561768 7.87151956558228 7.87151527404785 7.87080526351929 7.86830615997314
-9999 -9999 -9999 -9999 -9999 8.12228393554688 8.12310123443604 8.12215137481689 8.12248516082764 8.12836360931396 8.13342094421387 8.13533687591553 8.12158107757568 8.07681560516357 8.0051326751709 7.9023904800415 7.86846160888672 7.88178968429565 7.89139413833618 7.89956140518188 7.89463758468628 7.88740396499634 7.87828922271729 7.86908578872681 7.85948801040649 7.85210847854614 7.85191965103149 7.85175752639771 7.85164070129395 7.85158777236938 7.8516001701355 7.8489727973938 7.84473752975464 7.84388637542725 7.844162940979 7.84416437149048 7.84415817260742 7.84829473495483 7.85195970535278 7.85262250900269 7.85330104827881 7.85402536392212 7.85508728027344 7.8566722869873 7.85708618164062 7.8564248085022 7.85576629638672
-9999 -9999 -9999 -9999 8.12165832519531 8.12240123748779 8.12228393554688 8.12211799621582 8.1220645904541 8.12344264984131 8.124192237854 8.12253570556641 8.10006713867188 8.03641986846924 7.96926736831665 7.89806938171387 7.87701177597046 7.89038705825806 7.89779853820801 7.90290784835815 7.89244031906128 7.87922382354736 7.8652811050415 7.85239267349243 7.84841823577881 7.84530878067017 7.84500360488892 7.84472465515137 7.84449148178101 7.84440231323242 7.84446144104004 7.84360837936401 7.842200756073 7.84200572967529 7.84221458435059 7.84236240386963 7.8425145149231 7.84442329406738 7.84618997573853 7.84705400466919 7.84791278839111 7.84875822067261 7.8498330116272 7.85126161575317 7.85266065597534 7.85403299331665 7.85435724258423
