Ecospace-environmental-drivers/Outputs/ASCII-for-ecospace/MOM6-ISIMIP3a/ph-bot/1986-08_ph-bot_MOM6-ISIMIP3a.asc
NCOLS 131 
NROWS 53 
XLLCORNER -98 
YLLCORNER 23.9265270233154 
CELLSIZE 0.133587792515755 
NODATA_value -9999 
[rows 21 to 41 of 53, columns 47 to 93 of 131]
8.12978935241699 8.12942314147949 8.12911987304688 8.12959575653076 8.13012886047363 8.13008499145508 8.13016033172607 8.13083839416504 8.13165473937988 8.13280773162842 8.13418674468994 8.1358757019043 8.13316059112549 8.12684345245361 8.0576696395874 7.95872163772583 7.90896701812744 7.8709659576416 7.87243366241455 7.87655067443848 7.87976455688477 7.88432502746582 7.89452314376831 7.90057039260864 7.8978533744812 7.89478302001953 7.89128065109253 7.88920402526855 7.8881664276123 7.88325214385986 7.87673234939575 7.87525939941406 7.87477874755859 7.88264942169189 7.89072370529175 7.8977689743042 7.8996319770813 7.8832745552063 7.87060499191284 7.86478471755981 7.8625316619873 7.86416530609131 7.86855792999268 7.8747353553772 7.89053678512573 7.9097957611084 7.94527292251587
8.13188743591309 8.12981033325195 8.12723541259766 8.12717914581299 8.1273717880249 8.12731456756592 8.1243257522583 8.10642242431641 8.09416103363037 8.09552574157715 8.08553695678711 8.05996417999268 8.03858852386475 8.0206470489502 7.97380781173706 7.91328001022339 7.88706731796265 7.86905384063721 7.87712907791138 7.88651180267334 7.8888373374939 7.89195108413696 7.89836406707764 7.90115356445312 7.89629411697388 7.89232206344604 7.88943481445312 7.88647747039795 7.883469581604 7.87944936752319 7.87501001358032 7.873131275177 7.87175607681274 7.87396907806396 7.87642860412598 7.87999773025513 7.88160276412964 7.87630367279053 7.87500905990601 7.8811502456665 7.88216972351074 7.87760877609253 7.87440872192383 7.87208890914917 7.87701797485352 7.88455057144165 7.91238832473755
8.12726211547852 8.12257289886475 8.11661529541016 8.11601448059082 8.11594104766846 8.11527919769287 8.1088924407959 8.07338523864746 8.0487756729126 8.05047798156738 8.02983379364014 7.97851085662842 7.93981313705444 7.91144466400146 7.88807725906372 7.86707782745361 7.86562919616699 7.86885166168213 7.88328647613525 7.89754629135132 7.89805459976196 7.89899587631226 7.90174961090088 7.90149259567261 7.89487981796265 7.89020442962646 7.88789653778076 7.88392782211304 7.87874841690063 7.87560129165649 7.87329626083374 7.87135219573975 7.86947870254517 7.86533260345459 7.86144065856934 7.86086082458496 7.86179161071777 7.8680362701416 7.87844944000244 7.89660453796387 7.90136384963989 7.89152812957764 7.88189601898193 7.87239551544189 7.86665678024292 7.86226892471313 7.88113737106323
8.03760528564453 8.02158069610596 8.00089454650879 7.99978303909302 8.00026416778564 7.98963832855225 7.97820425033569 7.96265840530396 7.95097637176514 7.94862461090088 7.93749809265137 7.91432332992554 7.89679145812988 7.88387632369995 7.87634134292603 7.8713550567627 7.87506771087646 7.88085889816284 7.89073944091797 7.90032052993774 7.90144968032837 7.90250492095947 7.90325164794922 7.90168046951294 7.89521598815918 7.89057779312134 7.88817119598389 7.88369655609131 7.87771511077881 7.87427139282227 7.87187910079956 7.86865901947021 7.86527681350708 7.86263942718506 7.86022424697876 7.85971546173096 7.85985088348389 7.86225318908691 7.86662197113037 7.87464427947998 7.87636423110962 7.87121772766113 7.8729076385498 7.87902164459229 7.87864446640015 7.87593555450439 7.87766408920288
7.95725870132446 7.93497657775879 7.90597105026245 7.90465402603149 7.90551662445068 7.88869619369507 7.87473964691162 7.87535429000854 7.87424993515015 7.86899566650391 7.86586856842041 7.86566162109375 7.86549758911133 7.86536836624146 7.87029886245728 7.87762689590454 7.88419580459595 7.89058399200439 7.89607524871826 7.90126514434814 7.90297222137451 7.90417528152466 7.90326929092407 7.90082311630249 7.89512586593628 7.89089488983154 7.88845586776733 7.88354873657227 7.87684297561646 7.87313175201416 7.87066030502319 7.86644840240479 7.86189413070679 7.86049747467041 7.85929441452026 7.85884046554565 7.8583197593689 7.85756349563599 7.85694980621338 7.85660123825073 7.85579252243042 7.85448217391968 7.86427783966064 7.88125944137573 7.88488912582397 7.88372230529785 7.8749885559082
7.91773176193237 7.91145324707031 7.90223979949951 7.90205430984497 7.90253496170044 7.89604759216309 7.89064407348633 7.89075565338135 7.88992309570312 7.88681268692017 7.88503170013428 7.88507604598999 7.88562536239624 7.88658714294434 7.88922071456909 7.89264631271362 7.89196491241455 7.89030265808105 7.89212512969971 7.89418888092041 7.89628505706787 7.89778327941895 7.89677715301514 7.89538240432739 7.89316606521606 7.89096593856812 7.88878583908081 7.88376712799072 7.87668037414551 7.87282705307007 7.87031316757202 7.86635112762451 7.86210441589355 7.86077308654785 7.85961961746216 7.8591513633728 7.85858392715454 7.85766887664795 7.8567271232605 7.85573387145996 7.85463666915894 7.85342454910278 7.85722064971924 7.86425685882568 7.86595153808594 7.86572694778442 7.87581062316895
7.89300346374512 7.89692878723145 7.9005331993103 7.90109872817993 7.90136337280273 7.90188932418823 7.90236616134644 7.90259122848511 7.90230321884155 7.90077829360962 7.89980554580688 7.89959049224854 7.89971160888672 7.90010833740234 7.90045642852783 7.90078210830688 7.89602470397949 7.89005327224731 7.8896918296814 7.88985681533813 7.89207124710083 7.89363622665405 7.89248371124268 7.89128637313843 7.88999319076538 7.88848972320557 7.88672876358032 7.88223886489868 7.87576103210449 7.87174510955811 7.86874914169312 7.86558294296265 7.8623833656311 7.86116743087769 7.86008167266846 7.85955333709717 7.8589015007019 7.85781478881836 7.8565878868103 7.85509967803955 7.85375452041626 7.8525652885437 7.85224056243896 7.85247421264648 7.85278367996216 7.85312080383301 7.87420082092285
7.90056133270264 7.90203952789307 7.90324401855469 7.90373086929321 7.90413999557495 7.90443754196167 7.90496301651001 7.90664672851562 7.90749835968018 7.90634107589722 7.90500211715698 7.90341281890869 7.9006175994873 7.89683485031128 7.89492321014404 7.89389801025391 7.89199113845825 7.88987398147583 7.89056921005249 7.89151287078857 7.89325284957886 7.89438724517822 7.89298629760742 7.89012336730957 7.88417482376099 7.88045644760132 7.87946319580078 7.87689924240112 7.87318992614746 7.86896657943726 7.86453008651733 7.8633508682251 7.86281204223633 7.86182117462158 7.86084318161011 7.86015605926514 7.85933589935303 7.85804843902588 7.8566312789917 7.85497188568115 7.85347032546997 7.85213994979858 7.8517918586731 7.85207939147949 7.85220575332642 7.8522744178772 7.86728572845459
7.90408277511597 7.903733253479 7.90320110321045 7.90340662002563 7.90371322631836 7.9047212600708 7.90592479705811 7.90812301635742 7.90922069549561 7.90766000747681 7.90544652938843 7.90233612060547 7.8974027633667 7.89097785949707 7.88823747634888 7.88724184036255 7.88682556152344 7.88654756546021 7.88746738433838 7.88852214813232 7.89034414291382 7.89154672622681 7.89015817642212 7.88695669174194 7.87992906570435 7.87567329406738 7.87480640411377 7.8733868598938 7.87156581878662 7.86736536026001 7.86218023300171 7.86218595504761 7.86321210861206 7.86249828338623 7.86169672012329 7.86067056655884 7.85951709747314 7.85791492462158 7.85629749298096 7.85465288162231 7.85315799713135 7.85182571411133 7.85145998001099 7.85171985626221 7.85175371170044 7.85170602798462 7.86068153381348
7.90252447128296 7.90112924575806 7.89969348907471 7.89936256408691 7.89925670623779 7.90215587615967 7.90482950210571 7.9063549041748 7.90657377243042 7.903639793396 7.89991235733032 7.89509534835815 7.88900470733643 7.88187122344971 7.88010120391846 7.88087272644043 7.88023614883423 7.87926292419434 7.87935876846313 7.87968492507935 7.88228845596313 7.88418817520142 7.88313961029053 7.8812689781189 7.87766218185425 7.87498044967651 7.8734302520752 7.87217426300049 7.87113237380981 7.86724615097046 7.86218214035034 7.8623628616333 7.86357498168945 7.86320447921753 7.86266756057739 7.86107587814331 7.85937976837158 7.85731840133667 7.85548973083496 7.85409259796143 7.85280990600586 7.85165166854858 7.8512749671936 7.85140371322632 7.85145902633667 7.85148811340332 7.85446739196777
7.90129566192627 7.89932155609131 7.89725780487061 7.89727973937988 7.89758157730103 7.89967918395996 7.90151929855347 7.90204763412476 7.90147066116333 7.89822387695312 7.89359760284424 7.88707780838013 7.88130283355713 7.87613725662231 7.87516736984253 7.87618541717529 7.87562274932861 7.87468242645264 7.87479686737061 7.87513542175293 7.87768268585205 7.87976980209351 7.87993001937866 7.87934160232544 7.87717199325562 7.87506580352783 7.87303781509399 7.87166690826416 7.870774269104 7.86711454391479 7.86230945587158 7.86240100860596 7.86345481872559 7.86314678192139 7.86265563964844 7.86086559295654 7.85899448394775 7.85683727264404 7.85500526428223 7.85377740859985 7.85263156890869 7.85157585144043 7.85116100311279 7.85116052627563 7.85118865966797 7.85122728347778 7.85071229934692
7.90031337738037 7.89811134338379 7.89562606811523 7.89666700363159 7.89799308776855 7.8972692489624 7.89654731750488 7.895836353302 7.89452457427979 7.891761302948 7.8866982460022 7.87847757339478 7.87412357330322 7.87293291091919 7.87263488769531 7.8727593421936 7.87249183654785 7.87213039398193 7.87289476394653 7.87380170822144 7.87566375732422 7.87755632400513 7.87957715988159 7.88023471832275 7.87801456451416 7.87573480606079 7.87338304519653 7.87168836593628 7.87047243118286 7.86697435379028 7.86253070831299 7.86233377456665 7.86297178268433 7.86251592636108 7.8619065284729 7.86019468307495 7.85842370986938 7.85644245147705 7.85476350784302 7.85364532470703 7.85258054733276 7.85157346725464 7.85109996795654 7.85097169876099 7.85093641281128 7.85093402862549 7.84880208969116
7.89811134338379 7.89661407470703 7.89488554000854 7.89615535736084 7.89759826660156 7.89543628692627 7.89293670654297 7.88872003555298 7.8851580619812 7.88317728042603 7.87862539291382 7.87054395675659 7.8670015335083 7.86717224121094 7.8672194480896 7.8672080039978 7.86720561981201 7.86720609664917 7.8679895401001 7.8689751625061 7.87211942672729 7.87508678436279 7.87731456756592 7.87831497192383 7.87672472000122 7.87490701675415 7.87281084060669 7.87127637863159 7.87015056610107 7.86672592163086 7.86234903335571 7.8615608215332 7.86147832870483 7.86087560653687 7.86020135879517 7.85901737213135 7.85776662826538 7.85627889633179 7.85492753982544 7.85382843017578 7.85276508331299 7.85173940658569 7.8511905670166 7.85094976425171 7.8508358001709 7.85076713562012 7.84807348251343
7.89538669586182 7.89499425888062 7.89452648162842 7.89568662643433 7.89685869216919 7.89385080337524 7.88990926742554 7.88121557235718 7.87475442886353 7.87368392944336 7.87004995346069 7.86289644241333 7.85990381240845 7.86031579971313 7.86056804656982 7.86074542999268 7.86099624633789 7.86126518249512 7.86179780960083 7.86265182495117 7.86792182922363 7.87250804901123 7.87423372268677 7.87519025802612 7.87452173233032 7.87343740463257 7.87184572219849 7.87067842483521 7.8698205947876 7.86643123626709 7.86199426651001 7.8604850769043 7.85955190658569 7.85880279541016 7.85808706283569 7.85762357711792 7.85707235336304 7.85621500015259 7.85526561737061 7.8541464805603 7.85304975509644 7.85197782516479 7.85134601593018 7.85099935531616 7.85080003738403 7.85065364837646 7.84785175323486
7.89405822753906 7.8937726020813 7.89328193664551 7.89396572113037 7.89466428756714 7.89249992370605 7.88848114013672 7.87503099441528 7.86527872085571 7.8644552230835 7.86227369308472 7.85822725296021 7.85667562484741 7.85716533660889 7.85746049880981 7.85766363143921 7.85799789428711 7.85836410522461 7.85908126831055 7.860023021698 7.8638744354248 7.86712121963501 7.86783647537231 7.86824178695679 7.86799240112305 7.86758995056152 7.86700105667114 7.86629915237427 7.86551570892334 7.8631010055542 7.86001062393188 7.8585090637207 7.85731935501099 7.85661840438843 7.85598468780518 7.85583353042603 7.85562324523926 7.85520601272583 7.85469818115234 7.85402202606201 7.85311698913574 7.85196161270142 7.85131311416626 7.85099267959595 7.85081338882446 7.85068464279175 7.84780597686768
7.89301919937134 7.89263343811035 7.89185380935669 7.89198589324951 7.89216899871826 7.89119672775269 7.88738393783569 7.86911964416504 7.85599565505981 7.85528135299683 7.85466289520264 7.85417461395264 7.85424852371216 7.85478210449219 7.85508632659912 7.85528135299683 7.85566425323486 7.85609197616577 7.85708475112915 7.85815858840942 7.85985803604126 7.86115264892578 7.86075305938721 7.86050319671631 7.86056852340698 7.86083698272705 7.86135387420654 7.86113786697388 7.86038827896118 7.8591423034668 7.85769033432007 7.85634613037109 7.8550238609314 7.85441017150879 7.85388469696045 7.85396146774292 7.85401821136475 7.85400152206421 7.85394287109375 7.85380601882935 7.85313844680786 7.85189247131348 7.85124111175537 7.85097408294678 7.85083675384521 7.850745677948 7.84779596328735
7.88556575775146 7.88402271270752 7.88288927078247 7.88261938095093 7.88224267959595 7.87660694122314 7.86998128890991 7.85832071304321 7.85002756118774 7.8498649597168 7.85064172744751 7.852707862854 7.85375547409058 7.85396909713745 7.85409212112427 7.85417222976685 7.85431003570557 7.85446119308472 7.85501670837402 7.85563898086548 7.85682678222656 7.85780620574951 7.85791349411011 7.85799074172974 7.85800313949585 7.85810708999634 7.858323097229 7.8580961227417 7.85754680633545 7.8563985824585 7.85500240325928 7.85408115386963 7.85325384140015 7.85293436050415 7.85266971588135 7.85275077819824 7.85281372070312 7.85281181335449 7.85283946990967 7.85292196273804 7.85259103775024 7.85180997848511 7.85134553909302 7.8510856628418 7.85093832015991 7.85083103179932 7.84793043136597
7.87742805480957 7.87487363815308 7.87345123291016 7.87285280227661 7.87200164794922 7.86205244064331 7.85292959213257 7.84801054000854 7.84463691711426 7.84499454498291 7.84696960449219 7.85116624832153 7.8531174659729 7.85323095321655 7.85324716567993 7.85321712493896 7.85311841964722 7.85300302505493 7.85311460494995 7.85328102111816 7.85402297973633 7.85473871231079 7.85534429550171 7.85573816299438 7.85568380355835 7.85560274124146 7.8554892539978 7.85524225234985 7.85489892959595 7.85384464263916 7.8524956703186 7.85199689865112 7.85166549682617 7.85162448883057 7.85160350799561 7.85167551040649 7.85172986984253 7.85172128677368 7.851806640625 7.8520655632019 7.85204744338989 7.85172843933105 7.85145139694214 7.8512020111084 7.85104370117188 7.85091781616211 7.84805965423584
7.86505699157715 7.8635458946228 7.8625602722168 7.86235094070435 7.8619499206543 7.85422134399414 7.84740781784058 7.84524869918823 7.84381914138794 7.84415006637573 7.8453049659729 7.84758949279785 7.85000991821289 7.85254144668579 7.85333156585693 7.85329675674438 7.85319900512695 7.8530855178833 7.85301399230957 7.8529634475708 7.85317754745483 7.85339546203613 7.85363149642944 7.85376024246216 7.8536639213562 7.85357761383057 7.85350322723389 7.8533821105957 7.85322713851929 7.85273170471191 7.85209560394287 7.85188913345337 7.85176706314087 7.851731300354 7.85170364379883 7.85172891616821 7.85173654556274 7.85168123245239 7.85169219970703 7.85182476043701 7.85181951522827 7.85166454315186 7.85149192810059 7.85130739212036 7.85115337371826 7.8510103225708 7.84806728363037
7.85515642166138 7.85414743423462 7.85306596755981 7.85301685333252 7.85287809371948 7.84745979309082 7.84292650222778 7.84289693832397 7.84295415878296 7.84322071075439 7.84369468688965 7.84445381164551 7.84697961807251 7.85095071792603 7.85221242904663 7.85219049453735 7.85210943222046 7.85201501846313 7.8518214225769 7.85162448883057 7.85146951675415 7.8513355255127 7.85128831863403 7.85121631622314 7.85109186172485 7.85102224349976 7.85102081298828 7.85102844238281 7.85104370117188 7.85098028182983 7.85088491439819 7.85089063644409 7.85091638565063 7.85088968276978 7.85086536407471 7.85087919235229 7.85088968276978 7.8508882522583 7.85102701187134 7.8514256477356 7.85162258148193 7.85159921646118 7.85151481628418 7.85139131546021 7.85097122192383 7.85044479370117 7.84768342971802
7.85431480407715 7.85182094573975 7.84869146347046 7.8479642868042 7.8474006652832 7.84461879730225 7.84225940704346 7.84204864501953 7.84191703796387 7.84197759628296 7.84228563308716 7.842933177948 7.84422969818115 7.84605741500854 7.84668111801147 7.84673452377319 7.84673166275024 7.84671545028687 7.84662580490112 7.84654092788696 7.8466010093689 7.84664726257324 7.84663581848145 7.84659576416016 7.84649515151978 7.84652519226074 7.84671592712402 7.84686517715454 7.84698486328125 7.84688854217529 7.84670305252075 7.84662866592407 7.84657573699951 7.8465723991394 7.8465838432312 7.84671688079834 7.84691333770752 7.84733247756958 7.84834241867065 7.85044765472412 7.85154056549072 7.8515305519104 7.85147666931152 7.85139513015747 7.84971714019775 7.84746551513672 7.84586238861084
