Ecospace-environmental-drivers/Outputs/ASCII-for-ecospace/MOM6-ISIMIP3a/ph-bot/1987-12_ph-bot_MOM6-ISIMIP3a.asc
NCOLS 131 
NROWS 53 
XLLCORNER -98 
YLLCORNER 23.9265270233154 
CELLSIZE 0.133587792515755 
NODATA_value -9999 
[rows 21 to 41 of 53, columns 0 to 46 of 131]
-9999 -9999 -9999 -9999 -9999 -9999 8.23642635345459 8.2355260848999 8.23306369781494 8.22979736328125 8.23210144042969 8.24188137054443 8.2380199432373 8.22651767730713 8.21662616729736 8.20859241485596 8.20027446746826 8.19176197052002 8.18120193481445 8.1698522567749 8.16725254058838 8.16619873046875 8.16199779510498 8.15840721130371 8.16046619415283 8.16224384307861 8.16311359405518 8.16372299194336 8.16387939453125 8.1649227142334 8.16687965393066 8.1683931350708 8.16963577270508 8.16994857788086 8.16995143890381 8.16980648040771 8.16964626312256 8.170334815979 8.17101097106934 8.17160320281982 8.17173480987549 8.17058658599854 8.16887378692627 8.16628742218018 8.16219139099121 8.15671062469482 8.15000152587891
-9999 -9999 -9999 -9999 -9999 -9999 8.23647880554199 8.23642635345459 8.23462581634521 8.23140335083008 8.22979736328125 8.2246265411377 8.21690940856934 8.20415592193604 8.19413566589355 8.18726825714111 8.18097496032715 8.17507648468018 8.16836833953857 8.16134834289551 8.15913772583008 8.15777587890625 8.15225887298584 8.14732933044434 8.14804744720459 8.14862060546875 8.14872169494629 8.14900493621826 8.14960384368896 8.15097045898438 8.15312957763672 8.15515995025635 8.15711307525635 8.15829849243164 8.15922832489014 8.15776348114014 8.15598773956299 8.15684413909912 8.15768051147461 8.15838527679443 8.15892124176025 8.15898609161377 8.15787601470947 8.15495014190674 8.15044593811035 8.14449405670166 8.13806247711182
-9999 -9999 -9999 -9999 8.23279571533203 8.23514556884766 8.23670959472656 8.23630046844482 8.23642635345459 8.23282527923584 8.22656536102295 8.21012783050537 8.19478225708008 8.18159961700439 8.17196369171143 8.16641902923584 8.16229724884033 8.15915298461914 8.15644359588623 8.15390300750732 8.15127086639404 8.14862251281738 8.14053916931152 8.13314723968506 8.13250350952148 8.13185977935791 8.13121604919434 8.13143253326416 8.13315200805664 8.13544845581055 8.13834095001221 8.14099025726318 8.14349269866943 8.14542865753174 8.14717578887939 8.1444616317749 8.14115619659424 8.14140892028809 8.14162540435791 8.14161682128906 8.14166259765625 8.14186382293701 8.14070606231689 8.13744640350342 8.1326789855957 8.12652683258057 8.12062931060791
-9999 -9999 -9999 -9999 8.22762107849121 8.2317066192627 8.23358249664307 8.23670959472656 8.23576641082764 8.22376728057861 8.2106990814209 8.19354343414307 8.17852401733398 8.1677303314209 8.15986728668213 8.15538597106934 8.15250587463379 8.15072441101074 8.14887237548828 8.14699363708496 8.135573387146 8.12246990203857 8.09074878692627 8.06198692321777 8.06127452850342 8.06060791015625 8.06008625030518 8.06490516662598 8.07904434204102 8.09332370758057 8.10774707794189 8.11381435394287 8.11479091644287 8.11557769775391 8.11629962921143 8.11524486541748 8.11385822296143 8.10050392150879 8.0870418548584 8.07289505004883 8.05790233612061 8.04055500030518 8.02919006347656 8.02706909179688 8.02458190917969 8.02175807952881 8.01907634735107
-9999 -9999 -9999 -9999 -9999 8.22762107849121 8.22891426086426 8.23045539855957 8.23173141479492 8.21298503875732 8.19454288482666 8.17726230621338 8.16275882720947 8.1537504196167 8.14467430114746 8.13551998138428 8.12704277038574 8.11903095245361 8.11602020263672 8.11494064331055 8.09826278686523 8.07883262634277 8.03291034698486 7.99132537841797 7.99072217941284 7.99016571044922 7.9897608757019 7.99742984771729 8.01918983459473 8.04066276550293 8.06184196472168 8.06933975219727 8.06850242614746 8.06824684143066 8.06818580627441 8.06836986541748 8.06843185424805 8.04687881469727 8.02516174316406 8.00240612030029 7.97821140289307 7.95000886917114 7.9325122833252 7.93156051635742 7.9310998916626 7.93109035491943 7.93126964569092
-9999 -9999 -9999 -9999 -9999 8.22289276123047 8.22762107849121 8.22087287902832 8.21289348602295 8.19464874267578 8.17711544036865 8.16231060028076 8.14916133880615 8.13929080963135 8.1159029006958 8.07691860198975 8.03286552429199 7.9853310585022 7.97231864929199 7.97263622283936 7.96617984771729 7.95852851867676 7.93977975845337 7.92285346984863 7.92313385009766 7.92327404022217 7.92296123504639 7.92579889297485 7.93413352966309 7.94180822372437 7.94880390167236 7.94901704788208 7.94509792327881 7.94427728652954 7.94448852539062 7.94406986236572 7.94352388381958 7.9374794960022 7.93128871917725 7.92416763305664 7.91636228561401 7.90665340423584 7.90089654922485 7.90124797821045 7.90170192718506 7.90225124359131 7.90373849868774
-9999 -9999 8.21354293823242 8.21440696716309 8.21502685546875 8.21815967559814 8.22289848327637 8.20949649810791 8.19498157501221 8.17860698699951 8.16321659088135 8.15159225463867 8.13838672637939 8.12205219268799 8.0823392868042 8.01565170288086 7.9509162902832 7.8875207901001 7.87244033813477 7.87601613998413 7.87742710113525 7.8784556388855 7.87816333770752 7.87795114517212 7.8786449432373 7.87917804718018 7.87918949127197 7.87893676757812 7.87822246551514 7.87621068954468 7.87286376953125 7.86835145950317 7.86312961578369 7.8622260093689 7.86276197433472 7.86224603652954 7.86162281036377 7.86632013320923 7.87082624435425 7.8741192817688 7.87721824645996 7.87977981567383 7.88194131851196 7.88348484039307 7.8847451210022 7.88574504852295 7.88796663284302
-9999.000000000000000 -9999 -9999 -9999 8.21003532409668 8.21189498901367 8.20900821685791 8.1942081451416 8.17908954620361 8.16757488250732 8.15701580047607 8.15011215209961 8.13377094268799 8.09875106811523 8.03832054138184 7.94856882095337 7.89564609527588 7.8680157661438 7.86817789077759 7.8790717124939 7.88321256637573 7.88616180419922 7.88530540466309 7.88447523117065 7.88455724716187 7.88481855392456 7.88566160202026 7.88611841201782 7.88590145111084 7.88317489624023 7.87786531448364 7.87421226501465 7.87156820297241 7.87163686752319 7.87261009216309 7.87310028076172 7.87355661392212 7.87859344482422 7.88326120376587 7.88557767868042 7.88761329650879 7.88886642456055 7.89060735702515 7.89310264587402 7.89493131637573 7.89614772796631 7.89785099029541
-9999 -9999 -9999 -9999 8.20382404327393 8.20005130767822 8.20036697387695 8.1855354309082 8.17043781280518 8.16156005859375 8.15337467193604 8.1478385925293 8.12465476989746 8.06654834747314 7.99356365203857 7.90341091156006 7.86414289474487 7.8598198890686 7.86837768554688 7.88190937042236 7.88812780380249 7.89305591583252 7.89231538772583 7.89151954650879 7.89129781723022 7.89132595062256 7.89216566085815 7.89255428314209 7.89215421676636 7.88941764831543 7.88427639007568 7.88180303573608 7.88095474243164 7.88172626495361 7.88303756713867 7.88385391235352 7.8846263885498 7.88878870010376 7.89261245727539 7.89428091049194 7.89564514160156 7.89616107940674 7.89734649658203 7.89956569671631 7.90120840072632 7.90232229232788 7.90315389633179
-9999 -9999 -9999 -9999 8.19978904724121 8.19952583312988 8.1992015838623 8.18518543243408 8.17089653015137 8.16185760498047 8.1529541015625 8.14456653594971 8.10987758636475 8.02314567565918 7.94787788391113 7.88583755493164 7.86254119873047 7.86585235595703 7.874192237854 7.88447427749634 7.89194917678833 7.89892864227295 7.89915943145752 7.89921855926514 7.89908075332642 7.89892530441284 7.89871120452881 7.89805126190186 7.89661264419556 7.89475345611572 7.89246034622192 7.89157056808472 7.89153480529785 7.89266967773438 7.89419507980347 7.89448165893555 7.89460897445679 7.89636850357056 7.89808320999146 7.89951801300049 7.90070486068726 7.90120220184326 7.90166091918945 7.90206003189087 7.90256881713867 7.90317821502686 7.90269231796265
-9999 -9999 -9999 -9999 8.19952583312988 8.19913291931152 8.1986722946167 8.18707084655762 8.17502212524414 8.16488361358643 8.15486621856689 8.14531421661377 8.11141777038574 8.02935028076172 7.95363569259644 7.88525247573853 7.86356782913208 7.87395286560059 7.88245630264282 7.89023351669312 7.89631319046021 7.90209341049194 7.90287113189697 7.90342283248901 7.9029974937439 7.90253210067749 7.90193462371826 7.90105724334717 7.89969253540039 7.89879417419434 7.89837646484375 7.89840364456177 7.89870262145996 7.89970684051514 7.90094661712646 7.90127468109131 7.90147829055786 7.90179681777954 7.90219068527222 7.90306377410889 7.90347099304199 7.9025821685791 7.90193557739258 7.90166425704956 7.90181112289429 7.90234088897705 7.90145778656006
-9999 -9999 -9999 -9999 8.19911003112793 8.1986722946167 8.19186782836914 8.19063377380371 8.18189811706543 8.16995525360107 8.15852832794189 8.14907836914062 8.12519645690918 8.0727596282959 7.99797630310059 7.89740943908691 7.86656618118286 7.88360452651978 7.89255809783936 7.89838886260986 7.90108442306519 7.90322637557983 7.90423393249512 7.90500497817993 7.90401411056519 7.90314388275146 7.90266561508179 7.90219497680664 7.90173816680908 7.90186452865601 7.90259122848511 7.90303659439087 7.90331125259399 7.9038143157959 7.90439319610596 7.90519142150879 7.9060115814209 7.90561199188232 7.90527486801147 7.90534162521362 7.90451765060425 7.90121650695801 7.89918088912964 7.89910173416138 7.89946508407593 7.90023422241211 7.89964294433594
-9999 -9999 -9999 -9999 8.1986722946167 8.19460010528564 8.19221496582031 8.1910924911499 8.18908023834229 8.17459869384766 8.16112232208252 8.15148735046387 8.1329517364502 8.09680366516113 8.02311420440674 7.90610647201538 7.86883783340454 7.88633012771606 7.89552545547485 7.90151739120483 7.90308666229248 7.90387535095215 7.90418481826782 7.90430068969727 7.90289449691772 7.90172481536865 7.90132188796997 7.9015417098999 7.90284729003906 7.90392971038818 7.90478181838989 7.90518379211426 7.9053111076355 7.90559339523315 7.9059271812439 7.90545892715454 7.90488195419312 7.90470552444458 7.90447950363159 7.90393733978271 7.90262317657471 7.89916133880615 7.89700603485107 7.89686965942383 7.8970365524292 7.89748191833496 7.8970742225647
-9999 -9999 -9999 -9999 -9999 8.19571208953857 8.19564342498779 8.19491958618164 8.1963939666748 8.1790599822998 8.16325759887695 8.15331649780273 8.1381254196167 8.112548828125 8.0400218963623 7.91332054138184 7.87079858779907 7.88608694076538 7.89543581008911 7.90249156951904 7.90390205383301 7.90431690216064 7.90353012084961 7.90261602401733 7.90085935592651 7.89943504333496 7.89908885955811 7.9001202583313 7.90355491638184 7.90556335449219 7.90610504150391 7.90626525878906 7.90619230270386 7.90637445449829 7.90664196014404 7.90416145324707 7.90132522583008 7.90177583694458 7.9020209312439 7.90095472335815 7.89946794509888 7.89681148529053 7.89508008956909 7.89477872848511 7.89457273483276 7.89445352554321 7.89418315887451
-9999 -9999 -9999 -9999 -9999 8.19863891601562 8.19927883148193 8.20091915130615 8.19934463500977 8.18073463439941 8.16384887695312 8.15356349945068 8.13884162902832 8.11534309387207 8.04316902160645 7.91483163833618 7.87142705917358 7.88635063171387 7.89545392990112 7.90230941772461 7.90388107299805 7.9045205116272 7.90287494659424 7.90096282958984 7.89724731445312 7.89355945587158 7.8899621963501 7.88990259170532 7.89601516723633 7.89933252334595 7.89977264404297 7.89993476867676 7.89992761611938 7.89929103851318 7.89844417572021 7.89728164672852 7.89608573913574 7.89634275436401 7.89663219451904 7.89712953567505 7.89714384078979 7.89581298828125 7.89482355117798 7.89436292648315 7.89366817474365 7.89275932312012 7.8924880027771
-9999 -9999 -9999 -9999 -9999 8.19953155517578 8.20099544525146 8.20199680328369 8.20139312744141 8.1818323135376 8.1641206741333 8.15348243713379 8.13863468170166 8.11545753479004 8.04347038269043 7.91516256332397 7.87178039550781 7.88671970367432 7.89549398422241 7.90188789367676 7.90368700027466 7.90467548370361 7.90221977233887 7.89931631088257 7.89330863952637 7.88694143295288 7.8794093132019 7.87786483764648 7.88676977157593 7.8914737701416 7.89185571670532 7.89207077026367 7.89218425750732 7.89057970046997 7.88840246200562 7.88924646377563 7.89049816131592 7.89039134979248 7.89063739776611 7.8931303024292 7.89499139785767 7.89509391784668 7.89491271972656 7.89429330825806 7.8930869102478 7.89134168624878 7.89104032516479
-9999 -9999 -9999 -9999 -9999 -9999 8.19832134246826 8.20007038116455 8.19851303100586 8.17910575866699 8.16178417205811 8.15244674682617 8.13859367370605 8.11580371856689 8.04317569732666 7.91304111480713 7.86857271194458 7.8829345703125 7.89208221435547 7.89921617507935 7.90119218826294 7.90225791931152 7.89831066131592 7.89387226104736 7.88625383377075 7.87842559814453 7.86991548538208 7.86604070663452 7.87025451660156 7.87240123748779 7.87242031097412 7.87254953384399 7.87274599075317 7.87184000015259 7.87056684494019 7.87130689620972 7.87235593795776 7.87773084640503 7.88314962387085 7.88885307312012 7.89306831359863 7.893141746521 7.89305686950684 7.89272737503052 7.89200401306152 7.89091920852661 7.88821363449097
-9999 -9999 -9999 -9999 -9999 -9999 8.19384860992432 8.19289779663086 8.19496250152588 8.17591381072998 8.15917587280273 8.15128421783447 8.13821601867676 8.11490345001221 8.04160785675049 7.91064119338989 7.86550235748291 7.87930583953857 7.88883638381958 7.89671754837036 7.8986234664917 7.89947509765625 7.89398145675659 7.88797426223755 7.87884521484375 7.86977910995483 7.86091613769531 7.855149269104 7.85478401184082 7.85444641113281 7.85413789749146 7.85403490066528 7.85405778884888 7.8538179397583 7.85349082946777 7.85402250289917 7.8547420501709 7.86510181427002 7.87518358230591 7.88349962234497 7.88962459564209 7.88964891433716 7.88967657089233 7.88970947265625 7.88948535919189 7.88902568817139 7.8842077255249
-9999 -9999 -9999 -9999 -9999 -9999 8.1901388168335 8.18857765197754 8.18661212921143 8.16958904266357 8.15491485595703 8.14922714233398 8.13417625427246 8.10060024261475 8.02675342559814 7.90644121170044 7.86559534072876 7.87932348251343 7.88901090621948 7.8971381187439 7.89636421203613 7.89401912689209 7.88672304153442 7.87905025482178 7.86914491653442 7.8606424331665 7.85668706893921 7.85410642623901 7.8539252281189 7.85377359390259 7.85365295410156 7.8518238067627 7.84895420074463 7.84823799133301 7.84823989868164 7.84846115112305 7.84876251220703 7.85601568222046 7.86282396316528 7.86679983139038 7.86984729766846 7.87030982971191 7.87096405029297 7.87191438674927 7.87188768386841 7.87096309661865 7.86828708648682
-9999 -9999 -9999 -9999 -9999 8.19891452789307 8.19016075134277 8.18894004821777 8.1781005859375 8.1632719039917 8.15068435668945 8.14667987823486 8.1283016204834 8.08148384094238 8.00744533538818 7.90199947357178 7.86719369888306 7.88090038299561 7.89035749435425 7.89817428588867 7.89404916763306 7.88781642913818 7.87817859649658 7.8685040473938 7.85914516448975 7.85196161270142 7.85183143615723 7.85172319412231 7.8516526222229 7.85162830352783 7.85165071487427 7.84885931015015 7.84435367584229 7.84341955184937 7.84367561340332 7.84368085861206 7.84368276596069 7.84798240661621 7.85178232192993 7.85240077972412 7.85306978225708 7.85387897491455 7.8549976348877 7.85659551620483 7.85696458816528 7.85620641708374 7.85546588897705
-9999 -9999 -9999 -9999 8.21411037445068 8.20297145843506 8.19891452789307 8.18420886993408 8.16900157928467 8.15697860717773 8.14656925201416 8.14233589172363 8.11569499969482 8.04471683502197 7.97180843353271 7.89667272567749 7.87431240081787 7.88819551467896 7.89600324630737 7.90146589279175 7.89153003692627 7.87887668609619 7.86491918563843 7.85200691223145 7.84804439544678 7.84495115280151 7.84467744827271 7.84442138671875 7.84419584274292 7.84408187866211 7.84408283233643 7.84313058853149 7.84159708023071 7.84139108657837 7.84162712097168 7.84176540374756 7.84190320968628 7.84380912780762 7.84557342529297 7.84643793106079 7.84729099273682 7.84811162948608 7.84910202026367 7.85035371780396 7.8518500328064 7.85357141494751 7.85401010513306
