Ecospace-environmental-drivers/Outputs/ASCII-for-ecospace/MOM6-ISIMIP3a/ph-bot/1987-01_ph-bot_MOM6-ISIMIP3a.asc
NCOLS 131 
NROWS 53 
XLLCORNER -98 
YLLCORNER 23.9265270233154 
CELLSIZE 0.133587792515755 
NODATA_value -9999 
[rows 21 to 41 of 53, columns 47 to 93 of 131]
8.15430736541748 8.15054702758789 8.14718914031982 8.14530277252197 8.14363288879395 8.14372062683105 8.14404487609863 8.14556694030762 8.14607048034668 8.14411067962646 8.14272689819336 8.14213275909424 8.13127040863037 8.1120080947876 8.04518795013428 7.95584154129028 7.90725421905518 7.86840534210205 7.87024164199829 7.87483072280884 7.87880754470825 7.88441801071167 7.89686393737793 7.90398120880127 7.89984750747681 7.89560413360596 7.89122629165649 7.88870191574097 7.88752794265747 7.88273429870605 7.87644195556641 7.87518119812012 7.87490940093994 7.88291072845459 7.89107322692871 7.89781332015991 7.89983320236206 7.88525867462158 7.87318086624146 7.86573886871338 7.8620777130127 7.86253499984741 7.86868000030518 7.87850522994995 7.89826154708862 7.92158555984497 7.96457242965698
8.1465425491333 8.13910865783691 8.13072109222412 8.12861728668213 8.12717247009277 8.12617874145508 8.12205696105957 8.10202407836914 8.08780002593994 8.0875997543335 8.0770378112793 8.05225086212158 8.02933597564697 8.0079517364502 7.96411037445068 7.9096302986145 7.88484764099121 7.86715984344482 7.87568712234497 7.88553953170776 7.88847160339355 7.89235353469849 7.90021133422852 7.90351152420044 7.89719104766846 7.89232206344604 7.88922834396362 7.88600301742554 7.88268136978149 7.87874746322632 7.87456035614014 7.87310981750488 7.87219715118408 7.87424087524414 7.87653923034668 7.8802547454834 7.88212299346924 7.87749862670898 7.87621831893921 7.88114833831787 7.88107538223267 7.87555170059204 7.87344026565552 7.87353610992432 7.8809494972229 7.89099168777466 7.92552518844604
8.13297271728516 8.12170791625977 8.1080436706543 8.10593032836914 8.10494613647461 8.10250854492188 8.09376621246338 8.05295944213867 8.02451038360596 8.02590370178223 8.0064640045166 7.95842123031616 7.92448616027832 7.90209341049194 7.88217210769653 7.86342144012451 7.86345243453979 7.86797094345093 7.88284540176392 7.89748859405518 7.89841413497925 7.8997950553894 7.90307903289795 7.90270185470581 7.89459705352783 7.88933229446411 7.88753986358643 7.88349294662476 7.87780523300171 7.87471628189087 7.87270355224609 7.87135171890259 7.87012958526611 7.86555671691895 7.86129808425903 7.86132192611694 7.86262035369873 7.86840009689331 7.87830209732056 7.89585876464844 7.90001964569092 7.88958406448364 7.88041877746582 7.87207555770874 7.86733531951904 7.86388921737671 7.88836336135864
8.02682971954346 8.01198959350586 7.99320459365845 7.99132919311523 7.99085235595703 7.98141479492188 7.9704761505127 7.95190143585205 7.93825435638428 7.93650484085083 7.92640686035156 7.90484762191772 7.8895697593689 7.87943124771118 7.87374353408813 7.8701639175415 7.87488079071045 7.88157939910889 7.89150142669678 7.90106821060181 7.90224981307983 7.90351343154907 7.90511894226074 7.90347242355347 7.89496231079102 7.88949298858643 7.88774108886719 7.88327836990356 7.87684154510498 7.87361288070679 7.87171316146851 7.86870908737183 7.86548852920532 7.86272001266479 7.86019992828369 7.85994338989258 7.86022853851318 7.86241912841797 7.86653709411621 7.87423658370972 7.87571811676025 7.87042570114136 7.872239112854 7.87865114212036 7.87874364852905 7.8765664100647 7.88118124008179
7.93549823760986 7.91970634460449 7.89919471740723 7.8978385925293 7.89793634414673 7.88434362411499 7.87291288375854 7.87248039245605 7.87105751037598 7.86724519729614 7.86503982543945 7.86504125595093 7.86493253707886 7.86473369598389 7.87010669708252 7.87811946868896 7.88550853729248 7.89274835586548 7.89811992645264 7.90311050415039 7.90442276000977 7.90546846389771 7.90539503097534 7.9027853012085 7.8948187828064 7.88966846466064 7.88796043395996 7.88311529159546 7.87598514556885 7.87261772155762 7.87080812454224 7.86653089523315 7.86176872253418 7.86047458648682 7.85937166213989 7.85887908935547 7.85832834243774 7.85757160186768 7.85692405700684 7.85648059844971 7.85572338104248 7.85462522506714 7.86429071426392 7.88092041015625 7.88460111618042 7.88363075256348 7.87556171417236
7.90911722183228 7.90387153625488 7.89651584625244 7.8969144821167 7.89787626266479 7.89260149002075 7.88815546035767 7.88792657852173 7.88743114471436 7.88629198074341 7.88562297821045 7.88559913635254 7.8853645324707 7.88495779037476 7.88748121261597 7.89139270782471 7.89262676239014 7.8932204246521 7.89580678939819 7.89841270446777 7.89930534362793 7.89968919754028 7.89794015884399 7.8957052230835 7.8924446105957 7.88990879058838 7.888258934021 7.8831787109375 7.8755989074707 7.87209415435791 7.87027597427368 7.86638641357422 7.86208963394165 7.8608226776123 7.85972547531128 7.85919284820557 7.85858201980591 7.85769462585449 7.85674476623535 7.85567903518677 7.8546142578125 7.85355043411255 7.85735559463501 7.86431074142456 7.86612129211426 7.86608362197876 7.87679195404053
7.89367961883545 7.89517307281494 7.89630460739136 7.89768362045288 7.89904451370239 7.89924383163452 7.89942646026611 7.89952182769775 7.8997049331665 7.90010070800781 7.90021848678589 7.89995527267456 7.89911317825317 7.89779806137085 7.89786100387573 7.89857721328735 7.89606666564941 7.89278554916382 7.8936014175415 7.89468097686768 7.89550495147705 7.89562368392944 7.89279317855835 7.89047718048096 7.88924741744995 7.88787651062012 7.8863320350647 7.88164091110229 7.87465810775757 7.87098693847656 7.86868762969971 7.86563491821289 7.86243438720703 7.86123132705688 7.86015176773071 7.85956048965454 7.8588719367981 7.85784292221069 7.85663557052612 7.85509634017944 7.85377168655396 7.85268115997314 7.85245990753174 7.85280084609985 7.85327672958374 7.85380077362061 7.87529754638672
7.90211915969849 7.90204572677612 7.90147972106934 7.90214681625366 7.90289306640625 7.90236186981201 7.90203046798706 7.90271282196045 7.90303325653076 7.9024806022644 7.90175151824951 7.90077972412109 7.89827919006348 7.89452743530273 7.89298009872437 7.8924765586853 7.89148283004761 7.89037179946899 7.89163064956665 7.89305877685547 7.89457750320435 7.89529848098755 7.89268207550049 7.88928890228271 7.88425540924072 7.8808856010437 7.87954950332642 7.87661123275757 7.87250566482544 7.86860704421997 7.86479377746582 7.86355924606323 7.86283159255981 7.86177158355713 7.8607349395752 7.86004400253296 7.8592414855957 7.8580470085144 7.85667991638184 7.85499143600464 7.85351228713989 7.85226058959961 7.85201406478882 7.85241794586182 7.85272789001465 7.85300397872925 7.86785936355591
7.90584516525269 7.90461826324463 7.90294408798218 7.90289211273193 7.90300273895264 7.90301752090454 7.90319919586182 7.90422868728638 7.90446519851685 7.90278625488281 7.90080738067627 7.89841651916504 7.8945484161377 7.88947105407715 7.88720703125 7.88627529144287 7.88598251342773 7.88584184646606 7.88733291625977 7.88894653320312 7.89070463180542 7.89176177978516 7.88988637924194 7.88664865493774 7.88053369522095 7.87654972076416 7.87517023086548 7.87331581115723 7.87111473083496 7.86717224121094 7.86250877380371 7.86236715316772 7.86311388015747 7.86229562759399 7.86141061782837 7.86044263839722 7.85936307907104 7.85789346694946 7.85635900497437 7.85470628738403 7.85322570800781 7.85193395614624 7.85165166854858 7.85202217102051 7.85223293304443 7.85238599777222 7.86097097396851
7.90364074707031 7.90178108215332 7.89974021911621 7.89896011352539 7.89840984344482 7.90057563781738 7.90256214141846 7.90363740921021 7.90351057052612 7.90048170089722 7.89674711227417 7.8920431137085 7.88717317581177 7.88216733932495 7.88031148910522 7.87994813919067 7.87932920455933 7.87864923477173 7.88010787963867 7.88170194625854 7.8831262588501 7.88418483734131 7.88371324539185 7.88218116760254 7.87840986251831 7.87555313110352 7.87381458282471 7.87220191955566 7.870680809021 7.86692667007446 7.86224794387817 7.86228656768799 7.86325263977051 7.8627986907959 7.86220264434814 7.86073398590088 7.85917329788208 7.85728931427002 7.8555793762207 7.85419321060181 7.85290575027466 7.85172557830811 7.851393699646 7.85161066055298 7.85180616378784 7.85199308395386 7.85477447509766
7.90191841125488 7.8996114730835 7.89715337753296 7.89671945571899 7.89656829833984 7.89846467971802 7.90011978149414 7.90054702758789 7.89988946914673 7.89661407470703 7.89192152023315 7.88528251647949 7.88035249710083 7.87682104110718 7.87556791305542 7.87539386749268 7.87479972839355 7.87410545349121 7.8753662109375 7.87676763534546 7.87825965881348 7.87959146499634 7.88025236129761 7.87993574142456 7.87755632400513 7.87534379959106 7.87333488464355 7.8717360496521 7.870436668396 7.86688470840454 7.86240005493164 7.86233901977539 7.86314725875854 7.86276388168335 7.862220287323 7.86054229736328 7.85879230499268 7.85679006576538 7.85506248474121 7.85384511947632 7.85269975662231 7.85163259506226 7.85124778747559 7.85130500793457 7.85144090652466 7.85160493850708 7.85097217559814
7.90055751800537 7.89794254302979 7.89503002166748 7.89574766159058 7.89679098129272 7.89660263061523 7.89632368087769 7.89558219909668 7.89426851272583 7.89157438278198 7.8865213394165 7.87823104858398 7.87394762039185 7.87294340133667 7.87243795394897 7.87216854095459 7.87186336517334 7.87154912948608 7.87248754501343 7.87356567382812 7.87542676925659 7.87723588943481 7.87882518768311 7.8793568611145 7.87765550613403 7.87572431564331 7.87351131439209 7.8717565536499 7.8703351020813 7.8669958114624 7.86286163330078 7.86249017715454 7.86285829544067 7.8623251914978 7.86165618896484 7.85998725891113 7.85826778411865 7.85636949539185 7.85474252700806 7.8536205291748 7.85257959365845 7.85162687301636 7.85118675231934 7.85107898712158 7.85112237930298 7.85122013092041 7.84896469116211
7.89800977706909 7.89617013931274 7.8941535949707 7.89518260955811 7.89642143249512 7.89490985870361 7.89295816421509 7.88877058029175 7.88523435592651 7.88327169418335 7.87869596481323 7.87053155899048 7.86685609817505 7.86685228347778 7.86680507659912 7.86673736572266 7.86674499511719 7.86677122116089 7.86757755279541 7.86858367919922 7.8717155456543 7.87457656860352 7.87630462646484 7.8771333694458 7.87606191635132 7.8746452331543 7.87280654907227 7.87131357192993 7.87007236480713 7.86675834655762 7.86258554458618 7.86167097091675 7.86139726638794 7.86076593399048 7.86007213592529 7.85889387130737 7.85764408111572 7.85614156723022 7.85476875305176 7.85363721847534 7.85260057449341 7.85166692733765 7.85116481781006 7.85094165802002 7.85090732574463 7.8509407043457 7.84820652008057
7.89495372772217 7.89435291290283 7.89381122589111 7.89479160308838 7.89579772949219 7.89328908920288 7.88977766036987 7.88116788864136 7.87473773956299 7.87357139587402 7.86983060836792 7.8625545501709 7.85946941375732 7.85981321334839 7.86010026931763 7.86036014556885 7.86069202423096 7.86104106903076 7.86179733276367 7.86283874511719 7.86762714385986 7.87178707122803 7.87331581115723 7.87420463562012 7.87374258041382 7.87294054031372 7.87172317504883 7.87067127227783 7.86974048614502 7.86637163162231 7.86199378967285 7.86043643951416 7.8594331741333 7.85872650146484 7.85805034637451 7.85756969451904 7.85697793960571 7.85599613189697 7.8549427986145 7.85375690460205 7.8526816368103 7.85172748565674 7.85115957260132 7.85084247589111 7.85073661804199 7.85070705413818 7.84798383712769
7.89355945587158 7.89322566986084 7.89284181594849 7.89343023300171 7.89402723312378 7.89215278625488 7.88834953308105 7.87473678588867 7.8648567199707 7.86398792266846 7.8617730140686 7.85771036148071 7.85614252090454 7.85661649703979 7.85699319839478 7.85732460021973 7.85773611068726 7.85816717147827 7.85901021957397 7.86004972457886 7.86353540420532 7.86654043197632 7.86753368377686 7.86817693710327 7.86808156967163 7.86754655838013 7.86647510528564 7.86578750610352 7.86538028717041 7.86304664611816 7.85991477966309 7.85837888717651 7.85715627670288 7.85643339157104 7.85577630996704 7.85557889938354 7.85531044006348 7.8547887802124 7.85420560836792 7.85350656509399 7.85263204574585 7.85156631469727 7.85098314285278 7.85071229934692 7.85062456130981 7.85060262680054 7.84784984588623
7.89250946044922 7.89224052429199 7.89174270629883 7.89186811447144 7.89201879501343 7.89111661911011 7.88728427886963 7.86854839324951 7.8551025390625 7.85442876815796 7.85388326644897 7.85351371765137 7.85365533828735 7.85421419143677 7.85463094711304 7.85497999191284 7.85542154312134 7.85588502883911 7.85684299468994 7.85787200927734 7.85944318771362 7.86078596115112 7.86117362976074 7.86150789260864 7.86172914505005 7.86138963699341 7.86036539077759 7.86002635955811 7.86018657684326 7.85911273956299 7.85752820968628 7.85615110397339 7.85481452941895 7.854088306427 7.85345029830933 7.85345077514648 7.85343503952026 7.85336208343506 7.85327959060669 7.85317945480347 7.85255527496338 7.85135936737061 7.85077095031738 7.85057592391968 7.85052490234375 7.85052537918091 7.84773397445679
7.8852105140686 7.88378047943115 7.88296031951904 7.88270854949951 7.88231039047241 7.87637519836426 7.86948728561401 7.857750415802 7.84942960739136 7.84935617446899 7.85016393661499 7.85218048095703 7.85323333740234 7.85349750518799 7.85369539260864 7.8538613319397 7.85400724411011 7.85414791107178 7.85469627380371 7.855309009552 7.85645771026611 7.85748863220215 7.85802841186523 7.85842609405518 7.85852527618408 7.85833692550659 7.85779762268066 7.85750913619995 7.85740375518799 7.85632944107056 7.85485363006592 7.85390710830688 7.85306406021118 7.85262680053711 7.85224437713623 7.85224628448486 7.85223722457886 7.8521900177002 7.85219573974609 7.85229873657227 7.85200119018555 7.85126638412476 7.85083770751953 7.85060596466064 7.85053443908691 7.85051965713501 7.84780883789062
7.87720441818237 7.87474012374878 7.8736310005188 7.87307024002075 7.87220621109009 7.86164903640747 7.85206699371338 7.84744310379028 7.84431743621826 7.84480905532837 7.84678077697754 7.85078477859497 7.85268020629883 7.85285043716431 7.85289812088013 7.85288858413696 7.85275554656982 7.85259342193604 7.85273027420044 7.85292768478394 7.85370445251465 7.85446119308472 7.85513734817505 7.8555850982666 7.85555076599121 7.85549592971802 7.85541486740112 7.85516834259033 7.8548002243042 7.85372018814087 7.85234546661377 7.85182809829712 7.85147953033447 7.85132598876953 7.85119295120239 7.85118675231934 7.85117197036743 7.85112524032593 7.85118532180786 7.85144424438477 7.85144758224487 7.85117197036743 7.850905418396 7.85064506530762 7.8505539894104 7.85052394866943 7.84788608551025
7.86463260650635 7.8630805015564 7.86213636398315 7.86195039749146 7.86156225204468 7.85362768173218 7.84665441513062 7.84457111358643 7.84323930740356 7.84372138977051 7.84499645233154 7.84736108779907 7.84974384307861 7.85214233398438 7.85290288925171 7.8528881072998 7.85281229019165 7.85272169113159 7.8526873588562 7.85267353057861 7.85289669036865 7.85313320159912 7.85342359542847 7.85359621047974 7.8535213470459 7.85342979431152 7.8533182144165 7.85315942764282 7.85296535491943 7.85242652893066 7.85174512863159 7.85151767730713 7.85137987136841 7.85131359100342 7.8512544631958 7.85124111175537 7.85120248794556 7.85107517242432 7.85102796554565 7.85113048553467 7.85112476348877 7.85100078582764 7.85085439682007 7.85069274902344 7.8506293296814 7.85060167312622 7.84789896011353
7.85453796386719 7.85343313217163 7.85224199295044 7.85219287872314 7.85206842422485 7.84675025939941 7.84228229522705 7.84214019775391 7.84215974807739 7.84256982803345 7.84324598312378 7.84428739547729 7.84681129455566 7.85054874420166 7.85174369812012 7.85173463821411 7.85171413421631 7.85169076919556 7.85154056549072 7.85138130187988 7.85121965408325 7.85108804702759 7.8510799407959 7.85103940963745 7.85092926025391 7.85082817077637 7.85073852539062 7.8506817817688 7.85064792633057 7.85053491592407 7.8503885269165 7.85038423538208 7.85040760040283 7.85042524337769 7.85044145584106 7.85044717788696 7.8504319190979 7.85034370422363 7.85039329528809 7.85069799423218 7.85085487365723 7.85085010528564 7.85080480575562 7.85073375701904 7.85044288635254 7.85007381439209 7.84754657745361
7.85352468490601 7.85116195678711 7.84821367263794 7.84743022918701 7.84679174423218 7.84406709671021 7.84172439575195 7.84132432937622 7.84107398986816 7.84118604660034 7.84161996841431 7.84249639511108 7.84389162063599 7.84571027755737 7.84631872177124 7.84635448455811 7.84638261795044 7.84640884399414 7.84634447097778 7.84628295898438 7.84635305404663 7.84641218185425 7.84642696380615 7.84639739990234 7.84627389907837 7.84626245498657 7.84638738632202 7.84648513793945 7.84656238555908 7.8464503288269 7.84626054763794 7.84623098373413 7.84623241424561 7.8463249206543 7.84642267227173 7.8465428352356 7.8467230796814 7.84711503982544 7.8480076789856 7.84982967376709 7.85077714920044 7.85077285766602 7.85076284408569 7.85074949264526 7.84929656982422 7.84732723236084 7.84585571289062
