Ecospace-environmental-drivers/Outputs/ASCII-for-ecospace/MOM6-ISIMIP3a/ph-bot/1988-05_ph-bot_MOM6-ISIMIP3a.asc
NCOLS 131 
NROWS 53 
XLLCORNER -98 
YLLCORNER 23.9265270233154 
CELLSIZE 0.133587792515755 
NODATA_value -9999 
[rows 0 to 20 of 53, columns 47 to 93 of 131]
-9999 -9999 -9999 -9999 -9999 -9999 -9999 -9999 -9999 -9999 -9999 -9999 -9999 -9999 -9999 -9999 -9999 -9999 -9999 -9999 -9999 -9999 -9999 -9999 -9999 -9999 -9999 -9999 -9999 -9999 -9999 -9999 -9999 -9999 -9999 -9999 -9999 -9999 -9999 -9999 -9999 -9999 -9999 -9999 -9999 -9999 -9999
-9999 -9999 -9999 -9999 -9999 -9999 -9999 -9999 -9999 -9999 -9999 -9999 -9999 -9999 -9999 -9999 -9999 -9999 -9999 -9999 -9999 -9999 -9999 -9999 -9999 -9999 -9999 -9999 -9999 -9999 -9999 -9999 -9999 -9999 -9999 -9999 -9999 -9999 -9999 -9999 -9999 -9999 -9999 -9999 -9999 -9999 -9999
-9999 -9999 -9999 -9999 -9999 -9999 -9999 -9999 -9999 -9999 -9999 -9999 -9999 -9999 -9999 -9999 -9999 -9999 -9999 -9999 -9999 -9999 -9999 -9999 -9999 -9999 -9999 8.15620422363281 8.15701103210449 -9999 -9999 -9999 -9999 -9999 -9999 -9999 -9999 -9999 -9999 -9999 -9999 -9999 -9999 -9999 -9999 -9999 -9999
-9999 -9999 -9999 -9999 -9999 -9999 -9999 -9999 -9999 -9999 -9999 -9999 -9999 -9999 -9999 -9999 -9999 -9999 -9999 -9999 -9999 -9999 -9999 -9999 -9999 -9999 -9999 8.15648555755615 8.15660285949707 -9999 -9999 -9999 -9999 -9999 -9999 -9999 -9999 -9999 -9999 -9999 -9999 -9999 -9999 -9999 -9999 -9999 -9999
-9999 -9999 -9999 -9999 -9999 -9999 -9999 -9999 -9999 -9999 -9999 -9999 -9999 -9999 -9999 -9999 -9999 -9999 8.09860420227051 8.10051822662354 8.10204887390137 8.11098003387451 8.1192798614502 8.13454627990723 8.14634227752686 8.15345668792725 8.15653514862061 8.15657997131348 8.15634155273438 8.15688800811768 -9999 -9999 8.17550086975098 8.18416595458984 8.19019412994385 8.19320583343506 8.19202136993408 8.18905067443848 8.18477630615234 8.18187046051025 8.18165493011475 8.18163967132568 -9999 -9999 -9999 -9999 -9999
-9999 -9999 -9999 -9999 -9999 -9999 -9999 -9999 -9999 -9999 -9999 -9999 -9999 -9999 8.04678726196289 -9999 8.0396032333374 8.03372573852539 8.06775283813477 8.09860420227051 8.10090065002441 8.10204887390137 8.11991119384766 8.13587951660156 8.14784812927246 8.15529823303223 8.15722465515137 8.15708160400391 8.15543270111084 8.1565113067627 8.15872097015381 8.16656875610352 8.1755256652832 8.18440914154053 8.1925630569458 8.19361019134521 8.19344329833984 8.18900966644287 8.18470001220703 8.18062019348145 8.1802921295166 8.18405151367188 8.18057441711426 8.17241477966309 -9999 -9999 -9999
-9999 -9999 -9999 -9999 -9999 -9999 -9999 -9999 -9999 -9999 8.13341045379639 8.13368892669678 8.13364124298096 8.13288116455078 8.08920669555664 8.04776573181152 8.04580974578857 8.03927421569824 8.03372573852539 8.0709285736084 8.09860420227051 8.10204887390137 8.11991119384766 8.13587951660156 8.14784812927246 8.15529823303223 8.15722465515137 8.15708160400391 8.15543270111084 8.1565113067627 8.15872097015381 8.16656875610352 8.1755256652832 8.18440914154053 8.1925630569458 8.19361019134521 8.19344329833984 8.18900966644287 8.18470001220703 8.18062019348145 8.1802921295166 8.18405151367188 8.18057441711426 8.17241477966309 8.17025852203369 8.17343425750732 -9999
-9999 -9999 -9999 -9999 -9999 -9999 -9999 -9999 -9999 -9999 8.13191795349121 8.13341045379639 8.13396739959717 -9999 8.13113021850586 8.08778095245361 8.04972171783447 8.04580974578857 8.03828811645508 8.03372573852539 8.08045482635498 8.12156963348389 8.13919258117676 8.14836025238037 8.13967609405518 8.13543891906738 8.13663673400879 8.1364278793335 8.13519382476807 8.14050579071045 8.14852905273438 8.15997982025146 8.17210483551025 8.18351173400879 8.19344425201416 8.18922901153564 8.18502616882324 8.18086433410645 8.17780780792236 8.17680644989014 8.17838573455811 8.18277645111084 8.18089962005615 8.17496681213379 8.17436504364014 8.17567825317383 8.17251968383789
-9999 -9999 -9999 -9999 -9999 -9999 -9999 -9999 -9999 -9999 -9999 -9999 -9999 -9999 8.13270282745361 8.12616539001465 8.08450412750244 8.05363273620605 8.04580974578857 8.03532981872559 8.09310054779053 8.14307308197021 8.16040515899658 8.16228675842285 8.13155269622803 8.1145486831665 8.11432647705078 8.1138162612915 8.1130952835083 8.12317752838135 8.13773441314697 8.15311336517334 8.16865348815918 8.18246364593506 8.19402313232422 8.18422603607178 8.17575836181641 8.17196464538574 8.1703052520752 8.17261028289795 8.17625427246094 8.18135643005371 8.18126106262207 8.1778039932251 8.1765308380127 8.1760425567627 8.17166996002197
8.07397651672363 -9999 -9999 -9999 -9999 -9999 -9999 -9999 -9999 -9999 8.13988208770752 8.13038730621338 -9999 -9999 -9999 8.12905883789062 8.11379814147949 8.08021831512451 8.06145668029785 8.06607627868652 8.11534214019775 8.15822696685791 8.17440414428711 8.17822360992432 8.15595722198486 8.13362884521484 8.11122417449951 8.10266304016113 8.10418510437012 8.12133502960205 8.14495849609375 8.16171360015869 8.17711925506592 8.17969417572021 8.18100547790527 8.17462253570557 8.16938972473145 8.16820526123047 8.16805267333984 8.16981601715088 8.17367553710938 8.17981910705566 8.18165397644043 8.18070030212402 8.18034362792969 8.18020153045654 8.1739330291748
8.07054233551025 8.07003593444824 -9999 -9999 -9999 -9999 -9999 -9999 -9999 -9999 8.14795684814453 8.14678859710693 8.13038730621338 -9999 -9999 8.13786506652832 8.11590194702148 8.08762741088867 8.09029674530029 8.09736728668213 8.13755512237549 8.17272567749023 8.1869010925293 8.19140148162842 8.17547798156738 8.14933013916016 8.11068439483643 8.09635734558105 8.09974193572998 8.12128162384033 8.15034103393555 8.16727066040039 8.18181610107422 8.17564487457275 8.16810417175293 8.15468120574951 8.14651584625244 8.15683555603027 8.16433048248291 8.16658020019531 8.17126369476318 8.17859935760498 8.18231201171875 8.18368053436279 8.18399333953857 8.18392562866211 8.1758508682251
8.07054233551025 8.0690221786499 8.07416725158691 8.07654094696045 -9999 -9999 -9999 -9999 -9999 -9999 -9999 8.15798568725586 8.14797306060791 8.13038730621338 8.13341045379639 8.13786506652832 8.11590194702148 8.08762741088867 8.10779190063477 8.13157558441162 8.15961456298828 8.1837158203125 8.1913423538208 8.18977642059326 8.16880416870117 8.14690971374512 8.12388706207275 8.11604595184326 8.1192626953125 8.13082408905029 8.14584159851074 8.15649890899658 8.16629886627197 8.16473197937012 8.15582180023193 8.07929611206055 8.03511142730713 8.10464096069336 8.15272331237793 8.16097831726074 8.16974925994873 8.17908000946045 8.18439483642578 8.18710994720459 8.18676280975342 8.18531513214111 8.17591094970703
8.07279968261719 8.07386779785156 8.07716083526611 8.07661914825439 -9999 -9999 -9999 -9999 8.11592578887939 8.13651561737061 8.15278625488281 8.16312789916992 8.15804195404053 8.1403341293335 8.13769340515137 8.14219093322754 8.12323474884033 8.09867572784424 8.12728023529053 8.15860080718994 8.17628574371338 8.19044017791748 8.18981456756592 8.18192672729492 8.15870761871338 8.13454246520996 8.10921859741211 8.09725952148438 8.0950345993042 8.09844207763672 8.10418319702148 8.11075019836426 8.11748027801514 8.11561870574951 8.10404491424561 8.00070476531982 7.94193315505981 8.03986358642578 8.10836124420166 8.12220096588135 8.13813877105713 8.15636253356934 8.17159175872803 8.1848840713501 8.18717670440674 8.18551826477051 8.17748260498047
8.0806999206543 8.07853221893311 8.07755756378174 8.07661914825439 8.07584285736084 8.07933235168457 8.08467674255371 8.09944915771484 8.11592578887939 8.13651561737061 8.15278625488281 8.16312789916992 8.16241931915283 8.15266895294189 8.15268611907959 8.15733051300049 8.14890003204346 8.13734531402588 8.15175342559814 8.16766452789307 8.17948913574219 8.18650054931641 8.17336463928223 8.15851593017578 8.14005565643311 8.09730625152588 8.02487182617188 7.9822826385498 7.96143341064453 7.96125078201294 7.96962738037109 7.9775595664978 7.98540449142456 7.97100067138672 7.95352602005005 7.9141001701355 7.89432287216187 7.9436297416687 7.98210906982422 8.00048160552979 8.03129005432129 8.07564926147461 8.1215763092041 8.16851711273193 8.18170070648193 8.18275833129883 8.18283176422119
8.09342765808105 8.09179210662842 8.0910701751709 8.08937644958496 8.08776378631592 8.09102058410645 8.09607028961182 8.1102409362793 8.12533092498779 8.14264297485352 8.15664482116699 8.16610336303711 8.16778564453125 8.16310405731201 8.16329097747803 8.16578388214111 8.16259098052979 8.15803909301758 8.16449642181396 8.17158031463623 8.17679977416992 8.17287349700928 8.13067817687988 8.09576892852783 8.07624435424805 8.03060817718506 7.95305728912354 7.90813970565796 7.88699150085449 7.88587713241577 7.89305877685547 7.899817943573 7.90649366378784 7.88539266586304 7.86511659622192 7.86294555664062 7.86582326889038 7.88645362854004 7.90628814697266 7.92464590072632 7.95877027511597 8.0100736618042 8.07637882232666 8.15239238739014 8.17518424987793 8.17885875701904 8.18437576293945
8.11297988891602 8.11720561981201 8.12312602996826 8.12017059326172 8.11653995513916 8.11923408508301 8.12357330322266 8.1362886428833 8.14803314208984 8.15743255615234 8.16595935821533 8.17328643798828 8.17455005645752 8.17085361480713 8.16769218444824 8.16478252410889 8.15935325622559 8.1533203125 8.16065502166748 8.16821956634521 8.1657772064209 8.14555168151855 8.05089950561523 7.97740888595581 7.94858837127686 7.92225551605225 7.89896154403687 7.89172744750977 7.89619016647339 7.89790153503418 7.89847373962402 7.90047121047974 7.90274858474731 7.88321304321289 7.8645167350769 7.86191034317017 7.86434364318848 7.88449716567993 7.90176725387573 7.91368341445923 7.93478631973267 7.96589803695679 8.03799438476562 8.13661098480225 8.16719818115234 8.17334938049316 8.18054008483887
8.12431716918945 8.13203048706055 8.1421365737915 8.14093589782715 8.1387243270874 8.14049816131592 8.1433572769165 8.15174198150635 8.15919876098633 8.16441249847412 8.16957664489746 8.17467308044434 8.17504405975342 8.17154979705811 8.16670322418213 8.16121578216553 8.15698051452637 8.15304470062256 8.15852165222168 8.1614236831665 8.11744689941406 8.06477069854736 7.97568702697754 7.90924119949341 7.89058780670166 7.88111639022827 7.88286781311035 7.88939332962036 7.89939641952515 7.90024614334106 7.89730501174927 7.89846515655518 7.90043115615845 7.88221168518066 7.86464262008667 7.86073064804077 7.8613452911377 7.87787389755249 7.89260530471802 7.90399885177612 7.91985940933228 7.94058847427368 7.99982738494873 8.08398532867432 8.12751770019531 8.15645790100098 8.17081832885742
8.12873649597168 8.137939453125 8.15016269683838 8.1532564163208 8.15535831451416 8.15591049194336 8.15664005279541 8.1582727432251 8.16064834594727 8.16481494903564 8.16839790344238 8.17117881774902 8.17025661468506 8.16630554199219 8.16117572784424 8.15548706054688 8.15533638000488 8.15651035308838 8.15782642364502 8.15173625946045 8.03770065307617 7.93897342681885 7.90431833267212 7.88334274291992 7.89124488830566 7.89657926559448 7.89877557754517 7.89891529083252 7.89755630493164 7.89443826675415 7.89059209823608 7.89421939849854 7.89931631088257 7.8822021484375 7.86537885665894 7.85942888259888 7.85706758499146 7.86732149124146 7.87953567504883 7.89539003372192 7.91256046295166 7.93116521835327 7.96184301376343 8.00033283233643 8.06114768981934 8.12998199462891 8.1561393737793
8.13783073425293 8.14462471008301 8.15346050262451 8.15775012969971 8.16144943237305 8.16179275512695 8.16197490692139 8.16133403778076 8.16162109375 8.16414833068848 8.16626739501953 8.16782665252686 8.16657829284668 8.16303157806396 8.13039302825928 8.08397388458252 8.07066345214844 8.06526470184326 8.06459617614746 8.05809307098389 7.96193075180054 7.88362121582031 7.88002920150757 7.88187122344971 7.89518594741821 7.90238666534424 7.90211391448975 7.89922523498535 7.89443016052246 7.8892936706543 7.88401556015015 7.89074039459229 7.89982461929321 7.88497447967529 7.87003993988037 7.86293745040894 7.85831880569458 7.8624324798584 7.86985158920288 7.88340902328491 7.89930725097656 7.9177565574646 7.93887805938721 7.96172857284546 8.01206874847412 8.0722827911377 8.11695861816406
8.14921283721924 8.15169143676758 8.15444564819336 8.15841293334961 8.16238117218018 8.16301155090332 8.16342067718506 8.16269779205322 8.16236209869385 8.16295909881592 8.16367244720459 8.1645450592041 8.16344165802002 8.16072177886963 8.08725166320801 7.98026847839355 7.9453592300415 7.9276704788208 7.92608261108398 7.92336463928223 7.88810777664185 7.86274337768555 7.87877893447876 7.89235353469849 7.90073442459106 7.9034686088562 7.89930152893066 7.89502716064453 7.89067506790161 7.88447332382202 7.87750625610352 7.88763666152954 7.90112781524658 7.88910818099976 7.87662172317505 7.86879968643188 7.86227607727051 7.86031579971313 7.86182498931885 7.86977767944336 7.88314008712769 7.90239667892456 7.92326307296753 7.94517040252686 7.97145223617554 7.99930572509766 8.06578826904297
8.15431785583496 8.15539741516113 8.15643310546875 8.15885543823242 8.16133975982666 8.16163921356201 8.16176128387451 8.16097640991211 8.16048049926758 8.16068363189697 8.16104984283447 8.16163921356201 8.16076469421387 8.15869235992432 8.07825756072998 7.96070337295532 7.91461706161499 7.88560676574707 7.88526010513306 7.88607311248779 7.87510871887207 7.86957931518555 7.88679838180542 7.89900159835815 7.90061712265015 7.89951372146606 7.89508771896362 7.89162826538086 7.8888726234436 7.8831090927124 7.87609958648682 7.88178682327271 7.88997030258179 7.88699817657471 7.88376331329346 7.88199615478516 7.87871837615967 7.87012910842896 7.86474561691284 7.86531448364258 7.87102842330933 7.88234806060791 7.89621543884277 7.91173124313354 7.9308876991272 7.95135259628296 8.00743103027344
