Ecospace-environmental-drivers/Outputs/ASCII-for-ecospace/MOM6-ISIMIP3a/ph-bot/1988-09_ph-bot_MOM6-ISIMIP3a.asc
NCOLS 131 
NROWS 53 
XLLCORNER -98 
YLLCORNER 23.9265270233154 
CELLSIZE 0.133587792515755 
NODATA_value -9999 
[rows 21 to 41 of 53, columns 0 to 46 of 131]
-9999 -9999 -9999 -9999 -9999 -9999 8.12255954742432 8.12217617034912 8.12125492095947 8.11999320983887 8.12226486206055 8.12659645080566 8.12556457519531 8.12249183654785 8.11916542053223 8.11554908752441 8.11189556121826 8.1082181930542 8.10702133178711 8.10678291320801 8.10633182525635 8.10584354400635 8.10036659240723 8.09531211853027 8.09468936920166 8.09414768218994 8.09386825561523 8.09406757354736 8.0951042175293 8.0967264175415 8.098952293396 8.10116386413574 8.10336780548096 8.10502815246582 8.10650730133057 8.10705184936523 8.10746574401855 8.10773372650146 8.10803890228271 8.10857677459717 8.10929012298584 8.11049270629883 8.10985660552979 8.10637855529785 8.10589027404785 8.10814571380615 8.11002349853516
-9999 -9999 -9999 -9999 -9999 -9999 8.12260150909424 8.12255954742432 8.12179183959961 8.12067604064941 8.11999320983887 8.12020492553711 8.1190242767334 8.11508560180664 8.11184215545654 8.10940074920654 8.10592651367188 8.10174465179443 8.10048389434814 8.10035037994385 8.10073280334473 8.10120677947998 8.09979152679443 8.09847259521484 8.09830379486084 8.0980396270752 8.09746265411377 8.09708499908447 8.09705448150635 8.09772682189941 8.09912109375 8.10072326660156 8.10245037078857 8.10415172576904 8.10584449768066 8.10668182373047 8.10740375518799 8.10854053497314 8.10964298248291 8.11052703857422 8.11133098602295 8.11191463470459 8.11137580871582 8.10910320281982 8.10826587677002 8.10874557495117 8.10941314697266
-9999 -9999 -9999 -9999 8.12545108795166 8.12347221374512 8.12267971038818 8.12256526947021 8.12255954742432 8.12102508544922 8.11912441253662 8.11581897735596 8.11211490631104 8.10762214660645 8.10474586486816 8.10373497009277 8.10066032409668 8.09616851806641 8.09495162963867 8.09499835968018 8.09582424163818 8.09678745269775 8.09826374053955 8.09962463378906 8.09992504119873 8.09995937347412 8.09912395477295 8.09843158721924 8.09798812866211 8.09817600250244 8.09901523590088 8.10010147094727 8.10133934020996 8.10304546356201 8.10490608215332 8.1059741973877 8.10693550109863 8.10830402374268 8.10953807830811 8.10991477966309 8.1098804473877 8.10869693756104 8.10766696929932 8.10687446594238 8.10579395294189 8.10445022583008 8.10385417938232
-9999 -9999 -9999 -9999 8.13003253936768 8.12561893463135 8.12426471710205 8.12267971038818 8.12245559692383 8.11960983276367 8.11621189117432 8.11070346832275 8.10613632202148 8.10342979431152 8.10381317138672 8.10776424407959 8.10927486419678 8.10910987854004 8.10950565338135 8.11011695861816 8.10509014129639 8.0990686416626 8.07464027404785 8.05247211456299 8.05249977111816 8.05259227752686 8.05289840698242 8.0573558807373 8.06905841827393 8.08050441741943 8.09168434143066 8.09633445739746 8.09700679779053 8.09800243377686 8.09910678863525 8.09992504119873 8.10063362121582 8.09175491333008 8.08221340179443 8.06845188140869 8.0530424118042 8.03304672241211 8.02065753936768 8.02002429962158 8.01886463165283 8.01722049713135 8.01645374298096
-9999 -9999 -9999 -9999 -9999 8.13003253936768 8.12549686431885 8.12584972381592 8.12141609191895 8.11661338806152 8.11141300201416 8.10469150543213 8.10019302368164 8.10009574890137 8.10120582580566 8.10371017456055 8.10210037231445 8.09766578674316 8.09711742401123 8.09807014465332 8.0891637802124 8.07851600646973 8.03750038146973 8.00026988983154 8.00012969970703 8.00029277801514 8.00143623352051 8.00932121276855 8.02897071838379 8.04733085632324 8.06436538696289 8.07061672210693 8.07029914855957 8.07056522369385 8.07102680206299 8.07156181335449 8.07199573516846 8.05686664581299 8.04074954986572 8.01834774017334 7.99353504180908 7.96201610565186 7.94277143478394 7.94249629974365 7.94149875640869 7.93983793258667 7.93924188613892
-9999 -9999 -9999 -9999 -9999 8.12855434417725 8.13003253936768 8.12342643737793 8.11626720428467 8.10668754577637 8.09834575653076 8.0947437286377 8.094407081604 8.10052967071533 8.0912561416626 8.06421566009521 8.02569580078125 7.97929334640503 7.9665961265564 7.96691370010376 7.96277475357056 7.95784950256348 7.94109344482422 7.92591953277588 7.92608547210693 7.92636489868164 7.92701387405396 7.9307713508606 7.93995523452759 7.94619226455688 7.94939804077148 7.94864702224731 7.94548511505127 7.94493293762207 7.94525003433228 7.94536304473877 7.9454197883606 7.94156169891357 7.93728590011597 7.9303503036499 7.92231941223145 7.91124248504639 7.90489053726196 7.90584135055542 7.90606880187988 7.90563201904297 7.90670824050903
-9999 -9999 8.12534141540527 8.12571239471436 8.12609481811523 8.12707424163818 8.12855625152588 8.12015914916992 8.11103820800781 8.09952640533447 8.09030532836914 8.0898494720459 8.09133338928223 8.09665489196777 8.07303142547607 8.01601123809814 7.95513868331909 7.89162015914917 7.87525987625122 7.87710905075073 7.8771858215332 7.87694978713989 7.87694787979126 7.87699413299561 7.87739992141724 7.87784576416016 7.87842178344727 7.87939596176147 7.88106441497803 7.87893629074097 7.87290143966675 7.86782455444336 7.86333131790161 7.86241340637207 7.86268711090088 7.86254405975342 7.86237335205078 7.86641931533813 7.87036991119385 7.87371158599854 7.87686443328857 7.87948942184448 7.88189172744751 7.883948802948 7.88516759872437 7.88561630249023 7.8875093460083
-9999.000000000000000 -9999 -9999 -9999 8.12396812438965 8.12511539459229 8.12421226501465 8.1150484085083 8.10563564300537 8.09839916229248 8.09323215484619 8.09598159790039 8.09418106079102 8.08337688446045 8.03675556182861 7.94880485534668 7.8973388671875 7.87092781066895 7.86942052841187 7.87752914428711 7.88061571121216 7.88281583786011 7.88318967819214 7.88354158401489 7.88404369354248 7.88476371765137 7.88618850708008 7.88731002807617 7.88790273666382 7.88560724258423 7.88034105300903 7.8767786026001 7.87425470352173 7.87396097183228 7.87441062927246 7.87437200546265 7.8742995262146 7.87890386581421 7.88319540023804 7.88549375534058 7.88761377334595 7.88923740386963 7.89136266708374 7.89426469802856 7.89596509933472 7.89656257629395 7.89740514755249
-9999 -9999 -9999 -9999 8.12111473083496 8.11971473693848 8.12043476104736 8.11090755462646 8.10127544403076 8.09674549102783 8.09419250488281 8.09921073913574 8.0912971496582 8.0577974319458 7.99661684036255 7.90349531173706 7.86416864395142 7.86178493499756 7.8688497543335 7.87956380844116 7.88496351242065 7.88942623138428 7.89033603668213 7.89113235473633 7.89163303375244 7.89226579666138 7.89332628250122 7.89386081695557 7.89347696304321 7.89142799377441 7.88766527175903 7.88549852371216 7.88430404663086 7.88473796844482 7.88571500778198 7.88575887680054 7.88570213317871 7.88958168029785 7.89315891265869 7.89480924606323 7.89623546600342 7.89703702926636 7.89847993850708 7.90091466903687 7.90244293212891 7.90314054489136 7.90311670303345
-9999 -9999 -9999 -9999 8.11911392211914 8.11851406097412 8.11777305603027 8.107985496521 8.09822845458984 8.09442806243896 8.09267902374268 8.09878730773926 8.08120441436768 8.01674175262451 7.95161914825439 7.88573455810547 7.861985206604 7.86717224121094 7.87490892410278 7.88362979888916 7.89046716690063 7.89697265625 7.89861965179443 7.9000358581543 7.9004111289978 7.90050220489502 7.89967250823975 7.89869546890259 7.8974609375 7.89617776870728 7.89484453201294 7.89392375946045 7.89325428009033 7.8945460319519 7.89649200439453 7.89659070968628 7.89644622802734 7.89798641204834 7.89952182769775 7.9010214805603 7.90217924118042 7.90238618850708 7.90263605117798 7.90295124053955 7.90348625183105 7.90422201156616 7.90356349945068
-9999 -9999 -9999 -9999 8.11851406097412 8.1176176071167 8.11656475067139 8.10778141021729 8.09897899627686 8.09536838531494 8.09347057342529 8.09812545776367 8.0814037322998 8.02238178253174 7.95722818374634 7.88499879837036 7.86250019073486 7.87415409088135 7.88248300552368 7.88952827453613 7.89534139633179 7.90093660354614 7.90296077728271 7.90476083755493 7.90534687042236 7.90543365478516 7.90390253067017 7.90239429473877 7.90092706680298 7.90030908584595 7.90056467056274 7.90051221847534 7.90027189254761 7.90143489837646 7.90306520462036 7.90321922302246 7.90317106246948 7.90335130691528 7.90363168716431 7.90455198287964 7.90493726730347 7.90383338928223 7.90303897857666 7.9027214050293 7.90301752090454 7.90387725830078 7.90307807922363
-9999 -9999 -9999 -9999 8.1175651550293 8.11656475067139 8.11174774169922 8.10961723327637 8.10257816314697 8.09875392913818 8.09598922729492 8.0972843170166 8.08932304382324 8.06304550170898 8.00079250335693 7.89703178405762 7.86503887176514 7.88233137130737 7.89119386672974 7.89680147171021 7.89974308013916 7.90221405029297 7.90434408187866 7.90635204315186 7.90740060806274 7.90788602828979 7.90654468536377 7.9052414894104 7.90400457382202 7.90397596359253 7.90519094467163 7.90572357177734 7.9058403968811 7.9061336517334 7.90648603439331 7.90669584274292 7.90688133239746 7.90643548965454 7.9060525894165 7.90607118606567 7.9053053855896 7.90235424041748 7.90062713623047 7.90079116821289 7.90141582489014 7.90246295928955 7.9018931388855
-9999 -9999 -9999 -9999 8.11656475067139 8.11515998840332 8.11376857757568 8.1130256652832 8.11107540130615 8.10265922546387 8.09601020812988 8.09612655639648 8.09322261810303 8.08434009552002 8.02448272705078 7.90580892562866 7.86767387390137 7.88484859466553 7.89375734329224 7.89947414398193 7.901771068573 7.90346479415894 7.90407419204712 7.90462207794189 7.90485286712646 7.9048056602478 7.90385913848877 7.90373468399048 7.90504550933838 7.90619421005249 7.90717649459839 7.90751218795776 7.9074535369873 7.90736722946167 7.90727186203003 7.90641784667969 7.90546226501465 7.90506935119629 7.90470504760742 7.90452527999878 7.90345430374146 7.89990377426147 7.89781141281128 7.89797353744507 7.89851951599121 7.89941787719727 7.89904928207397
-9999 -9999 -9999 -9999 -9999 8.11813163757324 8.11855888366699 8.11866188049316 8.12167167663574 8.10678863525391 8.09496212005615 8.09483337402344 8.09539794921875 8.09733295440674 8.03965473175049 7.9131908416748 7.87035083770752 7.88493967056274 7.89368534088135 7.90017557144165 7.90278244018555 7.90470457077026 7.90309572219849 7.9014687538147 7.9003324508667 7.89935445785522 7.89888954162598 7.90036106109619 7.90521335601807 7.90779209136963 7.90803098678589 7.90783405303955 7.90737152099609 7.9071159362793 7.90692901611328 7.90453052520752 7.90184545516968 7.90179586410522 7.90174245834351 7.90166521072388 7.90065240859985 7.89703702926636 7.89482355117798 7.89477586746216 7.89506912231445 7.89567422866821 7.89549446105957
-9999 -9999 -9999 -9999 -9999 8.12153053283691 8.12206840515137 8.12398910522461 8.12278842926025 8.10692501068115 8.09468364715576 8.09630298614502 8.09817028045654 8.1005277633667 8.04248905181885 7.91476202011108 7.87111949920654 7.88522100448608 7.89384937286377 7.90036344528198 7.9031400680542 7.90525722503662 7.9024395942688 7.89945554733276 7.89598083496094 7.89254903793335 7.88925552368164 7.88970470428467 7.89668464660645 7.9003849029541 7.900710105896 7.90071105957031 7.90051412582397 7.89968967437744 7.89865636825562 7.89759016036987 7.89652729034424 7.89651966094971 7.89662504196167 7.89744901657104 7.89753532409668 7.89557027816772 7.8942928314209 7.89407873153687 7.89374923706055 7.89331388473511 7.8932638168335
-9999 -9999 -9999 -9999 -9999 8.12359237670898 8.12396335601807 8.12355422973633 8.12194347381592 8.10623645782471 8.09456539154053 8.09834480285645 8.10106658935547 8.10169410705566 8.04277038574219 7.91513109207153 7.87149286270142 7.88554239273071 7.89406156539917 7.90044546127319 7.90336227416992 7.90566730499268 7.90185022354126 7.89767837524414 7.89166450500488 7.88546371459961 7.87865686416626 7.87754106521606 7.88635635375977 7.89111471176147 7.89169788360596 7.89204740524292 7.89225435256958 7.8907790184021 7.88874340057373 7.8896050453186 7.89085721969604 7.89082956314087 7.89106225967407 7.89295196533203 7.89435291290283 7.89439296722412 7.89427089691162 7.89389848709106 7.89286994934082 7.89123916625977 7.89130687713623
-9999 -9999 -9999 -9999 -9999 -9999 8.12474632263184 8.12434577941895 8.1230993270874 8.10706996917725 8.09533500671387 8.10003662109375 8.10311031341553 8.10296440124512 8.04256343841553 7.91263818740845 7.86829614639282 7.882728099823 7.89206743240356 7.89944076538086 7.90108489990234 7.90171766281128 7.89729595184326 7.89246654510498 7.88515758514404 7.87762117385864 7.86934661865234 7.86560678482056 7.86978054046631 7.87195348739624 7.87206745147705 7.87228059768677 7.87255430221558 7.87175607681274 7.87060070037842 7.87137985229492 7.87245798110962 7.87799119949341 7.88348865509033 7.88875818252563 7.89263391494751 7.89262962341309 7.89246654510498 7.8920578956604 7.89133882522583 7.89033460617065 7.88790988922119
-9999 -9999 -9999 -9999 -9999 -9999 8.12594890594482 8.12633895874023 8.12437343597412 8.10798645019531 8.09615325927734 8.10175514221191 8.10490894317627 8.10321998596191 8.04132556915283 7.9099645614624 7.86526823043823 7.88008832931519 7.89020252227783 7.89849853515625 7.89870405197144 7.8974814414978 7.8923921585083 7.88685464859009 7.87829065322876 7.86960172653198 7.86050796508789 7.85461091995239 7.85429286956787 7.85396957397461 7.85364103317261 7.85356473922729 7.85364294052124 7.85347652435303 7.85322856903076 7.8538236618042 7.85460615158081 7.86517667770386 7.87541103363037 7.88350343704224 7.88943481445312 7.88934946060181 7.88915777206421 7.88880205154419 7.88842916488647 7.88804006576538 7.88340663909912
-9999 -9999 -9999 -9999 -9999 -9999 8.12795257568359 8.12716102600098 8.12595272064209 8.10904788970947 8.09706878662109 8.10393714904785 8.10450649261475 8.09261226654053 8.02932167053223 7.90672731399536 7.86574506759644 7.88080835342407 7.8907642364502 7.89874744415283 7.89641952514648 7.89227151870728 7.88565111160278 7.87862110137939 7.86862754821777 7.86005306243896 7.85607957839966 7.85351181030273 7.85339641571045 7.85326766967773 7.85312461853027 7.85135936737061 7.8486065864563 7.84795570373535 7.84800577163696 7.84829759597778 7.84867238998413 7.85602855682373 7.86291265487671 7.86679124832153 7.86975431442261 7.87016868591309 7.87065267562866 7.87124395370483 7.8711256980896 7.87035608291626 7.86779022216797
-9999 -9999 -9999 -9999 -9999 8.13589954376221 8.12882709503174 8.13035678863525 8.12378120422363 8.10851860046387 8.09801864624023 8.10574340820312 8.10201358795166 8.0756196975708 8.01127052307129 7.90312671661377 7.86792421340942 7.88281393051147 7.89220190048218 7.89946603775024 7.89405584335327 7.88640832901001 7.87756729125977 7.86859083175659 7.85870742797852 7.85115098953247 7.85114002227783 7.8511323928833 7.85113096237183 7.85112524032593 7.85111665725708 7.8484034538269 7.84404325485229 7.84316921234131 7.84345722198486 7.8435435295105 7.84363222122192 7.84794855117798 7.85176086425781 7.85236263275146 7.85302114486694 7.85383701324463 7.85485982894897 7.85620260238647 7.85653018951416 7.85592555999756 7.85520553588867
-9999 -9999 -9999 -9999 8.13342666625977 8.13359260559082 8.13589954376221 8.12189102172852 8.10785675048828 8.10215377807617 8.09909725189209 8.10616874694824 8.09185314178467 8.03521823883057 7.97105121612549 7.898193359375 7.87634754180908 7.88953304290771 7.89685297012329 7.90190839767456 7.89140319824219 7.87815189361572 7.86455917358398 7.85197353363037 7.84784317016602 7.84461736679077 7.84432458877563 7.84405994415283 7.84384393692017 7.8437032699585 7.84363889694214 7.84269523620605 7.84121513366699 7.84107446670532 7.84138107299805 7.8416223526001 7.84186744689941 7.84378480911255 7.84554576873779 7.84630918502808 7.84709644317627 7.84795188903809 7.84901237487793 7.85039091110229 7.85186433792114 7.85342454910278 7.85373735427856
