Ecospace-environmental-drivers/Outputs/ASCII-for-ecospace/MOM6-ISIMIP3a/ph-bot/1988-01_ph-bot_MOM6-ISIMIP3a.asc
NCOLS 131 
NROWS 53 
XLLCORNER -98 
YLLCORNER 23.9265270233154 
CELLSIZE 0.133587792515755 
NODATA_value -9999 
[rows 21 to 41 of 53, columns 0 to 46 of 131]
-9999 -9999 -9999 -9999 -9999 -9999 8.26907920837402 8.26817989349365 8.26574802398682 8.26249122619629 8.26346111297607 8.27086925506592 8.26761722564697 8.25793075561523 8.24944305419922 8.24233722686768 8.23481559753418 8.22700881958008 8.2221565246582 8.21844577789307 8.21294498443604 8.20712852478027 8.20288562774658 8.1990852355957 8.19869518280029 8.19804000854492 8.19652557373047 8.19506168365479 8.19368457794189 8.19259738922119 8.19180870056152 8.19109439849854 8.1904239654541 8.18865585327148 8.18652153015137 8.18456745147705 8.18264007568359 8.18094348907471 8.17926216125488 8.17768096923828 8.17614078521729 8.17471504211426 8.17286014556885 8.17034149169922 8.16826057434082 8.16658210754395 8.16476917266846
-9999 -9999 -9999 -9999 -9999 -9999 8.26912307739258 8.26907920837402 8.26728057861328 8.2641429901123 8.26249122619629 8.2570219039917 8.24948883056641 8.23787117004395 8.2282133102417 8.22081851959229 8.21327686309814 8.20563411712646 8.20137786865234 8.19842910766602 8.19351768493652 8.18826103210449 8.18456554412842 8.18124961853027 8.18082237243652 8.18014240264893 8.17864322662354 8.17714977264404 8.17566680908203 8.17454051971436 8.1737813949585 8.17335605621338 8.17313480377197 8.17223453521729 8.17110729217529 8.1697244644165 8.16831302642822 8.16779613494873 8.16711616516113 8.16539573669434 8.16386127471924 8.16284561157227 8.16176700592041 8.1605920791626 8.15992069244385 8.15971183776855 8.15917682647705
-9999 -9999 -9999 -9999 8.2681360244751 8.26869010925293 8.26936149597168 8.26892948150635 8.26907920837402 8.26548099517822 8.25951862335205 8.24450969696045 8.23013687133789 8.21702098846436 8.20643711090088 8.19877529144287 8.19137668609619 8.18415927886963 8.18054008483887 8.17831039428711 8.17409229278564 8.16952419281006 8.16439628601074 8.159743309021 8.15915107727051 8.15833473205566 8.1567907333374 8.15559864044189 8.15502071380615 8.15494632720947 8.1553897857666 8.15564441680908 8.15578460693359 8.1557502746582 8.1556568145752 8.15484809875488 8.15394115447998 8.15324687957764 8.15225410461426 8.14935779571533 8.1467981338501 8.14517211914062 8.14422607421875 8.14433097839355 8.14499568939209 8.1461763381958 8.14690589904785
-9999 -9999 -9999 -9999 8.26704597473145 8.26744556427002 8.26801872253418 8.26936149597168 8.26834678649902 8.25543022155762 8.24188041687012 8.225905418396 8.21071815490723 8.1970911026001 8.18650245666504 8.17942142486572 8.17398452758789 8.16967868804932 8.16771984100342 8.16666698455811 8.16238880157471 8.15754222869873 8.11497020721436 8.07602405548096 8.07418632507324 8.07227993011475 8.07014846801758 8.07507133483887 8.09230327606201 8.11197948455811 8.13417148590088 8.14251899719238 8.14243316650391 8.14269542694092 8.1430721282959 8.14327907562256 8.14329433441162 8.11992168426514 8.09707164764404 8.07754516601562 8.05819320678711 8.03932571411133 8.02760982513428 8.02694797515869 8.02681446075439 8.02716732025146 8.02733516693115
-9999 -9999 -9999 -9999 -9999 8.26704597473145 8.26535797119141 8.26667499542236 8.26471519470215 8.24434375762939 8.22474765777588 8.2081241607666 8.19254875183105 8.17905044555664 8.16562461853027 8.15228271484375 8.14113330841064 8.13149070739746 8.12906074523926 8.12941455841064 8.12546157836914 8.12074756622314 8.05499267578125 7.99482011795044 7.99230051040649 7.98979806900024 7.98735237121582 7.99620008468628 8.02475643157959 8.05688571929932 8.09269046783447 8.10569381713867 8.1048059463501 8.10511302947998 8.10581684112549 8.10669326782227 8.10731983184814 8.07008934020996 8.03392314910889 8.00453853607178 7.97517442703247 7.94586706161499 7.92764043807983 7.92653846740723 7.92585563659668 7.92555713653564 7.92556810379028
-9999 -9999 -9999 -9999 -9999 8.26236915588379 8.26704597473145 8.25834941864014 8.24836921691895 8.22871208190918 8.20983695983887 8.19395637512207 8.17986011505127 8.16929721832275 8.14060974121094 8.09101009368896 8.04049682617188 7.98935699462891 7.9771089553833 7.9798789024353 7.97793292999268 7.97515487670898 7.94875431060791 7.92464256286621 7.92391204833984 7.92298460006714 7.92141819000244 7.92459058761597 7.93603420257568 7.94861555099487 7.96236705780029 7.96495199203491 7.96073436737061 7.95998334884644 7.96038722991943 7.96040916442871 7.96028995513916 7.94787359237671 7.93584585189819 7.92629718780518 7.91664981842041 7.90672779083252 7.90066194534302 7.90055465698242 7.90041208267212 7.90023612976074 7.90186262130737
-9999 -9999 8.25270652770996 8.25370597839355 8.25458812713623 8.25768661499023 8.26237487792969 8.24913883209229 8.2346019744873 8.21588230133057 8.19783115386963 8.18233966827393 8.16739177703857 8.15352344512939 8.10822868347168 8.02667236328125 7.95354032516479 7.88619232177734 7.87179613113403 7.87784671783447 7.87817668914795 7.87749767303467 7.87806034088135 7.87863492965698 7.8790807723999 7.87927341461182 7.8786449432373 7.87817335128784 7.87797546386719 7.87671995162964 7.87437582015991 7.87022590637207 7.8649754524231 7.86397790908813 7.86439800262451 7.86407852172852 7.86369037628174 7.86808919906616 7.87236022949219 7.87581634521484 7.87920045852661 7.88238668441772 7.88473081588745 7.88577365875244 7.88625478744507 7.88621997833252 7.88867521286011
-9999.000000000000000 -9999 -9999 -9999 8.2488431930542 8.25148963928223 8.24863338470459 8.23799705505371 8.22646045684814 8.20916652679443 8.19216632843018 8.17628860473633 8.15540504455566 8.1246166229248 8.05977821350098 7.95564937591553 7.89643049240112 7.86805391311646 7.86824178695679 7.87945985794067 7.88265180587769 7.88442707061768 7.88491821289062 7.88536214828491 7.88564729690552 7.88596820831299 7.88640546798706 7.88672018051147 7.88682079315186 7.88418960571289 7.87874746322632 7.8758978843689 7.87462711334229 7.87515449523926 7.87628126144409 7.87673616409302 7.87712287902832 7.8808856010437 7.88434886932373 7.88590431213379 7.88773488998413 7.89033317565918 7.89290475845337 7.89543533325195 7.8967227935791 7.89686918258667 7.89843702316284
-9999 -9999 -9999 -9999 8.24139881134033 8.23735237121582 8.23855018615723 8.22973823547363 8.21981239318848 8.20299625396729 8.18662548065186 8.17195224761963 8.14302158355713 8.08588027954102 8.0083532333374 7.90730333328247 7.86398315429688 7.86030864715576 7.86860942840576 7.88153457641602 7.88706350326538 7.8912878036499 7.89189958572388 7.89238166809082 7.89243936538696 7.89263772964478 7.89329385757446 7.89363527297974 7.89342784881592 7.89056444168091 7.88496875762939 7.88327980041504 7.88397121429443 7.88526153564453 7.88675165176392 7.88762712478638 7.88843059539795 7.89103937149048 7.89339399337769 7.89413356781006 7.89514923095703 7.89693450927734 7.89896965026855 7.90139150619507 7.9027156829834 7.90303230285645 7.90364933013916
-9999 -9999 -9999 -9999 8.23635387420654 8.23535537719727 8.23412322998047 8.22510719299316 8.21504402160645 8.19751358032227 8.18123912811279 8.16977310180664 8.13014125823975 8.03477764129639 7.95318651199341 7.88748693466187 7.86256217956543 7.86563873291016 7.87391138076782 7.88419008255005 7.89139699935913 7.89806175231934 7.89903736114502 7.89976978302002 7.8995156288147 7.89927625656128 7.899085521698 7.89849805831909 7.89721918106079 7.89556264877319 7.8935170173645 7.89281368255615 7.89292764663696 7.89402294158936 7.89544534683228 7.89629459381104 7.89706468582153 7.89786815643311 7.89873695373535 7.90002489089966 7.90115451812744 7.90184450149536 7.90238285064697 7.90268659591675 7.90307855606079 7.90355062484741 7.90313816070557
-9999 -9999 -9999 -9999 8.23535537719727 8.23386383056641 8.23211193084717 8.22262954711914 8.21203136444092 8.19419288635254 8.17803478240967 8.16830825805664 8.13105583190918 8.03933525085449 7.95733642578125 7.88655567169189 7.86355876922607 7.87337779998779 7.88186264038086 7.88983249664307 7.89600276947021 7.90185594558716 7.90297269821167 7.90382385253906 7.90332174301147 7.90285491943359 7.90250205993652 7.9017448425293 7.90028190612793 7.89944505691528 7.89925241470337 7.89922380447388 7.89929580688477 7.90013599395752 7.90123271942139 7.90207052230835 7.90286540985107 7.90264940261841 7.90261316299438 7.90372180938721 7.9041953086853 7.90290212631226 7.90200519561768 7.9017219543457 7.90196323394775 7.90268707275391 7.90198564529419
-9999 -9999 -9999 -9999 8.23377704620361 8.23211193084717 8.22252464294434 8.22176837921143 8.21033477783203 8.1924934387207 8.17646598815918 8.16738033294678 8.1423168182373 8.08563899993896 8.00597476959229 7.89978790283203 7.86636924743652 7.88292360305786 7.89180183410645 7.89771509170532 7.90081357955933 7.90341520309448 7.90450716018677 7.90537738800049 7.90467548370361 7.90413856506348 7.90413761138916 7.90377902984619 7.90279769897461 7.90249109268188 7.90287780761719 7.90329217910767 7.90372276306152 7.90426349639893 7.90484094619751 7.90567827224731 7.90654134750366 7.90589570999146 7.9053897857666 7.9057731628418 7.90501308441162 7.9010705947876 7.89878559112549 7.89906167984009 7.89974021911621 7.90078735351562 7.90035200119019
-9999 -9999 -9999 -9999 8.23211193084717 8.22187423706055 8.21680641174316 8.21359062194824 8.21184539794922 8.19390678405762 8.17769813537598 8.16811084747314 8.15025234222412 8.11602973937988 8.03822612762451 7.91013813018799 7.86818933486938 7.8853964805603 7.89458465576172 7.90067672729492 7.90277433395386 7.90416669845581 7.90434122085571 7.90435075759888 7.90321159362793 7.90233755111694 7.90232229232788 7.90270757675171 7.9037914276123 7.9045991897583 7.90512323379517 7.90553092956543 7.90586757659912 7.90623426437378 7.9066104888916 7.90584087371826 7.90491771697998 7.90467834472656 7.90442037582397 7.9040470123291 7.90276193618774 7.89893960952759 7.89667701721191 7.8968243598938 7.89727830886841 7.89801454544067 7.89772605895996
-9999 -9999 -9999 -9999 -9999 8.21714305877686 8.21605110168457 8.21506118774414 8.21473026275635 8.19665431976318 8.18013191223145 8.16955184936523 8.15676307678223 8.13959980010986 8.06345462799072 7.9192533493042 7.8695855140686 7.88483715057373 7.89430093765259 7.90152883529663 7.90351343154907 7.90457201004028 7.90344619750977 7.90221834182739 7.90054035186768 7.89921426773071 7.89902830123901 7.90030431747437 7.90413236618042 7.90630626678467 7.90677738189697 7.90698575973511 7.9070348739624 7.90728092193604 7.90759229660034 7.90452671051025 7.90102338790894 7.90154790878296 7.90184593200684 7.90070247650146 7.8991961479187 7.89668083190918 7.89504480361938 7.89476776123047 7.89471483230591 7.89486789703369 7.89467477798462
-9999 -9999 -9999 -9999 -9999 8.21875476837158 8.2185697555542 8.21950244903564 8.21788597106934 8.19949436187744 8.1824836730957 8.17076015472412 8.15809726715088 8.14357662200928 8.06773281097412 7.92113304138184 7.87035417556763 7.88537979125977 7.8945517539978 7.90146350860596 7.90347862243652 7.90462970733643 7.90279102325439 7.90068483352661 7.89689350128174 7.89326286315918 7.89015579223633 7.89038515090942 7.8964376449585 7.89968872070312 7.90005731582642 7.90028285980225 7.90042114257812 7.89979982376099 7.89892578125 7.89755058288574 7.89611911773682 7.8965015411377 7.896897315979 7.89737892150879 7.89736366271973 7.89596605300903 7.89490032196045 7.89434671401978 7.89367151260376 7.89288473129272 7.89266395568848
-9999 -9999 -9999 -9999 -9999 8.22077465057373 8.22164249420166 8.22114658355713 8.22109794616699 8.20235252380371 8.18481826782227 8.17191886901855 8.15836048126221 8.14349937438965 8.06767749786377 7.92151594161987 7.87099361419678 7.88615083694458 7.89491367340088 7.90120792388916 7.90328359603882 7.90461492538452 7.90218591690063 7.89927577972412 7.89304447174072 7.88672637939453 7.88012933731079 7.87891101837158 7.88707971572876 7.89134883880615 7.89160490036011 7.89189195632935 7.8921971321106 7.89055490493774 7.88826322555542 7.88940286636353 7.89100551605225 7.89105892181396 7.89145755767822 7.89405965805054 7.89588975906372 7.89557075500488 7.89506340026855 7.89426374435425 7.89294290542603 7.89114284515381 7.89086866378784
-9999 -9999 -9999 -9999 -9999 -9999 8.22211074829102 8.22427845001221 8.22271919250488 8.20265102386475 8.18400096893311 8.17077732086182 8.15722942352295 8.14303874969482 8.06702041625977 7.91966247558594 7.86825656890869 7.88274431228638 7.89184284210205 7.89885997772217 7.9008469581604 7.90194654464722 7.89811134338379 7.89376831054688 7.88609838485718 7.87831783294678 7.87018203735352 7.86640501022339 7.8702335357666 7.87214326858521 7.87207746505737 7.87225818634033 7.87258958816528 7.87168025970459 7.87035751342773 7.87132549285889 7.87264060974121 7.87821865081787 7.88381958007812 7.88956832885742 7.89373636245728 7.89350175857544 7.89314985275269 7.8926157951355 7.8917407989502 7.89055347442627 7.8879132270813
-9999 -9999 -9999 -9999 -9999 -9999 8.22038555145264 8.22090721130371 8.22330474853516 8.20201015472412 8.18240165710449 8.16924667358398 8.15555763244629 8.14081192016602 8.06456661224365 7.91735887527466 7.86562871932983 7.87946748733521 7.88889980316162 7.89662981033325 7.89831113815308 7.89892482757568 7.89362382888794 7.88780879974365 7.87878847122192 7.86976480484009 7.86073112487793 7.85484743118286 7.8544602394104 7.85409069061279 7.85373830795288 7.85366916656494 7.85377264022827 7.85356426239014 7.85325145721436 7.853919506073 7.85479307174683 7.86537837982178 7.8756537437439 7.88395261764526 7.89001750946045 7.88986396789551 7.88970041275024 7.88952255249023 7.88912582397461 7.88852882385254 7.88381004333496
-9999 -9999 -9999 -9999 -9999 -9999 8.21658611297607 8.21597099304199 8.21360015869141 8.19257736206055 8.17397785186768 8.16465854644775 8.14877986907959 8.11992168426514 8.04322052001953 7.91131496429443 7.86578226089478 7.87956619262695 7.88896179199219 7.89666318893433 7.8957896232605 7.89340209960938 7.88639163970947 7.87898063659668 7.86907911300659 7.86056232452393 7.8565354347229 7.85390377044678 7.85370635986328 7.85352754592896 7.85336780548096 7.85159301757812 7.8488335609436 7.84814119338989 7.84813737869263 7.84842348098755 7.84879922866821 7.85607576370239 7.86290550231934 7.86689424514771 7.86992454528809 7.870285987854 7.87085914611816 7.87175941467285 7.87166023254395 7.87064361572266 7.86801433563232
-9999 -9999 -9999 -9999 -9999 8.22148704528809 8.21398067474365 8.21288013458252 8.20298862457275 8.18335151672363 8.16652202606201 8.16043567657471 8.14077472686768 8.09425258636475 8.01720905303955 7.90494871139526 7.86734199523926 7.88100242614746 7.89011240005493 7.89746522903442 7.89337015151978 7.88725471496582 7.87791776657104 7.86850833892822 7.85907936096191 7.85184288024902 7.85171747207642 7.85160827636719 7.85152816772461 7.85148239135742 7.85147094726562 7.84874153137207 7.84435606002808 7.84343862533569 7.84367752075195 7.84369230270386 7.8437066078186 7.84788799285889 7.85159015655518 7.85224628448486 7.85292625427246 7.85367298126221 7.85479259490967 7.8564887046814 7.85686874389648 7.856041431427 7.85529899597168
-9999 -9999 -9999 -9999 8.23375701904297 8.22382354736328 8.22148704528809 8.2055835723877 8.18904590606689 8.17488765716553 8.16261291503906 8.15755176544189 8.12827014923096 8.05106258392334 7.97409439086914 7.89740228652954 7.87405586242676 7.88734436035156 7.89525365829468 7.90108585357666 7.89132595062256 7.87881517410278 7.86489391326904 7.85200881958008 7.84801340103149 7.84489440917969 7.84461784362793 7.84435844421387 7.84412956237793 7.84400177001953 7.84397792816162 7.8430495262146 7.84157085418701 7.84137868881226 7.84161615371704 7.84176683425903 7.84191799163818 7.84378910064697 7.84552907943726 7.846435546875 7.84727573394775 7.84792947769165 7.84889888763428 7.85035610198975 7.85188293457031 7.85347414016724 7.85388040542603
