Ecospace-environmental-drivers/Outputs/ASCII-for-ecospace/MOM6-ISIMIP3a/ph-bot/1989-08_ph-bot_MOM6-ISIMIP3a.asc
NCOLS 131 
NROWS 53 
XLLCORNER -98 
YLLCORNER 23.9265270233154 
CELLSIZE 0.133587792515755 
NODATA_value -9999 
[rows 21 to 41 of 53, columns 0 to 46 of 131]
-9999 -9999 -9999 -9999 -9999 -9999 8.11808776855469 8.11781787872314 8.11710453033447 8.11611461639404 8.1163969039917 8.11806297302246 8.11816787719727 8.11847877502441 8.11619186401367 8.11090660095215 8.10194110870361 8.0904483795166 8.08709526062012 8.08688545227051 8.0858039855957 8.08456802368164 8.08028411865234 8.07636547088623 8.07605171203613 8.07594680786133 8.07651519775391 8.07826709747314 8.08208656311035 8.08611106872559 8.09034729003906 8.09413623809814 8.09765338897705 8.1014986038208 8.10545253753662 8.10840892791748 8.11121654510498 8.112548828125 8.11378479003906 8.11441230773926 8.11511516571045 8.1160306930542 8.11579513549805 8.11378192901611 8.11337947845459 8.11445617675781 8.1146240234375
-9999 -9999 -9999 -9999 -9999 -9999 8.11810970306396 8.11808776855469 8.1175479888916 8.11666870117188 8.11611461639404 8.11501312255859 8.11261940002441 8.10766792297363 8.10354232788086 8.10036849975586 8.09634017944336 8.09172534942627 8.09173965454102 8.09354209899902 8.09489440917969 8.09616565704346 8.09631061553955 8.09636116027832 8.09583187103271 8.09526062011719 8.09455585479736 8.09455966949463 8.09580039978027 8.09766387939453 8.10016918182373 8.10214424133301 8.10379505157471 8.10592269897461 8.10820960998535 8.10996723175049 8.11165332794189 8.11332321166992 8.11490058898926 8.11588668823242 8.11681652069092 8.11759090423584 8.11766719818115 8.11666774749756 8.11641407012939 8.11684513092041 8.11690044403076
-9999 -9999 -9999 -9999 8.12227725982666 8.11941814422607 8.11817264556885 8.11806964874268 8.11808776855469 8.11700916290283 8.1154613494873 8.11211776733398 8.10666370391846 8.09703350067139 8.09159851074219 8.09100341796875 8.09234809875488 8.09502506256104 8.09849452972412 8.10227012634277 8.10507488250732 8.10770797729492 8.11079978942871 8.11349964141846 8.11285305023193 8.11194705963135 8.11020278930664 8.10896778106689 8.10862255096436 8.10878086090088 8.10945606231689 8.1095666885376 8.10933399200439 8.10965251922607 8.11015605926514 8.11057281494141 8.11098384857178 8.11218547821045 8.11328506469727 8.11373424530029 8.11397266387939 8.11362266540527 8.11354732513428 8.11389636993408 8.1140308380127 8.11396884918213 8.11404800415039
-9999 -9999 -9999 -9999 8.12885475158691 8.12266254425049 8.12066268920898 8.11817264556885 8.11794948577881 8.11510848999023 8.11146926879883 8.10477733612061 8.10057163238525 8.10128784179688 8.10354042053223 8.10756969451904 8.11075973510742 8.11337471008301 8.1158390045166 8.11824512481689 8.11360836029053 8.10772800445557 8.08043003082275 8.05560874938965 8.05533599853516 8.05490684509277 8.0539665222168 8.05945205688477 8.07615280151367 8.09014225006104 8.10134315490723 8.10544681549072 8.10522651672363 8.10535049438477 8.10558986663818 8.10607719421387 8.10652160644531 8.09633922576904 8.08562278747559 8.07150840759277 8.05629253387451 8.03801536560059 8.02730178833008 8.02827835083008 8.02903652191162 8.02959442138672 8.03042793273926
-9999 -9999 -9999 -9999 -9999 8.12885475158691 8.12295913696289 8.12315368652344 8.1171989440918 8.11178016662598 8.1059398651123 8.09847831726074 8.09620189666748 8.10418128967285 8.10966491699219 8.11226654052734 8.11039543151855 8.1054515838623 8.10489273071289 8.10602569580078 8.0962553024292 8.08456134796143 8.03771877288818 7.99521684646606 7.99530458450317 7.99531221389771 7.9950590133667 8.0049934387207 8.03270721435547 8.0551872253418 8.07228469848633 8.07838153839111 8.07777786254883 8.0776834487915 8.07775783538818 8.07820987701416 8.07858848571777 8.06140518188477 8.04344081878662 8.02049922943115 7.99583864212036 7.96639442443848 7.94907283782959 7.95048666000366 7.95168209075928 7.95267724990845 7.95432901382446
-9999 -9999 -9999 -9999 -9999 8.12859344482422 8.12885475158691 8.12165451049805 8.11376190185547 8.10219573974609 8.09366416931152 8.09674644470215 8.0993766784668 8.10111236572266 8.09027290344238 8.06492328643799 8.02770233154297 7.98232698440552 7.96989393234253 7.97018051147461 7.9654016494751 7.9597282409668 7.94089365005493 7.92386102676392 7.92424440383911 7.92451858520508 7.92444086074829 7.92886161804199 7.94113349914551 7.94868516921997 7.95137929916382 7.95070743560791 7.94798517227173 7.94756269454956 7.94790697097778 7.9478702545166 7.94774580001831 7.94278192520142 7.93759441375732 7.93098068237305 7.92321825027466 7.91225671768188 7.90599870681763 7.90701007843018 7.9078254699707 7.9084620475769 7.91120958328247
-9999 -9999 8.12851619720459 8.12841033935547 8.12815856933594 8.12833213806152 8.12859344482422 8.11930370330811 8.10918521881104 8.09523773193359 8.08649349212646 8.09766960144043 8.10303688049316 8.0969123840332 8.06799983978271 8.01279544830322 7.9535984992981 7.89166021347046 7.8757791519165 7.87768316268921 7.87721014022827 7.87631702423096 7.8768424987793 7.87739515304565 7.87791395187378 7.87837266921997 7.87863492965698 7.87934446334839 7.88083410263062 7.87810945510864 7.87104892730713 7.86618232727051 7.86265277862549 7.86219310760498 7.86275720596313 7.86245155334473 7.86205434799194 7.86552762985229 7.86915349960327 7.87374925613403 7.87748861312866 7.87884330749512 7.88000154495239 7.88085699081421 7.88158559799194 7.88219738006592 7.88526296615601
-9999.000000000000000 -9999 -9999 -9999 8.12874126434326 8.12798595428467 8.12782669067383 8.11509609222412 8.10211849212646 8.09400939941406 8.09046459197998 8.10438632965088 8.10775566101074 8.09024620056152 8.03944301605225 7.95022630691528 7.8982367515564 7.87181234359741 7.87086820602417 7.87976312637329 7.88210105895996 7.88328218460083 7.88429832458496 7.88523530960083 7.88554286956787 7.88600444793701 7.88696718215942 7.88789701461792 7.88877010345459 7.88592195510864 7.87924480438232 7.87580108642578 7.87432718276978 7.87446355819702 7.8751368522644 7.87504529953003 7.87487602233887 7.87853479385376 7.88232612609863 7.88696241378784 7.89043045043945 7.89064598083496 7.89126348495483 7.89250230789185 7.8937816619873 7.89509773254395 7.89678335189819
-9999 -9999 -9999 -9999 8.12977981567383 8.12990570068359 8.12898063659668 8.11277770996094 8.09684944152832 8.09357070922852 8.09353637695312 8.10591888427734 8.10189628601074 8.06540966033936 8.00187397003174 7.90712738037109 7.86650943756104 7.86306524276733 7.87068891525269 7.88258600234985 7.88737392425537 7.89090728759766 7.89226484298706 7.89344644546509 7.89355611801147 7.89380693435669 7.8945140838623 7.89493894577026 7.89486980438232 7.89234304428101 7.88728618621826 7.88524103164673 7.88503122329712 7.88576507568359 7.88681316375732 7.88686752319336 7.88680696487427 7.8898491859436 7.89298439025879 7.89671325683594 7.89939785003662 7.89917516708374 7.89936923980713 7.90020751953125 7.90130186080933 7.90263080596924 7.90314769744873
-9999 -9999 -9999 -9999 8.13067626953125 8.13144683837891 8.13239765167236 8.11283779144287 8.09384250640869 8.09412479400635 8.09547805786133 8.10093116760254 8.08272743225098 8.01771450042725 7.95296573638916 7.88852262496948 7.86451768875122 7.86828327178955 7.87646150588989 7.88634300231934 7.89312648773193 7.89936351776123 7.90087461471558 7.90212392807007 7.90205335617065 7.90182304382324 7.90107393264771 7.90008020401001 7.89866065979004 7.89701366424561 7.89513254165649 7.894455909729 7.8945140838623 7.89584684371948 7.89760446548462 7.89771890640259 7.89761686325073 7.89903354644775 7.90047883987427 7.90210723876953 7.90336418151855 7.90358543395996 7.90350389480591 7.90295600891113 7.9029393196106 7.90341091156006 7.90302467346191
-9999 -9999 -9999 -9999 8.13144683837891 8.13259792327881 8.13395023345947 8.11514759063721 8.09683990478516 8.09595108032227 8.0964994430542 8.10255146026611 8.08600807189941 8.02475166320801 7.95896005630493 7.88793516159058 7.86563777923584 7.87680387496948 7.88525485992432 7.89265775680542 7.89831686019897 7.90366840362549 7.90516662597656 7.90641069412231 7.90624284744263 7.90582799911499 7.90461254119873 7.90323829650879 7.90158653259277 7.90082883834839 7.90099096298218 7.901198387146 7.90143394470215 7.90253877639771 7.90393304824829 7.90415954589844 7.90422582626343 7.90450859069824 7.90480756759644 7.90521240234375 7.90531539916992 7.90457916259766 7.90380239486694 7.90296173095703 7.90271949768066 7.90302705764771 7.9023118019104
-9999 -9999 -9999 -9999 8.13266468048096 8.13395023345947 8.1194019317627 8.11914348602295 8.10434150695801 8.09873104095459 8.09683036804199 8.10912990570068 8.10612487792969 8.07283973693848 8.00613212585449 7.90085983276367 7.86909151077271 7.88780117034912 7.89631462097168 7.90089082717896 7.90308523178101 7.90486001968384 7.90621995925903 7.90740394592285 7.90720129013062 7.90682506561279 7.90588617324829 7.90490865707397 7.90386390686035 7.90400218963623 7.90535831451416 7.90608644485474 7.90643215179443 7.90668773651123 7.90691375732422 7.90729188919067 7.90768432617188 7.90720129013062 7.90676212310791 7.90659999847412 7.90575551986694 7.90301132202148 7.90122270584106 7.90091037750244 7.90110683441162 7.90177011489868 7.90115690231323
-9999 -9999 -9999 -9999 8.13395023345947 8.11924743652344 8.11308765411377 8.10936832427979 8.10846424102783 8.10098266601562 8.09810543060303 8.1128511428833 8.11605930328369 8.09643936157227 8.03015232086182 7.91001892089844 7.87187957763672 7.89004898071289 7.89880704879761 7.90393114089966 7.90520858764648 7.90580701828003 7.90572881698608 7.90558242797852 7.90499496459961 7.90438270568848 7.90369033813477 7.90363311767578 7.90468454360962 7.90583658218384 7.90709209442139 7.90764617919922 7.90777349472046 7.90781021118164 7.90781688690186 7.9070782661438 7.90624094009399 7.90596961975098 7.90567207336426 7.90520477294922 7.90398550033569 7.90067291259766 7.89855051040649 7.89826679229736 7.898353099823 7.89877891540527 7.89824676513672
-9999 -9999 -9999 -9999 -9999 8.11158752441406 8.11054801940918 8.11075210571289 8.11113834381104 8.10300827026367 8.09978580474854 8.11534881591797 8.12162971496582 8.10954284667969 8.04424953460693 7.91756439208984 7.87438297271729 7.88854694366455 7.89762783050537 7.90474605560303 7.90619802474976 7.90664958953857 7.90457582473755 7.90255451202393 7.90143299102783 7.90046691894531 7.9000072479248 7.90109443664551 7.9048810005188 7.90709686279297 7.90769720077515 7.90778017044067 7.90754795074463 7.90763521194458 7.90782880783081 7.90543079376221 7.90269613265991 7.9030556678772 7.9032769203186 7.90261650085449 7.90126800537109 7.89800405502319 7.89583826065063 7.89536905288696 7.89511013031006 7.89504480361938 7.89458513259888
-9999 -9999 -9999 -9999 -9999 8.11073589324951 8.11112689971924 8.11152267456055 8.11102390289307 8.10413455963135 8.10176086425781 8.11667537689209 8.122314453125 8.10960102081299 8.04431056976318 7.9183554649353 7.87501525878906 7.88840961456299 7.89750814437866 7.90494871139526 7.90641498565674 7.90682744979858 7.90386486053467 7.90078830718994 7.89737796783447 7.89395475387573 7.89049196243286 7.89061641693115 7.89700078964233 7.90044116973877 7.90085124969482 7.90096950531006 7.90090894699097 7.90018892288208 7.8992486000061 7.89801645278931 7.89675569534302 7.89713907241821 7.89757347106934 7.89833498001099 7.89840745925903 7.89656352996826 7.89526081085205 7.89479494094849 7.8941707611084 7.89340162277222 7.89304399490356
-9999 -9999 -9999 -9999 -9999 8.11014270782471 8.11053276062012 8.11110687255859 8.11033344268799 8.10507488250732 8.10379791259766 8.11775970458984 8.12198829650879 8.10695838928223 8.04146671295166 7.91774892807007 7.87526035308838 7.88855457305908 7.89760828018188 7.90502452850342 7.90647220611572 7.90686750411987 7.90324544906616 7.89928340911865 7.89322090148926 7.88690519332886 7.87976980209351 7.87849521636963 7.88744974136353 7.89214706420898 7.89246368408203 7.89272165298462 7.89294338226318 7.89123821258545 7.88889074325562 7.88940906524658 7.89031934738159 7.89060115814209 7.89118623733521 7.8937029838562 7.89551734924316 7.89537668228149 7.89512491226196 7.89470148086548 7.89370775222778 7.8921914100647 7.8919415473938
-9999 -9999 -9999 -9999 -9999 -9999 8.10876941680908 8.10896873474121 8.10871410369873 8.10572814941406 8.10599136352539 8.11868953704834 8.12120342254639 8.10356521606445 8.03690528869629 7.91368389129639 7.87174510955811 7.88562774658203 7.89544248580933 7.9036865234375 7.90405035018921 7.90302419662476 7.8986234664917 7.8938136100769 7.8862133026123 7.87838172912598 7.86980056762695 7.86591768264771 7.87023258209229 7.87242698669434 7.87243986129761 7.87263298034668 7.87293577194214 7.87199926376343 7.8706488609314 7.87126398086548 7.87218427658081 7.87774896621704 7.88332271575928 7.88895654678345 7.8931131362915 7.89315748214722 7.89309310913086 7.89286136627197 7.89222621917725 7.89122009277344 7.88845014572144
-9999 -9999 -9999 -9999 -9999 -9999 8.10679817199707 8.10623264312744 8.10703372955322 8.10632228851318 8.10811901092529 8.11951446533203 8.12007427215576 8.09919452667236 8.03139305114746 7.90944957733154 7.86838626861572 7.88286685943604 7.89340353012085 7.90241813659668 7.90148210525513 7.89879035949707 7.89356803894043 7.88788366317749 7.87881374359131 7.86967515945435 7.86031436920166 7.85428953170776 7.85408592224121 7.85385847091675 7.85360670089722 7.85358667373657 7.85370826721191 7.85350179672241 7.85318613052368 7.85379123687744 7.85459232330322 7.86494779586792 7.87500715255737 7.88318061828613 7.88924312591553 7.88942861557007 7.8895468711853 7.88956069946289 7.8892993927002 7.88878488540649 7.88380098342896
-9999 -9999 -9999 -9999 -9999 -9999 8.10439014434814 8.10519218444824 8.10514163970947 8.10642051696777 8.10946655273438 8.11927700042725 8.11548233032227 8.08476638793945 8.01655197143555 7.90506982803345 7.86848831176758 7.8833441734314 7.89380216598511 7.90256214141846 7.89853286743164 7.89224624633789 7.88580513000488 7.87894248962402 7.86859798431396 7.8597240447998 7.85561943054199 7.85301303863525 7.85302114486694 7.85302829742432 7.85303449630737 7.85131645202637 7.84854793548584 7.84782981872559 7.8477954864502 7.84804105758667 7.84837532043457 7.85570955276489 7.86257743835449 7.8664755821228 7.86949968338013 7.87009048461914 7.8707480430603 7.87151002883911 7.87144470214844 7.8706202507019 7.86794376373291
-9999 -9999 -9999 -9999 -9999 8.09981536865234 8.10223579406738 8.10174560546875 8.10387420654297 8.10713005065918 8.11098957061768 8.11715507507324 8.10692691802979 8.0642557144165 7.99674034118652 7.90055751800537 7.87016773223877 7.88496112823486 7.89488124847412 7.90291976928711 7.8955397605896 7.88543844223022 7.87697124481201 7.86836385726929 7.8582935333252 7.85059118270874 7.85056781768799 7.85059404373169 7.8507080078125 7.85084629058838 7.8510103225708 7.84832286834717 7.84389781951904 7.842933177948 7.84312200546265 7.84311485290527 7.84311246871948 7.8475661277771 7.85149478912354 7.85208082199097 7.85274648666382 7.85363483428955 7.85470819473267 7.85606670379639 7.8564133644104 7.85583066940308 7.8551926612854
-9999 -9999 -9999 -9999 8.09790992736816 8.09905433654785 8.09981536865234 8.10218811035156 8.10489654541016 8.11008548736572 8.11315631866455 8.10812187194824 8.08383274078369 8.02144336700439 7.95870399475098 7.89556121826172 7.87763357162476 7.89075756072998 7.89845561981201 7.90405941009521 7.89238595962524 7.87766408920288 7.86421060562134 7.85178232192993 7.84766340255737 7.8444561958313 7.8442063331604 7.84398555755615 7.84381675720215 7.84370803833008 7.84366178512573 7.84267663955688 7.84111928939819 7.8408784866333 7.84107637405396 7.84120893478394 7.84134578704834 7.8434362411499 7.8453516960144 7.84615564346313 7.84695672988892 7.84774923324585 7.84878206253052 7.85018634796143 7.85173463821411 7.85341548919678 7.85383081436157
