Ecospace-environmental-drivers/Outputs/ASCII-for-ecospace/MOM6-ISIMIP3a/ph-bot/1989-04_ph-bot_MOM6-ISIMIP3a.asc
NCOLS 131 
NROWS 53 
XLLCORNER -98 
YLLCORNER 23.9265270233154 
CELLSIZE 0.133587792515755 
NODATA_value -9999 
[rows 21 to 41 of 53, columns 0 to 46 of 131]
-9999 -9999 -9999 -9999 -9999 -9999 8.17314910888672 8.17242813110352 8.17072200775146 8.16794681549072 8.16732501983643 8.1645040512085 8.16667556762695 8.17314338684082 8.17871379852295 8.18324851989746 8.18203258514404 8.17686748504639 8.17714214324951 8.17951679229736 8.18025302886963 8.18070125579834 8.17855358123779 8.17654228210449 8.17613792419434 8.17580032348633 8.1756763458252 8.1752986907959 8.17447853088379 8.17308807373047 8.17111015319824 8.16944980621338 8.16798400878906 8.16680335998535 8.1657190322876 8.16493034362793 8.16418552398682 8.16367530822754 8.16320991516113 8.16303157806396 8.16310214996338 8.16386890411377 8.16402816772461 8.16324710845947 8.16314792633057 8.16367340087891 8.16377639770508
-9999 -9999 -9999 -9999 -9999 -9999 8.17327880859375 8.17314910888672 8.17170810699463 8.17008209228516 8.16794681549072 8.16952323913574 8.17215061187744 8.17685604095459 8.1804027557373 8.1826114654541 8.18122577667236 8.17737197875977 8.17706203460693 8.17811965942383 8.17734241485596 8.17624187469482 8.17413806915283 8.17218780517578 8.17170143127441 8.17128276824951 8.17108058929443 8.17069911956787 8.17000293731689 8.1690673828125 8.16788387298584 8.16677188873291 8.1657018661499 8.16488552093506 8.16415309906006 8.16319370269775 8.16220569610596 8.16169452667236 8.16121196746826 8.16091918945312 8.16076183319092 8.16097831726074 8.16096305847168 8.16059017181396 8.1605749130249 8.16089057922363 8.16075134277344
-9999 -9999 -9999 -9999 8.17607402801514 8.17430019378662 8.17337512969971 8.17331314086914 8.17314910888672 8.17026710510254 8.16896629333496 8.17370986938477 8.17765235900879 8.18000602722168 8.18113899230957 8.18086242675781 8.17938423156738 8.17708015441895 8.17631340026855 8.17613983154297 8.17352485656738 8.1704797744751 8.16619396209717 8.16228103637695 8.16170406341553 8.16121578216553 8.16102027893066 8.16112995147705 8.16177368164062 8.1625804901123 8.16355609893799 8.16352653503418 8.16288471221924 8.16237735748291 8.16191482543945 8.16072940826416 8.15944290161133 8.15787410736084 8.15630340576172 8.15471935272217 8.15316581726074 8.15170097351074 8.1508846282959 8.15106773376465 8.15126514434814 8.15147495269775 8.15119075775146
-9999 -9999 -9999 -9999 8.18009090423584 8.1765308380127 8.17522430419922 8.17337512969971 8.17341613769531 8.1739330291748 8.17487239837646 8.17743110656738 8.17880821228027 8.17784595489502 8.17610549926758 8.17346668243408 8.17096710205078 8.16856479644775 8.16795349121094 8.16803455352783 8.16118240356445 8.15310668945312 8.10727310180664 8.06559467315674 8.06542873382568 8.0656270980835 8.0670051574707 8.07578372955322 8.09747791290283 8.1211109161377 8.1467399597168 8.15594100952148 8.15513324737549 8.15392303466797 8.15257740020752 8.15167331695557 8.15069675445557 8.13122177124023 8.1114444732666 8.08974170684814 8.0680456161499 8.04637241363525 8.0336856842041 8.03489017486572 8.03608703613281 8.03727626800537 8.03817272186279
-9999 -9999 -9999 -9999 -9999 8.18009090423584 8.1774320602417 8.17707443237305 8.17434787750244 8.17689037322998 8.17902660369873 8.17960453033447 8.17850399017334 8.17407989501953 8.16605758666992 8.153883934021 8.14396190643311 8.13558483123779 8.13321018218994 8.13315200805664 8.12379550933838 8.11279678344727 8.0410795211792 7.97587871551514 7.9760594367981 7.97675895690918 7.97913980484009 7.99347114562988 8.02865695953369 8.06662082672119 8.10744285583496 8.12193012237549 8.12037467956543 8.11861419677734 8.11678600311279 8.11613273620605 8.11542797088623 8.0851411819458 8.05434799194336 8.020339012146 7.98631906509399 7.9522705078125 7.93233251571655 7.93420171737671 7.93608570098877 7.93798303604126 7.93994760513306
-9999 -9999 -9999 -9999 -9999 8.17996788024902 8.18009090423584 8.17918872833252 8.17819881439209 8.17674922943115 8.17549610137939 8.17499446868896 8.17179679870605 8.16326713562012 8.13402080535889 8.08087062835693 8.03544998168945 7.99533891677856 7.98277950286865 7.98085927963257 7.97659301757812 7.97191286087036 7.94299745559692 7.91673135757446 7.91696739196777 7.91735553741455 7.91823768615723 7.92445945739746 7.93999767303467 7.95503997802734 7.96957159042358 7.97205543518066 7.967200756073 7.96556329727173 7.96499872207642 7.96446561813354 7.96386909484863 7.95387029647827 7.94359159469604 7.9315333366394 7.91947174072266 7.9074010848999 7.90045547485352 7.90142965316772 7.90263414382935 7.90404891967773 7.90658903121948
-9999 -9999 8.17958736419678 8.17965793609619 8.17976188659668 8.17984390258789 8.17996788024902 8.179518699646 8.1788158416748 8.17548847198486 8.17248916625977 8.17074775695801 8.16366291046143 8.14600467681885 8.09680938720703 8.01122665405273 7.94519710540771 7.8925952911377 7.877601146698 7.87712907791138 7.87720775604248 7.8773832321167 7.87800025939941 7.87859725952148 7.87894678115845 7.87924194335938 7.87936305999756 7.88007211685181 7.88180780410767 7.88066673278809 7.8765664100647 7.87130498886108 7.86533641815186 7.86410713195801 7.86445760726929 7.86417579650879 7.86383676528931 7.86775636672974 7.87152576446533 7.87433671951294 7.87717247009277 7.88007688522339 7.88207483291626 7.88267183303833 7.88350391387939 7.88455200195312 7.88710737228394
-9999.000000000000000 -9999 -9999 -9999 8.17936706542969 8.17967987060547 8.17960453033447 8.17595672607422 8.1723747253418 8.17178440093994 8.17062568664551 8.16729736328125 8.15241432189941 8.11466789245605 8.04830837249756 7.94893503189087 7.89477920532227 7.87167692184448 7.87115669250488 7.8793568611145 7.88215160369873 7.88399219512939 7.88519096374512 7.88631200790405 7.88690185546875 7.88758087158203 7.88854789733887 7.88941192626953 7.89009571075439 7.88747501373291 7.88145303726196 7.87773609161377 7.87542295455933 7.87522411346436 7.87573003768921 7.87598323822021 7.87622833251953 7.88016891479492 7.88387775421143 7.88610792160034 7.88843536376953 7.89103317260742 7.89314079284668 7.89449071884155 7.89562273025513 7.89655447006226 7.89790344238281
-9999 -9999 -9999 -9999 8.17877864837646 8.17857646942139 8.17887496948242 8.17335987091064 8.16804695129395 8.16870403289795 8.1681432723999 8.16292285919189 8.13827705383301 8.07519245147705 7.99830627441406 7.90549659729004 7.86571359634399 7.86234617233276 7.87012958526611 7.8822193145752 7.88730812072754 7.89116144180298 7.89254283905029 7.89377880096436 7.89425945281982 7.89487886428833 7.89594841003418 7.89658212661743 7.89645528793335 7.89367532730103 7.88816547393799 7.88594913482666 7.88573932647705 7.88625860214233 7.88702058792114 7.88753128051758 7.88802576065063 7.89116334915161 7.8940863609314 7.89564752578735 7.89726448059082 7.8990364074707 7.90055370330811 7.90167713165283 7.90267896652222 7.90356874465942 7.90393733978271
-9999 -9999 -9999 -9999 8.1783275604248 8.17807865142822 8.17777061462402 8.17197799682617 8.16637706756592 8.16640853881836 8.16488075256348 8.15738582611084 8.12050533294678 8.02547740936279 7.94641590118408 7.88577651977539 7.86350917816162 7.86759376525879 7.8759183883667 7.88587999343872 7.89273262023926 7.8990364074707 7.90009641647339 7.90093326568604 7.90086460113525 7.9008674621582 7.90110349655151 7.90102243423462 7.90038824081421 7.89911127090454 7.89717388153076 7.89640378952026 7.89634466171265 7.89718914031982 7.89833450317383 7.89875173568726 7.89907550811768 7.90037250518799 7.90159940719604 7.90237998962402 7.90303134918213 7.90332460403442 7.90337085723877 7.90303516387939 7.90336513519287 7.90430593490601 7.90398025512695
-9999 -9999 -9999 -9999 8.17807865142822 8.17770576477051 8.17726898193359 8.17287254333496 8.16846466064453 8.16662979125977 8.16352272033691 8.15554237365723 8.1202449798584 8.03089809417725 7.95182800292969 7.88461542129517 7.86371850967407 7.87462902069092 7.88352298736572 7.89163875579834 7.89762878417969 7.90324306488037 7.90423822402954 7.90502595901489 7.9049243927002 7.90486097335815 7.90491962432861 7.90467929840088 7.90391731262207 7.90347909927368 7.90337467193604 7.9033637046814 7.90340900421143 7.90411376953125 7.90503787994385 7.90539693832397 7.90567636489868 7.90576314926147 7.90586948394775 7.90610218048096 7.90585136413574 7.90425586700439 7.90308666229248 7.90257692337036 7.90284633636475 7.90383100509644 7.90325117111206
-9999 -9999 -9999 -9999 8.17768478393555 8.17726898193359 8.17581558227539 8.17547416687012 8.17336940765381 8.16874027252197 8.16359424591064 8.15646839141846 8.1331205368042 8.07767200469971 8.00021839141846 7.89737367630005 7.86573791503906 7.88300514221191 7.89249086380005 7.89897155761719 7.90212869644165 7.90469884872437 7.90582084655762 7.90682172775269 7.90707588195801 7.90735816955566 7.9077320098877 7.90774917602539 7.90714406967163 7.90704584121704 7.90746927261353 7.90770196914673 7.90781879425049 7.908034324646 7.90828323364258 7.90861082077026 7.90894174575806 7.90828943252563 7.90770673751831 7.90756607055664 7.90646028518677 7.90266895294189 7.90047693252563 7.9007568359375 7.90142393112183 7.90244722366333 7.90194225311279
-9999 -9999 -9999 -9999 8.17726898193359 8.17726707458496 8.17741584777832 8.17764759063721 8.17677783966064 8.17001724243164 8.16329860687256 8.15674209594727 8.14005565643311 8.1033239364624 8.02761268615723 7.90692567825317 7.86764097213745 7.88425970077515 7.89413261413574 7.90140056610107 7.90390253067017 7.90556287765503 7.90527057647705 7.90494060516357 7.90464925765991 7.90448522567749 7.90473556518555 7.90550851821899 7.90719318389893 7.90832138061523 7.9088773727417 7.90906858444214 7.9090371131897 7.90910577774048 7.90920782089233 7.90807437896729 7.90677785873413 7.90657186508179 7.90630006790161 7.90561103820801 7.9041109085083 7.90035438537598 7.89814901351929 7.89834213256836 7.89883232116699 7.89959573745728 7.89918613433838
-9999 -9999 -9999 -9999 -9999 8.17820930480957 8.17856597900391 8.17912578582764 8.17954444885254 8.17093658447266 8.16284561157227 8.15673637390137 8.14444446563721 8.11992263793945 8.04600811004639 7.91510343551636 7.86949443817139 7.88246202468872 7.89263486862183 7.90172815322876 7.90450811386108 7.90617370605469 7.90380668640137 7.90148305892944 7.90025997161865 7.89931106567383 7.89925003051758 7.90099191665649 7.90587997436523 7.90861463546753 7.90913438796997 7.90916156768799 7.90888833999634 7.9089560508728 7.90913772583008 7.90593099594116 7.90228748321533 7.90303516387939 7.90350341796875 7.90219068527222 7.90049362182617 7.89772796630859 7.89594268798828 7.89567279815674 7.89573955535889 7.89611530303955 7.8958101272583
-9999 -9999 -9999 -9999 -9999 8.17793560028076 8.1786470413208 8.17892456054688 8.1783971786499 8.17031955718994 8.1625919342041 8.1562032699585 8.14441394805908 8.1219367980957 8.04858112335205 7.91651821136475 7.86976051330566 7.88158512115479 7.89148426055908 7.9006404876709 7.90402841567993 7.90639781951904 7.90311098098755 7.89968824386597 7.89616441726685 7.89276170730591 7.88975238800049 7.89037227630615 7.89732503890991 7.90099287033081 7.90128040313721 7.90145826339722 7.90156936645508 7.90091228485107 7.89999961853027 7.89841747283936 7.89675903320312 7.89732503890991 7.89788675308228 7.89842128753662 7.89837455749512 7.89670991897583 7.89551401138306 7.89504241943359 7.89454126358032 7.89401340484619 7.89375495910645
-9999 -9999 -9999 -9999 -9999 8.17592334747314 8.17659282684326 8.17789077758789 8.17644023895264 8.16938495635986 8.16237926483154 8.15556240081787 8.14346885681152 8.12093448638916 8.04788017272949 7.91653394699097 7.86969757080078 7.88089847564697 7.89040613174438 7.8992600440979 7.90332365036011 7.90654182434082 7.90257453918457 7.89823770523071 7.89212894439697 7.88592767715454 7.87942457199097 7.87848949432373 7.88727235794067 7.89173364639282 7.89174842834473 7.8921422958374 7.89276695251465 7.8912353515625 7.88898515701294 7.88979291915894 7.89101600646973 7.89116477966309 7.89168643951416 7.89457988739014 7.89656591415405 7.89602470397949 7.89545297622681 7.8948335647583 7.8937349319458 7.8921971321106 7.89197254180908
-9999 -9999 -9999 -9999 -9999 -9999 8.17253017425537 8.17296314239502 8.17245197296143 8.1665096282959 8.16054534912109 8.15450191497803 8.14327907562256 8.12180519104004 8.04821491241455 7.91448926925659 7.86658048629761 7.87760543823242 7.8868556022644 7.89542102813721 7.8993706703186 7.90250587463379 7.89787292480469 7.89278507232666 7.88532400131226 7.87770509719849 7.86957406997681 7.86590242385864 7.8700122833252 7.87202072143555 7.87186574935913 7.87212705612183 7.87264251708984 7.87183904647827 7.87059593200684 7.87129306793213 7.87229251861572 7.87807273864746 7.88386297225952 7.88971519470215 7.89396905899048 7.89377212524414 7.893479347229 7.89303827285767 7.8922758102417 7.89121723175049 7.88857269287109
-9999 -9999 -9999 -9999 -9999 -9999 8.1680154800415 8.1667366027832 8.16832637786865 8.16349315643311 8.15858459472656 8.15339183807373 8.14280414581299 8.12154293060303 8.04739189147949 7.91221284866333 7.86364984512329 7.87457084655762 7.88353157043457 7.89173603057861 7.895339012146 7.89812994003296 7.89277744293213 7.88690185546875 7.87815523147583 7.86932420730591 7.86021947860718 7.85428190231323 7.85387325286865 7.85352182388306 7.85322904586792 7.85321044921875 7.85335874557495 7.85324430465698 7.85304260253906 7.85351324081421 7.85415077209473 7.86502456665039 7.87553834915161 7.8837571144104 7.88983583450317 7.88995409011841 7.88996124267578 7.88979530334473 7.88939619064331 7.88878297805786 7.88400506973267
-9999 -9999 -9999 -9999 -9999 -9999 8.16376686096191 8.16434669494629 8.16370105743408 8.15990447998047 8.15604496002197 8.15194511413574 8.13893604278564 8.10830020904541 8.03372192382812 7.90844106674194 7.864173412323 7.87554121017456 7.88380479812622 7.89087009429932 7.89202070236206 7.89212799072266 7.88547468185425 7.87834024429321 7.86843109130859 7.8599157333374 7.85592269897461 7.85331535339355 7.85312652587891 7.85296487808228 7.85283088684082 7.8511209487915 7.84845066070557 7.84784412384033 7.84792613983154 7.84813594818115 7.8484148979187 7.85575342178345 7.86263656616211 7.86662483215332 7.86968994140625 7.87018632888794 7.87087535858154 7.87186336517334 7.87168455123901 7.87043523788452 7.86775302886963
-9999 -9999 -9999 -9999 -9999 8.16061592102051 8.1610689163208 8.16021633148193 8.15956020355225 8.15615081787109 8.15272426605225 8.14923286437988 8.13237476348877 8.08906555175781 8.01463794708252 7.90430355072021 7.86623477935791 7.87779331207275 7.88544034957886 7.89157676696777 7.88938999176025 7.88573408126831 7.87704992294312 7.8681640625 7.85851049423218 7.85112333297729 7.85108518600464 7.85104084014893 7.85098505020142 7.85094976425171 7.85093593597412 7.84827041625977 7.84398984909058 7.84314012527466 7.84343385696411 7.8434624671936 7.84348344802856 7.84756469726562 7.8511905670166 7.85191631317139 7.85265874862671 7.85344839096069 7.85464477539062 7.85647010803223 7.8567099571228 7.85549354553223 7.85469341278076
-9999 -9999 -9999 -9999 8.16390419006348 8.16150283813477 8.16061592102051 8.15909671783447 8.15719795227051 8.1517915725708 8.14653968811035 8.14188098907471 8.11593437194824 8.04786205291748 7.9757022857666 7.89882469177246 7.87393379211426 7.8847451210022 7.89207029342651 7.89804983139038 7.88927793502808 7.87790298461914 7.86451101303101 7.8520655632019 7.84787178039551 7.84459018707275 7.84426546096802 7.84397125244141 7.84373044967651 7.84358978271484 7.8435525894165 7.84263038635254 7.8411693572998 7.84098768234253 7.84123277664185 7.84136724472046 7.84149932861328 7.84334659576416 7.84508085250854 7.84609699249268 7.84704828262329 7.84782028198242 7.84888124465942 7.8503885269165 7.85177183151245 7.85304164886475 7.85334014892578
