Ecospace-environmental-drivers/Outputs/ASCII-for-ecospace/MOM6-ISIMIP3a/ph-bot/1989-12_ph-bot_MOM6-ISIMIP3a.asc
NCOLS 131 
NROWS 53 
XLLCORNER -98 
YLLCORNER 23.9265270233154 
CELLSIZE 0.133587792515755 
NODATA_value -9999 
[rows 0 to 20 of 53, columns 47 to 93 of 131]
-9999 -9999 -9999 -9999 -9999 -9999 -9999 -9999 -9999 -9999 -9999 -9999 -9999 -9999 -9999 -9999 -9999 -9999 -9999 -9999 -9999 -9999 -9999 -9999 -9999 -9999 -9999 -9999 -9999 -9999 -9999 -9999 -9999 -9999 -9999 -9999 -9999 -9999 -9999 -9999 -9999 -9999 -9999 -9999 -9999 -9999 -9999
-9999 -9999 -9999 -9999 -9999 -9999 -9999 -9999 -9999 -9999 -9999 -9999 -9999 -9999 -9999 -9999 -9999 -9999 -9999 -9999 -9999 -9999 -9999 -9999 -9999 -9999 -9999 -9999 -9999 -9999 -9999 -9999 -9999 -9999 -9999 -9999 -9999 -9999 -9999 -9999 -9999 -9999 -9999 -9999 -9999 -9999 -9999
-9999 -9999 -9999 -9999 -9999 -9999 -9999 -9999 -9999 -9999 -9999 -9999 -9999 -9999 -9999 -9999 -9999 -9999 -9999 -9999 -9999 -9999 -9999 -9999 -9999 -9999 -9999 8.28772830963135 8.28982543945312 -9999 -9999 -9999 -9999 -9999 -9999 -9999 -9999 -9999 -9999 -9999 -9999 -9999 -9999 -9999 -9999 -9999 -9999
-9999 -9999 -9999 -9999 -9999 -9999 -9999 -9999 -9999 -9999 -9999 -9999 -9999 -9999 -9999 -9999 -9999 -9999 -9999 -9999 -9999 -9999 -9999 -9999 -9999 -9999 -9999 8.28775882720947 8.29013156890869 -9999 -9999 -9999 -9999 -9999 -9999 -9999 -9999 -9999 -9999 -9999 -9999 -9999 -9999 -9999 -9999 -9999 -9999
-9999 -9999 -9999 -9999 -9999 -9999 -9999 -9999 -9999 -9999 -9999 -9999 -9999 -9999 -9999 -9999 -9999 -9999 8.2750301361084 8.27550029754639 8.27587699890137 8.27807235717773 8.27964687347412 8.28148937225342 8.28208446502686 8.282883644104 8.28508186340332 8.28791236877441 8.290283203125 8.29219913482666 -9999 -9999 8.27999305725098 8.26230716705322 8.24044418334961 8.22288799285889 8.21506404876709 8.21551322937012 8.22504711151123 8.23884868621826 8.25633525848389 8.27369403839111 -9999 -9999 -9999 -9999 -9999
-9999 -9999 -9999 -9999 -9999 -9999 -9999 -9999 -9999 -9999 -9999 -9999 -9999 -9999 8.09592056274414 -9999 8.10278797149658 8.10880470275879 8.19247627258301 8.2750301361084 8.27559471130371 8.27587699890137 8.28026676177979 8.28279685974121 8.28140354156494 8.2820520401001 8.28519630432129 8.28799629211426 8.29054546356201 8.29230785369873 8.29374504089355 8.29076862335205 8.28692626953125 8.26228427886963 8.23771190643311 8.22133731842041 8.20961380004883 8.21424102783203 8.22268486022949 8.23821640014648 8.25564575195312 8.27514266967773 8.2902946472168 8.30263614654541 -9999 -9999 -9999
-9999 -9999 -9999 -9999 -9999 -9999 -9999 -9999 -9999 -9999 7.93156337738037 7.92972326278687 7.9285717010498 7.9259090423584 8.01035308837891 8.09548187255859 8.096360206604 8.10319995880127 8.10880470275879 8.19359493255615 8.2750301361084 8.27587699890137 8.28026676177979 8.28279685974121 8.28140354156494 8.2820520401001 8.28519630432129 8.28799629211426 8.29054546356201 8.29230785369873 8.29374504089355 8.29076862335205 8.28692626953125 8.26228427886963 8.23771190643311 8.22133731842041 8.20961380004883 8.21424102783203 8.22268486022949 8.23821640014648 8.25564575195312 8.27514266967773 8.2902946472168 8.30263614654541 8.30589771270752 8.2954683303833 -9999
-9999 -9999 -9999 -9999 -9999 -9999 -9999 -9999 -9999 -9999 7.94143009185791 7.93156337738037 7.92788314819336 -9999 7.92357540130615 8.01007747650146 8.09460353851318 8.096360206604 8.10443592071533 8.10880470275879 8.19694900512695 8.26782894134521 8.26645660400391 8.26420497894287 8.26009559631348 8.26052665710449 8.26650714874268 8.27129650115967 8.27521991729736 8.27569675445557 8.27474689483643 8.2661600112915 8.25607204437256 8.23398971557617 8.21239185333252 8.19986915588379 8.19046306610107 8.19201374053955 8.19917964935303 8.21677398681641 8.23541069030762 8.25518321990967 8.27040958404541 8.28269481658936 8.28850936889648 8.29199886322021 8.29236221313477
-9999 -9999 -9999 -9999 -9999 -9999 -9999 -9999 -9999 -9999 -9999 -9999 -9999 -9999 7.92303943634033 7.92348480224609 8.01290225982666 8.09284591674805 8.096360206604 8.10814380645752 8.19225215911865 8.25866889953613 8.25104808807373 8.24360847473145 8.23655033111572 8.2367467880249 8.24580955505371 8.25275611877441 8.25816249847412 8.2572021484375 8.25360488891602 8.23894214630127 8.22210502624512 8.20290946960449 8.18459892272949 8.17577648162842 8.16857147216797 8.16705131530762 8.17299461364746 8.19279956817627 8.21278190612793 8.2329568862915 8.24832534790039 8.26058387756348 8.27491664886475 8.28999423980713 8.29310894012451
8.1881160736084 -9999 -9999 -9999 -9999 -9999 -9999 -9999 -9999 -9999 8.0872859954834 7.95154333114624 -9999 -9999 -9999 7.92071342468262 7.93289947509766 8.02168941497803 8.08933258056641 8.09400653839111 8.17687129974365 8.24209117889404 8.2334623336792 8.22513008117676 8.2174243927002 8.21762084960938 8.22747421264648 8.2347354888916 8.24010848999023 8.23740005493164 8.23134517669678 8.21602058410645 8.19887351989746 8.18405342102051 8.16838359832764 8.14356899261475 8.12585544586182 8.13310432434082 8.14453601837158 8.16373157501221 8.18517112731934 8.20905303955078 8.22658443450928 8.24000644683838 8.25666427612305 8.27448558807373 8.28496360778809
8.18260860443115 8.18179607391357 -9999 -9999 -9999 -9999 -9999 -9999 -9999 -9999 8.1535530090332 8.07162666320801 7.95154333114624 -9999 -9999 7.90211963653564 7.92845678329468 7.96812200546265 8.02617645263672 8.08662891387939 8.16358661651611 8.22400665283203 8.21521854400635 8.20649337768555 8.19790172576904 8.19760990142822 8.20746040344238 8.21480369567871 8.22032070159912 8.21644306182861 8.20867443084717 8.19359683990479 8.17708206176758 8.16352653503418 8.14752197265625 8.10652923583984 8.07845592498779 8.09580993652344 8.1140079498291 8.13377475738525 8.15747928619385 8.18547439575195 8.20532894134521 8.21991634368896 8.23859024047852 8.25873184204102 8.27529811859131
8.18260860443115 8.1801700592041 8.18607425689697 8.19564628601074 -9999 -9999 -9999 -9999 -9999 -9999 -9999 8.13016891479492 8.0470027923584 7.95154333114624 7.93156337738037 7.90211963653564 7.92845678329468 7.96812200546265 8.0416088104248 8.11550521850586 8.16153812408447 8.19784355163574 8.19344615936279 8.18700504302979 8.1762523651123 8.17285251617432 8.17843818664551 8.18461894989014 8.19123363494873 8.18928527832031 8.1837911605835 8.17384243011475 8.16301727294922 8.13404178619385 8.10174465179443 8.04356956481934 8.00594139099121 8.04055690765381 8.0723876953125 8.09904479980469 8.12935256958008 8.16363906860352 8.18667888641357 8.20244121551514 8.22146797180176 8.24166774749756 8.25748729705811
8.18268966674805 8.18278312683105 8.18583869934082 8.19550609588623 -9999 -9999 -9999 -9999 8.1880931854248 8.17249202728271 8.15750885009766 8.14337348937988 8.08962535858154 8.00346851348877 7.95850515365601 7.93305444717407 7.95508146286011 7.98845243453979 8.06320476531982 8.13723564147949 8.15938663482666 8.17625713348389 8.1710262298584 8.16313552856445 8.14962959289551 8.13838481903076 8.12990379333496 8.12656211853027 8.12696266174316 8.12582111358643 8.12403964996338 8.11952018737793 8.11446285247803 8.07813930511475 8.0385570526123 7.97844171524048 7.94133710861206 7.98514127731323 8.0244140625 8.05527210235596 8.0887393951416 8.12505149841309 8.15174293518066 8.17221069335938 8.19492435455322 8.21844577789307 8.23556232452393
8.18297290802002 8.18325901031494 8.18587970733643 8.19550609588623 8.20559310913086 8.20875358581543 8.20975017547607 8.19974040985107 8.1880931854248 8.17249202728271 8.15750885009766 8.14337348937988 8.11455154418945 8.07371425628662 8.05280208587646 8.04132747650146 8.04826927185059 8.05961036682129 8.10021114349365 8.14110279083252 8.15698051452637 8.16610908508301 8.14698791503906 8.12831115722656 8.11056995391846 8.07964038848877 8.03259086608887 7.99882364273071 7.97473001480103 7.97158479690552 7.97711515426636 7.97877740859985 7.97967958450317 7.95619297027588 7.93184375762939 7.90789318084717 7.8965106010437 7.92931747436523 7.96055889129639 7.98889350891113 8.01691055297852 8.04458236694336 8.07609462738037 8.11009311676025 8.14482688903809 8.17982578277588 8.20335102081299
8.18881416320801 8.18894577026367 8.19045734405518 8.19877243041992 8.20755386352539 8.21014785766602 8.21063804626465 8.20043182373047 8.18893718719482 8.17433452606201 8.16088771820068 8.14902496337891 8.13713264465332 8.12521457672119 8.11893844604492 8.11533451080322 8.11350727081299 8.11210441589355 8.12905120849609 8.14646530151367 8.1523323059082 8.14877986907959 8.10580348968506 8.06847858428955 8.04308605194092 8.00578689575195 7.9539361000061 7.91624546051025 7.88886785507202 7.88593053817749 7.89311408996582 7.89671277999878 7.89960622787476 7.88425350189209 7.86939144134521 7.86592674255371 7.86892986297607 7.89467668533325 7.91965579986572 7.94320917129517 7.9668173789978 7.99048614501953 8.0239200592041 8.06367301940918 8.102707862854 8.1414852142334 8.17012310028076
8.20251178741455 8.20199966430664 8.20145034790039 8.20665550231934 8.21228790283203 8.21351432800293 8.21278381347656 8.20209980010986 8.19097423553467 8.17878341674805 8.16904354095459 8.16266632080078 8.15639591217041 8.15021324157715 8.14526271820068 8.14089584350586 8.13923168182373 8.13821220397949 8.14634895324707 8.15394401550293 8.14451313018799 8.12129497528076 8.04037475585938 7.97329044342041 7.9354133605957 7.91057109832764 7.90165996551514 7.89751577377319 7.89684343338013 7.89723873138428 7.89807605743408 7.89760780334473 7.8968825340271 7.88301563262939 7.86951732635498 7.86436891555786 7.86573123931885 7.88998556137085 7.91120338439941 7.92678213119507 7.94745397567749 7.97367477416992 8.00493240356445 8.03944873809814 8.07186985015869 8.10353851318359 8.13545989990234
8.20706462860107 8.20672035217285 8.20605087280273 8.21075439453125 8.21577548980713 8.21454334259033 8.21156311035156 8.19969463348389 8.18837261199951 8.17837238311768 8.17143440246582 8.16870212554932 8.16448497772217 8.1590518951416 8.15105247497559 8.14183712005615 8.14040374755859 8.14082908630371 8.14086055755615 8.1381664276123 8.09619426727295 8.04780673980713 7.9725661277771 7.91309690475464 7.88691997528076 7.87626886367798 7.88459396362305 7.89231634140015 7.89959955215454 7.89959859848022 7.89658117294312 7.89624071121216 7.8964262008667 7.88314437866211 7.8700852394104 7.86407661437988 7.86333084106445 7.88109254837036 7.89809370040894 7.91368341445923 7.93480348587036 7.96194934844971 7.9893946647644 8.01703453063965 8.04600524902344 8.07545471191406 8.10598468780518
8.20391654968262 8.20442390441895 8.2052698135376 8.21166515350342 8.2182149887085 8.21360492706299 8.20750904083252 8.1938591003418 8.18186473846436 8.17386817932129 8.16897201538086 8.16833209991455 8.163161277771 8.15428352355957 8.13955116271973 8.12204456329346 8.12089920043945 8.1236629486084 8.11618423461914 8.10280323028564 8.01376914978027 7.93557548522949 7.90275287628174 7.88237333297729 7.88826274871826 7.8932638168335 7.89717864990234 7.89851045608521 7.8979606628418 7.89442348480225 7.88964939117432 7.89296913146973 7.89788007736206 7.88442325592041 7.87102556228638 7.86484909057617 7.86160326004028 7.86866092681885 7.88106250762939 7.90338802337646 7.92780685424805 7.95450639724731 7.97676277160645 7.99614477157593 8.02432918548584 8.0556755065918 8.08087730407715
8.19530487060547 8.19596767425537 8.1971435546875 8.20250988006592 8.20792293548584 8.2029857635498 8.19700527191162 8.18570995330811 8.17579936981201 8.16923332214355 8.16476726531982 8.16318511962891 8.15724563598633 8.14773941040039 8.1096134185791 8.05792999267578 8.04485607147217 8.04100704193115 8.03335952758789 8.02109241485596 7.9453821182251 7.88334703445435 7.87854146957397 7.87950897216797 7.89266395568848 7.89994621276855 7.90005111694336 7.89793062210083 7.89418935775757 7.88925981521606 7.88383865356445 7.88966798782349 7.89770936965942 7.88640594482422 7.87486410140991 7.86799287796021 7.86282634735107 7.86365175247192 7.87042570114136 7.88824605941772 7.90971994400024 7.93517398834229 7.95771884918213 7.97838068008423 8.0040340423584 8.03148078918457 8.05640602111816
8.18402004241943 8.18449592590332 8.18542289733887 8.1884298324585 8.1914005279541 8.18763065338135 8.1833438873291 8.17642879486084 8.16995143890381 8.16453456878662 8.15971088409424 8.15570163726807 8.14908123016357 8.14032554626465 8.07065296173096 7.9721245765686 7.94114351272583 7.92630243301392 7.92207908630371 7.91669893264771 7.88386535644531 7.86048173904419 7.87664747238159 7.89027881622314 7.89856195449829 7.90158176422119 7.89817047119141 7.89403533935547 7.88937425613403 7.88410186767578 7.87857723236084 7.88635301589966 7.8967432975769 7.88873243331909 7.88012075424194 7.8722972869873 7.8654932975769 7.86227560043335 7.86291885375977 7.87073278427124 7.88620615005493 7.91002368927002 7.93553638458252 7.96214628219604 7.98441553115845 8.00512599945068 8.03224563598633
8.17035388946533 8.17031192779541 8.17066287994385 8.17267227172852 8.17469120025635 8.1723804473877 8.16972064971924 8.16529273986816 8.16086769104004 8.15645217895508 8.15280628204346 8.15021896362305 8.14130020141602 8.12720203399658 8.05500984191895 7.95529937744141 7.91529130935669 7.88954830169678 7.88808393478394 7.88749170303345 7.87532091140747 7.86870288848877 7.88532209396362 7.89720296859741 7.89908027648926 7.89816188812256 7.89382696151733 7.8901195526123 7.88686895370483 7.88211441040039 7.87673664093018 7.88070344924927 7.88650703430176 7.88577508926392 7.88478803634644 7.88367605209351 7.88085699081421 7.87203311920166 7.86634159088135 7.86646604537964 7.8727912902832 7.88587284088135 7.90195655822754 7.91998338699341 7.93999719619751 7.96072483062744 7.99605560302734
