Ecospace-environmental-drivers/Outputs/ASCII-for-ecospace/MOM6-ISIMIP3a/ph-bot/1989-07_ph-bot_MOM6-ISIMIP3a.asc
NCOLS 131 
NROWS 53 
XLLCORNER -98 
YLLCORNER 23.9265270233154 
CELLSIZE 0.133587792515755 
NODATA_value -9999 
[rows 0 to 20 of 53, columns 47 to 93 of 131]
-9999 -9999 -9999 -9999 -9999 -9999 -9999 -9999 -9999 -9999 -9999 -9999 -9999 -9999 -9999 -9999 -9999 -9999 -9999 -9999 -9999 -9999 -9999 -9999 -9999 -9999 -9999 -9999 -9999 -9999 -9999 -9999 -9999 -9999 -9999 -9999 -9999 -9999 -9999 -9999 -9999 -9999 -9999 -9999 -9999 -9999 -9999
-9999 -9999 -9999 -9999 -9999 -9999 -9999 -9999 -9999 -9999 -9999 -9999 -9999 -9999 -9999 -9999 -9999 -9999 -9999 -9999 -9999 -9999 -9999 -9999 -9999 -9999 -9999 -9999 -9999 -9999 -9999 -9999 -9999 -9999 -9999 -9999 -9999 -9999 -9999 -9999 -9999 -9999 -9999 -9999 -9999 -9999 -9999
-9999 -9999 -9999 -9999 -9999 -9999 -9999 -9999 -9999 -9999 -9999 -9999 -9999 -9999 -9999 -9999 -9999 -9999 -9999 -9999 -9999 -9999 -9999 -9999 -9999 -9999 -9999 8.03003406524658 8.04221343994141 -9999 -9999 -9999 -9999 -9999 -9999 -9999 -9999 -9999 -9999 -9999 -9999 -9999 -9999 -9999 -9999 -9999 -9999
-9999 -9999 -9999 -9999 -9999 -9999 -9999 -9999 -9999 -9999 -9999 -9999 -9999 -9999 -9999 -9999 -9999 -9999 -9999 -9999 -9999 -9999 -9999 -9999 -9999 -9999 -9999 8.0291166305542 8.041428565979 -9999 -9999 -9999 -9999 -9999 -9999 -9999 -9999 -9999 -9999 -9999 -9999 -9999 -9999 -9999 -9999 -9999 -9999
-9999 -9999 -9999 -9999 -9999 -9999 -9999 -9999 -9999 -9999 -9999 -9999 -9999 -9999 -9999 -9999 -9999 -9999 7.93805360794067 7.94141149520874 7.9440975189209 7.95976638793945 7.97288751602173 7.99375343322754 8.006178855896 8.01208114624023 8.01869583129883 8.02789306640625 8.04076099395752 8.05563068389893 -9999 -9999 8.10867214202881 8.12834358215332 8.13687419891357 8.13388252258301 8.12333393096924 8.11708450317383 8.11547565460205 8.11632537841797 8.11974811553955 8.1243200302124 -9999 -9999 -9999 -9999 -9999
-9999 -9999 -9999 -9999 -9999 -9999 -9999 -9999 -9999 -9999 -9999 -9999 -9999 -9999 7.55685615539551 -9999 7.55028200149536 7.54550170898438 7.7445969581604 7.93805360794067 7.94208288192749 7.9440975189209 7.97543478012085 7.9991307258606 8.00669479370117 8.01271152496338 8.01683616638184 8.02653884887695 8.04030418395996 8.05544090270996 8.07114696502686 8.08909130096436 8.10747623443604 8.12944889068604 8.14810562133789 8.1330680847168 8.12047290802002 8.1164608001709 8.11431884765625 8.115647315979 8.11900997161865 8.12458801269531 8.12936115264893 8.13361263275146 -9999 -9999 -9999
-9999 -9999 -9999 -9999 -9999 -9999 -9999 -9999 -9999 -9999 7.80126094818115 7.7987756729126 7.79613590240479 7.78686046600342 7.66717004776001 7.55841493606567 7.5552978515625 7.55004596710205 7.54550170898438 7.75023555755615 7.93805360794067 7.9440975189209 7.97543478012085 7.9991307258606 8.00669479370117 8.01271152496338 8.01683616638184 8.02653884887695 8.04030418395996 8.05544090270996 8.07114696502686 8.08909130096436 8.10747623443604 8.12944889068604 8.14810562133789 8.1330680847168 8.12047290802002 8.1164608001709 8.11431884765625 8.115647315979 8.11900997161865 8.12458801269531 8.12936115264893 8.13361263275146 8.13473606109619 8.12476921081543 -9999
-9999 -9999 -9999 -9999 -9999 -9999 -9999 -9999 -9999 -9999 7.8145866394043 7.80126094818115 7.79628992080688 -9999 7.77343463897705 7.65784645080566 7.56153202056885 7.5552978515625 7.54933786392212 7.54550170898438 7.76715087890625 7.95605754852295 8.00793170928955 8.03720283508301 8.01875686645508 8.01403617858887 8.02609157562256 8.03892612457275 8.05232810974121 8.06663703918457 8.08132266998291 8.08983707427979 8.09713840484619 8.12059497833252 8.14197731018066 8.13724613189697 8.13187503814697 8.12424945831299 8.12025547027588 8.12300395965576 8.12440490722656 8.12433815002441 8.12422561645508 8.12408447265625 8.12150955200195 8.11806106567383 8.1125602722168
-9999 -9999 -9999 -9999 -9999 -9999 -9999 -9999 -9999 -9999 -9999 -9999 -9999 -9999 7.7799916267395 7.74899196624756 7.64341878890991 7.5677661895752 7.5552978515625 7.54721403121948 7.77334308624268 7.97009944915771 8.04392623901367 8.07923221588135 8.03321647644043 8.0167179107666 8.03629398345947 8.05221557617188 8.06547451019287 8.07906341552734 8.09278774261475 8.09136199951172 8.08695697784424 8.11162853240967 8.13554382324219 8.14155578613281 8.14374256134033 8.13247680664062 8.12660789489746 8.13075923919678 8.13011074066162 8.12423133850098 8.11889266967773 8.11390495300293 8.11452102661133 8.11715126037598 8.11117744445801
8.11293697357178 -9999 -9999 -9999 -9999 -9999 -9999 -9999 -9999 -9999 7.99622774124146 7.82824563980103 -9999 -9999 -9999 7.75733709335327 7.70826196670532 7.62843084335327 7.58023452758789 7.59678602218628 7.81822395324707 8.00974750518799 8.07608032226562 8.11198997497559 8.0836763381958 8.060546875 8.0437536239624 8.04939746856689 8.07138442993164 8.09100914001465 8.10965538024902 8.11655712127686 8.12114906311035 8.13226985931396 8.14189529418945 8.13454723358154 8.12834644317627 8.12617683410645 8.1246395111084 8.1242790222168 8.12597560882568 8.12991523742676 8.12621974945068 8.11758422851562 8.11500930786133 8.11461162567139 8.10958957672119
8.10936069488525 8.10883235931396 -9999 -9999 -9999 -9999 -9999 -9999 -9999 -9999 8.08073234558105 7.98539304733276 7.82824563980103 -9999 -9999 7.76149415969849 7.70925569534302 7.65403652191162 7.64333009719849 7.65004396438599 7.86579895019531 8.05085754394531 8.10745143890381 8.14090728759766 8.12551879882812 8.09705448150635 8.05260944366455 8.04988098144531 8.07753658294678 8.10077571868896 8.1221866607666 8.135666847229 8.14758777618408 8.14594459533691 8.14176845550537 8.117751121521 8.10128593444824 8.11137676239014 8.11745929718018 8.11609649658203 8.12132167816162 8.1337251663208 8.1318416595459 8.12071323394775 8.115478515625 8.11236190795898 8.10842418670654
8.10936069488525 8.1077766418457 8.10645389556885 8.10372638702393 -9999 -9999 -9999 -9999 -9999 -9999 -9999 8.06617450714111 7.96046161651611 7.82824563980103 7.80126094818115 7.76149415969849 7.70925569534302 7.65403652191162 7.68019914627075 7.72307443618774 7.92782783508301 8.09980773925781 8.1346263885498 8.14922618865967 8.12113952636719 8.09429168701172 8.06895542144775 8.06806945800781 8.08499240875244 8.09885597229004 8.11145210266113 8.12213134765625 8.13243293762207 8.1222505569458 8.10689735412598 8.04845237731934 8.01165771484375 8.05099010467529 8.08231925964355 8.09878635406494 8.11388301849365 8.1274881362915 8.12831878662109 8.12088203430176 8.11584377288818 8.11166763305664 8.10952663421631
8.10975074768066 8.10755062103271 8.10671997070312 8.10376834869385 -9999 -9999 -9999 -9999 8.09893035888672 8.08639907836914 8.08266448974609 8.09100723266602 8.02485084533691 7.89774322509766 7.83002614974976 7.79044055938721 7.74438810348511 7.69679021835327 7.74065446853638 7.79944658279419 7.98405599594116 8.13579559326172 8.14997577667236 8.14916038513184 8.11668872833252 8.0884428024292 8.06536197662354 8.05726432800293 8.06007862091064 8.06524276733398 8.07138061523438 8.07962417602539 8.08828163146973 8.07115459442139 8.04806709289551 7.97607851028442 7.93244123458862 7.98849058151245 8.03489112854004 8.06337451934814 8.08657836914062 8.10402870178223 8.11247634887695 8.11509799957275 8.11466598510742 8.11313533782959 8.11182022094727
8.11111640930176 8.10840892791748 8.10679244995117 8.10376834869385 8.10069179534912 8.10011100769043 8.09988594055176 8.10147571563721 8.09893035888672 8.08639907836914 8.08266448974609 8.09100723266602 8.05431365966797 7.98077392578125 7.93070507049561 7.89175367355347 7.86735391616821 7.84643077850342 7.86007833480835 7.88417482376099 8.02578258514404 8.13938236236572 8.13576030731201 8.12813472747803 8.11205577850342 8.0748815536499 8.01192188262939 7.97397327423096 7.9542407989502 7.95239782333374 7.95796394348145 7.96468544006348 7.97163438796997 7.95155382156372 7.92933559417725 7.89601802825928 7.87925720214844 7.92071008682251 7.95674324035645 7.98271036148071 8.00960540771484 8.03751182556152 8.06583690643311 8.09443187713623 8.10962772369385 8.12000846862793 8.11709213256836
8.10412311553955 8.1062536239624 8.11020374298096 8.10866260528564 8.10661315917969 8.10601425170898 8.10591888427734 8.10838317871094 8.1066780090332 8.09490585327148 8.09184169769287 8.10073280334473 8.08479404449463 8.04854106903076 8.01491451263428 7.98253345489502 7.96886014938354 7.95965671539307 7.96184492111206 7.97068738937378 8.06498432159424 8.13479709625244 8.10213851928711 8.0750904083252 8.05988788604736 8.02241611480713 7.95772886276245 7.91705560684204 7.893874168396 7.88975429534912 7.89352893829346 7.89788627624512 7.90235805511475 7.88107967376709 7.86003303527832 7.85056114196777 7.85008430480957 7.88123416900635 7.90855121612549 7.92874956130981 7.95502090454102 7.9879093170166 8.02799892425537 8.07274723052979 8.09852504730225 8.11748886108398 8.11855602264404
8.08530902862549 8.0998363494873 8.11833572387695 8.1204776763916 8.12090682983398 8.12026596069336 8.12048149108887 8.12505626678467 8.12537956237793 8.11543750762939 8.11399173736572 8.12420749664307 8.11671352386475 8.09472846984863 8.07584095001221 8.05842018127441 8.04002571105957 8.02139949798584 8.03864765167236 8.05972194671631 8.10061454772949 8.11865901947021 8.0410795211792 7.97677993774414 7.94051218032837 7.91494941711426 7.90247011184692 7.89742517471313 7.8977952003479 7.89808702468872 7.89834594726562 7.89914703369141 7.90005445480347 7.88006258010864 7.8606128692627 7.85402679443359 7.85485935211182 7.88177585601807 7.90271234512329 7.91254329681396 7.93208932876587 7.96222019195557 8.00260353088379 8.04962062835693 8.07884883880615 8.10168743133545 8.11463451385498
8.08264446258545 8.09906482696533 8.11903858184814 8.12394428253174 8.12718105316162 8.12697315216064 8.12689113616943 8.12745094299316 8.12629508972168 8.12099266052246 8.12157917022705 8.13024997711182 8.1291561126709 8.12007141113281 8.11161994934082 8.1034688949585 8.08931732177734 8.07373142242432 8.09046840667725 8.10677528381348 8.08451557159424 8.05200004577637 7.97656202316284 7.91608715057373 7.88720178604126 7.87535333633423 7.88432788848877 7.89199542999268 7.89871072769165 7.89900159835815 7.89663124084473 7.89718723297119 7.89831781387329 7.88023138046265 7.86258316040039 7.85616970062256 7.85562610626221 7.87572145462036 7.8923487663269 7.9025354385376 7.92101573944092 7.94853258132935 7.98428964614868 8.0253791809082 8.05624675750732 8.08344268798828 8.10384464263916
8.09357929229736 8.10304641723633 8.11348533630371 8.12038135528564 8.1267032623291 8.12732696533203 8.12643337249756 8.11782169342041 8.11223125457764 8.11393547058105 8.11690425872803 8.12161159515381 8.12519645690918 8.12786197662354 8.12622356414795 8.12254810333252 8.1201868057251 8.11814022064209 8.12125205993652 8.11847686767578 8.02485466003418 7.94279623031616 7.90913009643555 7.88707399368286 7.88952589035034 7.89291286468506 7.89744234085083 7.89852476119995 7.89709520339966 7.89366912841797 7.88941621780396 7.89251470565796 7.89705848693848 7.88139963150024 7.86572456359863 7.8571982383728 7.85301685333252 7.86411285400391 7.87817525863647 7.89774656295776 7.9199275970459 7.94495105743408 7.97193908691406 8.00019836425781 8.0311803817749 8.06313991546631 8.0872688293457
8.10754299163818 8.11338329315186 8.11899948120117 8.12419509887695 8.12917804718018 8.1295804977417 8.12861633300781 8.12070274353027 8.11592483520508 8.11871910095215 8.12212753295898 8.12637615203857 8.13009071350098 8.13336753845215 8.10676002502441 8.06599712371826 8.05436897277832 8.04970169067383 8.04786777496338 8.04100322723389 7.95808887481689 7.88998317718506 7.88385152816772 7.88319826126099 7.89410829544067 7.90012836456299 7.90017223358154 7.8978590965271 7.89382934570312 7.88896226882935 7.88374805450439 7.88986301422119 7.89820528030396 7.88527822494507 7.87198400497437 7.86279010772705 7.85647249221802 7.86026763916016 7.86862277984619 7.88544654846191 7.90518045425415 7.92808532714844 7.95306301116943 7.97938108444214 8.00902557373047 8.0398645401001 8.06550216674805
8.12298965454102 8.12682914733887 8.12993049621582 8.13161945343018 8.13309764862061 8.13276290893555 8.1320915222168 8.12970447540283 8.12830638885498 8.12929916381836 8.13219356536865 8.13769912719727 8.13931751251221 8.13775634765625 8.07062435150146 7.97243404388428 7.94123315811157 7.92603874206543 7.92350673675537 7.91989135742188 7.88784646987915 7.86476612091064 7.87920141220093 7.89162397384644 7.89979600906372 7.90228271484375 7.89781999588013 7.89367294311523 7.88975524902344 7.88456058502197 7.87883710861206 7.88820028305054 7.90052890777588 7.89048337936401 7.87976884841919 7.87061452865601 7.86289501190186 7.86022138595581 7.86133193969727 7.86947011947632 7.88374900817871 7.90471887588501 7.93099308013916 7.9606990814209 7.9882960319519 8.01513481140137 8.04119491577148
8.12925148010254 8.13119029998779 8.13255405426025 8.13348293304443 8.13432598114014 8.13407135009766 8.13379096984863 8.13337326049805 8.13314342498779 8.1333646774292 8.13487529754639 8.13815879821777 8.13783359527588 8.13455677032471 8.06118392944336 7.95460891723633 7.91333436965942 7.88766241073608 7.88667678833008 7.88665819168091 7.87603139877319 7.87052202224731 7.8864278793335 7.89783477783203 7.89974451065063 7.89866876602173 7.89394426345825 7.89035224914551 7.88758563995361 7.88266706466675 7.8768572807312 7.88199043273926 7.88927412033081 7.88721084594727 7.88486766815186 7.88317680358887 7.87984561920166 7.87074661254883 7.86500930786133 7.8655161857605 7.871337890625 7.88295125961304 7.89893531799316 7.91774654388428 7.93988513946533 7.96321868896484 8.00125312805176
