Ecospace-environmental-drivers/Outputs/ASCII-for-ecospace/MOM6-ISIMIP3a/ph-bot/1990-05_ph-bot_MOM6-ISIMIP3a.asc
NCOLS 131 
NROWS 53 
XLLCORNER -98 
YLLCORNER 23.9265270233154 
CELLSIZE 0.133587792515755 
NODATA_value -9999 
[rows 21 to 41 of 53, columns 0 to 46 of 131]
-9999 -9999 -9999 -9999 -9999 -9999 8.13782405853271 8.13751888275146 8.1368350982666 8.13563632965088 8.13516139984131 8.13253974914551 8.13540744781494 8.14394760131836 8.14817142486572 8.1474142074585 8.13798522949219 8.12260150909424 8.12708473205566 8.13923931121826 8.14531803131104 8.15032386779785 8.14798259735107 8.14600276947021 8.1483793258667 8.15048217773438 8.15169525146484 8.15313625335693 8.15497398376465 8.15622711181641 8.1568775177002 8.15697288513184 8.15673065185547 8.15603160858154 8.15518093109131 8.15466690063477 8.15419960021973 8.15393924713135 8.15357875823975 8.15258121490479 8.15173053741455 8.15129089355469 8.14987277984619 8.14694309234619 8.14542388916016 8.14519786834717 8.14597415924072
-9999 -9999 -9999 -9999 -9999 -9999 8.13789558410645 8.13782405853271 8.13721370697021 8.1366662979126 8.13563632965088 8.13730716705322 8.13926696777344 8.14179611206055 8.14464950561523 8.14787673950195 8.14468288421631 8.1370792388916 8.14016056060791 8.14736747741699 8.15060710906982 8.15314769744873 8.1516695022583 8.15041542053223 8.15176868438721 8.15300464630127 8.15385913848877 8.154860496521 8.15611743927002 8.15690994262695 8.15722370147705 8.15727615356445 8.15717124938965 8.15724468231201 8.15737819671631 8.15616607666016 8.1547737121582 8.1542444229126 8.15372657775879 8.15327548980713 8.15292644500732 8.15285873413086 8.15221977233887 8.15069675445557 8.14988613128662 8.14972686767578 8.15012168884277
-9999 -9999 -9999 -9999 8.13406467437744 8.13669395446777 8.13792037963867 8.13794136047363 8.13782405853271 8.13660335540771 8.1366024017334 8.14126873016357 8.14309978485107 8.13932228088379 8.14068126678467 8.1479663848877 8.15108489990234 8.15134239196777 8.15299892425537 8.15519618988037 8.15457344055176 8.15345287322998 8.15113830566406 8.1491060256958 8.14963817596436 8.150221824646 8.15097618103027 8.15239143371582 8.15496349334717 8.15626335144043 8.15625476837158 8.15630435943604 8.15638828277588 8.15717792510986 8.15820217132568 8.15627098083496 8.15394020080566 8.15279579162598 8.15156650543213 8.14978790283203 8.14824676513672 8.14736366271973 8.14683151245117 8.14684295654297 8.14685916900635 8.14687824249268 8.14694118499756
-9999 -9999 -9999 -9999 8.12804794311523 8.13359451293945 8.13546848297119 8.13792037963867 8.1380786895752 8.14008712768555 8.14194393157959 8.14321994781494 8.14461517333984 8.14624691009521 8.1482982635498 8.15083408355713 8.15135383605957 8.15048980712891 8.15081214904785 8.15159225463867 8.15030479431152 8.14865207672119 8.10927104949951 8.07346630096436 8.07435894012451 8.07554817199707 8.07769870758057 8.09135723114014 8.12509727478027 8.14434719085693 8.14868640899658 8.15031337738037 8.15028858184814 8.15031147003174 8.15034961700439 8.14923000335693 8.14791965484619 8.14225673675537 8.13273143768311 8.09860992431641 8.06793880462646 8.046875 8.0340633392334 8.03400421142578 8.03392791748047 8.03383445739746 8.03402423858643
-9999 -9999 -9999 -9999 -9999 8.12804794311523 8.13294219970703 8.13301658630371 8.1381311416626 8.14188766479492 8.14479064941406 8.14442348480225 8.14607810974121 8.15173530578613 8.15089225769043 8.14254856109619 8.13338375091553 8.12365341186523 8.12097930908203 8.1210298538208 8.11953830718994 8.11777400970459 8.05503559112549 7.99795532226562 7.99915742874146 8.00079250335693 8.00382900238037 8.02518558502197 8.07850933074951 8.10875797271729 8.11526298522949 8.11747264862061 8.11706638336182 8.11645603179932 8.11577796936035 8.11531829833984 8.11483573913574 8.10684680938721 8.09258937835693 8.03841114044189 7.98971462249756 7.95627546310425 7.93593406677246 7.93583488464355 7.93577146530151 7.93574094772339 7.9363899230957
-9999 -9999 -9999 -9999 -9999 8.12826919555664 8.12804794311523 8.13278484344482 8.13730049133301 8.13631057739258 8.13669490814209 8.14234447479248 8.14731216430664 8.15092945098877 8.1314640045166 8.08536243438721 8.03543663024902 7.98288536071777 7.96992874145508 7.97226142883301 7.97258281707764 7.9725489616394 7.94657039642334 7.9230055809021 7.92429256439209 7.9256739616394 7.9273624420166 7.93648958206177 7.95859909057617 7.96937036514282 7.96847581863403 7.96690368652344 7.96491861343384 7.96426439285278 7.9640531539917 7.96358871459961 7.96308755874634 7.96238613128662 7.95901727676392 7.93866300582886 7.92062473297119 7.90903282165527 7.90199327468872 7.90198850631714 7.90240144729614 7.90319728851318 7.90576791763306
-9999 -9999 8.12894535064697 8.12882137298584 8.12863731384277 8.12849044799805 8.12826824188232 8.13138866424561 8.13427925109863 8.13240623474121 8.13275527954102 8.14161109924316 8.14694881439209 8.1453275680542 8.10703277587891 8.02642059326172 7.95188140869141 7.88151216506958 7.86598205566406 7.87162780761719 7.87394571304321 7.87567663192749 7.87498664855957 7.87444496154785 7.87557983398438 7.87670993804932 7.87782573699951 7.87869453430176 7.87913179397583 7.87643909454346 7.87052536010742 7.86663103103638 7.86396598815918 7.8633885383606 7.86350679397583 7.86325120925903 7.86297655105591 7.86731719970703 7.8714714050293 7.87443542480469 7.87739992141724 7.88036584854126 7.88231754302979 7.88270235061646 7.88347005844116 7.88459014892578 7.88787984848022
-9999.000000000000000 -9999 -9999 -9999 8.1293363571167 8.12878322601318 8.1289176940918 8.12745571136475 8.1264762878418 8.13215351104736 8.1378812789917 8.1438102722168 8.14310169219971 8.12926006317139 8.07168579101562 7.96365022659302 7.89972591400146 7.86609411239624 7.8648099899292 7.87601613998413 7.88073301315308 7.88430404663086 7.883873462677 7.883460521698 7.88392639160156 7.88480997085571 7.887047290802 7.88831901550293 7.88790607452393 7.88486766815186 7.87912845611572 7.87609624862671 7.87471294403076 7.87447738647461 7.87462377548218 7.87504482269287 7.87553215026855 7.88001489639282 7.88434553146362 7.88770723342896 7.8906078338623 7.89222621917725 7.89376592636108 7.89518451690674 7.89604330062866 7.89638805389404 7.89777517318726
-9999 -9999 -9999 -9999 8.1303768157959 8.13073444366455 8.13020801544189 8.12599563598633 8.12272357940674 8.13275718688965 8.1413106918335 8.14420127868652 8.13253784179688 8.09207630157471 8.02140426635742 7.91587352752686 7.86824321746826 7.86037492752075 7.86752223968506 7.8804669380188 7.88707590103149 7.89256620407104 7.89272451400757 7.89276218414307 7.89277172088623 7.89327001571655 7.89535236358643 7.89617347717285 7.8947925567627 7.89184999465942 7.88730001449585 7.88517093658447 7.88451719284058 7.88480949401855 7.88541698455811 7.88615989685059 7.88694095611572 7.89041471481323 7.89385557174683 7.89708709716797 7.89966917037964 7.90044450759888 7.90143632888794 7.90276288986206 7.90339851379395 7.9033989906311 7.90330171585083
-9999 -9999 -9999 -9999 8.13117408752441 8.13161277770996 8.13215446472168 8.12764835357666 8.12406635284424 8.13443851470947 8.14260387420654 8.14231777191162 8.11352443695068 8.0283260345459 7.95233297348022 7.88696098327637 7.86276912689209 7.86685800552368 7.87512111663818 7.88499593734741 7.8928599357605 7.90036916732788 7.90153026580811 7.90242338180542 7.90224409103394 7.90218305587769 7.90250444412231 7.90180015563965 7.89930534362793 7.89701271057129 7.89492845535278 7.89375448226929 7.89313507080078 7.89418983459473 7.89580249786377 7.89642190933228 7.89690780639648 7.89792442321777 7.89913320541382 7.90157079696655 7.90351343154907 7.90408039093018 7.90435361862183 7.90417242050171 7.90418910980225 7.9043869972229 7.90333318710327
-9999 -9999 -9999 -9999 8.13161277770996 8.13226890563965 8.13303852081299 8.13150310516357 8.13065814971924 8.1388463973999 8.14468383789062 8.14152526855469 8.11191177368164 8.02995204925537 7.95336723327637 7.88298463821411 7.86224412918091 7.87559461593628 7.88460206985474 7.89193201065063 7.89834499359131 7.90459585189819 7.90599775314331 7.90710067749023 7.90659379959106 7.90608167648315 7.90555238723755 7.90432786941528 7.90189027786255 7.90058183670044 7.90043497085571 7.90007257461548 7.8995795249939 7.90050983428955 7.90191459655762 7.90236616134644 7.9026837348938 7.90265321731567 7.90282154083252 7.90425634384155 7.90514469146729 7.90451288223267 7.90388774871826 7.90327215194702 7.90317440032959 7.90355205535889 7.9022650718689
-9999 -9999 -9999 -9999 8.1323070526123 8.13303852081299 8.13727378845215 8.13701152801514 8.14118766784668 8.14529705047607 8.14735412597656 8.14155197143555 8.1233491897583 8.08061027526855 8.00698089599609 7.8977108001709 7.86542987823486 7.88602209091187 7.89549446105957 7.90067386627197 7.90360498428345 7.9061393737793 7.90721130371094 7.90803909301758 7.90710067749023 7.90621900558472 7.90552139282227 7.90453100204468 7.90303039550781 7.90295600891113 7.90434980392456 7.90469217300415 7.90439414978027 7.90453481674194 7.90482139587402 7.90507173538208 7.90531587600708 7.90529680252075 7.90531730651855 7.905592918396 7.90511560440063 7.90254259109497 7.90088415145874 7.90063953399658 7.90080595016479 7.9013500213623 7.90037298202515
-9999 -9999 -9999 -9999 8.13303852081299 8.14104843139648 8.14474105834961 8.14754199981689 8.14703369140625 8.14676189422607 8.14558792114258 8.14095592498779 8.12948989868164 8.1045036315918 8.03274250030518 7.90701198577881 7.86774492263794 7.88785648345947 7.89778614044189 7.90378475189209 7.90559768676758 7.90667247772217 7.90649700164795 7.90617322921753 7.90484237670898 7.90370893478394 7.90321397781372 7.90311145782471 7.90369272232056 7.90460920333862 7.90587043762207 7.90609455108643 7.90568733215332 7.90555620193481 7.90551710128784 7.9050817489624 7.90459537506104 7.90469694137573 7.90473699569702 7.90438652038574 7.90327453613281 7.90004301071167 7.89795637130737 7.89763784408569 7.89772987365723 7.89819860458374 7.89757871627808
-9999 -9999 -9999 -9999 -9999 8.14785766601562 8.14914035797119 8.14967060089111 8.1508731842041 8.14608955383301 8.14191913604736 8.14009284973145 8.13336181640625 8.1169261932373 8.0465669631958 7.91398763656616 7.86968612670898 7.88600826263428 7.89639186859131 7.90448236465454 7.90619039535522 7.90677213668823 7.90495586395264 7.90310478210449 7.90139865875244 7.90006351470947 7.89993047714233 7.90099573135376 7.90415096282959 7.9059534072876 7.90636444091797 7.90611839294434 7.90547132492065 7.90529108047485 7.90526580810547 7.90393543243408 7.90243768692017 7.90270709991455 7.9028377532959 7.90208959579468 7.90065622329712 7.89731693267822 7.89506101608276 7.8944787979126 7.8943510055542 7.89464044570923 7.8943977355957
-9999 -9999 -9999 -9999 -9999 8.14889335632324 8.14969158172607 8.15020847320557 8.14971542358398 8.14209175109863 8.13636684417725 8.13791084289551 8.13360691070557 8.11772918701172 8.04757881164551 7.91480684280396 7.8701024055481 7.88587665557861 7.89629077911377 7.90463495254517 7.90619325637817 7.90655469894409 7.90390729904175 7.90108680725098 7.8973708152771 7.89370822906494 7.89021921157837 7.89020013809204 7.89623689651489 7.8995213508606 7.89997434616089 7.89994478225708 7.89962100982666 7.89885711669922 7.89794683456421 7.8974347114563 7.89698219299316 7.89710187911987 7.8972487449646 7.89757013320923 7.89738368988037 7.89578104019165 7.8945574760437 7.89391899108887 7.89333343505859 7.8927960395813 7.89262580871582
-9999 -9999 -9999 -9999 -9999 8.1471529006958 8.14784908294678 8.14919567108154 8.14752292633057 8.1374044418335 8.13042545318604 8.13545703887939 8.13310146331787 8.11612701416016 8.04593944549561 7.91435241699219 7.87020301818848 7.88610076904297 7.89645719528198 7.90467405319214 7.90607452392578 7.90627145767212 7.90296030044556 7.89928579330444 7.89322185516357 7.88679218292236 7.87917709350586 7.87760829925537 7.88659048080444 7.89148044586182 7.89215993881226 7.89248895645142 7.89260482788086 7.89114761352539 7.8891658782959 7.88982629776001 7.89084386825562 7.89074850082397 7.89089584350586 7.89259147644043 7.89397525787354 7.89449119567871 7.89454889297485 7.89389753341675 7.89280462265015 7.89130640029907 7.89114618301392
-9999 -9999 -9999 -9999 -9999 -9999 8.14391708374023 8.14414215087891 8.14339065551758 8.1344108581543 8.12845516204834 8.13407707214355 8.1320219039917 8.11477375030518 8.04409885406494 7.91177463531494 7.8668646812439 7.88198614120483 7.89280366897583 7.90195989608765 7.90304183959961 7.9026985168457 7.89843845367432 7.89374780654907 7.88617944717407 7.87835788726807 7.86971426010132 7.86576366424561 7.87000417709351 7.87223434448242 7.87239599227905 7.8725733757019 7.87276077270508 7.8719687461853 7.87085008621216 7.87142610549927 7.87226867675781 7.87762832641602 7.88297939300537 7.88827800750732 7.89223957061768 7.89247798919678 7.89249420166016 7.89216613769531 7.89152574539185 7.8905987739563 7.88805198669434
-9999 -9999 -9999 -9999 -9999 -9999 8.13974285125732 8.13841438293457 8.13925457000732 8.13165950775146 8.12688636779785 8.13290786743164 8.13076686859131 8.112473487854 8.04127025604248 7.90901613235474 7.86370611190796 7.8781042098999 7.88935089111328 7.89938068389893 7.89992523193359 7.89879560470581 7.89352703094482 7.88777875900269 7.87878322601318 7.86978006362915 7.86075210571289 7.85487031936646 7.85447883605957 7.85411977767944 7.85379409790039 7.85366249084473 7.85364866256714 7.85347557067871 7.85324954986572 7.85367107391357 7.85425281524658 7.86458444595337 7.87464094161987 7.88294506072998 7.88903284072876 7.88895130157471 7.88892555236816 7.88898515701294 7.88881349563599 7.88842964172363 7.88378143310547
-9999 -9999 -9999 -9999 -9999 -9999 8.1352014541626 8.1366720199585 8.13600254058838 8.13070392608643 8.12769889831543 8.1334753036499 8.12792205810547 8.09995269775391 8.02801418304443 7.90534543991089 7.86410284042358 7.87877988815308 7.8898606300354 7.8995532989502 7.89730310440063 7.89294528961182 7.88616800308228 7.87899732589722 7.86898946762085 7.86039400100708 7.85637998580933 7.85376405715942 7.85358905792236 7.85343265533447 7.85329532623291 7.85141515731812 7.848473072052 7.84777593612671 7.84782695770264 7.84795236587524 7.84814023971558 7.8555908203125 7.86255407333374 7.86641645431519 7.86933422088623 7.8696231842041 7.87018251419067 7.87115907669067 7.87117004394531 7.87029552459717 7.86772918701172
-9999 -9999 -9999 -9999 -9999 8.12790107727051 8.13100814819336 8.13051795959473 8.13282680511475 8.1298999786377 8.12846946716309 8.13276386260986 8.12186908721924 8.0809211730957 8.00896453857422 7.9012279510498 7.86624813079834 7.88123321533203 7.89165353775024 7.9003119468689 7.89467000961304 7.88650465011597 7.87754392623901 7.86849880218506 7.85889720916748 7.85153484344482 7.8514347076416 7.85135507583618 7.85131072998047 7.85128688812256 7.85128450393677 7.84842300415039 7.84382009506226 7.84286546707153 7.84312677383423 7.84305858612061 7.84297800064087 7.84760856628418 7.85167074203491 7.85211133956909 7.85259866714478 7.85321617126465 7.85423564910889 7.85587596893311 7.85626745223999 7.85551309585571 7.8548150062561
-9999 -9999 -9999 -9999 8.12565898895264 8.12708854675293 8.12790107727051 8.12894248962402 8.12993049621582 8.12965679168701 8.12908267974854 8.12736034393311 8.1040506362915 8.03802299499512 7.96866893768311 7.89547538757324 7.87480545043945 7.89020538330078 7.89815139770508 7.9032187461853 7.89199542999268 7.8778977394104 7.86428213119507 7.85170698165894 7.84771108627319 7.84460592269897 7.84438848495483 7.84416770935059 7.84394073486328 7.8437933921814 7.84372711181641 7.842698097229 7.84108209609985 7.84084892272949 7.84107732772827 7.84118938446045 7.84129953384399 7.84333658218384 7.84519958496094 7.84595775604248 7.84672546386719 7.84751796722412 7.84854078292847 7.84991884231567 7.85141515731812 7.85302066802979 7.85340452194214
