Ecospace-environmental-drivers/Outputs/ASCII-for-ecospace/MOM6-ISIMIP3a/ph-bot/1990-01_ph-bot_MOM6-ISIMIP3a.asc
NCOLS 131 
NROWS 53 
XLLCORNER -98 
YLLCORNER 23.9265270233154 
CELLSIZE 0.133587792515755 
NODATA_value -9999 
[rows 21 to 41 of 53, columns 47 to 93 of 131]
8.17511367797852 8.17528820037842 8.17574501037598 8.1758451461792 8.1758279800415 8.1736421585083 8.17169857025146 8.17098426818848 8.16982746124268 8.16760063171387 8.16558265686035 8.16385269165039 8.15761089324951 8.14767742156982 8.06969738006592 7.95948600769043 7.90818309783936 7.87095499038696 7.87245750427246 7.8765664100647 7.87988901138306 7.88490581512451 7.89701223373413 7.90365886688232 7.89877843856812 7.89403247833252 7.88945007324219 7.88670635223389 7.88530206680298 7.88107299804688 7.8756742477417 7.87457656860352 7.87432432174683 7.88192987442017 7.8898138999939 7.89757919311523 7.89990377426147 7.88310194015503 7.87000322341919 7.86378335952759 7.86076593399048 7.86123752593994 7.8661584854126 7.87395811080933 7.88874244689941 7.90603590011597 7.95497608184814
8.16851615905762 8.16745471954346 8.16630744934082 8.16622447967529 8.1662130355835 8.1652250289917 8.15944385528564 8.12928295135498 8.10787773132324 8.1076135635376 8.09575176239014 8.06796741485596 8.04652500152588 8.03027057647705 7.97866678237915 7.91031980514526 7.88441038131714 7.8686408996582 7.87608861923218 7.88474750518799 7.88782739639282 7.89182949066162 7.89968872070312 7.90283346176147 7.89602518081665 7.89071750640869 7.88724517822266 7.88430404663086 7.88174915313721 7.87811756134033 7.87403964996338 7.8724889755249 7.87143516540527 7.87311887741089 7.87513780593872 7.87943887710571 7.8815221786499 7.87580585479736 7.87408828735352 7.87979650497437 7.88004732131958 7.874351978302 7.8714656829834 7.87039709091187 7.87479877471924 7.88116550445557 7.91632890701294
8.15605354309082 8.15320014953613 8.14971542358398 8.14937686920166 8.1493444442749 8.14889907836914 8.13895320892334 8.08068466186523 8.03988265991211 8.041259765625 8.01984596252441 7.96714353561401 7.93150424957275 7.90982580184937 7.88589668273926 7.86090183258057 7.86153602600098 7.86829376220703 7.88132762908936 7.8940372467041 7.89575910568237 7.89787578582764 7.90164518356323 7.90155076980591 7.89329862594604 7.88769960403442 7.8853440284729 7.88211107254028 7.87823915481567 7.87513542175293 7.87235021591187 7.87067842483521 7.86922550201416 7.86435842514038 7.85983562469482 7.85990905761719 7.86127424240112 7.86717987060547 7.87723731994629 7.89500522613525 7.89909172058105 7.88827228546143 7.87893056869507 7.87054443359375 7.86505651473999 7.86060905456543 7.88006448745728
8.044114112854 8.03134441375732 8.01480197906494 8.01383781433105 8.01404476165771 8.00285148620605 7.98920011520386 7.96304512023926 7.94395923614502 7.94194269180298 7.93086242675781 7.90733814239502 7.89163875579834 7.88234090805054 7.87498664855957 7.86855220794678 7.87284469604492 7.87969970703125 7.88871049880981 7.89739274978638 7.89913892745972 7.9009370803833 7.90295457839966 7.90164136886597 7.89329671859741 7.88763761520386 7.88526058197021 7.88162803649902 7.8770809173584 7.87399196624756 7.871506690979 7.86796188354492 7.86420869827271 7.86134958267212 7.85877227783203 7.85862874984741 7.8590350151062 7.86137580871582 7.86564588546753 7.87349843978882 7.87497425079346 7.8695011138916 7.87131309509277 7.87783861160278 7.87674760818481 7.87292051315308 7.87552499771118
7.94661235809326 7.9281268119812 7.90390062332153 7.90275287628174 7.9032883644104 7.8854866027832 7.87060880661011 7.87060499191284 7.86931562423706 7.86492156982422 7.86247587203979 7.86270618438721 7.86322164535522 7.86397123336792 7.86945247650146 7.87717580795288 7.8833179473877 7.88908290863037 7.89435768127441 7.89936685562134 7.90099859237671 7.90238332748413 7.9027361869812 7.90053415298462 7.89293956756592 7.8877215385437 7.88540840148926 7.88135766983032 7.87604188919067 7.87293004989624 7.87073087692261 7.86574029922485 7.86020088195801 7.85898017883301 7.85798740386963 7.85765647888184 7.85726690292358 7.85666990280151 7.85616588592529 7.8558349609375 7.85513782501221 7.8540415763855 7.86381769180298 7.88062906265259 7.88291692733765 7.8799877166748 7.87268114089966
7.91241884231567 7.9066367149353 7.89828491210938 7.8988938331604 7.90014171600342 7.893883228302 7.88865327835083 7.88865423202515 7.88797664642334 7.88565826416016 7.88440179824829 7.88460254669189 7.88500308990479 7.8855676651001 7.88749313354492 7.89006280899048 7.89012908935547 7.88959646224976 7.89239358901978 7.89528322219849 7.8961935043335 7.8967490196228 7.89582014083862 7.89417600631714 7.89102268218994 7.88844442367554 7.88656997680664 7.88201999664307 7.87552213668823 7.87222337722778 7.87025022506714 7.86568927764893 7.86061954498291 7.85941743850708 7.85842132568359 7.85803651809692 7.85756301879883 7.85677814483643 7.85594463348389 7.85502147674561 7.85407447814941 7.85310125350952 7.85685682296753 7.86367225646973 7.86487531661987 7.86406230926514 7.87727308273315
7.89168167114258 7.89402103424072 7.89597988128662 7.8976092338562 7.89919567108154 7.90053176879883 7.90170764923096 7.90206956863403 7.90203332901001 7.90103626251221 7.90038013458252 7.90019273757935 7.89978647232056 7.89920091629028 7.89825820922852 7.89714670181274 7.89355230331421 7.88936471939087 7.89063310623169 7.89221334457397 7.89288711547852 7.89307260513306 7.89121580123901 7.88951015472412 7.88812255859375 7.88669729232788 7.88522672653198 7.88085889816284 7.87438106536865 7.87058401107788 7.86789798736572 7.86455106735229 7.86107492446899 7.85995817184448 7.85898017883301 7.85850763320923 7.85792398452759 7.85694742202759 7.8558292388916 7.85444784164429 7.85328006744385 7.85234451293945 7.85198402404785 7.85199546813965 7.85239696502686 7.85293817520142 7.87755012512207
7.90030479431152 7.90076732635498 7.9008994102478 7.90194272994995 7.9030499458313 7.90336513519287 7.90387487411499 7.90537309646606 7.90604496002197 7.90472078323364 7.90338230133057 7.90202522277832 7.89930057525635 7.89545774459839 7.89314937591553 7.89156866073608 7.88958597183228 7.88750696182251 7.88931608200073 7.89135551452637 7.89284896850586 7.89366674423218 7.89165592193604 7.88853645324707 7.88307762145996 7.87956142425537 7.87841987609863 7.87571907043457 7.87188339233398 7.86690855026245 7.8614616394043 7.86104154586792 7.8616099357605 7.8607234954834 7.85981178283691 7.85917949676514 7.85842657089233 7.85725116729736 7.85594511032104 7.85439729690552 7.85307216644287 7.85198974609375 7.85166835784912 7.85183954238892 7.85205698013306 7.85229063034058 7.86841058731079
7.90426921844482 7.90329933166504 7.90210151672363 7.90247917175293 7.90301895141602 7.90357971191406 7.90436840057373 7.90631437301636 7.90712404251099 7.90518856048584 7.90285158157349 7.89996385574341 7.89549112319946 7.88972187042236 7.88700008392334 7.8857216835022 7.88475036621094 7.88385200500488 7.88578271865845 7.88789653778076 7.88985157012939 7.89108657836914 7.88930892944336 7.88598251342773 7.87938451766968 7.87520933151245 7.87399530410767 7.87229585647583 7.87024307250977 7.86483478546143 7.85803651809692 7.85924339294434 7.86202430725098 7.86141204833984 7.86065483093262 7.85970401763916 7.85863780975342 7.85716724395752 7.85568141937256 7.85416698455811 7.85283899307251 7.85171413421631 7.85140943527222 7.85163593292236 7.85174083709717 7.85180187225342 7.86048650741577
7.90237283706665 7.90052938461304 7.89862632751465 7.89823818206787 7.89809942245483 7.90049934387207 7.90275573730469 7.90428352355957 7.90451335906982 7.90160942077637 7.89787578582764 7.89300346374512 7.88749980926514 7.88147974014282 7.87954187393188 7.8795371055603 7.878821849823 7.87793731689453 7.87945985794067 7.88116598129272 7.88313007354736 7.88451194763184 7.88345670700073 7.88144016265869 7.87739324569702 7.87436056137085 7.87256860733032 7.87103176116943 7.86968231201172 7.86477708816528 7.85839939117432 7.8595986366272 7.86228704452515 7.86200475692749 7.86151313781738 7.86004400253296 7.85848236083984 7.85659599304199 7.85493993759155 7.85371112823486 7.85257434844971 7.85153865814209 7.85122299194336 7.85137319564819 7.8514552116394 7.85151290893555 7.85409021377563
7.90067005157471 7.89835405349731 7.89597702026367 7.89583015441895 7.89597463607788 7.89783620834351 7.89950656890869 7.90020561218262 7.89980888366699 7.89676713943481 7.89223527908325 7.885657787323 7.88032484054565 7.87601089477539 7.87483739852905 7.87515068054199 7.8746657371521 7.87399005889893 7.87517309188843 7.87652969360352 7.8785572052002 7.88019037246704 7.88017225265503 7.87930917739868 7.87666273117065 7.8742504119873 7.87212419509888 7.87057018280029 7.86943244934082 7.86514711380005 7.85955810546875 7.86026382446289 7.86220741271973 7.86194896697998 7.86148452758789 7.85979890823364 7.85805082321167 7.85608100891113 7.8544397354126 7.8534083366394 7.85242700576782 7.85149955749512 7.8511438369751 7.851158618927 7.85116910934448 7.85117769241333 7.85024166107178
7.89911270141602 7.89662551879883 7.89394760131836 7.89479637145996 7.89594602584839 7.89548587799072 7.89502954483032 7.89459228515625 7.89353370666504 7.89097785949707 7.88609600067139 7.87802219390869 7.8737621307373 7.8726224899292 7.8721981048584 7.87211322784424 7.87183856964111 7.87151908874512 7.87241268157959 7.87346363067627 7.8755955696106 7.87755870819092 7.87881278991699 7.87898635864258 7.876877784729 7.87469387054443 7.87241744995117 7.87070989608765 7.8694167137146 7.86583852767944 7.86131381988525 7.8611626625061 7.86187076568604 7.86140727996826 7.86079120635986 7.8591160774231 7.85741186141968 7.8556079864502 7.85412073135376 7.85322093963623 7.85236692428589 7.8515625 7.85114622116089 7.85098028182983 7.85088205337524 7.85080766677856 7.848304271698
7.89680957794189 7.8951268196106 7.89333820343018 7.89451932907104 7.89588642120361 7.89407157897949 7.89190483093262 7.88794708251953 7.88459777832031 7.88271713256836 7.87826013565063 7.87026643753052 7.86668729782104 7.86671924591064 7.86672830581665 7.86672687530518 7.86672353744507 7.86672019958496 7.86733531951904 7.86817169189453 7.87160301208496 7.87469148635864 7.87634325027466 7.87699699401855 7.87554502487183 7.87386512756348 7.87190580368042 7.87041282653809 7.86925935745239 7.86589574813843 7.86161661148071 7.86073970794678 7.8605318069458 7.85989904403687 7.8592004776001 7.85801267623901 7.85678386688232 7.85540962219238 7.85419893264771 7.85329103469849 7.85244560241699 7.85166788101196 7.85116910934448 7.85085105895996 7.85066604614258 7.85052824020386 7.84759092330933
7.89418601989746 7.89372634887695 7.89333724975586 7.89456653594971 7.89581298828125 7.89305782318115 7.88935947418213 7.88086032867432 7.87452125549316 7.87339782714844 7.86969757080078 7.86245965957642 7.85939311981201 7.85973882675171 7.86004543304443 7.86033344268799 7.8606276512146 7.86092281341553 7.86126470565796 7.86192512512207 7.86716842651367 7.87172365188599 7.87339782714844 7.8742938041687 7.87354898452759 7.87249088287354 7.87104940414429 7.86992883682251 7.86904144287109 7.86568117141724 7.8612961769104 7.85975027084351 7.85876274108887 7.85797691345215 7.85722494125366 7.85672998428345 7.85616016387939 7.85532903671265 7.85444736480713 7.85347175598145 7.85258388519287 7.85179138183594 7.85120153427124 7.85074329376221 7.85048055648804 7.85028791427612 7.84740161895752
7.89313936233521 7.89288282394409 7.89255332946777 7.89328670501709 7.8940258026123 7.89199495315552 7.8880877494812 7.87463521957397 7.86487007141113 7.86401033401489 7.86179351806641 7.85771465301514 7.85612726211548 7.85657835006714 7.85696172714233 7.85731267929077 7.85768890380859 7.85807085037231 7.85862350463867 7.85939311981201 7.86314535140991 7.86632585525513 7.86711072921753 7.86757802963257 7.86737537384033 7.8668999671936 7.86609125137329 7.86539077758789 7.86476898193359 7.86237287521362 7.85924243927002 7.85771894454956 7.85651159286499 7.85577392578125 7.85510492324829 7.85493803024292 7.85472393035889 7.85434198379517 7.85389137268066 7.85331201553345 7.85254526138306 7.85157346725464 7.8509521484375 7.85055780410767 7.85032892227173 7.85015964508057 7.84729862213135
7.892418384552 7.89215421676636 7.8916072845459 7.89173173904419 7.89188385009766 7.89092206954956 7.88708019256592 7.8685884475708 7.85530757904053 7.8546085357666 7.85402631759644 7.85360288619995 7.85369443893433 7.85420751571655 7.85462236404419 7.85499000549316 7.85540342330933 7.85582828521729 7.85669183731079 7.85762977600098 7.85920763015747 7.86042451858521 7.86013221740723 7.86003160476685 7.86033773422241 7.86043691635132 7.86028432846069 7.86001348495483 7.85965728759766 7.8584246635437 7.85683012008667 7.85547161102295 7.85416030883789 7.85351228713989 7.85295486450195 7.85304164886475 7.85311937332153 7.85316753387451 7.85316848754883 7.85308218002319 7.85246992111206 7.85128498077393 7.8506441116333 7.85035562515259 7.85018444061279 7.85005521774292 7.84721374511719
7.88526725769043 7.88381385803223 7.88285779953003 7.88249444961548 7.88199377059937 7.8761420249939 7.8693265914917 7.85761022567749 7.84928607940674 7.84915351867676 7.84997367858887 7.85210132598877 7.85318899154663 7.85342693328857 7.85361480712891 7.85377931594849 7.85390520095825 7.85402154922485 7.85449171066284 7.85502529144287 7.8561224937439 7.85703802108765 7.85719108581543 7.85733509063721 7.85746049880981 7.85747194290161 7.85734462738037 7.85707139968872 7.85669183731079 7.85553455352783 7.85405588150024 7.85316562652588 7.85239124298096 7.85204076766968 7.85174369812012 7.85181522369385 7.85188055038452 7.85192537307739 7.85200262069702 7.8521409034729 7.85184335708618 7.85107088088989 7.85059785842896 7.85031843185425 7.85015439987183 7.85003137588501 7.8472752571106
7.87737369537354 7.87486410140991 7.87355089187622 7.87278652191162 7.87173366546631 7.86137771606445 7.85193300247192 7.84712171554565 7.84383726119995 7.84424066543579 7.84626817703247 7.85052537918091 7.85254096984863 7.85272216796875 7.85275793075562 7.85272407531738 7.8525710105896 7.85238981246948 7.85245418548584 7.85257482528687 7.85326051712036 7.85392713546753 7.85451412200928 7.85488891601562 7.85481452941895 7.85471534729004 7.85458612442017 7.85430335998535 7.85390853881836 7.85282516479492 7.85145616531372 7.85103034973145 7.85079002380371 7.85072469711304 7.85067510604858 7.8507194519043 7.85075855255127 7.85077619552612 7.85089921951294 7.85121726989746 7.8512134552002 7.85085916519165 7.85055780410767 7.85029029846191 7.85013389587402 7.85001754760742 7.84733438491821
7.86462497711182 7.86305713653564 7.86203098297119 7.8617262840271 7.86122179031372 7.85332727432251 7.84637403488159 7.84420680999756 7.84279823303223 7.84322118759155 7.84448909759521 7.84691572189331 7.84945011138916 7.85207271575928 7.85286521911621 7.85279083251953 7.85261726379395 7.85241985321045 7.85228109359741 7.85216760635376 7.85236501693726 7.85255575180054 7.85272216796875 7.85278987884521 7.8526496887207 7.85251808166504 7.85239553451538 7.85223388671875 7.85204362869263 7.85153198242188 7.8508882522583 7.850745677948 7.85070180892944 7.85068607330322 7.85067462921143 7.85069847106934 7.85070514678955 7.85065269470215 7.85067129135132 7.85082054138184 7.85081386566162 7.85063600540161 7.8504581451416 7.85028028488159 7.85016298294067 7.85006761550903 7.84730434417725
7.85437679290771 7.8532567024231 7.85205030441284 7.85195207595825 7.85177373886108 7.8463773727417 7.84184598922729 7.8417181968689 7.84174251556396 7.84213399887085 7.84276437759399 7.84372186660767 7.84639358520508 7.85046768188477 7.85172271728516 7.85164213180542 7.85147666931152 7.85129070281982 7.85101509094238 7.85074186325073 7.85059261322021 7.85044384002686 7.85029983520508 7.85014533996582 7.84996938705444 7.84983825683594 7.84976243972778 7.84972476959229 7.84971475601196 7.84964799880981 7.84955739974976 7.8496265411377 7.84972667694092 7.84976243972778 7.84979677200317 7.84983921051025 7.84987020492554 7.84986162185669 7.84997797012329 7.8503270149231 7.85048723220825 7.85044193267822 7.85036420822144 7.85026454925537 7.84993124008179 7.84951400756836 7.84692096710205
7.85329914093018 7.85081577301025 7.84771251678467 7.84689235687256 7.84622812271118 7.84346103668213 7.84109830856323 7.84079170227051 7.84062480926514 7.84079647064209 7.84123945236206 7.84205389022827 7.84346389770508 7.84536075592041 7.84599733352661 7.84603691101074 7.8459849357605 7.84591150283813 7.84574317932129 7.8455810546875 7.84560489654541 7.84561538696289 7.84556674957275 7.84550046920776 7.84539699554443 7.84539175033569 7.84550762176514 7.84560394287109 7.84568691253662 7.84559535980225 7.84543132781982 7.8454475402832 7.84549903869629 7.84559440612793 7.84570169448853 7.84590721130371 7.84616756439209 7.8466215133667 7.84757995605469 7.8494758605957 7.85042953491211 7.85035753250122 7.85029172897339 7.85022926330566 7.84874391555786 7.84674739837646 7.8452410697937
