Ecospace-environmental-drivers/Outputs/ASCII-for-ecospace/MOM6-ISIMIP3a/ph-bot/1991-09_ph-bot_MOM6-ISIMIP3a.asc
NCOLS 131 
NROWS 53 
XLLCORNER -98 
YLLCORNER 23.9265270233154 
CELLSIZE 0.133587792515755 
NODATA_value -9999 
[rows 0 to 20 of 53, columns 47 to 93 of 131]
-9999 -9999 -9999 -9999 -9999 -9999 -9999 -9999 -9999 -9999 -9999 -9999 -9999 -9999 -9999 -9999 -9999 -9999 -9999 -9999 -9999 -9999 -9999 -9999 -9999 -9999 -9999 -9999 -9999 -9999 -9999 -9999 -9999 -9999 -9999 -9999 -9999 -9999 -9999 -9999 -9999 -9999 -9999 -9999 -9999 -9999 -9999
-9999 -9999 -9999 -9999 -9999 -9999 -9999 -9999 -9999 -9999 -9999 -9999 -9999 -9999 -9999 -9999 -9999 -9999 -9999 -9999 -9999 -9999 -9999 -9999 -9999 -9999 -9999 -9999 -9999 -9999 -9999 -9999 -9999 -9999 -9999 -9999 -9999 -9999 -9999 -9999 -9999 -9999 -9999 -9999 -9999 -9999 -9999
-9999 -9999 -9999 -9999 -9999 -9999 -9999 -9999 -9999 -9999 -9999 -9999 -9999 -9999 -9999 -9999 -9999 -9999 -9999 -9999 -9999 -9999 -9999 -9999 -9999 -9999 -9999 8.13803768157959 8.13949394226074 -9999 -9999 -9999 -9999 -9999 -9999 -9999 -9999 -9999 -9999 -9999 -9999 -9999 -9999 -9999 -9999 -9999 -9999
-9999 -9999 -9999 -9999 -9999 -9999 -9999 -9999 -9999 -9999 -9999 -9999 -9999 -9999 -9999 -9999 -9999 -9999 -9999 -9999 -9999 -9999 -9999 -9999 -9999 -9999 -9999 8.13879585266113 8.13974094390869 -9999 -9999 -9999 -9999 -9999 -9999 -9999 -9999 -9999 -9999 -9999 -9999 -9999 -9999 -9999 -9999 -9999 -9999
-9999 -9999 -9999 -9999 -9999 -9999 -9999 -9999 -9999 -9999 -9999 -9999 -9999 -9999 -9999 -9999 -9999 -9999 8.06894874572754 8.07010936737061 8.07103824615479 8.07645416259766 8.08315086364746 8.09924793243408 8.11653518676758 8.13031578063965 8.13714218139648 8.13926601409912 8.13998031616211 8.13997650146484 -9999 -9999 8.14187431335449 8.14524459838867 8.14235210418701 8.13146495819092 8.11424446105957 8.10014152526855 8.09237670898438 8.09377193450928 8.10656261444092 8.12325859069824 -9999 -9999 -9999 -9999 -9999
-9999 -9999 -9999 -9999 -9999 -9999 -9999 -9999 -9999 -9999 -9999 -9999 -9999 -9999 7.97515916824341 -9999 7.97215604782104 7.96980905532837 8.02195167541504 8.06894874572754 8.07034206390381 8.07103824615479 8.08187007904053 8.09654426574707 8.11932945251465 8.1337308883667 8.1378870010376 8.13980865478516 8.14010334014893 8.14002799987793 8.13979911804199 8.13980960845947 8.13986778259277 8.14594459533691 8.14992046356201 8.13119220733643 8.11328315734863 8.09825897216797 8.08888149261475 8.08999061584473 8.10244369506836 8.12725448608398 8.14007759094238 8.14514350891113 -9999 -9999 -9999
-9999 -9999 -9999 -9999 -9999 -9999 -9999 -9999 -9999 -9999 7.80537700653076 7.80742883682251 7.81001424789429 7.81980085372925 7.9033408164978 7.97576951980591 7.97454881668091 7.97211027145386 7.96980905532837 8.02709579467773 8.06894874572754 8.07103824615479 8.08187007904053 8.09654426574707 8.11932945251465 8.1337308883667 8.1378870010376 8.13980865478516 8.14010334014893 8.14002799987793 8.13979911804199 8.13980960845947 8.13986778259277 8.14594459533691 8.14992046356201 8.13119220733643 8.11328315734863 8.09825897216797 8.08888149261475 8.08999061584473 8.10244369506836 8.12725448608398 8.14007759094238 8.14514350891113 8.14648246765137 8.1356897354126 -9999
-9999 -9999 -9999 -9999 -9999 -9999 -9999 -9999 -9999 -9999 7.7943754196167 7.80537700653076 7.80948066711426 -9999 7.83473634719849 7.91646337509155 7.97698974609375 7.97454881668091 7.97197294235229 7.96980905532837 8.04253101348877 8.10262775421143 8.10988235473633 8.11073589324951 8.09807395935059 8.0936975479126 8.09945011138916 8.10450744628906 8.10906028747559 8.11220741271973 8.11477184295654 8.11071109771729 8.10534763336182 8.11749076843262 8.1280460357666 8.11676406860352 8.10576438903809 8.09576320648193 8.08977222442627 8.09123039245605 8.09938716888428 8.11484050750732 8.12108135223389 8.12136077880859 8.126708984375 8.13387870788574 8.13688373565674
-9999 -9999 -9999 -9999 -9999 -9999 -9999 -9999 -9999 -9999 -9999 -9999 -9999 -9999 7.82659339904785 7.8640308380127 7.94015550613403 7.97943115234375 7.97454881668091 7.97156143188477 8.06286811828613 8.13722133636475 8.14061832427979 8.12661933898926 8.07589721679688 8.05094528198242 8.05749225616455 8.06567764282227 8.07505702972412 8.08191299438477 8.08772373199463 8.07960414886475 8.06874752044678 8.08705520629883 8.10433101654053 8.10098266601562 8.09743404388428 8.09318256378174 8.09100914001465 8.09269618988037 8.0961332321167 8.10147666931152 8.10065650939941 8.09584903717041 8.11038303375244 8.13186550140381 8.1386547088623
8.11878108978271 -9999 -9999 -9999 -9999 -9999 -9999 -9999 -9999 -9999 7.95203399658203 7.78309917449951 -9999 -9999 -9999 7.85261058807373 7.91768932342529 7.97649669647217 7.98431301116943 7.99101543426514 8.08116149902344 8.15459728240967 8.1580924987793 8.1464147567749 8.10270500183105 8.06698226928711 8.04102325439453 8.04022026062012 8.05774211883545 8.07264232635498 8.08645820617676 8.09014892578125 8.09184837341309 8.09674644470215 8.10065174102783 8.09370040893555 8.08989524841309 8.09715461730957 8.1006498336792 8.09715270996094 8.09771728515625 8.10270595550537 8.10343551635742 8.10140800476074 8.1132345199585 8.13003826141357 8.13733005523682
8.11785411834717 8.11771678924561 -9999 -9999 -9999 -9999 -9999 -9999 -9999 -9999 8.03397560119629 7.93089580535889 7.78309917449951 -9999 -9999 7.83820724487305 7.91424798965454 8.00061321258545 8.00875949859619 8.01680183410645 8.10153579711914 8.17045497894287 8.17318725585938 8.16196155548096 8.12127017974854 8.07725048065186 8.02916049957275 8.02229499816895 8.04545497894287 8.06579494476318 8.0849666595459 8.09772491455078 8.10922145843506 8.1028470993042 8.09507465362549 8.08011150360107 8.07255935668945 8.09105968475342 8.1015739440918 8.09725570678711 8.09756755828857 8.1029224395752 8.1057825088501 8.10702705383301 8.11568832397461 8.12701320648193 8.13498020172119
8.11785411834717 8.1174430847168 8.11117172241211 8.10749816894531 -9999 -9999 -9999 -9999 -9999 -9999 -9999 8.00189590454102 7.90002679824829 7.78309917449951 7.80537700653076 7.83820724487305 7.91424798965454 8.00061321258545 8.03954410552979 8.07655620574951 8.13307094573975 8.17817306518555 8.17551708221436 8.15472030639648 8.095627784729 8.05657196044922 8.04200839996338 8.04476547241211 8.06014060974121 8.07194137573242 8.0822639465332 8.08938121795654 8.09586811065674 8.08968067169189 8.07931327819824 8.0326976776123 8.00266933441162 8.03096199035645 8.05574512481689 8.07400894165039 8.0881175994873 8.09770202636719 8.10581111907959 8.1129674911499 8.11600780487061 8.11756896972656 8.12713527679443
8.11484050750732 8.11162948608398 8.10816478729248 8.10744953155518 -9999 -9999 -9999 -9999 8.08536148071289 8.06105804443359 8.03799438476562 8.01663208007812 7.95105981826782 7.84931659698486 7.83460187911987 7.86111116409302 7.92978143692017 8.00852489471436 8.06606006622314 8.12070560455322 8.15451240539551 8.17988014221191 8.16992473602295 8.14310646057129 8.0806884765625 8.04438972473145 8.04001522064209 8.03895568847656 8.04031085968018 8.04436588287354 8.04953956604004 8.05474376678467 8.05995464324951 8.05363750457764 8.04181861877441 7.98041963577271 7.94009399414062 7.97386026382446 8.00709438323975 8.03934001922607 8.06247901916504 8.07569789886475 8.09249782562256 8.11161327362061 8.11503505706787 8.11281967163086 8.12162971496582
8.1042947769165 8.10525894165039 8.10762405395508 8.10744953155518 8.10687923431396 8.10262012481689 8.09848403930664 8.09496593475342 8.08536148071289 8.06105804443359 8.03799438476562 8.01663208007812 7.98553466796875 7.94647216796875 7.93689155578613 7.94127559661865 7.98414897918701 8.03621864318848 8.08190250396729 8.12583827972412 8.15072345733643 8.16655921936035 8.1445255279541 8.1205587387085 8.09250831604004 8.05344486236572 8.00092124938965 7.96244239807129 7.9341926574707 7.93248128890991 7.94176006317139 7.95437049865723 7.96763610839844 7.96039915084839 7.94998788833618 7.91598224639893 7.8958044052124 7.92424726486206 7.9513897895813 7.9761176109314 7.99636697769165 8.01173782348633 8.04582500457764 8.09202194213867 8.1108341217041 8.11980724334717 8.12197208404541
8.08604049682617 8.09661293029785 8.11098670959473 8.11165332794189 8.1107931137085 8.10659408569336 8.10264015197754 8.09993171691895 8.09127044677734 8.0682373046875 8.0505256652832 8.04012012481689 8.0332088470459 8.02915573120117 8.02057361602783 8.00984573364258 8.03101634979248 8.05980777740479 8.09206199645996 8.12353610992432 8.14018249511719 8.14534282684326 8.10242748260498 8.06789875030518 8.05107688903809 8.01450824737549 7.9538049697876 7.90999603271484 7.87849187850952 7.87513256072998 7.88342905044556 7.89698505401611 7.9115743637085 7.90310573577881 7.89309787750244 7.87639284133911 7.86890506744385 7.89382696151733 7.9161639213562 7.93370008468628 7.95074367523193 7.96724939346313 8.00762748718262 8.06345176696777 8.09513854980469 8.11815452575684 8.1209077835083
8.05688762664795 8.08474922180176 8.11987113952637 8.12180042266846 8.12024116516113 8.11618518829346 8.11267280578613 8.11191654205322 8.10553455352783 8.08556747436523 8.08077526092529 8.09681701660156 8.09954452514648 8.0913782119751 8.07794761657715 8.06202220916748 8.0672779083252 8.07759475708008 8.09418678283691 8.11071968078613 8.12009811401367 8.11296367645264 8.03671741485596 7.97266626358032 7.93435764312744 7.90771961212158 7.89534616470337 7.8915753364563 7.89407157897949 7.89488792419434 7.89500904083252 7.9003758430481 7.90677404403687 7.89663219451904 7.88560724258423 7.87193489074707 7.86659288406372 7.89054107666016 7.90989017486572 7.9206976890564 7.9340877532959 7.9502911567688 7.98141193389893 8.02218437194824 8.06319236755371 8.10428428649902 8.11785411834717
8.04788684844971 8.07693576812744 8.11283397674561 8.11923313140869 8.12240219116211 8.11988353729248 8.11637878417969 8.10785579681396 8.09899425506592 8.08931732177734 8.09418392181396 8.11901473999023 8.124755859375 8.11487674713135 8.10422706604004 8.09321308135986 8.09231758117676 8.09383964538574 8.10054111480713 8.10542297363281 8.07863998413086 8.04306316375732 7.97068023681641 7.91199922561646 7.88224411010742 7.86972618103027 7.87827587127686 7.88841581344604 7.89971399307251 7.9002628326416 7.89636039733887 7.89899921417236 7.90292453765869 7.89103841781616 7.87872219085693 7.86792469024658 7.86373233795166 7.88276338577271 7.89939308166504 7.9115629196167 7.92612552642822 7.94329404830933 7.96566295623779 7.99139642715454 8.03201484680176 8.07798004150391 8.10251903533936
8.05585861206055 8.07253074645996 8.0923900604248 8.10595798492432 8.11842632293701 8.11861801147461 8.11475658416748 8.09028148651123 8.07493495941162 8.08163261413574 8.09341049194336 8.11216068267822 8.11533451080322 8.10576343536377 8.10432243347168 8.10673141479492 8.10790634155273 8.10878562927246 8.11045551300049 8.10645866394043 8.01918315887451 7.94156503677368 7.90436601638794 7.88044023513794 7.88453674316406 7.88966655731201 7.89606046676636 7.89810752868652 7.89698791503906 7.89352750778198 7.88909816741943 7.89360857009888 7.89987659454346 7.88618564605713 7.87234735488892 7.86429166793823 7.8604097366333 7.87120246887207 7.88533926010132 7.90568542480469 7.92548418045044 7.94468545913696 7.95872783660889 7.96943187713623 8.00148391723633 8.04120349884033 8.07684135437012
8.06512546539307 8.07240009307861 8.0807580947876 8.09357643127441 8.10642147064209 8.10768222808838 8.10557556152344 8.08633327484131 8.07526969909668 8.08395767211914 8.09366512298584 8.10477256774902 8.10787010192871 8.10441589355469 8.08387088775635 8.05523014068604 8.04522705078125 8.03967761993408 8.03880977630615 8.03328990936279 7.95536947250366 7.89053392410278 7.88046216964722 7.87783622741699 7.89092969894409 7.89891481399536 7.90065670013428 7.89853000640869 7.89358615875244 7.88825941085815 7.88277530670166 7.88921070098877 7.89798974990845 7.88598251342773 7.87363052368164 7.86542701721191 7.85997629165649 7.86420202255249 7.87364625930786 7.89278078079224 7.91258573532104 7.9331202507019 7.94791221618652 7.95898771286011 7.98287057876587 8.01135349273682 8.04710483551025
8.075026512146 8.07435989379883 8.07343864440918 8.08163166046143 8.09048748016357 8.09201526641846 8.09269428253174 8.08905220031738 8.08754253387451 8.0911808013916 8.09442329406738 8.0971212387085 8.10136318206787 8.10686874389648 8.05336475372314 7.97190952301025 7.94424629211426 7.92943620681763 7.92725133895874 7.9238076210022 7.88942384719849 7.86420011520386 7.87731266021729 7.88940191268921 7.89933013916016 7.90293073654175 7.89879846572876 7.89441680908203 7.88985347747803 7.88370943069458 7.87691164016724 7.88529872894287 7.89667129516602 7.88805484771729 7.87866067886353 7.86889600753784 7.86095666885376 7.85943365097046 7.86310911178589 7.87643718719482 7.89368867874146 7.91521453857422 7.93519735336304 7.95418119430542 7.97008991241455 7.98489379882812 8.01538372039795
8.08842658996582 8.08775043487549 8.08675098419189 8.09120941162109 8.09608268737793 8.09705924987793 8.09787273406982 8.09785270690918 8.09833812713623 8.10004234313965 8.10126781463623 8.10183525085449 8.1038990020752 8.10718822479248 8.04648494720459 7.9554705619812 7.91689443588257 7.89084720611572 7.89013195037842 7.89026737213135 7.87746095657349 7.87004089355469 7.88516139984131 7.89642429351807 7.89954328536987 7.89911127090454 7.89434003829956 7.89062070846558 7.88766717910767 7.88200283050537 7.87521553039551 7.87960720062256 7.88619613647461 7.88496780395508 7.88336753845215 7.88096475601196 7.87727880477905 7.86908340454102 7.86496067047119 7.8684024810791 7.87657260894775 7.88989448547363 7.90469312667847 7.92044734954834 7.93624925613403 7.95206832885742 7.98444175720215
