Ecospace-environmental-drivers/Outputs/ASCII-for-ecospace/MOM6-ISIMIP3a/ph-bot/1993-12_ph-bot_MOM6-ISIMIP3a.asc
NCOLS 131 
NROWS 53 
XLLCORNER -98 
YLLCORNER 23.9265270233154 
CELLSIZE 0.133587792515755 
NODATA_value -9999 
[rows 21 to 41 of 53, columns 0 to 46 of 131]
-9999 -9999 -9999 -9999 -9999 -9999 8.2287015914917 8.22838401794434 8.22743225097656 8.22647380828857 8.22791290283203 8.23593521118164 8.23229789733887 8.22146415710449 8.21178913116455 8.20345211029053 8.19426727294922 8.18449974060059 8.1781587600708 8.17314147949219 8.17031002044678 8.16786575317383 8.16626453399658 8.16491317749023 8.16548252105713 8.16565418243408 8.16453838348389 8.16258430480957 8.15916633605957 8.1551685333252 8.15057468414307 8.14625263214111 8.14209747314453 8.14090347290039 8.14069747924805 8.14086055755615 8.14107704162598 8.1416711807251 8.14195251464844 8.1402473449707 8.13841438293457 8.13623046875 8.12924098968506 8.11482810974121 8.10569095611572 8.10139560699463 8.09670352935791
-9999 -9999 -9999 -9999 -9999 -9999 8.2286548614502 8.2287015914917 8.22806739807129 8.22648620605469 8.22647380828857 8.22132968902588 8.21329116821289 8.19952487945557 8.1890344619751 8.18232250213623 8.17565155029297 8.16900730133057 8.16445541381836 8.16071033477783 8.15824794769287 8.1560115814209 8.1545352935791 8.15330123901367 8.1539421081543 8.15429496765137 8.15371417999268 8.15202903747559 8.14841747283936 8.144775390625 8.1411018371582 8.13695049285889 8.13250732421875 8.13004398345947 8.12824058532715 8.12255191802979 8.11636734008789 8.11571884155273 8.11497211456299 8.11359786987305 8.11209297180176 8.11022663116455 8.106689453125 8.10057163238525 8.09645843505859 8.09418487548828 8.09214687347412
-9999 -9999 -9999 -9999 8.23478126525879 8.23045825958252 8.22880077362061 8.22846221923828 8.2287015914917 8.22743320465088 8.2233362197876 8.20841312408447 8.19315338134766 8.17723083496094 8.16634178161621 8.1612606048584 8.15718364715576 8.15379524230957 8.15105628967285 8.14856719970703 8.14573001861572 8.14283180236816 8.14014434814453 8.13782978057861 8.13858032226562 8.13914012908936 8.13908100128174 8.1379337310791 8.13488960266113 8.13232040405273 8.13024044036865 8.1265811920166 8.12195873260498 8.11819362640381 8.11471366882324 8.10326194763184 8.09077835083008 8.0879602432251 8.08528518676758 8.08352661132812 8.08163166046143 8.07935619354248 8.07904815673828 8.08178424835205 8.08304595947266 8.0829553604126 8.08367347717285
-9999 -9999 -9999 -9999 8.24482250213623 8.23504161834717 8.23211669921875 8.22880077362061 8.22788429260254 8.21621799468994 8.20387268066406 8.18892860412598 8.17472076416016 8.16197395324707 8.15294647216797 8.14821147918701 8.14417552947998 8.14062023162842 8.13819599151611 8.13620853424072 8.12213516235352 8.10592937469482 8.08043479919434 8.05753707885742 8.05797290802002 8.05825138092041 8.05801677703857 8.06157493591309 8.07174873352051 8.08196544647217 8.0922269821167 8.09474754333496 8.09255027770996 8.09069728851318 8.08895874023438 8.08376598358154 8.07802677154541 8.06257152557373 8.04740715026855 8.03409481048584 8.0202808380127 8.00506973266602 7.99625587463379 7.9973292350769 7.9980297088623 7.99838876724243 7.99903154373169
-9999 -9999 -9999 -9999 -9999 8.24482250213623 8.23442840576172 8.23543167114258 8.22476387023926 8.20492839813232 8.18601512908936 8.17063045501709 8.1566743850708 8.14554309844971 8.13525104522705 8.12592601776123 8.11675834655762 8.10769844055176 8.10355186462402 8.1013011932373 8.08027648925781 8.05593776702881 8.0162467956543 7.98053169250488 7.9807562828064 7.98085784912109 7.98055982589722 7.9872522354126 8.00614356994629 8.02438545227051 8.04195880889893 8.04825878143311 8.04769229888916 8.04731369018555 8.04699802398682 8.04687118530273 8.04660892486572 8.02385711669922 8.00149536132812 7.98161315917969 7.9609112739563 7.93792629241943 7.92390155792236 7.92372369766235 7.92404508590698 7.92482471466064 7.92573833465576
-9999 -9999 -9999 -9999 -9999 8.24234962463379 8.24482250213623 8.22865772247314 8.21154499053955 8.19330883026123 8.17519283294678 8.15753555297852 8.1403169631958 8.12396717071533 8.09869861602783 8.06313896179199 8.02615737915039 7.98819875717163 7.97339296340942 7.96752738952637 7.95833301544189 7.94855117797852 7.9324197769165 7.9179425239563 7.91840791702271 7.91879272460938 7.91891765594482 7.92186307907104 7.9297308921814 7.93511772155762 7.93795108795166 7.93751525878906 7.93508863449097 7.9342679977417 7.93398284912109 7.93368816375732 7.93334722518921 7.92671203613281 7.92035436630249 7.91576051712036 7.91023254394531 7.90210342407227 7.89731502532959 7.89768981933594 7.89842844009399 7.89950180053711 7.90220880508423
-9999 -9999 8.23685264587402 8.23751640319824 8.23823547363281 8.2398738861084 8.24235248565674 8.22254943847656 8.20184230804443 8.18428897857666 8.16649436950684 8.14777755737305 8.12701606750488 8.10220623016357 8.06144142150879 8.0022668838501 7.94832944869995 7.89798736572266 7.88082313537598 7.87647008895874 7.87645578384399 7.87720727920532 7.87717008590698 7.87717866897583 7.87770748138428 7.87829542160034 7.87907409667969 7.87961101531982 7.87972640991211 7.87644100189209 7.86965608596802 7.86501264572144 7.86167430877686 7.86066722869873 7.86043691635132 7.86026620864868 7.86013793945312 7.86477136611938 7.86950874328613 7.87491130828857 7.87935876846313 7.88114500045776 7.88253355026245 7.8833065032959 7.88424301147461 7.88532972335815 7.8886604309082
-9999.000000000000000 -9999 -9999 -9999 8.23443984985352 8.23659706115723 8.23508644104004 8.21789455413818 8.19981002807617 8.18093872070312 8.162428855896 8.14530277252197 8.12038230895996 8.08003997802734 8.02264499664307 7.94557476043701 7.89837121963501 7.87167835235596 7.87026500701904 7.87861347198486 7.88199615478516 7.88450288772583 7.8842716217041 7.88403367996216 7.8842396736145 7.88485431671143 7.88679265975952 7.88784217834473 7.88734006881714 7.88450908660889 7.87928056716919 7.87594652175903 7.87376546859741 7.87312936782837 7.87300729751587 7.87359809875488 7.8743200302124 7.87964057922363 7.88476228713989 7.88861703872681 7.89169692993164 7.89261960983276 7.89350843429565 7.89434480667114 7.89499855041504 7.89548587799072 7.896888256073
-9999 -9999 -9999 -9999 8.22928428649902 8.22684955596924 8.22831535339355 8.21375846862793 8.19799518585205 8.1779613494873 8.15848922729492 8.14116954803467 8.10992240905762 8.05111598968506 7.9834041595459 7.90541696548462 7.86855459213257 7.85993576049805 7.86768245697021 7.88174867630005 7.8873462677002 7.89144992828369 7.89150524139404 7.8914737701416 7.89145183563232 7.89188003540039 7.89376592636108 7.89453649520874 7.89336156845093 7.89110422134399 7.88773393630981 7.88565301895142 7.88435745239258 7.88453769683838 7.88520956039429 7.88625001907349 7.88736391067505 7.89160060882568 7.89559650421143 7.89805746078491 7.89990091323853 7.90002489089966 7.90032625198364 7.90090179443359 7.90132236480713 7.90160179138184 7.90161371231079
-9999 -9999 -9999 -9999 8.22562789916992 8.22440719604492 8.22289943695068 8.2102746963501 8.19645309448242 8.17545127868652 8.15470790863037 8.1349515914917 8.09464931488037 8.01369190216064 7.94360446929932 7.88606071472168 7.86407899856567 7.8665189743042 7.87513303756714 7.88613080978394 7.89245653152466 7.89795780181885 7.89890623092651 7.89965009689331 7.89951992034912 7.8994927406311 7.89980125427246 7.89929819107056 7.89737892150879 7.89584636688232 7.89471292495728 7.89381551742554 7.89306306838989 7.89462041854858 7.89694786071777 7.89804697036743 7.89897632598877 7.89990091323853 7.90087127685547 7.90213298797607 7.90290403366089 7.90231084823608 7.90191411972046 7.90182113647461 7.90207052230835 7.90263509750366 7.90193271636963
-9999 -9999 -9999 -9999 8.22440719604492 8.22258186340332 8.22043991088867 8.20858287811279 8.19547080993652 8.17495441436768 8.15483570098877 8.13623809814453 8.09773540496826 8.01984882354736 7.94779872894287 7.88248205184937 7.86295604705811 7.87487602233887 7.88404750823975 7.89215850830078 7.8969988822937 7.9012622833252 7.9026575088501 7.90383148193359 7.90367937088013 7.90346193313599 7.90303325653076 7.90205907821655 7.90013408660889 7.89930009841919 7.8995885848999 7.89949226379395 7.89916086196899 7.90062808990479 7.90269422531128 7.9035849571228 7.90430450439453 7.90376091003418 7.90334796905518 7.90376853942871 7.90366172790527 7.90208768844604 7.90106725692749 7.90090274810791 7.90125942230225 7.90209436416626 7.90122127532959
-9999 -9999 -9999 -9999 8.2224760055542 8.22043991088867 8.2088680267334 8.2082347869873 8.19490814208984 8.17596817016602 8.15789699554443 8.14315128326416 8.11459159851074 8.05869388580322 7.98498868942261 7.89073705673218 7.8643479347229 7.88456249237061 7.89406061172485 7.89942026138306 7.90111494064331 7.90216302871704 7.9036717414856 7.90501594543457 7.90490770339966 7.90469884872437 7.90416193008423 7.90331935882568 7.90194320678711 7.90178728103638 7.90288686752319 7.90330362319946 7.90330362319946 7.90357875823975 7.90394592285156 7.90442895889282 7.90491962432861 7.90429067611694 7.90372610092163 7.90357446670532 7.90273523330688 7.89998292922974 7.89839458465576 7.898606300354 7.89927816390991 7.90037298202515 7.89973783493042
-9999 -9999 -9999 -9999 8.22043991088867 8.20785617828369 8.2019739151001 8.19821357727051 8.19659328460693 8.17962265014648 8.16309452056885 8.14825534820557 8.12429714202881 8.08229351043701 8.0087308883667 7.89875411987305 7.86602878570557 7.88635540008545 7.89609575271606 7.90174865722656 7.90276479721069 7.90296316146851 7.90347766876221 7.90385913848877 7.90307855606079 7.90239381790161 7.90201997756958 7.90208148956299 7.90290117263794 7.90373468399048 7.90458202362061 7.90477323532104 7.90456485748291 7.90433740615845 7.90410327911377 7.9037938117981 7.90347337722778 7.90314531326294 7.9027681350708 7.9020791053772 7.90080499649048 7.89790105819702 7.89614915847778 7.89617776870728 7.89661836624146 7.89743709564209 7.89696741104126
-9999 -9999 -9999 -9999 -9999 8.20137882232666 8.2001428604126 8.19947242736816 8.19924068450928 8.18441009521484 8.16920852661133 8.15258407592773 8.13093948364258 8.0993595123291 8.02670955657959 7.90666913986206 7.86783361434937 7.88476514816284 7.89471197128296 7.90196228027344 7.9033579826355 7.90371990203857 7.90276575088501 7.90169954299927 7.89993858337402 7.8985710144043 7.89847660064697 7.89977264404297 7.90349435806274 7.90545034408569 7.90558958053589 7.90523958206177 7.90459156036377 7.90415620803833 7.90379190444946 7.90252494812012 7.90114402770996 7.90128231048584 7.90123748779297 7.90002679824829 7.89844465255737 7.89582967758179 7.89408731460571 7.89369297027588 7.89366769790649 7.89398097991943 7.89364576339722
-9999 -9999 -9999 -9999 -9999 8.20177459716797 8.20201969146729 8.20274257659912 8.20153427124023 8.18761157989502 8.17267227172852 8.15383911132812 8.1316089630127 8.10265636444092 8.03045558929443 7.9083514213562 7.86823987960815 7.88443660736084 7.89424324035645 7.90158224105835 7.9033203125 7.9040699005127 7.90206146240234 7.89978981018066 7.89582920074463 7.89203071594238 7.88875865936279 7.8889536857605 7.89519882202148 7.89858198165894 7.89902019500732 7.8989725112915 7.89862966537476 7.89773368835449 7.89665365219116 7.89625597000122 7.89595556259155 7.8960542678833 7.89618015289307 7.8964786529541 7.89629602432251 7.89477443695068 7.89364194869995 7.89311122894287 7.8925576210022 7.89198303222656 7.8917760848999
-9999 -9999 -9999 -9999 -9999 8.20195960998535 8.20316123962402 8.20384407043457 8.20375537872314 8.19048595428467 8.17558765411377 8.15445804595947 8.13104343414307 8.10310459136963 8.03125667572021 7.9087438583374 7.86835718154907 7.88436985015869 7.89396381378174 7.9010796546936 7.90315246582031 7.90433549880981 7.90135812759399 7.89793157577515 7.89151859283447 7.88492870330811 7.87776279449463 7.87637329101562 7.88506412506104 7.88993787765503 7.89088296890259 7.89131307601929 7.89142847061157 7.89001989364624 7.88810253143311 7.88895225524902 7.89017581939697 7.89013004302979 7.89039278030396 7.89262104034424 7.8941912651062 7.89392948150635 7.89353179931641 7.89292287826538 7.89182806015015 7.89028692245483 7.89020729064941
-9999 -9999 -9999 -9999 -9999 -9999 8.20069789886475 8.20289611816406 8.20162391662598 8.18571949005127 8.16932010650635 8.15102767944336 8.13008213043213 8.1038875579834 8.03174018859863 7.90657138824463 7.86505174636841 7.88097763061523 7.8909912109375 7.89872169494629 7.90041446685791 7.90104198455811 7.89672327041626 7.89196872711182 7.88448524475098 7.87682294845581 7.86858177185059 7.86484289169312 7.86896228790283 7.87119770050049 7.87149477005005 7.87172794342041 7.8719220161438 7.87115716934204 7.87007236480713 7.87081527709961 7.87184190750122 7.87715435028076 7.88249111175537 7.88798379898071 7.89195823669434 7.8917064666748 7.89142322540283 7.89109325408936 7.89047861099243 7.88960266113281 7.88705539703369
-9999 -9999 -9999 -9999 -9999 -9999 8.19598960876465 8.19535255432129 8.19854640960693 8.18009471893311 8.1623592376709 8.14736366271973 8.128830909729 8.10329723358154 8.03080272674561 7.9041223526001 7.86193752288818 7.87777996063232 7.88819265365601 7.89650869369507 7.89759969711304 7.89741563796997 7.89173078536987 7.88563632965088 7.87713432312012 7.86858654022217 7.8598895072937 7.85423994064331 7.8539080619812 7.85357761383057 7.85324859619141 7.85312938690186 7.85313749313354 7.85296487808228 7.85273170471191 7.85329246520996 7.85403108596802 7.86420965194702 7.87411499023438 7.88227939605713 7.88821983337402 7.88796758651733 7.88782501220703 7.88785171508789 7.88773822784424 7.88749599456787 7.88276100158691
-9999 -9999 -9999 -9999 -9999 -9999 8.18991088867188 8.18972015380859 8.1874475479126 8.16895294189453 8.15237903594971 8.14315223693848 8.12467670440674 8.08789920806885 8.01484870910645 7.89994668960571 7.86249876022339 7.87824153900146 7.88853693008423 7.89672803878784 7.8951940536499 7.89194297790527 7.88480567932129 7.87732553482056 7.86770009994507 7.85942792892456 7.85554552078247 7.85302400588989 7.85287714004517 7.85272359848022 7.85256290435791 7.85075044631958 7.84793186187744 7.84724760055542 7.84727478027344 7.84749794006348 7.84779787063599 7.8549633026123 7.8616828918457 7.86556148529053 7.86847972869873 7.86872386932373 7.86928462982178 7.87033367156982 7.87045812606812 7.86973333358765 7.86703252792358
-9999 -9999 -9999 -9999 -9999 8.19222259521484 8.18612289428711 8.18465995788574 8.17593193054199 8.1582145690918 8.14327621459961 8.1389741897583 8.11892700195312 8.06772518157959 7.9945182800293 7.89592218399048 7.86495542526245 7.88043212890625 7.89014148712158 7.89762401580811 7.89280319213867 7.88581085205078 7.87658452987671 7.86730146408081 7.85795831680298 7.85078716278076 7.85065937042236 7.85056447982788 7.85052680969238 7.85049486160278 7.85046911239624 7.84771823883057 7.84330701828003 7.84237813949585 7.84260988235474 7.84259605407715 7.84257984161377 7.84686708450317 7.85064935684204 7.85121440887451 7.85180616378784 7.85247278213501 7.85356092453003 7.85530138015747 7.85581111907959 7.85519218444824 7.85434150695801
-9999 -9999 -9999 -9999 8.2110767364502 8.19772434234619 8.19222259521484 8.17788887023926 8.16289138793945 8.14895343780518 8.13739109039307 8.13491916656494 8.10732936859131 8.0300407409668 7.95813894271851 7.89245319366455 7.87436437606812 7.88896226882935 7.89636945724487 7.90099954605103 7.89046669006348 7.87725782394409 7.86361074447632 7.85099840164185 7.84709024429321 7.84404277801514 7.84378528594971 7.84354543685913 7.84333753585815 7.84322643280029 7.84321451187134 7.84229135513306 7.84081268310547 7.84061670303345 7.84084844589233 7.84096813201904 7.8410849571228 7.84298849105835 7.84474420547485 7.84555959701538 7.84637594223022 7.84719371795654 7.84816741943359 7.84938192367554 7.85082054138184 7.85246419906616 7.85278606414795
