Ecospace-environmental-drivers/Outputs/ASCII-for-ecospace/MOM6-ISIMIP3a/ph-bot/1994-01_ph-bot_MOM6-ISIMIP3a.asc
NCOLS 131 
NROWS 53 
XLLCORNER -98 
YLLCORNER 23.9265270233154 
CELLSIZE 0.133587792515755 
NODATA_value -9999 
[rows 21 to 41 of 53, columns 47 to 93 of 131]
8.148118019104 8.14916515350342 8.15080070495605 8.1516284942627 8.15238571166992 8.1535005569458 8.15437412261963 8.15402030944824 8.15333843231201 8.15186500549316 8.15001106262207 8.1476354598999 8.13754844665527 8.12115287780762 8.04960060119629 7.95192337036133 7.90180683135986 7.8630542755127 7.86423254013062 7.86822891235352 7.87331104278564 7.87975692749023 7.89190673828125 7.89886808395386 7.89487552642822 7.89106702804565 7.88748455047607 7.88529205322266 7.88411140441895 7.87976217269897 7.87410068511963 7.87304353713989 7.87289190292358 7.88097238540649 7.88923025131226 7.89623785018921 7.89814281463623 7.88210725784302 7.86967706680298 7.86394309997559 7.86202764511108 7.86427402496338 7.86977434158325 7.87738084793091 7.89367151260376 7.91308116912842 7.9552960395813
8.14679336547852 8.14515018463135 8.14325332641602 8.14222812652588 8.14133644104004 8.1416482925415 8.13777160644531 8.11258220672607 8.09481906890869 8.09498691558838 8.08283996582031 8.05378532409668 8.03045749664307 8.01181411743164 7.9641227722168 7.90267324447632 7.87782144546509 7.86171388626099 7.8708643913269 7.88127040863037 7.88469457626343 7.88886547088623 7.89616060256958 7.89914035797119 7.89301013946533 7.88856363296509 7.88617420196533 7.88316535949707 7.87970495223999 7.87614393234253 7.87254047393799 7.87105655670166 7.8699893951416 7.87202644348145 7.87434482574463 7.87829113006592 7.88013315200806 7.87457799911499 7.87309312820435 7.8791675567627 7.88008308410645 7.87537860870361 7.87317371368408 7.87258577346802 7.87818241119385 7.88600015640259 7.91808605194092
8.13936996459961 8.13449668884277 8.12838649749756 8.12557220458984 8.12314414978027 8.12205219268799 8.1131067276001 8.06421279907227 8.03014469146729 8.03187274932861 8.00991249084473 7.95543050765991 7.91995859146118 7.90003967285156 7.87736892700195 7.85339450836182 7.85502862930298 7.86278104782104 7.87953662872314 7.89582920074463 7.89639091491699 7.89732694625854 7.89983034133911 7.8990478515625 7.89132881164551 7.88651323318481 7.88524532318115 7.88126277923584 7.87530326843262 7.87246704101562 7.870924949646 7.86933469772339 7.86773490905762 7.86311149597168 7.85882759094238 7.85895013809204 7.86025238037109 7.86570119857788 7.87558460235596 7.89370250701904 7.89805126190186 7.88739776611328 7.87873888015747 7.87137126922607 7.86652374267578 7.86258220672607 7.88325500488281
8.02622985839844 8.01470565795898 7.99986791610718 7.99780941009521 7.99671602249146 7.98638105392456 7.97415161132812 7.9522876739502 7.93652629852295 7.9355001449585 7.92438983917236 7.89943695068359 7.88338804244995 7.87462472915649 7.8685188293457 7.86367130279541 7.87019491195679 7.87943601608276 7.8896541595459 7.89935302734375 7.90051698684692 7.90165901184082 7.90270948410034 7.90081596374512 7.89270782470703 7.88766574859619 7.88637256622314 7.88160467147827 7.87430572509766 7.87109327316284 7.86957263946533 7.86644077301025 7.86299228668213 7.86030197143555 7.85787582397461 7.85775899887085 7.85812711715698 7.86020135879517 7.86434936523438 7.87234926223755 7.8739767074585 7.86865997314453 7.87070751190186 7.8775200843811 7.87674140930176 7.87323522567749 7.87694311141968
7.92982721328735 7.91484642028809 7.89529609680176 7.89412641525269 7.89423799514771 7.8781623840332 7.86473608016968 7.86478519439697 7.86395788192749 7.86101531982422 7.85903739929199 7.85838508605957 7.85823965072632 7.85850858688354 7.86507368087769 7.87462091445923 7.88351440429688 7.89225101470947 7.89685678482056 7.90099954605103 7.90253591537476 7.90372800827026 7.90348196029663 7.9008903503418 7.8933482170105 7.88862419128418 7.8873438835144 7.88192415237427 7.87348937988281 7.86991262435913 7.86834812164307 7.86404466629028 7.85920286178589 7.8580961227417 7.85718727111816 7.85685634613037 7.85644292831421 7.85573959350586 7.85516166687012 7.85481595993042 7.85417938232422 7.85322570800781 7.86288404464722 7.8794093132019 7.88171863555908 7.87892150878906 7.87232542037964
7.90681409835815 7.90238857269287 7.89572525024414 7.89602661132812 7.89677333831787 7.89031600952148 7.88484191894531 7.88436889648438 7.8836874961853 7.88250303268433 7.88212394714355 7.88285160064697 7.88317346572876 7.88316345214844 7.88532781600952 7.88852214813232 7.88873291015625 7.88823080062866 7.89127731323242 7.89441442489624 7.89531326293945 7.89587354660034 7.8950138092041 7.89353609085083 7.89075374603271 7.88872957229614 7.88763189315796 7.88214635848999 7.87346458435059 7.86958026885986 7.86768245697021 7.86382913589478 7.85959100723267 7.85853862762451 7.85765027999878 7.85721826553345 7.85669136047363 7.85583114624023 7.85495042800903 7.85403060913086 7.85313892364502 7.85227823257446 7.85597467422485 7.8626184463501 7.86371946334839 7.86282873153687 7.87513446807861
7.89293718338013 7.89529466629028 7.89709138870239 7.89836931228638 7.89955377578735 7.89965343475342 7.8996524810791 7.89914131164551 7.89871597290039 7.89849758148193 7.89887285232544 7.90006256103516 7.89991855621338 7.89868354797363 7.89741945266724 7.89614152908325 7.89123487472534 7.88546085357666 7.88746929168701 7.88989210128784 7.89056539535522 7.89083862304688 7.88943815231323 7.88819408416748 7.88728094100952 7.88632297515869 7.88530969619751 7.88041305541992 7.87268733978271 7.86854648590088 7.86589050292969 7.86298274993896 7.86002588272095 7.85906505584717 7.85820960998535 7.85766935348511 7.85702180862427 7.85599660873413 7.85485363006592 7.85349273681641 7.85236263275146 7.8514838218689 7.85109376907349 7.85101985931396 7.8512544631958 7.85159969329834 7.87452077865601
7.89899349212646 7.89990663528442 7.90050029754639 7.90167760848999 7.90286922454834 7.90284538269043 7.90290880203247 7.90341567993164 7.90348720550537 7.90250682830811 7.90179252624512 7.90144300460815 7.8987979888916 7.89427375793457 7.89170217514038 7.89005613327026 7.88780927658081 7.88541889190674 7.88752508163452 7.88987159729004 7.89121532440186 7.89195585250854 7.89017200469971 7.88724231719971 7.88189268112183 7.87843608856201 7.8772931098938 7.87441301345825 7.87026739120483 7.86598253250122 7.86163997650146 7.86076068878174 7.86056280136108 7.85977554321289 7.85897922515869 7.85831594467163 7.85753154754639 7.85632181167603 7.8550066947937 7.85349559783936 7.85216236114502 7.8510217666626 7.85064029693604 7.85074901580811 7.85086488723755 7.85098314285278 7.86643981933594
7.90182638168335 7.90147590637207 7.90097856521606 7.90161371231079 7.90236520767212 7.90310859680176 7.90390586853027 7.90497589111328 7.90518856048584 7.90333271026611 7.90126991271973 7.89892387390137 7.89444589614868 7.88822364807129 7.88533592224121 7.88402795791626 7.88325595855713 7.88261222839355 7.88445329666138 7.88648986816406 7.88888120651245 7.89042329788208 7.88840866088867 7.88484859466553 7.87802600860596 7.87361907958984 7.87216424942017 7.87048530578613 7.86864328384399 7.86461782455444 7.85968828201294 7.85987234115601 7.86106157302856 7.8604907989502 7.85982465744019 7.85886573791504 7.85778617858887 7.856285572052 7.85478830337524 7.85329818725586 7.85190916061401 7.85062980651855 7.85024356842041 7.85043430328369 7.85049772262573 7.85051536560059 7.85916900634766
7.90060377120972 7.89921855926514 7.8977689743042 7.89730834960938 7.89705610275269 7.89968776702881 7.90206098556519 7.90312099456787 7.90302848815918 7.90015316009521 7.89641618728638 7.89149761199951 7.88602876663208 7.88011026382446 7.87815284729004 7.87807178497314 7.87728404998779 7.8763279914856 7.8774471282959 7.87887954711914 7.88279342651367 7.8855562210083 7.88350248336792 7.88064098358154 7.87607479095459 7.87266492843628 7.8706693649292 7.86916542053223 7.86802005767822 7.86476182937622 7.86062908172607 7.86066102981567 7.86151170730591 7.86121225357056 7.86076545715332 7.85929346084595 7.85772085189819 7.85579490661621 7.85410356521606 7.85284852981567 7.85158920288086 7.85032606124878 7.84991788864136 7.85006332397461 7.85015773773193 7.8502345085144 7.85291719436646
7.89936590194702 7.89731884002686 7.89515829086304 7.89492130279541 7.89495944976807 7.89712285995483 7.89898777008057 7.89933204650879 7.89865589141846 7.89551734924316 7.89087152481079 7.88415575027466 7.87886619567871 7.87474346160889 7.87356615066528 7.87378406524658 7.87313652038574 7.87228155136108 7.8730297088623 7.87409543991089 7.87817478179932 7.88126230239868 7.88020038604736 7.87846851348877 7.8753228187561 7.87256813049316 7.8702917098999 7.86878538131714 7.86783981323242 7.86495590209961 7.86126899719238 7.86109352111816 7.86160755157471 7.86130619049072 7.86084747314453 7.85914993286133 7.85737609863281 7.85533475875854 7.8536229133606 7.85252332687378 7.85138082504272 7.85019254684448 7.84975337982178 7.84979867935181 7.84986162185669 7.84993076324463 7.84911394119263
7.89811706542969 7.89568710327148 7.89299774169922 7.89397239685059 7.89527177810669 7.89520025253296 7.89499282836914 7.89409160614014 7.89262437820435 7.88979005813599 7.88480758666992 7.87687635421753 7.87264394760132 7.87143659591675 7.87092733383179 7.87074756622314 7.87035608291626 7.86991405487061 7.87055492401123 7.87143135070801 7.87465858459473 7.87739849090576 7.87810182571411 7.87782287597656 7.8754711151123 7.87311410903931 7.87075185775757 7.86910963058472 7.86799240112305 7.8651876449585 7.86168384552002 7.86125802993774 7.86143732070923 7.86092901229858 7.86028575897217 7.85857772827148 7.85682201385498 7.85489797592163 7.85329580307007 7.85229158401489 7.85125637054443 7.85018682479858 7.84970855712891 7.84961366653442 7.84959745407104 7.84960985183716 7.8471474647522
7.89574670791626 7.89408254623413 7.8922815322876 7.8935375213623 7.89499616622925 7.89348649978638 7.89152717590332 7.88727521896362 7.88366508483887 7.88160371780396 7.87709808349609 7.86923742294312 7.86568975448608 7.86567068099976 7.86562871932983 7.86557674407959 7.86552047729492 7.8654637336731 7.86607789993286 7.86692905426025 7.87055826187134 7.87372541427612 7.87495994567871 7.87533235549927 7.87388515472412 7.8722243309021 7.87030267715454 7.86887550354004 7.8678092956543 7.86490964889526 7.86125040054321 7.86035585403442 7.86000490188599 7.85935592651367 7.85864496231079 7.85743808746338 7.85616827011108 7.85467767715454 7.85335302352905 7.85233592987061 7.85133266448975 7.85034418106079 7.84979438781738 7.84952783584595 7.84943103790283 7.84939432144165 7.84647035598755
7.89289569854736 7.89248943328857 7.89218473434448 7.8933219909668 7.89446830749512 7.89186239242554 7.88828754425049 7.87978315353394 7.87345123291016 7.87236309051514 7.86868333816528 7.8614444732666 7.85842227935791 7.85885047912598 7.85919094085693 7.85949039459229 7.85980367660522 7.86012029647827 7.86074304580688 7.86163949966431 7.86620807647705 7.87013387680054 7.87137079238892 7.87205123901367 7.87155675888062 7.87071943283081 7.86946392059326 7.8684024810791 7.86748266220093 7.86441278457642 7.8604531288147 7.85899639129639 7.85803174972534 7.85727024078369 7.8565411567688 7.85605525970459 7.85547256469727 7.85455083847046 7.85357522964478 7.85249900817871 7.85149574279785 7.85057210922241 7.84993553161621 7.84948539733887 7.84930610656738 7.84922456741333 7.84634685516357
7.89164972305298 7.89143943786621 7.89120197296143 7.89192485809326 7.8926477432251 7.89072465896606 7.88691139221191 7.87348413467407 7.86374855041504 7.86292600631714 7.86072826385498 7.85664176940918 7.85508728027344 7.85560417175293 7.85600757598877 7.85635805130005 7.85676050186157 7.85717582702637 7.85787868499756 7.85876512527466 7.86203384399414 7.86475944519043 7.86521100997925 7.86551284790039 7.8654990196228 7.86509656906128 7.86421871185303 7.86363124847412 7.86325550079346 7.86114311218262 7.85831165313721 7.85687494277954 7.85571241378784 7.85498476028442 7.854323387146 7.85414743423462 7.85390710830688 7.85343980789185 7.8529224395752 7.85231113433838 7.85149049758911 7.85044145584106 7.84978580474854 7.84938430786133 7.84923267364502 7.84917020797729 7.84629678726196
7.89073610305786 7.89050149917603 7.89003562927246 7.89028263092041 7.89056015014648 7.88968706130981 7.88592004776001 7.867431640625 7.85415172576904 7.85344791412354 7.85286808013916 7.85245800018311 7.85256576538086 7.85309743881226 7.85349750518799 7.85383605957031 7.85427045822144 7.85472822189331 7.85552549362183 7.85638999938965 7.85789680480957 7.85901689529419 7.85851907730103 7.85830020904541 7.85866975784302 7.85862112045288 7.85806226730347 7.85797119140625 7.85822105407715 7.85729932785034 7.85589265823364 7.85459661483765 7.85332202911377 7.85265827178955 7.85208177566528 7.85213088989258 7.8521614074707 7.85212564468384 7.85208892822266 7.85205125808716 7.85145044326782 7.85023641586304 7.84957551956177 7.84927177429199 7.84916973114014 7.84913969039917 7.84626197814941
7.88376045227051 7.88231420516968 7.88140344619751 7.8811674118042 7.88079929351807 7.87501335144043 7.86825132369995 7.85652303695679 7.84821128845215 7.84814691543579 7.84898519515991 7.8510627746582 7.85211944580078 7.8523416519165 7.85249137878418 7.85260629653931 7.85273885726929 7.85287570953369 7.85329914093018 7.85378360748291 7.85485935211182 7.85574340820312 7.85582399368286 7.85592985153198 7.85608768463135 7.85603332519531 7.85571956634521 7.85557508468628 7.855553150177 7.85457897186279 7.85320997238159 7.85235834121704 7.85160827636719 7.85125255584717 7.85094785690308 7.85099935531616 7.85103559494019 7.8510160446167 7.85104703903198 7.85117149353027 7.85086441040039 7.85008668899536 7.84961032867432 7.84932899475098 7.84921455383301 7.84916067123413 7.84634637832642
7.87605905532837 7.87353849411011 7.87223625183105 7.87159156799316 7.87066650390625 7.86035537719727 7.85094356536865 7.84610605239868 7.84284400939941 7.84338617324829 7.84544897079468 7.84959840774536 7.85153675079346 7.85166692733765 7.85164213180542 7.85154390335083 7.85138750076294 7.8512167930603 7.8512659072876 7.85137033462524 7.85206508636475 7.85274791717529 7.85338163375854 7.85379123687744 7.85372543334961 7.85364818572998 7.85355567932129 7.85334777832031 7.85305595397949 7.85203075408936 7.85070180892944 7.8502950668335 7.85006952285767 7.85001134872437 7.84996747970581 7.85000944137573 7.85003614425659 7.85000705718994 7.85007381439209 7.85031652450562 7.85027980804443 7.84993886947632 7.84964895248413 7.84939241409302 7.84926557540894 7.84918594360352 7.84642601013184
7.86351203918457 7.86195039749146 7.86093330383301 7.86067676544189 7.86022424697876 7.852379322052 7.84545993804932 7.84324789047241 7.84184455871582 7.84239482879639 7.84370756149292 7.84606742858887 7.84850883483887 7.85101699829102 7.85175228118896 7.85164785385132 7.85149955749512 7.85134124755859 7.85122776031494 7.85113763809204 7.85133647918701 7.85153436660767 7.85172748565674 7.85181427001953 7.85167741775513 7.85156154632568 7.85147094726562 7.85136365890503 7.85124397277832 7.85078287124634 7.85018014907837 7.85007524490356 7.85006904602051 7.85008382797241 7.85009908676147 7.85010719299316 7.85008859634399 7.84997463226318 7.84993124008179 7.85001802444458 7.84997320175171 7.84978532791138 7.84960842132568 7.84943866729736 7.84932565689087 7.84923267364502 7.84639978408813
7.85344886779785 7.85235118865967 7.85115814208984 7.85105895996094 7.85087966918945 7.84553194046021 7.84102869033813 7.84082365036011 7.8408260345459 7.84132862091064 7.84201192855835 7.84294462203979 7.84552431106567 7.84945154190063 7.85065221786499 7.85056161880493 7.85043430328369 7.85029792785645 7.85007619857788 7.849853515625 7.84970760345459 7.84956455230713 7.84943580627441 7.84929132461548 7.84911346435547 7.8489933013916 7.84894418716431 7.84893894195557 7.84896612167358 7.84893178939819 7.84887266159058 7.84898281097412 7.84912586212158 7.84920644760132 7.84927892684937 7.84929084777832 7.84928321838379 7.84920644760132 7.84926843643188 7.8495888710022 7.84972143173218 7.84964942932129 7.84956455230713 7.84947204589844 7.84910535812378 7.84864091873169 7.84599113464355
7.85249328613281 7.85004568099976 7.84698343276978 7.84619331359863 7.84555816650391 7.8428201675415 7.84045648574829 7.83999252319336 7.83973789215088 7.83998870849609 7.84048461914062 7.84131669998169 7.842698097229 7.84452867507935 7.84511518478394 7.84511280059814 7.84505033493042 7.84497308731079 7.84484100341797 7.84471750259399 7.84477710723877 7.84482288360596 7.84481000900269 7.84476566314697 7.84465599060059 7.84465789794922 7.84479665756226 7.84490060806274 7.84497880935669 7.84487009048462 7.84468364715576 7.84468698501587 7.84472799301147 7.84484577178955 7.84496927261353 7.84512138366699 7.84532976150513 7.84573984146118 7.84669923782349 7.84868049621582 7.84967041015625 7.84958028793335 7.84951114654541 7.8494553565979 7.84785890579224 7.8457088470459 7.84417915344238
