Ecospace-environmental-drivers/Outputs/ASCII-for-ecospace/MOM6-ISIMIP3a/ph-bot/1994-05_ph-bot_MOM6-ISIMIP3a.asc
NCOLS 131 
NROWS 53 
XLLCORNER -98 
YLLCORNER 23.9265270233154 
CELLSIZE 0.133587792515755 
NODATA_value -9999 
[rows 21 to 41 of 53, columns 0 to 46 of 131]
-9999 -9999 -9999 -9999 -9999 -9999 8.12516403198242 8.12479782104492 8.12353229522705 8.12131500244141 8.11637496948242 8.10945224761963 8.11269378662109 8.12234973907471 8.12781715393066 8.12845134735107 8.1206111907959 8.10695266723633 8.11349773406982 8.12784481048584 8.13691425323486 8.14505195617676 8.13669300079346 8.12932395935059 8.13321876525879 8.13652420043945 8.13791847229004 8.13949680328369 8.14139556884766 8.1425256729126 8.14286422729492 8.14385223388672 8.14523506164551 8.14718055725098 8.14931488037109 8.15031814575195 8.15115451812744 8.15042018890381 8.14980602264404 8.1499547958374 8.15019512176514 8.15068912506104 8.14961051940918 8.14610481262207 8.14484310150146 8.14563941955566 8.147385597229
-9999 -9999 -9999 -9999 -9999 -9999 8.12526512145996 8.12516403198242 8.12443161010742 8.12321853637695 8.12131500244141 8.11835670471191 8.11946582794189 8.12862396240234 8.13418674468994 8.13560009002686 8.13125801086426 8.12296295166016 8.12617015838623 8.13381958007812 8.13899040222168 8.14372444152832 8.13752365112305 8.13207817077637 8.13492584228516 8.13738822937012 8.13859748840332 8.13976383209229 8.14085578918457 8.14141082763672 8.14141464233398 8.14194774627686 8.14280319213867 8.14416408538818 8.1456937789917 8.14532661437988 8.14469051361084 8.1431884765625 8.14185333251953 8.14157009124756 8.14150047302246 8.14202499389648 8.14176845550537 8.14030456542969 8.13996601104736 8.14066028594971 8.14184856414795
-9999 -9999 -9999 -9999 8.12556552886963 8.12545490264893 8.12527942657471 8.12535095214844 8.12516403198242 8.12369823455811 8.12269878387451 8.12349128723145 8.12653255462646 8.13402557373047 8.13906574249268 8.14127445220947 8.14002323150635 8.13639545440674 8.13669776916504 8.13851928710938 8.13916969299316 8.13961315155029 8.13432788848877 8.12969970703125 8.13159942626953 8.13329887390137 8.13434791564941 8.13553047180176 8.13694763183594 8.13770294189453 8.13777732849121 8.13802146911621 8.13836860656738 8.1391077041626 8.13997745513916 8.13826274871826 8.1361837387085 8.13323593139648 8.13045883178711 8.12876129150391 8.12743282318115 8.12713432312012 8.12726497650146 8.12806034088135 8.12877178192139 8.12940788269043 8.13002395629883
-9999 -9999 -9999 -9999 8.12576580047607 8.12576293945312 8.12563037872314 8.12527942657471 8.1256103515625 8.12981986999512 8.13327217102051 8.13382530212402 8.13439464569092 8.13499927520752 8.1351957321167 8.13492202758789 8.13326835632324 8.1306676864624 8.13085079193115 8.13210964202881 8.12518692016602 8.11682033538818 8.08152770996094 8.04948997497559 8.049485206604 8.04944705963135 8.04930305480957 8.05603694915771 8.07477378845215 8.0927791595459 8.11003017425537 8.11722278594971 8.11828804016113 8.11914825439453 8.11993980407715 8.11912441253662 8.11799144744873 8.10353469848633 8.08835124969482 8.06853866577148 8.04969501495361 8.03355121612549 8.02367782592773 8.0234956741333 8.02367973327637 8.02419948577881 8.02467060089111
-9999 -9999 -9999 -9999 -9999 8.12576580047607 8.12637519836426 8.12598133087158 8.1267614364624 8.13401699066162 8.13992691040039 8.14068698883057 8.1393985748291 8.13405799865723 8.12752151489258 8.11960411071777 8.11128711700439 8.10269641876221 8.10097408294678 8.10190296173096 8.09005069732666 8.07594299316406 8.02226161956787 7.97340488433838 7.97197961807251 7.97064018249512 7.96958017349243 7.97973299026489 8.00945472717285 8.03814601898193 8.06577682495117 8.07675361633301 8.0775842666626 8.07831287384033 8.07900810241699 8.07888507843018 8.07849884033203 8.05741786956787 8.03505420684814 8.00452995300293 7.97521448135376 7.94926786422729 7.93325090408325 7.93257904052734 7.93240880966187 7.93269872665405 7.93325233459473
-9999 -9999 -9999 -9999 -9999 8.12791633605957 8.12576580047607 8.12847328186035 8.13100242614746 8.12977313995361 8.12940406799316 8.13232898712158 8.13187217712402 8.12472438812256 8.10316276550293 8.06497097015381 8.02254009246826 7.9771990776062 7.96573448181152 7.96735095977783 7.96216249465942 7.95577335357666 7.93463802337646 7.91540145874023 7.91468095779419 7.91395044326782 7.91318893432617 7.91741275787354 7.93033790588379 7.94094038009644 7.94915294647217 7.95003366470337 7.94644784927368 7.94594097137451 7.94646072387695 7.94611740112305 7.94561386108398 7.9393253326416 7.93269920349121 7.92392158508301 7.91501808166504 7.90576648712158 7.90053081512451 7.90150260925293 7.90174102783203 7.90130567550659 7.9029369354248
-9999 -9999 8.13243389129639 8.13194751739502 8.13149261474609 8.1300687789917 8.12791347503662 8.12925434112549 8.13029956817627 8.12573051452637 8.12279224395752 8.12609672546387 8.1235933303833 8.10959815979004 8.0722017288208 8.00780391693115 7.94576597213745 7.88534927368164 7.87145233154297 7.87551832199097 7.87576341629028 7.87533378601074 7.87660837173462 7.87775707244873 7.87754011154175 7.87732648849487 7.877121925354 7.87740802764893 7.87855005264282 7.87652063369751 7.87122821807861 7.86578130722046 7.8602409362793 7.85924243927002 7.8597583770752 7.85927486419678 7.85868787765503 7.86288404464722 7.86723327636719 7.87255239486694 7.87703418731689 7.87918567657471 7.88129186630249 7.88332796096802 7.88396739959717 7.88332509994507 7.88546085357666
-9999.000000000000000 -9999 -9999 -9999 8.13428211212158 8.1329174041748 8.1342306137085 8.12630271911621 8.11880970001221 8.12212753295898 8.12471485137939 8.12450313568115 8.11367416381836 8.08183574676514 8.02683448791504 7.94510507583618 7.89511299133301 7.86691522598267 7.8665337562561 7.87689352035522 7.87988615036011 7.88157892227173 7.88314867019653 7.88453149795532 7.88438129425049 7.88448286056519 7.88540077209473 7.88609218597412 7.88638830184937 7.88363265991211 7.8777379989624 7.87418746948242 7.87206411361694 7.87219715118408 7.87308263778687 7.87263250350952 7.87203979492188 7.87731981277466 7.88225317001343 7.88497877120972 7.8875150680542 7.88952398300171 7.89146566390991 7.89330196380615 7.89432811737061 7.8946099281311 7.89599704742432
-9999 -9999 -9999 -9999 8.13794136047363 8.13985919952393 8.13914680480957 8.12608242034912 8.11398410797119 8.12082767486572 8.12564754486084 8.12271595001221 8.10284900665283 8.04947185516357 7.98311758041382 7.90179061889648 7.86511898040771 7.85911512374878 7.86647987365723 7.87900686264038 7.88439273834229 7.88851833343506 7.89018869400024 7.89161062240601 7.89140939712524 7.89150905609131 7.89258289337158 7.8931097984314 7.89268159866333 7.8900785446167 7.88523721694946 7.88325071334839 7.88300275802612 7.88387584686279 7.88512277603149 7.88492059707642 7.88455247879028 7.88899040222168 7.89299535751343 7.89424705505371 7.89555788040161 7.89703178405762 7.89836406707764 7.89947700500488 7.90046167373657 7.90132808685303 7.90192365646362
-9999 -9999 -9999 -9999 8.14045333862305 8.14104747772217 8.14178085327148 8.12930011749268 8.11754322052002 8.1224250793457 8.12533283233643 8.12068462371826 8.09088611602783 8.01131916046143 7.94147872924805 7.88286113739014 7.86111640930176 7.8646936416626 7.87254619598389 7.88204956054688 7.88938140869141 7.8963303565979 7.89785814285278 7.89907312393188 7.89867353439331 7.89837169647217 7.8983850479126 7.89802980422974 7.89703130722046 7.89568471908569 7.89398002624512 7.89314079284668 7.89282894134521 7.89394855499268 7.89554595947266 7.89586305618286 7.89601039886475 7.89718246459961 7.89835643768311 7.89954233169556 7.90053272247314 7.90097856521606 7.90114259719849 7.90087223052979 7.9012770652771 7.90230131149292 7.90205049514771
-9999 -9999 -9999 -9999 8.14104747772217 8.14193534851074 8.14297676086426 8.13453960418701 8.12641716003418 8.12718868255615 8.12677383422852 8.12181854248047 8.09314632415771 8.01754570007324 7.94644689559937 7.88054180145264 7.86045408248901 7.8718318939209 7.88058090209961 7.88831472396851 7.89479446411133 7.90105295181274 7.90242671966553 7.90350675582886 7.90302753448486 7.90257787704468 7.90222120285034 7.90157175064087 7.90041255950928 7.89970922470093 7.89947605133057 7.89934349060059 7.89927291870117 7.90026140213013 7.90160322189331 7.902268409729 7.90283250808716 7.90235662460327 7.90204620361328 7.90278768539429 7.90300607681274 7.90176582336426 7.90080642700195 7.9002799987793 7.90066528320312 7.90188646316528 7.90134429931641
-9999 -9999 -9999 -9999 8.14198684692383 8.14297676086426 8.14151000976562 8.14129543304443 8.13927555084229 8.13432693481445 8.12953186035156 8.12532520294189 8.10607433319092 8.05705738067627 7.98637056350708 7.89067983627319 7.86229753494263 7.88013935089111 7.89009141921997 7.89699745178223 7.90052556991577 7.90345811843872 7.90467023849487 7.90566825866699 7.90519905090332 7.90479135513306 7.90458250045776 7.90408039093018 7.90306663513184 7.90254735946655 7.90253686904907 7.90278100967407 7.90318012237549 7.90375375747681 7.90438461303711 7.90527057647705 7.90617799758911 7.90526723861694 7.90448188781738 7.90449619293213 7.90360307693481 7.90018463134766 7.89813423156738 7.89819765090942 7.89898300170898 7.90043067932129 7.90001392364502
-9999 -9999 -9999 -9999 8.14297676086426 8.14500522613525 8.14599227905273 8.14723014831543 8.14600658416748 8.13691234588623 8.12922954559326 8.12695217132568 8.11407375335693 8.08021926879883 8.01029300689697 7.89874362945557 7.8638768196106 7.88167095184326 7.89233160018921 7.90023851394653 7.90291690826416 7.90467262268066 7.90453720092773 7.90427398681641 7.90329170227051 7.90247964859009 7.90221738815308 7.90238428115845 7.90329933166504 7.90382242202759 7.90394115447998 7.90415477752686 7.90442562103271 7.90483570098877 7.90529251098633 7.90486621856689 7.90431880950928 7.90386390686035 7.90342426300049 7.90308237075806 7.90183448791504 7.89806509017944 7.89582347869873 7.89594173431396 7.89656448364258 7.89764976501465 7.8972110748291
-9999 -9999 -9999 -9999 -9999 8.14888763427734 8.1495418548584 8.14945220947266 8.15011310577393 8.13754558563232 8.12761497497559 8.12777328491211 8.11996078491211 8.09637451171875 8.02735614776611 7.90591859817505 7.86534261703491 7.88029813766479 7.89145612716675 7.90114736557007 7.90387678146362 7.90537691116333 7.90338563919067 7.90135526657104 7.89963674545288 7.89822864532471 7.8978271484375 7.89888620376587 7.90249490737915 7.90442752838135 7.90463590621948 7.90464401245117 7.9045295715332 7.90488481521606 7.90539693832397 7.90300226211548 7.90022897720337 7.90061187744141 7.90086936950684 7.90033006668091 7.89905166625977 7.89571523666382 7.89366769790649 7.89361143112183 7.89382982254028 7.89430141448975 7.89377641677856
-9999 -9999 -9999 -9999 -9999 8.15064716339111 8.15112972259521 8.15194225311279 8.15078163146973 8.13608074188232 8.1249942779541 8.1277379989624 8.12209129333496 8.09984016418457 8.03075218200684 7.90762138366699 7.86615419387817 7.88076829910278 7.89152860641479 7.9008002281189 7.90369367599487 7.90546178817749 7.90258884429932 7.89952898025513 7.89575958251953 7.89205408096313 7.88855504989624 7.88858032226562 7.89475679397583 7.89803075790405 7.89831876754761 7.89842700958252 7.8984260559082 7.89795970916748 7.89733791351318 7.89611625671387 7.89482355117798 7.89512014389038 7.89547681808472 7.89621782302856 7.89629650115967 7.89453220367432 7.89334869384766 7.89306354522705 7.89265537261963 7.89213371276855 7.89178943634033
-9999 -9999 -9999 -9999 -9999 8.15047264099121 8.15127182006836 8.1519947052002 8.1507396697998 8.13418197631836 8.12216472625732 8.12752532958984 8.12344455718994 8.10068035125732 8.0313196182251 7.90819263458252 7.86683082580566 7.88162040710449 7.89179706573486 7.90019273757935 7.90327453613281 7.90541887283325 7.90186548233032 7.8979287147522 7.89183664321899 7.88548183441162 7.87827253341675 7.87686586380005 7.88558387756348 7.89018535614014 7.89055013656616 7.8908224105835 7.89103841781616 7.88959121704102 7.88758993148804 7.88819122314453 7.8891453742981 7.88916492462158 7.88949728012085 7.89182376861572 7.89354705810547 7.89358997344971 7.89340972900391 7.89288473129272 7.89180278778076 7.89021062850952 7.89010190963745
-9999 -9999 -9999 -9999 -9999 -9999 8.14901733398438 8.14987754821777 8.148681640625 8.13376808166504 8.12317657470703 8.12912845611572 8.12515735626221 8.10155582427979 8.03117084503174 7.90680503845215 7.86467790603638 7.87902784347534 7.88908338546753 7.89748096466064 7.90010786056519 7.90171575546265 7.89719247817993 7.89223718643188 7.88480377197266 7.87715101242065 7.86878538131714 7.86497497558594 7.86911392211914 7.87121391296387 7.87121629714966 7.87137508392334 7.87162923812866 7.87079477310181 7.8695969581604 7.8701810836792 7.87104463577271 7.87649965286255 7.88197183609009 7.88755512237549 7.89167785644531 7.8917350769043 7.89162540435791 7.89125680923462 7.89055871963501 7.88955736160278 7.88678407669067
-9999 -9999 -9999 -9999 -9999 -9999 8.1458797454834 8.14517974853516 8.1463098526001 8.1334285736084 8.12452125549316 8.13082313537598 8.12646484375 8.10101318359375 8.02958488464355 7.90510606765747 7.86268043518066 7.8766040802002 7.8865442276001 7.89494705200195 7.89687204360962 7.89765405654907 7.89212512969971 7.88613224029541 7.87742328643799 7.86867046356201 7.85977411270142 7.85400056838989 7.85367631912231 7.85334825515747 7.8530158996582 7.85291194915771 7.85294818878174 7.85269832611084 7.85235357284546 7.85282325744629 7.85347557067871 7.8638653755188 7.87396621704102 7.88222503662109 7.88831043243408 7.88834571838379 7.88831758499146 7.88819122314453 7.88790464401245 7.88747119903564 7.88233757019043
-9999 -9999 -9999 -9999 -9999 -9999 8.14041137695312 8.14258098602295 8.14154434204102 8.13316440582275 8.12757015228271 8.13263893127441 8.12326622009277 8.08531665802002 8.01299571990967 7.90101623535156 7.86368894577026 7.87762784957886 7.88729667663574 7.8953161239624 7.89421796798706 7.89151048660278 7.88474178314209 7.87757396697998 7.86782121658325 7.85943126678467 7.85545969009399 7.85288238525391 7.85273742675781 7.85258626937866 7.85242938995361 7.85060977935791 7.84777736663818 7.84705638885498 7.84703922271729 7.84723615646362 7.84751319885254 7.85476875305176 7.86157417297363 7.86551332473755 7.86853885650635 7.86902093887329 7.86964082717896 7.87047433853149 7.87040090560913 7.86949586868286 7.86663150787354
-9999 -9999 -9999 -9999 -9999 8.12961959838867 8.13421249389648 8.13347339630127 8.13687324523926 8.13256549835205 8.12966251373291 8.1321382522583 8.11646366119385 8.06487560272217 7.99277400970459 7.89700317382812 7.86617660522461 7.87995004653931 7.88906002044678 7.89636993408203 7.89172410964966 7.88496923446655 7.87620258331299 7.86732864379883 7.85792779922485 7.8507137298584 7.85058879852295 7.85049867630005 7.8504695892334 7.85044479370117 7.85042476654053 7.84764766693115 7.84319067001343 7.84225511550903 7.84249353408813 7.84250164031982 7.8425087928772 7.84678554534912 7.85056447982788 7.85116910934448 7.85183000564575 7.85264682769775 7.85373783111572 7.85525369644165 7.85557842254639 7.85481023788452 7.85397815704346
-9999 -9999 -9999 -9999 8.13097476959229 8.13003921508789 8.12961959838867 8.13117694854736 8.13254547119141 8.13073825836182 8.12824821472168 8.12314128875732 8.0964469909668 8.02703666687012 7.95922899246216 7.89327144622803 7.87408971786499 7.88703155517578 7.89453220367432 7.89993238449097 7.88981914520264 7.87696838378906 7.86342477798462 7.85089778900146 7.84696769714355 7.84390926361084 7.84367656707764 7.84347534179688 7.84332942962646 7.84324407577515 7.84322166442871 7.84226703643799 7.84074401855469 7.84053564071655 7.84076547622681 7.84089231491089 7.84101724624634 7.84288740158081 7.84462356567383 7.84550619125366 7.846351146698 7.84709167480469 7.8480052947998 7.84918642044067 7.8505859375 7.85218620300293 7.85252094268799
