Ecospace-environmental-drivers/Outputs/ASCII-for-ecospace/MOM6-ISIMIP3a/ph-bot/1995-02_ph-bot_MOM6-ISIMIP3a.asc
NCOLS 131 
NROWS 53 
XLLCORNER -98 
YLLCORNER 23.9265270233154 
CELLSIZE 0.133587792515755 
NODATA_value -9999 
[rows 21 to 41 of 53, columns 47 to 93 of 131]
8.16888809204102 8.16692161560059 8.16511058807373 8.16488838195801 8.16477584838867 8.16326427459717 8.16225719451904 8.1638126373291 8.16534423828125 8.16682052612305 8.16778373718262 8.16804313659668 8.15985774993896 8.14476203918457 8.0696325302124 7.96606636047363 7.90981721878052 7.86487436294556 7.86500692367554 7.86818218231201 7.87057256698608 7.87551975250244 7.89116525650024 7.90033388137817 7.89582824707031 7.89194774627686 7.88883113861084 7.88676595687866 7.88546705245972 7.88024187088013 7.87339115142822 7.87225294113159 7.87223815917969 7.88077783584595 7.88952445983887 7.89719247817993 7.89975595474243 7.88437271118164 7.87200307846069 7.86523008346558 7.86199283599854 7.86260795593262 7.86790180206299 7.87622261047363 7.89498662948608 7.91750240325928 7.95699501037598
8.16113185882568 8.1584415435791 8.15543556213379 8.15534973144531 8.15551853179932 8.15450859069824 8.14972877502441 8.1257791519165 8.10923099517822 8.11055374145508 8.09954166412354 8.07159328460693 8.04849720001221 8.02937316894531 7.97919845581055 7.91431522369385 7.88426494598389 7.86253786087036 7.87023830413818 7.87946176528931 7.88141965866089 7.88497161865234 7.89519643783569 7.90014171600342 7.8939414024353 7.88968563079834 7.88780641555786 7.88465452194214 7.88057565689087 7.87631177902222 7.87197160720825 7.87060403823853 7.86982107162476 7.871666431427 7.87381315231323 7.87795305252075 7.88012981414795 7.87540531158447 7.87432765960693 7.8800220489502 7.88050031661987 7.87529516220093 7.87315273284912 7.87299156188965 7.87967920303345 7.88882732391357 7.91940689086914
8.1473331451416 8.14339733123779 8.13851833343506 8.1385383605957 8.13900566101074 8.13800239562988 8.12921714782715 8.08083915710449 8.04692649841309 8.04794216156006 8.02538108825684 7.97045183181763 7.93365430831909 7.91169118881226 7.88745450973511 7.86214065551758 7.85978269577026 7.8629093170166 7.87790441513062 7.89271974563599 7.89304971694946 7.89420413970947 7.89881038665771 7.8995475769043 7.89211702346802 7.88771152496338 7.88700342178345 7.88265609741211 7.87565803527832 7.87232446670532 7.87050819396973 7.86918163299561 7.86795043945312 7.86255884170532 7.8575177192688 7.85740900039673 7.85873985290527 7.86513137817383 7.87573146820068 7.8941478729248 7.89896440505981 7.88896322250366 7.88057565689087 7.87323188781738 7.86808252334595 7.86372137069702 7.88478565216064
8.03371524810791 8.02199363708496 8.00693321228027 8.0059642791748 8.00608158111572 7.9965705871582 7.98506212234497 7.96338891983032 7.94733047485352 7.94482851028442 7.93310403823853 7.9087176322937 7.89240312576294 7.88269329071045 7.87438726425171 7.86674737930298 7.87062883377075 7.87726354598999 7.88721227645874 7.89684581756592 7.89857769012451 7.90031814575195 7.90209341049194 7.90077590942383 7.89292812347412 7.88829898834229 7.88760328292847 7.88280725479126 7.87502431869507 7.87156534194946 7.86989688873291 7.86648321151733 7.86272621154785 7.85975885391235 7.85706567764282 7.85676527023315 7.85709524154663 7.85964441299438 7.86413478851318 7.87223100662231 7.87408351898193 7.86913299560547 7.87130784988403 7.87809324264526 7.87863445281982 7.87693214416504 7.87933588027954
7.93590593338013 7.91990852355957 7.89912462234497 7.89767742156982 7.89766645431519 7.88299560546875 7.8707103729248 7.87055921554565 7.86900186538696 7.86404895782471 7.86142253875732 7.86198902130127 7.86238145828247 7.86263179779053 7.86680698394775 7.87284183502197 7.88049602508545 7.88853693008423 7.89398765563965 7.89909267425537 7.9017539024353 7.90378999710083 7.90321159362793 7.90046358108521 7.89313650131226 7.88879919052124 7.88811635971069 7.88290119171143 7.87438488006592 7.87078714370728 7.86922693252563 7.86422157287598 7.85853910446167 7.85755634307861 7.8567795753479 7.85632038116455 7.85582590103149 7.85520839691162 7.85466241836548 7.85424947738647 7.85362529754639 7.85277080535889 7.86246109008789 7.87897396087646 7.88364458084106 7.88406181335449 7.87517118453979
7.90741872787476 7.90253210067749 7.89557027816772 7.89588212966919 7.8967170715332 7.89156532287598 7.88703775405884 7.88568353652954 7.88392686843872 7.8811993598938 7.88004684448242 7.8810567855835 7.88159799575806 7.88175487518311 7.88328313827515 7.88546085357666 7.88606929779053 7.88630294799805 7.88966131210327 7.89310264587402 7.89461660385132 7.895676612854 7.89483451843262 7.89339685440063 7.89070272445679 7.88891935348511 7.88824987411499 7.88274526596069 7.87371873855591 7.86992454528809 7.86829805374146 7.8638744354248 7.85890102386475 7.85797119140625 7.85721969604492 7.85674953460693 7.85620164871216 7.85538148880005 7.85450458526611 7.85352230072021 7.8525595664978 7.85161733627319 7.85546064376831 7.8624005317688 7.86435842514038 7.86452627182007 7.87664270401001
7.89043140411377 7.89252328872681 7.89435863494873 7.89568328857422 7.89695167541504 7.89811229705811 7.89883518218994 7.89732789993286 7.89588832855225 7.89461040496826 7.89426469802856 7.89519882202148 7.89517307281494 7.89436197280884 7.89358043670654 7.89281225204468 7.88930988311768 7.88515377044678 7.88702535629272 7.88921880722046 7.89007616043091 7.89052772521973 7.88927936553955 7.88814210891724 7.88723993301392 7.88643789291382 7.88575839996338 7.8807168006897 7.87249755859375 7.86830615997314 7.86578273773193 7.86256980895996 7.8592209815979 7.85840797424316 7.85771131515503 7.85723114013672 7.85663795471191 7.8556489944458 7.85450172424316 7.85306167602539 7.85179948806763 7.85073089599609 7.85050201416016 7.85081672668457 7.85092115402222 7.85095071792603 7.87489557266235
7.89853477478027 7.89858961105347 7.8982572555542 7.89896631240845 7.89977025985718 7.90024662017822 7.90074872970581 7.90138149261475 7.90138339996338 7.89986324310303 7.8988676071167 7.89859247207642 7.89644002914429 7.89275121688843 7.8903956413269 7.888671875 7.88746070861816 7.88637256622314 7.8880763053894 7.88993120193481 7.89120101928711 7.89184713363647 7.8898811340332 7.88684129714966 7.88153266906738 7.87827968597412 7.87753868103027 7.8746018409729 7.87006568908691 7.86503791809082 7.85980653762817 7.85917520523071 7.85944843292236 7.85889387130737 7.85831737518311 7.85782766342163 7.85720634460449 7.85612201690674 7.8548378944397 7.85318231582642 7.85170650482178 7.85042715072632 7.84999799728394 7.8501181602478 7.85024738311768 7.8503794670105 7.86612462997437
7.90226888656616 7.9008936882019 7.89916372299194 7.89909648895264 7.89923143386841 7.90021085739136 7.90133094787598 7.90316581726074 7.903892993927 7.90194416046143 7.89988803863525 7.89768314361572 7.89374923706055 7.8884015083313 7.88556432723999 7.8839168548584 7.88375997543335 7.88395881652832 7.88541603088379 7.88695096969604 7.88836574554443 7.88917875289917 7.88747549057007 7.88417768478394 7.87751340866089 7.87338256835938 7.87234878540039 7.87066268920898 7.86850166320801 7.86303043365479 7.85618829727173 7.85720539093018 7.85976696014404 7.85949611663818 7.85908794403076 7.85836124420166 7.85750102996826 7.85617113113403 7.85472583770752 7.85306453704834 7.85154485702515 7.85017919540405 7.84961795806885 7.84957790374756 7.84971189498901 7.84990835189819 7.85857343673706
7.9005069732666 7.89846467971802 7.89630460739136 7.89525985717773 7.89446878433228 7.89744472503662 7.90023708343506 7.90209627151489 7.9026460647583 7.90003538131714 7.89640045166016 7.89135980606079 7.88608026504517 7.88060569763184 7.87866115570068 7.87838935852051 7.87772846221924 7.87697458267212 7.87808609008789 7.8793249130249 7.88054752349854 7.88149404525757 7.88128519058228 7.87979936599731 7.87561702728271 7.87258863449097 7.87096977233887 7.86946058273315 7.8680305480957 7.86261034011841 7.85553741455078 7.85702753067017 7.86020088195801 7.86024570465088 7.86006498336792 7.85881567001343 7.85745191574097 7.85568714141846 7.85404920578003 7.85264730453491 7.85129594802856 7.85000038146973 7.84939479827881 7.84923696517944 7.84935140609741 7.84956407546997 7.8525562286377
7.89876747131348 7.89628648757935 7.89372539520264 7.89302015304565 7.89261865615845 7.89528322219849 7.89767360687256 7.89866924285889 7.8985595703125 7.89578199386597 7.8912525177002 7.88431739807129 7.87906551361084 7.87519121170044 7.87403631210327 7.87416982650757 7.87346124649048 7.87255144119263 7.87345600128174 7.87450838088989 7.87589359283447 7.8771653175354 7.87796354293823 7.87763833999634 7.87494277954102 7.87260150909424 7.87069368362427 7.86917209625244 7.86793231964111 7.86291456222534 7.85633277893066 7.85763359069824 7.86048412322998 7.86054658889771 7.8603663444519 7.85882377624512 7.85719680786133 7.85527372360229 7.85359573364258 7.85237312316895 7.85116004943848 7.84995698928833 7.84933471679688 7.84908771514893 7.84910249710083 7.84921073913574 7.8487548828125
7.89704418182373 7.89429569244385 7.89135599136353 7.89197874069214 7.89295291900635 7.8935751914978 7.89400768280029 7.89347410202026 7.89234304428101 7.8897705078125 7.88485860824585 7.87673616409302 7.87254190444946 7.87156295776367 7.8711199760437 7.87093162536621 7.87051725387573 7.87004899978638 7.87085056304932 7.87179899215698 7.87361240386963 7.87535333633423 7.87679290771484 7.87714052200317 7.87518501281738 7.87321996688843 7.87124443054199 7.86956977844238 7.86811399459839 7.86376285552979 7.85821294784546 7.85882759094238 7.8606538772583 7.86051177978516 7.86016178131104 7.85849761962891 7.85678720474243 7.85491323471069 7.8533091545105 7.85220623016357 7.85110855102539 7.85001564025879 7.84939622879028 7.84908294677734 7.84893703460693 7.8488507270813 7.84661483764648
7.89499807357788 7.89311265945435 7.89111566543579 7.89208269119263 7.89327192306519 7.89225625991821 7.89074611663818 7.88672018051147 7.88331365585327 7.88140153884888 7.87694883346558 7.86900901794434 7.86547946929932 7.86555910110474 7.86557865142822 7.86556911468506 7.86557102203369 7.86557531356812 7.8663272857666 7.86726713180542 7.87019205093384 7.87284183502197 7.87433624267578 7.87493419647217 7.87363958358765 7.87215948104858 7.87045335769653 7.86909627914429 7.86799335479736 7.86425399780273 7.85942316055298 7.8591046333313 7.85967302322388 7.85929012298584 7.85879611968994 7.85756254196167 7.85626697540283 7.85475301742554 7.85337448120117 7.8522481918335 7.85114336013794 7.85006237030029 7.84944152832031 7.84911918640137 7.84890937805176 7.84873962402344 7.84592294692993
7.89281272888184 7.89227533340454 7.8917875289917 7.89267778396606 7.89358377456665 7.89110326766968 7.88765716552734 7.87929821014404 7.87307786941528 7.87202215194702 7.86838960647583 7.86121940612793 7.8581862449646 7.8585376739502 7.85891151428223 7.8592963218689 7.85976648330688 7.86025762557983 7.86098194122314 7.86195373535156 7.86628437042236 7.87002992630005 7.87132883071899 7.87199544906616 7.87132835388184 7.87037944793701 7.86908721923828 7.86824941635132 7.86774301528931 7.8645920753479 7.8603458404541 7.85898876190186 7.85819911956787 7.85755968093872 7.85693264007568 7.8563666343689 7.85569953918457 7.85467863082886 7.853590965271 7.852379322052 7.85121583938599 7.85010385513306 7.84948015213013 7.84917259216309 7.8489408493042 7.84873580932617 7.84585094451904
7.89156007766724 7.89132022857666 7.8910493850708 7.89155960083008 7.89206123352051 7.89017105102539 7.88640451431274 7.8730936050415 7.86343336105347 7.86258792877197 7.86039876937866 7.85636472702026 7.85480308532715 7.85526418685913 7.8557186126709 7.8561692237854 7.85671806335449 7.85729074478149 7.85808849334717 7.85905027389526 7.86216878890991 7.86488676071167 7.86592960357666 7.86652088165283 7.8661584854126 7.86559677124023 7.86479091644287 7.86415529251099 7.86364459991455 7.861403465271 7.85844612121582 7.85708379745483 7.85603523254395 7.85538291931152 7.85478162765503 7.85453271865845 7.85420417785645 7.85359621047974 7.85291910171509 7.8521146774292 7.85113954544067 7.84997892379761 7.84938049316406 7.84914541244507 7.84896945953369 7.84881448745728 7.84588861465454
7.89050006866455 7.89034080505371 7.89001941680908 7.89008712768555 7.89015960693359 7.88928461074829 7.88553237915039 7.8671407699585 7.85391044616699 7.85314178466797 7.85252523422241 7.85211706161499 7.85222864151001 7.85276651382446 7.85324382781982 7.85369253158569 7.85423994064331 7.85481071472168 7.85570240020752 7.85664510726929 7.85801029205322 7.85926103591919 7.86003541946411 7.86052131652832 7.86039781570435 7.86019229888916 7.85988759994507 7.85938930511475 7.8587498664856 7.85748529434204 7.85596227645874 7.85480928421021 7.85372877120972 7.85311412811279 7.85257148742676 7.85256719589233 7.85251712799072 7.85230541229248 7.85206413269043 7.85176801681519 7.85103321075439 7.84981966018677 7.84925174713135 7.84910202026367 7.84899759292603 7.84890985488892 7.84594869613647
7.88344955444336 7.88204002380371 7.8812108039856 7.88093614578247 7.88051462173462 7.87459707260132 7.86774492263794 7.85614061355591 7.84790134429932 7.84778594970703 7.84859848022461 7.85068416595459 7.85174512863159 7.85196781158447 7.85216903686523 7.85235977172852 7.85261249542236 7.85288000106812 7.85350561141968 7.85418128967285 7.8552303314209 7.85620927810669 7.85689735412598 7.85733079910278 7.85722780227661 7.85710859298706 7.85697031021118 7.85664129257202 7.85617351531982 7.85495662689209 7.85342884063721 7.85260438919067 7.85191774368286 7.85154104232788 7.85120916366577 7.85120868682861 7.85117769241333 7.85103940963745 7.85095167160034 7.85095739364624 7.85059213638306 7.84982299804688 7.84939575195312 7.84918975830078 7.84907197952271 7.84898614883423 7.84608221054077
7.87568330764771 7.87315702438354 7.87186241149902 7.87130260467529 7.87045860290527 7.85991477966309 7.85033082962036 7.8456335067749 7.84245872497559 7.84296274185181 7.84501028060913 7.84917783737183 7.85112380981445 7.85125255584717 7.85125255584717 7.85119152069092 7.85115575790405 7.85112524032593 7.85147190093994 7.8518705368042 7.85265254974365 7.85339736938477 7.85398817062378 7.85435962677002 7.85426759719849 7.85421514511108 7.8542103767395 7.85404300689697 7.85375690460205 7.85259389877319 7.85106801986694 7.85056972503662 7.85027313232422 7.85012578964233 7.84999656677246 7.84998941421509 7.84996461868286 7.84987926483154 7.84991455078125 7.85017395019531 7.85015058517456 7.84981918334961 7.84953260421753 7.84927463531494 7.84914302825928 7.8490571975708 7.8462061882019
7.86314487457275 7.86155843734741 7.86047172546387 7.86018657684326 7.85971117019653 7.85188484191895 7.84498405456543 7.84279251098633 7.84138298034668 7.84186363220215 7.84314823150635 7.84553813934326 7.84803152084351 7.85061025619507 7.85135507583618 7.85123157501221 7.85110950469971 7.85098743438721 7.85108661651611 7.85121583938599 7.85157012939453 7.85191249847412 7.85220670700073 7.85238218307495 7.85230875015259 7.85224294662476 7.8521876335144 7.85207843780518 7.85193014144897 7.85133981704712 7.85056734085083 7.85031747817993 7.85017108917236 7.85006618499756 7.84997177124023 7.8499641418457 7.84993505477905 7.84983205795288 7.8498010635376 7.84990406036377 7.84986066818237 7.84965801239014 7.84945869445801 7.84926176071167 7.84915590286255 7.84908294677734 7.84618663787842
7.85306930541992 7.8519344329834 7.8506236076355 7.85041618347168 7.8501410484314 7.84498167037964 7.84062671661377 7.84036445617676 7.84029722213745 7.84070158004761 7.84133863449097 7.84229516983032 7.8449535369873 7.84900379180908 7.85021352767944 7.85007810592651 7.84992504119873 7.84976863861084 7.84968900680542 7.84962272644043 7.84967041015625 7.84972143173218 7.84978437423706 7.8498067855835 7.84974384307861 7.84968090057373 7.84961843490601 7.84957981109619 7.84955978393555 7.84941864013672 7.84922742843628 7.84916687011719 7.84913158416748 7.84907579421997 7.84903144836426 7.84910440444946 7.84914207458496 7.84905481338501 7.8491268157959 7.84949350357056 7.84963178634644 7.84951972961426 7.84938812255859 7.8492431640625 7.84889364242554 7.84847116470337 7.84578943252563
7.85202550888062 7.84955072402954 7.84643030166626 7.84557962417603 7.84488725662231 7.84220886230469 7.83989667892456 7.83945083618164 7.83917474746704 7.83930969238281 7.83972024917603 7.84050846099854 7.84192752838135 7.84386301040649 7.84451103210449 7.84454965591431 7.84456920623779 7.84458446502686 7.84458065032959 7.84458780288696 7.84477519989014 7.84494066238403 7.84501314163208 7.84503650665283 7.84495735168457 7.84495496749878 7.84504556655884 7.8451247215271 7.84519577026367 7.8450493812561 7.84481287002563 7.84471988677979 7.84465551376343 7.84467315673828 7.84473371505737 7.84518623352051 7.84555006027222 7.84560441970825 7.84639883041382 7.84856843948364 7.8496241569519 7.84946537017822 7.84932708740234 7.84920263290405 7.84762287139893 7.84552049636841 7.84400653839111
