Ecospace-environmental-drivers/Outputs/ASCII-for-ecospace/MOM6-ISIMIP3a/ph-bot/1995-07_ph-bot_MOM6-ISIMIP3a.asc
NCOLS 131 
NROWS 53 
XLLCORNER -98 
YLLCORNER 23.9265270233154 
CELLSIZE 0.133587792515755 
NODATA_value -9999 
[rows 21 to 41 of 53, columns 0 to 46 of 131]
-9999 -9999 -9999 -9999 -9999 -9999 8.11669731140137 8.11568832397461 8.11288070678711 8.10855960845947 8.10237121582031 8.09624099731445 8.09687423706055 8.09876155853271 8.1001501083374 8.10096549987793 8.10022735595703 8.09842109680176 8.10192680358887 8.10748195648193 8.11166763305664 8.1156120300293 8.11479187011719 8.11390209197998 8.11329460144043 8.11295413970947 8.1134786605835 8.11434173583984 8.11579704284668 8.1159553527832 8.11478042602539 8.11318778991699 8.1113395690918 8.11143684387207 8.1121826171875 8.11547374725342 8.11910724639893 8.12155628204346 8.1238489151001 8.12514209747314 8.1263484954834 8.12731075286865 8.1263484954834 8.12241172790527 8.12102127075195 8.12196731567383 8.123779296875
-9999 -9999 -9999 -9999 -9999 -9999 8.11680603027344 8.11669731140137 8.11467933654785 8.11158847808838 8.10855960845947 8.10231399536133 8.09825038909912 8.09850311279297 8.09961700439453 8.10172557830811 8.10345649719238 8.10492897033691 8.10861873626709 8.11316299438477 8.11689281463623 8.12047863006592 8.12105369567871 8.1215124130249 8.12154769897461 8.12166404724121 8.12204074859619 8.12255668640137 8.12331295013428 8.12345504760742 8.12296485900879 8.12208557128906 8.12096881866455 8.12120723724365 8.12189865112305 8.1231517791748 8.12448501586914 8.12615585327148 8.12775325775146 8.12888050079346 8.12992572784424 8.1307430267334 8.13050174713135 8.12862396240234 8.12801837921143 8.12858009338379 8.12949752807617
-9999 -9999 -9999 -9999 8.11538791656494 8.11617469787598 8.11701488494873 8.11670684814453 8.11669731140137 8.11266040802002 8.10843753814697 8.1035041809082 8.09979915618896 8.09852313995361 8.09942150115967 8.10282802581787 8.10696697235107 8.11160945892334 8.1154670715332 8.11902236938477 8.12172889709473 8.12428569793701 8.12444305419922 8.12461090087891 8.12531185150146 8.12588977813721 8.12606525421143 8.1265811920166 8.12769222259521 8.12855434417725 8.1291618347168 8.12923145294189 8.12897396087646 8.12940311431885 8.13006019592285 8.129225730896 8.12819194793701 8.12813472747803 8.12808609008789 8.12809276580811 8.12805080413818 8.12787342071533 8.12788391113281 8.1281852722168 8.12832641601562 8.12831974029541 8.12817287445068
-9999 -9999 -9999 -9999 8.11379146575928 8.11456966400146 8.11533355712891 8.11701488494873 8.1164083480835 8.1086893081665 8.10251903533936 8.10227394104004 8.10372829437256 8.10854816436768 8.11328506469727 8.11792659759521 8.12118148803711 8.12348365783691 8.12547492980957 8.12734603881836 8.12194728851318 8.11526584625244 8.08029270172119 8.04862785339355 8.04969596862793 8.05062198638916 8.05108642578125 8.05889892578125 8.07953453063965 8.09823131561279 8.11493396759033 8.1210470199585 8.12070941925049 8.12077331542969 8.1209716796875 8.11999225616455 8.11874580383301 8.10295963287354 8.08716773986816 8.07134532928467 8.05593299865723 8.04166412353516 8.03319835662842 8.03369903564453 8.03373336791992 8.03333854675293 8.03295707702637
-9999 -9999 -9999 -9999 -9999 8.11379146575928 8.11213874816895 8.1136531829834 8.11281394958496 8.10384845733643 8.0977201461792 8.10245609283447 8.10854816436768 8.11732578277588 8.12112522125244 8.11917877197266 8.11477947235107 8.10869598388672 8.107666015625 8.10858821868896 8.09771633148193 8.08476257324219 8.02758312225342 7.97580432891846 7.97710084915161 7.97826480865479 7.97899866104126 7.99151611328125 8.02459812164307 8.0541296005249 8.08000659942627 8.08934879302979 8.08861637115479 8.08832454681396 8.08817958831787 8.08712100982666 8.0857629776001 8.06028652191162 8.03482532501221 8.00946712493896 7.9847583770752 7.96185970306396 7.94816875457764 7.94870710372925 7.94866609573364 7.94809246063232 7.94796705245972
-9999 -9999 -9999 -9999 -9999 8.11429882049561 8.11379146575928 8.10409545898438 8.0947265625 8.09518623352051 8.0978307723999 8.10883140563965 8.11726760864258 8.12063121795654 8.10254764556885 8.05971813201904 8.01798343658447 7.97700214385986 7.96788787841797 7.97107934951782 7.96627616882324 7.9600625038147 7.93734216690063 7.91683197021484 7.91774988174438 7.91866827011108 7.91958665847778 7.92545032501221 7.93994331359863 7.94961261749268 7.95431900024414 7.95454454421997 7.9520411491394 7.95143270492554 7.95145654678345 7.9506049156189 7.94957685470581 7.94088745117188 7.93238735198975 7.92508983612061 7.91771793365479 7.91013860702515 7.90548229217529 7.90534257888794 7.9053635597229 7.9055323600769 7.90780830383301
-9999 -9999 8.11497592926025 8.11499691009521 8.11514282226562 8.11480712890625 8.11429786682129 8.09758567810059 8.08210849761963 8.09111595153809 8.10112190246582 8.11494922637939 8.12170886993408 8.1144847869873 8.0754566192627 7.99973011016846 7.9364595413208 7.88174295425415 7.87106323242188 7.87738800048828 7.87759637832642 7.87672519683838 7.87746334075928 7.87823724746704 7.87901449203491 7.8799033164978 7.88115119934082 7.88243436813354 7.88377952575684 7.88010454177856 7.87126398086548 7.86580514907837 7.8624062538147 7.86159229278564 7.86163949966431 7.86098384857178 7.86025905609131 7.86340618133545 7.86678075790405 7.87160444259644 7.87579727172852 7.87823629379272 7.87966442108154 7.87953042984009 7.87976551055908 7.88033962249756 7.88369369506836
-9999.000000000000000 -9999 -9999 -9999 8.11504173278809 8.115478515625 8.11578845977783 8.09772872924805 8.08142566680908 8.0970630645752 8.11135578155518 8.12050437927246 8.11681461334229 8.08771800994873 8.02978992462158 7.93859338760376 7.88825654983521 7.86597919464111 7.86795711517334 7.87930011749268 7.88221168518066 7.88363552093506 7.88383007049561 7.88410329818726 7.88525867462158 7.88658809661865 7.88848209381104 7.88971138000488 7.88977861404419 7.88697862625122 7.88122749328613 7.87757062911987 7.87518978118896 7.8744101524353 7.87416410446167 7.87368202209473 7.87320137023926 7.87738132476807 7.88153409957886 7.88551807403564 7.88868427276611 7.88957452774048 7.89065074920654 7.892014503479 7.89279508590698 7.89303970336914 7.8945837020874
-9999 -9999 -9999 -9999 8.11468315124512 8.11483955383301 8.11550521850586 8.09828472137451 8.08300399780273 8.10152053833008 8.11729621887207 8.12258052825928 8.10765171051025 8.05272769927979 7.98331069946289 7.89716958999634 7.86125946044922 7.85984563827515 7.86905860900879 7.88237476348877 7.88717222213745 7.89046669006348 7.8908109664917 7.89116621017456 7.89215755462646 7.8933162689209 7.89502000808716 7.89574718475342 7.89477157592773 7.89280796051025 7.88982725143433 7.88768625259399 7.88605642318726 7.88557720184326 7.88548135757446 7.88537836074829 7.88530015945435 7.88886880874634 7.89235305786133 7.89529991149902 7.89747047424316 7.89748096466064 7.89803981781006 7.89944696426392 7.90021800994873 7.9004054069519 7.90068769454956
-9999 -9999 -9999 -9999 8.11428451538086 8.11373043060303 8.11304569244385 8.09935855865479 8.08742618560791 8.10410499572754 8.11783504486084 8.12027740478516 8.09311962127686 8.00739192962646 7.93580865859985 7.88054513931274 7.86094188690186 7.8658275604248 7.87545394897461 7.88691139221191 7.89256715774536 7.89719915390015 7.89856433868408 7.89973449707031 7.89988040924072 7.9000997543335 7.90055894851685 7.90022230148315 7.89849853515625 7.89732265472412 7.89671182632446 7.8957257270813 7.8945107460022 7.89466714859009 7.8952808380127 7.89581346511841 7.89633750915527 7.89722681045532 7.89822101593018 7.89988231658936 7.90109729766846 7.90107011795044 7.90090370178223 7.90052366256714 7.9005880355835 7.90106010437012 7.90076971054077
-9999 -9999 -9999 -9999 8.11373043060303 8.11290168762207 8.11192893981934 8.10077571868896 8.09099388122559 8.10417938232422 8.11533737182617 8.11872959136963 8.09388828277588 8.01317977905273 7.94146394729614 7.88012361526489 7.86233901977539 7.87446594238281 7.88410711288452 7.89278841018677 7.89727210998535 7.90101528167725 7.90264081954956 7.90404367446899 7.90397357940674 7.9039626121521 7.90414190292358 7.90360116958618 7.90180397033691 7.90105867385864 7.90139532089233 7.90105819702148 7.90031099319458 7.90059423446655 7.90122032165527 7.90170907974243 7.90217351913452 7.90185594558716 7.9016695022583 7.90231847763062 7.90253639221191 7.90155506134033 7.90060949325562 7.89971971511841 7.89966440200806 7.90037441253662 7.89996337890625
-9999 -9999 -9999 -9999 8.11285400390625 8.11192893981934 8.10418033599854 8.10245037078857 8.09392070770264 8.10237216949463 8.11056137084961 8.11774730682373 8.10613059997559 8.05731105804443 7.98698759078979 7.89185380935669 7.8650221824646 7.88509607315063 7.8944525718689 7.89967060089111 7.90145969390869 7.90264415740967 7.90396022796631 7.90515804290771 7.90534496307373 7.90563440322876 7.90625762939453 7.90615749359131 7.90479373931885 7.90421009063721 7.90442752838135 7.90436124801636 7.90412092208862 7.90414810180664 7.9042649269104 7.90420055389404 7.90410900115967 7.90368795394897 7.90330266952515 7.90314435958862 7.90233469009399 7.89971208572388 7.89794683456421 7.89750528335571 7.89777040481567 7.89868402481079 7.89849138259888
-9999 -9999 -9999 -9999 8.11192893981934 8.10653495788574 8.10337924957275 8.10156631469727 8.10079479217529 8.10422039031982 8.10876083374023 8.11756801605225 8.11353778839111 8.08410453796387 8.01556015014648 7.90188598632812 7.86741971969604 7.88734912872314 7.89680004119873 7.90220403671265 7.90327787399292 7.90358734130859 7.90351486206055 7.90340137481689 7.90301561355591 7.90281438827515 7.90320873260498 7.90386390686035 7.90497303009033 7.90563249588013 7.90582847595215 7.90571546554565 7.90541410446167 7.90532302856445 7.90530157089233 7.90418863296509 7.90293312072754 7.90273571014404 7.90248918533325 7.90193176269531 7.90065240859985 7.89736413955688 7.89522743225098 7.8948712348938 7.89507913589478 7.8958044052124 7.89571189880371
-9999 -9999 -9999 -9999 -9999 8.10682964324951 8.10665225982666 8.10612106323242 8.10936069488525 8.10763454437256 8.10823440551758 8.11773300170898 8.11887168884277 8.1034688949585 8.03686714172363 7.91119003295898 7.86969518661499 7.88601207733154 7.89571905136108 7.90287446975708 7.90407991409302 7.90423583984375 7.90231275558472 7.90041399002075 7.89910125732422 7.89806890487671 7.89794635772705 7.89949178695679 7.9039478302002 7.90631437301636 7.90653038024902 7.9062352180481 7.90562915802002 7.90547752380371 7.90547752380371 7.90310430526733 7.90042400360107 7.90058946609497 7.90062665939331 7.89984560012817 7.89833641052246 7.89479970932007 7.89248466491699 7.8920578956604 7.89204597473145 7.89241504669189 7.89237213134766
-9999 -9999 -9999 -9999 -9999 8.10990142822266 8.1104564666748 8.11226844787598 8.11194324493408 8.10874557495117 8.10813045501709 8.11739921569824 8.1191463470459 8.10601139068604 8.03996562957764 7.9128680229187 7.87037944793701 7.88599586486816 7.89564609527588 7.90299224853516 7.90430212020874 7.90454721450806 7.90175294876099 7.89881420135498 7.89522409439087 7.89169120788574 7.88834238052368 7.88867712020874 7.89544010162354 7.89905309677124 7.89942502975464 7.89933681488037 7.89896774291992 7.89821720123291 7.89733982086182 7.89605808258057 7.89472961425781 7.89467334747314 7.89471435546875 7.89537239074707 7.89535522460938 7.89345836639404 7.89217042922974 7.89182424545288 7.89143133163452 7.89099550247192 7.89095783233643
-9999 -9999 -9999 -9999 -9999 8.11165714263916 8.11259651184082 8.11297988891602 8.11328792572021 8.10937976837158 8.10811424255371 8.11696243286133 8.11837482452393 8.10507488250732 8.03929710388184 7.91296815872192 7.87073469161987 7.88625383377075 7.89578151702881 7.90299606323242 7.90440464019775 7.90478849411011 7.90132617950439 7.89750146865845 7.89135503768921 7.88497543334961 7.87784051895142 7.87653017044067 7.88538455963135 7.89014863967896 7.89070510864258 7.89090347290039 7.8908839225769 7.88942337036133 7.88748216629028 7.88777828216553 7.88837671279907 7.8879771232605 7.88796329498291 7.89040517807007 7.89223670959473 7.89237022399902 7.89235877990723 7.89212417602539 7.89131641387939 7.88998365402222 7.88994169235229
-9999 -9999 -9999 -9999 -9999 -9999 8.11191940307617 8.11254024505615 8.11232471466064 8.10974025726318 8.10937118530273 8.11748600006104 8.11832714080811 8.10477828979492 8.03800487518311 7.90981912612915 7.86694669723511 7.88266277313232 7.89277362823486 7.90072059631348 7.90155982971191 7.90114545822144 7.89659404754639 7.89166450500488 7.88434267044067 7.87678623199463 7.86847114562988 7.86469984054565 7.86885643005371 7.8710036277771 7.87108325958252 7.87119436264038 7.87132549285889 7.87050628662109 7.86937093734741 7.86986207962036 7.87060976028442 7.87582111358643 7.8810658454895 7.88652610778809 7.89056921005249 7.89066791534424 7.89068174362183 7.89056396484375 7.89008855819702 7.88928508758545 7.88662242889404
-9999 -9999 -9999 -9999 -9999 -9999 8.11059761047363 8.11023712158203 8.11115264892578 8.1099796295166 8.1105899810791 8.11802577972412 8.11792373657227 8.10290622711182 8.035080909729 7.90632390975952 7.86333465576172 7.87924575805664 7.88990879058838 7.89854526519775 7.89857625961304 7.89708852767944 7.89144659042358 7.88542509078979 7.87699556350708 7.86846113204956 7.85958623886108 7.85379552841187 7.85338830947876 7.85299921035767 7.85263013839722 7.85251045227051 7.85254287719727 7.85232734680176 7.85202884674072 7.85261011123657 7.85338163375854 7.86369657516479 7.87368631362915 7.88160562515259 7.88743925094604 7.88746643066406 7.88750600814819 7.88756322860718 7.8874363899231 7.88714027404785 7.88216733932495
-9999 -9999 -9999 -9999 -9999 -9999 8.10904312133789 8.1090145111084 8.10885238647461 8.10906219482422 8.11078071594238 8.1182804107666 8.11337566375732 8.08393001556396 8.01505565643311 7.90068578720093 7.86357736587524 7.87952661514282 7.89007329940796 7.89853286743164 7.89551544189453 7.89047193527222 7.88393306732178 7.87705087661743 7.86758375167847 7.85938930511475 7.8553204536438 7.85262060165405 7.85231065750122 7.85205411911011 7.85185289382935 7.85014629364014 7.8475227355957 7.84685134887695 7.84683084487915 7.84705114364624 7.8473539352417 7.85452222824097 7.86123657226562 7.86505842208862 7.86801528930664 7.86856412887573 7.86923265457153 7.87008666992188 7.87012577056885 7.8694167137146 7.86669206619263
-9999 -9999 -9999 -9999 -9999 8.10837078094482 8.10855484008789 8.10787773132324 8.10751056671143 8.10891819000244 8.11135387420654 8.11772632598877 8.10632801055908 8.05976676940918 7.99055290222168 7.89520215988159 7.86567735671997 7.88135862350464 7.89129447937012 7.89901256561279 7.89262247085571 7.88374328613281 7.87540912628174 7.86699867248535 7.85784959793091 7.85078573226929 7.8504810333252 7.85020208358765 7.84996747970581 7.84982013702393 7.84976243972778 7.84717798233032 7.84305334091187 7.84217166900635 7.84237098693848 7.84233713150024 7.84230184555054 7.84649276733398 7.85020112991333 7.85083675384521 7.85155391693115 7.85249710083008 7.85364484786987 7.85510969161987 7.85551357269287 7.85494422912598 7.85421514511108
-9999 -9999 -9999 -9999 8.10632038116455 8.10763359069824 8.10837078094482 8.10895824432373 8.10968017578125 8.11161231994629 8.11332702636719 8.11421012878418 8.09011173248291 8.01658344268799 7.94963645935059 7.89028453826904 7.87458992004395 7.88887596130371 7.89639282226562 7.90129613876343 7.89034700393677 7.87660121917725 7.86318349838257 7.85079574584961 7.84693479537964 7.84389925003052 7.84353971481323 7.84322309494019 7.84298229217529 7.84285926818848 7.842857837677 7.8419942855835 7.84060478210449 7.8404107093811 7.84061527252197 7.84072113037109 7.8408260345459 7.84266042709351 7.84435272216797 7.84514379501343 7.84595632553101 7.84682703018188 7.84790372848511 7.84929895401001 7.8507981300354 7.85239362716675 7.85273122787476
