Ecospace-environmental-drivers/Outputs/ASCII-for-ecospace/MOM6-ISIMIP3a/ph-bot/1995-12_ph-bot_MOM6-ISIMIP3a.asc
NCOLS 131 
NROWS 53 
XLLCORNER -98 
YLLCORNER 23.9265270233154 
CELLSIZE 0.133587792515755 
NODATA_value -9999 
[rows 0 to 20 of 53, columns 47 to 93 of 131]
-9999 -9999 -9999 -9999 -9999 -9999 -9999 -9999 -9999 -9999 -9999 -9999 -9999 -9999 -9999 -9999 -9999 -9999 -9999 -9999 -9999 -9999 -9999 -9999 -9999 -9999 -9999 -9999 -9999 -9999 -9999 -9999 -9999 -9999 -9999 -9999 -9999 -9999 -9999 -9999 -9999 -9999 -9999 -9999 -9999 -9999 -9999
-9999 -9999 -9999 -9999 -9999 -9999 -9999 -9999 -9999 -9999 -9999 -9999 -9999 -9999 -9999 -9999 -9999 -9999 -9999 -9999 -9999 -9999 -9999 -9999 -9999 -9999 -9999 -9999 -9999 -9999 -9999 -9999 -9999 -9999 -9999 -9999 -9999 -9999 -9999 -9999 -9999 -9999 -9999 -9999 -9999 -9999 -9999
-9999 -9999 -9999 -9999 -9999 -9999 -9999 -9999 -9999 -9999 -9999 -9999 -9999 -9999 -9999 -9999 -9999 -9999 -9999 -9999 -9999 -9999 -9999 -9999 -9999 -9999 -9999 8.2644681930542 8.26888275146484 -9999 -9999 -9999 -9999 -9999 -9999 -9999 -9999 -9999 -9999 -9999 -9999 -9999 -9999 -9999 -9999 -9999 -9999
-9999 -9999 -9999 -9999 -9999 -9999 -9999 -9999 -9999 -9999 -9999 -9999 -9999 -9999 -9999 -9999 -9999 -9999 -9999 -9999 -9999 -9999 -9999 -9999 -9999 -9999 -9999 8.26458644866943 8.26935005187988 -9999 -9999 -9999 -9999 -9999 -9999 -9999 -9999 -9999 -9999 -9999 -9999 -9999 -9999 -9999 -9999 -9999 -9999
-9999 -9999 -9999 -9999 -9999 -9999 -9999 -9999 -9999 -9999 -9999 -9999 -9999 -9999 -9999 -9999 -9999 -9999 8.21103763580322 8.21282005310059 8.21424579620361 8.22256278991699 8.22963809967041 8.24116897583008 8.24890613555908 8.25417041778564 8.25949382781982 8.26474380493164 8.26952171325684 8.27378368377686 -9999 -9999 8.26273727416992 8.24856758117676 8.23288726806641 8.22073268890381 8.21559047698975 8.21581268310547 8.22179508209229 8.23025226593018 8.24074649810791 8.25181484222412 -9999 -9999 -9999 -9999 -9999
-9999 -9999 -9999 -9999 -9999 -9999 -9999 -9999 -9999 -9999 -9999 -9999 -9999 -9999 7.8973217010498 -9999 7.90635395050049 7.91439867019653 8.06438255310059 8.21103763580322 8.21317672729492 8.21424579620361 8.23087882995605 8.24378871917725 8.24883937835693 8.25408935546875 8.25958251953125 8.26480865478516 8.26984024047852 8.27391624450684 8.27759552001953 8.27298927307129 8.26675415039062 8.24846935272217 8.23047828674316 8.21971321105957 8.21200656890869 8.21505165100098 8.22038078308105 8.22995376586914 8.24042129516602 8.25186443328857 8.26315879821777 8.27435779571533 -9999 -9999 -9999
-9999 -9999 -9999 -9999 -9999 -9999 -9999 -9999 -9999 -9999 7.74924421310425 7.74587202072144 7.74342155456543 7.73675727844238 7.81472682952881 7.89692163467407 7.8977222442627 7.90694093704224 7.91439867019653 8.06771183013916 8.21103763580322 8.21424579620361 8.23087882995605 8.24378871917725 8.24883937835693 8.25408935546875 8.25958251953125 8.26480865478516 8.26984024047852 8.27391624450684 8.27759552001953 8.27298927307129 8.26675415039062 8.24846935272217 8.23047828674316 8.21971321105957 8.21200656890869 8.21505165100098 8.22038078308105 8.22995376586914 8.24042129516602 8.25186443328857 8.26315879821777 8.27435779571533 8.27731704711914 8.27682399749756 -9999
-9999 -9999 -9999 -9999 -9999 -9999 -9999 -9999 -9999 -9999 7.76732349395752 7.74924421310425 7.74250030517578 -9999 7.72925138473511 7.81122064590454 7.89612054824829 7.8977222442627 7.90870141983032 7.91439867019653 8.07769870758057 8.21156692504883 8.22225570678711 8.22994518280029 8.23129940032959 8.23540592193604 8.24287509918213 8.24904632568359 8.2542724609375 8.25610828399658 8.25653839111328 8.25050354003906 8.24319839477539 8.22958183288574 8.21622467041016 8.2076940536499 8.20143127441406 8.20314598083496 8.20762157440186 8.2172212600708 8.22701930999756 8.23703384399414 8.24856948852539 8.26109027862549 8.27165031433105 8.2815055847168 8.28140449523926
-9999 -9999 -9999 -9999 -9999 -9999 -9999 -9999 -9999 -9999 -9999 -9999 -9999 -9999 7.73055791854858 7.72144031524658 7.81026077270508 7.89451885223389 7.8977222442627 7.91398286819458 8.07651519775391 8.2085018157959 8.21265125274658 8.21461486816406 8.21196556091309 8.21481990814209 8.22440147399902 8.23159980773926 8.23706340789795 8.2364559173584 8.23333358764648 8.22579765319824 8.21739292144775 8.20886707305908 8.20050430297852 8.19377994537354 8.18866062164307 8.18918514251709 8.19297218322754 8.2028169631958 8.21204662322998 8.22060585021973 8.23244857788086 8.24641609191895 8.26280975341797 8.28007507324219 8.28216552734375
8.17488098144531 -9999 -9999 -9999 -9999 -9999 -9999 -9999 -9999 -9999 8.01564598083496 7.78585481643677 -9999 -9999 -9999 7.72016191482544 7.72189092636108 7.8170108795166 7.89131593704224 7.90142917633057 8.06799507141113 8.20240116119385 8.20221519470215 8.20107173919678 8.19790554046631 8.20015621185303 8.20902729034424 8.21645450592041 8.22283267974854 8.22138214111328 8.21669006347656 8.21053218841553 8.20408630371094 8.19740867614746 8.18875503540039 8.1608715057373 8.14117908477783 8.15028285980225 8.162278175354 8.1796407699585 8.19427490234375 8.20593643188477 8.21939849853516 8.2340259552002 8.24953937530518 8.26537036895752 8.27414798736572
8.17881488800049 8.17939567565918 -9999 -9999 -9999 -9999 -9999 -9999 -9999 -9999 8.13071727752686 7.99613523483276 7.78585481643677 -9999 -9999 7.69529247283936 7.71594858169556 7.75443124771118 7.8256368637085 7.90471935272217 8.06573486328125 8.19509792327881 8.19199562072754 8.18860340118408 8.18459987640381 8.18587684631348 8.19360828399658 8.20099925994873 8.20814228057861 8.20616436004639 8.20040893554688 8.19597148895264 8.19179344177246 8.18361186981201 8.17156505584717 8.12319946289062 8.08980941772461 8.10907077789307 8.13016319274902 8.15465831756592 8.17519855499268 8.19143009185791 8.20676040649414 8.22150897979736 8.23584079742432 8.25002384185791 8.26377868652344
8.17881488800049 8.18055629730225 8.18216514587402 8.18396282196045 -9999 -9999 -9999 -9999 -9999 -9999 -9999 8.10195159912109 7.95683479309082 7.78585481643677 7.74924421310425 7.69529247283936 7.71594858169556 7.75443124771118 7.87160444259644 7.99299240112305 8.0970458984375 8.18133926391602 8.18293380737305 8.18190574645996 8.1753396987915 8.17366027832031 8.17795276641846 8.18387603759766 8.1909875869751 8.1901741027832 8.18607807159424 8.18519592285156 8.18494606018066 8.15726947784424 8.12518692016602 8.05997180938721 8.01758480072021 8.05546188354492 8.09042739868164 8.11998653411865 8.1491231918335 8.17780208587646 8.19633674621582 8.20830821990967 8.2198486328125 8.23123550415039 8.24079895019531
8.17807865142822 8.18107318878174 8.18295288085938 8.18407917022705 -9999 -9999 -9999 -9999 8.16077327728271 8.15027046203613 8.13985824584961 8.12957096099854 8.03642559051514 7.87548685073853 7.79127740859985 7.74341344833374 7.76035737991333 7.79278612136841 7.92850589752197 8.06581878662109 8.12303733825684 8.16926002502441 8.16946601867676 8.16650485992432 8.15685749053955 8.14770030975342 8.13914203643799 8.13480186462402 8.13353538513184 8.13314628601074 8.1331205368042 8.13572216033936 8.13883972167969 8.10166358947754 8.06042098999023 7.99403285980225 7.95272636413574 7.99960613250732 8.04123687744141 8.07311820983887 8.10632228851318 8.14096546173096 8.1655740737915 8.18369007110596 8.19838047027588 8.21184062957764 8.21882915496826
8.17550277709961 8.17913818359375 8.18278884887695 8.18407917022705 8.18485641479492 8.17831230163574 8.17205333709717 8.1672477722168 8.16077327728271 8.15027046203613 8.13985824584961 8.12957096099854 8.07541275024414 7.98536109924316 7.93839550018311 7.9118390083313 7.91578960418701 7.92702913284302 8.01274108886719 8.10002517700195 8.13572692871094 8.16138076782227 8.14498424530029 8.12934875488281 8.11532020568848 8.08738136291504 8.04244327545166 8.00585079193115 7.97533702850342 7.97352266311646 7.98359394073486 7.98949813842773 7.99458360671997 7.97289419174194 7.94968509674072 7.92131757736206 7.90628385543823 7.93813371658325 7.96840953826904 7.99576139450073 8.02170372009277 8.04611015319824 8.08396816253662 8.13053035736084 8.16322040557861 8.19092750549316 8.19938373565674
8.17177486419678 8.17574882507324 8.18062686920166 8.18185710906982 8.18252277374268 8.17804718017578 8.17359447479248 8.16926288604736 8.16302585601807 8.15218448638916 8.14234828948975 8.13389015197754 8.10910892486572 8.07097244262695 8.05038928985596 8.03812026977539 8.0353307723999 8.03480625152588 8.08001136779785 8.1260871887207 8.13911819458008 8.14211654663086 8.10312747955322 8.06919479370117 8.04593563079834 8.01086711883545 7.96136379241943 7.92065525054932 7.8863525390625 7.88484001159668 7.89690732955933 7.90243482589722 7.90667676925659 7.89479732513428 7.88285160064697 7.87609529495239 7.8761510848999 7.90015888214111 7.92342138290405 7.94530010223389 7.96568632125854 7.98444604873657 8.02796077728271 8.08749198913574 8.12889003753662 8.16377258300781 8.17743492126465
8.16641902923584 8.17030143737793 8.17564105987549 8.17649364471436 8.1768913269043 8.17740726470947 8.1773157119751 8.17412948608398 8.1684627532959 8.15680503845215 8.14835739135742 8.14431667327881 8.1353235244751 8.12228107452393 8.11272430419922 8.10481834411621 8.10412979125977 8.10516548156738 8.12329578399658 8.14063453674316 8.12936305999756 8.10675621032715 8.03670692443848 7.97652626037598 7.93718099594116 7.91145324707031 7.90236854553223 7.8973240852356 7.89522266387939 7.89645385742188 7.89906549453735 7.89901304244995 7.89843702316284 7.88834095001221 7.87808799743652 7.86974382400513 7.86907720565796 7.89540529251099 7.91779327392578 7.93286371231079 7.95010471343994 7.96971035003662 8.00814628601074 8.05876541137695 8.09573078155518 8.1277904510498 8.15194988250732
8.16243171691895 8.16508865356445 8.16927051544189 8.17245674133301 8.17548370361328 8.17695331573486 8.17730617523193 8.17197895050049 8.16555118560791 8.15646839141846 8.15085887908936 8.15001678466797 8.14806652069092 8.14520931243896 8.13582324981689 8.12334442138672 8.1228551864624 8.12522983551025 8.12913990020752 8.130051612854 8.08578872680664 8.0373363494873 7.97135019302368 7.91726303100586 7.88829517364502 7.87562656402588 7.88287830352783 7.89038944244385 7.89808893203735 7.89846086502075 7.89579772949219 7.89529323577881 7.89521312713623 7.88465023040771 7.87392950057983 7.86545991897583 7.86367464065552 7.88539361953735 7.90522909164429 7.92156744003296 7.94040775299072 7.96197462081909 7.99317836761475 8.03061676025391 8.06611061096191 8.10090446472168 8.128830909729
8.15959739685059 8.16007423400879 8.16173362731934 8.16953754425049 8.17763519287109 8.17665576934814 8.17415523529053 8.16391849517822 8.15561008453369 8.15195655822754 8.15040397644043 8.1517391204834 8.14946460723877 8.14423847198486 8.12588119506836 8.10130500793457 8.0994119644165 8.10293960571289 8.10345458984375 8.09830570220947 8.01373386383057 7.93923473358154 7.90689086914062 7.88613128662109 7.88982629776001 7.89334726333618 7.89665603637695 7.89726209640503 7.89589929580688 7.8923773765564 7.88796138763428 7.89132213592529 7.89621210098267 7.88328790664673 7.87028121948242 7.86291646957397 7.85967922210693 7.87095355987549 7.88682413101196 7.91123056411743 7.93566656112671 7.96013402938843 7.98229169845581 8.00295448303223 8.03946971893311 8.08167839050293 8.10770320892334
8.15877246856689 8.15780448913574 8.1575345993042 8.16383266448975 8.17051696777344 8.16947555541992 8.16726016998291 8.15907382965088 8.15285110473633 8.15136909484863 8.15071868896484 8.15121078491211 8.14618396759033 8.13664245605469 8.09816265106201 8.04597663879395 8.03286552429199 8.02909088134766 8.02745628356934 8.02142906188965 7.9493293762207 7.88981437683105 7.88296794891357 7.88195943832397 7.89327621459961 7.89945363998413 7.89934921264648 7.89694929122925 7.89287805557251 7.88720369338989 7.88086462020874 7.88773775100708 7.89720773696899 7.88508129119873 7.87264585494995 7.8650050163269 7.85993576049805 7.86390686035156 7.87363767623901 7.89406538009644 7.91696834564209 7.9425687789917 7.96468925476074 7.98455810546875 8.01562118530273 8.050705909729 8.08119010925293
8.1589298248291 8.15687656402588 8.15496921539307 8.15676403045654 8.15886402130127 8.15892791748047 8.15853404998779 8.15580272674561 8.15360641479492 8.15270233154297 8.15140914916992 8.14958095550537 8.1406135559082 8.12580394744873 8.06174468994141 7.97435712814331 7.94522523880005 7.93001270294189 7.92683696746826 7.92246675491333 7.88866853713989 7.86421728134155 7.87888193130493 7.89098119735718 7.89766597747803 7.8998761177063 7.89661741256714 7.89312076568604 7.88945055007935 7.88247489929199 7.8741307258606 7.88434219360352 7.89820146560669 7.88841915130615 7.87795305252075 7.86936044692993 7.86227321624756 7.86047792434692 7.86300468444824 7.87355804443359 7.89144086837769 7.91730880737305 7.94379997253418 7.97069501876831 7.99313926696777 8.01398468017578 8.05204200744629
8.15061664581299 8.14901161193848 8.14728260040283 8.14744758605957 8.14780426025391 8.14809131622314 8.14810276031494 8.14671230316162 8.14507389068604 8.14283657073975 8.14086532592773 8.13925838470459 8.12928009033203 8.11245250701904 8.04658126831055 7.95747852325439 7.9174861907959 7.88922739028931 7.88924884796143 7.8902792930603 7.87772369384766 7.87058591842651 7.88612222671509 7.89684104919434 7.89739084243774 7.8960132598877 7.89228057861328 7.88952255249023 7.88747453689575 7.88114833831787 7.87305068969727 7.87868547439575 7.88702058792114 7.88542461395264 7.88348245620728 7.881751537323 7.87852048873901 7.87001419067383 7.86510705947876 7.8668851852417 7.87457799911499 7.88871669769287 7.90639591217041 7.92636585235596 7.94710874557495 7.96812868118286 8.01003265380859
