Ecospace-environmental-drivers/Outputs/ASCII-for-ecospace/MOM6-ISIMIP3a/ph-bot/1996-12_ph-bot_MOM6-ISIMIP3a.asc
NCOLS 131 
NROWS 53 
XLLCORNER -98 
YLLCORNER 23.9265270233154 
CELLSIZE 0.133587792515755 
NODATA_value -9999 
[rows 21 to 41 of 53, columns 0 to 46 of 131]
-9999 -9999 -9999 -9999 -9999 -9999 8.22875881195068 8.2279052734375 8.22551918029785 8.22234058380127 8.22345352172852 8.23162269592285 8.22782707214355 8.21652030944824 8.20800876617432 8.20272159576416 8.19786930084229 8.19331550598145 8.18873596191406 8.1841459274292 8.18038082122803 8.17676162719727 8.17454624176025 8.17253971099854 8.17200660705566 8.17112922668457 8.1691370010376 8.16726493835449 8.16560363769531 8.16378498077393 8.16180419921875 8.16040515899658 8.1593599319458 8.15869235992432 8.1581506729126 8.15826511383057 8.15847682952881 8.15970134735107 8.16082096099854 8.16127014160156 8.16161060333252 8.16164684295654 8.15536499023438 8.13931846618652 8.1323766708374 8.13379192352295 8.13374519348145
-9999 -9999 -9999 -9999 -9999 -9999 8.22880172729492 8.22875881195068 8.22705078125 8.22392463684082 8.22234058380127 8.21639728546143 8.20875453948975 8.19774913787842 8.18986701965332 8.18558788299561 8.18116188049316 8.17663478851318 8.17285537719727 8.1693639755249 8.1665563583374 8.16386890411377 8.16128063201904 8.15886116027832 8.15783786773682 8.15671062469482 8.15524291992188 8.15320777893066 8.15018081665039 8.14734363555908 8.14469909667969 8.14255332946777 8.14071083068848 8.13915157318115 8.13768672943115 8.13107776641846 8.12381649017334 8.12467384338379 8.1254768371582 8.12593460083008 8.126389503479 8.12683582305908 8.12393665313721 8.11586856842041 8.11263751983643 8.11384582519531 8.11433410644531
-9999 -9999 -9999 -9999 8.22287845611572 8.22676658630371 8.22902679443359 8.22861862182617 8.22875881195068 8.22534370422363 8.21925735473633 8.20294284820557 8.18875026702881 8.17875289916992 8.17180442810059 8.16837215423584 8.16434097290039 8.15989685058594 8.15700721740723 8.15471839904785 8.15203380584717 8.14927959442139 8.1451997756958 8.14138031005859 8.13996315002441 8.13868618011475 8.13786220550537 8.13601779937744 8.13239002227783 8.12925148010254 8.12661743164062 8.12404632568359 8.12151336669922 8.119140625 8.11682033538818 8.10376167297363 8.08932113647461 8.08909225463867 8.08881378173828 8.08822441101074 8.08778953552246 8.08778285980225 8.0880298614502 8.0886697769165 8.08944225311279 8.09033393859863 8.09125804901123
-9999 -9999 -9999 -9999 8.21417617797852 8.22154331207275 8.22450637817383 8.22902679443359 8.22807121276855 8.21590805053711 8.20300579071045 8.18727016448975 8.17379474639893 8.16479206085205 8.15820026397705 8.15438938140869 8.15140914916992 8.14899921417236 8.14772415161133 8.14688873291016 8.12889003753662 8.1078634262085 8.08296203613281 8.06065654754639 8.06069469451904 8.0608491897583 8.06138324737549 8.06556129455566 8.07609939575195 8.08652782440186 8.09684467315674 8.10046768188477 8.10001468658447 8.09940052032471 8.09873390197754 8.09306049346924 8.08666229248047 8.07581233978271 8.06403160095215 8.04631233215332 8.02935886383057 8.01453399658203 8.00563812255859 8.00590705871582 8.00634860992432 8.00694847106934 8.00736808776855
-9999 -9999 -9999 -9999 -9999 8.21417617797852 8.21846580505371 8.21998596191406 8.2241382598877 8.2052755355835 8.18721771240234 8.17224025726318 8.15890026092529 8.14880180358887 8.13924407958984 8.13031196594238 8.12275886535645 8.11615467071533 8.11435413360596 8.11440753936768 8.08687305450439 8.05446910858154 8.01666450500488 7.98292589187622 7.98405933380127 7.98528003692627 7.98678255081177 7.99505376815796 8.01513671875 8.03441905975342 8.05287647247314 8.06003952026367 8.06032276153564 8.06087303161621 8.0615119934082 8.06172943115234 8.06176662445068 8.04487895965576 8.02645492553711 7.99825096130371 7.97117805480957 7.94725513458252 7.93270301818848 7.93263292312622 7.93274784088135 7.93303203582764 7.93331813812256
-9999 -9999 -9999 -9999 -9999 8.21086502075195 8.21417617797852 8.21067333221436 8.20597362518311 8.18939113616943 8.1734619140625 8.16002941131592 8.14427089691162 8.12390995025635 8.09681987762451 8.06196594238281 8.02518558502197 7.98708295822144 7.97536706924438 7.97384023666382 7.96209955215454 7.94855642318726 7.93257093429565 7.9183201789856 7.91897392272949 7.91965436935425 7.92041969299316 7.92432022094727 7.93369197845459 7.94115972518921 7.94666862487793 7.94572830200195 7.94085931777954 7.93996000289917 7.94038391113281 7.93994665145874 7.9393744468689 7.93653249740601 7.93277931213379 7.92322111129761 7.91409111022949 7.90615224838257 7.90122842788696 7.90096282958984 7.90076637268066 7.90063381195068 7.90241146087646
-9999 -9999 8.2043285369873 8.20492935180664 8.20535659790039 8.20755004882812 8.21086883544922 8.20096492767334 8.19004440307617 8.17535877227783 8.16140651702881 8.15026473999023 8.13203811645508 8.09979438781738 8.0557336807251 7.99803686141968 7.94362783432007 7.89147615432739 7.87722539901733 7.87760925292969 7.87769889831543 7.87773704528809 7.87701368331909 7.87639713287354 7.87680768966675 7.87723016738892 7.87769222259521 7.87861680984497 7.88034772872925 7.87939167022705 7.87567043304443 7.86986589431763 7.86279201507568 7.86133337020874 7.86174535751343 7.86114358901978 7.86045074462891 7.8666524887085 7.8724045753479 7.87529325485229 7.87816524505615 7.88099098205566 7.8826584815979 7.88253688812256 7.88235139846802 7.88210773468018 7.88457775115967
-9999.000000000000000 -9999 -9999 -9999 8.20188236236572 8.20316314697266 8.20114135742188 8.19039344787598 8.17899513244629 8.16536521911621 8.15306186676025 8.14583683013916 8.12503528594971 8.07737255096436 8.01756477355957 7.94374227523804 7.89701128005981 7.86888599395752 7.8682017326355 7.87811326980591 7.8813853263855 7.88348627090454 7.88371896743774 7.88396310806274 7.88464593887329 7.8854284286499 7.88653421401978 7.88752555847168 7.8883171081543 7.88633346557617 7.88149452209473 7.87789297103882 7.87504482269287 7.87496757507324 7.87581443786621 7.87611532211304 7.87636995315552 7.88070011138916 7.88468790054321 7.88649749755859 7.88841009140015 7.89061117172241 7.89224624633789 7.89300727844238 7.89353513717651 7.89384937286377 7.89526844024658
-9999 -9999 -9999 -9999 8.19756698608398 8.19493389129639 8.19513034820557 8.18393898010254 8.17205047607422 8.15901374816895 8.14726543426514 8.14044284820557 8.11428546905518 8.04986953735352 7.98007488250732 7.90407276153564 7.86769437789917 7.85852813720703 7.86603879928589 7.87998914718628 7.8857250213623 7.89001178741455 7.89089584350586 7.89167881011963 7.89224147796631 7.89289045333862 7.89381885528564 7.89440774917603 7.89440298080444 7.89228534698486 7.88799428939819 7.88607501983643 7.88560056686401 7.88638734817505 7.88759422302246 7.88823699951172 7.88881731033325 7.89151525497437 7.89399576187134 7.89509010314941 7.89625358581543 7.89761066436768 7.89872312545776 7.8994574546814 7.90007638931274 7.90058898925781 7.90103101730347
-9999 -9999 -9999 -9999 8.19476890563965 8.19460487365723 8.19440269470215 8.18266677856445 8.17026996612549 8.15724658966064 8.14467430114746 8.13383293151855 8.0988187789917 8.0159740447998 7.94343996047974 7.88280296325684 7.86014175415039 7.86356019973755 7.87250804901123 7.88359069824219 7.8908863067627 7.89751386642456 7.89866638183594 7.899582862854 7.89953184127808 7.89942646026611 7.89914512634277 7.89874076843262 7.89811992645264 7.89699220657349 7.89534282684326 7.89445161819458 7.8940224647522 7.89502096176147 7.89649486541748 7.89677381515503 7.89689636230469 7.89826488494873 7.89956092834473 7.90039682388306 7.90107536315918 7.90131330490112 7.90128660202026 7.90085077285767 7.9007773399353 7.90103626251221 7.90059471130371
-9999 -9999 -9999 -9999 8.19460487365723 8.19435977935791 8.19407176971436 8.18314170837402 8.17151546478271 8.15847396850586 8.14580726623535 8.13457202911377 8.10093784332275 8.02298450469971 7.94909238815308 7.87988471984863 7.85905027389526 7.87143611907959 7.88096952438354 7.88940143585205 7.89559507369995 7.90139389038086 7.90273141860962 7.9038143157959 7.90358734130859 7.90325832366943 7.90259742736816 7.9019250869751 7.90123271942139 7.90085887908936 7.90081262588501 7.90064191818237 7.90039587020874 7.90109729766846 7.90211486816406 7.90235471725464 7.90248823165894 7.90283012390137 7.90317487716675 7.90353488922119 7.90347671508789 7.90225505828857 7.90126991271973 7.90065050125122 7.9005241394043 7.90085029602051 7.90004205703735
-9999 -9999 -9999 -9999 8.19434547424316 8.19407176971436 8.18560981750488 8.18492698669434 8.17502975463867 8.16194820404053 8.14973163604736 8.14082050323486 8.11624622344971 8.06067657470703 7.98646068572998 7.89073085784912 7.86280536651611 7.88144445419312 7.89092493057251 7.89686822891235 7.89996385574341 7.90255689620972 7.90401697158813 7.9052906036377 7.90521717071533 7.90506267547607 7.90464448928833 7.90424871444702 7.903892993927 7.90409564971924 7.90487289428711 7.90519237518311 7.90523338317871 7.90525674819946 7.90527391433716 7.90571784973145 7.90621376037598 7.90575742721558 7.90532541275024 7.90504550933838 7.90406322479248 7.90112590789795 7.89931774139404 7.89925575256348 7.89955568313599 7.90018892288208 7.8994026184082
-9999 -9999 -9999 -9999 8.19407176971436 8.1862907409668 8.18250274658203 8.18029975891113 8.17881774902344 8.16573047637939 8.15346336364746 8.14433193206787 8.12470436096191 8.08430671691895 8.01121997833252 7.90041542053223 7.86592435836792 7.88384199142456 7.89328336715698 7.89945220947266 7.90170097351074 7.90325784683228 7.90372848510742 7.904052734375 7.90335178375244 7.90273714065552 7.90240049362183 7.90275621414185 7.90431976318359 7.90549182891846 7.90626001358032 7.90649604797363 7.90640783309937 7.90624332427979 7.9060525894165 7.90546751022339 7.90483093261719 7.9046196937561 7.90435171127319 7.90372037887573 7.90237855911255 7.89905738830566 7.89697408676147 7.89680337905884 7.89695978164673 7.89741611480713 7.89679098129272
-9999 -9999 -9999 -9999 -9999 8.18361568450928 8.1829776763916 8.18228244781494 8.18272399902344 8.16964530944824 8.15711212158203 8.1466703414917 8.13022804260254 8.1019115447998 8.03057479858398 7.90960168838501 7.86877107620239 7.88297748565674 7.89238691329956 7.89994335174561 7.90230989456177 7.90376043319702 7.90276575088501 7.90165185928345 7.89998865127563 7.89864158630371 7.89831781387329 7.89962816238403 7.90378952026367 7.90609884262085 7.90650224685669 7.90640878677368 7.90601253509521 7.90586996078491 7.90581130981445 7.90366840362549 7.90125846862793 7.90173959732056 7.90203905105591 7.90117979049683 7.89971971511841 7.8965859413147 7.89446210861206 7.89389801025391 7.89366579055786 7.89373779296875 7.89333391189575
-9999 -9999 -9999 -9999 -9999 8.18515586853027 8.18536472320557 8.18635082244873 8.18518543243408 8.1718282699585 8.15885639190674 8.14735794067383 8.13101768493652 8.1050968170166 8.03422737121582 7.91149520874023 7.86946535110474 7.88285779953003 7.89203643798828 7.89958810806274 7.90216445922852 7.90386247634888 7.90194225311279 7.89975214004517 7.8959789276123 7.89230489730835 7.88895416259766 7.88915491104126 7.8955545425415 7.8989953994751 7.89939212799072 7.89937782287598 7.89911365509033 7.89837789535522 7.89748477935791 7.89648818969727 7.89548683166504 7.89586734771729 7.89627027511597 7.89681529998779 7.89678764343262 7.89516639709473 7.89392948150635 7.89328527450562 7.89260530471802 7.89189195632935 7.89159250259399
-9999 -9999 -9999 -9999 -9999 8.186203956604 8.18712520599365 8.18746185302734 8.18734741210938 8.17365264892578 8.16020488739014 8.14770317077637 8.13082790374756 8.10529899597168 8.03463077545166 7.91187953948975 7.86971473693848 7.88289165496826 7.8917989730835 7.89905691146851 7.90186262130737 7.90388202667236 7.90114736557007 7.89795684814453 7.89183521270752 7.88550472259521 7.87849760055542 7.87716245651245 7.88572549819946 7.890296459198 7.89075994491577 7.89091014862061 7.890869140625 7.88941335678101 7.88748598098755 7.88819408416748 7.88925933837891 7.88937616348267 7.88978719711304 7.89207315444946 7.893798828125 7.89396476745605 7.89380645751953 7.89314746856689 7.89200735092163 7.89042472839355 7.8902063369751
-9999 -9999 -9999 -9999 -9999 -9999 8.18612003326416 8.1875638961792 8.18639373779297 8.17163562774658 8.15759372711182 8.14628887176514 8.13057041168213 8.10611820220947 8.03466415405273 7.90897846221924 7.86593580245972 7.87964773178101 7.88904190063477 7.89676904678345 7.89926528930664 7.90083885192871 7.89685249328613 7.89236783981323 7.88474655151367 7.87699127197266 7.86880159378052 7.86505842208862 7.86907386779785 7.87113904953003 7.87119770050049 7.87128973007202 7.87140130996704 7.87055110931396 7.86937999725342 7.86997318267822 7.87084341049194 7.87630796432495 7.8817925453186 7.88740491867065 7.89154100418091 7.89156866073608 7.89144992828369 7.89110612869263 7.890456199646 7.88952589035034 7.88694953918457
-9999 -9999 -9999 -9999 -9999 -9999 8.18363761901855 8.18333435058594 8.18483924865723 8.16915988922119 8.15467548370361 8.14476013183594 8.13000297546387 8.10566520690918 8.03339958190918 7.90582990646362 7.86231470108032 7.8765230178833 7.88635206222534 7.89448976516724 7.89649057388306 7.8974084854126 7.8921365737915 7.88634204864502 7.87732362747192 7.86836767196655 7.8596134185791 7.85390043258667 7.85349607467651 7.85313367843628 7.85281467437744 7.85269498825073 7.85269641876221 7.85241270065308 7.85203409194946 7.85242700576782 7.85299682617188 7.86331510543823 7.87336587905884 7.88171005249023 7.8878116607666 7.88767004013062 7.8875994682312 7.88763904571533 7.88749694824219 7.88718795776367 7.88253259658813
-9999 -9999 -9999 -9999 -9999 -9999 8.18230056762695 8.18001461029053 8.17837333679199 8.16362857818604 8.1503791809082 8.14285469055176 8.12617015838623 8.0913610458374 8.01846122741699 7.90160942077637 7.86229801177979 7.87623643875122 7.88557910919189 7.89314699172974 7.89291524887085 7.89130783081055 7.88459777832031 7.87746524810791 7.86774587631226 7.85939407348633 7.85547733306885 7.85289287567139 7.85263395309448 7.85241270065308 7.8522310256958 7.85037183761597 7.84749031066895 7.8467230796814 7.84666061401367 7.84681272506714 7.84704446792603 7.85426616668701 7.86104822158813 7.86503219604492 7.86803674697876 7.86831331253052 7.86887502670288 7.86987638473511 7.86996698379517 7.86922121047974 7.86663913726807
-9999 -9999 -9999 -9999 -9999 8.19446182250977 8.18455123901367 8.18355178833008 8.1718921661377 8.15817451477051 8.14614868164062 8.14059352874756 8.12070941925049 8.07247257232666 7.9993143081665 7.89740133285522 7.86394071578979 7.87749004364014 7.88614559173584 7.89291095733643 7.88968801498413 7.8847017288208 7.87589979171753 7.86698627471924 7.85784006118774 7.85081434249878 7.85066509246826 7.85050964355469 7.85034227371216 7.85022306442261 7.85015296936035 7.84732627868652 7.84282064437866 7.84184408187866 7.84204339981079 7.84203767776489 7.84203386306763 7.84630870819092 7.85008525848389 7.8506908416748 7.85130643844604 7.85194873809814 7.85299968719482 7.85468196868896 7.85516500473022 7.85454702377319 7.85382223129272
-9999 -9999 -9999 -9999 8.21152019500732 8.19892501831055 8.19446182250977 8.18017768859863 8.1653528213501 8.15300559997559 8.14215469360352 8.13702869415283 8.10928153991699 8.03677558898926 7.9647364616394 7.89323806762695 7.87167024612427 7.88439226150513 7.89162397384644 7.89673566818237 7.88773584365845 7.87624549865723 7.86295223236084 7.85063028335571 7.84673166275024 7.84367990493774 7.84337425231934 7.8430814743042 7.84281063079834 7.84264707565308 7.8425931930542 7.84163236618042 7.84011888504028 7.83993673324585 7.8401985168457 7.84034013748169 7.84047746658325 7.84235525131226 7.84409046173096 7.8449182510376 7.84574127197266 7.84655380249023 7.84757041931152 7.8489031791687 7.85036563873291 7.85194730758667 7.85228538513184
