Ecospace-environmental-drivers/Outputs/ASCII-for-ecospace/MOM6-ISIMIP3a/ph-bot/1996-04_ph-bot_MOM6-ISIMIP3a.asc
NCOLS 131 
NROWS 53 
XLLCORNER -98 
YLLCORNER 23.9265270233154 
CELLSIZE 0.133587792515755 
NODATA_value -9999 
[rows 0 to 20 of 53, columns 47 to 93 of 131]
-9999 -9999 -9999 -9999 -9999 -9999 -9999 -9999 -9999 -9999 -9999 -9999 -9999 -9999 -9999 -9999 -9999 -9999 -9999 -9999 -9999 -9999 -9999 -9999 -9999 -9999 -9999 -9999 -9999 -9999 -9999 -9999 -9999 -9999 -9999 -9999 -9999 -9999 -9999 -9999 -9999 -9999 -9999 -9999 -9999 -9999 -9999
-9999 -9999 -9999 -9999 -9999 -9999 -9999 -9999 -9999 -9999 -9999 -9999 -9999 -9999 -9999 -9999 -9999 -9999 -9999 -9999 -9999 -9999 -9999 -9999 -9999 -9999 -9999 -9999 -9999 -9999 -9999 -9999 -9999 -9999 -9999 -9999 -9999 -9999 -9999 -9999 -9999 -9999 -9999 -9999 -9999 -9999 -9999
-9999 -9999 -9999 -9999 -9999 -9999 -9999 -9999 -9999 -9999 -9999 -9999 -9999 -9999 -9999 -9999 -9999 -9999 -9999 -9999 -9999 -9999 -9999 -9999 -9999 -9999 -9999 8.18411350250244 8.18516540527344 -9999 -9999 -9999 -9999 -9999 -9999 -9999 -9999 -9999 -9999 -9999 -9999 -9999 -9999 -9999 -9999 -9999 -9999
-9999 -9999 -9999 -9999 -9999 -9999 -9999 -9999 -9999 -9999 -9999 -9999 -9999 -9999 -9999 -9999 -9999 -9999 -9999 -9999 -9999 -9999 -9999 -9999 -9999 -9999 -9999 8.18474102020264 8.1851053237915 -9999 -9999 -9999 -9999 -9999 -9999 -9999 -9999 -9999 -9999 -9999 -9999 -9999 -9999 -9999 -9999 -9999 -9999
-9999 -9999 -9999 -9999 -9999 -9999 -9999 -9999 -9999 -9999 -9999 -9999 -9999 -9999 -9999 -9999 -9999 -9999 8.08123970031738 8.0851526260376 8.08828258514404 8.10654258728027 8.12255573272705 8.14983654022217 8.16842365264893 8.17848491668701 8.18376350402832 8.18523216247559 8.185227394104 8.18485832214355 -9999 -9999 8.19822120666504 8.20504474639893 8.20844650268555 8.20820045471191 8.20349884033203 8.19795989990234 8.19302082061768 8.19326400756836 8.20185375213623 8.21383571624756 -9999 -9999 -9999 -9999 -9999
-9999 -9999 -9999 -9999 -9999 -9999 -9999 -9999 -9999 -9999 -9999 -9999 -9999 -9999 7.86847019195557 -9999 7.8754711151123 7.88163232803345 7.98410844802856 8.08123970031738 8.08593463897705 8.08828258514404 8.12480354309082 8.15458106994629 8.17012500762939 8.18056488037109 8.18476486206055 8.18596076965332 8.18496990203857 8.18475151062012 8.18485260009766 8.19099140167236 8.19831562042236 8.20535755157471 8.21146202087402 8.20851993560791 8.20462036132812 8.19735622406006 8.19190216064453 8.18980503082275 8.19808483123779 8.21767044067383 8.22575092315674 8.22638607025146 -9999 -9999 -9999
-9999 -9999 -9999 -9999 -9999 -9999 -9999 -9999 -9999 -9999 8.02673053741455 8.02621269226074 8.02549362182617 8.02267551422119 7.94381189346313 7.86815357208252 7.86878681182861 7.8759937286377 7.88163232803345 7.98945283889771 8.08123970031738 8.08828258514404 8.12480354309082 8.15458106994629 8.17012500762939 8.18056488037109 8.18476486206055 8.18596076965332 8.18496990203857 8.18475151062012 8.18485260009766 8.19099140167236 8.19831562042236 8.20535755157471 8.21146202087402 8.20851993560791 8.20462036132812 8.19735622406006 8.19190216064453 8.18980503082275 8.19808483123779 8.21767044067383 8.22575092315674 8.22638607025146 8.22655391693115 8.220139503479 -9999
-9999 -9999 -9999 -9999 -9999 -9999 -9999 -9999 -9999 -9999 8.02950763702393 8.02673053741455 8.02569484710693 -9999 8.01827526092529 7.9397873878479 7.86752080917358 7.86878681182861 7.87756252288818 7.88163232803345 8.00548648834229 8.11158084869385 8.14334297180176 8.16418838500977 8.16199016571045 8.16182136535645 8.16413497924805 8.16494274139404 8.16465377807617 8.16562557220459 8.1671199798584 8.17024612426758 8.17369270324707 8.1855640411377 8.19641399383545 8.19424533843994 8.19197654724121 8.18935203552246 8.18797302246094 8.18890571594238 8.19565200805664 8.20873260498047 8.21229648590088 8.20970153808594 8.21372890472412 8.22013664245605 8.21463966369629
-9999 -9999 -9999 -9999 -9999 -9999 -9999 -9999 -9999 -9999 -9999 -9999 -9999 -9999 8.02077770233154 8.00939083099365 7.93246078491211 7.86625480651855 7.86878681182861 7.88226795196533 8.02050971984863 8.13719463348389 8.16366481781006 8.17478561401367 8.15350532531738 8.14179706573486 8.14178848266602 8.14205360412598 8.14251613616943 8.14476776123047 8.14776039123535 8.14779663085938 8.14725112915039 8.16398429870605 8.17962074279785 8.17828845977783 8.17782497406006 8.1804141998291 8.18358325958252 8.18782901763916 8.1929292678833 8.19896125793457 8.19768142700195 8.19167041778564 8.2021369934082 8.2185230255127 8.21390724182129
8.06333446502686 -9999 -9999 -9999 -9999 -9999 -9999 -9999 -9999 -9999 8.10780811309814 8.03235340118408 -9999 -9999 -9999 8.01301383972168 7.9925708770752 7.92167711257935 7.86372232437134 7.87308645248413 8.02605819702148 8.15357494354248 8.17456436157227 8.18274307250977 8.1638765335083 8.14901256561279 8.13903999328613 8.13497924804688 8.13522529602051 8.13728141784668 8.14008617401123 8.14576435089111 8.15200805664062 8.15646839141846 8.16033458709717 8.15903854370117 8.16019248962402 8.16996002197266 8.17833614349365 8.1841287612915 8.18956565856934 8.19461631774902 8.19445419311523 8.19091987609863 8.19851112365723 8.21009922027588 8.20902347564697
8.06614685058594 8.06656169891357 -9999 -9999 -9999 -9999 -9999 -9999 -9999 -9999 8.1468505859375 8.10616302490234 8.03235340118408 -9999 -9999 8.0184440612793 7.99386835098267 7.96540069580078 7.91660833358765 7.87985038757324 8.03857517242432 8.16971492767334 8.18540954589844 8.190354347229 8.17260646820068 8.15518760681152 8.13817024230957 8.13099765777588 8.13099575042725 8.13293933868408 8.13568687438965 8.14521789550781 8.15608310699463 8.14872264862061 8.14059734344482 8.13160705566406 8.12964820861816 8.15241432189941 8.17036056518555 8.17935562133789 8.18618106842041 8.19064235687256 8.19216918945312 8.19179725646973 8.1963472366333 8.20266628265381 8.20487403869629
8.06614685058594 8.06739234924316 8.08815383911133 8.10621070861816 -9999 -9999 -9999 -9999 -9999 -9999 -9999 8.14538383483887 8.0968017578125 8.03235340118408 8.02673053741455 8.0184440612793 7.99386835098267 7.96540069580078 7.96411752700806 7.97214317321777 8.08847236633301 8.18456363677979 8.19596195220947 8.1961145401001 8.17252731323242 8.15577697753906 8.14738178253174 8.14360427856445 8.14318943023682 8.14546489715576 8.1488561630249 8.15264129638672 8.15650463104248 8.13973808288574 8.11843585968018 8.06028938293457 8.0298490524292 8.09682941436768 8.14774513244629 8.16882610321045 8.1826810836792 8.18866443634033 8.19494247436523 8.20141220092773 8.20202922821045 8.2005443572998 8.20466136932373
8.07032585144043 8.08233642578125 8.09653472900391 8.10635280609131 -9999 -9999 -9999 -9999 8.14367866516113 8.14350128173828 8.14798259735107 8.15885925292969 8.12930965423584 8.06668567657471 8.04262924194336 8.03684139251709 8.01345348358154 7.9858603477478 8.01466941833496 8.05037689208984 8.13009262084961 8.19509696960449 8.19853019714355 8.19275760650635 8.1675500869751 8.146240234375 8.12969493865967 8.1186637878418 8.11165046691895 8.11342430114746 8.1188383102417 8.11910438537598 8.11835765838623 8.09515476226807 8.06591129302979 7.98578977584839 7.94261455535889 8.02934265136719 8.09595489501953 8.12520885467529 8.14936256408691 8.16796112060547 8.18553161621094 8.20243835449219 8.20282077789307 8.19726657867432 8.20217227935791
8.08495426177979 8.09028625488281 8.09720993041992 8.10635280609131 8.11574554443359 8.12574100494385 8.1349401473999 8.14008903503418 8.14367866516113 8.14350128173828 8.14798259735107 8.15885925292969 8.14391994476318 8.10785961151123 8.09827613830566 8.10123348236084 8.08200263977051 8.05747127532959 8.07282733917236 8.09346103668213 8.15102386474609 8.19484233856201 8.18113899230957 8.16660690307617 8.15032863616943 8.11139011383057 8.04475784301758 7.99985504150391 7.97077941894531 7.9699649810791 7.98085355758667 7.98316335678101 7.98378658294678 7.96156978607178 7.93747854232788 7.90333700180054 7.88678932189941 7.93210077285767 7.97122812271118 7.99887037277222 8.04149436950684 8.10044288635254 8.14566040039062 8.18199348449707 8.19138526916504 8.19109916687012 8.19398975372314
8.10633182525635 8.10797309875488 8.11052131652832 8.1171817779541 8.12433528900146 8.13342380523682 8.1418628692627 8.14700317382812 8.15049076080322 8.14998626708984 8.15395736694336 8.16407299041748 8.15821647644043 8.13929176330566 8.1367073059082 8.14186096191406 8.1281213760376 8.10986804962158 8.11751747131348 8.12853050231934 8.16261577606201 8.18167972564697 8.1378812789917 8.10240077972412 8.08447742462158 8.04141998291016 7.96764469146729 7.91961431503296 7.89033699035645 7.88931179046631 7.89998769760132 7.9030966758728 7.90471887588501 7.88328170776367 7.86243057250977 7.85564804077148 7.85492324829102 7.87549877166748 7.8960976600647 7.91673898696899 7.96146631240845 8.03243637084961 8.0992317199707 8.16332817077637 8.18272018432617 8.18605422973633 8.18870449066162
8.13725185394287 8.13942527770996 8.14169788360596 8.14332103729248 8.14506816864014 8.15196704864502 8.15857315063477 8.16369342803955 8.1669340133667 8.16563987731934 8.16837978363037 8.17665672302246 8.17206764221191 8.15695190429688 8.15079879760742 8.14888954162598 8.14252853393555 8.13510227203369 8.14316558837891 8.152268409729 8.16100311279297 8.1502685546875 8.05805587768555 7.98438835144043 7.94987297058105 7.92179727554321 7.90159130096436 7.89390134811401 7.8953275680542 7.89745664596558 7.89987707138062 7.90202617645264 7.9041223526001 7.88317251205444 7.86286020278931 7.85710859298706 7.85693168640137 7.87635469436646 7.89108657836914 7.89710760116577 7.92079782485962 7.9637393951416 8.04353427886963 8.14717578887939 8.17796897888184 8.18259429931641 8.18751430511475
8.15152645111084 8.15476703643799 8.15868663787842 8.16149806976318 8.16422939300537 8.16788482666016 8.1705493927002 8.16817760467529 8.16688346862793 8.16819000244141 8.17216205596924 8.17979431152344 8.17679500579834 8.16509819030762 8.15794849395752 8.15295314788818 8.15112686157227 8.15005779266357 8.15567016601562 8.15865039825439 8.11664581298828 8.06595897674561 7.97893476486206 7.91189193725586 7.88703346252441 7.87541961669922 7.87999486923218 7.88730239868164 7.89660024642944 7.89766263961792 7.89531373977661 7.89860343933105 7.903000831604 7.88288640975952 7.86320972442627 7.85667181015015 7.8552942276001 7.87206029891968 7.88418912887573 7.88770532608032 7.90187835693359 7.92766189575195 7.99662590026855 8.09352874755859 8.14138412475586 8.17162036895752 8.18240928649902
8.15178489685059 8.1565408706665 8.16372680664062 8.17296886444092 8.18206596374512 8.18159008026123 8.17853927612305 8.16238498687744 8.1529426574707 8.15970516204834 8.16698551177979 8.17497539520264 8.17383861541748 8.16523361206055 8.15925407409668 8.15451812744141 8.15483474731445 8.15635776519775 8.1571044921875 8.15041637420654 8.03629398345947 7.93710327148438 7.90040731430054 7.87772512435913 7.88462734222412 7.89072418212891 7.89583587646484 7.89679908752441 7.89474153518677 7.89118194580078 7.88700151443481 7.89319944381714 7.90143775939941 7.88245153427124 7.86349153518677 7.85463714599609 7.85058689117432 7.8634295463562 7.87570238113403 7.88691711425781 7.90127372741699 7.91905403137207 7.95711803436279 8.0083065032959 8.07799053192139 8.15431880950928 8.17400741577148
8.16005039215088 8.16298866271973 8.16786098480225 8.17507266998291 8.18220043182373 8.18062305450439 8.17703437805176 8.16321563720703 8.15501499176025 8.16038227081299 8.16531944274902 8.16966724395752 8.16891193389893 8.16398048400879 8.13163185119629 8.08629703521729 8.07383251190186 8.06922245025635 8.06737041473389 8.05954647064209 7.96202802658081 7.8817834854126 7.87383127212524 7.87325954437256 7.88826894760132 7.89728498458862 7.89897441864014 7.89671039581299 7.89156579971313 7.88636779785156 7.88114833831787 7.88912582397461 7.89969730377197 7.88371801376343 7.86743402481079 7.85777807235718 7.85175609588623 7.85851097106934 7.86698246002197 7.87864065170288 7.89224624633789 7.90797328948975 7.93194437026978 7.96124935150146 8.01730728149414 8.08297443389893 8.12880229949951
8.1722354888916 8.17172431945801 8.17155265808105 8.17259216308594 8.17367267608643 8.17247581481934 8.17088508605957 8.16728591918945 8.1649227142334 8.16554260253906 8.16537284851074 8.16411972045898 8.16302108764648 8.16204929351807 8.08985424041748 7.98392391204834 7.95137548446655 7.93636131286621 7.93302154541016 7.92823648452759 7.8907413482666 7.86245012283325 7.87267827987671 7.88332843780518 7.89487028121948 7.89956665039062 7.89589738845825 7.891930103302 7.88774538040161 7.88236904144287 7.87649869918823 7.88570308685303 7.89787006378174 7.885817527771 7.87316799163818 7.86345195770264 7.85580062866211 7.85541009902954 7.85814905166626 7.86669969558716 7.87909603118896 7.89568185806274 7.91378498077393 7.93286943435669 7.95794916152954 7.985182762146 8.06558895111084
8.17354679107666 8.17238616943359 8.17129707336426 8.17080307006836 8.17034530639648 8.16920471191406 8.16804981231689 8.16681861877441 8.16577434539795 8.16517925262451 8.16421985626221 8.16275978088379 8.16180992126465 8.16127777099609 8.0817985534668 7.96492290496826 7.91815519332886 7.88813781738281 7.8873233795166 7.8876485824585 7.87536144256592 7.86796855926514 7.88105773925781 7.89138174057007 7.89586591720581 7.89640331268311 7.89211750030518 7.88872861862183 7.88599348068237 7.88091468811035 7.87486505508423 7.87958240509033 7.8864164352417 7.8837833404541 7.88085079193115 7.87841606140137 7.87459230422974 7.86588335037231 7.86060857772827 7.8617115020752 7.86697196960449 7.87676239013672 7.88834714889526 7.90109348297119 7.9192852973938 7.93943309783936 8.00294971466064
