Ecospace-environmental-drivers/Outputs/ASCII-for-ecospace/MOM6-ISIMIP3a/ph-bot/1996-03_ph-bot_MOM6-ISIMIP3a.asc
NCOLS 131 
NROWS 53 
XLLCORNER -98 
YLLCORNER 23.9265270233154 
CELLSIZE 0.133587792515755 
NODATA_value -9999 
[rows 0 to 20 of 53, columns 47 to 93 of 131]
-9999 -9999 -9999 -9999 -9999 -9999 -9999 -9999 -9999 -9999 -9999 -9999 -9999 -9999 -9999 -9999 -9999 -9999 -9999 -9999 -9999 -9999 -9999 -9999 -9999 -9999 -9999 -9999 -9999 -9999 -9999 -9999 -9999 -9999 -9999 -9999 -9999 -9999 -9999 -9999 -9999 -9999 -9999 -9999 -9999 -9999 -9999
-9999 -9999 -9999 -9999 -9999 -9999 -9999 -9999 -9999 -9999 -9999 -9999 -9999 -9999 -9999 -9999 -9999 -9999 -9999 -9999 -9999 -9999 -9999 -9999 -9999 -9999 -9999 -9999 -9999 -9999 -9999 -9999 -9999 -9999 -9999 -9999 -9999 -9999 -9999 -9999 -9999 -9999 -9999 -9999 -9999 -9999 -9999
-9999 -9999 -9999 -9999 -9999 -9999 -9999 -9999 -9999 -9999 -9999 -9999 -9999 -9999 -9999 -9999 -9999 -9999 -9999 -9999 -9999 -9999 -9999 -9999 -9999 -9999 -9999 8.1912956237793 8.19399547576904 -9999 -9999 -9999 -9999 -9999 -9999 -9999 -9999 -9999 -9999 -9999 -9999 -9999 -9999 -9999 -9999 -9999 -9999
-9999 -9999 -9999 -9999 -9999 -9999 -9999 -9999 -9999 -9999 -9999 -9999 -9999 -9999 -9999 -9999 -9999 -9999 -9999 -9999 -9999 -9999 -9999 -9999 -9999 -9999 -9999 8.1912899017334 8.19382572174072 -9999 -9999 -9999 -9999 -9999 -9999 -9999 -9999 -9999 -9999 -9999 -9999 -9999 -9999 -9999 -9999 -9999 -9999
-9999 -9999 -9999 -9999 -9999 -9999 -9999 -9999 -9999 -9999 -9999 -9999 -9999 -9999 -9999 -9999 -9999 -9999 8.1381254196167 8.14017581939697 8.14181613922119 8.15138530731201 8.15960693359375 8.17320823669434 8.18190383911133 8.1861686706543 8.18898296356201 8.19116306304932 8.19372463226318 8.19658851623535 -9999 -9999 8.21034622192383 8.21599292755127 8.22005844116211 8.22264194488525 8.2248706817627 8.2282133102417 8.23214435577393 8.23647022247314 8.24217414855957 8.24892044067383 -9999 -9999 -9999 -9999 -9999
-9999 -9999 -9999 -9999 -9999 -9999 -9999 -9999 -9999 -9999 -9999 -9999 -9999 -9999 7.96638107299805 -9999 7.9659252166748 7.96584415435791 8.05363655090332 8.1381254196167 8.14058589935303 8.14181613922119 8.16095447540283 8.17605113983154 8.18261909484863 8.18704223632812 8.18884468078613 8.19106197357178 8.19358158111572 8.19652938842773 8.19965553283691 8.20472049713135 8.21016788482666 8.21615028381348 8.22166061401367 8.2223653793335 8.22389888763428 8.22834777832031 8.23239421844482 8.23569202423096 8.24132537841797 8.24950504302979 8.25592994689941 8.26121997833252 -9999 -9999 -9999
-9999 -9999 -9999 -9999 -9999 -9999 -9999 -9999 -9999 -9999 7.97845506668091 7.97605085372925 7.97405815124512 7.9680233001709 7.96470785140991 7.96680927276611 7.96595335006714 7.96597766876221 7.96584415435791 8.05694103240967 8.1381254196167 8.14181613922119 8.16095447540283 8.17605113983154 8.18261909484863 8.18704223632812 8.18884468078613 8.19106197357178 8.19358158111572 8.19652938842773 8.19965553283691 8.20472049713135 8.21016788482666 8.21615028381348 8.22166061401367 8.2223653793335 8.22389888763428 8.22834777832031 8.23239421844482 8.23569202423096 8.24132537841797 8.24950504302979 8.25592994689941 8.26121997833252 8.26261806488037 8.25800037384033 -9999
-9999 -9999 -9999 -9999 -9999 -9999 -9999 -9999 -9999 -9999 7.99134635925293 7.97845506668091 7.97364664077759 -9999 7.96035051345825 7.96035242080688 7.96766519546509 7.96595335006714 7.96613550186157 7.96584415435791 8.06685352325439 8.15127372741699 8.16626071929932 8.17531585693359 8.17184638977051 8.17058086395264 8.17200946807861 8.17295837402344 8.17355632781982 8.17581939697266 8.17877101898193 8.18248558044434 8.18635082244873 8.19413471221924 8.20159339904785 8.20446968078613 8.20802307128906 8.21395587921143 8.21961116790771 8.22475147247314 8.23125267028809 8.23923683166504 8.24512195587158 8.24964809417725 8.25373077392578 8.25765323638916 8.25333213806152
-9999 -9999 -9999 -9999 -9999 -9999 -9999 -9999 -9999 -9999 -9999 -9999 -9999 -9999 7.96292734146118 7.94928693771362 7.95592927932739 7.96937704086304 7.96595335006714 7.96660852432251 8.07342147827148 8.16164875030518 8.17209243774414 8.17459678649902 8.16034126281738 8.15289688110352 8.15377521514893 8.15328216552734 8.15178966522217 8.15329170227051 8.15603446960449 8.15834999084473 8.16058349609375 8.17017650604248 8.17959594726562 8.18464756011963 8.19029331207275 8.19802951812744 8.20555305480957 8.21268081665039 8.22010898590088 8.22786331176758 8.23318576812744 8.23693370819092 8.24576759338379 8.25642871856689 8.25264739990234
8.08785438537598 -9999 -9999 -9999 -9999 -9999 -9999 -9999 -9999 -9999 8.1185131072998 8.00455951690674 -9999 -9999 -9999 7.95110607147217 7.93753385543823 7.95567560195923 7.97280073165894 7.98004961013794 8.08291912078857 8.16753101348877 8.17573165893555 8.17724704742432 8.16464710235596 8.15581226348877 8.15157699584961 8.14858341217041 8.14649486541748 8.1472635269165 8.1492166519165 8.15360069274902 8.15846252441406 8.16336536407471 8.16773700714111 8.16691207885742 8.16954135894775 8.18431663513184 8.19640636444092 8.2035083770752 8.21059703826904 8.21767139434814 8.22371578216553 8.22909259796143 8.23699855804443 8.24581336975098 8.24679946899414
8.08805561065674 8.08808517456055 -9999 -9999 -9999 -9999 -9999 -9999 -9999 -9999 8.17724514007568 8.11184024810791 8.00455951690674 -9999 -9999 7.93998622894287 7.93487691879272 7.9377384185791 7.9670090675354 8.0021448135376 8.0962381362915 8.17343902587891 8.1799430847168 8.18051624298096 8.16856670379639 8.15834617614746 8.15023803710938 8.14543914794922 8.14305019378662 8.14317893981934 8.1443510055542 8.15024280548096 8.15706253051758 8.15574645996094 8.15308284759521 8.14019680023193 8.13642406463623 8.16469573974609 8.18597984313965 8.19428634643555 8.20166110992432 8.20802116394043 8.21479511260986 8.22183799743652 8.22882843017578 8.23580169677734 8.2407398223877
8.08805561065674 8.08814430236816 8.1043004989624 8.12032032012939 -9999 -9999 -9999 -9999 -9999 -9999 -9999 8.16690063476562 8.09280014038086 8.00455951690674 7.97845506668091 7.93998622894287 7.93487691879272 7.9377384185791 8.00238132476807 8.07065868377686 8.1300573348999 8.17949104309082 8.18722057342529 8.18710136413574 8.17041206359863 8.15883541107178 8.15350914001465 8.1506290435791 8.14953136444092 8.14951610565186 8.14995002746582 8.15434837341309 8.15952682495117 8.143798828125 8.12343215942383 8.06531524658203 8.03698444366455 8.11338138580322 8.16868209838867 8.1848030090332 8.19582080841064 8.20127868652344 8.20882511138916 8.21772384643555 8.22386932373047 8.22902488708496 8.23354244232178
8.09042453765869 8.09893131256104 8.10983371734619 8.12029266357422 -9999 -9999 -9999 -9999 8.1775951385498 8.18290519714355 8.18470573425293 8.18168640136719 8.13431072235107 8.0506420135498 8.00134468078613 7.96832799911499 7.96436643600464 7.96734666824341 8.04633808135986 8.12718677520752 8.1590633392334 8.18551731109619 8.1892786026001 8.18494987487793 8.16354370117188 8.14506530761719 8.13016605377197 8.12016201019287 8.11372184753418 8.11278533935547 8.11412620544434 8.11843109130859 8.12331867218018 8.09869861602783 8.06806659698486 7.98937892913818 7.94957590103149 8.04648876190186 8.11763668060303 8.14093685150146 8.16127777099609 8.17839336395264 8.19435691833496 8.20957565307617 8.21652317047119 8.22049903869629 8.22540378570557
8.09871673583984 8.10362911224365 8.11023235321045 8.12029266357422 8.13083362579346 8.14482593536377 8.15823364257812 8.16866397857666 8.1775951385498 8.18290519714355 8.18470573425293 8.18168640136719 8.15404891967773 8.10626792907715 8.08145713806152 8.06752681732178 8.0675802230835 8.07097625732422 8.11175441741943 8.15374660491943 8.17603492736816 8.19148063659668 8.17828941345215 8.16095924377441 8.1348934173584 8.09564590454102 8.04028797149658 8.00054836273193 7.97218322753906 7.96837902069092 7.9747462272644 7.98245477676392 7.99042654037476 7.97071409225464 7.94840955734253 7.910804271698 7.89224433898926 7.94064855575562 7.98222303390503 8.01111316680908 8.05497550964355 8.11515045166016 8.15864181518555 8.19133758544922 8.20320987701416 8.20760154724121 8.21491146087646
8.11454010009766 8.11589622497559 8.11833477020264 8.12740802764893 8.13731384277344 8.15135383605957 8.16471862792969 8.17464447021484 8.182861328125 8.18694972991943 8.18800067901611 8.18488216400146 8.17145824432373 8.14960289001465 8.13977718353271 8.13564968109131 8.13747692108154 8.14072704315186 8.156662940979 8.17305946350098 8.18346786499023 8.18333721160889 8.13910007476807 8.09867763519287 8.06630897521973 8.02171897888184 7.96219158172607 7.92037487030029 7.89145803451538 7.88776683807373 7.89452314376831 7.90291261672974 7.91162347793579 7.89457321166992 7.87701940536499 7.8638653755188 7.8581805229187 7.87875652313232 7.90108919143677 7.92668390274048 7.97438287734985 8.04616546630859 8.11174011230469 8.17329692840576 8.19288063049316 8.1973876953125 8.20584774017334
8.14101314544678 8.1388635635376 8.13732719421387 8.14458465576172 8.15295600891113 8.16711139678955 8.18037223815918 8.1890811920166 8.19557285308838 8.19671058654785 8.19595336914062 8.19259452819824 8.18557357788086 8.17555809020996 8.16728496551514 8.159836769104 8.1602668762207 8.1625804901123 8.17257881164551 8.18212509155273 8.17741203308105 8.15524673461914 8.06003952026367 7.98225927352905 7.94126558303833 7.91314315795898 7.90075159072876 7.89596271514893 7.8967113494873 7.89734792709351 7.8979377746582 7.90316009521484 7.90929269790649 7.89173030853271 7.87386846542358 7.86165428161621 7.85701274871826 7.87899923324585 7.89669752120972 7.90643310546875 7.93013763427734 7.96906232833862 8.04902267456055 8.15553569793701 8.18677139282227 8.19096565246582 8.19880485534668
8.16200828552246 8.15998268127441 8.15858840942383 8.16469287872314 8.17172622680664 8.18310928344727 8.19339561462402 8.19809818267822 8.20115280151367 8.20023059844971 8.19861698150635 8.19605445861816 8.19160938262939 8.18562412261963 8.17654418945312 8.16599941253662 8.16605091094971 8.16863536834717 8.17366600036621 8.17546272277832 8.12775325775146 8.07185459136963 7.98168706893921 7.91178464889526 7.8846640586853 7.87328815460205 7.88115549087524 7.8893461227417 7.89777183532715 7.89808893203735 7.89504766464233 7.90016222000122 7.90687990188599 7.88875389099121 7.87043523788452 7.8592209815979 7.85478162765503 7.87416410446167 7.88884162902832 7.8947811126709 7.90856838226318 7.93090629577637 8.00132846832275 8.10286331176758 8.14981651306152 8.17716407775879 8.18898105621338
8.17838954925537 8.17954635620117 8.1817626953125 8.18727207183838 8.19313144683838 8.19931030273438 8.20420360565186 8.20255088806152 8.20072841644287 8.19849300384521 8.19682502746582 8.1959342956543 8.19084072113037 8.1823091506958 8.17043685913086 8.156982421875 8.15751457214355 8.16138744354248 8.16226673126221 8.15555572509766 8.04137420654297 7.94189214706421 7.90392875671387 7.87999963760376 7.88569831848145 7.89130449295044 7.89679765701294 7.89771556854248 7.8953013420105 7.89138555526733 7.88684797286987 7.89443159103394 7.9043984413147 7.88566541671753 7.86676406860352 7.85660076141357 7.85165500640869 7.86505317687988 7.87806797027588 7.89037036895752 7.90609502792358 7.9255485534668 7.96628427505493 8.02079010009766 8.08688735961914 8.15714836120605 8.17681694030762
8.18610954284668 8.18770503997803 8.19013595581055 8.19432735443115 8.19865036010742 8.20165920257568 8.20368766784668 8.20072937011719 8.19791603088379 8.1954517364502 8.19335460662842 8.19176197052002 8.18672275543213 8.17886352539062 8.13984489440918 8.08606719970703 8.07319641113281 8.07010078430176 8.06881999969482 8.06148815155029 7.96426391601562 7.88434362411499 7.87683820724487 7.87623500823975 7.89020442962646 7.89842081069946 7.8996057510376 7.89712572097778 7.89197587966919 7.88662576675415 7.8811936378479 7.89031934738159 7.90230751037598 7.88636493682861 7.87002229690552 7.85987377166748 7.85339260101318 7.85980463027954 7.86831045150757 7.88070344924927 7.89566040039062 7.91341066360474 7.94008636474609 7.97253704071045 8.02875328063965 8.09350681304932 8.13288688659668
8.18959045410156 8.19028186798096 8.19126605987549 8.19378471374512 8.19639492034912 8.19722843170166 8.19763088226318 8.19583702087402 8.19393539428711 8.19177150726318 8.18906307220459 8.18560695648193 8.18096542358398 8.17535400390625 8.09727096557617 7.98486089706421 7.95179462432861 7.9376859664917 7.93522071838379 7.93112707138062 7.89168930053711 7.86223173141479 7.87454223632812 7.88618278503418 7.89640951156616 7.90020275115967 7.89613342285156 7.89215135574341 7.88823175430298 7.88281774520874 7.876784324646 7.88699960708618 7.90040826797485 7.88891839981079 7.8766713142395 7.8660306930542 7.85751056671143 7.85644626617432 7.85904979705811 7.86846399307251 7.88132953643799 7.89795446395874 7.91821718215942 7.940833568573 7.97296571731567 8.00851631164551 8.07341289520264
8.18493270874023 8.18489837646484 8.18504047393799 8.18655776977539 8.18814468383789 8.18782329559326 8.18732070922852 8.18589973449707 8.18442344665527 8.18281555175781 8.18087577819824 8.17848110198975 8.17493438720703 8.17044544219971 8.08717918395996 7.96659851074219 7.91927099227905 7.88944625854492 7.88899660110474 7.88959407806396 7.876060962677 7.86803579330444 7.88306093215942 7.89422750473022 7.89724779129028 7.89691686630249 7.89249038696289 7.8891282081604 7.88654136657715 7.8813648223877 7.87511491775513 7.88041400909424 7.8879828453064 7.88559865951538 7.88284587860107 7.88010215759277 7.87589311599731 7.86653423309326 7.86111164093018 7.8629994392395 7.86857318878174 7.87816286087036 7.89095640182495 7.90582227706909 7.92704200744629 7.95054388046265 8.00790786743164
