Ecospace-environmental-drivers/Outputs/ASCII-for-ecospace/MOM6-ISIMIP3a/ph-bot/1999-10_ph-bot_MOM6-ISIMIP3a.asc
NCOLS 131 
NROWS 53 
XLLCORNER -98 
YLLCORNER 23.9265270233154 
CELLSIZE 0.133587792515755 
NODATA_value -9999 
[rows 0 to 20 of 53, columns 47 to 93 of 131]
-9999 -9999 -9999 -9999 -9999 -9999 -9999 -9999 -9999 -9999 -9999 -9999 -9999 -9999 -9999 -9999 -9999 -9999 -9999 -9999 -9999 -9999 -9999 -9999 -9999 -9999 -9999 -9999 -9999 -9999 -9999 -9999 -9999 -9999 -9999 -9999 -9999 -9999 -9999 -9999 -9999 -9999 -9999 -9999 -9999 -9999 -9999
-9999 -9999 -9999 -9999 -9999 -9999 -9999 -9999 -9999 -9999 -9999 -9999 -9999 -9999 -9999 -9999 -9999 -9999 -9999 -9999 -9999 -9999 -9999 -9999 -9999 -9999 -9999 -9999 -9999 -9999 -9999 -9999 -9999 -9999 -9999 -9999 -9999 -9999 -9999 -9999 -9999 -9999 -9999 -9999 -9999 -9999 -9999
-9999 -9999 -9999 -9999 -9999 -9999 -9999 -9999 -9999 -9999 -9999 -9999 -9999 -9999 -9999 -9999 -9999 -9999 -9999 -9999 -9999 -9999 -9999 -9999 -9999 -9999 -9999 8.09124279022217 8.09366703033447 -9999 -9999 -9999 -9999 -9999 -9999 -9999 -9999 -9999 -9999 -9999 -9999 -9999 -9999 -9999 -9999 -9999 -9999
-9999 -9999 -9999 -9999 -9999 -9999 -9999 -9999 -9999 -9999 -9999 -9999 -9999 -9999 -9999 -9999 -9999 -9999 -9999 -9999 -9999 -9999 -9999 -9999 -9999 -9999 -9999 8.08905410766602 8.09148979187012 -9999 -9999 -9999 -9999 -9999 -9999 -9999 -9999 -9999 -9999 -9999 -9999 -9999 -9999 -9999 -9999 -9999 -9999
-9999 -9999 -9999 -9999 -9999 -9999 -9999 -9999 -9999 -9999 -9999 -9999 -9999 -9999 -9999 -9999 -9999 -9999 8.13601684570312 8.13579940795898 8.13562488555908 8.13460922241211 8.13239765167236 8.12545204162598 8.1148099899292 8.1016960144043 8.09151554107666 8.08634281158447 8.08930397033691 8.09882259368896 -9999 -9999 8.14166831970215 8.14896965026855 8.15027904510498 8.15024757385254 8.14913272857666 8.14817142486572 8.14771366119385 8.14849281311035 8.15109920501709 8.15493297576904 -9999 -9999 -9999 -9999 -9999
-9999 -9999 -9999 -9999 -9999 -9999 -9999 -9999 -9999 -9999 -9999 -9999 -9999 -9999 8.11203765869141 -9999 8.11193752288818 8.11188983917236 8.12470722198486 8.13601684570312 8.13575553894043 8.13562488555908 8.13359355926514 8.12797546386719 8.11478614807129 8.1016674041748 8.0886344909668 8.08424472808838 8.08615016937256 8.09751605987549 8.11280059814453 8.12943077087402 8.14632511138916 8.14925003051758 8.15133285522461 8.15025424957275 8.14915657043457 8.14798736572266 8.14737129211426 8.14778232574463 8.15032482147217 8.15518951416016 8.15928363800049 8.16287899017334 -9999 -9999 -9999
-9999 -9999 -9999 -9999 -9999 -9999 -9999 -9999 -9999 -9999 7.97772216796875 7.98030138015747 7.98261070251465 7.9899845123291 8.05448436737061 8.11211967468262 8.11195468902588 8.11196804046631 8.11188983917236 8.12621593475342 8.13601684570312 8.13562488555908 8.13359355926514 8.12797546386719 8.11478614807129 8.1016674041748 8.0886344909668 8.08424472808838 8.08615016937256 8.09751605987549 8.11280059814453 8.12943077087402 8.14632511138916 8.14925003051758 8.15133285522461 8.15025424957275 8.14915657043457 8.14798736572266 8.14737129211426 8.14778232574463 8.15032482147217 8.15518951416016 8.15928363800049 8.16287899017334 8.16382884979248 8.16169929504395 -9999
-9999 -9999 -9999 -9999 -9999 -9999 -9999 -9999 -9999 -9999 7.96389389038086 7.97772216796875 7.98288059234619 -9999 7.99984407424927 8.0612735748291 8.11228561401367 8.11195468902588 8.11205863952637 8.11188983917236 8.13074207305908 8.14418125152588 8.13496589660645 8.12289333343506 8.10478973388672 8.09174251556396 8.08487796783447 8.08580112457275 8.09239864349365 8.104323387146 8.11845397949219 8.130615234375 8.14238929748535 8.1440315246582 8.14466857910156 8.13914775848389 8.13304805755615 8.12491321563721 8.12259006500244 8.13105964660645 8.13890552520752 8.14607048034668 8.15157794952393 8.15601062774658 8.1592378616333 8.16203212738037 8.17164707183838
-9999 -9999 -9999 -9999 -9999 -9999 -9999 -9999 -9999 -9999 -9999 -9999 -9999 -9999 7.99592590332031 8.0155668258667 8.07063293457031 8.11261653900146 8.11195468902588 8.11233139038086 8.13687515258789 8.15340328216553 8.13637924194336 8.11739349365234 8.09426689147949 8.08146858215332 8.08129119873047 8.08791351318359 8.09948825836182 8.11192035675049 8.12470722198486 8.1319580078125 8.1381196975708 8.13822174072266 8.13712692260742 8.12653923034668 8.11489677429199 8.0995454788208 8.09549999237061 8.11244678497314 8.12601089477539 8.13588809967041 8.14303779602051 8.14842224121094 8.1547794342041 8.16148662567139 8.17452049255371
8.1945915222168 -9999 -9999 -9999 -9999 -9999 -9999 -9999 -9999 -9999 8.0498218536377 7.94971942901611 -9999 -9999 -9999 8.01169967651367 8.03664493560791 8.08024978637695 8.11327838897705 8.11488342285156 8.13794612884521 8.15291404724121 8.13400840759277 8.11691951751709 8.10366535186768 8.0967903137207 8.09771251678467 8.1030445098877 8.1115894317627 8.12067413330078 8.12998294830322 8.13420486450195 8.13742637634277 8.13200569152832 8.12492942810059 8.10481834411621 8.08811378479004 8.08338737487793 8.0835428237915 8.0927677154541 8.10612010955811 8.12397003173828 8.13524627685547 8.14226722717285 8.15110874176025 8.16060447692871 8.17424964904785
8.19341659545898 8.1932430267334 -9999 -9999 -9999 -9999 -9999 -9999 -9999 -9999 8.09779262542725 8.03751659393311 7.94971942901611 -9999 -9999 8.01898956298828 8.03838634490967 8.05255889892578 8.0850715637207 8.117995262146 8.13855648040771 8.15141105651855 8.13200855255127 8.11726474761963 8.11235332489014 8.10963344573975 8.10959148406982 8.113112449646 8.11922740936279 8.12535381317139 8.13148498535156 8.1332426071167 8.13414096832275 8.12328815460205 8.11007690429688 8.07807731628418 8.05479335784912 8.06214809417725 8.06852912902832 8.07309913635254 8.08757305145264 8.1128396987915 8.12784576416016 8.1362133026123 8.14664649963379 8.15782260894775 8.17150402069092
8.19341659545898 8.19289588928223 8.18307495117188 8.17461204528809 -9999 -9999 -9999 -9999 -9999 -9999 -9999 8.08013725280762 8.0205774307251 7.94971942901611 7.97772216796875 8.01898956298828 8.03838634490967 8.05255889892578 8.08838081359863 8.12410163879395 8.13669872283936 8.14446258544922 8.13199901580811 8.12200736999512 8.11723518371582 8.10917854309082 8.09710788726807 8.09601783752441 8.10292720794678 8.10818004608154 8.11274719238281 8.11507034301758 8.11695194244385 8.10115718841553 8.08098220825195 8.02441310882568 7.98640632629395 8.01366329193115 8.03711318969727 8.05349063873291 8.07623863220215 8.10592842102051 8.12254238128662 8.13069534301758 8.13793659210205 8.14484882354736 8.15548515319824
8.1908130645752 8.18546009063721 8.17932605743408 8.17461681365967 -9999 -9999 -9999 -9999 8.13275814056396 8.11142730712891 8.09663772583008 8.09082984924316 8.05294418334961 7.98881483078003 7.99331092834473 8.03031349182129 8.04830551147461 8.06175422668457 8.09626483917236 8.13028717041016 8.13615131378174 8.13851737976074 8.12624454498291 8.11616516113281 8.11071586608887 8.09590435028076 8.06965065002441 8.05862426757812 8.05868816375732 8.06236457824707 8.06753730773926 8.07029056549072 8.07256889343262 8.05405712127686 8.0305871963501 7.96620512008667 7.92496633529663 7.9650993347168 7.99972677230835 8.02412891387939 8.05153369903564 8.08220863342285 8.10168552398682 8.11391735076904 8.12238597869873 8.12950134277344 8.13885402679443
8.1816987991333 8.18002319335938 8.17886447906494 8.17461681365967 8.16989421844482 8.16089916229248 8.15211963653564 8.14443683624268 8.13275814056396 8.11142730712891 8.09663772583008 8.09082984924316 8.07195568084717 8.04239273071289 8.04787158966064 8.06995010375977 8.08302116394043 8.09393978118896 8.11558628082275 8.1366720199585 8.13888168334961 8.13508224487305 8.10612964630127 8.08385753631592 8.0756893157959 8.05057907104492 8.00476264953613 7.97048234939575 7.94460582733154 7.94494724273682 7.95614624023438 7.95899438858032 7.96020030975342 7.94453191757202 7.92693758010864 7.89663696289062 7.88089370727539 7.91633558273315 7.94741296768188 7.97038507461548 7.99340152740479 8.01646709442139 8.04194641113281 8.0689868927002 8.08973503112793 8.10822200775146 8.12069034576416
8.16157341003418 8.16635513305664 8.1737060546875 8.17041301727295 8.1658935546875 8.15771198272705 8.14987087249756 8.14376163482666 8.13413524627686 8.11601543426514 8.10458660125732 8.10234355926514 8.09569549560547 8.08544540405273 8.0880823135376 8.09682369232178 8.10448265075684 8.11188411712646 8.12382698059082 8.135085105896 8.13181972503662 8.11991691589355 8.07186698913574 8.03356552124023 8.01584243774414 7.9870080947876 7.94459295272827 7.9101448059082 7.88149929046631 7.8809494972229 7.89203453063965 7.89411163330078 7.89441776275635 7.87967157363892 7.86493492126465 7.85573720932007 7.85558319091797 7.88722705841064 7.91466093063354 7.93427658081055 7.95382308959961 7.97329473495483 8.00118446350098 8.03452014923096 8.06140899658203 8.08598327636719 8.10241889953613
8.12587928771973 8.14105224609375 8.16190910339355 8.16026496887207 8.15623664855957 8.1500186920166 8.14444255828857 8.14212989807129 8.13745880126953 8.12709045410156 8.12377262115479 8.13013458251953 8.12612056732178 8.11361789703369 8.10800457000732 8.10565376281738 8.10720729827881 8.109694480896 8.11640453338623 8.12222766876221 8.11091136932373 8.08816909790039 8.01760387420654 7.95784616470337 7.92090368270874 7.89764022827148 7.8910961151123 7.88911724090576 7.89046430587769 7.89247751235962 7.89476728439331 7.89484977722168 7.89449882507324 7.87795972824097 7.86181402206421 7.85537004470825 7.85679864883423 7.88590669631958 7.90956497192383 7.92310237884521 7.94047594070435 7.9620304107666 7.98725175857544 8.01484680175781 8.03919982910156 8.06238842010498 8.08399486541748
8.10046005249023 8.11633491516113 8.13816261291504 8.14577579498291 8.15157318115234 8.14764404296875 8.14323425292969 8.13637542724609 8.13047981262207 8.12691116333008 8.12902736663818 8.13895034790039 8.1331615447998 8.1145191192627 8.10602474212646 8.10233688354492 8.10295867919922 8.10461044311523 8.10764598846436 8.10800552368164 8.06802749633789 8.02347946166992 7.95981216430664 7.90751838684082 7.87923526763916 7.86750268936157 7.87599849700928 7.88509941101074 7.89464139938354 7.89559030532837 7.89297962188721 7.89375782012939 7.89520215988159 7.87773942947388 7.86072444915771 7.85492706298828 7.85556936264038 7.87885522842407 7.89913845062256 7.91384601593018 7.93206453323364 7.95410823822021 7.97611808776855 7.99810647964478 8.02009010314941 8.04207229614258 8.06514739990234
8.0836935043335 8.09210968017578 8.1043529510498 8.12762928009033 8.15111446380615 8.14974975585938 8.14558029174805 8.12714672088623 8.11482334136963 8.11725234985352 8.12255001068115 8.13178634643555 8.12051105499268 8.09245491027832 8.08560180664062 8.088791847229 8.09283828735352 8.09708881378174 8.09776306152344 8.09263610839844 8.00663566589355 7.93105030059814 7.89904928207397 7.87857341766357 7.88242769241333 7.8872447013855 7.89323806762695 7.89540576934814 7.89478778839111 7.89161539077759 7.88738584518433 7.8911247253418 7.89642953872681 7.87877511978149 7.86134576797485 7.85442018508911 7.85228204727173 7.86697721481323 7.88422250747681 7.90620565414429 7.927809715271 7.94900131225586 7.96734094619751 7.98383617401123 8.00359058380127 8.02451610565186 8.04594135284424
8.08345603942871 8.08803844451904 8.09480285644531 8.11486339569092 8.13552379608154 8.13566303253174 8.13344669342041 8.11924362182617 8.11013317108154 8.11331748962402 8.11524868011475 8.11545848846436 8.10507678985596 8.08602905273438 8.06169509887695 8.03485679626465 8.02730560302734 8.0243616104126 8.0237340927124 8.01855659484863 7.94484710693359 7.88393640518188 7.87658834457397 7.87555170059204 7.88783979415894 7.89545440673828 7.89735746383667 7.89582204818726 7.8917818069458 7.88647413253784 7.8806414604187 7.8869252204895 7.89559030532837 7.88057041168213 7.86544513702393 7.85785675048828 7.85342788696289 7.86010551452637 7.87123537063599 7.89063310623169 7.91132688522339 7.93343210220337 7.95247077941895 7.96952486038208 7.98738956451416 8.0055456161499 8.02616024017334
8.09130764007568 8.09383106231689 8.09712505340576 8.10472869873047 8.11252689361572 8.1136531829834 8.11422634124756 8.11198806762695 8.11080837249756 8.1121826171875 8.10754299163818 8.09464740753174 8.08828067779541 8.08725738525391 8.03608417510986 7.96115732192993 7.93465614318848 7.91972541809082 7.91831350326538 7.91574716567993 7.88286399841309 7.85899829864502 7.87287092208862 7.8852162361145 7.89433813095093 7.89802122116089 7.8950572013855 7.89139842987061 7.88723373413086 7.88076114654541 7.87333345413208 7.88195896148682 7.89374017715454 7.88273763656616 7.87124633789062 7.86322355270386 7.85674238204956 7.85568380355835 7.85919141769409 7.87117910385132 7.88886022567749 7.91274404525757 7.93461847305298 7.95519351959229 7.97133445739746 7.98588228225708 8.0060977935791
8.08871078491211 8.09045219421387 8.09247779846191 8.09555816650391 8.09867858886719 8.09994220733643 8.10109710693359 8.1016960144043 8.10246658325195 8.10365009307861 8.10074329376221 8.09221935272217 8.08933544158936 8.09106540679932 8.03244018554688 7.94522571563721 7.90819597244263 7.88315773010254 7.88343858718872 7.88455152511597 7.8724513053894 7.86557626724243 7.88057136535645 7.8917236328125 7.8947639465332 7.8946967124939 7.89083003997803 7.88762712478638 7.88490724563599 7.87885427474976 7.87142086029053 7.87596225738525 7.88285779953003 7.88054275512695 7.87800121307373 7.87658214569092 7.87369728088379 7.86565923690796 7.86141538619995 7.86421823501587 7.87195253372192 7.88505935668945 7.89973211288452 7.91541767120361 7.93310689926147 7.95151615142822 7.97813034057617
