Ecospace-environmental-drivers/Outputs/ASCII-for-ecospace/MOM6-ISIMIP3a/ph-bot/2000-04_ph-bot_MOM6-ISIMIP3a.asc
NCOLS 131 
NROWS 53 
XLLCORNER -98 
YLLCORNER 23.9265270233154 
CELLSIZE 0.133587792515755 
NODATA_value -9999 
[rows 21 to 41 of 53, columns 47 to 93 of 131]
8.15212631225586 8.15120601654053 8.1500825881958 8.15042972564697 8.15092372894287 8.15132427215576 8.15149879455566 8.15051746368408 8.14949321746826 8.14836692810059 8.14859867095947 8.15069580078125 8.14632415771484 8.13666152954102 8.05999660491943 7.95159482955933 7.90107011795044 7.86437463760376 7.86494255065918 7.86809349060059 7.87158012390137 7.87699317932129 7.89046812057495 7.89859628677368 7.89543724060059 7.89167833328247 7.88718557357788 7.88489437103271 7.88420629501343 7.87839508056641 7.87046194076538 7.8693904876709 7.86966753005981 7.87671232223511 7.88410139083862 7.89240312576294 7.89533710479736 7.87939548492432 7.86602163314819 7.85741710662842 7.85280466079712 7.85254192352295 7.85698747634888 7.86447906494141 7.87894058227539 7.89590549468994 7.93485498428345
8.14423656463623 8.14128398895264 8.13748264312744 8.13745498657227 8.1378231048584 8.13847351074219 8.13586330413818 8.11666488647461 8.10313415527344 8.10328483581543 8.09126377105713 8.06253147125244 8.03930568695068 8.02058506011963 7.96960496902466 7.90334367752075 7.87826633453369 7.86302900314331 7.87102079391479 7.8801417350769 7.88247203826904 7.88598251342773 7.89442873001099 7.89834928512573 7.89271688461304 7.88834810256958 7.8855242729187 7.88214874267578 7.8783712387085 7.87409591674805 7.86961460113525 7.86847734451294 7.86799764633179 7.86942386627197 7.87117290496826 7.87538719177246 7.87747240066528 7.8720703125 7.87005376815796 7.87432479858398 7.87339496612549 7.86679840087891 7.863853931427 7.86327266693115 7.86740827560425 7.87323808670044 7.90113639831543
8.13082885742188 8.125244140625 8.11799240112305 8.1175594329834 8.11782550811768 8.11808395385742 8.11229133605957 8.07571411132812 8.05022811889648 8.05152130126953 8.02770900726318 7.96942949295044 7.9285044670105 7.90177822113037 7.87762117385864 7.85468053817749 7.85615539550781 7.86346340179443 7.87854671478271 7.89317464828491 7.8934063911438 7.89426326751709 7.8977370262146 7.8976469039917 7.8900318145752 7.88532972335815 7.88418769836426 7.87961006164551 7.87253093719482 7.86973476409912 7.86871242523193 7.86779165267944 7.8668909072876 7.86205577850342 7.85748100280762 7.85687065124512 7.8576455116272 7.86329078674316 7.873046875 7.89043712615967 7.89378118515015 7.88182020187378 7.87258768081665 7.86511993408203 7.85912847518921 7.85366773605347 7.87037038803101
8.03310489654541 8.01737213134766 7.99694204330444 7.99588394165039 7.99640941619873 7.98616647720337 7.97495985031128 7.9588508605957 7.94679594039917 7.94453096389771 7.93221092224121 7.90608739852905 7.88765954971313 7.87552785873413 7.86839437484741 7.86362838745117 7.86906147003174 7.87693119049072 7.88651561737061 7.89565277099609 7.89656448364258 7.89766502380371 7.89955902099609 7.89833116531372 7.89051294326782 7.88558864593506 7.884202003479 7.87924671173096 7.87169313430786 7.86885404586792 7.86796760559082 7.86485767364502 7.8613109588623 7.85873174667358 7.85638666152954 7.85597801208496 7.85614013671875 7.85830974578857 7.86245775222778 7.87027978897095 7.87146329879761 7.86541414260864 7.86684560775757 7.87311697006226 7.87165212631226 7.86740827560425 7.86780166625977
7.94650506973267 7.92520236968994 7.89744091033936 7.89627695083618 7.89717388153076 7.88019990921021 7.86608362197876 7.86650323867798 7.86545515060425 7.86086320877075 7.85823488235474 7.85830307006836 7.85830593109131 7.85825538635254 7.86435651779175 7.87337160110474 7.88046169281006 7.88709211349487 7.8915810585022 7.89575624465942 7.89750814437866 7.89902782440186 7.89957427978516 7.89761781692505 7.89037847518921 7.88572788238525 7.88424015045166 7.87898206710815 7.87097692489624 7.86807537078857 7.86728715896606 7.86244773864746 7.85681200027466 7.85607528686523 7.85554933547974 7.85530805587769 7.85496664047241 7.85427474975586 7.85379886627197 7.85372543334961 7.85310983657837 7.85190439224243 7.86099100112915 7.87673759460449 7.87868881225586 7.87568473815918 7.86601305007935
7.90867519378662 7.90188121795654 7.89242649078369 7.89343786239624 7.89519023895264 7.88802051544189 7.88197565078735 7.88165140151978 7.88097715377808 7.8794584274292 7.87862539291382 7.87873506546021 7.87934017181396 7.88035106658936 7.88307285308838 7.88660430908203 7.88526058197021 7.88275194168091 7.88391256332397 7.88544654846191 7.88874435424805 7.89144802093506 7.89166593551636 7.89077568054199 7.88754749298096 7.88534164428711 7.88438510894775 7.87914943695068 7.8707971572876 7.86774587631226 7.86688947677612 7.86233568191528 7.85705471038818 7.85634708404541 7.85583829879761 7.85561656951904 7.85525226593018 7.85438871383667 7.85360479354858 7.8529691696167 7.85213804244995 7.85109424591064 7.85464525222778 7.86116933822632 7.86166715621948 7.86000061035156 7.86764526367188
7.88554048538208 7.88812637329102 7.8906683921814 7.89297103881836 7.89515066146851 7.89465427398682 7.89415740966797 7.89365816116333 7.89337110519409 7.89359664916992 7.89374494552612 7.89378690719604 7.89406204223633 7.89452791213989 7.89435911178589 7.89388942718506 7.88773536682129 7.8802227973938 7.87943315505981 7.87938261032104 7.88337469100952 7.88656902313232 7.88642263412476 7.88575649261475 7.88399362564087 7.88274812698364 7.88213586807251 7.87757444381714 7.87013626098633 7.86635208129883 7.86408185958862 7.86059808731079 7.85687637329102 7.85647487640381 7.85620260238647 7.85598945617676 7.85560178756714 7.85459852218628 7.85356760025024 7.85248517990112 7.85145473480225 7.85048151016235 7.85018157958984 7.85031747817993 7.8499002456665 7.84928464889526 7.86726140975952
7.89446830749512 7.89524269104004 7.89601469039917 7.89768123626709 7.89935255050659 7.89869689941406 7.89824199676514 7.89881181716919 7.89894199371338 7.89801073074341 7.89736223220825 7.89710140228271 7.89501237869263 7.89142751693726 7.88943481445312 7.88819694519043 7.88513803482056 7.88164472579956 7.881911277771 7.88258409500122 7.88541126251221 7.88758039474487 7.88699436187744 7.88471508026123 7.87886190414429 7.87533903121948 7.87466382980347 7.87219715118408 7.86842584609985 7.86263847351074 7.85601568222046 7.85531520843506 7.85577964782715 7.85628795623779 7.85672998428345 7.85650444030762 7.8560905456543 7.85501670837402 7.85387229919434 7.85259628295898 7.851402759552 7.85029935836792 7.84982395172119 7.84975481033325 7.84959745407104 7.84940910339355 7.86247777938843
7.89916372299194 7.89862108230591 7.89808797836304 7.89890193939209 7.899817943573 7.89977407455444 7.89992618560791 7.90107536315918 7.90129375457764 7.8992657661438 7.89742422103882 7.89583873748779 7.89192676544189 7.88611125946045 7.88343143463135 7.88223648071289 7.88106107711792 7.87989044189453 7.88069295883179 7.88170766830444 7.88382911682129 7.88545942306519 7.8850359916687 7.88251304626465 7.87555694580078 7.87129163742065 7.8703145980835 7.86899423599243 7.86742448806763 7.86049604415894 7.85134792327881 7.85206890106201 7.85472965240479 7.85622024536133 7.85749053955078 7.85702896118164 7.8563814163208 7.85507965087891 7.85378551483154 7.85250520706177 7.85127687454224 7.85010528564453 7.84952831268311 7.84933567047119 7.84933662414551 7.84940719604492 7.8573203086853
7.89853429794312 7.89729642868042 7.89604330062866 7.89573287963867 7.89558172225952 7.89712047576904 7.89858961105347 7.89970254898071 7.89959621429443 7.89654493331909 7.89301204681396 7.88881731033325 7.88376379013062 7.87800788879395 7.87607002258301 7.87594032287598 7.87512254714966 7.87414026260376 7.87482500076294 7.87570142745972 7.87769365310669 7.87939786911011 7.87989473342896 7.87884998321533 7.87454986572266 7.87147426605225 7.86989450454712 7.86852693557739 7.86731433868408 7.86033010482788 7.85095596313477 7.85138368606567 7.85373830795288 7.8563027381897 7.85854530334473 7.85756731033325 7.85642290115356 7.85469532012939 7.85320615768433 7.85215950012207 7.85105800628662 7.84989643096924 7.84931039810181 7.84909677505493 7.84912776947021 7.84924697875977 7.85169172286987
7.89757251739502 7.89568567276001 7.89370059967041 7.89350986480713 7.89354419708252 7.89468717575073 7.89573097229004 7.89627170562744 7.89571762084961 7.8925199508667 7.88808631896973 7.88195610046387 7.87693881988525 7.87283182144165 7.87158679962158 7.87169694900513 7.87118816375732 7.87053155899048 7.87117481231689 7.87197637557983 7.87377977371216 7.87546443939209 7.87665271759033 7.87664461135864 7.87411212921143 7.87187051773071 7.86998558044434 7.86848545074463 7.86726570129395 7.86100578308105 7.85265827178955 7.85306215286255 7.85518646240234 7.85727119445801 7.85903835296631 7.85771608352661 7.85626554489136 7.85436344146729 7.85279750823975 7.85185623168945 7.85085678100586 7.84979295730591 7.84923267364502 7.84899759292603 7.8489990234375 7.84908533096313 7.84818172454834
7.89636087417603 7.89386034011841 7.89113473892212 7.89199638366699 7.89315462112427 7.892418384552 7.89173126220703 7.89129734039307 7.89020299911499 7.88751649856567 7.88277578353882 7.87521457672119 7.87111663818359 7.86985158920288 7.86926221847534 7.86899328231812 7.8687572479248 7.86852931976318 7.8691873550415 7.86996126174927 7.87153100967407 7.87312746047974 7.8748345375061 7.87553310394287 7.87410116195679 7.87242794036865 7.87045955657959 7.8687629699707 7.86726379394531 7.86231231689453 7.8559308052063 7.85651302337646 7.85846424102783 7.85890436172485 7.85910987854004 7.85757350921631 7.85595893859863 7.85407018661499 7.85251665115356 7.85158538818359 7.85066890716553 7.84976863861084 7.84925985336304 7.84900331497192 7.84892988204956 7.84892225265503 7.84626054763794
7.8938136100769 7.89204692840576 7.89018440246582 7.89143037796021 7.89287376403809 7.89105606079102 7.88890981674194 7.88509273529053 7.8818507194519 7.87999868392944 7.87569427490234 7.86802196502686 7.86449193954468 7.86435079574585 7.86422300338745 7.86410140991211 7.86398696899414 7.8638744354248 7.86428451538086 7.86490869522095 7.86812353134155 7.87102127075195 7.87259149551392 7.87340831756592 7.872633934021 7.87140321731567 7.86961507797241 7.86815786361694 7.86694192886353 7.86290454864502 7.85769891738892 7.85756587982178 7.85842990875244 7.85820150375366 7.85785007476807 7.85669374465942 7.85545778274536 7.85394239425659 7.85260057449341 7.85158109664917 7.8506293296814 7.84975051879883 7.8492283821106 7.84893751144409 7.84881830215454 7.84876108169556 7.84557819366455
7.89069414138794 7.8902382850647 7.88992643356323 7.89127063751221 7.89263916015625 7.89008283615112 7.88659381866455 7.87836074829102 7.87228202819824 7.87140369415283 7.86785364151001 7.86063575744629 7.8575234413147 7.85776996612549 7.85801982879639 7.85827112197876 7.85821342468262 7.85808229446411 7.85813188552856 7.85855484008789 7.86421966552734 7.86901426315308 7.87016630172729 7.870849609375 7.87054252624512 7.86970090866089 7.86820554733276 7.86717510223389 7.86648321151733 7.8631911277771 7.85882234573364 7.857590675354 7.85697603225708 7.8564977645874 7.85601997375488 7.85549831390381 7.8548731803894 7.85388517379761 7.85284090042114 7.85169172286987 7.85065317153931 7.84973478317261 7.84917259216309 7.84884071350098 7.84868860244751 7.84860134124756 7.84542751312256
7.88968133926392 7.88937377929688 7.88906812667847 7.88998460769653 7.89092397689819 7.88910627365112 7.88543653488159 7.87234497070312 7.86287546157837 7.86215114593506 7.86002111434937 7.85596132278442 7.8543496131897 7.85474061965942 7.85511350631714 7.85547780990601 7.85563135147095 7.85573482513428 7.85605955123901 7.856605052948 7.86013650894165 7.86312007904053 7.86381053924561 7.86422348022461 7.86405181884766 7.8637228012085 7.86320066452026 7.86272287368774 7.86227750778198 7.86007070541382 7.85713481903076 7.85586404800415 7.85492038726807 7.85437345504761 7.85387086868286 7.85366487503052 7.85339879989624 7.8529224395752 7.85232973098755 7.85152149200439 7.85060501098633 7.84957122802734 7.8489875793457 7.84869527816772 7.8485894203186 7.84855031967163 7.84537887573242
7.88910436630249 7.88870477676392 7.88808536529541 7.8884654045105 7.88890218734741 7.88812923431396 7.88451910018921 7.86647701263428 7.85350227355957 7.85276222229004 7.8521900177002 7.85184764862061 7.8519606590271 7.85244607925415 7.85288906097412 7.85331249237061 7.85370922088623 7.85410022735596 7.85483169555664 7.85556697845459 7.85601663589478 7.85642194747925 7.85664129257202 7.85675573348999 7.85665082931519 7.85685968399048 7.85745143890381 7.85755300521851 7.85729646682739 7.85624599456787 7.85486602783203 7.85377502441406 7.85274076461792 7.85216188430786 7.85165643692017 7.8516993522644 7.85174036026001 7.85177183151245 7.85166311264038 7.85129261016846 7.85054206848145 7.84937715530396 7.84877586364746 7.84853982925415 7.84849643707275 7.8485221862793 7.8453516960144
7.88228511810303 7.88083457946777 7.87992906570435 7.87971258163452 7.87936782836914 7.8736572265625 7.86699867248535 7.85551595687866 7.84733533859253 7.84712743759155 7.84797191619873 7.85026216506958 7.85141754150391 7.85164499282837 7.85186338424683 7.8520770072937 7.85219573974609 7.85229158401489 7.85276365280151 7.85325860977173 7.85371398925781 7.85414218902588 7.85445785522461 7.85464859008789 7.85457801818848 7.8546929359436 7.85503578186035 7.85504865646362 7.85482120513916 7.85383272171021 7.85252857208252 7.85173797607422 7.85104846954346 7.85068559646606 7.85037040710449 7.85040092468262 7.85043954849243 7.85050630569458 7.85052394866943 7.85045146942139 7.85007667541504 7.84937191009521 7.84893751144409 7.84867811203003 7.84863567352295 7.84867143630981 7.84550523757935
7.87475347518921 7.87237453460693 7.87122058868408 7.87048673629761 7.86945343017578 7.85918474197388 7.8498158454895 7.84502172470093 7.84172058105469 7.84202337265015 7.84408807754517 7.84857177734375 7.85070180892944 7.85090684890747 7.85097551345825 7.85098028182983 7.85082197189331 7.85062456130981 7.85081338882446 7.85104990005493 7.85159873962402 7.85211992263794 7.85252475738525 7.85278558731079 7.85274314880371 7.85274362564087 7.85279750823975 7.85270738601685 7.8525128364563 7.85158061981201 7.85034322738647 7.84985542297363 7.84951496124268 7.84936332702637 7.84923219680786 7.84923696517944 7.84925699234009 7.84933090209961 7.84944486618042 7.84963321685791 7.84961414337158 7.84936857223511 7.84910345077515 7.84882545471191 7.8487811088562 7.84882116317749 7.84565162658691
7.86260795593262 7.86106014251709 7.86005020141602 7.85966491699219 7.85907173156738 7.85115003585815 7.84416389465332 7.84193706512451 7.84045934677124 7.84078884124756 7.84204053878784 7.84455728530884 7.84726333618164 7.8501238822937 7.85099220275879 7.85091638565063 7.85074424743652 7.85054922103882 7.85051822662354 7.8505072593689 7.85061597824097 7.85073280334473 7.85088300704956 7.85096549987793 7.85090446472168 7.8508677482605 7.85086059570312 7.85083246231079 7.85078859329224 7.85037851333618 7.84981679916382 7.84959411621094 7.84943819046021 7.84933042526245 7.84923076629639 7.84919166564941 7.8491644859314 7.84917831420898 7.84922885894775 7.84934902191162 7.84937238693237 7.84929132461548 7.84913396835327 7.84892749786377 7.84888172149658 7.84889364242554 7.84563779830933
7.85285997390747 7.85163259506226 7.85027933120728 7.85003042221069 7.84970283508301 7.84420299530029 7.83956575393677 7.83931446075439 7.83922290802002 7.83951711654663 7.84007930755615 7.84100961685181 7.84387397766113 7.84832048416138 7.8496732711792 7.84956073760986 7.84939956665039 7.84922647476196 7.8490514755249 7.84887742996216 7.84871435165405 7.84857845306396 7.848557472229 7.84852027893066 7.84844779968262 7.84839868545532 7.84837865829468 7.84841823577881 7.84850215911865 7.84848260879517 7.8484206199646 7.84838438034058 7.84835290908813 7.84829425811768 7.84824228286743 7.84825992584229 7.84827423095703 7.84827470779419 7.84844064712524 7.84891271591187 7.84917974472046 7.84922313690186 7.84915018081665 7.84900236129761 7.84864568710327 7.84821367263794 7.84517526626587
7.85190343856812 7.84912157058716 7.84564018249512 7.84474945068359 7.8440465927124 7.84124565124512 7.83883142471313 7.83838558197021 7.83807897567749 7.83810758590698 7.83843421936035 7.83917093276978 7.84066343307495 7.84277391433716 7.84345865249634 7.84346771240234 7.84340763092041 7.84333086013794 7.84328699111938 7.84325933456421 7.84344291687012 7.84361267089844 7.84372568130493 7.84378337860107 7.84372568130493 7.84375715255737 7.84389781951904 7.84402894973755 7.84415292739868 7.84404182434082 7.84383344650269 7.84369373321533 7.84356784820557 7.84357976913452 7.84363603591919 7.84407806396484 7.84445810317993 7.8446192741394 7.84555292129517 7.8479208946228 7.84916639328003 7.84918832778931 7.84911394119263 7.84897756576538 7.84717512130737 7.84477376937866 7.84306764602661
