Ecospace-environmental-drivers/Outputs/ASCII-for-ecospace/MOM6-ISIMIP3a/ph-bot/2001-04_ph-bot_MOM6-ISIMIP3a.asc
NCOLS 131 
NROWS 53 
XLLCORNER -98 
YLLCORNER 23.9265270233154 
CELLSIZE 0.133587792515755 
NODATA_value -9999 
[rows 21 to 41 of 53, columns 0 to 46 of 131]
-9999 -9999 -9999 -9999 -9999 -9999 8.15084266662598 8.15132331848145 8.15235614776611 8.15385150909424 8.15142917633057 8.14829921722412 8.14976215362549 8.15411949157715 8.1549015045166 8.15155982971191 8.14690113067627 8.14133930206299 8.14392757415771 8.14966201782227 8.15347480773926 8.15694808959961 8.15929794311523 8.16147708892822 8.16243839263916 8.16338920593262 8.16430473327637 8.16480731964111 8.16459083557129 8.16433906555176 8.16404914855957 8.16394710540771 8.1639575958252 8.16354560852051 8.16299247741699 8.16289710998535 8.16286849975586 8.16345024108887 8.16390895843506 8.16358661651611 8.16297912597656 8.16157627105713 8.16010665893555 8.15853214263916 8.15739345550537 8.15665531158447 8.15568733215332
-9999 -9999 -9999 -9999 -9999 -9999 8.15078258514404 8.15084266662598 8.15180397033691 8.15292453765869 8.15385150909424 8.15213775634766 8.15125370025635 8.15201091766357 8.15202808380127 8.15119171142578 8.14847850799561 8.14447593688965 8.14539337158203 8.14821147918701 8.15024471282959 8.15213871002197 8.15423774719238 8.15616130828857 8.15658950805664 8.15710544586182 8.15790748596191 8.15842628479004 8.15845108032227 8.15857982635498 8.15881633758545 8.15928840637207 8.15990447998047 8.16017627716064 8.16033363342285 8.16018486022949 8.15999412536621 8.15982818603516 8.15969371795654 8.15976715087891 8.15958213806152 8.15867805480957 8.15768623352051 8.1565580368042 8.15566730499268 8.15499401092529 8.15422248840332
-9999 -9999 -9999 -9999 8.14790630340576 8.14978981018066 8.15069103240967 8.15081310272217 8.15084266662598 8.15276622772217 8.15423679351807 8.15397071838379 8.15269756317139 8.14943218231201 8.14855861663818 8.15044498443604 8.14980316162109 8.14742374420166 8.14681911468506 8.14690017700195 8.14674282073975 8.14654445648193 8.145920753479 8.14533996582031 8.14519309997559 8.14525699615479 8.14600372314453 8.14709377288818 8.14878177642822 8.15047931671143 8.15218639373779 8.15363693237305 8.15493106842041 8.15595722198486 8.15689468383789 8.15676784515381 8.1564826965332 8.15451908111572 8.15269088745117 8.15172004699707 8.15067481994629 8.1494255065918 8.14841461181641 8.14776992797852 8.14712810516357 8.14648818969727 8.14587116241455
-9999 -9999 -9999 -9999 8.14360904693604 8.14753723144531 8.14888858795166 8.15069103240967 8.15090560913086 8.15363025665283 8.15567016601562 8.15508842468262 8.15380859375 8.15114688873291 8.14984607696533 8.15011310577393 8.14931106567383 8.14777278900146 8.14788722991943 8.14864063262939 8.14687061309814 8.14465522766113 8.09765434265137 8.05477809906006 8.05444717407227 8.05440521240234 8.05529689788818 8.06538963317871 8.09154033660889 8.11456871032715 8.13438415527344 8.14222812652588 8.14277839660645 8.14370059967041 8.14474582672119 8.14496421813965 8.14492797851562 8.12534618377686 8.1049280166626 8.07918739318848 8.0558385848999 8.03915023803711 8.02886009216309 8.02845764160156 8.02803134918213 8.0275821685791 8.02721977233887
-9999 -9999 -9999 -9999 -9999 8.14360904693604 8.14695930480957 8.14708614349365 8.15068912506104 8.15361499786377 8.15583419799805 8.15534687042236 8.154296875 8.15213680267334 8.14677238464355 8.1377124786377 8.12946510314941 8.12177658081055 8.12098217010498 8.1228494644165 8.11996269226074 8.11623764038086 8.03997611999512 7.97042226791382 7.97000026702881 7.96989059448242 7.97079372406006 7.9865779876709 8.0283317565918 8.06456470489502 8.09511756896973 8.10621356964111 8.10545539855957 8.10604953765869 8.10709381103516 8.1074686050415 8.1075325012207 8.07722949981689 8.04551219940186 8.00478553771973 7.96795320510864 7.94196128845215 7.92615413665771 7.92608690261841 7.92584991455078 7.92545747756958 7.9255223274231
-9999 -9999 -9999 -9999 -9999 8.14368724822998 8.14360904693604 8.14645195007324 8.14924907684326 8.14974498748779 8.15042877197266 8.15183448791504 8.15205764770508 8.14994430541992 8.12458038330078 8.07239151000977 8.02476119995117 7.98026323318481 7.97141647338867 7.97633600234985 7.97451257705688 7.97149896621704 7.94103050231934 7.91327810287476 7.91316938400269 7.9131646156311 7.91349601745605 7.92044973373413 7.9389591217041 7.95276737213135 7.96173763275146 7.96231079101562 7.95776891708374 7.95705366134644 7.95761442184448 7.95732021331787 7.95683431625366 7.94605875015259 7.9350061416626 7.92219209671021 7.91054677963257 7.90215539932251 7.89732503890991 7.89799785614014 7.89783954620361 7.89691734313965 7.89816379547119
-9999 -9999 8.14413738250732 8.14402008056641 8.14381694793701 8.14376544952393 8.14368724822998 8.1460132598877 8.14821720123291 8.14749813079834 8.14741706848145 8.14977741241455 8.1496057510376 8.1444263458252 8.09991455078125 8.01002025604248 7.93801355361938 7.8782901763916 7.8676552772522 7.87597560882568 7.87587642669678 7.87429189682007 7.875403881073 7.87644624710083 7.87641716003418 7.87641525268555 7.87649917602539 7.87735843658447 7.8795690536499 7.87795829772949 7.87241506576538 7.8666353225708 7.8607120513916 7.85944080352783 7.85972023010254 7.85898113250732 7.85812616348267 7.86070871353149 7.86372089385986 7.86946821212769 7.87455081939697 7.87778282165527 7.88031339645386 7.88175868988037 7.88196754455566 7.88104200363159 7.88274002075195
-9999.000000000000000 -9999 -9999 -9999 8.14447689056396 8.1438684463501 8.14391613006592 8.14600086212158 8.1480770111084 8.14879703521729 8.14962959289551 8.15089797973633 8.14669132232666 8.13165187835693 8.06984901428223 7.95408773422241 7.89044332504272 7.86258888244629 7.8638334274292 7.87631320953369 7.8793830871582 7.88079261779785 7.88247442245483 7.88393211364746 7.88347434997559 7.88325262069702 7.88379669189453 7.88453054428101 7.88559484481812 7.88385152816772 7.87921905517578 7.87618398666382 7.87412214279175 7.87393760681152 7.87437868118286 7.8736834526062 7.87285470962524 7.87533521652222 7.87800931930542 7.88191604614258 7.88526964187622 7.8870849609375 7.88908576965332 7.89137315750122 7.89258146286011 7.89279937744141 7.89335632324219
-9999 -9999 -9999 -9999 8.14550876617432 8.14579677581787 8.14515686035156 8.14613914489746 8.14728832244873 8.14938449859619 8.15110111236572 8.15135955810547 8.13742923736572 8.09542179107666 8.02169609069824 7.91137027740479 7.86299848556519 7.85717344284058 7.8649845123291 7.87806129455566 7.88345718383789 7.88749742507935 7.88931846618652 7.89083671569824 7.89023351669312 7.88991498947144 7.89051914215088 7.89091539382935 7.89094924926758 7.88934135437012 7.8860445022583 7.88476037979126 7.88470220565796 7.88530492782593 7.88612842559814 7.88577318191528 7.88527250289917 7.88720560073853 7.88919448852539 7.89153957366943 7.8934497833252 7.89415073394775 7.89531326293945 7.89718961715698 7.89855337142944 7.89944648742676 7.89920997619629
-9999 -9999 -9999 -9999 8.14632987976074 8.1468620300293 8.14752006530762 8.14646816253662 8.14568328857422 8.14907932281494 8.15163803100586 8.15099334716797 8.12018203735352 8.02968215942383 7.95078611373901 7.88527822494507 7.86087417602539 7.86469841003418 7.87239360809326 7.88158369064331 7.88824415206909 7.89445829391479 7.89587736129761 7.89700937271118 7.8966178894043 7.89635705947876 7.89651727676392 7.89630937576294 7.89545869827271 7.89432334899902 7.89289569854736 7.89211225509644 7.89172220230103 7.89273595809937 7.89421844482422 7.89457607269287 7.89478349685669 7.89560842514038 7.89647531509399 7.89761018753052 7.89843654632568 7.89840316772461 7.89833927154541 7.89822816848755 7.89868545532227 7.89966487884521 7.89907121658325
-9999 -9999 -9999 -9999 8.1468620300293 8.1476583480835 8.14859390258789 8.14820289611816 8.14804840087891 8.15091800689697 8.15296077728271 8.15183925628662 8.12286949157715 8.03879833221436 7.95902347564697 7.88420724868774 7.86027526855469 7.87128829956055 7.8797755241394 7.88728761672974 7.89301300048828 7.89842319488525 7.89962005615234 7.90058851242065 7.90041780471802 7.90029144287109 7.90030717849731 7.89990997314453 7.8987922668457 7.89805030822754 7.89769506454468 7.89741182327271 7.8971734046936 7.89807987213135 7.89936828613281 7.90008449554443 7.90071678161621 7.90071582794189 7.90075540542603 7.90105009078979 7.90084362030029 7.89924049377441 7.8980565071106 7.89752101898193 7.89785814285278 7.89899587631226 7.89828729629517
-9999 -9999 -9999 -9999 8.147705078125 8.14859390258789 8.15058517456055 8.15099048614502 8.15339183807373 8.15436553955078 8.15487289428711 8.15359497070312 8.14050769805908 8.10405540466309 8.02662181854248 7.90190267562866 7.86082077026367 7.8771767616272 7.88713645935059 7.8946270942688 7.89776802062988 7.9001407623291 7.9012508392334 7.90222311019897 7.90227937698364 7.90234518051147 7.90244054794312 7.90216541290283 7.90124368667603 7.9008355140686 7.90095520019531 7.90117168426514 7.90144777297974 7.90185832977295 7.90231370925903 7.90312099456787 7.90396642684937 7.9033522605896 7.9027853012085 7.90251779556274 7.90131616592407 7.89751577377319 7.89529180526733 7.89550542831421 7.89631175994873 7.89766120910645 7.89701986312866
-9999 -9999 -9999 -9999 8.14859390258789 8.15151786804199 8.15328121185303 8.15455341339111 8.15450286865234 8.15311241149902 8.15187168121338 8.15120220184326 8.1444206237793 8.12554168701172 8.05044269561768 7.91047334671021 7.86285066604614 7.87864589691162 7.88901281356812 7.89728355407715 7.89963293075562 7.90093755722046 7.90089845657349 7.90078258514404 7.90027141571045 7.89987564086914 7.89985418319702 7.90033864974976 7.90170574188232 7.90253448486328 7.90280866622925 7.9030327796936 7.90322685241699 7.90338087081909 7.90352201461792 7.90262365341187 7.90158891677856 7.90156412124634 7.90144014358521 7.90068435668945 7.89913558959961 7.8953800201416 7.893141746521 7.89324855804443 7.89376735687256 7.8946647644043 7.89412975311279
-9999 -9999 -9999 -9999 -9999 8.15308666229248 8.15361309051514 8.15429878234863 8.15379905700684 8.14984512329102 8.14676475524902 8.14703273773193 8.1424503326416 8.12826919555664 8.05550193786621 7.91513347625732 7.86551666259766 7.87822198867798 7.8885383605957 7.89793252944946 7.90025949478149 7.90133953094482 7.89969635009766 7.89802408218384 7.89660501480103 7.89546775817871 7.89524507522583 7.89676189422607 7.9013147354126 7.90376758575439 7.90405941009521 7.90408039093018 7.90393686294556 7.90393686294556 7.90398502349854 7.90061140060425 7.89679956436157 7.8978796005249 7.89864873886108 7.89743661880493 7.89581823348999 7.89306879043579 7.89125537872314 7.89088773727417 7.89079570770264 7.89095640182495 7.89054441452026
-9999 -9999 -9999 -9999 -9999 8.15194988250732 8.15236568450928 8.15198612213135 8.15170669555664 8.14660167694092 8.14232540130615 8.14122676849365 8.13500690460205 8.11865425109863 8.04767227172852 7.91365623474121 7.8661642074585 7.87809181213379 7.88789796829224 7.89688491821289 7.8998851776123 7.9018292427063 7.89924001693726 7.89644861221313 7.89279937744141 7.88927841186523 7.88617372512817 7.8866229057312 7.8932728767395 7.89674139022827 7.89693641662598 7.89703273773193 7.8970685005188 7.89638566970825 7.89546346664429 7.89375495910645 7.89195489883423 7.89251661300659 7.89306783676147 7.89355373382568 7.89351367950439 7.89201021194458 7.8908953666687 7.89038181304932 7.88981246948242 7.8891921043396 7.88898515701294
-9999 -9999 -9999 -9999 -9999 8.14958095550537 8.14986991882324 8.15081214904785 8.14932727813721 8.1433629989624 8.13802433013916 8.13508129119873 8.12643051147461 8.10648536682129 8.03717613220215 7.9109091758728 7.86639451980591 7.87802314758301 7.88722324371338 7.89548587799072 7.89930391311646 7.90233755111694 7.89893817901611 7.89511823654175 7.88896465301514 7.88271999359131 7.87617921829224 7.87512540817261 7.88364744186401 7.88800668716431 7.88808155059814 7.88831043243408 7.88863229751587 7.88715744018555 7.88508319854736 7.88589668273926 7.88709926605225 7.88680648803711 7.8869104385376 7.88953924179077 7.89141845703125 7.89121055603027 7.89085149765015 7.89025974273682 7.88924074172974 7.88782978057861 7.88784551620483
-9999 -9999 -9999 -9999 -9999 -9999 8.14650630950928 8.14681243896484 8.14634037017822 8.14074993133545 8.13550281524658 8.13157558441162 8.12150955200195 8.09929656982422 8.02994441986084 7.90620231628418 7.86328506469727 7.87587404251099 7.88541507720947 7.8937783241272 7.89688110351562 7.89905500411987 7.89449501037598 7.88952159881592 7.88232851028442 7.8749475479126 7.86695861816406 7.86334371566772 7.8673620223999 7.86935091018677 7.86925077438354 7.86943435668945 7.86979007720947 7.86901998519897 7.86787509918213 7.86865139007568 7.86972236633301 7.87480115890503 7.8799352645874 7.8854193687439 7.88939523696899 7.88917398452759 7.88891315460205 7.88859224319458 7.88803243637085 7.88725328445435 7.88484811782837
-9999 -9999 -9999 -9999 -9999 -9999 8.1428279876709 8.14189338684082 8.143235206604 8.13812446594238 8.13309288024902 8.12836933135986 8.11678409576416 8.0916223526001 8.02212429046631 7.90146970748901 7.86035251617432 7.87385749816895 7.88374710083008 7.89224052429199 7.89437532424927 7.89538812637329 7.88965559005737 7.88352966308594 7.87535190582275 7.86702489852905 7.8582124710083 7.85248470306396 7.85213994979858 7.85184144973755 7.85159063339233 7.85157489776611 7.85170221328735 7.85158967971802 7.8513970375061 7.85200452804565 7.85278940200806 7.86278820037842 7.87248563766479 7.88026475906372 7.8859224319458 7.88567543029785 7.88553285598755 7.88555097579956 7.88546371459961 7.88527917861938 7.8807258605957
-9999 -9999 -9999 -9999 -9999 -9999 8.13815498352051 8.13977813720703 8.13914966583252 8.13506507873535 8.13101387023926 8.12709426879883 8.11240196228027 8.07639408111572 8.00646495819092 7.89739799499512 7.86090183258057 7.87424373626709 7.88412094116211 7.89266061782837 7.89186668395996 7.88942575454712 7.88256359100342 7.87535715103149 7.86609077453613 7.85808324813843 7.85415840148926 7.85160398483276 7.85144090652466 7.85129880905151 7.85117769241333 7.84940958023071 7.84663772583008 7.84595394134521 7.84596681594849 7.84622859954834 7.84657382965088 7.85369729995728 7.86036396026611 7.86412191390991 7.86694669723511 7.86717557907104 7.86767578125 7.86859464645386 7.86868476867676 7.86801433563232 7.86548852920532
-9999 -9999 -9999 -9999 -9999 8.13024139404297 8.13335418701172 8.13279438018799 8.13500690460205 8.13164806365967 8.12820625305176 8.1244478225708 8.10560417175293 8.05691337585449 7.98732852935791 7.89363574981689 7.86316967010498 7.8761248588562 7.88554573059082 7.89360189437866 7.88938856124878 7.88301038742065 7.87432050704956 7.86555147171021 7.85654640197754 7.84963607788086 7.84951877593994 7.84942483901978 7.8493709564209 7.84933090209961 7.84930562973022 7.84654474258423 7.84211778640747 7.84114217758179 7.84131669998169 7.84133148193359 7.84135580062866 7.84570074081421 7.84954309463501 7.8501877784729 7.850830078125 7.85146570205688 7.85247087478638 7.85404682159424 7.8544979095459 7.85391616821289 7.85321378707886
-9999 -9999 -9999 -9999 8.12937927246094 8.12985420227051 8.13024139404297 8.13060283660889 8.13065910339355 8.12692070007324 8.12272262573242 8.11676788330078 8.08994770050049 8.02184391021729 7.95544338226318 7.89100885391235 7.87173891067505 7.88348627090454 7.89082193374634 7.89645433425903 7.88702201843262 7.87493133544922 7.86185741424561 7.84975862503052 7.84596538543701 7.8430027961731 7.84273481369019 7.8424859046936 7.84227132797241 7.84213590621948 7.84208202362061 7.84111642837524 7.83959579467773 7.83934926986694 7.83952713012695 7.83965873718262 7.8397970199585 7.84171676635742 7.84349250793457 7.84435367584229 7.84519577026367 7.84598541259766 7.84699106216431 7.8483304977417 7.84981441497803 7.85143089294434 7.85180044174194
