Ecospace-environmental-drivers/Outputs/ASCII-for-ecospace/MOM6-ISIMIP3a/ph-bot/2001-11_ph-bot_MOM6-ISIMIP3a.asc
NCOLS 131 
NROWS 53 
XLLCORNER -98 
YLLCORNER 23.9265270233154 
CELLSIZE 0.133587792515755 
NODATA_value -9999 
[rows 0 to 20 of 53, columns 47 to 93 of 131]
-9999 -9999 -9999 -9999 -9999 -9999 -9999 -9999 -9999 -9999 -9999 -9999 -9999 -9999 -9999 -9999 -9999 -9999 -9999 -9999 -9999 -9999 -9999 -9999 -9999 -9999 -9999 -9999 -9999 -9999 -9999 -9999 -9999 -9999 -9999 -9999 -9999 -9999 -9999 -9999 -9999 -9999 -9999 -9999 -9999 -9999 -9999
-9999 -9999 -9999 -9999 -9999 -9999 -9999 -9999 -9999 -9999 -9999 -9999 -9999 -9999 -9999 -9999 -9999 -9999 -9999 -9999 -9999 -9999 -9999 -9999 -9999 -9999 -9999 -9999 -9999 -9999 -9999 -9999 -9999 -9999 -9999 -9999 -9999 -9999 -9999 -9999 -9999 -9999 -9999 -9999 -9999 -9999 -9999
-9999 -9999 -9999 -9999 -9999 -9999 -9999 -9999 -9999 -9999 -9999 -9999 -9999 -9999 -9999 -9999 -9999 -9999 -9999 -9999 -9999 -9999 -9999 -9999 -9999 -9999 -9999 8.20337009429932 8.21012496948242 -9999 -9999 -9999 -9999 -9999 -9999 -9999 -9999 -9999 -9999 -9999 -9999 -9999 -9999 -9999 -9999 -9999 -9999
-9999 -9999 -9999 -9999 -9999 -9999 -9999 -9999 -9999 -9999 -9999 -9999 -9999 -9999 -9999 -9999 -9999 -9999 -9999 -9999 -9999 -9999 -9999 -9999 -9999 -9999 -9999 8.20328140258789 8.21120262145996 -9999 -9999 -9999 -9999 -9999 -9999 -9999 -9999 -9999 -9999 -9999 -9999 -9999 -9999 -9999 -9999 -9999 -9999
-9999 -9999 -9999 -9999 -9999 -9999 -9999 -9999 -9999 -9999 -9999 -9999 -9999 -9999 -9999 -9999 -9999 -9999 8.16495513916016 8.16615009307861 8.16710662841797 8.17268371582031 8.17709255218506 8.18344402313232 8.18680572509766 8.189133644104 8.19445991516113 8.20328330993652 8.21210193634033 8.21822452545166 -9999 -9999 8.20201206207275 8.19206619262695 8.18378353118896 8.17742729187012 8.17397212982178 8.17250347137451 8.17370223999023 8.17699337005615 8.1824426651001 8.18847846984863 -9999 -9999 -9999 -9999 -9999
-9999 -9999 -9999 -9999 -9999 -9999 -9999 -9999 -9999 -9999 -9999 -9999 -9999 -9999 8.0153112411499 -9999 8.01752662658691 8.01962089538574 8.09382057189941 8.16495513916016 8.16638946533203 8.16710662841797 8.17826080322266 8.18591022491455 8.18616104125977 8.18834590911865 8.19289302825928 8.20214176177979 8.21481513977051 8.21934795379639 8.22050952911377 8.21216678619385 8.20195484161377 8.19191551208496 8.18232917785645 8.1771068572998 8.1728458404541 8.17196464538574 8.17270088195801 8.17644023895264 8.18183994293213 8.18904685974121 8.19454956054688 8.19894886016846 -9999 -9999 -9999
-9999 -9999 -9999 -9999 -9999 -9999 -9999 -9999 -9999 -9999 7.63794326782227 7.64584302902222 7.65310907363892 7.67670583724976 7.85738849639893 8.0153865814209 8.01523494720459 8.01772403717041 8.01962089538574 8.09688568115234 8.16495513916016 8.16710662841797 8.17826080322266 8.18591022491455 8.18616104125977 8.18834590911865 8.19289302825928 8.20214176177979 8.21481513977051 8.21934795379639 8.22050952911377 8.21216678619385 8.20195484161377 8.19191551208496 8.18232917785645 8.1771068572998 8.1728458404541 8.17196464538574 8.17270088195801 8.17644023895264 8.18183994293213 8.18904685974121 8.19454956054688 8.19894886016846 8.20011138916016 8.20169067382812 -9999
-9999 -9999 -9999 -9999 -9999 -9999 -9999 -9999 -9999 -9999 7.59558725357056 7.63794326782227 7.65374326705933 -9999 7.70873308181763 7.87994718551636 8.01553916931152 8.01523494720459 8.01831722259521 8.01962089538574 8.10608196258545 8.17673873901367 8.18126106262207 8.18414211273193 8.18355846405029 8.18494129180908 8.18872547149658 8.19508171081543 8.20331192016602 8.20526790618896 8.20462608337402 8.19699096679688 8.18798160552979 8.17956161499023 8.17146873474121 8.16634559631348 8.16207790374756 8.1608190536499 8.16161727905273 8.16623783111572 8.17249298095703 8.18052673339844 8.18741321563721 8.1935567855835 8.1995267868042 8.2054328918457 8.21270084381104
-9999 -9999 -9999 -9999 -9999 -9999 -9999 -9999 -9999 -9999 -9999 -9999 -9999 -9999 7.69543647766113 7.76121950149536 7.91230726242065 8.01584243774414 8.01523494720459 8.020094871521 8.11283397674561 8.18717575073242 8.18452453613281 8.18223571777344 8.1807107925415 8.18116283416748 8.1840295791626 8.18716335296631 8.19049072265625 8.18963623046875 8.18704891204834 8.18022918701172 8.17257595062256 8.16596031188965 8.15950393676758 8.15423774719238 8.1497917175293 8.14823246002197 8.14919567108154 8.15484142303467 8.16207599639893 8.17104244232178 8.1794605255127 8.18752288818359 8.19611835479736 8.20490455627441 8.21505260467529
8.16899490356445 -9999 -9999 -9999 -9999 -9999 -9999 -9999 -9999 -9999 7.82159566879272 7.55217218399048 -9999 -9999 -9999 7.74722290039062 7.83529281616211 7.94794178009033 8.01645088195801 8.02249240875244 8.11471748352051 8.18855094909668 8.1854190826416 8.18233108520508 8.17933654785156 8.17751312255859 8.17712211608887 8.17673683166504 8.17635631561279 8.17445087432861 8.17191410064697 8.1668586730957 8.16130828857422 8.15659618377686 8.15104484558105 8.13698196411133 8.1265344619751 8.12880039215088 8.13315105438232 8.14137363433838 8.15062522888184 8.16099739074707 8.17072582244873 8.18003749847412 8.18987941741943 8.19991111755371 8.21245574951172
8.16687488555908 8.1665620803833 -9999 -9999 -9999 -9999 -9999 -9999 -9999 -9999 7.95470952987671 7.80432987213135 7.55217218399048 -9999 -9999 7.76434278488159 7.83938312530518 7.9021520614624 7.96648836135864 8.0323657989502 8.11909484863281 8.18842792510986 8.18495464324951 8.18121242523193 8.17690086364746 8.1730842590332 8.16987133026123 8.16658496856689 8.16324329376221 8.16059875488281 8.15824317932129 8.15488815307617 8.15133571624756 8.14674663543701 8.14005661010742 8.113205909729 8.09497451782227 8.10704612731934 8.11842060089111 8.12849807739258 8.13934803009033 8.15104007720947 8.16167545318604 8.17162895202637 8.18230438232422 8.19324016571045 8.20746898651123
8.16687488555908 8.16593551635742 8.11921119689941 8.08375930786133 -9999 -9999 -9999 -9999 -9999 -9999 -9999 7.93313550949097 7.77069187164307 7.55217218399048 7.63794326782227 7.76434278488159 7.83938312530518 7.9021520614624 7.99250650405884 8.08233070373535 8.13685321807861 8.18026924133301 8.17720317840576 8.17357921600342 8.168776512146 8.16447162628174 8.16077518463135 8.15789794921875 8.15561771392822 8.15390396118164 8.15242481231689 8.15042304992676 8.14831829071045 8.13429260253906 8.11549949645996 8.05445766448975 8.01887989044189 8.07283592224121 8.11073112487793 8.11879730224609 8.12900733947754 8.14155197143555 8.15093231201172 8.15826511383057 8.16756534576416 8.17757225036621 8.18965911865234
8.15997791290283 8.13147354125977 8.09639549255371 8.08304023742676 -9999 -9999 -9999 -9999 7.99848556518555 7.96105098724365 7.94948291778564 7.97342681884766 7.8764967918396 7.68067121505737 7.69586038589478 7.81100273132324 7.8759388923645 7.92887878417969 8.02535343170166 8.12031650543213 8.14974117279053 8.17272186279297 8.16873836517334 8.16350650787354 8.15564250946045 8.14458656311035 8.12963104248047 8.11852359771729 8.11021995544434 8.10838603973389 8.10923194885254 8.10938167572021 8.10939407348633 8.08843994140625 8.06196308135986 7.98911714553833 7.94917678833008 8.02493381500244 8.07758235931396 8.08731365203857 8.10182189941406 8.1215353012085 8.13430404663086 8.14258003234863 8.15150165557861 8.16065502166748 8.17084693908691
8.13584136962891 8.11685848236084 8.09515380859375 8.08304023742676 8.07184219360352 8.05886936187744 8.04464054107666 8.02402591705322 7.99848556518555 7.96105098724365 7.94948291778564 7.97342681884766 7.94393014907837 7.87070989608765 7.89857244491577 7.97431564331055 8.00388526916504 8.02242279052734 8.07527351379395 8.12835216522217 8.15045166015625 8.16670417785645 8.15849113464355 8.14733982086182 8.1299877166748 8.09652328491211 8.04336738586426 8.00243091583252 7.97039365768433 7.96581220626831 7.97260046005249 7.97689819335938 7.98070621490479 7.95909452438354 7.93597269058228 7.9072961807251 7.89545440673828 7.94280338287354 7.98078584671021 8.00137233734131 8.03252696990967 8.07519435882568 8.10296249389648 8.1210880279541 8.13212394714355 8.1406135559082 8.14952564239502
8.11358070373535 8.10402679443359 8.09475708007812 8.08417987823486 8.07341289520264 8.06115913391113 8.04806900024414 8.03072357177734 8.01037788391113 7.98278379440308 7.97711372375488 8.00154113769531 8.01350402832031 8.01526832580566 8.04471874237061 8.08728313446045 8.09468555450439 8.0936861038208 8.11545276641846 8.13802051544189 8.14949035644531 8.15297698974609 8.12305545806885 8.09322738647461 8.06359767913818 8.02185916900635 7.96531867980957 7.92256689071655 7.88985824584961 7.8856840133667 7.89332675933838 7.89806509017944 7.90223264694214 7.8817572593689 7.86208295822144 7.85914850234985 7.86336755752563 7.89273881912231 7.91998720169067 7.94329118728638 7.97914886474609 8.02868366241455 8.06885623931885 8.10297203063965 8.1173849105835 8.12472057342529 8.13227558135986
8.09397506713867 8.09371852874756 8.09555530548096 8.08692932128906 8.07720375061035 8.06668567657471 8.05634307861328 8.04689025878906 8.03908252716064 8.03524398803711 8.04380893707275 8.06940364837646 8.08610343933105 8.09552574157715 8.1108922958374 8.12907314300537 8.13296699523926 8.13344764709473 8.14186096191406 8.14999675750732 8.146164894104 8.12834930419922 8.0520076751709 7.98546743392944 7.93961763381958 7.90958452224731 7.8988823890686 7.89392471313477 7.89315032958984 7.89384412765503 7.89514589309692 7.89508390426636 7.89475345611572 7.87795114517212 7.8618540763855 7.85860824584961 7.86186981201172 7.88801097869873 7.91008281707764 7.92459869384766 7.94827461242676 7.98193168640137 8.03084468841553 8.08962917327881 8.10920429229736 8.11469459533691 8.12077808380127
8.08650875091553 8.09151458740234 8.09959602355957 8.09775066375732 8.09472942352295 8.08735370635986 8.07967662811279 8.07046985626221 8.06599426269531 8.07294178009033 8.0870189666748 8.11088466644287 8.12688255310059 8.13644504547119 8.13835716247559 8.13664627075195 8.13743019104004 8.1388111114502 8.14029026031494 8.1390962600708 8.09890365600586 8.05200958251953 7.97707080841064 7.91560411453247 7.88257837295532 7.86818981170654 7.87658071517944 7.88497877120972 7.89338159561157 7.89428472518921 7.89208173751831 7.89188575744629 7.89208459854126 7.87680625915527 7.86201620101929 7.85759258270264 7.85891246795654 7.88042688369751 7.89880990982056 7.91137790679932 7.93014574050903 7.95566892623901 8.00215244293213 8.06219863891602 8.09034061431885 8.10702323913574 8.11320972442627
8.08926486968994 8.09613418579102 8.10636806488037 8.11537075042725 8.12382125854492 8.12077045440674 8.11569118499756 8.10029220581055 8.09139728546143 8.09820938110352 8.11045169830322 8.13014888763428 8.14086532592773 8.14423561096191 8.13322639465332 8.11540508270264 8.1134147644043 8.11520767211914 8.11515712738037 8.10892963409424 8.01464176177979 7.9321231842041 7.89885854721069 7.87765407562256 7.88191080093384 7.88648462295532 7.89144515991211 7.89261913299561 7.89103507995605 7.88822412490845 7.88490533828735 7.88850593566895 7.89346647262573 7.8779034614563 7.86250782012939 7.85617589950562 7.8547248840332 7.87043714523315 7.88638353347778 7.90276575088501 7.92275047302246 7.9466609954834 7.98130893707275 8.02290439605713 8.06248188018799 8.10133457183838 8.10894966125488
8.09777450561523 8.10168743133545 8.10783576965332 8.11685943603516 8.12578773498535 8.1241979598999 8.12148475646973 8.11305522918701 8.10912895202637 8.11607360839844 8.12433052062988 8.13439083099365 8.13700866699219 8.13353729248047 8.10001945495605 8.05226802825928 8.03782272338867 8.03133487701416 8.0301628112793 8.02427101135254 7.94435691833496 7.87875509262085 7.87304830551147 7.87339210510254 7.88650798797607 7.89410352706909 7.89495325088501 7.89286613464355 7.88864088058472 7.88353252410889 7.87805795669556 7.88431262969971 7.89287376403809 7.87940120697021 7.86576795578003 7.8585376739502 7.85479307174683 7.86330604553223 7.87407493591309 7.88903474807739 7.90724277496338 7.92898941040039 7.95694398880005 7.98891592025757 8.029616355896 8.07345199584961 8.09221839904785
8.10910034179688 8.10769748687744 8.10670948028564 8.11045551300049 8.11448097229004 8.11294937133789 8.11248779296875 8.11747169494629 8.12310600280762 8.1303129196167 8.1335334777832 8.13128089904785 8.12442111968994 8.11379146575928 8.05307292938232 7.96862840652466 7.93699073791504 7.91797018051147 7.91587543487549 7.91294431686401 7.88091135025024 7.85793828964233 7.87288236618042 7.88561582565308 7.89368104934692 7.89649868011475 7.89290332794189 7.88949537277222 7.88622331619263 7.87950992584229 7.87137126922607 7.87972211837769 7.8913140296936 7.88109493255615 7.87038326263428 7.86274862289429 7.85694360733032 7.85757350921631 7.86182403564453 7.87279891967773 7.88776445388794 7.90707778930664 7.93085622787476 7.95752334594727 7.994300365448 8.03470897674561 8.06938457489014
8.1066722869873 8.10436916351318 8.10198593139648 8.101487159729 8.10108375549316 8.09806060791016 8.09636211395264 8.10140323638916 8.10641574859619 8.11136245727539 8.11433029174805 8.11458206176758 8.11152076721191 8.10574913024902 8.04189777374268 7.95053434371948 7.90942621231079 7.88032579421997 7.88007497787476 7.88102531433105 7.87060451507568 7.86533689498901 7.88163423538208 7.89312839508057 7.89448213577271 7.89346122741699 7.88953733444214 7.88663721084595 7.88448286056519 7.8781909942627 7.87018585205078 7.87466764450073 7.88160371780396 7.87969493865967 7.87752389907837 7.8759937286377 7.87327289581299 7.86636781692505 7.86273193359375 7.86516666412354 7.87147808074951 7.88201284408569 7.89753675460815 7.91628885269165 7.94515180587769 7.97764682769775 8.02010250091553
