Ecospace-environmental-drivers/Outputs/ASCII-for-ecospace/MOM6-ISIMIP3a/ph-bot/2002-07_ph-bot_MOM6-ISIMIP3a.asc
NCOLS 131 
NROWS 53 
XLLCORNER -98 
YLLCORNER 23.9265270233154 
CELLSIZE 0.133587792515755 
NODATA_value -9999 
[rows 21 to 41 of 53, columns 0 to 46 of 131]
-9999 -9999 -9999 -9999 -9999 -9999 8.10961723327637 8.1088695526123 8.10683631896973 8.10378360748291 8.10192966461182 8.10142421722412 8.1015796661377 8.10204410552979 8.09895038604736 8.0917501449585 8.08176422119141 8.06986713409424 8.07349300384521 8.08311367034912 8.09129333496094 8.09921932220459 8.10081005096436 8.10232448577881 8.10436630249023 8.10611629486084 8.10692310333252 8.10786437988281 8.10904216766357 8.10998630523682 8.11068916320801 8.1122407913208 8.11430835723877 8.1166353225708 8.11904907226562 8.1202392578125 8.12125205993652 8.12128448486328 8.12126636505127 8.12092876434326 8.1203670501709 8.11917877197266 8.11718559265137 8.11394596099854 8.11201286315918 8.11127948760986 8.11110401153564
-9999 -9999 -9999 -9999 -9999 -9999 8.10970592498779 8.10961723327637 8.10812187194824 8.1058235168457 8.10378360748291 8.10058116912842 8.0971565246582 8.09329223632812 8.09098720550537 8.09047985076904 8.08695316314697 8.08135223388672 8.08500862121582 8.09223937988281 8.09873580932617 8.1051025390625 8.10658359527588 8.10798263549805 8.10959434509277 8.11097812652588 8.11162185668945 8.1122522354126 8.11285877227783 8.11349201202393 8.11415386199951 8.11536884307861 8.11692047119141 8.11861419677734 8.12035465240479 8.12235736846924 8.12438488006592 8.12485027313232 8.12525367736816 8.12525844573975 8.12512397766113 8.12459850311279 8.12372779846191 8.12232303619385 8.1215353012085 8.12131404876709 8.12141704559326
-9999 -9999 -9999 -9999 8.11087989807129 8.11004257202148 8.1098518371582 8.10964870452881 8.10961723327637 8.10662746429443 8.10326480865479 8.09847068786621 8.09262466430664 8.08469772338867 8.08346652984619 8.08996105194092 8.092848777771 8.09325981140137 8.09674453735352 8.10141563415527 8.10581398010254 8.11016368865967 8.10958003997803 8.10908889770508 8.11026096343994 8.11129093170166 8.11186027526855 8.11292457580566 8.11485385894775 8.11636447906494 8.11744594573975 8.11849308013916 8.1195182800293 8.12053680419922 8.12155151367188 8.1242847442627 8.12723636627197 8.12759208679199 8.12774658203125 8.12661743164062 8.12550163269043 8.12442111968994 8.12387371063232 8.12414741516113 8.12435531616211 8.12450218200684 8.1247673034668
-9999 -9999 -9999 -9999 8.11287975311279 8.11074352264404 8.11023330688477 8.1098518371582 8.10947704315186 8.10471153259277 8.10001277923584 8.09557056427002 8.09212207794189 8.09063911437988 8.09296321868896 8.0996789932251 8.10338497161865 8.10502529144287 8.10755729675293 8.11043357849121 8.11423397064209 8.11819744110107 8.07813167572021 8.04147148132324 8.0412130355835 8.04127597808838 8.04238414764404 8.05513668060303 8.088210105896 8.11015892028809 8.12065982818604 8.12503528594971 8.12567806243896 8.12612533569336 8.12650775909424 8.12760829925537 8.12873554229736 8.11978054046631 8.10847949981689 8.08224678039551 8.0579252243042 8.03892517089844 8.02768421173096 8.02843379974365 8.02920722961426 8.03000259399414 8.03064441680908
-9999 -9999 -9999 -9999 -9999 8.11287975311279 8.11001014709473 8.11061477661133 8.10783863067627 8.10046768188477 8.0941858291626 8.09206867218018 8.09232425689697 8.09727478027344 8.09947204589844 8.0984935760498 8.09553718566895 8.09122276306152 8.09125423431396 8.09296417236328 8.09608459472656 8.09945297241211 8.03440284729004 7.97484254837036 7.97351980209351 7.9728569984436 7.97433471679688 7.99444532394409 8.04707145690918 8.08155059814453 8.09735679626465 8.10329341888428 8.10321712493896 8.10313510894775 8.10305118560791 8.10283470153809 8.10249805450439 8.08800601959229 8.06982421875 8.02815055847168 7.98957633972168 7.95963144302368 7.94183158874512 7.94280195236206 7.94395685195923 7.94528150558472 7.9465126991272
-9999 -9999 -9999 -9999 -9999 8.1126594543457 8.11287975311279 8.10669326782227 8.09962368011475 8.08601856231689 8.07706832885742 8.08593082427979 8.09562110900879 8.10695171356201 8.09288120269775 8.0495023727417 8.007080078125 7.96531581878662 7.95605945587158 7.95935583114624 7.96143484115601 7.96329927444458 7.93682527542114 7.91254997253418 7.91176843643188 7.91143321990967 7.91254472732544 7.92102670669556 7.94236946105957 7.95470857620239 7.9577841758728 7.95753717422485 7.95526647567749 7.95483493804932 7.95501661300659 7.95486450195312 7.9546422958374 7.95116233825684 7.94615364074707 7.93141269683838 7.91784238815308 7.90752935409546 7.90129852294922 7.90137529373169 7.90210390090942 7.90343046188354 7.90618562698364
-9999 -9999 8.11181163787842 8.11199569702148 8.1122932434082 8.11243915557861 8.1126594543457 8.10145854949951 8.08951091766357 8.07585620880127 8.06835556030273 8.08440971374512 8.0988302230835 8.11001968383789 8.07865524291992 7.99819087982178 7.93139362335205 7.87398195266724 7.86256551742554 7.86890935897827 7.87103414535522 7.87241411209106 7.87252283096313 7.87256050109863 7.87223672866821 7.87221574783325 7.87317705154419 7.87372970581055 7.87356948852539 7.87078952789307 7.86531352996826 7.86121034622192 7.85794353485107 7.85729265213013 7.85751390457153 7.85744094848633 7.85735893249512 7.86161327362061 7.86576366424561 7.86925411224365 7.87254095077515 7.87526082992554 7.87688016891479 7.87680053710938 7.87747669219971 7.87884712219238 7.88207578659058
-9999.000000000000000 -9999 -9999 -9999 8.11125564575195 8.11214733123779 8.11201286315918 8.09335803985596 8.07525444030762 8.07504558563232 8.07798290252686 8.09296321868896 8.10184764862061 8.09866905212402 8.04777336120605 7.941819190979 7.88356971740723 7.85808038711548 7.86005640029907 7.8726372718811 7.87717866897583 7.88030052185059 7.88082313537598 7.88123321533203 7.88118600845337 7.88145112991333 7.88273000717163 7.88342571258545 7.88310289382935 7.88052082061768 7.87561368942261 7.87273168563843 7.87108278274536 7.87049579620361 7.87026309967041 7.87030410766602 7.87041711807251 7.87525367736816 7.87980508804321 7.88254165649414 7.88491201400757 7.88626432418823 7.88762378692627 7.88899421691895 7.89043426513672 7.89193868637085 7.89335012435913
-9999 -9999 -9999 -9999 8.10966873168945 8.10917949676514 8.11007881164551 8.08859157562256 8.06827735900879 8.07553005218506 8.08437538146973 8.0993185043335 8.09832096099854 8.06578159332275 8.00127601623535 7.89988613128662 7.85656404495239 7.85312032699585 7.86259841918945 7.87706565856934 7.8832745552063 7.88802576065063 7.88892889022827 7.88964700698853 7.88952207565308 7.88962173461914 7.89044761657715 7.89080953598022 7.89036226272583 7.88834714889526 7.88471794128418 7.88293218612671 7.88226938247681 7.8821816444397 7.88228559494019 7.88262987136841 7.88303232192993 7.88684415817261 7.89039134979248 7.89224815368652 7.89376068115234 7.89431285858154 7.89522218704224 7.89668369293213 7.89799070358276 7.89915657043457 7.89918947219849
-9999 -9999 -9999 -9999 8.10842990875244 8.10768032073975 8.10675525665283 8.08802032470703 8.07045841217041 8.07764339447021 8.08669853210449 8.10290813446045 8.08656311035156 8.0058012008667 7.93513536453247 7.87611818313599 7.8557505607605 7.86192560195923 7.87149477005005 7.88237476348877 7.88930988311768 7.89554834365845 7.89679145812988 7.89773416519165 7.89708805084229 7.89645338058472 7.89585542678833 7.89528512954712 7.89476156234741 7.89377641677856 7.89231634140015 7.89147090911865 7.89099884033203 7.89195775985718 7.89339399337769 7.89427995681763 7.89509010314941 7.89585590362549 7.89662933349609 7.89745092391968 7.89817810058594 7.89864301681519 7.89886379241943 7.89870691299438 7.89875268936157 7.89898443222046 7.89819002151489
-9999 -9999 -9999 -9999 8.10768032073975 8.10656070709229 8.10524559020996 8.09150886535645 8.07864284515381 8.08445739746094 8.0915994644165 8.10382556915283 8.08666610717773 8.01136207580566 7.94070339202881 7.875403881073 7.85715913772583 7.87122917175293 7.88073825836182 7.88848733901978 7.89408302307129 7.89929866790771 7.9005446434021 7.90150785446167 7.90083789825439 7.9000391960144 7.89882230758667 7.89797067642212 7.8977575302124 7.89770984649658 7.89783334732056 7.89778852462769 7.89764165878296 7.89865112304688 7.90004587173462 7.90087127685547 7.90160846710205 7.90099668502808 7.90048122406006 7.90058088302612 7.90045881271362 7.89971828460693 7.89901256561279 7.89835977554321 7.89816856384277 7.89840078353882 7.89737224578857
-9999 -9999 -9999 -9999 8.10649585723877 8.10524559020996 8.09832096099854 8.09804248809814 8.09132957458496 8.0947961807251 8.0984354019165 8.10273838043213 8.09566497802734 8.06608009338379 8.00005435943604 7.89198017120361 7.86023378372192 7.88090562820435 7.89024209976196 7.89520168304443 7.89790964126587 7.90022039413452 7.90121650695801 7.90204620361328 7.90172624588013 7.90119123458862 7.89995718002319 7.89931392669678 7.89970064163208 7.90052175521851 7.90178918838501 7.90244102478027 7.90271854400635 7.90303134918213 7.90335512161255 7.90366840362549 7.90397310256958 7.90323495864868 7.9025444984436 7.90215730667114 7.90113687515259 7.89835262298584 7.89654111862183 7.8962345123291 7.8965744972229 7.89750814437866 7.89669132232666
-9999 -9999 -9999 -9999 8.10524559020996 8.1007661819458 8.09907913208008 8.09848785400391 8.09793567657471 8.09737682342529 8.0972146987915 8.09857177734375 8.0964469909668 8.08743095397949 8.02510738372803 7.90127515792847 7.86300802230835 7.88350248336792 7.89284563064575 7.89788293838501 7.8995509147644 7.90062427520752 7.90058374404907 7.90044927597046 7.8997368812561 7.8989634513855 7.89799022674561 7.89818286895752 7.90041065216064 7.90211391448975 7.90327739715576 7.90378904342651 7.90390348434448 7.9039306640625 7.90392875671387 7.90315294265747 7.90227317810059 7.90184164047241 7.90137720108032 7.90070009231567 7.899338722229 7.89607334136963 7.89392900466919 7.89351654052734 7.89373302459717 7.89452743530273 7.89399576187134
-9999 -9999 -9999 -9999 -9999 8.10030078887939 8.100417137146 8.1007080078125 8.10193729400635 8.0966329574585 8.09253978729248 8.09308528900146 8.09370803833008 8.09448146820068 8.03546142578125 7.90744972229004 7.8656530380249 7.88306427001953 7.89249134063721 7.89883518218994 7.90025568008423 7.90080690383911 7.89939165115356 7.89793682098389 7.89651441574097 7.89528703689575 7.89469337463379 7.89599132537842 7.90059232711792 7.90318393707275 7.90370845794678 7.90372037887573 7.90342044830322 7.90333890914917 7.90333032608032 7.90121746063232 7.89883136749268 7.89889287948608 7.89882612228394 7.89794206619263 7.89647912979126 7.89340305328369 7.8912558555603 7.89054441452026 7.89035749435425 7.89065170288086 7.89043712615967
-9999 -9999 -9999 -9999 -9999 8.10086441040039 8.10140514373779 8.10205554962158 8.10154151916504 8.09420204162598 8.08875179290771 8.09053230285645 8.0923023223877 8.09404945373535 8.03567695617676 7.90793561935425 7.86585187911987 7.88259410858154 7.89184379577637 7.89820051193237 7.89991760253906 7.90081644058228 7.89879941940308 7.89654588699341 7.89285564422607 7.88925266265869 7.88593196868896 7.88606214523315 7.89221477508545 7.89559507369995 7.89612293243408 7.89629411697388 7.89624738693237 7.89549875259399 7.89451551437378 7.8935227394104 7.89253807067871 7.89284086227417 7.8931827545166 7.89377307891846 7.89375114440918 7.8920259475708 7.89067411422729 7.8898983001709 7.88926362991333 7.88875865936279 7.88870525360107
-9999 -9999 -9999 -9999 -9999 8.10028457641602 8.10076999664307 8.1014518737793 8.1002368927002 8.09142303466797 8.0851469039917 8.08858680725098 8.09117317199707 8.09206962585449 8.03379440307617 7.90724420547485 7.86554527282715 7.88211727142334 7.89113521575928 7.89723682403564 7.89936447143555 7.90079069137573 7.89833164215088 7.89538669586182 7.88910675048828 7.88273048400879 7.8760404586792 7.87453174591064 7.88206577301025 7.88621425628662 7.886878490448 7.88734483718872 7.88769054412842 7.88615894317627 7.8840012550354 7.88463687896729 7.88565492630005 7.88614749908447 7.88689994812012 7.88931179046631 7.89105033874512 7.89091634750366 7.89052438735962 7.88973331451416 7.88864231109619 7.88727569580078 7.88735103607178
-9999 -9999 -9999 -9999 -9999 -9999 8.09867858886719 8.09880256652832 8.09817409515381 8.0904712677002 8.08532810211182 8.08998203277588 8.09262466430664 8.09128761291504 8.03124523162842 7.90346717834473 7.86108160018921 7.87733840942383 7.88747930526733 7.89525842666626 7.89709377288818 7.89788007736206 7.89421224594116 7.89003753662109 7.88245868682861 7.87482595443726 7.86701726913452 7.86333656311035 7.866858959198 7.86874008178711 7.86893272399902 7.86922121047974 7.86956882476807 7.86874580383301 7.8675332069397 7.86805868148804 7.86885547637939 7.87399578094482 7.87919139862061 7.88474130630493 7.88879632949829 7.88868999481201 7.8884654045105 7.88805675506592 7.88746023178101 7.88669109344482 7.88448047637939
-9999 -9999 -9999 -9999 -9999 -9999 8.09645557403564 8.09578132629395 8.09610271453857 8.08970069885254 8.08583354949951 8.09167194366455 8.09408187866211 8.08970832824707 8.02783203125 7.89960527420044 7.85684585571289 7.87278127670288 7.88399219512939 7.89337873458862 7.894700050354 7.89459848403931 7.88966369628906 7.8842248916626 7.87546730041504 7.86680698394775 7.85846471786499 7.85303354263306 7.85268306732178 7.85238027572632 7.85212659835815 7.8520770072937 7.85215091705322 7.85198926925659 7.85174942016602 7.8520827293396 7.8525595664978 7.86192417144775 7.87111759185791 7.87922286987305 7.88515472412109 7.88503789901733 7.88498497009277 7.88503074645996 7.88494491577148 7.88473892211914 7.88049650192261
-9999 -9999 -9999 -9999 -9999 -9999 8.09481239318848 8.09478187561035 8.09429740905762 8.08998394012451 8.0879955291748 8.09490394592285 8.09435749053955 8.07905864715576 8.01551628112793 7.89630937576294 7.85703229904175 7.87264585494995 7.88371562957764 7.89303064346313 7.89181184768677 7.88873338699341 7.8822865486145 7.87547063827515 7.86619424819946 7.85822916030884 7.85451698303223 7.85209369659424 7.85191822052002 7.85176706314087 7.85164070129395 7.84976196289062 7.84681558609009 7.84609127044678 7.84610748291016 7.84621000289917 7.84637308120728 7.85331583023071 7.85983324050903 7.86364126205444 7.8664984703064 7.86671018600464 7.86725854873657 7.86832809448242 7.86847543716431 7.86777687072754 7.86536121368408
-9999 -9999 -9999 -9999 -9999 8.09444713592529 8.09438037872314 8.09387397766113 8.09311008453369 8.09045696258545 8.08993339538574 8.09756374359131 8.09197425842285 8.06022644042969 7.995285987854 7.89204597473145 7.85900259017944 7.8741660118103 7.88466310501099 7.89335823059082 7.88898754119873 7.88231134414673 7.87377166748047 7.86518669128418 7.85656642913818 7.84995317459106 7.84984827041626 7.84975910186768 7.84969854354858 7.84965753555298 7.84963607788086 7.84672975540161 7.84206628799438 7.84106111526489 7.84127521514893 7.84122323989868 7.84116697311401 7.84566068649292 7.84961032867432 7.85009813308716 7.85059452056885 7.85111427307129 7.85213613510132 7.85393524169922 7.85448789596558 7.85389757156372 7.85316038131714
-9999 -9999 -9999 -9999 8.09276962280273 8.09377193450928 8.09444713592529 8.0944185256958 8.09418964385986 8.0916223526001 8.09105110168457 8.09812068939209 8.07983875274658 8.01139354705811 7.9460334777832 7.88423347473145 7.86751556396484 7.8817572593689 7.89009857177734 7.89616203308105 7.88639974594116 7.87384510040283 7.861083984375 7.84929418563843 7.84563875198364 7.84278535842896 7.84253358840942 7.84231281280518 7.84214544296265 7.84206056594849 7.84206056594849 7.84106636047363 7.8394660949707 7.83921480178833 7.83941268920898 7.83948564529419 7.83955478668213 7.84149837493896 7.84327983856201 7.84403038024902 7.84478187561035 7.84553575515747 7.84656286239624 7.84801197052002 7.84960269927979 7.85132312774658 7.85171937942505
