Ecospace-environmental-drivers/Outputs/ASCII-for-ecospace/MOM6-ISIMIP3a/ph-bot/2002-10_ph-bot_MOM6-ISIMIP3a.asc
NCOLS 131 
NROWS 53 
XLLCORNER -98 
YLLCORNER 23.9265270233154 
CELLSIZE 0.133587792515755 
NODATA_value -9999 
[rows 21 to 41 of 53, columns 47 to 93 of 131]
8.05953884124756 8.05825328826904 8.05702114105225 8.05734348297119 8.05797481536865 8.06262016296387 8.06751537322998 8.07368183135986 8.0798225402832 8.08590221405029 8.09130477905273 8.09577655792236 8.10070323944092 8.10600280761719 8.04640579223633 7.95606756210327 7.90471315383911 7.86267375946045 7.8649263381958 7.87003469467163 7.87241411209106 7.87672138214111 7.88909912109375 7.89629697799683 7.89256000518799 7.8888726234436 7.88524532318115 7.88300085067749 7.88176345825195 7.87759590148926 7.87221479415894 7.87108278274536 7.87078666687012 7.87811136245728 7.88568258285522 7.89291000366211 7.89496660232544 7.87884092330933 7.86535835266113 7.85678434371948 7.85293912887573 7.85424518585205 7.86053848266602 7.87005853652954 7.88875770568848 7.91075325012207 7.95290660858154
8.07180118560791 8.07013511657715 8.06812858581543 8.06822681427002 8.06867694854736 8.07283687591553 8.07378196716309 8.05837345123291 8.0490140914917 8.0542631149292 8.04827404022217 8.02685737609863 8.0133810043335 8.0064001083374 7.9643440246582 7.90567445755005 7.87925100326538 7.86053276062012 7.86956167221069 7.87992525100708 7.8819694519043 7.88516998291016 7.89320850372314 7.89677858352661 7.89091491699219 7.88653659820557 7.88397264480591 7.88086748123169 7.87736749649048 7.8738808631897 7.87040042877197 7.86913108825684 7.86829710006714 7.86999845504761 7.87198209762573 7.87580728530884 7.87758111953735 7.87214279174805 7.86986112594604 7.87344074249268 7.87268543243408 7.86720705032349 7.86483240127563 7.86446666717529 7.8709979057312 7.88000631332397 7.91400098800659
8.08049011230469 8.07803058624268 8.07465744018555 8.07476043701172 8.07530212402344 8.07807540893555 8.07441234588623 8.03800868988037 8.01341819763184 8.01734828948975 7.99996900558472 7.95333385467529 7.92199802398682 7.90317869186401 7.88009548187256 7.85499238967896 7.85487651824951 7.86073112487793 7.8762001991272 7.89133024215698 7.89191627502441 7.89309215545654 7.89673614501953 7.89679861068726 7.88930082321167 7.88450717926025 7.88301849365234 7.87891483306885 7.87290620803833 7.87008380889893 7.86858034133911 7.86739206314087 7.86626529693604 7.8617525100708 7.85751962661743 7.85724925994873 7.85830545425415 7.86402750015259 7.87340450286865 7.88957023620605 7.89265823364258 7.88149785995483 7.87163639068604 7.86261510848999 7.85710525512695 7.85285663604736 7.87705230712891
8.00607013702393 7.99447536468506 7.97913360595703 7.97808218002319 7.97812986373901 7.96834802627563 7.95746183395386 7.94095993041992 7.92908382415771 7.92837810516357 7.91916370391846 7.89826822280884 7.88413953781128 7.8755464553833 7.86852788925171 7.86225509643555 7.86649370193481 7.87324333190918 7.88405656814575 7.89452934265137 7.89598655700684 7.89740419387817 7.89865398406982 7.89724016189575 7.89020299911499 7.8855299949646 7.88374662399292 7.87886428833008 7.8717246055603 7.86880922317505 7.86764335632324 7.86452388763428 7.86102104187012 7.85845851898193 7.85614061355591 7.855872631073 7.85615825653076 7.85838985443115 7.86235904693604 7.869553565979 7.87068939208984 7.86522436141968 7.86661195755005 7.87243318557739 7.8706750869751 7.8661937713623 7.87041139602661
7.9394998550415 7.92274856567383 7.9004693031311 7.89875316619873 7.89848232269287 7.88042020797729 7.86527633666992 7.86497688293457 7.86359024047852 7.85957765579224 7.85731315612793 7.85744762420654 7.85738945007324 7.85717391967773 7.86274385452271 7.87105464935303 7.87769508361816 7.88393592834473 7.89036417007446 7.89651441574097 7.89843273162842 7.89981651306152 7.89896202087402 7.89644622802734 7.89042091369629 7.88624620437622 7.88433170318604 7.87885046005249 7.87077045440674 7.86774921417236 7.86682271957397 7.86220359802246 7.856858253479 7.85587501525879 7.85510301589966 7.85482025146484 7.85445928573608 7.85382270812988 7.8533296585083 7.85310316085815 7.85259199142456 7.85177135467529 7.8612494468689 7.87739133834839 7.87859869003296 7.8744421005249 7.86545562744141
7.90734434127808 7.90288305282593 7.89573049545288 7.89549350738525 7.89567613601685 7.88807916641235 7.88167858123779 7.88136291503906 7.88070440292358 7.87921905517578 7.87857532501221 7.87908792495728 7.8793478012085 7.8794002532959 7.88231801986694 7.88659286499023 7.88707542419434 7.88665199279785 7.88988256454468 7.89317750930786 7.89375734329224 7.89389944076538 7.89221239089966 7.89023351669312 7.88763999938965 7.88561773300171 7.88429260253906 7.87899875640869 7.87081432342529 7.86762952804565 7.86651515960693 7.86228275299072 7.85743713378906 7.85640525817871 7.85556268692017 7.85519027709961 7.85472774505615 7.85394763946533 7.85314226150513 7.85229063034058 7.85147047042847 7.85068464279175 7.85440397262573 7.8610372543335 7.86176681518555 7.86037540435791 7.86788702011108
7.88789510726929 7.89105033874512 7.893470287323 7.89423990249634 7.89480447769165 7.89437866210938 7.89403295516968 7.89409637451172 7.89418506622314 7.89433574676514 7.8946008682251 7.89502286911011 7.89474105834961 7.89388370513916 7.89427328109741 7.89525413513184 7.89191293716431 7.88753938674927 7.88863945007324 7.89002418518066 7.89008045196533 7.88969898223877 7.88748645782471 7.88557529449463 7.88430023193359 7.88311195373535 7.88203001022339 7.87735652923584 7.87006664276123 7.86648893356323 7.86444854736328 7.86134386062622 7.85802984237671 7.85700082778931 7.8560996055603 7.85561752319336 7.85503530502319 7.85410070419312 7.85303544998169 7.85172605514526 7.8506498336792 7.84982776641846 7.84957218170166 7.84968376159668 7.85003185272217 7.85046529769897 7.86773586273193
7.89616870880127 7.89674282073975 7.89661836624146 7.8973650932312 7.89815473556519 7.89771127700806 7.89755487442017 7.89885997772217 7.89973735809326 7.89958190917969 7.89920043945312 7.89850854873657 7.89581108093262 7.89147233963013 7.88960599899292 7.88891124725342 7.88683938980103 7.88443899154663 7.88573598861694 7.88727140426636 7.88858270645142 7.88924264907837 7.88717603683472 7.88430643081665 7.8797402381897 7.87651109695435 7.87491607666016 7.87180614471436 7.86759281158447 7.86312103271484 7.85854291915894 7.85818243026733 7.85865068435669 7.85773897171021 7.85680627822876 7.85616970062256 7.85542774200439 7.85431575775146 7.85310363769531 7.85170412063599 7.85048723220825 7.84947061538696 7.84913492202759 7.84924030303955 7.84941816329956 7.84962224960327 7.86194944381714
7.89992618560791 7.89882802963257 7.89720821380615 7.89770174026489 7.89839458465576 7.89861965179443 7.89909172058105 7.90081834793091 7.9017481803894 7.90075254440308 7.89914703369141 7.89670419692993 7.8924298286438 7.88665771484375 7.88394832611084 7.88268995285034 7.8813853263855 7.8800687789917 7.88134622573853 7.88284969329834 7.88504791259766 7.88653612136841 7.88505220413208 7.88222646713257 7.87656879425049 7.87256336212158 7.87057828903198 7.86849308013916 7.86633443832397 7.86161851882935 7.85584306716919 7.85686779022217 7.85922861099243 7.85848045349121 7.85760831832886 7.85664844512939 7.85559225082397 7.85419797897339 7.85282278060913 7.85148429870605 7.85026836395264 7.84918594360352 7.84879112243652 7.84884166717529 7.84891700744629 7.84900236129761 7.85633611679077
7.89800214767456 7.89637565612793 7.89457941055298 7.89453125 7.89472055435181 7.89647769927979 7.89812994003296 7.89924764633179 7.8993034362793 7.89679670333862 7.89324045181274 7.88824367523193 7.88344860076904 7.87881946563721 7.87704467773438 7.87662267684937 7.87545204162598 7.87410259246826 7.87508726119995 7.87632751464844 7.8789496421814 7.88099813461304 7.88064575195312 7.87912654876709 7.87514400482178 7.8719539642334 7.86973285675049 7.86799383163452 7.86660528182983 7.86246204376221 7.85717725753784 7.85787677764893 7.85975217819214 7.85922622680664 7.85852956771851 7.85703563690186 7.85547113418579 7.85366106033325 7.85210371017456 7.85101652145386 7.84997797012329 7.84899234771729 7.84856510162354 7.84849882125854 7.84855794906616 7.84866237640381 7.8509407043457
7.89656162261963 7.89441680908203 7.89217519760132 7.89238786697388 7.89288139343262 7.89417409896851 7.89528942108154 7.89550113677979 7.89478921890259 7.89184761047363 7.8873610496521 7.88075351715088 7.87616634368896 7.87323188781738 7.87221002578735 7.87209463119507 7.87124013900757 7.87020921707153 7.87107181549072 7.87216234207153 7.87467193603516 7.87684726715088 7.87762260437012 7.87724447250366 7.87443208694458 7.8718056678772 7.86940670013428 7.86774635314941 7.86662435531616 7.8629994392395 7.85833835601807 7.85861492156982 7.85986185073853 7.85933780670166 7.85864067077637 7.85689449310303 7.8551082611084 7.85318183898926 7.85160493850708 7.85067701339722 7.8497838973999 7.84892845153809 7.84848165512085 7.84829950332642 7.84829568862915 7.84835529327393 7.84750699996948
7.89548444747925 7.89282846450806 7.8899393081665 7.89101409912109 7.89241790771484 7.89174938201904 7.89104032516479 7.89012289047241 7.88872194290161 7.88615322113037 7.88150215148926 7.87399196624756 7.87015819549561 7.86933183670044 7.86892747879028 7.86872243881226 7.86831998825073 7.86787033081055 7.86873912811279 7.86976480484009 7.87175941467285 7.8737359046936 7.8756365776062 7.87627649307251 7.87425565719604 7.87200355529785 7.86946964263916 7.86768770217896 7.86645364761353 7.8633074760437 7.85936975479126 7.85915040969849 7.85966205596924 7.85897397994995 7.85814380645752 7.85635709762573 7.85456371307373 7.85274600982666 7.85127115249634 7.85043430328369 7.84966230392456 7.84896087646484 7.8485050201416 7.84820795059204 7.84810543060303 7.84807300567627 7.84554386138916
7.89301156997681 7.89118385314941 7.88918304443359 7.89038419723511 7.89179944992065 7.89013433456421 7.88805818557739 7.88388919830322 7.88039922714233 7.87855005264282 7.87429046630859 7.86672067642212 7.86334037780762 7.86338758468628 7.863356590271 7.86328840255737 7.86325931549072 7.86323976516724 7.86398410797119 7.86492156982422 7.86790609359741 7.87071561813354 7.87279081344604 7.87380313873291 7.87257194519043 7.8709774017334 7.86893892288208 7.8673939704895 7.86620807647705 7.86312770843506 7.85926246643066 7.85845899581909 7.85825681686401 7.85749530792236 7.85666465759277 7.85536098480225 7.8540301322937 7.85260534286499 7.85137033462524 7.85048866271973 7.84971714019775 7.84906578063965 7.84857892990112 7.84819841384888 7.84802103042603 7.84791660308838 7.84488201141357
7.88994073867798 7.88951444625854 7.88906049728394 7.89007329940796 7.89111423492432 7.88886642456055 7.88561916351318 7.87728834152222 7.87110996246338 7.87012910842896 7.8664984703064 7.85923051834106 7.85617542266846 7.85656690597534 7.85680484771729 7.85697078704834 7.85728120803833 7.85762596130371 7.85819101333618 7.85903072357178 7.86364984512329 7.86773347854614 7.8695764541626 7.87068510055542 7.87024307250977 7.86942672729492 7.86815357208252 7.86699867248535 7.86593008041382 7.86273860931396 7.85866785049438 7.85724115371704 7.8563346862793 7.85553789138794 7.85476398468018 7.85416746139526 7.85350179672241 7.85259103775024 7.85165452957153 7.850670337677 7.8498477935791 7.84920167922974 7.84867429733276 7.84822416305542 7.84798192977905 7.84781455993652 7.84477758407593
7.88910531997681 7.88872146606445 7.88818168640137 7.88889980316162 7.88965892791748 7.88804244995117 7.88452243804932 7.87131595611572 7.86176490783691 7.86104154586792 7.85890245437622 7.85481882095337 7.85322093963623 7.85365581512451 7.85396957397461 7.85422563552856 7.85457754135132 7.85495281219482 7.85558891296387 7.85642099380493 7.85984230041504 7.86277532577515 7.86366605758667 7.86420631408691 7.86400651931763 7.86360311508179 7.86295127868652 7.86232089996338 7.86170625686646 7.85951280593872 7.85666465759277 7.85526084899902 7.85414123535156 7.85344314575195 7.85280084609985 7.85255527496338 7.85226058959961 7.85179471969604 7.85127830505371 7.85066747665405 7.84993267059326 7.84906196594238 7.84849691390991 7.84812927246094 7.84793424606323 7.84780168533325 7.84473657608032
7.88873243331909 7.88810968399048 7.88714647293091 7.88754796981812 7.88804388046265 7.88731050491333 7.88370323181152 7.8654727935791 7.85240840911865 7.85181665420532 7.85134696960449 7.85104465484619 7.85113763809204 7.85155439376831 7.85190296173096 7.85221910476685 7.85255146026611 7.85288763046265 7.85364675521851 7.85448932647705 7.85612726211548 7.85740852355957 7.85719776153564 7.85703229904175 7.85696125030518 7.85689544677734 7.85683536529541 7.85675716400146 7.85666656494141 7.85570001602173 7.85437059402466 7.85312271118164 7.85189151763916 7.85131931304932 7.85082530975342 7.8508563041687 7.85087251663208 7.85083675384521 7.85076522827148 7.85062694549561 7.85000801086426 7.8488655090332 7.84826278686523 7.84800958633423 7.84788513183594 7.84780740737915 7.84470844268799
7.88174200057983 7.88010168075562 7.87895202636719 7.87874412536621 7.87844085693359 7.87294960021973 7.86644077301025 7.85475444793701 7.84648370742798 7.84646034240723 7.84741306304932 7.84970617294312 7.85082054138184 7.85097026824951 7.85106229782104 7.8511266708374 7.85117292404175 7.85121488571167 7.85167980194092 7.85221719741821 7.85338449478149 7.85436391830444 7.85455751419067 7.85467290878296 7.85462379455566 7.85458421707153 7.85455560684204 7.85443592071533 7.85424995422363 7.85328483581543 7.85199689865112 7.8511266708374 7.85033798217773 7.85001993179321 7.84974956512451 7.84977293014526 7.8497896194458 7.84978008270264 7.84979915618896 7.8498706817627 7.84954643249512 7.84879016876221 7.84834337234497 7.84809732437134 7.84797143936157 7.8478889465332 7.84481716156006
7.87406539916992 7.87154054641724 7.87024927139282 7.86950349807739 7.86848402023315 7.85858058929443 7.84948348999023 7.84448862075806 7.84110641479492 7.84161710739136 7.84379053115845 7.84824657440186 7.85031366348267 7.850426197052 7.850341796875 7.85016345977783 7.84993743896484 7.84970045089722 7.84986400604248 7.85009145736694 7.85084199905396 7.85156297683716 7.85215759277344 7.85255002975464 7.85251474380493 7.85248517990112 7.85246229171753 7.85228776931763 7.85200166702271 7.85102891921997 7.84977197647095 7.84927701950073 7.84893226623535 7.84885454177856 7.84879302978516 7.8487982749939 7.84880113601685 7.84879732131958 7.84888076782227 7.84912633895874 7.84908246994019 7.84872245788574 7.84843587875366 7.84819602966309 7.84806632995605 7.847975730896 7.84492206573486
7.86223459243774 7.86061716079712 7.85954713821411 7.85915899276733 7.85856866836548 7.85063076019287 7.8436279296875 7.84138202667236 7.83993053436279 7.84039926528931 7.84175443649292 7.84432697296143 7.84693813323975 7.84958076477051 7.85031461715698 7.85014390945435 7.84992074966431 7.84968519210815 7.84966850280762 7.84968519210815 7.84997081756592 7.85024881362915 7.85049676895142 7.85064744949341 7.85059404373169 7.85055160522461 7.85052394866943 7.85043239593506 7.8502950668335 7.84980344772339 7.84916591644287 7.84892749786377 7.84876775741577 7.84872102737427 7.84868288040161 7.84868383407593 7.84867715835571 7.84864473342896 7.84868097305298 7.8488450050354 7.84885120391846 7.84868621826172 7.84850358963013 7.8483099937439 7.84818172454834 7.84807729721069 7.8449182510376
7.85272121429443 7.85147953033447 7.85011911392212 7.84986305236816 7.84951877593994 7.84373235702515 7.83887529373169 7.83874559402466 7.83876514434814 7.83914279937744 7.83980846405029 7.84086799621582 7.84363508224487 7.84779930114746 7.84904861450195 7.84891748428345 7.84873008728027 7.84852981567383 7.84840440750122 7.84828901290894 7.84825086593628 7.84821510314941 7.84818983078003 7.84814500808716 7.84805870056152 7.84800434112549 7.84798908233643 7.84797763824463 7.84796953201294 7.84785127639771 7.84768724441528 7.84764432907104 7.84762477874756 7.84761762619019 7.84761238098145 7.84762763977051 7.84764862060547 7.84769058227539 7.84789276123047 7.84839057922363 7.84864664077759 7.84863996505737 7.84854888916016 7.84840297698975 7.84798145294189 7.84746122360229 7.84448528289795
7.85170602798462 7.84888792037964 7.84536170959473 7.84440994262695 7.84364080429077 7.84068727493286 7.83816480636597 7.83783531188965 7.83763456344604 7.83774471282959 7.83819103240967 7.83909845352173 7.84059953689575 7.84258699417114 7.84324169158936 7.84326553344727 7.84323596954346 7.84319448471069 7.84322309494019 7.84326457977295 7.84341955184937 7.84353971481323 7.84351491928101 7.84344291687012 7.84327077865601 7.84320449829102 7.8432674407959 7.84332418441772 7.84337615966797 7.84323310852051 7.84300947189331 7.84293794631958 7.84289646148682 7.84295654296875 7.8430233001709 7.84311771392822 7.84330081939697 7.84379863739014 7.84494686126709 7.84730243682861 7.84853982925415 7.84855937957764 7.84851121902466 7.84841918945312 7.84662246704102 7.84421253204346 7.84247970581055
