Ecospace-environmental-drivers/Outputs/ASCII-for-ecospace/MOM6-ISIMIP3a/ph-bot/2002-09_ph-bot_MOM6-ISIMIP3a.asc
NCOLS 131 
NROWS 53 
XLLCORNER -98 
YLLCORNER 23.9265270233154 
CELLSIZE 0.133587792515755 
NODATA_value -9999 
[rows 21 to 41 of 53, columns 0 to 46 of 131]
-9999 -9999 -9999 -9999 -9999 -9999 8.11299800872803 8.11326217651367 8.11399936676025 8.1152515411377 8.11777591705322 8.12163829803467 8.12154674530029 8.12127494812012 8.11908054351807 8.11466884613037 8.10982608795166 8.1046895980835 8.10145854949951 8.09896469116211 8.09824180603027 8.0978307723999 8.08312892913818 8.06972217559814 8.06970596313477 8.07035255432129 8.07314586639404 8.0758810043335 8.07851505279541 8.0811071395874 8.08365631103516 8.08603382110596 8.08830642700195 8.08956909179688 8.09049510955811 8.09023571014404 8.08981037139893 8.0890007019043 8.08819770812988 8.08744144439697 8.08673000335693 8.08614921569824 8.08582782745361 8.08590793609619 8.08699035644531 8.08899211883545 8.09084129333496
-9999 -9999 -9999 -9999 -9999 -9999 8.11295127868652 8.11299800872803 8.113525390625 8.11422061920166 8.1152515411377 8.11643695831299 8.1160774230957 8.11266040802002 8.10892105102539 8.10480976104736 8.09693145751953 8.08646583557129 8.08222007751465 8.08037567138672 8.08068180084229 8.0813684463501 8.07528209686279 8.06979656219482 8.0705509185791 8.07176780700684 8.07448291778564 8.07719326019287 8.07989406585693 8.08239936828613 8.08470344543457 8.0866231918335 8.08830833435059 8.08940982818604 8.09031677246094 8.09072971343994 8.09107208251953 8.09098625183105 8.09090137481689 8.09083271026611 8.09075927734375 8.09067440032959 8.09074974060059 8.0910701751709 8.09178352355957 8.09285736083984 8.0938549041748
-9999 -9999 -9999 -9999 8.11445331573486 8.11335563659668 8.1129150390625 8.11294174194336 8.11299800872803 8.11405277252197 8.11458110809326 8.11309051513672 8.10984420776367 8.10312271118164 8.09798240661621 8.09466743469238 8.08429145812988 8.06906890869141 8.06414222717285 8.06319141387939 8.06407737731934 8.06528759002686 8.06707859039307 8.06883716583252 8.07021522521973 8.07184600830078 8.07429981231689 8.07714080810547 8.08065605163574 8.08346366882324 8.08554172515869 8.08698844909668 8.08805179595947 8.08896255493164 8.08982276916504 8.09086608886719 8.09192657470703 8.09197902679443 8.09197425842285 8.09159755706787 8.09113693237305 8.09044075012207 8.0901927947998 8.09063720703125 8.09089660644531 8.09098529815674 8.09107780456543
-9999 -9999 -9999 -9999 8.1169958114624 8.11454772949219 8.11379623413086 8.1129150390625 8.11291217803955 8.11287117004395 8.11151313781738 8.10511112213135 8.09729862213135 8.08669662475586 8.08304119110107 8.08740329742432 8.08655643463135 8.08213138580322 8.08095455169678 8.08103179931641 8.07487964630127 8.06762981414795 8.04518985748291 8.02485942840576 8.02488231658936 8.025465965271 8.02786827087402 8.03635025024414 8.05544090270996 8.06946182250977 8.07826328277588 8.08212471008301 8.08297634124756 8.08384227752686 8.08471202850342 8.08542919158936 8.08606338500977 8.07827758789062 8.06941032409668 8.0536527633667 8.03770160675049 8.02120971679688 8.01146125793457 8.01213359832764 8.01260757446289 8.01289939880371 8.01362609863281
-9999 -9999 -9999 -9999 -9999 8.1169958114624 8.1144847869873 8.11467742919922 8.11213874816895 8.10844707489014 8.10360717773438 8.09436893463135 8.0843334197998 8.07272052764893 8.06892967224121 8.07416439056396 8.07460594177246 8.07175636291504 8.07187652587891 8.07314395904541 8.06251335144043 8.04978370666504 8.01183700561523 7.97735595703125 7.97635507583618 7.97609519958496 7.97823810577393 7.99007177352905 8.01881790161133 8.03934097290039 8.05140113830566 8.05616664886475 8.05648708343506 8.05715751647949 8.05794429779053 8.05833339691162 8.05857467651367 8.04607963562012 8.03190898895264 8.0070686340332 7.98186063766479 7.9556303024292 7.93999624252319 7.94073677062988 7.94128322601318 7.941650390625 7.9432110786438
-9999 -9999 -9999 -9999 -9999 8.11659622192383 8.1169958114624 8.11334896087646 8.10835361480713 8.08980274200439 8.0744800567627 8.07151317596436 8.06953048706055 8.06949138641357 8.05845260620117 8.03472137451172 8.00032711029053 7.95861053466797 7.94927644729614 7.95244693756104 7.94855499267578 7.94341707229614 7.92821884155273 7.91439056396484 7.91382026672363 7.91361331939697 7.91458415985107 7.91973304748535 7.9321722984314 7.93854188919067 7.93866634368896 7.93771171569824 7.93609952926636 7.93592023849487 7.93621778488159 7.9362678527832 7.9362587928772 7.93277645111084 7.92890977859497 7.92260074615479 7.91547155380249 7.90606021881104 7.90039014816284 7.90050220489502 7.90049600601196 7.90038108825684 7.90364980697632
-9999 -9999 8.1153736114502 8.11559772491455 8.11593246459961 8.11619663238525 8.11659717559814 8.11123657226562 8.10386943817139 8.07651901245117 8.05551242828369 8.0587854385376 8.06179428100586 8.06428241729736 8.04141807556152 7.98930025100708 7.9336724281311 7.87563323974609 7.86421871185303 7.87080812454224 7.87237644195557 7.87305784225464 7.87334299087524 7.87356853485107 7.87337446212769 7.8732967376709 7.87359666824341 7.8741021156311 7.87496614456177 7.87190580368042 7.86480665206909 7.86040115356445 7.85763740539551 7.85688209533691 7.85679626464844 7.85663318634033 7.85648107528687 7.85937118530273 7.86268043518066 7.86865472793579 7.87352561950684 7.87532472610474 7.87653923034668 7.87685012817383 7.87677621841431 7.8763484954834 7.88022994995117
-9999.000000000000000 -9999 -9999 -9999 8.11466503143311 8.11566734313965 8.11542320251465 8.10741424560547 8.09785747528076 8.07493305206299 8.05871295928955 8.06815338134766 8.06947994232178 8.05475330352783 8.01007461547852 7.93083572387695 7.88365077972412 7.85847806930542 7.8610725402832 7.87438917160034 7.87862634658813 7.88126087188721 7.88117933273315 7.88106060028076 7.88112354278564 7.8813419342041 7.8820629119873 7.88238048553467 7.88199377059937 7.87980651855469 7.87576723098755 7.87286233901978 7.87064838409424 7.8699164390564 7.86967849731445 7.86957406997681 7.86951398849487 7.87301921844482 7.87667608261108 7.88130187988281 7.88490915298462 7.88568353652954 7.88706302642822 7.8893780708313 7.89029312133789 7.88992357254028 7.89203023910522
-9999 -9999 -9999 -9999 8.11277961730957 8.11213111877441 8.11308574676514 8.10417938232422 8.09389781951904 8.07357788085938 8.06008720397949 8.07273960113525 8.06845378875732 8.03065299987793 7.97236061096191 7.89042520523071 7.85543012619019 7.85267114639282 7.86292314529419 7.87819910049438 7.88427019119263 7.88871717453003 7.88863039016724 7.88847732543945 7.888596534729 7.88881921768188 7.88937950134277 7.88939094543457 7.88844585418701 7.88698434829712 7.88499164581299 7.88326644897461 7.88170433044434 7.88138628005981 7.88148307800293 7.88158750534058 7.88171482086182 7.88478517532349 7.88787984848022 7.89112663269043 7.89354610443115 7.8936619758606 7.89468240737915 7.89710187911987 7.89816474914551 7.89798259735107 7.89858198165894
-9999 -9999 -9999 -9999 8.11133575439453 8.11053943634033 8.10955619812012 8.10168266296387 8.09252071380615 8.07251262664795 8.05916404724121 8.07131099700928 8.05646800994873 7.98822164535522 7.92663335800171 7.87272787094116 7.85463666915894 7.86114025115967 7.87105894088745 7.88229656219482 7.88915205001831 7.89523458480835 7.89559650421143 7.89579916000366 7.89572095870972 7.89558219909668 7.89524841308594 7.89480638504028 7.89417457580566 7.8932523727417 7.89203119277954 7.89108228683472 7.89029979705811 7.89088726043701 7.89193201065063 7.89243412017822 7.89286756515503 7.89418411254883 7.89557027816772 7.89740133285522 7.89872694015503 7.89864540100098 7.89864826202393 7.89878177642822 7.89893341064453 7.89910125732422 7.89853048324585
-9999 -9999 -9999 -9999 8.11053943634033 8.10934925079346 8.10795307159424 8.10152053833008 8.09392070770264 8.07659816741943 8.0648365020752 8.07435894012451 8.05870056152344 7.99321746826172 7.930588722229 7.87125253677368 7.85551929473877 7.86972999572754 7.87963724136353 7.88788270950317 7.89354467391968 7.89875030517578 7.89945220947266 7.89996480941772 7.89972400665283 7.89939022064209 7.89875411987305 7.89826679229736 7.89803981781006 7.89767646789551 7.89717388153076 7.8968768119812 7.89670467376709 7.89743757247925 7.89847135543823 7.89905834197998 7.89958047866821 7.89968919754028 7.89987516403198 7.90055513381958 7.90080308914185 7.89984560012817 7.89903879165649 7.89846420288086 7.89844703674316 7.89894151687622 7.89794111251831
-9999 -9999 -9999 -9999 8.10928058624268 8.10795307159424 8.10420799255371 8.10311031341553 8.09740257263184 8.084547996521 8.0754566192627 8.0807638168335 8.07159614562988 8.03378391265869 7.97180557250977 7.88194370269775 7.85765933990479 7.87841081619263 7.88854742050171 7.89458465576172 7.89756917953491 7.90001535415649 7.9009747505188 7.90176248550415 7.90138578414917 7.90098142623901 7.9004864692688 7.90026092529297 7.9005069732666 7.90071821212769 7.90089416503906 7.9011549949646 7.90146732330322 7.90177392959595 7.9020791053772 7.90251636505127 7.90296411514282 7.90227365493774 7.90163993835449 7.90136909484863 7.900550365448 7.8982081413269 7.89674711227417 7.89664745330811 7.8970193862915 7.89782333374023 7.89694881439209
-9999 -9999 -9999 -9999 8.10795307159424 8.10590553283691 8.10488510131836 8.10424900054932 8.10251617431641 8.08932495117188 8.07881546020508 8.07857131958008 8.07068824768066 8.04769039154053 7.98880481719971 7.88851118087769 7.86009788513184 7.88104820251465 7.89107370376587 7.89688062667847 7.89904308319092 7.90056276321411 7.90071868896484 7.9007248878479 7.89973163604736 7.8988471031189 7.89831399917603 7.89884471893311 7.9012303352356 7.9025731086731 7.90284252166748 7.90300178527832 7.90309381484985 7.90309715270996 7.9030704498291 7.90257263183594 7.90201044082642 7.90153074264526 7.90101337432861 7.9002537727356 7.89891815185547 7.89597797393799 7.89414405822754 7.89401865005493 7.89416694641113 7.89456748962402 7.89394617080688
-9999 -9999 -9999 -9999 -9999 8.10629749298096 8.10657691955566 8.10729503631592 8.1083288192749 8.09274101257324 8.07906246185303 8.07269382476807 8.06386566162109 8.05016994476318 7.99542427062988 7.89331197738647 7.86266469955444 7.88109540939331 7.89086437225342 7.89728832244873 7.89942407608032 7.90080261230469 7.89969968795776 7.89847135543823 7.89665603637695 7.89511585235596 7.89446878433228 7.89596605300903 7.90120649337769 7.90391969680786 7.9040322303772 7.90380716323853 7.90337657928467 7.90312814712524 7.90294075012207 7.90117120742798 7.89919757843018 7.89936208724976 7.8993616104126 7.89831161499023 7.89669418334961 7.89349460601807 7.89140748977661 7.89104080200195 7.89070415496826 7.89039516448975 7.89008188247681
-9999 -9999 -9999 -9999 -9999 8.10678768157959 8.10742950439453 8.10818672180176 8.10717964172363 8.09253406524658 8.07946395874023 8.07242584228516 8.0633430480957 8.05021381378174 7.99590492248535 7.89408159255981 7.86303424835205 7.88059091567993 7.89010953903198 7.89652442932129 7.89903116226196 7.90084886550903 7.89889001846313 7.89663362503052 7.89258766174316 7.88874197006226 7.88554525375366 7.88593006134033 7.89256477355957 7.89612674713135 7.89652633666992 7.89645099639893 7.89608669281006 7.895263671875 7.894287109375 7.89353561401367 7.89282083511353 7.89296913146973 7.89315795898438 7.89360570907593 7.89356660842896 7.89217138290405 7.89114236831665 7.89067792892456 7.89001560211182 7.88917207717896 7.88892412185669
-9999 -9999 -9999 -9999 -9999 8.10617542266846 8.10635566711426 8.10680770874023 8.10459041595459 8.09157752990723 8.07989692687988 8.07331848144531 8.06412410736084 8.04975318908691 7.99511528015137 7.89401769638062 7.86294889450073 7.8799729347229 7.88924217224121 7.89551734924316 7.89847898483276 7.90085554122925 7.89812421798706 7.89488172531128 7.88831424713135 7.8818211555481 7.87557125091553 7.87441301345825 7.88214015960693 7.8864426612854 7.8872218132019 7.88740682601929 7.88723039627075 7.88576507568359 7.88387012481689 7.88461017608643 7.88570642471313 7.88570213317871 7.88601207733154 7.88832759857178 7.89025211334229 7.89108896255493 7.89138793945312 7.89085578918457 7.88990116119385 7.88855886459351 7.88832569122314
-9999 -9999 -9999 -9999 -9999 -9999 8.1047420501709 8.10407161712646 8.1030797958374 8.09065914154053 8.07973480224609 8.074538230896 8.06644344329834 8.05261421203613 7.99679899215698 7.89253807067871 7.85929679870605 7.87482738494873 7.88502073287964 7.89315271377563 7.89612245559692 7.89818096160889 7.89402055740356 7.8893837928772 7.88190984725952 7.87440252304077 7.86678838729858 7.86325788497925 7.8668532371521 7.86879777908325 7.86904382705688 7.86920070648193 7.86930274963379 7.8685154914856 7.86743116378784 7.86798143386841 7.86878633499146 7.87368106842041 7.87865734100342 7.88415241241455 7.88836145401001 7.88898897171021 7.8892617225647 7.8889856338501 7.88844919204712 7.88767433166504 7.88522386550903
-9999 -9999 -9999 -9999 -9999 -9999 8.10381317138672 8.10334777832031 8.10184764862061 8.08981037139893 8.07949829101562 8.07579135894775 8.0686616897583 8.05475902557373 7.99773025512695 7.89094018936157 7.85584497451782 7.86998605728149 7.88105487823486 7.89093685150146 7.89365720748901 7.89511346817017 7.88951110839844 7.88348245620728 7.8751859664917 7.86686706542969 7.85847282409668 7.85299587249756 7.8526086807251 7.85227966308594 7.85200977325439 7.85197639465332 7.85208702087402 7.8519287109375 7.85168075561523 7.85197496414185 7.85240840911865 7.86177635192871 7.87097072601318 7.87905883789062 7.88510656356812 7.88547325134277 7.88570880889893 7.88574075698853 7.88562774658203 7.88538122177124 7.88098335266113
-9999 -9999 -9999 -9999 -9999 -9999 8.10413360595703 8.10402011871338 8.10306644439697 8.08968162536621 8.07875728607178 8.07724952697754 8.06906414031982 8.04766941070557 7.98945188522339 7.88874912261963 7.85623455047607 7.87054777145386 7.88141965866089 7.89096307754517 7.89089584350586 7.88913249969482 7.88226509094238 7.8750696182251 7.86607694625854 7.8583197593689 7.85457038879395 7.85208654403687 7.85181140899658 7.85158967971802 7.85142183303833 7.84960842132568 7.84679269790649 7.84611415863037 7.8461480140686 7.84629106521606 7.84649705886841 7.85337972640991 7.85984373092651 7.86363935470581 7.86662149429321 7.86733770370483 7.86806726455688 7.8688178062439 7.8688383102417 7.86818933486938 7.86578893661499
-9999 -9999 -9999 -9999 -9999 8.10784339904785 8.10379409790039 8.1050329208374 8.10126113891602 8.08795261383057 8.07772731781006 8.07930374145508 8.0693359375 8.03652477264404 7.97704219818115 7.88678455352783 7.85852670669556 7.87284660339355 7.88308048248291 7.89173698425293 7.88822412490845 7.88256359100342 7.87383365631104 7.86506938934326 7.85657978057861 7.85005950927734 7.84992408752441 7.84976291656494 7.84955644607544 7.84941053390503 7.84932708740234 7.84651803970337 7.84204816818237 7.84112548828125 7.84138488769531 7.84143304824829 7.84148359298706 7.84589052200317 7.84976482391357 7.85024547576904 7.85085105895996 7.85180425643921 7.85289430618286 7.85419750213623 7.85458517074585 7.85413360595703 7.85354137420654
-9999 -9999 -9999 -9999 8.11018943786621 8.10784149169922 8.10784339904785 8.0982780456543 8.08837127685547 8.08035469055176 8.07563781738281 8.08354949951172 8.06912899017334 8.01051902770996 7.9494833946228 7.88564920425415 7.86779403686523 7.88151550292969 7.88949203491211 7.89525032043457 7.8858790397644 7.87383842468262 7.86105728149414 7.84924650192261 7.84565925598145 7.84284782409668 7.84255075454712 7.84225368499756 7.84195518493652 7.84177255630493 7.84170818328857 7.84077787399292 7.83932065963745 7.83916473388672 7.83944225311279 7.83960437774658 7.83976364135742 7.84172821044922 7.84352731704712 7.84427881240845 7.84503650665283 7.84581184387207 7.84677314758301 7.84802055358887 7.84963226318359 7.85157823562622 7.85209655761719
