Ecospace-environmental-drivers/Outputs/ASCII-for-ecospace/MOM6-ISIMIP3a/ph-bot/2003-07_ph-bot_MOM6-ISIMIP3a.asc
NCOLS 131 
NROWS 53 
XLLCORNER -98 
YLLCORNER 23.9265270233154 
CELLSIZE 0.133587792515755 
NODATA_value -9999 
[rows 0 to 20 of 53, columns 47 to 93 of 131]
-9999 -9999 -9999 -9999 -9999 -9999 -9999 -9999 -9999 -9999 -9999 -9999 -9999 -9999 -9999 -9999 -9999 -9999 -9999 -9999 -9999 -9999 -9999 -9999 -9999 -9999 -9999 -9999 -9999 -9999 -9999 -9999 -9999 -9999 -9999 -9999 -9999 -9999 -9999 -9999 -9999 -9999 -9999 -9999 -9999 -9999 -9999
-9999 -9999 -9999 -9999 -9999 -9999 -9999 -9999 -9999 -9999 -9999 -9999 -9999 -9999 -9999 -9999 -9999 -9999 -9999 -9999 -9999 -9999 -9999 -9999 -9999 -9999 -9999 -9999 -9999 -9999 -9999 -9999 -9999 -9999 -9999 -9999 -9999 -9999 -9999 -9999 -9999 -9999 -9999 -9999 -9999 -9999 -9999
-9999 -9999 -9999 -9999 -9999 -9999 -9999 -9999 -9999 -9999 -9999 -9999 -9999 -9999 -9999 -9999 -9999 -9999 -9999 -9999 -9999 -9999 -9999 -9999 -9999 -9999 -9999 8.07688903808594 8.08453178405762 -9999 -9999 -9999 -9999 -9999 -9999 -9999 -9999 -9999 -9999 -9999 -9999 -9999 -9999 -9999 -9999 -9999 -9999
-9999 -9999 -9999 -9999 -9999 -9999 -9999 -9999 -9999 -9999 -9999 -9999 -9999 -9999 -9999 -9999 -9999 -9999 -9999 -9999 -9999 -9999 -9999 -9999 -9999 -9999 -9999 8.07806491851807 8.08530902862549 -9999 -9999 -9999 -9999 -9999 -9999 -9999 -9999 -9999 -9999 -9999 -9999 -9999 -9999 -9999 -9999 -9999 -9999
-9999 -9999 -9999 -9999 -9999 -9999 -9999 -9999 -9999 -9999 -9999 -9999 -9999 -9999 -9999 -9999 -9999 -9999 7.91921472549438 7.92405033111572 7.92791843414307 7.95048332214355 7.97079372406006 8.00665283203125 8.03412628173828 8.05379390716553 8.06878757476807 8.07929229736328 8.08611392974854 8.09052181243896 -9999 -9999 8.10346031188965 8.11096000671387 8.11484432220459 8.11329555511475 8.10734939575195 8.10207843780518 8.0971794128418 8.0948314666748 8.09811973571777 8.10559177398682 -9999 -9999 -9999 -9999 -9999
-9999 -9999 -9999 -9999 -9999 -9999 -9999 -9999 -9999 -9999 -9999 -9999 -9999 -9999 7.47964334487915 -9999 7.47724580764771 7.47602272033691 7.70156288146973 7.91921472549438 7.92501735687256 7.92791843414307 7.9730486869812 8.01141357421875 8.03549671173096 8.05546855926514 8.07041645050049 8.08047866821289 8.08698272705078 8.09088134765625 8.09370040893555 8.09749221801758 8.10147571563721 8.11141300201416 8.11999130249023 8.11312961578369 8.10676574707031 8.10215282440186 8.09731674194336 8.09206771850586 8.09510898590088 8.10718250274658 8.11448383331299 8.11869621276855 -9999 -9999 -9999
-9999 -9999 -9999 -9999 -9999 -9999 -9999 -9999 -9999 -9999 7.76239490509033 7.7610125541687 7.75988101959229 7.75648403167725 7.61687707901001 7.48086977005005 7.47841691970825 7.47729778289795 7.47602272033691 7.70945167541504 7.91921472549438 7.92791843414307 7.9730486869812 8.01141357421875 8.03549671173096 8.05546855926514 8.07041645050049 8.08047866821289 8.08698272705078 8.09088134765625 8.09370040893555 8.09749221801758 8.10147571563721 8.11141300201416 8.11999130249023 8.11312961578369 8.10676574707031 8.10215282440186 8.09731674194336 8.09206771850586 8.09510898590088 8.10718250274658 8.11448383331299 8.11869621276855 8.1198091506958 8.11389255523682 -9999
-9999 -9999 -9999 -9999 -9999 -9999 -9999 -9999 -9999 -9999 7.76980543136597 7.76239490509033 7.75963068008423 -9999 7.75220394134521 7.61527585983276 7.483323097229 7.47841691970825 7.47745418548584 7.47602272033691 7.73311805725098 7.95029163360596 8.00038528442383 8.03224754333496 8.02562427520752 8.03143215179443 8.05243587493896 8.06676864624023 8.07624244689941 8.08300876617432 8.08865356445312 8.09054374694824 8.09169673919678 8.10342121124268 8.11447334289551 8.11513233184814 8.11542701721191 8.1144437789917 8.11039543151855 8.10065460205078 8.09514331817627 8.09423828125 8.08938694000244 8.08198165893555 8.09842777252197 8.12344169616699 8.11934757232666
-9999 -9999 -9999 -9999 -9999 -9999 -9999 -9999 -9999 -9999 -9999 -9999 -9999 -9999 7.7535924911499 7.74615287780762 7.61489295959473 7.4882287979126 7.47841691970825 7.4779224395752 7.74713182449341 7.97512483596802 8.03062438964844 8.05563163757324 8.01626586914062 8.00663661956787 8.03334999084473 8.05200386047363 8.06478691101074 8.07474613189697 8.08353519439697 8.08350372314453 8.08173847198486 8.09534168243408 8.10898303985596 8.11743354797363 8.12467575073242 8.12766647338867 8.12457370758057 8.11018371582031 8.09557819366455 8.08073806762695 8.06269454956055 8.04257774353027 8.07192897796631 8.11904811859131 8.12037944793701
8.08271026611328 -9999 -9999 -9999 -9999 -9999 -9999 -9999 -9999 -9999 7.95469903945923 7.77740144729614 -9999 -9999 -9999 7.74704504013062 7.74007606506348 7.62069797515869 7.4980411529541 7.51663398742676 7.77750062942505 7.99908924102783 8.05629444122314 8.08698749542236 8.06171035766602 8.04681587219238 8.04461193084717 8.05318737030029 8.06961345672607 8.08298397064209 8.09508800506592 8.09962177276611 8.10266780853271 8.11449146270752 8.12524223327637 8.12234115600586 8.12117576599121 8.12611293792725 8.12671756744385 8.11927509307861 8.10951900482178 8.097243309021 8.07656002044678 8.05043601989746 8.05656433105469 8.0742769241333 8.09413719177246
8.08128547668457 8.08107471466064 -9999 -9999 -9999 -9999 -9999 -9999 -9999 -9999 8.04262256622314 7.9372501373291 7.77740144729614 -9999 -9999 7.74028062820435 7.73845958709717 7.74148750305176 7.64708566665649 7.5684494972229 7.81670570373535 8.02776432037354 8.08314514160156 8.11606025695801 8.10154914855957 8.0830545425415 8.05969047546387 8.06035423278809 8.07851886749268 8.09356498718262 8.10731983184814 8.11518955230713 8.12190246582031 8.12994194030762 8.13547706604004 8.1160717010498 8.10361957550049 8.11561298370361 8.12392902374268 8.125412940979 8.12191200256348 8.1129789352417 8.09093761444092 8.06041622161865 8.04592800140381 8.03719997406006 8.07262134552002
8.08128547668457 8.08065414428711 8.09144592285156 8.09628677368164 -9999 -9999 -9999 -9999 -9999 -9999 -9999 8.0169620513916 7.90567922592163 7.77740144729614 7.76239490509033 7.74028062820435 7.73845958709717 7.74148750305176 7.70927906036377 7.69055366516113 7.90330839157104 8.08170795440674 8.11632823944092 8.132887840271 8.11132335662842 8.09815311431885 8.09524440765381 8.09961986541748 8.10930156707764 8.11671543121338 8.12318992614746 8.12780380249023 8.13205242156982 8.12555027008057 8.11338996887207 8.04984951019287 8.01066589355469 8.05712509155273 8.09468364715576 8.1157112121582 8.12599849700928 8.12458324432373 8.10806465148926 8.08177375793457 8.06065464019775 8.04139423370361 8.07645702362061
8.08393096923828 8.08992099761963 8.09855270385742 8.09665584564209 -9999 -9999 -9999 -9999 8.0765380859375 8.06127738952637 8.04803371429443 8.03756046295166 7.96529150009155 7.84246349334717 7.79152774810791 7.77464532852173 7.77389144897461 7.77699136734009 7.78611278533936 7.80627536773682 7.98112392425537 8.12456035614014 8.13653373718262 8.13715076446533 8.11379432678223 8.09988880157471 8.09753608703613 8.09499740600586 8.09232521057129 8.09339809417725 8.09602355957031 8.09960651397705 8.10337829589844 8.08500576019287 8.06016063690186 7.9800968170166 7.93179845809937 7.9951868057251 8.04772663116455 8.08011817932129 8.10019779205322 8.10686206817627 8.10548114776611 8.0988941192627 8.08047008514404 8.05779457092285 8.08352851867676
8.09319114685059 8.09512615203857 8.09899425506592 8.09665584564209 8.09365272521973 8.08986854553223 8.08620548248291 8.08316135406494 8.0765380859375 8.06127738952637 8.04803371429443 8.03756046295166 7.99160623550415 7.91662311553955 7.89349222183228 7.89492273330688 7.89790439605713 7.90125703811646 7.89954853057861 7.90604162216187 8.03697299957275 8.13968467712402 8.12429618835449 8.10999965667725 8.09800815582275 8.06821632385254 8.01666927337646 7.98065185546875 7.95594692230225 7.9539098739624 7.9612603187561 7.96937561035156 7.97764158248901 7.9540753364563 7.92906999588013 7.9015212059021 7.88814926147461 7.92462301254272 7.95648908615112 7.97979688644409 7.99967765808105 8.01582431793213 8.05361938476562 8.1054220199585 8.11300754547119 8.10470867156982 8.09869289398193
8.08905220031738 8.09562683105469 8.10531330108643 8.10374355316162 8.10100173950195 8.09775638580322 8.09478759765625 8.09323120117188 8.0872688293457 8.07066917419434 8.05864810943604 8.05291080474854 8.02853393554688 7.98890733718872 7.98200607299805 7.99060678482056 7.99312400817871 7.9941873550415 7.99283981323242 7.99656248092651 8.07649040222168 8.13266944885254 8.08945941925049 8.05566024780273 8.0417308807373 8.00680255889893 7.94621181488037 7.90584850311279 7.88021898269653 7.87787628173828 7.88517713546753 7.89438152313232 7.90396022796631 7.87796974182129 7.85334539413452 7.85493516921997 7.86083173751831 7.88186883926392 7.90052700042725 7.91476678848267 7.93298721313477 7.95554494857788 8.01193428039551 8.09021282196045 8.11752510070801 8.1265287399292 8.11167144775391
8.06596851348877 8.08947658538818 8.11994075775146 8.12085056304932 8.11874008178711 8.11679458618164 8.11550331115723 8.11753845214844 8.11316967010498 8.09334087371826 8.08426856994629 8.08996391296387 8.08046627044678 8.05853939056396 8.05150318145752 8.0515193939209 8.04763412475586 8.04281520843506 8.05765151977539 8.07401180267334 8.09291839599609 8.09435272216797 8.02266979217529 7.96288108825684 7.92820310592651 7.90333938598633 7.89047050476074 7.88695049285889 7.89024019241333 7.89155673980713 7.89205598831177 7.8974814414978 7.90387535095215 7.87937593460083 7.85589790344238 7.85357713699341 7.85660362243652 7.87843227386475 7.89443874359131 7.89963102340698 7.91412496566772 7.93875312805176 7.9846363067627 8.04427337646484 8.08242988586426 8.11287117004395 8.12156200408936
8.05900573730469 8.08226680755615 8.11203956604004 8.11993980407715 8.12537097930908 8.12457656860352 8.12251377105713 8.11399364471436 8.10451030731201 8.09269905090332 8.09250736236572 8.10826683044434 8.106125831604 8.08933925628662 8.07990646362305 8.0739574432373 8.06977844238281 8.0660228729248 8.08297348022461 8.09800243377686 8.06435108184814 8.02436065673828 7.95784187316895 7.90424013137817 7.87790775299072 7.86686038970947 7.8744945526123 7.88349151611328 7.89348173141479 7.89419174194336 7.89105796813965 7.89605045318604 7.90263986587524 7.88009452819824 7.85813188552856 7.85240411758423 7.85202360153198 7.87044525146484 7.88446521759033 7.8903112411499 7.90501260757446 7.92936277389526 7.96417474746704 8.00575542449951 8.04524898529053 8.08399200439453 8.1089916229248
8.06561756134033 8.07416439056396 8.08516502380371 8.10385608673096 8.12264633178711 8.12287902832031 8.11798286437988 8.08699607849121 8.06674671173096 8.07242488861084 8.08610820770264 8.11077976226807 8.10966014862061 8.08743858337402 8.07370567321777 8.06399536132812 8.06466865539551 8.06782341003418 8.07504177093506 8.0769739151001 7.9978928565979 7.92769336700439 7.89466619491577 7.87434864044189 7.88086128234863 7.88679027557373 7.89200496673584 7.8930344581604 7.89101505279541 7.88752508163452 7.88342666625977 7.89080333709717 7.90043592453003 7.88023376464844 7.86009645462036 7.85138750076294 7.84714794158936 7.8586254119873 7.87121963500977 7.88588905334473 7.90411138534546 7.9262056350708 7.94946908950806 7.97348928451538 8.00631141662598 8.0422945022583 8.07750701904297
8.08065509796143 8.07994174957275 8.0790843963623 8.09247303009033 8.10678672790527 8.10672092437744 8.10264682769775 8.07818508148193 8.06401443481445 8.0746955871582 8.08524322509766 8.09560585021973 8.09375762939453 8.08191776275635 8.05435180664062 8.01933479309082 8.0096378326416 8.00599002838135 8.00810623168945 8.00604629516602 7.93743515014648 7.88064432144165 7.87332344055176 7.87274312973022 7.88639163970947 7.8946328163147 7.89626407623291 7.89397478103638 7.88882923126221 7.88338279724121 7.87781190872192 7.88634443283081 7.89764881134033 7.88137769699097 7.86475896835327 7.8547191619873 7.84803771972656 7.85316324234009 7.86142301559448 7.87550354003906 7.89240837097168 7.9123911857605 7.93223905563354 7.95199966430664 7.97947835922241 8.00972938537598 8.04480075836182
8.09981632232666 8.09251117706299 8.08317947387695 8.08339023590088 8.08450031280518 8.08348655700684 8.08202362060547 8.07827377319336 8.07842636108398 8.08799934387207 8.08708572387695 8.07177448272705 8.06834125518799 8.07462692260742 8.02855968475342 7.95769500732422 7.93017673492432 7.91301536560059 7.9122953414917 7.91069936752319 7.87991380691528 7.85787677764893 7.87245225906372 7.88497972488403 7.89318323135376 7.89656019210815 7.89403820037842 7.89070510864258 7.88678073883057 7.88047552108765 7.87318468093872 7.88227081298828 7.89457654953003 7.8830132484436 7.87074136734009 7.86017990112305 7.85174942016602 7.8508129119873 7.85331439971924 7.86220026016235 7.87541961669922 7.89336061477661 7.91377305984497 7.93578433990479 7.95856952667236 7.98163366317749 8.01149559020996
8.1116189956665 8.10642910003662 8.0996561050415 8.09736824035645 8.09551334381104 8.09296226501465 8.09067630767822 8.08973121643066 8.09072971343994 8.0964183807373 8.0954008102417 8.08517551422119 8.08364105224609 8.08921527862549 8.03350448608398 7.94876337051392 7.90869951248169 7.879310131073 7.87981128692627 7.8815131187439 7.87079286575317 7.86523580551147 7.88128900527954 7.89268064498901 7.89423179626465 7.8935112953186 7.8900146484375 7.88719940185547 7.88488054275513 7.8790807723999 7.87183952331543 7.87651348114014 7.88352966308594 7.88084888458252 7.87787485122681 7.8755464553833 7.87159013748169 7.86190891265869 7.85597515106201 7.85700082778931 7.86286640167236 7.87400674819946 7.88784599304199 7.90343189239502 7.92231273651123 7.94237756729126 7.97652959823608
