Ecospace-environmental-drivers/Outputs/ASCII-for-ecospace/MOM6-ISIMIP3a/ph-bot/2003-03_ph-bot_MOM6-ISIMIP3a.asc
NCOLS 131 
NROWS 53 
XLLCORNER -98 
YLLCORNER 23.9265270233154 
CELLSIZE 0.133587792515755 
NODATA_value -9999 
[rows 21 to 41 of 53, columns 47 to 93 of 131]
8.15569305419922 8.15410804748535 8.15233325958252 8.15058135986328 8.14883518218994 8.14715099334717 8.14556217193604 8.14445686340332 8.14365673065186 8.14359378814697 8.14346790313721 8.14325428009033 8.14202880859375 8.13997650146484 8.06855869293213 7.96428442001343 7.90657806396484 7.85999822616577 7.86209678649902 7.86752986907959 7.87281847000122 7.87940979003906 7.89144992828369 7.89782428741455 7.89223861694336 7.88782072067261 7.88483095169067 7.88363075256348 7.88373422622681 7.87851572036743 7.87109327316284 7.87028121948242 7.87076902389526 7.87748336791992 7.88444805145264 7.89160537719727 7.8940601348877 7.87997770309448 7.86745738983154 7.85783863067627 7.85316896438599 7.85389280319214 7.85984659194946 7.86918497085571 7.88688135147095 7.90757989883423 7.94635772705078
8.15338897705078 8.15106582641602 8.14827060699463 8.1467227935791 8.1453275680542 8.14455890655518 8.13971138000488 8.11410999298096 8.09622097015381 8.09694957733154 8.08591842651367 8.05874156951904 8.03946971893311 8.02666759490967 7.97705793380737 7.9100136756897 7.87996292114258 7.85875082015991 7.86793994903564 7.87874555587769 7.88268232345581 7.88722038269043 7.89427518844604 7.89674139022827 7.88952112197876 7.88485097885132 7.88329839706421 7.8812689781189 7.87889194488525 7.87491893768311 7.87028503417969 7.86916065216064 7.86872625350952 7.86920595169067 7.87005472183228 7.87418079376221 7.87647867202759 7.87234735488892 7.87092542648315 7.87453413009644 7.8737268447876 7.86810874938965 7.86581230163574 7.86566591262817 7.8715877532959 7.87968921661377 7.90954351425171
8.14511680603027 8.14152812957764 8.1370096206665 8.13575649261475 8.13485145568848 8.13430881500244 8.12581539154053 8.07687759399414 8.04263496398926 8.0438756942749 8.02227973937988 7.96933078765869 7.93286180496216 7.90987586975098 7.88337373733521 7.85520648956299 7.85439348220825 7.86011648178101 7.87601709365845 7.89163112640381 7.89290857315063 7.89435958862305 7.89653444290161 7.89531660079956 7.88693523406982 7.88225030899048 7.88208293914795 7.87907791137695 7.8740062713623 7.87120866775513 7.8693528175354 7.86822175979614 7.86723279953003 7.86098527908325 7.85517358779907 7.85552453994751 7.85715246200562 7.86327219009399 7.87326240539551 7.89044046401978 7.89417457580566 7.88326168060303 7.87381219863892 7.865309715271 7.85971736907959 7.85517120361328 7.87517833709717
8.03974914550781 8.02657699584961 8.0094747543335 8.00824356079102 8.0081844329834 7.99590826034546 7.98203325271606 7.96002435684204 7.94334316253662 7.93952655792236 7.92740821838379 7.903892993927 7.88775587081909 7.87765455245972 7.86940622329712 7.86203622817993 7.86687135696411 7.87462282180786 7.88521671295166 7.89542245864868 7.89713191986084 7.89860773086548 7.89910697937012 7.896728515625 7.88827514648438 7.88332939147949 7.8826699256897 7.8790864944458 7.87337350845337 7.87037658691406 7.86850452423096 7.86513233184814 7.86146593093872 7.85833311080933 7.85551071166992 7.85552310943604 7.8560733795166 7.85851383209229 7.86273336410522 7.87025690078735 7.87158298492432 7.86615705490112 7.86752271652222 7.87328386306763 7.87214803695679 7.86853504180908 7.87012910842896
7.9468207359314 7.92824840545654 7.90392780303955 7.90302228927612 7.90376091003418 7.88418054580688 7.86779117584229 7.86763381958008 7.86541748046875 7.85822868347168 7.85432243347168 7.85492134094238 7.85540246963501 7.85578632354736 7.86176586151123 7.87039661407471 7.87845182418823 7.88637018203735 7.89212703704834 7.89749336242676 7.89933967590332 7.90064716339111 7.89969968795776 7.89661121368408 7.88900184631348 7.88436841964722 7.88337182998657 7.87919855117798 7.87271070480347 7.86948490142822 7.86760997772217 7.86255788803101 7.85688209533691 7.85625314712524 7.85582828521729 7.85556364059448 7.8552303314209 7.85465621948242 7.85412788391113 7.85368537902832 7.85301780700684 7.85210561752319 7.86122798919678 7.87684345245361 7.87909364700317 7.87654304504395 7.86659908294678
7.90842914581299 7.9028058052063 7.89479351043701 7.8955454826355 7.89686965942383 7.889404296875 7.88307189941406 7.8825044631958 7.88117504119873 7.87800598144531 7.87675857543945 7.87814903259277 7.87896585464478 7.87931346893311 7.88186693191528 7.8854660987854 7.88609790802002 7.88602066040039 7.88899612426758 7.89202070236206 7.89271068572998 7.89299964904785 7.89161205291748 7.88978719711304 7.88703966140747 7.8852334022522 7.88457775115967 7.87976217269897 7.8719162940979 7.86833238601685 7.8665132522583 7.86224126815796 7.85748720169067 7.85668230056763 7.85605907440186 7.85578489303589 7.8554220199585 7.85474681854248 7.85395669937134 7.85295295715332 7.85210990905762 7.85144233703613 7.85490751266479 7.86104726791382 7.86199045181274 7.8610668182373 7.86972904205322
7.88462114334106 7.88719367980957 7.88966846466064 7.89140939712524 7.89304876327515 7.89396715164185 7.89466381072998 7.89423656463623 7.89377403259277 7.89322805404663 7.89354848861694 7.89505863189697 7.89527702331543 7.89443874359131 7.89413499832153 7.89408397674561 7.89037799835205 7.88579845428467 7.88685083389282 7.8882098197937 7.88839960098267 7.8882007598877 7.88637685775757 7.88487577438354 7.88405513763428 7.8834023475647 7.88295555114746 7.87834739685059 7.87070798873901 7.86677074432373 7.86436605453491 7.86124706268311 7.85798788070679 7.85711812973022 7.85638093948364 7.85607433319092 7.85565996170044 7.85486698150635 7.8538384437561 7.85237169265747 7.8513126373291 7.85069799423218 7.85027170181274 7.84996700286865 7.85000801086426 7.85017347335815 7.86994028091431
7.89263153076172 7.89302921295166 7.89329147338867 7.89456129074097 7.8959264755249 7.89708757400513 7.8982081413269 7.89912176132202 7.89948272705078 7.89850997924805 7.89801692962646 7.89818239212036 7.89576482772827 7.89123344421387 7.88931131362915 7.88862466812134 7.88731479644775 7.88585567474365 7.88685607910156 7.88802194595337 7.88914489746094 7.88961696624756 7.88736629486084 7.88413667678833 7.87884092330933 7.87569093704224 7.87516212463379 7.87261486053467 7.86859750747681 7.86431646347046 7.85992670059204 7.85877466201782 7.8582592010498 7.85756874084473 7.85690069198608 7.85651111602783 7.85599803924561 7.85505247116089 7.85383653640747 7.85211896896362 7.85075569152832 7.84977769851685 7.84931182861328 7.84917688369751 7.84920024871826 7.84927988052368 7.86378145217896
7.89678955078125 7.8957052230835 7.89448595046997 7.89509963989258 7.89593696594238 7.89775133132935 7.89954710006714 7.90124416351318 7.90195274353027 7.90027284622192 7.8985013961792 7.89660406112671 7.8921365737915 7.88556718826294 7.88316679000854 7.88274097442627 7.88262891769409 7.88259124755859 7.88360261917114 7.8847131729126 7.88622999191284 7.88708782196045 7.88518905639648 7.88178491592407 7.87520122528076 7.87119293212891 7.87033271789551 7.86897420883179 7.86725282669067 7.86261653900146 7.85677337646484 7.85701560974121 7.85845422744751 7.85811185836792 7.85767602920532 7.85697221755981 7.85614728927612 7.85489845275879 7.85347700119019 7.85173654556274 7.85026931762695 7.84909868240356 7.84858798980713 7.84850406646729 7.84852838516235 7.84859132766724 7.85751676559448
7.89610004425049 7.89440584182739 7.89262580871582 7.89234972000122 7.89233875274658 7.89532375335693 7.89811086654663 7.89989137649536 7.90034770965576 7.89760875701904 7.89397382736206 7.88910961151123 7.88333129882812 7.8768048286438 7.87536001205444 7.87632274627686 7.875901222229 7.87514877319336 7.87624931335449 7.87747764587402 7.8787088394165 7.87959384918213 7.87902975082397 7.87740468978882 7.87354135513306 7.87073850631714 7.86923217773438 7.86796522140503 7.86687231063843 7.86186552047729 7.85523843765259 7.8561544418335 7.85855340957642 7.85877084732056 7.85877323150635 7.85746431350708 7.85605955123901 7.85431718826294 7.85266780853271 7.85119152069092 7.84987211227417 7.84872341156006 7.84816122055054 7.84797859191895 7.84802770614624 7.84816026687622 7.85111808776855
7.8951735496521 7.89309978485107 7.89092540740967 7.8908052444458 7.89097213745117 7.89320755004883 7.89522218704224 7.89611101150513 7.89586973190308 7.89289855957031 7.88834285736084 7.8816123008728 7.87608432769775 7.87154054641724 7.87076854705811 7.87178373336792 7.87137794494629 7.87063217163086 7.87167501449585 7.87285137176514 7.87418413162231 7.87533044815063 7.87569427490234 7.87523365020752 7.87303113937378 7.87103414535522 7.86928939819336 7.86797428131104 7.86697292327881 7.86141681671143 7.85397481918335 7.85544395446777 7.85866451263428 7.85899209976196 7.8590407371521 7.85741424560547 7.8557243347168 7.8538122177124 7.852135181427 7.85089445114136 7.8497371673584 7.8486704826355 7.84807109832764 7.84777402877808 7.84774589538574 7.84781455993652 7.84714984893799
7.89406871795654 7.8917875289917 7.88934373855591 7.89016389846802 7.89127826690674 7.89132499694824 7.89124345779419 7.89051103591919 7.88923645019531 7.88665390014648 7.88188457489014 7.87411260604858 7.8700065612793 7.86889982223511 7.8685884475708 7.86865425109863 7.86850786209106 7.86831045150757 7.86918449401855 7.87018251419067 7.87190675735474 7.87348937988281 7.87447786331177 7.87471866607666 7.87338256835938 7.87189245223999 7.87021446228027 7.86874723434448 7.86743402481079 7.8611946105957 7.85291528701782 7.85484600067139 7.85878419876099 7.85888433456421 7.8586859703064 7.85695695877075 7.85520362854004 7.85336494445801 7.85181045532227 7.8507833480835 7.84979867935181 7.8488597869873 7.84823369979858 7.84780979156494 7.84762811660767 7.84753322601318 7.84500455856323
7.89204216003418 7.89046621322632 7.88881301879883 7.89000940322876 7.89139223098755 7.88991403579712 7.88801288604736 7.88395977020264 7.88057851791382 7.87881898880005 7.87457084655762 7.86690616607666 7.86353826522827 7.863685131073 7.86373376846313 7.86373662948608 7.86385059356689 7.86399126052856 7.86442947387695 7.865065574646 7.86828947067261 7.87110710144043 7.8722243309021 7.87275218963623 7.87203693389893 7.87098598480225 7.86952447891235 7.86822509765625 7.86704397201538 7.86148166656494 7.8541054725647 7.85511541366577 7.85777425765991 7.85756397247314 7.85715961456299 7.85589265823364 7.85458707809448 7.85314798355103 7.85186862945557 7.85088682174683 7.84997701644897 7.84914636611938 7.84847784042358 7.84791469573975 7.84763240814209 7.84745073318481 7.84433078765869
7.88962078094482 7.88914012908936 7.88873195648193 7.89006376266479 7.89142274856567 7.88870525360107 7.88510274887085 7.87700128555298 7.87105274200439 7.8703031539917 7.86689138412476 7.8598256111145 7.8569016456604 7.85736656188965 7.85773277282715 7.85805225372314 7.85842752456665 7.85881567001343 7.85870313644409 7.85890007019043 7.86409854888916 7.86849355697632 7.86952638626099 7.87016344070435 7.86996364593506 7.86932277679443 7.86814260482788 7.86714792251587 7.86628866195679 7.86198711395264 7.85625982284546 7.85575675964355 7.8562798500061 7.85572385787964 7.85513114929199 7.85456800460815 7.85392999649048 7.85302925109863 7.85209083557129 7.85108137130737 7.85020542144775 7.84947443008423 7.84875726699829 7.8480486869812 7.84768867492676 7.84745359420776 7.84428739547729
7.88882637023926 7.88843536376953 7.8879566192627 7.88882446289062 7.88972616195679 7.88780546188354 7.88408470153809 7.87120294570923 7.86191082000732 7.86128520965576 7.85924673080444 7.8552680015564 7.85377502441406 7.85431575775146 7.85479259490967 7.8552393913269 7.8556432723999 7.85603666305542 7.85610389709473 7.85637044906616 7.85986471176147 7.86284589767456 7.86368227005005 7.86429500579834 7.86443614959717 7.86418724060059 7.86346244812012 7.86276769638062 7.86209535598755 7.85928726196289 7.85559511184692 7.85458707809448 7.85410690307617 7.85344982147217 7.85282564163208 7.8525857925415 7.85228824615479 7.85178899765015 7.85129499435425 7.85081148147583 7.85011196136475 7.84917736053467 7.84846782684326 7.84790468215942 7.84763622283936 7.84747362136841 7.84430408477783
7.88836860656738 7.88785982131958 7.88703727722168 7.88731718063354 7.88767147064209 7.88697004318237 7.88345766067505 7.86564493179321 7.85284805297852 7.85216426849365 7.85160970687866 7.85123300552368 7.85137462615967 7.8519401550293 7.85248517990112 7.85302019119263 7.8534049987793 7.85375356674194 7.85415124893188 7.85459280014038 7.85562181472778 7.85657072067261 7.85718679428101 7.85774803161621 7.85819387435913 7.85833358764648 7.85809993743896 7.85770416259766 7.85719060897827 7.85592460632324 7.85434722900391 7.85304307937622 7.85179281234741 7.8510856628418 7.85046243667603 7.85046720504761 7.85044288635254 7.85031652450562 7.85028886795044 7.85044574737549 7.84995222091675 7.84875059127808 7.84806108474731 7.84770345687866 7.84756135940552 7.84749698638916 7.84433317184448
7.88104915618896 7.87965631484985 7.87882852554321 7.87867736816406 7.87840127944946 7.87288331985474 7.86636686325073 7.85477113723755 7.84653759002686 7.84642171859741 7.84731817245483 7.84960460662842 7.85078048706055 7.85104703903198 7.85129356384277 7.85153102874756 7.85169315338135 7.85183763504028 7.85213422775269 7.85246801376343 7.85318374633789 7.85386991500854 7.85443067550659 7.85488986968994 7.85513353347778 7.85523557662964 7.85516500473022 7.85490131378174 7.8544979095459 7.85333061218262 7.85184764862061 7.85090970993042 7.85007905960083 7.84964847564697 7.84927177429199 7.84927463531494 7.84925746917725 7.84916877746582 7.84920167922974 7.84946250915527 7.84926271438599 7.84856176376343 7.84807109832764 7.84771537780762 7.84758138656616 7.84752655029297 7.84444522857666
7.87308835983276 7.87092447280884 7.87010526657104 7.8695912361145 7.86876821517944 7.8587646484375 7.84954929351807 7.8443398475647 7.84078311920166 7.84121561050415 7.84336996078491 7.84788846969604 7.85002613067627 7.85021638870239 7.85023832321167 7.85018062591553 7.85012722015381 7.85007476806641 7.85025024414062 7.85046100616455 7.85095262527466 7.85144472122192 7.85193872451782 7.8522834777832 7.85231161117554 7.85235166549683 7.8524055480957 7.85225963592529 7.85196781158447 7.85087919235229 7.8494610786438 7.84890937805176 7.84852838516235 7.84837102890015 7.8482346534729 7.84822654724121 7.84820413589478 7.84813070297241 7.84819412231445 7.8485107421875 7.84857988357544 7.84837818145752 7.84808731079102 7.84773778915405 7.84760904312134 7.84755945205688 7.84455108642578
7.86156749725342 7.86019420623779 7.85937547683716 7.85915422439575 7.85871171951294 7.85064172744751 7.8435115814209 7.84116649627686 7.83964729309082 7.84012174606323 7.8414888381958 7.84408092498779 7.84670400619507 7.84935235977173 7.85010480880737 7.84995937347412 7.84986305236816 7.84977912902832 7.84981870651245 7.84987545013428 7.85006380081177 7.85025835037231 7.85048007965088 7.85060262680054 7.85051679611206 7.85043621063232 7.85036134719849 7.85025215148926 7.8501181602478 7.84958124160767 7.84887838363647 7.84861421585083 7.84843635559082 7.84835481643677 7.8482837677002 7.84827280044556 7.84823608398438 7.84811067581177 7.84807157516479 7.84819269180298 7.84821653366089 7.84813451766968 7.84797382354736 7.84776210784912 7.8476710319519 7.84762287139893 7.84455060958862
7.85229730606079 7.85119676589966 7.84991407394409 7.84975576400757 7.84950304031372 7.84358215332031 7.83861207962036 7.83847761154175 7.83851337432861 7.83896064758301 7.83965826034546 7.84069967269897 7.84344053268433 7.84757137298584 7.84878778457642 7.84862327575684 7.84852266311646 7.84843778610229 7.84836673736572 7.84829950332642 7.84827947616577 7.84826564788818 7.84827995300293 7.84823656082153 7.84806966781616 7.84791994094849 7.84779119491577 7.84773826599121 7.847740650177 7.84762907028198 7.8474702835083 7.84742116928101 7.84739351272583 7.84739017486572 7.84739017486572 7.84741258621216 7.84740829467773 7.84730863571167 7.84736680984497 7.84771680831909 7.84790134429932 7.8479061126709 7.84785413742065 7.84776592254639 7.84741878509521 7.84697866439819 7.84413003921509
7.85127925872803 7.84855175018311 7.84510326385498 7.84416389465332 7.84340000152588 7.84042310714722 7.83788347244263 7.83756589889526 7.83738946914673 7.83755397796631 7.83801507949829 7.83888244628906 7.84039258956909 7.84242820739746 7.84313058853149 7.84320116043091 7.84323596954346 7.84326171875 7.84317302703857 7.84309053421021 7.84320974349976 7.84331512451172 7.8433632850647 7.84335613250732 7.84323072433472 7.84320306777954 7.8432936668396 7.84336805343628 7.843430519104 7.84327840805054 7.84303712844849 7.84293746948242 7.84286546707153 7.84294605255127 7.84304141998291 7.84323072433472 7.84342575073242 7.84364080429077 7.84452724456787 7.84666061401367 7.84776020050049 7.84773445129395 7.84771299362183 7.8476939201355 7.84601449966431 7.84373903274536 7.8421688079834
