Ecospace-environmental-drivers/Outputs/ASCII-for-ecospace/MOM6-ISIMIP3a/ph-bot/2004-07_ph-bot_MOM6-ISIMIP3a.asc
NCOLS 131 
NROWS 53 
XLLCORNER -98 
YLLCORNER 23.9265270233154 
CELLSIZE 0.133587792515755 
NODATA_value -9999 
[rows 0 to 20 of 53, columns 47 to 93 of 131]
-9999 -9999 -9999 -9999 -9999 -9999 -9999 -9999 -9999 -9999 -9999 -9999 -9999 -9999 -9999 -9999 -9999 -9999 -9999 -9999 -9999 -9999 -9999 -9999 -9999 -9999 -9999 -9999 -9999 -9999 -9999 -9999 -9999 -9999 -9999 -9999 -9999 -9999 -9999 -9999 -9999 -9999 -9999 -9999 -9999 -9999 -9999
-9999 -9999 -9999 -9999 -9999 -9999 -9999 -9999 -9999 -9999 -9999 -9999 -9999 -9999 -9999 -9999 -9999 -9999 -9999 -9999 -9999 -9999 -9999 -9999 -9999 -9999 -9999 -9999 -9999 -9999 -9999 -9999 -9999 -9999 -9999 -9999 -9999 -9999 -9999 -9999 -9999 -9999 -9999 -9999 -9999 -9999 -9999
-9999 -9999 -9999 -9999 -9999 -9999 -9999 -9999 -9999 -9999 -9999 -9999 -9999 -9999 -9999 -9999 -9999 -9999 -9999 -9999 -9999 -9999 -9999 -9999 -9999 -9999 -9999 8.00494003295898 8.00966739654541 -9999 -9999 -9999 -9999 -9999 -9999 -9999 -9999 -9999 -9999 -9999 -9999 -9999 -9999 -9999 -9999 -9999 -9999
-9999 -9999 -9999 -9999 -9999 -9999 -9999 -9999 -9999 -9999 -9999 -9999 -9999 -9999 -9999 -9999 -9999 -9999 -9999 -9999 -9999 -9999 -9999 -9999 -9999 -9999 -9999 8.00546264648438 8.00957298278809 -9999 -9999 -9999 -9999 -9999 -9999 -9999 -9999 -9999 -9999 -9999 -9999 -9999 -9999 -9999 -9999 -9999 -9999
-9999 -9999 -9999 -9999 -9999 -9999 -9999 -9999 -9999 -9999 -9999 -9999 -9999 -9999 -9999 -9999 -9999 -9999 7.78261995315552 7.79268550872803 7.80073833465576 7.84771156311035 7.88657474517822 7.94718027114868 7.98067617416382 7.99287605285645 8.00067710876465 8.0057954788208 8.00991630554199 8.01300811767578 -9999 -9999 8.04599380493164 8.06502246856689 8.07740211486816 8.08215045928955 8.08428478240967 8.09111785888672 8.0999755859375 8.1043815612793 8.10272121429443 8.09526920318604 -9999 -9999 -9999 -9999 -9999
-9999 -9999 -9999 -9999 -9999 -9999 -9999 -9999 -9999 -9999 -9999 -9999 -9999 -9999 7.29181814193726 -9999 7.29690933227539 7.30200242996216 7.5447793006897 7.78261995315552 7.79469871520996 7.80073833465576 7.89468479156494 7.96430110931396 7.98255491256714 7.99517250061035 8.000901222229 8.00595855712891 8.01052761077881 8.01326179504395 8.01523590087891 8.02841472625732 8.04379558563232 8.06577014923096 8.08550071716309 8.08093547821045 8.0800142288208 8.09190368652344 8.10143566131592 8.10658645629883 8.10512351989746 8.09645366668701 8.08423042297363 8.06970977783203 -9999 -9999 -9999
-9999 -9999 -9999 -9999 -9999 -9999 -9999 -9999 -9999 -9999 7.71308946609497 7.70821952819824 7.70441913604736 7.69342803955078 7.48841524124146 7.29222583770752 7.29141092300415 7.29731464385986 7.30200242996216 7.54971504211426 7.78261995315552 7.80073833465576 7.89468479156494 7.96430110931396 7.98255491256714 7.99517250061035 8.000901222229 8.00595855712891 8.01052761077881 8.01326179504395 8.01523590087891 8.02841472625732 8.04379558563232 8.06577014923096 8.08550071716309 8.08093547821045 8.0800142288208 8.09190368652344 8.10143566131592 8.10658645629883 8.10512351989746 8.09645366668701 8.08423042297363 8.06970977783203 8.06587219238281 8.0715446472168 -9999
-9999 -9999 -9999 -9999 -9999 -9999 -9999 -9999 -9999 -9999 7.73920059204102 7.71308946609497 7.70334959030151 -9999 7.68011617660522 7.48150539398193 7.29304075241089 7.29141092300415 7.29853010177612 7.30200242996216 7.5645227432251 7.80071878433228 7.92674779891968 8.01067161560059 8.00570774078369 8.00632190704346 8.01375389099121 8.01780033111572 8.01938152313232 8.02265930175781 8.02663993835449 8.03264808654785 8.03905391693115 8.06709861755371 8.09388542175293 8.10055732727051 8.10684871673584 8.1118049621582 8.1159086227417 8.11842823028564 8.11564445495605 8.10708427429199 8.09830474853516 8.08938503265381 8.07949829101562 8.06926441192627 8.06918716430664
-9999 -9999 -9999 -9999 -9999 -9999 -9999 -9999 -9999 -9999 -9999 -9999 -9999 -9999 7.68375492095947 7.66298389434814 7.47633695602417 7.29467010498047 7.29141092300415 7.30217742919922 7.5616250038147 7.80197334289551 7.96238946914673 8.06169605255127 8.03199577331543 8.0194845199585 8.02797985076904 8.03069114685059 8.02919006347656 8.03324794769287 8.03960704803467 8.03817176818848 8.0352029800415 8.06946754455566 8.10349082946777 8.12169170379639 8.13536739349365 8.13313579559326 8.13157558441162 8.13126277923584 8.12711620330811 8.11879253387451 8.11371517181396 8.11073875427246 8.09357929229736 8.07132625579834 8.0681619644165
8.06474494934082 -9999 -9999 -9999 -9999 -9999 -9999 -9999 -9999 -9999 7.94222831726074 7.76596403121948 -9999 -9999 -9999 7.6640453338623 7.65077686309814 7.48078203201294 7.29792976379395 7.31635665893555 7.59356689453125 7.84662294387817 7.9985933303833 8.09580516815186 8.07741641998291 8.05893325805664 8.04033279418945 8.03452396392822 8.03803157806396 8.04881763458252 8.06261825561523 8.07156085968018 8.07954883575439 8.10219478607178 8.12296962738037 8.12015247344971 8.11975955963135 8.12789249420166 8.13316822052002 8.13313674926758 8.13112926483154 8.12696647644043 8.12136173248291 8.11482429504395 8.10140895843506 8.08552360534668 8.07626724243164
8.06163215637207 8.06117248535156 -9999 -9999 -9999 -9999 -9999 -9999 -9999 -9999 8.032639503479 7.93647050857544 7.76596403121948 -9999 -9999 7.635169506073 7.6438775062561 7.67328357696533 7.49740934371948 7.33869314193726 7.63496685028076 7.90044260025024 8.03702259063721 8.12639713287354 8.11611652374268 8.09353923797607 8.05593299865723 8.04436874389648 8.05177307128906 8.06715869903564 8.08584880828857 8.10236167907715 8.11844635009766 8.12836837768555 8.13471126556396 8.10833263397217 8.09225463867188 8.11239814758301 8.12694549560547 8.13110256195068 8.13354587554932 8.13412380218506 8.12819290161133 8.11805057525635 8.1083984375 8.09892082214355 8.08427143096924
8.06163215637207 8.06025409698486 8.0597505569458 8.05624675750732 -9999 -9999 -9999 -9999 -9999 -9999 -9999 8.02661800384521 7.91309499740601 7.76596403121948 7.71308946609497 7.635169506073 7.6438775062561 7.67328357696533 7.52961587905884 7.40478086471558 7.72710037231445 8.00344753265381 8.08739185333252 8.13813018798828 8.11876678466797 8.10216808319092 8.08894729614258 8.08646392822266 8.09179973602295 8.10036182403564 8.11025905609131 8.11927890777588 8.1281270980835 8.11938190460205 8.10495281219482 8.04137134552002 8.00094223022461 8.041916847229 8.07880306243896 8.10809898376465 8.12740421295166 8.13582420349121 8.13064479827881 8.11666584014893 8.11087799072266 8.10803413391113 8.09173488616943
8.0627965927124 8.06115913391113 8.06115627288818 8.05643367767334 -9999 -9999 -9999 -9999 8.02975082397461 8.02782344818115 8.03571224212646 8.05708026885986 7.98706150054932 7.84227418899536 7.74631023406982 7.6734733581543 7.68076181411743 7.70719480514526 7.59620428085327 7.50394582748413 7.82173776626587 8.08504009246826 8.12029933929443 8.13736915588379 8.11603927612305 8.09952926635742 8.08890819549561 8.08343982696533 8.0817232131958 8.08521747589111 8.09087085723877 8.09572887420654 8.10043048858643 8.07887363433838 8.05113124847412 7.97246026992798 7.92265510559082 7.9743447303772 8.02255439758301 8.06430149078369 8.09299468994141 8.10746574401855 8.11344718933105 8.11393451690674 8.11569690704346 8.11791801452637 8.10217094421387
8.06687068939209 8.06301498413086 8.06131458282471 8.05643367767334 8.05115127563477 8.04377746582031 8.03697395324707 8.03307342529297 8.02975082397461 8.02782344818115 8.03571224212646 8.05708026885986 8.01768589019775 7.92857837677002 7.86258459091187 7.8075385093689 7.80985879898071 7.82588529586792 7.74874782562256 7.6858057975769 7.92263412475586 8.11310195922852 8.1095495223999 8.10537052154541 8.09986591339111 8.06871891021729 8.00623226165771 7.96761465072632 7.94638395309448 7.94920492172241 7.96198701858521 7.97100782394409 7.97928905487061 7.95956134796143 7.93715190887451 7.89867353439331 7.87693357467651 7.91404676437378 7.94603872299194 7.96851968765259 7.98791742324829 8.00395584106445 8.04712104797363 8.10783863067627 8.12636280059814 8.12973117828369 8.12003898620605
8.04225730895996 8.04908466339111 8.06142616271973 8.05824375152588 8.05347633361816 8.04878616333008 8.04492378234863 8.04527759552002 8.04458427429199 8.04136180877686 8.0485200881958 8.06992816925049 8.05276584625244 8.0040454864502 7.96171569824219 7.92241239547729 7.91622591018677 7.91795253753662 7.88372802734375 7.85889339447021 8.00666809082031 8.1181058883667 8.07747650146484 8.04795551300049 8.04188537597656 8.00703048706055 7.93699550628662 7.89480686187744 7.87290048599243 7.87563562393188 7.88857507705688 7.8975944519043 7.90584325790405 7.88730430603027 7.86834621429443 7.85498285293579 7.85076856613159 7.87872457504272 7.89998865127563 7.90882539749146 7.92132043838501 7.93780183792114 7.99605083465576 8.08132553100586 8.11626815795898 8.13313007354736 8.13062953948975
7.97708654403687 8.01283645629883 8.06147289276123 8.06261348724365 8.05908870697021 8.06087493896484 8.06411361694336 8.07473659515381 8.08038997650146 8.07404327392578 8.07943439483643 8.10094165802002 8.09414482116699 8.0641918182373 8.03661060333252 8.01015281677246 7.99045753479004 7.97237825393677 7.99387788772583 8.01957893371582 8.06686115264893 8.09051036834717 8.01525497436523 7.95460748672485 7.92479705810547 7.90168523788452 7.88675975799561 7.88281583786011 7.88687086105347 7.89034986495972 7.89359045028687 7.89672183990479 7.89983129501343 7.88157510757446 7.86340761184692 7.85384130477905 7.85225248336792 7.87871360778809 7.89701223373413 7.9001522064209 7.90912771224976 7.92446136474609 7.96654844284058 8.02594661712646 8.07682037353516 8.12463188171387 8.13093090057373
7.96374225616455 8.00365734100342 8.05649566650391 8.06503772735596 8.06906700134277 8.07367897033691 8.07812976837158 8.08176136016846 8.08403491973877 8.08302879333496 8.09127616882324 8.11222648620605 8.11211204528809 8.09476375579834 8.07767105102539 8.06069850921631 8.04457855224609 8.02866268157959 8.06338691711426 8.09693431854248 8.06272602081299 8.02169799804688 7.95212650299072 7.89728975296021 7.87356042861938 7.86446475982666 7.87325477600098 7.88251781463623 7.89212608337402 7.89363384246826 7.89178657531738 7.89329624176025 7.89546585083008 7.87792158126831 7.86055088043213 7.85200214385986 7.8501443862915 7.87181043624878 7.88784980773926 7.89344024658203 7.90349149703979 7.91840362548828 7.94736385345459 7.98541402816772 8.03779697418213 8.09532833099365 8.11594486236572
7.99404239654541 8.01727294921875 8.04728603363037 8.06582355499268 8.08272266387939 8.08708381652832 8.08778858184814 8.06989479064941 8.06059741973877 8.07206058502197 8.08705425262451 8.10689735412598 8.11036396026611 8.10043239593506 8.09023952484131 8.07992172241211 8.08176517486572 8.08651447296143 8.09867191314697 8.10411643981934 8.00442028045654 7.91817665100098 7.88823366165161 7.8703145980835 7.87777900695801 7.88461399078369 7.89068078994751 7.89206647872925 7.89004278182983 7.88729190826416 7.8842396736145 7.88772058486938 7.89248609542847 7.87601709365845 7.85944700241089 7.84957599639893 7.84501123428345 7.85910320281982 7.87347841262817 7.88837957382202 7.90337705612183 7.91847896575928 7.93686819076538 7.95738410949707 7.99913120269775 8.04850482940674 8.08808517456055
8.02617263793945 8.03692626953125 8.05023288726807 8.06872844696045 8.08717250823975 8.08989715576172 8.0897855758667 8.07524108886719 8.06901931762695 8.08289527893066 8.09503555297852 8.10479545593262 8.10807132720947 8.10604381561279 8.07576465606689 8.03210258483887 8.02496433258057 8.02655410766602 8.02975940704346 8.02736473083496 7.9418511390686 7.87204790115356 7.86799573898315 7.86984777450562 7.88416481018066 7.89286422729492 7.89469814300537 7.89258766174316 7.88760471343994 7.88274765014648 7.87794303894043 7.88407468795776 7.89235639572144 7.87798357009888 7.8631763458252 7.8523211479187 7.84555768966675 7.85318040847778 7.86319398880005 7.87764739990234 7.89272117614746 7.90847110748291 7.92437314987183 7.94037342071533 7.97029495239258 8.00521755218506 8.0495080947876
8.05919742584229 8.05953502655029 8.05912780761719 8.07266902923584 8.08711719512939 8.08752822875977 8.08803176879883 8.08901119232178 8.09303283691406 8.10439968109131 8.10898780822754 8.10427188873291 8.10551357269287 8.11162853240967 8.04805564880371 7.9514741897583 7.92216968536377 7.90894031524658 7.90985488891602 7.9095401763916 7.87719583511353 7.85400485992432 7.86912059783936 7.88235378265381 7.89161205291748 7.89529180526733 7.8921537399292 7.88869094848633 7.88499212265015 7.87908315658569 7.87225818634033 7.88137340545654 7.89362192153931 7.88184499740601 7.86927080154419 7.85759687423706 7.84888315200806 7.85057783126831 7.85490989685059 7.86413908004761 7.8769063949585 7.8935284614563 7.91089916229248 7.92875528335571 7.94626903533936 7.96365976333618 8.00568580627441
8.08615684509277 8.08495807647705 8.08284282684326 8.08995914459229 8.09775066375732 8.09829235076904 8.09911060333252 8.10133647918701 8.10495567321777 8.11194038391113 8.11427116394043 8.11021137237549 8.11107635498047 8.11597061157227 8.04524421691895 7.93869781494141 7.89861488342285 7.87441253662109 7.87580537796021 7.878089427948 7.86774444580078 7.86244916915894 7.87828588485718 7.88978242874146 7.89211845397949 7.89185285568237 7.88840770721436 7.88569974899292 7.88352823257446 7.87799119949341 7.87106132507324 7.87615203857422 7.88360595703125 7.88052749633789 7.8770751953125 7.87377834320068 7.86953783035278 7.86197805404663 7.85735130310059 7.85817241668701 7.86338520050049 7.87338256835938 7.88570737838745 7.89953851699829 7.91472434997559 7.93039703369141 7.96771192550659
