Ecospace-environmental-drivers/Outputs/ASCII-for-ecospace/MOM6-ISIMIP3a/ph-bot/2004-10_ph-bot_MOM6-ISIMIP3a.asc
NCOLS 131 
NROWS 53 
XLLCORNER -98 
YLLCORNER 23.9265270233154 
CELLSIZE 0.133587792515755 
NODATA_value -9999 
[rows 0 to 20 of 53, columns 47 to 93 of 131]
-9999 -9999 -9999 -9999 -9999 -9999 -9999 -9999 -9999 -9999 -9999 -9999 -9999 -9999 -9999 -9999 -9999 -9999 -9999 -9999 -9999 -9999 -9999 -9999 -9999 -9999 -9999 -9999 -9999 -9999 -9999 -9999 -9999 -9999 -9999 -9999 -9999 -9999 -9999 -9999 -9999 -9999 -9999 -9999 -9999 -9999 -9999
-9999 -9999 -9999 -9999 -9999 -9999 -9999 -9999 -9999 -9999 -9999 -9999 -9999 -9999 -9999 -9999 -9999 -9999 -9999 -9999 -9999 -9999 -9999 -9999 -9999 -9999 -9999 -9999 -9999 -9999 -9999 -9999 -9999 -9999 -9999 -9999 -9999 -9999 -9999 -9999 -9999 -9999 -9999 -9999 -9999 -9999 -9999
-9999 -9999 -9999 -9999 -9999 -9999 -9999 -9999 -9999 -9999 -9999 -9999 -9999 -9999 -9999 -9999 -9999 -9999 -9999 -9999 -9999 -9999 -9999 -9999 -9999 -9999 -9999 8.12191390991211 8.12416172027588 -9999 -9999 -9999 -9999 -9999 -9999 -9999 -9999 -9999 -9999 -9999 -9999 -9999 -9999 -9999 -9999 -9999 -9999
-9999 -9999 -9999 -9999 -9999 -9999 -9999 -9999 -9999 -9999 -9999 -9999 -9999 -9999 -9999 -9999 -9999 -9999 -9999 -9999 -9999 -9999 -9999 -9999 -9999 -9999 -9999 8.12203788757324 8.12401485443115 -9999 -9999 -9999 -9999 -9999 -9999 -9999 -9999 -9999 -9999 -9999 -9999 -9999 -9999 -9999 -9999 -9999 -9999
-9999 -9999 -9999 -9999 -9999 -9999 -9999 -9999 -9999 -9999 -9999 -9999 -9999 -9999 -9999 -9999 -9999 -9999 8.09321784973145 8.09392929077148 8.09449768066406 8.09781646728516 8.10097694396973 8.10695934295654 8.1122465133667 8.11675548553467 8.12015533447266 8.12215614318848 8.12380123138428 8.12608623504639 -9999 -9999 8.13474655151367 8.13470649719238 8.13205718994141 8.12837219238281 8.1234827041626 8.11941051483154 8.11850833892822 8.12224864959717 8.13067245483398 8.13964557647705 -9999 -9999 -9999 -9999 -9999
-9999 -9999 -9999 -9999 -9999 -9999 -9999 -9999 -9999 -9999 -9999 -9999 -9999 -9999 7.86842727661133 -9999 7.87635564804077 7.88332080841064 7.98995971679688 8.09321784973145 8.09407138824463 8.09449768066406 8.10113620758057 8.10729598999023 8.11244487762451 8.11699867248535 8.12082290649414 8.12264347076416 8.12300300598145 8.12575626373291 8.1294994354248 8.13298034667969 8.13640975952148 8.13484954833984 8.1328592300415 8.12846183776855 8.1237964630127 8.11819076538086 8.11624336242676 8.12109088897705 8.1294116973877 8.14151573181152 8.14801025390625 8.15087413787842 -9999 -9999 -9999
-9999 -9999 -9999 -9999 -9999 -9999 -9999 -9999 -9999 -9999 7.89054918289185 7.8904857635498 7.88998699188232 7.88749170303345 7.87603664398193 7.86799097061157 7.86886358261108 7.87688302993774 7.88332080841064 7.99334001541138 8.09321784973145 8.09449768066406 8.10113620758057 8.10729598999023 8.11244487762451 8.11699867248535 8.12082290649414 8.12264347076416 8.12300300598145 8.12575626373291 8.1294994354248 8.13298034667969 8.13640975952148 8.13484954833984 8.1328592300415 8.12846183776855 8.1237964630127 8.11819076538086 8.11624336242676 8.12109088897705 8.1294116973877 8.14151573181152 8.14801025390625 8.15087413787842 8.15163135528564 8.14846324920654 -9999
-9999 -9999 -9999 -9999 -9999 -9999 -9999 -9999 -9999 -9999 7.8908896446228 7.89054918289185 7.89042234420776 -9999 7.8830623626709 7.87127590179443 7.86711835861206 7.86886358261108 7.87846422195435 7.88332080841064 8.0034818649292 8.10149955749512 8.10684585571289 8.1098690032959 8.10798835754395 8.10778427124023 8.10962677001953 8.11131191253662 8.11288261413574 8.116943359375 8.12203502655029 8.12467765808105 8.12683868408203 8.12628746032715 8.12537956237793 8.12197589874268 8.11705207824707 8.10678386688232 8.10357284545898 8.11346912384033 8.12353897094727 8.13379764556885 8.13867950439453 8.14008331298828 8.14427947998047 8.1494779586792 8.1494083404541
-9999 -9999 -9999 -9999 -9999 -9999 -9999 -9999 -9999 -9999 -9999 -9999 -9999 -9999 7.8861255645752 7.87276601791382 7.86150598526001 7.86537313461304 7.86886358261108 7.88320875167847 8.00783634185791 8.10918807983398 8.11312770843506 8.11279010772705 8.10342502593994 8.09810256958008 8.09772109985352 8.09923267364502 8.10212326049805 8.10755443572998 8.11403751373291 8.11578178405762 8.1165943145752 8.11703109741211 8.1171760559082 8.11460304260254 8.10926914215088 8.09423065185547 8.0897216796875 8.10476684570312 8.11666393280029 8.1251335144043 8.12841510772705 8.12833976745605 8.13679027557373 8.14830303192139 8.14990425109863
8.12711048126221 -9999 -9999 -9999 -9999 -9999 -9999 -9999 -9999 -9999 8.00158405303955 7.89123821258545 -9999 -9999 -9999 7.87778663635254 7.8504695892334 7.84503841400146 7.86188268661499 7.86988592147827 8.00446224212646 8.11375999450684 8.117262840271 8.11779022216797 8.11203765869141 8.10734939575195 8.10396194458008 8.10450267791748 8.10790538787842 8.11187934875488 8.1160888671875 8.11806392669678 8.11959934234619 8.11656951904297 8.11263847351074 8.10155010223389 8.09162712097168 8.08580207824707 8.08360004425049 8.0881290435791 8.09793186187744 8.11347961425781 8.12162590026855 8.12498378753662 8.13092231750488 8.13778877258301 8.14390659332275
8.12500762939453 8.1246976852417 -9999 -9999 -9999 -9999 -9999 -9999 -9999 -9999 8.05836963653564 7.99823617935181 7.89123821258545 -9999 -9999 7.88953399658203 7.85327625274658 7.80859851837158 7.83257055282593 7.86827516555786 8.00610446929932 8.11801719665527 8.12146472930908 8.12271785736084 8.11933994293213 8.11462783813477 8.10828495025635 8.10781860351562 8.11163139343262 8.11433601379395 8.1165828704834 8.11877250671387 8.12095165252686 8.11414623260498 8.10547828674316 8.08185863494873 8.06481075286865 8.07086944580078 8.07428169250488 8.07277488708496 8.08174800872803 8.10213947296143 8.11462593078613 8.12199783325195 8.12584209442139 8.12841892242432 8.13826942443848
8.12500762939453 8.12407684326172 8.10091972351074 8.08312702178955 -9999 -9999 -9999 -9999 -9999 -9999 -9999 8.05483150482178 7.98344326019287 7.89123821258545 7.89054918289185 7.88953399658203 7.85327625274658 7.80859851837158 7.8642258644104 7.92948579788208 8.03465366363525 8.12058734893799 8.12602233886719 8.12725353240967 8.11960887908936 8.1113452911377 8.10232353210449 8.10064888000488 8.10432624816895 8.10677623748779 8.10871696472168 8.11104202270508 8.11344242095947 8.10120296478271 8.08425140380859 8.02655696868896 7.98878479003906 8.02105903625488 8.04781055450439 8.06430530548096 8.07924175262451 8.09247875213623 8.10648727416992 8.12099456787109 8.12497997283936 8.1251859664917 8.13456630706787
8.12117290496826 8.1068639755249 8.08992099761963 8.08281803131104 -9999 -9999 -9999 -9999 8.05384826660156 8.05533504486084 8.06135654449463 8.0736026763916 8.02953624725342 7.93939590454102 7.90836715698242 7.90533924102783 7.87184906005859 7.83108139038086 7.9051365852356 7.98662281036377 8.06145477294922 8.12200546264648 8.12279319763184 8.12040710449219 8.11132335662842 8.09749412536621 8.07786560058594 8.06750011444092 8.06388378143311 8.06608200073242 8.07068920135498 8.07356929779053 8.07611083984375 8.05944156646729 8.03718948364258 7.96735048294067 7.92335224151611 7.97021436691284 8.01027202606201 8.03769207000732 8.05750465393066 8.0690279006958 8.08842658996582 8.11292171478271 8.11953830718994 8.11973094940186 8.12837028503418
8.10774993896484 8.09864330291748 8.0892219543457 8.08281803131104 8.0766429901123 8.06830501556396 8.06064224243164 8.0564079284668 8.05384826660156 8.05533504486084 8.06135654449463 8.0736026763916 8.0492696762085 7.99500846862793 7.97073173522949 7.96065807342529 7.93685531616211 7.90977144241333 7.96918678283691 8.03357696533203 8.08388519287109 8.12054634094238 8.10009479522705 8.08510589599609 8.08164978027344 8.05722332000732 8.00716590881348 7.96940231323242 7.94059371948242 7.94255399703979 7.95725679397583 7.96174383163452 7.96422290802002 7.94563341140747 7.92554044723511 7.8983793258667 7.88440275192261 7.9167857170105 7.94506406784058 7.96572113037109 7.98769330978394 8.01109790802002 8.04555892944336 8.08717441558838 8.10264301300049 8.10871982574463 8.11594581604004
8.08728122711182 8.08668994903564 8.08779335021973 8.08339309692383 8.07836818695068 8.07168388366699 8.06577682495117 8.06382274627686 8.06260299682617 8.06315517425537 8.06921863555908 8.08284759521484 8.07403564453125 8.04686260223389 8.02874851226807 8.01492500305176 7.99863290786743 7.98175048828125 8.02476406097412 8.07039833068848 8.09429836273193 8.10552024841309 8.06369018554688 8.03209495544434 8.0221061706543 7.99402713775635 7.94383716583252 7.90470552444458 7.87362909317017 7.87595844268799 7.89212226867676 7.89571666717529 7.89684009552002 7.87838077545166 7.86070728302002 7.85779428482056 7.86087131500244 7.885009765625 7.90566825866699 7.91986465454102 7.940345287323 7.96767282485962 8.00933265686035 8.06026744842529 8.0841760635376 8.09837627410889 8.106614112854
8.05685138702393 8.06945610046387 8.08533000946045 8.0847806930542 8.08253383636475 8.07983875274658 8.07817077636719 8.08172130584717 8.08373355865479 8.08203220367432 8.08819675445557 8.10516166687012 8.10591506958008 8.09340381622314 8.08061981201172 8.06770515441895 8.05584716796875 8.04424095153809 8.06836223602295 8.09289646148682 8.08771991729736 8.07131385803223 8.00790882110596 7.95404815673828 7.92033386230469 7.8984203338623 7.89092922210693 7.88723230361938 7.88629913330078 7.88985633850098 7.89527273178101 7.89444017410278 7.89237928390503 7.87694883346558 7.86206340789795 7.85734176635742 7.85913705825806 7.8838472366333 7.90276575088501 7.91092967987061 7.92475605010986 7.94475317001343 7.98249626159668 8.03172302246094 8.06348609924316 8.08897686004639 8.10165500640869
8.04831218719482 8.06209945678711 8.07924842834473 8.08723068237305 8.09398937225342 8.09305953979492 8.09125900268555 8.0850305557251 8.08103656768799 8.08243942260742 8.09172058105469 8.11181831359863 8.11447334289551 8.10285758972168 8.09315204620361 8.08434963226318 8.07838916778564 8.07310771942139 8.08489513397217 8.0943660736084 8.05305767059326 8.00837135314941 7.949547290802 7.90127515792847 7.87527799606323 7.8653244972229 7.87497854232788 7.88354301452637 7.89131498336792 7.8930835723877 7.89236688613892 7.89155387878418 7.89072227478027 7.87625408172607 7.86206579208374 7.85554695129395 7.85532283782959 7.87723112106323 7.89471244812012 7.90397310256958 7.9164981842041 7.93258094787598 7.96300268173218 8.0027027130127 8.03826999664307 8.07235336303711 8.09110069274902
8.05820941925049 8.06306076049805 8.07011795043945 8.09057426452637 8.11158466339111 8.11054420471191 8.10493087768555 8.07605266571045 8.058274269104 8.06729412078857 8.08223056793213 8.1052885055542 8.10339260101318 8.08108043670654 8.0725564956665 8.07056331634521 8.07173347473145 8.07365894317627 8.07863616943359 8.07812786102295 7.99474573135376 7.92123174667358 7.88901281356812 7.86978578567505 7.87798500061035 7.88487005233765 7.89014959335327 7.89146184921265 7.88988494873047 7.88732624053955 7.88436126708984 7.8873119354248 7.89142608642578 7.87618017196655 7.86092853546143 7.85262203216553 7.84975624084473 7.86602210998535 7.88232088088989 7.89868211746216 7.9144139289856 7.92945909500122 7.9496922492981 7.97328186035156 8.00924301147461 8.04964828491211 8.07583236694336
8.05667781829834 8.05894756317139 8.06248664855957 8.08222770690918 8.1028413772583 8.10224342346191 8.09786701202393 8.07427310943604 8.06007957458496 8.06858539581299 8.07919788360596 8.0927038192749 8.08989524841309 8.07374000549316 8.04871940612793 8.01949977874756 8.01146793365479 8.00849914550781 8.00991725921631 8.00697231292725 7.93615293502808 7.87741136550903 7.86921787261963 7.86863136291504 7.88410329818726 7.8929591178894 7.89372873306274 7.89179849624634 7.88790082931519 7.88313293457031 7.87800455093384 7.88421440124512 7.89265298843384 7.87850046157837 7.86401414871216 7.85444498062134 7.84911918640137 7.85871553421021 7.87050294876099 7.88636159896851 7.90253591537476 7.91905450820923 7.9368953704834 7.95559120178223 7.98428297042847 8.01656532287598 8.04878711700439
8.0495548248291 8.05235004425049 8.05558776855469 8.06816101074219 8.08121013641357 8.08132457733154 8.08065700531006 8.07601451873779 8.07390689849854 8.07791900634766 8.07932567596436 8.07715511322021 8.07521533966064 8.07346534729004 8.02329730987549 7.95019435882568 7.92496871948242 7.91118240356445 7.91063213348389 7.90894222259521 7.87742233276367 7.85479116439819 7.86935997009277 7.88232135772705 7.89189052581787 7.89544105529785 7.89163589477539 7.88842439651489 7.8856463432312 7.87970542907715 7.87245512008667 7.88167667388916 7.89413642883301 7.88199186325073 7.8691668510437 7.85859155654907 7.85089492797852 7.8533182144165 7.85896587371826 7.87060070037842 7.88586568832397 7.90508604049683 7.92434978485107 7.9436411857605 7.96131420135498 7.9784049987793 8.01597785949707
8.05194187164307 8.05379295349121 8.05574417114258 8.06192874908447 8.06832122802734 8.06864261627197 8.06895732879639 8.06924247741699 8.070556640625 8.07435321807861 8.07594871520996 8.0745210647583 8.07398223876953 8.07416915893555 8.019211769104 7.93813514709473 7.90242290496826 7.87755012512207 7.87817573547363 7.87966918945312 7.86829900741577 7.8621883392334 7.87808990478516 7.88971376419067 7.89230823516846 7.89208889007568 7.88843154907227 7.88592004776001 7.88424348831177 7.87864828109741 7.87143039703369 7.87641525268555 7.88379907608032 7.8804087638855 7.87668704986572 7.87362766265869 7.8697657585144 7.86308145523071 7.85944557189941 7.8614706993103 7.86843347549438 7.880774974823 7.89517688751221 7.91091251373291 7.92745780944824 7.94429397583008 7.98014116287231
