Ecospace-environmental-drivers/Outputs/ASCII-for-ecospace/MOM6-ISIMIP3a/ph-bot/2005-11_ph-bot_MOM6-ISIMIP3a.asc
NCOLS 131 
NROWS 53 
XLLCORNER -98 
YLLCORNER 23.9265270233154 
CELLSIZE 0.133587792515755 
NODATA_value -9999 
[rows 0 to 20 of 53, columns 47 to 93 of 131]
-9999 -9999 -9999 -9999 -9999 -9999 -9999 -9999 -9999 -9999 -9999 -9999 -9999 -9999 -9999 -9999 -9999 -9999 -9999 -9999 -9999 -9999 -9999 -9999 -9999 -9999 -9999 -9999 -9999 -9999 -9999 -9999 -9999 -9999 -9999 -9999 -9999 -9999 -9999 -9999 -9999 -9999 -9999 -9999 -9999 -9999 -9999
-9999 -9999 -9999 -9999 -9999 -9999 -9999 -9999 -9999 -9999 -9999 -9999 -9999 -9999 -9999 -9999 -9999 -9999 -9999 -9999 -9999 -9999 -9999 -9999 -9999 -9999 -9999 -9999 -9999 -9999 -9999 -9999 -9999 -9999 -9999 -9999 -9999 -9999 -9999 -9999 -9999 -9999 -9999 -9999 -9999 -9999 -9999
-9999 -9999 -9999 -9999 -9999 -9999 -9999 -9999 -9999 -9999 -9999 -9999 -9999 -9999 -9999 -9999 -9999 -9999 -9999 -9999 -9999 -9999 -9999 -9999 -9999 -9999 -9999 8.2169713973999 8.2172794342041 -9999 -9999 -9999 -9999 -9999 -9999 -9999 -9999 -9999 -9999 -9999 -9999 -9999 -9999 -9999 -9999 -9999 -9999
-9999 -9999 -9999 -9999 -9999 -9999 -9999 -9999 -9999 -9999 -9999 -9999 -9999 -9999 -9999 -9999 -9999 -9999 -9999 -9999 -9999 -9999 -9999 -9999 -9999 -9999 -9999 8.21709060668945 8.21785163879395 -9999 -9999 -9999 -9999 -9999 -9999 -9999 -9999 -9999 -9999 -9999 -9999 -9999 -9999 -9999 -9999 -9999 -9999
-9999 -9999 -9999 -9999 -9999 -9999 -9999 -9999 -9999 -9999 -9999 -9999 -9999 -9999 -9999 -9999 -9999 -9999 8.20924854278564 8.20974445343018 8.2101411819458 8.21245574951172 8.21403980255127 8.21566772460938 8.21552085876465 8.21493911743164 8.21565818786621 8.21732139587402 8.21829032897949 8.217942237854 -9999 -9999 8.19923114776611 8.18841171264648 8.17865753173828 8.17176532745361 8.1690731048584 8.16865634918213 8.17069625854492 8.17439460754395 8.18020534515381 8.18697547912598 -9999 -9999 -9999 -9999 -9999
-9999 -9999 -9999 -9999 -9999 -9999 -9999 -9999 -9999 -9999 -9999 -9999 -9999 -9999 8.12992095947266 -9999 8.13290023803711 8.13551425933838 8.17260551452637 8.20924854278564 8.20984363555908 8.2101411819458 8.21477031707764 8.21720886230469 8.21502304077148 8.21433162689209 8.21546363830566 8.2171802520752 8.21932125091553 8.21836948394775 8.21613693237305 8.20886325836182 8.20059776306152 8.18823146820068 8.17640590667725 8.1713342666626 8.167555809021 8.16832828521729 8.17008590698242 8.17367553710938 8.17942142486572 8.18751907348633 8.19398498535156 8.19939613342285 -9999 -9999 -9999
-9999 -9999 -9999 -9999 -9999 -9999 -9999 -9999 -9999 -9999 8.02348327636719 8.02404499053955 8.0247220993042 8.02723503112793 8.07998847961426 8.12973213195801 8.13010883331299 8.13307857513428 8.13551425933838 8.17305278778076 8.20924854278564 8.2101411819458 8.21477031707764 8.21720886230469 8.21502304077148 8.21433162689209 8.21546363830566 8.2171802520752 8.21932125091553 8.21836948394775 8.21613693237305 8.20886325836182 8.20059776306152 8.18823146820068 8.17640590667725 8.1713342666626 8.167555809021 8.16832828521729 8.17008590698242 8.17367553710938 8.17942142486572 8.18751907348633 8.19398498535156 8.19939613342285 8.20082569122314 8.19659900665283 -9999
-9999 -9999 -9999 -9999 -9999 -9999 -9999 -9999 -9999 -9999 8.02046966552734 8.02348327636719 8.02460765838623 -9999 8.0310230255127 8.08300590515137 8.12935543060303 8.13010883331299 8.13361263275146 8.13551425933838 8.17439556121826 8.20593738555908 8.20676422119141 8.20590400695801 8.20148086547852 8.19932746887207 8.19994926452637 8.20096874237061 8.20227813720703 8.20089149475098 8.19838809967041 8.19095039367676 8.18254375457764 8.17307186126709 8.16395950317383 8.15874481201172 8.15213680267334 8.14063167572021 8.13865375518799 8.15436935424805 8.16664791107178 8.17518043518066 8.18243598937988 8.18886661529541 8.19289970397949 8.19607162475586 8.20048332214355
-9999 -9999 -9999 -9999 -9999 -9999 -9999 -9999 -9999 -9999 -9999 -9999 -9999 -9999 8.02900695800781 8.038330078125 8.08822631835938 8.12860202789307 8.13010883331299 8.13521385192871 8.1721019744873 8.20123767852783 8.19792747497559 8.19347095489502 8.18659496307373 8.18282127380371 8.18283653259277 8.18306732177734 8.18345642089844 8.18159866333008 8.17881107330322 8.1712532043457 8.16275787353516 8.15643787384033 8.15022373199463 8.14424991607666 8.13422203063965 8.10994529724121 8.10412883758545 8.13259887695312 8.15196132659912 8.16140270233154 8.16970348358154 8.17726707458496 8.18597030639648 8.19508266448975 8.20206546783447
8.16864585876465 -9999 -9999 -9999 -9999 -9999 -9999 -9999 -9999 -9999 8.09964179992676 8.01737976074219 -9999 -9999 -9999 8.03555870056152 8.05145168304443 8.0954122543335 8.12709522247314 8.12920665740967 8.16640663146973 8.19556331634521 8.19105529785156 8.18537044525146 8.17720127105713 8.1718692779541 8.17000389099121 8.16895961761475 8.16851329803467 8.16663455963135 8.16416263580322 8.15853881835938 8.15229511260986 8.14699935913086 8.13970470428467 8.11252689361572 8.08971500396729 8.08225345611572 8.083251953125 8.0999641418457 8.12052822113037 8.14528942108154 8.1603307723999 8.16908359527588 8.17869091033936 8.1886043548584 8.19863700866699
8.17032051086426 8.17056751251221 -9999 -9999 -9999 -9999 -9999 -9999 -9999 -9999 8.14006996154785 8.08909702301025 8.01737976074219 -9999 -9999 8.03247737884521 8.05071544647217 8.0711612701416 8.09797954559326 8.12574768066406 8.16095924377441 8.18839168548584 8.18326759338379 8.17678642272949 8.16743659973145 8.16074085235596 8.15728569030762 8.15523719787598 8.15421390533447 8.1524133682251 8.15029144287109 8.1465892791748 8.14257717132568 8.13492298126221 8.12349605560303 8.07653141021729 8.04219627380371 8.05226421356201 8.06154918670654 8.06937885284424 8.09123706817627 8.12837886810303 8.14964771270752 8.16064643859863 8.1710376739502 8.18121147155762 8.19340705871582
8.17032051086426 8.17106151580811 8.16726398468018 8.16664028167725 -9999 -9999 -9999 -9999 -9999 -9999 -9999 8.12375259399414 8.07201766967773 8.01737976074219 8.02348327636719 8.03247737884521 8.05071544647217 8.0711612701416 8.10354614257812 8.13595867156982 8.15684127807617 8.17319107055664 8.17057037353516 8.16560363769531 8.15568447113037 8.14866256713867 8.14518356323242 8.14359092712402 8.14337158203125 8.14218139648438 8.14058971405029 8.13874912261963 8.13685894012451 8.1086950302124 8.07676982879639 8.01761627197266 7.97852230072021 8.00995826721191 8.03541946411133 8.0497875213623 8.07343578338623 8.1071949005127 8.13193798065186 8.15084648132324 8.16138553619385 8.16891860961914 8.17851543426514
8.16870498657227 8.16714286804199 8.16433048248291 8.16652011871338 -9999 -9999 -9999 -9999 8.16059875488281 8.15432071685791 8.14474487304688 8.13064289093018 8.09586906433105 8.04418087005615 8.03322315216064 8.04155921936035 8.05884742736816 8.07827472686768 8.11100959777832 8.14310550689697 8.15259838104248 8.15901947021484 8.15258312225342 8.14432239532471 8.13220977783203 8.12026119232178 8.10851287841797 8.10028266906738 8.09461498260498 8.09439277648926 8.09642601013184 8.09671115875244 8.09665393829346 8.05791854858398 8.01616859436035 7.95896339416504 7.92379188537598 7.96608924865723 8.0002908706665 8.019455909729 8.04382133483887 8.07385444641113 8.10134124755859 8.12718105316162 8.14051532745361 8.14935779571533 8.1601505279541
8.16305160522461 8.16361045837402 8.16403007507324 8.16652011871338 8.16907119750977 8.16756057739258 8.16595935821533 8.16389656066895 8.16059875488281 8.15432071685791 8.14474487304688 8.13064289093018 8.10634708404541 8.07371139526367 8.0673131942749 8.07334327697754 8.08730983734131 8.10317230224609 8.12321758270264 8.14259338378906 8.14804363250732 8.14741897583008 8.12137031555176 8.09779167175293 8.07942962646484 8.05104732513428 8.01041793823242 7.97782039642334 7.95107364654541 7.95271158218384 7.96610403060913 7.96918058395386 7.97022914886475 7.94576930999756 7.92087507247925 7.90096569061279 7.89142036437988 7.91831493377686 7.94266080856323 7.96227264404297 7.98467588424683 8.0101203918457 8.0385274887085 8.06885147094727 8.09159851074219 8.11162376403809 8.13310146331787
8.1570291519165 8.15986919403076 8.16351318359375 8.16614151000977 8.16854667663574 8.16769599914551 8.16674041748047 8.16525840759277 8.16215038299561 8.15511894226074 8.14541530609131 8.13204479217529 8.1157865524292 8.09716510772705 8.09348773956299 8.09688949584961 8.10647487640381 8.1175365447998 8.12859535217285 8.13869476318359 8.1348237991333 8.12283802032471 8.0768871307373 8.03695011138916 8.00971126556396 7.97578620910645 7.93368864059448 7.90005731582642 7.87259244918823 7.87537527084351 7.89068460464478 7.8938775062561 7.89468860626221 7.87884616851807 7.86399555206299 7.86486196517944 7.86970710754395 7.88854551315308 7.90694189071655 7.92451763153076 7.94387292861938 7.96516752243042 7.9941873550415 8.02820587158203 8.05587196350098 8.08125495910645 8.10843753814697
8.15048694610596 8.1558313369751 8.16268825531006 8.16522884368896 8.16727924346924 8.1680212020874 8.16862773895264 8.16854572296143 8.16589546203613 8.15704536437988 8.14703369140625 8.1354284286499 8.12375545501709 8.11202621459961 8.10847091674805 8.10878849029541 8.11249351501465 8.11700916290283 8.12431716918945 8.13000679016113 8.10935306549072 8.07990455627441 8.01364231109619 7.95587587356567 7.91604423522949 7.89197397232056 7.88716745376587 7.88549137115479 7.88609504699707 7.88901281356812 7.89288854598999 7.89241600036621 7.89108896255493 7.87586355209351 7.86142635345459 7.85971117019653 7.8630633354187 7.88423109054565 7.90220069885254 7.91423034667969 7.92900323867798 7.94676494598389 7.97596406936646 8.01256275177002 8.03879356384277 8.06129837036133 8.08714485168457
8.14328193664551 8.14832878112793 8.15519618988037 8.16027545928955 8.16505908966064 8.16676998138428 8.16782188415527 8.16552448272705 8.16124057769775 8.15216159820557 8.14318180084229 8.13433933258057 8.12502956390381 8.1153392791748 8.10748100280762 8.10049152374268 8.10024738311768 8.10161399841309 8.1058349609375 8.10700511932373 8.06093120574951 8.01201915740967 7.9512357711792 7.90154075622559 7.87525653839111 7.86508083343506 7.87459230422974 7.88348293304443 7.89192152023315 7.89278507232666 7.89051151275635 7.89047765731812 7.89088439941406 7.8755087852478 7.8605637550354 7.8555383682251 7.85613250732422 7.87648391723633 7.89417934417725 7.90694141387939 7.92151784896851 7.93807172775269 7.96279430389404 7.99280214309692 8.01889038085938 8.04357051849365 8.06799507141113
8.13552188873291 8.13790607452393 8.14208889007568 8.15192031860352 8.16203498840332 8.16418933868408 8.1647481918335 8.15719127655029 8.14951324462891 8.14154243469238 8.13472270965576 8.12948226928711 8.12066745758057 8.10892772674561 8.09304046630859 8.0751895904541 8.07261753082275 8.07369709014893 8.07539081573486 8.07194995880127 7.99317979812622 7.92312335968018 7.88953447341919 7.86972379684448 7.87900018692017 7.88611936569214 7.89060306549072 7.89204978942871 7.89128351211548 7.88824987411499 7.88427686691284 7.88813781738281 7.89353847503662 7.877366065979 7.86113929748535 7.85218906402588 7.84895944595337 7.86584568023682 7.88339567184448 7.90217733383179 7.92025136947632 7.93755435943604 7.95387983322144 7.96957302093506 7.99660873413086 8.02771854400635 8.05064868927002
8.12959957122803 8.13000774383545 8.13153457641602 8.13895702362061 8.14676475524902 8.14867496490479 8.14926052093506 8.14309978485107 8.13718223571777 8.13185405731201 8.12628173828125 8.12037563323975 8.11029815673828 8.0968074798584 8.06490707397461 8.0242862701416 8.01172733306885 8.00587272644043 8.00575351715088 8.00169944763184 7.93463277816772 7.87868785858154 7.86929035186768 7.86819744110107 7.88463735580444 7.89397573471069 7.89463424682617 7.89282751083374 7.88922500610352 7.88407516479492 7.8782844543457 7.88439655303955 7.89284896850586 7.87932872772217 7.86531352996826 7.85440540313721 7.84823846817017 7.85874032974243 7.87156248092651 7.88869285583496 7.90690755844116 7.92630290985107 7.94298982620239 7.95792388916016 7.98070478439331 8.00630378723145 8.02944660186768
8.12457752227783 8.1233434677124 8.12222862243652 8.12373828887939 8.12550163269043 8.12683200836182 8.12769603729248 8.12618923187256 8.12455749511719 8.12262058258057 8.1178503036499 8.10918807983398 8.09698867797852 8.08189296722412 8.03007221221924 7.96085500717163 7.93455934524536 7.91851902008057 7.91693782806396 7.91422557830811 7.88058996200562 7.85601043701172 7.86933374404907 7.88149452209473 7.89120197296143 7.89538097381592 7.89280319213867 7.88979387283325 7.88647079467773 7.88007640838623 7.87241077423096 7.87997007369995 7.89052200317383 7.88134336471558 7.87124872207642 7.85934591293335 7.85067415237427 7.85336303710938 7.859215259552 7.87094116210938 7.88765335083008 7.90979766845703 7.9311318397522 7.95194149017334 7.9679217338562 7.98216676712036 8.00635719299316
8.11027812957764 8.10868453979492 8.10681247711182 8.1074743270874 8.10837268829346 8.10864925384521 8.10859394073486 8.10685253143311 8.1050386428833 8.10304927825928 8.09978294372559 8.09476470947266 8.08722305297852 8.07761669158936 8.02356052398682 7.94844961166382 7.91077184677124 7.88203859329224 7.88210868835449 7.88313293457031 7.86924648284912 7.86112403869629 7.87712383270264 7.88921070098877 7.89303827285767 7.89353322982788 7.88995504379272 7.88713026046753 7.88485431671143 7.87867641448975 7.87088251113892 7.87468004226685 7.88075637817383 7.87899827957153 7.87679100036621 7.8730320930481 7.86870288848877 7.86237192153931 7.85949087142944 7.86301755905151 7.87108278274536 7.88409376144409 7.89952182769775 7.91651391983032 7.93296098709106 7.94921255111694 7.97835302352905
