Ecospace-environmental-drivers/Outputs/ASCII-for-ecospace/MOM6-ISIMIP3a/ph-bot/2005-08_ph-bot_MOM6-ISIMIP3a.asc
NCOLS 131 
NROWS 53 
XLLCORNER -98 
YLLCORNER 23.9265270233154 
CELLSIZE 0.133587792515755 
NODATA_value -9999 
[rows 21 to 41 of 53, columns 0 to 46 of 131]
-9999 -9999 -9999 -9999 -9999 -9999 8.09877777099609 8.09717655181885 8.0931510925293 8.08698654174805 8.08524703979492 8.08353233337402 8.08376979827881 8.08447647094727 8.08463668823242 8.08416557312012 8.08023166656494 8.07391929626465 8.07370376586914 8.07584190368652 8.07700252532959 8.07799053192139 8.07228183746338 8.06696605682373 8.06614017486572 8.06537055969238 8.06478500366211 8.06459045410156 8.06508159637451 8.06500339508057 8.06434059143066 8.06431770324707 8.06468486785889 8.06616497039795 8.06801509857178 8.07064533233643 8.07337665557861 8.07523441314697 8.07686233520508 8.07702445983887 8.07732105255127 8.07799243927002 8.07705688476562 8.07363700866699 8.07310199737549 8.07521533966064 8.07835292816162
-9999 -9999 -9999 -9999 -9999 -9999 8.09899711608887 8.09877777099609 8.0955753326416 8.09126567840576 8.08698654174805 8.08522319793701 8.08266258239746 8.07852458953857 8.07648468017578 8.07686710357666 8.07406330108643 8.06907176971436 8.06960010528564 8.07225894927979 8.07438373565674 8.07641410827637 8.07562351226807 8.0748987197876 8.07523536682129 8.07551765441895 8.07562446594238 8.0758810043335 8.07640171051025 8.07674980163574 8.07692050933838 8.07712173461914 8.07734107971191 8.0782585144043 8.07940864562988 8.08082962036133 8.08228778839111 8.08355331420898 8.08470726013184 8.08514976501465 8.08563804626465 8.08625221252441 8.08592224121094 8.08413219451904 8.08383464813232 8.08490562438965 8.08660316467285
-9999 -9999 -9999 -9999 8.1014928817749 8.09978294372559 8.09928131103516 8.09893131256104 8.09877777099609 8.09237194061279 8.0869255065918 8.08515548706055 8.08105278015137 8.07233333587646 8.06839370727539 8.06997108459473 8.0686206817627 8.06525993347168 8.06667709350586 8.06993865966797 8.07218170166016 8.07424640655518 8.07701683044434 8.07965278625488 8.08104133605957 8.08224391937256 8.08284187316895 8.08367443084717 8.08491802215576 8.08606338500977 8.08710670471191 8.08765697479248 8.0879077911377 8.0884428024292 8.08907222747803 8.08937358856201 8.08962631225586 8.08954429626465 8.08942317962646 8.08904647827148 8.08870506286621 8.08846187591553 8.08830833435059 8.08829307556152 8.08837890625 8.0885591506958 8.08884716033936
-9999 -9999 -9999 -9999 8.10553073883057 8.10137557983398 8.10028457641602 8.09928131103516 8.09873390197754 8.09177112579346 8.08483695983887 8.07801723480225 8.07302474975586 8.07164764404297 8.07391738891602 8.08039474487305 8.08332443237305 8.08381843566895 8.08553981781006 8.08773517608643 8.07878589630127 8.06787109375 8.04147815704346 8.01769065856934 8.0184383392334 8.01911926269531 8.01958560943604 8.02571487426758 8.04172420501709 8.05656623840332 8.0702075958252 8.07575130462646 8.07636260986328 8.07707786560059 8.07782745361328 8.07820892333984 8.07844829559326 8.06586170196533 8.05283260345459 8.03699016571045 8.022047996521 8.00961112976074 8.00220012664795 8.00255870819092 8.0027322769165 8.0027379989624 8.0031099319458
-9999 -9999 -9999 -9999 -9999 8.10553073883057 8.1004056930542 8.10128784179688 8.09651756286621 8.08818531036377 8.07984638214111 8.07148551940918 8.06750297546387 8.07218074798584 8.07636737823486 8.07998657226562 8.07998561859131 8.07749843597412 8.07772254943848 8.07899284362793 8.06284141540527 8.04361534118652 7.99843597412109 7.95761203765869 7.95782566070557 7.9580717086792 7.95842123031616 7.96788215637207 7.9932427406311 8.01640129089355 8.03729248046875 8.04532051086426 8.04551124572754 8.04610157012939 8.04682445526123 8.04722213745117 8.04743099212646 8.02751064300537 8.00689792633057 7.98187255859375 7.95820236206055 7.93830633163452 7.9264612197876 7.92705821990967 7.92730188369751 7.92722129821777 7.9279260635376
-9999 -9999 -9999 -9999 -9999 8.10558032989502 8.10553073883057 8.09552383422852 8.08477592468262 8.07151126861572 8.06213092803955 8.06761741638184 8.07296943664551 8.07805442810059 8.06534004211426 8.03208827972412 7.99753618240356 7.96209192276001 7.95291757583618 7.95388746261597 7.94802808761597 7.94096422195435 7.92249011993408 7.90578889846802 7.9059419631958 7.90612840652466 7.90642547607422 7.91061067581177 7.92158031463623 7.92945718765259 7.93415117263794 7.93365907669067 7.93000745773315 7.9291353225708 7.92918968200684 7.92931842803955 7.92942333221436 7.92484664916992 7.91998672485352 7.91332578659058 7.90668344497681 7.90009164810181 7.89618635177612 7.89643239974976 7.89666557312012 7.89688682556152 7.89901828765869
-9999 -9999 8.10535907745361 8.10546207427979 8.10566329956055 8.10563087463379 8.10558032989502 8.0889835357666 8.07191371917725 8.05951404571533 8.05268573760986 8.06718158721924 8.07635688781738 8.07500648498535 8.04481983184814 7.98136186599731 7.92622232437134 7.87679529190063 7.86578512191772 7.86960935592651 7.87147521972656 7.87299489974976 7.87295532226562 7.87290811538696 7.87308835983276 7.87330770492554 7.87365484237671 7.87417888641357 7.87501049041748 7.87248516082764 7.86650562286377 7.86078071594238 7.85521030426025 7.8535327911377 7.85315275192261 7.85308885574341 7.853111743927 7.85901355743408 7.86482429504395 7.87005090713501 7.87441730499268 7.87638759613037 7.8779125213623 7.87874889373779 7.87947559356689 7.88010168075562 7.88275623321533
-9999.000000000000000 -9999 -9999 -9999 8.1050910949707 8.10569667816162 8.10572719573975 8.08074855804443 8.05660724639893 8.05772113800049 8.06128597259521 8.07423210144043 8.07520580291748 8.052490234375 8.003586769104 7.92446708679199 7.87920522689819 7.8571949005127 7.86084890365601 7.87441253662109 7.87839984893799 7.88069772720337 7.88104343414307 7.88135671615601 7.88175678253174 7.88220882415771 7.88283014297485 7.88321590423584 7.88318920135498 7.88090801239014 7.87630605697632 7.87251949310303 7.86922979354858 7.86817932128906 7.86787509918213 7.86778879165649 7.86777400970459 7.87354183197021 7.87893199920654 7.88191509246826 7.88415861129761 7.88434410095215 7.88582372665405 7.8893027305603 7.89162302017212 7.89287900924683 7.89408588409424
-9999 -9999 -9999 -9999 8.10414981842041 8.10394668579102 8.10462951660156 8.07625579833984 8.04938983917236 8.05813503265381 8.06729221343994 8.07802104949951 8.06948184967041 8.02281761169434 7.96204471588135 7.8849925994873 7.85237836837769 7.85028219223022 7.86187696456909 7.87875843048096 7.88434171676636 7.88793087005615 7.88860750198364 7.88921022415161 7.88972759246826 7.890221118927 7.8906397819519 7.89067125320435 7.89002704620361 7.88813543319702 7.88496017456055 7.8826847076416 7.88095664978027 7.88066577911377 7.88085412979126 7.8809380531311 7.88103818893433 7.88544321060181 7.88948440551758 7.89120483398438 7.89228534698486 7.89158391952515 7.89252901077271 7.89601802825928 7.89842844009399 7.89984893798828 7.8999547958374
-9999 -9999 -9999 -9999 8.1033763885498 8.10280704498291 8.10210418701172 8.07647132873535 8.05235004425049 8.06132698059082 8.07003402709961 8.07770442962646 8.05800437927246 7.98414278030396 7.92011499404907 7.86743307113647 7.8509521484375 7.8593316078186 7.87040996551514 7.8825306892395 7.88904666900635 7.89457416534424 7.89551305770874 7.89631605148315 7.89682054519653 7.89711570739746 7.89673185348511 7.89613771438599 7.89517736434937 7.89385938644409 7.89217376708984 7.89087009429932 7.88979959487915 7.89043521881104 7.8916392326355 7.8921365737915 7.89254379272461 7.89404010772705 7.89556312561035 7.89725685119629 7.89838123321533 7.89792251586914 7.89771699905396 7.89790439605713 7.89851427078247 7.89951229095459 7.89895296096802
-9999 -9999 -9999 -9999 8.10280704498291 8.10195636749268 8.10095691680908 8.07958602905273 8.05938625335693 8.06610774993896 8.0725793838501 8.07809448242188 8.05866241455078 7.98986434936523 7.92587280273438 7.86742734909058 7.85308933258057 7.86904191970825 7.87939357757568 7.88758277893066 7.89294719696045 7.89781284332275 7.89894008636475 7.89996337890625 7.90080118179321 7.9012713432312 7.90055131912231 7.89971160888672 7.89866304397583 7.89791774749756 7.89748382568359 7.89699220657349 7.89646482467651 7.89716243743896 7.89826917648315 7.89868450164795 7.89900350570679 7.89912986755371 7.89937448501587 7.90037441253662 7.90083169937134 7.89977931976318 7.89874935150146 7.89775371551514 7.89773797988892 7.89862203598022 7.89783191680908
-9999 -9999 -9999 -9999 8.10190677642822 8.10095691680908 8.08730888366699 8.08487510681152 8.06948089599609 8.0720796585083 8.07497692108154 8.07901477813721 8.06842231750488 8.02888298034668 7.96739673614502 7.88058614730835 7.8578987121582 7.87924814224243 7.88871574401855 7.89359521865845 7.89624357223511 7.89849853515625 7.89975881576538 7.90101766586304 7.90244674682617 7.9033727645874 7.9026665687561 7.90186595916748 7.90090036392212 7.90072679519653 7.9013671875 7.90156602859497 7.90149688720703 7.90160942077637 7.90178251266479 7.90174531936646 7.90167903900146 7.90158939361572 7.90148544311523 7.90129089355469 7.90054798126221 7.89827585220337 7.8966646194458 7.8960747718811 7.89631509780884 7.89731740951538 7.89662170410156
-9999 -9999 -9999 -9999 8.10095691680908 8.09119415283203 8.08653545379639 8.083815574646 8.08185958862305 8.07763290405273 8.07513332366943 8.07924365997314 8.07411670684814 8.0507116317749 7.99139356613159 7.89063692092896 7.86171531677246 7.88212537765503 7.89132213592529 7.89618921279907 7.89775466918945 7.89873743057251 7.8991379737854 7.89953279495239 7.89998626708984 7.90019989013672 7.89963674545288 7.89979982376099 7.90123224258423 7.90228986740112 7.90296220779419 7.90313148498535 7.90299463272095 7.90282440185547 7.90264225006104 7.90163230895996 7.90051651000977 7.90058851242065 7.9005651473999 7.89993333816528 7.89869928359985 7.89578914642334 7.89388132095337 7.89352321624756 7.89368343353271 7.89431953430176 7.89371633529663
-9999 -9999 -9999 -9999 -9999 8.08987903594971 8.0899772644043 8.09091472625732 8.09521865844727 8.08300685882568 8.07432842254639 8.079176902771 8.07806873321533 8.06517314910889 8.00787925720215 7.8993558883667 7.86510562896729 7.8818621635437 7.89105081558228 7.89731788635254 7.89850044250488 7.89878559112549 7.89790058135986 7.89695930480957 7.89576578140259 7.89476680755615 7.89440107345581 7.89592552185059 7.90074682235718 7.90331935882568 7.90357685089111 7.90340757369995 7.90297842025757 7.90265417098999 7.90236473083496 7.90015888214111 7.89770841598511 7.89810466766357 7.89834547042847 7.89760065078735 7.89618062973022 7.89288091659546 7.89079904556274 7.89059782028198 7.89053392410278 7.89059591293335 7.89008378982544
-9999 -9999 -9999 -9999 -9999 8.09203338623047 8.09312534332275 8.09520244598389 8.09445095062256 8.08231639862061 8.07385635375977 8.0794620513916 8.07949447631836 8.06849670410156 8.01145839691162 7.90129709243774 7.86603975296021 7.88222217559814 7.89114618301392 7.89726686477661 7.89866304397583 7.89922523498535 7.89748001098633 7.89548969268799 7.8918719291687 7.88834571838379 7.88511419296265 7.88546943664551 7.89208364486694 7.89562845230103 7.89601469039917 7.89608526229858 7.89596319198608 7.89502382278442 7.89381170272827 7.89284658432007 7.89192533493042 7.89232635498047 7.8927788734436 7.89355945587158 7.89361619949341 7.89165782928467 7.89034986495972 7.89004707336426 7.8895378112793 7.88883829116821 7.88847923278809
-9999 -9999 -9999 -9999 -9999 8.09241199493408 8.09299659729004 8.09325981140137 8.09076118469238 8.08037185668945 8.07345294952393 8.07982158660889 8.080397605896 8.0695161819458 8.01236820220947 7.90183544158936 7.86646509170532 7.88271141052246 7.89131689071655 7.89697217941284 7.89870500564575 7.89974546432495 7.89722871780396 7.89424753189087 7.88804626464844 7.88172006607056 7.87498903274536 7.87365198135376 7.88172817230225 7.88613319396973 7.88676071166992 7.88719034194946 7.88750028610229 7.88584995269775 7.88354587554932 7.88432598114014 7.88552618026733 7.88586664199829 7.88651990890503 7.88916492462158 7.89104270935059 7.89078283309937 7.89044523239136 7.88998746871948 7.88898658752441 7.88748693466187 7.88729429244995
-9999 -9999 -9999 -9999 -9999 -9999 8.09111213684082 8.09052753448486 8.08981227874756 8.08083629608154 8.07509803771973 8.08174896240234 8.08250904083252 8.07161140441895 8.01283740997314 7.89882183074951 7.86209440231323 7.87844467163086 7.88771295547485 7.89424705505371 7.89604330062866 7.89700317382812 7.89302968978882 7.88861083984375 7.88138484954834 7.87398433685303 7.86601781845093 7.86232995986938 7.8661093711853 7.86808824539185 7.86821460723877 7.86846494674683 7.86879014968872 7.86789131164551 7.86658477783203 7.86736965179443 7.86847543716431 7.8739070892334 7.87932729721069 7.88467693328857 7.88855075836182 7.88831663131714 7.88804531097412 7.88771629333496 7.88714456558228 7.88634920120239 7.88413953781128
-9999 -9999 -9999 -9999 -9999 -9999 8.0898380279541 8.08955001831055 8.08904457092285 8.08142757415771 8.07682323455811 8.08374786376953 8.08440780639648 8.07267284393311 8.01225662231445 7.895667552948 7.8579216003418 7.8743200302124 7.88423490524292 7.89164638519287 7.89326620101929 7.89386367797852 7.88842487335205 7.88257455825806 7.87439346313477 7.86611413955688 7.85751628875732 7.85191631317139 7.85154628753662 7.85118722915649 7.85083913803101 7.85075664520264 7.85083532333374 7.85064172744751 7.85035705566406 7.85104131698608 7.85192537307739 7.86196994781494 7.8716721534729 7.87919664382935 7.8846697807312 7.88443279266357 7.88424396514893 7.88413047790527 7.88400840759277 7.88387870788574 7.87988567352295
-9999 -9999 -9999 -9999 -9999 -9999 8.08902835845947 8.08943748474121 8.08889675140381 8.08222198486328 8.07844257354736 8.08574676513672 8.08345985412598 8.06219577789307 8.00067710876465 7.89270973205566 7.8581428527832 7.87398338317871 7.88390445709229 7.89154005050659 7.89054870605469 7.8880352973938 7.88138246536255 7.87438106536865 7.86523294448853 7.85733270645142 7.85347938537598 7.85095930099487 7.85076665878296 7.85057640075684 7.85038948059082 7.84859800338745 7.84582948684692 7.84514617919922 7.84515714645386 7.84544134140015 7.84581184387207 7.85290193557739 7.85952520370483 7.86317729949951 7.86593103408813 7.86618232727051 7.8666844367981 7.86757469177246 7.86768770217896 7.86708641052246 7.86484241485596
-9999 -9999 -9999 -9999 -9999 8.08758640289307 8.08791732788086 8.08809757232666 8.08819103240967 8.08307456970215 8.08058929443359 8.08817291259766 8.08158588409424 8.04696083068848 7.98448324203491 7.88986825942993 7.86032009124756 7.87545680999756 7.88497257232666 7.89231824874878 7.8880615234375 7.8817572593689 7.87321519851685 7.86459922790527 7.85577583312988 7.84899187088013 7.84882307052612 7.84868288040161 7.84859180450439 7.84851789474487 7.84846162796021 7.84571599960327 7.84133291244507 7.84041404724121 7.84065008163452 7.8406457901001 7.84063959121704 7.84490537643433 7.84868144989014 7.84933567047119 7.8499927520752 7.85065841674805 7.85169696807861 7.85331296920776 7.85383415222168 7.8533501625061 7.85271596908569
-9999 -9999 -9999 -9999 8.0860424041748 8.08693885803223 8.08758640289307 8.08654689788818 8.08543682098389 8.08414363861084 8.08467102050781 8.09216594696045 8.07631683349609 8.01427936553955 7.95136976242065 7.88745403289795 7.86966943740845 7.8835654258728 7.89116907119751 7.89634275436401 7.88641834259033 7.87383031845093 7.86092519760132 7.84899377822876 7.84523153305054 7.84226846694946 7.84189796447754 7.84156656265259 7.84130382537842 7.84115266799927 7.84111595153809 7.84018182754517 7.83870077133179 7.83848142623901 7.83868217468262 7.83880043029785 7.83892059326172 7.84083890914917 7.84261465072632 7.84347724914551 7.84432506561279 7.84513187408447 7.84614086151123 7.84746122360229 7.84902763366699 7.85081911087036 7.85128545761108
