Ecospace-environmental-drivers/Outputs/ASCII-for-ecospace/MOM6-ISIMIP3a/ph-bot/2005-01_ph-bot_MOM6-ISIMIP3a.asc
NCOLS 131 
NROWS 53 
XLLCORNER -98 
YLLCORNER 23.9265270233154 
CELLSIZE 0.133587792515755 
NODATA_value -9999 
[rows 0 to 20 of 53, columns 47 to 93 of 131]
-9999 -9999 -9999 -9999 -9999 -9999 -9999 -9999 -9999 -9999 -9999 -9999 -9999 -9999 -9999 -9999 -9999 -9999 -9999 -9999 -9999 -9999 -9999 -9999 -9999 -9999 -9999 -9999 -9999 -9999 -9999 -9999 -9999 -9999 -9999 -9999 -9999 -9999 -9999 -9999 -9999 -9999 -9999 -9999 -9999 -9999 -9999
-9999 -9999 -9999 -9999 -9999 -9999 -9999 -9999 -9999 -9999 -9999 -9999 -9999 -9999 -9999 -9999 -9999 -9999 -9999 -9999 -9999 -9999 -9999 -9999 -9999 -9999 -9999 -9999 -9999 -9999 -9999 -9999 -9999 -9999 -9999 -9999 -9999 -9999 -9999 -9999 -9999 -9999 -9999 -9999 -9999 -9999 -9999
-9999 -9999 -9999 -9999 -9999 -9999 -9999 -9999 -9999 -9999 -9999 -9999 -9999 -9999 -9999 -9999 -9999 -9999 -9999 -9999 -9999 -9999 -9999 -9999 -9999 -9999 -9999 8.21116542816162 8.21436595916748 -9999 -9999 -9999 -9999 -9999 -9999 -9999 -9999 -9999 -9999 -9999 -9999 -9999 -9999 -9999 -9999 -9999 -9999
-9999 -9999 -9999 -9999 -9999 -9999 -9999 -9999 -9999 -9999 -9999 -9999 -9999 -9999 -9999 -9999 -9999 -9999 -9999 -9999 -9999 -9999 -9999 -9999 -9999 -9999 -9999 8.21084880828857 8.21400547027588 -9999 -9999 -9999 -9999 -9999 -9999 -9999 -9999 -9999 -9999 -9999 -9999 -9999 -9999 -9999 -9999 -9999 -9999
-9999 -9999 -9999 -9999 -9999 -9999 -9999 -9999 -9999 -9999 -9999 -9999 -9999 -9999 -9999 -9999 -9999 -9999 8.18749046325684 8.18834209442139 8.18902397155762 8.19299983978271 8.19638156890869 8.20188903808594 8.20532035827637 8.20699119567871 8.20852375030518 8.21041679382324 8.21360492706299 8.21799373626709 -9999 -9999 8.22827053070068 8.22300815582275 8.21331214904785 8.20500564575195 8.20091915130615 8.20125865936279 8.20698165893555 8.216139793396 8.2286376953125 8.24249362945557 -9999 -9999 -9999 -9999 -9999
-9999 -9999 -9999 -9999 -9999 -9999 -9999 -9999 -9999 -9999 -9999 -9999 -9999 -9999 7.90812349319458 -9999 7.91939735412598 7.92923593521118 8.06005001068115 8.18749046325684 8.18851280212402 8.18902397155762 8.19697570800781 8.20314407348633 8.20554828643799 8.20726871490479 8.20815563201904 8.21014785766602 8.21294593811035 8.2177209854126 8.22331428527832 8.22837066650391 8.23332023620605 8.22312068939209 8.21258354187012 8.20423221588135 8.19820022583008 8.20032596588135 8.20524978637695 8.21537017822266 8.22779941558838 8.24274444580078 8.25693702697754 8.27064323425293 -9999 -9999 -9999
-9999 -9999 -9999 -9999 -9999 -9999 -9999 -9999 -9999 -9999 7.63282632827759 7.63085699081421 7.63007402420044 7.62957954406738 7.77000713348389 7.90740299224854 7.90884399414062 7.92011165618896 7.92923593521118 8.0634241104126 8.18749046325684 8.18902397155762 8.19697570800781 8.20314407348633 8.20554828643799 8.20726871490479 8.20815563201904 8.21014785766602 8.21294593811035 8.2177209854126 8.22331428527832 8.22837066650391 8.23332023620605 8.22312068939209 8.21258354187012 8.20423221588135 8.19820022583008 8.20032596588135 8.20524978637695 8.21537017822266 8.22779941558838 8.24274444580078 8.25693702697754 8.27064323425293 8.27426528930664 8.26258850097656 -9999
-9999 -9999 -9999 -9999 -9999 -9999 -9999 -9999 -9999 -9999 7.64338541030884 7.63282632827759 7.62888765335083 -9999 7.63134336471558 7.77393627166748 7.9059624671936 7.90884399414062 7.92225456237793 7.92923593521118 8.07354545593262 8.19057178497314 8.19340991973877 8.19384002685547 8.18918704986572 8.18808746337891 8.19133186340332 8.19422817230225 8.19686985015869 8.20070838928223 8.20504188537598 8.2061595916748 8.20664596557617 8.19984245300293 8.19280052185059 8.18607234954834 8.1812801361084 8.18330097198486 8.18892478942871 8.20124053955078 8.21436405181885 8.22836875915527 8.24122047424316 8.25332450866699 8.25665855407715 8.2568416595459 8.25553703308105
-9999 -9999 -9999 -9999 -9999 -9999 -9999 -9999 -9999 -9999 -9999 -9999 -9999 -9999 7.62774991989136 7.64133071899414 7.78579378128052 7.90308094024658 7.90884399414062 7.92868375778198 8.07464694976807 8.1919584274292 8.18936157226562 8.183669090271 8.17144012451172 8.16723442077637 8.17283535003662 8.17661952972412 8.17908000946045 8.1818790435791 8.18481826782227 8.18181419372559 8.17764186859131 8.17447280883789 8.17112255096436 8.16564846038818 8.16188049316406 8.16410827636719 8.17071437835693 8.18544960021973 8.19936847686768 8.21239757537842 8.22381210327148 8.23418235778809 8.24457263946533 8.25496959686279 8.25561237335205
8.11130714416504 -9999 -9999 -9999 -9999 -9999 -9999 -9999 -9999 -9999 7.93197774887085 7.65420818328857 -9999 -9999 -9999 7.63335227966309 7.6735692024231 7.81012201309204 7.89731788635254 7.90606355667114 8.05874443054199 8.18204879760742 8.18241024017334 8.17918491363525 8.16838932037354 8.1620044708252 8.1610107421875 8.16173934936523 8.16372203826904 8.16554927825928 8.16731071472168 8.16880130767822 8.17023849487305 8.16593265533447 8.15971374511719 8.13689517974854 8.12210655212402 8.13554763793945 8.15006828308105 8.16659259796143 8.18208599090576 8.196457862854 8.20827770233154 8.21844577789307 8.22830200195312 8.23804664611816 8.24645709991455
8.11757564544678 8.11850070953369 -9999 -9999 -9999 -9999 -9999 -9999 -9999 -9999 8.07295799255371 7.91598606109619 7.65420818328857 -9999 -9999 7.60131597518921 7.66591453552246 7.75347709655762 7.8250560760498 7.90064239501953 8.05053424835205 8.17219924926758 8.17573261260986 8.17465305328369 8.16383743286133 8.1551399230957 8.14903259277344 8.14749336242676 8.14928150177002 8.15040874481201 8.15126323699951 8.15612983703613 8.16178512573242 8.15380096435547 8.14235496520996 8.10202503204346 8.07621383666992 8.1014518737793 8.12470817565918 8.14428806304932 8.16293621063232 8.18056869506836 8.19352436065674 8.20345401763916 8.21282482147217 8.22199535369873 8.23631763458252
8.11757564544678 8.12035179138184 8.11971855163574 8.11909866333008 -9999 -9999 -9999 -9999 -9999 -9999 -9999 8.05049896240234 7.87422943115234 7.65420818328857 7.63282632827759 7.60131597518921 7.66591453552246 7.75347709655762 7.87020206451416 7.98747587203979 8.08358192443848 8.1626672744751 8.17052268981934 8.16986274719238 8.15122699737549 8.13950443267822 8.13622856140137 8.13664722442627 8.13975715637207 8.14165210723877 8.14304351806641 8.14528560638428 8.14769554138184 8.12240314483643 8.0930757522583 8.03434467315674 7.99750900268555 8.03766059875488 8.07406139373779 8.10349369049072 8.13376712799072 8.16495609283447 8.18296909332275 8.19245719909668 8.20160102844238 8.21062278747559 8.2208948135376
8.11755657196045 8.1197624206543 8.11956119537354 8.11920070648193 -9999 -9999 -9999 -9999 8.08390712738037 8.0824499130249 8.08374691009521 8.08882427215576 7.97892665863037 7.77495861053467 7.68907880783081 7.65913438796997 7.71421813964844 7.78961849212646 7.92398643493652 8.05694484710693 8.11041641235352 8.154372215271 8.15850162506104 8.15400314331055 8.13128757476807 8.1137056350708 8.10239696502686 8.09563827514648 8.09219360351562 8.09422969818115 8.09853649139404 8.10043430328369 8.10185813903809 8.06847190856934 8.03112316131592 7.9676570892334 7.92852878570557 7.97497415542603 8.01703834533691 8.05096530914307 8.08745098114014 8.12672519683838 8.15435028076172 8.17443752288818 8.18753242492676 8.19811725616455 8.20582008361816
8.1174898147583 8.11887741088867 8.11948585510254 8.11920070648193 8.11853408813477 8.11000728607178 8.1012544631958 8.09134197235107 8.08390712738037 8.0824499130249 8.08374691009521 8.08882427215576 8.0356969833374 7.93494892120361 7.88596534729004 7.86150121688843 7.8832836151123 7.91611576080322 7.99936866760254 8.08299922943115 8.12172031402588 8.14917087554932 8.12945461273193 8.11046886444092 8.0930233001709 8.0625 8.01599311828613 7.97921657562256 7.9495267868042 7.95014333724976 7.96331119537354 7.97056150436401 7.97664928436279 7.95820188522339 7.93748331069946 7.90345287322998 7.88386297225952 7.91504621505737 7.94407415390015 7.96910095214844 7.99826860427856 8.03194808959961 8.08056926727295 8.13885974884033 8.16635131835938 8.18278026580811 8.19161796569824
8.12297058105469 8.12337398529053 8.12421703338623 8.12403583526611 8.12350082397461 8.11622428894043 8.10871696472168 8.1000394821167 8.09364986419678 8.09278869628906 8.09422492980957 8.09881591796875 8.08341217041016 8.05165004730225 8.02966690063477 8.01231670379639 8.01394081115723 8.02009868621826 8.06331920623779 8.1073169708252 8.12558078765869 8.13144493103027 8.08541584014893 8.04763317108154 8.02725887298584 7.99336385726929 7.94294500350952 7.90347576141357 7.87198305130005 7.8727650642395 7.88691282272339 7.89445161819458 7.90069055557251 7.89154100418091 7.88119649887085 7.86474609375 7.85691976547241 7.87941408157349 7.89978075027466 7.91619491577148 7.93839979171753 7.96691370010376 8.02264213562012 8.09598064422607 8.13529586791992 8.16238880157471 8.17549991607666
8.1362943649292 8.13547706604004 8.13574314117432 8.13570690155029 8.13548851013184 8.13122940063477 8.12673282623291 8.12103176116943 8.11716938018799 8.11774444580078 8.11951637268066 8.12293243408203 8.11832237243652 8.10714626312256 8.09817409515381 8.09024715423584 8.09029579162598 8.09225082397461 8.11110687255859 8.12917804718018 8.11891841888428 8.09601306915283 8.02018070220947 7.9575080871582 7.92261505126953 7.8988790512085 7.88877820968628 7.88525056838989 7.88651084899902 7.88969945907593 7.89368677139282 7.89435052871704 7.89436149597168 7.88653469085693 7.87771987915039 7.86208772659302 7.85503196716309 7.87813186645508 7.89602088928223 7.90423154830933 7.91997623443604 7.94393014907837 7.98712873458862 8.04277896881104 8.0902795791626 8.13485240936279 8.1566743850708
8.14236354827881 8.14163494110107 8.1424674987793 8.14431571960449 8.14610195159912 8.14340019226074 8.1402759552002 8.13500308990479 8.13155269622803 8.13250732421875 8.13427448272705 8.1371603012085 8.13677787780762 8.13372135162354 8.12383556365967 8.11071491241455 8.109938621521 8.11211109161377 8.11560344696045 8.11622428894043 8.07372188568115 8.02602291107178 7.95657253265381 7.90148878097534 7.8767352104187 7.86621332168579 7.87308692932129 7.88203954696655 7.89250707626343 7.89434909820557 7.89261960983276 7.89183044433594 7.89122629165649 7.88256359100342 7.87313222885132 7.85910987854004 7.85244941711426 7.87167596817017 7.8872184753418 7.89591884613037 7.91027116775513 7.93078088760376 7.96281671524048 8.00230979919434 8.04868125915527 8.0975227355957 8.12827110290527
8.14232158660889 8.14278507232666 8.1451473236084 8.15034770965576 8.15555763244629 8.15318489074707 8.15005397796631 8.14305973052979 8.13824272155762 8.13868522644043 8.14016246795654 8.14305973052979 8.1413745880127 8.13594150543213 8.1134147644043 8.08279228210449 8.08182239532471 8.08793640136719 8.08364486694336 8.07395267486572 7.99607610702515 7.9269323348999 7.8943338394165 7.87419033050537 7.88034057617188 7.88560771942139 7.88979578018188 7.89147186279297 7.89131832122803 7.88865375518799 7.88494920730591 7.88727235794067 7.89077997207642 7.87946367263794 7.86760902404785 7.85586261749268 7.84928178787231 7.86086320877075 7.87416982650757 7.89068078994751 7.90790748596191 7.92591381072998 7.94793844223022 7.97256326675415 8.00996112823486 8.05194664001465 8.0918025970459
8.14167213439941 8.14224052429199 8.14427471160889 8.14956283569336 8.15489768981934 8.15249538421631 8.14957714080811 8.14402961730957 8.14004707336426 8.13984107971191 8.13990688323975 8.14034652709961 8.13646602630615 8.12905120849609 8.08798599243164 8.03098106384277 8.01791095733643 8.01533889770508 8.01058387756348 8.00168514251709 7.9346399307251 7.87928533554077 7.87285709381104 7.87267351150513 7.8856725692749 7.89311027526855 7.89375066757202 7.89233684539795 7.88942623138428 7.88433885574341 7.87834978103638 7.88379335403442 7.89148473739624 7.88032579421997 7.86855983734131 7.85767698287964 7.85029220581055 7.8552074432373 7.86385107040405 7.87941980361938 7.89606809616089 7.91389322280884 7.93282222747803 7.95246553421021 7.98201513290405 8.01512336730957 8.05397319793701
8.14072418212891 8.14086627960205 8.14166355133057 8.14544200897217 8.14928722381592 8.14667987823486 8.14408206939697 8.14153289794922 8.13946056365967 8.13853931427002 8.13664627075195 8.13341903686523 8.12690544128418 8.11770343780518 8.05521297454834 7.96748065948486 7.93648386001587 7.91904258728027 7.91740989685059 7.91473770141602 7.88113641738892 7.85681438446045 7.87132835388184 7.88377285003662 7.89184856414795 7.8947925567627 7.89146375656128 7.88900852203369 7.88718938827515 7.88069915771484 7.87227439880371 7.88084268569946 7.89275169372559 7.88312768936157 7.87267875671387 7.86196851730347 7.85334825515747 7.85207509994507 7.85486793518066 7.86521053314209 7.87959146499634 7.89837169647217 7.91758918762207 7.93708944320679 7.95934200286865 7.98258304595947 8.01547813415527
8.13487529754639 8.13461494445801 8.13472270965576 8.13733005523682 8.1400318145752 8.13840770721436 8.13671588897705 8.13468170166016 8.13272476196289 8.13095092773438 8.12845516204834 8.12497043609619 8.11411952972412 8.097243309021 8.03639125823975 7.95470952987671 7.91356134414673 7.88209772109985 7.88281631469727 7.88470554351807 7.87146186828613 7.86375188827515 7.87919902801514 7.89040470123291 7.89265537261963 7.89225006103516 7.88859748840332 7.88652658462524 7.88560771942139 7.87944459915161 7.87111043930054 7.87567234039307 7.88276958465576 7.88061285018921 7.87808084487915 7.87523078918457 7.8710994720459 7.86246252059937 7.85739231109619 7.85894536972046 7.86514329910278 7.8764009475708 7.88955545425415 7.90393686294556 7.92261505126953 7.94283676147461 7.97753810882568
