Ecospace-environmental-drivers/Outputs/ASCII-for-ecospace/MOM6-ISIMIP3a/ph-bot/2005-09_ph-bot_MOM6-ISIMIP3a.asc
NCOLS 131 
NROWS 53 
XLLCORNER -98 
YLLCORNER 23.9265270233154 
CELLSIZE 0.133587792515755 
NODATA_value -9999 
[rows 0 to 20 of 53, columns 47 to 93 of 131]
-9999 -9999 -9999 -9999 -9999 -9999 -9999 -9999 -9999 -9999 -9999 -9999 -9999 -9999 -9999 -9999 -9999 -9999 -9999 -9999 -9999 -9999 -9999 -9999 -9999 -9999 -9999 -9999 -9999 -9999 -9999 -9999 -9999 -9999 -9999 -9999 -9999 -9999 -9999 -9999 -9999 -9999 -9999 -9999 -9999 -9999 -9999
-9999 -9999 -9999 -9999 -9999 -9999 -9999 -9999 -9999 -9999 -9999 -9999 -9999 -9999 -9999 -9999 -9999 -9999 -9999 -9999 -9999 -9999 -9999 -9999 -9999 -9999 -9999 -9999 -9999 -9999 -9999 -9999 -9999 -9999 -9999 -9999 -9999 -9999 -9999 -9999 -9999 -9999 -9999 -9999 -9999 -9999 -9999
-9999 -9999 -9999 -9999 -9999 -9999 -9999 -9999 -9999 -9999 -9999 -9999 -9999 -9999 -9999 -9999 -9999 -9999 -9999 -9999 -9999 -9999 -9999 -9999 -9999 -9999 -9999 8.10677242279053 8.10780239105225 -9999 -9999 -9999 -9999 -9999 -9999 -9999 -9999 -9999 -9999 -9999 -9999 -9999 -9999 -9999 -9999 -9999 -9999
-9999 -9999 -9999 -9999 -9999 -9999 -9999 -9999 -9999 -9999 -9999 -9999 -9999 -9999 -9999 -9999 -9999 -9999 -9999 -9999 -9999 -9999 -9999 -9999 -9999 -9999 -9999 8.10701465606689 8.10776424407959 -9999 -9999 -9999 -9999 -9999 -9999 -9999 -9999 -9999 -9999 -9999 -9999 -9999 -9999 -9999 -9999 -9999 -9999
-9999 -9999 -9999 -9999 -9999 -9999 -9999 -9999 -9999 -9999 -9999 -9999 -9999 -9999 -9999 -9999 -9999 -9999 8.06655025482178 8.06752109527588 8.06829738616943 8.07282638549805 8.07756614685059 8.08749198913574 8.09668254852295 8.10322284698486 8.10631084442139 8.10707950592041 8.10765266418457 8.10856056213379 -9999 -9999 8.10998153686523 8.1085376739502 8.10670471191406 8.10521984100342 8.10359668731689 8.10154342651367 8.09951114654541 8.09919834136963 8.10177612304688 8.10526466369629 -9999 -9999 -9999 -9999 -9999
-9999 -9999 -9999 -9999 -9999 -9999 -9999 -9999 -9999 -9999 -9999 -9999 -9999 -9999 8.03821754455566 -9999 8.03617477416992 8.03451824188232 8.05190086364746 8.06655025482178 8.06771469116211 8.06829738616943 8.07735443115234 8.08704566955566 8.09807586669922 8.10492610931396 8.10666751861572 8.10733890533447 8.10723209381104 8.10838603973389 8.11006259918213 8.11057186126709 8.1108512878418 8.10852241516113 8.10624027252197 8.1053524017334 8.10406589508057 8.10137176513672 8.09919261932373 8.09796810150146 8.10043525695801 8.10692501068115 8.10843467712402 8.10672283172607 -9999 -9999 -9999
-9999 -9999 -9999 -9999 -9999 -9999 -9999 -9999 -9999 -9999 7.9792628288269 7.98011445999146 7.98076391220093 7.98260736465454 8.01116561889648 8.03855419158936 8.03788185119629 8.03612518310547 8.03451824188232 8.05463314056396 8.06655025482178 8.06829738616943 8.07735443115234 8.08704566955566 8.09807586669922 8.10492610931396 8.10666751861572 8.10733890533447 8.10723209381104 8.10838603973389 8.11006259918213 8.11057186126709 8.1108512878418 8.10852241516113 8.10624027252197 8.1053524017334 8.10406589508057 8.10137176513672 8.09919261932373 8.09796810150146 8.10043525695801 8.10692501068115 8.10843467712402 8.10672283172607 8.1062707901001 8.10478019714355 -9999
-9999 -9999 -9999 -9999 -9999 -9999 -9999 -9999 -9999 -9999 7.97469711303711 7.9792628288269 7.98096609115601 -9999 7.98479270935059 8.01253795623779 8.03922557830811 8.03788185119629 8.03597545623779 8.03451824188232 8.06283092498779 8.08659076690674 8.09129524230957 8.09470653533936 8.09538650512695 8.09660816192627 8.09849262237549 8.09895420074463 8.09837818145752 8.10006809234619 8.10269641876221 8.10344886779785 8.10383319854736 8.10360622406006 8.10339641571045 8.10357761383057 8.10354900360107 8.10278034210205 8.10177040100098 8.10031509399414 8.10108184814453 8.10426998138428 8.10522174835205 8.10472774505615 8.10426235198975 8.10380744934082 8.10730648040771
-9999 -9999 -9999 -9999 -9999 -9999 -9999 -9999 -9999 -9999 -9999 -9999 -9999 -9999 7.98425722122192 7.98745203018188 8.01387214660645 8.04056930541992 8.03788185119629 8.03552532196045 8.07473850250244 8.10639762878418 8.10644721984863 8.10312938690186 8.09270477294922 8.08784103393555 8.08977317810059 8.08999061584473 8.08895969390869 8.09121799468994 8.09483909606934 8.09583759307861 8.0963191986084 8.09839820861816 8.1004114151001 8.10119724273682 8.10213851928711 8.10362243652344 8.10408687591553 8.10265731811523 8.10174942016602 8.10140895843506 8.10175228118896 8.10253715515137 8.10313129425049 8.10365676879883 8.1082592010498
8.11573028564453 -9999 -9999 -9999 -9999 -9999 -9999 -9999 -9999 -9999 8.01793766021729 7.9700174331665 -9999 -9999 -9999 7.98743343353271 7.98884677886963 8.01462745666504 8.04325771331787 8.04597282409668 8.08043670654297 8.10855007171631 8.11008358001709 8.10852432250977 8.10043430328369 8.09517097473145 8.09336376190186 8.09302520751953 8.09375762939453 8.09570026397705 8.09814262390137 8.09849739074707 8.0984411239624 8.10187435150146 8.10339069366455 8.08493423461914 8.07225608825684 8.0798978805542 8.08773994445801 8.09595584869385 8.10068130493164 8.10160255432129 8.10170364379883 8.10127544403076 8.10193061828613 8.1029748916626 8.10793018341064
8.11558532714844 8.11556339263916 -9999 -9999 -9999 -9999 -9999 -9999 -9999 -9999 8.04079437255859 8.01495933532715 7.9700174331665 -9999 -9999 7.9928879737854 7.990149974823 7.98350238800049 8.01834297180176 8.05552959442139 8.08538913726807 8.11011600494385 8.11336040496826 8.11349296569824 8.10705661773682 8.10120868682861 8.0960807800293 8.09528923034668 8.09765529632568 8.09947204589844 8.10106086730957 8.10116481781006 8.10097694396973 8.10245418548584 8.10034656524658 8.06261348724365 8.03665065765381 8.05206775665283 8.06815528869629 8.08548545837402 8.09685516357422 8.10172843933105 8.10237693786621 8.10029029846191 8.1007022857666 8.10201072692871 8.1071720123291
8.11558532714844 8.11552047729492 8.10694408416748 8.10074234008789 -9999 -9999 -9999 -9999 -9999 -9999 -9999 8.03823661804199 8.01069068908691 7.9700174331665 7.9792628288269 7.9928879737854 7.990149974823 7.98350238800049 8.02085494995117 8.06030750274658 8.08633708953857 8.10853672027588 8.11471080780029 8.11618518829346 8.10773944854736 8.10030841827393 8.0941162109375 8.09341621398926 8.09671592712402 8.09943294525146 8.10190868377686 8.1038703918457 8.10573196411133 8.08750629425049 8.0649881362915 8.00780963897705 7.97034978866577 8.00222110748291 8.03119850158691 8.0547981262207 8.07823753356934 8.10150146484375 8.10692119598389 8.10079383850098 8.09932422637939 8.09952831268311 8.10411357879639
8.11343193054199 8.1086950302124 8.10285568237305 8.10070419311523 -9999 -9999 -9999 -9999 8.05433464050293 8.03958129882812 8.03584766387939 8.04724407196045 8.03161907196045 7.99388408660889 7.99086999893188 8.00430202484131 8.00239944458008 7.99683237075806 8.03164482116699 8.06825733184814 8.09069061279297 8.10909938812256 8.11066722869873 8.10832786560059 8.09774017333984 8.08535957336426 8.07078742980957 8.06313896179199 8.0605354309082 8.06383800506592 8.0695858001709 8.07326507568359 8.0765380859375 8.04751777648926 8.01444435119629 7.95345973968506 7.91469097137451 7.95403480529785 7.98907661437988 8.01612854003906 8.04631519317627 8.07991886138916 8.09201812744141 8.0902042388916 8.09323596954346 8.09800815582275 8.10189437866211
8.10589504241943 8.10403442382812 8.10245990753174 8.10070419311523 8.09866714477539 8.08955574035645 8.07989692687988 8.06745433807373 8.05433464050293 8.03958129882812 8.03584766387939 8.04724407196045 8.04369354248047 8.02791213989258 8.03149604797363 8.04425239562988 8.04527187347412 8.04348754882812 8.06313133239746 8.08413791656494 8.10355854034424 8.11501502990723 8.09313774108887 8.07409477233887 8.06103420257568 8.0352897644043 7.99404430389404 7.9618501663208 7.93624877929688 7.93934917449951 7.95433616638184 7.9593825340271 7.96247482299805 7.94492864608765 7.92593383789062 7.90024471282959 7.88563871383667 7.90999841690063 7.93404293060303 7.9575023651123 7.98113203048706 8.0049467086792 8.02849864959717 8.05188179016113 8.07536888122559 8.0988941192627 8.10177230834961
8.08895969390869 8.0916862487793 8.09652233123779 8.09575843811035 8.09419441223145 8.08648109436035 8.07856559753418 8.06962490081787 8.05991363525391 8.04834175109863 8.0464563369751 8.05786895751953 8.06149959564209 8.05876350402832 8.06303024291992 8.0706148147583 8.07257843017578 8.07319927215576 8.08337497711182 8.09420204162598 8.10495281219482 8.10486316680908 8.05941009521484 8.0220775604248 8.0018892288208 7.97208642959595 7.9305305480957 7.89714479446411 7.86970949172974 7.87289428710938 7.88876056671143 7.89261198043823 7.89410161972046 7.88286018371582 7.87176704406738 7.86672973632812 7.86637926101685 7.88250780105591 7.89960098266602 7.91848468780518 7.93687105178833 7.95471525192261 7.98375177383423 8.02003002166748 8.05396270751953 8.08705234527588 8.09590625762939
8.05873489379883 8.0684700012207 8.08274936676025 8.08382225036621 8.08339786529541 8.07905864715576 8.07535266876221 8.07486438751221 8.07337951660156 8.06948947906494 8.07206344604492 8.0835132598877 8.08740901947021 8.08512496948242 8.081711769104 8.07776546478271 8.07787418365479 8.07895278930664 8.087721824646 8.09604167938232 8.09012317657471 8.07199668884277 8.00278091430664 7.94491767883301 7.91102266311646 7.89031362533569 7.88572072982788 7.88416242599487 7.88481378555298 7.88848829269409 7.89341449737549 7.89244937896729 7.89032649993896 7.87807941436768 7.86615705490112 7.86106634140015 7.86096620559692 7.87841129302979 7.89427137374878 7.9071888923645 7.92219066619873 7.93946266174316 7.96554565429688 7.99732875823975 8.02755260467529 8.05721473693848 8.08191871643066
8.04131698608398 8.05391693115234 8.07148361206055 8.07811641693115 8.08337020874023 8.0815954208374 8.07936191558838 8.07479381561279 8.07231330871582 8.07487201690674 8.08149909973145 8.09371185302734 8.09478569030762 8.08674716949463 8.08154773712158 8.07769203186035 8.07870674133301 8.08088493347168 8.08672142028809 8.08995628356934 8.05168151855469 8.00863075256348 7.9455943107605 7.89535856246948 7.87214469909668 7.86397552490234 7.87419462203979 7.88329553604126 7.89158153533936 7.89316415786743 7.89197063446045 7.89091777801514 7.88989162445068 7.87620067596436 7.86283540725708 7.85723400115967 7.85623455047607 7.87141847610474 7.88578271865845 7.89862585067749 7.91385698318481 7.93169069290161 7.95337772369385 7.97755765914917 8.00424385070801 8.03183078765869 8.06193923950195
8.03468227386475 8.04666042327881 8.06232833862305 8.07765769958496 8.09241104125977 8.09251689910889 8.08945178985596 8.07025051116943 8.05900764465332 8.06697940826416 8.07731628417969 8.09090137481689 8.08655452728271 8.06753730773926 8.06551170349121 8.07153511047363 8.07577896118164 8.07959842681885 8.08121585845947 8.07719707489014 7.99335432052612 7.91957950592041 7.88793992996216 7.86904335021973 7.87704801559448 7.88432025909424 7.89069700241089 7.89263105392456 7.89132928848267 7.88864660263062 7.88539218902588 7.88823223114014 7.8922700881958 7.87676620483398 7.86144161224365 7.8549427986145 7.85207748413086 7.86198663711548 7.87463331222534 7.89236354827881 7.91086864471436 7.93021821975708 7.94629526138306 7.96025466918945 7.98354864120483 8.01019668579102 8.03691577911377
8.03488922119141 8.04139804840088 8.04985046386719 8.06547451019287 8.08134365081787 8.08401584625244 8.08377647399902 8.0687313079834 8.06028747558594 8.06778240203857 8.07437133789062 8.07971477508545 8.07607173919678 8.06507587432861 8.04435634613037 8.0190315246582 8.01299667358398 8.01157093048096 8.01120471954346 8.0063419342041 7.93497610092163 7.87596893310547 7.8686842918396 7.86858940124512 7.88367366790771 7.89291906356812 7.89502811431885 7.89348840713501 7.88929176330566 7.88435220718384 7.87910461425781 7.88449382781982 7.89197444915771 7.87857818603516 7.86501026153564 7.85731554031372 7.85216808319092 7.85597801208496 7.86398935317993 7.87980270385742 7.89784860610962 7.91832685470581 7.93513536453247 7.94956874847412 7.96852874755859 7.98911476135254 8.01384258270264
8.03844547271729 8.03711128234863 8.03574752807617 8.04755306243896 8.06043529510498 8.06600856781006 8.070387840271 8.06869220733643 8.06870460510254 8.07284164428711 8.07203197479248 8.06442928314209 8.06448745727539 8.07081127166748 8.02069664001465 7.94384670257568 7.92092227935791 7.91088199615479 7.90962600708008 7.90705633163452 7.87657260894775 7.85459566116333 7.86821937561035 7.88079118728638 7.89114236831665 7.89577007293701 7.89340257644653 7.89019680023193 7.88638114929199 7.88016700744629 7.87295866012573 7.88024044036865 7.89037036895752 7.88100099563599 7.87100744247437 7.8619704246521 7.8543381690979 7.85164451599121 7.85359191894531 7.86415958404541 7.87991952896118 7.90133666992188 7.92197942733765 7.9421215057373 7.95628595352173 7.96830320358276 7.99172306060791
8.04960536956787 8.04882144927979 8.04773902893066 8.05361461639404 8.06005001068115 8.06235408782959 8.06433391571045 8.06466197967529 8.06573963165283 8.06863117218018 8.06869029998779 8.06486129760742 8.066969871521 8.07393360137939 8.01679611206055 7.92929410934448 7.89671182632446 7.87725162506104 7.87821912765503 7.87972831726074 7.86870002746582 7.86268472671509 7.87765073776245 7.88906049728394 7.89296293258667 7.89357042312622 7.89015054702759 7.88720798492432 7.88461256027222 7.87863826751709 7.87126541137695 7.8749942779541 7.88090562820435 7.87920475006104 7.87720441818237 7.87503814697266 7.87132740020752 7.86218643188477 7.85681629180908 7.85844945907593 7.86562156677246 7.87882852554321 7.89348030090332 7.90906620025635 7.92429733276367 7.9394006729126 7.96755075454712
