Ecospace-environmental-drivers/Outputs/ASCII-for-ecospace/MOM6-ISIMIP3a/ph-bot/2006-01_ph-bot_MOM6-ISIMIP3a.asc
NCOLS 131 
NROWS 53 
XLLCORNER -98 
YLLCORNER 23.9265270233154 
CELLSIZE 0.133587792515755 
NODATA_value -9999 
[rows 0 to 20 of 53, columns 47 to 93 of 131]
-9999 -9999 -9999 -9999 -9999 -9999 -9999 -9999 -9999 -9999 -9999 -9999 -9999 -9999 -9999 -9999 -9999 -9999 -9999 -9999 -9999 -9999 -9999 -9999 -9999 -9999 -9999 -9999 -9999 -9999 -9999 -9999 -9999 -9999 -9999 -9999 -9999 -9999 -9999 -9999 -9999 -9999 -9999 -9999 -9999 -9999 -9999
-9999 -9999 -9999 -9999 -9999 -9999 -9999 -9999 -9999 -9999 -9999 -9999 -9999 -9999 -9999 -9999 -9999 -9999 -9999 -9999 -9999 -9999 -9999 -9999 -9999 -9999 -9999 -9999 -9999 -9999 -9999 -9999 -9999 -9999 -9999 -9999 -9999 -9999 -9999 -9999 -9999 -9999 -9999 -9999 -9999 -9999 -9999
-9999 -9999 -9999 -9999 -9999 -9999 -9999 -9999 -9999 -9999 -9999 -9999 -9999 -9999 -9999 -9999 -9999 -9999 -9999 -9999 -9999 -9999 -9999 -9999 -9999 -9999 -9999 8.20458698272705 8.21502780914307 -9999 -9999 -9999 -9999 -9999 -9999 -9999 -9999 -9999 -9999 -9999 -9999 -9999 -9999 -9999 -9999 -9999 -9999
-9999 -9999 -9999 -9999 -9999 -9999 -9999 -9999 -9999 -9999 -9999 -9999 -9999 -9999 -9999 -9999 -9999 -9999 -9999 -9999 -9999 -9999 -9999 -9999 -9999 -9999 -9999 8.20453548431396 8.21553516387939 -9999 -9999 -9999 -9999 -9999 -9999 -9999 -9999 -9999 -9999 -9999 -9999 -9999 -9999 -9999 -9999 -9999 -9999
-9999 -9999 -9999 -9999 -9999 -9999 -9999 -9999 -9999 -9999 -9999 -9999 -9999 -9999 -9999 -9999 -9999 -9999 8.11768627166748 8.12023258209229 8.12226963043213 8.13415145874023 8.14447021484375 8.16180610656738 8.17425727844238 8.18336486816406 8.19323444366455 8.20447063446045 8.21590232849121 8.22623157501221 -9999 -9999 8.23473262786865 8.22873306274414 8.21902942657471 8.20979690551758 8.2036304473877 8.2014856338501 8.20426273345947 8.20971488952637 8.21720886230469 8.2248363494873 -9999 -9999 -9999 -9999 -9999
-9999 -9999 -9999 -9999 -9999 -9999 -9999 -9999 -9999 -9999 -9999 -9999 -9999 -9999 7.80268859863281 -9999 7.80335521697998 7.80447864532471 7.96192169189453 8.11768627166748 8.12074184417725 8.12226963043213 8.14603424072266 8.16510772705078 8.17427635192871 8.18338871002197 8.19243049621582 8.20388507843018 8.21709537506104 8.22672653198242 8.23487377166748 8.23712062835693 8.23820686340332 8.22887134552002 8.21912097930908 8.20909690856934 8.201171875 8.20062351226807 8.20266246795654 8.20950317382812 8.21697807312012 8.22514533996582 8.23238658905029 8.23902988433838 -9999 -9999 -9999
-9999 -9999 -9999 -9999 -9999 -9999 -9999 -9999 -9999 -9999 8.0062952041626 8.00450325012207 8.00269794464111 7.99652147293091 7.89651250839233 7.80322170257568 7.80215501785278 7.80343151092529 7.80447864532471 7.96360015869141 8.11768627166748 8.12226963043213 8.14603424072266 8.16510772705078 8.17427635192871 8.18338871002197 8.19243049621582 8.20388507843018 8.21709537506104 8.22672653198242 8.23487377166748 8.23712062835693 8.23820686340332 8.22887134552002 8.21912097930908 8.20909690856934 8.201171875 8.20062351226807 8.20266246795654 8.20950317382812 8.21697807312012 8.22514533996582 8.23238658905029 8.23902988433838 8.24078559875488 8.23998546600342 -9999
-9999 -9999 -9999 -9999 -9999 -9999 -9999 -9999 -9999 -9999 8.01590251922607 8.0062952041626 8.00271129608154 -9999 7.98776483535767 7.89033365249634 7.80428886413574 7.80215501785278 7.80366134643555 7.80447864532471 7.96863555908203 8.10567760467529 8.12924480438232 8.14566707611084 8.14700222015381 8.15332317352295 8.16573524475098 8.18008613586426 8.19584941864014 8.20751667022705 8.21748828887939 8.21788215637207 8.21639442443848 8.20896434783936 8.20101261138916 8.19012451171875 8.18203067779541 8.18376159667969 8.18761920928955 8.19542789459229 8.20318603515625 8.21089172363281 8.2196102142334 8.22898483276367 8.23629856109619 8.24287223815918 8.23952674865723
-9999 -9999 -9999 -9999 -9999 -9999 -9999 -9999 -9999 -9999 -9999 -9999 -9999 -9999 7.9918384552002 7.97232866287231 7.88105726242065 7.80642223358154 7.80215501785278 7.80435085296631 7.95893573760986 8.08816623687744 8.11128902435303 8.1247034072876 8.11762142181396 8.12081527709961 8.13656902313232 8.15386962890625 8.17229747772217 8.18612670898438 8.19805145263672 8.19651985168457 8.19234275817871 8.18689632415771 8.1807689666748 8.16844749450684 8.15989971160889 8.16462230682373 8.17080593109131 8.17970657348633 8.18782806396484 8.19510269165039 8.20542621612549 8.21772193908691 8.22981929779053 8.24184608459473 8.23918056488037
8.10869312286377 -9999 -9999 -9999 -9999 -9999 -9999 -9999 -9999 -9999 8.10954666137695 8.02574920654297 -9999 -9999 -9999 7.97725868225098 7.94776630401611 7.8716835975647 7.8106894493103 7.82136487960815 7.97509288787842 8.10207271575928 8.11710739135742 8.12544631958008 8.11965084075928 8.11887073516846 8.12422275543213 8.13533401489258 8.15063953399658 8.16318607330322 8.17458915710449 8.17561340332031 8.17459774017334 8.16658592224121 8.15631484985352 8.12650966644287 8.10846424102783 8.13177108764648 8.15062141418457 8.1611967086792 8.17131805419922 8.18094635009766 8.1916332244873 8.20300579071045 8.21678924560547 8.2314395904541 8.23377227783203
8.10474586486816 8.10416316986084 -9999 -9999 -9999 -9999 -9999 -9999 -9999 -9999 8.15257358551025 8.10609245300293 8.02574920654297 -9999 -9999 7.97762680053711 7.94785404205322 7.91781759262085 7.87990236282349 7.85319852828979 7.99755907058716 8.11563110351562 8.12368583679199 8.12735557556152 8.12177085876465 8.1170654296875 8.11343479156494 8.11886692047119 8.13090133666992 8.14158916473389 8.15172004699707 8.15463447570801 8.15613079071045 8.14332485198975 8.1269474029541 8.08085250854492 8.05366706848145 8.09296798706055 8.1234016418457 8.13737010955811 8.15165233612061 8.16627788543701 8.17837810516357 8.18884468078613 8.20376300811768 8.22028160095215 8.22715187072754
8.10474586486816 8.10299777984619 8.11320686340332 8.12911128997803 -9999 -9999 -9999 -9999 -9999 -9999 -9999 8.14823818206787 8.09402465820312 8.02574920654297 8.0062952041626 7.97762680053711 7.94785404205322 7.91781759262085 7.93733310699463 7.96452283859253 8.05386447906494 8.12732791900635 8.13434028625488 8.13551998138428 8.12438488006592 8.11600780487061 8.11100387573242 8.11349964141846 8.12145805358887 8.12720584869385 8.13203907012939 8.13326740264893 8.13378810882568 8.10423755645752 8.07122230529785 8.01524829864502 7.98083639144897 8.02223587036133 8.05844593048096 8.08502006530762 8.11505508422852 8.14885902404785 8.16800403594971 8.17766284942627 8.19075679779053 8.20508480072021 8.21403026580811
8.10542106628418 8.10777473449707 8.11313152313232 8.12892532348633 -9999 -9999 -9999 -9999 8.15206527709961 8.1522102355957 8.15510082244873 8.16176319122314 8.12784957885742 8.0607385635376 8.022536277771 7.9980263710022 7.97092342376709 7.94320058822632 7.9965991973877 8.05472087860107 8.10046195983887 8.13769149780273 8.13930130004883 8.13440895080566 8.11578845977783 8.09920692443848 8.08511543273926 8.07839870452881 8.07705116271973 8.07942390441895 8.08333587646484 8.08420085906982 8.08446598052979 8.04671478271484 8.00621223449707 7.95257616043091 7.91943216323853 7.95833683013916 7.99512004852295 8.02796363830566 8.06621646881104 8.11036014556885 8.13834476470947 8.15587329864502 8.17276573181152 8.18942928314209 8.20070457458496
8.10778617858887 8.10901641845703 8.11323642730713 8.12892532348633 8.14527702331543 8.14780521392822 8.15010261535645 8.1512279510498 8.15206527709961 8.1522102355957 8.15510082244873 8.16176319122314 8.14165210723877 8.09963703155518 8.07937908172607 8.06942653656006 8.05166721343994 8.03204154968262 8.06045341491699 8.0920991897583 8.12278938293457 8.14472579956055 8.13002681732178 8.11010837554932 8.0791711807251 8.04304695129395 8.00058269500732 7.96896028518677 7.94523477554321 7.94814109802246 7.96207714080811 7.96588182449341 7.96769428253174 7.94310617446899 7.91798734664917 7.89723300933838 7.88659381866455 7.9115195274353 7.93586683273315 7.95914030075073 7.98677396774292 8.01915836334229 8.060471534729 8.1075611114502 8.14231014251709 8.17262554168701 8.1868724822998
8.11990737915039 8.11894130706787 8.12026786804199 8.13169288635254 8.14377880096436 8.14580631256104 8.1477518081665 8.14927673339844 8.15100765228271 8.15323638916016 8.15677547454834 8.16211128234863 8.15213966369629 8.12964248657227 8.12096977233887 8.11884593963623 8.10879421234131 8.09684753417969 8.10820007324219 8.12125205993652 8.13573741912842 8.13922595977783 8.09669303894043 8.05540370941162 8.0167407989502 7.97608184814453 7.9329833984375 7.89986038208008 7.87400388717651 7.87694263458252 7.89180612564087 7.8956618309021 7.89735317230225 7.88117551803589 7.86570930480957 7.86365556716919 7.86599588394165 7.88378477096558 7.90084505081177 7.91655302047729 7.93581533432007 7.95895051956177 8.00296306610107 8.06048583984375 8.10548400878906 8.14598369598389 8.16753482818604
8.14582443237305 8.14114379882812 8.13708972930908 8.13837146759033 8.14016246795654 8.14098358154297 8.1420783996582 8.14456844329834 8.14845561981201 8.15571594238281 8.16081714630127 8.16295337677002 8.15793895721436 8.14707469940186 8.1409969329834 8.13718795776367 8.13253116607666 8.12767219543457 8.13317489624023 8.13877391815186 8.13542366027832 8.11600494384766 8.0293436050415 7.95771312713623 7.91781711578369 7.89384126663208 7.88932418823242 7.88779067993164 7.88843059539795 7.89069080352783 7.89362192153931 7.89344501495361 7.8926568031311 7.87817049026489 7.86425352096558 7.8608512878418 7.86270332336426 7.88302898406982 7.9000825881958 7.91105937957764 7.92512702941895 7.94256258010864 7.97424936294556 8.01515769958496 8.05965137481689 8.10543346405029 8.14041519165039
8.16585445404053 8.16062831878662 8.15531158447266 8.15184593200684 8.14865303039551 8.14774322509766 8.14705276489258 8.14748573303223 8.14989280700684 8.15706825256348 8.16147422790527 8.16207790374756 8.15881156921387 8.15237808227539 8.14400482177734 8.1347131729126 8.13390445709229 8.13512229919434 8.13302516937256 8.12837886810303 8.08995914459229 8.043212890625 7.9616231918335 7.89875316619873 7.87540292739868 7.86711072921753 7.87722206115723 7.88604497909546 7.89392995834351 7.89401340484619 7.89086580276489 7.8908314704895 7.89140892028809 7.87725257873535 7.86333036422729 7.85702896118164 7.85646200180054 7.87605714797974 7.89312267303467 7.90549039840698 7.91918468475342 7.93432378768921 7.95625162124634 7.98257207870483 8.02116012573242 8.06415462493896 8.10714244842529
8.18092823028564 8.17782306671143 8.17471218109131 8.17104244232178 8.16733932495117 8.16425704956055 8.16099548339844 8.15682506561279 8.15468978881836 8.15747261047363 8.15928173065186 8.15975570678711 8.15553379058838 8.14746856689453 8.13268089294434 8.11470890045166 8.1164436340332 8.12288761138916 8.11171722412109 8.09447574615479 8.00647258758545 7.92867517471313 7.89359092712402 7.87240886688232 7.88057708740234 7.88712549209595 7.89169454574585 7.89299345016479 7.89191007614136 7.8885555267334 7.8842601776123 7.88788366317749 7.89306449890137 7.87809133529663 7.86285638809204 7.85234975814819 7.84773731231689 7.86384963989258 7.88094282150269 7.89985799789429 7.91723871231079 7.93294811248779 7.94727849960327 7.96071720123291 7.98885059356689 8.02226257324219 8.06868839263916
8.182541847229 8.17964935302734 8.17678737640381 8.17406558990479 8.17130851745605 8.16721820831299 8.16297340393066 8.15793609619141 8.15459156036377 8.15533065795898 8.15497589111328 8.15312099456787 8.14845180511475 8.14148044586182 8.1037654876709 8.05148887634277 8.04024505615234 8.03880500793457 8.02926349639893 8.01493549346924 7.93902587890625 7.87660121917725 7.87061357498169 7.87131547927856 7.88613891601562 7.89459705352783 7.8952751159668 7.89323043823242 7.88920211791992 7.88395881652832 7.87821197509766 7.88394451141357 7.89193439483643 7.87958860397339 7.86663818359375 7.85514068603516 7.84827566146851 7.85769939422607 7.86968421936035 7.88642644882202 7.90364551544189 7.92138576507568 7.93673658370972 7.95054149627686 7.97118711471558 7.99428939819336 8.03234577178955
8.17756843566895 8.17395496368408 8.17038440704346 8.16917324066162 8.16807556152344 8.16354751586914 8.15909481048584 8.15502166748047 8.15209674835205 8.15194225311279 8.14963626861572 8.14437389373779 8.13950729370117 8.13496398925781 8.06624221801758 7.96712064743042 7.93530082702637 7.91956186294556 7.9168872833252 7.91306257247925 7.87942838668823 7.85509490966797 7.86968517303467 7.88257932662964 7.89189100265503 7.89593029022217 7.89352560043335 7.89018297195435 7.88615703582764 7.87978315353394 7.8724365234375 7.87952041625977 7.88944101333618 7.88140726089478 7.87250280380249 7.86158752441406 7.85334730148315 7.85451364517212 7.85887718200684 7.86917781829834 7.884352684021 7.9048376083374 7.9254264831543 7.94608211517334 7.96069097518921 7.97312784194946 7.99703741073608
8.16557025909424 8.16148471832275 8.15742778778076 8.15654945373535 8.15589618682861 8.15254974365234 8.14926719665527 8.1463098526001 8.14394855499268 8.14302730560303 8.14098834991455 8.13741302490234 8.13045978546143 8.12074375152588 8.0492992401123 7.94861507415771 7.90710878372192 7.87974214553833 7.87941074371338 7.88003301620483 7.86750411987305 7.86071538925171 7.87794971466064 7.89069318771362 7.89395523071289 7.89411735534668 7.8904914855957 7.88735961914062 7.88458728790283 7.87841701507568 7.87083959579468 7.87435674667358 7.88005495071411 7.87899780273438 7.87761545181274 7.87549686431885 7.87229824066162 7.86530208587646 7.86129379272461 7.86283540725708 7.8693733215332 7.88135480880737 7.89579725265503 7.91183185577393 7.9264988899231 7.94067478179932 7.96784973144531
