Ecospace-environmental-drivers/Outputs/ASCII-for-ecospace/MOM6-ISIMIP3a/ph-bot/2006-05_ph-bot_MOM6-ISIMIP3a.asc
NCOLS 131 
NROWS 53 
XLLCORNER -98 
YLLCORNER 23.9265270233154 
CELLSIZE 0.133587792515755 
NODATA_value -9999 
[rows 0 to 20 of 53, columns 47 to 93 of 131]
-9999 -9999 -9999 -9999 -9999 -9999 -9999 -9999 -9999 -9999 -9999 -9999 -9999 -9999 -9999 -9999 -9999 -9999 -9999 -9999 -9999 -9999 -9999 -9999 -9999 -9999 -9999 -9999 -9999 -9999 -9999 -9999 -9999 -9999 -9999 -9999 -9999 -9999 -9999 -9999 -9999 -9999 -9999 -9999 -9999 -9999 -9999
-9999 -9999 -9999 -9999 -9999 -9999 -9999 -9999 -9999 -9999 -9999 -9999 -9999 -9999 -9999 -9999 -9999 -9999 -9999 -9999 -9999 -9999 -9999 -9999 -9999 -9999 -9999 -9999 -9999 -9999 -9999 -9999 -9999 -9999 -9999 -9999 -9999 -9999 -9999 -9999 -9999 -9999 -9999 -9999 -9999 -9999 -9999
-9999 -9999 -9999 -9999 -9999 -9999 -9999 -9999 -9999 -9999 -9999 -9999 -9999 -9999 -9999 -9999 -9999 -9999 -9999 -9999 -9999 -9999 -9999 -9999 -9999 -9999 -9999 8.09780883789062 8.10182857513428 -9999 -9999 -9999 -9999 -9999 -9999 -9999 -9999 -9999 -9999 -9999 -9999 -9999 -9999 -9999 -9999 -9999 -9999
-9999 -9999 -9999 -9999 -9999 -9999 -9999 -9999 -9999 -9999 -9999 -9999 -9999 -9999 -9999 -9999 -9999 -9999 -9999 -9999 -9999 -9999 -9999 -9999 -9999 -9999 -9999 8.09804534912109 8.1017484664917 -9999 -9999 -9999 -9999 -9999 -9999 -9999 -9999 -9999 -9999 -9999 -9999 -9999 -9999 -9999 -9999 -9999 -9999
-9999 -9999 -9999 -9999 -9999 -9999 -9999 -9999 -9999 -9999 -9999 -9999 -9999 -9999 -9999 -9999 -9999 -9999 8.03900051116943 8.04070949554443 8.04207706451416 8.05005359649658 8.05737781524658 8.07064723968506 8.08113765716553 8.08858489990234 8.09409427642822 8.0982141494751 8.10182952880859 8.10520267486572 -9999 -9999 8.12635231018066 8.13717651367188 8.14418315887451 8.14603710174561 8.14292907714844 8.14015102386475 8.13895416259766 8.13944721221924 8.14085006713867 8.13885116577148 -9999 -9999 -9999 -9999 -9999
-9999 -9999 -9999 -9999 -9999 -9999 -9999 -9999 -9999 -9999 -9999 -9999 -9999 -9999 7.85061740875244 -9999 7.84981107711792 7.84946537017822 7.94627618789673 8.03900051116943 8.04105186462402 8.04207706451416 8.058030128479 8.07202529907227 8.08188629150391 8.08950042724609 8.09436798095703 8.09841346740723 8.10186004638672 8.10521507263184 8.10853290557861 8.11636543273926 8.12508487701416 8.13760566711426 8.14883804321289 8.14610481262207 8.14316749572754 8.13951396942139 8.13777160644531 8.13957786560059 8.14099311828613 8.14198017120361 8.13358116149902 8.11910820007324 -9999 -9999 -9999
-9999 -9999 -9999 -9999 -9999 -9999 -9999 -9999 -9999 -9999 8.01301670074463 8.01213073730469 8.01078224182129 8.00534152984619 7.9246768951416 7.85113000869751 7.85010433197021 7.84986305236816 7.84946537017822 7.95036268234253 8.03900051116943 8.04207706451416 8.058030128479 8.07202529907227 8.08188629150391 8.08950042724609 8.09436798095703 8.09841346740723 8.10186004638672 8.10521507263184 8.10853290557861 8.11636543273926 8.12508487701416 8.13760566711426 8.14883804321289 8.14610481262207 8.14316749572754 8.13951396942139 8.13777160644531 8.13957786560059 8.14099311828613 8.14198017120361 8.13358116149902 8.11910820007324 8.11528301239014 8.11818218231201 -9999
-9999 -9999 -9999 -9999 -9999 -9999 -9999 -9999 -9999 -9999 8.01776695251465 8.01301670074463 8.01124477386475 -9999 7.99669456481934 7.91736936569214 7.85215616226196 7.85010433197021 7.8500189781189 7.84946537017822 7.96262168884277 8.05805492401123 8.07931518554688 8.08963584899902 8.07686138153076 8.07491970062256 8.08621597290039 8.0944766998291 8.10052680969238 8.10802459716797 8.11612319946289 8.12177181243896 8.12693881988525 8.13970279693604 8.15127277374268 8.14842414855957 8.14551830291748 8.142409324646 8.14079666137695 8.1419620513916 8.14262390136719 8.14273548126221 8.13803386688232 8.13021755218506 8.12307929992676 8.11618423461914 8.11292266845703
-9999 -9999 -9999 -9999 -9999 -9999 -9999 -9999 -9999 -9999 -9999 -9999 -9999 -9999 8.00176811218262 7.97884273529053 7.90397548675537 7.85420799255371 7.85010433197021 7.85048675537109 7.97223234176636 8.07571029663086 8.10273551940918 8.10923004150391 8.07238388061523 8.05978965759277 8.07683753967285 8.08934116363525 8.09853458404541 8.11081600189209 8.12437725067139 8.12783241271973 8.12930202484131 8.14205360412598 8.15371322631836 8.15061950683594 8.14767837524414 8.14527416229248 8.14391326904297 8.14448928833008 8.14441299438477 8.1436243057251 8.14290332794189 8.14222431182861 8.13163280487061 8.11748027801514 8.11141204833984
8.06290435791016 -9999 -9999 -9999 -9999 -9999 -9999 -9999 -9999 -9999 8.07251930236816 8.0226354598999 -9999 -9999 -9999 7.9863600730896 7.94423961639404 7.8849663734436 7.85831117630005 7.86682033538818 7.98732566833496 8.09004974365234 8.11835765838623 8.12975978851318 8.10547065734863 8.08107376098633 8.05654525756836 8.05828857421875 8.07917022705078 8.10236930847168 8.1265287399292 8.1357250213623 8.14198017120361 8.14508533477783 8.14711666107178 8.13978862762451 8.13446235656738 8.13617897033691 8.13874912261963 8.14290618896484 8.14544010162354 8.14620494842529 8.14509963989258 8.14278507232666 8.13598918914795 8.12758541107178 8.11727046966553
8.06063556671143 8.06030082702637 -9999 -9999 -9999 -9999 -9999 -9999 -9999 -9999 8.1000394821167 8.07587623596191 8.0226354598999 -9999 -9999 7.99884128570557 7.94722175598145 7.88665580749512 7.88253927230835 7.88984060287476 8.00688076019287 8.106689453125 8.13438129425049 8.14793491363525 8.13164329528809 8.09803104400635 8.04325103759766 8.03693199157715 8.06591033935547 8.09628486633301 8.12723731994629 8.14051151275635 8.15031051635742 8.14444255828857 8.13696765899658 8.11946105957031 8.10789680480957 8.11722278594971 8.12711906433105 8.13807487487793 8.1452579498291 8.14833164215088 8.14711666107178 8.14312744140625 8.13975811004639 8.13661098480225 8.1229362487793
8.06063556671143 8.05963039398193 8.06888771057129 8.07190036773682 -9999 -9999 -9999 -9999 -9999 -9999 -9999 8.10601139068604 8.07123279571533 8.0226354598999 8.01301670074463 7.99884128570557 7.94722175598145 7.88665580749512 7.91247653961182 7.94872522354126 8.05037117004395 8.13566875457764 8.15255069732666 8.15347766876221 8.12072277069092 8.09178066253662 8.06749725341797 8.06757545471191 8.08539772033691 8.10287189483643 8.12020206451416 8.12863636016846 8.13532257080078 8.1240873336792 8.10776329040527 8.04819774627686 8.00971794128418 8.04537773132324 8.080810546875 8.11582088470459 8.13859081268311 8.14802360534668 8.14816951751709 8.14230632781982 8.14037132263184 8.13984775543213 8.1275749206543
8.06432342529297 8.06849765777588 8.0752420425415 8.07217979431152 -9999 -9999 -9999 -9999 8.0784797668457 8.09000205993652 8.10296440124512 8.11790561676025 8.09716320037842 8.04722690582275 8.02231884002686 8.00926780700684 7.96416187286377 7.91139698028564 7.95217609405518 8.00184535980225 8.08737373352051 8.15670204162598 8.15823364257812 8.14678955078125 8.10795211791992 8.08039283752441 8.06661701202393 8.06246471405029 8.06532192230225 8.07207489013672 8.08044147491455 8.08530807495117 8.08948802947998 8.07362842559814 8.0515308380127 7.97574186325073 7.92789840698242 7.97831058502197 8.02708911895752 8.07283496856689 8.10411548614502 8.11963748931885 8.13034057617188 8.13792514801025 8.1414041519165 8.14340877532959 8.13389492034912
8.07722949981689 8.07588958740234 8.07587051391602 8.07217979431152 8.06828022003174 8.06888389587402 8.06989002227783 8.0729455947876 8.0784797668457 8.09000205993652 8.10296440124512 8.11790561676025 8.10594844818115 8.07198429107666 8.0548791885376 8.04576015472412 8.02345180511475 7.99799251556396 8.01628112792969 8.04055309295654 8.10815811157227 8.15787124633789 8.1327018737793 8.10952472686768 8.09055519104004 8.05616188049316 8.0029182434082 7.96796655654907 7.94633769989014 7.94781732559204 7.95886754989624 7.96334743499756 7.96653604507446 7.94790744781494 7.92772912979126 7.900306224823 7.8869743347168 7.92318677902222 7.95483684539795 7.97801542282104 8.00011920928955 8.02105331420898 8.06530570983887 8.12464714050293 8.14348697662354 8.14777755737305 8.1444206237793
8.08221244812012 8.08256435394287 8.08456802368164 8.08104705810547 8.0771312713623 8.07780742645264 8.0790319442749 8.08304405212402 8.08863258361816 8.09802913665771 8.10917282104492 8.12271785736084 8.11699390411377 8.09550476074219 8.08275699615479 8.0741491317749 8.06337261199951 8.05207633972168 8.05922317504883 8.06990623474121 8.11361980438232 8.13921165466309 8.08895969390869 8.0499963760376 8.03486347198486 8.00084590911865 7.94374704360962 7.90530347824097 7.88044786453247 7.87970352172852 7.88894510269165 7.89275074005127 7.8954873085022 7.87475633621216 7.85518264770508 7.85541009902954 7.86177253723145 7.88970422744751 7.91118097305298 7.92066860198975 7.93521595001221 7.95527648925781 8.01212692260742 8.09278202056885 8.12700271606445 8.14454364776611 8.14824390411377
8.07599258422852 8.08822441101074 8.10467338562012 8.10245227813721 8.09849834442139 8.0993480682373 8.10109710693359 8.10741996765137 8.11314010620117 8.11740398406982 8.12415885925293 8.13433265686035 8.13123321533203 8.11727523803711 8.10401344299316 8.09108066558838 8.07590675354004 8.06019687652588 8.07224369049072 8.08603286743164 8.0974178314209 8.09251880645752 8.0194730758667 7.9589900970459 7.92503070831299 7.90158081054688 7.89097595214844 7.88764905929565 7.88962316513062 7.89096689224243 7.89204931259155 7.89477396011353 7.8978214263916 7.8759298324585 7.8551025390625 7.85369253158569 7.85879898071289 7.88681983947754 7.90795373916626 7.91629981994629 7.92558193206787 7.93588447570801 7.97571039199829 8.03464031219482 8.08427047729492 8.13056087493896 8.14259147644043
8.08187961578369 8.09562015533447 8.11394882202148 8.11426544189453 8.11281204223633 8.11333847045898 8.11437606811523 8.11801815032959 8.12139225006104 8.12411975860596 8.12881660461426 8.13621711730957 8.13542366027832 8.12792587280273 8.11624240875244 8.10257625579834 8.08917903900146 8.07584571838379 8.08269119262695 8.08835887908936 8.0566987991333 8.01852130889893 7.95306634902954 7.90072011947632 7.87604713439941 7.86646032333374 7.87531280517578 7.88408756256104 7.89280557632446 7.893226146698 7.89021062850952 7.89312601089478 7.89720678329468 7.87645244598389 7.85646152496338 7.85291719436646 7.85535097122192 7.87880706787109 7.89819145202637 7.91001462936401 7.92004823684692 7.9281325340271 7.95378971099854 7.99081754684448 8.04205131530762 8.098388671875 8.12171077728271
8.09796237945557 8.10447692871094 8.11410331726074 8.11800098419189 8.12118625640869 8.12096977233887 8.12025547027588 8.1170129776001 8.11595630645752 8.12017631530762 8.12477874755859 8.12990856170654 8.1311502456665 8.12921142578125 8.12086963653564 8.10949516296387 8.1030740737915 8.0978364944458 8.09097194671631 8.07906150817871 7.99533414840698 7.92152976989746 7.88925409317017 7.87001705169678 7.87830591201782 7.88535785675049 7.89089822769165 7.89239311218262 7.89094066619873 7.88790321350098 7.88420963287354 7.88838624954224 7.89410972595215 7.87642669677734 7.85903358459473 7.85293531417847 7.85150289535522 7.86647653579712 7.88292551040649 7.90211486816406 7.91796731948853 7.93018293380737 7.94407606124878 7.95905447006226 8.00026512145996 8.05089950561523 8.0880069732666
8.11287593841553 8.11529445648193 8.11939144134521 8.12298011779785 8.12637901306152 8.12606811523438 8.12519264221191 8.1214485168457 8.1196928024292 8.12273979187012 8.12603759765625 8.12967967987061 8.1307430267334 8.1296968460083 8.09681987762451 8.04886531829834 8.03376388549805 8.02651309967041 8.01912975311279 8.00755405426025 7.93510341644287 7.87509775161743 7.86717891693115 7.86712551116943 7.88367748260498 7.8935809135437 7.89535856246948 7.89334774017334 7.88857698440552 7.88344430923462 7.87816143035889 7.88404655456543 7.89212703704834 7.87826490402222 7.86416959762573 7.85573148727417 7.85096073150635 7.85908174514771 7.87063980102539 7.88858032226562 7.90542078018188 7.92106199264526 7.93421649932861 7.94576168060303 7.97482919692993 8.0101900100708 8.04842758178711
8.12721824645996 8.12707138061523 8.12719249725342 8.12856769561768 8.13001537322998 8.12992763519287 8.12966918945312 8.12854480743408 8.12791728973389 8.12848854064941 8.1298885345459 8.13242626190186 8.13222789764404 8.12979125976562 8.05873680114746 7.95517873764038 7.92373657226562 7.90952491760254 7.90807771682739 7.90560388565063 7.87542724609375 7.8534083366394 7.86552858352661 7.87784385681152 7.8905725479126 7.89658069610596 7.89437389373779 7.89070463180542 7.88597011566162 7.87940835952759 7.87208986282349 7.87990283966064 7.89068984985352 7.88101530075073 7.87056016921997 7.85988712310791 7.85203552246094 7.85410308837891 7.85981321334839 7.8722882270813 7.88775253295898 7.9064736366272 7.92428541183472 7.9415078163147 7.95739364624023 7.97279930114746 8.00597381591797
8.12989139556885 8.12964725494385 8.12939357757568 8.13030052185059 8.1312837600708 8.13113403320312 8.13096237182617 8.13067722320557 8.13049697875977 8.13056755065918 8.13132381439209 8.13302040100098 8.13168907165527 8.12788105010986 8.04967975616455 7.93623971939087 7.89575815200806 7.87270832061768 7.87313222885132 7.8743634223938 7.86387491226196 7.85857009887695 7.87496185302734 7.88782024383545 7.8932204246521 7.89454078674316 7.89087533950806 7.88750267028809 7.88434410095215 7.87806558609009 7.87049436569214 7.87447834014893 7.88073396682739 7.87875843048096 7.87651109695435 7.87458276748657 7.87146615982056 7.86417007446289 7.86025094985962 7.86260414123535 7.86955881118774 7.88152647018433 7.89571523666382 7.91134071350098 7.92700624465942 7.94268560409546 7.97342967987061
