Ecospace-environmental-drivers/Outputs/ASCII-for-ecospace/MOM6-ISIMIP3a/ph-bot/2007-12_ph-bot_MOM6-ISIMIP3a.asc
NCOLS 131 
NROWS 53 
XLLCORNER -98 
YLLCORNER 23.9265270233154 
CELLSIZE 0.133587792515755 
NODATA_value -9999 
[rows 21 to 41 of 53, columns 0 to 46 of 131]
-9999 -9999 -9999 -9999 -9999 -9999 8.20178127288818 8.20150184631348 8.20061111450195 8.19977378845215 8.20173740386963 8.2109432220459 8.20741844177246 8.19691848754883 8.1892728805542 8.18492031097412 8.17981052398682 8.17418193817139 8.16631603240967 8.1575870513916 8.15157699584961 8.14604663848877 8.14451599121094 8.14337635040283 8.144775390625 8.14584922790527 8.14587116241455 8.1456937789917 8.14516830444336 8.144606590271 8.14400768280029 8.14364528656006 8.14342784881592 8.14283847808838 8.14212608337402 8.14131832122803 8.14050197601318 8.14021015167236 8.13976383209229 8.13833141326904 8.13716506958008 8.13673877716064 8.13594150543213 8.13457298278809 8.13358879089355 8.13295650482178 8.1314640045166
-9999 -9999 -9999 -9999 -9999 -9999 8.20173072814941 8.20178127288818 8.20122146606445 8.19966602325439 8.19977378845215 8.19449615478516 8.18740081787109 8.1767053604126 8.16900157928467 8.16475009918213 8.16050720214844 8.15627002716064 8.15071678161621 8.14465427398682 8.14019584655762 8.13601970672607 8.13305950164795 8.13052558898926 8.13132190704346 8.1320686340332 8.13265132904053 8.13298320770264 8.13287734985352 8.13262176513672 8.13221168518066 8.13193321228027 8.13173389434814 8.13173198699951 8.13179588317871 8.12783718109131 8.12335300445557 8.12303066253662 8.12259578704834 8.12145042419434 8.12048530578613 8.12002277374268 8.11933135986328 8.1182861328125 8.11724185943604 8.11619853973389 8.11479187011719
-9999 -9999 -9999 -9999 8.20308589935303 8.20197486877441 8.20186901092529 8.20154285430908 8.20178127288818 8.20066261291504 8.19644641876221 8.18037796020508 8.16625499725342 8.15598297119141 8.14852237701416 8.1443042755127 8.14097118377686 8.13824653625488 8.13519287109375 8.13201141357422 8.12843704223633 8.12479305267334 8.11922168731689 8.11422634124756 8.11438274383545 8.11476135253906 8.11585998535156 8.11690330505371 8.11785221099854 8.11846351623535 8.118727684021 8.11872005462646 8.11854553222656 8.11912631988525 8.11995983123779 8.11301898956299 8.10505390167236 8.10413646697998 8.10313415527344 8.10159206390381 8.10013580322266 8.09892177581787 8.09792137145996 8.09725189208984 8.09618854522705 8.09476280212402 8.09349918365479
-9999 -9999 -9999 -9999 8.20580387115479 8.20269584655762 8.20208168029785 8.20186901092529 8.20097923278809 8.18965435028076 8.17746925354004 8.16199111938477 8.1485013961792 8.13894557952881 8.13183116912842 8.12753295898438 8.12502288818359 8.12374114990234 8.12233829498291 8.12088775634766 8.10465717315674 8.08581829071045 8.05945777893066 8.03576564788818 8.03567695617676 8.0357551574707 8.03637218475342 8.04136943817139 8.05400943756104 8.06543827056885 8.07562065124512 8.07950973510742 8.07956504821777 8.08004283905029 8.08066082000732 8.07801723480225 8.07487678527832 8.06533527374268 8.05528450012207 8.04199123382568 8.02869033813477 8.01537227630615 8.00717258453369 8.00688362121582 8.00655174255371 8.00618171691895 8.00591373443604
-9999 -9999 -9999 -9999 -9999 8.20580387115479 8.20102787017822 8.20229339599609 8.19734287261963 8.17767715454102 8.15900135040283 8.14411640167236 8.13080406188965 8.12060260772705 8.11109256744385 8.10237884521484 8.09518432617188 8.08903217315674 8.08755683898926 8.08788681030273 8.06414794921875 8.03616142272949 7.99714422225952 7.96205282211304 7.96168851852417 7.96146059036255 7.96167469024658 7.96909475326538 7.98908996582031 8.00714683532715 8.02320861816406 8.02894878387451 8.02840232849121 8.02853202819824 8.02888679504395 8.02964782714844 8.03035736083984 8.01599788665771 8.0008430480957 7.98062229156494 7.9603419303894 7.93989515304565 7.92749357223511 7.92752599716187 7.92779970169067 7.92829465866089 7.92905235290527
-9999 -9999 -9999 -9999 -9999 8.20166206359863 8.20580387115479 8.19414520263672 8.1812801361084 8.16144752502441 8.14276504516602 8.12848472595215 8.11335277557373 8.09653568267822 8.07260704040527 8.04047203063965 8.00444221496582 7.96573734283447 7.95663261413574 7.95895767211914 7.95028352737427 7.93966817855835 7.92364883422852 7.90915679931641 7.90838003158569 7.90782356262207 7.90797996520996 7.91111516952515 7.91944789886475 7.92576217651367 7.92999935150146 7.92862129211426 7.9238224029541 7.92253112792969 7.92240810394287 7.92266368865967 7.92295169830322 7.9204626083374 7.9174976348877 7.91150569915771 7.90557479858398 7.8998122215271 7.89635181427002 7.89644861221313 7.89677000045776 7.89729785919189 7.89921092987061
-9999 -9999 8.19324016571045 8.19407749176025 8.19477081298828 8.19751453399658 8.20166683197021 8.18442916870117 8.16599941253662 8.14677715301514 8.12898540496826 8.11667156219482 8.09991264343262 8.07435989379883 8.03524494171143 7.98048067092896 7.92739677429199 7.87546634674072 7.86536931991577 7.87142610549927 7.87357378005981 7.87503099441528 7.87510585784912 7.87506151199341 7.87427997589111 7.87375736236572 7.87407493591309 7.87434959411621 7.87455034255981 7.87251758575439 7.86818647384644 7.86253356933594 7.85607481002808 7.85420608520508 7.85386753082275 7.85375070571899 7.85370492935181 7.85918521881104 7.86439752578735 7.8679027557373 7.87145948410034 7.87516164779663 7.87767171859741 7.87833976745605 7.87896633148193 7.87955617904663 7.88189077377319
-9999.000000000000000 -9999 -9999 -9999 8.18994903564453 8.19202613830566 8.18949699401855 8.17129135131836 8.15242671966553 8.13550758361816 8.12056541442871 8.11319160461426 8.09522819519043 8.05630970001221 8.00033092498779 7.92466831207275 7.88023471832275 7.85724687576294 7.86063957214355 7.87421894073486 7.87793016433716 7.87989950180054 7.88100576400757 7.88198757171631 7.88208866119385 7.88239145278931 7.88334655761719 7.88387060165405 7.88364124298096 7.88066911697388 7.87487459182739 7.87115144729614 7.8686900138855 7.8680853843689 7.86810064315796 7.86790323257446 7.8677134513855 7.8726544380188 7.87728834152222 7.87996578216553 7.88240528106689 7.88418197631836 7.88618183135986 7.88852596282959 7.8900203704834 7.89073467254639 7.8918890953064
-9999 -9999 -9999 -9999 8.1837854385376 8.18030548095703 8.18107414245605 8.16270351409912 8.14365768432617 8.12851142883301 8.11495590209961 8.1074857711792 8.0842752456665 8.02992153167725 7.96460342407227 7.88663625717163 7.85345649719238 7.85103464126587 7.8616795539856 7.87737035751343 7.88262319564819 7.88603401184082 7.88767337799072 7.88914442062378 7.88953590393066 7.88999271392822 7.89066171646118 7.89085721969604 7.89022445678711 7.88732862472534 7.88210296630859 7.88001441955566 7.8798360824585 7.88022089004517 7.88079357147217 7.88084125518799 7.8808422088623 7.88446617126465 7.88785409927368 7.88974142074585 7.89124536514282 7.89168262481689 7.89282131195068 7.89504480361938 7.89644861221313 7.8971004486084 7.89734840393066
-9999 -9999 -9999 -9999 8.17966461181641 8.1790246963501 8.1782341003418 8.15983963012695 8.1409330368042 8.12689304351807 8.11288166046143 8.09897804260254 8.06543827056885 7.99304294586182 7.92785167694092 7.87097263336182 7.85232353210449 7.85992813110352 7.86997842788696 7.88097286224365 7.88774013519287 7.89376068115234 7.89530658721924 7.89659261703491 7.8965277671814 7.89629459381104 7.89551544189453 7.89465570449829 7.89365339279175 7.89211082458496 7.89001178741455 7.88918542861938 7.8891339302063 7.89016151428223 7.8915491104126 7.89225101470947 7.89286375045776 7.89419174194336 7.89549493789673 7.89663887023926 7.89743661880493 7.89727067947388 7.89710760116577 7.89694833755493 7.897057056427 7.89741086959839 7.89709568023682
-9999 -9999 -9999 -9999 8.1790246963501 8.17806720733643 8.1769437789917 8.16021919250488 8.14292240142822 8.12923336029053 8.11527538299561 8.10029125213623 8.06728744506836 7.99862623214722 7.93283224105835 7.8703465461731 7.85372924804688 7.86861133575439 7.87855529785156 7.88659238815308 7.89209604263306 7.8971529006958 7.89867401123047 7.89997577667236 7.90009212493896 7.89982891082764 7.8983359336853 7.8971061706543 7.89633560180664 7.8958911895752 7.89578247070312 7.8958568572998 7.89604234695435 7.89697170257568 7.89814901351929 7.89878129959106 7.89933490753174 7.89944076538086 7.89959335327148 7.9000449180603 7.90005683898926 7.89884328842163 7.89775514602661 7.89686012268066 7.89667081832886 7.89712858200073 7.89660835266113
-9999 -9999 -9999 -9999 8.17801189422607 8.1769437789917 8.16441917419434 8.1630334854126 8.1484489440918 8.13454246520996 8.12102127075195 8.10897159576416 8.0846529006958 8.036057472229 7.96911334991455 7.88099908828735 7.85703897476196 7.87713670730591 7.8873405456543 7.893723487854 7.89588165283203 7.89729356765747 7.89884233474731 7.90031051635742 7.90108585357666 7.90128803253174 7.89963102340698 7.89854574203491 7.89845752716064 7.89892053604126 7.89995002746582 7.90065383911133 7.90115833282471 7.90143346786499 7.9016318321228 7.90165090560913 7.9016432762146 7.90133142471313 7.90103435516357 7.90083265304565 7.8999981880188 7.89740324020386 7.89567279815674 7.89527797698975 7.89553880691528 7.89640140533447 7.89594411849976
-9999 -9999 -9999 -9999 8.1769437789917 8.16596698760986 8.16063213348389 8.15747928619385 8.15541648864746 8.14052200317383 8.1262903213501 8.11459445953369 8.09454822540283 8.05797863006592 7.9914174079895 7.89025020599365 7.86050176620483 7.87979936599731 7.88979339599609 7.89619541168213 7.89751768112183 7.8979434967041 7.89846706390381 7.89895391464233 7.89912223815918 7.89899587631226 7.89791345596313 7.89779949188232 7.89937591552734 7.90069532394409 7.9017505645752 7.90228986740112 7.90251541137695 7.90245628356934 7.90230226516724 7.90146684646606 7.90054273605347 7.90036344528198 7.9001407623291 7.89963579177856 7.89845943450928 7.89541482925415 7.89345788955688 7.89318084716797 7.8933572769165 7.89394998550415 7.89353036880493
-9999 -9999 -9999 -9999 -9999 8.16256237030029 8.16187191009521 8.1613826751709 8.16300296783447 8.14678955078125 8.13135623931885 8.11890888214111 8.101243019104 8.0732536315918 8.00773048400879 7.89890098571777 7.86402988433838 7.87994909286499 7.88953256607056 7.89666986465454 7.89823293685913 7.89881229400635 7.89785861968994 7.89687252044678 7.8958911895752 7.89509630203247 7.89490509033203 7.89611721038818 7.89977788925171 7.90193223953247 7.90253591537476 7.90257167816162 7.90226125717163 7.90200519561768 7.90176725387573 7.89997339248657 7.89798069000244 7.89817094802856 7.8982458114624 7.89758825302124 7.89628648757935 7.89319133758545 7.89118576049805 7.89086294174194 7.89072608947754 7.89075899124146 7.89036655426025
-9999 -9999 -9999 -9999 -9999 8.16429710388184 8.16518497467041 8.16675281524658 8.16537952423096 8.14878749847412 8.13289642333984 8.11968612670898 8.10221099853516 8.07629871368408 8.01101875305176 7.90031433105469 7.86427402496338 7.87950897216797 7.88898754119873 7.89624357223511 7.8982720375061 7.89937782287598 7.89755249023438 7.89549541473389 7.89204502105713 7.88869380950928 7.88566493988037 7.88589477539062 7.89181137084961 7.89509916305542 7.89568185806274 7.89580821990967 7.89565563201904 7.89479732513428 7.8937029838562 7.89302158355713 7.89240264892578 7.89263963699341 7.89293050765991 7.89356660842896 7.89360475540161 7.89197969436646 7.89083099365234 7.8904185295105 7.88984203338623 7.88911437988281 7.88878965377808
-9999 -9999 -9999 -9999 -9999 8.16421604156494 8.16583442687988 8.16741943359375 8.1666784286499 8.14990234375 8.13370704650879 8.11973094940186 8.10199451446533 8.07681465148926 8.01161193847656 7.90023040771484 7.86383867263794 7.87894630432129 7.88838338851929 7.89563131332397 7.89817142486572 7.89988088607788 7.89730834960938 7.89426469802856 7.88807106018066 7.88177299499512 7.87513494491577 7.87390518188477 7.88211297988892 7.88659620285034 7.88724708557129 7.88758659362793 7.88773584365845 7.88619089126587 7.88408136367798 7.88493967056274 7.88620090484619 7.88641738891602 7.88690710067749 7.88913631439209 7.89081811904907 7.89097690582275 7.89087295532227 7.89036226272583 7.889319896698 7.88778972625732 7.8875412940979
-9999 -9999 -9999 -9999 -9999 -9999 8.16162872314453 8.16333198547363 8.16194343566895 8.14494228363037 8.12914752960205 8.11797332763672 8.1023530960083 8.07793521881104 8.01154708862305 7.89673185348511 7.85912942886353 7.87455320358276 7.88492250442505 7.89334011077881 7.89579105377197 7.89718866348267 7.89290761947632 7.88819885253906 7.88095951080322 7.87362670898438 7.86599111557007 7.862548828125 7.86642360687256 7.86846399307251 7.86861705780029 7.86878395080566 7.86895895004272 7.8680534362793 7.86678743362427 7.86748170852661 7.86847543716431 7.8734245300293 7.87845420837402 7.88399791717529 7.88813781738281 7.88837194442749 7.88839864730835 7.88810539245605 7.88750410079956 7.88662099838257 7.88418579101562
-9999 -9999 -9999 -9999 -9999 -9999 8.15566062927246 8.15413379669189 8.1565990447998 8.13953304290771 8.12431144714355 8.11615180969238 8.10250568389893 8.07800483703613 8.01041507720947 7.89310741424561 7.85466575622559 7.87038516998291 7.88163423538208 7.89115715026855 7.89327144622803 7.89407873153687 7.88810586929321 7.88176298141479 7.87357664108276 7.86542081832886 7.85736131668091 7.85211086273193 7.8517632484436 7.85143184661865 7.8511176109314 7.85096025466919 7.85089874267578 7.8505916595459 7.8502025604248 7.85065269470215 7.85128021240234 7.86054277420044 7.86966896057129 7.87793016433716 7.88407802581787 7.88434171676636 7.8845009803772 7.88449954986572 7.88436031341553 7.88409423828125 7.87973260879517
-9999 -9999 -9999 -9999 -9999 -9999 8.1502685546875 8.14951705932617 8.1476354598999 8.13223838806152 8.11908435821533 8.1145133972168 8.10019016265869 8.06657028198242 7.99821138381958 7.88976812362671 7.85486030578613 7.87045192718506 7.88155555725098 7.89092636108398 7.8903603553772 7.8880410194397 7.88100814819336 7.87368488311768 7.86480712890625 7.85716867446899 7.85354804992676 7.85116386413574 7.85093688964844 7.85072946548462 7.85054111480713 7.84862899780273 7.84566688537598 7.84489393234253 7.84485054016113 7.84500980377197 7.84524440765381 7.85207986831665 7.85850238800049 7.86229181289673 7.86524629592896 7.86587572097778 7.86662435531616 7.86755847930908 7.86766195297241 7.86700344085693 7.86457395553589
-9999 -9999 -9999 -9999 -9999 8.15475940704346 8.14851093292236 8.14715576171875 8.1387243270874 8.12526702880859 8.11419296264648 8.11223697662354 8.09572696685791 8.0504150390625 7.98192691802979 7.88669586181641 7.85690784454346 7.87206268310547 7.88267755508423 7.89153957366943 7.88764142990112 7.88149213790894 7.87273454666138 7.86396598815918 7.85558271408081 7.84913682937622 7.84897375106812 7.84881114959717 7.84864950180054 7.84852313995361 7.8484320640564 7.84554052352905 7.84094285964966 7.83996200561523 7.84018707275391 7.84014892578125 7.84010648727417 7.8445086479187 7.84836292266846 7.84873247146606 7.84924745559692 7.85016632080078 7.85134983062744 7.85294342041016 7.85347604751587 7.85303497314453 7.85237646102905
-9999 -9999 -9999 -9999 8.17330741882324 8.16024017333984 8.15475940704346 8.14261054992676 8.13000106811523 8.11948108673096 8.1105375289917 8.10762596130371 8.08338832855225 8.01695346832275 7.95068216323853 7.88460159301758 7.86575222015381 7.87933778762817 7.88820362091064 7.8952465057373 7.88562726974487 7.87306785583496 7.86014938354492 7.848228931427 7.84468984603882 7.8419132232666 7.84160709381104 7.84130334854126 7.84100389480591 7.84080266952515 7.84070348739624 7.83967447280884 7.83807897567749 7.83783912658691 7.83805131912231 7.83815670013428 7.83826112747192 7.84020280838013 7.84199094772339 7.84279680252075 7.84363555908203 7.84456491470337 7.84561634063721 7.84685707092285 7.84850072860718 7.85051536560059 7.85103845596313
