Ecospace-environmental-drivers/Outputs/ASCII-for-ecospace/MOM6-ISIMIP3a/ph-bot/2008-03_ph-bot_MOM6-ISIMIP3a.asc
NCOLS 131 
NROWS 53 
XLLCORNER -98 
YLLCORNER 23.9265270233154 
CELLSIZE 0.133587792515755 
NODATA_value -9999 
[rows 0 to 20 of 53, columns 47 to 93 of 131]
-9999 -9999 -9999 -9999 -9999 -9999 -9999 -9999 -9999 -9999 -9999 -9999 -9999 -9999 -9999 -9999 -9999 -9999 -9999 -9999 -9999 -9999 -9999 -9999 -9999 -9999 -9999 -9999 -9999 -9999 -9999 -9999 -9999 -9999 -9999 -9999 -9999 -9999 -9999 -9999 -9999 -9999 -9999 -9999 -9999 -9999 -9999
-9999 -9999 -9999 -9999 -9999 -9999 -9999 -9999 -9999 -9999 -9999 -9999 -9999 -9999 -9999 -9999 -9999 -9999 -9999 -9999 -9999 -9999 -9999 -9999 -9999 -9999 -9999 -9999 -9999 -9999 -9999 -9999 -9999 -9999 -9999 -9999 -9999 -9999 -9999 -9999 -9999 -9999 -9999 -9999 -9999 -9999 -9999
-9999 -9999 -9999 -9999 -9999 -9999 -9999 -9999 -9999 -9999 -9999 -9999 -9999 -9999 -9999 -9999 -9999 -9999 -9999 -9999 -9999 -9999 -9999 -9999 -9999 -9999 -9999 8.17737197875977 8.18479442596436 -9999 -9999 -9999 -9999 -9999 -9999 -9999 -9999 -9999 -9999 -9999 -9999 -9999 -9999 -9999 -9999 -9999 -9999
-9999 -9999 -9999 -9999 -9999 -9999 -9999 -9999 -9999 -9999 -9999 -9999 -9999 -9999 -9999 -9999 -9999 -9999 -9999 -9999 -9999 -9999 -9999 -9999 -9999 -9999 -9999 8.1778621673584 8.18519592285156 -9999 -9999 -9999 -9999 -9999 -9999 -9999 -9999 -9999 -9999 -9999 -9999 -9999 -9999 -9999 -9999 -9999 -9999
-9999 -9999 -9999 -9999 -9999 -9999 -9999 -9999 -9999 -9999 -9999 -9999 -9999 -9999 -9999 -9999 -9999 -9999 8.04075908660889 8.04558086395264 8.0494384765625 8.07194137573242 8.09138298034668 8.12380790710449 8.145751953125 8.15910053253174 8.16976547241211 8.17830753326416 8.18551254272461 8.1917667388916 -9999 -9999 8.2040901184082 8.20790481567383 8.21028709411621 8.21054172515869 8.20850086212158 8.20626449584961 8.20437145233154 8.20329856872559 8.20296382904053 8.20275592803955 -9999 -9999 -9999 -9999 -9999
-9999 -9999 -9999 -9999 -9999 -9999 -9999 -9999 -9999 -9999 -9999 -9999 -9999 -9999 7.70046854019165 -9999 7.6976432800293 7.69588661193848 7.87191581726074 8.04075908660889 8.04654502868652 8.0494384765625 8.09444332122803 8.13026809692383 8.14671325683594 8.16027545928955 8.17031288146973 8.17870712280273 8.18590354919434 8.19192790985107 8.19746780395508 8.20070552825928 8.2034912109375 8.20807361602783 8.21215057373047 8.21063709259033 8.20883750915527 8.20602703094482 8.20392990112305 8.20315742492676 8.20280933380127 8.20292472839355 8.20253467559814 8.20181560516357 -9999 -9999 -9999
-9999 -9999 -9999 -9999 -9999 -9999 -9999 -9999 -9999 -9999 7.8638014793396 7.8619179725647 7.85982656478882 7.85231781005859 7.77246475219727 7.70154905319214 7.69938850402832 7.69765472412109 7.69588661193848 7.87910223007202 8.04075908660889 8.0494384765625 8.09444332122803 8.13026809692383 8.14671325683594 8.16027545928955 8.17031288146973 8.17870712280273 8.18590354919434 8.19192790985107 8.19746780395508 8.20070552825928 8.2034912109375 8.20807361602783 8.21215057373047 8.21063709259033 8.20883750915527 8.20602703094482 8.20392990112305 8.20315742492676 8.20280933380127 8.20292472839355 8.20253467559814 8.20181560516357 8.20162582397461 8.20122909545898 -9999
-9999 -9999 -9999 -9999 -9999 -9999 -9999 -9999 -9999 -9999 7.87389898300171 7.8638014793396 7.86003494262695 -9999 7.84127473831177 7.7644681930542 7.70370960235596 7.69938850402832 7.69768857955933 7.69588661193848 7.9006609916687 8.07297706604004 8.10944938659668 8.13496017456055 8.13733005523682 8.1428108215332 8.1520938873291 8.16072273254395 8.16887378692627 8.17840957641602 8.18851757049561 8.19477462768555 8.20027446746826 8.20425605773926 8.20712947845459 8.19973087310791 8.19359970092773 8.19192314147949 8.19176769256592 8.19443416595459 8.19731426239014 8.20042705535889 8.20134735107422 8.20084762573242 8.20090293884277 8.20115756988525 8.19663429260254
-9999 -9999 -9999 -9999 -9999 -9999 -9999 -9999 -9999 -9999 -9999 -9999 -9999 -9999 7.84685945510864 7.82069683074951 7.75168704986572 7.70803022384644 7.69938850402832 7.69779062271118 7.91681861877441 8.09883308410645 8.12594604492188 8.14025402069092 8.12753295898438 8.12423515319824 8.13245296478271 8.14123725891113 8.15043354034424 8.16376876831055 8.17881870269775 8.18833827972412 8.19677257537842 8.19984245300293 8.20118045806885 8.18753433227539 8.17681503295898 8.17638492584229 8.17834281921387 8.18473815917969 8.19113540649414 8.19753456115723 8.19990825653076 8.19967651367188 8.20016384124756 8.20090961456299 8.1954517364502
8.0855655670166 -9999 -9999 -9999 -9999 -9999 -9999 -9999 -9999 -9999 8.03164958953857 7.88424873352051 -9999 -9999 -9999 7.82804250717163 7.78531312942505 7.73766040802002 7.71667194366455 7.73174667358398 7.94126653671265 8.11458301544189 8.13638591766357 8.1482515335083 8.13914108276367 8.13386535644531 8.13327884674072 8.13865852355957 8.14838409423828 8.16208553314209 8.17743396759033 8.1871280670166 8.19571018218994 8.18960762023926 8.18265056610107 8.17266178131104 8.16496562957764 8.16532707214355 8.1679801940918 8.17488765716553 8.18242740631104 8.1906566619873 8.19440174102783 8.19524478912354 8.19514942169189 8.19471740722656 8.19203281402588
8.08662414550781 8.0867805480957 -9999 -9999 -9999 -9999 -9999 -9999 -9999 -9999 8.10846519470215 8.0284309387207 7.88424873352051 -9999 -9999 7.83366823196411 7.78665733337402 7.73561382293701 7.74997138977051 7.77995204925537 7.97193241119385 8.13013362884521 8.14696216583252 8.15590476989746 8.14819812774658 8.14079761505127 8.13377285003662 8.13681030273438 8.14717769622803 8.16032409667969 8.17461967468262 8.18350601196289 8.19132804870605 8.17816066741943 8.16399192810059 8.14764022827148 8.13690090179443 8.14589786529541 8.15501689910889 8.16436100006104 8.17399501800537 8.18394565582275 8.18911170959473 8.19118309020996 8.19061279296875 8.18909358978271 8.1887731552124
8.08662414550781 8.08709239959717 8.09233474731445 8.09282493591309 -9999 -9999 -9999 -9999 -9999 -9999 -9999 8.10482978820801 8.00845146179199 7.88424873352051 7.8638014793396 7.83366823196411 7.78665733337402 7.73561382293701 7.81423902511597 7.90458965301514 8.03595066070557 8.14461040496826 8.15826892852783 8.16170787811279 8.1435718536377 8.13325309753418 8.13248729705811 8.13888549804688 8.1505012512207 8.1581449508667 8.16414165496826 8.16695022583008 8.16913223266602 8.16021251678467 8.14464664459229 8.06817436218262 8.0218563079834 8.08156299591064 8.12810707092285 8.15020561218262 8.16703701019287 8.17812919616699 8.18498516082764 8.1890983581543 8.18863201141357 8.18652057647705 8.18636798858643
8.09011554718018 8.09296607971191 8.09626960754395 8.09300899505615 -9999 -9999 -9999 -9999 8.09373569488525 8.10387420654297 8.11550807952881 8.12919521331787 8.06978702545166 7.95057582855225 7.89423656463623 7.86767911911011 7.82631397247314 7.78141117095947 7.89269924163818 8.01197147369385 8.09127330780029 8.15638828277588 8.16212272644043 8.15831851959229 8.13437271118164 8.1161584854126 8.10494899749756 8.10383605957031 8.11007785797119 8.1134614944458 8.11566257476807 8.11512851715088 8.11405658721924 8.10728168487549 8.09153747558594 7.99022960662842 7.92973184585571 8.01272678375244 8.07676792144775 8.1056079864502 8.12801456451416 8.14341163635254 8.16081142425537 8.17950630187988 8.18369960784912 8.18268299102783 8.18323993682861
8.10233688354492 8.09971332550049 8.09684276580811 8.09300899505615 8.08919715881348 8.08863162994385 8.08838844299316 8.08978176116943 8.09373569488525 8.10387420654297 8.11550807952881 8.12919521331787 8.09859943389893 8.03177261352539 8.00076198577881 7.98671865463257 7.96511459350586 7.94170427322388 8.00664234161377 8.07621383666992 8.1248607635498 8.16141319274902 8.14734649658203 8.13194751739502 8.11373901367188 8.0751895904541 8.01177978515625 7.97597694396973 7.96028137207031 7.96251773834229 7.97217988967896 7.97513866424561 7.97677993774414 7.96689367294312 7.95401573181152 7.91608381271362 7.89490604400635 7.93263578414917 7.96435260772705 7.98490238189697 8.00883007049561 8.03643894195557 8.08652114868164 8.15114498138428 8.17138481140137 8.17568111419678 8.17830657958984
8.1162576675415 8.11092853546143 8.10494613647461 8.10105800628662 8.09754657745361 8.09842872619629 8.09964847564697 8.10258102416992 8.10728645324707 8.11626720428467 8.12615203857422 8.1372766494751 8.12623023986816 8.09704303741455 8.08229732513428 8.07439231872559 8.06663990020752 8.05892467498779 8.08990097045898 8.12277412414551 8.14456653594971 8.15342617034912 8.1081600189209 8.07085037231445 8.05033683776855 8.00712966918945 7.93618631362915 7.8952054977417 7.87604856491089 7.87847566604614 7.88984107971191 7.89338207244873 7.89538526535034 7.88395357131958 7.87294387817383 7.87091112136841 7.87211847305298 7.88471698760986 7.89721202850342 7.90951538085938 7.9307222366333 7.96163082122803 8.02730941772461 8.11548519134521 8.15014362335205 8.16557788848877 8.17160224914551
8.13257884979248 8.12845897674561 8.12369441986084 8.12048625946045 8.11770248413086 8.12207794189453 8.12682628631592 8.13347816467285 8.13999366760254 8.1461820602417 8.1518440246582 8.1567850112915 8.15219116210938 8.13979721069336 8.12849903106689 8.11771965026855 8.11546611785889 8.11525058746338 8.12977695465088 8.14433670043945 8.14464664459229 8.12704181671143 8.03446388244629 7.96065521240234 7.92646884918213 7.90076923370361 7.88544178009033 7.88100862503052 7.88451051712036 7.8890209197998 7.89394855499268 7.89395570755005 7.89299631118774 7.88223552703857 7.87168216705322 7.86670064926147 7.8663501739502 7.88228368759155 7.89408159255981 7.89819955825806 7.91068887710571 7.93229913711548 7.98941516876221 8.069504737854 8.1162805557251 8.15108871459961 8.16239261627197
8.14394569396973 8.14194869995117 8.13973331451416 8.1392765045166 8.13917827606201 8.14389896392822 8.1487922668457 8.15456390380859 8.15960597991943 8.16288757324219 8.16535663604736 8.16671085357666 8.16423511505127 8.15862560272217 8.14880561828613 8.13699150085449 8.13676738739014 8.13931179046631 8.14282894134521 8.14340209960938 8.10016918182373 8.04866790771484 7.96256351470947 7.89635467529297 7.87214708328247 7.86267042160034 7.87119817733765 7.87975549697876 7.88833379745483 7.89100885391235 7.89123964309692 7.89157819747925 7.89193820953369 7.88080072402954 7.86971235275269 7.86326837539673 7.86154747009277 7.87643480300903 7.88760232925415 7.89186191558838 7.90192317962646 7.91830587387085 7.96107149124146 8.02090835571289 8.07507419586182 8.12720394134521 8.14695453643799
8.1511402130127 8.15203666687012 8.15349197387695 8.15752983093262 8.16176509857178 8.16418075561523 8.16636753082275 8.16738700866699 8.16819000244141 8.16846942901611 8.16861248016357 8.1685676574707 8.16455936431885 8.15730762481689 8.14730644226074 8.13600444793701 8.1348876953125 8.13620376586914 8.13329219818115 8.12352275848389 8.01816940307617 7.92651271820068 7.89217567443848 7.87070369720459 7.87639141082764 7.88205623626709 7.88769340515137 7.88940286636353 7.88825130462646 7.88579177856445 7.88279056549072 7.88671493530273 7.89200115203857 7.87960433959961 7.86714649200439 7.86049127578735 7.85755825042725 7.86770963668823 7.87830305099487 7.88971614837646 7.90264654159546 7.91723012924194 7.94077062606812 7.97010707855225 8.02768516540527 8.09540748596191 8.12627124786377
8.15584564208984 8.15672206878662 8.15809535980225 8.16194438934326 8.16593742370605 8.16698551177979 8.16781902313232 8.16756248474121 8.1671314239502 8.16627883911133 8.16514873504639 8.16363430023193 8.15998077392578 8.15457725524902 8.11868381500244 8.06834697723389 8.0547571182251 8.04994678497314 8.04621124267578 8.037034034729 7.94757986068726 7.87433910369873 7.86895370483398 7.86953115463257 7.88269519805908 7.89075660705566 7.89258003234863 7.89096927642822 7.88685750961304 7.88182020187378 7.87639951705933 7.88276767730713 7.8914532661438 7.88031721115112 7.86879205703735 7.86064004898071 7.85546064376831 7.86073350906372 7.8685245513916 7.88099193572998 7.8943510055542 7.90868091583252 7.92487955093384 7.9422869682312 7.98630952835083 8.03989219665527 8.08448886871338
8.15933418273926 8.15876388549805 8.15821933746338 8.15958595275879 8.16109752655029 8.1612377166748 8.16138172149658 8.16154861450195 8.16135311126709 8.16028499603271 8.1583948135376 8.1553783416748 8.15300464630127 8.15115642547607 8.07678604125977 7.96806240081787 7.93633270263672 7.9229998588562 7.92118263244629 7.9179482460022 7.88257265090942 7.85641145706177 7.86881351470947 7.88033723831177 7.89000701904297 7.89422702789307 7.89178562164307 7.8885817527771 7.88482284545898 7.87845897674561 7.87101650238037 7.87926864624023 7.89060640335083 7.88196468353271 7.87249946594238 7.862220287323 7.85428953170776 7.85461282730103 7.85851144790649 7.86904811859131 7.88164138793945 7.89647436141968 7.91114616394043 7.92571401596069 7.94787693023682 7.97276878356934 8.03238010406494
8.15655708312988 8.15567302703857 8.15480613708496 8.15524959564209 8.15579986572266 8.15560436248779 8.15542697906494 8.15534019470215 8.15509414672852 8.15446376800537 8.1531229019165 8.15080642700195 8.14837074279785 8.14583969116211 8.06524848937988 7.94768142700195 7.90534591674805 7.88098621368408 7.88123989105225 7.88227701187134 7.87010192871094 7.86305856704712 7.87749004364014 7.88849449157715 7.8922643661499 7.89275598526001 7.88924121856689 7.88607931137085 7.88317489624023 7.87723779678345 7.87004470825195 7.8745174407959 7.88128280639648 7.88011264801025 7.87856864929199 7.87624931335449 7.87261486053467 7.86435604095459 7.85967683792114 7.86164617538452 7.86714220046997 7.87648057937622 7.88720273971558 7.89881944656372 7.91512584686279 7.9331169128418 7.98158597946167
