Ecospace-environmental-drivers/Outputs/ASCII-for-ecospace/MOM6-ISIMIP3a/ph-bot/2008-10_ph-bot_MOM6-ISIMIP3a.asc
NCOLS 131 
NROWS 53 
XLLCORNER -98 
YLLCORNER 23.9265270233154 
CELLSIZE 0.133587792515755 
NODATA_value -9999 
[rows 0 to 20 of 53, columns 47 to 93 of 131]
-9999 -9999 -9999 -9999 -9999 -9999 -9999 -9999 -9999 -9999 -9999 -9999 -9999 -9999 -9999 -9999 -9999 -9999 -9999 -9999 -9999 -9999 -9999 -9999 -9999 -9999 -9999 -9999 -9999 -9999 -9999 -9999 -9999 -9999 -9999 -9999 -9999 -9999 -9999 -9999 -9999 -9999 -9999 -9999 -9999 -9999 -9999
-9999 -9999 -9999 -9999 -9999 -9999 -9999 -9999 -9999 -9999 -9999 -9999 -9999 -9999 -9999 -9999 -9999 -9999 -9999 -9999 -9999 -9999 -9999 -9999 -9999 -9999 -9999 -9999 -9999 -9999 -9999 -9999 -9999 -9999 -9999 -9999 -9999 -9999 -9999 -9999 -9999 -9999 -9999 -9999 -9999 -9999 -9999
-9999 -9999 -9999 -9999 -9999 -9999 -9999 -9999 -9999 -9999 -9999 -9999 -9999 -9999 -9999 -9999 -9999 -9999 -9999 -9999 -9999 -9999 -9999 -9999 -9999 -9999 -9999 8.12904357910156 8.13153266906738 -9999 -9999 -9999 -9999 -9999 -9999 -9999 -9999 -9999 -9999 -9999 -9999 -9999 -9999 -9999 -9999 -9999 -9999
-9999 -9999 -9999 -9999 -9999 -9999 -9999 -9999 -9999 -9999 -9999 -9999 -9999 -9999 -9999 -9999 -9999 -9999 -9999 -9999 -9999 -9999 -9999 -9999 -9999 -9999 -9999 8.12881278991699 8.13138675689697 -9999 -9999 -9999 -9999 -9999 -9999 -9999 -9999 -9999 -9999 -9999 -9999 -9999 -9999 -9999 -9999 -9999 -9999
-9999 -9999 -9999 -9999 -9999 -9999 -9999 -9999 -9999 -9999 -9999 -9999 -9999 -9999 -9999 -9999 -9999 -9999 8.10751056671143 8.108229637146 8.10880470275879 8.11216068267822 8.1151294708252 8.12024784088135 8.12374687194824 8.12551116943359 8.12682819366455 8.12845611572266 8.13115310668945 8.13455200195312 -9999 -9999 8.13865852355957 8.13558483123779 8.13094520568848 8.12693786621094 8.12434196472168 8.12309837341309 8.1237154006958 8.12644577026367 8.13199710845947 8.13893604278564 -9999 -9999 -9999 -9999 -9999
-9999 -9999 -9999 -9999 -9999 -9999 -9999 -9999 -9999 -9999 -9999 -9999 -9999 -9999 8.07197284698486 -9999 8.06847763061523 8.06563186645508 8.08773994445801 8.10751056671143 8.10837364196777 8.10880470275879 8.11551666259766 8.12106609344482 8.12415981292725 8.12601566314697 8.12635707855225 8.12811279296875 8.13089847564697 8.13444709777832 8.13831043243408 8.13971900939941 8.14064311981201 8.13561248779297 8.13049793243408 8.12672424316406 8.12359046936035 8.12271022796631 8.1229944229126 8.1254415512085 8.13090229034424 8.13964748382568 8.14625835418701 8.1514892578125 -9999 -9999 -9999
-9999 -9999 -9999 -9999 -9999 -9999 -9999 -9999 -9999 -9999 7.96137762069702 7.96319246292114 7.96489858627319 7.97051191329956 8.024094581604 8.07248115539551 8.0714635848999 8.06833648681641 8.06563186645508 8.0900764465332 8.10751056671143 8.10880470275879 8.11551666259766 8.12106609344482 8.12415981292725 8.12601566314697 8.12635707855225 8.12811279296875 8.13089847564697 8.13444709777832 8.13831043243408 8.13971900939941 8.14064311981201 8.13561248779297 8.13049793243408 8.12672424316406 8.12359046936035 8.12271022796631 8.1229944229126 8.1254415512085 8.13090229034424 8.13964748382568 8.14625835418701 8.1514892578125 8.15287208557129 8.14086055755615 -9999
-9999 -9999 -9999 -9999 -9999 -9999 -9999 -9999 -9999 -9999 7.95164728164673 7.96137762069702 7.96500730514526 -9999 7.97821760177612 8.03000068664551 8.07349967956543 8.0714635848999 8.06791305541992 8.06563186645508 8.09708786010742 8.12296199798584 8.12548065185547 8.12653827667236 8.12451457977295 8.12337303161621 8.12331008911133 8.12410545349121 8.12552642822266 8.12746334075928 8.12961578369141 8.12912654876709 8.12811756134033 8.1251335144043 8.12199211120605 8.11802577972412 8.11398124694824 8.10965919494629 8.10902118682861 8.1152229309082 8.12241744995117 8.13069629669189 8.13659000396729 8.14094257354736 8.13778400421143 8.13192653656006 8.13626480102539
-9999 -9999 -9999 -9999 -9999 -9999 -9999 -9999 -9999 -9999 -9999 -9999 -9999 -9999 7.97491645812988 7.99109935760498 8.03902435302734 8.07553577423096 8.0714635848999 8.06664276123047 8.10658264160156 8.13842105865479 8.13635730743408 8.13252925872803 8.12497711181641 8.12057304382324 8.12001705169678 8.11972999572754 8.11963844299316 8.1198148727417 8.12010097503662 8.11760520935059 8.11456298828125 8.11373424530029 8.1126594543457 8.10837841033936 8.10331535339355 8.09550285339355 8.09396839141846 8.10409259796143 8.11307525634766 8.12081623077393 8.12594795227051 8.12939167022705 8.13061332702637 8.13103675842285 8.13740062713623
8.16762733459473 -9999 -9999 -9999 -9999 -9999 -9999 -9999 -9999 -9999 8.00838470458984 7.94167327880859 -9999 -9999 -9999 7.98747444152832 8.00992774963379 8.05071926116943 8.07960796356201 8.08259963989258 8.117356300354 8.14464092254639 8.14064979553223 8.13546752929688 8.12777233123779 8.12240028381348 8.1198673248291 8.1179780960083 8.11655807495117 8.11590671539307 8.11557483673096 8.11454296112061 8.11337471008301 8.11066627502441 8.10740661621094 8.09930896759033 8.09300994873047 8.09303951263428 8.09501075744629 8.10058784484863 8.1066312789917 8.11318111419678 8.11870765686035 8.12357330322266 8.12679100036621 8.12941646575928 8.13669013977051
8.16511821746826 8.1647481918335 -9999 -9999 -9999 -9999 -9999 -9999 -9999 -9999 8.04116249084473 8.00555896759033 7.94167327880859 -9999 -9999 7.99041604995728 8.01062965393066 8.02873611450195 8.063157081604 8.09824466705322 8.12671947479248 8.14865779876709 8.1432409286499 8.13707256317139 8.12932205200195 8.1230525970459 8.1185941696167 8.1154088973999 8.11315059661865 8.11192893981934 8.1111364364624 8.11129951477051 8.11165046691895 8.10664939880371 8.10033130645752 8.08308887481689 8.07212257385254 8.08322238922119 8.09179496765137 8.09567165374756 8.10040664672852 8.10607719421387 8.1118049621582 8.11756992340088 8.12233829498291 8.12674903869629 8.13453102111816
8.16511821746826 8.16400718688965 8.12879848480225 8.10073757171631 -9999 -9999 -9999 -9999 -9999 -9999 -9999 8.03896427154541 7.99945592880249 7.94167327880859 7.96137762069702 7.99041604995728 8.01062965393066 8.02873611450195 8.0705394744873 8.11222553253174 8.12851715087891 8.14086437225342 8.13670539855957 8.13152503967285 8.12418746948242 8.11740303039551 8.11129570007324 8.10845279693604 8.10798835754395 8.10757160186768 8.10717391967773 8.10708522796631 8.1070556640625 8.0975399017334 8.08348560333252 8.02852249145508 7.99447345733643 8.03396320343018 8.06573486328125 8.08317565917969 8.09536170959473 8.10182094573975 8.10670852661133 8.11057949066162 8.11451053619385 8.11846542358398 8.12460517883301
8.15911293029785 8.13815307617188 8.11276054382324 8.10027408599854 -9999 -9999 -9999 -9999 8.05209636688232 8.03839302062988 8.03666210174561 8.05136680603027 8.02886390686035 7.97591972351074 7.97778749465942 8.00561809539795 8.02399253845215 8.04010677337646 8.08241176605225 8.12407493591309 8.13019943237305 8.13365268707275 8.12592601776123 8.11875152587891 8.11273956298828 8.10155010223389 8.0840311050415 8.07434940338135 8.07037544250488 8.07007217407227 8.07128715515137 8.07175159454346 8.07206726074219 8.05982112884521 8.04171943664551 7.97096920013428 7.92799854278564 7.98270082473755 8.02731895446777 8.05320930480957 8.07156085968018 8.08169937133789 8.09219169616699 8.10291290283203 8.10844135284424 8.11210346221924 8.11571311950684
8.13809490203857 8.12571620941162 8.11170387268066 8.10027408599854 8.08917713165283 8.07997035980225 8.07085609436035 8.06221771240234 8.05209636688232 8.03839302062988 8.03666210174561 8.05136680603027 8.04658603668213 8.02586364746094 8.03522109985352 8.05882740020752 8.07076168060303 8.07990741729736 8.10551261901855 8.13059520721436 8.13159656524658 8.12789821624756 8.10453510284424 8.08791065216064 8.08551120758057 8.06018829345703 8.00684928894043 7.97237348556519 7.95163631439209 7.94971513748169 7.95558595657349 7.9586181640625 7.96109247207642 7.95057344436646 7.93765115737915 7.90595245361328 7.88946008682251 7.92643404006958 7.95801067352295 7.97956371307373 8.00087070465088 8.02191066741943 8.05412101745605 8.0935583114624 8.10676574707031 8.11055088043213 8.10940837860107
8.11484336853027 8.11205101013184 8.10992813110352 8.10135936737061 8.09218406677246 8.08442401885986 8.0767707824707 8.06966114044189 8.06130599975586 8.04994487762451 8.04965400695801 8.06455993652344 8.06999111175537 8.06766891479492 8.07779312133789 8.09381294250488 8.09993362426758 8.10368824005127 8.11652565002441 8.12867069244385 8.12167739868164 8.10810375213623 8.06699180603027 8.03617763519287 8.02710247039795 7.99656295776367 7.93978881835938 7.90410375595093 7.88378000259399 7.88258075714111 7.88930130004883 7.89232158660889 7.89461421966553 7.8840651512146 7.87335681915283 7.86573076248169 7.86576318740845 7.89272403717041 7.91587257385254 7.93194198608398 7.95278263092041 7.97882270812988 8.02319049835205 8.07941722869873 8.10079574584961 8.10965538024902 8.10660648345947
8.08843517303467 8.09665012359619 8.10713481903076 8.10398101806641 8.09944248199463 8.09517478942871 8.0910472869873 8.08762645721436 8.08353710174561 8.07782936096191 8.08101367950439 8.09640598297119 8.1014289855957 8.09796810150146 8.09935283660889 8.10303401947021 8.10422515869141 8.10482120513916 8.11044692993164 8.11480903625488 8.09576034545898 8.06845760345459 8.00661182403564 7.95490837097168 7.92461252212524 7.90145921707153 7.88703584671021 7.88348817825317 7.88786315917969 7.89069223403931 7.89288187026978 7.89224243164062 7.89104700088501 7.87798357009888 7.86529541015625 7.86056566238403 7.86305093765259 7.89090538024902 7.91214847564697 7.92111349105835 7.93664979934692 7.95934581756592 8.00235557556152 8.05850791931152 8.08875179290771 8.10968971252441 8.10875701904297
8.07158374786377 8.08381843566895 8.0992603302002 8.10468864440918 8.10885429382324 8.10658931732178 8.10332775115967 8.09500408172607 8.0892915725708 8.08988189697266 8.09631252288818 8.11076259613037 8.11317253112793 8.10573196411133 8.10013294219971 8.09540748596191 8.0947790145874 8.09513092041016 8.09784126281738 8.09761810302734 8.05233383178711 8.00477504730225 7.94769048690796 7.90121793746948 7.87714767456055 7.86620235443115 7.87129688262939 7.87942028045654 7.88974905014038 7.89199352264404 7.8908896446228 7.89043188095093 7.89010047912598 7.87531757354736 7.86103534698486 7.8568696975708 7.85896015167236 7.88304615020752 7.90217113494873 7.91208171844482 7.92688035964966 7.94700527191162 7.98224401473999 8.02726173400879 8.06382179260254 8.09734344482422 8.10440158843994
8.06278038024902 8.07315063476562 8.08710670471191 8.10378456115723 8.12008094787598 8.11856079101562 8.11392784118652 8.09346485137939 8.0811710357666 8.08860301971436 8.09808731079102 8.11038970947266 8.10832977294922 8.09451866149902 8.08341503143311 8.07359313964844 8.07376575469971 8.07632637023926 8.07973957061768 8.07762241363525 7.99416399002075 7.92085027694702 7.88999605178833 7.87075281143188 7.87602138519287 7.88134241104126 7.88672876358032 7.88928651809692 7.88978481292725 7.88755893707275 7.88420486450195 7.88716268539429 7.89136123657227 7.87552833557129 7.85997629165649 7.85441160202026 7.85370874404907 7.87010049819946 7.88692760467529 7.90456342697144 7.9224705696106 7.94067478179932 7.96274185180664 7.98730945587158 8.02803802490234 8.07457256317139 8.09456539154053
8.06686496734619 8.07371520996094 8.08294200897217 8.09731578826904 8.11166286468506 8.11103534698486 8.1079683303833 8.09248638153076 8.08357715606689 8.09053421020508 8.09636402130127 8.10064506530762 8.09556102752686 8.08281326293945 8.05549812316895 8.02128124237061 8.01157093048096 8.00771713256836 8.00965023040771 8.00730609893799 7.93690347671509 7.87828540802002 7.86898517608643 7.86698865890503 7.88041210174561 7.88901329040527 7.89172077178955 7.89118957519531 7.88829803466797 7.88366603851318 7.87831258773804 7.88419723510742 7.89229106903076 7.87814474105835 7.86386823654175 7.85637140274048 7.85257339477539 7.86178159713745 7.87381458282471 7.89109373092651 7.90884256362915 7.92710304260254 7.94505929946899 7.96281862258911 7.99753952026367 8.03835391998291 8.06748294830322
8.07725620269775 8.07977771759033 8.08268642425537 8.08812522888184 8.09363079071045 8.09396839141846 8.09390354156494 8.09178256988525 8.09113311767578 8.09403800964355 8.09293079376221 8.08631420135498 8.07891273498535 8.07086849212646 8.0221004486084 7.95404386520386 7.92922353744507 7.91473436355591 7.91412019729614 7.91236257553101 7.88008832931519 7.85596084594727 7.86592578887939 7.87629127502441 7.88750267028809 7.89302825927734 7.89160442352295 7.88919496536255 7.88606643676758 7.88003778457642 7.87280750274658 7.88138008117676 7.89305925369263 7.8819375038147 7.87018346786499 7.86049365997314 7.85345268249512 7.85572671890259 7.86174392700195 7.87471199035645 7.89070320129395 7.90998792648315 7.92826652526855 7.94589376449585 7.96962690353394 7.99555397033691 8.03196048736572
8.07636737823486 8.07759666442871 8.0788459777832 8.08090877532959 8.0829610824585 8.08248329162598 8.08198738098145 8.08139896392822 8.0810604095459 8.08132457733154 8.08010864257812 8.07685852050781 8.07413101196289 8.07183265686035 8.01885032653809 7.94185972213745 7.90603351593018 7.88004350662231 7.88041210174561 7.88165187835693 7.86921644210815 7.86166143417358 7.8745322227478 7.88483715057373 7.889723777771 7.89118337631226 7.88845491409302 7.88631105422974 7.88459348678589 7.87890529632568 7.87157344818115 7.87618780136108 7.88315057754517 7.88068342208862 7.87790966033936 7.87555074691772 7.87199401855469 7.86422681808472 7.8607177734375 7.86511707305908 7.87306118011475 7.88486671447754 7.89807367324829 7.91218757629395 7.9324631690979 7.95495128631592 7.99229907989502
