Ecospace-environmental-drivers/Outputs/ASCII-for-ecospace/MOM6-ISIMIP3a/ph-bot/2008-02_ph-bot_MOM6-ISIMIP3a.asc
NCOLS 131 
NROWS 53 
XLLCORNER -98 
YLLCORNER 23.9265270233154 
CELLSIZE 0.133587792515755 
NODATA_value -9999 
[rows 0 to 20 of 53, columns 47 to 93 of 131]
-9999 -9999 -9999 -9999 -9999 -9999 -9999 -9999 -9999 -9999 -9999 -9999 -9999 -9999 -9999 -9999 -9999 -9999 -9999 -9999 -9999 -9999 -9999 -9999 -9999 -9999 -9999 -9999 -9999 -9999 -9999 -9999 -9999 -9999 -9999 -9999 -9999 -9999 -9999 -9999 -9999 -9999 -9999 -9999 -9999 -9999 -9999
-9999 -9999 -9999 -9999 -9999 -9999 -9999 -9999 -9999 -9999 -9999 -9999 -9999 -9999 -9999 -9999 -9999 -9999 -9999 -9999 -9999 -9999 -9999 -9999 -9999 -9999 -9999 -9999 -9999 -9999 -9999 -9999 -9999 -9999 -9999 -9999 -9999 -9999 -9999 -9999 -9999 -9999 -9999 -9999 -9999 -9999 -9999
-9999 -9999 -9999 -9999 -9999 -9999 -9999 -9999 -9999 -9999 -9999 -9999 -9999 -9999 -9999 -9999 -9999 -9999 -9999 -9999 -9999 -9999 -9999 -9999 -9999 -9999 -9999 8.21538543701172 8.21729278564453 -9999 -9999 -9999 -9999 -9999 -9999 -9999 -9999 -9999 -9999 -9999 -9999 -9999 -9999 -9999 -9999 -9999 -9999
-9999 -9999 -9999 -9999 -9999 -9999 -9999 -9999 -9999 -9999 -9999 -9999 -9999 -9999 -9999 -9999 -9999 -9999 -9999 -9999 -9999 -9999 -9999 -9999 -9999 -9999 -9999 8.21531867980957 8.217041015625 -9999 -9999 -9999 -9999 -9999 -9999 -9999 -9999 -9999 -9999 -9999 -9999 -9999 -9999 -9999 -9999 -9999 -9999
-9999 -9999 -9999 -9999 -9999 -9999 -9999 -9999 -9999 -9999 -9999 -9999 -9999 -9999 -9999 -9999 -9999 -9999 8.13739490509033 8.14102554321289 8.14393043518066 8.16087341308594 8.17484569549561 8.19652080535889 8.20823764801025 8.21208953857422 8.21418285369873 8.21511459350586 8.21665859222412 8.21935176849365 -9999 -9999 8.22471809387207 8.2217845916748 8.21632862091064 8.21078395843506 8.20604991912842 8.20295238494873 8.2024040222168 8.20387744903564 8.20705223083496 8.21110248565674 -9999 -9999 -9999 -9999 -9999
-9999 -9999 -9999 -9999 -9999 -9999 -9999 -9999 -9999 -9999 -9999 -9999 -9999 -9999 7.67762899398804 -9999 7.68462228775024 7.6912260055542 7.91777038574219 8.13739490509033 8.14175224304199 8.14393043518066 8.17781543731689 8.20279121398926 8.20895576477051 8.21296691894531 8.21434688568115 8.21523380279541 8.2157621383667 8.21897983551025 8.22331237792969 8.22534370422363 8.22692394256592 8.22188758850098 8.2165412902832 8.21055698394775 8.2052526473999 8.20233917236328 8.20126533508301 8.2036075592041 8.20675849914551 8.21078968048096 8.21575927734375 8.22133541107178 -9999 -9999 -9999
-9999 -9999 -9999 -9999 -9999 -9999 -9999 -9999 -9999 -9999 7.78251171112061 7.78168296813965 7.7805323600769 7.77602386474609 7.7241325378418 7.67779588699341 7.67746162414551 7.68517875671387 7.6912260055542 7.92469072341919 8.13739490509033 8.14393043518066 8.17781543731689 8.20279121398926 8.20895576477051 8.21296691894531 8.21434688568115 8.21523380279541 8.2157621383667 8.21897983551025 8.22331237792969 8.22534370422363 8.22692394256592 8.22188758850098 8.2165412902832 8.21055698394775 8.2052526473999 8.20233917236328 8.20126533508301 8.2036075592041 8.20675849914551 8.21078968048096 8.21575927734375 8.22133541107178 8.22280883789062 8.22083950042725 -9999
-9999 -9999 -9999 -9999 -9999 -9999 -9999 -9999 -9999 -9999 7.78695583343506 7.78251171112061 7.78085374832153 -9999 7.76898622512817 7.71818828582764 7.67813062667847 7.67746162414551 7.68684816360474 7.6912260055542 7.94545078277588 8.15555572509766 8.18101215362549 8.19932174682617 8.20254230499268 8.20580291748047 8.2091121673584 8.21215057373047 8.21499252319336 8.21728324890137 8.21934604644775 8.21744918823242 8.21477508544922 8.20936298370361 8.20370292663574 8.19659900665283 8.19063282012939 8.1886682510376 8.1889533996582 8.19341564178467 8.19813442230225 8.20313262939453 8.20914745330811 8.21581935882568 8.21893501281738 8.22077369689941 8.21675300598145
-9999 -9999 -9999 -9999 -9999 -9999 -9999 -9999 -9999 -9999 -9999 -9999 -9999 -9999 7.77298736572266 7.75477457046509 7.70758819580078 7.67879962921143 7.67746162414551 7.6918568611145 7.95352029800415 8.16786670684814 8.18418502807617 8.19527339935303 8.19531917572021 8.19773101806641 8.20303440093994 8.20838737487793 8.21377849578857 8.21507549285889 8.21467590332031 8.20855808258057 8.20131587982178 8.19555854797363 8.18961620330811 8.18132019042969 8.17464923858643 8.1736946105957 8.17542457580566 8.1821403503418 8.18853759765625 8.19458770751953 8.20171451568604 8.20953750610352 8.21517658233643 8.22002983093262 8.21588325500488
8.10763931274414 -9999 -9999 -9999 -9999 -9999 -9999 -9999 -9999 -9999 7.98768138885498 7.79151153564453 -9999 -9999 -9999 7.76056957244873 7.72787427902222 7.69323682785034 7.68013715744019 7.69674730300903 7.95125341415405 8.15955543518066 8.17448806762695 8.18465709686279 8.18476867675781 8.18583297729492 8.18806266784668 8.19316005706787 8.20034694671631 8.20186996459961 8.20104789733887 8.19558811187744 8.18921661376953 8.18556499481201 8.18162631988525 8.17390155792236 8.16756248474121 8.16609573364258 8.16705989837646 8.1725378036499 8.17842292785645 8.18475151062012 8.1913366317749 8.19808673858643 8.203444480896 8.20830154418945 8.20957183837891
8.11000061035156 8.11034965515137 -9999 -9999 -9999 -9999 -9999 -9999 -9999 -9999 8.08965301513672 7.98241949081421 7.79151153564453 -9999 -9999 7.76924896240234 7.72994804382324 7.68442630767822 7.69421195983887 7.72206974029541 7.95765781402588 8.15048027038574 8.16432762145996 8.17372798919678 8.17374038696289 8.17364120483398 8.17340564727783 8.17829895019531 8.18692874908447 8.18897151947021 8.18828678131104 8.1837043762207 8.17835426330566 8.17592716217041 8.17226028442383 8.15542030334473 8.14362239837646 8.14954948425293 8.15571689605713 8.16233348846436 8.16881275177002 8.17514419555664 8.18115329742432 8.18695449829102 8.1923713684082 8.19765090942383 8.20321941375732
8.11000061035156 8.11104679107666 8.11094856262207 8.10687732696533 -9999 -9999 -9999 -9999 -9999 -9999 -9999 8.08334255218506 7.9547963142395 7.79151153564453 7.78251171112061 7.76924896240234 7.72994804382324 7.68442630767822 7.76430511474609 7.85698366165161 8.01057434082031 8.13731384277344 8.15168285369873 8.16112327575684 8.16016006469727 8.15987777709961 8.16042709350586 8.16539573669434 8.17358207702637 8.1777172088623 8.18017482757568 8.17764282226562 8.1741304397583 8.16820240020752 8.15550899505615 8.07760334014893 8.02928638458252 8.08500671386719 8.1284008026123 8.14890289306641 8.16191291809082 8.16676139831543 8.17201519012451 8.17753124237061 8.18483448028564 8.19277954101562 8.19665050506592
8.11204147338867 8.11283493041992 8.11274909973145 8.10716438293457 -9999 -9999 -9999 -9999 8.07183265686035 8.08530330657959 8.09963417053223 8.11514663696289 8.03524589538574 7.877281665802 7.82019662857056 7.8108959197998 7.77322149276733 7.72876787185669 7.84616088867188 7.97188997268677 8.05711936950684 8.12834358215332 8.14095592498779 8.14874267578125 8.14634037017822 8.1382474899292 8.12319755554199 8.11752605438232 8.11868476867676 8.1234827041626 8.12978553771973 8.13037300109863 8.1298360824585 8.12086486816406 8.10282135009766 7.99920845031738 7.93621492385864 8.01604175567627 8.07791423797607 8.10644435882568 8.12560844421387 8.13456916809082 8.14830875396729 8.16514015197754 8.17631244659424 8.18545150756836 8.18906116485596
8.11918354034424 8.11662769317627 8.11307144165039 8.10716438293457 8.1007194519043 8.08626937866211 8.07363986968994 8.07027053833008 8.07183265686035 8.08530330657959 8.09963417053223 8.11514663696289 8.07124423980713 7.97873163223267 7.95209503173828 7.95666170120239 7.92468023300171 7.88396549224854 7.95742559432983 8.03677845001221 8.08773612976074 8.12986183166504 8.13502311706543 8.13692092895508 8.13192653656006 8.09695243835449 8.02533721923828 7.98223781585693 7.9599084854126 7.96179151535034 7.9737024307251 7.98007726669312 7.98536348342896 7.9744930267334 7.96028900146484 7.91937017440796 7.89630651473999 7.93602085113525 7.96950435638428 7.99141597747803 8.01579093933105 8.04284858703613 8.08817768096924 8.14532947540283 8.16532707214355 8.17197799682617 8.17892169952393
8.12822532653809 8.1236047744751 8.11798477172852 8.11142826080322 8.10462284088135 8.09364795684814 8.08442974090576 8.08414649963379 8.08747386932373 8.09952068328857 8.1118106842041 8.124436378479 8.10597038269043 8.06206607818604 8.05323505401611 8.0610179901123 8.0389575958252 8.009765625 8.04768753051758 8.08893775939941 8.11152172088623 8.12535667419434 8.10257720947266 8.08239269256592 8.06768703460693 8.0239086151123 7.94459819793701 7.89677000045776 7.87187242507935 7.87308597564697 7.88511228561401 7.89254283905029 7.89906978607178 7.8877100944519 7.87636137008667 7.87158966064453 7.87150812149048 7.88791799545288 7.90382480621338 7.91879796981812 7.94269752502441 7.97632312774658 8.03796768188477 8.11774063110352 8.14754009246826 8.15938854217529 8.16904830932617
8.13995361328125 8.13508319854736 8.12938785552979 8.12172222137451 8.11404418945312 8.11145687103271 8.11047172546387 8.11764049530029 8.12523078918457 8.13383769989014 8.14120292663574 8.14686012268066 8.13889598846436 8.11978721618652 8.11088943481445 8.1068286895752 8.10066699981689 8.09400272369385 8.10825729370117 8.12310218811035 8.12564754486084 8.11233329772949 8.0326452255249 7.96748685836792 7.93300294876099 7.90597629547119 7.88806438446045 7.88173866271973 7.88385200500488 7.88756656646729 7.89194440841675 7.89374113082886 7.89503049850464 7.8851752281189 7.87528896331787 7.86913251876831 7.8680739402771 7.88494110107422 7.89855813980103 7.9061393737793 7.92152690887451 7.94541883468628 8.00178146362305 8.07915306091309 8.12013721466064 8.14805030822754 8.15955066680908
8.14302825927734 8.14074039459229 8.13836002349854 8.13475227355957 8.13119316101074 8.13232898712158 8.13417625427246 8.13963985443115 8.14488697052002 8.14961433410645 8.15392684936523 8.15766906738281 8.15459251403809 8.1459379196167 8.13560676574707 8.12448120117188 8.12522029876709 8.12879467010498 8.12888526916504 8.12633609771729 8.08884334564209 8.04318046569824 7.96332836151123 7.90051698684692 7.87368202209473 7.86274147033691 7.87122631072998 7.88007879257202 7.88919878005981 7.89154100418091 7.89107704162598 7.89180564880371 7.89276838302612 7.88271522521973 7.87259769439697 7.86583471298218 7.86381149291992 7.87845468521118 7.89062643051147 7.89820909500122 7.91085958480835 7.92903232574463 7.97279644012451 8.03311920166016 8.07960510253906 8.12112045288086 8.14148998260498
8.13881492614746 8.14149475097656 8.14528369903564 8.15008640289307 8.15485095977783 8.15578269958496 8.15591144561768 8.15195751190186 8.14930152893066 8.14977645874023 8.15261363983154 8.15869617462158 8.15577983856201 8.14550113677979 8.1325855255127 8.11842060089111 8.11848449707031 8.12194633483887 8.11587905883789 8.1035213470459 8.00914859771729 7.92676067352295 7.89452934265137 7.87391519546509 7.87782526016235 7.88240957260132 7.8878173828125 7.88967943191528 7.88895893096924 7.88666820526123 7.88372659683228 7.88723182678223 7.89200401306152 7.88031911849976 7.86854314804077 7.86182880401611 7.85885143280029 7.8690128326416 7.88045120239258 7.89426040649414 7.90903806686401 7.92487192153931 7.94987630844116 7.98081398010254 8.02801704406738 8.08106136322021 8.1162166595459
8.14134979248047 8.14361476898193 8.14678573608398 8.1517333984375 8.15667915344238 8.15664768218994 8.15597057342529 8.15200805664062 8.1492862701416 8.14956188201904 8.1512565612793 8.15489959716797 8.15263652801514 8.14554214477539 8.1083345413208 8.05686283111572 8.04395389556885 8.04025936126709 8.03415966033936 8.02308750152588 7.94205141067505 7.87570762634277 7.87084865570068 7.87144041061401 7.88353681564331 7.89093685150146 7.89259576797485 7.89112615585327 7.88737726211548 7.8824405670166 7.87701272964478 7.88319396972656 7.89165782928467 7.88031959533691 7.86864328384399 7.86082315444946 7.85596656799316 7.86152839660645 7.86991310119629 7.8835391998291 7.89804363250732 7.91350412368774 7.9311785697937 7.9502854347229 7.98778772354126 8.03189849853516 8.07536888122559
8.14718723297119 8.14640426635742 8.14563465118408 8.14668273925781 8.14782428741455 8.14646053314209 8.14542388916016 8.14605331420898 8.14710235595703 8.14916324615479 8.14987754821777 8.14874362945557 8.14737606048584 8.14581680297852 8.07369422912598 7.9681453704834 7.93624830245972 7.92194843292236 7.91881465911865 7.91445684432983 7.88111972808838 7.85664319992065 7.8692479133606 7.88077259063721 7.89001607894897 7.89401197433472 7.89159393310547 7.88858222961426 7.88513851165771 7.87852954864502 7.87061023712158 7.87941884994507 7.89151620864868 7.88149309158325 7.87077665328979 7.86128616333008 7.85409736633301 7.85500192642212 7.85919761657715 7.86950445175171 7.88255929946899 7.89860868453979 7.91454696655273 7.93041324615479 7.95311832427979 7.97827959060669 8.02689933776855
8.14589595794678 8.14472579956055 8.1435079574585 8.14382553100586 8.14426612854004 8.14380550384521 8.14370250701904 8.14541912078857 8.14704704284668 8.14846515655518 8.14873027801514 8.14741516113281 8.14363765716553 8.13784599304199 8.0605993270874 7.94950532913208 7.9072380065918 7.88141536712646 7.88128852844238 7.88206672668457 7.8703179359436 7.86359834671021 7.87792921066284 7.88876438140869 7.89222192764282 7.89251089096069 7.88892698287964 7.88592386245728 7.8833441734314 7.87718725204468 7.86954832077026 7.87442302703857 7.88175773620605 7.87986040115356 7.87763166427612 7.87550258636475 7.87208223342896 7.86412000656128 7.85965251922607 7.86167478561401 7.86752080917358 7.87753343582153 7.88901424407959 7.9014458656311 7.91863536834717 7.93753385543823 7.98039197921753
