Ecospace-environmental-drivers/Outputs/ASCII-for-ecospace/MOM6-ISIMIP3a/ph-bot/2009-05_ph-bot_MOM6-ISIMIP3a.asc
NCOLS 131 
NROWS 53 
XLLCORNER -98 
YLLCORNER 23.9265270233154 
CELLSIZE 0.133587792515755 
NODATA_value -9999 
[rows 21 to 41 of 53, columns 0 to 46 of 131]
-9999 -9999 -9999 -9999 -9999 -9999 8.09264183044434 8.09284210205078 8.09353351593018 8.09429740905762 8.09438228607178 8.09019470214844 8.09204483032227 8.09755611419678 8.1032018661499 8.1090030670166 8.11083030700684 8.1099271774292 8.1156177520752 8.12385368347168 8.12797737121582 8.13137435913086 8.1320743560791 8.13272094726562 8.1334114074707 8.1340856552124 8.13470458984375 8.13538074493408 8.13615703582764 8.13634300231934 8.13592147827148 8.13541412353516 8.13485527038574 8.13435173034668 8.13386726379395 8.13308238983154 8.13225936889648 8.13186836242676 8.1316499710083 8.13252544403076 8.13321018218994 8.13336277008057 8.13315105438232 8.1323766708374 8.13190269470215 8.13170528411865 8.13180446624756
-9999 -9999 -9999 -9999 -9999 -9999 8.09266948699951 8.09264183044434 8.09304237365723 8.09415245056152 8.09429740905762 8.09865474700928 8.10329151153564 8.10848236083984 8.1134090423584 8.11803340911865 8.12015724182129 8.12056350708008 8.12375926971436 8.12803268432617 8.12990570068359 8.13135528564453 8.13129615783691 8.13129138946533 8.13200950622559 8.13275146484375 8.13356876373291 8.13429641723633 8.13486862182617 8.13502883911133 8.13476753234863 8.13431739807129 8.13375186920166 8.13330459594727 8.13289546966553 8.13226222991943 8.13159847259521 8.13113212585449 8.13077354431152 8.131103515625 8.1313304901123 8.13127040863037 8.13104152679443 8.1305513381958 8.1301908493042 8.12995052337646 8.12985134124756
-9999 -9999 -9999 -9999 8.0952730178833 8.09360885620117 8.09257888793945 8.09278774261475 8.09264183044434 8.09344291687012 8.09622764587402 8.10660934448242 8.11500072479248 8.11945724487305 8.12333488464355 8.12654590606689 8.12874984741211 8.13026142120361 8.13095760345459 8.13133907318115 8.13091278076172 8.13034343719482 8.12742614746094 8.12485885620117 8.12563133239746 8.12646675109863 8.1275053024292 8.12872314453125 8.13025379180908 8.13142776489258 8.13223266601562 8.13220310211182 8.13166427612305 8.13124656677246 8.13086986541748 8.13041114807129 8.1299352645874 8.12845516204834 8.12699890136719 8.12569618225098 8.12446117401123 8.1234130859375 8.12271308898926 8.12254905700684 8.12234497070312 8.12210559844971 8.12182426452637
-9999 -9999 -9999 -9999 8.09897327423096 8.09593296051025 8.09463787078857 8.09257888793945 8.09314346313477 8.10032367706299 8.1076717376709 8.11566543579102 8.12222766876221 8.12596035003662 8.128249168396 8.12887477874756 8.12936687469482 8.12976741790771 8.12941265106201 8.1287670135498 8.12513065338135 8.12096786499023 8.0789966583252 8.04089450836182 8.0419282913208 8.04303169250488 8.04436016082764 8.05322170257568 8.07522773742676 8.09512233734131 8.11284351348877 8.11948394775391 8.11937522888184 8.1189022064209 8.11830806732178 8.11801242828369 8.11763095855713 8.09974098205566 8.08148002624512 8.06085968017578 8.04181957244873 8.02717781066895 8.01829814910889 8.01832103729248 8.01856231689453 8.01900482177734 8.01932907104492
-9999 -9999 -9999 -9999 -9999 8.09897327423096 8.09754180908203 8.0966968536377 8.09538841247559 8.10684108734131 8.1171875 8.12330150604248 8.12829685211182 8.13107967376709 8.12812519073486 8.11855125427246 8.11106491088867 8.10501289367676 8.10239315032959 8.10109806060791 8.09555244445801 8.08925628662109 8.02278327941895 7.96235513687134 7.96328926086426 7.96436929702759 7.96592378616333 7.97975778579712 8.01501941680908 8.04643058776855 8.07388019561768 8.08413219451904 8.08390712738037 8.08334064483643 8.08266162872314 8.0824089050293 8.08201694488525 8.05411815643311 8.0256462097168 7.99352407455444 7.96384382247925 7.9409613609314 7.92713403701782 7.92730045318604 7.92787742614746 7.92883157730103 7.92986488342285
-9999 -9999 -9999 -9999 -9999 8.10019874572754 8.09897327423096 8.10191822052002 8.10528373718262 8.11176586151123 8.11824417114258 8.12471008300781 8.1292896270752 8.13013553619385 8.10590744018555 8.05274677276611 8.00980663299561 7.97388362884521 7.96367359161377 7.96339130401611 7.96163082122803 7.9596095085144 7.93243455886841 7.90759944915771 7.90685558319092 7.90664052963257 7.90813875198364 7.91523122787476 7.93208599090576 7.94342613220215 7.94909191131592 7.94954013824463 7.94680976867676 7.94598484039307 7.94579553604126 7.9450626373291 7.94419002532959 7.93435907363892 7.92459201812744 7.91523361206055 7.90632581710815 7.89867305755615 7.89407348632812 7.89419221878052 7.89462471008301 7.89534473419189 7.89753484725952
-9999 -9999 8.10286808013916 8.10255813598633 8.10223770141602 8.10142517089844 8.10019683837891 8.10635375976562 8.11266613006592 8.11625480651855 8.12028217315674 8.12598991394043 8.12779712677002 8.12188625335693 8.07843494415283 7.99166631698608 7.92742967605591 7.87866640090942 7.86692523956299 7.8694806098938 7.87120294570923 7.87277793884277 7.87290048599243 7.87279844284058 7.87109136581421 7.87015104293823 7.87169742584229 7.87403535842896 7.87775421142578 7.87513732910156 7.86600112915039 7.86013460159302 7.85626077651978 7.85528373718262 7.85527181625366 7.85444211959839 7.8535270690918 7.8564338684082 7.85972881317139 7.86549520492554 7.87039041519165 7.87285947799683 7.87465858459473 7.87542295455933 7.87605047225952 7.87655210494995 7.87927722930908
-9999.000000000000000 -9999 -9999 -9999 8.10401248931885 8.10304927825928 8.10379791259766 8.1090726852417 8.11456298828125 8.11979103088379 8.1244592666626 8.12698650360107 8.12088203430176 8.09769821166992 8.03949642181396 7.94089078903198 7.88625001907349 7.86180257797241 7.86175394058228 7.8711256980896 7.87567043304443 7.87936353683472 7.88059902191162 7.88153505325317 7.8804235458374 7.88000392913818 7.88182592391968 7.88374328613281 7.88582754135132 7.88259315490723 7.87388706207275 7.86931896209717 7.86727237701416 7.86637496948242 7.86586093902588 7.86577033996582 7.86576652526855 7.86978483200073 7.87383079528809 7.87805461883545 7.88154458999634 7.88299131393433 7.88501691818237 7.88793754577637 7.88950204849243 7.88982152938843 7.89172458648682
-9999 -9999 -9999 -9999 8.10639667510986 8.10756206512451 8.10695266723633 8.11079406738281 8.11504077911377 8.12128925323486 8.12644195556641 8.12740039825439 8.1111478805542 8.06083869934082 7.99210643768311 7.90211629867554 7.86150693893433 7.85480880737305 7.86195850372314 7.87445545196533 7.8809380531311 7.88635969161987 7.88817358016968 7.88964700698853 7.88893508911133 7.88866519927979 7.8898286819458 7.8908863067627 7.89175939559937 7.88879060745239 7.88186836242676 7.87871742248535 7.87786340713501 7.87757015228271 7.87746381759644 7.87788200378418 7.87839508056641 7.88197803497314 7.88545608520508 7.88826513290405 7.89051485061646 7.89120721817017 7.89274311065674 7.89558267593384 7.89710092544556 7.89740753173828 7.89848375320435
-9999 -9999 -9999 -9999 8.10807037353516 8.1085786819458 8.109206199646 8.11125946044922 8.11373043060303 8.12022399902344 8.12566566467285 8.12708187103271 8.09786605834961 8.00803852081299 7.93408250808716 7.87844085693359 7.85744094848633 7.86023139953613 7.86892747879028 7.87990427017212 7.88721179962158 7.89387226104736 7.89559268951416 7.89697265625 7.89641332626343 7.89582777023315 7.89515686035156 7.8948016166687 7.89499759674072 7.89340400695801 7.88996982574463 7.8883843421936 7.88792610168457 7.88889598846436 7.89034175872803 7.89098072052002 7.89151287078857 7.89271450042725 7.8939642906189 7.89552021026611 7.89673757553101 7.89701223373413 7.89715719223022 7.89710092544556 7.89733743667603 7.89784240722656 7.89808559417725
-9999 -9999 -9999 -9999 8.1085786819458 8.10933876037598 8.11023044586182 8.11148929595947 8.11321926116943 8.11969089508057 8.12516498565674 8.12681674957275 8.09947872161865 8.01477909088135 7.9399561882019 7.87652826309204 7.85735464096069 7.86857271194458 7.87806129455566 7.88688182830811 7.89251852035522 7.89759302139282 7.89921140670776 7.90055370330811 7.90022134780884 7.89960765838623 7.89808130264282 7.89713382720947 7.89719486236572 7.89676475524902 7.89582920074463 7.895423412323 7.89534091949463 7.89644050598145 7.89793395996094 7.8984899520874 7.89891195297241 7.89872694015503 7.89864730834961 7.89923477172852 7.89951229095459 7.89892721176147 7.89820289611816 7.89726400375366 7.8971734046936 7.89786100387573 7.89753532409668
-9999 -9999 -9999 -9999 8.10938262939453 8.11023044586182 8.11110687255859 8.11154174804688 8.11330509185791 8.1195592880249 8.12487316131592 8.12659168243408 8.11226272583008 8.06617736816406 7.9937539100647 7.89093828201294 7.86025285720825 7.87910270690918 7.88881826400757 7.89500665664673 7.89709949493408 7.89846897125244 7.89997959136963 7.90132617950439 7.90127658843994 7.90085029602051 7.89920377731323 7.89827823638916 7.89861154556274 7.89918565750122 7.90000677108765 7.90049123764038 7.90077018737793 7.9011492729187 7.90156126022339 7.90180683135986 7.90202188491821 7.90119695663452 7.90046119689941 7.90029335021973 7.89970064163208 7.89792394638062 7.8967227935791 7.89641046524048 7.89670896530151 7.89756679534912 7.89687013626099
-9999 -9999 -9999 -9999 8.11023044586182 8.11059379577637 8.11094284057617 8.11116600036621 8.11194133758545 8.11877155303955 8.12448310852051 8.1259126663208 8.11805820465088 8.09183311462402 8.02153301239014 7.90037965774536 7.86240577697754 7.88155508041382 7.89149618148804 7.89788103103638 7.89888858795166 7.89894676208496 7.8994345664978 7.8998236656189 7.89931344985962 7.89868068695068 7.89764928817749 7.89756536483765 7.89913654327393 7.90044069290161 7.90147018432617 7.90193367004395 7.9020528793335 7.9020471572876 7.90200042724609 7.90148496627808 7.90090465545654 7.90033006668091 7.89977264404297 7.89932441711426 7.89832305908203 7.89578342437744 7.8941330909729 7.89385604858398 7.8940544128418 7.89468955993652 7.8940224647522
-9999 -9999 -9999 -9999 -9999 8.11013507843018 8.11009311676025 8.11012077331543 8.10995483398438 8.11770343780518 8.12405204772949 8.12504005432129 8.12086009979248 8.10645484924316 8.03816223144531 7.90769147872925 7.86423921585083 7.88054609298706 7.89071130752563 7.89850521087646 7.89948129653931 7.899254322052 7.89832592010498 7.89734554290771 7.89605712890625 7.89504861831665 7.89494752883911 7.89605665206909 7.89927911758423 7.90119647979736 7.90177011489868 7.90182256698608 7.90155792236328 7.90131235122681 7.90107297897339 7.89960336685181 7.89797592163086 7.898033618927 7.89801168441772 7.89748573303223 7.89627504348755 7.89315605163574 7.89106750488281 7.89057207107544 7.89046144485474 7.89070463180542 7.89023876190186
-9999 -9999 -9999 -9999 -9999 8.109375 8.10936832427979 8.10899257659912 8.10952377319336 8.11628723144531 8.12220668792725 8.12489223480225 8.12238788604736 8.1096134185791 8.04133796691895 7.90902376174927 7.86457872390747 7.88047695159912 7.89056301116943 7.89840459823608 7.89971303939819 7.89986848831177 7.89802646636963 7.8959755897522 7.89255428314209 7.88914442062378 7.88577365875244 7.88577699661255 7.89166831970215 7.89489269256592 7.89537382125854 7.89537858963013 7.89509344100952 7.89422082901001 7.89315271377563 7.8925895690918 7.89210224151611 7.89238691329956 7.892737865448 7.8935112953186 7.89357995986938 7.89168691635132 7.89032411575317 7.8897819519043 7.88924121856689 7.88870191574097 7.88834142684937
-9999 -9999 -9999 -9999 -9999 8.108567237854 8.10866260528564 8.1089916229248 8.10941410064697 8.1147985458374 8.12006855010986 8.1248950958252 8.12365245819092 8.11039924621582 8.04172992706299 7.90911865234375 7.8646092414856 7.88060283660889 7.8905463218689 7.89815378189087 7.89986991882324 7.90054655075073 7.89789390563965 7.89483499526978 7.889000415802 7.88277053833008 7.8752613067627 7.87368249893188 7.88245248794556 7.88712882995605 7.88759183883667 7.88762378692627 7.88739347457886 7.88581418991089 7.88378524780273 7.88451433181763 7.88561916351318 7.88604736328125 7.88673782348633 7.88909482955933 7.89075136184692 7.89045763015747 7.890061378479 7.88950824737549 7.888512134552 7.88710975646973 7.88683462142944
-9999 -9999 -9999 -9999 -9999 -9999 8.1076717376709 8.10800457000732 8.10828971862793 8.11206340789795 8.11612129211426 8.12126922607422 8.12063026428223 8.10854339599609 8.04006576538086 7.90652227401733 7.86149740219116 7.87726163864136 7.88776397705078 7.89623498916626 7.89752578735352 7.89754962921143 7.89351511001587 7.88905191421509 7.88175630569458 7.8742151260376 7.86587762832642 7.86208915710449 7.86623907089233 7.86837434768677 7.86843633651733 7.86850833892822 7.86858701705933 7.86771869659424 7.86653518676758 7.86721897125244 7.86819076538086 7.87332725524902 7.8785252571106 7.88411951065063 7.88818073272705 7.88797616958618 7.88770627975464 7.88733673095703 7.88669919967651 7.88581657409668 7.88326358795166
-9999 -9999 -9999 -9999 -9999 -9999 8.10633850097656 8.10601902008057 8.10704708099365 8.10932445526123 8.11219120025635 8.11730575561523 8.11675548553467 8.10499382019043 8.03683090209961 7.90359020233154 7.858567237854 7.8741283416748 7.88515901565552 7.89444017410278 7.89505338668823 7.89413690567017 7.88870048522949 7.88283157348633 7.87417936325073 7.86555147171021 7.85700178146362 7.85143423080444 7.85107040405273 7.85073518753052 7.85042905807495 7.85037899017334 7.8504843711853 7.85027599334717 7.84996271133423 7.85052156448364 7.85126304626465 7.86068964004517 7.86995553970337 7.87820053100586 7.8842306137085 7.88409519195557 7.88396310806274 7.88383626937866 7.88357734680176 7.88319730758667 7.87864351272583
-9999 -9999 -9999 -9999 -9999 -9999 8.10380077362061 8.10499095916748 8.10500907897949 8.10714912414551 8.10929870605469 8.11148357391357 8.10582733154297 8.0846529006958 8.01783752441406 7.8983588218689 7.85907602310181 7.87486743927002 7.88576078414917 7.89476299285889 7.89240407943726 7.88804054260254 7.88126230239868 7.87416124343872 7.86481094360352 7.85677528381348 7.85300207138062 7.85054683685303 7.85039186477661 7.85024642944336 7.85011148452759 7.84819507598877 7.84519386291504 7.84442043304443 7.84438943862915 7.84460639953613 7.84490633010864 7.85198497772217 7.85862684249878 7.86248826980591 7.86544513702393 7.86588287353516 7.86640787124634 7.86706733703613 7.86700582504272 7.86628246307373 7.86382293701172
-9999 -9999 -9999 -9999 -9999 8.09793758392334 8.10064792633057 8.10039329528809 8.10291290283203 8.10466861724854 8.10582542419434 8.1046895980835 8.09243488311768 8.05817794799805 7.99323177337646 7.89287519454956 7.86125659942627 7.87684345245361 7.88721370697021 7.89556980133057 7.88979721069336 7.88153123855591 7.87274074554443 7.863938331604 7.85512924194336 7.84838151931763 7.84831762313843 7.84826517105103 7.84823131561279 7.8482084274292 7.84819650650024 7.84522342681885 7.84044647216797 7.83939504623413 7.83958625793457 7.83956146240234 7.83954095840454 7.8442211151123 7.84833145141602 7.84881448745728 7.84939956665039 7.85027027130127 7.85130071640015 7.85257768630981 7.85295057296753 7.85249376296997 7.85191774368286
-9999 -9999 -9999 -9999 8.09771060943604 8.09797954559326 8.09793758392334 8.09927082061768 8.10060214996338 8.10107040405273 8.10022068023682 8.09432983398438 8.07000637054443 8.00921249389648 7.94805097579956 7.88646602630615 7.86956596374512 7.88335371017456 7.89178705215454 7.89815330505371 7.88734531402588 7.87350606918335 7.86024904251099 7.84802484512329 7.84429788589478 7.84138774871826 7.84112310409546 7.84087038040161 7.84063816070557 7.84048891067505 7.84042596817017 7.83936309814453 7.83769178390503 7.83741569519043 7.83760499954224 7.83770561218262 7.83780860900879 7.8399076461792 7.84182834625244 7.84261322021484 7.84339952468872 7.84418964385986 7.84516954421997 7.84644317626953 7.84812068939209 7.85016918182373 7.8507022857666
