Ecospace-environmental-drivers/Outputs/ASCII-for-ecospace/MOM6-ISIMIP3a/ph-bot/2009-06_ph-bot_MOM6-ISIMIP3a.asc
NCOLS 131 
NROWS 53 
XLLCORNER -98 
YLLCORNER 23.9265270233154 
CELLSIZE 0.133587792515755 
NODATA_value -9999 
[rows 0 to 20 of 53, columns 47 to 93 of 131]
-9999 -9999 -9999 -9999 -9999 -9999 -9999 -9999 -9999 -9999 -9999 -9999 -9999 -9999 -9999 -9999 -9999 -9999 -9999 -9999 -9999 -9999 -9999 -9999 -9999 -9999 -9999 -9999 -9999 -9999 -9999 -9999 -9999 -9999 -9999 -9999 -9999 -9999 -9999 -9999 -9999 -9999 -9999 -9999 -9999 -9999 -9999
-9999 -9999 -9999 -9999 -9999 -9999 -9999 -9999 -9999 -9999 -9999 -9999 -9999 -9999 -9999 -9999 -9999 -9999 -9999 -9999 -9999 -9999 -9999 -9999 -9999 -9999 -9999 -9999 -9999 -9999 -9999 -9999 -9999 -9999 -9999 -9999 -9999 -9999 -9999 -9999 -9999 -9999 -9999 -9999 -9999 -9999 -9999
-9999 -9999 -9999 -9999 -9999 -9999 -9999 -9999 -9999 -9999 -9999 -9999 -9999 -9999 -9999 -9999 -9999 -9999 -9999 -9999 -9999 -9999 -9999 -9999 -9999 -9999 -9999 8.09252452850342 8.09103488922119 -9999 -9999 -9999 -9999 -9999 -9999 -9999 -9999 -9999 -9999 -9999 -9999 -9999 -9999 -9999 -9999 -9999 -9999
-9999 -9999 -9999 -9999 -9999 -9999 -9999 -9999 -9999 -9999 -9999 -9999 -9999 -9999 -9999 -9999 -9999 -9999 -9999 -9999 -9999 -9999 -9999 -9999 -9999 -9999 -9999 8.09299182891846 8.09112644195557 -9999 -9999 -9999 -9999 -9999 -9999 -9999 -9999 -9999 -9999 -9999 -9999 -9999 -9999 -9999 -9999 -9999 -9999
-9999 -9999 -9999 -9999 -9999 -9999 -9999 -9999 -9999 -9999 -9999 -9999 -9999 -9999 -9999 -9999 -9999 -9999 8.04472637176514 8.04708480834961 8.04897117614746 8.05997562408447 8.06900024414062 8.08287048339844 8.09028148651123 8.09284591674805 8.09400463104248 8.09351921081543 8.09145069122314 8.08841037750244 -9999 -9999 8.09648513793945 8.10893726348877 8.11660957336426 8.11532402038574 8.10692119598389 8.10054016113281 8.09692001342773 8.096360206604 8.0998477935791 8.10311317443848 -9999 -9999 -9999 -9999 -9999
-9999 -9999 -9999 -9999 -9999 -9999 -9999 -9999 -9999 -9999 -9999 -9999 -9999 -9999 7.83646392822266 -9999 7.83000326156616 7.82501125335693 7.93671321868896 8.04472637176514 8.04755592346191 8.04897117614746 8.07098007202148 8.08704948425293 8.0905818939209 8.09321308135986 8.0947437286377 8.09405708312988 8.09175682067871 8.08853721618652 8.08493709564209 8.08782386779785 8.09198474884033 8.10964775085449 8.12517833709717 8.11500263214111 8.10579109191895 8.0999698638916 8.09586048126221 8.09493064880371 8.09828948974609 8.10632228851318 8.10472679138184 8.09690093994141 -9999 -9999 -9999
-9999 -9999 -9999 -9999 -9999 -9999 -9999 -9999 -9999 -9999 8.00846099853516 8.00760841369629 8.00668621063232 8.00341320037842 7.91838693618774 7.83765602111816 7.83527183532715 7.82972621917725 7.82501125335693 7.94040203094482 8.04472637176514 8.04897117614746 8.07098007202148 8.08704948425293 8.0905818939209 8.09321308135986 8.0947437286377 8.09405708312988 8.09175682067871 8.08853721618652 8.08493709564209 8.08782386779785 8.09198474884033 8.10964775085449 8.12517833709717 8.11500263214111 8.10579109191895 8.0999698638916 8.09586048126221 8.09493064880371 8.09828948974609 8.10632228851318 8.10472679138184 8.09690093994141 8.09483242034912 8.09814548492432 -9999
-9999 -9999 -9999 -9999 -9999 -9999 -9999 -9999 -9999 -9999 8.01303005218506 8.00846099853516 8.00675678253174 -9999 7.99864292144775 7.91552305221558 7.84003973007202 7.83527183532715 7.8288950920105 7.82501125335693 7.9514684677124 8.05898094177246 8.08720684051514 8.1016206741333 8.08687686920166 8.08108425140381 8.08623313903809 8.08850002288818 8.08866691589355 8.08948993682861 8.09058380126953 8.0889835357666 8.08685398101807 8.10463047027588 8.12118053436279 8.1185417175293 8.11563205718994 8.11176872253418 8.1088752746582 8.10778427124023 8.10856914520264 8.11139678955078 8.10826683044434 8.10128211975098 8.09965419769287 8.09994888305664 8.09648036956787
-9999 -9999 -9999 -9999 -9999 -9999 -9999 -9999 -9999 -9999 -9999 -9999 -9999 -9999 8.00100994110107 7.98986625671387 7.91142797470093 7.84480762481689 7.83527183532715 7.82640171051025 7.95753335952759 8.07010078430176 8.1049747467041 8.11764907836914 8.08345508575439 8.06849765777588 8.07705020904541 8.08234596252441 8.0852689743042 8.09057521820068 8.09686946868896 8.09066486358643 8.08200359344482 8.09964942932129 8.11702823638916 8.12229061126709 8.12603282928467 8.12443256378174 8.12295913696289 8.12172031402588 8.11973857879639 8.11694717407227 8.11217308044434 8.10611438751221 8.10281562805176 8.10050678253174 8.09546756744385
8.06960105895996 -9999 -9999 -9999 -9999 -9999 -9999 -9999 -9999 -9999 8.0416784286499 8.01771354675293 -9999 -9999 -9999 7.99292421340942 7.97503042221069 7.90910482406616 7.8543438911438 7.86362838745117 7.98050212860107 8.08114242553711 8.11384105682373 8.12816524505615 8.1036958694458 8.08617496490479 8.07714748382568 8.07690811157227 8.08307075500488 8.09259510040283 8.1035099029541 8.10567188262939 8.10611248016357 8.11484050750732 8.12275791168213 8.11976623535156 8.11825752258301 8.12196350097656 8.12424373626709 8.12387561798096 8.12233543395996 8.11951541900635 8.11511898040771 8.10970211029053 8.1079158782959 8.10743427276611 8.09932899475098
8.06807231903076 8.06784629821777 -9999 -9999 -9999 -9999 -9999 -9999 -9999 -9999 8.05469703674316 8.04634571075439 8.01771354675293 -9999 -9999 7.99482679367065 7.97548484802246 7.95477914810181 7.92564535140991 7.90437984466553 8.00605583190918 8.09374046325684 8.12286472320557 8.13718128204346 8.12023735046387 8.1012716293335 8.07983589172363 8.07554149627686 8.08373165130615 8.09587383270264 8.10965347290039 8.11835289001465 8.12605476379395 8.12619972229004 8.12446308135986 8.10708713531494 8.09676170349121 8.11122608184814 8.12165927886963 8.12460327148438 8.12503528594971 8.12273025512695 8.11870861053467 8.11357593536377 8.1129264831543 8.11388874053955 8.10311317443848
8.06807231903076 8.06739521026611 8.06764888763428 8.06568336486816 -9999 -9999 -9999 -9999 -9999 -9999 -9999 8.06371784210205 8.04858589172363 8.01771354675293 8.00846099853516 7.99482679367065 7.97548484802246 7.95477914810181 7.9561243057251 7.96403646469116 8.04547595977783 8.11468887329102 8.13272953033447 8.13815212249756 8.11693477630615 8.10252380371094 8.09642887115479 8.09600830078125 8.09972095489502 8.10590934753418 8.11312484741211 8.11856079101562 8.12364673614502 8.1170072555542 8.10458755493164 8.03994178771973 8.00167274475098 8.05614566802979 8.09832191467285 8.11766242980957 8.12828636169434 8.12941265106201 8.12574863433838 8.11898612976074 8.11745929718018 8.11781215667725 8.10648536682129
8.06889915466309 8.06844806671143 8.06892585754395 8.06582641601562 -9999 -9999 -9999 -9999 8.04235458374023 8.04176139831543 8.05090808868408 8.07342624664307 8.06682014465332 8.03638362884521 8.01695251464844 8.00273418426514 7.98531103134155 7.96712207794189 7.98860025405884 8.01529121398926 8.07819652557373 8.13011264801025 8.13604164123535 8.13306045532227 8.11127185821533 8.0949068069458 8.08517074584961 8.07861328125 8.07437229156494 8.07645988464355 8.08116722106934 8.08510780334473 8.08889865875244 8.0751838684082 8.05439853668213 7.97086906433105 7.92228555679321 7.99657440185547 8.05456924438477 8.08230495452881 8.09996700286865 8.10665416717529 8.11367130279541 8.12090110778809 8.12281227111816 8.12281322479248 8.11216354370117
8.07179260253906 8.06984043121338 8.06904411315918 8.06582641601562 8.06229877471924 8.05708122253418 8.0518274307251 8.04638004302979 8.04235458374023 8.04176139831543 8.05090808868408 8.07342624664307 8.07596111297607 8.0621452331543 8.04666996002197 8.03040981292725 8.01970291137695 8.0103235244751 8.02606773376465 8.04554080963135 8.09416484832764 8.13172340393066 8.12296962738037 8.11281585693359 8.09970760345459 8.06512069702148 8.00428199768066 7.96656131744385 7.94567966461182 7.94829273223877 7.96063566207886 7.96750593185425 7.97329998016357 7.95178127288818 7.9284234046936 7.89697742462158 7.88215351104736 7.92577600479126 7.9597749710083 7.97590208053589 7.99272108078003 8.01029491424561 8.05379676818848 8.11407470703125 8.13021850585938 8.13050842285156 8.12360858917236
8.05900573730469 8.06313705444336 8.07047176361084 8.06686210632324 8.06213665008545 8.0575065612793 8.05332088470459 8.05138874053955 8.05027675628662 8.05114269256592 8.06070899963379 8.08221912384033 8.08933067321777 8.08465957641602 8.07273578643799 8.05737590789795 8.0501012802124 8.04475879669189 8.0566930770874 8.07107830047607 8.10386562347412 8.12340831756592 8.08752059936523 8.05857753753662 8.0442943572998 8.00536441802979 7.93630933761597 7.89526033401489 7.87460994720459 7.87786245346069 7.89101314544678 7.89778709411621 7.90330743789673 7.87868118286133 7.85521602630615 7.85400438308716 7.8585524559021 7.88335180282593 7.90249061584473 7.91111707687378 7.9252347946167 7.94533586502075 8.00728416442871 8.09631061553955 8.12582397460938 8.13395977020264 8.13115119934082
8.02404975891113 8.04498767852783 8.07375144958496 8.06936359405518 8.06174564361572 8.05853366851807 8.05692672729492 8.06348037719727 8.0693998336792 8.07378768920898 8.08436584472656 8.10344314575195 8.10867595672607 8.10258293151855 8.09363746643066 8.08333969116211 8.07485485076904 8.06680297851562 8.07764530181885 8.08995342254639 8.10470485687256 8.10106182098389 8.02043437957764 7.95627689361572 7.92688703536987 7.90323543548584 7.88659620285034 7.88157224655151 7.88500881195068 7.88906002044678 7.89336585998535 7.8957667350769 7.89779329299927 7.87669801712036 7.85661220550537 7.85474538803101 7.858323097229 7.88104295730591 7.89823818206787 7.90517330169678 7.91396236419678 7.92477130889893 7.97966337203979 8.06307983398438 8.10474300384521 8.13140964508057 8.13317680358887
8.0237865447998 8.04351425170898 8.07070922851562 8.07079982757568 8.06816673278809 8.06688690185547 8.06640815734863 8.0700044631958 8.07488250732422 8.08285713195801 8.09408664703369 8.10978603363037 8.11444759368896 8.11007785797119 8.10509014129639 8.09980964660645 8.09411430358887 8.08831882476807 8.09507274627686 8.10031223297119 8.07095146179199 8.03242015838623 7.95550727844238 7.89639472961426 7.8748607635498 7.86588096618652 7.8722448348999 7.88035774230957 7.88974475860596 7.89185905456543 7.89096212387085 7.89214706420898 7.89374113082886 7.87500286102295 7.85701274871826 7.85368824005127 7.85532760620117 7.87442064285278 7.88992500305176 7.89876556396484 7.90668249130249 7.91359281539917 7.9544529914856 8.01728057861328 8.06917667388916 8.11714553833008 8.12848091125488
8.05273723602295 8.05608367919922 8.06234073638916 8.07133960723877 8.08032608032227 8.08141040802002 8.08083820343018 8.0718412399292 8.06888008117676 8.08049392700195 8.09207057952881 8.10359668731689 8.10878658294678 8.10879039764404 8.10858631134033 8.10828399658203 8.10874557495117 8.10939121246338 8.10953330993652 8.1034984588623 8.00806617736816 7.92479085922241 7.89239692687988 7.87223434448242 7.87789344787598 7.88307476043701 7.88767242431641 7.88964700698853 7.88971138000488 7.88758563995361 7.88455295562744 7.8871808052063 7.89092111587524 7.8735499382019 7.85657596588135 7.85111713409424 7.85000324249268 7.86416578292847 7.87819290161133 7.8919677734375 7.90276527404785 7.91031837463379 7.93127202987671 7.96089744567871 8.02140998840332 8.09301853179932 8.11812400817871
8.07798767089844 8.07577896118164 8.07433986663818 8.08071231842041 8.08765983581543 8.08857345581055 8.0880069732666 8.07991218566895 8.07690238952637 8.0861701965332 8.09542274475098 8.10465240478516 8.11005592346191 8.11232852935791 8.086350440979 8.04699230194092 8.03696441650391 8.03394508361816 8.03278064727783 8.02651500701904 7.94413900375366 7.87638473510742 7.86982250213623 7.86953258514404 7.88248348236084 7.89042949676514 7.892258644104 7.89138412475586 7.88854074478149 7.88398027420044 7.87870836257935 7.88447999954224 7.89242172241211 7.87678003311157 7.86109447479248 7.8535099029541 7.84941530227661 7.85759115219116 7.86744594573975 7.88041925430298 7.89249134063721 7.9035816192627 7.91844129562378 7.93573999404907 7.98007392883301 8.03412055969238 8.07711315155029
8.10142707824707 8.09896278381348 8.09630584716797 8.09440612792969 8.09263229370117 8.09213542938232 8.09162330627441 8.09103393554688 8.09178638458252 8.09578132629395 8.10140228271484 8.1092529296875 8.11471748352051 8.1182279586792 8.05152320861816 7.9515585899353 7.92289400100708 7.91126489639282 7.91139125823975 7.91029787063599 7.87970209121704 7.85696029663086 7.86708545684814 7.87733221054077 7.88783645629883 7.89297008514404 7.89153957366943 7.88942527770996 7.88681316375732 7.88070154190063 7.87314033508301 7.88288736343384 7.89603710174561 7.88230228424072 7.86803865432739 7.85833215713501 7.85114526748657 7.85281658172607 7.85718107223511 7.86654615402222 7.87910747528076 7.89515113830566 7.91067504882812 7.92586278915405 7.94188499450684 7.95820665359497 8.02110004425049
8.11214733123779 8.11057949066162 8.10873222351074 8.10652732849121 8.10435676574707 8.10412502288818 8.10407638549805 8.10495948791504 8.10619449615479 8.10828018188477 8.11149024963379 8.11624336242676 8.11823558807373 8.11796855926514 8.04405879974365 7.93526601791382 7.89595746994019 7.87325096130371 7.87421131134033 7.87600660324097 7.86628198623657 7.86108303070068 7.87482452392578 7.88556575775146 7.88997507095337 7.89118003845215 7.88846778869629 7.88653373718262 7.88516664505005 7.87923383712769 7.87141084671021 7.87681722640991 7.88482475280762 7.88031721115112 7.87566375732422 7.87411260604858 7.87100648880005 7.86243200302124 7.85750150680542 7.85933828353882 7.86532020568848 7.87581920623779 7.8869800567627 7.89856958389282 7.91166639328003 7.9253044128418 7.97380876541138
