Ecospace-environmental-drivers/Outputs/ASCII-for-ecospace/MOM6-ISIMIP3a/ph-bot/2010-12_ph-bot_MOM6-ISIMIP3a.asc
NCOLS 131 
NROWS 53 
XLLCORNER -98 
YLLCORNER 23.9265270233154 
CELLSIZE 0.133587792515755 
NODATA_value -9999 
[rows 21 to 41 of 53, columns 0 to 46 of 131]
-9999 -9999 -9999 -9999 -9999 -9999 8.2164945602417 8.21666145324707 8.21685123443604 8.21774291992188 8.21976280212402 8.22981262207031 8.22585582733154 8.21407032012939 8.2047758102417 8.19835662841797 8.19149971008301 8.1843433380127 8.17526912689209 8.16545391082764 8.1592435836792 8.15366840362549 8.15207290649414 8.15086269378662 8.15213108062744 8.1529712677002 8.15242385864258 8.1515007019043 8.14992141723633 8.14831256866455 8.14667415618896 8.14586162567139 8.14555263519287 8.14517021179199 8.1447639465332 8.14505481719971 8.14544773101807 8.14652729034424 8.14748191833496 8.14763736724854 8.14769077301025 8.14745903015137 8.14651966094971 8.14448928833008 8.14338779449463 8.14313983917236 8.14171123504639
-9999 -9999 -9999 -9999 -9999 -9999 8.21636486053467 8.2164945602417 8.21682739257812 8.21633911132812 8.21774291992188 8.21173286437988 8.20359039306641 8.19122982025146 8.1818323135376 8.17585277557373 8.17010974884033 8.16452980041504 8.15799808502197 8.15109920501709 8.14671230316162 8.1427698135376 8.13972949981689 8.13707542419434 8.13747310638428 8.13749122619629 8.13627815246582 8.13502788543701 8.13371086120605 8.13251876831055 8.13145446777344 8.13109683990479 8.13117218017578 8.131103515625 8.1309871673584 8.12485599517822 8.11794757843018 8.11868190765381 8.1192798614502 8.11900615692139 8.11870193481445 8.11831569671631 8.11766529083252 8.11660575866699 8.11629772186279 8.11667919158936 8.11573219299316
-9999 -9999 -9999 -9999 8.21088027954102 8.21431350708008 8.2164421081543 8.21615886688232 8.2164945602417 8.21716022491455 8.21395874023438 8.19595813751221 8.17988014221191 8.16760444641113 8.15849113464355 8.15302753448486 8.14855480194092 8.14476203918457 8.14099025726318 8.13722610473633 8.13383388519287 8.13050746917725 8.12503433227539 8.12005138397217 8.11955165863037 8.11874198913574 8.11693286895752 8.11559391021729 8.11507415771484 8.11477661132812 8.11470794677734 8.11497497558594 8.11544704437256 8.11573505401611 8.1159610748291 8.10372924804688 8.08987522125244 8.08976745605469 8.08948135375977 8.08806228637695 8.08665752410889 8.08529090881348 8.0844612121582 8.08445835113525 8.08497333526611 8.08596324920654 8.08556175231934
-9999 -9999 -9999 -9999 8.20325374603271 8.20951271057129 8.21218490600586 8.2164421081543 8.21553897857666 8.20404243469238 8.19114780426025 8.17290210723877 8.15713882446289 8.14628791809082 8.13867664337158 8.13480472564697 8.13209915161133 8.13019466400146 8.12803936004639 8.12578868865967 8.10719108581543 8.08570957183838 8.06310367584229 8.04290390014648 8.04295253753662 8.04305934906006 8.04335784912109 8.04697513580322 8.05638408660889 8.06493663787842 8.07260894775391 8.07560062408447 8.07573986053467 8.07601737976074 8.07634162902832 8.07138538360596 8.06568622589111 8.05807018280029 8.04978466033936 8.03724479675293 8.02405834197998 8.00907230377197 8.00007629394531 8.00033760070801 8.0007152557373 8.00119876861572 8.00135707855225
-9999 -9999 -9999 -9999 -9999 8.20325374603271 8.20616912841797 8.20792865753174 8.21079063415527 8.18951034545898 8.16891002655029 8.15091323852539 8.13528633117676 8.12434673309326 8.11517429351807 8.10803985595703 8.10153770446777 8.09546852111816 8.09291934967041 8.09173011779785 8.0639123916626 8.03139495849609 7.99842309951782 7.96902179718018 7.96945667266846 7.97023105621338 7.97210645675659 7.97905158996582 7.99484443664551 8.00876045227051 8.02074527740479 8.02485656738281 8.02417087554932 8.02425956726074 8.0246057510376 8.025465965271 8.02630424499512 8.01425838470459 8.001296043396 7.98249197006226 7.96251773834229 7.939284324646 7.92532205581665 7.92568731307983 7.92589044570923 7.92594432830811 7.92685985565186
-9999 -9999 -9999 -9999 -9999 8.19984722137451 8.20325374603271 8.19705200195312 8.18941593170166 8.16877555847168 8.14918422698975 8.13360691070557 8.11733055114746 8.09966945648193 8.07550144195557 8.04382610321045 8.00912761688232 7.9723539352417 7.96059226989746 7.95848846435547 7.94768905639648 7.9353551864624 7.92167997360229 7.9094557762146 7.9095664024353 7.90991687774658 7.91104316711426 7.91417741775513 7.920814037323 7.92480134963989 7.9260630607605 7.92426109313965 7.92059230804443 7.91970634460449 7.9197473526001 7.92001867294312 7.92029857635498 7.91733121871948 7.91425466537476 7.91048240661621 7.90561389923096 7.89769506454468 7.89279460906982 7.89255905151367 7.89242649078369 7.89238882064819 7.89492654800415
-9999 -9999 8.19308853149414 8.19371891021729 8.19417953491211 8.19643688201904 8.19985103607178 8.18600749969482 8.17086219787598 8.15111446380615 8.13296222686768 8.12091827392578 8.10372829437256 8.07635402679443 8.03656768798828 7.98245859146118 7.93088626861572 7.88105535507202 7.86764097213745 7.86828851699829 7.86975145339966 7.87135791778564 7.87107038497925 7.8707799911499 7.8708119392395 7.87098264694214 7.8716025352478 7.87199687957764 7.87199592590332 7.86908674240112 7.86318492889404 7.85795068740845 7.85312366485596 7.85178756713867 7.85161447525024 7.8516058921814 7.85164642333984 7.85538911819458 7.85941648483276 7.86525917053223 7.87013387680054 7.87231254577637 7.87370729446411 7.8738899230957 7.87394094467163 7.87387180328369 7.87701940536499
-9999.000000000000000 -9999 -9999 -9999 8.1905403137207 8.19192314147949 8.18984317779541 8.17459297180176 8.1584644317627 8.14015960693359 8.12438678741455 8.11830615997314 8.09962368011475 8.05601024627686 7.99924421310425 7.92730236053467 7.8835563659668 7.8591742515564 7.86060333251953 7.87199974060059 7.87534618377686 7.877272605896 7.87748003005981 7.87768363952637 7.87817144393921 7.87869548797607 7.87933826446533 7.87933111190796 7.87818956375122 7.87499856948853 7.8696985244751 7.86644697189331 7.86444282531738 7.86380100250244 7.86361265182495 7.86399602890015 7.86449337005615 7.86977958679199 7.87484216690063 7.87848091125488 7.88139533996582 7.88229131698608 7.88394498825073 7.88676834106445 7.88813591003418 7.88816738128662 7.88971567153931
-9999 -9999 -9999 -9999 8.18599510192871 8.18325996398926 8.18353462219238 8.16747951507568 8.15053939819336 8.13331508636475 8.11843490600586 8.11252880096436 8.08858108520508 8.0289306640625 7.96272087097168 7.88894081115723 7.85545778274536 7.84964799880981 7.85962104797363 7.87568807601929 7.88079786300659 7.88397407531738 7.8848090171814 7.88557147979736 7.88615083694458 7.88662528991699 7.88675689697266 7.8861665725708 7.88431596755981 7.88130712509155 7.8771071434021 7.87532711029053 7.87502098083496 7.87518072128296 7.87549495697021 7.87613534927368 7.87684965133667 7.88159275054932 7.88601207733154 7.88836669921875 7.89015817642212 7.89038324356079 7.89173746109009 7.89483737945557 7.89635133743286 7.89641046524048 7.89672517776489
-9999 -9999 -9999 -9999 8.18303108215332 8.18280220031738 8.18251991271973 8.16577434539795 8.14824295043945 8.13164043426514 8.11578273773193 8.10277271270752 8.06880760192871 7.99337768554688 7.92720317840576 7.87170839309692 7.85155248641968 7.85566568374634 7.86625576019287 7.87934684753418 7.88606786727905 7.89166498184204 7.8932957649231 7.89469718933105 7.89491128921509 7.89482736587524 7.89377689361572 7.89237451553345 7.89035701751709 7.88811540603638 7.88564205169678 7.88469076156616 7.88466691970825 7.88576316833496 7.88723230361938 7.88795852661133 7.88858842849731 7.89016389846802 7.89182758331299 7.89405488967896 7.89577865600586 7.89610052108765 7.89645338058472 7.89685535430908 7.89704465866089 7.89703893661499 7.89657926559448
-9999 -9999 -9999 -9999 8.18280220031738 8.18245983123779 8.18205833435059 8.16636943817139 8.14989280700684 8.13384532928467 8.11830997467041 8.10473442077637 8.07127285003662 7.99846172332764 7.93100261688232 7.86971855163574 7.85200309753418 7.86420774459839 7.87507963180542 7.88543653488159 7.89106702804565 7.89586353302002 7.89762020111084 7.89914178848267 7.89926147460938 7.89899063110352 7.89745569229126 7.89586305618286 7.89416980743408 7.89284992218018 7.8919153213501 7.89174365997314 7.8920373916626 7.89305543899536 7.89431428909302 7.89500570297241 7.89561462402344 7.89570760726929 7.89597177505493 7.89732837677002 7.89822912216187 7.89786195755005 7.89744234085083 7.89694118499756 7.89681148529053 7.89702272415161 7.89620685577393
-9999 -9999 -9999 -9999 8.18243980407715 8.18205833435059 8.17011070251465 8.1686897277832 8.15450286865234 8.13895893096924 8.12472152709961 8.11548519134521 8.09041786193848 8.03402423858643 7.96428966522217 7.87916088104248 7.85572004318237 7.87464284896851 7.8855447769165 7.89334917068481 7.8958625793457 7.89744281768799 7.89882278442383 7.90007495880127 7.90030336380005 7.90012502670288 7.89862823486328 7.89731168746948 7.89631032943726 7.89602994918823 7.89649248123169 7.89706373214722 7.89770126342773 7.8978796005249 7.89790439605713 7.89847087860107 7.8991060256958 7.89898061752319 7.8988618850708 7.89879035949707 7.89830255508423 7.89665699005127 7.89563512802124 7.89557838439941 7.89588403701782 7.89652252197266 7.89566469192505
-9999 -9999 -9999 -9999 8.18205833435059 8.17164611816406 8.16640567779541 8.16332530975342 8.16120529174805 8.14548969268799 8.13117218017578 8.1222038269043 8.10073280334473 8.05452251434326 7.98433399200439 7.88647794723511 7.85827016830444 7.87789249420166 7.88886547088623 7.89649868011475 7.89805603027344 7.89854097366333 7.89895629882812 7.89928007125854 7.89885759353638 7.89831447601318 7.89737939834595 7.89709377288818 7.89794158935547 7.89865922927856 7.89924335479736 7.89961194992065 7.89984893798828 7.89961242675781 7.89921808242798 7.89897298812866 7.89875030517578 7.89879274368286 7.89874315261841 7.89810752868652 7.89699506759644 7.89455604553223 7.89301013946533 7.89284420013428 7.89299917221069 7.89344835281372 7.89275741577148
-9999 -9999 -9999 -9999 -9999 8.16874027252197 8.16800880432129 8.16720199584961 8.16880416870117 8.15262889862061 8.13763999938965 8.12719440460205 8.10726356506348 8.06856441497803 7.99870300292969 7.89288425445557 7.86032009124756 7.87806224822998 7.88912439346313 7.89760732650757 7.89913415908813 7.89943313598633 7.89863157272339 7.89774417877197 7.89634609222412 7.89524221420288 7.89509344100952 7.8961615562439 7.89935445785522 7.90105199813843 7.90121173858643 7.90097236633301 7.90048933029175 7.90002059936523 7.89955615997314 7.89820528030396 7.89674472808838 7.89712190628052 7.89733505249023 7.89650535583496 7.89509582519531 7.89207172393799 7.89003467559814 7.88952350616455 7.88927602767944 7.8892707824707 7.88883590698242
-9999 -9999 -9999 -9999 -9999 8.17108249664307 8.1718053817749 8.17349815368652 8.17208194732666 8.15566635131836 8.14022254943848 8.12850189208984 8.10824203491211 8.07108688354492 8.00149822235107 7.89448690414429 7.86108446121216 7.8782320022583 7.88890647888184 7.89708185195923 7.89907550811768 7.89997816085815 7.89817047119141 7.89609003067017 7.89222812652588 7.88853311538696 7.88537979125977 7.88549613952637 7.89131927490234 7.89445018768311 7.89481163024902 7.89473295211792 7.89438581466675 7.89344549179077 7.89230680465698 7.89191579818726 7.89163255691528 7.8919563293457 7.89229869842529 7.89275741577148 7.89262294769287 7.89083576202393 7.88953542709351 7.88898897171021 7.88841390609741 7.88781356811523 7.88752031326294
-9999 -9999 -9999 -9999 -9999 8.17181873321533 8.17343425750732 8.17471599578857 8.17446613311768 8.15785503387451 8.14200115203857 8.12904739379883 8.10807228088379 8.0712251663208 8.00189781188965 7.89509534835815 7.86158275604248 7.87840127944946 7.88858985900879 7.89621782302856 7.89878129959106 7.90045070648193 7.89768123626709 7.89441156387329 7.88777828216553 7.88107204437256 7.87412977218628 7.87281703948975 7.88132905960083 7.88598728179932 7.88668012619019 7.88692092895508 7.88688707351685 7.88542509078979 7.88348770141602 7.8844838142395 7.88587713241577 7.88606834411621 7.88651180267334 7.88856554031372 7.89003086090088 7.88985776901245 7.88954925537109 7.88903093338013 7.88814401626587 7.88691854476929 7.88674354553223
-9999 -9999 -9999 -9999 -9999 -9999 8.17021656036377 8.17208957672119 8.17068195343018 8.15329360961914 8.13738536834717 8.12714290618896 8.10813903808594 8.07179737091064 8.00185871124268 7.89315271377563 7.85838985443115 7.87440824508667 7.88498067855835 7.89345026016235 7.89598608016968 7.89747476577759 7.89286470413208 7.88782596588135 7.88032722473145 7.87277603149414 7.86505603790283 7.86161279678345 7.86563158035278 7.86774635314941 7.86790180206299 7.8680591583252 7.86821746826172 7.86738395690918 7.86621952056885 7.86694812774658 7.86796712875366 7.87301063537598 7.87812852859497 7.88371992111206 7.8878321647644 7.88782739639282 7.88769054412842 7.8873496055603 7.88677501678467 7.88598585128784 7.88350009918213
-9999 -9999 -9999 -9999 -9999 -9999 8.16506671905518 8.16384506225586 8.16620540618896 8.14820098876953 8.13241386413574 8.1251106262207 8.1079568862915 8.07131004333496 8.00072765350342 7.89098644256592 7.85533857345581 7.8705735206604 7.88154315948486 7.89086580276489 7.89308977127075 7.89406061172485 7.88765287399292 7.88090229034424 7.87264347076416 7.86446094512939 7.85652637481689 7.85134601593018 7.85097312927246 7.85060739517212 7.85024833679199 7.85015869140625 7.85023307800293 7.84997701644897 7.84961032867432 7.85000562667847 7.85056972503662 7.86004018783569 7.86938190460205 7.87790250778198 7.88420534133911 7.88433456420898 7.88437128067017 7.88426542282104 7.88401985168457 7.8836464881897 7.87912321090698
-9999 -9999 -9999 -9999 -9999 -9999 8.16112232208252 8.15926551818848 8.15729331970215 8.14067077636719 8.12670230865479 8.12289237976074 8.10501575469971 8.05930519104004 7.98815774917603 7.88765954971313 7.85555553436279 7.87041997909546 7.88151121139526 7.8911452293396 7.89030885696411 7.88762474060059 7.88029050827026 7.87270879745483 7.86391115188599 7.85634136199951 7.85275268554688 7.85038042068481 7.85013103485107 7.84989738464355 7.84967994689941 7.84779405593872 7.84489250183105 7.84412336349487 7.84406566619873 7.84421825408936 7.84444856643677 7.85142517089844 7.85800266265869 7.86203718185425 7.86516141891479 7.86575078964233 7.86636972427368 7.86703538894653 7.86699962615967 7.86632013320923 7.86384201049805
-9999 -9999 -9999 -9999 -9999 8.17142677307129 8.16156196594238 8.16025543212891 8.14825344085693 8.13341999053955 8.12127780914307 8.11944103240967 8.09942150115967 8.04342269897461 7.97258901596069 7.8846378326416 7.8575177192688 7.87217283248901 7.88295745849609 7.89224720001221 7.88775491714478 7.88083076477051 7.87186765670776 7.86294507980347 7.85473537445068 7.84841346740723 7.84821319580078 7.84802150726318 7.84784460067749 7.84770250320435 7.84759616851807 7.84469985961914 7.8401050567627 7.8390965461731 7.83928394317627 7.83928251266479 7.83928728103638 7.84377431869507 7.84772872924805 7.84829092025757 7.84895038604736 7.84987878799438 7.85094404220581 7.85222053527832 7.85260963439941 7.85218381881714 7.85155057907104
-9999 -9999 -9999 -9999 8.18964862823486 8.17679023742676 8.17142677307129 8.15529918670654 8.13875007629395 8.12719535827637 8.11690807342529 8.11147022247314 8.08409690856934 8.01332092285156 7.94602203369141 7.88273477554321 7.86588144302368 7.88091659545898 7.88982343673706 7.89636421203613 7.88603353500366 7.87272596359253 7.85955381393433 7.84742164611816 7.84393358230591 7.84119081497192 7.84086561203003 7.84055280685425 7.8402624130249 7.84006214141846 7.83995485305786 7.83892965316772 7.83734560012817 7.83710050582886 7.83730173110962 7.83746957778931 7.83764600753784 7.83965921401978 7.84150838851929 7.84231328964233 7.84312391281128 7.8439507484436 7.84496355056763 7.84626245498657 7.84786510467529 7.84974575042725 7.85022449493408
