Ecospace-environmental-drivers/Outputs/ASCII-for-ecospace/MOM6-ISIMIP3a/ph-bot/2010-05_ph-bot_MOM6-ISIMIP3a.asc
NCOLS 131 
NROWS 53 
XLLCORNER -98 
YLLCORNER 23.9265270233154 
CELLSIZE 0.133587792515755 
NODATA_value -9999 
[rows 21 to 41 of 53, columns 47 to 93 of 131]
8.13790702819824 8.1380443572998 8.13795280456543 8.13867473602295 8.13948440551758 8.14043045043945 8.1412296295166 8.14128017425537 8.14103317260742 8.14006805419922 8.13974285125732 8.14029407501221 8.13807487487793 8.13358974456787 8.06052494049072 7.95497560501099 7.89966630935669 7.856360912323 7.85785055160522 7.86240482330322 7.86677169799805 7.87296056747437 7.88677453994751 7.89499044418335 7.8913893699646 7.88817310333252 7.88542699813843 7.88390350341797 7.88327121734619 7.87763977050781 7.86993789672852 7.86901903152466 7.86943292617798 7.87586307525635 7.88254499435425 7.88951587677002 7.89108180999756 7.8736457824707 7.86042499542236 7.85503244400024 7.85397148132324 7.85762977600098 7.86355781555176 7.87095355987549 7.88747262954712 7.90726900100708 7.97576761245728
8.13690185546875 8.1366024017334 8.13610553741455 8.13610744476318 8.13618564605713 8.13696765899658 8.13614845275879 8.1271800994873 8.12060356140137 8.11979961395264 8.10128402709961 8.05845260620117 8.03162384033203 8.01788806915283 7.96966505050659 7.90510559082031 7.87598419189453 7.85533046722412 7.86326456069946 7.87276077270508 7.87640905380249 7.88115930557251 7.89052391052246 7.89489459991455 7.88872194290161 7.88470649719238 7.88332653045654 7.8808479309082 7.8775691986084 7.87329339981079 7.86860418319702 7.8679986000061 7.86819553375244 7.8678994178772 7.86800622940063 7.87222909927368 7.87422704696655 7.86840105056763 7.86650848388672 7.87192010879517 7.87243986129761 7.86762952804565 7.86550426483154 7.86511611938477 7.87066841125488 7.87835454940796 7.92245769500732
8.12959289550781 8.12825870513916 8.12661075592041 8.12603950500488 8.12559795379639 8.12567043304443 8.12283039093018 8.10518169403076 8.0924768447876 8.09170913696289 8.05576229095459 7.971519947052 7.92137575149536 7.89912986755371 7.87690448760986 7.8546895980835 7.85329961776733 7.85688591003418 7.87102651596069 7.88504076004028 7.88666105270386 7.88888597488403 7.89364290237427 7.89422988891602 7.88601446151733 7.88150215148926 7.88151693344116 7.87798643112183 7.87187433242798 7.86891460418701 7.86726045608521 7.86719608306885 7.86744499206543 7.85977125167847 7.85261631011963 7.85339736938477 7.85543775558472 7.86190366744995 7.87186098098755 7.88830280303955 7.89089727401733 7.87840557098389 7.86926412582397 7.8622899055481 7.85852861404419 7.85592126846313 7.87324905395508
8.02148246765137 8.01104545593262 7.99786186218262 7.99719572067261 7.99749135971069 7.98916292190552 7.98089981079102 7.97296905517578 7.96597337722778 7.96123552322388 7.94251489639282 7.90459823608398 7.88205289840698 7.87208461761475 7.86514663696289 7.85964393615723 7.86351299285889 7.86962127685547 7.8799204826355 7.88992786407471 7.89149522781372 7.8931679725647 7.89528226852417 7.894287109375 7.88672685623169 7.88239288330078 7.88200283050537 7.87801837921143 7.87141609191895 7.86858320236206 7.86731100082397 7.86325168609619 7.85864448547363 7.855637550354 7.8529953956604 7.85333347320557 7.85417652130127 7.85679388046265 7.86103010177612 7.86827182769775 7.86907768249512 7.86287212371826 7.86442995071411 7.87101173400879 7.87016248703003 7.86664390563965 7.86852550506592
7.92781734466553 7.91213274002075 7.89218425750732 7.89180374145508 7.89288234710693 7.87928628921509 7.86792278289795 7.867919921875 7.86578941345215 7.85852146148682 7.85424613952637 7.85407876968384 7.85400390625 7.85400485992432 7.85918378829956 7.86681604385376 7.87373828887939 7.88049173355103 7.88662910461426 7.89243507385254 7.89403390884399 7.89532613754272 7.89533519744873 7.89330053329468 7.88695049285889 7.88317537307739 7.88254737854004 7.87813997268677 7.87097930908203 7.86822128295898 7.86728668212891 7.85992527008057 7.8513011932373 7.85220623016357 7.85334444046021 7.85331726074219 7.85317754745483 7.85264205932617 7.85217094421387 7.85181903839111 7.85112810134888 7.85006809234619 7.85927486419678 7.87512493133545 7.87653732299805 7.87276315689087 7.8655047416687
7.89749097824097 7.89346218109131 7.88766813278198 7.88924360275269 7.89130687713623 7.88617515563965 7.88189935684204 7.88197422027588 7.8810076713562 7.87752628326416 7.87550258636475 7.87548017501831 7.87538719177246 7.87523555755615 7.87863206863403 7.88370895385742 7.88401556015015 7.88318204879761 7.88375282287598 7.88450574874878 7.88650703430176 7.88817262649536 7.88843154907227 7.88773775100708 7.88503122329712 7.88348293304443 7.88334989547729 7.87865447998047 7.87063694000244 7.86772632598877 7.86693143844604 7.85931015014648 7.8503475189209 7.85185146331787 7.8535623550415 7.85350894927979 7.85332632064819 7.85268926620483 7.85195922851562 7.8510570526123 7.85014915466309 7.84923505783081 7.85271215438843 7.85903072357178 7.8598518371582 7.85869789123535 7.869948387146
7.88035774230957 7.88351011276245 7.88654279708862 7.88909149169922 7.89152431488037 7.89217615127563 7.89277124404907 7.89307594299316 7.89305782318115 7.89225912094116 7.89167404174805 7.89138221740723 7.89069795608521 7.88969230651855 7.89111471176147 7.89368772506714 7.88992691040039 7.88465213775635 7.8820686340332 7.87996339797974 7.88213205337524 7.88391494750977 7.88408327102661 7.88374757766724 7.88234853744507 7.88154888153076 7.88148212432861 7.87714624404907 7.86970043182373 7.86587762832642 7.86355447769165 7.85697412490845 7.84955644607544 7.85164928436279 7.85385847091675 7.85376834869385 7.8535304069519 7.85277223587036 7.85181999206543 7.85050821304321 7.84939765930176 7.84850692749023 7.84805107116699 7.84787654876709 7.84824800491333 7.84881496429443 7.87055826187134
7.89201021194458 7.89258146286011 7.89281702041626 7.89419364929199 7.89565467834473 7.89623928070068 7.89687013626099 7.89773559570312 7.89819431304932 7.89767026901245 7.89674997329712 7.89528465270996 7.89275979995728 7.88936805725098 7.88840007781982 7.88858079910278 7.88631248474121 7.88345909118652 7.88298416137695 7.88281011581421 7.88463401794434 7.88597726821899 7.88531017303467 7.88318920135498 7.87799882888794 7.87472343444824 7.87378883361816 7.87122344970703 7.8674693107605 7.86107397079468 7.8535852432251 7.8508825302124 7.84912061691284 7.85177946090698 7.85432577133179 7.85417652130127 7.85385608673096 7.85293388366699 7.85183906555176 7.85042476654053 7.84914350509644 7.84800815582275 7.84753847122192 7.84750032424927 7.84773063659668 7.84805774688721 7.86280298233032
7.89782810211182 7.8968653678894 7.89554405212402 7.8958945274353 7.89643573760986 7.89751625061035 7.89857816696167 7.89954900741577 7.89997673034668 7.89909362792969 7.89740419387817 7.89460897445679 7.89054822921753 7.88545179367065 7.88329839706421 7.88253831863403 7.88123655319214 7.87980556488037 7.88062143325806 7.88163280487061 7.88324213027954 7.88438892364502 7.88359975814819 7.88105773925781 7.87481546401978 7.8706955909729 7.86916923522949 7.86764907836914 7.86613273620605 7.85847902297974 7.84828329086304 7.84783840179443 7.84931039810181 7.85224199295044 7.85491704940796 7.85456085205078 7.85401916503906 7.85282516479492 7.85157060623169 7.85020303726196 7.84890222549438 7.84767436981201 7.84718704223633 7.84717893600464 7.84730529785156 7.84748029708862 7.85579490661621
7.89630556106567 7.89512586593628 7.89380884170532 7.8933162689209 7.89300441741943 7.89528799057007 7.89727926254272 7.89778232574463 7.89754056930542 7.89549970626831 7.89249658584595 7.88817310333252 7.88295936584473 7.8770170211792 7.87519264221191 7.87531900405884 7.87432146072388 7.87305593490601 7.87413311004639 7.87539148330688 7.87695217132568 7.87820911407471 7.87819385528564 7.87694644927979 7.8730993270874 7.8701868057251 7.86841630935669 7.86702966690063 7.86592197418213 7.85866165161133 7.84885311126709 7.84862852096558 7.85028743743896 7.85312271118164 7.85566425323486 7.85491561889648 7.85397815704346 7.85237693786621 7.85093975067139 7.8498067855835 7.8486762046814 7.84754848480225 7.84703779220581 7.84692668914795 7.84699583053589 7.84712886810303 7.84972620010376
7.89508104324341 7.89330053329468 7.89135980606079 7.89124202728271 7.89136409759521 7.89293575286865 7.8942289352417 7.89410591125488 7.89330148696899 7.8908519744873 7.8869514465332 7.88105773925781 7.87594175338745 7.87146139144897 7.87021780014038 7.87050676345825 7.86985778808594 7.86898422241211 7.87014532089233 7.87145280838013 7.87285327911377 7.87413263320923 7.87490320205688 7.87464427947998 7.87221002578735 7.87002086639404 7.86813068389893 7.8667573928833 7.8657603263855 7.859299659729 7.85057640075684 7.85063552856445 7.85242080688477 7.85424184799194 7.8558030128479 7.854811668396 7.85366201400757 7.85195589065552 7.85050964355469 7.84954595565796 7.84855270385742 7.84752655029297 7.8470025062561 7.84680271148682 7.84678268432617 7.84682703018188 7.84595489501953
7.89408016204834 7.89141130447388 7.88837575912476 7.88954544067383 7.89106702804565 7.89049005508423 7.88986539840698 7.88899707794189 7.88771057128906 7.88541460037231 7.88092756271362 7.87343215942383 7.86935234069824 7.86806583404541 7.86759090423584 7.86750030517578 7.86723184585571 7.86692047119141 7.86803388595581 7.86924123764038 7.87039804458618 7.87163400650024 7.87319993972778 7.87369823455811 7.87194108963013 7.87011241912842 7.8681960105896 7.86674547195435 7.86563491821289 7.86027908325195 7.85316514968872 7.85355520248413 7.85542058944702 7.85553979873657 7.85548496246338 7.85436296463013 7.85313892364502 7.85155487060547 7.85023021697998 7.8493857383728 7.8485050201416 7.84758377075195 7.84705257415771 7.84677457809448 7.8466420173645 7.84656238555908 7.84390640258789
7.89145851135254 7.88959407806396 7.88751554489136 7.88897371292114 7.89066743850708 7.88894081115723 7.88684177398682 7.88284683227539 7.87950897216797 7.87775897979736 7.8734393119812 7.86559247970581 7.86207723617554 7.86210680007935 7.86211919784546 7.8621244430542 7.86220788955688 7.86231088638306 7.86295938491821 7.86379051208496 7.86672687530518 7.86940050125122 7.87097644805908 7.87171316146851 7.87067794799805 7.86940813064575 7.86785125732422 7.86648893356323 7.86526823043823 7.86073112487793 7.854820728302 7.85454177856445 7.85537052154541 7.8548731803894 7.85429954528809 7.85346078872681 7.85254383087158 7.85135221481323 7.85028982162476 7.8494668006897 7.84861135482788 7.84772062301636 7.84713268280029 7.84674119949341 7.84653997421265 7.84640741348267 7.84320259094238
7.88814258575439 7.88780832290649 7.88756561279297 7.88888454437256 7.89022302627563 7.88777542114258 7.88439226150513 7.87625026702881 7.87018918991089 7.86915254592896 7.86532306671143 7.8576602935791 7.85450887680054 7.85504865646362 7.85542821884155 7.85573244094849 7.85615682601929 7.85660982131958 7.85661602020264 7.85695171356201 7.8625340461731 7.86728096008301 7.86852979660034 7.86928272247314 7.86898851394653 7.86836242675781 7.86733150482178 7.86612749099731 7.86479806900024 7.86095714569092 7.85607576370239 7.85470008850098 7.85401296615601 7.85336446762085 7.85274219512939 7.85236310958862 7.8519172668457 7.851233959198 7.85049438476562 7.84965085983276 7.84878396987915 7.84789228439331 7.8472261428833 7.84670543670654 7.84645414352417 7.84630012512207 7.84307432174683
7.88737964630127 7.88720989227295 7.88701677322388 7.88781547546387 7.8886194229126 7.88681793212891 7.88315486907959 7.87002325057983 7.86048936843872 7.85964298248291 7.85731077194214 7.85294008255005 7.85127973556519 7.85183715820312 7.85234355926514 7.85282564163208 7.85332155227661 7.85382127761841 7.85410022735596 7.85460805892944 7.85867166519165 7.86205863952637 7.86261129379272 7.86292123794556 7.862717628479 7.86226463317871 7.86150598526001 7.86075592041016 7.86001253128052 7.85761308670044 7.85452842712402 7.8531551361084 7.85211896896362 7.85148954391479 7.85092067718506 7.85079050064087 7.85061836242676 7.85029745101929 7.84993505477905 7.84949541091919 7.84877586364746 7.84775161743164 7.84705781936646 7.84657859802246 7.84636306762695 7.84624147415161 7.84298419952393
7.88714456558228 7.88685703277588 7.88634443283081 7.8865442276001 7.88677549362183 7.88590335845947 7.88216829299927 7.86387300491333 7.85071134567261 7.84994649887085 7.84931993484497 7.84888410568237 7.84894847869873 7.84942197799683 7.85000514984131 7.85063934326172 7.85115194320679 7.85163497924805 7.85237598419189 7.85319423675537 7.85487794876099 7.85619449615479 7.85597467422485 7.85574626922607 7.85549926757812 7.85512113571167 7.85458326339722 7.85434818267822 7.85433387756348 7.8535304069519 7.85240077972412 7.85125827789307 7.85011339187622 7.84953927993774 7.84904432296753 7.84911918640137 7.84918022155762 7.84919118881226 7.8492169380188 7.84926986694336 7.84873056411743 7.84754610061646 7.84683609008789 7.84643316268921 7.84627056121826 7.84619379043579 7.84290170669556
7.8796968460083 7.87831020355225 7.87756109237671 7.87737989425659 7.87706184387207 7.87149572372437 7.86490678787231 7.85311412811279 7.84469938278198 7.84444141387939 7.84521579742432 7.84740829467773 7.84850454330444 7.84870338439941 7.84900999069214 7.84936761856079 7.84957647323608 7.84974956512451 7.85019159317017 7.85069704055786 7.85185098648071 7.85281705856323 7.85299921035767 7.85308265686035 7.85295724868774 7.85275602340698 7.85246181488037 7.8522686958313 7.85214853286743 7.85129499435425 7.85013771057129 7.84931755065918 7.8485631942749 7.84820461273193 7.84789705276489 7.84794187545776 7.84798002243042 7.84799432754517 7.84807825088501 7.84828948974609 7.84807586669922 7.84739875793457 7.84688138961792 7.8464674949646 7.84630155563354 7.84622478485107 7.84295654296875
7.8715968132019 7.86923980712891 7.8682861328125 7.86778879165649 7.86700057983398 7.85708570480347 7.84795761108398 7.84283065795898 7.83927011489868 7.83949327468872 7.84146642684937 7.84584140777588 7.84789991378784 7.84806299209595 7.84816551208496 7.84823846817017 7.84815168380737 7.84802675247192 7.84815311431885 7.84833288192749 7.84904146194458 7.84972286224365 7.85029077529907 7.85067176818848 7.85065984725952 7.85062122344971 7.85055112838745 7.85038423538208 7.85014629364014 7.84922361373901 7.84801721572876 7.8475193977356 7.84716081619263 7.84700965881348 7.8468804359436 7.84688520431519 7.84688901901245 7.84688758850098 7.84700202941895 7.84733152389526 7.84741973876953 7.84724521636963 7.84692430496216 7.84650897979736 7.84634113311768 7.84626197814941 7.84301042556763
7.85998296737671 7.85850095748901 7.85763740539551 7.85741853713989 7.85698938369751 7.84908819198608 7.84210872650146 7.83981609344482 7.83826160430908 7.8384895324707 7.83964347839355 7.84206867218018 7.84468030929565 7.84744501113892 7.8482780456543 7.84819555282593 7.84805345535278 7.84789705276489 7.84788942337036 7.84790992736816 7.8481879234314 7.84845590591431 7.84868097305298 7.84881019592285 7.8487377166748 7.84866571426392 7.84859371185303 7.84851312637329 7.8484263420105 7.84801769256592 7.8474760055542 7.84726190567017 7.84711265563965 7.84700584411621 7.84690856933594 7.84688472747803 7.84685087203979 7.84678220748901 7.84679841995239 7.84697151184082 7.84704351425171 7.84700536727905 7.8468222618103 7.84654521942139 7.84640884399414 7.84632301330566 7.84299039840698
7.85067224502563 7.84953165054321 7.84826803207397 7.84811449050903 7.84787225723267 7.84216022491455 7.83736896514893 7.83726167678833 7.837242603302 7.83743762969971 7.83791065216064 7.83876657485962 7.84151983261108 7.84582567214966 7.84709024429321 7.84691429138184 7.84675168991089 7.84659194946289 7.84649848937988 7.84641456604004 7.84639883041382 7.84638023376465 7.84635019302368 7.84629201889038 7.84617376327515 7.84609127044678 7.84605264663696 7.84606218338013 7.84610652923584 7.84608507156372 7.84603691101074 7.84602975845337 7.84603023529053 7.84597682952881 7.84592390060425 7.84589385986328 7.84586620330811 7.84584617614746 7.84599447250366 7.84645414352417 7.84672451019287 7.84678840637207 7.84671926498413 7.84656476974487 7.8461389541626 7.84561538696289 7.84251403808594
7.84980869293213 7.84705114364624 7.84359073638916 7.84272003173828 7.84203290939331 7.83915185928345 7.83669471740723 7.8363938331604 7.8361873626709 7.83620834350586 7.83650827407837 7.83719110488892 7.83857583999634 7.84053516387939 7.84113502502441 7.8410906791687 7.84103536605835 7.84097766876221 7.84097528457642 7.84098863601685 7.84117746353149 7.84133768081665 7.84137773513794 7.84136867523193 7.84125661849976 7.84124994277954 7.8413724899292 7.84148359298706 7.84158611297607 7.84148788452148 7.84130620956421 7.84122133255005 7.84115552902222 7.84118890762329 7.84122657775879 7.84127330780029 7.8414101600647 7.84186458587646 7.84298992156982 7.84536170959473 7.84661674499512 7.84665536880493 7.84661483764648 7.84652233123779 7.84462928771973 7.84208917617798 7.84036207199097
