Ecospace-environmental-drivers/Outputs/ASCII-for-ecospace/MOM6-ISIMIP3a/ph-bot/2011_mo11_avg31y_ph-bot_MOM6-ISIMIP3a.asc
NCOLS 131 
NROWS 53 
XLLCORNER -98 
YLLCORNER 23.9265270233154 
CELLSIZE 0.133587792515755 
NODATA_value -9999 
[rows 21 to 41 of 53, columns 47 to 93 of 131]
8.09408292462749 8.09367650555026 8.0934322726342 8.09462925695604 8.09596483169063 8.09705626580023 8.09799680402202 8.09816954212804 8.09804039616739 8.09718261226531 8.09715043344805 8.09825146582819 8.09732550959433 8.09474065226893 8.03632287056215 7.95145823878627 7.90384247995192 7.86512685591175 7.86715675169422 7.87192364661924 7.87578456632553 7.88119477610434 7.89308892526934 7.89982389634655 7.89566753756615 7.8916466774479 7.88779158746043 7.885598105769 7.88461503674907 7.879760003859 7.87330150604248 7.87219538227204 7.87214131509104 7.87986336984942 7.88778781890869 7.89487514188213 7.89691961965253 7.88123335376863 7.86862657916161 7.86173857412031 7.85875194303451 7.86001574608587 7.86667842249716 7.87683436178392 7.89635115285074 7.91923033806586 7.96266886495775
8.09156870072888 8.09049972411125 8.08921392502323 8.08999852211245 8.09100311033187 8.09222612073345 8.09101295471191 8.07740719087662 8.06789416651572 8.06826400756836 8.05715622440461 8.03029128043882 8.01188435093049 8.0003976668081 7.95938102660641 7.90437673753308 7.88003779995826 7.8630259113927 7.87182903289795 7.88193135107717 7.88513160520984 7.88915474184098 7.89662141184653 7.89966131025745 7.89335613866006 7.88872855709445 7.88615122149068 7.88319879962552 7.87997308854134 7.87602586130942 7.87177981099775 7.87050808629682 7.86982107162476 7.87138217495334 7.87323450273083 7.87711860287574 7.87901615327404 7.87392885454239 7.87244985949609 7.87767173397926 7.87772310933759 7.87214094592679 7.87023385878532 7.87070469702444 7.87785900792768 7.88741416315879 7.92165045584402
8.08542971457205 8.08319820896272 8.08022489855366 8.08069161445864 8.08150743669079 8.08224524221113 8.07846493874827 8.0517028685539 8.03322093717514 8.0347321110387 8.01286689696773 7.9589087886195 7.92353842335363 7.90337582557432 7.88083059557023 7.85715664586713 7.85728931427002 7.86311017313311 7.87832729278072 7.89326272472259 7.89470269603114 7.89646439398489 7.89957197250858 7.89911388581799 7.89112860156644 7.88614531486265 7.88483093630883 7.88099513515349 7.87532278799242 7.87224498871834 7.87024171890751 7.86908652705531 7.86809804362635 7.86286264850247 7.85796813041933 7.85793972015381 7.85925332961544 7.86528536581224 7.87538474605929 7.89303770372945 7.89681337725732 7.88546931359076 7.87618035654868 7.86822108299501 7.86324673314248 7.85934463624031 7.88280307092974
8.00504427571451 7.99418115615845 7.98017069601244 7.97912268484792 7.97905820415866 7.96972573188043 7.95993541902111 7.94781634115404 7.93878804483721 7.93722289608371 7.92614887606713 7.90202045440674 7.88620036648166 7.87717806908392 7.8703241502085 7.86449733857186 7.86935950863746 7.87677560314055 7.88702077250327 7.89690394555369 7.89868920849216 7.90038208807668 7.9016883911625 7.90001758452385 7.89206201799454 7.88695926050986 7.88534338243546 7.88091524185673 7.87443877804664 7.87125345968431 7.86943109573857 7.86610906354843 7.86249216141239 7.85971518485777 7.85720820580759 7.85703523697392 7.85742042910668 7.85976812916417 7.86402053217734 7.87181049777615 7.87317383673883 7.86753522196124 7.86920495187083 7.87560366046044 7.87505003713792 7.87199906379946 7.87608714257517
7.9343386004048 7.91853580167217 7.8981036216982 7.89622406805715 7.89568104282502 7.87995116941391 7.86676568369712 7.86652317354756 7.86527078382431 7.86157977196478 7.85953560183125 7.85975223971951 7.8599005668394 7.85999304248441 7.86536319794193 7.87323328756517 7.88060572839552 7.88785925219136 7.89350778825821 7.89881978496428 7.90083855967368 7.90240233944308 7.90206213920347 7.8995322719697 7.89237966845112 7.88764115302793 7.8858529521573 7.88090867380942 7.87366556352185 7.87036129736131 7.86868821420977 7.86368396205287 7.85802481251378 7.85724301492014 7.85666947210989 7.85636557302167 7.85597818128524 7.85529704247752 7.85473217502717 7.85438323790027 7.85372554102252 7.85273150474794 7.86224351390716 7.87855354432137 7.88133830408896 7.87926461619716 7.87104051343856
7.90607549298194 7.90152029837332 7.89490544411444 7.89518963906073 7.89592949036629 7.88990652945734 7.88479158955236 7.88429601730839 7.88346255210138 7.88181331080775 7.88107558219664 7.88158922810708 7.88199995410058 7.88232644911735 7.88471781822943 7.88808718035298 7.88823913758801 7.88762238717848 7.89031959349109 7.89316974147674 7.89493233157742 7.89610264378209 7.8947944179658 7.89295581079298 7.88999782070037 7.88774385759907 7.88635037022252 7.88122383240731 7.8733782922068 7.86990468732772 7.8682416177565 7.86368054728354 7.8585497179339 7.85773194220758 7.85710030217325 7.85672552354874 7.85624880944529 7.85541349841702 7.85454563940725 7.85361740666051 7.85265448785597 7.8516537450975 7.85534338797292 7.86206791477819 7.86344525121873 7.86290188758604 7.87331379613569
7.88932431128717 7.89185839314615 7.89409617454775 7.8957329257842 7.89727044874622 7.89778946292016 7.8981699789724 7.8978457912322 7.89750565251996 7.89712715148926 7.89707149997834 7.89745910706059 7.89728266193021 7.89664466919438 7.89642230926021 7.89639682154502 7.89226533520606 7.88715276410503 7.88795246616487 7.88918847422446 7.89086309556038 7.89182787556802 7.88982182164346 7.88803443601055 7.88670827496436 7.88547854269705 7.88436657382596 7.87970887461016 7.87246854843632 7.86861453517791 7.86616280771071 7.8626962477161 7.85903015444356 7.85826361563898 7.85762280802573 7.85716172187559 7.85658308767503 7.85559114333122 7.85446540770992 7.85309103996523 7.85187033684023 7.85081694203038 7.85049404636506 7.85064394243302 7.85100424674249 7.85144015281431 7.87255190264794
7.89769048075522 7.89824102770898 7.89849931963028 7.89971860762565 7.90099471615207 7.90115073419386 7.90140819549561 7.90218157922068 7.90249701469175 7.9017069262843 7.90097105887628 7.90030979341076 7.89769241886754 7.89347473267586 7.89143540782313 7.89042803548997 7.88842101250925 7.88617521716702 7.8873767083691 7.88884827398485 7.89080204502229 7.89197126511605 7.88985729217529 7.88672381062661 7.88143845527403 7.87804660489482 7.87696910673572 7.87420060557704 7.87020040327503 7.8655054799972 7.86052277780348 7.85957193374634 7.85941371610088 7.85888810311594 7.85834512402934 7.85776415178853 7.85705624857257 7.85590222574049 7.85461676505304 7.85308724064981 7.8517123037769 7.85050576733005 7.85011948308637 7.85026404165453 7.85045882194273 7.85067158360635 7.86516761779785
7.90169688194029 7.90082400844943 7.89973532768988 7.90036653703259 7.90116746963993 7.90179774069017 7.90254082218293 7.90385824634183 7.9043403748543 7.90280549756942 7.90094135653588 7.89862498929424 7.89422828920426 7.88812955733269 7.88541903034333 7.88431342955559 7.8834872399607 7.88272783833165 7.88403694091305 7.88553430188087 7.88770512611635 7.88912213233209 7.88738447620023 7.8841379996269 7.87770640465521 7.87358790059243 7.87229639484036 7.87064870711296 7.86874140462568 7.86368666925738 7.85732841491699 7.85786507206578 7.85975720805507 7.85952386548442 7.8591595772774 7.85828393505466 7.85728434593447 7.85584915837934 7.85438792936264 7.85287826291976 7.85149483526907 7.85024875210178 7.84981552247078 7.84990830575266 7.85001134872437 7.85011809872043 7.85843167766448
7.90021844064036 7.89862661976968 7.89698659220049 7.89681533075148 7.89687222819174 7.8990298394234 7.90102441849247 7.90218963930684 7.9022232947811 7.89952455028411 7.89596823723085 7.89123432097896 7.88589051461989 7.88004784430227 7.87810742470526 7.87801548742479 7.87718291436472 7.87617337319159 7.8772196308259 7.87847929616128 7.88078891077349 7.88250813945647 7.88175632107642 7.87994796999039 7.87590931307885 7.87286987612324 7.87105175756639 7.86955796518633 7.86830045330909 7.86349118140436 7.8572109130121 7.85794158135691 7.86005035523445 7.8601735638034 7.86008967122724 7.85869967552923 7.85720419114636 7.85533785050915 7.85368044145646 7.85241120861423 7.85120262638215 7.85005993996897 7.8496004227669 7.84958282593758 7.84968713022047 7.84983518046718 7.85251135979929
7.89891230675482 7.89683089717742 7.8946875141513 7.89475700932164 7.89509714803388 7.89662905662291 7.89798121298513 7.89841899564189 7.89786066547517 7.89489706100956 7.89040517807007 7.88381518087079 7.87861640991703 7.8745558492599 7.87336537145799 7.87353440253965 7.87287752089962 7.872023336349 7.87291425274264 7.87400328728461 7.87623094743298 7.87808887420162 7.87839915675502 7.87778602107879 7.87522332899032 7.87286755346483 7.8707645785424 7.86924603677565 7.86815309524536 7.86367454836445 7.85779400794737 7.85837330356721 7.86022247806672 7.86033025864632 7.86021820191414 7.85858703428699 7.8568752811801 7.85488044061968 7.85319591337635 7.85208763614778 7.85102341251989 7.85000745711788 7.84952709751744 7.8493933216218 7.84944286654072 7.84955827651485 7.84883628352996
7.89773550341206 7.89533630494148 7.89272577531876 7.89381851688508 7.89521240418957 7.89450359344482 7.89379282920591 7.89307189756824 7.89181392423568 7.88925943066997 7.88439958326278 7.8763747215271 7.87213999225247 7.87100627345424 7.8705505248039 7.87041596443422 7.87007147266019 7.86967685145717 7.87049287365329 7.87146159141294 7.87344172693068 7.87531571234426 7.87674534705377 7.87714510579263 7.87537077934511 7.87340205715549 7.87119565471526 7.86951824926561 7.86822605133057 7.86414223332559 7.85890230055778 7.85907142393051 7.86030386340234 7.86011718934582 7.85974544094455 7.85807801831153 7.85635985097577 7.85446343883391 7.85287838597452 7.85187164429695 7.85092929101759 7.8500572481463 7.84956012233611 7.84930567587576 7.84925857667 7.84928586406093 7.84684544224893
7.8953358896317 7.89369333944013 7.89192705769693 7.89323325310984 7.89472709163543 7.89279537816202 7.89051005148119 7.8864265103494 7.8829915138983 7.8811224045292 7.87668532709922 7.86872263877623 7.86513693101944 7.86513237799368 7.86511873429821 7.8651007529228 7.86508410976779 7.86506775886782 7.86578458355319 7.86670041853382 7.86977917148221 7.87258118967856 7.87422470892629 7.87498032662176 7.87386115904777 7.87240466763896 7.87053594281597 7.86910067835162 7.86798103394047 7.86425721260809 7.85945483176939 7.85891637494487 7.85921610555341 7.85877112419375 7.85823092922088 7.85702936110958 7.85576458900206 7.85427748772406 7.85295364933629 7.85193284865349 7.85098777278777 7.85012503593199 7.84959265493578 7.84927391236828 7.8491601328696 7.84912006316646 7.84616242685626
7.89241226257816 7.89198687768752 7.89162678872385 7.89279939282325 7.89398431777954 7.89126589990431 7.8876155114943 7.87922480798537 7.87297941023304 7.87191426369452 7.86823878749724 7.86097972623764 7.85790806431924 7.85826240047332 7.85856543817828 7.85884411104264 7.85916191531766 7.85948902560819 7.86009616236533 7.86098795552408 7.86574232962824 7.86986314096758 7.87133261465257 7.87216231130785 7.87164126673052 7.87075076564666 7.86940859210107 7.86838729919926 7.86759976417788 7.8642210191296 7.85976922127508 7.8583956995318 7.85762733028781 7.85693948499618 7.85626986718947 7.85574942250406 7.85513508704401 7.85419056492467 7.85319711316016 7.85211289313532 7.85111159663047 7.85020074536723 7.84962504909885 7.84926612915531 7.84909865163988 7.8489999002026 7.84604001814319
7.89122060037428 7.89095047981508 7.8906107102671 7.89134742367652 7.89209428910286 7.89014050268358 7.88631677627563 7.87298054848948 7.86330926033758 7.86248730074975 7.86029932575841 7.8562359656057 7.85466481793311 7.85513276438559 7.85553858357091 7.8559149003798 7.8563000002215 7.85668728428502 7.857377359944 7.85826423091273 7.86171239422214 7.86466092448081 7.86551827769126 7.86603530760734 7.8658339131263 7.86539139286164 7.86465418723322 7.86399235263948 7.86338567733765 7.86103839258994 7.85797039155037 7.85655727694111 7.8554694883285 7.85476312329692 7.85411587069111 7.85390803121751 7.85363649552868 7.853141092485 7.85258956109324 7.85193360236383 7.85109378445533 7.8500535257401 7.84946669301679 7.84917337663712 7.84904086205267 7.84896612167358 7.84599478014054
7.89038718131281 7.89005284155569 7.88944661232733 7.88968480017877 7.88996681090324 7.88909879807503 7.88534819695257 7.86693442252374 7.85370985154183 7.85301508442048 7.8524647374307 7.85211278546241 7.85224629986671 7.85277701962379 7.85324130519744 7.85367411951865 7.85407132487143 7.85446007021012 7.85527300065564 7.85615896409558 7.8576839200912 7.85894455448274 7.85909921892228 7.85922361189319 7.85928421635782 7.85926534283546 7.85914914838729 7.85883568179223 7.85837854877595 7.85720479103827 7.85573422524237 7.85444614964147 7.85319388297296 7.8525154359879 7.85192192754438 7.85195046086465 7.85195818255025 7.85189247131348 7.85180581000543 7.85168003266858 7.85104660834036 7.84986009905415 7.84926894403273 7.84906308881698 7.84898381079397 7.84895015531971 7.84596549310992
7.88317425020279 7.88174996837493 7.88088226318359 7.88063627673734 7.88025479162893 7.8744956754869 7.86776611881871 7.85610028236143 7.84781786703294 7.84770537960914 7.84854485911708 7.85069131851196 7.85179504271477 7.85204553604126 7.85226266614852 7.85246404524772 7.85259491397488 7.85270890881938 7.8531717792634 7.85369703846593 7.85478191991006 7.85573151803786 7.85611486434937 7.85638249304987 7.85640585807062 7.85638943026143 7.85632439582579 7.85607925538094 7.85570287704468 7.85459713782034 7.8531894376201 7.85229307605374 7.85149726560039 7.85109527649418 7.85074563180247 7.85076522827148 7.85077198090092 7.85073331094557 7.85074393979965 7.85084605986072 7.85053954585906 7.84978781977008 7.84935029860466 7.84911621770551 7.84902318831413 7.84898094977102 7.84605406176659
7.87527404292937 7.87288505800309 7.87179057828842 7.8711344042132 7.87017808421966 7.85990639655821 7.85053571577995 7.8457483783845 7.84249125757525 7.84292919405045 7.84496327369444 7.8491887123354 7.85119424327727 7.85138347071986 7.85142597075432 7.85139892947289 7.8512733521 7.85112422512424 7.85123303628737 7.85139666834185 7.85209946478567 7.85278218792331 7.85338104924848 7.85377902369345 7.85375253615841 7.8537190037389 7.85367665752288 7.85349007575743 7.85319837447136 7.85215537778793 7.85080120640416 7.85029769712879 7.84996138849566 7.84982747416342 7.84971281789964 7.84971369466474 7.84970666516212 7.84967234826857 7.84974953436082 7.85003412923505 7.85003074522941 7.84971366390105 7.84943252994168 7.84917462256647 7.84906774951566 7.84901525128272 7.846137831288
7.86309057666409 7.86156166753461 7.8606081316548 7.86032367521717 7.85983345585485 7.85194220081452 7.8449918377784 7.84282811995476 7.84142451132498 7.84185624891712 7.84312111331571 7.84552947936519 7.84805853136124 7.85068625788535 7.85147285461426 7.85138737770819 7.85124441885179 7.8510877701544 7.8510263658339 7.85098983395484 7.85122054623019 7.85145084319576 7.85167961735879 7.85181343939997 7.85174672834335 7.85168726213517 7.85163653281427 7.85153855046918 7.85140620508502 7.85089652769027 7.85023058614423 7.85000396543933 7.84986380607851 7.8497896194458 7.84972392359088 7.84971784776257 7.84969543641613 7.84961578922887 7.84960834441646 7.84973475240892 7.84972330831712 7.84956172204787 7.84938981456141 7.84921118520921 7.84912187822403 7.84906461161952 7.84611463546753
7.8533177221975 7.85215951550391 7.85089577397992 7.85075309199672 7.85053142424553 7.84507819144957 7.84049649392405 7.84034804374941 7.84035265830255 7.84072674474409 7.84134134169548 7.84228615606985 7.84495701328401 7.84903998528757 7.85028180768413 7.85017785718364 7.85004585020004 7.84990704444147 7.84973229131391 7.84956010695427 7.84946124784408 7.84937211005918 7.84932347266905 7.84925949958063 7.8491632246202 7.84910054360667 7.84907891673426 7.84907599418394 7.84908666918355 7.84898984047674 7.84884840442288 7.84882851569883 7.84883242268716 7.84881933273808 7.8488105650871 7.84885028100783 7.84887038507769 7.84882156310543 7.84892032992455 7.84929327810964 7.84946713909026 7.84942430065524 7.84934165400843 7.84923319662771 7.8488856592486 7.84845236809023 7.84569804899154
7.85238401351436 7.84980170957504 7.84657344510478 7.84573004322667 7.84505202693324 7.84224859360726 7.83984587269445 7.83948178445139 7.83926177793933 7.83938946262483 7.83979085183913 7.84056817331622 7.84198111872519 7.84391400121873 7.84455182475428 7.84457611268567 7.84455826974684 7.84453036708217 7.84445107367731 7.84437959424911 7.84447411567934 7.84455308606548 7.84456676052463 7.84454810234808 7.84446133336713 7.84447891481461 7.84462391945624 7.84473959092171 7.8448338508606 7.84470790432345 7.84449069730697 7.84441975624331 7.84437747155466 7.84443020051526 7.84450704820694 7.84478621329031 7.84506133294875 7.84532220901982 7.84622783045615 7.84833057465092 7.84939884370373 7.8493398850964 7.84927332785822 7.84920195610292 7.84758523202712 7.84541346949916 7.84383901473015
