Ecospace-environmental-drivers/Outputs/ASCII-for-ecospace/MOM6-ISIMIP3a/ph-bot/2013_mo03_avg31y_ph-bot_MOM6-ISIMIP3a.asc
NCOLS 131 
NROWS 53 
XLLCORNER -98 
YLLCORNER 23.9265270233154 
CELLSIZE 0.133587792515755 
NODATA_value -9999 
[rows 0 to 20 of 53, columns 47 to 93 of 131]
-9999 -9999 -9999 -9999 -9999 -9999 -9999 -9999 -9999 -9999 -9999 -9999 -9999 -9999 -9999 -9999 -9999 -9999 -9999 -9999 -9999 -9999 -9999 -9999 -9999 -9999 -9999 -9999 -9999 -9999 -9999 -9999 -9999 -9999 -9999 -9999 -9999 -9999 -9999 -9999 -9999 -9999 -9999 -9999 -9999 -9999 -9999
-9999 -9999 -9999 -9999 -9999 -9999 -9999 -9999 -9999 -9999 -9999 -9999 -9999 -9999 -9999 -9999 -9999 -9999 -9999 -9999 -9999 -9999 -9999 -9999 -9999 -9999 -9999 -9999 -9999 -9999 -9999 -9999 -9999 -9999 -9999 -9999 -9999 -9999 -9999 -9999 -9999 -9999 -9999 -9999 -9999 -9999 -9999
-9999 -9999 -9999 -9999 -9999 -9999 -9999 -9999 -9999 -9999 -9999 -9999 -9999 -9999 -9999 -9999 -9999 -9999 -9999 -9999 -9999 -9999 -9999 -9999 -9999 -9999 -9999 8.20005179989722 8.2050055226972 -9999 -9999 -9999 -9999 -9999 -9999 -9999 -9999 -9999 -9999 -9999 -9999 -9999 -9999 -9999 -9999 -9999 -9999
-9999 -9999 -9999 -9999 -9999 -9999 -9999 -9999 -9999 -9999 -9999 -9999 -9999 -9999 -9999 -9999 -9999 -9999 -9999 -9999 -9999 -9999 -9999 -9999 -9999 -9999 -9999 8.20021758540984 8.20495633156069 -9999 -9999 -9999 -9999 -9999 -9999 -9999 -9999 -9999 -9999 -9999 -9999 -9999 -9999 -9999 -9999 -9999 -9999
-9999 -9999 -9999 -9999 -9999 -9999 -9999 -9999 -9999 -9999 -9999 -9999 -9999 -9999 -9999 -9999 -9999 -9999 8.12399790363927 8.12652034144248 8.12853831629599 8.14030954914708 8.15066549854894 8.1683896587741 8.18103141169394 8.18917548271918 8.19545970424529 8.20030839981571 8.20488465216852 8.20967618880733 -9999 -9999 8.22501850128174 8.22850162752213 8.22917338340513 8.22800230210827 8.22541692180018 8.22357903757403 8.22328690559633 8.22489184717978 8.22855454106485 8.23227211736864 -9999 -9999 -9999 -9999 -9999
-9999 -9999 -9999 -9999 -9999 -9999 -9999 -9999 -9999 -9999 -9999 -9999 -9999 -9999 7.85297026172761 -9999 7.8550308135248 7.85720979013751 7.99302533365065 8.12399790363927 8.12702486591954 8.12853831629599 8.15208084352555 8.17137739735265 8.18171079697147 8.19000588693926 8.19580979501047 8.20056343078613 8.20455203517791 8.20953842901414 8.21493791764782 8.22042256016885 8.22592393813595 8.22870894401304 8.23087196965371 8.2279393288397 8.22519554630403 8.22311558261994 8.22242613761656 8.22431908884356 8.22793046889767 8.23341406545331 8.23547178699124 8.23531273872622 -9999 -9999 -9999
-9999 -9999 -9999 -9999 -9999 -9999 -9999 -9999 -9999 -9999 7.85049838404502 7.84870762978831 7.84709524339245 7.84192802060035 7.8450889125947 7.85331952187323 7.85262106310937 7.85526149503646 7.85720979013751 7.99786843022992 8.12399790363927 8.12853831629599 8.15208084352555 8.17137739735265 8.18171079697147 8.19000588693926 8.19580979501047 8.20056343078613 8.20455203517791 8.20953842901414 8.21493791764782 8.22042256016885 8.22592393813595 8.22870894401304 8.23087196965371 8.2279393288397 8.22519554630403 8.22311558261994 8.22242613761656 8.22431908884356 8.22793046889767 8.23341406545331 8.23547178699124 8.23531273872622 8.23527077705629 8.23284241460985 -9999
-9999 -9999 -9999 -9999 -9999 -9999 -9999 -9999 -9999 -9999 7.86009966942572 7.85049838404502 7.84691689091344 -9999 7.83499683872346 7.84063654561197 7.85401796525525 7.85262106310937 7.85595364724436 7.85720979013751 8.01239747385825 8.14122009277344 8.15970257789858 8.17194144956527 8.17099974232335 8.17305041897681 8.17875862121582 8.18441390991211 8.19003031330724 8.19739012564382 8.20547174638318 8.20928281353366 8.21225433964883 8.21570848649548 8.21844765447801 8.21402669722034 8.2103783699774 8.20944512274957 8.21028841695478 8.21443007069249 8.21984300305767 8.22664097816713 8.22980142408802 8.23060835561445 8.2313018614246 8.23195475916709 8.22722302713702
-9999 -9999 -9999 -9999 -9999 -9999 -9999 -9999 -9999 -9999 -9999 -9999 -9999 -9999 7.8377779991396 7.82387719615813 7.83488841210642 7.85541489816481 7.85262106310937 7.85802991928593 8.0210082761703 8.15505495379048 8.16801892557452 8.17262323441044 8.15957909245645 8.1548122590588 8.16016135677215 8.16668372000417 8.17406051389633 8.18399567757883 8.19499034266318 8.19707627450266 8.1974110757151 8.20145634681948 8.20468653402021 8.19861347444596 8.19397261834914 8.19436691653344 8.19692036413377 8.20348370459772 8.21083650281352 8.21904939220798 8.22343558649863 8.22534582691808 8.22822309309436 8.23144771206763 8.22609467660227
8.0823902622346 -9999 -9999 -9999 -9999 -9999 -9999 -9999 -9999 -9999 8.03356507516676 7.86994098847912 -9999 -9999 -9999 7.82666324800061 7.80879605200983 7.83094698382962 7.85820873322025 7.86901055612872 8.02896085862191 8.16017935352941 8.1711537761073 8.17517169829338 8.16450392815375 8.15701586200345 8.15341401869251 8.15622957291142 8.16371942335559 8.1741297014298 8.18574939235564 8.19068853316769 8.19431437215497 8.19376607095042 8.19241520666307 8.1847348982288 8.17953678869432 8.18306590664771 8.1875860152706 8.19394597699565 8.20113052860383 8.20921322607225 8.21484390381844 8.21888809819375 8.22247089878205 8.2258882522583 8.22311681316745
8.08300344405636 8.08309401235273 -9999 -9999 -9999 -9999 -9999 -9999 -9999 -9999 8.11845988612021 8.02857926584059 7.86994098847912 -9999 -9999 7.82184619288291 7.80764510554652 7.79689688836375 7.83936311352638 7.8921771203318 8.04239230002126 8.16542302408526 8.17468424766294 8.17779639459425 8.16792712673064 8.15784358978271 8.1474982230894 8.14746084520894 8.15493168369416 8.16530947531423 8.17689120384955 8.18386963875063 8.18994312901651 8.1848030090332 8.17812199746409 8.16044435193462 8.14974163424584 8.16356397444202 8.1754100553451 8.18358602831441 8.19174634256671 8.19988933686287 8.20672911982382 8.21272585468908 8.21684815806727 8.22029741348759 8.21998036292291
8.08300344405636 8.08327496436334 8.09492240413543 8.10162654999764 -9999 -9999 -9999 -9999 -9999 -9999 -9999 8.11202095400903 8.00549605584914 7.86994098847912 7.85049838404502 7.82184619288291 7.80764510554652 7.79689688836375 7.88509708835233 7.98070623028663 8.08521264599216 8.17130577948786 8.18033790588379 8.18083040175899 8.16329537668536 8.15128984758931 8.14604251615463 8.14773233475224 8.15447505827873 8.16209823854508 8.17008587621873 8.17473873015373 8.17873619448754 8.16901394628709 8.15298458837694 8.08030562246999 8.03756200113604 8.10007295300884 8.14799268784062 8.16881499751922 8.18408716878583 8.19331249114006 8.2011721211095 8.20814809491558 8.21191920003583 8.21453906643775 8.2159931121334
8.08672754226192 8.09318597855106 8.10133527940319 8.10189259436823 -9999 -9999 -9999 -9999 8.10669560586252 8.11626557380922 8.12653772292599 8.1377738829582 8.07175139457949 7.9425178035613 7.88374108652915 7.85833814067225 7.84532960768669 7.83528257185413 7.943305800038 8.05621694749401 8.12221274837371 8.17614481526036 8.17959022521973 8.17479801177979 8.15261613169024 8.13397413684476 8.11965837786274 8.11315068890972 8.11233059052498 8.1168891537574 8.12367528484714 8.12707980986564 8.12981937777612 8.11643083633915 8.09486047683224 7.9991979598999 7.94370177484328 8.02943221984371 8.09515027076967 8.12370315674813 8.14603734785511 8.16159617516302 8.17877821768484 8.19701047097483 8.20414727733981 8.20729818651753 8.21085096174671
8.09976193212694 8.10047500364242 8.10195461396248 8.10189259436823 8.10165168393043 8.10083979945029 8.10048906264767 8.10248298029746 8.10669560586252 8.11626557380922 8.12653772292599 8.1377738829582 8.10367831876201 8.03249356054491 8.00009226029919 7.98606184990175 7.97722744172619 7.9696343329645 8.03270204605595 8.09918142134143 8.14466190338135 8.17837484421269 8.1628390589068 8.14609949050411 8.12681819546607 8.08975278177569 8.0309516537574 7.99143454336351 7.96596345593852 7.96668349542925 7.97825019590316 7.98309864536408 7.98662650200628 7.97186125478437 7.9542681478685 7.91566794918429 7.89564055781211 7.9409163536564 7.97874346087056 8.00273753750709 8.03200895555558 8.06703035293087 8.11429149873795 8.16947257134222 8.1892676507273 8.19635148202219 8.20282133163944
8.11615180969238 8.1146463886384 8.11349939530896 8.11268418835055 8.11192817072715 8.11184913881363 8.11223817640735 8.11500752356745 8.1193412657707 8.12745217354067 8.136473624937 8.14674531259844 8.1342067410869 8.10300531694966 8.08730799152005 8.07895435825471 8.07360164580807 8.0689660041563 8.10001124105146 8.13286206030076 8.1563141422887 8.16672174392208 8.12253638236753 8.08491626862557 8.06115590372393 8.01920998481012 7.95503762460524 7.91183874683995 7.88391670103996 7.8834285736084 7.89430175289031 7.89870009883758 7.90182567411853 7.88633218888314 7.87115321620818 7.86578270696825 7.86641571598668 7.88815704468758 7.908591347356 7.92659813357938 7.95562299605339 7.99665252624019 8.0603604162893 8.13874232384466 8.17041243276288 8.18530282666606 8.19443244318808
8.13728575552664 8.13854795886624 8.14049065497614 8.13873306397469 8.13673339351531 8.13842361204086 8.14059848170127 8.14523976848971 8.14986561190698 8.15445453889908 8.16045699581023 8.16840061064689 8.16275756589828 8.14599889324557 8.13333142188288 8.12260193978586 8.11975233016476 8.11878558128111 8.136093478049 8.15341743346183 8.15270165474184 8.13544070336127 8.04893561332456 7.97780564523512 7.93913299806656 7.91145343165244 7.89720972122685 7.89179358943816 7.89280717603622 7.89482979620657 7.89727014110934 7.8985404352988 7.89958078630509 7.88427563636534 7.869300857667 7.86346518608832 7.86382186028265 7.8859511498482 7.90383492746661 7.91383443340178 7.93245623188634 7.96047232227941 8.02135301405384 8.10349858191706 8.14593607379544 8.17410976656022 8.18553555396295
8.14884108881797 8.15207333718577 8.15646374610163 8.15790253300821 8.15906007828251 8.16078210646106 8.16217631678427 8.16190147399902 8.16250247340048 8.16521921465474 8.16992107514412 8.17734819842923 8.17478299910022 8.16404219596617 8.15196458755001 8.13925358556932 8.13809794764365 8.13970310457291 8.14647299243558 8.15035896916543 8.10710467061689 8.05655565569478 7.97547649568127 7.91159568294402 7.88402172826952 7.87209701538086 7.87929916381836 7.88737707753335 7.89609289169312 7.89706410131147 7.89482799653084 7.8961598027137 7.89819306711997 7.8829023761134 7.86784513535038 7.86133504682972 7.8604107210713 7.87912642571234 7.89479647913287 7.90481041323754 7.9201117023345 7.94117384572183 7.98987722396851 8.05646577958138 8.10705427969656 8.1518954923076 8.17031208161385
8.15232984481319 8.15686072072675 8.16315844751174 8.17127876897012 8.17929926226216 8.17959062514767 8.1780421656947 8.16713493101058 8.16007611059373 8.16230980042488 8.16715781919418 8.17559457594349 8.1728915860576 8.16107473065776 8.14753181703629 8.13317141994353 8.13302824574132 8.13628181334465 8.13520797606437 8.12741488795127 8.0261517647774 7.93758235439177 7.90213634121803 7.87982886837375 7.88525799782045 7.89034188178278 7.89500382638747 7.8961218864687 7.89465871933968 7.89157879737116 7.88782939603252 7.89190884559385 7.89752723324683 7.88210439682007 7.86672342977216 7.85936258685204 7.85631122896748 7.86841224854992 7.88215214206326 7.89893548719345 7.91688066913236 7.93609174605339 7.96474392183365 7.99950495073872 8.05604159447455 8.12040015189878 8.14976119995117
8.1576240908715 8.1604431521508 8.16454632051529 8.17175025324668 8.17898944116408 8.17861018642303 8.17671963476366 8.16714065305648 8.16077699968892 8.16217690129434 8.16483288426553 8.1692133257466 8.16633959739439 8.15753093842537 8.12032188907746 8.06966006371283 8.05601021551317 8.05120375848586 8.04816916681105 8.03991597698581 7.95393586927845 7.88326243431337 7.87664917976625 7.87645702977334 7.88982012964064 7.8975866225458 7.89851274797993 7.89636247388778 7.89197137278895 7.88692635874594 7.88161059348814 7.88820488222184 7.89714051831153 7.88380890507852 7.87019545032132 7.86188374796221 7.8566853461727 7.86243286440449 7.8715720945789 7.88700991292154 7.90411609218967 7.92304008237777 7.94463943666027 7.96796986364549 8.01377005730906 8.06764168893137 8.10880971723987
8.16380193156581 8.16343578215568 8.16333715377315 8.16590650619999 8.16862337050899 8.16794567723428 8.16698551177979 8.16458815913047 8.16300825918874 8.16340261890042 8.16272258758545 8.16056768355831 8.15750703504009 8.1537054123417 8.08196544647217 7.97804460217876 7.94378297559677 7.92616535002185 7.92404893136794 7.92082588134273 7.8859952803581 7.86058184408372 7.87457989108178 7.88698073356382 7.89600986050021 7.89944819481142 7.89605354493664 7.89244136502666 7.88867079827093 7.88268146207256 7.87577319914295 7.88476867060507 7.89689033262191 7.88673803883214 7.87591548119822 7.86660405128233 7.8592485766257 7.85877049353815 7.86200215739589 7.8721232568064 7.8866860635819 7.90608825991231 7.92699583115116 7.94887731921288 7.97577633396272 8.0044777008795 8.05787492567493
8.16446233564807 8.16345507098782 8.16249515164283 8.16317625968687 8.16397562334614 8.16343304418748 8.16283945883474 8.16198675094112 8.16127574059271 8.16090728390601 8.15977825657014 8.15760517120361 8.15351378533148 8.14785292840773 8.07081579392956 7.9599693975141 7.91473196398827 7.88517084429341 7.88486871411723 7.88569747248004 7.87372898286389 7.86706089204358 7.88257525044103 7.8939645367284 7.8966454844321 7.89635887453633 7.89244531816052 7.88929957728232 7.88671307409963 7.88109151778683 7.87421298796131 7.87901841440508 7.88612075005808 7.88406787380095 7.88172411149548 7.87985001840899 7.87658408380324 7.86842438482469 7.86378762029832 7.86569343074675 7.87213642366471 7.88352271049253 7.8975454761136 7.9132741497409 7.93381434102212 7.95608285165602 8.00511098677112
