Ecospace-environmental-drivers/Outputs/ASCII-for-ecospace/MOM6-ISIMIP3a/ph-bot/2013_mo01_avg31y_ph-bot_MOM6-ISIMIP3a.asc
NCOLS 131 
NROWS 53 
XLLCORNER -98 
YLLCORNER 23.9265270233154 
CELLSIZE 0.133587792515755 
NODATA_value -9999 
[rows 21 to 41 of 53, columns 47 to 93 of 131]
8.1565219817623 8.15450259177915 8.15261213241085 8.15197092486966 8.151444496647 8.15056108659314 8.14964272899012 8.14854563436201 8.14710798571187 8.14484756223617 8.14289779047812 8.14137428037582 8.13162551387664 8.11514703689083 8.04739047634986 7.95534472311697 7.90551677826912 7.86577612353909 7.86780789590651 7.8726351645685 7.87638301234091 7.88170263844152 7.89360020237584 7.90031706902289 7.89609698326357 7.89208442934098 7.88832521438599 7.88608983255202 7.88496438918575 7.88004478331535 7.87355384519023 7.87248129998484 7.8724738090269 7.88014035071096 7.88804566475653 7.89550721260809 7.89780438330866 7.88194331815166 7.86920728991109 7.86227481595932 7.85904704370806 7.85985552880072 7.86529444110009 7.87372936740998 7.89134705451227 7.91226333187472 7.95569189133183
8.14775334635089 8.14294559724869 8.13733193182176 8.13606268359769 8.13523880127938 8.13444395988218 8.13024357826479 8.10871902588875 8.09334265801214 8.09281136912684 8.08093009456512 8.0534665507655 8.03021747835221 8.01041658463017 7.96473859971569 7.90680323877642 7.88153365350539 7.86406890807613 7.87264330156388 7.88254208718577 7.88568001408731 7.88964759149859 7.89708706640428 7.90010398434054 7.89378447686472 7.88917824529832 7.88666600565757 7.88364351949384 7.880249269547 7.8762726629934 7.87205477683775 7.87081363124232 7.87015768789476 7.87161676345333 7.87339178208382 7.87748796709122 7.87953266020744 7.8743641607223 7.87287629035211 7.8782236806808 7.87828454663677 7.87258557350405 7.87011701829972 7.86973865570561 7.87581820641794 7.88421752375941 7.91706272863573
8.13339790221183 8.12539682080669 8.11552250769831 8.11369049933649 8.11267231356713 8.11140475734588 8.10360896202826 8.06260515028431 8.03393425480012 8.03504254741053 8.01363801956177 7.96132626072053 7.9256185254743 7.90349563475578 7.88088192478303 7.85803582591395 7.8585151703127 7.86456769512546 7.87932908150458 7.89379215240479 7.89520663599814 7.89693789328298 7.89999461943103 7.89950789174726 7.89154075807141 7.88658062104256 7.88529574486517 7.8813733900747 7.87553002757411 7.87245796572777 7.87053360477571 7.8694111301053 7.86844633471581 7.86308420858076 7.85807237317485 7.85807423437795 7.85940899387483 7.86543069347259 7.87559807685114 7.89346471909554 7.89744160252233 7.88628498200447 7.87711660323604 7.86923477726598 7.86408647414177 7.8599200863992 7.88072782947171
8.02824204967868 8.01393199736072 7.99560139256139 7.99381616038661 7.99335382830712 7.9828819305666 7.97113060182141 7.9528716610324 7.93943322089411 7.93763416044174 7.92672898692469 7.90332252748551 7.88737490869338 7.87753008257958 7.87080792457827 7.86556490005985 7.87071052674324 7.87833836770827 7.88805930845199 7.89740394776867 7.89917879719888 7.90084905009116 7.90208156647221 7.90033784989388 7.89231115771878 7.88720649288547 7.88567332298525 7.88124872023059 7.87471803542106 7.87153731623004 7.8697440239691 7.86638616746472 7.86272092019358 7.85990396622689 7.85736148588119 7.85719247018137 7.85758175388459 7.85993419154998 7.86422003469159 7.87209641548895 7.87353229522705 7.86795100858135 7.86974616204539 7.8763141939717 7.87565146723101 7.87239133158038 7.87534589152182
7.9371126544091 7.91987471426687 7.89741520727834 7.8960286724952 7.89619688833914 7.8801035727224 7.86668154501146 7.86684833034392 7.86585084853634 7.86204250397221 7.85992004025367 7.86011220562843 7.86028826621271 7.86045099073841 7.86607651556692 7.8742895895435 7.88188029873756 7.88932229626563 7.89445377165271 7.89923544852964 7.90123621109993 7.90277662584859 7.90239083382391 7.89978808741416 7.89250510738742 7.88774524196502 7.88606919011762 7.88119620661582 7.87399473497945 7.87069408355221 7.86900892565327 7.86391921197214 7.85816018812118 7.85740403206118 7.85685666914909 7.8565389110196 7.85614415137999 7.85547860976188 7.8549181876644 7.85455302269228 7.85386797689622 7.85283456310149 7.86246495093069 7.87899521858461 7.88172049676218 7.87948685307657 7.87139544948455
7.90748654642413 7.90214470894106 7.89453103465419 7.89508541168705 7.89621171643657 7.89020759828629 7.88513288190288 7.88478662121681 7.88399124145508 7.88211101101291 7.88124389033164 7.88176751905872 7.88212134761195 7.88233644731583 7.88477091635427 7.88825667288996 7.88855295796548 7.88808710344376 7.89060643411452 7.8932609404287 7.89489778395622 7.89600664569486 7.89490542873259 7.89318846118066 7.89017169706283 7.88790179837135 7.88654484287385 7.88146005138274 7.87365988762148 7.87018960522067 7.86851241511683 7.86389826190087 7.85870673579554 7.85788680661109 7.85725553574101 7.8568859869434 7.85641496412216 7.85558675950573 7.85471973111553 7.85378054649599 7.85281668939898 7.85182600636636 7.85557500777706 7.8623908412072 7.86369156068371 7.86301108329527 7.87372155343333
7.88979893345987 7.89202400945848 7.89399168568273 7.89569910110966 7.89734611203594 7.89807944143972 7.89863529512959 7.89828861913373 7.89785103644094 7.89719387792772 7.89700242011778 7.89745035479146 7.89721505872665 7.89642077107583 7.89612779309673 7.89607223387687 7.89203091590635 7.88703718493062 7.88790641292449 7.88919162750244 7.89066966887443 7.8915360512272 7.88984269480551 7.88826393312024 7.88692688172863 7.88568510547761 7.88455961596581 7.87992063645394 7.87272259496873 7.86881968282884 7.8662815401631 7.86281055019748 7.85915613174438 7.85838845468337 7.85774824696202 7.85730980288598 7.85674959613431 7.8557612357601 7.85463468490108 7.85325144183251 7.8520494122659 7.85104496248307 7.85073910990069 7.85088528356244 7.85116561766594 7.85149418923163 7.87299088508852
7.8981595500823 7.89850567233178 7.89856807647213 7.89970985535652 7.90092300599621 7.90108105444139 7.90133976167248 7.90211089964836 7.90237132964596 7.90139858184322 7.90061827628843 7.90010221542851 7.89760405017484 7.89348425403718 7.89147526218045 7.89046621322632 7.88853851441414 7.88639134745444 7.88770961761475 7.88927950397615 7.89104581648304 7.89208252199234 7.89006606994137 7.88699416191347 7.88169377849948 7.87829025330082 7.87720506421981 7.87444702271492 7.87047049307054 7.86556157758159 7.86026651628556 7.8593952578883 7.85939368894023 7.85893129533337 7.85844582896079 7.85790097328924 7.85722364917878 7.8560804705466 7.85479697873515 7.85325298001689 7.85190163889239 7.85076025993593 7.85038471221924 7.8505046290736 7.85064686498334 7.8507970071608 7.86559080308484
7.90211265317855 7.90111875534058 7.89989966730918 7.90030564031293 7.90088001374275 7.9015120075595 7.90226181091801 7.90361119854835 7.90409375775245 7.90248363248764 7.90062895128804 7.89843871516566 7.89419023452267 7.88825768809165 7.88561005746165 7.88451839262439 7.88376986595892 7.8831032629936 7.88453917349539 7.88614649926462 7.88814692343435 7.88942364723452 7.887672070534 7.88441728776501 7.87798906141712 7.87387204939319 7.8725797284034 7.870934009552 7.86903086016255 7.86366185834331 7.85685757667788 7.85753287038495 7.85967837610552 7.85952918760238 7.8592398705021 7.85841137363065 7.85745300785188 7.85603841658561 7.85458743187689 7.85306915160148 7.85171098093833 7.85052731729323 7.85009910214332 7.85015975275347 7.85022306442261 7.8502873451479 7.85878772120322
7.90052074001681 7.89886491529403 7.89714905523485 7.8966050763284 7.89628282670052 7.89870889725224 7.90094154111801 7.90219025458059 7.90229632777552 7.89964372880997 7.89610399738435 7.89134634694745 7.88599220398934 7.88015011818178 7.87821917380056 7.87814083407002 7.87739559911912 7.8764910697937 7.87762751117829 7.87896139391007 7.88112777279269 7.88273223753898 7.88198512600314 7.88019603298556 7.87620732092088 7.87319866303475 7.87138803543583 7.86988764424478 7.86861339692147 7.86347123115293 7.85672732322447 7.85762405395508 7.86002276020665 7.8601964212233 7.86015525940926 7.85882002307523 7.85737456044843 7.85554165993967 7.85391004623905 7.85265207290649 7.85146639423986 7.85035939370432 7.84990010722991 7.84985989909018 7.84991894998858 7.85001364061909 7.85273564246393
7.89917201380576 7.89703472198979 7.89482098241006 7.89455226159865 7.89455220007127 7.89643236898607 7.8980883167636 7.89860373158609 7.89811494273524 7.89520137540756 7.89071798324585 7.88407931789275 7.87882464931857 7.87470242284959 7.87349387138121 7.87366547123078 7.87307311642555 7.87229820989793 7.87323727146272 7.8743645452684 7.87651728045556 7.87831561796127 7.87863049968596 7.87802620856993 7.87548171320269 7.87314661087528 7.87106753933814 7.86954962822699 7.86844045885148 7.86374535099153 7.85756511072959 7.85825792435677 7.86030175608973 7.86040479906144 7.86028657420989 7.85870795096121 7.85704648110174 7.85509366373862 7.85344466855449 7.85236000245617 7.85131045310728 7.85029911225842 7.84982032160605 7.8496860842551 7.84969020658924 7.84974391998783 7.84901491288216
7.89800579317154 7.89552228681503 7.89280994476811 7.89373530111005 7.89497158604283 7.8945507695598 7.8940853457297 7.8933930858489 7.89214547987907 7.88955725392988 7.88468622392224 7.87668126629245 7.87242995539019 7.87124979880548 7.8707679471662 7.87061689745995 7.87028940262333 7.86991983844388 7.87073807562551 7.87170893146146 7.87371338567426 7.87560506020823 7.87702497359245 7.87739501460906 7.87554825505903 7.8735605055286 7.87140043320194 7.86974271651237 7.86845104156002 7.86436805417461 7.85912898279005 7.85929879834575 7.86053173003658 7.86026910043532 7.85982979497602 7.8582053799783 7.85653128162507 7.85468221479847 7.85313838528049 7.85216162281652 7.85122093077629 7.85031955472885 7.84982991987659 7.84960689852315 7.84951789917484 7.84947713728874 7.84704276054136
7.89559044376496 7.89387979815083 7.89204648233229 7.89328445926789 7.8947184470392 7.89295762585055 7.89081702693816 7.88674408389676 7.88330544194867 7.88139820098877 7.87694437273087 7.86899437442903 7.86541180456838 7.86540246778919 7.86539908378355 7.86539856080086 7.8654050365571 7.86541332737092 7.86611960011144 7.86702083772229 7.87006119758852 7.87283199064193 7.87447457159719 7.87521168493455 7.87403732730496 7.87255857836816 7.87070780415689 7.86928415298462 7.86817150731241 7.86451182826873 7.85979730852189 7.85921269078409 7.8594400190538 7.85893781723515 7.85834903101767 7.85717899568619 7.85594894040015 7.85450772316225 7.85322297003961 7.85222876456476 7.85127732061571 7.85037234521681 7.8498477935791 7.84956932067871 7.84941853246381 7.84931348985241 7.84636145253335
7.89263974466632 7.89218156568466 7.89181773893295 7.89299048146894 7.89417708304621 7.8914881983111 7.8878635129621 7.87947879299041 7.87323513338643 7.87216134225168 7.86846965359103 7.86118367410475 7.85812633268295 7.85852884477185 7.85889762447726 7.85925023786483 7.85962034040882 7.85999459605063 7.86059279595652 7.86146173169536 7.86604556729717 7.87003220281293 7.8715191195088 7.87236322895173 7.87185030598794 7.87094979132375 7.86957574659778 7.86854616288216 7.8677676570031 7.86445037780269 7.86008176495952 7.85864376252697 7.85778185629076 7.85709408790834 7.85642942305534 7.85592814414732 7.85533786589099 7.85443487474995 7.85347507845971 7.85240971657538 7.85139616074101 7.85043910241896 7.8498690666691 7.84954964730047 7.84935032936835 7.84919420365364 7.84623341406545
7.89137046567855 7.89110602101972 7.89080645961146 7.89154786448325 7.89229623733028 7.89035627918859 7.88653936693745 7.87317472888577 7.86348205997098 7.86265580884872 7.86045512845439 7.85636755727953 7.85480317761821 7.85530319521504 7.85576540423978 7.85620970879832 7.85665292124594 7.85709584143854 7.85780766702467 7.85870361328125 7.86200980217226 7.86483787721203 7.86566502048123 7.86615211732926 7.86592132814469 7.86548599120109 7.8648005454771 7.86415369279923 7.86353486584079 7.86122566653836 7.85821647028769 7.85678562041252 7.85566500694521 7.85497443906723 7.85434390652564 7.85414481932117 7.85388529685236 7.85341299733808 7.85288037023237 7.85223525570285 7.85138087118826 7.85029837392992 7.84970926469372 7.84943932871665 7.84927654266357 7.8491521650745 7.84618603798651
7.89044913937969 7.8901592223875 7.88963348634781 7.8898675826288 7.89013822617069 7.88929420901883 7.88555231401997 7.86706955202164 7.85379463626492 7.85309456240746 7.85253586307649 7.85217108265046 7.8522997671558 7.85283216353386 7.85333030454574 7.85381206389396 7.8542683047633 7.85471848518618 7.85558980511081 7.85652503659648 7.85796983780399 7.85914808704007 7.85921110645417 7.85924523876559 7.85921822824786 7.85922451942198 7.85927163400958 7.85900497436523 7.85850986357658 7.857346534729 7.85590645574754 7.85466075712635 7.85345323624149 7.85279766205818 7.85222410386609 7.8522514220207 7.85225857457807 7.85219484759915 7.85211035513109 7.85198730038058 7.85133777126189 7.85011471471479 7.84951185411023 7.84931030581074 7.84920155617499 7.84912624666768 7.84615536658995
7.8832959359692 7.88189040460894 7.88105400146977 7.88081750562114 7.88044275776033 7.87467759655368 7.86793822626914 7.85624353347286 7.84794039880076 7.84782652701101 7.84865594679309 7.85078039476948 7.85186589148737 7.85210135675246 7.85232970022386 7.85255456739856 7.8527188147268 7.85286846468526 7.85337228159751 7.85393481100759 7.8549970042321 7.85592039169804 7.85626288383238 7.8564862128227 7.85645783332086 7.85644997319867 7.85646755464615 7.8562556236021 7.85587675340714 7.85477732073876 7.85337964950069 7.85250400727795 7.85173099271713 7.85133643304148 7.85099332563339 7.85101641378095 7.8510263658339 7.8509905569015 7.85100153953798 7.85109961417414 7.85079888374575 7.85006366237517 7.84961668137581 7.84935618985084 7.84923265826318 7.84915830243018 7.8462495803833
7.87545744065315 7.873061549279 7.87195036488195 7.87131581767913 7.87038287808818 7.86007790411672 7.85068127416795 7.84590519628217 7.84265633552305 7.84309533334547 7.84511715365994 7.84931198243172 7.85128781103319 7.85144807446388 7.85148088393673 7.85145333505446 7.85133534093057 7.85119582760719 7.85132614258797 7.85151250900761 7.85224380800801 7.85295154202369 7.85356084762081 7.85396132930633 7.85392072123866 7.85387991320702 7.85383899750248 7.85367127387754 7.85341110537129 7.85237204643988 7.85101033795265 7.85050455216439 7.8501671360385 7.85002579227571 7.84990501403809 7.84991405856225 7.849914673836 7.84988523298694 7.84996244984288 7.85023760026501 7.85026019619357 7.85000747249972 7.84971921674667 7.84940787284605 7.84927003614364 7.84919454205421 7.84633913347798
7.86328491087883 7.86175641705913 7.86079391356437 7.86051684041177 7.8600350656817 7.85213302796887 7.84517565081196 7.84302314635246 7.84162332165626 7.84204070798812 7.84328802170292 7.84567485317107 7.84818312429613 7.85079065445931 7.8515659762967 7.85147340836064 7.85132523505918 7.85116381799021 7.85110808957008 7.85107858719364 7.85132360458374 7.85156803746377 7.85180990157589 7.85195181446691 7.85188278075187 7.85182512960126 7.85178141440115 7.85169959837391 7.85159000273674 7.85108835466446 7.85042450504918 7.85019885340045 7.85005938622259 7.84998041583646 7.84991101295717 7.84991282801474 7.84989879977319 7.84982876623831 7.84982768950924 7.84995486659388 7.84996048096688 7.84983353460989 7.8496528748543 7.84943737522248 7.84932398026989 7.84924740945139 7.84631839875252
7.85352030108052 7.85236463239116 7.85109475351149 7.85094917974164 7.85072537391417 7.84528215469853 7.84071083991758 7.84057511052778 7.84058106330133 7.84092903137207 7.84152287821616 7.84245400274954 7.84511049332157 7.84917843726373 7.85040758502099 7.85029197508289 7.85014338647166 7.84998683006533 7.84980435525217 7.84962601815501 7.84953341945525 7.84945244942942 7.84941987068422 7.84936901830858 7.84927952674127 7.84922459817702 7.84921198506509 7.84922135260797 7.84924667112289 7.84916073276151 7.84902875654159 7.84901323626118 7.8490206503099 7.84900543766637 7.84899510106733 7.84904012372417 7.84906793409778 7.84903475546068 7.84914859648674 7.84953526527651 7.84972018580283 7.84968523825369 7.84959062453239 7.84945740238313 7.84909171442832 7.84864259535266 7.84590694981237
7.85258497730378 7.84998901428715 7.84673843076152 7.84589602870326 7.84522208859844 7.84244245098483 7.84006283360143 7.83971804957236 7.83950468801683 7.83960874619023 7.83999236937492 7.84075967727169 7.84215553345219 7.84406552776214 7.84468979989329 7.84470502791866 7.84466505050659 7.844611829327 7.84451981513731 7.84443852209276 7.84455322450207 7.84465236048545 7.84468658508793 7.8446838009742 7.84460306167603 7.84462290425454 7.84476586311094 7.84488571843793 7.84498882293701 7.84487172096006 7.84466337388562 7.84460156963718 7.84456856020035 7.84462211978051 7.84469893670851 7.84497188752697 7.84524822235107 7.84553666268626 7.84647330930156 7.84861372363183 7.84969775907455 7.84963098649056 7.84954343303557 7.8494424358491 7.84780948392807 7.84562618501725 7.84406232833862
