Ecospace-environmental-drivers/Outputs/ASCII-for-ecospace/MOM6-ISIMIP3a/ph-bot/2015_mo09_avg50y_ph-bot_MOM6-ISIMIP3a.asc
NCOLS 131 
NROWS 53 
XLLCORNER -98 
YLLCORNER 23.9265270233154 
CELLSIZE 0.133587792515755 
NODATA_value -9999 
[rows 21 to 41 of 53, columns 0 to 47 of 131]
-9999 -9999 -9999 -9999 -9999 -9999 -9999 -9999 -9999 -9999 -9999 8.12945575714111 8.12852012634277 8.12573295593262 8.12157426834106 8.11583305358887 8.11007400512695 8.10430274963379 8.10270742416382 8.10272483825684 8.10254179000854 8.10232353210449 8.09726222991943 8.09260284423828 8.09217620849609 8.09191423416138 8.09218635559082 8.0928465461731 8.09418411254883 8.09576890945435 8.09760837554932 8.0997479057312 8.1020703125 8.10396169662476 8.10570953369141 8.10692712783814 8.10806747436524 8.10865049362183 8.10918943405151 8.10944791793823 8.1097710609436 8.11027460098267 8.11008365631104 8.10881935119629 8.10870691299439 8.10965158462524 8.11088006973267 8.1122615814209
-9999 -9999 -9999 -9999 -9999 -9999 -9999 -9999 -9999 -9999 8.12550012588501 8.12353370666504 8.1205711555481 8.1156374168396 8.1114331817627 8.10807060241699 8.10414556503296 8.09983446121216 8.09907758712769 8.09969314575195 8.10056882858276 8.10149055480957 8.10094646453857 8.10040777206421 8.10018320083618 8.10001443862915 8.10002653121948 8.10026292800903 8.10089073181152 8.1018563079834 8.10316930770874 8.10467988967896 8.10631088256836 8.10781837463379 8.10928466796875 8.10992973327637 8.11046379089355 8.11132373809814 8.11214040756226 8.11268148422241 8.11318181991577 8.11356943130493 8.1135528755188 8.11291160583496 8.11280132293701 8.11317823410034 8.11381797790527 8.11459911346436
-9999 -9999 -9999 -9999 -9999 -9999 -9999 -9999 8.12686086654663 8.12615982055664 8.12436975479126 8.11841157913208 8.11220317840576 8.10549945831299 8.10161813735962 8.10099340438843 8.09912349700928 8.09639841079712 8.09658157348633 8.09788785934448 8.09922058105469 8.1005580329895 8.10331270217896 8.10579580307007 8.10575746536255 8.1056547164917 8.10534297943115 8.10538877487183 8.10605840682983 8.10685878753662 8.1077939414978 8.10873134613037 8.10967000961304 8.11078073501587 8.11194852828979 8.11201240539551 8.11192771911621 8.11241823196411 8.11283281326294 8.11276342391968 8.11252002716065 8.1117921257019 8.11137445449829 8.11143600463867 8.11136003494263 8.11115772247314 8.11117738723755 8.11131656646729
-9999 -9999 -9999 -9999 -9999 -9999 -9999 8.12691591262817 8.12663782119751 8.12309886932373 8.11880531311035 8.11162334442139 8.10598663330078 8.10340734481812 8.10382171630859 8.10768983840942 8.10971534729004 8.11047546386719 8.11164604187012 8.112975025177 8.10583414077759 8.09719871520996 8.07374046325684 8.05248443603516 8.05228425979614 8.05201040267944 8.05149824142456 8.0565319442749 8.07124357223511 8.08400026321411 8.09474523544312 8.09912174224853 8.09961839675903 8.10026754379273 8.10096742630005 8.10130578994751 8.10152311325073 8.0918504524231 8.08155504226685 8.06729423522949 8.05230224609375 8.03527492523193 8.02507626533508 8.02543113708496 8.02536485671997 8.02491193771362 8.02489330291748 8.02510853767395
-9999 -9999 -9999 -9999 -9999 -9999 -9999 8.12895151138306 8.12536966323852 8.11812568664551 8.11099164962769 8.10427837371826 8.10020141601563 8.10134071350098 8.10296520233154 8.1051496887207 8.10354261398316 8.0993316078186 8.09909194946289 8.10038583755493 8.0878505897522 8.0728750038147 8.0324934387207 7.99591165542602 7.99563121795654 7.99527886390686 7.99469338417053 8.00294499397278 8.02661803245544 8.0465912437439 8.06275760650635 8.0686643409729 8.06832105636597 8.06844211578369 8.06871801376343 8.06917827606201 8.06954767227173 8.05375141143799 8.03701897621155 8.01432489395142 7.99048320770264 7.96344731330872 7.94724994659424 7.94780288696289 7.94777682304382 7.94721935272217 7.94752465248108 7.94829454421997
-9999 -9999 -9999 -9999 -9999 -9999 8.13205755233765 8.12628080368042 8.11951868057251 8.10476760864258 8.09331604003906 8.09449312210083 8.09630802154541 8.09938470840454 8.08869138717651 8.06210962295532 8.02386129379273 7.97760099411011 7.96543891906738 7.96644345283508 7.96201548576355 7.95662880897522 7.9400551700592 7.92503832817078 7.92503596305847 7.92501033782959 7.92490937232971 7.92861804008484 7.9389747428894 7.94538272857666 7.94772756576538 7.94679552078247 7.94386731147766 7.94316892623901 7.94321375846863 7.94312588691711 7.94299038887024 7.93878295898438 7.93434862136841 7.92846906661987 7.92164302825928 7.91218249320984 7.90656962394714 7.90690320014954 7.90705167770386 7.90703022956848 7.90924768447876 7.91267067909241
-9999 -9999 -9999 -9999 -9999 8.13143890380859 8.13174879074097 8.12238393783569 8.11192411422729 8.09459163665771 8.08241256713867 8.08995822906494 8.09466636657715 8.09376026153564 8.06758337020874 8.01224840164185 7.95183135032654 7.88792428016663 7.87243599891663 7.87564396858215 7.8774959564209 7.87910857200623 7.87889407157898 7.87868052482605 7.87880926132202 7.87901172637939 7.87945355415344 7.8800828742981 7.88103936195374 7.87818549156189 7.87141082763672 7.86633091926575 7.86228345870972 7.86119626998901 7.86109579086304 7.86073175430298 7.86036195755005 7.86425789833069 7.86834271430969 7.87363042831421 7.87810516357422 7.88031682014465 7.88190264701843 7.88252123832703 7.88300552368164 7.88336650848389 7.88640193939209 7.8908774471283
-9999 -9999 -9999 -9999 -9999 8.13102935791016 8.13084058761597 8.11581243515015 8.10052505493164 8.09135843276978 8.0862850189209 8.09687871932983 8.09793802261353 8.08013118743897 8.03156415939331 7.9475043964386 7.89649573326111 7.86818455696106 7.86812557220459 7.87897579193115 7.88312097549438 7.88608296394348 7.88597495079041 7.88581198692322 7.88575114250183 7.88596669197083 7.8870783996582 7.8878217124939 7.88792236328125 7.88519600868225 7.87956086158752 7.87620420455933 7.87423542976379 7.87369917869568 7.87364043235779 7.8735933971405 7.87357975959778 7.87797421455383 7.88233323097229 7.88646676063538 7.8897732257843 7.89077728271484 7.892174243927 7.89417844772339 7.89535041809082 7.8957585811615 7.89722473144531 7.89926054954529
-9999 -9999 -9999 -9999 -9999 8.12927444458008 8.12965402603149 8.11134153366089 8.09324327468872 8.08919589996338 8.08844203948975 8.10029356002808 8.09476797103882 8.0548582649231 7.99219078063965 7.90326433181763 7.86443907737732 7.86002051353455 7.86865581512451 7.88233170509338 7.88829586982727 7.89289916038513 7.89313935279846 7.89325289726257 7.89310730934143 7.89321420669556 7.89413986206055 7.89448283195496 7.8938089466095 7.89145666122436 7.88737723350525 7.88541514396668 7.88474278450012 7.88491382598877 7.88536595344543 7.88562739372253 7.88588634490967 7.88947218894959 7.89298083305359 7.89599789619446 7.89828097343445 7.89852083206177 7.89944009780884 7.90140943527222 7.90259288787842 7.90305491447449 7.90326120376587 7.90332974433899
-9999 -9999 -9999 -9999 -9999 8.12864187240601 8.12825132369995 8.10951351165772 8.09114130020142 8.08838094711304 8.08844110488892 8.09929780960083 8.08349390029907 8.0149363899231 7.94859789848328 7.8848198223114 7.86166930198669 7.86641962051392 7.87527607917786 7.88571808815002 7.89290453910828 7.89951643943787 7.90040863037109 7.90108292579651 7.90098456382751 7.90082989692688 7.90049265861511 7.89978797912598 7.89844195365906 7.89677371025085 7.89477382659912 7.89379279136658 7.89343249320984 7.89450752258301 7.89606098175049 7.8966199016571 7.89704651832581 7.89817931175232 7.89942276000977 7.90137080192566 7.90281281471252 7.90284636497498 7.90292459487915 7.90307191848755 7.90341588973999 7.90394047737122 7.90327617645264 7.90197170257568
-9999 -9999 -9999 -9999 -9999 -9999 8.12761417388916 8.11143659591675 8.09546838760376 8.09194011688232 8.09114892959595 8.10083377838135 8.08558742523193 8.0210094165802 7.95383001327515 7.88364921569824 7.86238963127136 7.87472638130188 7.88382925033569 7.89168332099915 7.89751260757446 7.9029845905304 7.90410675048828 7.90501463890076 7.90493032455444 7.90466595649719 7.9038178730011 7.90279232978821 7.90145719528198 7.9005592250824 7.9001112651825 7.89991408348083 7.899869556427 7.90092725753784 7.90235223770142 7.90296996116638 7.90347147941589 7.90334851264954 7.90336940765381 7.90430692672729 7.90473739624023 7.90375590324402 7.90299648284912 7.90257996559143 7.90273676872253 7.90341968536377 7.90251788139343 7.9007626914978
-9999 -9999 -9999 -9999 -9999 -9999 -9999 8.11617301940918 8.10461719512939 8.09878017425537 8.09588827133179 8.10426858901977 8.09770681381226 8.0615789604187 7.99568137168884 7.89543427467346 7.86572750091553 7.88446401596069 7.89383212089539 7.89958280563355 7.9021203327179 7.90409087181091 7.90512636184692 7.90602245330811 7.9059273815155 7.90566732406616 7.90487235069275 7.90407111167908 7.9032590007782 7.90319618225098 7.9039044380188 7.90434288978577 7.90461708068848 7.90496643066406 7.90534079551697 7.90583802223206 7.90634510040283 7.90586408615112 7.90544444084167 7.90541562080383 7.90470645904541 7.90210354804993 7.90050880432129 7.90047218322754 7.9009309387207 7.90184426307678 7.90117966651917 7.89966540336609
-9999 -9999 -9999 -9999 -9999 -9999 -9999 8.11711683273315 8.11491979598999 8.10368566513062 8.09632810592651 8.10380887985229 8.10219665527344 8.08259185791016 8.01878930091858 7.90398942947388 7.86825048446655 7.88680629730225 7.89635338783264 7.90242184638977 7.90397608757019 7.9047336769104 7.90467646598816 7.90454660415649 7.90395999908447 7.90338640213013 7.90285510063171 7.90293469429016 7.90408032417297 7.90503302574158 7.90578720092773 7.90612523078918 7.90620982170105 7.90623177528381 7.90623281478882 7.90569328308105 7.90508205413818 7.9048925113678 7.90465719223022 7.90413035392761 7.9029428768158 7.89991625785828 7.89803857803345 7.89793630599976 7.89820780754089 7.89882235527039 7.89834920883179 7.89729037284851
-9999 -9999 -9999 -9999 -9999 -9999 -9999 8.12286581039429 8.12571691513062 8.10776197433472 8.09492546081543 8.10168020248413 8.10341651916504 8.09522310256958 8.0338641166687 7.91116030693054 7.87042427062988 7.8859791469574 7.89566813468933 7.90309205055237 7.9046522808075 7.90517772674561 7.90359666824341 7.9020062828064 7.9007221031189 7.89969885826111 7.89952138900757 7.9007631111145 7.90448143959045 7.90652693748474 7.90685122489929 7.90677335739136 7.90645048141479 7.90630828857422 7.90622630119324 7.90425731658936 7.90204613685608 7.90242645263672 7.90264329910278 7.90181910514832 7.90043658256531 7.89749976158142 7.89557573318481 7.89521696090698 7.89509163856506 7.89518055915832 7.89487919807434 7.89436773300171
-9999 -9999 -9999 -9999 -9999 -9999 -9999 8.1283557510376 8.12693235397339 8.10827238082886 8.09493274688721 8.10195655822754 8.10435235977173 8.09759059906006 8.0364391708374 7.91253060340881 7.87097054481506 7.8859628868103 7.89552285194397 7.90298517227173 7.9046946144104 7.90538884162903 7.90299285888672 7.90041548728943 7.89689073562622 7.89344751358032 7.89026863098145 7.89048599243164 7.89663005828857 7.89992729187012 7.90029511451721 7.9003077507019 7.90010398864746 7.89932063102722 7.89834408760071 7.89758051872253 7.8968536567688 7.89714016914368 7.89745281219482 7.89793177604675 7.89785308837891 7.89622219085693 7.8950430393219 7.89456205368042 7.89397272109985 7.89328397750854 7.89308680534363 7.89315425872803
-9999 -9999 -9999 -9999 -9999 -9999 -9999 8.12794479370117 8.12616521835327 8.1080450630188 8.09523170471191 8.10273061752319 8.1052293586731 8.09783437728882 8.03642791748047 7.91270080566406 7.87118015289307 7.88611435890198 7.89548928260803 7.9027175617218 7.90460583686829 7.90555176734924 7.90248745918274 7.89902118682861 7.89293655395508 7.88666573524475 7.87979115486145 7.87853169441223 7.88707118988037 7.89165300369263 7.89216240882874 7.89237030982971 7.89239453315735 7.89087136268616 7.88883240699768 7.88981939315796 7.89121495246887 7.8912704372406 7.89160514831543 7.89371829986572 7.89525360107422 7.89518016815186 7.89490957260132 7.89433424949646 7.89326707839966 7.89174842834473 7.89164140701294 7.89229445457458
-9999 -9999 -9999 -9999 -9999 -9999 -9999 8.1266847038269 8.12534763336182 8.10845451354981 8.09659526824951 8.10400329589844 8.10631582260132 8.09854560852051 8.03602012634277 7.91031568527222 7.86781478881836 7.88245358467102 7.8923463344574 7.9004065990448 7.90192316055298 7.90228499412537 7.89816815376282 7.89360058784485 7.8860946559906 7.87842170715332 7.87020735740662 7.86645824432373 7.87050141334534 7.87259392738342 7.87267923355103 7.87282249450684 7.87300109863281 7.87216458320618 7.87098967552185 7.87179135322571 7.87289661407471 7.87821708679199 7.88356176376343 7.88906053543091 7.89309814453125 7.89306804656982 7.89290592193603 7.89253965377808 7.89188201904297 7.89095704078674 7.88838375091553 7.88492295265198
-9999 -9999 -9999 -9999 -9999 -9999 -9999 8.12535638809204 8.12452577590942 8.10889860153198 8.0980242729187 8.10534191131592 8.10718368530273 8.09819009780884 8.03450563430786 7.90771648406982 7.86460954666138 7.87897084236145 7.88936349868774 7.89822365760803 7.899145860672 7.89866716384888 7.89344265937805 7.88773808479309 7.87889904022217 7.87004194259644 7.86112621307373 7.85533624649048 7.85500123023987 7.85467752456665 7.85436532974243 7.85428893089294 7.85435623168945 7.85416185379028 7.85388020515442 7.85440635681152 7.85511185646057 7.86522343635559 7.87508808135986 7.8833800983429 7.88947715759277 7.8894641494751 7.88942409515381 7.88934216499329 7.88911427497864 7.88875230789185 7.8840017414093 7.87688805580139
-9999 -9999 -9999 -9999 -9999 -9999 -9999 8.12487459182739 8.12368282318115 8.10940731048584 8.09964321136475 8.10714572906494 8.10562068939209 8.0862325668335 8.02137557029724 7.90405446052551 7.86481944084167 7.87920961380005 7.88957355499268 7.89838285446167 7.89659780502319 7.89294321060181 7.88620658874512 7.87908436775207 7.86931100845337 7.86091402053833 7.85697978973389 7.85442028045654 7.85425974845886 7.8541016960144 7.85394622802734 7.85212055206299 7.8492774772644 7.84856888771057 7.84857174873352 7.84878446578979 7.84907598495483 7.85629799842834 7.86307315826416 7.86700263977051 7.87001179695129 7.87045867919922 7.87106825828552 7.87192918777466 7.87192133903503 7.87111626625061 7.86849173545837 7.86488761901856
-9999 -9999 -9999 -9999 -9999 -9999 -9999 8.1223755645752 8.12004760742187 8.10861473083496 8.10105459213257 8.10831697463989 8.10201822280884 8.06888586044312 8.00329962730408 7.90026708602905 7.86679719924927 7.88109926223755 7.89098903656006 7.89917505264282 7.89407707214355 7.88663482666016 7.87776171684265 7.86880967140198 7.85946136474609 7.8523021030426 7.85224053382874 7.85217959403992 7.85211968421936 7.85207055091858 7.85203252792358 7.84922366142273 7.84472687721252 7.84377321243286 7.84400060653687 7.84399725914001 7.84399394989014 7.84841763496399 7.85231653213501 7.85287242889404 7.85349791526794 7.85431711196899 7.85543007850647 7.85699710845947 7.85740078926086 7.85673684120178 7.8560165977478 7.85526602745056
-9999 -9999 -9999 -9999 -9999 -9999 8.12384950637817 8.11500131607056 8.10617378234863 8.10305028915405 8.10170545578003 8.10716905593872 8.09093767166138 8.03177809715271 7.96708911895752 7.89602018356323 7.875257396698 7.88904214859009 7.89682425498962 7.90228849411011 7.89165628433228 7.87818361282349 7.86488444328308 7.85259155273438 7.84865261077881 7.84558220863342 7.84532755851746 7.84508178710938 7.84485139846802 7.84470288276672 7.84463868141174 7.84365560531616 7.84211271286011 7.84190097808838 7.8421329498291 7.84227085113525 7.8424088382721 7.84436936378479 7.84617353439331 7.84698196411133 7.84780663490295 7.84867647171021 7.84975667953491 7.85116194725037 7.85267894744873 7.85429858207703 7.85466915130615 7.85436720848084
