Ecospace-environmental-drivers/Outputs/ASCII-for-ecospace/Temp-surf/Temp-surf_X1999.11.asc
NCOLS 131 
NROWS 53 
XLLCORNER -98 
YLLCORNER 23.9265270233154 
CELLSIZE 0.133587792515755 
NODATA_value -3.4e+38 
[rows 21 to 41 of 53, columns 0 to 46 of 131]
-3.4e+38 -3.4e+38 -3.4e+38 -3.4e+38 -3.4e+38 -3.4e+38 22.6097984313965 22.5543823242188 22.5389385223389 22.2760314941406 22.5425682067871 22.8193626403809 23.1262664794922 23.4738998413086 23.7586498260498 24.0139026641846 24.2610321044922 24.4450168609619 24.5077075958252 24.6325359344482 24.8294887542725 24.9138641357422 24.8559875488281 24.8006992340088 24.8353710174561 24.8229370117188 24.87424659729 24.8857269287109 24.9085884094238 24.9270629882812 24.9192562103271 24.8922958374023 24.8760395050049 24.8949527740479 24.9397850036621 24.9500503540039 24.9638214111328 24.9652671813965 24.9669189453125 24.9692306518555 24.9828090667725 24.9771919250488 24.9627017974854 24.9442195892334 24.9577388763428 24.9898796081543 24.9703350067139
-3.4e+38 -3.4e+38 -3.4e+38 -3.4e+38 -3.4e+38 -3.4e+38 22.5939044952393 22.6811065673828 22.5543823242188 22.7863998413086 23.0742473602295 23.3996524810791 23.8014945983887 24.1739368438721 24.4101085662842 24.5530700683594 24.7286796569824 24.8076972961426 24.8204383850098 24.9460163116455 25.0197010040283 25.0083122253418 24.9623222351074 24.9867134094238 25.0046501159668 25.0240421295166 25.0303211212158 25.0192813873291 25.0224933624268 25.0421333312988 25.0060482025146 24.9765777587891 24.9755802154541 24.9707145690918 24.9759883880615 25.009069442749 25.0077056884766 24.9777126312256 25.0042705535889 24.990966796875 24.9780578613281 25.0030994415283 25.0156917572021 25.0255432128906 25.0362434387207 25.0421199798584 25.0276927947998
-3.4e+38 -3.4e+38 -3.4e+38 -3.4e+38 22.823034286499 22.7646560668945 22.7741851806641 22.5939044952393 22.8950309753418 23.2305583953857 23.6376686096191 24.1046390533447 24.4836483001709 24.7917327880859 24.8827590942383 24.9335670471191 24.9508323669434 24.9266147613525 25.0158882141113 25.1078052520752 25.1259098052979 25.1104278564453 25.1180534362793 25.18137550354 25.1963329315186 25.1836395263672 25.1582107543945 25.1548538208008 25.1278209686279 25.0906639099121 25.0642337799072 25.0212440490723 24.9982395172119 24.9847164154053 25.0266895294189 25.0394916534424 25.0223426818848 25.0193786621094 25.0165405273438 25.0228652954102 25.0136127471924 25.0199871063232 25.0245151519775 25.0298519134521 25.0367031097412 25.0582847595215 25.0610866546631
-3.4e+38 -3.4e+38 -3.4e+38 -3.4e+38 22.8354721069336 22.8689765930176 22.7646560668945 22.9639949798584 23.306453704834 23.7271785736084 24.2553272247314 24.6454601287842 24.8642711639404 25.0329055786133 25.1577014923096 25.2193260192871 25.178150177002 25.1301937103271 25.1772918701172 25.2049503326416 25.200475692749 25.2123355865479 25.2267818450928 25.2872829437256 25.292329788208 25.2416591644287 25.1881942749023 25.1909866333008 25.1926155090332 25.1336231231689 25.089334487915 25.0696067810059 25.0477695465088 25.0538711547852 25.0678157806396 25.0589065551758 25.0484714508057 25.0435466766357 25.0552291870117 25.0550289154053 25.0772743225098 25.0759391784668 25.0729579925537 25.0995216369629 25.0981769561768 25.0943851470947 25.1055660247803
-3.4e+38 -3.4e+38 -3.4e+38 -3.4e+38 -3.4e+38 22.8354721069336 23.006799697876 23.3163204193115 23.7376174926758 24.2629337310791 24.7731800079346 25.0843124389648 25.3133449554443 25.5027542114258 25.6133460998535 25.6585311889648 25.6624355316162 25.5995121002197 25.5277938842773 25.50514793396 25.3864765167236 25.3142261505127 25.3254222869873 25.3707637786865 25.3667068481445 25.3086700439453 25.2356872558594 25.2103977203369 25.2470073699951 25.2095050811768 25.1829395294189 25.1601600646973 25.1261310577393 25.1106948852539 25.0858135223389 25.0789432525635 25.0914726257324 25.0930862426758 25.1333637237549 25.1275634765625 25.1474189758301 25.1509399414062 25.1518325805664 25.1590518951416 25.1460227966309 25.1601676940918 25.1686248779297
-3.4e+38 -3.4e+38 -3.4e+38 -3.4e+38 -3.4e+38 23.0170860290527 23.3321704864502 23.6560535430908 24.1850566864014 24.717866897583 25.0847473144531 25.3620948791504 25.6554260253906 25.7556819915771 25.8048992156982 25.8197822570801 25.8075695037842 25.8098392486572 25.7664642333984 25.6672515869141 25.5959854125977 25.4758071899414 25.4471454620361 25.4524269104004 25.447546005249 25.4150047302246 25.3525657653809 25.262056350708 25.2833786010742 25.260591506958 25.2367362976074 25.1969795227051 25.1643390655518 25.1306610107422 25.1082172393799 25.1170463562012 25.1200923919678 25.1110153198242 25.133113861084 25.1181354522705 25.101282119751 25.0768718719482 25.0576095581055 25.051155090332 25.0510730743408 25.0589370727539 25.0732192993164
-3.4e+38 -3.4e+38 21.9193344116211 22.0942420959473 22.7613105773926 23.2186298370361 23.5612754821777 24.0014686584473 24.5718936920166 25.0077877044678 25.2468090057373 25.612434387207 25.8110198974609 25.854097366333 25.8449306488037 25.8162574768066 25.7924709320068 25.7988414764404 25.8085422515869 25.7917976379395 25.7028217315674 25.6040687561035 25.5386276245117 25.5031929016113 25.4840068817139 25.4769382476807 25.4275283813477 25.3150157928467 25.3177108764648 25.2842559814453 25.2432270050049 25.2130241394043 25.1713027954102 25.1563549041748 25.1309490203857 25.1324062347412 25.1264762878418 25.1205234527588 25.1193561553955 25.1037998199463 25.1023426055908 25.1112632751465 25.1202278137207 25.1349906921387 25.1574840545654 25.1617183685303 25.1819744110107
-339999999999999996128486808808066248288.000000000000000 -3.4e+38 -3.4e+38 -3.4e+38 22.2691497802734 23.3823490142822 23.7628402709961 24.2796382904053 24.7994804382324 25.0981121063232 25.3734302520752 25.7899570465088 25.8864707946777 25.8856811523438 25.8504772186279 25.795991897583 25.7958068847656 25.7962379455566 25.7997303009033 25.8066120147705 25.7840118408203 25.6851711273193 25.6134243011475 25.563663482666 25.520938873291 25.5245590209961 25.4717063903809 25.3634586334229 25.3374614715576 25.307804107666 25.2742824554443 25.2221870422363 25.1886463165283 25.1790714263916 25.1741428375244 25.2049388885498 25.2258415222168 25.2343826293945 25.2583999633789 25.2701206207275 25.2728252410889 25.2849617004395 25.2935314178467 25.2941112518311 25.3163509368896 25.3648090362549 25.4192295074463
-3.4e+38 -3.4e+38 -3.4e+38 -3.4e+38 22.4947509765625 23.5715560913086 23.9069633483887 24.43186378479 24.9190464019775 25.1967964172363 25.6214141845703 25.8623714447021 25.9230251312256 25.9180335998535 25.8632431030273 25.7997741699219 25.799898147583 25.8052196502686 25.7962493896484 25.7962207794189 25.8261775970459 25.7752742767334 25.6700954437256 25.6170425415039 25.58642578125 25.5580520629883 25.5075740814209 25.4071369171143 25.3570938110352 25.3336143493652 25.2941341400146 25.2510204315186 25.2422180175781 25.2773494720459 25.3300952911377 25.3344459533691 25.3370018005371 25.3292484283447 25.3206272125244 25.3067531585693 25.3082885742188 25.3169059753418 25.337532043457 25.3592510223389 25.4149837493896 25.5203456878662 25.5933971405029
-3.4e+38 -3.4e+38 -3.4e+38 -3.4e+38 22.6947746276855 23.6068305969238 23.9440727233887 24.4308395385742 24.9463157653809 25.2879886627197 25.6911964416504 25.8966369628906 25.9455871582031 25.9479312896729 25.9017372131348 25.8363590240479 25.8024997711182 25.8130054473877 25.8162860870361 25.8123798370361 25.8228492736816 25.8385124206543 25.7158813476562 25.6592788696289 25.6271667480469 25.5999126434326 25.5402774810791 25.4417762756348 25.3788814544678 25.3375911712646 25.2862415313721 25.2858753204346 25.3168907165527 25.3483467102051 25.3560695648193 25.3669700622559 25.3662357330322 25.3502159118652 25.3473091125488 25.3547077178955 25.377161026001 25.3965644836426 25.4244747161865 25.4969043731689 25.6036739349365 25.7083644866943 25.78835105896
-3.4e+38 -3.4e+38 -3.4e+38 -3.4e+38 22.5057220458984 23.5270729064941 23.9522113800049 24.3286743164062 24.8452758789062 25.2987613677979 25.6756706237793 25.9183750152588 25.9593544006348 25.9715309143066 25.9705352783203 25.9205226898193 25.8515663146973 25.8145332336426 25.8121738433838 25.8108444213867 25.8104991912842 25.8299140930176 25.7922267913818 25.6937789916992 25.6581859588623 25.6381130218506 25.5794010162354 25.4787311553955 25.4132881164551 25.3475723266602 25.3045330047607 25.3328227996826 25.3628959655762 25.3793773651123 25.4017028808594 25.4308185577393 25.4368877410889 25.4299926757812 25.4357776641846 25.4683647155762 25.4921283721924 25.514404296875 25.5805683135986 25.7098979949951 25.8310985565186 25.9375782012939 26.0079097747803
-3.4e+38 -3.4e+38 -3.4e+38 -3.4e+38 22.580150604248 23.4109916687012 23.9347076416016 24.207820892334 24.6645355224609 25.1342830657959 25.588981628418 25.9258213043213 25.9701461791992 25.9817543029785 26.0029525756836 25.9974136352539 25.9711017608643 25.9076843261719 25.843677520752 25.8122158050537 25.791145324707 25.797924041748 25.8061408996582 25.7485084533691 25.7019157409668 25.6596431732178 25.6296825408936 25.533821105957 25.4632606506348 25.3962802886963 25.3471565246582 25.3798637390137 25.3921527862549 25.4348087310791 25.465950012207 25.5099925994873 25.5245933532715 25.5204772949219 25.544095993042 25.5765724182129 25.6222229003906 25.704008102417 25.8280735015869 25.9644813537598 26.0425891876221 26.103759765625 26.1133251190186
-3.4e+38 -3.4e+38 -3.4e+38 -3.4e+38 22.409969329834 23.2257671356201 23.914888381958 24.1548557281494 24.5023250579834 24.9795341491699 25.4238052368164 25.8753280639648 25.9841251373291 25.9772968292236 25.9824142456055 25.9929809570312 26.0105895996094 26.008358001709 25.9726676940918 25.9090480804443 25.8555068969727 25.8153591156006 25.8058300018311 25.7888317108154 25.7591686248779 25.7175159454346 25.6641578674316 25.5807933807373 25.5162677764893 25.4712886810303 25.4000720977783 25.4227066040039 25.4534149169922 25.5033416748047 25.5271034240723 25.5689182281494 25.6132278442383 25.6425933837891 25.658821105957 25.7108936309814 25.7882804870605 25.8917713165283 26.0200157165527 26.105640411377 26.1563854217529 26.1560173034668 26.1427516937256
-3.4e+38 -3.4e+38 -3.4e+38 -3.4e+38 -3.4e+38 23.5673160552979 23.8848781585693 24.1938400268555 24.4844017028809 24.8962860107422 25.2877388000488 25.8095626831055 25.9857082366943 25.9845581054688 25.9757595062256 25.9841938018799 25.994255065918 26.011194229126 26.0278034210205 26.0139331817627 25.9717197418213 25.9146976470947 25.8495597839355 25.8205738067627 25.7961311340332 25.7692050933838 25.7222900390625 25.6378955841064 25.5624618530273 25.5330505371094 25.4855690002441 25.4847545623779 25.5360221862793 25.5897102355957 25.6240482330322 25.6606426239014 25.7013683319092 25.7208442687988 25.7680339813232 25.8398971557617 25.9127788543701 26.015645980835 26.101749420166 26.1379928588867 26.1487236022949 26.1680088043213 26.2220687866211
-3.4e+38 -3.4e+38 -3.4e+38 -3.4e+38 -3.4e+38 22.5938243865967 23.8743267059326 24.2899494171143 24.5471572875977 24.9990940093994 25.3577442169189 25.8222427368164 25.955997467041 25.9567356109619 25.9267139434814 25.9127025604248 25.9201393127441 25.95924949646 26.0072174072266 26.0222663879395 26.0396747589111 26.0275573730469 25.9662628173828 25.9266033172607 25.8541431427002 25.7978839874268 25.7446441650391 25.7030258178711 25.6384239196777 25.5942554473877 25.5691413879395 25.545747756958 25.5975551605225 25.6496925354004 25.7003993988037 25.7168445587158 25.7499980926514 25.7765502929688 25.8230667114258 25.8843231201172 25.9639739990234 26.0560436248779 26.1205005645752 26.11692237854 26.1646366119385 26.243782043457 26.3180694580078
-3.4e+38 -3.4e+38 -3.4e+38 -3.4e+38 -3.4e+38 22.82350730896 23.8263206481934 24.3880844116211 24.6644515991211 25.0782833099365 25.4766445159912 25.8485374450684 25.9302158355713 25.9194164276123 25.8720970153809 25.8310451507568 25.8257942199707 25.8671836853027 25.9421806335449 26.021089553833 26.0447807312012 26.0575008392334 26.0647411346436 26.0242080688477 25.9784965515137 25.9217624664307 25.8265705108643 25.7653942108154 25.7277278900146 25.6903285980225 25.660249710083 25.6366748809814 25.6309070587158 25.6763744354248 25.7329177856445 25.75124168396 25.7889709472656 25.8288688659668 25.8700122833252 25.9296169281006 26.0191287994385 26.1058521270752 26.1476192474365 26.1682395935059 26.2484893798828 26.333532333374 26.3842468261719
-3.4e+38 -3.4e+38 -3.4e+38 -3.4e+38 -3.4e+38 -3.4e+38 24.0180320739746 24.4588603973389 24.7958641052246 25.1853160858154 25.5918140411377 25.8504028320312 25.9018363952637 25.8850593566895 25.805736541748 25.7875022888184 25.7775783538818 25.8002014160156 25.8930034637451 26.0107975006104 26.0583896636963 26.0839233398438 26.1057147979736 26.1251983642578 26.0896263122559 26.0394287109375 25.9813442230225 25.9005870819092 25.8443183898926 25.8117275238037 25.7894840240479 25.7681655883789 25.7599468231201 25.740608215332 25.777135848999 25.8152389526367 25.8494739532471 25.8928146362305 25.9388446807861 26.0072040557861 26.0947151184082 26.1760101318359 26.1972064971924 26.2438812255859 26.3614501953125 26.3989143371582 26.4053173065186
-3.4e+38 -3.4e+38 -3.4e+38 -3.4e+38 -3.4e+38 -3.4e+38 24.1162490844727 24.525562286377 24.9086723327637 25.3078498840332 25.6860599517822 25.8347988128662 25.8722801208496 25.8384227752686 25.7855854034424 25.7944240570068 25.7833824157715 25.7937908172607 25.8751602172852 26.0204372406006 26.0912609100342 26.1329555511475 26.1538524627686 26.1965045928955 26.1983680725098 26.165018081665 26.1113204956055 26.0648803710938 26.015552520752 25.9557666778564 25.9282493591309 25.9205474853516 25.9167709350586 25.9154186248779 25.9168758392334 25.9171390533447 25.9270668029785 25.9923439025879 26.0503826141357 26.1127128601074 26.2139225006104 26.2740612030029 26.2932682037354 26.3552989959717 26.3993110656738 26.4260597229004 26.4391994476318
-3.4e+38 -3.4e+38 -3.4e+38 -3.4e+38 -3.4e+38 -3.4e+38 24.150411605835 24.6559734344482 25.0409202575684 25.4547119140625 25.7211494445801 25.8137435913086 25.852897644043 25.8108673095703 25.7985515594482 25.7992324829102 25.8029670715332 25.8160724639893 25.9001121520996 26.0572490692139 26.1270999908447 26.1804504394531 26.2089042663574 26.2578067779541 26.2855701446533 26.2720260620117 26.2391338348389 26.2004127502441 26.1738739013672 26.1512203216553 26.1219997406006 26.0999507904053 26.0828742980957 26.0796222686768 26.1012001037598 26.1285762786865 26.1574249267578 26.1937160491943 26.22922706604 26.2902297973633 26.354621887207 26.3868961334229 26.342342376709 26.3703155517578 26.4132919311523 26.4403038024902 26.4601879119873
-3.4e+38 -3.4e+38 -3.4e+38 -3.4e+38 -3.4e+38 23.9110355377197 24.3001499176025 24.8326377868652 25.2009925842285 25.5803050994873 25.7209358215332 25.8012733459473 25.8404808044434 25.8089485168457 25.807689666748 25.8138408660889 25.8368167877197 25.8485164642334 25.9464340209961 26.0954933166504 26.1723155975342 26.240650177002 26.2737236022949 26.3227462768555 26.3542308807373 26.3510456085205 26.3455047607422 26.3269939422607 26.2980918884277 26.278636932373 26.2743129730225 26.2742919921875 26.2651920318604 26.2656154632568 26.2707595825195 26.2902221679688 26.3203811645508 26.3389549255371 26.3531551361084 26.4067802429199 26.4119548797607 26.4194583892822 26.3529624938965 26.3738555908203 26.4243259429932 26.4559097290039 26.4617004394531
-3.4e+38 -3.4e+38 -3.4e+38 -3.4e+38 23.7380790710449 23.955286026001 24.5904216766357 25.0238819122314 25.36354637146 25.6337375640869 25.7071094512939 25.7969722747803 25.837381362915 25.8076133728027 25.8013801574707 25.824764251709 25.8637828826904 25.8894367218018 26.0164794921875 26.1378993988037 26.2151851654053 26.2859153747559 26.3330364227295 26.3870410919189 26.4092197418213 26.4136219024658 26.4347229003906 26.451301574707 26.4457149505615 26.4313678741455 26.4080867767334 26.4013919830322 26.4086303710938 26.4146938323975 26.4165878295898 26.4213161468506 26.414493560791 26.3970279693604 26.4186210632324 26.4446773529053 26.4514560699463 26.4330062866211 26.3755855560303 26.4064350128174 26.4340286254883 26.4245738983154 26.4294357299805
