Ecospace-environmental-drivers/Outputs/ASCII-for-ecospace/Temp-surf/Temp-surf_X2007.03.asc
NCOLS 131 
NROWS 53 
XLLCORNER -98 
YLLCORNER 23.9265270233154 
CELLSIZE 0.133587792515755 
NODATA_value -3.4e+38 
[rows 21 to 41 of 53, columns 0 to 46 of 131]
-3.4e+38 -3.4e+38 -3.4e+38 -3.4e+38 -3.4e+38 -3.4e+38 19.7698059082031 19.7612323760986 19.6697177886963 19.9054183959961 19.350513458252 18.9799747467041 18.768424987793 18.623176574707 18.6905536651611 18.9302787780762 19.3284378051758 19.6383190155029 19.8689441680908 20.0815982818604 20.244649887085 20.3633842468262 20.4635562896729 20.5394763946533 20.600564956665 20.6388759613037 20.6586284637451 20.6799278259277 20.6719093322754 20.662670135498 20.7366180419922 20.8327217102051 20.8861713409424 20.8990669250488 20.8899116516113 20.9063873291016 20.9697036743164 20.9850997924805 20.8928813934326 20.8244190216064 20.8521575927734 20.9977283477783 21.0949821472168 21.0865440368652 21.0695953369141 21.0831470489502 21.1533145904541
-3.4e+38 -3.4e+38 -3.4e+38 -3.4e+38 -3.4e+38 -3.4e+38 19.8646049499512 19.6835803985596 19.7612323760986 19.3425006866455 19.054651260376 18.8933048248291 18.808967590332 18.9965801239014 19.3047676086426 19.6323833465576 19.9513912200928 20.1525783538818 20.2708759307861 20.361421585083 20.4555644989014 20.5500450134277 20.6364326477051 20.7147083282471 20.7960033416748 20.8570365905762 20.8942794799805 20.9213333129883 20.9185028076172 20.9204998016357 20.9364910125732 20.9942359924316 21.0722198486328 21.086067199707 21.0638294219971 21.0369663238525 21.0537128448486 21.08056640625 21.0615978240967 21.0348072052002 21.0245532989502 21.1095867156982 21.1902809143066 21.2465724945068 21.2757186889648 21.2761726379395 21.2924766540527
-3.4e+38 -3.4e+38 -3.4e+38 -3.4e+38 19.9326705932617 19.9121837615967 19.7632579803467 19.8646049499512 19.4249019622803 19.1942310333252 19.0572547912598 19.1165809631348 19.475025177002 19.980037689209 20.3157863616943 20.4375019073486 20.4958057403564 20.5555534362793 20.6114177703857 20.6664600372314 20.728609085083 20.7855033874512 20.8332538604736 20.8835906982422 20.9476432800293 20.9969291687012 21.0206432342529 21.0381526947021 21.0398902893066 21.0657024383545 21.1040840148926 21.1363124847412 21.1727924346924 21.1810550689697 21.1485195159912 21.1151237487793 21.12890625 21.147647857666 21.155252456665 21.1993141174316 21.2659473419189 21.3149642944336 21.3556098937988 21.40576171875 21.4420032501221 21.4518070220947 21.4408683776855
-3.4e+38 -3.4e+38 -3.4e+38 -3.4e+38 20.0216903686523 19.8641357421875 19.9121837615967 19.5129852294922 19.3330211639404 19.2655143737793 19.3775005340576 19.719612121582 20.2602005004883 20.6541900634766 20.7612457275391 20.8164386749268 20.903787612915 20.9787445068359 21.0315494537354 21.0494728088379 21.0351314544678 21.0005416870117 20.9841938018799 20.9943962097168 21.0141506195068 21.0322418212891 21.0627021789551 21.0767822265625 21.0958347320557 21.1471691131592 21.2185935974121 21.2589664459229 21.272855758667 21.2890224456787 21.309196472168 21.2984027862549 21.3288955688477 21.3481941223145 21.3721523284912 21.4070587158203 21.4455833435059 21.4988746643066 21.6018600463867 21.6839389801025 21.7154598236084 21.6930313110352 21.6510124206543
-3.4e+38 -3.4e+38 -3.4e+38 -3.4e+38 -3.4e+38 20.0216903686523 19.6585350036621 19.3929100036621 19.4088382720947 19.4736270904541 19.7647190093994 20.3198699951172 20.7161617279053 20.7838230133057 20.8643646240234 21.0200862884521 21.0980987548828 21.1330089569092 21.1665859222412 21.1990737915039 21.2190227508545 21.2090930938721 21.1576728820801 21.0986785888672 21.0859107971191 21.1212692260742 21.1463432312012 21.1638221740723 21.1749420166016 21.2203464508057 21.3467979431152 21.4230175018311 21.458402633667 21.4914054870605 21.5152072906494 21.5412578582764 21.5648021697998 21.5737628936768 21.5522232055664 21.5574798583984 21.6304531097412 21.791015625 21.8728675842285 21.862663269043 21.8339920043945 21.7883281707764 21.7380714416504
-3.4e+38 -3.4e+38 -3.4e+38 -3.4e+38 -3.4e+38 19.8868274688721 19.4383983612061 19.4173107147217 19.5485382080078 19.6941070556641 20.161865234375 20.5959281921387 20.7453269958496 20.8413333892822 21.0649471282959 21.0909194946289 21.1286697387695 21.1988124847412 21.2325763702393 21.2202587127686 21.2246437072754 21.2255229949951 21.2379722595215 21.2305774688721 21.2142143249512 21.2166080474854 21.2285003662109 21.2403697967529 21.2598514556885 21.4092273712158 21.5104656219482 21.5269737243652 21.592378616333 21.6360988616943 21.6929588317871 21.7090682983398 21.6896324157715 21.634693145752 21.6507415771484 21.7480354309082 21.8954944610596 22.0054779052734 21.9153957366943 21.8498973846436 21.8057765960693 21.7254180908203 21.6978721618652
-3.4e+38 -3.4e+38 21.7539958953857 21.5674152374268 20.4962711334229 19.7208061218262 19.3677368164062 19.4705429077148 19.6729202270508 19.9433479309082 20.3307285308838 20.6152057647705 20.8186206817627 21.0558834075928 21.1102657318115 21.1370067596436 21.2305393218994 21.2744121551514 21.2743511199951 21.2855358123779 21.2980194091797 21.3071269989014 21.3060703277588 21.2919063568115 21.2741298675537 21.2614574432373 21.2655277252197 21.2974300384521 21.4182605743408 21.5417308807373 21.5609664916992 21.6365299224854 21.6958045959473 21.7353916168213 21.7707996368408 21.7639675140381 21.7395877838135 21.7716884613037 21.8603839874268 21.9195079803467 22.0316066741943 22.0953464508057 21.9378261566162 21.9089870452881 21.811487197876 21.7207889556885 21.7657508850098
-339999999999999996128486808808066248288.000000000000000 -3.4e+38 -3.4e+38 -3.4e+38 21.3808345794678 19.7388954162598 19.3889770507812 19.5307903289795 19.7396945953369 20.0197868347168 20.3435497283936 20.6676731109619 20.9627323150635 21.1232109069824 21.1274547576904 21.2241325378418 21.3138217926025 21.3274536132812 21.3483963012695 21.3641891479492 21.3538780212402 21.3687114715576 21.3760299682617 21.3521327972412 21.314266204834 21.2900810241699 21.3145236968994 21.4004554748535 21.5426864624023 21.5903663635254 21.6308898925781 21.7045516967773 21.7195281982422 21.7545261383057 21.835916519165 21.897590637207 21.9401035308838 21.9690093994141 21.9812850952148 22.0125923156738 22.0900230407715 22.1680431365967 22.053316116333 21.9488563537598 21.9191856384277 21.8794040679932 21.8689250946045
-3.4e+38 -3.4e+38 -3.4e+38 -3.4e+38 21.0762519836426 19.6569042205811 19.4440078735352 19.5329570770264 19.7064323425293 19.9441452026367 20.3624935150146 20.772928237915 21.0463047027588 21.1085910797119 21.2012710571289 21.2925491333008 21.371129989624 21.3702430725098 21.399808883667 21.4012660980225 21.3680400848389 21.3752288818359 21.3982524871826 21.3750171661377 21.3450832366943 21.3536758422852 21.4088878631592 21.5120220184326 21.5766105651855 21.6237373352051 21.7465343475342 21.8442497253418 21.8610324859619 21.8828067779541 21.9501476287842 22.0685520172119 22.1315002441406 22.1212902069092 22.1024951934814 22.095739364624 22.1409225463867 22.2019577026367 22.1943302154541 22.0056343078613 21.9809608459473 22.0017642974854 21.9969673156738
-3.4e+38 -3.4e+38 -3.4e+38 -3.4e+38 20.9550247192383 19.8000431060791 19.5085391998291 19.5709705352783 19.7011375427246 19.8891620635986 20.3564128875732 20.7743110656738 21.1117057800293 21.1376781463623 21.2742290496826 21.3355140686035 21.4231662750244 21.3962936401367 21.4249401092529 21.4444217681885 21.4167938232422 21.4068412780762 21.4095134735107 21.3929252624512 21.3999156951904 21.4446029663086 21.4900093078613 21.5627574920654 21.5917873382568 21.6060886383057 21.6887321472168 21.6440906524658 21.6081848144531 21.6298942565918 21.6849060058594 21.7930870056152 21.9227905273438 22.0460300445557 22.1350612640381 22.1602020263672 22.1836528778076 22.247522354126 22.258321762085 22.1678256988525 22.0356826782227 22.0701332092285 22.1089725494385
-3.4e+38 -3.4e+38 -3.4e+38 -3.4e+38 22.0648021697998 20.1948261260986 19.7178115844727 19.6456317901611 19.6806468963623 19.8181438446045 20.2717418670654 20.6959381103516 21.144157409668 21.1905574798584 21.339527130127 21.3639869689941 21.4695796966553 21.4507617950439 21.4290294647217 21.4490242004395 21.4498958587646 21.4357051849365 21.4314632415771 21.4512348175049 21.4904270172119 21.5159091949463 21.554027557373 21.5803203582764 21.5617218017578 21.607702255249 21.6380500793457 21.5709953308105 21.5734882354736 21.5822296142578 21.5501136779785 21.5757141113281 21.6924839019775 21.8600959777832 22.0252285003662 22.1480083465576 22.2226638793945 22.316312789917 22.3682632446289 22.3374729156494 22.1741390228271 22.0807342529297 22.1544246673584
-3.4e+38 -3.4e+38 -3.4e+38 -3.4e+38 22.0758819580078 20.522834777832 20.0097522735596 19.9494667053223 19.7582359313965 19.7597904205322 20.0932750701904 20.5700416564941 21.1064987182617 21.2481441497803 21.4052600860596 21.4004096984863 21.4680957794189 21.5359992980957 21.4950695037842 21.4640922546387 21.4621982574463 21.4723873138428 21.4898586273193 21.5257415771484 21.545389175415 21.5744686126709 21.5966968536377 21.5907554626465 21.6285171508789 21.709846496582 21.6974315643311 21.640604019165 21.6420917510986 21.6510601043701 21.6358833312988 21.6197490692139 21.6535930633545 21.7601509094238 21.9045581817627 22.0372734069824 22.1629047393799 22.3461761474609 22.4605770111084 22.4956092834473 22.4548015594482 22.23122215271 22.1306762695312
-3.4e+38 -3.4e+38 -3.4e+38 -3.4e+38 22.0972442626953 21.0081081390381 20.3178253173828 20.1912250518799 20.0905742645264 19.8450679779053 19.988073348999 20.4186115264893 21.0152397155762 21.2827796936035 21.4367122650146 21.4726467132568 21.4819011688232 21.5469131469727 21.5818195343018 21.5724868774414 21.5655174255371 21.567943572998 21.5839958190918 21.6111030578613 21.6280612945557 21.6421318054199 21.6487464904785 21.6723499298096 21.7141246795654 21.7684879302979 21.77001953125 21.7338466644287 21.7205944061279 21.7221240997314 21.713659286499 21.6938743591309 21.7019367218018 21.7701206207275 21.8606758117676 21.9631328582764 22.0961685180664 22.3083515167236 22.5092582702637 22.6339416503906 22.6525096893311 22.5738162994385 22.3342170715332
-3.4e+38 -3.4e+38 -3.4e+38 -3.4e+38 -3.4e+38 20.8953056335449 20.6250476837158 20.3846035003662 20.3591251373291 20.0516376495361 20.0021553039551 20.3136081695557 20.9396553039551 21.3172454833984 21.4192047119141 21.4809684753418 21.5171127319336 21.5622901916504 21.6148433685303 21.6190204620361 21.6294784545898 21.6446628570557 21.6546821594238 21.674186706543 21.7141590118408 21.7178783416748 21.6982917785645 21.6856384277344 21.7003974914551 21.7288398742676 21.74631690979 21.7509231567383 21.7600440979004 21.7835788726807 21.8072166442871 21.8023834228516 21.8006267547607 21.8241653442383 21.8824424743652 21.9698657989502 22.1127414703369 22.3440036773682 22.5439834594727 22.7252540588379 22.8375968933105 22.8282642364502 22.6912136077881
-3.4e+38 -3.4e+38 -3.4e+38 -3.4e+38 -3.4e+38 22.7126808166504 20.9209270477295 20.5380897521973 20.565221786499 20.291072845459 20.140438079834 20.3394718170166 20.9173355102539 21.2853984832764 21.2845859527588 21.2896156311035 21.350658416748 21.4473609924316 21.5995483398438 21.6838550567627 21.6678676605225 21.6500205993652 21.6444473266602 21.65869140625 21.6946411132812 21.7342414855957 21.7436580657959 21.7241878509521 21.7106647491455 21.7160549163818 21.7361698150635 21.7464294433594 21.7830257415771 21.8493976593018 21.9012832641602 21.9152336120605 21.9227275848389 21.9365615844727 21.9736957550049 22.0607318878174 22.2505340576172 22.4581508636475 22.6301822662354 22.8151569366455 22.9201107025146 22.9511108398438 22.9253845214844
-3.4e+38 -3.4e+38 -3.4e+38 -3.4e+38 -3.4e+38 22.7724514007568 21.1078071594238 20.6732120513916 20.7285766601562 20.534646987915 20.3873996734619 20.4589729309082 20.8792133331299 21.1376514434814 21.1442832946777 21.1235046386719 21.21071434021 21.3392639160156 21.4839344024658 21.6424045562744 21.7483291625977 21.7617073059082 21.7212009429932 21.6966667175293 21.7113380432129 21.7504405975342 21.8006629943848 21.8408374786377 21.8597259521484 21.8657093048096 21.8627815246582 21.8830337524414 21.9753284454346 22.0416679382324 22.0691699981689 22.0773067474365 22.0898895263672 22.1192378997803 22.1877899169922 22.3026123046875 22.456335067749 22.5710868835449 22.7186698913574 22.863977432251 22.947811126709 22.9795703887939 22.9785785675049
-3.4e+38 -3.4e+38 -3.4e+38 -3.4e+38 -3.4e+38 -3.4e+38 21.2705917358398 20.8018741607666 20.826997756958 20.6945514678955 20.4986782073975 20.4762134552002 20.7339687347412 20.8841381072998 20.9151153564453 20.9630489349365 21.1556377410889 21.4272365570068 21.5875225067139 21.6923122406006 21.77121925354 21.8266544342041 21.8475170135498 21.8588066101074 21.8861675262451 21.9426727294922 22.0184860229492 22.1110782623291 22.1938877105713 22.2492752075195 22.2942485809326 22.3478374481201 22.3652362823486 22.3707942962646 22.3830413818359 22.3859691619873 22.3945426940918 22.4100532531738 22.4557971954346 22.5337009429932 22.6411437988281 22.7149753570557 22.7911338806152 22.8824920654297 22.9447708129883 22.9585666656494 22.9626197814941
-3.4e+38 -3.4e+38 -3.4e+38 -3.4e+38 -3.4e+38 -3.4e+38 21.4510192871094 20.9060535430908 20.8729343414307 20.8229084014893 20.6486968994141 20.5605392456055 20.674991607666 20.7118873596191 20.823184967041 21.0820846557617 21.3950824737549 21.6169204711914 21.7522926330566 21.8460159301758 21.9343280792236 22.0017738342285 22.0965785980225 22.2725200653076 22.4372119903564 22.570972442627 22.6723804473877 22.7099475860596 22.7226333618164 22.7295036315918 22.7212543487549 22.721134185791 22.7225399017334 22.6972541809082 22.6340923309326 22.5922431945801 22.6025676727295 22.6263523101807 22.656665802002 22.7160243988037 22.771167755127 22.8120136260986 22.81667137146 22.8765964508057 22.9319877624512 22.9610118865967 22.9733562469482
-3.4e+38 -3.4e+38 -3.4e+38 -3.4e+38 -3.4e+38 -3.4e+38 21.5359802246094 20.9597396850586 20.8531112670898 20.8384323120117 20.73948097229 20.684684753418 20.7889823913574 21.0040321350098 21.3755664825439 21.68967628479 21.8534240722656 21.9697303771973 22.1404075622559 22.3715515136719 22.5989761352539 22.7936573028564 22.9407444000244 23.0147075653076 23.0413990020752 23.0351409912109 23.0208187103271 23.0034599304199 22.9904403686523 22.9827365875244 22.9781169891357 22.973352432251 22.9403705596924 22.9223575592041 22.8681087493896 22.8311519622803 22.7713432312012 22.74635887146 22.7316837310791 22.7551364898682 22.7801132202148 22.7980041503906 22.8195381164551 22.8687973022461 22.9189796447754 22.960319519043 22.9761734008789
-3.4e+38 -3.4e+38 -3.4e+38 -3.4e+38 -3.4e+38 22.0509185791016 21.2232036590576 20.9366760253906 20.8181838989258 20.8177528381348 20.9540596008301 20.9991912841797 21.2614593505859 21.7152862548828 22.0091361999512 22.1768798828125 22.3898849487305 22.6716976165771 22.9186000823975 23.097713470459 23.1865291595459 23.2196369171143 23.2063541412354 23.2085266113281 23.2149295806885 23.1924743652344 23.1733913421631 23.1643676757812 23.1461944580078 23.1396141052246 23.1151943206787 23.1122951507568 23.0904865264893 23.0790367126465 23.042989730835 23.0196514129639 22.9780864715576 22.931770324707 22.886137008667 22.8607482910156 22.8519325256348 22.8613319396973 22.8739547729492 22.9067134857178 22.936372756958 22.9585418701172 22.9803581237793
-3.4e+38 -3.4e+38 -3.4e+38 -3.4e+38 22.2120780944824 21.836841583252 21.0446891784668 20.8742351531982 20.8004894256592 20.8066577911377 21.105110168457 21.4937553405762 22.0734901428223 22.5456886291504 22.8543472290039 23.09104347229 23.2238216400146 23.2949161529541 23.342960357666 23.3703880310059 23.3329296112061 23.3140563964844 23.3082828521729 23.3189659118652 23.3178215026855 23.2897281646729 23.2710418701172 23.2350234985352 23.2333488464355 23.2163944244385 23.2138328552246 23.1844692230225 23.1756744384766 23.1577758789062 23.1298713684082 23.0987205505371 23.0705547332764 23.0539245605469 23.0128078460693 22.961893081665 22.9595623016357 22.9406642913818 22.9486026763916 22.9770011901855 22.9955749511719 23.0286273956299 23.0150623321533
