Ecospace-environmental-drivers/Outputs/ASCII-for-ecospace/Temp-surf/Temp-surf_X2006.07.asc
NCOLS 131 
NROWS 53 
XLLCORNER -98 
YLLCORNER 23.9265270233154 
CELLSIZE 0.133587792515755 
NODATA_value -3.4e+38 
[rows 21 to 41 of 53, columns 0 to 46 of 131]
-3.4e+38 -3.4e+38 -3.4e+38 -3.4e+38 -3.4e+38 -3.4e+38 30.6133403778076 30.6624641418457 30.5565319061279 30.7579326629639 30.4254169464111 30.0217590332031 29.7938537597656 29.7762851715088 29.7674350738525 29.7615127563477 29.81032371521 29.8645305633545 29.8912086486816 29.9011974334717 29.8770847320557 29.8299922943115 29.7757968902588 29.72878074646 29.7112503051758 29.7500610351562 29.7809009552002 29.7788753509521 29.8002223968506 29.8200778961182 29.8140544891357 29.8062496185303 29.7880382537842 29.7708625793457 29.7779483795166 29.7778968811035 29.7870597839355 29.7927951812744 29.7950706481934 29.7978439331055 29.8084831237793 29.8227596282959 29.8474731445312 29.8756675720215 29.9137420654297 29.9409122467041 29.9491271972656
-3.4e+38 -3.4e+38 -3.4e+38 -3.4e+38 -3.4e+38 -3.4e+38 30.6936626434326 30.4838924407959 30.6624641418457 30.2492008209229 29.8071060180664 29.5753688812256 29.5899887084961 29.681583404541 29.7575035095215 29.779390335083 29.8157424926758 29.8368473052979 29.8023452758789 29.759090423584 29.7075042724609 29.6450366973877 29.6096954345703 29.5885772705078 29.5844745635986 29.5809650421143 29.5985698699951 29.6262474060059 29.6656837463379 29.7120132446289 29.7505149841309 29.7677574157715 29.7655773162842 29.7735195159912 29.7819538116455 29.7916946411133 29.8025054931641 29.8219585418701 29.8309459686279 29.8472175598145 29.8633880615234 29.8774662017822 29.8918266296387 29.9121856689453 29.9220180511475 29.9254970550537 29.9224472045898
-3.4e+38 -3.4e+38 -3.4e+38 -3.4e+38 30.6319923400879 30.6534252166748 30.4731178283691 30.6936626434326 30.0955486297607 29.5791721343994 29.471004486084 29.5351390838623 29.6305618286133 29.6807384490967 29.7171497344971 29.7318458557129 29.7276992797852 29.7174663543701 29.6537780761719 29.5923824310303 29.5704154968262 29.5976257324219 29.6195812225342 29.6374130249023 29.6447639465332 29.6502017974854 29.6484756469727 29.6457443237305 29.6463432312012 29.6624412536621 29.6936855316162 29.7160987854004 29.7256088256836 29.7407188415527 29.7812213897705 29.8019714355469 29.8195896148682 29.8292446136475 29.8518733978271 29.8758888244629 29.916332244873 29.9438972473145 29.952486038208 29.9484844207764 29.9391193389893 29.9385795593262 29.932056427002
-3.4e+38 -3.4e+38 -3.4e+38 -3.4e+38 30.7119064331055 30.5306453704834 30.6534252166748 30.0722637176514 29.4356212615967 29.3239974975586 29.4070434570312 29.5193500518799 29.5829563140869 29.6131916046143 29.5965480804443 29.5892734527588 29.579008102417 29.5731430053711 29.5995101928711 29.6231994628906 29.65744972229 29.6829452514648 29.7053451538086 29.7057838439941 29.7065029144287 29.7068119049072 29.7084083557129 29.7157936096191 29.7289810180664 29.7315139770508 29.7268562316895 29.7217121124268 29.7270889282227 29.7333698272705 29.7538280487061 29.7769145965576 29.8046989440918 29.8347339630127 29.9006423950195 29.9595756530762 29.9834594726562 29.9710540771484 29.9702243804932 29.9696521759033 29.962043762207 29.9660892486572 29.9596748352051
-3.4e+38 -3.4e+38 -3.4e+38 -3.4e+38 -3.4e+38 30.7119064331055 30.2266063690186 29.4586696624756 29.202823638916 29.2593154907227 29.3841705322266 29.4936943054199 29.5485687255859 29.5425701141357 29.5373649597168 29.575065612793 29.5656623840332 29.5862884521484 29.6344127655029 29.6788578033447 29.7206783294678 29.7279167175293 29.7340469360352 29.741117477417 29.7488117218018 29.7645893096924 29.7745170593262 29.7844467163086 29.7925815582275 29.8002185821533 29.785701751709 29.7703113555908 29.7745971679688 29.7684688568115 29.7948169708252 29.8173522949219 29.8561458587646 29.9343566894531 29.9951095581055 30.0145778656006 30.0182151794434 30.02565574646 30.0180130004883 30.0153350830078 29.9950618743896 29.9911689758301 29.9876174926758
-3.4e+38 -3.4e+38 -3.4e+38 -3.4e+38 -3.4e+38 30.4354476928711 29.5110740661621 29.0761241912842 29.1126670837402 29.2401885986328 29.4073276519775 29.4893932342529 29.515308380127 29.5284194946289 29.5816764831543 29.5924777984619 29.5884170532227 29.7001667022705 29.7341785430908 29.7511234283447 29.7451572418213 29.7561435699463 29.768440246582 29.795690536499 29.807409286499 29.8105602264404 29.8116989135742 29.844181060791 29.8704128265381 29.8782215118408 29.8804607391357 29.8501758575439 29.8564758300781 29.8730392456055 29.8800201416016 29.9176063537598 29.9846019744873 30.0280075073242 30.051061630249 30.078161239624 30.0665187835693 30.0630321502686 30.0488395690918 30.0412788391113 30.0367164611816 30.0154361724854 30.0063972473145
-3.4e+38 -3.4e+38 31.1664619445801 31.0493507385254 30.4182910919189 29.9603271484375 29.0541248321533 28.9738235473633 29.1184844970703 29.2987422943115 29.4268054962158 29.4694843292236 29.4943046569824 29.5663509368896 29.6382904052734 29.6590747833252 29.7702026367188 29.7515544891357 29.7673473358154 29.7926063537598 29.7987899780273 29.8169746398926 29.8531608581543 29.8854198455811 29.8983974456787 29.8780822753906 29.8674945831299 29.882999420166 29.9229793548584 29.9358654022217 29.9479026794434 29.9296398162842 29.9102153778076 29.9271659851074 29.9610786437988 30.0150890350342 30.0635433197021 30.0916633605957 30.1173553466797 30.1193084716797 30.1117534637451 30.0986366271973 30.1047382354736 30.0973377227783 30.0753555297852 30.0580501556396 30.0306453704834
-339999999999999996128486808808066248288.000000000000000 -3.4e+38 -3.4e+38 -3.4e+38 30.9322395324707 29.5969772338867 28.921854019165 28.9953479766846 29.1446495056152 29.326114654541 29.4230403900146 29.4535331726074 29.4978485107422 29.6358242034912 29.7003707885742 29.7892570495605 29.7840919494629 29.7365188598633 29.7897396087646 29.8224754333496 29.8504238128662 29.8693389892578 29.8766651153564 29.9252777099609 29.927360534668 29.9392185211182 29.9419288635254 29.9624252319336 29.9701480865479 29.9574089050293 29.9645500183105 29.958517074585 29.9506168365479 29.9710922241211 30.025239944458 30.0878028869629 30.1146717071533 30.1402339935303 30.1538600921631 30.1527919769287 30.1445007324219 30.1445045471191 30.153528213501 30.1257553100586 30.0964450836182 30.0816287994385 30.0262260437012
-3.4e+38 -3.4e+38 -3.4e+38 -3.4e+38 30.6524085998535 29.1437320709229 28.8973560333252 29.001501083374 29.0660076141357 29.2479267120361 29.3741989135742 29.4470272064209 29.5356636047363 29.6742076873779 29.7801990509033 29.8445835113525 29.7753067016602 29.7372188568115 29.7938804626465 29.8311634063721 29.8985710144043 29.9127635955811 29.9013195037842 29.9517459869385 29.9601821899414 29.9482917785645 29.9407482147217 29.9643173217773 29.9776058197021 29.9778347015381 29.9991245269775 30.0336723327637 30.0296001434326 30.067756652832 30.1357707977295 30.1685123443604 30.1935749053955 30.2090530395508 30.2115440368652 30.1874542236328 30.178295135498 30.1906852722168 30.1733512878418 30.1638965606689 30.1274032592773 30.0978870391846 30.0718383789062
-3.4e+38 -3.4e+38 -3.4e+38 -3.4e+38 30.3910236358643 29.0426979064941 28.7908802032471 28.8976459503174 29.0212993621826 29.1614036560059 29.3123207092285 29.4168567657471 29.5313930511475 29.6893062591553 29.8013114929199 29.8529281616211 29.8228969573975 29.7799549102783 29.8029098510742 29.8379249572754 29.888729095459 29.9250297546387 29.9174041748047 29.983570098877 29.992115020752 29.9877853393555 29.9926280975342 30.0225296020508 30.0424728393555 30.0591335296631 30.0731067657471 30.0896244049072 30.1086692810059 30.1567420959473 30.1904296875 30.2061214447021 30.2168197631836 30.2217254638672 30.2276058197021 30.2153301239014 30.2165031433105 30.2335910797119 30.2398777008057 30.209644317627 30.1658325195312 30.1543407440186 30.1092739105225
-3.4e+38 -3.4e+38 -3.4e+38 -3.4e+38 31.2286109924316 29.3079147338867 28.7890243530273 28.874303817749 29.0201091766357 29.1638565063477 29.2894535064697 29.3900814056396 29.5046634674072 29.6578540802002 29.7679557800293 29.8424644470215 29.8597030639648 29.8158416748047 29.8065338134766 29.7978420257568 29.8144779205322 29.8590221405029 29.8982677459717 29.9762058258057 30.0328197479248 30.0413703918457 30.0618057250977 30.083869934082 30.0917320251465 30.0810012817383 30.1003704071045 30.128438949585 30.1538639068604 30.1792068481445 30.1918964385986 30.212495803833 30.2245311737061 30.2295036315918 30.2166137695312 30.2152252197266 30.2355213165283 30.2584934234619 30.2777996063232 30.2701930999756 30.2053241729736 30.1810092926025 30.139289855957
-3.4e+38 -3.4e+38 -3.4e+38 -3.4e+38 31.2270603179932 29.4906921386719 28.7966003417969 28.9304351806641 29.1369552612305 29.2268714904785 29.3218441009521 29.3772811889648 29.4677581787109 29.5915546417236 29.7084217071533 29.7472591400146 29.7673625946045 29.74831199646 29.7170600891113 29.722188949585 29.7516078948975 29.802339553833 29.8543262481689 29.9167594909668 30.0221138000488 30.0537204742432 30.08571434021 30.0980625152588 30.1093425750732 30.1149959564209 30.1396083831787 30.1605911254883 30.1709442138672 30.1784992218018 30.1976737976074 30.2064819335938 30.2101306915283 30.2207946777344 30.2216243743896 30.2269535064697 30.2453556060791 30.2660865783691 30.2766151428223 30.2923240661621 30.2226600646973 30.1877269744873 30.1661701202393
-3.4e+38 -3.4e+38 -3.4e+38 -3.4e+38 31.1863021850586 30.0038108825684 28.9700794219971 28.963249206543 29.1824340820312 29.2635326385498 29.3643836975098 29.3751621246338 29.3967056274414 29.5039329528809 29.6131477355957 29.6966857910156 29.7153854370117 29.7114601135254 29.6716365814209 29.6448612213135 29.6900520324707 29.7510623931885 29.8028030395508 29.8688488006592 29.9627990722656 30.0279426574707 30.0619697570801 30.0862884521484 30.1027545928955 30.1152896881104 30.1199245452881 30.134729385376 30.1388130187988 30.1584358215332 30.1885223388672 30.1864433288574 30.1923427581787 30.209789276123 30.2281627655029 30.2348670959473 30.2366981506348 30.2494125366211 30.2683582305908 30.3016891479492 30.2420768737793 30.2034893035889 30.196964263916
-3.4e+38 -3.4e+38 -3.4e+38 -3.4e+38 -3.4e+38 29.7229175567627 29.20290184021 28.9695072174072 29.2004795074463 29.2838859558105 29.3665294647217 29.3294258117676 29.3495025634766 29.4320621490479 29.5219612121582 29.6045169830322 29.6298274993896 29.6364917755127 29.6349639892578 29.6356582641602 29.6632308959961 29.6914863586426 29.7593555450439 29.811544418335 29.9163112640381 29.9836692810059 30.0021648406982 30.0198612213135 30.0384368896484 30.050479888916 30.0557498931885 30.0642585754395 30.0788860321045 30.1214828491211 30.141544342041 30.1484985351562 30.1609497070312 30.1937522888184 30.2167491912842 30.2299766540527 30.2239513397217 30.2287254333496 30.2603626251221 30.2991390228271 30.259256362915 30.2266407012939 30.236946105957
-3.4e+38 -3.4e+38 -3.4e+38 -3.4e+38 -3.4e+38 31.3637466430664 29.3932075500488 28.9547386169434 29.1951313018799 29.2827091217041 29.3262405395508 29.2759246826172 29.2698307037354 29.3580913543701 29.4600257873535 29.5213069915771 29.553316116333 29.6059532165527 29.6396369934082 29.6649417877197 29.6978340148926 29.7254676818848 29.7402420043945 29.7919292449951 29.8275852203369 29.9530601501465 29.9881324768066 29.992359161377 29.99391746521 29.9952526092529 29.9965801239014 30.0042133331299 30.0429039001465 30.078742980957 30.0867214202881 30.1225986480713 30.1444492340088 30.1727352142334 30.1790428161621 30.185115814209 30.1971321105957 30.2198143005371 30.2483406066895 30.2832126617432 30.264181137085 30.2487640380859 30.2613201141357
-3.4e+38 -3.4e+38 -3.4e+38 -3.4e+38 -3.4e+38 31.3908424377441 29.408145904541 28.9326419830322 29.1770706176758 29.2521476745605 29.2803630828857 29.2089328765869 29.2137813568115 29.3011341094971 29.3888778686523 29.4638519287109 29.5532493591309 29.6307010650635 29.6846752166748 29.7411289215088 29.754243850708 29.7557849884033 29.7646102905273 29.7933979034424 29.8225345611572 29.8609161376953 29.9564666748047 29.9873657226562 29.9907341003418 29.9888763427734 29.9946308135986 30.024866104126 30.0493545532227 30.0585250854492 30.1035251617432 30.1219902038574 30.1484565734863 30.158748626709 30.1601467132568 30.1805229187012 30.1932392120361 30.2160606384277 30.2395095825195 30.2727699279785 30.2724227905273 30.2543354034424 30.2683811187744
-3.4e+38 -3.4e+38 -3.4e+38 -3.4e+38 -3.4e+38 -3.4e+38 29.4967670440674 28.8587818145752 29.0556392669678 29.1641120910645 29.1787738800049 29.1434173583984 29.1582946777344 29.2543201446533 29.3810558319092 29.5047302246094 29.6000289916992 29.7021675109863 29.7672386169434 29.77907371521 29.7770137786865 29.7827548980713 29.7691211700439 29.7844009399414 29.8277034759521 29.8487586975098 29.8857460021973 29.9547691345215 29.9818782806396 29.9954586029053 30.0076370239258 30.0233573913574 30.0160083770752 30.0655212402344 30.10964012146 30.1499462127686 30.180513381958 30.1691513061523 30.1783695220947 30.1774997711182 30.1865863800049 30.1972007751465 30.2189617156982 30.2495918273926 30.2769927978516 30.2650585174561 30.2709732055664
-3.4e+38 -3.4e+38 -3.4e+38 -3.4e+38 -3.4e+38 -3.4e+38 29.7877788543701 28.7703285217285 28.961519241333 29.0832443237305 29.0944728851318 29.0795154571533 29.1480693817139 29.3256645202637 29.4828128814697 29.6042556762695 29.7224540710449 29.7580757141113 29.7963523864746 29.7941017150879 29.7868423461914 29.7850437164307 29.7839946746826 29.7811985015869 29.810432434082 29.8477058410645 29.8750648498535 29.9092540740967 29.9401378631592 29.9704570770264 29.9832820892334 30.0012321472168 30.056453704834 30.1335315704346 30.1701221466064 30.191333770752 30.1659564971924 30.1572494506836 30.1703414916992 30.1744804382324 30.1938076019287 30.2118587493896 30.2187633514404 30.2210140228271 30.2605876922607 30.2682323455811 30.2638111114502
-3.4e+38 -3.4e+38 -3.4e+38 -3.4e+38 -3.4e+38 -3.4e+38 29.9714775085449 28.7395725250244 28.9217128753662 28.9960460662842 28.9944114685059 29.0678253173828 29.2455673217773 29.451904296875 29.611141204834 29.7231254577637 29.7520351409912 29.7733898162842 29.7884941101074 29.7876243591309 29.7976379394531 29.7970237731934 29.806453704834 29.8069019317627 29.8129596710205 29.8395309448242 29.8743133544922 29.9086818695068 29.926549911499 29.9545135498047 29.9965915679932 30.0664310455322 30.1375312805176 30.1675338745117 30.1753940582275 30.171480178833 30.1536827087402 30.1813201904297 30.1901512145996 30.1878566741943 30.1821517944336 30.2067127227783 30.2180767059326 30.2177715301514 30.2432804107666 30.2635974884033 30.2576179504395
-3.4e+38 -3.4e+38 -3.4e+38 -3.4e+38 -3.4e+38 30.6712284088135 29.424129486084 28.7553558349609 28.9508399963379 28.9360370635986 28.9752197265625 29.1658592224121 29.4157466888428 29.6046562194824 29.6949977874756 29.7301273345947 29.7503318786621 29.7590217590332 29.7741947174072 29.7932052612305 29.8073024749756 29.8178215026855 29.8218860626221 29.8384704589844 29.8364963531494 29.8499221801758 29.8766555786133 29.9069633483887 29.9538612365723 30.0056114196777 30.0803470611572 30.1270694732666 30.1503086090088 30.1567211151123 30.1813488006592 30.1653022766113 30.1666507720947 30.1932697296143 30.1978168487549 30.1945762634277 30.2000827789307 30.2142429351807 30.219217300415 30.2217617034912 30.2435741424561 30.2569885253906 30.2557163238525
-3.4e+38 -3.4e+38 -3.4e+38 -3.4e+38 30.4663734436035 30.3107318878174 28.6254062652588 28.7766437530518 28.9685688018799 28.8731803894043 29.0518970489502 29.3367385864258 29.5847759246826 29.6643524169922 29.7000579833984 29.7197036743164 29.7345275878906 29.7512283325195 29.782787322998 29.8025207519531 29.8096961975098 29.8237380981445 29.8325328826904 29.845832824707 29.8630619049072 29.8652362823486 29.9013614654541 29.9629344940186 30.023344039917 30.1018142700195 30.1331901550293 30.1285743713379 30.1336841583252 30.1666088104248 30.1910781860352 30.1537303924561 30.1823463439941 30.1959381103516 30.191442489624 30.2017364501953 30.212423324585 30.224365234375 30.1979808807373 30.2154235839844 30.2568187713623 30.248851776123 30.2618370056152
