Ecospace-environmental-drivers/Outputs/ASCII-for-ecospace/Temp-surf/Temp-surf_X2005.03.asc
NCOLS 131 
NROWS 53 
XLLCORNER -98 
YLLCORNER 23.9265270233154 
CELLSIZE 0.133587792515755 
NODATA_value -3.4e+38 
[rows 0 to 20 of 53, columns 47 to 93 of 131]
-3.4e+38 -3.4e+38 -3.4e+38 -3.4e+38 -3.4e+38 -3.4e+38 -3.4e+38 -3.4e+38 -3.4e+38 -3.4e+38 -3.4e+38 -3.4e+38 -3.4e+38 -3.4e+38 -3.4e+38 -3.4e+38 -3.4e+38 -3.4e+38 -3.4e+38 -3.4e+38 -3.4e+38 -3.4e+38 -3.4e+38 -3.4e+38 -3.4e+38 -3.4e+38 -3.4e+38 -3.4e+38 -3.4e+38 -3.4e+38 -3.4e+38 -3.4e+38 -3.4e+38 -3.4e+38 -3.4e+38 -3.4e+38 -3.4e+38 -3.4e+38 -3.4e+38 -3.4e+38 -3.4e+38 -3.4e+38 -3.4e+38 -3.4e+38 -3.4e+38 -3.4e+38 -3.4e+38
-3.4e+38 -3.4e+38 -3.4e+38 -3.4e+38 -3.4e+38 -3.4e+38 -3.4e+38 -3.4e+38 -3.4e+38 -3.4e+38 -3.4e+38 -3.4e+38 -3.4e+38 -3.4e+38 -3.4e+38 -3.4e+38 -3.4e+38 -3.4e+38 -3.4e+38 -3.4e+38 -3.4e+38 -3.4e+38 -3.4e+38 -3.4e+38 -3.4e+38 -3.4e+38 -3.4e+38 -3.4e+38 -3.4e+38 -3.4e+38 -3.4e+38 -3.4e+38 -3.4e+38 -3.4e+38 -3.4e+38 -3.4e+38 -3.4e+38 -3.4e+38 -3.4e+38 -3.4e+38 -3.4e+38 -3.4e+38 -3.4e+38 -3.4e+38 -3.4e+38 -3.4e+38 -3.4e+38
-3.4e+38 -3.4e+38 -3.4e+38 -3.4e+38 -3.4e+38 -3.4e+38 -3.4e+38 -3.4e+38 -3.4e+38 -3.4e+38 -3.4e+38 -3.4e+38 -3.4e+38 -3.4e+38 -3.4e+38 -3.4e+38 -3.4e+38 -3.4e+38 -3.4e+38 -3.4e+38 -3.4e+38 -3.4e+38 -3.4e+38 -3.4e+38 -3.4e+38 -3.4e+38 -3.4e+38 18.7133655548096 18.7163867950439 -3.4e+38 -3.4e+38 -3.4e+38 -3.4e+38 -3.4e+38 -3.4e+38 -3.4e+38 -3.4e+38 -3.4e+38 -3.4e+38 -3.4e+38 -3.4e+38 -3.4e+38 -3.4e+38 -3.4e+38 -3.4e+38 -3.4e+38 -3.4e+38
-3.4e+38 -3.4e+38 -3.4e+38 -3.4e+38 -3.4e+38 -3.4e+38 -3.4e+38 -3.4e+38 -3.4e+38 -3.4e+38 -3.4e+38 -3.4e+38 -3.4e+38 -3.4e+38 -3.4e+38 -3.4e+38 -3.4e+38 -3.4e+38 -3.4e+38 -3.4e+38 -3.4e+38 -3.4e+38 -3.4e+38 -3.4e+38 -3.4e+38 -3.4e+38 -3.4e+38 18.6305084228516 18.5511341094971 -3.4e+38 -3.4e+38 -3.4e+38 -3.4e+38 -3.4e+38 -3.4e+38 -3.4e+38 -3.4e+38 -3.4e+38 -3.4e+38 -3.4e+38 -3.4e+38 -3.4e+38 -3.4e+38 -3.4e+38 -3.4e+38 -3.4e+38 -3.4e+38
-3.4e+38 -3.4e+38 -3.4e+38 -3.4e+38 -3.4e+38 -3.4e+38 -3.4e+38 -3.4e+38 -3.4e+38 18.8891086578369 18.8891086578369 18.8950328826904 18.866512298584 -3.4e+38 -3.4e+38 -3.4e+38 -3.4e+38 -3.4e+38 18.5661659240723 18.5491256713867 18.6281719207764 18.6149158477783 18.5419540405273 18.750057220459 18.774471282959 18.8193416595459 18.7512626647949 18.5990409851074 18.8420124053955 19.2945003509521 -3.4e+38 -3.4e+38 18.3259181976318 18.3333587646484 18.4080390930176 18.2786560058594 18.3153305053711 18.4065475463867 18.426944732666 18.3367500305176 18.4110546112061 18.4246292114258 -3.4e+38 -3.4e+38 -3.4e+38 -3.4e+38 -3.4e+38
-3.4e+38 -3.4e+38 -3.4e+38 -3.4e+38 -3.4e+38 -3.4e+38 -3.4e+38 -3.4e+38 18.8891086578369 18.8891086578369 18.8891086578369 18.8891086578369 18.9009552001953 18.8732814788818 18.8027038574219 -3.4e+38 18.7719478607178 18.7361450195312 18.5664501190186 18.4129409790039 18.0909252166748 18.0100479125977 18.2175006866455 18.3523483276367 18.3345851898193 18.2874202728271 18.3443336486816 18.5095138549805 18.8339385986328 19.253116607666 18.4226455688477 18.359354019165 18.3134288787842 18.3049716949463 18.3069934844971 18.3461971282959 18.4304027557373 18.4310913085938 18.3779106140137 18.3702659606934 18.4124946594238 18.4327716827393 18.442195892334 18.4831943511963 -3.4e+38 -3.4e+38 -3.4e+38
-3.4e+38 -3.4e+38 -3.4e+38 -3.4e+38 -3.4e+38 -3.4e+38 -3.4e+38 -3.4e+38 18.9083251953125 18.8891086578369 18.8891086578369 18.8891086578369 18.8891086578369 18.9128036499023 18.8885078430176 18.8027038574219 18.826473236084 18.7224674224854 18.6201419830322 18.1474838256836 17.5271282196045 17.3675556182861 17.4321899414062 17.6866359710693 17.7865524291992 17.8122882843018 17.8102741241455 17.8814735412598 17.9488086700439 18.0563488006592 18.1145305633545 18.222225189209 18.3104019165039 18.3713874816895 18.4897651672363 18.6688938140869 18.8406543731689 18.8743495941162 18.7555656433105 18.6318264007568 18.587121963501 18.5596389770508 18.4886474609375 18.3942623138428 18.3671970367432 18.4075889587402 -3.4e+38
-3.4e+38 -3.4e+38 -3.4e+38 -3.4e+38 -3.4e+38 -3.4e+38 -3.4e+38 -3.4e+38 -3.4e+38 -3.4e+38 18.8891086578369 18.8891086578369 18.8891086578369 -3.4e+38 18.9364967346191 18.9257202148438 19.0202369689941 19.0616397857666 18.8914394378662 18.4095783233643 17.9418067932129 17.9069671630859 17.6364784240723 18.1084899902344 18.4306869506836 18.5777969360352 18.5925254821777 18.499698638916 18.4333267211914 18.4273014068604 18.4885883331299 18.6218795776367 18.7348041534424 18.7382221221924 18.8680057525635 19.0536499023438 19.2426605224609 19.2883987426758 19.2012844085693 18.9817276000977 18.7863960266113 18.6812191009521 18.6406593322754 18.5236034393311 18.3934345245361 18.3703536987305 18.4993724822998
-3.4e+38 -3.4e+38 -3.4e+38 -3.4e+38 -3.4e+38 -3.4e+38 -3.4e+38 -3.4e+38 -3.4e+38 -3.4e+38 -3.4e+38 -3.4e+38 -3.4e+38 -3.4e+38 18.9371128082275 19.0681018829346 19.1349925994873 19.131872177124 19.088249206543 18.8856296539307 18.5741748809814 18.3999538421631 17.9358024597168 18.228048324585 18.6722221374512 18.9558277130127 19.0565795898438 19.033670425415 19.0146427154541 19.0204219818115 19.0887680053711 19.1244144439697 19.1477794647217 19.228458404541 19.3680896759033 19.4816265106201 19.5018157958984 19.4686069488525 19.4437656402588 19.3102493286133 19.141773223877 18.890962600708 18.7694225311279 18.7037715911865 18.5721969604492 18.4077014923096 18.3823146820068
19.1154708862305 -3.4e+38 -3.4e+38 -3.4e+38 -3.4e+38 -3.4e+38 -3.4e+38 -3.4e+38 -3.4e+38 -3.4e+38 19.5216903686523 19.407958984375 -3.4e+38 -3.4e+38 -3.4e+38 19.2708225250244 19.3556251525879 19.3817520141602 19.2423000335693 19.0737857818604 18.8729438781738 18.3329162597656 18.1978969573975 18.4849891662598 18.9358406066895 19.1955280303955 19.3298568725586 19.3469696044922 19.2935791015625 19.2872867584229 19.3037185668945 19.3460254669189 19.4601860046387 19.5810871124268 19.6326675415039 19.651647567749 19.6230030059814 19.6326808929443 19.5336894989014 19.4009475708008 19.2994384765625 19.103494644165 18.8920860290527 18.8168334960938 18.7344551086426 18.5638122558594 18.3565578460693
19.0792865753174 19.0380363464355 -3.4e+38 -3.4e+38 -3.4e+38 -3.4e+38 -3.4e+38 -3.4e+38 -3.4e+38 -3.4e+38 19.7448787689209 19.8416213989258 19.9268093109131 -3.4e+38 -3.4e+38 19.4915828704834 19.5016899108887 19.6005916595459 19.4688949584961 19.2533092498779 18.8122081756592 18.3811149597168 18.5070781707764 18.8253211975098 19.1597843170166 19.4842338562012 19.5868282318115 19.6328220367432 19.6065711975098 19.6072692871094 19.5966930389404 19.6456089019775 19.7018718719482 19.7668571472168 19.870641708374 19.9292850494385 19.865894317627 19.9049606323242 19.578634262085 19.4207649230957 19.3086452484131 19.2114658355713 19.0071067810059 18.8944206237793 18.8007011413574 18.684009552002 18.3726539611816
19.2212963104248 19.1881656646729 19.3705711364746 19.4840412139893 -3.4e+38 -3.4e+38 -3.4e+38 -3.4e+38 -3.4e+38 -3.4e+38 -3.4e+38 19.7861251831055 19.9241752624512 19.9268093109131 19.7794151306152 19.6185722351074 19.7603378295898 19.6496410369873 19.5168228149414 19.0447883605957 18.4915351867676 18.58620262146 18.8502712249756 19.239070892334 19.5818500518799 19.8192100524902 19.7550315856934 19.7018527984619 19.7800483703613 19.8263893127441 19.789436340332 19.7939777374268 19.7706623077393 19.8563938140869 20.1892433166504 20.3056659698486 20.2944507598877 20.2308464050293 19.7126235961914 19.4630374908447 19.3515014648438 19.225341796875 19.0694427490234 18.9655151367188 18.8575286865234 18.7591667175293 18.4370231628418
19.0301189422607 19.2915496826172 19.4749431610107 19.6066093444824 -3.4e+38 -3.4e+38 -3.4e+38 -3.4e+38 19.6986560821533 19.7536220550537 19.7051296234131 19.7273864746094 19.8671226501465 19.9785919189453 19.7206783294678 19.7709102630615 19.7352523803711 19.2721042633057 19.4792098999023 18.978343963623 18.4570236206055 18.8594818115234 19.4158229827881 19.8647270202637 20.2939205169678 20.4827632904053 20.3353328704834 20.1580867767334 20.0587062835693 19.902437210083 19.8892498016357 19.8434371948242 19.7981300354004 20.0684223175049 20.5253677368164 20.8089714050293 20.8595180511475 20.6558971405029 20.216121673584 19.735652923584 19.4894046783447 19.3427696228027 19.2240695953369 19.0868244171143 19.0140895843506 18.9445190429688 18.8518257141113
18.8840599060059 19.0227375030518 19.1372776031494 19.3630981445312 19.5988101959229 19.4934425354004 19.5562725067139 19.6147193908691 19.669303894043 19.7362022399902 19.7764282226562 19.6695404052734 19.6187152862549 19.6476230621338 19.6949977874756 19.7371921539307 19.9413433074951 20.0508975982666 19.8382377624512 19.3482875823975 18.7370014190674 19.168909072876 19.8310718536377 20.4574584960938 20.8179607391357 20.9745769500732 20.91090965271 20.7840824127197 20.5208282470703 20.1507797241211 20.0112724304199 19.9616165161133 19.917501449585 20.1298656463623 20.6923389434814 21.1322193145752 21.2777042388916 21.1132583618164 20.9465179443359 20.7067489624023 20.2850284576416 19.8977317810059 19.6990966796875 19.5499458312988 19.4116897583008 19.2511348724365 19.1641082763672
18.9322967529297 19.0278797149658 19.123779296875 19.3273296356201 19.5534496307373 19.6164131164551 19.7483768463135 19.8018016815186 19.7680034637451 19.7879600524902 19.6543369293213 19.3651103973389 19.6129417419434 19.778564453125 19.7845401763916 19.7903614044189 19.8086128234863 20.6121520996094 20.5133476257324 19.9616031646729 19.311487197876 19.7583522796631 20.3024463653564 20.9611701965332 21.3265991210938 21.3071460723877 21.1402931213379 20.7964420318604 20.5296649932861 20.2902870178223 20.1932029724121 20.1475849151611 20.070333480835 20.4311008453369 20.8685264587402 21.2871055603027 21.5022239685059 21.5461368560791 21.5357265472412 21.5395774841309 21.5137996673584 21.4151821136475 21.1639518737793 20.7867641448975 20.3892192840576 20.1707248687744 19.8232727050781
19.0900630950928 19.0847835540771 19.0966281890869 19.1738758087158 19.2117824554443 19.219898223877 19.2999229431152 19.3578224182129 19.3770999908447 19.4492530822754 19.4769916534424 19.606143951416 19.777400970459 19.804500579834 19.8713932037354 19.96044921875 19.8333072662354 19.912467956543 19.7213249206543 19.7197360992432 19.9201202392578 20.3960056304932 20.9502696990967 21.2025318145752 21.4767436981201 21.3364791870117 21.0742702484131 20.8540534973145 20.6908569335938 20.8018779754639 20.8397846221924 20.8169136047363 20.9900779724121 21.3350143432617 21.6501026153564 21.84202003479 21.8843059539795 21.8861389160156 21.9003810882568 21.9267463684082 21.9740200042725 22.041353225708 22.0190010070801 21.8007373809814 21.3080253601074 20.8950290679932 20.4959564208984
19.5357341766357 19.38525390625 19.213399887085 19.1068515777588 19.1551094055176 19.2421360015869 19.3850708007812 19.4464797973633 19.5251598358154 19.6344318389893 19.7135047912598 19.8233852386475 19.9700412750244 20.0153541564941 20.0514259338379 20.1131706237793 20.1039810180664 20.0372276306152 20.1053047180176 20.2439308166504 20.5704822540283 21.0086765289307 21.1842651367188 21.3779754638672 21.5691699981689 21.3190135955811 21.0503063201904 21.0543308258057 21.2725734710693 21.3859539031982 21.2783908843994 21.3592357635498 21.7064685821533 21.9971961975098 22.1956481933594 22.2998313903809 22.3197441101074 22.3474903106689 22.4211597442627 22.4617576599121 22.4452743530273 22.35693359375 22.2781238555908 22.1704998016357 21.9174823760986 21.4693031311035 20.977367401123
19.9605178833008 19.8428764343262 19.6367378234863 19.4288940429688 19.296875 19.3392353057861 19.4848575592041 19.6244487762451 19.7520561218262 19.8718605041504 19.9799499511719 20.10671043396 20.2418479919434 20.4714984893799 20.4917984008789 20.488317489624 20.412654876709 20.3405075073242 20.3466491699219 20.6026363372803 21.1563510894775 21.2282466888428 21.4393444061279 21.7226943969727 21.7279796600342 21.3822574615479 21.2682514190674 21.3577041625977 21.3996105194092 21.2579402923584 21.3241596221924 21.6134014129639 21.9494247436523 22.006103515625 22.08567237854 22.0614738464355 22.0383453369141 22.1458015441895 22.3470115661621 22.5345458984375 22.6308345794678 22.6352882385254 22.5399551391602 22.3942699432373 22.2314643859863 21.7716789245605 21.3617916107178
20.3156681060791 20.2471141815186 20.1257247924805 19.9723129272461 19.878381729126 19.8560466766357 19.9087390899658 20.0016059875488 20.1128425598145 20.1854763031006 20.253734588623 20.3929004669189 20.5822906494141 20.7977771759033 20.8079719543457 20.7552585601807 20.7306022644043 20.7001991271973 20.8853664398193 21.1805381774902 21.4941387176514 21.5046672821045 21.6999473571777 21.7825050354004 21.7576599121094 21.6736583709717 21.4129047393799 21.3353996276855 21.334587097168 21.2657432556152 21.4742431640625 21.815071105957 21.8416633605957 21.952709197998 22.0121765136719 21.9665451049805 22.0163345336914 22.201057434082 22.405200958252 22.5848999023438 22.6629657745361 22.6733932495117 22.6422481536865 22.4927272796631 22.3551483154297 21.9728336334229 21.514949798584
20.5734176635742 20.5453453063965 20.4820766448975 20.3957595825195 20.3439655303955 20.3115348815918 20.3231334686279 20.3623485565186 20.4218845367432 20.4912395477295 20.5957221984863 20.7493495941162 20.9410190582275 21.1291084289551 21.2107276916504 21.2607307434082 21.2925701141357 21.326868057251 21.5187244415283 21.7724685668945 21.783519744873 21.7925910949707 21.8669548034668 21.9072914123535 21.8202838897705 21.8054523468018 21.6759376525879 21.3353881835938 21.3324489593506 21.4139080047607 21.595235824585 21.8205585479736 21.8549289703369 21.8979721069336 21.957986831665 22.038459777832 22.2347583770752 22.4551792144775 22.6656017303467 22.8540935516357 22.8997402191162 22.8115425109863 22.7158889770508 22.619161605835 22.4107685089111 22.157693862915 21.530647277832
20.8827533721924 20.9016189575195 20.9071998596191 20.8814716339111 20.8322467803955 20.8386383056641 20.8914184570312 20.9470386505127 21.002815246582 21.08376121521 21.2064514160156 21.3628997802734 21.4795970916748 21.5879249572754 21.6773548126221 21.8158531188965 21.7405204772949 21.781457901001 22.0666522979736 22.1314582824707 22.0533905029297 22.0385475158691 22.0853538513184 22.0733032226562 22.0298919677734 21.9059658050537 21.8774967193604 21.7427654266357 21.5141468048096 21.5587692260742 21.8203983306885 21.9249095916748 21.9961814880371 22.0751266479492 22.1824226379395 22.4217624664307 22.6808815002441 22.902364730835 23.0903434753418 23.1682624816895 23.1249103546143 22.9964466094971 22.8407669067383 22.7919597625732 22.7002868652344 22.4824962615967 21.9750347137451
