Ecospace-environmental-drivers/Outputs/ASCII-for-ecospace/Temp-surf/Temp-surf_X2008.03.asc
NCOLS 131 
NROWS 53 
XLLCORNER -98 
YLLCORNER 23.9265270233154 
CELLSIZE 0.133587792515755 
NODATA_value -3.4e+38 
[rows 0 to 20 of 53, columns 47 to 93 of 131]
-3.4e+38 -3.4e+38 -3.4e+38 -3.4e+38 -3.4e+38 -3.4e+38 -3.4e+38 -3.4e+38 -3.4e+38 -3.4e+38 -3.4e+38 -3.4e+38 -3.4e+38 -3.4e+38 -3.4e+38 -3.4e+38 -3.4e+38 -3.4e+38 -3.4e+38 -3.4e+38 -3.4e+38 -3.4e+38 -3.4e+38 -3.4e+38 -3.4e+38 -3.4e+38 -3.4e+38 -3.4e+38 -3.4e+38 -3.4e+38 -3.4e+38 -3.4e+38 -3.4e+38 -3.4e+38 -3.4e+38 -3.4e+38 -3.4e+38 -3.4e+38 -3.4e+38 -3.4e+38 -3.4e+38 -3.4e+38 -3.4e+38 -3.4e+38 -3.4e+38 -3.4e+38 -3.4e+38
-3.4e+38 -3.4e+38 -3.4e+38 -3.4e+38 -3.4e+38 -3.4e+38 -3.4e+38 -3.4e+38 -3.4e+38 -3.4e+38 -3.4e+38 -3.4e+38 -3.4e+38 -3.4e+38 -3.4e+38 -3.4e+38 -3.4e+38 -3.4e+38 -3.4e+38 -3.4e+38 -3.4e+38 -3.4e+38 -3.4e+38 -3.4e+38 -3.4e+38 -3.4e+38 -3.4e+38 -3.4e+38 -3.4e+38 -3.4e+38 -3.4e+38 -3.4e+38 -3.4e+38 -3.4e+38 -3.4e+38 -3.4e+38 -3.4e+38 -3.4e+38 -3.4e+38 -3.4e+38 -3.4e+38 -3.4e+38 -3.4e+38 -3.4e+38 -3.4e+38 -3.4e+38 -3.4e+38
-3.4e+38 -3.4e+38 -3.4e+38 -3.4e+38 -3.4e+38 -3.4e+38 -3.4e+38 -3.4e+38 -3.4e+38 -3.4e+38 -3.4e+38 -3.4e+38 -3.4e+38 -3.4e+38 -3.4e+38 -3.4e+38 -3.4e+38 -3.4e+38 -3.4e+38 -3.4e+38 -3.4e+38 -3.4e+38 -3.4e+38 -3.4e+38 -3.4e+38 -3.4e+38 -3.4e+38 18.4977741241455 18.5023231506348 -3.4e+38 -3.4e+38 -3.4e+38 -3.4e+38 -3.4e+38 -3.4e+38 -3.4e+38 -3.4e+38 -3.4e+38 -3.4e+38 -3.4e+38 -3.4e+38 -3.4e+38 -3.4e+38 -3.4e+38 -3.4e+38 -3.4e+38 -3.4e+38
-3.4e+38 -3.4e+38 -3.4e+38 -3.4e+38 -3.4e+38 -3.4e+38 -3.4e+38 -3.4e+38 -3.4e+38 -3.4e+38 -3.4e+38 -3.4e+38 -3.4e+38 -3.4e+38 -3.4e+38 -3.4e+38 -3.4e+38 -3.4e+38 -3.4e+38 -3.4e+38 -3.4e+38 -3.4e+38 -3.4e+38 -3.4e+38 -3.4e+38 -3.4e+38 -3.4e+38 18.4067497253418 18.3091621398926 -3.4e+38 -3.4e+38 -3.4e+38 -3.4e+38 -3.4e+38 -3.4e+38 -3.4e+38 -3.4e+38 -3.4e+38 -3.4e+38 -3.4e+38 -3.4e+38 -3.4e+38 -3.4e+38 -3.4e+38 -3.4e+38 -3.4e+38 -3.4e+38
-3.4e+38 -3.4e+38 -3.4e+38 -3.4e+38 -3.4e+38 -3.4e+38 -3.4e+38 -3.4e+38 -3.4e+38 18.8496570587158 18.8496570587158 18.851016998291 18.7785243988037 -3.4e+38 -3.4e+38 -3.4e+38 -3.4e+38 -3.4e+38 18.4432563781738 18.4262676239014 18.5447654724121 18.5578804016113 18.5253810882568 18.7330741882324 18.7441825866699 18.7402610778809 18.5799007415771 18.3495903015137 18.523473739624 18.9245891571045 -3.4e+38 -3.4e+38 17.9651012420654 18.0187492370605 18.1027374267578 18.1310329437256 18.1546649932861 18.2287940979004 18.1727428436279 18.1504058837891 18.1985206604004 18.1539745330811 -3.4e+38 -3.4e+38 -3.4e+38 -3.4e+38 -3.4e+38
-3.4e+38 -3.4e+38 -3.4e+38 -3.4e+38 -3.4e+38 -3.4e+38 -3.4e+38 -3.4e+38 18.8496570587158 18.8496570587158 18.8496570587158 18.8496570587158 18.8523769378662 18.7770805358887 18.6349849700928 -3.4e+38 18.5877265930176 18.575984954834 18.4261837005615 18.3445854187012 18.1701354980469 18.1286697387695 18.2310371398926 18.3370838165283 18.2940540313721 18.2355937957764 18.2253952026367 18.2598896026611 18.5063457489014 18.8946266174316 17.9988059997559 17.9696846008301 17.961009979248 17.9646072387695 18.0466461181641 18.1209716796875 18.1944751739502 18.2043399810791 18.1712741851807 18.1498889923096 18.133472442627 18.1144504547119 18.1694564819336 18.219934463501 -3.4e+38 -3.4e+38 -3.4e+38
-3.4e+38 -3.4e+38 -3.4e+38 -3.4e+38 -3.4e+38 -3.4e+38 -3.4e+38 -3.4e+38 18.8646717071533 18.8496570587158 18.8496570587158 18.8496570587158 18.8496570587158 18.8550968170166 18.7685852050781 18.6349849700928 18.6081027984619 18.5318374633789 18.5127372741699 18.2361011505127 17.7054901123047 17.579833984375 17.4674472808838 17.4868202209473 17.6048908233643 17.7297878265381 17.7959957122803 17.7684688568115 17.7386894226074 17.7935466766357 17.8509883880615 17.9821491241455 18.071985244751 18.1261920928955 18.354284286499 18.6005954742432 18.8491058349609 18.9107151031494 18.7556571960449 18.6556854248047 18.6238193511963 18.4626903533936 18.239429473877 18.1626853942871 18.1555328369141 18.1971244812012 -3.4e+38
-3.4e+38 -3.4e+38 -3.4e+38 -3.4e+38 -3.4e+38 -3.4e+38 -3.4e+38 -3.4e+38 -3.4e+38 -3.4e+38 18.8496570587158 18.8496570587158 18.8496570587158 -3.4e+38 18.8605365753174 18.7291603088379 18.7536964416504 18.8111591339111 18.7602024078369 18.502082824707 18.086763381958 18.0394287109375 17.7678031921387 17.8842887878418 18.3636722564697 18.7224864959717 18.7897891998291 18.6073265075684 18.318042755127 18.2088432312012 18.3610668182373 18.4577770233154 18.5100021362305 18.5296154022217 18.7872714996338 19.239803314209 19.5560092926025 19.65403175354 19.5219802856445 19.3385982513428 19.265230178833 19.0664768218994 18.6557540893555 18.4333038330078 18.246524810791 18.1531105041504 18.233325958252
-3.4e+38 -3.4e+38 -3.4e+38 -3.4e+38 -3.4e+38 -3.4e+38 -3.4e+38 -3.4e+38 -3.4e+38 -3.4e+38 -3.4e+38 -3.4e+38 -3.4e+38 -3.4e+38 18.8475437164307 18.9442443847656 18.8935470581055 18.8613739013672 18.8493156433105 18.7484645843506 18.4646625518799 18.2530651092529 18.1008148193359 18.4455909729004 18.7263011932373 19.1901874542236 19.4413757324219 19.3573913574219 19.0112705230713 18.741096496582 18.802396774292 18.7982788085938 18.8589706420898 19.1913242340088 19.5550785064697 19.8782997131348 19.9979362487793 19.9660034179688 19.8959827423096 19.7732276916504 19.6255168914795 19.476734161377 19.096471786499 18.7806415557861 18.5941104888916 18.3278141021729 18.2229347229004
19.6229496002197 -3.4e+38 -3.4e+38 -3.4e+38 -3.4e+38 -3.4e+38 -3.4e+38 -3.4e+38 -3.4e+38 -3.4e+38 19.4214172363281 19.2550773620605 -3.4e+38 -3.4e+38 -3.4e+38 19.0347900390625 19.085693359375 19.0694961547852 18.9693908691406 18.8627529144287 18.6373100280762 18.3308200836182 18.6149368286133 18.9524707794189 19.1385898590088 19.5351486206055 19.8197860717773 19.7148761749268 19.4087982177734 19.0677642822266 19.0848712921143 19.077672958374 19.2904205322266 19.7045707702637 20.0421772003174 20.1908645629883 20.1743698120117 20.161413192749 20.1078872680664 19.9784717559814 19.7894077301025 19.6351051330566 19.3233375549316 19.0394439697266 18.8498764038086 18.5887832641602 18.3214092254639
19.5585536956787 19.5469512939453 -3.4e+38 -3.4e+38 -3.4e+38 -3.4e+38 -3.4e+38 -3.4e+38 -3.4e+38 -3.4e+38 19.6559886932373 19.6557579040527 19.6604976654053 -3.4e+38 -3.4e+38 19.1283512115479 19.168119430542 19.2414150238037 19.1352367401123 18.9667682647705 18.7364158630371 18.9023895263672 19.3678951263428 19.6188869476318 19.7560348510742 19.9354400634766 20.0725269317627 19.9882392883301 19.6836013793945 19.3772087097168 19.3683662414551 19.3927536010742 19.7113265991211 20.1060466766357 20.2471885681152 20.2996692657471 20.2884407043457 20.2826595306396 20.2553100585938 20.1314640045166 19.8968925476074 19.7409076690674 19.4518909454346 19.2255878448486 19.0156269073486 18.8168048858643 18.437837600708
19.6624336242676 19.5982265472412 19.6894912719727 19.772481918335 -3.4e+38 -3.4e+38 -3.4e+38 -3.4e+38 -3.4e+38 -3.4e+38 -3.4e+38 19.6371250152588 19.677562713623 19.6604976654053 19.4278869628906 19.2624549865723 19.4956340789795 19.2607650756836 19.2163944244385 19.0830554962158 19.2916069030762 19.7223014831543 20.0151996612549 20.1224212646484 20.23020362854 20.2306423187256 20.2360305786133 20.1272945404053 19.8638610839844 19.7093391418457 19.7250175476074 19.8176174163818 20.1911907196045 20.3519649505615 20.4037208557129 20.3763618469238 20.3309478759766 20.3313636779785 20.3371524810791 20.2459983825684 20.0144100189209 19.843469619751 19.603479385376 19.4206676483154 19.183629989624 18.9914932250977 18.6034374237061
19.2748508453369 19.5964698791504 19.7523422241211 19.8756122589111 -3.4e+38 -3.4e+38 -3.4e+38 -3.4e+38 19.7532901763916 19.7286434173584 19.5670471191406 19.5207862854004 19.707202911377 19.6649875640869 19.2577114105225 19.4509563446045 19.4584445953369 18.9752178192139 19.3221111297607 19.3786392211914 19.637170791626 20.1571502685547 20.476167678833 20.5515823364258 20.5566158294678 20.5990295410156 20.5976371765137 20.4632110595703 20.2990055084229 20.2220268249512 20.2447948455811 20.4558849334717 20.614803314209 20.5734081268311 20.5003967285156 20.4048004150391 20.3235244750977 20.3143844604492 20.3471603393555 20.3005485534668 20.1673851013184 19.987548828125 19.8339385986328 19.6809635162354 19.4643020629883 19.3706436157227 19.2753009796143
19.08376121521 19.2663154602051 19.4159374237061 19.6538734436035 19.8454418182373 19.6962985992432 19.7158126831055 19.7208766937256 19.7033061981201 19.6326770782471 19.5707111358643 19.5187835693359 19.2401847839355 19.186056137085 19.3377819061279 19.4696159362793 19.6940422058105 19.8553943634033 19.8852519989014 19.9674205780029 19.8889198303223 20.4456729888916 20.8641891479492 20.9587478637695 21.0123653411865 21.0181694030762 21.0008697509766 20.8920516967773 20.672664642334 20.5614147186279 20.7003021240234 20.869592666626 20.7304019927979 20.5841236114502 20.5140628814697 20.4361743927002 20.3522777557373 20.2969093322754 20.3155040740967 20.326681137085 20.2632160186768 20.1718349456787 20.1456871032715 20.0650959014893 19.9107055664062 19.7888793945312 19.7099018096924
19.2414245605469 19.2696475982666 19.3477172851562 19.6017322540283 19.8454666137695 19.8915920257568 19.952075958252 19.9232196807861 19.8121204376221 19.6200122833252 19.2830581665039 18.9172077178955 19.1015472412109 19.5102863311768 19.7241458892822 19.7906875610352 19.8320655822754 20.4578952789307 20.6964015960693 20.5111083984375 20.3375911712646 20.7799415588379 21.2039489746094 21.5312538146973 21.6136417388916 21.5839900970459 21.4851131439209 21.4059028625488 21.2639808654785 21.1574001312256 21.1140403747559 21.0851287841797 20.9213237762451 20.6255855560303 20.475528717041 20.470666885376 20.472692489624 20.4431419372559 20.433952331543 20.4229373931885 20.3969306945801 20.3811836242676 20.3998928070068 20.3506832122803 20.2267227172852 20.08323097229 19.946418762207
19.3595390319824 19.4178485870361 19.4368515014648 19.4630947113037 19.4783725738525 19.5237159729004 19.5103855133057 19.432056427002 19.3313484191895 19.1992664337158 19.2176303863525 19.3786125183105 19.6539859771729 19.9294128417969 20.1109790802002 20.1869220733643 20.0214519500732 20.1057987213135 20.2553730010986 20.3851795196533 20.7417068481445 21.1450729370117 21.5637149810791 21.8490295410156 21.9206733703613 21.9216022491455 21.8674774169922 21.7566719055176 21.6539630889893 21.5042667388916 21.419563293457 21.3340110778809 21.0956935882568 20.7840518951416 20.5250053405762 20.5295639038086 20.5619697570801 20.6164588928223 20.6387577056885 20.7014350891113 20.6933212280273 20.6436653137207 20.6779022216797 20.6214160919189 20.4365997314453 20.2378406524658 20.1343421936035
19.6239032745361 19.5471000671387 19.4861621856689 19.4244022369385 19.4514827728271 19.4783782958984 19.4242401123047 19.3584365844727 19.3454990386963 19.4539680480957 19.6226139068604 19.8458251953125 20.067361831665 20.2141036987305 20.5218505859375 20.7185096740723 20.5599327087402 20.4576053619385 20.76513671875 21.0594215393066 21.408052444458 21.7506828308105 21.990743637085 22.1560611724854 22.2231884002686 22.2527465820312 22.2394886016846 22.1641178131104 22.0315380096436 21.8795909881592 21.7349147796631 21.6058044433594 21.3771018981934 20.9983005523682 20.6422004699707 20.5623722076416 20.6190624237061 20.7030868530273 20.8260231018066 20.9511680603027 20.9145679473877 20.7265605926514 20.7154331207275 20.7294139862061 20.6269721984863 20.4390125274658 20.3059997558594
20.10595703125 19.9867553710938 19.7871627807617 19.6106739044189 19.4988822937012 19.4547290802002 19.4668941497803 19.477560043335 19.5373115539551 19.697582244873 19.969554901123 20.3800144195557 20.5046367645264 20.6664123535156 21.0609664916992 21.215726852417 21.0376300811768 21.0442657470703 21.4052982330322 21.7006454467773 22.0462455749512 22.2202644348145 22.3574562072754 22.4497413635254 22.5112476348877 22.5518856048584 22.5582160949707 22.5265598297119 22.4016189575195 22.158411026001 21.938814163208 21.827320098877 21.6317310333252 21.3547859191895 20.9200897216797 20.6439666748047 20.7358512878418 20.8245601654053 20.9424304962158 21.0356903076172 21.0723438262939 20.9553070068359 20.7406482696533 20.7551460266113 20.728063583374 20.5954647064209 20.4559707641602
20.5113620758057 20.5261402130127 20.4560222625732 20.285816192627 20.1111373901367 20.0068111419678 19.9695796966553 19.9759273529053 20.0950546264648 20.2965126037598 20.6095104217529 20.774206161499 20.8618640899658 21.0608100891113 21.3408222198486 21.3706970214844 21.394847869873 21.6342868804932 21.9130020141602 22.1624450683594 22.3693370819092 22.5326499938965 22.6522426605225 22.6896266937256 22.7146282196045 22.7048645019531 22.6941318511963 22.6758556365967 22.5508842468262 22.3014450073242 22.0376453399658 21.9141254425049 21.7521553039551 21.5849781036377 21.2834720611572 20.8265323638916 20.777400970459 20.8763771057129 20.9539890289307 21.051664352417 21.1148834228516 21.1252613067627 20.980131149292 20.8205471038818 20.7822914123535 20.7631206512451 20.717809677124
20.6966075897217 20.7581462860107 20.8137359619141 20.8287162780762 20.7830429077148 20.6968860626221 20.618824005127 20.5636253356934 20.5786437988281 20.664083480835 20.7675342559814 20.8944320678711 21.0783882141113 21.2387561798096 21.3907127380371 21.5649604797363 21.7389736175537 21.8499317169189 22.0317535400391 22.3502902984619 22.6231575012207 22.7810287475586 22.8641395568848 22.9014778137207 22.8653583526611 22.8264064788818 22.7562408447266 22.7005519866943 22.5344848632812 22.3430881500244 22.1564273834229 22.0477561950684 21.917179107666 21.7705230712891 21.5874824523926 21.2165966033936 20.9012928009033 20.9379825592041 21.0688076019287 21.117546081543 21.1749420166016 21.2172508239746 21.1999473571777 21.1199855804443 21.0152492523193 21.045337677002 21.0616645812988
20.9766578674316 21.0259494781494 21.0784664154053 21.1237812042236 21.1620464324951 21.1887550354004 21.2070465087891 21.2245655059814 21.2419700622559 21.2794151306152 21.3130073547363 21.3026371002197 21.3695335388184 21.5073528289795 21.5909404754639 21.7677249908447 21.9373397827148 22.1352767944336 22.4358921051025 22.7156276702881 22.8772106170654 22.9518013000488 23.0091075897217 23.0266494750977 22.9811096191406 22.9079875946045 22.7275257110596 22.5433769226074 22.394660949707 22.2886123657227 22.1634559631348 22.071798324585 22.0487232208252 21.9444408416748 21.8028240203857 21.6408939361572 21.269832611084 21.1229496002197 21.2137680053711 21.2288227081299 21.2541427612305 21.2989234924316 21.2918701171875 21.2711448669434 21.2217140197754 21.1780548095703 21.1517448425293
