Ecospace-environmental-drivers/Outputs/ASCII-for-ecospace/Temp-surf/Temp-surf_X2007.10.asc
NCOLS 131 
NROWS 53 
XLLCORNER -98 
YLLCORNER 23.9265270233154 
CELLSIZE 0.133587792515755 
NODATA_value -3.4e+38 
[rows 0 to 20 of 53, columns 47 to 93 of 131]
-3.4e+38 -3.4e+38 -3.4e+38 -3.4e+38 -3.4e+38 -3.4e+38 -3.4e+38 -3.4e+38 -3.4e+38 -3.4e+38 -3.4e+38 -3.4e+38 -3.4e+38 -3.4e+38 -3.4e+38 -3.4e+38 -3.4e+38 -3.4e+38 -3.4e+38 -3.4e+38 -3.4e+38 -3.4e+38 -3.4e+38 -3.4e+38 -3.4e+38 -3.4e+38 -3.4e+38 -3.4e+38 -3.4e+38 -3.4e+38 -3.4e+38 -3.4e+38 -3.4e+38 -3.4e+38 -3.4e+38 -3.4e+38 -3.4e+38 -3.4e+38 -3.4e+38 -3.4e+38 -3.4e+38 -3.4e+38 -3.4e+38 -3.4e+38 -3.4e+38 -3.4e+38 -3.4e+38
-3.4e+38 -3.4e+38 -3.4e+38 -3.4e+38 -3.4e+38 -3.4e+38 -3.4e+38 -3.4e+38 -3.4e+38 -3.4e+38 -3.4e+38 -3.4e+38 -3.4e+38 -3.4e+38 -3.4e+38 -3.4e+38 -3.4e+38 -3.4e+38 -3.4e+38 -3.4e+38 -3.4e+38 -3.4e+38 -3.4e+38 -3.4e+38 -3.4e+38 -3.4e+38 -3.4e+38 -3.4e+38 -3.4e+38 -3.4e+38 -3.4e+38 -3.4e+38 -3.4e+38 -3.4e+38 -3.4e+38 -3.4e+38 -3.4e+38 -3.4e+38 -3.4e+38 -3.4e+38 -3.4e+38 -3.4e+38 -3.4e+38 -3.4e+38 -3.4e+38 -3.4e+38 -3.4e+38
-3.4e+38 -3.4e+38 -3.4e+38 -3.4e+38 -3.4e+38 -3.4e+38 -3.4e+38 -3.4e+38 -3.4e+38 -3.4e+38 -3.4e+38 -3.4e+38 -3.4e+38 -3.4e+38 -3.4e+38 -3.4e+38 -3.4e+38 -3.4e+38 -3.4e+38 -3.4e+38 -3.4e+38 -3.4e+38 -3.4e+38 -3.4e+38 -3.4e+38 -3.4e+38 -3.4e+38 25.1523971557617 25.1759185791016 -3.4e+38 -3.4e+38 -3.4e+38 -3.4e+38 -3.4e+38 -3.4e+38 -3.4e+38 -3.4e+38 -3.4e+38 -3.4e+38 -3.4e+38 -3.4e+38 -3.4e+38 -3.4e+38 -3.4e+38 -3.4e+38 -3.4e+38 -3.4e+38
-3.4e+38 -3.4e+38 -3.4e+38 -3.4e+38 -3.4e+38 -3.4e+38 -3.4e+38 -3.4e+38 -3.4e+38 -3.4e+38 -3.4e+38 -3.4e+38 -3.4e+38 -3.4e+38 -3.4e+38 -3.4e+38 -3.4e+38 -3.4e+38 -3.4e+38 -3.4e+38 -3.4e+38 -3.4e+38 -3.4e+38 -3.4e+38 -3.4e+38 -3.4e+38 -3.4e+38 25.1254482269287 25.1918315887451 -3.4e+38 -3.4e+38 -3.4e+38 -3.4e+38 -3.4e+38 -3.4e+38 -3.4e+38 -3.4e+38 -3.4e+38 -3.4e+38 -3.4e+38 -3.4e+38 -3.4e+38 -3.4e+38 -3.4e+38 -3.4e+38 -3.4e+38 -3.4e+38
-3.4e+38 -3.4e+38 -3.4e+38 -3.4e+38 -3.4e+38 -3.4e+38 -3.4e+38 -3.4e+38 -3.4e+38 25.3583011627197 25.3583011627197 25.3615627288818 25.4092693328857 -3.4e+38 -3.4e+38 -3.4e+38 -3.4e+38 -3.4e+38 25.5205001831055 25.4712543487549 25.382022857666 25.3349933624268 25.326904296875 25.4339046478271 25.4194622039795 25.3081912994385 25.1921501159668 25.0741062164307 25.2743453979492 25.4828987121582 -3.4e+38 -3.4e+38 26.7435073852539 26.8729496002197 26.7908344268799 27.0577621459961 27.1386756896973 27.0898456573486 27.0807838439941 27.2442359924316 27.1593379974365 27.1141605377197 -3.4e+38 -3.4e+38 -3.4e+38 -3.4e+38 -3.4e+38
-3.4e+38 -3.4e+38 -3.4e+38 -3.4e+38 -3.4e+38 -3.4e+38 -3.4e+38 -3.4e+38 25.3583011627197 25.3583011627197 25.3583011627197 25.3583011627197 25.3648242950439 25.4167919158936 25.4971580505371 -3.4e+38 25.5172233581543 25.4876289367676 25.5155582427979 25.6075630187988 25.6475582122803 25.6120719909668 25.3881130218506 25.4979457855225 25.4717407226562 25.560375213623 25.4931659698486 25.4781150817871 25.7110404968262 25.568229675293 26.4123382568359 26.5724830627441 26.7526397705078 26.9053993225098 27.0429229736328 27.1432781219482 27.1752223968506 27.1933059692383 27.2308712005615 27.2525291442871 27.2291736602783 27.1264591217041 26.94167137146 26.8396453857422 -3.4e+38 -3.4e+38 -3.4e+38
-3.4e+38 -3.4e+38 -3.4e+38 -3.4e+38 -3.4e+38 -3.4e+38 -3.4e+38 -3.4e+38 25.3676815032959 25.3583011627197 25.3583011627197 25.3583011627197 25.3583011627197 25.3713455200195 25.4403591156006 25.4971580505371 25.5134830474854 25.5706195831299 25.6587142944336 25.8237686157227 25.9640121459961 26.0642929077148 26.1492233276367 26.2899971008301 26.3650417327881 26.4143352508545 26.4172382354736 26.3996143341064 26.4885673522949 26.5919704437256 26.7679767608643 26.9697532653809 27.0708637237549 27.1270732879639 27.1178646087646 27.033447265625 26.9793548583984 26.9383754730225 26.9491233825684 27.0131378173828 27.0817375183105 27.1811084747314 27.1744556427002 26.9558143615723 26.6729907989502 26.6251106262207 -3.4e+38
-3.4e+38 -3.4e+38 -3.4e+38 -3.4e+38 -3.4e+38 -3.4e+38 -3.4e+38 -3.4e+38 -3.4e+38 -3.4e+38 25.3583011627197 25.3583011627197 25.3583011627197 -3.4e+38 25.384391784668 25.5215835571289 25.5670337677002 25.5956516265869 25.6512546539307 25.894021987915 25.9664211273193 26.0318717956543 26.3257427215576 26.6811695098877 26.9404621124268 27.0190944671631 27.0292797088623 27.0031833648682 27.024341583252 27.1183662414551 27.1964950561523 27.2400360107422 27.215705871582 27.1152534484863 27.0335826873779 27.0953388214111 27.1167621612549 27.0910415649414 27.006929397583 26.9654750823975 26.9629878997803 27.0310611724854 27.1715431213379 27.2152423858643 27.0348434448242 26.5967330932617 26.1958713531494
-3.4e+38 -3.4e+38 -3.4e+38 -3.4e+38 -3.4e+38 -3.4e+38 -3.4e+38 -3.4e+38 -3.4e+38 -3.4e+38 -3.4e+38 -3.4e+38 -3.4e+38 -3.4e+38 25.4009857177734 25.5321254730225 25.6058368682861 25.6091613769531 25.6449375152588 25.7842483520508 25.7825088500977 25.8830051422119 26.4552097320557 26.8232707977295 27.1060409545898 27.2666301727295 27.328784942627 27.3245315551758 27.3165016174316 27.3301429748535 27.3488121032715 27.2944679260254 27.1076183319092 27.0748043060303 27.1804237365723 27.2172431945801 27.1998634338379 27.1849060058594 27.1528835296631 27.1186428070068 27.0972900390625 27.0072956085205 27.1148948669434 27.231029510498 27.2583522796631 27.045238494873 26.5418529510498
25.7802352905273 -3.4e+38 -3.4e+38 -3.4e+38 -3.4e+38 -3.4e+38 -3.4e+38 -3.4e+38 -3.4e+38 -3.4e+38 25.6828479766846 25.6115894317627 -3.4e+38 -3.4e+38 -3.4e+38 25.6076469421387 25.6926746368408 25.7226238250732 25.7181911468506 25.7212791442871 25.6695728302002 25.9765968322754 26.7130794525146 26.9921417236328 27.205883026123 27.3148288726807 27.3344917297363 27.3505954742432 27.3213272094727 27.2856101989746 27.2293338775635 27.152515411377 27.1349830627441 27.223913192749 27.2477245330811 27.2327156066895 27.2204284667969 27.1957683563232 27.1595554351807 27.1492729187012 27.1149864196777 27.0526676177979 27.1092567443848 27.2338809967041 27.2861766815186 27.1209106445312 26.783655166626
25.6983985900879 25.6511917114258 -3.4e+38 -3.4e+38 -3.4e+38 -3.4e+38 -3.4e+38 -3.4e+38 -3.4e+38 -3.4e+38 25.7976341247559 25.8460464477539 25.8648777008057 -3.4e+38 -3.4e+38 25.6779479980469 25.734504699707 25.7860870361328 25.7623901367188 25.7103843688965 25.7843780517578 26.4773864746094 26.9696178436279 27.1640892028809 27.2777671813965 27.3104267120361 27.2819938659668 27.2568702697754 27.2023983001709 27.1458549499512 27.1743755340576 27.2373008728027 27.2563858032227 27.2992191314697 27.3172740936279 27.3003196716309 27.2889614105225 27.2760887145996 27.2193183898926 27.1741695404053 27.1367416381836 27.0767364501953 27.1074104309082 27.2034568786621 27.2592296600342 27.1384105682373 26.9402809143066
25.5998039245605 25.6280651092529 25.7152233123779 25.7496185302734 -3.4e+38 -3.4e+38 -3.4e+38 -3.4e+38 -3.4e+38 -3.4e+38 -3.4e+38 25.8116493225098 25.9216918945312 25.8648777008057 25.9752502441406 25.9160766601562 25.9149131774902 25.9431266784668 25.8409442901611 25.939567565918 26.5487594604492 27.0544185638428 27.2495803833008 27.2933902740479 27.2993869781494 27.2494525909424 27.1964435577393 27.1994533538818 27.2167015075684 27.2652740478516 27.2875194549561 27.3088607788086 27.3378314971924 27.3203544616699 27.3113498687744 27.310827255249 27.3202514648438 27.34033203125 27.3417167663574 27.2853126525879 27.2192249298096 27.1588973999023 27.1454753875732 27.1932888031006 27.2059078216553 27.1560821533203 27.0691814422607
25.7609577178955 25.6666202545166 25.6886463165283 25.8449840545654 -3.4e+38 -3.4e+38 -3.4e+38 -3.4e+38 25.8139247894287 25.8275966644287 25.7443332672119 25.8474140167236 25.8789672851562 26.0212306976318 26.3369407653809 26.4917964935303 26.3238620758057 26.1879787445068 26.268892288208 26.4863109588623 26.9836101531982 27.2819519042969 27.3198394775391 27.3229160308838 27.278112411499 27.2516269683838 27.262752532959 27.2799091339111 27.3010597229004 27.3146800994873 27.324836730957 27.3418788909912 27.3595218658447 27.3350105285645 27.3149814605713 27.3116188049316 27.3256416320801 27.3555583953857 27.3784790039062 27.3779067993164 27.3511409759521 27.2991333007812 27.2445335388184 27.2019462585449 27.2103099822998 27.1799125671387 27.1083793640137
26.0533638000488 25.9698925018311 25.8279724121094 25.712230682373 25.7852630615234 25.7427501678467 25.7383804321289 25.7393093109131 25.7420310974121 25.7542896270752 25.8028793334961 25.7253093719482 26.085578918457 26.6152896881104 26.8896656036377 26.7476100921631 26.5698528289795 26.5796871185303 26.6364784240723 26.799840927124 26.8224010467529 27.244384765625 27.3054370880127 27.3084354400635 27.3018360137939 27.2947692871094 27.3023529052734 27.3084239959717 27.3157119750977 27.3241996765137 27.3461208343506 27.3601951599121 27.3647727966309 27.388313293457 27.3614444732666 27.3540229797363 27.3728084564209 27.392858505249 27.4092788696289 27.4144172668457 27.4322566986084 27.4191246032715 27.3769874572754 27.3174743652344 27.2423706054688 27.1617374420166 27.1132373809814
26.3306045532227 26.2152996063232 26.0226421356201 25.9186210632324 25.8678779602051 25.758113861084 25.787181854248 25.8322315216064 25.9012317657471 26.0633983612061 26.1690807342529 26.3706722259521 26.8115291595459 27.0874271392822 27.1285514831543 27.0687599182129 26.9840774536133 26.8907928466797 26.9830341339111 27.0586585998535 26.9959812164307 27.2564239501953 27.3384914398193 27.3364849090576 27.3227367401123 27.3292617797852 27.3345890045166 27.3384265899658 27.3446311950684 27.3610897064209 27.3833332061768 27.4246349334717 27.4414520263672 27.4575328826904 27.4897804260254 27.4823226928711 27.4702301025391 27.4488735198975 27.4425182342529 27.43922996521 27.4455451965332 27.4630794525146 27.4705486297607 27.4351444244385 27.3828086853027 27.3251094818115 27.2290687561035
26.9328708648682 26.7180213928223 26.3399124145508 26.1896800994873 26.1739025115967 26.1845798492432 26.3178443908691 26.4760665893555 26.6400966644287 26.8321342468262 26.9733543395996 27.0949306488037 27.2191677093506 27.2346897125244 27.2239303588867 27.156551361084 27.0568237304688 26.9975242614746 26.9971942901611 27.0795631408691 27.2289161682129 27.3502578735352 27.3741626739502 27.3627338409424 27.3699989318848 27.3789653778076 27.3848819732666 27.3934803009033 27.4093208312988 27.4341411590576 27.4581050872803 27.493803024292 27.5170936584473 27.5364818572998 27.5684413909912 27.5974254608154 27.583215713501 27.5432357788086 27.5054779052734 27.4855556488037 27.4760894775391 27.4911460876465 27.4875469207764 27.4906883239746 27.4319171905518 27.4094753265381 27.3842086791992
27.2472858428955 27.0500888824463 26.8181343078613 26.6374111175537 26.5993423461914 26.6485481262207 26.8763561248779 27.0284957885742 27.115930557251 27.2417221069336 27.3465518951416 27.3893013000488 27.3524055480957 27.3087730407715 27.3157596588135 27.330286026001 27.2658367156982 27.1882476806641 27.2029876708984 27.2692985534668 27.3493347167969 27.3956165313721 27.4095325469971 27.4219417572021 27.4337558746338 27.4432525634766 27.4545269012451 27.4592037200928 27.4720077514648 27.5023880004883 27.5296058654785 27.556453704834 27.5971221923828 27.6180992126465 27.6485576629639 27.6850471496582 27.702262878418 27.6625709533691 27.5890941619873 27.5471382141113 27.5235786437988 27.510290145874 27.5043163299561 27.5082130432129 27.4733123779297 27.4697780609131 27.4714412689209
27.564884185791 27.4339714050293 27.2609539031982 27.1041240692139 27.0094413757324 27.0045375823975 27.0629863739014 27.1792449951172 27.3113861083984 27.4358139038086 27.4840354919434 27.4785099029541 27.4004402160645 27.3975601196289 27.4508533477783 27.4540405273438 27.399938583374 27.3115997314453 27.3102569580078 27.3623104095459 27.407434463501 27.4377994537354 27.4566440582275 27.4828929901123 27.4837665557861 27.4797821044922 27.4890270233154 27.489236831665 27.509147644043 27.5366268157959 27.57248878479 27.6034317016602 27.6285839080811 27.650297164917 27.6969985961914 27.7594509124756 27.7994499206543 27.7841415405273 27.7071628570557 27.6137542724609 27.5700912475586 27.5367622375488 27.5138187408447 27.5141048431396 27.5121688842773 27.5283527374268 27.5480880737305
27.6998443603516 27.6696968078613 27.617769241333 27.5303592681885 27.4706993103027 27.4519557952881 27.463846206665 27.5042533874512 27.5659255981445 27.6033668518066 27.5762825012207 27.538122177124 27.4963836669922 27.4804496765137 27.5032253265381 27.4876651763916 27.4375896453857 27.3815574645996 27.3805866241455 27.4154605865479 27.4538955688477 27.4739513397217 27.488920211792 27.5040493011475 27.5050582885742 27.5097217559814 27.5225524902344 27.538646697998 27.5646114349365 27.5877285003662 27.6193256378174 27.6407356262207 27.6703224182129 27.6926956176758 27.7239646911621 27.7900676727295 27.8423728942871 27.8560943603516 27.8074741363525 27.6887035369873 27.6135025024414 27.5584506988525 27.5313510894775 27.5177135467529 27.557487487793 27.5921401977539 27.6426639556885
27.6546821594238 27.6492233276367 27.6491737365723 27.6310138702393 27.6049156188965 27.5930595397949 27.6159820556641 27.6134853363037 27.5824012756348 27.5662460327148 27.5678043365479 27.5654144287109 27.5557270050049 27.5254993438721 27.5181484222412 27.4925155639648 27.4508876800537 27.4179248809814 27.4216156005859 27.4667949676514 27.4932899475098 27.5066585540771 27.5146770477295 27.5225925445557 27.5261878967285 27.5337791442871 27.5411548614502 27.5970916748047 27.632869720459 27.6525478363037 27.6708545684814 27.6857624053955 27.7036285400391 27.7229022979736 27.7569961547852 27.8083972930908 27.8691368103027 27.9059982299805 27.8816909790039 27.7742652893066 27.6685409545898 27.5846157073975 27.5767612457275 27.5590190887451 27.5969505310059 27.6543560028076 27.7067604064941
27.6330966949463 27.6517925262451 27.6615924835205 27.650146484375 27.62034034729 27.5870132446289 27.5665454864502 27.5215358734131 27.5326404571533 27.5511436462402 27.5639305114746 27.5628833770752 27.5572738647461 27.5317707061768 27.5275764465332 27.5115623474121 27.5047836303711 27.5107078552246 27.531307220459 27.5469398498535 27.5526180267334 27.565845489502 27.5705890655518 27.5669441223145 27.5621719360352 27.5559787750244 27.5776748657227 27.6072635650635 27.6206970214844 27.6400566101074 27.6664695739746 27.7104949951172 27.7384777069092 27.7539520263672 27.7973327636719 27.8458194732666 27.8812389373779 27.9363498687744 27.9534606933594 27.8695526123047 27.7419757843018 27.6334667205811 27.614013671875 27.633358001709 27.6429653167725 27.7050476074219 27.7544269561768
