Ecospace-environmental-drivers/Outputs/ASCII-for-ecospace/Temp-surf/Temp-surf_X2014.02.asc
NCOLS 131 
NROWS 53 
XLLCORNER -98 
YLLCORNER 23.9265270233154 
CELLSIZE 0.133587792515755 
NODATA_value -3.4e+38 
[rows 0 to 20 of 53, columns 47 to 93 of 131]
-3.4e+38 -3.4e+38 -3.4e+38 -3.4e+38 -3.4e+38 -3.4e+38 -3.4e+38 -3.4e+38 -3.4e+38 -3.4e+38 -3.4e+38 -3.4e+38 -3.4e+38 -3.4e+38 -3.4e+38 -3.4e+38 -3.4e+38 -3.4e+38 -3.4e+38 -3.4e+38 -3.4e+38 -3.4e+38 -3.4e+38 -3.4e+38 -3.4e+38 -3.4e+38 -3.4e+38 -3.4e+38 -3.4e+38 -3.4e+38 -3.4e+38 -3.4e+38 -3.4e+38 -3.4e+38 -3.4e+38 -3.4e+38 -3.4e+38 -3.4e+38 -3.4e+38 -3.4e+38 -3.4e+38 -3.4e+38 -3.4e+38 -3.4e+38 -3.4e+38 -3.4e+38 -3.4e+38
-3.4e+38 -3.4e+38 -3.4e+38 -3.4e+38 -3.4e+38 -3.4e+38 -3.4e+38 -3.4e+38 -3.4e+38 -3.4e+38 -3.4e+38 -3.4e+38 -3.4e+38 -3.4e+38 -3.4e+38 -3.4e+38 -3.4e+38 -3.4e+38 -3.4e+38 -3.4e+38 -3.4e+38 -3.4e+38 -3.4e+38 -3.4e+38 -3.4e+38 -3.4e+38 -3.4e+38 -3.4e+38 -3.4e+38 -3.4e+38 -3.4e+38 -3.4e+38 -3.4e+38 -3.4e+38 -3.4e+38 -3.4e+38 -3.4e+38 -3.4e+38 -3.4e+38 -3.4e+38 -3.4e+38 -3.4e+38 -3.4e+38 -3.4e+38 -3.4e+38 -3.4e+38 -3.4e+38
-3.4e+38 -3.4e+38 -3.4e+38 -3.4e+38 -3.4e+38 -3.4e+38 -3.4e+38 -3.4e+38 -3.4e+38 -3.4e+38 -3.4e+38 -3.4e+38 -3.4e+38 -3.4e+38 -3.4e+38 -3.4e+38 -3.4e+38 -3.4e+38 -3.4e+38 -3.4e+38 -3.4e+38 -3.4e+38 -3.4e+38 -3.4e+38 -3.4e+38 -3.4e+38 -3.4e+38 15.3553438186646 15.3553438186646 -3.4e+38 -3.4e+38 -3.4e+38 -3.4e+38 -3.4e+38 -3.4e+38 -3.4e+38 -3.4e+38 -3.4e+38 -3.4e+38 -3.4e+38 -3.4e+38 -3.4e+38 -3.4e+38 -3.4e+38 -3.4e+38 -3.4e+38 -3.4e+38
-3.4e+38 -3.4e+38 -3.4e+38 -3.4e+38 -3.4e+38 -3.4e+38 -3.4e+38 -3.4e+38 -3.4e+38 -3.4e+38 -3.4e+38 -3.4e+38 -3.4e+38 -3.4e+38 -3.4e+38 -3.4e+38 -3.4e+38 -3.4e+38 -3.4e+38 -3.4e+38 -3.4e+38 -3.4e+38 -3.4e+38 -3.4e+38 -3.4e+38 -3.4e+38 -3.4e+38 15.3102645874023 15.4004230499268 -3.4e+38 -3.4e+38 -3.4e+38 -3.4e+38 -3.4e+38 -3.4e+38 -3.4e+38 -3.4e+38 -3.4e+38 -3.4e+38 -3.4e+38 -3.4e+38 -3.4e+38 -3.4e+38 -3.4e+38 -3.4e+38 -3.4e+38 -3.4e+38
-3.4e+38 -3.4e+38 -3.4e+38 -3.4e+38 -3.4e+38 -3.4e+38 -3.4e+38 -3.4e+38 -3.4e+38 15.9936714172363 15.7519245147705 15.7519245147705 15.7519245147705 -3.4e+38 -3.4e+38 -3.4e+38 -3.4e+38 -3.4e+38 14.711540222168 14.5743160247803 14.5009078979492 14.5803556442261 14.8712368011475 15.0524835586548 15.1232385635376 15.0986022949219 15.1999435424805 15.2534399032593 15.3995962142944 15.426248550415 -3.4e+38 -3.4e+38 15.8862628936768 15.725489616394 15.6863346099854 15.7366991043091 15.3995523452759 15.1384296417236 15.5864839553833 15.6190052032471 15.2096128463745 15.0425710678101 -3.4e+38 -3.4e+38 -3.4e+38 -3.4e+38 -3.4e+38
-3.4e+38 -3.4e+38 -3.4e+38 -3.4e+38 -3.4e+38 -3.4e+38 -3.4e+38 -3.4e+38 16.1711406707764 16.097713470459 15.9539060592651 15.7519245147705 15.716968536377 15.533561706543 15.3342819213867 -3.4e+38 14.7730979919434 14.5609140396118 14.8247947692871 14.5982866287231 14.2998666763306 14.6045713424683 14.8366298675537 15.1725101470947 15.1483106613159 15.0488948822021 14.9446973800659 15.1871728897095 15.3743686676025 15.5306043624878 15.4363718032837 16.0386219024658 15.8634405136108 15.7567262649536 15.5954561233521 15.3747663497925 15.2065019607544 15.0534133911133 15.0235757827759 15.0584011077881 14.9967670440674 14.921332359314 15.0925674438477 15.0007162094116 -3.4e+38 -3.4e+38 -3.4e+38
-3.4e+38 -3.4e+38 -3.4e+38 -3.4e+38 -3.4e+38 -3.4e+38 -3.4e+38 -3.4e+38 16.189624786377 16.1711406707764 16.0242862701416 15.8682737350464 15.7071466445923 15.5405311584473 15.3530073165894 15.1093082427979 14.7785015106201 14.4314832687378 14.2088766098022 14.2900810241699 14.1621379852295 14.0724067687988 14.4287233352661 14.6162176132202 14.48180103302 14.5432901382446 14.685622215271 14.9497623443604 14.9928417205811 15.089391708374 15.2020120620728 15.3212308883667 15.2580938339233 15.3887224197388 15.6773624420166 15.9335079193115 16.1072578430176 15.9868011474609 15.9477348327637 15.9294004440308 15.7664566040039 15.3987283706665 15.0651273727417 14.9850807189941 14.9519395828247 15.0717344284058 -3.4e+38
-3.4e+38 -3.4e+38 -3.4e+38 -3.4e+38 -3.4e+38 -3.4e+38 -3.4e+38 -3.4e+38 -3.4e+38 -3.4e+38 16.1443462371826 16.0122604370117 15.8462524414062 -3.4e+38 15.353178024292 15.0014734268188 14.5958271026611 14.3653793334961 14.5893821716309 14.4917907714844 13.6664905548096 13.9554004669189 14.3945922851562 14.6142902374268 14.606128692627 14.6534328460693 14.6161394119263 14.6085042953491 14.7228240966797 14.9988670349121 15.206690788269 15.3918600082397 15.6424293518066 16.0995121002197 16.7802848815918 17.4128837585449 17.7445774078369 17.5861835479736 17.5143356323242 17.4517784118652 17.1879787445068 16.628475189209 15.9557161331177 15.4269361495972 15.0667629241943 15.1965007781982 15.2963209152222
-3.4e+38 -3.4e+38 -3.4e+38 -3.4e+38 -3.4e+38 -3.4e+38 -3.4e+38 -3.4e+38 -3.4e+38 -3.4e+38 -3.4e+38 -3.4e+38 -3.4e+38 -3.4e+38 15.1952390670776 14.9145097732544 14.7160959243774 14.6778211593628 14.8705997467041 14.7826118469238 14.1256341934204 14.3116006851196 14.8223648071289 15.7047653198242 16.013256072998 16.0154438018799 15.8154926300049 15.549054145813 15.3946104049683 15.4588670730591 15.7650442123413 16.103235244751 16.359561920166 16.9372062683105 17.7141666412354 18.2663707733154 18.4772396087646 18.318998336792 18.0457668304443 17.7644062042236 17.5478916168213 17.2016754150391 16.7074031829834 16.1802291870117 15.608736038208 15.2828121185303 15.409649848938
15.6656856536865 -3.4e+38 -3.4e+38 -3.4e+38 -3.4e+38 -3.4e+38 -3.4e+38 -3.4e+38 -3.4e+38 -3.4e+38 16.1101703643799 16.0362377166748 -3.4e+38 -3.4e+38 -3.4e+38 15.0386762619019 15.1058683395386 15.0911664962769 15.0103416442871 14.7298803329468 14.5605173110962 14.5698528289795 15.0682277679443 16.2401542663574 16.7656917572021 16.8718528747559 16.7161464691162 16.610315322876 16.4208164215088 16.4619369506836 16.6172218322754 16.874153137207 17.1312885284424 17.7798023223877 18.3395175933838 18.6725826263428 18.772331237793 18.6720600128174 18.2981624603271 18.0102291107178 18.0058326721191 17.7654438018799 17.3203887939453 16.7964668273926 16.1079978942871 15.6497573852539 15.4477214813232
15.6955060958862 15.6363496780396 -3.4e+38 -3.4e+38 -3.4e+38 -3.4e+38 -3.4e+38 -3.4e+38 -3.4e+38 -3.4e+38 16.102819442749 16.2180480957031 16.2400245666504 -3.4e+38 -3.4e+38 15.7103910446167 15.8951597213745 15.3929452896118 15.0752038955688 14.614275932312 14.8612623214722 14.7641735076904 15.4189214706421 16.4742851257324 17.1349830627441 17.4797439575195 17.2741508483887 17.1690235137939 17.1471729278564 17.2232131958008 17.2560596466064 17.3699855804443 17.7433452606201 18.2158851623535 18.6537685394287 18.8705444335938 18.8484897613525 18.8221740722656 18.6339740753174 18.3452205657959 18.1879959106445 18.0513343811035 17.7834320068359 17.2935695648193 16.727560043335 16.2847652435303 15.6559705734253
15.573748588562 15.6397933959961 15.6453704833984 15.6990165710449 -3.4e+38 -3.4e+38 -3.4e+38 -3.4e+38 -3.4e+38 -3.4e+38 -3.4e+38 16.8338203430176 16.8425788879395 16.8425788879395 16.43581199646 16.0290451049805 15.87868309021 15.1128692626953 14.546558380127 14.3015880584717 14.7344055175781 15.2304639816284 16.2610473632812 17.071418762207 17.8382549285889 17.9998741149902 17.7916393280029 17.6749839782715 17.6334037780762 17.6735496520996 17.7175807952881 17.861083984375 18.0663452148438 18.3809375762939 18.7135887145996 18.7402324676514 18.8383007049561 18.8318424224854 18.6975917816162 18.6353073120117 18.433048248291 18.4766082763672 18.394380569458 17.8358993530273 17.4094104766846 16.8475303649902 15.9663639068604
15.5590658187866 15.5436534881592 15.6604995727539 15.7375345230103 -3.4e+38 -3.4e+38 -3.4e+38 -3.4e+38 17.2917289733887 17.3536319732666 17.2339477539062 16.92848777771 16.8250637054443 16.8425788879395 16.3470001220703 15.9560041427612 15.8164577484131 14.7983913421631 14.1727142333984 14.2727785110474 15.0716743469238 16.4241256713867 17.1327857971191 17.7124328613281 18.213529586792 18.3592739105225 18.2688941955566 18.175968170166 18.156702041626 18.3479709625244 18.5620365142822 18.6801052093506 18.7573661804199 18.8090038299561 18.7982082366943 18.7997722625732 18.8246059417725 18.8835277557373 18.8609657287598 18.8023662567139 18.7077903747559 18.6996994018555 18.672945022583 18.3319263458252 18.0418472290039 17.3712272644043 16.6357975006104
14.9206676483154 15.1220273971558 15.5242509841919 15.7737970352173 16.0650615692139 16.5182075500488 16.644552230835 17.2112236022949 17.3289337158203 17.3350315093994 17.3969345092773 16.969877243042 16.6079883575439 16.8075485229492 16.3267192840576 15.7291135787964 15.3374490737915 15.1455631256104 14.3564319610596 14.2325038909912 15.5525369644165 16.9265937805176 17.4003486633301 17.9842834472656 18.5729694366455 18.7806186676025 18.9027347564697 19.0815467834473 19.2006988525391 19.2983417510986 19.4026889801025 19.4583740234375 19.4207096099854 19.3322200775146 19.2198104858398 19.1967964172363 19.1552314758301 19.0950546264648 19.0159683227539 18.9478282928467 18.9247760772705 18.8891353607178 18.7836971282959 18.7817153930664 18.7824115753174 18.4212856292725 18.0388355255127
14.3657941818237 14.4474954605103 14.9484214782715 15.7775573730469 16.3918647766113 16.644552230835 16.7227210998535 17.0225639343262 17.2112236022949 17.4466419219971 17.3472270965576 16.721658706665 16.5925273895264 16.1893005371094 16.0771579742432 15.459979057312 15.0751876831055 15.4975328445435 15.5151252746582 14.8503084182739 16.1604900360107 17.7073783874512 18.3715229034424 18.8538131713867 19.1889400482178 19.3644943237305 19.5170860290527 19.6092128753662 19.6957168579102 19.7768535614014 19.7847099304199 19.8083572387695 19.7880725860596 19.7785873413086 19.7195224761963 19.6801834106445 19.6084804534912 19.5025806427002 19.3466949462891 19.1547336578369 19.063362121582 19.0618267059326 19.0235710144043 19.0997104644775 19.137264251709 19.0460433959961 18.9132022857666
14.7426567077637 14.7513914108276 15.0762186050415 15.7038793563843 16.2264556884766 16.5329551696777 16.6855602264404 17.0278186798096 17.1656532287598 17.2542705535889 17.0314331054688 16.3547210693359 16.2823886871338 16.6729583740234 16.925106048584 16.5597171783447 15.52223777771 15.525936126709 17.359842300415 17.1352920532227 16.9485836029053 18.1577262878418 19.0003280639648 19.5624198913574 19.783390045166 19.8284397125244 19.8736343383789 19.9080638885498 19.9680519104004 19.9699554443359 19.9769420623779 19.9759197235107 19.9800052642822 19.9912147521973 19.979154586792 19.9447956085205 19.8506546020508 19.7316303253174 19.5745029449463 19.4063549041748 19.2642345428467 19.2248420715332 19.2402820587158 19.2503147125244 19.2787971496582 19.2376518249512 19.0786609649658
15.4239883422852 15.3580007553101 15.5159854888916 15.8724641799927 16.0897731781006 16.2483310699463 16.4321479797363 16.6670322418213 16.7420959472656 16.653341293335 16.5335865020752 16.7261142730713 17.3197689056396 17.495584487915 17.1535453796387 16.970588684082 16.4917030334473 16.9915351867676 17.3897933959961 17.3905487060547 17.9804000854492 19.0750961303711 19.6979484558105 19.9845504760742 20.0747833251953 20.1338195800781 20.1422653198242 20.1027851104736 20.1193103790283 20.0639476776123 20.0920886993408 20.1210498809814 20.1510581970215 20.1400012969971 20.060094833374 19.9843635559082 19.9123554229736 19.8433303833008 19.7067203521729 19.5231876373291 19.4209747314453 19.3771095275879 19.3575534820557 19.3657512664795 19.3599224090576 19.3534889221191 19.1764831542969
16.2836322784424 16.1385192871094 16.159761428833 16.2660713195801 16.4268360137939 16.475378036499 16.6651515960693 16.8975620269775 17.0708446502686 17.2111568450928 17.5104866027832 17.8497200012207 17.9186096191406 17.9396190643311 17.8139019012451 17.5865669250488 17.4249114990234 17.9547443389893 18.6524276733398 19.1143321990967 19.6886978149414 20.1004505157471 20.2931385040283 20.3485774993896 20.3040294647217 20.3207035064697 20.2715187072754 20.2723846435547 20.2494792938232 20.2077693939209 20.2695713043213 20.3228378295898 20.3297824859619 20.229829788208 20.0111751556396 19.8575286865234 19.8556385040283 19.8516845703125 19.7504005432129 19.617582321167 19.5077648162842 19.5124969482422 19.4829254150391 19.4516105651855 19.4256210327148 19.4084815979004 19.2964000701904
17.0448837280273 16.9135799407959 16.8727378845215 16.8305530548096 16.8319969177246 16.8981246948242 17.1212844848633 17.3551902770996 17.6361770629883 18.0968017578125 18.4697017669678 18.5159244537354 18.5806083679199 18.8296184539795 19.0017585754395 19.1270885467529 19.2391014099121 19.6990947723389 20.1207695007324 20.3820362091064 20.5530090332031 20.6077404022217 20.6353912353516 20.6160640716553 20.599609375 20.5666084289551 20.4959564208984 20.4352970123291 20.4312515258789 20.4091663360596 20.4509220123291 20.4139537811279 20.3776893615723 20.2429981231689 20.0222797393799 19.9406185150146 19.8785133361816 19.8743095397949 19.8299198150635 19.717845916748 19.63698387146 19.6223201751709 19.607494354248 19.5850486755371 19.5313034057617 19.4718608856201 19.4775142669678
17.9494590759277 17.7980480194092 17.6407337188721 17.5234699249268 17.499605178833 17.5451374053955 17.7333602905273 17.9757442474365 18.3187999725342 18.7943496704102 19.1694602966309 19.1384735107422 19.0655269622803 19.3877258300781 19.9085731506348 20.2601070404053 20.466480255127 20.6227073669434 20.7527236938477 20.8337726593018 20.8514575958252 20.8969345092773 20.8975353240967 20.8436851501465 20.7706756591797 20.6783027648926 20.5768051147461 20.5218334197998 20.5176162719727 20.5208988189697 20.5208015441895 20.450496673584 20.4411029815674 20.311014175415 20.110502243042 20.0192909240723 19.9480972290039 19.9214649200439 19.8928318023682 19.8150329589844 19.7758445739746 19.7463550567627 19.6755428314209 19.6700897216797 19.6998901367188 19.7089614868164 19.6243724822998
18.8952598571777 18.8610229492188 18.6850318908691 18.434118270874 18.2262668609619 18.1700229644775 18.2840442657471 18.4938507080078 18.7566871643066 19.0952568054199 19.4279651641846 19.5491065979004 19.6895790100098 20.0859813690186 20.4525012969971 20.7091293334961 20.9299125671387 21.0332164764404 21.0838775634766 21.1411476135254 21.1578884124756 21.1398754119873 21.0931434631348 21.0283260345459 20.9214534759521 20.8050022125244 20.659761428833 20.5603790283203 20.5332622528076 20.5728626251221 20.5717582702637 20.5567245483398 20.6189594268799 20.5801753997803 20.4607944488525 20.3109397888184 20.1656970977783 20.0677738189697 20.0108489990234 19.9366798400879 19.880973815918 19.8902130126953 19.8471012115479 19.809871673584 19.8469219207764 19.9948654174805 20.0288600921631
