Ecospace-environmental-drivers/Outputs/ASCII-for-ecospace/Temp-surf/Temp-surf_X2016.05.asc
NCOLS 131 
NROWS 53 
XLLCORNER -98 
YLLCORNER 23.9265270233154 
CELLSIZE 0.133587792515755 
NODATA_value -3.4e+38 
[rows 0 to 20 of 53, columns 47 to 93 of 131]
-3.4e+38 -3.4e+38 -3.4e+38 -3.4e+38 -3.4e+38 -3.4e+38 -3.4e+38 -3.4e+38 -3.4e+38 -3.4e+38 -3.4e+38 -3.4e+38 -3.4e+38 -3.4e+38 -3.4e+38 -3.4e+38 -3.4e+38 -3.4e+38 -3.4e+38 -3.4e+38 -3.4e+38 -3.4e+38 -3.4e+38 -3.4e+38 -3.4e+38 -3.4e+38 -3.4e+38 -3.4e+38 -3.4e+38 -3.4e+38 -3.4e+38 -3.4e+38 -3.4e+38 -3.4e+38 -3.4e+38 -3.4e+38 -3.4e+38 -3.4e+38 -3.4e+38 -3.4e+38 -3.4e+38 -3.4e+38 -3.4e+38 -3.4e+38 -3.4e+38 -3.4e+38 -3.4e+38
-3.4e+38 -3.4e+38 -3.4e+38 -3.4e+38 -3.4e+38 -3.4e+38 -3.4e+38 -3.4e+38 -3.4e+38 -3.4e+38 -3.4e+38 -3.4e+38 -3.4e+38 -3.4e+38 -3.4e+38 -3.4e+38 -3.4e+38 -3.4e+38 -3.4e+38 -3.4e+38 -3.4e+38 -3.4e+38 -3.4e+38 -3.4e+38 -3.4e+38 -3.4e+38 -3.4e+38 -3.4e+38 -3.4e+38 -3.4e+38 -3.4e+38 -3.4e+38 -3.4e+38 -3.4e+38 -3.4e+38 -3.4e+38 -3.4e+38 -3.4e+38 -3.4e+38 -3.4e+38 -3.4e+38 -3.4e+38 -3.4e+38 -3.4e+38 -3.4e+38 -3.4e+38 -3.4e+38
-3.4e+38 -3.4e+38 -3.4e+38 -3.4e+38 -3.4e+38 -3.4e+38 -3.4e+38 -3.4e+38 -3.4e+38 -3.4e+38 -3.4e+38 -3.4e+38 -3.4e+38 -3.4e+38 -3.4e+38 -3.4e+38 -3.4e+38 -3.4e+38 -3.4e+38 -3.4e+38 -3.4e+38 -3.4e+38 -3.4e+38 -3.4e+38 -3.4e+38 -3.4e+38 -3.4e+38 26.7473392486572 26.7473392486572 -3.4e+38 -3.4e+38 -3.4e+38 -3.4e+38 -3.4e+38 -3.4e+38 -3.4e+38 -3.4e+38 -3.4e+38 -3.4e+38 -3.4e+38 -3.4e+38 -3.4e+38 -3.4e+38 -3.4e+38 -3.4e+38 -3.4e+38 -3.4e+38
-3.4e+38 -3.4e+38 -3.4e+38 -3.4e+38 -3.4e+38 -3.4e+38 -3.4e+38 -3.4e+38 -3.4e+38 -3.4e+38 -3.4e+38 -3.4e+38 -3.4e+38 -3.4e+38 -3.4e+38 -3.4e+38 -3.4e+38 -3.4e+38 -3.4e+38 -3.4e+38 -3.4e+38 -3.4e+38 -3.4e+38 -3.4e+38 -3.4e+38 -3.4e+38 -3.4e+38 26.7775268554688 26.7171516418457 -3.4e+38 -3.4e+38 -3.4e+38 -3.4e+38 -3.4e+38 -3.4e+38 -3.4e+38 -3.4e+38 -3.4e+38 -3.4e+38 -3.4e+38 -3.4e+38 -3.4e+38 -3.4e+38 -3.4e+38 -3.4e+38 -3.4e+38 -3.4e+38
-3.4e+38 -3.4e+38 -3.4e+38 -3.4e+38 -3.4e+38 -3.4e+38 -3.4e+38 -3.4e+38 -3.4e+38 26.4269237518311 26.5542182922363 26.5542182922363 26.5542182922363 -3.4e+38 -3.4e+38 -3.4e+38 -3.4e+38 -3.4e+38 26.7694091796875 26.6977634429932 26.6765842437744 26.6747455596924 26.8195667266846 26.8944263458252 26.9915771484375 26.9928951263428 26.5759811401367 26.3838844299316 26.4374084472656 26.607873916626 -3.4e+38 -3.4e+38 27.0880107879639 26.9322757720947 27.3589572906494 27.2535610198975 25.7281665802002 25.7027683258057 26.8457851409912 27.1195755004883 27.2257766723633 25.7965869903564 -3.4e+38 -3.4e+38 -3.4e+38 -3.4e+38 -3.4e+38
-3.4e+38 -3.4e+38 -3.4e+38 -3.4e+38 -3.4e+38 -3.4e+38 -3.4e+38 -3.4e+38 26.3852081298828 26.3675689697266 26.4007015228271 26.5542182922363 26.4153747558594 26.4517135620117 26.5654850006104 -3.4e+38 26.6129283905029 26.5110206604004 26.8888530731201 26.6499652862549 26.5544738769531 26.8253116607666 26.6444511413574 26.9889392852783 27.0498867034912 26.9359035491943 26.3915271759033 26.2066097259521 26.4130268096924 26.8639087677002 26.3599319458008 27.2138481140137 27.1544628143311 26.8957195281982 26.3199634552002 25.1722965240479 24.9960517883301 24.8834934234619 24.6698398590088 25.0841808319092 25.1874256134033 24.9765586853027 24.7330703735352 24.7548942565918 -3.4e+38 -3.4e+38 -3.4e+38
-3.4e+38 -3.4e+38 -3.4e+38 -3.4e+38 -3.4e+38 -3.4e+38 -3.4e+38 -3.4e+38 26.3728637695312 26.3852081298828 26.3499298095703 26.3134498596191 26.3747177124023 26.4191112518311 26.5613136291504 26.7160320281982 26.7235851287842 26.399169921875 26.0324726104736 26.1590766906738 26.0095386505127 26.0697383880615 26.2249584197998 26.4309883117676 26.3834571838379 26.2802352905273 26.3456764221191 26.196849822998 26.2008934020996 26.1831798553467 25.8489646911621 25.6897621154785 25.4519424438477 25.4016857147217 25.140510559082 25.1428813934326 25.1726608276367 25.1474990844727 25.0444030761719 24.9483985900879 24.8574924468994 24.7540626525879 24.5131645202637 24.6884937286377 25.063024520874 24.8849315643311 -3.4e+38
-3.4e+38 -3.4e+38 -3.4e+38 -3.4e+38 -3.4e+38 -3.4e+38 -3.4e+38 -3.4e+38 -3.4e+38 -3.4e+38 26.4291038513184 26.3560924530029 26.4303131103516 -3.4e+38 26.5420703887939 26.4004135131836 26.2775440216064 26.3126087188721 26.6478805541992 26.5362777709961 25.8549880981445 25.8259239196777 25.8538513183594 25.8613986968994 25.746675491333 25.849552154541 25.767786026001 25.5795021057129 25.6454887390137 25.639965057373 25.6257934570312 25.5560073852539 25.5085163116455 25.4635467529297 25.3383960723877 25.1744861602783 25.1034698486328 25.0751361846924 25.0705699920654 25.0369968414307 24.994556427002 24.9505805969238 24.9408855438232 24.6639823913574 24.4427375793457 25.1490306854248 25.0664577484131
-3.4e+38 -3.4e+38 -3.4e+38 -3.4e+38 -3.4e+38 -3.4e+38 -3.4e+38 -3.4e+38 -3.4e+38 -3.4e+38 -3.4e+38 -3.4e+38 -3.4e+38 -3.4e+38 26.2679405212402 26.1080226898193 26.4090423583984 26.7467021942139 27.2751407623291 26.8845920562744 26.1190032958984 26.2103214263916 25.8340454101562 26.0186347961426 25.9221115112305 25.8072662353516 25.7655582427979 25.7406558990479 25.6927032470703 25.630184173584 25.5812168121338 25.4968185424805 25.4315948486328 25.3059902191162 25.1739292144775 25.02463722229 25.0193710327148 25.0203399658203 25.018367767334 25.0060596466064 24.9522895812988 24.9530010223389 24.9090881347656 24.8909187316895 24.679027557373 24.5616836547852 25.4886589050293
27.0247421264648 -3.4e+38 -3.4e+38 -3.4e+38 -3.4e+38 -3.4e+38 -3.4e+38 -3.4e+38 -3.4e+38 -3.4e+38 26.5279560089111 26.5600662231445 -3.4e+38 -3.4e+38 -3.4e+38 26.2590503692627 26.5841121673584 26.880184173584 27.0400905609131 26.575532913208 26.5090045928955 26.61256980896 25.8776111602783 26.0189304351807 25.9296913146973 25.8780860900879 25.8242797851562 25.7441101074219 25.6634712219238 25.5809803009033 25.508472442627 25.4447174072266 25.3189029693604 25.237548828125 25.1645393371582 25.178201675415 25.2273006439209 25.2586345672607 25.1904258728027 25.1252040863037 25.0137519836426 24.9204521179199 24.9013118743896 24.8325347900391 24.9410419464111 24.7521953582764 24.7097091674805
27.1599674224854 27.0100631713867 -3.4e+38 -3.4e+38 -3.4e+38 -3.4e+38 -3.4e+38 -3.4e+38 -3.4e+38 -3.4e+38 26.5660190582275 26.7704582214355 26.8976764678955 -3.4e+38 -3.4e+38 26.8868312835693 27.134578704834 26.8472728729248 26.7084617614746 26.2914524078369 26.5559120178223 26.5526561737061 26.026180267334 26.0363502502441 25.9418697357178 25.8982715606689 25.8606567382812 25.7756309509277 25.7005271911621 25.6535720825195 25.4829025268555 25.3838367462158 25.2968406677246 25.2417488098145 25.2463607788086 25.3001613616943 25.4127311706543 25.4814167022705 25.4929466247559 25.3094387054443 25.1390609741211 25.0230312347412 24.9221267700195 24.8734092712402 24.9306621551514 24.93727684021 24.7191066741943
26.7708053588867 27.0994167327881 26.7168579101562 26.6418323516846 -3.4e+38 -3.4e+38 -3.4e+38 -3.4e+38 -3.4e+38 -3.4e+38 -3.4e+38 27.4138145446777 27.4210891723633 27.4210891723633 27.255485534668 27.089879989624 27.0638160705566 26.410041809082 25.9826564788818 26.1840152740479 26.6317577362061 26.1460189819336 25.9458274841309 25.8266468048096 25.8518371582031 25.8828945159912 25.8143424987793 25.712911605835 25.6181983947754 25.6119194030762 25.5371322631836 25.4379482269287 25.3812808990479 25.373929977417 25.4526195526123 25.5833473205566 25.740795135498 25.7912139892578 25.7622013092041 25.6063060760498 25.3154964447021 25.1239776611328 24.927209854126 24.9454593658447 24.9525585174561 24.9843521118164 24.698616027832
26.554744720459 26.4843521118164 26.4379901885986 26.8456745147705 -3.4e+38 -3.4e+38 -3.4e+38 -3.4e+38 27.3543872833252 27.4077930450439 27.3716068267822 27.3211193084717 27.4065399169922 27.4210891723633 27.197057723999 27.0237865447998 26.8829116821289 26.5194816589355 26.0432758331299 26.4053401947021 26.0213661193848 25.6202259063721 25.6193218231201 25.8800945281982 25.9955234527588 25.9600410461426 25.8362007141113 25.6486282348633 25.5780487060547 25.5486450195312 25.5082244873047 25.4820995330811 25.5147514343262 25.6548271179199 25.7760047912598 25.9757785797119 26.1537227630615 26.1479873657227 26.0923862457275 25.8983097076416 25.5931396484375 25.323751449585 25.0775966644287 25.0589141845703 25.0381984710693 24.9982261657715 24.7440738677979
26.330717086792 26.389741897583 26.9016933441162 26.9889831542969 27.1214389801025 27.4217185974121 27.4273223876953 27.2959613800049 27.3644256591797 27.4027729034424 27.4561767578125 27.2558708190918 27.0659160614014 27.3919925689697 27.1090068817139 26.973316192627 26.7422046661377 27.1341381072998 26.6645469665527 26.3155612945557 25.3167114257812 25.2139625549316 25.7718601226807 26.1513080596924 26.0723972320557 25.8933010101318 25.7830772399902 25.717264175415 25.6480522155762 25.6612014770508 25.7353973388672 25.856086730957 25.9287509918213 26.1096248626709 26.2479457855225 26.3600997924805 26.3783359527588 26.3707656860352 26.3326759338379 26.0997142791748 25.8581104278564 25.6298370361328 25.3757228851318 25.2356147766113 25.2167930603027 25.1411952972412 24.9988460540771
26.2465534210205 26.2965602874756 26.4346904754639 26.9291019439697 27.4161148071289 27.4273223876953 27.2360439300537 27.1916656494141 27.2959613800049 27.4328918457031 27.4794635772705 26.7987117767334 27.0322799682617 26.4183044433594 26.1434669494629 26.3220500946045 26.6213264465332 27.1342124938965 27.0528678894043 26.5293827056885 24.8817672729492 25.0903759002686 25.9575328826904 26.0692348480225 25.9703311920166 25.8765563964844 25.8197441101074 25.8044204711914 25.9447689056396 26.0868968963623 26.2044372558594 26.3158512115479 26.3793487548828 26.4475994110107 26.5059661865234 26.4774341583252 26.463888168335 26.361852645874 26.264347076416 26.1635646820068 26.0552864074707 25.9789371490479 25.756046295166 25.5238056182861 25.431396484375 25.3564453125 25.2876777648926
26.4514751434326 26.4419765472412 26.4800033569336 26.6490688323975 26.9584331512451 27.0427207946777 27.1692276000977 27.3049068450928 26.9965629577637 26.9632740020752 26.9011344909668 26.4245109558105 26.1561698913574 25.9875316619873 25.9895095825195 25.9491271972656 26.0225658416748 28.0183143615723 28.3443851470947 26.3637428283691 24.7997894287109 25.6072883605957 26.041919708252 25.9573535919189 25.9311542510986 25.8987827301025 25.9359397888184 26.1173400878906 26.2471351623535 26.321174621582 26.4225330352783 26.4664726257324 26.479679107666 26.5216541290283 26.5634822845459 26.5870094299316 26.5817947387695 26.573751449585 26.4948444366455 26.4409313201904 26.42063331604 26.3119373321533 26.0960121154785 25.9400062561035 25.8348903656006 25.7474422454834 25.5921287536621
26.1537590026855 26.1753177642822 26.2566986083984 26.3937759399414 26.3485584259033 26.2868118286133 26.3495807647705 26.3030624389648 26.1974391937256 26.119800567627 26.0748462677002 25.9855365753174 25.959020614624 26.0420703887939 26.009256362915 25.9009456634521 25.5406284332275 26.7767372131348 25.6389694213867 25.6415767669678 25.8066463470459 26.0593605041504 26.0731220245361 25.9338073730469 25.929386138916 26.0626544952393 26.2238540649414 26.3009357452393 26.3665637969971 26.4443778991699 26.4819602966309 26.4822044372559 26.5172996520996 26.5825748443604 26.6300659179688 26.6275844573975 26.6727752685547 26.6893138885498 26.6334266662598 26.5529689788818 26.5868968963623 26.4928016662598 26.4003028869629 26.3413410186768 26.3183116912842 26.2628517150879 26.1324024200439
25.7425537109375 25.8230228424072 25.9883403778076 26.1631412506104 26.2339344024658 26.2423095703125 26.1187210083008 26.0395603179932 25.9668312072754 25.9108448028564 25.9144039154053 26.0074558258057 26.0199890136719 25.9911861419678 25.9813652038574 25.9766368865967 25.8670043945312 25.7193412780762 25.8411121368408 25.932580947876 26.1301612854004 26.1186561584473 26.0137939453125 26.027271270752 26.1397647857666 26.253324508667 26.3726119995117 26.4066925048828 26.4435939788818 26.4517803192139 26.4695358276367 26.4900321960449 26.5495529174805 26.5779552459717 26.5911331176758 26.5964069366455 26.5871753692627 26.6068592071533 26.6141948699951 26.6478328704834 26.6744709014893 26.6373653411865 26.632287979126 26.5834197998047 26.4573497772217 26.3931674957275 26.3735446929932
25.6152248382568 25.696662902832 25.8020362854004 25.899694442749 25.9668369293213 26.0055828094482 25.9892692565918 25.9538707733154 25.890308380127 25.900260925293 26.0004215240479 26.0395126342773 25.9646511077881 25.935001373291 25.9734191894531 25.9741363525391 25.9888229370117 25.9829940795898 25.9915142059326 26.0516910552979 26.083194732666 26.0144462585449 26.0625858306885 26.1177806854248 26.2085494995117 26.3004932403564 26.3681945800781 26.4117164611816 26.4178619384766 26.425931930542 26.4381523132324 26.4355392456055 26.4353294372559 26.4232330322266 26.4110794067383 26.441520690918 26.4655323028564 26.5046367645264 26.5333385467529 26.6022243499756 26.6720008850098 26.717098236084 26.7572174072266 26.7382907867432 26.7114944458008 26.691801071167 26.5961780548096
25.645866394043 25.6796875 25.7593727111816 25.8187656402588 25.8618812561035 25.8914089202881 25.8754692077637 25.893611907959 25.8747444152832 25.9048519134521 26.0094699859619 25.9603843688965 25.9030303955078 25.8978042602539 25.9604606628418 26.0291290283203 26.0040092468262 25.9888401031494 26.036979675293 26.0900402069092 26.0855846405029 26.0749053955078 26.125602722168 26.1790618896484 26.2767772674561 26.3433799743652 26.3490791320801 26.3807926177979 26.3873271942139 26.3883018493652 26.4080829620361 26.380880355835 26.3649520874023 26.3190155029297 26.3023853302002 26.3294792175293 26.3756656646729 26.4328212738037 26.475248336792 26.5513744354248 26.637279510498 26.7224521636963 26.765661239624 26.7945823669434 26.8166637420654 26.8308391571045 26.8338737487793
25.7096672058105 25.7063179016113 25.7192821502686 25.7539043426514 25.815185546875 25.8615436553955 25.8806018829346 25.8773746490479 25.8860969543457 25.8994159698486 25.9223518371582 25.8909587860107 25.8400688171387 25.9029731750488 26.0145111083984 26.0732097625732 26.0746955871582 26.0840492248535 26.1167259216309 26.125768661499 26.1489391326904 26.1406517028809 26.1853065490723 26.2348785400391 26.2816734313965 26.2786865234375 26.2974529266357 26.2816257476807 26.2774715423584 26.2577133178711 26.2777271270752 26.2761192321777 26.2876930236816 26.2955436706543 26.2744884490967 26.2820377349854 26.2976531982422 26.3180332183838 26.3764495849609 26.4307765960693 26.497859954834 26.5848693847656 26.6794967651367 26.7836074829102 26.8604621887207 26.8547420501709 26.8939647674561
