Ecospace-environmental-drivers/Outputs/ASCII-for-ecospace/Temp-surf/Temp-surf_X2010.03.asc
NCOLS 131 
NROWS 53 
XLLCORNER -98 
YLLCORNER 23.9265270233154 
CELLSIZE 0.133587792515755 
NODATA_value -3.4e+38 
[rows 21 to 41 of 53, columns 0 to 46 of 131]
-3.4e+38 -3.4e+38 -3.4e+38 -3.4e+38 -3.4e+38 -3.4e+38 16.6284770965576 16.6050262451172 16.4678726196289 16.632791519165 16.0781059265137 15.9460582733154 16.0367774963379 16.1799297332764 16.299467086792 16.4567241668701 16.6990852355957 16.9935665130615 17.2523899078369 17.3703765869141 17.4637317657471 17.5839672088623 17.6887531280518 17.7450275421143 17.7893733978271 17.8483009338379 17.9377021789551 18.0002384185791 18.1083469390869 18.2343978881836 18.364538192749 18.4307022094727 18.4351978302002 18.3499069213867 18.2676086425781 18.3252239227295 18.4071960449219 18.4823017120361 18.5356769561768 18.5329170227051 18.5318508148193 18.5311870574951 18.5214881896973 18.497745513916 18.4502792358398 18.411319732666 18.3361892700195
-3.4e+38 -3.4e+38 -3.4e+38 -3.4e+38 -3.4e+38 -3.4e+38 16.734712600708 16.5456943511963 16.6050262451172 16.1658020019531 16.0925540924072 16.208179473877 16.4600524902344 16.7816200256348 17.0064640045166 17.1222362518311 17.1671237945557 17.2276935577393 17.3556995391846 17.543493270874 17.7031784057617 17.8048973083496 17.8527011871338 17.9064311981201 17.9540920257568 18.0345592498779 18.1179847717285 18.1871852874756 18.3056259155273 18.453784942627 18.6135349273682 18.6837787628174 18.7400913238525 18.6829090118408 18.6434440612793 18.7673606872559 18.9379329681396 19.0614185333252 19.1100635528564 19.1300220489502 19.1793918609619 19.2018241882324 19.1489639282227 19.0824317932129 19.0020503997803 18.8960266113281 18.8562469482422
-3.4e+38 -3.4e+38 -3.4e+38 -3.4e+38 16.8747844696045 16.8563289642334 16.6732196807861 16.734712600708 16.2973461151123 16.2676753997803 16.5016479492188 16.9320316314697 17.403787612915 17.8098621368408 18.093677520752 18.1981830596924 18.1924610137939 18.1316871643066 18.0767097473145 18.1535587310791 18.3074378967285 18.4328498840332 18.4891567230225 18.4913196563721 18.4127044677734 18.3456878662109 18.3741455078125 18.4318656921387 18.5249404907227 18.6891403198242 18.8094234466553 18.9262161254883 19.0146598815918 19.0106410980225 19.1607570648193 19.3303108215332 19.4585151672363 19.5450859069824 19.5718002319336 19.5904788970947 19.5910606384277 19.564266204834 19.5415287017822 19.5236682891846 19.4509773254395 19.3702449798584 19.302978515625
-3.4e+38 -3.4e+38 -3.4e+38 -3.4e+38 16.9629325866699 16.8050937652588 16.8563289642334 16.4286193847656 16.4064922332764 16.7212791442871 17.2051277160645 17.6337547302246 18.112850189209 18.5175476074219 18.687931060791 18.8324146270752 18.943078994751 19.0130519866943 19.0820484161377 19.162618637085 19.2363586425781 19.3057956695557 19.3284778594971 19.3010158538818 19.1931972503662 18.9655723571777 18.8141002655029 18.7637748718262 18.7953147888184 18.8815479278564 18.9756507873535 19.0373115539551 19.2429370880127 19.3825607299805 19.5102252960205 19.6547527313232 19.7855892181396 19.8379306793213 19.8360023498535 19.8138961791992 19.8144969940186 19.8011817932129 19.8047294616699 19.7463474273682 19.7134284973145 19.6561412811279 19.5929870605469
-3.4e+38 -3.4e+38 -3.4e+38 -3.4e+38 -3.4e+38 16.9629325866699 16.596019744873 16.4396991729736 16.7221393585205 17.1600761413574 17.5425682067871 18.0938091278076 18.66383934021 18.9310359954834 19.187183380127 19.4226512908936 19.6064720153809 19.659107208252 19.7062358856201 19.727014541626 19.7164611816406 19.7083339691162 19.6738414764404 19.6415519714355 19.5900363922119 19.4873542785645 19.2720966339111 19.1381053924561 19.0184211730957 19.0135498046875 19.1536540985107 19.2486801147461 19.473539352417 19.6101951599121 19.8056259155273 19.9358444213867 19.9890804290771 20.0023937225342 20.0125141143799 20.0167274475098 20.0022220611572 19.960376739502 19.8946380615234 19.8264865875244 19.7729625701904 19.7136917114258 19.6571521759033
-3.4e+38 -3.4e+38 -3.4e+38 -3.4e+38 -3.4e+38 16.8688926696777 16.4365348815918 16.6345119476318 17.0034885406494 17.3477649688721 18.0246276855469 18.4981651306152 18.8470001220703 19.3496990203857 19.7221488952637 19.9247283935547 19.9783515930176 19.9810123443604 19.9419231414795 19.9253845214844 19.9197025299072 19.8885364532471 19.8587760925293 19.8274440765381 19.7767124176025 19.7137508392334 19.6404304504395 19.499626159668 19.3687477111816 19.2239170074463 19.2686920166016 19.4652118682861 19.7214813232422 19.9499206542969 20.1131343841553 20.1693153381348 20.1924419403076 20.2200393676758 20.2233791351318 20.1773490905762 20.1154918670654 20.0725269317627 20.028995513916 19.9698925018311 19.8762378692627 19.8121109008789 19.7619609832764
-3.4e+38 -3.4e+38 18.6820678710938 18.4937591552734 17.4741725921631 16.7103042602539 16.4938850402832 16.8119125366211 17.2979335784912 17.8864574432373 18.2762107849121 18.6375312805176 19.2248649597168 19.7906532287598 20.0575275421143 20.1392192840576 20.0981979370117 20.0126552581787 19.9653491973877 19.9698734283447 19.9798469543457 19.9823513031006 19.976469039917 19.9629878997803 19.9237937927246 19.8431949615479 19.7767105102539 19.7220363616943 19.6385726928711 19.4967765808105 19.4573497772217 19.6374492645264 19.9821491241455 20.2280197143555 20.3397960662842 20.3532943725586 20.3564720153809 20.3610649108887 20.3404216766357 20.3028984069824 20.2665843963623 20.2256622314453 20.1187400817871 19.9287586212158 19.810266494751 19.7604999542236 19.7573566436768
-339999999999999996128486808808066248288.000000000000000 -3.4e+38 -3.4e+38 -3.4e+38 18.3054504394531 16.8041496276855 16.6571426391602 16.9946899414062 17.586217880249 18.0988292694092 18.3203372955322 18.8953056335449 19.6002235412598 20.0317497253418 20.208646774292 20.1912250518799 20.0831241607666 20.0224800109863 20.0377922058105 20.0544948577881 20.0601139068604 20.0859470367432 20.0821952819824 20.059118270874 20.0246810913086 19.9384803771973 19.8609828948975 19.816385269165 19.7632884979248 19.6452140808105 19.5916061401367 19.8219604492188 20.1840572357178 20.3805828094482 20.4125900268555 20.4060249328613 20.4153728485107 20.43776512146 20.4528713226318 20.4243869781494 20.3312549591064 20.2152824401855 20.1316738128662 19.9622459411621 19.7830581665039 19.7173500061035 19.752779006958
-3.4e+38 -3.4e+38 -3.4e+38 -3.4e+38 18.0982341766357 16.763988494873 16.8334560394287 17.2365741729736 17.6905574798584 18.0700359344482 18.3760147094727 19.1074905395508 19.8027324676514 20.1550064086914 20.2419013977051 20.192476272583 20.133810043335 20.0930156707764 20.1041717529297 20.1165504455566 20.1210842132568 20.1085891723633 20.0944137573242 20.0692539215088 20.0549850463867 19.9853706359863 19.9122047424316 19.8426704406738 19.8129348754883 19.6865177154541 19.789083480835 19.9959506988525 20.2892723083496 20.3575248718262 20.4008235931396 20.4319038391113 20.4575653076172 20.5136966705322 20.5789909362793 20.5727691650391 20.4504318237305 20.3333950042725 20.2024631500244 20.0094356536865 19.7998237609863 19.7361373901367 19.7426166534424
-3.4e+38 -3.4e+38 -3.4e+38 -3.4e+38 17.9974842071533 16.9072189331055 16.8956432342529 17.3204307556152 17.721170425415 18.0347766876221 18.3587875366211 19.223726272583 19.7333202362061 20.1987056732178 20.2837104797363 20.2548694610596 20.196704864502 20.1659736633301 20.1692810058594 20.1548099517822 20.1428871154785 20.1312713623047 20.1269016265869 20.1069755554199 20.0803604125977 19.9990520477295 19.9238662719727 19.8679103851318 19.7754859924316 19.8509540557861 19.978120803833 20.1323547363281 20.3061408996582 20.3419303894043 20.3748245239258 20.4103450775146 20.4639301300049 20.5409412384033 20.6258068084717 20.6893730163574 20.6636981964111 20.5534858703613 20.3308868408203 20.0704212188721 19.8963375091553 19.8171710968018 19.7935523986816
-3.4e+38 -3.4e+38 -3.4e+38 -3.4e+38 19.064136505127 17.1485157012939 16.8946723937988 17.2515754699707 17.6882724761963 17.959924697876 18.3403968811035 19.1503314971924 19.6828327178955 20.2719459533691 20.3302536010742 20.3017902374268 20.270393371582 20.2333087921143 20.2102451324463 20.186206817627 20.1905384063721 20.191764831543 20.155366897583 20.1334133148193 20.0991592407227 20.013578414917 19.932092666626 19.8656578063965 19.9003486633301 20.0225009918213 20.0068912506104 20.2060623168945 20.2803497314453 20.2964363098145 20.3156814575195 20.3555965423584 20.4021987915039 20.4781665802002 20.5918025970459 20.7286891937256 20.7843284606934 20.7061023712158 20.4693279266357 20.1769886016846 19.968822479248 19.8561038970947 19.7924327850342
-3.4e+38 -3.4e+38 -3.4e+38 -3.4e+38 19.1836566925049 17.3392124176025 16.9191589355469 17.1413974761963 17.5410442352295 17.8766117095947 18.2679042816162 18.8768768310547 19.4691696166992 20.3379459381104 20.4138164520264 20.337158203125 20.3243312835693 20.2819652557373 20.2334403991699 20.2127666473389 20.2271251678467 20.2202014923096 20.1866245269775 20.1558685302734 20.0948257446289 20.0194721221924 19.9330635070801 19.9031581878662 20.0332221984863 19.9926376342773 20.0913124084473 20.2377376556396 20.2329769134521 20.2219486236572 20.2635517120361 20.3360633850098 20.4011573791504 20.4579772949219 20.5396881103516 20.6821594238281 20.8523960113525 20.7962970733643 20.6131343841553 20.3085289001465 20.0439777374268 19.8883495330811 19.7840404510498
-3.4e+38 -3.4e+38 -3.4e+38 -3.4e+38 19.1662254333496 17.7916488647461 16.996036529541 17.1213302612305 17.4437618255615 17.7244548797607 18.1076717376709 18.6814136505127 19.4578533172607 20.3950653076172 20.4528923034668 20.3548259735107 20.3695335388184 20.3286457061768 20.2589530944824 20.218936920166 20.2215633392334 20.2059669494629 20.1795806884766 20.1393089294434 20.0869617462158 20.0021266937256 19.9416065216064 20.0171928405762 20.0061473846436 20.0406532287598 20.2177639007568 20.2793922424316 20.2472972869873 20.2597312927246 20.2877960205078 20.3404140472412 20.4360885620117 20.4850158691406 20.5395469665527 20.630973815918 20.8385066986084 20.8701362609863 20.7519016265869 20.4250888824463 20.1795406341553 19.9870471954346 19.8106136322021
-3.4e+38 -3.4e+38 -3.4e+38 -3.4e+38 -3.4e+38 17.4515724182129 17.178201675415 17.1586952209473 17.4063377380371 17.6476402282715 17.9249324798584 18.4166164398193 19.4531517028809 20.3422737121582 20.4845333099365 20.377836227417 20.3775291442871 20.3529052734375 20.2932205200195 20.2300491333008 20.2189559936523 20.1952991485596 20.1687641143799 20.1334056854248 20.0613441467285 19.9385166168213 19.9668483734131 20.0076217651367 20.0188522338867 20.1622734069824 20.2803001403809 20.2625751495361 20.2471694946289 20.2760105133057 20.3241500854492 20.3706645965576 20.4483642578125 20.5206871032715 20.5921459197998 20.6544971466064 20.795970916748 20.9086112976074 20.8768215179443 20.617603302002 20.3304405212402 20.0889167785645 19.8950843811035
-3.4e+38 -3.4e+38 -3.4e+38 -3.4e+38 -3.4e+38 19.6400165557861 17.3837299346924 17.2425556182861 17.4778861999512 17.6869812011719 17.8754100799561 18.4155311584473 19.5983238220215 20.3323211669922 20.5235691070557 20.4365577697754 20.3692989349365 20.3545360565186 20.3412208557129 20.2738647460938 20.2089443206787 20.2030429840088 20.1725330352783 20.1047782897949 19.9773654937744 19.9078712463379 20.026294708252 19.9982223510742 20.1173038482666 20.2203845977783 20.2807273864746 20.2581558227539 20.2336902618408 20.3085842132568 20.3903694152832 20.4834327697754 20.5821666717529 20.6205768585205 20.6633987426758 20.746208190918 20.8177757263184 20.9342098236084 20.954402923584 20.8626842498779 20.560001373291 20.2341899871826 20.0384578704834
-3.4e+38 -3.4e+38 -3.4e+38 -3.4e+38 -3.4e+38 19.7057781219482 17.4930057525635 17.3602828979492 17.6194324493408 17.888650894165 18.1564807891846 18.7478218078613 19.8096580505371 20.3421001434326 20.5672855377197 20.512809753418 20.4117088317871 20.3476066589355 20.3348007202148 20.3209571838379 20.2660884857178 20.2134819030762 20.1475734710693 20.0505332946777 19.9750785827637 20.038028717041 20.0915679931641 20.0717144012451 20.1696548461914 20.2333564758301 20.2563591003418 20.2591762542725 20.3507175445557 20.4866027832031 20.6110801696777 20.7122268676758 20.7489528656006 20.7981147766113 20.8367462158203 20.8544597625732 20.895959854126 20.9821739196777 21.0357666015625 20.9808483123779 20.8607883453369 20.4939365386963 20.2354030609131
-3.4e+38 -3.4e+38 -3.4e+38 -3.4e+38 -3.4e+38 -3.4e+38 17.6059341430664 17.4615211486816 17.6941013336182 17.9573841094971 18.3740367889404 19.1674270629883 19.9859275817871 20.3589210510254 20.5935325622559 20.6145420074463 20.5030727386475 20.3873405456543 20.3152675628662 20.3016338348389 20.2871360778809 20.240364074707 20.1639080047607 20.0809707641602 20.0666732788086 20.1805629730225 20.1323089599609 20.1174964904785 20.1894073486328 20.246166229248 20.2533569335938 20.3772811889648 20.6336574554443 20.7873916625977 20.8887004852295 20.9780654907227 20.9997673034668 21.0123748779297 21.0166187286377 21.0126857757568 21.0205001831055 21.0600166320801 21.128662109375 21.1314945220947 21.0599708557129 20.8509826660156 20.5059452056885
-3.4e+38 -3.4e+38 -3.4e+38 -3.4e+38 -3.4e+38 -3.4e+38 17.7182655334473 17.5717849731445 17.8217391967773 18.0902709960938 18.6366729736328 19.5006275177002 20.0882244110107 20.4086360931396 20.6017780303955 20.6881465911865 20.6290969848633 20.5255393981934 20.416919708252 20.3254127502441 20.2678070068359 20.2586326599121 20.2383098602295 20.2155361175537 20.2389812469482 20.2646484375 20.1854190826416 20.1734867095947 20.2497062683105 20.3439788818359 20.4984169006348 20.7302017211914 20.9778518676758 21.1173076629639 21.1913414001465 21.1738700866699 21.1846466064453 21.1902313232422 21.1894683837891 21.2207660675049 21.2081832885742 21.2445983886719 21.2510547637939 21.2596321105957 21.223316192627 21.0952301025391 20.8727970123291
-3.4e+38 -3.4e+38 -3.4e+38 -3.4e+38 -3.4e+38 -3.4e+38 17.9087562561035 17.7130260467529 18.0003223419189 18.3241901397705 18.995002746582 19.7297668457031 20.2852821350098 20.4759273529053 20.5694198608398 20.7290649414062 20.7532348632812 20.6773891448975 20.596773147583 20.5222702026367 20.4295635223389 20.3378105163574 20.3104400634766 20.3035945892334 20.3200702667236 20.3429908752441 20.3450298309326 20.3822402954102 20.4935722351074 20.6384544372559 20.8337364196777 21.0962409973145 21.2690391540527 21.350606918335 21.3550930023193 21.3672981262207 21.3898983001709 21.4041976928711 21.4362316131592 21.4672012329102 21.4426002502441 21.4423675537109 21.4334411621094 21.4035263061523 21.3679809570312 21.2807941436768 21.1417140960693
-3.4e+38 -3.4e+38 -3.4e+38 -3.4e+38 -3.4e+38 18.5338516235352 17.8201770782471 17.8955516815186 18.1590538024902 18.5689697265625 19.3605499267578 20.1703014373779 20.4377689361572 20.5224552154541 20.5450992584229 20.6252746582031 20.755241394043 20.754373550415 20.6987247467041 20.6897220611572 20.6621475219727 20.6136322021484 20.532283782959 20.5308475494385 20.542667388916 20.5560302734375 20.5940361022949 20.6344661712646 20.7418766021729 20.9157962799072 21.154088973999 21.3736457824707 21.4806175231934 21.5041065216064 21.5444946289062 21.5677719116211 21.5818786621094 21.6064529418945 21.63698387146 21.6373481750488 21.6156730651855 21.5797901153564 21.5714416503906 21.522590637207 21.5111885070801 21.4496250152588 21.3336753845215
-3.4e+38 -3.4e+38 -3.4e+38 -3.4e+38 18.8516883850098 18.4226856231689 17.8551616668701 18.0600166320801 18.3580551147461 18.8692016601562 19.8637447357178 20.4449653625488 20.5531921386719 20.6477031707764 20.6656970977783 20.6916084289551 20.7278633117676 20.7592239379883 20.7747611999512 20.794361114502 20.7867698669434 20.8126659393311 20.8147850036621 20.7496318817139 20.7658920288086 20.8069152832031 20.8082275390625 20.8669662475586 20.9931678771973 21.2341728210449 21.4827632904053 21.55051612854 21.5855731964111 21.6546096801758 21.7188549041748 21.7566585540771 21.7518424987793 21.7933158874512 21.7947177886963 21.7681007385254 21.718542098999 21.6624870300293 21.6342620849609 21.5936431884766 21.578483581543 21.5547008514404 21.4842262268066
