Ecospace-environmental-drivers/Outputs/ASCII-for-ecospace/Temp-surf/Temp-surf_X1999.06.asc
NCOLS 131 
NROWS 53 
XLLCORNER -98 
YLLCORNER 23.9265270233154 
CELLSIZE 0.133587792515755 
NODATA_value -3.4e+38 
[rows 0 to 20 of 53, columns 47 to 93 of 131]
-3.4e+38 -3.4e+38 -3.4e+38 -3.4e+38 -3.4e+38 -3.4e+38 -3.4e+38 -3.4e+38 -3.4e+38 -3.4e+38 -3.4e+38 -3.4e+38 -3.4e+38 -3.4e+38 -3.4e+38 -3.4e+38 -3.4e+38 -3.4e+38 -3.4e+38 -3.4e+38 -3.4e+38 -3.4e+38 -3.4e+38 -3.4e+38 -3.4e+38 -3.4e+38 -3.4e+38 -3.4e+38 -3.4e+38 -3.4e+38 -3.4e+38 -3.4e+38 -3.4e+38 -3.4e+38 -3.4e+38 -3.4e+38 -3.4e+38 -3.4e+38 -3.4e+38 -3.4e+38 -3.4e+38 -3.4e+38 -3.4e+38 -3.4e+38 -3.4e+38 -3.4e+38 -3.4e+38
-3.4e+38 -3.4e+38 -3.4e+38 -3.4e+38 -3.4e+38 -3.4e+38 -3.4e+38 -3.4e+38 -3.4e+38 -3.4e+38 -3.4e+38 -3.4e+38 -3.4e+38 -3.4e+38 -3.4e+38 -3.4e+38 -3.4e+38 -3.4e+38 -3.4e+38 -3.4e+38 -3.4e+38 -3.4e+38 -3.4e+38 -3.4e+38 -3.4e+38 -3.4e+38 -3.4e+38 -3.4e+38 -3.4e+38 -3.4e+38 -3.4e+38 -3.4e+38 -3.4e+38 -3.4e+38 -3.4e+38 -3.4e+38 -3.4e+38 -3.4e+38 -3.4e+38 -3.4e+38 -3.4e+38 -3.4e+38 -3.4e+38 -3.4e+38 -3.4e+38 -3.4e+38 -3.4e+38
-3.4e+38 -3.4e+38 -3.4e+38 -3.4e+38 -3.4e+38 -3.4e+38 -3.4e+38 -3.4e+38 -3.4e+38 -3.4e+38 -3.4e+38 -3.4e+38 -3.4e+38 -3.4e+38 -3.4e+38 -3.4e+38 -3.4e+38 -3.4e+38 -3.4e+38 -3.4e+38 -3.4e+38 -3.4e+38 -3.4e+38 -3.4e+38 -3.4e+38 -3.4e+38 -3.4e+38 31.3905773162842 31.3909492492676 -3.4e+38 -3.4e+38 -3.4e+38 -3.4e+38 -3.4e+38 -3.4e+38 -3.4e+38 -3.4e+38 -3.4e+38 -3.4e+38 -3.4e+38 -3.4e+38 -3.4e+38 -3.4e+38 -3.4e+38 -3.4e+38 -3.4e+38 -3.4e+38
-3.4e+38 -3.4e+38 -3.4e+38 -3.4e+38 -3.4e+38 -3.4e+38 -3.4e+38 -3.4e+38 -3.4e+38 -3.4e+38 -3.4e+38 -3.4e+38 -3.4e+38 -3.4e+38 -3.4e+38 -3.4e+38 -3.4e+38 -3.4e+38 -3.4e+38 -3.4e+38 -3.4e+38 -3.4e+38 -3.4e+38 -3.4e+38 -3.4e+38 -3.4e+38 -3.4e+38 31.296667098999 31.2129383087158 -3.4e+38 -3.4e+38 -3.4e+38 -3.4e+38 -3.4e+38 -3.4e+38 -3.4e+38 -3.4e+38 -3.4e+38 -3.4e+38 -3.4e+38 -3.4e+38 -3.4e+38 -3.4e+38 -3.4e+38 -3.4e+38 -3.4e+38 -3.4e+38
-3.4e+38 -3.4e+38 -3.4e+38 -3.4e+38 -3.4e+38 -3.4e+38 -3.4e+38 -3.4e+38 -3.4e+38 31.7373466491699 31.7373466491699 31.7412433624268 31.7060623168945 -3.4e+38 -3.4e+38 -3.4e+38 -3.4e+38 -3.4e+38 31.3898696899414 31.358980178833 31.4353713989258 31.4370040893555 31.396993637085 31.5615921020508 31.5483474731445 31.5327072143555 31.4233875274658 31.2252941131592 31.3725700378418 31.7723789215088 -3.4e+38 -3.4e+38 29.342658996582 29.1486473083496 29.435302734375 28.7110290527344 28.7047882080078 28.7739639282227 28.8859786987305 28.646556854248 28.4433784484863 28.4165210723877 -3.4e+38 -3.4e+38 -3.4e+38 -3.4e+38 -3.4e+38
-3.4e+38 -3.4e+38 -3.4e+38 -3.4e+38 -3.4e+38 -3.4e+38 -3.4e+38 -3.4e+38 31.7373466491699 31.7373466491699 31.7373466491699 31.7373466491699 31.7451400756836 31.7045383453369 31.637228012085 -3.4e+38 31.5645999908447 31.5882835388184 31.393383026123 31.2188320159912 31.0168933868408 30.936939239502 31.0671215057373 31.1338272094727 31.0680694580078 30.9407577514648 30.9390411376953 31.1114139556885 31.404016494751 31.7111835479736 29.9447326660156 29.6080093383789 29.3738460540771 29.04612159729 28.7393226623535 28.5905323028564 28.5903148651123 28.4875793457031 28.5042457580566 28.5596790313721 28.4369106292725 28.3605709075928 28.4252243041992 28.6905345916748 -3.4e+38 -3.4e+38 -3.4e+38
-3.4e+38 -3.4e+38 -3.4e+38 -3.4e+38 -3.4e+38 -3.4e+38 -3.4e+38 -3.4e+38 31.7403297424316 31.7373466491699 31.7373466491699 31.7373466491699 31.7373466491699 31.7529335021973 31.6906414031982 31.637228012085 31.5656127929688 31.4672756195068 31.3271732330322 31.2027912139893 30.6057548522949 30.2864112854004 29.908712387085 29.7005729675293 29.6352062225342 29.4918460845947 29.3740787506104 29.362943649292 29.3937454223633 29.3689613342285 29.2148857116699 28.948881149292 28.8454170227051 28.7440299987793 28.5801620483398 28.4182395935059 28.3904056549072 28.3477115631104 28.3062591552734 28.3310222625732 28.3114070892334 28.3411636352539 28.3209609985352 28.3427753448486 28.5807437896729 28.8771324157715 -3.4e+38
-3.4e+38 -3.4e+38 -3.4e+38 -3.4e+38 -3.4e+38 -3.4e+38 -3.4e+38 -3.4e+38 -3.4e+38 -3.4e+38 31.7373466491699 31.7373466491699 31.7373466491699 -3.4e+38 31.7685222625732 31.6194705963135 31.588191986084 31.5700531005859 31.5011215209961 31.2611236572266 30.8178195953369 30.5262584686279 29.522045135498 29.2522144317627 29.229024887085 29.288948059082 29.2760734558105 29.1290225982666 29.0657806396484 29.0609798431396 29.013256072998 28.902473449707 28.8329219818115 28.640266418457 28.5005836486816 28.4537582397461 28.3848304748535 28.2905254364014 28.2294864654541 28.2109851837158 28.1582088470459 28.2775039672852 28.2995452880859 28.2926464080811 28.3881702423096 28.8302249908447 29.7093887329102
-3.4e+38 -3.4e+38 -3.4e+38 -3.4e+38 -3.4e+38 -3.4e+38 -3.4e+38 -3.4e+38 -3.4e+38 -3.4e+38 -3.4e+38 -3.4e+38 -3.4e+38 -3.4e+38 31.7063331604004 31.7297286987305 31.6325664520264 31.5574340820312 31.4750099182129 31.4166030883789 31.1686668395996 30.8961429595947 29.4840774536133 29.2050189971924 29.3043518066406 29.3575096130371 29.3765907287598 29.3418979644775 29.2598171234131 29.1525688171387 29.0521411895752 28.9536914825439 28.8074569702148 28.6806201934814 28.5962390899658 28.4748115539551 28.3571949005127 28.3008441925049 28.2351627349854 28.1869335174561 28.0686950683594 28.1507778167725 28.2486419677734 28.2928142547607 28.2914962768555 28.3817596435547 29.1473159790039
31.6667766571045 -3.4e+38 -3.4e+38 -3.4e+38 -3.4e+38 -3.4e+38 -3.4e+38 -3.4e+38 -3.4e+38 -3.4e+38 31.7735004425049 31.8178863525391 -3.4e+38 -3.4e+38 -3.4e+38 31.695707321167 31.7137184143066 31.6493721008301 31.57399559021 31.5442886352539 31.4184646606445 30.5492610931396 29.4839038848877 29.2584590911865 29.2892570495605 29.2952556610107 29.265115737915 29.2239093780518 29.2127323150635 29.1195850372314 29.0592956542969 29.0091094970703 28.8778877258301 28.7497653961182 28.6658897399902 28.6125583648682 28.5350284576416 28.4324760437012 28.3286018371582 28.2125911712646 28.0797462463379 28.1233749389648 28.2026691436768 28.2558670043945 28.2566738128662 28.2949104309082 28.775354385376
31.455207824707 31.5018424987793 -3.4e+38 -3.4e+38 -3.4e+38 -3.4e+38 -3.4e+38 -3.4e+38 -3.4e+38 -3.4e+38 31.7513370513916 31.8201351165771 31.8984260559082 -3.4e+38 -3.4e+38 31.6670761108398 31.6616821289062 31.7688102722168 31.7669219970703 31.6443462371826 31.0616474151611 29.8776741027832 29.4301834106445 29.2570171356201 29.1974010467529 29.2213382720947 29.2056903839111 29.1483917236328 29.1459579467773 29.1304035186768 29.1381244659424 29.0585117340088 28.9303035736084 28.8384647369385 28.7816982269287 28.7298564910889 28.6399593353271 28.5604267120361 28.4583930969238 28.3280029296875 28.2632846832275 28.2183036804199 28.2181644439697 28.2462100982666 28.2268257141113 28.2798404693604 28.5863304138184
31.4022159576416 31.4109554290771 31.5060482025146 31.5942630767822 -3.4e+38 -3.4e+38 -3.4e+38 -3.4e+38 -3.4e+38 -3.4e+38 -3.4e+38 31.7788505554199 31.8637390136719 31.8984260559082 31.5990715026855 31.5510482788086 31.8921508789062 31.9553318023682 31.6474514007568 30.8667144775391 29.4871826171875 29.2297439575195 29.2277355194092 29.2915477752686 29.2903156280518 29.2197017669678 29.2296695709229 29.1989688873291 29.1951122283936 29.1649513244629 29.1189403533936 29.0536613464355 28.9710826873779 28.9264240264893 28.9079113006592 28.8517017364502 28.7435836791992 28.6355361938477 28.5429420471191 28.4106197357178 28.3842487335205 28.3406982421875 28.3021793365479 28.2785224914551 28.2192668914795 28.2966594696045 28.3764934539795
30.9089317321777 31.2999038696289 31.5331649780273 31.7435760498047 -3.4e+38 -3.4e+38 -3.4e+38 -3.4e+38 31.7278461456299 31.7666416168213 31.7124118804932 31.6071949005127 31.8452892303467 31.8475036621094 30.9832801818848 30.7598724365234 31.1899967193604 31.4619903564453 31.2534580230713 29.7195663452148 28.5341033935547 29.0409507751465 29.4761505126953 29.6173534393311 29.5643157958984 29.4236221313477 29.348783493042 29.2989044189453 29.2260627746582 29.1485137939453 29.0789318084717 29.0417556762695 28.9907932281494 28.9551048278809 28.9232540130615 28.8662567138672 28.7831230163574 28.7070217132568 28.6397953033447 28.4941482543945 28.4247589111328 28.4037971496582 28.3453464508057 28.3332195281982 28.3090763092041 28.2585506439209 28.2901668548584
30.3523788452148 30.506591796875 30.8165550231934 31.2190971374512 31.4821090698242 31.3993053436279 31.5037364959717 31.5613803863525 31.6054668426514 31.6184635162354 31.6518936157227 31.677583694458 31.1487998962402 30.3916664123535 29.8915977478027 30.2241954803467 30.8081398010254 30.798168182373 30.8672199249268 29.5644226074219 27.8161029815674 28.7015705108643 29.7247505187988 29.8375873565674 29.7740802764893 29.5860118865967 29.3770008087158 29.2926063537598 29.2170467376709 29.1459503173828 29.1039714813232 29.0359992980957 28.9564113616943 28.9458103179932 28.9215793609619 28.8795146942139 28.8224639892578 28.7744426727295 28.729455947876 28.6187343597412 28.4925937652588 28.4583911895752 28.3737297058105 28.3334636688232 28.3529529571533 28.2518615722656 28.1990795135498
30.1478843688965 30.2650775909424 30.4522800445557 30.8755073547363 31.2190418243408 31.3348655700684 31.4659957885742 31.530029296875 31.4304542541504 31.3277435302734 31.0859680175781 30.3685970306396 29.8329067230225 29.3892154693604 29.2021923065186 29.2894325256348 29.2463665008545 31.4825458526611 31.4181003570557 29.9367065429688 28.2729167938232 29.1939315795898 29.816385269165 29.8917636871338 29.7733879089355 29.6019477844238 29.4086742401123 29.1880264282227 29.0971355438232 29.064338684082 29.0128021240234 28.9880981445312 28.9524822235107 28.9260444641113 28.9131927490234 28.8963012695312 28.8700103759766 28.8280410766602 28.7789993286133 28.7357006072998 28.6040477752686 28.5178165435791 28.3992290496826 28.3050155639648 28.2863254547119 28.2772789001465 28.2488231658936
29.7215671539307 29.8768920898438 30.1013526916504 30.3616161346436 30.4198093414307 30.4227428436279 30.4239902496338 30.3628768920898 30.1563148498535 29.8513278961182 29.6100978851318 29.4995708465576 29.3708419799805 29.1642913818359 29.0419006347656 29.036283493042 28.7703342437744 29.3570041656494 28.6435813903809 28.6032600402832 29.174919128418 29.6132850646973 29.6575183868408 29.5403327941895 29.4156742095947 29.3331604003906 29.2793502807617 29.176965713501 29.0783863067627 29.0299816131592 29.0396785736084 29.0334186553955 28.9811267852783 28.9877185821533 28.9810924530029 28.9741477966309 28.9423942565918 28.8995914459229 28.8507175445557 28.8026542663574 28.7195205688477 28.6085033416748 28.5037498474121 28.4027347564697 28.3343467712402 28.2801132202148 28.2870349884033
29.3694190979004 29.4838371276855 29.6503753662109 29.8597869873047 29.9892864227295 29.94460105896 29.7596797943115 29.6041641235352 29.4319705963135 29.3642406463623 29.3521595001221 29.3425369262695 29.2624168395996 29.2420635223389 29.1491222381592 29.1105823516846 29.0577144622803 29.0880374908447 29.2409629821777 29.4380397796631 29.4670639038086 29.3459587097168 29.2529621124268 29.1792125701904 29.1365489959717 29.1444721221924 29.1731586456299 29.1824913024902 29.1668376922607 29.1229419708252 29.0903587341309 29.0643310546875 29.0608520507812 29.0857906341553 29.0769233703613 29.0584621429443 29.0208721160889 28.9762668609619 28.9286556243896 28.8744239807129 28.8232002258301 28.7087841033936 28.603931427002 28.5299053192139 28.4401893615723 28.3433265686035 28.2998447418213
29.0672302246094 29.1442737579346 29.3346157073975 29.4640731811523 29.5267276763916 29.5298938751221 29.5378761291504 29.5000915527344 29.3919658660889 29.328634262085 29.3197956085205 29.2474021911621 29.1406803131104 29.1519832611084 29.1765785217285 29.1738548278809 29.2413635253906 29.3082523345947 29.2356834411621 29.1728687286377 29.1511173248291 29.1394481658936 29.1539115905762 29.1794033050537 29.1727313995361 29.1718883514404 29.2130279541016 29.2233848571777 29.2121887207031 29.199520111084 29.1630687713623 29.1166496276855 29.1528205871582 29.1387386322021 29.1177711486816 29.1080169677734 29.0889549255371 29.0584335327148 29.0282154083252 28.9568748474121 28.9028377532959 28.8419780731201 28.7315559387207 28.6336898803711 28.5456619262695 28.4437274932861 28.3667888641357
28.9123954772949 28.926362991333 28.9882869720459 29.1174335479736 29.2480449676514 29.2960605621338 29.3144035339355 29.3028888702393 29.3310165405273 29.2725734710693 29.2355995178223 29.22483253479 29.1028499603271 29.0931720733643 29.1202735900879 29.0939769744873 29.1016578674316 29.1162452697754 29.0170650482178 29.0245227813721 29.0953273773193 29.1204032897949 29.173131942749 29.1750221252441 29.1716556549072 29.135669708252 29.1743965148926 29.227668762207 29.2451820373535 29.2458477020264 29.2312698364258 29.2321662902832 29.2393569946289 29.2356433868408 29.2358570098877 29.2219924926758 29.1725921630859 29.1192569732666 29.0496025085449 28.9911689758301 28.937084197998 28.8948421478271 28.8382415771484 28.7534847259521 28.6774463653564 28.5880851745605 28.4866542816162
28.8116092681885 28.8112125396729 28.839017868042 28.9218883514404 29.000919342041 29.0915870666504 29.1210193634033 29.1566963195801 29.2013149261475 29.2096672058105 29.1402549743652 29.0465354919434 28.9853591918945 29.0379085540771 29.0672931671143 29.0243949890137 28.9689102172852 28.9242362976074 28.9558753967285 29.0105648040771 29.0736827850342 29.0979404449463 29.149787902832 29.1914691925049 29.1906871795654 29.1547298431396 29.2027854919434 29.2552165985107 29.2574787139893 29.2701892852783 29.2708282470703 29.2857933044434 29.2888660430908 29.3042335510254 29.301139831543 29.284984588623 29.2395133972168 29.1559772491455 29.0725917816162 29.0115013122559 28.9797515869141 28.945686340332 28.8981456756592 28.8369903564453 28.7590370178223 28.6761608123779 28.5989189147949
28.762414932251 28.762279510498 28.7604293823242 28.7807273864746 28.8030185699463 28.8492279052734 28.8613758087158 28.8787307739258 28.9197235107422 28.9778366088867 29.0116996765137 28.9197750091553 28.8498497009277 28.9813175201416 29.0064029693604 28.9315967559814 28.8850975036621 28.9146881103516 28.9501800537109 28.9835338592529 29.0324306488037 29.0814762115479 29.1598300933838 29.1897144317627 29.2138175964355 29.2472114562988 29.2693481445312 29.2733917236328 29.2602462768555 29.292631149292 29.3713855743408 29.3593349456787 29.3241596221924 29.3312244415283 29.3126049041748 29.2836017608643 29.2456550598145 29.2066345214844 29.171630859375 29.1331977844238 29.0938663482666 29.0571613311768 29.0059432983398 28.9400844573975 28.8500480651855 28.7544555664062 28.6645641326904
