Ecospace-environmental-drivers/Outputs/ASCII-for-ecospace/Temp-surf/Temp-surf_X2014.05.asc
NCOLS 131 
NROWS 53 
XLLCORNER -98 
YLLCORNER 23.9265270233154 
CELLSIZE 0.133587792515755 
NODATA_value -3.4e+38 
[rows 0 to 20 of 53, columns 47 to 93 of 131]
-3.4e+38 -3.4e+38 -3.4e+38 -3.4e+38 -3.4e+38 -3.4e+38 -3.4e+38 -3.4e+38 -3.4e+38 -3.4e+38 -3.4e+38 -3.4e+38 -3.4e+38 -3.4e+38 -3.4e+38 -3.4e+38 -3.4e+38 -3.4e+38 -3.4e+38 -3.4e+38 -3.4e+38 -3.4e+38 -3.4e+38 -3.4e+38 -3.4e+38 -3.4e+38 -3.4e+38 -3.4e+38 -3.4e+38 -3.4e+38 -3.4e+38 -3.4e+38 -3.4e+38 -3.4e+38 -3.4e+38 -3.4e+38 -3.4e+38 -3.4e+38 -3.4e+38 -3.4e+38 -3.4e+38 -3.4e+38 -3.4e+38 -3.4e+38 -3.4e+38 -3.4e+38 -3.4e+38
-3.4e+38 -3.4e+38 -3.4e+38 -3.4e+38 -3.4e+38 -3.4e+38 -3.4e+38 -3.4e+38 -3.4e+38 -3.4e+38 -3.4e+38 -3.4e+38 -3.4e+38 -3.4e+38 -3.4e+38 -3.4e+38 -3.4e+38 -3.4e+38 -3.4e+38 -3.4e+38 -3.4e+38 -3.4e+38 -3.4e+38 -3.4e+38 -3.4e+38 -3.4e+38 -3.4e+38 -3.4e+38 -3.4e+38 -3.4e+38 -3.4e+38 -3.4e+38 -3.4e+38 -3.4e+38 -3.4e+38 -3.4e+38 -3.4e+38 -3.4e+38 -3.4e+38 -3.4e+38 -3.4e+38 -3.4e+38 -3.4e+38 -3.4e+38 -3.4e+38 -3.4e+38 -3.4e+38
-3.4e+38 -3.4e+38 -3.4e+38 -3.4e+38 -3.4e+38 -3.4e+38 -3.4e+38 -3.4e+38 -3.4e+38 -3.4e+38 -3.4e+38 -3.4e+38 -3.4e+38 -3.4e+38 -3.4e+38 -3.4e+38 -3.4e+38 -3.4e+38 -3.4e+38 -3.4e+38 -3.4e+38 -3.4e+38 -3.4e+38 -3.4e+38 -3.4e+38 -3.4e+38 -3.4e+38 26.0371208190918 26.0371208190918 -3.4e+38 -3.4e+38 -3.4e+38 -3.4e+38 -3.4e+38 -3.4e+38 -3.4e+38 -3.4e+38 -3.4e+38 -3.4e+38 -3.4e+38 -3.4e+38 -3.4e+38 -3.4e+38 -3.4e+38 -3.4e+38 -3.4e+38 -3.4e+38
-3.4e+38 -3.4e+38 -3.4e+38 -3.4e+38 -3.4e+38 -3.4e+38 -3.4e+38 -3.4e+38 -3.4e+38 -3.4e+38 -3.4e+38 -3.4e+38 -3.4e+38 -3.4e+38 -3.4e+38 -3.4e+38 -3.4e+38 -3.4e+38 -3.4e+38 -3.4e+38 -3.4e+38 -3.4e+38 -3.4e+38 -3.4e+38 -3.4e+38 -3.4e+38 -3.4e+38 26.0659408569336 26.00830078125 -3.4e+38 -3.4e+38 -3.4e+38 -3.4e+38 -3.4e+38 -3.4e+38 -3.4e+38 -3.4e+38 -3.4e+38 -3.4e+38 -3.4e+38 -3.4e+38 -3.4e+38 -3.4e+38 -3.4e+38 -3.4e+38 -3.4e+38 -3.4e+38
-3.4e+38 -3.4e+38 -3.4e+38 -3.4e+38 -3.4e+38 -3.4e+38 -3.4e+38 -3.4e+38 -3.4e+38 25.9877872467041 26.1067218780518 26.1067218780518 26.1067218780518 -3.4e+38 -3.4e+38 -3.4e+38 -3.4e+38 -3.4e+38 26.0575828552246 25.9946556091309 25.9743804931641 25.9676475524902 26.0756912231445 26.13010597229 26.2201957702637 26.2338275909424 25.9017753601074 25.7327690124512 25.8430347442627 26.00026512146 -3.4e+38 -3.4e+38 26.5509643554688 26.4562797546387 26.8853454589844 26.7848949432373 25.5702514648438 25.5325489044189 26.2858371734619 26.5100269317627 26.5204734802246 25.5494804382324 -3.4e+38 -3.4e+38 -3.4e+38 -3.4e+38 -3.4e+38
-3.4e+38 -3.4e+38 -3.4e+38 -3.4e+38 -3.4e+38 -3.4e+38 -3.4e+38 -3.4e+38 25.9502601623535 25.9359588623047 25.9582061767578 26.1067218780518 25.9492130279541 25.9524955749512 26.010425567627 -3.4e+38 25.9430541992188 25.8668727874756 26.1265525817871 25.9886112213135 25.8688049316406 26.0657234191895 25.9684143066406 26.1929340362549 26.228967666626 26.2386875152588 25.7748947143555 25.5697078704834 25.8575267791748 26.2921962738037 25.7612991333008 26.6301593780518 26.5923175811768 26.4304161071777 25.9170360565186 25.0202617645264 24.8318977355957 24.8426265716553 24.7508201599121 25.0148429870605 25.0962028503418 25.0317630767822 24.7161674499512 24.8328285217285 -3.4e+38 -3.4e+38 -3.4e+38
-3.4e+38 -3.4e+38 -3.4e+38 -3.4e+38 -3.4e+38 -3.4e+38 -3.4e+38 -3.4e+38 25.9517555236816 25.9502601623535 25.9216556549072 25.854190826416 25.8842067718506 25.9517307281494 26.0215473175049 26.0580005645752 26.012508392334 25.7586517333984 25.5697803497314 25.6842575073242 25.5184841156006 25.5914688110352 25.6876163482666 25.7019271850586 25.7373695373535 25.7010135650635 25.752269744873 25.6549263000488 25.5517292022705 25.6376056671143 25.1640319824219 25.0825004577637 24.7758960723877 24.6529407501221 24.5440158843994 24.5623817443848 24.6266136169434 24.6272735595703 24.5183944702148 24.4613151550293 24.4279441833496 24.4329490661621 24.5149383544922 24.8850231170654 25.0985240936279 25.0024871826172 -3.4e+38
-3.4e+38 -3.4e+38 -3.4e+38 -3.4e+38 -3.4e+38 -3.4e+38 -3.4e+38 -3.4e+38 -3.4e+38 -3.4e+38 26.0253524780273 25.900993347168 25.97194480896 -3.4e+38 25.9709911346436 25.7423305511475 25.6473064422607 25.6193752288818 25.9035472869873 25.9240283966064 25.3676242828369 25.4340553283691 25.3228759765625 25.2276916503906 25.0570831298828 25.2213344573975 25.3029651641846 25.0818138122559 25.006799697876 25.0759468078613 25.059118270874 25.0452556610107 24.9671211242676 24.9171543121338 24.8839702606201 24.7523460388184 24.6429023742676 24.5206966400146 24.442346572876 24.3272857666016 24.274772644043 24.2746753692627 24.3157863616943 24.4752368927002 24.7241668701172 25.1847724914551 25.094518661499
-3.4e+38 -3.4e+38 -3.4e+38 -3.4e+38 -3.4e+38 -3.4e+38 -3.4e+38 -3.4e+38 -3.4e+38 -3.4e+38 -3.4e+38 -3.4e+38 -3.4e+38 -3.4e+38 25.6729164123535 25.4811611175537 25.7713260650635 26.0173873901367 26.3775520324707 26.0495891571045 25.5554027557373 25.7296676635742 25.113899230957 25.2997760772705 25.4115657806396 25.3937664031982 25.3388156890869 25.3016395568848 25.3057117462158 25.3194427490234 25.3340816497803 25.2807445526123 25.1900234222412 25.0324897766113 24.9099903106689 24.7235374450684 24.5919914245605 24.4576950073242 24.3436546325684 24.2512073516846 24.0889377593994 24.1388664245605 24.2129039764404 24.3678092956543 24.5315532684326 24.7114219665527 25.3873634338379
25.7632369995117 -3.4e+38 -3.4e+38 -3.4e+38 -3.4e+38 -3.4e+38 -3.4e+38 -3.4e+38 -3.4e+38 -3.4e+38 26.1426162719727 26.1658401489258 -3.4e+38 -3.4e+38 -3.4e+38 25.5753860473633 25.9335670471191 26.1782970428467 26.261926651001 25.8741340637207 25.9326057434082 25.9556350708008 25.1495838165283 25.3909034729004 25.4186687469482 25.3699150085449 25.3367042541504 25.3357830047607 25.3238315582275 25.2993793487549 25.2774105072021 25.2135581970215 25.1059131622314 24.8799419403076 24.6799488067627 24.5358257293701 24.4444808959961 24.2991523742676 24.1525783538818 24.1070175170898 23.9809017181396 24.0331783294678 24.1621761322021 24.2770652770996 24.4185047149658 24.547887802124 24.7812557220459
25.9178676605225 25.7882347106934 -3.4e+38 -3.4e+38 -3.4e+38 -3.4e+38 -3.4e+38 -3.4e+38 -3.4e+38 -3.4e+38 26.1879787445068 26.2818870544434 26.3370170593262 -3.4e+38 -3.4e+38 26.2465419769287 26.5099411010742 26.2462043762207 26.0637397766113 25.761848449707 26.0014457702637 25.8085517883301 25.2673435211182 25.3916397094727 25.3548583984375 25.3560848236084 25.3450736999512 25.3472900390625 25.3339157104492 25.2840557098389 25.2082195281982 25.1074771881104 24.8672466278076 24.6705455780029 24.6102313995361 24.5799999237061 24.473352432251 24.2939071655273 24.0336456298828 24.013765335083 23.976583480835 23.9878349304199 24.1397075653076 24.2709369659424 24.2999057769775 24.4648551940918 24.7381134033203
25.5409545898438 25.9058818817139 25.6976413726807 25.7040863037109 -3.4e+38 -3.4e+38 -3.4e+38 -3.4e+38 -3.4e+38 -3.4e+38 -3.4e+38 26.6742153167725 26.6848373413086 26.6848373413086 26.5675735473633 26.450309753418 26.4505310058594 25.9088287353516 25.5497455596924 25.7679615020752 25.9747200012207 25.2825565338135 25.2302417755127 25.2993412017822 25.3382549285889 25.3594226837158 25.3018608093262 25.2226619720459 25.1131725311279 25.0897960662842 25.0072193145752 24.8356704711914 24.6705932617188 24.7201137542725 24.7906875610352 24.805814743042 24.6397590637207 24.4280204772949 24.1781673431396 24.033878326416 24.0144710540771 24.023738861084 24.1487979888916 24.3191967010498 24.214693069458 24.3200397491455 24.4727382659912
25.4242572784424 25.4765110015869 25.5220413208008 25.8861331939697 -3.4e+38 -3.4e+38 -3.4e+38 -3.4e+38 26.6860828399658 26.7588653564453 26.7017402648926 26.597053527832 26.6635932922363 26.6848373413086 26.5241985321045 26.4092102050781 26.3017234802246 25.9841804504395 25.4928588867188 25.6890468597412 25.1087551116943 24.8959636688232 25.1605377197266 25.3077049255371 25.3503952026367 25.2958984375 25.1416263580322 25.071252822876 24.977991104126 24.9376544952393 24.8577861785889 24.859395980835 24.8680248260498 24.8798274993896 24.9203681945801 24.8807544708252 24.7749919891357 24.5932312011719 24.4248428344727 24.15549659729 24.0435409545898 24.0260982513428 24.1325035095215 24.3106899261475 24.2154712677002 24.1809883117676 24.2693862915039
25.2420902252197 25.3645877838135 25.8999404907227 25.9790439605713 26.1425247192383 26.560962677002 26.6733360290527 26.6054553985596 26.7017707824707 26.7510223388672 26.8238048553467 26.5303955078125 26.2826328277588 26.6423511505127 26.4687728881836 26.3747177124023 26.1564598083496 26.5455074310303 25.9642372131348 25.3132247924805 24.4740371704102 24.5023937225342 25.0669441223145 25.3118648529053 25.2175521850586 25.1332359313965 24.9485511779785 24.9091892242432 24.9024276733398 24.9148464202881 24.8818740844727 24.8693027496338 24.8866920471191 24.9366149902344 24.9558506011963 24.9911651611328 24.9651069641113 24.8243541717529 24.6436386108398 24.4044017791748 24.2062969207764 24.1212711334229 24.1902370452881 24.3221988677979 24.3743515014648 24.238597869873 24.2028827667236
24.8751068115234 24.9590034484863 25.1653900146484 25.7255172729492 26.4485912322998 26.6733360290527 26.4309711456299 26.4376831054688 26.6054553985596 26.7980842590332 26.8495254516602 26.0018920898438 26.2112655639648 25.592077255249 25.3970317840576 25.6271343231201 26.105489730835 26.4885101318359 26.2857513427734 25.6200561523438 24.2393226623535 24.2272491455078 24.8934173583984 25.1769123077393 25.1511535644531 24.9961433410645 24.8297233581543 24.8887710571289 24.9572486877441 24.9356880187988 24.8462505340576 24.8150978088379 24.8710308074951 24.940601348877 25.0711402893066 25.1563816070557 25.1553344726562 25.0187644958496 24.7880020141602 24.5916328430176 24.4523525238037 24.4096012115479 24.3927516937256 24.3633289337158 24.4483871459961 24.428825378418 24.2967643737793
24.9965019226074 25.057014465332 25.1594009399414 25.349271774292 25.912914276123 26.1572532653809 26.2931804656982 26.6001129150391 26.2519855499268 26.1922817230225 26.1570739746094 25.546558380127 25.2450370788574 25.0693283081055 25.1388893127441 25.2368412017822 25.4000434875488 27.3101081848145 27.6056709289551 25.6414489746094 24.2041645050049 24.6676464080811 25.0653171539307 25.0945243835449 25.0024356842041 24.8798885345459 24.8083534240723 24.850170135498 24.8973407745361 24.9378643035889 24.8829898834229 24.8403720855713 24.8604640960693 24.9419746398926 25.0718288421631 25.1969985961914 25.2623023986816 25.1647815704346 24.9036445617676 24.7386989593506 24.6951713562012 24.7086238861084 24.6837730407715 24.6525173187256 24.6157703399658 24.5714702606201 24.4353103637695
24.8281364440918 24.9034423828125 25.1012210845947 25.2322006225586 25.2431030273438 25.1800422668457 25.2423648834229 25.2365550994873 25.1752223968506 25.124641418457 25.1088924407959 24.9085369110107 24.9359188079834 24.994758605957 24.9631061553955 24.9730854034424 24.8307151794434 26.0559635162354 24.7968406677246 24.6947784423828 24.7737941741943 25.0081558227539 25.0757541656494 24.9403343200684 24.9104614257812 24.8903007507324 24.8587074279785 24.8792057037354 24.9099063873291 24.9323062896729 24.9190826416016 24.8582801818848 24.8728351593018 24.9220428466797 25.0514030456543 25.2388591766357 25.3965377807617 25.2217178344727 24.9166851043701 24.9972171783447 25.1041011810303 25.2041549682617 25.191089630127 25.1217784881592 25.022087097168 24.8565063476562 24.6950187683105
24.5876159667969 24.6993961334229 24.8143405914307 24.9614906311035 25.0477600097656 25.0803775787354 24.9268932342529 24.8843040466309 24.9434089660645 25.0169086456299 24.9635925292969 24.9151840209961 24.8862972259521 24.8770561218262 24.8424015045166 24.7734050750732 24.6320610046387 24.647798538208 24.7865104675293 24.9034366607666 24.9728527069092 24.899938583374 24.940486907959 24.9011287689209 24.8809070587158 24.8984909057617 24.8919925689697 24.8946094512939 24.8784980773926 24.8564395904541 24.923152923584 24.9571571350098 24.9616413116455 25.0507125854492 25.1600456237793 25.313362121582 25.4202899932861 25.1221523284912 25.0692291259766 25.3453426361084 25.4223785400391 25.4605541229248 25.3955917358398 25.3141174316406 25.2516193389893 25.0951099395752 24.9857444763184
24.2847023010254 24.404468536377 24.5207920074463 24.6040439605713 24.7269439697266 24.8418121337891 24.9322910308838 24.9746932983398 24.9072284698486 24.8993110656738 24.8903388977051 24.8392887115479 24.8355407714844 24.8122253417969 24.7038688659668 24.7020988464355 24.6757183074951 24.7036151885986 24.8276710510254 24.8364696502686 24.7917366027832 24.7817878723145 24.9125308990479 24.9265880584717 24.9253406524658 24.9273872375488 24.9259147644043 24.9231796264648 24.9093532562256 24.9536609649658 25.0365810394287 25.0903072357178 25.1095695495605 25.2477264404297 25.340030670166 25.3888034820557 25.4051742553711 25.211124420166 25.4591293334961 25.4801425933838 25.4782009124756 25.5145778656006 25.4655933380127 25.4041709899902 25.3475780487061 25.1895942687988 25.0615539550781
24.2069644927979 24.2893180847168 24.4016666412354 24.3589000701904 24.3737087249756 24.5028686523438 24.5369758605957 24.5784854888916 24.6391925811768 24.6155567169189 24.6556396484375 24.7147464752197 24.7473258972168 24.6697483062744 24.5746154785156 24.5402088165283 24.5275611877441 24.6116428375244 24.6990661621094 24.7370357513428 24.7152423858643 24.7620525360107 24.8926315307617 24.9280166625977 24.9158935546875 24.9093227386475 24.8927173614502 24.896068572998 24.9386672973633 25.0291786193848 25.1654491424561 25.2159786224365 25.2980136871338 25.4178943634033 25.4133567810059 25.4432582855225 25.3190383911133 25.3701210021973 25.5171413421631 25.5798263549805 25.5816440582275 25.5586528778076 25.5518646240234 25.5072765350342 25.4713878631592 25.4149131774902 25.3370361328125
24.1993217468262 24.2651672363281 24.320011138916 24.3386478424072 24.3590717315674 24.3666801452637 24.4042644500732 24.4658069610596 24.5045776367188 24.5365543365479 24.5593566894531 24.5648555755615 24.5486545562744 24.5035266876221 24.4817199707031 24.4433574676514 24.5110397338867 24.6307430267334 24.6910095214844 24.6643466949463 24.6538391113281 24.7235488891602 24.795373916626 24.8421726226807 24.8855991363525 24.883373260498 24.8505783081055 24.8812389373779 24.9693622589111 25.117395401001 25.3121814727783 25.3818798065186 25.480260848999 25.4736976623535 25.43625831604 25.4620361328125 25.4648685455322 25.5825119018555 25.5911273956299 25.626916885376 25.7035064697266 25.688985824585 25.6586074829102 25.6647262573242 25.6759357452393 25.6362800598145 25.5820941925049
