Ecospace-environmental-drivers/Outputs/ASCII-for-ecospace/Temp-surf/Temp-surf_X2018.09.asc
NCOLS 131 
NROWS 53 
XLLCORNER -98 
YLLCORNER 23.9265270233154 
CELLSIZE 0.133587792515755 
NODATA_value -3.4e+38 
[rows 0 to 20 of 53, columns 47 to 93 of 131]
-3.4e+38 -3.4e+38 -3.4e+38 -3.4e+38 -3.4e+38 -3.4e+38 -3.4e+38 -3.4e+38 -3.4e+38 -3.4e+38 -3.4e+38 -3.4e+38 -3.4e+38 -3.4e+38 -3.4e+38 -3.4e+38 -3.4e+38 -3.4e+38 -3.4e+38 -3.4e+38 -3.4e+38 -3.4e+38 -3.4e+38 -3.4e+38 -3.4e+38 -3.4e+38 -3.4e+38 -3.4e+38 -3.4e+38 -3.4e+38 -3.4e+38 -3.4e+38 -3.4e+38 -3.4e+38 -3.4e+38 -3.4e+38 -3.4e+38 -3.4e+38 -3.4e+38 -3.4e+38 -3.4e+38 -3.4e+38 -3.4e+38 -3.4e+38 -3.4e+38 -3.4e+38 -3.4e+38
-3.4e+38 -3.4e+38 -3.4e+38 -3.4e+38 -3.4e+38 -3.4e+38 -3.4e+38 -3.4e+38 -3.4e+38 -3.4e+38 -3.4e+38 -3.4e+38 -3.4e+38 -3.4e+38 -3.4e+38 -3.4e+38 -3.4e+38 -3.4e+38 -3.4e+38 -3.4e+38 -3.4e+38 -3.4e+38 -3.4e+38 -3.4e+38 -3.4e+38 -3.4e+38 -3.4e+38 -3.4e+38 -3.4e+38 -3.4e+38 -3.4e+38 -3.4e+38 -3.4e+38 -3.4e+38 -3.4e+38 -3.4e+38 -3.4e+38 -3.4e+38 -3.4e+38 -3.4e+38 -3.4e+38 -3.4e+38 -3.4e+38 -3.4e+38 -3.4e+38 -3.4e+38 -3.4e+38
-3.4e+38 -3.4e+38 -3.4e+38 -3.4e+38 -3.4e+38 -3.4e+38 -3.4e+38 -3.4e+38 -3.4e+38 -3.4e+38 -3.4e+38 -3.4e+38 -3.4e+38 -3.4e+38 -3.4e+38 -3.4e+38 -3.4e+38 -3.4e+38 -3.4e+38 -3.4e+38 -3.4e+38 -3.4e+38 -3.4e+38 -3.4e+38 -3.4e+38 -3.4e+38 -3.4e+38 28.392333984375 28.3675842285156 -3.4e+38 -3.4e+38 -3.4e+38 -3.4e+38 -3.4e+38 -3.4e+38 -3.4e+38 -3.4e+38 -3.4e+38 -3.4e+38 -3.4e+38 -3.4e+38 -3.4e+38 -3.4e+38 -3.4e+38 -3.4e+38 -3.4e+38 -3.4e+38
-3.4e+38 -3.4e+38 -3.4e+38 -3.4e+38 -3.4e+38 -3.4e+38 -3.4e+38 -3.4e+38 -3.4e+38 -3.4e+38 -3.4e+38 -3.4e+38 -3.4e+38 -3.4e+38 -3.4e+38 -3.4e+38 -3.4e+38 -3.4e+38 -3.4e+38 -3.4e+38 -3.4e+38 -3.4e+38 -3.4e+38 -3.4e+38 -3.4e+38 -3.4e+38 -3.4e+38 28.462459564209 28.4626445770264 -3.4e+38 -3.4e+38 -3.4e+38 -3.4e+38 -3.4e+38 -3.4e+38 -3.4e+38 -3.4e+38 -3.4e+38 -3.4e+38 -3.4e+38 -3.4e+38 -3.4e+38 -3.4e+38 -3.4e+38 -3.4e+38 -3.4e+38 -3.4e+38
-3.4e+38 -3.4e+38 -3.4e+38 -3.4e+38 -3.4e+38 -3.4e+38 -3.4e+38 -3.4e+38 -3.4e+38 28.5965976715088 28.5965976715088 28.5981140136719 28.6336421966553 -3.4e+38 -3.4e+38 -3.4e+38 -3.4e+38 -3.4e+38 28.6844844818115 28.6890144348145 28.6731147766113 28.7545433044434 28.8544464111328 28.8429927825928 28.7691383361816 28.7016925811768 28.6791439056396 28.5735301971436 28.6405582427979 28.6292591094971 -3.4e+38 -3.4e+38 29.2140598297119 29.1718482971191 29.1072120666504 29.1135482788086 29.0765190124512 29.0809421539307 29.1655788421631 29.1785888671875 29.1818675994873 29.1954689025879 -3.4e+38 -3.4e+38 -3.4e+38 -3.4e+38 -3.4e+38
-3.4e+38 -3.4e+38 -3.4e+38 -3.4e+38 -3.4e+38 -3.4e+38 -3.4e+38 -3.4e+38 28.5965976715088 28.5965976715088 28.5965976715088 28.5965976715088 28.5996284484863 28.6350383758545 28.7033023834229 -3.4e+38 28.6536769866943 28.5815849304199 28.6957187652588 28.7716197967529 28.9488525390625 29.1563091278076 28.9812755584717 28.9966125488281 28.9491081237793 29.0210132598877 28.9907989501953 29.00124168396 29.0560092926025 28.6936779022217 29.1959991455078 29.2022857666016 29.2618808746338 29.178014755249 29.1402816772461 29.1010265350342 29.1085376739502 29.1056804656982 29.1494197845459 29.1919097900391 29.181396484375 29.2031841278076 29.2154273986816 29.2670555114746 -3.4e+38 -3.4e+38 -3.4e+38
-3.4e+38 -3.4e+38 -3.4e+38 -3.4e+38 -3.4e+38 -3.4e+38 -3.4e+38 -3.4e+38 28.6008567810059 28.5965976715088 28.5965976715088 28.5965976715088 28.5965976715088 28.6026611328125 28.6375961303711 28.7033023834229 28.662425994873 28.6673927307129 28.7380142211914 28.9340476989746 29.095890045166 29.2543640136719 29.2712478637695 29.3685836791992 29.3944244384766 29.2966690063477 29.3355960845947 29.3268451690674 29.3681468963623 29.3444976806641 29.3475170135498 29.3111763000488 29.277681350708 29.2366943359375 29.1811771392822 29.0655212402344 29.0218811035156 29.0191383361816 29.0626811981201 29.1006088256836 29.1479225158691 29.1980609893799 29.2227649688721 29.2208366394043 29.1982803344727 29.1856727600098 -3.4e+38
-3.4e+38 -3.4e+38 -3.4e+38 -3.4e+38 -3.4e+38 -3.4e+38 -3.4e+38 -3.4e+38 -3.4e+38 -3.4e+38 28.5965976715088 28.5965976715088 28.5965976715088 -3.4e+38 28.6087245941162 28.6417560577393 28.6189804077148 28.627965927124 28.7205333709717 28.9110736846924 29.0253067016602 29.2532901763916 29.3712272644043 29.3222885131836 29.3652572631836 29.3412265777588 29.3193664550781 29.3577175140381 29.38623046875 29.3843669891357 29.3384952545166 29.2825679779053 29.2261352539062 29.1309299468994 29.0558681488037 29.0725326538086 29.0659980773926 29.0493869781494 29.0633602142334 29.0807056427002 29.0889949798584 29.1439781188965 29.2003364562988 29.2423934936523 29.2586231231689 29.1908740997314 29.0949096679688
-3.4e+38 -3.4e+38 -3.4e+38 -3.4e+38 -3.4e+38 -3.4e+38 -3.4e+38 -3.4e+38 -3.4e+38 -3.4e+38 -3.4e+38 -3.4e+38 -3.4e+38 -3.4e+38 28.5821304321289 28.5179576873779 28.639986038208 28.6300868988037 28.7691059112549 28.8479423522949 28.9496746063232 29.1453342437744 29.2955207824707 29.2849254608154 29.246036529541 29.1559944152832 29.1261119842529 29.1479778289795 29.1846370697021 29.1779003143311 29.1576442718506 29.1186046600342 29.058069229126 29.0750370025635 29.1192493438721 29.1247463226318 29.1319522857666 29.1745643615723 29.1887702941895 29.1770076751709 29.1418018341064 29.1521739959717 29.1874771118164 29.2365036010742 29.275562286377 29.2669410705566 29.1689338684082
28.5191116333008 -3.4e+38 -3.4e+38 -3.4e+38 -3.4e+38 -3.4e+38 -3.4e+38 -3.4e+38 -3.4e+38 -3.4e+38 28.7509784698486 28.7116146087646 -3.4e+38 -3.4e+38 -3.4e+38 28.6388912200928 28.7203235626221 28.7228336334229 28.7941246032715 28.8917274475098 29.0021018981934 29.2284088134766 29.2764053344727 29.2530097961426 29.1562309265137 29.0825176239014 29.0793228149414 29.1076393127441 29.135799407959 29.138069152832 29.1368999481201 29.1302509307861 29.1534309387207 29.1963596343994 29.2060737609863 29.2036437988281 29.213041305542 29.2120304107666 29.1899604797363 29.19287109375 29.202657699585 29.1638336181641 29.1736335754395 29.2338237762451 29.3111228942871 29.2886810302734 29.2538146972656
28.5131320953369 28.503849029541 -3.4e+38 -3.4e+38 -3.4e+38 -3.4e+38 -3.4e+38 -3.4e+38 -3.4e+38 -3.4e+38 28.8116264343262 28.8328762054443 28.8266315460205 -3.4e+38 -3.4e+38 28.6684188842773 28.705623626709 28.7004318237305 28.8186435699463 28.9575119018555 29.1290073394775 29.2737560272217 29.2729225158691 29.2245712280273 29.1501731872559 29.0916862487793 29.109281539917 29.1396160125732 29.1686134338379 29.1747608184814 29.1691017150879 29.2109298706055 29.2497291564941 29.2521286010742 29.2470607757568 29.250768661499 29.2680759429932 29.2710571289062 29.240270614624 29.2366142272949 29.2321929931641 29.2421646118164 29.1765785217285 29.2203769683838 29.284912109375 29.2557640075684 29.3407535552979
28.653564453125 28.5791549682617 28.537317276001 28.6620998382568 -3.4e+38 -3.4e+38 -3.4e+38 -3.4e+38 -3.4e+38 -3.4e+38 -3.4e+38 28.8197746276855 28.8740501403809 28.8266315460205 28.937313079834 28.830265045166 28.6781387329102 28.7649803161621 28.9396724700928 29.0777702331543 29.1500263214111 29.2819557189941 29.2494163513184 29.1939163208008 29.132884979248 29.0944519042969 29.0946674346924 29.1234703063965 29.1476650238037 29.1904811859131 29.2136135101318 29.2531700134277 29.2752742767334 29.2869873046875 29.2943744659424 29.3052272796631 29.3360538482666 29.358470916748 29.3269519805908 29.2874622344971 29.2620754241943 29.2812538146973 29.2664699554443 29.2184391021729 29.2411518096924 29.2099285125732 29.2914638519287
29.0435180664062 28.9107646942139 28.8116149902344 28.6373691558838 -3.4e+38 -3.4e+38 -3.4e+38 -3.4e+38 28.790075302124 28.7927513122559 28.8293476104736 28.8847332000732 28.8101997375488 28.9853191375732 29.2688808441162 29.1425304412842 29.0324974060059 29.0357990264893 29.143892288208 29.2078037261963 29.1714534759521 29.270959854126 29.2178077697754 29.1441650390625 29.1440925598145 29.1882343292236 29.2150001525879 29.2201499938965 29.2007389068604 29.202205657959 29.2282180786133 29.2745475769043 29.2915992736816 29.3132133483887 29.3295764923096 29.3566875457764 29.3922328948975 29.4142837524414 29.3959732055664 29.3522472381592 29.3080711364746 29.2889442443848 29.3670635223389 29.3682250976562 29.265495300293 29.2081832885742 29.2192115783691
29.1873588562012 29.1632671356201 29.0950145721436 28.9193706512451 28.8087062835693 28.8559722900391 28.8057708740234 28.7955474853516 28.7940673828125 28.8557949066162 28.931583404541 28.8018417358398 29.0506973266602 29.3787078857422 29.2888774871826 29.255558013916 29.2211971282959 29.2393074035645 29.1701068878174 29.0789985656738 28.9841594696045 29.2159175872803 29.157262802124 29.1712245941162 29.2691249847412 29.3281097412109 29.3391971588135 29.3281993865967 29.2773551940918 29.2454204559326 29.246955871582 29.2807960510254 29.3123035430908 29.3374423980713 29.3802356719971 29.4204730987549 29.4460144042969 29.456356048584 29.4445724487305 29.4022331237793 29.374532699585 29.3536148071289 29.3791046142578 29.482593536377 29.4833889007568 29.3459625244141 29.2760181427002
29.3258152008057 29.2701053619385 29.2136249542236 29.1591682434082 29.0460662841797 28.9860992431641 28.9401264190674 28.9651641845703 29.0752143859863 29.1824150085449 29.2876529693604 29.279016494751 29.300500869751 29.1897563934326 29.1410236358643 29.0853023529053 29.0671901702881 29.2753715515137 29.3687915802002 28.9197845458984 28.7571105957031 29.1720409393311 29.232515335083 29.3036880493164 29.3356590270996 29.353084564209 29.3500499725342 29.3484115600586 29.3145961761475 29.2658271789551 29.2617931365967 29.3084449768066 29.3567352294922 29.406156539917 29.4307403564453 29.4335956573486 29.4465847015381 29.4512481689453 29.4482269287109 29.4371643066406 29.4382209777832 29.4218730926514 29.4403495788574 29.4857368469238 29.5521545410156 29.4802436828613 29.329460144043
29.3950004577637 29.3435287475586 29.2737121582031 29.2435207366943 29.2801780700684 29.3170795440674 29.3290214538574 29.3224067687988 29.2863960266113 29.2584972381592 29.2358531951904 29.1981334686279 29.1431941986084 29.0636730194092 29.0046882629395 29.0370330810547 28.9307193756104 28.8933353424072 28.7514190673828 29.0083599090576 29.2055549621582 29.3057479858398 29.3333988189697 29.3371906280518 29.3501949310303 29.3665142059326 29.3701114654541 29.363073348999 29.3511257171631 29.3194179534912 29.3285713195801 29.3542098999023 29.3949775695801 29.4221382141113 29.4248809814453 29.4301090240479 29.4369735717773 29.4281597137451 29.431697845459 29.4366798400879 29.4535732269287 29.4662837982178 29.4762325286865 29.5098552703857 29.5352420806885 29.5275726318359 29.4244709014893
29.3497772216797 29.3595848083496 29.3387451171875 29.3110847473145 29.307222366333 29.3396110534668 29.3164539337158 29.2298774719238 29.1547222137451 29.1486549377441 29.0903091430664 29.0869293212891 29.0642509460449 28.9792652130127 28.9535999298096 29.0644607543945 29.0835380554199 29.0406818389893 29.1972255706787 29.3243923187256 29.3609771728516 29.3598327636719 29.3507652282715 29.3485069274902 29.3482551574707 29.3632621765137 29.3635101318359 29.3352737426758 29.3201332092285 29.3236503601074 29.3386077880859 29.3653907775879 29.3772983551025 29.3904476165771 29.3939189910889 29.3981781005859 29.3977432250977 29.3999786376953 29.3917617797852 29.4062690734863 29.4123802185059 29.4448490142822 29.4763584136963 29.5036392211914 29.5092487335205 29.5370826721191 29.4974136352539
29.2118816375732 29.2214260101318 29.2589340209961 29.326696395874 29.3326950073242 29.3191947937012 29.304178237915 29.2246551513672 29.1350555419922 29.0905246734619 28.9955520629883 29.0039539337158 29.0374851226807 29.057674407959 29.0447616577148 29.0901489257812 29.1373500823975 29.2038669586182 29.2995834350586 29.3313655853271 29.3487167358398 29.3464660644531 29.3614845275879 29.3664512634277 29.3483905792236 29.3151664733887 29.3034400939941 29.277063369751 29.2680149078369 29.3011341094971 29.3339347839355 29.3557834625244 29.3475933074951 29.3241577148438 29.3528480529785 29.3553333282471 29.3352394104004 29.3556938171387 29.3430023193359 29.3802185058594 29.386661529541 29.4072189331055 29.4247093200684 29.4497413635254 29.4847030639648 29.4984951019287 29.4891128540039
29.216251373291 29.1722183227539 29.1539497375488 29.1205863952637 29.1079597473145 29.1103782653809 29.0970458984375 29.069149017334 29.031192779541 29.0148868560791 29.0197296142578 29.0384578704834 29.0733013153076 29.0765171051025 29.0790634155273 29.1237125396729 29.1673336029053 29.2131366729736 29.2428245544434 29.2814865112305 29.3411197662354 29.392261505127 29.4180660247803 29.4191341400146 29.3809490203857 29.3334350585938 29.2934703826904 29.2622661590576 29.293083190918 29.3315773010254 29.3297939300537 29.3370227813721 29.3125228881836 29.3098182678223 29.3372440338135 29.3114051818848 29.323938369751 29.3326263427734 29.3470115661621 29.4059104919434 29.4139423370361 29.4169902801514 29.4260196685791 29.4272308349609 29.4349727630615 29.4382991790771 29.4453125
29.4189720153809 29.365270614624 29.3236980438232 29.2556896209717 29.1892375946045 29.1109199523926 29.0983257293701 29.0902824401855 29.0804462432861 29.0679531097412 29.0632648468018 29.0452270507812 29.0791645050049 29.1045742034912 29.1124725341797 29.1616554260254 29.1811771392822 29.2106285095215 29.2658615112305 29.3289184570312 29.4226665496826 29.5058536529541 29.5018901824951 29.4673671722412 29.4414386749268 29.4012794494629 29.3418998718262 29.3134288787842 29.3228607177734 29.3283729553223 29.3254642486572 29.3190727233887 29.3030128479004 29.3454132080078 29.3288593292236 29.2937297821045 29.3182716369629 29.3378562927246 29.3586826324463 29.4153957366943 29.432804107666 29.4294338226318 29.440013885498 29.4167251586914 29.391996383667 29.3823051452637 29.3684749603271
29.4171943664551 29.4028091430664 29.3850479125977 29.3591575622559 29.3022537231445 29.2389240264893 29.1850204467773 29.1671237945557 29.1455612182617 29.1262512207031 29.1178302764893 29.1137752532959 29.1274795532227 29.1524868011475 29.1825561523438 29.2422637939453 29.2994956970215 29.3496208190918 29.3758144378662 29.4272975921631 29.4939022064209 29.5634651184082 29.5878429412842 29.5732402801514 29.5653877258301 29.4903316497803 29.4338340759277 29.3863735198975 29.372106552124 29.3566055297852 29.3316555023193 29.3023242950439 29.355037689209 29.4021148681641 29.3799934387207 29.2744846343994 29.3087997436523 29.3458728790283 29.3558311462402 29.3876838684082 29.4296073913574 29.4338665008545 29.4212760925293 29.3900413513184 29.3633060455322 29.3297443389893 29.2846641540527
