Ecospace-environmental-drivers/Outputs/ASCII-for-ecospace/Temp-surf/Temp-surf_X2008.09.asc
NCOLS 131 
NROWS 53 
XLLCORNER -98 
YLLCORNER 23.9265270233154 
CELLSIZE 0.133587792515755 
NODATA_value -3.4e+38 
[rows 0 to 20 of 53, columns 47 to 93 of 131]
-3.4e+38 -3.4e+38 -3.4e+38 -3.4e+38 -3.4e+38 -3.4e+38 -3.4e+38 -3.4e+38 -3.4e+38 -3.4e+38 -3.4e+38 -3.4e+38 -3.4e+38 -3.4e+38 -3.4e+38 -3.4e+38 -3.4e+38 -3.4e+38 -3.4e+38 -3.4e+38 -3.4e+38 -3.4e+38 -3.4e+38 -3.4e+38 -3.4e+38 -3.4e+38 -3.4e+38 -3.4e+38 -3.4e+38 -3.4e+38 -3.4e+38 -3.4e+38 -3.4e+38 -3.4e+38 -3.4e+38 -3.4e+38 -3.4e+38 -3.4e+38 -3.4e+38 -3.4e+38 -3.4e+38 -3.4e+38 -3.4e+38 -3.4e+38 -3.4e+38 -3.4e+38 -3.4e+38
-3.4e+38 -3.4e+38 -3.4e+38 -3.4e+38 -3.4e+38 -3.4e+38 -3.4e+38 -3.4e+38 -3.4e+38 -3.4e+38 -3.4e+38 -3.4e+38 -3.4e+38 -3.4e+38 -3.4e+38 -3.4e+38 -3.4e+38 -3.4e+38 -3.4e+38 -3.4e+38 -3.4e+38 -3.4e+38 -3.4e+38 -3.4e+38 -3.4e+38 -3.4e+38 -3.4e+38 -3.4e+38 -3.4e+38 -3.4e+38 -3.4e+38 -3.4e+38 -3.4e+38 -3.4e+38 -3.4e+38 -3.4e+38 -3.4e+38 -3.4e+38 -3.4e+38 -3.4e+38 -3.4e+38 -3.4e+38 -3.4e+38 -3.4e+38 -3.4e+38 -3.4e+38 -3.4e+38
-3.4e+38 -3.4e+38 -3.4e+38 -3.4e+38 -3.4e+38 -3.4e+38 -3.4e+38 -3.4e+38 -3.4e+38 -3.4e+38 -3.4e+38 -3.4e+38 -3.4e+38 -3.4e+38 -3.4e+38 -3.4e+38 -3.4e+38 -3.4e+38 -3.4e+38 -3.4e+38 -3.4e+38 -3.4e+38 -3.4e+38 -3.4e+38 -3.4e+38 -3.4e+38 -3.4e+38 28.6921463012695 28.7246170043945 -3.4e+38 -3.4e+38 -3.4e+38 -3.4e+38 -3.4e+38 -3.4e+38 -3.4e+38 -3.4e+38 -3.4e+38 -3.4e+38 -3.4e+38 -3.4e+38 -3.4e+38 -3.4e+38 -3.4e+38 -3.4e+38 -3.4e+38 -3.4e+38
-3.4e+38 -3.4e+38 -3.4e+38 -3.4e+38 -3.4e+38 -3.4e+38 -3.4e+38 -3.4e+38 -3.4e+38 -3.4e+38 -3.4e+38 -3.4e+38 -3.4e+38 -3.4e+38 -3.4e+38 -3.4e+38 -3.4e+38 -3.4e+38 -3.4e+38 -3.4e+38 -3.4e+38 -3.4e+38 -3.4e+38 -3.4e+38 -3.4e+38 -3.4e+38 -3.4e+38 28.6063823699951 28.6026191711426 -3.4e+38 -3.4e+38 -3.4e+38 -3.4e+38 -3.4e+38 -3.4e+38 -3.4e+38 -3.4e+38 -3.4e+38 -3.4e+38 -3.4e+38 -3.4e+38 -3.4e+38 -3.4e+38 -3.4e+38 -3.4e+38 -3.4e+38 -3.4e+38
-3.4e+38 -3.4e+38 -3.4e+38 -3.4e+38 -3.4e+38 -3.4e+38 -3.4e+38 -3.4e+38 -3.4e+38 28.6238346099854 28.6238346099854 28.6228942871094 28.5704078674316 -3.4e+38 -3.4e+38 -3.4e+38 -3.4e+38 -3.4e+38 28.3235664367676 28.3258972167969 28.4815979003906 28.5543937683105 28.5927333831787 28.7199859619141 28.7044620513916 28.6821231842041 28.5863609313965 28.4828605651855 28.6560649871826 29.0256309509277 -3.4e+38 -3.4e+38 28.4213981628418 28.4535789489746 28.5905666351318 28.5504188537598 28.5894317626953 28.6557846069336 28.6724071502686 28.726245880127 28.7260799407959 28.6493663787842 -3.4e+38 -3.4e+38 -3.4e+38 -3.4e+38 -3.4e+38
-3.4e+38 -3.4e+38 -3.4e+38 -3.4e+38 -3.4e+38 -3.4e+38 -3.4e+38 -3.4e+38 28.6238346099854 28.6238346099854 28.6238346099854 28.6238346099854 28.6219539642334 28.5667419433594 28.4690990447998 -3.4e+38 28.426721572876 28.4509677886963 28.3098087310791 28.207592010498 28.1349220275879 28.1945743560791 28.3864116668701 28.4198894500732 28.408634185791 28.31569480896 28.294153213501 28.3960132598877 28.6607456207275 29.0100364685059 28.4005508422852 28.4089393615723 28.4479503631592 28.4073028564453 28.3684997558594 28.3447341918945 28.3261489868164 28.3382701873779 28.3885440826416 28.4828701019287 28.5523319244385 28.6257667541504 28.6932888031006 28.7765331268311 -3.4e+38 -3.4e+38 -3.4e+38
-3.4e+38 -3.4e+38 -3.4e+38 -3.4e+38 -3.4e+38 -3.4e+38 -3.4e+38 -3.4e+38 28.6262435913086 28.6238346099854 28.6238346099854 28.6238346099854 28.6238346099854 28.6200714111328 28.5539588928223 28.4690990447998 28.4260215759277 28.3607959747314 28.2504482269287 28.102876663208 27.8677253723145 27.8245639801025 27.8771133422852 28.0135803222656 28.0707664489746 28.034122467041 27.9742851257324 28.0039405822754 28.0364570617676 28.0778694152832 28.1099224090576 28.1299228668213 28.155200958252 28.1721687316895 28.2034339904785 28.1923809051514 28.1880264282227 28.1949939727783 28.1781520843506 28.2483730316162 28.3114471435547 28.3946285247803 28.511962890625 28.6283111572266 28.7833595275879 28.7822799682617 -3.4e+38
-3.4e+38 -3.4e+38 -3.4e+38 -3.4e+38 -3.4e+38 -3.4e+38 -3.4e+38 -3.4e+38 -3.4e+38 -3.4e+38 28.6238346099854 28.6238346099854 28.6238346099854 -3.4e+38 28.6163101196289 28.506591796875 28.4985675811768 28.5271739959717 28.4634265899658 28.2697906494141 28.0492134094238 28.0236682891846 27.8283386230469 28.0421886444092 28.049488067627 27.9720973968506 27.9508457183838 27.9070053100586 27.8642406463623 27.9205455780029 28.0005760192871 28.0819339752197 28.1512432098389 28.2296772003174 28.3109855651855 28.3579559326172 28.3663558959961 28.3624153137207 28.2977161407471 28.2344837188721 28.2596874237061 28.2936344146729 28.3672256469727 28.4868488311768 28.646312713623 28.7907161712646 28.9087352752686
-3.4e+38 -3.4e+38 -3.4e+38 -3.4e+38 -3.4e+38 -3.4e+38 -3.4e+38 -3.4e+38 -3.4e+38 -3.4e+38 -3.4e+38 -3.4e+38 -3.4e+38 -3.4e+38 28.5918197631836 28.6590900421143 28.591739654541 28.5722389221191 28.5264778137207 28.4893531799316 28.3578128814697 28.2574424743652 27.9273624420166 28.0027332305908 27.955436706543 27.9503269195557 28.0175075531006 27.9871635437012 27.9682674407959 27.9986171722412 28.0970668792725 28.1868419647217 28.2150955200195 28.2964534759521 28.4271869659424 28.4687480926514 28.4739971160889 28.4391937255859 28.4084854125977 28.303503036499 28.2766761779785 28.2976512908936 28.3014163970947 28.3704719543457 28.4967823028564 28.6716976165771 28.842565536499
27.8930377960205 -3.4e+38 -3.4e+38 -3.4e+38 -3.4e+38 -3.4e+38 -3.4e+38 -3.4e+38 -3.4e+38 -3.4e+38 28.5892601013184 28.6888885498047 -3.4e+38 -3.4e+38 -3.4e+38 28.648401260376 28.7169284820557 28.661584854126 28.5812587738037 28.5539989471436 28.4572067260742 28.1404685974121 27.9272480010986 27.9719734191895 27.9752006530762 28.0113067626953 28.0969486236572 28.0845127105713 28.1160125732422 28.1915836334229 28.2359485626221 28.2565231323242 28.2747230529785 28.3949069976807 28.4483547210693 28.4407844543457 28.46484375 28.477611541748 28.5010166168213 28.4633960723877 28.3966045379639 28.3332099914551 28.3621520996094 28.348596572876 28.4240188598633 28.580738067627 28.7886257171631
27.8628711700439 27.8545608520508 -3.4e+38 -3.4e+38 -3.4e+38 -3.4e+38 -3.4e+38 -3.4e+38 -3.4e+38 -3.4e+38 28.5189933776855 28.6323699951172 28.7539443969727 -3.4e+38 -3.4e+38 28.6233825683594 28.6507816314697 28.7209129333496 28.6431102752686 28.551212310791 28.2651329040527 27.9892501831055 27.8750534057617 27.998197555542 27.9937381744385 28.1044616699219 28.1777629852295 28.1686210632324 28.16676902771 28.2032623291016 28.2563819885254 28.2965221405029 28.3619136810303 28.3950729370117 28.4025554656982 28.398250579834 28.4260234832764 28.4666175842285 28.5083923339844 28.5267963409424 28.5068168640137 28.4290828704834 28.4006004333496 28.3971500396729 28.4661483764648 28.5338706970215 28.6623973846436
27.9209537506104 27.9330406188965 28.0513324737549 28.144718170166 -3.4e+38 -3.4e+38 -3.4e+38 -3.4e+38 -3.4e+38 -3.4e+38 -3.4e+38 28.5896549224854 28.6974220275879 28.7539443969727 28.5756568908691 28.5917530059814 28.8045349121094 28.7095317840576 28.5807723999023 28.3369827270508 28.0402812957764 27.9200000762939 27.9487380981445 28.0432205200195 28.1176166534424 28.1724224090576 28.2172985076904 28.2056503295898 28.2261638641357 28.2764854431152 28.2979640960693 28.309965133667 28.3237972259521 28.3067741394043 28.3015727996826 28.3187923431396 28.3386344909668 28.3809146881104 28.4884510040283 28.5375213623047 28.5437889099121 28.5115795135498 28.4679660797119 28.4351463317871 28.5038986206055 28.5050735473633 28.4817161560059
27.8265628814697 27.9775199890137 28.1252002716064 28.2576198577881 -3.4e+38 -3.4e+38 -3.4e+38 -3.4e+38 28.4596786499023 28.4989452362061 28.4779758453369 28.5005302429199 28.7013339996338 28.6369876861572 28.2883148193359 28.3438453674316 28.5039367675781 28.3654499053955 28.6324100494385 28.3394660949707 28.004940032959 28.0097808837891 28.1383056640625 28.1945877075195 28.2133350372314 28.2076225280762 28.1898670196533 28.1976795196533 28.226448059082 28.2332973480225 28.2266445159912 28.2023029327393 28.1975727081299 28.1964244842529 28.2205295562744 28.2485942840576 28.2423286437988 28.2813816070557 28.3771820068359 28.4749927520752 28.5149555206299 28.543384552002 28.5192375183105 28.4708862304688 28.4859008789062 28.4995803833008 28.4685649871826
27.8066673278809 27.8423824310303 27.8801155090332 28.0003871917725 28.1942119598389 28.1735401153564 28.2514686584473 28.3161792755127 28.3800315856934 28.4215793609619 28.4828033447266 28.5036563873291 28.336877822876 28.1004753112793 28.0109844207764 28.159252166748 28.4561443328857 28.5287113189697 28.6083889007568 28.3529319763184 27.9762649536133 28.0846996307373 28.2236671447754 28.1833114624023 28.1706657409668 28.1613025665283 28.1396656036377 28.1716575622559 28.1687202453613 28.1430110931396 28.1171340942383 28.1096744537354 28.1023464202881 28.1161708831787 28.1345367431641 28.1640338897705 28.1849460601807 28.2030792236328 28.2777194976807 28.4002780914307 28.4615612030029 28.536548614502 28.5546703338623 28.5006427764893 28.4097461700439 28.4250507354736 28.3977527618408
27.7867794036865 27.8287811279297 27.8495674133301 27.970365524292 28.1037712097168 28.1085224151611 28.2378902435303 28.3163757324219 28.320686340332 28.3337135314941 28.3164482116699 28.0652847290039 27.9416007995605 27.9334506988525 27.8468856811523 27.7859668731689 27.8778991699219 28.8914318084717 28.9767971038818 28.524450302124 28.0161933898926 28.1583518981934 28.130744934082 28.1059608459473 28.1125106811523 28.1137218475342 28.1051807403564 28.0989761352539 28.0564956665039 28.0376815795898 28.0184326171875 27.9983005523682 28.0077533721924 28.0345573425293 28.0527496337891 28.0763168334961 28.1036701202393 28.1069774627686 28.1724491119385 28.2933444976807 28.3986301422119 28.4837551116943 28.5335311889648 28.5028457641602 28.3977699279785 28.4105854034424 28.409236907959
27.8144111633301 27.8869361877441 27.8680686950684 27.9561805725098 28.0385551452637 28.0415325164795 28.1119632720947 28.1789989471436 28.1675968170166 28.0529823303223 27.9575309753418 27.855001449585 27.8374614715576 27.8578090667725 27.8839244842529 27.8927383422852 27.8412685394287 28.022891998291 28.0199928283691 28.063196182251 28.0732021331787 28.0349750518799 27.9969959259033 27.9779186248779 27.9663257598877 27.9793815612793 27.9758129119873 27.9325790405273 27.9002952575684 27.8918533325195 27.8916397094727 27.9095344543457 27.9439392089844 27.9894161224365 28.0150890350342 28.0434131622314 28.0652027130127 28.0913696289062 28.1401882171631 28.2243404388428 28.3300895690918 28.4192562103271 28.4735088348389 28.4818420410156 28.420503616333 28.4378719329834 28.4656887054443
27.7723503112793 27.7832489013672 27.859037399292 27.9531478881836 28.0810699462891 28.1088600158691 28.0732936859131 28.0180702209473 27.9295921325684 27.8274230957031 27.785665512085 27.8037185668945 27.8719482421875 27.9056701660156 27.9152736663818 27.9495449066162 27.945764541626 27.9796829223633 27.9834537506104 27.9924793243408 27.9387073516846 27.8568801879883 27.7865180969238 27.7689399719238 27.7974147796631 27.8238849639893 27.8301086425781 27.825662612915 27.8386631011963 27.847469329834 27.8596076965332 27.8724308013916 27.9177513122559 27.9704284667969 27.9843444824219 28.0210914611816 28.0762348175049 28.1242198944092 28.1460666656494 28.2091293334961 28.2803115844727 28.3354549407959 28.3751602172852 28.4212551116943 28.413782119751 28.4426689147949 28.4811706542969
27.8794059753418 27.8567314147949 27.8925666809082 27.9557838439941 27.9801349639893 27.9373455047607 27.8234348297119 27.7537269592285 27.746976852417 27.7809906005859 27.8321743011475 27.8731212615967 27.8881092071533 27.8630752563477 27.8867816925049 27.9228572845459 27.8738803863525 27.8550357818604 27.8870830535889 27.8820648193359 27.7940483093262 27.6603622436523 27.5867538452148 27.573070526123 27.6319198608398 27.7006301879883 27.7513027191162 27.7770385742188 27.8247566223145 27.8362007141113 27.8617076873779 27.8724002838135 27.9048919677734 27.9567852020264 27.9953079223633 28.0276222229004 28.0849685668945 28.1659049987793 28.2233352661133 28.2506828308105 28.2935657501221 28.3372592926025 28.3457126617432 28.3948650360107 28.4160137176514 28.4329376220703 28.4823989868164
27.8307723999023 27.8370761871338 27.8671817779541 27.9328632354736 27.8845195770264 27.8284854888916 27.7995834350586 27.7796573638916 27.8067684173584 27.8876190185547 27.8947238922119 27.8843898773193 27.8468570709229 27.804479598999 27.8282928466797 27.8277378082275 27.7827415466309 27.7970790863037 27.8104228973389 27.7570724487305 27.6046295166016 27.50950050354 27.5035343170166 27.531608581543 27.598747253418 27.6693725585938 27.7302265167236 27.7624855041504 27.7971744537354 27.8319187164307 27.8625831604004 27.8944644927979 27.9192390441895 27.9347286224365 27.9810523986816 28.0454044342041 28.1277084350586 28.1940803527832 28.2703876495361 28.3322124481201 28.360559463501 28.3834037780762 28.3749313354492 28.3891849517822 28.4083633422852 28.411449432373 28.4575748443604
27.5994758605957 27.598913192749 27.6541996002197 27.736536026001 27.7220115661621 27.7276020050049 27.7508525848389 27.7839870452881 27.8454170227051 27.8828163146973 27.8866500854492 27.8718891143799 27.8230018615723 27.7862243652344 27.8250102996826 27.8056297302246 27.7629833221436 27.7892456054688 27.7131042480469 27.6107521057129 27.5336017608643 27.516622543335 27.5101699829102 27.5630149841309 27.6190166473389 27.6349601745605 27.7081413269043 27.7762222290039 27.8019523620605 27.8690662384033 27.919376373291 27.939733505249 27.9465141296387 27.942361831665 27.9671821594238 28.0311431884766 28.1277942657471 28.2059097290039 28.2697467803955 28.3183460235596 28.3569831848145 28.3656311035156 28.366569519043 28.391788482666 28.4058265686035 28.4030494689941 28.4365787506104
27.4664764404297 27.4563808441162 27.4573707580566 27.5196952819824 27.5567436218262 27.6297302246094 27.7074947357178 27.7455520629883 27.790246963501 27.8209419250488 27.8468227386475 27.8679695129395 27.8440380096436 27.8177108764648 27.8209095001221 27.7651424407959 27.7665557861328 27.752124786377 27.6739864349365 27.6484050750732 27.6012191772461 27.5586261749268 27.5465450286865 27.6159687042236 27.7036209106445 27.7234878540039 27.7246112823486 27.8152503967285 27.8696975708008 27.9127521514893 27.9638023376465 27.9855213165283 27.9838790893555 27.9761657714844 27.9809551239014 28.0264568328857 28.1018733978271 28.1781120300293 28.2568302154541 28.3156452178955 28.3483715057373 28.3757514953613 28.3835582733154 28.3804378509521 28.4041557312012 28.4214267730713 28.4279308319092
