Ecospace-environmental-drivers/Outputs/ASCII-for-ecospace/Temp-surf/Temp-surf_X2010.10.asc
NCOLS 131 
NROWS 53 
XLLCORNER -98 
YLLCORNER 23.9265270233154 
CELLSIZE 0.133587792515755 
NODATA_value -3.4e+38 
[rows 0 to 20 of 53, columns 47 to 93 of 131]
-3.4e+38 -3.4e+38 -3.4e+38 -3.4e+38 -3.4e+38 -3.4e+38 -3.4e+38 -3.4e+38 -3.4e+38 -3.4e+38 -3.4e+38 -3.4e+38 -3.4e+38 -3.4e+38 -3.4e+38 -3.4e+38 -3.4e+38 -3.4e+38 -3.4e+38 -3.4e+38 -3.4e+38 -3.4e+38 -3.4e+38 -3.4e+38 -3.4e+38 -3.4e+38 -3.4e+38 -3.4e+38 -3.4e+38 -3.4e+38 -3.4e+38 -3.4e+38 -3.4e+38 -3.4e+38 -3.4e+38 -3.4e+38 -3.4e+38 -3.4e+38 -3.4e+38 -3.4e+38 -3.4e+38 -3.4e+38 -3.4e+38 -3.4e+38 -3.4e+38 -3.4e+38 -3.4e+38
-3.4e+38 -3.4e+38 -3.4e+38 -3.4e+38 -3.4e+38 -3.4e+38 -3.4e+38 -3.4e+38 -3.4e+38 -3.4e+38 -3.4e+38 -3.4e+38 -3.4e+38 -3.4e+38 -3.4e+38 -3.4e+38 -3.4e+38 -3.4e+38 -3.4e+38 -3.4e+38 -3.4e+38 -3.4e+38 -3.4e+38 -3.4e+38 -3.4e+38 -3.4e+38 -3.4e+38 -3.4e+38 -3.4e+38 -3.4e+38 -3.4e+38 -3.4e+38 -3.4e+38 -3.4e+38 -3.4e+38 -3.4e+38 -3.4e+38 -3.4e+38 -3.4e+38 -3.4e+38 -3.4e+38 -3.4e+38 -3.4e+38 -3.4e+38 -3.4e+38 -3.4e+38 -3.4e+38
-3.4e+38 -3.4e+38 -3.4e+38 -3.4e+38 -3.4e+38 -3.4e+38 -3.4e+38 -3.4e+38 -3.4e+38 -3.4e+38 -3.4e+38 -3.4e+38 -3.4e+38 -3.4e+38 -3.4e+38 -3.4e+38 -3.4e+38 -3.4e+38 -3.4e+38 -3.4e+38 -3.4e+38 -3.4e+38 -3.4e+38 -3.4e+38 -3.4e+38 -3.4e+38 -3.4e+38 23.8272361755371 23.8369522094727 -3.4e+38 -3.4e+38 -3.4e+38 -3.4e+38 -3.4e+38 -3.4e+38 -3.4e+38 -3.4e+38 -3.4e+38 -3.4e+38 -3.4e+38 -3.4e+38 -3.4e+38 -3.4e+38 -3.4e+38 -3.4e+38 -3.4e+38 -3.4e+38
-3.4e+38 -3.4e+38 -3.4e+38 -3.4e+38 -3.4e+38 -3.4e+38 -3.4e+38 -3.4e+38 -3.4e+38 -3.4e+38 -3.4e+38 -3.4e+38 -3.4e+38 -3.4e+38 -3.4e+38 -3.4e+38 -3.4e+38 -3.4e+38 -3.4e+38 -3.4e+38 -3.4e+38 -3.4e+38 -3.4e+38 -3.4e+38 -3.4e+38 -3.4e+38 -3.4e+38 23.809009552002 23.7795906066895 -3.4e+38 -3.4e+38 -3.4e+38 -3.4e+38 -3.4e+38 -3.4e+38 -3.4e+38 -3.4e+38 -3.4e+38 -3.4e+38 -3.4e+38 -3.4e+38 -3.4e+38 -3.4e+38 -3.4e+38 -3.4e+38 -3.4e+38 -3.4e+38
-3.4e+38 -3.4e+38 -3.4e+38 -3.4e+38 -3.4e+38 -3.4e+38 -3.4e+38 -3.4e+38 -3.4e+38 24.1401596069336 24.1401596069336 24.1429634094238 24.1293983459473 -3.4e+38 -3.4e+38 -3.4e+38 -3.4e+38 -3.4e+38 23.9000492095947 23.8233871459961 23.7750511169434 23.7622509002686 23.7063217163086 23.896842956543 23.9466190338135 23.9575099945068 23.8509578704834 23.7884330749512 23.9543304443359 24.2527236938477 -3.4e+38 -3.4e+38 25.0400390625 25.1656951904297 25.0714340209961 25.2938766479492 25.4752979278564 25.45241355896 25.4482383728027 25.568058013916 25.5464649200439 25.5074882507324 -3.4e+38 -3.4e+38 -3.4e+38 -3.4e+38 -3.4e+38
-3.4e+38 -3.4e+38 -3.4e+38 -3.4e+38 -3.4e+38 -3.4e+38 -3.4e+38 -3.4e+38 24.1401596069336 24.1401596069336 24.1401596069336 24.1401596069336 24.1457672119141 24.1341342926025 24.0975341796875 -3.4e+38 24.0694694519043 23.9863052368164 23.8843936920166 23.9061088562012 24.0471878051758 23.9559440612793 23.6759395599365 23.8408107757568 23.9189491271973 24.064977645874 23.9866466522217 23.897045135498 24.0744304656982 24.280517578125 24.7398223876953 24.8677539825439 25.073299407959 25.1790637969971 25.338981628418 25.4648017883301 25.5376663208008 25.5460567474365 25.5457878112793 25.5740051269531 25.5319347381592 25.48756980896 25.463981628418 25.5226783752441 -3.4e+38 -3.4e+38 -3.4e+38
-3.4e+38 -3.4e+38 -3.4e+38 -3.4e+38 -3.4e+38 -3.4e+38 -3.4e+38 -3.4e+38 24.1530017852783 24.1401596069336 24.1401596069336 24.1401596069336 24.1401596069336 24.1513729095459 24.1474723815918 24.0975341796875 24.1195220947266 24.0745124816895 24.039083480835 24.0632495880127 24.4386539459229 24.6715774536133 24.898307800293 24.9644145965576 24.9764747619629 25.1140747070312 25.1317310333252 24.9081573486328 24.8564796447754 24.9366130828857 25.0618743896484 25.309986114502 25.4501247406006 25.5261974334717 25.5921878814697 25.5854759216309 25.6078453063965 25.596076965332 25.5467624664307 25.5443096160889 25.5257530212402 25.5129451751709 25.4759922027588 25.4130096435547 25.5067253112793 25.4566822052002 -3.4e+38
-3.4e+38 -3.4e+38 -3.4e+38 -3.4e+38 -3.4e+38 -3.4e+38 -3.4e+38 -3.4e+38 -3.4e+38 -3.4e+38 24.1401596069336 24.1401596069336 24.1401596069336 -3.4e+38 24.1625862121582 24.1896133422852 24.2340812683105 24.2932090759277 24.2095851898193 24.2692775726318 24.4992275238037 24.7190933227539 25.2743015289307 25.5522747039795 25.5680866241455 25.6074962615967 25.620096206665 25.5809364318848 25.5231037139893 25.5740718841553 25.649730682373 25.6887893676758 25.7059631347656 25.6762962341309 25.7099456787109 25.8763389587402 25.9605274200439 25.948263168335 25.8937568664551 25.804328918457 25.7417221069336 25.66623878479 25.5812759399414 25.5270118713379 25.4422569274902 25.4933204650879 25.3844242095947
-3.4e+38 -3.4e+38 -3.4e+38 -3.4e+38 -3.4e+38 -3.4e+38 -3.4e+38 -3.4e+38 -3.4e+38 -3.4e+38 -3.4e+38 -3.4e+38 -3.4e+38 -3.4e+38 24.1833190917969 24.2525691986084 24.3336849212646 24.3345966339111 24.3810520172119 24.4943370819092 24.5486526489258 24.5636329650879 25.379373550415 25.6329936981201 25.6192092895508 25.6663055419922 25.716552734375 25.7423324584961 25.7281322479248 25.7139739990234 25.7344570159912 25.785587310791 25.8245830535889 25.9151458740234 26.0016212463379 26.0275745391846 26.0425357818604 25.987735748291 25.9722785949707 25.9605026245117 25.9198246002197 25.8652439117432 25.7237396240234 25.6564979553223 25.6327991485596 25.4573650360107 25.4325199127197
24.5760746002197 -3.4e+38 -3.4e+38 -3.4e+38 -3.4e+38 -3.4e+38 -3.4e+38 -3.4e+38 -3.4e+38 -3.4e+38 24.588695526123 24.4869155883789 -3.4e+38 -3.4e+38 -3.4e+38 24.4159774780273 24.4718704223633 24.559850692749 24.5781784057617 24.631031036377 24.5521106719971 24.7612190246582 25.5730571746826 25.6990947723389 25.741813659668 25.798490524292 25.8261985778809 25.8322563171387 25.8134117126465 25.7857704162598 25.8056144714355 25.9030838012695 26.0220184326172 26.0682353973389 26.0566177368164 26.0347442626953 26.0545749664307 26.0188140869141 26.0118560791016 26.0242919921875 26.0242118835449 25.9647769927979 25.8841094970703 25.7758445739746 25.8214683532715 25.564624786377 25.4744529724121
24.5829544067383 24.4349784851074 -3.4e+38 -3.4e+38 -3.4e+38 -3.4e+38 -3.4e+38 -3.4e+38 -3.4e+38 -3.4e+38 24.7479591369629 24.7835464477539 24.8336734771729 -3.4e+38 -3.4e+38 24.5571880340576 24.6149368286133 24.7335147857666 24.7453651428223 24.675968170166 24.5503807067871 25.3557758331299 25.7245349884033 25.8153133392334 25.9142684936523 25.9475212097168 25.9486103057861 25.929084777832 25.8837070465088 25.8500480651855 25.945426940918 26.0538463592529 26.1247787475586 26.1294860839844 26.1549167633057 26.1616630554199 26.1541957855225 26.113561630249 26.1199703216553 26.129976272583 26.1044311523438 26.0534915924072 25.992000579834 25.9287757873535 25.9344425201416 25.6927642822266 25.5031242370605
24.5561752319336 24.5078125 24.662166595459 24.7951049804688 -3.4e+38 -3.4e+38 -3.4e+38 -3.4e+38 -3.4e+38 -3.4e+38 -3.4e+38 24.7089519500732 24.8327121734619 24.8336734771729 24.8809928894043 24.7619705200195 24.6779613494873 24.6585178375244 24.7314987182617 24.6118278503418 25.2203617095947 25.7351913452148 25.9202690124512 25.9989337921143 26.0561351776123 26.0294437408447 25.9721202850342 25.9637813568115 25.9325561523438 26.0087623596191 26.09033203125 26.1722774505615 26.2064819335938 26.1979675292969 26.2375602722168 26.27073097229 26.2630500793457 26.2055435180664 26.1955890655518 26.2053928375244 26.1667041778564 26.1242179870605 26.0858707427979 26.0718975067139 26.0472469329834 25.7444324493408 25.5462684631348
24.6817150115967 24.6174621582031 24.8138885498047 24.9092617034912 -3.4e+38 -3.4e+38 -3.4e+38 -3.4e+38 24.8105583190918 24.8289394378662 24.6887493133545 24.6761856079102 24.729154586792 24.9353084564209 25.1977996826172 25.1843147277832 24.9506034851074 24.7668228149414 24.9246215820312 24.8345031738281 25.3676414489746 25.8617687225342 26.062780380249 26.1728630065918 26.1792736053467 26.1078147888184 26.0608921051025 26.0985298156738 26.1251373291016 26.1644401550293 26.2698860168457 26.3447170257568 26.3837757110596 26.4083557128906 26.4893779754639 26.4850749969482 26.4372806549072 26.3893985748291 26.3117198944092 26.3081703186035 26.2859001159668 26.2335357666016 26.1871528625488 26.1349010467529 26.0995864868164 25.92555809021 25.7920703887939
25.0642566680908 25.0239639282227 24.9804248809814 24.920446395874 24.9493389129639 24.9119567871094 24.8252258300781 24.8145408630371 24.7958698272705 24.7541351318359 24.7308311462402 24.5094623565674 24.722728729248 25.2750873565674 25.5707874298096 25.3612880706787 25.1137390136719 25.1252880096436 25.2229137420654 25.3349990844727 25.1380386352539 25.8421306610107 26.1877365112305 26.2801952362061 26.3107395172119 26.3250751495361 26.3521728515625 26.3598175048828 26.3627586364746 26.3443126678467 26.4640846252441 26.5227355957031 26.576940536499 26.6800765991211 26.7651195526123 26.7625427246094 26.685079574585 26.5842781066895 26.4926357269287 26.4042625427246 26.352575302124 26.2999515533447 26.2579307556152 26.2213382720947 26.1506748199463 26.0929412841797 26.0215511322021
25.160270690918 25.2427177429199 25.0508689880371 24.890193939209 24.9855289459229 24.8491744995117 24.8172760009766 24.8106174468994 24.8580169677734 24.8295879364014 24.9480457305908 25.0176658630371 25.4648494720459 25.7123851776123 25.7481689453125 25.671745300293 25.4458713531494 25.4834785461426 25.6354675292969 25.7902202606201 25.6544952392578 26.0415897369385 26.2915935516357 26.3646869659424 26.4017238616943 26.429178237915 26.5439910888672 26.5313148498535 26.5383911132812 26.5776863098145 26.6860752105713 26.7393474578857 26.8133926391602 26.9245491027832 26.9476699829102 26.9552268981934 26.9143218994141 26.7745704650879 26.6327228546143 26.5335922241211 26.4481830596924 26.4498062133789 26.3632907867432 26.3135089874268 26.2836265563965 26.1871299743652 26.1037654876709
25.5341815948486 25.439582824707 25.1922760009766 25.0946559906006 25.2369613647461 25.2930240631104 25.2793369293213 25.2933387756348 25.4018135070801 25.5157947540283 25.6048831939697 25.7743797302246 25.8180408477783 25.833812713623 25.8685722351074 25.8283214569092 25.7515602111816 25.4953460693359 25.6800575256348 25.885217666626 26.1736297607422 26.3699703216553 26.4011554718018 26.5033683776855 26.5785484313965 26.6212005615234 26.6417846679688 26.6864452362061 26.677770614624 26.7602672576904 26.8718700408936 26.9620304107666 26.9620323181152 27.0153293609619 27.0303611755371 27.0847911834717 27.0217723846436 26.8719463348389 26.7440776824951 26.6079807281494 26.5749473571777 26.5850963592529 26.5260009765625 26.423490524292 26.3799343109131 26.3111686706543 26.2176113128662
25.8761043548584 25.7304763793945 25.5210018157959 25.3012790679932 25.3475494384766 25.5136795043945 25.6709995269775 25.7285423278809 25.7525539398193 25.8190288543701 25.9049186706543 25.9862766265869 25.9271430969238 26.049711227417 26.1642990112305 26.2392749786377 26.101526260376 26.0312328338623 26.1664371490479 26.350212097168 26.5078029632568 26.5288314819336 26.5803604125977 26.7011604309082 26.7419891357422 26.7638931274414 26.7891006469727 26.8116264343262 26.8488159179688 26.9217510223389 26.9780082702637 27.1087017059326 27.1293621063232 27.1245765686035 27.1216487884521 27.1155834197998 27.0841636657715 26.9469203948975 26.8251419067383 26.7063407897949 26.6852550506592 26.6856937408447 26.6264095306396 26.5304927825928 26.441858291626 26.3947086334229 26.3314762115479
26.2662906646729 26.104923248291 25.8966941833496 25.7389259338379 25.7091941833496 25.772876739502 25.921329498291 25.9909210205078 26.0002098083496 26.0061988830566 26.1148681640625 26.2652816772461 26.2018222808838 26.3178558349609 26.4985198974609 26.6644973754883 26.57177734375 26.4549922943115 26.4554424285889 26.556037902832 26.6309928894043 26.6356525421143 26.7706909179688 26.8583583831787 26.879524230957 26.8983173370361 26.9154090881348 26.9292373657227 26.9824199676514 27.0557479858398 27.1232604980469 27.1928443908691 27.2310600280762 27.2454891204834 27.1591720581055 27.0922470092773 27.0562744140625 26.9887104034424 26.9189147949219 26.8163433074951 26.8057556152344 26.7830276489258 26.6958847045898 26.5818119049072 26.5059661865234 26.4462718963623 26.417459487915
26.6196460723877 26.4955406188965 26.3783302307129 26.2363586425781 26.164831161499 26.1586685180664 26.1367282867432 26.2006168365479 26.2972469329834 26.4239063262939 26.5445423126221 26.6835594177246 26.6908054351807 26.6629867553711 26.8008441925049 26.841817855835 26.7196979522705 26.6310844421387 26.6265048980713 26.6754722595215 26.7185554504395 26.7818794250488 26.882719039917 26.9173069000244 26.9323959350586 26.9382019042969 26.9639549255371 26.9994812011719 27.0427303314209 27.0888977050781 27.1633148193359 27.219877243042 27.2614593505859 27.3206539154053 27.2973251342773 27.1905097961426 27.0986518859863 27.0390739440918 27.0044345855713 26.8966331481934 26.8718776702881 26.8667697906494 26.8302440643311 26.684118270874 26.5589294433594 26.5222663879395 26.49729347229
26.7262191772461 26.6529407501221 26.6442737579346 26.6418933868408 26.6123142242432 26.55735206604 26.4852619171143 26.4513339996338 26.5354232788086 26.6764945983887 26.8242740631104 26.9161205291748 26.9080257415771 26.9337501525879 26.9437713623047 26.8596954345703 26.8039131164551 26.7539825439453 26.7019748687744 26.7394237518311 26.7914733886719 26.8857879638672 26.9052658081055 26.928581237793 26.9606857299805 27.0115547180176 27.031270980835 27.0865917205811 27.1493740081787 27.2043361663818 27.2283000946045 27.2756195068359 27.3175468444824 27.3535041809082 27.3777503967285 27.3555068969727 27.2545394897461 27.1554737091064 27.1048717498779 27.0442028045654 26.9662837982178 26.9255313873291 26.8701419830322 26.7852077484131 26.6713848114014 26.6315784454346 26.6360092163086
26.9157047271729 26.8385372161865 26.7787094116211 26.7417106628418 26.7024536132812 26.6422271728516 26.6711521148682 26.6926212310791 26.8053684234619 27.0157165527344 27.0837211608887 27.0743160247803 27.0498695373535 27.0078659057617 26.954517364502 26.8649368286133 26.8541297912598 26.8118343353271 26.7546367645264 26.7940216064453 26.8587379455566 26.8910655975342 26.8972339630127 26.9257125854492 26.9578971862793 27.0059852600098 27.0696964263916 27.1291179656982 27.1865348815918 27.2268867492676 27.2482414245605 27.2908916473389 27.3254776000977 27.3423957824707 27.3877754211426 27.3808765411377 27.3793296813965 27.3245143890381 27.2318248748779 27.1649017333984 27.093770980835 27.022087097168 26.9002246856689 26.794189453125 26.7546195983887 26.7248954772949 26.71457862854
