Ecospace-environmental-drivers/Outputs/ASCII-for-ecospace/Temp-surf/Temp-surf_X1986_mo07_avg28y.asc
NCOLS 131 
NROWS 53 
XLLCORNER -98 
YLLCORNER 23.9265270233154 
CELLSIZE 0.133587792515755 
NODATA_value -9999 
[rows 21 to 41 of 53, columns 47 to 93 of 131]
30.0687116214207 30.0722304752895 30.0741945675441 30.07423216956 30.0768260955811 30.0894072396415 30.0894556045532 30.0828192574637 30.0764021192278 30.0745872770037 30.0664899689811 30.047007220132 30.0236205373492 30.0037510054452 30.0056884629386 30.0078163828169 30.0088262557983 30.009311062949 30.0260262489319 30.0367749077933 30.0406757082258 30.0475008828299 30.0506041390555 30.0518443243844 30.0505559785025 30.0493469238281 30.0574555397034 30.0566821098328 30.0604774611337 30.0645232881818 30.0616301809038 30.0564669200352 30.0468311309814 30.0434120041983 30.0410797936576 30.0359463010515 30.0408549989973 30.0490978104728 30.0572393281119 30.0553010531834 30.051353931427 30.0389399528503 30.0183568681989 29.9928534371512 29.9612351826259 29.9382258142744 29.9250127247402
30.0484798295157 30.0482602119446 30.0475254058838 30.0485506057739 30.0439476285662 30.0468697547913 30.0499856131417 30.0449160848345 30.0400655610221 30.0364930289132 30.0297292981829 30.0184466498239 30.0103420530047 30.0093906266349 30.0135782786778 30.0218350546701 30.0199559075492 30.02013867242 30.0367506572178 30.0522005217416 30.0523472513471 30.0521023614066 30.048148223332 30.043771471296 30.0459189414978 30.0484297616141 30.0524890763419 30.0544987406049 30.0559176717486 30.058399949755 30.0546396119254 30.0570355142866 30.0583940233503 30.0516508647374 30.0476683889117 30.0496023041861 30.0531655039106 30.061707837241 30.0661041396005 30.0678783825466 30.0622013636998 30.048235143934 30.0316390991211 30.0092172622681 29.9859258787973 29.9699490410941 29.9552679743086
30.0048616273063 30.004447392055 30.0109870774405 30.017640045711 30.015547139304 30.0147800445557 30.0175934519087 30.01891544887 30.0139850207738 30.0099449838911 30.0091066360474 30.0059685707092 30.0115387780326 30.0185844557626 30.0288804599217 30.0408263206482 30.0403326579503 30.0432799203055 30.0521215030125 30.0670873778207 30.0693976538522 30.0687913213457 30.0638166155134 30.0526479993548 30.0520342418126 30.0604703766959 30.0643456322806 30.0556763240269 30.0567596299308 30.06652539117 30.0664920125689 30.0681168692453 30.0697343008859 30.0655943325588 30.0611186708723 30.060101713453 30.0633749961853 30.0643565314157 30.0665448052543 30.0659707614354 30.0589687483651 30.0378798757281 30.0248490742275 30.020516872406 30.0075734683446 29.9910959516253 29.9745501790728
29.9973502159119 30.0045337677002 30.0029465811593 29.9962126868112 29.9889476639884 29.985320023128 29.9868253980364 29.9880770274571 29.9930971009391 29.9969726971218 30.0035439218794 30.012725353241 30.0251577922276 30.0341330255781 30.0423190253121 30.0527759279524 30.0631026540484 30.0668182373047 30.0718336105347 30.0820031166077 30.0864671298436 30.0814070020403 30.0726897375924 30.061153275626 30.0614441462926 30.0685210227966 30.0731573104858 30.0710619517735 30.0724161693028 30.0733118057251 30.0767507553101 30.0799098696027 30.0744756971087 30.0755275998797 30.0730007716588 30.06211239951 30.059616293226 30.0615579060146 30.0669565882002 30.0621235711234 30.0534672737122 30.038008758 30.020345551627 30.0138778686523 30.0087169238499 29.9934097698757 29.9772225788661
30.0107874189104 30.0090858595712 30.0069039208548 29.9961028780256 29.9894853319441 29.9858039447239 29.9831728254046 29.990549496242 29.9992435319083 30.0147470746722 30.0214929580688 30.0265164375305 30.0400167873928 30.0490275791713 30.0603544371469 30.0721881730216 30.0780763626099 30.0833921432495 30.080894606454 30.0853339603969 30.0889896665301 30.0778018406459 30.0688678877694 30.0603197642735 30.0640732220241 30.0692730631147 30.081738948822 30.0891705240522 30.0858620234898 30.0878059523446 30.0846364838736 30.0815074784415 30.0744173186166 30.0753794397627 30.0775262287685 30.0670680999756 30.05899477005 30.0550793920244 30.0559074538095 30.0517079489572 30.0400099754333 30.0267712048122 30.0131117956979 30.0066311018808 30.00190782547 29.9888544082642 29.9753184999738
30.0323553085327 30.0284105709621 30.0259710039411 30.0174587794713 30.0135137694223 30.0138239179339 30.0198153087071 30.0206156458173 30.0215258598328 30.0366726602827 30.041603905814 30.0399371555873 30.0470579692296 30.0591893196106 30.0674997057234 30.0754135676793 30.0834581511361 30.0947854178292 30.0979294776917 30.1037476403373 30.0955784661429 30.0793783324105 30.0770911489214 30.0744912964957 30.077800818852 30.0774074281965 30.0849908420018 30.092602457319 30.0896919114249 30.0911623409816 30.084643636431 30.0808305740356 30.0780302456447 30.0819742338998 30.0780138288225 30.0707238742283 30.0645771707807 30.0514762060983 30.0477249962943 30.0439549173628 30.0352578163147 30.0188317298889 30.0075261933463 30.0081124986921 30.0006952285767 29.9883598600115 29.9751192501613
30.059616293226 30.05780846732 30.0512878554208 30.0454866545541 30.0458273887634 30.0441992623465 30.038199697222 30.0322687966483 30.0293863841466 30.0385023525783 30.0441061428615 30.050982270922 30.0613005501883 30.0743453843253 30.0744387081691 30.0816505977086 30.0904046467372 30.0996954100473 30.1024616786412 30.1025928088597 30.0945006098066 30.0863968985421 30.0823126520429 30.072486604963 30.0807210377284 30.0826964378357 30.0813034602574 30.081184387207 30.0803219931466 30.0844776971 30.0822585650853 30.0758613858904 30.0748590060643 30.069929599762 30.067526272365 30.0685114179339 30.062614440918 30.0542009217399 30.0465628079006 30.0451023238046 30.0396304130554 30.0305605615888 30.0113426617214 30.0036703518459 30.0007658004761 29.9885577474322 29.9828575679234
30.0776312010629 30.07680109569 30.0726351737976 30.0697649547032 30.0669904436384 30.0601880890983 30.0529674121312 30.0427416392735 30.0451545034136 30.0501187869481 30.0597882270813 30.0630905287606 30.0696261269706 30.0783029964992 30.0840268816267 30.0920734405518 30.0982529095241 30.1009216308594 30.1062891823905 30.104663848877 30.0981283187866 30.090402330671 30.0802741731916 30.0728279522487 30.0795193399702 30.0831871032715 30.0824331556048 30.0821807043893 30.0816559791565 30.0844183649336 30.0889509746007 30.0865230560303 30.0832886695862 30.0795918192182 30.074343749455 30.0778625352042 30.0603422437395 30.0492536681039 30.0453476224627 30.0458621297564 30.0436702455793 30.0315427780151 30.0143005507333 30.0052584920611 29.9994497299194 29.9924825259617 29.9837424414498
30.0998042651585 30.096187046596 30.0988121713911 30.09177003588 30.0850615501404 30.0842369624547 30.0773818833487 30.0742316927229 30.0731888498579 30.0711049352373 30.0723007747105 30.0730492728097 30.0802292142596 30.0953446796962 30.1104462487357 30.1065378870283 30.1088711874826 30.1135828154428 30.1151592390878 30.1128136771066 30.1027190344674 30.1014923368182 30.0986698695592 30.0962910652161 30.0973715782166 30.0998248372759 30.1019353185381 30.1058618000575 30.108579158783 30.1076166970389 30.1081745283944 30.1071345465524 30.1018762588501 30.101925100599 30.0928141048976 30.0775323595319 30.0603456497192 30.0479993138994 30.0456103597369 30.045220375061 30.039681162153 30.030132157462 30.0159664835249 30.0058480671474 30.0027955600194 30.0008929116385 29.9942507743835
30.1141975266593 30.1111522402082 30.1094491141183 30.1060560771397 30.1005944524493 30.1040922573635 30.1045140538897 30.1021468979972 30.1004204068865 30.1005289895194 30.0908810070583 30.0883962767465 30.0972065244402 30.1030139923096 30.1089456421988 30.1151033810207 30.1163239479065 30.1161992890494 30.1147680963789 30.1130294118609 30.1116279874529 30.1141849245344 30.1161741529192 30.1117444038391 30.1130405834743 30.1206371443612 30.126658984593 30.1297886712211 30.1354528154646 30.1357202529907 30.1325690405709 30.1260937963213 30.1138282503401 30.1091711861747 30.0996408462524 30.0815877233233 30.0638059207371 30.0563823154994 30.0517626489912 30.041184765952 30.0402987343924 30.0352785246713 30.0137516430446 30.002195085798 30.0002921649388 30.0041562489101 29.9974324362619
30.128800868988 30.1262926374163 30.1258735656738 30.1232692173549 30.1202080590384 30.1206765856062 30.123017174857 30.1241449628557 30.1254297665187 30.1225369998387 30.1131561143058 30.1051962716239 30.1040989330837 30.1050894601004 30.1110698154994 30.1145296777998 30.1160709517343 30.1130048206874 30.1137881278992 30.1191750935146 30.11779492242 30.1187036378043 30.1224696295602 30.1199519974845 30.1260912077767 30.1324682916914 30.139490876879 30.141548701695 30.1435132707868 30.1462943894523 30.1449136052813 30.1412124633789 30.1295300211225 30.124221597399 30.112048966544 30.0991787229265 30.0780027253287 30.0691182272775 30.0616479601179 30.046042578561 30.0417059489659 30.0323346682957 30.0152296338763 29.9994401931763 29.9961267880031 30.0004277910505 30.00622851508
30.1445572035653 30.1411494527544 30.1406559944153 30.1372087342399 30.1379045077733 30.1332350458418 30.1347455978394 30.1371027401515 30.1379133633205 30.1388031414577 30.131430217198 30.1172682898385 30.1140865598406 30.1139322008405 30.1130114964076 30.1071459906442 30.1088572910854 30.1067192895072 30.1109910011292 30.1184230531965 30.1151890073504 30.1156277656555 30.1225919723511 30.124662399292 30.1300458226885 30.1380237851824 30.14321742739 30.1446177618844 30.1482001713344 30.1484522138323 30.1504825183323 30.1531549862453 30.1447287968227 30.1333490780422 30.1200028147016 30.1093172345843 30.0906736510141 30.0771970067705 30.0625903947013 30.0427451133728 30.0397086143494 30.0382534435817 30.0250757081168 30.0089268684387 29.9994517735073 29.993205342974 29.9968622071402
30.1373382977077 30.1397247314453 30.1383184024266 30.1379805973598 30.1446836335318 30.1458953448704 30.1408880097525 30.1357363292149 30.1367448398045 30.1432444027492 30.1395164898464 30.1281608172825 30.1218437467303 30.1144568579538 30.106023311615 30.1029568399702 30.1012654304504 30.0971969876971 30.0997633252825 30.1110001972743 30.1086733000619 30.1143971851894 30.1232304573059 30.1269357545035 30.1353179386684 30.139814717429 30.1362167767116 30.1410500662667 30.1478255816868 30.1464451381138 30.1476576668876 30.1510255677359 30.1441328866141 30.1377192905971 30.1228491238185 30.1088884898594 30.0935782705035 30.0840486117772 30.0694284439087 30.0477307183402 30.0379405702863 30.0337154524667 30.0270083972386 30.0170165470668 30.0106500898089 29.9977693557739 29.9923455374581
30.1290905816214 30.1318487439837 30.1363328524998 30.1409935270037 30.1500763893127 30.1517085347857 30.1479293959481 30.1385238511222 30.139588696616 30.145938873291 30.1421164785113 30.1297044072832 30.1259922981262 30.1212489264352 30.1123558453151 30.1023648806981 30.0982708930969 30.0933839934213 30.0973010744367 30.0965529850551 30.1008779661996 30.1129131317139 30.1223783493042 30.1300732748849 30.1379301207406 30.1397776603699 30.1347158976964 30.1395015716553 30.1465294020517 30.1489180837359 30.1522989273071 30.1545129503523 30.1450637408665 30.1375823020935 30.1236978939601 30.1109088488988 30.0990196636745 30.088908467974 30.0775674411229 30.0606024605887 30.0434020587376 30.0318349429539 30.0299208504813 30.0280317578997 30.0244909695217 30.016362462725 30.0087584768023
30.1228436061314 30.1293918064662 30.1377190862383 30.1426449503217 30.1503764561244 30.1506699153355 30.1442377226693 30.1366235188075 30.1329067093985 30.1422907284328 30.1382338660104 30.1267723355974 30.1214586666652 30.1191896029881 30.1130542073931 30.1065269878932 30.0944051742554 30.0906965391976 30.0920567512512 30.0783217293876 30.0904124804905 30.102349962507 30.1133155141558 30.1214792387826 30.1336077962603 30.1366306713649 30.1350071089608 30.1399626731873 30.1471289225987 30.1518117359706 30.1518622807094 30.1534605707441 30.1495894704546 30.1367387090411 30.1285246440343 30.1223864555359 30.1080529349191 30.0941298348563 30.089133807591 30.0734150750296 30.0560919897897 30.0405125617981 30.0368133953639 30.033524785723 30.0243063654218 30.0335738999503 30.0317094666617
30.1158810343061 30.1225084577288 30.1272648402623 30.1361948422023 30.1494665145874 30.1489872932434 30.1387519836426 30.1313005856105 30.1267836434501 30.1290275028774 30.1329416547503 30.1223499434335 30.1184302057539 30.115671975272 30.1147994313921 30.1046001570565 30.0855210849217 30.0828441892351 30.0818927628653 30.0713768686567 30.0819439206805 30.0949204308646 30.1092072214399 30.1163510595049 30.1290054321289 30.1336970329285 30.1345346995762 30.1371944972447 30.1393757547651 30.1449503217425 30.1493891307286 30.1522416387286 30.1508462769645 30.1396867888314 30.1324576650347 30.1314121655055 30.1196537699018 30.1098771776472 30.0998116901943 30.0879523413522 30.0693004471915 30.0554807526725 30.0476463862828 30.0434401375907 30.0333582333156 30.0400141988482 30.0397137914385
30.1091553824288 30.109742641449 30.1159665925162 30.1282863616943 30.1413185255868 30.1409472056798 30.1300022261483 30.1264559200832 30.1220932688032 30.1221083232335 30.1283931732178 30.1196172577994 30.109815461295 30.1101166861398 30.1114591870989 30.0943177768162 30.082355771746 30.0812958989825 30.0796316010611 30.0691215651376 30.0728122166225 30.0851925441197 30.1027200562613 30.1130295481001 30.1242970739092 30.1313311713082 30.1327496937343 30.1382237161909 30.1403185980661 30.1452788625445 30.1517733846392 30.1557224137442 30.1515150751386 30.1458036558969 30.1414865766253 30.1286258016314 30.1184877668108 30.1208705220904 30.1146185057504 30.0982211657933 30.0786901882717 30.0596070289612 30.0554870877947 30.0453931944711 30.03953736169 30.0335964475359 30.0318713869367
30.1006496293204 30.1046137128557 30.1120302336557 30.1171441759382 30.1268839836121 30.1288261413574 30.1238765035357 30.1200744765145 30.1181062289647 30.119983128139 30.1214203153338 30.1075455801828 30.0962747846331 30.0999407087054 30.1060184070042 30.0864458084106 30.0793739046369 30.0838736806597 30.0803618431091 30.0661093166896 30.063255582537 30.0697083473206 30.0886892591204 30.1078485080174 30.1219553947449 30.1371643883841 30.144175870078 30.1485045978001 30.1462334224156 30.1496162414551 30.1547572272164 30.1573931149074 30.1550880840846 30.1507182121277 30.1445950780596 30.1312673432486 30.1196923937116 30.1221743311201 30.1221419743129 30.1043821743556 30.0850689070565 30.0654418127877 30.0500957625253 30.032546383994 30.0268477031163 30.0253104482378 30.0215520177569
30.0884484563555 30.0991077423096 30.1056293078831 30.1052863257272 30.1128103392465 30.1118979454041 30.1137918063572 30.1117196083069 30.1152933665684 30.1178465570722 30.1136478696551 30.0958540099008 30.0855431556702 30.0848080090114 30.0911398615156 30.0790233612061 30.0739801270621 30.0774307250977 30.0752711977277 30.0632094655718 30.055328982217 30.0594534873962 30.0758491243635 30.0981677600316 30.1217704500471 30.1421790122986 30.1484157698495 30.1535443578448 30.1530346870422 30.1475391387939 30.1524144581386 30.1570016316005 30.1546100207738 30.1506858553205 30.1411279950823 30.1297028405326 30.1205709321158 30.1201851027352 30.1139950752258 30.097863469805 30.0764314106532 30.0576803343637 30.0430874143328 30.0288468088422 30.0255039078849 30.0177965845381 30.0149464607239
30.0722453934806 30.0834473882403 30.0899946349008 30.0963520322527 30.1010602542332 30.0965127944946 30.1028380393982 30.1067827769688 30.1074792998178 30.1068920407976 30.0996779033116 30.0834362847464 30.0730825832912 30.062294619424 30.0661829539708 30.0637134143284 30.0589678628104 30.0611962590899 30.0612186023167 30.0521271569388 30.0491891588484 30.0523099899292 30.0677637372698 30.0899631636483 30.1143661907741 30.1351816313607 30.1441523006984 30.1466576031276 30.1465812410627 30.1391614505223 30.140063558306 30.1437056405204 30.1478212901524 30.1408424377441 30.1302734783718 30.1260279246739 30.119547026498 30.1140065193176 30.1085401943752 30.0974099976676 30.0776399203709 30.0557262556893 30.0385353224618 30.0277129581996 30.0254180090768 30.0181897027152 30.0083476475307
30.0660138130188 30.0771026611328 30.0823619025094 30.0873302050999 30.0898455211094 30.0852330752781 30.0898239953177 30.093900339944 30.0867278235299 30.0888337407793 30.0890226364136 30.0762571607317 30.0617199625288 30.0442036901202 30.0344534601484 30.0318763596671 30.0331242425101 30.0402898107256 30.0463624681745 30.0344126565116 30.0293168340411 30.0318808555603 30.0478478840419 30.0694020135062 30.093989099775 30.1182351793562 30.1325992856707 30.1331836155483 30.1368273326329 30.1274742398943 30.1257922989982 30.1343396731785 30.1388421058655 30.1276027815683 30.1205041749137 30.1229639053345 30.117654800415 30.1125088419233 30.1087201663426 30.0968314579555 30.0774555206299 30.0556323187692 30.0432390485491 30.0358651706151 30.0342476027352 30.0258284977504 30.0118695667812
