Ecospace-environmental-drivers/Outputs/ASCII-for-ecospace/Temp-surf/Temp-surf_X2000.09.asc
NCOLS 131 
NROWS 53 
XLLCORNER -98 
YLLCORNER 23.9265270233154 
CELLSIZE 0.133587792515755 
NODATA_value -3.4e+38 
[rows 0 to 20 of 53, columns 47 to 93 of 131]
-3.4e+38 -3.4e+38 -3.4e+38 -3.4e+38 -3.4e+38 -3.4e+38 -3.4e+38 -3.4e+38 -3.4e+38 -3.4e+38 -3.4e+38 -3.4e+38 -3.4e+38 -3.4e+38 -3.4e+38 -3.4e+38 -3.4e+38 -3.4e+38 -3.4e+38 -3.4e+38 -3.4e+38 -3.4e+38 -3.4e+38 -3.4e+38 -3.4e+38 -3.4e+38 -3.4e+38 -3.4e+38 -3.4e+38 -3.4e+38 -3.4e+38 -3.4e+38 -3.4e+38 -3.4e+38 -3.4e+38 -3.4e+38 -3.4e+38 -3.4e+38 -3.4e+38 -3.4e+38 -3.4e+38 -3.4e+38 -3.4e+38 -3.4e+38 -3.4e+38 -3.4e+38 -3.4e+38
-3.4e+38 -3.4e+38 -3.4e+38 -3.4e+38 -3.4e+38 -3.4e+38 -3.4e+38 -3.4e+38 -3.4e+38 -3.4e+38 -3.4e+38 -3.4e+38 -3.4e+38 -3.4e+38 -3.4e+38 -3.4e+38 -3.4e+38 -3.4e+38 -3.4e+38 -3.4e+38 -3.4e+38 -3.4e+38 -3.4e+38 -3.4e+38 -3.4e+38 -3.4e+38 -3.4e+38 -3.4e+38 -3.4e+38 -3.4e+38 -3.4e+38 -3.4e+38 -3.4e+38 -3.4e+38 -3.4e+38 -3.4e+38 -3.4e+38 -3.4e+38 -3.4e+38 -3.4e+38 -3.4e+38 -3.4e+38 -3.4e+38 -3.4e+38 -3.4e+38 -3.4e+38 -3.4e+38
-3.4e+38 -3.4e+38 -3.4e+38 -3.4e+38 -3.4e+38 -3.4e+38 -3.4e+38 -3.4e+38 -3.4e+38 -3.4e+38 -3.4e+38 -3.4e+38 -3.4e+38 -3.4e+38 -3.4e+38 -3.4e+38 -3.4e+38 -3.4e+38 -3.4e+38 -3.4e+38 -3.4e+38 -3.4e+38 -3.4e+38 -3.4e+38 -3.4e+38 -3.4e+38 -3.4e+38 29.3910999298096 29.3954162597656 -3.4e+38 -3.4e+38 -3.4e+38 -3.4e+38 -3.4e+38 -3.4e+38 -3.4e+38 -3.4e+38 -3.4e+38 -3.4e+38 -3.4e+38 -3.4e+38 -3.4e+38 -3.4e+38 -3.4e+38 -3.4e+38 -3.4e+38 -3.4e+38
-3.4e+38 -3.4e+38 -3.4e+38 -3.4e+38 -3.4e+38 -3.4e+38 -3.4e+38 -3.4e+38 -3.4e+38 -3.4e+38 -3.4e+38 -3.4e+38 -3.4e+38 -3.4e+38 -3.4e+38 -3.4e+38 -3.4e+38 -3.4e+38 -3.4e+38 -3.4e+38 -3.4e+38 -3.4e+38 -3.4e+38 -3.4e+38 -3.4e+38 -3.4e+38 -3.4e+38 29.3448429107666 29.3278179168701 -3.4e+38 -3.4e+38 -3.4e+38 -3.4e+38 -3.4e+38 -3.4e+38 -3.4e+38 -3.4e+38 -3.4e+38 -3.4e+38 -3.4e+38 -3.4e+38 -3.4e+38 -3.4e+38 -3.4e+38 -3.4e+38 -3.4e+38 -3.4e+38
-3.4e+38 -3.4e+38 -3.4e+38 -3.4e+38 -3.4e+38 -3.4e+38 -3.4e+38 -3.4e+38 -3.4e+38 29.8804168701172 29.8804168701172 29.8819847106934 29.8788070678711 -3.4e+38 -3.4e+38 -3.4e+38 -3.4e+38 -3.4e+38 29.7186088562012 29.6692848205566 29.6513710021973 29.6564426422119 29.6400165557861 29.7998447418213 29.7426815032959 29.6170120239258 29.5065631866455 29.2753677368164 29.3820304870605 29.5954780578613 -3.4e+38 -3.4e+38 29.7158012390137 29.7095985412598 29.6898612976074 29.7838592529297 29.8355026245117 29.8445816040039 29.9056568145752 30.0314064025879 29.9558734893799 29.9041595458984 -3.4e+38 -3.4e+38 -3.4e+38 -3.4e+38 -3.4e+38
-3.4e+38 -3.4e+38 -3.4e+38 -3.4e+38 -3.4e+38 -3.4e+38 -3.4e+38 -3.4e+38 29.8804168701172 29.8804168701172 29.8804168701172 29.8804168701172 29.8835525512695 29.8806552886963 29.8706035614014 -3.4e+38 29.8509006500244 29.8305168151855 29.7314186096191 29.6432132720947 29.5218296051025 29.5395736694336 29.4890613555908 29.5827293395996 29.5803108215332 29.5839176177979 29.5304222106934 29.5609302520752 29.7641448974609 29.6398468017578 29.6748161315918 29.6670207977295 29.7500190734863 29.7303619384766 29.6681518554688 29.6571083068848 29.6845512390137 29.7330493927002 29.824068069458 29.8921241760254 29.910608291626 29.8875789642334 29.8625793457031 29.9513339996338 -3.4e+38 -3.4e+38 -3.4e+38
-3.4e+38 -3.4e+38 -3.4e+38 -3.4e+38 -3.4e+38 -3.4e+38 -3.4e+38 -3.4e+38 29.8890895843506 29.8804168701172 29.8804168701172 29.8804168701172 29.8804168701172 29.8866882324219 29.8849124908447 29.8706035614014 29.8658294677734 29.8366546630859 29.7599506378174 29.6648006439209 29.4730663299561 29.4688587188721 29.42600440979 29.4872188568115 29.5417747497559 29.5255508422852 29.4747447967529 29.4649143218994 29.5471649169922 29.5804309844971 29.6179370880127 29.595682144165 29.5681896209717 29.5566864013672 29.4786205291748 29.4075450897217 29.3808097839355 29.3999328613281 29.442943572998 29.5428028106689 29.65012550354 29.7220058441162 29.7314167022705 29.7272453308105 29.765115737915 29.5649070739746 -3.4e+38
-3.4e+38 -3.4e+38 -3.4e+38 -3.4e+38 -3.4e+38 -3.4e+38 -3.4e+38 -3.4e+38 -3.4e+38 -3.4e+38 29.8804168701172 29.8804168701172 29.8804168701172 -3.4e+38 29.8929615020752 29.8956699371338 29.9089412689209 29.9269199371338 29.885347366333 29.8360004425049 29.5864295959473 29.4927864074707 29.3220520019531 29.3449268341064 29.4179344177246 29.4544429779053 29.4577617645264 29.4453945159912 29.4622821807861 29.5187225341797 29.5213413238525 29.4889583587646 29.4461250305176 29.3740634918213 29.3238010406494 29.2828159332275 29.2652626037598 29.2918300628662 29.3252964019775 29.3704833984375 29.4650630950928 29.5611419677734 29.6106071472168 29.6298122406006 29.6383590698242 29.5032558441162 29.3528957366943
-3.4e+38 -3.4e+38 -3.4e+38 -3.4e+38 -3.4e+38 -3.4e+38 -3.4e+38 -3.4e+38 -3.4e+38 -3.4e+38 -3.4e+38 -3.4e+38 -3.4e+38 -3.4e+38 29.8789958953857 29.9573268890381 29.9670848846436 29.9460582733154 29.9302234649658 29.910924911499 29.7060794830322 29.6468944549561 29.4208717346191 29.4386978149414 29.4121341705322 29.4494438171387 29.5034236907959 29.4787712097168 29.4868869781494 29.4949531555176 29.4415073394775 29.3924446105957 29.3418979644775 29.3203277587891 29.3292446136475 29.3107719421387 29.3146362304688 29.3110771179199 29.3347778320312 29.3236904144287 29.3407516479492 29.4177589416504 29.5039100646973 29.5639781951904 29.5575523376465 29.482048034668 29.3600883483887
29.8540115356445 -3.4e+38 -3.4e+38 -3.4e+38 -3.4e+38 -3.4e+38 -3.4e+38 -3.4e+38 -3.4e+38 -3.4e+38 30.1382331848145 30.1145858764648 -3.4e+38 -3.4e+38 -3.4e+38 30.0256156921387 30.0624523162842 30.072229385376 30.0069122314453 29.9510192871094 29.7498016357422 29.5406074523926 29.4477977752686 29.4364318847656 29.4093647003174 29.4238624572754 29.413236618042 29.4148178100586 29.4096622467041 29.3922538757324 29.388427734375 29.3797836303711 29.3502502441406 29.3490962982178 29.3548412322998 29.3259296417236 29.3029193878174 29.2905178070068 29.3136291503906 29.305139541626 29.311092376709 29.3425464630127 29.4189281463623 29.5218410491943 29.5213851928711 29.4345264434814 29.3463268280029
29.7764053344727 29.7730846405029 -3.4e+38 -3.4e+38 -3.4e+38 -3.4e+38 -3.4e+38 -3.4e+38 -3.4e+38 -3.4e+38 30.209135055542 30.2810802459717 30.3487567901611 -3.4e+38 -3.4e+38 30.1013736724854 30.1279277801514 30.1722011566162 30.1110572814941 29.9722900390625 29.6884918212891 29.4648113250732 29.4754467010498 29.4165687561035 29.4018669128418 29.4145832061768 29.420747756958 29.4185886383057 29.4260635375977 29.4225158691406 29.4189033508301 29.4168853759766 29.4073543548584 29.4053840637207 29.4214191436768 29.4104900360107 29.3954048156738 29.3574810028076 29.3226680755615 29.345344543457 29.364200592041 29.341459274292 29.378849029541 29.4783344268799 29.5104541778564 29.4151859283447 29.3307209014893
29.8237209320068 29.827917098999 29.9490299224854 30.05686378479 -3.4e+38 -3.4e+38 -3.4e+38 -3.4e+38 -3.4e+38 -3.4e+38 -3.4e+38 30.2321968078613 30.348518371582 30.3487567901611 30.2603206634521 30.1833992004395 30.3013515472412 30.2399444580078 30.0762844085693 29.7055835723877 29.4808807373047 29.5417289733887 29.5737380981445 29.5588397979736 29.5534191131592 29.5456104278564 29.515380859375 29.4985237121582 29.5086078643799 29.5174865722656 29.5334129333496 29.5283641815186 29.521915435791 29.5132808685303 29.5091075897217 29.5130920410156 29.4990921020508 29.4377021789551 29.3633480072021 29.3328704833984 29.3171730041504 29.3245887756348 29.3406276702881 29.4112491607666 29.4781227111816 29.4354248046875 29.389217376709
29.8641586303711 29.9394111633301 30.0587253570557 30.1628379821777 -3.4e+38 -3.4e+38 -3.4e+38 -3.4e+38 30.211389541626 30.23388671875 30.1558074951172 30.1600151062012 30.3085880279541 30.3882083892822 30.2029457092285 30.1438903808594 30.2438716888428 30.2225131988525 30.2235584259033 29.5614070892334 29.3987140655518 29.5600357055664 29.5283527374268 29.5065155029297 29.51149559021 29.5684547424316 29.6190071105957 29.6260395050049 29.6315803527832 29.6458034515381 29.6408443450928 29.6334781646729 29.6156330108643 29.5949993133545 29.5837383270264 29.5663414001465 29.5263519287109 29.4746246337891 29.419713973999 29.3849983215332 29.3301734924316 29.2958335876465 29.345588684082 29.3466682434082 29.3462333679199 29.4019756317139 29.4617118835449
29.9572620391846 29.9230461120605 29.8908233642578 29.9567623138428 30.0744132995605 30.0253372192383 30.0460014343262 30.0899448394775 30.1241798400879 30.1466579437256 30.2034950256348 30.1373901367188 29.9947986602783 29.9576568603516 29.9066715240479 30.0189361572266 30.28955078125 30.3909301757812 30.2411766052246 29.7668437957764 29.1508026123047 29.458963394165 29.5262928009033 29.5756587982178 29.5983963012695 29.634370803833 29.6788749694824 29.6658229827881 29.6601371765137 29.6791915893555 29.6849346160889 29.6991653442383 29.7041072845459 29.6993522644043 29.6771907806396 29.6418743133545 29.6159362792969 29.5728721618652 29.5203266143799 29.460506439209 29.3771553039551 29.2748489379883 29.319128036499 29.3102760314941 29.2579669952393 29.2508106231689 29.3193798065186
30.0018138885498 29.9945621490479 29.9253253936768 29.9489936828613 30.0639953613281 30.0204296112061 30.0865058898926 30.1574211120605 30.1843719482422 30.2024688720703 30.1828002929688 29.8539772033691 29.773889541626 29.6831645965576 29.6044464111328 29.6167316436768 29.6887130737305 30.6284847259521 30.6895236968994 29.9718246459961 29.3720779418945 29.5785541534424 29.6763820648193 29.6327056884766 29.6130428314209 29.6274852752686 29.6067485809326 29.5849189758301 29.6051292419434 29.6793384552002 29.6813220977783 29.7042293548584 29.7142143249512 29.7187900543213 29.6871147155762 29.6528701782227 29.6309413909912 29.6120491027832 29.5802993774414 29.5310001373291 29.4488754272461 29.3171367645264 29.2864017486572 29.2878932952881 29.2542152404785 29.2235412597656 29.2066650390625
29.8265953063965 29.8971061706543 29.9445915222168 29.9910755157471 30.007661819458 29.9747257232666 29.9444427490234 29.9534358978271 29.9436340332031 29.8397426605225 29.749475479126 29.6954650878906 29.6748046875 29.6531047821045 29.6500301361084 29.6076526641846 29.5370674133301 29.7267665863037 29.5852432250977 29.6377353668213 29.7382144927979 29.7799968719482 29.766939163208 29.6966114044189 29.6327209472656 29.6111240386963 29.6014766693115 29.5772075653076 29.6118946075439 29.6703224182129 29.6941890716553 29.7313060760498 29.7364196777344 29.7151756286621 29.6717872619629 29.6543998718262 29.6333351135254 29.6103782653809 29.6002998352051 29.5673274993896 29.5115356445312 29.3924179077148 29.3023681640625 29.2704582214355 29.2584896087646 29.248571395874 29.2326469421387
29.6099376678467 29.6247425079346 29.739429473877 29.8656311035156 29.9595279693604 29.9548454284668 29.8428821563721 29.7590427398682 29.6961803436279 29.6473941802979 29.5801181793213 29.5806179046631 29.6568050384521 29.7008590698242 29.7474937438965 29.7776260375977 29.744779586792 29.8085403442383 29.8394966125488 29.8395748138428 29.8037662506104 29.7880420684814 29.7590312957764 29.7503776550293 29.7223052978516 29.6778049468994 29.6566429138184 29.6443157196045 29.651481628418 29.6580791473389 29.7040309906006 29.7371654510498 29.7307758331299 29.6942729949951 29.6555652618408 29.6484069824219 29.635066986084 29.6102046966553 29.5928058624268 29.5809898376465 29.5462799072266 29.4711685180664 29.3501224517822 29.2957973480225 29.2479419708252 29.217306137085 29.2259082794189
29.7801933288574 29.728271484375 29.634521484375 29.5711536407471 29.6188449859619 29.6452693939209 29.6031513214111 29.5572700500488 29.5388202667236 29.4998264312744 29.5002746582031 29.6063632965088 29.6736030578613 29.6991348266602 29.7468776702881 29.7805061340332 29.8072147369385 29.8194065093994 29.7877883911133 29.7600059509277 29.7465076446533 29.737771987915 29.7177715301514 29.7189865112305 29.7466087341309 29.7379779815674 29.7044944763184 29.6760807037354 29.6911468505859 29.715991973877 29.7205028533936 29.7477931976318 29.7137031555176 29.6668376922607 29.6345138549805 29.6427135467529 29.6418933868408 29.6248016357422 29.592924118042 29.5789031982422 29.5630722045898 29.507474899292 29.40403175354 29.3403244018555 29.2978668212891 29.1973476409912 29.1635227203369
29.8209018707275 29.8216590881348 29.8091297149658 29.7569522857666 29.6609725952148 29.5796127319336 29.5371608734131 29.5267581939697 29.5475997924805 29.5521965026855 29.6325454711914 29.6341552734375 29.6783180236816 29.7251281738281 29.7520961761475 29.7575035095215 29.7656936645508 29.7490863800049 29.7137222290039 29.7041130065918 29.7105140686035 29.7210922241211 29.7155265808105 29.7068653106689 29.7191486358643 29.7485427856445 29.7519950866699 29.7240104675293 29.726936340332 29.7547378540039 29.7457714080811 29.7290134429932 29.6924648284912 29.6443424224854 29.6190605163574 29.6192951202393 29.6147212982178 29.60498046875 29.5905952453613 29.5799140930176 29.5790061950684 29.5597667694092 29.4877452850342 29.4095726013184 29.3466472625732 29.2687835693359 29.2076358795166
29.773946762085 29.7867584228516 29.8075866699219 29.836986541748 29.8550090789795 29.8588218688965 29.8395290374756 29.8164978027344 29.7973308563232 29.7604637145996 29.7646789550781 29.7364311218262 29.7450580596924 29.7484493255615 29.7490348815918 29.7448348999023 29.739875793457 29.6994857788086 29.6818923950195 29.6863021850586 29.7065925598145 29.7334957122803 29.7563419342041 29.7488536834717 29.734806060791 29.7461071014404 29.7672710418701 29.7686195373535 29.772611618042 29.7808036804199 29.7450065612793 29.6926879882812 29.6613025665283 29.6329326629639 29.6204967498779 29.6188640594482 29.6060085296631 29.5940284729004 29.5820693969727 29.5858917236328 29.5901508331299 29.58127784729 29.55491065979 29.5052757263184 29.4357814788818 29.3736019134521 29.3109169006348
29.6649990081787 29.6876373291016 29.7231979370117 29.7572174072266 29.7791938781738 29.7973461151123 29.7966384887695 29.7875099182129 29.7785205841064 29.7584476470947 29.7439708709717 29.7227096557617 29.7206707000732 29.7075347900391 29.6831474304199 29.6855182647705 29.6955623626709 29.6842041015625 29.6832180023193 29.6950759887695 29.735237121582 29.7676525115967 29.7757930755615 29.7905921936035 29.7754192352295 29.7574462890625 29.7672901153564 29.7896327972412 29.7927799224854 29.7586154937744 29.6951942443848 29.6438617706299 29.6084804534912 29.611442565918 29.6278686523438 29.6379280090332 29.6330184936523 29.629940032959 29.6270141601562 29.6297092437744 29.6387615203857 29.6315975189209 29.603982925415 29.5629978179932 29.5063743591309 29.4501209259033 29.3890018463135
