Ecospace-environmental-drivers/Outputs/ASCII-for-ecospace/Temp-surf/Temp-surf_X1993.05.asc
NCOLS 131 
NROWS 53 
XLLCORNER -98 
YLLCORNER 23.9265270233154 
CELLSIZE 0.133587792515755 
NODATA_value -3.4e+38 
[rows 21 to 41 of 53, columns 0 to 46 of 131]
-3.4e+38 -3.4e+38 -3.4e+38 -3.4e+38 -3.4e+38 -3.4e+38 25.5336723327637 25.5285472869873 25.3739833831787 25.6777648925781 25.0858421325684 24.7796516418457 24.6459102630615 24.5420894622803 24.423038482666 24.3133125305176 24.2068405151367 24.1479225158691 24.1297206878662 24.1603260040283 24.1916103363037 24.2100162506104 24.206428527832 24.1801280975342 24.197509765625 24.118070602417 24.0852127075195 24.1207790374756 24.1358489990234 24.1443748474121 24.1454658508301 24.1445846557617 24.0841979980469 24.0223369598389 23.9824390411377 23.9244365692139 23.8533611297607 23.8112487792969 23.7921733856201 23.7424945831299 23.6647033691406 23.6821823120117 23.7203140258789 23.7856140136719 23.8483028411865 23.8959884643555 23.9652462005615
-3.4e+38 -3.4e+38 -3.4e+38 -3.4e+38 -3.4e+38 -3.4e+38 25.6955661773682 25.3769035339355 25.5285472869873 24.9156360626221 24.7096996307373 24.5998649597168 24.5062885284424 24.4318141937256 24.3386402130127 24.2967929840088 24.278736114502 24.3527870178223 24.3909320831299 24.4270648956299 24.508508682251 24.6145267486572 24.6566753387451 24.5521640777588 24.4473171234131 24.3002319335938 24.1857719421387 24.1838912963867 24.1880359649658 24.2123241424561 24.2138042449951 24.2011203765869 24.1502914428711 24.0839214324951 24.0434226989746 24.0122413635254 23.9622402191162 23.9016952514648 23.8394927978516 23.812816619873 23.8379497528076 23.854434967041 23.8912868499756 23.9484519958496 24.0216045379639 24.0933208465576 24.1381683349609
-3.4e+38 -3.4e+38 -3.4e+38 -3.4e+38 25.7826957702637 25.7275924682617 25.4708080291748 25.6955661773682 24.9065952301025 24.6614437103271 24.5663795471191 24.4731540679932 24.4517230987549 24.4862632751465 24.5432186126709 24.6857776641846 24.7542819976807 24.7782611846924 24.8171482086182 24.852840423584 24.8991603851318 24.945369720459 24.9836235046387 24.9669075012207 24.8883419036865 24.6245269775391 24.4579563140869 24.3106899261475 24.2948455810547 24.2712364196777 24.2367172241211 24.2200145721436 24.1520500183105 24.0885314941406 24.0793266296387 24.0772857666016 24.0003032684326 23.900707244873 23.8471584320068 23.8933238983154 23.9415264129639 24.0045928955078 24.0571842193604 24.1279964447021 24.1460018157959 24.1522006988525 24.1626968383789
-3.4e+38 -3.4e+38 -3.4e+38 -3.4e+38 25.9630527496338 25.6574440002441 25.7275924682617 24.9892635345459 24.6310806274414 24.5060405731201 24.4956226348877 24.5626201629639 24.6904697418213 24.8363037109375 24.8712043762207 24.8735008239746 24.8833198547363 24.92258644104 24.9655323028564 24.9928531646729 24.9993000030518 24.9945106506348 24.9905586242676 24.9746227264404 24.9549083709717 24.8598937988281 24.7199687957764 24.5496864318848 24.3233680725098 24.2701511383057 24.2784805297852 24.1981658935547 24.1619396209717 24.1102447509766 24.097635269165 24.1080951690674 24.0169906616211 23.9238662719727 23.934627532959 24.0100765228271 24.0434494018555 24.1064758300781 24.1246948242188 24.1458301544189 24.1476287841797 24.1640777587891 24.1931495666504
-3.4e+38 -3.4e+38 -3.4e+38 -3.4e+38 -3.4e+38 25.9630527496338 25.2816848754883 24.6376190185547 24.4979362487793 24.4448738098145 24.5485744476318 24.6959819793701 24.8200664520264 24.8345165252686 24.7904186248779 24.7918930053711 24.8417568206787 24.8973274230957 24.9260063171387 24.9032955169678 24.8601703643799 24.8446559906006 24.8438243865967 24.8495979309082 24.8591575622559 24.8814811706543 24.8172378540039 24.7235240936279 24.4854202270508 24.2953319549561 24.2559127807617 24.1936817169189 24.1861743927002 24.1750755310059 24.144552230835 24.119909286499 24.0608997344971 24.0228309631348 24.0396022796631 24.0870609283447 24.148365020752 24.2278118133545 24.2495040893555 24.2093772888184 24.2157440185547 24.2691841125488 24.2862949371338
-3.4e+38 -3.4e+38 -3.4e+38 -3.4e+38 -3.4e+38 25.6850109100342 24.7367630004883 24.4758491516113 24.4118537902832 24.4661445617676 24.6097507476807 24.7093982696533 24.7571239471436 24.7375431060791 24.7324066162109 24.7523345947266 24.8500728607178 24.9058513641357 24.8947353363037 24.8152389526367 24.7941780090332 24.8035984039307 24.7966270446777 24.7940273284912 24.8122158050537 24.8123779296875 24.8225727081299 24.7717323303223 24.6135330200195 24.4216556549072 24.2412166595459 24.1984405517578 24.1902008056641 24.1790771484375 24.1717128753662 24.1329517364502 24.1253795623779 24.128942489624 24.1307926177979 24.1935367584229 24.2827587127686 24.3526153564453 24.357006072998 24.3071346282959 24.2776355743408 24.3486213684082 24.4095897674561
-3.4e+38 -3.4e+38 27.5391311645508 27.3327217102051 26.1623229980469 25.3242015838623 24.5077838897705 24.3674030303955 24.394401550293 24.5239410400391 24.6354560852051 24.7044639587402 24.7153263092041 24.6948585510254 24.6882781982422 24.7270679473877 24.8105621337891 24.8695449829102 24.8882713317871 24.8492412567139 24.7892723083496 24.7536544799805 24.7508392333984 24.7364978790283 24.7506198883057 24.7976112365723 24.815990447998 24.8184204101562 24.6550922393799 24.4552040100098 24.2392997741699 24.2121715545654 24.1746616363525 24.18017578125 24.1630420684814 24.1291370391846 24.1429653167725 24.1940135955811 24.2674007415771 24.33447265625 24.4051380157471 24.455997467041 24.4283924102783 24.4008922576904 24.3862571716309 24.4542102813721 24.5076560974121
-339999999999999996128486808808066248288.000000000000000 -3.4e+38 -3.4e+38 -3.4e+38 27.126314163208 25.1369609832764 24.4313678741455 24.3139743804932 24.3637847900391 24.5111770629883 24.6314086914062 24.691650390625 24.6983985900879 24.6459636688232 24.6443252563477 24.6776657104492 24.7372932434082 24.8447093963623 24.951847076416 24.9093627929688 24.7804279327393 24.7256565093994 24.7204570770264 24.689432144165 24.6833171844482 24.7699012756348 24.8209838867188 24.8312091827393 24.6330852508545 24.4222202301025 24.2301635742188 24.1853427886963 24.1726322174072 24.1704273223877 24.1903648376465 24.2001190185547 24.2272148132324 24.2935352325439 24.3507862091064 24.4050579071045 24.4478569030762 24.4239406585693 24.4038391113281 24.408540725708 24.4397640228271 24.4806728363037 24.5938167572021
-3.4e+38 -3.4e+38 -3.4e+38 -3.4e+38 26.6800479888916 24.874626159668 24.4028205871582 24.3003520965576 24.3497638702393 24.5005283355713 24.6200103759766 24.6773529052734 24.6761665344238 24.623706817627 24.6436100006104 24.6622505187988 24.6745681762695 24.7811641693115 24.9022235870361 24.9734973907471 24.8419132232666 24.7078762054443 24.6849422454834 24.6598796844482 24.6642894744873 24.7383327484131 24.8254356384277 24.8230628967285 24.6053924560547 24.3571624755859 24.2576961517334 24.2516784667969 24.2882518768311 24.3230895996094 24.3556823730469 24.3738231658936 24.3685169219971 24.3816242218018 24.3832473754883 24.3968448638916 24.4162368774414 24.3932437896729 24.374942779541 24.3872203826904 24.4331703186035 24.5511665344238 24.6433258056641
-3.4e+38 -3.4e+38 -3.4e+38 -3.4e+38 26.4750652313232 24.918628692627 24.3943538665771 24.2984237670898 24.3297462463379 24.484769821167 24.590368270874 24.6677017211914 24.654899597168 24.6148509979248 24.6455841064453 24.6718158721924 24.6623687744141 24.7107162475586 24.8297958374023 24.9853076934814 24.9382877349854 24.763355255127 24.6966037750244 24.669002532959 24.6802978515625 24.7476673126221 24.8271903991699 24.7634239196777 24.5146713256836 24.322826385498 24.3027477264404 24.3780498504639 24.4366054534912 24.4566955566406 24.4565391540527 24.4535102844238 24.4508762359619 24.4553623199463 24.4295101165771 24.4392566680908 24.4547157287598 24.4488201141357 24.4356727600098 24.4420585632324 24.5148658752441 24.6281795501709 24.6629409790039
-3.4e+38 -3.4e+38 -3.4e+38 -3.4e+38 27.5186405181885 25.3080234527588 24.4345531463623 24.3219680786133 24.3291244506836 24.474494934082 24.5889682769775 24.6556358337402 24.6648063659668 24.5945911407471 24.5964221954346 24.6601009368896 24.6931552886963 24.7118606567383 24.8086071014404 24.9709568023682 25.0024757385254 24.8897686004639 24.7516574859619 24.69358253479 24.7037448883057 24.7636013031006 24.8102016448975 24.6392974853516 24.4340686798096 24.3500690460205 24.4619598388672 24.5761547088623 24.5991973876953 24.6006336212158 24.6009387969971 24.5742835998535 24.5317096710205 24.5229473114014 24.5276527404785 24.515604019165 24.5069961547852 24.4900684356689 24.4891338348389 24.5424423217773 24.5972213745117 24.6466369628906 24.669864654541
-3.4e+38 -3.4e+38 -3.4e+38 -3.4e+38 27.5483627319336 25.661506652832 24.5957317352295 24.3370113372803 24.334529876709 24.4529228210449 24.5690097808838 24.6658573150635 24.6779270172119 24.618616104126 24.6029987335205 24.6214904785156 24.72438621521 24.7146854400635 24.7534866333008 24.948823928833 25.0441341400146 24.9571781158447 24.8448486328125 24.7622718811035 24.7277183532715 24.7837371826172 24.745532989502 24.5652294158936 24.416389465332 24.4554615020752 24.5910472869873 24.6055850982666 24.6148986816406 24.6304492950439 24.6475696563721 24.6707344055176 24.6849422454834 24.652027130127 24.6161365509033 24.6012439727783 24.5829257965088 24.57448387146 24.5530605316162 24.6073760986328 24.6447010040283 24.6525249481201 24.6355094909668
-3.4e+38 -3.4e+38 -3.4e+38 -3.4e+38 27.5657577514648 26.3411998748779 25.0706558227539 24.4416389465332 24.4006958007812 24.4487056732178 24.5802116394043 24.6885375976562 24.6656799316406 24.6409645080566 24.5685253143311 24.6243057250977 24.7290477752686 24.7216281890869 24.7596492767334 24.94189453125 25.0620651245117 25.01389503479 24.922212600708 24.8108386993408 24.7547054290771 24.7752571105957 24.6907138824463 24.5002784729004 24.4316558837891 24.5312309265137 24.5753574371338 24.5866508483887 24.6175155639648 24.6323776245117 24.6452102661133 24.6556167602539 24.6799125671387 24.7237682342529 24.7368450164795 24.7201290130615 24.6895847320557 24.6505355834961 24.6349029541016 24.6333847045898 24.6511211395264 24.6463356018066 24.6514205932617
-3.4e+38 -3.4e+38 -3.4e+38 -3.4e+38 -3.4e+38 26.2361450195312 25.65283203125 24.6095314025879 24.5318126678467 24.5020809173584 24.568244934082 24.6794986724854 24.7264461517334 24.655216217041 24.6198291778564 24.6545352935791 24.715892791748 24.7606334686279 24.8071327209473 24.9749927520752 25.1118793487549 25.1023368835449 24.9705219268799 24.8572311401367 24.7780666351318 24.8025169372559 24.6427230834961 24.4710655212402 24.4824638366699 24.5372066497803 24.5750713348389 24.6106948852539 24.6239109039307 24.6365947723389 24.6572017669678 24.6714973449707 24.6740646362305 24.684663772583 24.7269725799561 24.7671852111816 24.7762641906738 24.7498893737793 24.6969547271729 24.6674480438232 24.6404266357422 24.6546363830566 24.6799545288086
-3.4e+38 -3.4e+38 -3.4e+38 -3.4e+38 -3.4e+38 28.0120296478271 26.1901073455811 24.8328170776367 24.6715679168701 24.6026039123535 24.5656280517578 24.634859085083 24.7041683197021 24.6851978302002 24.7160129547119 24.7850818634033 24.7998886108398 24.8430690765381 24.9247207641602 25.0614948272705 25.1791496276855 25.1602935791016 25.08571434021 24.9385204315186 24.8455257415771 24.840841293335 24.6183261871338 24.4721908569336 24.5041885375977 24.5367641448975 24.5970478057861 24.6251888275146 24.6400852203369 24.6593971252441 24.6567268371582 24.6648998260498 24.6790351867676 24.6847305297852 24.7156543731689 24.7538928985596 24.7802448272705 24.7934150695801 24.7813663482666 24.7134590148926 24.6904392242432 24.6688098907471 24.6504077911377
-3.4e+38 -3.4e+38 -3.4e+38 -3.4e+38 -3.4e+38 28.1753025054932 26.5253105163574 25.0602188110352 24.7930812835693 24.7496242523193 24.5993251800537 24.5805397033691 24.6063404083252 24.6629161834717 24.8103351593018 24.9016590118408 24.8990669250488 24.9783382415771 25.1064491271973 25.1782627105713 25.1916103363037 25.18088722229 25.1686630249023 25.0641021728516 24.9326858520508 24.8590183258057 24.6145572662354 24.4946804046631 24.5012874603271 24.5403079986572 24.621675491333 24.6590461730957 24.6757297515869 24.6789245605469 24.6651210784912 24.6661167144775 24.6800765991211 24.6966896057129 24.7269134521484 24.7622604370117 24.7858104705811 24.7946395874023 24.8036727905273 24.8099517822266 24.7532138824463 24.7084579467773 24.6915893554688
-3.4e+38 -3.4e+38 -3.4e+38 -3.4e+38 -3.4e+38 -3.4e+38 26.7622165679932 25.200611114502 24.8199119567871 24.8061027526855 24.6768074035645 24.6237545013428 24.6153106689453 24.744255065918 24.9230060577393 25.0439739227295 25.1652450561523 25.2427139282227 25.2553215026855 25.2205009460449 25.2110691070557 25.2039337158203 25.1786937713623 25.1005687713623 25.0355930328369 24.945240020752 24.6235942840576 24.5237922668457 24.495325088501 24.5361766815186 24.6288890838623 24.6801662445068 24.7014541625977 24.6918430328369 24.6683921813965 24.6705265045166 24.6876182556152 24.7208042144775 24.7435111999512 24.7671966552734 24.7974109649658 24.8356132507324 24.8587837219238 24.8762836456299 24.8949546813965 24.8606491088867 24.7919731140137
-3.4e+38 -3.4e+38 -3.4e+38 -3.4e+38 -3.4e+38 -3.4e+38 26.9127616882324 25.2143592834473 24.8315696716309 24.7792816162109 24.8054103851318 24.7566299438477 24.8256092071533 25.1175861358643 25.3413372039795 25.3679237365723 25.3372650146484 25.3032188415527 25.2530746459961 25.2272930145264 25.1987953186035 25.1909961700439 25.1977767944336 25.1251125335693 25.0576629638672 25.0480194091797 24.6983413696289 24.5890998840332 24.5202941894531 24.5468978881836 24.6123657226562 24.6871757507324 24.7045936584473 24.6957836151123 24.6753520965576 24.6847305297852 24.7135181427002 24.7305126190186 24.7625713348389 24.8092765808105 24.8749542236328 24.9501247406006 25.0218200683594 25.045524597168 25.0553112030029 25.0429096221924 25.033296585083
-3.4e+38 -3.4e+38 -3.4e+38 -3.4e+38 -3.4e+38 -3.4e+38 26.98756980896 25.162260055542 24.8637237548828 24.8800411224365 24.8397388458252 24.8668804168701 25.2447719573975 25.4374561309814 25.4143352508545 25.3579082489014 25.2960948944092 25.252462387085 25.2309398651123 25.2316093444824 25.226957321167 25.2181663513184 25.2257671356201 25.163257598877 25.0905704498291 25.0734748840332 24.8074989318848 24.6464176177979 24.6103439331055 24.5664100646973 24.6011962890625 24.6429290771484 24.667552947998 24.6630725860596 24.674072265625 24.680965423584 24.7218151092529 24.8036308288574 24.930850982666 25.0733642578125 25.1960124969482 25.2830772399902 25.3207988739014 25.303617477417 25.2614917755127 25.209903717041 25.1485786437988
-3.4e+38 -3.4e+38 -3.4e+38 -3.4e+38 -3.4e+38 27.7315921783447 26.5039520263672 25.1096210479736 24.9598655700684 24.8835735321045 24.9066219329834 25.2741775512695 25.4963397979736 25.4364929199219 25.3540496826172 25.287425994873 25.2435703277588 25.2471904754639 25.2624816894531 25.2556495666504 25.2508640289307 25.2481327056885 25.2599544525146 25.212474822998 25.1397361755371 25.0945167541504 24.8888072967529 24.6771259307861 24.705774307251 24.6399803161621 24.6271896362305 24.6524124145508 24.6499900817871 24.660177230835 24.677619934082 24.7583923339844 24.9321804046631 25.1122417449951 25.2666702270508 25.375804901123 25.4310512542725 25.4323463439941 25.4227123260498 25.4028186798096 25.3816947937012 25.340461730957 25.295825958252
-3.4e+38 -3.4e+38 -3.4e+38 -3.4e+38 27.6454296112061 27.4829711914062 25.675952911377 25.1146106719971 24.9859218597412 25.0086555480957 25.3123016357422 25.5253009796143 25.4876480102539 25.3802375793457 25.2979068756104 25.2587375640869 25.2618656158447 25.2628536224365 25.2551898956299 25.2526264190674 25.2518615722656 25.262716293335 25.2856121063232 25.2483615875244 25.1725540161133 25.1242218017578 24.9439640045166 24.7289695739746 24.7458209991455 24.7469158172607 24.6905975341797 24.6414737701416 24.6507129669189 24.7131404876709 24.8665370941162 25.0888576507568 25.2583827972412 25.3651371002197 25.4678630828857 25.4733829498291 25.4785861968994 25.4728488922119 25.456018447876 25.4346771240234 25.4249744415283 25.3971920013428 25.3636264801025
