Ecospace-environmental-drivers/Outputs/ASCII-for-ecospace/Temp-surf/Temp-surf_X2006.12.asc
NCOLS 131 
NROWS 53 
XLLCORNER -98 
YLLCORNER 23.9265270233154 
CELLSIZE 0.133587792515755 
NODATA_value -3.4e+38 
[rows 0 to 20 of 53, columns 47 to 93 of 131]
-3.4e+38 -3.4e+38 -3.4e+38 -3.4e+38 -3.4e+38 -3.4e+38 -3.4e+38 -3.4e+38 -3.4e+38 -3.4e+38 -3.4e+38 -3.4e+38 -3.4e+38 -3.4e+38 -3.4e+38 -3.4e+38 -3.4e+38 -3.4e+38 -3.4e+38 -3.4e+38 -3.4e+38 -3.4e+38 -3.4e+38 -3.4e+38 -3.4e+38 -3.4e+38 -3.4e+38 -3.4e+38 -3.4e+38 -3.4e+38 -3.4e+38 -3.4e+38 -3.4e+38 -3.4e+38 -3.4e+38 -3.4e+38 -3.4e+38 -3.4e+38 -3.4e+38 -3.4e+38 -3.4e+38 -3.4e+38 -3.4e+38 -3.4e+38 -3.4e+38 -3.4e+38 -3.4e+38
-3.4e+38 -3.4e+38 -3.4e+38 -3.4e+38 -3.4e+38 -3.4e+38 -3.4e+38 -3.4e+38 -3.4e+38 -3.4e+38 -3.4e+38 -3.4e+38 -3.4e+38 -3.4e+38 -3.4e+38 -3.4e+38 -3.4e+38 -3.4e+38 -3.4e+38 -3.4e+38 -3.4e+38 -3.4e+38 -3.4e+38 -3.4e+38 -3.4e+38 -3.4e+38 -3.4e+38 -3.4e+38 -3.4e+38 -3.4e+38 -3.4e+38 -3.4e+38 -3.4e+38 -3.4e+38 -3.4e+38 -3.4e+38 -3.4e+38 -3.4e+38 -3.4e+38 -3.4e+38 -3.4e+38 -3.4e+38 -3.4e+38 -3.4e+38 -3.4e+38 -3.4e+38 -3.4e+38
-3.4e+38 -3.4e+38 -3.4e+38 -3.4e+38 -3.4e+38 -3.4e+38 -3.4e+38 -3.4e+38 -3.4e+38 -3.4e+38 -3.4e+38 -3.4e+38 -3.4e+38 -3.4e+38 -3.4e+38 -3.4e+38 -3.4e+38 -3.4e+38 -3.4e+38 -3.4e+38 -3.4e+38 -3.4e+38 -3.4e+38 -3.4e+38 -3.4e+38 -3.4e+38 -3.4e+38 15.1375694274902 15.17551612854 -3.4e+38 -3.4e+38 -3.4e+38 -3.4e+38 -3.4e+38 -3.4e+38 -3.4e+38 -3.4e+38 -3.4e+38 -3.4e+38 -3.4e+38 -3.4e+38 -3.4e+38 -3.4e+38 -3.4e+38 -3.4e+38 -3.4e+38 -3.4e+38
-3.4e+38 -3.4e+38 -3.4e+38 -3.4e+38 -3.4e+38 -3.4e+38 -3.4e+38 -3.4e+38 -3.4e+38 -3.4e+38 -3.4e+38 -3.4e+38 -3.4e+38 -3.4e+38 -3.4e+38 -3.4e+38 -3.4e+38 -3.4e+38 -3.4e+38 -3.4e+38 -3.4e+38 -3.4e+38 -3.4e+38 -3.4e+38 -3.4e+38 -3.4e+38 -3.4e+38 14.9739418029785 15.008020401001 -3.4e+38 -3.4e+38 -3.4e+38 -3.4e+38 -3.4e+38 -3.4e+38 -3.4e+38 -3.4e+38 -3.4e+38 -3.4e+38 -3.4e+38 -3.4e+38 -3.4e+38 -3.4e+38 -3.4e+38 -3.4e+38 -3.4e+38 -3.4e+38
-3.4e+38 -3.4e+38 -3.4e+38 -3.4e+38 -3.4e+38 -3.4e+38 -3.4e+38 -3.4e+38 -3.4e+38 14.46985912323 14.46985912323 14.4754495620728 14.4567165374756 -3.4e+38 -3.4e+38 -3.4e+38 -3.4e+38 -3.4e+38 14.5148992538452 14.4808521270752 14.6177806854248 14.6928310394287 14.8667259216309 15.0298299789429 15.1631298065186 15.2354497909546 15.2055330276489 15.0210409164429 15.6314821243286 16.1067237854004 -3.4e+38 -3.4e+38 18.0773582458496 18.2190742492676 17.9246215820312 18.0938549041748 18.1684379577637 17.9117736816406 17.9038524627686 18.1894989013672 18.2024803161621 18.3039512634277 -3.4e+38 -3.4e+38 -3.4e+38 -3.4e+38 -3.4e+38
-3.4e+38 -3.4e+38 -3.4e+38 -3.4e+38 -3.4e+38 -3.4e+38 -3.4e+38 -3.4e+38 14.46985912323 14.46985912323 14.46985912323 14.46985912323 14.4810400009155 14.4653434753418 14.4106245040894 -3.4e+38 14.4722805023193 14.4964838027954 14.485125541687 14.5971364974976 14.7389354705811 14.9385232925415 14.8845338821411 15.1988487243652 15.4390430450439 15.8238801956177 15.9208784103394 16.1315937042236 16.5428981781006 16.2610778808594 17.639949798584 17.8368549346924 18.06471824646 18.3305015563965 18.5564556121826 18.8008804321289 18.8940162658691 18.8353443145752 18.6493225097656 18.5381202697754 18.5325107574463 18.3407669067383 18.1400508880615 18.0419998168945 -3.4e+38 -3.4e+38 -3.4e+38
-3.4e+38 -3.4e+38 -3.4e+38 -3.4e+38 -3.4e+38 -3.4e+38 -3.4e+38 -3.4e+38 14.5010538101196 14.46985912323 14.46985912323 14.46985912323 14.46985912323 14.4922208786011 14.4886674880981 14.4106245040894 14.446099281311 14.5359134674072 14.700026512146 14.8551807403564 15.0938262939453 15.5038547515869 15.9110479354858 16.6629734039307 17.105785369873 17.5261764526367 17.6137256622314 17.5308990478516 17.7533779144287 18.0886516571045 18.4352722167969 18.7055072784424 18.9021701812744 19.2696437835693 19.7707233428955 20.1392154693604 20.322286605835 20.1865215301514 19.9135093688965 19.6779441833496 19.4665374755859 19.1823902130127 18.7214908599854 18.2403602600098 17.9183330535889 17.9084033966064 -3.4e+38
-3.4e+38 -3.4e+38 -3.4e+38 -3.4e+38 -3.4e+38 -3.4e+38 -3.4e+38 -3.4e+38 -3.4e+38 -3.4e+38 14.46985912323 14.46985912323 14.46985912323 -3.4e+38 14.5145826339722 14.5596036911011 14.6586418151855 14.8523054122925 15.0065355300903 15.3866672515869 16.0202903747559 16.4012069702148 16.4195518493652 17.8058910369873 18.6391410827637 18.9328346252441 18.976583480835 18.8664531707764 18.9098834991455 19.2437915802002 19.5171203613281 19.5394439697266 19.6145191192627 20.0526237487793 20.5311279296875 20.9692134857178 21.1610317230225 21.0863056182861 20.6966934204102 20.5076274871826 20.2380275726318 20.0477256774902 19.6276149749756 19.0958595275879 18.472261428833 17.856086730957 17.3869323730469
-3.4e+38 -3.4e+38 -3.4e+38 -3.4e+38 -3.4e+38 -3.4e+38 -3.4e+38 -3.4e+38 -3.4e+38 -3.4e+38 -3.4e+38 -3.4e+38 -3.4e+38 -3.4e+38 14.5276365280151 14.8284873962402 14.9250135421753 14.9239263534546 15.1649732589722 15.7146329879761 16.283447265625 16.5436267852783 16.8594055175781 18.0407943725586 18.9907245635986 19.374755859375 19.4609088897705 19.5619068145752 19.6655216217041 19.7622776031494 20.0040836334229 20.2366046905518 20.4809608459473 20.7768211364746 21.0248184204102 21.2417087554932 21.3830814361572 21.3952293395996 21.2317047119141 20.9218158721924 20.6919593811035 20.4896640777588 20.2881851196289 20.0157432556152 19.4711856842041 18.7027149200439 17.7850437164307
14.3408508300781 -3.4e+38 -3.4e+38 -3.4e+38 -3.4e+38 -3.4e+38 -3.4e+38 -3.4e+38 -3.4e+38 -3.4e+38 15.5028600692749 15.3121070861816 -3.4e+38 -3.4e+38 -3.4e+38 15.122049331665 15.3312835693359 15.3208494186401 15.4500312805176 15.8237819671631 16.2403316497803 16.7883529663086 17.3969841003418 18.3222312927246 19.3380527496338 19.6376514434814 19.6845226287842 19.6947822570801 19.888313293457 20.0972957611084 20.2475967407227 20.5102500915527 20.856294631958 21.0465869903564 21.2089424133301 21.4032878875732 21.5486679077148 21.5651435852051 21.4634208679199 21.2761974334717 20.9899101257324 20.7449588775635 20.5538654327393 20.4752082824707 20.0762271881104 19.2859592437744 18.3003177642822
14.3630819320679 14.3664598464966 -3.4e+38 -3.4e+38 -3.4e+38 -3.4e+38 -3.4e+38 -3.4e+38 -3.4e+38 -3.4e+38 15.8759803771973 16.1038703918457 16.154354095459 -3.4e+38 -3.4e+38 15.478343963623 15.4444971084595 15.5611143112183 15.6709632873535 15.9187822341919 16.4598846435547 17.4570083618164 18.0838489532471 19.0999660491943 19.9922580718994 20.1678256988525 20.0303688049316 20.0454959869385 20.2462215423584 20.4100818634033 20.4746646881104 20.7237968444824 21.0004463195801 21.1807594299316 21.3710536956787 21.5258560180664 21.641508102417 21.6563682556152 21.5574817657471 21.4827556610107 21.2326011657715 21.0500087738037 20.8360328674316 20.7291316986084 20.4683876037598 19.9978122711182 19.0769920349121
14.6623430252075 14.6134443283081 14.7473773956299 14.9208450317383 -3.4e+38 -3.4e+38 -3.4e+38 -3.4e+38 -3.4e+38 -3.4e+38 -3.4e+38 16.0570983886719 16.3850021362305 16.154354095459 16.3992805480957 16.0008411407471 15.8847856521606 15.5746955871582 15.5869998931885 16.0235385894775 17.6681137084961 18.6240062713623 19.3230628967285 20.0805931091309 20.7194137573242 20.8579349517822 20.5996227264404 20.7014236450195 20.9965343475342 21.0943698883057 21.080005645752 21.1459484100342 21.2827377319336 21.3734645843506 21.5036659240723 21.5717906951904 21.6394290924072 21.6789627075195 21.5699253082275 21.4740142822266 21.2922744750977 21.2589130401611 21.0840396881104 20.9562435150146 20.7673072814941 20.4513778686523 19.9541759490967
15.16783618927 15.0285120010376 14.9919748306274 15.0231838226318 -3.4e+38 -3.4e+38 -3.4e+38 -3.4e+38 15.6174087524414 15.7558145523071 15.882230758667 16.1603813171387 16.2319679260254 16.768684387207 17.1957397460938 17.3070507049561 16.5127830505371 14.9991426467896 15.3352813720703 16.0667934417725 18.4331932067871 19.8542137145996 20.6237907409668 21.1681499481201 21.4489727020264 21.4507274627686 21.3576126098633 21.5430107116699 21.6945667266846 21.6889152526855 21.56715965271 21.5924205780029 21.5835876464844 21.5064849853516 21.50048828125 21.5382556915283 21.6127433776855 21.6577053070068 21.5437812805176 21.4484519958496 21.3196182250977 21.3524303436279 21.3450355529785 21.2715454101562 21.1529426574707 20.9752292633057 20.7461090087891
15.7415628433228 15.5633497238159 15.4764347076416 15.3903970718384 15.2675447463989 15.2353038787842 15.4716386795044 15.6282653808594 15.8004713058472 16.1491641998291 16.3179531097412 15.8256387710571 16.544116973877 17.6756820678711 18.2457046508789 17.842493057251 17.3665332794189 17.4090461730957 17.0767421722412 17.8501472473145 17.8301753997803 20.542121887207 21.3806743621826 21.7145233154297 21.7669525146484 21.7987155914307 21.8519725799561 21.8938064575195 21.8749389648438 21.8329010009766 21.7327423095703 21.769063949585 21.7664451599121 21.6818752288818 21.5854835510254 21.516429901123 21.6085033416748 21.6711521148682 21.5202693939209 21.4044399261475 21.30517578125 21.3920764923096 21.4581031799316 21.4707050323486 21.4577827453613 21.3724174499512 21.1860103607178
16.3130626678467 16.3147869110107 16.271915435791 15.9760408401489 15.8075637817383 15.9832820892334 16.2307109832764 16.4631996154785 16.7296028137207 16.8598766326904 16.8349876403809 17.0232238769531 18.0912914276123 18.9999809265137 19.325511932373 19.1203956604004 18.564962387085 18.148307800293 18.6760635375977 18.9025611877441 19.7069606781006 21.2658138275146 21.8309059143066 22.0419654846191 22.1053352355957 22.1262397766113 22.1145610809326 22.0885696411133 22.0512046813965 22.0157165527344 22.0110740661621 22.0058155059814 21.9198532104492 21.8501281738281 21.7408256530762 21.590763092041 21.5829486846924 21.642204284668 21.5458526611328 21.4153537750244 21.3101902008057 21.4560050964355 21.6808910369873 21.6513252258301 21.5948677062988 21.4988384246826 21.3368949890137
17.5237197875977 17.5027904510498 17.1929531097412 16.8997383117676 17.0576229095459 17.2654705047607 17.4391136169434 17.6185054779053 17.8476600646973 18.1086254119873 18.3519992828369 18.7579383850098 19.2137775421143 19.6191120147705 19.7531585693359 19.5732231140137 19.4561710357666 19.3312473297119 19.7135276794434 20.2985248565674 21.3212585449219 21.8989276885986 22.1937408447266 22.2710399627686 22.2965126037598 22.3028221130371 22.2865142822266 22.2406635284424 22.2148685455322 22.1798038482666 22.1358680725098 22.0685176849365 21.9640693664551 21.8460426330566 21.7945861816406 21.6690807342529 21.5766735076904 21.6272201538086 21.5997791290283 21.4733238220215 21.4534358978271 21.6130237579346 21.8207912445068 21.8094005584717 21.6987476348877 21.5784320831299 21.4207439422607
18.7032337188721 18.5771408081055 18.3484783172607 18.1375350952148 18.2179718017578 18.427583694458 18.6459045410156 18.8402996063232 19.0194301605225 19.2413425445557 19.4890041351318 19.7638053894043 19.9425296783447 20.1224117279053 20.0588207244873 20.1576251983643 20.3361377716064 20.4631118774414 20.9646701812744 21.5722942352295 21.9722862243652 22.1652088165283 22.3030071258545 22.3638858795166 22.395393371582 22.4116077423096 22.4058799743652 22.3829689025879 22.3376903533936 22.3370208740234 22.3073654174805 22.1771450042725 21.9660663604736 21.7935543060303 21.7216644287109 21.7212753295898 21.6528491973877 21.6243724822998 21.6171894073486 21.5565319061279 21.6297092437744 21.7824535369873 21.8569297790527 21.8199520111084 21.8074531555176 21.6884098052979 21.5360126495361
19.8267478942871 19.7059192657471 19.4821929931641 19.2702674865723 19.1970882415771 19.3075065612793 19.498872756958 19.6919555664062 19.8409690856934 19.9307613372803 20.0744934082031 20.3729801177979 20.691463470459 20.7558269500732 20.6900959014893 20.8353881835938 21.0824222564697 21.4718894958496 21.8326511383057 22.0365676879883 22.2131519317627 22.350959777832 22.4352474212646 22.4707832336426 22.5132713317871 22.521110534668 22.5039386749268 22.4710216522217 22.4339942932129 22.428394317627 22.4481735229492 22.3620700836182 22.1390476226807 21.8761520385742 21.7661457061768 21.7346382141113 21.7151527404785 21.6804447174072 21.6592845916748 21.6897621154785 21.7682247161865 21.9150066375732 21.9264316558838 21.8780269622803 21.9224338531494 21.8528919219971 21.7141075134277
20.6356430053711 20.5173034667969 20.5665416717529 20.5184478759766 20.4091300964355 20.4061374664307 20.4787940979004 20.5911235809326 20.7259674072266 20.7915573120117 20.8686866760254 21.0536098480225 21.1644077301025 21.164924621582 21.219539642334 21.5027809143066 21.7704544067383 21.9869194030762 22.1260890960693 22.2612171173096 22.3646907806396 22.4198951721191 22.4416732788086 22.4499092102051 22.4844512939453 22.5395374298096 22.6140022277832 22.6059837341309 22.5584831237793 22.5044498443604 22.5180377960205 22.5030879974365 22.4036426544189 22.2023696899414 21.9696159362793 21.8200244903564 21.7432460784912 21.7378807067871 21.7993965148926 21.8439636230469 21.9507923126221 22.0636539459229 22.0722675323486 22.0203628540039 21.9981803894043 21.9412574768066 21.8759250640869
21.7090263366699 21.3657627105713 21.3459033966064 21.5261402130127 21.5398197174072 21.4621753692627 21.551887512207 21.6664066314697 21.7114944458008 21.6755561828613 21.6220455169678 21.5054512023926 21.4190196990967 21.4628715515137 21.6853218078613 21.9403324127197 22.0777454376221 22.1908302307129 22.2735347747803 22.3292503356934 22.3591575622559 22.3650283813477 22.3441104888916 22.3500480651855 22.4078388214111 22.4681339263916 22.5558547973633 22.6745510101318 22.6668720245361 22.597354888916 22.5965480804443 22.5900936126709 22.5932159423828 22.5532493591309 22.4361572265625 22.2142772674561 22.0272483825684 21.9376411437988 21.9350318908691 21.9736881256104 22.0591144561768 22.1658344268799 22.209644317627 22.2138671875 22.1712436676025 22.0548858642578 21.96653175354
22.0899677276611 22.0211696624756 22.1267051696777 22.1247653961182 22.1023406982422 22.0602397918701 21.9957370758057 21.8999843597412 21.8717861175537 21.7742042541504 21.6618366241455 21.6192474365234 21.6048450469971 21.702709197998 21.9317951202393 22.0907230377197 22.1797409057617 22.2278118133545 22.2547721862793 22.2719078063965 22.2730407714844 22.2353382110596 22.2389221191406 22.2685604095459 22.3453254699707 22.4094886779785 22.4781074523926 22.6007080078125 22.6934719085693 22.6767616271973 22.6766471862793 22.6995258331299 22.7143440246582 22.7359218597412 22.7696323394775 22.767894744873 22.5675926208496 22.2612533569336 22.1423969268799 22.1434173583984 22.1875553131104 22.2522735595703 22.2980194091797 22.2769012451172 22.3086471557617 22.1994247436523 22.0636940002441
