Ecospace-environmental-drivers/Outputs/ASCII-for-ecospace/Temp-surf/Temp-surf_X2007.12.asc
NCOLS 131 
NROWS 53 
XLLCORNER -98 
YLLCORNER 23.9265270233154 
CELLSIZE 0.133587792515755 
NODATA_value -3.4e+38 
[rows 0 to 20 of 53, columns 47 to 93 of 131]
-3.4e+38 -3.4e+38 -3.4e+38 -3.4e+38 -3.4e+38 -3.4e+38 -3.4e+38 -3.4e+38 -3.4e+38 -3.4e+38 -3.4e+38 -3.4e+38 -3.4e+38 -3.4e+38 -3.4e+38 -3.4e+38 -3.4e+38 -3.4e+38 -3.4e+38 -3.4e+38 -3.4e+38 -3.4e+38 -3.4e+38 -3.4e+38 -3.4e+38 -3.4e+38 -3.4e+38 -3.4e+38 -3.4e+38 -3.4e+38 -3.4e+38 -3.4e+38 -3.4e+38 -3.4e+38 -3.4e+38 -3.4e+38 -3.4e+38 -3.4e+38 -3.4e+38 -3.4e+38 -3.4e+38 -3.4e+38 -3.4e+38 -3.4e+38 -3.4e+38 -3.4e+38 -3.4e+38
-3.4e+38 -3.4e+38 -3.4e+38 -3.4e+38 -3.4e+38 -3.4e+38 -3.4e+38 -3.4e+38 -3.4e+38 -3.4e+38 -3.4e+38 -3.4e+38 -3.4e+38 -3.4e+38 -3.4e+38 -3.4e+38 -3.4e+38 -3.4e+38 -3.4e+38 -3.4e+38 -3.4e+38 -3.4e+38 -3.4e+38 -3.4e+38 -3.4e+38 -3.4e+38 -3.4e+38 -3.4e+38 -3.4e+38 -3.4e+38 -3.4e+38 -3.4e+38 -3.4e+38 -3.4e+38 -3.4e+38 -3.4e+38 -3.4e+38 -3.4e+38 -3.4e+38 -3.4e+38 -3.4e+38 -3.4e+38 -3.4e+38 -3.4e+38 -3.4e+38 -3.4e+38 -3.4e+38
-3.4e+38 -3.4e+38 -3.4e+38 -3.4e+38 -3.4e+38 -3.4e+38 -3.4e+38 -3.4e+38 -3.4e+38 -3.4e+38 -3.4e+38 -3.4e+38 -3.4e+38 -3.4e+38 -3.4e+38 -3.4e+38 -3.4e+38 -3.4e+38 -3.4e+38 -3.4e+38 -3.4e+38 -3.4e+38 -3.4e+38 -3.4e+38 -3.4e+38 -3.4e+38 -3.4e+38 17.0771179199219 17.0798377990723 -3.4e+38 -3.4e+38 -3.4e+38 -3.4e+38 -3.4e+38 -3.4e+38 -3.4e+38 -3.4e+38 -3.4e+38 -3.4e+38 -3.4e+38 -3.4e+38 -3.4e+38 -3.4e+38 -3.4e+38 -3.4e+38 -3.4e+38 -3.4e+38
-3.4e+38 -3.4e+38 -3.4e+38 -3.4e+38 -3.4e+38 -3.4e+38 -3.4e+38 -3.4e+38 -3.4e+38 -3.4e+38 -3.4e+38 -3.4e+38 -3.4e+38 -3.4e+38 -3.4e+38 -3.4e+38 -3.4e+38 -3.4e+38 -3.4e+38 -3.4e+38 -3.4e+38 -3.4e+38 -3.4e+38 -3.4e+38 -3.4e+38 -3.4e+38 -3.4e+38 17.0312213897705 17.0251865386963 -3.4e+38 -3.4e+38 -3.4e+38 -3.4e+38 -3.4e+38 -3.4e+38 -3.4e+38 -3.4e+38 -3.4e+38 -3.4e+38 -3.4e+38 -3.4e+38 -3.4e+38 -3.4e+38 -3.4e+38 -3.4e+38 -3.4e+38 -3.4e+38
-3.4e+38 -3.4e+38 -3.4e+38 -3.4e+38 -3.4e+38 -3.4e+38 -3.4e+38 -3.4e+38 -3.4e+38 16.9750347137451 16.9750347137451 16.9807891845703 16.9791011810303 -3.4e+38 -3.4e+38 -3.4e+38 -3.4e+38 -3.4e+38 16.8546772003174 16.8693370819092 16.9245338439941 16.9743118286133 17.0997200012207 17.3469696044922 17.3740940093994 17.301477432251 17.2269916534424 17.0601081848145 17.3842525482178 17.7582759857178 -3.4e+38 -3.4e+38 19.6672878265381 19.7252559661865 19.4284019470215 19.7448616027832 19.9247398376465 19.7598533630371 19.7584743499756 19.9852886199951 19.9342021942139 20.0290145874023 -3.4e+38 -3.4e+38 -3.4e+38 -3.4e+38 -3.4e+38
-3.4e+38 -3.4e+38 -3.4e+38 -3.4e+38 -3.4e+38 -3.4e+38 -3.4e+38 -3.4e+38 16.9750347137451 16.9750347137451 16.9750347137451 16.9750347137451 16.9865417480469 16.9891033172607 16.9657230377197 -3.4e+38 16.9159107208252 16.8647575378418 16.8176593780518 16.8669567108154 16.9429149627686 17.2015552520752 17.1162815093994 17.4581966400146 17.5769290924072 17.7101631164551 17.7081184387207 17.7107372283936 18.1379508972168 17.8516731262207 19.1767425537109 19.4618320465088 19.7031936645508 19.8368396759033 19.9325866699219 20.2001132965088 20.4297676086426 20.5029296875 20.4786682128906 20.3886604309082 20.3015804290771 20.0585250854492 19.8217544555664 19.7141284942627 -3.4e+38 -3.4e+38 -3.4e+38
-3.4e+38 -3.4e+38 -3.4e+38 -3.4e+38 -3.4e+38 -3.4e+38 -3.4e+38 -3.4e+38 17.0082874298096 16.9750347137451 16.9750347137451 16.9750347137451 16.9750347137451 16.9980506896973 17.0176029205322 16.9657230377197 16.9405555725098 16.8926086425781 16.8730754852295 16.8519592285156 17.0760059356689 17.5608291625977 18.0586090087891 18.6521663665771 18.7858619689941 18.8621578216553 18.9266567230225 18.9089870452881 19.1468276977539 19.4342288970947 19.8135757446289 20.2429428100586 20.3886013031006 20.3516578674316 20.6744003295898 21.1578311920166 21.4752445220947 21.4948387145996 21.3454570770264 21.2736167907715 21.222583770752 20.9460754394531 20.4810657501221 20.019889831543 19.6681728363037 19.6285610198975 -3.4e+38
-3.4e+38 -3.4e+38 -3.4e+38 -3.4e+38 -3.4e+38 -3.4e+38 -3.4e+38 -3.4e+38 -3.4e+38 -3.4e+38 16.9750347137451 16.9750347137451 16.9750347137451 -3.4e+38 17.0210647583008 17.1085910797119 17.1342926025391 17.1916484832764 17.1501865386963 17.1031398773193 17.2897605895996 18.0082321166992 18.4481010437012 19.2965488433838 19.9497528076172 20.1360626220703 19.9830284118652 19.8341751098633 19.9367446899414 20.2734699249268 20.6455707550049 20.8353824615479 20.767972946167 20.8798007965088 21.3074684143066 21.725679397583 22.0454769134521 22.0559787750244 21.9285755157471 21.7782211303711 21.7345962524414 21.5778903961182 21.1009273529053 20.6848297119141 20.1809864044189 19.6305332183838 19.0345516204834
-3.4e+38 -3.4e+38 -3.4e+38 -3.4e+38 -3.4e+38 -3.4e+38 -3.4e+38 -3.4e+38 -3.4e+38 -3.4e+38 -3.4e+38 -3.4e+38 -3.4e+38 -3.4e+38 17.0341320037842 17.3066787719727 17.3773555755615 17.3348579406738 17.4494476318359 17.4512310028076 17.6095809936523 18.2782611846924 19.0245094299316 19.7261791229248 20.858528137207 21.2996673583984 21.0144653320312 20.6426448822021 20.5359230041504 20.808048248291 21.0958137512207 21.2380084991455 21.5145206451416 21.9085235595703 22.2357940673828 22.3046646118164 22.2387046813965 22.2162990570068 22.1669597625732 22.0763988494873 21.9435749053955 21.8745155334473 21.5676231384277 21.268835067749 20.84912109375 20.4229984283447 19.6302604675293
17.4150772094727 -3.4e+38 -3.4e+38 -3.4e+38 -3.4e+38 -3.4e+38 -3.4e+38 -3.4e+38 -3.4e+38 -3.4e+38 18.2450408935547 17.8728466033936 -3.4e+38 -3.4e+38 -3.4e+38 17.6288967132568 17.7675704956055 17.7978515625 17.7448825836182 17.8213748931885 18.0007991790771 18.7888031005859 19.7384300231934 20.5518817901611 21.7002353668213 21.9828281402588 21.6514873504639 21.3180313110352 21.1578369140625 21.3334350585938 21.5488128662109 21.7291622161865 22.1979885101318 22.508415222168 22.4737033843994 22.4120864868164 22.379602432251 22.3322906494141 22.2353248596191 22.1815166473389 22.0589504241943 21.9431934356689 21.8324279785156 21.657054901123 21.3175716400146 20.9519996643066 20.3076000213623
17.3981609344482 17.4062080383301 -3.4e+38 -3.4e+38 -3.4e+38 -3.4e+38 -3.4e+38 -3.4e+38 -3.4e+38 -3.4e+38 18.7851371765137 18.8225936889648 18.770658493042 -3.4e+38 -3.4e+38 18.00852394104 18.0275764465332 18.1221828460693 18.1424140930176 18.2462902069092 18.7047634124756 19.9525623321533 20.8484058380127 21.7222919464111 22.3820171356201 22.2959995269775 21.9971694946289 21.8106899261475 21.7538433074951 21.7913131713867 21.8974437713623 22.1421890258789 22.4688129425049 22.668041229248 22.6641788482666 22.6462020874023 22.653621673584 22.4822750091553 22.2875919342041 22.2394409179688 22.1348266601562 22.0438594818115 22.0614585876465 21.8974189758301 21.6432342529297 21.3148345947266 20.7773170471191
17.6436195373535 17.6404895782471 17.891284942627 18.1255359649658 -3.4e+38 -3.4e+38 -3.4e+38 -3.4e+38 -3.4e+38 -3.4e+38 -3.4e+38 18.8053665161133 18.9285659790039 18.770658493042 18.8833084106445 18.5056457519531 18.4120712280273 18.3222579956055 18.5240993499756 18.8948745727539 20.1698799133301 21.4144439697266 22.1528625488281 22.522518157959 22.7688045501709 22.5717391967773 22.282958984375 22.1734199523926 22.2320308685303 22.3064975738525 22.4106464385986 22.5698375701904 22.7796401977539 22.9561538696289 22.9674549102783 22.8791332244873 22.8602809906006 22.7406787872314 22.4204235076904 22.3207588195801 22.2285022735596 22.188045501709 22.197847366333 22.1064529418945 21.9511852264404 21.6599712371826 21.378475189209
18.0358848571777 18.103874206543 18.2334480285645 18.2518730163574 -3.4e+38 -3.4e+38 -3.4e+38 -3.4e+38 18.7211933135986 18.7962532043457 18.7753219604492 18.9324913024902 18.8354091644287 19.1796321868896 19.5744152069092 19.9401931762695 19.3670845031738 18.3050575256348 18.9438877105713 19.9645442962646 21.4286098480225 22.3446884155273 22.6328754425049 22.8835296630859 23.0195617675781 23.025447845459 23.0023307800293 22.9925575256348 23.0958480834961 23.2030277252197 23.2796401977539 23.3242702484131 23.3195972442627 23.2902355194092 23.2319602966309 23.1321201324463 23.0060520172119 22.9356594085693 22.7188949584961 22.4943237304688 22.3708934783936 22.3300132751465 22.3251838684082 22.2787075042725 22.2234916687012 22.2117156982422 22.1410026550293
18.6327972412109 18.6844635009766 18.5373611450195 18.4667358398438 18.5828742980957 18.5721950531006 18.654203414917 18.7988567352295 18.9052658081055 19.0365581512451 19.1981258392334 18.6593456268311 19.1942520141602 20.2928066253662 20.9321842193604 20.5598258972168 20.2224674224854 20.3808212280273 20.3552589416504 21.2528171539307 21.9069004058838 22.716516494751 23.0195770263672 23.2012996673584 23.4146766662598 23.5005569458008 23.5588703155518 23.5873737335205 23.6255035400391 23.626708984375 23.6711692810059 23.6549510955811 23.6009826660156 23.5385341644287 23.4476528167725 23.3315238952637 23.2095851898193 23.0550632476807 22.9038734436035 22.7001628875732 22.5068416595459 22.4394874572754 22.4918117523193 22.4708499908447 22.4101696014404 22.3968238830566 22.4085483551025
19.4226112365723 19.4742641448975 19.0622062683105 19.0842781066895 19.2866840362549 19.301685333252 19.3994140625 19.5980281829834 19.8623752593994 19.9724979400635 20.1165142059326 20.0494194030762 20.8852806091309 21.7266120910645 22.0946922302246 21.9897155761719 21.7436389923096 21.0450553894043 21.5584392547607 22.289005279541 22.6783332824707 23.1853370666504 23.5765209197998 23.7698879241943 23.7644958496094 23.7135410308838 23.6977291107178 23.7304382324219 23.8147926330566 23.8542442321777 23.8092670440674 23.71994972229 23.6130638122559 23.5099430084229 23.426248550415 23.3584461212158 23.2993602752686 23.1837387084961 22.9873466491699 22.8124084472656 22.6561584472656 22.6115665435791 22.5820159912109 22.5828113555908 22.6135139465332 22.6144924163818 22.4904537200928
20.3264255523682 20.197193145752 19.8285484313965 19.8488540649414 20.1135349273682 20.2802486419678 20.4301300048828 20.6560153961182 20.8689727783203 20.9682464599609 21.1495971679688 21.4898681640625 22.017541885376 22.4768562316895 22.6050567626953 22.524923324585 22.4008979797363 22.3261756896973 22.7214584350586 22.972713470459 23.3122310638428 23.6231632232666 23.8678035736084 23.9100379943848 23.8750476837158 23.85032081604 23.8633937835693 23.9332866668701 23.9861011505127 23.9651069641113 23.8553562164307 23.7226543426514 23.5662822723389 23.425365447998 23.3124237060547 23.2403411865234 23.2440223693848 23.2240352630615 23.0990772247314 22.9281101226807 22.7802829742432 22.7395610809326 22.6768970489502 22.645959854126 22.714376449585 22.7731018066406 22.6433410644531
21.141019821167 20.8817443847656 20.5789585113525 20.6223468780518 20.8572978973389 21.0921878814697 21.2699337005615 21.4010124206543 21.5696773529053 21.8262729644775 22.0827903747559 22.4344902038574 22.8569965362549 23.0246429443359 22.986177444458 23.0238704681396 23.0515041351318 23.2770671844482 23.4919109344482 23.6293468475342 23.7279243469238 23.8776569366455 23.9603481292725 23.9670639038086 23.9907188415527 24.0278816223145 24.0504302978516 24.076358795166 24.094482421875 24.0622253417969 23.9664649963379 23.8364334106445 23.6573371887207 23.4718379974365 23.3213672637939 23.1678314208984 23.1660594940186 23.1946830749512 23.1478633880615 23.0486621856689 22.9202938079834 22.8526248931885 22.7751045227051 22.695613861084 22.6730270385742 22.7827682495117 22.871509552002
21.9086284637451 21.7399406433105 21.4582061767578 21.3643093109131 21.3902626037598 21.5163288116455 21.7296161651611 21.9455890655518 22.1553516387939 22.407600402832 22.6070728302002 22.8230266571045 23.098051071167 23.3309268951416 23.5078086853027 23.59401512146 23.7175617218018 23.7797584533691 23.8186683654785 23.8619232177734 23.9655113220215 24.0166854858398 24.0877170562744 24.0957412719727 24.1456260681152 24.1513423919678 24.1966094970703 24.2209072113037 24.2166080474854 24.1937236785889 24.0939311981201 23.9292774200439 23.7755279541016 23.6609210968018 23.5746574401855 23.4416999816895 23.2752456665039 23.2303733825684 23.1842060089111 23.1283397674561 23.058988571167 23.0023994445801 22.9405956268311 22.8612422943115 22.7976837158203 22.8431663513184 22.9749889373779
22.6351528167725 22.4951000213623 22.3181858062744 22.1752738952637 22.1449375152588 22.2306308746338 22.3875637054443 22.5736827850342 22.8119850158691 23.0395545959473 23.0374755859375 23.0173816680908 23.2392749786377 23.5569362640381 23.7362422943115 23.793420791626 23.8380661010742 23.9726638793945 24.0682201385498 24.0616035461426 24.0966796875 24.124044418335 24.1880207061768 24.2114772796631 24.2627639770508 24.2834796905518 24.2929439544678 24.3064651489258 24.3100337982178 24.2925128936768 24.2236061096191 24.0997714996338 23.9517707824707 23.8470726013184 23.7855911254883 23.7347412109375 23.6486721038818 23.5197734832764 23.4191398620605 23.3080615997314 23.1795215606689 23.1262798309326 23.0849914550781 23.0419960021973 22.979076385498 22.9760227203369 23.1146087646484
23.1597023010254 23.1365184783936 22.9792404174805 22.8664455413818 22.7656955718994 22.7628040313721 22.8470344543457 22.9828815460205 23.1324806213379 23.2517204284668 23.2442054748535 23.2266826629639 23.3842468261719 23.5695190429688 23.6932754516602 23.8213176727295 23.9786052703857 24.2585525512695 24.2471370697021 24.200475692749 24.2232284545898 24.2119579315186 24.2551651000977 24.338695526123 24.4038562774658 24.4256401062012 24.4067401885986 24.3730716705322 24.3814640045166 24.3918514251709 24.3291797637939 24.2334423065186 24.1186904907227 24.0332450866699 23.9882316589355 23.9724311828613 23.954418182373 23.9155197143555 23.8231868743896 23.6816444396973 23.5224437713623 23.3011627197266 23.2121601104736 23.1757164001465 23.1464519500732 23.1002178192139 23.2050590515137
23.4488430023193 23.4786548614502 23.4866466522217 23.4764671325684 23.4045333862305 23.2884998321533 23.1879825592041 23.1583881378174 23.2034339904785 23.2487621307373 23.2895240783691 23.3714733123779 23.5072822570801 23.5976810455322 23.7569179534912 24.0290908813477 24.2976150512695 24.510181427002 24.4946670532227 24.3102893829346 24.3440017700195 24.3053951263428 24.3071250915527 24.3838500976562 24.4349460601807 24.5017242431641 24.504997253418 24.4382801055908 24.4423637390137 24.4823131561279 24.4263877868652 24.3223209381104 24.2391757965088 24.1934509277344 24.1710624694824 24.1799373626709 24.1400718688965 24.1384868621826 24.1290607452393 24.0374584197998 23.8810901641846 23.6893749237061 23.4260005950928 23.3218421936035 23.3114738464355 23.2576675415039 23.2951030731201
