Ecospace-environmental-drivers/Outputs/ASCII-for-ecospace/Temp-surf/Temp-surf_X1995.04.asc
NCOLS 131 
NROWS 53 
XLLCORNER -98 
YLLCORNER 23.9265270233154 
CELLSIZE 0.133587792515755 
NODATA_value -3.4e+38 
[rows 0 to 20 of 53, columns 47 to 93 of 131]
-3.4e+38 -3.4e+38 -3.4e+38 -3.4e+38 -3.4e+38 -3.4e+38 -3.4e+38 -3.4e+38 -3.4e+38 -3.4e+38 -3.4e+38 -3.4e+38 -3.4e+38 -3.4e+38 -3.4e+38 -3.4e+38 -3.4e+38 -3.4e+38 -3.4e+38 -3.4e+38 -3.4e+38 -3.4e+38 -3.4e+38 -3.4e+38 -3.4e+38 -3.4e+38 -3.4e+38 -3.4e+38 -3.4e+38 -3.4e+38 -3.4e+38 -3.4e+38 -3.4e+38 -3.4e+38 -3.4e+38 -3.4e+38 -3.4e+38 -3.4e+38 -3.4e+38 -3.4e+38 -3.4e+38 -3.4e+38 -3.4e+38 -3.4e+38 -3.4e+38 -3.4e+38 -3.4e+38
-3.4e+38 -3.4e+38 -3.4e+38 -3.4e+38 -3.4e+38 -3.4e+38 -3.4e+38 -3.4e+38 -3.4e+38 -3.4e+38 -3.4e+38 -3.4e+38 -3.4e+38 -3.4e+38 -3.4e+38 -3.4e+38 -3.4e+38 -3.4e+38 -3.4e+38 -3.4e+38 -3.4e+38 -3.4e+38 -3.4e+38 -3.4e+38 -3.4e+38 -3.4e+38 -3.4e+38 -3.4e+38 -3.4e+38 -3.4e+38 -3.4e+38 -3.4e+38 -3.4e+38 -3.4e+38 -3.4e+38 -3.4e+38 -3.4e+38 -3.4e+38 -3.4e+38 -3.4e+38 -3.4e+38 -3.4e+38 -3.4e+38 -3.4e+38 -3.4e+38 -3.4e+38 -3.4e+38
-3.4e+38 -3.4e+38 -3.4e+38 -3.4e+38 -3.4e+38 -3.4e+38 -3.4e+38 -3.4e+38 -3.4e+38 -3.4e+38 -3.4e+38 -3.4e+38 -3.4e+38 -3.4e+38 -3.4e+38 -3.4e+38 -3.4e+38 -3.4e+38 -3.4e+38 -3.4e+38 -3.4e+38 -3.4e+38 -3.4e+38 -3.4e+38 -3.4e+38 -3.4e+38 -3.4e+38 23.1637229919434 23.1635513305664 -3.4e+38 -3.4e+38 -3.4e+38 -3.4e+38 -3.4e+38 -3.4e+38 -3.4e+38 -3.4e+38 -3.4e+38 -3.4e+38 -3.4e+38 -3.4e+38 -3.4e+38 -3.4e+38 -3.4e+38 -3.4e+38 -3.4e+38 -3.4e+38
-3.4e+38 -3.4e+38 -3.4e+38 -3.4e+38 -3.4e+38 -3.4e+38 -3.4e+38 -3.4e+38 -3.4e+38 -3.4e+38 -3.4e+38 -3.4e+38 -3.4e+38 -3.4e+38 -3.4e+38 -3.4e+38 -3.4e+38 -3.4e+38 -3.4e+38 -3.4e+38 -3.4e+38 -3.4e+38 -3.4e+38 -3.4e+38 -3.4e+38 -3.4e+38 -3.4e+38 23.0399684906006 22.9739513397217 -3.4e+38 -3.4e+38 -3.4e+38 -3.4e+38 -3.4e+38 -3.4e+38 -3.4e+38 -3.4e+38 -3.4e+38 -3.4e+38 -3.4e+38 -3.4e+38 -3.4e+38 -3.4e+38 -3.4e+38 -3.4e+38 -3.4e+38 -3.4e+38
-3.4e+38 -3.4e+38 -3.4e+38 -3.4e+38 -3.4e+38 -3.4e+38 -3.4e+38 -3.4e+38 -3.4e+38 23.5143909454346 23.5143909454346 23.5190677642822 23.4999389648438 -3.4e+38 -3.4e+38 -3.4e+38 -3.4e+38 -3.4e+38 23.3110771179199 23.2754364013672 23.3223743438721 23.3060855865479 23.2548809051514 23.3971557617188 23.4042358398438 23.2796497344971 23.0892391204834 22.9149475097656 23.0680294036865 23.4613819122314 -3.4e+38 -3.4e+38 21.9118213653564 21.8417644500732 22.0423450469971 21.7539596557617 21.6616535186768 21.8203716278076 21.848611831665 21.6417865753174 21.6754188537598 21.5648498535156 -3.4e+38 -3.4e+38 -3.4e+38 -3.4e+38 -3.4e+38
-3.4e+38 -3.4e+38 -3.4e+38 -3.4e+38 -3.4e+38 -3.4e+38 -3.4e+38 -3.4e+38 23.5143909454346 23.5143909454346 23.5143909454346 23.5143909454346 23.5237445831299 23.5039958953857 23.4576225280762 -3.4e+38 23.4551734924316 23.4381675720215 23.3069972991943 23.2237071990967 23.0819759368896 23.055139541626 23.0025577545166 23.1136837005615 22.990306854248 22.7881450653076 22.6569271087646 22.7937393188477 22.9669895172119 23.4179515838623 22.1931838989258 22.068265914917 21.9245185852051 21.7426795959473 21.6575126647949 21.5161437988281 21.4454860687256 21.3927211761475 21.3863353729248 21.4097328186035 21.4209976196289 21.5091114044189 21.6538715362549 21.800666809082 -3.4e+38 -3.4e+38 -3.4e+38
-3.4e+38 -3.4e+38 -3.4e+38 -3.4e+38 -3.4e+38 -3.4e+38 -3.4e+38 -3.4e+38 23.5218086242676 23.5143909454346 23.5143909454346 23.5143909454346 23.5143909454346 23.5331001281738 23.5108737945557 23.4576225280762 23.4761543273926 23.4487533569336 23.41330909729 23.2823143005371 22.9669494628906 22.7527198791504 22.3618011474609 22.1464233398438 22.027889251709 21.8925037384033 21.7852020263672 21.7561378479004 21.7239685058594 21.7067623138428 21.6582832336426 21.6385955810547 21.6011123657227 21.5524291992188 21.5522346496582 21.5531158447266 21.6178283691406 21.5745525360107 21.4345378875732 21.3556213378906 21.2996463775635 21.3012676239014 21.3605804443359 21.4848403930664 21.7380294799805 21.7736396789551 -3.4e+38
-3.4e+38 -3.4e+38 -3.4e+38 -3.4e+38 -3.4e+38 -3.4e+38 -3.4e+38 -3.4e+38 -3.4e+38 -3.4e+38 23.5143909454346 23.5143909454346 23.5143909454346 -3.4e+38 23.5518074035645 23.5196723937988 23.5980758666992 23.6625080108643 23.6061515808105 23.4920654296875 23.2917442321777 22.8870639801025 21.953950881958 21.6587600708008 21.6997108459473 21.7026634216309 21.6478519439697 21.6182727813721 21.6062088012695 21.5815315246582 21.6090221405029 21.688060760498 21.7311325073242 21.7944679260254 21.8952827453613 22.0246391296387 21.9980964660645 21.8917980194092 21.7533092498779 21.6490383148193 21.5754852294922 21.3947982788086 21.3279705047607 21.3684673309326 21.4403743743896 21.7161254882812 22.2000274658203
-3.4e+38 -3.4e+38 -3.4e+38 -3.4e+38 -3.4e+38 -3.4e+38 -3.4e+38 -3.4e+38 -3.4e+38 -3.4e+38 -3.4e+38 -3.4e+38 -3.4e+38 -3.4e+38 23.5511131286621 23.6414165496826 23.6669788360596 23.6840038299561 23.6772575378418 23.6566352844238 23.4145488739014 23.0516605377197 21.8828945159912 21.6183395385742 21.6936931610107 21.7178344726562 21.7069797515869 21.7242164611816 21.7684516906738 21.8169078826904 21.8893985748291 21.9273891448975 21.9742736816406 22.0903854370117 22.1878242492676 22.1458568572998 22.1161937713623 22.0758895874023 21.977108001709 21.8649959564209 21.7804355621338 21.6724414825439 21.4277229309082 21.3597431182861 21.3501663208008 21.4350662231445 21.8190822601318
23.4603500366211 -3.4e+38 -3.4e+38 -3.4e+38 -3.4e+38 -3.4e+38 -3.4e+38 -3.4e+38 -3.4e+38 -3.4e+38 23.7408809661865 23.7146606445312 -3.4e+38 -3.4e+38 -3.4e+38 23.6979103088379 23.7563762664795 23.8067951202393 23.7521781921387 23.6722640991211 23.4042720794678 22.7544937133789 21.8924922943115 21.8122577667236 21.8191146850586 21.8633308410645 21.8456001281738 21.8557643890381 21.9325695037842 22.00954246521 22.0612506866455 22.0835800170898 22.1777515411377 22.3107395172119 22.3575477600098 22.2982692718506 22.2833595275879 22.2706813812256 22.2047729492188 22.1571140289307 22.06321144104 21.8334712982178 21.5237407684326 21.4080009460449 21.3566207885742 21.3904571533203 21.5879611968994
23.375467300415 23.3979434967041 -3.4e+38 -3.4e+38 -3.4e+38 -3.4e+38 -3.4e+38 -3.4e+38 -3.4e+38 -3.4e+38 23.8068542480469 23.8556480407715 23.9149303436279 -3.4e+38 -3.4e+38 23.7625274658203 23.7781200408936 23.892448425293 23.758960723877 23.4911918640137 23.0272521972656 22.2798347473145 21.9604206085205 21.9942054748535 22.021936416626 22.1485366821289 22.0763397216797 22.0022201538086 22.0174465179443 22.0917377471924 22.2082118988037 22.3018474578857 22.3940124511719 22.5132904052734 22.496150970459 22.452672958374 22.4313621520996 22.400505065918 22.3685150146484 22.3727550506592 22.2590255737305 21.984691619873 21.6150150299072 21.4601726531982 21.3860874176025 21.3811168670654 21.5122337341309
23.456449508667 23.4694232940674 23.5721282958984 23.6463737487793 -3.4e+38 -3.4e+38 -3.4e+38 -3.4e+38 -3.4e+38 -3.4e+38 -3.4e+38 23.813159942627 23.8958702087402 23.9149303436279 23.7391986846924 23.6948699951172 23.8698692321777 23.774341583252 23.4220237731934 22.8214359283447 22.1950492858887 22.0464267730713 22.2012939453125 22.1718006134033 22.2969875335693 22.4392051696777 22.3806190490723 22.1988964080811 22.176794052124 22.3360977172852 22.4159603118896 22.4976100921631 22.6230754852295 22.7322940826416 22.7777767181396 22.7178535461426 22.6634941101074 22.6195106506348 22.5615100860596 22.5375938415527 22.5240058898926 22.2975730895996 21.8418788909912 21.5630645751953 21.4623165130615 21.3701591491699 21.3397083282471
23.2063789367676 23.4387531280518 23.6136703491211 23.7533206939697 -3.4e+38 -3.4e+38 -3.4e+38 -3.4e+38 23.8290557861328 23.8332481384277 23.7640151977539 23.7013759613037 23.8623027801514 23.9103775024414 23.3689613342285 23.3279609680176 23.5263729095459 23.3163375854492 23.2530670166016 22.5052928924561 21.9265365600586 22.23486328125 22.4598903656006 22.4535236358643 22.5506820678711 22.6014671325684 22.6042785644531 22.3445053100586 22.3480091094971 22.4896755218506 22.6217346191406 22.8072509765625 22.8879852294922 22.9003295898438 22.8717212677002 22.8616733551025 22.8651905059814 22.8593196868896 22.858865737915 22.8253345489502 22.7925853729248 22.7595710754395 22.4714870452881 21.9792327880859 21.6008701324463 21.4468154907227 21.3573741912842
22.9703807830811 23.138843536377 23.304370880127 23.5094051361084 23.6730422973633 23.6099224090576 23.6840534210205 23.7259216308594 23.7638759613037 23.7888507843018 23.8013038635254 23.6684970855713 23.4107627868652 23.0171089172363 22.8212966918945 23.0719890594482 23.5076904296875 23.6180095672607 23.4220943450928 22.7845802307129 22.0070095062256 22.3899917602539 22.5953521728516 22.681791305542 22.7349605560303 22.756929397583 22.679874420166 22.4868259429932 22.5663623809814 22.7364883422852 22.8849582672119 22.9056797027588 22.8507061004639 22.8208599090576 22.8188343048096 22.8437156677246 22.8653354644775 22.8923320770264 22.9138565063477 22.8967170715332 22.9330348968506 22.9320697784424 22.8956317901611 22.7219848632812 22.4319610595703 21.9863357543945 21.5752296447754
22.8198642730713 22.9053726196289 23.0183582305908 23.2890663146973 23.5271797180176 23.599308013916 23.6880149841309 23.753734588623 23.7199935913086 23.6309833526611 23.4159355163574 22.8958263397217 22.7118740081787 22.5752029418945 22.5294990539551 22.5271549224854 22.7056941986084 24.0033493041992 24.0237903594971 23.2348194122314 22.5415515899658 22.5954113006592 22.5626773834229 22.5736465454102 22.6336421966553 22.6878662109375 22.6289291381836 22.6263675689697 22.6900100708008 22.7609424591064 22.8366622924805 22.7626457214355 22.7009544372559 22.7491722106934 22.7972202301025 22.8287963867188 22.8459587097168 22.8367500305176 22.8891658782959 22.9255123138428 22.9615039825439 23.0129108428955 23.0302810668945 22.9795093536377 22.7886695861816 22.49977684021 21.9241333007812
22.4391059875488 22.5727443695068 22.7157001495361 22.9301910400391 23.0204200744629 23.0210647583008 22.99560546875 22.9628200531006 22.924976348877 22.7574691772461 22.6876354217529 22.630973815918 22.6198883056641 22.6180839538574 22.5815162658691 22.4968872070312 22.432409286499 22.7769508361816 22.5998916625977 22.5745182037354 22.8031044006348 23.0130977630615 23.0208511352539 22.8821277618408 22.643030166626 22.6195812225342 22.6280994415283 22.6638202667236 22.6753368377686 22.7832641601562 22.792163848877 22.724458694458 22.7104892730713 22.7916297912598 22.8875942230225 22.9466323852539 22.9367904663086 22.9383430480957 22.999828338623 23.0389156341553 23.0329513549805 23.0817489624023 23.0943813323975 23.1329326629639 23.0033149719238 22.7631015777588 22.2640419006348
22.3139343261719 22.3977909088135 22.4189586639404 22.5579605102539 22.6851940155029 22.6514053344727 22.5477809906006 22.5317058563232 22.5734558105469 22.5426540374756 22.6474170684814 22.7107410430908 22.8222694396973 22.8944778442383 22.9397144317627 22.8681011199951 22.7929668426514 22.8696308135986 23.0527858734131 23.1668586730957 23.3239307403564 23.4683418273926 23.4883689880371 23.3624572753906 22.9458961486816 22.6715526580811 22.6474800109863 22.6814613342285 22.6656856536865 22.7679767608643 22.723690032959 22.7015438079834 22.7720813751221 22.9604511260986 23.0988388061523 23.1173553466797 23.0724658966064 23.0543098449707 23.0904273986816 23.1907444000244 23.2196350097656 23.2519016265869 23.2078132629395 23.1902770996094 23.1614170074463 22.9771289825439 22.6654796600342
22.3335437774658 22.376033782959 22.3913917541504 22.4107532501221 22.4103374481201 22.4360046386719 22.4424095153809 22.5477390289307 22.6085357666016 22.5876712799072 22.5939254760742 22.6271896362305 22.8697547912598 23.225736618042 23.345645904541 23.3838024139404 23.4745922088623 23.5715751647949 23.6706485748291 23.7704296112061 23.8232650756836 23.8932342529297 23.9396743774414 23.9334774017334 23.7526741027832 23.340950012207 22.9143085479736 22.7167301177979 22.6668720245361 22.6858577728271 22.7419281005859 22.7220649719238 22.8481483459473 23.035888671875 23.1385669708252 23.1556358337402 23.1138572692871 23.123477935791 23.193696975708 23.3842639923096 23.4459400177002 23.4522686004639 23.4200325012207 23.3414974212646 23.2582397460938 23.079496383667 22.9760475158691
22.2821216583252 22.3148212432861 22.363712310791 22.3570003509521 22.3632755279541 22.4048461914062 22.4010734558105 22.4546318054199 22.4921474456787 22.5538940429688 22.6167659759521 22.897668838501 23.3176231384277 23.4669990539551 23.4659099578857 23.4904727935791 23.6428833007812 23.8395977020264 24.0379486083984 24.2247276306152 24.3479022979736 24.395959854126 24.3940887451172 24.3469295501709 24.1868343353271 23.9821548461914 23.6494026184082 23.2295169830322 22.8810691833496 22.7366790771484 22.7323932647705 22.7873764038086 22.8300361633301 23.0749645233154 23.1710910797119 23.180643081665 23.166919708252 23.1767997741699 23.3374538421631 23.5364646911621 23.5494194030762 23.5168380737305 23.5184307098389 23.5111103057861 23.3493099212646 23.2941112518311 23.1042976379395
22.5126285552979 22.5188846588135 22.4925003051758 22.4368553161621 22.4136276245117 22.4585247039795 22.506010055542 22.5578269958496 22.7313098907471 22.9631805419922 23.19167137146 23.4113483428955 23.514892578125 23.5628929138184 23.6501407623291 23.8207454681396 23.9975814819336 24.2065124511719 24.455249786377 24.6107406616211 24.6766605377197 24.6967449188232 24.6983127593994 24.6767635345459 24.572546005249 24.310209274292 24.0993175506592 23.8133773803711 23.4967231750488 23.1283016204834 22.8989562988281 22.7719879150391 22.8452110290527 23.0575523376465 23.1746788024902 23.1904964447021 23.2031993865967 23.2912502288818 23.4970798492432 23.615816116333 23.6238975524902 23.6230487823486 23.643102645874 23.6141262054443 23.5222072601318 23.5592155456543 23.4062805175781
22.5677509307861 22.6234874725342 22.8055934906006 22.8600959777832 22.9326038360596 23.0023307800293 23.0737209320068 23.1559410095215 23.2981262207031 23.4008464813232 23.5319709777832 23.6889686584473 23.7879333496094 23.9294452667236 24.0065650939941 24.087423324585 24.2610569000244 24.5890331268311 24.7742862701416 24.8651943206787 24.9108772277832 24.9358177185059 24.9107780456543 24.8840084075928 24.7913417816162 24.6432781219482 24.336404800415 24.1458187103271 23.9196929931641 23.6487865447998 23.3464279174805 23.0666465759277 22.8418407440186 23.0162544250488 23.2013282775879 23.2133483886719 23.2396774291992 23.3641414642334 23.6258163452148 23.7117118835449 23.7446880340576 23.8310127258301 23.9353008270264 23.8177032470703 23.7001094818115 23.6888484954834 23.763822555542
