Ecospace-environmental-drivers/Outputs/ASCII-for-ecospace/Temp-surf/Temp-surf_X1998.05.asc
NCOLS 131 
NROWS 53 
XLLCORNER -98 
YLLCORNER 23.9265270233154 
CELLSIZE 0.133587792515755 
NODATA_value -3.4e+38 
[rows 21 to 41 of 53, columns 47 to 93 of 131]
25.3476657867432 25.3920955657959 25.4146518707275 25.4331111907959 25.4533996582031 25.4851493835449 25.548511505127 25.6010093688965 25.6420650482178 25.7109508514404 25.8368797302246 25.9727439880371 25.9867496490479 25.9383487701416 25.8942413330078 25.8674793243408 25.8847789764404 25.8680057525635 25.7782230377197 25.7365188598633 25.7183990478516 25.7946224212646 25.9031410217285 25.908618927002 25.886173248291 25.9002208709717 25.94211769104 26.0470294952393 26.1062049865723 26.1244354248047 26.1693801879883 26.1451263427734 26.1170692443848 26.1268100738525 26.1879653930664 26.2195529937744 26.2926044464111 26.3716773986816 26.432559967041 26.4172248840332 26.456563949585 26.4856739044189 26.467170715332 26.445671081543 26.4352493286133 26.3993625640869 26.2777500152588
25.4020824432373 25.4205455780029 25.4482746124268 25.4772872924805 25.5118923187256 25.551736831665 25.5824584960938 25.6013965606689 25.6275806427002 25.7164516448975 25.9230270385742 26.0308685302734 26.019115447998 26.0017776489258 25.9807243347168 26.0109062194824 26.0108070373535 25.9923725128174 25.9049797058105 25.7740573883057 25.683708190918 25.6504878997803 25.6766738891602 25.7333278656006 25.7629051208496 25.7847862243652 25.8585395812988 25.966459274292 26.1328659057617 26.20237159729 26.2275352478027 26.212797164917 26.2479305267334 26.2924919128418 26.3118114471436 26.341438293457 26.3607559204102 26.4061336517334 26.4425487518311 26.4353675842285 26.4029960632324 26.4257202148438 26.4584293365479 26.4666385650635 26.4741764068604 26.4570789337158 26.3426418304443
25.5338745117188 25.5765705108643 25.6043968200684 25.6311016082764 25.6636772155762 25.69606590271 25.7259922027588 25.7419776916504 25.7332096099854 25.7869777679443 25.9464550018311 26.0580673217773 26.0375804901123 26.0423240661621 26.0142040252686 26.0377292633057 26.051399230957 26.0505619049072 25.9986553192139 25.9075889587402 25.8247833251953 25.7383403778076 25.6901550292969 25.6614303588867 25.6164875030518 25.6364650726318 25.7656593322754 25.8863964080811 26.0648593902588 26.2878017425537 26.2893352508545 26.2986907958984 26.3288688659668 26.2958583831787 26.3196411132812 26.3262500762939 26.3581085205078 26.3416519165039 26.3651809692383 26.3994636535645 26.3375797271729 26.3206272125244 26.3778953552246 26.4308490753174 26.4612407684326 26.4715309143066 26.4442043304443
25.7513065338135 25.7743167877197 25.7964382171631 25.8245868682861 25.8379344940186 25.8687286376953 25.9069366455078 25.9339122772217 25.9256248474121 25.9365844726562 25.992504119873 26.0618686676025 26.1124095916748 26.1104278564453 26.1422233581543 26.1671829223633 26.1755447387695 26.1672916412354 26.155668258667 26.092378616333 26.0246906280518 25.9518375396729 25.8698272705078 25.8169727325439 25.7470417022705 25.7095489501953 25.7420177459717 25.7960472106934 25.9748878479004 26.2398376464844 26.3129405975342 26.3078022003174 26.2960338592529 26.2507648468018 26.2604579925537 26.2682876586914 26.2802982330322 26.2708339691162 26.3099746704102 26.3295803070068 26.2619113922119 26.237377166748 26.2893657684326 26.3475360870361 26.4045505523682 26.422191619873 26.4334526062012
25.920597076416 25.9286956787109 25.9362449645996 25.9340744018555 25.9773273468018 26.0237369537354 26.0591640472412 26.0843601226807 26.0864028930664 26.0843849182129 26.0952167510986 26.0878791809082 26.1069507598877 26.1333274841309 26.1561107635498 26.1797313690186 26.1979713439941 26.200569152832 26.1874580383301 26.1557216644287 26.1260070800781 26.0895576477051 26.0647659301758 26.0394496917725 25.9760036468506 25.8945770263672 25.8602523803711 25.7948913574219 25.8698863983154 26.1072101593018 26.3041725158691 26.2939548492432 26.2493381500244 26.1752433776855 26.1679058074951 26.1747913360596 26.1741104125977 26.184627532959 26.2047920227051 26.1553916931152 26.1062908172607 26.1486015319824 26.2135925292969 26.2790222167969 26.3282928466797 26.3776092529297 26.4056129455566
26.0255851745605 26.0214328765869 26.0294322967529 26.0771942138672 26.1283264160156 26.2101573944092 26.237283706665 26.1962833404541 26.1604824066162 26.1431999206543 26.1641311645508 26.2207145690918 26.2418918609619 26.2470455169678 26.2341651916504 26.2152061462402 26.2072429656982 26.2310199737549 26.2365379333496 26.2374668121338 26.264331817627 26.2288398742676 26.2210121154785 26.2007389068604 26.1443424224854 26.0405883789062 25.9866828918457 25.9265270233154 25.8423595428467 25.932596206665 26.1964302062988 26.272180557251 26.232307434082 26.1673030853271 26.1418743133545 26.1313629150391 26.1467380523682 26.1593341827393 26.1131801605225 25.9967403411865 26.0349655151367 26.101583480835 26.1868286132812 26.2588424682617 26.3131275177002 26.3633251190186 26.4026069641113
26.1153831481934 26.1517925262451 26.1927738189697 26.229564666748 26.2647495269775 26.2641315460205 26.2273941040039 26.1956672668457 26.1859588623047 26.1711387634277 26.1473426818848 26.1371746063232 26.1873226165771 26.2203922271729 26.2290019989014 26.2515563964844 26.2586231231689 26.2468013763428 26.2405452728271 26.2335643768311 26.2231101989746 26.2268161773682 26.228588104248 26.2364368438721 26.2323589324951 26.1529560089111 26.0814514160156 26.0505905151367 25.9660835266113 25.876070022583 26.0297470092773 26.2314586639404 26.2400379180908 26.2016544342041 26.1711578369141 26.1300239562988 26.1201248168945 26.0607242584229 25.9434204101562 25.958122253418 26.0372886657715 26.147289276123 26.2367095947266 26.3050899505615 26.3566875457764 26.4158573150635 26.4406585693359
26.1593608856201 26.20458984375 26.213134765625 26.2022285461426 26.1836318969727 26.1784477233887 26.1809043884277 26.1497039794922 26.1091632843018 26.0779075622559 26.0546073913574 26.1157169342041 26.1856231689453 26.221170425415 26.2527637481689 26.2769775390625 26.307502746582 26.2945308685303 26.2778854370117 26.2686901092529 26.241340637207 26.2452716827393 26.2400207519531 26.2484188079834 26.2784996032715 26.2489547729492 26.153076171875 26.137580871582 26.1006031036377 25.9952354431152 25.9405956268311 26.1305961608887 26.2415294647217 26.2163639068604 26.1761589050293 26.0966129302979 25.9950275421143 25.8898620605469 25.9201278686523 25.9958629608154 26.107048034668 26.2366981506348 26.3056869506836 26.3845996856689 26.4330444335938 26.4763088226318 26.4721908569336
26.1215438842773 26.1117515563965 26.0862293243408 26.0826625823975 26.0866088867188 26.071870803833 26.0348587036133 26.0082340240479 26.0446662902832 26.0388622283936 26.05446434021 26.1323204040527 26.1835098266602 26.206018447876 26.2292251586914 26.2686595916748 26.2866706848145 26.2788848876953 26.2783546447754 26.2652950286865 26.2780284881592 26.2411689758301 26.2537937164307 26.2601203918457 26.2714023590088 26.2747211456299 26.2101078033447 26.1586780548096 26.1903533935547 26.1236457824707 25.9982872009277 25.9903354644775 26.1901359558105 26.2093048095703 26.13161277771 26.0223140716553 25.8704586029053 25.9086685180664 25.9973678588867 26.1207580566406 26.2563934326172 26.3070316314697 26.3869190216064 26.4583492279053 26.4499206542969 26.4678516387939 26.4716415405273
26.0433940887451 26.0533046722412 26.0344619750977 26.0337295532227 26.0154247283936 25.9792518615723 25.9689807891846 25.9722862243652 25.9963417053223 26.0181083679199 26.0847358703613 26.1481018066406 26.1985416412354 26.2349681854248 26.2628593444824 26.2648239135742 26.2632122039795 26.2768821716309 26.282320022583 26.2931900024414 26.2933197021484 26.2675743103027 26.2748718261719 26.274808883667 26.2635841369629 26.2917633056641 26.2574081420898 26.2279033660889 26.2168045043945 26.2116298675537 26.1083507537842 26.0073261260986 26.0181655883789 26.107177734375 26.0508041381836 25.8976612091064 25.9175720214844 26.0168437957764 26.1258411407471 26.2660694122314 26.3108539581299 26.3650455474854 26.4301815032959 26.4350662231445 26.4489612579346 26.4593563079834 26.4687633514404
25.9860591888428 25.9709663391113 25.9347534179688 25.8969383239746 25.9074611663818 25.8908538818359 25.8689098358154 25.9272594451904 26.0068759918213 26.0723876953125 26.1401519775391 26.1901206970215 26.2121772766113 26.228910446167 26.2343139648438 26.2441005706787 26.247579574585 26.2559967041016 26.2627010345459 26.2715454101562 26.2828273773193 26.2825775146484 26.2646541595459 26.270975112915 26.2617740631104 26.3094902038574 26.2678127288818 26.2583560943604 26.2441177368164 26.2542381286621 26.1901512145996 26.0865230560303 25.9792022705078 25.9256019592285 25.8929996490479 25.942102432251 26.0502853393555 26.1505813598633 26.2439613342285 26.3122978210449 26.3438777923584 26.4293441772461 26.4342021942139 26.4510231018066 26.4352378845215 26.4581508636475 26.5519199371338
25.8841781616211 25.9048671722412 25.8745918273926 25.8440265655518 25.7860107421875 25.7609024047852 25.8711357116699 25.9936599731445 26.0631694793701 26.1201190948486 26.1726970672607 26.1881809234619 26.2018814086914 26.2085227966309 26.1986312866211 26.2213554382324 26.2485828399658 26.2284679412842 26.2449054718018 26.2651271820068 26.2687244415283 26.30006980896 26.2894268035889 26.2643489837646 26.2607803344727 26.2952632904053 26.2777423858643 26.2517948150635 26.2464733123779 26.2859477996826 26.2269020080566 26.1186428070068 25.962423324585 25.8546695709229 25.9304828643799 26.044340133667 26.1367378234863 26.203296661377 26.2943935394287 26.3310718536377 26.4078521728516 26.4262886047363 26.4642276763916 26.4582538604736 26.4825744628906 26.5243301391602 26.5405406951904
25.809720993042 25.7648029327393 25.7350215911865 25.7404899597168 25.796817779541 25.8562793731689 25.9268112182617 26.0412483215332 26.1060962677002 26.1358261108398 26.1521854400635 26.1625804901123 26.1614532470703 26.1611747741699 26.1726856231689 26.1875610351562 26.2101135253906 26.2091865539551 26.2299327850342 26.2595043182373 26.2756385803223 26.2801208496094 26.3058395385742 26.3002071380615 26.254768371582 26.2749462127686 26.300594329834 26.2267818450928 26.2313251495361 26.2780952453613 26.2099571228027 26.0940284729004 26.0009708404541 25.9897785186768 26.0053997039795 26.0748271942139 26.1399555206299 26.2149105072021 26.261173248291 26.3669948577881 26.4063510894775 26.4399566650391 26.5095310211182 26.5266494750977 26.4918060302734 26.484827041626 26.4675941467285
25.6107635498047 25.6253051757812 25.7557106018066 25.8286304473877 25.8552627563477 25.8456058502197 25.9584922790527 26.0828990936279 26.1305999755859 26.1300487518311 26.1272792816162 26.1258583068848 26.1260776519775 26.1423397064209 26.1652393341064 26.2008895874023 26.2140884399414 26.2338981628418 26.2467002868652 26.2461032867432 26.2493362426758 26.2555122375488 26.2581577301025 26.2796974182129 26.2674217224121 26.2682647705078 26.3096141815186 26.2190341949463 26.2177181243896 26.2405586242676 26.1436557769775 26.1188983917236 26.1879062652588 26.1232757568359 26.0510425567627 26.1018047332764 26.1547660827637 26.2285499572754 26.2608909606934 26.3819789886475 26.4105396270752 26.4799060821533 26.5253429412842 26.4933891296387 26.4649562835693 26.4230575561523 26.3684902191162
25.5834140777588 25.7526531219482 25.8247318267822 25.8306274414062 25.8354873657227 25.8500862121582 26.0213394165039 26.1042709350586 26.1079502105713 26.0791759490967 26.0826549530029 26.1063690185547 26.1182060241699 26.1351890563965 26.1565837860107 26.1898441314697 26.2238922119141 26.2402496337891 26.2232265472412 26.2329540252686 26.2273559570312 26.2227630615234 26.2172985076904 26.2244930267334 26.2363700866699 26.2418079376221 26.2982769012451 26.2161483764648 26.2032470703125 26.2321586608887 26.1361522674561 26.2208862304688 26.2706756591797 26.1998920440674 26.1018447875977 26.1291313171387 26.2110443115234 26.2568206787109 26.3375072479248 26.4000492095947 26.3897361755371 26.4243354797363 26.4490013122559 26.4410915374756 26.4396438598633 26.4377727508545 26.4534473419189
25.7115745544434 25.7878494262695 25.7940616607666 25.8271446228027 25.835657119751 25.9161624908447 26.0732536315918 26.1141777038574 26.0806140899658 26.0581474304199 26.0776023864746 26.0933322906494 26.0967693328857 26.1181106567383 26.146411895752 26.1625728607178 26.1686096191406 26.1811542510986 26.1952362060547 26.1959552764893 26.1890735626221 26.1966972351074 26.2105255126953 26.2302894592285 26.2222805023193 26.2010707855225 26.2336921691895 26.2141036987305 26.1813297271729 26.2050437927246 26.1448402404785 26.2578296661377 26.3130416870117 26.2501583099365 26.1420059204102 26.1787662506104 26.2649631500244 26.2983226776123 26.4104862213135 26.4317378997803 26.4193935394287 26.4098491668701 26.4270648956299 26.4587059020996 26.4855422973633 26.4996547698975 26.4811496734619
25.7503452301025 25.7537841796875 25.7900829315186 25.8359394073486 25.8445262908936 25.9896755218506 26.1008148193359 26.1076183319092 26.0392818450928 26.0574245452881 26.0802268981934 26.0947780609131 26.1208591461182 26.1407108306885 26.1381664276123 26.1435165405273 26.1504173278809 26.1599082946777 26.171947479248 26.170389175415 26.1681213378906 26.1821994781494 26.1877861022949 26.2068748474121 26.207332611084 26.1786956787109 26.184549331665 26.2028770446777 26.1819286346436 26.178524017334 26.0978145599365 26.2009868621826 26.3123550415039 26.265926361084 26.1950702667236 26.2288284301758 26.2862434387207 26.3459968566895 26.4699535369873 26.5078468322754 26.5124282836914 26.5154762268066 26.4969921112061 26.4734630584717 26.4498901367188 26.4270782470703 26.4063606262207
25.7230682373047 25.7350196838379 25.795841217041 25.8377933502197 25.9080810546875 26.0484619140625 26.1227970123291 26.0732135772705 26.0333652496338 26.0629940032959 26.0767288208008 26.0933494567871 26.1067638397217 26.1163997650146 26.1167469024658 26.1205158233643 26.1206359863281 26.1308746337891 26.129264831543 26.1463470458984 26.1459426879883 26.1508636474609 26.1489391326904 26.1960983276367 26.180835723877 26.1561832427979 26.1834411621094 26.1738681793213 26.1888866424561 26.1315288543701 26.0678405761719 26.126895904541 26.2371025085449 26.2694778442383 26.2217617034912 26.254243850708 26.2807865142822 26.374137878418 26.5135250091553 26.5840148925781 26.606424331665 26.6066036224365 26.5937995910645 26.580509185791 26.5689125061035 26.5457935333252 26.5388278961182
25.6845054626465 25.7219562530518 25.8032493591309 25.8882007598877 25.9456787109375 26.0845317840576 26.1209297180176 26.0800304412842 26.0599212646484 26.0664806365967 26.061918258667 26.0763702392578 26.0818691253662 26.0911712646484 26.1116886138916 26.101619720459 26.0918140411377 26.1120567321777 26.1470851898193 26.1303577423096 26.1110153198242 26.1176376342773 26.1284961700439 26.168327331543 26.152473449707 26.1389141082764 26.1638965606689 26.1571025848389 26.1830177307129 26.1307373046875 26.0922241210938 26.1130828857422 26.1785774230957 26.2369327545166 26.1908168792725 26.2312469482422 26.2257652282715 26.3351669311523 26.482837677002 26.5460987091064 26.5737285614014 26.5883941650391 26.5741729736328 26.5606365203857 26.5482234954834 26.5411319732666 26.5642127990723
25.6510982513428 25.7071800231934 25.813648223877 25.9155101776123 25.9665775299072 26.0852813720703 26.1087417602539 26.0777282714844 26.0612373352051 26.0651149749756 26.0670776367188 26.0753955841064 26.0861186981201 26.0994739532471 26.0971755981445 26.0956115722656 26.0780124664307 26.096715927124 26.1325588226318 26.1151008605957 26.071138381958 26.0879573822021 26.1004848480225 26.1430568695068 26.1081962585449 26.1007308959961 26.1315422058105 26.1352596282959 26.1754760742188 26.1926708221436 26.1096363067627 26.1245937347412 26.1537952423096 26.1861095428467 26.1599864959717 26.1847362518311 26.1785736083984 26.2857189178467 26.362154006958 26.3888149261475 26.4519309997559 26.5101795196533 26.516450881958 26.534761428833 26.5409259796143 26.5560874938965 26.5816516876221
25.632698059082 25.7225151062012 25.8327369689941 25.9280872344971 25.9815807342529 26.0857429504395 26.1179733276367 26.081356048584 26.0578632354736 26.0673484802246 26.056547164917 26.0572185516357 26.0846881866455 26.0836563110352 26.0656929016113 26.0628395080566 26.0405387878418 26.0392761230469 26.0740528106689 26.1001091003418 26.0796413421631 26.0566635131836 26.0606288909912 26.1007194519043 26.0792636871338 26.071683883667 26.0977249145508 26.1023426055908 26.1685562133789 26.2366180419922 26.1245193481445 26.130672454834 26.1407356262207 26.1441764831543 26.1172027587891 26.168981552124 26.1387214660645 26.1904220581055 26.2228088378906 26.2625751495361 26.3235569000244 26.4140071868896 26.4694404602051 26.475622177124 26.5184173583984 26.5475978851318 26.52490234375
