Ecospace-environmental-drivers/Outputs/ASCII-for-ecospace/Temp-surf/Temp-surf_X1998.07.asc
NCOLS 131 
NROWS 53 
XLLCORNER -98 
YLLCORNER 23.9265270233154 
CELLSIZE 0.133587792515755 
NODATA_value -3.4e+38 
[rows 0 to 20 of 53, columns 47 to 93 of 131]
-3.4e+38 -3.4e+38 -3.4e+38 -3.4e+38 -3.4e+38 -3.4e+38 -3.4e+38 -3.4e+38 -3.4e+38 -3.4e+38 -3.4e+38 -3.4e+38 -3.4e+38 -3.4e+38 -3.4e+38 -3.4e+38 -3.4e+38 -3.4e+38 -3.4e+38 -3.4e+38 -3.4e+38 -3.4e+38 -3.4e+38 -3.4e+38 -3.4e+38 -3.4e+38 -3.4e+38 -3.4e+38 -3.4e+38 -3.4e+38 -3.4e+38 -3.4e+38 -3.4e+38 -3.4e+38 -3.4e+38 -3.4e+38 -3.4e+38 -3.4e+38 -3.4e+38 -3.4e+38 -3.4e+38 -3.4e+38 -3.4e+38 -3.4e+38 -3.4e+38 -3.4e+38 -3.4e+38
-3.4e+38 -3.4e+38 -3.4e+38 -3.4e+38 -3.4e+38 -3.4e+38 -3.4e+38 -3.4e+38 -3.4e+38 -3.4e+38 -3.4e+38 -3.4e+38 -3.4e+38 -3.4e+38 -3.4e+38 -3.4e+38 -3.4e+38 -3.4e+38 -3.4e+38 -3.4e+38 -3.4e+38 -3.4e+38 -3.4e+38 -3.4e+38 -3.4e+38 -3.4e+38 -3.4e+38 -3.4e+38 -3.4e+38 -3.4e+38 -3.4e+38 -3.4e+38 -3.4e+38 -3.4e+38 -3.4e+38 -3.4e+38 -3.4e+38 -3.4e+38 -3.4e+38 -3.4e+38 -3.4e+38 -3.4e+38 -3.4e+38 -3.4e+38 -3.4e+38 -3.4e+38 -3.4e+38
-3.4e+38 -3.4e+38 -3.4e+38 -3.4e+38 -3.4e+38 -3.4e+38 -3.4e+38 -3.4e+38 -3.4e+38 -3.4e+38 -3.4e+38 -3.4e+38 -3.4e+38 -3.4e+38 -3.4e+38 -3.4e+38 -3.4e+38 -3.4e+38 -3.4e+38 -3.4e+38 -3.4e+38 -3.4e+38 -3.4e+38 -3.4e+38 -3.4e+38 -3.4e+38 -3.4e+38 32.6283340454102 32.6186599731445 -3.4e+38 -3.4e+38 -3.4e+38 -3.4e+38 -3.4e+38 -3.4e+38 -3.4e+38 -3.4e+38 -3.4e+38 -3.4e+38 -3.4e+38 -3.4e+38 -3.4e+38 -3.4e+38 -3.4e+38 -3.4e+38 -3.4e+38 -3.4e+38
-3.4e+38 -3.4e+38 -3.4e+38 -3.4e+38 -3.4e+38 -3.4e+38 -3.4e+38 -3.4e+38 -3.4e+38 -3.4e+38 -3.4e+38 -3.4e+38 -3.4e+38 -3.4e+38 -3.4e+38 -3.4e+38 -3.4e+38 -3.4e+38 -3.4e+38 -3.4e+38 -3.4e+38 -3.4e+38 -3.4e+38 -3.4e+38 -3.4e+38 -3.4e+38 -3.4e+38 32.6075897216797 32.5223159790039 -3.4e+38 -3.4e+38 -3.4e+38 -3.4e+38 -3.4e+38 -3.4e+38 -3.4e+38 -3.4e+38 -3.4e+38 -3.4e+38 -3.4e+38 -3.4e+38 -3.4e+38 -3.4e+38 -3.4e+38 -3.4e+38 -3.4e+38 -3.4e+38
-3.4e+38 -3.4e+38 -3.4e+38 -3.4e+38 -3.4e+38 -3.4e+38 -3.4e+38 -3.4e+38 -3.4e+38 32.7768936157227 32.7768936157227 32.7798233032227 32.7611618041992 -3.4e+38 -3.4e+38 -3.4e+38 -3.4e+38 -3.4e+38 32.6164855957031 32.5745582580566 32.689266204834 32.6853103637695 32.6298027038574 32.7299308776855 32.7237854003906 32.8186187744141 32.757438659668 32.5843772888184 32.7093124389648 33.0744247436523 -3.4e+38 -3.4e+38 29.6059551239014 29.3744659423828 29.6044979095459 28.4946823120117 28.3588829040527 28.4033966064453 28.6722774505615 28.1438312530518 27.9027194976807 28.1186046600342 -3.4e+38 -3.4e+38 -3.4e+38 -3.4e+38 -3.4e+38
-3.4e+38 -3.4e+38 -3.4e+38 -3.4e+38 -3.4e+38 -3.4e+38 -3.4e+38 -3.4e+38 32.7768936157227 32.7768936157227 32.7768936157227 32.7768936157227 32.7827529907227 32.760326385498 32.7246742248535 -3.4e+38 32.7299041748047 32.7592582702637 32.6076850891113 32.5244445800781 32.4400901794434 32.3833045959473 32.336181640625 32.2459602355957 32.2376747131348 32.2948455810547 32.3718338012695 32.3694190979004 32.7105445861816 32.9652137756348 30.4552574157715 29.9564533233643 29.687536239624 29.1738739013672 29.0319557189941 28.8749542236328 28.9107036590576 28.8184566497803 28.736909866333 28.621732711792 28.4410648345947 28.111780166626 28.0188522338867 28.3815479278564 -3.4e+38 -3.4e+38 -3.4e+38
-3.4e+38 -3.4e+38 -3.4e+38 -3.4e+38 -3.4e+38 -3.4e+38 -3.4e+38 -3.4e+38 32.7711219787598 32.7768936157227 32.7768936157227 32.7768936157227 32.7768936157227 32.7886161804199 32.7511177062988 32.7246742248535 32.7313957214355 32.704288482666 32.6135940551758 32.5652236938477 31.7961349487305 30.8293571472168 29.7605934143066 29.382022857666 29.4705791473389 29.5565280914307 29.6223239898682 29.7244892120361 29.910099029541 29.9884471893311 29.808536529541 29.6561260223389 29.5210494995117 29.540397644043 29.4680976867676 29.2544422149658 29.2352600097656 29.2889194488525 29.3351879119873 29.3318386077881 29.292423248291 29.1494846343994 28.813159942627 28.400411605835 28.5492076873779 28.9077663421631 -3.4e+38
-3.4e+38 -3.4e+38 -3.4e+38 -3.4e+38 -3.4e+38 -3.4e+38 -3.4e+38 -3.4e+38 -3.4e+38 -3.4e+38 32.7768936157227 32.7768936157227 32.7768936157227 -3.4e+38 32.8003387451172 32.702564239502 32.7362518310547 32.7709083557129 32.7551879882812 32.6673278808594 32.3872146606445 32.1175689697266 29.3724250793457 28.8486595153809 29.3257236480713 29.5957775115967 29.6289005279541 29.4433574676514 29.3331890106201 29.3877868652344 29.5430812835693 29.7762660980225 29.8628463745117 29.7493095397949 29.6012344360352 29.4562244415283 29.4711380004883 29.5288410186768 29.615779876709 29.6974830627441 29.6456127166748 29.531946182251 29.4262771606445 29.1146125793457 28.6150321960449 28.5880508422852 29.8787727355957
-3.4e+38 -3.4e+38 -3.4e+38 -3.4e+38 -3.4e+38 -3.4e+38 -3.4e+38 -3.4e+38 -3.4e+38 -3.4e+38 -3.4e+38 -3.4e+38 -3.4e+38 -3.4e+38 32.7374114990234 32.7519264221191 32.7267875671387 32.7347526550293 32.6998176574707 32.7274703979492 32.634204864502 32.4223823547363 29.4222984313965 29.3915271759033 29.8898143768311 30.2409343719482 30.2343883514404 30.1460876464844 29.998929977417 29.9664402008057 30.1164512634277 30.3501720428467 30.2227993011475 29.9138774871826 29.6900653839111 29.6735515594482 29.7233753204346 29.8615818023682 30.021635055542 30.0808582305908 30.0910968780518 29.9877986907959 29.7487850189209 29.5129833221436 29.1953735351562 28.6165237426758 29.0730419158936
32.3098182678223 -3.4e+38 -3.4e+38 -3.4e+38 -3.4e+38 -3.4e+38 -3.4e+38 -3.4e+38 -3.4e+38 -3.4e+38 32.4587173461914 32.6210708618164 -3.4e+38 -3.4e+38 -3.4e+38 32.6599426269531 32.6779747009277 32.7131462097168 32.766544342041 32.7876129150391 32.6674156188965 31.1937084197998 29.1622867584229 29.5595283508301 29.91259765625 30.0616664886475 30.12868309021 30.1449241638184 30.1266231536865 30.1428318023682 30.2401676177979 30.3729476928711 30.2560024261475 29.9730396270752 29.7927589416504 29.7916202545166 29.7942943572998 29.9104251861572 29.9518775939941 29.9894199371338 30.0526943206787 30.1272354125977 30.0882835388184 29.8526306152344 29.5449562072754 29.0713691711426 28.6773853302002
32.2153511047363 32.1228179931641 -3.4e+38 -3.4e+38 -3.4e+38 -3.4e+38 -3.4e+38 -3.4e+38 -3.4e+38 -3.4e+38 32.2734909057617 32.3503494262695 32.4652481079102 -3.4e+38 -3.4e+38 32.5461883544922 32.5862159729004 32.7770385742188 32.725959777832 32.3230781555176 31.4112548828125 29.2877597808838 29.15309715271 29.527286529541 29.6251449584961 29.5863513946533 29.6829090118408 29.7630977630615 29.8143749237061 29.893705368042 30.019510269165 30.10915184021 30.0925140380859 29.9309120178223 29.8333320617676 29.8521041870117 29.914379119873 29.9838733673096 29.9898490905762 29.9814987182617 30.0141887664795 30.1014423370361 30.1943912506104 30.0818767547607 29.7745532989502 29.3480854034424 28.6322784423828
32.1552505493164 32.0785369873047 32.1889381408691 32.2762222290039 -3.4e+38 -3.4e+38 -3.4e+38 -3.4e+38 -3.4e+38 -3.4e+38 -3.4e+38 32.2829513549805 32.3809661865234 32.4652481079102 32.3279991149902 32.4244003295898 32.6166000366211 32.5573196411133 31.3445262908936 29.6218700408936 28.1710433959961 28.3300971984863 29.1007823944092 29.2996349334717 29.2097225189209 29.3083896636963 29.4242916107178 29.6100177764893 29.7817974090576 29.9103927612305 29.9628677368164 29.960958480835 29.9963130950928 30.0289764404297 30.0023994445801 30.0170650482178 30.0188541412354 30.0119514465332 30.0686283111572 30.1035938262939 30.1118297576904 30.1478576660156 30.2556114196777 30.25998878479 29.9619007110596 29.5270519256592 28.7350921630859
31.8092842102051 32.0807266235352 32.2571067810059 32.382625579834 -3.4e+38 -3.4e+38 -3.4e+38 -3.4e+38 32.2513542175293 32.3042678833008 32.2402114868164 32.0837211608887 32.3256874084473 32.3519592285156 31.9486045837402 31.7785625457764 32.1169509887695 31.5950241088867 29.9436359405518 27.8303260803223 26.4714736938477 27.9372806549072 28.839635848999 29.1465015411377 29.6115303039551 29.9658813476562 30.2380886077881 30.4109725952148 30.5261974334717 30.580717086792 30.5902614593506 30.5566997528076 30.4527950286865 30.3334064483643 30.2332324981689 30.1893711090088 30.1646404266357 30.1574287414551 30.1827487945557 30.1807098388672 30.2163639068604 30.3061180114746 30.3594570159912 30.360502243042 30.2574081420898 29.8774147033691 29.4114151000977
31.4509334564209 31.5843696594238 31.7736473083496 32.0095024108887 32.2598152160645 32.1689224243164 32.1739807128906 32.1994590759277 32.1854095458984 32.1888389587402 32.1874046325684 32.1643486022949 31.5009479522705 30.8493728637695 30.7856330871582 31.3465766906738 32.1953964233398 32.390796661377 31.020881652832 28.8295078277588 25.9691619873047 27.5441455841064 29.3236427307129 30.2355003356934 30.6564826965332 30.8041172027588 30.838191986084 30.799430847168 30.7741355895996 30.7748928070068 30.7862682342529 30.7847156524658 30.787467956543 30.7470817565918 30.621057510376 30.5336303710938 30.4820175170898 30.4543285369873 30.4541549682617 30.4493198394775 30.4606971740723 30.4836254119873 30.48952293396 30.4427146911621 30.3508281707764 30.2489547729492 29.958179473877
31.3705310821533 31.4305973052979 31.4850540161133 31.8051662445068 32.1113243103027 32.1165657043457 32.1778526306152 32.216480255127 32.1148796081543 32.0522842407227 31.9110279083252 31.1808319091797 30.5206069946289 30.390022277832 30.4549369812012 30.522876739502 30.9714965820312 32.7060966491699 31.5608901977539 31.1194076538086 28.9116535186768 30.1440391540527 30.7973365783691 30.9864368438721 30.9744091033936 30.8955192565918 30.8259391784668 30.7851085662842 30.7510948181152 30.727897644043 30.7076187133789 30.6958904266357 30.7093296051025 30.7325191497803 30.7409152984619 30.7301712036133 30.6904010772705 30.6400337219238 30.6276683807373 30.6374950408936 30.615535736084 30.5864410400391 30.5695381164551 30.5043506622314 30.4293537139893 30.3613185882568 30.2279434204102
30.5859680175781 30.852689743042 31.1362438201904 31.4402675628662 31.5705280303955 31.5571670532227 31.5400619506836 31.5192165374756 31.3573780059814 31.0187797546387 30.7701110839844 30.5325050354004 30.3568229675293 30.3757801055908 30.4647903442383 30.5744209289551 30.5632076263428 31.1352767944336 30.2869853973389 30.3977165222168 30.6993370056152 30.9288463592529 31.0083923339844 30.9338893890381 30.8577079772949 30.7992935180664 30.7441062927246 30.7005786895752 30.6800155639648 30.656229019165 30.6447792053223 30.6364154815674 30.6479301452637 30.6422328948975 30.6604824066162 30.7009983062744 30.7443656921387 30.7691612243652 30.7592887878418 30.7461071014404 30.7006721496582 30.6446514129639 30.6232070922852 30.5792922973633 30.4878158569336 30.4561061859131 30.3733692169189
30.6272716522217 30.5635223388672 30.5682067871094 30.7227935791016 31.0345897674561 31.1078834533691 30.9778003692627 30.8397350311279 30.7037105560303 30.5870246887207 30.5078811645508 30.3427104949951 30.2978935241699 30.3939952850342 30.5506114959717 30.7002277374268 30.7860469818115 30.7955303192139 30.862756729126 30.93141746521 30.9493198394775 30.8380718231201 30.7840118408203 30.8008556365967 30.7548294067383 30.6962757110596 30.6866664886475 30.6403713226318 30.6158409118652 30.5868873596191 30.5767021179199 30.5696296691895 30.5760555267334 30.6070442199707 30.6328983306885 30.669225692749 30.7086296081543 30.7393226623535 30.74143409729 30.7406597137451 30.720401763916 30.6671161651611 30.6333084106445 30.6010036468506 30.5524005889893 30.5077972412109 30.4754791259766
30.6733436584473 30.7031421661377 30.6775131225586 30.5547466278076 30.3991985321045 30.4290294647217 30.5123062133789 30.6331005096436 30.6059341430664 30.5362434387207 30.4442844390869 30.3790721893311 30.4676036834717 30.6136608123779 30.7380561828613 30.7851905822754 30.7776508331299 30.7712898254395 30.7478771209717 30.7269802093506 30.6851444244385 30.7234745025635 30.7169551849365 30.6782894134521 30.650016784668 30.6102886199951 30.5812339782715 30.5676403045654 30.5624618530273 30.5954570770264 30.618335723877 30.6093769073486 30.595365524292 30.5662937164307 30.6080455780029 30.6586532592773 30.6698036193848 30.6958332061768 30.7174472808838 30.7105484008789 30.7009735107422 30.6664371490479 30.6337471008301 30.60866355896 30.5775108337402 30.5239753723145 30.5301055908203
30.5383281707764 30.5942039489746 30.6518115997314 30.6838912963867 30.6476097106934 30.5398273468018 30.4515399932861 30.4615459442139 30.4731636047363 30.4873542785645 30.5500888824463 30.6444320678711 30.7175979614258 30.7701091766357 30.7424201965332 30.6409778594971 30.5567893981934 30.5421562194824 30.5776996612549 30.5924167633057 30.6424732208252 30.6250667572021 30.6187496185303 30.588191986084 30.5749206542969 30.5319290161133 30.5070552825928 30.5371036529541 30.5763149261475 30.5952968597412 30.59792137146 30.618537902832 30.6151103973389 30.6035289764404 30.5868053436279 30.6280326843262 30.6434154510498 30.6623115539551 30.6968536376953 30.6941070556641 30.6903457641602 30.6625270843506 30.6148414611816 30.5968570709229 30.5769271850586 30.5497303009033 30.5836277008057
30.5011386871338 30.5436954498291 30.6090030670166 30.6612453460693 30.7053642272949 30.7476253509521 30.7579555511475 30.7574882507324 30.7682056427002 30.7892303466797 30.8252487182617 30.8239650726318 30.7876129150391 30.7201251983643 30.6101913452148 30.4858570098877 30.4632377624512 30.5176067352295 30.5214653015137 30.5750045776367 30.5837936401367 30.5591468811035 30.5578231811523 30.5258522033691 30.5254802703857 30.5018978118896 30.5072555541992 30.5571670532227 30.5710563659668 30.5957736968994 30.6424121856689 30.6705417633057 30.6635684967041 30.6311435699463 30.5895195007324 30.6077613830566 30.6244411468506 30.6510448455811 30.6997985839844 30.7045097351074 30.6877994537354 30.6744499206543 30.6252269744873 30.5732192993164 30.5262355804443 30.5427265167236 30.5962047576904
30.4472160339355 30.4530811309814 30.4864311218262 30.5196151733398 30.5665645599365 30.6200733184814 30.6597080230713 30.679874420166 30.6959705352783 30.6935043334961 30.6761589050293 30.6327095031738 30.5761375427246 30.5326232910156 30.4714813232422 30.4524002075195 30.4573955535889 30.4971141815186 30.5390377044678 30.5830478668213 30.5580654144287 30.5613098144531 30.5561752319336 30.5295791625977 30.5196800231934 30.5287570953369 30.5249671936035 30.570821762085 30.5718364715576 30.5992546081543 30.6547183990479 30.6686725616455 30.641170501709 30.6155242919922 30.5989513397217 30.6175289154053 30.6419792175293 30.6621246337891 30.6910762786865 30.698881149292 30.6856327056885 30.6665000915527 30.6352710723877 30.5782432556152 30.5442428588867 30.518123626709 30.5481739044189
