Ecospace-environmental-drivers/Outputs/ASCII-for-ecospace/Temp-surf/Temp-surf_X2020.05.asc
NCOLS 131 
NROWS 53 
XLLCORNER -98 
YLLCORNER 23.9265270233154 
CELLSIZE 0.133587792515755 
NODATA_value -3.4e+38 
[rows 0 to 20 of 53, columns 47 to 93 of 131]
-3.4e+38 -3.4e+38 -3.4e+38 -3.4e+38 -3.4e+38 -3.4e+38 -3.4e+38 -3.4e+38 -3.4e+38 -3.4e+38 -3.4e+38 -3.4e+38 -3.4e+38 -3.4e+38 -3.4e+38 -3.4e+38 -3.4e+38 -3.4e+38 -3.4e+38 -3.4e+38 -3.4e+38 -3.4e+38 -3.4e+38 -3.4e+38 -3.4e+38 -3.4e+38 -3.4e+38 -3.4e+38 -3.4e+38 -3.4e+38 -3.4e+38 -3.4e+38 -3.4e+38 -3.4e+38 -3.4e+38 -3.4e+38 -3.4e+38 -3.4e+38 -3.4e+38 -3.4e+38 -3.4e+38 -3.4e+38 -3.4e+38 -3.4e+38 -3.4e+38 -3.4e+38 -3.4e+38
-3.4e+38 -3.4e+38 -3.4e+38 -3.4e+38 -3.4e+38 -3.4e+38 -3.4e+38 -3.4e+38 -3.4e+38 -3.4e+38 -3.4e+38 -3.4e+38 -3.4e+38 -3.4e+38 -3.4e+38 -3.4e+38 -3.4e+38 -3.4e+38 -3.4e+38 -3.4e+38 -3.4e+38 -3.4e+38 -3.4e+38 -3.4e+38 -3.4e+38 -3.4e+38 -3.4e+38 -3.4e+38 -3.4e+38 -3.4e+38 -3.4e+38 -3.4e+38 -3.4e+38 -3.4e+38 -3.4e+38 -3.4e+38 -3.4e+38 -3.4e+38 -3.4e+38 -3.4e+38 -3.4e+38 -3.4e+38 -3.4e+38 -3.4e+38 -3.4e+38 -3.4e+38 -3.4e+38
-3.4e+38 -3.4e+38 -3.4e+38 -3.4e+38 -3.4e+38 -3.4e+38 -3.4e+38 -3.4e+38 -3.4e+38 -3.4e+38 -3.4e+38 -3.4e+38 -3.4e+38 -3.4e+38 -3.4e+38 -3.4e+38 -3.4e+38 -3.4e+38 -3.4e+38 -3.4e+38 -3.4e+38 -3.4e+38 -3.4e+38 -3.4e+38 -3.4e+38 -3.4e+38 -3.4e+38 24.0705604553223 24.124210357666 -3.4e+38 -3.4e+38 -3.4e+38 -3.4e+38 -3.4e+38 -3.4e+38 -3.4e+38 -3.4e+38 -3.4e+38 -3.4e+38 -3.4e+38 -3.4e+38 -3.4e+38 -3.4e+38 -3.4e+38 -3.4e+38 -3.4e+38 -3.4e+38
-3.4e+38 -3.4e+38 -3.4e+38 -3.4e+38 -3.4e+38 -3.4e+38 -3.4e+38 -3.4e+38 -3.4e+38 -3.4e+38 -3.4e+38 -3.4e+38 -3.4e+38 -3.4e+38 -3.4e+38 -3.4e+38 -3.4e+38 -3.4e+38 -3.4e+38 -3.4e+38 -3.4e+38 -3.4e+38 -3.4e+38 -3.4e+38 -3.4e+38 -3.4e+38 -3.4e+38 23.707088470459 23.5812835693359 -3.4e+38 -3.4e+38 -3.4e+38 -3.4e+38 -3.4e+38 -3.4e+38 -3.4e+38 -3.4e+38 -3.4e+38 -3.4e+38 -3.4e+38 -3.4e+38 -3.4e+38 -3.4e+38 -3.4e+38 -3.4e+38 -3.4e+38 -3.4e+38
-3.4e+38 -3.4e+38 -3.4e+38 -3.4e+38 -3.4e+38 -3.4e+38 -3.4e+38 -3.4e+38 -3.4e+38 24.8623123168945 24.8623123168945 24.8611316680908 24.7849884033203 -3.4e+38 -3.4e+38 -3.4e+38 -3.4e+38 -3.4e+38 24.3515453338623 24.4859981536865 24.6262245178223 24.6669330596924 24.7583446502686 24.7919826507568 24.7375297546387 24.5268268585205 24.3382587432861 23.7583866119385 24.0852432250977 25.1540241241455 -3.4e+38 -3.4e+38 24.0857696533203 24.077392578125 24.0910720825195 23.9550971984863 23.9693508148193 24.0909576416016 24.121711730957 23.8086185455322 23.7851295471191 23.7248516082764 -3.4e+38 -3.4e+38 -3.4e+38 -3.4e+38 -3.4e+38
-3.4e+38 -3.4e+38 -3.4e+38 -3.4e+38 -3.4e+38 -3.4e+38 -3.4e+38 -3.4e+38 24.8623123168945 24.8623123168945 24.8623123168945 24.8623123168945 24.8599510192871 24.7824058532715 24.6352825164795 -3.4e+38 24.4023284912109 24.2209205627441 24.2839584350586 24.41530418396 24.4684810638428 24.5498905181885 24.7433853149414 24.7373676300049 24.6309204101562 24.3916492462158 24.2760429382324 24.1879959106445 24.4161014556885 25.1358184814453 24.16259765625 24.0916137695312 24.080020904541 24.0856761932373 24.0528011322021 24.0074329376221 23.9925479888916 23.9338684082031 23.856330871582 23.7234535217285 23.6267185211182 23.6705532073975 23.8170051574707 23.9276123046875 -3.4e+38 -3.4e+38 -3.4e+38
-3.4e+38 -3.4e+38 -3.4e+38 -3.4e+38 -3.4e+38 -3.4e+38 -3.4e+38 -3.4e+38 24.8700695037842 24.8623123168945 24.8623123168945 24.8623123168945 24.8623123168945 24.8575916290283 24.774435043335 24.6352825164795 24.4193305969238 24.3337783813477 24.3150100708008 24.4240379333496 24.3998489379883 24.4712505340576 24.4507026672363 24.3995113372803 24.3831729888916 24.3089733123779 24.1943855285645 24.1069793701172 24.0776462554932 24.0721416473389 24.0641269683838 24.054235458374 24.0508155822754 24.0829315185547 24.0700531005859 24.0460262298584 24.0696315765381 24.0207195281982 23.9209880828857 23.8336544036865 23.7302074432373 23.6276206970215 23.6175975799561 23.7287559509277 23.8704528808594 23.9727897644043 -3.4e+38
-3.4e+38 -3.4e+38 -3.4e+38 -3.4e+38 -3.4e+38 -3.4e+38 -3.4e+38 -3.4e+38 -3.4e+38 -3.4e+38 24.8623123168945 24.8623123168945 24.8623123168945 -3.4e+38 24.8528709411621 24.7472763061523 24.6141586303711 24.5576782226562 24.4846343994141 24.5481472015381 24.5997257232666 24.8179531097412 24.4727077484131 24.425666809082 24.401782989502 24.3748569488525 24.3505687713623 24.298059463501 24.2553539276123 24.2323703765869 24.2041416168213 24.1722812652588 24.1824569702148 24.1831493377686 24.162446975708 24.2437629699707 24.3511714935303 24.3340320587158 24.2494277954102 24.1317939758301 24.0214996337891 23.9302177429199 23.7839050292969 23.7521171569824 23.7811145782471 23.9147682189941 24.3248271942139
-3.4e+38 -3.4e+38 -3.4e+38 -3.4e+38 -3.4e+38 -3.4e+38 -3.4e+38 -3.4e+38 -3.4e+38 -3.4e+38 -3.4e+38 -3.4e+38 -3.4e+38 -3.4e+38 24.8450336456299 24.8470039367676 24.6382350921631 24.6501865386963 24.4524421691895 24.4390277862549 24.5775184631348 24.808557510376 24.4569282531738 24.4931106567383 24.4943962097168 24.5113105773926 24.4763889312744 24.4512310028076 24.416036605835 24.3537559509277 24.3133373260498 24.3270359039307 24.3589706420898 24.3456039428711 24.4698238372803 24.6205463409424 24.5863246917725 24.5218200683594 24.4673137664795 24.3793258666992 24.2558307647705 24.1208400726318 24.0204410552979 23.9079608917236 23.8454780578613 23.8138313293457 24.0008354187012
24.7413692474365 -3.4e+38 -3.4e+38 -3.4e+38 -3.4e+38 -3.4e+38 -3.4e+38 -3.4e+38 -3.4e+38 -3.4e+38 25.1912899017334 25.0717430114746 -3.4e+38 -3.4e+38 -3.4e+38 24.6187324523926 24.591724395752 24.4596214294434 24.2744312286377 24.3182926177979 24.6078414916992 24.6335887908936 24.4795227050781 24.5881614685059 24.5724544525146 24.6164379119873 24.6102066040039 24.5376815795898 24.5520801544189 24.5586738586426 24.5207672119141 24.4910278320312 24.4644012451172 24.6203880310059 24.7651023864746 24.7356948852539 24.6522102355957 24.5698947906494 24.5042266845703 24.4520587921143 24.3510093688965 24.2153701782227 24.1586990356445 24.036169052124 23.9520816802979 23.8990020751953 23.8938503265381
24.3909225463867 24.1115665435791 -3.4e+38 -3.4e+38 -3.4e+38 -3.4e+38 -3.4e+38 -3.4e+38 -3.4e+38 -3.4e+38 25.3715763092041 25.3968162536621 25.2811737060547 -3.4e+38 -3.4e+38 24.5236129760742 24.2862854003906 24.0650901794434 24.0189552307129 24.2342872619629 24.627405166626 24.5339393615723 24.5308589935303 24.6192207336426 24.6608810424805 24.7308731079102 24.7259387969971 24.6733512878418 24.7074222564697 24.7398815155029 24.6961784362793 24.6524810791016 24.6346817016602 24.8024406433105 24.8316631317139 24.7476253509521 24.6558780670166 24.6118316650391 24.5419445037842 24.4482097625732 24.3620910644531 24.2614803314209 24.1923313140869 24.0890598297119 23.9990921020508 23.9184055328369 23.8628082275391
24.1939392089844 23.8586120605469 23.8227729797363 24.1524677276611 -3.4e+38 -3.4e+38 -3.4e+38 -3.4e+38 -3.4e+38 -3.4e+38 -3.4e+38 25.477367401123 25.4480533599854 25.2811737060547 25.2044086456299 24.5791091918945 24.1227245330811 23.5832366943359 23.8075428009033 24.2939643859863 24.4537410736084 24.3494091033936 24.5598812103271 24.8338184356689 24.8906326293945 24.8993835449219 24.863489151001 24.8049468994141 24.7812557220459 24.7743167877197 24.7861785888672 24.8454322814941 24.841983795166 24.8942222595215 24.8377056121826 24.7803859710693 24.7029876708984 24.6494941711426 24.6283645629883 24.5174331665039 24.4001560211182 24.2801265716553 24.1720714569092 24.0657634735107 23.9795894622803 23.9136695861816 23.8630218505859
24.5377464294434 24.3999919891357 24.3316898345947 24.302942276001 -3.4e+38 -3.4e+38 -3.4e+38 -3.4e+38 25.008731842041 25.2405624389648 25.5207805633545 25.472053527832 25.4339542388916 25.6290340423584 25.3838119506836 24.8703842163086 24.2509803771973 22.7196426391602 23.4459075927734 24.25172996521 23.963773727417 24.2952060699463 24.8907737731934 25.0790195465088 25.0868873596191 25.0753269195557 25.0051326751709 24.9747276306152 24.9706573486328 24.9733619689941 25.0168514251709 25.018087387085 25.0126781463623 24.9757480621338 24.8781776428223 24.8018493652344 24.7479591369629 24.6808185577393 24.7013664245605 24.6148376464844 24.4778709411621 24.335428237915 24.2222900390625 24.0971984863281 23.9811019897461 23.940242767334 23.9044322967529
24.9255409240723 24.8883361816406 24.9270801544189 25.074161529541 25.0594711303711 25.0279579162598 25.0063323974609 25.0326881408691 25.0685615539551 25.2632026672363 25.4518070220947 25.499418258667 25.4543056488037 25.2810821533203 24.8788661956787 24.8830261230469 25.08349609375 25.1137504577637 24.4415626525879 24.1493492126465 23.5249099731445 24.3591060638428 25.0727996826172 25.1196708679199 25.1065788269043 25.1363639831543 25.135368347168 25.1062870025635 25.110803604126 25.111759185791 25.1095523834229 25.0824642181396 25.0948143005371 25.0261096954346 24.9440822601318 24.853458404541 24.7263240814209 24.6859378814697 24.7142925262451 24.678394317627 24.6307392120361 24.5394496917725 24.4000129699707 24.2519512176514 24.12451171875 24.0406284332275 24.0004234313965
25.2518196105957 25.2112197875977 25.1814346313477 25.2145805358887 25.258882522583 25.3261489868164 25.3397464752197 25.3539161682129 25.3764953613281 25.3801155090332 25.3307018280029 25.1622886657715 24.9219017028809 24.8189239501953 24.7676677703857 24.6902294158936 24.7209663391113 25.4709281921387 25.3704566955566 24.7185287475586 23.7701416015625 24.550952911377 24.9674472808838 25.0441570281982 25.2274284362793 25.2860679626465 25.2740173339844 25.2719287872314 25.252046585083 25.2168273925781 25.1978397369385 25.2124061584473 25.2194900512695 25.1162261962891 25.0418357849121 24.931661605835 24.7832717895508 24.8275909423828 24.9211254119873 24.9368171691895 24.9645576477051 24.8272323608398 24.6441631317139 24.4670810699463 24.3591918945312 24.2167301177979 24.1110019683838
25.0052680969238 25.0853939056396 25.185037612915 25.2020816802979 25.1651706695557 25.1449527740479 25.1380157470703 25.0871067047119 25.0110645294189 24.9102325439453 24.8478755950928 24.8027114868164 24.7968292236328 24.8101062774658 24.8284091949463 24.7346000671387 24.5621299743652 24.5848903656006 24.1747875213623 24.2532768249512 24.6391448974609 25.0243854522705 25.1750926971436 25.2505111694336 25.261999130249 25.2476921081543 25.3088226318359 25.3603401184082 25.3957996368408 25.3842277526855 25.3957176208496 25.4364433288574 25.3656520843506 25.3028831481934 25.2317428588867 25.0543766021729 25.0936031341553 25.3302021026611 25.4551944732666 25.4523792266846 25.3934173583984 25.25705909729 25.0467491149902 24.8296070098877 24.6054649353027 24.441520690918 24.2987880706787
24.9082946777344 24.9558391571045 25.0008811950684 25.0640296936035 25.0531120300293 24.988245010376 24.9472484588623 24.9142189025879 24.8852005004883 24.9038562774658 24.821418762207 24.7886371612549 24.8299617767334 24.8253879547119 24.8220443725586 24.822509765625 24.8005695343018 24.7613315582275 24.8025722503662 25.013111114502 25.201229095459 25.2343578338623 25.2289409637451 25.2544116973877 25.2636737823486 25.2678890228271 25.3310222625732 25.4228229522705 25.499231338501 25.5716190338135 25.6368942260742 25.6375522613525 25.6213645935059 25.5540161132812 25.4266929626465 25.3841037750244 25.5928211212158 25.7305850982666 25.8234367370605 25.8462562561035 25.7966499328613 25.6787605285645 25.5262241363525 25.3120536804199 25.002124786377 24.6783676147461 24.5311546325684
24.8454647064209 24.8410968780518 24.8720741271973 24.9224891662598 24.9560108184814 24.9753379821777 25.0293636322021 25.0581283569336 25.0473709106445 24.9463024139404 24.8622150421143 24.926513671875 24.9020137786865 24.9212646484375 24.9790573120117 24.9774875640869 25.0797233581543 25.1573715209961 25.2400779724121 25.241584777832 25.2189292907715 25.2152862548828 25.2362594604492 25.2361431121826 25.2239742279053 25.2666282653809 25.3884372711182 25.5026111602783 25.6211490631104 25.7368354797363 25.7751579284668 25.7858219146729 25.7574996948242 25.6699352264404 25.7177085876465 25.9100894927979 25.9803771972656 26.067554473877 26.1063022613525 26.1051330566406 26.0805053710938 26.054500579834 25.929126739502 25.7551956176758 25.5343170166016 25.0989532470703 24.7587089538574
24.976282119751 24.9693984985352 24.9386215209961 24.8917541503906 24.8759727478027 24.9085464477539 25.0016117095947 25.0363292694092 25.0700435638428 25.0062160491943 24.9505653381348 24.9783630371094 25.0558223724365 25.0759792327881 25.1804275512695 25.2130222320557 25.267671585083 25.2945423126221 25.2406158447266 25.1704120635986 25.1365203857422 25.1869850158691 25.1987781524658 25.1787605285645 25.1772499084473 25.294792175293 25.4662284851074 25.5864105224609 25.68967628479 25.7773494720459 25.8378143310547 25.8662281036377 25.8776111602783 25.9856281280518 26.1128673553467 26.1917858123779 26.2801971435547 26.3698253631592 26.4197463989258 26.4170455932617 26.3867855072021 26.3166103363037 26.2002124786377 26.0577583312988 25.9186420440674 25.6225433349609 25.2017383575439
25.1255130767822 25.1164112091064 25.1246643066406 25.101655960083 25.0631465911865 25.0345764160156 25.0526332855225 25.0629138946533 25.0954284667969 25.0448417663574 25.0429763793945 25.1423835754395 25.1922264099121 25.2014942169189 25.2785339355469 25.3326778411865 25.3168277740479 25.2648105621338 25.2050685882568 25.1281204223633 25.1285533905029 25.1401691436768 25.1438446044922 25.151195526123 25.2464141845703 25.3952369689941 25.5092906951904 25.5996551513672 25.7014007568359 25.8083591461182 25.9317378997803 26.0547027587891 26.1866092681885 26.2511444091797 26.2936267852783 26.3670349121094 26.4685688018799 26.5409297943115 26.5925235748291 26.6199321746826 26.6064872741699 26.5925846099854 26.5224494934082 26.3348178863525 26.1442356109619 25.9884662628174 25.631872177124
25.3373317718506 25.3211784362793 25.3104858398438 25.2923736572266 25.2820930480957 25.2708415985107 25.2336883544922 25.187686920166 25.2052612304688 25.2457427978516 25.2753086090088 25.2747135162354 25.3792400360107 25.3552589416504 25.3994045257568 25.4328861236572 25.3647384643555 25.248571395874 25.2056083679199 25.1582050323486 25.1529102325439 25.1335029602051 25.1776008605957 25.2879409790039 25.4158687591553 25.5270671844482 25.599796295166 25.6990261077881 25.8223323822021 25.9695339202881 26.1401443481445 26.3055667877197 26.3514404296875 26.2742671966553 26.3471870422363 26.4514904022217 26.593843460083 26.662971496582 26.7046527862549 26.737491607666 26.7287864685059 26.6811332702637 26.6520538330078 26.583381652832 26.37278175354 26.1848049163818 25.97047996521
