Ecospace-environmental-drivers/Outputs/ASCII-for-ecospace/Temp-surf/Temp-surf_X2011.02.asc
NCOLS 131 
NROWS 53 
XLLCORNER -98 
YLLCORNER 23.9265270233154 
CELLSIZE 0.133587792515755 
NODATA_value -3.4e+38 
[rows 21 to 41 of 53, columns 0 to 46 of 131]
-3.4e+38 -3.4e+38 -3.4e+38 -3.4e+38 -3.4e+38 -3.4e+38 14.3626546859741 14.2971525192261 14.3874454498291 14.1804180145264 14.3827743530273 14.9517059326172 15.5481786727905 16.0613594055176 16.6540374755859 17.174633026123 17.4618740081787 17.6564846038818 17.865686416626 18.0066585540771 17.8514518737793 17.6730327606201 17.5549354553223 17.9519901275635 18.2396945953369 18.3547019958496 18.5071201324463 18.6584854125977 18.8956928253174 19.0964012145996 19.1287841796875 19.090389251709 18.9698696136475 18.8646850585938 18.9405937194824 19.066764831543 19.1865501403809 19.2737350463867 19.4066047668457 19.5072498321533 19.5739288330078 19.6108207702637 19.5715274810791 19.5040893554688 19.4316291809082 19.3801498413086 19.3636665344238
-3.4e+38 -3.4e+38 -3.4e+38 -3.4e+38 -3.4e+38 -3.4e+38 14.2936687469482 14.497142791748 14.2971525192261 14.6847667694092 15.4510469436646 16.2222175598145 16.8274555206299 17.1913394927979 17.6129779815674 17.9625568389893 18.19970703125 18.4165573120117 18.6720428466797 18.7917041778564 18.7427406311035 18.7750282287598 18.6073093414307 18.5670356750488 18.6601047515869 18.7415237426758 18.75217628479 18.8121433258057 18.9908542633057 19.1458587646484 19.2598743438721 19.2935543060303 19.2799816131592 19.2999973297119 19.3442306518555 19.3732986450195 19.4223899841309 19.5084190368652 19.6303577423096 19.7278728485107 19.7913341522217 19.8174896240234 19.8258571624756 19.8187961578369 19.790599822998 19.7648429870605 19.7601280212402
-3.4e+38 -3.4e+38 -3.4e+38 -3.4e+38 14.4097604751587 14.3503255844116 14.4953002929688 14.2936687469482 14.9006071090698 15.8343114852905 16.6307601928711 17.3624572753906 18.0401744842529 18.6375274658203 18.9767780303955 19.0823764801025 19.0153160095215 19.0474510192871 19.18017578125 19.3865585327148 19.6502914428711 19.8761692047119 19.9805793762207 20.001558303833 19.9647750854492 19.8541946411133 19.6840782165527 19.5458068847656 19.4581871032715 19.4084281921387 19.3723049163818 19.3577690124512 19.4495429992676 19.5308990478516 19.5754432678223 19.6075763702393 19.6458606719971 19.7255477905273 19.8354721069336 19.9391212463379 20.0530910491943 20.1536521911621 20.2153396606445 20.2259941101074 20.2101802825928 20.1861801147461 20.1707572937012
-3.4e+38 -3.4e+38 -3.4e+38 -3.4e+38 14.4237508773804 14.4552059173584 14.3503255844116 14.8419055938721 15.9258317947388 16.8976974487305 17.6681594848633 18.416633605957 19.0303134918213 19.5080661773682 19.8477516174316 19.9672737121582 19.9840106964111 20.0432071685791 20.19797706604 20.3557815551758 20.4634437561035 20.5103149414062 20.5202922821045 20.4990749359131 20.4921417236328 20.4711093902588 20.4287700653076 20.4013290405273 20.3470020294189 20.263256072998 20.1759548187256 20.0933799743652 19.9791488647461 19.8973083496094 19.8825836181641 19.9243507385254 20.0209007263184 20.175121307373 20.2917594909668 20.3891220092773 20.4234161376953 20.4174613952637 20.3851661682129 20.3413581848145 20.3005180358887 20.2535610198975 20.2211475372314
-3.4e+38 -3.4e+38 -3.4e+38 -3.4e+38 -3.4e+38 14.4237508773804 14.5915412902832 15.7446870803833 16.8333740234375 17.8137645721436 18.6844940185547 19.3613471984863 19.876953125 20.2389087677002 20.3879241943359 20.5263137817383 20.6315803527832 20.6625003814697 20.6844825744629 20.7119293212891 20.7190837860107 20.6861171722412 20.6436347961426 20.5903987884521 20.5701885223389 20.5511207580566 20.5271644592285 20.5239753723145 20.5257873535156 20.5177421569824 20.5088939666748 20.50168800354 20.4900951385498 20.469259262085 20.468843460083 20.471565246582 20.4922924041748 20.5198955535889 20.5075206756592 20.4980869293213 20.4650001525879 20.4102344512939 20.344539642334 20.2844257354736 20.2287292480469 20.1883773803711 20.1555652618408
-3.4e+38 -3.4e+38 -3.4e+38 -3.4e+38 -3.4e+38 14.6341180801392 15.350977897644 16.5753631591797 17.6704750061035 18.6922664642334 19.4815902709961 20.0103569030762 20.1827163696289 20.401309967041 20.5971775054932 20.7053871154785 20.7563495635986 20.8200988769531 20.8921546936035 20.8609943389893 20.7924461364746 20.7190551757812 20.6510696411133 20.5972995758057 20.5498867034912 20.5265445709229 20.5012531280518 20.4957504272461 20.4895210266113 20.4999694824219 20.5260562896729 20.5279350280762 20.5481796264648 20.5483703613281 20.5595207214355 20.5730323791504 20.5769023895264 20.5612277984619 20.5492706298828 20.5211544036865 20.4082279205322 20.3114032745361 20.256555557251 20.2128524780273 20.1630458831787 20.1243305206299 20.1141338348389
-3.4e+38 -3.4e+38 15.5761384963989 15.6886615753174 15.2447004318237 14.9121131896973 16.1030864715576 17.2917156219482 18.4106502532959 19.447681427002 20.0575752258301 20.2481861114502 20.3851184844971 20.5913887023926 20.6683139801025 20.745885848999 20.8781242370605 20.9818592071533 21.0033550262451 20.9392738342285 20.8233451843262 20.7460403442383 20.687557220459 20.6162509918213 20.5589046478271 20.5102729797363 20.4669170379639 20.4477939605713 20.4507064819336 20.4659233093262 20.4714088439941 20.512264251709 20.5404644012451 20.5559520721436 20.5711326599121 20.5787200927734 20.5950946807861 20.6227760314941 20.525728225708 20.4220180511475 20.3575172424316 20.2898120880127 20.2356777191162 20.2026329040527 20.1998996734619 20.2086334228516 20.2285270690918
-339999999999999996128486808808066248288.000000000000000 -3.4e+38 -3.4e+38 -3.4e+38 15.8011846542358 15.2999477386475 16.6513004302979 17.8042430877686 19.0602474212646 19.9154186248779 20.2676277160645 20.4464378356934 20.5909976959229 20.6385536193848 20.6409606933594 20.8025417327881 20.9887657165527 21.0714092254639 21.109935760498 21.026798248291 20.9112758636475 20.8207721710205 20.7189102172852 20.626428604126 20.5600910186768 20.4926929473877 20.459321975708 20.4180297851562 20.4090194702148 20.4358310699463 20.4629707336426 20.5052623748779 20.561731338501 20.6122150421143 20.6482124328613 20.6994800567627 20.7077217102051 20.548511505127 20.4654159545898 20.4367256164551 20.399242401123 20.3364391326904 20.3029441833496 20.3070220947266 20.317533493042 20.3248062133789 20.3706378936768
-3.4e+38 -3.4e+38 -3.4e+38 -3.4e+38 15.1844129562378 15.561372756958 17.0496578216553 18.2029914855957 19.2584571838379 19.9748821258545 20.3492527008057 20.5930004119873 20.6147365570068 20.5731525421143 20.6897010803223 20.8744068145752 21.0131874084473 21.1008567810059 21.1633586883545 21.1673564910889 21.0312442779541 20.8680839538574 20.7029590606689 20.6060829162598 20.5079936981201 20.4131126403809 20.4003524780273 20.3994159698486 20.4139938354492 20.4434242248535 20.5011291503906 20.6427307128906 20.7416343688965 20.7857093811035 20.8242607116699 20.7587413787842 20.6235771179199 20.5482139587402 20.4497852325439 20.4526786804199 20.478931427002 20.443962097168 20.4158611297607 20.4162635803223 20.4560203552246 20.5055770874023 20.5475883483887
-3.4e+38 -3.4e+38 -3.4e+38 -3.4e+38 14.7500915527344 15.6411914825439 17.2059936523438 18.352653503418 19.5345096588135 20.0370960235596 20.3653392791748 20.5547828674316 20.4969654083252 20.5377616882324 20.7699317932129 20.9247493743896 21.0219650268555 21.1393375396729 21.2121391296387 21.2310409545898 21.1672954559326 20.9485054016113 20.6984462738037 20.5943374633789 20.5090141296387 20.429817199707 20.4193325042725 20.4239883422852 20.4792346954346 20.5554103851318 20.6702175140381 20.7887897491455 20.8387870788574 20.8597431182861 20.8008193969727 20.7116241455078 20.6518650054932 20.5905437469482 20.5204620361328 20.4444274902344 20.4326457977295 20.471004486084 20.4952831268311 20.5048389434814 20.521333694458 20.5556621551514 20.6257095336914
-3.4e+38 -3.4e+38 -3.4e+38 -3.4e+38 16.1356563568115 15.5078077316284 17.0978240966797 18.257266998291 19.3676071166992 19.8728332519531 20.209789276123 20.4378795623779 20.4383487701416 20.5031604766846 20.8229904174805 20.9531631469727 21.0616893768311 21.1896343231201 21.2439575195312 21.2471446990967 21.2410793304443 21.119291305542 20.7396202087402 20.6214504241943 20.5299205780029 20.5030384063721 20.4823532104492 20.5133934020996 20.5724906921387 20.6430511474609 20.7657527923584 20.8203601837158 20.844799041748 20.8292636871338 20.8030872344971 20.8128547668457 20.8266468048096 20.8386917114258 20.8074321746826 20.7064914703369 20.5205688476562 20.4034156799316 20.4016551971436 20.4329071044922 20.4584980010986 20.5008945465088 20.5750980377197
-3.4e+38 -3.4e+38 -3.4e+38 -3.4e+38 15.7812633514404 15.3053522109985 16.7789058685303 17.9719295501709 18.9847812652588 19.8154487609863 20.3482284545898 20.4936656951904 20.3708915710449 20.5461711883545 20.9083099365234 20.9988555908203 21.1224269866943 21.2699489593506 21.2878799438477 21.304838180542 21.3079624176025 21.2386856079102 20.846851348877 20.657844543457 20.5860042572021 20.5738220214844 20.5855159759521 20.6072292327881 20.6040859222412 20.6942749023438 20.7679119110107 20.8112030029297 20.8712825775146 20.883602142334 20.8856830596924 20.8859386444092 20.9103736877441 20.9616947174072 20.9918022155762 20.9855880737305 20.901819229126 20.7354183197021 20.5324153900146 20.3847904205322 20.3477001190186 20.3811664581299 20.4351558685303
-3.4e+38 -3.4e+38 -3.4e+38 -3.4e+38 15.2276964187622 15.1870279312134 16.2697772979736 17.6610622406006 18.6501235961914 19.6278667449951 20.2707061767578 20.4324111938477 20.0829792022705 20.5766925811768 20.9619235992432 21.0827980041504 21.2210235595703 21.3460025787354 21.3682231903076 21.4045162200928 21.3878116607666 21.3053112030029 21.0383968353271 20.7002563476562 20.6402111053467 20.629861831665 20.6546154022217 20.6377792358398 20.6789474487305 20.732006072998 20.7888355255127 20.8967723846436 20.9652137756348 20.9757461547852 20.954381942749 20.9597187042236 20.9909992218018 21.048885345459 21.1103916168213 21.1311206817627 21.09983253479 21.0125999450684 20.900484085083 20.7657070159912 20.6318607330322 20.5434379577637 20.5097713470459
-3.4e+38 -3.4e+38 -3.4e+38 -3.4e+38 -3.4e+38 15.2441520690918 15.8499298095703 17.3759288787842 18.4159374237061 19.3261165618896 19.9197216033936 20.0319538116455 19.7668704986572 20.665283203125 21.0325794219971 21.165506362915 21.3059902191162 21.3961601257324 21.446439743042 21.4912281036377 21.4742031097412 21.3831081390381 21.1563491821289 20.8131122589111 20.6778011322021 20.7160663604736 20.7056064605713 20.6989479064941 20.7188339233398 20.7469730377197 20.8439502716064 20.9297180175781 20.9075527191162 20.8924007415771 20.9209327697754 21.0120410919189 21.0961723327637 21.1924057006836 21.2578754425049 21.2680988311768 21.2540626525879 21.2211780548096 21.1676959991455 21.0870113372803 20.9798698425293 20.8526153564453 20.7485389709473
-3.4e+38 -3.4e+38 -3.4e+38 -3.4e+38 -3.4e+38 16.269229888916 15.6703329086304 17.1555862426758 18.2626304626465 19.0699920654297 19.4206829071045 19.5150489807129 19.8433151245117 20.8022689819336 21.0961589813232 21.2288398742676 21.3699398040771 21.4506187438965 21.5035228729248 21.5574111938477 21.5343418121338 21.4413375854492 21.223108291626 20.9781684875488 20.7231464385986 20.7725200653076 20.7307624816895 20.692892074585 20.6959037780762 20.7602138519287 20.7604598999023 20.7193336486816 20.7120571136475 20.7498645782471 20.875431060791 21.0175933837891 21.1412868499756 21.2854709625244 21.3446464538574 21.3839721679688 21.4146003723145 21.4143409729004 21.3817710876465 21.3233318328857 21.2238254547119 21.128734588623 21.030725479126
-3.4e+38 -3.4e+38 -3.4e+38 -3.4e+38 -3.4e+38 16.2496795654297 15.4941606521606 17.0741996765137 18.2169570922852 18.9005661010742 19.2722034454346 19.4653453826904 20.2666530609131 20.9479751586914 21.1737041473389 21.3034133911133 21.4261322021484 21.4941234588623 21.5515422821045 21.5954456329346 21.5639572143555 21.4891891479492 21.2922039031982 21.1153469085693 20.8572521209717 20.794979095459 20.752685546875 20.7057437896729 20.7288112640381 20.697883605957 20.5837173461914 20.611421585083 20.6917247772217 20.7955417633057 20.9262847900391 21.0793800354004 21.2295188903809 21.3383636474609 21.4585628509521 21.5459136962891 21.6021633148193 21.6146659851074 21.5707378387451 21.5075340270996 21.4216232299805 21.3290271759033 21.2251605987549
-3.4e+38 -3.4e+38 -3.4e+38 -3.4e+38 -3.4e+38 -3.4e+38 15.6050405502319 17.0577564239502 18.2075481414795 18.8263645172119 19.2778358459473 19.7154846191406 20.5828170776367 21.0560073852539 21.2297592163086 21.3596076965332 21.472770690918 21.5231590270996 21.5773391723633 21.6240119934082 21.6028652191162 21.546854019165 21.3921298980713 21.1983661651611 21.0558662414551 20.8544178009033 20.7836627960205 20.7226638793945 20.7221164703369 20.7017440795898 20.6247100830078 20.6854839324951 20.7847328186035 20.8823413848877 21.017053604126 21.1913471221924 21.3252582550049 21.512544631958 21.6428985595703 21.6967544555664 21.6913795471191 21.6562519073486 21.606538772583 21.5578784942627 21.4927616119385 21.4235191345215 21.3483409881592
-3.4e+38 -3.4e+38 -3.4e+38 -3.4e+38 -3.4e+38 -3.4e+38 15.7839651107788 17.163875579834 18.2210960388184 18.889497756958 19.3729000091553 20.0372657775879 20.8149375915527 21.1357173919678 21.2952251434326 21.4121799468994 21.4939002990723 21.5512199401855 21.6021003723145 21.6552734375 21.6620903015137 21.6053733825684 21.5255756378174 21.2938346862793 21.1854267120361 20.9940700531006 20.8544330596924 20.7529716491699 20.687255859375 20.6706085205078 20.7170867919922 20.7960624694824 20.8750782012939 20.9796504974365 21.1448593139648 21.3644523620605 21.6047859191895 21.6957130432129 21.7382392883301 21.7401638031006 21.7281341552734 21.6942539215088 21.6464900970459 21.5958614349365 21.529821395874 21.453987121582 21.3861255645752
-3.4e+38 -3.4e+38 -3.4e+38 -3.4e+38 -3.4e+38 -3.4e+38 16.0461807250977 17.3348083496094 18.3772354125977 19.0744533538818 19.5754299163818 20.3701915740967 20.9140930175781 21.1399745941162 21.3333339691162 21.4580078125 21.5107250213623 21.5776023864746 21.6173629760742 21.6756172180176 21.7075824737549 21.6741600036621 21.6032581329346 21.4568386077881 21.2975540161133 21.1798419952393 21.0032806396484 20.8976287841797 20.8146018981934 20.7849197387695 20.8246021270752 20.913818359375 21.0240917205811 21.1936988830566 21.454963684082 21.6612167358398 21.7258205413818 21.7763290405273 21.8001861572266 21.7763328552246 21.753849029541 21.7214984893799 21.6808071136475 21.6361465454102 21.5693054199219 21.4887619018555 21.3990077972412
-3.4e+38 -3.4e+38 -3.4e+38 -3.4e+38 -3.4e+38 16.3421154022217 16.2638874053955 17.6656246185303 18.727424621582 19.3411064147949 19.9611434936523 20.7417793273926 20.9510326385498 21.1712322235107 21.4006843566895 21.5116920471191 21.5295143127441 21.5895347595215 21.6303539276123 21.6755104064941 21.7225284576416 21.7251453399658 21.6749114990234 21.579610824585 21.4615592956543 21.3702945709229 21.2379970550537 21.1206893920898 21.0615119934082 21.0494384765625 21.0830707550049 21.1846618652344 21.3426933288574 21.5621013641357 21.7226181030273 21.7487125396729 21.7960147857666 21.8234634399414 21.8215198516846 21.8231182098389 21.8193588256836 21.7682266235352 21.7004222869873 21.6457996368408 21.6024017333984 21.5430278778076 21.445650100708
-3.4e+38 -3.4e+38 -3.4e+38 -3.4e+38 16.7845802307129 16.4427127838135 16.7766075134277 18.2530364990234 19.062572479248 19.6548976898193 20.5620441436768 20.9021015167236 20.9796848297119 21.2516117095947 21.4795608520508 21.5509052276611 21.5659980773926 21.5952281951904 21.6320514678955 21.6708316802979 21.7061958312988 21.7290210723877 21.7329921722412 21.6838703155518 21.5992889404297 21.5133953094482 21.4795627593994 21.4295997619629 21.3830490112305 21.3845348358154 21.4274616241455 21.5193157196045 21.6358203887939 21.7471790313721 21.7665214538574 21.8189258575439 21.8334770202637 21.8595600128174 21.9001884460449 21.9331474304199 21.8956470489502 21.7916965484619 21.7031745910645 21.6406631469727 21.6047668457031 21.572696685791 21.5316047668457
