Ecospace-environmental-drivers/Outputs/ASCII-for-ecospace/Temp-surf/Temp-surf_X2004.01.asc
NCOLS 131 
NROWS 53 
XLLCORNER -98 
YLLCORNER 23.9265270233154 
CELLSIZE 0.133587792515755 
NODATA_value -3.4e+38 
[rows 0 to 20 of 53, columns 47 to 93 of 131]
-3.4e+38 -3.4e+38 -3.4e+38 -3.4e+38 -3.4e+38 -3.4e+38 -3.4e+38 -3.4e+38 -3.4e+38 -3.4e+38 -3.4e+38 -3.4e+38 -3.4e+38 -3.4e+38 -3.4e+38 -3.4e+38 -3.4e+38 -3.4e+38 -3.4e+38 -3.4e+38 -3.4e+38 -3.4e+38 -3.4e+38 -3.4e+38 -3.4e+38 -3.4e+38 -3.4e+38 -3.4e+38 -3.4e+38 -3.4e+38 -3.4e+38 -3.4e+38 -3.4e+38 -3.4e+38 -3.4e+38 -3.4e+38 -3.4e+38 -3.4e+38 -3.4e+38 -3.4e+38 -3.4e+38 -3.4e+38 -3.4e+38 -3.4e+38 -3.4e+38 -3.4e+38 -3.4e+38
-3.4e+38 -3.4e+38 -3.4e+38 -3.4e+38 -3.4e+38 -3.4e+38 -3.4e+38 -3.4e+38 -3.4e+38 -3.4e+38 -3.4e+38 -3.4e+38 -3.4e+38 -3.4e+38 -3.4e+38 -3.4e+38 -3.4e+38 -3.4e+38 -3.4e+38 -3.4e+38 -3.4e+38 -3.4e+38 -3.4e+38 -3.4e+38 -3.4e+38 -3.4e+38 -3.4e+38 -3.4e+38 -3.4e+38 -3.4e+38 -3.4e+38 -3.4e+38 -3.4e+38 -3.4e+38 -3.4e+38 -3.4e+38 -3.4e+38 -3.4e+38 -3.4e+38 -3.4e+38 -3.4e+38 -3.4e+38 -3.4e+38 -3.4e+38 -3.4e+38 -3.4e+38 -3.4e+38
-3.4e+38 -3.4e+38 -3.4e+38 -3.4e+38 -3.4e+38 -3.4e+38 -3.4e+38 -3.4e+38 -3.4e+38 -3.4e+38 -3.4e+38 -3.4e+38 -3.4e+38 -3.4e+38 -3.4e+38 -3.4e+38 -3.4e+38 -3.4e+38 -3.4e+38 -3.4e+38 -3.4e+38 -3.4e+38 -3.4e+38 -3.4e+38 -3.4e+38 -3.4e+38 -3.4e+38 14.1139783859253 14.143871307373 -3.4e+38 -3.4e+38 -3.4e+38 -3.4e+38 -3.4e+38 -3.4e+38 -3.4e+38 -3.4e+38 -3.4e+38 -3.4e+38 -3.4e+38 -3.4e+38 -3.4e+38 -3.4e+38 -3.4e+38 -3.4e+38 -3.4e+38 -3.4e+38
-3.4e+38 -3.4e+38 -3.4e+38 -3.4e+38 -3.4e+38 -3.4e+38 -3.4e+38 -3.4e+38 -3.4e+38 -3.4e+38 -3.4e+38 -3.4e+38 -3.4e+38 -3.4e+38 -3.4e+38 -3.4e+38 -3.4e+38 -3.4e+38 -3.4e+38 -3.4e+38 -3.4e+38 -3.4e+38 -3.4e+38 -3.4e+38 -3.4e+38 -3.4e+38 -3.4e+38 14.0803260803223 14.0920572280884 -3.4e+38 -3.4e+38 -3.4e+38 -3.4e+38 -3.4e+38 -3.4e+38 -3.4e+38 -3.4e+38 -3.4e+38 -3.4e+38 -3.4e+38 -3.4e+38 -3.4e+38 -3.4e+38 -3.4e+38 -3.4e+38 -3.4e+38 -3.4e+38
-3.4e+38 -3.4e+38 -3.4e+38 -3.4e+38 -3.4e+38 -3.4e+38 -3.4e+38 -3.4e+38 -3.4e+38 13.980278968811 13.980278968811 13.9845714569092 13.9694566726685 -3.4e+38 -3.4e+38 -3.4e+38 -3.4e+38 -3.4e+38 13.7008724212646 13.6552038192749 13.6254844665527 13.6902751922607 13.7742795944214 14.055627822876 14.2226238250732 14.2512102127075 14.1862602233887 14.1312799453735 14.4653358459473 14.9654140472412 -3.4e+38 -3.4e+38 16.4287166595459 16.7190818786621 16.484935760498 16.9025859832764 17.0915756225586 16.7902603149414 16.5438442230225 16.7594528198242 16.715763092041 16.886100769043 -3.4e+38 -3.4e+38 -3.4e+38 -3.4e+38 -3.4e+38
-3.4e+38 -3.4e+38 -3.4e+38 -3.4e+38 -3.4e+38 -3.4e+38 -3.4e+38 -3.4e+38 13.980278968811 13.980278968811 13.980278968811 13.980278968811 13.988862991333 13.9791040420532 13.9295797348022 -3.4e+38 13.8716897964478 13.782790184021 13.6822071075439 13.6832885742188 13.7849721908569 14.0172901153564 13.8021926879883 14.0737323760986 14.2465791702271 14.5899848937988 14.6447048187256 14.6480693817139 14.9676008224487 15.0171127319336 15.7546768188477 16.0746173858643 16.4417209625244 16.7698135375977 17.1798610687256 17.508321762085 17.7798099517822 17.7607936859131 17.4816799163818 17.2442893981934 17.2031059265137 16.9836711883545 16.64186668396 16.4254837036133 -3.4e+38 -3.4e+38 -3.4e+38
-3.4e+38 -3.4e+38 -3.4e+38 -3.4e+38 -3.4e+38 -3.4e+38 -3.4e+38 -3.4e+38 14.0083913803101 13.980278968811 13.980278968811 13.980278968811 13.980278968811 13.997447013855 14.0091114044189 13.9295797348022 13.9213895797729 13.8529996871948 13.7883195877075 13.6487216949463 13.9170618057251 14.7190732955933 15.5605897903442 16.0408973693848 16.3453426361084 16.6297664642334 16.6062335968018 16.2291965484619 16.1575508117676 16.3374786376953 16.7198696136475 17.3440284729004 17.7731552124023 17.9481105804443 18.43044090271 18.9491157531738 19.4975872039795 19.5445003509521 19.1343879699707 18.8180694580078 18.8235473632812 18.6067218780518 17.7791519165039 16.9384536743164 16.3586978912354 16.4164943695068 -3.4e+38
-3.4e+38 -3.4e+38 -3.4e+38 -3.4e+38 -3.4e+38 -3.4e+38 -3.4e+38 -3.4e+38 -3.4e+38 -3.4e+38 13.980278968811 13.980278968811 13.980278968811 -3.4e+38 14.0146150588989 14.1119699478149 14.1649827957153 14.1949996948242 14.0534315109253 13.9154987335205 14.025803565979 14.7623796463013 16.3672733306885 17.9109287261963 18.6334686279297 18.972770690918 18.9670600891113 18.6054763793945 18.2458591461182 18.3273735046387 18.6936683654785 18.9078464508057 19.0280113220215 19.0663604736328 19.4259338378906 20.0409469604492 20.5071506500244 20.5795021057129 20.3718357086182 19.9555568695068 19.7786560058594 19.7109031677246 18.9694690704346 18.0347652435303 17.0755386352539 16.3849258422852 15.8468141555786
-3.4e+38 -3.4e+38 -3.4e+38 -3.4e+38 -3.4e+38 -3.4e+38 -3.4e+38 -3.4e+38 -3.4e+38 -3.4e+38 -3.4e+38 -3.4e+38 -3.4e+38 -3.4e+38 14.050196647644 14.2882881164551 14.3908233642578 14.342248916626 14.4020433425903 14.3206396102905 14.3199501037598 14.8941125869751 16.7473411560059 18.3561935424805 19.2326812744141 19.5413379669189 19.5583362579346 19.4971199035645 19.3522071838379 19.2985687255859 19.4304218292236 19.6026344299316 19.6819343566895 20.0576095581055 20.5326099395752 20.7309703826904 20.7275543212891 20.6446304321289 20.5942153930664 20.5182857513428 20.3702087402344 20.2298698425293 19.6812000274658 18.8436603546143 18.0329246520996 17.0381259918213 16.1086521148682
14.1777381896973 -3.4e+38 -3.4e+38 -3.4e+38 -3.4e+38 -3.4e+38 -3.4e+38 -3.4e+38 -3.4e+38 -3.4e+38 14.8525238037109 14.739315032959 -3.4e+38 -3.4e+38 -3.4e+38 14.6486034393311 14.8080406188965 14.8252334594727 14.6898365020752 14.6427402496338 14.5797643661499 15.3949518203735 17.3527297973633 18.7615299224854 19.5125370025635 19.7306690216064 19.8320198059082 19.8498115539551 19.7455883026123 19.7160224914551 19.782958984375 19.9106483459473 20.1595306396484 20.6697254180908 20.828125 20.875358581543 20.8801326751709 20.8490447998047 20.739221572876 20.6188068389893 20.4934158325195 20.3594970703125 20.0357475280762 19.3783740997314 18.5933647155762 17.6505584716797 16.4982223510742
14.1795682907104 14.1632461547852 -3.4e+38 -3.4e+38 -3.4e+38 -3.4e+38 -3.4e+38 -3.4e+38 -3.4e+38 -3.4e+38 15.1162309646606 15.3906707763672 15.4983510971069 -3.4e+38 -3.4e+38 15.0240430831909 15.0724468231201 15.1374292373657 15.011157989502 14.8679037094116 15.1168184280396 16.9219245910645 18.6184158325195 19.880744934082 20.1058692932129 20.1888122558594 20.139741897583 20.0808868408203 20.0014019012451 19.9519481658936 19.9678497314453 20.1560764312744 20.5494327545166 20.8314094543457 20.8269386291504 20.8505115509033 20.9272880554199 21.0320796966553 21.05859375 20.9166584014893 20.6007766723633 20.4109191894531 20.1830959320068 19.68239402771 18.7544345855713 17.9384765625 16.8065757751465
14.4345235824585 14.3660593032837 14.524377822876 14.6986808776855 -3.4e+38 -3.4e+38 -3.4e+38 -3.4e+38 -3.4e+38 -3.4e+38 -3.4e+38 15.2647075653076 15.7464809417725 15.4983510971069 15.9781608581543 15.6408128738403 15.3319444656372 15.1603736877441 15.1892995834351 15.4086170196533 17.2421073913574 19.1817665100098 20.1707153320312 20.4533729553223 20.5179100036621 20.641092300415 20.5952014923096 20.3286056518555 20.1972885131836 20.1075191497803 20.2050762176514 20.4177131652832 20.7431163787842 20.7440376281738 20.6798305511475 20.7060604095459 20.8055095672607 20.9639148712158 21.1274337768555 21.2159614562988 21.1063079833984 20.7887897491455 20.416410446167 19.8711566925049 18.8266925811768 18.1206970214844 17.2031497955322
14.5887851715088 14.647102355957 14.7795763015747 14.7920875549316 -3.4e+38 -3.4e+38 -3.4e+38 -3.4e+38 14.9862365722656 15.062536239624 15.0437517166138 15.4325180053711 15.4856624603271 16.2554302215576 17.1348171234131 17.1493263244629 16.2823638916016 15.1732225418091 15.6553735733032 16.4803352355957 18.736536026001 20.088005065918 20.429557800293 20.5469818115234 20.6728610992432 20.7963809967041 20.8016262054443 20.7126483917236 20.7085380554199 20.6932983398438 20.771635055542 20.7713756561279 20.7488307952881 20.6606006622314 20.5979652404785 20.6103916168213 20.7579364776611 20.942361831665 21.1534519195557 21.2997932434082 21.3381938934326 21.2534675598145 20.9548530578613 20.3106937408447 19.3348178863525 18.9616165161133 18.6741790771484
14.7355184555054 14.8345241546631 14.8074264526367 14.7251434326172 14.7429809570312 14.7201795578003 14.7629919052124 14.8777227401733 15.0049686431885 15.2249736785889 15.4989976882935 15.0333366394043 16.1008434295654 17.7370777130127 18.4340648651123 17.7499008178711 17.0959091186523 17.1828289031982 17.2464847564697 18.2788047790527 18.7627334594727 20.2720928192139 20.651086807251 21.0254135131836 21.1833400726318 21.2838954925537 21.3362903594971 21.3313808441162 21.3196067810059 21.2949390411377 21.264627456665 21.1747932434082 20.9694957733154 20.7378902435303 20.624210357666 20.6285495758057 20.8180465698242 21.0179576873779 21.2702751159668 21.4084987640381 21.46728515625 21.4508285522461 21.3529243469238 21.074275970459 20.5029163360596 19.9577007293701 19.7979316711426
15.1276588439941 15.151065826416 14.7891931533813 14.6956329345703 14.939003944397 15.0387706756592 15.2013874053955 15.4673099517822 15.8854036331177 16.2902202606201 16.6672973632812 16.9859886169434 18.43430519104 19.4101161956787 19.6059722900391 19.3126068115234 18.6588516235352 17.9281749725342 18.9159755706787 19.3894882202148 20.0111846923828 20.766529083252 21.2786502838135 21.7067680358887 21.8911418914795 21.9366111755371 21.8792190551758 21.8003978729248 21.697093963623 21.5737705230713 21.4505157470703 21.3670196533203 21.2649002075195 21.1371841430664 20.9498405456543 20.8975715637207 21.0812759399414 21.2884311676025 21.472448348999 21.5186195373535 21.5336952209473 21.5396175384521 21.5082931518555 21.4368515014648 21.2548694610596 20.9800567626953 20.5780353546143
15.9624452590942 15.6229753494263 15.1472883224487 15.1172542572021 15.4665260314941 15.778715133667 15.9627552032471 16.3374176025391 17.0722942352295 17.8681240081787 18.5342617034912 19.2539367675781 19.6513366699219 19.8218402862549 19.8351974487305 19.8090934753418 19.6671543121338 19.3073844909668 20.049654006958 20.3431415557861 20.9686088562012 21.665922164917 22.0302677154541 22.1057300567627 22.0671691894531 21.9929637908936 21.865291595459 21.7721977233887 21.7108268737793 21.6745090484619 21.5788345336914 21.4794502258301 21.3629817962646 21.3037166595459 21.3274097442627 21.425745010376 21.4956588745117 21.5717506408691 21.5992031097412 21.5885562896729 21.5670261383057 21.5169868469238 21.5013275146484 21.4982414245605 21.4615802764893 21.3269500732422 21.0442905426025
16.9516925811768 16.3433227539062 15.7656593322754 15.7962274551392 16.257833480835 16.7610664367676 17.0733947753906 17.4335746765137 18.0558433532715 18.7870388031006 19.3654327392578 19.6285934448242 19.7432346343994 19.9408283233643 20.1957721710205 20.3891162872314 20.4319858551025 20.555290222168 21.0613975524902 21.5847187042236 22.008716583252 22.1434154510498 22.1164665222168 22.015209197998 21.9090919494629 21.8113079071045 21.7353610992432 21.6465549468994 21.5344066619873 21.5106754302979 21.5510025024414 21.549877166748 21.4921607971191 21.4354076385498 21.4420967102051 21.5475883483887 21.5813293457031 21.6330051422119 21.678653717041 21.5835552215576 21.4847640991211 21.3461513519287 21.3575420379639 21.3846092224121 21.421199798584 21.3984756469727 21.2929439544678
18.1668815612793 17.6800594329834 17.2537536621094 17.0232315063477 16.9486331939697 17.2224216461182 17.5866832733154 17.9226512908936 18.2835578918457 18.6853179931641 19.0650787353516 19.3411846160889 19.7750606536865 20.5223751068115 21.2775230407715 21.5293083190918 21.5810012817383 21.7256965637207 21.9943256378174 22.1593685150146 22.188024520874 22.0926322937012 21.9354858398438 21.8412857055664 21.7370700836182 21.6597213745117 21.6244621276855 21.639274597168 21.5307731628418 21.471643447876 21.4994773864746 21.546215057373 21.5379028320312 21.5750789642334 21.6017475128174 21.5663356781006 21.5548725128174 21.6764125823975 21.7072219848633 21.5641231536865 21.3768730163574 21.349588394165 21.3909893035889 21.406322479248 21.3581809997559 21.3199806213379 21.3102798461914
19.2211780548096 19.0031776428223 18.7285060882568 18.4306106567383 18.1693458557129 18.1205463409424 18.2876052856445 18.4750595092773 18.7426738739014 18.9438495635986 19.0090103149414 19.2091407775879 19.9945907592773 21.25998878479 21.7855854034424 21.9148998260498 21.9795074462891 22.0695686340332 22.1558666229248 22.1529197692871 22.0910148620605 21.9556922912598 21.8593311309814 21.7944831848145 21.7577304840088 21.7110252380371 21.6788311004639 21.6824321746826 21.5743999481201 21.4738235473633 21.5226993560791 21.5882301330566 21.653284072876 21.7110633850098 21.6885318756104 21.6974964141846 21.6529102325439 21.6957721710205 21.7961902618408 21.7681312561035 21.7728881835938 21.7812557220459 21.6859931945801 21.5781059265137 21.5108432769775 21.4410018920898 21.3386726379395
19.7912178039551 19.7588710784912 19.6505069732666 19.5004119873047 19.3246173858643 19.1795711517334 19.1102733612061 19.0885677337646 19.0868129730225 19.1487159729004 19.2547721862793 19.7137680053711 20.7933883666992 21.7194328308105 21.9420623779297 22.0259017944336 22.0908737182617 22.1670188903809 22.1494083404541 22.0907936096191 22.0387229919434 21.932243347168 21.8730964660645 21.846700668335 21.8144664764404 21.7814464569092 21.7443981170654 21.7383651733398 21.6853256225586 21.6319751739502 21.7052707672119 21.8262462615967 21.9000797271729 21.9105911254883 21.9097805023193 21.9879302978516 22.0608501434326 22.1192169189453 22.1437587738037 22.2280654907227 22.2566013336182 22.1805267333984 22.1216983795166 21.9313144683838 21.6599407196045 21.4938182830811 21.4088726043701
20.0650272369385 20.0504856109619 20.0647640228271 20.0584831237793 20.0001182556152 19.912088394165 19.8718643188477 19.8610935211182 19.8512954711914 19.8064594268799 20.191535949707 21.1273097991943 21.700065612793 21.9211120605469 22.0368900299072 22.1027050018311 22.1513118743896 22.1664447784424 22.1465663909912 22.0983772277832 22.05690574646 21.983341217041 21.965274810791 21.9241218566895 21.8829765319824 21.8722724914551 21.8450012207031 21.8374309539795 21.8047733306885 21.7695369720459 21.7933349609375 21.8534488677979 21.9035625457764 22.024112701416 22.1791000366211 22.3770980834961 22.5760593414307 22.7142448425293 22.8592643737793 22.9920330047607 22.949535369873 22.7584838867188 22.5630397796631 22.2873420715332 21.8643207550049 21.5668258666992 21.3992481231689
