Ecospace-environmental-drivers/Outputs/ASCII-for-ecospace/Temp-surf/Temp-surf_X2008.12.asc
NCOLS 131 
NROWS 53 
XLLCORNER -98 
YLLCORNER 23.9265270233154 
CELLSIZE 0.133587792515755 
NODATA_value -3.4e+38 
[rows 21 to 41 of 53, columns 47 to 93 of 131]
22.6686344146729 22.6614990234375 22.7164649963379 22.7796630859375 22.7981967926025 22.7680282592773 22.7955303192139 22.7559986114502 22.6905040740967 22.685567855835 22.7395153045654 22.8996696472168 22.9346523284912 22.9215202331543 22.9536075592041 23.0396213531494 23.119234085083 23.2364253997803 23.4253673553467 23.5249423980713 23.478588104248 23.4343681335449 23.4276733398438 23.4485721588135 23.4967021942139 23.5366954803467 23.5756549835205 23.5987281799316 23.6277332305908 23.6373081207275 23.6239986419678 23.5717334747314 23.5337314605713 23.4160346984863 23.2296333312988 23.1267395019531 22.8769588470459 22.6493759155273 22.5570526123047 22.4816246032715 22.41845703125 22.369987487793 22.3135623931885 22.264820098877 22.3940010070801 22.414176940918 22.4152278900146
23.0033321380615 23.0037117004395 22.9912014007568 22.9485778808594 22.9067249298096 22.9257068634033 23.0304164886475 23.0772514343262 23.0076999664307 22.9803295135498 23.0416259765625 23.1419582366943 23.0903987884521 23.0830097198486 23.1495094299316 23.2396125793457 23.3089294433594 23.4100208282471 23.5557975769043 23.5805263519287 23.5193653106689 23.4810848236084 23.4669132232666 23.4919357299805 23.5615367889404 23.6104030609131 23.6542892456055 23.6799945831299 23.7233486175537 23.7202186584473 23.6919574737549 23.6392192840576 23.5575428009033 23.5346851348877 23.368293762207 23.2121677398682 23.0500907897949 22.7920608520508 22.6742038726807 22.605899810791 22.500337600708 22.4067211151123 22.3180389404297 22.3370742797852 22.4321041107178 22.4635467529297 22.5058422088623
23.2567729949951 23.2542572021484 23.2190799713135 23.129753112793 23.0303325653076 23.0948371887207 23.1604671478271 23.2153148651123 23.2202568054199 23.1751556396484 23.1942501068115 23.2110900878906 23.1589775085449 23.2028942108154 23.3105850219727 23.3966445922852 23.4396286010742 23.408655166626 23.4446334838867 23.4808673858643 23.4483299255371 23.4477996826172 23.4894752502441 23.5388698577881 23.624927520752 23.6872577667236 23.7198848724365 23.7358074188232 23.7514019012451 23.754322052002 23.7516994476318 23.7629280090332 23.6832427978516 23.5777587890625 23.5328006744385 23.4289588928223 23.2807159423828 23.0749683380127 22.9122524261475 22.8282985687256 22.7178630828857 22.6019477844238 22.5496673583984 22.5604248046875 22.5881385803223 22.5938129425049 22.6069011688232
23.4112396240234 23.4208431243896 23.3860416412354 23.2865905761719 23.1909408569336 23.2268867492676 23.2675457000732 23.2844791412354 23.3022918701172 23.2594718933105 23.2386283874512 23.2555370330811 23.2648735046387 23.2783679962158 23.3432674407959 23.393440246582 23.4054508209229 23.3896007537842 23.3630962371826 23.3766632080078 23.4159412384033 23.4615325927734 23.5130348205566 23.5639820098877 23.6124820709229 23.6587791442871 23.706449508667 23.7573928833008 23.7998733520508 23.8435516357422 23.8466110229492 23.8603668212891 23.8465957641602 23.7493743896484 23.5965442657471 23.5228309631348 23.4899597167969 23.4129047393799 23.3519287109375 23.3857536315918 23.362771987915 23.2931270599365 23.2224731445312 23.156005859375 23.0669765472412 22.9601917266846 22.8806800842285
23.5427207946777 23.5395965576172 23.5084819793701 23.4268379211426 23.3245811462402 23.336971282959 23.3616638183594 23.373851776123 23.3241767883301 23.310474395752 23.3246078491211 23.318567276001 23.281005859375 23.2986793518066 23.3583545684814 23.3874988555908 23.4143810272217 23.439811706543 23.4702281951904 23.5130386352539 23.5702705383301 23.6440372467041 23.708854675293 23.7672653198242 23.8233070373535 23.864372253418 23.9041748046875 23.9547920227051 23.9865455627441 23.9885005950928 23.9950370788574 24.0089988708496 24.0114612579346 23.9512557983398 23.8263187408447 23.6290435791016 23.5791320800781 23.6081867218018 23.6572170257568 23.6589069366455 23.6585025787354 23.6322937011719 23.6348667144775 23.6093864440918 23.5460739135742 23.4223918914795 23.2637996673584
23.6929321289062 23.6474876403809 23.5704212188721 23.508975982666 23.4376602172852 23.4055728912354 23.4284343719482 23.4111633300781 23.3723659515381 23.3553028106689 23.3989009857178 23.4230976104736 23.4124546051025 23.4572925567627 23.5228004455566 23.5851917266846 23.6143093109131 23.6502208709717 23.699390411377 23.7669258117676 23.8407592773438 23.9181346893311 23.98046875 24.0201282501221 24.0654296875 24.1210517883301 24.1655941009521 24.2193470001221 24.2538261413574 24.2495269775391 24.2619438171387 24.2632656097412 24.2488918304443 24.1823463439941 24.0658512115479 23.9089412689209 23.7857112884521 23.7440223693848 23.7178039550781 23.7424259185791 23.7491874694824 23.7957820892334 23.8773288726807 23.8747520446777 23.7703113555908 23.6289958953857 23.4762783050537
23.8104038238525 23.7413482666016 23.6605644226074 23.5712375640869 23.5125045776367 23.4577255249023 23.4650020599365 23.45241355896 23.4434413909912 23.452220916748 23.4929275512695 23.5379333496094 23.5821437835693 23.6386547088623 23.660270690918 23.6843738555908 23.7441062927246 23.8331432342529 23.9294662475586 24.0172004699707 24.0960235595703 24.1834506988525 24.2617855072021 24.3436508178711 24.42138671875 24.4976177215576 24.5583000183105 24.611743927002 24.6449508666992 24.6444072723389 24.6196804046631 24.594331741333 24.5319080352783 24.4741306304932 24.3693580627441 24.212251663208 24.024263381958 23.9223728179932 23.8304824829102 23.821813583374 23.8487510681152 23.9254665374756 24.0001354217529 24.0542278289795 23.9761333465576 23.8106002807617 23.6520366668701
23.9070053100586 23.8285217285156 23.7467002868652 23.654109954834 23.5618686676025 23.49977684021 23.5033016204834 23.4984359741211 23.5204524993896 23.5720062255859 23.6264457702637 23.6763191223145 23.7172412872314 23.7220039367676 23.7472305297852 23.8234729766846 23.9482231140137 24.0734081268311 24.1562690734863 24.239725112915 24.3513298034668 24.4458255767822 24.5252513885498 24.6067428588867 24.6936092376709 24.7775993347168 24.8511867523193 24.9081878662109 24.9531116485596 24.9796676635742 24.9512004852295 24.8823986053467 24.81982421875 24.7467956542969 24.6496677398682 24.50390625 24.2942142486572 24.1103401184082 23.9758605957031 23.9462814331055 23.959939956665 24.0242099761963 24.0198383331299 24.0062122344971 23.9599494934082 23.8579006195068 23.7488040924072
23.9597473144531 23.8639488220215 23.76975440979 23.6593017578125 23.5722599029541 23.5356864929199 23.5515327453613 23.5855598449707 23.6662483215332 23.7390651702881 23.7912616729736 23.7918567657471 23.8171329498291 23.8599510192871 23.9244594573975 24.0100269317627 24.1357097625732 24.246150970459 24.3255138397217 24.4240875244141 24.5276184082031 24.6322746276855 24.7362174987793 24.8574047088623 24.9615821838379 25.0486068725586 25.1250743865967 25.1922912597656 25.233434677124 25.245532989502 25.238374710083 25.1879138946533 25.0992488861084 25.0153274536133 24.9259777069092 24.7907829284668 24.6155643463135 24.3593616485596 24.1522808074951 24.0595169067383 24.055627822876 24.081241607666 24.0802459716797 23.9919948577881 23.8645286560059 23.7755146026611 23.7055149078369
24.0624523162842 23.9526805877686 23.8407859802246 23.7392101287842 23.7057456970215 23.7076435089111 23.738561630249 23.7832508087158 23.8188934326172 23.8555030822754 23.8557453155518 23.8916130065918 23.9596996307373 23.9936065673828 24.0553970336914 24.1810111999512 24.3065395355225 24.3890743255615 24.4685516357422 24.5971508026123 24.7207851409912 24.8548889160156 24.9996719360352 25.1464157104492 25.2744922637939 25.3708477020264 25.4348106384277 25.4701976776123 25.4852085113525 25.469596862793 25.4266052246094 25.3871936798096 25.3267002105713 25.2233638763428 25.1390552520752 25.0222282409668 24.8561897277832 24.6829776763916 24.4458847045898 24.2434120178223 24.1908721923828 24.2153282165527 24.1594505310059 24.0097370147705 23.8414344787598 23.8032665252686 23.7431983947754
24.1969680786133 24.0382194519043 23.9028835296631 23.8329334259033 23.8194847106934 23.839469909668 23.8939781188965 23.9341144561768 23.8941802978516 23.9227085113525 23.9147987365723 23.9792022705078 24.0629177093506 24.1122074127197 24.2045574188232 24.3143100738525 24.4136638641357 24.4985122680664 24.6212005615234 24.7942180633545 24.9346370697021 25.1050682067871 25.2716884613037 25.4145374298096 25.505069732666 25.551456451416 25.5695667266846 25.5787220001221 25.5807247161865 25.5719985961914 25.5454406738281 25.5029239654541 25.4624195098877 25.3817195892334 25.2789707183838 25.196008682251 25.0428695678711 24.8844146728516 24.7224674224854 24.4845333099365 24.3297576904297 24.3169460296631 24.2344245910645 24.0652904510498 23.9422092437744 23.8969879150391 23.8044929504395
24.2994136810303 24.1552467346191 23.9833679199219 23.9210510253906 23.9063720703125 23.9672031402588 24.0149154663086 24.001579284668 23.9267654418945 23.9510936737061 23.9636344909668 24.0478248596191 24.1371593475342 24.2123279571533 24.2952709197998 24.4158821105957 24.5100212097168 24.6048450469971 24.7742443084717 24.9569988250732 25.1366710662842 25.3062782287598 25.4513492584229 25.5526161193848 25.586088180542 25.5864219665527 25.5710353851318 25.574068069458 25.559534072876 25.5544281005859 25.5625247955322 25.5516262054443 25.5218544006348 25.4799633026123 25.3946800231934 25.3015727996826 25.1898880004883 25.0408897399902 24.8810539245605 24.7110443115234 24.4943771362305 24.3984260559082 24.2580223083496 24.1394729614258 24.0794086456299 23.9346046447754 23.7991352081299
24.2972221374512 24.2456951141357 24.1020984649658 24.005464553833 24.0279273986816 24.0696411132812 24.1007995605469 24.0336780548096 23.957275390625 23.9989051818848 24.0217933654785 24.1033687591553 24.1908874511719 24.2678031921387 24.364559173584 24.465747833252 24.585376739502 24.7236042022705 24.8935031890869 25.1222629547119 25.272575378418 25.4112644195557 25.5185241699219 25.5642776489258 25.5666046142578 25.5516414642334 25.5377349853516 25.5307941436768 25.5207443237305 25.520378112793 25.5325908660889 25.5352821350098 25.5340976715088 25.5142440795898 25.4517612457275 25.3721580505371 25.2634029388428 25.1382141113281 25.004638671875 24.8493175506592 24.6305732727051 24.4566020965576 24.2815532684326 24.2151699066162 24.098051071167 23.9087524414062 23.8676490783691
24.2764301300049 24.2701930999756 24.1722583770752 24.1417274475098 24.1781768798828 24.163013458252 24.1656875610352 24.0571231842041 24.0420227050781 24.0652828216553 24.0785617828369 24.1125755310059 24.2146778106689 24.3065280914307 24.3596858978271 24.5108470916748 24.6798362731934 24.8126659393311 25.0103721618652 25.2175827026367 25.3504238128662 25.4604587554932 25.5322017669678 25.5492362976074 25.5330123901367 25.5138912200928 25.4979209899902 25.494722366333 25.4950942993164 25.502025604248 25.5108013153076 25.5154342651367 25.5141201019287 25.5141143798828 25.479362487793 25.4118309020996 25.3101348876953 25.1810150146484 25.0855007171631 24.9447574615479 24.7321300506592 24.4582977294922 24.3391551971436 24.1940059661865 23.9651947021484 23.9099369049072 23.9237442016602
24.2979030609131 24.2978343963623 24.2020587921143 24.1630687713623 24.2459201812744 24.2253131866455 24.2007732391357 24.0956382751465 24.098424911499 24.0930767059326 24.1205081939697 24.1160507202148 24.2044830322266 24.3075103759766 24.3807468414307 24.5709552764893 24.7444972991943 24.8715877532959 25.073902130127 25.2941398620605 25.4008979797363 25.4778671264648 25.5318012237549 25.5283184051514 25.5100765228271 25.4977550506592 25.4988994598389 25.4932613372803 25.4897575378418 25.486328125 25.4899616241455 25.5025405883789 25.5067234039307 25.5121383666992 25.4867916107178 25.4375343322754 25.3412494659424 25.2171382904053 25.1271934509277 25.0087623596191 24.7902507781982 24.4356021881104 24.322868347168 24.1086101531982 23.9964771270752 24.0342388153076 24.0511684417725
24.366735458374 24.3152542114258 24.2704849243164 24.1873722076416 24.2113723754883 24.2392177581787 24.2378978729248 24.085578918457 24.0653476715088 24.1100616455078 24.1385345458984 24.1596260070801 24.210355758667 24.300745010376 24.4046382904053 24.5928173065186 24.7838611602783 24.9187641143799 25.1237850189209 25.325813293457 25.4022312164307 25.487943649292 25.5183582305908 25.5176258087158 25.5045013427734 25.4976577758789 25.5000305175781 25.4956970214844 25.4870414733887 25.4684391021729 25.4710998535156 25.4852657318115 25.5039901733398 25.5061225891113 25.4968605041504 25.4492053985596 25.3524074554443 25.2480182647705 25.1554012298584 25.0357799530029 24.7709980010986 24.4378910064697 24.2405700683594 24.1373023986816 24.1281108856201 24.1694984436035 24.197416305542
24.4347286224365 24.3648052215576 24.3034553527832 24.2607612609863 24.2342090606689 24.2373142242432 24.2513332366943 24.0932025909424 24.0391120910645 24.1135559082031 24.2014503479004 24.2591590881348 24.2574062347412 24.3193416595459 24.4312553405762 24.599702835083 24.8259449005127 24.9606685638428 25.1378040313721 25.324312210083 25.4192676544189 25.4900894165039 25.5029144287109 25.5153160095215 25.5158195495605 25.5097236633301 25.4978561401367 25.4870758056641 25.4800872802734 25.4735088348389 25.4717311859131 25.4773178100586 25.4946823120117 25.4994106292725 25.5017356872559 25.454532623291 25.3579158782959 25.2565460205078 25.1830959320068 24.9990310668945 24.7312297821045 24.4324855804443 24.1844100952148 24.1413593292236 24.1754302978516 24.2362728118896 24.3113918304443
24.4557952880859 24.4082984924316 24.325569152832 24.3015155792236 24.2852115631104 24.2629165649414 24.2530708312988 24.14919090271 24.0420894622803 24.1210765838623 24.2571277618408 24.3158950805664 24.293773651123 24.3283977508545 24.4538497924805 24.6314105987549 24.8496398925781 24.9930820465088 25.137716293335 25.319652557373 25.4304447174072 25.4756546020508 25.5028762817383 25.5190334320068 25.524845123291 25.5097618103027 25.4988079071045 25.4857769012451 25.4683990478516 25.4573574066162 25.4609680175781 25.4790191650391 25.4859294891357 25.5042419433594 25.4862651824951 25.4434013366699 25.3445682525635 25.2521839141846 25.1730651855469 24.9216060638428 24.6919593811035 24.4017295837402 24.123348236084 24.0767688751221 24.1595554351807 24.290376663208 24.3880081176758
24.4623374938965 24.4256267547607 24.3654270172119 24.3336524963379 24.3124732971191 24.2931499481201 24.269603729248 24.2214126586914 24.0966472625732 24.1035747528076 24.2007522583008 24.3311614990234 24.3308086395264 24.3505096435547 24.4906978607178 24.652214050293 24.8317184448242 25.0102767944336 25.1313705444336 25.3032073974609 25.4146022796631 25.4684810638428 25.49045753479 25.5092582702637 25.5186061859131 25.5122718811035 25.5010204315186 25.4851226806641 25.4669971466064 25.4639835357666 25.4659862518311 25.478099822998 25.4884662628174 25.4986534118652 25.4742221832275 25.4183692932129 25.3313751220703 25.2489051818848 25.0919609069824 24.8496494293213 24.6074523925781 24.4134712219238 24.1975498199463 24.1146106719971 24.1859283447266 24.3465557098389 24.4905891418457
24.4757862091064 24.4483528137207 24.3951721191406 24.3595008850098 24.3394088745117 24.3166313171387 24.2751750946045 24.2298946380615 24.1447257995605 24.0936527252197 24.1543960571289 24.2878189086914 24.348560333252 24.3672962188721 24.5031909942627 24.65553855896 24.8175201416016 25.0472202301025 25.1285419464111 25.2734050750732 25.388521194458 25.4572677612305 25.4860763549805 25.4931163787842 25.5073509216309 25.512565612793 25.5068206787109 25.484354019165 25.4758701324463 25.4665851593018 25.4703483581543 25.4776096343994 25.4927577972412 25.4873714447021 25.4581985473633 25.402307510376 25.3264904022217 25.1974830627441 25.0249004364014 24.7711086273193 24.5672092437744 24.394603729248 24.2653427124023 24.1930274963379 24.2424850463867 24.4543476104736 24.6240386962891
24.4947834014893 24.4725131988525 24.4257926940918 24.3902778625488 24.3450908660889 24.32177734375 24.3076419830322 24.2758083343506 24.2064304351807 24.1242542266846 24.1240005493164 24.2113494873047 24.3325901031494 24.3732643127441 24.5030632019043 24.6532325744629 24.8127784729004 25.0445079803467 25.147632598877 25.247766494751 25.3596153259277 25.4412384033203 25.4734745025635 25.4786167144775 25.5014343261719 25.5057163238525 25.4981327056885 25.4826946258545 25.4747352600098 25.4704341888428 25.4645957946777 25.4777755737305 25.4912357330322 25.4790344238281 25.4402713775635 25.4006729125977 25.2764701843262 25.1240253448486 24.9545021057129 24.7069816589355 24.5018348693848 24.3579139709473 24.2967796325684 24.2897758483887 24.3393630981445 24.5929889678955 24.7181243896484
