Ecospace-environmental-drivers/Outputs/ASCII-for-ecospace/Temp-surf/Temp-surf_X1998.02.asc
NCOLS 131 
NROWS 53 
XLLCORNER -98 
YLLCORNER 23.9265270233154 
CELLSIZE 0.133587792515755 
NODATA_value -3.4e+38 
[rows 0 to 20 of 53, columns 47 to 93 of 131]
-3.4e+38 -3.4e+38 -3.4e+38 -3.4e+38 -3.4e+38 -3.4e+38 -3.4e+38 -3.4e+38 -3.4e+38 -3.4e+38 -3.4e+38 -3.4e+38 -3.4e+38 -3.4e+38 -3.4e+38 -3.4e+38 -3.4e+38 -3.4e+38 -3.4e+38 -3.4e+38 -3.4e+38 -3.4e+38 -3.4e+38 -3.4e+38 -3.4e+38 -3.4e+38 -3.4e+38 -3.4e+38 -3.4e+38 -3.4e+38 -3.4e+38 -3.4e+38 -3.4e+38 -3.4e+38 -3.4e+38 -3.4e+38 -3.4e+38 -3.4e+38 -3.4e+38 -3.4e+38 -3.4e+38 -3.4e+38 -3.4e+38 -3.4e+38 -3.4e+38 -3.4e+38 -3.4e+38
-3.4e+38 -3.4e+38 -3.4e+38 -3.4e+38 -3.4e+38 -3.4e+38 -3.4e+38 -3.4e+38 -3.4e+38 -3.4e+38 -3.4e+38 -3.4e+38 -3.4e+38 -3.4e+38 -3.4e+38 -3.4e+38 -3.4e+38 -3.4e+38 -3.4e+38 -3.4e+38 -3.4e+38 -3.4e+38 -3.4e+38 -3.4e+38 -3.4e+38 -3.4e+38 -3.4e+38 -3.4e+38 -3.4e+38 -3.4e+38 -3.4e+38 -3.4e+38 -3.4e+38 -3.4e+38 -3.4e+38 -3.4e+38 -3.4e+38 -3.4e+38 -3.4e+38 -3.4e+38 -3.4e+38 -3.4e+38 -3.4e+38 -3.4e+38 -3.4e+38 -3.4e+38 -3.4e+38
-3.4e+38 -3.4e+38 -3.4e+38 -3.4e+38 -3.4e+38 -3.4e+38 -3.4e+38 -3.4e+38 -3.4e+38 -3.4e+38 -3.4e+38 -3.4e+38 -3.4e+38 -3.4e+38 -3.4e+38 -3.4e+38 -3.4e+38 -3.4e+38 -3.4e+38 -3.4e+38 -3.4e+38 -3.4e+38 -3.4e+38 -3.4e+38 -3.4e+38 -3.4e+38 -3.4e+38 15.3756313323975 15.3601608276367 -3.4e+38 -3.4e+38 -3.4e+38 -3.4e+38 -3.4e+38 -3.4e+38 -3.4e+38 -3.4e+38 -3.4e+38 -3.4e+38 -3.4e+38 -3.4e+38 -3.4e+38 -3.4e+38 -3.4e+38 -3.4e+38 -3.4e+38 -3.4e+38
-3.4e+38 -3.4e+38 -3.4e+38 -3.4e+38 -3.4e+38 -3.4e+38 -3.4e+38 -3.4e+38 -3.4e+38 -3.4e+38 -3.4e+38 -3.4e+38 -3.4e+38 -3.4e+38 -3.4e+38 -3.4e+38 -3.4e+38 -3.4e+38 -3.4e+38 -3.4e+38 -3.4e+38 -3.4e+38 -3.4e+38 -3.4e+38 -3.4e+38 -3.4e+38 -3.4e+38 15.3185472488403 15.2352476119995 -3.4e+38 -3.4e+38 -3.4e+38 -3.4e+38 -3.4e+38 -3.4e+38 -3.4e+38 -3.4e+38 -3.4e+38 -3.4e+38 -3.4e+38 -3.4e+38 -3.4e+38 -3.4e+38 -3.4e+38 -3.4e+38 -3.4e+38 -3.4e+38
-3.4e+38 -3.4e+38 -3.4e+38 -3.4e+38 -3.4e+38 -3.4e+38 -3.4e+38 -3.4e+38 -3.4e+38 15.707857131958 15.707857131958 15.7107429504395 15.678991317749 -3.4e+38 -3.4e+38 -3.4e+38 -3.4e+38 -3.4e+38 15.3695583343506 15.3203897476196 15.3959321975708 15.3443279266357 15.282112121582 15.3928718566895 15.4390544891357 15.530237197876 15.4410018920898 15.2839393615723 15.5041198730469 15.936146736145 -3.4e+38 -3.4e+38 15.5835866928101 15.6971778869629 15.7516422271729 15.8039722442627 15.9154071807861 15.890248298645 15.8123750686646 15.8409404754639 15.8536539077759 15.8728485107422 -3.4e+38 -3.4e+38 -3.4e+38 -3.4e+38 -3.4e+38
-3.4e+38 -3.4e+38 -3.4e+38 -3.4e+38 -3.4e+38 -3.4e+38 -3.4e+38 -3.4e+38 15.707857131958 15.707857131958 15.707857131958 15.707857131958 15.7136297225952 15.6827058792114 15.6117725372314 -3.4e+38 15.5542888641357 15.5006608963013 15.3592386245728 15.2979459762573 15.1622743606567 15.1262874603271 15.1217832565308 15.1195888519287 15.1151466369629 15.1556720733643 15.171196937561 15.2093095779419 15.4479703903198 15.9015293121338 15.4660711288452 15.5036525726318 15.5802888870239 15.6668176651001 15.7899627685547 15.9527015686035 16.1178741455078 16.1697692871094 16.1467704772949 16.0730094909668 16.0040493011475 15.8894720077515 15.7442207336426 15.6326427459717 -3.4e+38 -3.4e+38 -3.4e+38
-3.4e+38 -3.4e+38 -3.4e+38 -3.4e+38 -3.4e+38 -3.4e+38 -3.4e+38 -3.4e+38 15.7211513519287 15.707857131958 15.707857131958 15.707857131958 15.707857131958 15.7194023132324 15.6917915344238 15.6117725372314 15.5949363708496 15.5097875595093 15.4688606262207 15.2637996673584 15.0516996383667 15.0789709091187 15.1221742630005 15.1167116165161 15.1157569885254 15.1934661865234 15.2674045562744 15.2373046875 15.3001861572266 15.4002666473389 15.5343971252441 15.7854681015015 15.9718151092529 16.1720008850098 16.5482082366943 17.0031414031982 17.3474750518799 17.3006610870361 17.1174125671387 16.9310340881348 16.735034942627 16.3919849395752 16.092378616333 15.7906827926636 15.4982290267944 15.6002655029297 -3.4e+38
-3.4e+38 -3.4e+38 -3.4e+38 -3.4e+38 -3.4e+38 -3.4e+38 -3.4e+38 -3.4e+38 -3.4e+38 -3.4e+38 15.707857131958 15.707857131958 15.707857131958 -3.4e+38 15.7309465408325 15.716591835022 15.7940912246704 15.8004970550537 15.6784029006958 15.515212059021 15.3587427139282 15.3597421646118 15.3041753768921 15.5156145095825 15.8096952438354 15.992377281189 16.0315170288086 15.990891456604 15.9169521331787 15.967601776123 16.1921634674072 16.4552116394043 16.6889705657959 17.0017280578613 17.5295658111572 18.0349311828613 18.2203483581543 18.1499137878418 17.9321727752686 17.7324867248535 17.5199451446533 17.0669021606445 16.4446754455566 16.1396369934082 15.8318309783936 15.5305652618408 15.5404357910156
-3.4e+38 -3.4e+38 -3.4e+38 -3.4e+38 -3.4e+38 -3.4e+38 -3.4e+38 -3.4e+38 -3.4e+38 -3.4e+38 -3.4e+38 -3.4e+38 -3.4e+38 -3.4e+38 15.7435493469238 15.8674068450928 15.8935508728027 15.8708400726318 15.8956966400146 15.8275146484375 15.7269601821899 15.5842914581299 15.4654035568237 15.657398223877 16.0983028411865 16.428108215332 16.4813594818115 16.4503059387207 16.4167194366455 16.4390869140625 16.630090713501 16.9969425201416 17.3969326019287 17.7475624084473 18.1964416503906 18.4235401153564 18.4613800048828 18.4885711669922 18.3825931549072 18.1851139068604 18.0013637542725 17.6408042907715 16.9440059661865 16.4598236083984 16.1786766052246 15.8580865859985 15.5673170089722
16.0742645263672 -3.4e+38 -3.4e+38 -3.4e+38 -3.4e+38 -3.4e+38 -3.4e+38 -3.4e+38 -3.4e+38 -3.4e+38 16.2165374755859 16.0668125152588 -3.4e+38 -3.4e+38 -3.4e+38 15.9930973052979 16.0947132110596 16.1107177734375 16.0298004150391 15.956335067749 15.8560104370117 15.59157371521 15.5936212539673 15.8506698608398 16.4113578796387 16.7078342437744 16.7820072174072 16.7152404785156 16.6912174224854 16.6928787231445 16.884693145752 17.3405876159668 17.7169723510742 18.0807209014893 18.5648765563965 18.6648616790771 18.6562671661377 18.6596641540527 18.5898685455322 18.5135459899902 18.285608291626 17.8593463897705 17.3060169219971 16.8208847045898 16.4576091766357 16.1866855621338 15.7868776321411
16.0768508911133 16.0547561645508 -3.4e+38 -3.4e+38 -3.4e+38 -3.4e+38 -3.4e+38 -3.4e+38 -3.4e+38 -3.4e+38 16.4306221008301 16.3903694152832 16.4257678985596 -3.4e+38 -3.4e+38 16.1166248321533 16.1431903839111 16.2289848327637 16.1431980133057 16.0147686004639 15.7910976409912 15.7358112335205 15.9005813598633 16.3988342285156 16.8790378570557 16.9848365783691 17.0214252471924 17.0650310516357 17.1007671356201 17.1246929168701 17.2956295013428 17.6055850982666 17.9010448455811 18.3981800079346 18.7356700897217 18.7771377563477 18.8035621643066 18.8018245697021 18.7566604614258 18.6732940673828 18.4022579193115 18.0316009521484 17.5531063079834 17.144063949585 16.7777004241943 16.4007434844971 16.0079574584961
16.1658210754395 16.2026748657227 16.3594264984131 16.4469890594482 -3.4e+38 -3.4e+38 -3.4e+38 -3.4e+38 -3.4e+38 -3.4e+38 -3.4e+38 16.3536033630371 16.3207187652588 16.4257678985596 16.1638813018799 16.113977432251 16.2971324920654 16.1963386535645 16.1028461456299 15.9046354293823 15.9705400466919 16.2940006256104 16.7087860107422 16.9961338043213 17.1496620178223 17.2796897888184 17.354398727417 17.4280757904053 17.4554080963135 17.4793071746826 17.6218299865723 17.7683544158936 18.114429473877 18.4609775543213 18.6605491638184 18.7883243560791 18.8289031982422 18.9191646575928 18.9803009033203 18.8121948242188 18.5664138793945 18.3360824584961 17.9424915313721 17.4957523345947 17.125509262085 16.6119518280029 16.1870403289795
16.1444320678711 16.3095855712891 16.4410629272461 16.5404777526855 -3.4e+38 -3.4e+38 -3.4e+38 -3.4e+38 16.5078678131104 16.5377769470215 16.3849906921387 16.1929950714111 16.3222179412842 16.214168548584 15.8989629745483 16.07421875 16.1343326568604 15.9704275131226 16.0756587982178 16.0747814178467 16.3934097290039 16.8332347869873 17.0825576782227 17.2839088439941 17.5512886047363 17.7407646179199 17.8291034698486 17.8876323699951 17.8999805450439 18.0097923278809 18.0871410369873 18.250524520874 18.4540252685547 18.5592651367188 18.619701385498 18.7804508209229 18.9403972625732 19.1287288665771 19.250696182251 19.2204055786133 19.0057430267334 18.7315807342529 18.4878025054932 17.9979419708252 17.7759628295898 17.4764404296875 17.160572052002
16.2549209594727 16.2890090942383 16.3785972595215 16.5433502197266 16.6646099090576 16.5742835998535 16.5432758331299 16.5181484222412 16.4970951080322 16.4040355682373 16.2695274353027 16.2118434906006 15.7763957977295 15.767728805542 16.0616970062256 16.0005931854248 16.1127033233643 16.228796005249 16.5793743133545 16.6993274688721 16.5615711212158 17.0074081420898 17.3629703521729 17.8191223144531 18.1273593902588 18.4123859405518 18.6612510681152 18.7929496765137 18.7463283538818 18.6953830718994 18.7017059326172 18.7605590820312 18.7264137268066 18.6631298065186 18.7044811248779 18.8995246887207 19.2964878082275 19.4607086181641 19.5854682922363 19.6184482574463 19.4619770050049 19.0463390350342 18.8190135955811 18.571496963501 18.4592304229736 18.349910736084 18.137882232666
16.2998790740967 16.315954208374 16.4497718811035 16.6304016113281 16.6949214935303 16.6974620819092 16.6886539459229 16.5866947174072 16.3986148834229 16.2255039215088 15.9249877929688 15.6035070419312 15.9268655776978 16.5701847076416 16.868688583374 16.7706146240234 16.2636871337891 16.8423461914062 17.5155334472656 17.3480758666992 16.9262580871582 17.254955291748 17.7628955841064 18.1986274719238 18.5374202728271 18.8414001464844 19.0629615783691 19.1381759643555 19.2168788909912 19.317325592041 19.2894897460938 19.2470302581787 19.0684700012207 18.8560352325439 19.0659446716309 19.4696655273438 19.6430892944336 19.6826553344727 19.8903713226318 20.0234031677246 19.8363399505615 19.3974056243896 19.0766983032227 18.9119167327881 18.9219932556152 18.834888458252 18.6037254333496
16.2831802368164 16.3020629882812 16.3996505737305 16.5374031066895 16.541784286499 16.5043525695801 16.44309425354 16.2882633209229 16.1133842468262 16.0673637390137 16.0564765930176 16.3092975616455 16.6980056762695 16.919828414917 16.939624786377 17.0245609283447 16.8394412994385 16.6687164306641 16.9447937011719 17.0726833343506 17.2958374023438 17.8782444000244 18.3342037200928 18.6727657318115 18.9671974182129 19.0862712860107 19.1053028106689 19.1684093475342 19.2456684112549 19.3522491455078 19.4234504699707 19.390869140625 19.2647457122803 19.3876533508301 19.6585464477539 19.7793712615967 19.9021244049072 20.0438041687012 20.320182800293 20.4039916992188 20.1409435272217 19.5950756072998 19.2860221862793 19.171028137207 19.1330394744873 19.1322555541992 19.0423202514648
16.5828380584717 16.4712600708008 16.3821640014648 16.3875503540039 16.4103183746338 16.4052772521973 16.4312152862549 16.3659210205078 16.3251037597656 16.4386444091797 16.661693572998 16.8829135894775 16.9745941162109 17.0697956085205 17.2451629638672 17.3657188415527 17.3489761352539 17.265193939209 17.4271984100342 17.7750263214111 18.2735347747803 18.7332057952881 18.9797306060791 19.169641494751 19.3123989105225 19.3091793060303 19.3422832489014 19.3709030151367 19.3991546630859 19.4297027587891 19.4675102233887 19.4655666351318 19.5371227264404 19.8911838531494 20.1081562042236 20.1266860961914 20.3124809265137 20.585033416748 20.7654972076416 20.8098106384277 20.6006088256836 20.0568180084229 19.7353096008301 19.5435600280762 19.3855571746826 19.309944152832 19.3569507598877
17.2438621520996 16.998743057251 16.7906551361084 16.6039142608643 16.5132637023926 16.5680828094482 16.6401462554932 16.7193756103516 16.7228412628174 16.8550281524658 16.9951629638672 17.014368057251 17.1879653930664 17.6940574645996 18.3093185424805 18.6542091369629 18.6546859741211 18.6273212432861 18.792049407959 18.9684200286865 19.1672458648682 19.4155464172363 19.44850730896 19.677417755127 19.6811408996582 19.6711940765381 19.6563301086426 19.5884799957275 19.5538082122803 19.5438632965088 19.5652503967285 19.6235427856445 19.8497619628906 20.2627601623535 20.5734806060791 20.7803173065186 21.0236682891846 21.1795196533203 21.2563571929932 21.111909866333 20.9737110137939 20.8783397674561 20.7017040252686 20.43284034729 20.1914329528809 19.8415145874023 19.7018928527832
17.9361057281494 17.7533893585205 17.5746612548828 17.3767127990723 17.2219390869141 17.1929092407227 17.2486381530762 17.3471736907959 17.4215278625488 17.4372272491455 17.4254531860352 17.5530452728271 18.2505760192871 18.9763011932373 19.4875297546387 19.6786804199219 19.7535095214844 19.8003368377686 19.7299880981445 19.4858436584473 19.5116081237793 19.6630706787109 19.8097362518311 20.0291347503662 20.0283985137939 20.0191287994385 19.9880657196045 19.9050731658936 19.7791175842285 19.7781181335449 19.720775604248 19.9048137664795 20.3373107910156 20.6084251403809 21.1541728973389 21.7036190032959 21.8470973968506 21.8752670288086 21.850456237793 21.7495136260986 21.5738391876221 21.4497356414795 21.4019756317139 21.3121128082275 21.147876739502 20.8814907073975 20.5982112884521
18.4591999053955 18.4590530395508 18.4527950286865 18.3258953094482 18.1361789703369 17.9966144561768 17.9321060180664 17.9264011383057 17.9196624755859 17.8635444641113 18.0047187805176 18.438497543335 19.1520462036133 19.7149906158447 20.1053638458252 20.1904716491699 20.186372756958 20.1080379486084 19.8784503936768 19.6578922271729 19.7034473419189 19.8782749176025 20.2194786071777 20.3895626068115 20.3658065795898 20.3683662414551 20.3624496459961 20.3167190551758 20.156608581543 20.1172294616699 20.1712741851807 20.5240745544434 20.8778839111328 21.3163909912109 21.867862701416 22.2076187133789 22.2409820556641 22.1678047180176 22.2308712005615 22.2541847229004 22.2310848236084 22.2073745727539 22.1415576934814 22.0050735473633 21.9480152130127 21.873607635498 21.6558456420898
18.8967552185059 18.8557605743408 18.8951969146729 18.9464740753174 19.0256175994873 19.0521984100342 18.8752689361572 18.6726417541504 18.6108055114746 18.6943397521973 18.9895439147949 19.4155216217041 19.8636054992676 20.1973133087158 20.3362522125244 20.2668304443359 20.1249084472656 20.0244235992432 19.8421478271484 19.8674850463867 20.0391998291016 20.4492225646973 20.7266578674316 21.019739151001 21.1146926879883 21.0772914886475 20.9735164642334 20.9205379486084 20.7953433990479 20.7299213409424 20.8716831207275 21.3002872467041 21.7760925292969 22.0581951141357 22.2122440338135 22.4697074890137 22.3877983093262 22.3745555877686 22.4246215820312 22.494010925293 22.6340503692627 22.8154296875 22.8143539428711 22.7657718658447 22.7672691345215 22.7991523742676 22.6795825958252
