Ecospace-environmental-drivers/Outputs/ASCII-for-ecospace/Temp-surf/Temp-surf_X2005.06.asc
NCOLS 131 
NROWS 53 
XLLCORNER -98 
YLLCORNER 23.9265270233154 
CELLSIZE 0.133587792515755 
NODATA_value -3.4e+38 
[rows 21 to 41 of 53, columns 47 to 93 of 131]
28.6642189025879 28.6870231628418 28.7340221405029 28.7951507568359 28.8844757080078 28.9429817199707 28.9918174743652 29.0621967315674 29.1374588012695 29.2127628326416 29.3348999023438 29.5223617553711 29.7347793579102 29.8403167724609 29.888484954834 29.9107036590576 29.9232788085938 29.9564418792725 30.0083522796631 30.0120182037354 29.9770908355713 30.0065269470215 30.0447025299072 30.0637474060059 30.0819606781006 30.1269588470459 30.2055130004883 30.2450942993164 30.264705657959 30.2796001434326 30.2697944641113 30.2653675079346 30.2497138977051 30.2210311889648 30.1505279541016 30.0834560394287 29.9532432556152 29.8359432220459 29.7273845672607 29.5675563812256 29.2629623413086 28.9349899291992 28.6821765899658 28.6355800628662 28.7240295410156 28.6414203643799 28.4722461700439
28.9464206695557 28.8766956329346 28.8704032897949 28.9088363647461 28.9392910003662 28.9711380004883 29.0850410461426 29.2158603668213 29.279109954834 29.3644847869873 29.5211906433105 29.7505111694336 29.850658416748 29.9022426605225 29.9090213775635 29.9453525543213 29.9729919433594 29.993408203125 29.9891738891602 29.9880313873291 30.0372409820557 30.0717334747314 30.0740928649902 30.0851135253906 30.1457920074463 30.1776237487793 30.2052803039551 30.2573471069336 30.2772884368896 30.2709407806396 30.2436561584473 30.2662658691406 30.255838394165 30.2419128417969 30.1728687286377 30.0899429321289 29.995719909668 29.8749809265137 29.7655391693115 29.6202125549316 29.4034404754639 29.0796203613281 28.8352565765381 28.8014125823975 28.8952884674072 28.8239574432373 28.6926765441895
29.3660488128662 29.2821388244629 29.1835708618164 29.1415481567383 29.1614189147949 29.2317123413086 29.3454933166504 29.4038066864014 29.4067668914795 29.504264831543 29.663818359375 29.8454780578613 29.909725189209 29.9312648773193 29.9563598632812 30.0029277801514 30.0171451568604 29.971321105957 29.9638919830322 30.0225200653076 30.087818145752 30.1082592010498 30.1372337341309 30.1615295410156 30.181282043457 30.2054271697998 30.250940322876 30.2798519134521 30.2723426818848 30.2737922668457 30.2609539031982 30.2503681182861 30.2592353820801 30.2603092193604 30.178882598877 30.0861663818359 30.021951675415 29.9148559570312 29.8019180297852 29.6281795501709 29.4550514221191 29.1693229675293 28.951696395874 28.9045028686523 29.0042839050293 28.958459854126 28.8622341156006
29.6200466156006 29.5946083068848 29.5499210357666 29.4887237548828 29.4583683013916 29.4757747650146 29.4833374023438 29.4969291687012 29.5275859832764 29.6293258666992 29.7702922821045 29.8704071044922 29.9155254364014 29.9544582366943 30.0121231079102 30.0384407043457 29.989315032959 29.9554862976074 30.0076675415039 30.0663738250732 30.1090641021729 30.1447010040283 30.1512622833252 30.1592788696289 30.1889877319336 30.2089920043945 30.2699851989746 30.2747058868408 30.2463035583496 30.2575855255127 30.2733554840088 30.2557830810547 30.2551231384277 30.2573986053467 30.1993217468262 30.0781269073486 30.0146579742432 29.9060497283936 29.800464630127 29.6234016418457 29.4523601531982 29.1808300018311 29.0529365539551 29.0515804290771 29.1825523376465 29.1402473449707 29.0441074371338
29.7581691741943 29.7491455078125 29.7234897613525 29.6589584350586 29.574914932251 29.5173988342285 29.5107536315918 29.5848522186279 29.6057682037354 29.7450160980225 29.8192920684814 29.8450736999512 29.9250526428223 30.0010452270508 30.0548973083496 30.0500240325928 30.0101470947266 30.031005859375 30.0751132965088 30.1110858917236 30.1683311462402 30.178596496582 30.1744251251221 30.1975402832031 30.2316570281982 30.264368057251 30.2979602813721 30.3177471160889 30.2840595245361 30.2562484741211 30.2766036987305 30.2801914215088 30.2546157836914 30.2570056915283 30.233024597168 30.0734386444092 29.9803333282471 29.8653793334961 29.7517795562744 29.6080284118652 29.4491939544678 29.1655101776123 29.0972328186035 29.2008609771729 29.2819690704346 29.2372722625732 29.0961456298828
29.8716983795166 29.8523330688477 29.8047142028809 29.7291622161865 29.5863704681396 29.4953632354736 29.6039886474609 29.6509075164795 29.7090320587158 29.7883319854736 29.8667736053467 29.9086837768555 30.013671875 30.0864448547363 30.1000633239746 30.0761814117432 30.0539588928223 30.0719451904297 30.0951671600342 30.1458950042725 30.179759979248 30.1498050689697 30.1847152709961 30.2255458831787 30.2500228881836 30.2496376037598 30.2626972198486 30.26633644104 30.2619686126709 30.2554054260254 30.2536792755127 30.278636932373 30.2757720947266 30.275520324707 30.259895324707 30.0681571960449 29.9375476837158 29.8028812408447 29.7176685333252 29.6140270233154 29.4511260986328 29.142240524292 29.172908782959 29.289363861084 29.2664432525635 29.1950378417969 29.0253715515137
29.9525623321533 29.8940849304199 29.8561363220215 29.771520614624 29.6547966003418 29.6402244567871 29.6786937713623 29.7516212463379 29.8134593963623 29.8769550323486 29.9714202880859 30.0713558197021 30.123441696167 30.1327209472656 30.1199226379395 30.0941047668457 30.0835227966309 30.0963363647461 30.1396236419678 30.16432762146 30.1481189727783 30.1953392028809 30.2439804077148 30.2465744018555 30.2091941833496 30.1956005096436 30.2079257965088 30.2191505432129 30.2248344421387 30.235710144043 30.2373886108398 30.2648181915283 30.281192779541 30.2837829589844 30.2719478607178 30.0675163269043 29.8944778442383 29.7551097869873 29.6873798370361 29.6003189086914 29.4073715209961 29.1957607269287 29.2595672607422 29.3088150024414 29.2500686645508 29.1307621002197 28.942756652832
30.0222225189209 29.9576091766357 29.8957920074463 29.8637809753418 29.8040866851807 29.7366790771484 29.7686862945557 29.868335723877 29.9311447143555 30.0025539398193 30.1113452911377 30.177978515625 30.181453704834 30.1723804473877 30.1548957824707 30.10791015625 30.1231136322021 30.1604385375977 30.1887073516846 30.2091007232666 30.2102909088135 30.2633724212646 30.2490768432617 30.2182846069336 30.2091026306152 30.2167587280273 30.2347469329834 30.2405281066895 30.2392539978027 30.2369995117188 30.2315788269043 30.2643966674805 30.2688503265381 30.289155960083 30.2745666503906 30.0920753479004 29.8425769805908 29.6988906860352 29.6290512084961 29.5228309631348 29.3472118377686 29.2897510528564 29.2864437103271 29.29323387146 29.2431488037109 29.0873107910156 28.8542785644531
30.0138092041016 29.9838752746582 29.9725475311279 29.9595184326172 29.9161891937256 29.9097023010254 29.9383125305176 29.990701675415 30.0227012634277 30.1293697357178 30.2370262145996 30.2235355377197 30.200475692749 30.1785545349121 30.1339817047119 30.1052494049072 30.1751575469971 30.2205371856689 30.2355117797852 30.1998291015625 30.2319030761719 30.257942199707 30.2391834259033 30.2230091094971 30.2339496612549 30.2343502044678 30.2424488067627 30.2462024688721 30.2466926574707 30.2442646026611 30.2258777618408 30.2475738525391 30.267204284668 30.2892818450928 30.2672443389893 30.1246242523193 29.8035469055176 29.6486911773682 29.5460472106934 29.442985534668 29.3172302246094 29.2684841156006 29.2378005981445 29.2496223449707 29.2173137664795 29.0467338562012 28.760311126709
30.1126327514648 30.0784187316895 30.0581436157227 30.0422458648682 30.0297451019287 30.0684776306152 30.0636348724365 30.0571670532227 30.1244468688965 30.2391738891602 30.2488842010498 30.2192058563232 30.2282791137695 30.2170848846436 30.1676769256592 30.208911895752 30.2459125518799 30.2649154663086 30.1600341796875 30.1871223449707 30.2436370849609 30.2542514801025 30.237907409668 30.2321510314941 30.2338943481445 30.2315464019775 30.2407131195068 30.2322883605957 30.2251682281494 30.2310314178467 30.2251853942871 30.2299346923828 30.2476615905762 30.2724437713623 30.2652683258057 30.1356449127197 29.7810096740723 29.6013164520264 29.4976348876953 29.3956508636475 29.3011302947998 29.2234649658203 29.2179183959961 29.1961441040039 29.1614398956299 28.9764099121094 28.6944446563721
30.2889194488525 30.253231048584 30.2045726776123 30.1722183227539 30.1374588012695 30.1293144226074 30.0881862640381 30.0856494903564 30.2044124603271 30.2597351074219 30.2575416564941 30.2451667785645 30.2739315032959 30.2525386810303 30.2554607391357 30.2477264404297 30.2282848358154 30.1673564910889 30.1768321990967 30.2331199645996 30.2444667816162 30.2414321899414 30.2248020172119 30.240686416626 30.2218818664551 30.2087440490723 30.2130699157715 30.23219871521 30.2273464202881 30.2105312347412 30.224910736084 30.2309150695801 30.2317123413086 30.261209487915 30.2585716247559 30.127420425415 29.7252922058105 29.5724487304688 29.4862003326416 29.3879795074463 29.2836380004883 29.2169132232666 29.1992073059082 29.170768737793 29.1000843048096 28.9200077056885 28.6904907226562
30.339527130127 30.2964725494385 30.2406120300293 30.1938972473145 30.1553230285645 30.1417331695557 30.0832386016846 30.1092948913574 30.2283096313477 30.2595500946045 30.2777462005615 30.3187561035156 30.3039150238037 30.264368057251 30.2919082641602 30.2503700256348 30.1658954620361 30.1707668304443 30.211030960083 30.2302188873291 30.2421360015869 30.2462310791016 30.2392406463623 30.2352275848389 30.2050151824951 30.2095794677734 30.194730758667 30.2125263214111 30.2359066009521 30.2094783782959 30.2258529663086 30.2309875488281 30.2222652435303 30.2581176757812 30.2445316314697 30.0869846343994 29.6756114959717 29.5777282714844 29.4790782928467 29.3778705596924 29.2716369628906 29.1896648406982 29.1648731231689 29.1397838592529 29.0225505828857 28.8637828826904 28.6435317993164
30.2702217102051 30.2387027740479 30.2081451416016 30.2028064727783 30.1840496063232 30.1641788482666 30.1161460876465 30.1366920471191 30.1889762878418 30.2718238830566 30.3212661743164 30.3349533081055 30.2998218536377 30.2720928192139 30.3189220428467 30.2411308288574 30.1367053985596 30.1840915679932 30.2073364257812 30.2332553863525 30.2588920593262 30.2475967407227 30.2379188537598 30.2280941009521 30.2115688323975 30.2152881622314 30.2115478515625 30.2015190124512 30.2104339599609 30.2141799926758 30.2122421264648 30.2176685333252 30.22340965271 30.2568798065186 30.1999893188477 30.0083599090576 29.6746788024902 29.5550785064697 29.4455451965332 29.359375 29.2746086120605 29.1867599487305 29.1218814849854 29.0666046142578 28.9744300842285 28.7446308135986 28.6305828094482
30.226448059082 30.2008438110352 30.1739234924316 30.179069519043 30.1769256591797 30.141357421875 30.1187725067139 30.1232280731201 30.1221370697021 30.2172775268555 30.3070220947266 30.3603763580322 30.2924003601074 30.270809173584 30.2919464111328 30.2272567749023 30.1253185272217 30.2197151184082 30.2139415740967 30.2564582824707 30.2689609527588 30.253698348999 30.2300205230713 30.2253017425537 30.2116165161133 30.2134552001953 30.1952152252197 30.1851119995117 30.188793182373 30.2173805236816 30.2127113342285 30.2263469696045 30.2297821044922 30.2396545410156 30.1367626190186 29.924352645874 29.6669044494629 29.5312576293945 29.4310283660889 29.3791408538818 29.2821655273438 29.165018081665 29.0757865905762 29.0024242401123 28.8693885803223 28.6742382049561 28.639591217041
30.2338085174561 30.1712226867676 30.1047992706299 30.1067771911621 30.1139373779297 30.0797557830811 30.0704040527344 30.0738735198975 30.0786323547363 30.1292858123779 30.2486877441406 30.3364791870117 30.2940063476562 30.2554359436035 30.2467346191406 30.1870670318604 30.1210842132568 30.2465763092041 30.2223567962646 30.2719688415527 30.2746639251709 30.2552928924561 30.2324161529541 30.2263336181641 30.2102928161621 30.2240352630615 30.2038555145264 30.1865062713623 30.1999607086182 30.2114562988281 30.2290802001953 30.2391223907471 30.2240867614746 30.199275970459 30.0607624053955 29.8744678497314 29.645378112793 29.5218849182129 29.4470386505127 29.3688793182373 29.2522659301758 29.1385917663574 29.0407981872559 28.9163436889648 28.8350868225098 28.6731796264648 28.5942859649658
30.2186145782471 30.1403827667236 30.0729522705078 30.0675182342529 30.0711078643799 30.0370635986328 29.9967784881592 30.0246315002441 30.0523242950439 30.0886344909668 30.1603813171387 30.2795562744141 30.2849540710449 30.2404861450195 30.2022895812988 30.1234874725342 30.1333866119385 30.2485332489014 30.216552734375 30.2758407592773 30.2778186798096 30.2559299468994 30.2420864105225 30.2440948486328 30.2311172485352 30.2344169616699 30.2283840179443 30.2122955322266 30.2124938964844 30.2130432128906 30.22971534729 30.2128353118896 30.2011013031006 30.1386013031006 29.9748058319092 29.7612857818604 29.6271266937256 29.5099582672119 29.4388065338135 29.3135967254639 29.2348670959473 29.1108989715576 28.9889316558838 28.9405899047852 28.8645706176758 28.7402286529541 28.6506500244141
30.1614036560059 30.086181640625 30.0265312194824 30.0048866271973 29.9970684051514 29.9965858459473 29.9672584533691 29.9995899200439 30.0271797180176 30.0724182128906 30.0895214080811 30.2015209197998 30.2731494903564 30.2477283477783 30.1586151123047 30.0800266265869 30.1150016784668 30.2185955047607 30.2114219665527 30.2531452178955 30.2646560668945 30.2587966918945 30.2539596557617 30.2453422546387 30.2320156097412 30.229040145874 30.2409420013428 30.2345409393311 30.2247066497803 30.2212905883789 30.2174396514893 30.2002296447754 30.1602973937988 30.0333728790283 29.8527030944824 29.6804256439209 29.6106109619141 29.4931354522705 29.3820896148682 29.2888793945312 29.2087287902832 29.1034374237061 29.0159606933594 28.9563980102539 28.8845691680908 28.8196754455566 28.8134918212891
30.1027793884277 30.0239276885986 29.9724521636963 29.9307842254639 29.9193820953369 29.9522399902344 29.949893951416 29.9663162231445 30.0146884918213 30.0655918121338 30.0942325592041 30.128942489624 30.2391262054443 30.2586517333984 30.1485366821289 30.0783233642578 30.0933170318604 30.1886157989502 30.2108154296875 30.2452526092529 30.2409954071045 30.2503185272217 30.2360649108887 30.2446250915527 30.2306747436523 30.2326335906982 30.2497501373291 30.243200302124 30.2370872497559 30.2230186462402 30.2002773284912 30.1521701812744 30.0550746917725 29.9060974121094 29.7671985626221 29.6696300506592 29.5322856903076 29.3719806671143 29.3346881866455 29.2985706329346 29.2151470184326 29.1498794555664 29.0966739654541 29.0398998260498 28.9840145111084 28.9543876647949 28.9446601867676
30.0168685913086 29.9439678192139 29.9016704559326 29.8680763244629 29.8631114959717 29.9399833679199 29.9269695281982 29.984691619873 30.0460433959961 30.0894050598145 30.1202697753906 30.1147861480713 30.166862487793 30.2018737792969 30.0922164916992 30.0644111633301 30.0702781677246 30.1268520355225 30.184398651123 30.2268123626709 30.2553977966309 30.2562828063965 30.2605171203613 30.2588653564453 30.2365570068359 30.2296009063721 30.2403297424316 30.2383670806885 30.2237815856934 30.2072639465332 30.1669788360596 30.0676860809326 29.9168071746826 29.804708480835 29.6772861480713 29.6069660186768 29.4582901000977 29.3739280700684 29.3092555999756 29.2897109985352 29.2511405944824 29.1929092407227 29.1426830291748 29.1127777099609 29.0883903503418 29.0662231445312 29.0481777191162
29.8530616760254 29.8352088928223 29.8291110992432 29.8229503631592 29.8461933135986 29.9262371063232 29.9416198730469 30.0151863098145 30.0879058837891 30.0991706848145 30.1247901916504 30.1202983856201 30.1330337524414 30.1514320373535 29.9771709442139 29.9706325531006 29.9906158447266 30.0448589324951 30.1570606231689 30.1913032531738 30.2205142974854 30.2282752990723 30.2315464019775 30.2417087554932 30.2444000244141 30.228307723999 30.2269096374512 30.2153873443604 30.1935386657715 30.164623260498 30.0612621307373 29.8918571472168 29.7738590240479 29.7295875549316 29.6781272888184 29.6224536895752 29.4791355133057 29.3775615692139 29.3189525604248 29.2976741790771 29.249397277832 29.2176532745361 29.1753997802734 29.1532649993896 29.1250305175781 29.098970413208 29.1051921844482
29.7819232940674 29.7915096282959 29.7963752746582 29.8310966491699 29.8375377655029 29.8848247528076 29.9802417755127 30.0341148376465 30.0787563323975 30.0690612792969 30.0965061187744 30.0788650512695 30.1083164215088 30.1185703277588 29.8776931762695 29.7621803283691 29.8129043579102 29.8769664764404 30.0601329803467 30.1320095062256 30.160327911377 30.1887969970703 30.1945743560791 30.195405960083 30.2107429504395 30.2141494750977 30.1824722290039 30.1604614257812 30.0990924835205 30.0072212219238 29.8527984619141 29.7409820556641 29.7168350219727 29.7264652252197 29.7036018371582 29.630033493042 29.5397796630859 29.4567203521729 29.3748054504395 29.3813533782959 29.3225936889648 29.2955188751221 29.2501888275146 29.2400455474854 29.2331352233887 29.2500133514404 29.2447986602783
