Ecospace-environmental-drivers/Outputs/ASCII-for-ecospace/Temp-surf/Temp-surf_X2018.08.asc
NCOLS 131 
NROWS 53 
XLLCORNER -98 
YLLCORNER 23.9265270233154 
CELLSIZE 0.133587792515755 
NODATA_value -3.4e+38 
[rows 21 to 41 of 53, columns 0 to 46 of 131]
-3.4e+38 -3.4e+38 -3.4e+38 -3.4e+38 -3.4e+38 -3.4e+38 29.0687522888184 29.1387939453125 29.1162052154541 29.3102207183838 29.1394309997559 28.9684371948242 28.8866367340088 28.8993091583252 28.9307823181152 28.9555053710938 28.9799251556396 29.0203819274902 29.0923748016357 29.1826877593994 29.2839851379395 29.3876132965088 29.4837245941162 29.541374206543 29.5626754760742 29.5425434112549 29.4689502716064 29.4629898071289 29.4810619354248 29.4851188659668 29.4648723602295 29.4861755371094 29.5517520904541 29.6343040466309 29.7152481079102 29.7401008605957 29.7521591186523 29.7611427307129 29.7630405426025 29.7815284729004 29.8111248016357 29.8481254577637 29.8957290649414 29.9172306060791 29.9370002746582 29.9423561096191 29.9553966522217
-3.4e+38 -3.4e+38 -3.4e+38 -3.4e+38 -3.4e+38 -3.4e+38 29.0712985992432 28.996166229248 29.1387939453125 28.8995990753174 28.789083480835 28.7676963806152 28.7858562469482 28.82590675354 28.9005756378174 29.0084800720215 29.1294097900391 29.2718868255615 29.4131908416748 29.5423164367676 29.6673107147217 29.7645435333252 29.8095016479492 29.8093948364258 29.7872524261475 29.7522735595703 29.6916065216064 29.6034374237061 29.5580348968506 29.5571002960205 29.529239654541 29.5353622436523 29.6210117340088 29.6489334106445 29.7046451568604 29.74462890625 29.7755680084229 29.7783622741699 29.7576293945312 29.7643146514893 29.7619113922119 29.8141670227051 29.869909286499 29.8939437866211 29.9183387756348 29.927604675293 29.9479160308838
-3.4e+38 -3.4e+38 -3.4e+38 -3.4e+38 28.8924598693848 28.9675922393799 28.9189872741699 29.0712985992432 28.7784080505371 28.6702995300293 28.6707077026367 28.6969184875488 28.8447761535645 29.065372467041 29.2573890686035 29.4019069671631 29.5032444000244 29.5869369506836 29.6734008789062 29.7639484405518 29.8132286071777 29.8308887481689 29.8326377868652 29.8291282653809 29.8207550048828 29.8084716796875 29.7986946105957 29.7835941314697 29.7404003143311 29.7088298797607 29.6666698455811 29.6056232452393 29.6852474212646 29.7098979949951 29.7517108917236 29.8032970428467 29.8139839172363 29.8070087432861 29.808084487915 29.7863330841064 29.7585506439209 29.8202743530273 29.8542289733887 29.9041366577148 29.9302406311035 29.9499244689941 29.9520397186279
-3.4e+38 -3.4e+38 -3.4e+38 -3.4e+38 28.8664398193359 28.8433494567871 28.9675922393799 28.7180728912354 28.580774307251 28.5607643127441 28.6304969787598 28.8826942443848 29.1502742767334 29.3658428192139 29.5242500305176 29.5923366546631 29.6389713287354 29.715747833252 29.7893753051758 29.8060646057129 29.7976341247559 29.7928085327148 29.7996940612793 29.8126087188721 29.8122806549072 29.8049926757812 29.7980003356934 29.7942695617676 29.8135852813721 29.8135223388672 29.7827911376953 29.7138996124268 29.7292366027832 29.7627754211426 29.7644882202148 29.8192329406738 29.8402633666992 29.8191890716553 29.8024139404297 29.7995700836182 29.8341445922852 29.8696441650391 29.888729095459 29.9211025238037 29.9475173950195 29.9719791412354 29.9847221374512
-3.4e+38 -3.4e+38 -3.4e+38 -3.4e+38 -3.4e+38 28.8664398193359 28.6960144042969 28.5043144226074 28.5020618438721 28.5784931182861 28.902759552002 29.1806201934814 29.3594398498535 29.5277214050293 29.6234722137451 29.6710414886475 29.7494316101074 29.783618927002 29.7607173919678 29.7469081878662 29.7385959625244 29.7582054138184 29.7713146209717 29.782018661499 29.7979698181152 29.808219909668 29.8108425140381 29.8124332427979 29.820894241333 29.8450946807861 29.8464698791504 29.8165111541748 29.7968883514404 29.7738571166992 29.7979316711426 29.7915687561035 29.8278541564941 29.8228168487549 29.8406581878662 29.8545436859131 29.862377166748 29.8855037689209 29.917142868042 29.9488620758057 29.9779033660889 29.9915142059326 29.9995517730713
-3.4e+38 -3.4e+38 -3.4e+38 -3.4e+38 -3.4e+38 28.6268920898438 28.3629398345947 28.4249362945557 28.5380554199219 28.8546752929688 29.164966583252 29.3275051116943 29.4623241424561 29.5858707427979 29.6740283966064 29.7612571716309 29.7685241699219 29.7306747436523 29.7125701904297 29.7056159973145 29.714147567749 29.724157333374 29.7480545043945 29.7646484375 29.7859077453613 29.79372215271 29.8108463287354 29.828218460083 29.8301811218262 29.8383922576904 29.8586711883545 29.8552513122559 29.8502883911133 29.8639450073242 29.8889217376709 29.8740234375 29.8631477355957 29.8474731445312 29.8890705108643 29.908224105835 29.8936595916748 29.914176940918 29.9430675506592 29.9761772155762 30.0032634735107 30.0026569366455 30.0029449462891
-3.4e+38 -3.4e+38 28.9641857147217 29.0099773406982 28.6572036743164 28.3862628936768 28.2008323669434 28.3768501281738 28.7120304107666 29.1374111175537 29.2865676879883 29.4156532287598 29.5300750732422 29.6099185943604 29.721004486084 29.7535381317139 29.720251083374 29.693754196167 29.6647796630859 29.6621875762939 29.6643695831299 29.6848526000977 29.7101745605469 29.7378730773926 29.7766857147217 29.7999534606934 29.8250694274902 29.8340377807617 29.8491306304932 29.8495426177979 29.8598804473877 29.8717517852783 29.8590412139893 29.8766670227051 29.9222888946533 29.926736831665 29.9142608642578 29.8930416107178 29.8900375366211 29.9268970489502 29.9087810516357 29.9255962371826 29.9566631317139 29.9901161193848 30.0067939758301 29.992259979248 29.9975967407227
-339999999999999996128486808808066248288.000000000000000 -3.4e+38 -3.4e+38 -3.4e+38 29.0557689666748 28.2529067993164 28.1053218841553 28.4705619812012 28.9558639526367 29.2060832977295 29.3076419830322 29.5359973907471 29.597053527832 29.6409320831299 29.7260055541992 29.7146396636963 29.6910057067871 29.6551113128662 29.6211795806885 29.6189041137695 29.6188735961914 29.6480007171631 29.6890983581543 29.7143287658691 29.7549724578857 29.8036193847656 29.8349075317383 29.8402805328369 29.847541809082 29.8618793487549 29.8674964904785 29.8813781738281 29.8760604858398 29.8793773651123 29.934045791626 29.9378566741943 29.94215965271 29.9236946105957 29.9045505523682 29.9036064147949 29.914966583252 29.9511280059814 29.9731845855713 29.9733238220215 30.0325756072998 29.9959487915039 29.9680233001709
-3.4e+38 -3.4e+38 -3.4e+38 -3.4e+38 28.7321014404297 28.0195598602295 28.1375865936279 28.6639213562012 29.0100708007812 29.1333312988281 29.3524112701416 29.5970001220703 29.6460494995117 29.6731452941895 29.715353012085 29.6972999572754 29.6725234985352 29.6342811584473 29.6170539855957 29.5769271850586 29.5783424377441 29.6077919006348 29.6905498504639 29.7148208618164 29.7464809417725 29.818998336792 29.855396270752 29.8498878479004 29.8606929779053 29.8680896759033 29.8695163726807 29.8729267120361 29.891077041626 29.8943901062012 29.9435691833496 29.9602966308594 29.9591159820557 29.9513397216797 29.9330024719238 29.923225402832 29.8992500305176 29.9555892944336 30.0114326477051 29.9954109191895 30.0257377624512 30.0237445831299 29.9981803894043
-3.4e+38 -3.4e+38 -3.4e+38 -3.4e+38 28.4343376159668 27.9931793212891 28.095386505127 28.5935382843018 28.8482971191406 29.0263347625732 29.2909908294678 29.5173110961914 29.6498756408691 29.7046909332275 29.7090339660645 29.6973037719727 29.6701850891113 29.6345672607422 29.6070518493652 29.5933513641357 29.5985164642334 29.6274948120117 29.6804485321045 29.7232055664062 29.7725791931152 29.8292655944824 29.8617916107178 29.8585605621338 29.864372253418 29.8787689208984 29.8783931732178 29.8778190612793 29.8947486877441 29.9050636291504 29.9449596405029 29.9835643768311 29.9846515655518 29.9665679931641 29.9495067596436 29.9449996948242 29.9395294189453 29.9466457366943 29.9978809356689 30.021203994751 30.0293998718262 30.0483741760254 30.0490016937256
-3.4e+38 -3.4e+38 -3.4e+38 -3.4e+38 29.436014175415 28.1494140625 27.944917678833 28.4603404998779 28.7483558654785 28.9658699035645 29.2578163146973 29.4562244415283 29.6161098480225 29.7198867797852 29.7179985046387 29.7138442993164 29.6959533691406 29.6708698272705 29.6506080627441 29.6506462097168 29.6471481323242 29.6395454406738 29.6535625457764 29.7237014770508 29.8195629119873 29.8433151245117 29.8641605377197 29.8738594055176 29.870532989502 29.8975067138672 29.8923969268799 29.8912963867188 29.9019680023193 29.9193897247314 29.940092086792 29.961446762085 29.9874362945557 29.97900390625 29.9623336791992 29.9595031738281 29.99609375 29.9967460632324 30.0113925933838 30.0423946380615 30.0596904754639 30.0537757873535 30.0797481536865
-3.4e+38 -3.4e+38 -3.4e+38 -3.4e+38 29.0725803375244 28.1459255218506 27.8322334289551 28.2940845489502 28.6656665802002 28.965784072876 29.3060188293457 29.4928760528564 29.6189136505127 29.7048149108887 29.7134876251221 29.7024765014648 29.6997184753418 29.6877918243408 29.666597366333 29.6516437530518 29.6291599273682 29.6341075897217 29.6792430877686 29.745626449585 29.8376960754395 29.8538589477539 29.85764503479 29.8633728027344 29.873908996582 29.9048461914062 29.9079399108887 29.9122886657715 29.9174575805664 29.92112159729 29.9446315765381 29.9691581726074 29.9820232391357 29.9862041473389 29.98854637146 29.9850120544434 30.0023880004883 30.0248107910156 30.0406532287598 30.0557079315186 30.0813636779785 30.0726776123047 30.0811538696289
-3.4e+38 -3.4e+38 -3.4e+38 -3.4e+38 29.2006187438965 28.336555480957 27.8394451141357 28.0581760406494 28.5382595062256 28.8409576416016 29.1118583679199 29.3249855041504 29.5334243774414 29.6435298919678 29.6906852722168 29.6915550231934 29.6713466644287 29.6594638824463 29.6510410308838 29.6408958435059 29.6425533294678 29.6651935577393 29.7063121795654 29.7499160766602 29.7903614044189 29.8565864562988 29.8528842926025 29.8530044555664 29.8625965118408 29.8895683288574 29.9059677124023 29.9241771697998 29.9313144683838 29.9332294464111 29.9346332550049 29.9439277648926 29.9710521697998 29.9795894622803 29.9851875305176 29.9923400878906 30.0026206970215 30.0221290588379 30.0543251037598 30.0770092010498 30.0797557830811 30.0827751159668 30.0643291473389
-3.4e+38 -3.4e+38 -3.4e+38 -3.4e+38 -3.4e+38 28.4016609191895 27.9177284240723 27.8006381988525 28.4042377471924 28.7616634368896 28.991771697998 29.1549053192139 29.3996868133545 29.5907974243164 29.6714630126953 29.6739387512207 29.6671562194824 29.6771259307861 29.66139793396 29.6559810638428 29.6563339233398 29.6838817596436 29.7272396087646 29.7556018829346 29.7672481536865 29.8140506744385 29.861442565918 29.8474712371826 29.8727703094482 29.9076309204102 29.9331550598145 29.9539585113525 29.9566211700439 29.9479064941406 29.941478729248 29.9337253570557 29.9478359222412 29.9704246520996 29.9882259368896 29.9922389984131 30.0219058990479 30.0361347198486 30.0665664672852 30.0924224853516 30.1005992889404 30.0886688232422 30.050365447998
-3.4e+38 -3.4e+38 -3.4e+38 -3.4e+38 -3.4e+38 29.6874313354492 28.1083393096924 27.6939239501953 28.3836231231689 28.8003787994385 28.9670791625977 29.1050052642822 29.4079475402832 29.5916728973389 29.6418304443359 29.6446228027344 29.6647033691406 29.6417827606201 29.6441535949707 29.6511077880859 29.668586730957 29.7022457122803 29.7295207977295 29.7388191223145 29.7538452148438 29.7760276794434 29.8327732086182 29.8691101074219 29.8951625823975 29.9145469665527 29.9329128265381 29.9631805419922 29.979284286499 29.9811973571777 29.976203918457 29.9744358062744 29.9624061584473 29.9790954589844 29.9943103790283 30.013916015625 30.0377254486084 30.0636196136475 30.0775184631348 30.0975818634033 30.1124858856201 30.1038856506348 30.0604858398438
-3.4e+38 -3.4e+38 -3.4e+38 -3.4e+38 -3.4e+38 29.4316177368164 27.9547157287598 27.6864242553711 28.3650283813477 28.7388362884521 28.9093399047852 29.1562900543213 29.4111671447754 29.5222873687744 29.5433406829834 29.6132926940918 29.6335773468018 29.62278175354 29.6431922912598 29.660249710083 29.6881809234619 29.7006149291992 29.7167949676514 29.7279777526855 29.7560024261475 29.7687721252441 29.7763290405273 29.8222026824951 29.846305847168 29.87229347229 29.9010391235352 29.924690246582 29.9541454315186 29.9837303161621 29.9936008453369 29.9942092895508 30.0083179473877 30.0285377502441 30.0400409698486 30.0562534332275 30.0825290679932 30.094783782959 30.1182403564453 30.1158809661865 30.1045970916748 30.0947189331055 30.060567855835
-3.4e+38 -3.4e+38 -3.4e+38 -3.4e+38 -3.4e+38 -3.4e+38 28.1678352355957 27.7266368865967 28.3810844421387 28.7056064605713 28.9682121276855 29.1906089782715 29.3364143371582 29.4137115478516 29.4954967498779 29.5749397277832 29.5868377685547 29.6184787750244 29.6459865570068 29.6845741271973 29.6906681060791 29.6839599609375 29.7131423950195 29.747688293457 29.7625713348389 29.757833480835 29.784387588501 29.8149490356445 29.8529033660889 29.9014015197754 29.9302616119385 29.9559116363525 29.9873199462891 30.00221824646 30.0246429443359 30.0333499908447 30.0350723266602 30.0586395263672 30.0758361816406 30.0901508331299 30.1106700897217 30.1364459991455 30.1430988311768 30.1448211669922 30.1323127746582 30.0960273742676 30.066707611084
-3.4e+38 -3.4e+38 -3.4e+38 -3.4e+38 -3.4e+38 -3.4e+38 28.3692722320557 27.8781681060791 28.5130786895752 28.7714614868164 29.0317039489746 29.2115631103516 29.3324737548828 29.4234466552734 29.4879817962646 29.5310459136963 29.5691204071045 29.6111907958984 29.6627178192139 29.6756954193115 29.6832046508789 29.7098064422607 29.7573757171631 29.7820262908936 29.7766361236572 29.78249168396 29.8210544586182 29.8683700561523 29.9150695800781 29.9505672454834 29.9704895019531 29.9719753265381 29.978946685791 30.0040149688721 30.0031070709229 30.0158615112305 30.0103416442871 30.0120506286621 30.05712890625 30.0790023803711 30.1131820678711 30.1467514038086 30.1607265472412 30.1588191986084 30.1630191802979 30.1397361755371 30.0878486633301
-3.4e+38 -3.4e+38 -3.4e+38 -3.4e+38 -3.4e+38 -3.4e+38 28.5552215576172 27.968318939209 28.4243259429932 28.6320133209229 28.9488868713379 29.1198196411133 29.2594432830811 29.4025421142578 29.5050449371338 29.5795421600342 29.6464061737061 29.6979427337646 29.7289619445801 29.7307682037354 29.7512893676758 29.781457901001 29.796459197998 29.7927379608154 29.7894878387451 29.8172359466553 29.8595790863037 29.8904914855957 29.9079036712646 29.9316806793213 29.9512958526611 29.9409828186035 29.962984085083 29.9766483306885 30.0032081604004 30.0122852325439 30.0112628936768 30.0250473022461 30.0506649017334 30.0598735809326 30.0881462097168 30.1335506439209 30.1618156433105 30.1775493621826 30.1739864349365 30.1675262451172 30.1225967407227
-3.4e+38 -3.4e+38 -3.4e+38 -3.4e+38 -3.4e+38 29.2989730834961 27.961950302124 28.0023078918457 28.2303714752197 28.5671558380127 28.9777317047119 29.1936111450195 29.3732032775879 29.5160522460938 29.6175708770752 29.6860008239746 29.7409954071045 29.7632217407227 29.7734241485596 29.7898178100586 29.8064956665039 29.8122158050537 29.8042545318604 29.8016738891602 29.8193359375 29.8644332885742 29.8907871246338 29.8985366821289 29.9106140136719 29.9334049224854 29.9459629058838 29.9449062347412 29.967248916626 29.9749641418457 29.9957942962646 30.0036792755127 30.0156345367432 30.0170917510986 30.038013458252 30.0664157867432 30.0816669464111 30.1109485626221 30.1479072570801 30.182918548584 30.1883144378662 30.189380645752 30.1719169616699
-3.4e+38 -3.4e+38 -3.4e+38 -3.4e+38 29.0200481414795 28.7718200683594 27.5220069885254 28.0898113250732 28.2800731658936 28.8547477722168 29.1966857910156 29.3822345733643 29.5341911315918 29.6357173919678 29.7074565887451 29.762975692749 29.7894878387451 29.8003711700439 29.8172473907471 29.8326587677002 29.848840713501 29.8409156799316 29.8295574188232 29.8273143768311 29.8656253814697 29.9100570678711 29.9087581634521 29.9150047302246 29.9264221191406 29.95751953125 29.972095489502 29.9574241638184 30.0003128051758 29.9932804107666 30.0016613006592 30.011100769043 30.0155601501465 30.0083179473877 30.0272731781006 30.0465564727783 30.077672958374 30.1098937988281 30.1439342498779 30.1774826049805 30.1965751647949 30.1961841583252 30.1766300201416
