Ecospace-environmental-drivers/Outputs/ASCII-for-ecospace/Temp-surf/Temp-surf_X2006.03.asc
NCOLS 131 
NROWS 53 
XLLCORNER -98 
YLLCORNER 23.9265270233154 
CELLSIZE 0.133587792515755 
NODATA_value -3.4e+38 
[rows 21 to 41 of 53, columns 0 to 46 of 131]
-3.4e+38 -3.4e+38 -3.4e+38 -3.4e+38 -3.4e+38 -3.4e+38 20.1064586639404 20.1212482452393 20.0491352081299 20.2462482452393 19.898229598999 19.6273784637451 19.4148387908936 19.3241558074951 19.3301525115967 19.5275192260742 19.9096527099609 20.430004119873 20.9727001190186 21.4142208099365 21.7035465240479 21.8844699859619 22.0025119781494 22.0636615753174 22.123025894165 22.1708183288574 22.1885375976562 22.191722869873 22.1605625152588 22.1097965240479 22.0718269348145 22.0892219543457 22.0800075531006 22.0306129455566 21.9999237060547 22.0782432556152 22.0723190307617 22.023307800293 22.0034446716309 22.1202793121338 22.2592315673828 22.2905807495117 22.3295803070068 22.4205150604248 22.470287322998 22.4691963195801 22.4794902801514
-3.4e+38 -3.4e+38 -3.4e+38 -3.4e+38 -3.4e+38 -3.4e+38 20.1751728057861 20.0229568481445 20.1212482452393 19.7799091339111 19.6302967071533 19.5140056610107 19.4661483764648 19.6481113433838 19.9828262329102 20.4403648376465 20.9392185211182 21.3887176513672 21.7452659606934 21.9312992095947 21.9981498718262 22.0324115753174 22.0983219146729 22.1606273651123 22.1773643493652 22.1889839172363 22.2274131774902 22.3093643188477 22.3753910064697 22.4036598205566 22.4151611328125 22.4185829162598 22.3691120147705 22.3123912811279 22.2951164245605 22.4133071899414 22.4979267120361 22.532886505127 22.5475807189941 22.6131935119629 22.714714050293 22.7638607025146 22.7529220581055 22.639461517334 22.6611080169678 22.6778144836426 22.7301445007324
-3.4e+38 -3.4e+38 -3.4e+38 -3.4e+38 20.340726852417 20.2566318511963 20.1009349822998 20.1751728057861 19.7724494934082 19.6239242553711 19.6477584838867 19.6995162963867 19.9941902160645 20.4521770477295 20.8359889984131 21.1742916107178 21.4335384368896 21.6205654144287 21.7908515930176 21.9745998382568 22.0449047088623 22.1000270843506 22.1654262542725 22.2149562835693 22.246072769165 22.2598857879639 22.2856979370117 22.3978080749512 22.4493255615234 22.4904708862305 22.5409603118896 22.5838050842285 22.5945243835449 22.5383911132812 22.4565620422363 22.4629554748535 22.5039920806885 22.5312328338623 22.5738964080811 22.5850410461426 22.6368865966797 22.7717838287354 22.8111610412598 22.7519474029541 22.7426528930664 22.8235282897949 22.9298534393311
-3.4e+38 -3.4e+38 -3.4e+38 -3.4e+38 20.4780101776123 20.287540435791 20.2566318511963 19.8709983825684 19.6828594207764 19.6805534362793 19.9334754943848 20.2631340026855 20.7942047119141 21.3015327453613 21.7206516265869 21.9405078887939 22.0372180938721 22.0851268768311 22.1310005187988 22.2078838348389 22.279167175293 22.3108081817627 22.3185787200928 22.3163719177246 22.3360919952393 22.3592681884766 22.3719615936279 22.4583110809326 22.5232582092285 22.5768184661865 22.6129169464111 22.6529159545898 22.6970272064209 22.7445621490479 22.7586975097656 22.7128562927246 22.6931133270264 22.6759834289551 22.655611038208 22.6392993927002 22.6438941955566 22.727123260498 22.8287658691406 22.8808784484863 22.931999206543 22.9912357330322 23.0602359771729
-3.4e+38 -3.4e+38 -3.4e+38 -3.4e+38 -3.4e+38 20.4780101776123 20.1279773712158 19.7804355621338 19.740234375 19.9087600708008 20.3753414154053 20.9526748657227 21.5074481964111 21.9927635192871 22.2558460235596 22.3537425994873 22.4621334075928 22.5456638336182 22.5683269500732 22.559663772583 22.5549964904785 22.5549774169922 22.5562400817871 22.5646209716797 22.5520210266113 22.5381908416748 22.5212860107422 22.560230255127 22.6298027038574 22.6645545959473 22.6979522705078 22.7973594665527 22.9880561828613 23.1228370666504 23.1569690704346 23.1380577087402 23.0638046264648 23.017858505249 22.9681873321533 22.9163951873779 22.8414344787598 22.8060207366943 22.818359375 22.9018592834473 23.0029106140137 23.0760364532471 23.1638698577881
-3.4e+38 -3.4e+38 -3.4e+38 -3.4e+38 -3.4e+38 20.4762725830078 19.9498176574707 19.7944831848145 19.8500423431396 20.092357635498 20.7643928527832 21.4115657806396 21.9814834594727 22.2597026824951 22.4179668426514 22.560920715332 22.6295204162598 22.6750526428223 22.7087879180908 22.723783493042 22.7183723449707 22.720178604126 22.7300300598145 22.7438201904297 22.7613830566406 22.7748565673828 22.7730369567871 22.7714462280273 22.8008136749268 22.822093963623 22.9278087615967 23.1732044219971 23.292781829834 23.3293781280518 23.3357639312744 23.3217029571533 23.2705478668213 23.2117042541504 23.1512756347656 23.1200866699219 23.1038055419922 23.0749969482422 22.9910755157471 22.9045143127441 22.9998378753662 23.1291961669922 23.238525390625
-3.4e+38 -3.4e+38 21.829029083252 21.7702865600586 20.9798049926758 20.4150638580322 19.920446395874 19.8882427215576 20.0703601837158 20.4818592071533 21.1800937652588 21.7111625671387 22.1341342926025 22.387975692749 22.5292263031006 22.6122798919678 22.6818752288818 22.7576179504395 22.8114318847656 22.820463180542 22.8245010375977 22.8383865356445 22.8566913604736 22.8567295074463 22.8404808044434 22.8198890686035 22.8415336608887 22.8784484863281 22.9241161346436 23.0452861785889 23.3218593597412 23.4885845184326 23.5668296813965 23.5875701904297 23.5722675323486 23.5301647186279 23.4509811401367 23.3688106536865 23.2873191833496 23.2265167236328 23.196907043457 23.2203807830811 23.2169399261475 23.0355339050293 23.0159358978271 23.1907558441162 23.2995376586914
-339999999999999996128486808808066248288.000000000000000 -3.4e+38 -3.4e+38 -3.4e+38 21.7115459442139 20.4671154022217 20.02001953125 20.0235271453857 20.2006664276123 20.6341609954834 21.3218936920166 21.8470439910889 22.2931823730469 22.4946804046631 22.5957355499268 22.6833477020264 22.7906951904297 22.8804225921631 22.92844581604 22.9640884399414 22.9673957824707 22.9556694030762 22.9287242889404 22.9013252258301 22.8483333587646 22.8396282196045 22.9165019989014 22.9868679046631 23.0829792022705 23.3478984832764 23.5784435272217 23.696798324585 23.7435207366943 23.7733688354492 23.754524230957 23.7045783996582 23.6234226226807 23.5249671936035 23.4093284606934 23.3015785217285 23.2504539489746 23.2849159240723 23.3447017669678 23.186710357666 23.0564918518066 23.2147521972656 23.3104515075684
-3.4e+38 -3.4e+38 -3.4e+38 -3.4e+38 21.347261428833 20.4908561706543 20.1995010375977 20.1541976928711 20.3131694793701 20.8959426879883 21.450756072998 21.9394359588623 22.3653106689453 22.5577373504639 22.6769618988037 22.7779331207275 22.8970584869385 23.0115585327148 23.0732765197754 23.0724773406982 23.0630111694336 23.0408267974854 22.9937152862549 22.9465389251709 22.880163192749 22.919620513916 23.0560665130615 23.1212177276611 23.2852001190186 23.5651588439941 23.7136859893799 23.7775363922119 23.8185291290283 23.80637550354 23.7628173828125 23.7636833190918 23.7672309875488 23.7037353515625 23.5436687469482 23.4016952514648 23.3038539886475 23.3028678894043 23.3959770202637 23.2930717468262 23.0962562561035 23.2115612030029 23.3001956939697
-3.4e+38 -3.4e+38 -3.4e+38 -3.4e+38 21.1909198760986 20.6412239074707 20.3167095184326 20.2540969848633 20.4550037384033 20.9204998016357 21.3543033599854 21.9430332183838 22.4426078796387 22.6293659210205 22.7493553161621 22.8199710845947 23.0271816253662 23.0967235565186 23.1011486053467 23.0769538879395 23.0303516387939 23.0083274841309 23.0152454376221 23.0064926147461 22.9881458282471 23.0556087493896 23.1270217895508 23.2170143127441 23.4408779144287 23.6524829864502 23.7528228759766 23.8241024017334 23.8489780426025 23.8257293701172 23.8072872161865 23.7878494262695 23.7878456115723 23.7927055358887 23.6720695495605 23.5052452087402 23.3822746276855 23.3424644470215 23.401050567627 23.3453197479248 23.1290340423584 23.1987209320068 23.3058376312256
-3.4e+38 -3.4e+38 -3.4e+38 -3.4e+38 22.1891651153564 20.9407711029053 20.4860095977783 20.3450126647949 20.5300617218018 20.8217430114746 21.2366523742676 21.9034519195557 22.4560451507568 22.6825122833252 22.7870464324951 22.8728656768799 23.054801940918 23.1067657470703 23.1147079467773 23.0802001953125 23.0190677642822 22.9812202453613 23.0249919891357 23.0272884368896 23.0576343536377 23.1398487091064 23.1778736114502 23.294958114624 23.5439453125 23.6738681793213 23.7442321777344 23.8357238769531 23.8666610717773 23.85866355896 23.8477478027344 23.8061275482178 23.7754745483398 23.7851390838623 23.7183036804199 23.5844078063965 23.4555263519287 23.4022979736328 23.4132022857666 23.351469039917 23.1549587249756 23.1929416656494 23.3315277099609
-3.4e+38 -3.4e+38 -3.4e+38 -3.4e+38 22.1055641174316 21.1816844940186 20.7642688751221 20.4795627593994 20.582368850708 20.7472515106201 21.1289863586426 21.7744445800781 22.3701763153076 22.6814479827881 22.7885036468506 22.8942604064941 23.0518035888672 23.110258102417 23.1309471130371 23.1095714569092 23.0450172424316 22.9922828674316 23.0105686187744 23.0459327697754 23.106782913208 23.1436367034912 23.2033748626709 23.3577880859375 23.5799694061279 23.6402549743652 23.7053127288818 23.8028793334961 23.8643836975098 23.8809547424316 23.8491230010986 23.8247127532959 23.786283493042 23.7740001678467 23.7073383331299 23.6149215698242 23.5210361480713 23.4664878845215 23.45823097229 23.3592147827148 23.1784763336182 23.1990032196045 23.3351783752441
-3.4e+38 -3.4e+38 -3.4e+38 -3.4e+38 21.9355754852295 21.4600620269775 21.1050662994385 20.7913131713867 20.7304096221924 20.7702884674072 21.0292358398438 21.5578708648682 22.2898139953613 22.5324573516846 22.7348785400391 22.9034004211426 23.045373916626 23.1145496368408 23.1288394927979 23.0867004394531 23.0399284362793 22.9641742706299 22.9749946594238 23.0454273223877 23.1108913421631 23.1485252380371 23.2228507995605 23.4212455749512 23.5432319641113 23.5650444030762 23.6332321166992 23.726936340332 23.796630859375 23.8201675415039 23.8200836181641 23.8241443634033 23.796558380127 23.747501373291 23.6872272491455 23.6195602416992 23.5604629516602 23.5209445953369 23.4908599853516 23.3717346191406 23.2252807617188 23.2140102386475 23.3140964508057
-3.4e+38 -3.4e+38 -3.4e+38 -3.4e+38 -3.4e+38 21.482349395752 21.3640594482422 21.086742401123 20.920618057251 20.9684524536133 21.099100112915 21.4784278869629 22.1780204772949 22.3997077941895 22.6499843597412 22.8686408996582 23.0117168426514 23.1176090240479 23.125036239624 23.0415420532227 23.0034561157227 22.9478168487549 22.9599666595459 23.0179538726807 23.0724639892578 23.1366577148438 23.2577285766602 23.4415092468262 23.456169128418 23.4523468017578 23.5067596435547 23.6014308929443 23.6809101104736 23.7345886230469 23.7706432342529 23.7627582550049 23.7329235076904 23.7161083221436 23.6711711883545 23.614917755127 23.5663108825684 23.552806854248 23.499755859375 23.3860492706299 23.2695808410645 23.2351627349854 23.2888641357422
-3.4e+38 -3.4e+38 -3.4e+38 -3.4e+38 -3.4e+38 22.507417678833 21.5647621154785 21.2597427368164 21.1948871612549 21.1711444854736 21.2125053405762 21.5329608917236 22.0193500518799 22.3188018798828 22.5595245361328 22.6847457885742 22.8200492858887 22.9918518066406 23.0878524780273 23.0778522491455 23.047534942627 23.002986907959 22.9902935028076 22.9845314025879 23.0271072387695 23.1148815155029 23.3170013427734 23.4235820770264 23.3963241577148 23.3705348968506 23.3998107910156 23.4835796356201 23.5807209014893 23.6324272155762 23.641040802002 23.6564483642578 23.6748523712158 23.6726970672607 23.6452884674072 23.5925235748291 23.5436973571777 23.5433387756348 23.484224319458 23.3917694091797 23.3027038574219 23.2577667236328 23.3086643218994
-3.4e+38 -3.4e+38 -3.4e+38 -3.4e+38 -3.4e+38 22.5783672332764 21.6252117156982 21.3745937347412 21.3014144897461 21.3049011230469 21.3772869110107 21.6349258422852 22.0214157104492 22.2412395477295 22.4288787841797 22.5752258300781 22.773738861084 23.0029258728027 23.1431503295898 23.1790332794189 23.1422710418701 23.07448387146 23.0413837432861 22.9963264465332 23.0126953125 23.0977554321289 23.350643157959 23.3922882080078 23.3424320220947 23.3179359436035 23.3315029144287 23.3728084564209 23.4617691040039 23.5533599853516 23.6117057800293 23.6332702636719 23.6237125396729 23.6165084838867 23.6030654907227 23.5884742736816 23.5585823059082 23.5440120697021 23.4909076690674 23.4179630279541 23.3725547790527 23.3625659942627 23.3966941833496
-3.4e+38 -3.4e+38 -3.4e+38 -3.4e+38 -3.4e+38 -3.4e+38 21.7887077331543 21.4651679992676 21.3670959472656 21.3770866394043 21.5430030822754 21.8271312713623 22.1125679016113 22.3027992248535 22.4417419433594 22.663366317749 22.9051761627197 23.0743637084961 23.1587142944336 23.2066688537598 23.2193450927734 23.1813068389893 23.1205520629883 23.0557441711426 23.0550327301025 23.1130981445312 23.3428897857666 23.3833503723145 23.3131618499756 23.2958583831787 23.3148441314697 23.3545894622803 23.3890609741211 23.4584732055664 23.547269821167 23.6114368438721 23.6237564086914 23.6042575836182 23.5875282287598 23.5754795074463 23.5623435974121 23.5566959381104 23.5049095153809 23.4849605560303 23.4821434020996 23.4779720306396 23.5090503692627
-3.4e+38 -3.4e+38 -3.4e+38 -3.4e+38 -3.4e+38 -3.4e+38 21.9696731567383 21.5570240020752 21.4317359924316 21.4468955993652 21.6800346374512 21.9646186828613 22.3131732940674 22.4657363891602 22.6589603424072 22.8157215118408 23.016788482666 23.1548728942871 23.2211475372314 23.2778759002686 23.2566452026367 23.2175979614258 23.1858253479004 23.1315174102783 23.0692253112793 23.1605739593506 23.3530082702637 23.3228721618652 23.3207626342773 23.3688793182373 23.3909893035889 23.3742694854736 23.3781433105469 23.3858165740967 23.4316234588623 23.5043354034424 23.5720195770264 23.58717918396 23.564058303833 23.5488605499268 23.5448112487793 23.5352973937988 23.5389595031738 23.5566940307617 23.5746841430664 23.5811080932617 23.5907497406006
-3.4e+38 -3.4e+38 -3.4e+38 -3.4e+38 -3.4e+38 -3.4e+38 22.1619071960449 21.6458110809326 21.5491847991943 21.7028388977051 21.849250793457 22.1903629302979 22.530590057373 22.6381988525391 22.8440818786621 23.0375118255615 23.1913528442383 23.3185615539551 23.4001636505127 23.3948154449463 23.3432025909424 23.295446395874 23.248815536499 23.1821441650391 23.0950565338135 23.1942176818848 23.3614521026611 23.3123550415039 23.3628158569336 23.4385528564453 23.4022560119629 23.3693313598633 23.3568859100342 23.3777809143066 23.4061717987061 23.4385643005371 23.4816856384277 23.5354804992676 23.558874130249 23.557653427124 23.5524635314941 23.5669498443604 23.6022434234619 23.6489200592041 23.6662330627441 23.6516780853271 23.6486835479736
-3.4e+38 -3.4e+38 -3.4e+38 -3.4e+38 -3.4e+38 22.5869560241699 22.1093120574951 21.7149810791016 21.6893463134766 21.921573638916 22.1053771972656 22.423828125 22.7027893066406 22.9068222045898 23.1080265045166 23.2651672363281 23.3291358947754 23.3447151184082 23.3658885955811 23.4057865142822 23.4116249084473 23.3432903289795 23.2760581970215 23.2303142547607 23.1588401794434 23.2123699188232 23.3217487335205 23.3420925140381 23.3888263702393 23.3782958984375 23.3645706176758 23.344705581665 23.3493595123291 23.4062080383301 23.4270401000977 23.4369525909424 23.4525680541992 23.4835472106934 23.5253887176514 23.5605163574219 23.5902767181396 23.6325778961182 23.6696834564209 23.6869792938232 23.704309463501 23.7134685516357 23.6976013183594
-3.4e+38 -3.4e+38 -3.4e+38 -3.4e+38 22.7809371948242 22.5599632263184 21.9958724975586 21.783031463623 21.8689403533936 22.221004486084 22.5355701446533 22.7901744842529 23.0612564086914 23.2328777313232 23.3086547851562 23.3470878601074 23.3694915771484 23.385555267334 23.3850364685059 23.3864402770996 23.4195804595947 23.4227390289307 23.3288612365723 23.2788372039795 23.2411231994629 23.2383251190186 23.2737655639648 23.3507289886475 23.354829788208 23.3159523010254 23.314094543457 23.329231262207 23.3706912994385 23.4017562866211 23.4346923828125 23.4646091461182 23.4793395996094 23.4902896881104 23.4933261871338 23.5340785980225 23.625904083252 23.6911392211914 23.7022132873535 23.6935768127441 23.70285987854 23.7198829650879 23.7648010253906
