Ecospace-environmental-drivers/Outputs/ASCII-for-ecospace/Temp-surf/Temp-surf_X1994.11.asc
NCOLS 131 
NROWS 53 
XLLCORNER -98 
YLLCORNER 23.9265270233154 
CELLSIZE 0.133587792515755 
NODATA_value -3.4e+38 
[rows 21 to 41 of 53, columns 0 to 46 of 131]
-3.4e+38 -3.4e+38 -3.4e+38 -3.4e+38 -3.4e+38 -3.4e+38 23.3120136260986 23.2835922241211 23.3119525909424 23.2068004608154 23.3666934967041 23.6283760070801 23.9280490875244 24.2087001800537 24.4647636413574 24.6762924194336 24.8544673919678 25.0569000244141 25.2419548034668 25.3675804138184 25.4258632659912 25.4379482269287 25.4418258666992 25.465238571167 25.4768009185791 25.4452323913574 25.4557952880859 25.4590091705322 25.4578762054443 25.4078884124756 25.3413600921631 25.2403659820557 25.1788654327393 25.1343688964844 25.0910892486572 25.0375099182129 25.0310192108154 25.0576133728027 25.1308555603027 25.3273792266846 25.4272193908691 25.4007740020752 25.4393825531006 25.4554309844971 25.492057800293 25.5435752868652 25.6033992767334
-3.4e+38 -3.4e+38 -3.4e+38 -3.4e+38 -3.4e+38 -3.4e+38 23.3006362915039 23.3518104553223 23.2835922241211 23.4454650878906 23.7397937774658 24.0635719299316 24.4190120697021 24.7688388824463 25.0076961517334 25.16725730896 25.2877330780029 25.3825168609619 25.4297180175781 25.4222831726074 25.4035930633545 25.4124565124512 25.4357833862305 25.4707508087158 25.493236541748 25.4978103637695 25.4867267608643 25.4620399475098 25.4322547912598 25.3927478790283 25.3421497344971 25.332088470459 25.2874908447266 25.225513458252 25.1923866271973 25.1732234954834 25.2138004302979 25.2173976898193 25.3320198059082 25.5103416442871 25.666410446167 25.7448139190674 25.7774314880371 25.7718601226807 25.7999057769775 25.8630065917969 25.9022979736328
-3.4e+38 -3.4e+38 -3.4e+38 -3.4e+38 23.464527130127 23.4096908569336 23.4044589996338 23.3006362915039 23.4712047576904 23.7530326843262 24.0936737060547 24.5165348052979 24.9509086608887 25.2158260345459 25.311882019043 25.4025478363037 25.4439010620117 25.3914241790771 25.3323974609375 25.3437442779541 25.3772583007812 25.3997802734375 25.4198970794678 25.469596862793 25.5584354400635 25.5943813323975 25.6147918701172 25.5904388427734 25.5837860107422 25.5640830993652 25.5170154571533 25.4981269836426 25.4027576446533 25.3717021942139 25.378625869751 25.4587287902832 25.4759788513184 25.463306427002 25.59521484375 25.853796005249 25.9731693267822 26.0477485656738 26.1106624603271 26.1483669281006 26.178596496582 26.1852684020996 26.1700534820557
-3.4e+38 -3.4e+38 -3.4e+38 -3.4e+38 23.5009593963623 23.4829330444336 23.4096908569336 23.5030517578125 23.7557754516602 24.0445537567139 24.4789505004883 24.9290752410889 25.246057510376 25.3077983856201 25.3379344940186 25.3462810516357 25.3522758483887 25.3651885986328 25.3732280731201 25.3789291381836 25.3953800201416 25.4128818511963 25.4192390441895 25.4491024017334 25.5103740692139 25.5898876190186 25.6441287994385 25.7629489898682 25.8512191772461 25.7928447723389 25.7181339263916 25.6657180786133 25.608736038208 25.6063537597656 25.6355953216553 25.6899261474609 25.7745265960693 25.9166603088379 26.0742626190186 26.1677341461182 26.2547855377197 26.3167533874512 26.3699417114258 26.4102821350098 26.4527263641357 26.4868068695068 26.5139942169189
-3.4e+38 -3.4e+38 -3.4e+38 -3.4e+38 -3.4e+38 23.5009593963623 23.5381507873535 23.7862186431885 24.010986328125 24.3372039794922 24.8450317382812 25.1556262969971 25.254919052124 25.3001728057861 25.378023147583 25.4468402862549 25.4884300231934 25.4824352264404 25.4470691680908 25.4097805023193 25.4000720977783 25.4256725311279 25.4514961242676 25.4899978637695 25.5641613006592 25.6300449371338 25.7164325714111 25.8828144073486 25.9221343994141 25.8551464080811 25.8057613372803 25.7776622772217 25.7997856140137 25.8660945892334 25.9475440979004 26.0314102172852 26.1419639587402 26.2433700561523 26.3402042388916 26.4210376739502 26.4874534606934 26.5461349487305 26.5861663818359 26.6353511810303 26.6737804412842 26.7018928527832 26.7154960632324
-3.4e+38 -3.4e+38 -3.4e+38 -3.4e+38 -3.4e+38 23.5917415618896 23.7464370727539 24.0335884094238 24.273250579834 24.5876388549805 25.0295925140381 25.2339000701904 25.2892150878906 25.3275203704834 25.507438659668 25.6099643707275 25.6387233734131 25.6433906555176 25.6158065795898 25.5541400909424 25.4902782440186 25.4953899383545 25.5619163513184 25.6186122894287 25.6564407348633 25.7011909484863 25.8182582855225 25.9379329681396 25.9226055145264 25.8627700805664 25.8675727844238 25.9180603027344 26.0006771087646 26.0656661987305 26.1456336975098 26.2238521575928 26.3330211639404 26.4087066650391 26.4632129669189 26.4882888793945 26.517879486084 26.5442523956299 26.5757884979248 26.6002044677734 26.6336841583252 26.6554832458496 26.6647033691406
-3.4e+38 -3.4e+38 23.5599250793457 23.6614570617676 23.6957950592041 23.7083129882812 23.9423427581787 24.2704887390137 24.5509281158447 24.8732089996338 25.1119480133057 25.2603435516357 25.3124847412109 25.462495803833 25.6471405029297 25.7225017547607 25.7783679962158 25.8174018859863 25.8352661132812 25.8424110412598 25.8434753417969 25.7880725860596 25.7590427398682 25.748649597168 25.7302684783936 25.7838001251221 25.8803997039795 25.9667987823486 25.929292678833 25.9035015106201 25.9674224853516 26.0393733978271 26.1141300201416 26.1768703460693 26.2797164916992 26.3563194274902 26.4171733856201 26.4539184570312 26.4941940307617 26.5302753448486 26.5704555511475 26.5971908569336 26.621753692627 26.6444721221924 26.6646366119385 26.6877994537354 26.7042789459229
-339999999999999996128486808808066248288.000000000000000 -3.4e+38 -3.4e+38 -3.4e+38 23.7629909515381 23.8560009002686 24.1123542785645 24.4795913696289 24.7959842681885 25.1191959381104 25.2927646636963 25.3297939300537 25.3961658477783 25.6065559387207 25.7125301361084 25.8036422729492 25.8373966217041 25.8769016265869 25.8862323760986 25.8884868621826 25.9198188781738 25.9050102233887 25.8381824493408 25.8102321624756 25.7898178100586 25.8450031280518 25.9331855773926 25.9734878540039 25.9188976287842 25.9527740478516 26.0601406097412 26.1377582550049 26.212474822998 26.3087596893311 26.3918647766113 26.4441528320312 26.4813556671143 26.521520614624 26.552339553833 26.5769557952881 26.6065082550049 26.6333656311035 26.6581325531006 26.67893409729 26.7064189910889 26.7271976470947 26.7377738952637
-3.4e+38 -3.4e+38 -3.4e+38 -3.4e+38 23.6926193237305 23.9890766143799 24.2420768737793 24.6151008605957 24.91552734375 25.2194919586182 25.4198913574219 25.4412899017334 25.5330295562744 25.7133522033691 25.7878494262695 25.8243541717529 25.8752155303955 25.9003257751465 25.9108180999756 25.9182949066162 25.9259796142578 25.9540996551514 25.8900737762451 25.8406467437744 25.8317184448242 25.8994293212891 25.9707527160645 25.9476871490479 25.9372882843018 26.042610168457 26.1355323791504 26.2266597747803 26.336389541626 26.4174213409424 26.4617595672607 26.491003036499 26.5193653106689 26.5415191650391 26.5652408599854 26.5904312133789 26.6234283447266 26.6572341918945 26.6831722259521 26.706506729126 26.7324981689453 26.7595825195312 26.7774353027344
-3.4e+38 -3.4e+38 -3.4e+38 -3.4e+38 23.6979522705078 24.0776691436768 24.2936401367188 24.6695117950439 24.9663524627686 25.2346382141113 25.4190292358398 25.5571041107178 25.7302112579346 25.8184051513672 25.8369693756104 25.8582344055176 25.9319286346436 25.9460563659668 25.9449443817139 25.9664859771729 25.9773082733154 25.9907302856445 25.9265918731689 25.8696575164795 25.8930797576904 25.9681663513184 25.9940814971924 25.968017578125 26.0293025970459 26.1330871582031 26.2285194396973 26.3394546508789 26.4209671020508 26.4583072662354 26.4794158935547 26.4912281036377 26.5174026489258 26.5415439605713 26.5601577758789 26.5833644866943 26.6166343688965 26.6665325164795 26.7220783233643 26.7539482116699 26.7676944732666 26.8105144500732 26.8699054718018
-3.4e+38 -3.4e+38 -3.4e+38 -3.4e+38 24.044979095459 24.1315364837646 24.3053245544434 24.6435489654541 24.9695854187012 25.183235168457 25.378568649292 25.5706653594971 25.8166694641113 25.8624305725098 25.8789806365967 25.9162483215332 25.9758567810059 25.9833869934082 25.984203338623 26.0059070587158 26.0244560241699 26.0253086090088 25.9823036193848 25.9259624481201 25.9748287200928 26.0329093933105 26.0279846191406 26.0503578186035 26.1463394165039 26.2290515899658 26.3442573547363 26.4170036315918 26.4591445922852 26.4828662872314 26.4832668304443 26.4954986572266 26.5172634124756 26.5393867492676 26.5690269470215 26.5952110290527 26.6333980560303 26.699893951416 26.7638206481934 26.7941417694092 26.8417491912842 26.8890895843506 26.967945098877
-3.4e+38 -3.4e+38 -3.4e+38 -3.4e+38 24.0455837249756 24.1692886352539 24.3602466583252 24.5864238739014 24.9528713226318 25.1392021179199 25.3156661987305 25.5296878814697 25.8297100067139 25.8954391479492 25.9156055450439 25.9492206573486 25.9940814971924 26.0051536560059 26.0151214599609 26.03049659729 26.0487174987793 26.0639038085938 26.0452480316162 26.0172214508057 26.0574378967285 26.0788536071777 26.0909690856934 26.1525230407715 26.2411193847656 26.3366012573242 26.4157524108887 26.4677658081055 26.4861011505127 26.4910545349121 26.4945621490479 26.5250835418701 26.5692558288574 26.602466583252 26.6318225860596 26.6457271575928 26.68017578125 26.7569313049316 26.798656463623 26.8598384857178 26.9272766113281 26.9649410247803 27.0486354827881
-3.4e+38 -3.4e+38 -3.4e+38 -3.4e+38 24.0206756591797 24.1809158325195 24.3955574035645 24.5783100128174 24.8330307006836 25.0976028442383 25.281307220459 25.4813842773438 25.768575668335 25.9095859527588 25.9360179901123 25.9489231109619 26.0002479553223 26.0405387878418 26.0393753051758 26.0594501495361 26.0822086334229 26.1159019470215 26.1310482025146 26.1093044281006 26.0884094238281 26.0964679718018 26.1789417266846 26.2496871948242 26.3383522033691 26.403133392334 26.449047088623 26.4948616027832 26.5117511749268 26.5159778594971 26.5479602813721 26.600414276123 26.6405334472656 26.6617736816406 26.6684608459473 26.6819667816162 26.7298698425293 26.8004493713379 26.8406276702881 26.9295787811279 26.9794540405273 27.0267734527588 27.1315612792969
-3.4e+38 -3.4e+38 -3.4e+38 -3.4e+38 -3.4e+38 24.2616539001465 24.3957405090332 24.6029262542725 24.7746620178223 25.0673580169678 25.2658424377441 25.4347343444824 25.6675033569336 25.8914909362793 25.9426422119141 25.9353809356689 26.0029716491699 26.0656414031982 26.0864372253418 26.0810813903809 26.0990562438965 26.1273956298828 26.151309967041 26.1559143066406 26.1245956420898 26.1707401275635 26.2561683654785 26.3322868347168 26.4010105133057 26.4400329589844 26.4919681549072 26.5214366912842 26.53125 26.5487213134766 26.6109237670898 26.6540985107422 26.6738033294678 26.6840991973877 26.6889324188232 26.7040138244629 26.7619323730469 26.8206253051758 26.8815364837646 26.9700908660889 27.0300846099854 27.0866985321045 27.1942195892334
-3.4e+38 -3.4e+38 -3.4e+38 -3.4e+38 -3.4e+38 24.3843441009521 24.4704074859619 24.6808547973633 24.8494033813477 25.0754547119141 25.3109397888184 25.4555206298828 25.6444969177246 25.8429012298584 25.9376163482666 25.9408397674561 26.0199718475342 26.0998458862305 26.1240100860596 26.1175575256348 26.1298809051514 26.1404666900635 26.1333084106445 26.1446342468262 26.2138843536377 26.2741031646729 26.2980155944824 26.3848495483398 26.4312877655029 26.4781227111816 26.5211162567139 26.5371570587158 26.5400714874268 26.5697593688965 26.6478385925293 26.6738376617432 26.6779174804688 26.7098522186279 26.7106304168701 26.7212028503418 26.7811317443848 26.8202743530273 26.9233551025391 27.0208206176758 27.0688667297363 27.1506900787354 27.2569217681885
-3.4e+38 -3.4e+38 -3.4e+38 -3.4e+38 -3.4e+38 24.5109558105469 24.6000862121582 24.8055248260498 24.9527339935303 25.1267948150635 25.340274810791 25.4823532104492 25.6427097320557 25.8033752441406 25.8843441009521 25.9618663787842 26.0974655151367 26.1671924591064 26.2003059387207 26.23024559021 26.2376766204834 26.2427406311035 26.2436180114746 26.2430953979492 26.323184967041 26.3726444244385 26.3784255981445 26.3771228790283 26.4368057250977 26.4912929534912 26.5281200408936 26.5474815368652 26.555980682373 26.5806198120117 26.6437931060791 26.679084777832 26.6967658996582 26.7243404388428 26.7187767028809 26.7422161102295 26.7977600097656 26.8425579071045 26.9790649414062 27.0548629760742 27.1175727844238 27.2329635620117 27.315336227417
-3.4e+38 -3.4e+38 -3.4e+38 -3.4e+38 -3.4e+38 -3.4e+38 24.8573474884033 24.9306640625 25.0626773834229 25.2202701568604 25.4050064086914 25.5252780914307 25.65749168396 25.7870903015137 25.8555564880371 25.9524936676025 26.1289978027344 26.2180213928223 26.2676563262939 26.3193035125732 26.3455123901367 26.3602447509766 26.3532562255859 26.3488235473633 26.3839874267578 26.4422416687012 26.474479675293 26.4766120910645 26.4318199157715 26.4690837860107 26.5168800354004 26.5413646697998 26.5473308563232 26.5702056884766 26.6076698303223 26.648078918457 26.6766700744629 26.6949253082275 26.7075138092041 26.7680797576904 26.8111667633057 26.8903789520264 27.0149517059326 27.0715675354004 27.2046432495117 27.2984619140625 27.321460723877
-3.4e+38 -3.4e+38 -3.4e+38 -3.4e+38 -3.4e+38 -3.4e+38 25.0314483642578 25.0692863464355 25.1854820251465 25.3132572174072 25.473165512085 25.5659790039062 25.7000980377197 25.7952747344971 25.8897094726562 26.0044784545898 26.1396770477295 26.2367458343506 26.3064556121826 26.3531360626221 26.3957099914551 26.460620880127 26.486198425293 26.4336109161377 26.429178237915 26.4586639404297 26.4842987060547 26.5407810211182 26.5473136901855 26.4789562225342 26.4757270812988 26.5405178070068 26.5670833587646 26.580472946167 26.598876953125 26.6235542297363 26.6494750976562 26.6854953765869 26.7418384552002 26.800271987915 26.8444709777832 26.9349327087402 27.0269832611084 27.1326446533203 27.3078136444092 27.3465251922607 27.299690246582
-3.4e+38 -3.4e+38 -3.4e+38 -3.4e+38 -3.4e+38 -3.4e+38 25.1969451904297 25.2154178619385 25.2974720001221 25.399564743042 25.5232181549072 25.6163234710693 25.7587661743164 25.8781776428223 25.9486274719238 26.0948066711426 26.1823196411133 26.2329120635986 26.309061050415 26.3317756652832 26.3638134002686 26.4509468078613 26.5495204925537 26.5607452392578 26.5404815673828 26.5329341888428 26.5329742431641 26.5373973846436 26.5570640563965 26.5789279937744 26.5617771148682 26.5292205810547 26.5501289367676 26.6005859375 26.640344619751 26.6718521118164 26.704517364502 26.7443504333496 26.7868690490723 26.8297538757324 26.8697738647461 26.9506759643555 27.0611228942871 27.2581520080566 27.3789329528809 27.386043548584 27.290355682373
-3.4e+38 -3.4e+38 -3.4e+38 -3.4e+38 -3.4e+38 25.3452415466309 25.3124980926514 25.3778057098389 25.4525451660156 25.5275993347168 25.6350593566895 25.7080307006836 25.8427734375 25.9774856567383 26.0498313903809 26.1480255126953 26.214693069458 26.2232513427734 26.2705898284912 26.3362827301025 26.3688182830811 26.4290351867676 26.5116920471191 26.5634803771973 26.5706806182861 26.5747203826904 26.594030380249 26.6149196624756 26.6333026885986 26.6466312408447 26.6666564941406 26.6862678527832 26.6758689880371 26.6600379943848 26.6802520751953 26.717414855957 26.7520847320557 26.7768268585205 26.8003177642822 26.8368091583252 26.8904228210449 27.0084915161133 27.1654529571533 27.366003036499 27.4250392913818 27.3986873626709 27.3007869720459
-3.4e+38 -3.4e+38 -3.4e+38 -3.4e+38 25.2675361633301 25.3362827301025 25.463623046875 25.5626640319824 25.6478958129883 25.715669631958 25.809398651123 25.8766574859619 25.9913425445557 26.1361103057861 26.227409362793 26.263391494751 26.2792263031006 26.2610187530518 26.2554874420166 26.328971862793 26.4036922454834 26.4630527496338 26.5090579986572 26.5628986358643 26.6192398071289 26.6445808410645 26.6603832244873 26.679084777832 26.7160129547119 26.7482166290283 26.7820434570312 26.8050212860107 26.8187789916992 26.831859588623 26.8279228210449 26.8195514678955 26.8082218170166 26.8035106658936 26.8230304718018 26.8799571990967 26.9679737091064 27.1149234771729 27.2644195556641 27.4166831970215 27.4615936279297 27.3899230957031 27.3141613006592
