Ecospace-environmental-drivers/Outputs/ASCII-for-ecospace/Temp-surf/Temp-surf_X2017.02.asc
NCOLS 131 
NROWS 53 
XLLCORNER -98 
YLLCORNER 23.9265270233154 
CELLSIZE 0.133587792515755 
NODATA_value -3.4e+38 
[rows 21 to 41 of 53, columns 0 to 46 of 131]
-3.4e+38 -3.4e+38 -3.4e+38 -3.4e+38 -3.4e+38 -3.4e+38 19.2023620605469 19.12278175354 19.0361595153809 18.9815502166748 18.8477573394775 18.8883171081543 19.0237369537354 19.2493591308594 19.4731121063232 19.6528949737549 19.7366065979004 19.8639717102051 20.0712757110596 20.3656444549561 20.5420265197754 20.6438140869141 20.8750247955322 21.0733852386475 21.1270275115967 20.9466209411621 20.6896934509277 20.618631362915 20.5979290008545 20.6175575256348 20.7175750732422 20.9081192016602 21.1039447784424 21.2567291259766 21.332540512085 21.3340797424316 21.331241607666 21.3379440307617 21.3713417053223 21.4227027893066 21.4724998474121 21.5404624938965 21.6060886383057 21.6422023773193 21.6496124267578 21.6728916168213 21.7133598327637
-3.4e+38 -3.4e+38 -3.4e+38 -3.4e+38 -3.4e+38 -3.4e+38 19.2932224273682 19.1910839080811 19.12278175354 19.0041484832764 19.090425491333 19.3033409118652 19.5954284667969 19.9386100769043 20.2265224456787 20.437084197998 20.484260559082 20.441234588623 20.604606628418 20.8747367858887 21.1342754364014 21.3177738189697 21.4694385528564 21.6446208953857 21.7169380187988 21.5516967773438 21.3187217712402 21.2602958679199 21.196081161499 21.1534118652344 21.1875801086426 21.2475757598877 21.3807487487793 21.4787750244141 21.559398651123 21.6292839050293 21.7004623413086 21.7416114807129 21.729866027832 21.7277412414551 21.7642040252686 21.7680034637451 21.7453994750977 21.7735691070557 21.8052635192871 21.8594932556152 21.9120445251465
-3.4e+38 -3.4e+38 -3.4e+38 -3.4e+38 19.4870204925537 19.4562339782715 19.3430004119873 19.2932224273682 19.1572456359863 19.2580718994141 19.6035213470459 20.0615692138672 20.5285358428955 20.9894180297852 21.2860088348389 21.4052448272705 21.4131164550781 21.2807693481445 21.1325855255127 21.3065166473389 21.5575351715088 21.7385997772217 21.8595199584961 21.9220504760742 21.9683704376221 21.8993988037109 21.8564167022705 21.8673210144043 21.8785991668701 21.9048023223877 21.924674987793 21.9742603302002 22.0359878540039 22.0619144439697 22.0903263092041 22.1173419952393 22.152738571167 22.19384765625 22.1951847076416 22.175199508667 22.173942565918 22.1721687316895 22.1547622680664 22.1338768005371 22.0847663879395 22.1265907287598 22.180980682373
-3.4e+38 -3.4e+38 -3.4e+38 -3.4e+38 19.5364151000977 19.4684143066406 19.4562339782715 19.2795448303223 19.3887767791748 19.7644214630127 20.3152198791504 20.9694385528564 21.5201282501221 21.8773555755615 21.9971542358398 22.0190620422363 21.9994335174561 21.9464626312256 21.8992404937744 21.9685897827148 22.0816173553467 22.1590538024902 22.2256984710693 22.2232875823975 22.1584320068359 22.1579303741455 22.2071495056152 22.218729019165 22.2333889007568 22.2431945800781 22.2620582580566 22.2765598297119 22.2776336669922 22.2709579467773 22.2727336883545 22.2947158813477 22.3186359405518 22.3344383239746 22.3377895355225 22.3748359680176 22.3901653289795 22.3904609680176 22.4021682739258 22.3834934234619 22.3701515197754 22.3877201080322 22.3679618835449
-3.4e+38 -3.4e+38 -3.4e+38 -3.4e+38 -3.4e+38 19.5364151000977 19.4125919342041 19.4086360931396 19.7906131744385 20.3883647918701 21.0692958831787 21.6780376434326 22.0687847137451 22.2407264709473 22.3154811859131 22.3395099639893 22.343542098999 22.3244304656982 22.3163166046143 22.336555480957 22.3708209991455 22.4071178436279 22.4613971710205 22.4503536224365 22.3801746368408 22.3223533630371 22.3858623504639 22.4204788208008 22.4381732940674 22.4809684753418 22.4693202972412 22.4353046417236 22.4151935577393 22.4038009643555 22.4041500091553 22.4072437286377 22.4073486328125 22.4019031524658 22.4328460693359 22.4892501831055 22.529260635376 22.5548515319824 22.529224395752 22.5075740814209 22.4864063262939 22.5079383850098 22.4613990783691
-3.4e+38 -3.4e+38 -3.4e+38 -3.4e+38 -3.4e+38 19.5479068756104 19.3783855438232 19.6646251678467 20.2611427307129 21.0381393432617 21.6494102478027 22.0562839508057 22.3516864776611 22.5283603668213 22.5797462463379 22.6118335723877 22.6224403381348 22.5814590454102 22.544771194458 22.5074787139893 22.5080585479736 22.5467395782471 22.5639133453369 22.5289421081543 22.4788570404053 22.4405498504639 22.5031051635742 22.5609378814697 22.6289176940918 22.6112861633301 22.5570812225342 22.5277576446533 22.5201015472412 22.5081176757812 22.5067863464355 22.5002517700195 22.4876365661621 22.5047492980957 22.5431823730469 22.5760498046875 22.6338672637939 22.6569232940674 22.632963180542 22.5824222564697 22.5627841949463 22.5597095489502 22.5078411102295
-3.4e+38 -3.4e+38 20.3896236419678 20.3944053649902 19.8712730407715 19.4931449890137 19.4872798919678 19.9460926055908 20.6688270568848 21.3925800323486 21.8971538543701 22.3295192718506 22.5964469909668 22.6853313446045 22.689172744751 22.7238483428955 22.6918907165527 22.6411437988281 22.5967597961426 22.5649700164795 22.5533027648926 22.5387783050537 22.5582885742188 22.5564804077148 22.5267848968506 22.558614730835 22.6287307739258 22.6892032623291 22.6931533813477 22.6750965118408 22.6440258026123 22.6143989562988 22.6011142730713 22.5981121063232 22.6068439483643 22.6254444122314 22.6421508789062 22.6558113098145 22.680549621582 22.6903877258301 22.7045154571533 22.7043628692627 22.6909713745117 22.6931991577148 22.6826782226562 22.6781330108643 22.63258934021
-339999999999999996128486808808066248288.000000000000000 -3.4e+38 -3.4e+38 -3.4e+38 20.3991889953613 19.5265026092529 19.6736927032471 20.2515201568604 20.9584922790527 21.6036434173584 22.2202129364014 22.6086273193359 22.7353267669678 22.8132057189941 22.8437805175781 22.8438606262207 22.7476387023926 22.6229763031006 22.5558090209961 22.5561466217041 22.5258636474609 22.524959564209 22.5819721221924 22.578670501709 22.6101589202881 22.6611576080322 22.7091865539551 22.7252750396729 22.7366275787354 22.7616310119629 22.7498016357422 22.7230091094971 22.7022552490234 22.7000427246094 22.7239627838135 22.7574634552002 22.7776393890381 22.7825355529785 22.8003921508789 22.8021469116211 22.7766780853271 22.7720203399658 22.7625522613525 22.7522163391113 22.7439212799072 22.7301216125488 22.7084255218506
-3.4e+38 -3.4e+38 -3.4e+38 -3.4e+38 20.1787490844727 19.5296611785889 19.8646545410156 20.4714775085449 21.1356163024902 21.8462371826172 22.524866104126 22.7309818267822 22.8282070159912 22.952709197998 22.9842281341553 22.9970054626465 22.892936706543 22.7498149871826 22.6196269989014 22.5651569366455 22.555850982666 22.5759429931641 22.5966186523438 22.6218299865723 22.6825733184814 22.7254638671875 22.7430934906006 22.760368347168 22.7732677459717 22.780179977417 22.8356990814209 22.832878112793 22.8108444213867 22.8077545166016 22.8599948883057 22.9188804626465 22.917293548584 22.8847370147705 22.8704833984375 22.8740501403809 22.8815135955811 22.865894317627 22.8429794311523 22.8146781921387 22.7653713226318 22.7255744934082 22.7242279052734
-3.4e+38 -3.4e+38 -3.4e+38 -3.4e+38 20.0244312286377 19.6717147827148 19.951696395874 20.5107917785645 21.2327041625977 21.9514904022217 22.6616878509521 22.8011512756348 22.9067935943604 23.0291633605957 23.0991344451904 23.07444190979 22.9664840698242 22.8215274810791 22.6633529663086 22.6212196350098 22.5883884429932 22.5813827514648 22.6301555633545 22.6885948181152 22.7460308074951 22.760232925415 22.7741317749023 22.7860889434814 22.7951278686523 22.8174800872803 22.8865375518799 22.9141979217529 22.9081611633301 22.9373168945312 22.9873123168945 23.0318298339844 23.0175895690918 22.9678611755371 22.9424743652344 22.9361610412598 22.9286136627197 22.9136428833008 22.8807563781738 22.8340301513672 22.7852935791016 22.7597026824951 22.76584815979
-3.4e+38 -3.4e+38 -3.4e+38 -3.4e+38 21.0261001586914 19.9184112548828 19.9819278717041 20.5053977966309 21.1500797271729 21.8438205718994 22.6235294342041 22.8448314666748 22.9554786682129 23.0525569915771 23.1328983306885 23.0982303619385 23.0061473846436 22.9046669006348 22.7606410980225 22.6779251098633 22.6438503265381 22.6029243469238 22.6673564910889 22.7244644165039 22.7712306976318 22.7719974517822 22.7813816070557 22.7850894927979 22.8314323425293 22.8750114440918 22.9401512145996 23.0007591247559 23.0210151672363 23.0413188934326 23.0860652923584 23.1223411560059 23.0862236022949 23.00954246521 22.9765071868896 22.9665069580078 22.9568824768066 22.9329414367676 22.9007892608643 22.8614559173584 22.8317947387695 22.8069858551025 22.7992362976074
-3.4e+38 -3.4e+38 -3.4e+38 -3.4e+38 20.7859039306641 20.0250205993652 19.9933986663818 20.429370880127 20.9510059356689 21.5878448486328 22.3709163665771 22.8137741088867 22.9681358337402 23.0900630950928 23.2485809326172 23.211145401001 23.0889568328857 22.9988899230957 22.8838768005371 22.7716331481934 22.7181129455566 22.6561183929443 22.6977729797363 22.7542171478271 22.791576385498 22.7929153442383 22.7958526611328 22.8066711425781 22.8609943389893 22.9287223815918 23.0145072937012 23.0703678131104 23.1038608551025 23.1264877319336 23.1583843231201 23.1435203552246 23.0865840911865 22.9837341308594 22.9522819519043 22.96653175354 22.9650821685791 22.9455738067627 22.9048614501953 22.869255065918 22.8407936096191 22.8304042816162 22.815637588501
-3.4e+38 -3.4e+38 -3.4e+38 -3.4e+38 20.7665634155273 20.1725406646729 20.1105518341064 20.4794139862061 20.9813976287842 21.4497509002686 22.0736808776855 22.6972980499268 22.977970123291 23.1397266387939 23.3121089935303 23.2653503417969 23.1659507751465 23.0749168395996 22.9896697998047 22.8838481903076 22.8039016723633 22.7468109130859 22.7401962280273 22.7635116577148 22.7862319946289 22.7922306060791 22.7992610931396 22.8269958496094 22.8910427093506 22.9857692718506 23.0873603820801 23.1297512054443 23.1515350341797 23.1851005554199 23.2028141021729 23.1641044616699 23.0837001800537 23.0039100646973 22.9731369018555 22.9872226715088 22.9883842468262 22.9540271759033 22.9016704559326 22.8864612579346 22.8569278717041 22.8446426391602 22.8571929931641
-3.4e+38 -3.4e+38 -3.4e+38 -3.4e+38 -3.4e+38 20.1963500976562 20.2901248931885 20.6253719329834 21.0955276489258 21.5595111846924 22.1043186187744 22.6192989349365 22.9774494171143 23.2180519104004 23.3160457611084 23.2674388885498 23.2700538635254 23.1735935211182 23.1044178009033 23.0312538146973 22.9297180175781 22.8253402709961 22.8215599060059 22.8049983978271 22.7944831848145 22.7922172546387 22.8295726776123 22.8968639373779 22.9697036743164 23.0699310302734 23.1750602722168 23.1795444488525 23.2000846862793 23.2339859008789 23.2406520843506 23.1893138885498 23.1205501556396 23.0624618530273 23.0266284942627 22.997278213501 22.990406036377 22.9585418701172 22.9146404266357 22.9142055511475 22.9012088775635 22.8916454315186 22.8924922943115
-3.4e+38 -3.4e+38 -3.4e+38 -3.4e+38 -3.4e+38 20.9064674377441 20.4847297668457 20.8412227630615 21.2981643676758 21.7496280670166 22.1847171783447 22.6233310699463 22.9976196289062 23.2705097198486 23.3553981781006 23.2852344512939 23.3056602478027 23.287691116333 23.2108936309814 23.1534271240234 23.0819225311279 22.9927387237549 22.9906597137451 22.9899711608887 22.9953651428223 23.0090999603271 23.0009021759033 23.0173110961914 23.06955909729 23.1916198730469 23.2468242645264 23.2361183166504 23.2655048370361 23.2940979003906 23.2946262359619 23.2405223846436 23.1715259552002 23.1278018951416 23.0752964019775 23.0248413085938 23.0155735015869 22.9906234741211 22.9585304260254 22.9563884735107 22.9567947387695 22.9518642425537 22.9270534515381
-3.4e+38 -3.4e+38 -3.4e+38 -3.4e+38 -3.4e+38 20.8661479949951 20.6404647827148 21.0971622467041 21.5550003051758 21.9405307769775 22.3074054718018 22.6590938568115 23.1589126586914 23.4019222259521 23.4396457672119 23.3991546630859 23.4183521270752 23.4114818572998 23.3930053710938 23.3203983306885 23.2466220855713 23.21262550354 23.2084980010986 23.1757736206055 23.142728805542 23.0915603637695 23.0843772888184 23.1111583709717 23.1494045257568 23.2758083343506 23.2843685150146 23.2818279266357 23.3171806335449 23.3534107208252 23.3571224212646 23.3021335601807 23.2316970825195 23.181848526001 23.1426181793213 23.0996284484863 23.0658473968506 23.0225505828857 22.9921035766602 22.9650592803955 22.972713470459 22.9830284118652 22.9658107757568
-3.4e+38 -3.4e+38 -3.4e+38 -3.4e+38 -3.4e+38 -3.4e+38 20.8588619232178 21.3436279296875 21.7407875061035 22.0887184143066 22.4084529876709 22.8838844299316 23.3447360992432 23.5027770996094 23.5547771453857 23.5903797149658 23.6305980682373 23.6126174926758 23.6028614044189 23.6003513336182 23.5609512329102 23.5415573120117 23.524356842041 23.4643707275391 23.4083576202393 23.3123950958252 23.235559463501 23.1944980621338 23.2189178466797 23.3390331268311 23.3604202270508 23.3656749725342 23.4202995300293 23.4623031616211 23.4366798400879 23.3917560577393 23.3352947235107 23.2859497070312 23.2522392272949 23.2349224090576 23.1265449523926 23.0590572357178 23.0262336730957 22.998987197876 22.9620246887207 22.9572868347168 22.9845752716064
-3.4e+38 -3.4e+38 -3.4e+38 -3.4e+38 -3.4e+38 -3.4e+38 21.034351348877 21.527042388916 21.9003925323486 22.2621841430664 22.6100215911865 23.0604667663574 23.3898849487305 23.5365619659424 23.630199432373 23.7402400970459 23.7981338500977 23.793270111084 23.7762508392334 23.7645645141602 23.7324695587158 23.7145175933838 23.6879367828369 23.6625900268555 23.6159133911133 23.5240688323975 23.4420280456543 23.3359565734863 23.266134262085 23.3448524475098 23.4596328735352 23.4702548980713 23.5459022521973 23.5830955505371 23.5520915985107 23.5284481048584 23.5136070251465 23.4211483001709 23.346794128418 23.3472442626953 23.2881565093994 23.190860748291 23.1232490539551 23.0660495758057 23.0105838775635 22.9369354248047 22.9552898406982
-3.4e+38 -3.4e+38 -3.4e+38 -3.4e+38 -3.4e+38 -3.4e+38 21.2193088531494 21.7218894958496 22.1487197875977 22.4939422607422 22.8568515777588 23.1528816223145 23.3661346435547 23.6263980865479 23.7649784088135 23.8858680725098 23.9254283905029 23.9308223724365 23.9219131469727 23.9311714172363 23.9134654998779 23.8732147216797 23.8334732055664 23.7925033569336 23.6833877563477 23.5916748046875 23.5311126708984 23.4754829406738 23.4157371520996 23.3828983306885 23.5142211914062 23.5783672332764 23.5917549133301 23.6558284759521 23.7180156707764 23.6813144683838 23.6032676696777 23.5265464782715 23.473331451416 23.4875469207764 23.4519844055176 23.3075141906738 23.1871795654297 23.0732269287109 23.0208568572998 22.9560050964355 22.9144630432129
-3.4e+38 -3.4e+38 -3.4e+38 -3.4e+38 -3.4e+38 21.2727508544922 21.4509677886963 22.0277462005615 22.4720592498779 22.805025100708 23.1620006561279 23.3802299499512 23.5540142059326 23.7705249786377 23.8935680389404 24.0224056243896 24.0811080932617 24.1055183410645 24.1221942901611 24.1302337646484 24.0857353210449 24.0139293670654 23.9614849090576 23.8872413635254 23.7525634765625 23.6721630096436 23.6161098480225 23.5809421539307 23.5343799591064 23.4688415527344 23.568904876709 23.6689128875732 23.7113800048828 23.7860336303711 23.8343811035156 23.7972679138184 23.7143630981445 23.651065826416 23.6676483154297 23.6628684997559 23.6192874908447 23.4980926513672 23.3725414276123 23.1981506347656 23.1137351989746 23.0391330718994 22.948091506958
-3.4e+38 -3.4e+38 -3.4e+38 -3.4e+38 21.6838855743408 21.4575996398926 21.8879814147949 22.474552154541 22.8159503936768 23.1155948638916 23.4907455444336 23.7402000427246 23.8482265472412 23.9494934082031 24.0438404083252 24.1231956481934 24.1930122375488 24.2504081726074 24.2897777557373 24.2774353027344 24.2008323669434 24.1030254364014 24.0466537475586 23.9577922821045 23.8251953125 23.7406616210938 23.683874130249 23.6301574707031 23.5904121398926 23.5396175384521 23.6180534362793 23.7659568786621 23.8493518829346 23.9190464019775 23.9335613250732 23.9362106323242 24.0088520050049 23.9964485168457 23.9512920379639 23.885217666626 23.825662612915 23.7299003601074 23.6136283874512 23.4254360198975 23.267463684082 23.1626205444336 23.0579776763916
