Ecospace-environmental-drivers/Outputs/ASCII-for-ecospace/Temp-surf/Temp-surf_X2016.10.asc
NCOLS 131 
NROWS 53 
XLLCORNER -98 
YLLCORNER 23.9265270233154 
CELLSIZE 0.133587792515755 
NODATA_value -3.4e+38 
[rows 21 to 41 of 53, columns 0 to 46 of 131]
-3.4e+38 -3.4e+38 -3.4e+38 -3.4e+38 -3.4e+38 -3.4e+38 27.3566722869873 27.3255977630615 27.2190189361572 27.181676864624 27.3388137817383 27.4629611968994 27.4958686828613 27.6631126403809 27.7270183563232 27.7725791931152 27.8455619812012 27.940544128418 28.0504512786865 28.1958484649658 28.2680549621582 28.2854137420654 28.2759571075439 28.2676982879639 28.2575645446777 28.2689380645752 28.2956428527832 28.3054828643799 28.2857036590576 28.2819538116455 28.3076248168945 28.3175258636475 28.2968978881836 28.2990875244141 28.3183040618896 28.3372898101807 28.3497371673584 28.356029510498 28.3401069641113 28.3162155151367 28.2944412231445 28.2985248565674 28.2968215942383 28.2332172393799 28.1847743988037 28.2014217376709 28.1889972686768
-3.4e+38 -3.4e+38 -3.4e+38 -3.4e+38 -3.4e+38 -3.4e+38 27.346887588501 27.3975296020508 27.3255977630615 27.2318515777588 27.6002006530762 27.7293128967285 27.7997303009033 27.8480854034424 27.9683322906494 28.133487701416 28.2508411407471 28.3175354003906 28.3882293701172 28.4096488952637 28.3587665557861 28.2957973480225 28.2749519348145 28.2773323059082 28.3028354644775 28.3114986419678 28.3229866027832 28.338342666626 28.3389854431152 28.372257232666 28.4198741912842 28.4431381225586 28.4301242828369 28.4123821258545 28.4314250946045 28.4345970153809 28.4636287689209 28.5077152252197 28.5030136108398 28.4607830047607 28.4248275756836 28.3885459899902 28.3661270141602 28.3402099609375 28.2756443023682 28.2696895599365 28.2856693267822
-3.4e+38 -3.4e+38 -3.4e+38 -3.4e+38 27.5448265075684 27.6667022705078 27.6123828887939 27.346887588501 27.5201015472412 27.6789894104004 27.8707809448242 27.9274005889893 28.0136337280273 28.1755981445312 28.40305519104 28.4661903381348 28.4639892578125 28.4768085479736 28.4947700500488 28.5061206817627 28.5077476501465 28.5320587158203 28.5627517700195 28.5155124664307 28.4849796295166 28.477783203125 28.4738883972168 28.4521236419678 28.4395694732666 28.43483543396 28.4298229217529 28.4643115997314 28.4879417419434 28.4824981689453 28.491268157959 28.5177631378174 28.5565147399902 28.5889072418213 28.6001472473145 28.5735454559326 28.5482139587402 28.5329055786133 28.5042972564697 28.4566669464111 28.4007987976074 28.3799076080322 28.3617744445801
-3.4e+38 -3.4e+38 -3.4e+38 -3.4e+38 27.5798511505127 27.509801864624 27.9104557037354 27.6823883056641 27.7513904571533 27.9555358886719 28.0630264282227 28.1665859222412 28.3278865814209 28.4681224822998 28.5474548339844 28.5813007354736 28.6207275390625 28.6836357116699 28.7346591949463 28.7663879394531 28.7838859558105 28.7865657806396 28.7823123931885 28.7696475982666 28.750337600708 28.7184104919434 28.6812782287598 28.6488399505615 28.6093215942383 28.5682525634766 28.5284023284912 28.5473098754883 28.5702724456787 28.5409832000732 28.5440540313721 28.5773086547852 28.6389865875244 28.6561660766602 28.6357593536377 28.6211948394775 28.6054553985596 28.6156997680664 28.5947437286377 28.5623016357422 28.5220413208008 28.4817142486572 28.4745121002197
-3.4e+38 -3.4e+38 -3.4e+38 -3.4e+38 -3.4e+38 27.5480060577393 27.8385429382324 27.7928924560547 27.9762229919434 28.1104164123535 28.2937965393066 28.4523239135742 28.521053314209 28.6014041900635 28.6813335418701 28.7532825469971 28.7896900177002 28.8174991607666 28.8381671905518 28.8490505218506 28.8778381347656 28.8955059051514 28.9015064239502 28.8823757171631 28.8404636383057 28.8117713928223 28.7804374694824 28.7473030090332 28.7268371582031 28.6907768249512 28.6467952728271 28.6031322479248 28.6192779541016 28.6254940032959 28.6213073730469 28.6218700408936 28.6795177459717 28.7129192352295 28.7027473449707 28.6872119903564 28.6592750549316 28.6410961151123 28.6032485961914 28.5801563262939 28.5581378936768 28.5302352905273 28.4918575286865
-3.4e+38 -3.4e+38 -3.4e+38 -3.4e+38 -3.4e+38 27.5330677032471 27.7439308166504 27.9946842193604 28.1369514465332 28.3006191253662 28.4993419647217 28.5781745910645 28.6418647766113 28.742790222168 28.8503341674805 28.8897838592529 28.8883495330811 28.8903656005859 28.8945236206055 28.9285507202148 28.9663314819336 28.9875602722168 28.9602756500244 28.9354572296143 28.9036827087402 28.882869720459 28.8426094055176 28.8131999969482 28.790168762207 28.7675247192383 28.7402076721191 28.6995697021484 28.6762008666992 28.6653671264648 28.6721458435059 28.6891040802002 28.7131404876709 28.7505493164062 28.7382011413574 28.7326774597168 28.7037906646729 28.6419486999512 28.5884761810303 28.5633449554443 28.5637092590332 28.5449104309082 28.5331916809082
-3.4e+38 -3.4e+38 27.6306762695312 27.6683406829834 27.7447147369385 27.7293186187744 27.9486961364746 28.1143550872803 28.2773818969727 28.4283771514893 28.5421676635742 28.6452560424805 28.7540740966797 28.8270721435547 28.8446826934814 28.8488922119141 28.9058494567871 28.8914432525635 28.8756885528564 28.96266746521 29.007884979248 29.0358829498291 29.0142612457275 28.991153717041 28.9548301696777 28.9167575836182 28.8923072814941 28.856273651123 28.8275470733643 28.7995185852051 28.7838134765625 28.7658462524414 28.7454433441162 28.7414875030518 28.7340126037598 28.7306480407715 28.7338466644287 28.7722778320312 28.7511882781982 28.7203369140625 28.7040100097656 28.6185913085938 28.5837154388428 28.5629119873047 28.5508098602295 28.5394821166992 28.5561923980713
-339999999999999996128486808808066248288.000000000000000 -3.4e+38 -3.4e+38 -3.4e+38 27.6296291351318 27.8654499053955 28.1250820159912 28.2197494506836 28.3926200866699 28.4948883056641 28.5872840881348 28.708646774292 28.7562026977539 28.8117618560791 28.8410873413086 28.8629207611084 28.9010601043701 28.8713245391846 28.9047927856445 29.0058078765869 29.0642776489258 29.0969352722168 29.0839653015137 29.0332794189453 28.9995403289795 28.9692115783691 28.9198036193848 28.8809928894043 28.8592319488525 28.8332977294922 28.814603805542 28.8086681365967 28.8183174133301 28.8104095458984 28.7971229553223 28.8018531799316 28.7867832183838 28.7597637176514 28.7402305603027 28.7104816436768 28.6940822601318 28.6285171508789 28.5932006835938 28.5685577392578 28.5582828521729 28.5707817077637 28.576244354248
-3.4e+38 -3.4e+38 -3.4e+38 -3.4e+38 27.6650218963623 27.9806060791016 28.204719543457 28.2827224731445 28.4468860626221 28.5190925598145 28.6510753631592 28.7506446838379 28.7510890960693 28.8317203521729 28.8479232788086 28.8763904571533 28.8815021514893 28.8822917938232 28.936824798584 29.0456695556641 29.1090431213379 29.1306285858154 29.1184902191162 29.0683631896973 29.0456428527832 29.0016708374023 28.9605026245117 28.9337158203125 28.9008960723877 28.8698272705078 28.8487644195557 28.8379039764404 28.849422454834 28.8641242980957 28.8803367614746 28.8782253265381 28.8696136474609 28.8334884643555 28.8046073913574 28.7443161010742 28.7142753601074 28.6551189422607 28.6064777374268 28.5870780944824 28.5788822174072 28.6035938262939 28.6063117980957
-3.4e+38 -3.4e+38 -3.4e+38 -3.4e+38 27.8270168304443 28.0314598083496 28.2451019287109 28.3062305450439 28.4547157287598 28.5521869659424 28.6439800262451 28.7154388427734 28.7469253540039 28.810567855835 28.8131866455078 28.8771133422852 28.876651763916 28.8854846954346 28.9822082519531 29.0772876739502 29.1438579559326 29.1721611022949 29.1454448699951 29.1004505157471 29.0893516540527 29.0571002960205 28.9771480560303 28.9235363006592 28.8855304718018 28.8585662841797 28.834867477417 28.8539333343506 28.9007797241211 28.9338874816895 28.9479446411133 28.9452495574951 28.9221496582031 28.8848552703857 28.8382415771484 28.7716159820557 28.7288856506348 28.667516708374 28.611722946167 28.6155967712402 28.6235446929932 28.6463584899902 28.6594619750977
-3.4e+38 -3.4e+38 -3.4e+38 -3.4e+38 27.8603363037109 28.1464385986328 28.2879695892334 28.3252220153809 28.4484844207764 28.5562343597412 28.6025829315186 28.6381168365479 28.7259311676025 28.7712268829346 28.7693138122559 28.8458805084229 28.8482341766357 28.9087333679199 29.0116558074951 29.1015129089355 29.1553516387939 29.1601505279541 29.1630535125732 29.1761684417725 29.1641998291016 29.0938510894775 28.9963722229004 28.9435977935791 28.9189357757568 28.9053401947021 28.9007472991943 28.9503555297852 28.9839553833008 29.0072078704834 29.0374526977539 29.0297679901123 29.0035743713379 28.9552764892578 28.8822269439697 28.8179740905762 28.7413578033447 28.6820507049561 28.6285457611084 28.6324939727783 28.6520729064941 28.6591892242432 28.6462249755859
-3.4e+38 -3.4e+38 -3.4e+38 -3.4e+38 27.8617897033691 28.17649269104 28.3287582397461 28.3624038696289 28.4271183013916 28.5010070800781 28.5268421173096 28.5746059417725 28.7041130065918 28.7511444091797 28.7642345428467 28.8477649688721 28.8665885925293 28.9470291137695 29.0635356903076 29.1358070373535 29.1697158813477 29.1856307983398 29.2196197509766 29.2253246307373 29.1718063354492 29.1372604370117 29.0885334014893 29.033670425415 29.0175247192383 28.9980430603027 28.9945945739746 29.0194339752197 29.0708484649658 29.1085643768311 29.1096267700195 29.1046161651611 29.077751159668 29.0273094177246 28.9624214172363 28.8863830566406 28.79758644104 28.7190685272217 28.6790237426758 28.6675510406494 28.7014274597168 28.6860065460205 28.6890277862549
-3.4e+38 -3.4e+38 -3.4e+38 -3.4e+38 27.9028854370117 28.0927391052246 28.2810192108154 28.3875465393066 28.4159679412842 28.4604511260986 28.4909172058105 28.5322284698486 28.6732482910156 28.7307548522949 28.7844219207764 28.8859996795654 28.9301834106445 29.0132350921631 29.1210155487061 29.1747798919678 29.2043437957764 29.2442455291748 29.2678737640381 29.2424774169922 29.1885528564453 29.171989440918 29.1746959686279 29.1696109771729 29.1669673919678 29.1567821502686 29.1526374816895 29.153600692749 29.1681232452393 29.1856918334961 29.193244934082 29.180850982666 29.1659469604492 29.1344337463379 29.0775833129883 29.0075817108154 28.9178943634033 28.8227596282959 28.7516555786133 28.7316761016846 28.7551212310791 28.7510261535645 28.7395668029785
-3.4e+38 -3.4e+38 -3.4e+38 -3.4e+38 -3.4e+38 28.060962677002 28.2826099395752 28.4379577636719 28.4281215667725 28.4422626495361 28.4781875610352 28.5260696411133 28.6658306121826 28.735954284668 28.8495254516602 28.9767875671387 29.0048637390137 29.0445594787598 29.1689949035645 29.2205600738525 29.2647571563721 29.3120269775391 29.3243713378906 29.2804851531982 29.2501792907715 29.2409191131592 29.2342395782471 29.2531242370605 29.2714252471924 29.2932052612305 29.3185615539551 29.3417568206787 29.3408737182617 29.3336868286133 29.3286933898926 29.3126449584961 29.2677726745605 29.2367134094238 29.197380065918 29.1516571044922 29.0729064941406 29.030330657959 28.9885540008545 28.9157848358154 28.8540325164795 28.8278484344482 28.8057861328125
-3.4e+38 -3.4e+38 -3.4e+38 -3.4e+38 -3.4e+38 27.8980350494385 28.2523422241211 28.4857349395752 28.5028038024902 28.464427947998 28.4702415466309 28.5293750762939 28.6572265625 28.7588653564453 28.9438743591309 29.0845031738281 29.1191215515137 29.1028308868408 29.194206237793 29.2853755950928 29.3215255737305 29.3369731903076 29.3422698974609 29.3269214630127 29.3054790496826 29.3054504394531 29.2964878082275 29.2951145172119 29.3159465789795 29.3406887054443 29.3653354644775 29.3878574371338 29.4060478210449 29.4055366516113 29.3949546813965 29.4025421142578 29.3928394317627 29.3715133666992 29.3277454376221 29.2822742462158 29.2096252441406 29.1519069671631 29.1171321868896 29.0843315124512 29.0327110290527 29.0034236907959 28.9684162139893
-3.4e+38 -3.4e+38 -3.4e+38 -3.4e+38 -3.4e+38 27.9429550170898 28.1853485107422 28.4940586090088 28.5521984100342 28.4928302764893 28.4950218200684 28.5437889099121 28.6599750518799 28.8440990447998 29.0311260223389 29.1889209747314 29.2099113464355 29.2272262573242 29.2237987518311 29.3019828796387 29.3707599639893 29.3613586425781 29.3521785736084 29.3495101928711 29.3438053131104 29.3500328063965 29.3574848175049 29.3677196502686 29.3816967010498 29.3852729797363 29.3968334197998 29.4107151031494 29.4238948822021 29.4352436065674 29.4240283966064 29.4158668518066 29.4120178222656 29.4102764129639 29.3953342437744 29.3686847686768 29.3441677093506 29.2816867828369 29.213171005249 29.1658020019531 29.1384601593018 29.0998420715332 29.0634727478027
-3.4e+38 -3.4e+38 -3.4e+38 -3.4e+38 -3.4e+38 -3.4e+38 28.2189998626709 28.4799308776855 28.6086826324463 28.5774002075195 28.5399723052979 28.5805740356445 28.7904949188232 28.9744644165039 29.0987377166748 29.2613487243652 29.2921600341797 29.3039035797119 29.3224563598633 29.3348026275635 29.3484935760498 29.3666305541992 29.3609447479248 29.3583488464355 29.3526973724365 29.3548183441162 29.365364074707 29.3942184448242 29.4130039215088 29.4113922119141 29.4194641113281 29.438404083252 29.4470367431641 29.4362239837646 29.4253978729248 29.4402122497559 29.462926864624 29.4569530487061 29.4371604919434 29.4091930389404 29.3850231170654 29.3714046478271 29.3512268066406 29.3041439056396 29.2411613464355 29.1978549957275 29.1661052703857
-3.4e+38 -3.4e+38 -3.4e+38 -3.4e+38 -3.4e+38 -3.4e+38 28.2186088562012 28.4661808013916 28.6134414672852 28.5960102081299 28.5864543914795 28.7072639465332 28.9339752197266 29.0707740783691 29.1556491851807 29.2651710510254 29.341796875 29.384298324585 29.3793182373047 29.3842010498047 29.3966293334961 29.3816375732422 29.3584804534912 29.352466583252 29.3737316131592 29.3886947631836 29.3936347961426 29.4076690673828 29.424446105957 29.4299125671387 29.4411468505859 29.4616184234619 29.4392986297607 29.4368495941162 29.4588184356689 29.4816608428955 29.4842643737793 29.4805088043213 29.461576461792 29.4424533843994 29.4395866394043 29.4259757995605 29.4002017974854 29.3903179168701 29.3756732940674 29.3519344329834 29.3096141815186
-3.4e+38 -3.4e+38 -3.4e+38 -3.4e+38 -3.4e+38 -3.4e+38 28.2474670410156 28.5009155273438 28.6415348052979 28.6162738800049 28.6840801239014 28.8611011505127 29.0722904205322 29.1613368988037 29.196533203125 29.2856292724609 29.3883209228516 29.4569339752197 29.4867038726807 29.4784488677979 29.4664783477783 29.4526824951172 29.4457874298096 29.4313850402832 29.4110565185547 29.4122066497803 29.4130554199219 29.4149971008301 29.4245891571045 29.4376983642578 29.4591331481934 29.4323444366455 29.4539165496826 29.4788818359375 29.499382019043 29.4962215423584 29.487325668335 29.4930305480957 29.4967403411865 29.5092601776123 29.5043029785156 29.4922695159912 29.4693851470947 29.4506168365479 29.4236221313477 29.3938312530518 29.364875793457
-3.4e+38 -3.4e+38 -3.4e+38 -3.4e+38 -3.4e+38 28.407922744751 28.3528804779053 28.5608215332031 28.6863403320312 28.6453113555908 28.7731018066406 28.9785690307617 29.1575698852539 29.2142181396484 29.2594051361084 29.3192501068115 29.4369735717773 29.5029926300049 29.5228481292725 29.5313167572021 29.5279273986816 29.5074348449707 29.490743637085 29.484712600708 29.4784317016602 29.4875526428223 29.4873485565186 29.4819869995117 29.4890174865723 29.5076599121094 29.5020122528076 29.4942417144775 29.5000305175781 29.5103816986084 29.5306358337402 29.5236835479736 29.528112411499 29.5399284362793 29.5430183410645 29.5328769683838 29.5107803344727 29.486967086792 29.4604949951172 29.4623355865479 29.4534664154053 29.4293308258057 29.4082012176514
-3.4e+38 -3.4e+38 -3.4e+38 -3.4e+38 28.2579555511475 28.4727077484131 28.623420715332 28.6386547088623 28.723087310791 28.7007846832275 28.8791465759277 29.1289443969727 29.2338962554932 29.2307300567627 29.2928905487061 29.3777542114258 29.47802734375 29.5244197845459 29.5365695953369 29.510856628418 29.5145931243896 29.5325164794922 29.5330200195312 29.5168933868408 29.5026378631592 29.5128765106201 29.5242080688477 29.5397472381592 29.5681114196777 29.5635738372803 29.5312271118164 29.5252685546875 29.5345878601074 29.5518913269043 29.5638866424561 29.5750045776367 29.5812530517578 29.5731945037842 29.5554485321045 29.5431957244873 29.5100593566895 29.5094547271729 29.4887084960938 29.476692199707 29.4597587585449 29.4411220550537 29.4265651702881
