Ecospace-environmental-drivers/Outputs/ASCII-for-ecospace/Temp-surf/Temp-surf_X1981_mo11_avg27y.asc
NCOLS 131 
NROWS 53 
XLLCORNER -98 
YLLCORNER 23.9265270233154 
CELLSIZE 0.133587792515755 
NODATA_value -9999 
[rows 21 to 41 of 53, columns 0 to 46 of 131]
-9999 -9999 -9999 -9999 -9999 -9999 21.9379966877125 21.8632615407308 21.9189339390507 21.6412637498644 22.0823411588316 22.4949418527109 22.8745591198957 23.2560464364511 23.5531496825042 23.807709870515 24.0388400466354 24.2555960902461 24.4533418019613 24.6148713429769 24.7331434885661 24.8118175930447 24.8560039378979 24.8756860097249 24.8853504746049 24.8857760252776 24.8903446903935 24.9015598297119 24.9173713966652 24.9338528668439 24.9465155424895 24.9453145486337 24.9388565487332 24.9338419878924 24.9245770065873 24.9238629517732 24.9308871516475 24.9406929016113 24.9494667053223 24.9631593492296 24.9725745872215 24.978271484375 24.9870933250145 24.9916551378038 25.0033640684905 25.0135849846734 25.0197385152181
-9999 -9999 -9999 -9999 -9999 -9999 21.897628430967 22.0517188884594 21.8604988522 22.2843461213288 22.7761678342466 23.1701997827601 23.5816762712267 23.9512928856744 24.2146363434968 24.408459133572 24.5548339419895 24.684075249566 24.7974470633048 24.8866101017705 24.9594732920329 25.0150148603651 25.0459065613923 25.056862089369 25.0533965781883 25.0406773178666 25.0314221558747 25.0290078763609 25.0347355030201 25.0416409527814 25.0412108103434 25.05023822078 25.0600533662019 25.0631460966887 25.060130931713 25.0537988168222 25.0562653011746 25.0719408105921 25.0942136270029 25.1135256025526 25.1241144957366 25.1347082632559 25.1424216517696 25.1466729199445 25.1507939939146 25.1611107720269 25.1690863856563
-9999 -9999 -9999 -9999 22.0590213493065 22.0487982432048 22.1261959782353 21.8960699858489 22.4252082683422 22.9419864371971 23.3929004669189 23.8351526613589 24.2361613379584 24.5571640862359 24.738854514228 24.8367893784134 24.8920832739936 24.9329241293448 24.9987434811062 25.0721423537643 25.1410840352376 25.1907560560438 25.2199702792697 25.2277006219935 25.2215357179995 25.2123958446361 25.2042765440764 25.192902247111 25.1911992673521 25.1918613998978 25.1922024620904 25.194042135168 25.1949047512478 25.1930140742549 25.1979260621247 25.196918770119 25.1966463724772 25.2073330349392 25.2244318502921 25.2376050595884 25.2427845001221 25.253327899509 25.2597279725251 25.2678531364158 25.2724603723597 25.2719056871202 25.2730175300881
-9999 -9999 -9999 -9999 22.0433793950964 22.1125830191153 22.1322134512442 22.4692656905563 23.0112198017262 23.4912348146792 23.9570376078288 24.3971519470215 24.7402526714184 24.9613022274441 25.070226598669 25.1135720147027 25.1331563878942 25.1675244790536 25.2213088847973 25.2705721678557 25.311891273216 25.3401827635588 25.3509822421604 25.3554084919117 25.3520704905192 25.3489980344419 25.3462052521882 25.3385897742377 25.326608022054 25.3122539520264 25.3019149215133 25.2973689326534 25.2919594800031 25.2910400673195 25.2972193117495 25.3080351087782 25.3213601288972 25.3351454558196 25.3434826886212 25.3431959505434 25.3452681788692 25.3541792410391 25.3614832560221 25.3658050254539 25.3668283533167 25.3686324931957 25.3752269038448
-9999 -9999 -9999 -9999 -9999 22.0469428874828 22.3724957925302 22.9682465306035 23.4940653200503 23.9787871749313 24.4509039278384 24.8159877635815 25.0583719324183 25.2010726222286 25.2801767278601 25.3161689617016 25.3453522434941 25.3666699020951 25.3861551638003 25.4070049568459 25.4259433039912 25.4448435748065 25.4533173596417 25.4574036774812 25.4521953441479 25.4375342616328 25.4214898568613 25.421501159668 25.4159626430935 25.3992425424081 25.3841082255046 25.3814323566578 25.3858886294895 25.3925430156566 25.3972150308115 25.4042837354872 25.4252238097014 25.4397028463858 25.4415766398112 25.4367587478073 25.4413472634775 25.4532502492269 25.4537039156313 25.4573277367486 25.4591458638509 25.4638979170058 25.4649706240054
-9999 -9999 -9999 -9999 -9999 22.1845287746853 22.8014231081362 23.3930589887831 23.9031094445123 24.3886766080503 24.8106157514784 25.092446009318 25.2571916933413 25.350784584328 25.4135788811578 25.4481534604673 25.4663355085585 25.4855870847349 25.4963429062455 25.5035094508418 25.5226518136484 25.5350549485948 25.5429809005172 25.5412861859357 25.5238290716101 25.5033144067835 25.4892203013102 25.4795949723985 25.4719161987305 25.4560209910075 25.4523986533836 25.4678435149016 25.4711885805483 25.4804363250732 25.4895689222548 25.4988827175564 25.5139004742658 25.5148090786404 25.5162152890806 25.5161909174036 25.5159325069851 25.5089953387225 25.5094822071217 25.5201432969835 25.5222700613516 25.5263637260154 25.5225599783438
-9999 -9999 21.4646727950485 21.6680943524396 22.1089731145788 22.4796936600297 23.1916981449834 23.744501820317 24.248269116437 24.6921253910771 25.0373373384829 25.2549906836616 25.3728753549081 25.4458575072112 25.4970741271973 25.5236040751139 25.5476221861663 25.5629995134142 25.5762341110795 25.5925878595423 25.6002019952845 25.6009611906829 25.6001747979058 25.5945017779315 25.5790268226906 25.5589478810628 25.5492572784424 25.5437545776367 25.5304513860632 25.5238915196172 25.5188339374684 25.530627851133 25.536561400802 25.5507076404713 25.5704118940565 25.5810313048186 25.5866083215784 25.5801338619656 25.5753580729167 25.5743268330892 25.5711179662634 25.5628986358643 25.5659544203017 25.58110526756 25.5909940225107 25.594665174131 25.5958777533637
-9999 -9999 -9999 -9999 21.8864778589319 22.7733244719329 23.4810834107576 24.0239773503056 24.5098816200539 24.9112419552273 25.1886729487666 25.3623494748716 25.4430575900608 25.5063766196922 25.5469179506655 25.5819395559805 25.6128414295338 25.6255666944716 25.6359936749494 25.6486194751881 25.6551578663014 25.6506073563187 25.6499951680501 25.6430818063241 25.6339458889431 25.6203900796396 25.6171928688332 25.6067305670844 25.5942353849058 25.5920934323911 25.587281121148 25.592908082185 25.6007017206263 25.6185620625814 25.6277053974293 25.6396547953288 25.6525349087185 25.6460345232928 25.6378050910102 25.6327310491491 25.6318709762008 25.6252580572058 25.6267392900255 25.6376705876103 25.6517827775743 25.6633486571135 25.6755208615903
-9999 -9999 -9999 -9999 21.9401023299606 23.0432825441714 23.6868263527199 24.2211134875262 24.6797535507767 25.0390317704942 25.2772802423548 25.422780778673 25.4934527079264 25.551078443174 25.5892361534966 25.6261236402724 25.6571635493526 25.6685204682527 25.6801550829852 25.6865466082538 25.694079928928 25.7001527150472 25.6973310399939 25.6942056020101 25.6899311630814 25.681778660527 25.6807421225089 25.6651453795256 25.655303813793 25.6610837865759 25.6612846939652 25.6599234121817 25.6694530910916 25.6840152740479 25.6925683198152 25.7057360896358 25.7193588680691 25.7080155831796 25.6938765490497 25.6899479760064 25.683657752143 25.6820053524441 25.6851165912769 25.7024899941904 25.7226573096381 25.7433382670085 25.7515963801631
-9999 -9999 -9999 -9999 21.9698617723253 23.1182951750579 23.7676085719356 24.3012933377866 24.7517694543909 25.0819007025825 25.3055942676685 25.450142259951 25.5289924056442 25.583790814435 25.6175800606057 25.6560534724483 25.690899460404 25.7051876915826 25.7149340311686 25.7275518488001 25.73434137415 25.7407730243824 25.7326891157362 25.7358218299018 25.7375553272389 25.730200237698 25.7245856391059 25.7154182151512 25.7105253007677 25.7164126502143 25.7170175623011 25.7147473229302 25.7194526107223 25.7286654578315 25.74074794628 25.7503874037001 25.7541277850116 25.7456907342981 25.7340386708577 25.73755730523 25.743595123291 25.7428605821398 25.7421182703089 25.7515713727033 25.767893049452 25.7890117786549 25.8136263953315
-9999 -9999 -9999 -9999 22.1570572323269 23.0525917477078 23.7666000083641 24.2865448704472 24.7318521428991 25.050931930542 25.2824550911232 25.4484016983597 25.5501348000986 25.6094461370398 25.6505407404017 25.6906702253554 25.7236448217321 25.7419603842276 25.7497957724112 25.7639540213126 25.7816369798448 25.7853204232675 25.7746856830738 25.7735632437247 25.7724853798195 25.7737114517777 25.766151993363 25.7616165302418 25.7671596385815 25.7641760508219 25.7600447336833 25.7611119305646 25.7618966279206 25.7647320782697 25.7782563809995 25.7858183119032 25.7873112713849 25.7801684626827 25.773743028994 25.7811374664307 25.7894155714247 25.8000917787905 25.8084585401747 25.8173106158221 25.8277439541287 25.8433084134702 25.863919434724
-9999 -9999 -9999 -9999 22.1513765829581 22.9794941654912 23.7208465293602 24.2150338490804 24.6507814901846 24.981180049755 25.2161354488797 25.4267621923376 25.5656600528293 25.6331642998589 25.6826874061867 25.7210224292896 25.7558971687599 25.7781437061451 25.7876997347231 25.8027935734502 25.8207578305845 25.818188490691 25.8078113132053 25.804503052323 25.8074248985008 25.8050279970522 25.8025191271747 25.8055087901928 25.8159429055673 25.8121987802011 25.8034395288538 25.8089682261149 25.801086001926 25.7948852115207 25.8053085892289 25.8138142338506 25.8203194936117 25.8206612622296 25.8207533801043 25.831665109705 25.8406613667806 25.8512297029848 25.8620700836182 25.8813382607919 25.9036991684525 25.9229519455521 25.9297563764784
-9999 -9999 -9999 -9999 21.9722894032796 22.8338996745922 23.628602416427 24.136549561112 24.5473508481626 24.8904591313115 25.1474649641249 25.3748048852991 25.5668628127487 25.6594905146846 25.7085081736247 25.743499049434 25.7778778782597 25.8076970135724 25.8306932802554 25.8413512618453 25.850930319892 25.8501798135263 25.8414993286133 25.8418792442039 25.8352334057843 25.8355512265806 25.8385489428485 25.8443884672942 25.8522127645987 25.8502049622712 25.8460140934697 25.8423265527796 25.8348030514187 25.8314162360297 25.838332635385 25.8415003882514 25.8471859119557 25.8568163977729 25.8589258547182 25.8686178701895 25.8846691272877 25.8959297604031 25.9120554747405 25.9300541347928 25.9499969482422 25.9708833341245 25.9845179805049
-9999 -9999 -9999 -9999 -9999 23.1146167472557 23.5361188959192 24.105432510376 24.5065395920365 24.8384719424778 25.1048569855867 25.33190925033 25.5532612270779 25.674172507392 25.7324086648447 25.7680086912932 25.8046684265137 25.8421156141493 25.8712918316876 25.8808785897714 25.8897668344003 25.8897584279378 25.8821320003933 25.8721237182617 25.8606051692256 25.8680068828441 25.8730748494466 25.8798597123888 25.8817395104302 25.882096113982 25.8850041848642 25.8784301899098 25.8724695841471 25.8691520690918 25.8700866699219 25.8758807005706 25.8858899010552 25.8940963745117 25.8992635232431 25.9072329203288 25.9252178757279 25.939315089473 25.9535973160355 25.969741680004 25.9878783049407 26.0085757926658 26.0296890117504
-9999 -9999 -9999 -9999 -9999 22.297191619873 23.4771249559191 24.1334739261203 24.5393445050275 24.8571296974465 25.1206603580051 25.3300740983751 25.5441038343642 25.6839360837583 25.7563775380452 25.7985062775788 25.8397072686089 25.8714260525174 25.8909634484185 25.9047869929561 25.918579172205 25.9269548345495 25.9150983315927 25.900718053182 25.8911546777796 25.8960839730722 25.9028450294777 25.9086638556586 25.9114456883183 25.9143493087203 25.9152185651991 25.9062385559082 25.9059647454156 25.9071493502016 25.9035527971056 25.9092132427074 25.9232816342954 25.9299008404767 25.9381484985352 25.9493156715676 25.9641915074101 25.9788429825394 25.9917098151313 26.0025857289632 26.0203863779704 26.0419404771593 26.0700617189761
-9999 -9999 -9999 -9999 -9999 22.4739899811921 23.4341362847222 24.1989432440864 24.61945215861 24.9294009738498 25.1821058061388 25.3801974543819 25.5828326896385 25.7093243069119 25.7725272002044 25.8187105390761 25.862608662358 25.8949147683603 25.9198431792083 25.9398422947636 25.9503892262777 25.9604379865858 25.9540069721363 25.9386842515733 25.9281811184353 25.9307207178186 25.9352173275418 25.9390304000289 25.9493995242649 25.9531317110415 25.9497616379349 25.9393362115931 25.9330026132089 25.9338679843479 25.9378473493788 25.9445920873571 25.9591392940945 25.973735526756 25.9876169275354 26.0006506178114 26.014039710716 26.0278374000832 26.0385865811948 26.0474328641538 26.0661701626248 26.0879698152895 26.1159610748291
-9999 -9999 -9999 -9999 -9999 -9999 23.6018861134847 24.2716760282163 24.7140774903474 25.0287536338524 25.2655027884024 25.4697785554109 25.6573083665636 25.7652300375479 25.8236809483281 25.8713087152552 25.9092821898284 25.9379567040337 25.9628742359303 25.9873232664885 26.0035145371049 26.0010311691849 25.9945738757098 25.983152601454 25.9740249492504 25.9735483240198 25.9791713290744 25.9811525698061 25.9859987188269 25.9897708186397 25.9935196770562 25.9889153374566 25.9794789067021 25.9773410514549 25.9807955423991 25.987875479239 26.002017127143 26.026485937613 26.0499299367269 26.0684473249647 26.0828143932201 26.0967699686686 26.1098324811017 26.1185629809344 26.1361601087782 26.1528434046993 26.1704357994927
-9999 -9999 -9999 -9999 -9999 -9999 23.7194540942157 24.3817857812952 24.8272312305592 25.1367922182436 25.3731621636285 25.5781082577176 25.7451805538601 25.8420458193179 25.9023612693504 25.9502783881293 25.9773717809606 25.9979123716001 26.015989444874 26.0387853693079 26.0567641081633 26.0563187775788 26.0466656155056 26.0359333886041 26.0221371120877 26.0141388222023 26.0181069550691 26.0255972544352 26.0354403743037 26.0405447218153 26.0493843643754 26.0503280780934 26.0477798603199 26.0408997712312 26.0443830843325 26.0542668943052 26.0615167971011 26.0878533963804 26.1179206283004 26.1454946729872 26.1681180176912 26.1727621290419 26.1821688899287 26.1931131150987 26.2026099452266 26.2101519549334 26.2252367514151
-9999 -9999 -9999 -9999 -9999 -9999 23.8459329958315 24.5643963990388 24.9810501381203 25.2681694030762 25.490615774084 25.6952312610767 25.8497554637768 25.9330782713713 25.9901077129223 26.0240243982386 26.0417216265643 26.0562215734411 26.0721199600785 26.0924364019323 26.1099506660744 26.1164860195584 26.1136420921043 26.1112347355595 26.1030633714464 26.0928580672653 26.087760925293 26.0901725910328 26.0925893430357 26.10416815016 26.1145867241753 26.1188166583026 26.1236691651521 26.1275064680311 26.1272224850125 26.1317763151946 26.1424395949752 26.1667841452139 26.1929582666468 26.2128044410988 26.2263762156169 26.2361310323079 26.2447923730921 26.2585446393048 26.2631932717782 26.2748639848497 26.286335627238
-9999 -9999 -9999 -9999 -9999 23.7377948054561 24.0939752084238 24.7661983348705 25.1211559154369 25.3896120565909 25.612044511018 25.8140971572311 25.960487930863 26.0299188825819 26.0656110975477 26.0930454112865 26.1052999143247 26.1190857357449 26.1321493784587 26.1484328375922 26.1649270234285 26.1840407760055 26.1834222299081 26.1791925077085 26.1704172205042 26.1686488257514 26.1652222386113 26.1629924067744 26.1697030950476 26.1807855676722 26.187036090427 26.1908579225893 26.1953485276964 26.2060219800031 26.2139393841779 26.2266658500389 26.231049714265 26.242651409573 26.2582088753029 26.277357172083 26.2926522007695 26.3047647829409 26.3140567496971 26.3259606537996 26.3279423183865 26.3361603065773 26.3460614239728
-9999 -9999 -9999 -9999 23.6428058059127 23.839581878097 24.5072068108453 24.9640898527922 25.2678749649613 25.5350454824942 25.7523882124159 25.9345809088813 26.0541465900562 26.1176254837601 26.1492359726517 26.1713149459274 26.183149267126 26.1923570986147 26.2024425224022 26.2143135777226 26.2175382684778 26.2296200505009 26.2303522604483 26.2290306091309 26.2206745854131 26.2210910938404 26.2290328696922 26.2480647475631 26.2665263988354 26.2749500981084 26.2787529274269 26.2770084804959 26.2815179471616 26.2842768209952 26.294456270006 26.3068697894061 26.3109801963524 26.3233874285663 26.336607615153 26.3519754763003 26.3659326765272 26.3734313117133 26.3815248277452 26.3857390085856 26.3846605795401 26.3897030441849 26.4029164490876
