Ecospace-environmental-drivers/Outputs/ASCII-for-ecospace/Temp-surf/Temp-surf_X2020.10.asc
NCOLS 131 
NROWS 53 
XLLCORNER -98 
YLLCORNER 23.9265270233154 
CELLSIZE 0.133587792515755 
NODATA_value -3.4e+38 
[rows 21 to 41 of 53, columns 47 to 93 of 131]
26.679874420166 26.6039772033691 26.5636215209961 26.5456218719482 26.5269565582275 26.5184535980225 26.5316371917725 26.5372009277344 26.5442810058594 26.5469760894775 26.5915660858154 26.6451168060303 26.6699409484863 26.6789474487305 26.6890544891357 26.7141742706299 26.7359943389893 26.7166385650635 26.6134223937988 26.5352268218994 26.4431133270264 26.3710918426514 26.3138751983643 26.3484477996826 26.3558330535889 26.4341354370117 26.5225067138672 26.5790023803711 26.6484851837158 26.7013282775879 26.7077388763428 26.7443199157715 26.7690887451172 26.8176078796387 26.8467864990234 26.8611869812012 26.9055957794189 27.008939743042 27.2287616729736 27.4533424377441 27.5383586883545 27.5685844421387 27.5656585693359 27.6628704071045 27.7355098724365 27.7548961639404 27.7616767883301
26.7490787506104 26.7070465087891 26.6625442504883 26.6170425415039 26.5950126647949 26.5849456787109 26.607723236084 26.6429176330566 26.6467189788818 26.6686153411865 26.6941051483154 26.7274608612061 26.7523460388184 26.769006729126 26.7682476043701 26.768404006958 26.776647567749 26.7705879211426 26.7028789520264 26.6054744720459 26.5075359344482 26.4453029632568 26.4281063079834 26.4607200622559 26.4924488067627 26.5772724151611 26.6758842468262 26.7282943725586 26.7878952026367 26.8226661682129 26.8210639953613 26.8088283538818 26.8571872711182 26.9065437316895 26.9399394989014 26.9998340606689 27.0748805999756 27.200777053833 27.3745059967041 27.5005874633789 27.6076755523682 27.6537170410156 27.6453132629395 27.7507991790771 27.8637523651123 27.9029273986816 27.8998775482178
26.7568016052246 26.7150020599365 26.6667804718018 26.6431922912598 26.6242389678955 26.6072177886963 26.6251525878906 26.6480293273926 26.6904335021973 26.7251968383789 26.7413883209229 26.7405910491943 26.7782592773438 26.8163471221924 26.8374481201172 26.833251953125 26.8177299499512 26.78955078125 26.7476100921631 26.6609020233154 26.5766448974609 26.5581893920898 26.573802947998 26.6077556610107 26.6456241607666 26.7446594238281 26.832727432251 26.8668212890625 26.9181308746338 26.9397029876709 26.9248371124268 26.8933525085449 26.9745807647705 27.0259056091309 27.0673713684082 27.1489219665527 27.2453765869141 27.3645896911621 27.4776515960693 27.5410614013672 27.6478385925293 27.7664356231689 27.7569999694824 27.8181819915771 27.9736042022705 28.0139198303223 28.0060138702393
26.7367382049561 26.6868324279785 26.6517333984375 26.6255054473877 26.6137523651123 26.622142791748 26.6364707946777 26.6461219787598 26.6727619171143 26.7081069946289 26.7339878082275 26.7556915283203 26.8164615631104 26.8420543670654 26.8594341278076 26.8578815460205 26.8292980194092 26.7960147857666 26.7563495635986 26.6864757537842 26.6048107147217 26.6322078704834 26.690673828125 26.7421417236328 26.792516708374 26.8540287017822 26.9542331695557 26.9865455627441 26.9877910614014 26.9855480194092 26.9729194641113 27.019660949707 27.1520805358887 27.2172698974609 27.2578887939453 27.3301067352295 27.4139766693115 27.4972534179688 27.5585842132568 27.6016407012939 27.6740550994873 27.8117122650146 27.8970737457275 27.9213047027588 28.0140571594238 28.0639152526855 28.0671081542969
26.7204437255859 26.6901073455811 26.668888092041 26.6363162994385 26.6196517944336 26.6269931793213 26.6500148773193 26.6827621459961 26.6616249084473 26.6911392211914 26.7136421203613 26.7617702484131 26.8177299499512 26.8422470092773 26.8511562347412 26.8584384918213 26.848123550415 26.811824798584 26.751823425293 26.7116947174072 26.6440677642822 26.7101192474365 26.7806873321533 26.846700668335 26.8933658599854 26.9442882537842 27.0471649169922 27.0635166168213 27.0313148498535 27.0102500915527 27.0557174682617 27.167013168335 27.3114013671875 27.3935985565186 27.4722366333008 27.5282897949219 27.5793418884277 27.6296901702881 27.6782531738281 27.6847801208496 27.7073173522949 27.8252086639404 27.9462375640869 28.0202369689941 28.070858001709 28.0946216583252 28.1251945495605
26.7317848205566 26.7162303924561 26.6897888183594 26.6609954833984 26.6454105377197 26.6260833740234 26.6549892425537 26.6793231964111 26.6862697601318 26.6943874359131 26.7100315093994 26.7478370666504 26.7861957550049 26.8064556121826 26.8121471405029 26.81787109375 26.8294830322266 26.8069324493408 26.7550430297852 26.7214317321777 26.7166271209717 26.776403427124 26.8546352386475 26.9191055297852 26.9649925231934 27.0306129455566 27.0839748382568 27.1136627197266 27.0704078674316 27.0965385437012 27.213005065918 27.3386497497559 27.4306945800781 27.5443878173828 27.5861072540283 27.6382694244385 27.7017250061035 27.7411842346191 27.774730682373 27.8023738861084 27.8532238006592 27.9219665527344 28.0120906829834 28.0612258911133 28.1125736236572 28.1419448852539 28.1939430236816
26.7662792205811 26.747896194458 26.7022342681885 26.6712779998779 26.6402187347412 26.6172409057617 26.6252975463867 26.6624145507812 26.6913585662842 26.6761417388916 26.6859512329102 26.7254505157471 26.7437286376953 26.7417697906494 26.7641201019287 26.7653007507324 26.7724094390869 26.7711353302002 26.7643909454346 26.7291259765625 26.7888889312744 26.8319225311279 26.8882083892822 26.9461441040039 27.0036506652832 27.0813808441162 27.1428108215332 27.1766128540039 27.2011299133301 27.2816181182861 27.4020881652832 27.4591655731201 27.5353336334229 27.5895671844482 27.6103553771973 27.6639537811279 27.7492065429688 27.8174610137939 27.8265781402588 27.8668098449707 27.9426021575928 28.0097122192383 28.0612659454346 28.0986862182617 28.1346626281738 28.156566619873 28.2090797424316
26.7924690246582 26.7717304229736 26.7343139648438 26.6992149353027 26.6734809875488 26.6529693603516 26.6417846679688 26.6732654571533 26.71533203125 26.7039375305176 26.6704578399658 26.6825561523438 26.6924247741699 26.692174911499 26.707950592041 26.7041492462158 26.7077407836914 26.7150058746338 26.7257747650146 26.7777442932129 26.8457851409912 26.8765964508057 26.914587020874 26.9437465667725 27.0154991149902 27.0916881561279 27.1804485321045 27.2612152099609 27.3258152008057 27.4232578277588 27.4992828369141 27.5145320892334 27.5515174865723 27.6075668334961 27.6475009918213 27.7261180877686 27.8039474487305 27.8946723937988 27.9546413421631 27.9976196289062 28.0147190093994 28.0564346313477 28.0946712493896 28.1254863739014 28.1551361083984 28.1741065979004 28.2165470123291
26.8226070404053 26.784481048584 26.759973526001 26.7405776977539 26.7114696502686 26.7141971588135 26.7175693511963 26.7275085449219 26.7427997589111 26.7446022033691 26.7064018249512 26.6477012634277 26.6575412750244 26.673698425293 26.6790866851807 26.6739921569824 26.6822528839111 26.6999340057373 26.7363929748535 26.7924709320068 26.8228931427002 26.8572254180908 26.8887310028076 26.945219039917 27.0232925415039 27.1389141082764 27.2635974884033 27.353214263916 27.3950042724609 27.4624042510986 27.4914054870605 27.4853057861328 27.5296497344971 27.6001930236816 27.6698532104492 27.7466888427734 27.8025074005127 27.8696308135986 27.9415950775146 27.9927005767822 28.0699195861816 28.1495265960693 28.1865272521973 28.202486038208 28.2319412231445 28.2677421569824 28.3044509887695
26.8412952423096 26.8037166595459 26.7861557006836 26.7940349578857 26.7745132446289 26.790111541748 26.7808418273926 26.794620513916 26.7889614105225 26.7887172698975 26.7848777770996 26.7302227020264 26.6824474334717 26.6702404022217 26.6754398345947 26.6886253356934 26.701681137085 26.7350997924805 26.7650051116943 26.795316696167 26.8134136199951 26.8438129425049 26.9099864959717 27.0157852172852 27.1190528869629 27.2274494171143 27.3178310394287 27.3804798126221 27.414831161499 27.4392147064209 27.4605369567871 27.4785671234131 27.5228023529053 27.5865325927734 27.6468315124512 27.7111415863037 27.7803955078125 27.8457736968994 27.9109287261963 27.9744701385498 28.0807952880859 28.1679859161377 28.2358322143555 28.2723236083984 28.3062992095947 28.3418407440186 28.3675518035889
26.854284286499 26.8258895874023 26.8010711669922 26.8286075592041 26.8382053375244 26.8880825042725 26.8881568908691 26.9001998901367 26.8917236328125 26.8576030731201 26.8441429138184 26.8373680114746 26.7924766540527 26.7642459869385 26.7402229309082 26.7533683776855 26.7603759765625 26.7715911865234 26.7862911224365 26.825008392334 26.8759365081787 26.943510055542 27.0333633422852 27.1158142089844 27.2087001800537 27.2862892150879 27.3531856536865 27.3957901000977 27.4104995727539 27.426570892334 27.4644908905029 27.4900913238525 27.5128402709961 27.5515117645264 27.6093063354492 27.6745529174805 27.7354526519775 27.8134593963623 27.8802852630615 27.9710502624512 28.0801868438721 28.1709423065186 28.2524528503418 28.3062839508057 28.3399066925049 28.379373550415 28.4069919586182
26.8896942138672 26.8618106842041 26.8314819335938 26.8617687225342 26.9182662963867 26.9566497802734 26.9650726318359 26.998743057251 27.006404876709 26.9720344543457 26.9435024261475 26.9445915222168 26.9486999511719 26.9296379089355 26.8868560791016 26.8737697601318 26.8621215820312 26.8663501739502 26.9044780731201 26.9388523101807 26.9951190948486 27.0723342895508 27.175838470459 27.2477416992188 27.3080940246582 27.3357372283936 27.3841018676758 27.3856754302979 27.4033489227295 27.4213085174561 27.4473896026611 27.4771385192871 27.501277923584 27.5416870117188 27.5866603851318 27.6403427124023 27.7150058746338 27.788782119751 27.8792476654053 27.9564418792725 28.0596408843994 28.1735992431641 28.2522735595703 28.3171844482422 28.3765354156494 28.4321842193604 28.4621486663818
26.929967880249 26.9174308776855 26.903247833252 26.9282283782959 27.0030879974365 27.0518169403076 27.0403709411621 27.0671577453613 27.0910491943359 27.0825691223145 27.0415191650391 27.0156211853027 27.0384368896484 27.0570659637451 27.0456352233887 27.0291633605957 27.0086269378662 27.0198745727539 27.0477390289307 27.1001930236816 27.1697483062744 27.2489356994629 27.3046245574951 27.3418846130371 27.3574504852295 27.3762283325195 27.3907222747803 27.3896789550781 27.4144153594971 27.4421043395996 27.4638805389404 27.4774036407471 27.5027084350586 27.541374206543 27.5822429656982 27.6410236358643 27.703197479248 27.7592239379883 27.8318691253662 27.9478206634521 28.0640926361084 28.1664581298828 28.2524528503418 28.3386478424072 28.4005165100098 28.4568042755127 28.4797992706299
26.9796810150146 26.9656429290771 26.9748935699463 27.0086822509766 27.0864753723145 27.1552219390869 27.1263332366943 27.1280212402344 27.1508693695068 27.1348762512207 27.1151332855225 27.0743885040283 27.0870304107666 27.1348609924316 27.1521949768066 27.1604671478271 27.1503810882568 27.1698932647705 27.2203311920166 27.2581634521484 27.3023319244385 27.3389358520508 27.3556575775146 27.3711013793945 27.3886756896973 27.4032402038574 27.406982421875 27.402795791626 27.4242992401123 27.4456748962402 27.4635124206543 27.468240737915 27.4909267425537 27.533561706543 27.5771560668945 27.6138324737549 27.693323135376 27.7631092071533 27.8044910430908 27.8891086578369 28.0238475799561 28.148193359375 28.2560997009277 28.3437271118164 28.3985328674316 28.4655380249023 28.5071601867676
27.0932216644287 27.0319805145264 27.0393314361572 27.0836353302002 27.1511478424072 27.21559715271 27.2116279602051 27.1798992156982 27.1675872802734 27.1581134796143 27.1365127563477 27.1330623626709 27.1252994537354 27.1698970794678 27.2327346801758 27.2496891021729 27.2576808929443 27.27414894104 27.2875518798828 27.3143310546875 27.3357048034668 27.3561878204346 27.3823165893555 27.4036827087402 27.406566619873 27.4242038726807 27.4260864257812 27.4244689941406 27.4337615966797 27.4483127593994 27.4680576324463 27.471076965332 27.4968852996826 27.4911689758301 27.5306797027588 27.594181060791 27.6648101806641 27.7305431365967 27.8125019073486 27.8969192504883 27.9916648864746 28.1177654266357 28.2314357757568 28.3411960601807 28.417236328125 28.4710140228271 28.521484375
27.263879776001 27.1894817352295 27.1380653381348 27.1481075286865 27.1896877288818 27.2647094726562 27.2814960479736 27.2500801086426 27.2107200622559 27.179874420166 27.1488208770752 27.1320838928223 27.1398429870605 27.1441421508789 27.1988277435303 27.248046875 27.281099319458 27.2852039337158 27.2766418457031 27.2905788421631 27.3104400634766 27.3238582611084 27.3491764068604 27.3678569793701 27.3728408813477 27.3808135986328 27.4009170532227 27.415771484375 27.4160461425781 27.4333362579346 27.4524383544922 27.456995010376 27.4672451019287 27.4743461608887 27.4928817749023 27.5377311706543 27.6313304901123 27.7051868438721 27.7840480804443 27.8939762115479 27.9964542388916 28.093168258667 28.2218761444092 28.3364429473877 28.4164447784424 28.4543113708496 28.5114116668701
27.3629207611084 27.3264503479004 27.2742538452148 27.2613067626953 27.2691783905029 27.3108901977539 27.3460865020752 27.3135414123535 27.268440246582 27.2090167999268 27.1827602386475 27.1421432495117 27.1457004547119 27.1545486450195 27.1709518432617 27.2373180389404 27.2855701446533 27.2911052703857 27.2865734100342 27.2904033660889 27.2928066253662 27.2975063323975 27.3023433685303 27.3055973052979 27.3240394592285 27.3490142822266 27.3829727172852 27.4061222076416 27.4245147705078 27.4186840057373 27.4376525878906 27.4552516937256 27.4465446472168 27.4655609130859 27.5045852661133 27.5343360900879 27.6159114837646 27.7334632873535 27.8158168792725 27.9010562896729 27.9883575439453 28.0969619750977 28.1974601745605 28.3168087005615 28.3909378051758 28.4606914520264 28.4962139129639
27.4203128814697 27.4206008911133 27.4066677093506 27.3731479644775 27.3911685943604 27.3955116271973 27.3972835540771 27.3718662261963 27.3287754058838 27.2725238800049 27.2266407012939 27.2113780975342 27.1837882995605 27.1794147491455 27.2057056427002 27.2283210754395 27.2681217193604 27.3063106536865 27.3179531097412 27.3175144195557 27.3041572570801 27.2946491241455 27.2910385131836 27.2956485748291 27.3126182556152 27.3414974212646 27.3616123199463 27.4035472869873 27.4325275421143 27.4375762939453 27.4282970428467 27.4222507476807 27.4541168212891 27.4800338745117 27.5286769866943 27.5775203704834 27.6569671630859 27.7484264373779 27.8488101959229 27.9286441802979 27.9881916046143 28.0745143890381 28.1963138580322 28.2936000823975 28.3886985778809 28.4470291137695 28.4960784912109
27.4951801300049 27.4951477050781 27.5 27.476749420166 27.4806995391846 27.5034294128418 27.485445022583 27.4361362457275 27.4045467376709 27.3683338165283 27.3328762054443 27.3164348602295 27.2908782958984 27.267822265625 27.2501125335693 27.2495441436768 27.2547187805176 27.2699031829834 27.2899227142334 27.3080959320068 27.3188629150391 27.3203659057617 27.3341693878174 27.3494911193848 27.352954864502 27.3605098724365 27.379020690918 27.4029407501221 27.4307842254639 27.4406089782715 27.4473495483398 27.4385070800781 27.4505138397217 27.508695602417 27.5593872070312 27.6291465759277 27.7230663299561 27.8027057647705 27.8874568939209 27.9385242462158 27.9793910980225 28.0337829589844 28.1607913970947 28.2681102752686 28.3441162109375 28.4188804626465 28.4959449768066
27.5733699798584 27.567232131958 27.5608406066895 27.5549697875977 27.5335445404053 27.5486354827881 27.5458507537842 27.5248374938965 27.4959411621094 27.4636383056641 27.4156551361084 27.3845176696777 27.3823871612549 27.3788032531738 27.3679370880127 27.3459777832031 27.3227882385254 27.3099021911621 27.3117809295654 27.3234462738037 27.3363819122314 27.3551979064941 27.3800754547119 27.4021892547607 27.4193248748779 27.4435253143311 27.4536323547363 27.4651565551758 27.4766464233398 27.4800624847412 27.49147605896 27.4934005737305 27.4986953735352 27.5752544403076 27.6352958679199 27.7040023803711 27.7897243499756 27.8630027770996 27.9212684631348 27.9708099365234 28.0065441131592 28.0642623901367 28.1425800323486 28.2590637207031 28.3215999603271 28.3660850524902 28.4603595733643
27.642484664917 27.6582164764404 27.6566638946533 27.6575946807861 27.6327095031738 27.609338760376 27.594331741333 27.591775894165 27.5840644836426 27.5519065856934 27.5101070404053 27.4798049926758 27.4603042602539 27.4587440490723 27.4660491943359 27.4754371643066 27.4623527526855 27.4464569091797 27.4450225830078 27.4474239349365 27.4689388275146 27.5067539215088 27.5390205383301 27.5715599060059 27.5827198028564 27.598030090332 27.5938682556152 27.5888290405273 27.5872478485107 27.5776214599609 27.5936088562012 27.6083335876465 27.6345481872559 27.6674613952637 27.7351512908936 27.8092632293701 27.8826789855957 27.9439754486084 27.9779205322266 28.0446929931641 28.1024150848389 28.1406536102295 28.1942577362061 28.2641735076904 28.3334827423096 28.3862552642822 28.4135494232178
