Ecospace-environmental-drivers/Outputs/ASCII-for-ecospace/Temp-surf/Temp-surf_X2011.01.asc
NCOLS 131 
NROWS 53 
XLLCORNER -98 
YLLCORNER 23.9265270233154 
CELLSIZE 0.133587792515755 
NODATA_value -3.4e+38 
[rows 21 to 41 of 53, columns 47 to 93 of 131]
19.7616004943848 19.8386325836182 19.9296932220459 19.9940357208252 20.0403079986572 20.0590019226074 20.0705642700195 20.0937061309814 20.1169147491455 20.153715133667 20.2152309417725 20.2697734832764 20.3046798706055 20.3410873413086 20.3998432159424 20.4682941436768 20.5235900878906 20.6132850646973 20.6823711395264 20.678560256958 20.6957569122314 20.7522201538086 20.7549419403076 20.7709789276123 20.9958438873291 21.0901985168457 21.2214775085449 21.3236293792725 21.4184951782227 21.4767971038818 21.5446605682373 21.5562782287598 21.4881324768066 21.364538192749 21.2262802124023 20.9886932373047 20.8112850189209 20.6974220275879 20.5870246887207 20.4432849884033 20.3279628753662 20.2343292236328 20.0581455230713 19.9095153808594 19.8359298706055 19.8035163879395 19.8296318054199
20.2904033660889 20.3098964691162 20.3171634674072 20.3298664093018 20.3323154449463 20.364818572998 20.385326385498 20.4088287353516 20.4211730957031 20.4453544616699 20.4737777709961 20.4986305236816 20.521635055542 20.5535259246826 20.574686050415 20.5849742889404 20.6077404022217 20.636682510376 20.7175006866455 20.7308597564697 20.7689247131348 20.8485145568848 20.8572463989258 20.9654102325439 21.1989574432373 21.2864608764648 21.3806076049805 21.4784984588623 21.5636577606201 21.6727447509766 21.8120670318604 21.9107456207275 21.9742107391357 21.9740333557129 21.8916549682617 21.6879196166992 21.4620018005371 21.2205505371094 21.0966892242432 20.9294033050537 20.7301540374756 20.5787982940674 20.4571514129639 20.2694988250732 20.0819931030273 19.9811954498291 19.9902076721191
20.5107288360596 20.5056743621826 20.5218372344971 20.5288276672363 20.5377292633057 20.5450897216797 20.5580081939697 20.5577659606934 20.5748977661133 20.6137733459473 20.6488628387451 20.6729984283447 20.6740093231201 20.6549816131592 20.6066951751709 20.6120796203613 20.6338710784912 20.6608810424805 20.7456607818604 20.7741260528564 20.8165512084961 20.8897342681885 20.9832916259766 21.2114734649658 21.3920459747314 21.5535697937012 21.6677646636963 21.6997051239014 21.7576522827148 21.9173183441162 22.116081237793 22.2522830963135 22.3179492950439 22.3673324584961 22.3884925842285 22.3662548065186 22.2855854034424 22.091833114624 21.7399864196777 21.5161247253418 21.2254943847656 20.9642753601074 20.7606544494629 20.6274662017822 20.5108604431152 20.29052734375 20.1366329193115
20.6049499511719 20.6048679351807 20.6181144714355 20.6348781585693 20.6574440002441 20.6688442230225 20.6857604980469 20.7046432495117 20.7287311553955 20.7386035919189 20.7249908447266 20.7113838195801 20.6981887817383 20.6983165740967 20.6927108764648 20.6468658447266 20.6681823730469 20.7287178039551 20.7944374084473 20.794225692749 20.87646484375 20.9915084838867 21.1987476348877 21.4553890228271 21.6533145904541 21.8103675842285 21.8533611297607 21.9259395599365 22.0325984954834 22.1884803771973 22.3368644714355 22.4901676177979 22.6220512390137 22.6462135314941 22.620964050293 22.6213188171387 22.6229000091553 22.6073417663574 22.4231624603271 22.0993099212646 21.7254047393799 21.4547901153564 21.1915607452393 20.9758892059326 20.8460063934326 20.6032295227051 20.4227905273438
20.6915798187256 20.727611541748 20.7657089233398 20.7815113067627 20.7868671417236 20.7794284820557 20.7732849121094 20.7645721435547 20.7430114746094 20.6978931427002 20.66916847229 20.6635246276855 20.6712265014648 20.6891441345215 20.7164897918701 20.6847686767578 20.7019596099854 20.7963333129883 20.8331432342529 20.858865737915 20.9865131378174 21.154712677002 21.4089584350586 21.6352787017822 21.8195686340332 21.9367065429688 22.0455074310303 22.1177253723145 22.232816696167 22.3894519805908 22.5078563690186 22.6921138763428 22.9052047729492 22.9702796936035 22.9847278594971 22.9760112762451 22.9516143798828 22.9127140045166 22.8615550994873 22.6556053161621 22.3977317810059 22.097469329834 21.7618446350098 21.3806400299072 21.2134685516357 20.9321708679199 20.6730499267578
20.8405094146729 20.8432941436768 20.8340740203857 20.8355827331543 20.8263130187988 20.8060169219971 20.8009052276611 20.7671585083008 20.7435703277588 20.7154922485352 20.6925716400146 20.6710529327393 20.6868457794189 20.7093887329102 20.7361602783203 20.7200469970703 20.7770156860352 20.8676509857178 20.8908977508545 20.9977741241455 21.1322078704834 21.315954208374 21.5389919281006 21.7483978271484 21.9362106323242 22.0436687469482 22.0776023864746 22.167947769165 22.3212146759033 22.4683170318604 22.6247425079346 22.9529361724854 23.2649173736572 23.3451824188232 23.3776416778564 23.419319152832 23.4008769989014 23.347677230835 23.2549247741699 23.1225090026855 22.9159622192383 22.6563282012939 22.2990131378174 21.9240550994873 21.5430603027344 21.4472999572754 21.0304183959961
20.927453994751 20.9260768890381 20.9171390533447 20.9040184020996 20.8890914916992 20.8717594146729 20.8707408905029 20.8712882995605 20.8448925018311 20.7888259887695 20.7419242858887 20.704008102417 20.7187938690186 20.7337131500244 20.740550994873 20.7879047393799 20.8771533966064 20.9337463378906 21.0347862243652 21.1964282989502 21.3153114318848 21.4696426391602 21.6677532196045 21.8571834564209 22.0544528961182 22.0700283050537 22.1180381774902 22.2521076202393 22.3575954437256 22.5619831085205 22.8856449127197 23.3197250366211 23.6799945831299 23.7129001617432 23.6771240234375 23.6822834014893 23.6704063415527 23.6238231658936 23.5169067382812 23.3843688964844 23.2297992706299 23.0319633483887 22.7240123748779 22.3586406707764 21.9024238586426 21.6594982147217 21.3625679016113
20.983118057251 20.9794750213623 20.9624080657959 20.950963973999 20.9414157867432 20.9341354370117 20.9614658355713 20.9792575836182 20.9910182952881 20.9571075439453 20.8796329498291 20.8006401062012 20.7566699981689 20.7601890563965 20.8058109283447 20.8955345153809 20.9898509979248 21.1256446838379 21.2766227722168 21.3792572021484 21.4948902130127 21.6385059356689 21.8115692138672 22.0616321563721 22.1152877807617 22.140007019043 22.2294540405273 22.2985153198242 22.4299564361572 22.7726535797119 23.2172355651855 23.7266139984131 24.0376415252686 24.045991897583 23.9087963104248 23.8603992462158 23.8523845672607 23.7581329345703 23.6614990234375 23.5517501831055 23.4334411621094 23.2906360626221 23.0876312255859 22.7298355102539 22.3444633483887 21.8610324859619 21.5160636901855
21.0315132141113 21.0348987579346 21.0274829864502 21.0443096160889 21.0590400695801 21.0641536712646 21.0575218200684 21.0384693145752 21.0248069763184 21.046329498291 21.0620231628418 21.0570316314697 21.037805557251 21.042896270752 21.1063385009766 21.2084579467773 21.3153514862061 21.3963375091553 21.4793090820312 21.5776386260986 21.6915721893311 21.8413257598877 22.0218963623047 22.1566543579102 22.1773929595947 22.1894817352295 22.2560729980469 22.3529605865479 22.6237716674805 23.1353359222412 23.6298847198486 24.0066967010498 24.2307281494141 24.3118095397949 24.1881332397461 24.040225982666 23.9341106414795 23.8553905487061 23.7409973144531 23.6368083953857 23.5246562957764 23.4064064025879 23.2874374389648 23.074161529541 22.6735000610352 22.1467552185059 21.6575870513916
21.0840682983398 21.1032867431641 21.125997543335 21.1597537994385 21.1721630096436 21.1653499603271 21.1663665771484 21.1504650115967 21.1348838806152 21.1207046508789 21.1517143249512 21.1956443786621 21.2546424865723 21.326831817627 21.4138412475586 21.5131740570068 21.617151260376 21.72021484375 21.8111248016357 21.8909664154053 21.9654159545898 22.058084487915 22.1536331176758 22.2123775482178 22.2246131896973 22.2904663085938 22.3891792297363 22.4804496765137 22.9140377044678 23.5028877258301 23.9280052185059 24.2270126342773 24.4027252197266 24.4652519226074 24.4207382202148 24.2714920043945 24.0918674468994 23.9354763031006 23.8457164764404 23.7180309295654 23.5795707702637 23.46217918396 23.3584785461426 23.2445220947266 22.9568901062012 22.430513381958 21.8224620819092
21.0785369873047 21.0961837768555 21.1269035339355 21.1707572937012 21.2041263580322 21.2470989227295 21.2813777923584 21.2938575744629 21.2908897399902 21.2601566314697 21.2337894439697 21.2776622772217 21.3646507263184 21.473762512207 21.6013011932373 21.7212390899658 21.8346767425537 21.9306697845459 21.99196434021 22.0342750549316 22.0957679748535 22.1447658538818 22.1928863525391 22.2745037078857 22.3687896728516 22.4470977783203 22.4896125793457 22.6760158538818 23.2593154907227 23.8083000183105 24.1706199645996 24.434757232666 24.5385646820068 24.59375 24.5929126739502 24.474645614624 24.3076152801514 24.0918502807617 23.9286441802979 23.8189449310303 23.6675281524658 23.497974395752 23.3815479278564 23.2896156311035 23.1322269439697 22.6810150146484 22.0198631286621
21.0720405578613 21.0820121765137 21.1347923278809 21.2301425933838 21.2713871002197 21.2958698272705 21.3308448791504 21.3704833984375 21.3876438140869 21.3711738586426 21.2909526824951 21.2880954742432 21.3649444580078 21.4608669281006 21.5745677947998 21.6580924987793 21.7631721496582 21.8628540039062 21.9509601593018 22.0268802642822 22.1153945922852 22.1860256195068 22.3012199401855 22.4658470153809 22.4520378112793 22.5093269348145 22.6642799377441 22.9460029602051 23.5727653503418 24.0583877563477 24.4368515014648 24.5818138122559 24.6391754150391 24.6887607574463 24.715690612793 24.6618804931641 24.5209426879883 24.3063678741455 24.0923824310303 23.9282264709473 23.7803001403809 23.5879573822021 23.4070129394531 23.2950210571289 23.181755065918 22.8777046203613 22.2013816833496
21.1529903411865 21.1402587890625 21.1727352142334 21.2568054199219 21.32399559021 21.3586616516113 21.4178810119629 21.4513206481934 21.4409713745117 21.4461116790771 21.4116516113281 21.3397769927979 21.3171825408936 21.3584232330322 21.4393215179443 21.5209560394287 21.6251659393311 21.7352676391602 21.827220916748 21.9291191101074 22.0160789489746 22.1050300598145 22.3563785552979 22.6204624176025 22.5643692016602 22.6359920501709 22.7887344360352 23.1373043060303 23.7956886291504 24.3069953918457 24.6284065246582 24.7160491943359 24.7414112091064 24.7692222595215 24.7782115936279 24.7495632171631 24.6593189239502 24.5293560028076 24.3223991394043 24.1030712127686 23.9080219268799 23.7116603851318 23.4665355682373 23.2982311248779 23.1641101837158 22.9461345672607 22.3363761901855
21.2370471954346 21.2126407623291 21.2068214416504 21.2220211029053 21.2500972747803 21.3240947723389 21.4035205841064 21.4905452728271 21.5560665130615 21.6013011932373 21.5760765075684 21.5046920776367 21.4190273284912 21.3850078582764 21.4030647277832 21.4428386688232 21.4824886322021 21.5676803588867 21.6418743133545 21.7499504089355 21.8902778625488 22.0206623077393 22.3401870727539 22.5692481994629 22.5543327331543 22.6752471923828 22.8785343170166 23.3015098571777 23.993200302124 24.558084487915 24.7669258117676 24.8237209320068 24.8072166442871 24.8145217895508 24.8315601348877 24.8338623046875 24.8125858306885 24.7173233032227 24.5621128082275 24.300651550293 24.035587310791 23.8058433532715 23.5432682037354 23.285982131958 23.1341896057129 22.9319400787354 22.4001941680908
21.3515548706055 21.3157424926758 21.2990264892578 21.2983322143555 21.3160572052002 21.3530559539795 21.4244213104248 21.5250263214111 21.6420841217041 21.6975193023682 21.6863784790039 21.6197757720947 21.5853366851807 21.5625171661377 21.5245132446289 21.532075881958 21.5268669128418 21.5410556793213 21.5807304382324 21.6457748413086 21.7564277648926 21.9510478973389 22.2324504852295 22.371072769165 22.4948310852051 22.7218322753906 22.9307384490967 23.4248733520508 24.2040824890137 24.71799659729 24.8705139160156 24.8824710845947 24.8860187530518 24.9092655181885 24.9379196166992 24.9435634613037 24.9329814910889 24.86842918396 24.7446231842041 24.5335826873779 24.1805782318115 23.8882465362549 23.6196765899658 23.2754192352295 23.0904121398926 22.9098491668701 22.4040832519531
21.4410285949707 21.4145355224609 21.406005859375 21.4147777557373 21.44287109375 21.487865447998 21.5784454345703 21.6756381988525 21.7281284332275 21.7300567626953 21.7002944946289 21.6310405731201 21.5817279815674 21.561939239502 21.5562057495117 21.5691986083984 21.5752906799316 21.5791034698486 21.6057434082031 21.6363620758057 21.7453441619873 21.9350357055664 22.2026462554932 22.2893314361572 22.4387016296387 22.6436023712158 22.8832607269287 23.5041942596436 24.4008541107178 24.8161735534668 24.9588279724121 24.96702003479 24.9792652130127 24.9939956665039 24.9966888427734 24.9898109436035 25.010950088501 24.9774265289307 24.8877544403076 24.697172164917 24.3891448974609 23.9820785522461 23.6588706970215 23.2888488769531 23.0589847564697 22.8535766601562 22.3013877868652
21.5276565551758 21.504415512085 21.485466003418 21.4978504180908 21.5490303039551 21.6274757385254 21.7325706481934 21.8172302246094 21.83323097229 21.8036975860596 21.761417388916 21.7080707550049 21.6701717376709 21.627010345459 21.5939121246338 21.5541038513184 21.5165405273438 21.5148620605469 21.5805568695068 21.6252365112305 21.7284240722656 21.9313659667969 22.1754550933838 22.2727241516113 22.4755077362061 22.6606502532959 22.8387126922607 23.6480388641357 24.4999446868896 24.9033222198486 25.074535369873 25.0723743438721 25.0834808349609 25.0648632049561 25.0531482696533 25.0518684387207 25.0849609375 25.0654735565186 25.0117588043213 24.8535346984863 24.5849552154541 24.1132411956787 23.6764659881592 23.2904853820801 22.9821968078613 22.7599086761475 22.1279697418213
21.6508502960205 21.6413402557373 21.6391677856445 21.6348648071289 21.663516998291 21.7387065887451 21.8473281860352 21.8972339630127 21.8944396972656 21.8531284332275 21.7899856567383 21.7460460662842 21.7173042297363 21.6875858306885 21.6500701904297 21.594554901123 21.5414257049561 21.5206031799316 21.5585384368896 21.5761852264404 21.6882610321045 21.917407989502 22.1694240570068 22.3342685699463 22.5575065612793 22.7828712463379 22.9824810028076 23.7780704498291 24.5898246765137 25.0567665100098 25.2016582489014 25.177417755127 25.1637783050537 25.1306781768799 25.1249694824219 25.1454677581787 25.1709537506104 25.1511974334717 25.0856189727783 24.9897708892822 24.778959274292 24.3505821228027 23.724048614502 23.287878036499 22.9264659881592 22.6251068115234 21.9914054870605
21.7373275756836 21.7285823822021 21.7490997314453 21.7574119567871 21.7903575897217 21.8458824157715 21.9373817443848 21.9900455474854 22.0469017028809 21.9993209838867 21.8970222473145 21.8487243652344 21.7973747253418 21.7610607147217 21.704704284668 21.6336994171143 21.5869007110596 21.5659027099609 21.5805530548096 21.597297668457 21.6754379272461 21.9264221191406 22.1756267547607 22.4061965942383 22.6838188171387 22.9522514343262 23.2137279510498 23.8436889648438 24.67799949646 25.2207412719727 25.2767791748047 25.2690258026123 25.2496242523193 25.2260055541992 25.2206897735596 25.1737594604492 25.1712703704834 25.156530380249 25.1050281524658 25.0322513580322 24.9124870300293 24.6291370391846 23.8786659240723 23.2696990966797 22.9029808044434 22.4082946777344 21.7589893341064
21.8077411651611 21.8004894256592 21.8136692047119 21.8478031158447 21.891471862793 21.9624614715576 22.0686817169189 22.1399555206299 22.2206134796143 22.2477264404297 22.1242733001709 22.044828414917 21.9639225006104 21.9177379608154 21.8530120849609 21.7821712493896 21.7103958129883 21.6453647613525 21.5990886688232 21.6115264892578 21.6580371856689 21.9030208587646 22.1688823699951 22.4960441589355 22.8479862213135 23.1318492889404 23.4497871398926 23.916374206543 24.7629165649414 25.2351112365723 25.3227767944336 25.3773365020752 25.369836807251 25.3047389984131 25.2338619232178 25.1876697540283 25.1480255126953 25.1328983306885 25.1039009094238 25.0563507080078 24.974479675293 24.7935733795166 24.1834983825684 23.3921737670898 22.7970809936523 22.096435546875 21.738317489624
21.9431953430176 21.9460563659668 21.9727745056152 22.0113162994385 22.0671806335449 22.1420650482178 22.256872177124 22.3598899841309 22.4243564605713 22.4581031799316 22.3990592956543 22.2384395599365 22.1430168151855 22.0890159606934 22.0358123779297 21.9769554138184 21.9320888519287 21.8702983856201 21.7798633575439 21.708288192749 21.7109565734863 21.8832759857178 22.1995639801025 22.6144714355469 23.0364189147949 23.301908493042 23.5925331115723 24.0122051239014 24.7025337219238 25.1747283935547 25.3571701049805 25.4945602416992 25.4271945953369 25.3426952362061 25.2593593597412 25.2052783966064 25.1574974060059 25.1239128112793 25.1072216033936 25.0716495513916 24.9988670349121 24.8423023223877 24.367618560791 23.7285785675049 22.6995658874512 21.9907035827637 21.741283416748
