Ecospace-environmental-drivers/Outputs/ASCII-for-ecospace/Temp-surf/Temp-surf_X2014.03.asc
NCOLS 131 
NROWS 53 
XLLCORNER -98 
YLLCORNER 23.9265270233154 
CELLSIZE 0.133587792515755 
NODATA_value -3.4e+38 
[rows 21 to 41 of 53, columns 0 to 46 of 131]
-3.4e+38 -3.4e+38 -3.4e+38 -3.4e+38 -3.4e+38 -3.4e+38 19.1825256347656 19.0903968811035 18.7500095367432 18.8463745117188 17.9624443054199 16.9036178588867 16.5552253723145 16.3084869384766 16.5245380401611 16.867223739624 17.2576370239258 17.6283473968506 17.9660549163818 18.2837524414062 18.5468044281006 18.7559509277344 18.9903049468994 19.1053142547607 19.0327625274658 19.0044422149658 19.1837730407715 19.2276000976562 19.1788597106934 19.2876815795898 19.3868827819824 19.4697895050049 19.4760189056396 19.4989852905273 19.4118518829346 19.4722290039062 19.5417385101318 19.5212993621826 19.5135097503662 19.6085472106934 19.7475547790527 19.7997646331787 19.8216285705566 19.8620491027832 19.9051456451416 19.9494342803955 19.9948902130127
-3.4e+38 -3.4e+38 -3.4e+38 -3.4e+38 -3.4e+38 -3.4e+38 19.2144660949707 19.1505832672119 18.9061412811279 17.8728866577148 16.7129573822021 16.422435760498 16.5657367706299 16.9850234985352 17.4159317016602 17.8361206054688 18.2256774902344 18.5469532012939 18.8253498077393 19.0671710968018 19.2369003295898 19.3329639434814 19.4493141174316 19.5009613037109 19.5521659851074 19.5487823486328 19.5403137207031 19.5221118927002 19.5971851348877 19.7426986694336 19.8486061096191 19.8582763671875 19.8436374664307 19.822925567627 19.7488536834717 19.7713661193848 19.8312702178955 19.8832378387451 19.9123516082764 19.9619846343994 20.0440940856934 20.09206199646 20.1053142547607 20.1059112548828 20.11669921875 20.1588916778564 20.2167530059814
-3.4e+38 -3.4e+38 -3.4e+38 -3.4e+38 19.2100162506104 19.0844078063965 19.1763210296631 19.1701507568359 17.7601432800293 16.5953502655029 16.6012325286865 16.9400329589844 17.4355964660645 17.8985919952393 18.2231025695801 18.4800720214844 18.8154964447021 19.1400680541992 19.4275741577148 19.610372543335 19.6908760070801 19.6979598999023 19.7538547515869 19.8025722503662 19.7979030609131 19.7423439025879 19.7173500061035 19.7715740203857 19.8619575500488 19.9770812988281 20.0085601806641 20.0312614440918 20.0180511474609 19.9986038208008 20.0119075775146 20.0606002807617 20.1251964569092 20.172779083252 20.2138538360596 20.2630844116211 20.2934684753418 20.3005714416504 20.3066101074219 20.3210296630859 20.3255977630615 20.3271827697754 20.3332176208496
-3.4e+38 -3.4e+38 -3.4e+38 -3.4e+38 19.3129749298096 19.1070575714111 18.6112174987793 17.3211326599121 16.6347846984863 16.7030220031738 17.1423206329346 17.6698417663574 18.2253932952881 18.734546661377 19.0840530395508 19.1851768493652 19.226655960083 19.401496887207 19.6482982635498 19.8281135559082 19.9272480010986 20.0148735046387 20.0795021057129 20.1086101531982 20.11159324646 20.0858516693115 20.0469551086426 20.034423828125 20.0466690063477 20.0881252288818 20.1489906311035 20.2184524536133 20.2504196166992 20.2479515075684 20.2510814666748 20.27516746521 20.3062992095947 20.3455123901367 20.3768291473389 20.3983058929443 20.4314765930176 20.4628162384033 20.4767818450928 20.4823398590088 20.4890041351318 20.5015354156494 20.5296592712402
-3.4e+38 -3.4e+38 -3.4e+38 -3.4e+38 -3.4e+38 18.8889465332031 18.3120403289795 16.6673412322998 16.6198749542236 17.1632652282715 17.8306541442871 18.5706233978271 19.2743854522705 19.7225685119629 19.9287509918213 19.9482078552246 19.8796501159668 19.8843250274658 19.984769821167 20.1336765289307 20.2480945587158 20.30837059021 20.3264713287354 20.3220691680908 20.3455200195312 20.360652923584 20.3710422515869 20.368444442749 20.3481922149658 20.3308372497559 20.3273735046387 20.3404750823975 20.3995113372803 20.4609241485596 20.495906829834 20.5003814697266 20.5127182006836 20.5455093383789 20.540641784668 20.5437412261963 20.5762424468994 20.6153373718262 20.6382141113281 20.6627807617188 20.6857814788818 20.7078247070312 20.7483196258545
-3.4e+38 -3.4e+38 -3.4e+38 -3.4e+38 -3.4e+38 18.9490509033203 16.9606914520264 16.519660949707 17.1076908111572 17.97727394104 18.7527332305908 19.4321212768555 19.9231777191162 20.1605453491211 20.3123340606689 20.3548564910889 20.3343868255615 20.3229217529297 20.3233757019043 20.3521938323975 20.3626976013184 20.3756656646729 20.410041809082 20.4767017364502 20.5310611724854 20.5396671295166 20.5398597717285 20.5217418670654 20.5209484100342 20.5430355072021 20.5561141967773 20.5624713897705 20.545295715332 20.571683883667 20.6033840179443 20.6446380615234 20.6775150299072 20.6686820983887 20.6945419311523 20.7446613311768 20.8000144958496 20.8435497283936 20.8691558837891 20.8862171173096 20.873405456543 20.9342021942139 21.0816268920898
-3.4e+38 -3.4e+38 19.644100189209 19.1413383483887 18.9868431091309 18.2278594970703 16.5280914306641 16.8292388916016 17.7104606628418 18.6631622314453 19.3464317321777 19.9051761627197 20.2526359558105 20.4120979309082 20.4458026885986 20.3932800292969 20.3686485290527 20.3450012207031 20.3812637329102 20.4375896453857 20.4968814849854 20.6164722442627 20.6926822662354 20.6839981079102 20.7038269042969 20.7250347137451 20.6918601989746 20.6651134490967 20.6580581665039 20.6708583831787 20.6983966827393 20.7270050048828 20.7407970428467 20.7421913146973 20.7646999359131 20.7851543426514 20.8311920166016 20.919002532959 21.0204887390137 21.0980834960938 21.1491203308105 21.1574306488037 21.1370906829834 21.1132736206055 21.1629276275635 21.2920169830322 21.3767433166504
-339999999999999996128486808808066248288.000000000000000 -3.4e+38 -3.4e+38 -3.4e+38 18.7930698394775 17.2113857269287 16.5464057922363 17.2928352355957 18.3239307403564 19.2192096710205 19.7980937957764 20.2302417755127 20.4671535491943 20.5616340637207 20.5201091766357 20.4412956237793 20.413610458374 20.452486038208 20.4975433349609 20.5835418701172 20.6817817687988 20.7884178161621 20.829927444458 20.8237590789795 20.8691501617432 20.9086437225342 20.8720722198486 20.8393020629883 20.8355693817139 20.8391094207764 20.8535118103027 20.8839073181152 20.9078159332275 20.9180698394775 20.9406986236572 21.043004989624 21.1738929748535 21.2522811889648 21.2721500396729 21.2722625732422 21.2620868682861 21.2403259277344 21.2325477600098 21.27121925354 21.3754177093506 21.4716949462891 21.5234375
-3.4e+38 -3.4e+38 -3.4e+38 -3.4e+38 18.6494464874268 16.6232967376709 16.8359699249268 17.8136196136475 18.6846389770508 19.5427665710449 20.1062812805176 20.4356555938721 20.6374969482422 20.670051574707 20.6324977874756 20.5471305847168 20.5565185546875 20.6353206634521 20.6533794403076 20.7182865142822 20.74192237854 20.7501792907715 20.8033580780029 20.8906898498535 20.935962677002 20.9963779449463 20.9990272521973 20.9796104431152 20.9718570709229 20.9766368865967 20.974739074707 20.9780292510986 21.0184669494629 21.0733947753906 21.1875305175781 21.2786598205566 21.3370609283447 21.2957515716553 21.2781410217285 21.2918701171875 21.2852687835693 21.294189453125 21.3326168060303 21.4103260040283 21.5182094573975 21.5795288085938 21.6315765380859
-3.4e+38 -3.4e+38 -3.4e+38 -3.4e+38 18.0347633361816 16.6242961883545 17.1277370452881 17.8962993621826 18.7708263397217 19.744800567627 20.2934322357178 20.5884761810303 20.7354640960693 20.7812538146973 20.7891082763672 20.6948947906494 20.6950359344482 20.7689571380615 20.8412322998047 20.9069900512695 20.9100894927979 20.8281307220459 20.8415622711182 20.8539485931396 20.9270248413086 21.0327930450439 21.0705623626709 21.0816516876221 21.0817604064941 21.071268081665 21.0738048553467 21.1053276062012 21.1381244659424 21.1916332244873 21.2543354034424 21.3052349090576 21.3159427642822 21.2810325622559 21.2843894958496 21.2967205047607 21.3252964019775 21.3930721282959 21.4488124847412 21.5421142578125 21.6057987213135 21.654993057251 21.6726970672607
-3.4e+38 -3.4e+38 -3.4e+38 -3.4e+38 18.0098571777344 16.7490119934082 17.16259765625 17.9992198944092 19.0295276641846 19.9170303344727 20.4209594726562 20.6889667510986 20.8336448669434 20.8716201782227 20.8119373321533 20.7234935760498 20.7684097290039 20.8652019500732 20.9701347351074 21.0824298858643 21.1922378540039 21.168140411377 21.0258083343506 20.9370460510254 20.9197559356689 20.9924564361572 21.1104526519775 21.1826934814453 21.2171382904053 21.2192134857178 21.2015781402588 21.161642074585 21.1197834014893 21.1698093414307 21.246187210083 21.3049812316895 21.3092079162598 21.2836265563965 21.2966804504395 21.3539142608643 21.4242630004883 21.4628295898438 21.5084495544434 21.5855026245117 21.6591186523438 21.7181396484375 21.747127532959
-3.4e+38 -3.4e+38 -3.4e+38 -3.4e+38 18.1364879608154 16.9885902404785 17.0940055847168 18.1393985748291 19.0767135620117 19.8824729919434 20.4630241394043 20.7385444641113 20.8708515167236 20.9058628082275 20.8877105712891 20.8484630584717 20.9200248718262 21.1228427886963 21.2755966186523 21.4020538330078 21.4705333709717 21.4284744262695 21.3223667144775 21.1633338928223 21.0311965942383 21.0284481048584 21.1037788391113 21.1699657440186 21.2239513397217 21.2567558288574 21.2136650085449 21.1041984558105 21.0482788085938 21.1336765289307 21.2578163146973 21.345193862915 21.3810348510742 21.3448619842529 21.3597202301025 21.4193134307861 21.4475917816162 21.4643383026123 21.5257205963135 21.561071395874 21.6239624023438 21.6865558624268 21.75390625
-3.4e+38 -3.4e+38 -3.4e+38 -3.4e+38 18.3872032165527 17.2362632751465 16.9481182098389 18.0798072814941 18.856840133667 19.6166839599609 20.3351974487305 20.7394847869873 20.9151306152344 20.9784145355225 21.0111122131348 21.0896224975586 21.2990875244141 21.5222263336182 21.6707706451416 21.7154083251953 21.695728302002 21.6409492492676 21.549976348877 21.4479103088379 21.309928894043 21.1768760681152 21.1294708251953 21.1695880889893 21.1390933990479 21.15966796875 21.1919078826904 21.1622753143311 21.1164073944092 21.157470703125 21.2987537384033 21.4076728820801 21.4769039154053 21.4664268493652 21.4200801849365 21.4038562774658 21.4326610565186 21.4902324676514 21.5165691375732 21.5359592437744 21.5790462493896 21.6381053924561 21.7071304321289
-3.4e+38 -3.4e+38 -3.4e+38 -3.4e+38 -3.4e+38 17.7129802703857 16.8797607421875 17.9221019744873 18.5290622711182 19.119176864624 19.9884071350098 20.5855026245117 20.9890766143799 21.091423034668 21.1853618621826 21.3718490600586 21.7015228271484 21.890661239624 21.9482803344727 21.9393730163574 21.9341869354248 21.9195156097412 21.871618270874 21.7876720428467 21.6793670654297 21.5574645996094 21.3972148895264 21.256462097168 21.2272930145264 21.1695098876953 21.1580142974854 21.2225551605225 21.2903575897217 21.3169002532959 21.3558006286621 21.4247608184814 21.4876098632812 21.558406829834 21.5592308044434 21.5103397369385 21.4885864257812 21.5100936889648 21.532678604126 21.5723857879639 21.6066036224365 21.6310119628906 21.6660633087158
-3.4e+38 -3.4e+38 -3.4e+38 -3.4e+38 -3.4e+38 18.2816314697266 16.8274173736572 17.7015018463135 18.3768005371094 19.0527191162109 19.6249904632568 20.2726936340332 20.9462833404541 21.21067237854 21.4244346618652 21.7150897979736 22.0253887176514 22.1073207855225 22.1825504302979 22.2400035858154 22.2686576843262 22.274787902832 22.2480792999268 22.197229385376 22.0854911804199 21.9311065673828 21.7995204925537 21.6283321380615 21.4612102508545 21.3453063964844 21.24294090271 21.2273826599121 21.349308013916 21.4600105285645 21.5116539001465 21.5251579284668 21.5892124176025 21.6700630187988 21.7462539672852 21.7478580474854 21.7013816833496 21.7142200469971 21.7410945892334 21.7352466583252 21.7352657318115 21.7337608337402 21.747859954834
-3.4e+38 -3.4e+38 -3.4e+38 -3.4e+38 -3.4e+38 19.2678527832031 17.0257263183594 17.4100036621094 18.4870681762695 19.2189750671387 19.6183032989502 20.0896167755127 20.8534469604492 21.3037662506104 21.6389045715332 22.0647087097168 22.2746410369873 22.3436050415039 22.427001953125 22.4746837615967 22.494873046875 22.4855289459229 22.4616298675537 22.4300384521484 22.3692474365234 22.2528629302979 22.1194286346436 21.9797382354736 21.7769794464111 21.6256866455078 21.4757308959961 21.3405933380127 21.3594779968262 21.4503116607666 21.5508995056152 21.5682849884033 21.6817398071289 21.8080673217773 21.8416767120361 21.8928909301758 21.9074172973633 21.8948974609375 21.9133434295654 21.9208450317383 21.9417991638184 21.9640979766846 21.9788780212402
-3.4e+38 -3.4e+38 -3.4e+38 -3.4e+38 -3.4e+38 -3.4e+38 17.6158657073975 17.1555061340332 18.4872741699219 19.3007469177246 19.7056312561035 20.1092319488525 20.8446559906006 21.4012603759766 21.9881820678711 22.3758239746094 22.4701862335205 22.5372867584229 22.5688991546631 22.5714435577393 22.5636768341064 22.5587501525879 22.5481624603271 22.5154457092285 22.476110458374 22.4242496490479 22.3382987976074 22.2357864379883 22.0896244049072 21.889497756958 21.7273960113525 21.5568790435791 21.4480457305908 21.4138565063477 21.464729309082 21.5092449188232 21.7112503051758 21.8593730926514 21.8712120056152 21.9353199005127 21.9884929656982 21.966136932373 21.9523792266846 21.970874786377 22.0177268981934 22.0740299224854 22.1418857574463
-3.4e+38 -3.4e+38 -3.4e+38 -3.4e+38 -3.4e+38 -3.4e+38 17.4692211151123 17.0803565979004 18.5933876037598 19.5041942596436 19.8471717834473 20.199462890625 21.1129131317139 21.7905120849609 22.3551254272461 22.5884284973145 22.6409435272217 22.6510028839111 22.622953414917 22.6176090240479 22.5826396942139 22.5447883605957 22.5375595092773 22.5282077789307 22.5006637573242 22.4893226623535 22.4563140869141 22.3971004486084 22.2975482940674 22.1530570983887 21.9740962982178 21.7605648040771 21.6255760192871 21.5146179199219 21.427339553833 21.470329284668 21.7453060150146 21.8583812713623 21.8642101287842 21.9124698638916 21.9718761444092 21.9671039581299 21.9547328948975 21.9667320251465 22.0488090515137 22.1642818450928 22.2617778778076
-3.4e+38 -3.4e+38 -3.4e+38 -3.4e+38 -3.4e+38 -3.4e+38 17.9120922088623 17.2423820495605 18.6977500915527 19.4875679016113 19.8891735076904 20.4951496124268 21.4764060974121 22.2272968292236 22.6443367004395 22.7155151367188 22.7424812316895 22.6789360046387 22.649845123291 22.6079349517822 22.5677051544189 22.5391178131104 22.5144348144531 22.4914436340332 22.4700946807861 22.4795398712158 22.4679794311523 22.4390048980713 22.4130935668945 22.3488140106201 22.1951065063477 22.0067653656006 21.8155651092529 21.6796436309814 21.5079154968262 21.4361114501953 21.6984195709229 21.8135662078857 21.8468227386475 21.8862018585205 21.9503002166748 21.9647102355957 21.973991394043 21.9897537231445 22.0987796783447 22.2350540161133 22.3529415130615
-3.4e+38 -3.4e+38 -3.4e+38 -3.4e+38 -3.4e+38 17.8170700073242 17.7718868255615 17.4528312683105 18.8578414916992 19.5166664123535 19.932279586792 20.8974990844727 21.9930839538574 22.6224250793457 22.7916526794434 22.8303375244141 22.7836780548096 22.7094745635986 22.6766891479492 22.6137886047363 22.5613040924072 22.5336570739746 22.5113010406494 22.4861392974854 22.4560470581055 22.4422512054443 22.4524574279785 22.4492893218994 22.4513778686523 22.4377975463867 22.3476905822754 22.1726341247559 21.9816284179688 21.837272644043 21.6735992431641 21.473014831543 21.6198081970215 21.7722434997559 21.8201732635498 21.8633613586426 21.9012413024902 21.9401912689209 21.9577159881592 21.9953746795654 22.12770652771 22.2562046051025 22.3933429718018
-3.4e+38 -3.4e+38 -3.4e+38 -3.4e+38 19.967227935791 18.245813369751 17.7672328948975 17.6480541229248 18.9565238952637 19.5017013549805 20.0450801849365 21.5589618682861 22.5103397369385 22.8202743530273 22.8948745727539 22.9193248748779 22.8173370361328 22.7398929595947 22.7187728881836 22.631311416626 22.5606479644775 22.5201377868652 22.4963626861572 22.4556922912598 22.4274024963379 22.416784286499 22.4244537353516 22.437198638916 22.4529151916504 22.4447193145752 22.4196014404297 22.3165187835693 22.1201820373535 21.9447574615479 21.8079662322998 21.5749473571777 21.6163215637207 21.7436676025391 21.8044719696045 21.8504848480225 21.8817386627197 21.9258728027344 21.941614151001 22.0015983581543 22.1306266784668 22.2729625701904 22.4211692810059
