Ecospace-environmental-drivers/Outputs/ASCII-for-ecospace/Temp-surf/Temp-surf_X2016.03.asc
NCOLS 131 
NROWS 53 
XLLCORNER -98 
YLLCORNER 23.9265270233154 
CELLSIZE 0.133587792515755 
NODATA_value -3.4e+38 
[rows 0 to 20 of 53, columns 47 to 93 of 131]
-3.4e+38 -3.4e+38 -3.4e+38 -3.4e+38 -3.4e+38 -3.4e+38 -3.4e+38 -3.4e+38 -3.4e+38 -3.4e+38 -3.4e+38 -3.4e+38 -3.4e+38 -3.4e+38 -3.4e+38 -3.4e+38 -3.4e+38 -3.4e+38 -3.4e+38 -3.4e+38 -3.4e+38 -3.4e+38 -3.4e+38 -3.4e+38 -3.4e+38 -3.4e+38 -3.4e+38 -3.4e+38 -3.4e+38 -3.4e+38 -3.4e+38 -3.4e+38 -3.4e+38 -3.4e+38 -3.4e+38 -3.4e+38 -3.4e+38 -3.4e+38 -3.4e+38 -3.4e+38 -3.4e+38 -3.4e+38 -3.4e+38 -3.4e+38 -3.4e+38 -3.4e+38 -3.4e+38
-3.4e+38 -3.4e+38 -3.4e+38 -3.4e+38 -3.4e+38 -3.4e+38 -3.4e+38 -3.4e+38 -3.4e+38 -3.4e+38 -3.4e+38 -3.4e+38 -3.4e+38 -3.4e+38 -3.4e+38 -3.4e+38 -3.4e+38 -3.4e+38 -3.4e+38 -3.4e+38 -3.4e+38 -3.4e+38 -3.4e+38 -3.4e+38 -3.4e+38 -3.4e+38 -3.4e+38 -3.4e+38 -3.4e+38 -3.4e+38 -3.4e+38 -3.4e+38 -3.4e+38 -3.4e+38 -3.4e+38 -3.4e+38 -3.4e+38 -3.4e+38 -3.4e+38 -3.4e+38 -3.4e+38 -3.4e+38 -3.4e+38 -3.4e+38 -3.4e+38 -3.4e+38 -3.4e+38
-3.4e+38 -3.4e+38 -3.4e+38 -3.4e+38 -3.4e+38 -3.4e+38 -3.4e+38 -3.4e+38 -3.4e+38 -3.4e+38 -3.4e+38 -3.4e+38 -3.4e+38 -3.4e+38 -3.4e+38 -3.4e+38 -3.4e+38 -3.4e+38 -3.4e+38 -3.4e+38 -3.4e+38 -3.4e+38 -3.4e+38 -3.4e+38 -3.4e+38 -3.4e+38 -3.4e+38 19.4241237640381 19.4241237640381 -3.4e+38 -3.4e+38 -3.4e+38 -3.4e+38 -3.4e+38 -3.4e+38 -3.4e+38 -3.4e+38 -3.4e+38 -3.4e+38 -3.4e+38 -3.4e+38 -3.4e+38 -3.4e+38 -3.4e+38 -3.4e+38 -3.4e+38 -3.4e+38
-3.4e+38 -3.4e+38 -3.4e+38 -3.4e+38 -3.4e+38 -3.4e+38 -3.4e+38 -3.4e+38 -3.4e+38 -3.4e+38 -3.4e+38 -3.4e+38 -3.4e+38 -3.4e+38 -3.4e+38 -3.4e+38 -3.4e+38 -3.4e+38 -3.4e+38 -3.4e+38 -3.4e+38 -3.4e+38 -3.4e+38 -3.4e+38 -3.4e+38 -3.4e+38 -3.4e+38 19.4429721832275 19.4052753448486 -3.4e+38 -3.4e+38 -3.4e+38 -3.4e+38 -3.4e+38 -3.4e+38 -3.4e+38 -3.4e+38 -3.4e+38 -3.4e+38 -3.4e+38 -3.4e+38 -3.4e+38 -3.4e+38 -3.4e+38 -3.4e+38 -3.4e+38 -3.4e+38
-3.4e+38 -3.4e+38 -3.4e+38 -3.4e+38 -3.4e+38 -3.4e+38 -3.4e+38 -3.4e+38 -3.4e+38 19.5793495178223 19.6219673156738 19.6219673156738 19.6219673156738 -3.4e+38 -3.4e+38 -3.4e+38 -3.4e+38 -3.4e+38 19.8036766052246 19.7410221099854 19.7366733551025 19.7234058380127 19.8231163024902 19.8511562347412 19.8329029083252 19.7919311523438 19.357141494751 19.2475147247314 19.2626171112061 19.3233394622803 -3.4e+38 -3.4e+38 19.7629699707031 19.6255798339844 19.7343997955322 19.7515640258789 19.0947895050049 18.9857387542725 19.6070728302002 19.5907535552979 19.4927005767822 18.9200954437256 -3.4e+38 -3.4e+38 -3.4e+38 -3.4e+38 -3.4e+38
-3.4e+38 -3.4e+38 -3.4e+38 -3.4e+38 -3.4e+38 -3.4e+38 -3.4e+38 -3.4e+38 19.546443939209 19.5607566833496 19.5882263183594 19.6219673156738 19.619722366333 19.6289691925049 19.6398773193359 -3.4e+38 19.6948165893555 19.6844596862793 19.835521697998 19.7718296051025 19.6157131195068 19.8224773406982 19.732027053833 19.9148445129395 19.9065952301025 19.677267074585 19.3480033874512 19.0608139038086 19.1827182769775 19.4427490234375 19.4920444488525 19.8453407287598 19.8047561645508 19.6388149261475 19.3243503570557 18.9169330596924 18.714958190918 18.6041374206543 18.5808258056641 18.6096248626709 18.6815223693848 18.5860614776611 18.4519271850586 18.5555953979492 -3.4e+38 -3.4e+38 -3.4e+38
-3.4e+38 -3.4e+38 -3.4e+38 -3.4e+38 -3.4e+38 -3.4e+38 -3.4e+38 -3.4e+38 19.5447616577148 19.546443939209 19.5750694274902 19.6094264984131 19.6357574462891 19.6117401123047 19.6394119262695 19.6684818267822 19.7489624023438 19.6670055389404 19.4863471984863 19.5739040374756 19.4408626556396 19.3692588806152 19.444034576416 19.5464191436768 19.4565200805664 19.370023727417 19.4531211853027 19.2792778015137 19.3744010925293 19.3824291229248 19.4354648590088 19.3542366027832 19.1649780273438 19.0213108062744 18.8526153564453 18.7853221893311 18.7266235351562 18.6264457702637 18.4982662200928 18.3820819854736 18.3097248077393 18.3085231781006 18.3365097045898 18.5766162872314 18.7536602020264 18.6658306121826 -3.4e+38
-3.4e+38 -3.4e+38 -3.4e+38 -3.4e+38 -3.4e+38 -3.4e+38 -3.4e+38 -3.4e+38 -3.4e+38 -3.4e+38 19.5806503295898 19.6087512969971 19.6429328918457 -3.4e+38 19.6204986572266 19.5562210083008 19.5502395629883 19.4927024841309 19.7545547485352 19.775764465332 19.3225593566895 19.1892433166504 19.196964263916 19.2005653381348 19.216381072998 19.2756481170654 19.2897911071777 19.248966217041 19.2781429290771 19.2831420898438 19.2698268890381 19.2145481109619 19.1372776031494 19.070894241333 19.0747699737549 19.1293411254883 19.1404724121094 19.0394554138184 18.8884239196777 18.7391948699951 18.575023651123 18.4890804290771 18.4578723907471 18.3971157073975 18.4808559417725 18.762975692749 18.7608318328857
-3.4e+38 -3.4e+38 -3.4e+38 -3.4e+38 -3.4e+38 -3.4e+38 -3.4e+38 -3.4e+38 -3.4e+38 -3.4e+38 -3.4e+38 -3.4e+38 -3.4e+38 -3.4e+38 19.437370300293 19.3999328613281 19.6276378631592 19.7442607879639 20.0090827941895 19.8726615905762 19.5294055938721 19.4993019104004 19.2112159729004 19.3722610473633 19.5416450500488 19.6119041442871 19.580867767334 19.4743576049805 19.3758392333984 19.3104915618896 19.3036346435547 19.3370571136475 19.3589916229248 19.3863124847412 19.4628448486328 19.5210094451904 19.4967861175537 19.3624382019043 19.2224311828613 19.0848789215088 18.9266147613525 18.8625831604004 18.7081127166748 18.5971298217773 18.5130062103271 18.5207328796387 18.9987850189209
19.807300567627 -3.4e+38 -3.4e+38 -3.4e+38 -3.4e+38 -3.4e+38 -3.4e+38 -3.4e+38 -3.4e+38 -3.4e+38 19.6173706054688 19.6338787078857 -3.4e+38 -3.4e+38 -3.4e+38 19.4506969451904 19.6635246276855 19.8186779022217 19.9169750213623 19.6415557861328 19.641450881958 19.6208629608154 19.2475547790527 19.3251304626465 19.6034336090088 19.8510494232178 19.9295997619629 19.8152751922607 19.6941051483154 19.5784759521484 19.5680904388428 19.6465892791748 19.6093997955322 19.6386890411377 19.7207870483398 19.7675895690918 19.7165107727051 19.540454864502 19.4325504302979 19.344518661499 19.1684226989746 19.058952331543 19.0055656433105 18.8898849487305 18.8054523468018 18.6336879730225 18.6264381408691
19.8442115783691 19.7680816650391 -3.4e+38 -3.4e+38 -3.4e+38 -3.4e+38 -3.4e+38 -3.4e+38 -3.4e+38 -3.4e+38 19.6218013763428 19.8354568481445 19.9507904052734 -3.4e+38 -3.4e+38 19.821346282959 19.978120803833 19.7804946899414 19.6741676330566 19.3607654571533 19.5178089141846 19.6367244720459 19.3107280731201 19.3598155975342 19.7240905761719 19.9727153778076 20.0166625976562 19.9104843139648 19.8721446990967 19.7997169494629 19.7540454864502 19.7685089111328 19.7266139984131 19.8085041046143 19.970142364502 20.0215129852295 19.8614101409912 19.6816177368164 19.5630874633789 19.4878635406494 19.3419551849365 19.1797027587891 19.164379119873 19.112340927124 19.07301902771 18.8170433044434 18.688720703125
19.6674098968506 19.7926254272461 19.6784839630127 19.6757698059082 -3.4e+38 -3.4e+38 -3.4e+38 -3.4e+38 -3.4e+38 -3.4e+38 -3.4e+38 20.4302139282227 20.4317073822021 20.4317073822021 20.2126121520996 19.9935169219971 19.8630466461182 19.2992820739746 19.0223503112793 19.0945415496826 19.4602813720703 19.2837429046631 19.2334899902344 19.4969654083252 19.7757205963135 19.9189853668213 19.9031047821045 19.8294467926025 19.873327255249 19.8503246307373 19.8055973052979 19.8338222503662 19.8766384124756 20.030345916748 20.1161003112793 20.2091102600098 20.1184482574463 20.0093517303467 19.886323928833 19.7092876434326 19.5278339385986 19.3660221099854 19.2856044769287 19.2703227996826 19.2860927581787 19.0195178985596 18.7457866668701
19.5654926300049 19.569766998291 19.5726909637451 19.7788505554199 -3.4e+38 -3.4e+38 -3.4e+38 -3.4e+38 20.4311275482178 20.4521865844727 20.4311790466309 20.3755474090576 20.4287223815918 20.4317073822021 20.1982498168945 19.9175891876221 19.5910987854004 18.9441947937012 18.5933990478516 18.9934730529785 19.1303253173828 19.1799335479736 19.323371887207 19.5343799591064 19.6521663665771 19.7082252502441 19.751485824585 19.8156471252441 19.8969688415527 19.9207000732422 19.9493770599365 19.9607830047607 19.9738883972168 20.1183280944824 20.2196826934814 20.267147064209 20.2588081359863 20.3059329986572 20.215763092041 20.0073013305664 19.7561779022217 19.5652484893799 19.4446125030518 19.4081420898438 19.430456161499 19.2039394378662 18.9340305328369
19.3952293395996 19.4779090881348 19.8152008056641 19.9259090423584 20.0945110321045 20.3839645385742 20.4023475646973 20.4134292602539 20.4244041442871 20.4555492401123 20.4766082763672 20.3613777160645 20.1793174743652 20.4257354736328 20.2044811248779 19.9358062744141 19.4805698394775 19.475513458252 18.9424629211426 18.8169822692871 18.8715229034424 19.1578350067139 19.4549770355225 19.5831832885742 19.6633853912354 19.7430267333984 19.8667335510254 19.9770469665527 20.0622825622559 20.1049518585205 20.1321029663086 20.1974353790283 20.2413082122803 20.3020477294922 20.434627532959 20.4712810516357 20.4994506835938 20.5534496307373 20.4601001739502 20.3205013275146 20.2171020507812 20.034948348999 19.8149280548096 19.6110324859619 19.6307106018066 19.5692234039307 19.5314693450928
19.3876724243164 19.479362487793 19.5987415313721 19.9998645782471 20.3655796051025 20.4023475646973 20.3170108795166 20.3244705200195 20.4134292602539 20.4353771209717 20.5178413391113 20.0701770782471 20.2049160003662 19.6549091339111 19.3072452545166 19.3849658966064 19.5518360137939 19.5309219360352 19.3688812255859 19.2301635742188 18.8926296234131 18.9749965667725 19.5067443847656 19.783411026001 19.9677829742432 20.1230487823486 20.2633590698242 20.474458694458 20.5855255126953 20.6816177368164 20.751522064209 20.7417221069336 20.7127418518066 20.6737213134766 20.7192783355713 20.8152008056641 20.7919902801514 20.7021560668945 20.6332912445068 20.4916801452637 20.4258899688721 20.3536052703857 20.2599258422852 20.1040897369385 19.8879127502441 19.83278465271 19.8792724609375
19.7318630218506 19.8133735656738 19.8470420837402 19.8630065917969 20.1475563049316 20.2694072723389 20.2814331054688 20.3148555755615 20.2881660461426 20.263219833374 20.2318820953369 19.8163471221924 19.5798988342285 19.386869430542 19.2830276489258 19.2213153839111 19.2029304504395 20.2648963928223 19.747896194458 19.104248046875 18.6502342224121 19.1955585479736 19.7604808807373 20.1566829681396 20.4832019805908 20.7412586212158 20.879222869873 21.0631046295166 21.1655960083008 21.1980743408203 21.2510089874268 21.2834701538086 21.3074893951416 21.2769451141357 21.180685043335 21.1505146026611 21.0129623413086 20.8849449157715 20.802978515625 20.6779117584229 20.6752624511719 20.5915393829346 20.5194091796875 20.5090293884277 20.3710784912109 20.1998844146729 20.0479602813721
19.7041091918945 19.7465839385986 19.8316917419434 19.9265308380127 19.9525032043457 19.9545555114746 19.9131126403809 19.8555183410645 19.7700481414795 19.7059135437012 19.5817642211914 19.5396747589111 19.5781860351562 19.4286422729492 19.3539524078369 19.2960872650146 19.127311706543 19.6921100616455 18.8755702972412 18.8450183868408 19.2086811065674 19.835376739502 20.4707660675049 20.8658466339111 21.1186027526855 21.2814922332764 21.3168964385986 21.3329029083252 21.4040279388428 21.426643371582 21.4971218109131 21.5611152648926 21.6166191101074 21.5723648071289 21.5312633514404 21.5365600585938 21.3747806549072 21.2049713134766 21.0277767181396 20.9177284240723 20.9275417327881 20.9371795654297 20.9237327575684 20.8685512542725 20.7812156677246 20.6245784759521 20.3741722106934
19.8364372253418 19.7951622009277 19.7735614776611 19.8531036376953 19.9456825256348 19.9296951293945 19.8068923950195 19.7504806518555 19.7426776885986 19.714656829834 19.7108783721924 19.77126121521 19.7797412872314 19.682788848877 19.4625549316406 19.4006423950195 19.3485069274902 19.2501277923584 19.2924118041992 19.6728210449219 20.2287254333496 20.7778377532959 21.2059535980225 21.3969612121582 21.4588012695312 21.4661540985107 21.4071273803711 21.5516471862793 21.6159629821777 21.7298793792725 21.8806972503662 21.9711685180664 21.9718532562256 21.9162693023682 21.895845413208 21.823637008667 21.6410026550293 21.6060218811035 21.5803966522217 21.4840774536133 21.4440670013428 21.4954662322998 21.4858512878418 21.3282623291016 21.0828762054443 20.873462677002 20.7048645019531
19.915864944458 19.8306045532227 19.8063011169434 19.8638687133789 19.9421482086182 19.9634742736816 19.9497394561768 19.9576892852783 19.9880504608154 19.932559967041 19.8678092956543 19.9292182922363 19.9105949401855 19.830322265625 19.745677947998 19.8203048706055 19.9083118438721 20.0813579559326 20.3755893707275 20.6864814758301 21.0738697052002 21.3787899017334 21.5030288696289 21.5627822875977 21.5427780151367 21.5274295806885 21.5887222290039 21.6547985076904 21.8404331207275 22.0545635223389 22.2258071899414 22.325798034668 22.3712387084961 22.3068675994873 22.23366355896 22.1649265289307 22.1582279205322 22.2336597442627 22.3017044067383 22.2700672149658 22.1667423248291 22.1277847290039 22.0167922973633 21.8355445861816 21.5670280456543 21.2047557830811 20.9320964813232
20.2011585235596 20.0912914276123 19.9964752197266 19.9744892120361 19.9775619506836 19.9955253601074 19.9951953887939 19.9605331420898 19.9450092315674 19.9505157470703 19.9507389068604 19.9877891540527 20.0740623474121 20.2299613952637 20.4932746887207 20.6608619689941 20.8298950195312 21.0279865264893 21.2388763427734 21.4245853424072 21.6172027587891 21.647632598877 21.6287631988525 21.589448928833 21.5938339233398 21.6121406555176 21.69850730896 21.8855934143066 22.1796913146973 22.3485374450684 22.4553318023682 22.4911231994629 22.4768772125244 22.4472713470459 22.4448299407959 22.4834938049316 22.5354309082031 22.6779079437256 22.7711486816406 22.7682209014893 22.6650352478027 22.5686378479004 22.4525146484375 22.2858600616455 22.0143241882324 21.694055557251 21.2802333831787
20.7414093017578 20.7082481384277 20.562328338623 20.3714561462402 20.2756023406982 20.1799945831299 20.1208209991455 20.0819664001465 20.0745010375977 20.0594730377197 20.1630210876465 20.2717781066895 20.4349708557129 20.5593929290771 20.8195934295654 21.1112365722656 21.2991790771484 21.4941673278809 21.7114067077637 21.7948131561279 21.7174644470215 21.6028385162354 21.5141983032227 21.4753551483154 21.57497215271 21.7128734588623 21.846809387207 22.219783782959 22.5134983062744 22.6042575836182 22.6674251556396 22.650484085083 22.6213111877441 22.5697345733643 22.5664653778076 22.6067047119141 22.6400566101074 22.7922992706299 22.93625831604 22.9867572784424 22.9335269927979 22.790828704834 22.7255344390869 22.6301574707031 22.4158096313477 22.0652885437012 21.7361240386963
