Ecospace-environmental-drivers/Outputs/ASCII-for-ecospace/Temp-surf/Temp-surf_X2002.08.asc
NCOLS 131 
NROWS 53 
XLLCORNER -98 
YLLCORNER 23.9265270233154 
CELLSIZE 0.133587792515755 
NODATA_value -3.4e+38 
[rows 21 to 41 of 53, columns 47 to 93 of 131]
30.4453506469727 30.4291477203369 30.4278736114502 30.4299507141113 30.4294567108154 30.4357719421387 30.4360046386719 30.4385051727295 30.4457035064697 30.4443778991699 30.4289035797119 30.398551940918 30.3473968505859 30.2258701324463 30.1753978729248 30.1679553985596 30.1556644439697 30.179370880127 30.1741352081299 30.1845283508301 30.1899662017822 30.1908206939697 30.1882057189941 30.2107677459717 30.2262744903564 30.2222099304199 30.2056293487549 30.2309551239014 30.181957244873 30.1476955413818 30.1257610321045 30.0959415435791 30.0668048858643 30.0772285461426 30.0977420806885 30.1194705963135 30.1248512268066 30.1095695495605 30.0969371795654 30.1071262359619 30.1312942504883 30.131031036377 30.108097076416 30.0672168731689 30.0355472564697 30.0253715515137 30.0245933532715
30.4301452636719 30.4388446807861 30.4499855041504 30.4439830780029 30.4321823120117 30.439172744751 30.4441547393799 30.4457511901855 30.4521236419678 30.4555988311768 30.458776473999 30.4537982940674 30.4296417236328 30.352087020874 30.2561511993408 30.1940422058105 30.1879348754883 30.1950798034668 30.1971740722656 30.2307682037354 30.24391746521 30.2669239044189 30.2825584411621 30.2779312133789 30.2692203521729 30.2594947814941 30.2547454833984 30.258731842041 30.2236404418945 30.2017421722412 30.182315826416 30.1780948638916 30.1623516082764 30.1452198028564 30.1438503265381 30.1564350128174 30.1482791900635 30.1118698120117 30.0912761688232 30.1213970184326 30.1296367645264 30.1352424621582 30.1356258392334 30.1219635009766 30.1020660400391 30.0737724304199 30.0624141693115
30.4545307159424 30.453784942627 30.4482955932617 30.4512538909912 30.4644241333008 30.477108001709 30.4794101715088 30.4841136932373 30.4891033172607 30.4899673461914 30.4926795959473 30.4850406646729 30.4953651428223 30.4804000854492 30.4281597137451 30.3588619232178 30.3213729858398 30.3175964355469 30.3022079467773 30.2945098876953 30.3023777008057 30.3309478759766 30.3236389160156 30.2977161407471 30.273473739624 30.26296043396 30.2635440826416 30.2704753875732 30.2557926177979 30.2630653381348 30.2630920410156 30.2654495239258 30.2535057067871 30.2307186126709 30.2199554443359 30.1965236663818 30.183723449707 30.1706256866455 30.1321144104004 30.1464080810547 30.1286697387695 30.1405220031738 30.1478595733643 30.1308135986328 30.1381206512451 30.1112022399902 30.0837020874023
30.4581661224365 30.4688396453857 30.4794845581055 30.4926586151123 30.5201282501221 30.5318126678467 30.5322933197021 30.5244808197021 30.5073890686035 30.4847221374512 30.4812889099121 30.4870147705078 30.4965686798096 30.4886379241943 30.4590187072754 30.4378433227539 30.4007091522217 30.4011039733887 30.4387092590332 30.450870513916 30.410041809082 30.3616428375244 30.3310317993164 30.3293800354004 30.3064441680908 30.3084335327148 30.3164520263672 30.3175258636475 30.2867755889893 30.2986946105957 30.3121223449707 30.3164825439453 30.3068046569824 30.2944049835205 30.27467918396 30.2546138763428 30.2338943481445 30.215763092041 30.1826858520508 30.1585788726807 30.1595306396484 30.1584148406982 30.142972946167 30.1264686584473 30.145320892334 30.1585788726807 30.1472244262695
30.4876556396484 30.5061912536621 30.5105514526367 30.5349407196045 30.5526447296143 30.5619640350342 30.5587253570557 30.5455532073975 30.513765335083 30.4885559082031 30.4825706481934 30.4905471801758 30.516695022583 30.5184154510498 30.4802093505859 30.4724178314209 30.4440994262695 30.4251499176025 30.4461517333984 30.4795150756836 30.4648818969727 30.4313735961914 30.4064464569092 30.3942432403564 30.3618621826172 30.3348960876465 30.3332824707031 30.326229095459 30.3080024719238 30.3194122314453 30.3355159759521 30.3306941986084 30.3183002471924 30.3079242706299 30.2947807312012 30.2849464416504 30.2726783752441 30.2599239349365 30.2310752868652 30.1906414031982 30.158618927002 30.1550235748291 30.1651992797852 30.1339073181152 30.1420764923096 30.1971321105957 30.1926651000977
30.5379409790039 30.5617656707764 30.5613746643066 30.5803050994873 30.5717582702637 30.5691604614258 30.5777778625488 30.5642490386963 30.5449142456055 30.5102462768555 30.4749622344971 30.491491317749 30.5282135009766 30.5463695526123 30.5230712890625 30.5007133483887 30.4829139709473 30.4737091064453 30.471097946167 30.4779529571533 30.4881343841553 30.4684524536133 30.4274768829346 30.38401222229 30.3173542022705 30.3124980926514 30.3450527191162 30.3656005859375 30.3743152618408 30.3822002410889 30.3570747375488 30.3425636291504 30.3196067810059 30.3045768737793 30.2926464080811 30.2755012512207 30.2732582092285 30.2666549682617 30.2514820098877 30.2516860961914 30.1803398132324 30.1332054138184 30.1560115814209 30.1461639404297 30.1609001159668 30.2069396972656 30.1852245330811
30.5924091339111 30.611478805542 30.6193752288818 30.6292381286621 30.6188335418701 30.5878429412842 30.5813579559326 30.5946102142334 30.5787677764893 30.5465869903564 30.4927062988281 30.4980564117432 30.534688949585 30.5689067840576 30.5356979370117 30.5164451599121 30.503267288208 30.4850902557373 30.4977645874023 30.5190963745117 30.5103931427002 30.4889087677002 30.4287815093994 30.3556060791016 30.3180904388428 30.3312969207764 30.3664512634277 30.4102439880371 30.4233474731445 30.4115047454834 30.395227432251 30.3898105621338 30.3722076416016 30.3424186706543 30.3031349182129 30.267671585083 30.2490978240967 30.2449970245361 30.2524242401123 30.2424774169922 30.2093944549561 30.1403694152832 30.1567878723145 30.1795825958252 30.1798343658447 30.1943798065186 30.1557102203369
30.6461029052734 30.6667861938477 30.6709098815918 30.6690044403076 30.6459884643555 30.6262683868408 30.5799942016602 30.5806274414062 30.5860614776611 30.5658016204834 30.5220928192139 30.4910221099854 30.5192947387695 30.5608425140381 30.5460720062256 30.5241661071777 30.5159225463867 30.5004119873047 30.5102062225342 30.530834197998 30.5119743347168 30.4805088043213 30.4183731079102 30.348705291748 30.333366394043 30.3819007873535 30.4464817047119 30.4516906738281 30.4158554077148 30.4054012298584 30.4023456573486 30.3862648010254 30.3599224090576 30.3164653778076 30.2797927856445 30.2539215087891 30.2285346984863 30.2197856903076 30.2193851470947 30.2323932647705 30.2298393249512 30.1486015319824 30.1701984405518 30.2021617889404 30.1998615264893 30.1764526367188 30.1518211364746
30.6792411804199 30.69260597229 30.7024192810059 30.7016448974609 30.6994800567627 30.6850032806396 30.6199073791504 30.5801811218262 30.5724010467529 30.5595760345459 30.5482597351074 30.494327545166 30.4884796142578 30.5193996429443 30.5282764434814 30.5411567687988 30.5370483398438 30.5269908905029 30.5284538269043 30.5197811126709 30.4973411560059 30.4547100067139 30.3858795166016 30.3305721282959 30.397705078125 30.4419784545898 30.4489765167236 30.407787322998 30.4019336700439 30.4190883636475 30.3993110656738 30.3622741699219 30.3153228759766 30.29225730896 30.2584781646729 30.2456951141357 30.2186985015869 30.1939105987549 30.2082920074463 30.2315120697021 30.2272529602051 30.1856098175049 30.1799983978271 30.1910743713379 30.1891765594482 30.1857891082764 30.137243270874
30.6972236633301 30.7014408111572 30.7081069946289 30.7272567749023 30.7394618988037 30.7241115570068 30.67360496521 30.6019821166992 30.5671501159668 30.5622978210449 30.5431518554688 30.5114135742188 30.4876194000244 30.4851779937744 30.4835414886475 30.516056060791 30.5114326477051 30.5092277526855 30.5075206756592 30.4792137145996 30.450553894043 30.3935642242432 30.3468074798584 30.4095039367676 30.4508285522461 30.4378643035889 30.3799743652344 30.3590831756592 30.3675231933594 30.3929500579834 30.3882637023926 30.3750953674316 30.3303031921387 30.2896499633789 30.266284942627 30.2435321807861 30.2188529968262 30.2208709716797 30.2447948455811 30.2464923858643 30.2276077270508 30.2078056335449 30.1923236846924 30.1898326873779 30.187744140625 30.1765842437744 30.1284236907959
30.7143058776855 30.7226257324219 30.7078380584717 30.7332210540771 30.7470855712891 30.7748851776123 30.7241592407227 30.6543216705322 30.5727310180664 30.5638618469238 30.5453758239746 30.5358848571777 30.520357131958 30.4988670349121 30.4808044433594 30.4806003570557 30.4738273620605 30.4678363800049 30.4528903961182 30.4280166625977 30.3893241882324 30.3532123565674 30.4190845489502 30.4436492919922 30.4183101654053 30.3688411712646 30.3347091674805 30.3125629425049 30.3170127868652 30.3626441955566 30.3698558807373 30.3588161468506 30.3334445953369 30.3030338287354 30.2742519378662 30.249137878418 30.2520637512207 30.2566661834717 30.2559947967529 30.2495937347412 30.2341804504395 30.2108955383301 30.2083129882812 30.2057266235352 30.1803951263428 30.153507232666 30.144063949585
30.7245140075684 30.726375579834 30.7387962341309 30.7469005584717 30.7491912841797 30.7696914672852 30.7677211761475 30.7140407562256 30.5947742462158 30.5440483093262 30.5503597259521 30.5477104187012 30.5355491638184 30.5200595855713 30.5130214691162 30.5011901855469 30.486946105957 30.4739112854004 30.4373931884766 30.3821716308594 30.3872241973877 30.4359455108643 30.4249992370605 30.4210548400879 30.3782253265381 30.3393402099609 30.3247032165527 30.3012561798096 30.292610168457 30.3083267211914 30.3130950927734 30.3190460205078 30.3182315826416 30.3013954162598 30.2992916107178 30.2966613769531 30.2781467437744 30.2728214263916 30.2591171264648 30.2325477600098 30.228063583374 30.2423229217529 30.2161102294922 30.1933860778809 30.1812267303467 30.1750316619873 30.1569175720215
30.7396068572998 30.7372093200684 30.7454051971436 30.763463973999 30.7636852264404 30.7751579284668 30.7921867370605 30.7472705841064 30.6835517883301 30.5558433532715 30.5263481140137 30.540922164917 30.5216655731201 30.5222663879395 30.4978160858154 30.4808540344238 30.4568195343018 30.4278926849365 30.4213199615479 30.4365005493164 30.4384880065918 30.428050994873 30.3976020812988 30.3553848266602 30.3364734649658 30.3112659454346 30.2868518829346 30.282621383667 30.261402130127 30.2440433502197 30.2314472198486 30.2390270233154 30.2411346435547 30.2363243103027 30.2245178222656 30.2087364196777 30.2035484313965 30.201171875 30.2072563171387 30.2109241485596 30.2053928375244 30.20556640625 30.2058849334717 30.2112941741943 30.2223434448242 30.2261428833008 30.2083854675293
30.7372512817383 30.7498950958252 30.7548694610596 30.7744178771973 30.7808094024658 30.7893505096436 30.8093357086182 30.7851676940918 30.752571105957 30.616325378418 30.5258522033691 30.515739440918 30.4965267181396 30.4919300079346 30.4777336120605 30.4767322540283 30.4778366088867 30.4771938323975 30.4785346984863 30.4713306427002 30.4530372619629 30.4097576141357 30.3651657104492 30.3305892944336 30.3032741546631 30.2839298248291 30.2613792419434 30.2479763031006 30.2338352203369 30.2219181060791 30.1922969818115 30.1723461151123 30.1580047607422 30.1475086212158 30.1473217010498 30.1523475646973 30.1692790985107 30.1657180786133 30.1608409881592 30.1606464385986 30.165018081665 30.1657600402832 30.177713394165 30.2010498046875 30.2407264709473 30.2775344848633 30.2414627075195
30.6966018676758 30.7347564697266 30.7580680847168 30.7678184509277 30.7958698272705 30.815013885498 30.8347072601318 30.8317985534668 30.7962341308594 30.6884098052979 30.5779209136963 30.5428638458252 30.5124855041504 30.5030040740967 30.5031814575195 30.4977130889893 30.4869518280029 30.4898929595947 30.4789810180664 30.4476928710938 30.4160594940186 30.3958282470703 30.3738212585449 30.3546257019043 30.3401737213135 30.3039379119873 30.2637939453125 30.2291049957275 30.2072792053223 30.1966724395752 30.1802558898926 30.1777725219727 30.1913375854492 30.1949462890625 30.1830196380615 30.1563739776611 30.1479835510254 30.1411056518555 30.1493186950684 30.1462936401367 30.1322193145752 30.1067390441895 30.1081829071045 30.1627941131592 30.2086868286133 30.2659397125244 30.2231845855713
30.704761505127 30.7119445800781 30.7463340759277 30.7764644622803 30.7837047576904 30.8113384246826 30.8625240325928 30.882303237915 30.8537731170654 30.756742477417 30.6338119506836 30.5957489013672 30.5757141113281 30.5497016906738 30.534215927124 30.5240535736084 30.509801864624 30.4860057830811 30.4669036865234 30.4405422210693 30.4178733825684 30.4042587280273 30.3970565795898 30.394380569458 30.3827629089355 30.3333797454834 30.294713973999 30.2648010253906 30.2450504302979 30.2454414367676 30.2305030822754 30.1956481933594 30.1857757568359 30.1875534057617 30.1866683959961 30.1716747283936 30.1701488494873 30.1827945709229 30.2029495239258 30.2112884521484 30.2015724182129 30.1933517456055 30.1406841278076 30.1712341308594 30.2330646514893 30.2780723571777 30.1961097717285
30.7108840942383 30.7148113250732 30.7378597259521 30.7586612701416 30.7768573760986 30.7969760894775 30.8369293212891 30.8748054504395 30.8729629516602 30.8019104003906 30.6847362518311 30.6188774108887 30.6082572937012 30.5954074859619 30.5734405517578 30.5516376495361 30.5265293121338 30.4965572357178 30.4743309020996 30.4561977386475 30.4409866333008 30.4414005279541 30.441535949707 30.4400501251221 30.4480857849121 30.4087047576904 30.3573246002197 30.3459930419922 30.3366394042969 30.3333930969238 30.3190021514893 30.2512664794922 30.1924095153809 30.170352935791 30.1891326904297 30.2110500335693 30.2347431182861 30.2432022094727 30.2563247680664 30.2411518096924 30.2435626983643 30.2508506774902 30.1965827941895 30.2160930633545 30.2521457672119 30.2696475982666 30.1764965057373
30.7001476287842 30.7182521820068 30.7337589263916 30.7410926818848 30.739408493042 30.7554244995117 30.7910327911377 30.8368072509766 30.8523750305176 30.819278717041 30.7187404632568 30.6536464691162 30.6201572418213 30.5980987548828 30.5808486938477 30.5618171691895 30.5388431549072 30.5238265991211 30.5193767547607 30.5109806060791 30.5129642486572 30.517204284668 30.5268783569336 30.5329456329346 30.5286903381348 30.4837074279785 30.4041004180908 30.3754463195801 30.3623352050781 30.3659229278564 30.3859043121338 30.3697891235352 30.2788887023926 30.2158985137939 30.2005481719971 30.2565593719482 30.2938079833984 30.3055381774902 30.308084487915 30.3140125274658 30.3052406311035 30.2731304168701 30.2297840118408 30.244499206543 30.279993057251 30.2470073699951 30.1599655151367
30.6808166503906 30.7024993896484 30.7258968353271 30.7394142150879 30.7383918762207 30.7445163726807 30.775728225708 30.8084411621094 30.8119640350342 30.7972755432129 30.720817565918 30.6770210266113 30.6288967132568 30.6088581085205 30.5828380584717 30.5577087402344 30.5426044464111 30.5561389923096 30.5754566192627 30.5857906341553 30.6025657653809 30.6142673492432 30.6190071105957 30.6153316497803 30.604398727417 30.5550117492676 30.4709148406982 30.4044418334961 30.3797378540039 30.3879299163818 30.3931617736816 30.4173927307129 30.4027900695801 30.3125495910645 30.2310752868652 30.1917114257812 30.315580368042 30.3768692016602 30.3834991455078 30.3834266662598 30.3610534667969 30.3139877319336 30.2816600799561 30.2787609100342 30.3101463317871 30.2271480560303 30.1755123138428
30.6715030670166 30.6938457489014 30.7128658294678 30.7368488311768 30.7457485198975 30.7491626739502 30.7657032012939 30.7806911468506 30.793737411499 30.7639122009277 30.6974182128906 30.681453704834 30.6422634124756 30.6068210601807 30.5789699554443 30.5504341125488 30.5509166717529 30.5850067138672 30.6178112030029 30.6349277496338 30.6401348114014 30.6450805664062 30.6576709747314 30.6556262969971 30.6459102630615 30.6088123321533 30.5428352355957 30.4787502288818 30.4166679382324 30.4145412445068 30.4226512908936 30.4500789642334 30.4796810150146 30.4277667999268 30.3386325836182 30.2653827667236 30.3797702789307 30.4278717041016 30.4194355010986 30.4173812866211 30.3993988037109 30.3624610900879 30.312183380127 30.3359489440918 30.3083209991455 30.2220401763916 30.2158260345459
30.6803512573242 30.6991729736328 30.7247486114502 30.7361850738525 30.7422542572021 30.7350654602051 30.7477703094482 30.7614784240723 30.7754802703857 30.7398719787598 30.6795272827148 30.6595001220703 30.6406936645508 30.5969467163086 30.5721912384033 30.5588188171387 30.5661315917969 30.6106033325195 30.6126708984375 30.5986080169678 30.5959854125977 30.6092567443848 30.6209716796875 30.634651184082 30.6382598876953 30.6193389892578 30.5808601379395 30.541524887085 30.4987297058105 30.4493541717529 30.4365520477295 30.4596881866455 30.4899654388428 30.5014667510986 30.4476909637451 30.3721618652344 30.4010105133057 30.433256149292 30.4331169128418 30.424654006958 30.423360824585 30.3792285919189 30.3541450500488 30.3724746704102 30.2455940246582 30.2289695739746 30.2180767059326
