Ecospace-environmental-drivers/Outputs/ASCII-for-ecospace/Temp-surf/Temp-surf_X2001.10.asc
NCOLS 131 
NROWS 53 
XLLCORNER -98 
YLLCORNER 23.9265270233154 
CELLSIZE 0.133587792515755 
NODATA_value -3.4e+38 
[rows 21 to 41 of 53, columns 0 to 46 of 131]
-3.4e+38 -3.4e+38 -3.4e+38 -3.4e+38 -3.4e+38 -3.4e+38 25.3478469848633 25.3265953063965 25.3870010375977 25.2526226043701 25.4398612976074 25.6672267913818 25.9372863769531 26.2058658599854 26.3987140655518 26.5583553314209 26.6869964599609 26.7872333526611 26.835355758667 26.8432998657227 26.8205986022949 26.7867832183838 26.7547607421875 26.7329998016357 26.7192001342773 26.7152061462402 26.7088508605957 26.7157974243164 26.7273082733154 26.7443943023682 26.7691650390625 26.7889652252197 26.8247566223145 26.8556671142578 26.8599033355713 26.8656749725342 26.8608531951904 26.8471374511719 26.8371868133545 26.8193378448486 26.7974033355713 26.7871189117432 26.7774810791016 26.7560405731201 26.7266883850098 26.6964893341064 26.6710357666016
-3.4e+38 -3.4e+38 -3.4e+38 -3.4e+38 -3.4e+38 -3.4e+38 25.3005046844482 25.4164409637451 25.3265953063965 25.5817832946777 25.8246822357178 26.0863494873047 26.3834381103516 26.6187438964844 26.7646675109863 26.8446655273438 26.8704662322998 26.8521022796631 26.8057537078857 26.7687339782715 26.7475395202637 26.74143409729 26.7348937988281 26.7421817779541 26.7659244537354 26.7885723114014 26.793384552002 26.8180141448975 26.831449508667 26.8423595428467 26.8552074432373 26.8821983337402 26.9181232452393 26.9487648010254 26.9563121795654 26.9617614746094 26.9524574279785 26.9423084259033 26.9324645996094 26.9147663116455 26.896089553833 26.8778972625732 26.849817276001 26.8267230987549 26.7992553710938 26.7770862579346 26.7608814239502
-3.4e+38 -3.4e+38 -3.4e+38 -3.4e+38 25.2709636688232 25.2417259216309 25.3634185791016 25.3005046844482 25.6222248077393 25.915699005127 26.2074584960938 26.5217800140381 26.8009834289551 26.8969268798828 26.8845500946045 26.8470821380615 26.8188762664795 26.787841796875 26.7811508178711 26.8274574279785 26.8897285461426 26.9338111877441 26.9438934326172 26.9268798828125 26.9104766845703 26.9224796295166 26.9350967407227 26.9471988677979 26.9473819732666 26.9434471130371 26.9414501190186 26.9499378204346 26.9850845336914 27.0069484710693 27.0147609710693 27.0264568328857 27.0452423095703 27.0571689605713 27.0459728240967 27.0038261413574 26.956974029541 26.9300327301025 26.8927307128906 26.8344287872314 26.8112468719482 26.8019332885742 26.775333404541
-3.4e+38 -3.4e+38 -3.4e+38 -3.4e+38 25.2734813690186 25.2976856231689 25.2417259216309 25.548023223877 25.9511222839355 26.2833118438721 26.5869293212891 26.8497753143311 26.9406890869141 26.8958511352539 26.8342170715332 26.8025302886963 26.7940063476562 26.8604488372803 26.9343719482422 27.0053253173828 27.0406589508057 27.0547943115234 27.0669212341309 27.0732650756836 27.0629100799561 27.0659656524658 27.0869922637939 27.0810241699219 27.0778369903564 27.068567276001 27.0487899780273 27.0400047302246 27.0398426055908 27.0456390380859 27.0510997772217 27.0580615997314 27.0586719512939 27.0575752258301 27.0544166564941 27.0376281738281 26.9671688079834 26.9046649932861 26.8578567504883 26.8388805389404 26.8339595794678 26.8214302062988 26.8243579864502
-3.4e+38 -3.4e+38 -3.4e+38 -3.4e+38 -3.4e+38 25.2734813690186 25.3778495788574 25.859733581543 26.269905090332 26.6083278656006 26.8545780181885 26.9449596405029 26.8917121887207 26.8036994934082 26.7933101654053 26.8388843536377 26.907283782959 27.0082054138184 27.0640697479248 27.0630016326904 27.050407409668 27.0629234313965 27.0826206207275 27.1140804290771 27.126636505127 27.1504516601562 27.1670608520508 27.1884174346924 27.2301826477051 27.1948795318604 27.1452941894531 27.1038398742676 27.0860862731934 27.0794830322266 27.0716705322266 27.0663032531738 27.0623950958252 27.0522632598877 27.0574779510498 27.0381736755371 26.9928455352783 26.9264717102051 26.8762836456299 26.8622188568115 26.8659610748291 26.8699436187744 26.8509559631348
-3.4e+38 -3.4e+38 -3.4e+38 -3.4e+38 -3.4e+38 25.2563076019287 25.6394901275635 26.1158218383789 26.5270442962646 26.8296890258789 26.9349498748779 26.9016876220703 26.8287658691406 26.7673454284668 26.8023815155029 26.9029560089111 27.0167179107666 27.0856151580811 27.089391708374 27.087366104126 27.0877113342285 27.1032886505127 27.1226634979248 27.1448955535889 27.169792175293 27.1887226104736 27.2144870758057 27.2585887908936 27.3093662261963 27.278657913208 27.2367076873779 27.1911468505859 27.1510009765625 27.1347103118896 27.1257648468018 27.1073455810547 27.0950794219971 27.0903968811035 27.0935745239258 27.0798053741455 27.0442314147949 26.9863815307617 26.9385738372803 26.9019470214844 26.8971481323242 26.8869667053223 26.8627071380615
-3.4e+38 -3.4e+38 25.2065849304199 25.2908382415771 25.3429679870605 25.3719673156738 25.8851585388184 26.3471736907959 26.7014312744141 26.9109230041504 26.8961753845215 26.8699150085449 26.7912788391113 26.7865295410156 26.8713779449463 26.9802150726318 27.0703582763672 27.1099090576172 27.0996799468994 27.1085472106934 27.0969104766846 27.1190948486328 27.1467628479004 27.1892395019531 27.2035579681396 27.2255458831787 27.2752723693848 27.304500579834 27.3231391906738 27.3077011108398 27.2670078277588 27.2248878479004 27.1900482177734 27.1899967193604 27.1697864532471 27.1519260406494 27.1366100311279 27.1272678375244 27.1123714447021 27.0811462402344 27.0602283477783 27.0276737213135 27.0103034973145 26.9831600189209 26.9679794311523 26.9595260620117 26.9576606750488
-339999999999999996128486808808066248288.000000000000000 -3.4e+38 -3.4e+38 -3.4e+38 25.3750915527344 25.5048904418945 26.0576477050781 26.5207958221436 26.7996158599854 26.9139232635498 26.8953666687012 26.8652591705322 26.7986011505127 26.8944358825684 26.9912242889404 27.060546875 27.1335315704346 27.1504421234131 27.1393661499023 27.1508979797363 27.1344261169434 27.1589336395264 27.1716327667236 27.2192573547363 27.2257232666016 27.2708072662354 27.3081607818604 27.3356323242188 27.3242282867432 27.3087787628174 27.2782230377197 27.2381744384766 27.2193737030029 27.2190723419189 27.1935234069824 27.1828327178955 27.1746997833252 27.1552696228027 27.114128112793 27.0699768066406 27.0428924560547 27.0266361236572 27.0258026123047 27.0291347503662 27.041524887085 27.0664672851562 27.0937213897705
-3.4e+38 -3.4e+38 -3.4e+38 -3.4e+38 25.2185592651367 25.6015129089355 26.1514167785645 26.6101188659668 26.8260021209717 26.8954086303711 26.8835258483887 26.866735458374 26.8555030822754 26.9898357391357 27.0625019073486 27.1320095062256 27.1690502166748 27.1840515136719 27.1867427825928 27.1842861175537 27.2210464477539 27.2393817901611 27.244514465332 27.2608871459961 27.2763252258301 27.3110771179199 27.3282737731934 27.333890914917 27.3309116363525 27.3044815063477 27.2751636505127 27.2462329864502 27.2291069030762 27.218017578125 27.1942615509033 27.1734600067139 27.1540126800537 27.123743057251 27.0921611785889 27.0755920410156 27.0494995117188 27.0338478088379 27.0259914398193 27.0451374053955 27.0691242218018 27.0999374389648 27.1147880554199
-3.4e+38 -3.4e+38 -3.4e+38 -3.4e+38 25.1315612792969 25.6285305023193 26.1338844299316 26.6257038116455 26.82936668396 26.8940010070801 26.9077301025391 26.9118232727051 26.9337024688721 27.0331172943115 27.1089839935303 27.1674365997314 27.1796951293945 27.2011127471924 27.2557582855225 27.2229404449463 27.2543087005615 27.2830810546875 27.3023509979248 27.2989349365234 27.3154907226562 27.3356018066406 27.3431015014648 27.3419857025146 27.3256931304932 27.3024559020996 27.2790927886963 27.2704429626465 27.2607307434082 27.2407455444336 27.2154388427734 27.1962985992432 27.1797027587891 27.1565284729004 27.1450462341309 27.1155548095703 27.0839290618896 27.0576114654541 27.063045501709 27.084415435791 27.1079292297363 27.1315841674805 27.1532230377197
-3.4e+38 -3.4e+38 -3.4e+38 -3.4e+38 25.540563583374 25.6296977996826 26.0845375061035 26.5779647827148 26.8300285339355 26.9024600982666 26.9322814941406 26.9561901092529 26.976469039917 27.0445709228516 27.1425037384033 27.1731109619141 27.1876201629639 27.2382926940918 27.3077411651611 27.2882404327393 27.2729930877686 27.3049774169922 27.3180618286133 27.3132381439209 27.3392753601074 27.3535327911377 27.359375 27.3487644195557 27.3406734466553 27.3198566436768 27.3178043365479 27.3000316619873 27.2904472351074 27.2797374725342 27.2723274230957 27.2644329071045 27.2643642425537 27.2504959106445 27.2180271148682 27.1833400726318 27.1486320495605 27.1252708435059 27.1058235168457 27.0866527557373 27.0856380462646 27.1015110015869 27.1196441650391
-3.4e+38 -3.4e+38 -3.4e+38 -3.4e+38 25.5114364624023 25.6424980163574 26.0515766143799 26.485803604126 26.8051490783691 26.8901863098145 26.9339771270752 26.9770565032959 26.9913787841797 27.0378952026367 27.1279430389404 27.1769046783447 27.2260360717773 27.2914295196533 27.319221496582 27.3308753967285 27.2864685058594 27.2836608886719 27.3120155334473 27.3276634216309 27.3463516235352 27.354455947876 27.361421585083 27.3520736694336 27.3379039764404 27.3469848632812 27.3539810180664 27.3687877655029 27.3866844177246 27.4055366516113 27.4255199432373 27.4376773834229 27.4426116943359 27.4439239501953 27.4181728363037 27.3718585968018 27.3098964691162 27.2574691772461 27.211009979248 27.1796932220459 27.1226291656494 27.087495803833 27.069673538208
-3.4e+38 -3.4e+38 -3.4e+38 -3.4e+38 25.3856811523438 25.64453125 26.0269145965576 26.3643455505371 26.7307643890381 26.8847637176514 26.9365425109863 26.9843101501465 27.0065155029297 27.0350589752197 27.1136779785156 27.2086162567139 27.2666702270508 27.3091831207275 27.3343734741211 27.3463478088379 27.3336372375488 27.2924671173096 27.3235244750977 27.352954864502 27.387149810791 27.4092025756836 27.4086589813232 27.4098072052002 27.4017200469971 27.4323043823242 27.4612159729004 27.4863033294678 27.5155639648438 27.544132232666 27.5644950866699 27.5790462493896 27.5949287414551 27.605619430542 27.6145248413086 27.611608505249 27.5979270935059 27.5690975189209 27.5274791717529 27.4827861785889 27.4291286468506 27.3788814544678 27.325065612793
-3.4e+38 -3.4e+38 -3.4e+38 -3.4e+38 -3.4e+38 25.8512229919434 26.0353736877441 26.3641719818115 26.6924362182617 26.8713722229004 26.92453956604 26.9734554290771 27.010046005249 27.0378341674805 27.113805770874 27.2158184051514 27.2857666015625 27.3169536590576 27.331714630127 27.342399597168 27.3599166870117 27.351505279541 27.3050785064697 27.3321781158447 27.3741798400879 27.4154758453369 27.4494438171387 27.4436321258545 27.4440250396729 27.4814891815186 27.5258369445801 27.5510711669922 27.5818214416504 27.6141529083252 27.6320095062256 27.636266708374 27.6259803771973 27.6264553070068 27.6302585601807 27.6349468231201 27.6256904602051 27.6155776977539 27.6046333312988 27.5940036773682 27.5781478881836 27.5606517791748 27.5428943634033
-3.4e+38 -3.4e+38 -3.4e+38 -3.4e+38 -3.4e+38 25.747371673584 26.1020469665527 26.4456005096436 26.6971435546875 26.9134330749512 26.9488258361816 26.9591751098633 27.0020122528076 27.0528774261475 27.1170043945312 27.2038745880127 27.2781162261963 27.3043022155762 27.3082485198975 27.3281364440918 27.3331127166748 27.3389339447021 27.333553314209 27.2934799194336 27.352746963501 27.3990535736084 27.444128036499 27.4785823822021 27.4661388397217 27.4917430877686 27.5179710388184 27.5090503692627 27.5033378601074 27.528356552124 27.5624351501465 27.5765190124512 27.5799083709717 27.5951976776123 27.6128635406494 27.6369400024414 27.6568202972412 27.6576824188232 27.6390247344971 27.6163272857666 27.6063442230225 27.6010799407959 27.5957832336426
-3.4e+38 -3.4e+38 -3.4e+38 -3.4e+38 -3.4e+38 25.8908748626709 26.1762523651123 26.5230197906494 26.737491607666 26.9306602478027 26.9842185974121 26.9800815582275 27.0221214294434 27.0712184906006 27.1269359588623 27.1773281097412 27.2500457763672 27.2750778198242 27.2921524047852 27.3016719818115 27.3098106384277 27.3159236907959 27.3045749664307 27.2779941558838 27.2545871734619 27.3255805969238 27.3981685638428 27.4468116760254 27.4671401977539 27.4725666046143 27.4910526275635 27.4764404296875 27.4479541778564 27.4698276519775 27.5187358856201 27.5480060577393 27.564697265625 27.5831985473633 27.6029853820801 27.6435928344727 27.6604251861572 27.6565093994141 27.6510124206543 27.6348323822021 27.644323348999 27.6598339080811 27.6753635406494
-3.4e+38 -3.4e+38 -3.4e+38 -3.4e+38 -3.4e+38 -3.4e+38 26.3867969512939 26.6056900024414 26.7976913452148 26.9757270812988 27.0222129821777 27.0001239776611 27.0373840332031 27.1043243408203 27.1459827423096 27.1836795806885 27.2352695465088 27.2654514312744 27.2930221557617 27.3106880187988 27.3292236328125 27.3464279174805 27.3391075134277 27.3156681060791 27.2730751037598 27.2592220306396 27.3132038116455 27.3675060272217 27.4243431091309 27.4533367156982 27.4716987609863 27.4726829528809 27.449089050293 27.4457817077637 27.4687633514404 27.4941139221191 27.5235176086426 27.5492210388184 27.5916843414307 27.6326847076416 27.6449604034424 27.6499156951904 27.6567935943604 27.6719837188721 27.710319519043 27.7634792327881 27.7957744598389
-3.4e+38 -3.4e+38 -3.4e+38 -3.4e+38 -3.4e+38 -3.4e+38 26.485466003418 26.6855449676514 26.8547878265381 27.0060062408447 27.0319652557373 27.0066165924072 27.0476875305176 27.1045036315918 27.1322231292725 27.1835498809814 27.2294216156006 27.271951675415 27.3348159790039 27.4005584716797 27.4150447845459 27.4207649230957 27.4301071166992 27.4230976104736 27.3779315948486 27.321626663208 27.3184032440186 27.355110168457 27.3880348205566 27.4152030944824 27.4544982910156 27.4613800048828 27.4625091552734 27.4560298919678 27.4619407653809 27.4754333496094 27.5082530975342 27.5453605651855 27.5878810882568 27.6225261688232 27.6324787139893 27.6532096862793 27.6945915222168 27.7712535858154 27.8231639862061 27.8818283081055 27.8970012664795
-3.4e+38 -3.4e+38 -3.4e+38 -3.4e+38 -3.4e+38 -3.4e+38 26.5540924072266 26.7574310302734 26.9221973419189 27.0302085876465 27.0192947387695 27.0379123687744 27.0993175506592 27.1415748596191 27.1935920715332 27.2667407989502 27.3338813781738 27.390739440918 27.4349899291992 27.4728012084961 27.5083637237549 27.5395812988281 27.5572662353516 27.5615005493164 27.5572299957275 27.5360240936279 27.4562950134277 27.4145965576172 27.413631439209 27.4190616607666 27.4293880462646 27.4517498016357 27.4769725799561 27.4908237457275 27.5000457763672 27.5102081298828 27.5238494873047 27.5536575317383 27.590030670166 27.6207618713379 27.6413059234619 27.7073860168457 27.7828960418701 27.8710765838623 27.9261074066162 27.9755477905273 27.9699878692627
-3.4e+38 -3.4e+38 -3.4e+38 -3.4e+38 -3.4e+38 26.5151824951172 26.6256790161133 26.8468685150146 26.9949550628662 27.0798320770264 27.0458011627197 27.080530166626 27.175500869751 27.2987651824951 27.4130954742432 27.5151309967041 27.6030235290527 27.6775779724121 27.7257709503174 27.7393493652344 27.7458076477051 27.7490615844727 27.7406558990479 27.7332382202148 27.7262840270996 27.7198333740234 27.6909999847412 27.6258087158203 27.5531120300293 27.5143814086914 27.4930019378662 27.4907054901123 27.4812870025635 27.4838314056396 27.5093822479248 27.5199604034424 27.5291404724121 27.5682239532471 27.6075344085693 27.6660671234131 27.7277126312256 27.8126277923584 27.9020595550537 27.9698352813721 28.0116920471191 28.0155010223389 28.004903793335
-3.4e+38 -3.4e+38 -3.4e+38 -3.4e+38 26.4728221893311 26.5209503173828 26.7996597290039 26.9561004638672 27.0528945922852 27.1014289855957 27.074893951416 27.2008895874023 27.3555469512939 27.5013694763184 27.6951675415039 27.8452072143555 27.938081741333 27.9881992340088 28.0026531219482 27.9987506866455 27.983190536499 27.9329681396484 27.8683910369873 27.8151893615723 27.7779808044434 27.7659072875977 27.7563514709473 27.7527828216553 27.7056350708008 27.6856536865234 27.6765556335449 27.6628456115723 27.666711807251 27.6351127624512 27.6043472290039 27.6010189056396 27.6189098358154 27.6781883239746 27.7201652526855 27.7959804534912 27.8415660858154 27.9249496459961 28.0010395050049 28.0495471954346 28.0335502624512 28.0305004119873 28.0247039794922
