Ecospace-environmental-drivers/Outputs/ASCII-for-ecospace/Temp-surf/Temp-surf_X2020.04.asc
NCOLS 131 
NROWS 53 
XLLCORNER -98 
YLLCORNER 23.9265270233154 
CELLSIZE 0.133587792515755 
NODATA_value -3.4e+38 
[rows 21 to 41 of 53, columns 47 to 93 of 131]
24.2462139129639 24.3230152130127 24.3767967224121 24.4220867156982 24.4385471343994 24.4087162017822 24.3560619354248 24.3291397094727 24.2945919036865 24.1738262176514 24.0697803497314 24.0449771881104 24.1063079833984 24.2058353424072 24.2652206420898 24.2444648742676 24.2195587158203 24.2244739532471 24.2146492004395 24.212963104248 24.2553291320801 24.2551288604736 24.2732772827148 24.3847484588623 24.5062294006348 24.5898342132568 24.6918239593506 24.7379512786865 24.7935733795166 24.8176307678223 24.869234085083 24.9503936767578 25.0066051483154 25.064416885376 25.1330966949463 25.1986389160156 25.232385635376 25.2348442077637 25.2231960296631 25.1844463348389 25.1716995239258 25.224609375 25.2764358520508 25.2745876312256 25.3162460327148 25.3537616729736 25.2956886291504
24.5355758666992 24.5949516296387 24.6635818481445 24.682918548584 24.6611747741699 24.6470241546631 24.6462326049805 24.660831451416 24.6878566741943 24.6812286376953 24.5660228729248 24.4205493927002 24.4156761169434 24.4659271240234 24.4970588684082 24.382230758667 24.2573738098145 24.2455615997314 24.2305850982666 24.1746711730957 24.2079162597656 24.2475337982178 24.2775726318359 24.361852645874 24.543664932251 24.6849708557129 24.8322448730469 24.907205581665 24.9948101043701 25.0550594329834 25.1459159851074 25.2557678222656 25.2965354919434 25.4071235656738 25.4739074707031 25.5118885040283 25.5337677001953 25.5232219696045 25.5444068908691 25.5295391082764 25.5112857818604 25.6083869934082 25.6125621795654 25.5945320129395 25.6424121856689 25.7037525177002 25.7112979888916
24.8034286499023 24.8985805511475 24.9357719421387 24.9115009307861 24.8917789459229 24.8863964080811 24.9272727966309 24.9807758331299 25.0451335906982 25.0205001831055 24.9697265625 24.8215198516846 24.6517086029053 24.6503620147705 24.6506824493408 24.599292755127 24.3739013671875 24.2945652008057 24.2385883331299 24.1567344665527 24.0353736877441 24.1132431030273 24.1912593841553 24.3526229858398 24.5688552856445 24.7268905639648 24.8478660583496 24.9612197875977 25.0583553314209 25.1386337280273 25.2063941955566 25.2743797302246 25.2869453430176 25.3923606872559 25.5001888275146 25.5838050842285 25.6801700592041 25.6996822357178 25.7154846191406 25.7463932037354 25.7901706695557 25.8554573059082 25.8818607330322 25.8929843902588 25.988431930542 26.0972175598145 26.1132850646973
24.992259979248 25.0895195007324 25.1457500457764 25.1833896636963 25.226900100708 25.230541229248 25.225025177002 25.2321376800537 25.2423229217529 25.2276039123535 25.1850147247314 25.1288814544678 24.9645824432373 24.8583812713623 24.8358898162842 24.77197265625 24.609016418457 24.4057636260986 24.2763652801514 24.190242767334 24.0902767181396 24.0503025054932 24.0591335296631 24.1541652679443 24.3943271636963 24.6938724517822 24.8602352142334 24.9646301269531 25.0325145721436 25.083797454834 25.1037158966064 25.1460437774658 25.1611270904541 25.2450275421143 25.3402233123779 25.4816150665283 25.6276836395264 25.7279644012451 25.8076438903809 25.8301868438721 25.8718948364258 25.9451503753662 26.0340442657471 26.1353168487549 26.2664813995361 26.349515914917 26.3747005462646
25.2313346862793 25.3345947265625 25.4217491149902 25.521858215332 25.597843170166 25.6259937286377 25.5976791381836 25.5224342346191 25.4224681854248 25.3529205322266 25.3194808959961 25.2921466827393 25.2301044464111 25.1018352508545 25.0592250823975 25.0309028625488 24.9527034759521 24.7705364227295 24.5758094787598 24.4280643463135 24.3339443206787 24.254695892334 24.1899528503418 24.1889533996582 24.2715435028076 24.5055122375488 24.8200721740723 24.9081115722656 24.90549659729 24.9386653900146 24.9682579040527 24.9889163970947 25.021427154541 25.0696659088135 25.1924209594727 25.3652782440186 25.4956855773926 25.6294193267822 25.7444915771484 25.7816696166992 25.8493804931641 25.977897644043 26.0715656280518 26.1736869812012 26.3694667816162 26.4502048492432 26.485689163208
25.4383487701416 25.5203704833984 25.5963039398193 25.6549377441406 25.723705291748 25.7432289123535 25.6852130889893 25.6038284301758 25.5622367858887 25.5488471984863 25.5276126861572 25.4858360290527 25.3924560546875 25.3082332611084 25.2979164123535 25.3454074859619 25.3459358215332 25.3002529144287 25.2129688262939 25.0292434692383 24.8380889892578 24.6853446960449 24.5606231689453 24.4979152679443 24.4878883361816 24.4953327178955 24.7453231811523 24.8460025787354 24.8012847900391 24.7578926086426 24.7304420471191 24.7055606842041 24.7122001647949 24.7298927307129 24.7776832580566 24.9101123809814 25.1175403594971 25.2957878112793 25.4596633911133 25.5574798583984 25.7664356231689 25.9497184753418 26.0109386444092 26.1364593505859 26.3478240966797 26.4625186920166 26.5227088928223
25.5358219146729 25.6077899932861 25.6829414367676 25.7124195098877 25.7076873779297 25.6684513092041 25.6454811096191 25.6651191711426 25.7122573852539 25.7464962005615 25.7701320648193 25.7540245056152 25.6992893218994 25.6372165679932 25.5926475524902 25.661678314209 25.688117980957 25.7002124786377 25.654857635498 25.5893573760986 25.4265403747559 25.2436466217041 25.104040145874 24.9630889892578 24.8435955047607 24.7439022064209 24.7022132873535 24.8479118347168 24.8221912384033 24.7154026031494 24.6660938262939 24.6002578735352 24.5733814239502 24.6141242980957 24.6635894775391 24.7244625091553 24.8906211853027 25.1019973754883 25.2696876525879 25.3354187011719 25.5439624786377 25.7393035888672 25.9089012145996 26.1411781311035 26.3638744354248 26.5021686553955 26.5891551971436
25.5729694366455 25.6469421386719 25.6717319488525 25.687931060791 25.7058258056641 25.7526912689209 25.7933235168457 25.803258895874 25.8259410858154 25.8756465911865 25.8663101196289 25.8433246612549 25.8307285308838 25.8503227233887 25.8597431182861 25.9136238098145 25.935375213623 25.9443359375 25.959321975708 25.9380321502686 25.84494972229 25.70924949646 25.5505142211914 25.3771133422852 25.2316036224365 25.0646591186523 24.8860721588135 24.8623561859131 24.8606185913086 24.7209911346436 24.6489639282227 24.591947555542 24.5650596618652 24.5569839477539 24.5770988464355 24.6680564880371 24.8036041259766 24.9932098388672 25.1968631744385 25.2894134521484 25.411828994751 25.6648979187012 25.9485359191895 26.1828880310059 26.3556632995605 26.5013084411621 26.5853004455566
25.583667755127 25.6194591522217 25.6824970245361 25.7326335906982 25.8336067199707 25.9103412628174 25.8993625640869 25.8862342834473 25.8999538421631 25.914608001709 25.9307384490967 25.9342555999756 25.9281139373779 25.9155654907227 25.9307689666748 25.9536418914795 25.9982280731201 26.0470790863037 26.0589618682861 26.0463123321533 26.0621681213379 26.018274307251 25.9437828063965 25.7960319519043 25.6026973724365 25.3976707458496 25.1680774688721 24.9926605224609 24.9139270782471 24.806095123291 24.686767578125 24.5925846099854 24.5006847381592 24.4658737182617 24.4937038421631 24.6219635009766 24.8203430175781 25.0355949401855 25.206995010376 25.395580291748 25.4546337127686 25.6928672790527 26.0214157104492 26.2248001098633 26.3661193847656 26.5116806030273 26.6156463623047
25.5738296508789 25.6442489624023 25.6993942260742 25.7801856994629 25.8117942810059 25.8576202392578 25.906644821167 25.9734764099121 26.0286273956299 26.0359268188477 26.0394077301025 26.044303894043 26.0394611358643 26.0364665985107 26.064115524292 26.0790061950684 26.0857772827148 26.1031894683838 26.1379280090332 26.1516265869141 26.1313095092773 26.1272830963135 26.1264247894287 26.0946350097656 25.9871101379395 25.7665367126465 25.4887084960938 25.2241477966309 25.0600414276123 24.9292297363281 24.7915210723877 24.6762390136719 24.5553722381592 24.4600143432617 24.4803028106689 24.600736618042 24.8661327362061 25.1198558807373 25.337818145752 25.462516784668 25.5460262298584 25.7206363677979 26.0959396362305 26.2545413970947 26.4195976257324 26.5768127441406 26.6825733184814
25.6164665222168 25.6622638702393 25.6822357177734 25.7253837585449 25.7676315307617 25.819709777832 25.8702526092529 25.9597969055176 26.0705070495605 26.0895309448242 26.1000900268555 26.0726070404053 26.052677154541 26.0495929718018 26.0541439056396 26.0838451385498 26.1434307098389 26.2053756713867 26.2643013000488 26.3107376098633 26.3023014068604 26.2505435943604 26.2221488952637 26.1800899505615 26.1465873718262 26.0835456848145 25.8548431396484 25.5670757293701 25.2746067047119 25.0961494445801 24.9450149536133 24.8288497924805 24.6960201263428 24.5547580718994 24.5501174926758 24.6160945892334 24.8748054504395 25.1501541137695 25.4075012207031 25.4881916046143 25.6304893493652 25.7566623687744 26.1222953796387 26.2852745056152 26.4720134735107 26.5904121398926 26.6840267181396
25.6504039764404 25.6378593444824 25.6286430358887 25.644567489624 25.690013885498 25.722677230835 25.7653102874756 25.8356056213379 25.9942741394043 26.0575790405273 26.0589618682861 26.0153141021729 26.0092678070068 26.0303630828857 26.0549144744873 26.1200332641602 26.2170505523682 26.3032913208008 26.3725452423096 26.4165058135986 26.4465808868408 26.4300403594971 26.3857460021973 26.3202037811279 26.2225894927979 26.1724796295166 26.1528720855713 25.9333934783936 25.600471496582 25.2883415222168 25.0793418884277 24.937068939209 24.8318328857422 24.6811656951904 24.6267890930176 24.6507949829102 24.8887195587158 25.1718044281006 25.3921661376953 25.503396987915 25.6991806030273 25.8471240997314 26.1143913269043 26.3384704589844 26.5520915985107 26.7052268981934 26.8171710968018
25.6536521911621 25.6343078613281 25.6100044250488 25.5811557769775 25.6192512512207 25.6954460144043 25.7529163360596 25.7819766998291 25.8871688842773 25.9905433654785 25.9984855651855 26.0068206787109 26.0343475341797 26.069299697876 26.1317329406738 26.240234375 26.3392391204834 26.4068222045898 26.4786472320557 26.5195903778076 26.5327930450439 26.5478496551514 26.5354137420654 26.4896697998047 26.3897933959961 26.2789516448975 26.2247791290283 26.172758102417 25.9913272857666 25.5797691345215 25.2420635223389 25.0541534423828 24.9404392242432 24.8198261260986 24.7162265777588 24.7093372344971 24.8934650421143 25.1164779663086 25.3408737182617 25.5717639923096 25.7422256469727 25.9438323974609 26.2051830291748 26.4280281066895 26.6106777191162 26.7565422058105 26.8407173156738
25.659423828125 25.6548557281494 25.6134586334229 25.5904483795166 25.6100692749023 25.6872329711914 25.738073348999 25.7635803222656 25.8118667602539 25.9069995880127 25.9839000701904 26.0017108917236 26.0414810180664 26.0866031646729 26.1833171844482 26.3495864868164 26.4489593505859 26.491003036499 26.5497035980225 26.6048603057861 26.6287269592285 26.6241970062256 26.5988616943359 26.5732879638672 26.5106239318848 26.4294204711914 26.3473377227783 26.3003578186035 26.2089862823486 25.9964809417725 25.5089817047119 25.2084197998047 25.0454940795898 24.961353302002 24.8416728973389 24.8000469207764 24.8820037841797 25.0585060119629 25.3717308044434 25.6232814788818 25.7537288665771 26.0643997192383 26.3242492675781 26.4884586334229 26.6571025848389 26.7852153778076 26.8672943115234
25.6571273803711 25.6869411468506 25.6352729797363 25.5955696105957 25.605073928833 25.6769332885742 25.715274810791 25.7560958862305 25.8081436157227 25.8895301818848 25.9641265869141 25.9777946472168 26.0256748199463 26.1065673828125 26.2566871643066 26.4199600219727 26.5364437103271 26.5867919921875 26.6100463867188 26.6084995269775 26.5926742553711 26.6151599884033 26.6196613311768 26.5752487182617 26.5476608276367 26.5110015869141 26.4708957672119 26.409517288208 26.3144207000732 26.236442565918 25.9218807220459 25.4317054748535 25.1594734191895 25.0924472808838 24.9956951141357 24.9249935150146 24.912712097168 25.088264465332 25.4175148010254 25.6138744354248 25.8204212188721 26.1524219512939 26.4365425109863 26.5731582641602 26.6535511016846 26.8136730194092 26.8979263305664
25.6886596679688 25.7430992126465 25.7206916809082 25.6403388977051 25.5941314697266 25.6428108215332 25.6849937438965 25.7336082458496 25.8553314208984 25.9065284729004 25.9505939483643 25.985330581665 26.0659008026123 26.2020835876465 26.3531379699707 26.5150661468506 26.6233310699463 26.6462306976318 26.6571006774902 26.6219997406006 26.5684204101562 26.5290985107422 26.5412063598633 26.553747177124 26.5430927276611 26.5428428649902 26.5289859771729 26.4771175384521 26.3941287994385 26.2947902679443 26.1829242706299 25.7527923583984 25.332067489624 25.2024211883545 25.0970001220703 25.0251388549805 24.9619998931885 25.1425609588623 25.3662662506104 25.6774616241455 25.9536838531494 26.2905368804932 26.5241165161133 26.6419773101807 26.6679821014404 26.770092010498 26.8400249481201
25.636194229126 25.68869972229 25.7420616149902 25.7409114837646 25.7201480865479 25.7187824249268 25.7950630187988 25.8330421447754 25.8848171234131 25.9286289215088 25.9760208129883 26.0427379608154 26.1264896392822 26.2714614868164 26.4426288604736 26.5850467681885 26.6598796844482 26.6729259490967 26.6538219451904 26.6148166656494 26.5489845275879 26.4895343780518 26.4906120300293 26.4984683990479 26.521183013916 26.5428428649902 26.5436210632324 26.521427154541 26.4401626586914 26.349365234375 26.2953071594238 26.0756511688232 25.624813079834 25.3305397033691 25.1986656188965 25.0904712677002 25.0364799499512 25.1509685516357 25.3753604888916 25.7648277282715 26.0424957275391 26.3556118011475 26.5626182556152 26.6678161621094 26.7397861480713 26.7604236602783 26.8218593597412
25.6113376617432 25.6657695770264 25.6891040802002 25.7153949737549 25.7322025299072 25.7720794677734 25.8637237548828 25.8808689117432 25.9037380218506 25.9569568634033 26.0348014831543 26.1036491394043 26.1915245056152 26.3312454223633 26.5032444000244 26.6245193481445 26.6728630065918 26.6629028320312 26.6340847015381 26.5947170257568 26.5466709136963 26.5036716461182 26.4737510681152 26.4553604125977 26.4746723175049 26.512996673584 26.5149383544922 26.5380210876465 26.46559715271 26.4186382293701 26.3724136352539 26.3020153045654 25.9923610687256 25.530517578125 25.303524017334 25.136833190918 25.0955009460449 25.2139930725098 25.4392395019531 25.8127403259277 26.0700912475586 26.3521957397461 26.5571670532227 26.6581287384033 26.7435398101807 26.797025680542 26.8469390869141
25.6026668548584 25.6665782928467 25.7122669219971 25.7426738739014 25.7678337097168 25.8292694091797 25.907133102417 25.9282131195068 25.9225006103516 25.9966678619385 26.0932025909424 26.1594772338867 26.2291316986084 26.3848896026611 26.5233860015869 26.6484851837158 26.6881694793701 26.6578578948975 26.6025562286377 26.5426177978516 26.5223388671875 26.511775970459 26.4763164520264 26.4505863189697 26.4812812805176 26.4946918487549 26.4864292144775 26.5323581695557 26.5214176177979 26.5090999603271 26.4806976318359 26.4122104644775 26.2624340057373 25.8232517242432 25.447998046875 25.2606754302979 25.2754287719727 25.333833694458 25.4767665863037 25.8291969299316 26.1045303344727 26.3402252197266 26.5381736755371 26.6937408447266 26.7777976989746 26.8690605163574 26.9262313842773
25.6661281585693 25.6910305023193 25.7207374572754 25.7602462768555 25.8235950469971 25.9162311553955 25.9731254577637 25.9761581420898 25.9655704498291 26.0516529083252 26.132116317749 26.1940288543701 26.2608909606934 26.4239635467529 26.5462875366211 26.6767692565918 26.7136478424072 26.6874389648438 26.6204128265381 26.5413932800293 26.500560760498 26.5028629302979 26.4761142730713 26.4674053192139 26.4886074066162 26.4674034118652 26.481803894043 26.5498638153076 26.5844802856445 26.5933799743652 26.5402145385742 26.4677848815918 26.4021434783936 26.1048355102539 25.7042694091797 25.5100975036621 25.4371070861816 25.4229049682617 25.5986747741699 25.9051036834717 26.1373443603516 26.3616313934326 26.5515403747559 26.6866226196289 26.7776069641113 26.8968639373779 26.983325958252
25.7195796966553 25.7182331085205 25.7478866577148 25.8124141693115 25.8838653564453 25.9604454040527 25.9836025238037 26.0078048706055 26.0192775726318 26.0890026092529 26.1400566101074 26.2205371856689 26.3078422546387 26.4375648498535 26.5917053222656 26.7000255584717 26.7384281158447 26.6818046569824 26.6336841583252 26.574312210083 26.4952640533447 26.5019607543945 26.5006656646729 26.4796371459961 26.4753704071045 26.4585304260254 26.5004463195801 26.5874671936035 26.6247386932373 26.6299686431885 26.56667137146 26.505334854126 26.4617538452148 26.3206787109375 26.0038146972656 25.6320514678955 25.5496635437012 25.4890193939209 25.6740303039551 25.9631843566895 26.1913089752197 26.3783550262451 26.5645751953125 26.6658763885498 26.739107131958 26.8774967193604 26.9684295654297
