Ecospace-environmental-drivers/Outputs/ASCII-for-ecospace/Temp-surf/Temp-surf_X1989_mo06_avg28y.asc
NCOLS 131 
NROWS 53 
XLLCORNER -98 
YLLCORNER 23.9265270233154 
CELLSIZE 0.133587792515755 
NODATA_value -9999 
[rows 21 to 41 of 53, columns 0 to 46 of 131]
-9999 -9999 -9999 -9999 -9999 -9999 29.5322549002511 29.595294543675 29.4832062721252 29.7315121378217 29.2734345708575 28.8339997019087 28.6578791482108 28.593044757843 28.5627456392561 28.544874395643 28.5429171153477 28.5418188231332 28.5553092956543 28.5711404255458 28.5775545665196 28.5686452729361 28.5612410136632 28.5575363295419 28.55325957707 28.5411445753915 28.5312798363822 28.5325314658029 28.5301369939532 28.5276921817235 28.5073501723153 28.4866409301758 28.469574042729 28.4608434949602 28.4592932292393 28.4559704916818 28.4525944846017 28.4507532119751 28.4475707326617 28.4518230983189 28.460755280086 28.4724031857082 28.4879558426993 28.4951041766575 28.4961653436933 28.4979057993208 28.4975192887442
-9999 -9999 -9999 -9999 -9999 -9999 29.5993419374738 29.401059286935 29.593156678336 29.1000283105033 28.6762546130589 28.498687676021 28.4572882652283 28.4608912467957 28.4777665819441 28.4939483233861 28.5110026768276 28.5223637989589 28.5397096361433 28.5384893417358 28.5416905539376 28.5390565735953 28.5391648837498 28.5337514196123 28.5329061916896 28.5234038489205 28.5201144899641 28.5183816637312 28.5295133590698 28.5333401135036 28.5228900228228 28.5168316704886 28.5101027488708 28.499985899244 28.4931322506496 28.4816208566938 28.476763520922 28.4794993400574 28.4841500009809 28.4882017544338 28.4874215126038 28.4936187607901 28.5020377295358 28.5015439987183 28.4994245937892 28.5041061810085 28.505727495466
-9999 -9999 -9999 -9999 29.5529732022967 29.5592173167637 29.3795376505171 29.6009458133153 28.9754592350551 28.5235092980521 28.3831351143973 28.3608704294477 28.38809633255 28.4331932749067 28.4668673106602 28.476881980896 28.5037462370736 28.5212851933071 28.5324954986572 28.5382182257516 28.5357692582267 28.51809324537 28.5010651179722 28.4951752935137 28.4983877454485 28.5047381264823 28.5087785039629 28.5114737919399 28.5192461013794 28.5234447887966 28.5157044274466 28.5067271505083 28.5017176355634 28.5008091245379 28.4973286901202 28.4945295878819 28.4958650044032 28.4973630223955 28.5038189206805 28.5065099852426 28.5037704195295 28.5074489457267 28.5125776699611 28.5148084504264 28.5177384104047 28.5266543797084 28.5335184506008
-9999 -9999 -9999 -9999 29.6531248092651 29.451256615775 29.5638266290937 28.9374526568822 28.4561749867031 28.2828783988953 28.2811525889805 28.3236635071891 28.3747853551592 28.4098750523158 28.4297701971871 28.4537964548383 28.4769052096776 28.4924780981881 28.5045860154288 28.5006311961583 28.4947457994734 28.487922668457 28.4819887025016 28.4853929792132 28.4876295498439 28.4931229182652 28.4985614504133 28.5069383212498 28.5210354668754 28.5275701795306 28.5252380371094 28.5126505579267 28.5101897375924 28.5086105210441 28.5122610500881 28.5245905603681 28.5319445473807 28.5401659011841 28.545306955065 28.5464243207659 28.5447588648115 28.5428250857762 28.5471305847168 28.5583461352757 28.5663050242833 28.5730455943516 28.581307547433
-9999 -9999 -9999 -9999 -9999 29.6085674422128 29.196076461247 28.4440728596279 28.2120936938695 28.1982857159206 28.2720175470625 28.3261481012617 28.3712333951678 28.4003628322056 28.4117360796247 28.4261896950858 28.4473844936916 28.4615392684937 28.468402998788 28.4654459272112 28.4715582983834 28.4786209378924 28.4823004177638 28.4887951442174 28.4973779405866 28.5030855451311 28.504323891231 28.513354573931 28.5294836589268 28.54407283238 28.5494757379804 28.5447560719081 28.5401081357683 28.538047177451 28.5537819862366 28.5675091743469 28.5718673978533 28.5762764385768 28.5763537543161 28.5737128257751 28.5760205813817 28.5832719802856 28.5898611204965 28.5989296776908 28.6022447177342 28.6082617895944 28.6166821207319
-9999 -9999 -9999 -9999 -9999 29.4529240471976 28.5556478500366 28.1454676900591 28.1160415921892 28.1786936351231 28.2704608780997 28.331842150007 28.3693989345006 28.3996015957424 28.4043810708182 28.414074080331 28.4327992711748 28.4420772961208 28.4483874184745 28.4559997149876 28.4653149332319 28.4791637829372 28.4881976672581 28.5035356112889 28.5134468078613 28.5188125201634 28.5259045873369 28.5362159865243 28.546414239066 28.5593039648873 28.5676686423165 28.5748823029654 28.5793261528015 28.5828369685582 28.5943745204381 28.6022571836199 28.6072030067444 28.6050549915859 28.6024195807321 28.6063596861703 28.6169985362462 28.6248897143773 28.6291766166687 28.6341874940055 28.6385412897382 28.6353329249791 28.6389801842826
-9999 -9999 30.3276784079415 30.1940714291164 29.536956855229 29.0218828065055 28.1541538238525 28.0364104679653 28.1023352486747 28.202848638807 28.286319392068 28.3369490759713 28.3681627682277 28.4001531600952 28.4068155969892 28.4205156735011 28.4328374862671 28.44382919584 28.4576183727809 28.4649932043893 28.4723918778556 28.4904613494873 28.4982053211757 28.510350227356 28.5181794166565 28.5281556674412 28.5391861370632 28.5524840354919 28.5642301695687 28.5698994227818 28.5806591851371 28.5915038926261 28.599800995418 28.6123838424683 28.6269942011152 28.6290113585336 28.6265778541565 28.6324810300555 28.6366990634373 28.6464237485613 28.6514376912798 28.6563168934413 28.6604515484401 28.6668799945286 28.6634234019688 28.6598987579346 28.6636583464486
-9999 -9999 -9999 -9999 30.0603013719831 28.6835279464722 27.99410874503 28.0048570632935 28.1136181013925 28.2332119260515 28.2949408122471 28.3383276121957 28.3694714818682 28.3927506038121 28.4102910586766 28.4268308367048 28.4421425546919 28.4544751984733 28.4632755688259 28.4758581433977 28.48939875194 28.5088530267988 28.513988494873 28.5177724702018 28.52471944264 28.5372696604047 28.5494388852801 28.5626004764012 28.5697835513524 28.5749667031424 28.5867686271667 28.5929686682565 28.6063341413225 28.6276087079729 28.6389939444406 28.6415115765163 28.6440206936428 28.6537053244455 28.6624964305333 28.6675744056702 28.6713534763881 28.6756907871791 28.6787578037807 28.677403313773 28.673900604248 28.6744156564985 28.6790882519313
-9999 -9999 -9999 -9999 29.7302449771336 28.3275003433228 27.9189831188747 27.9972012383597 28.1318342345101 28.2489699636187 28.3047406332833 28.3398568970816 28.3709152085441 28.3924749919346 28.4137900216239 28.4304296629769 28.4533174378531 28.4717333657401 28.4887616293771 28.5102654184614 28.5276752199445 28.5337775094169 28.5274910926819 28.5330560547965 28.5398760523115 28.5514712333679 28.5633201599121 28.5680398259844 28.5735761778695 28.5829830169678 28.5943922315325 28.601293700082 28.6165600504194 28.6355659621102 28.6491488729204 28.6550963946751 28.6595712389265 28.6684090069362 28.676271711077 28.6808838163103 28.6906789370946 28.6904285294669 28.6894048963274 28.6874902588981 28.6929574693952 28.6935297421047 28.6947170666286
-9999 -9999 -9999 -9999 29.4474654878889 28.2131237983704 27.8390764508929 27.9790369442531 28.1327906336103 28.2436866760254 28.3095248767308 28.3416679927281 28.3631911277771 28.3966251100813 28.4201128823417 28.4473402159555 28.4759114129203 28.4969901357378 28.5174536023821 28.5313602856227 28.5411813599723 28.5494043486459 28.5524030412946 28.5607152666364 28.5686693191528 28.5766713278634 28.5811138153076 28.586489881788 28.5977042743138 28.6036589486258 28.6074288913182 28.6196091515677 28.6317100524902 28.6457490921021 28.6586012159075 28.6663309506008 28.6716769082206 28.6825280189514 28.6927326066153 28.7040732247489 28.7074049540928 28.7073043414525 28.7088815825326 28.7128396715437 28.7171457835606 28.7189335823059 28.7151397296361
-9999 -9999 -9999 -9999 30.2442009789603 28.4250576836722 27.7664638246809 27.9424322673253 28.1225530079433 28.2525899750846 28.3147163391113 28.3502938406808 28.3735157421657 28.4028830528259 28.4348943574088 28.4695511545454 28.499780518668 28.5233410426549 28.5473790849958 28.5491589818682 28.558082648686 28.5659150396075 28.5721748215812 28.5799168178013 28.5910389763968 28.6023855890547 28.6073656763349 28.615193775722 28.6251162120274 28.6302664620536 28.6281225340707 28.6349498885018 28.6521055357797 28.6625347137451 28.6725785391671 28.6757396970476 28.6785697255816 28.6924689156669 28.7128693035671 28.7245945930481 28.7286613328116 28.7286310195923 28.7324840000698 28.7353878702436 28.7393727983747 28.7375444003514 28.7341723442078
-9999 -9999 -9999 -9999 30.1967910357884 28.6087081091745 27.745075566428 27.8915960448129 28.1209772654942 28.2635241236006 28.3226462091718 28.3553776741028 28.378084387098 28.410678250449 28.4520121301923 28.496495791844 28.5351358141218 28.5538378443037 28.567316872733 28.5697157723563 28.5728688921247 28.5760172435216 28.574387550354 28.5843904359 28.6047618729728 28.6176535061428 28.6272471291678 28.629940032959 28.6376397950309 28.6513336045401 28.6527060781206 28.6603230067662 28.6732345989772 28.6809112003871 28.685977595193 28.6868262972151 28.696225643158 28.7086780411857 28.7262733323233 28.737325327737 28.7477943556649 28.7527000563485 28.7525114331927 28.7495212554932 28.7474257605416 28.7487172399248 28.7520867756435
-9999 -9999 -9999 -9999 30.1779182979039 28.9808239255633 27.8989934921265 27.8141866411482 28.0889632361276 28.2655983652387 28.3186475208827 28.3404278755188 28.3733376775469 28.4182715415955 28.473069531577 28.535270009722 28.5694052151271 28.5847099849156 28.5896848951067 28.5860302107675 28.5842368262155 28.5803836413792 28.5817115647452 28.5957089832851 28.6102012906756 28.6274383408683 28.6382112503052 28.6440990311759 28.6566028594971 28.6694771902902 28.6791415895735 28.6848137038095 28.6932820592608 28.6893443380083 28.6861630848476 28.6906991004944 28.7049542154585 28.7253804206848 28.7396661213466 28.7464349610465 28.7555994306292 28.7594779559544 28.7597150802612 28.7616022654942 28.7575745582581 28.7529191289629 28.7520446096148
-9999 -9999 -9999 -9999 -9999 28.7721245629447 28.1049878256662 27.7381870406015 28.0363874435425 28.2445160320827 28.3021425519671 28.3227345602853 28.3599125317165 28.4268401690892 28.501216343471 28.5650995118277 28.592273916517 28.6065592765808 28.610956464495 28.601937021528 28.5940113748823 28.591173853193 28.5897784914289 28.5986207553319 28.613094670432 28.6316310337612 28.6467618942261 28.6563833100455 28.6732984951564 28.6880852835519 28.691686630249 28.6968648774283 28.7010575022016 28.6984503609794 28.6965877669198 28.6986038344247 28.7110954693386 28.7271973746163 28.7395046097892 28.746663911002 28.7551864896502 28.7536046164376 28.7532322747367 28.7517000607082 28.749130657741 28.746363231114 28.7442313602992
-9999 -9999 -9999 -9999 -9999 30.4317002296448 28.3483866282872 27.6811607224601 28.0117248807635 28.2396396228245 28.2960243906294 28.3220657621111 28.3591472080776 28.4498397963388 28.5313863073077 28.5824482100351 28.609819820949 28.6252882821219 28.6286148343767 28.6181780270168 28.6021835463388 28.5949257441929 28.5977864265442 28.6041673251561 28.6158710207258 28.6325268745422 28.651583467211 28.6667533602033 28.6798622267587 28.7015478270394 28.7021175112043 28.7053279876709 28.7085089683533 28.7108526911054 28.7014978272574 28.707174709865 28.7191872596741 28.7308073043823 28.7398270879473 28.7459204537528 28.7473800522941 28.7439725058419 28.7412686347961 28.7402381896973 28.7362974711827 28.7365763528006 28.7358149119786
-9999 -9999 -9999 -9999 -9999 30.5574890545436 28.5064980643136 27.6909796851022 28.001262324197 28.2276842253549 28.2957726887294 28.3239300591605 28.388215814318 28.4932900156294 28.5585167748587 28.5949959073748 28.6279363632202 28.639783518655 28.6423038755144 28.6365278107779 28.6223787580218 28.6130516869681 28.6067850249154 28.6097331728254 28.6132799557277 28.6361887795585 28.6476553508214 28.6639387266976 28.6784789221627 28.6960758481707 28.7059500558036 28.7097510610308 28.715936933245 28.7230902399336 28.7152029446193 28.714200769152 28.719463620867 28.7268452644348 28.7366990361895 28.7378689220973 28.7403270857675 28.7405253819057 28.7375802993774 28.7367735590254 28.7356584412711 28.7317898614066 28.7265174729483
-9999 -9999 -9999 -9999 -9999 -9999 28.8044646126883 27.7186650548662 28.0266804013933 28.228629384722 28.2765620776585 28.3236602374486 28.4302586146763 28.5441585949489 28.6075444221497 28.6309031077794 28.6465866906302 28.6568307876587 28.6599963051932 28.6565777914865 28.6475877761841 28.6389667647226 28.6340608596802 28.6303154400417 28.626585824149 28.6396315438407 28.6502823829651 28.6568333762033 28.6747050285339 28.6955815723964 28.7092558315822 28.715339251927 28.7224314553397 28.7245570591518 28.7196085793631 28.7206336430141 28.7219551631383 28.7267321859087 28.7309643881662 28.7350339889526 28.7365337099348 28.7341309274946 28.7296290397644 28.7284972327096 28.7293143953596 28.7243367603847 28.7176641736712
-9999 -9999 -9999 -9999 -9999 -9999 28.8568536894662 27.7585073198591 28.0554186276027 28.2165938104902 28.2555740901402 28.34054681233 28.4902601242065 28.5940070833479 28.6530611855643 28.663665158408 28.6647223063878 28.6706250054496 28.6720643724714 28.6673914364406 28.6673274721418 28.6629699298314 28.65767792293 28.6528100286211 28.6523159572056 28.6548389026097 28.6606805665152 28.6569544928414 28.6712092672076 28.6920407840184 28.7072672843933 28.7227383341108 28.7256787845067 28.7172406741551 28.7106503077916 28.7175181252616 28.7242782456534 28.7317021914891 28.7282178742545 28.7238674163818 28.720276764461 28.7182771137782 28.7138767923628 28.7166286877223 28.7145247459412 28.7135175977434 28.7052094595773
-9999 -9999 -9999 -9999 -9999 -9999 29.0383161136082 27.839633669172 28.0857541220529 28.1843543733869 28.2450563567025 28.3919299670628 28.5574516568865 28.6445027760097 28.6813964162554 28.6864130837577 28.6844882965088 28.6812768663679 28.6810428074428 28.6745225361415 28.671491418566 28.6705688749041 28.6664619445801 28.6695240565709 28.6671092850821 28.6675521986825 28.674825668335 28.6756185122899 28.6788308279855 28.6950769424438 28.7033139637538 28.7092809677124 28.7134234564645 28.7099142755781 28.7085180282593 28.7090249061584 28.7125489371163 28.7157172475542 28.7176539557321 28.718145779201 28.714837210519 28.7083813122341 28.699143069131 28.7004269872393 28.6965435573033 28.6951650210789 28.6968037060329
-9999 -9999 -9999 -9999 -9999 29.8679383141654 28.4559315953936 27.9296586172921 28.103430884225 28.178916318076 28.2804767063686 28.4713582992554 28.6135679653713 28.6696503502982 28.6940984725952 28.7071829523359 28.7073014804295 28.6961218970163 28.6851147924151 28.6812562942505 28.6766311781747 28.6757003239223 28.6700327055795 28.6725115094866 28.6725830350603 28.6756535257612 28.6812387193952 28.6854909488133 28.6849359784807 28.6968509810311 28.7052268981934 28.7106932912554 28.7077849933079 28.7052642277309 28.7061458315168 28.6986807414464 28.6961649485997 28.7030707768032 28.7058289391654 28.7095261982509 28.7082162584577 28.7009327071054 28.6940575327192 28.6874544279916 28.6809255055019 28.682153565543 28.685020174299
-9999 -9999 -9999 -9999 29.840761252812 29.4976927212306 27.9933985982622 28.0023196765355 28.1006280354091 28.1807309559413 28.3719751494271 28.5721154894148 28.671014717647 28.7023755482265 28.7157592092242 28.7195009504046 28.7149026734488 28.6999488558088 28.6859622682844 28.678252696991 28.6723155294146 28.6745541436332 28.6699181284223 28.6686277389526 28.6745589120047 28.681469304221 28.688456262861 28.6907420158386 28.6940131187439 28.707974093301 28.7148931367057 28.7204550334385 28.7142571721758 28.7114080701556 28.7060070037842 28.6928296770368 28.6932413237435 28.6935873712812 28.6950295312064 28.698345048087 28.6955218315125 28.6920980044774 28.688029221126 28.6785260609218 28.6743391581944 28.6750396319798 28.6740031242371
