Ecospace-environmental-drivers/Outputs/ASCII-for-ecospace/Temp-surf/Temp-surf_X2017.07.asc
NCOLS 131 
NROWS 53 
XLLCORNER -98 
YLLCORNER 23.9265270233154 
CELLSIZE 0.133587792515755 
NODATA_value -3.4e+38 
[rows 21 to 41 of 53, columns 47 to 93 of 131]
29.5108776092529 29.5443630218506 29.5460548400879 29.5206108093262 29.5120677947998 29.510648727417 29.4901695251465 29.4592990875244 29.4420299530029 29.4404258728027 29.4364585876465 29.4281578063965 29.4306926727295 29.4471225738525 29.4774990081787 29.5012454986572 29.5087623596191 29.5000057220459 29.5052471160889 29.5137767791748 29.500301361084 29.515926361084 29.5162658691406 29.4458656311035 29.3951835632324 29.3858757019043 29.4047927856445 29.4170913696289 29.4298419952393 29.4325084686279 29.4253177642822 29.4406681060791 29.465856552124 29.4996356964111 29.5323734283447 29.5256633758545 29.55104637146 29.6042003631592 29.6183319091797 29.6197299957275 29.6387519836426 29.6330852508545 29.6608028411865 29.6609020233154 29.6539268493652 29.6666431427002 29.6647796630859
29.546142578125 29.5259780883789 29.5209789276123 29.4934101104736 29.4753475189209 29.5050239562988 29.5182590484619 29.5125942230225 29.508659362793 29.5008354187012 29.496997833252 29.4968872070312 29.5093822479248 29.5257301330566 29.5458087921143 29.56565284729 29.5740833282471 29.5657062530518 29.550745010376 29.5536804199219 29.5454540252686 29.5333042144775 29.5063438415527 29.4175567626953 29.4151382446289 29.4157752990723 29.421573638916 29.4323959350586 29.436149597168 29.4597702026367 29.4610958099365 29.5032539367676 29.5301704406738 29.5491638183594 29.5786437988281 29.6127433776855 29.6517028808594 29.6828346252441 29.6862888336182 29.706657409668 29.724967956543 29.736499786377 29.7511177062988 29.716646194458 29.6969585418701 29.6881103515625 29.7168521881104
29.5965003967285 29.5717639923096 29.5542316436768 29.5489559173584 29.5418376922607 29.5459632873535 29.5496635437012 29.5460014343262 29.5428924560547 29.5409545898438 29.5515365600586 29.5807323455811 29.593132019043 29.6122303009033 29.6147346496582 29.6068019866943 29.6256980895996 29.6102199554443 29.6006736755371 29.583402633667 29.562442779541 29.5305709838867 29.482759475708 29.4118690490723 29.410135269165 29.385383605957 29.4016933441162 29.4222183227539 29.4251194000244 29.450756072998 29.4871826171875 29.4928741455078 29.511043548584 29.5570507049561 29.5936641693115 29.6425628662109 29.6714916229248 29.7020263671875 29.7273845672607 29.7369213104248 29.7424354553223 29.7464714050293 29.7679710388184 29.7973403930664 29.7920780181885 29.7687225341797 29.7692222595215
29.6185817718506 29.619197845459 29.61181640625 29.6070690155029 29.5941925048828 29.5915832519531 29.5893421173096 29.5974826812744 29.5909175872803 29.6026210784912 29.6214408874512 29.6335754394531 29.6346168518066 29.6462459564209 29.6482906341553 29.6521606445312 29.6551914215088 29.6388339996338 29.6318416595459 29.5983772277832 29.5775051116943 29.5166988372803 29.4662265777588 29.3994159698486 29.4039268493652 29.3869857788086 29.4215831756592 29.4338703155518 29.44944190979 29.4706611633301 29.4851551055908 29.5099182128906 29.5426635742188 29.5776805877686 29.599573135376 29.6160316467285 29.6326332092285 29.6499729156494 29.6834602355957 29.7129001617432 29.7266159057617 29.7392978668213 29.7395629882812 29.7791290283203 29.8141975402832 29.8077869415283 29.8064575195312
29.6277179718018 29.6390647888184 29.6266288757324 29.6250419616699 29.623851776123 29.6146488189697 29.611909866333 29.6194305419922 29.6182804107666 29.6212177276611 29.6309928894043 29.6394939422607 29.6484985351562 29.6494045257568 29.6511039733887 29.6525707244873 29.6573123931885 29.6587314605713 29.6416797637939 29.605016708374 29.5792655944824 29.5063285827637 29.457218170166 29.3791675567627 29.4257507324219 29.4272613525391 29.4382266998291 29.4622440338135 29.4959049224854 29.5242328643799 29.5115394592285 29.5396575927734 29.5676879882812 29.5929622650146 29.6030807495117 29.6102771759033 29.6146469116211 29.6239948272705 29.6510562896729 29.6793079376221 29.6883888244629 29.7064990997314 29.7300186157227 29.7513446807861 29.7865886688232 29.8174686431885 29.8416690826416
29.6069316864014 29.6129875183105 29.6085090637207 29.6160449981689 29.6003284454346 29.6028022766113 29.6135368347168 29.6024150848389 29.6010074615479 29.6062927246094 29.6115074157715 29.6038379669189 29.5751132965088 29.5789890289307 29.5916690826416 29.6167297363281 29.6320571899414 29.6443061828613 29.6390247344971 29.6264839172363 29.5772018432617 29.5029697418213 29.4526252746582 29.3839721679688 29.4644336700439 29.4409561157227 29.456033706665 29.4699764251709 29.5112457275391 29.5240135192871 29.5347175598145 29.5914630889893 29.6177234649658 29.6188449859619 29.619291305542 29.6025333404541 29.6027946472168 29.6142520904541 29.6454582214355 29.651123046875 29.6507472991943 29.6694641113281 29.7108612060547 29.734842300415 29.76198387146 29.7794132232666 29.8057098388672
29.6034030914307 29.6014995574951 29.6018505096436 29.5992374420166 29.5929145812988 29.5906562805176 29.5797882080078 29.5636940002441 29.5538997650146 29.5397281646729 29.519588470459 29.4990425109863 29.4962787628174 29.5030250549316 29.5358142852783 29.5709457397461 29.5874423980713 29.6056976318359 29.6223850250244 29.6299247741699 29.5680370330811 29.4939575195312 29.4562683105469 29.3860969543457 29.4946956634521 29.4868679046631 29.4979286193848 29.5305118560791 29.5418338775635 29.5388717651367 29.5498828887939 29.5780067443848 29.5841445922852 29.5888919830322 29.5924701690674 29.58469581604 29.5867538452148 29.5897178649902 29.6092376708984 29.6400394439697 29.6545066833496 29.6629257202148 29.6999645233154 29.7185077667236 29.7277393341064 29.7362766265869 29.7854251861572
29.6065196990967 29.6057624816895 29.5942268371582 29.5799312591553 29.5588855743408 29.5339984893799 29.5139427185059 29.4909210205078 29.4782962799072 29.464729309082 29.4399662017822 29.4178104400635 29.4321022033691 29.4398078918457 29.4737701416016 29.5226573944092 29.5457763671875 29.5697536468506 29.5922164916992 29.6146717071533 29.5592842102051 29.4885139465332 29.4546451568604 29.4152030944824 29.5026111602783 29.5461082458496 29.5573768615723 29.5751857757568 29.6100463867188 29.6196269989014 29.6631107330322 29.6510810852051 29.6245765686035 29.6198997497559 29.6270580291748 29.6184062957764 29.6209659576416 29.624698638916 29.6133613586426 29.6256351470947 29.6347141265869 29.6360855102539 29.6716346740723 29.6945552825928 29.7200260162354 29.7329177856445 29.7427101135254
29.5877017974854 29.5777397155762 29.5613689422607 29.5329704284668 29.5065822601318 29.4681968688965 29.4375190734863 29.4248485565186 29.4085235595703 29.3746814727783 29.3641300201416 29.3808479309082 29.3991260528564 29.4227771759033 29.4414615631104 29.4798698425293 29.5149421691895 29.5520057678223 29.5688419342041 29.5961990356445 29.5425548553467 29.4891319274902 29.4699974060059 29.4614562988281 29.5034217834473 29.5843486785889 29.5927619934082 29.607385635376 29.6520156860352 29.6288928985596 29.6120738983154 29.5799217224121 29.5640811920166 29.5879459381104 29.6187057495117 29.607931137085 29.6113090515137 29.6158962249756 29.6141967773438 29.6188430786133 29.6164493560791 29.6154270172119 29.6462993621826 29.6642951965332 29.6855869293213 29.7214698791504 29.732536315918
29.5523452758789 29.5133762359619 29.4858436584473 29.4577312469482 29.4267711639404 29.4038238525391 29.3897323608398 29.3759059906006 29.3511276245117 29.331428527832 29.3454685211182 29.346378326416 29.367712020874 29.3971672058105 29.4336166381836 29.4559555053711 29.5033321380615 29.5450496673584 29.5584869384766 29.5705051422119 29.5493011474609 29.5085201263428 29.4941844940186 29.4894714355469 29.5133152008057 29.5745239257812 29.6114463806152 29.6040954589844 29.6059379577637 29.5869235992432 29.6065101623535 29.5825481414795 29.5545883178711 29.5607261657715 29.5804843902588 29.5986919403076 29.6144104003906 29.6207866668701 29.6315517425537 29.634126663208 29.6225814819336 29.6190948486328 29.6542453765869 29.6813716888428 29.6907939910889 29.7196598052979 29.7464580535889
29.5142421722412 29.4779529571533 29.4655628204346 29.4385566711426 29.4070911407471 29.3842754364014 29.3698253631592 29.3481693267822 29.3008575439453 29.2999858856201 29.319917678833 29.3306999206543 29.3639049530029 29.3953857421875 29.4320507049561 29.4528579711914 29.5114231109619 29.5434322357178 29.5549182891846 29.5667858123779 29.5516624450684 29.5112400054932 29.4978103637695 29.5073184967041 29.52907371521 29.559986114502 29.6092987060547 29.5867233276367 29.5808563232422 29.6195621490479 29.6094837188721 29.5776252746582 29.5489559173584 29.559455871582 29.5772438049316 29.5991649627686 29.6342067718506 29.6488761901855 29.6543426513672 29.6572666168213 29.6513328552246 29.6643524169922 29.701681137085 29.7204437255859 29.7429523468018 29.7497501373291 29.7709445953369
29.5403461456299 29.5116844177246 29.4774265289307 29.4437351226807 29.4129295349121 29.3933124542236 29.3662014007568 29.3384895324707 29.298583984375 29.3067989349365 29.3320446014404 29.3615837097168 29.3853549957275 29.4099617004395 29.4280071258545 29.4765853881836 29.5266532897949 29.5342559814453 29.566858291626 29.5540790557861 29.5340099334717 29.5074367523193 29.4905891418457 29.5192260742188 29.5303840637207 29.5458297729492 29.559513092041 29.5738258361816 29.6146259307861 29.6247177124023 29.6055126190186 29.5673332214355 29.5563793182373 29.5643615722656 29.6041278839111 29.6431484222412 29.6762657165527 29.7011032104492 29.7147655487061 29.7039031982422 29.6992301940918 29.7283744812012 29.7564849853516 29.7691287994385 29.7531452178955 29.7752323150635 29.7810821533203
29.5632877349854 29.5390739440918 29.4948692321777 29.4607219696045 29.4319343566895 29.4250164031982 29.4115467071533 29.3886032104492 29.3552932739258 29.36301612854 29.3880958557129 29.4063587188721 29.4159336090088 29.4203968048096 29.4565200805664 29.5085716247559 29.5499839782715 29.5449142456055 29.539644241333 29.5305347442627 29.5150108337402 29.4925117492676 29.4905338287354 29.5233497619629 29.5363807678223 29.5336856842041 29.5555171966553 29.6057777404785 29.6344375610352 29.6120681762695 29.5734844207764 29.5479621887207 29.5470314025879 29.5779037475586 29.6260833740234 29.6705207824707 29.7034759521484 29.7386798858643 29.7501201629639 29.7378444671631 29.7425842285156 29.7536315917969 29.7659358978271 29.7825508117676 29.7942733764648 29.7867183685303 29.7870864868164
29.5888118743896 29.5633411407471 29.5360374450684 29.4958000183105 29.4596290588379 29.4524936676025 29.4524688720703 29.4412517547607 29.4175605773926 29.4186935424805 29.4201717376709 29.4478816986084 29.4719429016113 29.4772300720215 29.497049331665 29.5309238433838 29.5404109954834 29.5160446166992 29.5213260650635 29.5122966766357 29.5150852203369 29.5043468475342 29.5042629241943 29.5160808563232 29.5218276977539 29.5267734527588 29.5777721405029 29.6203365325928 29.6151447296143 29.5644550323486 29.5191345214844 29.5326747894287 29.56130027771 29.5962467193604 29.6457443237305 29.6877021789551 29.7274284362793 29.7580890655518 29.7655181884766 29.7636737823486 29.7752227783203 29.7964668273926 29.8049697875977 29.7970714569092 29.8194217681885 29.8093128204346 29.7978839874268
29.6173000335693 29.6003589630127 29.5629482269287 29.515926361084 29.503080368042 29.4723930358887 29.4788036346436 29.4706611633301 29.4521713256836 29.4539375305176 29.4494953155518 29.4517669677734 29.4723224639893 29.4840393066406 29.5003261566162 29.5132389068604 29.5114078521729 29.5129699707031 29.5147438049316 29.5123538970947 29.5206928253174 29.4942150115967 29.4962978363037 29.4990844726562 29.5251750946045 29.5566139221191 29.5962772369385 29.6082286834717 29.5392913818359 29.4630527496338 29.5072803497314 29.5331687927246 29.5633430480957 29.6102619171143 29.6863098144531 29.7272930145264 29.7529239654541 29.7610359191895 29.7637405395508 29.7732372283936 29.7904033660889 29.8104915618896 29.8248023986816 29.8080043792725 29.8179798126221 29.8310375213623 29.8110485076904
29.6226921081543 29.6009330749512 29.5616130828857 29.5417308807373 29.529052734375 29.4905948638916 29.484281539917 29.4861545562744 29.4671859741211 29.4721050262451 29.4775104522705 29.4735279083252 29.480432510376 29.4838733673096 29.4955444335938 29.514102935791 29.523078918457 29.5127372741699 29.501335144043 29.5103645324707 29.5111198425293 29.5236301422119 29.5300922393799 29.5421237945557 29.5624008178711 29.56809425354 29.5618209838867 29.5101947784424 29.4538536071777 29.4583759307861 29.5041446685791 29.5498180389404 29.5843639373779 29.6508541107178 29.7086811065674 29.7302722930908 29.751823425293 29.7568798065186 29.7665004730225 29.7780628204346 29.8016834259033 29.8113842010498 29.8193988800049 29.8280849456787 29.8520812988281 29.8486785888672 29.8293933868408
29.6347236633301 29.6190986633301 29.5901622772217 29.5640258789062 29.5379657745361 29.5070457458496 29.4833316802979 29.4877662658691 29.4812965393066 29.4809665679932 29.4841861724854 29.4857730865479 29.4935207366943 29.5047073364258 29.5155811309814 29.5283718109131 29.5259857177734 29.5213375091553 29.5335922241211 29.5382900238037 29.5445346832275 29.5589771270752 29.5542964935303 29.5491161346436 29.5306167602539 29.5003757476807 29.5155429840088 29.4605026245117 29.4348983764648 29.4705944061279 29.5340156555176 29.585391998291 29.6237297058105 29.6894397735596 29.7231216430664 29.7336902618408 29.7502841949463 29.7585277557373 29.7800369262695 29.7914867401123 29.8155517578125 29.8253746032715 29.8310604095459 29.8463935852051 29.8590297698975 29.8476696014404 29.8359069824219
29.6456718444824 29.6418495178223 29.6084499359131 29.567512512207 29.5367279052734 29.5112972259521 29.4916877746582 29.4912071228027 29.4918937683105 29.4941101074219 29.4961071014404 29.5030860900879 29.5022640228271 29.5157527923584 29.5175495147705 29.535701751709 29.5351257324219 29.5491409301758 29.5659503936768 29.5593166351318 29.5592231750488 29.5495090484619 29.5350322723389 29.5124473571777 29.5036582946777 29.5094738006592 29.5046768188477 29.4398918151855 29.4330863952637 29.4934749603271 29.5585441589355 29.6029090881348 29.6760959625244 29.7081432342529 29.7369689941406 29.7427196502686 29.7415580749512 29.774076461792 29.7912311553955 29.8065052032471 29.8253917694092 29.8367652893066 29.8469924926758 29.8482933044434 29.8530368804932 29.844747543335 29.8413963317871
29.6197299957275 29.6238536834717 29.6125392913818 29.5613803863525 29.5241584777832 29.5311374664307 29.4996376037598 29.4969329833984 29.5003471374512 29.4979648590088 29.5060539245605 29.4973735809326 29.4975109100342 29.5071067810059 29.5325965881348 29.544563293457 29.5528144836426 29.5595855712891 29.5506572723389 29.5405921936035 29.5358772277832 29.5289630889893 29.5264511108398 29.5303363800049 29.5187931060791 29.5261573791504 29.46457862854 29.4226589202881 29.4397888183594 29.5036239624023 29.5697040557861 29.6264953613281 29.678394317627 29.7091598510742 29.7428569793701 29.7433128356934 29.7455978393555 29.780179977417 29.7920684814453 29.8157444000244 29.8190746307373 29.8308029174805 29.8383388519287 29.8449840545654 29.8389778137207 29.8421955108643 29.835994720459
29.582592010498 29.5811939239502 29.5869846343994 29.5633850097656 29.5516605377197 29.5483646392822 29.506139755249 29.4958400726318 29.4921760559082 29.4902019500732 29.4931926727295 29.4890174865723 29.4934883117676 29.5124435424805 29.5254726409912 29.5343112945557 29.5274562835693 29.5109977722168 29.519359588623 29.5316352844238 29.5324535369873 29.5378932952881 29.5432968139648 29.5384311676025 29.5258045196533 29.5119400024414 29.4353561401367 29.3949413299561 29.4348392486572 29.5066089630127 29.5710315704346 29.6344051361084 29.6731834411621 29.711498260498 29.7342624664307 29.7421245574951 29.7467174530029 29.7775325775146 29.7854099273682 29.8037910461426 29.8091297149658 29.8216953277588 29.8317394256592 29.8456001281738 29.8394527435303 29.8287315368652 29.8253955841064
29.5744457244873 29.5836524963379 29.5908126831055 29.5880870819092 29.5664558410645 29.5469799041748 29.5218162536621 29.496431350708 29.4742107391357 29.4732704162598 29.4769554138184 29.4759368896484 29.4862194061279 29.4965763092041 29.5091323852539 29.5214233398438 29.5324935913086 29.5340747833252 29.5459613800049 29.5439014434814 29.5267772674561 29.5316963195801 29.5401248931885 29.5300388336182 29.5274124145508 29.4965515136719 29.3921661376953 29.3750534057617 29.415470123291 29.481653213501 29.5523643493652 29.6295776367188 29.6766815185547 29.6891536712646 29.7069530487061 29.7386703491211 29.7266292572021 29.7676010131836 29.7862892150879 29.7741279602051 29.7968864440918 29.8192100524902 29.8248805999756 29.8299255371094 29.8225383758545 29.8276653289795 29.8204383850098
