Ecospace-environmental-drivers/Outputs/ASCII-for-ecospace/Temp-surf/Temp-surf_X1993.09.asc
NCOLS 131 
NROWS 53 
XLLCORNER -98 
YLLCORNER 23.9265270233154 
CELLSIZE 0.133587792515755 
NODATA_value -3.4e+38 
[rows 21 to 41 of 53, columns 47 to 93 of 131]
29.7337188720703 29.71826171875 29.7172050476074 29.7346878051758 29.7565727233887 29.7652778625488 29.7577838897705 29.7674598693848 29.7807292938232 29.7964954376221 29.8020267486572 29.7999324798584 29.7904148101807 29.7996501922607 29.8133563995361 29.8079624176025 29.8182163238525 29.8515777587891 29.8761672973633 29.8908882141113 29.9157047271729 29.9238529205322 29.9139556884766 29.899377822876 29.880558013916 29.8615608215332 29.8296585083008 29.7892971038818 29.7057590484619 29.6401500701904 29.6299591064453 29.6074542999268 29.5778770446777 29.60329246521 29.6518516540527 29.6850605010986 29.6912002563477 29.6987056732178 29.6948490142822 29.6888065338135 29.6797695159912 29.6649513244629 29.6333179473877 29.6059589385986 29.5166110992432 29.5343055725098 29.5743503570557
29.6799831390381 29.6688270568848 29.676362991333 29.6949081420898 29.7167663574219 29.7281951904297 29.74436378479 29.7421817779541 29.7407913208008 29.7463722229004 29.7420310974121 29.7399959564209 29.7360610961914 29.7396183013916 29.7658042907715 29.8220615386963 29.8682479858398 29.9118461608887 29.9311141967773 29.9386520385742 29.9469928741455 29.9447212219238 29.9414482116699 29.9413795471191 29.9212303161621 29.9004917144775 29.8695983886719 29.8250579833984 29.7837238311768 29.7086029052734 29.6763648986816 29.6874465942383 29.7129058837891 29.683837890625 29.6765441894531 29.72483253479 29.716100692749 29.7108993530273 29.6995868682861 29.6984519958496 29.7003440856934 29.6769962310791 29.6376132965088 29.5932521820068 29.5090084075928 29.5264835357666 29.5411624908447
29.6565361022949 29.6474075317383 29.6518268585205 29.670991897583 29.6865882873535 29.6940517425537 29.7022304534912 29.7134399414062 29.728443145752 29.7362251281738 29.7422218322754 29.743013381958 29.7395668029785 29.7744922637939 29.8256034851074 29.876522064209 29.9194602966309 29.9430522918701 29.9598770141602 29.976375579834 29.9755630493164 29.9635791778564 29.9638080596924 29.9539260864258 29.9393863677979 29.9241619110107 29.8962535858154 29.8521766662598 29.8090267181396 29.7689666748047 29.7198963165283 29.7245635986328 29.7548351287842 29.7814884185791 29.7779407501221 29.7741584777832 29.7543773651123 29.7202186584473 29.6910152435303 29.7079830169678 29.7180671691895 29.6828498840332 29.6540069580078 29.5940036773682 29.53249168396 29.5138301849365 29.5008735656738
29.7074565887451 29.6763229370117 29.6493110656738 29.6527862548828 29.6613941192627 29.6563243865967 29.6674537658691 29.6772441864014 29.6676959991455 29.6704063415527 29.7073249816895 29.7444152832031 29.7969589233398 29.8235301971436 29.8744277954102 29.9197673797607 29.9487457275391 29.9699306488037 29.9717044830322 29.9616794586182 29.9473972320557 29.9294338226318 29.9175777435303 29.9080123901367 29.907678604126 29.9076614379883 29.8977737426758 29.8882999420166 29.8513965606689 29.8179664611816 29.7682857513428 29.7441902160645 29.7700214385986 29.802131652832 29.8197631835938 29.817253112793 29.7976818084717 29.7495632171631 29.7181816101074 29.7232513427734 29.7293186187744 29.7094135284424 29.6620502471924 29.5992851257324 29.5613746643066 29.5127334594727 29.496265411377
29.8215808868408 29.7933902740479 29.7708206176758 29.7507801055908 29.7191543579102 29.6860866546631 29.6701736450195 29.667610168457 29.6700267791748 29.6766605377197 29.7206325531006 29.8338069915771 29.8649444580078 29.8910999298096 29.9209251403809 29.9392890930176 29.9512042999268 29.9439678192139 29.9281253814697 29.9213619232178 29.9193325042725 29.9112510681152 29.9160003662109 29.9402694702148 29.9339828491211 29.9278774261475 29.9169578552246 29.9179725646973 29.9156837463379 29.8863315582275 29.8430271148682 29.7863025665283 29.7601795196533 29.7990283966064 29.8274097442627 29.8313732147217 29.8178291320801 29.7707824707031 29.7482357025146 29.7405490875244 29.7394981384277 29.7485694885254 29.6834297180176 29.6154174804688 29.5893840789795 29.5569705963135 29.5668392181396
29.8831539154053 29.8659038543701 29.8481731414795 29.8370380401611 29.8258266448975 29.8004398345947 29.7736911773682 29.7596530914307 29.7679042816162 29.7845611572266 29.8429355621338 29.8581600189209 29.8783874511719 29.9064769744873 29.9299488067627 29.9415168762207 29.9117126464844 29.8960647583008 29.9045391082764 29.9331493377686 29.955545425415 29.9687957763672 29.9724864959717 29.9728546142578 29.9696445465088 29.9623889923096 29.953592300415 29.9395542144775 29.9317321777344 29.9397888183594 29.8959541320801 29.8350048065186 29.7734985351562 29.7999114990234 29.8480701446533 29.8422393798828 29.8212661743164 29.7754898071289 29.7563533782959 29.7520351409912 29.7581329345703 29.7324905395508 29.6737232208252 29.612720489502 29.5965099334717 29.6443290710449 29.6369972229004
29.8898906707764 29.8927021026611 29.8893356323242 29.8655452728271 29.8399848937988 29.8191051483154 29.8026237487793 29.7925338745117 29.7822074890137 29.804271697998 29.8146457672119 29.8484954833984 29.8852405548096 29.9107608795166 29.9379005432129 29.8929252624512 29.8877868652344 29.9311065673828 29.9765853881836 30.0023746490479 30.010383605957 30.0153865814209 30.0188045501709 30.0222358703613 30.0234050750732 30.0078430175781 29.9813938140869 29.9473667144775 29.9349632263184 29.9512042999268 29.9404106140137 29.877986907959 29.8087711334229 29.8212070465088 29.8639183044434 29.8431415557861 29.8127040863037 29.7815399169922 29.7739524841309 29.7617359161377 29.749490737915 29.7255916595459 29.6917304992676 29.6911754608154 29.6901874542236 29.6481227874756 29.635046005249
29.8871250152588 29.8793067932129 29.8326606750488 29.7940998077393 29.768497467041 29.7462596893311 29.7388820648193 29.741735458374 29.7724361419678 29.7952880859375 29.8301620483398 29.8717765808105 29.9088573455811 29.9228363037109 29.8706970214844 29.8881206512451 29.9517707824707 29.9999351501465 30.0324764251709 30.0504302978516 30.0545673370361 30.0465755462646 30.041955947876 30.0477180480957 30.0455455780029 30.0243835449219 29.9960861206055 29.9700126647949 29.9550704956055 29.9554557800293 29.9586353302002 29.908899307251 29.8606624603271 29.8410816192627 29.8627986907959 29.8367729187012 29.8096561431885 29.7976665496826 29.7734775543213 29.7404918670654 29.730770111084 29.72678565979 29.7483692169189 29.7242908477783 29.6817283630371 29.6879234313965 29.704626083374
29.8794403076172 29.8512649536133 29.8003540039062 29.7742195129395 29.7632350921631 29.764030456543 29.7589282989502 29.778284072876 29.8044719696045 29.8255844116211 29.8530616760254 29.8862190246582 29.9149169921875 29.8880767822266 29.891471862793 29.9510154724121 30.0077075958252 30.0372219085693 30.0418529510498 30.0506229400635 30.0503997802734 30.0399875640869 30.0277080535889 30.0478954315186 30.051248550415 30.0282535552979 30.0154266357422 30.0010681152344 29.9840488433838 29.9778995513916 29.9582138061523 29.9257144927979 29.9055843353271 29.8613567352295 29.847095489502 29.827953338623 29.8197708129883 29.7816505432129 29.7408142089844 29.7461128234863 29.7374248504639 29.7429275512695 29.6921157836914 29.6645927429199 29.6815910339355 29.7095985412598 29.7196216583252
29.8406410217285 29.7879657745361 29.7604656219482 29.7642955780029 29.7881088256836 29.7940654754639 29.7953472137451 29.8093795776367 29.8176212310791 29.8511581420898 29.8859558105469 29.9167137145996 29.9168510437012 29.891695022583 29.9492835998535 30.0101585388184 30.037769317627 30.0460338592529 30.0508422851562 30.033935546875 30.0136852264404 30.0015640258789 29.9904537200928 30.0009651184082 30.0329494476318 30.0401954650879 30.0341911315918 30.0279102325439 30.0204467773438 30.0019779205322 29.9434833526611 29.9332981109619 29.9320659637451 29.8781585693359 29.8420257568359 29.8385543823242 29.7883243560791 29.7597160339355 29.7185401916504 29.6666946411133 29.6552963256836 29.6316738128662 29.6344242095947 29.6398525238037 29.6498222351074 29.6440334320068 29.6481456756592
29.7825832366943 29.7531852722168 29.7500133514404 29.783390045166 29.7939586639404 29.8038177490234 29.810131072998 29.8182487487793 29.8422794342041 29.89573097229 29.9453201293945 29.9444217681885 29.915548324585 29.9454345703125 30.0137062072754 30.055004119873 30.0600433349609 30.0635509490967 30.0260238647461 29.995361328125 29.9737205505371 29.9706001281738 29.9707870483398 29.9766540527344 30.0042839050293 30.035083770752 30.0489311218262 30.0414962768555 30.0276126861572 29.9934196472168 29.9403533935547 29.9578819274902 29.956750869751 29.8608837127686 29.8405723571777 29.7929363250732 29.7458095550537 29.6965045928955 29.6009826660156 29.5886116027832 29.612699508667 29.5840282440186 29.5878982543945 29.5768947601318 29.5637378692627 29.5710372924805 29.6017379760742
29.7457313537598 29.7474327087402 29.7500076293945 29.7673740386963 29.7929267883301 29.8159694671631 29.8306560516357 29.8613204956055 29.9067916870117 29.9396858215332 29.9587688446045 29.9381256103516 29.9368534088135 29.9974727630615 30.0489521026611 30.0676918029785 30.0590019226074 30.0336589813232 29.99342918396 29.9690322875977 29.9543285369873 29.9572162628174 29.9650535583496 29.9640426635742 29.99245262146 30.0339756011963 30.0442485809326 30.0254383087158 30.01340675354 29.9936065673828 29.9878101348877 29.9789047241211 29.9082260131836 29.8228816986084 29.806245803833 29.7671585083008 29.6279678344727 29.5958976745605 29.5520305633545 29.5456600189209 29.5500679016113 29.5645484924316 29.5831394195557 29.5630283355713 29.5813121795654 29.6095943450928 29.6482810974121
29.7430667877197 29.7307033538818 29.7274799346924 29.7570171356201 29.7812423706055 29.8081684112549 29.8544921875 29.8993320465088 29.932014465332 29.9537487030029 29.9621181488037 29.9500389099121 29.9811134338379 30.007230758667 30.0481719970703 30.0551528930664 30.0349082946777 29.9953727722168 29.9612255096436 29.9706420898438 29.9715251922607 29.9691791534424 29.9721584320068 29.9638328552246 29.9980640411377 30.0307636260986 30.0339298248291 30.0300197601318 30.045295715332 30.0176677703857 29.9980220794678 29.9319458007812 29.822286605835 29.7790603637695 29.727424621582 29.6452960968018 29.5691566467285 29.575159072876 29.5927906036377 29.5708389282227 29.5636348724365 29.6107273101807 29.6164493560791 29.5840358734131 29.6000499725342 29.6379356384277 29.6637268066406
29.7239227294922 29.71994972229 29.717342376709 29.7449436187744 29.7656993865967 29.8177108764648 29.8877182006836 29.9204940795898 29.9396438598633 29.9682598114014 29.9634819030762 29.9608268737793 29.9829444885254 30.0067176818848 30.0446605682373 30.0503463745117 30.0302486419678 29.9947929382324 29.9795837402344 29.9802551269531 29.9834384918213 29.9820919036865 29.9759826660156 29.9762172698975 30.0091800689697 30.0399932861328 30.0408992767334 30.0425071716309 30.0422458648682 30.0002880096436 29.9376850128174 29.8685073852539 29.7998161315918 29.7274875640869 29.6323757171631 29.5719051361084 29.5879096984863 29.6159896850586 29.6131763458252 29.5855255126953 29.6182880401611 29.6482563018799 29.6107482910156 29.6098499298096 29.6481437683105 29.6778907775879 29.7121105194092
29.7070369720459 29.7014255523682 29.6973323822021 29.7238216400146 29.7580509185791 29.8477687835693 29.8983135223389 29.9187793731689 29.9568958282471 29.9663524627686 29.9581470489502 29.9598445892334 29.9811363220215 30.0078067779541 30.0366840362549 30.0423545837402 30.0349922180176 30.0053367614746 29.9882030487061 29.9856643676758 30.0008563995361 29.9986610412598 29.9921340942383 30.0010528564453 30.0282688140869 30.0634574890137 30.0545787811279 30.0570812225342 30.0289497375488 29.9597339630127 29.8822040557861 29.8302326202393 29.7377109527588 29.6794185638428 29.6465282440186 29.6311302185059 29.6397666931152 29.634521484375 29.5979900360107 29.6305770874023 29.6648941040039 29.633861541748 29.6278018951416 29.6558322906494 29.6864566802979 29.7028732299805 29.7291107177734
29.6798133850098 29.6829490661621 29.705904006958 29.7320175170898 29.7992038726807 29.8686504364014 29.9103603363037 29.9465885162354 29.9534358978271 29.9473400115967 29.9738807678223 29.9677391052246 29.9881649017334 30.0256500244141 30.0490894317627 30.0501823425293 30.0406169891357 30.0090065002441 29.9954948425293 29.994758605957 30.0103549957275 30.0049171447754 30.0020523071289 30.0271987915039 30.0613021850586 30.0626735687256 30.0436401367188 30.0450859069824 30.0130252838135 29.9402179718018 29.856954574585 29.7483062744141 29.7173881530762 29.7382793426514 29.7229099273682 29.6974182128906 29.664119720459 29.6262893676758 29.6592769622803 29.6982421875 29.6661777496338 29.6386165618896 29.6465034484863 29.6765842437744 29.7183284759521 29.7649555206299 29.7823848724365
29.667610168457 29.6869201660156 29.7256278991699 29.7731132507324 29.8307514190674 29.8850078582764 29.9294338226318 29.9537887573242 29.9356803894043 29.9459667205811 29.9812088012695 29.9638175964355 29.9986000061035 30.0388126373291 30.0592155456543 30.0603256225586 30.0532073974609 30.0360851287842 30.0100536346436 30.0148963928223 30.02370262146 30.0138626098633 30.0286083221436 30.0578060150146 30.0866374969482 30.0529670715332 30.03932762146 30.0247268676758 29.9791946411133 29.9086055755615 29.7873592376709 29.7567291259766 29.7935981750488 29.8025684356689 29.7737426757812 29.7332057952881 29.6673488616943 29.6389026641846 29.7142486572266 29.685998916626 29.6563892364502 29.6381301879883 29.6609897613525 29.6985740661621 29.7520961761475 29.7994384765625 29.8414134979248
29.6800022125244 29.7216930389404 29.7530174255371 29.8019046783447 29.8667335510254 29.9125461578369 29.9376792907715 29.9382553100586 29.9218635559082 29.9521675109863 29.9807167053223 29.976390838623 30.0138835906982 30.0453910827637 30.0643043518066 30.0763759613037 30.0716590881348 30.0591850280762 30.0427055358887 30.0408744812012 30.03297996521 30.036491394043 30.0653076171875 30.1029357910156 30.0884685516357 30.0530891418457 30.0352993011475 29.9937725067139 29.9446926116943 29.786470413208 29.7895240783691 29.8134670257568 29.8662815093994 29.8483200073242 29.7871646881104 29.7416801452637 29.6617889404297 29.6737251281738 29.7020015716553 29.6651191711426 29.6331825256348 29.6357192993164 29.6766662597656 29.7458610534668 29.8072509765625 29.8472537994385 29.8739261627197
29.7287693023682 29.7415981292725 29.7781295776367 29.8366775512695 29.9004306793213 29.9284343719482 29.93284034729 29.9289608001709 29.915491104126 29.9535446166992 29.9703998565674 29.9808254241943 30.0142059326172 30.0300235748291 30.0585517883301 30.072624206543 30.0862007141113 30.0783023834229 30.0615081787109 30.0588302612305 30.070291519165 30.0904006958008 30.1208534240723 30.1189002990723 30.0915107727051 30.0555934906006 29.993860244751 29.9666957855225 29.8641605377197 29.8242263793945 29.8510131835938 29.8790740966797 29.908748626709 29.8658008575439 29.7914352416992 29.7230491638184 29.6825160980225 29.6682777404785 29.6774368286133 29.6118946075439 29.6093826293945 29.6358318328857 29.7279148101807 29.8076934814453 29.8453502655029 29.8891124725342 29.918399810791
29.7467288970947 29.7529697418213 29.7994270324707 29.8675670623779 29.9253444671631 29.9197616577148 29.9244365692139 29.9197826385498 29.9004230499268 29.9442920684814 29.9534816741943 29.9768047332764 30.0077381134033 30.0255146026611 30.0507831573486 30.0631237030029 30.0714492797852 30.0833187103271 30.0799198150635 30.0889015197754 30.1072597503662 30.1311645507812 30.1303424835205 30.1073513031006 30.0828075408936 30.0518932342529 29.9689292907715 29.8892154693604 29.8737373352051 29.9197425842285 29.9386157989502 29.9547595977783 29.9516010284424 29.8779125213623 29.785717010498 29.7410926818848 29.6816024780273 29.6408786773682 29.6148796081543 29.5602512359619 29.6089897155762 29.6511726379395 29.7630996704102 29.8221607208252 29.8536148071289 29.9088916778564 29.9424953460693
29.7504081726074 29.7761974334717 29.8236026763916 29.8863048553467 29.901346206665 29.9148750305176 29.9189777374268 29.9111862182617 29.8998775482178 29.9298648834229 29.9335384368896 29.9453716278076 29.9959201812744 30.0217914581299 30.0549697875977 30.0730762481689 30.0773429870605 30.1030120849609 30.1194801330566 30.1296215057373 30.1234760284424 30.1077880859375 30.1059074401855 30.1016273498535 30.0597286224365 30.0015316009521 29.9339618682861 29.9011535644531 29.9534702301025 29.9810905456543 29.9695892333984 29.9725456237793 29.9402885437012 29.843843460083 29.7921924591064 29.7693958282471 29.6959571838379 29.5830116271973 29.5221118927002 29.5337219238281 29.5960063934326 29.6464576721191 29.7656230926514 29.8141937255859 29.8441581726074 29.922290802002 29.956859588623
