Ecospace-environmental-drivers/Outputs/ASCII-for-ecospace/Temp-surf/Temp-surf_X2001.07.asc
NCOLS 131 
NROWS 53 
XLLCORNER -98 
YLLCORNER 23.9265270233154 
CELLSIZE 0.133587792515755 
NODATA_value -3.4e+38 
[rows 21 to 41 of 53, columns 47 to 93 of 131]
29.7814922332764 29.7561473846436 29.7459239959717 29.739917755127 29.7289390563965 29.7387619018555 29.7372970581055 29.7297229766846 29.7255191802979 29.7168827056885 29.6989421844482 29.6589679718018 29.6341152191162 29.6434364318848 29.6397686004639 29.620943069458 29.5902614593506 29.5779895782471 29.5754432678223 29.5790939331055 29.5676517486572 29.5688858032227 29.5711193084717 29.5916042327881 29.6225128173828 29.6296272277832 29.6618347167969 29.7039432525635 29.7203006744385 29.7465190887451 29.7350292205811 29.7082042694092 29.6361885070801 29.660795211792 29.6265316009521 29.5827941894531 29.5788726806641 29.6025924682617 29.6100101470947 29.606330871582 29.6102619171143 29.5959587097168 29.574426651001 29.5396213531494 29.4819183349609 29.4515628814697 29.4195365905762
29.7476043701172 29.7265300750732 29.7055187225342 29.7006092071533 29.6800346374512 29.6667137145996 29.6713085174561 29.6696376800537 29.6615962982178 29.6437110900879 29.6279487609863 29.6291694641113 29.6462669372559 29.6669120788574 29.6482486724854 29.6017913818359 29.5834407806396 29.5807762145996 29.5771808624268 29.5809497833252 29.5733604431152 29.5764656066895 29.5704784393311 29.5481567382812 29.5858287811279 29.6241683959961 29.6427097320557 29.6648635864258 29.6989803314209 29.7337474822998 29.7323684692383 29.7112483978271 29.6646137237549 29.6441268920898 29.6218299865723 29.6004123687744 29.6238861083984 29.6508197784424 29.6349792480469 29.6399765014648 29.6332988739014 29.6225185394287 29.5999450683594 29.560115814209 29.5239334106445 29.5112457275391 29.4805183410645
29.7165298461914 29.6928787231445 29.6810245513916 29.6772079467773 29.6792583465576 29.6587886810303 29.6314315795898 29.617431640625 29.617790222168 29.6203804016113 29.6448192596436 29.6443634033203 29.6838665008545 29.6895580291748 29.6387882232666 29.60866355896 29.6149826049805 29.6048126220703 29.5950241088867 29.599178314209 29.5841522216797 29.5682373046875 29.5583877563477 29.5285682678223 29.5731239318848 29.6165561676025 29.6247959136963 29.6598377227783 29.6932544708252 29.7533149719238 29.7687721252441 29.7297954559326 29.6924133300781 29.6587619781494 29.6316165924072 29.6336479187012 29.6674175262451 29.6688098907471 29.6575164794922 29.641788482666 29.609468460083 29.6004524230957 29.5903797149658 29.5763568878174 29.5495738983154 29.5174140930176 29.4918975830078
29.719446182251 29.7073936462402 29.6921081542969 29.6784381866455 29.6576671600342 29.6395092010498 29.6427326202393 29.6422004699707 29.6680507659912 29.6633071899414 29.6612091064453 29.6980819702148 29.7241764068604 29.6868362426758 29.6579856872559 29.6544570922852 29.6626472473145 29.6376533508301 29.6399517059326 29.6406078338623 29.6305656433105 29.6139965057373 29.6003456115723 29.5966567993164 29.6323127746582 29.6493663787842 29.6766090393066 29.7120819091797 29.7454643249512 29.7754669189453 29.7778224945068 29.7800998687744 29.7519130706787 29.726375579834 29.7089080810547 29.7005748748779 29.7063579559326 29.6872749328613 29.6676712036133 29.674036026001 29.6308288574219 29.5871887207031 29.5509624481201 29.5612735748291 29.5580749511719 29.5142765045166 29.4753074645996
29.7285270690918 29.7066688537598 29.701976776123 29.6840534210205 29.6713352203369 29.656810760498 29.6528129577637 29.6623992919922 29.6837291717529 29.6904029846191 29.7124729156494 29.7504615783691 29.7513961791992 29.7107696533203 29.7003364562988 29.6951942443848 29.6968994140625 29.6972541809082 29.6814155578613 29.6778984069824 29.6596050262451 29.6556529998779 29.6569995880127 29.6726093292236 29.6936836242676 29.7227973937988 29.7626934051514 29.7979831695557 29.7996959686279 29.7946739196777 29.8019104003906 29.8001747131348 29.798713684082 29.7875652313232 29.773323059082 29.7493915557861 29.7101306915283 29.6738471984863 29.6370010375977 29.6658687591553 29.6653614044189 29.6179866790771 29.5448341369629 29.5130214691162 29.5004100799561 29.479040145874 29.4531764984131
29.7634716033936 29.7194843292236 29.7328720092773 29.7450618743896 29.7368202209473 29.725887298584 29.7304306030273 29.7252216339111 29.7302474975586 29.7331829071045 29.7338466644287 29.7532272338867 29.7557277679443 29.7374572753906 29.7225551605225 29.7302951812744 29.7360458374023 29.7429332733154 29.7413711547852 29.7523460388184 29.7368755340576 29.7427005767822 29.7472400665283 29.7568416595459 29.7802715301514 29.808572769165 29.8321094512939 29.8353748321533 29.8236598968506 29.8060169219971 29.8077545166016 29.8231525421143 29.8305282592773 29.8225612640381 29.800142288208 29.7748012542725 29.7263450622559 29.6827926635742 29.640905380249 29.6370582580566 29.6505107879639 29.6198883056641 29.5585479736328 29.5022010803223 29.447208404541 29.4471321105957 29.4380302429199
29.8058528900146 29.784481048584 29.7889442443848 29.7980346679688 29.8040599822998 29.7991752624512 29.7796764373779 29.7598438262939 29.7420120239258 29.744686126709 29.7644805908203 29.7603397369385 29.7550754547119 29.7523784637451 29.7389755249023 29.736873626709 29.7339954376221 29.7474040985107 29.7510375976562 29.7528877258301 29.7507419586182 29.7600173950195 29.7785606384277 29.7953319549561 29.8306884765625 29.8309497833252 29.8279075622559 29.8169631958008 29.8117427825928 29.8194942474365 29.8323135375977 29.8290691375732 29.8189315795898 29.8009014129639 29.7679462432861 29.741626739502 29.7027130126953 29.6725025177002 29.6394367218018 29.6200199127197 29.6244049072266 29.631326675415 29.5630569458008 29.509937286377 29.4740238189697 29.4308528900146 29.4232387542725
29.8588447570801 29.8326988220215 29.8304061889648 29.8138980865479 29.8294906616211 29.8330364227295 29.7941246032715 29.7731895446777 29.7648429870605 29.7712745666504 29.7820358276367 29.7694549560547 29.7503261566162 29.7511615753174 29.7523822784424 29.782470703125 29.7668724060059 29.7511520385742 29.7588901519775 29.7621974945068 29.7808322906494 29.796688079834 29.8028926849365 29.8342094421387 29.8584060668945 29.8494529724121 29.8419628143311 29.8417930603027 29.8692855834961 29.8846874237061 29.8626251220703 29.8447742462158 29.8265953063965 29.8161754608154 29.8050174713135 29.7740745544434 29.7398414611816 29.6922702789307 29.645450592041 29.6064739227295 29.5902099609375 29.6132411956787 29.5625381469727 29.4943504333496 29.4686431884766 29.4589881896973 29.4246578216553
29.9064693450928 29.9009685516357 29.8661403656006 29.8344116210938 29.8362998962402 29.8620529174805 29.8302612304688 29.7998867034912 29.8020896911621 29.7879524230957 29.7848434448242 29.7867755889893 29.7612628936768 29.7663497924805 29.7704563140869 29.7787132263184 29.8014450073242 29.8319702148438 29.844425201416 29.853479385376 29.8632946014404 29.8630504608154 29.8623161315918 29.8868255615234 29.8699035644531 29.8500099182129 29.8584156036377 29.8757801055908 29.8761863708496 29.8688411712646 29.864875793457 29.8620071411133 29.8643379211426 29.8503875732422 29.8296298980713 29.8298091888428 29.8113231658936 29.7696361541748 29.7392292022705 29.6774311065674 29.6118679046631 29.5673942565918 29.5706996917725 29.4869995117188 29.452787399292 29.4580955505371 29.4559631347656
29.9901924133301 29.9604969024658 29.9188613891602 29.8726387023926 29.8422222137451 29.878511428833 29.8649616241455 29.8267574310303 29.8075790405273 29.8119373321533 29.8040351867676 29.817346572876 29.7893733978271 29.7900505065918 29.8089294433594 29.8142261505127 29.8186340332031 29.8441543579102 29.8591079711914 29.8752841949463 29.8894653320312 29.8908939361572 29.9018535614014 29.872537612915 29.8396778106689 29.8581714630127 29.868013381958 29.8635673522949 29.8529014587402 29.8501510620117 29.865234375 29.8823871612549 29.8999195098877 29.9048919677734 29.8960475921631 29.8675994873047 29.8435440063477 29.8185138702393 29.7819633483887 29.7238273620605 29.6732997894287 29.6137619018555 29.5865364074707 29.521915435791 29.4636497497559 29.4433059692383 29.4372539520264
30.0339641571045 29.9977931976318 29.9596080780029 29.9175834655762 29.8820419311523 29.8987579345703 29.9052467346191 29.8879547119141 29.8339862823486 29.8558101654053 29.832820892334 29.8132514953613 29.8113899230957 29.8130760192871 29.8327751159668 29.8248634338379 29.826343536377 29.8627834320068 29.8647747039795 29.8729076385498 29.8799171447754 29.8939628601074 29.8915233612061 29.8121795654297 29.8168201446533 29.835620880127 29.8602466583252 29.8648910522461 29.8736820220947 29.8736152648926 29.8936576843262 29.9074974060059 29.9232177734375 29.9330997467041 29.919017791748 29.9085292816162 29.8842449188232 29.8555603027344 29.8253593444824 29.7724533081055 29.7053661346436 29.6498470306396 29.5856342315674 29.5510635375977 29.4918537139893 29.4561157226562 29.4542198181152
30.0307750701904 30.0111179351807 30.0002670288086 29.9745769500732 29.9306106567383 29.8972511291504 29.9363327026367 29.957555770874 29.8877601623535 29.8770313262939 29.8884296417236 29.8359470367432 29.8159103393555 29.8194942474365 29.8261108398438 29.8420848846436 29.8671894073486 29.8720722198486 29.8741798400879 29.8810615539551 29.8892993927002 29.9161777496338 29.8517932891846 29.8058948516846 29.8095684051514 29.8532791137695 29.8628330230713 29.8870601654053 29.9176483154297 29.9077033996582 29.9324913024902 29.9381866455078 29.9357242584229 29.9314918518066 29.9470024108887 29.9380683898926 29.9233245849609 29.9138660430908 29.8744659423828 29.8238162994385 29.7649574279785 29.7000408172607 29.61376953125 29.5577926635742 29.5205574035645 29.4844493865967 29.4795093536377
30.0111503601074 29.9863929748535 29.9825420379639 29.9825687408447 29.9796772003174 29.9435253143311 29.948392868042 29.9764652252197 29.9702739715576 29.8981418609619 29.9143486022949 29.8929786682129 29.8631191253662 29.8745174407959 29.8687438964844 29.8847007751465 29.8917083740234 29.9037189483643 29.9157829284668 29.9083614349365 29.9078922271729 29.9064083099365 29.8151454925537 29.7858543395996 29.8325061798096 29.8796195983887 29.8780498504639 29.9020690917969 29.9276371002197 29.9264221191406 29.9501171112061 29.9585838317871 29.9481010437012 29.9554176330566 29.9698238372803 29.9500503540039 29.9251403808594 29.8967609405518 29.8739719390869 29.852424621582 29.7813358306885 29.730167388916 29.6567115783691 29.5865249633789 29.5740642547607 29.5183963775635 29.4916362762451
30.016918182373 29.9954166412354 29.9640140533447 29.9722423553467 29.9849109649658 30.00119972229 29.989782333374 29.9793224334717 30.0043964385986 29.9450740814209 29.916374206543 29.9284572601318 29.8961772918701 29.8857517242432 29.9117450714111 29.9049663543701 29.9053478240967 29.9341678619385 29.9471912384033 29.9157199859619 29.9220733642578 29.8808269500732 29.8076248168945 29.7800731658936 29.8463230133057 29.8808345794678 29.8945617675781 29.9139347076416 29.9308567047119 29.939136505127 29.9587459564209 29.9560585021973 29.9529876708984 29.9608516693115 29.9569072723389 29.9338340759277 29.9203987121582 29.9024543762207 29.8647270202637 29.8577136993408 29.8014450073242 29.7432327270508 29.6788597106934 29.6176586151123 29.6103610992432 29.5686988830566 29.5105838775635
30.0453548431396 30.0356979370117 30.0154972076416 29.992639541626 29.9777545928955 30.0102348327637 30.0146026611328 30.0007514953613 29.9709911346436 29.9794769287109 29.9237461090088 29.9261512756348 29.928596496582 29.8903541564941 29.8817691802979 29.8856334686279 29.8994064331055 29.9217014312744 29.929759979248 29.8913021087646 29.8943881988525 29.8576030731201 29.7776279449463 29.7590618133545 29.8314800262451 29.8700275421143 29.8828201293945 29.9263458251953 29.9493579864502 29.9450168609619 29.9473304748535 29.9466400146484 29.9553337097168 29.9510726928711 29.9371242523193 29.9207572937012 29.9166584014893 29.892276763916 29.8822898864746 29.8604106903076 29.8051834106445 29.7569885253906 29.6996326446533 29.6473236083984 29.6136264801025 29.6210880279541 29.5605869293213
30.0405864715576 30.0276985168457 30.0246963500977 30.0143718719482 30.0145244598389 30.0035533905029 30.0186748504639 30.01589012146 29.9813499450684 29.9623546600342 29.9538383483887 29.9180030822754 29.9225044250488 29.8984813690186 29.9014091491699 29.9100818634033 29.9102973937988 29.9248161315918 29.9050998687744 29.8828105926514 29.8848571777344 29.8234615325928 29.7383632659912 29.7436790466309 29.8156337738037 29.83984375 29.8727550506592 29.9190502166748 29.9425716400146 29.949068069458 29.9388904571533 29.9473266601562 29.9464588165283 29.9310913085938 29.918815612793 29.9186630249023 29.9067268371582 29.8766193389893 29.8511524200439 29.8571033477783 29.8204250335693 29.7745246887207 29.7277202606201 29.6674289703369 29.6077651977539 29.6310615539551 29.6016826629639
30.0418663024902 30.034086227417 30.0213737487793 30.0243511199951 30.031852722168 30.0366058349609 30.020788192749 30.0264129638672 29.9828491210938 29.9504528045654 29.9483661651611 29.9324359893799 29.9016342163086 29.9160842895508 29.9129085540771 29.9184875488281 29.9192218780518 29.9210186004639 29.8840446472168 29.8780250549316 29.8721885681152 29.7834453582764 29.7007274627686 29.7174396514893 29.7795143127441 29.8013572692871 29.8756046295166 29.8985404968262 29.9156684875488 29.9587116241455 29.9536113739014 29.9403209686279 29.9323387145996 29.9211177825928 29.9047222137451 29.8913536071777 29.8881931304932 29.8755512237549 29.8595733642578 29.8554153442383 29.8289566040039 29.8117008209229 29.7573070526123 29.6865158081055 29.6345806121826 29.6105842590332 29.6085243225098
30.0431900024414 30.037202835083 30.0299072265625 30.0228004455566 30.0154666900635 30.0301132202148 30.0226802825928 30.0321865081787 29.9997138977051 29.93337059021 29.9134120941162 29.9288959503174 29.9114112854004 29.9203796386719 29.9331130981445 29.9328918457031 29.9080448150635 29.9140281677246 29.8809394836426 29.8615417480469 29.8472366333008 29.75217628479 29.6530265808105 29.6662921905518 29.7239074707031 29.7860794067383 29.8617897033691 29.8901233673096 29.8967189788818 29.9221496582031 29.9244346618652 29.9276695251465 29.9209403991699 29.925989151001 29.8949851989746 29.8768329620361 29.857837677002 29.860782623291 29.8557186126709 29.8490352630615 29.8318328857422 29.8204536437988 29.8027248382568 29.7332134246826 29.6567211151123 29.5773181915283 29.5840969085693
30.0535354614258 30.0468730926514 30.0365371704102 30.015209197998 29.994930267334 30.0095195770264 30.0245590209961 30.0372676849365 30.0127429962158 29.9620914459229 29.9029960632324 29.8979396820068 29.9205665588379 29.9271793365479 29.9380550384521 29.9507694244385 29.9204177856445 29.9243316650391 29.8877277374268 29.8643779754639 29.8220634460449 29.722074508667 29.6227855682373 29.6113719940186 29.6591510772705 29.7346801757812 29.8276386260986 29.8592338562012 29.8817939758301 29.8983001708984 29.910327911377 29.9069709777832 29.8994674682617 29.9100036621094 29.8900318145752 29.8757209777832 29.8540058135986 29.8441696166992 29.8238639831543 29.8214359283447 29.8126564025879 29.8093852996826 29.7921447753906 29.7461757659912 29.6961288452148 29.5863666534424 29.559326171875
30.067403793335 30.0538787841797 30.0349006652832 30.0124282836914 30.0088081359863 29.9930191040039 30.0188655853271 30.0419788360596 30.0251884460449 29.9940891265869 29.9312629699707 29.8962173461914 29.9136486053467 29.9326324462891 29.9376068115234 29.9578857421875 29.9514312744141 29.923131942749 29.924596786499 29.8824329376221 29.8166465759277 29.6993923187256 29.5850200653076 29.5793380737305 29.6075439453125 29.6858882904053 29.7768592834473 29.8222999572754 29.8557014465332 29.8842811584473 29.905294418335 29.8958721160889 29.8792533874512 29.8743228912354 29.8750247955322 29.8566188812256 29.837797164917 29.8250904083252 29.8196086883545 29.8161296844482 29.8046875 29.8106670379639 29.7939968109131 29.7451400756836 29.690258026123 29.6058559417725 29.5393562316895
30.0849571228027 30.065055847168 30.0433158874512 30.0231285095215 30.0289497375488 30.0022220611572 30.0032939910889 30.0241317749023 30.043083190918 30.0056133270264 29.9555034637451 29.9229793548584 29.9188079833984 29.9375762939453 29.9485244750977 29.9531669616699 29.9578552246094 29.9368915557861 29.9686756134033 29.9138507843018 29.8209075927734 29.6918926239014 29.5501461029053 29.5466232299805 29.5530567169189 29.6341743469238 29.7421340942383 29.7867851257324 29.8328838348389 29.8518028259277 29.8744850158691 29.888801574707 29.8811168670654 29.8501205444336 29.8485069274902 29.8365631103516 29.8157634735107 29.8090858459473 29.8124332427979 29.8043251037598 29.8076457977295 29.8043174743652 29.790548324585 29.7580833435059 29.6984024047852 29.6189117431641 29.5526313781738
