Ecospace-environmental-drivers/Outputs/ASCII-for-ecospace/Temp-surf/Temp-surf_X2006.04.asc
NCOLS 131 
NROWS 53 
XLLCORNER -98 
YLLCORNER 23.9265270233154 
CELLSIZE 0.133587792515755 
NODATA_value -3.4e+38 
[rows 21 to 41 of 53, columns 0 to 46 of 131]
-3.4e+38 -3.4e+38 -3.4e+38 -3.4e+38 -3.4e+38 -3.4e+38 24.0046882629395 24.1026744842529 23.9705257415771 24.4030227661133 23.6694660186768 23.1916065216064 23.0968589782715 23.1688117980957 23.1678276062012 23.2224102020264 23.2341079711914 23.2046699523926 23.2312717437744 23.2556648254395 23.2716884613037 23.315393447876 23.3547382354736 23.4024410247803 23.4245147705078 23.450626373291 23.4795207977295 23.493989944458 23.5363273620605 23.5423164367676 23.5762996673584 23.7234783172607 23.8296737670898 23.888126373291 23.9431190490723 23.9811210632324 23.9916515350342 23.9753112792969 23.9512844085693 23.9377193450928 23.9354381561279 23.9375858306885 23.9565391540527 23.9841213226318 24.0116291046143 24.0306758880615 24.0461368560791
-3.4e+38 -3.4e+38 -3.4e+38 -3.4e+38 -3.4e+38 -3.4e+38 24.0706100463867 23.8407802581787 24.1026744842529 23.4058780670166 23.0448207855225 23.0103950500488 23.0945835113525 23.2485523223877 23.1885757446289 23.2127380371094 23.2605323791504 23.3011360168457 23.3886337280273 23.4277801513672 23.4698867797852 23.5263977050781 23.5742645263672 23.6202659606934 23.6407051086426 23.6644496917725 23.6792087554932 23.67555809021 23.6686000823975 23.6809234619141 23.7645416259766 23.9455070495605 24.0111808776855 24.0345916748047 24.0544319152832 24.0792655944824 24.0784225463867 24.0657863616943 24.0582027435303 24.0457096099854 24.0218868255615 24.0214614868164 24.0516529083252 24.0848217010498 24.109769821167 24.1084575653076 24.1267108917236
-3.4e+38 -3.4e+38 -3.4e+38 -3.4e+38 24.1337242126465 24.0825366973877 23.8677520751953 24.0706100463867 23.3490562438965 22.9294719696045 22.96706199646 23.0545692443848 23.0676898956299 23.2350330352783 23.3522624969482 23.355655670166 23.3809432983398 23.3945999145508 23.4524936676025 23.5211887359619 23.6018581390381 23.6836261749268 23.7538986206055 23.8045768737793 23.832836151123 23.8557186126709 23.8500499725342 23.8743076324463 23.8620357513428 23.8152751922607 23.8383102416992 24.028133392334 24.0925846099854 24.0965309143066 24.109447479248 24.1430244445801 24.1582431793213 24.1924495697021 24.1792545318604 24.1423721313477 24.1351661682129 24.1561145782471 24.1997814178467 24.2341403961182 24.2608795166016 24.2826633453369 24.3625049591064
-3.4e+38 -3.4e+38 -3.4e+38 -3.4e+38 24.2879028320312 24.0307312011719 24.0825366973877 23.4501075744629 22.9864273071289 22.8713855743408 22.9920444488525 23.1279811859131 23.2364253997803 23.3604202270508 23.4466342926025 23.5114784240723 23.5937042236328 23.6711025238037 23.7357501983643 23.7885284423828 23.8346195220947 23.8740863800049 23.9178943634033 23.9645118713379 23.999698638916 23.9968547821045 23.9843082427979 24.0060539245605 23.9847946166992 23.9516048431396 23.9516143798828 24.0409469604492 24.0913162231445 24.0959739685059 24.1359748840332 24.1708450317383 24.2204856872559 24.2725028991699 24.2813377380371 24.2656288146973 24.2768840789795 24.3017845153809 24.3353118896484 24.3665981292725 24.3911018371582 24.4529552459717 24.5361938476562
-3.4e+38 -3.4e+38 -3.4e+38 -3.4e+38 -3.4e+38 24.2879028320312 23.7217559814453 23.1114730834961 22.808780670166 22.9070281982422 23.0771636962891 23.2232112884521 23.312463760376 23.3738994598389 23.5024642944336 23.6944923400879 23.8391857147217 23.8997840881348 23.9221591949463 23.9356899261475 23.9573841094971 23.9826316833496 24.0415077209473 24.1207962036133 24.1820545196533 24.2150077819824 24.1929359436035 24.1606864929199 24.1304912567139 24.077615737915 24.017972946167 24.0476570129395 24.033447265625 24.0976657867432 24.1332263946533 24.1563682556152 24.2326183319092 24.3441829681396 24.3889503479004 24.4052562713623 24.4070224761963 24.4053153991699 24.4295120239258 24.4652118682861 24.5202617645264 24.5911655426025 24.645959854126
-3.4e+38 -3.4e+38 -3.4e+38 -3.4e+38 -3.4e+38 24.2024078369141 23.3814144134521 22.8447704315186 22.7627296447754 22.8568363189697 23.0449695587158 23.1770935058594 23.29958152771 23.538667678833 23.8573226928711 23.9977226257324 24.0073089599609 24.0133972167969 24.0047206878662 23.9842891693115 23.9975070953369 24.0370235443115 24.142391204834 24.2293949127197 24.2956466674805 24.3398399353027 24.386381149292 24.38454246521 24.3656902313232 24.2997150421143 24.1946868896484 24.1220836639404 24.0534934997559 24.0472717285156 24.1241722106934 24.1545219421387 24.2507667541504 24.3836326599121 24.4861602783203 24.5015926361084 24.474235534668 24.4945220947266 24.515474319458 24.5753154754639 24.6238460540771 24.6723117828369 24.7352485656738
-3.4e+38 -3.4e+38 26.1128845214844 25.9844589233398 24.840747833252 24.0296688079834 23.1615047454834 22.7758197784424 22.8004760742188 22.9663734436035 23.1278400421143 23.2997646331787 23.5080890655518 23.7964973449707 23.9984550476074 24.0494499206543 24.0456581115723 24.0563926696777 24.0381908416748 24.0331134796143 24.0617275238037 24.1536483764648 24.2542572021484 24.3296165466309 24.377815246582 24.4522018432617 24.5009994506836 24.505407333374 24.4807319641113 24.4510898590088 24.3837451934814 24.3136768341064 24.191915512085 24.0995807647705 24.1191730499268 24.1725845336914 24.2741813659668 24.4374446868896 24.5505809783936 24.5449314117432 24.5406036376953 24.5775604248047 24.6130657196045 24.6614513397217 24.6961936950684 24.7607383728027 24.8281803131104
-339999999999999996128486808808066248288.000000000000000 -3.4e+38 -3.4e+38 -3.4e+38 25.8560333251953 24.0027484893799 23.0826072692871 22.7670154571533 22.8693580627441 23.0459461212158 23.2482414245605 23.3301410675049 23.6904277801514 23.9261226654053 24.089241027832 24.0752964019775 24.052734375 24.0506324768066 24.0211334228516 24.0557804107666 24.1297359466553 24.2647972106934 24.3753318786621 24.4367122650146 24.4941997528076 24.5365200042725 24.5377826690674 24.5219593048096 24.5188446044922 24.4979190826416 24.4561901092529 24.3956069946289 24.3653984069824 24.2122383117676 24.1694755554199 24.2179985046387 24.3101196289062 24.4940967559814 24.5840320587158 24.5861282348633 24.6020755767822 24.6568813323975 24.6856517791748 24.719051361084 24.7578182220459 24.7922344207764 24.8166179656982
-3.4e+38 -3.4e+38 -3.4e+38 -3.4e+38 25.3623542785645 23.8040561676025 22.9685649871826 22.8417053222656 22.9330081939697 23.0659503936768 23.1882762908936 23.4084587097168 23.8122653961182 24.008882522583 24.1242504119873 24.0865116119385 24.0273857116699 24.0416107177734 24.0810661315918 24.127685546875 24.1834297180176 24.2992763519287 24.4118518829346 24.4238739013672 24.4658985137939 24.5020904541016 24.5630187988281 24.6236896514893 24.6294231414795 24.5881385803223 24.5258445739746 24.4288368225098 24.4132137298584 24.3447818756104 24.23362159729 24.281852722168 24.372974395752 24.5191764831543 24.6168460845947 24.6100196838379 24.6484355926514 24.6933994293213 24.7069606781006 24.7276401519775 24.7614078521729 24.8024291992188 24.8324794769287
-3.4e+38 -3.4e+38 -3.4e+38 -3.4e+38 25.1883163452148 23.8305892944336 22.8551445007324 22.9474048614502 23.0530948638916 23.0917167663574 23.2029151916504 23.5207920074463 23.8860988616943 24.026330947876 24.1438045501709 24.1267681121826 24.0652828216553 24.05104637146 24.0993309020996 24.1642837524414 24.2046566009521 24.2935848236084 24.3696460723877 24.3557395935059 24.4036998748779 24.5335521697998 24.6375350952148 24.6683673858643 24.6847591400146 24.6703357696533 24.6099891662598 24.5065269470215 24.4320182800293 24.4069061279297 24.2960262298584 24.3501529693604 24.4162330627441 24.5410118103027 24.6134757995605 24.6107349395752 24.6601810455322 24.6860389709473 24.6913318634033 24.7273654937744 24.7715263366699 24.8051986694336 24.8564796447754
-3.4e+38 -3.4e+38 -3.4e+38 -3.4e+38 26.2727546691895 24.2517223358154 22.9988098144531 23.044319152832 23.1497821807861 23.1969013214111 23.2987613677979 23.6193618774414 23.9102897644043 24.0690784454346 24.1864814758301 24.1794662475586 24.1324062347412 24.1235256195068 24.1350708007812 24.1566467285156 24.2137622833252 24.250057220459 24.3010787963867 24.3288288116455 24.4891242980957 24.6625289916992 24.6852550506592 24.6886863708496 24.6906204223633 24.6703205108643 24.6464176177979 24.5762996673584 24.461841583252 24.4334449768066 24.3704032897949 24.4065952301025 24.4480381011963 24.564640045166 24.5829334259033 24.5846424102783 24.6130905151367 24.6355381011963 24.6671409606934 24.6999816894531 24.7434711456299 24.7857894897461 24.8413009643555
-3.4e+38 -3.4e+38 -3.4e+38 -3.4e+38 26.1813430786133 24.5714931488037 23.3694095611572 23.051197052002 23.1749820709229 23.267391204834 23.3950958251953 23.6396484375 23.886360168457 24.1382446289062 24.2504081726074 24.2604579925537 24.2024574279785 24.2269992828369 24.2331256866455 24.252082824707 24.2763938903809 24.2925338745117 24.3796920776367 24.5196151733398 24.6924095153809 24.7371444702148 24.7232723236084 24.7129402160645 24.7050323486328 24.6724319458008 24.6420154571533 24.6165199279785 24.5024547576904 24.4802074432373 24.4267826080322 24.443660736084 24.478214263916 24.5429439544678 24.5290908813477 24.556755065918 24.6211853027344 24.659839630127 24.6871147155762 24.7088871002197 24.7138824462891 24.7579021453857 24.8230571746826
-3.4e+38 -3.4e+38 -3.4e+38 -3.4e+38 26.1614360809326 25.0360336303711 23.9015369415283 23.1765823364258 23.2875747680664 23.3583278656006 23.4649963378906 23.5951614379883 23.8260021209717 24.1988124847412 24.3344249725342 24.3766193389893 24.3405418395996 24.3379573822021 24.3210983276367 24.3287506103516 24.3770523071289 24.4116458892822 24.5254726409912 24.6318950653076 24.7195987701416 24.7643642425537 24.73122215271 24.7167453765869 24.6957111358643 24.6637783050537 24.6350002288818 24.6232719421387 24.563570022583 24.512149810791 24.4596385955811 24.4706993103027 24.4672145843506 24.5195789337158 24.53391456604 24.5761489868164 24.6086044311523 24.6505565643311 24.687162399292 24.7107162475586 24.7232131958008 24.7384643554688 24.7780933380127
-3.4e+38 -3.4e+38 -3.4e+38 -3.4e+38 -3.4e+38 24.8824405670166 24.3506507873535 23.3023071289062 23.4402656555176 23.5837669372559 23.568078994751 23.6142158508301 23.8372554779053 24.2384090423584 24.4097919464111 24.4660205841064 24.4690837860107 24.4518699645996 24.4429817199707 24.4724998474121 24.5389728546143 24.5511875152588 24.6626834869385 24.7110824584961 24.7003574371338 24.7387218475342 24.6977005004883 24.6770877838135 24.6676654815674 24.6508445739746 24.6218090057373 24.6117210388184 24.6049423217773 24.5366230010986 24.4950389862061 24.4732303619385 24.4800910949707 24.4933319091797 24.5278606414795 24.567964553833 24.6077690124512 24.6285190582275 24.6476230621338 24.6774616241455 24.7094593048096 24.7255477905273 24.7396354675293
-3.4e+38 -3.4e+38 -3.4e+38 -3.4e+38 -3.4e+38 26.6405582427979 24.6614475250244 23.4680271148682 23.4988288879395 23.6455860137939 23.7156734466553 23.7525978088379 23.9572715759277 24.2156543731689 24.4318161010742 24.5117225646973 24.5450668334961 24.5830039978027 24.6325454711914 24.642333984375 24.6185722351074 24.6574401855469 24.7224903106689 24.6834735870361 24.6377029418945 24.6711826324463 24.646951675415 24.6225757598877 24.6247100830078 24.6151809692383 24.6136608123779 24.6261978149414 24.6172943115234 24.5758476257324 24.5211086273193 24.4749698638916 24.4964504241943 24.5121402740479 24.5496730804443 24.5615692138672 24.5869846343994 24.6079959869385 24.6434211730957 24.6800308227539 24.7019882202148 24.726526260376 24.7522869110107
-3.4e+38 -3.4e+38 -3.4e+38 -3.4e+38 -3.4e+38 26.7179412841797 24.8611602783203 23.6355743408203 23.5858936309814 23.7481136322021 23.8555908203125 23.9418067932129 24.128059387207 24.2978782653809 24.3924026489258 24.4668865203857 24.5641708374023 24.6717185974121 24.7465343475342 24.7654933929443 24.7870597839355 24.7915725708008 24.7434940338135 24.6753158569336 24.6421432495117 24.6553649902344 24.6393051147461 24.5947456359863 24.5876598358154 24.5795154571533 24.594482421875 24.6164131164551 24.621150970459 24.5971546173096 24.5235023498535 24.4482040405273 24.5103950500488 24.514253616333 24.5515518188477 24.5791568756104 24.5970973968506 24.6137924194336 24.6408672332764 24.6730899810791 24.7054977416992 24.734130859375 24.7757301330566
-3.4e+38 -3.4e+38 -3.4e+38 -3.4e+38 -3.4e+38 -3.4e+38 25.0645866394043 23.8281211853027 23.6610946655273 23.8393478393555 23.9417686462402 24.0733528137207 24.2931613922119 24.5320949554443 24.6133079528809 24.6647243499756 24.7801837921143 24.9058837890625 24.9732704162598 24.9642219543457 24.8921890258789 24.8094577789307 24.7645263671875 24.7181606292725 24.6912078857422 24.6862850189209 24.6512756347656 24.5979290008545 24.5740146636963 24.5767440795898 24.6030578613281 24.6081638336182 24.6320266723633 24.6213073730469 24.5350303649902 24.46950340271 24.5265274047852 24.5392646789551 24.5641651153564 24.5892543792725 24.5934810638428 24.6201629638672 24.6416683197021 24.6586418151855 24.7041530609131 24.755521774292 24.8033218383789
-3.4e+38 -3.4e+38 -3.4e+38 -3.4e+38 -3.4e+38 -3.4e+38 25.2108535766602 23.934211730957 23.7269153594971 23.9197654724121 24.0610275268555 24.2399787902832 24.5084362030029 24.6333160400391 24.7047328948975 24.7915096282959 24.9237689971924 25.025218963623 25.0635395050049 25.0329685211182 24.9656200408936 24.8655853271484 24.8090686798096 24.7778282165527 24.7506904602051 24.7116527557373 24.6654262542725 24.6124134063721 24.5846290588379 24.5733947753906 24.5858821868896 24.6138744354248 24.613410949707 24.6080150604248 24.5621318817139 24.4953937530518 24.5278625488281 24.575611114502 24.5858631134033 24.597375869751 24.609546661377 24.6288661956787 24.6503143310547 24.6621055603027 24.7134971618652 24.8057823181152 24.8636493682861
-3.4e+38 -3.4e+38 -3.4e+38 -3.4e+38 -3.4e+38 -3.4e+38 25.325855255127 23.9506130218506 23.8362255096436 24.002498626709 24.2243881225586 24.446231842041 24.6207103729248 24.7120323181152 24.7869739532471 24.8824310302734 25.0060424804688 25.0878620147705 25.1187438964844 25.08056640625 25.01194190979 24.9232292175293 24.8975448608398 24.8327617645264 24.7595558166504 24.7008476257324 24.6939964294434 24.6391506195068 24.6075248718262 24.5938034057617 24.5950660705566 24.6131057739258 24.6209812164307 24.5973434448242 24.5771884918213 24.5433654785156 24.5395317077637 24.5888710021973 24.598518371582 24.6057472229004 24.6219463348389 24.6297779083252 24.6493148803711 24.7146377563477 24.7900066375732 24.8482608795166 24.8777713775635
-3.4e+38 -3.4e+38 -3.4e+38 -3.4e+38 -3.4e+38 25.9847450256348 24.8599987030029 23.9142932891846 23.953670501709 24.1704769134521 24.4494895935059 24.5855522155762 24.7182960510254 24.7798862457275 24.8692932128906 24.9382877349854 25.067699432373 25.1332092285156 25.1633358001709 25.138542175293 25.0799407958984 25.011323928833 25.0065326690674 24.9303188323975 24.8142528533936 24.7352752685547 24.7002563476562 24.6581058502197 24.6294326782227 24.6186580657959 24.5993690490723 24.6142883300781 24.6262321472168 24.6249408721924 24.6094532012939 24.6035118103027 24.5623092651367 24.5737571716309 24.6000499725342 24.6156215667725 24.6292972564697 24.6450347900391 24.6911563873291 24.7861881256104 24.8408985137939 24.8648452758789 24.932165145874
-3.4e+38 -3.4e+38 -3.4e+38 -3.4e+38 26.0078201293945 25.7609844207764 24.228515625 23.9310340881348 24.0553779602051 24.3024291992188 24.5380382537842 24.6941909790039 24.7716617584229 24.8474464416504 24.9225578308105 24.9598350524902 25.1083068847656 25.1599903106689 25.208911895752 25.2125358581543 25.1674633026123 25.1005725860596 25.0818328857422 25.0550708770752 24.9104232788086 24.7913913726807 24.7069606781006 24.6626091003418 24.6191387176514 24.6302928924561 24.6064167022705 24.6079444885254 24.6277961730957 24.6423664093018 24.6287250518799 24.6418437957764 24.6305294036865 24.588809967041 24.6031055450439 24.6098880767822 24.6472148895264 24.7028102874756 24.7755641937256 24.8343887329102 24.8642959594727 24.9294242858887 25.00071144104
