Ecospace-environmental-drivers/Outputs/ASCII-for-ecospace/Temp-surf/Temp-surf_X2017.09.asc
NCOLS 131 
NROWS 53 
XLLCORNER -98 
YLLCORNER 23.9265270233154 
CELLSIZE 0.133587792515755 
NODATA_value -3.4e+38 
[rows 21 to 41 of 53, columns 0 to 46 of 131]
-3.4e+38 -3.4e+38 -3.4e+38 -3.4e+38 -3.4e+38 -3.4e+38 28.6847171783447 28.7720050811768 28.8446006774902 28.8095321655273 28.8922424316406 29.0044250488281 29.084358215332 29.1202335357666 29.1220970153809 29.120792388916 29.1945571899414 29.2241611480713 29.1755981445312 29.1100406646729 28.968713760376 28.7628784179688 28.4704074859619 28.4996471405029 28.5629177093506 28.5487461090088 28.5800457000732 28.5479965209961 28.4608840942383 28.3431491851807 28.3219833374023 28.2498340606689 28.1410541534424 28.1269474029541 28.1852760314941 28.2519474029541 28.3130989074707 28.3529090881348 28.3794536590576 28.4213714599609 28.4871864318848 28.5606708526611 28.6168575286865 28.6697216033936 28.7343101501465 28.8004665374756 28.8012371063232
-3.4e+38 -3.4e+38 -3.4e+38 -3.4e+38 -3.4e+38 -3.4e+38 28.5857582092285 28.6963863372803 28.7720050811768 28.952262878418 29.0497226715088 29.0420341491699 29.0223598480225 29.0031681060791 28.9635200500488 29.0009918212891 29.1008796691895 29.1260433197021 29.0592174530029 28.8636264801025 28.6078472137451 28.2746257781982 28.109748840332 28.1105194091797 28.1292572021484 28.1895370483398 28.3228607177734 28.4276943206787 28.4907913208008 28.4867401123047 28.4178771972656 28.3066177368164 28.2636089324951 28.1651134490967 28.1608142852783 28.233283996582 28.2603950500488 28.2514266967773 28.2314262390137 28.2380771636963 28.2402877807617 28.2792015075684 28.3580436706543 28.4652709960938 28.5708847045898 28.6619415283203 28.75270652771
-3.4e+38 -3.4e+38 -3.4e+38 -3.4e+38 28.4347534179688 28.4174270629883 28.5078907012939 28.5857582092285 28.7313957214355 28.859037399292 28.8513736724854 28.7254467010498 28.6845474243164 28.7351970672607 28.7684936523438 28.924732208252 29.0166854858398 28.9375267028809 28.6862487792969 28.5109539031982 28.4190311431885 28.3220272064209 28.2388782501221 28.1915416717529 28.1701946258545 28.1994514465332 28.2327556610107 28.2825813293457 28.3347053527832 28.4185104370117 28.4462413787842 28.3338413238525 28.3429489135742 28.2893333435059 28.3498764038086 28.3229637145996 28.2211074829102 28.2152729034424 28.2703380584717 28.311107635498 28.3630714416504 28.4657669067383 28.5652313232422 28.6473197937012 28.7021732330322 28.7326335906982 28.7804565429688
-3.4e+38 -3.4e+38 -3.4e+38 -3.4e+38 28.4578189849854 28.429012298584 28.4174270629883 28.520486831665 28.62939453125 28.6442546844482 28.4765739440918 28.4555206298828 28.6143436431885 28.4724140167236 28.6419010162354 28.7456684112549 28.7807464599609 28.624963760376 28.4386520385742 28.3436241149902 28.2491245269775 28.1938571929932 28.1642379760742 28.2700386047363 28.3761920928955 28.3962707519531 28.3164691925049 28.2852058410645 28.3509368896484 28.4131355285645 28.405834197998 28.3295478820801 28.33078956604 28.3490333557129 28.3514289855957 28.2440357208252 28.1539726257324 28.3571300506592 28.4952774047852 28.5992603302002 28.7179946899414 28.8258762359619 28.9089393615723 28.9561920166016 28.9665393829346 28.9650573730469 28.9486103057861
-3.4e+38 -3.4e+38 -3.4e+38 -3.4e+38 -3.4e+38 28.4578189849854 28.411792755127 28.4118843078613 28.4715232849121 28.3313312530518 28.1628227233887 28.403076171875 28.3946285247803 28.3483657836914 28.4543800354004 28.4995937347412 28.4237098693848 28.2259502410889 28.1460494995117 28.0118808746338 28.0328884124756 28.1344470977783 28.3274345397949 28.5017204284668 28.5835094451904 28.604793548584 28.6800785064697 28.4997138977051 28.4196624755859 28.3547382354736 28.4021835327148 28.281774520874 28.2655868530273 28.2422008514404 28.2029399871826 28.1513004302979 28.2798538208008 28.6358680725098 28.7990207672119 28.8872852325439 28.9762706756592 29.0468921661377 29.085973739624 29.0843849182129 29.0787601470947 29.0698490142822 29.0776710510254
-3.4e+38 -3.4e+38 -3.4e+38 -3.4e+38 -3.4e+38 28.4369716644287 28.3013572692871 28.2834167480469 28.2780284881592 27.9201717376709 27.9795341491699 28.3425025939941 28.0993690490723 28.125301361084 28.2060356140137 28.2052803039551 27.9319667816162 27.9097290039062 27.8452339172363 27.854455947876 28.0546989440918 28.3335571289062 28.7807292938232 28.9435577392578 28.9555683135986 28.8705196380615 28.7635021209717 28.6911506652832 28.5777206420898 28.4864253997803 28.3487510681152 28.2996635437012 28.176197052002 28.1673526763916 28.1178970336914 28.2104587554932 28.5862255096436 28.9321002960205 29.0124969482422 29.099609375 29.1756477355957 29.2141742706299 29.2054061889648 29.1666927337646 29.1616954803467 29.1508045196533 29.1408615112305
-3.4e+38 -3.4e+38 28.9734764099121 28.9285430908203 28.5377178192139 28.2603435516357 28.1481819152832 28.1684417724609 27.98756980896 27.5398635864258 27.8944396972656 28.2230758666992 27.9229984283447 27.9546337127686 27.9394626617432 27.847017288208 27.8085136413574 27.8753070831299 28.0798683166504 28.4731693267822 28.7691879272461 28.9778881072998 29.0941505432129 29.1796073913574 29.1538791656494 29.0466938018799 28.8024940490723 28.6622161865234 28.6057758331299 28.5148010253906 28.350643157959 28.3104686737061 28.1505737304688 28.169900894165 28.1800136566162 28.4762840270996 28.977876663208 29.1475238800049 29.2299823760986 29.2760219573975 29.2696704864502 29.2460498809814 29.2209739685059 29.1955146789551 29.2023429870605 29.2162170410156 29.199125289917
-339999999999999996128486808808066248288.000000000000000 -3.4e+38 -3.4e+38 -3.4e+38 28.8836116790771 28.1341876983643 28.0204582214355 28.0584030151367 27.7656440734863 27.388313293457 27.8242015838623 28.1909484863281 27.982084274292 28.026123046875 28.1541976928711 28.1876258850098 28.2309036254883 28.39528465271 28.6869564056396 29.0458507537842 29.3494930267334 29.3189506530762 29.285400390625 29.2217273712158 29.1393661499023 29.0274314880371 28.8466815948486 28.6517677307129 28.6432418823242 28.4988822937012 28.3484039306641 28.3388690948486 28.2419662475586 28.3002109527588 28.3978614807129 28.9182891845703 29.2876796722412 29.3475399017334 29.3714294433594 29.3518486022949 29.3383598327637 29.2951259613037 29.2572231292725 29.2438907623291 29.2528095245361 29.2491340637207 29.2520542144775
-3.4e+38 -3.4e+38 -3.4e+38 -3.4e+38 28.5428085327148 27.9819240570068 27.9699554443359 27.9631633758545 27.6609439849854 27.3156204223633 27.7653770446777 28.1508522033691 28.2825126647949 28.2846412658691 28.3978004455566 28.5536518096924 28.729621887207 28.9420700073242 29.2341384887695 29.502233505249 29.4550819396973 29.3933868408203 29.3139896392822 29.2081432342529 29.0638675689697 28.9438133239746 28.8202648162842 28.6546535491943 28.5674324035645 28.4395389556885 28.4274063110352 28.4417457580566 28.399543762207 28.5019836425781 28.8163928985596 29.372579574585 29.4990196228027 29.4849987030029 29.454740524292 29.4098720550537 29.3705272674561 29.3176651000977 29.2831077575684 29.2779502868652 29.2902545928955 29.2907581329346 29.3041610717773
-3.4e+38 -3.4e+38 -3.4e+38 -3.4e+38 28.1408634185791 27.9046440124512 27.9817695617676 27.9406642913818 27.6580390930176 27.2859287261963 27.573543548584 27.9274711608887 28.2516136169434 28.5484008789062 28.8376598358154 29.0436115264893 29.2883605957031 29.4989547729492 29.5981216430664 29.536434173584 29.4658184051514 29.3729763031006 29.291654586792 29.2014751434326 29.0668277740479 28.8821334838867 28.7472343444824 28.6482467651367 28.6283283233643 28.5796852111816 28.578893661499 28.6362438201904 28.6376972198486 28.8383636474609 29.3478450775146 29.6112003326416 29.5212020874023 29.5287170410156 29.4869747161865 29.4187984466553 29.3592224121094 29.3325233459473 29.3042221069336 29.2984085083008 29.3317966461182 29.3728790283203 29.361536026001
-3.4e+38 -3.4e+38 -3.4e+38 -3.4e+38 29.131383895874 28.0128860473633 27.9610118865967 27.9581298828125 27.8585186004639 27.6294860839844 27.926700592041 28.4399452209473 28.7857799530029 29.1019058227539 29.3306369781494 29.4622001647949 29.621711730957 29.714427947998 29.6385364532471 29.565092086792 29.4569797515869 29.3437576293945 29.2887210845947 29.1267261505127 28.9740219116211 28.8174076080322 28.7512130737305 28.7430210113525 28.7581157684326 28.7120342254639 28.7614517211914 28.8353252410889 28.8869533538818 29.2710762023926 29.702995300293 29.641227722168 29.5298709869385 29.5490589141846 29.5064754486084 29.4615268707275 29.392614364624 29.3481559753418 29.304407119751 29.3349285125732 29.4265365600586 29.4631271362305 29.4290809631348
-3.4e+38 -3.4e+38 -3.4e+38 -3.4e+38 28.9636421203613 28.1156349182129 27.9722366333008 28.0039501190186 28.1090240478516 28.1959171295166 28.4791393280029 28.8210620880127 29.1405048370361 29.4312839508057 29.6409797668457 29.7594242095947 29.7990627288818 29.7346134185791 29.6282272338867 29.5746994018555 29.4179058074951 29.3785152435303 29.2683296203613 29.0152072906494 28.889066696167 28.8420639038086 28.8822498321533 28.9376010894775 28.888500213623 28.9095916748047 28.9777183532715 28.9844551086426 29.2637825012207 29.6758766174316 29.7284965515137 29.5689449310303 29.5566215515137 29.5682964324951 29.5594062805176 29.5109348297119 29.4321632385254 29.3239269256592 29.2949085235596 29.4044170379639 29.5350131988525 29.5360126495361 29.5235023498535
-3.4e+38 -3.4e+38 -3.4e+38 -3.4e+38 28.8785305023193 28.3660697937012 28.1124534606934 28.0742282867432 28.1965808868408 28.3785018920898 28.5836200714111 28.8495903015137 29.0689640045166 29.4515838623047 29.657527923584 29.8238010406494 29.8285255432129 29.7417449951172 29.6383800506592 29.5714912414551 29.445219039917 29.4708347320557 29.223934173584 28.9689655303955 28.8982105255127 28.9439849853516 28.9702548980713 28.982271194458 29.0630626678467 29.1329116821289 29.1594181060791 29.3023681640625 29.6318111419678 29.7192821502686 29.5727481842041 29.5673599243164 29.6105136871338 29.6057186126709 29.5566253662109 29.4664516448975 29.3784084320068 29.3139839172363 29.2959022521973 29.5007362365723 29.6114387512207 29.6164512634277 29.7017383575439
-3.4e+38 -3.4e+38 -3.4e+38 -3.4e+38 -3.4e+38 28.4662666320801 28.2031726837158 28.1123390197754 28.2817783355713 28.5345211029053 28.761775970459 28.9152812957764 29.1587467193604 29.5831699371338 29.7775859832764 29.8746681213379 29.8468761444092 29.7948093414307 29.7294464111328 29.6217861175537 29.5296592712402 29.5648956298828 29.239574432373 29.0152473449707 28.9826183319092 29.0218181610107 28.9898300170898 29.1054706573486 29.2333335876465 29.267261505127 29.3685646057129 29.6308994293213 29.677282333374 29.5753631591797 29.5756511688232 29.6528301239014 29.6376514434814 29.5911102294922 29.5173416137695 29.4125270843506 29.3999652862549 29.3044414520264 29.333812713623 29.6036968231201 29.6861305236816 29.7386207580566 29.7812156677246
-3.4e+38 -3.4e+38 -3.4e+38 -3.4e+38 -3.4e+38 29.3358039855957 28.3160877227783 28.1259880065918 28.4077739715576 28.6173210144043 28.7572479248047 28.8921508789062 29.4115371704102 29.6993446350098 29.8968257904053 29.9707374572754 29.922872543335 29.8438186645508 29.8098392486572 29.6321487426758 29.5854797363281 29.6588840484619 29.3622932434082 29.0906505584717 29.0189647674561 29.0051288604736 29.0762920379639 29.2239208221436 29.2861633300781 29.3304309844971 29.5807628631592 29.6281452178955 29.5811710357666 29.5597114562988 29.6882591247559 29.6744251251221 29.6083431243896 29.5774059295654 29.5102825164795 29.4410305023193 29.3872604370117 29.2788581848145 29.4237804412842 29.6757850646973 29.7538318634033 29.8244323730469 29.794900894165
-3.4e+38 -3.4e+38 -3.4e+38 -3.4e+38 -3.4e+38 29.2147369384766 28.3308734893799 28.1976127624512 28.4649925231934 28.5725440979004 28.7469215393066 29.1731624603271 29.6212615966797 29.8151092529297 29.9630584716797 30.0164604187012 29.9671974182129 29.911190032959 29.8409461975098 29.6740379333496 29.6394805908203 29.7081203460693 29.4558124542236 29.1292991638184 29.0341835021973 29.0168991088867 29.1156539916992 29.2003612518311 29.2371654510498 29.4003829956055 29.549259185791 29.592414855957 29.6415996551514 29.6564483642578 29.7021389007568 29.6366558074951 29.5812015533447 29.5168914794922 29.4641494750977 29.3837623596191 29.3797092437744 29.2819595336914 29.4989147186279 29.7218265533447 29.7874488830566 29.8547687530518 29.822114944458
-3.4e+38 -3.4e+38 -3.4e+38 -3.4e+38 -3.4e+38 -3.4e+38 28.5629329681396 28.3886318206787 28.5356159210205 28.6772880554199 29.0632400512695 29.5091438293457 29.8216018676758 29.937873840332 30.011137008667 30.0433692932129 29.9721336364746 29.9348068237305 29.840633392334 29.6523017883301 29.6786823272705 29.7400608062744 29.4833812713623 29.1542587280273 29.0453033447266 29.0509071350098 29.1320571899414 29.1739444732666 29.2885475158691 29.4013690948486 29.5139141082764 29.6317443847656 29.7139377593994 29.6992588043213 29.6536884307861 29.5754642486572 29.5157165527344 29.4400043487549 29.3886680603027 29.3660469055176 29.3590641021729 29.2970638275146 29.5443744659424 29.721981048584 29.7591190338135 29.7942161560059 29.7899723052979
-3.4e+38 -3.4e+38 -3.4e+38 -3.4e+38 -3.4e+38 -3.4e+38 28.8643741607666 28.5516719818115 28.6267127990723 28.8658924102783 29.4124851226807 29.7108917236328 29.931188583374 29.9809398651123 30.0099353790283 30.02614402771 29.9878406524658 29.9304103851318 29.826286315918 29.5983715057373 29.6683311462402 29.7278327941895 29.4845714569092 29.2032127380371 29.0478248596191 29.0788402557373 29.1270790100098 29.1550884246826 29.2865390777588 29.3392238616943 29.3647365570068 29.6127891540527 29.6544361114502 29.6737365722656 29.5720329284668 29.5240325927734 29.4789161682129 29.4182376861572 29.3510971069336 29.3567161560059 29.3401966094971 29.2971744537354 29.5534534454346 29.7307739257812 29.7319278717041 29.7068691253662 29.6596965789795
-3.4e+38 -3.4e+38 -3.4e+38 -3.4e+38 -3.4e+38 -3.4e+38 28.9730949401855 28.5966777801514 28.7684288024902 29.2138366699219 29.6261749267578 29.8511810302734 30.0053844451904 30.0291996002197 30.0142211914062 30.0237159729004 30.0082263946533 29.9269313812256 29.8124485015869 29.5090637207031 29.62038230896 29.6647396087646 29.421236038208 29.205587387085 29.0110149383545 29.0446586608887 29.0776653289795 29.1265773773193 29.2567863464355 29.2996234893799 29.3421573638916 29.499454498291 29.5650329589844 29.5396003723145 29.4993591308594 29.4894313812256 29.4448089599609 29.4085140228271 29.3060436248779 29.3924579620361 29.3591651916504 29.3172225952148 29.53053855896 29.7291507720947 29.7122135162354 29.6341247558594 29.5723266601562
-3.4e+38 -3.4e+38 -3.4e+38 -3.4e+38 -3.4e+38 29.2859230041504 28.837760925293 28.763542175293 28.966983795166 29.5996150970459 29.7232513427734 29.9590225219727 30.0535564422607 30.0613098144531 30.0090618133545 29.9949131011963 30.0071697235107 29.9333953857422 29.8076171875 29.4540042877197 29.5025234222412 29.5564250946045 29.3363189697266 29.163610458374 28.9615383148193 28.9806823730469 29.0401954650879 29.1296195983887 29.2208271026611 29.2795791625977 29.3144416809082 29.3958377838135 29.4402561187744 29.4195899963379 29.4183330535889 29.4019985198975 29.4042205810547 29.3859100341797 29.2732734680176 29.4137325286865 29.3724155426025 29.3469219207764 29.4956283569336 29.6599349975586 29.6381378173828 29.5972099304199 29.6017150878906
-3.4e+38 -3.4e+38 -3.4e+38 -3.4e+38 29.2854290008545 29.1807289123535 28.649377822876 28.94899559021 29.2453918457031 29.5829887390137 29.8410930633545 30.0297870635986 30.0622730255127 30.0686073303223 30.0358943939209 29.9941215515137 29.9899559020996 29.9409236907959 29.8068084716797 29.4955043792725 29.3700332641602 29.4091815948486 29.2672958374023 29.1207904815674 28.9262218475342 28.912561416626 28.9854202270508 29.0832824707031 29.1539459228516 29.1851081848145 29.2223072052002 29.2655773162842 29.2918968200684 29.3157215118408 29.3185443878174 29.3257217407227 29.3402309417725 29.3391380310059 29.2581100463867 29.4335975646973 29.4041061401367 29.3646564483643 29.4693145751953 29.5626564025879 29.5830860137939 29.6345634460449 29.6523761749268
