Ecospace-environmental-drivers/Outputs/ASCII-for-ecospace/Temp-surf/Temp-surf_X1999.04.asc
NCOLS 131 
NROWS 53 
XLLCORNER -98 
YLLCORNER 23.9265270233154 
CELLSIZE 0.133587792515755 
NODATA_value -3.4e+38 
[rows 21 to 41 of 53, columns 47 to 93 of 131]
23.1597766876221 23.2669486999512 23.4128112792969 23.5801429748535 23.6760959625244 23.7850093841553 23.9107418060303 23.9909954071045 24.1012592315674 24.1839122772217 24.2296314239502 24.2515487670898 24.2411022186279 24.2804183959961 24.3178691864014 24.2465991973877 24.0773506164551 23.9680843353271 23.9804649353027 24.0117740631104 23.9580307006836 23.8635139465332 23.8726005554199 23.8347702026367 23.8076000213623 23.9075584411621 23.9478130340576 24.0010185241699 24.1202487945557 24.2642211914062 24.4443435668945 24.5307102203369 24.6119499206543 24.5729465484619 24.5356426239014 24.604564666748 24.5555992126465 24.573709487915 24.4448127746582 24.3462409973145 24.3336849212646 24.2852020263672 24.1965827941895 24.1468601226807 24.1374607086182 24.099308013916 24.0741767883301
23.3713798522949 23.5192070007324 23.669994354248 23.7499313354492 23.8379516601562 23.9464721679688 24.0337371826172 24.0840721130371 24.1635704040527 24.2322521209717 24.2822551727295 24.2670783996582 24.2531509399414 24.2586727142334 24.3200206756592 24.3251323699951 24.2652359008789 24.1723976135254 23.9836368560791 23.9289512634277 23.9076404571533 23.8393726348877 23.8557529449463 23.8451805114746 23.8689270019531 23.9152317047119 23.9840698242188 24.1046905517578 24.2864246368408 24.4374446868896 24.5667896270752 24.6384906768799 24.6314754486084 24.6087989807129 24.6164531707764 24.7043342590332 24.6741065979004 24.733283996582 24.7333908081055 24.6173305511475 24.5726470947266 24.5659866333008 24.5641937255859 24.5528469085693 24.4912700653076 24.4314441680908 24.3799686431885
23.6207675933838 23.7525596618652 23.8482074737549 23.9498386383057 24.0401000976562 24.0809650421143 24.122594833374 24.1780071258545 24.1938381195068 24.1620922088623 24.1986656188965 24.2161083221436 24.1886940002441 24.1756935119629 24.2070941925049 24.2765140533447 24.3661670684814 24.4899711608887 24.3273487091064 24.1200695037842 24.0311870574951 23.8993892669678 23.8519496917725 23.8624095916748 23.9056644439697 23.9487133026123 24.06689453125 24.1495819091797 24.3378791809082 24.5123538970947 24.6756610870361 24.7130565643311 24.7389755249023 24.7837753295898 24.799144744873 24.7605781555176 24.7990417480469 24.7623748779297 24.85618019104 24.9122295379639 24.9122085571289 24.9064540863037 24.9073143005371 24.8988285064697 24.8751068115234 24.8098793029785 24.715612411499
23.819860458374 23.9293022155762 24.0160465240479 24.0605220794678 24.1352844238281 24.1650733947754 24.2294101715088 24.2630367279053 24.263277053833 24.2639350891113 24.2713470458984 24.2485733032227 24.2274017333984 24.1998424530029 24.1852226257324 24.2685680389404 24.4829502105713 24.5682849884033 24.441255569458 24.2710189819336 24.2099418640137 24.1165084838867 24.0790309906006 24.1862659454346 24.382360458374 24.5345916748047 24.6938056945801 24.810848236084 24.9928150177002 25.0142517089844 25.0930080413818 25.0974979400635 25.0825862884521 25.020320892334 24.9533290863037 24.8782024383545 24.8484916687012 24.9144096374512 24.9276237487793 24.9876823425293 25.049674987793 25.0577640533447 25.104040145874 25.1537570953369 25.1596012115479 25.1238307952881 25.0304050445557
23.8822898864746 23.9974117279053 24.0460205078125 24.0543441772461 24.1130180358887 24.1407718658447 24.1906719207764 24.2198905944824 24.2779998779297 24.312292098999 24.3555126190186 24.3351879119873 24.2701530456543 24.233678817749 24.2460289001465 24.4255542755127 24.6064872741699 24.5911674499512 24.4870529174805 24.2950859069824 24.3141403198242 24.4562530517578 24.6606941223145 24.8825912475586 25.0413856506348 25.1372699737549 25.1963882446289 25.2496929168701 25.2767963409424 25.2352447509766 25.3085651397705 25.3291015625 25.2891597747803 25.2512454986572 25.1713848114014 25.0737819671631 24.9667644500732 24.9516773223877 25.0431861877441 25.1740798950195 25.2430152893066 25.2485809326172 25.2827014923096 25.2926502227783 25.2615756988525 25.2156276702881 25.1224994659424
23.8221683502197 23.8910446166992 23.9777698516846 24.0184173583984 24.0765476226807 24.1265735626221 24.1549911499023 24.159049987793 24.2263202667236 24.2455444335938 24.2934055328369 24.3189353942871 24.3203983306885 24.3150634765625 24.4087715148926 24.5521068572998 24.5784511566162 24.5477352142334 24.4794406890869 24.4278450012207 24.6231727600098 24.8704719543457 25.0853328704834 25.2420024871826 25.3031902313232 25.3740406036377 25.4043884277344 25.4380989074707 25.4259700775146 25.4131908416748 25.4914245605469 25.5640869140625 25.6032123565674 25.6126613616943 25.5558414459229 25.4271564483643 25.2690296173096 25.1469688415527 25.0843276977539 25.1429786682129 25.3190250396729 25.3355941772461 25.4172420501709 25.4212608337402 25.3861999511719 25.3530521392822 25.1937618255615
23.6921844482422 23.7482795715332 23.8484687805176 23.9649715423584 24.0510787963867 24.11789894104 24.1345691680908 24.1468925476074 24.200590133667 24.2656745910645 24.3326511383057 24.3843002319336 24.4108238220215 24.428337097168 24.4526500701904 24.463264465332 24.4938049316406 24.5528755187988 24.5683326721191 24.7211608886719 25.0187740325928 25.1483325958252 25.18337059021 25.1387214660645 25.1578140258789 25.2951126098633 25.4042434692383 25.4370574951172 25.5074424743652 25.5485210418701 25.615364074707 25.7203578948975 25.8182010650635 25.8668766021729 25.8563404083252 25.8221797943115 25.7244110107422 25.5829200744629 25.4002647399902 25.2595539093018 25.3329334259033 25.3746852874756 25.415096282959 25.4628715515137 25.4368934631348 25.4097690582275 25.293794631958
23.638313293457 23.6510391235352 23.6989727020264 23.8073043823242 23.95778465271 24.077018737793 24.1469860076904 24.1739559173584 24.1911926269531 24.246187210083 24.3476314544678 24.4474029541016 24.4924163818359 24.5138778686523 24.4206161499023 24.430908203125 24.4998435974121 24.6095790863037 24.7627716064453 24.9812068939209 25.1010990142822 25.052734375 24.9759883880615 24.9336700439453 24.9897308349609 25.1971969604492 25.3318691253662 25.472095489502 25.5923023223877 25.6740226745605 25.8315582275391 25.9596366882324 25.9934349060059 25.9576015472412 25.9241962432861 25.9005947113037 25.896203994751 25.8737907409668 25.781364440918 25.563024520874 25.4350929260254 25.4959526062012 25.4547119140625 25.4298114776611 25.4294567108154 25.4197044372559 25.3507099151611
23.5933818817139 23.5983371734619 23.631254196167 23.7032165527344 23.7916812896729 23.939001083374 24.100513458252 24.1864967346191 24.2409992218018 24.2895469665527 24.348539352417 24.4715881347656 24.5312061309814 24.5423336029053 24.5350189208984 24.5197372436523 24.5324039459229 24.6822910308838 24.9205760955811 25.0507354736328 24.9793872833252 24.9376564025879 24.9438743591309 24.9183731079102 25.0228519439697 25.2036933898926 25.3994121551514 25.5462074279785 25.7002220153809 25.8411979675293 25.945032119751 25.9651317596436 26.0006580352783 26.0935134887695 26.1871490478516 26.2391757965088 26.2343692779541 26.1929168701172 26.1461505889893 26.0233135223389 25.7323913574219 25.5899448394775 25.5253582000732 25.4583930969238 25.3840942382812 25.3994255065918 25.3415431976318
23.578161239624 23.5597019195557 23.5950717926025 23.6591453552246 23.719654083252 23.8049144744873 23.9439144134521 24.0914287567139 24.2137928009033 24.2982730865479 24.3885364532471 24.5498104095459 24.6451072692871 24.6597366333008 24.6941509246826 24.7151412963867 24.7995071411133 24.9475688934326 25.0455627441406 25.0052680969238 24.9133129119873 24.9491271972656 24.9572811126709 24.9368553161621 25.0812911987305 25.3368396759033 25.4808120727539 25.7383136749268 25.8511543273926 25.958927154541 26.1539516448975 26.3317241668701 26.4904975891113 26.6142959594727 26.6754913330078 26.69850730896 26.6763916015625 26.6218223571777 26.5172233581543 26.4026298522949 26.2246055603027 25.9738616943359 25.792013168335 25.5835876464844 25.4611854553223 25.3700408935547 25.3350257873535
23.6689548492432 23.604434967041 23.5972785949707 23.6587753295898 23.7202243804932 23.7514343261719 23.846076965332 23.9904174804688 24.1068553924561 24.2489757537842 24.3323020935059 24.4659633636475 24.6902332305908 24.7857570648193 24.8401374816895 24.9139347076416 24.9973297119141 25.0298748016357 25.0000438690186 24.9885005950928 24.9653911590576 24.9324359893799 24.8801746368408 24.930793762207 25.2814464569092 25.4756088256836 25.7523365020752 25.908182144165 26.0571002960205 26.3884048461914 26.5715484619141 26.6948070526123 26.751916885376 26.7518424987793 26.7354583740234 26.7359409332275 26.7263431549072 26.7097778320312 26.6670379638672 26.5563354492188 26.4419918060303 26.2566146850586 26.1508045196533 25.8995227813721 25.6886539459229 25.4704265594482 25.3439235687256
23.6304187774658 23.7136707305908 23.71413230896 23.7210502624512 23.7532291412354 23.760534286499 23.7963256835938 23.9021587371826 24.0377044677734 24.2018718719482 24.3616275787354 24.4627342224121 24.6506881713867 24.9104194641113 25.0079593658447 24.9535331726074 24.9164371490479 24.901237487793 24.8719005584717 24.8481254577637 24.8205718994141 24.8201103210449 24.8407611846924 25.2371807098389 25.4386005401611 25.7096290588379 25.9620933532715 26.2276992797852 26.5057621002197 26.6985893249512 26.746223449707 26.7524223327637 26.750940322876 26.7447547912598 26.7266502380371 26.7134990692139 26.6994705200195 26.6898612976074 26.6886882781982 26.6327266693115 26.5167865753174 26.3077011108398 26.2748146057129 26.1199054718018 25.9333171844482 25.6606559753418 25.4395065307617
23.5321369171143 23.6025047302246 23.6618194580078 23.6939315795898 23.7144947052002 23.7284259796143 23.7691211700439 23.845890045166 23.9368591308594 24.0684852600098 24.2549915313721 24.444881439209 24.5690670013428 24.7070999145508 24.8622817993164 24.8855476379395 24.8658962249756 24.841365814209 24.8275775909424 24.8271007537842 24.7948207855225 24.7225704193115 25.0432891845703 25.4414157867432 25.6509857177734 25.9277744293213 26.3253936767578 26.5108108520508 26.7181434631348 26.7747821807861 26.76344871521 26.767505645752 26.7708072662354 26.7573432922363 26.7294006347656 26.7192535400391 26.692626953125 26.6628093719482 26.6447734832764 26.6478672027588 26.5936965942383 26.3941326141357 26.2961597442627 26.1955261230469 26.0159511566162 25.8324489593506 25.636402130127
23.5260810852051 23.5537967681885 23.5667152404785 23.6093006134033 23.6595363616943 23.6937923431396 23.7333946228027 23.8022155761719 23.8815803527832 23.9805774688721 24.1248722076416 24.2985229492188 24.4418640136719 24.571985244751 24.6914958953857 24.7810020446777 24.8231525421143 24.8323230743408 24.8198986053467 24.7743873596191 24.6852188110352 24.774543762207 25.3450508117676 25.6174354553223 25.8075408935547 26.207202911377 26.4831867218018 26.6830024719238 26.7863597869873 26.7722835540771 26.7803974151611 26.774866104126 26.7566337585449 26.7220764160156 26.7042942047119 26.6853771209717 26.6676540374756 26.643762588501 26.6130657196045 26.611270904541 26.6126461029053 26.5249767303467 26.2998905181885 26.2411098480225 26.0575942993164 25.9044971466064 25.7546482086182
23.5816555023193 23.5915756225586 23.5932636260986 23.6034526824951 23.6363487243652 23.6798286437988 23.72998046875 23.7928600311279 23.8890247344971 23.9936599731445 24.0754833221436 24.1695213317871 24.2631549835205 24.3671321868896 24.4665870666504 24.5552864074707 24.6216239929199 24.6589393615723 24.6601829528809 24.6369533538818 24.6034851074219 25.0292625427246 25.5516529083252 25.7337989807129 25.9971084594727 26.411506652832 26.5981159210205 26.7623500823975 26.7881355285645 26.8090515136719 26.8059139251709 26.7796993255615 26.7046298980713 26.6632175445557 26.650411605835 26.6341800689697 26.6278972625732 26.6186218261719 26.607349395752 26.5817413330078 26.5751876831055 26.5954895019531 26.3492412567139 26.2598133087158 26.1100845336914 25.9375324249268 25.8079986572266
23.6367263793945 23.6177997589111 23.6150398254395 23.6398086547852 23.6702880859375 23.7100620269775 23.7858638763428 23.8846549987793 23.9668445587158 24.020622253418 24.0776271820068 24.1359519958496 24.2024478912354 24.2776737213135 24.341869354248 24.3962230682373 24.449914932251 24.4995536804199 24.5347270965576 24.5619678497314 24.6894664764404 25.2467231750488 25.6435852050781 25.8371315002441 26.1788120269775 26.4768886566162 26.671594619751 26.7883834838867 26.8115348815918 26.8214473724365 26.8102378845215 26.771183013916 26.6777839660645 26.6105098724365 26.5861587524414 26.6060886383057 26.6080513000488 26.6004753112793 26.5866012573242 26.5836868286133 26.5671863555908 26.5681838989258 26.4214878082275 26.2610092163086 26.1240139007568 26.0051193237305 25.8546257019043
23.6513156890869 23.6355686187744 23.6518058776855 23.6935024261475 23.7458801269531 23.8194255828857 23.9022369384766 23.9746608734131 24.0227909088135 24.0885543823242 24.1492023468018 24.197229385376 24.2274436950684 24.2586307525635 24.2978382110596 24.336633682251 24.3894710540771 24.4501495361328 24.4971752166748 24.5592555999756 24.8681812286377 25.3444843292236 25.6699371337891 25.9878406524658 26.2948551177979 26.496223449707 26.7397289276123 26.799036026001 26.825704574585 26.8111381530762 26.8074607849121 26.7653408050537 26.6722412109375 26.621940612793 26.5991191864014 26.6038455963135 26.6166648864746 26.6079273223877 26.6088047027588 26.59010887146 26.5720596313477 26.5409164428711 26.4876174926758 26.30517578125 26.1317157745361 26.0537757873535 25.8965034484863
23.6799640655518 23.6657390594482 23.6959667205811 23.7768535614014 23.8622798919678 23.9260368347168 23.9676036834717 24.0229816436768 24.1118698120117 24.2067050933838 24.2819576263428 24.3326930999756 24.3579597473145 24.3676910400391 24.3841171264648 24.3956470489502 24.4134750366211 24.450159072876 24.4856262207031 24.5903015136719 25.0158100128174 25.3765602111816 25.6977519989014 26.1181869506836 26.3419857025146 26.5056533813477 26.7723598480225 26.8093910217285 26.8354587554932 26.8194465637207 26.8057327270508 26.7612037658691 26.6834182739258 26.6585311889648 26.6397190093994 26.6114845275879 26.6219062805176 26.6019401550293 26.6036682128906 26.5977001190186 26.5764484405518 26.532133102417 26.5199012756348 26.372278213501 26.1778793334961 26.0801067352295 25.9582176208496
23.7147617340088 23.7274494171143 23.7696399688721 23.8669395446777 23.9264316558838 23.9659652709961 24.0279960632324 24.1228370666504 24.204626083374 24.2778759002686 24.3228225708008 24.3575420379639 24.39404296875 24.4280757904053 24.4543933868408 24.4813003540039 24.4939441680908 24.5111141204834 24.5300998687744 24.6653232574463 25.1289939880371 25.380069732666 25.740909576416 26.188325881958 26.3845920562744 26.530782699585 26.8039321899414 26.8312301635742 26.8635807037354 26.8499546051025 26.8282527923584 26.7767581939697 26.6978397369385 26.6791954040527 26.6608867645264 26.6239814758301 26.6192226409912 26.6213150024414 26.6008319854736 26.5667934417725 26.5575618743896 26.5327796936035 26.5082836151123 26.4248161315918 26.2778797149658 26.1441535949707 26.0064582824707
23.750093460083 23.7738914489746 23.843822479248 23.9135990142822 24.0080909729004 24.051155090332 24.0919551849365 24.1739540100098 24.2451267242432 24.3017482757568 24.3565216064453 24.4212303161621 24.4628047943115 24.4995880126953 24.5269069671631 24.5369758605957 24.5370903015137 24.5417404174805 24.5513782501221 24.7356376647949 25.1939144134521 25.3823471069336 25.7517700195312 26.1769981384277 26.4409275054932 26.5403289794922 26.8113098144531 26.8627281188965 26.8863315582275 26.8727207183838 26.8532886505127 26.8057060241699 26.7292881011963 26.6911468505859 26.669506072998 26.6466598510742 26.634147644043 26.6369857788086 26.6169929504395 26.5810222625732 26.5590648651123 26.5405406951904 26.4919910430908 26.3922786712646 26.3567810058594 26.2204265594482 26.0802726745605
23.7886238098145 23.8305263519287 23.8833141326904 23.9621601104736 24.0417232513428 24.0719261169434 24.0954627990723 24.1631717681885 24.2456855773926 24.3261623382568 24.3874359130859 24.447717666626 24.5004920959473 24.5507545471191 24.5706424713135 24.5581398010254 24.5586853027344 24.5471172332764 24.5326271057129 24.773832321167 25.2031860351562 25.3770542144775 25.7015609741211 26.1494121551514 26.444974899292 26.5532302856445 26.7762641906738 26.89137840271 26.8935241699219 26.8848552703857 26.8692283630371 26.8385810852051 26.7674198150635 26.7176151275635 26.6971492767334 26.6645774841309 26.6702861785889 26.6814956665039 26.6415615081787 26.5927581787109 26.5664234161377 26.5521392822266 26.5010833740234 26.3643703460693 26.3535213470459 26.3157386779785 26.148868560791
