Ecospace-environmental-drivers/Outputs/ASCII-for-ecospace/Temp-surf/Temp-surf_X2005.08.asc
NCOLS 131 
NROWS 53 
XLLCORNER -98 
YLLCORNER 23.9265270233154 
CELLSIZE 0.133587792515755 
NODATA_value -3.4e+38 
[rows 21 to 41 of 53, columns 47 to 93 of 131]
31.1531467437744 31.1491241455078 31.1608028411865 31.1716823577881 31.1900787353516 31.2224769592285 31.2357864379883 31.2287559509277 31.2473487854004 31.2603130340576 31.2385807037354 31.19948387146 31.1950759887695 31.1775436401367 31.1553649902344 31.1467876434326 31.1606769561768 31.1630306243896 31.1718997955322 31.1688327789307 31.1511287689209 31.1528778076172 31.1651725769043 31.1594829559326 31.1761283874512 31.1968879699707 31.2163486480713 31.2099266052246 31.2251243591309 31.252498626709 31.3155498504639 31.3814563751221 31.4171028137207 31.4670238494873 31.4934978485107 31.5856819152832 31.6444835662842 31.6635189056396 31.6644592285156 31.6430263519287 31.5908050537109 31.55078125 31.5174407958984 31.451021194458 31.3840293884277 31.3621387481689 31.3265762329102
31.3806838989258 31.3658905029297 31.3475856781006 31.3297004699707 31.3093757629395 31.2926368713379 31.2693920135498 31.2367973327637 31.2091274261475 31.1680583953857 31.1461944580078 31.1559867858887 31.1707515716553 31.181619644165 31.199857711792 31.2081851959229 31.225772857666 31.2393493652344 31.24977684021 31.2552185058594 31.2407283782959 31.2171497344971 31.2066287994385 31.1513156890869 31.1613616943359 31.1484355926514 31.1482086181641 31.1750793457031 31.2143268585205 31.2367897033691 31.290018081665 31.331693649292 31.3708152770996 31.427131652832 31.4431838989258 31.4862823486328 31.5799236297607 31.6193580627441 31.6395778656006 31.6512298583984 31.6339988708496 31.5830173492432 31.5295429229736 31.4786148071289 31.3917903900146 31.3627796173096 31.3398628234863
31.4133987426758 31.3856811523438 31.3813629150391 31.3786926269531 31.3688888549805 31.3293399810791 31.2619953155518 31.2133884429932 31.2155017852783 31.2487831115723 31.2624092102051 31.2566795349121 31.2793712615967 31.3032684326172 31.3200302124023 31.3514308929443 31.3686923980713 31.3867855072021 31.3744678497314 31.3572406768799 31.3410186767578 31.2971096038818 31.2589435577393 31.1900062561035 31.1443214416504 31.1201610565186 31.1429824829102 31.1577911376953 31.1842308044434 31.2206249237061 31.2950267791748 31.3267307281494 31.3445148468018 31.3907985687256 31.4053802490234 31.4478416442871 31.459436416626 31.4884872436523 31.51171875 31.5306625366211 31.5561580657959 31.5643253326416 31.5267906188965 31.5014095306396 31.463888168335 31.3717250823975 31.3401165008545
31.3818836212158 31.3954257965088 31.39089012146 31.3622150421143 31.3124523162842 31.2561645507812 31.2600040435791 31.3107566833496 31.3654594421387 31.3835029602051 31.4045085906982 31.4425525665283 31.4707717895508 31.482048034668 31.484884262085 31.4963932037354 31.4958267211914 31.4917831420898 31.4734439849854 31.4478664398193 31.4131832122803 31.3758850097656 31.3202514648438 31.2558746337891 31.181282043457 31.1333618164062 31.1282329559326 31.1633548736572 31.1720523834229 31.2090015411377 31.2701244354248 31.3005180358887 31.3202991485596 31.323917388916 31.3402824401855 31.3614101409912 31.365213394165 31.3776721954346 31.3982563018799 31.4170093536377 31.4483184814453 31.4888362884521 31.5046806335449 31.4858551025391 31.4722595214844 31.4118003845215 31.3296566009521
31.4285068511963 31.4024314880371 31.3541564941406 31.3143463134766 31.30788230896 31.3390579223633 31.3928527832031 31.4188995361328 31.4312210083008 31.4484977722168 31.5053424835205 31.5807018280029 31.6044292449951 31.5974578857422 31.5805759429932 31.5661468505859 31.5509757995605 31.5418701171875 31.5238876342773 31.5006580352783 31.4637317657471 31.4339008331299 31.3816146850586 31.3157711029053 31.257755279541 31.2121143341064 31.1771087646484 31.1782722473145 31.1941909790039 31.1966800689697 31.2373332977295 31.2536525726318 31.2946109771729 31.2779712677002 31.2692451477051 31.2583351135254 31.2647895812988 31.2851181030273 31.3121032714844 31.3533000946045 31.3860282897949 31.4215774536133 31.4593620300293 31.4845314025879 31.4482650756836 31.4249610900879 31.3383502960205
31.4289321899414 31.3969173431396 31.3745250701904 31.3857517242432 31.4283485412598 31.4626216888428 31.4701499938965 31.4878673553467 31.4926433563232 31.5358562469482 31.6119518280029 31.6787357330322 31.6799030303955 31.6604633331299 31.6289520263672 31.5872402191162 31.5755157470703 31.5660095214844 31.5336456298828 31.5309524536133 31.5088882446289 31.4747142791748 31.4397468566895 31.3761730194092 31.3163166046143 31.2759456634521 31.2586402893066 31.2259922027588 31.2021503448486 31.2132930755615 31.2324199676514 31.2292346954346 31.2608871459961 31.2431640625 31.2252960205078 31.2002410888672 31.2096271514893 31.2105598449707 31.2417526245117 31.2911853790283 31.3550319671631 31.4051494598389 31.4206466674805 31.4641380310059 31.4649848937988 31.4161262512207 31.3638858795166
31.5066738128662 31.4988327026367 31.4953098297119 31.4930095672607 31.4897499084473 31.4996013641357 31.5291805267334 31.571907043457 31.593542098999 31.6491184234619 31.7085552215576 31.7247657775879 31.707633972168 31.6805801391602 31.6497440338135 31.6303520202637 31.6093196868896 31.5805130004883 31.5720157623291 31.5674438476562 31.5463581085205 31.524621963501 31.5050296783447 31.4571952819824 31.4084281921387 31.3512573242188 31.3113212585449 31.2703304290771 31.2699108123779 31.2639179229736 31.252613067627 31.2215805053711 31.236478805542 31.2082462310791 31.1821689605713 31.1803112030029 31.191333770752 31.1958713531494 31.2349052429199 31.290153503418 31.3505764007568 31.3933658599854 31.4059581756592 31.4373817443848 31.4542026519775 31.4229679107666 31.3907661437988
31.5125179290771 31.5317096710205 31.5207462310791 31.5086269378662 31.5069389343262 31.5247497558594 31.5845508575439 31.6263847351074 31.668966293335 31.704309463501 31.7545032501221 31.7683258056641 31.7159938812256 31.6875991821289 31.6929512023926 31.686315536499 31.6514568328857 31.6164073944092 31.5997352600098 31.5873031616211 31.5689067840576 31.5425033569336 31.5284996032715 31.4982719421387 31.4571933746338 31.4060478210449 31.342716217041 31.3057651519775 31.3272361755371 31.315580368042 31.2762603759766 31.2340698242188 31.2167415618896 31.1982002258301 31.1847400665283 31.2026405334473 31.2160816192627 31.2401523590088 31.2677459716797 31.3134746551514 31.3546047210693 31.3877296447754 31.3915958404541 31.4169807434082 31.4397373199463 31.4151344299316 31.414379119873
31.5073337554932 31.5361595153809 31.5389842987061 31.5445861816406 31.5450897216797 31.5754013061523 31.6257362365723 31.6620655059814 31.7050018310547 31.7412662506104 31.7818412780762 31.7993717193604 31.7498226165771 31.7545146942139 31.7494621276855 31.7182216644287 31.6746959686279 31.6364707946777 31.6224517822266 31.5804405212402 31.5523834228516 31.534538269043 31.506814956665 31.494945526123 31.4652214050293 31.4297218322754 31.3850021362305 31.3394718170166 31.3472557067871 31.3428249359131 31.3062610626221 31.2587776184082 31.2149772644043 31.2188682556152 31.2000026702881 31.2122440338135 31.223331451416 31.2629051208496 31.2835178375244 31.320219039917 31.3575630187988 31.3683242797852 31.3655624389648 31.396505355835 31.3998641967773 31.3974342346191 31.4160709381104
31.546314239502 31.5883274078369 31.5888347625732 31.6019725799561 31.5993213653564 31.6298141479492 31.6664009094238 31.6920356750488 31.7266521453857 31.7761116027832 31.8008308410645 31.7938919067383 31.7691555023193 31.7621173858643 31.740291595459 31.7188549041748 31.6795120239258 31.6551456451416 31.6206474304199 31.5774173736572 31.5341148376465 31.5245552062988 31.4964618682861 31.4916706085205 31.4478664398193 31.4092559814453 31.3744163513184 31.3316249847412 31.3438568115234 31.3618545532227 31.3191757202148 31.2741413116455 31.2228546142578 31.2031059265137 31.1846904754639 31.1985454559326 31.2385578155518 31.2535152435303 31.2565727233887 31.2847557067871 31.3153553009033 31.3327732086182 31.3353252410889 31.3612899780273 31.3873920440674 31.3709297180176 31.3729782104492
31.6311359405518 31.6669979095459 31.6435813903809 31.6428871154785 31.6547355651855 31.6791515350342 31.7004375457764 31.7155952453613 31.7737083435059 31.8182525634766 31.8106861114502 31.7842636108398 31.7698936462402 31.7697582244873 31.7477855682373 31.7370891571045 31.7088317871094 31.6742725372314 31.6383304595947 31.5868034362793 31.559534072876 31.5500812530518 31.5200309753418 31.48876953125 31.4536743164062 31.4128704071045 31.3622856140137 31.3299369812012 31.3445854187012 31.3611660003662 31.3257503509521 31.2869300842285 31.2321510314941 31.2070503234863 31.1835079193115 31.1835899353027 31.200080871582 31.215238571167 31.1837787628174 31.2118625640869 31.254264831543 31.2823085784912 31.3046054840088 31.3330535888672 31.3453826904297 31.3052272796631 31.3083381652832
31.7239475250244 31.7170333862305 31.6851806640625 31.6734466552734 31.7156105041504 31.7186489105225 31.7181415557861 31.7387409210205 31.8149738311768 31.8317317962646 31.8201236724854 31.781379699707 31.7947177886963 31.8015689849854 31.7766571044922 31.7610855102539 31.7328796386719 31.6751556396484 31.6427745819092 31.619291305542 31.5926265716553 31.598087310791 31.5725345611572 31.5410747528076 31.4792404174805 31.4043235778809 31.3613986968994 31.3233242034912 31.3369178771973 31.3556327819824 31.3454704284668 31.2940406799316 31.2590084075928 31.2365455627441 31.2060699462891 31.1713962554932 31.1471080780029 31.13645362854 31.1584644317627 31.1674690246582 31.2175464630127 31.2531909942627 31.2613258361816 31.2536315917969 31.2417087554932 31.2300186157227 31.2122116088867
31.7306156158447 31.7093753814697 31.692440032959 31.6983280181885 31.7444248199463 31.7488346099854 31.7309589385986 31.7397327423096 31.8129940032959 31.8284111022949 31.8019008636475 31.7856159210205 31.8109874725342 31.8034706115723 31.7827281951904 31.7762088775635 31.7447662353516 31.7182865142822 31.6929759979248 31.6688995361328 31.6510200500488 31.6344394683838 31.6284275054932 31.5886096954346 31.5074043273926 31.4238910675049 31.3470249176025 31.3271198272705 31.3611087799072 31.3809604644775 31.345630645752 31.3099346160889 31.2912101745605 31.2772197723389 31.2097930908203 31.1008567810059 31.0723323822021 31.0659255981445 31.0980739593506 31.1143684387207 31.1292591094971 31.1427383422852 31.1546592712402 31.1701221466064 31.1639156341553 31.1417369842529 31.1364574432373
31.7493057250977 31.7175254821777 31.6971912384033 31.7263946533203 31.7660999298096 31.7670650482178 31.7241497039795 31.7352428436279 31.7733936309814 31.8069267272949 31.7953262329102 31.8092765808105 31.8022956848145 31.7933216094971 31.7868785858154 31.7840900421143 31.7614669799805 31.7419719696045 31.7144165039062 31.6904735565186 31.6822395324707 31.6725730895996 31.6486778259277 31.5894374847412 31.5283603668213 31.4668254852295 31.4043445587158 31.3875713348389 31.4188060760498 31.3817901611328 31.3389377593994 31.3361225128174 31.3435077667236 31.2829990386963 31.2008590698242 31.1271934509277 31.0987567901611 31.1101207733154 31.121187210083 31.095495223999 31.0698795318604 31.0734767913818 31.0626316070557 31.0834846496582 31.1104755401611 31.1080455780029 31.0898265838623
31.8165168762207 31.774299621582 31.7541408538818 31.7601146697998 31.7724990844727 31.7454700469971 31.7375831604004 31.7369060516357 31.7424850463867 31.8034229278564 31.8371925354004 31.8483600616455 31.7997512817383 31.7916297912598 31.7888145446777 31.7737007141113 31.7605590820312 31.7255706787109 31.695972442627 31.6693229675293 31.6682376861572 31.657133102417 31.632640838623 31.607889175415 31.5652904510498 31.5012969970703 31.4575214385986 31.4382648468018 31.4072494506836 31.3612594604492 31.3416709899902 31.3554363250732 31.3560657501221 31.3342819213867 31.2695693969727 31.2380981445312 31.1855869293213 31.1571750640869 31.1277484893799 31.1207447052002 31.0905418395996 31.0591564178467 31.0615005493164 31.0396003723145 31.0643329620361 31.0851573944092 31.0426387786865
31.7677688598633 31.7913494110107 31.7759017944336 31.7631855010986 31.7656478881836 31.7864570617676 31.7844142913818 31.762149810791 31.7826061248779 31.8201465606689 31.8495082855225 31.8468551635742 31.8013114929199 31.7761783599854 31.7650680541992 31.7663326263428 31.7461318969727 31.7080345153809 31.6772708892822 31.660472869873 31.6543216705322 31.6393623352051 31.6328868865967 31.5967178344727 31.5763034820557 31.5420818328857 31.4927883148193 31.4610939025879 31.3905258178711 31.3527793884277 31.3663864135742 31.3890686035156 31.3841133117676 31.3317604064941 31.2852573394775 31.2365665435791 31.1496257781982 31.0775127410889 31.0363159179688 31.0463581085205 31.04176902771 31.0607471466064 31.0790538787842 31.0668354034424 31.0258026123047 31.0319557189941 30.9840259552002
31.7615509033203 31.7737598419189 31.7629508972168 31.7640838623047 31.7672309875488 31.810266494751 31.7882556915283 31.7585906982422 31.7540111541748 31.7991771697998 31.8150234222412 31.8354930877686 31.8194808959961 31.7891292572021 31.7636585235596 31.7495422363281 31.7278747558594 31.7050914764404 31.6725292205811 31.6377944946289 31.5996952056885 31.5993041992188 31.5735244750977 31.5419368743896 31.5217800140381 31.5061149597168 31.4756107330322 31.4151172637939 31.3837070465088 31.4022369384766 31.3787460327148 31.3420372009277 31.3130111694336 31.2643051147461 31.1665172576904 31.046817779541 30.9628715515137 30.9265823364258 30.9197692871094 30.9124526977539 30.9102592468262 30.9370594024658 30.9967060089111 31.0715217590332 31.0591354370117 31.0354671478271 30.9532413482666
31.7500419616699 31.7947864532471 31.7989673614502 31.8071022033691 31.8078727722168 31.8049468994141 31.7676467895508 31.7172298431396 31.7150382995605 31.7596797943115 31.8069477081299 31.7937450408936 31.7913074493408 31.7645225524902 31.7308311462402 31.7025165557861 31.6771144866943 31.664134979248 31.6307964324951 31.6030025482178 31.5582523345947 31.5338172912598 31.4848690032959 31.4586982727051 31.4411869049072 31.4108352661133 31.3525390625 31.36985206604 31.3686389923096 31.3326721191406 31.2933578491211 31.2402324676514 31.1587333679199 31.0480365753174 30.8925819396973 30.8526306152344 30.880313873291 30.8862285614014 30.9088592529297 30.922643661499 30.8966884613037 30.8798522949219 30.8879337310791 30.9482307434082 31.058012008667 31.0613822937012 30.9616661071777
31.6999168395996 31.728141784668 31.7566909790039 31.7901821136475 31.7666206359863 31.7333011627197 31.7558994293213 31.6885585784912 31.6675128936768 31.719820022583 31.751163482666 31.7610359191895 31.7526302337646 31.7385559082031 31.7027034759521 31.6720542907715 31.6507377624512 31.6194858551025 31.6045913696289 31.5859203338623 31.5759735107422 31.561014175415 31.5285949707031 31.4778823852539 31.3922519683838 31.3346767425537 31.3089237213135 31.2474994659424 31.1424121856689 31.0323963165283 30.9635334014893 30.9312305450439 30.9281196594238 30.8655967712402 30.8264541625977 30.8522186279297 30.8891830444336 30.9022846221924 30.917854309082 30.9582653045654 30.9637756347656 30.9455146789551 30.9259052276611 30.9363803863525 30.9671592712402 31.0370349884033 30.9800968170166
31.6453857421875 31.670295715332 31.7061290740967 31.7044086456299 31.6782913208008 31.6804351806641 31.6933059692383 31.6559200286865 31.6375675201416 31.6796207427979 31.7025909423828 31.7248401641846 31.7140026092529 31.7007637023926 31.6606845855713 31.6219272613525 31.589786529541 31.5642414093018 31.5415000915527 31.5247325897217 31.4989395141602 31.4706878662109 31.4318714141846 31.3834629058838 31.3667907714844 31.3261585235596 31.2349185943604 31.0903491973877 30.9721775054932 30.8707065582275 30.8464946746826 30.8425979614258 30.7856864929199 30.7343521118164 30.7994384765625 30.8491306304932 30.8894386291504 30.9192028045654 30.9603328704834 31.0069847106934 31.0106964111328 31.0079250335693 30.9940795898438 30.951940536499 30.9534397125244 30.9931240081787 30.9896183013916
31.5760135650635 31.5968589782715 31.61594581604 31.6294765472412 31.6213550567627 31.6642169952393 31.6427173614502 31.6292419433594 31.6263103485107 31.6366348266602 31.6331481933594 31.6495056152344 31.6322956085205 31.6156311035156 31.5879764556885 31.5463981628418 31.5004291534424 31.4663333892822 31.4372253417969 31.435962677002 31.4355335235596 31.4219532012939 31.4293994903564 31.4006290435791 31.2631530761719 31.153377532959 31.0491790771484 30.9710025787354 30.8710460662842 30.7685222625732 30.80029296875 30.8071231842041 30.7472381591797 30.6792373657227 30.7389488220215 30.8269100189209 30.8730735778809 30.9170722961426 31.0199737548828 31.0608215332031 31.0521945953369 31.0488929748535 31.0551910400391 31.0088920593262 30.9784145355225 30.9671440124512 30.9668159484863
