Ecospace-environmental-drivers/Outputs/ASCII-for-ecospace/Temp-surf/Temp-surf_X2013.07.asc
NCOLS 131 
NROWS 53 
XLLCORNER -98 
YLLCORNER 23.9265270233154 
CELLSIZE 0.133587792515755 
NODATA_value -3.4e+38 
[rows 21 to 41 of 53, columns 0 to 46 of 131]
-3.4e+38 -3.4e+38 -3.4e+38 -3.4e+38 -3.4e+38 -3.4e+38 30.6071529388428 30.5709571838379 30.4288578033447 30.5649967193604 30.0603885650635 29.2671813964844 28.989860534668 28.9099102020264 29.0169696807861 29.1233711242676 29.2126541137695 29.2679214477539 29.2880249023438 29.2477340698242 29.1798095703125 29.1409893035889 29.1348171234131 29.0793018341064 29.1508979797363 29.1411876678467 29.2748718261719 29.2822895050049 29.3661918640137 29.419002532959 29.5005397796631 29.5523166656494 29.5655078887939 29.5172805786133 29.5432090759277 29.5831146240234 29.5852355957031 29.5830135345459 29.5670833587646 29.5751914978027 29.5629959106445 29.5222129821777 29.49778175354 29.5063705444336 29.3979320526123 29.2610988616943 29.3019275665283
-3.4e+38 -3.4e+38 -3.4e+38 -3.4e+38 -3.4e+38 -3.4e+38 30.6049728393555 30.6093330383301 30.4985637664795 29.7901096343994 29.0478591918945 28.8085136413574 28.8456020355225 28.9576511383057 29.0332508087158 29.0586566925049 29.0407218933105 29.0020446777344 28.9155750274658 28.8343296051025 28.9199829101562 29.0501251220703 29.1445217132568 29.2136840820312 29.2642250061035 29.3269176483154 29.3826694488525 29.3566112518311 29.4092807769775 29.4288330078125 29.4259796142578 29.4250335693359 29.4498844146729 29.5061111450195 29.4996681213379 29.5109176635742 29.5156955718994 29.5567874908447 29.5681629180908 29.5489635467529 29.526704788208 29.5156669616699 29.5290660858154 29.5293045043945 29.5324363708496 29.5160465240479 29.5248985290527
-3.4e+38 -3.4e+38 -3.4e+38 -3.4e+38 30.45041847229 30.4802780151367 30.5517673492432 30.6270027160645 29.6940689086914 28.794132232666 28.7020854949951 28.8050594329834 28.8800086975098 28.8232822418213 28.6985969543457 28.6196422576904 28.6039810180664 28.7793483734131 28.9836940765381 29.0543365478516 29.0912532806396 29.1687183380127 29.3025360107422 29.3482551574707 29.3820762634277 29.3603954315186 29.3294506072998 29.3742599487305 29.3563041687012 29.3112964630127 29.3290634155273 29.3806438446045 29.4192218780518 29.453987121582 29.5184383392334 29.5105400085449 29.5319538116455 29.5786933898926 29.5580711364746 29.5106716156006 29.4875812530518 29.4742240905762 29.4651985168457 29.4711227416992 29.4785327911377 29.4923229217529 29.511474609375
-3.4e+38 -3.4e+38 -3.4e+38 -3.4e+38 30.5758972167969 30.3249397277832 30.3438091278076 29.2247619628906 28.6966323852539 28.647346496582 28.7557182312012 28.7259635925293 28.5588912963867 28.5313320159912 28.649845123291 28.7958698272705 28.9057769775391 28.9882965087891 29.0820865631104 29.1714572906494 29.2864437103271 29.360200881958 29.4034786224365 29.4128589630127 29.3989505767822 29.396183013916 29.387788772583 29.4019165039062 29.4209098815918 29.4032821655273 29.383918762207 29.386344909668 29.4046268463135 29.4139442443848 29.4419403076172 29.4493827819824 29.4954891204834 29.5447597503662 29.5414066314697 29.494312286377 29.4631290435791 29.4382209777832 29.4306163787842 29.4219131469727 29.4171199798584 29.4286365509033 29.4548034667969
-3.4e+38 -3.4e+38 -3.4e+38 -3.4e+38 -3.4e+38 30.2189311981201 30.0443515777588 28.6403369903564 28.5439167022705 28.6795997619629 28.6229095458984 28.4475479125977 28.5239753723145 28.7886524200439 28.989143371582 29.0924854278564 29.1660690307617 29.2005023956299 29.2197322845459 29.2485694885254 29.2667961120605 29.2856712341309 29.2871265411377 29.2801361083984 29.2835826873779 29.2721309661865 29.2711353302002 29.2821521759033 29.2849731445312 29.3115787506104 29.3581466674805 29.3899421691895 29.3959007263184 29.4240417480469 29.4369106292725 29.4508380889893 29.4708423614502 29.4917068481445 29.5046768188477 29.4927577972412 29.4721050262451 29.4709701538086 29.4505290985107 29.4167633056641 29.4089221954346 29.4239521026611 29.4519119262695
-3.4e+38 -3.4e+38 -3.4e+38 -3.4e+38 -3.4e+38 30.2308387756348 28.8105335235596 28.3834533691406 28.5363903045654 28.5002002716064 28.3685970306396 28.5591354370117 28.9041919708252 29.0757942199707 29.1420440673828 29.157922744751 29.1730880737305 29.1722259521484 29.1789073944092 29.2263240814209 29.2625160217285 29.2935409545898 29.3117542266846 29.3144245147705 29.3005809783936 29.2838039398193 29.2822895050049 29.2978992462158 29.3178596496582 29.3253955841064 29.3485889434814 29.351203918457 29.3735084533691 29.398832321167 29.4413108825684 29.4750156402588 29.5000534057617 29.5166473388672 29.5170593261719 29.5245590209961 29.5186653137207 29.499641418457 29.4623050689697 29.4394664764404 29.4484310150146 29.4704532623291 29.4937229156494
-3.4e+38 -3.4e+38 30.447338104248 30.0407066345215 30.0060539245605 29.5309391021729 28.3075313568115 28.3641796112061 28.4114685058594 28.3220710754395 28.5447444915771 28.8776416778564 29.0348892211914 29.0682621002197 29.0952129364014 29.1107387542725 29.1342887878418 29.1604709625244 29.2027320861816 29.2329216003418 29.2629299163818 29.2993412017822 29.3191184997559 29.3276195526123 29.3396739959717 29.3428649902344 29.3416938781738 29.3406734466553 29.343578338623 29.3714408874512 29.3927021026611 29.407922744751 29.4083213806152 29.4194869995117 29.4404430389404 29.4617900848389 29.4968585968018 29.5206432342529 29.538122177124 29.5400085449219 29.5289497375488 29.5084495544434 29.4698333740234 29.4584865570068 29.4782943725586 29.4864654541016 29.4986438751221
-339999999999999996128486808808066248288.000000000000000 -3.4e+38 -3.4e+38 -3.4e+38 29.6687278747559 28.7771949768066 28.1846733093262 28.3300704956055 28.265869140625 28.4010028839111 28.8013668060303 28.9612197875977 28.9508781433105 29.0114593505859 29.0514545440674 29.086820602417 29.1552677154541 29.1649990081787 29.192268371582 29.2488193511963 29.2927532196045 29.3342342376709 29.3548164367676 29.3619441986084 29.386266708374 29.3758907318115 29.3593120574951 29.3514862060547 29.3567199707031 29.3856163024902 29.4153709411621 29.4237594604492 29.4330139160156 29.4370555877686 29.4324569702148 29.4624633789062 29.4836196899414 29.5011692047119 29.5023498535156 29.5270328521729 29.5135746002197 29.5028381347656 29.4692497253418 29.4641380310059 29.4869995117188 29.4862422943115 29.4785976409912
-3.4e+38 -3.4e+38 -3.4e+38 -3.4e+38 29.5362968444824 28.399751663208 28.2199764251709 28.2673416137695 28.2573623657227 28.5881271362305 28.8747138977051 28.854133605957 28.8650722503662 28.9498538970947 29.0218963623047 29.0965709686279 29.1643447875977 29.1706104278564 29.2044773101807 29.2508640289307 29.2844982147217 29.3218975067139 29.348352432251 29.3715991973877 29.3841228485107 29.3779773712158 29.3997936248779 29.4243221282959 29.4064273834229 29.3914051055908 29.4135761260986 29.4096698760986 29.4027729034424 29.4061679840088 29.4092426300049 29.4407691955566 29.4827346801758 29.5119037628174 29.5180244445801 29.512092590332 29.5145950317383 29.5010643005371 29.4942588806152 29.4823760986328 29.4856262207031 29.4608860015869 29.4855422973633
-3.4e+38 -3.4e+38 -3.4e+38 -3.4e+38 29.0097923278809 28.3092079162598 28.2601413726807 28.2341957092285 28.3572769165039 28.6853981018066 28.8063774108887 28.7869968414307 28.8208694458008 28.8998107910156 28.9981536865234 29.1134433746338 29.1914176940918 29.191520690918 29.2291507720947 29.2595806121826 29.3158740997314 29.350040435791 29.3701114654541 29.3758659362793 29.3760471343994 29.4123363494873 29.4319152832031 29.4309730529785 29.4175662994385 29.4006290435791 29.3907947540283 29.3783187866211 29.3902359008789 29.4059295654297 29.4068069458008 29.43288230896 29.4705219268799 29.4941558837891 29.5069999694824 29.50634765625 29.4964122772217 29.5018978118896 29.5029773712158 29.4882030487061 29.4696617126465 29.4674701690674 29.4825592041016
-3.4e+38 -3.4e+38 -3.4e+38 -3.4e+38 29.0229873657227 28.3131332397461 28.3021030426025 28.2626514434814 28.4060554504395 28.6851654052734 28.7665309906006 28.7553691864014 28.7926235198975 28.8756160736084 29.0015830993652 29.1420383453369 29.2297801971436 29.2318782806396 29.2347278594971 29.2711715698242 29.3327770233154 29.3711814880371 29.3852081298828 29.3824520111084 29.4233436584473 29.4315910339355 29.4441165924072 29.455587387085 29.4354667663574 29.4097557067871 29.4023666381836 29.3985786437988 29.3998680114746 29.4050827026367 29.4075870513916 29.4442195892334 29.4720973968506 29.4813995361328 29.4921627044678 29.5037269592285 29.5061683654785 29.5077629089355 29.5071392059326 29.4807453155518 29.468318939209 29.4761295318604 29.47829246521
-3.4e+38 -3.4e+38 -3.4e+38 -3.4e+38 29.0730743408203 28.4349632263184 28.3630390167236 28.3173351287842 28.4050025939941 28.6127777099609 28.7694568634033 28.7502918243408 28.7629051208496 28.8583641052246 29.0358200073242 29.2229995727539 29.2969436645508 29.2845726013184 29.2820911407471 29.3035373687744 29.3410015106201 29.3847904205322 29.3671741485596 29.4136810302734 29.4123687744141 29.4026298522949 29.4120674133301 29.4163398742676 29.4206161499023 29.4103507995605 29.3977851867676 29.3952884674072 29.4054508209229 29.4197006225586 29.4425086975098 29.4717235565186 29.4769630432129 29.4817657470703 29.4919605255127 29.5121421813965 29.5168037414551 29.5118293762207 29.4992790222168 29.4777946472168 29.480318069458 29.4741821289062 29.4602909088135
-3.4e+38 -3.4e+38 -3.4e+38 -3.4e+38 29.0614719390869 28.4518260955811 28.3723011016846 28.4389324188232 28.3481483459473 28.5354061126709 28.7360515594482 28.7359828948975 28.7121658325195 28.8727035522461 29.1007537841797 29.3047657012939 29.3375263214111 29.3174915313721 29.3069000244141 29.2991847991943 29.3434047698975 29.3846378326416 29.390905380249 29.4045581817627 29.3881855010986 29.3681907653809 29.3630199432373 29.3677444458008 29.3772354125977 29.3846836090088 29.3829441070557 29.3928127288818 29.4067401885986 29.4298095703125 29.4641227722168 29.4784030914307 29.478551864624 29.4940528869629 29.5077781677246 29.5194339752197 29.5231246948242 29.5190658569336 29.4999084472656 29.4861602783203 29.4885673522949 29.479434967041 29.4572696685791
-3.4e+38 -3.4e+38 -3.4e+38 -3.4e+38 -3.4e+38 28.7801170349121 28.3486289978027 28.5175151824951 28.3594989776611 28.3771476745605 28.6564769744873 28.7141628265381 28.7387256622314 28.9189777374268 29.1739253997803 29.3477420806885 29.3890571594238 29.3493404388428 29.3244285583496 29.3122138977051 29.3431854248047 29.394702911377 29.3819236755371 29.3830738067627 29.3719329833984 29.3425559997559 29.337028503418 29.3492393493652 29.3651313781738 29.3805923461914 29.3873538970947 29.4047622680664 29.4206275939941 29.4542407989502 29.4717712402344 29.4846973419189 29.4946041107178 29.5112953186035 29.5163764953613 29.5244083404541 29.5270080566406 29.5130062103271 29.4941062927246 29.4942436218262 29.499755859375 29.4789867401123 29.4808406829834
-3.4e+38 -3.4e+38 -3.4e+38 -3.4e+38 -3.4e+38 28.8728275299072 28.3242378234863 28.5006217956543 28.4571666717529 28.2463912963867 28.5507583618164 28.7063255310059 28.773042678833 28.9598083496094 29.242618560791 29.3974227905273 29.3945560455322 29.3716506958008 29.3501529693604 29.3418598175049 29.3582248687744 29.3737163543701 29.3660678863525 29.3761730194092 29.3773632049561 29.3558330535889 29.3659629821777 29.3833351135254 29.3968544006348 29.4018955230713 29.4105548858643 29.4260673522949 29.4546432495117 29.4759693145752 29.4787425994873 29.4916915893555 29.5104827880859 29.5146141052246 29.5171127319336 29.5193557739258 29.5123691558838 29.4967155456543 29.4923458099365 29.5010318756104 29.5090732574463 29.5047874450684 29.5030822753906
-3.4e+38 -3.4e+38 -3.4e+38 -3.4e+38 -3.4e+38 29.4409999847412 28.4938278198242 28.4764881134033 28.4900417327881 28.30517578125 28.4510021209717 28.711519241333 28.830005645752 29.0529270172119 29.3231315612793 29.3846836090088 29.3841114044189 29.3783550262451 29.3651638031006 29.3465309143066 29.3561000823975 29.3449039459229 29.358325958252 29.3783779144287 29.3894023895264 29.3847103118896 29.4001502990723 29.4195251464844 29.4324989318848 29.438793182373 29.4459953308105 29.452054977417 29.4627895355225 29.4695262908936 29.4724388122559 29.4805221557617 29.4802665710449 29.4880714416504 29.4919528961182 29.4912395477295 29.4880790710449 29.4943237304688 29.5037136077881 29.5184707641602 29.5253353118896 29.527286529541 29.5356025695801
-3.4e+38 -3.4e+38 -3.4e+38 -3.4e+38 -3.4e+38 -3.4e+38 28.8823833465576 28.4489269256592 28.448751449585 28.2783966064453 28.3998584747314 28.7507610321045 28.9041137695312 29.1595706939697 29.3517875671387 29.3755760192871 29.3783798217773 29.377140045166 29.3666019439697 29.3424682617188 29.3484325408936 29.3180656433105 29.35471534729 29.3828868865967 29.3980884552002 29.3989143371582 29.4248828887939 29.4461078643799 29.4542751312256 29.4637699127197 29.4714088439941 29.4804573059082 29.4790210723877 29.4799690246582 29.4887790679932 29.5061511993408 29.524528503418 29.5228385925293 29.5058994293213 29.4938907623291 29.494119644165 29.5002746582031 29.5092639923096 29.5161571502686 29.5245513916016 29.5326957702637 29.543212890625
-3.4e+38 -3.4e+38 -3.4e+38 -3.4e+38 -3.4e+38 -3.4e+38 28.6686019897461 28.3954277038574 28.3363513946533 28.2085742950439 28.3960475921631 28.7709617614746 28.947790145874 29.2352542877197 29.3545665740967 29.3620948791504 29.374626159668 29.3725299835205 29.3596858978271 29.338809967041 29.3355560302734 29.317024230957 29.349063873291 29.3886299133301 29.3982486724854 29.4068584442139 29.4250755310059 29.4435901641846 29.4499092102051 29.465950012207 29.4794387817383 29.4845161437988 29.4848194122314 29.4984760284424 29.5111656188965 29.5253715515137 29.5308227539062 29.5267429351807 29.5229778289795 29.517333984375 29.5068302154541 29.4913997650146 29.4869213104248 29.5063285827637 29.5079555511475 29.5197143554688 29.524528503418
-3.4e+38 -3.4e+38 -3.4e+38 -3.4e+38 -3.4e+38 -3.4e+38 29.2380180358887 28.3240337371826 28.164041519165 28.060754776001 28.4222106933594 28.790864944458 29.0189113616943 29.2787647247314 29.3527793884277 29.3675537109375 29.3751049041748 29.3657722473145 29.3568840026855 29.3286666870117 29.3289680480957 29.3273220062256 29.330436706543 29.3776950836182 29.3894176483154 29.3985118865967 29.4167079925537 29.4317626953125 29.4481735229492 29.4614543914795 29.4721736907959 29.4840126037598 29.4886684417725 29.496753692627 29.5098037719727 29.5149765014648 29.5109615325928 29.5106010437012 29.5085735321045 29.5044536590576 29.4985179901123 29.4955139160156 29.4963932037354 29.4959373474121 29.4988136291504 29.5033359527588 29.513786315918
-3.4e+38 -3.4e+38 -3.4e+38 -3.4e+38 -3.4e+38 29.1141338348389 29.1875286102295 28.2526454925537 28.0079803466797 28.0553874969482 28.5551776885986 28.8487663269043 29.16086769104 29.3047561645508 29.3483543395996 29.3718681335449 29.3661594390869 29.3655815124512 29.3501968383789 29.3296775817871 29.3197288513184 29.3238868713379 29.3217105865479 29.3577499389648 29.3711395263672 29.3839435577393 29.3959560394287 29.4215507507324 29.4306182861328 29.4540672302246 29.4669532775879 29.4749889373779 29.4687900543213 29.4697017669678 29.4837589263916 29.4891242980957 29.4945316314697 29.5061626434326 29.5037975311279 29.4958343505859 29.4924430847168 29.4875564575195 29.4899559020996 29.4909820556641 29.4937858581543 29.5012226104736 29.5032024383545
-3.4e+38 -3.4e+38 -3.4e+38 -3.4e+38 30.0686378479004 29.1641864776611 28.9168529510498 28.2072772979736 27.9321537017822 28.1369552612305 28.6072578430176 28.9943199157715 29.2567863464355 29.3310031890869 29.3579044342041 29.3786010742188 29.3689861297607 29.3603096008301 29.3375301361084 29.3281593322754 29.3179988861084 29.3259754180908 29.3124942779541 29.3521041870117 29.360933303833 29.3618354797363 29.3763198852539 29.4106292724609 29.4288673400879 29.4755439758301 29.4926986694336 29.4586315155029 29.4592533111572 29.4433898925781 29.4432258605957 29.462474822998 29.4740715026855 29.480655670166 29.4896087646484 29.4865837097168 29.485315322876 29.4920673370361 29.4869270324707 29.4886531829834 29.4873847961426 29.4649391174316 29.4723873138428
