Ecospace-environmental-drivers/Outputs/ASCII-for-ecospace/Temp-surf/Temp-surf_X2006.10.asc
NCOLS 131 
NROWS 53 
XLLCORNER -98 
YLLCORNER 23.9265270233154 
CELLSIZE 0.133587792515755 
NODATA_value -3.4e+38 
[rows 21 to 41 of 53, columns 0 to 46 of 131]
-3.4e+38 -3.4e+38 -3.4e+38 -3.4e+38 -3.4e+38 -3.4e+38 27.298246383667 27.2394676208496 27.2225856781006 27.0342483520508 27.1888694763184 27.36181640625 27.5625820159912 27.698299407959 27.7354736328125 27.7616138458252 27.7704105377197 27.7643413543701 27.7521095275879 27.7327671051025 27.7351303100586 27.7672500610352 27.7939510345459 27.7768268585205 27.7427520751953 27.7306213378906 27.73291015625 27.7216186523438 27.7167854309082 27.721643447876 27.7326354980469 27.7567291259766 27.7941608428955 27.8419933319092 27.8977928161621 27.9480934143066 27.993803024292 28.0223522186279 28.03346824646 28.0405769348145 28.0527801513672 28.0717964172363 28.0829544067383 28.0863494873047 28.0721282958984 28.0563316345215 28.05495262146
-3.4e+38 -3.4e+38 -3.4e+38 -3.4e+38 -3.4e+38 -3.4e+38 27.3057880401611 27.3494853973389 27.2394676208496 27.3940410614014 27.5798721313477 27.734037399292 27.817476272583 27.8179397583008 27.8028373718262 27.8100662231445 27.8204822540283 27.8198795318604 27.8223323822021 27.8545379638672 27.9230918884277 27.9838333129883 28.0367984771729 28.0316925048828 28.0116424560547 27.9957675933838 27.9671077728271 27.9293079376221 27.8944396972656 27.8804416656494 27.8892517089844 27.9113426208496 27.9160461425781 27.9308032989502 27.9507274627686 27.9992733001709 28.0757541656494 28.1549816131592 28.2110004425049 28.2310314178467 28.2250442504883 28.2211818695068 28.2071743011475 28.1862010955811 28.1530570983887 28.1301498413086 28.1335754394531
-3.4e+38 -3.4e+38 -3.4e+38 -3.4e+38 27.3702831268311 27.3294429779053 27.3884601593018 27.3057880401611 27.5031986236572 27.7190265655518 27.829252243042 27.8382701873779 27.8264484405518 27.8443775177002 27.8733901977539 27.8901863098145 27.9139747619629 27.9358978271484 27.965482711792 28.0261878967285 28.1112308502197 28.1674633026123 28.200777053833 28.2133140563965 28.2230987548828 28.2288150787354 28.2189025878906 28.20774269104 28.1951351165771 28.1818008422852 28.163158416748 28.1373996734619 28.1231517791748 28.1189002990723 28.15260887146 28.172046661377 28.1982574462891 28.2533836364746 28.254093170166 28.2324829101562 28.2070350646973 28.1892604827881 28.1585559844971 28.1149082183838 28.0817546844482 28.0709323883057 28.0654106140137
-3.4e+38 -3.4e+38 -3.4e+38 -3.4e+38 27.3834991455078 27.3979053497314 27.3294429779053 27.5301513671875 27.7670993804932 27.8655700683594 27.8374195098877 27.8624515533447 27.9266185760498 27.9819316864014 28.0055541992188 28.0279903411865 28.0442199707031 28.0601558685303 28.0947608947754 28.1338424682617 28.1841106414795 28.2279815673828 28.2706851959229 28.2959938049316 28.3064994812012 28.3289527893066 28.3346729278564 28.3263683319092 28.3218841552734 28.3165893554688 28.32346534729 28.3206920623779 28.2939891815186 28.2708625793457 28.2620067596436 28.2589588165283 28.2459888458252 28.208044052124 28.1682167053223 28.1498317718506 28.1346454620361 28.1125907897949 28.0929546356201 28.0836639404297 28.0784606933594 28.0700035095215 28.057186126709
-3.4e+38 -3.4e+38 -3.4e+38 -3.4e+38 -3.4e+38 27.3834991455078 27.4807739257812 27.7546138763428 27.8767871856689 27.8319301605225 27.8518447875977 27.9511222839355 28.0177440643311 28.0389308929443 28.0340042114258 28.0316429138184 28.0301551818848 28.0378112792969 28.0818347930908 28.1849193572998 28.2804298400879 28.3024806976318 28.3187828063965 28.3175735473633 28.3115139007568 28.3326988220215 28.3624897003174 28.3717918395996 28.3788261413574 28.3805885314941 28.3810195922852 28.3750038146973 28.364372253418 28.3366184234619 28.3032817840576 28.2719860076904 28.2439556121826 28.1693305969238 28.1247806549072 28.1250495910645 28.1185264587402 28.1192512512207 28.1187362670898 28.1192798614502 28.1231918334961 28.1248035430908 28.1195163726807
-3.4e+38 -3.4e+38 -3.4e+38 -3.4e+38 -3.4e+38 27.3980541229248 27.6690330505371 27.875093460083 27.8425693511963 27.7861709594727 27.9197597503662 28.0071277618408 28.038969039917 28.0251026153564 28.0168685913086 28.0117454528809 27.9967517852783 28.0002593994141 28.0712795257568 28.1924781799316 28.2721385955811 28.2963180541992 28.2868022918701 28.2782936096191 28.2824478149414 28.3746795654297 28.4521427154541 28.4379386901855 28.4129428863525 28.3918304443359 28.3847503662109 28.3761863708496 28.363468170166 28.3476657867432 28.310733795166 28.274881362915 28.2294273376465 28.1424560546875 28.1261081695557 28.1434001922607 28.1409568786621 28.1395092010498 28.1513957977295 28.1820430755615 28.2036151885986 28.2151889801025 28.2239570617676
-3.4e+38 -3.4e+38 26.7238788604736 26.8465728759766 27.2290058135986 27.4807662963867 27.7858390808105 27.8721771240234 27.8077392578125 27.8228092193604 27.9743099212646 28.0248775482178 28.028226852417 28.0180759429932 28.0039215087891 27.9931488037109 27.9719581604004 28.0010681152344 28.073543548584 28.1417064666748 28.2113075256348 28.2732219696045 28.3069972991943 28.3146800994873 28.3788013458252 28.4493579864502 28.4885101318359 28.4684906005859 28.4206447601318 28.3935432434082 28.3759651184082 28.3426189422607 28.3347568511963 28.3327312469482 28.2888946533203 28.2525253295898 28.1973648071289 28.1781616210938 28.170970916748 28.1561317443848 28.1597518920898 28.1895694732666 28.2245197296143 28.2613487243652 28.3007793426514 28.3396129608154 28.377799987793
-339999999999999996128486808808066248288.000000000000000 -3.4e+38 -3.4e+38 -3.4e+38 26.9692687988281 27.5730609893799 27.8508319854736 27.8419170379639 27.7832069396973 27.8802127838135 28.0028381347656 28.0457553863525 28.0678462982178 28.0397796630859 28.0150127410889 28.0042781829834 28.0135593414307 28.0351009368896 28.0829811096191 28.105541229248 28.175199508667 28.2747497558594 28.347728729248 28.4159889221191 28.4731254577637 28.4850177764893 28.48899269104 28.477331161499 28.4260406494141 28.3875141143799 28.3532295227051 28.3309764862061 28.3269691467285 28.3055953979492 28.2546253204346 28.2224063873291 28.2265243530273 28.2271671295166 28.2181148529053 28.2256164550781 28.2668437957764 28.2977199554443 28.3422012329102 28.3788223266602 28.4074859619141 28.4500503540039 28.474760055542
-3.4e+38 -3.4e+38 -3.4e+38 -3.4e+38 26.9721412658691 27.6606903076172 27.8855075836182 27.8259582519531 27.7826519012451 27.8957176208496 28.0148849487305 28.0843067169189 28.1048698425293 28.0940856933594 28.0747413635254 28.061107635498 28.0525817871094 28.0685005187988 28.1041126251221 28.1243381500244 28.1573238372803 28.2599716186523 28.4315128326416 28.4762763977051 28.4886684417725 28.4912967681885 28.4748096466064 28.4606075286865 28.4184150695801 28.3986434936523 28.3737373352051 28.3621349334717 28.3291454315186 28.2871189117432 28.2516918182373 28.2493667602539 28.2612209320068 28.2569999694824 28.2667770385742 28.3137664794922 28.3453025817871 28.3725337982178 28.4044666290283 28.4247856140137 28.4500465393066 28.4805240631104 28.5008449554443
-3.4e+38 -3.4e+38 -3.4e+38 -3.4e+38 26.9867763519287 27.6240768432617 27.8641834259033 27.822826385498 27.7694969177246 27.8789405822754 28.0168228149414 28.0967483520508 28.115665435791 28.137186050415 28.1237316131592 28.134428024292 28.1803340911865 28.1981582641602 28.228759765625 28.2482738494873 28.2902526855469 28.3932247161865 28.4771595001221 28.4852867126465 28.4923286437988 28.4888477325439 28.471040725708 28.4551773071289 28.4329128265381 28.4157257080078 28.397777557373 28.3633232116699 28.3247299194336 28.2911243438721 28.2880744934082 28.3031177520752 28.2968463897705 28.2987174987793 28.3388557434082 28.3741722106934 28.4048824310303 28.4292964935303 28.4576015472412 28.4815425872803 28.5030937194824 28.5265350341797 28.5500450134277
-3.4e+38 -3.4e+38 -3.4e+38 -3.4e+38 27.0162582397461 27.5236511230469 27.8178939819336 27.8270626068115 27.7721195220947 27.8433208465576 27.9897727966309 28.0866756439209 28.1128883361816 28.1856651306152 28.1963748931885 28.1570148468018 28.225959777832 28.3211326599121 28.4196834564209 28.4424934387207 28.4689655303955 28.5134372711182 28.5084095001221 28.4960708618164 28.4968547821045 28.4909286499023 28.47265625 28.4588737487793 28.4427089691162 28.4357719421387 28.4048690795898 28.3655853271484 28.3402938842773 28.3410816192627 28.3516502380371 28.3419914245605 28.3320331573486 28.3774452209473 28.4203662872314 28.4462051391602 28.4551887512207 28.4699058532715 28.4826431274414 28.4977989196777 28.5094394683838 28.5308856964111 28.5490798950195
-3.4e+38 -3.4e+38 -3.4e+38 -3.4e+38 27.0157680511475 27.4610595703125 27.762752532959 27.838357925415 27.80224609375 27.823371887207 27.9360485076904 28.0885677337646 28.2097930908203 28.239875793457 28.2152137756348 28.231388092041 28.2960205078125 28.3489551544189 28.4545402526855 28.5040111541748 28.5154113769531 28.5273418426514 28.5394973754883 28.5274524688721 28.5026874542236 28.4979915618896 28.4885749816895 28.4662189483643 28.4496688842773 28.4328594207764 28.3943386077881 28.3735008239746 28.3644676208496 28.360710144043 28.3429126739502 28.3379974365234 28.377103805542 28.4038867950439 28.4208106994629 28.423095703125 28.4311122894287 28.4520263671875 28.4754295349121 28.4998550415039 28.5187244415283 28.5346870422363 28.5412578582764
-3.4e+38 -3.4e+38 -3.4e+38 -3.4e+38 26.9373722076416 27.3970069885254 27.7432746887207 27.8474578857422 27.8226566314697 27.8365745544434 27.9340801239014 28.0957126617432 28.2433490753174 28.2652111053467 28.2192401885986 28.2353820800781 28.3355121612549 28.4464282989502 28.5275802612305 28.5650501251221 28.5597629547119 28.5293617248535 28.4967365264893 28.5296382904053 28.5052795410156 28.4966354370117 28.4954357147217 28.4581642150879 28.4424571990967 28.4119091033936 28.3836307525635 28.3738403320312 28.3692798614502 28.3653583526611 28.3748683929443 28.3941745758057 28.4071636199951 28.404052734375 28.3966751098633 28.3923950195312 28.4063301086426 28.4321212768555 28.4589900970459 28.4795074462891 28.4995155334473 28.5155754089355 28.5211791992188
-3.4e+38 -3.4e+38 -3.4e+38 -3.4e+38 -3.4e+38 27.6172504425049 27.7180938720703 27.8636455535889 27.8585224151611 27.857515335083 27.9559059143066 28.1111030578613 28.2054882049561 28.2235584259033 28.2284374237061 28.2628612518311 28.3776836395264 28.5103340148926 28.6011409759521 28.6369705200195 28.6334400177002 28.588623046875 28.5368499755859 28.5058097839355 28.5280284881592 28.5070533752441 28.5034275054932 28.4639759063721 28.4407768249512 28.4187335968018 28.4000778198242 28.3956508636475 28.3863677978516 28.3936805725098 28.4031257629395 28.3998966217041 28.3935985565186 28.3768043518066 28.3712501525879 28.3843955993652 28.40673828125 28.4266395568848 28.4467849731445 28.4657287597656 28.4865226745605 28.5083599090576 28.5123176574707
-3.4e+38 -3.4e+38 -3.4e+38 -3.4e+38 -3.4e+38 27.241325378418 27.7380886077881 27.887035369873 27.9103946685791 27.872932434082 27.9986572265625 28.1241626739502 28.1783199310303 28.1932716369629 28.2224769592285 28.296012878418 28.4263744354248 28.5769786834717 28.6579666137695 28.6812572479248 28.6803855895996 28.6392841339111 28.6013584136963 28.5469093322754 28.5454483032227 28.5526695251465 28.5600032806396 28.5347690582275 28.504301071167 28.4897422790527 28.4648628234863 28.4418601989746 28.4164447784424 28.4107303619385 28.4013595581055 28.3899021148682 28.3770885467529 28.3784561157227 28.3648834228516 28.3585300445557 28.3877391815186 28.4245319366455 28.4443626403809 28.4642372131348 28.4892482757568 28.5089740753174 28.5051250457764
-3.4e+38 -3.4e+38 -3.4e+38 -3.4e+38 -3.4e+38 27.3871917724609 27.8081607818604 27.9275360107422 27.9435520172119 27.9108295440674 27.9979782104492 28.100227355957 28.1875171661377 28.2320003509521 28.2780570983887 28.3235530853271 28.473726272583 28.6411361694336 28.7157859802246 28.7288627624512 28.7275905609131 28.6841945648193 28.643346786499 28.596923828125 28.5564613342285 28.5798206329346 28.5963897705078 28.6085510253906 28.5756816864014 28.557559967041 28.5385036468506 28.5000019073486 28.458646774292 28.4336776733398 28.4195098876953 28.4038543701172 28.3966484069824 28.3941402435303 28.3893947601318 28.3814029693604 28.3813800811768 28.4059600830078 28.4281539916992 28.4517612457275 28.4855270385742 28.5076675415039 28.5076160430908
-3.4e+38 -3.4e+38 -3.4e+38 -3.4e+38 -3.4e+38 -3.4e+38 28.0353202819824 27.9876823425293 27.9768009185791 27.9382667541504 27.9919853210449 28.0543785095215 28.1966667175293 28.3126850128174 28.3081302642822 28.3719825744629 28.5146217346191 28.6819171905518 28.7481670379639 28.7732753753662 28.7564678192139 28.7047843933105 28.6814861297607 28.6555690765381 28.6236152648926 28.6091060638428 28.6319541931152 28.6475963592529 28.6525650024414 28.6429176330566 28.6267051696777 28.602201461792 28.5637512207031 28.5279998779297 28.5106964111328 28.4844646453857 28.4603748321533 28.4399967193604 28.4318084716797 28.4249858856201 28.4115467071533 28.4182205200195 28.4260349273682 28.4490051269531 28.4851913452148 28.5042057037354 28.5090599060059
-3.4e+38 -3.4e+38 -3.4e+38 -3.4e+38 -3.4e+38 -3.4e+38 28.0892353057861 28.0430603027344 28.0046672821045 27.967981338501 28.0036239624023 28.0381011962891 28.137622833252 28.3097667694092 28.326358795166 28.4166584014893 28.5522785186768 28.6922779083252 28.7463607788086 28.7873306274414 28.7722969055176 28.7347583770752 28.7244319915771 28.7116794586182 28.6912422180176 28.6572723388672 28.6693687438965 28.688362121582 28.7060375213623 28.7106246948242 28.6958293914795 28.6900196075439 28.6736431121826 28.6243419647217 28.5635356903076 28.5535736083984 28.5489368438721 28.5285549163818 28.5042991638184 28.4915866851807 28.4827442169189 28.4709568023682 28.456901550293 28.4736709594727 28.4960975646973 28.5034523010254 28.5031967163086
-3.4e+38 -3.4e+38 -3.4e+38 -3.4e+38 -3.4e+38 -3.4e+38 28.1436557769775 28.094108581543 28.0226287841797 28.0197601318359 28.0885467529297 28.1442127227783 28.1646842956543 28.2539157867432 28.3400325775146 28.4475746154785 28.55908203125 28.6839599609375 28.7268600463867 28.7517280578613 28.7972602844238 28.779878616333 28.7724990844727 28.7631282806396 28.7662448883057 28.739616394043 28.7230949401855 28.729564666748 28.7445278167725 28.7490062713623 28.7652435302734 28.7725849151611 28.7507915496826 28.7167930603027 28.6837253570557 28.6405906677246 28.6066417694092 28.5955619812012 28.5722236633301 28.5511283874512 28.5294437408447 28.5103282928467 28.499397277832 28.5026531219482 28.5036106109619 28.4990749359131 28.5104465484619
-3.4e+38 -3.4e+38 -3.4e+38 -3.4e+38 -3.4e+38 28.2241497039795 28.1566524505615 28.1270866394043 28.0681972503662 28.1391754150391 28.2359447479248 28.3094253540039 28.3093013763428 28.3227939605713 28.4015674591064 28.4805145263672 28.5693111419678 28.6989688873291 28.7363433837891 28.7508220672607 28.8209266662598 28.8431224822998 28.8541641235352 28.8499813079834 28.8622856140137 28.8653392791748 28.8596744537354 28.856466293335 28.8539066314697 28.8538246154785 28.8403511047363 28.8272037506104 28.8252830505371 28.818603515625 28.7890625 28.7553939819336 28.7047176361084 28.6699333190918 28.6450691223145 28.6174144744873 28.5935726165771 28.5598659515381 28.5361995697021 28.5151824951172 28.5053539276123 28.4935817718506 28.5261096954346
-3.4e+38 -3.4e+38 -3.4e+38 -3.4e+38 28.1395282745361 28.2335872650146 28.1593933105469 28.1364860534668 28.1481971740723 28.233268737793 28.2519283294678 28.2847290039062 28.3492393493652 28.4117546081543 28.4648208618164 28.5434131622314 28.6382541656494 28.7048149108887 28.7636165618896 28.8062763214111 28.8800220489502 28.8723411560059 28.8800773620605 28.8993186950684 28.9356842041016 28.9958686828613 29.01979637146 29.0045471191406 28.9876976013184 28.9803333282471 28.9801654815674 28.9778480529785 28.9685726165771 28.9241218566895 28.898962020874 28.8512897491455 28.8120937347412 28.7721614837646 28.736047744751 28.6926136016846 28.6569690704346 28.6192092895508 28.5740146636963 28.549186706543 28.5219383239746 28.5281887054443 28.586181640625
