Ecospace-environmental-drivers/Outputs/ASCII-for-ecospace/Temp-surf/Temp-surf_X2008.05.asc
NCOLS 131 
NROWS 53 
XLLCORNER -98 
YLLCORNER 23.9265270233154 
CELLSIZE 0.133587792515755 
NODATA_value -3.4e+38 
[rows 21 to 41 of 53, columns 0 to 46 of 131]
-3.4e+38 -3.4e+38 -3.4e+38 -3.4e+38 -3.4e+38 -3.4e+38 26.5304183959961 26.5747661590576 26.4153804779053 26.6738166809082 26.081241607666 25.7306861877441 25.6611614227295 25.6325817108154 25.5915126800537 25.5526561737061 25.5899982452393 25.5185852050781 25.5562858581543 25.5839748382568 25.5510807037354 25.4975624084473 25.5127639770508 25.5287628173828 25.5249118804932 25.4780178070068 25.4259643554688 25.3915042877197 25.4073829650879 25.4225692749023 25.4074153900146 25.3455142974854 25.2798671722412 25.2481937408447 25.2425212860107 25.2372608184814 25.2267665863037 25.2190818786621 25.2448959350586 25.3063735961914 25.3658447265625 25.3676452636719 25.2805328369141 25.1779727935791 25.1377429962158 25.1237659454346 25.1648731231689
-3.4e+38 -3.4e+38 -3.4e+38 -3.4e+38 -3.4e+38 -3.4e+38 26.6221885681152 26.3943023681641 26.5747661590576 25.9975566864014 25.6826286315918 25.6036949157715 25.5871391296387 25.5995025634766 25.6424713134766 25.6592407226562 25.6862392425537 25.6385841369629 25.6380195617676 25.6727352142334 25.7095489501953 25.7662963867188 25.7481021881104 25.6950435638428 25.6583709716797 25.6250858306885 25.5791988372803 25.5629386901855 25.5430355072021 25.5367946624756 25.5176544189453 25.4520111083984 25.3655700683594 25.3077793121338 25.2997131347656 25.3104343414307 25.3238697052002 25.3639755249023 25.4511585235596 25.5442123413086 25.6087818145752 25.6476421356201 25.6806507110596 25.6629695892334 25.6217670440674 25.6159324645996 25.6642646789551
-3.4e+38 -3.4e+38 -3.4e+38 -3.4e+38 26.6292896270752 26.6161460876465 26.4286594390869 26.6221885681152 25.9859504699707 25.6390590667725 25.560037612915 25.608699798584 25.6348266601562 25.6668701171875 25.6944065093994 25.7080879211426 25.7612686157227 25.7949333190918 25.8165187835693 25.8905811309814 25.9145679473877 25.9068222045898 25.8635292053223 25.7768058776855 25.7037506103516 25.6458549499512 25.6558303833008 25.6569747924805 25.6422939300537 25.6317138671875 25.633373260498 25.6365833282471 25.5947265625 25.5195693969727 25.4914894104004 25.4799327850342 25.5172004699707 25.6697330474854 25.7327861785889 25.7486343383789 25.7933902740479 25.8284759521484 25.8374309539795 25.837890625 25.8287887573242 25.8301105499268 25.8740406036377
-3.4e+38 -3.4e+38 -3.4e+38 -3.4e+38 26.7331504821777 26.5385704040527 26.6161460876465 26.047643661499 25.6140670776367 25.5294361114502 25.5612373352051 25.6457653045654 25.7355079650879 25.8149547576904 25.898530960083 25.9280891418457 25.9743061065674 26.0110702514648 26.0297317504883 26.0482063293457 26.0174770355225 25.9481468200684 25.9011745452881 25.8528671264648 25.7514686584473 25.6857490539551 25.70849609375 25.697790145874 25.6592388153076 25.6673793792725 25.7332572937012 25.7859878540039 25.8027763366699 25.7739181518555 25.7177867889404 25.6956844329834 25.7485122680664 25.8423233032227 25.8977088928223 25.9126625061035 25.9250183105469 25.9311580657959 25.9305248260498 25.9150314331055 25.9239101409912 25.9875221252441 26.1042556762695
-3.4e+38 -3.4e+38 -3.4e+38 -3.4e+38 -3.4e+38 26.7331504821777 26.2664165496826 25.6383037567139 25.4808807373047 25.5189895629883 25.5800666809082 25.7200927734375 25.8068675994873 25.9820671081543 26.0536117553711 26.0685348510742 26.0796051025391 26.0941047668457 26.1064720153809 26.0996036529541 26.0564746856689 25.9896068572998 25.917308807373 25.8591079711914 25.8196773529053 25.7537517547607 25.73095703125 25.7140560150146 25.6548652648926 25.6677074432373 25.7959232330322 25.8547286987305 25.8523178100586 25.8608856201172 25.8419303894043 25.8737754821777 25.9094982147217 25.9686489105225 26.0037307739258 26.0317535400391 26.042610168457 26.056568145752 26.0552349090576 26.0790119171143 26.1368217468262 26.2128486633301 26.288122177124
-3.4e+38 -3.4e+38 -3.4e+38 -3.4e+38 -3.4e+38 26.5701007843018 25.8895988464355 25.4501266479492 25.462474822998 25.4938640594482 25.7049865722656 25.8088474273682 25.90163230896 26.0146942138672 26.044584274292 26.0592365264893 26.0971622467041 26.1742992401123 26.2132549285889 26.161714553833 26.1187038421631 26.10205078125 26.0821952819824 26.0108909606934 25.9508628845215 25.8676242828369 25.7854499816895 25.7675876617432 25.7095527648926 25.6759624481201 25.8189945220947 25.8293304443359 25.869457244873 25.9625263214111 26.0357875823975 26.0528812408447 26.0719909667969 26.094669342041 26.1072883605957 26.1212272644043 26.1450538635254 26.1601219177246 26.1988983154297 26.2417640686035 26.2629127502441 26.3107433319092 26.3685626983643
-3.4e+38 -3.4e+38 28.1193313598633 27.9488792419434 27.0514125823975 26.4032554626465 25.7614879608154 25.4235343933105 25.4390144348145 25.5582904815674 25.7917385101318 25.8768653869629 25.9237937927246 26.0185832977295 26.0423164367676 26.0390853881836 26.0682144165039 26.1336708068848 26.1700649261475 26.1421184539795 26.1015605926514 26.1051406860352 26.0999984741211 26.0477600097656 26.0221633911133 25.981861114502 25.9084625244141 25.8260250091553 25.7734928131104 25.7014789581299 25.8476982116699 25.8962497711182 25.9342269897461 26.0107574462891 26.0261669158936 26.0658206939697 26.1346035003662 26.1794013977051 26.1919136047363 26.2163124084473 26.24587059021 26.2680549621582 26.28879737854 26.3038921356201 26.3264770507812 26.3524417877197 26.4072818756104
-339999999999999996128486808808066248288.000000000000000 -3.4e+38 -3.4e+38 -3.4e+38 27.7784271240234 26.385950088501 25.6782855987549 25.4244422912598 25.4612159729004 25.6190986633301 25.7754783630371 25.8314456939697 25.8814353942871 26.0066928863525 26.0156497955322 26.0137386322021 26.0111064910889 26.0792617797852 26.1450653076172 26.1583862304688 26.1237945556641 26.131778717041 26.0856285095215 26.0271511077881 26.0298156738281 26.0308208465576 26.0175342559814 25.9345149993896 25.8144702911377 25.7405166625977 25.8931465148926 25.9429798126221 25.9845485687256 25.9865226745605 25.9988822937012 26.0468597412109 26.0924110412598 26.1309967041016 26.1946411132812 26.2581615447998 26.3002223968506 26.3129901885986 26.3257102966309 26.3348522186279 26.3610858917236 26.3767871856689 26.3985061645508
-3.4e+38 -3.4e+38 -3.4e+38 -3.4e+38 27.5050926208496 26.2582721710205 25.6209201812744 25.4095878601074 25.4515609741211 25.5920753479004 25.6843490600586 25.7801513671875 25.8675556182861 26.0059967041016 26.0074481964111 25.9974479675293 26.0204524993896 26.0698547363281 26.1382789611816 26.1670150756836 26.1517791748047 26.2058124542236 26.165412902832 26.111909866333 26.0404453277588 26.0317287445068 26.048131942749 26.0163631439209 25.8795623779297 25.7982406616211 25.9149646759033 25.9399795532227 25.9504108428955 25.946102142334 25.9734058380127 25.9924697875977 26.0215969085693 26.045991897583 26.09987449646 26.1699867248535 26.2409000396729 26.2936553955078 26.3307209014893 26.3452606201172 26.3669681549072 26.3840370178223 26.3985118865967
-3.4e+38 -3.4e+38 -3.4e+38 -3.4e+38 27.3948516845703 26.2880725860596 25.6530075073242 25.4273204803467 25.4494323730469 25.5745410919189 25.6479568481445 25.7151165008545 25.8404693603516 26.0065212249756 26.0404415130615 26.0165119171143 26.0288162231445 26.0956859588623 26.1912250518799 26.2114639282227 26.1747646331787 26.2531337738037 26.1970767974854 26.1461505889893 26.093936920166 26.0503101348877 26.0671119689941 26.0458431243896 25.9698886871338 25.8324699401855 25.9204044342041 25.9263210296631 25.9022121429443 25.8899631500244 25.8847408294678 25.8816394805908 25.9106578826904 25.9454307556152 26.0149021148682 26.0680713653564 26.1270523071289 26.1940326690674 26.2510795593262 26.3065414428711 26.3436508178711 26.3936138153076 26.4107418060303
-3.4e+38 -3.4e+38 -3.4e+38 -3.4e+38 28.2296657562256 26.5456600189209 25.6496772766113 25.4555358886719 25.509916305542 25.6057090759277 25.73024559021 25.7799682617188 25.8148555755615 25.9678478240967 26.017126083374 25.9691925048828 25.9977855682373 26.0953617095947 26.2140350341797 26.2465152740479 26.2328605651855 26.2709007263184 26.2178211212158 26.1291580200195 26.0997219085693 26.0670185089111 26.082649230957 26.0648460388184 26.02805519104 25.9090671539307 25.9172172546387 25.8911571502686 25.8645057678223 25.8530445098877 25.8381977081299 25.8421268463135 25.8673286437988 25.9047698974609 25.9562473297119 25.9943828582764 26.0199890136719 26.0742454528809 26.1432933807373 26.2051086425781 26.2756729125977 26.3605613708496 26.4160747528076
-3.4e+38 -3.4e+38 -3.4e+38 -3.4e+38 28.3146629333496 26.8848476409912 25.8429756164551 25.5554428100586 25.6098785400391 25.6412334442139 25.7461280822754 25.8386859893799 25.8723392486572 25.9514179229736 25.9767570495605 25.9530429840088 25.9650211334229 26.0879783630371 26.204345703125 26.2611312866211 26.2974414825439 26.2907867431641 26.2615280151367 26.1452808380127 26.1073970794678 26.0682830810547 26.0744705200195 26.0782508850098 26.0512371063232 25.9963264465332 25.8857498168945 25.9072875976562 25.9053936004639 25.9193458557129 25.9179782867432 25.933349609375 25.9643230438232 25.9687271118164 25.9817562103271 25.9955520629883 26.00244140625 26.0307350158691 26.0736522674561 26.1239700317383 26.195125579834 26.3120136260986 26.4233207702637
-3.4e+38 -3.4e+38 -3.4e+38 -3.4e+38 28.2734489440918 27.3710880279541 26.3222980499268 25.6330261230469 25.7053241729736 25.6894626617432 25.7185401916504 25.8165855407715 25.8880596160889 25.9360904693604 25.9325714111328 25.8884868621826 25.9299697875977 26.0767307281494 26.2048320770264 26.3584671020508 26.4103755950928 26.28688621521 26.2427749633789 26.2066383361816 26.1412715911865 26.1136512756348 26.0801563262939 26.1029853820801 26.0805606842041 26.0855236053467 25.9790954589844 26.0058135986328 26.0561428070068 26.0520801544189 26.0483589172363 26.0527153015137 26.0574626922607 26.0563449859619 26.0462779998779 26.0326747894287 26.0099334716797 26.0108165740967 26.0427684783936 26.0977001190186 26.1751365661621 26.278715133667 26.3886547088623
-3.4e+38 -3.4e+38 -3.4e+38 -3.4e+38 -3.4e+38 27.2410869598389 26.7566070556641 25.7110614776611 25.7757987976074 25.7703456878662 25.770679473877 25.8221549987793 25.8828525543213 25.8972263336182 25.8671035766602 25.86669921875 25.9786510467529 26.1562023162842 26.3900032043457 26.4856395721436 26.4307498931885 26.3142166137695 26.2337284088135 26.2345733642578 26.1917133331299 26.1433429718018 26.1018085479736 26.1224803924561 26.1398315429688 26.1455059051514 26.1396369934082 26.126838684082 26.1415920257568 26.1419506072998 26.1360168457031 26.1390705108643 26.1457748413086 26.1445293426514 26.1357479095459 26.1253662109375 26.1167869567871 26.1071491241455 26.1197204589844 26.1541042327881 26.2214469909668 26.299768447876 26.3686923980713
-3.4e+38 -3.4e+38 -3.4e+38 -3.4e+38 -3.4e+38 28.7129878997803 27.0376529693604 25.7845783233643 25.7949199676514 25.9076519012451 25.9356842041016 25.9148235321045 25.893928527832 25.8670520782471 25.886157989502 25.9843044281006 26.1986541748047 26.394567489624 26.4914970397949 26.4906806945801 26.4695281982422 26.4354877471924 26.2470016479492 26.2444343566895 26.2232093811035 26.1715717315674 26.1596965789795 26.1683387756348 26.2095146179199 26.2034587860107 26.2094020843506 26.2139377593994 26.2153778076172 26.2255058288574 26.2513084411621 26.2701988220215 26.2749519348145 26.2793235778809 26.2880611419678 26.2881488800049 26.2817268371582 26.2733592987061 26.2548809051514 26.2548828125 26.2918167114258 26.3382148742676 26.3839149475098
-3.4e+38 -3.4e+38 -3.4e+38 -3.4e+38 -3.4e+38 28.9120674133301 27.1918201446533 25.8129482269287 25.8448925018311 25.8576679229736 25.9179630279541 25.9291820526123 25.9167175292969 25.9713859558105 26.1035633087158 26.2682132720947 26.4497528076172 26.5569820404053 26.5943775177002 26.5996398925781 26.5797271728516 26.5165519714355 26.3522357940674 26.2293663024902 26.242639541626 26.2064189910889 26.2068328857422 26.2153091430664 26.2493114471436 26.2641258239746 26.2553577423096 26.25830078125 26.2735195159912 26.3016395568848 26.3281955718994 26.3585548400879 26.3915500640869 26.4119453430176 26.4236145019531 26.4203453063965 26.4030494689941 26.3929195404053 26.3743782043457 26.3615341186523 26.3684768676758 26.3914833068848 26.4131317138672
-3.4e+38 -3.4e+38 -3.4e+38 -3.4e+38 -3.4e+38 -3.4e+38 27.3675956726074 25.8914623260498 25.9125442504883 25.8152694702148 25.9054260253906 26.0662002563477 26.1875381469727 26.2946262359619 26.3970527648926 26.5718822479248 26.6715030670166 26.6896381378174 26.6792621612549 26.6545886993408 26.6235466003418 26.5522060394287 26.4470958709717 26.2771053314209 26.2432727813721 26.2388763427734 26.2285175323486 26.2587604522705 26.2788276672363 26.3134307861328 26.3103828430176 26.3070240020752 26.3362636566162 26.3819694519043 26.4369277954102 26.4896659851074 26.5076541900635 26.5117530822754 26.5065116882324 26.4970817565918 26.4838542938232 26.478385925293 26.4712352752686 26.4396820068359 26.4292945861816 26.4403629302979 26.4429092407227
-3.4e+38 -3.4e+38 -3.4e+38 -3.4e+38 -3.4e+38 -3.4e+38 27.5555667877197 25.974760055542 25.9980583190918 25.916561126709 26.0933303833008 26.3809757232666 26.4455223083496 26.5266036987305 26.6571292877197 26.748327255249 26.7542457580566 26.7585830688477 26.7274608612061 26.6878280639648 26.6283664703369 26.570125579834 26.5025157928467 26.3895397186279 26.2488574981689 26.2761535644531 26.2770290374756 26.2871017456055 26.3100471496582 26.3402500152588 26.3957347869873 26.4027633666992 26.4493522644043 26.4920959472656 26.540735244751 26.5589332580566 26.5475006103516 26.5223770141602 26.5199146270752 26.5244998931885 26.517765045166 26.5129947662354 26.4960422515869 26.4904289245605 26.4775218963623 26.4723987579346 26.4666366577148
-3.4e+38 -3.4e+38 -3.4e+38 -3.4e+38 -3.4e+38 -3.4e+38 27.5987586975098 26.1105861663818 26.0933513641357 26.0660572052002 26.339563369751 26.4642906188965 26.5861625671387 26.7145156860352 26.7923736572266 26.8202342987061 26.8015727996826 26.773681640625 26.7314052581787 26.6614837646484 26.59450340271 26.5331287384033 26.4859447479248 26.4575424194336 26.3104934692383 26.2876472473145 26.3125419616699 26.3305912017822 26.3746948242188 26.4000663757324 26.4256782531738 26.4674606323242 26.5014877319336 26.5523853302002 26.5627975463867 26.5696392059326 26.5534248352051 26.5591449737549 26.5560150146484 26.5189971923828 26.4998989105225 26.4994087219238 26.4999027252197 26.5019569396973 26.4900722503662 26.4826641082764 26.4751167297363
-3.4e+38 -3.4e+38 -3.4e+38 -3.4e+38 -3.4e+38 28.2378768920898 27.0490226745605 26.2152900695801 26.1344871520996 26.2034664154053 26.4476089477539 26.5895023345947 26.7492389678955 26.8315238952637 26.8621292114258 26.855655670166 26.8137378692627 26.7686252593994 26.7228660583496 26.6393527984619 26.5831413269043 26.5280609130859 26.481861114502 26.4762096405029 26.3925743103027 26.3189315795898 26.3337440490723 26.3750991821289 26.3966808319092 26.4313926696777 26.481237411499 26.5155448913574 26.5402126312256 26.5717353820801 26.5721778869629 26.587532043457 26.5718154907227 26.5875205993652 26.5268611907959 26.5097618103027 26.509635925293 26.5186462402344 26.5067691802979 26.5103416442871 26.5091648101807 26.4920921325684 26.4865589141846
-3.4e+38 -3.4e+38 -3.4e+38 -3.4e+38 28.1466007232666 27.9233417510986 26.3790893554688 26.2519187927246 26.2072925567627 26.4054946899414 26.5341606140137 26.7363395690918 26.8717002868652 26.91237449646 26.8995571136475 26.87353515625 26.8155765533447 26.7652721405029 26.7139129638672 26.643404006958 26.5668087005615 26.5180416107178 26.4756755828857 26.465576171875 26.4621715545654 26.357759475708 26.3478603363037 26.3879451751709 26.3945064544678 26.4521465301514 26.5339069366455 26.53151512146 26.5369472503662 26.573127746582 26.5934009552002 26.609037399292 26.600133895874 26.5865650177002 26.5489253997803 26.5255374908447 26.5241584777832 26.52712059021 26.5175113677979 26.5228424072266 26.5142612457275 26.48996925354 26.5047855377197
