Ecospace-environmental-drivers/Outputs/ASCII-for-ecospace/Temp-surf/Temp-surf_X1993.07.asc
NCOLS 131 
NROWS 53 
XLLCORNER -98 
YLLCORNER 23.9265270233154 
CELLSIZE 0.133587792515755 
NODATA_value -3.4e+38 
[rows 0 to 20 of 53, columns 47 to 93 of 131]
-3.4e+38 -3.4e+38 -3.4e+38 -3.4e+38 -3.4e+38 -3.4e+38 -3.4e+38 -3.4e+38 -3.4e+38 -3.4e+38 -3.4e+38 -3.4e+38 -3.4e+38 -3.4e+38 -3.4e+38 -3.4e+38 -3.4e+38 -3.4e+38 -3.4e+38 -3.4e+38 -3.4e+38 -3.4e+38 -3.4e+38 -3.4e+38 -3.4e+38 -3.4e+38 -3.4e+38 -3.4e+38 -3.4e+38 -3.4e+38 -3.4e+38 -3.4e+38 -3.4e+38 -3.4e+38 -3.4e+38 -3.4e+38 -3.4e+38 -3.4e+38 -3.4e+38 -3.4e+38 -3.4e+38 -3.4e+38 -3.4e+38 -3.4e+38 -3.4e+38 -3.4e+38 -3.4e+38
-3.4e+38 -3.4e+38 -3.4e+38 -3.4e+38 -3.4e+38 -3.4e+38 -3.4e+38 -3.4e+38 -3.4e+38 -3.4e+38 -3.4e+38 -3.4e+38 -3.4e+38 -3.4e+38 -3.4e+38 -3.4e+38 -3.4e+38 -3.4e+38 -3.4e+38 -3.4e+38 -3.4e+38 -3.4e+38 -3.4e+38 -3.4e+38 -3.4e+38 -3.4e+38 -3.4e+38 -3.4e+38 -3.4e+38 -3.4e+38 -3.4e+38 -3.4e+38 -3.4e+38 -3.4e+38 -3.4e+38 -3.4e+38 -3.4e+38 -3.4e+38 -3.4e+38 -3.4e+38 -3.4e+38 -3.4e+38 -3.4e+38 -3.4e+38 -3.4e+38 -3.4e+38 -3.4e+38
-3.4e+38 -3.4e+38 -3.4e+38 -3.4e+38 -3.4e+38 -3.4e+38 -3.4e+38 -3.4e+38 -3.4e+38 -3.4e+38 -3.4e+38 -3.4e+38 -3.4e+38 -3.4e+38 -3.4e+38 -3.4e+38 -3.4e+38 -3.4e+38 -3.4e+38 -3.4e+38 -3.4e+38 -3.4e+38 -3.4e+38 -3.4e+38 -3.4e+38 -3.4e+38 -3.4e+38 32.6239891052246 32.6726150512695 -3.4e+38 -3.4e+38 -3.4e+38 -3.4e+38 -3.4e+38 -3.4e+38 -3.4e+38 -3.4e+38 -3.4e+38 -3.4e+38 -3.4e+38 -3.4e+38 -3.4e+38 -3.4e+38 -3.4e+38 -3.4e+38 -3.4e+38 -3.4e+38
-3.4e+38 -3.4e+38 -3.4e+38 -3.4e+38 -3.4e+38 -3.4e+38 -3.4e+38 -3.4e+38 -3.4e+38 -3.4e+38 -3.4e+38 -3.4e+38 -3.4e+38 -3.4e+38 -3.4e+38 -3.4e+38 -3.4e+38 -3.4e+38 -3.4e+38 -3.4e+38 -3.4e+38 -3.4e+38 -3.4e+38 -3.4e+38 -3.4e+38 -3.4e+38 -3.4e+38 32.5424690246582 32.4946823120117 -3.4e+38 -3.4e+38 -3.4e+38 -3.4e+38 -3.4e+38 -3.4e+38 -3.4e+38 -3.4e+38 -3.4e+38 -3.4e+38 -3.4e+38 -3.4e+38 -3.4e+38 -3.4e+38 -3.4e+38 -3.4e+38 -3.4e+38 -3.4e+38
-3.4e+38 -3.4e+38 -3.4e+38 -3.4e+38 -3.4e+38 -3.4e+38 -3.4e+38 -3.4e+38 -3.4e+38 33.2248802185059 33.2248802185059 33.2286605834961 33.1771774291992 -3.4e+38 -3.4e+38 -3.4e+38 -3.4e+38 -3.4e+38 32.8113975524902 32.7426223754883 32.7921943664551 32.7761726379395 32.7006530761719 32.7969970703125 32.8015060424805 32.8154907226562 32.6964874267578 32.4054298400879 32.5259437561035 32.9009208679199 -3.4e+38 -3.4e+38 30.2175006866455 30.1657543182373 30.4635906219482 29.484432220459 29.4185523986816 29.6795501708984 29.5277061462402 29.6615734100342 29.2566318511963 29.360258102417 -3.4e+38 -3.4e+38 -3.4e+38 -3.4e+38 -3.4e+38
-3.4e+38 -3.4e+38 -3.4e+38 -3.4e+38 -3.4e+38 -3.4e+38 -3.4e+38 -3.4e+38 33.2248802185059 33.2248802185059 33.2248802185059 33.2248802185059 33.2324409484863 33.1740188598633 33.0773735046387 -3.4e+38 33.0315475463867 33.0574188232422 32.8363456726074 32.6092071533203 32.324146270752 32.2209358215332 32.3185729980469 32.2304725646973 32.1975708007812 32.1759452819824 32.143913269043 32.1346130371094 32.5631484985352 32.8601989746094 30.7385177612305 30.2774219512939 30.3553256988525 30.0197563171387 29.8243465423584 29.6912784576416 29.7001075744629 29.7442359924316 29.680908203125 29.7686042785645 29.7107067108154 29.3272457122803 29.1464462280273 29.5228061676025 -3.4e+38 -3.4e+38 -3.4e+38
-3.4e+38 -3.4e+38 -3.4e+38 -3.4e+38 -3.4e+38 -3.4e+38 -3.4e+38 -3.4e+38 33.2226333618164 33.2248802185059 33.2248802185059 33.2248802185059 33.2248802185059 33.2400016784668 33.1538162231445 33.0773735046387 33.0416374206543 32.9497604370117 32.7707481384277 32.5429916381836 31.8190898895264 31.3555335998535 30.6903705596924 30.3828220367432 30.3713989257812 30.4080047607422 30.3371658325195 30.2310066223145 30.2827320098877 30.240478515625 30.1063976287842 29.9648113250732 29.9526309967041 29.9960536956787 30.023717880249 30.0225467681885 30.0144119262695 30.0381736755371 30.0657119750977 30.0658874511719 30.0865726470947 30.0683937072754 29.8217544555664 29.4818878173828 29.4966125488281 29.7789783477783 -3.4e+38
-3.4e+38 -3.4e+38 -3.4e+38 -3.4e+38 -3.4e+38 -3.4e+38 -3.4e+38 -3.4e+38 -3.4e+38 -3.4e+38 33.2248802185059 33.2248802185059 33.2248802185059 -3.4e+38 33.2551231384277 33.0578880310059 33.0354843139648 33.0343360900879 32.9339790344238 32.5675621032715 32.0361785888672 31.6814918518066 30.1922073364258 29.7830505371094 29.8408184051514 29.8226070404053 29.8729267120361 29.9208202362061 29.9573554992676 29.9651699066162 29.9897785186768 30.0303268432617 30.1071586608887 30.1297645568848 30.1219577789307 30.0897617340088 30.0998573303223 30.1120872497559 30.13623046875 30.1566066741943 30.1587867736816 30.1811199188232 30.1133708953857 29.9932594299316 29.7406578063965 29.4370403289795 30.4416027069092
-3.4e+38 -3.4e+38 -3.4e+38 -3.4e+38 -3.4e+38 -3.4e+38 -3.4e+38 -3.4e+38 -3.4e+38 -3.4e+38 -3.4e+38 -3.4e+38 -3.4e+38 -3.4e+38 33.1991271972656 33.2121276855469 33.0722923278809 33.0000839233398 32.8285217285156 32.7020835876465 32.3625602722168 32.0306396484375 30.0502338409424 29.6871166229248 29.6273288726807 29.6472415924072 29.7891483306885 29.9501190185547 30.0330848693848 30.0887203216553 30.131856918335 30.1672496795654 30.1536598205566 30.1075496673584 30.0820980072021 30.0560302734375 30.0616989135742 30.0926055908203 30.1566886901855 30.1786365509033 30.1582126617432 30.1608848571777 30.1069984436035 30.083776473999 30.0191555023193 29.6604156494141 29.8976650238037
32.9702987670898 -3.4e+38 -3.4e+38 -3.4e+38 -3.4e+38 -3.4e+38 -3.4e+38 -3.4e+38 -3.4e+38 -3.4e+38 32.9985580444336 33.1642265319824 -3.4e+38 -3.4e+38 -3.4e+38 33.1076774597168 33.1230773925781 33.0430603027344 32.8984603881836 32.7511901855469 32.4728393554688 31.3128719329834 29.5293979644775 29.4545383453369 29.5756168365479 29.7974414825439 29.9433269500732 30.0286922454834 30.0990715026855 30.1447505950928 30.21022605896 30.2355766296387 30.1835193634033 30.126350402832 30.0801792144775 30.0620250701904 30.046501159668 30.0700817108154 30.0901031494141 30.1217765808105 30.1555042266846 30.1294918060303 30.1233997344971 30.1350841522217 30.1118431091309 29.9626522064209 29.6977920532227
32.8993721008301 32.8140068054199 -3.4e+38 -3.4e+38 -3.4e+38 -3.4e+38 -3.4e+38 -3.4e+38 -3.4e+38 -3.4e+38 32.8318214416504 32.9511032104492 33.103572845459 -3.4e+38 -3.4e+38 32.992977142334 33.0110740661621 33.1175117492676 33.0164031982422 32.6847724914551 31.828296661377 30.0048770904541 29.2126007080078 29.4326076507568 29.8392601013184 30.161563873291 30.263858795166 30.2547817230225 30.2388668060303 30.2806987762451 30.2959365844727 30.2798652648926 30.2433166503906 30.1752223968506 30.0967082977295 30.0588550567627 30.0424385070801 30.040922164917 30.0383014678955 30.0772151947021 30.1357383728027 30.1435050964355 30.149356842041 30.2114868164062 30.2016925811768 30.0797824859619 29.6757907867432
32.8256416320801 32.7707939147949 32.8584327697754 32.9142227172852 -3.4e+38 -3.4e+38 -3.4e+38 -3.4e+38 -3.4e+38 -3.4e+38 -3.4e+38 32.8663330078125 33.017391204834 33.103572845459 32.846794128418 32.875114440918 33.1914291381836 33.2346420288086 32.5472450256348 31.2182769775391 29.8498039245605 29.2731761932373 29.4048461914062 30.1324119567871 30.3742179870605 30.4781875610352 30.4490451812744 30.3335399627686 30.2840175628662 30.2421188354492 30.2404613494873 30.2002239227295 30.1224803924561 30.0509204864502 29.9977073669434 30.0070877075195 29.9977607727051 29.9826755523682 29.9839706420898 29.9946613311768 30.0279502868652 30.1235580444336 30.173978805542 30.2706527709961 30.2984008789062 30.1543521881104 29.5350074768066
32.4970855712891 32.721076965332 32.8876762390137 32.9965629577637 -3.4e+38 -3.4e+38 -3.4e+38 -3.4e+38 32.801815032959 32.8645248413086 32.7697067260742 32.6373558044434 32.9629592895508 32.9856376647949 32.3049812316895 32.2808036804199 32.6687507629395 32.5739707946777 31.6615524291992 29.6730270385742 28.7092418670654 28.9209976196289 29.9536018371582 30.5610733032227 30.636323928833 30.6366310119629 30.5199222564697 30.3749217987061 30.2652530670166 30.171745300293 30.1150054931641 30.0627098083496 30.0321407318115 29.9921588897705 29.9769802093506 29.9681587219238 29.9777545928955 29.9514026641846 29.9260597229004 29.9604511260986 29.9647254943848 30.0192489624023 30.1165103912354 30.2420883178711 30.3667774200439 30.2642307281494 29.9016571044922
32.1549339294434 32.2387390136719 32.412467956543 32.5832290649414 32.7683639526367 32.6552505493164 32.6933555603027 32.7059898376465 32.7003517150879 32.7076148986816 32.7154312133789 32.7491760253906 31.9895038604736 31.5568962097168 31.4834003448486 31.8559589385986 32.5682525634766 32.5882453918457 31.6673164367676 29.9124813079834 27.7307319641113 29.0376586914062 30.6555767059326 30.9237995147705 30.88205909729 30.6998977661133 30.4122829437256 30.2501010894775 30.1558856964111 30.0652160644531 30.0219306945801 29.9874820709229 29.9736385345459 29.9772262573242 29.9706420898438 29.9747085571289 29.9764347076416 29.9698944091797 29.9485530853271 29.9592189788818 29.9723205566406 29.9650497436523 30.0482730865479 30.1418762207031 30.2737789154053 30.3245315551758 30.2288780212402
31.765905380249 31.9651050567627 32.0500984191895 32.247745513916 32.5229530334473 32.5654144287109 32.6126441955566 32.6341552734375 32.5072059631348 32.4331588745117 32.2178192138672 31.2482452392578 30.8793182373047 31.0098896026611 31.1489639282227 31.2048091888428 31.0063018798828 32.6952209472656 31.9006748199463 30.5785293579102 29.1336059570312 30.5784339904785 31.1697063446045 31.02956199646 30.8568096160889 30.4356632232666 30.1514415740967 30.0317440032959 29.9809894561768 29.9649963378906 29.937520980835 29.9548950195312 29.9666843414307 29.9756164550781 29.9890613555908 30.0032997131348 30.0035514831543 29.9908580780029 29.9459190368652 29.9153079986572 29.9502372741699 29.9755210876465 29.9881362915039 30.0297622680664 30.0966758728027 30.2381992340088 30.2755222320557
30.8657112121582 31.1393909454346 31.4112281799316 31.7065582275391 31.8546829223633 31.8668556213379 31.8242816925049 31.6919612884521 31.4831867218018 31.0986518859863 30.9058265686035 30.832426071167 30.8489551544189 30.9556484222412 31.0473289489746 31.0704078674316 30.6323223114014 30.7022495269775 29.8247089385986 29.8966865539551 30.674934387207 31.0922374725342 31.0005073547363 30.9121723175049 30.5189094543457 30.1852893829346 30.0435771942139 29.9973163604736 29.9599895477295 29.9190559387207 29.9160194396973 29.9480819702148 29.9690399169922 29.9954738616943 30.0192852020264 30.0410594940186 30.0444660186768 30.0532875061035 29.9929027557373 29.9489116668701 29.9512462615967 29.9577331542969 29.9767913818359 29.9865303039551 30.0027103424072 30.1108894348145 30.2284202575684
30.6459922790527 30.7042961120605 30.8365726470947 31.0207214355469 31.3252658843994 31.3430118560791 31.0702266693115 30.8429317474365 30.721284866333 30.6717376708984 30.7009220123291 30.7704486846924 30.7545566558838 30.7278690338135 30.8031539916992 30.8931770324707 30.8472118377686 30.647611618042 30.8098964691162 30.9804191589355 31.003662109375 30.8554134368896 30.8025932312012 30.5403785705566 30.2128105163574 30.1072330474854 30.0398006439209 29.9835987091064 29.9338874816895 29.8890800476074 29.878002166748 29.9041652679443 29.9398880004883 29.9741859436035 30.0114498138428 30.0595951080322 30.0828380584717 30.0853328704834 30.0194835662842 29.9719524383545 29.9656848907471 29.9907836914062 29.9885692596436 29.9979972839355 30.0040092468262 30.0424022674561 30.1464290618896
30.4812774658203 30.5602836608887 30.65212059021 30.7375373840332 30.7927017211914 30.8476448059082 30.8862934112549 30.8893909454346 30.8291034698486 30.7824859619141 30.7319355010986 30.679027557373 30.5527496337891 30.54225730896 30.5796852111816 30.6205673217773 30.6761589050293 30.7854862213135 30.8023662567139 30.7966365814209 30.7011737823486 30.590274810791 30.4861145019531 30.2092552185059 30.096752166748 30.0581283569336 30.0158061981201 29.9538516998291 29.8922386169434 29.8539009094238 29.8413753509521 29.8601608276367 29.9171390533447 29.9438571929932 29.9996509552002 30.069787979126 30.1053142547607 30.1055545806885 30.0566005706787 29.999231338501 30.0036811828613 30.0017318725586 30.0111484527588 30.0293960571289 30.0393886566162 30.0424766540527 30.0857086181641
30.3351764678955 30.3754920959473 30.4514598846436 30.5310096740723 30.5983448028564 30.6488819122314 30.6713638305664 30.7041110992432 30.7166576385498 30.7111511230469 30.6801013946533 30.6115837097168 30.510347366333 30.4620056152344 30.4112777709961 30.3494262695312 30.3448295593262 30.3791599273682 30.3999652862549 30.4238777160645 30.3754234313965 30.3422622680664 30.2338523864746 30.0774898529053 30.0488815307617 30.0172996520996 29.9723720550537 29.9386386871338 29.8886394500732 29.8394775390625 29.8331604003906 29.8397998809814 29.8881759643555 29.9142513275146 29.9409332275391 30.0167465209961 30.0623741149902 30.0837211608887 30.1068668365479 30.0897922515869 30.0648555755615 30.0315494537354 30.0175609588623 30.0286178588867 30.0355052947998 30.0492057800293 30.0678901672363
30.1416988372803 30.2031898498535 30.2789974212646 30.3426399230957 30.4010715484619 30.4735431671143 30.5129222869873 30.5443782806396 30.6059093475342 30.6425075531006 30.6540126800537 30.5592422485352 30.4220142364502 30.3045635223389 30.1488609313965 30.0799179077148 30.052921295166 30.0105533599854 30.0432281494141 30.1063995361328 30.1003875732422 30.1008834838867 30.0997982025146 30.0069789886475 29.9924335479736 29.9575538635254 29.9184284210205 29.8976306915283 29.894006729126 29.8531932830811 29.8520755767822 29.8499088287354 29.8594646453857 29.8977527618408 29.9102153778076 29.9797191619873 30.0356140136719 30.0656547546387 30.0976448059082 30.1080417633057 30.0936126708984 30.0563735961914 30.028263092041 30.0146636962891 29.9874897003174 30.0108699798584 30.0562915802002
29.9172630310059 29.9567165374756 30.0394916534424 30.105920791626 30.1758708953857 30.2342052459717 30.2757568359375 30.2966938018799 30.3236713409424 30.340892791748 30.3218479156494 30.2480983734131 30.1604824066162 30.0862350463867 29.966625213623 29.9088916778564 29.9039649963379 29.8774089813232 29.9117965698242 29.939136505127 29.9330444335938 29.9408340454102 30.0055503845215 29.9798965454102 29.9456195831299 29.9212608337402 29.9030342102051 29.8880844116211 29.8708610534668 29.8606929779053 29.8926239013672 29.8875980377197 29.8825607299805 29.9177055358887 29.9325084686279 29.955961227417 30.0154914855957 30.0557155609131 30.0772247314453 30.093433380127 30.1146068572998 30.1007995605469 30.0509243011475 30.0390243530273 30.001392364502 29.9921531677246 30.0083312988281
