Ecospace-environmental-drivers/Outputs/ASCII-for-ecospace/Temp-surf/Temp-surf_X1994.06.asc
NCOLS 131 
NROWS 53 
XLLCORNER -98 
YLLCORNER 23.9265270233154 
CELLSIZE 0.133587792515755 
NODATA_value -3.4e+38 
[rows 21 to 41 of 53, columns 47 to 93 of 131]
28.2796936035156 28.2448501586914 28.21067237854 28.1833076477051 28.1594429016113 28.1564903259277 28.171968460083 28.1755027770996 28.1612968444824 28.1475315093994 28.1238899230957 28.1022529602051 28.0164661407471 27.915283203125 27.9256534576416 27.9148330688477 27.9279537200928 28.0211753845215 28.0739440917969 28.0298023223877 28.0494346618652 28.1006126403809 28.1560935974121 28.2446937561035 28.2720127105713 28.3034038543701 28.30006980896 28.3426761627197 28.4045391082764 28.3898372650146 28.3523254394531 28.3496475219727 28.3819770812988 28.354772567749 28.31374168396 28.2612609863281 28.1831302642822 28.1355762481689 28.075511932373 28.0339031219482 28.010498046875 28.0057888031006 27.998836517334 28.0029563903809 27.9834117889404 27.9371204376221 27.9266796112061
28.2192897796631 28.184814453125 28.153284072876 28.1481380462646 28.1458148956299 28.1516342163086 28.1709403991699 28.1800365447998 28.1805057525635 28.1812896728516 28.1690731048584 28.1383094787598 28.1015033721924 28.0152339935303 27.9229793548584 27.8811473846436 27.9549942016602 28.0529270172119 28.0670757293701 28.05491065979 28.0900821685791 28.1193294525146 28.1773052215576 28.2429637908936 28.2997512817383 28.3264236450195 28.3387641906738 28.3771591186523 28.3823204040527 28.3858871459961 28.414608001709 28.4405956268311 28.4331302642822 28.4536094665527 28.4369640350342 28.4050254821777 28.3553600311279 28.2921237945557 28.2336502075195 28.1756076812744 28.1584014892578 28.1521053314209 28.1739730834961 28.1583652496338 28.1214008331299 28.0641746520996 27.9533386230469
28.196849822998 28.1698207855225 28.176736831665 28.1716117858887 28.1485404968262 28.1264400482178 28.1354007720947 28.1528339385986 28.1651134490967 28.1711368560791 28.181037902832 28.1862659454346 28.1544055938721 28.1086940765381 28.0386009216309 27.9485301971436 27.9461364746094 28.0573539733887 28.0908088684082 28.1180400848389 28.1633739471436 28.1862239837646 28.2519054412842 28.281774520874 28.303108215332 28.3271331787109 28.3623447418213 28.4065456390381 28.373104095459 28.3626708984375 28.4016132354736 28.4398670196533 28.5271015167236 28.4930858612061 28.5085887908936 28.4571056365967 28.3939437866211 28.3470840454102 28.3250045776367 28.2844409942627 28.2799034118652 28.2918682098389 28.2843151092529 28.2732753753662 28.2580680847168 28.2247276306152 28.154914855957
28.1952037811279 28.1705665588379 28.1583862304688 28.1486263275146 28.1563262939453 28.1861763000488 28.1970176696777 28.1955718994141 28.1855583190918 28.1853847503662 28.1896591186523 28.1932888031006 28.1857776641846 28.146354675293 28.0903568267822 28.0432758331299 28.0242500305176 28.0989456176758 28.1098518371582 28.1489772796631 28.2059326171875 28.2570781707764 28.2943935394287 28.3006477355957 28.3227634429932 28.3346996307373 28.3549518585205 28.3685283660889 28.356014251709 28.3628768920898 28.4089317321777 28.4512825012207 28.5682315826416 28.5972003936768 28.569616317749 28.5462703704834 28.4562358856201 28.4339199066162 28.4133758544922 28.3535633087158 28.3306770324707 28.3449363708496 28.3532886505127 28.3276996612549 28.2999210357666 28.2664623260498 28.234525680542
28.1729297637939 28.1690368652344 28.1954727172852 28.2106876373291 28.2428169250488 28.2461261749268 28.245491027832 28.2250156402588 28.2093734741211 28.1972999572754 28.2016410827637 28.2118625640869 28.2147731781006 28.1924800872803 28.1422672271729 28.1089038848877 28.0909156799316 28.1480445861816 28.1694850921631 28.2085552215576 28.2719268798828 28.3124122619629 28.3231449127197 28.3128356933594 28.3341636657715 28.3325710296631 28.3752346038818 28.3872909545898 28.3661308288574 28.4264430999756 28.486083984375 28.5382671356201 28.5807209014893 28.6282253265381 28.6374168395996 28.6529159545898 28.5589408874512 28.5277652740479 28.51247215271 28.4860153198242 28.4274826049805 28.3940353393555 28.3831176757812 28.3471355438232 28.3430480957031 28.3065891265869 28.2805061340332
28.1987361907959 28.2229290008545 28.2344379425049 28.2288379669189 28.2270832061768 28.2482624053955 28.2751617431641 28.263391494751 28.2243061065674 28.21533203125 28.2047367095947 28.2276802062988 28.2244510650635 28.2204399108887 28.1985626220703 28.1555862426758 28.1185684204102 28.1733932495117 28.2307376861572 28.2775230407715 28.3266201019287 28.3323726654053 28.3094062805176 28.3101425170898 28.3255939483643 28.3570461273193 28.3885097503662 28.3814697265625 28.4071674346924 28.5138607025146 28.5597648620605 28.6097106933594 28.6773700714111 28.7312469482422 28.7606029510498 28.7569885253906 28.7407608032227 28.6702747344971 28.6114253997803 28.6030960083008 28.5729904174805 28.520357131958 28.4495334625244 28.3979816436768 28.3852806091309 28.3443660736084 28.3133430480957
28.2500438690186 28.2641220092773 28.2814846038818 28.2347087860107 28.2222690582275 28.2621040344238 28.2928943634033 28.2598304748535 28.2300548553467 28.2382297515869 28.2297439575195 28.2462291717529 28.2454032897949 28.2386646270752 28.2214183807373 28.2045917510986 28.1814193725586 28.191349029541 28.2483291625977 28.3010120391846 28.3256301879883 28.3189487457275 28.3136177062988 28.3530311584473 28.3825016021729 28.3814468383789 28.3939800262451 28.4410514831543 28.5273742675781 28.6003341674805 28.6883773803711 28.7678146362305 28.8285312652588 28.8707981109619 28.9005908966064 28.922046661377 28.8981037139893 28.854663848877 28.7868938446045 28.7102241516113 28.6619911193848 28.6173343658447 28.5383377075195 28.441520690918 28.4113330841064 28.3772678375244 28.3432369232178
28.303638458252 28.348331451416 28.3365993499756 28.2669200897217 28.2128582000732 28.2482242584229 28.2917728424072 28.2937679290771 28.2796287536621 28.2612781524658 28.2502861022949 28.2566299438477 28.2576923370361 28.2487602233887 28.2289562225342 28.2293071746826 28.2582321166992 28.3047389984131 28.3342018127441 28.3446407318115 28.3455562591553 28.3681087493896 28.399263381958 28.4054203033447 28.3920993804932 28.3928241729736 28.4683895111084 28.568323135376 28.6479797363281 28.7216911315918 28.8152313232422 28.8985252380371 28.9882335662842 29.0476760864258 29.072961807251 29.0640239715576 29.0486831665039 29.028787612915 28.9472923278809 28.8582954406738 28.7565479278564 28.7051620483398 28.6459846496582 28.5406932830811 28.4937934875488 28.4342994689941 28.3818168640137
28.4058322906494 28.4321041107178 28.4092636108398 28.3685913085938 28.2774028778076 28.1988258361816 28.2083988189697 28.2294464111328 28.2430210113525 28.2435245513916 28.2468433380127 28.2495155334473 28.2439365386963 28.2368907928467 28.2742595672607 28.3265895843506 28.3462753295898 28.3522777557373 28.3761959075928 28.4011497497559 28.4092617034912 28.400505065918 28.4134635925293 28.4162902832031 28.4139194488525 28.5003967285156 28.6095371246338 28.6706657409668 28.731725692749 28.8486557006836 28.968448638916 29.060863494873 29.1276149749756 29.1599407196045 29.1736087799072 29.1694107055664 29.1740455627441 29.1550807952881 29.12038230896 29.0438194274902 28.9275245666504 28.807788848877 28.7343940734863 28.6506786346436 28.5757389068604 28.5116767883301 28.4297351837158
28.4462184906006 28.4758644104004 28.4890727996826 28.4675140380859 28.434965133667 28.3942928314209 28.3508129119873 28.3104858398438 28.2866897583008 28.2773590087891 28.2851219177246 28.3066864013672 28.3304481506348 28.3515968322754 28.3723583221436 28.3804264068604 28.3944931030273 28.4259777069092 28.4352874755859 28.4346103668213 28.4366016387939 28.4413795471191 28.454231262207 28.4775390625 28.5393142700195 28.6396160125732 28.7153816223145 28.7577934265137 28.8676109313965 29.0032615661621 29.10546875 29.1780204772949 29.2296905517578 29.2600727081299 29.2414894104004 29.2342624664307 29.2254886627197 29.2270221710205 29.2287693023682 29.1980533599854 29.1028594970703 28.9555339813232 28.8433113098145 28.7459545135498 28.6441898345947 28.583215713501 28.4627742767334
28.4620056152344 28.4979610443115 28.5365581512451 28.5482158660889 28.5347709655762 28.5151290893555 28.5176010131836 28.518762588501 28.5314426422119 28.5488319396973 28.5469913482666 28.5122509002686 28.4784412384033 28.4547996520996 28.4442367553711 28.4504108428955 28.4710216522217 28.4893627166748 28.4923515319824 28.4851589202881 28.4738292694092 28.49196434021 28.5156497955322 28.5538272857666 28.6451721191406 28.7261066436768 28.7532081604004 28.8490734100342 29.0055713653564 29.1336784362793 29.1996212005615 29.2353286743164 29.2927627563477 29.3172264099121 29.300085067749 29.2888813018799 29.2760105133057 29.2749519348145 29.2833709716797 29.2754726409912 29.2451972961426 29.1177291870117 28.9609241485596 28.8074951171875 28.7027702331543 28.6237297058105 28.5231685638428
28.5032138824463 28.491382598877 28.5167446136475 28.5315132141113 28.5433387756348 28.5359954833984 28.5245895385742 28.5269565582275 28.529354095459 28.5373268127441 28.5497875213623 28.5460205078125 28.5489864349365 28.5452728271484 28.5223960876465 28.5131721496582 28.5134429931641 28.5238418579102 28.5329284667969 28.5135231018066 28.5141906738281 28.5379543304443 28.5892753601074 28.6418876647949 28.7111015319824 28.7557697296143 28.8119125366211 28.9641075134277 29.113582611084 29.1973457336426 29.2554225921631 29.2953548431396 29.3260822296143 29.3143997192383 29.3052291870117 29.3023128509521 29.3016357421875 29.2970085144043 29.2940578460693 29.296422958374 29.3046360015869 29.2551956176758 29.0787143707275 28.8835544586182 28.7587203979492 28.6681232452393 28.5571327209473
28.5051345825195 28.5027904510498 28.4686012268066 28.5019035339355 28.5324020385742 28.5333213806152 28.5170288085938 28.5028133392334 28.5074424743652 28.5439205169678 28.5443325042725 28.5515174865723 28.5375633239746 28.5129814147949 28.4964027404785 28.5222072601318 28.5283012390137 28.5610485076904 28.5398330688477 28.5059547424316 28.5166778564453 28.5544967651367 28.6257514953613 28.6767654418945 28.7294120788574 28.7690124511719 28.8874797821045 28.9947052001953 29.1318435668945 29.2275238037109 29.2949314117432 29.317590713501 29.3307571411133 29.3079376220703 29.290979385376 29.3132915496826 29.2972774505615 29.2969837188721 29.3053302764893 29.3065567016602 29.3107738494873 29.3059329986572 29.207368850708 28.9893264770508 28.7735462188721 28.7022113800049 28.6107730865479
28.4818668365479 28.4927654266357 28.4986057281494 28.4627838134766 28.4828624725342 28.5082988739014 28.5176239013672 28.5172653198242 28.5019493103027 28.5147476196289 28.5370693206787 28.5372524261475 28.5232887268066 28.5111446380615 28.501932144165 28.5234851837158 28.534143447876 28.5609512329102 28.5327320098877 28.5055656433105 28.5207500457764 28.5561695098877 28.6501846313477 28.683650970459 28.7156429290771 28.7991104125977 28.8849258422852 29.0134677886963 29.1780567169189 29.2750415802002 29.315034866333 29.3145790100098 29.3257637023926 29.3029975891113 29.2870693206787 29.3041820526123 29.2947597503662 29.274938583374 29.2845859527588 29.2865962982178 29.2933120727539 29.2951469421387 29.2844791412354 29.1412582397461 28.87327003479 28.7344722747803 28.6480770111084
28.5272312164307 28.508430480957 28.5158576965332 28.5340366363525 28.4893054962158 28.491756439209 28.4930477142334 28.4824542999268 28.4657402038574 28.4849319458008 28.5291213989258 28.5344638824463 28.517786026001 28.5210571289062 28.5299968719482 28.5369167327881 28.56955909729 28.5626888275146 28.5484199523926 28.5183124542236 28.5269470214844 28.5717716217041 28.6492938995361 28.6689472198486 28.7095260620117 28.7950038909912 28.8590621948242 29.0484504699707 29.2049560546875 29.2830276489258 29.3118324279785 29.3141632080078 29.309986114502 29.2795658111572 29.2674999237061 29.2584857940674 29.2506637573242 29.2490863800049 29.2583465576172 29.2448387145996 29.2748584747314 29.2786521911621 29.280574798584 29.2515830993652 29.0115871429443 28.7950916290283 28.6932315826416
28.5831146240234 28.550952911377 28.5390319824219 28.5437774658203 28.5438385009766 28.5272941589355 28.5128173828125 28.4956035614014 28.4959030151367 28.5296726226807 28.5719337463379 28.5786418914795 28.5631980895996 28.5487079620361 28.5410900115967 28.5578937530518 28.5702590942383 28.586332321167 28.5706062316895 28.5574207305908 28.5379676818848 28.6070556640625 28.6252250671387 28.6521739959717 28.7128391265869 28.7808036804199 28.8857765197754 29.0507793426514 29.1982688903809 29.2676105499268 29.3139362335205 29.3187770843506 29.2911529541016 29.2728290557861 29.2536010742188 29.2470626831055 29.2245769500732 29.2241077423096 29.2264766693115 29.2144451141357 29.2171669006348 29.272855758667 29.2851963043213 29.2593269348145 29.1474361419678 28.8767509460449 28.7420825958252
28.6040821075439 28.6074638366699 28.6084041595459 28.6054916381836 28.6099300384521 28.6025829315186 28.5737991333008 28.5598678588867 28.5748157501221 28.6058654785156 28.6232128143311 28.6143970489502 28.5882377624512 28.569034576416 28.5511112213135 28.5672473907471 28.565845489502 28.5869159698486 28.5941982269287 28.5953330993652 28.5940933227539 28.6348094940186 28.608039855957 28.6409530639648 28.7102928161621 28.7679233551025 28.9162769317627 29.055061340332 29.2021179199219 29.2692165374756 29.3264141082764 29.33909034729 29.3024444580078 29.2868061065674 29.2562580108643 29.2416801452637 29.2269287109375 29.2249145507812 29.2386665344238 29.2328968048096 29.2111206054688 29.2621841430664 29.2873973846436 29.2619190216064 29.1939296722412 28.9861392974854 28.7760848999023
28.6975231170654 28.698844909668 28.7054538726807 28.7119522094727 28.7052612304688 28.6906757354736 28.6750888824463 28.6792583465576 28.6919727325439 28.6750831604004 28.6413593292236 28.6130638122559 28.5953006744385 28.5837249755859 28.5864524841309 28.5785446166992 28.5811939239502 28.5940475463867 28.6025199890137 28.6295070648193 28.644702911377 28.6702556610107 28.6295928955078 28.6433792114258 28.6971168518066 28.7567195892334 28.9013290405273 29.0461711883545 29.2137260437012 29.2948837280273 29.3357276916504 29.3548774719238 29.304500579834 29.3044357299805 29.2693691253662 29.2416934967041 29.2223930358887 29.2357769012451 29.2413997650146 29.2352848052979 29.2130718231201 29.2540130615234 29.279167175293 29.2613410949707 29.1708316802979 29.0744132995605 28.8273220062256
28.7595977783203 28.7818336486816 28.7672252655029 28.7679481506348 28.7533512115479 28.7251300811768 28.7105598449707 28.683385848999 28.6798477172852 28.6602973937988 28.6238746643066 28.593132019043 28.5921993255615 28.5879611968994 28.5796928405762 28.567232131958 28.5770206451416 28.6048755645752 28.624397277832 28.651517868042 28.6789684295654 28.7053546905518 28.6693286895752 28.6732234954834 28.7097110748291 28.7520446777344 28.877025604248 29.0297718048096 29.2009315490723 29.3137378692627 29.330394744873 29.3600692749023 29.3248271942139 29.2979793548584 29.2696170806885 29.244478225708 29.2329940795898 29.232852935791 29.2454528808594 29.2293395996094 29.2199687957764 29.2590217590332 29.2693786621094 29.2487754821777 29.1820850372314 29.0798320770264 28.8936634063721
28.7985343933105 28.8162250518799 28.8063411712646 28.7843780517578 28.741268157959 28.7315406799316 28.6973934173584 28.6574573516846 28.6510105133057 28.6203269958496 28.612907409668 28.6001358032227 28.5808429718018 28.5793685913086 28.5562839508057 28.5641555786133 28.5872631072998 28.621036529541 28.6565628051758 28.6638641357422 28.7003440856934 28.7357845306396 28.7333545684814 28.7619209289551 28.7667407989502 28.7711505889893 28.8481826782227 29.0005683898926 29.1683750152588 29.3319454193115 29.3450107574463 29.3709354400635 29.3650817871094 29.3139324188232 29.2764720916748 29.2463321685791 29.2442932128906 29.2403755187988 29.2529048919678 29.2259654998779 29.2280921936035 29.2521705627441 29.2563724517822 29.231351852417 29.1725940704346 29.0687408447266 28.9334621429443
28.8519802093506 28.8448181152344 28.8155078887939 28.7901954650879 28.7636871337891 28.7018623352051 28.6646423339844 28.6204681396484 28.6004428863525 28.597095489502 28.5848789215088 28.5761470794678 28.5683727264404 28.5589370727539 28.5443572998047 28.5683479309082 28.6024551391602 28.6333465576172 28.6891193389893 28.6770401000977 28.7271747589111 28.7607269287109 28.7986888885498 28.8578643798828 28.8133029937744 28.8081207275391 28.8222846984863 28.9599075317383 29.1286811828613 29.3033561706543 29.3477001190186 29.3777770996094 29.3783740997314 29.3251667022705 29.2794818878174 29.2522964477539 29.2541198730469 29.2431793212891 29.2772598266602 29.2506999969482 29.2377777099609 29.2290534973145 29.2318954467773 29.2203216552734 29.1506690979004 29.0451316833496 28.9379901885986
