Ecospace-environmental-drivers/Outputs/ASCII-for-ecospace/Temp-surf/Temp-surf_X2001.12.asc
NCOLS 131 
NROWS 53 
XLLCORNER -98 
YLLCORNER 23.9265270233154 
CELLSIZE 0.133587792515755 
NODATA_value -3.4e+38 
[rows 21 to 41 of 53, columns 0 to 46 of 131]
-3.4e+38 -3.4e+38 -3.4e+38 -3.4e+38 -3.4e+38 -3.4e+38 19.2592067718506 19.1741714477539 19.2800922393799 18.955228805542 19.4660186767578 20.0764217376709 20.7394638061523 21.3954563140869 21.8575210571289 22.1691837310791 22.406623840332 22.610315322876 22.7828311920166 22.9323444366455 23.0616054534912 23.1542739868164 23.1877689361572 23.183572769165 23.1702136993408 23.1780414581299 23.2006587982178 23.2461528778076 23.3349781036377 23.3956546783447 23.4266738891602 23.4303855895996 23.41943359375 23.4565563201904 23.4725036621094 23.5357189178467 23.5890350341797 23.6161937713623 23.6110744476318 23.6230716705322 23.6579360961914 23.7017936706543 23.7302532196045 23.787633895874 23.8497333526611 23.8929233551025 23.9572410583496
-3.4e+38 -3.4e+38 -3.4e+38 -3.4e+38 -3.4e+38 -3.4e+38 19.2056407928467 19.3978061676025 19.1741714477539 19.7108764648438 20.3474674224854 21.0368690490723 21.7891540527344 22.3418521881104 22.661584854126 22.8538570404053 22.9849548339844 23.1046047210693 23.2193012237549 23.3207988739014 23.3775291442871 23.3897743225098 23.4025573730469 23.4001712799072 23.3970756530762 23.4112586975098 23.4349594116211 23.4501419067383 23.4662609100342 23.4675750732422 23.4682235717773 23.4492416381836 23.4706974029541 23.5351448059082 23.5634365081787 23.6616630554199 23.7117595672607 23.7490043640137 23.7620525360107 23.7707138061523 23.806224822998 23.8513584136963 23.8994483947754 23.9329872131348 23.9555683135986 23.9648895263672 23.9944343566895
-3.4e+38 -3.4e+38 -3.4e+38 -3.4e+38 19.3317356109619 19.2847995758057 19.4384441375732 19.2056407928467 19.8136081695557 20.4632358551025 21.1548519134521 21.9065589904785 22.5216464996338 22.9158668518066 23.1021499633789 23.1766414642334 23.2582206726074 23.3497772216797 23.4103469848633 23.4439506530762 23.4824333190918 23.5315914154053 23.5581130981445 23.5363636016846 23.523193359375 23.5105018615723 23.5276622772217 23.5561122894287 23.5678043365479 23.5680027008057 23.5679473876953 23.5713596343994 23.5980854034424 23.6106452941895 23.6313800811768 23.7045040130615 23.7665691375732 23.7964191436768 23.7975940704346 23.8231868743896 23.8783073425293 23.9062023162842 23.9392280578613 23.9739112854004 24.0228252410889 24.0742473602295 24.1229019165039
-3.4e+38 -3.4e+38 -3.4e+38 -3.4e+38 19.2930011749268 19.417407989502 19.2847995758057 19.8248901367188 20.5280780792236 21.2433185577393 21.9503078460693 22.5051097869873 22.9451236724854 23.2081871032715 23.320686340332 23.3595409393311 23.3877391815186 23.4349880218506 23.4810428619385 23.5319766998291 23.5644302368164 23.5998363494873 23.6556358337402 23.6683521270752 23.6385192871094 23.6325225830078 23.6500644683838 23.660888671875 23.6764106750488 23.7243804931641 23.7523860931396 23.7385559082031 23.7367286682129 23.7474727630615 23.7652359008789 23.7892513275146 23.820873260498 23.8486824035645 23.8461418151855 23.8858699798584 23.9597663879395 24.058479309082 24.1523895263672 24.2247352600098 24.283182144165 24.3272342681885 24.3714942932129
-3.4e+38 -3.4e+38 -3.4e+38 -3.4e+38 -3.4e+38 19.2930011749268 19.6744232177734 20.4707126617432 21.3094654083252 22.0319213867188 22.616584777832 23.0205993652344 23.2487449645996 23.3655567169189 23.4241771697998 23.4934272766113 23.5699195861816 23.6434192657471 23.700891494751 23.7497539520264 23.7905197143555 23.813325881958 23.8300914764404 23.8346710205078 23.8024787902832 23.762300491333 23.7549304962158 23.7535362243652 23.7971630096436 23.8516883850098 23.8396339416504 23.8289642333984 23.8239669799805 23.8347015380859 23.8599452972412 23.8794860839844 23.9066829681396 23.9407482147217 23.9329128265381 23.9987926483154 24.166748046875 24.2748050689697 24.3281917572021 24.3804130554199 24.4362411499023 24.4958000183105 24.5589408874512
-3.4e+38 -3.4e+38 -3.4e+38 -3.4e+38 -3.4e+38 19.4088363647461 20.2595157623291 21.0519104003906 22.0319557189941 22.6031875610352 22.9562301635742 23.2007713317871 23.3302383422852 23.371768951416 23.474292755127 23.5894184112549 23.6947402954102 23.7774753570557 23.8607444763184 23.9107227325439 23.9473056793213 23.9664077758789 23.9358596801758 23.9451389312744 23.9300193786621 23.9012050628662 23.859073638916 23.8256225585938 23.8619575500488 23.8651580810547 23.8587856292725 23.8790397644043 23.8878517150879 23.8915004730225 23.9152507781982 23.9564399719238 23.9925899505615 24.039421081543 24.0926361083984 24.2199974060059 24.3122615814209 24.358190536499 24.4109363555908 24.4884281158447 24.5492057800293 24.6214752197266 24.6960983276367
-3.4e+38 -3.4e+38 18.2116165161133 18.5093612670898 19.232873916626 19.7294063568115 20.6856727600098 21.5127601623535 22.4085426330566 22.8566989898682 23.0755672454834 23.2238788604736 23.2946224212646 23.3883361816406 23.5243873596191 23.6774368286133 23.7888622283936 23.8980293273926 23.971508026123 23.981761932373 23.9948616027832 23.9767227172852 23.9440383911133 23.9301643371582 23.9257984161377 23.9251346588135 23.9225215911865 23.8923606872559 23.880558013916 23.8829212188721 23.9347953796387 23.9977645874023 24.0360946655273 24.060848236084 24.0775108337402 24.1037693023682 24.1482524871826 24.1922264099121 24.2441005706787 24.3282241821289 24.4026527404785 24.4620151519775 24.5066623687744 24.5423316955566 24.5848560333252 24.6564674377441 24.7720355987549
-339999999999999996128486808808066248288.000000000000000 -3.4e+38 -3.4e+38 -3.4e+38 18.8071041107178 20.0074081420898 21.0176334381104 21.8297176361084 22.6659927368164 22.9657974243164 23.0924510955811 23.2208271026611 23.3565540313721 23.4878406524658 23.5801582336426 23.7513484954834 23.8624877929688 23.9785289764404 24.0453643798828 24.0321979522705 24.0207424163818 23.9884357452393 23.9613018035889 23.9385414123535 23.9200267791748 23.9055843353271 23.9155502319336 23.8986568450928 23.8887500762939 23.9935855865479 24.1165466308594 24.1688251495361 24.1695995330811 24.1668472290039 24.1833438873291 24.219747543335 24.2544536590576 24.2842922210693 24.3377208709717 24.4207763671875 24.4832534790039 24.5094604492188 24.528392791748 24.5806465148926 24.6347007751465 24.7355308532715 24.8371162414551
-3.4e+38 -3.4e+38 -3.4e+38 -3.4e+38 18.7032642364502 20.2702159881592 21.2276840209961 21.9782543182373 22.6911716461182 23.037748336792 23.1970520019531 23.3477401733398 23.4555835723877 23.5323848724365 23.6559391021729 23.8086643218994 23.9063453674316 24.0305690765381 24.0922260284424 24.035306930542 24.0152053833008 23.9992179870605 23.9860038757324 23.9426498413086 23.9254283905029 23.9253902435303 23.9089775085449 23.8992557525635 24.0078582763672 24.162088394165 24.2170429229736 24.2587108612061 24.2894668579102 24.312406539917 24.3245391845703 24.3406105041504 24.3920612335205 24.4200534820557 24.4371318817139 24.4668979644775 24.4874420166016 24.5305194854736 24.5606899261475 24.5961093902588 24.7045783996582 24.7899894714355 24.8634090423584
-3.4e+38 -3.4e+38 -3.4e+38 -3.4e+38 18.5967044830322 20.2101593017578 21.2556095123291 21.9640674591064 22.6435718536377 23.045560836792 23.2885551452637 23.4279613494873 23.5198707580566 23.6005878448486 23.7095813751221 23.8442497253418 23.9377136230469 24.0438098907471 24.1006946563721 24.0385990142822 24.0079460144043 24.0124588012695 24.0158195495605 23.9779052734375 23.9487323760986 23.926872253418 23.9507675170898 24.0540714263916 24.142032623291 24.2056484222412 24.2814807891846 24.3348846435547 24.3909454345703 24.4505233764648 24.4788932800293 24.4864273071289 24.5024070739746 24.5030746459961 24.5208034515381 24.5321922302246 24.5788249969482 24.5968456268311 24.6320285797119 24.6998920440674 24.7551441192627 24.8118267059326 24.8523502349854
-3.4e+38 -3.4e+38 -3.4e+38 -3.4e+38 18.8967819213867 19.9385051727295 21.1344814300537 21.856502532959 22.5402793884277 22.9992065429688 23.3388824462891 23.5067329406738 23.5945835113525 23.655460357666 23.7572975158691 23.8649253845215 23.9415016174316 24.0067119598389 24.0655517578125 24.05837059021 24.0292549133301 24.0394039154053 24.0459136962891 24.0456371307373 24.031925201416 24.0781116485596 24.1696453094482 24.2233066558838 24.2629585266113 24.3021068572998 24.3206882476807 24.35276222229 24.4159393310547 24.4733123779297 24.5144157409668 24.5635795593262 24.6079006195068 24.6328563690186 24.6287460327148 24.6470737457275 24.6843204498291 24.7005710601807 24.7223167419434 24.7472839355469 24.7825946807861 24.7789249420166 24.8095932006836
-3.4e+38 -3.4e+38 -3.4e+38 -3.4e+38 18.7915077209473 19.7567520141602 20.9226474761963 21.6678314208984 22.3700466156006 22.8641796112061 23.2166080474854 23.5213432312012 23.6497783660889 23.7246170043945 23.8159370422363 23.8901386260986 23.9349040985107 23.9511871337891 24.0121726989746 24.0474262237549 24.0936470031738 24.1251659393311 24.156587600708 24.2149810791016 24.2788619995117 24.3078060150146 24.3038082122803 24.3231391906738 24.3381423950195 24.3561134338379 24.3837299346924 24.4102001190186 24.4308967590332 24.4403038024902 24.4685764312744 24.5403175354004 24.6095085144043 24.6848888397217 24.7251796722412 24.7130641937256 24.7256488800049 24.7376365661621 24.7617702484131 24.7690525054932 24.7779941558838 24.803108215332 24.8355865478516
-3.4e+38 -3.4e+38 -3.4e+38 -3.4e+38 18.6433067321777 19.5967216491699 20.6110038757324 21.5139961242676 22.0682964324951 22.5869750976562 22.9706115722656 23.3260440826416 23.5565032958984 23.662410736084 23.8900356292725 24.0389442443848 23.990291595459 23.8988437652588 23.9812297821045 24.0376739501953 24.1530170440674 24.2525882720947 24.3063583374023 24.3476371765137 24.3698997497559 24.3824062347412 24.3898963928223 24.3868808746338 24.395923614502 24.4091320037842 24.4318866729736 24.4645805358887 24.4853668212891 24.4996547698975 24.489767074585 24.4871234893799 24.5198154449463 24.5938014984131 24.6826095581055 24.7406158447266 24.7329025268555 24.7458038330078 24.7827625274658 24.7898349761963 24.8190898895264 24.8609256744385 24.8854484558105
-3.4e+38 -3.4e+38 -3.4e+38 -3.4e+38 -3.4e+38 19.9986801147461 20.4063663482666 21.3725395202637 21.9752006530762 22.3740081787109 22.743314743042 23.0977230072021 23.3220825195312 23.464204788208 23.7691287994385 24.0186939239502 24.021879196167 23.9193649291992 23.9034881591797 23.968412399292 24.0882301330566 24.2725429534912 24.3626499176025 24.3729228973389 24.394100189209 24.4242267608643 24.4230518341064 24.4256000518799 24.4530544281006 24.4751815795898 24.4884357452393 24.5031890869141 24.5317440032959 24.556432723999 24.5500354766846 24.5137100219727 24.4859771728516 24.5076313018799 24.5723705291748 24.6607112884521 24.7305297851562 24.7418632507324 24.7891788482666 24.8135776519775 24.8562355041504 24.8873767852783 24.9161643981934
-3.4e+38 -3.4e+38 -3.4e+38 -3.4e+38 -3.4e+38 19.3615951538086 20.4153594970703 21.3371028900146 21.9593086242676 22.3456707000732 22.6332225799561 22.9834613800049 23.2517566680908 23.4565505981445 23.7656497955322 23.9073333740234 23.8928203582764 23.816333770752 23.817081451416 23.9347248077393 23.9922275543213 24.1236610412598 24.2967510223389 24.395938873291 24.4079818725586 24.3991947174072 24.4041976928711 24.4191703796387 24.4504547119141 24.4906482696533 24.5263614654541 24.5406894683838 24.5327949523926 24.5317230224609 24.5741367340088 24.5661716461182 24.5489730834961 24.5049686431885 24.517505645752 24.5665473937988 24.6566181182861 24.7546577453613 24.8461418151855 24.8635158538818 24.8743267059326 24.8863182067871 24.9225845336914
-3.4e+38 -3.4e+38 -3.4e+38 -3.4e+38 -3.4e+38 19.5779590606689 20.4420757293701 21.4095401763916 22.0325775146484 22.4183444976807 22.6879425048828 22.9864234924316 23.3330821990967 23.6404323577881 23.9508628845215 23.9854049682617 23.9628028869629 23.9391555786133 23.8303527832031 23.959493637085 24.0405292510986 24.0730133056641 24.1700458526611 24.333589553833 24.4103851318359 24.4080352783203 24.403470993042 24.4146823883057 24.4449844360352 24.4536914825439 24.4748916625977 24.5122871398926 24.5280723571777 24.4893283843994 24.4789505004883 24.5226268768311 24.5555400848389 24.5428676605225 24.5154895782471 24.5151691436768 24.5245513916016 24.6094436645508 24.7440338134766 24.8690967559814 24.8927097320557 24.9228610992432 24.9420795440674
-3.4e+38 -3.4e+38 -3.4e+38 -3.4e+38 -3.4e+38 -3.4e+38 20.815975189209 21.5696258544922 22.2862911224365 22.6804237365723 22.9421920776367 23.1080532073975 23.4393863677979 23.9317398071289 24.1721019744873 24.2714004516602 24.3549976348877 24.4063911437988 24.3252639770508 24.1780948638916 24.1511745452881 24.1409587860107 24.1631240844727 24.2256526947021 24.3618488311768 24.4322490692139 24.419189453125 24.4145545959473 24.4222145080566 24.4439563751221 24.4482536315918 24.4607696533203 24.489294052124 24.4728126525879 24.4318542480469 24.4849262237549 24.5507698059082 24.5813732147217 24.563175201416 24.5374908447266 24.5486640930176 24.6093921661377 24.7138576507568 24.8240699768066 24.9082832336426 24.930534362793 24.9496574401855
-3.4e+38 -3.4e+38 -3.4e+38 -3.4e+38 -3.4e+38 -3.4e+38 21.1062088012695 21.7867565155029 22.562629699707 23.0186405181885 23.3044757843018 23.4107265472412 23.7060947418213 24.1817493438721 24.4326000213623 24.6423587799072 24.7283058166504 24.7682437896729 24.7644271850586 24.6318073272705 24.5023002624512 24.3765354156494 24.2294979095459 24.2095336914062 24.2490673065186 24.4009666442871 24.4592781066895 24.4299564361572 24.4211139678955 24.4355869293213 24.433765411377 24.4485454559326 24.4792003631592 24.470796585083 24.4457054138184 24.4686298370361 24.54128074646 24.5788841247559 24.5644302368164 24.5623645782471 24.5822486877441 24.6411838531494 24.7403888702393 24.8305950164795 24.8856735229492 24.9213027954102 24.9286155700684
-3.4e+38 -3.4e+38 -3.4e+38 -3.4e+38 -3.4e+38 -3.4e+38 21.3104057312012 22.1137828826904 22.8599529266357 23.2566947937012 23.5793018341064 23.7958965301514 24.1426792144775 24.5274963378906 24.8114967346191 25.0123310089111 25.1073036193848 25.1479110717773 25.1540699005127 25.1159324645996 24.9502964019775 24.7612228393555 24.588436126709 24.3654689788818 24.2787952423096 24.2840938568115 24.4147968292236 24.4708862304688 24.4577445983887 24.4486141204834 24.4556064605713 24.4777278900146 24.513219833374 24.5154914855957 24.5001373291016 24.4938201904297 24.5419330596924 24.5969924926758 24.5868282318115 24.5675659179688 24.5792579650879 24.6644535064697 24.7802486419678 24.8678302764893 24.9389610290527 24.9423809051514 24.9529914855957
-3.4e+38 -3.4e+38 -3.4e+38 -3.4e+38 -3.4e+38 21.1787452697754 21.561767578125 22.4852600097656 23.1498641967773 23.5499229431152 23.8278999328613 24.27463722229 24.7348213195801 25.0012874603271 25.1739845275879 25.2509517669678 25.2789726257324 25.2994766235352 25.3015327453613 25.2911949157715 25.2425022125244 25.1072673797607 24.9344367980957 24.7310333251953 24.4616603851318 24.3470306396484 24.3207359313965 24.4281711578369 24.4940738677979 24.4753360748291 24.4591789245605 24.4664516448975 24.4840278625488 24.4686489105225 24.4768924713135 24.4997215270996 24.544979095459 24.6009044647217 24.5905857086182 24.5384292602539 24.5464000701904 24.6823024749756 24.8209438323975 24.9216728210449 24.9893341064453 25.0063533782959 25.0244083404541
-3.4e+38 -3.4e+38 -3.4e+38 -3.4e+38 20.9149208068848 21.2252712249756 21.9785060882568 22.8110847473145 23.334623336792 23.72483253479 24.1643238067627 24.6984596252441 25.0513210296631 25.193696975708 25.2715377807617 25.3112277984619 25.345193862915 25.3645420074463 25.3608131408691 25.354133605957 25.3378944396973 25.2935066223145 25.1866683959961 25.0040893554688 24.8127269744873 24.5112152099609 24.3613109588623 24.314245223999 24.4103145599365 24.498556137085 24.5099983215332 24.4940948486328 24.483154296875 24.4303436279297 24.4199600219727 24.4729309082031 24.519775390625 24.5750465393066 24.5618343353271 24.5122604370117 24.5370864868164 24.7089004516602 24.8566055297852 24.9721260070801 25.0342197418213 25.0496959686279 25.0870018005371
