Ecospace-environmental-drivers/Outputs/ASCII-for-ecospace/Temp-surf/Temp-surf_X2001.09.asc
NCOLS 131 
NROWS 53 
XLLCORNER -98 
YLLCORNER 23.9265270233154 
CELLSIZE 0.133587792515755 
NODATA_value -3.4e+38 
[rows 21 to 41 of 53, columns 47 to 93 of 131]
29.398530960083 29.4040832519531 29.4133548736572 29.4272956848145 29.4413394927979 29.4474487304688 29.4480972290039 29.4261417388916 29.4003791809082 29.3888416290283 29.3874492645264 29.4018058776855 29.4467391967773 29.4252624511719 29.4324264526367 29.4437065124512 29.4188251495361 29.3817405700684 29.4012203216553 29.389181137085 29.4420776367188 29.5168018341064 29.5619659423828 29.5641002655029 29.569486618042 29.5905132293701 29.6091785430908 29.6087779998779 29.603931427002 29.5992908477783 29.5949649810791 29.5975494384766 29.5975666046143 29.5841751098633 29.5704364776611 29.5526695251465 29.5515575408936 29.5381507873535 29.5186138153076 29.5000972747803 29.4569416046143 29.3836917877197 29.337833404541 29.2971172332764 29.2646827697754 29.2581977844238 29.221715927124
29.424976348877 29.4383659362793 29.4608211517334 29.4760818481445 29.4857978820801 29.4934158325195 29.4991664886475 29.5043544769287 29.4976654052734 29.4722595214844 29.423942565918 29.4008693695068 29.4188423156738 29.4167995452881 29.4192523956299 29.4416179656982 29.4280242919922 29.4034214019775 29.4273452758789 29.4376258850098 29.5049343109131 29.566276550293 29.5791339874268 29.5722122192383 29.5919380187988 29.6247062683105 29.6325435638428 29.6302452087402 29.6391372680664 29.6428852081299 29.6454639434814 29.6429882049561 29.6299648284912 29.6226501464844 29.6198596954346 29.6184864044189 29.598014831543 29.5864315032959 29.5661678314209 29.5400733947754 29.5047664642334 29.4583473205566 29.3801746368408 29.3266792297363 29.272331237793 29.1941108703613 29.157844543457
29.4448566436768 29.4799613952637 29.487756729126 29.4749183654785 29.4826412200928 29.4708366394043 29.4577484130859 29.4464645385742 29.4596862792969 29.4559631347656 29.4559993743896 29.4295902252197 29.4226474761963 29.413179397583 29.4068393707275 29.4192867279053 29.4341259002686 29.422815322876 29.4486827850342 29.4855194091797 29.5910511016846 29.5961742401123 29.5952415466309 29.5832958221436 29.6120719909668 29.6292304992676 29.6132259368896 29.6227245330811 29.6195545196533 29.6236534118652 29.6166496276855 29.6094646453857 29.6031932830811 29.5956192016602 29.5990695953369 29.6014747619629 29.6097259521484 29.5989036560059 29.5953273773193 29.5757656097412 29.5263671875 29.4972038269043 29.4486522674561 29.365327835083 29.2791156768799 29.1535816192627 29.1051502227783
29.4727973937988 29.4914131164551 29.4594917297363 29.4695339202881 29.4614868164062 29.4340572357178 29.422456741333 29.4171981811523 29.4255218505859 29.4291515350342 29.423433303833 29.4298229217529 29.4209384918213 29.4510936737061 29.4629650115967 29.4778881072998 29.4751205444336 29.4728393554688 29.4996452331543 29.5458068847656 29.5986309051514 29.5995445251465 29.5860843658447 29.5927562713623 29.6159439086914 29.6111278533936 29.6042556762695 29.5773830413818 29.5497055053711 29.5488758087158 29.5389003753662 29.5211925506592 29.5298118591309 29.5517826080322 29.5697345733643 29.5865993499756 29.589994430542 29.5944843292236 29.5793895721436 29.5776042938232 29.5597534179688 29.5122108459473 29.4944496154785 29.4244403839111 29.335636138916 29.1791114807129 29.0977039337158
29.4973201751709 29.4834842681885 29.4598121643066 29.4766597747803 29.4449348449707 29.4199047088623 29.3948974609375 29.3979663848877 29.4114055633545 29.4107608795166 29.4011726379395 29.4318332672119 29.4326267242432 29.486686706543 29.5164642333984 29.5353412628174 29.5503158569336 29.5564079284668 29.5584297180176 29.5655326843262 29.5649662017822 29.5686168670654 29.5910015106201 29.628059387207 29.6221694946289 29.5901718139648 29.578405380249 29.5520782470703 29.5231971740723 29.5220394134521 29.5418739318848 29.5350017547607 29.5215644836426 29.5263671875 29.5495529174805 29.5599918365479 29.5793800354004 29.5887603759766 29.5930366516113 29.5626029968262 29.5701160430908 29.5367298126221 29.5157032012939 29.4744300842285 29.383113861084 29.2376537322998 29.1261234283447
29.5112609863281 29.4903259277344 29.4704570770264 29.4901084899902 29.4586009979248 29.4316825866699 29.4199371337891 29.408374786377 29.4069061279297 29.4083671569824 29.4071063995361 29.4471263885498 29.4676265716553 29.5034332275391 29.5241680145264 29.5238513946533 29.556468963623 29.6029033660889 29.6336536407471 29.6243515014648 29.6375293731689 29.6479206085205 29.6662101745605 29.6398220062256 29.5909461975098 29.5666809082031 29.5577011108398 29.532434463501 29.5225162506104 29.5314788818359 29.5651092529297 29.5892601013184 29.5611057281494 29.5421123504639 29.5501594543457 29.5685443878174 29.5480403900146 29.5745658874512 29.5767116546631 29.5637302398682 29.5674743652344 29.5562267303467 29.5344543457031 29.5051212310791 29.4306583404541 29.2987613677979 29.1914730072021
29.5405559539795 29.5084400177002 29.4728374481201 29.4892425537109 29.4832973480225 29.460111618042 29.4397888183594 29.4327487945557 29.4371910095215 29.4327335357666 29.4450397491455 29.4753284454346 29.4764709472656 29.4806709289551 29.4905967712402 29.5331039428711 29.5800838470459 29.6092128753662 29.6165370941162 29.6288642883301 29.6341781616211 29.6407203674316 29.6351776123047 29.5746021270752 29.5388298034668 29.5573348999023 29.558349609375 29.5287075042725 29.5285301208496 29.5410671234131 29.562707901001 29.5842990875244 29.6083126068115 29.6109676361084 29.6005306243896 29.5923194885254 29.5515327453613 29.5525798797607 29.5694694519043 29.5698051452637 29.570613861084 29.5638751983643 29.5484409332275 29.5343265533447 29.4850826263428 29.364990234375 29.266622543335
29.561502456665 29.5443687438965 29.5013103485107 29.4828815460205 29.4866104125977 29.4932270050049 29.4767017364502 29.4665832519531 29.4642276763916 29.4630260467529 29.4866504669189 29.4823894500732 29.4822463989258 29.4759044647217 29.5158672332764 29.5742034912109 29.5874347686768 29.5946788787842 29.5942211151123 29.5965671539307 29.6016998291016 29.6216888427734 29.5789775848389 29.5417499542236 29.5512313842773 29.5698318481445 29.5427303314209 29.5336627960205 29.5361671447754 29.5689010620117 29.6074352264404 29.6200904846191 29.6267223358154 29.6251106262207 29.6316070556641 29.6433238983154 29.6243171691895 29.5897617340088 29.5845546722412 29.5710430145264 29.5682239532471 29.5624084472656 29.5454177856445 29.5374717712402 29.5106582641602 29.4268951416016 29.3265991210938
29.5718727111816 29.559663772583 29.5601348876953 29.537410736084 29.5206565856934 29.5189552307129 29.5204582214355 29.5175590515137 29.5233097076416 29.5473022460938 29.5461711883545 29.5221881866455 29.4983158111572 29.5186614990234 29.5683879852295 29.5800075531006 29.5807399749756 29.5800819396973 29.6006603240967 29.6093730926514 29.6340923309326 29.6363124847412 29.5909900665283 29.5685291290283 29.5781745910645 29.5784702301025 29.5551338195801 29.5526676177979 29.5879611968994 29.6196155548096 29.6351337432861 29.641809463501 29.6417140960693 29.650915145874 29.6384925842285 29.6408805847168 29.6335506439209 29.6400279998779 29.639554977417 29.6346740722656 29.6088600158691 29.5823879241943 29.5541591644287 29.5284805297852 29.5049800872803 29.4780178070068 29.397819519043
29.5968799591064 29.6072216033936 29.5882720947266 29.574613571167 29.5687522888184 29.5661468505859 29.5706691741943 29.5802917480469 29.5933036804199 29.5960273742676 29.5738201141357 29.5558338165283 29.5379371643066 29.5552101135254 29.567907333374 29.5838508605957 29.5795993804932 29.5958709716797 29.605167388916 29.6321487426758 29.6447429656982 29.6212520599365 29.5918407440186 29.5773506164551 29.5716495513916 29.5821228027344 29.5586814880371 29.5911483764648 29.6343383789062 29.6485042572021 29.653636932373 29.6654644012451 29.6643009185791 29.6744651794434 29.6581249237061 29.6378173828125 29.6251010894775 29.6380805969238 29.6514091491699 29.659538269043 29.6411037445068 29.6180057525635 29.5873317718506 29.5424690246582 29.5159950256348 29.4950008392334 29.4643821716309
29.5795841217041 29.5957336425781 29.6439208984375 29.624195098877 29.6036357879639 29.5986423492432 29.6028614044189 29.6038646697998 29.6009616851807 29.6330146789551 29.6636276245117 29.6454010009766 29.566499710083 29.553918838501 29.5806713104248 29.5838756561279 29.5890941619873 29.6063709259033 29.6264324188232 29.6358242034912 29.6085605621338 29.5955905914307 29.5667762756348 29.555850982666 29.5904541015625 29.5867404937744 29.5683536529541 29.6298923492432 29.666841506958 29.6937351226807 29.6966419219971 29.7129077911377 29.7016658782959 29.704158782959 29.6867198944092 29.6751041412354 29.665657043457 29.653938293457 29.6469268798828 29.6677837371826 29.6639652252197 29.656421661377 29.6196689605713 29.5662879943848 29.5403251647949 29.5076103210449 29.5024604797363
29.5787734985352 29.5851764678955 29.6145038604736 29.661642074585 29.6635341644287 29.6401863098145 29.6559772491455 29.684871673584 29.7147445678711 29.7367858886719 29.7367649078369 29.6993389129639 29.6261386871338 29.6069927215576 29.5849342346191 29.5782585144043 29.5818176269531 29.6180877685547 29.6415576934814 29.6107349395752 29.5801658630371 29.567850112915 29.5452365875244 29.5781078338623 29.6095657348633 29.5979499816895 29.5880603790283 29.645149230957 29.7078647613525 29.7326927185059 29.7434215545654 29.7507781982422 29.7279663085938 29.713077545166 29.7011337280273 29.7023239135742 29.6877975463867 29.6784324645996 29.6745738983154 29.7004833221436 29.6824436187744 29.6784572601318 29.6255855560303 29.5908336639404 29.5666370391846 29.5505523681641 29.5451526641846
29.6208877563477 29.6263599395752 29.629243850708 29.6656742095947 29.7016258239746 29.7119026184082 29.7270412445068 29.7483615875244 29.7775783538818 29.7827186584473 29.7691745758057 29.7249889373779 29.6519775390625 29.6262054443359 29.5870265960693 29.5753974914551 29.5983715057373 29.6335868835449 29.6394062042236 29.603271484375 29.569314956665 29.5677928924561 29.5573043823242 29.612663269043 29.6243991851807 29.6057300567627 29.6328296661377 29.6781597137451 29.7092819213867 29.7376384735107 29.7471694946289 29.7563381195068 29.7570743560791 29.729471206665 29.7264881134033 29.7069416046143 29.6809959411621 29.675178527832 29.6983337402344 29.7304573059082 29.7211360931396 29.7048492431641 29.6458168029785 29.6187896728516 29.6141300201416 29.6088829040527 29.5953884124756
29.6656341552734 29.6553840637207 29.6524887084961 29.6617565155029 29.7094860076904 29.7462692260742 29.7598438262939 29.7663860321045 29.786153793335 29.8010215759277 29.8064556121826 29.770040512085 29.671667098999 29.6233959197998 29.5838012695312 29.5878982543945 29.6093635559082 29.6521663665771 29.646089553833 29.5947818756104 29.5735530853271 29.5782127380371 29.5716247558594 29.6250133514404 29.6476421356201 29.6417655944824 29.6590003967285 29.6771907806396 29.711519241333 29.7288494110107 29.7378578186035 29.7652282714844 29.7826156616211 29.7586364746094 29.7354965209961 29.6988353729248 29.6829357147217 29.6882171630859 29.7301959991455 29.7417430877686 29.7121925354004 29.7133312225342 29.6795997619629 29.664119720459 29.6701774597168 29.6577987670898 29.6411533355713
29.7180995941162 29.7007846832275 29.6797523498535 29.6791362762451 29.6973628997803 29.7608375549316 29.7771892547607 29.7780075073242 29.7958507537842 29.8120708465576 29.8162441253662 29.772590637207 29.6897678375244 29.6233062744141 29.5901165008545 29.6074409484863 29.6201686859131 29.6626243591309 29.6396160125732 29.5869693756104 29.5732192993164 29.5749111175537 29.575044631958 29.6603469848633 29.6675834655762 29.666877746582 29.6632499694824 29.6889781951904 29.6959476470947 29.7315921783447 29.7466449737549 29.7881698608398 29.8178672790527 29.7767486572266 29.7307376861572 29.7057819366455 29.6897048950195 29.6834774017334 29.7427501678467 29.7328300476074 29.720724105835 29.7209987640381 29.727222442627 29.7210712432861 29.7179508209229 29.6870021820068 29.6690940856934
29.7599945068359 29.7476291656494 29.7294807434082 29.7201137542725 29.730899810791 29.7637538909912 29.7971134185791 29.8054943084717 29.8033599853516 29.8116931915283 29.8203010559082 29.7741832733154 29.6947460174561 29.6198081970215 29.5989894866943 29.6072692871094 29.6312103271484 29.6648406982422 29.6334705352783 29.5877170562744 29.5828514099121 29.5742225646973 29.6024932861328 29.6791458129883 29.6772365570068 29.6971969604492 29.6963500976562 29.6973094940186 29.7238540649414 29.7548198699951 29.7802047729492 29.8076152801514 29.8083534240723 29.7702903747559 29.7553253173828 29.7461452484131 29.7223720550537 29.7228965759277 29.7863502502441 29.7710933685303 29.7460708618164 29.7549800872803 29.7645111083984 29.7602081298828 29.7293720245361 29.6695404052734 29.6341114044189
29.7443084716797 29.7463836669922 29.7484397888184 29.7446727752686 29.7421360015869 29.7547302246094 29.795129776001 29.8159675598145 29.8096485137939 29.807222366333 29.808313369751 29.773588180542 29.7011070251465 29.6235752105713 29.5953617095947 29.5996704101562 29.6327629089355 29.6618957519531 29.6336517333984 29.6060256958008 29.589282989502 29.5713214874268 29.6234130859375 29.6721935272217 29.6940116882324 29.7139453887939 29.7090873718262 29.7352981567383 29.7700500488281 29.7938899993896 29.8077869415283 29.8180484771729 29.8301200866699 29.784839630127 29.7616786956787 29.7312107086182 29.7138729095459 29.7516708374023 29.7822761535645 29.7620410919189 29.7678756713867 29.7907562255859 29.7997875213623 29.794864654541 29.7400588989258 29.6680736541748 29.6216983795166
29.755485534668 29.7386646270752 29.736572265625 29.7496147155762 29.7525596618652 29.756814956665 29.7858982086182 29.8059749603271 29.8134269714355 29.8082103729248 29.8003730773926 29.7654228210449 29.702693939209 29.6326141357422 29.5935497283936 29.5928936004639 29.6324424743652 29.6566829681396 29.6313457489014 29.6169700622559 29.5861759185791 29.5852394104004 29.6122226715088 29.6493988037109 29.6938400268555 29.711893081665 29.7289791107178 29.7711753845215 29.7831916809082 29.7955169677734 29.8243942260742 29.8453578948975 29.82785987854 29.7848491668701 29.7603416442871 29.7408103942871 29.7499465942383 29.7760925292969 29.773609161377 29.7712287902832 29.7848033905029 29.8131790161133 29.807580947876 29.8090953826904 29.7205505371094 29.6824703216553 29.6185150146484
29.8028888702393 29.7964305877686 29.7882518768311 29.7758903503418 29.767240524292 29.7832336425781 29.7781505584717 29.7990913391113 29.807861328125 29.8184013366699 29.8059329986572 29.7496070861816 29.6972312927246 29.6410655975342 29.5977344512939 29.5898895263672 29.6348609924316 29.6380348205566 29.6234912872314 29.6297264099121 29.5972080230713 29.5942268371582 29.6156978607178 29.6499881744385 29.6854400634766 29.7114639282227 29.7281455993652 29.7665729522705 29.8028964996338 29.8130512237549 29.8511734008789 29.8542537689209 29.8238334655762 29.7882652282715 29.7494812011719 29.7530765533447 29.7718906402588 29.7889289855957 29.7735843658447 29.7673816680908 29.7631454467773 29.7999076843262 29.7962112426758 29.7923069000244 29.7379493713379 29.6772041320801 29.6199035644531
29.8238792419434 29.8189449310303 29.8113632202148 29.8128719329834 29.8005561828613 29.7788105010986 29.7885913848877 29.7953777313232 29.8044509887695 29.8081340789795 29.8133583068848 29.7736129760742 29.7204170227051 29.6469993591309 29.6020488739014 29.5864353179932 29.6272659301758 29.6109409332275 29.6177635192871 29.6342163085938 29.6077632904053 29.5923271179199 29.6145553588867 29.6507740020752 29.6594390869141 29.6912517547607 29.7247085571289 29.7801361083984 29.8179683685303 29.8435859680176 29.8611106872559 29.8416652679443 29.8048229217529 29.7778987884521 29.7594356536865 29.7736930847168 29.781888961792 29.7884426116943 29.7692737579346 29.7486190795898 29.7431888580322 29.7718086242676 29.7803516387939 29.7825584411621 29.7208137512207 29.6728096008301 29.6262741088867
29.8394565582275 29.8344459533691 29.830057144165 29.8305854797363 29.8251514434814 29.808910369873 29.7888679504395 29.7875843048096 29.8006649017334 29.7950744628906 29.7995281219482 29.805025100708 29.759937286377 29.6438903808594 29.6000156402588 29.5743503570557 29.5949535369873 29.5881671905518 29.5940341949463 29.6048889160156 29.5919418334961 29.5996932983398 29.6266460418701 29.6450786590576 29.6273097991943 29.6466979980469 29.7187576293945 29.7806205749512 29.8095664978027 29.8438568115234 29.8399963378906 29.8273391723633 29.7938117980957 29.7914772033691 29.7670078277588 29.7785129547119 29.7697982788086 29.7673873901367 29.7557849884033 29.7355155944824 29.7203102111816 29.7323875427246 29.7402229309082 29.7362689971924 29.681755065918 29.6412925720215 29.6270294189453
