Ecospace-environmental-drivers/Outputs/ASCII-for-ecospace/Temp-surf/Temp-surf_X1996.10.asc
NCOLS 131 
NROWS 53 
XLLCORNER -98 
YLLCORNER 23.9265270233154 
CELLSIZE 0.133587792515755 
NODATA_value -3.4e+38 
[rows 0 to 20 of 53, columns 47 to 93 of 131]
-3.4e+38 -3.4e+38 -3.4e+38 -3.4e+38 -3.4e+38 -3.4e+38 -3.4e+38 -3.4e+38 -3.4e+38 -3.4e+38 -3.4e+38 -3.4e+38 -3.4e+38 -3.4e+38 -3.4e+38 -3.4e+38 -3.4e+38 -3.4e+38 -3.4e+38 -3.4e+38 -3.4e+38 -3.4e+38 -3.4e+38 -3.4e+38 -3.4e+38 -3.4e+38 -3.4e+38 -3.4e+38 -3.4e+38 -3.4e+38 -3.4e+38 -3.4e+38 -3.4e+38 -3.4e+38 -3.4e+38 -3.4e+38 -3.4e+38 -3.4e+38 -3.4e+38 -3.4e+38 -3.4e+38 -3.4e+38 -3.4e+38 -3.4e+38 -3.4e+38 -3.4e+38 -3.4e+38
-3.4e+38 -3.4e+38 -3.4e+38 -3.4e+38 -3.4e+38 -3.4e+38 -3.4e+38 -3.4e+38 -3.4e+38 -3.4e+38 -3.4e+38 -3.4e+38 -3.4e+38 -3.4e+38 -3.4e+38 -3.4e+38 -3.4e+38 -3.4e+38 -3.4e+38 -3.4e+38 -3.4e+38 -3.4e+38 -3.4e+38 -3.4e+38 -3.4e+38 -3.4e+38 -3.4e+38 -3.4e+38 -3.4e+38 -3.4e+38 -3.4e+38 -3.4e+38 -3.4e+38 -3.4e+38 -3.4e+38 -3.4e+38 -3.4e+38 -3.4e+38 -3.4e+38 -3.4e+38 -3.4e+38 -3.4e+38 -3.4e+38 -3.4e+38 -3.4e+38 -3.4e+38 -3.4e+38
-3.4e+38 -3.4e+38 -3.4e+38 -3.4e+38 -3.4e+38 -3.4e+38 -3.4e+38 -3.4e+38 -3.4e+38 -3.4e+38 -3.4e+38 -3.4e+38 -3.4e+38 -3.4e+38 -3.4e+38 -3.4e+38 -3.4e+38 -3.4e+38 -3.4e+38 -3.4e+38 -3.4e+38 -3.4e+38 -3.4e+38 -3.4e+38 -3.4e+38 -3.4e+38 -3.4e+38 23.4145603179932 23.4115161895752 -3.4e+38 -3.4e+38 -3.4e+38 -3.4e+38 -3.4e+38 -3.4e+38 -3.4e+38 -3.4e+38 -3.4e+38 -3.4e+38 -3.4e+38 -3.4e+38 -3.4e+38 -3.4e+38 -3.4e+38 -3.4e+38 -3.4e+38 -3.4e+38
-3.4e+38 -3.4e+38 -3.4e+38 -3.4e+38 -3.4e+38 -3.4e+38 -3.4e+38 -3.4e+38 -3.4e+38 -3.4e+38 -3.4e+38 -3.4e+38 -3.4e+38 -3.4e+38 -3.4e+38 -3.4e+38 -3.4e+38 -3.4e+38 -3.4e+38 -3.4e+38 -3.4e+38 -3.4e+38 -3.4e+38 -3.4e+38 -3.4e+38 -3.4e+38 -3.4e+38 23.3455181121826 23.289457321167 -3.4e+38 -3.4e+38 -3.4e+38 -3.4e+38 -3.4e+38 -3.4e+38 -3.4e+38 -3.4e+38 -3.4e+38 -3.4e+38 -3.4e+38 -3.4e+38 -3.4e+38 -3.4e+38 -3.4e+38 -3.4e+38 -3.4e+38 -3.4e+38
-3.4e+38 -3.4e+38 -3.4e+38 -3.4e+38 -3.4e+38 -3.4e+38 -3.4e+38 -3.4e+38 -3.4e+38 23.565149307251 23.565149307251 23.5665302276611 23.5514717102051 -3.4e+38 -3.4e+38 -3.4e+38 -3.4e+38 -3.4e+38 23.4122009277344 23.3580532073975 23.4284992218018 23.4332008361816 23.425407409668 23.5580558776855 23.5065288543701 23.5468254089355 23.4680423736572 23.3215351104736 23.538948059082 23.7921829223633 -3.4e+38 -3.4e+38 24.8146266937256 24.898509979248 24.7593727111816 24.8916702270508 24.9673175811768 24.8687133789062 24.868070602417 25.1269645690918 25.0593776702881 25.1552143096924 -3.4e+38 -3.4e+38 -3.4e+38 -3.4e+38 -3.4e+38
-3.4e+38 -3.4e+38 -3.4e+38 -3.4e+38 -3.4e+38 -3.4e+38 -3.4e+38 -3.4e+38 23.565149307251 23.565149307251 23.565149307251 23.565149307251 23.5679111480713 23.5540981292725 23.5187320709229 -3.4e+38 23.5464344024658 23.553129196167 23.4097862243652 23.3278312683105 23.3078689575195 23.3443756103516 23.3036060333252 23.4199867248535 23.5103187561035 23.6582851409912 23.6421051025391 23.6947956085205 24.0112361907959 23.8431835174561 24.5149517059326 24.6791114807129 24.8086185455322 24.956148147583 25.069896697998 25.1548404693604 25.2526206970215 25.3272972106934 25.3570365905762 25.3954372406006 25.3674278259277 25.2058277130127 24.9882221221924 24.9168395996094 -3.4e+38 -3.4e+38 -3.4e+38
-3.4e+38 -3.4e+38 -3.4e+38 -3.4e+38 -3.4e+38 -3.4e+38 -3.4e+38 -3.4e+38 23.5727920532227 23.565149307251 23.565149307251 23.565149307251 23.565149307251 23.5706729888916 23.5618362426758 23.5187320709229 23.5690898895264 23.5447883605957 23.4823055267334 23.3270282745361 23.3957939147949 23.6178913116455 23.886323928833 24.2542705535889 24.3555068969727 24.4394989013672 24.5054569244385 24.4926643371582 24.5400466918945 24.6544933319092 24.8058204650879 25.0161476135254 25.1889953613281 25.3037185668945 25.417028427124 25.5549354553223 25.6830863952637 25.7621688842773 25.763219833374 25.7806129455566 25.7952537536621 25.7248840332031 25.5207328796387 25.220853805542 24.9007911682129 24.9109287261963 -3.4e+38
-3.4e+38 -3.4e+38 -3.4e+38 -3.4e+38 -3.4e+38 -3.4e+38 -3.4e+38 -3.4e+38 -3.4e+38 -3.4e+38 23.565149307251 23.565149307251 23.565149307251 -3.4e+38 23.5761966705322 23.5872707366943 23.6478672027588 23.7410583496094 23.6730251312256 23.4853000640869 23.4710521697998 23.8095169067383 24.1944217681885 24.7178936004639 25.048999786377 25.1943035125732 25.2132110595703 25.1517314910889 25.1136817932129 25.1693668365479 25.2915439605713 25.4071445465088 25.4647521972656 25.5014381408691 25.6566925048828 25.8150844573975 25.8903541564941 25.9435844421387 25.9691276550293 25.9547863006592 25.9513187408447 25.9647121429443 25.8516426086426 25.6757411956787 25.3879814147949 24.9237785339355 24.4311656951904
-3.4e+38 -3.4e+38 -3.4e+38 -3.4e+38 -3.4e+38 -3.4e+38 -3.4e+38 -3.4e+38 -3.4e+38 -3.4e+38 -3.4e+38 -3.4e+38 -3.4e+38 -3.4e+38 23.5789318084717 23.7014865875244 23.7294578552246 23.7778759002686 23.7619190216064 23.7680072784424 23.7959995269775 24.0114250183105 24.5359363555908 24.961051940918 25.3608169555664 25.5863952636719 25.5900707244873 25.4964008331299 25.4305438995361 25.410062789917 25.51003074646 25.6384563446045 25.7257652282715 25.8257179260254 26.0118923187256 26.0753936767578 26.1062259674072 26.131628036499 26.1114654541016 26.0840625762939 26.0411777496338 26.0063610076904 25.9618663787842 25.8537979125977 25.7098407745361 25.39919090271 24.7841701507568
23.7643737792969 -3.4e+38 -3.4e+38 -3.4e+38 -3.4e+38 -3.4e+38 -3.4e+38 -3.4e+38 -3.4e+38 -3.4e+38 23.8964958190918 23.7715263366699 -3.4e+38 -3.4e+38 -3.4e+38 23.73069190979 23.8109798431396 23.8396701812744 23.8381385803223 23.8567066192627 23.9013843536377 24.1575832366943 24.8839645385742 25.3148746490479 25.6592464447021 25.7639713287354 25.7479133605957 25.6714611053467 25.6395454406738 25.6617107391357 25.762731552124 25.8808135986328 25.9540367126465 26.0702877044678 26.1334629058838 26.1561546325684 26.1681423187256 26.1716136932373 26.1502475738525 26.1228790283203 26.0594749450684 25.9851322174072 25.8759613037109 25.7259960174561 25.6484451293945 25.4677448272705 24.9249134063721
23.7872657775879 23.6798934936523 -3.4e+38 -3.4e+38 -3.4e+38 -3.4e+38 -3.4e+38 -3.4e+38 -3.4e+38 -3.4e+38 24.0477504730225 24.0192317962646 23.9779014587402 -3.4e+38 -3.4e+38 23.771110534668 23.7909488677979 23.8985195159912 23.8762950897217 23.8675098419189 23.9104461669922 24.6316070556641 25.2246437072754 25.6085834503174 25.8198070526123 25.8834323883057 25.8677215576172 25.8188247680664 25.8288040161133 25.880313873291 25.9594078063965 26.0350914001465 26.0793209075928 26.1603507995605 26.190544128418 26.2139720916748 26.20725440979 26.1833591461182 26.1326179504395 26.0957984924316 26.0434436798096 25.9404811859131 25.8813705444336 25.7269687652588 25.5981159210205 25.4456787109375 24.9652423858643
23.8673419952393 23.8468246459961 23.976770401001 24.0636768341064 -3.4e+38 -3.4e+38 -3.4e+38 -3.4e+38 -3.4e+38 -3.4e+38 -3.4e+38 24.0061645507812 24.0300064086914 23.9779014587402 24.0283813476562 23.9363117218018 23.9424171447754 23.8200263977051 23.8181266784668 23.8282127380371 24.4505729675293 25.2870140075684 25.6148433685303 25.8163452148438 25.9430809020996 25.9716377258301 25.9826278686523 25.9908866882324 26.0320339202881 26.0628795623779 26.0876731872559 26.1330165863037 26.1669883728027 26.1737308502197 26.186315536499 26.21826171875 26.2344169616699 26.2517280578613 26.2488384246826 26.2277412414551 26.1641998291016 26.0821132659912 26.0056667327881 25.8397998809814 25.6976928710938 25.5785713195801 25.3616065979004
24.0844650268555 24.0384330749512 24.0966033935547 24.117654800415 -3.4e+38 -3.4e+38 -3.4e+38 -3.4e+38 24.0969886779785 24.1017532348633 24.0239562988281 24.0127506256104 23.988374710083 24.123743057251 24.2407722473145 24.4307346343994 24.1492404937744 23.4893932342529 23.8747043609619 24.0326023101807 24.8439273834229 25.6084804534912 25.8938598632812 26.0287570953369 26.0790233612061 26.1057624816895 26.1345672607422 26.1543807983398 26.1794052124023 26.1891040802002 26.189733505249 26.1887683868408 26.1849594116211 26.1915149688721 26.2297534942627 26.2509059906006 26.266773223877 26.2947521209717 26.3305797576904 26.3128318786621 26.3325901031494 26.2655410766602 26.1942729949951 26.1177825927734 25.9336776733398 25.8463668823242 25.8125896453857
24.4071578979492 24.2942504882812 24.167142868042 24.1017208099365 24.1908016204834 24.086799621582 24.0892391204834 24.1300792694092 24.1559886932373 24.2094745635986 24.2129554748535 23.8621711730957 23.9762935638428 24.4447250366211 24.8395290374756 24.6583290100098 24.4726295471191 24.5126457214355 24.4399032592773 24.724760055542 24.7490139007568 25.7819557189941 26.1039028167725 26.1529960632324 26.1783409118652 26.2064647674561 26.2074813842773 26.2061538696289 26.2070083618164 26.2226028442383 26.2384567260742 26.2359561920166 26.2342071533203 26.2498512268066 26.2602844238281 26.2738056182861 26.3074169158936 26.3478775024414 26.3927097320557 26.3796100616455 26.3707084655762 26.411262512207 26.4315242767334 26.4517250061035 26.3307151794434 26.1363201141357 26.0610370635986
24.6735057830811 24.6176738739014 24.4368133544922 24.3556880950928 24.335262298584 24.2218723297119 24.2709102630615 24.359317779541 24.419792175293 24.3979644775391 24.3724613189697 24.2737236022949 24.6805438995361 25.1911315917969 25.3447875976562 25.2458209991455 25.0253753662109 24.9431190490723 25.0891246795654 25.1377391815186 25.3462028503418 26.0364284515381 26.1809940338135 26.1976680755615 26.19970703125 26.2136535644531 26.2347850799561 26.2613143920898 26.2841949462891 26.2948207855225 26.3096313476562 26.3280143737793 26.313024520874 26.3117027282715 26.3143463134766 26.3138599395752 26.3735828399658 26.405179977417 26.4397220611572 26.4472560882568 26.428825378418 26.4345169067383 26.4798965454102 26.5315418243408 26.5981006622314 26.414005279541 26.1944351196289
25.1966552734375 25.0353488922119 24.8202629089355 24.7199649810791 24.741397857666 24.79150390625 24.8240413665771 24.8617839813232 24.8860359191895 24.8663330078125 24.8826217651367 25.0071048736572 25.2894821166992 25.5365409851074 25.5366859436035 25.4659729003906 25.3964996337891 25.306848526001 25.4154472351074 25.6153545379639 26.0094547271729 26.1882019042969 26.2388000488281 26.2469062805176 26.2567825317383 26.2609329223633 26.2763977050781 26.303129196167 26.3230037689209 26.34547996521 26.3710384368896 26.3836288452148 26.3768920898438 26.3834018707275 26.3826580047607 26.3719272613525 26.4097671508789 26.4554920196533 26.4887275695801 26.5196781158447 26.5072574615479 26.5109024047852 26.524356842041 26.5394401550293 26.6076011657715 26.6703395843506 26.5836277008057
25.6134223937988 25.4728679656982 25.2647037506104 25.1134624481201 25.1267585754395 25.2030334472656 25.240909576416 25.2306461334229 25.2201538085938 25.2773914337158 25.3608684539795 25.5422916412354 25.6745510101318 25.6888866424561 25.655969619751 25.6932525634766 25.7596263885498 25.8338603973389 25.9230175018311 26.0980930328369 26.231689453125 26.2909755706787 26.3044338226318 26.3169803619385 26.3210506439209 26.3245658874512 26.3415412902832 26.3545093536377 26.3697242736816 26.4020366668701 26.4393196105957 26.4556140899658 26.4638671875 26.468334197998 26.4570369720459 26.4389038085938 26.4562091827393 26.4991283416748 26.517240524292 26.5523910522461 26.5584621429443 26.5765342712402 26.6018695831299 26.6217555999756 26.6232166290283 26.7302074432373 26.763988494873
25.8357048034668 25.686393737793 25.5367069244385 25.4344749450684 25.3584938049316 25.3885631561279 25.4505786895752 25.4802398681641 25.5000629425049 25.5605125427246 25.6623649597168 25.796459197998 25.7870349884033 25.8930435180664 25.9373455047607 26.0243091583252 26.0380058288574 26.070125579834 26.2084617614746 26.2841701507568 26.3117446899414 26.3226337432861 26.3417358398438 26.3666839599609 26.3784313201904 26.4009780883789 26.4228839874268 26.4652671813965 26.490779876709 26.5178127288818 26.5363826751709 26.5476512908936 26.5566291809082 26.5626106262207 26.5599765777588 26.552848815918 26.5522956848145 26.5585289001465 26.5679244995117 26.5915412902832 26.6080303192139 26.6237297058105 26.6717758178711 26.6960678100586 26.6967029571533 26.8061504364014 26.8650226593018
26.2232456207275 26.0488739013672 25.8573551177979 25.8140964508057 25.8113880157471 25.8051147460938 25.7936859130859 25.7941608428955 25.8317737579346 25.846866607666 25.9010334014893 25.9698295593262 26.0047092437744 26.0276565551758 26.0819091796875 26.1200618743896 26.1732234954834 26.2524013519287 26.2999477386475 26.3213653564453 26.3379135131836 26.3607025146484 26.3852920532227 26.4127960205078 26.4463005065918 26.4799613952637 26.539379119873 26.5879230499268 26.6140270233154 26.6272125244141 26.6418628692627 26.673511505127 26.6853504180908 26.6949806213379 26.6990203857422 26.696195602417 26.6871395111084 26.6793518066406 26.6725425720215 26.65549659729 26.66135597229 26.7057609558105 26.7601070404053 26.786792755127 26.8152008056641 26.918327331543 26.9492855072021
26.5778274536133 26.4896011352539 26.3478965759277 26.1672306060791 26.1572399139404 26.1155223846436 26.0624370574951 26.0570259094238 26.074068069458 26.0668983459473 26.0659770965576 26.073371887207 26.0994968414307 26.1324043273926 26.1867637634277 26.2153854370117 26.2729911804199 26.3335304260254 26.3634738922119 26.3917655944824 26.4181900024414 26.4555492401123 26.4887256622314 26.534631729126 26.5709571838379 26.60595703125 26.6537590026855 26.6783847808838 26.7068767547607 26.727123260498 26.7394485473633 26.7752819061279 26.7877635955811 26.7996978759766 26.808292388916 26.8129386901855 26.8103771209717 26.8044490814209 26.807279586792 26.8170318603516 26.8462390899658 26.8737602233887 26.8941860198975 26.8905239105225 26.9058494567871 26.9702892303467 27.001350402832
26.614652633667 26.5743675231934 26.5182914733887 26.3963432312012 26.3136749267578 26.2311840057373 26.1760311126709 26.1745586395264 26.1684970855713 26.1332454681396 26.1489562988281 26.1940574645996 26.2218952178955 26.2729167938232 26.3017349243164 26.3111343383789 26.3617210388184 26.3931064605713 26.4242630004883 26.4446220397949 26.4910545349121 26.5278148651123 26.5698490142822 26.6091632843018 26.6812210083008 26.7517108917236 26.7795085906982 26.7563743591309 26.7471332550049 26.7740345001221 26.8038997650146 26.8501892089844 26.8763236999512 26.8926639556885 26.9088802337646 26.9257221221924 26.9277267456055 26.9310321807861 26.9362163543701 26.9464778900146 26.9446125030518 26.9436283111572 26.9547214508057 26.9612083435059 26.9800453186035 27.0075054168701 27.0378170013428
