Ecospace-environmental-drivers/Outputs/ASCII-for-ecospace/Temp-surf/Temp-surf_X2002.01.asc
NCOLS 131 
NROWS 53 
XLLCORNER -98 
YLLCORNER 23.9265270233154 
CELLSIZE 0.133587792515755 
NODATA_value -3.4e+38 
[rows 21 to 41 of 53, columns 47 to 93 of 131]
21.5099773406982 21.5645427703857 21.637414932251 21.7012481689453 21.7259998321533 21.7256011962891 21.7202301025391 21.7613506317139 21.8333072662354 21.907527923584 21.9432830810547 21.9725933074951 22.2922039031982 22.7065582275391 22.9020347595215 22.9763507843018 23.0083484649658 23.0482406616211 23.0995025634766 23.1352558135986 23.1530685424805 23.0727863311768 23.026123046875 22.9471778869629 22.848518371582 22.9189872741699 23.1173286437988 23.1025104522705 23.0744724273682 23.0312843322754 22.9708385467529 22.8916549682617 22.851095199585 22.8348827362061 22.7707767486572 22.683572769165 22.6225833892822 22.5426158905029 22.485782623291 22.3971157073975 22.2465953826904 22.1557331085205 22.0707321166992 21.9906845092773 21.9099674224854 21.8319454193115 21.7690582275391
21.901496887207 21.9963932037354 22.1077556610107 22.1813583374023 22.2246246337891 22.2314014434814 22.2327442169189 22.2182655334473 22.199535369873 22.1838264465332 22.2153911590576 22.4127368927002 22.8006610870361 23.1643218994141 23.2504215240479 23.2688903808594 23.2728824615479 23.3086738586426 23.3596572875977 23.3935604095459 23.3899593353271 23.3239421844482 23.3210124969482 23.2800045013428 23.2388801574707 23.3324184417725 23.3237991333008 23.2692756652832 23.2411060333252 23.1939029693604 23.0729026794434 22.9771671295166 22.904239654541 22.8281745910645 22.8041210174561 22.7515354156494 22.7533359527588 22.6830940246582 22.5548400878906 22.4545249938965 22.3394412994385 22.2836647033691 22.2168617248535 22.1283836364746 22.0565299987793 21.9997253417969 21.9477806091309
22.3839550018311 22.4351558685303 22.491735458374 22.5503177642822 22.5873279571533 22.6212940216064 22.6325836181641 22.6555500030518 22.6652374267578 22.6925373077393 22.7488307952881 22.9113693237305 23.1373405456543 23.4098777770996 23.47678565979 23.4836311340332 23.4956340789795 23.5286960601807 23.569845199585 23.5693836212158 23.542350769043 23.4907188415527 23.441686630249 23.4142322540283 23.4821834564209 23.5395374298096 23.4980010986328 23.4166984558105 23.3495674133301 23.283052444458 23.2025947570801 23.0849628448486 22.9825973510742 22.8423957824707 22.8037128448486 22.8049278259277 22.7909183502197 22.7413845062256 22.6421966552734 22.5492858886719 22.4253406524658 22.3295593261719 22.2960681915283 22.3082904815674 22.2793617248535 22.2310752868652 22.1755485534668
22.6322479248047 22.7146129608154 22.7747421264648 22.8306255340576 22.8640842437744 22.8925647735596 22.9389896392822 22.9870166778564 23.075008392334 23.1221084594727 23.1250419616699 23.112117767334 23.2284374237061 23.4754619598389 23.6241073608398 23.6379699707031 23.661075592041 23.6904602050781 23.6648654937744 23.6558246612549 23.6238040924072 23.5515213012695 23.5331420898438 23.5575256347656 23.6576824188232 23.6549339294434 23.6102046966553 23.5401306152344 23.4603481292725 23.3928985595703 23.3229732513428 23.232608795166 23.1538486480713 23.0991592407227 22.959924697876 22.9390926361084 22.9333477020264 22.9005908966064 22.8317337036133 22.762580871582 22.6716690063477 22.6026592254639 22.5677051544189 22.5118980407715 22.4268741607666 22.3019390106201 22.2366771697998
22.908899307251 22.9745979309082 23.0391120910645 23.1094608306885 23.1485042572021 23.203800201416 23.2488956451416 23.3524303436279 23.4786415100098 23.4726829528809 23.3966541290283 23.3014907836914 23.2742767333984 23.455436706543 23.6716537475586 23.7326564788818 23.7595882415771 23.8070735931396 23.7785530090332 23.7601470947266 23.6868114471436 23.6176776885986 23.6155414581299 23.6540966033936 23.7117233276367 23.7009181976318 23.6792507171631 23.6595935821533 23.6096382141113 23.5096397399902 23.4133281707764 23.3501987457275 23.3151550292969 23.297758102417 23.2988929748535 23.1415348052979 23.0384635925293 22.9969100952148 23.0198020935059 23.0270080566406 23.0209445953369 22.9831867218018 22.9167251586914 22.7859764099121 22.6486148834229 22.5043888092041 22.3817329406738
23.1270866394043 23.2130584716797 23.3128986358643 23.3841457366943 23.4427738189697 23.5159187316895 23.601978302002 23.7171287536621 23.799783706665 23.785327911377 23.6998901367188 23.5830230712891 23.4503364562988 23.4472198486328 23.6113452911377 23.6935882568359 23.7315883636475 23.7646102905273 23.7788867950439 23.8230628967285 23.8057231903076 23.8035259246826 23.785623550415 23.7484397888184 23.7306995391846 23.7042102813721 23.7042694091797 23.7310485839844 23.7171516418457 23.6765804290771 23.5404777526855 23.4301242828369 23.3684883117676 23.3624305725098 23.3466701507568 23.4227466583252 23.3391628265381 23.2870788574219 23.3337879180908 23.2920970916748 23.2056846618652 23.0854644775391 22.9407653808594 22.8351802825928 22.7607402801514 22.6481800079346 22.5090923309326
23.3586387634277 23.4854774475098 23.6391429901123 23.7194385528564 23.7431507110596 23.7739181518555 23.8615608215332 23.9302234649658 23.9567527770996 23.9589309692383 23.9231109619141 23.8578300476074 23.7981033325195 23.7494831085205 23.7154903411865 23.7458534240723 23.7939395904541 23.8416004180908 23.8809490203857 23.9018745422363 23.9038906097412 23.8829593658447 23.9243431091309 23.975549697876 23.9620552062988 23.9309616088867 23.882791519165 23.864049911499 23.8675842285156 23.8291072845459 23.7649745941162 23.6353454589844 23.4837436676025 23.4332847595215 23.4100875854492 23.4175453186035 23.4754028320312 23.5045528411865 23.4742298126221 23.3195323944092 23.1309661865234 22.9547805786133 22.8365383148193 22.7798938751221 22.7388401031494 22.7050495147705 22.6308746337891
23.5922222137451 23.7045135498047 23.9041404724121 23.9511737823486 23.9135913848877 23.9924182891846 24.0797214508057 24.1135406494141 24.0900173187256 24.0702285766602 24.0737400054932 24.0662803649902 24.031774520874 24.0161972045898 23.9975490570068 24.0089149475098 24.0087432861328 24.0309963226318 24.0633945465088 24.1054344177246 24.1403503417969 24.1267585754395 24.1082077026367 24.1564102172852 24.1927642822266 24.2119731903076 24.2038097381592 24.1665687561035 24.0911903381348 24.0253276824951 23.9981498718262 23.914758682251 23.7297954559326 23.5583820343018 23.5088768005371 23.4694805145264 23.4849605560303 23.5382652282715 23.4761981964111 23.2884140014648 23.0545215606689 22.8863430023193 22.810676574707 22.739143371582 22.7191200256348 22.7326698303223 22.7186584472656
23.7144660949707 23.8291606903076 23.9979343414307 24.0326404571533 24.0381565093994 24.1317405700684 24.1746826171875 24.1881408691406 24.1751651763916 24.1563301086426 24.1694602966309 24.2013454437256 24.2257499694824 24.2315464019775 24.2321510314941 24.2437953948975 24.2918224334717 24.3474979400635 24.375825881958 24.3881187438965 24.4109554290771 24.4343509674072 24.4420871734619 24.4452743530273 24.4478321075439 24.4672794342041 24.4995212554932 24.4896106719971 24.4371776580811 24.363245010376 24.2972087860107 24.2646865844727 24.1493263244629 23.9095764160156 23.6797866821289 23.6251888275146 23.5833301544189 23.57541847229 23.5124435424805 23.2279434204102 23.042631149292 22.9722557067871 22.8299922943115 22.6605052947998 22.5771102905273 22.5940361022949 22.6367778778076
23.8835411071777 23.9659576416016 24.0924911499023 24.0874614715576 24.0808200836182 24.1453971862793 24.2152042388916 24.2317657470703 24.2231483459473 24.2277851104736 24.2508983612061 24.3037376403809 24.3630657196045 24.4161128997803 24.4649124145508 24.5406723022461 24.6277885437012 24.6776714324951 24.6949405670166 24.7409229278564 24.7867393493652 24.825023651123 24.8527183532715 24.8700695037842 24.9066524505615 24.9505786895752 24.9672660827637 24.9517002105713 24.9069995880127 24.8573207855225 24.774263381958 24.6897735595703 24.5784015655518 24.3690357208252 24.0519733428955 23.8141460418701 23.6862316131592 23.6211204528809 23.4984321594238 23.2418441772461 23.1522541046143 23.0252780914307 22.8608570098877 22.6950702667236 22.5853004455566 22.5675659179688 22.572603225708
24.0699653625488 24.134859085083 24.272876739502 24.2874069213867 24.2739009857178 24.2970123291016 24.3313770294189 24.3571281433105 24.3495254516602 24.3559989929199 24.4061965942383 24.4894733428955 24.6014461517334 24.7242374420166 24.7935810089111 24.8453121185303 24.8984565734863 24.9579257965088 25.0279788970947 25.0916118621826 25.1562347412109 25.2253227233887 25.2665309906006 25.3322467803955 25.3817348480225 25.4011669158936 25.39967918396 25.3734359741211 25.3225288391113 25.2586498260498 25.2092132568359 25.1234226226807 25.0163497924805 24.8667221069336 24.5925827026367 24.1651782989502 23.8833560943604 23.684253692627 23.5153388977051 23.2825794219971 23.1548671722412 22.9845161437988 22.853364944458 22.7514114379883 22.6845645904541 22.6895961761475 22.6816940307617
24.1718349456787 24.2091751098633 24.2890243530273 24.3639125823975 24.4271202087402 24.5012531280518 24.5749759674072 24.592981338501 24.581449508667 24.6360397338867 24.6926002502441 24.806022644043 24.9095287322998 24.9377193450928 24.9471435546875 24.9927597045898 25.0946998596191 25.2266597747803 25.3410987854004 25.462438583374 25.5320129394531 25.5700645446777 25.5906391143799 25.6125659942627 25.6109809875488 25.6050262451172 25.598123550415 25.5800876617432 25.5396709442139 25.4981212615967 25.478343963623 25.4129581451416 25.3346385955811 25.2435359954834 25.1103763580322 24.8071422576904 24.3079681396484 23.9179286956787 23.6367473602295 23.3472080230713 23.1153087615967 22.9774990081787 22.860897064209 22.8101539611816 22.8061618804932 22.8186416625977 22.8258113861084
24.3523845672607 24.340295791626 24.3473663330078 24.363187789917 24.4182968139648 24.5110149383545 24.6245632171631 24.6423416137695 24.6851005554199 24.7096576690674 24.814323425293 24.8779830932617 24.9113636016846 24.9998683929443 25.1394157409668 25.2818946838379 25.4235363006592 25.526481628418 25.6216335296631 25.6729030609131 25.7023639678955 25.7245769500732 25.7289943695068 25.7211627960205 25.7060241699219 25.6897087097168 25.6614284515381 25.6433734893799 25.6335830688477 25.627197265625 25.599967956543 25.5627536773682 25.5220508575439 25.436206817627 25.3380184173584 25.1936550140381 24.8447113037109 24.3084850311279 23.8325157165527 23.4987449645996 23.1572723388672 22.9949588775635 22.8295135498047 22.7310543060303 22.7035541534424 22.7246246337891 22.7732543945312
24.4905624389648 24.474250793457 24.4601078033447 24.4298305511475 24.4456043243408 24.5378742218018 24.6157722473145 24.6671581268311 24.7292747497559 24.8105964660645 24.911808013916 25.0053062438965 25.1386165618896 25.3067283630371 25.4484519958496 25.569486618042 25.6462917327881 25.7195262908936 25.7644081115723 25.8053874969482 25.829740524292 25.8133716583252 25.7907772064209 25.7679862976074 25.7432556152344 25.7162399291992 25.6981678009033 25.6956977844238 25.6967334747314 25.6738834381104 25.6433277130127 25.6165180206299 25.5964603424072 25.5458698272705 25.4668636322021 25.3708419799805 25.1983547210693 24.7809600830078 24.117561340332 23.6965885162354 23.3112449645996 23.0839157104492 22.8255157470703 22.6745758056641 22.6703205108643 22.7142238616943 22.7756767272949
24.5675868988037 24.5548248291016 24.5325832366943 24.5192489624023 24.5460891723633 24.646240234375 24.7233924865723 24.7968559265137 24.8764171600342 25.0070095062256 25.1188468933105 25.26926612854 25.4354648590088 25.5884685516357 25.6528797149658 25.7234706878662 25.80491065979 25.8489189147949 25.8781719207764 25.8767509460449 25.862663269043 25.8294506072998 25.8070774078369 25.7696475982666 25.7349739074707 25.7163505554199 25.7082538604736 25.6992244720459 25.6972408294678 25.6837406158447 25.6775379180908 25.6588439941406 25.6520519256592 25.6363277435303 25.5869808197021 25.5088748931885 25.3612651824951 25.1316528320312 24.5550212860107 23.9824924468994 23.4949836730957 23.1700744628906 22.8578701019287 22.7848968505859 22.8033142089844 22.8179531097412 22.8575382232666
24.6488838195801 24.6572456359863 24.6295757293701 24.6106472015381 24.6686096191406 24.7673625946045 24.867618560791 24.9642429351807 25.0808944702148 25.1864204406738 25.347412109375 25.5059032440186 25.6400527954102 25.7268733978271 25.8095035552979 25.8512859344482 25.8792362213135 25.9223480224609 25.9312553405762 25.9090919494629 25.8825263977051 25.8470859527588 25.8105316162109 25.7862129211426 25.7810726165771 25.7676982879639 25.7490615844727 25.7189903259277 25.6907234191895 25.6891021728516 25.6982421875 25.6874523162842 25.669771194458 25.6641178131104 25.6381320953369 25.5977096557617 25.4825344085693 25.3154678344727 24.9373378753662 24.3762722015381 23.7337779998779 23.3333530426025 23.0583477020264 23.009708404541 23.0025081634521 23.015754699707 23.0616798400879
24.7313327789307 24.733097076416 24.7174644470215 24.7484970092773 24.83815574646 24.9483604431152 25.0483531951904 25.1180171966553 25.2064456939697 25.3795871734619 25.5149402618408 25.6079769134521 25.7262649536133 25.8364887237549 25.915168762207 25.9211406707764 25.9474830627441 25.9542961120605 25.9557514190674 25.9510307312012 25.9261837005615 25.884937286377 25.8519916534424 25.8209609985352 25.8087482452393 25.79225730896 25.7844123840332 25.7577476501465 25.7217140197754 25.7161598205566 25.7016048431396 25.694995880127 25.6927375793457 25.6747016906738 25.6542797088623 25.6346855163574 25.5785465240479 25.4566612243652 25.1977596282959 24.7722854614258 24.081859588623 23.522762298584 23.2510433197021 23.1865768432617 23.1894512176514 23.2182922363281 23.2702541351318
24.7960872650146 24.8089408874512 24.804027557373 24.9092483520508 25.0459060668945 25.1365737915039 25.2069778442383 25.2541007995605 25.2952098846436 25.4827289581299 25.549388885498 25.6029052734375 25.7612152099609 25.8559799194336 25.9606189727783 25.9675559997559 25.9958419799805 26.0188465118408 26.0063323974609 25.9965896606445 25.9577980041504 25.9292545318604 25.8999633789062 25.8762016296387 25.845251083374 25.8259925842285 25.8059730529785 25.7741203308105 25.7687816619873 25.7480163574219 25.7409439086914 25.7143268585205 25.7082633972168 25.7016677856445 25.6797561645508 25.6789512634277 25.6509628295898 25.5875988006592 25.4205646514893 25.0488510131836 24.5089435577393 23.8181400299072 23.5096130371094 23.3972091674805 23.3981971740723 23.435848236084 23.460168838501
24.8870391845703 24.940731048584 25.0001735687256 25.1279144287109 25.2119674682617 25.2476921081543 25.2859191894531 25.2913093566895 25.3432312011719 25.4583435058594 25.5153026580811 25.5900268554688 25.7568740844727 25.8395137786865 25.9152374267578 26.0017948150635 26.0604591369629 26.0479316711426 26.0622272491455 26.0679931640625 26.0565547943115 26.0149154663086 25.9780445098877 25.9481258392334 25.9121036529541 25.8710079193115 25.8358707427979 25.8354148864746 25.8435916900635 25.7976551055908 25.7578830718994 25.7360668182373 25.7256774902344 25.7204475402832 25.7128734588623 25.6967964172363 25.6863842010498 25.6459045410156 25.5726299285889 25.2791080474854 24.8397216796875 24.169921875 23.8138523101807 23.6659164428711 23.6294860839844 23.6570453643799 23.6782760620117
24.9882545471191 25.0731544494629 25.1283493041992 25.1599407196045 25.2031002044678 25.2585411071777 25.2901268005371 25.2920436859131 25.3159599304199 25.3636169433594 25.4359169006348 25.5372009277344 25.6681213378906 25.7721176147461 25.8758201599121 25.9741916656494 26.0425224304199 26.0547332763672 26.0666046142578 26.0993728637695 26.142427444458 26.1072330474854 26.0660362243652 26.0293922424316 25.9851741790771 25.9552345275879 25.9159622192383 25.8875503540039 25.8788318634033 25.8261222839355 25.7374820709229 25.700756072998 25.6933879852295 25.6925621032715 25.7002754211426 25.6942577362061 25.6884918212891 25.674337387085 25.6151084899902 25.470422744751 25.1461029052734 24.6542377471924 24.1829624176025 23.980863571167 23.8954486846924 23.8749141693115 23.9040813446045
25.0638313293457 25.138090133667 25.1587066650391 25.1134643554688 25.1179752349854 25.110689163208 25.1501789093018 25.2151260375977 25.2123699188232 25.2577133178711 25.3453483581543 25.4235286712646 25.513729095459 25.6526737213135 25.7325820922852 25.8372383117676 25.9388675689697 26.0317687988281 26.0695495605469 26.1184787750244 26.1668128967285 26.1431865692139 26.127103805542 26.1388244628906 26.1009826660156 26.0523719787598 26.005220413208 25.9430961608887 25.908519744873 25.8469676971436 25.7738552093506 25.7206420898438 25.6811580657959 25.6689510345459 25.6806869506836 25.6822338104248 25.6794471740723 25.6791553497314 25.6582469940186 25.5474700927734 25.3904819488525 25.0171794891357 24.7311515808105 24.480655670166 24.2212352752686 24.1116275787354 24.1079635620117
