Ecospace-environmental-drivers/Outputs/ASCII-for-ecospace/Temp-surf/Temp-surf_X2010.06.asc
NCOLS 131 
NROWS 53 
XLLCORNER -98 
YLLCORNER 23.9265270233154 
CELLSIZE 0.133587792515755 
NODATA_value -3.4e+38 
[rows 0 to 20 of 53, columns 47 to 93 of 131]
-3.4e+38 -3.4e+38 -3.4e+38 -3.4e+38 -3.4e+38 -3.4e+38 -3.4e+38 -3.4e+38 -3.4e+38 -3.4e+38 -3.4e+38 -3.4e+38 -3.4e+38 -3.4e+38 -3.4e+38 -3.4e+38 -3.4e+38 -3.4e+38 -3.4e+38 -3.4e+38 -3.4e+38 -3.4e+38 -3.4e+38 -3.4e+38 -3.4e+38 -3.4e+38 -3.4e+38 -3.4e+38 -3.4e+38 -3.4e+38 -3.4e+38 -3.4e+38 -3.4e+38 -3.4e+38 -3.4e+38 -3.4e+38 -3.4e+38 -3.4e+38 -3.4e+38 -3.4e+38 -3.4e+38 -3.4e+38 -3.4e+38 -3.4e+38 -3.4e+38 -3.4e+38 -3.4e+38
-3.4e+38 -3.4e+38 -3.4e+38 -3.4e+38 -3.4e+38 -3.4e+38 -3.4e+38 -3.4e+38 -3.4e+38 -3.4e+38 -3.4e+38 -3.4e+38 -3.4e+38 -3.4e+38 -3.4e+38 -3.4e+38 -3.4e+38 -3.4e+38 -3.4e+38 -3.4e+38 -3.4e+38 -3.4e+38 -3.4e+38 -3.4e+38 -3.4e+38 -3.4e+38 -3.4e+38 -3.4e+38 -3.4e+38 -3.4e+38 -3.4e+38 -3.4e+38 -3.4e+38 -3.4e+38 -3.4e+38 -3.4e+38 -3.4e+38 -3.4e+38 -3.4e+38 -3.4e+38 -3.4e+38 -3.4e+38 -3.4e+38 -3.4e+38 -3.4e+38 -3.4e+38 -3.4e+38
-3.4e+38 -3.4e+38 -3.4e+38 -3.4e+38 -3.4e+38 -3.4e+38 -3.4e+38 -3.4e+38 -3.4e+38 -3.4e+38 -3.4e+38 -3.4e+38 -3.4e+38 -3.4e+38 -3.4e+38 -3.4e+38 -3.4e+38 -3.4e+38 -3.4e+38 -3.4e+38 -3.4e+38 -3.4e+38 -3.4e+38 -3.4e+38 -3.4e+38 -3.4e+38 -3.4e+38 33.379222869873 33.4109649658203 -3.4e+38 -3.4e+38 -3.4e+38 -3.4e+38 -3.4e+38 -3.4e+38 -3.4e+38 -3.4e+38 -3.4e+38 -3.4e+38 -3.4e+38 -3.4e+38 -3.4e+38 -3.4e+38 -3.4e+38 -3.4e+38 -3.4e+38 -3.4e+38
-3.4e+38 -3.4e+38 -3.4e+38 -3.4e+38 -3.4e+38 -3.4e+38 -3.4e+38 -3.4e+38 -3.4e+38 -3.4e+38 -3.4e+38 -3.4e+38 -3.4e+38 -3.4e+38 -3.4e+38 -3.4e+38 -3.4e+38 -3.4e+38 -3.4e+38 -3.4e+38 -3.4e+38 -3.4e+38 -3.4e+38 -3.4e+38 -3.4e+38 -3.4e+38 -3.4e+38 33.269115447998 33.2224922180176 -3.4e+38 -3.4e+38 -3.4e+38 -3.4e+38 -3.4e+38 -3.4e+38 -3.4e+38 -3.4e+38 -3.4e+38 -3.4e+38 -3.4e+38 -3.4e+38 -3.4e+38 -3.4e+38 -3.4e+38 -3.4e+38 -3.4e+38 -3.4e+38
-3.4e+38 -3.4e+38 -3.4e+38 -3.4e+38 -3.4e+38 -3.4e+38 -3.4e+38 -3.4e+38 -3.4e+38 33.6344947814941 33.6344947814941 33.6349754333496 33.555492401123 -3.4e+38 -3.4e+38 -3.4e+38 -3.4e+38 -3.4e+38 32.9859924316406 32.9509353637695 33.1417274475098 33.1793937683105 33.2222557067871 33.4077262878418 33.4678497314453 33.5122375488281 33.3966979980469 33.1712036132812 33.3372840881348 33.7681312561035 -3.4e+38 -3.4e+38 30.1147346496582 30.2402191162109 30.7723979949951 29.2406635284424 29.2939968109131 29.563793182373 29.586030960083 29.5949859619141 29.3445167541504 29.4319477081299 -3.4e+38 -3.4e+38 -3.4e+38 -3.4e+38 -3.4e+38
-3.4e+38 -3.4e+38 -3.4e+38 -3.4e+38 -3.4e+38 -3.4e+38 -3.4e+38 -3.4e+38 33.6344947814941 33.6344947814941 33.6344947814941 33.6344947814941 33.6354560852051 33.543571472168 33.4084510803223 -3.4e+38 33.2259216308594 33.2598838806152 32.9876174926758 32.7455368041992 32.6092414855957 32.6007270812988 32.8156623840332 32.7862129211426 32.783878326416 32.7162170410156 32.6309089660645 32.8112945556641 33.3270950317383 33.678108215332 30.5788841247559 30.1507663726807 30.1769466400146 30.0164909362793 29.9950370788574 29.8051776885986 29.8778171539307 29.896183013916 29.8993816375732 29.8992805480957 29.7840957641602 29.3603000640869 29.2388801574707 29.6225662231445 -3.4e+38 -3.4e+38 -3.4e+38
-3.4e+38 -3.4e+38 -3.4e+38 -3.4e+38 -3.4e+38 -3.4e+38 -3.4e+38 -3.4e+38 33.6312522888184 33.6344947814941 33.6344947814941 33.6344947814941 33.6344947814941 33.6364212036133 33.4949226379395 33.4084510803223 33.1938819885254 33.0414733886719 32.8671836853027 32.7133674621582 32.1764717102051 31.7468681335449 30.8824844360352 30.7910671234131 30.9062080383301 30.9147396087646 30.854133605957 30.7801475524902 30.7191772460938 30.5825309753418 30.4264163970947 30.3952560424805 30.4980659484863 30.6325168609619 30.6995372772217 30.6925601959229 30.6175918579102 30.559663772583 30.5101680755615 30.4400768280029 30.3393630981445 30.1943302154541 29.9481773376465 29.7030220031738 29.8647136688232 30.3128433227539 -3.4e+38
-3.4e+38 -3.4e+38 -3.4e+38 -3.4e+38 -3.4e+38 -3.4e+38 -3.4e+38 -3.4e+38 -3.4e+38 -3.4e+38 33.6344947814941 33.6344947814941 33.6344947814941 -3.4e+38 33.6383438110352 33.2984008789062 33.2166023254395 33.1656379699707 33.0972175598145 32.8712387084961 32.5673561096191 32.4223022460938 30.7953834533691 30.6512794494629 30.8674831390381 30.9503593444824 30.9765300750732 30.9688854217529 30.95192527771 30.9467506408691 30.9542942047119 30.9559288024902 30.9444332122803 30.9009780883789 30.8441371917725 30.7176399230957 30.5968074798584 30.5386600494385 30.5242290496826 30.5426807403564 30.5401134490967 30.4667320251465 30.3244380950928 30.1705379486084 29.9827556610107 30.0157508850098 31.3881492614746
-3.4e+38 -3.4e+38 -3.4e+38 -3.4e+38 -3.4e+38 -3.4e+38 -3.4e+38 -3.4e+38 -3.4e+38 -3.4e+38 -3.4e+38 -3.4e+38 -3.4e+38 -3.4e+38 33.5065231323242 33.4879875183105 33.3133659362793 33.1633415222168 33.1283950805664 33.1590881347656 33.0601005554199 32.9690933227539 30.7741413116455 30.8695945739746 31.0360164642334 31.0486469268799 30.9786071777344 30.9245719909668 30.9378204345703 31.0242538452148 31.0864772796631 31.0678443908691 30.9301738739014 30.8126697540283 30.7024688720703 30.520055770874 30.2854900360107 30.2506828308105 30.3081226348877 30.3609218597412 30.4726619720459 30.4958763122559 30.4656200408936 30.3510684967041 30.2320899963379 30.08913230896 30.5246887207031
33.2749176025391 -3.4e+38 -3.4e+38 -3.4e+38 -3.4e+38 -3.4e+38 -3.4e+38 -3.4e+38 -3.4e+38 -3.4e+38 33.4132957458496 33.5469284057617 -3.4e+38 -3.4e+38 -3.4e+38 33.3848457336426 33.4979248046875 33.3636589050293 33.290111541748 33.3906860351562 33.3945198059082 32.1968002319336 30.5683822631836 30.9387741088867 31.1078071594238 31.0640907287598 30.9770259857178 31.0411777496338 31.0481910705566 30.9953765869141 30.9993534088135 30.9653549194336 30.7659206390381 30.714147567749 30.5045337677002 30.2579040527344 30.1723785400391 30.2045974731445 30.1924324035645 30.2020111083984 30.2515277862549 30.3673934936523 30.4181003570557 30.3879241943359 30.3153133392334 30.2594032287598 30.1297512054443
33.0018882751465 33.0845832824707 -3.4e+38 -3.4e+38 -3.4e+38 -3.4e+38 -3.4e+38 -3.4e+38 -3.4e+38 -3.4e+38 33.2717704772949 33.366397857666 33.4593620300293 -3.4e+38 -3.4e+38 33.1881484985352 33.2436485290527 33.4420547485352 33.5528373718262 33.4979438781738 32.7192878723145 30.5875644683838 30.4862804412842 31.0450687408447 31.22487449646 31.0414409637451 30.9685363769531 30.9538860321045 30.8747043609619 30.8903675079346 30.9476013183594 30.8840160369873 30.7026119232178 30.5608787536621 30.3250141143799 30.240421295166 30.2025661468506 30.2091159820557 30.1673030853271 30.1286735534668 30.1411304473877 30.2035388946533 30.3233909606934 30.36936378479 30.3469390869141 30.3163948059082 29.9683074951172
32.8516731262207 32.8278732299805 32.8254547119141 32.8889083862305 -3.4e+38 -3.4e+38 -3.4e+38 -3.4e+38 -3.4e+38 -3.4e+38 -3.4e+38 33.3293609619141 33.432201385498 33.4593620300293 33.1458740234375 33.138973236084 33.5810394287109 33.6294097900391 33.3688049316406 32.3398704528809 30.1990089416504 29.9589309692383 30.9016990661621 31.2768878936768 31.4021663665771 31.1759090423584 31.0400981903076 30.9947128295898 30.9554710388184 30.974552154541 30.963981628418 30.8422183990479 30.5732917785645 30.4276504516602 30.3350276947021 30.2680435180664 30.2260036468506 30.2315559387207 30.1859321594238 30.1546192169189 30.1136703491211 30.1216068267822 30.2280807495117 30.3469944000244 30.3568992614746 30.4096832275391 29.848949432373
32.1737365722656 32.540168762207 32.7674713134766 33.0737991333008 -3.4e+38 -3.4e+38 -3.4e+38 -3.4e+38 33.2345352172852 33.2749137878418 33.2144088745117 33.1212310791016 33.4443130493164 33.3929328918457 32.5430564880371 32.4263648986816 32.8964500427246 33.0291175842285 32.8850746154785 31.2773628234863 28.9821758270264 30.1951847076416 30.9741916656494 31.0340251922607 31.0767860412598 30.8638172149658 30.8011932373047 30.7009220123291 30.6245136260986 30.6602096557617 30.7162075042725 30.6821746826172 30.4847812652588 30.4095897674561 30.3433971405029 30.28466796875 30.2141017913818 30.2014255523682 30.1606712341309 30.1291427612305 30.0941791534424 30.0884838104248 30.1430187225342 30.2345161437988 30.3367900848389 30.4159069061279 30.3583850860596
31.5736885070801 31.658784866333 31.983922958374 32.5025749206543 32.840991973877 32.7806663513184 32.9290199279785 33.010181427002 33.0525779724121 33.0733261108398 33.1273040771484 33.3014526367188 32.5186729431152 31.935977935791 31.489221572876 31.8993949890137 32.6191139221191 32.6206169128418 32.3327331542969 30.3085403442383 27.5442638397217 29.1750888824463 30.3670349121094 30.6021595001221 30.6345825195312 30.6465377807617 30.6225109100342 30.6248874664307 30.5462055206299 30.5301208496094 30.5124664306641 30.5022869110107 30.519115447998 30.411657333374 30.3408432006836 30.33962059021 30.2593612670898 30.2172927856445 30.1697845458984 30.1014156341553 30.0808258056641 30.1089458465576 30.1527328491211 30.1681137084961 30.1755752563477 30.2426338195801 30.3663158416748
31.4784774780273 31.3593330383301 31.5856323242188 32.1041030883789 32.4626960754395 32.6030044555664 32.8050117492676 32.9363555908203 32.8490409851074 32.7787742614746 32.5383567810059 31.5857048034668 31.1011333465576 31.041597366333 31.0302448272705 31.0322513580322 30.9303016662598 33.3614654541016 32.2076034545898 30.9478778839111 28.3154258728027 29.5017700195312 30.3558387756348 30.6664237976074 30.8005828857422 30.7459011077881 30.5608711242676 30.3808689117432 30.3123474121094 30.2870540618896 30.3291110992432 30.4266529083252 30.4395637512207 30.4591217041016 30.3550148010254 30.3040256500244 30.2440414428711 30.1987419128418 30.1860103607178 30.132740020752 30.0902061462402 30.0907096862793 30.1240463256836 30.136890411377 30.1119194030762 30.0802097320557 30.1130828857422
30.9243927001953 31.0237216949463 31.2286701202393 31.5831871032715 31.6698913574219 31.6604804992676 31.6986770629883 31.7014865875244 31.513542175293 31.193868637085 31.0136222839355 30.8915767669678 30.7406673431396 30.7960624694824 30.9082527160645 30.8530826568604 30.1537570953369 30.4783477783203 29.7169609069824 29.7899112701416 30.1439838409424 30.6126537322998 30.8307304382324 30.8197822570801 30.6563396453857 30.5215682983398 30.4244937896729 30.3158798217773 30.2393131256104 30.210033416748 30.251838684082 30.2886714935303 30.3356685638428 30.4378509521484 30.4227352142334 30.3348808288574 30.2510986328125 30.2128753662109 30.1838073730469 30.1437015533447 30.1216201782227 30.1054096221924 30.1077690124512 30.101978302002 30.1103229522705 30.0667304992676 30.0398120880127
30.79931640625 30.7645473480225 30.8359794616699 31.1013813018799 31.3301525115967 31.2605133056641 31.0049018859863 30.780252456665 30.6287288665771 30.6457290649414 30.6744785308838 30.5895595550537 30.4980506896973 30.571325302124 30.7013874053955 30.754955291748 30.6535835266113 30.5201854705811 30.6446151733398 30.712760925293 30.7118644714355 30.6754474639893 30.5794334411621 30.4384841918945 30.3477306365967 30.3510932922363 30.2403144836426 30.1377353668213 30.0881614685059 30.0934925079346 30.1348915100098 30.1819362640381 30.2663631439209 30.3740921020508 30.4271240234375 30.3662528991699 30.300106048584 30.2592258453369 30.1956424713135 30.1417655944824 30.1241645812988 30.1211338043213 30.1155223846436 30.0801563262939 30.1108093261719 30.0864639282227 30.065315246582
30.5981426239014 30.6000289916992 30.6044006347656 30.6627006530762 30.7442531585693 30.7553882598877 30.7135543823242 30.6612854003906 30.5121784210205 30.4845752716064 30.5311660766602 30.5133571624756 30.4130954742432 30.5198879241943 30.582311630249 30.5933094024658 30.6088790893555 30.5685157775879 30.5199813842773 30.4287242889404 30.3283309936523 30.3148708343506 30.2685928344727 30.2181510925293 30.2068386077881 30.1392345428467 30.0465278625488 30.0031127929688 30.0005226135254 30.0078678131104 30.0569019317627 30.0527515411377 30.1520843505859 30.2996559143066 30.3698444366455 30.3474273681641 30.3319759368896 30.2692584991455 30.168737411499 30.1311454772949 30.1359748840332 30.1850852966309 30.1817169189453 30.1239376068115 30.0986652374268 30.0811176300049 30.0654544830322
30.3024559020996 30.2986583709717 30.3258743286133 30.3990688323975 30.4697532653809 30.478006362915 30.5073223114014 30.5195350646973 30.4985675811768 30.5616703033447 30.5917186737061 30.552225112915 30.4612216949463 30.503210067749 30.486873626709 30.3995399475098 30.3032474517822 30.2682704925537 30.19482421875 30.1095294952393 30.0638847351074 30.1052436828613 30.1698665618896 30.1866340637207 30.1433982849121 30.0659484863281 30.000883102417 29.9751262664795 29.9613628387451 29.9357357025146 29.9744930267334 30.0224742889404 30.0640316009521 30.2104682922363 30.2759132385254 30.300048828125 30.2732753753662 30.1805362701416 30.1888542175293 30.1923713684082 30.199146270752 30.1973915100098 30.1602020263672 30.1579971313477 30.1254043579102 30.0790328979492 30.0831031799316
30.1205940246582 30.1249217987061 30.1374015808105 30.1749153137207 30.2057094573975 30.2429218292236 30.2430763244629 30.3134231567383 30.4310340881348 30.532865524292 30.545202255249 30.4938316345215 30.4122943878174 30.410457611084 30.3460254669189 30.2246799468994 30.0910015106201 30.0083084106445 30.0025024414062 30.0201587677002 30.0351848602295 30.0941905975342 30.1472415924072 30.1345920562744 30.1156177520752 30.0612506866455 29.9855442047119 29.9368991851807 29.9061584472656 29.9280261993408 29.9878578186035 30.0444965362549 30.0926856994629 30.1629753112793 30.2193241119385 30.2415885925293 30.1584873199463 30.1959667205811 30.2289562225342 30.2001323699951 30.189266204834 30.1760196685791 30.1468296051025 30.16184425354 30.1257076263428 30.0995140075684 30.1385974884033
30.036319732666 30.0353946685791 30.0241470336914 30.0315055847168 30.0589332580566 30.0873146057129 30.0997695922852 30.1062183380127 30.1374435424805 30.1768608093262 30.2486152648926 30.2469806671143 30.2756271362305 30.3789691925049 30.3326816558838 30.2449169158936 30.0446910858154 29.9835586547852 29.9612197875977 30.0084953308105 30.0724811553955 30.0711975097656 30.0927333831787 30.131519317627 30.1443195343018 30.1107730865479 30.0499114990234 30.0234966278076 29.9938697814941 30.0180110931396 30.0737609863281 30.0800647735596 30.1269264221191 30.1487998962402 30.1418190002441 30.1215419769287 30.1606464385986 30.1959896087646 30.2192401885986 30.2131843566895 30.2101898193359 30.1889629364014 30.1573905944824 30.1611881256104 30.133430480957 30.1164951324463 30.0711326599121
