Ecospace-environmental-drivers/Outputs/ASCII-for-ecospace/Temp-surf/Temp-surf_X2018.11.asc
NCOLS 131 
NROWS 53 
XLLCORNER -98 
YLLCORNER 23.9265270233154 
CELLSIZE 0.133587792515755 
NODATA_value -3.4e+38 
[rows 0 to 20 of 53, columns 47 to 93 of 131]
-3.4e+38 -3.4e+38 -3.4e+38 -3.4e+38 -3.4e+38 -3.4e+38 -3.4e+38 -3.4e+38 -3.4e+38 -3.4e+38 -3.4e+38 -3.4e+38 -3.4e+38 -3.4e+38 -3.4e+38 -3.4e+38 -3.4e+38 -3.4e+38 -3.4e+38 -3.4e+38 -3.4e+38 -3.4e+38 -3.4e+38 -3.4e+38 -3.4e+38 -3.4e+38 -3.4e+38 -3.4e+38 -3.4e+38 -3.4e+38 -3.4e+38 -3.4e+38 -3.4e+38 -3.4e+38 -3.4e+38 -3.4e+38 -3.4e+38 -3.4e+38 -3.4e+38 -3.4e+38 -3.4e+38 -3.4e+38 -3.4e+38 -3.4e+38 -3.4e+38 -3.4e+38 -3.4e+38
-3.4e+38 -3.4e+38 -3.4e+38 -3.4e+38 -3.4e+38 -3.4e+38 -3.4e+38 -3.4e+38 -3.4e+38 -3.4e+38 -3.4e+38 -3.4e+38 -3.4e+38 -3.4e+38 -3.4e+38 -3.4e+38 -3.4e+38 -3.4e+38 -3.4e+38 -3.4e+38 -3.4e+38 -3.4e+38 -3.4e+38 -3.4e+38 -3.4e+38 -3.4e+38 -3.4e+38 -3.4e+38 -3.4e+38 -3.4e+38 -3.4e+38 -3.4e+38 -3.4e+38 -3.4e+38 -3.4e+38 -3.4e+38 -3.4e+38 -3.4e+38 -3.4e+38 -3.4e+38 -3.4e+38 -3.4e+38 -3.4e+38 -3.4e+38 -3.4e+38 -3.4e+38 -3.4e+38
-3.4e+38 -3.4e+38 -3.4e+38 -3.4e+38 -3.4e+38 -3.4e+38 -3.4e+38 -3.4e+38 -3.4e+38 -3.4e+38 -3.4e+38 -3.4e+38 -3.4e+38 -3.4e+38 -3.4e+38 -3.4e+38 -3.4e+38 -3.4e+38 -3.4e+38 -3.4e+38 -3.4e+38 -3.4e+38 -3.4e+38 -3.4e+38 -3.4e+38 -3.4e+38 -3.4e+38 16.7280673980713 16.7182998657227 -3.4e+38 -3.4e+38 -3.4e+38 -3.4e+38 -3.4e+38 -3.4e+38 -3.4e+38 -3.4e+38 -3.4e+38 -3.4e+38 -3.4e+38 -3.4e+38 -3.4e+38 -3.4e+38 -3.4e+38 -3.4e+38 -3.4e+38 -3.4e+38
-3.4e+38 -3.4e+38 -3.4e+38 -3.4e+38 -3.4e+38 -3.4e+38 -3.4e+38 -3.4e+38 -3.4e+38 -3.4e+38 -3.4e+38 -3.4e+38 -3.4e+38 -3.4e+38 -3.4e+38 -3.4e+38 -3.4e+38 -3.4e+38 -3.4e+38 -3.4e+38 -3.4e+38 -3.4e+38 -3.4e+38 -3.4e+38 -3.4e+38 -3.4e+38 -3.4e+38 17.0785579681396 17.2622451782227 -3.4e+38 -3.4e+38 -3.4e+38 -3.4e+38 -3.4e+38 -3.4e+38 -3.4e+38 -3.4e+38 -3.4e+38 -3.4e+38 -3.4e+38 -3.4e+38 -3.4e+38 -3.4e+38 -3.4e+38 -3.4e+38 -3.4e+38 -3.4e+38
-3.4e+38 -3.4e+38 -3.4e+38 -3.4e+38 -3.4e+38 -3.4e+38 -3.4e+38 -3.4e+38 -3.4e+38 15.5087966918945 15.5087966918945 15.527886390686 15.7647581100464 -3.4e+38 -3.4e+38 -3.4e+38 -3.4e+38 -3.4e+38 16.7963314056396 16.73415184021 16.4545612335205 16.5100154876709 16.8514499664307 17.1246490478516 17.4612998962402 17.274694442749 17.1867027282715 17.2797756195068 17.3082656860352 17.0583534240723 -3.4e+38 -3.4e+38 21.125883102417 21.3082695007324 20.8107852935791 21.494909286499 21.5954742431641 21.195442199707 21.0884666442871 21.7093563079834 21.7923431396484 22.0173606872559 -3.4e+38 -3.4e+38 -3.4e+38 -3.4e+38 -3.4e+38
-3.4e+38 -3.4e+38 -3.4e+38 -3.4e+38 -3.4e+38 -3.4e+38 -3.4e+38 -3.4e+38 15.5087966918945 15.5087966918945 15.5087966918945 15.5087966918945 15.5469751358032 15.7992477416992 16.2040119171143 -3.4e+38 16.4609260559082 16.4665832519531 16.7419662475586 17.2426223754883 17.8846530914307 18.3133659362793 17.5676536560059 17.8854484558105 18.2024726867676 18.564453125 18.2831802368164 18.1670684814453 18.2265567779541 17.2318077087402 20.4490509033203 20.7950706481934 21.0495147705078 21.5330619812012 21.8397178649902 22.050687789917 22.1892738342285 22.1653690338135 22.0486679077148 22.0367317199707 22.1560306549072 22.1673355102539 21.9537372589111 21.8232669830322 -3.4e+38 -3.4e+38 -3.4e+38
-3.4e+38 -3.4e+38 -3.4e+38 -3.4e+38 -3.4e+38 -3.4e+38 -3.4e+38 -3.4e+38 15.5416269302368 15.5087966918945 15.5087966918945 15.5087966918945 15.5087966918945 15.5851535797119 15.8990297317505 16.2040119171143 16.3930244445801 16.7800846099854 17.0514717102051 18.212797164917 19.4382019042969 20.2497653961182 20.7358474731445 20.918607711792 20.9223136901855 20.9381618499756 20.9566383361816 20.8355197906494 21.0256443023682 21.2412815093994 21.5932788848877 22.0844020843506 22.323413848877 22.4620494842529 22.7325477600098 23.0779056549072 23.4260272979736 23.324764251709 23.1460990905762 23.0135879516602 22.910364151001 22.7959537506104 22.6160297393799 22.2842903137207 21.9729633331299 21.8907203674316 -3.4e+38
-3.4e+38 -3.4e+38 -3.4e+38 -3.4e+38 -3.4e+38 -3.4e+38 -3.4e+38 -3.4e+38 -3.4e+38 -3.4e+38 15.5087966918945 15.5087966918945 15.5087966918945 -3.4e+38 15.6615114212036 16.2217979431152 16.3607196807861 16.4575004577637 16.8456687927246 18.1106204986572 19.2173767089844 19.8807430267334 21.3946094512939 22.0342483520508 22.3276023864746 22.2595863342285 22.1323795318604 22.1217670440674 22.2217617034912 22.4610919952393 22.7090225219727 22.9038867950439 22.9718685150146 23.1333789825439 23.4998741149902 23.915111541748 24.1787395477295 24.1086673736572 23.8639640808105 23.7891826629639 23.6824474334717 23.4274272918701 23.1013565063477 22.7439842224121 22.4209499359131 21.9789142608643 21.1900520324707
-3.4e+38 -3.4e+38 -3.4e+38 -3.4e+38 -3.4e+38 -3.4e+38 -3.4e+38 -3.4e+38 -3.4e+38 -3.4e+38 -3.4e+38 -3.4e+38 -3.4e+38 -3.4e+38 15.6765985488892 16.1356182098389 16.5233287811279 16.4647312164307 16.961030960083 17.7248020172119 18.4375991821289 19.3031806945801 21.7191562652588 22.3691024780273 22.77077293396 23.0446586608887 23.0605068206787 23.091028213501 23.1641693115234 23.2732276916504 23.3832702636719 23.4420394897461 23.4827728271484 23.8494815826416 24.2167186737061 24.3952922821045 24.4153900146484 24.3798027038574 24.3052272796631 24.2601623535156 24.1101169586182 23.9260063171387 23.5447654724121 23.0796566009521 22.7455539703369 22.4995079040527 21.706901550293
15.5333633422852 -3.4e+38 -3.4e+38 -3.4e+38 -3.4e+38 -3.4e+38 -3.4e+38 -3.4e+38 -3.4e+38 -3.4e+38 16.9098052978516 16.395206451416 -3.4e+38 -3.4e+38 -3.4e+38 16.6004219055176 16.972297668457 17.0506381988525 17.3258323669434 17.8789806365967 18.2958335876465 19.958948135376 21.8660297393799 22.3232803344727 22.8235130310059 23.1386528015137 23.2979793548584 23.4519176483154 23.6127433776855 23.7590007781982 23.8624534606934 23.8541984558105 24.0222778320312 24.3170719146729 24.4977321624756 24.5387535095215 24.56516456604 24.5597991943359 24.5191688537598 24.4741153717041 24.3695850372314 24.1088581085205 23.7296562194824 23.3188667297363 22.9271183013916 22.6792869567871 22.06418800354
15.6849365234375 15.6976661682129 -3.4e+38 -3.4e+38 -3.4e+38 -3.4e+38 -3.4e+38 -3.4e+38 -3.4e+38 -3.4e+38 17.5580654144287 17.5096569061279 17.2816162109375 -3.4e+38 -3.4e+38 17.0462512969971 17.1713390350342 17.2348957061768 17.5457038879395 17.9748134613037 18.9584007263184 21.0657348632812 21.8860702514648 22.393970489502 23.0764408111572 23.4250259399414 23.6394214630127 23.8040409088135 23.9298305511475 24.0247421264648 24.1600952148438 24.1141414642334 24.3047885894775 24.5171928405762 24.5977096557617 24.6349754333496 24.6600723266602 24.6961441040039 24.7037029266357 24.6103038787842 24.4865665435791 24.2665958404541 23.9344749450684 23.5168075561523 23.0969829559326 22.8152961730957 22.3641738891602
16.0115127563477 15.8371067047119 15.9571914672852 16.3786869049072 -3.4e+38 -3.4e+38 -3.4e+38 -3.4e+38 -3.4e+38 -3.4e+38 -3.4e+38 17.5298538208008 17.6711158752441 17.2816162109375 18.1646766662598 17.9259033203125 17.4170036315918 17.6215972900391 17.6226100921631 18.2507381439209 20.3199462890625 21.5380973815918 22.2329730987549 23.061918258667 23.5104713439941 23.8448066711426 24.0696716308594 24.2202682495117 24.3091583251953 24.3495273590088 24.319938659668 24.2999210357666 24.4878101348877 24.6283950805664 24.6720790863037 24.675350189209 24.6870002746582 24.7413902282715 24.8110961914062 24.8389892578125 24.7329692840576 24.4700393676758 24.1860275268555 23.7164745330811 23.2581748962402 22.9681015014648 22.6518630981445
17.3543834686279 16.763313293457 16.5861988067627 16.5926685333252 -3.4e+38 -3.4e+38 -3.4e+38 -3.4e+38 17.6528339385986 17.5222835540771 17.5897922515869 17.898983001709 17.4699172973633 18.261812210083 20.0690231323242 19.813081741333 18.8970012664795 18.6235275268555 18.0072193145752 18.036693572998 20.5960922241211 21.9066104888916 22.8163394927979 23.4722232818604 23.8897933959961 24.1499786376953 24.2754974365234 24.3820323944092 24.5108871459961 24.599609375 24.5963745117188 24.6019763946533 24.6584339141846 24.7112007141113 24.7407817840576 24.7315731048584 24.7143306732178 24.7897872924805 24.8675174713135 24.9292125701904 24.9621257781982 24.8617877960205 24.6013164520264 24.2645072937012 23.8929481506348 23.5312309265137 23.286075592041
18.4411296844482 18.3784198760986 18.2016372680664 17.9387912750244 17.8317852020264 17.9257678985596 17.9769439697266 18.0110969543457 17.9959144592285 17.9938144683838 17.9991149902344 17.534460067749 18.90163230896 20.7090148925781 21.177661895752 20.6942710876465 19.7074508666992 19.3181591033936 18.6898765563965 19.09987449646 18.8509387969971 21.9459934234619 23.0126190185547 23.6660785675049 23.9377517700195 24.1646347045898 24.2599868774414 24.2956695556641 24.4230060577393 24.6370029449463 24.791540145874 24.8783798217773 24.8634262084961 24.8652648925781 24.8623714447021 24.8364658355713 24.76930809021 24.7718048095703 24.932710647583 24.9988536834717 25.0487403869629 25.1473598480225 25.1275539398193 24.9966602325439 24.8463916778564 24.5984153747559 24.2743167877197
19.1755599975586 19.3865623474121 19.2820014953613 18.8426380157471 18.6042747497559 18.7096977233887 18.7104549407959 18.840311050415 19.3132858276367 19.4399909973145 19.8552684783936 20.5403347015381 21.1888618469238 21.3942604064941 21.266637802124 21.0137710571289 20.3792057037354 18.906530380249 18.7741928100586 19.1628093719482 20.2711772918701 22.3071975708008 23.1569404602051 23.6525897979736 24.1186504364014 24.3674335479736 24.5057430267334 24.6190738677979 24.719310760498 24.7695541381836 24.8128051757812 24.8701419830322 24.8536891937256 24.8736362457275 24.9093170166016 24.8878536224365 24.8554840087891 24.7960567474365 24.9134120941162 25.102481842041 25.1494102478027 25.2597999572754 25.3462944030762 25.3720626831055 25.2962589263916 25.1290645599365 24.8586235046387
20.690034866333 20.4358196258545 20.1542797088623 19.7273368835449 19.9775924682617 20.6872177124023 20.9729652404785 21.0865383148193 21.4549045562744 21.6082878112793 21.5036926269531 21.5190200805664 21.572826385498 21.6457366943359 21.4239902496338 21.1413650512695 20.6183109283447 19.956995010376 20.4145603179932 21.1052379608154 22.3479270935059 23.5319747924805 24.1461410522461 24.5736293792725 24.7855663299561 24.9062805175781 24.9644603729248 24.9955959320068 24.9823913574219 24.9639549255371 24.8774929046631 24.8572120666504 24.8791847229004 24.9069480895996 24.9384021759033 24.938892364502 24.9241523742676 24.8891296386719 24.9225101470947 25.1350574493408 25.2118167877197 25.3324108123779 25.4677886962891 25.5227088928223 25.5482292175293 25.4719886779785 25.2820472717285
21.5513153076172 21.2373886108398 20.8868598937988 20.6480712890625 20.8100967407227 21.7320537567139 22.1651039123535 22.2244415283203 22.3050632476807 22.2684574127197 22.2179698944092 22.2564239501953 22.2894401550293 22.2429294586182 22.0729560852051 21.8266086578369 21.6471347808838 21.9799785614014 22.575309753418 23.3067245483398 24.0698623657227 24.5156650543213 24.8954544067383 25.1418685913086 25.2333927154541 25.2687225341797 25.266471862793 25.2375793457031 25.188684463501 25.1160640716553 25.015022277832 24.9088897705078 24.8896255493164 24.9640064239502 24.9991912841797 25.0183410644531 25.0103855133057 24.9757843017578 24.9978790283203 25.1482448577881 25.2137012481689 25.3545227050781 25.5274887084961 25.6222362518311 25.6594524383545 25.6725082397461 25.6068534851074
22.5948791503906 22.4965515136719 22.04762840271 21.6605587005615 21.6834487915039 22.1591358184814 22.5262203216553 22.6852474212646 22.8274765014648 23.0089874267578 23.2624893188477 23.6124534606934 23.9526462554932 23.8360366821289 23.363977432251 23.1683807373047 22.9624271392822 23.2815818786621 23.6863613128662 24.3355178833008 24.8023281097412 25.068962097168 25.2840137481689 25.4377784729004 25.4822578430176 25.4881649017334 25.4705200195312 25.4470748901367 25.3525238037109 25.1931591033936 25.0638961791992 25.0168628692627 24.9973220825195 24.9994945526123 25.074951171875 25.0909290313721 25.0771865844727 25.0475311279297 25.1214580535889 25.2040557861328 25.2362728118896 25.3398418426514 25.5614852905273 25.6778717041016 25.7462558746338 25.7673988342285 25.7712154388428
23.4849090576172 23.4711074829102 23.4476089477539 23.1888999938965 22.9303722381592 22.9006958007812 23.0403785705566 23.2904624938965 23.4968509674072 23.6760654449463 24.03759765625 24.471773147583 24.7050342559814 24.6269950866699 24.1977996826172 24.1762771606445 24.2012596130371 24.2776546478271 24.5685424804688 24.9694843292236 25.1688766479492 25.3364486694336 25.4496383666992 25.5336093902588 25.5520191192627 25.5746803283691 25.6190013885498 25.5695171356201 25.4014167785645 25.1406326293945 25.0295543670654 25.0772953033447 25.1283016204834 25.0717239379883 25.155876159668 25.1192188262939 25.0928821563721 25.1043128967285 25.1830158233643 25.2342967987061 25.2551422119141 25.3408908843994 25.49436378479 25.6839809417725 25.7680072784424 25.8282699584961 25.8529224395752
24.6918869018555 24.6090297698975 24.528600692749 24.381856918335 24.1267604827881 23.9173622131348 23.9062786102295 24.060676574707 24.2017498016357 24.3932399749756 24.7174777984619 24.8989524841309 25.0014610290527 25.0777702331543 24.9035930633545 24.9062843322754 24.8992938995361 24.9786376953125 25.0518493652344 25.2337398529053 25.3710041046143 25.4865188598633 25.5214595794678 25.5493602752686 25.5849475860596 25.6125888824463 25.5831565856934 25.4463272094727 25.281400680542 25.0892086029053 25.0577507019043 25.1004886627197 25.1710052490234 25.1664047241211 25.1980724334717 25.1569080352783 25.1850490570068 25.2139701843262 25.2925205230713 25.2993068695068 25.3167724609375 25.3890533447266 25.4734535217285 25.6058597564697 25.752161026001 25.853157043457 25.9139213562012
25.1311588287354 25.1845588684082 25.1680488586426 24.9814319610596 24.7708206176758 24.6952228546143 24.6591644287109 24.8016147613525 24.8766326904297 24.9600448608398 25.0629024505615 25.1846866607666 25.2826995849609 25.3284530639648 25.2286014556885 25.1094989776611 25.1088027954102 25.2541980743408 25.3111610412598 25.3650608062744 25.5141830444336 25.6095314025879 25.6011257171631 25.6014499664307 25.6182670593262 25.5790405273438 25.4815902709961 25.3705253601074 25.26540184021 25.227502822876 25.2302989959717 25.2317314147949 25.2638835906982 25.2922210693359 25.2783813476562 25.2698936462402 25.3039093017578 25.3563861846924 25.396125793457 25.4464282989502 25.5145168304443 25.6110935211182 25.642915725708 25.6519050598145 25.7492656707764 25.8767528533936 25.9647254943848
