Ecospace-environmental-drivers/Outputs/ASCII-for-ecospace/Temp-surf/Temp-surf_X2010.12.asc
NCOLS 131 
NROWS 53 
XLLCORNER -98 
YLLCORNER 23.9265270233154 
CELLSIZE 0.133587792515755 
NODATA_value -3.4e+38 
[rows 21 to 41 of 53, columns 0 to 46 of 131]
-3.4e+38 -3.4e+38 -3.4e+38 -3.4e+38 -3.4e+38 -3.4e+38 18.5524215698242 18.4476890563965 18.4852600097656 18.0356464385986 18.5416011810303 19.0515441894531 19.5374927520752 19.8662414550781 20.0799884796143 20.2530632019043 20.4595069885254 20.7769775390625 21.1568775177002 21.4951324462891 21.7705039978027 21.8873271942139 21.9069881439209 21.8924827575684 21.8610210418701 21.8180027008057 21.7759380340576 21.7538204193115 21.7769241333008 21.8114223480225 21.8243732452393 21.781608581543 21.7654209136963 21.7703056335449 21.745418548584 21.7479858398438 21.7818412780762 21.8079376220703 21.7905349731445 21.7564487457275 21.7256240844727 21.6970233917236 21.6494083404541 21.5868759155273 21.5645904541016 21.5773239135742 21.6064929962158
-3.4e+38 -3.4e+38 -3.4e+38 -3.4e+38 -3.4e+38 -3.4e+38 18.5000953674316 18.7094802856445 18.4476890563965 18.9724445343018 19.538200378418 20.0099086761475 20.4371871948242 20.76780128479 21.0014209747314 21.1219577789307 21.165132522583 21.209228515625 21.3138885498047 21.4964294433594 21.7426662445068 21.9205894470215 22.0274276733398 22.0967960357666 22.0818557739258 21.9815731048584 21.9500179290771 21.9698123931885 22.0222549438477 22.019474029541 21.9897689819336 21.9790058135986 22.0022659301758 22.027853012085 22.0430717468262 22.062707901001 22.1018238067627 22.1321563720703 22.1180057525635 22.0666637420654 22.0211029052734 21.9754505157471 21.9370555877686 21.9007415771484 21.8782749176025 21.8790645599365 21.8996868133545
-3.4e+38 -3.4e+38 -3.4e+38 -3.4e+38 18.6511974334717 18.6269702911377 18.7597961425781 18.5000953674316 19.1806545257568 19.8163757324219 20.3870906829834 20.8818759918213 21.3392658233643 21.7546005249023 21.9882831573486 22.0421447753906 21.957878112793 21.8489036560059 21.7878894805908 21.8366050720215 21.9153442382812 21.9967613220215 22.0838088989258 22.1725616455078 22.2093925476074 22.2351264953613 22.2356052398682 22.2100257873535 22.1799430847168 22.1716423034668 22.1897239685059 22.2409820556641 22.2967681884766 22.2996025085449 22.3126754760742 22.3123474121094 22.2990970611572 22.2767066955566 22.2250995635986 22.1591815948486 22.1133003234863 22.0809288024902 22.0481262207031 22.0332088470459 22.0196743011475 22.042631149292 22.1031341552734
-3.4e+38 -3.4e+38 -3.4e+38 -3.4e+38 18.592435836792 18.7341842651367 18.6269702911377 19.1523208618164 19.8808116912842 20.5322265625 21.0783195495605 21.632926940918 22.09912109375 22.3848876953125 22.5573921203613 22.6281204223633 22.6149005889893 22.5751209259033 22.5525379180908 22.5408973693848 22.522518157959 22.477502822876 22.4232788085938 22.3881607055664 22.3475379943848 22.3637790679932 22.3713092803955 22.3868732452393 22.3989124298096 22.420431137085 22.4386138916016 22.4337463378906 22.4023380279541 22.3984127044678 22.4034614562988 22.3243865966797 22.2650184631348 22.2372207641602 22.2164669036865 22.1971111297607 22.161865234375 22.1210327148438 22.1031150817871 22.1136455535889 22.1643733978271 22.2543754577637 22.3487911224365
-3.4e+38 -3.4e+38 -3.4e+38 -3.4e+38 -3.4e+38 18.592435836792 18.9831485748291 19.7596683502197 20.4889297485352 21.1280536651611 21.7028846740723 22.1740493774414 22.4941806793213 22.7067890167236 22.7851448059082 22.7978115081787 22.8009281158447 22.8001174926758 22.793327331543 22.7842674255371 22.7724704742432 22.7443580627441 22.6984443664551 22.639274597168 22.5691967010498 22.5490570068359 22.5356407165527 22.5494346618652 22.5439300537109 22.5369167327881 22.5358371734619 22.5191383361816 22.4772701263428 22.4851131439209 22.421293258667 22.327543258667 22.3302631378174 22.3650913238525 22.3597469329834 22.2998752593994 22.2583065032959 22.2769050598145 22.3395481109619 22.427209854126 22.4894199371338 22.5440464019775 22.6140308380127
-3.4e+38 -3.4e+38 -3.4e+38 -3.4e+38 -3.4e+38 18.7108516693115 19.5119018554688 20.2982196807861 21.0381126403809 21.646427154541 22.1331157684326 22.4443473815918 22.7204494476318 22.8193645477295 22.8247337341309 22.8267841339111 22.8266010284424 22.8317470550537 22.8343563079834 22.830020904541 22.801082611084 22.7802200317383 22.7575054168701 22.7253360748291 22.6738586425781 22.618860244751 22.6439037322998 22.6562118530273 22.6152572631836 22.586254119873 22.5784149169922 22.5790557861328 22.5789794921875 22.5901393890381 22.5139255523682 22.4735813140869 22.491569519043 22.476936340332 22.4142684936523 22.4239387512207 22.5016326904297 22.5842189788818 22.662935256958 22.7341995239258 22.7426147460938 22.7588806152344 22.8171157836914
-3.4e+38 -3.4e+38 17.4391956329346 17.6667098999023 18.4690895080566 19.001049041748 19.9627094268799 20.7857894897461 21.511209487915 21.9969806671143 22.374195098877 22.6708087921143 22.8388328552246 22.8529167175293 22.8483848571777 22.8486099243164 22.8545818328857 22.8638229370117 22.8537559509277 22.8264904022217 22.8025074005127 22.786808013916 22.7698726654053 22.7481327056885 22.7131519317627 22.6700172424316 22.6805973052979 22.7086009979248 22.7049713134766 22.69970703125 22.7027587890625 22.68798828125 22.7048206329346 22.6837539672852 22.6318874359131 22.5997867584229 22.561990737915 22.4980182647705 22.5426998138428 22.6186580657959 22.6700325012207 22.7111034393311 22.7288379669189 22.7493743896484 22.7651538848877 22.7848510742188 22.8192901611328
-339999999999999996128486808808066248288.000000000000000 -3.4e+38 -3.4e+38 -3.4e+38 17.8942222595215 19.3001308441162 20.2936172485352 21.1820392608643 21.8044147491455 22.2248458862305 22.5479183197021 22.8028545379639 22.8756847381592 22.8670539855957 22.8555431365967 22.8598670959473 22.8833847045898 22.8848762512207 22.8701210021973 22.8395652770996 22.81174659729 22.7897529602051 22.7704582214355 22.7600898742676 22.7263317108154 22.6943874359131 22.7553215026855 22.8205471038818 22.8472003936768 22.8784561157227 22.855094909668 22.8124847412109 22.7845134735107 22.7427711486816 22.7118625640869 22.6230297088623 22.5736217498779 22.5929851531982 22.6260375976562 22.6335716247559 22.6612720489502 22.6954593658447 22.7176265716553 22.738977432251 22.7489242553711 22.7774639129639 22.811092376709
-3.4e+38 -3.4e+38 -3.4e+38 -3.4e+38 18.2022876739502 19.5888690948486 20.5252647399902 21.4099273681641 21.9458274841309 22.3283653259277 22.6151943206787 22.8308372497559 22.8778839111328 22.8819236755371 22.8638610839844 22.852933883667 22.8866195678711 22.9043197631836 22.8954086303711 22.8524303436279 22.8236083984375 22.8041152954102 22.7883033752441 22.7587909698486 22.7199649810791 22.8059902191162 22.8843040466309 22.9490337371826 23.0161724090576 23.0399322509766 22.9847049713135 22.8925228118896 22.7994022369385 22.7590827941895 22.7013969421387 22.6488456726074 22.6500053405762 22.6419906616211 22.6531047821045 22.6555767059326 22.6648120880127 22.6753234863281 22.6889743804932 22.704080581665 22.7409725189209 22.8083305358887 22.8489608764648
-3.4e+38 -3.4e+38 -3.4e+38 -3.4e+38 18.3050880432129 19.6225090026855 20.5663108825684 21.4326286315918 21.973669052124 22.3248481750488 22.6068801879883 22.818265914917 22.8634719848633 22.8899230957031 22.8764591217041 22.8400039672852 22.8663215637207 22.8896903991699 22.8888359069824 22.8700904846191 22.8447170257568 22.8217887878418 22.7903385162354 22.817310333252 22.9105224609375 22.9859447479248 23.0294589996338 23.0698223114014 23.0916576385498 23.0890274047852 23.051570892334 22.9826183319092 22.9035568237305 22.8333301544189 22.7682609558105 22.745267868042 22.7176475524902 22.7104568481445 22.6952304840088 22.6764831542969 22.6549797058105 22.6495380401611 22.6685199737549 22.7142353057861 22.7690143585205 22.8183460235596 22.8842754364014
-3.4e+38 -3.4e+38 -3.4e+38 -3.4e+38 18.1343421936035 19.4296817779541 20.476375579834 21.317310333252 21.9198780059814 22.2605209350586 22.550817489624 22.750768661499 22.8294563293457 22.8807182312012 22.9044361114502 22.8671207427979 22.8514823913574 22.8693408966064 22.8752956390381 22.859546661377 22.8434467315674 22.839714050293 22.9085636138916 22.9938907623291 23.0303764343262 23.0519275665283 23.0681381225586 23.0726928710938 23.073881149292 23.087423324585 23.0920066833496 23.0552406311035 22.9830322265625 22.9246273040771 22.8790340423584 22.837610244751 22.7948970794678 22.7728576660156 22.7436981201172 22.7070446014404 22.6803188323975 22.7046813964844 22.758171081543 22.8142414093018 22.8495101928711 22.8805541992188 22.9346027374268
-3.4e+38 -3.4e+38 -3.4e+38 -3.4e+38 18.2384948730469 19.3249225616455 20.3258304595947 21.072717666626 21.7519702911377 22.1190490722656 22.4031600952148 22.651294708252 22.7876262664795 22.8915405273438 22.9151916503906 22.8823318481445 22.8337917327881 22.8232593536377 22.8215847015381 22.8546981811523 22.9229259490967 22.9854736328125 23.0397510528564 23.0860862731934 23.1234931945801 23.144739151001 23.1595230102539 23.1655387878418 23.159029006958 23.1489601135254 23.1378536224365 23.1300659179688 23.0943756103516 23.0427112579346 22.9785118103027 22.9267539978027 22.8911952972412 22.8612689971924 22.8257446289062 22.7880916595459 22.7836303710938 22.8205680847168 22.8623275756836 22.896635055542 22.8846950531006 22.8853511810303 22.9237365722656
-3.4e+38 -3.4e+38 -3.4e+38 -3.4e+38 18.1320533752441 19.0759811401367 20.0564346313477 20.7835845947266 21.4334983825684 21.8621768951416 22.2777271270752 22.5486488342285 22.7271060943604 22.9136791229248 22.9373550415039 22.9121551513672 22.8581104278564 22.8505210876465 22.9108085632324 22.9599952697754 23.0120105743408 23.0620498657227 23.088399887085 23.0908832550049 23.0973663330078 23.1110057830811 23.1326847076416 23.1538696289062 23.1772975921631 23.1997966766357 23.2167682647705 23.2355823516846 23.2439804077148 23.230281829834 23.2015151977539 23.1305809020996 23.0518379211426 22.9720916748047 22.9158592224121 22.8634567260742 22.8414058685303 22.8681831359863 22.9030647277832 22.974048614502 22.9376201629639 22.9099807739258 22.9395885467529
-3.4e+38 -3.4e+38 -3.4e+38 -3.4e+38 -3.4e+38 19.3231887817383 19.838680267334 20.6706409454346 21.2809524536133 21.8127269744873 22.2225532531738 22.4505271911621 22.7125434875488 22.942476272583 22.981050491333 22.9733333587646 22.9536437988281 22.9294834136963 22.9473514556885 22.9895286560059 23.0176849365234 23.0307731628418 23.0223598480225 23.0289211273193 23.0394115447998 23.0614337921143 23.0745429992676 23.0985240936279 23.1146812438965 23.1456089019775 23.1808891296387 23.2167472839355 23.2505073547363 23.2891654968262 23.3274593353271 23.3500118255615 23.3236141204834 23.2501258850098 23.1462497711182 23.0383262634277 22.9610366821289 22.9533863067627 22.9485721588135 22.9797496795654 22.9892196655273 22.9405136108398 22.9554595947266
-3.4e+38 -3.4e+38 -3.4e+38 -3.4e+38 -3.4e+38 18.3717250823975 19.7121124267578 20.6619453430176 21.3154926300049 21.8756294250488 22.1834697723389 22.4025554656982 22.7702045440674 22.9749755859375 23.0232028961182 23.0164775848389 23.0078201293945 22.9758853912354 22.9450855255127 22.9789772033691 22.9940509796143 22.9826278686523 22.9737815856934 23.00341796875 23.0323696136475 23.0272197723389 23.0413970947266 23.0703372955322 23.0873928070068 23.1201171875 23.1395702362061 23.1753330230713 23.2099304199219 23.2435970306396 23.2831268310547 23.3236713409424 23.3659477233887 23.4015274047852 23.3856887817383 23.3041191101074 23.2081661224365 23.1405811309814 23.0858840942383 23.0442543029785 23.0275382995605 22.9693222045898 22.9633140563965
-3.4e+38 -3.4e+38 -3.4e+38 -3.4e+38 -3.4e+38 18.7373905181885 19.7207736968994 20.764705657959 21.3882312774658 21.8668422698975 22.1655139923096 22.495885848999 22.8467578887939 23.0016975402832 23.0538082122803 23.0431270599365 23.0166034698486 23.0046577453613 22.9714851379395 22.9639225006104 22.9789562225342 22.9699382781982 22.9635524749756 22.9923114776611 23.012321472168 23.0217056274414 23.0378303527832 23.0612106323242 23.0967788696289 23.1240558624268 23.1628837585449 23.1973495483398 23.2425842285156 23.2844333648682 23.3296699523926 23.3559093475342 23.3728847503662 23.3819770812988 23.3880748748779 23.3772487640381 23.3359031677246 23.2909507751465 23.2620792388916 23.2321720123291 23.1995887756348 23.1497268676758 23.0524444580078
-3.4e+38 -3.4e+38 -3.4e+38 -3.4e+38 -3.4e+38 -3.4e+38 19.8736915588379 20.7893238067627 21.5078258514404 21.9842376708984 22.3556861877441 22.7326908111572 22.9787693023682 23.0617923736572 23.0827159881592 23.0691242218018 23.029016494751 23.0131740570068 23.005500793457 22.9836387634277 22.9715728759766 22.9680805206299 22.9638080596924 22.9785575866699 22.9990711212158 23.02467918396 23.0505447387695 23.08229637146 23.1171703338623 23.1556167602539 23.2063007354736 23.2651138305664 23.3301773071289 23.4029388427734 23.4465885162354 23.463077545166 23.472541809082 23.4635982513428 23.4528636932373 23.4329242706299 23.4021434783936 23.3610591888428 23.3223705291748 23.3137264251709 23.2903156280518 23.2696514129639 23.2459106445312
-3.4e+38 -3.4e+38 -3.4e+38 -3.4e+38 -3.4e+38 -3.4e+38 19.9812164306641 20.9815731048584 21.7042789459229 22.2345790863037 22.6164646148682 22.8911418914795 23.0791473388672 23.1318016052246 23.1269912719727 23.0867004394531 23.0384941101074 23.0160427093506 23.0213985443115 23.0109806060791 22.9879951477051 22.9769515991211 22.9789886474609 22.9931640625 23.013801574707 23.0550975799561 23.0900020599365 23.1239776611328 23.1579818725586 23.2211399078369 23.3123779296875 23.4279727935791 23.5303916931152 23.6021194458008 23.632755279541 23.6365566253662 23.6337261199951 23.6297492980957 23.6185913085938 23.5820198059082 23.5657005310059 23.5301570892334 23.4862995147705 23.4440956115723 23.4102592468262 23.3712120056152 23.3259925842285
-3.4e+38 -3.4e+38 -3.4e+38 -3.4e+38 -3.4e+38 -3.4e+38 20.0924682617188 21.2218608856201 21.9886455535889 22.4759674072266 22.8016624450684 23.0527153015137 23.1399097442627 23.1540699005127 23.1609992980957 23.1234703063965 23.055549621582 23.0200138092041 23.0240211486816 23.0280647277832 23.0183734893799 23.0087604522705 23.0150165557861 23.0375022888184 23.0644035339355 23.0953426361084 23.1345691680908 23.18896484375 23.288911819458 23.4041767120361 23.540376663208 23.6524696350098 23.7120800018311 23.7335605621338 23.7336273193359 23.7376918792725 23.7326831817627 23.7446308135986 23.7427673339844 23.7412376403809 23.7308883666992 23.7034645080566 23.6726016998291 23.6318988800049 23.5921115875244 23.5450134277344 23.5049343109131
-3.4e+38 -3.4e+38 -3.4e+38 -3.4e+38 -3.4e+38 19.8162879943848 20.4182033538818 21.6508464813232 22.3297500610352 22.672737121582 22.9700546264648 23.143798828125 23.1895389556885 23.1950817108154 23.1988677978516 23.1677703857422 23.1033973693848 23.055383682251 23.0247116088867 23.0380210876465 23.0454978942871 23.0562610626221 23.0734367370605 23.0971736907959 23.1313190460205 23.1821842193604 23.2648239135742 23.3784923553467 23.5058708190918 23.6193828582764 23.726526260376 23.7738456726074 23.812915802002 23.8179512023926 23.8088073730469 23.8120307922363 23.8194046020508 23.849100112915 23.8635864257812 23.869104385376 23.8532867431641 23.8386192321777 23.8165378570557 23.7872734069824 23.7508811950684 23.7175750732422 23.6817741394043
-3.4e+38 -3.4e+38 -3.4e+38 -3.4e+38 19.7230815887451 19.8786945343018 21.1969413757324 22.1519889831543 22.5424518585205 22.7855644226074 23.0502777099609 23.1931953430176 23.2184600830078 23.2355861663818 23.2565574645996 23.2297782897949 23.1688690185547 23.1218948364258 23.0842189788818 23.0662479400635 23.0890407562256 23.1211566925049 23.1568431854248 23.1951007843018 23.2651119232178 23.3726596832275 23.4770698547363 23.6026077270508 23.7136573791504 23.7693614959717 23.8310394287109 23.8427314758301 23.8632621765137 23.864387512207 23.8618030548096 23.8775005340576 23.9117774963379 23.9192867279053 23.9334411621094 23.9166240692139 23.8949871063232 23.8711795806885 23.8495101928711 23.8283767700195 23.8060493469238 23.7840518951416 23.7703685760498
