Ecospace-environmental-drivers/Outputs/ASCII-for-ecospace/Temp-surf/Temp-surf_X1997.09.asc
NCOLS 131 
NROWS 53 
XLLCORNER -98 
YLLCORNER 23.9265270233154 
CELLSIZE 0.133587792515755 
NODATA_value -3.4e+38 
[rows 21 to 41 of 53, columns 47 to 93 of 131]
29.5547161102295 29.5251159667969 29.4991226196289 29.5014915466309 29.4983692169189 29.5006790161133 29.4948577880859 29.4944515228271 29.5027275085449 29.4753875732422 29.4409370422363 29.4606323242188 29.4668350219727 29.4450588226318 29.4243717193604 29.4086799621582 29.39453125 29.3889083862305 29.3969879150391 29.3936653137207 29.3783893585205 29.3822364807129 29.4120006561279 29.4518871307373 29.4900760650635 29.5065574645996 29.5087928771973 29.495288848877 29.4765892028809 29.4437007904053 29.4040298461914 29.4068660736084 29.4639759063721 29.5134830474854 29.5319004058838 29.5413360595703 29.5609855651855 29.5749435424805 29.5539989471436 29.5100440979004 29.4819774627686 29.465518951416 29.4811534881592 29.5309104919434 29.575216293335 29.5808601379395 29.5601692199707
29.5450534820557 29.5223178863525 29.5046997070312 29.4999580383301 29.5132465362549 29.5361442565918 29.5383491516113 29.5162906646729 29.4799003601074 29.4654674530029 29.4623031616211 29.4462909698486 29.4226741790771 29.4034576416016 29.3858795166016 29.3756351470947 29.3643817901611 29.3475112915039 29.3334560394287 29.333869934082 29.338306427002 29.3570213317871 29.3832931518555 29.4183788299561 29.4459934234619 29.4720058441162 29.4878463745117 29.4949188232422 29.494535446167 29.4925651550293 29.4622669219971 29.4199504852295 29.4126052856445 29.4663391113281 29.5292282104492 29.5118999481201 29.4921035766602 29.5162010192871 29.5572261810303 29.5681743621826 29.5639591217041 29.5521373748779 29.553150177002 29.5693073272705 29.5646057128906 29.5516757965088 29.5426006317139
29.52659034729 29.5043678283691 29.4918098449707 29.5038547515869 29.5114898681641 29.5339546203613 29.5338611602783 29.5308952331543 29.5178756713867 29.4997806549072 29.4763622283936 29.4631309509277 29.445426940918 29.4240398406982 29.4042167663574 29.3966121673584 29.3891849517822 29.3819351196289 29.366455078125 29.3530902862549 29.3517322540283 29.3641834259033 29.3721446990967 29.3821201324463 29.3955783843994 29.417350769043 29.4413185119629 29.4550132751465 29.4617233276367 29.4668216705322 29.4674110412598 29.46484375 29.454080581665 29.4456005096436 29.4784297943115 29.4999465942383 29.4754676818848 29.4458236694336 29.4654216766357 29.533447265625 29.556079864502 29.5627460479736 29.5647354125977 29.5653858184814 29.558012008667 29.5581836700439 29.5432682037354
29.5138664245605 29.4996967315674 29.4885368347168 29.4887790679932 29.509765625 29.524881362915 29.5217227935791 29.5106601715088 29.5027122497559 29.4884624481201 29.4688148498535 29.4607963562012 29.4546031951904 29.4451904296875 29.4297771453857 29.4237117767334 29.4200077056885 29.4217510223389 29.4153938293457 29.4174270629883 29.4270782470703 29.4358215332031 29.4390449523926 29.4425182342529 29.4489002227783 29.443531036377 29.4391212463379 29.433952331543 29.4299774169922 29.4376430511475 29.4476718902588 29.4438495635986 29.4482898712158 29.4564838409424 29.4776973724365 29.4893207550049 29.4613780975342 29.4177989959717 29.3891620635986 29.4390525817871 29.5127258300781 29.5428066253662 29.5308609008789 29.5132865905762 29.5122661590576 29.5041198730469 29.4884185791016
29.5013217926025 29.5007247924805 29.4946212768555 29.5086860656738 29.5173931121826 29.515157699585 29.499605178833 29.4939060211182 29.4881553649902 29.4786281585693 29.4657211303711 29.4624423980713 29.4574604034424 29.4538078308105 29.445894241333 29.433500289917 29.4337291717529 29.4339809417725 29.4185619354248 29.4138126373291 29.4111309051514 29.4125862121582 29.4255504608154 29.4387683868408 29.4473171234131 29.4527149200439 29.4530448913574 29.4511585235596 29.4400501251221 29.4149608612061 29.4071083068848 29.4091205596924 29.4160346984863 29.4254188537598 29.4401397705078 29.4714431762695 29.4680309295654 29.4103145599365 29.3650894165039 29.3665180206299 29.432258605957 29.4746074676514 29.4774341583252 29.4764823913574 29.4793739318848 29.4701614379883 29.4735126495361
29.4931755065918 29.5010738372803 29.5173473358154 29.5179710388184 29.5065650939941 29.5015487670898 29.4978084564209 29.4945983886719 29.497953414917 29.4884033203125 29.4722213745117 29.4626789093018 29.4577331542969 29.4481601715088 29.4362239837646 29.434720993042 29.4447040557861 29.422550201416 29.3925247192383 29.3886489868164 29.4017772674561 29.4214992523193 29.4459819793701 29.4395885467529 29.4281749725342 29.4180583953857 29.3904685974121 29.3789405822754 29.3911151885986 29.3989639282227 29.4088134765625 29.4065837860107 29.3953037261963 29.400333404541 29.4147701263428 29.4350128173828 29.452091217041 29.4137916564941 29.3830986022949 29.3446846008301 29.3696765899658 29.4246501922607 29.450475692749 29.4362697601318 29.4405574798584 29.4557037353516 29.4773941040039
29.5105686187744 29.5131130218506 29.5056457519531 29.4997863769531 29.4966907501221 29.4974479675293 29.4986114501953 29.5049457550049 29.5144748687744 29.5113735198975 29.4880695343018 29.4673328399658 29.4550819396973 29.4509429931641 29.4467163085938 29.4540309906006 29.4369449615479 29.3994102478027 29.4075107574463 29.4331893920898 29.4528923034668 29.4821453094482 29.5134220123291 29.5145244598389 29.5073547363281 29.496072769165 29.4831066131592 29.4556350708008 29.4355983734131 29.4211196899414 29.4179706573486 29.3997268676758 29.3868885040283 29.3634700775146 29.3701972961426 29.3851737976074 29.407678604126 29.3843193054199 29.3853397369385 29.3540668487549 29.3329277038574 29.3866596221924 29.4241962432861 29.432653427124 29.4405288696289 29.4519672393799 29.4606819152832
29.5198707580566 29.5201892852783 29.5198497772217 29.5232563018799 29.5270347595215 29.5327587127686 29.5316753387451 29.5277481079102 29.5240364074707 29.5191802978516 29.4926261901855 29.4631233215332 29.460298538208 29.4409313201904 29.4286975860596 29.4469814300537 29.4217071533203 29.3961353302002 29.438570022583 29.4856433868408 29.525333404541 29.5628528594971 29.5767040252686 29.5862979888916 29.5866508483887 29.5666484832764 29.5618362426758 29.545618057251 29.5328674316406 29.5104923248291 29.4800281524658 29.4351844787598 29.3919086456299 29.3809261322021 29.3645896911621 29.34938621521 29.3643817901611 29.3449954986572 29.3559494018555 29.3704051971436 29.3325290679932 29.3690338134766 29.4209690093994 29.4203624725342 29.4325351715088 29.4615020751953 29.4999256134033
29.5533008575439 29.5571556091309 29.5645427703857 29.5606365203857 29.5622596740723 29.5617294311523 29.5598621368408 29.5552215576172 29.5395202636719 29.5401210784912 29.5001792907715 29.4638004302979 29.466682434082 29.4299011230469 29.423921585083 29.4333877563477 29.38210105896 29.4316291809082 29.5267658233643 29.576379776001 29.6040782928467 29.604341506958 29.6002216339111 29.6060523986816 29.601806640625 29.590934753418 29.5975341796875 29.5839557647705 29.5777950286865 29.5588340759277 29.5376148223877 29.5001049041748 29.4435577392578 29.3931465148926 29.3915519714355 29.3590126037598 29.3572483062744 29.3122177124023 29.3208503723145 29.3469905853271 29.3134899139404 29.2826175689697 29.3609962463379 29.376594543457 29.3398418426514 29.3425827026367 29.3807411193848
29.5940341949463 29.579231262207 29.5790939331055 29.5976390838623 29.6135654449463 29.6239013671875 29.6092014312744 29.5816593170166 29.5790176391602 29.5638942718506 29.5091495513916 29.4831295013428 29.4701805114746 29.4242134094238 29.4383010864258 29.4448184967041 29.4068355560303 29.5053443908691 29.5894145965576 29.626916885376 29.6236305236816 29.6016731262207 29.5959072113037 29.6015663146973 29.6082191467285 29.6199054718018 29.6192283630371 29.6213321685791 29.6141128540039 29.5868434906006 29.5495281219482 29.5309295654297 29.4969806671143 29.430154800415 29.4061794281006 29.3899040222168 29.370361328125 29.3244571685791 29.2940807342529 29.3082790374756 29.3005657196045 29.2517395019531 29.294506072998 29.3233299255371 29.3042793273926 29.2946796417236 29.3141078948975
29.6206836700439 29.5990047454834 29.5957641601562 29.6359100341797 29.6660537719727 29.6809005737305 29.6598987579346 29.6164894104004 29.6145896911621 29.588903427124 29.5271492004395 29.5009517669678 29.4738311767578 29.4249744415283 29.4530906677246 29.4412631988525 29.4533653259277 29.5618057250977 29.6238613128662 29.6389827728271 29.6275272369385 29.6068725585938 29.610954284668 29.6282176971436 29.6414890289307 29.6485118865967 29.642972946167 29.6288299560547 29.6275959014893 29.6176166534424 29.5852241516113 29.5604267120361 29.5301780700684 29.4745559692383 29.4152317047119 29.3959465026855 29.3858833312988 29.3548965454102 29.287618637085 29.2769908905029 29.2843036651611 29.2415313720703 29.2658100128174 29.3026790618896 29.2874870300293 29.2794647216797 29.2863845825195
29.6134185791016 29.60768699646 29.6391925811768 29.6773643493652 29.6988086700439 29.71142578125 29.6819725036621 29.6499290466309 29.6302509307861 29.5951175689697 29.5528297424316 29.5232639312744 29.4917163848877 29.443733215332 29.4851837158203 29.4387989044189 29.5151271820068 29.6234836578369 29.6375217437744 29.6382541656494 29.6131763458252 29.6101551055908 29.64328956604 29.6611595153809 29.6642093658447 29.666446685791 29.6619758605957 29.658016204834 29.6501502990723 29.633487701416 29.6023330688477 29.5738887786865 29.5524272918701 29.5153312683105 29.439323425293 29.3908023834229 29.391508102417 29.3893985748291 29.3010730743408 29.2690048217773 29.2612075805664 29.2424182891846 29.2490844726562 29.2917823791504 29.2824020385742 29.2638931274414 29.2658252716064
29.6470775604248 29.670747756958 29.702766418457 29.7230911254883 29.7359790802002 29.7216339111328 29.7023963928223 29.6768016815186 29.6442832946777 29.6133880615234 29.5742950439453 29.5450630187988 29.5086536407471 29.4567737579346 29.4807205200195 29.4441204071045 29.5478210449219 29.6279792785645 29.6414051055908 29.6126613616943 29.6099624633789 29.6297225952148 29.6677932739258 29.6766948699951 29.674430847168 29.6719532012939 29.6661338806152 29.6617851257324 29.6573047637939 29.6464653015137 29.6163730621338 29.577465057373 29.5583992004395 29.5334091186523 29.4749145507812 29.387809753418 29.3905715942383 29.4101371765137 29.3320751190186 29.2726593017578 29.2446193695068 29.2231998443604 29.2390003204346 29.2758560180664 29.2609729766846 29.2498416900635 29.2702178955078
29.7014274597168 29.7405338287354 29.7654647827148 29.7663135528564 29.7529850006104 29.7455444335938 29.7284450531006 29.7016792297363 29.6505298614502 29.6258029937744 29.598352432251 29.5579204559326 29.5307579040527 29.4744873046875 29.4624767303467 29.4407253265381 29.5476303100586 29.6382675170898 29.6435890197754 29.6222763061523 29.6244010925293 29.6515235900879 29.6795825958252 29.6816902160645 29.6699771881104 29.664924621582 29.6488075256348 29.6539459228516 29.6506195068359 29.6424903869629 29.6210823059082 29.5783309936523 29.5526237487793 29.5365161895752 29.4809551239014 29.4045925140381 29.3977012634277 29.4210948944092 29.3570804595947 29.2819004058838 29.2526741027832 29.2270488739014 29.2364616394043 29.2638912200928 29.2366561889648 29.260139465332 29.2649517059326
29.7730274200439 29.8090934753418 29.8075771331787 29.7819747924805 29.7676315307617 29.7640399932861 29.7490062713623 29.715015411377 29.6533641815186 29.6372184753418 29.6084365844727 29.5743389129639 29.5562343597412 29.4979057312012 29.4426670074463 29.4267063140869 29.5274143218994 29.6403541564941 29.6465072631836 29.6345520019531 29.6298656463623 29.65895652771 29.6903591156006 29.6768608093262 29.6571350097656 29.6534900665283 29.6413021087646 29.642068862915 29.6356029510498 29.6462841033936 29.6313323974609 29.5915565490723 29.5480155944824 29.5356578826904 29.4847850799561 29.4380512237549 29.4151859283447 29.425121307373 29.3665142059326 29.2948665618896 29.2702045440674 29.2370853424072 29.2385005950928 29.2618293762207 29.2515811920166 29.2586975097656 29.2610187530518
29.8506450653076 29.8514881134033 29.8221607208252 29.795503616333 29.7962455749512 29.7957763671875 29.774076461792 29.7374019622803 29.6819477081299 29.6412677764893 29.6225910186768 29.5926761627197 29.592212677002 29.5443515777588 29.4246139526367 29.3895301818848 29.4857711791992 29.6195812225342 29.6482639312744 29.6407451629639 29.6342449188232 29.6623649597168 29.6927032470703 29.674955368042 29.659912109375 29.6701507568359 29.6538219451904 29.6489429473877 29.6356048583984 29.6338768005371 29.6346073150635 29.5962219238281 29.5543346405029 29.5368232727051 29.4990978240967 29.457857131958 29.454532623291 29.4288558959961 29.3815746307373 29.328161239624 29.2991161346436 29.2626152038574 29.2566242218018 29.2617263793945 29.2652530670166 29.270975112915 29.2765102386475
29.8936233520508 29.8639469146729 29.8258514404297 29.8198642730713 29.8272609710693 29.819507598877 29.7945976257324 29.7626800537109 29.7135257720947 29.6567420959473 29.6257839202881 29.616003036499 29.6299381256104 29.5911121368408 29.4389362335205 29.3641872406006 29.4453830718994 29.6016483306885 29.6644706726074 29.6555309295654 29.6431903839111 29.6673831939697 29.6726131439209 29.6760082244873 29.6696872711182 29.6787052154541 29.6705322265625 29.6611442565918 29.6420021057129 29.6394500732422 29.634105682373 29.5871315002441 29.5686473846436 29.552173614502 29.5124855041504 29.4787082672119 29.4866924285889 29.4317226409912 29.4036521911621 29.3599281311035 29.3347339630127 29.2935562133789 29.2894344329834 29.2772636413574 29.3005981445312 29.3016204833984 29.2983570098877
29.90598487854 29.8618698120117 29.8428859710693 29.849889755249 29.8575077056885 29.8437767028809 29.8163185119629 29.7813301086426 29.7430438995361 29.692346572876 29.6464061737061 29.6373176574707 29.6620769500732 29.655590057373 29.5034427642822 29.3409938812256 29.3950672149658 29.5404033660889 29.6586227416992 29.6789989471436 29.6443328857422 29.6673126220703 29.6630096435547 29.6743602752686 29.6785907745361 29.6719913482666 29.6761341094971 29.6665382385254 29.6511535644531 29.6470012664795 29.6219139099121 29.5879306793213 29.5630283355713 29.5514125823975 29.5173015594482 29.5110301971436 29.5052070617676 29.4425468444824 29.4146041870117 29.4080963134766 29.3962516784668 29.365650177002 29.3681182861328 29.3321857452393 29.3688335418701 29.3660125732422 29.3659496307373
29.9082508087158 29.8666038513184 29.8610229492188 29.8737373352051 29.8783206939697 29.8589820861816 29.8274478912354 29.7987613677979 29.773136138916 29.7457237243652 29.6675853729248 29.6605682373047 29.693567276001 29.6996250152588 29.5845203399658 29.350269317627 29.3323249816895 29.4609184265137 29.6147155761719 29.6679763793945 29.6674003601074 29.6620101928711 29.6650714874268 29.6756839752197 29.6771240234375 29.678955078125 29.6673946380615 29.6480751037598 29.6392078399658 29.6407566070557 29.6039581298828 29.5833892822266 29.5750045776367 29.5534782409668 29.5377140045166 29.5442237854004 29.5294609069824 29.4827289581299 29.4429759979248 29.4447994232178 29.4463081359863 29.4217262268066 29.4195747375488 29.3891181945801 29.4020595550537 29.4167575836182 29.423942565918
29.9051074981689 29.8726406097412 29.880350112915 29.8907032012939 29.8841361999512 29.859317779541 29.84104347229 29.8139572143555 29.7930183410645 29.7892055511475 29.730525970459 29.676570892334 29.6962585449219 29.7259140014648 29.6749114990234 29.4090461730957 29.3082065582275 29.3685665130615 29.538688659668 29.6191005706787 29.6706295013428 29.6745624542236 29.6712894439697 29.667407989502 29.6765480041504 29.6735496520996 29.6611804962158 29.6447525024414 29.6331520080566 29.6298751831055 29.5988998413086 29.5905914306641 29.5811710357666 29.5664901733398 29.5678462982178 29.572603225708 29.543384552002 29.513858795166 29.4820995330811 29.4702758789062 29.4670066833496 29.4689617156982 29.4571781158447 29.4454593658447 29.433837890625 29.4396286010742 29.4461841583252
29.8958187103271 29.8841648101807 29.8935108184814 29.9006481170654 29.8906230926514 29.8696613311768 29.8491649627686 29.8198833465576 29.8149528503418 29.8165683746338 29.7922325134277 29.7281150817871 29.7067451477051 29.7411327362061 29.7426910400391 29.5129833221436 29.3232917785645 29.3144111633301 29.460298538208 29.5619964599609 29.6515502929688 29.6811656951904 29.6868076324463 29.6707744598389 29.6667766571045 29.670337677002 29.6512012481689 29.6481456756592 29.6317977905273 29.6092548370361 29.5921115875244 29.5800342559814 29.5671710968018 29.5756206512451 29.5780620574951 29.5711345672607 29.5580787658691 29.5362873077393 29.520357131958 29.4916019439697 29.4726409912109 29.4625988006592 29.487361907959 29.494514465332 29.5054721832275 29.5052585601807 29.4995555877686
