Ecospace-environmental-drivers/Outputs/ASCII-for-ecospace/Temp-surf/Temp-surf_X1992_mo04_avg28y.asc
NCOLS 131 
NROWS 53 
XLLCORNER -98 
YLLCORNER 23.9265270233154 
CELLSIZE 0.133587792515755 
NODATA_value -9999 
[rows 21 to 41 of 53, columns 47 to 93 of 131]
22.6332837513515 22.6793548039028 22.7437494822911 22.8130944796971 22.8656948634556 22.9039759635925 22.9413727351597 22.9767978531974 23.0335365022932 23.1121753283909 23.205699307578 23.2877567155021 23.3602069446019 23.4346617971148 23.5001972743443 23.5390340941293 23.5649811199733 23.5846578053066 23.6005650247846 23.5881959370204 23.5697744914464 23.5742471558707 23.570179598672 23.55812392916 23.5746050562177 23.5876826558794 23.6095415524074 23.6206976345607 23.6156780379159 23.6160031046186 23.6352967534746 23.6517748151507 23.658137185233 23.6628146852766 23.6786529677255 23.6962449210031 23.700572013855 23.7087648255484 23.7192465918405 23.6979563576835 23.6911604063851 23.6966661725725 23.7114204679217 23.6803314345224 23.6084298406328 23.5276825768607 23.4250259399414
22.824696132115 22.8944241659982 22.9671850204468 23.0360825402396 23.0954012189593 23.1430286679949 23.1992682729449 23.2681378637041 23.3369904926845 23.3932316643851 23.4515810012817 23.5047342436654 23.5589111873082 23.6173208100455 23.6734568732125 23.7122246878488 23.7280706678118 23.7277364730835 23.7103800773621 23.6850387028285 23.6665037700108 23.6650736672538 23.6651432854789 23.6839503560747 23.7129163060869 23.7299075807844 23.7334658758981 23.7560801506042 23.7658860342843 23.7758303369795 23.8132350785392 23.8157211031233 23.8187324660165 23.8437046323504 23.8447467940194 23.8475220543998 23.8419860431126 23.8596042905535 23.8826869555882 23.8943700790405 23.9128437042236 23.9239775793893 23.9208807264056 23.8919812611171 23.8403316225324 23.7515355518886 23.6353222302028
23.0384570530483 23.1099765641349 23.1752212388175 23.2371287345886 23.2938320977347 23.3520738056728 23.424946308136 23.495368548802 23.5570201873779 23.6109089851379 23.6641086850848 23.704692704337 23.7373815264021 23.7824465887887 23.8251865250724 23.850109577179 23.8578955105373 23.8572556631906 23.8363652910505 23.8013554981777 23.7768615995135 23.7775981766837 23.788136618478 23.8061652864729 23.8261551175799 23.8474834987095 23.8777425629752 23.9106272969927 23.947452885764 23.9913197244917 24.0126899310521 24.0180180413382 24.0207903044564 24.0156989097595 24.0224826676505 24.0127380234855 24.009539944785 24.0199091093881 24.0502574103219 24.0876742090498 24.0915306636265 24.0962456294468 24.1004467691694 24.0847497667585 24.0512146268572 23.9630378314427 23.8441219329834
23.2105460166931 23.2721257209778 23.3355108669826 23.3804955482483 23.4389293534415 23.5042565890721 23.5764382226127 23.6491129057748 23.7147869382586 23.7841609546116 23.8389739309038 23.8630738939558 23.889285836901 23.9281255177089 23.9613653591701 23.9723311832973 23.9837075642177 23.9967753546579 23.9806937490191 23.9508030073983 23.9289085524423 23.9283559662955 23.935200554984 23.9482731819153 23.9735866955348 24.0141397203718 24.0545094353812 24.097307068961 24.1552829061236 24.2115611348833 24.2333769117083 24.2325387682234 24.2153494017465 24.1894452231271 24.1842682021005 24.1962037086487 24.2019410133362 24.208521434239 24.2361753327506 24.2577415875026 24.2606887136187 24.2472695623125 24.2238379887172 24.1990709986006 24.1836709976196 24.1121655191694 24.0172754015241
23.3448441369193 23.3930364336286 23.4446848460606 23.4929300035749 23.5643476077489 23.636794430869 23.7017815453666 23.772169317518 23.8331064496722 23.892767906189 23.9391323498317 23.9628146716527 23.9927709443229 24.0313711166382 24.0631786755153 24.0766135624477 24.0958773068019 24.1095804486956 24.1055538994925 24.0780867167882 24.0701213564192 24.0713444437299 24.0854731287275 24.1073042324611 24.1431002616882 24.1954990114485 24.2540516172137 24.2845337050302 24.3377885137286 24.402547291347 24.4403657232012 24.4472762516567 24.4161499568394 24.4044436046055 24.3794638769967 24.3730251448495 24.3703395298549 24.3625567981175 24.36329466956 24.3670385224479 24.3872657503401 24.3888743264335 24.3571064131601 24.3166233471462 24.2883281026568 24.2387420790536 24.1722267695836
23.4540445463998 23.4942911693028 23.5345298222133 23.5972764151437 23.6762070655823 23.7406373023987 23.7954921041216 23.8547346251351 23.9137917246137 23.9731454849243 24.0228060994829 24.0615497316633 24.1010011264256 24.1257969992501 24.1402912139893 24.1633796691895 24.178856577192 24.1969785009112 24.1925779070173 24.1833256312779 24.1979189600263 24.2061114311218 24.2209131377084 24.2526828220912 24.3016999108451 24.3376738003322 24.4096790041242 24.465301990509 24.5138626779829 24.5731485230582 24.6220358439854 24.6309794698443 24.6207376207624 24.6243094716753 24.5880432128906 24.5409767968314 24.526140826089 24.5048100607736 24.4853576251439 24.4742886679513 24.4925642694746 24.5063013349261 24.4810737882342 24.4503027370998 24.4104818616595 24.360910483769 24.301557472774
23.5314007486616 23.573666368212 23.6194765908378 23.6802513939994 23.7457407542637 23.7988061904907 23.8490738187517 23.9054669652666 23.9741614205497 24.0332691328866 24.0936636924744 24.143227985927 24.1894823483058 24.2257193156651 24.2442879676819 24.2521123886108 24.2666728837149 24.2836599349976 24.2905491420201 24.2971100125994 24.3242498125349 24.3515955380031 24.3725634983608 24.4007931436811 24.4362359728132 24.478099822998 24.5339788028172 24.6015073912484 24.6628599848066 24.7241090365819 24.7769375528608 24.7992717197963 24.8011267525809 24.8048191070557 24.7917363984244 24.7556676864624 24.716682434082 24.6821030208043 24.6465396199908 24.6298964364188 24.6238177844456 24.6246992519924 24.6060201781137 24.5648929732186 24.5014078276498 24.4527481624058 24.4081369808742
23.59682566779 23.6325162478856 23.676529952458 23.7314153398786 23.7889624323164 23.8368719645909 23.8849827902658 23.9390652520316 24.0095235279628 24.0704885891506 24.1344885826111 24.186804498945 24.2542790685381 24.3091951778957 24.3244022641863 24.3374060903277 24.3596081052508 24.3744248662676 24.41050359181 24.4251642908369 24.4452751023429 24.4713759422302 24.4967370033264 24.5166436604091 24.5597950390407 24.6142935071673 24.6566269057138 24.7227948733739 24.7925070353917 24.8588737079075 24.9225632803781 24.9569829532078 24.9626719611032 24.9587526321411 24.951959337507 24.9294874327523 24.9044749396188 24.8708664349147 24.8373569079808 24.794260093144 24.7714695249285 24.7623331887381 24.7227800233024 24.6726833752223 24.5984561783927 24.5243273462568 24.4966286931719
23.6410650525774 23.6803909029279 23.7303667068481 23.7794299125671 23.8290513583592 23.8728139059884 23.9090905189514 23.9735099247524 24.0432349613735 24.1110463823591 24.1650761876787 24.2316184043884 24.2960548400879 24.3431230953761 24.3839811597552 24.410929271153 24.4239648410252 24.4568717820304 24.5092856543405 24.5406982558114 24.545450755528 24.5873184885297 24.6205752236503 24.648836340223 24.692189012255 24.7349880082267 24.7977694783892 24.8766982214791 24.9425209590367 25.005140372685 25.0508115632193 25.0688655035836 25.0803191321237 25.106048311506 25.1321194512504 25.1427014895848 25.1214011056083 25.0853437014989 25.0532490185329 25.0143407412938 24.9723150389535 24.9423328808376 24.8721779414586 24.7832076890128 24.7144074440002 24.6464370318822 24.5954226085118
23.6780246325902 23.723153931754 23.7662087168012 23.8103394508362 23.865642275129 23.9200489861625 23.9613652229309 24.0200407845633 24.0800932475499 24.1443956920079 24.2055060522897 24.2820129394531 24.338050706046 24.3867221559797 24.4341261727469 24.4713470595224 24.5077214241028 24.551874433245 24.6066890444074 24.6505317687988 24.6771381923131 24.7095814432417 24.7423963546753 24.790506703513 24.8428389004299 24.8927926336016 24.9421217782157 25.0086938313075 25.0831019537789 25.1502184186663 25.2107509885515 25.2406806264605 25.260902268546 25.2966207095555 25.3250414303371 25.3481766155788 25.3498289925712 25.3202538490295 25.2787803922381 25.2300581932068 25.1798372949873 25.1188489368984 25.044830935342 24.9562124524798 24.876051562173 24.7914800643921 24.7107058933803
23.7199760164533 23.7654252052307 23.8141488347735 23.8548884391785 23.913364137922 23.9736106736319 24.0103310176304 24.0572846957615 24.1223722185407 24.1884807177952 24.252861227308 24.313657283783 24.3755677768162 24.4288009234837 24.4779150145394 24.5251278877258 24.5744705200195 24.6372684070042 24.7106719698225 24.769717829568 24.8102314131601 24.8377739361354 24.8728252819606 24.9345865249634 24.9925949914115 25.0360894884382 25.0789510863168 25.1511960029602 25.2465101650783 25.3310080255781 25.389728818621 25.4252321379525 25.4373108318874 25.4570125852312 25.4767714909145 25.4977494648525 25.5119194984436 25.5034343174526 25.4694019726345 25.42453956604 25.3681845664978 25.2832269668579 25.21857213974 25.141045161656 25.0359198025295 24.9440748350961 24.8339901651655
23.7492825644357 23.8036565099444 23.8622001239232 23.9125484057835 23.9628388541085 24.0052007266453 24.042485169002 24.0866530963353 24.1600668770926 24.232996395656 24.2861563818795 24.3486054284232 24.4085903167725 24.4623081343515 24.5015008790152 24.5606842041016 24.6229463985988 24.7096179553441 24.7853946004595 24.85344682421 24.8987714903695 24.9502357755389 25.0062553542001 25.074442590986 25.1066636357989 25.1456657818386 25.2162152699062 25.3129807199751 25.400799206325 25.484188079834 25.552117892674 25.582583972386 25.575330053057 25.5648422922407 25.5695717675345 25.5790328298296 25.6044860567365 25.6157826696123 25.6062248093741 25.5639020374843 25.5289545059204 25.4604405675616 25.3972735404968 25.3243206569127 25.209324496133 25.0982074737549 24.9940667833601
23.7970692089626 23.8415399960109 23.8909398487636 23.9456199237279 23.9970391818455 24.0407426697867 24.0807582310268 24.1317376409258 24.2031889642988 24.2569101878575 24.3026866231646 24.375415802002 24.4329289708819 24.4734717777797 24.521853855678 24.5965251922607 24.6734917504447 24.7531821387155 24.8459406580244 24.9263000488281 24.9935421943665 25.0716804095677 25.1460426194327 25.1940134593419 25.2255916595459 25.2633950369699 25.3521910394941 25.4561763490949 25.5593579156058 25.6440950121198 25.6763237544468 25.6853906086513 25.6541410173689 25.6413085120065 25.6436376571655 25.6456640107291 25.6643715585981 25.6848340034485 25.7022053854806 25.6831394604274 25.6401468685695 25.5878879002162 25.5475265639169 25.4743043354579 25.3675030980791 25.276282787323 25.163674218314
23.8576443535941 23.8933341843741 23.9161911691938 23.9691796983991 24.0280113220215 24.0708008493696 24.1189660344805 24.1801629066467 24.2489998000009 24.2804117202759 24.3317991665431 24.4007834706988 24.4606483323233 24.5039911270142 24.552271093641 24.6256074905396 24.7119827270508 24.7933707237244 24.9073014940534 25.0058830124991 25.0853636605399 25.1647428103856 25.239013671875 25.2883942467826 25.3312570026943 25.4054692813328 25.5026650428772 25.5944656644549 25.6978327206203 25.7684428351266 25.7734538487026 25.7626053265163 25.7313432693481 25.7110105242048 25.7071965081351 25.704124382564 25.7190818105425 25.7525658607483 25.7913522720337 25.7883707455226 25.7451890536717 25.6955081394741 25.6523233141218 25.6000510624477 25.5245065007891 25.4257702146258 25.3078415734427
23.8976738112313 23.9340984480722 23.9551054409572 23.9908659798758 24.0416590826852 24.0960505349295 24.1587606838771 24.2128872871399 24.253838130406 24.2962560653687 24.3467707633972 24.4161614690508 24.4829839978899 24.5387693132673 24.5883718218122 24.6521690232413 24.7368790081569 24.8270377431597 24.9341530799866 25.0387140682765 25.1158907754081 25.2020331110273 25.2970549719674 25.3769540105547 25.4562467166356 25.563116141728 25.6471031052726 25.7377722603934 25.8181980678013 25.8540979794094 25.8670434951782 25.8376863343375 25.8074049949646 25.7933948380607 25.7867209570748 25.7825800350734 25.7982331684657 25.8435208456857 25.8979374340602 25.9095885413034 25.8804513386318 25.8301619802203 25.7763321740287 25.7314154079982 25.6567033358983 25.5576257024493 25.4518280710493
23.9371521132333 23.9593561717442 23.9852974755423 24.0160011563982 24.0592137745449 24.1210465431213 24.1828976358686 24.2292073113578 24.2607135091509 24.2948763029916 24.3413545063564 24.3982545307704 24.4662231717791 24.5418526785714 24.6099542890276 24.683094569615 24.7701544761658 24.8600562640599 24.9510581833976 25.0445030757359 25.1337073189872 25.2479932648795 25.3678734643119 25.4715480123247 25.5558816364833 25.662729535784 25.7424782344273 25.8432250704084 25.8872676576887 25.9045198304313 25.9066074916295 25.8868300574166 25.8653796740941 25.8637999125889 25.8693382399423 25.8922257423401 25.9187689508711 25.9509817532131 25.9863681793213 26.0053658485413 25.9870889527457 25.9599898883275 25.895418712071 25.833913394383 25.7691012110029 25.6878933225359 25.5938734327044
23.9945917129517 24.004787513188 24.0230385916574 24.0494691303798 24.0843582834516 24.1461203438895 24.2012816837856 24.2496562685285 24.2848460333688 24.3150608880179 24.3555571011135 24.406005518777 24.4574781826564 24.5247269357954 24.6067251477923 24.6902463095529 24.7775912966047 24.8670405660357 24.9561033930097 25.0496674946376 25.1602826799665 25.2922445705959 25.4285912513733 25.5237035070147 25.6204398018973 25.72623865945 25.8134997912816 25.8795602662223 25.9140050070626 25.9295021465846 25.9412394932338 25.9373568126134 25.9283971105303 25.9320686204093 25.9521025930132 25.9853701591492 26.0138367244176 26.0404485974993 26.0625277927944 26.0755616596767 26.0797296932765 26.0593299865723 26.0071126392909 25.9397130693708 25.8737755502973 25.8065845625741 25.7337625367301
24.056460925511 24.079692363739 24.0972493716649 24.1014128412519 24.1210619381496 24.1639492852347 24.2209438596453 24.2678036689758 24.3069590841021 24.3492436408997 24.392830984933 24.4366754804339 24.4866983549935 24.5430251530239 24.5996552194868 24.6840080533709 24.7736078671047 24.8594422340393 24.9466273444039 25.0471473421369 25.1701079777309 25.3073398726327 25.440459047045 25.5551802771432 25.6565346036639 25.7688695362636 25.864045211247 25.9200905391148 25.9476305416652 25.9615477153233 25.9664197649275 25.9816271236965 25.9843683242798 25.9887310436794 26.0157564708165 26.0470938682556 26.0743691580636 26.0993407113212 26.1151513372149 26.1380705833435 26.1474180902754 26.1402247973851 26.1118253299168 26.051403931209 25.9836431912013 25.9184673173087 25.85154403959
24.1067655427115 24.1389871324812 24.1621633257185 24.1676914351327 24.1760543414525 24.1987647329058 24.2444460732596 24.2899718965803 24.334082535335 24.37916633061 24.430052961622 24.4746275629316 24.5105511120387 24.5598418372018 24.6018697193691 24.6632392747062 24.7484724181039 24.8412299156189 24.9245636803763 25.0323057174683 25.1720173699515 25.3052896090916 25.4499106407166 25.5736799240112 25.6965380396162 25.8201953342983 25.9143708092826 25.966176714216 25.9992668969291 26.0087197848729 26.0283094814845 26.0461433955601 26.0483194759914 26.050897870745 26.0820676939828 26.1149842398507 26.1436225346157 26.1609982763018 26.1690653392247 26.186493737357 26.2029776573181 26.2126967566354 26.1937407084874 26.1522410937718 26.0900574411665 26.0366640772138 25.9611302103315
24.1673739978245 24.1888326917376 24.2107573917934 24.224032333919 24.2451404844012 24.2580946513585 24.2868814468384 24.3194798060826 24.3598819460188 24.4025555338178 24.4478964124407 24.5023521695818 24.5392415864127 24.5810109547206 24.6168833460127 24.6614089693342 24.7429779597691 24.8329792703901 24.910265990666 25.0215741566249 25.1743938582284 25.3094137736729 25.4549816676549 25.5862515313285 25.724433353969 25.8443121910095 25.9402832984924 26.005239214216 26.0396524156843 26.06009047372 26.0894883019584 26.1079107012068 26.1197413716997 26.1368783542088 26.1695941516331 26.1879251343863 26.2004230363028 26.202663898468 26.2098934309823 26.2304622786386 26.2500380788531 26.2607300622123 26.254222869873 26.2195677757263 26.176639693124 26.1245624678476 26.047187260219
24.2212433133807 24.2451570374625 24.2696022987366 24.2865770203727 24.3043846402849 24.3199208123343 24.3407870701381 24.3681324550084 24.4067935943604 24.4461312294006 24.4785922595433 24.5274955885751 24.5720817702157 24.6050835336958 24.6422380719866 24.6877999986921 24.7530843189784 24.8326769556318 24.893378666469 25.0057080132621 25.1518045152937 25.2986525808062 25.4562332970755 25.5986535208566 25.7421802112034 25.8713894571577 25.9831577709743 26.064225264958 26.0964612279619 26.1180902889797 26.1363545145307 26.1566301073347 26.1761892182486 26.2135041100638 26.2406928198678 26.2470541681562 26.253766809191 26.2539131981986 26.2661097390311 26.2852147647313 26.2927863938468 26.2986105510167 26.2954136984689 26.2707067217146 26.2339019775391 26.1889422280448 26.1179377692086
