Ecospace-environmental-drivers/Outputs/ASCII-for-ecospace/Temp-surf/Temp-surf_X2010.05.asc
NCOLS 131 
NROWS 53 
XLLCORNER -98 
YLLCORNER 23.9265270233154 
CELLSIZE 0.133587792515755 
NODATA_value -3.4e+38 
[rows 21 to 41 of 53, columns 0 to 46 of 131]
-3.4e+38 -3.4e+38 -3.4e+38 -3.4e+38 -3.4e+38 -3.4e+38 27.0283756256104 27.0836582183838 26.9095077514648 27.2021999359131 26.4961051940918 25.9834499359131 25.7789783477783 25.6876182556152 25.6148948669434 25.5635204315186 25.5185661315918 25.5463047027588 25.5708198547363 25.6259765625 25.5635757446289 25.5575904846191 25.4938163757324 25.4185123443604 25.4077529907227 25.3815517425537 25.3242721557617 25.2647342681885 25.2467823028564 25.2433395385742 25.2416954040527 25.239387512207 25.2477283477783 25.2809467315674 25.3435249328613 25.4196910858154 25.4896678924561 25.527193069458 25.5690479278564 25.6348819732666 25.6867771148682 25.7275581359863 25.7657833099365 25.807373046875 25.8507423400879 25.8872032165527 25.921573638916
-3.4e+38 -3.4e+38 -3.4e+38 -3.4e+38 -3.4e+38 -3.4e+38 27.1345329284668 26.8669338226318 27.0836582183838 26.4426670074463 25.9111366271973 25.6867713928223 25.5867557525635 25.5488929748535 25.5265007019043 25.5684852600098 25.4794254302979 25.3978271484375 25.4279651641846 25.4687423706055 25.5110492706299 25.5345916748047 25.539041519165 25.529052734375 25.5154304504395 25.4520244598389 25.3522872924805 25.318302154541 25.3191814422607 25.3398056030273 25.3452625274658 25.3720302581787 25.4151229858398 25.4135360717773 25.4512710571289 25.5191612243652 25.5804882049561 25.6322498321533 25.6945533752441 25.739818572998 25.7465209960938 25.7493171691895 25.7626113891602 25.8010063171387 25.8379917144775 25.8634414672852 25.8803691864014
-3.4e+38 -3.4e+38 -3.4e+38 -3.4e+38 27.3172988891602 27.2551078796387 26.9736652374268 27.1345329284668 26.3826122283936 25.8387603759766 25.6496772766113 25.6088314056396 25.5552406311035 25.5698719024658 25.5163421630859 25.4759140014648 25.4342746734619 25.4673900604248 25.5765399932861 25.6461544036865 25.675407409668 25.6883296966553 25.7223033905029 25.7629165649414 25.7675838470459 25.7144527435303 25.6296501159668 25.536096572876 25.503173828125 25.4916152954102 25.5110912322998 25.5505428314209 25.5675811767578 25.5479488372803 25.5931968688965 25.6349048614502 25.6716251373291 25.7058925628662 25.7429885864258 25.7631378173828 25.7485427856445 25.7569198608398 25.7897472381592 25.8243064880371 25.8213024139404 25.8578834533691 25.8954200744629
-3.4e+38 -3.4e+38 -3.4e+38 -3.4e+38 27.4798393249512 27.2169494628906 27.2551078796387 26.5313529968262 25.863697052002 25.6071529388428 25.5757312774658 25.5789966583252 25.4484081268311 25.5151767730713 25.6166458129883 25.6009140014648 25.7176475524902 25.7795791625977 25.8093547821045 25.836971282959 25.829080581665 25.8044147491455 25.7754249572754 25.7371444702148 25.7279758453369 25.744161605835 25.7106132507324 25.6541805267334 25.645637512207 25.6218338012695 25.6516647338867 25.6848735809326 25.6648025512695 25.6205005645752 25.6500720977783 25.6903018951416 25.7156791687012 25.7398166656494 25.7944087982178 25.7995548248291 25.7942562103271 25.809700012207 25.8113136291504 25.8227424621582 25.8692989349365 25.9287567138672 25.9555721282959
-3.4e+38 -3.4e+38 -3.4e+38 -3.4e+38 -3.4e+38 27.4798393249512 26.9158992767334 26.008373260498 25.5872707366943 25.5463981628418 25.5494251251221 25.6029396057129 25.6038284301758 25.7680644989014 25.8021240234375 25.8118553161621 25.8373508453369 25.8389778137207 25.8456382751465 25.8487968444824 25.8427467346191 25.8281173706055 25.8292865753174 25.8256759643555 25.7829837799072 25.754451751709 25.6767044067383 25.6413097381592 25.6840000152588 25.7533493041992 25.7814979553223 25.77712059021 25.7329292297363 25.6998138427734 25.7364253997803 25.7542476654053 25.7671146392822 25.7928237915039 25.8389530181885 25.8316211700439 25.8391304016113 25.8260440826416 25.8139514923096 25.8627948760986 25.9432373046875 25.9855327606201 26.018533706665
-3.4e+38 -3.4e+38 -3.4e+38 -3.4e+38 -3.4e+38 27.3935947418213 26.3270092010498 25.6025390625 25.5057277679443 25.497896194458 25.5506343841553 25.6881732940674 25.8379821777344 25.8414878845215 25.8258209228516 25.8514766693115 25.8269138336182 25.830904006958 25.8197460174561 25.8010196685791 25.7730865478516 25.7902545928955 25.7875900268555 25.8001232147217 25.8254680633545 25.8202114105225 25.719295501709 25.6988277435303 25.7695007324219 25.8099231719971 25.8131866455078 25.7782974243164 25.7590179443359 25.7768287658691 25.7916831970215 25.8087329864502 25.8137664794922 25.8635540008545 25.8717746734619 25.8416576385498 25.8222827911377 25.8395805358887 25.8955345153809 25.951602935791 25.9937591552734 26.0203266143799 26.0390701293945
-3.4e+38 -3.4e+38 28.744945526123 28.5907440185547 27.6359939575195 26.9965267181396 25.7755508422852 25.4697322845459 25.5148105621338 25.5157222747803 25.7130031585693 25.8502330780029 25.8671913146973 25.8250064849854 25.8407974243164 25.8512306213379 25.8376293182373 25.8228530883789 25.7861480712891 25.7875843048096 25.8008918762207 25.8056049346924 25.7907199859619 25.7943649291992 25.8120422363281 25.847677230835 25.7626876831055 25.7840270996094 25.7861518859863 25.8055801391602 25.7867946624756 25.7683048248291 25.7760829925537 25.7852191925049 25.8088836669922 25.8504333496094 25.9016437530518 25.920223236084 25.8975963592529 25.8889064788818 25.9061832427979 25.9441070556641 25.9761543273926 26.0099658966064 26.0394420623779 26.0582981109619 26.0789012908936
-339999999999999996128486808808066248288.000000000000000 -3.4e+38 -3.4e+38 -3.4e+38 28.436544418335 26.6083545684814 25.4501190185547 25.461893081665 25.5171775817871 25.5596656799316 25.783540725708 25.861722946167 25.8293190002441 25.8202095031738 25.8474750518799 25.8567962646484 25.8378829956055 25.7790298461914 25.7659549713135 25.785608291626 25.7596626281738 25.7440700531006 25.7771034240723 25.8006210327148 25.8083095550537 25.839937210083 25.793966293335 25.8167552947998 25.7878723144531 25.7901496887207 25.7566986083984 25.7562923431396 25.7460536956787 25.7573680877686 25.7890129089355 25.8442363739014 25.8876686096191 25.9028511047363 25.9406986236572 25.9863910675049 26.0250663757324 26.0460071563721 26.0588493347168 26.0754623413086 26.0919208526611 26.0923233032227 26.0821342468262
-3.4e+38 -3.4e+38 -3.4e+38 -3.4e+38 28.1131381988525 26.1476764678955 25.348295211792 25.4644432067871 25.5400352478027 25.5983753204346 25.7686080932617 25.8380146026611 25.8396377563477 25.8539123535156 25.8792419433594 25.8729362487793 25.795238494873 25.7558193206787 25.7659797668457 25.7653541564941 25.7312984466553 25.7302780151367 25.7526683807373 25.7920112609863 25.8200092315674 25.8409118652344 25.8162498474121 25.827184677124 25.7976169586182 25.7659015655518 25.7347183227539 25.721378326416 25.7138366699219 25.7399291992188 25.8068656921387 25.8578338623047 25.8895435333252 25.9282894134521 25.9821472167969 26.0200881958008 26.0443420410156 26.068883895874 26.0882415771484 26.1052799224854 26.1240406036377 26.1465587615967 26.1433773040771
-3.4e+38 -3.4e+38 -3.4e+38 -3.4e+38 27.9514923095703 26.0649852752686 25.2441864013672 25.4128017425537 25.563346862793 25.6094703674316 25.7319869995117 25.8347396850586 25.8584308624268 25.8943691253662 25.9070453643799 25.8830623626709 25.814208984375 25.7660045623779 25.7798271179199 25.7615547180176 25.736120223999 25.7320938110352 25.7455921173096 25.7900505065918 25.8249092102051 25.8315258026123 25.8356018066406 25.8157596588135 25.7862873077393 25.7381896972656 25.7171859741211 25.726261138916 25.7303848266602 25.7596473693848 25.8033428192139 25.8344497680664 25.884220123291 25.92799949646 25.9708938598633 25.9986572265625 26.0195751190186 26.056282043457 26.0884475708008 26.1246070861816 26.1594047546387 26.1955642700195 26.2039623260498
-3.4e+38 -3.4e+38 -3.4e+38 -3.4e+38 28.8784294128418 26.4984321594238 25.216381072998 25.3950576782227 25.5621795654297 25.6206512451172 25.7244091033936 25.8428745269775 25.8646373748779 25.914722442627 25.9333438873291 25.8964786529541 25.8680782318115 25.7959747314453 25.7902660369873 25.7828311920166 25.7608642578125 25.7599143981934 25.7619037628174 25.7969360351562 25.8467769622803 25.8383102416992 25.826452255249 25.792350769043 25.7759628295898 25.7335910797119 25.7283878326416 25.7551670074463 25.7891826629639 25.8223857879639 25.8786354064941 25.9501056671143 25.9937114715576 26.0330944061279 26.0745067596436 26.1055526733398 26.1250095367432 26.1511058807373 26.1755752563477 26.198881149292 26.2174701690674 26.2440929412842 26.2628879547119
-3.4e+38 -3.4e+38 -3.4e+38 -3.4e+38 28.8751544952393 26.8962154388428 25.3434410095215 25.3522167205811 25.6087665557861 25.6460609436035 25.7044544219971 25.8055114746094 25.8637294769287 25.9289417266846 25.9760322570801 25.9335079193115 25.9172267913818 25.8621730804443 25.8114757537842 25.7992706298828 25.7817974090576 25.7910995483398 25.7833080291748 25.8228206634521 25.8495540618896 25.8325519561768 25.7937049865723 25.7904796600342 25.781888961792 25.7819232940674 25.8080806732178 25.8811531066895 25.9458065032959 25.9893779754639 26.0155124664307 26.0385246276855 26.0642108917236 26.0894012451172 26.1147155761719 26.1543731689453 26.1885776519775 26.2290458679199 26.2540645599365 26.2571353912354 26.2542324066162 26.2656364440918 26.2904243469238
-3.4e+38 -3.4e+38 -3.4e+38 -3.4e+38 28.8588943481445 27.4975605010986 25.8752460479736 25.2704772949219 25.5788707733154 25.6576766967773 25.6754112243652 25.7674617767334 25.8659515380859 25.9293956756592 25.9992752075195 25.9846649169922 25.9704437255859 25.9428291320801 25.861665725708 25.7987976074219 25.79345703125 25.8009185791016 25.8139400482178 25.8424129486084 25.8366870880127 25.8024291992188 25.7959327697754 25.8201923370361 25.8341541290283 25.8325119018555 25.851936340332 25.9090671539307 25.9436588287354 25.9605293273926 25.9733848571777 26.0124397277832 26.0583114624023 26.0954265594482 26.1307277679443 26.1740093231201 26.1908264160156 26.2181186676025 26.2353992462158 26.2608032226562 26.2651748657227 26.2794723510742 26.2926902770996
-3.4e+38 -3.4e+38 -3.4e+38 -3.4e+38 -3.4e+38 27.1911315917969 26.3918991088867 25.2884712219238 25.5484676361084 25.6895771026611 25.690408706665 25.7524757385254 25.8520927429199 25.9070663452148 25.9708881378174 25.9962310791016 25.9901847839355 26.0130081176758 25.9687767028809 25.8741474151611 25.8008918762207 25.8212814331055 25.8444423675537 25.8357582092285 25.8110198974609 25.8053150177002 25.8286628723145 25.8444385528564 25.8299674987793 25.8150749206543 25.8323535919189 25.8782272338867 25.8964595794678 25.9110336303711 25.9503746032715 26.0183162689209 26.0627918243408 26.1091480255127 26.1528816223145 26.1837902069092 26.2119827270508 26.2552318572998 26.2861099243164 26.3126583099365 26.3187236785889 26.3124313354492 26.3258514404297
-3.4e+38 -3.4e+38 -3.4e+38 -3.4e+38 -3.4e+38 29.2099227905273 26.7600021362305 25.3394718170166 25.5378246307373 25.7408828735352 25.7239074707031 25.7555370330811 25.8062419891357 25.9071769714355 25.9539642333984 25.9690341949463 25.9579238891602 26.0252265930176 26.0719814300537 25.9880294799805 25.8703937530518 25.8060436248779 25.8158760070801 25.8051261901855 25.808012008667 25.8125324249268 25.824499130249 25.8210926055908 25.7859973907471 25.75830078125 25.7938404083252 25.8438186645508 25.8691558837891 25.9000186920166 25.9567718505859 26.0407218933105 26.0889892578125 26.1316070556641 26.162935256958 26.2091522216797 26.2500343322754 26.2935237884521 26.3286247253418 26.3559551239014 26.3645439147949 26.3790721893311 26.3812503814697
-3.4e+38 -3.4e+38 -3.4e+38 -3.4e+38 -3.4e+38 29.3255996704102 27.0955963134766 25.3903560638428 25.4451560974121 25.7582302093506 25.7275867462158 25.7378787994385 25.817907333374 25.9015998840332 25.9674949645996 25.979959487915 26.000072479248 26.0504035949707 26.103343963623 26.1001892089844 26.060338973999 25.922025680542 25.811450958252 25.7822284698486 25.8061275482178 25.8198547363281 25.8094329833984 25.7966556549072 25.7670917510986 25.7339706420898 25.791332244873 25.8439350128174 25.882080078125 25.9384117126465 25.9915237426758 26.0671844482422 26.109375 26.1223392486572 26.1780128479004 26.2311191558838 26.2796688079834 26.3346347808838 26.387134552002 26.4066562652588 26.4074745178223 26.3915348052979 26.3802585601807
-3.4e+38 -3.4e+38 -3.4e+38 -3.4e+38 -3.4e+38 -3.4e+38 27.3885593414307 25.4186096191406 25.4851036071777 25.7704372406006 25.6979141235352 25.7112846374512 25.7880630493164 25.8954982757568 25.9842281341553 26.0463352203369 26.0926704406738 26.1628837585449 26.2012729644775 26.2152576446533 26.2197036743164 26.1914291381836 26.047191619873 25.895845413208 25.7910404205322 25.7951507568359 25.8102531433105 25.8041801452637 25.7841701507568 25.749340057373 25.8015823364258 25.8451709747314 25.906644821167 25.9852714538574 26.0313968658447 26.0592079162598 26.0844974517822 26.1253643035889 26.213508605957 26.2584419250488 26.3379859924316 26.4171314239502 26.4384536743164 26.4208202362061 26.4060611724854 26.3907451629639 26.3610095977783
-3.4e+38 -3.4e+38 -3.4e+38 -3.4e+38 -3.4e+38 -3.4e+38 27.4935359954834 25.485933303833 25.6920909881592 25.7478141784668 25.6924057006836 25.68674659729 25.7781047821045 25.916467666626 25.9985332489014 26.1185874938965 26.205020904541 26.2637138366699 26.2626571655273 26.2907829284668 26.2971477508545 26.3223686218262 26.3121910095215 26.2155342102051 26.0306606292725 25.8483104705811 25.7948570251465 25.7906627655029 25.800874710083 25.7814712524414 25.8148593902588 25.8666362762451 25.920093536377 25.9839420318604 26.0216236114502 26.0332450866699 26.0912895202637 26.113130569458 26.2489318847656 26.3387069702148 26.4454193115234 26.4695243835449 26.5007476806641 26.4820442199707 26.4634094238281 26.422191619873 26.3548183441162
-3.4e+38 -3.4e+38 -3.4e+38 -3.4e+38 -3.4e+38 -3.4e+38 27.5227317810059 25.6914558410645 25.8574504852295 25.7659950256348 25.7799263000488 25.8352508544922 25.8860301971436 26.017183303833 26.1491298675537 26.2315940856934 26.255542755127 26.2702312469482 26.3037185668945 26.3395347595215 26.3648242950439 26.3774471282959 26.375846862793 26.3469161987305 26.2818622589111 26.1517086029053 25.9683856964111 25.8695983886719 25.822925567627 25.7947654724121 25.8264751434326 25.8853302001953 25.9455108642578 25.9689655303955 25.9993343353271 26.0358276367188 26.0930309295654 26.1904773712158 26.3069934844971 26.3933734893799 26.4549980163574 26.4991340637207 26.5176753997803 26.5180187225342 26.5200500488281 26.4887180328369 26.4163150787354
-3.4e+38 -3.4e+38 -3.4e+38 -3.4e+38 -3.4e+38 28.7187557220459 26.5898342132568 25.8410968780518 25.8821258544922 25.8387279510498 25.9362487792969 25.9946517944336 26.1573963165283 26.2794132232666 26.3384742736816 26.3734359741211 26.3877811431885 26.4058856964111 26.4151153564453 26.4106521606445 26.3973236083984 26.3932857513428 26.3943023681641 26.3869819641113 26.374979019165 26.3423519134521 26.2253875732422 26.0714912414551 25.9728527069092 25.8892612457275 25.843677520752 25.8579330444336 25.9113616943359 25.9547653198242 26.0008640289307 26.0376625061035 26.1156120300293 26.2586917877197 26.3235549926758 26.4067935943604 26.4576225280762 26.5190563201904 26.5009078979492 26.4909782409668 26.4881000518799 26.4957218170166 26.4767646789551
-3.4e+38 -3.4e+38 -3.4e+38 -3.4e+38 28.385835647583 28.2148151397705 25.7507762908936 25.910717010498 25.9372978210449 25.9760570526123 26.0765953063965 26.2320098876953 26.4253940582275 26.4763317108154 26.4834518432617 26.4436588287354 26.4131927490234 26.393497467041 26.4130783081055 26.3740539550781 26.3482456207275 26.3455543518066 26.3501491546631 26.3636665344238 26.3799476623535 26.3960666656494 26.3932476043701 26.319881439209 26.1794204711914 26.0664825439453 25.997350692749 25.9201011657715 25.8994426727295 25.9350471496582 25.9853687286377 26.0480480194092 26.1728057861328 26.2615375518799 26.3337574005127 26.4136867523193 26.472620010376 26.510986328125 26.4809627532959 26.4941444396973 26.4650115966797 26.4609031677246 26.46706199646
