Ecospace-environmental-drivers/Outputs/ASCII-for-ecospace/Temp-surf/Temp-surf_X2008.10.asc
NCOLS 131 
NROWS 53 
XLLCORNER -98 
YLLCORNER 23.9265270233154 
CELLSIZE 0.133587792515755 
NODATA_value -3.4e+38 
[rows 0 to 20 of 53, columns 47 to 93 of 131]
-3.4e+38 -3.4e+38 -3.4e+38 -3.4e+38 -3.4e+38 -3.4e+38 -3.4e+38 -3.4e+38 -3.4e+38 -3.4e+38 -3.4e+38 -3.4e+38 -3.4e+38 -3.4e+38 -3.4e+38 -3.4e+38 -3.4e+38 -3.4e+38 -3.4e+38 -3.4e+38 -3.4e+38 -3.4e+38 -3.4e+38 -3.4e+38 -3.4e+38 -3.4e+38 -3.4e+38 -3.4e+38 -3.4e+38 -3.4e+38 -3.4e+38 -3.4e+38 -3.4e+38 -3.4e+38 -3.4e+38 -3.4e+38 -3.4e+38 -3.4e+38 -3.4e+38 -3.4e+38 -3.4e+38 -3.4e+38 -3.4e+38 -3.4e+38 -3.4e+38 -3.4e+38 -3.4e+38
-3.4e+38 -3.4e+38 -3.4e+38 -3.4e+38 -3.4e+38 -3.4e+38 -3.4e+38 -3.4e+38 -3.4e+38 -3.4e+38 -3.4e+38 -3.4e+38 -3.4e+38 -3.4e+38 -3.4e+38 -3.4e+38 -3.4e+38 -3.4e+38 -3.4e+38 -3.4e+38 -3.4e+38 -3.4e+38 -3.4e+38 -3.4e+38 -3.4e+38 -3.4e+38 -3.4e+38 -3.4e+38 -3.4e+38 -3.4e+38 -3.4e+38 -3.4e+38 -3.4e+38 -3.4e+38 -3.4e+38 -3.4e+38 -3.4e+38 -3.4e+38 -3.4e+38 -3.4e+38 -3.4e+38 -3.4e+38 -3.4e+38 -3.4e+38 -3.4e+38 -3.4e+38 -3.4e+38
-3.4e+38 -3.4e+38 -3.4e+38 -3.4e+38 -3.4e+38 -3.4e+38 -3.4e+38 -3.4e+38 -3.4e+38 -3.4e+38 -3.4e+38 -3.4e+38 -3.4e+38 -3.4e+38 -3.4e+38 -3.4e+38 -3.4e+38 -3.4e+38 -3.4e+38 -3.4e+38 -3.4e+38 -3.4e+38 -3.4e+38 -3.4e+38 -3.4e+38 -3.4e+38 -3.4e+38 23.8232479095459 23.8509521484375 -3.4e+38 -3.4e+38 -3.4e+38 -3.4e+38 -3.4e+38 -3.4e+38 -3.4e+38 -3.4e+38 -3.4e+38 -3.4e+38 -3.4e+38 -3.4e+38 -3.4e+38 -3.4e+38 -3.4e+38 -3.4e+38 -3.4e+38 -3.4e+38
-3.4e+38 -3.4e+38 -3.4e+38 -3.4e+38 -3.4e+38 -3.4e+38 -3.4e+38 -3.4e+38 -3.4e+38 -3.4e+38 -3.4e+38 -3.4e+38 -3.4e+38 -3.4e+38 -3.4e+38 -3.4e+38 -3.4e+38 -3.4e+38 -3.4e+38 -3.4e+38 -3.4e+38 -3.4e+38 -3.4e+38 -3.4e+38 -3.4e+38 -3.4e+38 -3.4e+38 23.7973937988281 23.8503227233887 -3.4e+38 -3.4e+38 -3.4e+38 -3.4e+38 -3.4e+38 -3.4e+38 -3.4e+38 -3.4e+38 -3.4e+38 -3.4e+38 -3.4e+38 -3.4e+38 -3.4e+38 -3.4e+38 -3.4e+38 -3.4e+38 -3.4e+38 -3.4e+38
-3.4e+38 -3.4e+38 -3.4e+38 -3.4e+38 -3.4e+38 -3.4e+38 -3.4e+38 -3.4e+38 -3.4e+38 24.3233375549316 24.3233375549316 24.3248023986816 24.3378582000732 -3.4e+38 -3.4e+38 -3.4e+38 -3.4e+38 -3.4e+38 24.1401481628418 24.0903205871582 24.029333114624 24.0016288757324 24.0197639465332 24.0930824279785 24.0934906005859 23.9680461883545 23.8363704681396 23.7552604675293 23.9649868011475 24.2015075683594 -3.4e+38 -3.4e+38 25.1317176818848 25.2376899719238 25.0992279052734 25.3551616668701 25.4881896972656 25.3873958587646 25.3554019927979 25.5831356048584 25.5429077148438 25.5720634460449 -3.4e+38 -3.4e+38 -3.4e+38 -3.4e+38 -3.4e+38
-3.4e+38 -3.4e+38 -3.4e+38 -3.4e+38 -3.4e+38 -3.4e+38 -3.4e+38 -3.4e+38 24.3233375549316 24.3233375549316 24.3233375549316 24.3233375549316 24.3262691497803 24.3412818908691 24.3605461120605 -3.4e+38 24.2852516174316 24.2118072509766 24.1365089416504 24.121955871582 24.1310787200928 24.1624488830566 24.0294342041016 24.098424911499 24.0829658508301 24.0911159515381 24.036714553833 24.0090579986572 24.255973815918 24.2698459625244 24.8489189147949 24.988395690918 25.1284275054932 25.2783298492432 25.4447727203369 25.611629486084 25.7321033477783 25.7791194915771 25.7740612030029 25.7572040557861 25.7063217163086 25.595178604126 25.44384765625 25.3833236694336 -3.4e+38 -3.4e+38 -3.4e+38
-3.4e+38 -3.4e+38 -3.4e+38 -3.4e+38 -3.4e+38 -3.4e+38 -3.4e+38 -3.4e+38 24.3340396881104 24.3233375549316 24.3233375549316 24.3233375549316 24.3233375549316 24.3292007446289 24.3520431518555 24.3605461120605 24.3098430633545 24.2588138580322 24.1856422424316 24.1458892822266 24.2702541351318 24.4687118530273 24.6930122375488 24.8501873016357 24.8752765655518 24.9269599914551 24.9719543457031 24.8558216094971 24.9094161987305 25.0022869110107 25.1838493347168 25.4195232391357 25.5851955413818 25.7223148345947 25.8883743286133 26.0024929046631 26.0905818939209 26.0983428955078 26.0261192321777 25.9803409576416 25.9511566162109 25.9126472473145 25.7698192596436 25.5025901794434 25.2575340270996 25.1697387695312 -3.4e+38
-3.4e+38 -3.4e+38 -3.4e+38 -3.4e+38 -3.4e+38 -3.4e+38 -3.4e+38 -3.4e+38 -3.4e+38 -3.4e+38 24.3233375549316 24.3233375549316 24.3233375549316 -3.4e+38 24.3350620269775 24.3892288208008 24.4051094055176 24.3864707946777 24.2867240905762 24.2665786743164 24.3447399139404 24.5105247497559 24.9154777526855 25.3404445648193 25.5512638092041 25.6138820648193 25.5968780517578 25.5014381408691 25.4620151519775 25.5259571075439 25.6858444213867 25.8530654907227 25.944450378418 26.0657730102539 26.2385368347168 26.3416156768799 26.3609771728516 26.3566646575928 26.3144683837891 26.1568222045898 26.083532333374 26.0344295501709 25.9769477844238 25.8577861785889 25.5691452026367 25.1333713531494 24.718900680542
-3.4e+38 -3.4e+38 -3.4e+38 -3.4e+38 -3.4e+38 -3.4e+38 -3.4e+38 -3.4e+38 -3.4e+38 -3.4e+38 -3.4e+38 -3.4e+38 -3.4e+38 -3.4e+38 24.340425491333 24.4442672729492 24.4564323425293 24.4375228881836 24.3994998931885 24.3851318359375 24.38205909729 24.5129165649414 25.1044006347656 25.5854740142822 25.8735904693604 25.98850440979 25.9956016540527 25.9582672119141 25.9363250732422 25.9768695831299 26.0906028747559 26.1714115142822 26.2093963623047 26.3430938720703 26.4476299285889 26.4247131347656 26.3999805450439 26.4133567810059 26.4331760406494 26.3201770782471 26.2174263000488 26.144947052002 26.0811424255371 26.0023880004883 25.8453578948975 25.5161266326904 24.9715957641602
24.2976188659668 -3.4e+38 -3.4e+38 -3.4e+38 -3.4e+38 -3.4e+38 -3.4e+38 -3.4e+38 -3.4e+38 -3.4e+38 24.6756038665771 24.6123142242432 -3.4e+38 -3.4e+38 -3.4e+38 24.5029850006104 24.5776901245117 24.5547351837158 24.4663028717041 24.4383182525635 24.3858375549316 24.6700019836426 25.3157253265381 25.7351112365723 26.0547275543213 26.1878471374512 26.2148494720459 26.2195892333984 26.2304821014404 26.258056640625 26.2969436645508 26.3322257995605 26.3757953643799 26.5024318695068 26.5339736938477 26.4574527740479 26.4246215820312 26.4208850860596 26.4398174285889 26.3846607208252 26.315372467041 26.1949157714844 26.1685085296631 26.1159629821777 25.9946899414062 25.6892433166504 25.2177219390869
24.2813549041748 24.2076797485352 -3.4e+38 -3.4e+38 -3.4e+38 -3.4e+38 -3.4e+38 -3.4e+38 -3.4e+38 -3.4e+38 24.7930240631104 24.84787940979 24.9012908935547 -3.4e+38 -3.4e+38 24.5513916015625 24.601146697998 24.6246757507324 24.5344982147217 24.462272644043 24.4683265686035 25.0430488586426 25.4991321563721 25.9773616790771 26.2406730651855 26.3234214782715 26.3460426330566 26.3582229614258 26.3876457214355 26.41432762146 26.4211921691895 26.4674453735352 26.5180931091309 26.5903606414795 26.6060924530029 26.5565299987793 26.4593238830566 26.4100952148438 26.3930587768555 26.4075183868408 26.3936061859131 26.3112297058105 26.2631397247314 26.2297916412354 26.1070823669434 25.858715057373 25.4545669555664
24.2951488494873 24.2977046966553 24.5019779205322 24.6482543945312 -3.4e+38 -3.4e+38 -3.4e+38 -3.4e+38 -3.4e+38 -3.4e+38 -3.4e+38 24.8094253540039 24.9061374664307 24.9012908935547 24.8700714111328 24.755786895752 24.7567119598389 24.6348876953125 24.5811958312988 24.5239315032959 25.0249614715576 25.57448387146 26.0100708007812 26.2609615325928 26.3360633850098 26.3505878448486 26.3815975189209 26.4204654693604 26.4509525299072 26.4689807891846 26.5032024383545 26.5539989471436 26.6058464050293 26.6236038208008 26.6207027435303 26.6129360198975 26.5964622497559 26.5057010650635 26.4333896636963 26.4313430786133 26.4796543121338 26.5031967163086 26.4273300170898 26.3225116729736 26.22239112854 26.0121746063232 25.7580833435059
24.6175727844238 24.5566024780273 24.666036605835 24.7767505645752 -3.4e+38 -3.4e+38 -3.4e+38 -3.4e+38 24.8355922698975 24.8339004516602 24.7154369354248 24.7784214019775 24.9034118652344 24.9137077331543 25.1138973236084 25.2128925323486 25.0343055725098 24.8237838745117 24.8735733032227 24.8854904174805 25.4044055938721 26.0657615661621 26.2816982269287 26.3485412597656 26.3817157745361 26.4089488983154 26.4309883117676 26.4537715911865 26.4784202575684 26.5028095245361 26.5334796905518 26.5612049102783 26.5733413696289 26.5843906402588 26.6077480316162 26.6237602233887 26.6288967132568 26.6022319793701 26.5490074157715 26.5014305114746 26.5020427703857 26.5493068695068 26.5505180358887 26.4614295959473 26.4032764434814 26.3237171173096 26.2389831542969
25.0314273834229 24.9990196228027 24.907995223999 24.8118743896484 24.8178482055664 24.768404006958 24.7416896820068 24.7462406158447 24.7636585235596 24.7279148101807 24.7460784912109 24.7064208984375 24.8207569122314 25.2175540924072 25.5156364440918 25.4009170532227 25.2773036956787 25.3122310638428 25.3268432617188 25.4770469665527 25.42942237854 26.2318878173828 26.367561340332 26.3995761871338 26.4088039398193 26.4261341094971 26.4422626495361 26.4602279663086 26.4726524353027 26.4930667877197 26.5067977905273 26.5243148803711 26.5489883422852 26.5760478973389 26.5971012115479 26.6140041351318 26.614917755127 26.6071891784668 26.5805187225342 26.5572547912598 26.5143375396729 26.5331192016602 26.5876235961914 26.5689830780029 26.5162658691406 26.5103187561035 26.5203227996826
25.2113399505615 25.2138118743896 25.0711574554443 24.9295215606689 24.8824157714844 24.8487777709961 24.8345890045166 24.8212699890137 24.8655776977539 24.9234447479248 25.0534019470215 25.0492782592773 25.4271774291992 25.7275829315186 25.8137969970703 25.7623348236084 25.6316413879395 25.5878353118896 25.9154033660889 25.889591217041 25.9414405822754 26.3570976257324 26.4230499267578 26.4399757385254 26.4565258026123 26.4744243621826 26.4826583862305 26.5005760192871 26.5011978149414 26.4989547729492 26.518575668335 26.5312519073486 26.5415706634521 26.556324005127 26.5692863464355 26.5987243652344 26.5953903198242 26.5872249603271 26.5751132965088 26.5627326965332 26.5407619476318 26.5316696166992 26.5633373260498 26.583080291748 26.6021156311035 26.6150074005127 26.6160469055176
25.7245349884033 25.5900859832764 25.3623561859131 25.2084484100342 25.2091197967529 25.2725696563721 25.2792549133301 25.2837448120117 25.3813018798828 25.4501495361328 25.5095634460449 25.6463890075684 25.8191623687744 25.9321899414062 25.9424648284912 25.9205646514893 25.8459091186523 25.7603855133057 25.9223327636719 26.0553493499756 26.3243923187256 26.4630317687988 26.4999008178711 26.5084991455078 26.5247116088867 26.5434722900391 26.5557765960693 26.5569496154785 26.5579490661621 26.5532283782959 26.5494136810303 26.5466175079346 26.547794342041 26.5503368377686 26.5703029632568 26.5961322784424 26.5815734863281 26.5692939758301 26.5712089538574 26.5630874633789 26.5472984313965 26.5513706207275 26.5583915710449 26.5774974822998 26.6016235351562 26.6186771392822 26.6410293579102
26.0545711517334 25.9158306121826 25.7368354797363 25.5285034179688 25.4933166503906 25.6538372039795 25.7466201782227 25.7480373382568 25.7891597747803 25.8376922607422 25.9017181396484 26.032398223877 26.0580883026123 26.0024642944336 25.9420032501221 25.949348449707 25.9605369567871 26.0493698120117 26.1855392456055 26.3606014251709 26.4750595092773 26.5222778320312 26.5259780883789 26.5348167419434 26.542308807373 26.5528411865234 26.5875816345215 26.6015319824219 26.6045989990234 26.6064701080322 26.6137542724609 26.5985298156738 26.5979881286621 26.590145111084 26.5909938812256 26.6055355072021 26.5918922424316 26.58811378479 26.5767459869385 26.5638618469238 26.5476608276367 26.549186706543 26.5537948608398 26.5732555389404 26.5866947174072 26.5910110473633 26.6191711425781
26.3565330505371 26.229434967041 26.0770397186279 25.9528484344482 25.8765850067139 25.9387378692627 26.0073070526123 26.0374374389648 26.0665187835693 26.1104106903076 26.173849105835 26.2101440429688 26.1664981842041 26.1152610778809 26.0523948669434 26.0319919586182 26.1352062225342 26.3011837005615 26.4245262145996 26.4817161560059 26.5155220031738 26.5246410369873 26.5407981872559 26.5583610534668 26.5603332519531 26.5649261474609 26.5833148956299 26.6369724273682 26.6459312438965 26.6541481018066 26.6692066192627 26.6545581817627 26.6389255523682 26.6340999603271 26.6177272796631 26.6283645629883 26.6271781921387 26.6174640655518 26.6109867095947 26.5733413696289 26.5704708099365 26.5590057373047 26.5555858612061 26.5740737915039 26.6172771453857 26.6370182037354 26.6417446136475
26.5627517700195 26.5648078918457 26.5291881561279 26.4655323028564 26.4124317169189 26.3855304718018 26.3899192810059 26.3951587677002 26.4088401794434 26.3893184661865 26.3402290344238 26.2807579040527 26.2510299682617 26.2084255218506 26.1716861724854 26.2064113616943 26.3314037322998 26.436767578125 26.4926834106445 26.5195903778076 26.5542488098145 26.5747623443604 26.5863361358643 26.5992584228516 26.6049613952637 26.6112442016602 26.6080932617188 26.6559734344482 26.6955947875977 26.6924304962158 26.7031021118164 26.7091217041016 26.7005214691162 26.6975059509277 26.6835269927979 26.655387878418 26.6560497283936 26.6478233337402 26.6370830535889 26.6246013641357 26.6025295257568 26.5849533081055 26.5715579986572 26.5616798400879 26.588794708252 26.6520709991455 26.6620750427246
26.572868347168 26.5856266021729 26.5990047454834 26.5858592987061 26.5588436126709 26.5308265686035 26.5083808898926 26.5022163391113 26.4552745819092 26.417989730835 26.3901691436768 26.3770198822021 26.3531169891357 26.32688331604 26.3263607025146 26.3843593597412 26.4628314971924 26.5054664611816 26.5277557373047 26.5569343566895 26.576488494873 26.5888004302979 26.604793548584 26.6281909942627 26.6362266540527 26.6598529815674 26.6594982147217 26.6895790100098 26.7356014251709 26.7432460784912 26.7458839416504 26.742790222168 26.74853515625 26.7421684265137 26.7529792785645 26.7373104095459 26.7022190093994 26.6744136810303 26.6559734344482 26.647891998291 26.6376132965088 26.62424659729 26.6088905334473 26.5836391448975 26.5925045013428 26.6243114471436 26.6644020080566
26.7110424041748 26.7281227111816 26.7208061218262 26.6997394561768 26.6743392944336 26.6243667602539 26.5454730987549 26.4555721282959 26.4136505126953 26.4093055725098 26.4057941436768 26.3999195098877 26.4063205718994 26.4018993377686 26.4198989868164 26.4823436737061 26.511510848999 26.5432987213135 26.5703182220459 26.5583305358887 26.5516490936279 26.5517826080322 26.6067676544189 26.6693859100342 26.6956920623779 26.7363243103027 26.7260932922363 26.7515430450439 26.7863960266113 26.8056983947754 26.7914276123047 26.7968845367432 26.7808532714844 26.7803344726562 26.7817878723145 26.7794589996338 26.7685871124268 26.7314414978027 26.6961841583252 26.6637916564941 26.6459541320801 26.6448650360107 26.6539459228516 26.6445331573486 26.6537017822266 26.653507232666 26.6732654571533
