Ecospace-environmental-drivers/Outputs/ASCII-for-ecospace/Temp-surf/Temp-surf_X2009.07.asc
NCOLS 131 
NROWS 53 
XLLCORNER -98 
YLLCORNER 23.9265270233154 
CELLSIZE 0.133587792515755 
NODATA_value -3.4e+38 
[rows 21 to 41 of 53, columns 0 to 46 of 131]
-3.4e+38 -3.4e+38 -3.4e+38 -3.4e+38 -3.4e+38 -3.4e+38 29.64084815979 29.7277660369873 29.5677299499512 29.9954071044922 29.439172744751 28.8976097106934 28.6568737030029 28.7547702789307 28.858980178833 28.9764404296875 29.0855617523193 29.2489490509033 29.4179172515869 29.5378532409668 29.6410827636719 29.7368488311768 29.8291664123535 29.9001960754395 29.9673328399658 30.0046234130859 30.0360565185547 30.0718421936035 30.1193027496338 30.214506149292 30.236536026001 30.1896419525146 30.2443332672119 30.3495788574219 30.4709510803223 30.5509166717529 30.6383686065674 30.6923351287842 30.6668567657471 30.6290836334229 30.6454029083252 30.6674118041992 30.6809482574463 30.6815319061279 30.6788215637207 30.6802463531494 30.6730976104736
-3.4e+38 -3.4e+38 -3.4e+38 -3.4e+38 -3.4e+38 -3.4e+38 29.8006057739258 29.3941745758057 29.7277660369873 28.9800148010254 28.4497947692871 28.3057231903076 28.4286270141602 28.665885925293 28.890811920166 29.1220684051514 29.3232574462891 29.5105495452881 29.6989994049072 29.8459930419922 29.9569568634033 30.0320262908936 30.0754089355469 30.0890083312988 30.0883712768555 30.090181350708 30.0908756256104 30.0834865570068 30.1004581451416 30.1401042938232 30.1602439880371 30.1782302856445 30.2429428100586 30.341178894043 30.4925804138184 30.5648517608643 30.5632495880127 30.5498466491699 30.5373821258545 30.5459117889404 30.546781539917 30.5335540771484 30.5262088775635 30.5353584289551 30.5471839904785 30.5609760284424 30.5668659210205
-3.4e+38 -3.4e+38 -3.4e+38 -3.4e+38 29.8773918151855 29.8847675323486 29.4498195648193 29.8006057739258 28.6541500091553 28.1151752471924 28.0955543518066 28.4479084014893 28.8790035247803 29.2166900634766 29.4419555664062 29.6425685882568 29.7875823974609 29.9407978057861 30.0547904968262 30.1018009185791 30.1121158599854 30.1060810089111 30.1132984161377 30.1080780029297 30.1217288970947 30.1006126403809 30.1041259765625 30.091968536377 30.0848789215088 30.0568561553955 30.0249977111816 30.0432376861572 30.0917625427246 30.1526355743408 30.2659759521484 30.36159324646 30.36696434021 30.3563423156738 30.3742065429688 30.4174728393555 30.4348468780518 30.4313983917236 30.4285430908203 30.4449920654297 30.492130279541 30.5107097625732 30.5254993438721
-3.4e+38 -3.4e+38 -3.4e+38 -3.4e+38 30.0846557617188 29.6627540588379 29.8847675323486 28.664083480835 27.9869499206543 28.0539569854736 28.5368537902832 29.0218086242676 29.3578968048096 29.5923767089844 29.7524185180664 29.9148044586182 30.0080394744873 30.0612411499023 30.0828723907471 30.0999336242676 30.1240577697754 30.1275405883789 30.1128406524658 30.097728729248 30.1078090667725 30.1107292175293 30.1122093200684 30.1223773956299 30.1439476013184 30.1237773895264 30.1056289672852 30.0840015411377 30.0755634307861 30.0953025817871 30.1282024383545 30.1790142059326 30.2284469604492 30.2630271911621 30.2925262451172 30.3128414154053 30.3338871002197 30.3689441680908 30.4362010955811 30.5007400512695 30.5544738769531 30.58864402771 30.5878753662109
-3.4e+38 -3.4e+38 -3.4e+38 -3.4e+38 -3.4e+38 30.0846557617188 29.0188388824463 27.9213066101074 27.9414024353027 28.5053462982178 29.0363254547119 29.4144821166992 29.6224536895752 29.7406215667725 29.9257373809814 29.9961929321289 29.9993305206299 30.016284942627 30.0738773345947 30.107738494873 30.108678817749 30.1279830932617 30.1434497833252 30.1551094055176 30.1655731201172 30.1722068786621 30.1730575561523 30.1695365905762 30.1801242828369 30.1828193664551 30.1888294219971 30.1902275085449 30.1994953155518 30.2151050567627 30.2309112548828 30.2538223266602 30.2867736816406 30.3009376525879 30.3300743103027 30.3678798675537 30.4222602844238 30.512731552124 30.5984497070312 30.6472072601318 30.668041229248 30.6622467041016 30.6324615478516
-3.4e+38 -3.4e+38 -3.4e+38 -3.4e+38 -3.4e+38 29.7589130401611 27.9245662689209 27.7778415679932 28.3751068115234 28.9366283416748 29.3136253356934 29.5488052368164 29.6891593933105 29.8568840026855 29.9005126953125 29.9348430633545 29.9534702301025 30.0120639801025 30.1085433959961 30.141429901123 30.152551651001 30.1769256591797 30.2035636901855 30.2163028717041 30.2301292419434 30.2323741912842 30.2352924346924 30.2307376861572 30.2408485412598 30.2589282989502 30.2684440612793 30.2964954376221 30.311653137207 30.3244438171387 30.3485412597656 30.3595733642578 30.3966617584229 30.418270111084 30.4489192962646 30.5078392028809 30.6254749298096 30.700611114502 30.7260837554932 30.7244434356689 30.7037696838379 30.6685905456543 30.6476631164551
-3.4e+38 -3.4e+38 30.9170341491699 30.7942962646484 29.6840515136719 28.8391094207764 27.5732879638672 28.1498222351074 28.7773780822754 29.1194458007812 29.3940143585205 29.5470848083496 29.7076511383057 29.7528629302979 29.7948265075684 29.856372833252 29.9501419067383 30.0804748535156 30.1352005004883 30.1688938140869 30.2025623321533 30.2170314788818 30.2421455383301 30.2540264129639 30.2731304168701 30.3111877441406 30.3226852416992 30.3169612884521 30.305025100708 30.3277606964111 30.3466091156006 30.3682422637939 30.3992176055908 30.4298343658447 30.4488067626953 30.4632053375244 30.4799709320068 30.5061111450195 30.5836563110352 30.6536235809326 30.6658992767334 30.672269821167 30.6960029602051 30.6900844573975 30.6672210693359 30.6614837646484 30.6435661315918
-339999999999999996128486808808066248288.000000000000000 -3.4e+38 -3.4e+38 -3.4e+38 30.671558380127 28.2336406707764 27.7561817169189 28.5014610290527 29.0025787353516 29.1893672943115 29.3569297790527 29.5051517486572 29.6159057617188 29.5930080413818 29.6853466033936 29.8813972473145 30.0658512115479 30.1542892456055 30.1727848052979 30.185754776001 30.2103996276855 30.2259902954102 30.263484954834 30.269588470459 30.2963809967041 30.3270511627197 30.3502101898193 30.3514270782471 30.3443374633789 30.35986328125 30.3797969818115 30.4188976287842 30.4573974609375 30.4950904846191 30.5061721801758 30.5064868927002 30.5413036346436 30.6188259124756 30.6543521881104 30.6362628936768 30.6395015716553 30.6506462097168 30.6665878295898 30.678731918335 30.6750049591064 30.6653709411621 30.6715831756592
-3.4e+38 -3.4e+38 -3.4e+38 -3.4e+38 30.0234394073486 27.6276912689209 27.9082508087158 28.6473712921143 29.0997123718262 29.2183513641357 29.3047847747803 29.4514350891113 29.5333194732666 29.4876823425293 29.6802711486816 29.9423732757568 30.0971069335938 30.1913776397705 30.2065277099609 30.2252521514893 30.2177333831787 30.2346343994141 30.2630481719971 30.2858467102051 30.3433609008789 30.3395671844482 30.3483276367188 30.379487991333 30.3945426940918 30.4152297973633 30.4447040557861 30.5005798339844 30.5231037139893 30.5243701934814 30.5195407867432 30.5767440795898 30.6337490081787 30.6332664489746 30.6320095062256 30.6250648498535 30.6249370574951 30.623067855835 30.6126365661621 30.6404151916504 30.6778964996338 30.6992340087891 30.7074756622314
-3.4e+38 -3.4e+38 -3.4e+38 -3.4e+38 29.5637149810791 27.6196994781494 27.8695335388184 28.6811599731445 29.0898761749268 29.1872329711914 29.2985515594482 29.3557300567627 29.3885669708252 29.4009914398193 29.7157878875732 30.0071029663086 30.1382617950439 30.2049388885498 30.2161655426025 30.2416477203369 30.2313823699951 30.2339782714844 30.2520351409912 30.3045101165771 30.3349189758301 30.342903137207 30.341926574707 30.4134140014648 30.4391403198242 30.4665355682373 30.5170249938965 30.5348110198975 30.529541015625 30.5566082000732 30.6105251312256 30.6355838775635 30.6411380767822 30.6442432403564 30.6430015563965 30.6349411010742 30.6334247589111 30.6329650878906 30.6265869140625 30.5936183929443 30.641263961792 30.6980743408203 30.715799331665
-3.4e+38 -3.4e+38 -3.4e+38 -3.4e+38 31.1199779510498 28.1425704956055 27.7020893096924 28.6242332458496 29.0342254638672 29.1327838897705 29.2275581359863 29.2796249389648 29.2209014892578 29.3744373321533 29.7828636169434 30.0901432037354 30.1908416748047 30.2130603790283 30.2304916381836 30.2394886016846 30.2395057678223 30.2335109710693 30.2754745483398 30.3204593658447 30.3564968109131 30.3796844482422 30.3866748809814 30.440637588501 30.4841918945312 30.5269470214844 30.540111541748 30.5463809967041 30.5756683349609 30.6089344024658 30.6229267120361 30.6358108520508 30.6444892883301 30.6563262939453 30.6550254821777 30.6413745880127 30.6315059661865 30.6266689300537 30.6521301269531 30.6226787567139 30.6045150756836 30.6607646942139 30.7212390899658
-3.4e+38 -3.4e+38 -3.4e+38 -3.4e+38 30.9440822601318 28.4320430755615 27.4626007080078 28.4435920715332 28.9490375518799 29.010871887207 29.1221160888672 29.1386260986328 29.0575485229492 29.3939151763916 29.867130279541 30.1412773132324 30.2050094604492 30.230224609375 30.2467021942139 30.2421379089355 30.2479686737061 30.2465438842773 30.308500289917 30.3399658203125 30.3902359008789 30.410795211792 30.4359874725342 30.4910259246826 30.5216007232666 30.532829284668 30.5596313476562 30.5697460174561 30.5981311798096 30.6322059631348 30.641185760498 30.6438369750977 30.6492042541504 30.6609973907471 30.6647815704346 30.6515655517578 30.6348705291748 30.6259269714355 30.6330013275146 30.6738147735596 30.6375389099121 30.6234340667725 30.6890411376953
-3.4e+38 -3.4e+38 -3.4e+38 -3.4e+38 31.042667388916 29.0706634521484 27.5025672912598 28.1378650665283 28.8479518890381 29.0392436981201 29.1437168121338 29.0164947509766 28.9763565063477 29.4948673248291 29.9583148956299 30.1559257507324 30.2142791748047 30.2403717041016 30.2687225341797 30.2664566040039 30.2452163696289 30.2660675048828 30.3146800994873 30.3585052490234 30.4224147796631 30.4449825286865 30.4707088470459 30.5064125061035 30.5161552429199 30.5333652496338 30.566722869873 30.5803833007812 30.608118057251 30.6396198272705 30.6362419128418 30.6440944671631 30.6550045013428 30.6730709075928 30.6681652069092 30.6508541107178 30.634183883667 30.632532119751 30.6318397521973 30.6544361114502 30.6702651977539 30.6558723449707 30.643274307251
-3.4e+38 -3.4e+38 -3.4e+38 -3.4e+38 -3.4e+38 28.6983604431152 27.6602954864502 27.8382720947266 28.7208251953125 29.018705368042 29.0995979309082 28.8557109832764 29.0142917633057 29.6836280822754 30.0730628967285 30.1836071014404 30.2242031097412 30.2662715911865 30.2917575836182 30.2988147735596 30.277473449707 30.2696437835693 30.3117961883545 30.3601856231689 30.4386882781982 30.4809188842773 30.5018558502197 30.5060367584229 30.5052471160889 30.5278167724609 30.5706520080566 30.6013984680176 30.6162586212158 30.6447982788086 30.6542053222656 30.6631526947021 30.6763610839844 30.6817111968994 30.661319732666 30.6346416473389 30.6087226867676 30.5991058349609 30.6170616149902 30.6366195678711 30.6673011779785 30.6820602416992 30.6835060119629
-3.4e+38 -3.4e+38 -3.4e+38 -3.4e+38 -3.4e+38 31.4582557678223 27.8660087585449 27.7266826629639 28.6569976806641 28.9456996917725 28.9707813262939 28.7401084899902 29.2198944091797 29.8932304382324 30.1323585510254 30.1968097686768 30.2416896820068 30.2925910949707 30.301362991333 30.2935123443604 30.2993087768555 30.2923812866211 30.2848033905029 30.357494354248 30.4120330810547 30.4663848876953 30.5438976287842 30.5310192108154 30.5013217926025 30.5279121398926 30.5537719726562 30.5837631225586 30.6044979095459 30.6156616210938 30.6349487304688 30.645809173584 30.6522922515869 30.6337776184082 30.6192378997803 30.6059055328369 30.593864440918 30.5812454223633 30.6051406860352 30.6449756622314 30.6653461456299 30.6847133636475 30.7037658691406
-3.4e+38 -3.4e+38 -3.4e+38 -3.4e+38 -3.4e+38 31.3331489562988 27.7004585266113 27.7360000610352 28.6082363128662 28.8621826171875 28.7725067138672 28.7860145568848 29.4254589080811 29.9639205932617 30.1683578491211 30.2264060974121 30.2632083892822 30.2821159362793 30.2772483825684 30.27099609375 30.2737007141113 30.294771194458 30.3171920776367 30.3301105499268 30.3846588134766 30.4293899536133 30.4578514099121 30.5012283325195 30.5207500457764 30.5274829864502 30.5393829345703 30.5559349060059 30.577335357666 30.5956897735596 30.6043682098389 30.5957050323486 30.5786972045898 30.5832233428955 30.5946140289307 30.6039485931396 30.6134052276611 30.6279220581055 30.6417675018311 30.656192779541 30.6623287200928 30.6799964904785 30.7114410400391
-3.4e+38 -3.4e+38 -3.4e+38 -3.4e+38 -3.4e+38 -3.4e+38 28.0297603607178 27.6683044433594 28.4947166442871 28.7598571777344 28.656042098999 28.9372444152832 29.6621055603027 30.0607471466064 30.184009552002 30.247838973999 30.2615280151367 30.2468070983887 30.2413063049316 30.251485824585 30.265064239502 30.2738132476807 30.2969970703125 30.3343620300293 30.3619842529297 30.4088401794434 30.448881149292 30.4736080169678 30.4879188537598 30.5048522949219 30.5266342163086 30.5495872497559 30.5683860778809 30.5709934234619 30.5633563995361 30.5644569396973 30.5793933868408 30.6060638427734 30.6107444763184 30.6138324737549 30.6282043457031 30.6514225006104 30.6727161407471 30.6787891387939 30.6748504638672 30.6851100921631 30.6939010620117
-3.4e+38 -3.4e+38 -3.4e+38 -3.4e+38 -3.4e+38 -3.4e+38 28.1142139434814 27.673433303833 28.4179058074951 28.6429328918457 28.6067771911621 29.2161388397217 29.9343166351318 30.1499538421631 30.206075668335 30.2450923919678 30.2454738616943 30.2173175811768 30.2218189239502 30.2334022521973 30.2384910583496 30.2521915435791 30.2686214447021 30.2870655059814 30.320858001709 30.3634719848633 30.404914855957 30.4394302368164 30.4674415588379 30.4897289276123 30.5082702636719 30.5191211700439 30.5179958343506 30.5259265899658 30.5531845092773 30.5768795013428 30.5869274139404 30.5701026916504 30.5674171447754 30.5852165222168 30.5955905914307 30.6091442108154 30.6250686645508 30.6560935974121 30.6625385284424 30.6788787841797 30.6990528106689
-3.4e+38 -3.4e+38 -3.4e+38 -3.4e+38 -3.4e+38 -3.4e+38 28.7978191375732 27.829517364502 28.4593124389648 28.5313529968262 28.6799087524414 29.4336185455322 30.0573139190674 30.1969432830811 30.2267189025879 30.2386741638184 30.2145709991455 30.2166442871094 30.2257747650146 30.2390537261963 30.2365074157715 30.2391719818115 30.2476463317871 30.2751541137695 30.3047046661377 30.3373489379883 30.3661708831787 30.3978710174561 30.4277076721191 30.4571189880371 30.4833831787109 30.5086536407471 30.5364036560059 30.5567188262939 30.5648822784424 30.5649509429932 30.5624485015869 30.5677013397217 30.5776042938232 30.5958862304688 30.6158752441406 30.6379413604736 30.6528854370117 30.6563320159912 30.6830101013184 30.6814422607422 30.6799697875977
-3.4e+38 -3.4e+38 -3.4e+38 -3.4e+38 -3.4e+38 30.5123424530029 27.9142818450928 28.1130504608154 28.5076923370361 28.4896793365479 28.8887329101562 29.7730731964111 30.1399898529053 30.1966800689697 30.224308013916 30.2250461578369 30.2000255584717 30.2212409973145 30.2618885040283 30.2589473724365 30.2525634765625 30.2480449676514 30.2542839050293 30.2744903564453 30.3106918334961 30.3553256988525 30.400016784668 30.4412708282471 30.4732894897461 30.4914207458496 30.5113983154297 30.5268650054932 30.5330848693848 30.5314750671387 30.5238990783691 30.5265216827393 30.5306968688965 30.5397796630859 30.5516166687012 30.5560989379883 30.5714569091797 30.5937232971191 30.6206912994385 30.6156311035156 30.6705532073975 30.6839027404785 30.6927185058594
-3.4e+38 -3.4e+38 -3.4e+38 -3.4e+38 30.2802219390869 29.8203163146973 27.6125965118408 28.4248313903809 28.5081806182861 28.4902782440186 29.3208026885986 30.0091533660889 30.1789588928223 30.1984367370605 30.2208786010742 30.2107563018799 30.1965255737305 30.2342014312744 30.2647266387939 30.2729358673096 30.2791423797607 30.2836437225342 30.3167095184326 30.3503093719482 30.3899078369141 30.4401340484619 30.4754333496094 30.4812412261963 30.4887409210205 30.5095825195312 30.4960556030273 30.4955444335938 30.4937534332275 30.5027751922607 30.5038051605225 30.5203857421875 30.5316219329834 30.5288906097412 30.5252418518066 30.5293941497803 30.5504856109619 30.5746650695801 30.5998516082764 30.611047744751 30.6391887664795 30.6750507354736 30.6835060119629
