Ecospace-environmental-drivers/Outputs/ASCII-for-ecospace/Temp-surf/Temp-surf_X2013.03.asc
NCOLS 131 
NROWS 53 
XLLCORNER -98 
YLLCORNER 23.9265270233154 
CELLSIZE 0.133587792515755 
NODATA_value -3.4e+38 
[rows 21 to 41 of 53, columns 47 to 93 of 131]
20.0428409576416 19.9867973327637 19.9261035919189 19.795337677002 19.6632308959961 19.6176471710205 19.6199016571045 19.7159824371338 19.8532962799072 20.111701965332 20.4102039337158 20.6565017700195 20.9040985107422 21.1044406890869 21.2399768829346 21.3891105651855 21.501932144165 21.6685428619385 21.8280506134033 21.8213138580322 21.9858741760254 22.1365814208984 22.2562446594238 22.3882675170898 22.5057353973389 22.5625228881836 22.6318664550781 22.7080211639404 22.7663497924805 22.8199672698975 22.9089660644531 23.0168266296387 23.1624450683594 23.43434715271 23.6292724609375 23.7068042755127 23.6755847930908 23.6293087005615 23.6154918670654 23.4151096343994 23.1119956970215 22.9029369354248 22.9061107635498 22.7627258300781 22.4082908630371 22.0512962341309 21.5550193786621
20.5652675628662 20.6215133666992 20.6730480194092 20.6807079315186 20.6452388763428 20.5735778808594 20.4986171722412 20.4847221374512 20.5556144714355 20.6210250854492 20.6901874542236 20.9131050109863 21.0735950469971 21.1605987548828 21.2789669036865 21.4523582458496 21.5669803619385 21.7417278289795 21.9337196350098 21.9730167388916 22.0443496704102 22.257194519043 22.4028778076172 22.4986782073975 22.5676307678223 22.6126537322998 22.6554622650146 22.6839485168457 22.7766361236572 22.8768863677979 23.0336589813232 23.3119468688965 23.6575126647949 23.9191761016846 24.0954074859619 24.2411956787109 24.3376712799072 24.3556499481201 24.2569332122803 24.149320602417 23.9263744354248 23.551420211792 23.243824005127 23.1236801147461 22.8675842285156 22.4971313476562 22.0150947570801
20.8066520690918 20.9013481140137 20.9587154388428 20.9726982116699 20.974027633667 20.9754695892334 20.9892959594727 21.0086231231689 21.0267391204834 21.061637878418 21.0930595397949 21.1268291473389 21.2065238952637 21.2771816253662 21.3647270202637 21.5082721710205 21.5880489349365 21.7860240936279 21.9937286376953 22.1034240722656 22.0922145843506 22.3581790924072 22.489221572876 22.5271625518799 22.5344867706299 22.5297698974609 22.5692520141602 22.6086483001709 22.7250461578369 22.9073600769043 23.1479091644287 23.4956493377686 23.9392185211182 24.2267951965332 24.4491214752197 24.598072052002 24.6534900665283 24.6154613494873 24.6183490753174 24.50465965271 24.3351554870605 24.1417140960693 23.8376293182373 23.4885406494141 23.17360496521 22.8193359375 22.3881034851074
20.9794025421143 21.0450077056885 21.0816955566406 21.1020851135254 21.1265926361084 21.1613216400146 21.2198963165283 21.2616157531738 21.283374786377 21.300573348999 21.3109817504883 21.315486907959 21.3209686279297 21.3712635040283 21.4513759613037 21.5722332000732 21.6226596832275 21.8215370178223 22.0303192138672 22.1685409545898 22.1525955200195 22.3689498901367 22.4578151702881 22.4548530578613 22.4217052459717 22.4112567901611 22.4585704803467 22.5088539123535 22.6833076477051 22.9334564208984 23.2915172576904 23.7077617645264 24.0875110626221 24.4216938018799 24.6580085754395 24.823823928833 24.872220993042 24.8221645355225 24.7549133300781 24.7054958343506 24.5286121368408 24.3495254516602 24.1152992248535 23.8596153259277 23.5438976287842 23.1213912963867 22.7328472137451
21.0836887359619 21.1267890930176 21.1563835144043 21.2134666442871 21.2642307281494 21.3231906890869 21.3840560913086 21.4219570159912 21.4576263427734 21.4753112792969 21.48561668396 21.4888477325439 21.4921779632568 21.5077457427979 21.5486354827881 21.6336097717285 21.6514987945557 21.8564853668213 22.0511054992676 22.2004547119141 22.2181606292725 22.3234348297119 22.4036712646484 22.3443508148193 22.2961540222168 22.3464298248291 22.4044628143311 22.4945793151855 22.7048606872559 23.0429763793945 23.4789848327637 23.9469356536865 24.4074764251709 24.76491355896 24.9436855316162 25.0094413757324 25.0199069976807 24.9743022918701 24.9066925048828 24.8253116607666 24.7611293792725 24.5285186767578 24.2818489074707 24.0778045654297 23.8463401794434 23.3725738525391 23.0051517486572
21.1645603179932 21.1949481964111 21.2682952880859 21.3632144927979 21.4218921661377 21.4808444976807 21.527458190918 21.5846061706543 21.6082363128662 21.626070022583 21.6352062225342 21.6338748931885 21.6328811645508 21.6344776153564 21.632926940918 21.7109298706055 21.7174911499023 21.8896713256836 22.1020603179932 22.2302627563477 22.2571468353271 22.2951431274414 22.3780860900879 22.3318290710449 22.2930927276611 22.3398895263672 22.4122943878174 22.5521297454834 22.8150081634521 23.2788391113281 23.736967086792 24.2420711517334 24.6718578338623 24.9389877319336 25.1235809326172 25.1909885406494 25.1659183502197 25.0721645355225 25.0326309204102 24.9061527252197 24.9003868103027 24.7248554229736 24.4821605682373 24.2694911956787 24.1024589538574 23.6990528106689 23.2145233154297
21.3645286560059 21.4111289978027 21.433910369873 21.4738731384277 21.5107917785645 21.5857086181641 21.6674518585205 21.7250003814697 21.741325378418 21.7755432128906 21.7588500976562 21.7337093353271 21.7576961517334 21.7674083709717 21.75172996521 21.799690246582 21.8187389373779 21.9497489929199 22.1382083892822 22.2370548248291 22.2734680175781 22.294771194458 22.3252868652344 22.3241291046143 22.327112197876 22.3789691925049 22.5107002258301 22.7367858886719 23.0919818878174 23.545747756958 24.04709815979 24.5742740631104 24.9874973297119 25.1526222229004 25.2245006561279 25.2557811737061 25.2343006134033 25.1887168884277 25.1434955596924 24.9800567626953 24.8989925384521 24.9246349334717 24.6663932800293 24.4731197357178 24.2789840698242 23.9655532836914 23.4772510528564
21.5011959075928 21.5132923126221 21.5265617370605 21.5469207763672 21.6137886047363 21.7366905212402 21.8288803100586 21.8475437164307 21.8603782653809 21.8499069213867 21.8545436859131 21.8792247772217 21.8719749450684 21.8414154052734 21.8492298126221 21.9140243530273 21.9391860961914 21.9749011993408 22.1358413696289 22.2258377075195 22.2873687744141 22.275484085083 22.2763328552246 22.2988739013672 22.3369579315186 22.4796657562256 22.7001762390137 22.9597148895264 23.3701133728027 23.8705139160156 24.4707851409912 24.9456405639648 25.1752433776855 25.2545719146729 25.2442989349365 25.2540283203125 25.2158355712891 25.1907806396484 25.1960830688477 25.1007328033447 24.9716281890869 24.9447746276855 24.8277988433838 24.6522941589355 24.4066028594971 24.1585922241211 23.7375869750977
21.5882530212402 21.5753688812256 21.5885353088379 21.6230850219727 21.7754821777344 21.8896293640137 21.9062881469727 21.9004135131836 21.9048442840576 21.9565563201904 21.9752235412598 21.9615535736084 21.9170722961426 21.9103946685791 21.9353351593018 22.0057926177979 22.0464000701904 22.0360012054443 22.1696605682373 22.2474460601807 22.2768096923828 22.2504043579102 22.273998260498 22.3415622711182 22.4619579315186 22.6657390594482 22.8600654602051 23.1975746154785 23.7393131256104 24.3748435974121 24.8879356384277 25.1165180206299 25.2144412994385 25.2605323791504 25.2556228637695 25.2617435455322 25.1951637268066 25.1579170227051 25.1684036254883 25.1467933654785 25.1020164489746 24.9887828826904 24.8802623748779 24.7577209472656 24.4970684051514 24.1954574584961 23.8454246520996
21.6460380554199 21.6432437896729 21.6740055084229 21.7535400390625 21.8470630645752 21.9262104034424 21.9489059448242 21.9215030670166 21.9483413696289 21.9784507751465 21.9965724945068 21.9806652069092 21.968713760376 21.9925136566162 22.047492980957 22.1008129119873 22.1309413909912 22.140983581543 22.1754150390625 22.2333183288574 22.2556629180908 22.2852191925049 22.3014602661133 22.3682193756104 22.5493812561035 22.7364025115967 23.1198234558105 23.6575222015381 24.2509422302246 24.8131790161133 25.1624221801758 25.2809371948242 25.2433967590332 25.2137031555176 25.2363796234131 25.2559642791748 25.2047710418701 25.1473655700684 25.1420993804932 25.1129570007324 25.1106014251709 25.0860061645508 24.9386157989502 24.8283214569092 24.6001796722412 24.238733291626 23.9182376861572
21.6792030334473 21.7312126159668 21.7641906738281 21.7939987182617 21.8655910491943 21.890625 21.9269027709961 21.9195556640625 21.9417285919189 21.9744606018066 22.0207614898682 22.0314846038818 22.0435752868652 22.0864639282227 22.1447811126709 22.1664123535156 22.2202491760254 22.2089958190918 22.1805877685547 22.2418193817139 22.3051815032959 22.277172088623 22.267915725708 22.399040222168 22.591495513916 22.9940872192383 23.5166282653809 24.1136741638184 24.7527904510498 25.2158660888672 25.3101634979248 25.2791862487793 25.2743434906006 25.2765674591064 25.2494125366211 25.2453460693359 25.2228012084961 25.1812057495117 25.1122608184814 25.0897598266602 25.0917510986328 25.1105785369873 25.0078201293945 24.8900852203369 24.6873970031738 24.3130798339844 23.9122200012207
21.7426090240479 21.7593536376953 21.7719955444336 21.8051681518555 21.8458690643311 21.8589630126953 21.9020938873291 21.9165687561035 21.9288349151611 21.9755725860596 22.0287113189697 22.0874652862549 22.1332931518555 22.1790542602539 22.1868648529053 22.2003440856934 22.2449588775635 22.2208805084229 22.222526550293 22.2359809875488 22.2230644226074 22.2092437744141 22.3037815093994 22.5336132049561 22.8150177001953 23.3433094024658 23.9349346160889 24.655891418457 25.1748580932617 25.3318119049072 25.3235015869141 25.3049221038818 25.3205738067627 25.3042793273926 25.2712001800537 25.2479057312012 25.1937885284424 25.1778774261475 25.1343097686768 25.0930576324463 25.0684299468994 25.0689144134521 25.0495796203613 24.943696975708 24.7658557891846 24.384895324707 23.8488025665283
21.7575931549072 21.7669715881348 21.7755718231201 21.8083686828613 21.8277111053467 21.8660755157471 21.9077339172363 21.9401950836182 21.9739570617676 21.9970645904541 22.0180835723877 22.0860214233398 22.1525897979736 22.1858863830566 22.1678771972656 22.1585903167725 22.1849365234375 22.2128677368164 22.2349147796631 22.2218322753906 22.2378997802734 22.2923736572266 22.4675273895264 22.6938991546631 23.1558780670166 23.7290267944336 24.368766784668 24.972282409668 25.2395343780518 25.2828483581543 25.2994728088379 25.3225860595703 25.3278064727783 25.2918014526367 25.2612209320068 25.2337036132812 25.1962757110596 25.1520671844482 25.1214427947998 25.0973014831543 25.0879421234131 25.0621452331543 25.065315246582 24.9864768981934 24.8122901916504 24.3932456970215 23.8010749816895
21.7783470153809 21.7882919311523 21.7917194366455 21.8330154418945 21.855936050415 21.8936004638672 21.9146156311035 21.9260063171387 21.9773063659668 22.0449905395508 22.0794506072998 22.0952377319336 22.147912979126 22.1694869995117 22.165153503418 22.1837215423584 22.1972179412842 22.2053527832031 22.2253284454346 22.2614784240723 22.3122749328613 22.4318809509277 22.6656055450439 23.0513324737549 23.5622043609619 24.1529159545898 24.772367477417 25.1908264160156 25.3170890808105 25.3368873596191 25.3551692962646 25.3480701446533 25.3473339080811 25.2769165039062 25.2558670043945 25.228494644165 25.1975994110107 25.140531539917 25.1189289093018 25.1107978820801 25.1015167236328 25.0708446502686 25.0418968200684 25.0032901763916 24.8187732696533 24.3102035522461 23.6904907226562
21.807933807373 21.8061790466309 21.8320713043213 21.8517875671387 21.8841972351074 21.9108734130859 21.919563293457 21.957088470459 22.0113868713379 22.0864372253418 22.1608467102051 22.1787567138672 22.2161273956299 22.2526607513428 22.2364959716797 22.2091941833496 22.214448928833 22.2232341766357 22.2713031768799 22.3299160003662 22.4205570220947 22.6292724609375 22.9632015228271 23.4368648529053 23.8914165496826 24.5187225341797 25.1098823547363 25.3784084320068 25.4112415313721 25.4196338653564 25.408863067627 25.351016998291 25.3305015563965 25.2883415222168 25.2425785064697 25.2177066802979 25.1999053955078 25.1569538116455 25.1267871856689 25.1018028259277 25.0961818695068 25.0867824554443 25.0377235412598 24.9770965576172 24.7170276641846 24.2095031738281 23.5639209747314
21.8408336639404 21.8393383026123 21.8545665740967 21.8699645996094 21.8767967224121 21.8994731903076 21.9295749664307 21.9753551483154 22.0018615722656 22.0492553710938 22.1256771087646 22.2158794403076 22.2346363067627 22.2351856231689 22.2291259765625 22.2070808410645 22.2101802825928 22.2309856414795 22.3109893798828 22.4149856567383 22.59889793396 22.8821315765381 23.2223167419434 23.7176685333252 24.2688045501709 24.870138168335 25.3245830535889 25.489107131958 25.4648475646973 25.4439258575439 25.3988437652588 25.3465919494629 25.3159675598145 25.2943000793457 25.2624282836914 25.2220516204834 25.2040882110596 25.1688785552979 25.1445636749268 25.1074466705322 25.0866718292236 25.1119136810303 25.0442352294922 24.9229221343994 24.6117382049561 23.9415760040283 23.3662185668945
21.8738899230957 21.8710651397705 21.8719711303711 21.8838195800781 21.886323928833 21.8999328613281 21.9036273956299 21.9583072662354 22.0113868713379 22.0307884216309 22.0710678100586 22.1423683166504 22.2247924804688 22.2233943939209 22.2078018188477 22.2079772949219 22.2131443023682 22.2591533660889 22.3967971801758 22.5646114349365 22.8259315490723 23.0613670349121 23.4758930206299 24.0228099822998 24.503490447998 25.0523853302002 25.4166088104248 25.4991207122803 25.461784362793 25.4098625183105 25.3807125091553 25.346586227417 25.3169727325439 25.3036937713623 25.2596588134766 25.2155456542969 25.1936264038086 25.1761474609375 25.1598567962646 25.1245651245117 25.1208686828613 25.1186027526855 25.0294017791748 24.8550472259521 24.352933883667 23.6483249664307 23.0783004760742
21.8918132781982 21.8956451416016 21.880334854126 21.876350402832 21.8763465881348 21.892297744751 21.8935279846191 21.9236030578613 21.9686527252197 22.0146732330322 22.0622806549072 22.0843410491943 22.1123580932617 22.2003383636475 22.2300205230713 22.250617980957 22.263879776001 22.3327922821045 22.5036373138428 22.683479309082 22.9669933319092 23.2749538421631 23.7616119384766 24.1935405731201 24.6809921264648 25.1950359344482 25.4716758728027 25.5049266815186 25.4661674499512 25.4338665008545 25.3880233764648 25.3430461883545 25.310001373291 25.3186817169189 25.2674465179443 25.2462139129639 25.1907939910889 25.1899070739746 25.1840839385986 25.15989112854 25.1286029815674 25.0938339233398 24.8982353210449 24.5438022613525 23.87939453125 23.3570461273193 22.906457901001
21.9012584686279 21.9030532836914 21.8854675292969 21.8737621307373 21.8606758117676 21.8736515045166 21.8814010620117 21.9011993408203 21.9266395568848 22.0105438232422 22.0709342956543 22.0813064575195 22.1092319488525 22.1610164642334 22.2446384429932 22.2985954284668 22.3313369750977 22.413330078125 22.5550498962402 22.7877902984619 23.1532249450684 23.4384651184082 23.9086723327637 24.3474044799805 24.8585948944092 25.2993679046631 25.497184753418 25.5033855438232 25.4984245300293 25.4541797637939 25.4029178619385 25.3565444946289 25.3339519500732 25.3427810668945 25.3017425537109 25.2696285247803 25.2318725585938 25.2144660949707 25.2105579376221 25.1945705413818 25.1162357330322 24.9907703399658 24.6398601531982 24.1243858337402 23.4784622192383 23.0687713623047 22.7317314147949
21.9219532012939 21.8985805511475 21.8888397216797 21.8901214599609 21.8607273101807 21.8498382568359 21.8714790344238 21.8975410461426 21.953145980835 22.0188331604004 22.0805206298828 22.1023368835449 22.144495010376 22.2018928527832 22.2796421051025 22.3591842651367 22.4030323028564 22.4681835174561 22.6154327392578 22.8872375488281 23.3012809753418 23.5561294555664 24.0462474822998 24.4201335906982 24.9565391540527 25.3746452331543 25.51145362854 25.5309448242188 25.5139198303223 25.4849033355713 25.4181804656982 25.3643836975098 25.3432350158691 25.3540916442871 25.3104705810547 25.2928695678711 25.2655048370361 25.2375602722168 25.2166137695312 25.17258644104 25.0321922302246 24.8045291900635 24.3763236999512 23.6847686767578 23.1733875274658 22.7844219207764 22.6841659545898
21.9687576293945 21.9202365875244 21.8981685638428 21.8966999053955 21.874267578125 21.8573017120361 21.8903293609619 21.9314441680908 21.9742851257324 22.0597591400146 22.1411628723145 22.1795959472656 22.218921661377 22.282133102417 22.3520565032959 22.4268226623535 22.4920444488525 22.5262908935547 22.6915149688721 22.9544353485107 23.3488178253174 23.6680126190186 24.1155834197998 24.5043525695801 25.0011978149414 25.3791885375977 25.533275604248 25.5652313232422 25.542121887207 25.5000972747803 25.4173965454102 25.3878650665283 25.3442611694336 25.3367862701416 25.3163108825684 25.3201026916504 25.2901229858398 25.2308654785156 25.1789836883545 25.0987739562988 24.8581714630127 24.5263023376465 23.9512844085693 23.3086471557617 22.8979148864746 22.710750579834 22.7202777862549
