Ecospace-environmental-drivers/Outputs/ASCII-for-ecospace/Temp-surf/Temp-surf_X2019.03.asc
NCOLS 131 
NROWS 53 
XLLCORNER -98 
YLLCORNER 23.9265270233154 
CELLSIZE 0.133587792515755 
NODATA_value -3.4e+38 
[rows 21 to 41 of 53, columns 0 to 46 of 131]
-3.4e+38 -3.4e+38 -3.4e+38 -3.4e+38 -3.4e+38 -3.4e+38 18.2662315368652 18.2665309906006 18.2112121582031 18.310848236084 18.0770702362061 18.0216636657715 18.1429862976074 18.322193145752 18.5111103057861 18.7361183166504 18.9972438812256 19.2625522613525 19.5526714324951 19.8544731140137 20.1861515045166 20.4744396209717 20.6267890930176 20.7656192779541 20.8992576599121 20.9564247131348 20.9201469421387 20.9925804138184 21.1181468963623 21.149133682251 21.1879730224609 21.2833232879639 21.3107395172119 21.3028736114502 21.2772121429443 21.2743110656738 21.3154487609863 21.3629360198975 21.4063587188721 21.4808406829834 21.552906036377 21.5738182067871 21.5555839538574 21.4919300079346 21.3857841491699 21.3089122772217 21.3400325775146
-3.4e+38 -3.4e+38 -3.4e+38 -3.4e+38 -3.4e+38 -3.4e+38 18.3158740997314 18.2162914276123 18.2665309906006 18.0562572479248 18.140998840332 18.294361114502 18.5487861633301 18.9222164154053 19.2957935333252 19.6099605560303 19.8774642944336 20.08424949646 20.3586730957031 20.5544109344482 20.6735858917236 20.9954624176025 21.193380355835 21.2690391540527 21.3182029724121 21.3628482818604 21.4374866485596 21.5182838439941 21.6432399749756 21.7011013031006 21.7083206176758 21.7254753112793 21.7556667327881 21.751859664917 21.7084808349609 21.6556148529053 21.6533126831055 21.6482372283936 21.6394081115723 21.6634769439697 21.7081031799316 21.7171592712402 21.7306251525879 21.7075386047363 21.6258926391602 21.5627593994141 21.5918273925781
-3.4e+38 -3.4e+38 -3.4e+38 -3.4e+38 18.2641735076904 18.3107662200928 18.2201347351074 18.3158740997314 18.0664672851562 18.1961231231689 18.3905467987061 18.7916927337646 19.3615818023682 19.8334293365479 20.1582221984863 20.3754367828369 20.4990253448486 20.5924873352051 20.9819488525391 21.2075424194336 21.3326950073242 21.5113315582275 21.6288909912109 21.6979732513428 21.7498531341553 21.8076286315918 21.8579158782959 21.8690395355225 21.8847408294678 21.9148006439209 21.9436168670654 21.9845962524414 22.0250911712646 22.0410861968994 22.0056095123291 21.9530162811279 21.9192943572998 21.922679901123 21.9672412872314 22.0102806091309 22.018518447876 21.9612770080566 21.9040431976318 21.8400592803955 21.7597332000732 21.7173881530762 21.7321472167969
-3.4e+38 -3.4e+38 -3.4e+38 -3.4e+38 18.2610301971436 18.2207221984863 18.3107662200928 18.0337619781494 18.1632518768311 18.4409046173096 18.9405136108398 19.5669841766357 20.040470123291 20.3793277740479 20.7143363952637 20.9414749145508 21.1043014526367 21.2520084381104 21.4189224243164 21.5431880950928 21.6729068756104 21.7888374328613 21.8495044708252 21.8769798278809 21.8910465240479 21.8834991455078 21.8794326782227 21.9008884429932 21.9315738677979 21.9668865203857 21.9963130950928 22.0350036621094 22.0709285736084 22.0951843261719 22.112621307373 22.1243991851807 22.1388454437256 22.1701698303223 22.1891784667969 22.1974697113037 22.1862468719482 22.1626224517822 22.0760746002197 21.974365234375 21.8864879608154 21.8368396759033 21.8653812408447
-3.4e+38 -3.4e+38 -3.4e+38 -3.4e+38 -3.4e+38 18.2610301971436 18.0903720855713 18.0258712768555 18.3647499084473 18.8958415985107 19.5499172210693 20.026985168457 20.3755035400391 20.754711151123 21.0762233734131 21.232723236084 21.3866424560547 21.4895935058594 21.5619583129883 21.6561546325684 21.7384128570557 21.7901763916016 21.8096733093262 21.8162689208984 21.8042888641357 21.813663482666 21.8400039672852 21.8499221801758 21.8697261810303 21.9019889831543 21.9390735626221 21.9917640686035 22.0428810119629 22.0814037322998 22.1363525390625 22.2168064117432 22.2938346862793 22.3426933288574 22.3255214691162 22.2708683013916 22.2084045410156 22.1866569519043 22.1658020019531 22.0943908691406 22.022123336792 22.0040607452393 22.0165920257568
-3.4e+38 -3.4e+38 -3.4e+38 -3.4e+38 -3.4e+38 18.1364879608154 17.9011516571045 18.157096862793 18.6734504699707 19.4079456329346 19.9634265899658 20.3001461029053 20.6628131866455 20.998592376709 21.2441711425781 21.3675632476807 21.4619522094727 21.5047588348389 21.5763626098633 21.6381187438965 21.6677188873291 21.6884326934814 21.7253608703613 21.7299251556396 21.7584705352783 21.8004875183105 21.8068943023682 21.7950630187988 21.7937850952148 21.8082160949707 21.8288726806641 21.8894672393799 21.9663219451904 22.0367622375488 22.0849781036377 22.2044677734375 22.3324966430664 22.4096794128418 22.4276371002197 22.3631381988525 22.2856063842773 22.2682266235352 22.2804832458496 22.272611618042 22.243314743042 22.2289657592773 22.258415222168
-3.4e+38 -3.4e+38 19.1523914337158 19.2429504394531 18.5653610229492 18.083381652832 17.9592761993408 18.382698059082 19.0447940826416 19.8575325012207 20.2604312896729 20.6069240570068 21.0035629272461 21.1815166473389 21.3238220214844 21.4155082702637 21.4733200073242 21.5211277008057 21.5526752471924 21.5589733123779 21.5732040405273 21.6336441040039 21.701696395874 21.732852935791 21.7512073516846 21.7524471282959 21.7500076293945 21.7619895935059 21.7649631500244 21.7665996551514 21.7660312652588 21.8034801483154 21.8508529663086 21.9383659362793 22.0454082489014 22.183895111084 22.3250999450684 22.4422225952148 22.4967498779297 22.4889106750488 22.4589347839355 22.4654998779297 22.4841728210449 22.4759254455566 22.4432792663574 22.4202575683594 22.4232196807861
-339999999999999996128486808808066248288.000000000000000 -3.4e+38 -3.4e+38 -3.4e+38 19.3335094451904 18.121036529541 18.1305694580078 18.6665782928467 19.3569622039795 20.0228652954102 20.477409362793 20.9124984741211 21.1770324707031 21.295539855957 21.3635654449463 21.4709129333496 21.5088367462158 21.5253124237061 21.5211277008057 21.4842853546143 21.5232620239258 21.590295791626 21.6231136322021 21.648229598999 21.6314926147461 21.6163215637207 21.5673389434814 21.5926113128662 21.6314353942871 21.6487083435059 21.6713008880615 21.7385540008545 21.808780670166 21.8863372802734 21.9865188598633 22.1802864074707 22.34938621521 22.4632606506348 22.5493927001953 22.5859699249268 22.5584564208984 22.581226348877 22.6077938079834 22.5974826812744 22.5592613220215 22.5152454376221 22.4906044006348
-3.4e+38 -3.4e+38 -3.4e+38 -3.4e+38 18.8548069000244 18.0671329498291 18.3567638397217 19.0011730194092 19.5873718261719 20.2486476898193 20.7118434906006 21.1028232574463 21.2428874969482 21.2986297607422 21.3762893676758 21.505199432373 21.5310649871826 21.5175361633301 21.4645233154297 21.4710063934326 21.4991073608398 21.5692558288574 21.5906505584717 21.6088714599609 21.6156940460205 21.5852355957031 21.5149364471436 21.4865112304688 21.5198917388916 21.542537689209 21.5512962341309 21.5896644592285 21.6994247436523 21.8565406799316 21.9835586547852 22.17653465271 22.3950901031494 22.5187110900879 22.5672798156738 22.6138458251953 22.6382484436035 22.65407371521 22.6669235229492 22.6738452911377 22.6612014770508 22.6411056518555 22.6230888366699
-3.4e+38 -3.4e+38 -3.4e+38 -3.4e+38 18.5708084106445 18.2688007354736 18.4858646392822 19.1600074768066 19.7352657318115 20.4177837371826 20.9264850616455 21.1342620849609 21.2337245941162 21.2499389648438 21.3683032989502 21.4976634979248 21.548885345459 21.5277881622314 21.4775104522705 21.5074214935303 21.5418586730957 21.5851573944092 21.6184043884277 21.6276035308838 21.6340427398682 21.5960922241211 21.5306529998779 21.461353302002 21.442325592041 21.4700393676758 21.4938697814941 21.5377101898193 21.614875793457 21.7796974182129 21.963264465332 22.2147693634033 22.4735221862793 22.6194610595703 22.6255054473877 22.6285457611084 22.65651512146 22.6678161621094 22.6787338256836 22.695276260376 22.7089195251465 22.7206039428711 22.7335815429688
-3.4e+38 -3.4e+38 -3.4e+38 -3.4e+38 19.9408397674561 18.6223659515381 18.5555438995361 19.1192989349365 19.7067317962646 20.3725414276123 20.9189796447754 21.070104598999 21.1747512817383 21.2319240570068 21.3356399536133 21.4551467895508 21.5396747589111 21.5497608184814 21.5192794799805 21.5088672637939 21.5134410858154 21.5112266540527 21.5257453918457 21.5532779693604 21.5672473907471 21.5608081817627 21.5236129760742 21.4732475280762 21.4525852203369 21.4651298522949 21.4879283905029 21.5466938018799 21.6425247192383 21.7525863647461 21.9642181396484 22.2798538208008 22.521900177002 22.7315349578857 22.723783493042 22.6602077484131 22.6481246948242 22.6655979156494 22.6873455047607 22.713939666748 22.7296352386475 22.7459030151367 22.7534732818604
-3.4e+38 -3.4e+38 -3.4e+38 -3.4e+38 19.553804397583 18.7525463104248 18.6050834655762 19.1180019378662 19.635684967041 20.1619529724121 20.7005481719971 20.942138671875 21.1622638702393 21.2622852325439 21.3259792327881 21.4147357940674 21.4992008209229 21.5693111419678 21.59352684021 21.5742168426514 21.5493774414062 21.5780277252197 21.6010150909424 21.6492004394531 21.6773834228516 21.6740818023682 21.681697845459 21.6517601013184 21.5745944976807 21.5380687713623 21.5530204772949 21.6052436828613 21.7026786804199 21.8200130462646 22.0943756103516 22.3343467712402 22.5857276916504 22.7386112213135 22.8283576965332 22.7031917572021 22.6569004058838 22.6860618591309 22.7041187286377 22.72900390625 22.7619800567627 22.7767124176025 22.7946262359619
-3.4e+38 -3.4e+38 -3.4e+38 -3.4e+38 19.4554233551025 18.8856029510498 18.6798858642578 19.0552291870117 19.5484485626221 20.0721683502197 20.5402698516846 20.9323329925537 21.1323146820068 21.2541770935059 21.3333911895752 21.4134979248047 21.4756565093994 21.5363578796387 21.6216926574707 21.7101802825928 21.7490215301514 21.7812347412109 21.8268032073975 21.8393115997314 21.8218975067139 21.8124408721924 21.8045272827148 21.771484375 21.7499504089355 21.7738876342773 21.7864437103271 21.8369827270508 21.9890270233154 22.1254196166992 22.2919368743896 22.4449806213379 22.6347255706787 22.7908115386963 22.8224067687988 22.770133972168 22.6156749725342 22.6061019897461 22.6159515380859 22.6414489746094 22.6774730682373 22.7533550262451 22.8130970001221
-3.4e+38 -3.4e+38 -3.4e+38 -3.4e+38 -3.4e+38 18.9397163391113 18.7773628234863 18.9998188018799 19.5041923522949 20.0329761505127 20.5031185150146 20.9430904388428 21.0460510253906 21.2013416290283 21.3414249420166 21.4427051544189 21.583610534668 21.7768974304199 21.9934597015381 22.2002048492432 22.3244075775146 22.412748336792 22.4488830566406 22.4096870422363 22.3404350280762 22.2726135253906 22.2031021118164 22.1359424591064 22.1072101593018 22.1228923797607 22.1678352355957 22.2549896240234 22.3859615325928 22.5225772857666 22.5979042053223 22.7062435150146 22.772611618042 22.8544006347656 22.8866786956787 22.822696685791 22.6676616668701 22.5666980743408 22.5622482299805 22.5798263549805 22.5891075134277 22.6529598236084 22.7718544006348
-3.4e+38 -3.4e+38 -3.4e+38 -3.4e+38 -3.4e+38 20.0619602203369 18.9660949707031 19.0133209228516 19.5242252349854 20.0168762207031 20.4370594024658 20.7754058837891 20.9208812713623 21.1724414825439 21.46848487854 21.8823642730713 22.212085723877 22.6080417633057 22.8918972015381 23.0125312805176 23.0898857116699 23.1311473846436 23.1446075439453 23.1152019500732 23.0580368041992 23.0069618225098 22.9399700164795 22.8506011962891 22.7809295654297 22.7648048400879 22.7417964935303 22.7528705596924 22.8519382476807 22.9521408081055 22.9562187194824 22.9924049377441 23.0231704711914 22.9616813659668 22.9760036468506 22.9370174407959 22.8034172058105 22.6218566894531 22.5504360198975 22.5768051147461 22.61012840271 22.6526260375977 22.7606201171875
-3.4e+38 -3.4e+38 -3.4e+38 -3.4e+38 -3.4e+38 19.8509712219238 18.957555770874 19.1045093536377 19.596700668335 20.0754165649414 20.3654689788818 20.6670093536377 20.9368324279785 21.3217601776123 21.941614151001 22.4927215576172 22.9502544403076 23.187707901001 23.2923336029053 23.3793067932129 23.4451904296875 23.4823760986328 23.4942646026611 23.4913158416748 23.4525299072266 23.4204216003418 23.363037109375 23.2844581604004 23.2696380615234 23.2755699157715 23.2671298980713 23.2896881103516 23.3235416412354 23.3279895782471 23.3059501647949 23.298755645752 23.2412624359131 23.1684494018555 23.1477489471436 23.0334339141846 22.9474849700928 22.8048286437988 22.6718654632568 22.6197395324707 22.6390533447266 22.6888847351074 22.776876449585
-3.4e+38 -3.4e+38 -3.4e+38 -3.4e+38 -3.4e+38 -3.4e+38 19.2265434265137 19.2097911834717 19.64524269104 20.1097164154053 20.4130840301514 20.7379474639893 21.0621242523193 21.7739410400391 22.6002063751221 23.2273654937744 23.4215850830078 23.4522609710693 23.5035037994385 23.5469722747803 23.5892086029053 23.6243362426758 23.6496143341064 23.6464309692383 23.6317138671875 23.6021862030029 23.564567565918 23.5184440612793 23.4951362609863 23.4846134185791 23.4688606262207 23.4882011413574 23.4858436584473 23.4435653686523 23.4330139160156 23.4103984832764 23.356559753418 23.2978687286377 23.2497806549072 23.1444683074951 23.0599784851074 22.9426040649414 22.8302764892578 22.7461643218994 22.7186889648438 22.7535152435303 22.8281917572021
-3.4e+38 -3.4e+38 -3.4e+38 -3.4e+38 -3.4e+38 -3.4e+38 19.4918193817139 19.3546924591064 19.7041206359863 20.1418075561523 20.5618801116943 20.9053497314453 21.576042175293 22.6620502471924 23.3075389862061 23.6334686279297 23.6026477813721 23.5921173095703 23.6178112030029 23.6630401611328 23.7202854156494 23.74440574646 23.7387351989746 23.7255535125732 23.7001533508301 23.6536922454834 23.6107387542725 23.5777893066406 23.5749015808105 23.5414390563965 23.5216693878174 23.4981880187988 23.4929065704346 23.4689540863037 23.4535732269287 23.4124984741211 23.3764610290527 23.3283042907715 23.2569046020508 23.182315826416 23.1551570892334 23.0904483795166 22.9783248901367 22.8903102874756 22.8480167388916 22.8609771728516 22.9215888977051
-3.4e+38 -3.4e+38 -3.4e+38 -3.4e+38 -3.4e+38 -3.4e+38 19.7481479644775 19.5013771057129 19.8301391601562 20.1705513000488 20.7207221984863 21.6108055114746 22.5557174682617 23.25022315979 23.7161693572998 23.7746467590332 23.7058086395264 23.6710090637207 23.6971797943115 23.7606143951416 23.8273620605469 23.8438243865967 23.8040981292725 23.7746868133545 23.7496032714844 23.7207851409912 23.6756782531738 23.6503219604492 23.6136951446533 23.5882720947266 23.550708770752 23.5270137786865 23.5138530731201 23.4878730773926 23.4590015411377 23.4295959472656 23.3903007507324 23.3416881561279 23.2870788574219 23.2339363098145 23.2053146362305 23.1601848602295 23.0925140380859 23.0375289916992 22.9950866699219 22.9902629852295 23.0378303527832
-3.4e+38 -3.4e+38 -3.4e+38 -3.4e+38 -3.4e+38 20.3375988006592 19.6872844696045 19.6329078674316 19.9743156433105 20.3706531524658 21.2628002166748 22.4378147125244 23.1501007080078 23.6375045776367 23.9250259399414 23.8658924102783 23.7748699188232 23.7491855621338 23.7827625274658 23.8250885009766 23.8995418548584 23.9417915344238 23.9155807495117 23.8620491027832 23.8127212524414 23.7836608886719 23.7567501068115 23.7244148254395 23.6891231536865 23.6695804595947 23.6533393859863 23.6862716674805 23.678186416626 23.6398429870605 23.5904293060303 23.5246124267578 23.4555835723877 23.415096282959 23.3720836639404 23.3174819946289 23.2528343200684 23.1890468597412 23.1588287353516 23.1311702728271 23.0933284759521 23.1024951934814 23.1092910766602
-3.4e+38 -3.4e+38 -3.4e+38 -3.4e+38 20.5850925445557 20.3279399871826 19.5978183746338 19.8015079498291 20.2652053833008 20.9644451141357 22.2169170379639 22.9697284698486 23.5362892150879 23.9106311798096 23.9940490722656 23.9446296691895 23.883056640625 23.850866317749 23.8605499267578 23.8736972808838 23.9398212432861 24.0276660919189 24.0557327270508 24.0058097839355 23.9493350982666 23.9114646911621 23.8505020141602 23.8246040344238 23.8448448181152 23.8541240692139 23.889986038208 23.9314632415771 23.9026317596436 23.8394622802734 23.7769870758057 23.708438873291 23.6132068634033 23.5157432556152 23.4514865875244 23.3983821868896 23.3270378112793 23.2721557617188 23.2367992401123 23.1885833740234 23.1727466583252 23.1522350311279 23.1143398284912
