Ecospace-environmental-drivers/Outputs/ASCII-for-ecospace/Temp-surf/Temp-surf_X2001.01.asc
NCOLS 131 
NROWS 53 
XLLCORNER -98 
YLLCORNER 23.9265270233154 
CELLSIZE 0.133587792515755 
NODATA_value -3.4e+38 
[rows 0 to 20 of 53, columns 47 to 93 of 131]
-3.4e+38 -3.4e+38 -3.4e+38 -3.4e+38 -3.4e+38 -3.4e+38 -3.4e+38 -3.4e+38 -3.4e+38 -3.4e+38 -3.4e+38 -3.4e+38 -3.4e+38 -3.4e+38 -3.4e+38 -3.4e+38 -3.4e+38 -3.4e+38 -3.4e+38 -3.4e+38 -3.4e+38 -3.4e+38 -3.4e+38 -3.4e+38 -3.4e+38 -3.4e+38 -3.4e+38 -3.4e+38 -3.4e+38 -3.4e+38 -3.4e+38 -3.4e+38 -3.4e+38 -3.4e+38 -3.4e+38 -3.4e+38 -3.4e+38 -3.4e+38 -3.4e+38 -3.4e+38 -3.4e+38 -3.4e+38 -3.4e+38 -3.4e+38 -3.4e+38 -3.4e+38 -3.4e+38
-3.4e+38 -3.4e+38 -3.4e+38 -3.4e+38 -3.4e+38 -3.4e+38 -3.4e+38 -3.4e+38 -3.4e+38 -3.4e+38 -3.4e+38 -3.4e+38 -3.4e+38 -3.4e+38 -3.4e+38 -3.4e+38 -3.4e+38 -3.4e+38 -3.4e+38 -3.4e+38 -3.4e+38 -3.4e+38 -3.4e+38 -3.4e+38 -3.4e+38 -3.4e+38 -3.4e+38 -3.4e+38 -3.4e+38 -3.4e+38 -3.4e+38 -3.4e+38 -3.4e+38 -3.4e+38 -3.4e+38 -3.4e+38 -3.4e+38 -3.4e+38 -3.4e+38 -3.4e+38 -3.4e+38 -3.4e+38 -3.4e+38 -3.4e+38 -3.4e+38 -3.4e+38 -3.4e+38
-3.4e+38 -3.4e+38 -3.4e+38 -3.4e+38 -3.4e+38 -3.4e+38 -3.4e+38 -3.4e+38 -3.4e+38 -3.4e+38 -3.4e+38 -3.4e+38 -3.4e+38 -3.4e+38 -3.4e+38 -3.4e+38 -3.4e+38 -3.4e+38 -3.4e+38 -3.4e+38 -3.4e+38 -3.4e+38 -3.4e+38 -3.4e+38 -3.4e+38 -3.4e+38 -3.4e+38 11.5340747833252 11.5159349441528 -3.4e+38 -3.4e+38 -3.4e+38 -3.4e+38 -3.4e+38 -3.4e+38 -3.4e+38 -3.4e+38 -3.4e+38 -3.4e+38 -3.4e+38 -3.4e+38 -3.4e+38 -3.4e+38 -3.4e+38 -3.4e+38 -3.4e+38 -3.4e+38
-3.4e+38 -3.4e+38 -3.4e+38 -3.4e+38 -3.4e+38 -3.4e+38 -3.4e+38 -3.4e+38 -3.4e+38 -3.4e+38 -3.4e+38 -3.4e+38 -3.4e+38 -3.4e+38 -3.4e+38 -3.4e+38 -3.4e+38 -3.4e+38 -3.4e+38 -3.4e+38 -3.4e+38 -3.4e+38 -3.4e+38 -3.4e+38 -3.4e+38 -3.4e+38 -3.4e+38 11.4867544174194 11.4152936935425 -3.4e+38 -3.4e+38 -3.4e+38 -3.4e+38 -3.4e+38 -3.4e+38 -3.4e+38 -3.4e+38 -3.4e+38 -3.4e+38 -3.4e+38 -3.4e+38 -3.4e+38 -3.4e+38 -3.4e+38 -3.4e+38 -3.4e+38 -3.4e+38
-3.4e+38 -3.4e+38 -3.4e+38 -3.4e+38 -3.4e+38 -3.4e+38 -3.4e+38 -3.4e+38 -3.4e+38 12.1363925933838 12.1363925933838 12.1422176361084 12.1240224838257 -3.4e+38 -3.4e+38 -3.4e+38 -3.4e+38 -3.4e+38 11.8111066818237 11.6915521621704 11.6687870025635 11.5791664123535 11.5581178665161 11.6844825744629 11.7763595581055 11.858962059021 11.7000160217285 11.5378437042236 11.8207530975342 12.2936153411865 -3.4e+38 -3.4e+38 14.8336296081543 15.1260757446289 14.6861734390259 15.1759834289551 15.5186576843262 15.3168888092041 15.1915197372437 15.5533876419067 15.5530567169189 15.8581132888794 -3.4e+38 -3.4e+38 -3.4e+38 -3.4e+38 -3.4e+38
-3.4e+38 -3.4e+38 -3.4e+38 -3.4e+38 -3.4e+38 -3.4e+38 -3.4e+38 -3.4e+38 12.1363925933838 12.1363925933838 12.1363925933838 12.1363925933838 12.1480436325073 12.1343669891357 12.0772867202759 -3.4e+38 12.0139055252075 11.9139518737793 11.7575254440308 11.8813982009888 12.2541551589966 12.5450487136841 11.7638673782349 11.9043226242065 11.9449872970581 12.2209949493408 12.1728601455688 12.0570087432861 12.3228483200073 12.3252420425415 13.956241607666 14.3899164199829 14.8458614349365 15.2651109695435 15.7071590423584 16.2222862243652 16.7527027130127 16.7789363861084 16.5077590942383 16.3389072418213 16.3070220947266 15.9885911941528 15.5837821960449 15.32164478302 -3.4e+38 -3.4e+38 -3.4e+38
-3.4e+38 -3.4e+38 -3.4e+38 -3.4e+38 -3.4e+38 -3.4e+38 -3.4e+38 -3.4e+38 12.1613245010376 12.1363925933838 12.1363925933838 12.1363925933838 12.1363925933838 12.1596946716309 12.1640930175781 12.0772867202759 12.0782251358032 11.9861574172974 11.9789381027222 12.2173833847046 12.9312057495117 13.7934675216675 14.3319025039673 14.5140285491943 14.5315895080566 14.675199508667 14.5905847549438 14.1834402084351 14.1657228469849 14.3130903244019 14.8969058990479 15.7193384170532 16.2601432800293 16.69873046875 17.3772315979004 18.1727428436279 18.7031059265137 18.7610244750977 18.4589385986328 18.2365379333496 18.1684494018555 17.8258514404297 17.1111946105957 16.2758312225342 15.5834550857544 15.9645681381226 -3.4e+38
-3.4e+38 -3.4e+38 -3.4e+38 -3.4e+38 -3.4e+38 -3.4e+38 -3.4e+38 -3.4e+38 -3.4e+38 -3.4e+38 12.1363925933838 12.1363925933838 12.1363925933838 -3.4e+38 12.1829957962036 12.2596960067749 12.3102512359619 12.3545141220093 12.1969566345215 12.2662496566772 12.7509441375732 13.6298799514771 14.8710498809814 15.9614324569702 16.6270599365234 16.7969512939453 16.6700210571289 16.4544887542725 16.2820358276367 16.4115772247314 16.9036426544189 17.3325500488281 17.5756969451904 17.9497776031494 18.5530033111572 19.0965538024902 19.3398723602295 19.3533535003662 19.2247581481934 19.0593738555908 18.9920959472656 18.8242835998535 18.3173694610596 17.7449035644531 16.7936840057373 15.9809455871582 15.5001878738403
-3.4e+38 -3.4e+38 -3.4e+38 -3.4e+38 -3.4e+38 -3.4e+38 -3.4e+38 -3.4e+38 -3.4e+38 -3.4e+38 -3.4e+38 -3.4e+38 -3.4e+38 -3.4e+38 12.2153949737549 12.4203128814697 12.4752941131592 12.4585914611816 12.4372873306274 12.4910478591919 12.6742582321167 13.3439512252808 15.020299911499 16.4505062103271 17.3731517791748 17.70729637146 17.6462478637695 17.4297485351562 17.2858695983887 17.5023193359375 17.8210201263428 18.1147861480713 18.5445137023926 18.9880676269531 19.3047218322754 19.491247177124 19.5451240539551 19.4974956512451 19.3713111877441 19.324499130249 19.268123626709 19.15283203125 18.8986988067627 18.4877128601074 17.8872489929199 17.0271339416504 16.03830909729
12.4766759872437 -3.4e+38 -3.4e+38 -3.4e+38 -3.4e+38 -3.4e+38 -3.4e+38 -3.4e+38 -3.4e+38 -3.4e+38 12.9759387969971 12.8095550537109 -3.4e+38 -3.4e+38 -3.4e+38 12.6650218963623 12.7478733062744 12.775821685791 12.6808214187622 12.674129486084 12.6673221588135 13.4976243972778 15.2056150436401 16.734338760376 17.9256458282471 18.4258155822754 18.2940979003906 17.9215316772461 17.7234439849854 18.0041084289551 18.2919273376465 18.5533714294434 18.9177398681641 19.2423267364502 19.405725479126 19.4962062835693 19.5579700469971 19.5567035675049 19.4328861236572 19.3806190490723 19.3209838867188 19.2264518737793 19.0626735687256 18.7330284118652 18.3346157073975 17.7720680236816 16.6490077972412
12.4946422576904 12.4148693084717 -3.4e+38 -3.4e+38 -3.4e+38 -3.4e+38 -3.4e+38 -3.4e+38 -3.4e+38 -3.4e+38 13.2592258453369 13.4778690338135 13.4827184677124 -3.4e+38 -3.4e+38 12.9707460403442 12.9707813262939 13.0470724105835 12.9191913604736 12.7773513793945 12.8806400299072 14.3315095901489 15.8224353790283 17.2138252258301 18.4857749938965 18.8709106445312 18.7282657623291 18.3101692199707 17.9888210296631 18.1858940124512 18.5000495910645 18.7669010162354 18.945779800415 19.2374801635742 19.3773593902588 19.4540023803711 19.5328578948975 19.5775241851807 19.5850563049316 19.5045108795166 19.380241394043 19.3084659576416 19.195686340332 18.9250183105469 18.6842441558838 18.2582893371582 17.1000671386719
12.7383699417114 12.6636047363281 12.8484382629395 13.0717182159424 -3.4e+38 -3.4e+38 -3.4e+38 -3.4e+38 -3.4e+38 -3.4e+38 -3.4e+38 13.3689041137695 13.8417930603027 13.4827184677124 14.1260623931885 13.6895189285278 13.2803907394409 13.1259469985962 13.0407028198242 13.073281288147 14.5252180099487 16.4462203979492 17.6263694763184 18.5372505187988 19.0967788696289 19.1889972686768 19.1138324737549 18.9013652801514 18.6464805603027 18.6870288848877 18.8852863311768 19.0431365966797 19.2396202087402 19.488826751709 19.6589279174805 19.67844581604 19.6923370361328 19.7530536651611 19.7135200500488 19.6490650177002 19.7202835083008 19.7118873596191 19.4817218780518 19.1001682281494 18.8826751708984 18.5888080596924 17.5931053161621
13.29905128479 13.2159261703491 13.1530351638794 13.2136812210083 -3.4e+38 -3.4e+38 -3.4e+38 -3.4e+38 13.1360206604004 13.2263412475586 13.2097768783569 13.6040706634521 13.5280323028564 14.5146293640137 15.5361566543579 15.5569915771484 14.3976182937622 12.9641942977905 13.3734855651855 13.7256231307983 16.1949138641357 18.1417560577393 18.8312072753906 19.275598526001 19.4656581878662 19.4094867706299 19.3618507385254 19.4253063201904 19.4680671691895 19.5626564025879 19.6965255737305 19.9013175964355 20.0015563964844 20.044994354248 20.0449848175049 20.0017890930176 19.9356632232666 19.8923759460449 19.9046363830566 19.8819637298584 19.9715766906738 19.9147453308105 19.7901420593262 19.4816360473633 19.3523902893066 19.3262424468994 19.0524921417236
13.8947582244873 13.7998952865601 13.6683416366577 13.4980125427246 13.4322519302368 13.1742153167725 13.0655755996704 13.0988283157349 13.2097454071045 13.4420385360718 13.6811456680298 13.0940818786621 14.5073146820068 16.5100421905518 17.2139873504639 16.4032325744629 15.351188659668 15.2607545852661 15.1549158096313 16.0157032012939 16.1717071533203 18.5863819122314 19.3070297241211 19.6878852844238 19.9642753601074 20.0806636810303 20.1608257293701 20.2897090911865 20.3727645874023 20.3942584991455 20.3176307678223 20.2403507232666 20.2097129821777 20.2237434387207 20.2054958343506 20.1777687072754 20.1548767089844 20.1024951934814 20.0778656005859 19.9750194549561 20.0023059844971 20.0223636627197 19.9972496032715 19.8988552093506 19.8082847595215 19.9188804626465 19.8290157318115
14.8100824356079 14.5947427749634 14.1220693588257 13.7376260757446 13.6718854904175 13.5578670501709 13.6630954742432 13.840633392334 14.2644815444946 14.6835269927979 15.010534286499 15.5779342651367 17.2341213226318 18.1763896942139 18.3217296600342 18.0522365570068 17.1706848144531 16.1923885345459 17.0457134246826 17.5222492218018 18.0762329101562 18.9931297302246 19.8078899383545 20.2465343475342 20.6213798522949 20.718677520752 20.7181339263916 20.615478515625 20.4939765930176 20.4084911346436 20.3000793457031 20.2986278533936 20.297571182251 20.2756938934326 20.2443351745605 20.198917388916 20.2305927276611 20.2241249084473 20.2181072235107 20.1513118743896 20.0178089141846 20.1549205780029 20.1889133453369 20.1225700378418 20.0641803741455 20.2039566040039 20.1434631347656
15.8376712799072 15.4112787246704 14.7793569564819 14.4533224105835 14.513710975647 14.7622842788696 15.015908241272 15.3449573516846 15.9770383834839 16.5908622741699 17.1685829162598 17.927360534668 18.4623203277588 18.720645904541 18.7298240661621 18.5212898254395 18.1584568023682 17.6825866699219 18.2644786834717 18.5233592987061 19.0363502502441 19.8052597045898 20.4920597076416 20.9022636413574 20.9905529022217 20.9297790527344 20.8061504364014 20.6075630187988 20.3778381347656 20.2739105224609 20.3145771026611 20.3731174468994 20.5487957000732 20.7511920928955 20.6771793365479 20.4810218811035 20.3732585906982 20.3255558013916 20.3331279754639 20.351692199707 20.1549282073975 20.2785301208496 20.3878383636475 20.3817443847656 20.3763408660889 20.377161026001 20.3936004638672
16.3904705047607 16.007152557373 15.7026882171631 15.5882692337036 15.7621278762817 16.2921829223633 16.6423683166504 16.9965438842773 17.4863224029541 17.93310546875 18.43479347229 18.7551078796387 19.0353603363037 19.3330039978027 19.4913063049316 19.2355346679688 18.97487449646 18.9307823181152 19.2300128936768 19.5101165771484 19.8899536132812 20.3178958892822 20.8457183837891 21.205078125 21.1206359863281 20.8690757751465 20.6339988708496 20.4239044189453 20.3681507110596 20.5384960174561 20.7230224609375 20.9895782470703 21.2128734588623 21.2400608062744 20.9921989440918 20.6499538421631 20.5931911468506 20.5005893707275 20.4948711395264 20.5083103179932 20.4089221954346 20.3644905090332 20.4946174621582 20.5430870056152 20.5688533782959 20.6065006256104 20.6150283813477
16.8722743988037 16.8074855804443 16.8312301635742 16.7162437438965 16.7384624481201 17.0723457336426 17.4228210449219 17.7282981872559 18.030200958252 18.3714447021484 18.852855682373 19.3128108978271 19.6583976745605 19.9048252105713 20.0348815917969 19.9878044128418 19.8870048522949 19.8032741546631 20.061882019043 20.3315830230713 20.4866104125977 20.738468170166 21.19211769104 21.2631664276123 20.9583759307861 20.7106075286865 20.6591281890869 20.7899360656738 20.9639167785645 21.1497917175293 21.3268013000488 21.4360694885254 21.6044387817383 21.7682323455811 21.5802192687988 21.138500213623 20.8521518707275 20.6808700561523 20.6328125 20.6235256195068 20.6151790618896 20.6063117980957 20.6386909484863 20.7130680084229 20.706226348877 20.7522220611572 20.807243347168
17.4536323547363 17.3747673034668 17.6666164398193 17.7473278045654 17.7590942382812 17.864330291748 18.062032699585 18.3148250579834 18.6210632324219 18.8953151702881 19.2468662261963 19.6344108581543 19.8724327087402 20.0417709350586 20.0669784545898 20.1780052185059 20.2410068511963 20.2304973602295 20.5215282440186 20.7902374267578 20.9647693634033 21.1584777832031 21.2602500915527 21.1167659759521 21.0328388214111 21.0104064941406 21.107593536377 21.3387889862061 21.4978485107422 21.7073345184326 21.8249835968018 21.9157276153564 22.1355609893799 22.3062477111816 22.3730621337891 22.2482757568359 21.9450435638428 21.6280975341797 21.4183158874512 21.3186416625977 21.2496509552002 21.197717666626 21.1614246368408 21.1163291931152 21.0583744049072 21.0368499755859 21.0470142364502
18.9281578063965 18.7391700744629 18.7560214996338 18.6575050354004 18.6344242095947 18.6359043121338 18.6809406280518 18.7968730926514 18.9416961669922 19.1610374450684 19.4229221343994 19.6037464141846 19.7833976745605 20.0120124816895 20.142728805542 20.2748546600342 20.4519176483154 20.5539321899414 20.9054012298584 21.2291221618652 21.4242172241211 21.4289455413818 21.299388885498 21.2426052093506 21.1897087097168 21.1904907226562 21.3564586639404 21.6231479644775 21.9285869598389 22.0828094482422 22.1105690002441 22.1624813079834 22.3600902557373 22.5031185150146 22.5820732116699 22.6406478881836 22.7059421539307 22.7714347839355 22.7551460266113 22.6355609893799 22.4717483520508 22.2880973815918 22.1089363098145 21.919282913208 21.6935253143311 21.451244354248 21.2446517944336
20.1897506713867 20.1231727600098 19.976469039917 19.8435459136963 19.7338981628418 19.6291084289551 19.5683879852295 19.5556755065918 19.5518341064453 19.5859203338623 19.6578311920166 19.7535858154297 19.8995685577393 20.0863304138184 20.2344589233398 20.380500793457 20.5386333465576 20.7800960540771 21.1348628997803 21.5105724334717 21.7356395721436 21.6858386993408 21.4761142730713 21.4036293029785 21.3585338592529 21.420238494873 21.6366863250732 21.8352699279785 21.9705944061279 22.1086559295654 22.1006641387939 22.1726264953613 22.4105491638184 22.5234127044678 22.5975570678711 22.6589508056641 22.7219409942627 22.8185386657715 22.9133377075195 22.9843673706055 23.0053997039795 22.9323902130127 22.7582569122314 22.5323753356934 22.2957916259766 22.079029083252 21.8890342712402
