Ecospace-environmental-drivers/Outputs/ASCII-for-ecospace/Temp-surf/Temp-surf_X2006.06.asc
NCOLS 131 
NROWS 53 
XLLCORNER -98 
YLLCORNER 23.9265270233154 
CELLSIZE 0.133587792515755 
NODATA_value -3.4e+38 
[rows 0 to 20 of 53, columns 47 to 93 of 131]
-3.4e+38 -3.4e+38 -3.4e+38 -3.4e+38 -3.4e+38 -3.4e+38 -3.4e+38 -3.4e+38 -3.4e+38 -3.4e+38 -3.4e+38 -3.4e+38 -3.4e+38 -3.4e+38 -3.4e+38 -3.4e+38 -3.4e+38 -3.4e+38 -3.4e+38 -3.4e+38 -3.4e+38 -3.4e+38 -3.4e+38 -3.4e+38 -3.4e+38 -3.4e+38 -3.4e+38 -3.4e+38 -3.4e+38 -3.4e+38 -3.4e+38 -3.4e+38 -3.4e+38 -3.4e+38 -3.4e+38 -3.4e+38 -3.4e+38 -3.4e+38 -3.4e+38 -3.4e+38 -3.4e+38 -3.4e+38 -3.4e+38 -3.4e+38 -3.4e+38 -3.4e+38 -3.4e+38
-3.4e+38 -3.4e+38 -3.4e+38 -3.4e+38 -3.4e+38 -3.4e+38 -3.4e+38 -3.4e+38 -3.4e+38 -3.4e+38 -3.4e+38 -3.4e+38 -3.4e+38 -3.4e+38 -3.4e+38 -3.4e+38 -3.4e+38 -3.4e+38 -3.4e+38 -3.4e+38 -3.4e+38 -3.4e+38 -3.4e+38 -3.4e+38 -3.4e+38 -3.4e+38 -3.4e+38 -3.4e+38 -3.4e+38 -3.4e+38 -3.4e+38 -3.4e+38 -3.4e+38 -3.4e+38 -3.4e+38 -3.4e+38 -3.4e+38 -3.4e+38 -3.4e+38 -3.4e+38 -3.4e+38 -3.4e+38 -3.4e+38 -3.4e+38 -3.4e+38 -3.4e+38 -3.4e+38
-3.4e+38 -3.4e+38 -3.4e+38 -3.4e+38 -3.4e+38 -3.4e+38 -3.4e+38 -3.4e+38 -3.4e+38 -3.4e+38 -3.4e+38 -3.4e+38 -3.4e+38 -3.4e+38 -3.4e+38 -3.4e+38 -3.4e+38 -3.4e+38 -3.4e+38 -3.4e+38 -3.4e+38 -3.4e+38 -3.4e+38 -3.4e+38 -3.4e+38 -3.4e+38 -3.4e+38 31.5936450958252 31.6153678894043 -3.4e+38 -3.4e+38 -3.4e+38 -3.4e+38 -3.4e+38 -3.4e+38 -3.4e+38 -3.4e+38 -3.4e+38 -3.4e+38 -3.4e+38 -3.4e+38 -3.4e+38 -3.4e+38 -3.4e+38 -3.4e+38 -3.4e+38 -3.4e+38
-3.4e+38 -3.4e+38 -3.4e+38 -3.4e+38 -3.4e+38 -3.4e+38 -3.4e+38 -3.4e+38 -3.4e+38 -3.4e+38 -3.4e+38 -3.4e+38 -3.4e+38 -3.4e+38 -3.4e+38 -3.4e+38 -3.4e+38 -3.4e+38 -3.4e+38 -3.4e+38 -3.4e+38 -3.4e+38 -3.4e+38 -3.4e+38 -3.4e+38 -3.4e+38 -3.4e+38 31.5513324737549 31.4714794158936 -3.4e+38 -3.4e+38 -3.4e+38 -3.4e+38 -3.4e+38 -3.4e+38 -3.4e+38 -3.4e+38 -3.4e+38 -3.4e+38 -3.4e+38 -3.4e+38 -3.4e+38 -3.4e+38 -3.4e+38 -3.4e+38 -3.4e+38 -3.4e+38
-3.4e+38 -3.4e+38 -3.4e+38 -3.4e+38 -3.4e+38 -3.4e+38 -3.4e+38 -3.4e+38 -3.4e+38 32.0779228210449 32.0779228210449 32.0737762451172 32.0182647705078 -3.4e+38 -3.4e+38 -3.4e+38 -3.4e+38 -3.4e+38 31.6408004760742 31.5869407653809 31.6334342956543 31.6409721374512 31.6327095031738 31.7799491882324 31.7983131408691 31.8192672729492 31.7237071990967 31.5301151275635 31.6507434844971 32.0063705444336 -3.4e+38 -3.4e+38 29.2397918701172 29.0028495788574 29.2431488037109 28.3177299499512 28.0483093261719 28.1537704467773 28.098970413208 27.7479915618896 27.5883750915527 27.6409950256348 -3.4e+38 -3.4e+38 -3.4e+38 -3.4e+38 -3.4e+38
-3.4e+38 -3.4e+38 -3.4e+38 -3.4e+38 -3.4e+38 -3.4e+38 -3.4e+38 -3.4e+38 32.0779228210449 32.0779228210449 32.0779228210449 32.0779228210449 32.0696296691895 32.010814666748 31.9146881103516 -3.4e+38 31.8491611480713 31.8445835113525 31.6444339752197 31.4872455596924 31.3256740570068 31.2890510559082 31.3428535461426 31.4002685546875 31.3730239868164 31.3075084686279 31.2503852844238 31.3638439178467 31.6815795898438 31.9318580627441 29.9746837615967 29.5296421051025 29.2951469421387 28.8945846557617 28.5785140991211 28.4422492980957 28.3897972106934 28.2555561065674 28.1210803985596 28.016019821167 27.8861885070801 27.6031532287598 27.4862594604492 27.7597332000732 -3.4e+38 -3.4e+38 -3.4e+38
-3.4e+38 -3.4e+38 -3.4e+38 -3.4e+38 -3.4e+38 -3.4e+38 -3.4e+38 -3.4e+38 32.0818672180176 32.0779228210449 32.0779228210449 32.0779228210449 32.0779228210449 32.0613403320312 31.9893035888672 31.9146881103516 31.8608646392822 31.7765083312988 31.6492595672607 31.5947532653809 30.9643650054932 30.3807277679443 29.6769943237305 29.5463542938232 29.5511569976807 29.433629989624 29.3064479827881 29.3923530578613 29.44362449646 29.4103240966797 29.224401473999 29.0080318450928 28.8946495056152 28.866418838501 28.7924709320068 28.7372379302979 28.6372184753418 28.5464916229248 28.4374084472656 28.34596824646 28.2453098297119 28.0848560333252 27.821044921875 27.5884761810303 27.7027988433838 27.9717922210693 -3.4e+38
-3.4e+38 -3.4e+38 -3.4e+38 -3.4e+38 -3.4e+38 -3.4e+38 -3.4e+38 -3.4e+38 -3.4e+38 -3.4e+38 32.0779228210449 32.0779228210449 32.0779228210449 -3.4e+38 32.0447540283203 31.9198474884033 31.9173851013184 31.9339122772217 31.9102458953857 31.7679080963135 31.3346309661865 30.9364719390869 29.4501399993896 29.0975933074951 29.0574188232422 29.1895694732666 29.2659378051758 29.2568988800049 29.2123279571533 29.2251319885254 29.2591400146484 29.2627830505371 29.1836185455322 29.0699462890625 28.9866962432861 28.8738536834717 28.7564888000488 28.6864891052246 28.6049766540527 28.5569362640381 28.4562854766846 28.3066482543945 28.1281661987305 27.9346752166748 27.6598701477051 27.7346057891846 28.7898941040039
-3.4e+38 -3.4e+38 -3.4e+38 -3.4e+38 -3.4e+38 -3.4e+38 -3.4e+38 -3.4e+38 -3.4e+38 -3.4e+38 -3.4e+38 -3.4e+38 -3.4e+38 -3.4e+38 32.0133781433105 32.0583877563477 31.9858512878418 31.9410457611084 31.8957328796387 31.8906078338623 31.6808452606201 31.4712867736816 29.5355949401855 29.1998882293701 29.3558082580566 29.4401149749756 29.4305210113525 29.3909816741943 29.4105091094971 29.4431133270264 29.4377422332764 29.3865604400635 29.2225589752197 29.1309299468994 28.9611721038818 28.8350200653076 28.7457523345947 28.6495628356934 28.57008934021 28.550931930542 28.5006542205811 28.3397827148438 28.2553176879883 28.1030960083008 27.9048824310303 27.6916599273682 28.1797485351562
31.185754776001 -3.4e+38 -3.4e+38 -3.4e+38 -3.4e+38 -3.4e+38 -3.4e+38 -3.4e+38 -3.4e+38 -3.4e+38 32.1022071838379 32.184398651123 -3.4e+38 -3.4e+38 -3.4e+38 32.0625457763672 32.0780067443848 32.0523796081543 32.0228614807129 32.0413398742676 31.9236736297607 30.8873805999756 29.3556900024414 29.3861446380615 29.5219192504883 29.5629062652588 29.4328231811523 29.3227939605713 29.3107204437256 29.3989105224609 29.4091529846191 29.3549938201904 29.2532024383545 29.1422100067139 29.0207691192627 28.8840446472168 28.7620220184326 28.6390171051025 28.5231609344482 28.5124664306641 28.5247421264648 28.4006214141846 28.2883453369141 28.1867771148682 28.0252475738525 27.8933925628662 27.9834594726562
31.0891780853271 31.015344619751 -3.4e+38 -3.4e+38 -3.4e+38 -3.4e+38 -3.4e+38 -3.4e+38 -3.4e+38 -3.4e+38 32.0545845031738 32.1848793029785 32.2908744812012 -3.4e+38 -3.4e+38 32.091869354248 32.0710868835449 32.1948852539062 32.2553863525391 32.196159362793 31.528450012207 29.6637516021729 29.4190349578857 29.6616058349609 29.7011413574219 29.7365665435791 29.6656551361084 29.6330947875977 29.5981636047363 29.5934181213379 29.5509834289551 29.4952182769775 29.4384689331055 29.3185920715332 29.1912746429443 29.0096492767334 28.9012336730957 28.7634258270264 28.5719947814941 28.550178527832 28.5853023529053 28.5273628234863 28.3724536895752 28.2903480529785 28.1506977081299 28.0356483459473 28.0376377105713
31.1546535491943 31.0686225891113 31.2761001586914 31.5006198883057 -3.4e+38 -3.4e+38 -3.4e+38 -3.4e+38 -3.4e+38 -3.4e+38 -3.4e+38 32.1352882385254 32.2912178039551 32.2908744812012 32.0553665161133 31.9970855712891 32.3192749023438 32.4264221191406 32.2945098876953 31.5635375976562 29.5197238922119 29.2930583953857 29.6823024749756 29.8083610534668 29.9216060638428 29.9596405029297 29.9221725463867 29.8827724456787 29.8676280975342 29.8068599700928 29.7281188964844 29.6378860473633 29.5382347106934 29.4163246154785 29.2502613067627 29.0930976867676 29.0247211456299 28.8663063049316 28.6936092376709 28.6205196380615 28.5930118560791 28.6325817108154 28.5601482391357 28.4095039367676 28.2629337310791 28.1208305358887 27.8664779663086
31.0127410888672 31.2839260101318 31.5137710571289 31.7119903564453 -3.4e+38 -3.4e+38 -3.4e+38 -3.4e+38 31.9746894836426 32.0238647460938 32.0204162597656 32.0235404968262 32.2501602172852 32.3326148986816 31.5061149597168 31.310453414917 31.6935501098633 31.8630275726318 31.9116592407227 30.3783283233643 28.6626758575439 29.1460113525391 29.7466506958008 29.8732051849365 29.9166488647461 29.875919342041 29.8012886047363 29.7359981536865 29.6683082580566 29.5911483764648 29.4882049560547 29.4451847076416 29.3967666625977 29.3329906463623 29.2189445495605 29.1058788299561 29.0521354675293 28.9284152984619 28.7932662963867 28.7179012298584 28.6290035247803 28.6410903930664 28.6262626647949 28.5019569396973 28.3664302825928 28.2519493103027 28.0515842437744
30.6983089447021 30.8591823577881 31.154764175415 31.4676322937012 31.7115650177002 31.6421070098877 31.7408962249756 31.8128929138184 31.8980808258057 31.9549751281738 32.0222091674805 32.0273017883301 31.7976188659668 31.1056900024414 30.5261878967285 30.8192539215088 31.3814392089844 31.351879119873 31.4003353118896 29.9949207305908 28.0366821289062 28.8394756317139 29.7002849578857 29.848653793335 29.7805938720703 29.6817531585693 29.5539054870605 29.4816589355469 29.4164428710938 29.363317489624 29.3097705841064 29.279483795166 29.2748489379883 29.2477207183838 29.1650085449219 29.100133895874 29.0199279785156 28.9348678588867 28.8678665161133 28.778564453125 28.7098560333252 28.7170505523682 28.6583709716797 28.6080741882324 28.5384082794189 28.4202785491943 28.2813453674316
30.5186252593994 30.6132507324219 30.8380336761475 31.2483139038086 31.5837497711182 31.718578338623 31.856273651123 31.9269218444824 31.8819198608398 31.8349533081055 31.659029006958 30.9457187652588 30.3418083190918 29.948657989502 29.8729858398438 29.9527435302734 29.7569007873535 31.9517650604248 31.7898788452148 30.5558109283447 28.629415512085 29.4760799407959 29.8120460510254 29.6370010375977 29.5076103210449 29.3888912200928 29.2983856201172 29.24560546875 29.2405757904053 29.2769184112549 29.2589454650879 29.2570285797119 29.2424087524414 29.2385311126709 29.1874179840088 29.0675582885742 28.9549179077148 28.9555130004883 28.9406070709229 28.8350410461426 28.7581081390381 28.71897315979 28.6083126068115 28.5265769958496 28.5130062103271 28.4312477111816 28.350191116333
29.8962211608887 30.0780696868896 30.3975486755371 30.7411708831787 30.7880783081055 30.7815837860107 30.8417491912842 30.8143119812012 30.6384315490723 30.4312629699707 30.1662197113037 29.8634757995605 29.7307987213135 29.5578536987305 29.4961185455322 29.4949645996094 29.0900726318359 29.4751396179199 29.0920333862305 29.1346702575684 29.2518177032471 29.4699726104736 29.4800109863281 29.3853359222412 29.312858581543 29.2542686462402 29.2272319793701 29.1965408325195 29.22265625 29.2663803100586 29.2915496826172 29.3105373382568 29.3225879669189 29.242244720459 29.2092838287354 29.0880756378174 28.9622421264648 28.9680500030518 28.9362354278564 28.8537273406982 28.7852668762207 28.7990646362305 28.7045097351074 28.6061172485352 28.5770740509033 28.3996086120605 28.306713104248
29.5561504364014 29.6654491424561 29.8682518005371 30.1867618560791 30.3134803771973 30.2498874664307 30.0907135009766 29.9657821655273 29.7402896881104 29.7263813018799 29.6546459197998 29.5035934448242 29.3561153411865 29.2267837524414 29.2676429748535 29.2692012786865 29.1664524078369 29.1550846099854 29.16139793396 29.1676425933838 29.2768001556396 29.291805267334 29.2559795379639 29.2660789489746 29.1941146850586 29.1435775756836 29.1504611968994 29.1715297698975 29.2481460571289 29.2946319580078 29.3209629058838 29.3509540557861 29.3644790649414 29.2635154724121 29.1650066375732 29.1191062927246 28.9986705780029 28.9715919494629 28.9340686798096 28.8586483001709 28.7905235290527 28.792106628418 28.7893371582031 28.6813907623291 28.5628128051758 28.3498039245605 28.1984443664551
29.1313190460205 29.3004531860352 29.4962921142578 29.7055835723877 29.8379039764404 29.8582458496094 29.8052635192871 29.6910057067871 29.5615940093994 29.5041751861572 29.3693408966064 29.2161979675293 29.0791492462158 29.0948486328125 29.1439037322998 29.0657749176025 29.0194263458252 28.9826946258545 29.0282535552979 29.1251182556152 29.2366886138916 29.2186660766602 29.2203521728516 29.1571922302246 29.134557723999 29.0863285064697 29.1030387878418 29.1729888916016 29.228874206543 29.2647514343262 29.2811393737793 29.2925338745117 29.3600273132324 29.3278827667236 29.1876125335693 29.0945663452148 29.0155448913574 28.9896869659424 28.9318428039551 28.8552207946777 28.8182830810547 28.81667137146 28.7796440124512 28.7364883422852 28.5915546417236 28.4160099029541 28.205099105835
28.802921295166 28.8977222442627 29.0855960845947 29.2477340698242 29.3991260528564 29.4951591491699 29.5119171142578 29.4729156494141 29.4486675262451 29.402660369873 29.3125743865967 29.1827354431152 29.0690650939941 28.9693164825439 28.9143905639648 28.8722896575928 28.8311939239502 28.8547782897949 29.0061550140381 29.1059474945068 29.1352672576904 29.1270217895508 29.1117248535156 29.1361312866211 29.145809173584 29.1166973114014 29.0996017456055 29.1624565124512 29.1979427337646 29.2058258056641 29.2392807006836 29.2938213348389 29.320104598999 29.3323783874512 29.268590927124 29.1524600982666 29.016939163208 28.9781455993652 28.9521503448486 28.8966331481934 28.8562660217285 28.839729309082 28.7843914031982 28.7355175018311 28.649341583252 28.5133934020996 28.3664779663086
28.6233234405518 28.6730270385742 28.7751731872559 28.9233722686768 29.0282974243164 29.1449699401855 29.2014789581299 29.2633075714111 29.3042297363281 29.3231582641602 29.2481994628906 29.1298370361328 28.9507675170898 28.79416847229 28.7774047851562 28.7693176269531 28.767017364502 28.8175563812256 28.9778480529785 29.0238780975342 28.9814395904541 28.9884471893311 29.0176162719727 29.0844783782959 29.1363296508789 29.1457138061523 29.1521377563477 29.1744556427002 29.193998336792 29.2153282165527 29.26904296875 29.2713241577148 29.247522354126 29.2391681671143 29.2343616485596 29.2154293060303 29.093635559082 29.0026798248291 28.9613265991211 28.8831367492676 28.8328800201416 28.8075618743896 28.792688369751 28.7405471801758 28.6603717803955 28.5698108673096 28.4241027832031
28.5205097198486 28.5469055175781 28.5647220611572 28.5906295776367 28.5967845916748 28.6299457550049 28.6823120117188 28.7404174804688 28.8295269012451 28.9324283599854 28.9376983642578 28.8524379730225 28.7187366485596 28.6904029846191 28.7665615081787 28.7703304290771 28.7553443908691 28.7962989807129 28.9347171783447 28.9828205108643 28.9517269134521 28.9574527740479 28.9765777587891 28.9736022949219 29.024528503418 29.1287593841553 29.1656303405762 29.1702880859375 29.1828937530518 29.2174530029297 29.2946968078613 29.2783164978027 29.196949005127 29.1461429595947 29.1465435028076 29.1242504119873 29.0947551727295 29.0442848205566 29.0143280029297 28.9870052337646 28.9451179504395 28.8706760406494 28.7896823883057 28.7380256652832 28.6328144073486 28.5518016815186 28.4453830718994
