Ecospace-environmental-drivers/Outputs/ASCII-for-ecospace/Temp-surf/Temp-surf_X2007.04.asc
NCOLS 131 
NROWS 53 
XLLCORNER -98 
YLLCORNER 23.9265270233154 
CELLSIZE 0.133587792515755 
NODATA_value -3.4e+38 
[rows 21 to 41 of 53, columns 47 to 93 of 131]
22.3904838562012 22.3865699768066 22.3567314147949 22.3871841430664 22.3794994354248 22.354549407959 22.3494834899902 22.3279838562012 22.3959465026855 22.5016231536865 22.6194095611572 22.7173595428467 22.7827587127686 22.8260154724121 22.8666076660156 23.0256881713867 23.2248020172119 23.3054313659668 23.3526382446289 23.384895324707 23.3587341308594 23.2870540618896 23.2556228637695 23.3360385894775 23.5184459686279 23.769006729126 23.987096786499 24.1109752655029 24.2563648223877 24.4004135131836 24.644905090332 24.9438018798828 25.1611671447754 25.3425006866455 25.4210548400879 25.5248718261719 25.5722255706787 25.5905818939209 25.5403709411621 25.4526691436768 25.4112796783447 25.4058284759521 25.4495906829834 25.3968524932861 25.1762638092041 24.7807750701904 24.4744853973389
22.472095489502 22.4217491149902 22.4035377502441 22.4414730072021 22.4708595275879 22.4987773895264 22.5068798065186 22.5861759185791 22.6750564575195 22.6994667053223 22.7613105773926 22.8956279754639 22.9729232788086 23.0325813293457 23.0510196685791 23.1811447143555 23.261905670166 23.2659568786621 23.2354278564453 23.1987323760986 23.2157707214355 23.3336372375488 23.5271034240723 23.7518692016602 24.0145492553711 24.1648006439209 24.2019805908203 24.3455696105957 24.4737968444824 24.6128196716309 24.944860458374 25.2653903961182 25.4788761138916 25.6354885101318 25.7015914916992 25.7567481994629 25.7217884063721 25.6810245513916 25.6541213989258 25.6183624267578 25.5388050079346 25.4632377624512 25.5096130371094 25.4639987945557 25.2686805725098 24.8827323913574 24.5945224761963
22.6828098297119 22.6453037261963 22.6534557342529 22.6876640319824 22.6896495819092 22.7006568908691 22.7532215118408 22.8020935058594 22.8223056793213 22.8354530334473 22.8846874237061 22.9700088500977 22.991325378418 22.9711132049561 23.0252208709717 23.148006439209 23.1417846679688 23.1432113647461 23.2370471954346 23.3270645141602 23.4826259613037 23.6710453033447 23.9237575531006 24.1601161956787 24.2315540313721 24.3067893981934 24.4201202392578 24.5893936157227 24.7019443511963 24.9607543945312 25.3668727874756 25.603479385376 25.7482624053955 25.8250141143799 25.8219108581543 25.7963066101074 25.7574443817139 25.7293510437012 25.7194499969482 25.712100982666 25.6557006835938 25.4792308807373 25.5420570373535 25.5033473968506 25.3163528442383 24.9342460632324 24.6590633392334
22.7375659942627 22.741792678833 22.7332630157471 22.7518577575684 22.7612457275391 22.7892837524414 22.8348197937012 22.865478515625 22.8856391906738 22.95729637146 23.0035152435303 23.0059452056885 23.0185432434082 23.0113506317139 23.1196136474609 23.1731910705566 23.207160949707 23.3197345733643 23.4594230651855 23.6753273010254 23.8618125915527 24.023473739624 24.2164535522461 24.338996887207 24.4449424743652 24.5411376953125 24.6588497161865 24.7786159515381 24.9345092773438 25.3723316192627 25.6531028747559 25.8030281066895 25.8478775024414 25.8146419525146 25.7506122589111 25.7442646026611 25.7215309143066 25.7086868286133 25.7030715942383 25.7003707885742 25.6639995574951 25.5613708496094 25.5088844299316 25.5113677978516 25.3506164550781 24.9362030029297 24.6732387542725
22.7493991851807 22.7499580383301 22.7519626617432 22.7795372009277 22.8150005340576 22.8424167633057 22.8722324371338 22.9025592803955 22.9611110687256 23.0310935974121 23.0836849212646 23.0737056732178 23.0924301147461 23.2046909332275 23.306432723999 23.3634166717529 23.4639377593994 23.622859954834 23.8559837341309 24.0222358703613 24.1032123565674 24.3142204284668 24.444730758667 24.5355167388916 24.6590347290039 24.7277431488037 24.8283348083496 24.9549655914307 25.2879447937012 25.7139320373535 25.8492259979248 25.8577117919922 25.8210582733154 25.7896938323975 25.7466926574707 25.7398128509521 25.7064609527588 25.669864654541 25.6929569244385 25.6861629486084 25.6502933502197 25.6378974914551 25.5167140960693 25.4894638061523 25.376932144165 24.9152984619141 24.6196880340576
22.8886203765869 22.8908634185791 22.892671585083 22.898120880127 22.9437561035156 22.9949359893799 23.0330505371094 23.0791072845459 23.1275386810303 23.1760845184326 23.222692489624 23.270580291748 23.3476276397705 23.5067615509033 23.5583572387695 23.6440486907959 23.7366790771484 23.9333744049072 24.0986404418945 24.2042598724365 24.3866844177246 24.5838165283203 24.6851940155029 24.7606182098389 24.8084583282471 24.9058017730713 25.0410614013672 25.266092300415 25.6550941467285 25.8841419219971 25.8763732910156 25.7914752960205 25.7469215393066 25.7240161895752 25.7225570678711 25.7030296325684 25.6806564331055 25.6777935028076 25.6559371948242 25.6624374389648 25.6562213897705 25.6574535369873 25.5168991088867 25.4813690185547 25.3422908782959 24.7993183135986 24.4773464202881
22.9667530059814 22.9631404876709 22.9838485717773 22.995491027832 23.0345706939697 23.0690288543701 23.1009635925293 23.1417827606201 23.2015724182129 23.2854290008545 23.3659038543701 23.4358406066895 23.5454978942871 23.678108215332 23.7918529510498 23.8358707427979 23.9559631347656 24.2240734100342 24.3132610321045 24.4145545959473 24.60959815979 24.7896919250488 24.8469295501709 24.8983497619629 24.9538192749023 25.0769138336182 25.2103843688965 25.5313167572021 25.8423461914062 25.8918018341064 25.8189582824707 25.7384662628174 25.6904621124268 25.7040882110596 25.7028045654297 25.6858367919922 25.6686687469482 25.6306953430176 25.6029949188232 25.6411972045898 25.644115447998 25.6426105499268 25.5145416259766 25.4542274475098 25.2217082977295 24.6171188354492 24.3630313873291
23.042947769165 23.0261325836182 22.9948539733887 22.9890785217285 23.0179920196533 23.0414295196533 23.1180210113525 23.2144451141357 23.3154296875 23.3925380706787 23.4755897521973 23.519645690918 23.6994304656982 23.852876663208 23.9165191650391 23.9995937347412 24.2735862731934 24.3960819244385 24.4325160980225 24.5469913482666 24.7835903167725 24.8855857849121 24.956974029541 25.0027332305908 25.0780773162842 25.2241649627686 25.4335308074951 25.7664661407471 25.9014949798584 25.8702144622803 25.7693862915039 25.7120418548584 25.6804370880127 25.6920356750488 25.660306930542 25.6823673248291 25.6590328216553 25.6128349304199 25.5934257507324 25.626953125 25.6202125549316 25.6158599853516 25.512056350708 25.3606357574463 24.9623680114746 24.4508647918701 24.4016532897949
23.0766944885254 23.0477409362793 23.0091018676758 22.9898586273193 23.0328674316406 23.0670776367188 23.1952228546143 23.339635848999 23.4399871826172 23.5276126861572 23.5748271942139 23.671516418457 23.865327835083 23.9568901062012 24.0387954711914 24.2891540527344 24.4337139129639 24.4328308105469 24.5053424835205 24.7265396118164 24.8980484008789 24.9954128265381 25.0765609741211 25.0893516540527 25.2037868499756 25.4223098754883 25.6490478515625 25.8691673278809 25.8834838867188 25.8158435821533 25.734432220459 25.6950225830078 25.6671714782715 25.6316661834717 25.6004428863525 25.6132869720459 25.6010246276855 25.5784130096436 25.5812397003174 25.6128730773926 25.5999145507812 25.6235904693604 25.4737663269043 25.2177200317383 24.6750202178955 24.5555381774902 24.4850177764893
23.1075382232666 23.0723972320557 23.0534915924072 23.0264587402344 23.079740524292 23.1819686889648 23.3857841491699 23.5041542053223 23.5428466796875 23.5629634857178 23.6206455230713 23.8330764770508 23.9957218170166 24.1101875305176 24.2815799713135 24.4617118835449 24.4839038848877 24.5119514465332 24.6514930725098 24.9115943908691 25.0232086181641 25.041820526123 25.1356468200684 25.1692485809326 25.3011245727539 25.5223598480225 25.7561988830566 25.8684768676758 25.8350219726562 25.7840538024902 25.733943939209 25.6776123046875 25.6348609924316 25.6006927490234 25.5660915374756 25.5568008422852 25.5730991363525 25.5539588928223 25.586088180542 25.6009883880615 25.6006412506104 25.5318965911865 25.303731918335 25.0096874237061 24.7687969207764 24.6485481262207 24.5847682952881
23.1574573516846 23.143648147583 23.1375408172607 23.0978260040283 23.1969432830811 23.3446884155273 23.4809284210205 23.5336799621582 23.5187473297119 23.5719299316406 23.719217300415 23.9728927612305 24.1284675598145 24.2738914489746 24.4500617980957 24.5206203460693 24.5555000305176 24.6445808410645 24.8197631835938 25.0589618682861 25.0939083099365 25.0772705078125 25.186056137085 25.3096714019775 25.3670997619629 25.5504779815674 25.808256149292 25.8500461578369 25.8008728027344 25.7650928497314 25.7287082672119 25.668966293335 25.6515407562256 25.6075553894043 25.5461082458496 25.5650768280029 25.5553569793701 25.5295810699463 25.5626449584961 25.5578632354736 25.504415512085 25.410795211792 25.1336250305176 24.9511852264404 24.715747833252 24.6219921112061 24.5130004882812
23.221887588501 23.18039894104 23.1952972412109 23.1832103729248 23.2813262939453 23.4027233123779 23.4393920898438 23.4860420227051 23.504451751709 23.5806312561035 23.7492809295654 24.0389766693115 24.230504989624 24.3504486083984 24.5077323913574 24.562047958374 24.6736030578613 24.7993278503418 24.9784526824951 25.1328773498535 25.2005462646484 25.1943550109863 25.2402000427246 25.4349536895752 25.4124431610107 25.5538349151611 25.7733192443848 25.7716827392578 25.7690353393555 25.7422828674316 25.6911106109619 25.6682567596436 25.6562519073486 25.5762214660645 25.5467224121094 25.5714683532715 25.5844802856445 25.5659217834473 25.5566711425781 25.4991817474365 25.4286003112793 25.1861839294434 24.98317527771 24.8814105987549 24.594913482666 24.4903984069824 24.4251270294189
23.5203971862793 23.2666168212891 23.2140121459961 23.2343368530273 23.2946605682373 23.3875694274902 23.4190311431885 23.4821434020996 23.5424423217773 23.6436576843262 23.8195934295654 24.1108322143555 24.2953968048096 24.375036239624 24.5382270812988 24.6525211334229 24.8011379241943 24.9387950897217 25.0651588439941 25.1732006072998 25.262939453125 25.3393325805664 25.2995529174805 25.3587303161621 25.4968967437744 25.5741710662842 25.7187671661377 25.7302055358887 25.7536926269531 25.7359561920166 25.6645851135254 25.6367053985596 25.6421184539795 25.5727310180664 25.52858543396 25.5337963104248 25.5322551727295 25.528003692627 25.5357475280762 25.4661922454834 25.29176902771 24.9874935150146 24.9284057617188 24.667308807373 24.4638404846191 24.4464874267578 24.3964538574219
23.7632274627686 23.5991306304932 23.3268604278564 23.2690334320068 23.310567855835 23.3829040527344 23.4373149871826 23.5090961456299 23.6107769012451 23.6917514801025 23.8545475006104 24.1788139343262 24.3737754821777 24.4378261566162 24.5929069519043 24.7499732971191 24.9204559326172 25.0493450164795 25.1163444519043 25.18288230896 25.2636070251465 25.3823699951172 25.4112873077393 25.345760345459 25.4917984008789 25.5904083251953 25.6284503936768 25.5936584472656 25.6132164001465 25.654239654541 25.6375923156738 25.6267395019531 25.6105251312256 25.5586681365967 25.5508060455322 25.5349178314209 25.5182952880859 25.5410022735596 25.4994773864746 25.3051052093506 25.0761795043945 24.9168453216553 24.7131958007812 24.5298080444336 24.5115566253662 24.5106372833252 24.3815097808838
23.819128036499 23.8004703521729 23.69407081604 23.4160556793213 23.3367786407471 23.3882942199707 23.4351940155029 23.5135593414307 23.6108283996582 23.6821708679199 23.8388652801514 24.2056617736816 24.4271259307861 24.470666885376 24.6332874298096 24.866979598999 25.0137138366699 25.1156845092773 25.1435775756836 25.1804752349854 25.2489376068115 25.3352279663086 25.4530220031738 25.5394020080566 25.4408683776855 25.5795383453369 25.6236724853516 25.5680961608887 25.5499210357666 25.5052642822266 25.5123023986816 25.5214405059814 25.5541648864746 25.5480766296387 25.5459632873535 25.539888381958 25.5327434539795 25.4920902252197 25.3343906402588 25.1054744720459 24.8975257873535 24.722806930542 24.6296157836914 24.6550312042236 24.4887619018555 24.3263130187988 24.4217700958252
23.9259262084961 23.9107418060303 23.8648414611816 23.731517791748 23.5405311584473 23.4788818359375 23.5078144073486 23.5611629486084 23.6151523590088 23.6643848419189 23.7861309051514 24.1028518676758 24.4260120391846 24.5330600738525 24.6932373046875 24.9610214233398 25.1013488769531 25.1351203918457 25.1324214935303 25.1593437194824 25.1925640106201 25.2767906188965 25.4019756317139 25.5453109741211 25.624683380127 25.5802764892578 25.5814399719238 25.5822257995605 25.5230102539062 25.5151844024658 25.4601402282715 25.4154262542725 25.4113674163818 25.4303932189941 25.4586277008057 25.4797058105469 25.456600189209 25.3578853607178 25.1101951599121 24.8133392333984 24.713695526123 24.7558498382568 24.6756267547607 24.48118019104 24.4154777526855 24.5883846282959 24.7246417999268
24.0660743713379 24.0590400695801 24.0380573272705 23.9670333862305 23.7949447631836 23.6379489898682 23.6252708435059 23.6528434753418 23.6872291564941 23.7056522369385 23.7353515625 23.9275207519531 24.3769969940186 24.5445575714111 24.6787033081055 24.9628124237061 25.1168022155762 25.1265850067139 25.1575813293457 25.1742000579834 25.1998691558838 25.2541313171387 25.371675491333 25.5437755584717 25.6989994049072 25.7434463500977 25.6550254821777 25.5827007293701 25.5025577545166 25.4116249084473 25.4606971740723 25.4605712890625 25.4235973358154 25.4423389434814 25.4655532836914 25.417989730835 25.2746562957764 25.0415058135986 24.7457332611084 24.6498527526855 24.7764492034912 24.7207870483398 24.5912609100342 24.6243915557861 24.7137241363525 24.8631210327148 24.9329128265381
24.1539115905762 24.1548938751221 24.1601676940918 24.1435241699219 24.0990829467773 23.9095420837402 23.7228660583496 23.7025909423828 23.7265281677246 23.7450561523438 23.7654113769531 23.8116607666016 24.1893615722656 24.5311412811279 24.5973739624023 24.8723602294922 25.0642509460449 25.1712779998779 25.2355880737305 25.3005294799805 25.2843227386475 25.2885322570801 25.3662967681885 25.5227451324463 25.6039943695068 25.7190914154053 25.8298015594482 25.783390045166 25.5706844329834 25.4670333862305 25.3443775177002 25.2195205688477 25.2224369049072 25.2406787872314 25.2042675018311 25.0647964477539 24.9303112030029 24.7236499786377 24.5840187072754 24.7384300231934 24.7356929779053 24.6605739593506 24.7252101898193 24.7915229797363 24.8888244628906 25.0054531097412 25.1667098999023
24.1974143981934 24.1985054016113 24.192964553833 24.2004623413086 24.198844909668 24.1697959899902 24.0466709136963 23.9077434539795 23.8553581237793 23.8517971038818 23.8679122924805 23.9001522064209 24.0115642547607 24.3962802886963 24.5306835174561 24.7219333648682 24.9817428588867 25.1726245880127 25.3721618652344 25.5229911804199 25.5243701934814 25.5170764923096 25.5072593688965 25.536319732666 25.6029434204102 25.6841812133789 25.7775592803955 25.8871250152588 25.8847808837891 25.7551136016846 25.5956420898438 25.4831867218018 25.3589267730713 25.2895927429199 25.2335796356201 25.139274597168 25.002742767334 24.7911911010742 24.7587413787842 24.7530632019043 24.7523956298828 24.8313636779785 24.9505424499512 25.0803337097168 25.2209720611572 25.3319892883301 25.4239826202393
24.2708187103271 24.2681255340576 24.2612648010254 24.2347869873047 24.2343940734863 24.2266216278076 24.2045269012451 24.1448917388916 24.0644454956055 24.0372200012207 24.0255947113037 24.0249710083008 24.0397529602051 24.2623348236084 24.4947834014893 24.635160446167 24.9362487792969 25.1951885223389 25.3471527099609 25.4746284484863 25.5793151855469 25.6722869873047 25.7282104492188 25.7209625244141 25.6755237579346 25.6627864837646 25.6753463745117 25.7721099853516 25.8199882507324 25.8683128356934 25.9041519165039 25.9113521575928 25.8998107910156 25.8506240844727 25.7100811004639 25.5437183380127 25.2134990692139 24.936954498291 24.8524837493896 24.8906879425049 25.0241870880127 25.1123161315918 25.2114276885986 25.3359718322754 25.4964485168457 25.6008930206299 25.6235084533691
24.3149890899658 24.3173561096191 24.3118190765381 24.2954616546631 24.2858257293701 24.2727947235107 24.2558612823486 24.239839553833 24.1911811828613 24.1332702636719 24.1209678649902 24.1278209686279 24.1358489990234 24.1727714538574 24.4147968292236 24.5529079437256 24.6690979003906 25.0421695709229 25.2236232757568 25.3099327087402 25.3713684082031 25.5681457519531 25.7013053894043 25.7091598510742 25.7283363342285 25.7491817474365 25.7845668792725 25.8637046813965 25.9344940185547 26.0136909484863 26.0534000396729 26.0868167877197 26.1084499359131 26.0866622924805 25.9490547180176 25.7580490112305 25.4668521881104 25.294095993042 25.3236618041992 25.427547454834 25.4662532806396 25.4953308105469 25.5493354797363 25.5974655151367 25.6509704589844 25.6878757476807 25.7098121643066
