Ecospace-environmental-drivers/Outputs/ASCII-for-ecospace/Temp-surf/Temp-surf_X2020.07.asc
NCOLS 131 
NROWS 53 
XLLCORNER -98 
YLLCORNER 23.9265270233154 
CELLSIZE 0.133587792515755 
NODATA_value -3.4e+38 
[rows 21 to 41 of 53, columns 0 to 46 of 131]
-3.4e+38 -3.4e+38 -3.4e+38 -3.4e+38 -3.4e+38 -3.4e+38 28.3576679229736 28.4863586425781 28.4986057281494 28.6987819671631 28.5768527984619 28.5043716430664 28.5388164520264 28.6941528320312 28.8122253417969 28.8975982666016 28.9588508605957 29.0129547119141 29.0575428009033 29.0935173034668 29.1349925994873 29.1657390594482 29.15842628479 29.1741046905518 29.1976852416992 29.2473526000977 29.2930736541748 29.3268222808838 29.3433170318604 29.3616790771484 29.3777160644531 29.375581741333 29.3792514801025 29.3804492950439 29.3786182403564 29.3822174072266 29.3811092376709 29.3414916992188 29.3239231109619 29.3319644927979 29.3476638793945 29.3515014648438 29.3285331726074 29.3402500152588 29.3443355560303 29.3325881958008 29.335786819458
-3.4e+38 -3.4e+38 -3.4e+38 -3.4e+38 -3.4e+38 -3.4e+38 28.2865467071533 28.3001003265381 28.4863586425781 28.310676574707 28.3024387359619 28.4353790283203 28.6470108032227 28.8262615203857 28.9491157531738 29.0159378051758 29.0440158843994 29.0765895843506 29.1017723083496 29.1231155395508 29.1407012939453 29.1715393066406 29.1787929534912 29.1672039031982 29.1603126525879 29.1876487731934 29.2253093719482 29.2500534057617 29.2611694335938 29.2810306549072 29.3119373321533 29.3428688049316 29.362340927124 29.3875160217285 29.4167900085449 29.4195098876953 29.4026126861572 29.3361892700195 29.3224143981934 29.3452033996582 29.3849945068359 29.4015445709229 29.37668800354 29.3800659179688 29.3575744628906 29.3225994110107 29.3250923156738
-3.4e+38 -3.4e+38 -3.4e+38 -3.4e+38 28.0305557250977 28.0875186920166 28.1234073638916 28.2865467071533 28.1273975372314 28.184061050415 28.4132862091064 28.6877193450928 28.875675201416 28.9985504150391 29.0326385498047 29.0599308013916 29.0927753448486 29.1237239837646 29.1546268463135 29.1747417449951 29.1912460327148 29.1893367767334 29.1811676025391 29.1757144927979 29.1824893951416 29.198278427124 29.2313175201416 29.2739372253418 29.3282947540283 29.3811588287354 29.396915435791 29.3992347717285 29.3927116394043 29.4024181365967 29.4165649414062 29.4341373443604 29.3920955657959 29.3507194519043 29.3562507629395 29.3984889984131 29.4042453765869 29.4161529541016 29.4068031311035 29.3803977966309 29.3709850311279 29.3373565673828 29.3153400421143
-3.4e+38 -3.4e+38 -3.4e+38 -3.4e+38 28.0141487121582 27.9899997711182 28.0875186920166 27.9961547851562 28.083776473999 28.3446426391602 28.6799240112305 28.9188842773438 28.989631652832 28.9725608825684 28.9802646636963 29.0286808013916 29.0792045593262 29.1326599121094 29.1821384429932 29.2120666503906 29.227180480957 29.2343482971191 29.2276420593262 29.2345733642578 29.250919342041 29.2701301574707 29.2838268280029 29.2956447601318 29.3189163208008 29.35715675354 29.396203994751 29.418062210083 29.4236793518066 29.4241008758545 29.4264869689941 29.4309310913086 29.3949127197266 29.3760948181152 29.3863830566406 29.3996849060059 29.3876800537109 29.3893070220947 29.4048900604248 29.3860721588135 29.3654155731201 29.3411426544189 29.3194522857666
-3.4e+38 -3.4e+38 -3.4e+38 -3.4e+38 -3.4e+38 28.0141487121582 27.8683300018311 27.880859375 28.1699810028076 28.5629234313965 28.8928718566895 28.9567203521729 28.8980159759521 28.8914012908936 28.9482593536377 29.0196971893311 29.0625228881836 29.1293506622314 29.1754741668701 29.2289047241211 29.2571830749512 29.2497711181641 29.2425212860107 29.2471141815186 29.2522525787354 29.2736625671387 29.2913761138916 29.3076133728027 29.3331489562988 29.3670310974121 29.3979148864746 29.4370079040527 29.4548244476318 29.4274101257324 29.4242744445801 29.4482574462891 29.4474411010742 29.4308338165283 29.4119033813477 29.4117240905762 29.4044551849365 29.4115257263184 29.4161815643311 29.41428565979 29.3957595825195 29.3535308837891 29.3170795440674
-3.4e+38 -3.4e+38 -3.4e+38 -3.4e+38 -3.4e+38 27.8407211303711 27.6431274414062 27.85964012146 28.304328918457 28.7921943664551 28.9413928985596 28.8864555358887 28.8202705383301 28.8424053192139 28.9282989501953 28.9952583312988 29.0564250946045 29.1495895385742 29.2310161590576 29.3002262115479 29.3241863250732 29.327579498291 29.3240013122559 29.2961616516113 29.2906532287598 29.2976417541504 29.3032417297363 29.3269176483154 29.3697929382324 29.3698749542236 29.3987579345703 29.4424533843994 29.481990814209 29.5000762939453 29.4975986480713 29.5109939575195 29.5153293609619 29.50998878479 29.5000896453857 29.4844512939453 29.4374580383301 29.4144172668457 29.403205871582 29.3974761962891 29.3970508575439 29.3909397125244 29.3576946258545
-3.4e+38 -3.4e+38 28.8898849487305 28.8524684906006 28.1332969665527 27.6195163726807 27.5336456298828 27.9644947052002 28.5548458099365 28.8612232208252 28.8766822814941 28.7959461212158 28.7407321929932 28.840353012085 28.9233093261719 29.0278034210205 29.1384963989258 29.2249603271484 29.304967880249 29.3602619171143 29.3681201934814 29.3591575622559 29.3460540771484 29.3354320526123 29.3170948028564 29.3011493682861 29.3086566925049 29.3360767364502 29.3472709655762 29.3581295013428 29.3994655609131 29.4625797271729 29.5093936920166 29.5238246917725 29.5367450714111 29.5341053009033 29.5029296875 29.4777526855469 29.4300231933594 29.378963470459 29.3493843078613 29.3485012054443 29.3494110107422 29.3538818359375 29.3529930114746 29.3327751159668 29.3060474395752
-339999999999999996128486808808066248288.000000000000000 -3.4e+38 -3.4e+38 -3.4e+38 28.8150520324707 27.5013065338135 27.5223350524902 28.1856155395508 28.6884174346924 28.8076496124268 28.7997970581055 28.7132034301758 28.6933135986328 28.8426170349121 28.9578437805176 29.0830192565918 29.2130317687988 29.2938938140869 29.3493633270264 29.3854427337646 29.3821754455566 29.3542804718018 29.3157730102539 29.3041763305664 29.2961902618408 29.2851734161377 29.3037910461426 29.3293514251709 29.3304882049561 29.3489818572998 29.3795566558838 29.4350566864014 29.4694900512695 29.4843482971191 29.5033302307129 29.4752559661865 29.4274673461914 29.3861236572266 29.3481101989746 29.3073673248291 29.2641735076904 29.2419147491455 29.2358989715576 29.2673683166504 29.2680397033691 29.2703399658203 29.2502880096436
-3.4e+38 -3.4e+38 -3.4e+38 -3.4e+38 28.4399929046631 27.370626449585 27.5029716491699 28.2612113952637 28.686803817749 28.7217884063721 28.7259845733643 28.6509323120117 28.6479988098145 28.8736190795898 29.0347347259521 29.1698417663574 29.267951965332 29.3760223388672 29.4387550354004 29.4133682250977 29.391637802124 29.3632297515869 29.3406200408936 29.2868404388428 29.2717304229736 29.2795448303223 29.2891368865967 29.3365669250488 29.3337497711182 29.3571014404297 29.3858776092529 29.4252529144287 29.4563961029053 29.4754886627197 29.4519329071045 29.412914276123 29.4167175292969 29.386209487915 29.3598499298096 29.2854480743408 29.2648963928223 29.2524719238281 29.2218990325928 29.1865425109863 29.1824722290039 29.1881256103516 29.2062129974365
-3.4e+38 -3.4e+38 -3.4e+38 -3.4e+38 28.1251487731934 27.4073715209961 27.4427680969238 28.236255645752 28.6006011962891 28.6097927093506 28.6195449829102 28.5356674194336 28.6107082366943 28.9239234924316 29.12135887146 29.2246894836426 29.339168548584 29.4342479705811 29.458948135376 29.4263305664062 29.4057159423828 29.3718013763428 29.3511142730713 29.3320007324219 29.2917652130127 29.2706298828125 29.3038101196289 29.3382530212402 29.3692970275879 29.3813629150391 29.3933181762695 29.4138221740723 29.4314785003662 29.459903717041 29.4593677520752 29.4404850006104 29.4138793945312 29.4346408843994 29.3722610473633 29.3092994689941 29.3034992218018 29.2649345397949 29.2334232330322 29.1872730255127 29.1640758514404 29.1497344970703 29.1456317901611
-3.4e+38 -3.4e+38 -3.4e+38 -3.4e+38 29.4609603881836 27.6327438354492 27.3792304992676 28.208309173584 28.5108776092529 28.5277824401855 28.5012435913086 28.4351844787598 28.6007328033447 28.9479961395264 29.1404972076416 29.2621898651123 29.4144706726074 29.4624614715576 29.4422187805176 29.4029960632324 29.3970832824707 29.3766193389893 29.3590660095215 29.3512191772461 29.3307819366455 29.2962036132812 29.3126621246338 29.3469581604004 29.3753261566162 29.3904342651367 29.3858470916748 29.401403427124 29.4331455230713 29.4694137573242 29.4754409790039 29.4344139099121 29.431568145752 29.4592227935791 29.3848152160645 29.3144340515137 29.2947998046875 29.2457447052002 29.2175922393799 29.1835956573486 29.1590461730957 29.1583938598633 29.1193332672119
-3.4e+38 -3.4e+38 -3.4e+38 -3.4e+38 29.2174873352051 27.772439956665 27.3029651641846 28.0613384246826 28.4075660705566 28.4292507171631 28.3962001800537 28.385311126709 28.5923271179199 28.9756298065186 29.179859161377 29.3818836212158 29.4524955749512 29.4466114044189 29.4242916107178 29.4110870361328 29.4111251831055 29.3901710510254 29.3724937438965 29.3384475708008 29.3340835571289 29.3233165740967 29.3473815917969 29.3851661682129 29.3990020751953 29.4015254974365 29.4183235168457 29.4404010772705 29.4497947692871 29.4676132202148 29.4416961669922 29.4203796386719 29.4601421356201 29.4550476074219 29.3879528045654 29.3414325714111 29.3186874389648 29.2462882995605 29.173246383667 29.1565475463867 29.1616954803467 29.1558628082275 29.1423797607422
-3.4e+38 -3.4e+38 -3.4e+38 -3.4e+38 29.2792148590088 28.0837879180908 27.3538398742676 27.7085456848145 28.1888275146484 28.3055171966553 28.3217792510986 28.3541812896729 28.7407054901123 29.0612659454346 29.2998867034912 29.4381408691406 29.4317607879639 29.4125709533691 29.4045352935791 29.3993892669678 29.4231853485107 29.4016036987305 29.3813934326172 29.34521484375 29.3292789459229 29.327615737915 29.3907260894775 29.4221591949463 29.4379196166992 29.4171886444092 29.4283409118652 29.4231262207031 29.4234409332275 29.429708480835 29.4057025909424 29.431209564209 29.4595966339111 29.4577198028564 29.4269218444824 29.374885559082 29.3557662963867 29.3085556030273 29.2365837097168 29.1818828582764 29.1659755706787 29.1777629852295 29.1963653564453
-3.4e+38 -3.4e+38 -3.4e+38 -3.4e+38 -3.4e+38 27.9429969787598 27.4282302856445 27.4081993103027 27.9569511413574 28.1796531677246 28.2385578155518 28.3588714599609 28.8376941680908 29.1634197235107 29.3975505828857 29.4357757568359 29.401294708252 29.3880977630615 29.3914337158203 29.3934097290039 29.4326038360596 29.3987979888916 29.3880271911621 29.3500194549561 29.3247108459473 29.3385848999023 29.4371719360352 29.4645175933838 29.464054107666 29.457799911499 29.394624710083 29.4185810089111 29.4406623840332 29.4323425292969 29.4174957275391 29.4256248474121 29.4296340942383 29.4469451904297 29.4365196228027 29.4272708892822 29.3840274810791 29.3655338287354 29.3502750396729 29.2892246246338 29.2447452545166 29.2397766113281 29.2620449066162
-3.4e+38 -3.4e+38 -3.4e+38 -3.4e+38 -3.4e+38 29.9767150878906 27.6187992095947 27.3096332550049 27.8815822601318 28.1083984375 28.123498916626 28.5261936187744 28.9877243041992 29.3255634307861 29.4283866882324 29.4061679840088 29.3816699981689 29.3797855377197 29.3910274505615 29.3750495910645 29.4111232757568 29.3923568725586 29.379430770874 29.3403911590576 29.3274402618408 29.3975868225098 29.4630222320557 29.4566116333008 29.4604473114014 29.4248943328857 29.3819007873535 29.4035987854004 29.432445526123 29.4326648712158 29.402193069458 29.3802070617676 29.391263961792 29.4176120758057 29.4321784973145 29.4319801330566 29.4442577362061 29.4023189544678 29.3887042999268 29.3802185058594 29.3297481536865 29.3038654327393 29.2936573028564
-3.4e+38 -3.4e+38 -3.4e+38 -3.4e+38 -3.4e+38 29.767053604126 27.4303531646729 27.2239646911621 27.7306060791016 27.9629707336426 28.2343006134033 28.7452220916748 29.1803016662598 29.3791484832764 29.4195995330811 29.395450592041 29.3539905548096 29.3792743682861 29.38747215271 29.3727188110352 29.3860492706299 29.3880367279053 29.3557262420654 29.3300724029541 29.3635711669922 29.3992252349854 29.4288425445557 29.4264049530029 29.4162330627441 29.3979797363281 29.3931617736816 29.4017391204834 29.4301147460938 29.4393444061279 29.418098449707 29.4063587188721 29.4077281951904 29.4290409088135 29.4425888061523 29.4477996826172 29.440881729126 29.435453414917 29.4259376525879 29.3996200561523 29.3888397216797 29.3499717712402 29.3096961975098
-3.4e+38 -3.4e+38 -3.4e+38 -3.4e+38 -3.4e+38 -3.4e+38 27.5551357269287 27.0870666503906 27.5827159881592 28.0197372436523 28.4785118103027 29.0134963989258 29.3436431884766 29.418327331543 29.421272277832 29.3824920654297 29.347827911377 29.3756351470947 29.3916206359863 29.3919734954834 29.3716735839844 29.3651599884033 29.3442897796631 29.3542995452881 29.3602600097656 29.375150680542 29.3897380828857 29.3987884521484 29.400785446167 29.3987789154053 29.3914890289307 29.3960666656494 29.430549621582 29.4364910125732 29.4361667633057 29.4299488067627 29.429536819458 29.4235820770264 29.4309673309326 29.4342136383057 29.4327182769775 29.4330406188965 29.4418239593506 29.4543113708496 29.4103546142578 29.3776588439941 29.3549308776855
-3.4e+38 -3.4e+38 -3.4e+38 -3.4e+38 -3.4e+38 -3.4e+38 27.4169635772705 26.9876022338867 27.6146049499512 28.123498916626 28.7080764770508 29.175594329834 29.3856296539307 29.4206161499023 29.4169521331787 29.3599681854248 29.3415241241455 29.3845958709717 29.383581161499 29.386739730835 29.369743347168 29.3574733734131 29.3570423126221 29.3656558990479 29.3282279968262 29.3769111633301 29.3829517364502 29.4048461914062 29.4026489257812 29.3998126983643 29.3884105682373 29.399227142334 29.4657096862793 29.4625225067139 29.4562606811523 29.4389553070068 29.4318714141846 29.4332008361816 29.4339599609375 29.434289932251 29.4301986694336 29.4366550445557 29.4397926330566 29.4477882385254 29.492301940918 29.4703788757324 29.4214477539062
-3.4e+38 -3.4e+38 -3.4e+38 -3.4e+38 -3.4e+38 -3.4e+38 27.631591796875 27.0873432159424 27.7060661315918 28.2855796813965 28.9648876190186 29.3652687072754 29.4267024993896 29.4330539703369 29.3979473114014 29.3249683380127 29.3543357849121 29.3703193664551 29.3588428497314 29.3700771331787 29.3689956665039 29.3646030426025 29.3698081970215 29.3546676635742 29.3371906280518 29.3791942596436 29.3889923095703 29.4086647033691 29.3966789245605 29.4064292907715 29.3989219665527 29.4030914306641 29.4653949737549 29.4608993530273 29.4420185089111 29.4323444366455 29.4270000457764 29.4266109466553 29.4358081817627 29.4447574615479 29.4469566345215 29.4621353149414 29.4715461730957 29.4768047332764 29.4765625 29.4946422576904 29.5029182434082
-3.4e+38 -3.4e+38 -3.4e+38 -3.4e+38 -3.4e+38 28.5414371490479 27.0258693695068 27.2982158660889 27.9128761291504 28.6962604522705 29.2696914672852 29.4344139099121 29.4382915496826 29.4490699768066 29.3890819549561 29.32373046875 29.3602466583252 29.354679107666 29.3282985687256 29.3583850860596 29.3544864654541 29.3668994903564 29.3675422668457 29.3648891448975 29.3546619415283 29.3908214569092 29.3920745849609 29.397388458252 29.3831462860107 29.4033737182617 29.4183349609375 29.418478012085 29.4293117523193 29.470703125 29.4564590454102 29.4469108581543 29.4465084075928 29.454719543457 29.4568500518799 29.4616146087646 29.4700756072998 29.4802684783936 29.4852924346924 29.4849224090576 29.4786586761475 29.4796371459961 29.4890995025635
-3.4e+38 -3.4e+38 -3.4e+38 -3.4e+38 28.4972972869873 27.9353160858154 26.8982982635498 27.6074905395508 28.3872528076172 29.1501045227051 29.4529190063477 29.475341796875 29.4695053100586 29.4638843536377 29.3730735778809 29.3399467468262 29.3745765686035 29.3625469207764 29.3368854522705 29.3594398498535 29.3576374053955 29.3695793151855 29.3647174835205 29.3759803771973 29.3772621154785 29.4134902954102 29.4074440002441 29.4216003417969 29.3981742858887 29.4009170532227 29.4136562347412 29.4285335540771 29.4150161743164 29.4170608520508 29.4417419433594 29.4556159973145 29.4660873413086 29.480712890625 29.4842071533203 29.4855289459229 29.4741802215576 29.4942111968994 29.4950656890869 29.4839782714844 29.4750995635986 29.4740695953369 29.4803867340088
