Ecospace-environmental-drivers/Outputs/ASCII-for-ecospace/Temp-surf/Temp-surf_X2005.01.asc
NCOLS 131 
NROWS 53 
XLLCORNER -98 
YLLCORNER 23.9265270233154 
CELLSIZE 0.133587792515755 
NODATA_value -3.4e+38 
[rows 21 to 41 of 53, columns 47 to 93 of 131]
21.768590927124 21.7077083587646 21.6095485687256 21.4814929962158 21.3523769378662 21.134204864502 21.0096969604492 20.9153022766113 20.9377880096436 21.1458988189697 21.5406246185303 21.8772430419922 22.0603332519531 22.2040328979492 22.2541770935059 22.1619815826416 22.0288963317871 21.8971862792969 21.7785491943359 21.7475547790527 21.676097869873 21.6286582946777 21.6817512512207 21.7807922363281 21.999849319458 22.3277168273926 22.5550174713135 22.6688709259033 22.9651050567627 23.1759853363037 23.2327899932861 23.2494888305664 23.2768707275391 23.340970993042 23.3232326507568 23.0074653625488 22.6293678283691 22.5324935913086 22.5197563171387 22.4278240203857 22.3522796630859 22.265697479248 21.9396896362305 21.8189888000488 21.7686061859131 21.5455722808838 21.4459419250488
22.3177509307861 22.2610034942627 22.231071472168 22.0372219085693 21.7527446746826 21.509183883667 21.3384952545166 21.2994632720947 21.3739109039307 21.5160064697266 21.778018951416 21.9937496185303 22.1291656494141 22.3266983032227 22.347806930542 22.3029594421387 22.2017498016357 22.0448951721191 21.9255294799805 21.9052562713623 21.882116317749 21.8246040344238 21.9181652069092 22.0961322784424 22.3807392120361 22.587739944458 22.7681407928467 22.9174423217773 23.2656364440918 23.4802646636963 23.5501613616943 23.4848709106445 23.4300689697266 23.3896770477295 23.2550144195557 23.1156826019287 22.9727897644043 22.9105224609375 22.8464641571045 22.7029647827148 22.583553314209 22.4012451171875 22.1605777740479 22.0269641876221 22.0160388946533 22.0592994689941 21.8924255371094
22.7624759674072 22.7175483703613 22.6757392883301 22.554479598999 22.3726673126221 22.0130729675293 21.630199432373 21.526123046875 21.5710487365723 21.6719150543213 21.8671131134033 22.0559864044189 22.2857723236084 22.4933738708496 22.5868434906006 22.5588111877441 22.5351829528809 22.4671993255615 22.3044872283936 22.2430591583252 22.2588062286377 22.3999652862549 22.5944347381592 22.7559127807617 22.8744010925293 22.9921588897705 23.0893878936768 23.1932830810547 23.6291923522949 23.8702545166016 23.9149265289307 23.8564605712891 23.7736854553223 23.661340713501 23.6331081390381 23.6539745330811 23.5720901489258 23.4783020019531 23.3944988250732 23.2042942047119 23.0554141998291 22.8730392456055 22.7199840545654 22.5894908905029 22.5287628173828 22.4666233062744 22.3720169067383
23.1663055419922 23.1549415588379 23.0656833648682 22.9289875030518 22.7931480407715 22.4728202819824 22.0854053497314 21.7770748138428 21.7204837799072 21.812198638916 21.9639625549316 22.1107368469238 22.3295021057129 22.5252151489258 22.6435375213623 22.717643737793 22.7507247924805 22.7963275909424 22.701530456543 22.6484298706055 22.7314147949219 22.824779510498 22.9243965148926 23.0311965942383 23.1398754119873 23.2584419250488 23.4152011871338 23.7499599456787 24.0829334259033 24.082691192627 23.9924983978271 23.9401893615723 23.8315334320068 23.8112316131592 23.78955078125 23.8231983184814 23.9045124053955 23.9484786987305 23.9572277069092 23.8653240203857 23.7686462402344 23.6377277374268 23.4704265594482 23.2287349700928 22.970983505249 22.765905380249 22.6012401580811
23.518856048584 23.5475387573242 23.4075164794922 23.160795211792 22.949333190918 22.7194156646729 22.3949794769287 22.0762500762939 21.8799133300781 21.9168472290039 21.9803352355957 22.1313400268555 22.3041076660156 22.4492492675781 22.568338394165 22.7278690338135 22.8256645202637 22.945104598999 23.0168991088867 22.9931831359863 23.0440216064453 23.0787715911865 23.1374053955078 23.2573337554932 23.439868927002 23.710807800293 24.0071430206299 24.210241317749 24.2233657836914 24.1924724578857 24.1152038574219 24.0204811096191 23.9363117218018 23.7886791229248 23.7471256256104 23.7965717315674 23.9263210296631 24.0320816040039 24.0586967468262 24.0424404144287 24.0601711273193 24.0513896942139 23.9239654541016 23.7692489624023 23.5130462646484 23.2212562561035 22.852954864502
23.6979942321777 23.7058696746826 23.5863056182861 23.3555164337158 23.0461521148682 22.8326663970947 22.5638866424561 22.2823638916016 22.0823726654053 22.0444717407227 22.0239009857178 22.1409111022949 22.2747917175293 22.3962898254395 22.5386829376221 22.6718235015869 22.8351802825928 23.0418891906738 23.1681098937988 23.2591190338135 23.2269973754883 23.289888381958 23.3630790710449 23.483341217041 23.771785736084 24.2198715209961 24.4472179412842 24.2284488677979 24.2202949523926 24.2217845916748 24.2234573364258 24.1815891265869 24.0677642822266 23.9289665222168 23.946325302124 24.0115776062012 24.0661602020264 24.0951690673828 24.1297512054443 24.1672401428223 24.1740798950195 24.1465110778809 24.1326160430908 24.0342693328857 23.8718070983887 23.6175479888916 23.2782440185547
23.7055835723877 23.6948356628418 23.6440162658691 23.4373569488525 23.068489074707 22.8581790924072 22.6490592956543 22.4096717834473 22.2639427185059 22.1636600494385 22.0757122039795 22.2018089294434 22.2953414916992 22.3656730651855 22.4761142730713 22.6434650421143 22.8441181182861 23.0745716094971 23.2010040283203 23.3582763671875 23.4600086212158 23.4861221313477 23.5728378295898 23.7701053619385 24.1847991943359 24.4738483428955 24.4387035369873 24.3205223083496 24.2111129760742 24.1205806732178 24.1047763824463 24.1630992889404 24.1786556243896 24.1503219604492 24.1878681182861 24.2766952514648 24.2574348449707 24.3360481262207 24.384729385376 24.3882675170898 24.4215202331543 24.4139728546143 24.2918834686279 24.2266101837158 24.059850692749 23.8148517608643 23.4582481384277
23.7327442169189 23.695592880249 23.580265045166 23.2874450683594 22.9814891815186 22.7850704193115 22.6720581054688 22.5017700195312 22.4018115997314 22.2381439208984 22.099193572998 22.2225551605225 22.2240123748779 22.2763652801514 22.4559421539307 22.6723976135254 22.8578224182129 23.0631084442139 23.2262325286865 23.4214649200439 23.6505870819092 23.7297248840332 23.8191337585449 24.0537395477295 24.3555545806885 24.5021133422852 24.515417098999 24.4601268768311 24.3805408477783 24.3435974121094 24.3292713165283 24.3550930023193 24.4296207427979 24.4656505584717 24.5388259887695 24.6011657714844 24.5088405609131 24.5034961700439 24.5252075195312 24.5378322601318 24.5230503082275 24.5421276092529 24.4940242767334 24.4051647186279 24.3500823974609 24.1159420013428 23.6999568939209
23.7510147094727 23.6554355621338 23.3514823913574 23.0527439117432 22.9222869873047 22.7551136016846 22.6847343444824 22.6361236572266 22.4740695953369 22.2506885528564 22.0611095428467 22.2295932769775 22.2595252990723 22.2555541992188 22.5172595977783 22.8178215026855 22.9661331176758 23.0339965820312 23.2580699920654 23.5058250427246 23.7910594940186 23.9789161682129 24.0652599334717 24.1963500976562 24.3785877227783 24.5996685028076 24.7926464080811 24.8283996582031 24.744327545166 24.6896991729736 24.7555446624756 24.7391452789307 24.7378520965576 24.7429714202881 24.7747344970703 24.8299026489258 24.8087978363037 24.6632862091064 24.6052646636963 24.6600933074951 24.652759552002 24.5998210906982 24.6153411865234 24.5705261230469 24.5479907989502 24.4461555480957 24.1752548217773
23.7315998077393 23.5680503845215 23.2027111053467 23.0816917419434 23.0049533843994 22.7925586700439 22.7428684234619 22.7054042816162 22.5160026550293 22.2431049346924 22.0566082000732 22.2136459350586 22.3368167877197 22.3098773956299 22.4848175048828 22.9090938568115 23.0159683227539 23.1674156188965 23.3558006286621 23.5427837371826 23.7909317016602 24.0117359161377 24.1783218383789 24.2392177581787 24.4428024291992 24.6042022705078 24.7811794281006 24.8669242858887 24.9494228363037 25.0913066864014 25.1001205444336 25.1690425872803 25.1826953887939 25.1236553192139 25.0944519042969 25.0893402099609 25.0298900604248 24.9171981811523 24.8008728027344 24.7650890350342 24.7950992584229 24.7682495117188 24.8077659606934 24.8099403381348 24.7416572570801 24.6905956268311 24.4892921447754
23.7470245361328 23.4887752532959 23.1290264129639 23.1210346221924 23.0865077972412 22.8774929046631 22.7662239074707 22.6772117614746 22.5010242462158 22.2316627502441 22.1750526428223 22.2996311187744 22.375804901123 22.3241691589355 22.4515686035156 22.9082069396973 23.0967445373535 23.3403854370117 23.5058422088623 23.6514835357666 23.7765560150146 23.9248905181885 24.1612720489502 24.324068069458 24.4353466033936 24.6004066467285 24.8323879241943 25.0799007415771 25.206262588501 25.2086715698242 25.3569889068604 25.5097370147705 25.57594871521 25.6161727905273 25.6347122192383 25.6412239074707 25.6228466033936 25.4796619415283 25.2945957183838 25.191650390625 25.1225719451904 25.0353832244873 25.0025157928467 24.9654369354248 24.8960571289062 24.8874626159668 24.7336521148682
23.776668548584 23.5333805084229 23.2487468719482 23.1678276062012 23.1669979095459 22.9257011413574 22.7445373535156 22.6186389923096 22.4174480438232 22.2748260498047 22.3087558746338 22.3195571899414 22.3369464874268 22.3391647338867 22.4643230438232 22.8991813659668 23.2274799346924 23.4680500030518 23.62624168396 23.7409133911133 23.8424301147461 24.0229759216309 24.2254695892334 24.3780384063721 24.52001953125 24.7761764526367 25.1460590362549 25.3084392547607 25.3231143951416 25.3921852111816 25.5779609680176 25.6973152160645 25.7981700897217 25.9465770721436 26.0276336669922 26.0625686645508 26.0319137573242 25.9719524383545 25.8729724884033 25.7369709014893 25.5979042053223 25.4694595336914 25.3214588165283 25.2506713867188 25.1225852966309 25.1373310089111 24.9981536865234
23.8886318206787 23.5895404815674 23.3402633666992 23.2461757659912 23.1640014648438 22.952278137207 22.7314281463623 22.5716457366943 22.4013824462891 22.3332633972168 22.3324127197266 22.3389053344727 22.3364524841309 22.353759765625 22.4710254669189 23.0037689208984 23.3668727874756 23.621467590332 23.8081111907959 23.8804454803467 23.9551067352295 24.1207485198975 24.3249435424805 24.4879455566406 24.6047821044922 24.9750595092773 25.3091487884521 25.4042854309082 25.3871879577637 25.6091861724854 25.8433380126953 25.9940738677979 26.1048622131348 26.1569004058838 26.1849365234375 26.1916904449463 26.1613445281982 26.139289855957 26.1046504974365 26.0413875579834 25.9614753723145 25.8456954956055 25.7177772521973 25.5632133483887 25.3989696502686 25.3586730957031 25.1860466003418
24.1063327789307 23.7254085540771 23.3809185028076 23.2671031951904 23.1734600067139 23.0374431610107 22.7656478881836 22.5610237121582 22.4433784484863 22.3973865509033 22.3256912231445 22.3028125762939 22.3224658966064 22.3883323669434 22.6916961669922 23.1562824249268 23.6279525756836 23.8075046539307 23.9090938568115 23.9415683746338 24.0096092224121 24.17724609375 24.3590278625488 24.5350017547607 24.8291816711426 25.2961368560791 25.4802398681641 25.4706249237061 25.5952415466309 25.9299640655518 26.1294574737549 26.2012748718262 26.2183837890625 26.2283344268799 26.2306022644043 26.2354621887207 26.2198944091797 26.1907958984375 26.1631317138672 26.1470851898193 26.129243850708 26.096227645874 26.0109214782715 25.8384876251221 25.6318511962891 25.512279510498 25.2939262390137
24.2881107330322 23.9609851837158 23.4504661560059 23.2535572052002 23.2040977478027 23.0782241821289 22.8609638214111 22.6324234008789 22.4937496185303 22.4050674438477 22.3406105041504 22.3236560821533 22.4098892211914 22.5405807495117 22.9968299865723 23.551342010498 23.9342975616455 23.9430408477783 23.9370365142822 24.0242042541504 24.131555557251 24.2327919006348 24.4200344085693 24.6498489379883 25.1512126922607 25.477725982666 25.55517578125 25.6175518035889 25.9658794403076 26.1990966796875 26.2514171600342 26.2491092681885 26.2473659515381 26.2467021942139 26.2336044311523 26.2420711517334 26.2408771514893 26.2241039276123 26.1988887786865 26.1833171844482 26.1810913085938 26.1797485351562 26.1523056030273 26.0325603485107 25.8172912597656 25.6087245941162 25.3976955413818
24.3788928985596 24.189582824707 23.6730422973633 23.2520160675049 23.1848945617676 23.1148624420166 22.9532146453857 22.7880668640137 22.6069316864014 22.4821376800537 22.4579582214355 22.5060157775879 22.5547828674316 22.7890491485596 23.3279304504395 23.8662281036377 24.0688896179199 24.0440769195557 24.0425891876221 24.1338348388672 24.21044921875 24.3036136627197 24.4611186981201 24.8944339752197 25.3593273162842 25.5280723571777 25.6720809936523 25.8937950134277 26.1865653991699 26.2879180908203 26.2740230560303 26.2608051300049 26.2526569366455 26.2675457000732 26.2630062103271 26.2407989501953 26.2175846099854 26.2142543792725 26.2209243774414 26.2024593353271 26.1995239257812 26.1997261047363 26.1853828430176 26.0883235931396 25.9627819061279 25.7755966186523 25.5032768249512
24.4277725219727 24.3370780944824 23.9359226226807 23.3692264556885 23.1572914123535 23.123722076416 23.0161399841309 22.9154796600342 22.7764453887939 22.6779975891113 22.657054901123 22.6263084411621 22.7841110229492 23.3086452484131 23.7203598022461 24.0082664489746 24.1229553222656 24.2186737060547 24.1643180847168 24.2076835632324 24.2863750457764 24.400426864624 24.6165714263916 25.1304244995117 25.4547214508057 25.6465511322021 25.8352146148682 26.0172157287598 26.2544918060303 26.293607711792 26.2793483734131 26.2747650146484 26.2562847137451 26.269926071167 26.2402515411377 26.2260265350342 26.2017955780029 26.1974391937256 26.2036590576172 26.1993217468262 26.1969184875488 26.1953468322754 26.2024154663086 26.1641426086426 26.0946369171143 25.8982257843018 25.6902256011963
24.4721202850342 24.3942947387695 24.1991691589355 23.6134204864502 23.2148342132568 23.128568649292 23.0321674346924 22.9721488952637 22.8802642822266 22.8165588378906 22.7216892242432 22.7591495513916 23.1556415557861 23.6557579040527 23.9458274841309 24.068286895752 24.2039833068848 24.3367538452148 24.2884521484375 24.3257732391357 24.3460731506348 24.4915676116943 24.7560615539551 25.2414932250977 25.5763397216797 25.7740211486816 25.8643569946289 26.0306663513184 26.2543468475342 26.2836132049561 26.2739181518555 26.2771148681641 26.2747402191162 26.2557334899902 26.2223644256592 26.188570022583 26.1699829101562 26.1610145568848 26.1647281646729 26.1786785125732 26.1925201416016 26.182596206665 26.1887321472168 26.1810874938965 26.1454982757568 26.0235614776611 25.8419780731201
24.5130634307861 24.4364833831787 24.3514175415039 23.907527923584 23.3763122558594 23.1401138305664 23.0402507781982 22.9373531341553 22.8913154602051 22.838565826416 22.8142070770264 22.9816265106201 23.2713565826416 23.6946353912354 23.9168319702148 24.0774345397949 24.2568702697754 24.3104476928711 24.3383045196533 24.3910312652588 24.4426002502441 24.5726528167725 24.8927574157715 25.3750915527344 25.6336612701416 25.8188705444336 25.8890762329102 26.0009384155273 26.2395076751709 26.291934967041 26.295955657959 26.2914619445801 26.2951622009277 26.2546043395996 26.2154960632324 26.1851177215576 26.158109664917 26.141752243042 26.1312198638916 26.137882232666 26.1646900177002 26.1735324859619 26.173849105835 26.1822395324707 26.1674251556396 26.0595855712891 25.9410762786865
24.5691604614258 24.4944305419922 24.3990345001221 24.1344985961914 23.6814250946045 23.3094444274902 23.0629978179932 22.9065704345703 22.8749828338623 22.9068794250488 22.9824676513672 23.0933094024658 23.1652126312256 23.4390144348145 23.7729263305664 24.06569480896 24.252254486084 24.2835712432861 24.347188949585 24.4388008117676 24.5016956329346 24.6638259887695 24.9978847503662 25.3961143493652 25.6490802764893 25.8097553253174 25.8594722747803 25.9956665039062 26.243824005127 26.3054733276367 26.3066692352295 26.2910919189453 26.2841510772705 26.2360687255859 26.2063808441162 26.1725845336914 26.1422481536865 26.11962890625 26.1017265319824 26.0959663391113 26.1373252868652 26.1637783050537 26.1664772033691 26.1727504730225 26.1720962524414 26.0579643249512 25.9861335754395
24.6326522827148 24.5528087615967 24.4335746765137 24.2555503845215 23.9428176879883 23.5388031005859 23.2442836761475 23.0385227203369 23.0045318603516 23.1433849334717 23.25319480896 23.2337627410889 23.1793041229248 23.3626403808594 23.6598472595215 23.9500026702881 24.1831512451172 24.2452640533447 24.3566436767578 24.464693069458 24.6078319549561 24.717306137085 25.0857238769531 25.3866806030273 25.6319522857666 25.7954063415527 25.8279094696045 25.979455947876 26.21510887146 26.3189468383789 26.3185214996338 26.3075332641602 26.2804756164551 26.2445011138916 26.2146301269531 26.1706027984619 26.138521194458 26.1189994812012 26.1069049835205 26.0998210906982 26.1195468902588 26.1521511077881 26.16650390625 26.1652488708496 26.1561737060547 26.1177978515625 26.0483856201172
