Ecospace-environmental-drivers/Outputs/ASCII-for-ecospace/Temp-surf/Temp-surf_X1995.10.asc
NCOLS 131 
NROWS 53 
XLLCORNER -98 
YLLCORNER 23.9265270233154 
CELLSIZE 0.133587792515755 
NODATA_value -3.4e+38 
[rows 0 to 20 of 53, columns 47 to 93 of 131]
-3.4e+38 -3.4e+38 -3.4e+38 -3.4e+38 -3.4e+38 -3.4e+38 -3.4e+38 -3.4e+38 -3.4e+38 -3.4e+38 -3.4e+38 -3.4e+38 -3.4e+38 -3.4e+38 -3.4e+38 -3.4e+38 -3.4e+38 -3.4e+38 -3.4e+38 -3.4e+38 -3.4e+38 -3.4e+38 -3.4e+38 -3.4e+38 -3.4e+38 -3.4e+38 -3.4e+38 -3.4e+38 -3.4e+38 -3.4e+38 -3.4e+38 -3.4e+38 -3.4e+38 -3.4e+38 -3.4e+38 -3.4e+38 -3.4e+38 -3.4e+38 -3.4e+38 -3.4e+38 -3.4e+38 -3.4e+38 -3.4e+38 -3.4e+38 -3.4e+38 -3.4e+38 -3.4e+38
-3.4e+38 -3.4e+38 -3.4e+38 -3.4e+38 -3.4e+38 -3.4e+38 -3.4e+38 -3.4e+38 -3.4e+38 -3.4e+38 -3.4e+38 -3.4e+38 -3.4e+38 -3.4e+38 -3.4e+38 -3.4e+38 -3.4e+38 -3.4e+38 -3.4e+38 -3.4e+38 -3.4e+38 -3.4e+38 -3.4e+38 -3.4e+38 -3.4e+38 -3.4e+38 -3.4e+38 -3.4e+38 -3.4e+38 -3.4e+38 -3.4e+38 -3.4e+38 -3.4e+38 -3.4e+38 -3.4e+38 -3.4e+38 -3.4e+38 -3.4e+38 -3.4e+38 -3.4e+38 -3.4e+38 -3.4e+38 -3.4e+38 -3.4e+38 -3.4e+38 -3.4e+38 -3.4e+38
-3.4e+38 -3.4e+38 -3.4e+38 -3.4e+38 -3.4e+38 -3.4e+38 -3.4e+38 -3.4e+38 -3.4e+38 -3.4e+38 -3.4e+38 -3.4e+38 -3.4e+38 -3.4e+38 -3.4e+38 -3.4e+38 -3.4e+38 -3.4e+38 -3.4e+38 -3.4e+38 -3.4e+38 -3.4e+38 -3.4e+38 -3.4e+38 -3.4e+38 -3.4e+38 -3.4e+38 23.7728290557861 23.7974033355713 -3.4e+38 -3.4e+38 -3.4e+38 -3.4e+38 -3.4e+38 -3.4e+38 -3.4e+38 -3.4e+38 -3.4e+38 -3.4e+38 -3.4e+38 -3.4e+38 -3.4e+38 -3.4e+38 -3.4e+38 -3.4e+38 -3.4e+38 -3.4e+38
-3.4e+38 -3.4e+38 -3.4e+38 -3.4e+38 -3.4e+38 -3.4e+38 -3.4e+38 -3.4e+38 -3.4e+38 -3.4e+38 -3.4e+38 -3.4e+38 -3.4e+38 -3.4e+38 -3.4e+38 -3.4e+38 -3.4e+38 -3.4e+38 -3.4e+38 -3.4e+38 -3.4e+38 -3.4e+38 -3.4e+38 -3.4e+38 -3.4e+38 -3.4e+38 -3.4e+38 23.7085914611816 23.7407245635986 -3.4e+38 -3.4e+38 -3.4e+38 -3.4e+38 -3.4e+38 -3.4e+38 -3.4e+38 -3.4e+38 -3.4e+38 -3.4e+38 -3.4e+38 -3.4e+38 -3.4e+38 -3.4e+38 -3.4e+38 -3.4e+38 -3.4e+38 -3.4e+38
-3.4e+38 -3.4e+38 -3.4e+38 -3.4e+38 -3.4e+38 -3.4e+38 -3.4e+38 -3.4e+38 -3.4e+38 23.7442245483398 23.7442245483398 23.7463626861572 23.7676563262939 -3.4e+38 -3.4e+38 -3.4e+38 -3.4e+38 -3.4e+38 23.7819595336914 23.7402572631836 23.716890335083 23.6932277679443 23.7071685791016 23.8332538604736 23.831521987915 23.793083190918 23.7344398498535 23.6641216278076 23.8808784484863 24.1652240753174 -3.4e+38 -3.4e+38 25.6462306976318 25.7637939453125 25.5961513519287 25.8828601837158 26.0050029754639 25.9187908172607 25.865629196167 26.1330375671387 26.0726642608643 26.0990581512451 -3.4e+38 -3.4e+38 -3.4e+38 -3.4e+38 -3.4e+38
-3.4e+38 -3.4e+38 -3.4e+38 -3.4e+38 -3.4e+38 -3.4e+38 -3.4e+38 -3.4e+38 23.7442245483398 23.7442245483398 23.7442245483398 23.7442245483398 23.748498916626 23.7732391357422 23.8046607971191 -3.4e+38 23.8246002197266 23.8053073883057 23.7752075195312 23.8070678710938 23.8418083190918 23.8888168334961 23.7141399383545 23.8579635620117 23.8897838592529 24.0310115814209 23.9967403411865 24.1131706237793 24.4004611968994 24.2702045440674 25.2612915039062 25.4387454986572 25.6582679748535 25.8416767120361 25.9590797424316 26.1052856445312 26.211597442627 26.2554302215576 26.2885856628418 26.3132343292236 26.2739295959473 26.1241092681885 25.9255294799805 25.8631610870361 -3.4e+38 -3.4e+38 -3.4e+38
-3.4e+38 -3.4e+38 -3.4e+38 -3.4e+38 -3.4e+38 -3.4e+38 -3.4e+38 -3.4e+38 23.7551975250244 23.7442245483398 23.7442245483398 23.7442245483398 23.7442245483398 23.7527732849121 23.7912940979004 23.8046607971191 23.8318920135498 23.8565425872803 23.8680267333984 23.9328651428223 24.1256866455078 24.3573055267334 24.6070804595947 24.883264541626 24.9671764373779 25.0846652984619 25.1053848266602 25.1027774810791 25.2958316802979 25.4707794189453 25.6808681488037 25.9189929962158 26.0367050170898 26.1556663513184 26.2541179656982 26.3120002746582 26.3035545349121 26.3348484039307 26.3666362762451 26.4331703186035 26.4909381866455 26.4495849609375 26.3009643554688 26.0677795410156 25.9100761413574 25.8306465148926 -3.4e+38
-3.4e+38 -3.4e+38 -3.4e+38 -3.4e+38 -3.4e+38 -3.4e+38 -3.4e+38 -3.4e+38 -3.4e+38 -3.4e+38 23.7442245483398 23.7442245483398 23.7442245483398 -3.4e+38 23.761323928833 23.8549671173096 23.9171695709229 23.9733924865723 23.9609413146973 24.025218963623 24.1364860534668 24.3975219726562 24.8228645324707 25.4652767181396 25.7646369934082 25.8318557739258 25.8126392364502 25.7883033752441 25.8547630310059 26.0349864959717 26.1719665527344 26.2443256378174 26.2696266174316 26.3049716949463 26.3101787567139 26.3206691741943 26.3708343505859 26.4255142211914 26.4385108947754 26.4511833190918 26.4924793243408 26.5641708374023 26.4919357299805 26.3636837005615 26.1774005889893 25.8690643310547 25.3660430908203
-3.4e+38 -3.4e+38 -3.4e+38 -3.4e+38 -3.4e+38 -3.4e+38 -3.4e+38 -3.4e+38 -3.4e+38 -3.4e+38 -3.4e+38 -3.4e+38 -3.4e+38 -3.4e+38 23.7856922149658 23.9184246063232 23.9944343566895 24.0148010253906 24.0505867004395 24.1474723815918 24.2034397125244 24.4732398986816 24.9999103546143 25.659517288208 26.1150207519531 26.2022304534912 26.1459770202637 26.0949897766113 26.1342849731445 26.2244167327881 26.3058681488037 26.3675403594971 26.3503112792969 26.3119068145752 26.3171653747559 26.3321151733398 26.3603610992432 26.4258346557617 26.4850826263428 26.4994964599609 26.4534645080566 26.498571395874 26.6391162872314 26.5969524383545 26.456995010376 26.2368183135986 25.6974258422852
23.9387531280518 -3.4e+38 -3.4e+38 -3.4e+38 -3.4e+38 -3.4e+38 -3.4e+38 -3.4e+38 -3.4e+38 -3.4e+38 24.1136512756348 24.0404815673828 -3.4e+38 -3.4e+38 -3.4e+38 24.0304107666016 24.120906829834 24.1613845825195 24.1594619750977 24.21067237854 24.2860774993896 24.6649188995361 25.322265625 25.9399909973145 26.2866039276123 26.3298625946045 26.2980613708496 26.2684459686279 26.3186016082764 26.3807029724121 26.3995018005371 26.4065265655518 26.276891708374 26.2710437774658 26.2640590667725 26.2562370300293 26.3253574371338 26.3908767700195 26.4751243591309 26.5426692962646 26.5105133056641 26.5042362213135 26.7084789276123 26.7580490112305 26.6460723876953 26.3765068054199 25.866039276123
23.9326686859131 23.81711769104 -3.4e+38 -3.4e+38 -3.4e+38 -3.4e+38 -3.4e+38 -3.4e+38 -3.4e+38 -3.4e+38 24.2368412017822 24.311710357666 24.3367385864258 -3.4e+38 -3.4e+38 24.1423606872559 24.1846714019775 24.2685317993164 24.2764911651611 24.3152980804443 24.5137405395508 25.1143894195557 25.6654663085938 26.2049388885498 26.346996307373 26.3664951324463 26.3766956329346 26.4113883972168 26.4626979827881 26.4823436737061 26.4592609405518 26.3887214660645 26.2578868865967 26.2155570983887 26.2096252441406 26.2562770843506 26.3392238616943 26.3836612701416 26.4169521331787 26.5174007415771 26.5753078460693 26.5378265380859 26.7541980743408 26.8678302764893 26.7549247741699 26.5091896057129 26.1099586486816
23.9736557006836 23.9542922973633 24.1161060333252 24.2327613830566 -3.4e+38 -3.4e+38 -3.4e+38 -3.4e+38 -3.4e+38 -3.4e+38 -3.4e+38 24.2561950683594 24.4303817749023 24.3367385864258 24.5198020935059 24.4177951812744 24.3771381378174 24.373872756958 24.3913116455078 24.5060234069824 25.1499633789062 25.6905040740967 26.1714534759521 26.366491317749 26.3828563690186 26.3982982635498 26.393180847168 26.4000358581543 26.3593444824219 26.3247909545898 26.2897567749023 26.2576179504395 26.2289791107178 26.2785320281982 26.3449668884277 26.4087619781494 26.4208755493164 26.4081192016602 26.3888301849365 26.4084949493408 26.55885887146 26.599739074707 26.7111263275146 26.9128665924072 26.8661251068115 26.7238159179688 26.5324077606201
24.3715114593506 24.2686882019043 24.292781829834 24.2893962860107 -3.4e+38 -3.4e+38 -3.4e+38 -3.4e+38 24.2453651428223 24.2559680938721 24.1910781860352 24.3159046173096 24.321310043335 24.6330986022949 24.9670124053955 25.1221103668213 24.8123760223389 24.4098014831543 24.6451511383057 24.7654476165771 25.5003528594971 26.2165203094482 26.3575630187988 26.3230762481689 26.2766227722168 26.2341079711914 26.206169128418 26.2343215942383 26.259449005127 26.2792129516602 26.3058605194092 26.3365650177002 26.3653659820557 26.3938045501709 26.4073657989502 26.4026660919189 26.4132175445557 26.4211616516113 26.4246482849121 26.4112415313721 26.4622840881348 26.5795917510986 26.6529731750488 26.8449096679688 26.9682235717773 26.9970035552979 27.0057468414307
24.7961559295654 24.7238025665283 24.5447063446045 24.4159164428711 24.3766250610352 24.2851409912109 24.2582492828369 24.2618255615234 24.2800960540771 24.3371524810791 24.3881950378418 24.1019954681396 24.5769462585449 25.3234615325928 25.7014236450195 25.4273490905762 25.1376266479492 25.1484680175781 25.1556072235107 25.3782482147217 25.2688751220703 26.2549533843994 26.3304882049561 26.2936401367188 26.2697238922119 26.2649517059326 26.277904510498 26.3034343719482 26.3189220428467 26.3397960662842 26.3599510192871 26.3608074188232 26.3646392822266 26.363525390625 26.3440227508545 26.3242664337158 26.331579208374 26.3735065460205 26.4064922332764 26.4378910064697 26.4882411956787 26.5403289794922 26.6457843780518 26.7251319885254 26.7905979156494 26.8431072235107 26.9971618652344
25.0530185699463 24.991527557373 24.8416385650635 24.6821117401123 24.6190490722656 24.5492076873779 24.5525054931641 24.5914859771729 24.6926517486572 24.8145885467529 24.9306030273438 25.0142955780029 25.628173828125 26.0269432067871 26.1191749572754 26.0503540039062 25.8200759887695 25.5673961639404 25.77126121521 25.7817211151123 25.9149341583252 26.3847808837891 26.4721641540527 26.4489192962646 26.428783416748 26.4176826477051 26.4083118438721 26.3949871063232 26.3858871459961 26.3834629058838 26.3764343261719 26.3545742034912 26.3349514007568 26.3012638092041 26.2362117767334 26.1810073852539 26.2137126922607 26.2697010040283 26.349048614502 26.405122756958 26.4820251464844 26.5527820587158 26.6350975036621 26.7074451446533 26.7289199829102 26.7544689178467 26.8572368621826
25.584680557251 25.4353122711182 25.256685256958 25.144172668457 25.1876773834229 25.2705173492432 25.291561126709 25.3241233825684 25.4469947814941 25.5885276794434 25.7247982025146 25.8979778289795 26.0715675354004 26.1457824707031 26.1551189422607 26.1390533447266 26.1046962738037 25.9423027038574 26.0488224029541 26.1907577514648 26.4518890380859 26.5564289093018 26.5543785095215 26.5457611083984 26.5357418060303 26.517484664917 26.4920997619629 26.4717273712158 26.4473114013672 26.429874420166 26.4238834381104 26.408540725708 26.3528747558594 26.2684135437012 26.1544036865234 26.111307144165 26.1812973022461 26.2844276428223 26.3768882751465 26.4331207275391 26.5038814544678 26.5985527038574 26.6625938415527 26.7249298095703 26.7770404815674 26.8090038299561 26.8571338653564
25.9057807922363 25.8783760070801 25.7940826416016 25.657169342041 25.6698341369629 25.8123989105225 25.8739547729492 25.8827209472656 25.943000793457 26.0101413726807 26.0831966400146 26.146312713623 26.1782741546631 26.2004737854004 26.2146453857422 26.2375907897949 26.2478485107422 26.2722492218018 26.380895614624 26.541748046875 26.6158695220947 26.6077499389648 26.617395401001 26.6119842529297 26.6282691955566 26.6348514556885 26.5914402008057 26.5421676635742 26.530797958374 26.5236854553223 26.5239944458008 26.5239887237549 26.4895553588867 26.4372901916504 26.3545475006104 26.2541255950928 26.2564430236816 26.3126926422119 26.3923969268799 26.4605655670166 26.5398597717285 26.6424198150635 26.6984596252441 26.7473239898682 26.8118724822998 26.8793430328369 26.9120063781738
26.3313541412354 26.2642250061035 26.1556797027588 26.0531005859375 25.9757061004639 26.0304889678955 26.0845527648926 26.0990200042725 26.1143474578857 26.1451301574707 26.178165435791 26.2229747772217 26.295373916626 26.3022270202637 26.2706451416016 26.3149814605713 26.3529014587402 26.5165481567383 26.619873046875 26.6863842010498 26.7087383270264 26.7120246887207 26.7172012329102 26.7118530273438 26.6878890991211 26.7036800384521 26.7252426147461 26.6506881713867 26.6198501586914 26.6328620910645 26.6391372680664 26.6622829437256 26.6753940582275 26.6559867858887 26.6343841552734 26.6065940856934 26.5534553527832 26.5234184265137 26.5143775939941 26.5258617401123 26.5788726806641 26.6777973175049 26.7205219268799 26.7437381744385 26.7944602966309 26.8733100891113 26.9851570129395
26.6696300506592 26.6048526763916 26.5017280578613 26.3926105499268 26.3343544006348 26.3278388977051 26.3172016143799 26.2972278594971 26.2997303009033 26.2886257171631 26.2862892150879 26.3386344909668 26.3525733947754 26.3335781097412 26.3685264587402 26.4499378204346 26.5638599395752 26.6505088806152 26.6915760040283 26.6904621124268 26.6885585784912 26.7102527618408 26.7452449798584 26.771936416626 26.7908725738525 26.7635231018066 26.7819042205811 26.805850982666 26.7634906768799 26.7570514678955 26.769079208374 26.7844715118408 26.8021049499512 26.8363342285156 26.8621082305908 26.8707733154297 26.8735218048096 26.8766078948975 26.8768615722656 26.885778427124 26.9087333679199 26.9267349243164 26.8991756439209 26.8530101776123 26.8235855102539 26.8253059387207 26.9081745147705
26.7725238800049 26.7210254669189 26.6478939056396 26.6015777587891 26.5684680938721 26.56032371521 26.5436611175537 26.506441116333 26.4696617126465 26.432689666748 26.4116134643555 26.4034881591797 26.376335144043 26.4122104644775 26.5249156951904 26.6223659515381 26.6760444641113 26.6841239929199 26.6561603546143 26.656530380249 26.6678466796875 26.6889457702637 26.7286434173584 26.7763214111328 26.8424797058105 26.8431186676025 26.839916229248 26.8759937286377 26.8953952789307 26.8981323242188 26.8958568572998 26.9135570526123 26.9244594573975 26.9479732513428 26.9871215820312 27.0407028198242 27.0787715911865 27.118480682373 27.1526679992676 27.1511135101318 27.1450176239014 27.1308784484863 27.1116752624512 27.0793590545654 27.017972946167 26.9196548461914 26.9061489105225
26.6548767089844 26.6158885955811 26.6044979095459 26.5867652893066 26.5749549865723 26.5984420776367 26.5876045227051 26.5500545501709 26.4974193572998 26.4537506103516 26.4543018341064 26.4670124053955 26.4974975585938 26.5597496032715 26.654182434082 26.7150211334229 26.7159862518311 26.6945056915283 26.6550483703613 26.6209869384766 26.6285190582275 26.7052307128906 26.7582626342773 26.8069190979004 26.8442077636719 26.8680610656738 26.8548889160156 26.8867263793945 26.9025897979736 26.9341564178467 26.9847850799561 27.0082721710205 27.0663223266602 27.0883045196533 27.1237850189209 27.1708030700684 27.2138652801514 27.2612838745117 27.2892780303955 27.3027877807617 27.3065013885498 27.2801113128662 27.2101078033447 27.1600074768066 27.1185646057129 27.0510787963867 27.0214309692383
