Ecospace-environmental-drivers/Outputs/ASCII-for-ecospace/Temp-surf/Temp-surf_X2004.02.asc
NCOLS 131 
NROWS 53 
XLLCORNER -98 
YLLCORNER 23.9265270233154 
CELLSIZE 0.133587792515755 
NODATA_value -3.4e+38 
[rows 21 to 41 of 53, columns 0 to 46 of 131]
-3.4e+38 -3.4e+38 -3.4e+38 -3.4e+38 -3.4e+38 -3.4e+38 15.613091468811 15.5508880615234 15.5022993087769 15.418475151062 15.3238525390625 15.3896217346191 15.5869626998901 15.7798881530762 15.9807729721069 16.2651596069336 16.6590366363525 17.1199531555176 17.5927391052246 17.9599552154541 18.2172966003418 18.4218692779541 18.6072654724121 18.7004795074463 18.7510299682617 18.8201885223389 18.8827877044678 18.9519004821777 19.0913982391357 19.3249626159668 19.5431842803955 19.5553493499756 19.4282760620117 19.4111022949219 19.4280376434326 19.4716701507568 19.5274524688721 19.5628929138184 19.5583248138428 19.5415840148926 19.5395088195801 19.5254859924316 19.4618015289307 19.4138469696045 19.4008674621582 19.4092445373535 19.39892578125
-3.4e+38 -3.4e+38 -3.4e+38 -3.4e+38 -3.4e+38 -3.4e+38 15.6537389755249 15.6346483230591 15.5508880615234 15.5375356674194 15.6753969192505 15.930627822876 16.2888851165771 16.687406539917 17.0527687072754 17.3556118011475 17.6378574371338 17.9734115600586 18.3771591186523 18.745979309082 19.0593757629395 19.3399677276611 19.6070804595947 19.6987800598145 19.6471977233887 19.5619297027588 19.5221729278564 19.526819229126 19.5088748931885 19.5937652587891 19.7731952667236 19.8969993591309 19.9354362487793 19.9761447906494 19.9091758728027 19.7785968780518 19.79270362854 19.874324798584 19.8946857452393 19.8963985443115 19.8744888305664 19.8697967529297 19.8610343933105 19.8146800994873 19.8082542419434 19.8346691131592 19.862735748291
-3.4e+38 -3.4e+38 -3.4e+38 -3.4e+38 15.7882518768311 15.746470451355 15.7271966934204 15.6537389755249 15.6993188858032 15.9163656234741 16.2813243865967 16.7875728607178 17.3852100372314 17.9572010040283 18.3024559020996 18.4910278320312 18.6417007446289 18.9051475524902 19.2465305328369 19.6931819915771 20.0527381896973 20.3953685760498 20.6247215270996 20.720272064209 20.7004699707031 20.5456504821777 20.396017074585 20.3162155151367 20.2426414489746 20.0721321105957 19.9235076904297 19.9534912109375 19.9205493927002 19.9502124786377 19.9931087493896 19.9778518676758 19.9282970428467 19.9650173187256 20.0563278198242 20.1066112518311 20.1194591522217 20.1130676269531 20.099437713623 20.1074295043945 20.1465625762939 20.1952590942383 20.2215347290039
-3.4e+38 -3.4e+38 -3.4e+38 -3.4e+38 15.828296661377 15.7899885177612 15.746470451355 15.7813816070557 16.0712890625 16.5072078704834 17.0920467376709 17.7731323242188 18.4744071960449 19.0061149597168 19.3057270050049 19.5703716278076 19.7025318145752 19.9389324188232 20.216796875 20.477123260498 20.756591796875 20.9811630249023 21.0986003875732 21.1229858398438 21.0869045257568 21.0439414978027 20.9867095947266 20.935396194458 20.8837738037109 20.8021221160889 20.6792812347412 20.5443286895752 20.4322147369385 20.3297023773193 20.2069034576416 20.0666580200195 20.0577945709229 20.0882682800293 20.1228351593018 20.1677074432373 20.1841526031494 20.2180957794189 20.2975883483887 20.4071006774902 20.4765090942383 20.387716293335 20.2731170654297
-3.4e+38 -3.4e+38 -3.4e+38 -3.4e+38 -3.4e+38 15.828296661377 15.7951974868774 16.0897808074951 16.5958938598633 17.2701072692871 18.0298004150391 18.7892971038818 19.3399810791016 19.5584125518799 19.7906322479248 20.0536632537842 20.1626625061035 20.3512096405029 20.5691795349121 20.8198642730713 21.0408039093018 21.2107734680176 21.313943862915 21.3314514160156 21.3049621582031 21.3126335144043 21.3229885101318 21.3416004180908 21.2986030578613 21.2738952636719 21.2311687469482 21.1102676391602 20.9686870574951 20.8336315155029 20.7024784088135 20.5547885894775 20.4181613922119 20.3330230712891 20.2617626190186 20.2339496612549 20.2841396331787 20.3835411071777 20.4883079528809 20.4989910125732 20.3282375335693 20.1912498474121 20.1657772064209
-3.4e+38 -3.4e+38 -3.4e+38 -3.4e+38 -3.4e+38 15.845009803772 15.9883899688721 16.5143985748291 17.2012977600098 18.0658740997314 18.9124622344971 19.4343490600586 19.7125873565674 19.9965667724609 20.0987777709961 20.2100429534912 20.3438301086426 20.6056747436523 20.761625289917 20.9148960113525 21.1381149291992 21.3629245758057 21.5472679138184 21.5665912628174 21.5751342773438 21.6149349212646 21.6624069213867 21.6826324462891 21.6427822113037 21.575439453125 21.5137100219727 21.3974514007568 21.3139305114746 21.1841735839844 21.040168762207 20.9287033081055 20.8382129669189 20.7569427490234 20.6266918182373 20.5173969268799 20.4470748901367 20.4828281402588 20.5002365112305 20.2772350311279 20.1554508209229 20.2332878112793 20.2833499908447
-3.4e+38 -3.4e+38 16.2789402008057 16.2437934875488 16.0508842468262 15.8969888687134 16.2728958129883 16.9421348571777 17.7552852630615 18.7028026580811 19.3611698150635 19.6991405487061 19.9449615478516 20.1392860412598 20.1875400543213 20.2886123657227 20.5937271118164 20.8579483032227 21.0488109588623 21.1798419952393 21.4056224822998 21.7046356201172 21.7924213409424 21.7541618347168 21.7818450927734 21.8374862670898 21.9274024963379 21.9535045623779 21.9265232086182 21.8689022064209 21.7428436279297 21.6283378601074 21.5419139862061 21.4380874633789 21.3077354431152 21.1808109283447 21.0767517089844 20.9461059570312 20.8652763366699 20.7758522033691 20.6102886199951 20.5127582550049 20.3708381652832 20.2092914581299 20.246395111084 20.3091640472412 20.2914180755615
-339999999999999996128486808808066248288.000000000000000 -3.4e+38 -3.4e+38 -3.4e+38 16.208646774292 16.0248374938965 16.5900344848633 17.3172283172607 18.179931640625 19.0511894226074 19.6256923675537 19.8780994415283 20.1114768981934 20.1875076293945 20.2265148162842 20.4213066101074 20.793176651001 21.0422115325928 21.2776927947998 21.4577751159668 21.6823959350586 21.890007019043 21.9366912841797 21.95090675354 21.9513244628906 21.972412109375 22.1091175079346 22.1410140991211 22.1323833465576 22.0187301635742 21.8543949127197 21.7470817565918 21.6641025543213 21.5808792114258 21.4991798400879 21.3850955963135 21.2667121887207 21.1385726928711 21.0520973205566 20.9039878845215 20.6666011810303 20.4844417572021 20.3524971008301 20.3167610168457 20.3554801940918 20.3460426330566 20.2570934295654
-3.4e+38 -3.4e+38 -3.4e+38 -3.4e+38 16.1465473175049 16.1621246337891 16.8365383148193 17.5735206604004 18.4033908843994 19.3112621307373 19.7842903137207 20.0385780334473 20.2467956542969 20.2046070098877 20.2761821746826 20.5677242279053 20.9706916809082 21.2380695343018 21.4506511688232 21.6106128692627 21.7677707672119 22.0152072906494 22.1191864013672 22.1241035461426 22.0784797668457 22.0703830718994 22.1381568908691 22.1893329620361 22.0925159454346 21.9074478149414 21.6533260345459 21.4953079223633 21.4544696807861 21.4625205993652 21.4746417999268 21.423921585083 21.357551574707 21.2668361663818 21.1872215270996 20.9599056243896 20.7265491485596 20.6600494384766 20.5557498931885 20.5191478729248 20.4151668548584 20.353702545166 20.2979888916016
-3.4e+38 -3.4e+38 -3.4e+38 -3.4e+38 16.2437496185303 16.2393360137939 16.871618270874 17.6297149658203 18.5211849212646 19.394983291626 19.8155364990234 20.1243419647217 20.3198432922363 20.2410335540771 20.3786888122559 20.7816619873047 21.1615009307861 21.3739337921143 21.5540962219238 21.7172336578369 21.9113616943359 22.1694469451904 22.1814441680908 22.2082347869873 22.1729202270508 22.0996475219727 22.0938835144043 22.0873184204102 21.8598480224609 21.5411643981934 21.2225761413574 21.1427822113037 21.1143016815186 21.1163425445557 21.1838417053223 21.2141819000244 21.2626667022705 21.2858009338379 21.2769374847412 21.0421829223633 20.8443393707275 20.8835735321045 20.7916831970215 20.7361335754395 20.6319103240967 20.4543991088867 20.378002166748
-3.4e+38 -3.4e+38 -3.4e+38 -3.4e+38 16.776834487915 16.3078517913818 16.7465400695801 17.4984283447266 18.3851947784424 19.2695732116699 19.7517166137695 20.0812549591064 20.3306331634521 20.3924827575684 20.5956325531006 20.9546051025391 21.207218170166 21.425724029541 21.6031284332275 21.8107032775879 21.9892082214355 22.1672763824463 22.2228984832764 22.2470531463623 22.2963752746582 22.1724033355713 22.1114253997803 21.9966106414795 21.5890636444092 21.3106918334961 21.181266784668 21.1831836700439 21.0579624176025 21.0025978088379 21.038890838623 21.0642490386963 21.1507797241211 21.2142429351807 21.2587013244629 21.1217517852783 21.0447120666504 20.9954605102539 20.9325008392334 20.924840927124 20.8592529296875 20.6575679779053 20.5014095306396
-3.4e+38 -3.4e+38 -3.4e+38 -3.4e+38 17.0013999938965 16.4697360992432 16.6447486877441 17.3022499084473 18.0602283477783 18.9027004241943 19.5849075317383 19.9231929779053 20.2458896636963 20.4393978118896 20.6753578186035 20.9818820953369 21.1718578338623 21.4706840515137 21.6492557525635 21.9045276641846 22.0695495605469 22.1407737731934 22.2005825042725 22.3097801208496 22.4226684570312 22.2416076660156 22.142017364502 21.8947296142578 21.4542369842529 21.3832187652588 21.2901191711426 21.165807723999 21.0662498474121 21.016450881958 21.0267181396484 21.0284595489502 21.1229248046875 21.2428340911865 21.2485466003418 21.1854629516602 21.1702651977539 21.0178546905518 20.9826564788818 21.0204124450684 21.0684719085693 20.8355865478516 20.6688499450684
-3.4e+38 -3.4e+38 -3.4e+38 -3.4e+38 17.0444946289062 16.8270263671875 16.6707668304443 17.1316776275635 17.8096942901611 18.4983367919922 19.2239646911621 19.678071975708 20.0752143859863 20.3773822784424 20.6578197479248 20.9337463378906 21.1801414489746 21.5793056488037 21.7385005950928 21.9698886871338 22.1046199798584 22.1842288970947 22.2126274108887 22.3432941436768 22.4753475189209 22.3537578582764 22.2013282775879 21.8912754058838 21.5213432312012 21.3904228210449 21.367223739624 21.2279376983643 21.108606338501 21.0877380371094 21.0718059539795 21.1068897247314 21.1930770874023 21.2844066619873 21.2536697387695 21.245138168335 21.1587562561035 21.0267562866211 20.9941444396973 21.0632705688477 21.1566352844238 21.0138664245605 20.797737121582
-3.4e+38 -3.4e+38 -3.4e+38 -3.4e+38 -3.4e+38 16.8810920715332 16.8269653320312 17.0947360992432 17.6730766296387 18.273645401001 18.8758029937744 19.3974304199219 19.8745937347412 20.3025646209717 20.6127395629883 20.8945274353027 21.2422904968262 21.6667633056641 21.7932529449463 21.9353713989258 22.0599308013916 22.180850982666 22.2087001800537 22.3241653442383 22.4590492248535 22.4188404083252 22.3620319366455 21.9738368988037 21.689790725708 21.4622192382812 21.4217491149902 21.3718013763428 21.2311382293701 21.1952056884766 21.2120552062988 21.2585124969482 21.2892818450928 21.3019695281982 21.2553386688232 21.2716426849365 21.1847267150879 21.056037902832 21.0341205596924 21.1318340301514 21.1791706085205 21.1216068267822 20.878812789917
-3.4e+38 -3.4e+38 -3.4e+38 -3.4e+38 -3.4e+38 17.6323127746582 17.0416069030762 17.2037448883057 17.6520099639893 18.2409629821777 18.7420463562012 19.2608070373535 19.7779178619385 20.2645683288574 20.5849514007568 20.8736972808838 21.2071170806885 21.5644912719727 21.7728137969971 21.8784694671631 21.9746627807617 22.1409015655518 22.200813293457 22.3182106018066 22.4209175109863 22.4532470703125 22.4950752258301 22.2270088195801 21.8797626495361 21.6687679290771 21.4372253417969 21.3949069976807 21.3149452209473 21.3178825378418 21.3473300933838 21.3762512207031 21.3803367614746 21.3334732055664 21.2881164550781 21.2405452728271 21.1784000396729 21.0857028961182 21.0801982879639 21.1663303375244 21.1918430328369 21.1669578552246 20.9758243560791
-3.4e+38 -3.4e+38 -3.4e+38 -3.4e+38 -3.4e+38 17.8562469482422 17.2528419494629 17.4120178222656 17.7811050415039 18.3584156036377 18.8467254638672 19.2767848968506 19.8416938781738 20.2609939575195 20.5505065917969 20.8348693847656 21.1914558410645 21.5562648773193 21.7149143218994 21.8166027069092 21.8873958587646 22.0782680511475 22.1777057647705 22.2929496765137 22.4196643829346 22.4649143218994 22.5554962158203 22.517557144165 22.164852142334 21.9069576263428 21.7021408081055 21.4959697723389 21.4015846252441 21.4693603515625 21.5408782958984 21.626989364624 21.6338939666748 21.4870929718018 21.3623676300049 21.2562770843506 21.1478500366211 21.0961055755615 21.1107044219971 21.1287403106689 21.1608390808105 21.2130069732666 21.1229476928711
-3.4e+38 -3.4e+38 -3.4e+38 -3.4e+38 -3.4e+38 -3.4e+38 17.5522289276123 17.6226425170898 17.9204292297363 18.4719867706299 18.9265079498291 19.4043388366699 19.9571342468262 20.2577476501465 20.5311603546143 20.8572235107422 21.3447647094727 21.6601829528809 21.618932723999 21.6991424560547 21.8336734771729 22.002103805542 22.1520156860352 22.251916885376 22.4472351074219 22.5357208251953 22.6051845550537 22.7425212860107 22.4885482788086 22.1760730743408 21.9693927764893 21.8906993865967 21.6905212402344 21.6983165740967 21.814474105835 21.8827724456787 21.8890686035156 21.8087215423584 21.693151473999 21.55615234375 21.3659763336182 21.2719898223877 21.3133125305176 21.3594703674316 21.411979675293 21.4762687683105 21.4057312011719
-3.4e+38 -3.4e+38 -3.4e+38 -3.4e+38 -3.4e+38 -3.4e+38 17.7921295166016 17.8295364379883 18.1141090393066 18.5824604034424 19.0556831359863 19.5583877563477 19.9890480041504 20.2586650848389 20.5551280975342 20.9913806915283 21.611572265625 21.6992588043213 21.5682563781738 21.6712169647217 21.8787803649902 21.963888168335 22.1393280029297 22.2055625915527 22.4123802185059 22.5741519927979 22.679292678833 22.8024711608887 22.8534259796143 22.5577373504639 22.3533897399902 22.2507514953613 22.0539417266846 21.9734554290771 22.2304210662842 22.3101119995117 22.3794593811035 22.3360595703125 22.1284828186035 22.0155429840088 21.9591770172119 21.8724670410156 21.8010063171387 21.7717151641846 21.7362976074219 21.7619667053223 21.7960529327393
-3.4e+38 -3.4e+38 -3.4e+38 -3.4e+38 -3.4e+38 -3.4e+38 18.0537586212158 18.0744457244873 18.4153251647949 18.8612976074219 19.2576732635498 19.6469249725342 20.0178928375244 20.2601661682129 20.6316318511963 21.2099132537842 21.6208839416504 21.6201286315918 21.68039894104 21.7251625061035 21.8765907287598 21.9959201812744 22.077600479126 22.1284809112549 22.3411293029785 22.5792045593262 22.7707710266113 22.8485908508301 22.9602165222168 22.8907527923584 22.7411575317383 22.6280918121338 22.4996891021729 22.3656024932861 22.3359832763672 22.3954067230225 22.4738006591797 22.5363502502441 22.5274753570557 22.4497051239014 22.3736400604248 22.3118190765381 22.2579593658447 22.2025508880615 22.156307220459 22.137134552002 22.1726341247559
-3.4e+38 -3.4e+38 -3.4e+38 -3.4e+38 -3.4e+38 18.4250602722168 18.159912109375 18.3444366455078 18.7281227111816 19.1184158325195 19.4691696166992 19.6921691894531 20.0051784515381 20.2490749359131 20.6588115692139 21.1975193023682 21.371976852417 21.550853729248 21.6605949401855 21.696756362915 21.7941818237305 21.9262962341309 21.9929218292236 22.0482215881348 22.255428314209 22.5489482879639 22.8198223114014 22.8958015441895 23.0074501037598 22.9982643127441 22.9449138641357 22.8551292419434 22.7830352783203 22.7154655456543 22.6414566040039 22.6152172088623 22.628999710083 22.6524848937988 22.6715412139893 22.6920185089111 22.7024250030518 22.7093067169189 22.7250175476074 22.7600917816162 22.7743282318115 22.7627773284912 22.7328720092773
-3.4e+38 -3.4e+38 -3.4e+38 -3.4e+38 18.5471057891846 18.4799995422363 18.2959728240967 18.6915435791016 19.0506420135498 19.4903354644775 19.7877883911133 20.0699405670166 20.3832683563232 20.5652446746826 20.789005279541 21.0146827697754 21.1535415649414 21.3375129699707 21.5069103240967 21.5946292877197 21.750846862793 21.8780517578125 21.9058628082275 21.990535736084 22.2366123199463 22.5062885284424 22.8319911956787 22.967378616333 22.9884090423584 23.057897567749 23.0684223175049 23.0476760864258 23.0045471191406 22.942928314209 22.9060726165771 22.9005527496338 22.8834095001221 22.8843650817871 22.9079723358154 22.9495811462402 22.9946231842041 23.0263671875 23.050012588501 23.0878925323486 23.1084461212158 23.1422386169434 23.1740608215332
