Ecospace-environmental-drivers/Outputs/ASCII-for-ecospace/Temp-surf/Temp-surf_X2019.09.asc
NCOLS 131 
NROWS 53 
XLLCORNER -98 
YLLCORNER 23.9265270233154 
CELLSIZE 0.133587792515755 
NODATA_value -3.4e+38 
[rows 21 to 41 of 53, columns 47 to 93 of 131]
29.4904823303223 29.4756412506104 29.4678268432617 29.4712753295898 29.4542751312256 29.4682159423828 29.4781913757324 29.4745121002197 29.4562320709229 29.4514217376709 29.4301662445068 29.4808750152588 29.5372753143311 29.5839519500732 29.6534957885742 29.6672382354736 29.6478309631348 29.6256561279297 29.6348533630371 29.6554584503174 29.6708335876465 29.6742172241211 29.6697692871094 29.6394596099854 29.67502784729 29.6713314056396 29.6369762420654 29.6039905548096 29.5951271057129 29.5930404663086 29.5781021118164 29.5568504333496 29.5294532775879 29.5128841400146 29.5002155303955 29.5202789306641 29.5407276153564 29.5235080718994 29.5118064880371 29.5006237030029 29.4743061065674 29.4846801757812 29.4946441650391 29.5190029144287 29.5037937164307 29.5284976959229 29.5366973876953
29.5548477172852 29.5711498260498 29.5638065338135 29.5340976715088 29.5139102935791 29.5096759796143 29.5297050476074 29.5368518829346 29.513463973999 29.527271270752 29.5058193206787 29.5354537963867 29.5963344573975 29.6474437713623 29.6539249420166 29.6448860168457 29.6314754486084 29.6345100402832 29.6420822143555 29.6575832366943 29.6914176940918 29.6893520355225 29.6833591461182 29.7378463745117 29.720796585083 29.6951885223389 29.6693420410156 29.639404296875 29.6270942687988 29.6255645751953 29.5807991027832 29.5566463470459 29.5252075195312 29.4970703125 29.4715366363525 29.4864044189453 29.5056781768799 29.4993267059326 29.5054035186768 29.473949432373 29.4642791748047 29.4801998138428 29.4743061065674 29.4838905334473 29.4769420623779 29.5050754547119 29.5311489105225
29.5780544281006 29.6334190368652 29.6130828857422 29.5823612213135 29.5266056060791 29.5254344940186 29.555700302124 29.5676116943359 29.5383243560791 29.5656471252441 29.5964221954346 29.6194477081299 29.6500415802002 29.6493721008301 29.6301574707031 29.6379833221436 29.6297054290771 29.6120738983154 29.6352863311768 29.6439247131348 29.6618976593018 29.6865310668945 29.7106342315674 29.7238941192627 29.7086639404297 29.6902732849121 29.6774368286133 29.6780643463135 29.6652183532715 29.6534957885742 29.5771617889404 29.5344944000244 29.511360168457 29.4757881164551 29.4679756164551 29.4571743011475 29.4632797241211 29.4646339416504 29.4463577270508 29.4467449188232 29.4555377960205 29.438720703125 29.4203777313232 29.4085369110107 29.411808013916 29.4400501251221 29.4869594573975
29.6428604125977 29.6353797912598 29.6321544647217 29.6113719940186 29.6279010772705 29.6024017333984 29.5659790039062 29.5605602264404 29.5669078826904 29.5735340118408 29.5983238220215 29.621208190918 29.6501159667969 29.632963180542 29.633544921875 29.6422576904297 29.6444339752197 29.6463088989258 29.6326465606689 29.6517009735107 29.6940612792969 29.6856708526611 29.686128616333 29.7008380889893 29.685941696167 29.6833381652832 29.6731071472168 29.6911296844482 29.6820411682129 29.6581134796143 29.5656414031982 29.5124950408936 29.4831829071045 29.4687309265137 29.4727897644043 29.4610385894775 29.4440593719482 29.4309844970703 29.4159126281738 29.4505138397217 29.4485187530518 29.4329490661621 29.4083385467529 29.3782825469971 29.3650951385498 29.4156894683838 29.4567737579346
29.7400493621826 29.7008037567139 29.6711483001709 29.6478500366211 29.6580467224121 29.6404247283936 29.6236228942871 29.6073684692383 29.5938320159912 29.5893478393555 29.6072559356689 29.6405410766602 29.6380443572998 29.6117973327637 29.6023864746094 29.6335487365723 29.6520671844482 29.6661128997803 29.6546955108643 29.6521034240723 29.6700038909912 29.6741027832031 29.6723937988281 29.6732082366943 29.6679019927979 29.6710395812988 29.6733512878418 29.6894989013672 29.693754196167 29.6287975311279 29.5541839599609 29.4896068572998 29.4655570983887 29.4591045379639 29.4751091003418 29.4388790130615 29.4236907958984 29.4208812713623 29.4055328369141 29.4401683807373 29.4251079559326 29.4176120758057 29.4007434844971 29.3668632507324 29.3563995361328 29.3981113433838 29.4400215148926
29.7945003509521 29.7486343383789 29.7230033874512 29.7020492553711 29.7162761688232 29.7176952362061 29.6994895935059 29.676778793335 29.6471729278564 29.63303565979 29.6426086425781 29.64967918396 29.6472015380859 29.621862411499 29.6035404205322 29.6190433502197 29.6556167602539 29.637451171875 29.6597576141357 29.6671943664551 29.6449222564697 29.6414813995361 29.6526927947998 29.6622886657715 29.6454448699951 29.6635189056396 29.6933975219727 29.7047824859619 29.7137966156006 29.5878028869629 29.5401191711426 29.4784851074219 29.4566631317139 29.4423427581787 29.4520778656006 29.4351043701172 29.4247303009033 29.4100952148438 29.3965454101562 29.4215660095215 29.4086036682129 29.3841094970703 29.3613471984863 29.3719787597656 29.367561340332 29.3776149749756 29.4221382141113
29.8460884094238 29.8225231170654 29.7875423431396 29.7589702606201 29.7400283813477 29.7304592132568 29.7293815612793 29.7161903381348 29.6866245269775 29.6747283935547 29.6887588500977 29.7060413360596 29.6814918518066 29.6632804870605 29.6532382965088 29.6599197387695 29.6622829437256 29.6416702270508 29.6598377227783 29.6857929229736 29.6759433746338 29.640811920166 29.6205425262451 29.6227741241455 29.637357711792 29.66672706604 29.6986865997314 29.7383632659912 29.6880073547363 29.5841445922852 29.5425720214844 29.4878787994385 29.4524765014648 29.4239063262939 29.4272270202637 29.4229412078857 29.4266471862793 29.414644241333 29.3994884490967 29.3931560516357 29.3763732910156 29.375036239624 29.3775291442871 29.3757038116455 29.3784770965576 29.3901329040527 29.4230117797852
29.8896160125732 29.8601684570312 29.859712600708 29.8296661376953 29.766902923584 29.7424373626709 29.7252502441406 29.7172050476074 29.7137184143066 29.708158493042 29.7271862030029 29.7403526306152 29.7386512756348 29.7073459625244 29.6850032806396 29.6856021881104 29.6901912689209 29.6875705718994 29.6927127838135 29.6821060180664 29.6756820678711 29.6695003509521 29.6496047973633 29.6405925750732 29.6451015472412 29.6782684326172 29.7198677062988 29.717830657959 29.6536922454834 29.5725746154785 29.5565872192383 29.5040626525879 29.472095489502 29.417387008667 29.4125900268555 29.4195613861084 29.4066352844238 29.3926982879639 29.3812007904053 29.3858184814453 29.3907947540283 29.399019241333 29.3908157348633 29.3976497650146 29.4220275878906 29.4451675415039 29.4816093444824
29.8768272399902 29.8836936950684 29.8934650421143 29.8898277282715 29.8678188323975 29.7975425720215 29.7636318206787 29.7499256134033 29.7526340484619 29.7483825683594 29.7533092498779 29.7627487182617 29.7773303985596 29.7653388977051 29.7589740753174 29.7496395111084 29.7447662353516 29.7670574188232 29.761043548584 29.7447414398193 29.7301845550537 29.691385269165 29.66015625 29.6356143951416 29.6314582824707 29.6513919830322 29.6686019897461 29.6751556396484 29.6373748779297 29.5936794281006 29.5689392089844 29.5212898254395 29.4914665222168 29.4453411102295 29.4223194122314 29.4070701599121 29.3948249816895 29.3723983764648 29.3755130767822 29.4002532958984 29.3834247589111 29.3722171783447 29.3851432800293 29.4120121002197 29.4242057800293 29.4735488891602 29.5166397094727
29.8620929718018 29.8691253662109 29.8830680847168 29.9004230499268 29.9020347595215 29.8766002655029 29.8444690704346 29.8180618286133 29.8026313781738 29.7896995544434 29.792350769043 29.7877197265625 29.7815914154053 29.7869720458984 29.7914905548096 29.7961883544922 29.8064765930176 29.8027172088623 29.7935466766357 29.7763175964355 29.761905670166 29.7002296447754 29.6432762145996 29.6061763763428 29.6062717437744 29.624698638916 29.6478805541992 29.6515636444092 29.6243343353271 29.5812435150146 29.5481224060059 29.5040168762207 29.4702453613281 29.4305896759033 29.393087387085 29.3797149658203 29.3807010650635 29.3724136352539 29.372013092041 29.373556137085 29.3671169281006 29.3654174804688 29.3956470489502 29.4386901855469 29.4748954772949 29.5114612579346 29.5298175811768
29.8760318756104 29.8736362457275 29.8819961547852 29.8979015350342 29.8991355895996 29.9121227264404 29.9243698120117 29.9111747741699 29.8852272033691 29.8525257110596 29.8339214324951 29.8336620330811 29.8174934387207 29.8142871856689 29.8135795593262 29.8135147094727 29.8094291687012 29.8083801269531 29.8165493011475 29.8144226074219 29.7842655181885 29.7100257873535 29.6448230743408 29.6127948760986 29.5941467285156 29.596866607666 29.6263847351074 29.6139221191406 29.6014671325684 29.5385208129883 29.5131320953369 29.4607467651367 29.419506072998 29.3654689788818 29.3443546295166 29.3305835723877 29.3431434631348 29.3488807678223 29.3541450500488 29.3416309356689 29.3416538238525 29.3656063079834 29.4256324768066 29.4875411987305 29.5220012664795 29.5282592773438 29.5331420898438
29.9191341400146 29.9168567657471 29.9045391082764 29.9070320129395 29.9071712493896 29.9173069000244 29.9371223449707 29.9332427978516 29.9318313598633 29.9172515869141 29.9001178741455 29.8697032928467 29.8548316955566 29.8498840332031 29.8435230255127 29.8355979919434 29.8308506011963 29.8224773406982 29.8425788879395 29.833251953125 29.7843399047852 29.7045307159424 29.647970199585 29.6198463439941 29.5861015319824 29.59494972229 29.5989398956299 29.5875492095947 29.5592594146729 29.4974155426025 29.4656448364258 29.4166126251221 29.3576526641846 29.3218097686768 29.3083572387695 29.3074188232422 29.3158912658691 29.3289928436279 29.3250160217285 29.3162250518799 29.323751449585 29.3605842590332 29.4271717071533 29.4784698486328 29.5223083496094 29.5502166748047 29.5601634979248
29.9452476501465 29.9570350646973 29.9558582305908 29.9596920013428 29.9636077880859 29.9495887756348 29.9375133514404 29.9419174194336 29.9511070251465 29.9554271697998 29.936107635498 29.9075832366943 29.8840045928955 29.8683547973633 29.8550910949707 29.8520317077637 29.8311634063721 29.8216590881348 29.8236999511719 29.8101711273193 29.7887134552002 29.7338066101074 29.6831760406494 29.6543025970459 29.619478225708 29.6156673431396 29.560661315918 29.5501842498779 29.4975318908691 29.4579238891602 29.4187908172607 29.3744125366211 29.3514804840088 29.3344841003418 29.3268852233887 29.3330192565918 29.3331527709961 29.3275165557861 29.3170433044434 29.3287353515625 29.3543224334717 29.389778137207 29.4469470977783 29.5033702850342 29.5399875640869 29.554988861084 29.5645713806152
29.9596824645996 29.9711627960205 29.9753894805908 29.9763851165771 29.9778022766113 29.9756507873535 29.9699783325195 29.9581546783447 29.9563217163086 29.9512825012207 29.9333419799805 29.9108943939209 29.8970890045166 29.8833560943604 29.866491317749 29.886360168457 29.8550682067871 29.8116474151611 29.7960014343262 29.7782592773438 29.7700538635254 29.7493896484375 29.7102165222168 29.6934261322021 29.6295585632324 29.6127662658691 29.5400562286377 29.498327255249 29.4416809082031 29.4144458770752 29.3948574066162 29.3520851135254 29.3532657623291 29.3542079925537 29.3424816131592 29.3357028961182 29.329008102417 29.3283920288086 29.3256225585938 29.3288764953613 29.3573570251465 29.4066963195801 29.4773178100586 29.5375900268555 29.5683059692383 29.5989246368408 29.62815284729
29.9609260559082 29.9621677398682 29.966646194458 29.9609146118164 29.9561958312988 29.9659175872803 29.962043762207 29.9601593017578 29.9496593475342 29.9497737884521 29.9404373168945 29.9314918518066 29.9110336303711 29.8808460235596 29.8788967132568 29.8877372741699 29.8600177764893 29.8185291290283 29.7957630157471 29.7657089233398 29.7596988677979 29.7418994903564 29.7045021057129 29.7032718658447 29.6273231506348 29.595531463623 29.5186920166016 29.4670124053955 29.4133071899414 29.4021835327148 29.3778991699219 29.3532276153564 29.3948345184326 29.3874053955078 29.3736152648926 29.3672103881836 29.3593692779541 29.3493156433105 29.3554611206055 29.383975982666 29.4123153686523 29.4574947357178 29.5301761627197 29.5874862670898 29.6290607452393 29.6804008483887 29.7158374786377
29.9840145111084 29.9667339324951 29.9615535736084 29.9586906433105 29.9599876403809 29.9503726959229 29.9355583190918 29.9350681304932 29.9409351348877 29.9423160552979 29.9401168823242 29.946195602417 29.9380397796631 29.8818435668945 29.8876247406006 29.8969821929932 29.8599948883057 29.8245334625244 29.8003616333008 29.7688579559326 29.7596397399902 29.7427730560303 29.7106876373291 29.7143020629883 29.6382217407227 29.5668621063232 29.504825592041 29.4701290130615 29.4268035888672 29.4205722808838 29.3991680145264 29.3934841156006 29.3917942047119 29.3551597595215 29.3551750183105 29.3790168762207 29.3975009918213 29.4121170043945 29.4122009277344 29.428689956665 29.4427947998047 29.4953536987305 29.5551929473877 29.618444442749 29.6632289886475 29.7187557220459 29.7799339294434
29.9980144500732 29.987325668335 29.9770832061768 29.9621810913086 29.9653816223145 29.9701137542725 29.9573974609375 29.9293384552002 29.9265556335449 29.9364852905273 29.9409065246582 29.9553146362305 29.9520397186279 29.8954429626465 29.8754978179932 29.8898773193359 29.8754940032959 29.8459949493408 29.8106060028076 29.7802200317383 29.7557716369629 29.7410488128662 29.724573135376 29.7105274200439 29.6376075744629 29.5753707885742 29.5390644073486 29.53000831604 29.5125312805176 29.4752655029297 29.441707611084 29.4357814788818 29.3690528869629 29.3845539093018 29.4027805328369 29.382251739502 29.3948822021484 29.4101409912109 29.4279708862305 29.4548969268799 29.4829921722412 29.5479412078857 29.6148090362549 29.6621189117432 29.7020359039307 29.7672023773193 29.8187713623047
29.9934177398682 30.0066509246826 29.9915180206299 29.9784374237061 29.9800853729248 29.9812831878662 29.9804229736328 29.9502964019775 29.9380550384521 29.9469680786133 29.9537658691406 29.947624206543 29.9571800231934 29.9048118591309 29.8759346008301 29.8775463104248 29.8908424377441 29.87282371521 29.83913230896 29.8280754089355 29.7917079925537 29.7693290710449 29.7596435546875 29.751184463501 29.6630516052246 29.6296558380127 29.6288452148438 29.6132431030273 29.634937286377 29.5879592895508 29.5239105224609 29.4770641326904 29.4118175506592 29.420431137085 29.4122657775879 29.4033088684082 29.391429901123 29.4201145172119 29.4602069854736 29.5159854888916 29.5464172363281 29.61350440979 29.6751365661621 29.7166976928711 29.7529163360596 29.8167953491211 29.8520431518555
29.9845428466797 29.9815464019775 29.9915904998779 29.9962196350098 30.005895614624 30.0035781860352 29.9907665252686 29.9624652862549 29.9684925079346 29.9760112762451 29.9854640960693 29.9587173461914 29.9489765167236 29.9013710021973 29.8902339935303 29.8776626586914 29.8787040710449 29.8805446624756 29.8655185699463 29.8453845977783 29.8403930664062 29.7905006408691 29.7864398956299 29.7891044616699 29.7303524017334 29.7049942016602 29.6993675231934 29.6968383789062 29.7117176055908 29.7010498046875 29.6196060180664 29.5328273773193 29.4694557189941 29.4520568847656 29.4268474578857 29.4333972930908 29.4250793457031 29.4375381469727 29.4848213195801 29.5566501617432 29.5924968719482 29.6492023468018 29.7483253479004 29.7913856506348 29.8095645904541 29.853551864624 29.8588619232178
29.9820384979248 29.9855575561523 30.0006484985352 29.9959526062012 30.0018882751465 30.0016689300537 29.9939651489258 29.9957466125488 30.00661277771 29.9957809448242 29.9861259460449 29.9605979919434 29.9535160064697 29.8979454040527 29.8705577850342 29.8756008148193 29.8951416015625 29.9051284790039 29.8913440704346 29.8707618713379 29.8709697723389 29.8391056060791 29.8069267272949 29.8289184570312 29.8220920562744 29.7980346679688 29.7888088226318 29.7595348358154 29.7718296051025 29.7781734466553 29.7214603424072 29.6234130859375 29.5719757080078 29.5404014587402 29.4936714172363 29.482593536377 29.479175567627 29.4779224395752 29.5237102508545 29.5977077484131 29.6145915985107 29.6947689056396 29.7914581298828 29.8304748535156 29.8836059570312 29.8981170654297 29.8680839538574
29.9976654052734 30.0073547363281 30.0323677062988 30.0289134979248 30.0114517211914 30.0011882781982 30.0106716156006 30.0043506622314 30.0004062652588 29.9811382293701 29.9691295623779 29.9798316955566 29.9757480621338 29.9183883666992 29.870943069458 29.8652572631836 29.865571975708 29.8993225097656 29.8978385925293 29.898099899292 29.910530090332 29.9050750732422 29.8543319702148 29.8513488769531 29.884162902832 29.8636474609375 29.8677806854248 29.8376502990723 29.8116130828857 29.823112487793 29.7953338623047 29.7367382049561 29.6812496185303 29.6287021636963 29.5831298828125 29.5494728088379 29.524435043335 29.528205871582 29.5622406005859 29.6055850982666 29.6371364593506 29.7335872650146 29.8317966461182 29.8664016723633 29.931604385376 29.9232444763184 29.8882503509521
