Ecospace-environmental-drivers/Outputs/ASCII-for-ecospace/Temp-surf/Temp-surf_X2003.02.asc
NCOLS 131 
NROWS 53 
XLLCORNER -98 
YLLCORNER 23.9265270233154 
CELLSIZE 0.133587792515755 
NODATA_value -3.4e+38 
[rows 21 to 41 of 53, columns 0 to 46 of 131]
-3.4e+38 -3.4e+38 -3.4e+38 -3.4e+38 -3.4e+38 -3.4e+38 15.4882354736328 15.4461402893066 15.4256010055542 15.3989286422729 15.2835578918457 15.3717451095581 15.7316541671753 16.193416595459 16.5394840240479 16.78102684021 16.8917465209961 16.9181747436523 17.0226955413818 17.2773342132568 17.5039558410645 17.524263381958 17.5459480285645 17.7002468109131 17.6776008605957 17.365852355957 16.9388980865479 16.8855895996094 17.2985324859619 17.6871433258057 17.9893379211426 18.0352249145508 17.9898109436035 18.1747245788574 18.4828147888184 18.691499710083 18.905948638916 18.8835563659668 18.8063907623291 18.9119052886963 19.0088024139404 19.0248565673828 19.0075168609619 19.1298561096191 19.2110347747803 19.1291275024414 18.97385597229
-3.4e+38 -3.4e+38 -3.4e+38 -3.4e+38 -3.4e+38 -3.4e+38 15.5175123214722 15.5010538101196 15.4461402893066 15.431734085083 15.6665601730347 16.1653213500977 16.7860813140869 17.2339687347412 17.5117111206055 17.6403884887695 17.6650905609131 17.6236839294434 17.6944370269775 17.8702602386475 18.2227420806885 18.397741317749 18.4056797027588 18.5239238739014 18.6034164428711 18.5999183654785 18.529016494751 18.4899291992188 18.5338287353516 18.6890335083008 18.8863754272461 18.8796863555908 18.6149559020996 18.5802345275879 18.8215713500977 19.0930824279785 19.382905960083 19.4534664154053 19.322093963623 19.4402370452881 19.6632194519043 19.7806625366211 19.8462524414062 19.9675617218018 19.9968318939209 19.9425868988037 19.7720069885254
-3.4e+38 -3.4e+38 -3.4e+38 -3.4e+38 15.6675662994385 15.6277914047241 15.5771894454956 15.5175123214722 15.5395088195801 15.8723659515381 16.5229911804199 17.2081851959229 17.7385635375977 18.1415138244629 18.4609985351562 18.536169052124 18.5111770629883 18.4685935974121 18.5425796508789 18.8444728851318 19.155647277832 19.3092403411865 19.3190441131592 19.2865676879883 19.2516765594482 19.2209033966064 19.275146484375 19.2652168273926 19.3385944366455 19.3644504547119 19.4985466003418 19.5583362579346 19.4288959503174 19.2215614318848 19.2416305541992 19.3695297241211 19.5008945465088 19.6278381347656 19.7087707519531 19.8876476287842 20.142370223999 20.2832202911377 20.358081817627 20.4169960021973 20.4521141052246 20.4391193389893 20.373779296875
-3.4e+38 -3.4e+38 -3.4e+38 -3.4e+38 15.710223197937 15.6646842956543 15.6277914047241 15.5862646102905 15.9694776535034 16.6519050598145 17.4360694885254 18.0041313171387 18.5159206390381 19.0506458282471 19.5187835693359 19.6281394958496 19.5931072235107 19.6630153656006 19.7962379455566 19.8951683044434 19.9370365142822 19.9257316589355 19.7398204803467 19.572732925415 19.5310020446777 19.592414855957 19.6213665008545 19.601375579834 19.5803890228271 19.5800189971924 19.6518955230713 19.769681930542 19.7941398620605 19.729362487793 19.6208572387695 19.6666145324707 19.8471603393555 19.9543113708496 20.0243453979492 20.1314105987549 20.2741794586182 20.4003372192383 20.5261554718018 20.6560382843018 20.7126770019531 20.688117980957 20.6157684326172
-3.4e+38 -3.4e+38 -3.4e+38 -3.4e+38 -3.4e+38 15.710223197937 15.6560382843018 15.915075302124 16.5639896392822 17.3936557769775 18.0024833679199 18.593620300293 19.2808265686035 19.8334922790527 20.0888252258301 20.2126922607422 20.2655410766602 20.2890892028809 20.3053016662598 20.3025531768799 20.2851600646973 20.2579784393311 20.1367492675781 19.8007049560547 19.687858581543 19.662296295166 19.8045310974121 19.8550071716309 19.90309715271 19.8547382354736 19.8660869598389 19.9643001556396 19.9971160888672 19.9626274108887 19.9623851776123 19.9565238952637 20.0887393951416 20.1268138885498 20.171028137207 20.254997253418 20.4375953674316 20.6612510681152 20.9187278747559 21.0443954467773 21.0139179229736 20.9337272644043 20.8363819122314
-3.4e+38 -3.4e+38 -3.4e+38 -3.4e+38 -3.4e+38 15.7230653762817 15.8341979980469 16.3250274658203 17.0780200958252 17.8024311065674 18.54176902771 19.3386726379395 20.0049686431885 20.1952381134033 20.3076725006104 20.3904762268066 20.3783855438232 20.3551959991455 20.3046684265137 20.2209358215332 20.1720447540283 20.1808338165283 20.218147277832 20.033203125 19.7866172790527 19.7084445953369 19.9519557952881 20.108190536499 20.108528137207 20.0942611694336 20.096752166748 20.1369094848633 20.1362285614014 20.0556564331055 20.0523681640625 20.1296939849854 20.2398777008057 20.2330417633057 20.3179473876953 20.4671096801758 20.8047943115234 21.1009998321533 21.12255859375 21.0620822906494 21.1171588897705 21.0779438018799 20.8923568725586
-3.4e+38 -3.4e+38 16.6352977752686 16.6191711425781 16.1449432373047 15.7983827590942 16.1067600250244 16.7223625183105 17.4145469665527 18.201042175293 19.13134765625 19.8775062561035 20.2128791809082 20.3552265167236 20.4057178497314 20.3855648040771 20.347095489502 20.312686920166 20.2531642913818 20.1880722045898 20.1666069030762 20.1612930297852 20.200475692749 20.1302661895752 19.9821605682373 19.8871955871582 20.1100673675537 20.1788692474365 20.1323223114014 20.1573791503906 20.2378749847412 20.2595272064209 20.1487121582031 20.0675678253174 20.1989192962646 20.3203620910645 20.3234062194824 20.3422203063965 20.5548667907715 20.7903518676758 21.1064643859863 21.1428833007812 21.0146102905273 21.1017227172852 21.0759086608887 20.9702548980713 20.8136653900146
-339999999999999996128486808808066248288.000000000000000 -3.4e+38 -3.4e+38 -3.4e+38 16.6030426025391 15.9649267196655 16.3758506774902 17.0413036346436 17.73508644104 18.6786251068115 19.5465469360352 20.111442565918 20.304759979248 20.4213943481445 20.4040870666504 20.3668937683105 20.3187789916992 20.2689037322998 20.2164363861084 20.191873550415 20.1669006347656 20.1951332092285 20.2538871765137 20.1833267211914 20.0704498291016 20.1417331695557 20.225606918335 20.240779876709 20.1616249084473 20.185941696167 20.2782211303711 20.3047542572021 20.2402515411377 20.2901554107666 20.3930168151855 20.3876361846924 20.4019603729248 20.5982418060303 20.7983531951904 21.0385036468506 21.2134685516357 21.1097927093506 21.0130252838135 21.0895767211914 21.1106662750244 21.113697052002 21.0583744049072
-3.4e+38 -3.4e+38 -3.4e+38 -3.4e+38 16.3302993774414 16.0852947235107 16.5813465118408 17.2461891174316 18.0300998687744 19.0419597625732 19.9397830963135 20.2699451446533 20.4099178314209 20.4532566070557 20.4079132080078 20.3866443634033 20.3222045898438 20.2410774230957 20.1948890686035 20.2388134002686 20.2217540740967 20.2629127502441 20.263952255249 20.1107501983643 20.2073707580566 20.2795505523682 20.3086929321289 20.2977600097656 20.263708114624 20.2370281219482 20.293607711792 20.4318923950195 20.4363708496094 20.4097938537598 20.4181900024414 20.5201759338379 20.6763286590576 20.8808040618896 21.0653076171875 21.1580715179443 21.2450618743896 21.2022132873535 21.0840034484863 21.2057209014893 21.2895908355713 21.2496166229248 21.2521018981934
-3.4e+38 -3.4e+38 -3.4e+38 -3.4e+38 16.2092704772949 16.1692714691162 16.645357131958 17.277759552002 18.0587024688721 19.1055068969727 20.0415420532227 20.3456878662109 20.4568862915039 20.4856185913086 20.4528541564941 20.4524307250977 20.4054012298584 20.3360862731934 20.2854652404785 20.2743072509766 20.237813949585 20.1581172943115 20.1478023529053 20.2357521057129 20.3222064971924 20.3803558349609 20.4359569549561 20.4610500335693 20.4778537750244 20.5369338989258 20.5637130737305 20.5365695953369 20.5161972045898 20.5480346679688 20.6887321472168 20.862133026123 21.0295314788818 21.1613960266113 21.2451457977295 21.2650089263916 21.2736473083496 21.3420944213867 21.3116550445557 21.2744960784912 21.3098964691162 21.3632526397705 21.3970680236816
-3.4e+38 -3.4e+38 -3.4e+38 -3.4e+38 17.2919483184814 16.2553405761719 16.6161632537842 17.1914196014404 17.8934459686279 18.8634033203125 19.882251739502 20.3650093078613 20.4796695709229 20.493236541748 20.4922218322754 20.5229873657227 20.5064067840576 20.4608039855957 20.4109764099121 20.3438091278076 20.2749614715576 20.2550525665283 20.2984924316406 20.3671188354492 20.4747619628906 20.5793609619141 20.6408157348633 20.7161407470703 20.7882175445557 20.7649841308594 20.7479858398438 20.7842807769775 20.8674983978271 20.9835033416748 21.1043395996094 21.1843376159668 21.2404346466064 21.3030624389648 21.3581619262695 21.4001731872559 21.4102382659912 21.4265289306641 21.4945106506348 21.5265522003174 21.4946460723877 21.4457817077637 21.4766216278076
-3.4e+38 -3.4e+38 -3.4e+38 -3.4e+38 17.330493927002 16.4160194396973 16.5756549835205 17.0726871490479 17.6467533111572 18.4874496459961 19.4721565246582 20.2627811431885 20.4806671142578 20.4753322601318 20.4714584350586 20.5127239227295 20.5264434814453 20.5037689208984 20.5014495849609 20.5234355926514 20.5719966888428 20.6199226379395 20.7506618499756 20.8900279998779 21.0102424621582 21.1198425292969 21.1668872833252 21.1458988189697 21.1225357055664 21.1073474884033 21.0898380279541 21.1078948974609 21.137716293335 21.1662044525146 21.2192630767822 21.2898368835449 21.3620510101318 21.4438438415527 21.5223026275635 21.580041885376 21.62087059021 21.579833984375 21.6027278900146 21.6630229949951 21.6307830810547 21.6060562133789 21.5599098205566
-3.4e+38 -3.4e+38 -3.4e+38 -3.4e+38 17.2662677764893 16.7233333587646 16.5922203063965 17.0197410583496 17.5287075042725 18.2029037475586 18.9696979522705 19.8857898712158 20.4681224822998 20.5149631500244 20.4797210693359 20.5294132232666 20.5843677520752 20.6292190551758 20.6827297210693 20.7685585021973 20.8873500823975 20.9843864440918 21.0500583648682 21.1151695251465 21.1947479248047 21.2150726318359 21.2648582458496 21.3339977264404 21.4028415679932 21.4413604736328 21.415210723877 21.3523426055908 21.2949161529541 21.2965393066406 21.3268489837646 21.3851528167725 21.4178886413574 21.4338817596436 21.4854850769043 21.5858592987061 21.741117477417 21.7871856689453 21.769962310791 21.7836284637451 21.7161407470703 21.7688598632812 21.7654056549072
-3.4e+38 -3.4e+38 -3.4e+38 -3.4e+38 -3.4e+38 16.7302494049072 16.7201366424561 17.0296001434326 17.5224552154541 18.1324996948242 18.8052024841309 19.6741352081299 20.4596729278564 20.5683326721191 20.5477123260498 20.5836181640625 20.7064456939697 20.8219795227051 20.9215221405029 20.9973773956299 20.9989624023438 21.029317855835 21.0708351135254 21.1690139770508 21.2498970031738 21.2960834503174 21.3618545532227 21.3940277099609 21.4337139129639 21.5635890960693 21.6936283111572 21.7164115905762 21.6535835266113 21.5841789245605 21.550802230835 21.5343227386475 21.5182590484619 21.5232410430908 21.5630722045898 21.648717880249 21.797342300415 21.9302234649658 21.9542293548584 21.9647254943848 21.9026031494141 21.9146175384521 21.9829959869385
-3.4e+38 -3.4e+38 -3.4e+38 -3.4e+38 -3.4e+38 18.012357711792 16.9443302154541 17.1426525115967 17.6201725006104 18.224681854248 18.8775901794434 19.6718864440918 20.4199924468994 20.5992889404297 20.6429996490479 20.6525344848633 20.7640151977539 20.9056797027588 21.0014038085938 21.0461025238037 20.9988765716553 20.9924983978271 21.1251277923584 21.2528400421143 21.3306903839111 21.4127044677734 21.4959106445312 21.5217609405518 21.5303726196289 21.6245708465576 21.809534072876 21.9317798614502 21.9148941040039 21.8473052978516 21.7668514251709 21.6813945770264 21.6102962493896 21.6180000305176 21.6803951263428 21.8024425506592 21.9710483551025 22.1168918609619 22.1807746887207 22.2253551483154 22.2560920715332 22.2268104553223 22.1313076019287
-3.4e+38 -3.4e+38 -3.4e+38 -3.4e+38 -3.4e+38 18.096851348877 17.1421489715576 17.3366317749023 17.8030948638916 18.4063091278076 19.061351776123 19.7610282897949 20.3433666229248 20.6100616455078 20.6686096191406 20.7092037200928 20.8032321929932 20.869758605957 20.8635311126709 20.9011001586914 21.0714797973633 21.1706809997559 21.2268486022949 21.3290634155273 21.4045295715332 21.4792804718018 21.5615158081055 21.5682125091553 21.5605030059814 21.6717987060547 21.8792896270752 22.0114631652832 21.9753150939941 21.9078388214111 21.9157066345215 21.8640480041504 21.7823619842529 21.7779693603516 21.8619060516357 22.0162620544434 22.1776103973389 22.2704944610596 22.3467350006104 22.383638381958 22.4237937927246 22.4517154693604 22.4392147064209
-3.4e+38 -3.4e+38 -3.4e+38 -3.4e+38 -3.4e+38 -3.4e+38 17.4259128570557 17.5368022918701 18.0141563415527 18.6260147094727 19.3221549987793 19.9221534729004 20.3100414276123 20.6016750335693 20.6566715240479 20.7161464691162 20.8010406494141 20.8433723449707 20.8478984832764 21.1849575042725 21.4037742614746 21.416805267334 21.3959503173828 21.3846015930176 21.4278049468994 21.4195652008057 21.4773025512695 21.5314617156982 21.5398941040039 21.6654167175293 21.9195098876953 22.0485057830811 22.0195140838623 21.9986801147461 22.0061321258545 21.9424953460693 21.8686809539795 21.9383697509766 22.1128406524658 22.3242111206055 22.4425659179688 22.5123405456543 22.5497989654541 22.5756988525391 22.5968074798584 22.5867576599121 22.5907554626465
-3.4e+38 -3.4e+38 -3.4e+38 -3.4e+38 -3.4e+38 -3.4e+38 17.708740234375 17.752233505249 18.2494602203369 18.8773021697998 19.6068153381348 20.0835571289062 20.328218460083 20.5632858276367 20.6581439971924 20.7006893157959 20.7876148223877 20.8256874084473 20.8926010131836 21.2603816986084 21.4239120483398 21.4809341430664 21.5272731781006 21.5805721282959 21.5383758544922 21.4481639862061 21.4116554260254 21.4490852355957 21.5273113250732 21.6565189361572 21.8651790618896 22.0162582397461 22.0658836364746 22.1226749420166 22.0888919830322 22.0117073059082 22.0288066864014 22.2092342376709 22.4546394348145 22.6146049499512 22.6734657287598 22.7141437530518 22.7414531707764 22.7561836242676 22.755765914917 22.7390232086182 22.7154521942139
-3.4e+38 -3.4e+38 -3.4e+38 -3.4e+38 -3.4e+38 -3.4e+38 17.9738464355469 18.0070514678955 18.5259895324707 19.2332382202148 19.8639049530029 20.2831840515137 20.4651298522949 20.6217498779297 20.7008018493652 20.7386283874512 20.7923202514648 20.8220043182373 20.8300113677979 21.0459613800049 21.1745891571045 21.2960166931152 21.427303314209 21.5275726318359 21.4898147583008 21.4506301879883 21.503288269043 21.491662979126 21.497220993042 21.6205005645752 21.7745780944824 21.9267177581787 22.1267776489258 22.2340602874756 22.2047290802002 22.1811370849609 22.3001365661621 22.5005130767822 22.6506061553955 22.7272510528564 22.7642478942871 22.771656036377 22.7719841003418 22.7743740081787 22.7914047241211 22.8042182922363 22.8025054931641
-3.4e+38 -3.4e+38 -3.4e+38 -3.4e+38 -3.4e+38 18.4158840179443 18.0188808441162 18.2745113372803 18.8945140838623 19.5651435852051 20.1218929290771 20.4560737609863 20.7114677429199 20.9221019744873 21.0088157653809 20.9994888305664 21.0028991699219 20.978702545166 20.9697303771973 21.0475311279297 21.1365299224854 21.2440547943115 21.3759059906006 21.4961128234863 21.4327507019043 21.4388446807861 21.5188961029053 21.5794067382812 21.4863796234131 21.5633850097656 21.7061061859131 21.8683166503906 22.1455669403076 22.219352722168 22.1989593505859 22.2562942504883 22.4074764251709 22.5864772796631 22.7243595123291 22.7963314056396 22.8036193847656 22.802339553833 22.8016147613525 22.802640914917 22.8095760345459 22.8163032531738 22.8255767822266
-3.4e+38 -3.4e+38 -3.4e+38 -3.4e+38 18.6491432189941 18.4278678894043 18.1451950073242 18.6261234283447 19.3168506622314 19.8432559967041 20.3011856079102 20.7140617370605 21.1861591339111 21.4563503265381 21.5182590484619 21.4655857086182 21.3275890350342 21.3115692138672 21.3401317596436 21.3050918579102 21.3486633300781 21.372989654541 21.468729019165 21.5507793426514 21.5897731781006 21.5862102508545 21.5378303527832 21.5490703582764 21.504467010498 21.5498085021973 21.6734504699707 21.8509979248047 22.0818634033203 22.0985431671143 22.1389484405518 22.2786293029785 22.4380626678467 22.6589317321777 22.8085861206055 22.8512687683105 22.8282222747803 22.821798324585 22.8101062774658 22.8072052001953 22.8068408966064 22.8058547973633 22.8101940155029
