Ecospace-environmental-drivers/Outputs/ASCII-for-ecospace/Averages/Avg_saln_bot.asc
NCOLS 131 
NROWS 53 
XLLCORNER -98 
YLLCORNER 23.9265270233154 
CELLSIZE 0.133587792515755 
NODATA_value -3.4e+38 
[rows 21 to 41 of 53, columns 0 to 46 of 131]
-3.4e+38 -3.4e+38 -3.4e+38 -3.4e+38 -3.4e+38 -3.4e+38 33.4150276184082 32.7642593383789 31.373950958252 30.5618019104004 32.2297859191895 32.9548797607422 33.6054992675781 34.0353355407715 34.3105545043945 34.5520477294922 34.760814666748 34.9408760070801 35.1103401184082 35.2714920043945 35.3966178894043 35.4971771240234 35.5736923217773 35.584774017334 35.5990676879883 35.613712310791 35.6349906921387 35.6895065307617 35.7611503601074 35.862434387207 35.941520690918 35.9658432006836 35.946949005127 35.9485702514648 35.9798393249512 36.0314903259277 36.0717811584473 36.0736694335938 36.0732803344727 36.0866508483887 36.1121292114258 36.1013374328613 36.1095581054688 36.1151504516602 36.1170806884766 36.1263427734375 36.1438598632812
-3.4e+38 -3.4e+38 -3.4e+38 -3.4e+38 -3.4e+38 -3.4e+38 34.0682716369629 33.4058074951172 32.7507629394531 32.8518867492676 33.4295310974121 33.9684982299805 34.442798614502 34.7916717529297 35.0252418518066 35.1853179931641 35.2812271118164 35.3801231384277 35.5035362243652 35.631591796875 35.7909889221191 35.9236297607422 36.0049705505371 36.0107307434082 35.9897422790527 35.9515342712402 35.9583740234375 36.0380744934082 36.0641059875488 36.0969657897949 36.1127471923828 36.1561164855957 36.1913986206055 36.2089385986328 36.2530937194824 36.2704658508301 36.2765922546387 36.2685546875 36.256763458252 36.2382698059082 36.2694892883301 36.26611328125 36.244556427002 36.2581558227539 36.2762680053711 36.2635192871094 36.2637481689453
-3.4e+38 -3.4e+38 -3.4e+38 -3.4e+38 32.4574966430664 32.5905609130859 33.2612609863281 34.0682220458984 33.3461112976074 33.6533699035645 34.2216567993164 34.7567977905273 35.1744232177734 35.4716873168945 35.612907409668 35.614185333252 35.6700668334961 35.7242622375488 35.8472557067871 36.0525665283203 36.1572189331055 36.1449699401855 36.0558128356934 35.9658546447754 36.0248527526855 35.9512023925781 35.9864501953125 36.0950736999512 36.2063827514648 36.1632080078125 36.2539978027344 36.2805366516113 36.2866554260254 36.2108001708984 36.2953453063965 36.251392364502 36.1749725341797 36.173828125 36.0162124633789 35.6260871887207 35.699821472168 35.7002830505371 35.9548149108887 35.7470169067383 35.8960876464844 35.9495582580566 36.0173721313477
-3.4e+38 -3.4e+38 -3.4e+38 -3.4e+38 32.4780426025391 32.5939750671387 33.0495681762695 33.3041152954102 33.7973899841309 34.3517951965332 34.8905029296875 35.3574028015137 35.7012138366699 35.9302711486816 36.037181854248 36.0511207580566 36.0425605773926 35.9134483337402 35.8557090759277 35.7341117858887 35.5021934509277 35.3556900024414 35.3713340759277 35.3884544372559 35.4395027160645 35.4363479614258 35.5015602111816 35.451732635498 35.5501747131348 35.5071449279785 35.6175880432129 35.8082313537598 35.8808097839355 35.942798614502 36.0609741210938 36.0013771057129 36.0409851074219 35.8758316040039 35.552116394043 35.207218170166 35.2117156982422 35.2653045654297 35.3351097106934 35.254322052002 35.2188720703125 35.2789459228516 35.2182731628418
-3.4e+38 -3.4e+38 -3.4e+38 -3.4e+38 -3.4e+38 32.9657516479492 33.36181640625 33.798267364502 34.3544082641602 34.9178924560547 35.4071922302246 35.7822799682617 36.0485382080078 36.1980895996094 36.2160339355469 36.0789566040039 35.6572036743164 35.2964286804199 35.234302520752 35.1427116394043 35.078498840332 35.0229377746582 35.0055046081543 35.0171356201172 35.0430946350098 35.0355262756348 35.0419692993164 35.0805892944336 35.0623588562012 35.0788078308105 35.1200218200684 35.2203102111816 35.3000106811523 35.5312042236328 35.559684753418 35.563549041748 35.4852600097656 35.2902145385742 35.0814933776855 35.0026741027832 35.0219497680664 35.0216026306152 35.0176734924316 35.0093612670898 34.9741744995117 34.9795265197754 34.9748497009277
-3.4e+38 -3.4e+38 -3.4e+38 -3.4e+38 -3.4e+38 33.5349578857422 33.7418212890625 34.2459907531738 34.8008117675781 35.3467254638672 35.756233215332 36.0501098632812 36.2198448181152 36.2103691101074 35.9620590209961 35.588550567627 35.1898345947266 35.0242118835449 34.9641418457031 34.9516372680664 34.9622611999512 34.9573936462402 34.9630088806152 34.9340019226074 34.9668426513672 34.9474868774414 34.9495964050293 34.9557914733887 34.9570236206055 34.9819450378418 34.9707183837891 34.9713325500488 35.040397644043 35.1105804443359 35.0969581604004 35.1002159118652 35.0640754699707 35.072151184082 34.9848022460938 34.9752578735352 34.9446792602539 34.963436126709 34.9275703430176 34.9301605224609 34.936653137207 34.9288558959961 34.9446563720703
-3.4e+38 -3.4e+38 34.2440147399902 34.1742935180664 33.9316101074219 33.7907981872559 34.0841293334961 34.5918426513672 35.1525268554688 35.6352767944336 35.9873390197754 36.1970100402832 36.219596862793 35.9386520385742 35.5138816833496 35.2573280334473 35.0071640014648 34.9619789123535 34.9528617858887 34.9600486755371 34.9502105712891 34.956859588623 34.9515762329102 34.9569435119629 34.9577026367188 34.9544525146484 34.9895668029785 34.9998741149902 34.993537902832 34.9603042602539 34.9448699951172 34.9554176330566 34.9551048278809 34.9809265136719 34.9647254943848 34.9879913330078 34.966121673584 34.9634208679199 34.9646644592285 34.9849967956543 34.9546890258789 34.9514923095703 34.96533203125 34.9673843383789 34.9421691894531 34.942195892334 34.9724998474121
-339999999999999996128486808808066248288.000000000000000 -3.4e+38 -3.4e+38 -3.4e+38 34.1373519897461 33.9991493225098 34.3574905395508 34.8614082336426 35.4092216491699 35.8513374328613 36.1348304748535 36.243034362793 36.0151748657227 35.533878326416 35.2468490600586 35.0396842956543 34.9506683349609 34.9499893188477 34.949520111084 34.9625663757324 34.9483947753906 34.9606475830078 34.9582099914551 34.953670501709 34.9415283203125 34.9432258605957 34.9812507629395 34.9518966674805 35.0147438049316 34.9732208251953 34.9644432067871 34.9757385253906 34.9416275024414 34.9372825622559 34.9507904052734 34.9645957946777 34.9557723999023 34.9650230407715 34.9535751342773 34.9639358520508 34.9836120605469 34.9775390625 34.9780960083008 34.9713897705078 34.9795188903809 34.9836578369141 34.9840888977051
-3.4e+38 -3.4e+38 -3.4e+38 -3.4e+38 34.1643295288086 34.1566162109375 34.5430603027344 35.0338020324707 35.5579566955566 35.9673843383789 36.2125205993652 36.1890144348145 35.7098121643066 35.2827033996582 35.0337333679199 34.9472618103027 34.9179611206055 34.9431381225586 34.9451789855957 34.9522590637207 34.9772262573242 34.9832038879395 34.9822273254395 34.984977722168 34.9881706237793 34.9766311645508 35.0234451293945 34.996467590332 35.0344390869141 34.9602737426758 34.955638885498 34.9513702392578 34.9926795959473 34.9699592590332 34.9673500061035 34.999340057373 34.9773864746094 34.9933967590332 34.9853248596191 34.9950065612793 34.9784622192383 34.978946685791 34.9887046813965 35.0040855407715 34.9893989562988 35.0154342651367 35.0076217651367
-3.4e+38 -3.4e+38 -3.4e+38 -3.4e+38 34.2097473144531 34.2644653320312 34.6273384094238 35.1097602844238 35.6184349060059 36.0112953186035 36.2392387390137 36.0400657653809 35.4192695617676 35.1173210144043 34.9650077819824 34.931266784668 34.9485168457031 34.9459533691406 34.9855537414551 34.9894599914551 35.000186920166 34.9865570068359 34.9750556945801 34.9779777526855 35.0441207885742 34.9908027648926 34.978157043457 35.0426979064941 35.0402755737305 35.0033340454102 34.945426940918 34.9719200134277 34.987434387207 34.9720802307129 34.9964866638184 34.9995460510254 34.9924468994141 34.9832801818848 34.9898529052734 34.9785690307617 34.9892196655273 34.9937515258789 34.99267578125 34.9891395568848 34.9878463745117 34.9896240234375 34.9889259338379
-3.4e+38 -3.4e+38 -3.4e+38 -3.4e+38 34.534481048584 34.3423042297363 34.6576881408691 35.0895767211914 35.5799102783203 35.9828224182129 36.2297821044922 35.9943542480469 35.3325996398926 35.0555191040039 34.9462852478027 34.9468955993652 34.9561653137207 34.9645385742188 34.9860458374023 35.0146636962891 35.0026969909668 34.9994964599609 34.9795341491699 34.9787178039551 35.0048637390137 34.9845275878906 34.9499664306641 34.9652214050293 35.0175285339355 34.9894409179688 35.0171012878418 35.0090065002441 34.9838905334473 34.9868850708008 34.9883766174316 34.9850883483887 34.9874534606934 34.9808006286621 34.9933738708496 34.9913635253906 34.990234375 34.9843254089355 34.9833755493164 34.981258392334 34.985466003418 34.9807243347168 34.9782371520996
-3.4e+38 -3.4e+38 -3.4e+38 -3.4e+38 34.4581184387207 34.3725547790527 34.6361045837402 35.0054092407227 35.4355964660645 35.8632736206055 36.1541366577148 36.1533432006836 35.4142990112305 35.0155067443848 34.9358940124512 34.9476280212402 34.9853668212891 34.978443145752 34.9824066162109 35.0097503662109 34.9908828735352 34.9877281188965 34.9865951538086 34.9935760498047 34.9714279174805 34.9817314147949 34.9802513122559 34.9837913513184 34.9845008850098 34.9785308837891 35.0322380065918 34.98193359375 34.977108001709 34.9968872070312 35.0049133300781 35.0028991699219 35.0063819885254 34.9986572265625 34.9852409362793 34.9813766479492 34.9803428649902 34.9760360717773 35.056999206543 34.9793395996094 34.9743957519531 34.9804840087891 34.9799690246582
-3.4e+38 -3.4e+38 -3.4e+38 -3.4e+38 34.5134391784668 34.3873825073242 34.6127967834473 34.9084510803223 35.2439804077148 35.5987396240234 35.9714775085449 36.1671142578125 35.6852035522461 35.0142288208008 34.9415855407715 34.945873260498 34.992790222168 34.9779357910156 35.0073394775391 34.9965286254883 34.9857482910156 34.9817237854004 34.9810371398926 34.9851303100586 34.9938507080078 35.0227317810059 35.0238037109375 34.9872245788574 35.0066223144531 35.0236930847168 35.0237579345703 34.9885902404785 34.992504119873 34.9914054870605 34.9841003417969 34.985466003418 34.9827117919922 34.9822311401367 34.9779510498047 35.052661895752 34.9908180236816 35.0021209716797 35.0588035583496 35.0800590515137 35.038890838623 34.9785270690918 34.9966087341309
-3.4e+38 -3.4e+38 -3.4e+38 -3.4e+38 -3.4e+38 34.3392372131348 34.5807838439941 34.8509941101074 35.1357383728027 35.4262084960938 35.7563285827637 36.0531387329102 35.9710845947266 35.0392036437988 34.9388236999512 34.9479713439941 34.9926567077637 34.9814796447754 35.0012588500977 34.9944305419922 34.9844856262207 34.9795112609863 34.9768753051758 34.9779014587402 34.9832496643066 35.0326499938965 35.0136337280273 34.9766578674316 34.9819374084473 34.990478515625 34.9878807067871 34.9847640991211 34.9823379516602 34.9820976257324 35.0066909790039 34.9817314147949 34.9781951904297 34.9768981933594 34.9780540466309 34.9806938171387 35.0247383117676 35.0605506896973 35.0493812561035 34.9866714477539 35.0597305297852 35.0528602600098 35.0346527099609
-3.4e+38 -3.4e+38 -3.4e+38 -3.4e+38 -3.4e+38 29.2468433380127 34.4987373352051 34.8515014648438 35.1074409484863 35.3693733215332 35.666374206543 35.977725982666 36.0058250427246 35.0619163513184 34.9324531555176 34.9428100585938 34.9670944213867 34.9928436279297 35.0040473937988 34.9915924072266 34.9821929931641 34.9837951660156 35.0159454345703 35.0117492675781 35.0124244689941 35.077075958252 35.0534706115723 35.0369071960449 35.043872833252 34.9914817810059 34.9731292724609 34.9728698730469 34.9718322753906 34.9806060791016 35.0531730651855 35.0359573364258 34.9977645874023 34.9780120849609 34.9783782958984 34.976936340332 34.9751358032227 35.0676803588867 35.062931060791 35.0396919250488 35.0367164611816 35.0299682617188 35.019889831543
-3.4e+38 -3.4e+38 -3.4e+38 -3.4e+38 -3.4e+38 28.1093654632568 34.4616737365723 34.9043388366699 35.1339569091797 35.3962478637695 35.6669769287109 35.9754066467285 35.9506301879883 35.0316047668457 34.9389038085938 34.9460792541504 34.9484634399414 34.964183807373 35.0042266845703 34.9844245910645 34.976016998291 35.0041732788086 35.012451171875 35.0410652160645 35.053409576416 35.0548667907715 35.0514717102051 35.0447807312012 35.043025970459 35.0605659484863 35.0647850036621 35.061450958252 35.0409774780273 35.0414199829102 35.0690994262695 35.0632171630859 35.0304794311523 35.0180015563965 35.039608001709 35.0292778015137 35.0388259887695 35.0451507568359 35.0433807373047 35.0386390686035 35.0230751037598 35.0158233642578 35.0260200500488
-3.4e+38 -3.4e+38 -3.4e+38 -3.4e+38 -3.4e+38 -3.4e+38 34.6782341003418 34.9720726013184 35.1911315917969 35.4689025878906 35.7460403442383 36.0424842834473 35.9856300354004 35.0732536315918 34.9470252990723 34.9585838317871 34.9444618225098 34.9643592834473 35.007194519043 34.9801712036133 34.9776916503906 35.0159492492676 35.0351219177246 35.0586318969727 35.086742401123 35.0889053344727 35.0609016418457 35.0919532775879 35.1095085144043 35.105884552002 35.1044425964355 35.1035118103027 35.1001625061035 35.1040115356445 35.1068840026855 35.1049919128418 35.1007804870605 35.0661354064941 35.0319290161133 35.0207138061523 35.0163345336914 35.0163536071777 35.0159149169922 35.0239601135254 35.0269165039062 35.0117378234863 35.0058784484863
-3.4e+38 -3.4e+38 -3.4e+38 -3.4e+38 -3.4e+38 -3.4e+38 34.7877578735352 35.0526123046875 35.2807464599609 35.581371307373 35.8723449707031 36.1399154663086 35.9068412780762 35.0912666320801 34.9385108947754 34.943733215332 34.9394378662109 34.954517364502 34.9874305725098 34.9763031005859 35.0243797302246 35.0275344848633 35.0470390319824 35.0770378112793 35.1041450500488 35.1013259887695 35.1004371643066 35.1030235290527 35.1024436950684 35.1032485961914 35.1022186279297 35.1008644104004 35.1003189086914 35.1010551452637 35.1008148193359 35.0983467102051 35.0974998474121 35.0960464477539 35.0973777770996 35.0859451293945 35.0603561401367 35.0463333129883 35.0365219116211 35.0488700866699 35.0430564880371 35.0514640808105 35.0254135131836
-3.4e+38 -3.4e+38 -3.4e+38 -3.4e+38 -3.4e+38 -3.4e+38 34.9139404296875 35.171688079834 35.4291229248047 35.7224082946777 36.0015754699707 36.2134132385254 35.84521484375 35.0379829406738 34.9388389587402 34.960033416748 34.9465942382812 34.9609031677246 34.9850120544434 35.0078544616699 35.0391502380371 35.0566825866699 35.08740234375 35.1012153625488 35.1005744934082 35.0993957519531 35.0993537902832 35.0988655090332 35.098819732666 35.0982818603516 35.0974159240723 35.0971298217773 35.0971031188965 35.0969848632812 35.0969772338867 35.0948371887207 35.0946083068848 35.0960731506348 35.0973281860352 35.0972442626953 35.0979614257812 35.0937080383301 35.0881233215332 35.0657730102539 35.0726776123047 35.0919799804688 35.083797454834
-3.4e+38 -3.4e+38 -3.4e+38 -3.4e+38 -3.4e+38 35.1109771728516 35.0487403869629 35.3193359375 35.5931968688965 35.862907409668 36.1109161376953 36.2446746826172 35.6724586486816 35.0023994445801 34.9512825012207 34.9473991394043 34.9468421936035 34.9613151550293 34.9825057983398 35.0181121826172 35.0481643676758 35.0837059020996 35.1008377075195 35.0983390808105 35.097053527832 35.0964164733887 35.0958595275879 35.0952072143555 35.0945510864258 35.0940475463867 35.0933723449707 35.0930290222168 35.0933685302734 35.09326171875 35.0935249328613 35.0926933288574 35.0926132202148 35.0936470031738 35.094482421875 35.0953521728516 35.0965576171875 35.0978736877441 35.1022720336914 35.1070365905762 35.1058387756348 35.0993957519531 35.097225189209
-3.4e+38 -3.4e+38 -3.4e+38 -3.4e+38 35.4559860229492 35.2282867431641 35.1879997253418 35.4677772521973 35.7337875366211 35.9824638366699 36.2042846679688 36.1863327026367 35.4295883178711 34.9770698547363 34.9476776123047 34.9483108520508 34.9426231384277 34.9670562744141 34.9842872619629 35.0015869140625 35.0760040283203 35.1016387939453 35.0980796813965 35.0951805114746 35.093807220459 35.0928077697754 35.0919380187988 35.0910110473633 35.090202331543 35.0896148681641 35.0892791748047 35.0893745422363 35.0898590087891 35.0900115966797 35.0900268554688 35.0900382995605 35.0903167724609 35.090877532959 35.0916519165039 35.0925064086914 35.0934944152832 35.0949783325195 35.0971565246582 35.0986633300781 35.1001472473145 35.1007843017578 35.098705291748
