Ecospace-environmental-drivers/Outputs/ASCII-for-ecospace/Averages/Avg_temp_avg.asc
NCOLS 131 
NROWS 53 
XLLCORNER -98 
YLLCORNER 23.9265270233154 
CELLSIZE 0.133587792515755 
NODATA_value -3.4e+38 
[rows 0 to 20 of 53, columns 47 to 93 of 131]
-3.4e+38 -3.4e+38 -3.4e+38 -3.4e+38 -3.4e+38 -3.4e+38 -3.4e+38 -3.4e+38 -3.4e+38 -3.4e+38 -3.4e+38 -3.4e+38 -3.4e+38 -3.4e+38 -3.4e+38 -3.4e+38 -3.4e+38 -3.4e+38 -3.4e+38 -3.4e+38 -3.4e+38 -3.4e+38 -3.4e+38 -3.4e+38 -3.4e+38 -3.4e+38 -3.4e+38 -3.4e+38 -3.4e+38 -3.4e+38 -3.4e+38 -3.4e+38 -3.4e+38 -3.4e+38 -3.4e+38 -3.4e+38 -3.4e+38 -3.4e+38 -3.4e+38 -3.4e+38 -3.4e+38 -3.4e+38 -3.4e+38 -3.4e+38 -3.4e+38 -3.4e+38 -3.4e+38
-3.4e+38 -3.4e+38 -3.4e+38 -3.4e+38 -3.4e+38 -3.4e+38 -3.4e+38 -3.4e+38 -3.4e+38 -3.4e+38 -3.4e+38 -3.4e+38 -3.4e+38 -3.4e+38 -3.4e+38 -3.4e+38 -3.4e+38 -3.4e+38 -3.4e+38 -3.4e+38 -3.4e+38 -3.4e+38 -3.4e+38 -3.4e+38 -3.4e+38 -3.4e+38 -3.4e+38 -3.4e+38 -3.4e+38 -3.4e+38 -3.4e+38 -3.4e+38 -3.4e+38 -3.4e+38 -3.4e+38 -3.4e+38 -3.4e+38 -3.4e+38 -3.4e+38 -3.4e+38 -3.4e+38 -3.4e+38 -3.4e+38 -3.4e+38 -3.4e+38 -3.4e+38 -3.4e+38
-3.4e+38 -3.4e+38 -3.4e+38 -3.4e+38 -3.4e+38 -3.4e+38 -3.4e+38 -3.4e+38 -3.4e+38 -3.4e+38 -3.4e+38 -3.4e+38 -3.4e+38 -3.4e+38 -3.4e+38 -3.4e+38 -3.4e+38 -3.4e+38 -3.4e+38 -3.4e+38 -3.4e+38 -3.4e+38 -3.4e+38 -3.4e+38 -3.4e+38 -3.4e+38 -3.4e+38 23.4414043426514 23.4580574035645 -3.4e+38 -3.4e+38 -3.4e+38 -3.4e+38 -3.4e+38 -3.4e+38 -3.4e+38 -3.4e+38 -3.4e+38 -3.4e+38 -3.4e+38 -3.4e+38 -3.4e+38 -3.4e+38 -3.4e+38 -3.4e+38 -3.4e+38 -3.4e+38
-3.4e+38 -3.4e+38 -3.4e+38 -3.4e+38 -3.4e+38 -3.4e+38 -3.4e+38 -3.4e+38 -3.4e+38 -3.4e+38 -3.4e+38 -3.4e+38 -3.4e+38 -3.4e+38 -3.4e+38 -3.4e+38 -3.4e+38 -3.4e+38 -3.4e+38 -3.4e+38 -3.4e+38 -3.4e+38 -3.4e+38 -3.4e+38 -3.4e+38 -3.4e+38 -3.4e+38 23.4092082977295 23.3881130218506 -3.4e+38 -3.4e+38 -3.4e+38 -3.4e+38 -3.4e+38 -3.4e+38 -3.4e+38 -3.4e+38 -3.4e+38 -3.4e+38 -3.4e+38 -3.4e+38 -3.4e+38 -3.4e+38 -3.4e+38 -3.4e+38 -3.4e+38 -3.4e+38
-3.4e+38 -3.4e+38 -3.4e+38 -3.4e+38 -3.4e+38 -3.4e+38 -3.4e+38 -3.4e+38 -3.4e+38 23.6003112792969 23.5987873077393 23.6012706756592 23.5948162078857 -3.4e+38 -3.4e+38 -3.4e+38 -3.4e+38 -3.4e+38 23.4296684265137 23.4008598327637 23.401180267334 23.4260540008545 23.4667510986328 23.6155586242676 23.6480159759521 23.6366176605225 23.5523319244385 23.381404876709 23.5643157958984 23.9015235900879 -3.4e+38 -3.4e+38 23.4503726959229 23.4329528808594 23.5250720977783 23.3390731811523 23.2689800262451 23.4076023101807 23.4806365966797 23.3235721588135 23.3902015686035 23.3293533325195 -3.4e+38 -3.4e+38 -3.4e+38 -3.4e+38 -3.4e+38
-3.4e+38 -3.4e+38 -3.4e+38 -3.4e+38 -3.4e+38 -3.4e+38 -3.4e+38 -3.4e+38 23.6048908233643 23.6008644104004 23.5967044830322 23.5987873077393 23.5914707183838 23.5794277191162 23.5606346130371 -3.4e+38 23.5192012786865 23.4906349182129 23.424861907959 23.383430480957 23.325740814209 23.3736476898193 23.3583374023438 23.4737205505371 23.5005912780762 23.5099315643311 23.4448089599609 23.5200099945068 23.7610778808594 23.9230270385742 23.5260715484619 23.4901847839355 23.4990425109863 23.3618927001953 23.3458042144775 23.2765636444092 23.3347930908203 23.3296794891357 23.2855930328369 23.2702388763428 23.2730846405029 23.2979183197021 23.3171405792236 23.4188976287842 -3.4e+38 -3.4e+38 -3.4e+38
-3.4e+38 -3.4e+38 -3.4e+38 -3.4e+38 -3.4e+38 -3.4e+38 -3.4e+38 -3.4e+38 23.6170063018799 23.6048908233643 23.5968360900879 23.5863037109375 23.581880569458 23.5889797210693 23.5860462188721 23.5616226196289 23.5325107574463 23.4768047332764 23.422233581543 23.4058723449707 23.2322406768799 23.215311050415 23.0763702392578 23.1394062042236 23.2039413452148 23.1802673339844 23.1231918334961 23.1787223815918 23.2376174926758 23.2837409973145 23.3014221191406 23.2767734527588 23.3367919921875 23.356086730957 23.4179840087891 23.256778717041 23.0710582733154 23.2346477508545 23.3173141479492 23.2681655883789 23.2314414978027 23.256872177124 23.2556266784668 23.2643451690674 23.2992172241211 23.3440952301025 -3.4e+38
-3.4e+38 -3.4e+38 -3.4e+38 -3.4e+38 -3.4e+38 -3.4e+38 -3.4e+38 -3.4e+38 -3.4e+38 -3.4e+38 23.6123485565186 23.5992317199707 23.5969982147217 -3.4e+38 23.6020851135254 23.582836151123 23.5886116027832 23.6048355102539 23.5954341888428 23.5662879943848 23.4620990753174 23.5444812774658 23.1352043151855 23.1308670043945 23.2303314208984 23.2879905700684 23.293212890625 23.3237705230713 23.3341636657715 23.3098926544189 23.3569812774658 23.4289684295654 23.5126762390137 23.4290504455566 23.2005634307861 22.4448585510254 22.3507919311523 22.6963577270508 23.085334777832 23.1658267974854 23.2172431945801 23.3002147674561 23.3233985900879 23.2618865966797 23.263391494751 23.3315944671631 23.4835624694824
-3.4e+38 -3.4e+38 -3.4e+38 -3.4e+38 -3.4e+38 -3.4e+38 -3.4e+38 -3.4e+38 -3.4e+38 -3.4e+38 -3.4e+38 -3.4e+38 -3.4e+38 -3.4e+38 23.5833263397217 23.615062713623 23.669376373291 23.6834316253662 23.7094688415527 23.7123870849609 23.6581115722656 23.6938896179199 23.2275371551514 23.2163105010986 23.2518501281738 23.3519268035889 23.4166831970215 23.4276485443115 23.436637878418 23.4534511566162 23.4975547790527 23.5149116516113 23.5159645080566 23.0053596496582 22.3894901275635 22.0416965484619 22.1716060638428 22.5034503936768 22.774974822998 23.0793781280518 23.2079849243164 23.3577499389648 23.3950843811035 23.324031829834 23.3104591369629 23.2771301269531 23.391622543335
23.7762012481689 -3.4e+38 -3.4e+38 -3.4e+38 -3.4e+38 -3.4e+38 -3.4e+38 -3.4e+38 -3.4e+38 -3.4e+38 23.9921760559082 23.8996524810791 -3.4e+38 -3.4e+38 -3.4e+38 23.7313823699951 23.8365135192871 23.8609962463379 23.8054294586182 23.7805099487305 23.7798366546631 23.5757961273193 23.2641944885254 23.2803802490234 23.2605857849121 23.3950290679932 23.4849739074707 23.5122318267822 23.5068302154541 23.510311126709 23.5481986999512 23.5009365081787 23.1531200408936 22.1235656738281 21.8011741638184 21.9035091400146 22.1019496917725 22.2824554443359 22.5057239532471 22.7405261993408 23.0608978271484 23.4709243774414 23.4774684906006 23.4453926086426 23.4448471069336 23.3705158233643 23.3100929260254
23.7123699188232 23.6933460235596 -3.4e+38 -3.4e+38 -3.4e+38 -3.4e+38 -3.4e+38 -3.4e+38 -3.4e+38 -3.4e+38 24.1379337310791 24.1946296691895 24.2084369659424 -3.4e+38 -3.4e+38 23.8605079650879 23.912317276001 23.968433380127 23.8989925384521 23.8063545227051 23.6889915466309 23.4353713989258 23.3698806762695 23.3612442016602 23.3246402740479 23.5164165496826 23.6448287963867 23.5655250549316 23.6111106872559 23.5718326568604 23.5150356292725 23.3024311065674 22.817964553833 21.5260543823242 21.3264389038086 21.4470558166504 21.7585353851318 21.9729957580566 22.2697486877441 22.4885692596436 22.7923908233643 23.2404079437256 23.4718208312988 23.5850944519043 23.6044921875 23.5111713409424 23.3617420196533
23.7197647094727 23.7323570251465 23.8010101318359 23.9057807922363 -3.4e+38 -3.4e+38 -3.4e+38 -3.4e+38 -3.4e+38 -3.4e+38 -3.4e+38 24.2476444244385 24.3248825073242 24.2669696807861 24.1797122955322 24.0106906890869 24.0715217590332 23.9384422302246 23.7937183380127 23.5489120483398 23.3957633972168 23.3824729919434 23.4748439788818 23.2574157714844 23.3269882202148 23.4717750549316 23.5601978302002 23.5483837127686 23.4601535797119 23.4244327545166 23.3267860412598 22.8560943603516 21.5645351409912 20.6952114105225 20.4110012054443 20.3493671417236 20.6987648010254 21.317943572998 21.8391704559326 22.1778354644775 22.4639167785645 22.7901020050049 23.3135738372803 23.5850524902344 23.6547317504883 23.6853408813477 23.5030155181885
23.7005233764648 23.8090152740479 23.9047603607178 24.0138931274414 -3.4e+38 -3.4e+38 -3.4e+38 -3.4e+38 24.2241859436035 24.2547435760498 24.209924697876 24.2082710266113 24.3089141845703 24.4041843414307 24.2127552032471 24.0984554290771 24.0496864318848 23.6750450134277 23.7053451538086 23.3019123077393 23.0576477050781 23.1808834075928 23.1986198425293 23.3209857940674 23.4481334686279 23.495246887207 23.3037662506104 22.947114944458 22.8401203155518 22.6546497344971 21.8154067993164 20.6934852600098 19.8431911468506 19.7617740631104 19.6275005340576 19.4792213439941 20.3139152526855 20.6940097808838 21.2301940917969 21.7135448455811 22.0680866241455 22.3498229980469 22.7603645324707 23.1815662384033 23.2722454071045 23.4686698913574 23.4426860809326
23.6932716369629 23.7294654846191 23.8388748168945 23.9716186523438 24.0989856719971 24.0943660736084 24.1305885314941 24.1722450256348 24.2118377685547 24.2379264831543 24.2843742370605 24.1951084136963 24.0665817260742 24.0891876220703 23.9926357269287 24.0414485931396 24.2276477813721 24.2838897705078 24.0485973358154 23.4891624450684 22.8848495483398 22.7844161987305 23.1306819915771 23.0648345947266 22.6373310089111 22.4642486572266 21.9383506774902 21.2037334442139 20.5541973114014 19.8008060455322 18.8743019104004 18.3744487762451 18.318811416626 18.8764114379883 19.0638523101807 19.4237442016602 20.1927833557129 20.6157264709473 21.0069217681885 21.3454971313477 21.7199897766113 22.0227508544922 22.2622203826904 22.4791812896729 22.7569122314453 23.0008544921875 23.1973838806152
23.7993850708008 23.7893505096436 23.8201751708984 23.9878005981445 24.1678924560547 24.2071018218994 24.27223777771 24.319221496582 24.3497085571289 24.3442459106445 24.288631439209 23.9104175567627 23.9396934509277 23.9088439941406 23.8043632507324 23.8495254516602 23.9760875701904 24.6972141265869 24.7345962524414 24.0912799835205 22.7643928527832 22.427282333374 22.5097522735596 21.7062931060791 20.953088760376 20.42626953125 19.3410739898682 18.7154865264893 18.288215637207 17.8399085998535 17.6307983398438 17.5493793487549 17.7413177490234 18.3109951019287 18.8580532073975 19.6197643280029 20.1761608123779 20.7089862823486 20.8734302520752 21.1898040771484 21.5022888183594 21.8211555480957 22.0580215454102 22.2252769470215 22.4428462982178 22.6064453125 23.1588878631592
23.8040103912354 23.7980823516846 23.8269863128662 23.952808380127 24.0745334625244 24.1150226593018 24.1443691253662 24.1878204345703 24.194055557251 24.1073532104492 24.0524921417236 23.9869537353516 23.920259475708 23.7474670410156 23.4976634979248 23.376392364502 23.5022087097168 23.9477005004883 23.3804912567139 23.1007995605469 22.3343257904053 21.5386333465576 21.0670070648193 20.3563003540039 19.3886642456055 18.6221008300781 18.1344966888428 17.645866394043 17.3972034454346 17.246639251709 17.2066287994385 17.201244354248 17.5517711639404 18.276927947998 19.0707454681396 19.8513927459717 20.3139228820801 20.6591396331787 20.8354606628418 21.1723575592041 21.4599094390869 21.6262950897217 21.9145774841309 22.1620941162109 22.4031505584717 22.4457302093506 22.7835636138916
23.9290390014648 23.8730525970459 23.8356475830078 23.9287014007568 24.0772113800049 24.1287841796875 24.1031436920166 24.0986518859863 24.1138973236084 24.1389980316162 24.0991458892822 23.944486618042 23.7630844116211 23.5277481079102 23.3118934631348 23.1606788635254 23.0877513885498 23.1138515472412 22.6079158782959 21.9335021972656 20.884614944458 19.8244915008545 19.2433681488037 18.7733135223389 18.2111625671387 17.8754234313965 17.6202583312988 17.2441673278809 17.1295833587646 17.0273456573486 16.9064922332764 17.1549739837646 17.6674041748047 18.3425216674805 19.135139465332 19.8069972991943 20.3421821594238 20.6391468048096 20.9250831604004 21.151123046875 21.3804893493652 21.5928421020508 21.8532562255859 22.0536346435547 22.2897663116455 22.5180492401123 22.6134548187256
24.0536251068115 24.0054893493652 23.9819278717041 23.9732799530029 24.0371208190918 24.1053676605225 24.1517753601074 24.1898803710938 24.2205448150635 24.2107238769531 24.0702648162842 23.6047401428223 22.7874622344971 22.3199520111084 22.6149883270264 23.0016384124756 22.9774990081787 22.777156829834 22.3386383056641 20.9657688140869 19.4892597198486 18.5331554412842 18.2253742218018 17.8447723388672 17.5558662414551 17.3812503814697 17.267370223999 17.0584678649902 16.8794231414795 16.8923931121826 16.8930416107178 17.2258453369141 17.7451515197754 18.3746280670166 19.053638458252 19.7385654449463 20.1735248565674 20.554048538208 20.8588809967041 21.0374908447266 21.3199195861816 21.5987415313721 21.7662220001221 22.0298538208008 22.2879257202148 22.4683856964111 22.6035804748535
23.9846229553223 24.0056190490723 24.0115795135498 24.0413875579834 24.0698566436768 24.1012802124023 24.1773700714111 24.1871681213379 24.1500968933105 24.0470600128174 23.8993129730225 23.640157699585 22.8583068847656 21.252124786377 20.7071170806885 21.2667846679688 21.5393943786621 21.8308639526367 21.4235858917236 20.3533630371094 19.2872543334961 18.2881450653076 17.7506637573242 17.4346046447754 17.2098121643066 17.1735305786133 16.8598823547363 16.8569202423096 16.8606281280518 16.8865947723389 16.8327941894531 17.0779190063477 17.6602840423584 18.302604675293 18.8027400970459 19.4718284606934 19.8692855834961 20.2594184875488 20.5789375305176 20.8615112304688 21.107141494751 21.2847442626953 21.6153621673584 21.8580913543701 22.1717491149902 22.3959102630615 22.579008102417
23.9572200775146 23.9330635070801 23.9454307556152 23.9185638427734 23.9875755310059 24.0643787384033 24.0667915344238 24.0694637298584 24.0260734558105 23.9656562805176 23.865629196167 23.7168846130371 23.2549705505371 21.8286933898926 20.6270427703857 19.7620468139648 19.8088493347168 20.2541332244873 20.2366943359375 19.5675849914551 18.4425239562988 17.9484539031982 17.6007785797119 17.2684173583984 17.1695556640625 17.1076717376709 16.8308029174805 16.8474979400635 16.8738040924072 16.9009914398193 16.7003879547119 16.7436141967773 17.2737216949463 17.9373569488525 18.4485111236572 18.9452114105225 19.3805351257324 19.788782119751 20.1970729827881 20.4863529205322 20.7420043945312 21.0651321411133 21.2639293670654 21.5449333190918 21.853536605835 22.1594886779785 22.4228935241699
23.9370918273926 23.8768520355225 23.8833637237549 23.9191722869873 23.9156799316406 23.9073505401611 23.902681350708 23.8939075469971 23.8977432250977 23.8944187164307 23.6850357055664 23.5502433776855 23.090124130249 22.0228538513184 20.6551723480225 19.2153472900391 18.7847290039062 19.0151824951172 19.2092628479004 18.5593490600586 18.1428070068359 17.6693630218506 17.2921714782715 17.2160186767578 17.2000942230225 17.0700912475586 16.8348865509033 16.8597793579102 16.883975982666 16.9130268096924 16.6899280548096 16.6389026641846 16.7500286102295 17.1008491516113 17.605052947998 18.0175075531006 18.3373985290527 18.9031982421875 19.4957542419434 19.8652248382568 20.1417293548584 20.4778633117676 20.7562923431396 21.0399074554443 21.2110958099365 21.6492099761963 21.9634857177734
