Ecospace-environmental-drivers/Outputs/ASCII-for-ecospace/Averages/Avg_Cfl.asc
NCOLS 131 
NROWS 53 
XLLCORNER -98 
YLLCORNER 23.9265270233154 
CELLSIZE 0.133587792515755 
NODATA_value -9999 
[rows 20 to 39 of 53, columns 45 to 89 of 131]
0.0632473771014096 0.0642284415739073 0.0669514580905324 0.0717980502440812 0.0759409442013922 0.0788005525116912 0.0806417540837633 0.0855035464593775 0.0895514294604196 0.0912707160887683 0.0933162452057044 0.0953815072360966 0.0948966313972909 0.0896109967893782 0.0876030483922148 0.0869536711222804 0.083581544030854 0.0796728395205487 0.07591133427291 0.0701333848823212 0.0647309746811206 0.0619675516745353 0.0592227537890876 0.0570465774255547 0.0575833782368602 0.0546287554694324 0.0533745096039123 0.0505945581968778 0.0487396996617556 0.0478641498385148 0.0480495302838549 0.0474467745372788 0.0465973857842625 0.0483511071445711 0.0477227542412971 0.046390866910995 0.0461642554475832 0.0468231312041051 0.048019688882979 0.0471104202571602 0.046035934190622 0.0456756029892952 0.0457969762603295 0.0448562438718658 0.0462877644848901
0.0539050279338158 0.0526975903284805 0.0531412148778203 0.054023571468643 0.0558011504991148 0.058173492021284 0.0604832376254937 0.0625765795150692 0.0639613336837769 0.0631696667046623 0.0644472768748155 0.0646856385830424 0.0661874386182445 0.0664162721461369 0.0679746026252495 0.0656329971304338 0.0638814317915177 0.0622445762127717 0.0626983835369858 0.0588960269113812 0.0558041707616554 0.0527351689825937 0.0508572568522489 0.0496327334738329 0.0509583875128227 0.0496882410903071 0.0481846758320511 0.0470948204498651 0.0461093254018647 0.0454949016723101 0.0463907104965626 0.0452099322824382 0.0446413228493877 0.0450662761137116 0.0446447022049111 0.0452256005406121 0.0451793441495213 0.0457671001361675 0.0467559709044524 0.0473341721909714 0.0455363127089535 0.0437571690778515 0.0440289256591788 0.0443153356538808 0.0443342884837779
0.0473832280838237 0.047145225164385 0.0468053586031695 0.0470662609987214 0.0481517009281529 0.0502916771170293 0.0507463448257384 0.0523523792698781 0.0539176388706709 0.0537757826047198 0.0532504622978716 0.0527724679273406 0.0534902576770954 0.0558870023572223 0.0560595962505025 0.0545550849739502 0.0526311143628381 0.0539524218481226 0.0565943161185341 0.0546885024003474 0.051362899973297 0.0478196268703223 0.0479403115041817 0.0463230916878526 0.0458752739480994 0.0465577979853248 0.0455176836687128 0.0443771684688564 0.044090680037247 0.0449730715128338 0.0443937456433443 0.0443155282243976 0.0437385416170458 0.0436760877332023 0.0427090204406152 0.0441714002580438 0.0445294497095064 0.0446339001315256 0.0441598573219007 0.0428831861033394 0.0434497104397607 0.0422125504385485 0.0428182241546505 0.0434980707060722 0.0436207385505557
0.0435468515196601 0.043956010547192 0.0438294162939931 0.044117461809757 0.0449237991109466 0.0462802838311194 0.0458477193805708 0.0468091005962837 0.0480266548496667 0.0478755871992125 0.0483578754787115 0.0477416113744844 0.0485361055067716 0.0498104102484231 0.0489059428585337 0.0490250732329862 0.0466436866444282 0.0484214192316288 0.0498482030139774 0.0507863537744474 0.0495098312768456 0.0465908016781662 0.0455172184191079 0.0443510159144634 0.0446165624629468 0.0451342537644953 0.0438620475487427 0.0432957047155682 0.0436191199799048 0.0430442498841467 0.0424290037846 0.0428170962421555 0.043488038536421 0.042111210825942 0.0426161289338748 0.0431603132214787 0.0430129410257081 0.0433974873571076 0.0430702410061728 0.0436888348967958 0.0421942919784998 0.0417116119383904 0.0419269690708693 0.042881564873994 0.0424982093510609
0.0410078101449161 0.0410233004392785 0.0408363200489802 0.0409599339801563 0.0424351793083036 0.0431068360697765 0.0424658950593606 0.0435512503481654 0.043265971966697 0.0437719384660628 0.043552995123499 0.0438708640124702 0.0441875367317922 0.0448136867509566 0.0450579327340436 0.0459224351058823 0.0453378124738164 0.0469433356225094 0.0470630440919944 0.0459610616004838 0.0454459101485057 0.0443859809505965 0.0429011330109997 0.0420054260690589 0.0420899842122689 0.0412508062769571 0.0419803823740717 0.0413005129845337 0.0420996824100433 0.0421272530516441 0.043645837490752 0.0423079788556938 0.0415099053492504 0.0414249986506741 0.0425671709550733 0.0426202718409378 0.0418828637267037 0.0423196599422459 0.042722859326007 0.0420103444624294 0.0418227117525254 0.0413310830659689 0.0411972035916443 0.0413167969130495 0.0408089606070395
0.0390301181401328 0.0392813074674147 0.0394205184380771 0.0397675910853147 0.0404738069848811 0.0402564391722927 0.0405248966577159 0.0410709810511878 0.0411164888817062 0.0406676821589417 0.0414859020718785 0.0411783662359986 0.0424097078698786 0.0435386279679469 0.0435186459196786 0.0440063660066486 0.0437736318984744 0.0436540287416527 0.0433984482264754 0.0430914829388524 0.042882177548567 0.0439125257877545 0.0421879122509575 0.0406704185531538 0.0395870630963745 0.0397105358815993 0.0407629843942158 0.0404159889348869 0.0402122612207201 0.0404552826424066 0.0423427634300912 0.0420187144477025 0.0408803926079443 0.040572909695494 0.0407278236192984 0.0404066117871751 0.040312498859896 0.0409868284009714 0.041215632301999 0.041531317841282 0.0414574625399401 0.0408482826125005 0.0400063109048841 0.040135393556482 0.0403252151597224
0.0382758158977401 0.0377038727971152 0.0383156129799815 0.0387667603194906 0.0383785394459723 0.0382607402107713 0.0402436551410363 0.0401652402848877 0.0399415567462321 0.0408421651658961 0.0412756615026325 0.0403338111349994 0.0401804566624153 0.0416311909004093 0.0436820761573254 0.0426969495585542 0.0429354711481558 0.0418956365414426 0.0416169629205452 0.0419174651893922 0.0430092365069259 0.0435290678030543 0.0414744950626961 0.0404865682238411 0.038477117843721 0.0392377628068217 0.0397814396963394 0.0391859775303727 0.0394155875881242 0.0393309265153252 0.0395756264900701 0.0396709717809092 0.0403156276192147 0.0402235819404519 0.0390865874609066 0.0390993630080078 0.0395456423539301 0.0405497358237298 0.0406004303341578 0.041683029178164 0.0407913898549651 0.0392146321932952 0.0386799752885629 0.0394052080388438 0.0405237393156487
0.0366536881814464 0.0371426298810657 0.0373533275817789 0.0374795106129172 0.0372041570334636 0.0374382371232152 0.0385377968044088 0.0402512690184905 0.0407753702975475 0.0408682336362196 0.0404752677877068 0.0420410706748578 0.0408810082000636 0.0404784293167699 0.0407781610080689 0.0397522613504687 0.0405423168900878 0.0407110860417877 0.0399643204724177 0.0398307904222001 0.0411721411577485 0.0414860549659854 0.0413288422240656 0.0398489186186025 0.039035642230576 0.0394242217950623 0.04037545853172 0.0386233381633444 0.0387415670482939 0.0393352924352472 0.0387458771938013 0.0400128296882901 0.0400818993584213 0.0392471952978263 0.0386158815114774 0.0393855683727279 0.0392514346439585 0.0384918234949823 0.0392288183363738 0.0394234723801044 0.040051115522373 0.0387235634901433 0.0383479803028145 0.0379499546741835 0.0385295339824202
0.0362199217673209 0.0360178991181725 0.0363342223070068 0.0363751740366993 0.0362239902467526 0.0359314259042607 0.0371733896954928 0.0378727018567963 0.0392506511039794 0.0399830487077164 0.0403297766857624 0.0409326869542791 0.040490871856017 0.0389544618936379 0.0383152889716934 0.0387936671146064 0.0387976961546184 0.0388011263927057 0.0393786446347257 0.0377154522588497 0.0388033303982766 0.0405515734379625 0.0404784682130036 0.0394771390018961 0.039564302288462 0.0385342126150373 0.0400573216458408 0.0383681199772009 0.0376304924570497 0.0388618632936605 0.0385067206278046 0.03789959591 0.0393459164694065 0.0391832000197235 0.0376663884925596 0.0379538655577951 0.038891692844409 0.0389294614608184 0.0404152891343732 0.0384379053527179 0.0384331364347624 0.0371193194036267 0.0377685133423497 0.0378766799097793 0.038071585030088
0.0346783556921694 0.0352930088532454 0.0354802435507518 0.0363603939920287 0.0358028978646852 0.0350613974921524 0.0361830190887331 0.0366277837223855 0.0358984765076191 0.037034343079466 0.0382737182480455 0.0391123620204901 0.0374705834308179 0.0378946107787351 0.037601754613895 0.0382165943455704 0.0377984868697177 0.0375192288705048 0.0373009793826281 0.0374815953566104 0.0383044589547446 0.0382511845865773 0.0385020989876635 0.0385613391990773 0.038864339531143 0.0387729878902274 0.0386330588530241 0.0386338013370826 0.0380215060451756 0.0386155031070491 0.0378585819950482 0.0372374904169904 0.0372821319104253 0.0371329507697074 0.0371543267963388 0.0383878066837624 0.0376051583641168 0.0376900614988383 0.0374117128697529 0.037909683775909 0.0378602630998312 0.037119033256715 0.03711675194216 0.03693388931421 0.0376048325406059
0.0351085427426634 0.0356130869330293 0.0354500445601669 0.0345256746406806 0.0346615451682375 0.0339100274494439 0.0340706854612077 0.0358446166809831 0.035471620614134 0.0355023466078854 0.0363591790894774 0.0372061830125388 0.036811780057147 0.0373125033460102 0.0370101150817787 0.0366332436067004 0.0366302278402957 0.0359204110538696 0.0370513283245616 0.0368224366467409 0.0367233848098044 0.0369101550565456 0.0381577013818416 0.0383352078386056 0.0382367111863447 0.0378755390588614 0.0386703125811343 0.0387191611459049 0.0388646047875133 0.0388298922310755 0.0372347781623954 0.0353176099436904 0.0361293650208282 0.0356980860873339 0.0370037234249416 0.0372141422354106 0.0359285360019978 0.0351159607294092 0.0354073113812458 0.0347010337950095 0.0356526687192968 0.0370601822004262 0.036012863921973 0.0358925774216836 0.0368760951185742
0.0347294818950705 0.0340880382744358 0.0343822833172125 0.0344374017985156 0.0341890861104147 0.0345760724757666 0.0343145131144885 0.0345861342083063 0.0346908711287036 0.0341853547000422 0.0358832066800233 0.0357703097034609 0.0354290876175269 0.0365196457549894 0.0367040162138205 0.0361904659130699 0.035411508290722 0.0356837205754697 0.0361147468610839 0.0356996471077164 0.0366544136085836 0.0366274734518653 0.0380800045075226 0.0374436714608174 0.0371504525319012 0.0365400962230411 0.0368243463182957 0.036917566489074 0.0378462055645669 0.0376809654851709 0.0359193327061928 0.0357628841987117 0.0354741490962875 0.0360139319551704 0.0350650443517799 0.034853690825833 0.0351878896275719 0.03481007624195 0.0353865824817668 0.0351175442531594 0.0344456306089262 0.0360577652311843 0.0361299517298669 0.0351059565567492 0.0361903082881855
0.0341567744235128 0.0336663863762445 0.0345859047205538 0.0350166435935535 0.0336632902127922 0.0342520167456502 0.0342716396668854 0.0346451999996688 0.0343883219026399 0.0334187452624676 0.0352977955801054 0.0347332821415973 0.0351136987542147 0.0356545892741101 0.0360718359011565 0.0370670855053988 0.0365599204592905 0.0364375644063755 0.0368023568245342 0.0354389363474961 0.0361987659522003 0.0358325074547225 0.0367082806113057 0.0369755853634016 0.036081125382804 0.0369394979861054 0.0371113000794171 0.0365566039610114 0.0368543873407581 0.0361264858107963 0.0348787128995522 0.0355000491379305 0.0340679258362415 0.0343395709134169 0.0350486071075811 0.034664497173509 0.0337782839053097 0.0343754853875864 0.0344105593359057 0.035318771061366 0.034367690351591 0.0352670884972974 0.0360172214250192 0.0357088277293048 0.035505426981374
0.0329349505472334 0.0332568903686479 0.0337337005264225 0.0342539119417779 0.0347197126785222 0.0338646822061053 0.0349749034921764 0.0341210829436273 0.0343885892054208 0.0340296517771043 0.0352868133738173 0.0366586081188124 0.0357041032930439 0.0361941541041622 0.0352380430451353 0.035655762515764 0.0352700537480573 0.0345710691891888 0.0346398565959354 0.0353245043173051 0.0357643749801697 0.0357812683261495 0.0372060615068592 0.0377375952047076 0.0371286990514471 0.036117004953949 0.0358627582145775 0.0352289851968748 0.0361530746415846 0.0354750332819685 0.0349633995596189 0.034051523089849 0.0342537668514473 0.0338959299167775 0.0337048842309867 0.0345402421500615 0.0337854988921808 0.0338743595973305 0.0344590984173524 0.0347574331736441 0.0330452054741014 0.0340478450063905 0.034351645068542 0.0341296291309687 0.0346940082516876
0.0336908419849351 0.0335062373432323 0.0335425397557302 0.0348346221044811 0.0332900665769789 0.0325892935747859 0.0339160514027001 0.0332730583404317 0.0333911607050948 0.0341860185701671 0.0357180484552296 0.0358021224821066 0.0353430904006251 0.0351331681774284 0.0348381125741304 0.0355151766931453 0.0345450107683134 0.0345347863659322 0.0343008043934018 0.0347265830026668 0.036256659834432 0.0363399285360928 0.0368946685526688 0.0363457397856862 0.0365417372825599 0.0356731140808186 0.0353176159044236 0.0340280811564173 0.0351954698441671 0.0355474373361136 0.0355821307902265 0.0339803579540628 0.0338305799691032 0.0337928388258898 0.0330640262129474 0.0325495664327198 0.0338217007303779 0.0331151980368368 0.0332406848570352 0.0328494786432281 0.0333588197983661 0.0326071639802494 0.0336361475499646 0.0339617450019003 0.0337614945848613
0.0339450468697275 0.0338967218133221 0.0341298720887942 0.0339768900073337 0.0329173925539437 0.032707282311289 0.0337836650926902 0.0335979595772942 0.0340435037598246 0.0340094542275728 0.0349117926549801 0.0349005375591775 0.0354108622767553 0.033924205027343 0.0343865198700424 0.0339741242297456 0.033121634396609 0.0345574785618442 0.0337660446276482 0.0345912851461878 0.0352525499039409 0.0351222452603664 0.0362680867704762 0.0352854561234412 0.0353402324775294 0.0346998367006575 0.0341614423312672 0.0342961408628855 0.0343301305131588 0.0339707099943741 0.0347268800652151 0.0333771660402778 0.0333099922780607 0.0332416984965043 0.0337769852053968 0.0335948932361809 0.0331525921453576 0.0324926766404963 0.032156675584781 0.0327433241989607 0.0331712239373819 0.0325149864548823 0.0333617707489923 0.0336656479573845 0.0330133579898021
0.0324205085050621 0.0332110851862949 0.0330188968720998 0.0325683677686946 0.0334795123074716 0.0337874626052814 0.0336151275860097 0.0332003174613973 0.0326888572499741 0.0330669309064276 0.0333923020756348 0.0345657062882736 0.0344685167114004 0.0343959892874128 0.0343602664740966 0.033914216310097 0.0334496998613508 0.0328940551472196 0.0337681353113178 0.0344678023027408 0.0340732941793702 0.0349111270465261 0.0352296917679119 0.03476490045432 0.0345025138995438 0.0336193127378765 0.0336432237272832 0.035132587185831 0.0339467242767945 0.0333267362374188 0.0329374539670939 0.0341668143719369 0.032971007390025 0.0326979438345759 0.0328945088896765 0.0324725527990149 0.0318155266643811 0.0313842661868599 0.0326436548574787 0.0330177125142019 0.0328680296883076 0.0328749092534061 0.0332184490927202 0.0326365441775849 0.032509578493773
0.0328468588191001 0.0320692833024506 0.0321668081713761 0.0331281974310627 0.033239327562958 0.0334476992670988 0.0333172179605318 0.0326534754673266 0.0324673930931917 0.0328644799538566 0.0329047627632142 0.0336579200122645 0.0338776306657274 0.0337005488318416 0.0332360772921457 0.0330165631998162 0.0335871665927574 0.0327907664151466 0.0335649698413109 0.032772338100761 0.0338555715070703 0.0342469462404987 0.0344916962790621 0.0351090444215577 0.0340398930876552 0.0337064401097357 0.0335555492546004 0.033359534733322 0.0335336092421805 0.0339282775485519 0.0343911940390529 0.0324145511349107 0.0316934303301768 0.0320884584614227 0.0322446434345858 0.0320648752804039 0.0316899477703763 0.0313808407305497 0.0311575991451826 0.0322790435653271 0.0321546323572124 0.0318935156877463 0.0320961795335228 0.0320948620595487 0.0325082484993964
0.0309724105406683 0.0320767326589921 0.0320919424505074 0.0324727061579951 0.0320703052146692 0.0320545157275232 0.0325085066947492 0.0310875770306472 0.0307574492213058 0.0317925266964489 0.0321956400258604 0.0339121880262587 0.0333888212107961 0.0323503041703604 0.0325143915115638 0.0319329313130985 0.0328359175814028 0.0326119843680084 0.0329702028083818 0.0329315685524233 0.0337745775722373 0.0340476163153529 0.0345119140702894 0.0345790102254622 0.0340078671972742 0.0343492245550044 0.0342051945668133 0.0330142111265088 0.0329370123906183 0.0329347380292582 0.0330182652650798 0.0327905779630131 0.0328508655573907 0.0320338159294353 0.0318510696228698 0.0314501001890144 0.0319177355359946 0.0320566381137543 0.0323155853123603 0.0315713760713308 0.0324671860288892 0.0315607876135883 0.0312409876665562 0.0316217150503257 0.0312319154741779
0.0319316269756239 0.0313546386637932 0.0322386548281289 0.0320791939419615 0.0318303626524829 0.0314638566329798 0.031372256963076 0.0313444034837964 0.0316869595643276 0.03118965054405 0.0318130960714088 0.0323563835973594 0.0326310098938786 0.03254411790515 0.0325359153541643 0.0330965981777645 0.0322664245494958 0.0324704994987498 0.0333555963020115 0.0338153154657642 0.0334567337001851 0.0334852252015745 0.0328127854368371 0.0341024561309593 0.0345040801578162 0.034650122600057 0.0340539773428001 0.0338345188326363 0.0332724390739426 0.0329586582353498 0.0326827753213761 0.031298840055472 0.0327507336802386 0.0325655253928858 0.0329836833274767 0.0317035487717089 0.0323269196211502 0.0330697287913152 0.0330434035458893 0.0317899587621488 0.0325838994936101 0.0318502145699376 0.031571245000659 0.0322982371528245 0.0337328575301499
