Ecospace-environmental-drivers/Outputs/ASCII-for-ecospace/Sal-surf/Sal-surf_X1996.03.asc
NCOLS 131 
NROWS 53 
XLLCORNER -98 
YLLCORNER 23.9265270233154 
CELLSIZE 0.133587792515755 
NODATA_value -3.4e+38 
[rows 0 to 20 of 53, columns 47 to 93 of 131]
-3.4e+38 -3.4e+38 -3.4e+38 -3.4e+38 -3.4e+38 -3.4e+38 -3.4e+38 -3.4e+38 -3.4e+38 -3.4e+38 -3.4e+38 -3.4e+38 -3.4e+38 -3.4e+38 -3.4e+38 -3.4e+38 -3.4e+38 -3.4e+38 -3.4e+38 -3.4e+38 -3.4e+38 -3.4e+38 -3.4e+38 -3.4e+38 -3.4e+38 -3.4e+38 -3.4e+38 -3.4e+38 -3.4e+38 -3.4e+38 -3.4e+38 -3.4e+38 -3.4e+38 -3.4e+38 -3.4e+38 -3.4e+38 -3.4e+38 -3.4e+38 -3.4e+38 -3.4e+38 -3.4e+38 -3.4e+38 -3.4e+38 -3.4e+38 -3.4e+38 -3.4e+38 -3.4e+38
-3.4e+38 -3.4e+38 -3.4e+38 -3.4e+38 -3.4e+38 -3.4e+38 -3.4e+38 -3.4e+38 -3.4e+38 -3.4e+38 -3.4e+38 -3.4e+38 -3.4e+38 -3.4e+38 -3.4e+38 -3.4e+38 -3.4e+38 -3.4e+38 -3.4e+38 -3.4e+38 -3.4e+38 -3.4e+38 -3.4e+38 -3.4e+38 -3.4e+38 -3.4e+38 -3.4e+38 -3.4e+38 -3.4e+38 -3.4e+38 -3.4e+38 -3.4e+38 -3.4e+38 -3.4e+38 -3.4e+38 -3.4e+38 -3.4e+38 -3.4e+38 -3.4e+38 -3.4e+38 -3.4e+38 -3.4e+38 -3.4e+38 -3.4e+38 -3.4e+38 -3.4e+38 -3.4e+38
-3.4e+38 -3.4e+38 -3.4e+38 -3.4e+38 -3.4e+38 -3.4e+38 -3.4e+38 -3.4e+38 -3.4e+38 -3.4e+38 -3.4e+38 -3.4e+38 -3.4e+38 -3.4e+38 -3.4e+38 -3.4e+38 -3.4e+38 -3.4e+38 -3.4e+38 -3.4e+38 -3.4e+38 -3.4e+38 -3.4e+38 -3.4e+38 -3.4e+38 -3.4e+38 -3.4e+38 1.52921414375305 1.45407974720001 -3.4e+38 -3.4e+38 -3.4e+38 -3.4e+38 -3.4e+38 -3.4e+38 -3.4e+38 -3.4e+38 -3.4e+38 -3.4e+38 -3.4e+38 -3.4e+38 -3.4e+38 -3.4e+38 -3.4e+38 -3.4e+38 -3.4e+38 -3.4e+38
-3.4e+38 -3.4e+38 -3.4e+38 -3.4e+38 -3.4e+38 -3.4e+38 -3.4e+38 -3.4e+38 -3.4e+38 -3.4e+38 -3.4e+38 -3.4e+38 -3.4e+38 -3.4e+38 -3.4e+38 -3.4e+38 -3.4e+38 -3.4e+38 -3.4e+38 -3.4e+38 -3.4e+38 -3.4e+38 -3.4e+38 -3.4e+38 -3.4e+38 -3.4e+38 -3.4e+38 11.0953235626221 10.4261789321899 -3.4e+38 -3.4e+38 -3.4e+38 -3.4e+38 -3.4e+38 -3.4e+38 -3.4e+38 -3.4e+38 -3.4e+38 -3.4e+38 -3.4e+38 -3.4e+38 -3.4e+38 -3.4e+38 -3.4e+38 -3.4e+38 -3.4e+38 -3.4e+38
-3.4e+38 -3.4e+38 -3.4e+38 -3.4e+38 -3.4e+38 -3.4e+38 -3.4e+38 -3.4e+38 -3.4e+38 17.5131015777588 17.5131015777588 17.4609642028809 15.8097496032715 -3.4e+38 -3.4e+38 -3.4e+38 -3.4e+38 -3.4e+38 31.3408012390137 31.1009006500244 27.23756980896 21.9365673065186 15.3528661727905 14.5041332244873 22.05544090271 23.2334079742432 24.0871677398682 23.4232425689697 23.8392696380615 26.2620525360107 -3.4e+38 -3.4e+38 33.5969390869141 32.7562294006348 30.2935333251953 33.7735862731934 34.1247177124023 34.1780700683594 34.2311859130859 34.3587493896484 34.4212341308594 34.6135139465332 -3.4e+38 -3.4e+38 -3.4e+38 -3.4e+38 -3.4e+38
-3.4e+38 -3.4e+38 -3.4e+38 -3.4e+38 -3.4e+38 -3.4e+38 -3.4e+38 -3.4e+38 17.5131015777588 17.5131015777588 17.5131015777588 17.5131015777588 17.4088249206543 15.767053604126 12.5500173568726 -3.4e+38 21.6643218994141 29.8296775817871 31.9620761871338 32.4705505371094 31.9544582366943 29.6842727661133 22.1375637054443 24.130464553833 27.3661651611328 29.4270038604736 28.9831218719482 29.5093421936035 29.9678897857666 27.1047458648682 33.4084014892578 33.580623626709 33.6092987060547 33.6008987426758 33.5211868286133 34.4225807189941 34.6564979553223 34.7515830993652 34.7481651306152 34.7137908935547 34.6996650695801 34.6580390930176 34.6751136779785 34.7542915344238 -3.4e+38 -3.4e+38 -3.4e+38
-3.4e+38 -3.4e+38 -3.4e+38 -3.4e+38 -3.4e+38 -3.4e+38 -3.4e+38 -3.4e+38 17.749641418457 17.5131015777588 17.5131015777588 17.5131015777588 17.5131015777588 17.3045501708984 15.7005453109741 12.5500173568726 16.4241046905518 27.8534851074219 32.7892189025879 34.0075416564941 34.2425575256348 34.0852012634277 33.8614234924316 33.9598197937012 34.1396217346191 34.2860679626465 34.1747512817383 33.8681297302246 33.7888336181641 33.8212890625 34.0520401000977 34.2955322265625 34.4679412841797 34.6266098022461 34.8057861328125 34.9467468261719 35.0284957885742 35.0883636474609 35.1349182128906 35.150707244873 35.1562461853027 35.1215782165527 35.0242538452148 34.9374961853027 34.9433822631836 34.9699668884277 -3.4e+38
-3.4e+38 -3.4e+38 -3.4e+38 -3.4e+38 -3.4e+38 -3.4e+38 -3.4e+38 -3.4e+38 -3.4e+38 -3.4e+38 17.5131015777588 17.5131015777588 17.5131015777588 -3.4e+38 17.0959987640381 15.6430644989014 16.2171669006348 22.7136726379395 30.8014793395996 33.9881057739258 34.5777587890625 34.5885848999023 34.4175682067871 34.6155967712402 34.6805763244629 34.6154479980469 34.5940055847168 34.5956535339355 34.5658798217773 34.5595436096191 34.587818145752 34.6346168518066 34.6991119384766 34.7957496643066 34.8860397338867 34.9392585754395 35.0318374633789 35.1081352233887 35.1511001586914 35.1740036010742 35.2123908996582 35.2753486633301 35.3121528625488 35.2053985595703 35.0283432006836 34.9785232543945 34.9296188354492
-3.4e+38 -3.4e+38 -3.4e+38 -3.4e+38 -3.4e+38 -3.4e+38 -3.4e+38 -3.4e+38 -3.4e+38 -3.4e+38 -3.4e+38 -3.4e+38 -3.4e+38 -3.4e+38 17.1952800750732 17.2795734405518 20.273588180542 19.5296516418457 26.1090297698975 32.9192581176758 34.2558784484863 34.4855003356934 34.2220306396484 34.5104141235352 34.5716781616211 34.2960739135742 34.2920074462891 34.4303665161133 34.47998046875 34.5419883728027 34.5498886108398 34.5827445983887 34.6935272216797 34.8259162902832 34.9675903320312 35.1325454711914 35.185848236084 35.2065315246582 35.2330169677734 35.2337379455566 35.2030334472656 35.2128677368164 35.3454284667969 35.3874549865723 35.2794342041016 35.0870246887207 34.8298149108887
21.8028144836426 -3.4e+38 -3.4e+38 -3.4e+38 -3.4e+38 -3.4e+38 -3.4e+38 -3.4e+38 -3.4e+38 -3.4e+38 26.95578956604 23.8996543884277 -3.4e+38 -3.4e+38 -3.4e+38 23.2911853790283 25.5952987670898 24.9366912841797 28.3061084747314 32.1852111816406 33.684757232666 34.109375 33.8627700805664 34.0539245605469 34.1337699890137 33.9357986450195 33.914436340332 34.2220573425293 34.3062553405762 34.326831817627 34.3567695617676 34.4456405639648 34.6260032653809 34.8983268737793 35.1127586364746 35.1858444213867 35.1680641174316 35.1696281433105 35.2126388549805 35.2929878234863 35.2607727050781 35.2158012390137 35.3295707702637 35.4310035705566 35.4087905883789 35.2539253234863 34.9269409179688
18.7927017211914 11.8049659729004 -3.4e+38 -3.4e+38 -3.4e+38 -3.4e+38 -3.4e+38 -3.4e+38 -3.4e+38 -3.4e+38 31.2540855407715 30.8282928466797 30.286205291748 -3.4e+38 -3.4e+38 28.4657115936279 27.9200668334961 27.290714263916 30.0101337432861 32.1040306091309 33.3777008056641 33.5939178466797 33.3789939880371 33.2992706298828 33.3923683166504 33.3296203613281 33.4401664733887 33.8622665405273 34.1271438598633 34.1830253601074 34.2616539001465 34.3959159851074 34.6977920532227 34.8985137939453 35.0235939025879 35.0216178894043 34.9750633239746 34.9727401733398 35.0156364440918 35.1806297302246 35.2827339172363 35.2522125244141 35.3479766845703 35.4442749023438 35.451488494873 35.3396034240723 35.066764831543
20.8894748687744 9.4304723739624 0.877897620201111 7.79445648193359 -3.4e+38 -3.4e+38 -3.4e+38 -3.4e+38 -3.4e+38 -3.4e+38 -3.4e+38 31.0814170837402 30.5320892333984 30.286205291748 29.9041385650635 28.8713779449463 28.8432807922363 28.9387645721436 30.9471035003662 32.6503486633301 33.4407920837402 33.193058013916 32.8733596801758 32.6389579772949 32.7383117675781 33.0090293884277 33.3268890380859 33.6738700866699 33.9788551330566 34.1863822937012 34.2956008911133 34.4914817810059 34.724308013916 34.8705291748047 34.8280944824219 34.784065246582 34.8110084533691 34.8182220458984 34.8541259765625 35.0129089355469 35.1823768615723 35.2476119995117 35.3536186218262 35.4567947387695 35.487060546875 35.4106903076172 35.2425918579102
28.3166732788086 22.1983890533447 13.2528028488159 9.25266933441162 -3.4e+38 -3.4e+38 -3.4e+38 -3.4e+38 30.9752159118652 31.3659648895264 31.4609546661377 31.2368965148926 30.7018814086914 30.6081809997559 30.2564544677734 28.5568332672119 26.8348121643066 29.7999515533447 31.2205600738525 32.1339149475098 32.7445526123047 32.3635177612305 32.1368713378906 32.7421226501465 33.3360939025879 33.6669235229492 33.8753051757812 34.0368041992188 34.1368827819824 34.2145614624023 34.3692283630371 34.5680351257324 34.7669830322266 34.7795867919922 34.7744293212891 34.7768821716309 34.7568588256836 34.7453956604004 34.7802085876465 34.9290237426758 35.137264251709 35.206169128418 35.2512321472168 35.3818893432617 35.4653625488281 35.4581871032715 35.4549865722656
31.6639671325684 30.3351306915283 26.6128540039062 20.3608856201172 21.3724193572998 25.4556770324707 28.773775100708 30.0802021026611 30.7171363830566 31.3437118530273 31.4933090209961 31.397575378418 31.1307582855225 31.4110527038574 31.0342102050781 28.5670757293701 24.0831413269043 20.7766609191895 20.4514141082764 24.1646842956543 28.3964233398438 31.2909317016602 32.3857574462891 33.6819267272949 34.3205108642578 34.5122261047363 34.6023139953613 34.6207733154297 34.5745658874512 34.533374786377 34.5986404418945 34.7250556945801 34.7629776000977 34.7682342529297 34.8394622802734 34.7985458374023 34.6683769226074 34.6833724975586 34.8111915588379 34.9866676330566 35.1935768127441 35.3073387145996 35.2311019897461 35.2124404907227 35.3267135620117 35.4119720458984 35.468578338623
32.5808944702148 31.8417491912842 29.9286079406738 27.3304786682129 27.8597164154053 29.2680892944336 30.1154804229736 30.6050643920898 31.2818775177002 31.5343780517578 31.5417709350586 31.6758441925049 32.0304908752441 32.3555870056152 31.9766387939453 31.1414356231689 27.6038608551025 10.9637622833252 6.58288860321045 11.6821594238281 26.3922863006592 31.9235858917236 33.5099067687988 34.3453178405762 34.7687110900879 34.8943367004395 34.9392395019531 34.9309692382812 34.810619354248 34.7292861938477 34.7774696350098 34.8644332885742 34.8476867675781 34.8433036804199 34.8277587890625 34.6861343383789 34.6349945068359 34.8096199035645 34.9856300354004 35.1181106567383 35.2397232055664 35.3686408996582 35.3949851989746 35.2866096496582 35.2243804931641 35.318546295166 35.4454650878906
33.0021095275879 32.4145355224609 31.35329246521 30.6696014404297 31.1714820861816 31.3512649536133 31.2896728515625 31.544319152832 31.8613815307617 32.1896705627441 32.5109176635742 32.738151550293 32.7899322509766 32.8039855957031 32.494499206543 31.5672416687012 29.934476852417 20.7655582427979 24.8619480133057 28.2998085021973 31.8939075469971 33.4983978271484 34.274585723877 34.7541694641113 34.900936126709 35.0116157531738 35.0573425292969 35.0088424682617 34.8772621154785 34.7771492004395 34.7795753479004 34.8288307189941 34.8550682067871 34.791877746582 34.6958770751953 34.6215057373047 34.8538475036621 35.0523910522461 35.1551094055176 35.2315902709961 35.3175582885742 35.3976554870605 35.4803886413574 35.4981956481934 35.3986778259277 35.3364753723145 35.3954048156738
33.6620635986328 33.1303596496582 32.4776000976562 32.1274223327637 32.1192512512207 32.1169242858887 32.2273216247559 32.515697479248 32.7812423706055 33.0444984436035 33.2453880310059 33.5490913391113 33.6183967590332 33.7445068359375 33.7213249206543 33.2744750976562 32.7835693359375 32.8279342651367 33.6077003479004 33.9430809020996 34.0388069152832 34.4539985656738 34.7267723083496 34.8792762756348 34.9845085144043 35.062572479248 35.0075416564941 34.9388198852539 34.8374519348145 34.7611465454102 34.7447319030762 34.7411499023438 34.7987403869629 34.7348136901855 34.719367980957 34.9769515991211 35.1895523071289 35.3087844848633 35.382869720459 35.4160537719727 35.4369087219238 35.4777946472168 35.5162696838379 35.5938568115234 35.5677833557129 35.4660415649414 35.3997688293457
34.3303451538086 33.9313621520996 33.4684562683105 33.0677642822266 32.811092376709 32.809196472168 32.9817199707031 33.2013130187988 33.4414825439453 33.5971412658691 33.743724822998 34.1646766662598 34.5397644042969 34.6830940246582 34.7173194885254 34.807689666748 34.889533996582 35.056022644043 35.0933074951172 34.9309921264648 34.8785858154297 34.8825340270996 34.915958404541 34.9226875305176 35.0098152160645 35.0468406677246 34.982063293457 34.8701171875 34.8025856018066 34.7390747070312 34.7398681640625 34.7589492797852 34.7198219299316 34.8118095397949 35.1128158569336 35.3390998840332 35.4016723632812 35.458869934082 35.4977493286133 35.508544921875 35.5030937194824 35.5334663391113 35.5631141662598 35.6407318115234 35.6513595581055 35.5837059020996 35.479866027832
34.8597412109375 34.6496391296387 34.362720489502 34.033519744873 33.7707672119141 33.64599609375 33.6262054443359 33.713191986084 33.9014663696289 34.1171455383301 34.3144989013672 34.5436134338379 34.7148246765137 34.8086204528809 34.9081573486328 35.1227035522461 35.2639923095703 35.1924285888672 35.1469841003418 35.1204490661621 35.0792999267578 35.0585708618164 34.9810981750488 34.8847503662109 34.916561126709 34.9910545349121 34.9882698059082 34.8221817016602 34.7547225952148 34.7776870727539 34.8318328857422 34.8521766662598 34.983585357666 35.2823944091797 35.4402160644531 35.4641990661621 35.4673042297363 35.5151557922363 35.5641250610352 35.5842170715332 35.5603065490723 35.5603332519531 35.5954284667969 35.6736869812012 35.6992111206055 35.6207542419434 35.5234794616699
35.18408203125 35.0866355895996 34.9298248291016 34.7489356994629 34.580753326416 34.4230117797852 34.2897796630859 34.2244644165039 34.3080749511719 34.4384155273438 34.5721321105957 34.6696166992188 34.763370513916 34.8869972229004 35.0386505126953 35.2251663208008 35.2623519897461 35.2267112731934 35.2692527770996 35.2837677001953 35.2888298034668 35.2247428894043 35.0297470092773 34.8635864257812 34.8869743347168 34.9628105163574 34.9494934082031 34.8490829467773 34.8339614868164 34.9055824279785 34.9727554321289 35.1241912841797 35.3810653686523 35.5601768493652 35.5901336669922 35.5874252319336 35.5804443359375 35.5936012268066 35.6203994750977 35.6598510742188 35.6732597351074 35.6901588439941 35.7215995788574 35.7451400756836 35.7455177307129 35.7018661499023 35.5858764648438
35.2978668212891 35.2455062866211 35.165843963623 35.078239440918 35.0134315490723 34.9549942016602 34.8827705383301 34.8605422973633 34.8779907226562 34.8814163208008 34.8904495239258 34.8837280273438 34.8602867126465 34.8905410766602 34.9964790344238 35.1570205688477 35.2744255065918 35.4323616027832 35.4461479187012 35.4460601806641 35.4264755249023 35.3509254455566 35.1862525939941 34.9875411987305 34.9670600891113 35.0886383056641 35.0811614990234 35.0493354797363 35.0750045776367 35.1778793334961 35.2767753601074 35.3859786987305 35.5244140625 35.5958442687988 35.6422805786133 35.6562957763672 35.6812896728516 35.7125587463379 35.751781463623 35.780330657959 35.812183380127 35.8432693481445 35.8468360900879 35.8130531311035 35.7777824401855 35.7241172790527 35.639476776123
