Ecospace-environmental-drivers/Outputs/ASCII-for-ecospace/Sal-surf/Sal-surf_X2016.12.asc
NCOLS 131 
NROWS 53 
XLLCORNER -98 
YLLCORNER 23.9265270233154 
CELLSIZE 0.133587792515755 
NODATA_value -3.4e+38 
[rows 21 to 41 of 53, columns 0 to 46 of 131]
-3.4e+38 -3.4e+38 -3.4e+38 -3.4e+38 -3.4e+38 -3.4e+38 32.0370101928711 29.510103225708 19.8842010498047 17.2132816314697 28.1330165863037 29.2842216491699 30.0918884277344 31.4872074127197 32.4345512390137 33.1805267333984 33.7882308959961 34.4350318908691 35.185245513916 35.632495880127 35.7818069458008 35.8335952758789 35.8625679016113 35.8848724365234 35.9021301269531 35.912899017334 35.9202423095703 35.918830871582 35.910026550293 35.9027481079102 35.897331237793 35.8882255554199 35.887092590332 35.8743171691895 35.8567848205566 35.8749885559082 35.9114799499512 35.9358978271484 35.9540519714355 35.9668350219727 35.975772857666 35.9873275756836 35.9881324768066 35.9851570129395 35.9866752624512 35.9890022277832 35.9886932373047
-3.4e+38 -3.4e+38 -3.4e+38 -3.4e+38 -3.4e+38 -3.4e+38 34.9034004211426 31.69753074646 29.510103225708 28.7876892089844 30.3588066101074 31.3084468841553 32.1561584472656 33.1006736755371 34.012996673584 34.7240371704102 35.2770767211914 35.6349601745605 35.8044204711914 35.8670310974121 35.9100608825684 35.9464111328125 35.9716300964355 35.9801368713379 35.982292175293 35.9796600341797 35.9856643676758 35.9916305541992 35.9856147766113 35.9766006469727 35.9820098876953 36.0019683837891 35.999683380127 35.9655075073242 35.9316253662109 35.9327507019043 35.9595336914062 35.9922103881836 36.0106468200684 36.0209999084473 36.0218544006348 36.0226707458496 36.0344314575195 36.036376953125 36.043270111084 36.052604675293 36.0574569702148
-3.4e+38 -3.4e+38 -3.4e+38 -3.4e+38 26.5530548095703 27.8279819488525 30.6987762451172 34.9034004211426 30.6790885925293 30.9088363647461 31.9489707946777 32.7596206665039 33.6967391967773 34.6520462036133 35.3377990722656 35.6856346130371 35.8190460205078 35.8949356079102 35.9545593261719 35.9986572265625 36.0265312194824 36.0480537414551 36.053337097168 36.057487487793 36.0610275268555 36.0450973510742 36.0307388305664 36.0348281860352 36.0333099365234 36.0309181213379 36.030590057373 36.038516998291 36.0395736694336 36.0327835083008 36.0159873962402 36.000072479248 36.0112571716309 36.0374374389648 36.050838470459 36.059700012207 36.0697860717773 36.0683822631836 36.0694808959961 36.0779495239258 36.0931282043457 36.1252326965332 36.1432914733887
-3.4e+38 -3.4e+38 -3.4e+38 -3.4e+38 25.9576053619385 27.1485061645508 30.3778324127197 30.3653697967529 31.1760673522949 32.3196258544922 33.2016525268555 33.980281829834 34.9842414855957 35.5528526306152 35.7794456481934 35.9120445251465 35.9705429077148 36.0035743713379 36.0317726135254 36.0569686889648 36.0651435852051 36.0707206726074 36.0714111328125 36.071834564209 36.0758438110352 36.0734062194824 36.0627098083496 36.0565147399902 36.0463676452637 36.0384254455566 36.0307846069336 36.0300941467285 36.0343437194824 36.0376510620117 36.0377883911133 36.0380363464355 36.0479011535645 36.0561218261719 36.0713958740234 36.0811233520508 36.0861320495605 36.094181060791 36.0897064208984 36.1098861694336 36.1561012268066 36.1736335754395 36.15283203125
-3.4e+38 -3.4e+38 -3.4e+38 -3.4e+38 -3.4e+38 28.1938362121582 30.5285549163818 31.2348346710205 32.3479843139648 33.4442405700684 34.198787689209 35.0352592468262 35.7427062988281 35.9784164428711 36.0205192565918 36.0398330688477 36.0600433349609 36.0816612243652 36.0994338989258 36.0958442687988 36.0972747802734 36.1012725830078 36.1052513122559 36.1069717407227 36.100341796875 36.0920372009277 36.0869979858398 36.0833282470703 36.0732116699219 36.0569000244141 36.037467956543 36.0311584472656 36.0413970947266 36.056209564209 36.0653686523438 36.0662002563477 36.0689125061035 36.0689086914062 36.0779762268066 36.08984375 36.1004791259766 36.1129570007324 36.1068077087402 36.1243629455566 36.1576461791992 36.1549949645996 36.1556282043457
-3.4e+38 -3.4e+38 -3.4e+38 -3.4e+38 -3.4e+38 29.1871109008789 30.9909553527832 32.1669921875 33.293025970459 34.3375816345215 35.0262832641602 35.6871147155762 36.0171051025391 36.1013374328613 36.1093711853027 36.1152000427246 36.1203460693359 36.1136703491211 36.0828018188477 36.0669136047363 36.080883026123 36.0980682373047 36.1190147399902 36.1203804016113 36.1196327209473 36.1094665527344 36.101490020752 36.0949859619141 36.0988540649414 36.1004486083984 36.0892868041992 36.0648193359375 36.0589332580566 36.0632820129395 36.0727500915527 36.0847129821777 36.0911521911621 36.0908012390137 36.0937309265137 36.105899810791 36.1260948181152 36.1290512084961 36.1127624511719 36.1280784606934 36.1462287902832 36.1389007568359 36.1500053405762
-3.4e+38 -3.4e+38 30.789867401123 30.5089797973633 30.206392288208 30.5828952789307 31.8979244232178 32.8960494995117 34.0014114379883 34.9343338012695 35.6802787780762 35.9872550964355 36.0528907775879 36.0929527282715 36.1235237121582 36.122932434082 36.0881271362305 36.0620613098145 36.0555763244629 36.0734481811523 36.0756454467773 36.0865364074707 36.0918197631836 36.0980072021484 36.1037521362305 36.1001739501953 36.0972785949707 36.0979270935059 36.0908126831055 36.0904541015625 36.0901718139648 36.0858688354492 36.0743751525879 36.0761489868164 36.066593170166 36.08154296875 36.0889472961426 36.1109466552734 36.1235237121582 36.1330718994141 36.1481971740723 36.146297454834 36.1404800415039 36.1652641296387 36.1579399108887 36.1533737182617 36.1765289306641
-339999999999999996128486808808066248288.000000000000000 -3.4e+38 -3.4e+38 -3.4e+38 30.5306816101074 31.340217590332 32.560661315918 33.4663200378418 34.5810661315918 35.4771919250488 35.9476509094238 36.0299758911133 36.0797958374023 36.1083145141602 36.1358070373535 36.0938911437988 36.0790824890137 36.0822792053223 36.0934410095215 36.1171531677246 36.1197547912598 36.1147041320801 36.1079750061035 36.0967445373535 36.107063293457 36.1124038696289 36.1058311462402 36.0840454101562 36.0701217651367 36.0704650878906 36.0767593383789 36.0729484558105 36.072437286377 36.0777015686035 36.0732727050781 36.0893020629883 36.1052627563477 36.1404457092285 36.1570281982422 36.1684532165527 36.1715507507324 36.158275604248 36.1607437133789 36.2020454406738 36.1716041564941 36.171630859375 36.1798515319824
-3.4e+38 -3.4e+38 -3.4e+38 -3.4e+38 30.9620304107666 31.9369430541992 33.0415534973145 33.8899421691895 35.0053787231445 35.7857780456543 35.9681167602539 36.0436820983887 36.0873794555664 36.1182632446289 36.0974197387695 36.0904693603516 36.1144332885742 36.1307907104492 36.1377410888672 36.1553726196289 36.1688652038574 36.1653594970703 36.1582641601562 36.1419067382812 36.1224365234375 36.1348533630371 36.1135025024414 36.0826835632324 36.0835876464844 36.0691986083984 36.0676307678223 36.0611915588379 36.064380645752 36.082649230957 36.0975151062012 36.1099128723145 36.1435089111328 36.1812477111816 36.1899681091309 36.1910438537598 36.1873207092285 36.1690330505371 36.1803092956543 36.2113761901855 36.1821708679199 36.1768188476562 36.1673278808594
-3.4e+38 -3.4e+38 -3.4e+38 -3.4e+38 31.501371383667 32.2139854431152 33.314868927002 34.0116958618164 35.0050773620605 35.7546882629395 35.8964385986328 36.0425987243652 36.0563125610352 36.0817604064941 36.0858840942383 36.1152267456055 36.1366424560547 36.1551971435547 36.1743316650391 36.1863059997559 36.1929168701172 36.1904602050781 36.1882171630859 36.1787376403809 36.1561088562012 36.1504135131836 36.1181373596191 36.0928993225098 36.1017150878906 36.0870819091797 36.070629119873 36.0729637145996 36.0987281799316 36.1285018920898 36.1313514709473 36.1535148620605 36.192268371582 36.2063941955566 36.2121505737305 36.2138290405273 36.2030754089355 36.1808776855469 36.1987190246582 36.2255935668945 36.2122993469238 36.1993217468262 36.1625366210938
-3.4e+38 -3.4e+38 -3.4e+38 -3.4e+38 31.6094493865967 32.3991050720215 33.4218292236328 34.0729713439941 34.7860679626465 35.4613990783691 35.7533760070801 35.9929351806641 35.997200012207 36.0299377441406 36.0833473205566 36.1368827819824 36.1669960021973 36.1975479125977 36.2130737304688 36.2183570861816 36.2064208984375 36.2017822265625 36.196361541748 36.2014770507812 36.1991996765137 36.2008323669434 36.1437911987305 36.114013671875 36.105655670166 36.1073303222656 36.101448059082 36.1078071594238 36.1344184875488 36.1672210693359 36.1922225952148 36.2228012084961 36.2332572937012 36.2260284423828 36.23193359375 36.2335586547852 36.2242469787598 36.2242813110352 36.24267578125 36.2485275268555 36.2306137084961 36.2262916564941 36.1963310241699
-3.4e+38 -3.4e+38 -3.4e+38 -3.4e+38 31.7559871673584 32.3827247619629 33.3608856201172 34.081729888916 34.5855751037598 35.0771255493164 35.5012435913086 35.7816505432129 35.8459701538086 35.9713897705078 36.0880966186523 36.1585502624512 36.1837348937988 36.2226905822754 36.2437744140625 36.2400894165039 36.2313995361328 36.2195091247559 36.2120132446289 36.211742401123 36.218692779541 36.2196159362793 36.1754837036133 36.146167755127 36.1228370666504 36.1289482116699 36.1245079040527 36.1308059692383 36.1462097167969 36.1754722595215 36.2172050476074 36.2680587768555 36.2720527648926 36.2407073974609 36.2248420715332 36.2185440063477 36.208984375 36.2242469787598 36.2701148986816 36.2919044494629 36.2818946838379 36.2560234069824 36.2166481018066
-3.4e+38 -3.4e+38 -3.4e+38 -3.4e+38 31.9667015075684 32.3486976623535 33.1753120422363 33.9177093505859 34.5113983154297 34.8972206115723 35.2545013427734 35.4596862792969 35.6614685058594 35.9475364685059 36.1116714477539 36.1513748168945 36.1741333007812 36.2423362731934 36.2765960693359 36.2668838500977 36.254222869873 36.245735168457 36.2447090148926 36.2375717163086 36.2289161682129 36.2047233581543 36.1873779296875 36.170295715332 36.1427307128906 36.1383590698242 36.1449851989746 36.1368942260742 36.1530265808105 36.1829719543457 36.2230110168457 36.270923614502 36.282543182373 36.2574234008789 36.2100524902344 36.2103538513184 36.2087821960449 36.2151260375977 36.2423973083496 36.2785873413086 36.2831916809082 36.2784080505371 36.2462310791016
-3.4e+38 -3.4e+38 -3.4e+38 -3.4e+38 -3.4e+38 32.298900604248 33.0771751403809 33.7858200073242 34.3413887023926 34.7735366821289 35.0180244445801 35.1825065612793 35.5058212280273 35.932315826416 36.0973281860352 36.134880065918 36.1845932006836 36.247932434082 36.2780647277832 36.2847633361816 36.2748870849609 36.2618217468262 36.260929107666 36.2580718994141 36.2409515380859 36.2077865600586 36.189338684082 36.1814804077148 36.1572303771973 36.1407508850098 36.1548309326172 36.1518592834473 36.1728286743164 36.1906890869141 36.2169456481934 36.2641754150391 36.289379119873 36.2623252868652 36.2214279174805 36.2130813598633 36.2150535583496 36.2189674377441 36.2369689941406 36.2638969421387 36.2698440551758 36.2749099731445 36.2560920715332
-3.4e+38 -3.4e+38 -3.4e+38 -3.4e+38 -3.4e+38 32.1597099304199 32.7603416442871 33.6390914916992 34.1662521362305 34.6643562316895 34.9701194763184 35.083610534668 35.402042388916 35.9006271362305 36.0719032287598 36.1232872009277 36.2083930969238 36.2427139282227 36.2734718322754 36.2886924743652 36.2869491577148 36.2708396911621 36.2572021484375 36.2597236633301 36.2422790527344 36.2231216430664 36.1914100646973 36.1806983947754 36.1695823669434 36.1508293151855 36.1466407775879 36.1773872375488 36.2012634277344 36.2083778381348 36.221622467041 36.2541275024414 36.2819747924805 36.2663803100586 36.2426071166992 36.2331199645996 36.2468681335449 36.229679107666 36.2343559265137 36.2599449157715 36.2632026672363 36.2673301696777 36.2592887878418
-3.4e+38 -3.4e+38 -3.4e+38 -3.4e+38 -3.4e+38 31.9642963409424 32.5050430297852 33.5289421081543 34.0800247192383 34.5822105407715 35.0223350524902 35.1918258666992 35.5001335144043 35.9243049621582 36.0404396057129 36.1483764648438 36.1984176635742 36.2347297668457 36.2711143493652 36.2867546081543 36.291446685791 36.2875556945801 36.2682456970215 36.2621154785156 36.2539100646973 36.239990234375 36.2188110351562 36.1951103210449 36.172550201416 36.166561126709 36.1586265563965 36.1708374023438 36.1967849731445 36.2219543457031 36.233528137207 36.2458877563477 36.2597351074219 36.2719383239746 36.2651290893555 36.2550621032715 36.2464065551758 36.2352561950684 36.2420806884766 36.2549324035645 36.2609672546387 36.2556533813477 36.2748985290527
-3.4e+38 -3.4e+38 -3.4e+38 -3.4e+38 -3.4e+38 -3.4e+38 32.2445526123047 33.4644317626953 34.0997657775879 34.527530670166 34.9137153625488 35.2993316650391 35.6414489746094 35.9532127380371 36.0691833496094 36.1539039611816 36.1964340209961 36.234691619873 36.2603950500488 36.2833824157715 36.2918167114258 36.2958984375 36.2929954528809 36.2837562561035 36.2813262939453 36.2677917480469 36.247200012207 36.2322006225586 36.2035217285156 36.1794738769531 36.1698417663574 36.1744537353516 36.1858062744141 36.2176322937012 36.2521514892578 36.2542190551758 36.2553024291992 36.246036529541 36.2382011413574 36.2393760681152 36.2379302978516 36.2468681335449 36.2590255737305 36.2609672546387 36.2510871887207 36.2490158081055 36.2776069641113
-3.4e+38 -3.4e+38 -3.4e+38 -3.4e+38 -3.4e+38 -3.4e+38 32.3261985778809 33.4544334411621 34.1275405883789 34.5628433227539 34.9360542297363 35.4160308837891 35.7676239013672 35.9832305908203 36.0953178405762 36.1640701293945 36.215991973877 36.2502479553223 36.2557640075684 36.2736663818359 36.2859535217285 36.2912216186523 36.3006134033203 36.3136749267578 36.3116302490234 36.2970199584961 36.2715530395508 36.2587280273438 36.246021270752 36.2274436950684 36.1870422363281 36.1703033447266 36.1811714172363 36.2067642211914 36.2347984313965 36.254020690918 36.2590065002441 36.2447662353516 36.2318572998047 36.2268714904785 36.232780456543 36.251106262207 36.2687950134277 36.2664489746094 36.2489471435547 36.248233795166 36.2577362060547
-3.4e+38 -3.4e+38 -3.4e+38 -3.4e+38 -3.4e+38 -3.4e+38 31.9951553344727 33.5330429077148 34.2674751281738 34.7586860656738 35.1429214477539 35.5590667724609 35.8190841674805 36.0196723937988 36.1150436401367 36.1804542541504 36.2451820373535 36.261173248291 36.2686767578125 36.2788352966309 36.2768821716309 36.2841262817383 36.3057441711426 36.3199501037598 36.3261108398438 36.3088798522949 36.2910423278809 36.2644805908203 36.2580909729004 36.2577857971191 36.2361602783203 36.2082328796387 36.185115814209 36.1894989013672 36.2082061767578 36.2209091186523 36.2373313903809 36.2435531616211 36.2380294799805 36.2371063232422 36.235523223877 36.2441368103027 36.2456321716309 36.2495460510254 36.264892578125 36.2667083740234 36.2549591064453
-3.4e+38 -3.4e+38 -3.4e+38 -3.4e+38 -3.4e+38 32.3337593078613 32.3436012268066 33.6479072570801 34.3664741516113 34.9305801391602 35.2959289550781 35.6328811645508 35.87158203125 36.0112686157227 36.138313293457 36.2198524475098 36.248836517334 36.2664413452148 36.2856063842773 36.2804336547852 36.2788887023926 36.2948150634766 36.3103446960449 36.3120155334473 36.3224983215332 36.312915802002 36.3026161193848 36.2813987731934 36.2621231079102 36.2625885009766 36.2587127685547 36.241382598877 36.223030090332 36.2123374938965 36.2189178466797 36.2255783081055 36.2256355285645 36.2278938293457 36.2310447692871 36.2300186157227 36.235668182373 36.2421607971191 36.240837097168 36.2531356811523 36.2621383666992 36.2708587646484 36.2664680480957
-3.4e+38 -3.4e+38 -3.4e+38 -3.4e+38 32.9732208251953 32.7228164672852 32.6625213623047 33.682544708252 34.4065208435059 34.981689453125 35.3386154174805 35.6328086853027 35.8876342773438 36.0828590393066 36.2008895874023 36.2502670288086 36.2765579223633 36.281795501709 36.288932800293 36.2934379577637 36.2915344238281 36.3035049438477 36.3065872192383 36.3072776794434 36.3059196472168 36.3078804016113 36.3051109313965 36.2921829223633 36.2701187133789 36.2622451782227 36.2672233581543 36.2535858154297 36.235710144043 36.2258605957031 36.2251281738281 36.2297248840332 36.2340202331543 36.2369422912598 36.2349014282227 36.228832244873 36.2350273132324 36.2488670349121 36.2631149291992 36.2683753967285 36.2729568481445 36.2709274291992 36.265869140625
