Ecospace-environmental-drivers/Outputs/ASCII-for-ecospace/Sal-surf/Sal-surf_X2001.08.asc
NCOLS 131 
NROWS 53 
XLLCORNER -98 
YLLCORNER 23.9265270233154 
CELLSIZE 0.133587792515755 
NODATA_value -3.4e+38 
[rows 21 to 41 of 53, columns 0 to 46 of 131]
-3.4e+38 -3.4e+38 -3.4e+38 -3.4e+38 -3.4e+38 -3.4e+38 34.5363998413086 34.4711685180664 34.3286972045898 34.1483039855957 34.1707458496094 34.2005500793457 34.2732238769531 34.3500442504883 34.4031372070312 34.4162559509277 34.4195594787598 34.3343276977539 34.2079963684082 34.0804901123047 33.9585456848145 33.9663543701172 34.02197265625 34.0670738220215 34.118278503418 34.1923599243164 34.3165016174316 34.4612503051758 34.515796661377 34.5019798278809 34.4845008850098 34.4801025390625 34.4878273010254 34.5024909973145 34.4882888793945 34.4495887756348 34.4198379516602 34.4002342224121 34.3774681091309 34.339729309082 34.2954177856445 34.250316619873 34.2123947143555 34.1910705566406 34.1942100524902 34.1772651672363 34.1594352722168
-3.4e+38 -3.4e+38 -3.4e+38 -3.4e+38 -3.4e+38 -3.4e+38 34.6100387573242 34.5279922485352 34.4711685180664 34.3666229248047 34.3506507873535 34.4321937561035 34.4917602539062 34.487735748291 34.4632911682129 34.4328231811523 34.3686561584473 34.2707214355469 34.2187423706055 34.0670890808105 33.9503402709961 34.0074310302734 34.0775718688965 34.151180267334 34.2255516052246 34.3499488830566 34.4684829711914 34.5139350891113 34.470329284668 34.4164161682129 34.3998374938965 34.4143562316895 34.4500770568848 34.5087089538574 34.5522422790527 34.5248794555664 34.4259834289551 34.3686561584473 34.3501853942871 34.3274955749512 34.2916412353516 34.2331924438477 34.1896743774414 34.184196472168 34.1993980407715 34.1944961547852 34.1799049377441
-3.4e+38 -3.4e+38 -3.4e+38 -3.4e+38 34.7612495422363 34.6173553466797 34.6207885742188 34.6100387573242 34.5027732849121 34.4693832397461 34.5651702880859 34.5772552490234 34.4744071960449 34.449275970459 34.4806900024414 34.4999198913574 34.5075149536133 34.4315452575684 34.367130279541 34.2236747741699 33.9956932067871 34.0513610839844 34.1617317199707 34.2182121276855 34.2781105041504 34.4428253173828 34.4941368103027 34.4741821289062 34.4358901977539 34.421314239502 34.3891258239746 34.3855400085449 34.4414596557617 34.5014915466309 34.5232353210449 34.5213012695312 34.4230804443359 34.3201026916504 34.3145561218262 34.330265045166 34.3373374938965 34.3198013305664 34.2823486328125 34.264461517334 34.2310447692871 34.1917610168457 34.1664428710938
-3.4e+38 -3.4e+38 -3.4e+38 -3.4e+38 34.8995132446289 34.7668762207031 34.6173553466797 34.6349716186523 34.5797958374023 34.6271171569824 34.6009635925293 34.4841957092285 34.484432220459 34.698299407959 34.8604888916016 34.9474754333496 34.9568061828613 34.9076080322266 34.7919616699219 34.6421890258789 34.2973098754883 34.2417984008789 34.2441291809082 34.2127685546875 34.2474708557129 34.4031143188477 34.434700012207 34.4483757019043 34.4284706115723 34.4035186767578 34.3854942321777 34.3724784851074 34.4677238464355 34.5324516296387 34.4893684387207 34.4520225524902 34.4499588012695 34.3807144165039 34.3546600341797 34.334716796875 34.295524597168 34.2532424926758 34.233341217041 34.2189102172852 34.1853103637695 34.1750831604004 34.1218528747559
-3.4e+38 -3.4e+38 -3.4e+38 -3.4e+38 -3.4e+38 34.8995132446289 34.7837600708008 34.672981262207 34.6887168884277 34.6364631652832 34.5173835754395 34.5800399780273 34.8480377197266 34.9593811035156 35.0552978515625 35.0751991271973 35.0714797973633 35.0792388916016 35.058967590332 34.9777488708496 34.7174606323242 34.5203742980957 34.521541595459 34.4496459960938 34.3723411560059 34.3528518676758 34.3781051635742 34.392391204834 34.40478515625 34.3486518859863 34.3120574951172 34.4062767028809 34.5266914367676 34.5507965087891 34.4551811218262 34.4336166381836 34.471622467041 34.4215812683105 34.318302154541 34.202507019043 34.105842590332 34.1015129089355 34.1694107055664 34.2163238525391 34.2173767089844 34.1548080444336 34.0907859802246
-3.4e+38 -3.4e+38 -3.4e+38 -3.4e+38 -3.4e+38 34.9764137268066 34.7586288452148 34.7528686523438 34.696102142334 34.5591926574707 34.578498840332 34.8287124633789 34.8892135620117 34.9842109680176 35.0335960388184 34.988037109375 34.9881782531738 34.9870262145996 34.9737548828125 34.9328269958496 34.8291015625 34.7102165222168 34.6068916320801 34.517463684082 34.5038185119629 34.5118446350098 34.4864845275879 34.4355430603027 34.3568420410156 34.3352279663086 34.320499420166 34.5360107421875 34.6204071044922 34.5591430664062 34.4177207946777 34.3747863769531 34.3402709960938 34.2787590026855 34.1563186645508 34.0750160217285 34.1012077331543 34.2047729492188 34.269832611084 34.3054313659668 34.2903594970703 34.2418746948242 34.1592903137207
-3.4e+38 -3.4e+38 35.4563369750977 35.4414329528809 35.1583709716797 34.9665718078613 34.7903137207031 34.7764854431152 34.6106414794922 34.5516815185547 34.6938056945801 34.9061889648438 34.8719215393066 35.0256042480469 34.999210357666 34.9598083496094 34.9756774902344 34.9446067810059 34.9090766906738 34.8730659484863 34.8488273620605 34.8550338745117 34.868522644043 34.8370780944824 34.7421493530273 34.6566009521484 34.5943031311035 34.5573081970215 34.5195770263672 34.4951286315918 34.5193519592285 34.648983001709 34.62841796875 34.4327850341797 34.3009948730469 34.2847442626953 34.262523651123 34.1898460388184 34.1529159545898 34.1807098388672 34.275577545166 34.3235130310059 34.3414840698242 34.3334846496582 34.3176383972168 34.3149299621582 34.2790908813477
-339999999999999996128486808808066248288.000000000000000 -3.4e+38 -3.4e+38 -3.4e+38 35.4265289306641 34.9660034179688 34.837947845459 34.7040672302246 34.5370063781738 34.5411376953125 34.7642974853516 34.8789863586426 34.8843193054199 35.0556526184082 34.9899711608887 34.9421615600586 34.9056243896484 34.8745346069336 34.8794326782227 34.9143142700195 34.9703178405762 35.0225486755371 35.045825958252 35.0472373962402 35.0272560119629 34.9974365234375 34.9156036376953 34.8179016113281 34.72802734375 34.6750526428223 34.6882286071777 34.660530090332 34.5377578735352 34.3014869689941 34.2528305053711 34.2609100341797 34.2344970703125 34.2279357910156 34.2320823669434 34.319091796875 34.365119934082 34.3741760253906 34.3760108947754 34.3884506225586 34.3666687011719 34.3588943481445 34.3708724975586
-3.4e+38 -3.4e+38 -3.4e+38 -3.4e+38 35.231372833252 34.9508361816406 34.8838882446289 34.6523551940918 34.5110321044922 34.5611877441406 34.7484321594238 34.8255805969238 34.9569778442383 35.0925788879395 35.0305709838867 34.9865913391113 34.9374313354492 34.9428062438965 34.9583549499512 35.0132064819336 35.0886459350586 35.1410179138184 35.1504898071289 35.1571960449219 35.1463928222656 35.0879669189453 35.0390701293945 34.9940567016602 34.9262084960938 34.8298950195312 34.7715263366699 34.6204032897949 34.485897064209 34.2935791015625 34.2924728393555 34.3254737854004 34.3087348937988 34.2977256774902 34.4070243835449 34.4516906738281 34.4513549804688 34.4278221130371 34.4004287719727 34.3749084472656 34.3602485656738 34.3906440734863 34.430061340332
-3.4e+38 -3.4e+38 -3.4e+38 -3.4e+38 35.2142486572266 35.0145835876465 34.920597076416 34.6498641967773 34.5037078857422 34.5623207092285 34.666332244873 34.7788963317871 35.0153388977051 35.1361808776855 35.088436126709 35.0487937927246 35.0049057006836 35.0454978942871 35.1075706481934 35.196662902832 35.3159141540527 35.3448448181152 35.3264007568359 35.3200225830078 35.3175506591797 35.2505569458008 35.1725616455078 35.0903472900391 35.0076217651367 34.9286613464355 34.7770690917969 34.643009185791 34.5096855163574 34.3741340637207 34.3747901916504 34.3625030517578 34.3801155090332 34.4876594543457 34.535270690918 34.5388221740723 34.5420036315918 34.5448722839355 34.5420188903809 34.5186729431152 34.4813919067383 34.4545669555664 34.473575592041
-3.4e+38 -3.4e+38 -3.4e+38 -3.4e+38 35.7608070373535 35.124927520752 34.9643821716309 34.6834716796875 34.5226287841797 34.5681076049805 34.6333541870117 34.7578277587891 35.0964431762695 35.2190628051758 35.211368560791 35.2093391418457 35.2001953125 35.2584762573242 35.3288764953613 35.4023208618164 35.4597663879395 35.4418182373047 35.3847465515137 35.3468589782715 35.3143272399902 35.2618370056152 35.206974029541 35.1245994567871 35.0353584289551 34.9681205749512 34.8020515441895 34.7082710266113 34.5687599182129 34.4528312683105 34.3973045349121 34.4290924072266 34.5296936035156 34.6115379333496 34.6285591125488 34.6497230529785 34.6732711791992 34.6734085083008 34.6605949401855 34.6457633972168 34.6204452514648 34.5687866210938 34.4898338317871
-3.4e+38 -3.4e+38 -3.4e+38 -3.4e+38 35.4582252502441 35.1783103942871 35.059455871582 34.7715721130371 34.5868301391602 34.5868797302246 34.6312026977539 34.8268508911133 35.2126121520996 35.3465309143066 35.3829650878906 35.3317565917969 35.3285903930664 35.4209594726562 35.4529151916504 35.4961547851562 35.5570030212402 35.5333633422852 35.4427757263184 35.3503150939941 35.2933197021484 35.2440032958984 35.2143898010254 35.126708984375 35.0518379211426 34.951114654541 34.8569793701172 34.765380859375 34.6184425354004 34.4970245361328 34.432975769043 34.526912689209 34.6418800354004 34.7060279846191 34.7481803894043 34.7921180725098 34.8079833984375 34.7949066162109 34.7668685913086 34.7493133544922 34.7367782592773 34.6993064880371 34.646858215332
-3.4e+38 -3.4e+38 -3.4e+38 -3.4e+38 35.4828910827637 35.2158279418945 35.2014579772949 35.0013275146484 34.7679824829102 34.7668304443359 34.7250518798828 34.9500160217285 35.2805557250977 35.4040374755859 35.4119644165039 35.4051513671875 35.4751434326172 35.5027084350586 35.536548614502 35.5916900634766 35.5912780761719 35.5583610534668 35.4984817504883 35.4116363525391 35.3051376342773 35.2082862854004 35.187873840332 35.1349487304688 35.0526962280273 34.9460334777832 34.8829650878906 34.7756233215332 34.6681098937988 34.5407104492188 34.4813690185547 34.5870513916016 34.7121543884277 34.752742767334 34.800537109375 34.8291816711426 34.8261413574219 34.8318290710449 34.8158149719238 34.7995872497559 34.8081016540527 34.7886924743652 34.7501983642578
-3.4e+38 -3.4e+38 -3.4e+38 -3.4e+38 -3.4e+38 35.1885757446289 35.2615432739258 35.1545448303223 34.9234199523926 34.8611183166504 34.8327369689941 35.0687255859375 35.3719215393066 35.4629783630371 35.4727363586426 35.5246810913086 35.5547485351562 35.5968132019043 35.6380729675293 35.626106262207 35.6202850341797 35.6033592224121 35.5512046813965 35.473503112793 35.3681716918945 35.2329711914062 35.1396293640137 35.1212501525879 35.0533828735352 34.9505882263184 34.9011611938477 34.7888412475586 34.7274284362793 34.6084480285645 34.542407989502 34.6283569335938 34.740909576416 34.7736434936523 34.8046798706055 34.8147277832031 34.8133316040039 34.8183708190918 34.812614440918 34.809253692627 34.8282470703125 34.8128776550293 34.7871208190918
-3.4e+38 -3.4e+38 -3.4e+38 -3.4e+38 -3.4e+38 31.7308177947998 35.2513427734375 35.212760925293 34.9767189025879 34.9237823486328 35.0221099853516 35.2502479553223 35.4373817443848 35.5625343322754 35.5791358947754 35.6100158691406 35.6718940734863 35.6817245483398 35.6741218566895 35.6747360229492 35.6655654907227 35.6328659057617 35.5716094970703 35.5091209411621 35.4209976196289 35.2931251525879 35.160961151123 35.100643157959 35.0575523376465 34.9804573059082 34.9101943969727 34.8079147338867 34.7803916931152 34.6896858215332 34.6151008605957 34.6271324157715 34.7345275878906 34.7817726135254 34.8014602661133 34.8109893798828 34.7990303039551 34.7947463989258 34.8103218078613 34.8233337402344 34.8252372741699 34.8090705871582 34.8023567199707
-3.4e+38 -3.4e+38 -3.4e+38 -3.4e+38 -3.4e+38 31.3956279754639 35.3479423522949 35.302059173584 35.0854415893555 35.0573387145996 35.1768760681152 35.3420448303223 35.5384063720703 35.6261711120605 35.6695022583008 35.7551231384277 35.7138671875 35.6993980407715 35.7056465148926 35.7096481323242 35.6831741333008 35.6454315185547 35.5798988342285 35.5263404846191 35.4690284729004 35.3752288818359 35.2431716918945 35.136890411377 35.1125144958496 35.0313835144043 34.9540824890137 34.8437423706055 34.7941093444824 34.7450866699219 34.706672668457 34.6873168945312 34.6975479125977 34.7594375610352 34.7843704223633 34.793083190918 34.7999801635742 34.8038482666016 34.822093963623 34.8268814086914 34.830135345459 34.8483963012695 34.846809387207
-3.4e+38 -3.4e+38 -3.4e+38 -3.4e+38 -3.4e+38 -3.4e+38 35.5705184936523 35.4149780273438 35.1970062255859 35.1674194335938 35.3257904052734 35.5096168518066 35.624828338623 35.7166938781738 35.8416137695312 35.7972602844238 35.7393913269043 35.7414398193359 35.746898651123 35.7246017456055 35.661506652832 35.5990142822266 35.5268516540527 35.488842010498 35.4635772705078 35.4468078613281 35.3525390625 35.2466888427734 35.1660575866699 35.1128845214844 35.0420532226562 34.9443397521973 34.8473739624023 34.7972450256348 34.7558822631836 34.7394332885742 34.7339859008789 34.7332077026367 34.7704162597656 34.7929725646973 34.8074531555176 34.8195419311523 34.8496475219727 34.8543586730957 34.8625335693359 34.8738822937012 34.8783187866211
-3.4e+38 -3.4e+38 -3.4e+38 -3.4e+38 -3.4e+38 -3.4e+38 35.6745567321777 35.4800033569336 35.3053131103516 35.3234062194824 35.5690116882324 35.7152824401855 35.8350982666016 35.9130668640137 35.8666801452637 35.7730865478516 35.765251159668 35.7651138305664 35.7519416809082 35.698673248291 35.6080780029297 35.5345802307129 35.4827842712402 35.4435653686523 35.4250564575195 35.4188346862793 35.4192962646484 35.402099609375 35.3381767272949 35.246223449707 35.1808662414551 35.121509552002 35.029296875 34.9370536804199 34.8840560913086 34.8620681762695 34.8556060791016 34.8467178344727 34.8389663696289 34.836540222168 34.8685722351074 34.8849906921387 34.9160537719727 34.932487487793 34.9573936462402 34.968635559082 34.9812049865723
-3.4e+38 -3.4e+38 -3.4e+38 -3.4e+38 -3.4e+38 -3.4e+38 35.7239532470703 35.4812355041504 35.4099273681641 35.5155067443848 35.7668876647949 35.9235877990723 35.9924240112305 35.952392578125 35.8474502563477 35.7963447570801 35.8047523498535 35.7828788757324 35.7531356811523 35.6521415710449 35.5850677490234 35.5287551879883 35.4624824523926 35.4149360656738 35.3959770202637 35.3909301757812 35.3828582763672 35.3990592956543 35.4321479797363 35.4089241027832 35.3730316162109 35.3019027709961 35.2437591552734 35.1810722351074 35.142333984375 35.0745620727539 35.0513381958008 35.0491142272949 35.038444519043 35.0520095825195 35.0696640014648 35.1014671325684 35.1005516052246 35.1111450195312 35.1279373168945 35.1427726745605 35.1620025634766
-3.4e+38 -3.4e+38 -3.4e+38 -3.4e+38 -3.4e+38 35.9718132019043 35.661304473877 35.5047836303711 35.5380668640137 35.7532958984375 35.9744110107422 36.0228462219238 36.0058288574219 35.939266204834 35.8434982299805 35.8336143493652 35.8224716186523 35.7906341552734 35.7459716796875 35.6502265930176 35.6163864135742 35.5635681152344 35.4992485046387 35.4386024475098 35.3949699401855 35.3717803955078 35.3550758361816 35.3475227355957 35.359977722168 35.3791580200195 35.3981628417969 35.4013595581055 35.3715286254883 35.3088035583496 35.3100051879883 35.273307800293 35.2309150695801 35.2056083679199 35.2057342529297 35.1989784240723 35.2134742736816 35.2262191772461 35.2267570495605 35.2463073730469 35.2634048461914 35.2724418640137 35.2770118713379
-3.4e+38 -3.4e+38 -3.4e+38 -3.4e+38 36.283073425293 36.0115928649902 35.5886688232422 35.5657920837402 35.7217292785645 35.97119140625 36.059455871582 36.0544548034668 36.0212821960449 35.921573638916 35.8637390136719 35.8522758483887 35.8315467834473 35.8151206970215 35.7351608276367 35.6607284545898 35.6210441589355 35.566104888916 35.5313987731934 35.4955177307129 35.4353256225586 35.3972473144531 35.3830947875977 35.3654174804688 35.345401763916 35.3359451293945 35.3379287719727 35.348072052002 35.3484001159668 35.3381538391113 35.353084564209 35.3266716003418 35.2890930175781 35.3064384460449 35.3134078979492 35.2994537353516 35.3051071166992 35.3005714416504 35.2943878173828 35.2931671142578 35.2970886230469 35.2935333251953 35.288646697998
