Ecospace-environmental-drivers/Outputs/ASCII-for-ecospace/Sal-surf/Sal-surf_X2004.02.asc
NCOLS 131 
NROWS 53 
XLLCORNER -98 
YLLCORNER 23.9265270233154 
CELLSIZE 0.133587792515755 
NODATA_value -3.4e+38 
[rows 21 to 41 of 53, columns 47 to 93 of 131]
35.1240425109863 35.1617164611816 35.2056121826172 35.2244262695312 35.2416763305664 35.2776527404785 35.305118560791 35.3208961486816 35.3182182312012 35.3076019287109 35.2935104370117 35.2867889404297 35.3884544372559 35.5418319702148 35.6603927612305 35.6838035583496 35.7176055908203 35.7546081542969 35.7978858947754 35.8358993530273 35.8715057373047 35.9093971252441 35.937873840332 35.9663162231445 35.9900054931641 36.0158958435059 36.027027130127 36.0320510864258 36.0123825073242 35.9913330078125 35.9364891052246 35.8744773864746 35.8043937683105 35.7798957824707 35.7856216430664 35.7527847290039 35.6813011169434 35.5777053833008 35.4902610778809 35.4446754455566 35.4327163696289 35.4857635498047 35.5859298706055 35.6618843078613 35.7241668701172 35.7076530456543 35.7236824035645
35.2904930114746 35.2975082397461 35.3181648254395 35.3210144042969 35.3063468933105 35.3224678039551 35.3354911804199 35.3233757019043 35.3013534545898 35.2837829589844 35.3001708984375 35.3988304138184 35.5198860168457 35.6342430114746 35.7055397033691 35.737720489502 35.779655456543 35.8086891174316 35.8311042785645 35.8621444702148 35.8989562988281 35.9171028137207 35.9259338378906 35.9392318725586 35.9651565551758 35.9958457946777 36.0175094604492 36.0291519165039 36.0363426208496 36.0391464233398 36.0247039794922 35.9847030639648 35.9286499023438 35.8700485229492 35.8057327270508 35.7353210449219 35.6730918884277 35.6246032714844 35.5854339599609 35.5502433776855 35.5073089599609 35.4684104919434 35.5299377441406 35.6796875 35.761905670166 35.7574424743652 35.7771835327148
35.3339309692383 35.3061637878418 35.3204917907715 35.3566474914551 35.3709678649902 35.3637771606445 35.384838104248 35.3564872741699 35.2906532287598 35.310676574707 35.454345703125 35.5374984741211 35.5986442565918 35.6801567077637 35.7223472595215 35.7608184814453 35.7950286865234 35.8142967224121 35.8291931152344 35.8630104064941 35.8678436279297 35.8537330627441 35.8481254577637 35.8446044921875 35.8755760192871 35.9116401672363 35.9482765197754 35.9841346740723 36.0069427490234 36.0420532226562 36.0681495666504 36.0508460998535 36.0299186706543 35.9863395690918 35.9112815856934 35.7749786376953 35.676700592041 35.6363487243652 35.6433525085449 35.6147346496582 35.5614852905273 35.494026184082 35.5600051879883 35.6990509033203 35.733325958252 35.7780303955078 35.8359603881836
35.2947769165039 35.2572593688965 35.2590980529785 35.3076477050781 35.3261528015137 35.3373718261719 35.3829612731934 35.3677825927734 35.3333549499512 35.4917831420898 35.5561065673828 35.5610504150391 35.5668144226074 35.6156616210938 35.6563911437988 35.7145614624023 35.7717475891113 35.7994041442871 35.8155364990234 35.8245811462402 35.7950096130371 35.7557258605957 35.7406349182129 35.7441444396973 35.7588996887207 35.7824821472168 35.8222923278809 35.8970108032227 35.9738845825195 36.0404815673828 36.0792961120605 36.0929985046387 36.0979080200195 36.0667686462402 35.9763221740723 35.8077125549316 35.7309799194336 35.6870994567871 35.6596565246582 35.6057472229004 35.5492630004883 35.5319061279297 35.6193962097168 35.7018852233887 35.7635307312012 35.8770790100098 35.9765510559082
35.2295608520508 35.1899719238281 35.1902961730957 35.2568740844727 35.2899551391602 35.3007431030273 35.3531188964844 35.3634338378906 35.4715538024902 35.525936126709 35.5016059875488 35.5005035400391 35.5086860656738 35.5315475463867 35.5776786804199 35.6172561645508 35.6834449768066 35.7534980773926 35.7939300537109 35.8032722473145 35.771110534668 35.737190246582 35.7210006713867 35.7012519836426 35.7123985290527 35.7471160888672 35.7897186279297 35.8452339172363 35.9240188598633 36.0172462463379 36.0617828369141 36.1030197143555 36.1394538879395 36.1023712158203 36.0341339111328 35.8657112121582 35.7235107421875 35.684928894043 35.6643829345703 35.6213645935059 35.5962371826172 35.6078033447266 35.6905136108398 35.772705078125 35.8969879150391 36.012882232666 36.0871200561523
35.2517738342285 35.1726989746094 35.1390609741211 35.2138938903809 35.2719078063965 35.2987480163574 35.3361206054688 35.4107093811035 35.4989891052246 35.4838943481445 35.5114059448242 35.5362968444824 35.535472869873 35.5179977416992 35.5043830871582 35.540340423584 35.5839462280273 35.6575584411621 35.7393531799316 35.7664833068848 35.7886161804199 35.7788963317871 35.7714958190918 35.7132377624512 35.6731300354004 35.7051124572754 35.7941589355469 35.8307228088379 35.9165153503418 35.9853439331055 36.0310707092285 36.0911674499512 36.1310920715332 36.1164855957031 36.0535545349121 35.8746185302734 35.749568939209 35.7051200866699 35.6731834411621 35.6597023010254 35.6568374633789 35.7177658081055 35.8342475891113 35.947624206543 36.0446357727051 36.1169166564941 36.1321678161621
35.2234077453613 35.1335525512695 35.1109886169434 35.1958885192871 35.2648963928223 35.3148994445801 35.367431640625 35.4869956970215 35.5220794677734 35.5689468383789 35.5966987609863 35.6049537658691 35.5997009277344 35.5920257568359 35.5731887817383 35.5463180541992 35.5514335632324 35.5758857727051 35.6426773071289 35.7251625061035 35.7513999938965 35.7606048583984 35.7515716552734 35.718879699707 35.677173614502 35.7310829162598 35.8186187744141 35.8513450622559 35.9430351257324 35.9816665649414 36.0136985778809 36.0611000061035 36.0939826965332 36.1036834716797 36.0907249450684 35.883358001709 35.7582969665527 35.7578315734863 35.7314453125 35.7347793579102 35.8063621520996 35.934211730957 36.0104103088379 36.0847053527832 36.1470222473145 36.1564674377441 36.1433486938477
35.1727638244629 35.12158203125 35.1267471313477 35.1995010375977 35.2927780151367 35.3420028686523 35.4628715515137 35.5388031005859 35.595344543457 35.629093170166 35.6350212097168 35.6385688781738 35.6312103271484 35.6178894042969 35.6207542419434 35.5988693237305 35.5589637756348 35.5667381286621 35.6023788452148 35.6615829467773 35.7463569641113 35.7570610046387 35.7542114257812 35.7371788024902 35.6859321594238 35.786018371582 35.835807800293 35.8908424377441 35.9706382751465 35.967529296875 36.001148223877 36.0368270874023 36.0607833862305 36.0863761901855 36.1035690307617 36.0011978149414 35.8081550598145 35.7928657531738 35.8162460327148 35.9009323120117 36.0217094421387 36.074634552002 36.1244239807129 36.1812782287598 36.2031326293945 36.188045501709 36.1574897766113
35.2158966064453 35.1880989074707 35.1834411621094 35.2475318908691 35.333080291748 35.4434852600098 35.5372009277344 35.5890121459961 35.6377029418945 35.6341209411621 35.626781463623 35.6382446289062 35.6443138122559 35.6433372497559 35.6320190429688 35.6249313354492 35.5891265869141 35.5645065307617 35.611644744873 35.6554260253906 35.7039489746094 35.7655830383301 35.7617073059082 35.7224578857422 35.6853675842285 35.7859535217285 35.8252639770508 35.9154319763184 35.9701156616211 35.9480018615723 36.002758026123 36.0511016845703 36.050895690918 36.0576171875 36.0798149108887 36.0159683227539 35.9121284484863 35.8818588256836 35.9272689819336 36.0457458496094 36.1221771240234 36.1454696655273 36.1935424804688 36.2267456054688 36.2329177856445 36.2254486083984 36.1969528198242
35.2801132202148 35.2518501281738 35.2433929443359 35.3055229187012 35.411262512207 35.5132675170898 35.5792427062988 35.624568939209 35.6191444396973 35.6211738586426 35.6294174194336 35.6350021362305 35.6340446472168 35.6382179260254 35.646354675293 35.6387596130371 35.6222953796387 35.5778884887695 35.6148681640625 35.6625633239746 35.7052268981934 35.750846862793 35.7736320495605 35.718334197998 35.7149085998535 35.779857635498 35.7957077026367 35.9276123046875 35.9538688659668 35.9689102172852 36.0284690856934 36.0746803283691 36.0697174072266 36.0711135864258 36.0824432373047 36.0660514831543 36.017578125 36.0158386230469 36.0433616638184 36.0950393676758 36.1398124694824 36.1669654846191 36.1907997131348 36.2133941650391 36.2322044372559 36.2236404418945 36.2115669250488
35.3238525390625 35.2993240356445 35.3195953369141 35.3861846923828 35.4749603271484 35.5412368774414 35.6087112426758 35.6164360046387 35.6091957092285 35.6257095336914 35.6346473693848 35.6389198303223 35.6404876708984 35.6259803771973 35.644962310791 35.6478118896484 35.6547355651855 35.6210174560547 35.627628326416 35.6659088134766 35.7130432128906 35.745475769043 35.7581253051758 35.7330131530762 35.7447929382324 35.769287109375 35.7826232910156 35.9345550537109 35.9499588012695 35.9637336730957 36.0018196105957 36.0721168518066 36.0859870910645 36.0764846801758 36.0898513793945 36.1062431335449 36.0900688171387 36.1130409240723 36.166202545166 36.2005615234375 36.2172660827637 36.2341766357422 36.2287178039551 36.209831237793 36.2169799804688 36.1955680847168 36.1978950500488
35.3884315490723 35.3910903930664 35.4146614074707 35.4603004455566 35.5008316040039 35.5576515197754 35.606746673584 35.6048736572266 35.612606048584 35.6281890869141 35.6316413879395 35.6362380981445 35.6405830383301 35.6202545166016 35.6261940002441 35.6554908752441 35.6757316589355 35.6961822509766 35.6829147338867 35.6884613037109 35.7123107910156 35.7485122680664 35.7513771057129 35.7250480651855 35.7221603393555 35.7373237609863 35.7840003967285 35.9271278381348 35.9639015197754 35.9893646240234 36.0106315612793 36.0579719543457 36.0949859619141 36.0912055969238 36.0885429382324 36.1178321838379 36.1560287475586 36.1646347045898 36.1913986206055 36.2217597961426 36.2429389953613 36.2539443969727 36.2833595275879 36.2923927307129 36.280933380127 36.2579002380371 36.2148742675781
35.4308586120605 35.450611114502 35.4752159118652 35.4981842041016 35.524600982666 35.5739364624023 35.6024131774902 35.5992774963379 35.6100730895996 35.6161117553711 35.6268539428711 35.6407890319824 35.640438079834 35.6083450317383 35.6021575927734 35.6428527832031 35.6807479858398 35.7263984680176 35.7458763122559 35.7299461364746 35.7281188964844 35.7465400695801 35.7643814086914 35.7565078735352 35.7263679504395 35.725154876709 35.7756156921387 35.8897399902344 35.9553871154785 35.9853439331055 36.0209159851074 36.0698661804199 36.1045761108398 36.108814239502 36.1056671142578 36.1205711364746 36.1523742675781 36.1618843078613 36.1796531677246 36.2050018310547 36.2302131652832 36.2370414733887 36.2495269775391 36.269458770752 36.2789535522461 36.2837371826172 36.2698440551758
35.4836654663086 35.4692993164062 35.5040245056152 35.5218658447266 35.5417289733887 35.5712661743164 35.5945739746094 35.5983695983887 35.602481842041 35.6132583618164 35.628849029541 35.6350898742676 35.620849609375 35.5846481323242 35.5852890014648 35.6153678894043 35.6686325073242 35.7378082275391 35.8080673217773 35.8156547546387 35.7822113037109 35.7667465209961 35.7734336853027 35.785041809082 35.7872352600098 35.78857421875 35.804988861084 35.9014663696289 35.9696769714355 36.0187492370605 36.0653457641602 36.1152496337891 36.1400337219238 36.1502952575684 36.1412048339844 36.1357002258301 36.1609687805176 36.1637840270996 36.1765899658203 36.2062873840332 36.2347869873047 36.2439193725586 36.2474899291992 36.2608642578125 36.271858215332 36.2800025939941 36.2561340332031
35.5379486083984 35.5229949951172 35.5087776184082 35.5139617919922 35.5320281982422 35.5593452453613 35.5936889648438 35.616024017334 35.6270027160645 35.6326446533203 35.6348037719727 35.6340026855469 35.6192626953125 35.6068992614746 35.6203575134277 35.6294555664062 35.6532821655273 35.7212257385254 35.8095703125 35.8716659545898 35.8857688903809 35.8804817199707 35.8682250976562 35.8643188476562 35.8672370910645 35.8826942443848 35.9274368286133 36.0064163208008 36.0444488525391 36.0840187072754 36.1139068603516 36.1496238708496 36.1678428649902 36.1781578063965 36.1734504699707 36.1674461364746 36.1859130859375 36.1835556030273 36.1831321716309 36.2007942199707 36.2178649902344 36.2301902770996 36.2380599975586 36.2484893798828 36.2665176391602 36.2633934020996 36.2296028137207
35.589225769043 35.5555725097656 35.5608711242676 35.5571594238281 35.5530624389648 35.5623397827148 35.5877914428711 35.6156578063965 35.6384353637695 35.6594924926758 35.6782302856445 35.6896629333496 35.6960601806641 35.705078125 35.711856842041 35.6813507080078 35.6715240478516 35.6942558288574 35.7872123718262 35.9065399169922 35.9524612426758 35.9544448852539 35.9481506347656 35.9441261291504 35.9456939697266 35.9616279602051 35.99072265625 36.02392578125 36.0430335998535 36.0886688232422 36.1414985656738 36.1657867431641 36.181526184082 36.192928314209 36.1956672668457 36.1888389587402 36.1967964172363 36.184642791748 36.1867179870605 36.2003593444824 36.2108497619629 36.2170104980469 36.2265663146973 36.2375793457031 36.251148223877 36.2164039611816 36.2100524902344
35.7361907958984 35.6730766296387 35.6602668762207 35.6519737243652 35.6539993286133 35.6618385314941 35.6783180236816 35.7041015625 35.7353668212891 35.759765625 35.7733421325684 35.7864875793457 35.8066635131836 35.83203125 35.8342819213867 35.8025703430176 35.8032646179199 35.8331489562988 35.9108848571777 35.9795303344727 35.9996109008789 36.0027236938477 36.0002326965332 35.9999809265137 36.0061149597168 36.025821685791 36.0483627319336 36.0551071166992 36.0590782165527 36.07958984375 36.1460227966309 36.1754608154297 36.1837120056152 36.1950912475586 36.2107086181641 36.2091903686523 36.2079086303711 36.187744140625 36.193229675293 36.1997375488281 36.2156105041504 36.2259674072266 36.2391738891602 36.2508277893066 36.2387504577637 36.1971778869629 36.2078437805176
35.8894729614258 35.8476066589355 35.8119049072266 35.8372116088867 35.8440551757812 35.8401031494141 35.8388900756836 35.8469390869141 35.846061706543 35.8475646972656 35.8399238586426 35.8447608947754 35.8471641540527 35.8652687072754 35.8754425048828 35.8876838684082 35.9426155090332 36.0035133361816 36.0781288146973 36.0837821960449 36.0614891052246 36.0336799621582 36.0242538452148 36.0347290039062 36.0518646240234 36.0646514892578 36.0757904052734 36.0857086181641 36.1076202392578 36.1412658691406 36.171802520752 36.2021751403809 36.2143707275391 36.2235145568848 36.229564666748 36.2226295471191 36.2129821777344 36.1838836669922 36.1828155517578 36.1839714050293 36.1901473999023 36.2079811096191 36.216251373291 36.2212066650391 36.2229385375977 36.2250442504883 36.2349548339844
36.0555610656738 36.0475273132324 36.0267486572266 36.0080261230469 35.992015838623 35.9810371398926 35.9701194763184 35.9529228210449 35.942699432373 35.9343910217285 35.9220695495605 35.9031715393066 35.87939453125 35.8659973144531 35.8508491516113 35.8687171936035 35.9733543395996 36.0585403442383 36.0914268493652 36.0686073303223 36.0449142456055 36.0237655639648 36.0195655822754 36.0272407531738 36.0425758361816 36.0600242614746 36.0836296081543 36.1060066223145 36.132698059082 36.166820526123 36.2008895874023 36.2302398681641 36.2467956542969 36.2427177429199 36.2379608154297 36.2311248779297 36.2116584777832 36.1842651367188 36.1793174743652 36.1784858703613 36.1786193847656 36.1851959228516 36.1947708129883 36.2079925537109 36.2265167236328 36.2413673400879 36.2501258850098
36.2032508850098 36.1951522827148 36.1949653625488 36.1977844238281 36.1976051330566 36.1902885437012 36.1730308532715 36.1490669250488 36.1097679138184 36.0667152404785 36.0303344726562 36.0011901855469 35.9640007019043 35.9148254394531 35.8841247558594 35.8828353881836 35.9234237670898 35.9860687255859 36.0207862854004 36.0361442565918 36.0447540283203 36.0469131469727 36.0557327270508 36.0670318603516 36.0776786804199 36.0893821716309 36.1014671325684 36.1120185852051 36.1348571777344 36.1674652099609 36.2169151306152 36.2577476501465 36.2620811462402 36.2551345825195 36.2396011352539 36.2321510314941 36.2023506164551 36.1752433776855 36.1662406921387 36.1668319702148 36.1740074157715 36.1790962219238 36.1825790405273 36.1922988891602 36.2071189880371 36.2165336608887 36.2342071533203
36.293888092041 36.2941055297852 36.2971076965332 36.3023910522461 36.3076171875 36.3103523254395 36.3085098266602 36.3011436462402 36.2835807800293 36.2503776550293 36.197566986084 36.1364135742188 36.0889663696289 36.016300201416 35.9546813964844 35.9566230773926 35.9345741271973 35.9283676147461 35.9749069213867 36.016773223877 36.0543518066406 36.0914840698242 36.1253433227539 36.1471519470215 36.147045135498 36.1494522094727 36.1495666503906 36.1335601806641 36.1333618164062 36.1625137329102 36.2256546020508 36.2717971801758 36.2645416259766 36.249324798584 36.2415008544922 36.2265357971191 36.196834564209 36.169605255127 36.1584396362305 36.1604347229004 36.1684646606445 36.1732978820801 36.1734352111816 36.1800880432129 36.1986465454102 36.2032852172852 36.2110061645508
