Ecospace-environmental-drivers/Outputs/ASCII-for-ecospace/Sal-surf/Sal-surf_X2007.03.asc
NCOLS 131 
NROWS 53 
XLLCORNER -98 
YLLCORNER 23.9265270233154 
CELLSIZE 0.133587792515755 
NODATA_value -3.4e+38 
[rows 21 to 41 of 53, columns 47 to 93 of 131]
35.2898941040039 35.2788391113281 35.2626266479492 35.2567100524902 35.2582397460938 35.2498626708984 35.2025909423828 35.1239433288574 35.0396347045898 34.9477806091309 34.9234352111816 34.9391555786133 34.9041938781738 34.9149971008301 35.017520904541 35.2332916259766 35.3147621154785 35.524959564209 35.7334136962891 35.8429565429688 35.879280090332 35.8894805908203 35.9147872924805 35.9420623779297 35.9461326599121 35.9404067993164 35.9188079833984 35.8586196899414 35.8542633056641 35.8775367736816 35.7967300415039 35.6822319030762 35.581169128418 35.5006637573242 35.5446357727051 35.5663795471191 35.6340255737305 35.6752662658691 35.7421989440918 35.7357749938965 35.7493591308594 35.7429122924805 35.7362632751465 35.6607704162598 35.6070518493652 35.5735893249512 35.6140441894531
35.2739944458008 35.2685508728027 35.2605857849121 35.2581596374512 35.2609901428223 35.2566871643066 35.2351226806641 35.2103958129883 35.1907157897949 35.1494750976562 35.1046371459961 35.0573387145996 35.0260963439941 35.0455169677734 35.2936096191406 35.5004005432129 35.6840705871582 35.8529510498047 35.9290046691895 35.952075958252 35.9493026733398 35.9648742675781 35.9885444641113 36.0095672607422 36.0105514526367 35.9829483032227 35.910961151123 35.8947143554688 35.9323692321777 35.9155883789062 35.7997779846191 35.6748046875 35.5916633605957 35.5329322814941 35.5621337890625 35.6359786987305 35.6787338256836 35.6913032531738 35.7362022399902 35.7830429077148 35.8106117248535 35.7946472167969 35.8015975952148 35.792724609375 35.7421226501465 35.7356033325195 35.7507781982422
35.2980575561523 35.2902183532715 35.2832527160645 35.2773170471191 35.2584533691406 35.2379760742188 35.2306098937988 35.2369499206543 35.2151679992676 35.1495628356934 35.0861625671387 35.089542388916 35.1225700378418 35.3096771240234 35.6415939331055 35.781005859375 35.8512191772461 35.8787269592285 35.8862075805664 35.9028587341309 35.933406829834 35.9625854492188 35.9886512756348 36.0400238037109 36.0502052307129 36.0296325683594 36.002384185791 36.0103569030762 36.006404876709 35.9798698425293 35.8985900878906 35.7333297729492 35.6129035949707 35.5791206359863 35.5883979797363 35.681812286377 35.7071342468262 35.6959495544434 35.731746673584 35.8153305053711 35.8347053527832 35.8664512634277 35.8682403564453 35.8907661437988 35.8681259155273 35.8790550231934 35.8757705688477
35.3234825134277 35.3281021118164 35.3262138366699 35.3039169311523 35.2522277832031 35.2271003723145 35.2173843383789 35.1757736206055 35.128101348877 35.117130279541 35.1344375610352 35.1704711914062 35.3379592895508 35.6285095214844 35.7881469726562 35.7878189086914 35.798038482666 35.8258514404297 35.8713035583496 35.9073829650879 35.9333076477051 35.9458427429199 35.9730796813965 36.0096168518066 36.0621109008789 36.13330078125 36.1721382141113 36.1086654663086 36.0673027038574 36.0322418212891 35.9774398803711 35.8837623596191 35.7501602172852 35.6286277770996 35.6027069091797 35.6700248718262 35.7070045471191 35.6805877685547 35.673828125 35.8127365112305 35.8784637451172 35.9043960571289 35.8972015380859 35.959644317627 35.9530906677246 35.9403114318848 35.9068031311035
35.2609405517578 35.2880744934082 35.3126335144043 35.2989845275879 35.2424430847168 35.1970138549805 35.1495132446289 35.1163291931152 35.1684265136719 35.191333770752 35.2320251464844 35.3686599731445 35.6355056762695 35.7648506164551 35.7237548828125 35.6948356628418 35.6743011474609 35.6747436523438 35.7040176391602 35.7666511535645 35.8248863220215 35.8604011535645 35.9277801513672 36.0146179199219 36.1282577514648 36.1976280212402 36.2406921386719 36.2265815734863 36.1454086303711 36.0858154296875 36.0571060180664 36.0278472900391 35.9725151062012 35.9135208129883 35.8395004272461 35.8104629516602 35.7559280395508 35.6874389648438 35.6176452636719 35.7333488464355 35.8480567932129 35.8821449279785 35.8862762451172 35.9680709838867 35.9872131347656 35.9411506652832 35.8922729492188
35.2383880615234 35.2692031860352 35.2916717529297 35.2778854370117 35.2239875793457 35.2215270996094 35.2064514160156 35.2341232299805 35.2615356445312 35.3013496398926 35.4609298706055 35.6884880065918 35.7386665344238 35.6802444458008 35.5832061767578 35.4899673461914 35.4089279174805 35.3711357116699 35.3975830078125 35.5195503234863 35.6699714660645 35.7743225097656 35.9175605773926 36.0838394165039 36.1772003173828 36.2300720214844 36.2369079589844 36.2300338745117 36.2359046936035 36.2198944091797 36.1726608276367 36.1385307312012 36.1142082214355 36.0904388427734 36.0620765686035 36.0233917236328 35.9454040527344 35.8502998352051 35.6656684875488 35.6170272827148 35.721549987793 35.8120727539062 35.8292694091797 35.9370880126953 36.0029029846191 35.9368896484375 35.8779525756836
35.2647933959961 35.2644195556641 35.2643623352051 35.2614212036133 35.3166694641113 35.331184387207 35.3544120788574 35.3863105773926 35.4524765014648 35.5801429748535 35.6942863464355 35.7023086547852 35.6128692626953 35.5368423461914 35.4445190429688 35.3683929443359 35.3280029296875 35.3104591369629 35.2851638793945 35.3113594055176 35.516429901123 35.7409324645996 35.9472618103027 36.115406036377 36.2058143615723 36.2374420166016 36.2196159362793 36.2166519165039 36.2220649719238 36.2305793762207 36.2458534240723 36.2523765563965 36.2409439086914 36.2249908447266 36.1984596252441 36.1703300476074 36.0971221923828 35.9858627319336 35.8651466369629 35.7553901672363 35.6907539367676 35.6757469177246 35.7123107910156 35.8313064575195 35.9621849060059 35.956470489502 35.9105415344238
35.2745208740234 35.2726631164551 35.2944755554199 35.3590469360352 35.4083824157715 35.4200325012207 35.461124420166 35.5564231872559 35.6611824035645 35.6651496887207 35.6015281677246 35.5335655212402 35.4604225158691 35.3930778503418 35.340633392334 35.3282585144043 35.341178894043 35.3210525512695 35.2705383300781 35.2521018981934 35.3852233886719 35.7289581298828 35.9821510314941 36.16357421875 36.2286643981934 36.2289161682129 36.2061614990234 36.212818145752 36.2294960021973 36.2432479858398 36.2570762634277 36.271598815918 36.2767105102539 36.2764739990234 36.2643241882324 36.2572174072266 36.2304840087891 36.1074523925781 35.9800033569336 35.8829231262207 35.791316986084 35.7444686889648 35.6706771850586 35.7126045227051 35.8360443115234 35.9436454772949 35.9936676025391
35.3255424499512 35.3550834655762 35.3746757507324 35.3989295959473 35.4174461364746 35.480167388916 35.5944328308105 35.6303062438965 35.5826797485352 35.501636505127 35.4334030151367 35.3837280273438 35.3423385620117 35.3142204284668 35.3145713806152 35.2945823669434 35.2743644714355 35.2542495727539 35.253532409668 35.2536811828613 35.3872413635254 35.7238082885742 36.0554313659668 36.204288482666 36.2398872375488 36.2293510437012 36.2137870788574 36.2314300537109 36.2545967102051 36.2596397399902 36.2590255737305 36.2876167297363 36.2933158874512 36.2928276062012 36.2905311584473 36.287036895752 36.2768821716309 36.1906661987305 36.059383392334 35.9856109619141 35.9390602111816 35.8188781738281 35.7113952636719 35.7649459838867 35.7074813842773 35.8763771057129 36.0883293151855
35.3705940246582 35.3684272766113 35.3643531799316 35.3996238708496 35.4738731384277 35.5480918884277 35.5611724853516 35.5423278808594 35.4831581115723 35.4095649719238 35.3414077758789 35.2834777832031 35.2331504821777 35.1908073425293 35.1578636169434 35.137638092041 35.1383399963379 35.1588706970215 35.2134094238281 35.2666091918945 35.4778671264648 35.7885932922363 36.1373748779297 36.2243995666504 36.2580795288086 36.2403259277344 36.2379379272461 36.2466621398926 36.2462463378906 36.2349090576172 36.2431678771973 36.2693939208984 36.2840690612793 36.2933959960938 36.2816276550293 36.2815780639648 36.2857322692871 36.2269020080566 36.1022109985352 36.0565948486328 36.0359535217285 35.9388732910156 35.7680778503418 35.7784652709961 35.7066688537598 35.9209175109863 36.1038780212402
35.4043807983398 35.4034461975098 35.4130783081055 35.4678001403809 35.5289268493652 35.5193748474121 35.5102958679199 35.4686889648438 35.4085845947266 35.3618202209473 35.2347984313965 35.1233749389648 35.0689468383789 35.0352745056152 35.0325393676758 35.0632133483887 35.0843200683594 35.1244239807129 35.2065048217773 35.3335952758789 35.594051361084 35.9163475036621 36.1942939758301 36.2464179992676 36.2697639465332 36.2382774353027 36.2196464538574 36.2158126831055 36.2170753479004 36.2042770385742 36.2250938415527 36.2528800964355 36.2820663452148 36.2979965209961 36.2841377258301 36.2839622497559 36.2824592590332 36.2432060241699 36.1172180175781 36.0692138671875 36.0306739807129 35.957332611084 35.9397277832031 35.735050201416 35.7792053222656 35.9634056091309 36.0158195495605
35.4494285583496 35.4642143249512 35.4597587585449 35.5264892578125 35.5491523742676 35.5423889160156 35.5047988891602 35.4523086547852 35.379825592041 35.2982292175293 35.1614799499512 35.071647644043 35.0524673461914 35.0589332580566 35.0746383666992 35.0996589660645 35.1190910339355 35.1811676025391 35.2592658996582 35.4550666809082 35.6626853942871 36.0530738830566 36.2346572875977 36.2476119995117 36.2434043884277 36.2094650268555 36.1931571960449 36.1922988891602 36.191478729248 36.1805419921875 36.2166633605957 36.2603492736816 36.2879486083984 36.2980194091797 36.2962684631348 36.2978706359863 36.2912101745605 36.2748756408691 36.1508445739746 36.0696105957031 35.995964050293 35.9060249328613 35.944995880127 35.8819847106934 35.9363441467285 35.9546966552734 35.9753608703613
35.4097099304199 35.4729194641113 35.5324058532715 35.5663528442383 35.6085090637207 35.588077545166 35.5310745239258 35.4995040893555 35.4903945922852 35.4376411437988 35.3460159301758 35.2615737915039 35.2341346740723 35.2388381958008 35.2467079162598 35.2502326965332 35.2475395202637 35.2573661804199 35.3496513366699 35.5387496948242 35.8162879943848 36.1342277526855 36.2175903320312 36.2218055725098 36.2144775390625 36.188232421875 36.168872833252 36.1660308837891 36.1654777526855 36.1689872741699 36.2165412902832 36.2731094360352 36.2896385192871 36.2984161376953 36.3017234802246 36.3057098388672 36.3040313720703 36.2990798950195 36.2150764465332 36.088565826416 35.9616317749023 35.8514137268066 35.9079856872559 36.0603561401367 36.0615081787109 36.0401153564453 36.0209884643555
35.5368003845215 35.4481620788574 35.4999504089355 35.5684776306152 35.5956192016602 35.6112289428711 35.5871505737305 35.5718994140625 35.5791206359863 35.5544891357422 35.5094871520996 35.4641151428223 35.4391975402832 35.399284362793 35.3539352416992 35.3266258239746 35.3265342712402 35.3184928894043 35.4327774047852 35.5993881225586 35.9427032470703 36.1559448242188 36.1960487365723 36.1969146728516 36.1851005554199 36.1675033569336 36.1470375061035 36.147216796875 36.1439437866211 36.1611442565918 36.217643737793 36.2672996520996 36.2892456054688 36.3033561706543 36.3080940246582 36.306339263916 36.3201065063477 36.3141250610352 36.2527542114258 36.1299743652344 35.8998794555664 35.8044738769531 36.0051918029785 36.1114273071289 36.1180000305176 36.0796127319336 36.041561126709
35.7243499755859 35.6199493408203 35.5178527832031 35.4903259277344 35.545295715332 35.5620193481445 35.5781364440918 35.576774597168 35.5764503479004 35.5457191467285 35.5092544555664 35.4680252075195 35.4448776245117 35.4490394592285 35.4354934692383 35.3765487670898 35.3388023376465 35.3594665527344 35.4709396362305 35.6626853942871 35.9528694152832 36.1625785827637 36.1739082336426 36.1717147827148 36.1576194763184 36.1513214111328 36.133472442627 36.1305541992188 36.136100769043 36.1593246459961 36.2093391418457 36.2554130554199 36.2890739440918 36.3027496337891 36.3040504455566 36.3027877807617 36.3170394897461 36.3199691772461 36.2900161743164 36.1533241271973 35.8422164916992 35.9515762329102 36.0290985107422 36.0910987854004 36.1076431274414 36.0733985900879 36.0700454711914
35.7932777404785 35.7632637023926 35.7023849487305 35.6466026306152 35.6055755615234 35.5977478027344 35.6077613830566 35.5971946716309 35.5839881896973 35.5608100891113 35.535888671875 35.513744354248 35.5072898864746 35.5090370178223 35.5236358642578 35.507251739502 35.4532737731934 35.4277420043945 35.5149536132812 35.7421989440918 35.9455909729004 36.1445198059082 36.158935546875 36.1425819396973 36.133716583252 36.1382141113281 36.1259269714355 36.1169929504395 36.1268997192383 36.150936126709 36.1916580200195 36.2391700744629 36.2793960571289 36.3008193969727 36.2946128845215 36.2954216003418 36.2987937927246 36.3102722167969 36.3020858764648 36.1550598144531 35.8936080932617 36.0345840454102 36.029468536377 36.0565223693848 36.1183242797852 36.1182670593262 36.0961532592773
35.8185195922852 35.808765411377 35.7819061279297 35.747615814209 35.7383041381836 35.7302513122559 35.7360191345215 35.7496604919434 35.7578125 35.7455978393555 35.7239074707031 35.7086715698242 35.6925773620605 35.6672859191895 35.6466331481934 35.6221885681152 35.570011138916 35.513111114502 35.5693664550781 35.8219184875488 35.9510650634766 36.1006546020508 36.1536064147949 36.1235046386719 36.1189193725586 36.1281967163086 36.1149253845215 36.1107406616211 36.1149215698242 36.140209197998 36.1748886108398 36.2168502807617 36.267505645752 36.2875442504883 36.2931060791016 36.2955169677734 36.2919540405273 36.2989044189453 36.2589950561523 36.2055854797363 36.0116920471191 36.0049247741699 36.029842376709 36.0175514221191 36.1024856567383 36.1441917419434 36.1169967651367
35.8302307128906 35.838077545166 35.8215980529785 35.7956199645996 35.7592468261719 35.7419319152832 35.7570304870605 35.7690582275391 35.7737693786621 35.7813529968262 35.7863349914551 35.7854881286621 35.7888374328613 35.7672348022461 35.7433547973633 35.6824493408203 35.6227836608887 35.5682792663574 35.6375694274902 35.8606872558594 35.9321441650391 36.0361824035645 36.1222610473633 36.1077728271484 36.1102867126465 36.1177024841309 36.1073570251465 36.0999755859375 36.1040916442871 36.1337509155273 36.1556587219238 36.1882514953613 36.2433700561523 36.2659149169922 36.2812995910645 36.2912940979004 36.298225402832 36.289192199707 36.2372665405273 36.2231521606445 36.1291313171387 36.0161819458008 36.0142707824707 36.0224761962891 36.0131034851074 36.1061134338379 36.1375007629395
35.8311233520508 35.8255844116211 35.8142852783203 35.795337677002 35.7723121643066 35.7394409179688 35.7239227294922 35.7295303344727 35.7520866394043 35.7647933959961 35.7686614990234 35.7758102416992 35.781982421875 35.7788963317871 35.7805633544922 35.756778717041 35.6714210510254 35.5975112915039 35.6985130310059 35.855842590332 35.9100952148438 35.9880714416504 36.087028503418 36.1005058288574 36.1042594909668 36.1093902587891 36.1036605834961 36.0879592895508 36.0895652770996 36.1166152954102 36.1423568725586 36.1701545715332 36.2122192382812 36.2488441467285 36.2659530639648 36.2817077636719 36.2861938476562 36.2780265808105 36.24560546875 36.2296524047852 36.1826477050781 36.141487121582 36.0242538452148 35.9990692138672 36.0043487548828 36.0178489685059 36.0736694335938
35.8358612060547 35.8327522277832 35.821159362793 35.8167495727539 35.8141250610352 35.8019371032715 35.7808723449707 35.7659950256348 35.7642860412598 35.7534561157227 35.7640724182129 35.7755317687988 35.7955932617188 35.7948532104492 35.7872772216797 35.8039855957031 35.7627868652344 35.6534729003906 35.7508316040039 35.8470344543457 35.8920555114746 35.9753570556641 36.0530891418457 36.1053771972656 36.1069297790527 36.1088447570801 36.098690032959 36.0787315368652 36.0802879333496 36.1006889343262 36.1265144348145 36.1546821594238 36.1879959106445 36.2248497009277 36.2539253234863 36.2676887512207 36.2775001525879 36.2671546936035 36.246639251709 36.2432441711426 36.2068977355957 36.1801910400391 36.1371383666992 36.0537872314453 36.022777557373 36.0070419311523 36.0133285522461
35.8725700378418 35.8733444213867 35.8808479309082 35.8879508972168 35.889289855957 35.8806648254395 35.8628120422363 35.8582000732422 35.8481254577637 35.8229370117188 35.8087463378906 35.8054351806641 35.8153343200684 35.8233184814453 35.8160285949707 35.8100814819336 35.8083000183105 35.7532958984375 35.8061065673828 35.8620758056641 35.9109725952148 35.9579315185547 36.0181427001953 36.1051597595215 36.1242485046387 36.1097602844238 36.0898857116699 36.0732612609863 36.0747337341309 36.0912933349609 36.1123466491699 36.1315841674805 36.1673545837402 36.202465057373 36.237247467041 36.260913848877 36.2624397277832 36.2687683105469 36.2431640625 36.2419090270996 36.2333488464355 36.2136917114258 36.1957931518555 36.1536102294922 36.0889205932617 36.0352897644043 36.0075645446777
