Ecospace-environmental-drivers/Outputs/ASCII-for-ecospace/Sal-surf/Sal-surf_X2003.07.asc
NCOLS 131 
NROWS 53 
XLLCORNER -98 
YLLCORNER 23.9265270233154 
CELLSIZE 0.133587792515755 
NODATA_value -3.4e+38 
[rows 21 to 41 of 53, columns 47 to 93 of 131]
33.971378326416 33.9482955932617 33.9231643676758 33.8961181640625 33.8688583374023 33.8478317260742 33.8368797302246 33.8120231628418 33.7820854187012 33.750057220459 33.7275047302246 33.7108612060547 33.7403564453125 33.8000869750977 33.8977355957031 33.9934463500977 34.0662803649902 34.0804748535156 34.0230331420898 34.0032997131348 33.9583740234375 33.9371490478516 33.9589805603027 33.984806060791 33.9989356994629 34.046947479248 34.0831756591797 34.0990829467773 34.1475486755371 34.1817321777344 34.2286491394043 34.2563323974609 34.2396087646484 34.264274597168 34.2147369384766 34.1786231994629 34.1602516174316 34.1286888122559 34.0588455200195 33.9732437133789 33.772762298584 33.6162948608398 33.5662841796875 33.6674652099609 33.8578720092773 33.8945693969727 34.0669136047363
33.9373092651367 33.9312705993652 33.9208068847656 33.9019508361816 33.8909530639648 33.8911666870117 33.8854598999023 33.866756439209 33.8275375366211 33.7868347167969 33.7678680419922 33.7699813842773 33.8195762634277 33.8767166137695 33.933292388916 34.0341644287109 34.0668106079102 34.0168533325195 34.0103950500488 34.0504875183105 34.039192199707 34.0419883728027 34.0592155456543 34.0815696716309 34.0802116394043 34.1359367370605 34.1465835571289 34.1244773864746 34.2103996276855 34.2251281738281 34.2673759460449 34.3421287536621 34.3612480163574 34.392463684082 34.3785629272461 34.3497161865234 34.3457832336426 34.3129005432129 34.2406768798828 34.1226997375488 33.9534797668457 33.7525253295898 33.6201057434082 33.6172294616699 33.769474029541 33.9045867919922 34.1965789794922
33.8828582763672 33.8844833374023 33.8563423156738 33.8405380249023 33.8445739746094 33.8454627990723 33.835563659668 33.8170013427734 33.7979354858398 33.7928428649902 33.7910614013672 33.828182220459 33.8731384277344 33.9293327331543 33.9579658508301 34.02685546875 34.003963470459 33.9994659423828 34.065975189209 34.1078453063965 34.1305618286133 34.1530952453613 34.1620330810547 34.1872940063477 34.216739654541 34.280590057373 34.2851638793945 34.3147315979004 34.3595428466797 34.3573036193848 34.3988952636719 34.4037857055664 34.3824615478516 34.3900413513184 34.4319190979004 34.4499473571777 34.4104156494141 34.3801155090332 34.4127998352051 34.3626518249512 34.1808662414551 33.867603302002 33.732967376709 33.6706619262695 33.7060699462891 33.9635047912598 34.3534393310547
33.8425369262695 33.8492088317871 33.8527565002441 33.8678131103516 33.8734359741211 33.8460121154785 33.8213691711426 33.8280181884766 33.8401641845703 33.8316383361816 33.8332405090332 33.8362426757812 33.8871536254883 33.9454078674316 33.9632186889648 33.9865989685059 34.0263710021973 34.1190872192383 34.2150993347168 34.2657661437988 34.2854652404785 34.2959899902344 34.3445930480957 34.3885726928711 34.443115234375 34.5237197875977 34.5456886291504 34.5812301635742 34.5949325561523 34.590274810791 34.5526275634766 34.5523948669434 34.5372886657715 34.4889106750488 34.472900390625 34.4489936828613 34.5256042480469 34.4626846313477 34.447566986084 34.4432182312012 34.3606872558594 34.1071166992188 33.8533096313477 33.738712310791 33.7260208129883 34.0270805358887 34.4336433410645
33.8712921142578 33.8551750183105 33.8538208007812 33.8597640991211 33.8898887634277 33.8499183654785 33.8478202819824 33.872730255127 33.869197845459 33.8705101013184 33.8594741821289 33.9081077575684 33.9919700622559 34.023868560791 34.0248794555664 34.0911750793457 34.2179145812988 34.3515892028809 34.4149475097656 34.4682960510254 34.5131568908691 34.5360069274902 34.5970268249512 34.6533889770508 34.7255935668945 34.7546424865723 34.7517051696777 34.7400741577148 34.7354354858398 34.7311325073242 34.6945991516113 34.6878662109375 34.6694755554199 34.632568359375 34.5701789855957 34.5229263305664 34.5664329528809 34.5856094360352 34.5395355224609 34.4612274169922 34.4197120666504 34.3300971984863 34.0232772827148 33.838695526123 33.7733421325684 34.063159942627 34.4521408081055
33.9334678649902 33.9345283508301 33.9175872802734 33.8914451599121 33.8939971923828 33.9183082580566 33.9408569335938 33.9355964660645 33.9308052062988 33.9413642883301 33.9931182861328 34.0483016967773 34.096565246582 34.143798828125 34.2417182922363 34.3767929077148 34.4543228149414 34.4960441589355 34.5525207519531 34.6272048950195 34.6942710876465 34.730339050293 34.7774658203125 34.8487510681152 34.9103660583496 34.9499053955078 34.9093399047852 34.8494606018066 34.8157081604004 34.7752571105957 34.698371887207 34.6470260620117 34.6748390197754 34.6806297302246 34.6257476806641 34.5354652404785 34.5038604736328 34.536792755127 34.6003341674805 34.4737586975098 34.4602394104004 34.428279876709 34.1912040710449 33.9819259643555 33.8902931213379 34.0520820617676 34.4773902893066
34.0439071655273 34.024112701416 34.0002059936523 33.9915199279785 34.0149345397949 34.0481185913086 34.0620727539062 34.0716743469238 34.093147277832 34.1420516967773 34.2035713195801 34.2860527038574 34.3543891906738 34.4379005432129 34.512134552002 34.5533905029297 34.5845947265625 34.6334533691406 34.7035331726074 34.7575073242188 34.8231010437012 34.8435745239258 34.9106483459473 34.983283996582 34.9923324584961 34.9629364013672 34.9328079223633 34.8843383789062 34.8566246032715 34.7711334228516 34.6770210266113 34.6239280700684 34.6113586425781 34.6333122253418 34.6145553588867 34.6260681152344 34.5158157348633 34.4993133544922 34.5331153869629 34.4938812255859 34.5370597839355 34.4597015380859 34.2395133972168 34.1438865661621 34.0588989257812 34.1730995178223 34.4945220947266
34.197639465332 34.1986808776855 34.198902130127 34.204761505127 34.2128562927246 34.2206649780273 34.2393913269043 34.2737350463867 34.3069343566895 34.3586044311523 34.4180908203125 34.4770278930664 34.5431098937988 34.5996894836426 34.6311645507812 34.6758918762207 34.7364234924316 34.8071365356445 34.8478507995605 34.8888397216797 34.9169578552246 34.9364471435547 35.0207862854004 35.0245246887207 34.9632720947266 34.8997650146484 34.8765487670898 34.853645324707 34.8415946960449 34.8019752502441 34.7140922546387 34.6387023925781 34.6385269165039 34.6346130371094 34.6192626953125 34.6534423828125 34.5325088500977 34.4874572753906 34.4719619750977 34.4788436889648 34.5006103515625 34.5136947631836 34.3414649963379 34.2879676818848 34.3510818481445 34.4282455444336 34.5146636962891
34.3746528625488 34.3950004577637 34.4074974060059 34.4212837219238 34.4341468811035 34.4447631835938 34.4593811035156 34.4785270690918 34.5180625915527 34.5558471679688 34.5823631286621 34.6236839294434 34.6471214294434 34.6657257080078 34.7421264648438 34.836296081543 34.8675651550293 34.8987770080566 34.9145240783691 34.9259376525879 34.9726104736328 35.0276679992676 35.0415840148926 34.9912223815918 34.9169464111328 34.8278999328613 34.801628112793 34.8066749572754 34.8095626831055 34.8126106262207 34.7669944763184 34.701244354248 34.6954193115234 34.708812713623 34.6969375610352 34.7125854492188 34.6065254211426 34.502555847168 34.4699974060059 34.4760475158691 34.482177734375 34.4832611083984 34.4345474243164 34.4592590332031 34.6268310546875 34.5614929199219 34.5538024902344
34.5357475280762 34.5719985961914 34.5958137512207 34.6101875305176 34.6017456054688 34.6102561950684 34.6206512451172 34.6434288024902 34.6666793823242 34.6756744384766 34.703857421875 34.7089424133301 34.7365913391113 34.7791290283203 34.858226776123 34.9212188720703 34.9717750549316 34.9545707702637 34.9597282409668 35.0119018554688 35.0353889465332 35.0404167175293 35.0149688720703 34.9759063720703 34.8931617736816 34.8510131835938 34.8671951293945 34.8530426025391 34.8439903259277 34.8627738952637 34.8067054748535 34.7361946105957 34.6995277404785 34.7192077636719 34.7589645385742 34.7872619628906 34.6378059387207 34.5688667297363 34.5067253112793 34.4893112182617 34.4358291625977 34.4588508605957 34.5821418762207 34.6625747680664 34.6937065124512 34.6500244140625 34.5706787109375
34.6831283569336 34.7315521240234 34.7555122375488 34.7351417541504 34.7312126159668 34.7401962280273 34.7470970153809 34.7518348693848 34.7578582763672 34.7829170227051 34.7729454040527 34.7953071594238 34.8278045654297 34.872730255127 34.9259147644043 34.9844131469727 34.9954872131348 34.9989814758301 35.0407562255859 35.0462799072266 35.0459861755371 35.0491371154785 35.0008010864258 34.9465637207031 34.9329833984375 34.9401245117188 34.938606262207 34.9316558837891 34.9203338623047 34.9084091186523 34.857292175293 34.7974319458008 34.6987228393555 34.738410949707 34.7998695373535 34.7660484313965 34.6455116271973 34.6164245605469 34.5672569274902 34.4675712585449 34.4149932861328 34.661319732666 34.7455825805664 34.7693061828613 34.7970924377441 34.761173248291 34.6238288879395
34.7534523010254 34.8329849243164 34.8823509216309 34.8761978149414 34.8689422607422 34.8756828308105 34.868480682373 34.8466911315918 34.8539924621582 34.8374671936035 34.8449478149414 34.862434387207 34.9008865356445 34.9520835876465 35.0032730102539 35.0180702209473 35.0126266479492 35.0332794189453 35.0531692504883 35.0346260070801 35.0684356689453 35.048225402832 34.9972114562988 34.9793434143066 34.9858245849609 34.990535736084 34.9786262512207 34.9593772888184 34.9519882202148 34.9288635253906 34.9104652404785 34.8395042419434 34.7278747558594 34.7687377929688 34.7870025634766 34.7349433898926 34.6871070861816 34.6554374694824 34.5758819580078 34.4173774719238 34.6380310058594 34.8352813720703 34.848087310791 34.8591957092285 34.8507308959961 34.812801361084 34.7253913879395
34.7566108703613 34.8466453552246 34.9226226806641 34.9582481384277 34.9829330444336 34.9902648925781 34.9735488891602 34.9387359619141 34.9285659790039 34.896125793457 34.8998222351074 34.913875579834 34.9694747924805 35.0163993835449 35.0356559753418 35.0372314453125 35.0623092651367 35.0656814575195 35.0727195739746 35.0473213195801 35.0815277099609 35.032958984375 35.0066719055176 35.0158729553223 35.0152854919434 35.0007209777832 34.9885368347168 34.9771461486816 34.9761390686035 34.9405059814453 34.9250946044922 34.853385925293 34.7698669433594 34.7931289672852 34.775146484375 34.7112007141113 34.7017021179199 34.6978988647461 34.5312995910645 34.5980262756348 34.8422355651855 34.8582420349121 34.8580780029297 34.8785438537598 34.8570671081543 34.8140335083008 34.7560920715332
34.7291946411133 34.8142166137695 34.9149398803711 34.9453735351562 34.9974212646484 35.0299644470215 35.0346260070801 34.9970970153809 34.9709167480469 34.948112487793 34.952808380127 34.9900894165039 35.0385894775391 35.0663604736328 35.0298347473145 35.0799026489258 35.0839347839355 35.1112403869629 35.0707664489746 35.0607070922852 35.0878257751465 35.0447425842285 35.0320930480957 35.0285911560059 35.0138969421387 35.0098457336426 35.0196914672852 34.9974822998047 34.9823799133301 34.9720649719238 34.9722480773926 34.8866310119629 34.8074417114258 34.8247489929199 34.761474609375 34.7109336853027 34.7484436035156 34.6923294067383 34.5369300842285 34.760913848877 34.9281921386719 34.9150848388672 34.914722442627 34.9295997619629 34.8993263244629 34.8568153381348 34.8506927490234
34.7204856872559 34.7888603210449 34.8957290649414 34.9830589294434 35.0595626831055 35.0935134887695 35.0979652404785 35.0612335205078 35.0312385559082 34.999324798584 35.0061416625977 35.0468902587891 35.1026573181152 35.0647163391113 35.0784797668457 35.1179847717285 35.1092872619629 35.1197166442871 35.0615310668945 35.0920639038086 35.0804481506348 35.0315361022949 35.0268211364746 35.0445175170898 35.0230484008789 35.0199546813965 35.0156631469727 35.0023193359375 34.9995155334473 35.0193939208984 34.9655838012695 34.8467712402344 34.8130073547363 34.8016700744629 34.7561149597168 34.7778930664062 34.7706832885742 34.7095527648926 34.7194480895996 34.8459930419922 34.9458770751953 34.9952774047852 35.0132369995117 34.9613265991211 34.9070739746094 34.9465408325195 35.0155029296875
34.7231674194336 34.820198059082 35.0170707702637 35.0470237731934 35.0884475708008 35.1300735473633 35.14208984375 35.0941276550293 35.0385665893555 35.0267524719238 35.0405006408691 35.1007423400879 35.1381301879883 35.0944442749023 35.1187019348145 35.1290664672852 35.1394653320312 35.1383247375488 35.0950202941895 35.1109924316406 35.0712471008301 35.0400238037109 35.0575408935547 35.0634613037109 35.0511436462402 35.040397644043 35.017822265625 35.012077331543 35.0142211914062 34.9988212585449 34.882080078125 34.8268547058105 34.840202331543 34.8034057617188 34.8128242492676 34.7871742248535 34.7703971862793 34.8134536743164 34.8012580871582 34.9222145080566 35.015438079834 35.0758781433105 35.032154083252 34.9365844726562 34.9105949401855 34.9999580383301 35.093692779541
34.7358093261719 34.9238624572754 35.0306205749512 35.0407524108887 35.1045341491699 35.1679878234863 35.1732177734375 35.1326293945312 35.0595626831055 35.0684585571289 35.0754051208496 35.1500473022461 35.1579742431641 35.1343307495117 35.1270141601562 35.1594505310059 35.1783256530762 35.1757850646973 35.1405868530273 35.1471252441406 35.1080589294434 35.0784149169922 35.0802841186523 35.0809135437012 35.0612258911133 35.0418548583984 35.0232582092285 35.0374641418457 35.0272407531738 34.9563369750977 34.9008903503418 34.885684967041 34.8486557006836 34.8512725830078 34.8362312316895 34.897533416748 35.009708404541 35.0943336486816 34.996467590332 35.0387496948242 35.0862426757812 35.1113395690918 35.0675926208496 35.0043449401855 35.0267448425293 35.1133117675781 35.143726348877
34.7605895996094 34.9492263793945 35.0323066711426 35.0556221008301 35.1438102722168 35.1829109191895 35.2011260986328 35.1819076538086 35.1091690063477 35.0953063964844 35.1224174499512 35.1718406677246 35.185676574707 35.1624069213867 35.1494941711426 35.1949920654297 35.218189239502 35.226016998291 35.2164421081543 35.2301559448242 35.1972618103027 35.146297454834 35.1455307006836 35.1648788452148 35.1545486450195 35.1418724060059 35.1413726806641 35.1169242858887 35.0607032775879 35.0104751586914 34.996021270752 34.9686584472656 34.9306182861328 34.9388656616211 35.0105590820312 35.1676750183105 35.2874069213867 35.2687034606934 35.2031936645508 35.1814956665039 35.221378326416 35.2534103393555 35.253360748291 35.2635917663574 35.2772750854492 35.2348365783691 35.1892623901367
34.7338943481445 34.9651565551758 35.0575294494629 35.0514221191406 35.1397094726562 35.1794624328613 35.2024879455566 35.205379486084 35.1656455993652 35.1384201049805 35.1663436889648 35.201042175293 35.2195129394531 35.2141456604004 35.2092742919922 35.2622413635254 35.2814865112305 35.2954025268555 35.2846412658691 35.2776565551758 35.2473373413086 35.1775398254395 35.1575660705566 35.1685104370117 35.2019577026367 35.1928443908691 35.1774978637695 35.137508392334 35.1284065246582 35.13623046875 35.1122665405273 35.061393737793 35.0908622741699 35.1119155883789 35.2560195922852 35.4000434875488 35.4900093078613 35.5038642883301 35.5004348754883 35.4921455383301 35.5072784423828 35.5128707885742 35.5329246520996 35.5557632446289 35.5432014465332 35.4903984069824 35.4033279418945
34.7838478088379 35.0112762451172 35.0662078857422 35.0655174255371 35.1506690979004 35.1691360473633 35.2069854736328 35.2373046875 35.200496673584 35.2072486877441 35.2020797729492 35.2395439147949 35.2507438659668 35.2629623413086 35.256534576416 35.3147735595703 35.316349029541 35.3344421386719 35.3086128234863 35.2868499755859 35.2770805358887 35.2243041992188 35.1534576416016 35.1441040039062 35.1395568847656 35.1258811950684 35.1014251708984 35.1226577758789 35.1390953063965 35.149829864502 35.0945320129395 35.1446533203125 35.2087821960449 35.3146057128906 35.4430389404297 35.5573768615723 35.6028747558594 35.6056442260742 35.6080436706543 35.5979804992676 35.5933303833008 35.5942726135254 35.595947265625 35.6050758361816 35.6199645996094 35.628101348877 35.6490249633789
34.8885536193848 35.0412559509277 35.0998878479004 35.1032676696777 35.1594200134277 35.1718940734863 35.2265319824219 35.2579727172852 35.2421798706055 35.2633361816406 35.2577590942383 35.2789192199707 35.2873001098633 35.2924346923828 35.2880668640137 35.33203125 35.325267791748 35.3522415161133 35.3367500305176 35.3016662597656 35.2820243835449 35.2221641540527 35.1406059265137 35.0779647827148 35.056079864502 35.0615501403809 35.1091766357422 35.1165885925293 35.1051750183105 35.0722274780273 35.1211013793945 35.2525672912598 35.3496589660645 35.4178047180176 35.4909858703613 35.5694236755371 35.5921745300293 35.6049118041992 35.6165199279785 35.637035369873 35.6492309570312 35.6490936279297 35.6588554382324 35.6869087219238 35.7182121276855 35.7271461486816 35.7378921508789
