Ecospace-environmental-drivers/Outputs/ASCII-for-ecospace/Sal-surf/Sal-surf_X2001.01.asc
NCOLS 131 
NROWS 53 
XLLCORNER -98 
YLLCORNER 23.9265270233154 
CELLSIZE 0.133587792515755 
NODATA_value -3.4e+38 
[rows 0 to 20 of 53, columns 47 to 93 of 131]
-3.4e+38 -3.4e+38 -3.4e+38 -3.4e+38 -3.4e+38 -3.4e+38 -3.4e+38 -3.4e+38 -3.4e+38 -3.4e+38 -3.4e+38 -3.4e+38 -3.4e+38 -3.4e+38 -3.4e+38 -3.4e+38 -3.4e+38 -3.4e+38 -3.4e+38 -3.4e+38 -3.4e+38 -3.4e+38 -3.4e+38 -3.4e+38 -3.4e+38 -3.4e+38 -3.4e+38 -3.4e+38 -3.4e+38 -3.4e+38 -3.4e+38 -3.4e+38 -3.4e+38 -3.4e+38 -3.4e+38 -3.4e+38 -3.4e+38 -3.4e+38 -3.4e+38 -3.4e+38 -3.4e+38 -3.4e+38 -3.4e+38 -3.4e+38 -3.4e+38 -3.4e+38 -3.4e+38
-3.4e+38 -3.4e+38 -3.4e+38 -3.4e+38 -3.4e+38 -3.4e+38 -3.4e+38 -3.4e+38 -3.4e+38 -3.4e+38 -3.4e+38 -3.4e+38 -3.4e+38 -3.4e+38 -3.4e+38 -3.4e+38 -3.4e+38 -3.4e+38 -3.4e+38 -3.4e+38 -3.4e+38 -3.4e+38 -3.4e+38 -3.4e+38 -3.4e+38 -3.4e+38 -3.4e+38 -3.4e+38 -3.4e+38 -3.4e+38 -3.4e+38 -3.4e+38 -3.4e+38 -3.4e+38 -3.4e+38 -3.4e+38 -3.4e+38 -3.4e+38 -3.4e+38 -3.4e+38 -3.4e+38 -3.4e+38 -3.4e+38 -3.4e+38 -3.4e+38 -3.4e+38 -3.4e+38
-3.4e+38 -3.4e+38 -3.4e+38 -3.4e+38 -3.4e+38 -3.4e+38 -3.4e+38 -3.4e+38 -3.4e+38 -3.4e+38 -3.4e+38 -3.4e+38 -3.4e+38 -3.4e+38 -3.4e+38 -3.4e+38 -3.4e+38 -3.4e+38 -3.4e+38 -3.4e+38 -3.4e+38 -3.4e+38 -3.4e+38 -3.4e+38 -3.4e+38 -3.4e+38 -3.4e+38 1.15467655658722 1.15319263935089 -3.4e+38 -3.4e+38 -3.4e+38 -3.4e+38 -3.4e+38 -3.4e+38 -3.4e+38 -3.4e+38 -3.4e+38 -3.4e+38 -3.4e+38 -3.4e+38 -3.4e+38 -3.4e+38 -3.4e+38 -3.4e+38 -3.4e+38 -3.4e+38
-3.4e+38 -3.4e+38 -3.4e+38 -3.4e+38 -3.4e+38 -3.4e+38 -3.4e+38 -3.4e+38 -3.4e+38 -3.4e+38 -3.4e+38 -3.4e+38 -3.4e+38 -3.4e+38 -3.4e+38 -3.4e+38 -3.4e+38 -3.4e+38 -3.4e+38 -3.4e+38 -3.4e+38 -3.4e+38 -3.4e+38 -3.4e+38 -3.4e+38 -3.4e+38 -3.4e+38 8.66585636138916 10.3518409729004 -3.4e+38 -3.4e+38 -3.4e+38 -3.4e+38 -3.4e+38 -3.4e+38 -3.4e+38 -3.4e+38 -3.4e+38 -3.4e+38 -3.4e+38 -3.4e+38 -3.4e+38 -3.4e+38 -3.4e+38 -3.4e+38 -3.4e+38 -3.4e+38
-3.4e+38 -3.4e+38 -3.4e+38 -3.4e+38 -3.4e+38 -3.4e+38 -3.4e+38 -3.4e+38 -3.4e+38 21.0332927703857 21.0332927703857 20.9934024810791 18.875316619873 -3.4e+38 -3.4e+38 -3.4e+38 -3.4e+38 -3.4e+38 28.7962341308594 27.0758724212646 23.0863513946533 20.487865447998 16.6006031036377 16.2501182556152 26.7309722900391 31.9655685424805 32.4205284118652 23.4751281738281 26.4377975463867 30.0116577148438 -3.4e+38 -3.4e+38 34.0912857055664 33.3567161560059 31.3106803894043 33.9548301696777 34.269474029541 34.3410911560059 34.4155807495117 34.5528221130371 34.6615180969238 34.8303642272949 -3.4e+38 -3.4e+38 -3.4e+38 -3.4e+38 -3.4e+38
-3.4e+38 -3.4e+38 -3.4e+38 -3.4e+38 -3.4e+38 -3.4e+38 -3.4e+38 -3.4e+38 21.0332927703857 21.0332927703857 21.0332927703857 21.0332927703857 20.9535121917725 18.8469791412354 14.6674833297729 -3.4e+38 21.8945388793945 28.8279361724854 28.8203182220459 30.4608097076416 31.66623878479 30.7074890136719 23.8995685577393 25.763614654541 29.8578186035156 33.1622772216797 33.5303573608398 33.2015151977539 32.379280090332 30.7799549102783 34.1807403564453 34.1506271362305 34.0504837036133 34.0727462768555 33.9929504394531 34.6788635253906 34.9930725097656 35.0347938537598 34.9304389953613 34.8881912231445 34.9269218444824 34.8812828063965 34.851734161377 34.872486114502 -3.4e+38 -3.4e+38 -3.4e+38
-3.4e+38 -3.4e+38 -3.4e+38 -3.4e+38 -3.4e+38 -3.4e+38 -3.4e+38 -3.4e+38 21.2172470092773 21.0332927703857 21.0332927703857 21.0332927703857 21.0332927703857 20.8737335205078 18.8134078979492 14.6674833297729 16.0755310058594 28.0072040557861 31.6950645446777 33.8000755310059 34.4210433959961 34.6561164855957 34.5917472839355 34.6483840942383 34.674503326416 34.7640228271484 34.7427139282227 34.5826187133789 34.5163269042969 34.4810028076172 34.5581321716309 34.7040138244629 34.8245620727539 34.974681854248 35.2687873840332 35.6066665649414 35.7765884399414 35.7987098693848 35.7394943237305 35.6891021728516 35.6642379760742 35.5660285949707 35.3556060791016 35.1472969055176 35.0250015258789 35.2050933837891 -3.4e+38
-3.4e+38 -3.4e+38 -3.4e+38 -3.4e+38 -3.4e+38 -3.4e+38 -3.4e+38 -3.4e+38 -3.4e+38 -3.4e+38 21.0332927703857 21.0332927703857 21.0332927703857 -3.4e+38 20.7141723632812 18.838680267334 17.9056396484375 24.4200782775879 31.8456268310547 34.1784553527832 34.7000503540039 34.8534660339355 34.9421615600586 35.0327072143555 35.0732955932617 35.1008262634277 35.1102714538574 35.0776481628418 35.0018920898438 34.9773788452148 35.0433807373047 35.1525955200195 35.2795600891113 35.4647026062012 35.6942405700684 35.8418312072754 35.8894386291504 35.8882293701172 35.8782272338867 35.8782997131348 35.8817520141602 35.8579788208008 35.7492065429688 35.623233795166 35.353702545166 35.1984748840332 35.2431907653809
-3.4e+38 -3.4e+38 -3.4e+38 -3.4e+38 -3.4e+38 -3.4e+38 -3.4e+38 -3.4e+38 -3.4e+38 -3.4e+38 -3.4e+38 -3.4e+38 -3.4e+38 -3.4e+38 20.7766132354736 20.8216152191162 23.1927890777588 22.6460609436035 29.8380279541016 34.0465850830078 34.710018157959 34.8527336120605 34.9139595031738 34.9382095336914 34.9637641906738 35.0013732910156 35.0982551574707 35.1906967163086 35.2168464660645 35.2456398010254 35.3438110351562 35.4910011291504 35.6714820861816 35.7848587036133 35.8452682495117 35.8921546936035 35.9140434265137 35.8937187194824 35.8717575073242 35.8808326721191 35.8932113647461 35.8908882141113 35.8554878234863 35.8013610839844 35.6852722167969 35.4666595458984 35.3027114868164
25.2675514221191 -3.4e+38 -3.4e+38 -3.4e+38 -3.4e+38 -3.4e+38 -3.4e+38 -3.4e+38 -3.4e+38 -3.4e+38 28.2995147705078 26.0000476837158 -3.4e+38 -3.4e+38 -3.4e+38 25.8657073974609 28.7253017425537 28.9921493530273 31.898567199707 34.2693519592285 34.7306060791016 34.8204078674316 34.8192253112793 34.8217163085938 34.7880058288574 34.8742790222168 35.0452079772949 35.2095985412598 35.3235549926758 35.419319152832 35.5152778625488 35.6304473876953 35.746208190918 35.798397064209 35.8064079284668 35.8312072753906 35.8974380493164 35.8962898254395 35.8708724975586 35.8731918334961 35.8792457580566 35.871395111084 35.8531265258789 35.8262634277344 35.7672348022461 35.6659622192383 35.4171943664551
22.4015369415283 15.7846193313599 -3.4e+38 -3.4e+38 -3.4e+38 -3.4e+38 -3.4e+38 -3.4e+38 -3.4e+38 -3.4e+38 31.5949840545654 31.3078517913818 30.9668025970459 -3.4e+38 -3.4e+38 29.687198638916 29.3178043365479 30.1919651031494 33.0845794677734 34.420825958252 34.6784782409668 34.6050758361816 34.4562454223633 34.3568840026855 34.4534721374512 34.7221565246582 35.063663482666 35.2182769775391 35.374828338623 35.4756774902344 35.5702056884766 35.6614074707031 35.7020835876465 35.726734161377 35.7130737304688 35.7261352539062 35.82763671875 35.86669921875 35.8827781677246 35.871524810791 35.8575286865234 35.8403549194336 35.8297424316406 35.8194999694824 35.8031120300293 35.7471580505371 35.5128784179688
21.8623828887939 11.4898128509521 1.09083819389343 7.95389556884766 -3.4e+38 -3.4e+38 -3.4e+38 -3.4e+38 -3.4e+38 -3.4e+38 -3.4e+38 31.5165100097656 31.0576553344727 30.9668025970459 30.6022262573242 29.9269866943359 30.0237274169922 30.3214435577393 32.9156150817871 34.2628288269043 34.2449913024902 33.8068695068359 33.6686592102051 34.0277709960938 34.5043678283691 34.7463912963867 35.1105766296387 35.2637939453125 35.4441909790039 35.5434684753418 35.5906600952148 35.6234664916992 35.6493949890137 35.6974143981934 35.7374153137207 35.7372703552246 35.7758483886719 35.8271408081055 35.8348999023438 35.8517150878906 35.8601150512695 35.8448066711426 35.8272476196289 35.8066749572754 35.7937889099121 35.7574272155762 35.6091117858887
28.6796321868896 22.550012588501 12.9286031723022 9.84224510192871 -3.4e+38 -3.4e+38 -3.4e+38 -3.4e+38 31.3531513214111 31.4783325195312 31.9025382995605 31.5823535919189 31.1304836273193 31.0756816864014 30.6792182922363 29.3995304107666 28.0544967651367 30.3779697418213 31.4137439727783 32.8276748657227 33.1118278503418 32.6213455200195 33.3460502624512 34.2890357971191 34.7937240600586 35.067211151123 35.2443580627441 35.440601348877 35.5214576721191 35.5954437255859 35.6652412414551 35.7569923400879 35.7909851074219 35.8117980957031 35.8106079101562 35.8058853149414 35.7924766540527 35.8036231994629 35.8084182739258 35.8154449462891 35.8526916503906 35.8497695922852 35.8390502929688 35.8157157897949 35.7996444702148 35.7848472595215 35.7650108337402
30.8624897003174 29.630802154541 26.9129257202148 22.6777763366699 25.5300426483154 29.803201675415 31.4464683532715 31.7410526275635 31.8509082794189 32.0809326171875 31.925271987915 31.5779476165771 31.3755226135254 31.5142269134521 31.295597076416 29.4056282043457 25.5934791564941 22.604736328125 21.6380844116211 25.1168899536133 29.4623165130615 31.9235229492188 33.4608764648438 34.5823822021484 35.2783584594727 35.5543785095215 35.6350402832031 35.7214431762695 35.7879943847656 35.8404197692871 35.8317108154297 35.8088302612305 35.7912826538086 35.7894897460938 35.7864227294922 35.7844467163086 35.8023109436035 35.8145484924316 35.8294219970703 35.8101196289062 35.8271369934082 35.8399772644043 35.8438529968262 35.8403244018555 35.8262023925781 35.8215637207031 35.8238945007324
31.9408264160156 31.6096057891846 30.9179553985596 29.73974609375 30.2351837158203 31.4623031616211 32.2534790039062 32.306884765625 32.2071113586426 32.003101348877 31.7751808166504 31.7704792022705 32.2529335021973 32.6567153930664 32.3529090881348 31.4261894226074 27.4893913269043 12.9600400924683 8.62324714660645 12.6591758728027 27.7202453613281 32.4873886108398 34.4107933044434 35.2174682617188 35.6275749206543 35.781307220459 35.8456840515137 35.8717193603516 35.8823509216309 35.8906784057617 35.8385734558105 35.8215179443359 35.7965812683105 35.7845840454102 35.7626800537109 35.7527618408203 35.777904510498 35.7972946166992 35.8222045898438 35.8315315246582 35.8086280822754 35.8306121826172 35.8442535400391 35.8481521606445 35.837776184082 35.845043182373 35.8624725341797
32.7486572265625 32.4734764099121 32.1797294616699 32.1888809204102 32.343090057373 32.8048706054688 32.7744560241699 32.6234436035156 32.6109619140625 32.7031784057617 32.830249786377 33.0459022521973 33.3070945739746 33.4675254821777 33.1430587768555 32.1606407165527 29.7825412750244 21.5858001708984 25.9050388336182 28.9369983673096 32.7107963562012 34.431941986084 35.4365043640137 35.8381614685059 35.9298667907715 35.9577941894531 35.9777145385742 35.9638710021973 35.9148063659668 35.8515586853027 35.8337364196777 35.8228569030762 35.840991973877 35.8858680725098 35.8721618652344 35.8228378295898 35.7923622131348 35.7957191467285 35.8242530822754 35.8577995300293 35.8183937072754 35.821605682373 35.8582763671875 35.8863716125488 35.8912544250488 35.8786849975586 35.8954124450684
33.4127311706543 33.3244514465332 33.2157249450684 33.2275085449219 33.2322082519531 33.3303680419922 33.2776870727539 33.3026428222656 33.4653129577637 33.707275390625 33.9462928771973 33.9186668395996 34.1502685546875 34.4881401062012 34.53564453125 33.9259986877441 33.2376747131348 32.8732566833496 33.5337677001953 34.1605644226074 34.6887168884277 35.1856079101562 35.715503692627 36.0102310180664 36.0444145202637 36.0139923095703 35.9839363098145 35.9436264038086 35.9199676513672 35.9472770690918 35.9629669189453 35.9947319030762 36.0082931518555 35.9794654846191 35.924446105957 35.8659896850586 35.8566818237305 35.8362121582031 35.8508110046387 35.8831367492676 35.8682174682617 35.8375701904297 35.8559303283691 35.8987617492676 35.931583404541 35.9544448852539 35.9421997070312
33.7713012695312 33.8818092346191 33.8901176452637 33.810604095459 33.7630462646484 33.7946510314941 33.8500556945801 33.9098815917969 34.0207862854004 34.2043724060059 34.4753646850586 34.9038047790527 35.2414665222168 35.3621673583984 35.4426040649414 35.3075370788574 35.0710906982422 34.8511581420898 35.0981864929199 35.3110733032227 35.28515625 35.5139427185059 35.9370651245117 36.0823707580566 36.0308837890625 35.9866333007812 35.9882164001465 36.0291213989258 36.0729904174805 36.0959205627441 36.118579864502 36.1265106201172 36.1343994140625 36.1317253112793 36.0621871948242 35.9646797180176 35.9238319396973 35.8811721801758 35.8824768066406 35.8996810913086 35.9083366394043 35.9013977050781 35.9029502868652 35.9280662536621 35.9463577270508 35.9818229675293 36.0153579711914
34.0201034545898 34.1103477478027 34.2901268005371 34.3318061828613 34.3169479370117 34.3264579772949 34.3713836669922 34.448673248291 34.5905799865723 34.7697219848633 35.046443939209 35.377025604248 35.5049057006836 35.5684852600098 35.5882034301758 35.6052017211914 35.5016441345215 35.3598403930664 35.5174713134766 35.5577545166016 35.583438873291 35.8244132995605 36.0412330627441 36.0405082702637 36.0223731994629 36.0268096923828 36.0669784545898 36.1389389038086 36.1704559326172 36.2008094787598 36.2085494995117 36.2252731323242 36.2533264160156 36.2595520019531 36.2420921325684 36.1937828063965 36.1265525817871 36.0659942626953 36.0316734313965 36.0209426879883 36.0150413513184 36.0063362121582 35.9982299804688 35.9951782226562 35.9893531799316 36.0028076171875 36.0379600524902
34.7136001586914 34.661262512207 34.6924476623535 34.6854362487793 34.7006607055664 34.7102012634277 34.7365036010742 34.8047485351562 34.901554107666 35.0516510009766 35.2296447753906 35.3580131530762 35.4357833862305 35.5202522277832 35.605281829834 35.6422576904297 35.6806983947754 35.6428375244141 35.7087516784668 35.7499580383301 35.8473930358887 35.994499206543 36.0342483520508 36.0355834960938 36.0331039428711 36.0504264831543 36.1057662963867 36.1505584716797 36.1910591125488 36.2124633789062 36.2304611206055 36.248607635498 36.2643661499023 36.2706680297852 36.2630920410156 36.2466125488281 36.2288436889648 36.2237319946289 36.2108535766602 36.1853790283203 36.157657623291 36.1312942504883 36.1072425842285 36.0867195129395 36.0648460388184 36.0438499450684 36.044246673584
35.5211334228516 35.4859313964844 35.3919677734375 35.3042945861816 35.2348823547363 35.1723213195801 35.1350135803223 35.1353073120117 35.1451873779297 35.1875686645508 35.2662544250488 35.3554878234863 35.4473571777344 35.5281524658203 35.5873870849609 35.614444732666 35.6577377319336 35.6805114746094 35.7834358215332 35.8802833557129 35.9601287841797 36.0196189880371 36.0240859985352 36.0376586914062 36.0452613830566 36.072265625 36.1218757629395 36.1408843994141 36.1650810241699 36.1918678283691 36.2049903869629 36.221492767334 36.2289276123047 36.2343444824219 36.2355995178223 36.2315216064453 36.2239074707031 36.2175064086914 36.2079963684082 36.2066764831543 36.2040557861328 36.1849555969238 36.1494636535645 36.1201400756836 36.0896987915039 36.0796394348145 36.0859222412109
