Ecospace-environmental-drivers/Outputs/ASCII-for-ecospace/Sal-surf/Sal-surf_X2007.07.asc
NCOLS 131 
NROWS 53 
XLLCORNER -98 
YLLCORNER 23.9265270233154 
CELLSIZE 0.133587792515755 
NODATA_value -3.4e+38 
[rows 0 to 20 of 53, columns 47 to 93 of 131]
-3.4e+38 -3.4e+38 -3.4e+38 -3.4e+38 -3.4e+38 -3.4e+38 -3.4e+38 -3.4e+38 -3.4e+38 -3.4e+38 -3.4e+38 -3.4e+38 -3.4e+38 -3.4e+38 -3.4e+38 -3.4e+38 -3.4e+38 -3.4e+38 -3.4e+38 -3.4e+38 -3.4e+38 -3.4e+38 -3.4e+38 -3.4e+38 -3.4e+38 -3.4e+38 -3.4e+38 -3.4e+38 -3.4e+38 -3.4e+38 -3.4e+38 -3.4e+38 -3.4e+38 -3.4e+38 -3.4e+38 -3.4e+38 -3.4e+38 -3.4e+38 -3.4e+38 -3.4e+38 -3.4e+38 -3.4e+38 -3.4e+38 -3.4e+38 -3.4e+38 -3.4e+38 -3.4e+38
-3.4e+38 -3.4e+38 -3.4e+38 -3.4e+38 -3.4e+38 -3.4e+38 -3.4e+38 -3.4e+38 -3.4e+38 -3.4e+38 -3.4e+38 -3.4e+38 -3.4e+38 -3.4e+38 -3.4e+38 -3.4e+38 -3.4e+38 -3.4e+38 -3.4e+38 -3.4e+38 -3.4e+38 -3.4e+38 -3.4e+38 -3.4e+38 -3.4e+38 -3.4e+38 -3.4e+38 -3.4e+38 -3.4e+38 -3.4e+38 -3.4e+38 -3.4e+38 -3.4e+38 -3.4e+38 -3.4e+38 -3.4e+38 -3.4e+38 -3.4e+38 -3.4e+38 -3.4e+38 -3.4e+38 -3.4e+38 -3.4e+38 -3.4e+38 -3.4e+38 -3.4e+38 -3.4e+38
-3.4e+38 -3.4e+38 -3.4e+38 -3.4e+38 -3.4e+38 -3.4e+38 -3.4e+38 -3.4e+38 -3.4e+38 -3.4e+38 -3.4e+38 -3.4e+38 -3.4e+38 -3.4e+38 -3.4e+38 -3.4e+38 -3.4e+38 -3.4e+38 -3.4e+38 -3.4e+38 -3.4e+38 -3.4e+38 -3.4e+38 -3.4e+38 -3.4e+38 -3.4e+38 -3.4e+38 7.95237588882446 7.24206352233887 -3.4e+38 -3.4e+38 -3.4e+38 -3.4e+38 -3.4e+38 -3.4e+38 -3.4e+38 -3.4e+38 -3.4e+38 -3.4e+38 -3.4e+38 -3.4e+38 -3.4e+38 -3.4e+38 -3.4e+38 -3.4e+38 -3.4e+38 -3.4e+38
-3.4e+38 -3.4e+38 -3.4e+38 -3.4e+38 -3.4e+38 -3.4e+38 -3.4e+38 -3.4e+38 -3.4e+38 -3.4e+38 -3.4e+38 -3.4e+38 -3.4e+38 -3.4e+38 -3.4e+38 -3.4e+38 -3.4e+38 -3.4e+38 -3.4e+38 -3.4e+38 -3.4e+38 -3.4e+38 -3.4e+38 -3.4e+38 -3.4e+38 -3.4e+38 -3.4e+38 21.3346996307373 17.0293674468994 -3.4e+38 -3.4e+38 -3.4e+38 -3.4e+38 -3.4e+38 -3.4e+38 -3.4e+38 -3.4e+38 -3.4e+38 -3.4e+38 -3.4e+38 -3.4e+38 -3.4e+38 -3.4e+38 -3.4e+38 -3.4e+38 -3.4e+38 -3.4e+38
-3.4e+38 -3.4e+38 -3.4e+38 -3.4e+38 -3.4e+38 -3.4e+38 -3.4e+38 -3.4e+38 -3.4e+38 19.0660877227783 19.0660877227783 19.0325927734375 17.8176822662354 -3.4e+38 -3.4e+38 -3.4e+38 -3.4e+38 -3.4e+38 32.1957931518555 32.2818374633789 30.5302772521973 28.7023868560791 24.9345149993896 18.4081268310547 23.3612995147705 25.8304042816162 26.6290397644043 29.4312858581543 30.5506820678711 34.183406829834 -3.4e+38 -3.4e+38 33.2260894775391 33.181095123291 32.7566604614258 33.6270370483398 33.7948875427246 33.9480972290039 33.9624252319336 33.9844207763672 34.128776550293 34.1213836669922 -3.4e+38 -3.4e+38 -3.4e+38 -3.4e+38 -3.4e+38
-3.4e+38 -3.4e+38 -3.4e+38 -3.4e+38 -3.4e+38 -3.4e+38 -3.4e+38 -3.4e+38 19.0660877227783 19.0660877227783 19.0660877227783 19.0660877227783 18.9990978240967 17.7879276275635 15.41761302948 -3.4e+38 24.7871036529541 31.3746299743652 32.4597663879395 32.6669311523438 31.7940349578857 30.4992904663086 27.7837734222412 25.6103038787842 26.6822624206543 28.0630054473877 28.485258102417 29.5884380340576 31.891019821167 34.2771797180176 32.9400177001953 33.0759048461914 33.2167701721191 33.3855895996094 33.3653564453125 33.512939453125 33.5384559631348 33.5716667175293 33.6629257202148 33.7635116577148 33.9137077331543 34.1530075073242 34.2900390625 34.3152275085449 -3.4e+38 -3.4e+38 -3.4e+38
-3.4e+38 -3.4e+38 -3.4e+38 -3.4e+38 -3.4e+38 -3.4e+38 -3.4e+38 -3.4e+38 19.2078838348389 19.0660877227783 19.0660877227783 19.0660877227783 19.0660877227783 18.9321098327637 17.7359027862549 15.41761302948 20.4873332977295 31.8688411712646 33.333324432373 32.9052124023438 32.3638534545898 32.1227798461914 32.3311805725098 32.1700744628906 32.0303840637207 31.9598064422607 31.9728984832764 32.099494934082 32.3500823974609 32.5833702087402 32.7243156433105 32.760425567627 32.8296127319336 32.9662590026855 33.052001953125 33.0888748168945 33.0976791381836 33.1319007873535 33.198616027832 33.2820701599121 33.4355735778809 33.6655006408691 33.9852256774902 34.1409568786621 34.3194236755371 34.3272361755371 -3.4e+38
-3.4e+38 -3.4e+38 -3.4e+38 -3.4e+38 -3.4e+38 -3.4e+38 -3.4e+38 -3.4e+38 -3.4e+38 -3.4e+38 19.0660877227783 19.0660877227783 19.0660877227783 -3.4e+38 18.7981300354004 17.6617813110352 22.5966968536377 32.5852813720703 33.0709571838379 32.3441009521484 31.9174213409424 31.6148986816406 32.2148017883301 31.9179439544678 31.8045749664307 31.7490520477295 31.7615928649902 31.8463726043701 31.9866676330566 32.0673294067383 32.1609916687012 32.1966552734375 32.3005523681641 32.4434356689453 32.5473403930664 32.610668182373 32.6916313171387 32.8099708557129 32.9127769470215 32.9897422790527 33.1032867431641 33.2879219055176 33.5641708374023 33.7851486206055 34.0197792053223 34.3954620361328 34.5742797851562
-3.4e+38 -3.4e+38 -3.4e+38 -3.4e+38 -3.4e+38 -3.4e+38 -3.4e+38 -3.4e+38 -3.4e+38 -3.4e+38 -3.4e+38 -3.4e+38 -3.4e+38 -3.4e+38 18.7794780731201 18.3564033508301 27.1796875 33.4675407409668 32.5771331787109 31.6183013916016 31.0921897888184 30.9088954925537 31.8005905151367 31.6089992523193 31.4747734069824 31.3831214904785 31.381160736084 31.4287376403809 31.7036914825439 32.0102043151855 32.1546325683594 32.2480125427246 32.3572120666504 32.4675750732422 32.6859474182129 32.9009323120117 33.1181335449219 33.241870880127 33.1987037658691 33.1003608703613 32.9980697631836 33.0086135864258 33.2088203430176 33.4824523925781 33.7620697021484 34.2827415466309 34.6145057678223
23.54416847229 -3.4e+38 -3.4e+38 -3.4e+38 -3.4e+38 -3.4e+38 -3.4e+38 -3.4e+38 -3.4e+38 -3.4e+38 25.6333923339844 22.8945999145508 -3.4e+38 -3.4e+38 -3.4e+38 27.0616664886475 33.1385917663574 32.4515190124512 31.4318561553955 30.7422122955322 30.4962253570557 30.7620162963867 31.6953773498535 31.3344535827637 31.1142539978027 30.9735221862793 31.1595878601074 31.6556339263916 32.0692138671875 32.4385032653809 32.4541397094727 32.5087738037109 32.6663589477539 32.8688850402832 33.2733039855957 33.6111907958984 33.7563018798828 33.7386703491211 33.6472320556641 33.469482421875 33.2538909912109 33.0097236633301 33.0368194580078 33.2324981689453 33.5184516906738 34.0637130737305 34.5119247436523
23.3844718933105 18.257884979248 -3.4e+38 -3.4e+38 -3.4e+38 -3.4e+38 -3.4e+38 -3.4e+38 -3.4e+38 -3.4e+38 28.9876823425293 28.138463973999 26.7231140136719 -3.4e+38 -3.4e+38 32.9726524353027 32.0612030029297 30.8163070678711 30.48850440979 30.5204315185547 30.4248504638672 30.9713077545166 31.276683807373 30.6795463562012 30.5753765106201 30.8786315917969 31.1243076324463 31.5558204650879 31.9383144378662 32.2513236999512 32.4651718139648 32.7152442932129 32.9835777282715 33.35302734375 33.712776184082 33.8340911865234 33.8283653259277 33.8323593139648 33.8018188476562 33.6793441772461 33.4838905334473 33.2332038879395 33.0378646850586 33.0982246398926 33.3504524230957 33.9134750366211 34.3770217895508
19.3637180328369 12.3886795043945 1.06806886196136 7.57458448410034 -3.4e+38 -3.4e+38 -3.4e+38 -3.4e+38 -3.4e+38 -3.4e+38 -3.4e+38 28.8719711303711 27.8952236175537 26.7231140136719 29.0069808959961 31.0123691558838 30.6860542297363 30.1701431274414 30.6440029144287 30.7613010406494 30.4900188446045 30.398380279541 30.2362823486328 30.2111682891846 30.7787189483643 31.1386871337891 31.2959098815918 31.5011425018311 31.6974601745605 31.7629413604736 32.2949333190918 32.8147659301758 33.1656341552734 33.361988067627 33.5860328674316 33.7319030761719 33.7416534423828 33.7682762145996 33.783088684082 33.6598815917969 33.5531349182129 33.3244361877441 33.115234375 33.0382347106934 33.2375221252441 33.750431060791 34.2719459533691
23.1766815185547 17.7807426452637 10.6580362319946 10.9976482391357 -3.4e+38 -3.4e+38 -3.4e+38 -3.4e+38 28.9555053710938 29.3431148529053 28.7839756011963 29.0579299926758 28.9599685668945 28.0025882720947 28.3295650482178 27.9257698059082 27.1610279083252 30.1616172790527 30.5957794189453 29.9697341918945 29.5334968566895 29.6656703948975 30.1815853118896 30.6935043334961 30.9820880889893 31.1210079193115 31.2583351135254 31.3131504058838 31.2880992889404 31.2748889923096 31.6342830657959 32.0901412963867 32.4317817687988 32.8808784484863 33.3706474304199 33.6484489440918 33.7108268737793 33.7079658508301 33.7030792236328 33.6798400878906 33.5248146057129 33.3656272888184 33.1348457336426 33.0037040710449 33.1666641235352 33.4765739440918 34.0229530334473
28.5257396697998 27.1788711547852 24.9802951812744 25.3024387359619 27.8358592987061 28.9816112518311 28.8859786987305 28.7847652435303 28.6393775939941 28.6247119903564 28.7200355529785 28.8319530487061 29.9937191009521 29.793041229248 29.526647567749 27.8180809020996 23.2684993743896 20.8617763519287 20.3531112670898 22.2999610900879 24.2073040008545 28.5178928375244 29.7609577178955 30.6326103210449 31.1143226623535 31.0990161895752 31.1233768463135 31.2630310058594 31.3025894165039 31.2829341888428 31.370641708374 31.4692134857178 31.5663948059082 32.0024604797363 32.7715148925781 33.4217491149902 33.7021293640137 33.7404823303223 33.6895065307617 33.6556625366211 33.5994644165039 33.4312858581543 33.1641159057617 32.9861030578613 33.1095733642578 33.3412933349609 33.7028503417969
30.1820640563965 29.6328067779541 29.1214027404785 28.5697555541992 28.627950668335 28.8708419799805 28.7516670227051 28.6232051849365 28.6862449645996 29.1357898712158 29.6556701660156 30.6419563293457 30.9014015197754 31.0094184875488 30.8684272766113 30.681619644165 28.5398483276367 12.5153770446777 6.54132127761841 11.8261766433716 23.425910949707 27.5395545959473 28.800121307373 29.9682540893555 30.7589874267578 31.1722106933594 31.2921695709229 31.4392147064209 31.574520111084 31.5390853881836 31.5268325805664 31.5212650299072 31.5648441314697 31.7561340332031 32.2194709777832 32.9289169311523 33.458797454834 33.7454414367676 33.7450370788574 33.6760292053223 33.6708106994629 33.5675773620605 33.2203178405762 32.9845886230469 32.9743461608887 33.2036895751953 33.4339599609375
31.8469009399414 31.5305347442627 30.9023017883301 30.3128128051758 30.0905380249023 29.9639072418213 29.7062091827393 29.777458190918 30.1161212921143 30.8107566833496 31.282922744751 31.4389190673828 31.74485206604 32.0955810546875 32.1615104675293 31.8364315032959 30.8863906860352 22.3603935241699 24.5094528198242 26.9952926635742 29.7961483001709 30.7143535614014 31.2659358978271 31.9497756958008 32.3687744140625 32.7185668945312 32.8165245056152 32.8973999023438 32.9054107666016 32.8166427612305 32.6424179077148 32.4502334594727 32.3342247009277 32.2787780761719 32.2421989440918 32.6103553771973 33.2569198608398 33.639404296875 33.7899971008301 33.7512474060059 33.6910018920898 33.6912612915039 33.3858604431152 33.0805473327637 32.9210472106934 32.9758567810059 33.1806983947754
32.4393768310547 32.3622894287109 32.1408653259277 31.6430263519287 31.2778453826904 31.1033611297607 31.1970634460449 31.3280754089355 31.6592617034912 31.9029159545898 31.986141204834 32.1895523071289 32.4063186645508 32.5698547363281 32.7282066345215 32.6354789733887 32.4451751708984 32.2455253601074 32.2782554626465 32.3095283508301 32.3620872497559 32.6283149719238 32.7685661315918 32.785285949707 32.8248138427734 32.9287796020508 33.072925567627 33.2530899047852 33.4204864501953 33.4341201782227 33.3982315063477 33.2871971130371 33.1467094421387 32.9577903747559 32.7693748474121 32.6884231567383 33.1074333190918 33.5136871337891 33.7848472595215 33.7945899963379 33.7567367553711 33.7059440612793 33.6953811645508 33.426383972168 33.1341934204102 32.9364547729492 32.9556846618652
33.0033683776855 32.8207168579102 32.6924285888672 32.4273910522461 32.0936470031738 31.8700008392334 31.8071994781494 31.9676837921143 32.179859161377 32.2600593566895 32.3577728271484 32.4680252075195 32.6989479064941 32.9419059753418 33.077808380127 33.1164932250977 33.2301216125488 33.279613494873 33.3641166687012 33.4243698120117 33.4841384887695 33.5406799316406 33.4944839477539 33.4377746582031 33.4219932556152 33.3131332397461 33.2720489501953 33.3240432739258 33.3401336669922 33.5040664672852 33.5863456726074 33.5855712890625 33.5685386657715 33.5045928955078 33.3614463806152 33.0741958618164 33.0525245666504 33.2927742004395 33.5840530395508 33.7544212341309 33.8056640625 33.7405471801758 33.7450370788574 33.7377967834473 33.4630851745605 33.1820983886719 33.0298690795898
33.5664939880371 33.432071685791 33.3033752441406 33.0778656005859 32.7609672546387 32.5588111877441 32.4728202819824 32.4766807556152 32.5201110839844 32.5666923522949 32.6711692810059 32.8907127380371 33.1201095581055 33.1898307800293 33.2472648620605 33.4949913024902 33.6890563964844 33.7518348693848 33.7509346008301 33.7696762084961 33.751708984375 33.754093170166 33.7400512695312 33.6894874572754 33.6486740112305 33.6088523864746 33.5248641967773 33.4628868103027 33.4056091308594 33.3425178527832 33.4440536499023 33.4820785522461 33.4863662719727 33.5088310241699 33.5048561096191 33.4595184326172 33.287914276123 33.2318534851074 33.4122009277344 33.6139907836914 33.7538452148438 33.7520294189453 33.6986236572266 33.7438201904297 33.6787948608398 33.4238319396973 33.2514915466309
33.7115364074707 33.6868667602539 33.6613655090332 33.6199684143066 33.5041275024414 33.3011817932129 33.1644020080566 33.1179046630859 33.1218147277832 33.1847915649414 33.2629776000977 33.2913055419922 33.2595291137695 33.2854995727539 33.5854225158691 33.8274841308594 33.9259147644043 33.9306678771973 33.9291000366211 33.9277992248535 33.9070587158203 33.8679008483887 33.8607711791992 33.8671913146973 33.8569107055664 33.8502426147461 33.8331069946289 33.7821922302246 33.7239532470703 33.627857208252 33.5077018737793 33.5366096496582 33.5495567321777 33.474235534668 33.4227027893066 33.4270172119141 33.3859100341797 33.2815170288086 33.374828338623 33.4936408996582 33.6520919799805 33.7025947570801 33.6864776611328 33.6986503601074 33.7632637023926 33.7125701904297 33.5115509033203
33.6195411682129 33.6016960144043 33.5753059387207 33.5538291931152 33.5352935791016 33.5132179260254 33.4739532470703 33.4296112060547 33.3901672363281 33.3553771972656 33.3333625793457 33.3076133728027 33.3224830627441 33.5929832458496 34.0181427001953 34.1463470458984 34.0833549499512 34.0373649597168 33.9992828369141 33.9762306213379 33.9667930603027 33.9509582519531 33.9399604797363 33.9388999938965 33.9191818237305 33.8855323791504 33.8628273010254 33.8533554077148 33.8620872497559 33.885627746582 33.8496856689453 33.7240180969238 33.734260559082 33.704776763916 33.6134262084961 33.4894409179688 33.3810539245605 33.2438850402832 33.2704620361328 33.3939476013184 33.5476760864258 33.6688461303711 33.7138175964355 33.7139053344727 33.7640609741211 33.8103675842285 33.7329597473145
