Ecospace-environmental-drivers/Outputs/ASCII-for-ecospace/Sal-surf/Sal-surf_X2017.09.asc
NCOLS 131 
NROWS 53 
XLLCORNER -98 
YLLCORNER 23.9265270233154 
CELLSIZE 0.133587792515755 
NODATA_value -3.4e+38 
[rows 0 to 20 of 53, columns 47 to 93 of 131]
-3.4e+38 -3.4e+38 -3.4e+38 -3.4e+38 -3.4e+38 -3.4e+38 -3.4e+38 -3.4e+38 -3.4e+38 -3.4e+38 -3.4e+38 -3.4e+38 -3.4e+38 -3.4e+38 -3.4e+38 -3.4e+38 -3.4e+38 -3.4e+38 -3.4e+38 -3.4e+38 -3.4e+38 -3.4e+38 -3.4e+38 -3.4e+38 -3.4e+38 -3.4e+38 -3.4e+38 -3.4e+38 -3.4e+38 -3.4e+38 -3.4e+38 -3.4e+38 -3.4e+38 -3.4e+38 -3.4e+38 -3.4e+38 -3.4e+38 -3.4e+38 -3.4e+38 -3.4e+38 -3.4e+38 -3.4e+38 -3.4e+38 -3.4e+38 -3.4e+38 -3.4e+38 -3.4e+38
-3.4e+38 -3.4e+38 -3.4e+38 -3.4e+38 -3.4e+38 -3.4e+38 -3.4e+38 -3.4e+38 -3.4e+38 -3.4e+38 -3.4e+38 -3.4e+38 -3.4e+38 -3.4e+38 -3.4e+38 -3.4e+38 -3.4e+38 -3.4e+38 -3.4e+38 -3.4e+38 -3.4e+38 -3.4e+38 -3.4e+38 -3.4e+38 -3.4e+38 -3.4e+38 -3.4e+38 -3.4e+38 -3.4e+38 -3.4e+38 -3.4e+38 -3.4e+38 -3.4e+38 -3.4e+38 -3.4e+38 -3.4e+38 -3.4e+38 -3.4e+38 -3.4e+38 -3.4e+38 -3.4e+38 -3.4e+38 -3.4e+38 -3.4e+38 -3.4e+38 -3.4e+38 -3.4e+38
-3.4e+38 -3.4e+38 -3.4e+38 -3.4e+38 -3.4e+38 -3.4e+38 -3.4e+38 -3.4e+38 -3.4e+38 -3.4e+38 -3.4e+38 -3.4e+38 -3.4e+38 -3.4e+38 -3.4e+38 -3.4e+38 -3.4e+38 -3.4e+38 -3.4e+38 -3.4e+38 -3.4e+38 -3.4e+38 -3.4e+38 -3.4e+38 -3.4e+38 -3.4e+38 -3.4e+38 8.93655490875244 9.26449966430664 -3.4e+38 -3.4e+38 -3.4e+38 -3.4e+38 -3.4e+38 -3.4e+38 -3.4e+38 -3.4e+38 -3.4e+38 -3.4e+38 -3.4e+38 -3.4e+38 -3.4e+38 -3.4e+38 -3.4e+38 -3.4e+38 -3.4e+38 -3.4e+38
-3.4e+38 -3.4e+38 -3.4e+38 -3.4e+38 -3.4e+38 -3.4e+38 -3.4e+38 -3.4e+38 -3.4e+38 -3.4e+38 -3.4e+38 -3.4e+38 -3.4e+38 -3.4e+38 -3.4e+38 -3.4e+38 -3.4e+38 -3.4e+38 -3.4e+38 -3.4e+38 -3.4e+38 -3.4e+38 -3.4e+38 -3.4e+38 -3.4e+38 -3.4e+38 -3.4e+38 18.3684940338135 19.20827293396 -3.4e+38 -3.4e+38 -3.4e+38 -3.4e+38 -3.4e+38 -3.4e+38 -3.4e+38 -3.4e+38 -3.4e+38 -3.4e+38 -3.4e+38 -3.4e+38 -3.4e+38 -3.4e+38 -3.4e+38 -3.4e+38 -3.4e+38 -3.4e+38
-3.4e+38 -3.4e+38 -3.4e+38 -3.4e+38 -3.4e+38 -3.4e+38 -3.4e+38 -3.4e+38 -3.4e+38 18.1986827850342 18.1986827850342 18.1826591491699 17.3126945495605 -3.4e+38 -3.4e+38 -3.4e+38 -3.4e+38 -3.4e+38 28.8941287994385 28.4367637634277 22.7147235870361 21.6937465667725 25.4481773376465 26.7221755981445 30.9235782623291 32.7360343933105 32.1716995239258 28.9693717956543 31.8806705474854 33.242977142334 -3.4e+38 -3.4e+38 33.4709205627441 33.4719505310059 33.0540428161621 33.8666000366211 34.2858772277832 34.3204040527344 34.2828903198242 34.2282371520996 34.1658973693848 34.1427612304688 -3.4e+38 -3.4e+38 -3.4e+38 -3.4e+38 -3.4e+38
-3.4e+38 -3.4e+38 -3.4e+38 -3.4e+38 -3.4e+38 -3.4e+38 -3.4e+38 -3.4e+38 18.1986827850342 18.1986827850342 18.1986827850342 18.1986827850342 18.1666374206543 17.3096752166748 15.5757875442505 -3.4e+38 21.5272426605225 27.0968322753906 29.924186706543 30.1187324523926 27.1726703643799 26.1797714233398 27.7217903137207 29.7285270690918 31.3997936248779 32.9463119506836 32.795036315918 32.9791870117188 33.304370880127 33.2698440551758 33.4845008850098 33.4434471130371 33.3709297180176 33.598388671875 33.864444732666 34.2240295410156 34.4028625488281 34.4411964416504 34.3796806335449 34.3136520385742 34.2281951904297 34.1306953430176 34.0462608337402 33.9820022583008 -3.4e+38 -3.4e+38 -3.4e+38
-3.4e+38 -3.4e+38 -3.4e+38 -3.4e+38 -3.4e+38 -3.4e+38 -3.4e+38 -3.4e+38 18.3203868865967 18.1986827850342 18.1986827850342 18.1986827850342 18.1986827850342 18.1345901489258 17.3296394348145 15.5757875442505 16.9021587371826 26.5341930389404 31.0591144561768 31.0205059051514 30.3706455230713 31.1556663513184 31.92360496521 31.5578632354736 31.6568183898926 32.3825912475586 33.3835601806641 33.648754119873 33.806827545166 33.8130760192871 33.8809585571289 33.9735794067383 34.056468963623 34.3941612243652 34.5680847167969 34.6228446960449 34.677547454834 34.8593254089355 34.7778129577637 34.6351661682129 34.6913566589355 34.6292877197266 34.3348426818848 34.0398178100586 33.8902282714844 33.6211891174316 -3.4e+38
-3.4e+38 -3.4e+38 -3.4e+38 -3.4e+38 -3.4e+38 -3.4e+38 -3.4e+38 -3.4e+38 -3.4e+38 -3.4e+38 18.1986827850342 18.1986827850342 18.1986827850342 -3.4e+38 18.0704975128174 17.4735908508301 20.3871574401855 30.6044368743896 31.1028423309326 30.4808177947998 31.7584228515625 32.6430358886719 32.9936752319336 32.9119110107422 33.0316734313965 33.0343475341797 33.6202430725098 33.9904441833496 34.1530570983887 34.2765693664551 34.4610900878906 34.6000366210938 34.7159423828125 34.789966583252 34.8347282409668 34.9009132385254 34.9693450927734 35.1122131347656 35.134708404541 35.1161231994629 35.1279106140137 34.9574394226074 34.5519104003906 34.2093811035156 33.947208404541 33.5475158691406 33.0998001098633
-3.4e+38 -3.4e+38 -3.4e+38 -3.4e+38 -3.4e+38 -3.4e+38 -3.4e+38 -3.4e+38 -3.4e+38 -3.4e+38 -3.4e+38 -3.4e+38 -3.4e+38 -3.4e+38 18.0695972442627 17.7787570953369 25.9115734100342 31.9162330627441 31.0612564086914 30.4173030853271 31.4691410064697 32.3536071777344 33.0389289855957 33.4541130065918 33.7856674194336 33.9369812011719 34.3212776184082 34.547721862793 34.6374702453613 34.8197631835938 34.8122100830078 34.8198776245117 34.835376739502 34.9174194335938 34.9299774169922 34.9797134399414 35.0867004394531 35.2163238525391 35.2578125 35.2381172180176 35.1627159118652 35.0191764831543 34.6398048400879 34.2928276062012 34.004695892334 33.7316474914551 33.1949653625488
13.1704797744751 -3.4e+38 -3.4e+38 -3.4e+38 -3.4e+38 -3.4e+38 -3.4e+38 -3.4e+38 -3.4e+38 -3.4e+38 24.4784889221191 21.4847164154053 -3.4e+38 -3.4e+38 -3.4e+38 26.0201072692871 31.8712902069092 31.349552154541 30.4613857269287 30.5667304992676 30.9613170623779 31.518102645874 32.4392356872559 33.5592727661133 33.6889305114746 34.0963287353516 34.62646484375 34.9107818603516 34.9975929260254 35.0757255554199 34.877986907959 34.8504409790039 34.9539070129395 34.8410415649414 34.8887138366699 35.0676155090332 35.1752891540527 35.1551170349121 35.1187553405762 35.1101379394531 34.9864616394043 34.9419822692871 34.825626373291 34.545524597168 34.2060852050781 34.0829048156738 33.7398223876953
16.0015983581543 12.1136388778687 -3.4e+38 -3.4e+38 -3.4e+38 -3.4e+38 -3.4e+38 -3.4e+38 -3.4e+38 -3.4e+38 27.9428577423096 26.3921394348145 24.7707500457764 -3.4e+38 -3.4e+38 31.5176982879639 30.8631896972656 29.9970970153809 29.8246326446533 29.5941009521484 30.4579524993896 31.5082817077637 32.4032859802246 33.3984146118164 33.299934387207 33.9781799316406 34.7966270446777 34.8522911071777 34.925952911377 35.0708541870117 34.9567947387695 34.8886985778809 34.8051376342773 34.8431968688965 34.8703079223633 34.7861061096191 34.5977325439453 34.4426422119141 34.3975791931152 34.3761138916016 34.2707824707031 34.5270004272461 34.8914985656738 34.8107795715332 34.6151809692383 34.4111862182617 34.2327766418457
26.2203788757324 16.5450286865234 1.95478808879852 12.5434551239014 -3.4e+38 -3.4e+38 -3.4e+38 -3.4e+38 -3.4e+38 -3.4e+38 -3.4e+38 27.0848693847656 25.3520069122314 24.7707500457764 26.6734504699707 29.2764148712158 29.82639503479 29.4944343566895 28.9737758636475 31.6362171173096 33.036506652832 33.0706520080566 32.8263702392578 32.6747627258301 33.1809387207031 34.2151374816895 34.9307022094727 34.7195510864258 34.7526397705078 35.0150833129883 34.975513458252 34.8623504638672 34.7481384277344 34.7610168457031 34.700756072998 34.6018180847168 34.4050750732422 34.2053031921387 34.0358619689941 33.8820190429688 33.860164642334 34.0552101135254 34.7530555725098 34.7938804626465 34.6692886352539 34.5362663269043 34.5845146179199
29.5591735839844 26.0323066711426 14.5808715820312 21.094705581665 -3.4e+38 -3.4e+38 -3.4e+38 -3.4e+38 28.4264450073242 28.3304252624512 28.3914413452148 27.7074298858643 25.7782974243164 25.5069751739502 24.8983764648438 24.7951049804688 24.4968738555908 28.8487720489502 29.3169231414795 30.8076705932617 32.9591064453125 32.2505187988281 32.5174179077148 33.0735092163086 33.9803771972656 34.8778648376465 34.9991683959961 34.8832359313965 34.8330154418945 34.9862480163574 34.9812927246094 34.8468818664551 34.7580604553223 34.7368698120117 34.6697196960449 34.6258735656738 34.5164489746094 34.3921508789062 34.2546463012695 33.9111251831055 33.8438873291016 34.0755081176758 34.7378807067871 34.7726783752441 34.8073921203613 34.9149360656738 35.0061111450195
30.284366607666 29.7294483184814 28.1328659057617 28.1548538208008 28.9088020324707 29.0465450286865 28.8208694458008 28.5876445770264 28.5950832366943 28.5957565307617 28.4199275970459 28.2321701049805 27.715311050415 28.1207733154297 27.2629871368408 23.5676193237305 18.4201469421387 16.8238792419434 22.3490810394287 26.7896690368652 29.9861660003662 32.1299896240234 32.8681221008301 33.3941307067871 34.3055801391602 34.7877960205078 34.8835983276367 34.9528770446777 34.9320678710938 34.9090309143066 34.9634284973145 34.9173393249512 34.8465194702148 34.8243865966797 34.7595138549805 34.742130279541 34.6446952819824 34.595760345459 34.4880638122559 34.0050354003906 34.0241889953613 34.4841270446777 34.7031936645508 34.7116775512695 34.8415069580078 35.0628471374512 35.2035026550293
30.9601783752441 30.6651668548584 29.8284034729004 29.1878566741943 29.343620300293 29.7703094482422 29.4916229248047 29.2631816864014 29.2399940490723 29.2105731964111 28.7872848510742 28.6378612518311 29.4569282531738 30.2032413482666 29.874906539917 26.9074478149414 24.5583362579346 15.4813499450684 13.9830055236816 21.1819648742676 29.2928485870361 32.2683067321777 34.1042938232422 34.1509552001953 33.898307800293 33.8400650024414 33.8351364135742 33.9504203796387 34.2442169189453 34.5561790466309 34.8162078857422 34.9386177062988 34.9638519287109 35.0038414001465 35.083080291748 35.1403846740723 35.0576667785645 34.9260559082031 34.6427040100098 34.0692405700684 34.3360061645508 34.5674247741699 34.6326599121094 34.7336273193359 34.8291282653809 34.9312286376953 35.0851745605469
31.7153606414795 31.3713150024414 30.5708999633789 30.1473045349121 30.3173274993896 30.6095600128174 30.3941860198975 30.186128616333 30.1501178741455 30.2678565979004 30.3485927581787 30.5763339996338 31.1167430877686 31.8154258728027 32.1555213928223 30.5089721679688 28.3787784576416 23.577486038208 27.7160949707031 30.6917285919189 32.5270729064941 34.3003578186035 35.5017318725586 35.4992599487305 35.4169731140137 35.2326583862305 34.9803009033203 34.7425727844238 34.5172462463379 34.330867767334 34.2971343994141 34.4317741394043 34.6110649108887 34.8389053344727 35.0415954589844 35.2556495666504 35.394847869873 35.2919311523438 34.7435874938965 34.1490745544434 34.4367828369141 34.5524024963379 34.6196403503418 34.5970497131348 34.5766067504883 34.6883544921875 34.9264984130859
32.2200813293457 31.9611549377441 31.54856300354 31.1709365844727 31.1746387481689 31.3342666625977 31.3210620880127 31.2047462463379 31.0734100341797 31.0254192352295 31.1467399597168 31.5885734558105 32.1417388916016 32.8098754882812 32.1077880859375 30.6294403076172 30.2321262359619 29.9103622436523 31.0546550750732 32.5932846069336 34.2292518615723 35.56982421875 35.7239837646484 35.7173118591309 35.6457023620605 35.5775299072266 35.5377349853516 35.439208984375 35.3513717651367 35.2680587768555 35.1342582702637 34.9760627746582 34.7562866210938 34.7509956359863 34.9733695983887 35.2337303161621 35.4517784118652 35.4666404724121 34.7719230651855 34.2088012695312 34.4012565612793 34.4120178222656 34.3845024108887 34.3295516967773 34.3530082702637 34.5234413146973 34.8272705078125
32.9098205566406 32.5281600952148 32.1930503845215 32.0820388793945 32.2211685180664 32.328426361084 32.4795951843262 32.3835716247559 32.0299797058105 31.786111831665 32.1270866394043 32.8866119384766 32.9510536193848 33.2350769042969 33.5563697814941 32.6384201049805 31.8728046417236 31.8974456787109 33.3522338867188 35.087287902832 35.7242813110352 35.8046455383301 35.7900238037109 35.7702903747559 35.7087516784668 35.6800155639648 35.4560546875 35.3838195800781 35.3989334106445 35.4012298583984 35.402774810791 35.4625015258789 35.4293098449707 35.3138885498047 35.2242126464844 35.2911643981934 35.5523681640625 35.5548095703125 34.8146171569824 34.229061126709 34.3076324462891 34.2478294372559 34.2243309020996 34.2047500610352 34.1813659667969 34.3996925354004 34.7490692138672
33.8140830993652 33.4224586486816 32.8651504516602 32.4820442199707 32.6506729125977 33.1974334716797 33.3605690002441 33.573917388916 33.337776184082 33.4208068847656 33.5035400390625 33.4711799621582 33.2440185546875 33.775749206543 34.5339050292969 35.107494354248 35.5470848083496 35.6917114257812 35.8061943054199 35.8460121154785 35.8589286804199 35.883716583252 35.8955268859863 35.8604354858398 35.8599510192871 35.649528503418 35.3670921325684 35.3786125183105 35.3983688354492 35.4029388427734 35.4107818603516 35.5702781677246 35.7027244567871 35.6115379333496 35.556396484375 35.578052520752 35.7177314758301 35.6353797912598 34.8807830810547 34.2300262451172 34.257152557373 34.2285003662109 34.2746353149414 34.3773040771484 34.1897239685059 34.051887512207 34.5150146484375
33.6105690002441 33.4322967529297 33.2407455444336 33.0152816772461 33.2575378417969 33.6748542785645 34.1653366088867 34.7242050170898 34.2577667236328 33.8115081787109 33.6334609985352 33.7823944091797 34.1646156311035 34.8951263427734 35.4710960388184 35.7008361816406 35.8236885070801 35.9084892272949 35.9600448608398 36.0018539428711 36.0481262207031 36.0843963623047 36.0359878540039 35.9508476257324 35.9370346069336 35.548770904541 35.4365768432617 35.5543327331543 35.5832901000977 35.5210723876953 35.5054588317871 35.6217803955078 35.7774429321289 35.7979125976562 35.7914085388184 35.7896690368652 35.8621253967285 35.6546440124512 35.0025787353516 34.2749061584473 34.1779365539551 34.2487564086914 34.3232116699219 34.413932800293 34.3095474243164 33.9561576843262 34.1700325012207
33.8735504150391 33.9200630187988 33.9408798217773 34.0580825805664 34.5168762207031 35.1948280334473 35.0381927490234 34.5743942260742 34.2702407836914 33.9665069580078 34.0610237121582 34.6481628417969 35.2196044921875 35.5303764343262 35.6592864990234 35.8370475769043 35.8908729553223 35.9100723266602 35.9254837036133 35.9739799499512 36.0139389038086 36.0383644104004 35.9765167236328 35.967456817627 35.9251670837402 35.5092239379883 35.6437110900879 35.7409820556641 35.8063087463379 35.8198356628418 35.80322265625 35.779109954834 35.77490234375 35.817008972168 35.8440704345703 35.8474578857422 35.8274307250977 35.5824584960938 35.0826683044434 34.521297454834 34.1168899536133 33.9966468811035 33.9969329833984 34.0499610900879 34.1057777404785 33.8985862731934 33.886905670166
