Ecospace-environmental-drivers/Outputs/ASCII-for-ecospace/Sal-surf/Sal-surf_X2016.01.asc
NCOLS 131 
NROWS 53 
XLLCORNER -98 
YLLCORNER 23.9265270233154 
CELLSIZE 0.133587792515755 
NODATA_value -3.4e+38 
[rows 21 to 41 of 53, columns 0 to 46 of 131]
-3.4e+38 -3.4e+38 -3.4e+38 -3.4e+38 -3.4e+38 -3.4e+38 36.9590110778809 30.4196815490723 18.8421173095703 14.2506275177002 27.6226673126221 29.5375003814697 30.6928939819336 32.2114753723145 32.8668098449707 33.391487121582 33.866626739502 34.3042678833008 34.6767120361328 35.0066413879395 35.2361221313477 35.3611717224121 35.4424667358398 35.5174522399902 35.5797271728516 35.6084365844727 35.6404571533203 35.6850280761719 35.7460289001465 35.7947120666504 35.8536987304688 35.9273567199707 35.9495277404785 35.9540824890137 35.9312477111816 35.9058494567871 35.9098625183105 35.8845024108887 35.8498420715332 35.8504981994629 35.8728790283203 35.9346466064453 35.9708709716797 35.9901084899902 36.0030364990234 36.004451751709 36.0104560852051
-3.4e+38 -3.4e+38 -3.4e+38 -3.4e+38 -3.4e+38 -3.4e+38 44.6243133544922 35.8330345153809 30.4196815490723 28.5021133422852 30.7251834869385 31.8321132659912 32.8209838867188 33.5799560546875 34.1169967651367 34.5969886779785 34.9710502624512 35.2448425292969 35.4350929260254 35.5839653015137 35.6918144226074 35.7535667419434 35.7954139709473 35.8121910095215 35.8096237182617 35.8050880432129 35.8070449829102 35.8264770507812 35.8552665710449 35.9080581665039 35.9630355834961 36.0488090515137 36.0814247131348 36.105339050293 36.1116065979004 36.1250801086426 36.1358413696289 36.1232795715332 36.1147956848145 36.1187782287598 36.1271171569824 36.1396636962891 36.1415748596191 36.1390380859375 36.1470832824707 36.1675872802734 36.1899337768555
-3.4e+38 -3.4e+38 -3.4e+38 -3.4e+38 27.5622787475586 28.6001720428467 33.5195617675781 44.6243133544922 32.4551086425781 31.343677520752 32.5978050231934 33.4656944274902 34.1957664489746 34.804386138916 35.1868896484375 35.4130821228027 35.5280838012695 35.6174774169922 35.6968154907227 35.7718887329102 35.8694725036621 35.9238128662109 35.958423614502 35.9854736328125 35.9987640380859 35.9870872497559 35.9992218017578 36.0441741943359 36.0634460449219 36.0855484008789 36.1022872924805 36.1209526062012 36.1547393798828 36.1771354675293 36.2070693969727 36.2179336547852 36.2005958557129 36.2029037475586 36.2475280761719 36.2828826904297 36.3019752502441 36.304744720459 36.2974891662598 36.2952728271484 36.3026390075684 36.319709777832 36.3456153869629
-3.4e+38 -3.4e+38 -3.4e+38 -3.4e+38 27.0541400909424 28.0704193115234 30.6759548187256 30.7075614929199 31.7855091094971 33.0273513793945 33.8849105834961 34.683464050293 35.2457580566406 35.5273132324219 35.6589965820312 35.703929901123 35.7043228149414 35.7205657958984 35.7632217407227 35.8731956481934 35.9930038452148 36.0596885681152 36.1075744628906 36.1513214111328 36.173526763916 36.1766357421875 36.1757507324219 36.1907577514648 36.2186126708984 36.2402038574219 36.2483291625977 36.2555160522461 36.2618789672852 36.2599487304688 36.2686958312988 36.2704391479492 36.2443962097168 36.2633666992188 36.2982749938965 36.3234939575195 36.3372573852539 36.3403968811035 36.3438835144043 36.3521347045898 36.3617401123047 36.3786354064941 36.390453338623
-3.4e+38 -3.4e+38 -3.4e+38 -3.4e+38 -3.4e+38 29.0440654754639 30.8512210845947 31.8458118438721 33.1599998474121 34.1065444946289 34.9542770385742 35.4786949157715 35.7390632629395 35.9211349487305 36.0135307312012 36.0152435302734 35.9805908203125 35.9815139770508 36.0308532714844 36.1100006103516 36.1663436889648 36.2064819335938 36.231128692627 36.2500610351562 36.271354675293 36.2835693359375 36.2912101745605 36.2870559692383 36.2971649169922 36.3167877197266 36.3417739868164 36.3548583984375 36.3552703857422 36.3446617126465 36.3242340087891 36.3185424804688 36.301872253418 36.3065376281738 36.3449668884277 36.3582305908203 36.349235534668 36.3521537780762 36.3582954406738 36.363899230957 36.3761138916016 36.3822555541992 36.3836441040039
-3.4e+38 -3.4e+38 -3.4e+38 -3.4e+38 -3.4e+38 29.9278049468994 31.568639755249 33.0073661804199 34.0787086486816 35.0000228881836 35.5043830871582 35.8008232116699 36.0343818664551 36.1259536743164 36.1491012573242 36.2073516845703 36.2352981567383 36.25439453125 36.2673721313477 36.2744827270508 36.2816390991211 36.2952194213867 36.3060684204102 36.3146362304688 36.3109664916992 36.299976348877 36.3073120117188 36.3380432128906 36.3700866699219 36.3871536254883 36.390266418457 36.3907165527344 36.3918914794922 36.3892478942871 36.3712120056152 36.3412322998047 36.3210105895996 36.3541488647461 36.3680839538574 36.3668327331543 36.3573875427246 36.3556671142578 36.3595657348633 36.365234375 36.3685531616211 36.3708724975586 36.3747367858887
-3.4e+38 -3.4e+38 31.5093612670898 31.192310333252 30.8518943786621 31.1905040740967 32.6052551269531 33.8301658630371 34.8233337402344 35.4219131469727 35.7507820129395 36.0416221618652 36.1593055725098 36.1697731018066 36.215015411377 36.2582931518555 36.2765731811523 36.3018531799316 36.3102035522461 36.3099937438965 36.3084144592285 36.3127670288086 36.3166923522949 36.3160514831543 36.3220291137695 36.3308296203613 36.3609352111816 36.3823547363281 36.3851280212402 36.385066986084 36.3867034912109 36.3814582824707 36.3823165893555 36.3823394775391 36.3726463317871 36.3453254699707 36.3454780578613 36.3651885986328 36.3634300231934 36.3585472106934 36.3498153686523 36.3452491760254 36.3472175598145 36.3522605895996 36.3470268249512 36.3477592468262 36.3573455810547
-339999999999999996128486808808066248288.000000000000000 -3.4e+38 -3.4e+38 -3.4e+38 31.2156734466553 32.0305480957031 33.387279510498 34.4697380065918 35.2112312316895 35.6156539916992 35.9274864196777 36.1461372375488 36.2146911621094 36.2350120544434 36.2476348876953 36.273868560791 36.3062324523926 36.3234634399414 36.3268966674805 36.327075958252 36.3210296630859 36.3185691833496 36.3232002258301 36.3386917114258 36.3530769348145 36.3621101379395 36.3687744140625 36.3745765686035 36.3762092590332 36.3826866149902 36.3891639709473 36.3810729980469 36.3796882629395 36.3807106018066 36.3693885803223 36.3478660583496 36.3648681640625 36.3622398376465 36.3548126220703 36.346794128418 36.3319931030273 36.3247375488281 36.3284797668457 36.3184242248535 36.3173675537109 36.3193283081055 36.3288269042969
-3.4e+38 -3.4e+38 -3.4e+38 -3.4e+38 31.6579437255859 32.6870422363281 33.875617980957 34.8298149108887 35.3845977783203 35.733024597168 36.0551605224609 36.1936988830566 36.2567291259766 36.2427177429199 36.2565155029297 36.2964515686035 36.3165664672852 36.3298950195312 36.3317184448242 36.3290977478027 36.3276901245117 36.3324966430664 36.3458137512207 36.3525123596191 36.3556747436523 36.3566093444824 36.3541603088379 36.358226776123 36.3662757873535 36.3733520507812 36.3884544372559 36.3908615112305 36.3932609558105 36.3965950012207 36.3785018920898 36.3667526245117 36.366886138916 36.3593711853027 36.3484954833984 36.3326950073242 36.3166809082031 36.3122444152832 36.3119812011719 36.2992744445801 36.3008842468262 36.3090934753418 36.321117401123
-3.4e+38 -3.4e+38 -3.4e+38 -3.4e+38 32.2201919555664 32.976261138916 34.1020317077637 35.0217361450195 35.5321807861328 35.8513488769531 36.1644897460938 36.2529678344727 36.2880516052246 36.244686126709 36.2738494873047 36.3038558959961 36.3127365112305 36.3225135803223 36.3321762084961 36.3388366699219 36.3418388366699 36.3451080322266 36.3422508239746 36.3419227600098 36.3440551757812 36.3401107788086 36.3420333862305 36.3558387756348 36.3629722595215 36.3622398376465 36.375301361084 36.3845367431641 36.3901557922363 36.3910484313965 36.3727378845215 36.3745346069336 36.3683433532715 36.3556747436523 36.345287322998 36.3361129760742 36.3243103027344 36.3228950500488 36.3080749511719 36.3015022277832 36.3006210327148 36.3160629272461 36.3211479187012
-3.4e+38 -3.4e+38 -3.4e+38 -3.4e+38 32.4243011474609 33.0623474121094 34.152515411377 35.1364097595215 35.5800170898438 35.9840469360352 36.2146148681641 36.2665214538574 36.2736358642578 36.2578735351562 36.2828330993652 36.3044548034668 36.3135719299316 36.3197364807129 36.337215423584 36.3408660888672 36.3375625610352 36.3304214477539 36.3230895996094 36.3237380981445 36.3255653381348 36.324779510498 36.3271217346191 36.3374214172363 36.3499946594238 36.3512954711914 36.3562965393066 36.3696365356445 36.3770332336426 36.3716888427734 36.3567390441895 36.3603210449219 36.3616943359375 36.3535499572754 36.3467712402344 36.3446502685547 36.3435020446777 36.3337860107422 36.3245277404785 36.3223342895508 36.3257904052734 36.324836730957 36.3253746032715
-3.4e+38 -3.4e+38 -3.4e+38 -3.4e+38 32.696704864502 33.0714569091797 34.0544128417969 35.0494956970215 35.5478096008301 35.9973945617676 36.2075042724609 36.2476959228516 36.257884979248 36.2620315551758 36.280143737793 36.3016166687012 36.3071975708008 36.3152084350586 36.3295059204102 36.3328514099121 36.3238296508789 36.3113670349121 36.3071784973145 36.3113784790039 36.3171234130859 36.3300590515137 36.3376083374023 36.3351173400879 36.3381652832031 36.3417358398438 36.3442573547363 36.347526550293 36.3548812866211 36.3522109985352 36.3451347351074 36.3410224914551 36.3434143066406 36.3465919494629 36.3441543579102 36.3414001464844 36.3383979797363 36.3444671630859 36.338191986084 36.3363304138184 36.3293037414551 36.3252410888672 36.3474388122559
-3.4e+38 -3.4e+38 -3.4e+38 -3.4e+38 32.8669166564941 33.0724143981934 33.8628845214844 34.7989120483398 35.3992004394531 35.8518409729004 36.1468276977539 36.2175636291504 36.2491302490234 36.2550926208496 36.2639122009277 36.2870903015137 36.3010368347168 36.3079223632812 36.3131637573242 36.3156585693359 36.3091888427734 36.3001022338867 36.2975311279297 36.3022041320801 36.3142623901367 36.3291397094727 36.3487968444824 36.3595275878906 36.3547668457031 36.3586463928223 36.3623237609863 36.364128112793 36.3588180541992 36.3520164489746 36.3419914245605 36.3327178955078 36.3292617797852 36.3292999267578 36.3298759460449 36.3346900939941 36.3431243896484 36.3453559875488 36.343635559082 36.3381004333496 36.3400917053223 36.3535041809082 36.3747406005859
-3.4e+38 -3.4e+38 -3.4e+38 -3.4e+38 -3.4e+38 33.0934448242188 33.7097702026367 34.5215530395508 35.1363372802734 35.623405456543 36.0331764221191 36.1802253723145 36.2268218994141 36.2448539733887 36.248950958252 36.2693290710449 36.2848205566406 36.2920837402344 36.2961959838867 36.3009185791016 36.3044662475586 36.3027992248535 36.3017807006836 36.3117256164551 36.326545715332 36.3441848754883 36.3702812194824 36.3827438354492 36.3715858459473 36.3640365600586 36.3574485778809 36.3632659912109 36.3696746826172 36.3667755126953 36.3646965026855 36.3615760803223 36.356559753418 36.3600234985352 36.3678245544434 36.3725776672363 36.3737258911133 36.3678321838379 36.3636245727539 36.3648567199707 36.3703422546387 36.3790664672852 36.387336730957
-3.4e+38 -3.4e+38 -3.4e+38 -3.4e+38 -3.4e+38 33.0903358459473 33.5439987182617 34.3056869506836 34.9251823425293 35.4859313964844 35.8811187744141 36.1235542297363 36.2040939331055 36.2376899719238 36.2395820617676 36.2582054138184 36.2679328918457 36.2766914367676 36.2829284667969 36.2889251708984 36.2991485595703 36.3100547790527 36.3263130187988 36.3405990600586 36.3503227233887 36.3662223815918 36.3843154907227 36.3855934143066 36.3782768249512 36.361515045166 36.3461875915527 36.3372650146484 36.3403854370117 36.3582916259766 36.3717994689941 36.3797225952148 36.3799858093262 36.3811569213867 36.3794136047363 36.3811111450195 36.3856048583984 36.3867874145508 36.3874168395996 36.3865966796875 36.3856201171875 36.3868751525879 36.3986625671387
-3.4e+38 -3.4e+38 -3.4e+38 -3.4e+38 -3.4e+38 32.9031066894531 33.3409271240234 34.2104225158691 34.8593215942383 35.4790496826172 35.8258590698242 36.0914306640625 36.1884307861328 36.2366218566895 36.2354927062988 36.257137298584 36.2549285888672 36.2658424377441 36.274845123291 36.2833862304688 36.3028182983398 36.3301124572754 36.350528717041 36.3493385314941 36.3530082702637 36.3659172058105 36.3737335205078 36.3780364990234 36.3730735778809 36.3736763000488 36.3725471496582 36.3703079223633 36.3700065612793 36.3729934692383 36.382194519043 36.393669128418 36.3968086242676 36.3893852233887 36.3846855163574 36.3884315490723 36.3917541503906 36.3897361755371 36.3858184814453 36.3845252990723 36.383056640625 36.3911247253418 36.4073791503906
-3.4e+38 -3.4e+38 -3.4e+38 -3.4e+38 -3.4e+38 -3.4e+38 33.0362319946289 34.1745529174805 34.9170951843262 35.5396728515625 35.839241027832 36.0730133056641 36.1840744018555 36.2334022521973 36.2345085144043 36.2557373046875 36.2465667724609 36.2437858581543 36.2592849731445 36.2800216674805 36.3079833984375 36.3369255065918 36.3400192260742 36.3452606201172 36.3544464111328 36.3615989685059 36.3711204528809 36.3755111694336 36.3881492614746 36.3979110717773 36.4001655578613 36.4009628295898 36.4054336547852 36.4090728759766 36.406566619873 36.4026679992676 36.3997611999512 36.3955116271973 36.3995704650879 36.3983993530273 36.3916091918945 36.3838424682617 36.3834457397461 36.3808708190918 36.3858489990234 36.399528503418 36.4047966003418
-3.4e+38 -3.4e+38 -3.4e+38 -3.4e+38 -3.4e+38 -3.4e+38 33.005012512207 34.1934242248535 35.0426864624023 35.6438484191895 35.8956031799316 36.085506439209 36.178882598877 36.2249412536621 36.2390060424805 36.2469100952148 36.2437477111816 36.2350769042969 36.2370071411133 36.2757225036621 36.3129501342773 36.3148536682129 36.3369979858398 36.3536338806152 36.358585357666 36.3628158569336 36.375545501709 36.396598815918 36.4121971130371 36.4132919311523 36.4130401611328 36.4200248718262 36.4258270263672 36.4278755187988 36.427978515625 36.4280700683594 36.4220352172852 36.4178237915039 36.4158058166504 36.4062042236328 36.3930587768555 36.3888664245605 36.3809432983398 36.3819313049316 36.3861122131348 36.3910064697266 36.3895111083984
-3.4e+38 -3.4e+38 -3.4e+38 -3.4e+38 -3.4e+38 -3.4e+38 32.4734649658203 34.3591232299805 35.2623672485352 35.7580490112305 35.9684448242188 36.1194877624512 36.198600769043 36.2144813537598 36.2420272827148 36.239688873291 36.2340545654297 36.230281829834 36.2435493469238 36.278621673584 36.3012313842773 36.3178253173828 36.3409461975098 36.346134185791 36.3527793884277 36.3681602478027 36.4064025878906 36.4284248352051 36.4336090087891 36.4332656860352 36.437572479248 36.4392204284668 36.4351654052734 36.4386138916016 36.4428863525391 36.4470100402832 36.4457855224609 36.4394760131836 36.4317512512207 36.4228553771973 36.4069633483887 36.3988838195801 36.3921852111816 36.3889312744141 36.3865356445312 36.3855018615723 36.384521484375
-3.4e+38 -3.4e+38 -3.4e+38 -3.4e+38 -3.4e+38 32.8991928100586 32.873291015625 34.5092430114746 35.4177742004395 35.8210983276367 36.0076866149902 36.1395606994629 36.2085037231445 36.2031440734863 36.2354965209961 36.2453117370605 36.2396240234375 36.2397308349609 36.2800827026367 36.3045120239258 36.3010711669922 36.3110809326172 36.3360862731934 36.3579940795898 36.3783149719238 36.4005432128906 36.4245529174805 36.4408836364746 36.4364433288574 36.4370536804199 36.4439506530762 36.4389152526855 36.4365234375 36.4460868835449 36.4549674987793 36.4594917297363 36.4527931213379 36.4425773620605 36.4300651550293 36.4226150512695 36.4148635864258 36.4045791625977 36.3977737426758 36.3911781311035 36.3880348205566 36.3877372741699 36.3886604309082
-3.4e+38 -3.4e+38 -3.4e+38 -3.4e+38 33.2974700927734 33.2957420349121 33.3508186340332 34.5279541015625 35.4926414489746 35.8758506774902 36.0537643432617 36.1622352600098 36.2244682312012 36.21142578125 36.2252464294434 36.2491188049316 36.2446441650391 36.2598075866699 36.2947540283203 36.3056373596191 36.3103675842285 36.3145408630371 36.3381805419922 36.3722648620605 36.4027633666992 36.4073066711426 36.4120254516602 36.4315376281738 36.4242706298828 36.4311561584473 36.4421463012695 36.439338684082 36.4377250671387 36.4487190246582 36.4547233581543 36.4572639465332 36.4503746032715 36.4400291442871 36.4350242614746 36.4330101013184 36.4262237548828 36.4106025695801 36.3956069946289 36.3906440734863 36.3869400024414 36.3953399658203 36.3954734802246
