Ecospace-environmental-drivers/Outputs/ASCII-for-ecospace/Sal-surf/Sal-surf_X2000.11.asc
NCOLS 131 
NROWS 53 
XLLCORNER -98 
YLLCORNER 23.9265270233154 
CELLSIZE 0.133587792515755 
NODATA_value -3.4e+38 
[rows 21 to 41 of 53, columns 47 to 93 of 131]
35.2534065246582 35.2709693908691 35.2733879089355 35.2234497070312 35.1752891540527 35.2081642150879 35.2306938171387 35.2296600341797 35.2389907836914 35.1738700866699 35.1576728820801 35.1400604248047 35.1434631347656 35.114387512207 35.1342086791992 35.1677017211914 35.111644744873 35.0458297729492 35.0740852355957 35.142219543457 35.1760902404785 35.2035751342773 35.2361793518066 35.2745666503906 35.3536796569824 35.4378967285156 35.5591812133789 35.5422210693359 35.5018501281738 35.475170135498 35.4647064208984 35.4572525024414 35.4414482116699 35.4409370422363 35.467945098877 35.494556427002 35.5000114440918 35.4975395202637 35.5101623535156 35.5290832519531 35.5480690002441 35.5588111877441 35.5734710693359 35.5837783813477 35.5857696533203 35.5823020935059 35.5869026184082
35.3458595275879 35.3223152160645 35.3316421508789 35.3174362182617 35.3084030151367 35.3387489318848 35.356086730957 35.3248176574707 35.2899475097656 35.2335166931152 35.1916427612305 35.1352615356445 35.1247062683105 35.110237121582 35.1426582336426 35.1269454956055 35.1006736755371 35.0611114501953 35.1206512451172 35.2003021240234 35.2422180175781 35.2518157958984 35.2901420593262 35.345890045166 35.4146995544434 35.4916458129883 35.5889129638672 35.586311340332 35.5398406982422 35.5049057006836 35.4543838500977 35.410083770752 35.3702926635742 35.3659324645996 35.392707824707 35.4482345581055 35.4936332702637 35.5001258850098 35.4912261962891 35.492073059082 35.5131607055664 35.5291328430176 35.5476379394531 35.574089050293 35.5979614257812 35.6135902404785 35.6201858520508
35.388427734375 35.3443832397461 35.3487205505371 35.3330116271973 35.3056602478027 35.3115844726562 35.3075790405273 35.2697067260742 35.2400970458984 35.2092018127441 35.178352355957 35.1476097106934 35.134204864502 35.0685272216797 35.1030540466309 35.1201591491699 35.174877166748 35.1654891967773 35.2262382507324 35.3043937683105 35.318244934082 35.3454055786133 35.3865051269531 35.4401588439941 35.4778709411621 35.5122566223145 35.5828132629395 35.5996627807617 35.5581398010254 35.5300559997559 35.4766426086426 35.3994026184082 35.3646621704102 35.3320465087891 35.3290405273438 35.3496284484863 35.4322395324707 35.5035514831543 35.5334320068359 35.5289154052734 35.5046730041504 35.5056228637695 35.5266647338867 35.5452346801758 35.5690422058105 35.6040267944336 35.6307716369629
35.4148635864258 35.3842926025391 35.3640823364258 35.3512992858887 35.3085479736328 35.305061340332 35.2664413452148 35.230640411377 35.2136535644531 35.2087135314941 35.1796722412109 35.1867713928223 35.1182594299316 35.1048965454102 35.1703796386719 35.1901664733887 35.2182083129883 35.2244834899902 35.3032302856445 35.3409614562988 35.3363227844238 35.3549346923828 35.4178161621094 35.4574012756348 35.5067253112793 35.5505180358887 35.6018142700195 35.6061515808105 35.5602569580078 35.5394821166992 35.4979515075684 35.4334106445312 35.3920783996582 35.4007415771484 35.3751106262207 35.3433151245117 35.3463287353516 35.4128837585449 35.5082969665527 35.5430374145508 35.5513916015625 35.5441627502441 35.5433044433594 35.5485725402832 35.5599021911621 35.5834617614746 35.6183815002441
35.4574966430664 35.4275741577148 35.3684234619141 35.3450164794922 35.302116394043 35.2834129333496 35.2495307922363 35.2486343383789 35.2422637939453 35.2562599182129 35.2245674133301 35.2147903442383 35.1941413879395 35.1764450073242 35.1944770812988 35.2430763244629 35.2674522399902 35.3013038635254 35.3725051879883 35.3950538635254 35.3860054016113 35.4061660766602 35.4748077392578 35.5148239135742 35.5508270263672 35.5922927856445 35.6278686523438 35.6359214782715 35.5762138366699 35.549919128418 35.5128898620605 35.4726982116699 35.4083557128906 35.3851699829102 35.3815040588379 35.3670501708984 35.3377723693848 35.3357887268066 35.4360656738281 35.5498847961426 35.5713081359863 35.5751419067383 35.5700988769531 35.5719146728516 35.5754699707031 35.5779342651367 35.5991554260254
35.4718933105469 35.4495620727539 35.3809967041016 35.340877532959 35.3339385986328 35.3251152038574 35.3244094848633 35.3564071655273 35.3757858276367 35.4004974365234 35.3716926574707 35.3076858520508 35.2757186889648 35.2553634643555 35.2621002197266 35.2860107421875 35.3174362182617 35.3769149780273 35.4426727294922 35.4723510742188 35.4870109558105 35.5151023864746 35.5689544677734 35.6231842041016 35.6481056213379 35.6612014770508 35.6710052490234 35.6626892089844 35.6123542785645 35.5914764404297 35.544506072998 35.5071067810059 35.46435546875 35.4283599853516 35.4007759094238 35.3762969970703 35.3632621765137 35.3632888793945 35.3965950012207 35.5097198486328 35.593017578125 35.5990829467773 35.5982780456543 35.6002197265625 35.6005897521973 35.5941619873047 35.5992279052734
35.4841156005859 35.4577941894531 35.4153137207031 35.3745498657227 35.3820877075195 35.3881912231445 35.398754119873 35.443172454834 35.455322265625 35.4584312438965 35.4559783935547 35.4479370117188 35.4187088012695 35.3796081542969 35.3603439331055 35.3498153686523 35.35986328125 35.3870582580566 35.4283866882324 35.4875907897949 35.5333671569824 35.5904426574707 35.6373977661133 35.6759033203125 35.6968002319336 35.7061347961426 35.7140655517578 35.6966667175293 35.6383781433105 35.6119804382324 35.5917434692383 35.5717315673828 35.5498809814453 35.5320739746094 35.5171203613281 35.4960403442383 35.4765777587891 35.4521255493164 35.4461708068848 35.4867858886719 35.5611953735352 35.6159324645996 35.6249580383301 35.6289825439453 35.6251449584961 35.6213111877441 35.6287689208984
35.4966812133789 35.4657402038574 35.4321823120117 35.3846664428711 35.4103050231934 35.4352989196777 35.4467086791992 35.4642753601074 35.4637222290039 35.4745864868164 35.4926605224609 35.4953193664551 35.4929122924805 35.501823425293 35.5071258544922 35.5061264038086 35.5094985961914 35.501537322998 35.5456848144531 35.5879020690918 35.6116027832031 35.6439590454102 35.6664085388184 35.6877250671387 35.7060775756836 35.7157707214355 35.7137260437012 35.7039642333984 35.6792488098145 35.6623344421387 35.6478614807129 35.6352081298828 35.6305389404297 35.6218032836914 35.6178779602051 35.6042861938477 35.5901794433594 35.5774269104004 35.5539436340332 35.5339660644531 35.5492515563965 35.58935546875 35.6202354431152 35.6417388916016 35.6489219665527 35.6567115783691 35.6589508056641
35.487117767334 35.4648666381836 35.4271965026855 35.4088973999023 35.4373893737793 35.4550132751465 35.4604835510254 35.4869003295898 35.5046272277832 35.4790229797363 35.4525489807129 35.4741859436035 35.4965133666992 35.5429039001465 35.5967864990234 35.6274299621582 35.6220092773438 35.6156806945801 35.6344795227051 35.6532974243164 35.6704292297363 35.6833686828613 35.6852645874023 35.6987915039062 35.7120895385742 35.7134742736816 35.7150650024414 35.7150535583496 35.7139015197754 35.7146835327148 35.7185516357422 35.7268295288086 35.7372398376465 35.7406387329102 35.7296867370605 35.7136764526367 35.6921768188477 35.6631469726562 35.6407661437988 35.6038475036621 35.5574226379395 35.5632934570312 35.5892715454102 35.6172218322754 35.6388473510742 35.6458702087402 35.6607971191406
35.4742012023926 35.4527626037598 35.428638458252 35.4262809753418 35.4496536254883 35.463794708252 35.4690055847168 35.4861068725586 35.5048980712891 35.5025901794434 35.4761276245117 35.4962997436523 35.5402069091797 35.5829200744629 35.6165542602539 35.6396293640137 35.6536598205566 35.6622581481934 35.6688804626465 35.6833343505859 35.686580657959 35.6818542480469 35.6950950622559 35.7190284729004 35.729621887207 35.7395362854004 35.7516708374023 35.7627792358398 35.7764854431152 35.7858695983887 35.7916221618652 35.794620513916 35.7924499511719 35.7892036437988 35.7827682495117 35.7670402526855 35.7424926757812 35.7183456420898 35.6962280273438 35.6668701171875 35.6374855041504 35.6038818359375 35.6161918640137 35.6480178833008 35.6528358459473 35.652530670166 35.6620597839355
35.4662017822266 35.4444808959961 35.4442977905273 35.4436950683594 35.4503135681152 35.4599418640137 35.4647483825684 35.4814834594727 35.4957466125488 35.507381439209 35.4946022033691 35.5248756408691 35.5622596740723 35.5975074768066 35.6235466003418 35.6385879516602 35.6542205810547 35.6735305786133 35.6892166137695 35.6957206726074 35.7015533447266 35.7150611877441 35.7451820373535 35.7677192687988 35.7876434326172 35.8156776428223 35.8404312133789 35.8554763793945 35.857364654541 35.8584060668945 35.8675231933594 35.8739585876465 35.8736915588379 35.8657608032227 35.8619155883789 35.8655128479004 35.8614807128906 35.8421173095703 35.8148727416992 35.7792091369629 35.7387199401855 35.6965942382812 35.6778373718262 35.6945571899414 35.7046241760254 35.6852645874023 35.6766204833984
35.4723320007324 35.4528770446777 35.4537124633789 35.4576644897461 35.4534683227539 35.4458770751953 35.4568557739258 35.4806365966797 35.504638671875 35.5064277648926 35.5162315368652 35.5619583129883 35.5932197570801 35.6101989746094 35.6200790405273 35.6438789367676 35.6578254699707 35.6994514465332 35.7222480773926 35.7398109436035 35.7632179260254 35.793342590332 35.8209648132324 35.8457260131836 35.874340057373 35.904426574707 35.9152374267578 35.9088478088379 35.895938873291 35.8861274719238 35.8776245117188 35.8706703186035 35.8697929382324 35.8729209899902 35.8783378601074 35.8863945007324 35.897891998291 35.9025688171387 35.9049377441406 35.8849830627441 35.8442687988281 35.7986297607422 35.7479133605957 35.7159996032715 35.7161636352539 35.7038497924805 35.6863441467285
35.476921081543 35.4697799682617 35.4712524414062 35.4693183898926 35.4714469909668 35.4674339294434 35.481517791748 35.4965972900391 35.5286064147949 35.5579872131348 35.5861473083496 35.6057090759277 35.6245460510254 35.6302375793457 35.6551780700684 35.6749649047852 35.7158393859863 35.7692565917969 35.7804374694824 35.8071441650391 35.8397216796875 35.8621978759766 35.8870506286621 35.9135665893555 35.9311981201172 35.9265441894531 35.905704498291 35.8916130065918 35.8821182250977 35.8714065551758 35.868221282959 35.8724174499512 35.8777275085449 35.883243560791 35.8877410888672 35.8878936767578 35.8870124816895 35.8967399597168 35.9000358581543 35.8932914733887 35.8723411560059 35.8359756469727 35.7995300292969 35.7708282470703 35.7415161132812 35.7224807739258 35.7150268554688
35.4956550598145 35.5003395080566 35.4938201904297 35.4883651733398 35.4909706115723 35.5008850097656 35.5353507995605 35.5606422424316 35.5913162231445 35.6174812316895 35.6398277282715 35.6543350219727 35.6644821166992 35.6801261901855 35.7065582275391 35.7335052490234 35.7782287597656 35.8155517578125 35.8391532897949 35.8732032775879 35.8915138244629 35.9001274108887 35.9232902526855 35.9337310791016 35.9298439025879 35.9055633544922 35.8856201171875 35.8827743530273 35.8802528381348 35.8761901855469 35.8800277709961 35.8805809020996 35.8766899108887 35.8761520385742 35.8723602294922 35.8701858520508 35.8715171813965 35.8743782043457 35.8804893493652 35.8874435424805 35.8900413513184 35.8747749328613 35.8377227783203 35.8061828613281 35.7877044677734 35.774242401123 35.7698860168457
35.5212020874023 35.5199089050293 35.500244140625 35.5108947753906 35.5285835266113 35.5634803771973 35.5887870788574 35.6058921813965 35.6315269470215 35.6631011962891 35.6743469238281 35.6781272888184 35.7176551818848 35.7537651062012 35.7506637573242 35.783203125 35.8447303771973 35.8797187805176 35.8928565979004 35.9028015136719 35.9027442932129 35.9195175170898 35.9387702941895 35.9218597412109 35.9047431945801 35.8977394104004 35.8924407958984 35.8813705444336 35.8794898986816 35.8806762695312 35.8757019042969 35.869945526123 35.860538482666 35.8616676330566 35.8658256530762 35.8652153015137 35.8611068725586 35.8604927062988 35.8649635314941 35.873592376709 35.8831672668457 35.8868942260742 35.8672294616699 35.8326950073242 35.8132972717285 35.8035163879395 35.7964096069336
35.5293846130371 35.5302772521973 35.5315170288086 35.5477180480957 35.5786056518555 35.6049919128418 35.6450881958008 35.6870803833008 35.708927154541 35.7168159484863 35.7389984130859 35.7766418457031 35.7903480529785 35.7820358276367 35.813892364502 35.8706474304199 35.8957824707031 35.8913192749023 35.8945541381836 35.9021949768066 35.9173011779785 35.9342842102051 35.9321517944336 35.9221343994141 35.9205665588379 35.9057273864746 35.8834609985352 35.8790893554688 35.8737678527832 35.8649253845215 35.8659591674805 35.8674621582031 35.8650016784668 35.8619728088379 35.8629341125488 35.8602409362793 35.8603477478027 35.858455657959 35.8555946350098 35.8575172424316 35.861743927002 35.8695602416992 35.8726463317871 35.8555068969727 35.8251495361328 35.8156776428223 35.8118095397949
35.5453262329102 35.5426330566406 35.564582824707 35.5724639892578 35.6116790771484 35.6794395446777 35.7092742919922 35.725959777832 35.7707290649414 35.7982864379883 35.8128814697266 35.8049392700195 35.7936744689941 35.8285751342773 35.8768768310547 35.8942947387695 35.8871612548828 35.8882446289062 35.9030990600586 35.9140815734863 35.9195289611816 35.9363098144531 35.9445533752441 35.9406089782715 35.921760559082 35.9010696411133 35.8864631652832 35.8800315856934 35.8703842163086 35.8674659729004 35.866138458252 35.8637046813965 35.8643951416016 35.8622703552246 35.8595581054688 35.8574371337891 35.8618240356445 35.8615036010742 35.861011505127 35.8572883605957 35.8582000732422 35.8639106750488 35.8720893859863 35.8604164123535 35.8398208618164 35.8292922973633 35.831184387207
35.5754814147949 35.5564231872559 35.5776252746582 35.6041870117188 35.6779937744141 35.7431373596191 35.7259788513184 35.7679138183594 35.82421875 35.8179321289062 35.8053741455078 35.7902336120605 35.8388671875 35.8790512084961 35.8734512329102 35.8816947937012 35.8917503356934 35.8964347839355 35.9037437438965 35.9140739440918 35.9325828552246 35.9598197937012 35.9580993652344 35.9385948181152 35.9149322509766 35.8969841003418 35.882999420166 35.872184753418 35.8728218078613 35.8730201721191 35.8656005859375 35.8602447509766 35.8657150268555 35.865592956543 35.8645973205566 35.8669509887695 35.8723411560059 35.8683853149414 35.866569519043 35.8612174987793 35.8639259338379 35.8674583435059 35.8638000488281 35.8643112182617 35.8552360534668 35.8433380126953 35.8391761779785
35.584342956543 35.577392578125 35.6150932312012 35.6595420837402 35.7400169372559 35.7667579650879 35.750171661377 35.7896995544434 35.8247451782227 35.8140029907227 35.7932586669922 35.8253326416016 35.8767623901367 35.8861465454102 35.8788642883301 35.8877639770508 35.8958168029785 35.900993347168 35.906379699707 35.9327621459961 35.952938079834 35.9752616882324 35.9615478515625 35.933406829834 35.9215545654297 35.9020614624023 35.8824806213379 35.8747863769531 35.8702964782715 35.869010925293 35.8666458129883 35.8647575378418 35.8690147399902 35.8742637634277 35.8780937194824 35.8737831115723 35.8668518066406 35.864673614502 35.8637428283691 35.8607864379883 35.8595924377441 35.8619995117188 35.8598403930664 35.8650283813477 35.8621978759766 35.8461952209473 35.8330764770508
35.5955619812012 35.6145858764648 35.6531791687012 35.7050895690918 35.7699127197266 35.7870597839355 35.7558860778809 35.7823715209961 35.809944152832 35.8079032897949 35.801700592041 35.8752899169922 35.894603729248 35.8908462524414 35.8859176635742 35.8883781433105 35.8950119018555 35.900318145752 35.9228172302246 35.9520950317383 35.9694404602051 35.9803428649902 35.9651947021484 35.9474182128906 35.9308624267578 35.9020957946777 35.8797340393066 35.8715591430664 35.8710670471191 35.8724632263184 35.8721542358398 35.8700523376465 35.8682670593262 35.8760261535645 35.8790512084961 35.8729972839355 35.8654823303223 35.8618507385254 35.8613777160645 35.8615226745605 35.862174987793 35.8614692687988 35.8591270446777 35.8558654785156 35.8570556640625 35.8528633117676 35.8427772521973
35.6203384399414 35.6509971618652 35.6931838989258 35.7301788330078 35.7779121398926 35.8059844970703 35.7675247192383 35.770580291748 35.7935829162598 35.8014259338379 35.8229141235352 35.905216217041 35.9127540588379 35.9009780883789 35.8823623657227 35.8932685852051 35.9035224914551 35.9144248962402 35.9424819946289 35.9637031555176 35.981761932373 35.9869613647461 35.9644241333008 35.9530296325684 35.9318809509277 35.9012565612793 35.886058807373 35.8767776489258 35.874870300293 35.8767166137695 35.8784065246582 35.8776245117188 35.8705024719238 35.8751640319824 35.8759269714355 35.870532989502 35.8667945861816 35.8623123168945 35.8633918762207 35.8623580932617 35.8592681884766 35.8577346801758 35.854549407959 35.8493461608887 35.8557662963867 35.8588829040527 35.8544807434082
