Ecospace-environmental-drivers/Outputs/ASCII-for-ecospace/Sal-surf/Sal-surf_X2016.06.asc
NCOLS 131 
NROWS 53 
XLLCORNER -98 
YLLCORNER 23.9265270233154 
CELLSIZE 0.133587792515755 
NODATA_value -3.4e+38 
[rows 21 to 41 of 53, columns 47 to 93 of 131]
34.3464775085449 34.4936714172363 34.405948638916 34.3019027709961 34.2671546936035 34.2291374206543 34.1783752441406 34.154182434082 34.1363258361816 34.0335502624512 34.063045501709 34.1910285949707 34.1820793151855 34.1472434997559 34.0931091308594 34.0090103149414 33.8998603820801 33.8014335632324 33.8581886291504 34.0007858276367 34.1572151184082 34.0594825744629 34.1967658996582 34.3084526062012 34.2482681274414 34.2550086975098 34.3757591247559 34.3889617919922 34.4430198669434 34.5035438537598 34.5704879760742 34.5976943969727 34.5644836425781 34.5605201721191 34.6734313964844 34.778377532959 34.8327407836914 34.9183311462402 34.9828796386719 35.0171356201172 35.0288925170898 35.0110855102539 34.8422050476074 34.4189224243164 34.2850303649902 34.2480239868164 34.1163787841797
33.9770317077637 34.1147918701172 34.1017951965332 34.0550193786621 34.0659523010254 34.0972747802734 34.1285247802734 34.1580238342285 34.1835250854492 34.1612701416016 34.1618537902832 34.1771621704102 34.1369476318359 34.0755958557129 34.0085525512695 33.9349555969238 33.9052505493164 33.8314094543457 33.908275604248 34.0462875366211 34.201099395752 34.1201972961426 34.2112846374512 34.2855834960938 34.252628326416 34.3734092712402 34.377872467041 34.3808937072754 34.4735145568848 34.4791259765625 34.5248146057129 34.6233291625977 34.6223373413086 34.6103515625 34.716136932373 34.8407287597656 34.839771270752 34.9241523742676 34.9635963439941 34.9376106262207 34.9774589538574 34.9435691833496 34.9091758728027 34.6970367431641 34.4345245361328 34.4980888366699 34.3248138427734
33.734432220459 33.8481750488281 33.9190216064453 33.9396705627441 33.9671936035156 33.9768829345703 33.9925956726074 34.0357322692871 34.071662902832 34.0958709716797 34.0959663391113 34.0678291320801 34.0229606628418 33.9792976379395 33.9667739868164 33.9198875427246 33.9328536987305 33.8555679321289 33.955924987793 34.1241569519043 34.2219886779785 34.1754455566406 34.1792335510254 34.2181930541992 34.2493324279785 34.3671607971191 34.335391998291 34.3150520324707 34.3337783813477 34.3606071472168 34.4003486633301 34.4849243164062 34.5909004211426 34.6972465515137 34.793212890625 34.8835105895996 34.8957977294922 34.9189872741699 34.947696685791 34.8929977416992 34.9378700256348 34.8891754150391 34.8225440979004 34.7549171447754 34.5350952148438 34.5698127746582 34.572624206543
33.7657775878906 33.8204383850098 33.8663902282715 33.904167175293 33.9399070739746 33.9870185852051 34.0129013061523 34.0312232971191 34.0675659179688 34.0724563598633 34.0560646057129 34.0147438049316 33.975887298584 33.9792327880859 33.9909515380859 33.9879989624023 33.9786071777344 33.9089965820312 34.001594543457 34.1525917053223 34.210391998291 34.1535682678223 34.1777496337891 34.2496223449707 34.3136024475098 34.4016380310059 34.4129219055176 34.3937225341797 34.3803749084473 34.3704071044922 34.3885879516602 34.4023742675781 34.4328384399414 34.6188812255859 34.8290252685547 34.8835601806641 34.8372230529785 34.8634796142578 34.9166831970215 34.939338684082 34.9467849731445 34.8681716918945 34.8029441833496 34.7788887023926 34.6617469787598 34.5774993896484 34.6124076843262
33.8086128234863 33.8303146362305 33.8701171875 33.921501159668 33.9401702880859 33.9782676696777 34.0126304626465 34.046630859375 34.0747947692871 34.0390205383301 34.0087547302246 34.0123100280762 34.0230560302734 34.048023223877 34.0699272155762 34.096622467041 34.0373954772949 33.9697608947754 34.0156211853027 34.126953125 34.1862678527832 34.1114921569824 34.1118125915527 34.1975059509277 34.2535438537598 34.3254737854004 34.3640403747559 34.4090843200684 34.45166015625 34.4985008239746 34.4825782775879 34.459415435791 34.462703704834 34.5001106262207 34.682788848877 34.7568778991699 34.7556381225586 34.8617553710938 34.9699325561523 35.0135917663574 35.0186386108398 34.8947334289551 34.8314476013184 34.8186798095703 34.8164558410645 34.7279663085938 34.6387672424316
33.9271621704102 33.89013671875 33.9035148620605 33.9128227233887 33.9379043579102 33.9789161682129 34.0355186462402 34.0363502502441 34.0062103271484 34.0584831237793 34.1042938232422 34.1531372070312 34.2052726745605 34.2499923706055 34.2824935913086 34.2688064575195 34.1381721496582 34.0079154968262 34.0110282897949 34.0960998535156 34.0994300842285 34.0398559570312 34.0197601318359 34.0957145690918 34.1859741210938 34.2694931030273 34.3506927490234 34.4372711181641 34.5011177062988 34.5558395385742 34.5827102661133 34.6018829345703 34.5908737182617 34.589282989502 34.6196098327637 34.687629699707 34.8246803283691 34.9513931274414 35.0100975036621 35.0638275146484 35.0767059326172 35.0124130249023 34.8899116516113 34.8764305114746 34.9736404418945 34.9144973754883 34.7827377319336
34.2347106933594 34.1477584838867 34.0232696533203 33.9617767333984 33.9511604309082 33.947135925293 34.0335845947266 34.0828895568848 34.1400871276855 34.2067985534668 34.2880058288574 34.3851585388184 34.4361267089844 34.4515151977539 34.4769439697266 34.5181045532227 34.5127639770508 34.3765602111816 34.2658767700195 34.2571220397949 34.3144302368164 34.3514785766602 34.3647575378418 34.411434173584 34.4750671386719 34.5413131713867 34.6037788391113 34.6489295959473 34.6850242614746 34.715145111084 34.7268562316895 34.726146697998 34.7148094177246 34.690673828125 34.6813926696777 34.7128067016602 34.8474807739258 34.9304504394531 34.965934753418 35.0650520324707 35.1499519348145 35.092212677002 35.0289878845215 34.9653244018555 35.0474166870117 35.0233459472656 34.8857536315918
34.3617057800293 34.3215217590332 34.2647438049316 34.1889533996582 34.0836791992188 34.1062202453613 34.1976356506348 34.2444076538086 34.3039512634277 34.3704376220703 34.4851760864258 34.6146659851074 34.6855583190918 34.7266731262207 34.7554168701172 34.7985801696777 34.8497924804688 34.8683815002441 34.8492088317871 34.795238494873 34.7531280517578 34.7486000061035 34.7370338439941 34.7258110046387 34.7455596923828 34.7748870849609 34.7867050170898 34.8000602722168 34.8028984069824 34.8007507324219 34.818172454834 34.8158645629883 34.8195953369141 34.8228950500488 34.8542823791504 34.9235534667969 34.970947265625 35.0345230102539 35.0367012023926 35.1377754211426 35.2837791442871 35.1896705627441 35.1097221374512 35.0850982666016 35.0881729125977 35.1731567382812 35.0804710388184
34.3808898925781 34.3676834106445 34.3781661987305 34.3050651550293 34.3184585571289 34.3330001831055 34.3521156311035 34.3951797485352 34.4362831115723 34.5649299621582 34.730224609375 34.856803894043 34.9578399658203 35.0419616699219 35.1017608642578 35.1216049194336 35.1107025146484 35.085277557373 35.0490760803223 35.0082817077637 34.9702796936035 34.9626846313477 34.9864807128906 34.9992294311523 35.003978729248 34.9992790222168 35.0007629394531 35.032096862793 35.0373573303223 35.012336730957 34.9842071533203 34.9469985961914 34.906322479248 34.9061737060547 34.9747581481934 35.0531158447266 35.1437225341797 35.1915664672852 35.1914215087891 35.3130722045898 35.3915901184082 35.387767791748 35.2023239135742 35.1233253479004 35.1625518798828 35.2206993103027 35.2588195800781
34.3880081176758 34.3869934082031 34.3582000732422 34.4397659301758 34.4636077880859 34.4520835876465 34.4727516174316 34.4827651977539 34.6115684509277 34.7590026855469 34.8237991333008 34.8817596435547 34.9443092346191 35.0050773620605 35.0429153442383 35.0512199401855 35.0480041503906 35.037769317627 35.0349617004395 35.0499534606934 35.0917739868164 35.120418548584 35.1342811584473 35.1544303894043 35.1743583679199 35.1980247497559 35.2196235656738 35.2278251647949 35.2105293273926 35.2008666992188 35.2053337097168 35.208610534668 35.1873397827148 35.1633834838867 35.1744956970215 35.1531066894531 35.1864051818848 35.2049407958984 35.194637298584 35.3330459594727 35.4246292114258 35.468318939209 35.3511390686035 35.2008857727051 35.2140502929688 35.228515625 35.2831993103027
34.3612060546875 34.3855438232422 34.5235404968262 34.5314025878906 34.5309143066406 34.5481758117676 34.527587890625 34.6030197143555 34.7686996459961 34.7890548706055 34.7921752929688 34.8142585754395 34.8648452758789 34.9330902099609 35.0086669921875 35.0641136169434 35.0864219665527 35.0944213867188 35.1306228637695 35.1919822692871 35.2412452697754 35.2823104858398 35.3259353637695 35.3537635803223 35.3715209960938 35.390739440918 35.3922004699707 35.3780250549316 35.3624877929688 35.3367919921875 35.3011436462402 35.2888984680176 35.3040390014648 35.3254051208496 35.328685760498 35.290340423584 35.2912254333496 35.2700958251953 35.1964912414551 35.2766532897949 35.3782424926758 35.4487380981445 35.4374008178711 35.3392219543457 35.2770004272461 35.2984733581543 35.3235206604004
34.4784202575684 34.5755920410156 34.5474891662598 34.5755424499512 34.557056427002 34.5676193237305 34.6054725646973 34.7333488464355 34.8108100891113 34.8144035339355 34.8265190124512 34.8624038696289 34.9386901855469 35.0216178894043 35.1058044433594 35.1390609741211 35.1508293151855 35.2123832702637 35.3037033081055 35.3696670532227 35.4028739929199 35.4241790771484 35.4397430419922 35.463508605957 35.4837913513184 35.4823837280273 35.4860610961914 35.4863433837891 35.4795989990234 35.4665641784668 35.4372177124023 35.4149208068848 35.3919486999512 35.3931083679199 35.4126167297363 35.3862609863281 35.3623237609863 35.354175567627 35.2465515136719 35.2758827209473 35.3155632019043 35.4058952331543 35.4215621948242 35.4334487915039 35.4315071105957 35.3894653320312 35.3870544433594
34.5326995849609 34.5553855895996 34.565242767334 34.5920486450195 34.6149368286133 34.6588973999023 34.7600975036621 34.8458824157715 34.8626518249512 34.8783950805664 34.9015464782715 34.9322052001953 35.0050048828125 35.102180480957 35.1842384338379 35.248462677002 35.3079872131348 35.3905410766602 35.4351692199707 35.4490013122559 35.476505279541 35.514575958252 35.5466728210449 35.57275390625 35.5725250244141 35.5672569274902 35.5531272888184 35.528621673584 35.4999694824219 35.4799270629883 35.4708251953125 35.4552001953125 35.4331474304199 35.4270439147949 35.439525604248 35.4672088623047 35.4404678344727 35.4117431640625 35.3107872009277 35.3021240234375 35.3309860229492 35.3464050292969 35.3985328674316 35.4152297973633 35.4407196044922 35.4772682189941 35.4783020019531
34.634765625 34.6652984619141 34.6939849853516 34.7521476745605 34.8200454711914 34.9215126037598 34.9526100158691 34.9424095153809 34.9512481689453 34.9732818603516 34.9949531555176 35.0391998291016 35.1224212646484 35.211540222168 35.3241081237793 35.3824615478516 35.4387321472168 35.4682579040527 35.5045127868652 35.5347518920898 35.5832176208496 35.6114501953125 35.6419219970703 35.6626663208008 35.6656265258789 35.6580619812012 35.6455535888672 35.621021270752 35.5945472717285 35.5578460693359 35.5337944030762 35.5166702270508 35.4888534545898 35.4508323669434 35.4376411437988 35.4774894714355 35.4826736450195 35.4739151000977 35.421558380127 35.3177452087402 35.3389511108398 35.3358459472656 35.3743057250977 35.4150238037109 35.4478874206543 35.4759750366211 35.5108489990234
34.8481254577637 34.9129905700684 34.9472999572754 35.0132598876953 35.053955078125 35.0580749511719 35.016471862793 35.0381698608398 35.0549049377441 35.0658569335938 35.0936012268066 35.1529846191406 35.2362670898438 35.3467864990234 35.4070014953613 35.4526329040527 35.4935073852539 35.5363998413086 35.5600852966309 35.5754890441895 35.6122245788574 35.6817893981934 35.7134246826172 35.7154960632324 35.683723449707 35.6603317260742 35.6423873901367 35.6456871032715 35.6542778015137 35.6488456726074 35.6142807006836 35.5634002685547 35.5568542480469 35.5262031555176 35.4701271057129 35.4603271484375 35.5020790100098 35.4856986999512 35.4866943359375 35.3936920166016 35.3389053344727 35.3358955383301 35.3725166320801 35.4080772399902 35.455940246582 35.5076637268066 35.532299041748
34.834831237793 34.9097595214844 34.9165458679199 34.9978942871094 35.0842819213867 35.0912322998047 35.0911026000977 35.1129951477051 35.1234245300293 35.1332626342773 35.1795082092285 35.2497787475586 35.344123840332 35.4075546264648 35.4735794067383 35.5173301696777 35.5564308166504 35.6157379150391 35.6023788452148 35.6333694458008 35.7097625732422 35.739429473877 35.7502937316895 35.7072715759277 35.6778831481934 35.6659660339355 35.676212310791 35.6704483032227 35.6681442260742 35.661979675293 35.6505432128906 35.6143226623535 35.5818824768066 35.5663375854492 35.532169342041 35.4822082519531 35.502685546875 35.5038604736328 35.5001907348633 35.4635238647461 35.3684310913086 35.329704284668 35.3902206420898 35.402099609375 35.4748268127441 35.5390930175781 35.5623435974121
34.8483619689941 34.93505859375 34.9438247680664 34.9880790710449 35.0866470336914 35.1142654418945 35.1331558227539 35.1507568359375 35.170238494873 35.2116546630859 35.2762603759766 35.3560638427734 35.4246559143066 35.4771690368652 35.5327529907227 35.551197052002 35.6153717041016 35.6298599243164 35.6429023742676 35.7082557678223 35.7463531494141 35.7682876586914 35.7416610717773 35.7177505493164 35.6855735778809 35.6910133361816 35.6823387145996 35.6833610534668 35.6827278137207 35.6717414855957 35.6587181091309 35.6305465698242 35.6279487609863 35.6022682189941 35.5586585998535 35.5279541015625 35.5066795349121 35.5188446044922 35.5067520141602 35.5010604858398 35.4366264343262 35.3620681762695 35.4225654602051 35.413932800293 35.4962501525879 35.5640869140625 35.6019630432129
34.9368667602539 35.0376586914062 35.0608444213867 35.07568359375 35.1303367614746 35.1469192504883 35.1777420043945 35.207405090332 35.250057220459 35.3019256591797 35.3771591186523 35.4222106933594 35.4847526550293 35.5288047790527 35.5847473144531 35.619930267334 35.6379890441895 35.6644668579102 35.715404510498 35.7625045776367 35.7688980102539 35.7593765258789 35.7281799316406 35.7179222106934 35.7023315429688 35.712516784668 35.7240295410156 35.7175903320312 35.6971702575684 35.6881790161133 35.6842918395996 35.6493148803711 35.6366691589355 35.6539764404297 35.5959930419922 35.5707626342773 35.5334587097168 35.5120086669922 35.5302085876465 35.4986267089844 35.4888725280762 35.4118576049805 35.4587936401367 35.4490127563477 35.5206527709961 35.5818901062012 35.6455955505371
34.9183921813965 35.0383605957031 35.1008453369141 35.1310157775879 35.1464462280273 35.1635360717773 35.2143173217773 35.2752265930176 35.3440780639648 35.4024124145508 35.4531021118164 35.4807510375977 35.5247573852539 35.5630798339844 35.64111328125 35.6641654968262 35.6631507873535 35.7099227905273 35.7715263366699 35.8035316467285 35.7763824462891 35.7310905456543 35.7349472045898 35.7296295166016 35.7371788024902 35.7407379150391 35.7492828369141 35.7321968078613 35.7262153625488 35.7301597595215 35.7324714660645 35.7087783813477 35.6514892578125 35.6533699035645 35.652027130127 35.5980453491211 35.5625534057617 35.5141792297363 35.5341911315918 35.5028686523438 35.4940872192383 35.4529457092285 35.4792175292969 35.501708984375 35.5511474609375 35.6191711425781 35.6755218505859
34.886402130127 35.0131645202637 35.065975189209 35.157543182373 35.1867218017578 35.1881256103516 35.2926406860352 35.3620300292969 35.4069976806641 35.4797325134277 35.5097885131836 35.5155372619629 35.5486297607422 35.6147918701172 35.7169189453125 35.6899337768555 35.6897506713867 35.7590484619141 35.8104972839355 35.8257255554199 35.7608032226562 35.7160758972168 35.7385063171387 35.7564125061035 35.7443504333496 35.752067565918 35.7478446960449 35.7383155822754 35.7356185913086 35.7461547851562 35.7494430541992 35.7235679626465 35.6805839538574 35.6594734191895 35.6678466796875 35.6137237548828 35.585880279541 35.5462341308594 35.5228004455566 35.5093574523926 35.5001068115234 35.470043182373 35.5071144104004 35.5605773925781 35.6077156066895 35.6833724975586 35.6895408630371
34.9080924987793 35.0375213623047 35.0615768432617 35.1516494750977 35.2454872131348 35.2960662841797 35.3953895568848 35.4480972290039 35.4907531738281 35.5458030700684 35.555419921875 35.5273895263672 35.5983963012695 35.7048301696777 35.7399139404297 35.7354698181152 35.7378158569336 35.7962875366211 35.8431358337402 35.8330879211426 35.7627334594727 35.7233657836914 35.7404556274414 35.7703895568848 35.7637786865234 35.7506713867188 35.7456283569336 35.7600746154785 35.7416458129883 35.7375946044922 35.7178153991699 35.7023010253906 35.6817245483398 35.6600685119629 35.656322479248 35.6234550476074 35.5970993041992 35.581428527832 35.5238609313965 35.5194702148438 35.511173248291 35.4835929870605 35.5465240478516 35.6141891479492 35.7027587890625 35.7320137023926 35.7187309265137
