Ecospace-environmental-drivers/Outputs/ASCII-for-ecospace/Sal-surf/Sal-surf_X2014.09.asc
NCOLS 131 
NROWS 53 
XLLCORNER -98 
YLLCORNER 23.9265270233154 
CELLSIZE 0.133587792515755 
NODATA_value -3.4e+38 
[rows 0 to 20 of 53, columns 47 to 93 of 131]
-3.4e+38 -3.4e+38 -3.4e+38 -3.4e+38 -3.4e+38 -3.4e+38 -3.4e+38 -3.4e+38 -3.4e+38 -3.4e+38 -3.4e+38 -3.4e+38 -3.4e+38 -3.4e+38 -3.4e+38 -3.4e+38 -3.4e+38 -3.4e+38 -3.4e+38 -3.4e+38 -3.4e+38 -3.4e+38 -3.4e+38 -3.4e+38 -3.4e+38 -3.4e+38 -3.4e+38 -3.4e+38 -3.4e+38 -3.4e+38 -3.4e+38 -3.4e+38 -3.4e+38 -3.4e+38 -3.4e+38 -3.4e+38 -3.4e+38 -3.4e+38 -3.4e+38 -3.4e+38 -3.4e+38 -3.4e+38 -3.4e+38 -3.4e+38 -3.4e+38 -3.4e+38 -3.4e+38
-3.4e+38 -3.4e+38 -3.4e+38 -3.4e+38 -3.4e+38 -3.4e+38 -3.4e+38 -3.4e+38 -3.4e+38 -3.4e+38 -3.4e+38 -3.4e+38 -3.4e+38 -3.4e+38 -3.4e+38 -3.4e+38 -3.4e+38 -3.4e+38 -3.4e+38 -3.4e+38 -3.4e+38 -3.4e+38 -3.4e+38 -3.4e+38 -3.4e+38 -3.4e+38 -3.4e+38 -3.4e+38 -3.4e+38 -3.4e+38 -3.4e+38 -3.4e+38 -3.4e+38 -3.4e+38 -3.4e+38 -3.4e+38 -3.4e+38 -3.4e+38 -3.4e+38 -3.4e+38 -3.4e+38 -3.4e+38 -3.4e+38 -3.4e+38 -3.4e+38 -3.4e+38 -3.4e+38
-3.4e+38 -3.4e+38 -3.4e+38 -3.4e+38 -3.4e+38 -3.4e+38 -3.4e+38 -3.4e+38 -3.4e+38 -3.4e+38 -3.4e+38 -3.4e+38 -3.4e+38 -3.4e+38 -3.4e+38 -3.4e+38 -3.4e+38 -3.4e+38 -3.4e+38 -3.4e+38 -3.4e+38 -3.4e+38 -3.4e+38 -3.4e+38 -3.4e+38 -3.4e+38 -3.4e+38 0.388244986534119 0.388244986534119 -3.4e+38 -3.4e+38 -3.4e+38 -3.4e+38 -3.4e+38 -3.4e+38 -3.4e+38 -3.4e+38 -3.4e+38 -3.4e+38 -3.4e+38 -3.4e+38 -3.4e+38 -3.4e+38 -3.4e+38 -3.4e+38 -3.4e+38 -3.4e+38
-3.4e+38 -3.4e+38 -3.4e+38 -3.4e+38 -3.4e+38 -3.4e+38 -3.4e+38 -3.4e+38 -3.4e+38 -3.4e+38 -3.4e+38 -3.4e+38 -3.4e+38 -3.4e+38 -3.4e+38 -3.4e+38 -3.4e+38 -3.4e+38 -3.4e+38 -3.4e+38 -3.4e+38 -3.4e+38 -3.4e+38 -3.4e+38 -3.4e+38 -3.4e+38 -3.4e+38 0.352037698030472 0.424452245235443 -3.4e+38 -3.4e+38 -3.4e+38 -3.4e+38 -3.4e+38 -3.4e+38 -3.4e+38 -3.4e+38 -3.4e+38 -3.4e+38 -3.4e+38 -3.4e+38 -3.4e+38 -3.4e+38 -3.4e+38 -3.4e+38 -3.4e+38 -3.4e+38
-3.4e+38 -3.4e+38 -3.4e+38 -3.4e+38 -3.4e+38 -3.4e+38 -3.4e+38 -3.4e+38 -3.4e+38 28.5203895568848 28.404993057251 28.404993057251 28.404993057251 -3.4e+38 -3.4e+38 -3.4e+38 -3.4e+38 -3.4e+38 26.9448890686035 27.2422523498535 27.73486328125 27.6351776123047 27.9828643798828 28.7746028900146 29.3274765014648 29.551197052002 9.36444568634033 1.57509827613831 2.40068054199219 3.19621229171753 -3.4e+38 -3.4e+38 31.0038604736328 23.1968326568604 9.25820732116699 6.71786212921143 34.0066184997559 33.9900016784668 34.0203819274902 34.2164268493652 34.3667869567871 34.2489700317383 -3.4e+38 -3.4e+38 -3.4e+38 -3.4e+38 -3.4e+38
-3.4e+38 -3.4e+38 -3.4e+38 -3.4e+38 -3.4e+38 -3.4e+38 -3.4e+38 -3.4e+38 28.6808929443359 28.6251640319824 28.3705101013184 28.404993057251 24.8827934265137 19.2905006408691 16.0633029937744 -3.4e+38 19.0893115997314 23.683765411377 26.1217670440674 27.7680130004883 27.8369789123535 27.5995960235596 27.468957901001 28.8800373077393 29.9748153686523 29.1275787353516 20.1172695159912 6.40306854248047 4.80849504470825 5.15122175216675 25.3880157470703 33.7094841003418 33.3168601989746 25.9852352142334 24.2270259857178 29.9689674377441 34.0198020935059 34.0229339599609 34.0610275268555 34.1348342895508 34.1885070800781 34.1916122436523 34.2355499267578 34.2486152648926 -3.4e+38 -3.4e+38 -3.4e+38
-3.4e+38 -3.4e+38 -3.4e+38 -3.4e+38 -3.4e+38 -3.4e+38 -3.4e+38 -3.4e+38 28.6681976318359 28.6808929443359 28.5694351196289 27.8267230987549 24.7193946838379 18.5800590515137 14.5720491409302 15.0377988815308 17.6058444976807 24.6242904663086 26.3831634521484 28.2155265808105 29.6045227050781 29.8377265930176 30.192289352417 30.560962677002 31.2716083526611 30.9643440246582 29.8831310272217 22.7504005432129 22.536901473999 20.4403400421143 33.816593170166 33.8224411010742 33.877025604248 34.0080795288086 34.1273345947266 34.1839866638184 34.1678276062012 34.174259185791 34.1971549987793 34.2516098022461 34.2840042114258 34.2697334289551 34.2406463623047 34.2402000427246 34.2649955749512 34.2457504272461 -3.4e+38
-3.4e+38 -3.4e+38 -3.4e+38 -3.4e+38 -3.4e+38 -3.4e+38 -3.4e+38 -3.4e+38 -3.4e+38 -3.4e+38 28.4308300018311 27.3362426757812 23.4732761383057 -3.4e+38 14.957465171814 15.4394760131836 19.0332641601562 25.4126472473145 26.9672775268555 29.6012287139893 30.2328815460205 31.0937080383301 31.4287014007568 32.1230239868164 32.5027122497559 33.0339241027832 33.1831474304199 33.2334671020508 33.6912155151367 33.947883605957 34.0074653625488 34.0566596984863 34.1356506347656 34.1404151916504 34.2004661560059 34.3140029907227 34.340259552002 34.356876373291 34.3744239807129 34.4072341918945 34.421459197998 34.3647003173828 34.264705657959 34.2632331848145 34.2690353393555 34.2032165527344 33.9857978820801
-3.4e+38 -3.4e+38 -3.4e+38 -3.4e+38 -3.4e+38 -3.4e+38 -3.4e+38 -3.4e+38 -3.4e+38 -3.4e+38 -3.4e+38 -3.4e+38 -3.4e+38 -3.4e+38 16.6786403656006 16.303243637085 19.7978897094727 27.6229820251465 30.0090293884277 30.2876472473145 31.0106220245361 31.7099590301514 32.4327583312988 32.8103294372559 33.0968856811523 33.4269371032715 33.7215805053711 33.8977279663086 33.9946670532227 34.0448608398438 34.0877723693848 34.1220512390137 34.1851921081543 34.2201614379883 34.20703125 34.1999168395996 34.2711601257324 34.4487838745117 34.5081634521484 34.5115737915039 34.613826751709 34.541374206543 34.345775604248 34.2685432434082 34.257453918457 34.0915069580078 33.6626663208008
7.21624088287354 -3.4e+38 -3.4e+38 -3.4e+38 -3.4e+38 -3.4e+38 -3.4e+38 -3.4e+38 -3.4e+38 -3.4e+38 27.911449432373 26.6132125854492 -3.4e+38 -3.4e+38 -3.4e+38 16.1238670349121 23.1820335388184 28.2632217407227 30.5244541168213 30.8908004760742 31.4803943634033 31.9245491027832 32.625560760498 33.1538238525391 33.5393295288086 33.7168579101562 33.8150978088379 33.9350166320801 33.9643325805664 34.0720138549805 34.1644096374512 34.1657447814941 34.1843452453613 34.0437774658203 33.9328079223633 33.9408264160156 34.1000328063965 34.398006439209 34.6749954223633 34.7596321105957 34.7823905944824 34.7907295227051 34.6021385192871 34.3976058959961 34.2992362976074 34.1546249389648 33.5551223754883
5.6814398765564 2.56070685386658 -3.4e+38 -3.4e+38 -3.4e+38 -3.4e+38 -3.4e+38 -3.4e+38 -3.4e+38 -3.4e+38 27.6368598937988 26.4392433166504 25.0983428955078 -3.4e+38 -3.4e+38 25.6715602874756 28.9268474578857 30.3173656463623 30.6439819335938 31.1668930053711 31.7055530548096 32.087100982666 32.7421188354492 33.1814842224121 33.5253791809082 33.7624130249023 33.8240203857422 33.8657722473145 33.8968925476074 34.0681266784668 34.1052932739258 34.1230506896973 34.0559730529785 33.9369812011719 33.826358795166 33.9445648193359 34.270580291748 34.4654579162598 34.6226043701172 34.8152313232422 34.9530334472656 34.9788665771484 34.8393363952637 34.4415473937988 34.3491973876953 34.1577301025391 33.3302536010742
1.85356163978577 0.147119015455246 0.0708559229969978 0.0254107899963856 -3.4e+38 -3.4e+38 -3.4e+38 -3.4e+38 -3.4e+38 -3.4e+38 -3.4e+38 27.4533348083496 27.5211620330811 27.5211620330811 27.9331207275391 28.3450794219971 29.2904491424561 30.4673843383789 30.8507041931152 31.2211132049561 31.723653793335 32.200008392334 32.785041809082 33.2401237487793 33.548999786377 33.9940338134766 34.168758392334 34.0060501098633 34.079776763916 34.1870040893555 34.1190338134766 34.0867004394531 34.0476264953613 34.0212783813477 34.1769943237305 34.5085678100586 34.7042999267578 34.8265762329102 34.8807334899902 34.9484710693359 34.9628486633301 34.959831237793 34.9476318359375 34.44677734375 34.2687225341797 34.1507377624512 33.5374488830566
0.268402487039566 0.0854830890893936 0.0365280769765377 0.0142935030162334 -3.4e+38 -3.4e+38 -3.4e+38 -3.4e+38 26.971363067627 27.7398128509521 27.9743633270264 27.8255596160889 27.3855094909668 27.5211620330811 26.9009952545166 27.8386745452881 30.1689720153809 30.2991352081299 30.4955959320068 31.0195865631104 31.8264541625977 32.3478317260742 32.7243270874023 33.0249252319336 33.6898880004883 34.1975975036621 34.486400604248 34.5008926391602 34.524471282959 34.6468505859375 34.725643157959 34.6520805358887 34.5173187255859 34.563060760498 34.6536521911621 34.537281036377 34.6595115661621 34.8427467346191 34.9327850341797 35.0414848327637 35.059455871582 35.0682907104492 35.0436058044434 34.6783676147461 34.3045310974121 34.2177124023438 34.189136505127
7.23986911773682 5.71575355529785 6.9649772644043 7.84474611282349 17.3743572235107 26.6902465820312 26.9702110290527 26.028995513916 27.3191947937012 27.565896987915 28.3343467712402 28.0228481292725 27.8639316558838 27.2498550415039 26.3157367706299 25.0731391906738 27.8945236206055 30.0271148681641 29.9990272521973 30.0008964538574 31.3570899963379 32.3938751220703 32.8867797851562 33.2981986999512 33.9668312072754 34.4974784851074 34.7451629638672 34.9015960693359 34.9459419250488 34.9244499206543 34.9250259399414 34.7405586242676 34.569652557373 34.4099769592285 34.3941955566406 34.4714317321777 34.5500068664551 34.6224327087402 34.8090744018555 34.9857215881348 35.0648994445801 35.1150016784668 35.1941108703613 35.0219192504883 34.5678939819336 34.4657363891602 34.5251235961914
24.0084228515625 24.2464332580566 23.9869155883789 25.6322574615479 26.4102821350098 26.9702110290527 27.7262477874756 27.6417369842529 26.028995513916 28.6093940734863 28.0592994689941 29.1249771118164 27.9863967895508 28.698314666748 29.0434799194336 27.2566757202148 24.5421047210693 22.5315246582031 23.2684879302979 28.975715637207 27.7352485656738 32.3933219909668 33.3985786437988 33.9650688171387 34.3408508300781 34.5159683227539 34.6438903808594 34.8037643432617 34.8793106079102 34.8960723876953 34.8393325805664 34.7275695800781 34.6161041259766 34.4674911499023 34.442024230957 34.5458717346191 34.556640625 34.6517219543457 34.8108825683594 34.8672294616699 34.9990768432617 35.0414428710938 35.1884613037109 35.1789779663086 35.0092506408691 34.6985359191895 34.5997123718262
29.3563327789307 29.5077247619629 29.6326332092285 29.2733783721924 28.78395652771 28.2903308868408 28.1998252868652 27.4446220397949 28.8935031890869 29.7497043609619 29.3201541900635 29.5633544921875 30.6956806182861 31.3604202270508 31.0484733581543 30.4283504486084 28.3005409240723 11.8298625946045 10.4905023574829 21.5562973022461 26.7194347381592 32.3614654541016 33.7309112548828 34.399299621582 34.3958892822266 34.3875923156738 34.5222816467285 34.6034088134766 34.6795082092285 34.7117576599121 34.733470916748 34.8020286560059 34.686653137207 34.595157623291 34.6559791564941 34.8299903869629 34.7645378112793 34.828182220459 34.8901748657227 34.9479866027832 35.0266609191895 35.0229034423828 35.1066131591797 35.1919784545898 35.1226806640625 34.8929824829102 34.7179412841797
31.4356079101562 31.1643733978271 30.9158172607422 30.5355415344238 30.3521919250488 30.2577667236328 30.2969665527344 30.8379001617432 31.2489910125732 31.2782402038574 31.2676792144775 31.8958435058594 32.9599723815918 32.7536888122559 31.7648239135742 31.1163311004639 30.5548992156982 21.2187118530273 24.532901763916 28.5646514892578 31.6807308197021 33.0583572387695 33.9165916442871 34.2044639587402 34.2032508850098 34.2507820129395 34.3342056274414 34.5024261474609 34.6132698059082 34.6574745178223 34.6413078308105 34.7563934326172 34.791675567627 34.8441467285156 34.9124908447266 35.0030212402344 34.8525543212891 34.9094467163086 34.9486389160156 35.1090240478516 35.2070922851562 35.1526107788086 35.0908317565918 35.1600532531738 35.221435546875 35.0538673400879 34.8454742431641
32.7758903503418 32.3846473693848 32.0422058105469 31.6505813598633 31.4443321228027 31.5070171356201 31.8311100006104 32.2643508911133 32.463809967041 32.5028114318848 32.7847175598145 33.610725402832 34.6225891113281 34.8011932373047 33.9688606262207 32.9980163574219 32.3368492126465 32.1632347106934 33.2372207641602 33.2250442504883 33.6698379516602 34.3423042297363 34.7030868530273 34.5607452392578 34.6824722290039 34.8516464233398 34.8787040710449 35.1203422546387 35.1394996643066 35.1220550537109 34.8782730102539 34.8835182189941 35.1052360534668 35.2484436035156 35.2977561950684 35.1649208068848 34.9451637268066 34.8748512268066 34.8970413208008 35.1515502929688 35.3566017150879 35.3675727844238 35.2294578552246 35.1323051452637 35.2225036621094 35.1803207397461 35.008373260498
34.104850769043 33.6185264587402 33.1611328125 32.8140525817871 32.6736106872559 32.7319946289062 32.976016998291 33.1239318847656 33.3697357177734 33.4766654968262 34.030891418457 34.6944160461426 35.0788459777832 35.2774696350098 34.9732856750488 34.4720611572266 34.2667808532715 34.5284614562988 34.7402954101562 34.6917953491211 34.7941970825195 35.0689239501953 35.1553802490234 34.9664421081543 35.2663536071777 35.397388458252 35.5314445495605 35.5653114318848 35.570972442627 35.6244888305664 35.6411933898926 35.6193809509277 35.6059036254883 35.5816535949707 35.5120506286621 35.4509735107422 35.263843536377 35.0500755310059 34.936466217041 34.9557952880859 35.1863327026367 35.3442687988281 35.3390960693359 35.2991218566895 35.2708930969238 35.280387878418 35.1933784484863
34.9287719726562 34.6372451782227 34.2957420349121 33.9622650146484 33.8030014038086 33.7104949951172 33.7087440490723 33.7827453613281 33.9493751525879 33.9637298583984 34.4028701782227 34.8343276977539 35.1039237976074 35.2963523864746 35.3339576721191 35.1484451293945 35.0063514709473 35.1246566772461 35.3104362487793 35.3097877502441 35.2580375671387 35.2311172485352 35.1913375854492 35.2049446105957 35.4490165710449 35.5510101318359 35.6300086975098 35.6897468566895 35.7452049255371 35.7255973815918 35.7094841003418 35.7802810668945 35.8688621520996 35.8457870483398 35.715274810791 35.6046409606934 35.5101547241211 35.4312896728516 35.289722442627 35.1504058837891 35.1604080200195 35.183464050293 35.2672233581543 35.3268737792969 35.3347320556641 35.3386535644531 35.3240661621094
35.5349464416504 35.3977088928223 35.1904602050781 34.9627380371094 34.7202949523926 34.4821014404297 34.3258438110352 34.2210693359375 34.0636940002441 34.085391998291 34.5327339172363 34.6697959899902 35.1143112182617 35.573974609375 35.6143035888672 35.5466384887695 35.5476570129395 35.6023902893066 35.6254005432129 35.7033424377441 35.7325325012207 35.6504058837891 35.5673408508301 35.5857849121094 35.591251373291 35.6102256774902 35.7192230224609 35.766242980957 35.8332633972168 35.8237571716309 35.7671203613281 35.7420387268066 35.8179397583008 35.9028778076172 35.8754615783691 35.7861938476562 35.7029800415039 35.591609954834 35.4777450561523 35.4190979003906 35.4214477539062 35.3880424499512 35.3688545227051 35.374683380127 35.361988067627 35.3769264221191 35.3670806884766
