Ecospace-environmental-drivers/Outputs/ASCII-for-ecospace/Sal-surf/Sal-surf_X2018.09.asc
NCOLS 131 
NROWS 53 
XLLCORNER -98 
YLLCORNER 23.9265270233154 
CELLSIZE 0.133587792515755 
NODATA_value -3.4e+38 
[rows 0 to 20 of 53, columns 47 to 93 of 131]
-3.4e+38 -3.4e+38 -3.4e+38 -3.4e+38 -3.4e+38 -3.4e+38 -3.4e+38 -3.4e+38 -3.4e+38 -3.4e+38 -3.4e+38 -3.4e+38 -3.4e+38 -3.4e+38 -3.4e+38 -3.4e+38 -3.4e+38 -3.4e+38 -3.4e+38 -3.4e+38 -3.4e+38 -3.4e+38 -3.4e+38 -3.4e+38 -3.4e+38 -3.4e+38 -3.4e+38 -3.4e+38 -3.4e+38 -3.4e+38 -3.4e+38 -3.4e+38 -3.4e+38 -3.4e+38 -3.4e+38 -3.4e+38 -3.4e+38 -3.4e+38 -3.4e+38 -3.4e+38 -3.4e+38 -3.4e+38 -3.4e+38 -3.4e+38 -3.4e+38 -3.4e+38 -3.4e+38
-3.4e+38 -3.4e+38 -3.4e+38 -3.4e+38 -3.4e+38 -3.4e+38 -3.4e+38 -3.4e+38 -3.4e+38 -3.4e+38 -3.4e+38 -3.4e+38 -3.4e+38 -3.4e+38 -3.4e+38 -3.4e+38 -3.4e+38 -3.4e+38 -3.4e+38 -3.4e+38 -3.4e+38 -3.4e+38 -3.4e+38 -3.4e+38 -3.4e+38 -3.4e+38 -3.4e+38 -3.4e+38 -3.4e+38 -3.4e+38 -3.4e+38 -3.4e+38 -3.4e+38 -3.4e+38 -3.4e+38 -3.4e+38 -3.4e+38 -3.4e+38 -3.4e+38 -3.4e+38 -3.4e+38 -3.4e+38 -3.4e+38 -3.4e+38 -3.4e+38 -3.4e+38 -3.4e+38
-3.4e+38 -3.4e+38 -3.4e+38 -3.4e+38 -3.4e+38 -3.4e+38 -3.4e+38 -3.4e+38 -3.4e+38 -3.4e+38 -3.4e+38 -3.4e+38 -3.4e+38 -3.4e+38 -3.4e+38 -3.4e+38 -3.4e+38 -3.4e+38 -3.4e+38 -3.4e+38 -3.4e+38 -3.4e+38 -3.4e+38 -3.4e+38 -3.4e+38 -3.4e+38 -3.4e+38 9.32874011993408 9.78683280944824 -3.4e+38 -3.4e+38 -3.4e+38 -3.4e+38 -3.4e+38 -3.4e+38 -3.4e+38 -3.4e+38 -3.4e+38 -3.4e+38 -3.4e+38 -3.4e+38 -3.4e+38 -3.4e+38 -3.4e+38 -3.4e+38 -3.4e+38 -3.4e+38
-3.4e+38 -3.4e+38 -3.4e+38 -3.4e+38 -3.4e+38 -3.4e+38 -3.4e+38 -3.4e+38 -3.4e+38 -3.4e+38 -3.4e+38 -3.4e+38 -3.4e+38 -3.4e+38 -3.4e+38 -3.4e+38 -3.4e+38 -3.4e+38 -3.4e+38 -3.4e+38 -3.4e+38 -3.4e+38 -3.4e+38 -3.4e+38 -3.4e+38 -3.4e+38 -3.4e+38 19.5729465484619 22.2508716583252 -3.4e+38 -3.4e+38 -3.4e+38 -3.4e+38 -3.4e+38 -3.4e+38 -3.4e+38 -3.4e+38 -3.4e+38 -3.4e+38 -3.4e+38 -3.4e+38 -3.4e+38 -3.4e+38 -3.4e+38 -3.4e+38 -3.4e+38 -3.4e+38
-3.4e+38 -3.4e+38 -3.4e+38 -3.4e+38 -3.4e+38 -3.4e+38 -3.4e+38 -3.4e+38 -3.4e+38 21.2504138946533 21.2504138946533 21.2077789306641 19.8442115783691 -3.4e+38 -3.4e+38 -3.4e+38 -3.4e+38 -3.4e+38 30.2298755645752 26.7443370819092 28.6057300567627 31.3061027526855 30.9654026031494 31.0607433319092 34.3983039855957 34.5309715270996 34.432674407959 31.4192676544189 34.5700035095215 35.5795440673828 -3.4e+38 -3.4e+38 35.0197944641113 34.8034057617188 34.1353302001953 35.314868927002 35.4146194458008 35.4700965881348 35.486198425293 35.4499778747559 35.4008255004883 35.3169097900391 -3.4e+38 -3.4e+38 -3.4e+38 -3.4e+38 -3.4e+38
-3.4e+38 -3.4e+38 -3.4e+38 -3.4e+38 -3.4e+38 -3.4e+38 -3.4e+38 -3.4e+38 21.2504138946533 21.2504138946533 21.2504138946533 21.2504138946533 21.1651439666748 19.8208198547363 17.1404724121094 -3.4e+38 26.1533432006836 32.1015853881836 32.765682220459 29.3078956604004 29.1984825134277 32.6639060974121 32.7112846374512 33.4865112304688 34.6815567016602 34.8260917663574 34.8261642456055 34.7330780029297 34.972354888916 35.3790664672852 34.902473449707 34.9660682678223 35.0475883483887 35.045726776123 34.9849815368652 35.2427139282227 35.2966651916504 35.3192825317383 35.3698616027832 35.3631973266602 35.338134765625 35.2990188598633 35.229663848877 35.1477241516113 -3.4e+38 -3.4e+38 -3.4e+38
-3.4e+38 -3.4e+38 -3.4e+38 -3.4e+38 -3.4e+38 -3.4e+38 -3.4e+38 -3.4e+38 21.4112644195557 21.2504138946533 21.2504138946533 21.2504138946533 21.2504138946533 21.0798740386963 19.8125152587891 17.1404724121094 22.3370952606201 33.0342178344727 35.5532569885254 33.5820808410645 31.6696186065674 32.6957244873047 33.5436973571777 34.3398551940918 34.7661628723145 34.8946151733398 35.0088195800781 35.0410957336426 35.058910369873 35.031078338623 35.0254554748535 35.0522537231445 35.0989456176758 35.1307563781738 35.1501541137695 35.1722755432129 35.1971893310547 35.2108917236328 35.2557754516602 35.2783622741699 35.250114440918 35.2105102539062 35.1718406677246 35.0300331115723 34.7843437194824 34.4293518066406 -3.4e+38
-3.4e+38 -3.4e+38 -3.4e+38 -3.4e+38 -3.4e+38 -3.4e+38 -3.4e+38 -3.4e+38 -3.4e+38 -3.4e+38 21.2504138946533 21.2504138946533 21.2504138946533 -3.4e+38 20.9093341827393 19.9498405456543 26.9766616821289 36.1839981079102 34.4314460754395 33.1443672180176 33.1670722961426 33.4673500061035 33.7945747375488 34.014720916748 34.3221015930176 34.7085304260254 34.9280166625977 35.045726776123 35.0974311828613 35.0899047851562 35.0436553955078 35.0403938293457 35.0835304260254 35.1178131103516 35.1065864562988 35.0554542541504 35.0637092590332 35.1697044372559 35.3266563415527 35.4209671020508 35.3956031799316 35.2844047546387 35.1801452636719 35.1472816467285 34.9235076904297 34.3904151916504 33.6191329956055
-3.4e+38 -3.4e+38 -3.4e+38 -3.4e+38 -3.4e+38 -3.4e+38 -3.4e+38 -3.4e+38 -3.4e+38 -3.4e+38 -3.4e+38 -3.4e+38 -3.4e+38 -3.4e+38 20.8777446746826 20.4931640625 30.2534008026123 36.3752593994141 33.6527519226074 32.869441986084 33.156982421875 33.4048652648926 33.7341651916504 34.099193572998 34.4410514831543 34.7085952758789 34.9129219055176 35.0141906738281 35.0345649719238 35.0234642028809 35.0188293457031 35.0455551147461 35.0940780639648 35.0953369140625 35.0360107421875 35.0301361083984 35.1578559875488 35.3020210266113 35.3578567504883 35.3925437927246 35.4154205322266 35.3942680358887 35.2525367736816 35.1987380981445 35.1508750915527 34.7868995666504 33.531307220459
22.5234851837158 -3.4e+38 -3.4e+38 -3.4e+38 -3.4e+38 -3.4e+38 -3.4e+38 -3.4e+38 -3.4e+38 -3.4e+38 28.8787631988525 25.5933799743652 -3.4e+38 -3.4e+38 -3.4e+38 30.4624900817871 36.7120628356934 35.082820892334 32.9052963256836 32.5473403930664 32.7881889343262 33.1191291809082 33.5360145568848 34.1056327819824 34.6299896240234 34.8241271972656 34.9509124755859 35.0212097167969 35.0527572631836 35.0609436035156 35.0443916320801 35.0756950378418 35.1394271850586 35.1139030456543 35.0996971130371 35.1193695068359 35.159252166748 35.1926383972168 35.264533996582 35.3701667785645 35.4186363220215 35.3814697265625 35.2763481140137 35.2300262451172 35.2865753173828 35.3420867919922 34.5535621643066
16.1731815338135 10.5331258773804 -3.4e+38 -3.4e+38 -3.4e+38 -3.4e+38 -3.4e+38 -3.4e+38 -3.4e+38 -3.4e+38 32.8107109069824 30.887134552002 29.9363441467285 -3.4e+38 -3.4e+38 37.7972946166992 36.432186126709 33.2364044189453 32.1211738586426 32.0219993591309 32.2074165344238 32.891716003418 33.4970245361328 34.0873680114746 34.7049789428711 34.8642730712891 34.9190940856934 34.9706687927246 35.0285263061523 35.0858688354492 35.0847587585449 35.1193885803223 35.1043663024902 35.0004043579102 34.9494590759277 34.936824798584 34.9483375549316 35.0040817260742 35.1158905029297 35.2989959716797 35.4047584533691 35.4412231445312 35.3647422790527 35.2728996276855 35.2910995483398 35.3298110961914 35.4060440063477
21.7851791381836 11.3308811187744 2.92052268981934 16.7618827819824 -3.4e+38 -3.4e+38 -3.4e+38 -3.4e+38 -3.4e+38 -3.4e+38 -3.4e+38 31.3942108154297 29.0001544952393 29.9363441467285 29.8046417236328 33.5794143676758 35.3020401000977 32.469425201416 31.5056457519531 31.2295341491699 32.1879463195801 32.9954795837402 33.7679405212402 34.5377082824707 34.8529014587402 34.9508438110352 34.9956016540527 35.0364570617676 35.0592422485352 35.0731391906738 35.0722885131836 35.0703620910645 34.9699783325195 34.9157333374023 34.9369430541992 34.9245414733887 34.9010124206543 34.907958984375 34.9555549621582 35.0962829589844 35.2862396240234 35.4276695251465 35.4636306762695 35.3714027404785 35.3095550537109 35.2671279907227 35.284854888916
31.6158218383789 30.1403942108154 26.7112464904785 20.653881072998 -3.4e+38 -3.4e+38 -3.4e+38 -3.4e+38 35.0246467590332 34.0125503540039 32.4230995178223 31.1775074005127 30.3653240203857 26.6987934112549 24.7861309051514 26.6728038787842 27.3997497558594 32.1104316711426 30.9978618621826 30.4234561920166 32.225269317627 33.4068069458008 34.3486633300781 34.8545532226562 35.0154037475586 35.0299224853516 35.0393257141113 35.0822296142578 35.1215400695801 35.1114158630371 35.1001930236816 35.0521469116211 34.9443969726562 34.9526596069336 34.9913711547852 34.9107475280762 34.841007232666 34.8338737487793 34.8266716003418 34.9452056884766 35.1295928955078 35.2701187133789 35.4837875366211 35.5721588134766 35.4535751342773 35.3228187561035 35.2669868469238
33.097900390625 33.0856971740723 33.4575119018555 34.0051918029785 34.3703231811523 34.3913841247559 33.6965217590332 33.2788696289062 32.7462310791016 30.8249244689941 30.5706310272217 33.9173355102539 28.6111488342285 26.8509941101074 27.3188762664795 25.2237682342529 20.7332000732422 18.5596370697021 21.9957256317139 26.5085182189941 30.6446495056152 34.1503562927246 34.8155059814453 35.0600776672363 35.0704612731934 35.0400428771973 35.0042037963867 35.0435752868652 35.091178894043 35.1081619262695 35.1007118225098 35.0337181091309 34.9918174743652 35.003532409668 34.9821243286133 34.9364776611328 34.9442405700684 34.9198150634766 34.890438079834 35.0177993774414 35.1375579833984 35.1942977905273 35.3241653442383 35.5833930969238 35.6596412658691 35.521800994873 35.3957595825195
33.2740859985352 33.1308746337891 33.0058975219727 32.9154243469238 32.8681526184082 32.4266357421875 31.7048244476318 31.0790061950684 30.4422454833984 29.8856754302979 29.2784938812256 28.8247776031494 28.9503993988037 30.663911819458 31.6644515991211 31.0055961608887 28.2638683319092 11.5785808563232 13.0441341400146 17.255973815918 30.9682807922363 34.6378593444824 35.0586738586426 35.0477066040039 35.0114822387695 34.9807586669922 34.9188995361328 34.9084701538086 34.9462966918945 34.9815063476562 35.006404876709 34.9738006591797 34.9318695068359 35.0134887695312 35.0823211669922 35.0383949279785 34.990909576416 34.9459953308105 34.9937705993652 35.160514831543 35.2828254699707 35.2962799072266 35.2829666137695 35.3931770324707 35.6512451171875 35.643482208252 35.4929466247559
33.4424667358398 33.269344329834 33.0852432250977 32.851692199707 32.5636711120605 32.138053894043 31.6577434539795 31.2815361022949 30.9960536956787 30.8956756591797 30.8251056671143 30.427339553833 30.9678573608398 32.2261123657227 32.1204414367676 31.8876953125 30.5702590942383 23.4440231323242 27.8848686218262 31.4788913726807 34.3787040710449 34.9965362548828 34.9947929382324 34.9672889709473 34.9979019165039 35.0477905273438 35.0448036193848 34.9659996032715 34.9633979797363 34.9743957519531 34.9695587158203 35.0315399169922 35.1464920043945 35.1601943969727 35.0848960876465 35.0579566955566 35.0848922729492 35.1511764526367 35.3048667907715 35.4292945861816 35.475269317627 35.4749488830566 35.4089469909668 35.3846969604492 35.4931983947754 35.7019119262695 35.6546897888184
33.8632850646973 33.5897521972656 33.2994575500488 33.0762138366699 32.8284492492676 32.5400085449219 32.2831115722656 32.0630302429199 31.9535427093506 31.9533309936523 31.7780418395996 31.6092681884766 32.448055267334 32.5031509399414 32.2183036804199 32.3382911682129 32.3150901794434 32.3542594909668 33.5781631469727 34.6694564819336 34.9778861999512 34.9736824035645 34.9652709960938 34.9622955322266 34.9947738647461 35.0962562561035 35.1573371887207 35.0908355712891 34.9773559570312 34.9137382507324 34.972240447998 35.170108795166 35.1525955200195 35.1094512939453 35.0786781311035 35.1314964294434 35.1985015869141 35.3573532104492 35.5176239013672 35.6449661254883 35.6744537353516 35.6923027038574 35.6343765258789 35.5227890014648 35.4596138000488 35.6744422912598 35.8016090393066
34.1318321228027 33.9753952026367 33.7049980163574 33.4047660827637 33.1525382995605 32.9666557312012 32.7861061096191 32.6220664978027 32.6137847900391 32.8018836975098 32.8555717468262 33.0418128967285 32.9393920898438 32.8108901977539 32.8579750061035 33.1185646057129 33.5355796813965 34.3214988708496 34.8216667175293 34.931755065918 34.9787178039551 35.011402130127 35.015510559082 34.9850616455078 35.0493431091309 35.1069297790527 35.1112899780273 35.1246452331543 35.0017509460449 34.9145812988281 34.9548835754395 35.071704864502 35.0498657226562 35.0149002075195 35.114631652832 35.1154632568359 35.1510162353516 35.4534454345703 35.6176490783691 35.718864440918 35.750114440918 35.7676277160645 35.7744216918945 35.6829071044922 35.5634346008301 35.6329650878906 35.7978973388672
34.4033317565918 34.2782783508301 34.1313896179199 33.8852920532227 33.6676635742188 33.5018730163574 33.3595085144043 33.3205299377441 33.3482437133789 33.3714714050293 33.3914337158203 33.3753280639648 33.326042175293 33.3942337036133 33.7410316467285 34.1893043518066 34.5966606140137 34.8470802307129 34.8518600463867 34.8277473449707 34.8717231750488 34.9413642883301 34.943546295166 34.9691772460938 35.0638542175293 35.1852912902832 35.1470527648926 35.1136093139648 35.0114860534668 34.8560256958008 34.742862701416 34.8164215087891 34.8737487792969 35.0013885498047 35.0793075561523 34.9954223632812 35.1693382263184 35.4629898071289 35.6576805114746 35.742488861084 35.7623443603516 35.7990112304688 35.8194351196289 35.7756652832031 35.6630783081055 35.6704483032227 35.811149597168
34.4255142211914 34.4612693786621 34.5379943847656 34.5338821411133 34.4799118041992 34.3249588012695 34.1745109558105 34.0143508911133 33.872974395752 33.7491836547852 33.6317596435547 33.6262550354004 33.7100372314453 33.9996910095215 34.5790519714355 34.798942565918 34.8139610290527 34.7934722900391 34.8165321350098 34.8281593322754 34.9443778991699 35.1495132446289 35.064022064209 35.0647583007812 35.17431640625 35.2917098999023 35.3158912658691 35.1715393066406 34.9761390686035 34.8022613525391 34.7447090148926 34.7307548522949 34.8471031188965 34.9790954589844 34.9237251281738 34.9284591674805 35.1276893615723 35.4340744018555 35.6434516906738 35.7448806762695 35.7878379821777 35.8004875183105 35.8071823120117 35.7882652282715 35.7072982788086 35.7071342468262 35.8667068481445
34.1158409118652 34.043514251709 34.0742416381836 34.2729415893555 34.4104804992676 34.4368133544922 34.3706893920898 34.2813987731934 34.166015625 34.0775375366211 34.0506286621094 34.0708618164062 34.2377662658691 34.6001968383789 34.7608413696289 34.7989692687988 34.8630180358887 34.9406585693359 35.0065422058105 35.0702781677246 35.1909217834473 35.2557525634766 35.1200752258301 35.0014877319336 35.1805419921875 35.3295440673828 35.4205360412598 35.2186317443848 35.0697555541992 35.0024261474609 34.9685211181641 34.9326286315918 35.01708984375 34.9741325378418 34.8143577575684 34.7131195068359 34.9687881469727 35.3199310302734 35.5765724182129 35.6973457336426 35.7668685913086 35.7903366088867 35.794361114502 35.7860107421875 35.7303428649902 35.7169494628906 35.9090194702148
