Ecospace-environmental-drivers/Outputs/ASCII-for-ecospace/Sal-surf/Sal-surf_X2010.01.asc
NCOLS 131 
NROWS 53 
XLLCORNER -98 
YLLCORNER 23.9265270233154 
CELLSIZE 0.133587792515755 
NODATA_value -3.4e+38 
[rows 0 to 20 of 53, columns 47 to 93 of 131]
-3.4e+38 -3.4e+38 -3.4e+38 -3.4e+38 -3.4e+38 -3.4e+38 -3.4e+38 -3.4e+38 -3.4e+38 -3.4e+38 -3.4e+38 -3.4e+38 -3.4e+38 -3.4e+38 -3.4e+38 -3.4e+38 -3.4e+38 -3.4e+38 -3.4e+38 -3.4e+38 -3.4e+38 -3.4e+38 -3.4e+38 -3.4e+38 -3.4e+38 -3.4e+38 -3.4e+38 -3.4e+38 -3.4e+38 -3.4e+38 -3.4e+38 -3.4e+38 -3.4e+38 -3.4e+38 -3.4e+38 -3.4e+38 -3.4e+38 -3.4e+38 -3.4e+38 -3.4e+38 -3.4e+38 -3.4e+38 -3.4e+38 -3.4e+38 -3.4e+38 -3.4e+38 -3.4e+38
-3.4e+38 -3.4e+38 -3.4e+38 -3.4e+38 -3.4e+38 -3.4e+38 -3.4e+38 -3.4e+38 -3.4e+38 -3.4e+38 -3.4e+38 -3.4e+38 -3.4e+38 -3.4e+38 -3.4e+38 -3.4e+38 -3.4e+38 -3.4e+38 -3.4e+38 -3.4e+38 -3.4e+38 -3.4e+38 -3.4e+38 -3.4e+38 -3.4e+38 -3.4e+38 -3.4e+38 -3.4e+38 -3.4e+38 -3.4e+38 -3.4e+38 -3.4e+38 -3.4e+38 -3.4e+38 -3.4e+38 -3.4e+38 -3.4e+38 -3.4e+38 -3.4e+38 -3.4e+38 -3.4e+38 -3.4e+38 -3.4e+38 -3.4e+38 -3.4e+38 -3.4e+38 -3.4e+38
-3.4e+38 -3.4e+38 -3.4e+38 -3.4e+38 -3.4e+38 -3.4e+38 -3.4e+38 -3.4e+38 -3.4e+38 -3.4e+38 -3.4e+38 -3.4e+38 -3.4e+38 -3.4e+38 -3.4e+38 -3.4e+38 -3.4e+38 -3.4e+38 -3.4e+38 -3.4e+38 -3.4e+38 -3.4e+38 -3.4e+38 -3.4e+38 -3.4e+38 -3.4e+38 -3.4e+38 1.14425468444824 1.1259491443634 -3.4e+38 -3.4e+38 -3.4e+38 -3.4e+38 -3.4e+38 -3.4e+38 -3.4e+38 -3.4e+38 -3.4e+38 -3.4e+38 -3.4e+38 -3.4e+38 -3.4e+38 -3.4e+38 -3.4e+38 -3.4e+38 -3.4e+38 -3.4e+38
-3.4e+38 -3.4e+38 -3.4e+38 -3.4e+38 -3.4e+38 -3.4e+38 -3.4e+38 -3.4e+38 -3.4e+38 -3.4e+38 -3.4e+38 -3.4e+38 -3.4e+38 -3.4e+38 -3.4e+38 -3.4e+38 -3.4e+38 -3.4e+38 -3.4e+38 -3.4e+38 -3.4e+38 -3.4e+38 -3.4e+38 -3.4e+38 -3.4e+38 -3.4e+38 -3.4e+38 8.80741214752197 9.27209186553955 -3.4e+38 -3.4e+38 -3.4e+38 -3.4e+38 -3.4e+38 -3.4e+38 -3.4e+38 -3.4e+38 -3.4e+38 -3.4e+38 -3.4e+38 -3.4e+38 -3.4e+38 -3.4e+38 -3.4e+38 -3.4e+38 -3.4e+38 -3.4e+38
-3.4e+38 -3.4e+38 -3.4e+38 -3.4e+38 -3.4e+38 -3.4e+38 -3.4e+38 -3.4e+38 -3.4e+38 14.8259420394897 14.8259420394897 14.827543258667 14.4342155456543 -3.4e+38 -3.4e+38 -3.4e+38 -3.4e+38 -3.4e+38 28.6293029785156 29.2122974395752 26.8743762969971 23.0868434906006 15.8660116195679 12.4915018081665 24.2368183135986 30.3894100189209 31.3063259124756 23.5585231781006 25.9896240234375 29.6931056976318 -3.4e+38 -3.4e+38 33.9910049438477 33.1982269287109 31.104434967041 33.7754020690918 34.2174530029297 34.3618621826172 34.4955139160156 34.6419677734375 34.7375869750977 34.869873046875 -3.4e+38 -3.4e+38 -3.4e+38 -3.4e+38 -3.4e+38
-3.4e+38 -3.4e+38 -3.4e+38 -3.4e+38 -3.4e+38 -3.4e+38 -3.4e+38 -3.4e+38 14.8259420394897 14.8259420394897 14.8259420394897 14.8259420394897 14.8291435241699 14.456841468811 13.6249361038208 -3.4e+38 19.7948837280273 25.7486667633057 28.4275131225586 31.1287364959717 31.9155826568604 30.0913410186768 22.3234996795654 21.9361019134521 27.2585830688477 31.5364799499512 32.4537467956543 32.4209251403809 31.9355010986328 30.2137012481689 34.1122207641602 34.1073303222656 33.9628257751465 33.9028625488281 33.8227806091309 34.5297317504883 34.805419921875 34.8896713256836 34.9050598144531 34.9173469543457 34.9441680908203 34.9181709289551 34.8795623779297 34.8699340820312 -3.4e+38 -3.4e+38 -3.4e+38
-3.4e+38 -3.4e+38 -3.4e+38 -3.4e+38 -3.4e+38 -3.4e+38 -3.4e+38 -3.4e+38 15.0643663406372 14.8259420394897 14.8259420394897 14.8259420394897 14.8259420394897 14.8323450088501 14.5441427230835 13.6249361038208 14.9455766677856 24.8603534698486 30.3665161132812 32.9349899291992 33.7488632202148 33.9119720458984 33.990795135498 33.8521995544434 33.7664070129395 34.0154304504395 34.1165428161621 33.9960327148438 33.9728164672852 34.087345123291 34.2610359191895 34.4352073669434 34.5505256652832 34.7068405151367 35.0095443725586 35.3451271057129 35.555362701416 35.5772666931152 35.5144691467285 35.4566841125488 35.4327125549316 35.376148223877 35.2252349853516 35.0183219909668 34.8262100219727 34.7510643005371 -3.4e+38
-3.4e+38 -3.4e+38 -3.4e+38 -3.4e+38 -3.4e+38 -3.4e+38 -3.4e+38 -3.4e+38 -3.4e+38 -3.4e+38 14.8259420394897 14.8259420394897 14.8259420394897 -3.4e+38 14.8387479782104 14.8869457244873 16.1641998291016 22.5095024108887 29.4317493438721 32.3577995300293 33.5659217834473 34.0538558959961 34.508861541748 34.7032432556152 34.6951789855957 34.6703071594238 34.6148376464844 34.5165176391602 34.4320373535156 34.485897064209 34.5582885742188 34.6979103088379 34.8537139892578 35.0588150024414 35.3934707641602 35.7022705078125 35.8253021240234 35.8376197814941 35.797119140625 35.7333717346191 35.6792755126953 35.6346282958984 35.5200538635254 35.3627128601074 35.0782508850098 34.7032699584961 34.3965263366699
-3.4e+38 -3.4e+38 -3.4e+38 -3.4e+38 -3.4e+38 -3.4e+38 -3.4e+38 -3.4e+38 -3.4e+38 -3.4e+38 -3.4e+38 -3.4e+38 -3.4e+38 -3.4e+38 14.8602304458618 15.2150592803955 20.0013465881348 21.3136329650879 26.6331768035889 31.1775588989258 33.086540222168 33.7437858581543 34.237434387207 34.5634727478027 34.6960983276367 34.7458267211914 34.7504272460938 34.6893653869629 34.6188163757324 34.6046714782715 34.6706390380859 34.8655891418457 35.1326484680176 35.4597396850586 35.7500381469727 35.8335876464844 35.8746795654297 35.9060707092285 35.8984375 35.8602180480957 35.8105239868164 35.7342987060547 35.6497650146484 35.5380439758301 35.3960762023926 35.0528106689453 34.4294242858887
24.5279712677002 -3.4e+38 -3.4e+38 -3.4e+38 -3.4e+38 -3.4e+38 -3.4e+38 -3.4e+38 -3.4e+38 -3.4e+38 24.3857727050781 21.2633895874023 -3.4e+38 -3.4e+38 -3.4e+38 21.4716033935547 24.9231853485107 24.9968967437744 28.1283855438232 31.5562343597412 32.9546699523926 33.6636085510254 34.0975914001465 34.4274253845215 34.5011672973633 34.6336517333984 34.701343536377 34.6933708190918 34.6845474243164 34.7077598571777 34.8326721191406 35.0766677856445 35.4804458618164 35.7134628295898 35.7948875427246 35.7844276428223 35.8180999755859 35.8638687133789 35.8793640136719 35.8598136901855 35.8054161071777 35.7438735961914 35.6667289733887 35.5995750427246 35.5060920715332 35.2889709472656 34.61181640625
22.9208393096924 17.9749965667725 -3.4e+38 -3.4e+38 -3.4e+38 -3.4e+38 -3.4e+38 -3.4e+38 -3.4e+38 -3.4e+38 28.7010059356689 28.4885063171387 27.7008361816406 -3.4e+38 -3.4e+38 26.2718276977539 26.0877094268799 26.4178466796875 30.0172691345215 32.0600700378418 33.1581344604492 33.6589775085449 33.9778823852539 34.1576232910156 34.2742767333984 34.5005836486816 34.6133079528809 34.6513938903809 34.6853523254395 34.8340682983398 35.0544357299805 35.3126792907715 35.5711631774902 35.6958961486816 35.7422790527344 35.7222480773926 35.7516326904297 35.7773056030273 35.8240242004395 35.8389892578125 35.7917251586914 35.7122497558594 35.6487998962402 35.6032371520996 35.5265922546387 35.406681060791 34.8942413330078
21.1123561859131 12.7531414031982 1.17769086360931 7.62041664123535 -3.4e+38 -3.4e+38 -3.4e+38 -3.4e+38 -3.4e+38 -3.4e+38 -3.4e+38 28.7595157623291 28.8110294342041 27.7008361816406 28.6628837585449 27.4072647094727 26.5733051300049 27.3962917327881 30.4375839233398 32.5301895141602 33.4018478393555 33.2143898010254 33.4535331726074 33.8471412658691 34.1306571960449 34.4986915588379 34.6783752441406 34.8350982666016 34.8449821472168 34.9602470397949 35.19287109375 35.3897972106934 35.5347633361816 35.6565437316895 35.7224197387695 35.7211837768555 35.6929168701172 35.6981353759766 35.738395690918 35.7972030639648 35.8210029602051 35.7400512695312 35.6746520996094 35.6037902832031 35.5274085998535 35.462272644043 35.1043014526367
26.0883140563965 21.3380355834961 12.1054801940918 9.57807922363281 -3.4e+38 -3.4e+38 -3.4e+38 -3.4e+38 28.6172885894775 28.5958499908447 28.7694358825684 29.2894840240479 28.7495956420898 29.9826583862305 30.6962127685547 28.5537281036377 26.4778137207031 27.8097591400146 29.4771060943604 31.2672824859619 32.4462623596191 32.5336952209473 33.3165283203125 33.9502716064453 34.2176246643066 34.4931983947754 34.673282623291 34.9067878723145 35.0818748474121 35.2412261962891 35.4204177856445 35.5401802062988 35.6198692321777 35.6925735473633 35.7000389099121 35.696949005127 35.6955909729004 35.6931953430176 35.7251434326172 35.7571182250977 35.7918357849121 35.7872123718262 35.7227592468262 35.6467781066895 35.5870246887207 35.5581016540527 35.5054206848145
28.7683792114258 28.3772296905518 26.2629776000977 22.0685520172119 22.9404354095459 27.1156768798828 28.5272006988525 28.7850303649902 28.9902095794678 29.3500328063965 29.6298313140869 28.7509365081787 30.5476188659668 31.4164257049561 30.9760971069336 29.0831317901611 25.4398956298828 22.5644931793213 20.943603515625 24.5458316802979 28.2265396118164 32.0440216064453 33.6213684082031 34.3409729003906 34.6979446411133 34.9088706970215 35.0693588256836 35.2311477661133 35.3691749572754 35.4486465454102 35.5226783752441 35.6046180725098 35.6513404846191 35.7129135131836 35.7731475830078 35.7804336547852 35.7669067382812 35.7641105651855 35.7680854797363 35.7702980041504 35.7872009277344 35.811653137207 35.7694702148438 35.7101211547852 35.6814155578613 35.6730575561523 35.6584320068359
30.222749710083 30.44482421875 29.7072525024414 27.6563682556152 26.8651504516602 28.576379776001 29.3057308197021 29.7633476257324 30.3372573852539 30.7323360443115 31.0697765350342 31.4539108276367 32.2032432556152 32.4992866516113 32.5755767822266 31.5559387207031 27.9041614532471 13.2594375610352 8.72525787353516 13.5018920898438 28.1764793395996 32.764217376709 34.1058654785156 34.9261474609375 35.37548828125 35.5453872680664 35.6553382873535 35.7504005432129 35.7553329467773 35.7582817077637 35.7653198242188 35.7439002990723 35.7142486572266 35.6821632385254 35.7040100097656 35.7781639099121 35.8022079467773 35.8354682922363 35.8465576171875 35.8195037841797 35.8115005493164 35.8341789245605 35.798267364502 35.7534408569336 35.744499206543 35.7543601989746 35.7395210266113
31.6668968200684 31.3093376159668 30.6489963531494 29.6305904388428 29.4952850341797 30.0543746948242 30.5904769897461 31.1476287841797 31.7648162841797 32.3445892333984 32.6364212036133 32.7833442687988 32.8850479125977 33.1207084655762 33.1372604370117 32.383487701416 30.2963695526123 22.004545211792 26.0167961120605 29.0333099365234 32.7359237670898 34.0687294006348 34.5448989868164 35.1512069702148 35.4709243774414 35.7270355224609 35.862850189209 35.9033126831055 35.910831451416 35.9068908691406 35.8886985778809 35.8574104309082 35.8193283081055 35.7940368652344 35.7611618041992 35.749382019043 35.8041610717773 35.8398551940918 35.8568000793457 35.8524589538574 35.8263359069824 35.836669921875 35.8064918518066 35.7588424682617 35.7649002075195 35.7818908691406 35.7653160095215
32.4307975769043 32.0252456665039 31.5089111328125 30.951868057251 30.8523120880127 31.3492031097412 31.8128795623779 32.2339515686035 32.8512344360352 33.2962913513184 33.5022506713867 33.6979217529297 33.9644508361816 34.4382286071777 34.4815063476562 33.6465835571289 33.1128387451172 32.9755058288574 33.5772666931152 33.9687767028809 34.7226257324219 35.0335693359375 35.1634216308594 35.4745063781738 35.6878051757812 35.8173446655273 35.8878631591797 35.9119606018066 35.9389915466309 35.9339714050293 35.9461669921875 35.9215774536133 35.8733673095703 35.8322982788086 35.8312568664551 35.8002281188965 35.7764701843262 35.8233032226562 35.8450050354004 35.8536109924316 35.8338165283203 35.8246841430664 35.7966499328613 35.7543334960938 35.7732124328613 35.7849235534668 35.7757682800293
33.0964050292969 32.7495918273926 32.3461532592773 32.0448799133301 32.0168991088867 32.2357978820801 32.6018409729004 32.9268913269043 33.370288848877 33.9961166381836 34.3559417724609 34.5298728942871 34.8325157165527 35.2248878479004 35.4006156921387 35.3264465332031 35.2208099365234 35.1034698486328 35.1749305725098 35.4154167175293 35.517505645752 35.5643005371094 35.6290092468262 35.7560806274414 35.8309936523438 35.8350143432617 35.8539390563965 35.8841514587402 35.933219909668 35.937442779541 35.9611587524414 35.9442367553711 35.9216995239258 35.9081001281738 35.9055328369141 35.8937950134277 35.8494338989258 35.8182601928711 35.8424797058105 35.8484687805176 35.8273086547852 35.7970924377441 35.7900581359863 35.7562675476074 35.770191192627 35.7850456237793 35.7715454101562
34.165470123291 33.8113632202148 33.3988647460938 33.1729965209961 33.1232795715332 33.2092056274414 33.3717231750488 33.593677520752 34.0199584960938 34.6206016540527 34.9439735412598 35.0388031005859 35.2297210693359 35.3625221252441 35.4788703918457 35.6012306213379 35.6898078918457 35.7058486938477 35.7451591491699 35.791919708252 35.8138732910156 35.7897682189941 35.7789497375488 35.7863502502441 35.8445129394531 35.8526458740234 35.886474609375 35.866756439209 35.9046783447266 35.9182586669922 35.9589042663574 35.9678039550781 35.9471130371094 35.9267578125 35.9264831542969 35.9232749938965 35.9111022949219 35.8694686889648 35.8362083435059 35.8176651000977 35.8081932067871 35.7835731506348 35.789234161377 35.7819175720215 35.7836532592773 35.7764625549316 35.7627449035645
35.1239585876465 34.8757972717285 34.5381736755371 34.2573051452637 34.1261787414551 34.059326171875 34.1113624572754 34.2776145935059 34.5927429199219 34.9445724487305 35.1505851745605 35.2339363098145 35.3337249755859 35.4575462341309 35.624195098877 35.7933502197266 35.8736152648926 35.9067878723145 35.9220657348633 35.9257164001465 35.9225425720215 35.9115333557129 35.8735542297363 35.855281829834 35.8460426330566 35.8655204772949 35.8832321166992 35.8617477416992 35.8648796081543 35.8768997192383 35.9013137817383 35.9452972412109 35.9651336669922 35.9643974304199 35.9694519042969 35.9562377929688 35.9291076660156 35.887149810791 35.8434562683105 35.8148956298828 35.7986221313477 35.7999877929688 35.7993659973145 35.7964744567871 35.7903480529785 35.7649040222168 35.7384796142578
35.57958984375 35.5230903625488 35.353759765625 35.1508445739746 34.9819450378418 34.7558746337891 34.8235359191895 34.9335289001465 35.0303497314453 35.1503295898438 35.3109588623047 35.4895668029785 35.6104202270508 35.7475166320801 35.8651657104492 35.916202545166 35.9372673034668 35.9495506286621 35.9489097595215 35.9416236877441 35.9324684143066 35.9384880065918 35.934627532959 35.9178352355957 35.8994560241699 35.8865699768066 35.8931503295898 35.8770141601562 35.857063293457 35.8516654968262 35.8433380126953 35.8717613220215 35.9178771972656 35.9576263427734 35.9879302978516 35.9748764038086 35.9620399475098 35.9219284057617 35.8372192382812 35.8066024780273 35.8058776855469 35.8209533691406 35.8349723815918 35.8331718444824 35.8058319091797 35.7775192260742 35.7408142089844
