Ecospace-environmental-drivers/Outputs/ASCII-for-ecospace/Sal-surf/Sal-surf_X2008.06.asc
NCOLS 131 
NROWS 53 
XLLCORNER -98 
YLLCORNER 23.9265270233154 
CELLSIZE 0.133587792515755 
NODATA_value -3.4e+38 
[rows 21 to 41 of 53, columns 47 to 93 of 131]
33.4398002624512 33.4254570007324 33.3802490234375 33.3382110595703 33.3590431213379 33.4183082580566 33.4524154663086 33.5099334716797 33.5724792480469 33.5543594360352 33.5834045410156 33.6272888183594 33.7265625 33.8597602844238 33.9514579772949 33.9685363769531 34.2285614013672 34.2961692810059 34.2710342407227 34.2578125 34.2533416748047 34.2632102966309 34.2831115722656 34.316047668457 34.3249397277832 34.32568359375 34.3338203430176 34.3481750488281 34.3545761108398 34.3563461303711 34.3239517211914 34.280632019043 34.2200164794922 34.0869674682617 34.0137596130371 34.2648582458496 34.5343818664551 34.5600090026855 34.4629974365234 34.4134292602539 34.4119529724121 34.4724159240723 34.4523010253906 34.4717102050781 34.6265068054199 34.7732582092285 34.8065414428711
33.4425430297852 33.4360046386719 33.4615783691406 33.5024757385254 33.5527229309082 33.5879096984863 33.6315383911133 33.6957015991211 33.751407623291 33.8289642333984 33.8327827453613 33.7963104248047 33.7817153930664 33.8622207641602 33.9674415588379 34.0239639282227 34.2791557312012 34.2657890319824 34.2510871887207 34.2422332763672 34.2246360778809 34.2114410400391 34.1751136779785 34.156810760498 34.1613693237305 34.2075500488281 34.2489624023438 34.2891616821289 34.301872253418 34.2745666503906 34.248966217041 34.2053489685059 34.1566848754883 34.090202331543 34.1324501037598 34.4855880737305 34.6005973815918 34.5861778259277 34.4855842590332 34.4607963562012 34.4800453186035 34.5338287353516 34.4964485168457 34.5868034362793 34.7624359130859 34.8694458007812 34.8826370239258
33.8602333068848 33.9592132568359 34.0230751037598 34.0477828979492 34.0593414306641 34.0649604797363 34.0452880859375 34.0384788513184 34.0433807373047 34.027027130127 33.9712409973145 33.956901550293 33.9264259338379 33.8576278686523 33.9508247375488 34.0647468566895 34.285041809082 34.2815093994141 34.3085250854492 34.3223876953125 34.3208312988281 34.3201103210449 34.2809524536133 34.2102317810059 34.1910705566406 34.1885643005371 34.1928100585938 34.2558822631836 34.3302001953125 34.3354148864746 34.2877044677734 34.2400894165039 34.1309814453125 34.0787963867188 34.2669486999512 34.5478591918945 34.6011962890625 34.5740661621094 34.564208984375 34.6115798950195 34.6497573852539 34.6735343933105 34.6950302124023 34.7541656494141 34.8684196472168 34.9688529968262 35.026538848877
34.3638191223145 34.4694900512695 34.5529174804688 34.6123962402344 34.6293449401855 34.581729888916 34.4847564697266 34.3678398132324 34.2801551818848 34.2205467224121 34.1271858215332 34.0383491516113 34.0178527832031 33.873950958252 33.894359588623 34.0841217041016 34.2979698181152 34.3247032165527 34.3710975646973 34.4111518859863 34.4213371276855 34.431224822998 34.444263458252 34.3915596008301 34.3246421813965 34.2964172363281 34.2931327819824 34.291934967041 34.3182182312012 34.3900375366211 34.4187240600586 34.3701286315918 34.2899894714355 34.2088165283203 34.2925758361816 34.5374336242676 34.6256370544434 34.6347732543945 34.6996726989746 34.7834396362305 34.8233795166016 34.8080291748047 34.8548469543457 34.9166374206543 34.9481544494629 35.0380096435547 35.1124458312988
34.6300506591797 34.7172622680664 34.7816047668457 34.8001441955566 34.7921600341797 34.7853164672852 34.7484016418457 34.6634368896484 34.5500564575195 34.4593315124512 34.375301361084 34.2316246032715 34.0791130065918 33.973934173584 33.8437271118164 34.0587768554688 34.2804069519043 34.3667259216309 34.4339141845703 34.4488945007324 34.4607048034668 34.4668998718262 34.4846458435059 34.5201110839844 34.4542846679688 34.3954620361328 34.3911628723145 34.3968353271484 34.401969909668 34.4114303588867 34.4636459350586 34.5156097412109 34.5038948059082 34.4493446350098 34.4090919494629 34.4640083312988 34.6187324523926 34.7478370666504 34.8271255493164 34.83984375 34.9108276367188 34.9391899108887 34.9362297058105 34.9915237426758 35.0159912109375 35.0962409973145 35.1595039367676
34.7682151794434 34.8243255615234 34.8062286376953 34.7704162597656 34.751594543457 34.7397422790527 34.7428436279297 34.7405738830566 34.6958274841309 34.6508102416992 34.5802345275879 34.4887428283691 34.2747993469238 34.0647811889648 33.919807434082 34.0040245056152 34.2271614074707 34.3731994628906 34.437313079834 34.4652557373047 34.4815292358398 34.408390045166 34.4403266906738 34.4747161865234 34.4346809387207 34.4336051940918 34.4891624450684 34.5418281555176 34.5895233154297 34.6261596679688 34.635856628418 34.6220207214355 34.6178169250488 34.5981750488281 34.5476875305176 34.5015182495117 34.531379699707 34.6463966369629 34.7929573059082 34.8836784362793 34.9798240661621 35.057373046875 35.0113639831543 35.0396842956543 35.0942420959473 35.1268997192383 35.208568572998
34.8054504394531 34.7888679504395 34.7306671142578 34.6828575134277 34.6598434448242 34.6600761413574 34.6576194763184 34.6741485595703 34.6790351867676 34.6515121459961 34.6446418762207 34.6178932189941 34.4856986999512 34.2073173522949 34.0337448120117 33.9897384643555 34.1495742797852 34.3257942199707 34.3622055053711 34.3624114990234 34.3694610595703 34.424243927002 34.473331451416 34.5154266357422 34.568187713623 34.6317024230957 34.7011756896973 34.7518539428711 34.7947044372559 34.8263282775879 34.8452606201172 34.8486213684082 34.8386459350586 34.8079566955566 34.7537994384766 34.6677513122559 34.5551872253418 34.4727478027344 34.5089149475098 34.6489906311035 34.8075485229492 34.9366455078125 35.035270690918 35.1509056091309 35.1647911071777 35.2104110717773 35.2741241455078
34.7862319946289 34.7105255126953 34.6615562438965 34.6478157043457 34.6561889648438 34.6400108337402 34.638069152832 34.638256072998 34.6730003356934 34.6822166442871 34.676513671875 34.6851387023926 34.6091003417969 34.3899421691895 34.1209411621094 34.0510520935059 34.0849151611328 34.2246894836426 34.3248138427734 34.3704223632812 34.4320335388184 34.5144119262695 34.5978813171387 34.6609382629395 34.7150688171387 34.7783393859863 34.8263549804688 34.8803749084473 34.9406852722168 34.992805480957 35.0276947021484 35.0502090454102 35.061882019043 35.055290222168 35.0233306884766 34.9568634033203 34.8719520568848 34.7333793640137 34.5658950805664 34.509349822998 34.6087226867676 34.7726936340332 34.9131507873535 35.1172637939453 35.2328643798828 35.3219566345215 35.3199996948242
34.7178421020508 34.699405670166 34.7126998901367 34.6893157958984 34.6760482788086 34.6392097473145 34.6267547607422 34.6108779907227 34.6321296691895 34.6680297851562 34.6838455200195 34.7085609436035 34.6761512756348 34.5612716674805 34.2956771850586 34.0972938537598 34.1114044189453 34.1914596557617 34.2666473388672 34.3610038757324 34.4787368774414 34.6103096008301 34.6901741027832 34.7569961547852 34.8364677429199 34.947078704834 35.0665130615234 35.1582794189453 35.2328033447266 35.2867660522461 35.3222618103027 35.3236961364746 35.3082466125488 35.2942008972168 35.2646026611328 35.2294311523438 35.1356506347656 35.0317687988281 34.8799781799316 34.7105979919434 34.6016082763672 34.639102935791 34.7938499450684 34.9736709594727 35.1146125793457 35.245922088623 35.3574256896973
34.7212333679199 34.7086715698242 34.7040672302246 34.6701316833496 34.6357154846191 34.6445960998535 34.6648788452148 34.659782409668 34.6329879760742 34.6567649841309 34.6907691955566 34.730770111084 34.7222137451172 34.674633026123 34.5708122253418 34.2452850341797 34.1091575622559 34.1299171447754 34.2406005859375 34.3922805786133 34.587230682373 34.7394027709961 34.859489440918 34.9857978820801 35.1384582519531 35.2905769348145 35.4203033447266 35.5196266174316 35.5795021057129 35.6118469238281 35.6209259033203 35.6084060668945 35.5872497558594 35.5659408569336 35.5433578491211 35.5020561218262 35.4327087402344 35.320140838623 35.1746520996094 34.9805641174316 34.8115043640137 34.7236213684082 34.7571907043457 34.8888816833496 34.9681587219238 35.1141548156738 35.2803802490234
34.7227897644043 34.7111282348633 34.6659278869629 34.6435661315918 34.6654472351074 34.6459808349609 34.6907272338867 34.7300109863281 34.7434387207031 34.7313652038574 34.7023048400879 34.71826171875 34.7064094543457 34.7206230163574 34.6679763793945 34.4576721191406 34.236988067627 34.2284965515137 34.3987998962402 34.6556930541992 34.8893623352051 35.0437164306641 35.2023086547852 35.3667373657227 35.5200386047363 35.6464958190918 35.7212448120117 35.7339324951172 35.7337799072266 35.7241821289062 35.709846496582 35.6888465881348 35.6684913635254 35.6537971496582 35.6532402038574 35.6505432128906 35.6290550231934 35.5745315551758 35.4644470214844 35.2723007202148 35.037727355957 34.8833808898926 34.7880249023438 34.8347663879395 34.9367828369141 35.0640678405762 35.2115097045898
34.724235534668 34.6938514709473 34.677131652832 34.6677284240723 34.699634552002 34.6823272705078 34.7144165039062 34.7576560974121 34.8003234863281 34.810359954834 34.7775230407715 34.7139129638672 34.6565093994141 34.6961975097656 34.6922340393066 34.6050605773926 34.5983276367188 34.6716079711914 34.8708839416504 35.0221061706543 35.1647338867188 35.4129409790039 35.6130561828613 35.6584625244141 35.7279052734375 35.788158416748 35.7843322753906 35.7600975036621 35.737377166748 35.7186431884766 35.7037048339844 35.6869621276855 35.6670417785645 35.6645698547363 35.6597709655762 35.6632766723633 35.6629028320312 35.656436920166 35.6127243041992 35.5111351013184 35.2918586730957 35.0613403320312 34.9293441772461 34.8326683044434 34.9126586914062 35.0855255126953 35.1839904785156
34.7671966552734 34.7512664794922 34.7447738647461 34.7438659667969 34.7593955993652 34.7322654724121 34.7171325683594 34.7401123046875 34.800838470459 34.8283500671387 34.7922210693359 34.7266731262207 34.7490730285645 34.8014526367188 34.7473945617676 34.7317733764648 34.8481521606445 35.033145904541 35.2140464782715 35.4088439941406 35.5921897888184 35.6692924499512 35.7218894958496 35.7948875427246 35.830322265625 35.8115844726562 35.7785911560059 35.7531623840332 35.7388305664062 35.729061126709 35.7160835266113 35.6998825073242 35.6831512451172 35.6755447387695 35.670223236084 35.6788635253906 35.6792411804199 35.6756248474121 35.6767082214355 35.6373252868652 35.4964447021484 35.2489013671875 35.0837593078613 35.0171890258789 34.9758186340332 35.0440902709961 35.1570472717285
34.837818145752 34.8211288452148 34.8144645690918 34.7935066223145 34.7629470825195 34.7579498291016 34.7286682128906 34.7525405883789 34.7897186279297 34.7987747192383 34.7747039794922 34.8254699707031 34.9166145324707 34.923023223877 34.8681983947754 34.917106628418 35.0829696655273 35.3047523498535 35.5057258605957 35.6493339538574 35.6939315795898 35.7731895446777 35.8515510559082 35.8756256103516 35.8532524108887 35.8209609985352 35.7919273376465 35.7620315551758 35.748908996582 35.7358169555664 35.7218551635742 35.7142105102539 35.7054824829102 35.7021102905273 35.6883811950684 35.6845474243164 35.6975440979004 35.6958198547363 35.6944580078125 35.6946754455566 35.6445465087891 35.4291763305664 35.2018051147461 35.1626396179199 35.1886100769043 35.0801086425781 35.0811233520508
34.9471893310547 34.9274482727051 34.9289512634277 34.8863830566406 34.8847694396973 34.879222869873 34.885440826416 34.8840446472168 34.8814315795898 34.8686141967773 34.8961982727051 34.9693298339844 34.987491607666 34.9716529846191 35.0143432617188 35.1486282348633 35.3595733642578 35.5762214660645 35.6504936218262 35.7242279052734 35.8272972106934 35.8971557617188 35.9016952514648 35.8986778259277 35.8784255981445 35.8411254882812 35.7953987121582 35.7771034240723 35.7661170959473 35.7461395263672 35.7410354614258 35.7282409667969 35.7194786071777 35.7274436950684 35.7226982116699 35.7042579650879 35.709602355957 35.7084846496582 35.6982460021973 35.7059898376465 35.7049293518066 35.5895957946777 35.3228187561035 35.2420768737793 35.2689590454102 35.2374877929688 35.1531372070312
35.032886505127 35.024356842041 34.9965744018555 34.9589462280273 34.9737777709961 34.9602012634277 34.9840965270996 34.9976348876953 34.9823760986328 35.0300903320312 35.0570487976074 35.0424613952637 35.0456695556641 35.0742034912109 35.219654083252 35.4508743286133 35.6028060913086 35.6854515075684 35.7847862243652 35.8677940368652 35.9060821533203 35.9222221374512 35.924991607666 35.9253234863281 35.9039192199707 35.8580284118652 35.8172378540039 35.8018913269043 35.7801132202148 35.7784957885742 35.7528839111328 35.7427253723145 35.7514495849609 35.7477836608887 35.7496147155762 35.732479095459 35.718578338623 35.7169876098633 35.7134017944336 35.7150688171387 35.7139663696289 35.681770324707 35.4534530639648 35.3479766845703 35.3175621032715 35.2849884033203 35.2735900878906
35.1011962890625 35.1032295227051 35.0833511352539 35.0437660217285 35.0221672058105 35.0162582397461 35.0327987670898 35.075439453125 35.139533996582 35.1655921936035 35.1526222229004 35.1921310424805 35.2935104370117 35.4505729675293 35.6168403625488 35.6897315979004 35.7389144897461 35.8026962280273 35.8677558898926 35.9126167297363 35.9253273010254 35.9409408569336 35.9481925964355 35.9408111572266 35.9312896728516 35.8900527954102 35.8470878601074 35.8272361755371 35.7989883422852 35.7896842956543 35.7551078796387 35.7395896911621 35.7532081604004 35.7590789794922 35.7809906005859 35.7743072509766 35.7457389831543 35.7328109741211 35.7243614196777 35.7219505310059 35.7210731506348 35.7155265808105 35.5598335266113 35.462028503418 35.4144897460938 35.3329238891602 35.2986030578613
35.2397003173828 35.2255783081055 35.2068786621094 35.2318153381348 35.215160369873 35.2109260559082 35.2133445739746 35.256591796875 35.2697067260742 35.2677345275879 35.3456268310547 35.4860382080078 35.5872688293457 35.6335983276367 35.668083190918 35.7270011901855 35.7785606384277 35.8251266479492 35.8827934265137 35.9303970336914 35.9451637268066 35.9558181762695 35.9623374938965 35.9535903930664 35.953052520752 35.9298362731934 35.8956527709961 35.8693313598633 35.8260917663574 35.7888031005859 35.7684020996094 35.7520866394043 35.7622528076172 35.7688789367676 35.7810363769531 35.7869453430176 35.7734413146973 35.7564735412598 35.7348136901855 35.7110939025879 35.723518371582 35.7373046875 35.6456489562988 35.552375793457 35.5094833374023 35.4119606018066 35.3123168945312
35.2724342346191 35.3134155273438 35.3430786132812 35.3650169372559 35.4047164916992 35.4348793029785 35.4547805786133 35.4575843811035 35.4672203063965 35.5126266479492 35.5729560852051 35.6005096435547 35.6178550720215 35.6309013366699 35.6596603393555 35.7361717224121 35.7930793762207 35.831428527832 35.8813705444336 35.935661315918 35.9597129821777 35.9616775512695 35.9678993225098 35.969654083252 35.9694747924805 35.9545364379883 35.9454612731934 35.9190406799316 35.8691940307617 35.8248863220215 35.7927169799805 35.774600982666 35.7876853942871 35.7906455993652 35.7961502075195 35.8040885925293 35.7903099060059 35.7700614929199 35.7440490722656 35.7078170776367 35.7151031494141 35.7355728149414 35.704044342041 35.6071624755859 35.5908737182617 35.5080718994141 35.3816223144531
35.2886123657227 35.3115577697754 35.371265411377 35.4187889099121 35.4501838684082 35.4696960449219 35.4886932373047 35.4945106506348 35.5245819091797 35.5466003417969 35.564151763916 35.5691032409668 35.5704383850098 35.5779075622559 35.6361312866211 35.700122833252 35.7550086975098 35.8064384460449 35.8647041320801 35.9321899414062 35.9659156799316 35.9759559631348 35.979679107666 35.9751281738281 35.9810409545898 35.972972869873 35.967643737793 35.9668121337891 35.9378051757812 35.8914985656738 35.8460083007812 35.8134727478027 35.8040885925293 35.8032188415527 35.7958297729492 35.8000640869141 35.7975616455078 35.7799224853516 35.7592468261719 35.7334671020508 35.7292175292969 35.7429313659668 35.746452331543 35.6634101867676 35.6232376098633 35.5785865783691 35.4833068847656
35.3302803039551 35.3621826171875 35.3880920410156 35.4289779663086 35.464729309082 35.4647560119629 35.4718933105469 35.4421081542969 35.3921928405762 35.3963241577148 35.4414825439453 35.4819526672363 35.4934730529785 35.5240898132324 35.5861854553223 35.6351356506348 35.6976585388184 35.7433700561523 35.8088989257812 35.8988571166992 35.9687232971191 35.9879455566406 35.9961700439453 35.9941635131836 35.9850311279297 35.9875221252441 35.9824867248535 35.9920768737793 35.9842147827148 35.9662246704102 35.9349670410156 35.8735160827637 35.8298759460449 35.8252258300781 35.8244743347168 35.811164855957 35.8024406433105 35.7950019836426 35.7880592346191 35.7677040100098 35.7561187744141 35.7572479248047 35.7585945129395 35.7470245361328 35.6805152893066 35.6356544494629 35.5890693664551
