Ecospace-environmental-drivers/Outputs/ASCII-for-ecospace/Sal-surf/Sal-surf_X2020.06.asc
NCOLS 131 
NROWS 53 
XLLCORNER -98 
YLLCORNER 23.9265270233154 
CELLSIZE 0.133587792515755 
NODATA_value -3.4e+38 
[rows 21 to 41 of 53, columns 47 to 93 of 131]
35.0156860351562 34.9160919189453 35.1159286499023 35.1182174682617 34.8029441833496 34.5232963562012 34.610912322998 34.7706260681152 34.760929107666 34.568416595459 34.3292236328125 34.1983070373535 34.3897819519043 34.7464027404785 35.1835861206055 35.4470024108887 35.692497253418 35.8250541687012 35.8297233581543 35.8151473999023 35.8063850402832 35.7974624633789 35.8104209899902 35.8206367492676 35.8448257446289 35.8754959106445 35.8618316650391 35.894588470459 36.0032920837402 36.1052474975586 36.1933441162109 36.2120895385742 36.2172164916992 36.1918525695801 36.1301155090332 36.0615653991699 36.0303573608398 35.9787864685059 35.9569664001465 35.9500846862793 35.8725814819336 35.8697547912598 35.8680458068848 35.8839912414551 35.9234085083008 35.9547920227051 36.083797454834
35.1344757080078 35.1314926147461 35.2631874084473 35.3141937255859 35.2344207763672 35.0558662414551 35.0139541625977 35.1113929748535 35.1862487792969 35.1282081604004 34.9290313720703 34.7546882629395 34.827220916748 35.0638809204102 35.2694511413574 35.5784072875977 35.7573471069336 35.7653541564941 35.8173942565918 35.7767219543457 35.7472381591797 35.7556686401367 35.7919158935547 35.8182487487793 35.8358268737793 35.9055442810059 35.9576301574707 35.9678916931152 36.0134391784668 36.0633201599121 36.1064376831055 36.105354309082 36.1080322265625 36.1045570373535 36.0623931884766 36.0398216247559 36.0088272094727 35.9529457092285 35.9479598999023 35.9441719055176 35.8785820007324 35.9349594116211 35.9352836608887 35.9799957275391 36.024528503418 36.0198402404785 36.1231307983398
35.3790016174316 35.4181251525879 35.4081497192383 35.3805236816406 35.3814811706543 35.2306480407715 35.2245292663574 35.2662506103516 35.2687301635742 35.240104675293 35.127140045166 35.064338684082 35.1657943725586 35.3228340148926 35.4442596435547 35.6230926513672 35.770565032959 35.7684478759766 35.8018836975098 35.7923393249512 35.7440795898438 35.73193359375 35.7599639892578 35.7898826599121 35.8524971008301 35.933219909668 36.0046806335449 36.0684700012207 36.1201858520508 36.1062355041504 36.0743103027344 36.0347328186035 36.0170211791992 36.0056800842285 35.982551574707 35.9650382995605 35.947380065918 35.9550018310547 35.9828453063965 35.9734268188477 35.9493217468262 36.0243835449219 36.0504570007324 36.0707359313965 36.0921630859375 36.107177734375 36.1795120239258
35.6088752746582 35.6428146362305 35.6167984008789 35.5151329040527 35.403736114502 35.3006553649902 35.2782859802246 35.3972244262695 35.4013481140137 35.3085289001465 35.2193374633789 35.1782569885254 35.2796478271484 35.4221725463867 35.5684585571289 35.6838912963867 35.7544250488281 35.7898597717285 35.8079490661621 35.8181266784668 35.7917900085449 35.757682800293 35.7237510681152 35.7794151306152 35.891056060791 35.9774589538574 36.040958404541 36.0988349914551 36.1622200012207 36.198787689209 36.1820945739746 36.1267356872559 36.0844841003418 36.0568199157715 36.031852722168 36.0233726501465 36.0451965332031 36.0721740722656 36.0876312255859 36.0966491699219 36.112548828125 36.1384735107422 36.121036529541 36.1244430541992 36.1510391235352 36.1653137207031 36.2030715942383
35.6365928649902 35.6477851867676 35.6753616333008 35.6700706481934 35.5841255187988 35.4745903015137 35.386791229248 35.5283660888672 35.5934295654297 35.5313453674316 35.4132194519043 35.3175277709961 35.3071670532227 35.4340133666992 35.5681114196777 35.6883583068848 35.749828338623 35.767951965332 35.8069534301758 35.8213806152344 35.8033905029297 35.7377395629883 35.741626739502 35.8473663330078 35.9382553100586 36.0100288391113 36.0770683288574 36.1379051208496 36.1803512573242 36.2049713134766 36.2053871154785 36.187801361084 36.1763763427734 36.1639060974121 36.1493148803711 36.1474494934082 36.1531562805176 36.1589584350586 36.164493560791 36.1346778869629 36.1514320373535 36.156436920166 36.1306571960449 36.1399269104004 36.1916618347168 36.1836128234863 36.2011985778809
35.6834373474121 35.6353607177734 35.6277046203613 35.7363815307617 35.7555847167969 35.6734886169434 35.5846252441406 35.6047592163086 35.6963653564453 35.6674842834473 35.6379661560059 35.5444145202637 35.4568252563477 35.4823608398438 35.5935897827148 35.6847076416016 35.7527313232422 35.7294387817383 35.7170295715332 35.6921691894531 35.6830558776855 35.7181930541992 35.8000793457031 35.9258003234863 35.9869117736816 36.0495681762695 36.0929946899414 36.1701965332031 36.2141647338867 36.2130508422852 36.2066040039062 36.1852569580078 36.1693153381348 36.1645126342773 36.1582832336426 36.1490936279297 36.1507339477539 36.141414642334 36.1468353271484 36.1382751464844 36.1529541015625 36.1446762084961 36.1261596679688 36.164493560791 36.2207794189453 36.1968078613281 36.1963043212891
35.7004051208496 35.6905403137207 35.6815490722656 35.7462387084961 35.8427810668945 35.802059173584 35.6960639953613 35.6679801940918 35.749153137207 35.7605323791504 35.7806015014648 35.8094596862793 35.7248573303223 35.6286392211914 35.6312255859375 35.6720237731934 35.7076606750488 35.7062530517578 35.6976585388184 35.7412986755371 35.8075523376465 35.861442565918 35.9213790893555 36.0005874633789 36.0233879089355 36.0647468566895 36.0989837646484 36.1875228881836 36.2319755554199 36.2372550964355 36.2160758972168 36.1950378417969 36.1747398376465 36.1672554016113 36.1616096496582 36.1488647460938 36.1522636413574 36.1431007385254 36.1279563903809 36.1233711242676 36.1360244750977 36.1409530639648 36.148998260498 36.1975250244141 36.2176971435547 36.1939239501953 36.2131690979004
35.71875 35.7166862487793 35.7788124084473 35.8325576782227 35.8468246459961 35.8726844787598 35.7649307250977 35.7117767333984 35.7901344299316 35.8170738220215 35.8639602661133 35.9082069396973 35.9338417053223 35.8966522216797 35.8579902648926 35.8388595581055 35.8441276550293 35.8489418029785 35.8635215759277 35.907154083252 35.960994720459 36.0142364501953 36.0732231140137 36.0543975830078 36.0443687438965 36.0631828308105 36.1003303527832 36.1941261291504 36.2335433959961 36.2507362365723 36.2377319335938 36.202205657959 36.1780471801758 36.1637992858887 36.1584968566895 36.1547508239746 36.1672592163086 36.1631622314453 36.1453704833984 36.1395950317383 36.1240425109863 36.1058654785156 36.1558456420898 36.2302703857422 36.2086944580078 36.2228736877441 36.2341117858887
35.871395111084 35.8445739746094 35.8619918823242 35.9065132141113 35.8842124938965 35.835262298584 35.8222503662109 35.7601547241211 35.8280944824219 35.8565940856934 35.9314918518066 35.9838333129883 36.0055160522461 35.9974632263184 35.9754066467285 35.9756889343262 35.992919921875 36.0103569030762 36.0300598144531 36.0245399475098 36.0375518798828 36.0817375183105 36.0811920166016 36.0383834838867 36.0449295043945 36.0676078796387 36.1081848144531 36.1944389343262 36.2297096252441 36.2522354125977 36.2579193115234 36.2248916625977 36.1841583251953 36.1533699035645 36.1574325561523 36.1563186645508 36.1597747802734 36.164608001709 36.1550216674805 36.1614685058594 36.1423187255859 36.1156997680664 36.1736030578613 36.2295227050781 36.204704284668 36.2472801208496 36.2590713500977
35.9549140930176 35.9060516357422 35.8984642028809 35.9333801269531 35.9251136779785 35.8846817016602 35.8328666687012 35.7999801635742 35.7993316650391 35.8640289306641 35.969352722168 36.0181541442871 36.0583648681641 36.0761375427246 36.0684623718262 36.0643997192383 36.0653610229492 36.0923881530762 36.1289291381836 36.1615142822266 36.1689414978027 36.1551513671875 36.1158714294434 36.0758247375488 36.0681114196777 36.0784149169922 36.1205558776855 36.1933670043945 36.2219314575195 36.240406036377 36.2570762634277 36.2520065307617 36.2087135314941 36.1725845336914 36.1677703857422 36.1609878540039 36.1628608703613 36.1551322937012 36.1527481079102 36.1662483215332 36.1376609802246 36.1170387268066 36.2127799987793 36.2959289550781 36.2682342529297 36.2733268737793 36.2958335876465
36.0629692077637 35.9836158752441 35.9272041320801 35.962085723877 35.9722137451172 35.9565963745117 35.924446105957 35.8901786804199 35.8794021606445 35.9171028137207 35.9675674438477 36.0010528564453 36.0402488708496 36.0724906921387 36.0965728759766 36.1271858215332 36.1424598693848 36.1637077331543 36.1924781799316 36.213623046875 36.2409362792969 36.2091636657715 36.1435089111328 36.1211776733398 36.0944747924805 36.0882339477539 36.1200752258301 36.1813545227051 36.2071189880371 36.2264633178711 36.247184753418 36.2598266601562 36.2387619018555 36.2002143859863 36.1841201782227 36.1757507324219 36.1863059997559 36.1716918945312 36.1559295654297 36.1649017333984 36.1347732543945 36.1571617126465 36.2449188232422 36.3224143981934 36.320011138916 36.2995109558105 36.2915496826172
36.1547775268555 36.0926742553711 36.0283546447754 36.002140045166 36.006290435791 36.0118026733398 35.9986724853516 35.9798927307129 35.9814186096191 36.002311706543 36.0237731933594 36.0364875793457 36.0510597229004 36.0792083740234 36.116641998291 36.1514549255371 36.1854476928711 36.2055015563965 36.2228813171387 36.241886138916 36.2596015930176 36.232063293457 36.159065246582 36.1373176574707 36.1075057983398 36.089916229248 36.1042976379395 36.1607284545898 36.1832008361816 36.1995391845703 36.2335510253906 36.2457618713379 36.2562255859375 36.2273178100586 36.2061538696289 36.1994552612305 36.205810546875 36.1888580322266 36.1587600708008 36.1535263061523 36.1549606323242 36.214729309082 36.285888671875 36.344352722168 36.3125190734863 36.3012428283691 36.3043746948242
36.189151763916 36.1609725952148 36.1503028869629 36.1462326049805 36.1107940673828 36.0478401184082 36.0191078186035 36.0109977722168 36.0159759521484 36.0270004272461 36.049430847168 36.0791282653809 36.1040420532227 36.1338005065918 36.1426239013672 36.171012878418 36.2012062072754 36.2221336364746 36.247200012207 36.261791229248 36.2680053710938 36.2385406494141 36.171314239502 36.1351013183594 36.0996017456055 36.0779113769531 36.0804176330566 36.1305847167969 36.1641120910645 36.1731643676758 36.2057876586914 36.2298927307129 36.2427825927734 36.2424507141113 36.2283363342285 36.2240257263184 36.2088241577148 36.1748199462891 36.1572723388672 36.1654319763184 36.2001647949219 36.264087677002 36.3273544311523 36.3291435241699 36.3056907653809 36.3104476928711 36.3200187683105
36.2244873046875 36.1902923583984 36.1966857910156 36.2173728942871 36.2013244628906 36.1720199584961 36.1534194946289 36.122444152832 36.1074829101562 36.1082000732422 36.1231117248535 36.146858215332 36.1691055297852 36.1837882995605 36.1912651062012 36.1903457641602 36.2158584594727 36.2339210510254 36.2656517028809 36.271183013916 36.2769660949707 36.2452354431152 36.1849937438965 36.1357803344727 36.0901527404785 36.0619773864746 36.049560546875 36.0884017944336 36.1331939697266 36.1489562988281 36.1676826477051 36.1940040588379 36.2194404602051 36.2256736755371 36.2294006347656 36.2264404296875 36.2013740539551 36.1726036071777 36.1801795959473 36.2057228088379 36.2581825256348 36.3149604797363 36.3337860107422 36.3190269470215 36.3145141601562 36.3210639953613 36.3211708068848
36.2587394714355 36.2388534545898 36.2487258911133 36.2758636474609 36.2865257263184 36.297664642334 36.2941360473633 36.2822189331055 36.2553100585938 36.2279663085938 36.2150039672852 36.2160301208496 36.2267265319824 36.240104675293 36.2419891357422 36.2225608825684 36.2369766235352 36.2444763183594 36.2722702026367 36.2768783569336 36.2739410400391 36.2517127990723 36.1965217590332 36.1394271850586 36.0880851745605 36.040843963623 36.0201568603516 36.0483779907227 36.079273223877 36.0852432250977 36.1121520996094 36.1537399291992 36.1966018676758 36.2027893066406 36.208568572998 36.2147598266602 36.2102890014648 36.2133102416992 36.2248878479004 36.2539253234863 36.3116264343262 36.3292846679688 36.3210258483887 36.3280830383301 36.3249130249023 36.3155708312988 36.3092231750488
36.2732772827148 36.2721290588379 36.2761383056641 36.2926216125488 36.3071556091309 36.3197402954102 36.3236083984375 36.3203926086426 36.3187713623047 36.3061599731445 36.2828674316406 36.259880065918 36.2529830932617 36.2622833251953 36.2856369018555 36.2773895263672 36.2574729919434 36.262035369873 36.2716865539551 36.27734375 36.2674789428711 36.2508659362793 36.1981239318848 36.1469383239746 36.08349609375 36.0275840759277 36.003978729248 36.016658782959 36.0548210144043 36.0844841003418 36.0905456542969 36.1208610534668 36.1655197143555 36.1751518249512 36.1871719360352 36.2071876525879 36.2305183410645 36.2498779296875 36.2673950195312 36.2850456237793 36.3039627075195 36.30859375 36.3180198669434 36.3126106262207 36.3005752563477 36.2944221496582 36.2921905517578
36.2896766662598 36.2874145507812 36.2893104553223 36.2914428710938 36.2963180541992 36.3047943115234 36.3213005065918 36.3311882019043 36.3317489624023 36.3372802734375 36.3310661315918 36.3057708740234 36.2888336181641 36.2667083740234 36.2847137451172 36.307689666748 36.2987518310547 36.286190032959 36.2810745239258 36.2751159667969 36.2686805725098 36.2448616027832 36.1942939758301 36.1615180969238 36.1071434020996 36.0490646362305 36.0226974487305 36.0134468078613 36.0333518981934 36.0849456787109 36.1019630432129 36.13037109375 36.1716575622559 36.1981887817383 36.2113761901855 36.228141784668 36.2465553283691 36.2653274536133 36.2867736816406 36.2822380065918 36.2789649963379 36.2880592346191 36.2915115356445 36.2863616943359 36.2854919433594 36.2793617248535 36.2758026123047
36.3074607849121 36.3009948730469 36.2977104187012 36.2927703857422 36.2938270568848 36.3062477111816 36.3251991271973 36.3342323303223 36.3311386108398 36.3415718078613 36.3537178039551 36.3400535583496 36.3255271911621 36.2991561889648 36.2754783630371 36.3011932373047 36.3238945007324 36.3110160827637 36.2953681945801 36.2823333740234 36.2606163024902 36.2341804504395 36.1968688964844 36.169490814209 36.1337547302246 36.1047668457031 36.0699501037598 36.0489234924316 36.0456352233887 36.071231842041 36.0961761474609 36.1311187744141 36.1674537658691 36.2133178710938 36.2332878112793 36.2512550354004 36.2655448913574 36.2773857116699 36.2800788879395 36.2695121765137 36.2806930541992 36.2799911499023 36.2753753662109 36.2772445678711 36.276065826416 36.2777137756348 36.2775382995605
36.3138084411621 36.3129768371582 36.3084373474121 36.3056373596191 36.3091583251953 36.3161392211914 36.3246536254883 36.3320999145508 36.3363494873047 36.3441162109375 36.3525009155273 36.3549041748047 36.3468055725098 36.3303718566895 36.2955436706543 36.2899017333984 36.3083724975586 36.324348449707 36.3200607299805 36.3065185546875 36.2709007263184 36.2529792785645 36.2191734313965 36.180347442627 36.1505393981934 36.1448364257812 36.1224632263184 36.0944442749023 36.0931015014648 36.1091384887695 36.1262817382812 36.1556587219238 36.1880035400391 36.229663848877 36.2526206970215 36.2664680480957 36.2804679870605 36.2840728759766 36.2667236328125 36.2714462280273 36.2827377319336 36.2919082641602 36.2869644165039 36.2834739685059 36.2841987609863 36.2885627746582 36.2921485900879
36.3237533569336 36.3240852355957 36.3227615356445 36.3222160339355 36.325008392334 36.3317794799805 36.3343086242676 36.3320655822754 36.3390350341797 36.3468246459961 36.3562202453613 36.3554153442383 36.3608665466309 36.3516120910645 36.3236618041992 36.3094863891602 36.2939033508301 36.3128395080566 36.333065032959 36.3297157287598 36.304027557373 36.2903633117676 36.2613868713379 36.2230262756348 36.178295135498 36.172737121582 36.1696586608887 36.1516609191895 36.1507186889648 36.1590423583984 36.1671485900879 36.1894912719727 36.2166442871094 36.2511596679688 36.274284362793 36.2898368835449 36.2901649475098 36.2856750488281 36.2659111022949 36.2766723632812 36.2850685119629 36.2953948974609 36.2965087890625 36.2928619384766 36.2867164611816 36.2873115539551 36.2895240783691
36.3471717834473 36.3499984741211 36.3472633361816 36.3442459106445 36.3412094116211 36.3384437561035 36.3406143188477 36.3423118591309 36.3469848632812 36.3509979248047 36.358642578125 36.361385345459 36.365104675293 36.3563423156738 36.3384056091309 36.3347816467285 36.3061485290527 36.2961387634277 36.313533782959 36.3420448303223 36.3315544128418 36.3180236816406 36.3003883361816 36.2827301025391 36.2316284179688 36.195686340332 36.1845474243164 36.182071685791 36.183422088623 36.1927909851074 36.2029228210449 36.2192039489746 36.2454490661621 36.2731323242188 36.2978057861328 36.303882598877 36.291618347168 36.2826919555664 36.2691535949707 36.288028717041 36.2881507873535 36.2962074279785 36.3003082275391 36.2948226928711 36.2882804870605 36.2931137084961 36.2975997924805
