Ecospace-environmental-drivers/Outputs/ASCII-for-ecospace/Sal-surf/Sal-surf_X2016.07.asc
NCOLS 131 
NROWS 53 
XLLCORNER -98 
YLLCORNER 23.9265270233154 
CELLSIZE 0.133587792515755 
NODATA_value -3.4e+38 
[rows 0 to 20 of 53, columns 47 to 93 of 131]
-3.4e+38 -3.4e+38 -3.4e+38 -3.4e+38 -3.4e+38 -3.4e+38 -3.4e+38 -3.4e+38 -3.4e+38 -3.4e+38 -3.4e+38 -3.4e+38 -3.4e+38 -3.4e+38 -3.4e+38 -3.4e+38 -3.4e+38 -3.4e+38 -3.4e+38 -3.4e+38 -3.4e+38 -3.4e+38 -3.4e+38 -3.4e+38 -3.4e+38 -3.4e+38 -3.4e+38 -3.4e+38 -3.4e+38 -3.4e+38 -3.4e+38 -3.4e+38 -3.4e+38 -3.4e+38 -3.4e+38 -3.4e+38 -3.4e+38 -3.4e+38 -3.4e+38 -3.4e+38 -3.4e+38 -3.4e+38 -3.4e+38 -3.4e+38 -3.4e+38 -3.4e+38 -3.4e+38
-3.4e+38 -3.4e+38 -3.4e+38 -3.4e+38 -3.4e+38 -3.4e+38 -3.4e+38 -3.4e+38 -3.4e+38 -3.4e+38 -3.4e+38 -3.4e+38 -3.4e+38 -3.4e+38 -3.4e+38 -3.4e+38 -3.4e+38 -3.4e+38 -3.4e+38 -3.4e+38 -3.4e+38 -3.4e+38 -3.4e+38 -3.4e+38 -3.4e+38 -3.4e+38 -3.4e+38 -3.4e+38 -3.4e+38 -3.4e+38 -3.4e+38 -3.4e+38 -3.4e+38 -3.4e+38 -3.4e+38 -3.4e+38 -3.4e+38 -3.4e+38 -3.4e+38 -3.4e+38 -3.4e+38 -3.4e+38 -3.4e+38 -3.4e+38 -3.4e+38 -3.4e+38 -3.4e+38
-3.4e+38 -3.4e+38 -3.4e+38 -3.4e+38 -3.4e+38 -3.4e+38 -3.4e+38 -3.4e+38 -3.4e+38 -3.4e+38 -3.4e+38 -3.4e+38 -3.4e+38 -3.4e+38 -3.4e+38 -3.4e+38 -3.4e+38 -3.4e+38 -3.4e+38 -3.4e+38 -3.4e+38 -3.4e+38 -3.4e+38 -3.4e+38 -3.4e+38 -3.4e+38 -3.4e+38 0.0376686528325081 0.0376686528325081 -3.4e+38 -3.4e+38 -3.4e+38 -3.4e+38 -3.4e+38 -3.4e+38 -3.4e+38 -3.4e+38 -3.4e+38 -3.4e+38 -3.4e+38 -3.4e+38 -3.4e+38 -3.4e+38 -3.4e+38 -3.4e+38 -3.4e+38 -3.4e+38
-3.4e+38 -3.4e+38 -3.4e+38 -3.4e+38 -3.4e+38 -3.4e+38 -3.4e+38 -3.4e+38 -3.4e+38 -3.4e+38 -3.4e+38 -3.4e+38 -3.4e+38 -3.4e+38 -3.4e+38 -3.4e+38 -3.4e+38 -3.4e+38 -3.4e+38 -3.4e+38 -3.4e+38 -3.4e+38 -3.4e+38 -3.4e+38 -3.4e+38 -3.4e+38 -3.4e+38 0.0215872954577208 0.0537500083446503 -3.4e+38 -3.4e+38 -3.4e+38 -3.4e+38 -3.4e+38 -3.4e+38 -3.4e+38 -3.4e+38 -3.4e+38 -3.4e+38 -3.4e+38 -3.4e+38 -3.4e+38 -3.4e+38 -3.4e+38 -3.4e+38 -3.4e+38 -3.4e+38
-3.4e+38 -3.4e+38 -3.4e+38 -3.4e+38 -3.4e+38 -3.4e+38 -3.4e+38 -3.4e+38 -3.4e+38 16.6695995330811 16.4735660552979 16.4735660552979 16.4735660552979 -3.4e+38 -3.4e+38 -3.4e+38 -3.4e+38 -3.4e+38 18.6306247711182 19.903148651123 22.1599159240723 22.8227653503418 22.7539463043213 23.6271572113037 24.5315017700195 25.676383972168 7.84375476837158 0.560723185539246 0.507163941860199 0.971889019012451 -3.4e+38 -3.4e+38 29.6836109161377 21.7640380859375 6.95707225799561 2.02960562705994 33.1336936950684 33.1397132873535 33.2861404418945 33.4679946899414 34.2224655151367 33.7299880981445 -3.4e+38 -3.4e+38 -3.4e+38 -3.4e+38 -3.4e+38
-3.4e+38 -3.4e+38 -3.4e+38 -3.4e+38 -3.4e+38 -3.4e+38 -3.4e+38 -3.4e+38 16.9145221710205 16.7941932678223 16.4961166381836 16.4735660552979 13.9919118881226 9.89045810699463 7.1202654838562 -3.4e+38 10.0256042480469 15.1289463043213 16.3558597564697 20.9053897857666 22.4481945037842 23.1261615753174 22.8939380645752 22.2417373657227 25.7457942962646 25.6069755554199 17.8905563354492 5.1857328414917 2.0523464679718 1.27429556846619 22.9005756378174 32.0250968933105 32.2156181335449 24.810115814209 23.0733451843262 28.3732509613037 33.0352745056152 33.0153160095215 33.0495643615723 33.1568984985352 33.5613288879395 33.4061737060547 33.0947532653809 33.3841323852539 -3.4e+38 -3.4e+38 -3.4e+38
-3.4e+38 -3.4e+38 -3.4e+38 -3.4e+38 -3.4e+38 -3.4e+38 -3.4e+38 -3.4e+38 16.9027786254883 16.9145221710205 16.6738662719727 15.922511100769 13.8296899795532 9.74188137054443 6.09980249404907 5.5191125869751 8.13036346435547 16.4273357391357 19.6022262573242 24.1364936828613 27.9289779663086 28.0632305145264 28.085844039917 27.3585472106934 28.5242729187012 27.9337177276611 28.2129077911377 19.843282699585 17.8149681091309 17.1037902832031 31.961856842041 32.1378364562988 32.2717742919922 32.0134582519531 32.1413421630859 32.0126457214355 31.894437789917 31.8588390350342 31.8928165435791 31.9930744171143 32.246467590332 32.503288269043 32.9688262939453 33.5007286071777 33.6828460693359 33.5516510009766 -3.4e+38
-3.4e+38 -3.4e+38 -3.4e+38 -3.4e+38 -3.4e+38 -3.4e+38 -3.4e+38 -3.4e+38 -3.4e+38 -3.4e+38 16.5229187011719 15.3630609512329 13.3708076477051 -3.4e+38 5.84258222579956 5.85784530639648 9.53537559509277 18.2999038696289 18.9802627563477 28.4882202148438 29.1987190246582 30.4920616149902 31.3228740692139 31.7971363067627 31.8202705383301 31.8439273834229 31.668924331665 31.3750820159912 31.5701522827148 31.6955051422119 31.8524379730225 31.8277339935303 31.7312088012695 31.6479816436768 31.5151119232178 31.4225730895996 31.433521270752 31.4370708465576 31.4425296783447 31.4647579193115 31.5985660552979 31.8096294403076 31.9557495117188 32.468376159668 33.4090538024902 33.5630531311035 33.3440856933594
-3.4e+38 -3.4e+38 -3.4e+38 -3.4e+38 -3.4e+38 -3.4e+38 -3.4e+38 -3.4e+38 -3.4e+38 -3.4e+38 -3.4e+38 -3.4e+38 -3.4e+38 -3.4e+38 6.72652387619019 6.43936347961426 8.71674346923828 23.9721908569336 28.9408950805664 29.3911800384521 29.59206199646 30.5975856781006 32.0557136535645 32.2951011657715 32.094425201416 31.9114112854004 31.8830108642578 31.9226932525635 31.8724555969238 31.7501583099365 31.5154476165771 31.4213771820068 31.4588012695312 31.4524898529053 31.6191921234131 31.748327255249 31.8232078552246 31.8733615875244 31.9043674468994 31.8157596588135 31.6455402374268 31.4827423095703 31.6073226928711 31.8272380828857 32.0993919372559 33.0237121582031 33.4454956054688
0.649730563163757 -3.4e+38 -3.4e+38 -3.4e+38 -3.4e+38 -3.4e+38 -3.4e+38 -3.4e+38 -3.4e+38 -3.4e+38 15.8861703872681 15.1350183486938 -3.4e+38 -3.4e+38 -3.4e+38 6.47454214096069 17.372220993042 25.567741394043 29.4749965667725 29.5697708129883 30.0147686004639 30.8949604034424 32.077522277832 32.3505554199219 31.9839458465576 31.7119693756104 31.6456546783447 31.6066207885742 31.4402599334717 31.1511726379395 30.9477577209473 30.8622665405273 30.9988327026367 31.5049228668213 31.8353691101074 32.0181465148926 32.1883163452148 32.2380218505859 32.2717323303223 32.2018890380859 32.0448379516602 31.7656135559082 31.5147724151611 31.5803985595703 31.7951240539551 32.052734375 33.0651016235352
0.46519210934639 0.188737034797668 -3.4e+38 -3.4e+38 -3.4e+38 -3.4e+38 -3.4e+38 -3.4e+38 -3.4e+38 -3.4e+38 15.8320407867432 18.2184810638428 19.1967067718506 -3.4e+38 -3.4e+38 23.6477699279785 29.3700847625732 29.2603969573975 29.238883972168 29.5425758361816 29.9999504089355 30.7695999145508 31.7125701904297 31.9767684936523 31.5351448059082 31.1357326507568 30.9893245697021 30.9811916351318 30.9084033966064 30.7343215942383 30.614709854126 30.6455917358398 30.842586517334 31.4208812713623 31.9434013366699 32.2726745605469 32.3732490539551 32.3072509765625 32.3708724975586 32.4211006164551 32.3637237548828 32.0289344787598 31.6403198242188 31.383617401123 31.4234580993652 31.6998538970947 32.5888786315918
0.0867844820022583 0.0142345326021314 0.00702521856874228 0.00346579169854522 -3.4e+38 -3.4e+38 -3.4e+38 -3.4e+38 -3.4e+38 -3.4e+38 -3.4e+38 28.668004989624 28.5962963104248 28.5962963104248 29.0313606262207 29.4664268493652 29.2800235748291 29.0341796875 29.1496391296387 29.7559604644775 30.166015625 30.3121871948242 30.6822814941406 30.9903163909912 30.5053176879883 30.3140106201172 30.2532196044922 30.2635402679443 30.2847633361816 30.3177604675293 30.4198207855225 30.6376762390137 31.0074806213379 31.4912815093994 31.9495449066162 32.3095893859863 32.2630081176758 32.2149429321289 32.313102722168 32.511775970459 32.7517242431641 32.4926986694336 31.8937835693359 31.3937721252441 31.0951728820801 31.4133625030518 32.5715980529785
0.0203587785363197 0.00693475920706987 0.00267765438184142 0.00425392901524901 -3.4e+38 -3.4e+38 -3.4e+38 -3.4e+38 30.593957901001 30.6825904846191 30.6452388763428 29.6160049438477 28.7397117614746 28.5962963104248 28.1775569915771 28.3600273132324 29.1117515563965 29.2045135498047 28.9963569641113 29.3105907440186 29.4959697723389 29.2046871185303 29.8676719665527 29.9744644165039 29.741283416748 29.6111392974854 29.6958427429199 29.9676399230957 30.2872409820557 30.6686630249023 31.1283359527588 31.565502166748 31.7861957550049 32.0009384155273 32.2500495910645 32.4884414672852 32.4461936950684 32.3560218811035 32.4037551879883 32.6117515563965 32.8594932556152 32.8683586120605 32.4222793579102 31.7704334259033 31.1296653747559 31.3186531066895 32.5633392333984
0.446051895618439 0.223022744059563 0.118781246244907 0.560284495353699 6.04051065444946 11.8794584274292 14.9832563400269 30.4935474395752 30.6175117492676 30.6708145141602 30.7594470977783 30.5054550170898 29.479118347168 28.883129119873 28.041072845459 25.900857925415 27.4118804931641 28.833854675293 28.3343086242676 27.4128646850586 28.1758708953857 28.6572723388672 29.0049896240234 29.1231727600098 29.272087097168 29.6960201263428 30.3693141937256 31.0568103790283 31.713830947876 32.2344741821289 32.4476051330566 32.5069885253906 32.5131149291992 32.5104866027832 32.5893669128418 32.6894187927246 32.6872978210449 32.5964469909668 32.6029586791992 32.6893196105957 32.9808616638184 33.0646018981934 32.7931709289551 32.315731048584 31.5398025512695 31.2149887084961 32.0308723449707
7.33290767669678 6.32366943359375 5.7773609161377 5.87909889221191 8.77566051483154 14.9832563400269 22.351375579834 28.893970489502 30.4935474395752 30.7414741516113 30.7774200439453 30.9286136627197 30.2334899902344 30.2035541534424 29.7058734893799 27.5646419525146 23.8556632995605 19.7704124450684 19.0979747772217 22.6091480255127 19.3852291107178 27.4715785980225 28.1645851135254 29.4104442596436 30.7836208343506 31.6210556030273 32.2936363220215 32.8290214538574 33.1502418518066 33.2609558105469 33.3638610839844 33.3451042175293 33.1272239685059 32.8952941894531 32.763557434082 32.7448692321777 32.7164001464844 32.6466674804688 32.6790466308594 32.7303657531738 32.8206939697266 33.052375793457 32.9945411682129 32.5992546081543 32.1776390075684 31.5610790252686 31.4679222106934
17.2313671112061 16.4864253997803 16.6412239074707 14.0056056976318 13.2305526733398 19.8862457275391 25.5533695220947 28.9826316833496 30.5463352203369 30.9822425842285 31.0330238342285 31.1281452178955 31.4709892272949 31.9577178955078 31.6322135925293 30.0599384307861 26.4311199188232 6.01362657546997 5.15389728546143 15.3281278610229 21.6563491821289 28.655481338501 30.6440773010254 32.2951126098633 32.9352836608887 33.2394828796387 33.527099609375 33.7618408203125 33.8661956787109 33.9347610473633 33.8669815063477 33.7302665710449 33.5979423522949 33.4782752990723 33.2822647094727 33.090518951416 32.9296035766602 32.830493927002 32.8245658874512 32.8361320495605 32.8220596313477 32.8410453796387 33.0301246643066 32.8032913208008 32.4171752929688 32.0710296630859 31.7096405029297
26.2837734222412 26.4430732727051 24.2302436828613 23.1875801086426 23.7359828948975 26.4659233093262 28.1523704528809 30.2579822540283 31.3957710266113 31.7792263031006 31.8717441558838 32.1505393981934 32.3435668945312 32.6186370849609 32.2832221984863 31.5844249725342 31.0347347259521 19.6202163696289 21.7475776672363 25.8860378265381 31.2057094573975 32.9132957458496 33.3170280456543 33.4731750488281 33.5772018432617 33.6891326904297 33.8013000488281 33.8765411376953 33.8350639343262 33.6151123046875 33.4069213867188 33.2999458312988 33.2638664245605 33.3102188110352 33.3307189941406 33.3497772216797 33.2957611083984 33.2289009094238 33.0694389343262 33.0485572814941 32.9994010925293 32.8865356445312 32.8903007507324 32.9608879089355 32.61279296875 32.2804679870605 32.0643196105957
30.408447265625 30.2242088317871 29.1038627624512 29.1899013519287 29.9323043823242 30.9570999145508 31.6597213745117 32.2071113586426 32.7105407714844 32.7774200439453 32.9031066894531 32.7104797363281 32.7630615234375 33.105770111084 33.2177619934082 32.8558502197266 32.431209564209 31.9612789154053 32.8371086120605 33.351318359375 33.5536918640137 33.6497039794922 33.6508979797363 33.59716796875 33.6748886108398 33.7922477722168 33.8054084777832 33.5798263549805 33.3604583740234 33.2235641479492 33.2602005004883 33.2371406555176 33.2313423156738 33.2873992919922 33.3061561584473 33.2794952392578 33.3439292907715 33.4207420349121 33.411979675293 33.2548484802246 33.1488075256348 33.0834426879883 32.9972915649414 32.9529991149902 32.9411010742188 32.5201187133789 32.218376159668
32.1991271972656 32.1622047424316 32.3021430969238 32.6244926452637 32.7628364562988 32.9095611572266 33.0344161987305 33.1117324829102 33.380542755127 33.4174613952637 33.3482208251953 33.0792999267578 32.9036254882812 33.0799522399902 33.3169326782227 33.365161895752 33.3220138549805 33.4148941040039 33.5722122192383 33.5846824645996 33.7203407287598 33.7361145019531 33.6046180725098 33.6614837646484 33.739013671875 33.663501739502 33.4404640197754 33.4267234802246 33.5599746704102 33.7152252197266 33.7489891052246 33.6217155456543 33.4415969848633 33.4298706054688 33.4718475341797 33.5209617614746 33.5095024108887 33.5488929748535 33.5407333374023 33.3762092590332 33.3070373535156 33.3063621520996 33.1841697692871 33.1538047790527 33.046573638916 32.8743438720703 32.5275039672852
33.0084800720215 33.1701126098633 33.5045967102051 33.8256607055664 33.6631202697754 33.5960884094238 33.7489776611328 33.786434173584 33.7752380371094 33.7212753295898 33.5070991516113 33.2039451599121 33.0690269470215 33.1519889831543 33.2757339477539 33.310230255127 33.3858604431152 33.502384185791 33.6635322570801 33.6783790588379 33.865406036377 33.6944351196289 33.6230926513672 33.6691970825195 33.595832824707 33.4656257629395 33.6277236938477 33.8835754394531 34.018009185791 34.0546607971191 34.0526390075684 34.021183013916 33.8950080871582 33.773998260498 33.750072479248 33.7322731018066 33.7151222229004 33.6505813598633 33.578197479248 33.594051361084 33.685977935791 33.7528648376465 33.6110610961914 33.4217300415039 33.2113761901855 33.0651702880859 32.8023300170898
33.7730865478516 33.8490867614746 33.9762535095215 34.0137405395508 33.9518508911133 33.9081802368164 33.9419631958008 33.8666954040527 33.8285865783691 33.7503395080566 33.6785430908203 33.5157623291016 33.2947769165039 33.2899932861328 33.3095016479492 33.2709655761719 33.3802909851074 33.6183776855469 33.7846412658691 33.7612037658691 33.8961181640625 33.678108215332 33.6174278259277 33.575756072998 33.526798248291 33.8086700439453 34.0725288391113 34.2052040100098 34.2342948913574 34.223445892334 34.1866493225098 34.2217063903809 34.2682456970215 34.1761436462402 34.0727195739746 34.0238227844238 34.0169525146484 33.9887962341309 33.9746398925781 33.9880638122559 33.9526710510254 33.9544410705566 33.9840393066406 33.7919273376465 33.5982933044434 33.3180999755859 33.0420799255371
