Ecospace-environmental-drivers/Outputs/ASCII-for-ecospace/Sal-surf/Sal-surf_X1994.03.asc
NCOLS 131 
NROWS 53 
XLLCORNER -98 
YLLCORNER 23.9265270233154 
CELLSIZE 0.133587792515755 
NODATA_value -3.4e+38 
[rows 0 to 20 of 53, columns 47 to 93 of 131]
-3.4e+38 -3.4e+38 -3.4e+38 -3.4e+38 -3.4e+38 -3.4e+38 -3.4e+38 -3.4e+38 -3.4e+38 -3.4e+38 -3.4e+38 -3.4e+38 -3.4e+38 -3.4e+38 -3.4e+38 -3.4e+38 -3.4e+38 -3.4e+38 -3.4e+38 -3.4e+38 -3.4e+38 -3.4e+38 -3.4e+38 -3.4e+38 -3.4e+38 -3.4e+38 -3.4e+38 -3.4e+38 -3.4e+38 -3.4e+38 -3.4e+38 -3.4e+38 -3.4e+38 -3.4e+38 -3.4e+38 -3.4e+38 -3.4e+38 -3.4e+38 -3.4e+38 -3.4e+38 -3.4e+38 -3.4e+38 -3.4e+38 -3.4e+38 -3.4e+38 -3.4e+38 -3.4e+38
-3.4e+38 -3.4e+38 -3.4e+38 -3.4e+38 -3.4e+38 -3.4e+38 -3.4e+38 -3.4e+38 -3.4e+38 -3.4e+38 -3.4e+38 -3.4e+38 -3.4e+38 -3.4e+38 -3.4e+38 -3.4e+38 -3.4e+38 -3.4e+38 -3.4e+38 -3.4e+38 -3.4e+38 -3.4e+38 -3.4e+38 -3.4e+38 -3.4e+38 -3.4e+38 -3.4e+38 -3.4e+38 -3.4e+38 -3.4e+38 -3.4e+38 -3.4e+38 -3.4e+38 -3.4e+38 -3.4e+38 -3.4e+38 -3.4e+38 -3.4e+38 -3.4e+38 -3.4e+38 -3.4e+38 -3.4e+38 -3.4e+38 -3.4e+38 -3.4e+38 -3.4e+38 -3.4e+38
-3.4e+38 -3.4e+38 -3.4e+38 -3.4e+38 -3.4e+38 -3.4e+38 -3.4e+38 -3.4e+38 -3.4e+38 -3.4e+38 -3.4e+38 -3.4e+38 -3.4e+38 -3.4e+38 -3.4e+38 -3.4e+38 -3.4e+38 -3.4e+38 -3.4e+38 -3.4e+38 -3.4e+38 -3.4e+38 -3.4e+38 -3.4e+38 -3.4e+38 -3.4e+38 -3.4e+38 1.52194535732269 1.40638625621796 -3.4e+38 -3.4e+38 -3.4e+38 -3.4e+38 -3.4e+38 -3.4e+38 -3.4e+38 -3.4e+38 -3.4e+38 -3.4e+38 -3.4e+38 -3.4e+38 -3.4e+38 -3.4e+38 -3.4e+38 -3.4e+38 -3.4e+38 -3.4e+38
-3.4e+38 -3.4e+38 -3.4e+38 -3.4e+38 -3.4e+38 -3.4e+38 -3.4e+38 -3.4e+38 -3.4e+38 -3.4e+38 -3.4e+38 -3.4e+38 -3.4e+38 -3.4e+38 -3.4e+38 -3.4e+38 -3.4e+38 -3.4e+38 -3.4e+38 -3.4e+38 -3.4e+38 -3.4e+38 -3.4e+38 -3.4e+38 -3.4e+38 -3.4e+38 -3.4e+38 11.0383129119873 10.7198486328125 -3.4e+38 -3.4e+38 -3.4e+38 -3.4e+38 -3.4e+38 -3.4e+38 -3.4e+38 -3.4e+38 -3.4e+38 -3.4e+38 -3.4e+38 -3.4e+38 -3.4e+38 -3.4e+38 -3.4e+38 -3.4e+38 -3.4e+38 -3.4e+38
-3.4e+38 -3.4e+38 -3.4e+38 -3.4e+38 -3.4e+38 -3.4e+38 -3.4e+38 -3.4e+38 -3.4e+38 15.5008268356323 15.5008268356323 15.4764404296875 14.1114463806152 -3.4e+38 -3.4e+38 -3.4e+38 -3.4e+38 -3.4e+38 26.084321975708 26.1033020019531 23.1997013092041 20.3581886291504 14.2338752746582 10.8192090988159 19.2740020751953 24.890531539917 27.554349899292 25.3761692047119 26.5406856536865 30.480920791626 -3.4e+38 -3.4e+38 33.627513885498 32.6351089477539 29.924467086792 33.8123893737793 34.1980285644531 34.3586959838867 34.4329376220703 34.5880088806152 34.6455993652344 34.7108306884766 -3.4e+38 -3.4e+38 -3.4e+38 -3.4e+38 -3.4e+38
-3.4e+38 -3.4e+38 -3.4e+38 -3.4e+38 -3.4e+38 -3.4e+38 -3.4e+38 -3.4e+38 15.5008268356323 15.5008268356323 15.5008268356323 15.5008268356323 15.4520530700684 14.1075820922852 11.3853235244751 -3.4e+38 17.6420269012451 23.358226776123 25.6939163208008 29.1818447113037 30.3506660461426 28.8617362976074 21.3409976959229 20.6106338500977 24.4690990447998 28.6866874694824 30.225492477417 31.6546401977539 31.6746406555176 30.8865871429443 33.5920829772949 33.6625289916992 33.5876922607422 33.6323204040527 33.3959541320801 34.3065719604492 34.5875816345215 34.718376159668 34.7794876098633 34.8169174194336 34.8252296447754 34.7351150512695 34.6373863220215 34.5722579956055 -3.4e+38 -3.4e+38 -3.4e+38
-3.4e+38 -3.4e+38 -3.4e+38 -3.4e+38 -3.4e+38 -3.4e+38 -3.4e+38 -3.4e+38 15.7549409866333 15.5008268356323 15.5008268356323 15.5008268356323 15.5008268356323 15.4032802581787 14.1408977508545 11.3853235244751 13.1093301773071 22.7152252197266 28.547477722168 31.9835262298584 33.3062171936035 33.6630020141602 33.8794746398926 33.9826507568359 33.983699798584 34.2105674743652 34.299015045166 34.1685256958008 34.1076812744141 34.049919128418 34.1824913024902 34.4582023620605 34.630313873291 34.8179473876953 34.993724822998 35.1141090393066 35.1391906738281 35.1474266052246 35.1324348449707 35.2059555053711 35.2529716491699 35.1847648620605 34.9747886657715 34.7129554748535 34.4952774047852 34.4009017944336 -3.4e+38
-3.4e+38 -3.4e+38 -3.4e+38 -3.4e+38 -3.4e+38 -3.4e+38 -3.4e+38 -3.4e+38 -3.4e+38 -3.4e+38 15.5008268356323 15.5008268356323 15.5008268356323 -3.4e+38 15.3057327270508 14.3717060089111 14.5274095535278 18.4055366516113 26.1609897613525 30.3893013000488 32.2352752685547 32.8800239562988 33.9076652526855 34.449291229248 34.4995079040527 34.5312080383301 34.6312980651855 34.751163482666 34.8287773132324 34.8730697631836 34.9299392700195 35.026985168457 35.0419120788574 35.090934753418 35.0951843261719 35.0963020324707 35.121036529541 35.1408843994141 35.154354095459 35.1883888244629 35.2803726196289 35.3629837036133 35.2983436584473 35.0763206481934 34.7422943115234 34.369083404541 33.9969520568848
-3.4e+38 -3.4e+38 -3.4e+38 -3.4e+38 -3.4e+38 -3.4e+38 -3.4e+38 -3.4e+38 -3.4e+38 -3.4e+38 -3.4e+38 -3.4e+38 -3.4e+38 -3.4e+38 15.3593988418579 15.4095268249512 18.8185272216797 17.1920051574707 22.9245471954346 28.1677055358887 30.9318904876709 32.2959747314453 33.478759765625 33.8189544677734 33.6898803710938 33.5631332397461 33.7415809631348 34.1769065856934 34.5761070251465 34.819450378418 34.9146118164062 34.9215126037598 34.9306411743164 34.9715347290039 35.0717887878418 35.1432723999023 35.1684646606445 35.1592903137207 35.1535568237305 35.1672439575195 35.2429008483887 35.367561340332 35.3918991088867 35.325611114502 35.111930847168 34.768367767334 34.1397705078125
20.0370826721191 -3.4e+38 -3.4e+38 -3.4e+38 -3.4e+38 -3.4e+38 -3.4e+38 -3.4e+38 -3.4e+38 -3.4e+38 25.6629390716553 22.3619041442871 -3.4e+38 -3.4e+38 -3.4e+38 23.5297775268555 26.7544384002686 25.0690612792969 25.3911666870117 28.912425994873 31.4374313354492 32.5002593994141 33.1453971862793 32.9523735046387 32.6854972839355 32.721565246582 33.0209007263184 33.6289825439453 34.2250747680664 34.5866813659668 34.7399673461914 34.7762069702148 34.8194007873535 34.9667549133301 35.1401977539062 35.1876602172852 35.2096214294434 35.2168388366699 35.2068901062012 35.2267646789551 35.2686157226562 35.3517379760742 35.3814735412598 35.3767051696777 35.2752113342285 35.0124435424805 34.3899345397949
18.1039981842041 12.5702238082886 -3.4e+38 -3.4e+38 -3.4e+38 -3.4e+38 -3.4e+38 -3.4e+38 -3.4e+38 -3.4e+38 30.2617111206055 29.6109600067139 29.2229804992676 -3.4e+38 -3.4e+38 30.2991809844971 29.8263397216797 28.3402271270752 29.3586044311523 31.4075489044189 32.480110168457 32.6764373779297 32.4956207275391 32.1255836486816 32.2148056030273 32.4468193054199 32.7804489135742 33.3064880371094 34.0176162719727 34.4398994445801 34.6042213439941 34.7046432495117 34.8234825134277 34.9926872253418 35.0735244750977 35.1018333435059 35.1133422851562 35.1686210632324 35.1933784484863 35.237117767334 35.2711448669434 35.3170127868652 35.3691253662109 35.3750419616699 35.3276214599609 35.1123237609863 34.6414527893066
18.7504730224609 8.78993129730225 0.742141127586365 7.82697105407715 -3.4e+38 -3.4e+38 -3.4e+38 -3.4e+38 -3.4e+38 -3.4e+38 -3.4e+38 29.6977462768555 29.0062217712402 29.2229804992676 29.1146678924561 29.734338760376 30.6860122680664 30.5524826049805 31.4722099304199 32.5432052612305 32.53955078125 31.7911186218262 31.4623718261719 31.6990852355957 32.4127311706543 32.8706588745117 32.8607444763184 33.3412170410156 33.9479598999023 34.2996940612793 34.5266609191895 34.7418174743652 34.9091911315918 34.9076232910156 34.831714630127 34.8314247131348 34.9176597595215 35.0499496459961 35.080207824707 35.1115760803223 35.2104263305664 35.2688484191895 35.3308563232422 35.3375587463379 35.3418464660645 35.1915130615234 34.8861694335938
27.0102806091309 20.9434776306152 12.9556922912598 9.78307914733887 -3.4e+38 -3.4e+38 -3.4e+38 -3.4e+38 30.6776885986328 30.6232852935791 30.4105014801025 29.7961483001709 28.984992980957 28.8106899261475 28.1258201599121 27.1934051513672 26.4590091705322 31.0891590118408 31.7170562744141 31.8064155578613 31.3341331481934 30.9112510681152 31.3381671905518 32.3229179382324 32.8323173522949 33.1381225585938 33.3702926635742 33.6590576171875 33.9448509216309 34.1396827697754 34.3639831542969 34.7116584777832 34.8261413574219 34.640926361084 34.5808715820312 34.5985794067383 34.6886329650879 34.8777656555176 35.0036392211914 35.0231895446777 35.1247520446777 35.1976356506348 35.2567481994629 35.2796173095703 35.3031120300293 35.2498435974121 35.2136192321777
30.8390483856201 29.746150970459 27.3332805633545 23.6764335632324 26.3162937164307 29.8896236419678 30.486177444458 30.5249862670898 30.5187606811523 30.2853336334229 30.1358966827393 30.2898578643799 29.1594886779785 29.3988304138184 29.008581161499 26.4778728485107 21.6687431335449 18.2797813415527 19.4772338867188 23.0735511779785 26.1286792755127 29.8743324279785 31.9500598907471 33.1872444152832 33.5588722229004 33.5479927062988 33.683406829834 33.7477722167969 33.8705673217773 34.0906982421875 34.2510871887207 34.5336494445801 34.6385765075684 34.6271553039551 34.6782760620117 34.6075096130371 34.4957084655762 34.5461463928223 34.8095436096191 34.9312477111816 35.0086936950684 35.0959320068359 35.1274528503418 35.1452140808105 35.1648559570312 35.1752967834473 35.2442207336426
31.7418460845947 31.3693943023682 30.8140907287598 30.1289405822754 30.0717124938965 30.5811882019043 30.5806655883789 30.368293762207 30.1623916625977 30.101619720459 30.0826854705811 30.0412731170654 30.4925174713135 31.0146751403809 31.1425342559814 30.1011505126953 25.7238750457764 7.56606721878052 5.48679113388062 10.3953657150269 24.6464157104492 30.7695751190186 33.0569915771484 34.0312194824219 34.5184440612793 34.5643882751465 34.4983100891113 34.3832359313965 34.3109169006348 34.2729034423828 34.3761405944824 34.4426803588867 34.4712448120117 34.6189613342285 34.6924896240234 34.6348533630371 34.494068145752 34.4753227233887 34.6401138305664 34.8298377990723 34.9168395996094 35.010498046875 35.0134582519531 35.022891998291 35.0517959594727 35.1131820678711 35.220531463623
32.4953384399414 32.163932800293 31.7887191772461 31.467716217041 31.1277618408203 30.9853343963623 30.912260055542 30.9041309356689 30.9229221343994 31.1898174285889 31.4685516357422 31.5764293670654 31.7345695495605 32.1682929992676 31.8409862518311 30.6860103607178 28.3060188293457 18.6393547058105 23.5453472137451 27.1009941101074 31.4791793823242 33.4423446655273 34.1035232543945 34.5192337036133 34.7124786376953 34.7042999267578 34.6366653442383 34.5611305236816 34.4991035461426 34.4648857116699 34.4754486083984 34.4427528381348 34.4927215576172 34.4795150756836 34.4774208068848 34.4801330566406 34.4621772766113 34.4972381591797 34.6489334106445 34.783203125 34.8591918945312 34.9124031066895 34.9258842468262 34.978084564209 35.0310707092285 35.1371078491211 35.2618141174316
33.2766227722168 32.9403305053711 32.5168685913086 32.1783332824707 31.9089450836182 31.7942523956299 31.8055267333984 31.8734931945801 32.0499267578125 32.3644027709961 32.4682579040527 32.4710350036621 32.9028663635254 33.5472030639648 33.681453704834 32.896656036377 32.0509223937988 31.8864402770996 32.4908142089844 33.0575866699219 33.9087448120117 34.2529602050781 34.6181907653809 34.8875617980957 34.830078125 34.8759460449219 34.9267807006836 34.9480857849121 34.8919105529785 34.8273773193359 34.7405471801758 34.6415023803711 34.5550003051758 34.5575180053711 34.5175094604492 34.5404281616211 34.5748672485352 34.6347770690918 34.7685279846191 34.8655662536621 34.9099197387695 34.9321365356445 34.9710350036621 35.0226364135742 35.0781631469727 35.1624412536621 35.2627792358398
34.0851058959961 33.7550735473633 33.3107147216797 32.902702331543 32.6205024719238 32.4991264343262 32.5127372741699 32.6278114318848 32.8155174255371 33.0177574157715 33.1587142944336 33.2456245422363 33.7854423522949 34.5634651184082 34.8928642272949 34.9086723327637 34.8212966918945 34.7564392089844 34.6865997314453 34.7261428833008 34.8506889343262 34.9631500244141 35.1474914550781 35.1458969116211 35.0782432556152 35.0935249328613 35.2126998901367 35.2606964111328 35.1888771057129 35.09228515625 35.0305023193359 34.9486541748047 34.8531188964844 34.7837677001953 34.7224731445312 34.6669425964355 34.7182121276855 34.8432464599609 35.0311508178711 35.0428810119629 35.0510025024414 35.1064949035645 35.180736541748 35.2286224365234 35.2889556884766 35.2419929504395 35.2732162475586
34.774471282959 34.5328369140625 34.2853698730469 33.9912757873535 33.7263717651367 33.5846099853516 33.5397796630859 33.5626831054688 33.6272621154785 33.6848182678223 33.7175331115723 33.9571762084961 34.4012718200684 34.7871284484863 35.1103363037109 35.1647682189941 35.2026290893555 35.1570205688477 35.1592636108398 35.1712875366211 35.1557998657227 35.1853332519531 35.217342376709 35.1807670593262 35.1875801086426 35.2115020751953 35.301570892334 35.3224945068359 35.2273712158203 35.0275459289551 34.873836517334 34.7904167175293 34.7489471435547 34.7312049865723 34.7553443908691 34.8383407592773 35.0139312744141 35.1436080932617 35.1266136169434 35.1958427429199 35.2917098999023 35.3660736083984 35.4124603271484 35.4482383728027 35.4732398986816 35.3832130432129 35.3718528747559
35.3177261352539 35.220287322998 35.0215873718262 34.7882843017578 34.5846405029297 34.4022064208984 34.3114776611328 34.2560844421387 34.2243499755859 34.2189331054688 34.2115821838379 34.4167709350586 34.6771621704102 34.9501152038574 35.1702919006348 35.2472496032715 35.2958831787109 35.3329124450684 35.3245735168457 35.2523498535156 35.2180290222168 35.2626190185547 35.2509422302246 35.2084274291992 35.2306060791016 35.2393951416016 35.2775382995605 35.2991676330566 35.1050262451172 34.8303337097168 34.7931060791016 34.7834243774414 34.7503890991211 34.7753791809082 34.8394470214844 34.9876441955566 35.1855545043945 35.19921875 35.1997947692871 35.3298683166504 35.3936538696289 35.4421234130859 35.4586181640625 35.4553184509277 35.4730834960938 35.4247283935547 35.4099807739258
35.5108680725098 35.5189018249512 35.5059776306152 35.4474601745605 35.3423538208008 35.2042808532715 35.1413955688477 35.0909805297852 35.0247383117676 35.0431976318359 35.0879745483398 35.1808242797852 35.279354095459 35.3071670532227 35.3024215698242 35.3098297119141 35.3530387878418 35.3845672607422 35.3060989379883 35.2597579956055 35.3070602416992 35.3770408630371 35.3973350524902 35.3558883666992 35.3493232727051 35.3188247680664 35.2801628112793 35.1332130432129 34.9172821044922 34.8533058166504 34.9158592224121 34.9572868347168 34.9033164978027 34.8669891357422 34.9465637207031 35.0602073669434 35.2069244384766 35.2724380493164 35.255256652832 35.3017692565918 35.333984375 35.3543319702148 35.3269844055176 35.2986259460449 35.3539085388184 35.3814506530762 35.395938873291
