Ecospace-environmental-drivers/Outputs/ASCII-for-ecospace/Sal-surf/Sal-surf_X2017.04.asc
NCOLS 131 
NROWS 53 
XLLCORNER -98 
YLLCORNER 23.9265270233154 
CELLSIZE 0.133587792515755 
NODATA_value -3.4e+38 
[rows 0 to 20 of 53, columns 47 to 93 of 131]
-3.4e+38 -3.4e+38 -3.4e+38 -3.4e+38 -3.4e+38 -3.4e+38 -3.4e+38 -3.4e+38 -3.4e+38 -3.4e+38 -3.4e+38 -3.4e+38 -3.4e+38 -3.4e+38 -3.4e+38 -3.4e+38 -3.4e+38 -3.4e+38 -3.4e+38 -3.4e+38 -3.4e+38 -3.4e+38 -3.4e+38 -3.4e+38 -3.4e+38 -3.4e+38 -3.4e+38 -3.4e+38 -3.4e+38 -3.4e+38 -3.4e+38 -3.4e+38 -3.4e+38 -3.4e+38 -3.4e+38 -3.4e+38 -3.4e+38 -3.4e+38 -3.4e+38 -3.4e+38 -3.4e+38 -3.4e+38 -3.4e+38 -3.4e+38 -3.4e+38 -3.4e+38 -3.4e+38
-3.4e+38 -3.4e+38 -3.4e+38 -3.4e+38 -3.4e+38 -3.4e+38 -3.4e+38 -3.4e+38 -3.4e+38 -3.4e+38 -3.4e+38 -3.4e+38 -3.4e+38 -3.4e+38 -3.4e+38 -3.4e+38 -3.4e+38 -3.4e+38 -3.4e+38 -3.4e+38 -3.4e+38 -3.4e+38 -3.4e+38 -3.4e+38 -3.4e+38 -3.4e+38 -3.4e+38 -3.4e+38 -3.4e+38 -3.4e+38 -3.4e+38 -3.4e+38 -3.4e+38 -3.4e+38 -3.4e+38 -3.4e+38 -3.4e+38 -3.4e+38 -3.4e+38 -3.4e+38 -3.4e+38 -3.4e+38 -3.4e+38 -3.4e+38 -3.4e+38 -3.4e+38 -3.4e+38
-3.4e+38 -3.4e+38 -3.4e+38 -3.4e+38 -3.4e+38 -3.4e+38 -3.4e+38 -3.4e+38 -3.4e+38 -3.4e+38 -3.4e+38 -3.4e+38 -3.4e+38 -3.4e+38 -3.4e+38 -3.4e+38 -3.4e+38 -3.4e+38 -3.4e+38 -3.4e+38 -3.4e+38 -3.4e+38 -3.4e+38 -3.4e+38 -3.4e+38 -3.4e+38 -3.4e+38 0.769021332263947 0.684815764427185 -3.4e+38 -3.4e+38 -3.4e+38 -3.4e+38 -3.4e+38 -3.4e+38 -3.4e+38 -3.4e+38 -3.4e+38 -3.4e+38 -3.4e+38 -3.4e+38 -3.4e+38 -3.4e+38 -3.4e+38 -3.4e+38 -3.4e+38 -3.4e+38
-3.4e+38 -3.4e+38 -3.4e+38 -3.4e+38 -3.4e+38 -3.4e+38 -3.4e+38 -3.4e+38 -3.4e+38 -3.4e+38 -3.4e+38 -3.4e+38 -3.4e+38 -3.4e+38 -3.4e+38 -3.4e+38 -3.4e+38 -3.4e+38 -3.4e+38 -3.4e+38 -3.4e+38 -3.4e+38 -3.4e+38 -3.4e+38 -3.4e+38 -3.4e+38 -3.4e+38 9.08014869689941 5.7796630859375 -3.4e+38 -3.4e+38 -3.4e+38 -3.4e+38 -3.4e+38 -3.4e+38 -3.4e+38 -3.4e+38 -3.4e+38 -3.4e+38 -3.4e+38 -3.4e+38 -3.4e+38 -3.4e+38 -3.4e+38 -3.4e+38 -3.4e+38 -3.4e+38
-3.4e+38 -3.4e+38 -3.4e+38 -3.4e+38 -3.4e+38 -3.4e+38 -3.4e+38 -3.4e+38 -3.4e+38 20.1203117370605 20.1203117370605 20.0599727630615 17.4851570129395 -3.4e+38 -3.4e+38 -3.4e+38 -3.4e+38 -3.4e+38 23.8159484863281 24.2928524017334 17.4327125549316 15.5257425308228 13.3612499237061 14.8634309768677 26.18235206604 32.5966796875 32.621265411377 22.9771385192871 27.4985427856445 34.7014274597168 -3.4e+38 -3.4e+38 34.0035514831543 33.1136207580566 30.5041923522949 35.0055389404297 35.2776527404785 35.3611297607422 35.3559341430664 35.3183670043945 35.2591743469238 35.2217025756836 -3.4e+38 -3.4e+38 -3.4e+38 -3.4e+38 -3.4e+38
-3.4e+38 -3.4e+38 -3.4e+38 -3.4e+38 -3.4e+38 -3.4e+38 -3.4e+38 -3.4e+38 20.1203117370605 20.1203117370605 20.1203117370605 20.1203117370605 19.9996356964111 17.3985595703125 12.4221220016479 -3.4e+38 17.3291435241699 20.2877006530762 24.721097946167 25.9621391296387 22.073278427124 21.569543838501 19.3978309631348 23.5494861602783 28.247013092041 32.1669464111328 33.4398612976074 33.0789260864258 33.7220115661621 34.6807861328125 34.0156478881836 33.9859237670898 33.9684104919434 34.0563163757324 33.9255638122559 35.0782775878906 35.2637786865234 35.4299240112305 35.4914474487305 35.4613914489746 35.3710784912109 35.2149810791016 35.0415840148926 34.9095993041992 -3.4e+38 -3.4e+38 -3.4e+38
-3.4e+38 -3.4e+38 -3.4e+38 -3.4e+38 -3.4e+38 -3.4e+38 -3.4e+38 -3.4e+38 20.271858215332 20.1203117370605 20.1203117370605 20.1203117370605 20.1203117370605 19.8789596557617 17.1728458404541 12.4221220016479 12.8268518447876 23.7798976898193 30.870174407959 31.6955013275146 29.8908214569092 30.5343418121338 31.2173595428467 31.8964004516602 32.6001510620117 33.1546211242676 33.693302154541 34.0578422546387 34.2958526611328 34.4216651916504 34.5183944702148 34.705623626709 34.9322738647461 35.1420860290527 35.3464393615723 35.5823173522949 35.8013000488281 35.8797607421875 35.9231376647949 35.9823837280273 35.9545021057129 35.7916107177734 35.4760475158691 35.0160331726074 34.5886650085449 34.214729309082 -3.4e+38
-3.4e+38 -3.4e+38 -3.4e+38 -3.4e+38 -3.4e+38 -3.4e+38 -3.4e+38 -3.4e+38 -3.4e+38 -3.4e+38 20.1203117370605 20.1203117370605 20.1203117370605 -3.4e+38 19.6376056671143 16.5113410949707 17.753532409668 29.3617477416992 33.9790840148926 33.8403968811035 33.1924133300781 32.8361358642578 32.6854591369629 32.9689331054688 33.4462814331055 33.6917915344238 33.9322090148926 34.1670303344727 34.425121307373 34.6760063171387 34.8860168457031 35.0995445251465 35.2901954650879 35.4736747741699 35.7746658325195 36.0575981140137 36.1434173583984 36.1684646606445 36.1672973632812 36.2199974060059 36.2561149597168 36.2129821777344 36.0423698425293 35.7892227172852 35.1937217712402 34.2473793029785 32.8291511535645
-3.4e+38 -3.4e+38 -3.4e+38 -3.4e+38 -3.4e+38 -3.4e+38 -3.4e+38 -3.4e+38 -3.4e+38 -3.4e+38 -3.4e+38 -3.4e+38 -3.4e+38 -3.4e+38 19.5798225402832 18.0764026641846 26.1150131225586 32.1795082092285 34.2465438842773 33.7018241882324 33.1054496765137 32.9087829589844 33.0104331970215 33.4130401611328 33.9667930603027 34.2357139587402 34.4975891113281 34.6310234069824 34.882511138916 34.98583984375 35.1990356445312 35.3646125793457 35.5141181945801 35.7904815673828 36.0394821166992 36.1140518188477 36.1389656066895 36.1506958007812 36.1780204772949 36.2172012329102 36.262264251709 36.2961006164551 36.2746849060059 36.1848411560059 35.9440422058105 35.5026435852051 33.4958419799805
12.9093255996704 -3.4e+38 -3.4e+38 -3.4e+38 -3.4e+38 -3.4e+38 -3.4e+38 -3.4e+38 -3.4e+38 -3.4e+38 27.4453582763672 24.2120552062988 -3.4e+38 -3.4e+38 -3.4e+38 28.3605995178223 34.4518890380859 34.4706764221191 33.9490547180176 33.4098663330078 33.2047119140625 33.1469573974609 33.4396514892578 33.8519515991211 34.3160095214844 34.6805076599121 34.9171142578125 35.1001091003418 35.2837982177734 35.4124717712402 35.5507507324219 35.6265830993652 35.8035926818848 36.0195846557617 36.1274261474609 36.1855850219727 36.1979789733887 36.1998634338379 36.2085609436035 36.2280578613281 36.2569847106934 36.3100967407227 36.3345108032227 36.3065376281738 36.1896171569824 35.9874839782715 34.8960380554199
12.1015176773071 6.2994270324707 -3.4e+38 -3.4e+38 -3.4e+38 -3.4e+38 -3.4e+38 -3.4e+38 -3.4e+38 -3.4e+38 31.3423919677734 29.4570083618164 28.3038005828857 -3.4e+38 -3.4e+38 34.9041900634766 34.7906913757324 34.0525856018066 33.2732086181641 33.4481735229492 33.493091583252 33.5825424194336 33.8482475280762 34.1716194152832 34.4905014038086 35.1577072143555 35.401424407959 35.4907608032227 35.5454635620117 35.6218757629395 35.7138748168945 35.8231468200684 35.966381072998 36.1093635559082 36.1763038635254 36.1754341125488 36.1810913085938 36.2003364562988 36.2277221679688 36.2427444458008 36.2689552307129 36.3237037658691 36.3621520996094 36.363712310791 36.3389282226562 36.220142364502 35.895679473877
17.9069938659668 6.00928497314453 0.661320924758911 11.1877574920654 -3.4e+38 -3.4e+38 -3.4e+38 -3.4e+38 -3.4e+38 -3.4e+38 -3.4e+38 30.1182098388672 27.5650653839111 28.3038005828857 27.9521980285645 31.7740993499756 34.4075202941895 33.438720703125 33.0934219360352 33.3143615722656 33.2891235351562 33.5007362365723 33.7428855895996 34.0725746154785 34.8861122131348 35.6386604309082 35.8292198181152 35.8241882324219 35.8116111755371 35.8105201721191 35.8912315368652 35.9578971862793 36.0450897216797 36.1363792419434 36.125659942627 36.1100082397461 36.1167144775391 36.1399841308594 36.1953048706055 36.2399139404297 36.2682647705078 36.3084754943848 36.3750228881836 36.3906707763672 36.3831748962402 36.323299407959 36.1963386535645
30.2493343353271 25.1065254211426 18.6715507507324 14.2304000854492 -3.4e+38 -3.4e+38 -3.4e+38 -3.4e+38 32.5220985412598 32.2300834655762 31.4518337249756 30.1810894012451 28.7845878601074 25.6068096160889 22.9939956665039 24.3753356933594 25.3042697906494 33.8217010498047 32.9181938171387 32.2011489868164 32.6749153137207 33.025089263916 33.7059020996094 34.9625473022461 35.8010368347168 36.0534210205078 36.0915412902832 36.071117401123 36.0350036621094 36.0088386535645 36.0416069030762 36.0623321533203 36.0998420715332 36.0880661010742 36.0567398071289 36.0512847900391 36.0665435791016 36.0940780639648 36.138484954834 36.2206687927246 36.2631187438965 36.3037033081055 36.3684196472168 36.4033279418945 36.4070930480957 36.3925514221191 36.3594779968262
31.5854549407959 31.4606628417969 30.9797954559326 31.2472667694092 32.2085952758789 32.2066497802734 31.8411483764648 31.6412792205811 31.4755554199219 30.6438865661621 30.4533538818359 32.3346290588379 27.8810443878174 26.3851413726807 26.3472175598145 22.6268520355225 15.5010900497437 12.0297317504883 18.7956562042236 23.79176902771 27.6186790466309 32.6185760498047 34.5840263366699 35.9953308105469 36.1186485290527 36.1255378723145 36.150993347168 36.1835823059082 36.1873016357422 36.160587310791 36.1200942993164 36.1127548217773 36.1253662109375 36.1075973510742 36.0644111633301 36.0496406555176 36.0714912414551 36.1048011779785 36.1391525268555 36.2028274536133 36.2541236877441 36.2869491577148 36.3501167297363 36.396068572998 36.4143753051758 36.4267845153809 36.4214782714844
32.012279510498 31.8866672515869 31.8257865905762 31.7214412689209 31.6444396972656 31.4573440551758 31.1727619171143 30.8442649841309 30.4639091491699 30.0198211669922 29.4130916595459 29.1597003936768 29.3829803466797 30.4406337738037 30.5138378143311 29.1269493103027 23.4438705444336 4.83356809616089 5.16377353668213 10.6014719009399 25.364200592041 32.6662750244141 35.2793579101562 36.0083770751953 36.0831031799316 36.1220703125 36.1873397827148 36.2213668823242 36.2296257019043 36.2167091369629 36.1782531738281 36.1298370361328 36.1238975524902 36.1195526123047 36.095157623291 36.0915374755859 36.100471496582 36.119701385498 36.1610374450684 36.2098007202148 36.2569923400879 36.2786750793457 36.322437286377 36.3697700500488 36.3954048156738 36.4195518493652 36.432315826416
33.1044235229492 32.8060111999512 32.4999389648438 32.1661338806152 31.9393615722656 31.6978645324707 31.5474262237549 31.3460159301758 31.206356048584 31.2557334899902 31.3854389190674 31.5330982208252 32.1160583496094 32.4062461853027 31.610164642334 30.1866874694824 27.4425411224365 17.4496650695801 22.3806037902832 27.3168964385986 31.6573944091797 33.9194068908691 35.2975807189941 35.9819602966309 36.201602935791 36.2715339660645 36.2733116149902 36.2673225402832 36.252326965332 36.2297554016113 36.2155456542969 36.1861190795898 36.1468086242676 36.1416931152344 36.130744934082 36.1146469116211 36.1311836242676 36.1338577270508 36.1553115844727 36.1959686279297 36.2355880737305 36.2711524963379 36.3087539672852 36.3502540588379 36.3729476928711 36.3930244445801 36.4194564819336
34.3096923828125 33.990291595459 33.570629119873 33.0861167907715 32.6577911376953 32.3431625366211 32.3617668151855 32.5516662597656 32.6810722351074 32.895565032959 33.1568565368652 33.0989685058594 33.6782989501953 33.7209091186523 32.7818908691406 31.9208679199219 31.2692413330078 30.9456386566162 31.7801189422607 33.2134323120117 34.6106872558594 35.4005851745605 36.0150260925293 36.2675590515137 36.3173332214355 36.3062553405762 36.3005104064941 36.2945976257324 36.2850341796875 36.2822494506836 36.275146484375 36.2607002258301 36.2310180664062 36.1836433410645 36.1536064147949 36.1249198913574 36.1411094665527 36.1479835510254 36.1305656433105 36.1457481384277 36.1766128540039 36.2257614135742 36.2704887390137 36.3123779296875 36.3396797180176 36.3613777160645 36.3868179321289
35.1464996337891 35.0206146240234 34.6861877441406 34.1702499389648 33.7062568664551 33.3980827331543 33.4905166625977 33.8596496582031 33.9290046691895 34.0357818603516 34.0083503723145 33.8962669372559 34.4694213867188 34.6742668151855 34.3233795166016 33.9767799377441 33.702808380127 33.6628799438477 34.322021484375 35.3093109130859 35.9907493591309 36.1970329284668 36.2636108398438 36.3123664855957 36.3111267089844 36.3207397460938 36.3155250549316 36.3141555786133 36.3313827514648 36.3316192626953 36.3157005310059 36.2816429138184 36.2470283508301 36.2182769775391 36.1708450317383 36.120059967041 36.1217384338379 36.1343612670898 36.1030349731445 36.1170196533203 36.1369361877441 36.1682395935059 36.2163009643555 36.2599143981934 36.3035202026367 36.3288650512695 36.3540382385254
35.8252334594727 35.717643737793 35.495777130127 34.946403503418 34.5741653442383 34.4412078857422 34.600513458252 34.7550621032715 34.8050346374512 34.7559967041016 34.6241111755371 34.763671875 35.0262184143066 35.1478462219238 35.5065307617188 35.595386505127 35.5177154541016 35.4301376342773 35.6473846435547 35.9859390258789 36.2215156555176 36.2570266723633 36.2572212219238 36.2796974182129 36.3118743896484 36.3236045837402 36.3112373352051 36.3311157226562 36.3350830078125 36.3391876220703 36.3334808349609 36.2995529174805 36.2448844909668 36.211353302002 36.1918983459473 36.151180267334 36.1316261291504 36.1291465759277 36.0891380310059 36.0998916625977 36.1061592102051 36.1213455200195 36.1600036621094 36.207691192627 36.2577095031738 36.2921676635742 36.3209838867188
36.2394256591797 36.1024627685547 35.824047088623 35.5389671325684 35.3260345458984 35.3486251831055 35.482982635498 35.527099609375 35.5105361938477 35.350757598877 35.3904838562012 35.6348876953125 35.6731109619141 35.8281021118164 36.1913757324219 36.2176704406738 36.1724281311035 36.1370429992676 36.2344741821289 36.3254318237305 36.3240966796875 36.2806396484375 36.2498741149902 36.2649612426758 36.3128204345703 36.320686340332 36.3204689025879 36.3406867980957 36.3538131713867 36.352123260498 36.3363952636719 36.303955078125 36.2451095581055 36.2033233642578 36.1889381408691 36.1654396057129 36.1504402160645 36.1504402160645 36.1124877929688 36.1232452392578 36.1131248474121 36.1115684509277 36.1275596618652 36.1484603881836 36.2041778564453 36.2524871826172 36.2823181152344
36.235164642334 36.1237831115723 35.9991912841797 36.0263824462891 36.0377578735352 35.9998397827148 36.1491012573242 36.1768417358398 36.1445159912109 36.0498161315918 36.0931053161621 36.1989898681641 36.1601371765137 36.1518936157227 36.2479705810547 36.3202285766602 36.3357772827148 36.3059844970703 36.3302001953125 36.363395690918 36.3392219543457 36.3093528747559 36.2873764038086 36.2894744873047 36.3289375305176 36.3213157653809 36.3131561279297 36.3436508178711 36.3634490966797 36.3611679077148 36.3442115783691 36.299259185791 36.2573623657227 36.2157096862793 36.1969947814941 36.1827507019043 36.1705017089844 36.1672325134277 36.1418571472168 36.1582183837891 36.1677589416504 36.1668090820312 36.1565895080566 36.1548309326172 36.1603736877441 36.2018966674805 36.2320442199707
