Ecospace-environmental-drivers/Outputs/ASCII-for-ecospace/Sal-surf/Sal-surf_X1993.09.asc
NCOLS 131 
NROWS 53 
XLLCORNER -98 
YLLCORNER 23.9265270233154 
CELLSIZE 0.133587792515755 
NODATA_value -3.4e+38 
[rows 0 to 20 of 53, columns 47 to 93 of 131]
-3.4e+38 -3.4e+38 -3.4e+38 -3.4e+38 -3.4e+38 -3.4e+38 -3.4e+38 -3.4e+38 -3.4e+38 -3.4e+38 -3.4e+38 -3.4e+38 -3.4e+38 -3.4e+38 -3.4e+38 -3.4e+38 -3.4e+38 -3.4e+38 -3.4e+38 -3.4e+38 -3.4e+38 -3.4e+38 -3.4e+38 -3.4e+38 -3.4e+38 -3.4e+38 -3.4e+38 -3.4e+38 -3.4e+38 -3.4e+38 -3.4e+38 -3.4e+38 -3.4e+38 -3.4e+38 -3.4e+38 -3.4e+38 -3.4e+38 -3.4e+38 -3.4e+38 -3.4e+38 -3.4e+38 -3.4e+38 -3.4e+38 -3.4e+38 -3.4e+38 -3.4e+38 -3.4e+38
-3.4e+38 -3.4e+38 -3.4e+38 -3.4e+38 -3.4e+38 -3.4e+38 -3.4e+38 -3.4e+38 -3.4e+38 -3.4e+38 -3.4e+38 -3.4e+38 -3.4e+38 -3.4e+38 -3.4e+38 -3.4e+38 -3.4e+38 -3.4e+38 -3.4e+38 -3.4e+38 -3.4e+38 -3.4e+38 -3.4e+38 -3.4e+38 -3.4e+38 -3.4e+38 -3.4e+38 -3.4e+38 -3.4e+38 -3.4e+38 -3.4e+38 -3.4e+38 -3.4e+38 -3.4e+38 -3.4e+38 -3.4e+38 -3.4e+38 -3.4e+38 -3.4e+38 -3.4e+38 -3.4e+38 -3.4e+38 -3.4e+38 -3.4e+38 -3.4e+38 -3.4e+38 -3.4e+38
-3.4e+38 -3.4e+38 -3.4e+38 -3.4e+38 -3.4e+38 -3.4e+38 -3.4e+38 -3.4e+38 -3.4e+38 -3.4e+38 -3.4e+38 -3.4e+38 -3.4e+38 -3.4e+38 -3.4e+38 -3.4e+38 -3.4e+38 -3.4e+38 -3.4e+38 -3.4e+38 -3.4e+38 -3.4e+38 -3.4e+38 -3.4e+38 -3.4e+38 -3.4e+38 -3.4e+38 9.0540771484375 8.62349891662598 -3.4e+38 -3.4e+38 -3.4e+38 -3.4e+38 -3.4e+38 -3.4e+38 -3.4e+38 -3.4e+38 -3.4e+38 -3.4e+38 -3.4e+38 -3.4e+38 -3.4e+38 -3.4e+38 -3.4e+38 -3.4e+38 -3.4e+38 -3.4e+38
-3.4e+38 -3.4e+38 -3.4e+38 -3.4e+38 -3.4e+38 -3.4e+38 -3.4e+38 -3.4e+38 -3.4e+38 -3.4e+38 -3.4e+38 -3.4e+38 -3.4e+38 -3.4e+38 -3.4e+38 -3.4e+38 -3.4e+38 -3.4e+38 -3.4e+38 -3.4e+38 -3.4e+38 -3.4e+38 -3.4e+38 -3.4e+38 -3.4e+38 -3.4e+38 -3.4e+38 18.1966133117676 16.7221431732178 -3.4e+38 -3.4e+38 -3.4e+38 -3.4e+38 -3.4e+38 -3.4e+38 -3.4e+38 -3.4e+38 -3.4e+38 -3.4e+38 -3.4e+38 -3.4e+38 -3.4e+38 -3.4e+38 -3.4e+38 -3.4e+38 -3.4e+38 -3.4e+38
-3.4e+38 -3.4e+38 -3.4e+38 -3.4e+38 -3.4e+38 -3.4e+38 -3.4e+38 -3.4e+38 -3.4e+38 17.0050678253174 17.0050678253174 16.9913101196289 16.4270553588867 -3.4e+38 -3.4e+38 -3.4e+38 -3.4e+38 -3.4e+38 30.3374290466309 30.9323806762695 29.7792415618896 28.0310802459717 24.486047744751 24.9997673034668 29.1614685058594 30.0012683868408 30.6979141235352 25.8183612823486 27.1483955383301 29.0596256256104 -3.4e+38 -3.4e+38 33.6236801147461 33.3201637268066 32.5681838989258 33.7355003356934 33.790153503418 33.8243370056152 33.8167152404785 33.894832611084 33.951000213623 33.9215965270996 -3.4e+38 -3.4e+38 -3.4e+38 -3.4e+38 -3.4e+38
-3.4e+38 -3.4e+38 -3.4e+38 -3.4e+38 -3.4e+38 -3.4e+38 -3.4e+38 -3.4e+38 17.0050678253174 17.0050678253174 17.0050678253174 17.0050678253174 16.9775505065918 16.4240131378174 15.301589012146 -3.4e+38 22.7615375518799 28.9512500762939 30.4014835357666 31.0646057128906 31.0274314880371 30.323221206665 27.9135971069336 29.4306373596191 30.9398212432861 32.1325149536133 32.3458480834961 31.2118740081787 31.1402606964111 29.3597431182861 33.776782989502 33.7020683288574 33.6022453308105 33.5667304992676 33.5434951782227 33.7390480041504 33.677864074707 33.6788444519043 33.7045822143555 33.7199325561523 33.8127365112305 33.9144515991211 34.0081939697266 34.0380325317383 -3.4e+38 -3.4e+38 -3.4e+38
-3.4e+38 -3.4e+38 -3.4e+38 -3.4e+38 -3.4e+38 -3.4e+38 -3.4e+38 -3.4e+38 17.2579097747803 17.0050678253174 17.0050678253174 17.0050678253174 17.0050678253174 16.9500350952148 16.4393634796143 15.301589012146 18.82643699646 27.9668750762939 30.5367546081543 31.3736801147461 31.8575954437256 32.4476852416992 32.8442268371582 33.0899467468262 33.2362251281738 33.4031982421875 33.5309715270996 33.5572814941406 33.6537055969238 33.7943077087402 33.8435935974121 33.7986640930176 33.6823081970215 33.6244316101074 33.5668182373047 33.5261421203613 33.4926338195801 33.4696922302246 33.4433250427246 33.4226837158203 33.3992919921875 33.430362701416 33.6336097717285 33.9029846191406 34.0481147766113 33.9204483032227 -3.4e+38
-3.4e+38 -3.4e+38 -3.4e+38 -3.4e+38 -3.4e+38 -3.4e+38 -3.4e+38 -3.4e+38 -3.4e+38 -3.4e+38 17.0050678253174 17.0050678253174 17.0050678253174 -3.4e+38 16.8950023651123 16.5557956695557 20.3135356903076 28.4242668151855 30.6557159423828 31.2408199310303 31.7282009124756 32.5783615112305 33.1945533752441 33.3291358947754 33.3585548400879 33.3515510559082 33.4411888122559 33.5277404785156 33.6038093566895 33.6067237854004 33.5274238586426 33.4345588684082 33.343677520752 33.3563537597656 33.3425407409668 33.3112411499023 33.3113403320312 33.2991485595703 33.3223342895508 33.3521461486816 33.3615493774414 33.3131370544434 33.2714004516602 33.5048446655273 33.8433837890625 33.9997291564941 33.7905731201172
-3.4e+38 -3.4e+38 -3.4e+38 -3.4e+38 -3.4e+38 -3.4e+38 -3.4e+38 -3.4e+38 -3.4e+38 -3.4e+38 -3.4e+38 -3.4e+38 -3.4e+38 -3.4e+38 16.9018630981445 16.8922595977783 24.752742767334 29.4525337219238 30.8172225952148 31.2623481750488 31.8329792022705 32.6295738220215 33.2540588378906 33.2619361877441 32.9008483886719 32.6801528930664 32.7201614379883 32.8750457763672 32.9885635375977 32.9552841186523 32.975040435791 33.0609855651855 33.1058311462402 33.1158065795898 33.079402923584 33.0161590576172 32.9981918334961 32.9911079406738 33.0252227783203 33.0997161865234 33.1793899536133 33.2478408813477 33.254753112793 33.3053779602051 33.4893531799316 33.8063659667969 33.799503326416
26.414888381958 -3.4e+38 -3.4e+38 -3.4e+38 -3.4e+38 -3.4e+38 -3.4e+38 -3.4e+38 -3.4e+38 -3.4e+38 25.7580795288086 23.8318138122559 -3.4e+38 -3.4e+38 -3.4e+38 25.2681331634521 30.82688331604 30.8039207458496 31.0275573730469 31.61985206604 32.1301345825195 32.7357444763184 33.1656150817871 33.0634651184082 32.5965957641602 32.3856773376465 32.3877830505371 32.504508972168 32.6081886291504 32.698543548584 32.8211898803711 32.9626884460449 33.0621910095215 33.059253692627 33.0266418457031 33.0609893798828 33.101978302002 33.0724220275879 32.9454574584961 32.9108467102051 32.9992561340332 33.0702247619629 33.1317291259766 33.2417030334473 33.4570274353027 33.655200958252 33.8201103210449
25.8133869171143 21.6453304290771 -3.4e+38 -3.4e+38 -3.4e+38 -3.4e+38 -3.4e+38 -3.4e+38 -3.4e+38 -3.4e+38 29.3498420715332 30.5905914306641 30.6585597991943 -3.4e+38 -3.4e+38 30.8548431396484 30.864818572998 30.9919490814209 31.528621673584 32.0692558288574 32.3470001220703 32.5556182861328 32.8252792358398 32.607349395752 32.4219017028809 32.3588562011719 32.3380584716797 32.4713706970215 32.6070861816406 32.7249526977539 32.7449836730957 32.7988739013672 32.9490203857422 33.0273056030273 33.0863380432129 33.1913681030273 33.2553291320801 33.2254905700684 33.1345367431641 32.9314346313477 32.8741683959961 32.9745140075684 33.046085357666 33.1271018981934 33.4996757507324 33.7295188903809 33.9312057495117
21.536449432373 14.6148729324341 2.09664106369019 9.71603584289551 -3.4e+38 -3.4e+38 -3.4e+38 -3.4e+38 -3.4e+38 -3.4e+38 -3.4e+38 31.0919399261475 31.611780166626 30.6585597991943 30.9723281860352 30.8762912750244 31.1116695404053 31.4861717224121 31.7494220733643 31.8134651184082 32.1219902038574 32.1406402587891 32.3199081420898 32.231876373291 32.287784576416 32.3039779663086 32.3624839782715 32.5991897583008 32.7428932189941 32.7890090942383 32.745979309082 32.7688331604004 32.7829780578613 32.8583145141602 32.9920997619629 33.096263885498 33.1385765075684 33.1449851989746 33.1710548400879 33.2140197753906 33.0250625610352 32.9167060852051 33.01318359375 33.0825271606445 33.4518890380859 33.7901649475098 34.0612411499023
25.1260623931885 21.0102939605713 13.991623878479 13.0598411560059 -3.4e+38 -3.4e+38 -3.4e+38 -3.4e+38 25.8723449707031 28.2909908294678 29.7091751098633 30.950159072876 32.4747047424316 31.7020778656006 30.6738338470459 29.7406101226807 28.9098205566406 31.5620746612549 31.3826293945312 30.5818653106689 31.1988792419434 31.5343799591064 32.1256713867188 32.2297668457031 32.3701362609863 32.3475341796875 32.3543663024902 32.5479469299316 32.7607040405273 32.7489433288574 32.6223945617676 32.6131172180176 32.6676254272461 32.7046775817871 32.8422737121582 33.1110954284668 33.2192687988281 33.3365173339844 33.3827476501465 33.5057334899902 33.5057029724121 33.2869606018066 33.095947265625 33.0885543823242 33.1958999633789 33.5196418762207 33.9946060180664
28.2940883636475 27.0910587310791 24.3988418579102 21.8697719573975 21.3112621307373 21.5736637115479 22.6037292480469 23.76340675354 24.8900356292725 26.9641399383545 29.643970489502 30.6191558837891 32.3037872314453 31.5981254577637 31.188497543335 29.6255493164062 26.1034984588623 23.5699577331543 22.7178478240967 25.2174243927002 27.97292137146 30.8301029205322 31.6973762512207 32.1517601013184 32.4180679321289 32.4767112731934 32.5720100402832 32.7176971435547 32.7504539489746 32.6816902160645 32.6729621887207 32.7814025878906 32.8753395080566 32.8181915283203 32.9633979797363 33.3013038635254 33.5762214660645 33.7436103820801 33.7146110534668 33.7147064208984 33.7383155822754 33.6164932250977 33.3767509460449 33.2267303466797 33.1979942321777 33.2280464172363 33.5317764282227
30.745288848877 30.291934967041 29.0100727081299 27.0755958557129 25.8604030609131 25.8120403289795 26.6598777770996 27.6971683502197 28.525598526001 29.4764347076416 30.4354343414307 31.8355503082275 32.0370140075684 32.5217056274414 32.9795341491699 32.5757064819336 29.8582420349121 14.3843240737915 11.978102684021 15.5659837722778 27.8415908813477 31.2502632141113 32.0602035522461 32.519832611084 32.8637886047363 33.1227188110352 33.2473297119141 33.4243850708008 33.5755767822266 33.5806884765625 33.443962097168 33.364990234375 33.3499565124512 33.3227462768555 33.4724960327148 33.7528305053711 33.8856887817383 33.8380928039551 33.816478729248 33.753589630127 33.7874183654785 33.7700386047363 33.6314392089844 33.506649017334 33.4361190795898 33.3395233154297 33.2926902770996
32.3826179504395 32.1713333129883 31.5937175750732 30.5972328186035 30.1351718902588 30.290319442749 30.623067855835 31.1189937591553 31.5369319915771 32.018741607666 32.2191467285156 32.3316040039062 32.4955711364746 33.0118370056152 33.2021827697754 33.1087913513184 32.0170745849609 24.5931053161621 27.5574779510498 29.6772594451904 32.5277709960938 33.3482513427734 33.6310348510742 33.8914070129395 34.0482063293457 34.0888481140137 34.0382385253906 33.9984512329102 33.9074440002441 33.7914390563965 33.7393493652344 33.6364326477051 33.5208892822266 33.4984817504883 33.5760955810547 33.7878608703613 33.8458213806152 33.8414726257324 33.7494964599609 33.722541809082 33.7201156616211 33.7296180725098 33.7663040161133 33.723762512207 33.6609802246094 33.5747261047363 33.4578285217285
32.9557228088379 32.6970596313477 32.5935821533203 32.4242248535156 32.192081451416 32.1387176513672 32.3175773620605 32.4923286437988 32.6511421203613 32.7277641296387 32.7895240783691 32.6922264099121 32.7980728149414 33.0612983703613 33.2499694824219 33.3575477600098 33.225513458252 33.107723236084 33.3871231079102 33.5824546813965 33.8526077270508 34.1293983459473 34.2883262634277 34.3282508850098 34.2663688659668 34.2666664123535 34.2883720397949 34.2234230041504 34.0783004760742 33.9112358093262 33.7432250976562 33.6627349853516 33.5938529968262 33.5900115966797 33.6858863830566 33.7797431945801 33.7995834350586 33.8612403869629 33.8101997375488 33.7715072631836 33.7776145935059 33.739128112793 33.7093696594238 33.7109642028809 33.7259521484375 33.6808891296387 33.6122360229492
33.5966300964355 33.2528305053711 32.9999580383301 32.8076057434082 32.7912139892578 32.7445182800293 32.7551040649414 32.8222198486328 32.875804901123 32.893138885498 32.9435997009277 32.9603118896484 32.9309997558594 33.0748519897461 33.3357200622559 33.4409065246582 33.4688529968262 33.5988578796387 33.8589172363281 34.1542205810547 34.3252754211426 34.3766212463379 34.3904914855957 34.3506355285645 34.3467063903809 34.3619079589844 34.3601531982422 34.2766990661621 34.2461090087891 34.1556053161621 33.9865798950195 33.7988510131836 33.7228469848633 33.791072845459 33.8397445678711 33.8590278625488 33.8656845092773 33.873348236084 33.816032409668 33.8329811096191 33.8150939941406 33.7944564819336 33.7415924072266 33.7233695983887 33.726432800293 33.7022552490234 33.6716156005859
34.4429473876953 34.1364402770996 33.796085357666 33.5108795166016 33.3032073974609 33.189380645752 33.1680946350098 33.1661605834961 33.1200866699219 33.0974311828613 33.1432723999023 33.195255279541 33.2694053649902 33.4466705322266 33.5661087036133 33.5787010192871 33.7862548828125 34.059513092041 34.2055130004883 34.353385925293 34.4173469543457 34.4312133789062 34.4378814697266 34.3978118896484 34.380786895752 34.3831100463867 34.3555374145508 34.2780113220215 34.2475624084473 34.1971893310547 34.0806159973145 33.9436531066895 33.9216079711914 33.905647277832 33.9543342590332 33.9996910095215 34.0200691223145 33.9900054931641 33.9051322937012 33.8589859008789 33.8255348205566 33.7827758789062 33.7895889282227 33.8217926025391 33.8007469177246 33.7749099731445 33.7776489257812
34.7966232299805 34.7462730407715 34.5570869445801 34.3609962463379 34.1812896728516 33.9463195800781 33.8483085632324 33.757869720459 33.6738090515137 33.6087989807129 33.5675659179688 33.5925369262695 33.6643447875977 33.7455520629883 33.7590065002441 33.7971382141113 33.9816627502441 34.1688957214355 34.3157081604004 34.404670715332 34.4487648010254 34.4620018005371 34.4844779968262 34.4590759277344 34.402660369873 34.3778343200684 34.3552017211914 34.272762298584 34.231990814209 34.1547546386719 34.0495643615723 33.9613494873047 33.9692153930664 33.9534225463867 33.9971618652344 34.0351142883301 34.0676651000977 34.0610694885254 34.0375213623047 33.9281578063965 33.8358154296875 33.7937812805176 33.7663726806641 33.8507804870605 33.8868179321289 33.8110656738281 33.8148155212402
34.6431541442871 34.6207008361816 34.5696334838867 34.5047607421875 34.4118576049805 34.2746696472168 34.1788749694824 34.111946105957 34.0564346313477 34.0173301696777 33.9921722412109 33.9522438049316 33.9808731079102 34.0273628234863 34.0577049255371 34.1180458068848 34.2297210693359 34.3614654541016 34.4237480163574 34.4655876159668 34.5084648132324 34.5662574768066 34.5906295776367 34.5688285827637 34.521842956543 34.4441299438477 34.4011459350586 34.3175888061523 34.2851409912109 34.2112350463867 34.0672187805176 33.9395942687988 33.9397277832031 33.9547348022461 33.9929351806641 34.0583419799805 34.1053810119629 34.0807304382324 34.0626182556152 34.034351348877 33.9282646179199 33.8655281066895 33.8207473754883 33.8881225585938 33.9008445739746 33.8431091308594 33.8857803344727
