Ecospace-environmental-drivers/Outputs/ASCII-for-ecospace/Sal-surf/Sal-surf_X2002.12.asc
NCOLS 131 
NROWS 53 
XLLCORNER -98 
YLLCORNER 23.9265270233154 
CELLSIZE 0.133587792515755 
NODATA_value -3.4e+38 
[rows 0 to 20 of 53, columns 47 to 93 of 131]
-3.4e+38 -3.4e+38 -3.4e+38 -3.4e+38 -3.4e+38 -3.4e+38 -3.4e+38 -3.4e+38 -3.4e+38 -3.4e+38 -3.4e+38 -3.4e+38 -3.4e+38 -3.4e+38 -3.4e+38 -3.4e+38 -3.4e+38 -3.4e+38 -3.4e+38 -3.4e+38 -3.4e+38 -3.4e+38 -3.4e+38 -3.4e+38 -3.4e+38 -3.4e+38 -3.4e+38 -3.4e+38 -3.4e+38 -3.4e+38 -3.4e+38 -3.4e+38 -3.4e+38 -3.4e+38 -3.4e+38 -3.4e+38 -3.4e+38 -3.4e+38 -3.4e+38 -3.4e+38 -3.4e+38 -3.4e+38 -3.4e+38 -3.4e+38 -3.4e+38 -3.4e+38 -3.4e+38
-3.4e+38 -3.4e+38 -3.4e+38 -3.4e+38 -3.4e+38 -3.4e+38 -3.4e+38 -3.4e+38 -3.4e+38 -3.4e+38 -3.4e+38 -3.4e+38 -3.4e+38 -3.4e+38 -3.4e+38 -3.4e+38 -3.4e+38 -3.4e+38 -3.4e+38 -3.4e+38 -3.4e+38 -3.4e+38 -3.4e+38 -3.4e+38 -3.4e+38 -3.4e+38 -3.4e+38 -3.4e+38 -3.4e+38 -3.4e+38 -3.4e+38 -3.4e+38 -3.4e+38 -3.4e+38 -3.4e+38 -3.4e+38 -3.4e+38 -3.4e+38 -3.4e+38 -3.4e+38 -3.4e+38 -3.4e+38 -3.4e+38 -3.4e+38 -3.4e+38 -3.4e+38 -3.4e+38
-3.4e+38 -3.4e+38 -3.4e+38 -3.4e+38 -3.4e+38 -3.4e+38 -3.4e+38 -3.4e+38 -3.4e+38 -3.4e+38 -3.4e+38 -3.4e+38 -3.4e+38 -3.4e+38 -3.4e+38 -3.4e+38 -3.4e+38 -3.4e+38 -3.4e+38 -3.4e+38 -3.4e+38 -3.4e+38 -3.4e+38 -3.4e+38 -3.4e+38 -3.4e+38 -3.4e+38 2.38227868080139 2.25780558586121 -3.4e+38 -3.4e+38 -3.4e+38 -3.4e+38 -3.4e+38 -3.4e+38 -3.4e+38 -3.4e+38 -3.4e+38 -3.4e+38 -3.4e+38 -3.4e+38 -3.4e+38 -3.4e+38 -3.4e+38 -3.4e+38 -3.4e+38 -3.4e+38
-3.4e+38 -3.4e+38 -3.4e+38 -3.4e+38 -3.4e+38 -3.4e+38 -3.4e+38 -3.4e+38 -3.4e+38 -3.4e+38 -3.4e+38 -3.4e+38 -3.4e+38 -3.4e+38 -3.4e+38 -3.4e+38 -3.4e+38 -3.4e+38 -3.4e+38 -3.4e+38 -3.4e+38 -3.4e+38 -3.4e+38 -3.4e+38 -3.4e+38 -3.4e+38 -3.4e+38 11.3620758056641 11.2245588302612 -3.4e+38 -3.4e+38 -3.4e+38 -3.4e+38 -3.4e+38 -3.4e+38 -3.4e+38 -3.4e+38 -3.4e+38 -3.4e+38 -3.4e+38 -3.4e+38 -3.4e+38 -3.4e+38 -3.4e+38 -3.4e+38 -3.4e+38 -3.4e+38
-3.4e+38 -3.4e+38 -3.4e+38 -3.4e+38 -3.4e+38 -3.4e+38 -3.4e+38 -3.4e+38 -3.4e+38 15.8401441574097 15.8401441574097 15.8386125564575 15.47607421875 -3.4e+38 -3.4e+38 -3.4e+38 -3.4e+38 -3.4e+38 27.5298805236816 26.7283954620361 24.2875118255615 21.662561416626 18.1800975799561 18.7689971923828 26.7364120483398 30.2630672454834 30.5933265686035 23.9323310852051 24.9536209106445 27.7658348083496 -3.4e+38 -3.4e+38 33.2331199645996 32.9365615844727 31.7568168640137 33.1957397460938 33.4940643310547 33.6193962097168 33.6926040649414 33.8638916015625 33.9423904418945 34.1512489318848 -3.4e+38 -3.4e+38 -3.4e+38 -3.4e+38 -3.4e+38
-3.4e+38 -3.4e+38 -3.4e+38 -3.4e+38 -3.4e+38 -3.4e+38 -3.4e+38 -3.4e+38 15.8401441574097 15.8401441574097 15.8401441574097 15.8401441574097 15.8370809555054 15.4836750030518 14.7433986663818 -3.4e+38 20.8818283081055 26.7454986572266 27.8351497650146 28.8104801177979 29.3785915374756 27.9578533172607 23.5663547515869 26.1156902313232 28.8855266571045 31.2546863555908 31.5418815612793 31.1799163818359 30.1322536468506 28.2295703887939 33.0101165771484 33.1491203308105 33.2256965637207 33.3245468139648 33.4391822814941 33.8990859985352 34.159839630127 34.2613525390625 34.2673072814941 34.2838172912598 34.3133239746094 34.2198715209961 34.1294136047363 34.114387512207 -3.4e+38 -3.4e+38 -3.4e+38
-3.4e+38 -3.4e+38 -3.4e+38 -3.4e+38 -3.4e+38 -3.4e+38 -3.4e+38 -3.4e+38 16.0351467132568 15.8401441574097 15.8401441574097 15.8401441574097 15.8401441574097 15.8340177536011 15.5171375274658 14.7433986663818 16.4130992889404 25.6253185272217 29.6273422241211 31.2426338195801 32.0221748352051 32.5393486022949 32.9171752929688 33.1578102111816 33.2165718078613 33.3297080993652 33.3175735473633 33.0650291442871 33.0895500183105 33.1810989379883 33.5302963256836 33.9394302368164 34.162525177002 34.3322067260742 34.6436004638672 34.9322128295898 35.153003692627 35.2346153259277 35.1903610229492 35.1273384094238 35.0944595336914 34.9702453613281 34.6812934875488 34.4034843444824 34.270320892334 34.3807716369629 -3.4e+38
-3.4e+38 -3.4e+38 -3.4e+38 -3.4e+38 -3.4e+38 -3.4e+38 -3.4e+38 -3.4e+38 -3.4e+38 -3.4e+38 15.8401441574097 15.8401441574097 15.8401441574097 -3.4e+38 15.8278913497925 15.6571178436279 17.0567226409912 23.3474502563477 29.1787719726562 31.3198146820068 32.3764343261719 33.0812377929688 33.6859931945801 34.1140174865723 34.386344909668 34.5068321228027 34.5240783691406 34.3981285095215 34.2740211486816 34.3317108154297 34.5071258544922 34.6664543151855 34.7666282653809 34.913932800293 35.1036415100098 35.2848815917969 35.4143943786621 35.4798698425293 35.4959831237793 35.4803771972656 35.4226493835449 35.2890281677246 35.0928993225098 34.8158760070801 34.557186126709 34.3849143981934 34.310661315918
-3.4e+38 -3.4e+38 -3.4e+38 -3.4e+38 -3.4e+38 -3.4e+38 -3.4e+38 -3.4e+38 -3.4e+38 -3.4e+38 -3.4e+38 -3.4e+38 -3.4e+38 -3.4e+38 15.8370389938354 15.9055700302124 20.9032173156738 22.8627586364746 27.2043800354004 30.8930778503418 32.2827377319336 33.0012092590332 33.7548789978027 34.2801933288574 34.5989990234375 34.7585067749023 34.7598266601562 34.7529258728027 34.7750473022461 34.788875579834 34.8601531982422 34.941780090332 35.0519485473633 35.1871223449707 35.3250999450684 35.4365196228027 35.4563064575195 35.5013656616211 35.508056640625 35.5290031433105 35.5403747558594 35.4234199523926 35.2241516113281 35.0047187805176 34.8016700744629 34.5492706298828 34.2189254760742
24.3711128234863 -3.4e+38 -3.4e+38 -3.4e+38 -3.4e+38 -3.4e+38 -3.4e+38 -3.4e+38 -3.4e+38 -3.4e+38 24.4261016845703 21.1051921844482 -3.4e+38 -3.4e+38 -3.4e+38 20.9842491149902 25.1963024139404 26.2966060638428 28.6220531463623 31.2705917358398 32.5282173156738 33.1653327941895 33.7828636169434 34.2476005554199 34.4835510253906 34.5716972351074 34.677433013916 34.7889938354492 34.8265953063965 34.877269744873 34.9669532775879 35.0866737365723 35.2263565063477 35.3702964782715 35.4718971252441 35.4716682434082 35.4614906311035 35.5087242126465 35.538890838623 35.5313148498535 35.5400009155273 35.4570922851562 35.2811164855957 35.1125793457031 34.9536056518555 34.7187004089355 34.1910705566406
22.8283596038818 17.9762954711914 -3.4e+38 -3.4e+38 -3.4e+38 -3.4e+38 -3.4e+38 -3.4e+38 -3.4e+38 -3.4e+38 28.7045936584473 27.9973106384277 26.3702392578125 -3.4e+38 -3.4e+38 23.9197692871094 24.0625686645508 26.0712509155273 29.7910251617432 31.7193126678467 32.8083572387695 33.3825531005859 33.6695251464844 34.0566101074219 34.2351837158203 34.4677238464355 34.6612281799316 34.9165802001953 34.9895286560059 35.0302658081055 35.1383666992188 35.2604293823242 35.4256439208984 35.5154647827148 35.539176940918 35.5268440246582 35.5259857177734 35.5508728027344 35.579761505127 35.5937995910645 35.5368614196777 35.4714088439941 35.3586044311523 35.1787528991699 35.0428161621094 34.8417472839355 34.4035186767578
19.767017364502 12.0044164657593 1.3108344078064 8.5800609588623 -3.4e+38 -3.4e+38 -3.4e+38 -3.4e+38 -3.4e+38 -3.4e+38 -3.4e+38 28.8148384094238 28.0566425323486 26.3702392578125 27.4256324768066 25.6015777587891 24.5340137481689 25.7241039276123 29.7089595794678 31.7464847564697 33.0321159362793 33.1330833435059 33.3718681335449 33.9564971923828 34.4188766479492 34.6808815002441 34.8589935302734 35.1353797912598 35.3508911132812 35.4646949768066 35.5076446533203 35.5252456665039 35.5751152038574 35.622631072998 35.6394386291504 35.6331214904785 35.6314125061035 35.6262092590332 35.613525390625 35.6165580749512 35.625358581543 35.5600776672363 35.4523277282715 35.2440910339355 35.1400489807129 34.9707298278809 34.6669082641602
24.8553638458252 19.6801567077637 13.1233263015747 11.3060216903687 -3.4e+38 -3.4e+38 -3.4e+38 -3.4e+38 28.159215927124 28.1424961090088 29.3525485992432 29.3200931549072 28.2771263122559 29.5225601196289 29.8899593353271 28.0959377288818 25.8407821655273 26.0296669006348 28.1392402648926 30.0707607269287 32.5504722595215 32.7366714477539 33.4113082885742 34.2907371520996 34.767650604248 34.9758148193359 35.101993560791 35.3382148742676 35.4954109191895 35.5459861755371 35.6097869873047 35.6750259399414 35.7035942077637 35.7183265686035 35.7156257629395 35.7079811096191 35.6958656311035 35.6711578369141 35.6264801025391 35.621036529541 35.6333465576172 35.621395111084 35.5123977661133 35.3672142028809 35.2615623474121 35.2015151977539 35.1225242614746
28.8822021484375 28.0026969909668 25.9269142150879 22.6654644012451 24.2054023742676 26.942232131958 28.4376926422119 29.179271697998 29.5535545349121 30.1356182098389 30.0599822998047 28.6451950073242 30.2656173706055 30.8599739074707 30.6535911560059 29.2004814147949 26.2016448974609 23.3547801971436 20.8690624237061 24.6729278564453 28.2548999786377 31.9631271362305 33.5778312683105 34.7312622070312 35.0259208679199 35.1472663879395 35.2352523803711 35.3062705993652 35.414306640625 35.5254707336426 35.6174850463867 35.71240234375 35.7419929504395 35.7278175354004 35.722843170166 35.7257881164551 35.713680267334 35.679557800293 35.6235847473145 35.6071166992188 35.6235046386719 35.6171455383301 35.5663719177246 35.5068969726562 35.4228591918945 35.3586311340332 35.3395919799805
30.7258853912354 30.385591506958 28.6889991760254 26.5155277252197 27.2397785186768 29.5540866851807 30.6074352264404 30.8778400421143 30.9209785461426 30.8514823913574 30.8377075195312 31.1083488464355 31.7535858154297 32.2192993164062 32.3477249145508 31.4694080352783 27.7788219451904 13.2137222290039 10.0951356887817 15.1801319122314 28.4198608398438 32.7663078308105 34.462718963623 35.0406036376953 35.1791648864746 35.2549095153809 35.3158836364746 35.3697204589844 35.4646987915039 35.5815811157227 35.6639823913574 35.7100524902344 35.7202529907227 35.7215003967285 35.7278480529785 35.7321128845215 35.7240447998047 35.7042236328125 35.6515884399414 35.5972099304199 35.6219749450684 35.6360664367676 35.6173896789551 35.5461044311523 35.4995651245117 35.4010162353516 35.3894729614258
32.0545387268066 31.5607986450195 30.5197486877441 29.7216472625732 29.9652423858643 30.9327373504639 31.5111274719238 31.6497592926025 31.8043041229248 32.0603866577148 32.3363838195801 32.6995544433594 33.0958633422852 33.3127632141113 33.2035865783691 32.4129066467285 30.4307117462158 22.5444087982178 26.7810688018799 29.7365016937256 32.9545402526855 34.3680953979492 35.0297470092773 35.2555274963379 35.2348823547363 35.2816314697266 35.4134788513184 35.5471992492676 35.6643218994141 35.7273330688477 35.7646331787109 35.7601127624512 35.7367973327637 35.7103805541992 35.7002868652344 35.7028617858887 35.7085838317871 35.7089424133301 35.6910514831543 35.6183891296387 35.601261138916 35.6118392944336 35.6038703918457 35.5824546813965 35.5276298522949 35.4508514404297 35.396556854248
33.1001892089844 32.5597991943359 31.848030090332 31.4610538482666 31.5644683837891 31.888765335083 32.2696876525879 32.5197486877441 32.795467376709 33.027286529541 33.3026123046875 33.7479553222656 34.1885032653809 34.4913139343262 34.5849609375 34.2365875244141 33.5439414978027 33.2983055114746 33.9868087768555 34.464900970459 34.815242767334 35.1894836425781 35.3628692626953 35.2949523925781 35.2688598632812 35.3672485351562 35.5558090209961 35.6513633728027 35.705738067627 35.7565841674805 35.765438079834 35.7420654296875 35.7062454223633 35.683277130127 35.6709938049316 35.6594123840332 35.6616172790527 35.6695442199707 35.6806678771973 35.6423225402832 35.6012191772461 35.5866851806641 35.5839004516602 35.5946197509766 35.5788459777832 35.5253295898438 35.4445838928223
33.9561576843262 33.5647506713867 33.0932998657227 32.6591339111328 32.5443840026855 32.7299728393555 32.9321022033691 33.1116409301758 33.3330230712891 33.5639305114746 33.9426422119141 34.3923110961914 34.643627166748 34.9178047180176 35.1967811584473 35.3428230285645 35.3370208740234 35.300724029541 35.2737274169922 35.3005752563477 35.3660774230957 35.4309387207031 35.4760818481445 35.3798370361328 35.4005088806152 35.5407028198242 35.6534271240234 35.7198524475098 35.7564849853516 35.7560424804688 35.7465667724609 35.7302894592285 35.7032051086426 35.6785888671875 35.6607551574707 35.6392364501953 35.631477355957 35.6446762084961 35.6650695800781 35.6543579101562 35.636302947998 35.6177597045898 35.6014289855957 35.5983009338379 35.598258972168 35.5748634338379 35.5448989868164
34.6912651062012 34.4386711120605 34.1867065429688 33.8628311157227 33.6012687683105 33.5535316467285 33.6221237182617 33.7252883911133 33.9330177307129 34.2160186767578 34.5150871276855 34.7533874511719 34.9750442504883 35.2179222106934 35.430492401123 35.469554901123 35.4653625488281 35.4363212585449 35.419921875 35.4308204650879 35.4516220092773 35.4951705932617 35.4795341491699 35.4743041992188 35.5674324035645 35.6841087341309 35.7751617431641 35.806510925293 35.7769622802734 35.7556304931641 35.733959197998 35.7214164733887 35.7062683105469 35.6756134033203 35.6511344909668 35.6347160339355 35.6180648803711 35.6403045654297 35.6651878356934 35.6643104553223 35.6528282165527 35.6381568908691 35.6266860961914 35.6204147338867 35.6133995056152 35.6049652099609 35.5724487304688
35.2642135620117 35.1886596679688 35.0474395751953 34.8723983764648 34.6501846313477 34.4613342285156 34.3852233886719 34.40087890625 34.4967231750488 34.6209030151367 34.7923278808594 34.9789543151855 35.2141647338867 35.4262542724609 35.4650344848633 35.4597969055176 35.4518547058105 35.4480667114258 35.4622688293457 35.4882698059082 35.5309257507324 35.5505790710449 35.565860748291 35.6566162109375 35.7411460876465 35.8070907592773 35.8432121276855 35.8487663269043 35.811450958252 35.772388458252 35.7449607849121 35.7241516113281 35.7094421386719 35.6737976074219 35.6557731628418 35.6294822692871 35.6367721557617 35.6483535766602 35.6477203369141 35.6444854736328 35.6540222167969 35.6478118896484 35.6397552490234 35.6262092590332 35.628116607666 35.636531829834 35.6182518005371
35.5575523376465 35.540599822998 35.5177345275879 35.4687690734863 35.3460998535156 35.1658973693848 35.0234603881836 34.9360275268555 34.9975357055664 35.1165542602539 35.2555122375488 35.3876876831055 35.4667549133301 35.4706764221191 35.4534378051758 35.478645324707 35.5129089355469 35.5050888061523 35.5018882751465 35.538215637207 35.6027336120605 35.6478042602539 35.7078285217285 35.7465553283691 35.7822151184082 35.8157196044922 35.8456115722656 35.8738021850586 35.8664360046387 35.8169784545898 35.7848587036133 35.7615509033203 35.7361106872559 35.6900672912598 35.6587104797363 35.6463661193848 35.6420516967773 35.6395034790039 35.6377906799316 35.6400909423828 35.6653900146484 35.6752967834473 35.6504974365234 35.6367568969727 35.6463241577148 35.6613235473633 35.6731491088867
