Ecospace-environmental-drivers/Outputs/ASCII-for-ecospace/Sal-surf/Sal-surf_X1995.06.asc
NCOLS 131 
NROWS 53 
XLLCORNER -98 
YLLCORNER 23.9265270233154 
CELLSIZE 0.133587792515755 
NODATA_value -3.4e+38 
[rows 21 to 41 of 53, columns 0 to 46 of 131]
-3.4e+38 -3.4e+38 -3.4e+38 -3.4e+38 -3.4e+38 -3.4e+38 31.8281784057617 31.6254920959473 31.4223213195801 30.7862319946289 31.2461776733398 31.9037914276123 32.3373260498047 32.6307678222656 32.9263916015625 33.201301574707 33.2976951599121 33.3124923706055 33.4379005432129 33.6860618591309 34.0359382629395 34.1865730285645 34.131763458252 34.0575942993164 34.0215759277344 34.0268135070801 34.042610168457 34.0407600402832 34.0417785644531 34.0644721984863 34.0919227600098 34.0598602294922 33.9908676147461 33.9570236206055 33.903678894043 33.8749008178711 33.8843727111816 33.9162979125977 33.9507369995117 33.9698448181152 33.9861831665039 34.0042686462402 34.0219573974609 34.0412673950195 34.0687828063965 34.133861541748 34.173469543457
-3.4e+38 -3.4e+38 -3.4e+38 -3.4e+38 -3.4e+38 -3.4e+38 31.9458084106445 31.9132347106934 31.6254920959473 31.8552417755127 32.2105598449707 32.6009559631348 32.8906593322754 33.2206039428711 33.4726791381836 33.5617179870605 33.5180053710938 33.5108032226562 33.5664253234863 33.7415313720703 33.9408798217773 34.0853500366211 34.0134315490723 33.9248733520508 33.8895263671875 33.8801689147949 33.8854598999023 33.9074783325195 33.9151878356934 33.9189109802246 33.9415664672852 33.9173011779785 33.8767700195312 33.8134613037109 33.7732849121094 33.7873954772949 33.8225250244141 33.8646812438965 33.8893432617188 33.9023780822754 33.9087371826172 33.916690826416 33.9287643432617 33.9533386230469 34.018611907959 34.114429473877 34.1131629943848
-3.4e+38 -3.4e+38 -3.4e+38 -3.4e+38 32.5710334777832 32.2629890441895 32.20751953125 31.9458084106445 32.1684036254883 32.54541015625 32.744930267334 33.0732231140137 33.4129219055176 33.6180801391602 33.7347450256348 33.7806510925293 33.7140884399414 33.7576026916504 33.8272323608398 33.9891204833984 34.2533264160156 34.2643394470215 34.2190093994141 34.1742362976074 34.1503372192383 34.1109008789062 34.037467956543 33.9489707946777 33.8783149719238 33.8477401733398 33.8381309509277 33.8246841430664 33.7920455932617 33.7432861328125 33.7113380432129 33.7261199951172 33.7557716369629 33.7961769104004 33.8324737548828 33.8463134765625 33.869987487793 33.9095077514648 33.9463996887207 34.0023880004883 34.1011161804199 34.1028099060059 34.1120529174805
-3.4e+38 -3.4e+38 -3.4e+38 -3.4e+38 32.8309440612793 32.6191673278809 32.2629890441895 32.4137573242188 32.6887321472168 33.0034942626953 33.1151580810547 33.3862495422363 33.6676063537598 33.8175849914551 33.8649253845215 33.8028526306152 33.7949295043945 33.9382171630859 34.1313705444336 34.3223991394043 34.3347282409668 34.3327751159668 34.3163642883301 34.3295021057129 34.3516082763672 34.3530197143555 34.3206100463867 34.2625885009766 34.1507720947266 34.0011215209961 33.8584289550781 33.8011817932129 33.783576965332 33.7541847229004 33.7252006530762 33.7267570495605 33.7552528381348 33.8111763000488 33.8429870605469 33.8773384094238 33.9099082946777 33.9528121948242 34.0101661682129 34.115478515625 34.151123046875 34.1712837219238 34.1884956359863
-3.4e+38 -3.4e+38 -3.4e+38 -3.4e+38 -3.4e+38 32.8309440612793 32.7635726928711 32.8198356628418 33.0215911865234 33.2668075561523 33.3838768005371 33.6390190124512 33.8405570983887 33.8782119750977 33.9214935302734 33.9337425231934 33.9526214599609 34.1658554077148 34.3221626281738 34.3216514587402 34.3209648132324 34.3710136413574 34.4141540527344 34.4766006469727 34.4869689941406 34.4648666381836 34.4300117492676 34.379337310791 34.3278923034668 34.2487640380859 34.1353721618652 33.997444152832 33.8671531677246 33.8344612121582 33.8221282958984 33.8169136047363 33.827018737793 33.8692665100098 33.9133567810059 33.9318313598633 33.9695701599121 34.0528678894043 34.1495971679688 34.2052116394043 34.2595329284668 34.3228034973145 34.339599609375
-3.4e+38 -3.4e+38 -3.4e+38 -3.4e+38 -3.4e+38 33.2717132568359 33.0858383178711 33.1006927490234 33.310359954834 33.4333877563477 33.6912384033203 33.800853729248 33.7818832397461 33.8194427490234 33.8999671936035 34.1101875305176 34.152702331543 34.299919128418 34.2962226867676 34.2565155029297 34.3884010314941 34.5963401794434 34.7164993286133 34.761791229248 34.7380752563477 34.6352729797363 34.4796333312988 34.3934020996094 34.2992401123047 34.2909774780273 34.246696472168 34.170654296875 34.0901718139648 34.0613288879395 33.9787902832031 33.9176025390625 33.9145278930664 33.9680480957031 33.9760932922363 34.0253601074219 34.150520324707 34.2624588012695 34.3183937072754 34.3657913208008 34.4258117675781 34.4541091918945 34.4568901062012
-3.4e+38 -3.4e+38 35.0928039550781 35.006103515625 34.1459503173828 33.5830383300781 33.3009948730469 33.2857131958008 33.4488487243652 33.645076751709 33.809139251709 33.8419799804688 33.8669013977051 33.9107093811035 33.9404373168945 34.1859703063965 34.2826194763184 34.369270324707 34.3236427307129 34.4103469848633 34.6304664611816 34.8125343322754 34.8630065917969 34.8303375244141 34.6483917236328 34.4641723632812 34.3844375610352 34.3451347351074 34.2778053283691 34.2447700500488 34.2248649597168 34.1743278503418 34.1042785644531 34.052059173584 33.9882659912109 33.9667015075684 34.0009803771973 34.0574531555176 34.1299285888672 34.2615432739258 34.359676361084 34.4250450134277 34.4686126708984 34.5030975341797 34.5295372009277 34.5475463867188 34.5542182922363
-339999999999999996128486808808066248288.000000000000000 -3.4e+38 -3.4e+38 -3.4e+38 34.9193992614746 33.8628044128418 33.4858512878418 33.3651428222656 33.5103759765625 33.675952911377 33.8026657104492 33.9336280822754 33.970630645752 34.105297088623 34.1121368408203 34.3401908874512 34.4179534912109 34.4352226257324 34.4706802368164 34.6194076538086 34.782154083252 34.9568977355957 34.9286613464355 34.6766090393066 34.419979095459 34.2670059204102 34.1794586181641 34.1258964538574 34.164794921875 34.1514511108398 34.1378059387207 34.1039161682129 34.0389785766602 33.9858169555664 34.0104713439941 34.0620346069336 34.1503448486328 34.2333641052246 34.3471031188965 34.4262733459473 34.4930763244629 34.524341583252 34.5480651855469 34.576099395752 34.6077308654785 34.6095123291016 34.6152572631836
-3.4e+38 -3.4e+38 -3.4e+38 -3.4e+38 34.7929153442383 34.0561256408691 33.6709136962891 33.4373092651367 33.5005073547363 33.5930404663086 33.7922592163086 33.9023628234863 34.0248947143555 34.1983299255371 34.2020378112793 34.3100776672363 34.454948425293 34.4809875488281 34.5602073669434 34.7350387573242 34.9802627563477 35.0687942504883 34.8526153564453 34.543155670166 34.341869354248 34.2370223999023 34.1558990478516 34.0912437438965 34.0147933959961 34.0185852050781 33.9964141845703 34.0064315795898 33.9301528930664 33.9989585876465 34.1101226806641 34.2222328186035 34.2977294921875 34.3978729248047 34.4843215942383 34.5300750732422 34.5643119812012 34.5968971252441 34.618293762207 34.6422843933105 34.669792175293 34.671070098877 34.6853828430176
-3.4e+38 -3.4e+38 -3.4e+38 -3.4e+38 34.790168762207 34.3277816772461 33.8153648376465 33.4898300170898 33.465202331543 33.6268310546875 33.8192138671875 33.8969345092773 34.0541000366211 34.2414627075195 34.2516708374023 34.2769584655762 34.4376831054688 34.5525360107422 34.7006797790527 34.9673805236816 35.1098823547363 35.0448722839355 34.8247108459473 34.5176048278809 34.3064842224121 34.2306365966797 34.150032043457 33.9971084594727 33.8867530822754 33.9275741577148 33.9506072998047 33.9162406921387 33.9729042053223 34.1315498352051 34.2604217529297 34.353271484375 34.4419136047363 34.4830932617188 34.5065803527832 34.5277366638184 34.5473937988281 34.580867767334 34.6233177185059 34.6585083007812 34.6894111633301 34.7051086425781 34.7289543151855
-3.4e+38 -3.4e+38 -3.4e+38 -3.4e+38 35.5634422302246 34.653148651123 34.0855712890625 33.6141967773438 33.4638748168945 33.6173400878906 33.8420944213867 33.9838981628418 34.1055946350098 34.2819595336914 34.3704071044922 34.483642578125 34.7232704162598 34.8601112365723 34.9300231933594 35.1046600341797 35.1589241027832 35.0483741760254 34.8563423156738 34.5062866210938 34.260139465332 34.158763885498 34.0614051818848 33.8432312011719 33.8711090087891 33.9131278991699 33.9179153442383 33.9749755859375 34.1471519470215 34.2886772155762 34.3839645385742 34.4417343139648 34.4668045043945 34.5169715881348 34.5650062561035 34.5862503051758 34.6010360717773 34.6408081054688 34.6767730712891 34.7007026672363 34.7155876159668 34.7533950805664 34.8005218505859
-3.4e+38 -3.4e+38 -3.4e+38 -3.4e+38 35.3613548278809 34.8622283935547 34.2072410583496 33.7390823364258 33.4969367980957 33.5398368835449 33.7748374938965 34.0285797119141 34.2735900878906 34.5131568908691 34.6239585876465 34.7965698242188 35.1090545654297 35.1738815307617 35.1251525878906 35.2231025695801 35.181209564209 35.060848236084 34.8743667602539 34.5210380554199 34.2135887145996 34.0667457580566 33.9462280273438 33.843204498291 33.9280433654785 33.9404335021973 34.0164184570312 34.1876220703125 34.3187789916992 34.3982925415039 34.420352935791 34.4732933044434 34.5286865234375 34.5334930419922 34.5569877624512 34.5964965820312 34.6318550109863 34.6747207641602 34.7096405029297 34.7395095825195 34.7785949707031 34.8533058166504 34.9468002319336
-3.4e+38 -3.4e+38 -3.4e+38 -3.4e+38 35.4118041992188 35.0311317443848 34.6520347595215 33.8865623474121 33.5367164611816 33.5153923034668 33.7032089233398 34.0208854675293 34.3742256164551 34.5627899169922 34.7452163696289 35.1193733215332 35.3497848510742 35.3577728271484 35.3037147521973 35.3305435180664 35.2135429382324 35.0851707458496 34.9033737182617 34.5720710754395 34.1650772094727 34.0114440917969 33.9371337890625 33.9672966003418 33.9961853027344 34.0859642028809 34.2442855834961 34.3430213928223 34.4000091552734 34.422737121582 34.453197479248 34.4678268432617 34.443115234375 34.4641571044922 34.5545845031738 34.6234321594238 34.6666412353516 34.6896476745605 34.7279968261719 34.8242149353027 34.9267883300781 35.0097694396973 35.1124954223633
-3.4e+38 -3.4e+38 -3.4e+38 -3.4e+38 -3.4e+38 34.9051361083984 34.9003372192383 34.251636505127 33.7522201538086 33.6266441345215 33.7077903747559 33.9622573852539 34.3050270080566 34.4573516845703 34.9536552429199 35.3057823181152 35.4428176879883 35.4542922973633 35.4458465576172 35.4070816040039 35.2531700134277 35.1193428039551 34.9615707397461 34.6133155822754 34.1469078063965 34.0060844421387 33.9933204650879 34.0360641479492 34.1249351501465 34.276912689209 34.3640365600586 34.3901634216309 34.389949798584 34.3946800231934 34.4132919311523 34.387451171875 34.3949165344238 34.492733001709 34.607063293457 34.6402969360352 34.671257019043 34.7171173095703 34.8528709411621 35.0000267028809 35.1045188903809 35.1528663635254 35.2335357666016
-3.4e+38 -3.4e+38 -3.4e+38 -3.4e+38 -3.4e+38 28.0822620391846 34.8587532043457 34.4509201049805 33.9583892822266 33.7135047912598 33.7997779846191 33.9919281005859 34.3335914611816 34.8399429321289 35.3242034912109 35.5151214599609 35.5449981689453 35.5457992553711 35.5306739807129 35.3910522460938 35.2693099975586 35.1623840332031 35.0340118408203 34.659538269043 34.132022857666 34.0266227722168 34.0480346679688 34.1129264831543 34.2722854614258 34.3649444580078 34.3408508300781 34.3544883728027 34.3911209106445 34.4138069152832 34.3924560546875 34.3585891723633 34.4260673522949 34.5843086242676 34.6233329772949 34.6481628417969 34.6977996826172 34.8666915893555 35.0971374511719 35.2103233337402 35.2389373779297 35.2969665527344 35.3538436889648
-3.4e+38 -3.4e+38 -3.4e+38 -3.4e+38 -3.4e+38 27.4653701782227 34.9118461608887 34.626148223877 34.2262496948242 33.9743957519531 33.9297103881836 34.185546875 34.844970703125 35.359375 35.6121444702148 35.6980819702148 35.685619354248 35.5846748352051 35.4229316711426 35.324649810791 35.2633743286133 35.2183036804199 35.1509323120117 34.8022537231445 34.1530952453613 34.0426292419434 34.0718612670898 34.1950798034668 34.3301734924316 34.3495635986328 34.3627014160156 34.396312713623 34.4257049560547 34.4357795715332 34.4109344482422 34.3884239196777 34.5028305053711 34.5990676879883 34.6123466491699 34.6797409057617 34.8507308959961 35.1146774291992 35.2864875793457 35.3573799133301 35.376953125 35.4170799255371 35.4403839111328
-3.4e+38 -3.4e+38 -3.4e+38 -3.4e+38 -3.4e+38 -3.4e+38 35.1923294067383 34.676815032959 34.2414703369141 34.0329742431641 34.1517524719238 34.8757781982422 35.4087219238281 35.6946029663086 35.8432655334473 35.8148345947266 35.6640548706055 35.4838409423828 35.3605117797852 35.2969551086426 35.2596168518066 35.2335929870605 35.2575035095215 35.0021934509277 34.3156127929688 34.0511131286621 34.0814399719238 34.2500419616699 34.3331069946289 34.3650817871094 34.4093437194824 34.4515838623047 34.4784240722656 34.4687767028809 34.4091186523438 34.4277687072754 34.5468826293945 34.5626373291016 34.6313858032227 34.824089050293 35.0897636413574 35.2986373901367 35.4264068603516 35.4401397705078 35.4298477172852 35.4696922302246 35.4837608337402
-3.4e+38 -3.4e+38 -3.4e+38 -3.4e+38 -3.4e+38 -3.4e+38 35.3041305541992 34.6569633483887 34.1455612182617 34.1338386535645 34.8460311889648 35.3977088928223 35.7477645874023 36.0115852355957 35.9481544494629 35.7347068786621 35.5440673828125 35.4558143615723 35.3980369567871 35.3428764343262 35.2858238220215 35.2432136535645 35.2576522827148 35.1466598510742 34.6160316467285 34.1276016235352 34.096134185791 34.2785873413086 34.3272132873535 34.3828964233398 34.4417114257812 34.4841499328613 34.4972038269043 34.4555587768555 34.4124908447266 34.4402847290039 34.5212059020996 34.5358810424805 34.7727317810059 35.0461921691895 35.2428092956543 35.4014854431152 35.4807319641113 35.4914627075195 35.4699249267578 35.5052299499512 35.4934043884277
-3.4e+38 -3.4e+38 -3.4e+38 -3.4e+38 -3.4e+38 -3.4e+38 35.3485908508301 34.6453247070312 34.329776763916 34.8273620605469 35.3882102966309 35.7648162841797 36.041576385498 36.024040222168 35.8264198303223 35.6642532348633 35.612850189209 35.5482902526855 35.4588508605957 35.374397277832 35.3163795471191 35.2605094909668 35.2215118408203 35.2096900939941 34.8324241638184 34.4146919250488 34.1308517456055 34.2773056030273 34.3246574401855 34.3891296386719 34.445930480957 34.4853019714355 34.4814720153809 34.4238395690918 34.3863677978516 34.4255180358887 34.4847145080566 34.6547966003418 34.9946708679199 35.1456489562988 35.3330230712891 35.4607391357422 35.5122299194336 35.5223922729492 35.5179023742676 35.5447387695312 35.5023536682129
-3.4e+38 -3.4e+38 -3.4e+38 -3.4e+38 -3.4e+38 35.7245178222656 35.2393455505371 34.6841659545898 34.7105331420898 35.3635902404785 35.7176284790039 36.0145416259766 36.1123161315918 35.9382247924805 35.7718353271484 35.7472610473633 35.6888008117676 35.5774917602539 35.457820892334 35.3567504882812 35.2661476135254 35.2208213806152 35.1975555419922 35.2238922119141 34.977424621582 34.6508827209473 34.3242340087891 34.2503929138184 34.3250122070312 34.3908996582031 34.4482078552246 34.4760704040527 34.462028503418 34.3986778259277 34.3818054199219 34.3932151794434 34.5210571289062 34.8637008666992 35.0972213745117 35.1968383789062 35.3948173522949 35.4760551452637 35.5160217285156 35.540454864502 35.546802520752 35.5714683532715 35.5071067810059
-3.4e+38 -3.4e+38 -3.4e+38 -3.4e+38 36.3102836608887 35.7606391906738 35.1064186096191 34.7347717285156 35.0687866210938 35.6564712524414 35.9698143005371 36.1428489685059 36.066047668457 35.8715057373047 35.8317337036133 35.8216857910156 35.7001533508301 35.5505981445312 35.4242630004883 35.2887687683105 35.1830596923828 35.128719329834 35.1087875366211 35.1624908447266 35.1032676696777 34.8035278320312 34.5573081970215 34.3516578674316 34.3037872314453 34.3691291809082 34.4393310546875 34.4658584594727 34.4432067871094 34.3746681213379 34.3788719177246 34.4153366088867 34.692310333252 34.9780921936035 35.1358985900879 35.2562942504883 35.4058723449707 35.4605484008789 35.5090293884277 35.5466918945312 35.5551528930664 35.5868186950684 35.4922561645508
