Ecospace-environmental-drivers/Outputs/ASCII-for-ecospace/Sal-surf/Sal-surf_X2004.09.asc
NCOLS 131 
NROWS 53 
XLLCORNER -98 
YLLCORNER 23.9265270233154 
CELLSIZE 0.133587792515755 
NODATA_value -3.4e+38 
[rows 21 to 41 of 53, columns 0 to 46 of 131]
-3.4e+38 -3.4e+38 -3.4e+38 -3.4e+38 -3.4e+38 -3.4e+38 32.9156761169434 32.8007583618164 32.7433815002441 32.4864959716797 32.746509552002 32.8805770874023 33.0559272766113 33.2513046264648 33.4107475280762 33.5607032775879 33.6845169067383 33.7968292236328 33.9165306091309 34.0512390136719 34.1930656433105 34.3146362304688 34.3782272338867 34.4223556518555 34.4510307312012 34.5094375610352 34.5671882629395 34.5981178283691 34.5991821289062 34.6189613342285 34.6182250976562 34.6156463623047 34.6176490783691 34.6280136108398 34.6408462524414 34.6430015563965 34.625659942627 34.5821228027344 34.5197601318359 34.459602355957 34.4093894958496 34.3599014282227 34.3292350769043 34.3071174621582 34.2654190063477 34.2174491882324 34.1767539978027
-3.4e+38 -3.4e+38 -3.4e+38 -3.4e+38 -3.4e+38 -3.4e+38 32.9965133666992 32.9497604370117 32.8007583618164 32.9428939819336 33.0657043457031 33.2380981445312 33.4712333679199 33.638801574707 33.7950782775879 33.9225959777832 34.0542640686035 34.1879806518555 34.3234519958496 34.381519317627 34.4565620422363 34.521110534668 34.5743370056152 34.5879249572754 34.5746383666992 34.5605659484863 34.5679664611816 34.568546295166 34.6188774108887 34.691162109375 34.7247924804688 34.7319183349609 34.7636413574219 34.8059120178223 34.824821472168 34.8023872375488 34.7658081054688 34.7261962890625 34.6854820251465 34.6414642333984 34.6002883911133 34.5567970275879 34.5026779174805 34.4388046264648 34.3756294250488 34.346794128418 34.2917709350586
-3.4e+38 -3.4e+38 -3.4e+38 -3.4e+38 32.9630355834961 32.7792892456055 32.9647331237793 32.9965133666992 33.0520057678223 33.1900405883789 33.370231628418 33.6224670410156 33.8607444763184 34.0365829467773 34.2041282653809 34.3514747619629 34.4609489440918 34.5391273498535 34.5482215881348 34.6394691467285 34.7057762145996 34.7165679931641 34.7184562683105 34.7401733398438 34.7415390014648 34.7083854675293 34.6545867919922 34.6708297729492 34.732063293457 34.7574844360352 34.7783584594727 34.8057594299316 34.8550186157227 34.8791084289551 34.8722610473633 34.8385772705078 34.791576385498 34.7208976745605 34.6716804504395 34.6591453552246 34.6561279296875 34.632999420166 34.598316192627 34.5762329101562 34.5227470397949 34.4619789123535 34.426815032959
-3.4e+38 -3.4e+38 -3.4e+38 -3.4e+38 33.1132965087891 32.996524810791 32.7792892456055 33.1184005737305 33.2832412719727 33.4437522888184 33.6572036743164 33.925106048584 34.1380729675293 34.373477935791 34.6244201660156 34.7338752746582 34.7761497497559 34.864086151123 34.9751396179199 35.0951919555664 35.1435203552246 35.140625 35.0560722351074 34.912727355957 34.8364219665527 34.8555870056152 34.8636703491211 34.8364295959473 34.8244972229004 34.781852722168 34.8049087524414 34.9061126708984 34.984432220459 34.9959754943848 34.9733238220215 34.9214553833008 34.8486251831055 34.7826919555664 34.7595405578613 34.7512359619141 34.717472076416 34.6473770141602 34.5970764160156 34.560619354248 34.5451545715332 34.5133666992188 34.4685554504395
-3.4e+38 -3.4e+38 -3.4e+38 -3.4e+38 -3.4e+38 33.1132965087891 33.0969848632812 33.3305244445801 33.4838180541992 33.6468620300293 33.9517059326172 34.311206817627 34.701831817627 35.0258102416992 35.236515045166 35.2247543334961 35.254768371582 35.3147354125977 35.3392333984375 35.3206977844238 35.3261337280273 35.3146476745605 35.3017120361328 35.2162551879883 35.0375785827637 34.9302177429199 34.944164276123 34.9274368286133 34.863655090332 34.7973823547363 34.8686332702637 34.9428520202637 35.0055046081543 35.0418891906738 35.0213813781738 34.9599227905273 34.8941879272461 34.8678092956543 34.8533134460449 34.8178405761719 34.7622680664062 34.6873435974121 34.6350631713867 34.5882148742676 34.5324325561523 34.4859466552734 34.4375534057617
-3.4e+38 -3.4e+38 -3.4e+38 -3.4e+38 -3.4e+38 33.3378982543945 33.3442649841309 33.5159797668457 33.6529312133789 33.892391204834 34.2694435119629 34.8096160888672 35.0838470458984 35.2124710083008 35.3119697570801 35.5254898071289 35.6695747375488 35.6830253601074 35.6249465942383 35.4512100219727 35.37939453125 35.3817977905273 35.4016075134277 35.361499786377 35.3444709777832 35.1102447509766 34.9816131591797 34.9874877929688 34.9142532348633 34.8660430908203 34.9224739074707 34.9538230895996 34.9963226318359 35.0454635620117 35.0624351501465 35.030460357666 34.9819641113281 34.9621124267578 34.9131011962891 34.8671455383301 34.7900924682617 34.7179527282715 34.6952285766602 34.6275329589844 34.5278549194336 34.4531631469727 34.380069732666
-3.4e+38 -3.4e+38 33.9878807067871 33.9054183959961 33.6107597351074 33.4103698730469 33.4899711608887 33.6514739990234 33.852222442627 34.1789932250977 34.6458778381348 34.8806495666504 34.884593963623 35.1002998352051 35.3885345458984 35.6447257995605 35.708984375 35.663200378418 35.6484756469727 35.6033477783203 35.4398994445801 35.3420066833496 35.356014251709 35.3965454101562 35.404899597168 35.2876205444336 35.0498924255371 34.9447212219238 34.9862174987793 34.9505767822266 34.9594345092773 34.9689140319824 35.0035667419434 35.0761032104492 35.0930023193359 35.0917778015137 35.0624008178711 35.0166625976562 34.9611968994141 34.8917045593262 34.804141998291 34.7548408508301 34.7079124450684 34.5687599182129 34.4409561157227 34.380973815918 34.3345031738281
-339999999999999996128486808808066248288.000000000000000 -3.4e+38 -3.4e+38 -3.4e+38 33.8229598999023 33.4946823120117 33.5932426452637 33.7335166931152 33.9401321411133 34.3323822021484 34.7686500549316 34.7457733154297 34.9357795715332 35.2342224121094 35.5072212219238 35.728343963623 35.7158813476562 35.6434059143066 35.5377044677734 35.4649658203125 35.3747062683105 35.2795753479004 35.2746696472168 35.357307434082 35.4183807373047 35.3846321105957 35.0973815917969 34.8924789428711 34.983715057373 34.9730529785156 35.0084609985352 34.9930610656738 35.0587463378906 35.120044708252 35.1379203796387 35.1550483703613 35.1448364257812 35.082405090332 35.0145263671875 34.9184875488281 34.8405151367188 34.787654876709 34.7265815734863 34.5687980651855 34.4204635620117 34.355655670166 34.3431434631348
-3.4e+38 -3.4e+38 -3.4e+38 -3.4e+38 33.8091926574707 33.5540199279785 33.6620941162109 33.773193359375 34.010139465332 34.4993705749512 34.717658996582 34.8156127929688 35.2199325561523 35.5280380249023 35.7650527954102 35.7047691345215 35.6764907836914 35.6152877807617 35.47119140625 35.3244552612305 35.2771339416504 35.2462997436523 35.2397155761719 35.3183403015137 35.3950233459473 35.4422264099121 35.1213302612305 34.8975639343262 34.9810104370117 34.945426940918 34.9836196899414 35.018726348877 35.1159019470215 35.1464424133301 35.153881072998 35.1977500915527 35.2392807006836 35.2142372131348 35.1145133972168 34.987663269043 34.8846282958984 34.8234062194824 34.7698631286621 34.6740570068359 34.4593048095703 34.3735466003418 34.418384552002
-3.4e+38 -3.4e+38 -3.4e+38 -3.4e+38 33.8299713134766 33.6191291809082 33.6874961853027 33.7888031005859 33.9941711425781 34.4817504882812 34.7939605712891 35.0951881408691 35.5867042541504 35.7905158996582 35.7412643432617 35.6864356994629 35.6575736999512 35.5600128173828 35.418098449707 35.2987670898438 35.2589378356934 35.2347755432129 35.2315368652344 35.3288459777832 35.4168968200684 35.427604675293 35.144660949707 34.9492797851562 34.9824066162109 34.9026031494141 34.9621086120605 35.0978775024414 35.2009582519531 35.1996307373047 35.190013885498 35.2123718261719 35.2696495056152 35.3211822509766 35.2824172973633 35.187183380127 35.059009552002 34.9291572570801 34.8375282287598 34.781120300293 34.5819511413574 34.4379730224609 34.4869117736816
-3.4e+38 -3.4e+38 -3.4e+38 -3.4e+38 33.9444961547852 33.7053604125977 33.6955833435059 33.7742156982422 33.9411354064941 34.4037818908691 35.036865234375 35.2999801635742 35.5913581848145 35.7737083435059 35.7012557983398 35.694580078125 35.6061553955078 35.5044784545898 35.3582496643066 35.2840576171875 35.2607688903809 35.2584114074707 35.2635192871094 35.355094909668 35.4166679382324 35.3738708496094 35.189884185791 34.9562110900879 34.947582244873 34.9453430175781 35.0189399719238 35.2145843505859 35.2708511352539 35.275318145752 35.263484954834 35.2744102478027 35.3248863220215 35.3587303161621 35.3702087402344 35.3409194946289 35.2588424682617 35.1569595336914 35.0085105895996 34.883056640625 34.7142372131348 34.5047492980957 34.4919319152832
-3.4e+38 -3.4e+38 -3.4e+38 -3.4e+38 33.8771095275879 33.7894325256348 33.7111511230469 33.7543144226074 33.8833656311035 34.3383941650391 35.1135215759277 35.225471496582 35.4938697814941 35.7523727416992 35.6887054443359 35.6692504882812 35.561595916748 35.414623260498 35.3281936645508 35.2700042724609 35.2902793884277 35.3254318237305 35.3193016052246 35.4171905517578 35.4406356811523 35.3365325927734 35.1704254150391 34.9242134094238 34.937427520752 35.0080032348633 35.1375961303711 35.2664070129395 35.313793182373 35.3708953857422 35.3813514709473 35.3616027832031 35.3655166625977 35.3945960998535 35.4293670654297 35.4263038635254 35.3919296264648 35.3086585998535 35.1964797973633 35.0243835449219 34.8711395263672 34.6233978271484 34.4382591247559
-3.4e+38 -3.4e+38 -3.4e+38 -3.4e+38 33.7087821960449 33.8309593200684 33.7693519592285 33.7554664611816 33.8334693908691 34.230842590332 34.8880920410156 35.095344543457 35.5027465820312 35.7565765380859 35.6698188781738 35.5704231262207 35.4717712402344 35.3391036987305 35.3049392700195 35.3003845214844 35.3308715820312 35.3557472229004 35.3840293884277 35.4603424072266 35.379337310791 35.2854766845703 35.073673248291 34.942813873291 34.9922523498535 35.1455841064453 35.3496627807617 35.404224395752 35.4508628845215 35.4697685241699 35.4417839050293 35.4068984985352 35.4365692138672 35.477424621582 35.4828643798828 35.485237121582 35.4842224121094 35.4475708007812 35.3728179931641 35.226619720459 34.9894409179688 34.8402481079102 34.6361999511719
-3.4e+38 -3.4e+38 -3.4e+38 -3.4e+38 -3.4e+38 33.9011840820312 33.8553161621094 33.7727165222168 33.7975959777832 34.05078125 34.4854965209961 34.792121887207 35.4819030761719 35.6874313354492 35.6431465148926 35.5622634887695 35.4665603637695 35.3371849060059 35.3449783325195 35.3764419555664 35.3981323242188 35.4013290405273 35.4757537841797 35.4281845092773 35.337818145752 35.2302742004395 35.0751838684082 35.0178680419922 35.0866928100586 35.3614082336426 35.4556503295898 35.4895935058594 35.5200653076172 35.5161895751953 35.47412109375 35.4693450927734 35.5034675598145 35.5300216674805 35.5446014404297 35.5483283996582 35.5574073791504 35.5428047180176 35.478515625 35.3822326660156 35.2193984985352 35.0000686645508 34.8697853088379
-3.4e+38 -3.4e+38 -3.4e+38 -3.4e+38 -3.4e+38 30.2124767303467 33.9331436157227 33.8168678283691 33.8059120178223 33.9902801513672 34.3039588928223 34.6997604370117 35.4483642578125 35.6347732543945 35.7108840942383 35.6474914550781 35.544132232666 35.4024200439453 35.3976707458496 35.4237785339355 35.4501304626465 35.5042190551758 35.4723052978516 35.3320999145508 35.304874420166 35.1621971130371 35.0691108703613 35.0386848449707 35.3067893981934 35.4421157836914 35.4869041442871 35.5335884094238 35.5507316589355 35.5579872131348 35.5610504150391 35.5785102844238 35.600944519043 35.6121788024902 35.6090621948242 35.6043663024902 35.6034774780273 35.557933807373 35.5091972351074 35.4420852661133 35.3444519042969 35.220645904541 35.0556411743164
-3.4e+38 -3.4e+38 -3.4e+38 -3.4e+38 -3.4e+38 28.221019744873 33.6579895019531 33.852710723877 33.8260307312012 34.0079231262207 34.3767127990723 34.9367408752441 35.5339279174805 35.7972793579102 35.9443397521973 35.7998046875 35.6754722595215 35.4397010803223 35.4132804870605 35.4516792297363 35.4869346618652 35.4592971801758 35.3779411315918 35.297306060791 35.2452926635742 35.1187019348145 35.0504302978516 35.2083625793457 35.4557876586914 35.4934387207031 35.5475578308105 35.5855026245117 35.6123542785645 35.6014404296875 35.6291236877441 35.6610794067383 35.6591606140137 35.6355628967285 35.6094284057617 35.6028060913086 35.579948425293 35.5519218444824 35.5312271118164 35.5090293884277 35.4436149597168 35.3446083068848 35.1947441101074
-3.4e+38 -3.4e+38 -3.4e+38 -3.4e+38 -3.4e+38 -3.4e+38 33.9092826843262 33.8909950256348 33.8637046813965 34.0579109191895 34.5978927612305 35.249137878418 35.8016815185547 36.1184577941895 36.0759239196777 35.9115791320801 35.6711311340332 35.4643859863281 35.450439453125 35.4893608093262 35.4667930603027 35.3922691345215 35.353832244873 35.2776298522949 35.1779022216797 35.0678863525391 35.1940422058105 35.4402847290039 35.5097541809082 35.5572929382324 35.6436500549316 35.664134979248 35.6555366516113 35.6712493896484 35.7142143249512 35.7126960754395 35.6742973327637 35.64013671875 35.6324043273926 35.6244621276855 35.6052017211914 35.5763931274414 35.5544509887695 35.5240249633789 35.4904518127441 35.4345397949219 35.3277282714844
-3.4e+38 -3.4e+38 -3.4e+38 -3.4e+38 -3.4e+38 -3.4e+38 33.9283218383789 33.9256019592285 33.9632759094238 34.2626419067383 34.9336853027344 35.6723670959473 36.1319236755371 36.1790962219238 36.0949897766113 35.9857978820801 35.6332092285156 35.5115089416504 35.4875335693359 35.5010070800781 35.4351234436035 35.393383026123 35.3080520629883 35.1658821105957 35.0942268371582 35.189380645752 35.4201011657715 35.546257019043 35.5603065490723 35.6670532226562 35.7126426696777 35.6869010925293 35.6829223632812 35.7555732727051 35.7673759460449 35.7217140197754 35.6881942749023 35.6559982299805 35.626953125 35.6208915710449 35.584358215332 35.5467109680176 35.5304222106934 35.5131149291992 35.4883766174316 35.4538078308105 35.4203720092773
-3.4e+38 -3.4e+38 -3.4e+38 -3.4e+38 -3.4e+38 -3.4e+38 34.0085906982422 33.9811134338379 34.1481971740723 34.6148223876953 35.4291343688965 35.9800033569336 36.1139373779297 36.179271697998 36.1192932128906 36.0124588012695 35.7052841186523 35.529956817627 35.5089874267578 35.5275421142578 35.4432220458984 35.3681983947754 35.2114944458008 35.1219787597656 35.1682815551758 35.3653984069824 35.5566635131836 35.5935363769531 35.6752700805664 35.7614784240723 35.6971588134766 35.6714363098145 35.7445602416992 35.8062400817871 35.7796249389648 35.7317657470703 35.6958084106445 35.6834907531738 35.6634788513184 35.5809593200684 35.5080490112305 35.4931297302246 35.5044708251953 35.5235862731934 35.5013847351074 35.4766502380371 35.4499359130859
-3.4e+38 -3.4e+38 -3.4e+38 -3.4e+38 -3.4e+38 34.1509552001953 34.0566482543945 34.082447052002 34.3726272583008 35.0121078491211 35.7763633728027 35.9905738830566 36.0523643493652 36.1173286437988 36.0965766906738 36.0356025695801 35.8370132446289 35.5751075744629 35.541332244873 35.5154762268066 35.4302711486816 35.308406829834 35.1452484130859 35.1659507751465 35.3058013916016 35.5154266357422 35.6164131164551 35.6736259460449 35.8447074890137 35.7744750976562 35.6824378967285 35.7138137817383 35.8179206848145 35.8324928283691 35.7903213500977 35.7227897644043 35.6946754455566 35.6991806030273 35.6384620666504 35.5665168762207 35.5232200622559 35.5131149291992 35.5050315856934 35.5173606872559 35.5158500671387 35.4894599914551 35.4418067932129
-3.4e+38 -3.4e+38 -3.4e+38 -3.4e+38 34.523063659668 34.2113876342773 34.1175727844238 34.2612037658691 34.6966514587402 35.492259979248 35.9223480224609 35.9808082580566 36.0024147033691 36.0454940795898 36.0736923217773 36.0748863220215 35.9787940979004 35.7011451721191 35.5884399414062 35.5094261169434 35.395435333252 35.2727432250977 35.1864356994629 35.2673721313477 35.4442443847656 35.6167526245117 35.6608428955078 35.8344612121582 35.8876419067383 35.7629089355469 35.6816024780273 35.7763824462891 35.8647041320801 35.815242767334 35.7637786865234 35.7372589111328 35.7258224487305 35.6914863586426 35.667667388916 35.6160697937012 35.5624923706055 35.5250015258789 35.5114822387695 35.5135383605957 35.5121383666992 35.4971504211426 35.4718132019043
