Ecospace-environmental-drivers/Outputs/ASCII-for-ecospace/Sal-surf/Sal-surf_X2010.02.asc
NCOLS 131 
NROWS 53 
XLLCORNER -98 
YLLCORNER 23.9265270233154 
CELLSIZE 0.133587792515755 
NODATA_value -3.4e+38 
[rows 0 to 20 of 53, columns 47 to 93 of 131]
-3.4e+38 -3.4e+38 -3.4e+38 -3.4e+38 -3.4e+38 -3.4e+38 -3.4e+38 -3.4e+38 -3.4e+38 -3.4e+38 -3.4e+38 -3.4e+38 -3.4e+38 -3.4e+38 -3.4e+38 -3.4e+38 -3.4e+38 -3.4e+38 -3.4e+38 -3.4e+38 -3.4e+38 -3.4e+38 -3.4e+38 -3.4e+38 -3.4e+38 -3.4e+38 -3.4e+38 -3.4e+38 -3.4e+38 -3.4e+38 -3.4e+38 -3.4e+38 -3.4e+38 -3.4e+38 -3.4e+38 -3.4e+38 -3.4e+38 -3.4e+38 -3.4e+38 -3.4e+38 -3.4e+38 -3.4e+38 -3.4e+38 -3.4e+38 -3.4e+38 -3.4e+38 -3.4e+38
-3.4e+38 -3.4e+38 -3.4e+38 -3.4e+38 -3.4e+38 -3.4e+38 -3.4e+38 -3.4e+38 -3.4e+38 -3.4e+38 -3.4e+38 -3.4e+38 -3.4e+38 -3.4e+38 -3.4e+38 -3.4e+38 -3.4e+38 -3.4e+38 -3.4e+38 -3.4e+38 -3.4e+38 -3.4e+38 -3.4e+38 -3.4e+38 -3.4e+38 -3.4e+38 -3.4e+38 -3.4e+38 -3.4e+38 -3.4e+38 -3.4e+38 -3.4e+38 -3.4e+38 -3.4e+38 -3.4e+38 -3.4e+38 -3.4e+38 -3.4e+38 -3.4e+38 -3.4e+38 -3.4e+38 -3.4e+38 -3.4e+38 -3.4e+38 -3.4e+38 -3.4e+38 -3.4e+38
-3.4e+38 -3.4e+38 -3.4e+38 -3.4e+38 -3.4e+38 -3.4e+38 -3.4e+38 -3.4e+38 -3.4e+38 -3.4e+38 -3.4e+38 -3.4e+38 -3.4e+38 -3.4e+38 -3.4e+38 -3.4e+38 -3.4e+38 -3.4e+38 -3.4e+38 -3.4e+38 -3.4e+38 -3.4e+38 -3.4e+38 -3.4e+38 -3.4e+38 -3.4e+38 -3.4e+38 0.968987166881561 0.947481274604797 -3.4e+38 -3.4e+38 -3.4e+38 -3.4e+38 -3.4e+38 -3.4e+38 -3.4e+38 -3.4e+38 -3.4e+38 -3.4e+38 -3.4e+38 -3.4e+38 -3.4e+38 -3.4e+38 -3.4e+38 -3.4e+38 -3.4e+38 -3.4e+38
-3.4e+38 -3.4e+38 -3.4e+38 -3.4e+38 -3.4e+38 -3.4e+38 -3.4e+38 -3.4e+38 -3.4e+38 -3.4e+38 -3.4e+38 -3.4e+38 -3.4e+38 -3.4e+38 -3.4e+38 -3.4e+38 -3.4e+38 -3.4e+38 -3.4e+38 -3.4e+38 -3.4e+38 -3.4e+38 -3.4e+38 -3.4e+38 -3.4e+38 -3.4e+38 -3.4e+38 8.08083152770996 8.92605876922607 -3.4e+38 -3.4e+38 -3.4e+38 -3.4e+38 -3.4e+38 -3.4e+38 -3.4e+38 -3.4e+38 -3.4e+38 -3.4e+38 -3.4e+38 -3.4e+38 -3.4e+38 -3.4e+38 -3.4e+38 -3.4e+38 -3.4e+38 -3.4e+38
-3.4e+38 -3.4e+38 -3.4e+38 -3.4e+38 -3.4e+38 -3.4e+38 -3.4e+38 -3.4e+38 -3.4e+38 14.525463104248 14.525463104248 14.5254325866699 13.8295850753784 -3.4e+38 -3.4e+38 -3.4e+38 -3.4e+38 -3.4e+38 29.1617164611816 28.6426315307617 25.8706836700439 22.0691013336182 14.5998420715332 11.0629377365112 19.2644100189209 24.750114440918 26.6908016204834 22.263463973999 24.0297813415527 27.5345096588135 -3.4e+38 -3.4e+38 33.2125244140625 32.3534774780273 29.9363231658936 33.1875534057617 33.6017608642578 33.7845497131348 33.8964958190918 34.1053276062012 34.2737846374512 34.4061546325684 -3.4e+38 -3.4e+38 -3.4e+38 -3.4e+38 -3.4e+38
-3.4e+38 -3.4e+38 -3.4e+38 -3.4e+38 -3.4e+38 -3.4e+38 -3.4e+38 -3.4e+38 14.525463104248 14.525463104248 14.525463104248 14.525463104248 14.5254020690918 13.858998298645 12.4084787368774 -3.4e+38 20.3999290466309 28.2341251373291 29.3824520111084 30.3876571655273 30.8784294128418 29.4235591888428 21.1206016540527 20.6044406890869 24.3141174316406 28.837272644043 29.6249656677246 30.2599124908447 29.9728336334229 28.1750030517578 33.1490898132324 33.2340507507324 33.2082290649414 33.1952896118164 33.0740623474121 33.8944664001465 34.1851997375488 34.2292861938477 34.2418098449707 34.3274002075195 34.4140243530273 34.4513473510742 34.4854621887207 34.5103225708008 -3.4e+38 -3.4e+38 -3.4e+38
-3.4e+38 -3.4e+38 -3.4e+38 -3.4e+38 -3.4e+38 -3.4e+38 -3.4e+38 -3.4e+38 14.7715425491333 14.525463104248 14.525463104248 14.525463104248 14.525463104248 14.5253410339355 13.976710319519 12.4084787368774 14.2455291748047 26.7115802764893 30.9657783508301 32.4800033569336 33.1724853515625 33.4304313659668 33.3847885131836 33.421501159668 33.4020919799805 33.6122398376465 33.4984397888184 33.2803573608398 33.2538528442383 33.3201103210449 33.5825881958008 33.8286895751953 34.0022277832031 34.2185173034668 34.5322570800781 34.7386665344238 34.8405914306641 34.8917350769043 34.9012908935547 34.8723640441895 34.8655090332031 34.8830986022949 34.783390045166 34.6329956054688 34.5116920471191 34.4829521179199 -3.4e+38
-3.4e+38 -3.4e+38 -3.4e+38 -3.4e+38 -3.4e+38 -3.4e+38 -3.4e+38 -3.4e+38 -3.4e+38 -3.4e+38 14.525463104248 14.525463104248 14.525463104248 -3.4e+38 14.5252180099487 14.4476804733276 15.302529335022 21.4130172729492 30.0754890441895 32.6457061767578 33.4628715515137 33.6836891174316 33.9103317260742 34.1473236083984 34.1526145935059 34.1236686706543 34.1736717224121 34.1768455505371 34.0959014892578 34.0765533447266 34.1351318359375 34.2380905151367 34.360710144043 34.5516166687012 34.7125129699707 34.7915878295898 34.858081817627 34.9512329101562 34.9841499328613 35.0095977783203 35.0460624694824 35.0789909362793 35.0915107727051 34.9652137756348 34.6864356994629 34.4505195617676 34.2831611633301
-3.4e+38 -3.4e+38 -3.4e+38 -3.4e+38 -3.4e+38 -3.4e+38 -3.4e+38 -3.4e+38 -3.4e+38 -3.4e+38 -3.4e+38 -3.4e+38 -3.4e+38 -3.4e+38 14.5326843261719 14.6095590591431 19.4096622467041 19.1737632751465 26.5794277191162 31.9752540588379 33.0304374694824 33.3136863708496 33.7373352050781 33.9991798400879 33.8729934692383 33.8195266723633 33.9401588439941 34.0726165771484 34.2048301696777 34.190746307373 34.1451530456543 34.2505989074707 34.4847145080566 34.6082305908203 34.6735649108887 34.7549057006836 34.8542060852051 34.9211845397949 35.0073013305664 35.0566482543945 35.101146697998 35.1269340515137 35.2140083312988 35.2038192749023 35.0595855712891 34.7289199829102 34.3153800964355
23.7646636962891 -3.4e+38 -3.4e+38 -3.4e+38 -3.4e+38 -3.4e+38 -3.4e+38 -3.4e+38 -3.4e+38 -3.4e+38 24.2048072814941 21.1695976257324 -3.4e+38 -3.4e+38 -3.4e+38 20.8461303710938 25.0707111358643 25.8503761291504 28.2667846679688 31.4981307983398 32.6040229797363 33.0836334228516 33.4558029174805 33.7225227355957 33.5751838684082 33.5191612243652 33.6589775085449 33.7623291015625 33.943042755127 34.0506973266602 34.1213798522949 34.3742446899414 34.5533676147461 34.4860382080078 34.5613441467285 34.6083602905273 34.6580619812012 34.7715911865234 34.9116554260254 35.0469703674316 35.1411895751953 35.174503326416 35.2989311218262 35.3094367980957 35.2787017822266 34.9944839477539 34.4019889831543
22.1350002288818 17.1603755950928 -3.4e+38 -3.4e+38 -3.4e+38 -3.4e+38 -3.4e+38 -3.4e+38 -3.4e+38 -3.4e+38 28.5846138000488 28.3904876708984 27.8137302398682 -3.4e+38 -3.4e+38 24.9492874145508 25.0684051513672 26.1748905181885 29.4034118652344 31.4690113067627 32.3736381530762 32.8123626708984 33.0458297729492 33.3169479370117 33.2380752563477 33.2859573364258 33.4360198974609 33.5627365112305 33.716625213623 33.9242668151855 34.1090850830078 34.3379287719727 34.3699073791504 34.3763313293457 34.4967193603516 34.5299987792969 34.5734367370605 34.6812858581543 34.828010559082 35.0650177001953 35.1745529174805 35.2595863342285 35.3510284423828 35.3718795776367 35.3521499633789 35.1427803039551 34.5723915100098
20.2608737945557 11.9449577331543 1.11347150802612 7.20986032485962 -3.4e+38 -3.4e+38 -3.4e+38 -3.4e+38 -3.4e+38 -3.4e+38 -3.4e+38 28.7492027282715 28.3844108581543 27.8137302398682 27.6977996826172 26.1006355285645 25.2538890838623 26.0084323883057 28.8968296051025 31.397346496582 32.1849670410156 32.2121200561523 32.497184753418 32.7699279785156 32.8523178100586 33.0329933166504 33.2219429016113 33.4331321716309 33.6288795471191 33.782112121582 33.9528465270996 34.1007308959961 34.2027320861816 34.3841133117676 34.5337677001953 34.5014457702637 34.4655609130859 34.571891784668 34.7259254455566 34.9585342407227 35.1406784057617 35.3076515197754 35.4284248352051 35.4376258850098 35.3844909667969 35.261661529541 34.8895606994629
26.0650444030762 20.3037204742432 11.3756036758423 9.14050579071045 -3.4e+38 -3.4e+38 -3.4e+38 -3.4e+38 27.9408931732178 28.1730880737305 29.0561218261719 29.0699462890625 28.4422855377197 28.8972148895264 29.1309623718262 27.4698619842529 25.292688369751 26.3924045562744 28.0293884277344 30.1415615081787 31.7735404968262 31.6262760162354 31.9510173797607 32.6362724304199 33.1752967834473 33.4189987182617 33.5977668762207 33.7653160095215 33.9168739318848 33.9992752075195 34.0339431762695 34.1465263366699 34.2902221679688 34.3777503967285 34.4711151123047 34.4997253417969 34.4918403625488 34.4882507324219 34.583797454834 34.7502861022949 34.9824256896973 35.18310546875 35.3955459594727 35.4428062438965 35.434757232666 35.4166679382324 35.370304107666
28.8082618713379 27.8708667755127 25.2030220031738 20.5833263397217 21.9973049163818 25.6834278106689 27.5768642425537 28.2363090515137 28.6547241210938 29.4307060241699 29.5930023193359 28.8096675872803 29.448657989502 30.1591243743896 30.1181392669678 28.2704544067383 24.5758628845215 21.2550849914551 19.3503589630127 23.3052082061768 28.5338401794434 31.2183589935303 32.3033828735352 33.4279594421387 34.0977592468262 34.4672622680664 34.570011138916 34.5602149963379 34.5604705810547 34.5060997009277 34.3866806030273 34.3650856018066 34.427059173584 34.4260520935059 34.4341583251953 34.4962310791016 34.553581237793 34.5226745605469 34.526294708252 34.6819725036621 34.8552093505859 35.0373268127441 35.1900482177734 35.2699775695801 35.3779792785645 35.4346504211426 35.4771919250488
30.2029418945312 29.9387340545654 28.7836513519287 26.3849487304688 25.9927158355713 27.5183429718018 29.0783576965332 29.7997493743896 30.124002456665 30.1812801361084 30.106517791748 30.2977924346924 31.2188301086426 31.6649951934814 31.3706531524658 30.290901184082 26.3277683258057 11.9121026992798 7.17106008529663 10.55091381073 26.936149597168 32.1477012634277 33.8704948425293 34.640739440918 34.8229103088379 34.8622856140137 34.8830947875977 34.8797836303711 34.8547668457031 34.7893295288086 34.7342414855957 34.6288795471191 34.5880355834961 34.5810775756836 34.5254020690918 34.5035438537598 34.5253562927246 34.5598754882812 34.5742416381836 34.7074928283691 34.8674049377441 34.9707489013672 35.060863494873 35.1670989990234 35.2522659301758 35.3535614013672 35.442253112793
31.3848571777344 30.9404563903809 30.0604991912842 28.8314266204834 28.8158493041992 30.1141242980957 30.8659400939941 30.9689159393311 31.0767307281494 31.4381160736084 31.6481304168701 31.9855804443359 32.0827255249023 31.7507438659668 31.285514831543 30.644172668457 28.6603908538818 19.6745853424072 24.7623825073242 28.0277347564697 32.2489776611328 34.2381057739258 34.8739204406738 34.9524803161621 34.9641151428223 34.9581985473633 34.9435882568359 34.9292449951172 34.9088172912598 34.8772392272949 34.8182067871094 34.7606086730957 34.6891784667969 34.6236724853516 34.5805740356445 34.5558204650879 34.5636978149414 34.6054992675781 34.6433448791504 34.794548034668 34.9496612548828 35.0005149841309 35.0281639099121 35.0864295959473 35.1567115783691 35.223560333252 35.3377456665039
32.3635292053223 31.9096069335938 31.2443046569824 30.5979328155518 30.399528503418 31.2535648345947 31.8175163269043 31.9295043945312 32.1583938598633 32.4507369995117 32.6363945007324 32.8579406738281 33.0066947937012 33.1385459899902 33.2588386535645 33.0280799865723 32.5093383789062 32.3599548339844 33.3178596496582 34.0904998779297 34.7514190673828 34.9765663146973 35.0140724182129 35.0190277099609 35.0056533813477 34.9753303527832 34.9369316101074 34.8972930908203 34.8704452514648 34.8613967895508 34.8118629455566 34.7686157226562 34.6787948608398 34.6477317810059 34.6355361938477 34.612663269043 34.6043930053711 34.6442642211914 34.7092666625977 35.0201950073242 35.1710815429688 35.1620445251465 35.1340599060059 35.0872421264648 35.0940551757812 35.158390045166 35.2545547485352
33.2897262573242 32.904727935791 32.3925132751465 31.9156303405762 31.6550998687744 31.8295307159424 32.2336654663086 32.5595932006836 32.7873764038086 32.9701309204102 33.2477989196777 33.6505584716797 33.9711456298828 34.2898826599121 34.4553527832031 34.5835609436035 34.644645690918 34.751838684082 34.8943977355957 35.0004081726074 35.0503845214844 35.0280418395996 35.0253562927246 35.0228042602539 35.0040817260742 34.958251953125 34.8731536865234 34.8126449584961 34.788501739502 34.7576484680176 34.7379264831543 34.741039276123 34.7032279968262 34.6671562194824 34.6415214538574 34.5693206787109 34.6093902587891 34.6718444824219 34.8926200866699 35.2598152160645 35.3251800537109 35.3061485290527 35.271369934082 35.1855888366699 35.1525001525879 35.1737670898438 35.223258972168
34.2494201660156 33.9207077026367 33.514705657959 33.0693664550781 32.7218704223633 32.6541137695312 32.7959136962891 32.9985504150391 33.2759780883789 33.5892105102539 33.914249420166 34.189037322998 34.4430236816406 34.7207221984863 34.8918762207031 34.9907684326172 35.0275840759277 35.0442695617676 35.0629196166992 35.0643730163574 35.0474472045898 35.0359840393066 35.0444755554199 35.0459022521973 34.9902191162109 34.9021492004395 34.8285598754883 34.7766609191895 34.7722511291504 34.7719230651855 34.7611503601074 34.7259826660156 34.6996536254883 34.7014007568359 34.6864624023438 34.6167373657227 34.6181182861328 34.7371864318848 34.9518432617188 35.2334251403809 35.3005561828613 35.2893180847168 35.327335357666 35.3400077819824 35.3183822631836 35.3332672119141 35.3504981994629
34.8137435913086 34.6723747253418 34.433177947998 34.0878410339355 33.7826538085938 33.6158027648926 33.6226272583008 33.6660575866699 33.785213470459 33.9758262634277 34.2046279907227 34.4822006225586 34.8267135620117 35.039665222168 35.070743560791 35.0633239746094 35.0587425231934 35.0669898986816 35.0556602478027 35.0352363586426 35.0163803100586 35.0263252258301 35.064395904541 35.0620040893555 34.9647331237793 34.8894653320312 34.8606414794922 34.8330421447754 34.8253021240234 34.839412689209 34.7855758666992 34.7205810546875 34.6932640075684 34.6693000793457 34.6475028991699 34.641227722168 34.605899810791 34.6865310668945 34.8933372497559 35.1569938659668 35.1921005249023 35.210376739502 35.2843208312988 35.3464126586914 35.384822845459 35.3751068115234 35.4092712402344
34.9935035705566 35.0134353637695 34.9981155395508 34.9171447753906 34.7297477722168 34.7273483276367 34.7221412658691 34.5931739807129 34.5825233459473 34.6920356750488 34.8540344238281 34.9966087341309 35.0720863342285 35.0859756469727 35.0566520690918 35.0509719848633 35.0714950561523 35.0576286315918 35.0134963989258 34.9745216369629 34.9926834106445 35.0734367370605 35.1320114135742 35.0493240356445 34.9798011779785 34.9340286254883 34.887508392334 34.8614540100098 34.8505554199219 34.8053245544434 34.666259765625 34.5760078430176 34.5640411376953 34.5900726318359 34.6353340148926 34.6723175048828 34.6746444702148 34.7108039855957 34.8730812072754 35.1382293701172 35.171028137207 35.2413787841797 35.3444519042969 35.4234313964844 35.4512252807617 35.4142303466797 35.3963584899902
