Ecospace-environmental-drivers/Outputs/ASCII-for-ecospace/Sal-surf/Sal-surf_X2016.04.asc
NCOLS 131 
NROWS 53 
XLLCORNER -98 
YLLCORNER 23.9265270233154 
CELLSIZE 0.133587792515755 
NODATA_value -3.4e+38 
[rows 21 to 41 of 53, columns 47 to 93 of 131]
35.1122398376465 35.0601921081543 34.9552803039551 34.8066673278809 34.7351837158203 34.7495536804199 34.7398147583008 34.7290229797363 34.7516708374023 34.7947311401367 34.8388557434082 34.9101448059082 34.8956489562988 34.8015937805176 34.725154876709 34.5667724609375 34.3242988586426 34.284854888916 34.1672248840332 34.0559921264648 33.9848823547363 33.9049110412598 34.1424140930176 34.4803695678711 34.9148559570312 35.2575416564941 35.3186149597168 35.336124420166 35.3156318664551 35.292594909668 35.2871780395508 35.298641204834 35.3176460266113 35.340518951416 35.3973579406738 35.5109939575195 35.6264762878418 35.7130012512207 35.7809638977051 35.8130302429199 35.8359985351562 35.8586654663086 35.8910751342773 35.9179954528809 35.940299987793 35.9710006713867 35.990047454834
34.9188499450684 34.8897819519043 34.8256492614746 34.7951850891113 34.7874374389648 34.8192176818848 34.8644371032715 34.8689918518066 34.8663024902344 34.8981628417969 34.9145317077637 34.8984756469727 34.8292770385742 34.7554130554199 34.6576957702637 34.3299407958984 34.2030792236328 34.2194328308105 34.2832527160645 34.2486991882324 33.8679237365723 34.1870155334473 34.5940208435059 34.9667282104492 35.3654823303223 35.4822540283203 35.5163421630859 35.5364875793457 35.5231056213379 35.5023002624512 35.4878959655762 35.4758415222168 35.486457824707 35.5244445800781 35.5972595214844 35.6650733947754 35.714282989502 35.7526817321777 35.7626113891602 35.7848663330078 35.8039474487305 35.8323440551758 35.876033782959 35.9249839782715 35.9769325256348 35.9918975830078 36.0147132873535
34.608512878418 34.6557006835938 34.6315765380859 34.6358070373535 34.6353645324707 34.6190490722656 34.6548728942871 34.7498474121094 34.8276443481445 34.8578338623047 34.865104675293 34.8332595825195 34.7632522583008 34.7194442749023 34.4836769104004 34.1613502502441 34.1277885437012 34.1879768371582 34.297477722168 34.1979331970215 34.1826057434082 34.5972747802734 34.9839630126953 35.3191833496094 35.4709167480469 35.5085334777832 35.5349235534668 35.5771827697754 35.6067390441895 35.6002769470215 35.5947875976562 35.5870132446289 35.5776557922363 35.5839424133301 35.6280403137207 35.7032623291016 35.7479248046875 35.7679176330566 35.7470245361328 35.7621917724609 35.7699012756348 35.8087959289551 35.8717193603516 35.9472503662109 36.0256004333496 36.0335273742676 36.0439872741699
34.4288291931152 34.4743423461914 34.5254325866699 34.5684547424316 34.5918922424316 34.58544921875 34.6198921203613 34.6924743652344 34.7602386474609 34.8154182434082 34.8726615905762 34.822322845459 34.7498168945312 34.6603660583496 34.4479675292969 34.2355346679688 34.176815032959 34.2448883056641 34.2921142578125 34.5176277160645 34.5810279846191 34.8663749694824 35.2499046325684 35.4401817321777 35.5497589111328 35.5509872436523 35.5813484191895 35.6066207885742 35.6355972290039 35.6398658752441 35.614559173584 35.6027374267578 35.6085090637207 35.6136589050293 35.5942192077637 35.6246719360352 35.6975517272949 35.7643203735352 35.7569046020508 35.7437362670898 35.7486724853516 35.7960472106934 35.8302383422852 35.8865242004395 35.9765701293945 36.0396041870117 36.0908241271973
34.4996185302734 34.440128326416 34.440372467041 34.5130271911621 34.5766220092773 34.6100387573242 34.6640357971191 34.6673355102539 34.6706047058105 34.9061470031738 34.9511985778809 34.7685012817383 34.7193412780762 34.6245307922363 34.4655990600586 34.3162269592285 34.2255706787109 34.2818412780762 34.4688377380371 34.7122192382812 34.8647117614746 35.0871467590332 35.3728904724121 35.5448532104492 35.5670890808105 35.513053894043 35.5016937255859 35.5565757751465 35.5964164733887 35.6389923095703 35.6294555664062 35.591869354248 35.5747718811035 35.6205787658691 35.6546096801758 35.6099395751953 35.603343963623 35.6688079833984 35.7468147277832 35.7433052062988 35.7174301147461 35.738166809082 35.7798957824707 35.8313865661621 35.9277877807617 36.0300788879395 36.1005897521973
35.0114974975586 34.8681221008301 34.6958122253418 34.6384162902832 34.6673126220703 34.7113952636719 34.721019744873 34.7005844116211 34.8007698059082 35.0152320861816 34.856632232666 34.7571640014648 34.7053337097168 34.6667976379395 34.5924224853516 34.4534339904785 34.3608055114746 34.3960113525391 34.5979652404785 34.8054847717285 34.9904327392578 35.1852645874023 35.4079513549805 35.5490188598633 35.5147247314453 35.4803237915039 35.5137138366699 35.5331115722656 35.5445518493652 35.5754928588867 35.577823638916 35.561466217041 35.5791320800781 35.6107177734375 35.6448936462402 35.6496162414551 35.6417045593262 35.651912689209 35.7169647216797 35.7441940307617 35.7176895141602 35.687572479248 35.7329216003418 35.7921409606934 35.8512687683105 35.9816932678223 36.0915069580078
35.2772102355957 35.2234230041504 35.0946273803711 34.9265518188477 34.861385345459 34.7985191345215 34.7650947570801 34.8330535888672 34.9931335449219 35.0087661743164 34.8326377868652 34.7619171142578 34.8174438476562 34.8480339050293 34.8010139465332 34.6646308898926 34.533260345459 34.5030822753906 34.6334915161133 34.776985168457 34.8917465209961 35.1527404785156 35.354377746582 35.4570617675781 35.5350761413574 35.6080627441406 35.6358833312988 35.6316795349121 35.6252288818359 35.6274147033691 35.6286735534668 35.6276550292969 35.637035369873 35.6561317443848 35.6755027770996 35.6957893371582 35.7085227966309 35.7159996032715 35.7093925476074 35.726676940918 35.7353935241699 35.6661796569824 35.681640625 35.732234954834 35.8033714294434 35.8785400390625 36.0173721313477
35.3876609802246 35.3183708190918 35.2692108154297 35.1524848937988 35.0234870910645 34.8674736022949 34.8686447143555 34.9939994812012 35.0753173828125 35.0063438415527 34.8468742370605 34.8634071350098 34.9698219299316 35.0103874206543 34.9888648986816 34.9346313476562 34.8485145568848 34.7376174926758 34.7391586303711 34.8070983886719 34.8776626586914 35.1094512939453 35.2929077148438 35.4843978881836 35.626880645752 35.6733665466309 35.6802978515625 35.6675033569336 35.6753349304199 35.6735954284668 35.6812324523926 35.7084541320801 35.7483444213867 35.7657051086426 35.7766418457031 35.7731971740723 35.7475852966309 35.7325973510742 35.7298698425293 35.7414588928223 35.8021202087402 35.7368240356445 35.6798439025879 35.7018737792969 35.7720909118652 35.8355865478516 35.9333801269531
35.5680541992188 35.4524955749512 35.3552513122559 35.2460060119629 35.0894165039062 34.916088104248 34.9855690002441 35.0486183166504 35.0733108520508 35.0519409179688 34.90380859375 34.9072685241699 34.8482437133789 34.8919372558594 35.0081787109375 35.0667572021484 35.0942153930664 35.0801467895508 35.0583305358887 35.0511741638184 35.1318893432617 35.314395904541 35.4600563049316 35.5631408691406 35.5966606140137 35.5878639221191 35.5806884765625 35.5980529785156 35.6561393737793 35.7146224975586 35.754150390625 35.7957153320312 35.8227920532227 35.8316688537598 35.8434524536133 35.8602561950684 35.869556427002 35.8462066650391 35.8060874938965 35.7826805114746 35.7978591918945 35.7995910644531 35.7416152954102 35.7152976989746 35.7660484313965 35.8171730041504 35.8765678405762
35.6563377380371 35.5735054016113 35.4435615539551 35.2902679443359 35.1191902160645 34.9485549926758 35.0308723449707 35.0735092163086 35.1224098205566 35.1115074157715 34.964282989502 34.8410491943359 34.7094268798828 34.8577156066895 35.0147399902344 35.0582962036133 35.101375579834 35.1372528076172 35.1843032836914 35.2065200805664 35.2849349975586 35.3756561279297 35.4419136047363 35.4760932922363 35.4604911804199 35.4795379638672 35.5765228271484 35.6483917236328 35.7100982666016 35.7525291442871 35.7983818054199 35.8492698669434 35.9037399291992 35.9358558654785 35.9473419189453 35.9444770812988 35.9361877441406 35.9232330322266 35.9006309509277 35.8553276062012 35.8087539672852 35.7749404907227 35.7905120849609 35.7958908081055 35.7971801757812 35.8052787780762 35.8529777526855
35.67529296875 35.6125984191895 35.505241394043 35.314884185791 35.1386833190918 34.9533576965332 35.060676574707 35.1042785644531 35.1440467834473 35.1463813781738 35.0427665710449 34.9018287658691 34.8230667114258 34.991455078125 35.1521186828613 35.1634902954102 35.1364402770996 35.1519966125488 35.1428413391113 35.1761741638184 35.2505645751953 35.325496673584 35.3596878051758 35.3759765625 35.4379653930664 35.5917663574219 35.706657409668 35.8019828796387 35.8935546875 35.9712867736816 36.0416259765625 36.090648651123 36.1148567199707 36.1254005432129 36.1299171447754 36.1345024108887 36.1334381103516 36.1176567077637 36.0837707519531 36.0383529663086 35.9881706237793 35.9245758056641 35.8681907653809 35.8565788269043 35.8622627258301 35.871524810791 35.87939453125
35.7069511413574 35.6335220336914 35.5120315551758 35.3438339233398 35.1556053161621 34.970588684082 35.0830345153809 35.0833358764648 35.1321563720703 35.1157684326172 35.0854835510254 35.0409851074219 35.0156326293945 35.0275382995605 35.0985298156738 35.1002578735352 35.1039924621582 35.2030067443848 35.1815605163574 35.1683387756348 35.2110328674316 35.283878326416 35.4046516418457 35.5407752990723 35.6840553283691 35.8372459411621 35.9636764526367 36.0584678649902 36.1252861022949 36.1645202636719 36.1732482910156 36.1863174438477 36.2016296386719 36.2082862854004 36.2138977050781 36.2191772460938 36.2250785827637 36.2213325500488 36.2088050842285 36.1949043273926 36.1789474487305 36.1589012145996 36.1216049194336 36.0810585021973 36.064826965332 36.0607452392578 36.0506286621094
35.7645645141602 35.6498985290527 35.493522644043 35.3694725036621 35.1799812316895 35.0191307067871 35.1108474731445 35.1649971008301 35.223274230957 35.2218856811523 35.2230224609375 35.154052734375 35.1129188537598 35.0754928588867 35.0507698059082 35.1049537658691 35.1988639831543 35.2860488891602 35.2946853637695 35.2705879211426 35.3416023254395 35.5047798156738 35.695629119873 35.837158203125 35.9743194580078 36.0464859008789 36.1065063476562 36.1532135009766 36.179313659668 36.2008476257324 36.2147331237793 36.2230453491211 36.2247505187988 36.2249717712402 36.2238388061523 36.2225494384766 36.2255172729492 36.2319602966309 36.2334518432617 36.231201171875 36.2263374328613 36.2223739624023 36.2185134887695 36.1951751708984 36.172306060791 36.1643714904785 36.1686019897461
35.8227500915527 35.6746139526367 35.4966812133789 35.3761863708496 35.2417411804199 35.0556488037109 35.1560897827148 35.2288665771484 35.2635879516602 35.2986640930176 35.3833351135254 35.3504981994629 35.2879066467285 35.2300415039062 35.2092590332031 35.2649803161621 35.3310661315918 35.3697471618652 35.3853454589844 35.4456520080566 35.65771484375 35.8349533081055 35.9332046508789 36.0079116821289 36.0743865966797 36.1252174377441 36.173038482666 36.1883239746094 36.2087020874023 36.215087890625 36.2126274108887 36.2096939086914 36.2063598632812 36.2027702331543 36.1981048583984 36.1949043273926 36.1915016174316 36.1929397583008 36.2003059387207 36.2084808349609 36.2113265991211 36.2140235900879 36.2255363464355 36.2291984558105 36.2193374633789 36.2120208740234 36.2067375183105
35.862419128418 35.6805381774902 35.5088386535645 35.3775978088379 35.3076095581055 35.1417465209961 35.1781387329102 35.2367248535156 35.2667770385742 35.3533248901367 35.424243927002 35.3452186584473 35.3035087585449 35.3463516235352 35.3973350524902 35.4290390014648 35.4633712768555 35.5174026489258 35.6307792663574 35.8125114440918 35.9085655212402 35.9408264160156 36.004222869873 36.0861358642578 36.1337013244629 36.1537284851074 36.1832885742188 36.2084274291992 36.2060356140137 36.2023315429688 36.2010231018066 36.1982879638672 36.1945571899414 36.1871299743652 36.1809577941895 36.1757965087891 36.1724510192871 36.1739158630371 36.1770858764648 36.1826324462891 36.1847114562988 36.1877899169922 36.2001495361328 36.213249206543 36.2248420715332 36.2343330383301 36.2333030700684
35.8940086364746 35.6897201538086 35.5198554992676 35.4013595581055 35.3571395874023 35.2313194274902 35.2497291564941 35.2909812927246 35.2876281738281 35.4309272766113 35.4712257385254 35.4193649291992 35.4161720275879 35.4497756958008 35.5098075866699 35.5550422668457 35.6470603942871 35.7484741210938 35.8499526977539 35.8983612060547 35.9390830993652 35.9837265014648 36.0938034057617 36.1351280212402 36.1346206665039 36.1696739196777 36.2042503356934 36.2105979919434 36.2039756774902 36.1985282897949 36.1913909912109 36.1847305297852 36.1791114807129 36.1775856018066 36.1719245910645 36.1702728271484 36.1720581054688 36.1718559265137 36.1679306030273 36.1669502258301 36.1704788208008 36.1775131225586 36.184326171875 36.1948471069336 36.2050132751465 36.2200202941895 36.234748840332
35.9120178222656 35.7014923095703 35.5295181274414 35.4160041809082 35.3920707702637 35.2823371887207 35.3314399719238 35.3110618591309 35.3024787902832 35.5218276977539 35.5733757019043 35.6108207702637 35.5965347290039 35.632137298584 35.6724739074707 35.7082710266113 35.7931289672852 35.8605194091797 35.8922233581543 35.913948059082 35.9793968200684 36.0535316467285 36.1329116821289 36.1278800964355 36.1469497680664 36.1938591003418 36.2102203369141 36.2084999084473 36.1982917785645 36.1927299499512 36.1869087219238 36.1828155517578 36.1748886108398 36.1710662841797 36.167652130127 36.1662483215332 36.1653137207031 36.1654815673828 36.1692314147949 36.168872833252 36.1693077087402 36.1684799194336 36.1709747314453 36.1782150268555 36.1856575012207 36.2028579711914 36.2240905761719
35.8874626159668 35.703483581543 35.5462989807129 35.4342880249023 35.4194641113281 35.3559494018555 35.3715476989746 35.3173942565918 35.3490104675293 35.5578575134277 35.6364288330078 35.7014198303223 35.754150390625 35.7683372497559 35.8035850524902 35.8335151672363 35.8810272216797 35.8951148986816 35.9065361022949 35.9403915405273 36.0118179321289 36.0989074707031 36.1267242431641 36.1311340332031 36.1554260253906 36.1975250244141 36.2165603637695 36.2076187133789 36.1982116699219 36.1901359558105 36.184497833252 36.1800842285156 36.1681098937988 36.1692237854004 36.1672821044922 36.1661911010742 36.1658554077148 36.163948059082 36.1665840148926 36.170238494873 36.1751861572266 36.1743927001953 36.171085357666 36.1694984436035 36.1797523498535 36.1938819885254 36.2094230651855
35.8606491088867 35.6910705566406 35.5366287231445 35.4463806152344 35.4324226379395 35.3302726745605 35.3233680725098 35.3057594299316 35.3993148803711 35.5711059570312 35.6727828979492 35.7331161499023 35.8019828796387 35.8214340209961 35.8507499694824 35.8704414367676 35.8909645080566 35.9080276489258 35.916748046875 35.971549987793 36.0677871704102 36.1056976318359 36.1272048950195 36.1356391906738 36.1608009338379 36.2014045715332 36.2237892150879 36.2097663879395 36.1976470947266 36.1870880126953 36.1824569702148 36.177074432373 36.1734924316406 36.1708374023438 36.1668586730957 36.1702461242676 36.1712799072266 36.1685218811035 36.1703491210938 36.1758499145508 36.1772613525391 36.1748504638672 36.1774635314941 36.1784782409668 36.1823844909668 36.1884422302246 36.2096176147461
35.8445358276367 35.6704940795898 35.5210342407227 35.4522247314453 35.419075012207 35.3544311523438 35.3183326721191 35.2712173461914 35.4342842102051 35.6182098388672 35.7209205627441 35.7913589477539 35.8325309753418 35.8369827270508 35.8544654846191 35.8957939147949 35.9153251647949 35.9139938354492 35.9369697570801 36.0197219848633 36.0825614929199 36.1142349243164 36.1254539489746 36.1421127319336 36.1637687683105 36.2003173828125 36.2203330993652 36.2155570983887 36.1994514465332 36.1885871887207 36.1860046386719 36.1791343688965 36.1804733276367 36.1737594604492 36.1754684448242 36.1767349243164 36.1764488220215 36.1795463562012 36.1773223876953 36.1773376464844 36.1758193969727 36.1788711547852 36.1816444396973 36.1851768493652 36.1870498657227 36.1896438598633 36.2135429382324
35.8068161010742 35.6335258483887 35.5113525390625 35.4531364440918 35.4127464294434 35.3628044128418 35.310791015625 35.27294921875 35.4476661682129 35.6971626281738 35.7673797607422 35.8199501037598 35.8273620605469 35.8353042602539 35.8806762695312 35.9178161621094 35.9099807739258 35.9164695739746 35.9613952636719 36.063362121582 36.0929565429688 36.1162796020508 36.1216354370117 36.1465377807617 36.1635665893555 36.190803527832 36.212028503418 36.2166900634766 36.2026138305664 36.1914520263672 36.1883506774902 36.1846542358398 36.1826133728027 36.1824340820312 36.1807861328125 36.1775703430176 36.1821975708008 36.1793174743652 36.1755447387695 36.1752662658691 36.1747779846191 36.1828994750977 36.1823425292969 36.1841583251953 36.1838912963867 36.1987762451172 36.2212791442871
