Ecospace-environmental-drivers/Outputs/ASCII-for-ecospace/Sal-surf/Sal-surf_X2014.05.asc
NCOLS 131 
NROWS 53 
XLLCORNER -98 
YLLCORNER 23.9265270233154 
CELLSIZE 0.133587792515755 
NODATA_value -3.4e+38 
[rows 21 to 41 of 53, columns 0 to 46 of 131]
-3.4e+38 -3.4e+38 -3.4e+38 -3.4e+38 -3.4e+38 -3.4e+38 35.2876243591309 34.4075088500977 21.1328620910645 15.8701267242432 28.0943717956543 31.0773849487305 30.8128490447998 32.6454925537109 33.0374412536621 33.191707611084 33.2857551574707 33.3800926208496 33.4723892211914 33.599739074707 33.6568756103516 33.6811447143555 33.6887245178223 33.7141304016113 33.7240447998047 33.714973449707 33.7257881164551 33.7674713134766 33.8451042175293 33.9073715209961 33.9831771850586 34.0699920654297 34.1582069396973 34.2111129760742 34.2791938781738 34.3121643066406 34.3904647827148 34.3768043518066 34.3403015136719 34.3245620727539 34.2822265625 34.2069664001465 34.1542129516602 34.1301116943359 34.1081085205078 34.086311340332 34.0595283508301
-3.4e+38 -3.4e+38 -3.4e+38 -3.4e+38 -3.4e+38 -3.4e+38 36.4560966491699 34.9992637634277 34.4075088500977 32.3669967651367 32.5689506530762 32.9822311401367 33.1694641113281 33.3782997131348 33.4655494689941 33.5107803344727 33.5586433410645 33.6334762573242 33.6987991333008 33.7363243103027 33.7352752685547 33.7270278930664 33.7172622680664 33.7039375305176 33.7025718688965 33.7142028808594 33.7291297912598 33.7396850585938 33.7544479370117 33.7994651794434 33.8777465820312 33.9810600280762 34.0915107727051 34.1948776245117 34.2829437255859 34.3161849975586 34.3099594116211 34.2572135925293 34.1753845214844 34.0898704528809 34.0121650695801 33.9534301757812 33.9165420532227 33.8963317871094 33.8857536315918 33.872989654541 33.8533935546875
-3.4e+38 -3.4e+38 -3.4e+38 -3.4e+38 28.8651218414307 30.5366973876953 33.3831329345703 36.4560966491699 34.1341896057129 33.4604682922363 33.4046974182129 33.4277992248535 33.5785942077637 33.6650009155273 33.6892929077148 33.7034492492676 33.7141571044922 33.7105865478516 33.687816619873 33.6466598510742 33.6167182922363 33.6127662658691 33.6283874511719 33.6281700134277 33.6375579833984 33.6611442565918 33.700382232666 33.7474822998047 33.7713661193848 33.7831764221191 33.818675994873 33.8844337463379 33.9561729431152 34.0337944030762 34.093620300293 34.1029586791992 34.0366096496582 33.9468383789062 33.8737106323242 33.8178901672363 33.7848358154297 33.7751693725586 33.7819862365723 33.7942924499512 33.8119850158691 33.8306274414062 33.8352508544922
-3.4e+38 -3.4e+38 -3.4e+38 -3.4e+38 28.2795333862305 29.4507102966309 33.8798484802246 33.7458801269531 33.6201705932617 33.5565948486328 33.5887145996094 33.6989669799805 33.7880935668945 33.7878570556641 33.7536582946777 33.723503112793 33.7006225585938 33.6648368835449 33.6271591186523 33.6168403625488 33.6238136291504 33.6086273193359 33.5831260681152 33.5527648925781 33.5626945495605 33.5581855773926 33.6078758239746 33.6694946289062 33.7007751464844 33.7096061706543 33.7437019348145 33.7710304260254 33.7850036621094 33.8192253112793 33.8300247192383 33.8013000488281 33.7549858093262 33.732063293457 33.731143951416 33.7370300292969 33.7417984008789 33.7549324035645 33.7868270874023 33.8398132324219 33.8779907226562 33.8984909057617 33.9216003417969
-3.4e+38 -3.4e+38 -3.4e+38 -3.4e+38 -3.4e+38 32.1961441040039 33.8020706176758 33.6471557617188 33.654369354248 33.7133483886719 33.8350028991699 33.8935508728027 33.8501243591309 33.779727935791 33.7816162109375 33.7558326721191 33.7040252685547 33.6740379333496 33.6677627563477 33.6443099975586 33.5846977233887 33.5148658752441 33.4704780578613 33.4731254577637 33.4825668334961 33.4608383178711 33.4582138061523 33.4647789001465 33.504768371582 33.5247383117676 33.5613975524902 33.616153717041 33.6376647949219 33.6412467956543 33.616641998291 33.6172485351562 33.6492729187012 33.6803092956543 33.6986389160156 33.7064323425293 33.7136650085449 33.7771377563477 33.8768692016602 33.9401550292969 33.9896278381348 34.0340118408203 34.0909690856934
-3.4e+38 -3.4e+38 -3.4e+38 -3.4e+38 -3.4e+38 33.9121322631836 33.6649932861328 33.6936912536621 33.8141326904297 33.9336738586426 33.9730224609375 33.8742294311523 33.7706604003906 33.7565765380859 33.7273368835449 33.6942596435547 33.8252563476562 33.8171539306641 33.6588554382324 33.5917854309082 33.5563812255859 33.4879455566406 33.5256042480469 33.6148719787598 33.6652641296387 33.6771011352539 33.6666069030762 33.5836563110352 33.4573287963867 33.3791809082031 33.355167388916 33.4312553405762 33.5124435424805 33.5152969360352 33.4953575134277 33.5944023132324 33.644962310791 33.6413040161133 33.6617012023926 33.6891174316406 33.7857093811035 33.9684906005859 34.0331344604492 34.0877723693848 34.1288452148438 34.1492958068848 34.1731224060059
-3.4e+38 -3.4e+38 34.8930625915527 34.1055793762207 33.7189826965332 33.703971862793 33.6690711975098 33.8667793273926 33.9895629882812 34.0212211608887 33.9207038879395 33.7755737304688 33.7416915893555 33.7375221252441 33.784538269043 33.910213470459 33.9116401672363 33.8167686462402 33.819751739502 33.8853912353516 33.7925071716309 33.7465438842773 33.7398414611816 33.8140869140625 33.9149208068848 33.9984588623047 34.0090141296387 33.8879241943359 33.6928443908691 33.510383605957 33.354118347168 33.3157501220703 33.3883590698242 33.4204216003418 33.5288124084473 33.6007957458496 33.5996589660645 33.6149787902832 33.6853218078613 33.8181266784668 34.0493240356445 34.1341285705566 34.174861907959 34.2076110839844 34.2394943237305 34.265697479248 34.281421661377
-339999999999999996128486808808066248288.000000000000000 -3.4e+38 -3.4e+38 -3.4e+38 33.7046928405762 33.5873565673828 33.839714050293 34.0327186584473 34.0556335449219 33.9873580932617 33.8246765136719 33.7442321777344 33.6995811462402 33.726806640625 33.9813957214355 34.056266784668 34.0730934143066 34.1016807556152 34.1836585998535 34.1688766479492 34.1044464111328 34.0567741394043 33.9966087341309 34.0417022705078 34.08447265625 34.1440010070801 34.1422119140625 34.0132064819336 33.8077926635742 33.5970115661621 33.4048118591309 33.3124732971191 33.3316612243652 33.4077949523926 33.5328826904297 33.5870971679688 33.6067543029785 33.6732063293457 33.8187942504883 34.0357360839844 34.1724853515625 34.2150421142578 34.2497863769531 34.3009719848633 34.3215446472168 34.3326263427734 34.3605422973633
-3.4e+38 -3.4e+38 -3.4e+38 -3.4e+38 33.6004867553711 33.6521072387695 34.032600402832 34.103328704834 34.0518836975098 33.8876152038574 33.7665367126465 33.6994743347168 33.6599998474121 33.8873634338379 34.2387275695801 34.2748146057129 34.247730255127 34.2888488769531 34.3320732116699 34.3330726623535 34.2744483947754 34.1895751953125 34.1694450378418 34.2002983093262 34.1780967712402 34.1522903442383 34.049259185791 33.9035453796387 33.7719802856445 33.6003837585449 33.4270286560059 33.3230133056641 33.3536148071289 33.4758071899414 33.5945892333984 33.6706047058105 33.7052383422852 33.8236274719238 33.9767646789551 34.1447982788086 34.2089385986328 34.2534942626953 34.3036880493164 34.3368988037109 34.3532333374023 34.396240234375 34.4314422607422
-3.4e+38 -3.4e+38 -3.4e+38 -3.4e+38 33.438663482666 33.7923851013184 34.1336555480957 34.1390724182129 34.0382461547852 33.8192138671875 33.7138748168945 33.6674575805664 33.736270904541 34.1423988342285 34.4786911010742 34.4068641662598 34.3418121337891 34.4023971557617 34.4450416564941 34.3643112182617 34.3133392333984 34.2707061767578 34.2416763305664 34.2114868164062 34.1442451477051 34.0798873901367 33.9886932373047 33.8713035583496 33.714973449707 33.5706176757812 33.457145690918 33.4251518249512 33.5232849121094 33.6255836486816 33.7266273498535 33.8138847351074 33.8735694885254 33.967357635498 34.0794143676758 34.1545219421387 34.1897010803223 34.2385406494141 34.2788734436035 34.3601989746094 34.4169883728027 34.4550170898438 34.5041351318359
-3.4e+38 -3.4e+38 -3.4e+38 -3.4e+38 33.3937568664551 33.865966796875 34.1851501464844 34.1901550292969 34.0797729492188 33.8236961364746 33.6851692199707 33.6723289489746 33.859977722168 34.3117294311523 34.5687828063965 34.4855041503906 34.4337997436523 34.4619979858398 34.521369934082 34.4476432800293 34.3866882324219 34.3456649780273 34.2827606201172 34.2180366516113 34.1570281982422 34.0775527954102 33.973804473877 33.824836730957 33.6633644104004 33.5791549682617 33.5555801391602 33.6196441650391 33.6957893371582 33.8144073486328 33.9106826782227 33.9599494934082 34.002986907959 34.063175201416 34.1223564147949 34.1452865600586 34.1661682128906 34.1961860656738 34.2970504760742 34.4216194152832 34.5106163024902 34.5650329589844 34.6095123291016
-3.4e+38 -3.4e+38 -3.4e+38 -3.4e+38 33.3451309204102 33.8335571289062 34.2058334350586 34.2486038208008 34.1680068969727 33.939769744873 33.7370910644531 33.7247886657715 33.97705078125 34.3675003051758 34.5923690795898 34.6297378540039 34.6434440612793 34.6412086486816 34.6274452209473 34.5639305114746 34.4631805419922 34.3892478942871 34.302490234375 34.240795135498 34.2038230895996 34.1426658630371 34.005558013916 33.7970809936523 33.7016716003418 33.6858978271484 33.7258110046387 33.8150901794434 33.934757232666 34.0158081054688 34.0568161010742 34.0814552307129 34.1169242858887 34.1555938720703 34.1938934326172 34.2303428649902 34.2481536865234 34.2965393066406 34.3525199890137 34.4580345153809 34.5921058654785 34.6761245727539 34.724609375
-3.4e+38 -3.4e+38 -3.4e+38 -3.4e+38 33.4236030578613 33.9782905578613 34.3022193908691 34.3596572875977 34.2925338745117 34.0713119506836 33.8260955810547 33.7848663330078 33.9994888305664 34.3591499328613 34.5663108825684 34.655689239502 34.6789894104004 34.646614074707 34.6125411987305 34.5798683166504 34.5107307434082 34.442756652832 34.3644523620605 34.2969436645508 34.2253952026367 34.1298522949219 33.981330871582 33.8575897216797 33.8233871459961 33.8567161560059 33.9438247680664 34.0271949768066 34.0627174377441 34.1029739379883 34.1579132080078 34.2146263122559 34.239860534668 34.2965469360352 34.3883857727051 34.4284858703613 34.4060592651367 34.367805480957 34.3839263916016 34.4569358825684 34.6231117248535 34.739818572998 34.7961044311523
-3.4e+38 -3.4e+38 -3.4e+38 -3.4e+38 -3.4e+38 33.9389762878418 34.3706169128418 34.4326171875 34.3879051208496 34.1970748901367 33.9604148864746 33.8269462585449 33.9658966064453 34.3103942871094 34.428279876709 34.4586906433105 34.4130783081055 34.3125801086426 34.2883110046387 34.3529014587402 34.3849945068359 34.3654937744141 34.3390159606934 34.2677574157715 34.1614723205566 34.0802688598633 34.0131340026855 33.9577941894531 33.9637489318848 34.0394515991211 34.0948753356934 34.100830078125 34.1237335205078 34.147777557373 34.1821708679199 34.2376403808594 34.3271293640137 34.4183464050293 34.4813652038574 34.478645324707 34.3994560241699 34.3539085388184 34.357494354248 34.466609954834 34.6651649475098 34.7794952392578 34.8464164733887
-3.4e+38 -3.4e+38 -3.4e+38 -3.4e+38 -3.4e+38 33.6812705993652 34.3755950927734 34.4957389831543 34.4529228210449 34.3161849975586 34.0667419433594 33.9445915222168 33.8865661621094 34.1748199462891 34.2461357116699 34.2955207824707 34.3208045959473 34.2558479309082 34.2462577819824 34.303092956543 34.2974624633789 34.2771797180176 34.2314186096191 34.1978073120117 34.0756340026855 34.0308799743652 34.0235748291016 34.0584907531738 34.1317291259766 34.2008514404297 34.1947059631348 34.1703262329102 34.1642417907715 34.1920280456543 34.2675514221191 34.3419075012207 34.3986778259277 34.4011535644531 34.4303398132324 34.4333114624023 34.3337211608887 34.2755584716797 34.3038673400879 34.4970321655273 34.669319152832 34.7902374267578 34.8861808776855
-3.4e+38 -3.4e+38 -3.4e+38 -3.4e+38 -3.4e+38 33.2005958557129 34.2527084350586 34.5819244384766 34.524486541748 34.4246253967285 34.141975402832 34.0655517578125 34.0519943237305 34.1727294921875 34.2577857971191 34.3193168640137 34.3269691467285 34.2937164306641 34.3738403320312 34.4601898193359 34.4318161010742 34.3465309143066 34.2579689025879 34.1777114868164 34.1020126342773 34.0397491455078 34.0514984130859 34.1321105957031 34.2341918945312 34.2739143371582 34.2818489074707 34.2702178955078 34.294490814209 34.327938079834 34.3746070861816 34.4219779968262 34.4093246459961 34.3692016601562 34.3696403503418 34.3686065673828 34.2759590148926 34.194953918457 34.259937286377 34.5073318481445 34.6810646057129 34.8484802246094 34.9132919311523
-3.4e+38 -3.4e+38 -3.4e+38 -3.4e+38 -3.4e+38 -3.4e+38 33.9883422851562 34.642162322998 34.5763282775879 34.4450378417969 34.1573333740234 34.0771675109863 34.1751289367676 34.2222709655762 34.3013343811035 34.2995643615723 34.2356643676758 34.2876892089844 34.3984336853027 34.406982421875 34.3791084289551 34.336109161377 34.2876739501953 34.2179183959961 34.1440811157227 34.0847930908203 34.0667419433594 34.0954895019531 34.1556777954102 34.2220573425293 34.3078918457031 34.3274116516113 34.3079872131348 34.3165168762207 34.3376617431641 34.3764152526855 34.3790054321289 34.3426132202148 34.3414154052734 34.3251838684082 34.1974906921387 34.1651039123535 34.2895736694336 34.5059928894043 34.7273788452148 34.8971366882324 34.9393997192383
-3.4e+38 -3.4e+38 -3.4e+38 -3.4e+38 -3.4e+38 -3.4e+38 34.2777290344238 34.6975440979004 34.6374664306641 34.4193878173828 34.1867446899414 34.1042022705078 34.1842384338379 34.2457542419434 34.2851333618164 34.2624206542969 34.3241157531738 34.3532943725586 34.2951736450195 34.231746673584 34.1811561584473 34.1503562927246 34.102466583252 34.0482406616211 34.0318946838379 34.0212440490723 33.989990234375 33.9987525939941 34.0303153991699 34.0851020812988 34.1426963806152 34.198600769043 34.242977142334 34.2730026245117 34.305362701416 34.3296737670898 34.3434371948242 34.3427352905273 34.3351211547852 34.2468719482422 34.1317329406738 34.1811027526855 34.3135185241699 34.530101776123 34.7914123535156 34.9177551269531 34.9649848937988
-3.4e+38 -3.4e+38 -3.4e+38 -3.4e+38 -3.4e+38 -3.4e+38 34.4475326538086 34.7533340454102 34.6934814453125 34.4147758483887 34.21435546875 34.095272064209 34.1068954467773 34.1731910705566 34.2979507446289 34.4180335998535 34.3982315063477 34.2654876708984 34.2167205810547 34.1266441345215 34.0895538330078 34.1260871887207 34.1452789306641 34.1390762329102 34.1006278991699 34.0755157470703 34.037540435791 34.0053176879883 34.002758026123 33.9861679077148 33.9957618713379 34.0353202819824 34.0834465026855 34.1507759094238 34.2065505981445 34.2442779541016 34.2774772644043 34.2730255126953 34.2106056213379 34.1396484375 34.1208457946777 34.1893615722656 34.3354873657227 34.6501541137695 34.8398704528809 34.939884185791 35.0109405517578
-3.4e+38 -3.4e+38 -3.4e+38 -3.4e+38 -3.4e+38 34.6059494018555 34.6353607177734 34.8279457092285 34.767749786377 34.5098419189453 34.2227745056152 34.0771636962891 34.0260925292969 34.0931129455566 34.253116607666 34.3225593566895 34.2738609313965 34.21923828125 34.1760902404785 34.1196556091309 34.1212921142578 34.1738929748535 34.1956672668457 34.202693939209 34.1668930053711 34.1329689025879 34.106632232666 34.0961532592773 34.1065216064453 34.0865745544434 34.0590438842773 34.0481338500977 34.0466690063477 34.0669288635254 34.126148223877 34.1505432128906 34.1545791625977 34.1176223754883 34.1119079589844 34.1189956665039 34.126537322998 34.2308235168457 34.4969635009766 34.7663421630859 34.8958282470703 34.9997673034668 35.0804824829102
-3.4e+38 -3.4e+38 -3.4e+38 -3.4e+38 34.9959106445312 34.7852973937988 34.7349586486816 34.9156951904297 34.799015045166 34.7099151611328 34.4056739807129 34.1430816650391 34.0252456665039 34.0317802429199 34.1103057861328 34.1873970031738 34.2067718505859 34.2224731445312 34.1882667541504 34.1681632995605 34.1585350036621 34.1685905456543 34.1480102539062 34.1355628967285 34.0557594299316 34.0234680175781 34.017162322998 34.0839691162109 34.120491027832 34.1177978515625 34.1148986816406 34.0992736816406 34.077808380127 34.0747947692871 34.0873565673828 34.1068115234375 34.1388282775879 34.177131652832 34.1489524841309 34.0827522277832 34.1581420898438 34.4414520263672 34.6767082214355 34.8776626586914 34.9776420593262 35.077091217041 35.153980255127
