Ecospace-environmental-drivers/Outputs/ASCII-for-ecospace/Sal-surf/Sal-surf_X2015.04.asc
NCOLS 131 
NROWS 53 
XLLCORNER -98 
YLLCORNER 23.9265270233154 
CELLSIZE 0.133587792515755 
NODATA_value -3.4e+38 
[rows 0 to 20 of 53, columns 47 to 93 of 131]
-3.4e+38 -3.4e+38 -3.4e+38 -3.4e+38 -3.4e+38 -3.4e+38 -3.4e+38 -3.4e+38 -3.4e+38 -3.4e+38 -3.4e+38 -3.4e+38 -3.4e+38 -3.4e+38 -3.4e+38 -3.4e+38 -3.4e+38 -3.4e+38 -3.4e+38 -3.4e+38 -3.4e+38 -3.4e+38 -3.4e+38 -3.4e+38 -3.4e+38 -3.4e+38 -3.4e+38 -3.4e+38 -3.4e+38 -3.4e+38 -3.4e+38 -3.4e+38 -3.4e+38 -3.4e+38 -3.4e+38 -3.4e+38 -3.4e+38 -3.4e+38 -3.4e+38 -3.4e+38 -3.4e+38 -3.4e+38 -3.4e+38 -3.4e+38 -3.4e+38 -3.4e+38 -3.4e+38
-3.4e+38 -3.4e+38 -3.4e+38 -3.4e+38 -3.4e+38 -3.4e+38 -3.4e+38 -3.4e+38 -3.4e+38 -3.4e+38 -3.4e+38 -3.4e+38 -3.4e+38 -3.4e+38 -3.4e+38 -3.4e+38 -3.4e+38 -3.4e+38 -3.4e+38 -3.4e+38 -3.4e+38 -3.4e+38 -3.4e+38 -3.4e+38 -3.4e+38 -3.4e+38 -3.4e+38 -3.4e+38 -3.4e+38 -3.4e+38 -3.4e+38 -3.4e+38 -3.4e+38 -3.4e+38 -3.4e+38 -3.4e+38 -3.4e+38 -3.4e+38 -3.4e+38 -3.4e+38 -3.4e+38 -3.4e+38 -3.4e+38 -3.4e+38 -3.4e+38 -3.4e+38 -3.4e+38
-3.4e+38 -3.4e+38 -3.4e+38 -3.4e+38 -3.4e+38 -3.4e+38 -3.4e+38 -3.4e+38 -3.4e+38 -3.4e+38 -3.4e+38 -3.4e+38 -3.4e+38 -3.4e+38 -3.4e+38 -3.4e+38 -3.4e+38 -3.4e+38 -3.4e+38 -3.4e+38 -3.4e+38 -3.4e+38 -3.4e+38 -3.4e+38 -3.4e+38 -3.4e+38 -3.4e+38 0.027166023850441 0.027166023850441 -3.4e+38 -3.4e+38 -3.4e+38 -3.4e+38 -3.4e+38 -3.4e+38 -3.4e+38 -3.4e+38 -3.4e+38 -3.4e+38 -3.4e+38 -3.4e+38 -3.4e+38 -3.4e+38 -3.4e+38 -3.4e+38 -3.4e+38 -3.4e+38
-3.4e+38 -3.4e+38 -3.4e+38 -3.4e+38 -3.4e+38 -3.4e+38 -3.4e+38 -3.4e+38 -3.4e+38 -3.4e+38 -3.4e+38 -3.4e+38 -3.4e+38 -3.4e+38 -3.4e+38 -3.4e+38 -3.4e+38 -3.4e+38 -3.4e+38 -3.4e+38 -3.4e+38 -3.4e+38 -3.4e+38 -3.4e+38 -3.4e+38 -3.4e+38 -3.4e+38 0.0185192469507456 0.0358127988874912 -3.4e+38 -3.4e+38 -3.4e+38 -3.4e+38 -3.4e+38 -3.4e+38 -3.4e+38 -3.4e+38 -3.4e+38 -3.4e+38 -3.4e+38 -3.4e+38 -3.4e+38 -3.4e+38 -3.4e+38 -3.4e+38 -3.4e+38 -3.4e+38
-3.4e+38 -3.4e+38 -3.4e+38 -3.4e+38 -3.4e+38 -3.4e+38 -3.4e+38 -3.4e+38 -3.4e+38 23.3756484985352 23.0254764556885 23.0254764556885 23.0254764556885 -3.4e+38 -3.4e+38 -3.4e+38 -3.4e+38 -3.4e+38 8.77282524108887 10.8942317962646 14.3240442276001 14.9607667922974 13.4982681274414 13.7147579193115 15.3851375579834 17.7029342651367 4.6088342666626 0.0733580812811852 0.14885202050209 0.199864357709885 -3.4e+38 -3.4e+38 26.6049842834473 17.3800106048584 1.79526793956757 1.93613159656525 35.0580139160156 35.2535018920898 35.3013725280762 35.1341743469238 34.6712379455566 35.0475540161133 -3.4e+38 -3.4e+38 -3.4e+38 -3.4e+38 -3.4e+38
-3.4e+38 -3.4e+38 -3.4e+38 -3.4e+38 -3.4e+38 -3.4e+38 -3.4e+38 -3.4e+38 23.6650371551514 23.5461120605469 23.2659721374512 23.0254764556885 21.2302131652832 16.8340263366699 11.3208589553833 -3.4e+38 3.66551971435547 5.2341423034668 6.33701419830322 11.2086372375488 15.1370429992676 16.6264533996582 13.118803024292 10.7495470046997 17.2759227752686 18.1299438476562 11.7857704162598 0.213516190648079 0.247305974364281 0.367486625909805 22.9607715606689 32.7643852233887 30.5239944458008 16.5265731811523 20.6742095947266 30.0652923583984 35.2080192565918 35.3325614929199 35.3924522399902 35.3605766296387 35.2050132751465 35.2664108276367 35.2075843811035 34.9871826171875 -3.4e+38 -3.4e+38 -3.4e+38
-3.4e+38 -3.4e+38 -3.4e+38 -3.4e+38 -3.4e+38 -3.4e+38 -3.4e+38 -3.4e+38 23.685962677002 23.6650371551514 23.4271869659424 22.9461860656738 21.3810958862305 17.5680961608887 11.5528888702393 4.84159183502197 1.60872483253479 4.54624271392822 8.44458675384521 15.8941373825073 22.9570083618164 23.7073516845703 22.0990810394287 20.8622894287109 22.8778820037842 22.3526515960693 19.3740139007568 10.571141242981 13.0355205535889 16.1099624633789 32.2374114990234 33.3246116638184 33.5894050598145 34.0419960021973 34.8753280639648 35.1342163085938 35.180290222168 35.2350082397461 35.3467559814453 35.4348182678223 35.4611320495605 35.3689155578613 35.1988372802734 34.9961700439453 34.7665405273438 34.6860046386719 -3.4e+38
-3.4e+38 -3.4e+38 -3.4e+38 -3.4e+38 -3.4e+38 -3.4e+38 -3.4e+38 -3.4e+38 -3.4e+38 -3.4e+38 23.6412239074707 23.2192649841309 21.9910182952881 -3.4e+38 11.390739440918 6.17912912368774 3.08787250518799 6.05198431015015 8.64815998077393 22.0737857818604 25.0980739593506 28.0319480895996 29.2208118438721 29.5014915466309 29.5579795837402 29.2201900482178 28.4675941467285 28.1729602813721 30.1471939086914 32.2553901672363 32.8809967041016 33.6533889770508 34.2894706726074 34.7205085754395 34.8140296936035 34.8123321533203 34.8529930114746 34.8588256835938 34.9724426269531 35.1415634155273 35.2750701904297 35.5146255493164 35.4886016845703 35.1360054016113 34.7994499206543 34.4920196533203 34.3243026733398
-3.4e+38 -3.4e+38 -3.4e+38 -3.4e+38 -3.4e+38 -3.4e+38 -3.4e+38 -3.4e+38 -3.4e+38 -3.4e+38 -3.4e+38 -3.4e+38 -3.4e+38 -3.4e+38 12.0215587615967 10.6759777069092 4.59432125091553 11.3840446472168 21.2644348144531 23.8567600250244 25.9566402435303 28.1491928100586 30.4171485900879 30.1085834503174 30.291482925415 31.2225112915039 31.7553024291992 31.6325874328613 31.8106651306152 32.353588104248 33.0153846740723 33.5193367004395 34.0213432312012 34.2096900939941 34.2814292907715 34.3304252624512 34.4161415100098 34.6103210449219 34.7587242126465 34.8511505126953 34.8556022644043 35.0837593078613 35.6319580078125 35.609806060791 35.1652526855469 34.5885124206543 33.8923759460449
3.20388889312744 -3.4e+38 -3.4e+38 -3.4e+38 -3.4e+38 -3.4e+38 -3.4e+38 -3.4e+38 -3.4e+38 -3.4e+38 23.5172691345215 23.1265735626221 -3.4e+38 -3.4e+38 -3.4e+38 11.2837057113647 14.488790512085 19.3899841308594 24.4878921508789 25.6801280975342 27.8626518249512 29.6378879547119 31.026294708252 30.5466232299805 30.7936725616455 31.2084522247314 31.253059387207 31.3623676300049 31.5857772827148 32.1044425964355 32.6546897888184 33.1649513244629 33.4996566772461 33.7227592468262 34.0205574035645 34.1389923095703 34.289363861084 34.5035667419434 34.7712554931641 34.8873596191406 34.8113746643066 34.8508949279785 35.4372138977051 35.6842041015625 35.6341857910156 35.1685791015625 34.2210693359375
2.26995158195496 0.951112270355225 -3.4e+38 -3.4e+38 -3.4e+38 -3.4e+38 -3.4e+38 -3.4e+38 -3.4e+38 -3.4e+38 23.4488258361816 23.9425201416016 23.521785736084 -3.4e+38 -3.4e+38 21.2668418884277 24.5676307678223 24.4270648956299 25.0044994354248 27.1759815216064 29.0552062988281 30.5520782470703 31.0132427215576 30.3625259399414 30.3914012908936 30.4862251281738 30.5274829864502 30.7893829345703 31.2730255126953 31.8414115905762 32.297966003418 32.6425285339355 32.8574829101562 33.1559448242188 33.4521942138672 33.6302223205566 33.8212051391602 34.0992774963379 34.4312400817871 34.7203521728516 34.8245468139648 34.8433570861816 35.3743591308594 35.6044654846191 35.7397689819336 35.5494384765625 34.4126777648926
0.561089515686035 0.0222956892102957 0.00585944391787052 0.0001024765369948 -3.4e+38 -3.4e+38 -3.4e+38 -3.4e+38 -3.4e+38 -3.4e+38 -3.4e+38 27.5249271392822 27.6437301635742 27.6437301635742 26.0849609375 24.5261917114258 24.6898403167725 25.8890972137451 27.3507328033447 29.2385597229004 30.3316745758057 30.7626342773438 30.4255886077881 29.8631916046143 29.8089790344238 30.1846446990967 30.3721771240234 30.5913543701172 30.9627647399902 31.3398265838623 31.7622585296631 32.0926322937012 32.3014640808105 32.6744499206543 32.9547386169434 33.3407592773438 33.5638847351074 33.7643241882324 33.9800987243652 34.206916809082 34.5432357788086 34.7845878601074 35.2651062011719 35.5358009338379 35.6664619445801 35.5777626037598 34.9818382263184
0.0416554845869541 0.000937133561819792 7.36390575184487e-05 0.000131314009195194 -3.4e+38 -3.4e+38 -3.4e+38 -3.4e+38 29.994701385498 29.9940490722656 29.7264194488525 28.4262104034424 27.4061241149902 27.6437301635742 25.0657901763916 24.3282432556152 26.4346752166748 28.1160583496094 28.9754962921143 29.9085063934326 30.393871307373 29.6455326080322 29.6523132324219 29.58837890625 29.6654930114746 30.0471458435059 30.34521484375 30.4088764190674 30.6252670288086 31.0045719146729 31.4138584136963 31.871732711792 32.3765754699707 32.7569999694824 33.1094665527344 33.3825073242188 33.585506439209 33.7536964416504 34.0085105895996 34.1327629089355 34.2812576293945 34.5670356750488 35.0145988464355 35.4338798522949 35.580509185791 35.5075874328613 35.3080406188965
0.0576569512486458 0.0443584285676479 0.0161523260176182 0.232174411416054 4.33423042297363 9.23406791687012 11.6530570983887 29.9743881225586 30.0366306304932 29.9730854034424 29.97243309021 29.2337417602539 27.875020980835 27.1685199737549 24.8716583251953 21.1188488006592 24.4618854522705 28.5473556518555 28.5268440246582 28.4412212371826 28.8999042510986 28.4861450195312 28.6912307739258 29.2140922546387 29.6406211853027 29.9584484100342 30.3512687683105 30.5774726867676 30.8847408294678 31.6193790435791 32.3744468688965 32.7360877990723 33.2060165405273 33.3959999084473 33.6278114318848 33.8310699462891 34.0005645751953 33.9745941162109 34.1391944885254 34.2295455932617 34.2628021240234 34.4886245727539 34.7959403991699 35.3507080078125 35.5792961120605 35.648120880127 35.7278747558594
4.60095548629761 4.83699560165405 4.04496479034424 2.97071003913879 6.81507968902588 11.6530570983887 21.093635559082 28.1415462493896 29.9743881225586 30.0988731384277 29.8459930419922 29.9541072845459 28.6214904785156 28.0663414001465 27.9038314819336 24.4557685852051 18.0986022949219 17.5178852081299 17.9526634216309 23.3280353546143 19.0083866119385 26.9415721893311 27.9849472045898 29.2829837799072 30.1907272338867 30.9163017272949 31.5068168640137 31.9303703308105 32.6904258728027 33.4201622009277 33.8721885681152 34.1196479797363 34.3072052001953 34.4012184143066 34.3544273376465 34.2902297973633 34.3852348327637 34.4020919799805 34.4786987304688 34.3853454589844 34.391918182373 34.5724296569824 34.7144241333008 35.1228332519531 35.4853401184082 35.4783096313477 35.6337394714355
16.4123497009277 18.7961025238037 18.5770931243896 14.3228168487549 16.049991607666 20.3294944763184 24.515962600708 27.8760280609131 30.1998081207275 30.6444778442383 30.4921970367432 30.3811454772949 30.4297142028809 30.6615352630615 31.2837085723877 30.0484104156494 25.5506534576416 1.44733560085297 2.93651580810547 12.4413423538208 19.0497074127197 27.1565437316895 29.3805065155029 30.8552093505859 31.5933990478516 32.2568092346191 33.1570892333984 33.6673736572266 34.0537452697754 34.3770027160645 34.6359329223633 34.7856941223145 34.8426895141602 34.8157043457031 34.7809600830078 34.6538963317871 34.6413421630859 34.6435356140137 34.6349868774414 34.5158615112305 34.3986740112305 34.6543731689453 34.7553520202637 34.8679084777832 35.3530044555664 35.368953704834 35.3865509033203
27.7690715789795 28.7831954956055 28.4229049682617 27.0556869506836 27.165355682373 28.0101661682129 28.6998844146729 30.3542232513428 31.3739528656006 31.7227382659912 31.7913970947266 31.8453464508057 31.7813587188721 32.4329643249512 32.7573280334473 31.5282230377197 29.4199199676514 12.7932624816895 17.2074298858643 22.4948921203613 28.4140739440918 30.7522926330566 31.8882446289062 32.5352973937988 32.9027366638184 33.6421279907227 34.2909355163574 34.6703910827637 34.6793785095215 34.7529373168945 34.9026908874512 34.9157218933105 34.8847122192383 34.8893775939941 34.9126091003418 34.861888885498 34.8009223937988 34.8086395263672 34.7974510192871 34.6281242370605 34.5469551086426 34.7111778259277 34.8577079772949 34.8200759887695 34.9778099060059 35.2327880859375 35.241870880127
32.2246398925781 31.9700775146484 31.6238403320312 31.2923278808594 31.2580471038818 31.0850048065186 31.467960357666 32.2203521728516 32.5949630737305 32.5131645202637 32.4627494812012 32.6714897155762 33.13818359375 33.9843826293945 33.6650505065918 33.0328407287598 31.8654556274414 30.0418663024902 30.9743614196777 32.007740020752 33.2818222045898 33.9869537353516 33.8459243774414 33.6947441101074 33.8014144897461 34.2646408081055 34.7185211181641 34.9526519775391 34.9715957641602 34.9782791137695 35.0530090332031 34.981559753418 34.9421844482422 34.9338417053223 34.9305419921875 34.9957237243652 34.9136505126953 34.9039573669434 34.9705963134766 34.7382583618164 34.7267608642578 34.7944450378418 34.8208198547363 34.8780403137207 34.9159774780273 34.9459571838379 35.0632286071777
33.9199638366699 33.5326728820801 33.300724029541 33.2342948913574 33.0468940734863 33.0011215209961 33.1054840087891 33.1798324584961 33.3265037536621 33.0999412536621 32.9704513549805 33.2796173095703 33.6493110656738 34.3669853210449 34.5470809936523 34.3266639709473 33.9918518066406 33.8328971862793 33.8468055725098 34.3576583862305 34.7895240783691 35.0346870422363 35.0138130187988 34.7208023071289 34.4317321777344 34.577278137207 34.8268165588379 34.9586029052734 35.0155944824219 35.1411323547363 35.2057037353516 35.1452255249023 35.0450782775879 35.0560646057129 35.123649597168 35.1280250549316 34.9931945800781 35.0199851989746 35.0954627990723 34.9222564697266 34.9614639282227 34.9926338195801 34.9240913391113 34.8932418823242 34.9031143188477 34.9528465270996 35.0244102478027
35.1399002075195 35.0562934875488 34.8299980163574 34.6417083740234 34.3639602661133 34.239860534668 34.046329498291 33.9701271057129 33.9366760253906 33.7286376953125 33.6108322143555 34.0254821777344 34.4180526733398 34.689769744873 34.8097763061523 34.885196685791 34.9062995910645 34.8921737670898 34.9063682556152 35.0312194824219 35.047664642334 35.0337028503418 35.0747108459473 35.0324172973633 34.8507461547852 34.6583518981934 34.9048042297363 34.9542388916016 34.9768753051758 35.1544799804688 35.2216835021973 35.2620544433594 35.0751457214355 35.180347442627 35.2727470397949 35.2597351074219 35.196949005127 35.2423286437988 35.2413902282715 35.1294059753418 35.1535224914551 35.2522583007812 35.2407760620117 35.1184959411621 35.0105209350586 34.989143371582 35.0465431213379
35.555233001709 35.5311622619629 35.5608520507812 35.5331764221191 35.3219833374023 35.0862350463867 34.9458312988281 34.8485145568848 34.8056678771973 34.7586517333984 34.7303924560547 34.8080062866211 34.8713760375977 34.8879585266113 34.9300155639648 35.0328788757324 35.1646461486816 35.2083930969238 35.2299156188965 35.215030670166 35.2326354980469 35.2395172119141 35.201732635498 35.1284255981445 35.0865898132324 34.9420356750488 34.6903076171875 34.9645118713379 35.0316848754883 35.098560333252 35.1874351501465 35.357982635498 35.2363700866699 35.2139892578125 35.3194732666016 35.4066505432129 35.3990287780762 35.3979873657227 35.4063148498535 35.3197708129883 35.3312873840332 35.3268585205078 35.4112892150879 35.3451957702637 35.2391624450684 35.1278762817383 35.0810089111328
