Ecospace-environmental-drivers/Outputs/ASCII-for-ecospace/Sal-surf/Sal-surf_X2009.05.asc
NCOLS 131 
NROWS 53 
XLLCORNER -98 
YLLCORNER 23.9265270233154 
CELLSIZE 0.133587792515755 
NODATA_value -3.4e+38 
[rows 21 to 41 of 53, columns 47 to 93 of 131]
33.8142013549805 33.8212890625 33.8369979858398 33.8580703735352 33.8751258850098 33.8919906616211 33.9109306335449 33.9293785095215 33.9402847290039 33.9505462646484 33.9671020507812 33.9975357055664 34.0677146911621 34.1340827941895 34.1909637451172 34.2096900939941 34.2921867370605 34.3549346923828 34.3473281860352 34.3968467712402 34.6450119018555 34.7698020935059 34.8048248291016 34.8738098144531 34.9029502868652 34.886905670166 34.854736328125 34.8112525939941 34.7415771484375 34.6858596801758 34.6781539916992 34.6412010192871 34.592041015625 34.576717376709 34.5945091247559 34.6499786376953 34.7187042236328 34.7829742431641 34.8229293823242 34.888973236084 34.8877868652344 34.8755149841309 34.8827857971191 34.9452972412109 35.0562057495117 35.140552520752 35.1796569824219
33.9063415527344 33.9610595703125 34.0008926391602 34.0242805480957 34.035831451416 34.0390281677246 34.0388069152832 34.0465087890625 34.0674514770508 34.0924072265625 34.0888328552246 34.043888092041 34.0432662963867 34.116382598877 34.2807083129883 34.3908576965332 34.4232063293457 34.4312362670898 34.3918876647949 34.4868316650391 34.7273216247559 34.8650169372559 34.9406127929688 34.9775733947754 34.9876747131348 34.9811172485352 34.9619674682617 34.9286270141602 34.8831787109375 34.796703338623 34.7650337219238 34.744457244873 34.7414207458496 34.7818183898926 34.8550033569336 34.9279861450195 34.9737930297852 34.977897644043 34.9857711791992 34.9976692199707 34.9612121582031 34.9428520202637 34.9641151428223 35.1273536682129 35.2517852783203 35.2782440185547 35.2727394104004
34.1384963989258 34.1221694946289 34.1115531921387 34.1168060302734 34.1256065368652 34.1266403198242 34.1328392028809 34.1507797241211 34.1997528076172 34.2377319335938 34.2381324768066 34.2196731567383 34.1407737731934 34.1393966674805 34.3355445861816 34.496208190918 34.5289306640625 34.5232238769531 34.4416542053223 34.571174621582 34.7674407958984 34.8704490661621 34.9599571228027 35.1005058288574 35.1396751403809 35.1282691955566 35.1102104187012 35.0914001464844 35.0617942810059 35.0409355163574 35.0023498535156 35.0059700012207 35.0457153320312 35.1146354675293 35.1830062866211 35.2309761047363 35.2560043334961 35.2409172058105 35.1955947875977 35.2085571289062 35.1052742004395 35.0249824523926 35.0227203369141 35.2040519714355 35.2955055236816 35.3183860778809 35.3283805847168
34.2396926879883 34.2097244262695 34.1992683410645 34.1870803833008 34.1985778808594 34.2222938537598 34.257625579834 34.2985153198242 34.3772430419922 34.3990478515625 34.3645057678223 34.3488349914551 34.3127899169922 34.2361450195312 34.3164710998535 34.5382881164551 34.6082496643066 34.5960960388184 34.5254783630371 34.6714057922363 34.8159294128418 34.8510208129883 34.8807601928711 35.0312118530273 35.13818359375 35.2162895202637 35.240550994873 35.2947578430176 35.3336715698242 35.3440437316895 35.3483200073242 35.3464965820312 35.3372192382812 35.3442153930664 35.3642463684082 35.3890075683594 35.402889251709 35.3933181762695 35.3503875732422 35.3651161193848 35.3295631408691 35.2231254577637 35.1381874084473 35.1417465209961 35.2175827026367 35.2994728088379 35.3376312255859
34.3069152832031 34.2756881713867 34.2803001403809 34.2580261230469 34.264404296875 34.288990020752 34.344612121582 34.4168815612793 34.5125617980957 34.4907455444336 34.4777984619141 34.4536361694336 34.4015083312988 34.3500328063965 34.2952346801758 34.5116539001465 34.6248512268066 34.6291694641113 34.6211395263672 34.7553939819336 34.8512077331543 34.8423843383789 34.8608894348145 34.981861114502 35.0463333129883 35.1209754943848 35.1905632019043 35.2194137573242 35.2887763977051 35.352596282959 35.3685455322266 35.3570556640625 35.3555145263672 35.3826751708984 35.4453887939453 35.5116271972656 35.5423812866211 35.5352363586426 35.4978370666504 35.4405555725098 35.4714775085449 35.4334869384766 35.3144454956055 35.245475769043 35.2007675170898 35.2362213134766 35.2807426452637
34.3386611938477 34.3355522155762 34.3674087524414 34.3478164672852 34.352294921875 34.3671836853027 34.4156074523926 34.5091361999512 34.5610008239746 34.5302581787109 34.5498886108398 34.5748481750488 34.5012474060059 34.4494857788086 34.3514595031738 34.4583129882812 34.6070175170898 34.6112098693848 34.6322631835938 34.7561416625977 34.8694610595703 34.8930740356445 34.8936614990234 35.0187950134277 35.0547065734863 35.093334197998 35.1398658752441 35.1832466125488 35.1981925964355 35.2586555480957 35.3155097961426 35.3559226989746 35.3850440979004 35.4048309326172 35.4680938720703 35.5553359985352 35.6055335998535 35.6302337646484 35.6386222839355 35.5807456970215 35.5334815979004 35.5371284484863 35.5015487670898 35.4276466369629 35.3794059753418 35.3162879943848 35.2817344665527
34.3016166687012 34.3275337219238 34.3909187316895 34.4341354370117 34.4632568359375 34.4702987670898 34.5103225708008 34.5641822814941 34.5563278198242 34.5556449890137 34.5810775756836 34.6043968200684 34.5979957580566 34.5725784301758 34.4737930297852 34.4346008300781 34.5885429382324 34.6078910827637 34.6859397888184 34.859806060791 34.9566688537598 34.9469261169434 34.9340362548828 35.0997886657715 35.1202087402344 35.1376419067383 35.1582260131836 35.1791801452637 35.1895141601562 35.2424278259277 35.330249786377 35.3713302612305 35.4347839355469 35.5169525146484 35.5920104980469 35.6563415527344 35.6980400085449 35.7197074890137 35.7159042358398 35.6794853210449 35.6538467407227 35.6109924316406 35.5682601928711 35.5267028808594 35.4907989501953 35.4686393737793 35.447509765625
34.2738914489746 34.3131713867188 34.3991203308105 34.4913597106934 34.5397491455078 34.5564613342285 34.5655174255371 34.5690879821777 34.5570640563965 34.5755233764648 34.6084365844727 34.6297340393066 34.6543884277344 34.6667213439941 34.5815315246582 34.4440231323242 34.5469779968262 34.6618995666504 34.8031387329102 34.9593124389648 35.0325050354004 34.9902763366699 35.0694274902344 35.197582244873 35.1679153442383 35.1939468383789 35.267993927002 35.3165893554688 35.3548889160156 35.3684349060059 35.4630432128906 35.5098037719727 35.5354309082031 35.624584197998 35.7210235595703 35.779670715332 35.8112525939941 35.8300018310547 35.8223457336426 35.78759765625 35.7632446289062 35.7283477783203 35.6956596374512 35.6694755554199 35.6198196411133 35.5740394592285 35.5522880554199
34.2573356628418 34.3303642272949 34.4074440002441 34.4946403503418 34.5634078979492 34.5893821716309 34.5974922180176 34.5795860290527 34.5519332885742 34.6026268005371 34.6366577148438 34.6387023925781 34.680419921875 34.7166290283203 34.6606941223145 34.5180892944336 34.5452995300293 34.7075080871582 34.8928909301758 35.0701179504395 35.1313934326172 35.2049522399902 35.322135925293 35.3086547851562 35.2707061767578 35.3231430053711 35.4133262634277 35.4751091003418 35.5108108520508 35.4876365661621 35.506404876709 35.577522277832 35.6275253295898 35.7725105285645 35.8750152587891 35.9123840332031 35.9237251281738 35.9199638366699 35.9124794006348 35.8920364379883 35.8572540283203 35.8197631835938 35.7762298583984 35.7421264648438 35.7148056030273 35.6993370056152 35.650218963623
34.3324661254883 34.3974838256836 34.4716262817383 34.5287551879883 34.5775566101074 34.590259552002 34.6124267578125 34.5934906005859 34.5425453186035 34.6036758422852 34.6586608886719 34.6511268615723 34.7012214660645 34.7437515258789 34.723388671875 34.6088066101074 34.5837631225586 34.7435111999512 35.020320892334 35.2164268493652 35.3069267272949 35.4046630859375 35.3984069824219 35.3342552185059 35.3366851806641 35.4275283813477 35.5043716430664 35.5720138549805 35.578197479248 35.5289535522461 35.5765151977539 35.6660270690918 35.8113059997559 35.9037399291992 35.9379272460938 35.9498863220215 35.9575004577637 35.9712371826172 35.984317779541 35.9913787841797 35.9900894165039 35.9733047485352 35.9490928649902 35.9098091125488 35.842658996582 35.7770576477051 35.7255935668945
34.4682083129883 34.503288269043 34.5599632263184 34.5984230041504 34.6440353393555 34.6472091674805 34.6417503356934 34.5919532775879 34.5857810974121 34.6516265869141 34.6761131286621 34.6933059692383 34.7642059326172 34.8044891357422 34.7655410766602 34.6892890930176 34.6586265563965 34.7873725891113 35.1345024108887 35.332878112793 35.4427032470703 35.4299850463867 35.3770332336426 35.3381614685059 35.3729095458984 35.4269104003906 35.5038757324219 35.6194343566895 35.618824005127 35.5974082946777 35.6415100097656 35.8110847473145 35.9219131469727 35.9493217468262 35.9709129333496 35.9976577758789 36.0229263305664 36.0413093566895 36.0454902648926 36.0395011901855 36.027286529541 36.0194816589355 36.014331817627 36.0029716491699 35.9859848022461 35.943717956543 35.8563270568848
34.6165351867676 34.6170921325684 34.649341583252 34.6717529296875 34.6764869689941 34.6712760925293 34.6628456115723 34.6111450195312 34.6246910095215 34.7393646240234 34.7348251342773 34.7611961364746 34.832893371582 34.8744697570801 34.8137016296387 34.7459373474121 34.7144889831543 34.8517608642578 35.2159805297852 35.3928833007812 35.435489654541 35.4325370788574 35.407356262207 35.3910865783691 35.4246444702148 35.5116996765137 35.5738677978516 35.639518737793 35.644401550293 35.6433029174805 35.7952766418457 35.9263229370117 35.9644393920898 35.9996452331543 36.0377388000488 36.0658340454102 36.0614204406738 36.0561332702637 36.0512046813965 36.0405769348145 36.0312805175781 36.0253219604492 36.0203628540039 36.017520904541 36.0150909423828 35.9973793029785 35.9809455871582
34.8923873901367 34.8315162658691 34.774715423584 34.7278366088867 34.6945381164551 34.6925773620605 34.6914215087891 34.6699104309082 34.6905937194824 34.7706642150879 34.8324851989746 34.8745040893555 34.916561126709 34.9478034973145 34.8726005554199 34.7832946777344 34.7745475769043 34.9328384399414 35.2431907653809 35.3882446289062 35.4176483154297 35.435417175293 35.420783996582 35.4062385559082 35.4327392578125 35.5274925231934 35.6258125305176 35.6817398071289 35.6994857788086 35.7459411621094 35.9117813110352 35.9755554199219 36.0146217346191 36.0610160827637 36.081600189209 36.0717658996582 36.0630035400391 36.0601577758789 36.0516357421875 36.0417785644531 36.0344619750977 36.029613494873 36.0251197814941 36.021167755127 36.0151977539062 36.005615234375 35.9948081970215
35.0801849365234 35.0367622375488 34.962043762207 34.8664779663086 34.7748184204102 34.7015991210938 34.6931686401367 34.6865005493164 34.7131843566895 34.7942352294922 34.8997573852539 35.0062866210938 35.012767791748 34.9922866821289 34.9470138549805 34.861385345459 34.8139762878418 34.9906349182129 35.2424964904785 35.3598709106445 35.3834991455078 35.3921585083008 35.4011344909668 35.3973541259766 35.4363784790039 35.5383911132812 35.6513404846191 35.7257194519043 35.7566566467285 35.8454437255859 35.9875259399414 36.0307846069336 36.0736351013184 36.0880317687988 36.0887641906738 36.0728645324707 36.0639190673828 36.057071685791 36.0470008850098 36.0408477783203 36.034122467041 36.0288429260254 36.024829864502 36.0209846496582 36.0181884765625 36.0111541748047 36.0037689208984
35.0703086853027 35.0697784423828 35.0309600830078 34.9404830932617 34.8451766967773 34.7443656921387 34.7109718322754 34.6920013427734 34.7244987487793 34.8167190551758 34.9356422424316 35.0708618164062 35.1241340637207 35.0609092712402 35.0023307800293 34.9472770690918 34.8769493103027 35.0028038024902 35.2120780944824 35.3463287353516 35.3368644714355 35.3476409912109 35.368049621582 35.3719329833984 35.4563140869141 35.5814781188965 35.6740531921387 35.7517700195312 35.7949028015137 35.9679222106934 36.0467681884766 36.0834083557129 36.0934104919434 36.0948677062988 36.0900115966797 36.0768966674805 36.0671882629395 36.0566787719727 36.048755645752 36.0435752868652 36.0391387939453 36.036563873291 36.0283851623535 36.023136138916 36.021110534668 36.0166702270508 36.0122032165527
35.0759429931641 35.0842666625977 35.0561637878418 34.9762153625488 34.8651084899902 34.7845001220703 34.7527046203613 34.7551116943359 34.7950668334961 34.8791351318359 34.9999046325684 35.0863609313965 35.1037635803223 35.1106376647949 35.0758895874023 35.0387802124023 34.9742088317871 35.0011978149414 35.1181488037109 35.2259292602539 35.2651023864746 35.2797088623047 35.3222885131836 35.3528060913086 35.4833488464355 35.6225776672363 35.7039222717285 35.7751998901367 35.8925247192383 36.0401420593262 36.0884094238281 36.0980606079102 36.0993499755859 36.0969505310059 36.0923500061035 36.0837287902832 36.0712776184082 36.0661392211914 36.0593223571777 36.0526885986328 36.0481567382812 36.0433654785156 36.0341911315918 36.028507232666 36.022331237793 36.0223579406738 36.0198783874512
35.0785293579102 35.1057586669922 35.1128692626953 35.0426902770996 34.9002075195312 34.8230438232422 34.8006744384766 34.8381271362305 34.8923645019531 34.9995002746582 35.1604652404785 35.2114715576172 35.1880645751953 35.124755859375 35.0963745117188 35.1095352172852 35.078742980957 35.0724830627441 35.1008911132812 35.1295127868652 35.1906356811523 35.2375030517578 35.2953567504883 35.3382606506348 35.52685546875 35.649356842041 35.7246208190918 35.8282623291016 35.9831733703613 36.0877304077148 36.0987396240234 36.1047134399414 36.1028213500977 36.0981063842773 36.0936737060547 36.0881614685059 36.0778617858887 36.0761756896973 36.0715408325195 36.0652923583984 36.0641136169434 36.0590515136719 36.0458984375 36.0329093933105 36.0251693725586 36.0241203308105 36.0244674682617
35.1413345336914 35.1100463867188 35.1384353637695 35.1114654541016 34.9565505981445 34.8832778930664 34.8460960388184 34.883861541748 34.9416160583496 35.0304756164551 35.1985206604004 35.2578277587891 35.2707252502441 35.2393951416016 35.151538848877 35.119010925293 35.1499862670898 35.1694564819336 35.1809120178223 35.1831550598145 35.2143135070801 35.2457084655762 35.300838470459 35.3283195495605 35.5740814208984 35.6823883056641 35.7363166809082 35.8864555358887 36.0417137145996 36.1026916503906 36.0984687805176 36.1079978942871 36.1090126037598 36.1051940917969 36.0966758728027 36.0909461975098 36.0878067016602 36.0849266052246 36.0790023803711 36.0732498168945 36.0735893249512 36.0706481933594 36.0644302368164 36.0470542907715 36.0305976867676 36.028263092041 36.0260124206543
35.2310905456543 35.1642303466797 35.1738967895508 35.1582336425781 35.0163955688477 34.9812927246094 34.9411087036133 34.9301071166992 34.9894676208496 35.1312828063965 35.2456970214844 35.2796401977539 35.3035850524902 35.2643051147461 35.2200355529785 35.2025680541992 35.1904258728027 35.2036590576172 35.243824005127 35.2637252807617 35.2615928649902 35.2889938354492 35.3096618652344 35.3460960388184 35.603687286377 35.706428527832 35.7304916381836 35.937801361084 36.085391998291 36.1006965637207 36.099365234375 36.1097984313965 36.1136817932129 36.1143379211426 36.1062660217285 36.1001167297363 36.0999984741211 36.0957679748535 36.0873222351074 36.0850143432617 36.0836563110352 36.0774116516113 36.0719337463379 36.0583648681641 36.0372428894043 36.0298271179199 36.0261192321777
35.2700500488281 35.2004280090332 35.1881942749023 35.1895942687988 35.0687103271484 35.0559844970703 35.0386962890625 35.0201225280762 35.0568084716797 35.2175521850586 35.2849311828613 35.3069839477539 35.3381042480469 35.2817192077637 35.2440032958984 35.2527961730957 35.252685546875 35.2357864379883 35.2723770141602 35.3035125732422 35.309886932373 35.3221855163574 35.3393402099609 35.4103698730469 35.6290740966797 35.7237167358398 35.750415802002 35.9861488342285 36.1131362915039 36.0988388061523 36.1005249023438 36.1127433776855 36.1155128479004 36.1179580688477 36.1144332885742 36.1113662719727 36.1081581115723 36.1015472412109 36.0963134765625 36.0940551757812 36.0877952575684 36.0809135437012 36.0729217529297 36.0643844604492 36.0442886352539 36.0314865112305 36.027099609375
35.292552947998 35.2353248596191 35.2087898254395 35.1886863708496 35.1117210388184 35.1238327026367 35.1007690429688 35.0964813232422 35.1249923706055 35.2938957214355 35.3201560974121 35.303409576416 35.3744163513184 35.343090057373 35.2815055847168 35.2852745056152 35.3121032714844 35.3212776184082 35.331787109375 35.3564186096191 35.3872261047363 35.4033584594727 35.4350738525391 35.507194519043 35.6601943969727 35.7537231445312 35.769847869873 36.0331687927246 36.12744140625 36.0972747802734 36.1032371520996 36.1164360046387 36.1170997619629 36.1235542297363 36.1202125549316 36.1165351867676 36.1159400939941 36.1090431213379 36.1005935668945 36.0959854125977 36.0875434875488 36.0769500732422 36.0709495544434 36.0659523010254 36.0507850646973 36.0331344604492 36.0287818908691
