Ecospace-environmental-drivers/Outputs/ASCII-for-ecospace/Sal-surf/Sal-surf_X2014.06.asc
NCOLS 131 
NROWS 53 
XLLCORNER -98 
YLLCORNER 23.9265270233154 
CELLSIZE 0.133587792515755 
NODATA_value -3.4e+38 
[rows 21 to 41 of 53, columns 0 to 46 of 131]
-3.4e+38 -3.4e+38 -3.4e+38 -3.4e+38 -3.4e+38 -3.4e+38 36.332202911377 34.8245506286621 21.4227771759033 16.769437789917 28.0469932556152 30.4268131256104 30.8201694488525 32.4327545166016 32.7258911132812 32.8299789428711 32.9507675170898 33.2216682434082 33.6709136962891 33.7063140869141 33.6637268066406 33.6057739257812 33.6517066955566 33.5762100219727 33.4367332458496 33.3881568908691 33.3611259460449 33.4202041625977 33.6815757751465 33.8953056335449 34.0838584899902 34.2629241943359 34.4433517456055 34.5159149169922 34.5605773925781 34.6693992614746 34.7578430175781 34.8232688903809 34.936092376709 35.0311660766602 35.120735168457 35.2116470336914 35.2792320251465 35.3159599304199 35.3310089111328 35.3228607177734 35.3590126037598
-3.4e+38 -3.4e+38 -3.4e+38 -3.4e+38 -3.4e+38 -3.4e+38 38.311580657959 35.8604774475098 34.8245506286621 32.4602546691895 32.5071105957031 32.8732452392578 33.0571060180664 33.1083831787109 33.2126731872559 33.3601188659668 33.5354843139648 33.8258056640625 34.0530433654785 34.0479545593262 34.0578231811523 34.0519866943359 34.0339660644531 33.8542518615723 33.704273223877 33.681324005127 33.6010055541992 33.501636505127 33.6351432800293 33.781364440918 33.9794273376465 34.1351623535156 34.250862121582 34.3135604858398 34.4508399963379 34.5873832702637 34.6742668151855 34.7097549438477 34.7377281188965 34.7391700744629 34.7382659912109 34.7442588806152 34.7727241516113 34.8064918518066 34.8319892883301 34.8317756652832 34.8611068725586
-3.4e+38 -3.4e+38 -3.4e+38 -3.4e+38 25.8650283813477 28.3104286193848 32.9659042358398 38.311580657959 34.4452972412109 33.4109420776367 33.3379020690918 33.4067420959473 33.5573844909668 33.8254585266113 34.0747833251953 34.2373275756836 34.3143424987793 34.3498649597168 34.4411239624023 34.4755973815918 34.4165191650391 34.3120422363281 34.2365837097168 34.1827163696289 34.0925216674805 34.0356216430664 33.9832572937012 33.8480186462402 33.7185249328613 33.680965423584 33.7564468383789 33.8899230957031 33.9966468811035 34.1234512329102 34.2672538757324 34.3514518737793 34.3329887390137 34.2469482421875 34.2270851135254 34.2177658081055 34.2392807006836 34.2573089599609 34.3069953918457 34.3579254150391 34.4525718688965 34.506175994873 34.5373916625977
-3.4e+38 -3.4e+38 -3.4e+38 -3.4e+38 25.2573165893555 26.4727382659912 33.201229095459 33.8780746459961 33.7942771911621 33.6957702636719 33.8245811462402 34.0702438354492 34.420597076416 34.6674346923828 34.7463264465332 34.7022590637207 34.6178665161133 34.5125961303711 34.4170722961426 34.3418083190918 34.3023872375488 34.2839012145996 34.2491645812988 34.2071113586426 34.1687316894531 34.148811340332 34.1251564025879 34.0883293151855 34.0325584411621 33.9449729919434 33.8820838928223 33.8405532836914 33.9777374267578 34.0592803955078 34.1433067321777 34.062557220459 33.9340057373047 33.8998908996582 33.9254760742188 33.9610824584961 34.0106086730957 34.060115814209 34.1253242492676 34.1856307983398 34.2524070739746 34.3000984191895 34.3441276550293
-3.4e+38 -3.4e+38 -3.4e+38 -3.4e+38 -3.4e+38 30.4074459075928 33.5122337341309 34.1025924682617 34.0392074584961 34.1277809143066 34.4872398376465 34.8860626220703 35.0672874450684 34.9483184814453 34.7589721679688 34.5853004455566 34.4640464782715 34.3709869384766 34.3001480102539 34.2450523376465 34.1777496337891 34.1554412841797 34.1189498901367 34.0867080688477 34.0674057006836 34.0517387390137 34.070182800293 34.0896301269531 34.1062278747559 34.1104850769043 34.0686569213867 34.0304298400879 34.0494956970215 33.9876518249512 33.9387359619141 33.7969093322754 33.7354850769043 33.8125495910645 33.8937759399414 33.9584503173828 34.0366973876953 34.1047019958496 34.1618728637695 34.2120094299316 34.2494926452637 34.283447265625 34.3148727416992
-3.4e+38 -3.4e+38 -3.4e+38 -3.4e+38 -3.4e+38 34.2061386108398 34.2076568603516 34.3797721862793 34.3975448608398 34.6384391784668 35.0527114868164 35.1903991699219 35.0541648864746 34.8024139404297 34.5696029663086 34.463264465332 34.4092826843262 34.3299903869629 34.2645454406738 34.2294464111328 34.1967239379883 34.1247329711914 34.0447616577148 33.968433380127 33.9386787414551 33.9695243835449 33.9999771118164 33.994930267334 33.9665565490723 33.9875373840332 34.0065269470215 34.1037712097168 34.0159873962402 33.8810005187988 33.7887878417969 33.759635925293 33.869140625 33.9569320678711 34.033763885498 34.1592292785645 34.181640625 34.2440376281738 34.3362617492676 34.3931427001953 34.4338073730469 34.4354591369629 34.383861541748
-3.4e+38 -3.4e+38 35.3697662353516 34.7532768249512 34.4050331115723 34.3639945983887 34.5780563354492 34.6780662536621 34.908561706543 35.122371673584 35.1979827880859 35.1068649291992 34.8838806152344 34.6611328125 34.5077285766602 34.4379463195801 34.3986473083496 34.3196830749512 34.2595176696777 34.1984443664551 34.1467170715332 34.1205596923828 34.0656929016113 33.992919921875 33.9473342895508 33.9806251525879 33.9920845031738 34.005199432373 33.9916534423828 33.9636001586914 33.9424743652344 33.9346504211426 33.887077331543 33.8000831604004 33.8513221740723 33.9318923950195 34.0100975036621 34.1192474365234 34.2452659606934 34.285888671875 34.3338890075684 34.3915596008301 34.435359954834 34.4787979125977 34.4638671875 34.4301223754883 34.4063415527344
-339999999999999996128486808808066248288.000000000000000 -3.4e+38 -3.4e+38 -3.4e+38 34.485034942627 34.5485572814941 34.8800735473633 35.054386138916 35.2308883666992 35.2693290710449 35.1583671569824 34.9976196289062 34.7680778503418 34.5760459899902 34.4311332702637 34.431468963623 34.3271369934082 34.2045097351074 34.1777496337891 34.1743240356445 34.1709136962891 34.1712532043457 34.146785736084 34.0822448730469 34.1006278991699 34.0375213623047 33.9551773071289 33.9578971862793 33.9767112731934 33.9550018310547 33.8996276855469 33.8408622741699 33.7593040466309 33.8700256347656 33.9880752563477 34.0531044006348 34.1735382080078 34.298999786377 34.3747367858887 34.3955612182617 34.4252395629883 34.4382743835449 34.5094718933105 34.5719833374023 34.5383605957031 34.4810676574707 34.4298477172852
-3.4e+38 -3.4e+38 -3.4e+38 -3.4e+38 34.5501098632812 34.8049392700195 35.1169738769531 35.3057670593262 35.3907699584961 35.3487815856934 35.1448974609375 34.9197387695312 34.65576171875 34.424690246582 34.3607025146484 34.3665008544922 34.160327911377 34.165885925293 34.1395683288574 34.15869140625 34.2170715332031 34.2040634155273 34.1743698120117 34.2159309387207 34.2161140441895 34.118278503418 33.9808769226074 33.8543167114258 33.7750244140625 33.7574653625488 33.751579284668 33.7170600891113 33.8651809692383 33.973503112793 34.0495185852051 34.1822929382324 34.3125152587891 34.4160194396973 34.4551239013672 34.4907646179199 34.5140113830566 34.5524024963379 34.6739120483398 34.7420387268066 34.7274589538574 34.6254577636719 34.491268157959
-3.4e+38 -3.4e+38 -3.4e+38 -3.4e+38 34.6487312316895 35.0165481567383 35.3111572265625 35.3774261474609 35.4148941040039 35.3357315063477 35.135368347168 34.8311157226562 34.4554138183594 34.2569732666016 34.2697410583496 34.2104034423828 34.1679763793945 34.2037925720215 34.1872406005859 34.1930198669434 34.1853294372559 34.1883316040039 34.195484161377 34.1441612243652 34.1094169616699 34.0221633911133 33.9457855224609 33.850212097168 33.7725372314453 33.7510948181152 33.7619781494141 33.8636512756348 33.9499282836914 33.9954719543457 34.1149101257324 34.2802276611328 34.3929023742676 34.4650955200195 34.493350982666 34.5332489013672 34.5801811218262 34.6450424194336 34.7947959899902 34.8946228027344 34.9131927490234 34.8823432922363 34.7980842590332
-3.4e+38 -3.4e+38 -3.4e+38 -3.4e+38 34.6877326965332 35.1831321716309 35.4287147521973 35.422607421875 35.4277572631836 35.317985534668 35.1142463684082 34.7077865600586 34.2916069030762 34.1401405334473 34.1448020935059 34.1099433898926 34.1746253967285 34.2343292236328 34.2058486938477 34.2156867980957 34.1609039306641 34.1248741149902 34.0963325500488 34.0818748474121 34.0677528381348 33.9867782592773 33.9393653869629 33.8934440612793 33.8382530212402 33.8399200439453 33.9183540344238 33.9770698547363 34.0049858093262 34.0713996887207 34.1918792724609 34.2924613952637 34.4066162109375 34.4749374389648 34.5104331970215 34.551326751709 34.605167388916 34.6956100463867 34.8745307922363 35.0165901184082 35.0688438415527 35.0662384033203 35.0379676818848
-3.4e+38 -3.4e+38 -3.4e+38 -3.4e+38 34.7182235717773 35.2387313842773 35.4899978637695 35.4700317382812 35.447681427002 35.3369903564453 35.0688591003418 34.637149810791 34.2393417358398 34.0556182861328 33.992790222168 34.0155601501465 34.092041015625 34.2008781433105 34.2041778564453 34.1823272705078 34.1227073669434 34.1107635498047 34.1114158630371 34.079776763916 34.0364418029785 33.9706954956055 33.9467926025391 33.9570426940918 33.9849739074707 34.0226936340332 34.0334777832031 34.0236778259277 34.0696067810059 34.1441993713379 34.221435546875 34.3038787841797 34.4240074157715 34.5177040100098 34.5476989746094 34.5796928405762 34.6174240112305 34.6944236755371 34.8603401184082 35.0304985046387 35.1147956848145 35.1435089111328 35.105525970459
-3.4e+38 -3.4e+38 -3.4e+38 -3.4e+38 34.9470024108887 35.3801689147949 35.5496826171875 35.4896621704102 35.4860000610352 35.4115753173828 35.102108001709 34.7124938964844 34.3281745910645 34.1023826599121 33.9119834899902 33.882942199707 33.9304466247559 34.0019798278809 34.0731620788574 34.1524124145508 34.1798439025879 34.1894798278809 34.160530090332 34.1335334777832 34.115119934082 34.1011390686035 34.0825538635254 34.073127746582 34.0685653686523 34.0614356994629 34.0604476928711 34.0918388366699 34.1416320800781 34.1935997009277 34.2523422241211 34.3251075744629 34.4147720336914 34.4945182800293 34.5134353637695 34.5252113342285 34.5858001708984 34.6890106201172 34.8735847473145 35.0429954528809 35.1324157714844 35.184196472168 35.1411895751953
-3.4e+38 -3.4e+38 -3.4e+38 -3.4e+38 -3.4e+38 35.3137245178223 35.6020812988281 35.5416793823242 35.5178756713867 35.427433013916 35.1068840026855 34.8077087402344 34.5015869140625 34.2355918884277 33.9807739257812 33.8287658691406 33.8746490478516 33.8808364868164 33.9097595214844 34.0179557800293 34.1334571838379 34.1970176696777 34.2081260681152 34.1657371520996 34.1806640625 34.2025375366211 34.1918907165527 34.1843147277832 34.1579666137695 34.1393127441406 34.1355934143066 34.1669158935547 34.2168083190918 34.2546653747559 34.2971839904785 34.3385467529297 34.3921318054199 34.4940986633301 34.5556869506836 34.5662612915039 34.5817794799805 34.6489639282227 34.8579368591309 35.0450057983398 35.1209907531738 35.1957664489746 35.1759796142578
-3.4e+38 -3.4e+38 -3.4e+38 -3.4e+38 -3.4e+38 35.1363410949707 35.5693740844727 35.6024055480957 35.5474395751953 35.402027130127 35.1604080200195 34.8750190734863 34.6394195556641 34.3208885192871 34.070426940918 33.8738021850586 33.8845443725586 33.9061164855957 33.8824005126953 33.8755187988281 33.9354553222656 34.0227088928223 34.1658248901367 34.2042503356934 34.2400550842285 34.2609901428223 34.2676696777344 34.2509841918945 34.2348289489746 34.2105445861816 34.2036628723145 34.2236824035645 34.2462425231934 34.3009185791016 34.359561920166 34.3634452819824 34.3794059753418 34.4722328186035 34.5643196105957 34.6001167297363 34.6351013183594 34.6804580688477 34.8454971313477 35.0424690246582 35.106632232666 35.1793365478516 35.1973724365234
-3.4e+38 -3.4e+38 -3.4e+38 -3.4e+38 -3.4e+38 34.7409973144531 35.4458656311035 35.6182136535645 35.5910682678223 35.4284324645996 35.1658134460449 34.8381233215332 34.631664276123 34.4655075073242 34.2153015136719 33.9675521850586 33.8302917480469 33.8567085266113 33.875072479248 33.8864364624023 33.8397216796875 33.8087272644043 33.9403190612793 34.1097831726074 34.254077911377 34.3359870910645 34.3709945678711 34.3583145141602 34.3181571960449 34.2803802490234 34.3031425476074 34.3363342285156 34.3536529541016 34.384204864502 34.368709564209 34.3837394714355 34.4176254272461 34.4854545593262 34.575023651123 34.6083183288574 34.6559867858887 34.7466468811035 34.8868064880371 35.0478515625 35.1045722961426 35.1618232727051 35.2100524902344
-3.4e+38 -3.4e+38 -3.4e+38 -3.4e+38 -3.4e+38 -3.4e+38 35.2287254333496 35.6088256835938 35.6437721252441 35.4928359985352 35.0626640319824 34.7489891052246 34.5522155761719 34.5186233520508 34.4182167053223 34.2331924438477 34.0179443359375 33.8862915039062 33.8547744750977 33.8516159057617 33.8752403259277 33.8873748779297 33.8543014526367 33.8711051940918 33.9571647644043 34.1204643249512 34.2610473632812 34.3322944641113 34.3567428588867 34.3674583435059 34.4001655578613 34.4184722900391 34.4275207519531 34.4335556030273 34.4081230163574 34.4151000976562 34.4463653564453 34.5183296203613 34.5822677612305 34.6228828430176 34.6882438659668 34.8001899719238 34.9595947265625 35.096923828125 35.1311683654785 35.1613349914551 35.2157936096191
-3.4e+38 -3.4e+38 -3.4e+38 -3.4e+38 -3.4e+38 -3.4e+38 35.4265060424805 35.6105308532715 35.6713638305664 35.4264984130859 34.9794883728027 34.6671333312988 34.5311164855957 34.5594635009766 34.5954704284668 34.4707260131836 34.33642578125 34.1475296020508 34.0168533325195 33.940860748291 33.8916053771973 33.8855743408203 33.9373741149902 34.0011329650879 34.0208549499512 34.0151290893555 34.0421524047852 34.1078071594238 34.1549644470215 34.1707344055176 34.2399253845215 34.3015441894531 34.3154754638672 34.3227806091309 34.3547668457031 34.4294853210449 34.469108581543 34.541389465332 34.6006393432617 34.6751327514648 34.715030670166 34.863956451416 35.0588912963867 35.1700096130371 35.1772422790527 35.201545715332 35.2141036987305
-3.4e+38 -3.4e+38 -3.4e+38 -3.4e+38 -3.4e+38 -3.4e+38 35.526123046875 35.6533851623535 35.6623992919922 35.4162483215332 35.0034103393555 34.7146530151367 34.6213645935059 34.674991607666 34.7615699768066 34.6747932434082 34.5389671325684 34.4027900695801 34.2752571105957 34.1762161254883 34.0986747741699 34.0728187561035 34.0801391601562 34.1170043945312 34.1582946777344 34.2052917480469 34.2311973571777 34.2507133483887 34.2571449279785 34.2609901428223 34.2761383056641 34.3012161254883 34.3302383422852 34.3819847106934 34.4616889953613 34.4918174743652 34.5019264221191 34.5751914978027 34.6632652282715 34.7270927429199 34.7632369995117 34.9789581298828 35.1556167602539 35.2088470458984 35.217658996582 35.2238082885742 35.2172546386719
-3.4e+38 -3.4e+38 -3.4e+38 -3.4e+38 -3.4e+38 35.5090370178223 35.511302947998 35.6823921203613 35.6681632995605 35.5157318115234 35.2267646789551 34.9151153564453 34.7972793579102 34.8221130371094 34.8702049255371 34.8135871887207 34.7153091430664 34.6071472167969 34.4801635742188 34.3482933044434 34.2323188781738 34.1655769348145 34.1545906066895 34.1905174255371 34.2399673461914 34.2802429199219 34.3142051696777 34.342227935791 34.3605613708496 34.3721389770508 34.3871040344238 34.4209785461426 34.4665870666504 34.5167083740234 34.5213966369629 34.5035934448242 34.5593185424805 34.6610717773438 34.7411804199219 34.7382621765137 34.8874320983887 35.1008262634277 35.2314224243164 35.209400177002 35.2327919006348 35.2222709655762 35.2082595825195
-3.4e+38 -3.4e+38 -3.4e+38 -3.4e+38 35.6772346496582 35.5449638366699 35.489688873291 35.6941375732422 35.6877937316895 35.6390914916992 35.5649604797363 35.3177947998047 35.142822265625 35.0573043823242 34.9861755371094 34.9227294921875 34.8488731384277 34.7397804260254 34.5869636535645 34.4556465148926 34.331298828125 34.2613563537598 34.2170372009277 34.2537956237793 34.3247833251953 34.4207611083984 34.4655570983887 34.4711799621582 34.4750595092773 34.5157737731934 34.5506973266602 34.5501823425293 34.5607223510742 34.5935363769531 34.6028938293457 34.6501693725586 34.7111320495605 34.7509269714355 34.7548522949219 34.8094940185547 35.0685157775879 35.1990013122559 35.2666091918945 35.2458686828613 35.252311706543 35.2291946411133 35.1921119689941
