Ecospace-environmental-drivers/Outputs/ASCII-for-ecospace/Sal-surf/Sal-surf_X2006.02.asc
NCOLS 131 
NROWS 53 
XLLCORNER -98 
YLLCORNER 23.9265270233154 
CELLSIZE 0.133587792515755 
NODATA_value -3.4e+38 
[rows 0 to 20 of 53, columns 47 to 93 of 131]
-3.4e+38 -3.4e+38 -3.4e+38 -3.4e+38 -3.4e+38 -3.4e+38 -3.4e+38 -3.4e+38 -3.4e+38 -3.4e+38 -3.4e+38 -3.4e+38 -3.4e+38 -3.4e+38 -3.4e+38 -3.4e+38 -3.4e+38 -3.4e+38 -3.4e+38 -3.4e+38 -3.4e+38 -3.4e+38 -3.4e+38 -3.4e+38 -3.4e+38 -3.4e+38 -3.4e+38 -3.4e+38 -3.4e+38 -3.4e+38 -3.4e+38 -3.4e+38 -3.4e+38 -3.4e+38 -3.4e+38 -3.4e+38 -3.4e+38 -3.4e+38 -3.4e+38 -3.4e+38 -3.4e+38 -3.4e+38 -3.4e+38 -3.4e+38 -3.4e+38 -3.4e+38 -3.4e+38
-3.4e+38 -3.4e+38 -3.4e+38 -3.4e+38 -3.4e+38 -3.4e+38 -3.4e+38 -3.4e+38 -3.4e+38 -3.4e+38 -3.4e+38 -3.4e+38 -3.4e+38 -3.4e+38 -3.4e+38 -3.4e+38 -3.4e+38 -3.4e+38 -3.4e+38 -3.4e+38 -3.4e+38 -3.4e+38 -3.4e+38 -3.4e+38 -3.4e+38 -3.4e+38 -3.4e+38 -3.4e+38 -3.4e+38 -3.4e+38 -3.4e+38 -3.4e+38 -3.4e+38 -3.4e+38 -3.4e+38 -3.4e+38 -3.4e+38 -3.4e+38 -3.4e+38 -3.4e+38 -3.4e+38 -3.4e+38 -3.4e+38 -3.4e+38 -3.4e+38 -3.4e+38 -3.4e+38
-3.4e+38 -3.4e+38 -3.4e+38 -3.4e+38 -3.4e+38 -3.4e+38 -3.4e+38 -3.4e+38 -3.4e+38 -3.4e+38 -3.4e+38 -3.4e+38 -3.4e+38 -3.4e+38 -3.4e+38 -3.4e+38 -3.4e+38 -3.4e+38 -3.4e+38 -3.4e+38 -3.4e+38 -3.4e+38 -3.4e+38 -3.4e+38 -3.4e+38 -3.4e+38 -3.4e+38 0.972403824329376 0.926588416099548 -3.4e+38 -3.4e+38 -3.4e+38 -3.4e+38 -3.4e+38 -3.4e+38 -3.4e+38 -3.4e+38 -3.4e+38 -3.4e+38 -3.4e+38 -3.4e+38 -3.4e+38 -3.4e+38 -3.4e+38 -3.4e+38 -3.4e+38 -3.4e+38
-3.4e+38 -3.4e+38 -3.4e+38 -3.4e+38 -3.4e+38 -3.4e+38 -3.4e+38 -3.4e+38 -3.4e+38 -3.4e+38 -3.4e+38 -3.4e+38 -3.4e+38 -3.4e+38 -3.4e+38 -3.4e+38 -3.4e+38 -3.4e+38 -3.4e+38 -3.4e+38 -3.4e+38 -3.4e+38 -3.4e+38 -3.4e+38 -3.4e+38 -3.4e+38 -3.4e+38 9.72291946411133 8.55764865875244 -3.4e+38 -3.4e+38 -3.4e+38 -3.4e+38 -3.4e+38 -3.4e+38 -3.4e+38 -3.4e+38 -3.4e+38 -3.4e+38 -3.4e+38 -3.4e+38 -3.4e+38 -3.4e+38 -3.4e+38 -3.4e+38 -3.4e+38 -3.4e+38
-3.4e+38 -3.4e+38 -3.4e+38 -3.4e+38 -3.4e+38 -3.4e+38 -3.4e+38 -3.4e+38 -3.4e+38 20.8205070495605 20.8205070495605 20.759557723999 18.2361965179443 -3.4e+38 -3.4e+38 -3.4e+38 -3.4e+38 -3.4e+38 31.3625221252441 30.3337497711182 25.5612201690674 20.8992614746094 15.6966791152954 14.2848529815674 20.4735069274902 24.0646781921387 26.4119281768799 24.4833335876465 24.8641548156738 28.4430370330811 -3.4e+38 -3.4e+38 33.237663269043 32.5735244750977 30.4339790344238 33.4578857421875 33.8810958862305 34.0033340454102 34.1506385803223 34.328857421875 34.3933525085449 34.4991073608398 -3.4e+38 -3.4e+38 -3.4e+38 -3.4e+38 -3.4e+38
-3.4e+38 -3.4e+38 -3.4e+38 -3.4e+38 -3.4e+38 -3.4e+38 -3.4e+38 -3.4e+38 20.8205070495605 20.8205070495605 20.8205070495605 20.8205070495605 20.6986083984375 18.1601161956787 13.2655582427979 -3.4e+38 22.4266395568848 31.4686260223389 32.254940032959 31.3927688598633 30.2739334106445 28.4547290802002 22.18044090271 23.9109497070312 26.1693897247314 29.4322242736816 29.906270980835 30.5851383209229 30.8871288299561 29.0415115356445 33.0304641723633 33.1607398986816 33.236759185791 33.3154945373535 33.3078651428223 34.1280899047852 34.4860458374023 34.5706443786621 34.5698394775391 34.6070518493652 34.6249961853027 34.5231285095215 34.454948425293 34.4472160339355 -3.4e+38 -3.4e+38 -3.4e+38
-3.4e+38 -3.4e+38 -3.4e+38 -3.4e+38 -3.4e+38 -3.4e+38 -3.4e+38 -3.4e+38 21.014705657959 20.8205070495605 20.8205070495605 20.8205070495605 20.8205070495605 20.5767078399658 17.977689743042 13.2655582427979 15.7555494308472 29.2168273925781 32.8936424255371 33.1633110046387 33.578498840332 33.7438621520996 33.7815628051758 34.0109977722168 34.0564346313477 34.0897331237793 33.9825744628906 33.6855392456055 33.7051582336426 33.7010726928711 33.8203353881836 34.1180076599121 34.2994804382324 34.4635925292969 34.7583656311035 35.0845909118652 35.2955741882324 35.3423347473145 35.2978248596191 35.253288269043 35.2356872558594 35.137580871582 34.8463554382324 34.631290435791 34.568603515625 34.6468315124512 -3.4e+38
-3.4e+38 -3.4e+38 -3.4e+38 -3.4e+38 -3.4e+38 -3.4e+38 -3.4e+38 -3.4e+38 -3.4e+38 -3.4e+38 20.8205070495605 20.8205070495605 20.8205070495605 -3.4e+38 20.3329086303711 17.4917850494385 17.2255668640137 23.5748405456543 31.7903156280518 33.3778762817383 34.0378570556641 34.3390617370605 34.5030288696289 34.5092887878418 34.4329223632812 34.3472366333008 34.3184280395508 34.3934059143066 34.4544906616211 34.488826751709 34.5447387695312 34.649284362793 34.7146606445312 34.8764762878418 35.1480712890625 35.4120559692383 35.6279945373535 35.7223434448242 35.724967956543 35.6827201843262 35.6179466247559 35.5472221374512 35.4049949645996 35.0815124511719 34.7738456726074 34.679141998291 34.5657386779785
-3.4e+38 -3.4e+38 -3.4e+38 -3.4e+38 -3.4e+38 -3.4e+38 -3.4e+38 -3.4e+38 -3.4e+38 -3.4e+38 -3.4e+38 -3.4e+38 -3.4e+38 -3.4e+38 20.42458152771 20.1922950744629 22.5588130950928 21.6594886779785 28.0395069122314 32.6168174743652 33.5673675537109 34.1394729614258 34.4950180053711 34.4885559082031 34.4010848999023 34.0724906921387 33.948184967041 34.0806655883789 34.3190078735352 34.4816284179688 34.6148529052734 34.7535362243652 34.9469718933105 35.1983604431152 35.4694900512695 35.5754013061523 35.6179962158203 35.6891670227051 35.766185760498 35.795955657959 35.7767143249512 35.716926574707 35.7525634765625 35.5725250244141 35.1895027160645 34.8901634216309 34.5587539672852
25.8874492645264 -3.4e+38 -3.4e+38 -3.4e+38 -3.4e+38 -3.4e+38 -3.4e+38 -3.4e+38 -3.4e+38 -3.4e+38 27.6161689758301 26.0638637542725 -3.4e+38 -3.4e+38 -3.4e+38 26.6593475341797 29.3185348510742 28.4491863250732 29.76487159729 32.0738067626953 33.0991096496582 33.8628082275391 34.2850952148438 34.3715476989746 34.0975570678711 33.7800407409668 33.8114700317383 33.9331398010254 34.1582984924316 34.4191551208496 34.6452713012695 34.8888359069824 35.2159767150879 35.474048614502 35.5273895263672 35.5386962890625 35.5717430114746 35.6035957336426 35.6637725830078 35.7807006835938 35.8290977478027 35.813777923584 35.7987899780273 35.7104377746582 35.4539604187012 35.1394424438477 34.7996101379395
22.1704158782959 13.9010334014893 -3.4e+38 -3.4e+38 -3.4e+38 -3.4e+38 -3.4e+38 -3.4e+38 -3.4e+38 -3.4e+38 30.4038639068604 30.9680614471436 31.3072204589844 -3.4e+38 -3.4e+38 31.9203567504883 31.4409675598145 30.5942783355713 31.4575729370117 32.2804946899414 33.0370903015137 33.4657402038574 33.7008399963379 33.8954277038574 33.6607322692871 33.6943511962891 33.8498191833496 34.0597114562988 34.3205337524414 34.6269569396973 34.9095458984375 35.222038269043 35.451831817627 35.4738693237305 35.4582290649414 35.4689559936523 35.4975090026855 35.5368957519531 35.5761222839355 35.691837310791 35.8193206787109 35.791130065918 35.7473220825195 35.7022399902344 35.5717506408691 35.3378868103027 35.0376205444336
23.5599975585938 10.9064712524414 1.11138200759888 8.29484272003174 -3.4e+38 -3.4e+38 -3.4e+38 -3.4e+38 -3.4e+38 -3.4e+38 -3.4e+38 31.134651184082 31.1736507415771 31.3072204589844 30.7975978851318 31.2637329101562 32.3424949645996 32.195499420166 32.6098022460938 32.9251174926758 33.1005973815918 33.1529769897461 33.1895141601562 33.3185806274414 33.6275978088379 33.9185447692871 34.0588455200195 34.3831939697266 34.6652450561523 34.9553260803223 35.1808586120605 35.3290672302246 35.3485641479492 35.3153610229492 35.2774429321289 35.2785110473633 35.3319396972656 35.4228477478027 35.5301246643066 35.6248207092285 35.7349052429199 35.7524948120117 35.7403411865234 35.7175254821777 35.647891998291 35.5116767883301 35.2604103088379
29.0129127502441 23.4643783569336 13.6461772918701 10.1269683837891 -3.4e+38 -3.4e+38 -3.4e+38 -3.4e+38 28.9472141265869 29.8461761474609 30.6672668457031 31.1721057891846 31.6020336151123 30.6117000579834 29.3511161804199 28.5405216217041 27.9361190795898 32.9741249084473 33.1105880737305 32.6822547912598 32.6547012329102 32.433406829834 32.615779876709 33.207389831543 33.7262878417969 34.2196884155273 34.4418411254883 34.7289009094238 34.902717590332 35.0557403564453 35.1905097961426 35.2467651367188 35.2504806518555 35.1949768066406 35.1688270568848 35.2009582519531 35.256893157959 35.3288459777832 35.5105857849121 35.6029090881348 35.6747627258301 35.7332038879395 35.7373352050781 35.7329788208008 35.6953544616699 35.6816558837891 35.6384353637695
30.9162368774414 29.4110469818115 26.0312442779541 21.1183681488037 21.3974056243896 23.688720703125 25.9064674377441 27.3136558532715 28.726655960083 30.2486171722412 31.0566349029541 31.1751689910889 31.3594207763672 30.8481693267822 30.3421745300293 27.8753128051758 22.7915058135986 19.4377822875977 21.0653381347656 24.7435111999512 28.8616695404053 31.5648937225342 32.8667984008789 33.8182716369629 34.1832962036133 34.4999885559082 34.6353034973145 34.8594169616699 35.0134086608887 35.1101760864258 35.1259727478027 35.1566772460938 35.2232322692871 35.2023963928223 35.2111854553223 35.2379417419434 35.2563972473145 35.2924690246582 35.4679641723633 35.5987319946289 35.6727142333984 35.7139472961426 35.7233276367188 35.7286376953125 35.7218704223633 35.7432975769043 35.7550582885742
31.8255710601807 31.1538200378418 30.1140098571777 28.3155555725098 27.0409717559814 27.7574329376221 29.1147117614746 30.0639820098877 30.7605419158936 31.4790706634521 31.5343990325928 31.6752605438232 31.8958892822266 32.3257598876953 32.1057357788086 30.9270935058594 26.5257968902588 10.4199523925781 7.19723701477051 11.6354341506958 27.0626983642578 32.0747528076172 33.8108978271484 34.266975402832 34.4623260498047 34.6710243225098 34.8484153747559 35.0615653991699 35.1509208679199 35.1864738464355 35.1829109191895 35.1729965209961 35.1828689575195 35.2739791870117 35.3609619140625 35.3673210144043 35.2952919006348 35.3297843933105 35.4164695739746 35.5584602355957 35.6439094543457 35.7085304260254 35.7153167724609 35.7342224121094 35.7469177246094 35.7657432556152 35.7800483703613
32.7145118713379 32.2095222473145 31.5216121673584 30.8013095855713 30.365930557251 30.5793857574463 31.2022342681885 31.6244411468506 31.9631023406982 32.4062919616699 32.5012435913086 32.6964416503906 33.180290222168 33.3194580078125 32.7400093078613 31.6198978424072 29.5881233215332 20.6836547851562 24.9754600524902 28.3642177581787 32.2002792358398 34.0104751586914 34.5732078552246 34.6723175048828 34.6977920532227 34.8016471862793 34.9985847473145 35.1358451843262 35.1966323852539 35.2113265991211 35.2805519104004 35.3081932067871 35.3769111633301 35.5125923156738 35.5733184814453 35.5286521911621 35.4496459960938 35.3962440490723 35.4413642883301 35.5665512084961 35.6720199584961 35.7487602233887 35.7682075500488 35.7649078369141 35.7599754333496 35.8017997741699 35.797607421875
33.4782676696777 33.0867118835449 32.6101684570312 32.1303215026855 31.7543430328369 31.7909984588623 32.2773284912109 32.6235198974609 32.9117622375488 33.1903800964355 33.3833885192871 33.7008399963379 33.9581680297852 33.9402732849121 33.7004776000977 33.2704200744629 32.9560089111328 32.5142822265625 33.1962051391602 33.694164276123 34.4241943359375 34.8773078918457 35.0638542175293 34.9753341674805 34.9674339294434 35.0323867797852 35.1443061828613 35.213249206543 35.2510757446289 35.2565650939941 35.3348159790039 35.5384826660156 35.6990089416504 35.7092819213867 35.6755065917969 35.6276702880859 35.5753517150879 35.5027503967285 35.4806137084961 35.5687255859375 35.685230255127 35.7455062866211 35.7497100830078 35.770149230957 35.7752304077148 35.8248825073242 35.8371925354004
34.0588531494141 33.797924041748 33.4538154602051 33.0270805358887 32.6995697021484 32.6328506469727 32.7508316040039 32.9985504150391 33.3370399475098 33.6569976806641 33.9129219055176 34.264404296875 34.4850654602051 34.6170043945312 34.7684020996094 34.8454132080078 34.7844581604004 34.6571159362793 34.8667869567871 35.1486587524414 35.2852897644043 35.2782707214355 35.2772102355957 35.3779182434082 35.3836517333984 35.3937377929688 35.4084014892578 35.4037132263184 35.3905944824219 35.4713478088379 35.70361328125 35.8142700195312 35.7988357543945 35.7424468994141 35.6633834838867 35.6036567687988 35.6107406616211 35.585334777832 35.5387573242188 35.5461845397949 35.6090850830078 35.7037544250488 35.7328872680664 35.7337684631348 35.7753753662109 35.8329582214355 35.8744773864746
34.7070503234863 34.5114936828613 34.2560424804688 33.9719390869141 33.7444305419922 33.6349639892578 33.6439361572266 33.7125968933105 33.8862915039062 34.1170425415039 34.3562240600586 34.6021347045898 34.8849678039551 35.1054840087891 35.345272064209 35.5149803161621 35.4667167663574 35.4332733154297 35.5103225708008 35.6001586914062 35.5438003540039 35.4117240905762 35.5409622192383 35.6915550231934 35.6546478271484 35.6260643005371 35.6316299438477 35.6971054077148 35.775993347168 35.8486404418945 35.8688011169434 35.8570365905762 35.8035583496094 35.747673034668 35.6667709350586 35.6098136901855 35.5954055786133 35.5924186706543 35.5722579956055 35.5495452880859 35.5619163513184 35.6361770629883 35.7364921569824 35.7155609130859 35.7318382263184 35.7876091003418 35.8434906005859
35.3557891845703 35.2307205200195 35.0464820861816 34.8173942565918 34.6160125732422 34.4563293457031 34.4369430541992 34.4673385620117 34.5196685791016 34.619945526123 34.7731018066406 34.9643669128418 35.2296752929688 35.4484062194824 35.6130981445312 35.7601661682129 35.7542610168457 35.754524230957 35.7094192504883 35.6543197631836 35.6077919006348 35.5343933105469 35.6652221679688 35.8058052062988 35.8081474304199 35.8344306945801 35.9387817382812 36.0188674926758 36.0659866333008 36.0364570617676 35.9810256958008 35.9189605712891 35.8683929443359 35.8155555725098 35.7496070861816 35.6555213928223 35.6210060119629 35.6217308044434 35.6117057800293 35.5952758789062 35.5843811035156 35.627368927002 35.7012138366699 35.7237091064453 35.6941452026367 35.7286796569824 35.7872428894043
35.7267799377441 35.6831130981445 35.5863037109375 35.4642295837402 35.4004249572754 35.3137817382812 35.2661056518555 35.2514266967773 35.233757019043 35.2647285461426 35.3777923583984 35.5317726135254 35.642650604248 35.6775360107422 35.6904106140137 35.7506523132324 35.8550148010254 35.8972015380859 35.8029937744141 35.7025108337402 35.644172668457 35.5443649291992 35.5345458984375 35.6689262390137 35.7526321411133 35.8090553283691 35.8667335510254 35.9819374084473 36.0588035583496 36.0971717834473 36.118522644043 36.0528945922852 35.9546203613281 35.8886413574219 35.8429260253906 35.8114624023438 35.7333450317383 35.6958389282227 35.6667060852051 35.650016784668 35.6206474304199 35.638786315918 35.6349830627441 35.6763458251953 35.6883850097656 35.677864074707 35.7307891845703
