Ecospace-environmental-drivers/Outputs/ASCII-for-ecospace/Sal-surf/Sal-surf_X2011.07.asc
NCOLS 131 
NROWS 53 
XLLCORNER -98 
YLLCORNER 23.9265270233154 
CELLSIZE 0.133587792515755 
NODATA_value -3.4e+38 
[rows 0 to 20 of 53, columns 47 to 93 of 131]
-3.4e+38 -3.4e+38 -3.4e+38 -3.4e+38 -3.4e+38 -3.4e+38 -3.4e+38 -3.4e+38 -3.4e+38 -3.4e+38 -3.4e+38 -3.4e+38 -3.4e+38 -3.4e+38 -3.4e+38 -3.4e+38 -3.4e+38 -3.4e+38 -3.4e+38 -3.4e+38 -3.4e+38 -3.4e+38 -3.4e+38 -3.4e+38 -3.4e+38 -3.4e+38 -3.4e+38 -3.4e+38 -3.4e+38 -3.4e+38 -3.4e+38 -3.4e+38 -3.4e+38 -3.4e+38 -3.4e+38 -3.4e+38 -3.4e+38 -3.4e+38 -3.4e+38 -3.4e+38 -3.4e+38 -3.4e+38 -3.4e+38 -3.4e+38 -3.4e+38 -3.4e+38 -3.4e+38
-3.4e+38 -3.4e+38 -3.4e+38 -3.4e+38 -3.4e+38 -3.4e+38 -3.4e+38 -3.4e+38 -3.4e+38 -3.4e+38 -3.4e+38 -3.4e+38 -3.4e+38 -3.4e+38 -3.4e+38 -3.4e+38 -3.4e+38 -3.4e+38 -3.4e+38 -3.4e+38 -3.4e+38 -3.4e+38 -3.4e+38 -3.4e+38 -3.4e+38 -3.4e+38 -3.4e+38 -3.4e+38 -3.4e+38 -3.4e+38 -3.4e+38 -3.4e+38 -3.4e+38 -3.4e+38 -3.4e+38 -3.4e+38 -3.4e+38 -3.4e+38 -3.4e+38 -3.4e+38 -3.4e+38 -3.4e+38 -3.4e+38 -3.4e+38 -3.4e+38 -3.4e+38 -3.4e+38
-3.4e+38 -3.4e+38 -3.4e+38 -3.4e+38 -3.4e+38 -3.4e+38 -3.4e+38 -3.4e+38 -3.4e+38 -3.4e+38 -3.4e+38 -3.4e+38 -3.4e+38 -3.4e+38 -3.4e+38 -3.4e+38 -3.4e+38 -3.4e+38 -3.4e+38 -3.4e+38 -3.4e+38 -3.4e+38 -3.4e+38 -3.4e+38 -3.4e+38 -3.4e+38 -3.4e+38 7.86526823043823 6.938063621521 -3.4e+38 -3.4e+38 -3.4e+38 -3.4e+38 -3.4e+38 -3.4e+38 -3.4e+38 -3.4e+38 -3.4e+38 -3.4e+38 -3.4e+38 -3.4e+38 -3.4e+38 -3.4e+38 -3.4e+38 -3.4e+38 -3.4e+38 -3.4e+38
-3.4e+38 -3.4e+38 -3.4e+38 -3.4e+38 -3.4e+38 -3.4e+38 -3.4e+38 -3.4e+38 -3.4e+38 -3.4e+38 -3.4e+38 -3.4e+38 -3.4e+38 -3.4e+38 -3.4e+38 -3.4e+38 -3.4e+38 -3.4e+38 -3.4e+38 -3.4e+38 -3.4e+38 -3.4e+38 -3.4e+38 -3.4e+38 -3.4e+38 -3.4e+38 -3.4e+38 18.3692531585693 14.9152965545654 -3.4e+38 -3.4e+38 -3.4e+38 -3.4e+38 -3.4e+38 -3.4e+38 -3.4e+38 -3.4e+38 -3.4e+38 -3.4e+38 -3.4e+38 -3.4e+38 -3.4e+38 -3.4e+38 -3.4e+38 -3.4e+38 -3.4e+38 -3.4e+38
-3.4e+38 -3.4e+38 -3.4e+38 -3.4e+38 -3.4e+38 -3.4e+38 -3.4e+38 -3.4e+38 -3.4e+38 17.4422492980957 17.4422492980957 17.4149551391602 16.5619525909424 -3.4e+38 -3.4e+38 -3.4e+38 -3.4e+38 -3.4e+38 31.6179542541504 31.9093074798584 31.9811344146729 31.7911930084229 28.9821529388428 21.7499618530273 25.9456119537354 26.9960613250732 26.8901252746582 24.4076843261719 24.9769878387451 27.9427642822266 -3.4e+38 -3.4e+38 33.2025566101074 32.863582611084 31.9297752380371 33.3056526184082 33.4481048583984 33.5733070373535 33.5519142150879 33.5875015258789 33.6989479064941 33.6564788818359 -3.4e+38 -3.4e+38 -3.4e+38 -3.4e+38 -3.4e+38
-3.4e+38 -3.4e+38 -3.4e+38 -3.4e+38 -3.4e+38 -3.4e+38 -3.4e+38 -3.4e+38 17.4422492980957 17.4422492980957 17.4422492980957 17.4422492980957 17.3876628875732 16.5302028656006 14.8876924514771 -3.4e+38 24.3422298431396 31.1890983581543 31.7304458618164 31.6429691314697 31.5378246307373 31.5749359130859 30.6916694641113 28.4459991455078 28.6473655700684 29.3476696014404 28.7905597686768 28.520923614502 28.0365352630615 28.291919708252 32.9057426452637 33.1331481933594 33.2373886108398 33.237133026123 33.0500373840332 33.239200592041 33.2731170654297 33.3045654296875 33.3387756347656 33.3827056884766 33.4751853942871 33.6565780639648 33.7952117919922 33.813549041748 -3.4e+38 -3.4e+38 -3.4e+38
-3.4e+38 -3.4e+38 -3.4e+38 -3.4e+38 -3.4e+38 -3.4e+38 -3.4e+38 -3.4e+38 17.727108001709 17.4422492980957 17.4422492980957 17.4422492980957 17.4422492980957 17.3330764770508 16.4577980041504 14.8876924514771 21.0101528167725 30.2819786071777 31.2840385437012 31.5546531677246 31.7888469696045 32.3255615234375 32.937068939209 32.9654998779297 32.7397270202637 32.6567993164062 32.679069519043 32.7196922302246 32.6919403076172 32.8194999694824 32.9628562927246 32.9848556518555 32.9879417419434 32.9625511169434 32.9255142211914 32.8848609924316 32.8696022033691 32.859447479248 32.8921241760254 32.9612922668457 33.0424156188965 33.1630210876465 33.3937339782715 33.6600952148438 33.8869285583496 33.8607025146484 -3.4e+38
-3.4e+38 -3.4e+38 -3.4e+38 -3.4e+38 -3.4e+38 -3.4e+38 -3.4e+38 -3.4e+38 -3.4e+38 -3.4e+38 17.4422492980957 17.4422492980957 17.4422492980957 -3.4e+38 17.2239017486572 16.2773475646973 20.6330451965332 29.95876121521 31.1652545928955 31.496883392334 32.0131950378418 32.4626235961914 32.8135452270508 32.2664985656738 31.9094886779785 31.8983821868896 32.0683288574219 32.25732421875 32.4537315368652 32.6159629821777 32.7041168212891 32.6164054870605 32.5730972290039 32.5109062194824 32.4826698303223 32.466365814209 32.5332870483398 32.677791595459 32.8188819885254 32.7875289916992 32.7703056335449 32.781623840332 32.9392776489258 33.2075614929199 33.556999206543 33.9452857971191 34.0535926818848
-3.4e+38 -3.4e+38 -3.4e+38 -3.4e+38 -3.4e+38 -3.4e+38 -3.4e+38 -3.4e+38 -3.4e+38 -3.4e+38 -3.4e+38 -3.4e+38 -3.4e+38 -3.4e+38 17.1999225616455 16.9720306396484 25.1854362487793 30.954948425293 31.0276393890381 31.4113578796387 31.8928604125977 32.1331481933594 32.246280670166 31.5432376861572 31.0695419311523 31.1471862792969 31.4811744689941 31.7773208618164 31.9423847198486 32.046501159668 32.0916442871094 32.1819763183594 32.2363052368164 32.1632308959961 32.2956809997559 32.5735321044922 32.871150970459 33.1369247436523 33.2774085998535 33.2157402038574 33.1095237731934 32.9344596862793 32.7842445373535 32.8737564086914 33.1666984558105 33.6213264465332 34.068115234375
20.7229537963867 -3.4e+38 -3.4e+38 -3.4e+38 -3.4e+38 -3.4e+38 -3.4e+38 -3.4e+38 -3.4e+38 -3.4e+38 28.6825332641602 25.1334400177002 -3.4e+38 -3.4e+38 -3.4e+38 25.1493835449219 30.7865905761719 30.7153339385986 30.9515933990479 31.3634738922119 31.7109928131104 31.6381072998047 31.6863994598389 30.8319110870361 30.4527149200439 30.6613349914551 31.106128692627 31.5330123901367 31.711935043335 31.947681427002 32.0127601623535 32.0028076171875 32.0734443664551 32.042236328125 32.3448257446289 32.6110763549805 32.8816566467285 33.1725120544434 33.4812507629395 33.3451995849609 33.1323547363281 33.0538940429688 32.9477767944336 32.8551788330078 32.9393882751465 33.3108596801758 33.9010467529297
21.4073543548584 16.7226314544678 -3.4e+38 -3.4e+38 -3.4e+38 -3.4e+38 -3.4e+38 -3.4e+38 -3.4e+38 -3.4e+38 33.7595252990723 33.1407165527344 32.8246307373047 -3.4e+38 -3.4e+38 30.4407482147217 30.3476276397705 30.5376281738281 30.7850646972656 31.1892433166504 31.1925029754639 31.0255546569824 30.5253295898438 30.1847820281982 30.2323970794678 30.6003170013428 31.0564918518066 31.3478927612305 31.7727680206299 32.1215476989746 32.2011680603027 32.1352005004883 31.9899654388428 31.9638996124268 32.240535736084 32.5123519897461 32.7025184631348 32.8931655883789 33.3343162536621 33.4440383911133 33.0996513366699 32.9536552429199 32.9152412414551 32.843578338623 32.9162788391113 33.1613883972168 33.7825660705566
19.7142295837402 13.1648015975952 1.17092573642731 6.41805553436279 -3.4e+38 -3.4e+38 -3.4e+38 -3.4e+38 -3.4e+38 -3.4e+38 -3.4e+38 33.1958198547363 32.3262901306152 32.8246307373047 31.378833770752 30.3477764129639 30.2603664398193 30.4994258880615 30.5234909057617 30.6327896118164 30.5291233062744 29.4107284545898 29.1852397918701 30.0474510192871 30.7035865783691 31.147102355957 31.5954151153564 31.833963394165 31.9821300506592 32.2279586791992 32.2803115844727 32.338996887207 32.3099517822266 32.1766738891602 32.0413665771484 32.2226257324219 32.5920333862305 32.8642883300781 33.1014289855957 33.3512802124023 33.3069877624512 33.3099327087402 33.1528739929199 32.9180870056152 32.9212188720703 33.1538200378418 33.8187980651855
25.0129451751709 18.8626670837402 9.0711612701416 9.0120792388916 -3.4e+38 -3.4e+38 -3.4e+38 -3.4e+38 33.167667388916 34.2872428894043 34.1449928283691 33.4449996948242 32.2466468811035 31.9075965881348 30.3423633575439 28.3356628417969 26.7831172943115 30.4457550048828 30.0492076873779 29.0173530578613 29.0218601226807 28.6234169006348 29.5877437591553 30.521089553833 31.3962268829346 32.0104446411133 32.4271774291992 32.5932998657227 32.6149215698242 32.613899230957 32.7001914978027 32.7978591918945 32.8686180114746 32.8416557312012 32.7374649047852 32.5660934448242 32.5547409057617 32.7115936279297 32.9320220947266 33.2012100219727 33.3224945068359 33.355094909668 33.1847267150879 33.0581665039062 32.9608116149902 33.1246147155762 33.6220169067383
30.3201885223389 28.6277275085449 25.0043182373047 24.8412475585938 27.2840137481689 30.5784702301025 31.5452404022217 31.9076633453369 32.2695770263672 32.9536170959473 33.8652839660645 34.559684753418 32.4083976745605 31.5412540435791 30.4539604187012 28.0666351318359 22.5549850463867 18.8715400695801 19.4588298797607 22.2458801269531 24.5227432250977 28.4846782684326 30.5168399810791 31.6172409057617 32.5796661376953 32.957706451416 33.0429382324219 33.0055999755859 33.0846977233887 33.1459579467773 33.1258125305176 33.0993118286133 33.1333122253418 33.165657043457 33.1242942810059 33.0171546936035 32.8199234008789 32.7788925170898 32.8576126098633 33.1029968261719 33.2375831604004 33.2356986999512 33.101375579834 33.039737701416 32.9789962768555 33.0870666503906 33.3728866577148
31.8937911987305 31.2671546936035 30.9282493591309 30.3831062316895 30.0597190856934 30.6818332672119 31.3996086120605 31.6992645263672 31.8607883453369 32.1775054931641 32.6919059753418 32.8362655639648 32.8420143127441 32.6276168823242 32.5674209594727 31.6669425964355 27.8994102478027 9.09788990020752 6.91662073135376 11.8134489059448 24.3799228668213 30.2802314758301 32.0237464904785 32.8165740966797 33.0172348022461 32.9658355712891 33.0839385986328 33.1303634643555 33.1841354370117 33.1520614624023 33.1510124206543 33.2190093994141 33.3299179077148 33.3188972473145 33.2881317138672 33.222526550293 33.0850715637207 32.934814453125 32.9110221862793 33.0033531188965 33.1479225158691 33.0789642333984 33.0029830932617 33.0420951843262 33.0581016540527 33.0325622558594 33.169075012207
32.6750221252441 32.5775108337402 32.4348373413086 32.4312057495117 32.3590240478516 32.250186920166 32.2724838256836 32.5700607299805 32.6952095031738 32.8889846801758 33.033260345459 33.3176155090332 33.4985160827637 33.3939895629883 33.3118667602539 32.8565330505371 31.033239364624 20.8986282348633 24.7238845825195 27.727819442749 31.3044891357422 32.6752128601074 33.0375862121582 33.1079864501953 33.170581817627 33.1888999938965 33.2708625793457 33.2035179138184 33.2253761291504 33.1525573730469 33.1935195922852 33.3157844543457 33.2964859008789 33.2880783081055 33.2885437011719 33.2894668579102 33.2238082885742 33.0493087768555 32.9288673400879 32.9588165283203 33.088924407959 33.0631675720215 33.0280151367188 33.1635131835938 33.2956199645996 33.2313232421875 33.2036056518555
32.862060546875 33.0843200683594 33.1677055358887 33.212589263916 33.2001876831055 33.0666809082031 33.1415405273438 33.2795562744141 33.4218254089355 33.5571594238281 33.6287307739258 33.8551445007324 33.8828125 33.7709197998047 33.7806701660156 33.6713905334473 33.4266090393066 33.0656280517578 33.2993850708008 33.5725135803223 33.6967239379883 33.6681900024414 33.663028717041 33.5858268737793 33.4929351806641 33.463981628418 33.4259185791016 33.3308792114258 33.2943687438965 33.1314735412598 33.1872634887695 33.2274780273438 33.2228813171387 33.276237487793 33.3172340393066 33.3146438598633 33.2828216552734 33.2145462036133 33.0657081604004 32.9384117126465 32.9958419799805 33.0977745056152 33.1020278930664 33.2629013061523 33.4268798828125 33.4309120178223 33.4425621032715
33.4234962463379 33.1951179504395 33.228271484375 33.3260116577148 33.4933547973633 33.614803314209 33.7275657653809 33.7779006958008 33.8135185241699 33.8469161987305 33.8407821655273 33.8640480041504 33.8955421447754 33.9529266357422 34.0284538269043 34.0150604248047 33.9352722167969 33.8591613769531 33.8112182617188 33.7857284545898 33.7827835083008 33.8173294067383 33.8197021484375 33.8273696899414 33.7992324829102 33.7268104553223 33.6418037414551 33.4872589111328 33.3745384216309 33.2709159851074 33.2267913818359 33.225227355957 33.1499786376953 33.2096824645996 33.2749977111816 33.3337287902832 33.3630332946777 33.3403358459473 33.2599601745605 33.1679878234863 33.0383949279785 33.068717956543 33.1330108642578 33.2852020263672 33.606819152832 33.7165756225586 33.7440147399902
33.8828277587891 33.6987457275391 33.5327110290527 33.4749298095703 33.4961433410645 33.5336570739746 33.6257247924805 33.7037620544434 33.7702713012695 33.7982444763184 33.8330001831055 33.8853073120117 33.9538497924805 33.9682006835938 33.9158592224121 33.8245468139648 33.7672424316406 33.764404296875 33.7938461303711 33.8397407531738 33.9336357116699 33.9634742736816 33.9511070251465 33.9072074890137 33.9101181030273 33.8631858825684 33.7754783630371 33.625789642334 33.4899978637695 33.4834136962891 33.3412170410156 33.321964263916 33.258056640625 33.2497978210449 33.2966728210449 33.334098815918 33.4454231262207 33.5292625427246 33.5183601379395 33.4375534057617 33.3350143432617 33.2522735595703 33.1867752075195 33.2222480773926 33.430118560791 33.7295837402344 33.9210815429688
34.0583953857422 34.0195274353027 33.9521980285645 33.9445533752441 33.9521942138672 33.8912696838379 33.863597869873 33.8613967895508 33.8649711608887 33.869514465332 33.8759269714355 33.8737907409668 33.8665885925293 33.7966537475586 33.7460327148438 33.764217376709 33.7967109680176 33.8870620727539 34.0025749206543 34.0980606079102 34.1637687683105 34.2313117980957 34.2564926147461 34.1921691894531 34.1100273132324 34.0150413513184 33.9186325073242 33.805908203125 33.6880416870117 33.6352577209473 33.5528678894043 33.4653701782227 33.3683128356934 33.3258018493652 33.3547859191895 33.4632186889648 33.4323272705078 33.5791664123535 33.7212028503418 33.6597175598145 33.5941276550293 33.5521850585938 33.4865608215332 33.3461761474609 33.3981246948242 33.5719871520996 33.894889831543
34.0316047668457 34.0220336914062 34.0002059936523 33.9890441894531 33.9784202575684 33.9616432189941 33.9495048522949 33.9411430358887 33.9322204589844 33.910457611084 33.8795471191406 33.8351898193359 33.7778396606445 33.7404594421387 33.834529876709 33.9202575683594 33.9827537536621 34.0573997497559 34.127010345459 34.1599998474121 34.162296295166 34.2264404296875 34.2585411071777 34.2580032348633 34.2515869140625 34.2276000976562 34.109260559082 33.9946823120117 33.880054473877 33.8506469726562 33.772346496582 33.7221069335938 33.6357955932617 33.5725708007812 33.5292549133301 33.6264572143555 33.5757217407227 33.624568939209 33.7938919067383 33.8026123046875 33.8522911071777 33.8704490661621 33.823673248291 33.7109756469727 33.5339012145996 33.5507659912109 33.7660789489746
