Ecospace-environmental-drivers/Outputs/ASCII-for-ecospace/Sal-surf/Sal-surf_X2011.01.asc
NCOLS 131 
NROWS 53 
XLLCORNER -98 
YLLCORNER 23.9265270233154 
CELLSIZE 0.133587792515755 
NODATA_value -3.4e+38 
[rows 0 to 20 of 53, columns 47 to 93 of 131]
-3.4e+38 -3.4e+38 -3.4e+38 -3.4e+38 -3.4e+38 -3.4e+38 -3.4e+38 -3.4e+38 -3.4e+38 -3.4e+38 -3.4e+38 -3.4e+38 -3.4e+38 -3.4e+38 -3.4e+38 -3.4e+38 -3.4e+38 -3.4e+38 -3.4e+38 -3.4e+38 -3.4e+38 -3.4e+38 -3.4e+38 -3.4e+38 -3.4e+38 -3.4e+38 -3.4e+38 -3.4e+38 -3.4e+38 -3.4e+38 -3.4e+38 -3.4e+38 -3.4e+38 -3.4e+38 -3.4e+38 -3.4e+38 -3.4e+38 -3.4e+38 -3.4e+38 -3.4e+38 -3.4e+38 -3.4e+38 -3.4e+38 -3.4e+38 -3.4e+38 -3.4e+38 -3.4e+38
-3.4e+38 -3.4e+38 -3.4e+38 -3.4e+38 -3.4e+38 -3.4e+38 -3.4e+38 -3.4e+38 -3.4e+38 -3.4e+38 -3.4e+38 -3.4e+38 -3.4e+38 -3.4e+38 -3.4e+38 -3.4e+38 -3.4e+38 -3.4e+38 -3.4e+38 -3.4e+38 -3.4e+38 -3.4e+38 -3.4e+38 -3.4e+38 -3.4e+38 -3.4e+38 -3.4e+38 -3.4e+38 -3.4e+38 -3.4e+38 -3.4e+38 -3.4e+38 -3.4e+38 -3.4e+38 -3.4e+38 -3.4e+38 -3.4e+38 -3.4e+38 -3.4e+38 -3.4e+38 -3.4e+38 -3.4e+38 -3.4e+38 -3.4e+38 -3.4e+38 -3.4e+38 -3.4e+38
-3.4e+38 -3.4e+38 -3.4e+38 -3.4e+38 -3.4e+38 -3.4e+38 -3.4e+38 -3.4e+38 -3.4e+38 -3.4e+38 -3.4e+38 -3.4e+38 -3.4e+38 -3.4e+38 -3.4e+38 -3.4e+38 -3.4e+38 -3.4e+38 -3.4e+38 -3.4e+38 -3.4e+38 -3.4e+38 -3.4e+38 -3.4e+38 -3.4e+38 -3.4e+38 -3.4e+38 1.12749910354614 1.16261577606201 -3.4e+38 -3.4e+38 -3.4e+38 -3.4e+38 -3.4e+38 -3.4e+38 -3.4e+38 -3.4e+38 -3.4e+38 -3.4e+38 -3.4e+38 -3.4e+38 -3.4e+38 -3.4e+38 -3.4e+38 -3.4e+38 -3.4e+38 -3.4e+38
-3.4e+38 -3.4e+38 -3.4e+38 -3.4e+38 -3.4e+38 -3.4e+38 -3.4e+38 -3.4e+38 -3.4e+38 -3.4e+38 -3.4e+38 -3.4e+38 -3.4e+38 -3.4e+38 -3.4e+38 -3.4e+38 -3.4e+38 -3.4e+38 -3.4e+38 -3.4e+38 -3.4e+38 -3.4e+38 -3.4e+38 -3.4e+38 -3.4e+38 -3.4e+38 -3.4e+38 8.76032543182373 10.2220010757446 -3.4e+38 -3.4e+38 -3.4e+38 -3.4e+38 -3.4e+38 -3.4e+38 -3.4e+38 -3.4e+38 -3.4e+38 -3.4e+38 -3.4e+38 -3.4e+38 -3.4e+38 -3.4e+38 -3.4e+38 -3.4e+38 -3.4e+38 -3.4e+38
-3.4e+38 -3.4e+38 -3.4e+38 -3.4e+38 -3.4e+38 -3.4e+38 -3.4e+38 -3.4e+38 -3.4e+38 15.9121417999268 15.9121417999268 15.8992481231689 15.3205318450928 -3.4e+38 -3.4e+38 -3.4e+38 -3.4e+38 -3.4e+38 28.5691070556641 27.2348880767822 22.4683151245117 19.2477836608887 14.8922653198242 14.4799280166626 25.4087657928467 29.8156299591064 30.6486568450928 22.8475284576416 25.8764686584473 27.969202041626 -3.4e+38 -3.4e+38 33.7062110900879 33.0638618469238 31.0631275177002 33.8737411499023 34.2188835144043 34.2643852233887 34.3264656066895 34.4886245727539 34.5634269714355 34.7067718505859 -3.4e+38 -3.4e+38 -3.4e+38 -3.4e+38 -3.4e+38
-3.4e+38 -3.4e+38 -3.4e+38 -3.4e+38 -3.4e+38 -3.4e+38 -3.4e+38 -3.4e+38 15.9121417999268 15.9121417999268 15.9121417999268 15.9121417999268 15.8863544464111 15.3198804855347 14.1637506484985 -3.4e+38 20.8580474853516 28.244701385498 28.77614402771 30.0206985473633 30.3939437866211 28.8841152191162 21.8325538635254 23.8882064819336 28.5730037689209 31.8706245422363 32.2706108093262 32.0822296142578 31.3678588867188 28.4933204650879 33.6757164001465 33.6808547973633 33.662727355957 33.7750473022461 33.7545509338379 34.5044479370117 34.7639617919922 34.8264274597168 34.7870254516602 34.8164672851562 34.8474617004395 34.7518997192383 34.6643028259277 34.6261672973633 -3.4e+38 -3.4e+38 -3.4e+38
-3.4e+38 -3.4e+38 -3.4e+38 -3.4e+38 -3.4e+38 -3.4e+38 -3.4e+38 -3.4e+38 16.1836776733398 15.9121417999268 15.9121417999268 15.9121417999268 15.9121417999268 15.8605661392212 15.3430614471436 14.1637506484985 15.3043766021729 25.7193584442139 30.8460750579834 33.0432243347168 33.6448020935059 33.7417068481445 33.6033058166504 33.7858238220215 33.8911552429199 34.1070671081543 34.077278137207 33.8691825866699 33.9498443603516 34.0367126464844 34.1850929260254 34.4061508178711 34.5811996459961 34.7805862426758 35.0186614990234 35.2346687316895 35.3834495544434 35.4264640808105 35.417537689209 35.3941955566406 35.4189796447754 35.3345031738281 35.0943870544434 34.8266334533691 34.633674621582 34.6569519042969 -3.4e+38
-3.4e+38 -3.4e+38 -3.4e+38 -3.4e+38 -3.4e+38 -3.4e+38 -3.4e+38 -3.4e+38 -3.4e+38 -3.4e+38 15.9121417999268 15.9121417999268 15.9121417999268 -3.4e+38 15.8089904785156 15.4873638153076 17.3362560272217 24.2075653076172 30.8707866668701 33.3151321411133 34.2624702453613 34.4710884094238 34.4768905639648 34.6009140014648 34.6012802124023 34.5853462219238 34.6049461364746 34.5771636962891 34.5483055114746 34.5748252868652 34.654052734375 34.7466773986816 34.8564529418945 35.0200653076172 35.2454071044922 35.4489860534668 35.546459197998 35.5650177001953 35.5496940612793 35.5302505493164 35.525749206543 35.5276107788086 35.403865814209 35.1889495849609 34.8644866943359 34.6244583129883 34.505184173584
-3.4e+38 -3.4e+38 -3.4e+38 -3.4e+38 -3.4e+38 -3.4e+38 -3.4e+38 -3.4e+38 -3.4e+38 -3.4e+38 -3.4e+38 -3.4e+38 -3.4e+38 -3.4e+38 15.8478984832764 15.9087047576904 21.8443336486816 23.8254451751709 29.4828872680664 33.0629463195801 34.2304382324219 34.4670486450195 34.5023918151855 34.5731773376465 34.5772132873535 34.4837036132812 34.4910545349121 34.5652236938477 34.6240768432617 34.6763038635254 34.7134704589844 34.8036956787109 34.9650077819824 35.233470916748 35.4395332336426 35.5272445678711 35.562442779541 35.5747222900391 35.5822105407715 35.5689506530762 35.556697845459 35.5544967651367 35.4994010925293 35.3587875366211 35.166072845459 34.8568649291992 34.5651054382324
23.4531631469727 -3.4e+38 -3.4e+38 -3.4e+38 -3.4e+38 -3.4e+38 -3.4e+38 -3.4e+38 -3.4e+38 -3.4e+38 26.7334842681885 23.243595123291 -3.4e+38 -3.4e+38 -3.4e+38 22.6633415222168 27.7548732757568 28.3901271820068 31.0189170837402 33.347297668457 34.1284980773926 34.2701606750488 34.157054901123 34.2765655517578 34.1025543212891 34.0855026245117 34.2449493408203 34.4755439758301 34.6094245910645 34.720703125 34.8048706054688 34.9278526306152 35.1201553344727 35.3432579040527 35.4682693481445 35.4833717346191 35.5105972290039 35.5312690734863 35.5272521972656 35.4962196350098 35.496467590332 35.5325584411621 35.5092010498047 35.4290885925293 35.3384895324707 35.0794486999512 34.6425933837891
20.6636238098145 14.8350133895874 -3.4e+38 -3.4e+38 -3.4e+38 -3.4e+38 -3.4e+38 -3.4e+38 -3.4e+38 -3.4e+38 31.6378021240234 31.2255630493164 30.5750503540039 -3.4e+38 -3.4e+38 26.6471519470215 27.1580829620361 28.882511138916 31.8659610748291 33.3189239501953 33.8367614746094 33.6024513244629 33.4025344848633 33.6291770935059 33.6290626525879 33.793758392334 34.1104545593262 34.3544082641602 34.5609474182129 34.7442054748535 34.8907012939453 35.0129051208496 35.1804542541504 35.3193130493164 35.3488693237305 35.3446426391602 35.3588371276855 35.3975677490234 35.4542922973633 35.4231185913086 35.4044494628906 35.4660339355469 35.5074996948242 35.4962882995605 35.461051940918 35.2973709106445 34.8659858703613
18.5277500152588 9.7018575668335 1.08369112014771 9.42203330993652 -3.4e+38 -3.4e+38 -3.4e+38 -3.4e+38 -3.4e+38 -3.4e+38 -3.4e+38 31.5215721130371 31.072473526001 30.5750503540039 29.9517402648926 27.9897022247314 27.0378112792969 28.4729995727539 31.2668972015381 32.8146171569824 33.129825592041 32.6509857177734 32.5899085998535 32.9671592712402 33.3600769042969 33.7037582397461 33.9365577697754 34.1713676452637 34.4324722290039 34.6745223999023 34.826602935791 34.9479904174805 35.0869903564453 35.1584320068359 35.1468200683594 35.1669883728027 35.234935760498 35.2929649353027 35.3569602966309 35.362865447998 35.337329864502 35.408374786377 35.48095703125 35.5125350952148 35.539249420166 35.4191932678223 35.1456031799316
27.2196502685547 21.6027908325195 14.6830291748047 12.4993810653687 -3.4e+38 -3.4e+38 -3.4e+38 -3.4e+38 31.5097007751465 31.5965576171875 31.8697643280029 31.732141494751 31.1733779907227 31.4689922332764 31.1157627105713 29.1627521514893 26.8755435943604 27.7530307769775 29.3109836578369 31.2160511016846 32.3058815002441 31.7905292510986 32.1993522644043 32.9980316162109 33.6524467468262 34.0052146911621 34.1368446350098 34.2996978759766 34.4589042663574 34.6097564697266 34.7268409729004 34.8341255187988 34.903678894043 34.9995269775391 35.0192451477051 35.0467071533203 35.1398735046387 35.236198425293 35.3059349060059 35.3355941772461 35.2990493774414 35.350341796875 35.3969459533691 35.4500885009766 35.4939079284668 35.5186767578125 35.5020942687988
31.006721496582 30.0039119720459 28.723108291626 28.0636348724365 29.9796237945557 31.2322406768799 31.7524528503418 31.8500537872314 31.8682746887207 32.0503692626953 32.0820846557617 31.7643489837646 31.7711334228516 32.0307579040527 31.9305286407471 30.0063610076904 25.7233009338379 22.2597560882568 20.6120910644531 24.3083248138428 28.4922790527344 31.1623649597168 32.7282867431641 33.7499885559082 34.4741020202637 34.9368515014648 35.112476348877 35.2640419006348 35.351692199707 35.3662910461426 35.3073997497559 35.239185333252 35.1913108825684 35.2052383422852 35.1956977844238 35.1588020324707 35.177116394043 35.1762886047363 35.2193336486816 35.3036994934082 35.3073692321777 35.3177757263184 35.3340606689453 35.3422393798828 35.4125709533691 35.5028648376465 35.5724601745605
31.8857841491699 31.6448745727539 31.3515300750732 31.4369201660156 31.6201686859131 32.0531578063965 32.2655220031738 32.2901725769043 32.3683547973633 32.5049209594727 32.5045700073242 32.432014465332 32.8251533508301 33.2091865539551 33.3281364440918 32.5765686035156 28.8720016479492 12.1746301651001 8.73296642303467 12.8372163772583 27.2628936767578 32.3901863098145 34.1074142456055 35.2252464294434 35.5095710754395 35.6255874633789 35.6978874206543 35.7303276062012 35.7466316223145 35.7573280334473 35.7617225646973 35.7564315795898 35.724178314209 35.6680717468262 35.5845642089844 35.5132827758789 35.4704742431641 35.3859634399414 35.3561897277832 35.3271903991699 35.3281021118164 35.3487281799316 35.3490447998047 35.3416519165039 35.3727951049805 35.4613265991211 35.584545135498
32.6250457763672 32.3154792785645 32.1937713623047 32.269702911377 32.4769287109375 32.6432418823242 32.7180137634277 32.8411674499512 33.0148849487305 33.1566505432129 33.2101211547852 33.3623313903809 33.709114074707 33.8356590270996 33.706657409668 32.8620223999023 30.8914279937744 21.6538181304932 26.5508651733398 29.3551979064941 33.2542343139648 34.8905029296875 35.430305480957 35.6618995666504 35.7118873596191 35.7605476379395 35.8086891174316 35.8615188598633 35.8915672302246 35.8949661254883 35.8966522216797 35.8971481323242 35.897632598877 35.8796844482422 35.8262825012207 35.7489280700684 35.6928863525391 35.6091728210449 35.5475425720215 35.4821128845215 35.410530090332 35.3876914978027 35.3883666992188 35.3881492614746 35.3829536437988 35.4416694641113 35.5765190124512
33.4832458496094 33.0920066833496 32.8732872009277 32.7891006469727 32.8638725280762 33.0167388916016 33.1946563720703 33.3967781066895 33.5658569335938 33.7130699157715 33.8719673156738 34.1576690673828 34.5233917236328 34.6951599121094 34.7413711547852 34.2600746154785 33.6310386657715 33.5479049682617 34.3511009216309 34.9556350708008 35.4315032958984 35.6448364257812 35.6926651000977 35.7187614440918 35.773136138916 35.8433227539062 35.9394874572754 35.9767761230469 35.964282989502 35.9523544311523 35.9651870727539 35.9710388183594 35.9677391052246 35.9656066894531 35.9501838684082 35.8935623168945 35.8284606933594 35.7342224121094 35.6535987854004 35.6171836853027 35.5223159790039 35.4718894958496 35.4483337402344 35.4165687561035 35.3943405151367 35.4217109680176 35.5098457336426
34.3721389770508 33.9198150634766 33.5164108276367 33.3637809753418 33.3370056152344 33.4306678771973 33.6485137939453 33.9051094055176 34.1194458007812 34.2432632446289 34.3615341186523 34.566764831543 34.7078437805176 34.8826751708984 35.1764793395996 35.2977638244629 35.2869186401367 35.3000907897949 35.3731460571289 35.4914894104004 35.6308898925781 35.6934089660645 35.7118453979492 35.7473602294922 35.8093185424805 35.9484100341797 36.0330581665039 36.0440292358398 36.0264778137207 36.0188179016113 35.9952049255371 35.9784393310547 35.956413269043 35.9520835876465 35.9522895812988 35.9533653259277 35.9146881103516 35.8110733032227 35.7138519287109 35.6927337646484 35.6139984130859 35.553638458252 35.488525390625 35.4707527160645 35.4451332092285 35.4414749145508 35.4746284484863
34.9608879089355 34.7607727050781 34.4185981750488 34.1433753967285 34.070011138916 34.1252822875977 34.2460632324219 34.378345489502 34.4924812316895 34.5623474121094 34.6515121459961 34.7775459289551 34.8620109558105 35.1083145141602 35.2834358215332 35.389274597168 35.4396438598633 35.4545249938965 35.5266647338867 35.6314582824707 35.6902961730957 35.6976547241211 35.7186622619629 35.7453079223633 35.8483200073242 36.0042457580566 36.0835952758789 36.1069030761719 36.0914192199707 36.0653648376465 36.0395088195801 36.0037117004395 35.9752807617188 35.9529037475586 35.9325942993164 35.9320983886719 35.9477005004883 35.9222869873047 35.8006057739258 35.7494316101074 35.6811332702637 35.6598930358887 35.5826110839844 35.5389823913574 35.4994468688965 35.4959373474121 35.515323638916
35.2037162780762 35.1945991516113 35.1341972351074 34.9441986083984 34.7213516235352 34.5774917602539 34.5685157775879 34.6253089904785 34.7008895874023 34.7554969787598 34.8268661499023 34.9460296630859 35.1078834533691 35.3524322509766 35.4417877197266 35.4854469299316 35.5137977600098 35.5616111755371 35.6499557495117 35.6855087280273 35.6983642578125 35.6896591186523 35.7113571166992 35.7398338317871 35.8693733215332 36.0079917907715 36.1035537719727 36.1424522399902 36.1497993469238 36.1393547058105 36.1265029907227 36.0933151245117 36.0445365905762 35.9654121398926 35.917537689209 35.9116325378418 35.9337310791016 35.9701042175293 35.8911094665527 35.8011627197266 35.7415237426758 35.6964416503906 35.6347999572754 35.5751304626465 35.551700592041 35.5403938293457 35.5483818054199
35.4706420898438 35.5178718566895 35.5442886352539 35.5382499694824 35.4941482543945 35.4095039367676 35.324390411377 35.2571144104004 35.2003707885742 35.1566047668457 35.1959800720215 35.3105087280273 35.4205780029297 35.5279655456543 35.5838356018066 35.614372253418 35.6440391540527 35.647762298584 35.6595077514648 35.6762504577637 35.6794395446777 35.6925468444824 35.7148208618164 35.7600708007812 35.9103965759277 36.0110740661621 36.0945281982422 36.1546592712402 36.1844367980957 36.2009201049805 36.1882362365723 36.1811599731445 36.161563873291 36.122745513916 36.0412483215332 35.9813957214355 35.9687805175781 35.9770584106445 35.9554252624512 35.8605499267578 35.8018341064453 35.7140350341797 35.6623764038086 35.597339630127 35.5659637451172 35.567081451416 35.5545501708984
