Ecospace-environmental-drivers/Outputs/ASCII-for-ecospace/Sal-surf/Sal-surf_X2005.10.asc
NCOLS 131 
NROWS 53 
XLLCORNER -98 
YLLCORNER 23.9265270233154 
CELLSIZE 0.133587792515755 
NODATA_value -3.4e+38 
[rows 21 to 41 of 53, columns 0 to 46 of 131]
-3.4e+38 -3.4e+38 -3.4e+38 -3.4e+38 -3.4e+38 -3.4e+38 33.1414833068848 33.062858581543 33.0745086669922 32.7947044372559 33.1518325805664 33.4068374633789 33.6213073730469 33.803768157959 33.9202651977539 34.0137634277344 34.1024627685547 34.1869316101074 34.2145805358887 34.2363433837891 34.2848625183105 34.4094390869141 34.4245185852051 34.3974075317383 34.3767280578613 34.3599967956543 34.399845123291 34.4463806152344 34.5503692626953 34.6891632080078 34.7860412597656 34.8313636779785 34.8720970153809 34.9127349853516 34.94970703125 34.9894104003906 35.012279510498 35.0231018066406 35.0374908447266 35.0583915710449 35.0547561645508 35.0066261291504 34.9418792724609 34.8587341308594 34.7659378051758 34.6559867858887 34.5568389892578
-3.4e+38 -3.4e+38 -3.4e+38 -3.4e+38 -3.4e+38 -3.4e+38 33.1453628540039 33.2162284851074 33.062858581543 33.3659591674805 33.6186676025391 33.8114700317383 33.9935455322266 34.0895004272461 34.2118835449219 34.3664360046387 34.5445251464844 34.6538734436035 34.6833610534668 34.6573066711426 34.6962471008301 34.8150062561035 34.871021270752 34.8719940185547 34.8400382995605 34.8411026000977 34.840446472168 34.8537940979004 34.7640762329102 34.9122772216797 35.0273017883301 35.0450019836426 35.0403594970703 35.0538711547852 35.0834922790527 35.1104431152344 35.1386260986328 35.1603126525879 35.1828079223633 35.1996269226074 35.2045669555664 35.1996803283691 35.1829490661621 35.1438064575195 35.0753021240234 34.9860687255859 34.8621063232422
-3.4e+38 -3.4e+38 -3.4e+38 -3.4e+38 32.9452323913574 32.7946815490723 33.1099586486816 33.1453628540039 33.4404640197754 33.7415428161621 33.9533653259277 34.1306457519531 34.271656036377 34.3702659606934 34.5854187011719 34.7961273193359 35.0039558410645 35.1454277038574 35.2431755065918 35.2412872314453 35.1762428283691 35.1207084655762 35.1435890197754 35.1280479431152 35.0772895812988 35.0804481506348 35.0582885742188 35.0338745117188 34.9938163757324 35.0693969726562 35.1902046203613 35.2371711730957 35.254997253418 35.2338218688965 35.1979827880859 35.1896018981934 35.1848297119141 35.2011260986328 35.2484436035156 35.2452049255371 35.229248046875 35.2220726013184 35.2174491882324 35.2072944641113 35.194896697998 35.1652641296387 35.1223526000977
-3.4e+38 -3.4e+38 -3.4e+38 -3.4e+38 33.0351142883301 33.0059051513672 32.7946815490723 33.3898277282715 33.7945365905762 34.035774230957 34.2383155822754 34.390998840332 34.5335502624512 34.681583404541 34.9968223571777 35.1584129333496 35.2935256958008 35.3572578430176 35.3847885131836 35.2972640991211 35.1838150024414 35.1914558410645 35.220817565918 35.1990203857422 35.1895751953125 35.2014083862305 35.1167106628418 35.0630493164062 35.0940551757812 35.1859092712402 35.3329696655273 35.3725776672363 35.3741569519043 35.3612442016602 35.3365287780762 35.3046188354492 35.2860946655273 35.295238494873 35.3047637939453 35.278865814209 35.2669830322266 35.2666931152344 35.267261505127 35.2592163085938 35.2232208251953 35.1815299987793 35.1362609863281
-3.4e+38 -3.4e+38 -3.4e+38 -3.4e+38 -3.4e+38 33.0351142883301 33.187915802002 33.7244033813477 34.0343475341797 34.2927436828613 34.5214576721191 34.6289978027344 34.770393371582 34.9548187255859 35.1418876647949 35.2970924377441 35.3490180969238 35.350700378418 35.3662452697754 35.2777557373047 35.1926002502441 35.1997261047363 35.2030220031738 35.1719741821289 35.1897773742676 35.2248039245605 35.1963005065918 35.1174774169922 35.1430587768555 35.3329887390137 35.4163284301758 35.4311676025391 35.4174652099609 35.3930473327637 35.3658409118652 35.3588752746582 35.3631134033203 35.363224029541 35.3360061645508 35.3005294799805 35.2935943603516 35.2849769592285 35.2830772399902 35.2668952941895 35.2263336181641 35.1722259521484 35.1087989807129
-3.4e+38 -3.4e+38 -3.4e+38 -3.4e+38 -3.4e+38 33.2396812438965 33.5785942077637 33.9681701660156 34.2797470092773 34.4997634887695 34.6504325866699 34.781852722168 34.9435691833496 35.1575584411621 35.2682228088379 35.3763999938965 35.412223815918 35.4221534729004 35.3158721923828 35.1891479492188 35.1592903137207 35.1111755371094 35.1229019165039 35.1215438842773 35.1877746582031 35.2281227111816 35.245174407959 35.1722412109375 35.2815475463867 35.4488945007324 35.4610290527344 35.4553680419922 35.4289054870605 35.4093017578125 35.3980712890625 35.3818283081055 35.4059448242188 35.3953742980957 35.3167953491211 35.2693634033203 35.2522125244141 35.2624015808105 35.2487640380859 35.2272262573242 35.1965560913086 35.1601448059082 35.0949859619141
-3.4e+38 -3.4e+38 33.9679908752441 33.8590545654297 33.5804443359375 33.3990821838379 33.8192481994629 34.1722831726074 34.4637870788574 34.6063919067383 34.7194671630859 34.9046516418457 35.2459106445312 35.4120635986328 35.5183296203613 35.5682144165039 35.5030364990234 35.4281883239746 35.280590057373 35.1908683776855 35.1603012084961 35.1221542358398 35.155818939209 35.1557769775391 35.2143096923828 35.2419548034668 35.3151245117188 35.3335876464844 35.4689292907715 35.5260047912598 35.4967727661133 35.4779815673828 35.4355545043945 35.4201011657715 35.4206886291504 35.4250297546387 35.4214935302734 35.397045135498 35.2947578430176 35.2339515686035 35.2271423339844 35.2239761352539 35.2253074645996 35.2385597229004 35.214241027832 35.1621932983398 35.0566253662109
-339999999999999996128486808808066248288.000000000000000 -3.4e+38 -3.4e+38 -3.4e+38 33.7501182556152 33.5453414916992 33.9677658081055 34.3148460388184 34.5924873352051 34.7268600463867 34.8512344360352 35.0501022338867 35.3685111999512 35.4510078430176 35.5869750976562 35.6373672485352 35.5261001586914 35.4187545776367 35.2921752929688 35.2577896118164 35.208179473877 35.2040023803711 35.2094917297363 35.2282562255859 35.2492904663086 35.2845878601074 35.4068565368652 35.5029678344727 35.5876960754395 35.5720634460449 35.5412330627441 35.51171875 35.4625930786133 35.4479370117188 35.4518356323242 35.4587440490723 35.4560356140137 35.3820343017578 35.2877426147461 35.2609634399414 35.2501640319824 35.1996154785156 35.223316192627 35.2497177124023 35.2362632751465 35.1405563354492 35.0329093933105
-3.4e+38 -3.4e+38 -3.4e+38 -3.4e+38 33.8521461486816 33.6346969604492 34.0220375061035 34.3632774353027 34.6888465881348 34.838996887207 34.9344024658203 35.1273040771484 35.2499122619629 35.3953399658203 35.562858581543 35.6320915222168 35.5615196228027 35.4486236572266 35.3667488098145 35.3088645935059 35.2732429504395 35.247615814209 35.2007789611816 35.2817993164062 35.3092002868652 35.384449005127 35.4858703613281 35.591136932373 35.620418548584 35.5894546508789 35.5559883117676 35.5106582641602 35.49072265625 35.4840354919434 35.4897537231445 35.4996643066406 35.5047454833984 35.4025764465332 35.3178863525391 35.2943954467773 35.2779731750488 35.214168548584 35.2457275390625 35.2621383666992 35.2509269714355 35.1099052429199 35.0265312194824
-3.4e+38 -3.4e+38 -3.4e+38 -3.4e+38 33.9836387634277 33.7196235656738 34.0094795227051 34.3416328430176 34.6849822998047 34.8909950256348 35.0290298461914 35.181079864502 35.260009765625 35.3843116760254 35.5987396240234 35.6536598205566 35.6152801513672 35.5440711975098 35.4489822387695 35.4206962585449 35.3818588256836 35.3524971008301 35.3522033691406 35.3771896362305 35.4050331115723 35.4766006469727 35.5287895202637 35.6120147705078 35.6002807617188 35.5781707763672 35.5535163879395 35.5405616760254 35.5459899902344 35.5392875671387 35.5493431091309 35.5583915710449 35.5240516662598 35.4262275695801 35.3956642150879 35.3937149047852 35.333324432373 35.2721290588379 35.282154083252 35.2957496643066 35.2799339294434 35.1433753967285 35.0545959472656
-3.4e+38 -3.4e+38 -3.4e+38 -3.4e+38 34.7860336303711 33.8553657531738 33.985294342041 34.3160171508789 34.5999412536621 34.8180656433105 35.0826644897461 35.2610168457031 35.3514747619629 35.5236320495605 35.6923713684082 35.6792182922363 35.663444519043 35.6537284851074 35.6459350585938 35.588321685791 35.5179901123047 35.4999465942383 35.4775733947754 35.4874000549316 35.5153045654297 35.5365409851074 35.5650596618652 35.6237640380859 35.6150207519531 35.5916557312012 35.5781517028809 35.5906448364258 35.6097679138184 35.6144599914551 35.6198272705078 35.616039276123 35.5621223449707 35.4864730834961 35.4689254760742 35.4678611755371 35.3929634094238 35.3121185302734 35.3105888366699 35.3095550537109 35.2974014282227 35.1731605529785 35.020881652832
-3.4e+38 -3.4e+38 -3.4e+38 -3.4e+38 34.8052597045898 34.1086883544922 33.9665489196777 34.2840194702148 34.604175567627 34.8523483276367 35.2094345092773 35.395133972168 35.5208206176758 35.6865921020508 35.7283592224121 35.708122253418 35.6801834106445 35.6763496398926 35.6849746704102 35.7037506103516 35.7037086486816 35.6727867126465 35.6347351074219 35.6144866943359 35.609790802002 35.6129417419434 35.6233367919922 35.6501808166504 35.6661338806152 35.671199798584 35.680908203125 35.6880416870117 35.6962547302246 35.6915588378906 35.6843299865723 35.6323356628418 35.566276550293 35.5414543151855 35.5009269714355 35.4681739807129 35.3956451416016 35.3137054443359 35.3037147521973 35.3062324523926 35.2986450195312 35.1793556213379 35.048168182373
-3.4e+38 -3.4e+38 -3.4e+38 -3.4e+38 34.868709564209 34.3647384643555 34.0308265686035 34.2217292785645 34.5570678710938 34.8810348510742 35.2763557434082 35.5422325134277 35.6584205627441 35.7371025085449 35.7280654907227 35.7162780761719 35.7185478210449 35.7235069274902 35.7250022888184 35.7326278686523 35.7551918029785 35.7573776245117 35.7506408691406 35.7459182739258 35.742790222168 35.7411651611328 35.7320022583008 35.7267646789551 35.7301139831543 35.7537956237793 35.7804985046387 35.7989883422852 35.7881278991699 35.7441520690918 35.6726226806641 35.600528717041 35.5720024108887 35.5706367492676 35.5303230285645 35.4828147888184 35.404914855957 35.3181228637695 35.3085708618164 35.3102836608887 35.3088874816895 35.1837615966797 35.0604400634766
-3.4e+38 -3.4e+38 -3.4e+38 -3.4e+38 -3.4e+38 34.3692436218262 34.1930618286133 34.1935501098633 34.5280075073242 34.907657623291 35.2747039794922 35.5881805419922 35.7173881530762 35.7385520935059 35.7463188171387 35.7553443908691 35.7594604492188 35.7526664733887 35.7587051391602 35.7766990661621 35.7998390197754 35.8015174865723 35.7932624816895 35.7909545898438 35.784782409668 35.7785148620605 35.7791175842285 35.7708358764648 35.7704162597656 35.7967910766602 35.8143463134766 35.7952423095703 35.7532234191895 35.7061576843262 35.6465110778809 35.6174545288086 35.6015777587891 35.5926399230957 35.5666465759277 35.5210838317871 35.4475288391113 35.3414649963379 35.3230934143066 35.3241500854492 35.2978973388672 35.1770286560059 35.0744285583496
-3.4e+38 -3.4e+38 -3.4e+38 -3.4e+38 -3.4e+38 30.6826419830322 34.2810897827148 34.2283096313477 34.5022354125977 34.9339370727539 35.2444000244141 35.609691619873 35.7012557983398 35.7479362487793 35.7886238098145 35.791576385498 35.7735023498535 35.7632064819336 35.7730293273926 35.7973442077637 35.8254852294922 35.8280868530273 35.832218170166 35.8297729492188 35.8148002624512 35.7989883422852 35.7861938476562 35.7930603027344 35.8299026489258 35.8676147460938 35.8535919189453 35.792667388916 35.7646217346191 35.7149810791016 35.6768379211426 35.6581687927246 35.6407432556152 35.6198425292969 35.6067543029785 35.5722770690918 35.5292358398438 35.4252510070801 35.361141204834 35.3621482849121 35.2944145202637 35.1765823364258 35.1150360107422
-3.4e+38 -3.4e+38 -3.4e+38 -3.4e+38 -3.4e+38 28.5085678100586 34.0312385559082 34.3029022216797 34.4926986694336 34.8549880981445 35.2630386352539 35.5979423522949 35.7023162841797 35.7461280822754 35.7956314086914 35.7869987487793 35.7670631408691 35.7846488952637 35.8094520568848 35.8448486328125 35.860954284668 35.8718948364258 35.8722190856934 35.8574638366699 35.8414077758789 35.8450660705566 35.8542137145996 35.8568305969238 35.8640022277832 35.8378562927246 35.7902603149414 35.7790985107422 35.761905670166 35.7169990539551 35.7071533203125 35.7029991149902 35.7024574279785 35.6991348266602 35.6747055053711 35.6358757019043 35.5665702819824 35.4930686950684 35.3889427185059 35.3632392883301 35.2980537414551 35.2135620117188 35.2154350280762
-3.4e+38 -3.4e+38 -3.4e+38 -3.4e+38 -3.4e+38 -3.4e+38 34.2488479614258 34.3788795471191 34.5403022766113 34.8041801452637 35.231632232666 35.5552940368652 35.7078247070312 35.763240814209 35.7928161621094 35.7690658569336 35.7789573669434 35.8255577087402 35.8696403503418 35.8888320922852 35.8914527893066 35.910530090332 35.9116706848145 35.8840103149414 35.8747901916504 35.8927154541016 35.8888626098633 35.8821411132812 35.8535041809082 35.7844657897949 35.7678565979004 35.7847213745117 35.7704811096191 35.7311553955078 35.7180786132812 35.710090637207 35.7155494689941 35.7279968261719 35.7316818237305 35.6793212890625 35.5831909179688 35.5321235656738 35.4330444335938 35.3484649658203 35.310962677002 35.294849395752 35.2926063537598
-3.4e+38 -3.4e+38 -3.4e+38 -3.4e+38 -3.4e+38 -3.4e+38 34.3796882629395 34.4507255554199 34.617603302002 34.8432273864746 35.2116088867188 35.4895820617676 35.6736755371094 35.7845916748047 35.7883415222168 35.7764205932617 35.8078346252441 35.876407623291 35.9207191467285 35.9299468994141 35.9260177612305 35.9205207824707 35.8971672058105 35.8899230957031 35.9168090820312 35.9186706542969 35.911678314209 35.8796310424805 35.8147964477539 35.7687034606934 35.7708587646484 35.8120765686035 35.7711486816406 35.7390518188477 35.7346878051758 35.7319679260254 35.7324867248535 35.7427062988281 35.7389907836914 35.7003898620605 35.6038551330566 35.5357093811035 35.4726676940918 35.3444786071777 35.3619689941406 35.3698387145996 35.3366432189941
-3.4e+38 -3.4e+38 -3.4e+38 -3.4e+38 -3.4e+38 -3.4e+38 34.483757019043 34.5312118530273 34.7358016967773 34.9289169311523 35.1794471740723 35.3951759338379 35.6052894592285 35.7858657836914 35.7909660339355 35.7977104187012 35.8273124694824 35.8903160095215 35.916618347168 35.9285926818848 35.9397087097168 35.9573097229004 35.9332122802734 35.9382591247559 35.9388008117676 35.9312362670898 35.9190864562988 35.856559753418 35.7995758056641 35.779541015625 35.7932243347168 35.8119735717773 35.7571907043457 35.7289924621582 35.729419708252 35.7182121276855 35.7221488952637 35.7395248413086 35.7352409362793 35.7146110534668 35.6365165710449 35.5551681518555 35.4941024780273 35.3814468383789 35.4193572998047 35.401668548584 35.357666015625
-3.4e+38 -3.4e+38 -3.4e+38 -3.4e+38 -3.4e+38 34.6365699768066 34.5377922058105 34.6327896118164 34.8676872253418 35.0680084228516 35.258228302002 35.3889122009277 35.5288276672363 35.7461128234863 35.7927284240723 35.8200073242188 35.8437461853027 35.8902854919434 35.9177284240723 35.9266319274902 35.963939666748 35.992244720459 35.9814834594727 35.9808044433594 35.9568634033203 35.9487991333008 35.9052314758301 35.8327751159668 35.8032493591309 35.7793273925781 35.7749061584473 35.7970237731934 35.7480010986328 35.7328720092773 35.7268600463867 35.7107353210449 35.7065200805664 35.7268714904785 35.7419700622559 35.7278022766113 35.6461448669434 35.5709228515625 35.4894638061523 35.4139289855957 35.4490051269531 35.4463424682617 35.3662986755371
-3.4e+38 -3.4e+38 -3.4e+38 -3.4e+38 34.8426666259766 34.6876792907715 34.5896873474121 34.7389106750488 35.032470703125 35.3163681030273 35.470760345459 35.4868545532227 35.4877815246582 35.6764297485352 35.7779388427734 35.8232192993164 35.8667907714844 35.8973541259766 35.9279518127441 35.9512367248535 36.0105743408203 36.0233993530273 36.0153541564941 36.0172386169434 35.9820556640625 35.9702758789062 35.9066734313965 35.8491325378418 35.8115997314453 35.7827186584473 35.7726020812988 35.7930946350098 35.730167388916 35.7142753601074 35.7384643554688 35.720027923584 35.7116088867188 35.726879119873 35.7465744018555 35.7326736450195 35.6603240966797 35.5888404846191 35.4997024536133 35.4379692077637 35.4628562927246 35.4693183898926 35.3719635009766
