Ecospace-environmental-drivers/Outputs/ASCII-for-ecospace/Sal-surf/Sal-surf_X2000.01.asc
NCOLS 131 
NROWS 53 
XLLCORNER -98 
YLLCORNER 23.9265270233154 
CELLSIZE 0.133587792515755 
NODATA_value -3.4e+38 
[rows 0 to 20 of 53, columns 47 to 93 of 131]
-3.4e+38 -3.4e+38 -3.4e+38 -3.4e+38 -3.4e+38 -3.4e+38 -3.4e+38 -3.4e+38 -3.4e+38 -3.4e+38 -3.4e+38 -3.4e+38 -3.4e+38 -3.4e+38 -3.4e+38 -3.4e+38 -3.4e+38 -3.4e+38 -3.4e+38 -3.4e+38 -3.4e+38 -3.4e+38 -3.4e+38 -3.4e+38 -3.4e+38 -3.4e+38 -3.4e+38 -3.4e+38 -3.4e+38 -3.4e+38 -3.4e+38 -3.4e+38 -3.4e+38 -3.4e+38 -3.4e+38 -3.4e+38 -3.4e+38 -3.4e+38 -3.4e+38 -3.4e+38 -3.4e+38 -3.4e+38 -3.4e+38 -3.4e+38 -3.4e+38 -3.4e+38 -3.4e+38
-3.4e+38 -3.4e+38 -3.4e+38 -3.4e+38 -3.4e+38 -3.4e+38 -3.4e+38 -3.4e+38 -3.4e+38 -3.4e+38 -3.4e+38 -3.4e+38 -3.4e+38 -3.4e+38 -3.4e+38 -3.4e+38 -3.4e+38 -3.4e+38 -3.4e+38 -3.4e+38 -3.4e+38 -3.4e+38 -3.4e+38 -3.4e+38 -3.4e+38 -3.4e+38 -3.4e+38 -3.4e+38 -3.4e+38 -3.4e+38 -3.4e+38 -3.4e+38 -3.4e+38 -3.4e+38 -3.4e+38 -3.4e+38 -3.4e+38 -3.4e+38 -3.4e+38 -3.4e+38 -3.4e+38 -3.4e+38 -3.4e+38 -3.4e+38 -3.4e+38 -3.4e+38 -3.4e+38
-3.4e+38 -3.4e+38 -3.4e+38 -3.4e+38 -3.4e+38 -3.4e+38 -3.4e+38 -3.4e+38 -3.4e+38 -3.4e+38 -3.4e+38 -3.4e+38 -3.4e+38 -3.4e+38 -3.4e+38 -3.4e+38 -3.4e+38 -3.4e+38 -3.4e+38 -3.4e+38 -3.4e+38 -3.4e+38 -3.4e+38 -3.4e+38 -3.4e+38 -3.4e+38 -3.4e+38 1.14492380619049 1.14882171154022 -3.4e+38 -3.4e+38 -3.4e+38 -3.4e+38 -3.4e+38 -3.4e+38 -3.4e+38 -3.4e+38 -3.4e+38 -3.4e+38 -3.4e+38 -3.4e+38 -3.4e+38 -3.4e+38 -3.4e+38 -3.4e+38 -3.4e+38 -3.4e+38
-3.4e+38 -3.4e+38 -3.4e+38 -3.4e+38 -3.4e+38 -3.4e+38 -3.4e+38 -3.4e+38 -3.4e+38 -3.4e+38 -3.4e+38 -3.4e+38 -3.4e+38 -3.4e+38 -3.4e+38 -3.4e+38 -3.4e+38 -3.4e+38 -3.4e+38 -3.4e+38 -3.4e+38 -3.4e+38 -3.4e+38 -3.4e+38 -3.4e+38 -3.4e+38 -3.4e+38 9.04350662231445 9.45349502563477 -3.4e+38 -3.4e+38 -3.4e+38 -3.4e+38 -3.4e+38 -3.4e+38 -3.4e+38 -3.4e+38 -3.4e+38 -3.4e+38 -3.4e+38 -3.4e+38 -3.4e+38 -3.4e+38 -3.4e+38 -3.4e+38 -3.4e+38 -3.4e+38
-3.4e+38 -3.4e+38 -3.4e+38 -3.4e+38 -3.4e+38 -3.4e+38 -3.4e+38 -3.4e+38 -3.4e+38 19.7984294891357 19.7984294891357 19.772180557251 18.1457481384277 -3.4e+38 -3.4e+38 -3.4e+38 -3.4e+38 -3.4e+38 32.0841407775879 32.5038642883301 30.3490867614746 26.237211227417 18.8680267333984 14.6764488220215 22.0106143951416 26.8851909637451 29.5054512023926 24.4201393127441 27.1869354248047 32.642448425293 -3.4e+38 -3.4e+38 35.114070892334 34.337516784668 32.3604354858398 34.9706573486328 35.3018989562988 35.4616584777832 35.5633087158203 35.6276931762695 35.657787322998 35.676342010498 -3.4e+38 -3.4e+38 -3.4e+38 -3.4e+38 -3.4e+38
-3.4e+38 -3.4e+38 -3.4e+38 -3.4e+38 -3.4e+38 -3.4e+38 -3.4e+38 -3.4e+38 19.7984294891357 19.7984294891357 19.7984294891357 19.7984294891357 19.7459335327148 18.1321563720703 14.906476020813 -3.4e+38 22.2665824890137 29.993371963501 32.2619895935059 33.577335357666 33.4473609924316 32.1013488769531 25.8891906738281 24.9619140625 27.2251319885254 30.6775341033936 31.4858112335205 32.9821510314941 33.5141792297363 33.1784210205078 35.3486633300781 35.2418365478516 35.0974807739258 35.0028991699219 34.8892555236816 35.4988021850586 35.6667976379395 35.7097053527832 35.7372627258301 35.7569427490234 35.7524147033691 35.6823348999023 35.6128311157227 35.5731620788574 -3.4e+38 -3.4e+38 -3.4e+38
-3.4e+38 -3.4e+38 -3.4e+38 -3.4e+38 -3.4e+38 -3.4e+38 -3.4e+38 -3.4e+38 19.998685836792 19.7984294891357 19.7984294891357 19.7984294891357 19.7984294891357 19.6934356689453 18.1302852630615 14.906476020813 16.3382015228271 27.8282814025879 33.1387176513672 34.7483139038086 34.9815101623535 34.9995727539062 34.9341278076172 34.9314575195312 34.925121307373 34.9759178161621 34.9425735473633 35.0113830566406 35.1923332214355 35.3252143859863 35.4776039123535 35.6148796081543 35.6917419433594 35.7427406311035 35.8324699401855 35.9015426635742 35.9376220703125 35.9424095153809 35.9381637573242 35.9504051208496 35.9501838684082 35.9182586669922 35.7810745239258 35.610107421875 35.4779777526855 35.4113807678223 -3.4e+38
-3.4e+38 -3.4e+38 -3.4e+38 -3.4e+38 -3.4e+38 -3.4e+38 -3.4e+38 -3.4e+38 -3.4e+38 -3.4e+38 19.7984294891357 19.7984294891357 19.7984294891357 -3.4e+38 19.5884437561035 18.2277946472168 17.946310043335 24.1504364013672 31.969310760498 34.2295227050781 34.6762504577637 34.8479309082031 35.0607109069824 35.2579612731934 35.3360900878906 35.3586463928223 35.3515701293945 35.380989074707 35.4472885131836 35.5111694335938 35.6033592224121 35.7144775390625 35.7733535766602 35.8196449279785 35.8846702575684 35.9682006835938 36.0421752929688 36.0460548400879 36.0131492614746 36.0005836486816 36.0018272399902 35.9935455322266 35.9447174072266 35.8172950744629 35.6097831726074 35.3760871887207 35.1816749572754
-3.4e+38 -3.4e+38 -3.4e+38 -3.4e+38 -3.4e+38 -3.4e+38 -3.4e+38 -3.4e+38 -3.4e+38 -3.4e+38 -3.4e+38 -3.4e+38 -3.4e+38 -3.4e+38 19.6740455627441 19.7915744781494 23.812816619873 23.2708511352539 30.2058601379395 32.958080291748 33.9654655456543 34.5448265075684 34.895824432373 35.2640075683594 35.3048973083496 35.2401809692383 35.241081237793 35.3902587890625 35.4771041870117 35.5218048095703 35.5801162719727 35.6697654724121 35.7887077331543 35.9037895202637 36.0232048034668 36.106990814209 36.1415786743164 36.108959197998 36.085132598877 36.050853729248 36.0330848693848 36.0201301574707 35.9953384399414 35.9322662353516 35.8179473876953 35.5380020141602 35.1313667297363
26.6458072662354 -3.4e+38 -3.4e+38 -3.4e+38 -3.4e+38 -3.4e+38 -3.4e+38 -3.4e+38 -3.4e+38 -3.4e+38 27.7891387939453 25.2053413391113 -3.4e+38 -3.4e+38 -3.4e+38 27.5829124450684 31.9519844055176 31.3507671356201 31.8523101806641 33.3093452453613 34.1132926940918 34.4345207214355 34.721118927002 35.0884094238281 35.0512313842773 34.9498901367188 34.9959144592285 35.1245651245117 35.3430862426758 35.4641571044922 35.591121673584 35.723274230957 35.8719825744629 36.0254325866699 36.0814971923828 36.1454696655273 36.1726303100586 36.1706809997559 36.1183776855469 36.0787658691406 36.0559501647949 36.0441856384277 36.0095520019531 35.9593200683594 35.8796806335449 35.6656608581543 35.1500282287598
23.1271896362305 16.1779022216797 -3.4e+38 -3.4e+38 -3.4e+38 -3.4e+38 -3.4e+38 -3.4e+38 -3.4e+38 -3.4e+38 31.4246063232422 31.0334186553955 30.6122512817383 -3.4e+38 -3.4e+38 33.357536315918 33.1394233703613 32.881160736084 33.6243324279785 34.1900024414062 34.3210105895996 34.2887725830078 34.536693572998 34.7924652099609 34.6650123596191 34.8029556274414 34.9773864746094 35.0014114379883 35.2334289550781 35.491325378418 35.6431694030762 35.8115348815918 35.9827842712402 36.0397758483887 36.0929565429688 36.1524848937988 36.1444358825684 36.1696891784668 36.157054901123 36.0928001403809 36.0722198486328 36.0472717285156 36.012580871582 35.9608840942383 35.8997268676758 35.7547187805176 35.395824432373
21.897762298584 11.4220523834229 1.12717175483704 8.45526313781738 -3.4e+38 -3.4e+38 -3.4e+38 -3.4e+38 -3.4e+38 -3.4e+38 -3.4e+38 31.2276611328125 30.7396640777588 30.6122512817383 31.3213806152344 32.6410865783691 33.5681610107422 33.6476211547852 34.061279296875 34.0050506591797 34.0645523071289 34.204231262207 34.2637939453125 34.2496147155762 34.589241027832 34.8090362548828 34.9348640441895 35.0870895385742 35.3040084838867 35.5247802734375 35.6649475097656 35.8472938537598 35.9907569885254 36.0458831787109 36.1180114746094 36.1123466491699 36.1151885986328 36.1608657836914 36.1957969665527 36.1365623474121 36.0870704650879 36.0628433227539 36.0270729064941 35.9779815673828 35.9379844665527 35.8587188720703 35.6307792663574
27.3798656463623 22.3969230651855 13.6762466430664 10.5623722076416 -3.4e+38 -3.4e+38 -3.4e+38 -3.4e+38 31.3679580688477 31.4431190490723 31.6650848388672 31.4512157440186 30.7902355194092 30.8165054321289 30.4992294311523 29.7245101928711 29.0333862304688 33.8081092834473 33.8433609008789 33.3874702453613 33.585636138916 33.6135292053223 33.7265663146973 34.4798927307129 34.7314453125 34.8120346069336 34.9311447143555 35.2051811218262 35.4879493713379 35.669921875 35.8377151489258 35.9819030761719 36.0379447937012 36.0891036987305 36.1404037475586 36.155632019043 36.1625823974609 36.1914367675781 36.2278099060059 36.2251434326172 36.1613807678223 36.1053009033203 36.0582389831543 36.0073013305664 35.9765090942383 35.9555931091309 35.9163093566895
30.1208477020264 29.4394435882568 26.8118534088135 23.152515411377 24.4566497802734 27.8530387878418 30.3013038635254 31.2381286621094 31.5647277832031 31.8211994171143 31.8413333892822 31.5707378387451 31.3886890411377 31.6983680725098 31.432445526123 29.0522117614746 24.0705032348633 20.0537052154541 22.3302726745605 26.2048950195312 30.0523929595947 32.7596893310547 33.614185333252 34.6287689208984 34.8945922851562 35.0496025085449 35.1954612731934 35.5440254211426 35.7939529418945 35.9002342224121 35.9588165283203 36.0241775512695 36.0799713134766 36.120662689209 36.1727180480957 36.2114295959473 36.2200355529785 36.2304267883301 36.2400436401367 36.254753112793 36.2382431030273 36.1876258850098 36.1191596984863 36.0479888916016 36.0105628967285 36.0033302307129 36.0024108886719
31.2836666107178 30.9229030609131 30.2493114471436 29.6174297332764 29.6362552642822 30.5381278991699 31.2408962249756 31.877571105957 32.1572494506836 32.169490814209 32.0877113342285 32.1254615783691 32.714958190918 33.2350769042969 33.3003997802734 32.1116828918457 27.424919128418 11.2593908309937 9.45237445831299 14.507495880127 28.605541229248 32.8473358154297 34.0288276672363 34.9319534301758 35.289379119873 35.373950958252 35.5715980529785 35.8427429199219 35.9362716674805 35.9512100219727 36.0124206542969 36.0144577026367 36.0763053894043 36.1336402893066 36.1734924316406 36.1816596984863 36.2161712646484 36.2290802001953 36.2281303405762 36.2375144958496 36.2496337890625 36.2367362976074 36.1977500915527 36.1363639831543 36.0658187866211 36.0218048095703 36.0126533508301
32.2371826171875 31.8909378051758 31.4396266937256 31.4035034179688 31.6618309020996 31.9102668762207 32.0819320678711 32.4494934082031 32.7877540588379 33.0169258117676 33.2507705688477 33.5663070678711 33.9052543640137 34.057258605957 34.0827445983887 33.2751312255859 31.2161064147949 22.7650203704834 26.6959476470947 29.6651515960693 32.8816757202148 34.364086151123 35.1720275878906 35.6363067626953 35.7057838439941 35.711669921875 35.7974395751953 36.0047035217285 36.033863067627 36.0302619934082 36.0560264587402 36.0459175109863 36.0497398376465 36.1026992797852 36.13134765625 36.1425132751465 36.1658515930176 36.1947822570801 36.2143936157227 36.227653503418 36.2367935180664 36.2484092712402 36.2374305725098 36.1952247619629 36.1334686279297 36.0820503234863 36.0471801757812
33.3083686828613 32.9388961791992 32.528938293457 32.3511161804199 32.4522171020508 32.6259918212891 32.8251609802246 33.0970001220703 33.4543075561523 33.8041458129883 34.0853080749512 34.3795623779297 34.6497077941895 34.8862838745117 34.9781494140625 34.5984573364258 33.9285697937012 33.8412017822266 34.5051307678223 34.8725776672363 35.2930603027344 35.8030738830566 36.06396484375 36.100944519043 35.9375076293945 35.9453620910645 35.9689254760742 36.0909576416016 36.1198348999023 36.1252708435059 36.1043357849121 36.1050567626953 36.0986557006836 36.0792503356934 36.0791282653809 36.098560333252 36.1219787597656 36.1723518371582 36.201732635498 36.2127380371094 36.2154922485352 36.2248115539551 36.2317771911621 36.2218055725098 36.1896820068359 36.1452102661133 36.0911293029785
34.2456932067871 33.978515625 33.609790802002 33.2614479064941 33.1834030151367 33.3109474182129 33.4989891052246 33.6624908447266 33.8424911499023 34.1221656799316 34.4088821411133 34.7517471313477 35.0730743408203 35.3539695739746 35.5133018493652 35.5401954650879 35.4474258422852 35.666561126709 35.8903121948242 36.0523986816406 36.1327476501465 36.1784553527832 36.1824378967285 36.0907745361328 35.9325256347656 36.0059089660645 36.0670204162598 36.1470069885254 36.1700286865234 36.1812896728516 36.1839714050293 36.1615333557129 36.1483116149902 36.1492767333984 36.1449127197266 36.1410369873047 36.1525459289551 36.1810836791992 36.1984634399414 36.2034149169922 36.2007026672363 36.1742515563965 36.1630172729492 36.1736297607422 36.1904602050781 36.173828125 36.1397895812988
34.8857269287109 34.8152618408203 34.6449890136719 34.4199485778809 34.2531661987305 34.2060890197754 34.2333450317383 34.2826461791992 34.3039627075195 34.4853439331055 34.7341384887695 35.0081977844238 35.3007164001465 35.5606307983398 35.6436996459961 35.688835144043 35.7567825317383 35.9079284667969 36.0762023925781 36.16162109375 36.1941680908203 36.2148551940918 36.1723175048828 36.0209846496582 35.9280242919922 36.0096817016602 36.107551574707 36.1738204956055 36.2018852233887 36.2096977233887 36.2172012329102 36.2021751403809 36.1856002807617 36.1896324157715 36.1955986022949 36.1957397460938 36.1961212158203 36.197509765625 36.1983528137207 36.1906204223633 36.1825561523438 36.1828269958496 36.1726188659668 36.1783409118652 36.1791610717773 36.179874420166 36.1528053283691
35.3070526123047 35.3167724609375 35.2946434020996 35.2002449035645 35.0731010437012 34.9537620544434 34.8604965209961 34.8049736022949 34.7556571960449 34.7583770751953 34.902530670166 35.1299819946289 35.3767547607422 35.5657806396484 35.6158599853516 35.6727752685547 35.7897415161133 36.0267906188965 36.1837730407715 36.2108688354492 36.2259292602539 36.2261390686035 36.1400909423828 35.9937171936035 35.9671211242676 36.0529327392578 36.1882667541504 36.2189254760742 36.2265663146973 36.2431335449219 36.2544364929199 36.2576370239258 36.2515678405762 36.2238655090332 36.2098159790039 36.201976776123 36.2055130004883 36.2086448669434 36.1926651000977 36.1610069274902 36.1693649291992 36.1959495544434 36.2066230773926 36.2170753479004 36.2055625915527 36.2018013000488 36.18701171875
35.6951484680176 35.7066078186035 35.6966972351074 35.6577110290527 35.5990791320801 35.5260810852051 35.4623107910156 35.418342590332 35.3763008117676 35.2863159179688 35.2668838500977 35.3748207092285 35.4941520690918 35.5937919616699 35.6733856201172 35.7933006286621 35.9902839660645 36.189697265625 36.2207565307617 36.2191772460938 36.2215843200684 36.2070236206055 36.1236839294434 36.0396575927734 36.079460144043 36.1693725585938 36.2100067138672 36.2391586303711 36.2337989807129 36.2447319030762 36.2710227966309 36.2678527832031 36.2552108764648 36.2475738525391 36.2260208129883 36.213996887207 36.213249206543 36.2113914489746 36.1865386962891 36.1708526611328 36.2093620300293 36.2322616577148 36.245548248291 36.2527961730957 36.2584495544434 36.2385292053223 36.2175788879395
