Ecospace-environmental-drivers/Outputs/ASCII-for-ecospace/Sal-surf/Sal-surf_X2009.10.asc
NCOLS 131 
NROWS 53 
XLLCORNER -98 
YLLCORNER 23.9265270233154 
CELLSIZE 0.133587792515755 
NODATA_value -3.4e+38 
[rows 21 to 41 of 53, columns 0 to 46 of 131]
-3.4e+38 -3.4e+38 -3.4e+38 -3.4e+38 -3.4e+38 -3.4e+38 34.5416984558105 34.5613746643066 34.4758338928223 34.2375717163086 34.4186019897461 34.526237487793 34.5452194213867 34.5194473266602 34.4951248168945 34.470386505127 34.4595527648926 34.4846649169922 34.5635223388672 34.669864654541 34.7678146362305 34.8347129821777 34.8634338378906 34.8562850952148 34.8990249633789 34.9752426147461 35.0237426757812 35.0542907714844 35.0837135314941 35.1367149353027 35.1882972717285 35.2369804382324 35.2855796813965 35.3285293579102 35.3676223754883 35.3827514648438 35.3869361877441 35.378719329834 35.3639335632324 35.353515625 35.3427200317383 35.326114654541 35.3051605224609 35.2898902893066 35.2844657897949 35.2699241638184 35.2266159057617
-3.4e+38 -3.4e+38 -3.4e+38 -3.4e+38 -3.4e+38 -3.4e+38 34.4814414978027 34.582275390625 34.5613746643066 34.6285552978516 34.6425437927246 34.6471900939941 34.683162689209 34.7331466674805 34.7862586975098 34.7656707763672 34.7090377807617 34.731803894043 34.8830184936523 35.0532989501953 35.1618423461914 35.1986274719238 35.1680603027344 35.050895690918 34.9518280029297 34.9599800109863 35.0029945373535 35.0282020568848 35.0684013366699 35.1443099975586 35.2302894592285 35.3180656433105 35.3622360229492 35.3752708435059 35.3665924072266 35.3509788513184 35.3413772583008 35.3355026245117 35.3164291381836 35.2867431640625 35.2577171325684 35.2257614135742 35.1842460632324 35.1607322692871 35.1481742858887 35.1372566223145 35.1144065856934
-3.4e+38 -3.4e+38 -3.4e+38 -3.4e+38 34.4883117675781 34.2621841430664 34.477237701416 34.4814414978027 34.7040100097656 34.7637519836426 34.767333984375 34.850040435791 35.0103416442871 35.2077407836914 35.2727127075195 35.2171936035156 35.1072044372559 35.0427780151367 35.0898513793945 35.2158355712891 35.3100776672363 35.365291595459 35.379337310791 35.262752532959 35.0709266662598 35.0520362854004 35.0694160461426 35.1581077575684 35.2753219604492 35.3686714172363 35.4030113220215 35.4040908813477 35.3928833007812 35.3779830932617 35.3522338867188 35.3077239990234 35.2737846374512 35.2442169189453 35.2086143493652 35.1577186584473 35.1236190795898 35.0985832214355 35.0622596740723 35.0309829711914 34.9977645874023 34.9746017456055 34.9804000854492
-3.4e+38 -3.4e+38 -3.4e+38 -3.4e+38 34.6616020202637 34.5411491394043 34.2621841430664 34.6880874633789 34.8405952453613 34.8665161132812 34.9473915100098 35.1351280212402 35.3631134033203 35.5163726806641 35.6127815246582 35.6250305175781 35.563404083252 35.4411926269531 35.3622245788574 35.4008750915527 35.4640045166016 35.5035743713379 35.5098114013672 35.3786010742188 35.172981262207 35.1179161071777 35.2146873474121 35.3501968383789 35.4100952148438 35.4147720336914 35.4088096618652 35.4010124206543 35.3834114074707 35.3552284240723 35.3136253356934 35.2569732666016 35.2238578796387 35.208740234375 35.1729393005371 35.1139717102051 35.0565643310547 35.0136528015137 34.993034362793 34.9877967834473 34.9920501708984 34.9602851867676 34.91259765625
-3.4e+38 -3.4e+38 -3.4e+38 -3.4e+38 -3.4e+38 34.6616020202637 34.6996574401855 34.8994789123535 34.9359664916992 34.9832611083984 35.1676979064941 35.4416809082031 35.7015533447266 35.7936172485352 35.8311996459961 35.8501930236816 35.8495826721191 35.8149833679199 35.7313995361328 35.6228256225586 35.5246925354004 35.5134544372559 35.550895690918 35.4793167114258 35.3630790710449 35.2885093688965 35.3604545593262 35.4072799682617 35.4212303161621 35.4299011230469 35.4236030578613 35.4020233154297 35.3610191345215 35.3209419250488 35.2722396850586 35.2501373291016 35.2562370300293 35.2103805541992 35.124397277832 35.065242767334 35.0264434814453 34.9982833862305 34.9704666137695 34.9569778442383 34.9540023803711 34.9244995117188 34.8557052612305
-3.4e+38 -3.4e+38 -3.4e+38 -3.4e+38 -3.4e+38 34.8372802734375 34.9262466430664 34.9911003112793 35.0231819152832 35.1473083496094 35.4753379821777 35.7987747192383 35.9173278808594 35.8987159729004 35.8657035827637 35.8483352661133 35.8694725036621 35.8789749145508 35.8582458496094 35.7669715881348 35.6235580444336 35.536491394043 35.5769119262695 35.4923934936523 35.4296112060547 35.372932434082 35.4052505493164 35.4339637756348 35.4480628967285 35.4212074279785 35.3951148986816 35.3773384094238 35.3574333190918 35.32763671875 35.2835731506348 35.2810020446777 35.2608909606934 35.1829566955566 35.098949432373 35.0663795471191 35.0312957763672 34.9809150695801 34.9430351257324 34.9075965881348 34.8775939941406 34.8408241271973 34.7999000549316
-3.4e+38 -3.4e+38 34.8073234558105 34.8040771484375 34.8486747741699 34.888542175293 35.017650604248 35.062801361084 35.1597557067871 35.3665924072266 35.6825790405273 35.9109764099121 35.9338607788086 35.9031562805176 35.8552894592285 35.8539505004883 35.9279861450195 35.9700088500977 35.9472618103027 35.8373184204102 35.6967430114746 35.5752944946289 35.5609397888184 35.4865303039551 35.4211235046387 35.4138603210449 35.4820442199707 35.519832611084 35.4979858398438 35.4518356323242 35.407154083252 35.3831825256348 35.3747253417969 35.3616371154785 35.3279418945312 35.3036308288574 35.2590446472168 35.1742057800293 35.1138687133789 35.0900764465332 35.0708656311035 35.0380897521973 34.996997833252 34.9654808044434 34.9167022705078 34.9139251708984 34.9363288879395
-339999999999999996128486808808066248288.000000000000000 -3.4e+38 -3.4e+38 -3.4e+38 34.8008270263672 34.9093933105469 35.0722007751465 35.1194610595703 35.2805290222168 35.5242729187012 35.7761383056641 35.8785667419434 35.9231033325195 35.8955993652344 35.8243255615234 35.8843421936035 35.9696998596191 36.012149810791 36.011474609375 35.9267883300781 35.77685546875 35.6034240722656 35.526538848877 35.4457092285156 35.4245986938477 35.487491607666 35.5613822937012 35.5319976806641 35.5135536193848 35.473762512207 35.4466896057129 35.391902923584 35.3544998168945 35.3564758300781 35.3259658813477 35.2893829345703 35.2439384460449 35.1735038757324 35.1405830383301 35.1239547729492 35.1066246032715 35.0674247741699 35.0287094116211 34.9962387084961 35.0101432800293 35.0358352661133 35.0198402404785
-3.4e+38 -3.4e+38 -3.4e+38 -3.4e+38 34.7751159667969 34.9283561706543 35.1055374145508 35.1723823547363 35.3515701293945 35.5842170715332 35.7830619812012 35.840259552002 35.8278999328613 35.7900238037109 35.7953758239746 35.9199562072754 35.9778366088867 35.9983253479004 35.9934310913086 35.9817733764648 35.8573875427246 35.6500396728516 35.5044174194336 35.4173927307129 35.4447441101074 35.5550880432129 35.5487785339355 35.5370864868164 35.5704193115234 35.5579605102539 35.5219306945801 35.4862327575684 35.417366027832 35.3516845703125 35.3001022338867 35.2656288146973 35.2085418701172 35.1781578063965 35.1561279296875 35.1113243103027 35.0668792724609 35.0236473083496 35.0071487426758 35.0164489746094 35.0445518493652 35.0538558959961 35.0998992919922
-3.4e+38 -3.4e+38 -3.4e+38 -3.4e+38 34.7585792541504 34.9014549255371 35.1057052612305 35.1869163513184 35.3629417419434 35.5515174865723 35.7150688171387 35.719669342041 35.6894073486328 35.7585144042969 35.8344192504883 35.9475173950195 35.9849624633789 35.974536895752 35.953685760498 35.9680786132812 35.9007911682129 35.7153472900391 35.5129814147949 35.4368553161621 35.4811973571777 35.5817337036133 35.5621643066406 35.5896453857422 35.612922668457 35.6130867004395 35.5875511169434 35.5612487792969 35.5190887451172 35.4308929443359 35.3427963256836 35.257869720459 35.2062644958496 35.1761665344238 35.133430480957 35.091609954834 35.0619354248047 35.044849395752 35.0546340942383 35.0912704467773 35.1111373901367 35.1540641784668 35.1904067993164
-3.4e+38 -3.4e+38 -3.4e+38 -3.4e+38 34.6703147888184 34.851146697998 35.0951156616211 35.1693153381348 35.3007431030273 35.4939575195312 35.616455078125 35.6367301940918 35.6654357910156 35.7824974060059 35.875560760498 35.9731369018555 35.996753692627 35.9712562561035 35.9453926086426 35.9509887695312 35.9166069030762 35.7616653442383 35.5512008666992 35.4886512756348 35.5266456604004 35.6132392883301 35.6043128967285 35.5848999023438 35.5769653320312 35.6078186035156 35.6016273498535 35.5925941467285 35.5465431213379 35.5107345581055 35.3983192443848 35.3227996826172 35.2319755554199 35.1703796386719 35.1432991027832 35.1444854736328 35.1452178955078 35.1447334289551 35.171028137207 35.2005462646484 35.2441253662109 35.2833061218262 35.300422668457
-3.4e+38 -3.4e+38 -3.4e+38 -3.4e+38 34.6695175170898 34.8253860473633 35.0819206237793 35.1544342041016 35.249095916748 35.4202575683594 35.5295944213867 35.6146087646484 35.7028198242188 35.7699203491211 35.8903388977051 35.9522476196289 35.9879913330078 36.0018463134766 35.9930648803711 35.9698867797852 35.9216499328613 35.8099594116211 35.6068077087402 35.5232467651367 35.5747032165527 35.6591606140137 35.6305847167969 35.5764808654785 35.550121307373 35.5703887939453 35.5747299194336 35.6065673828125 35.6042022705078 35.5520668029785 35.493522644043 35.3733024597168 35.3058815002441 35.2257423400879 35.2012901306152 35.2216415405273 35.2351188659668 35.2429618835449 35.2837944030762 35.3269348144531 35.3717155456543 35.3873901367188 35.3761901855469
-3.4e+38 -3.4e+38 -3.4e+38 -3.4e+38 34.6317291259766 34.7813186645508 35.0532569885254 35.158073425293 35.2345848083496 35.3576583862305 35.466926574707 35.5564422607422 35.6493034362793 35.7713088989258 35.8936958312988 35.9836387634277 36.0853004455566 36.0718536376953 36.0029830932617 35.9728507995605 35.9097366333008 35.8193588256836 35.6675033569336 35.5498313903809 35.6068229675293 35.6660461425781 35.6503105163574 35.6081390380859 35.5725021362305 35.5566902160645 35.5611610412598 35.5838775634766 35.6243057250977 35.6275978088379 35.6002235412598 35.5326538085938 35.4046516418457 35.3443870544434 35.3200721740723 35.3040733337402 35.3062629699707 35.3042221069336 35.3301162719727 35.37890625 35.4229011535645 35.4273300170898 35.4057273864746
-3.4e+38 -3.4e+38 -3.4e+38 -3.4e+38 -3.4e+38 34.7398147583008 34.9868545532227 35.196605682373 35.2586326599121 35.3480415344238 35.4070930480957 35.5308952331543 35.6707305908203 35.822021484375 35.9763603210449 36.1283531188965 36.163875579834 36.0893287658691 35.9879150390625 35.956356048584 35.9035873413086 35.815315246582 35.7058944702148 35.5752105712891 35.6302909851074 35.6657791137695 35.6558570861816 35.6425437927246 35.6214256286621 35.5970878601074 35.5895118713379 35.6175308227539 35.6478614807129 35.6920890808105 35.723258972168 35.7193183898926 35.6431655883789 35.4897613525391 35.4233741760254 35.4214248657227 35.3972969055176 35.366024017334 35.3401260375977 35.349063873291 35.3842124938965 35.4153060913086 35.4273681640625
-3.4e+38 -3.4e+38 -3.4e+38 -3.4e+38 -3.4e+38 29.2181301116943 34.8931274414062 35.2616500854492 35.3369903564453 35.4105339050293 35.4332809448242 35.5541534423828 35.7219772338867 35.9676628112793 36.1374015808105 36.201057434082 36.1875991821289 36.1069450378418 35.9900588989258 35.9437408447266 35.9079933166504 35.8141822814941 35.7243995666504 35.6051063537598 35.6303253173828 35.6749649047852 35.660961151123 35.6679039001465 35.673755645752 35.6642990112305 35.6680908203125 35.6944236755371 35.7185935974121 35.7711982727051 35.8482856750488 35.8979797363281 35.895378112793 35.8222732543945 35.6618995666504 35.5217247009277 35.4909439086914 35.4887161254883 35.449089050293 35.393684387207 35.3644752502441 35.3622398376465 35.3810806274414
-3.4e+38 -3.4e+38 -3.4e+38 -3.4e+38 -3.4e+38 29.2447185516357 35.0013084411621 35.3363265991211 35.4304733276367 35.4843521118164 35.5294647216797 35.6679496765137 35.9319190979004 36.1240730285645 36.2138519287109 36.2321662902832 36.2005882263184 36.135929107666 36.0181579589844 35.9337158203125 35.9194107055664 35.8334007263184 35.7503280639648 35.6368179321289 35.61962890625 35.668285369873 35.6704444885254 35.6751174926758 35.7009010314941 35.7105751037598 35.7141036987305 35.7474479675293 35.7942924499512 35.8808326721191 35.9500503540039 35.9617156982422 35.9499397277832 35.9313697814941 35.8887100219727 35.7943878173828 35.6711769104004 35.5773391723633 35.5255889892578 35.4865303039551 35.4386787414551 35.4005889892578 35.3899726867676
-3.4e+38 -3.4e+38 -3.4e+38 -3.4e+38 -3.4e+38 -3.4e+38 35.2963027954102 35.4254837036133 35.5124969482422 35.5676536560059 35.6643333435059 35.8811378479004 36.118896484375 36.2180709838867 36.2616653442383 36.2421417236328 36.1976585388184 36.1485977172852 36.0540771484375 35.9329948425293 35.9178199768066 35.8588333129883 35.7702369689941 35.6667137145996 35.6154174804688 35.6566429138184 35.6702423095703 35.6879959106445 35.7104377746582 35.7332420349121 35.7599487304688 35.8180618286133 35.886547088623 35.9387397766113 35.9559593200684 35.9606246948242 35.9631843566895 35.9605255126953 35.9530868530273 35.935245513916 35.8895416259766 35.8158683776855 35.7217597961426 35.6310577392578 35.5619354248047 35.5024909973145 35.4679870605469
-3.4e+38 -3.4e+38 -3.4e+38 -3.4e+38 -3.4e+38 -3.4e+38 35.4707450866699 35.5258941650391 35.5874900817871 35.6583709716797 35.8331031799316 36.076717376709 36.2004737854004 36.2728271484375 36.2788314819336 36.2327423095703 36.166072845459 36.1144332885742 36.0673370361328 35.9492797851562 35.9046401977539 35.876033782959 35.8027153015137 35.7002220153809 35.6260681152344 35.640552520752 35.6613540649414 35.6818466186523 35.7144050598145 35.7701988220215 35.8459968566895 35.8858184814453 35.8883171081543 35.924617767334 35.9755249023438 36.0059928894043 36.0133323669434 36.0049057006836 35.9944534301758 35.9809608459473 35.973876953125 35.9654083251953 35.9395751953125 35.9025077819824 35.8454132080078 35.77001953125 35.6894187927246
-3.4e+38 -3.4e+38 -3.4e+38 -3.4e+38 -3.4e+38 -3.4e+38 35.6107864379883 35.6108741760254 35.679744720459 35.8045997619629 36.0106353759766 36.1782531738281 36.2561492919922 36.2993698120117 36.2723655700684 36.2077102661133 36.132137298584 36.079029083252 36.0555725097656 35.959774017334 35.9028587341309 35.8837966918945 35.8304023742676 35.7465667724609 35.6603622436523 35.6486434936523 35.6669769287109 35.708740234375 35.7579612731934 35.8118057250977 35.8425979614258 35.8449935913086 35.8985824584961 35.9898796081543 36.0372085571289 36.0326080322266 36.0170783996582 35.997486114502 35.9868278503418 35.988899230957 35.9897766113281 35.9901847839355 35.9970397949219 35.9931907653809 35.9744720458984 35.9409561157227 35.8931159973145
-3.4e+38 -3.4e+38 -3.4e+38 -3.4e+38 -3.4e+38 35.8339881896973 35.6974792480469 35.698543548584 35.8007507324219 35.9440498352051 36.1397094726562 36.2375030517578 36.3028335571289 36.3005218505859 36.2585945129395 36.1878852844238 36.1197624206543 36.0659675598145 36.0442581176758 35.9575004577637 35.9050521850586 35.8832359313965 35.853515625 35.7950325012207 35.725269317627 35.6840438842773 35.7125816345215 35.7626953125 35.8059921264648 35.8255882263184 35.8311576843262 35.8857879638672 35.9876937866211 36.055103302002 36.0441970825195 36.0379409790039 36.0292434692383 36.0240821838379 36.0213165283203 36.0150108337402 36.0086135864258 35.9965209960938 35.9834861755371 35.9725341796875 35.9614486694336 35.9479827880859 35.9249305725098
-3.4e+38 -3.4e+38 -3.4e+38 -3.4e+38 36.151294708252 35.9419403076172 35.7556304931641 35.7954902648926 35.8980903625488 36.0869064331055 36.2152481079102 36.294864654541 36.3159446716309 36.287223815918 36.2469291687012 36.1828956604004 36.1212043762207 36.0668601989746 36.0328025817871 35.9586791992188 35.9014854431152 35.8844947814941 35.8672485351562 35.8489036560059 35.7996444702148 35.7764892578125 35.7658729553223 35.8007469177246 35.8279647827148 35.8338012695312 35.880786895752 35.976978302002 36.0527229309082 36.0585441589355 36.0592308044434 36.0604209899902 36.052661895752 36.0549430847168 36.0530395507812 36.0403900146484 36.0315704345703 36.0050086975098 35.9839363098145 35.9813346862793 35.9748458862305 35.9600486755371 35.9473114013672
