Ecospace-environmental-drivers/Outputs/ASCII-for-ecospace/Sal-surf/Sal-surf_X2015.06.asc
NCOLS 131 
NROWS 53 
XLLCORNER -98 
YLLCORNER 23.9265270233154 
CELLSIZE 0.133587792515755 
NODATA_value -3.4e+38 
[rows 21 to 41 of 53, columns 0 to 46 of 131]
-3.4e+38 -3.4e+38 -3.4e+38 -3.4e+38 -3.4e+38 -3.4e+38 33.8470916748047 28.7874050140381 16.8334121704102 12.5476951599121 21.4078617095947 24.8677425384521 25.329761505127 28.3526134490967 29.1740627288818 29.6701431274414 30.1654586791992 30.4598197937012 30.5253238677979 30.741735458374 31.3318405151367 31.6246929168701 31.8950424194336 31.6847457885742 31.6711463928223 31.6252269744873 32.0191421508789 32.6827697753906 33.0268249511719 33.6173248291016 34.1219596862793 34.462589263916 34.6672096252441 34.8304214477539 34.7347564697266 34.3950347900391 34.1078567504883 34.0522651672363 34.1337661743164 34.2473449707031 34.336368560791 34.4328880310059 34.576114654541 34.7311401367188 34.8813171386719 34.9878768920898 35.0065612792969
-3.4e+38 -3.4e+38 -3.4e+38 -3.4e+38 -3.4e+38 -3.4e+38 39.9162712097168 32.8375968933105 28.7874050140381 25.6279354095459 26.430944442749 28.2418117523193 28.9745464324951 29.57421875 30.0176315307617 30.4235858917236 30.7444477081299 30.8849296569824 31.0732288360596 31.1788673400879 31.5893211364746 31.7454986572266 31.9706687927246 32.3473777770996 32.373218536377 32.3564834594727 32.6274528503418 33.0016021728516 33.3364028930664 33.7406578063965 34.1014747619629 34.3071899414062 34.4348831176758 34.5047798156738 34.359432220459 34.0513076782227 33.8636703491211 33.8872909545898 33.9359741210938 33.9662437438965 33.977897644043 33.9799118041992 34.0287590026855 34.1121063232422 34.2212562561035 34.3032722473145 34.3855209350586
-3.4e+38 -3.4e+38 -3.4e+38 -3.4e+38 21.1141471862793 23.9389171600342 30.0750503540039 39.9162712097168 29.809118270874 28.1107902526855 28.9917526245117 29.4684143066406 29.7131538391113 30.087516784668 30.4807739257812 30.5160274505615 30.5796375274658 30.7025814056396 30.8942680358887 31.1356735229492 31.3536262512207 31.557710647583 31.877742767334 32.265697479248 32.5480461120605 32.6769981384277 32.7357559204102 32.9729461669922 33.3006324768066 33.6168746948242 33.8846244812012 34.007251739502 34.1312637329102 34.2522583007812 34.1906623840332 33.8998222351074 33.7087898254395 33.7047424316406 33.7259330749512 33.7489356994629 33.7382774353027 33.7684326171875 33.7860946655273 33.7964897155762 33.8191184997559 33.8393211364746 33.8649711608887
-3.4e+38 -3.4e+38 -3.4e+38 -3.4e+38 20.2553806304932 21.9729118347168 29.5884590148926 28.8225555419922 29.1008701324463 29.5100631713867 29.6023597717285 29.7138271331787 30.0366878509521 30.1601467132568 30.0417785644531 30.1091537475586 30.4018535614014 30.648265838623 30.9585304260254 31.3222904205322 31.7340888977051 32.0716590881348 32.2654914855957 32.4632186889648 32.6899261474609 32.8974609375 33.0480461120605 33.1694755554199 33.2953033447266 33.4147071838379 33.5336418151855 33.685245513916 33.8744583129883 34.0562973022461 34.0434761047363 33.8927154541016 33.6601409912109 33.6183929443359 33.6427001953125 33.7149429321289 33.8365707397461 33.9244117736816 33.8881492614746 33.8585357666016 33.8657531738281 33.8999404907227 33.9212493896484
-3.4e+38 -3.4e+38 -3.4e+38 -3.4e+38 -3.4e+38 25.3711757659912 29.4588184356689 29.6134967803955 29.8197746276855 29.7051162719727 29.7828464508057 29.9520740509033 29.8874130249023 29.7097415924072 29.6706924438477 29.9892978668213 30.5011806488037 30.9459037780762 31.4533996582031 31.9855480194092 32.2231292724609 32.3239784240723 32.5181770324707 32.8583145141602 33.136474609375 33.3235282897949 33.5124053955078 33.6580200195312 33.7380561828613 33.834659576416 33.8632316589355 33.8575248718262 33.8566970825195 33.9392471313477 34.0767402648926 34.0615425109863 33.9180030822754 33.7347145080566 33.7916069030762 33.9191055297852 33.957088470459 33.9762268066406 33.9406127929688 33.9235992431641 33.9503173828125 33.9602394104004 33.9728317260742
-3.4e+38 -3.4e+38 -3.4e+38 -3.4e+38 -3.4e+38 30.1180286407471 29.5427227020264 30.1152191162109 29.8315811157227 29.8315467834473 30.0548076629639 29.9512901306152 29.7563915252686 29.6291160583496 29.8552227020264 30.3895854949951 30.8651180267334 31.2553958892822 31.5191688537598 31.7656745910645 32.078010559082 32.4745979309082 33.0637321472168 33.4805450439453 33.6694526672363 33.8253746032715 33.9088554382324 34.0021324157715 34.0810356140137 34.1411933898926 34.1552085876465 34.1654586791992 34.1832427978516 34.1985130310059 34.1044158935547 34.0014877319336 33.9579200744629 33.8935279846191 33.9194679260254 33.9612121582031 33.9654388427734 33.9813575744629 33.9906158447266 34.0425262451172 34.0762329101562 34.1198196411133 34.1473846435547
-3.4e+38 -3.4e+38 31.3728618621826 30.906551361084 30.5201892852783 30.5288429260254 30.3690891265869 30.1226692199707 29.88258934021 30.032735824585 30.0693511962891 29.870023727417 29.6712036132812 29.7747364044189 30.2398548126221 30.7907485961914 31.153600692749 31.4368057250977 31.7278861999512 32.0109786987305 32.5219039916992 33.2109756469727 33.655933380127 33.794132232666 33.9163970947266 34.0264015197754 34.1083755493164 34.1888809204102 34.2428321838379 34.2569923400879 34.2391242980957 34.2063827514648 34.2122077941895 34.2390556335449 34.2810478210449 34.2788696289062 34.2177276611328 34.1361274719238 34.097541809082 34.0744018554688 34.0393867492676 34.0850028991699 34.1579742431641 34.172908782959 34.2334403991699 34.3143692016602 34.3735313415527
-339999999999999996128486808808066248288.000000000000000 -3.4e+38 -3.4e+38 -3.4e+38 30.8266048431396 30.5914115905762 30.5951881408691 30.211971282959 29.9198818206787 30.0195541381836 29.8754730224609 29.6530132293701 29.7977104187012 30.2605323791504 30.841480255127 31.1879177093506 31.6321887969971 31.8584766387939 32.1063461303711 32.5105323791504 33.2713394165039 33.7048530578613 33.7494773864746 33.833309173584 34.0009536743164 34.0694122314453 34.1719131469727 34.2843399047852 34.3726654052734 34.411304473877 34.3900985717773 34.338451385498 34.2766532897949 34.2320556640625 34.2275810241699 34.2675399780273 34.3045921325684 34.3395500183105 34.2820739746094 34.1582412719727 34.1600570678711 34.2397422790527 34.2834014892578 34.3021240234375 34.4087066650391 34.4959259033203 34.565013885498
-3.4e+38 -3.4e+38 -3.4e+38 -3.4e+38 31.0856590270996 30.7781677246094 30.682638168335 30.3197994232178 30.0053272247314 29.8828258514404 29.6678428649902 29.7351760864258 30.3049602508545 31.0415534973145 31.3747177124023 31.6837482452393 31.9518775939941 32.2119064331055 32.6323623657227 33.1932945251465 33.6522064208984 33.6960906982422 33.7543144226074 33.9298477172852 34.0246238708496 34.0782928466797 34.2568664550781 34.3875427246094 34.5304985046387 34.5309600830078 34.5300979614258 34.5464820861816 34.5318565368652 34.4770736694336 34.2940521240234 34.237548828125 34.2657775878906 34.3317527770996 34.2965049743652 34.2618446350098 34.3051376342773 34.3134918212891 34.3648681640625 34.4609527587891 34.5285873413086 34.5971717834473 34.6553382873535
-3.4e+38 -3.4e+38 -3.4e+38 -3.4e+38 30.9331569671631 31.0297183990479 30.7268199920654 30.3200778961182 30.1165046691895 29.9364395141602 29.8460636138916 30.2203521728516 30.9549827575684 31.5397777557373 31.8774223327637 32.192554473877 32.4177932739258 32.7890396118164 33.2564888000488 33.6417503356934 33.7821617126465 33.8885231018066 33.9519271850586 33.9677352905273 33.9944648742676 34.0810356140137 34.2952690124512 34.4546852111816 34.5393371582031 34.5369453430176 34.5499458312988 34.5523071289062 34.5328407287598 34.4987983703613 34.4060668945312 34.3485336303711 34.352123260498 34.2703704833984 34.2316856384277 34.2899932861328 34.4072494506836 34.4049682617188 34.4503593444824 34.5526504516602 34.5771598815918 34.6391448974609 34.6927871704102
-3.4e+38 -3.4e+38 -3.4e+38 -3.4e+38 31.1050968170166 31.4411754608154 31.0602493286133 30.5245571136475 30.324893951416 30.2044620513916 30.3646965026855 30.7814121246338 31.3609294891357 31.9443435668945 32.3830032348633 32.6633338928223 32.888126373291 33.2195205688477 33.569896697998 33.88134765625 34.0548439025879 34.1021614074707 33.9575004577637 33.9111137390137 33.9506874084473 34.0769844055176 34.3700065612793 34.5681915283203 34.5876846313477 34.5745010375977 34.5507011413574 34.5818023681641 34.5010147094727 34.4256935119629 34.4215698242188 34.5004081726074 34.4507865905762 34.2761001586914 34.2605247497559 34.3650093078613 34.5091972351074 34.5039901733398 34.5425071716309 34.6012916564941 34.6349334716797 34.6682891845703 34.7175445556641
-3.4e+38 -3.4e+38 -3.4e+38 -3.4e+38 31.40380859375 31.6733818054199 31.5718231201172 30.9730854034424 30.6291980743408 30.5879859924316 30.9950885772705 31.2176265716553 31.6142597198486 32.3094825744629 32.6712112426758 32.8785552978516 33.063835144043 33.3006362915039 33.5181846618652 33.7967681884766 33.9951324462891 33.9862251281738 33.8464736938477 33.819450378418 33.9327697753906 34.1432838439941 34.4695777893066 34.649471282959 34.6115379333496 34.5453681945801 34.5664558410645 34.5820159912109 34.5419044494629 34.494026184082 34.4758644104004 34.5562133789062 34.4991340637207 34.3809547424316 34.345760345459 34.4811019897461 34.6849632263184 34.6786499023438 34.6715507507324 34.660701751709 34.6666259765625 34.7073593139648 34.7275199890137
-3.4e+38 -3.4e+38 -3.4e+38 -3.4e+38 31.6932945251465 31.8973789215088 31.9237785339355 31.3842525482178 31.0727195739746 31.0358963012695 31.3035373687744 31.5796546936035 32.0119132995605 32.6860389709473 32.9172554016113 32.9754638671875 33.0723648071289 33.2609252929688 33.4755058288574 33.754020690918 33.9581146240234 33.9629096984863 33.9093818664551 33.9001312255859 34.0212326049805 34.2667541503906 34.5894584655762 34.6493072509766 34.5178833007812 34.428882598877 34.4288635253906 34.5155181884766 34.5882949829102 34.5643463134766 34.5466041564941 34.5498924255371 34.5363006591797 34.4893188476562 34.4434967041016 34.5571670532227 34.7612571716309 34.7570610046387 34.7634162902832 34.8120918273926 34.8312568664551 34.8595390319824 34.8721084594727
-3.4e+38 -3.4e+38 -3.4e+38 -3.4e+38 -3.4e+38 32.0941390991211 32.2981910705566 32.0038909912109 31.6438064575195 31.5215721130371 31.6175174713135 31.9153633117676 32.5994033813477 33.2213973999023 33.3493194580078 33.3575401306152 33.4104843139648 33.4636116027832 33.5858993530273 33.7598686218262 33.9118728637695 33.9404067993164 33.9268341064453 33.9570693969727 34.0937652587891 34.4230041503906 34.6502838134766 34.6332054138184 34.4616661071777 34.3934593200684 34.3478126525879 34.4472465515137 34.5692901611328 34.5889129638672 34.5721435546875 34.5316886901855 34.5632286071777 34.5793342590332 34.5182876586914 34.5743026733398 34.795768737793 34.8453102111816 34.8338737487793 34.883846282959 34.87744140625 34.8513488769531 34.868034362793
-3.4e+38 -3.4e+38 -3.4e+38 -3.4e+38 -3.4e+38 32.3361434936523 32.6519584655762 32.51904296875 32.094066619873 31.874324798584 32.0737800598145 32.3965644836426 33.1596870422363 33.5438079833984 33.4936218261719 33.4910736083984 33.5027885437012 33.4981575012207 33.5462188720703 33.649787902832 33.7787666320801 33.8059234619141 33.8414993286133 33.9565238952637 34.1868896484375 34.5595588684082 34.7124061584473 34.6526679992676 34.5046424865723 34.4905128479004 34.4387397766113 34.413028717041 34.5160064697266 34.5775451660156 34.5323028564453 34.5308380126953 34.5558891296387 34.6074256896973 34.5890998840332 34.6294441223145 34.7648010253906 34.857780456543 34.8978996276855 34.9370727539062 34.9696235656738 34.9892768859863 35.0565795898438
-3.4e+38 -3.4e+38 -3.4e+38 -3.4e+38 -3.4e+38 32.475399017334 32.9450721740723 32.966064453125 32.5837936401367 32.3874015808105 32.5886611938477 33.0135726928711 33.6765174865723 33.8068618774414 33.7589454650879 33.6452980041504 33.5192909240723 33.5747947692871 33.6710433959961 33.7281913757324 33.7939605712891 33.8440437316895 33.9358177185059 34.1085052490234 34.333683013916 34.6586151123047 34.739875793457 34.6694641113281 34.5536193847656 34.5280570983887 34.5425720214844 34.4716606140137 34.4974937438965 34.5596885681152 34.4969215393066 34.4738616943359 34.5243072509766 34.6485748291016 34.7253150939941 34.7457695007324 34.7644538879395 34.8415489196777 34.8710327148438 34.957763671875 35.0170440673828 35.0685729980469 35.0770301818848
-3.4e+38 -3.4e+38 -3.4e+38 -3.4e+38 -3.4e+38 -3.4e+38 32.9325752258301 33.3250961303711 33.0148162841797 32.9749031066895 33.1205978393555 33.5666007995605 33.7701263427734 33.9171180725098 33.9840621948242 33.815616607666 33.7542533874512 33.881103515625 33.938404083252 33.9701995849609 33.9932441711426 34.0488586425781 34.1596527099609 34.2720489501953 34.494083404541 34.7641105651855 34.751335144043 34.6936302185059 34.5857124328613 34.5732345581055 34.577262878418 34.5732650756836 34.5774765014648 34.5639686584473 34.5125007629395 34.5097808837891 34.563591003418 34.6922721862793 34.8178520202637 34.8609619140625 34.8962287902832 34.8995246887207 34.9128456115723 34.9865226745605 35.0339813232422 35.0630149841309 35.1425323486328
-3.4e+38 -3.4e+38 -3.4e+38 -3.4e+38 -3.4e+38 -3.4e+38 33.4898681640625 33.6765518188477 33.3566551208496 33.4093437194824 33.7249450683594 33.8498229980469 33.7896385192871 34.0675964355469 34.2257423400879 34.0925941467285 34.1360321044922 34.2154197692871 34.2121505737305 34.1502799987793 34.1315269470215 34.2090911865234 34.2734603881836 34.3840827941895 34.6832542419434 34.7855529785156 34.7521820068359 34.7279510498047 34.6788558959961 34.6726112365723 34.6674003601074 34.6852111816406 34.7132339477539 34.6674156188965 34.5981483459473 34.5605506896973 34.5956764221191 34.6932144165039 34.7761764526367 34.8729591369629 34.9303321838379 34.8979797363281 34.9360580444336 35.0101203918457 35.0923690795898 35.2304420471191 35.3457794189453
-3.4e+38 -3.4e+38 -3.4e+38 -3.4e+38 -3.4e+38 -3.4e+38 34.115779876709 33.9606819152832 33.7053756713867 33.8309516906738 33.977710723877 33.9007797241211 33.9417304992676 34.2820739746094 34.37255859375 34.3763046264648 34.4497184753418 34.531192779541 34.4324073791504 34.3055725097656 34.2690086364746 34.2947845458984 34.3337135314941 34.5016860961914 34.8175659179688 34.8311882019043 34.8123168945312 34.8057518005371 34.7313957214355 34.6903762817383 34.7183074951172 34.7790412902832 34.7770843505859 34.7603340148926 34.6982040405273 34.6168670654297 34.6307487487793 34.6843452453613 34.7659225463867 34.8263664245605 34.876953125 34.9390068054199 34.9933395385742 35.1164932250977 35.2503929138184 35.4075622558594 35.4550132751465
-3.4e+38 -3.4e+38 -3.4e+38 -3.4e+38 -3.4e+38 34.2666206359863 34.3157920837402 34.2192344665527 34.0634880065918 34.1256103515625 34.021484375 33.9861450195312 34.1630363464355 34.3400650024414 34.4195365905762 34.493782043457 34.5456428527832 34.6222953796387 34.4928398132324 34.4173202514648 34.3753852844238 34.3705139160156 34.4275207519531 34.6561279296875 34.848762512207 34.8714485168457 34.8246192932129 34.7733497619629 34.7250518798828 34.6585235595703 34.6540603637695 34.7543754577637 34.8118438720703 34.8122138977051 34.7634963989258 34.7216529846191 34.6762351989746 34.6990394592285 34.7704315185547 34.8392295837402 34.9199867248535 34.988208770752 35.0896606445312 35.3101806640625 35.4206924438477 35.4906845092773 35.4197807312012
-3.4e+38 -3.4e+38 -3.4e+38 -3.4e+38 34.4349403381348 34.398193359375 34.3682899475098 34.5165023803711 34.3971824645996 34.1879119873047 34.0300140380859 34.1693878173828 34.3537902832031 34.4046974182129 34.5874137878418 34.6919021606445 34.7118873596191 34.7859115600586 34.6002426147461 34.476375579834 34.5033416748047 34.4631652832031 34.5738868713379 34.7159423828125 34.8991355895996 34.8978652954102 34.7924118041992 34.7223587036133 34.686206817627 34.6135520935059 34.5519981384277 34.5980834960938 34.7155075073242 34.7887496948242 34.8044891357422 34.7666206359863 34.7472915649414 34.7679290771484 34.8264961242676 34.9065589904785 34.9733619689941 35.083194732666 35.2487182617188 35.4921455383301 35.5099105834961 35.4277153015137 35.3936157226562
