Ecospace-environmental-drivers/Outputs/ASCII-for-ecospace/Sal-surf/Sal-surf_X1993.12.asc
NCOLS 131 
NROWS 53 
XLLCORNER -98 
YLLCORNER 23.9265270233154 
CELLSIZE 0.133587792515755 
NODATA_value -3.4e+38 
[rows 21 to 41 of 53, columns 0 to 46 of 131]
-3.4e+38 -3.4e+38 -3.4e+38 -3.4e+38 -3.4e+38 -3.4e+38 32.136402130127 31.9272499084473 31.8298797607422 31.2094631195068 31.9400615692139 32.5973815917969 33.1949462890625 33.806282043457 34.3715934753418 34.7894020080566 35.0265502929688 35.1726837158203 35.3356666564941 35.4928398132324 35.6261367797852 35.7194938659668 35.7640151977539 35.7804756164551 35.7851676940918 35.7661666870117 35.7361831665039 35.7010803222656 35.6809310913086 35.6594543457031 35.627872467041 35.5704002380371 35.5523376464844 35.5785713195801 35.6225357055664 35.667594909668 35.7027473449707 35.7196350097656 35.7319564819336 35.7587356567383 35.8042335510254 35.8396148681641 35.8681335449219 35.8898468017578 35.9073524475098 35.9307289123535 35.948902130127
-3.4e+38 -3.4e+38 -3.4e+38 -3.4e+38 -3.4e+38 -3.4e+38 32.2409286499023 32.2410316467285 31.9272499084473 32.3529281616211 32.9872207641602 33.5081062316895 34.0320701599121 34.5741424560547 34.9824028015137 35.2093162536621 35.3333282470703 35.4259223937988 35.4985656738281 35.6039657592773 35.6919479370117 35.7344627380371 35.7469673156738 35.7555732727051 35.7720527648926 35.7871932983398 35.7975311279297 35.7849884033203 35.7743453979492 35.7653465270996 35.7380218505859 35.705738067627 35.6819953918457 35.6964645385742 35.724666595459 35.7624702453613 35.8160743713379 35.8660659790039 35.8987693786621 35.9292755126953 35.9619674682617 35.9893951416016 36.0119361877441 36.0341758728027 36.0469589233398 36.0593452453613 36.0725135803223
-3.4e+38 -3.4e+38 -3.4e+38 -3.4e+38 32.715015411377 32.5540313720703 32.4847717285156 32.2409286499023 32.5549163818359 33.1700592041016 33.754753112793 34.3536262512207 34.8788566589355 35.1906585693359 35.3838233947754 35.4799156188965 35.5098915100098 35.5347023010254 35.5796241760254 35.6354484558105 35.6799812316895 35.7087669372559 35.7229881286621 35.7287101745605 35.7349052429199 35.7361297607422 35.7377738952637 35.7355499267578 35.7444725036621 35.7711029052734 35.7740287780762 35.7495231628418 35.7273178100586 35.7216567993164 35.7435989379883 35.8002243041992 35.8677940368652 35.9377365112305 35.9777603149414 36.008228302002 36.0283737182617 36.0378875732422 36.0455513000488 36.0565299987793 36.0636253356934 36.0641860961914 36.0631675720215
-3.4e+38 -3.4e+38 -3.4e+38 -3.4e+38 32.8562316894531 32.7347793579102 32.5540313720703 32.659351348877 33.2316093444824 33.8563346862793 34.5073699951172 35.0542221069336 35.3670120239258 35.5464324951172 35.6515235900879 35.6935539245605 35.7011604309082 35.7107963562012 35.7393188476562 35.7764701843262 35.7969932556152 35.8076515197754 35.8125495910645 35.8085136413574 35.7995491027832 35.7896118164062 35.7750434875488 35.7564086914062 35.7591896057129 35.7989501953125 35.8133125305176 35.808708190918 35.7946319580078 35.7876968383789 35.7913780212402 35.8138656616211 35.8926773071289 35.9591369628906 35.9862403869629 35.9928131103516 35.9929618835449 35.9970321655273 36.0007514953613 36.0057754516602 36.0080375671387 36.0119934082031 36.017692565918
-3.4e+38 -3.4e+38 -3.4e+38 -3.4e+38 -3.4e+38 32.8562316894531 32.7940788269043 33.1870002746582 33.8089218139648 34.4917411804199 35.0459785461426 35.3831634521484 35.5899314880371 35.6905059814453 35.7265968322754 35.7522506713867 35.7740745544434 35.7865524291992 35.7901344299316 35.7930450439453 35.8099479675293 35.8282775878906 35.8397979736328 35.8412818908691 35.8165550231934 35.8161659240723 35.796142578125 35.779899597168 35.7704620361328 35.7917976379395 35.8066787719727 35.8093528747559 35.8170890808105 35.8168525695801 35.8057136535645 35.8296279907227 35.9139442443848 35.9565734863281 35.9566650390625 35.9533042907715 35.9579162597656 35.9593200683594 35.9669990539551 35.9783477783203 35.9848213195801 35.9914245605469 35.9985504150391
-3.4e+38 -3.4e+38 -3.4e+38 -3.4e+38 -3.4e+38 33.0770416259766 33.1201057434082 33.6620254516602 34.3036727905273 34.8857154846191 35.3150520324707 35.5805969238281 35.6850700378418 35.7153244018555 35.7601661682129 35.7880973815918 35.7824592590332 35.7672653198242 35.7730140686035 35.7978897094727 35.8180999755859 35.8322410583496 35.8463401794434 35.8492317199707 35.8178596496582 35.8153419494629 35.7994346618652 35.7904205322266 35.7899131774902 35.793140411377 35.797492980957 35.8075828552246 35.8210029602051 35.8245964050293 35.8142890930176 35.8591613769531 35.9264297485352 35.934986114502 35.9234657287598 35.9302139282227 35.941577911377 35.948543548584 35.9541473388672 35.9642028808594 35.9808082580566 35.9917335510254 35.9995002746582
-3.4e+38 -3.4e+38 33.9997444152832 33.9286727905273 33.5317611694336 33.2493362426758 33.4722862243652 34.0357933044434 34.637321472168 35.1410369873047 35.5396995544434 35.6721343994141 35.7046051025391 35.7327690124512 35.7501411437988 35.7545013427734 35.7600326538086 35.7838745117188 35.8240013122559 35.8470993041992 35.8596115112305 35.862247467041 35.8631973266602 35.8580856323242 35.8252983093262 35.8113594055176 35.7981872558594 35.7901153564453 35.7948303222656 35.8107681274414 35.8180198669434 35.8181076049805 35.8288154602051 35.8275718688965 35.8313522338867 35.8878555297852 35.9086875915527 35.9121437072754 35.9142150878906 35.9317169189453 35.9293251037598 35.9277114868164 35.9306602478027 35.9445877075195 35.9645614624023 35.9809799194336 36.0008659362793
-339999999999999996128486808808066248288.000000000000000 -3.4e+38 -3.4e+38 -3.4e+38 33.8576049804688 33.4750862121582 33.7327537536621 34.2840614318848 34.8365936279297 35.3902969360352 35.6369400024414 35.6888198852539 35.6978225708008 35.6998634338379 35.7294616699219 35.7582588195801 35.7751884460449 35.812328338623 35.858268737793 35.8835792541504 35.896484375 35.8932685852051 35.8891448974609 35.8764038085938 35.8478126525879 35.8119964599609 35.7960891723633 35.7931747436523 35.7930755615234 35.8168525695801 35.8308143615723 35.825252532959 35.8307762145996 35.8285255432129 35.8576774597168 35.8982086181641 35.8920860290527 35.900936126709 35.9056930541992 35.9147109985352 35.9145164489746 35.9155731201172 35.9132881164551 35.9275665283203 35.9497108459473 35.971981048584 35.9944305419922
-3.4e+38 -3.4e+38 -3.4e+38 -3.4e+38 33.9574127197266 33.6585159301758 33.8722190856934 34.3841133117676 34.906566619873 35.4560089111328 35.6320457458496 35.6873893737793 35.6823806762695 35.6793403625488 35.7284698486328 35.7670631408691 35.798412322998 35.8306655883789 35.8719024658203 35.8925933837891 35.9005279541016 35.9072341918945 35.9017715454102 35.8912963867188 35.8766975402832 35.8347358703613 35.8097915649414 35.8006629943848 35.7988395690918 35.8193244934082 35.8385543823242 35.8359069824219 35.8305549621582 35.8389854431152 35.885856628418 35.8845367431641 35.8711433410645 35.8781776428223 35.8972663879395 35.9169883728027 35.9235877990723 35.916431427002 35.9106903076172 35.916561126709 35.9402694702148 35.9731864929199 35.9913597106934
-3.4e+38 -3.4e+38 -3.4e+38 -3.4e+38 34.0827217102051 33.8047027587891 33.9632415771484 34.396427154541 34.8344535827637 35.3487968444824 35.6142578125 35.6877250671387 35.6662330627441 35.6667785644531 35.7225761413574 35.7680587768555 35.8100967407227 35.8513221740723 35.8806419372559 35.8918495178223 35.8937911987305 35.9055213928223 35.8991966247559 35.8946266174316 35.8865623474121 35.8566741943359 35.8328437805176 35.8282623291016 35.819709777832 35.823070526123 35.8419914245605 35.8434753417969 35.8399353027344 35.8489418029785 35.8870086669922 35.8615036010742 35.8572311401367 35.886157989502 35.9182395935059 35.9408836364746 35.9474716186523 35.9375991821289 35.9215049743652 35.9157447814941 35.9308929443359 35.9602584838867 35.9801902770996
-3.4e+38 -3.4e+38 -3.4e+38 -3.4e+38 34.8937225341797 34.0747985839844 34.0739517211914 34.3714942932129 34.7202491760254 35.2033653259277 35.5832443237305 35.682014465332 35.6633033752441 35.6595077514648 35.7010383605957 35.740795135498 35.7889747619629 35.8514137268066 35.9001426696777 35.9082069396973 35.9011459350586 35.8989791870117 35.9016227722168 35.901798248291 35.8894424438477 35.868034362793 35.8530960083008 35.8504028320312 35.8425102233887 35.8355522155762 35.8436088562012 35.8596992492676 35.8503341674805 35.8542098999023 35.8778076171875 35.8462257385254 35.8545379638672 35.8786964416504 35.9231948852539 35.9505500793457 35.9461708068848 35.9337615966797 35.9231567382812 35.9194793701172 35.9307594299316 35.9491882324219 35.9745903015137
-3.4e+38 -3.4e+38 -3.4e+38 -3.4e+38 34.8435401916504 34.3282165527344 34.1707077026367 34.3477935791016 34.6182403564453 34.9816474914551 35.4607582092285 35.6785736083984 35.6778373718262 35.6589622497559 35.6653099060059 35.7089157104492 35.7602005004883 35.8216209411621 35.8841743469238 35.9228515625 35.9276962280273 35.9104194641113 35.900447845459 35.9008178710938 35.8927040100098 35.880313873291 35.8686332702637 35.8639450073242 35.8552551269531 35.8478088378906 35.8481864929199 35.873851776123 35.865234375 35.8600425720215 35.8674736022949 35.8478546142578 35.8466186523438 35.8945503234863 35.9268074035645 35.9342308044434 35.9209671020508 35.9154090881348 35.909984588623 35.914134979248 35.9249954223633 35.9490242004395 35.9844856262207
-3.4e+38 -3.4e+38 -3.4e+38 -3.4e+38 35.1143455505371 34.5213394165039 34.308464050293 34.3940696716309 34.5775985717773 34.8082084655762 35.2240409851074 35.6482734680176 35.6917762756348 35.6718330383301 35.6431007385254 35.682300567627 35.7483558654785 35.7977256774902 35.8619804382324 35.9095611572266 35.9367637634277 35.941577911377 35.9230003356934 35.9081153869629 35.8968162536621 35.8917846679688 35.8846855163574 35.8769264221191 35.8630599975586 35.8592185974121 35.8633842468262 35.8739700317383 35.8853225708008 35.8719940185547 35.8647918701172 35.8528366088867 35.8505210876465 35.9012908935547 35.9090194702148 35.9038848876953 35.8971977233887 35.8978233337402 35.8930206298828 35.9178466796875 35.9280776977539 35.9570770263672 36.0237159729004
-3.4e+38 -3.4e+38 -3.4e+38 -3.4e+38 -3.4e+38 34.4776306152344 34.4599304199219 34.5137901306152 34.5967788696289 34.744873046875 35.0679550170898 35.57568359375 35.7017021179199 35.6991195678711 35.6443214416504 35.6606292724609 35.7429351806641 35.7885780334473 35.8488807678223 35.906909942627 35.9348907470703 35.9507217407227 35.9523582458496 35.9343566894531 35.9052848815918 35.893611907959 35.8920783996582 35.8895721435547 35.8782348632812 35.874267578125 35.8763885498047 35.8732986450195 35.8991012573242 35.8897476196289 35.8878135681152 35.8562126159668 35.8660926818848 35.8857727050781 35.8878440856934 35.8857612609863 35.8803482055664 35.8810920715332 35.8976593017578 35.9305648803711 35.952220916748 36.0012321472168 36.0893630981445
-3.4e+38 -3.4e+38 -3.4e+38 -3.4e+38 -3.4e+38 31.0431652069092 34.4756202697754 34.6288986206055 34.6846160888672 34.8059997558594 35.0920906066895 35.5375213623047 35.7157325744629 35.7380599975586 35.6618690490723 35.6555557250977 35.7416801452637 35.7931823730469 35.8438262939453 35.9072494506836 35.9374847412109 35.9499816894531 35.9550857543945 35.9455680847168 35.9300842285156 35.9087066650391 35.8998603820801 35.8987731933594 35.8973999023438 35.8940925598145 35.8891677856445 35.8828582763672 35.8973503112793 35.9018592834473 35.9065475463867 35.8842735290527 35.8864822387695 35.8759956359863 35.8736114501953 35.8691215515137 35.8799591064453 35.8874168395996 35.9231796264648 35.9603805541992 36.0025672912598 36.0711135864258 36.122428894043
-3.4e+38 -3.4e+38 -3.4e+38 -3.4e+38 -3.4e+38 27.2072696685791 34.5241775512695 34.7505340576172 34.8094787597656 34.9262962341309 35.2175140380859 35.5571479797363 35.7517700195312 35.7672996520996 35.6916084289551 35.6657562255859 35.7373390197754 35.8010520935059 35.846996307373 35.9082946777344 35.9361419677734 35.9504356384277 35.9555473327637 35.9480247497559 35.936954498291 35.9294204711914 35.9175758361816 35.9070167541504 35.9057273864746 35.9103393554688 35.9105072021484 35.903450012207 35.9102668762207 35.8956336975098 35.9091987609863 35.9088935852051 35.9002113342285 35.8963966369629 35.8881645202637 35.8997192382812 35.8989486694336 35.9337348937988 35.9879684448242 35.9996376037598 36.0365867614746 36.1064987182617 36.1564521789551
-3.4e+38 -3.4e+38 -3.4e+38 -3.4e+38 -3.4e+38 -3.4e+38 34.8100166320801 34.8666381835938 34.9439544677734 35.0623168945312 35.3448867797852 35.620979309082 35.7979049682617 35.8049926757812 35.7283210754395 35.6957626342773 35.7401237487793 35.8064804077148 35.8499145507812 35.9130897521973 35.9350471496582 35.9488677978516 35.952278137207 35.944034576416 35.9366188049316 35.933910369873 35.9331932067871 35.9183044433594 35.9129447937012 35.9187355041504 35.9295082092285 35.9252853393555 35.935848236084 35.9279251098633 35.917049407959 35.9274444580078 35.9259300231934 35.9270095825195 35.9278144836426 35.9347152709961 35.9443016052246 35.9926109313965 35.9966316223145 36.0122566223145 36.0862007141113 36.1575202941895 36.1915130615234
-3.4e+38 -3.4e+38 -3.4e+38 -3.4e+38 -3.4e+38 -3.4e+38 34.9514350891113 34.9643898010254 35.0667724609375 35.1964683532715 35.4595375061035 35.7032203674316 35.8300628662109 35.8465576171875 35.7750091552734 35.7349472045898 35.7628746032715 35.8134651184082 35.854907989502 35.9189872741699 35.933952331543 35.9455604553223 35.9503402709961 35.9498443603516 35.9429092407227 35.9346313476562 35.9390411376953 35.9377403259277 35.9235877990723 35.9182739257812 35.9297866821289 35.9317283630371 35.9373092651367 35.9433288574219 35.9346160888672 35.9344673156738 35.9367141723633 35.933422088623 35.9333190917969 35.9389915466309 35.975284576416 36.0044937133789 36.0024185180664 36.0722465515137 36.1475143432617 36.1916275024414 36.2034225463867
-3.4e+38 -3.4e+38 -3.4e+38 -3.4e+38 -3.4e+38 -3.4e+38 35.0814971923828 35.0597877502441 35.1803970336914 35.2951049804688 35.5635108947754 35.7529754638672 35.8254432678223 35.859977722168 35.8204803466797 35.7724800109863 35.7921752929688 35.8331756591797 35.8550605773926 35.9197616577148 35.936466217041 35.9433403015137 35.9471206665039 35.953498840332 35.955940246582 35.9515190124512 35.9498481750488 35.9512710571289 35.9342384338379 35.9186134338379 35.9203300476074 35.9185256958008 35.9317169189453 35.9441032409668 35.9465446472168 35.9608116149902 35.970645904541 35.9706726074219 35.9741744995117 35.9906845092773 36.0301399230957 36.0207595825195 36.0635452270508 36.1218643188477 36.1694564819336 36.1988372802734 36.1922340393066
-3.4e+38 -3.4e+38 -3.4e+38 -3.4e+38 -3.4e+38 35.288932800293 35.1588859558105 35.1851119995117 35.2891845703125 35.3791809082031 35.6110305786133 35.7775421142578 35.8373832702637 35.8564987182617 35.8525123596191 35.8128051757812 35.8183784484863 35.8527450561523 35.8600006103516 35.909366607666 35.9380989074707 35.9505805969238 35.9460258483887 35.9544105529785 35.9575157165527 35.9581565856934 35.9543266296387 35.9529342651367 35.9408493041992 35.9255714416504 35.9231262207031 35.9272918701172 35.9484329223633 35.9782905578613 35.993537902832 35.9985160827637 35.9980926513672 36.0014190673828 36.0152359008789 36.0383110046387 36.0311889648438 36.0333213806152 36.1058006286621 36.1412506103516 36.1899871826172 36.2093620300293 36.1933746337891
-3.4e+38 -3.4e+38 -3.4e+38 -3.4e+38 35.6184921264648 35.385612487793 35.2143249511719 35.3103790283203 35.3670349121094 35.4772300720215 35.6817588806152 35.8116836547852 35.8514938354492 35.8721618652344 35.8804130554199 35.8382835388184 35.8346710205078 35.8660354614258 35.8671455383301 35.8886489868164 35.928092956543 35.9572792053223 35.9474868774414 35.955135345459 35.9603881835938 35.9591636657715 35.9597206115723 35.9613723754883 35.9554901123047 35.9419441223145 35.9297180175781 35.9367408752441 35.965217590332 35.9979286193848 36.0109977722168 36.015811920166 36.021167755127 36.02685546875 36.041187286377 36.0394821166992 36.0092163085938 36.0931816101074 36.1340522766113 36.1718788146973 36.214054107666 36.2102508544922 36.1805191040039
