Ecospace-environmental-drivers/Outputs/ASCII-for-ecospace/Sal-surf/Sal-surf_X2008.09.asc
NCOLS 131 
NROWS 53 
XLLCORNER -98 
YLLCORNER 23.9265270233154 
CELLSIZE 0.133587792515755 
NODATA_value -3.4e+38 
[rows 21 to 41 of 53, columns 47 to 93 of 131]
34.4380111694336 34.5042610168457 34.6188278198242 34.6838111877441 34.7314453125 34.7707595825195 34.7458534240723 34.727855682373 34.7250938415527 34.6788902282715 34.6830940246582 34.7156410217285 34.7629737854004 34.845531463623 34.9054527282715 34.8487434387207 34.6408195495605 34.5740699768066 34.6236228942871 34.6916007995605 34.7303009033203 34.7795639038086 34.8129272460938 34.7035064697266 34.7145004272461 34.7232055664062 34.7145957946777 34.7481880187988 34.8410263061523 34.8132743835449 34.7933197021484 34.7910957336426 34.7926635742188 34.7758178710938 34.7662124633789 34.7710762023926 34.8101425170898 34.8621597290039 34.8878784179688 34.8845481872559 34.8731269836426 34.8485107421875 34.8085594177246 34.8335380554199 34.8069610595703 34.7868385314941 34.7568359375
34.4836120605469 34.447883605957 34.4757347106934 34.5516510009766 34.6101036071777 34.6454734802246 34.6711769104004 34.6979560852051 34.7270660400391 34.670825958252 34.6772422790527 34.7283248901367 34.7733955383301 34.8531341552734 34.9755363464355 34.9763870239258 34.8652458190918 34.7363624572754 34.6815605163574 34.667163848877 34.7032470703125 34.8356628417969 34.9599533081055 34.8433113098145 34.7887802124023 34.7932548522949 34.7919616699219 34.8069458007812 34.8668479919434 34.8479919433594 34.8345909118652 34.8362312316895 34.8345260620117 34.831485748291 34.8207740783691 34.8192825317383 34.8518295288086 34.9075393676758 34.9594841003418 34.9815292358398 34.9537925720215 34.9447593688965 34.9323768615723 34.8973731994629 34.8801612854004 34.8737449645996 34.8169326782227
34.601734161377 34.5447845458984 34.4930534362793 34.4514617919922 34.483211517334 34.5155334472656 34.5353889465332 34.603889465332 34.6750907897949 34.6571350097656 34.716983795166 34.7970428466797 34.8003349304199 34.8826026916504 34.9770965576172 34.9902458190918 34.9142684936523 34.8155059814453 34.7543678283691 34.7335586547852 34.7688941955566 34.8654098510742 35.0192375183105 34.9744300842285 34.860466003418 34.8407745361328 34.837760925293 34.8606452941895 34.9223289489746 34.9188003540039 34.9006118774414 34.9121551513672 34.9053916931152 34.8883171081543 34.8880577087402 34.8975677490234 34.9326591491699 34.995044708252 35.0475845336914 35.0663909912109 35.064640045166 35.0158958435059 35.0057182312012 35.0200729370117 34.9938697814941 34.9733619689941 34.927661895752
34.7283630371094 34.6576156616211 34.6069717407227 34.545970916748 34.5278549194336 34.4947776794434 34.4629974365234 34.521785736084 34.6442070007324 34.7067031860352 34.7817420959473 34.8166923522949 34.8447647094727 34.9187660217285 34.9895248413086 34.9936485290527 34.9390449523926 34.8767051696777 34.831226348877 34.8261032104492 34.8510551452637 34.9431343078613 35.0741844177246 35.0326690673828 34.9135131835938 34.896125793457 34.9064636230469 34.9479942321777 35.0103225708008 35.0568695068359 35.0418853759766 35.0619277954102 35.0585899353027 35.0449295043945 35.0484199523926 35.0651359558105 35.088062286377 35.1206512451172 35.1636238098145 35.1860504150391 35.1804962158203 35.1237525939941 35.0713539123535 35.0706634521484 35.0505828857422 35.031909942627 34.9995002746582
34.7656097412109 34.6737060546875 34.668773651123 34.6656799316406 34.6427307128906 34.6030807495117 34.5342597961426 34.5488052368164 34.6407508850098 34.7246932983398 34.7952537536621 34.8421058654785 34.905143737793 34.9971618652344 35.0353012084961 34.9780158996582 34.9260787963867 34.8646087646484 34.8644371032715 34.8840217590332 34.9365043640137 35.0452461242676 35.1325378417969 35.0603294372559 34.9665794372559 34.9595527648926 35.0015830993652 35.0529975891113 35.1198539733887 35.1623191833496 35.1341934204102 35.1061820983887 35.0968894958496 35.1138763427734 35.1447257995605 35.1730842590332 35.1952285766602 35.2224960327148 35.2462272644043 35.2649726867676 35.2743148803711 35.2403030395508 35.1698875427246 35.1225700378418 35.134880065918 35.1239395141602 35.126537322998
34.7738151550293 34.6713600158691 34.6506233215332 34.6500511169434 34.62890625 34.6738395690918 34.6495170593262 34.697826385498 34.7328147888184 34.7558250427246 34.8094825744629 34.8642272949219 34.9542274475098 35.0306243896484 34.9903373718262 34.9121131896973 34.8599815368652 34.8834762573242 34.906795501709 34.9624328613281 35.069652557373 35.1375045776367 35.1552658081055 35.1101493835449 35.0423164367676 35.0768852233887 35.134464263916 35.1686019897461 35.1899642944336 35.201717376709 35.198600769043 35.1640663146973 35.1653823852539 35.1841812133789 35.2172622680664 35.2448539733887 35.2514572143555 35.2685546875 35.2878341674805 35.3026428222656 35.320858001709 35.3303909301758 35.2786140441895 35.1982154846191 35.141773223877 35.1639022827148 35.1541976928711
34.8397064208984 34.7265930175781 34.6559028625488 34.6563377380371 34.663646697998 34.690559387207 34.7362327575684 34.8337860107422 34.8106269836426 34.7943916320801 34.8152694702148 34.8816032409668 35.0048370361328 35.0102195739746 34.9371719360352 34.9124145507812 34.9263191223145 34.9716453552246 35.0733032226562 35.1772880554199 35.2088928222656 35.2158622741699 35.2133598327637 35.1876525878906 35.1611518859863 35.2179183959961 35.2568283081055 35.2511787414551 35.2590026855469 35.2671813964844 35.2601928710938 35.2657661437988 35.2770805358887 35.2849807739258 35.2887229919434 35.2913932800293 35.2897262573242 35.2981605529785 35.3257637023926 35.3558692932129 35.3762397766113 35.3829383850098 35.375358581543 35.3197937011719 35.2177810668945 35.1759757995605 35.1980133056641
34.8978729248047 34.8190803527832 34.7465438842773 34.7230491638184 34.7171783447266 34.7623710632324 34.8526344299316 34.8776702880859 34.8382339477539 34.8233871459961 34.8440475463867 34.9604835510254 35.0418090820312 34.9910545349121 34.9849739074707 35.0449256896973 35.1288299560547 35.229419708252 35.306282043457 35.3138465881348 35.3089599609375 35.3059577941895 35.2952613830566 35.3041954040527 35.3050804138184 35.339111328125 35.3495941162109 35.3308715820312 35.3299827575684 35.3254356384277 35.3395576477051 35.3441772460938 35.3328742980957 35.3148727416992 35.3067054748535 35.3275947570801 35.3648681640625 35.3958587646484 35.4258575439453 35.4524536132812 35.4665718078613 35.467601776123 35.4476776123047 35.4193572998047 35.3604507446289 35.2349853515625 35.2114028930664
34.9254913330078 34.8830909729004 34.8110313415527 34.7845687866211 34.8234710693359 34.8708610534668 34.9069633483887 34.8847465515137 34.8339157104492 34.8529815673828 34.9315452575684 35.1029205322266 35.0858001708984 35.1067123413086 35.2413368225098 35.3617057800293 35.4074172973633 35.4189147949219 35.419017791748 35.4007911682129 35.3770713806152 35.3967742919922 35.3779640197754 35.3937759399414 35.3878784179688 35.3840980529785 35.3993148803711 35.4128761291504 35.4248199462891 35.4098854064941 35.391731262207 35.3754730224609 35.372200012207 35.3745040893555 35.3710594177246 35.4055862426758 35.4515151977539 35.4833068847656 35.5099639892578 35.5414848327637 35.5525588989258 35.544979095459 35.5138778686523 35.488712310791 35.4471321105957 35.3698387145996 35.2375602722168
34.9629783630371 34.9174499511719 34.8836097717285 34.8553199768066 34.8738899230957 34.8999786376953 34.9112739562988 34.8691024780273 34.8567199707031 34.9087066650391 35.0618629455566 35.1826210021973 35.2102088928223 35.3341941833496 35.4580001831055 35.5150413513184 35.5198211669922 35.5049705505371 35.4870567321777 35.4610786437988 35.4346160888672 35.4534492492676 35.4422874450684 35.4463081359863 35.4603080749512 35.4521827697754 35.4704055786133 35.5063743591309 35.4873390197754 35.4507637023926 35.4560852050781 35.4573822021484 35.4321365356445 35.4021186828613 35.4439544677734 35.5057601928711 35.5507926940918 35.581901550293 35.5990829467773 35.6000671386719 35.5974769592285 35.5918655395508 35.577449798584 35.5450973510742 35.5146636962891 35.4610328674316 35.358943939209
35.068904876709 34.9458656311035 34.9248466491699 34.9041328430176 34.8793678283691 34.8833618164062 34.8950805664062 34.8593673706055 34.8787689208984 34.9847259521484 35.1537475585938 35.2184944152832 35.2971801757812 35.4168891906738 35.5076713562012 35.5530624389648 35.5576515197754 35.5616493225098 35.5494804382324 35.4997291564941 35.4564743041992 35.4896926879883 35.4978866577148 35.4860305786133 35.5159339904785 35.523868560791 35.5411033630371 35.5483093261719 35.531005859375 35.5057334899902 35.5006408691406 35.4791374206543 35.4371185302734 35.4726753234863 35.5650405883789 35.6280746459961 35.6807403564453 35.7070617675781 35.7174263000488 35.7104263305664 35.6923370361328 35.6643943786621 35.6372947692871 35.6103858947754 35.5724296569824 35.5251007080078 35.456901550293
35.1739807128906 35.0332374572754 34.958869934082 34.9374465942383 34.9125633239746 34.8738975524902 34.8782081604004 34.8995323181152 34.9506454467773 35.0625915527344 35.1660308837891 35.143871307373 35.256046295166 35.4255752563477 35.4972343444824 35.5412406921387 35.543041229248 35.5608444213867 35.5720558166504 35.5561180114746 35.4861831665039 35.5038719177246 35.53173828125 35.5098533630371 35.54345703125 35.5667991638184 35.5791320800781 35.5517501831055 35.5347785949707 35.5259857177734 35.5208892822266 35.4953498840332 35.4927749633789 35.5922737121582 35.6890182495117 35.7616844177246 35.8036003112793 35.8145065307617 35.8108215332031 35.8037338256836 35.800350189209 35.7888145446777 35.7651596069336 35.7111434936523 35.6614151000977 35.6242485046387 35.5541191101074
35.2177619934082 35.1437797546387 35.0222778320312 34.9808807373047 34.9391021728516 34.8980140686035 34.9106788635254 34.9536514282227 35.0082397460938 35.0887298583984 35.1669654846191 35.1484680175781 35.1871604919434 35.3190422058105 35.4324760437012 35.5074424743652 35.518123626709 35.5429191589355 35.5631408691406 35.5581512451172 35.5141868591309 35.5107879638672 35.5335578918457 35.4994354248047 35.5442543029785 35.5764770507812 35.5735626220703 35.5515556335449 35.5352973937988 35.545597076416 35.5403022766113 35.5322113037109 35.5890426635742 35.7137870788574 35.805721282959 35.8545455932617 35.8580932617188 35.8447570800781 35.8346481323242 35.8256874084473 35.8165092468262 35.8078079223633 35.8054466247559 35.7962989807129 35.7679786682129 35.7092819213867 35.6423301696777
35.2350082397461 35.2090682983398 35.1288414001465 35.0360450744629 35.0068130493164 34.9626922607422 34.9483337402344 34.9960327148438 35.0580787658691 35.1205711364746 35.1786003112793 35.1957321166992 35.2195587158203 35.2993392944336 35.3833656311035 35.4401702880859 35.473217010498 35.5154609680176 35.525032043457 35.525146484375 35.5021324157715 35.4934501647949 35.5199775695801 35.4882621765137 35.5258674621582 35.5576133728027 35.5537147521973 35.5399017333984 35.5447769165039 35.5752220153809 35.5595245361328 35.5732078552246 35.6752662658691 35.8030891418457 35.8669204711914 35.8713417053223 35.8498802185059 35.8313980102539 35.8276977539062 35.8188247680664 35.8149948120117 35.809757232666 35.8060569763184 35.8039779663086 35.8004951477051 35.7912826538086 35.7396583557129
35.2256813049316 35.2572593688965 35.2441558837891 35.1713676452637 35.087589263916 35.044792175293 35.0032844543457 34.9757804870605 35.0184211730957 35.0696830749512 35.1387634277344 35.2166442871094 35.2544136047363 35.2943801879883 35.3374252319336 35.3788833618164 35.4326667785645 35.4658813476562 35.4634094238281 35.4704475402832 35.4726295471191 35.4652519226074 35.458797454834 35.4834098815918 35.5006637573242 35.5303344726562 35.5390739440918 35.5435447692871 35.5712928771973 35.5878257751465 35.573917388916 35.6227912902832 35.7673225402832 35.8583374023438 35.8784065246582 35.8597030639648 35.8439064025879 35.8299674987793 35.8241348266602 35.8074760437012 35.798770904541 35.7954559326172 35.7953147888184 35.7999725341797 35.793830871582 35.7895202636719 35.7913589477539
35.2546844482422 35.262321472168 35.2831764221191 35.2955932617188 35.2745361328125 35.2277679443359 35.1835861206055 35.1351852416992 35.0928039550781 35.0780143737793 35.0968704223633 35.1493339538574 35.2122802734375 35.2520065307617 35.2920303344727 35.3322372436523 35.3684234619141 35.3854942321777 35.402172088623 35.4192085266113 35.4240303039551 35.4288902282715 35.4135055541992 35.4020805358887 35.4335670471191 35.4570846557617 35.4999084472656 35.5243759155273 35.5650444030762 35.5913047790527 35.5916976928711 35.7055816650391 35.8187789916992 35.8903656005859 35.8863754272461 35.8623390197754 35.8435935974121 35.8276481628418 35.8134498596191 35.800952911377 35.7904434204102 35.7847290039062 35.7846450805664 35.7899627685547 35.7841339111328 35.7771072387695 35.7787399291992
35.3711357116699 35.3651657104492 35.3653678894043 35.3686752319336 35.381965637207 35.3773002624512 35.3505935668945 35.3248100280762 35.2839050292969 35.2636604309082 35.2373199462891 35.208137512207 35.2082633972168 35.2288093566895 35.2571029663086 35.2833480834961 35.3071594238281 35.3222045898438 35.3381004333496 35.3626480102539 35.3764266967773 35.3707504272461 35.3688201904297 35.3440895080566 35.356071472168 35.3939895629883 35.4179344177246 35.4740829467773 35.5590286254883 35.5903968811035 35.6404914855957 35.7705154418945 35.865291595459 35.9045677185059 35.8848724365234 35.8596992492676 35.8406105041504 35.8200187683105 35.8060340881348 35.8011703491211 35.7927436828613 35.7879791259766 35.7805442810059 35.7793769836426 35.7694396972656 35.7597808837891 35.7573738098145
35.465518951416 35.4516944885254 35.4467315673828 35.4592361450195 35.4754104614258 35.4675025939941 35.4471664428711 35.4150848388672 35.3949584960938 35.3800048828125 35.3844947814941 35.3752403259277 35.3414535522461 35.3115539550781 35.2801666259766 35.2654609680176 35.2774314880371 35.2883186340332 35.296257019043 35.3121452331543 35.3450355529785 35.364574432373 35.3620491027832 35.3429183959961 35.3367347717285 35.3467178344727 35.3756446838379 35.4764289855957 35.5672264099121 35.6068458557129 35.7160873413086 35.8124656677246 35.8906555175781 35.9084968566895 35.8866348266602 35.8598823547363 35.8402404785156 35.8133544921875 35.8046264648438 35.8044853210449 35.8041725158691 35.8032722473145 35.7962684631348 35.7810859680176 35.7625617980957 35.7474746704102 35.7480087280273
35.5283622741699 35.5526390075684 35.5861930847168 35.6209487915039 35.6100959777832 35.5558776855469 35.4918251037598 35.4520416259766 35.4351997375488 35.4264221191406 35.4227333068848 35.4137878417969 35.4117889404297 35.4054946899414 35.4018249511719 35.3947334289551 35.3867149353027 35.3809432983398 35.358325958252 35.3463134765625 35.3572387695312 35.3962173461914 35.4016075134277 35.3776397705078 35.3460922241211 35.3393440246582 35.400447845459 35.5045700073242 35.5605010986328 35.6520233154297 35.7744331359863 35.8380928039551 35.9059371948242 35.9132652282715 35.8944892883301 35.8599014282227 35.8392105102539 35.8143157958984 35.8190956115723 35.8243370056152 35.8090515136719 35.7943344116211 35.7851028442383 35.7858047485352 35.7765121459961 35.754467010498 35.7456359863281
35.5767250061035 35.6375389099121 35.668830871582 35.6387100219727 35.6051635742188 35.5803489685059 35.54296875 35.4873428344727 35.4589653015137 35.4564971923828 35.453197479248 35.4473915100098 35.4562225341797 35.457649230957 35.4513359069824 35.4553833007812 35.4632911682129 35.4689979553223 35.4640007019043 35.4593124389648 35.4652862548828 35.4851341247559 35.4732131958008 35.4220390319824 35.3661308288574 35.3673286437988 35.4286499023438 35.5092124938965 35.5757484436035 35.6954498291016 35.8197135925293 35.8623466491699 35.9150047302246 35.9180450439453 35.9019889831543 35.8673820495605 35.8442573547363 35.8279151916504 35.8312377929688 35.828441619873 35.8165130615234 35.8017654418945 35.7853355407715 35.7710151672363 35.7744674682617 35.7639236450195 35.754524230957
35.7200088500977 35.7254676818848 35.6764640808105 35.6519470214844 35.6150207519531 35.5764808654785 35.5485992431641 35.5283584594727 35.4918556213379 35.4608917236328 35.443286895752 35.4582443237305 35.4699554443359 35.497673034668 35.5013809204102 35.5013046264648 35.5118141174316 35.5281677246094 35.5238647460938 35.5121917724609 35.5251655578613 35.544002532959 35.53955078125 35.4747886657715 35.4056282043457 35.3978042602539 35.4580688476562 35.5079536437988 35.5986366271973 35.7580604553223 35.8539962768555 35.8859024047852 35.9171104431152 35.9271697998047 35.9117164611816 35.8805961608887 35.854793548584 35.8376922607422 35.8380126953125 35.8328132629395 35.8244552612305 35.8028106689453 35.7808990478516 35.7663612365723 35.7603454589844 35.7692489624023 35.7581253051758
