Ecospace-environmental-drivers/Outputs/ASCII-for-ecospace/Sal-surf/Sal-surf_X2010.08.asc
NCOLS 131 
NROWS 53 
XLLCORNER -98 
YLLCORNER 23.9265270233154 
CELLSIZE 0.133587792515755 
NODATA_value -3.4e+38 
[rows 21 to 41 of 53, columns 0 to 46 of 131]
-3.4e+38 -3.4e+38 -3.4e+38 -3.4e+38 -3.4e+38 -3.4e+38 33.7299995422363 33.4958114624023 33.3331336975098 32.823543548584 33.0578155517578 33.4013366699219 33.6198081970215 33.8371238708496 34.006534576416 34.1295547485352 34.1932830810547 34.2156105041504 34.2708129882812 34.3331642150879 34.3638687133789 34.4089584350586 34.484546661377 34.5668601989746 34.5553245544434 34.5208587646484 34.5437660217285 34.5949745178223 34.6849899291992 34.751106262207 34.7561721801758 34.7095069885254 34.6234855651855 34.5459480285645 34.4585609436035 34.3882102966309 34.3330192565918 34.2855415344238 34.2356414794922 34.2266082763672 34.2214775085449 34.1932373046875 34.1448707580566 34.0787391662598 34.03857421875 34.0143852233887 33.9885749816895
-3.4e+38 -3.4e+38 -3.4e+38 -3.4e+38 -3.4e+38 -3.4e+38 33.8666839599609 33.8275032043457 33.4958114624023 33.6800498962402 33.9121131896973 34.1459617614746 34.4644813537598 34.6967277526855 34.7989730834961 34.8560523986816 34.8660011291504 34.8315467834473 34.8344573974609 34.890625 34.9634323120117 35.048210144043 35.0892868041992 35.0983657836914 35.099292755127 35.074405670166 35.0359725952148 35.0106811523438 34.9778137207031 34.9397010803223 34.907413482666 34.8619422912598 34.8195648193359 34.7667198181152 34.7217483520508 34.6692771911621 34.6030158996582 34.5492095947266 34.493709564209 34.4327087402344 34.325511932373 34.2253723144531 34.1222305297852 34.0716896057129 34.0251541137695 33.9792442321777 33.9407806396484
-3.4e+38 -3.4e+38 -3.4e+38 -3.4e+38 34.3931312561035 34.1575241088867 34.1533355712891 33.8666839599609 34.1200103759766 34.3550262451172 34.6512413024902 34.9210090637207 35.1281433105469 35.3038597106934 35.3686752319336 35.3337631225586 35.2735328674316 35.1984519958496 35.1423187255859 35.1153259277344 35.0776863098145 35.0271835327148 34.9926643371582 34.9390411376953 34.8985214233398 34.8674125671387 34.8278312683105 34.7911758422852 34.7546806335449 34.7176933288574 34.6957321166992 34.6858825683594 34.6786613464355 34.6673469543457 34.6514549255371 34.6126670837402 34.5569038391113 34.5177459716797 34.4693717956543 34.3875923156738 34.2779121398926 34.161190032959 34.0729141235352 34.0161666870117 33.9760818481445 33.9481315612793 33.9242897033691
-3.4e+38 -3.4e+38 -3.4e+38 -3.4e+38 34.5596923828125 34.4621772766113 34.1575241088867 34.4357986450195 34.6764755249023 34.9528503417969 35.1518630981445 35.3846626281738 35.4703369140625 35.3694190979004 35.2436637878418 35.1135482788086 35.0301208496094 34.9984512329102 34.9818496704102 34.9457855224609 34.9070472717285 34.8802757263184 34.8204307556152 34.7751197814941 34.7362747192383 34.6898498535156 34.6443328857422 34.6194915771484 34.603343963623 34.5814361572266 34.5512084960938 34.5239334106445 34.5011100769043 34.4771041870117 34.466495513916 34.449275970459 34.433235168457 34.4091682434082 34.3748474121094 34.3279228210449 34.2456016540527 34.1631546020508 34.106128692627 34.0624885559082 34.0318984985352 33.990478515625 33.9459114074707
-3.4e+38 -3.4e+38 -3.4e+38 -3.4e+38 -3.4e+38 34.5596923828125 34.669319152832 34.8836097717285 35.1032638549805 35.2865409851074 35.5387191772461 35.586784362793 35.383243560791 35.1177597045898 34.9677314758301 34.9047012329102 34.8960342407227 34.8884925842285 34.8465881347656 34.8277435302734 34.813720703125 34.7614212036133 34.7350234985352 34.7011108398438 34.6209678649902 34.5740394592285 34.5454635620117 34.5015754699707 34.4382095336914 34.4032669067383 34.3978538513184 34.4006004333496 34.3840751647949 34.3499069213867 34.3088760375977 34.3123359680176 34.3324317932129 34.3605041503906 34.3587875366211 34.338752746582 34.2775802612305 34.2294807434082 34.1918716430664 34.149055480957 34.1429061889648 34.1301345825195 34.0920791625977
-3.4e+38 -3.4e+38 -3.4e+38 -3.4e+38 -3.4e+38 34.8804206848145 35.0393943786621 35.1989974975586 35.3439254760742 35.5793991088867 35.6714134216309 35.5077476501465 35.130069732666 34.9135971069336 34.8928756713867 34.889591217041 34.8890380859375 34.8365135192871 34.8272972106934 34.8372840881348 34.7788734436035 34.7582893371582 34.707763671875 34.5906181335449 34.5416984558105 34.5091743469238 34.5079345703125 34.4612159729004 34.4442100524902 34.4457359313965 34.4466094970703 34.4303779602051 34.4234886169434 34.3853759765625 34.3120727539062 34.2744331359863 34.275951385498 34.2991180419922 34.299129486084 34.2388610839844 34.1803245544434 34.1602325439453 34.1398849487305 34.1115455627441 34.0821914672852 34.0791549682617 34.0519332885742
-3.4e+38 -3.4e+38 35.4511566162109 35.4229011535645 35.2195701599121 35.1138076782227 35.2505950927734 35.3648223876953 35.5261917114258 35.7170867919922 35.6534156799316 35.3520812988281 34.9797325134277 34.8593063354492 34.8910713195801 34.8890495300293 34.8592720031738 34.8351554870605 34.8612747192383 34.8416328430176 34.8138732910156 34.7363891601562 34.643383026123 34.603141784668 34.6001968383789 34.5775833129883 34.5433235168457 34.5018882751465 34.4860038757324 34.4865264892578 34.4593772888184 34.4426383972168 34.4115791320801 34.390869140625 34.4136238098145 34.4281845092773 34.407470703125 34.3523941040039 34.2795562744141 34.2270622253418 34.2128295898438 34.1873588562012 34.1660690307617 34.1461868286133 34.1011276245117 34.0313148498535 33.968692779541
-339999999999999996128486808808066248288.000000000000000 -3.4e+38 -3.4e+38 -3.4e+38 35.394645690918 35.2578239440918 35.3851203918457 35.4668846130371 35.6411895751953 35.7439002990723 35.6217079162598 35.2796936035156 34.9444160461426 34.8475608825684 34.8656692504883 34.8599624633789 34.8024864196777 34.8337478637695 34.8644371032715 34.8780288696289 34.8658103942871 34.7970008850098 34.7593574523926 34.709587097168 34.6817092895508 34.6518287658691 34.6249885559082 34.5783386230469 34.5417404174805 34.5176124572754 34.4891777038574 34.4463272094727 34.4696273803711 34.5060539245605 34.4876022338867 34.4707489013672 34.4533462524414 34.3765144348145 34.296688079834 34.2775344848633 34.2687187194824 34.2646179199219 34.2473182678223 34.2095947265625 34.1512870788574 34.0551147460938 33.97900390625
-3.4e+38 -3.4e+38 -3.4e+38 -3.4e+38 35.3261375427246 35.3497085571289 35.4583892822266 35.5310935974121 35.6958312988281 35.7202491760254 35.5877265930176 35.2975845336914 34.9753646850586 34.8711128234863 34.8482246398926 34.8150215148926 34.8113212585449 34.8866729736328 34.9348602294922 34.9307289123535 34.8762855529785 34.8388519287109 34.7989501953125 34.7556114196777 34.7205543518066 34.706470489502 34.6883163452148 34.6747856140137 34.6272277832031 34.5913467407227 34.5707015991211 34.5725021362305 34.5924034118652 34.5996551513672 34.5517654418945 34.4491004943848 34.4403038024902 34.480770111084 34.4835815429688 34.4650459289551 34.4493255615234 34.373592376709 34.3142890930176 34.2598304748535 34.1878128051758 34.1050071716309 34.0726318359375
-3.4e+38 -3.4e+38 -3.4e+38 -3.4e+38 35.3058204650879 35.3865509033203 35.495964050293 35.5647773742676 35.7161827087402 35.7217788696289 35.5638847351074 35.3591804504395 35.0518760681152 34.9400444030762 34.8874702453613 34.8681106567383 34.8963165283203 34.9368286132812 34.9407272338867 34.9136734008789 34.891471862793 34.8526382446289 34.8390731811523 34.8234634399414 34.8055076599121 34.7876052856445 34.7779998779297 34.7650947570801 34.7400283813477 34.7184143066406 34.7170028686523 34.6848182678223 34.6501541137695 34.6185493469238 34.58203125 34.5482330322266 34.5429000854492 34.5764198303223 34.5838470458984 34.5765800476074 34.5555152893066 34.4670944213867 34.3586959838867 34.2715759277344 34.2043991088867 34.1464080810547 34.143684387207
-3.4e+38 -3.4e+38 -3.4e+38 -3.4e+38 35.5399971008301 35.3711242675781 35.5100326538086 35.5728759765625 35.6939849853516 35.7528457641602 35.5875930786133 35.458667755127 35.1860427856445 35.0120468139648 34.9784049987793 34.9500503540039 34.959602355957 34.9666481018066 34.9542465209961 34.9412002563477 34.9326782226562 34.9344635009766 34.9124450683594 34.9025039672852 34.8921508789062 34.8631210327148 34.8611755371094 34.8468360900879 34.8380966186523 34.8161125183105 34.800895690918 34.786548614502 34.7790298461914 34.7322578430176 34.6533660888672 34.5850791931152 34.568302154541 34.5725898742676 34.5751953125 34.559741973877 34.4610290527344 34.3656959533691 34.3131294250488 34.26416015625 34.2189521789551 34.1627349853516 34.1675758361816
-3.4e+38 -3.4e+38 -3.4e+38 -3.4e+38 35.4362487792969 35.3293037414551 35.5097465515137 35.5848770141602 35.6571617126465 35.7648124694824 35.669075012207 35.5165824890137 35.3269462585449 35.0894508361816 35.0293197631836 35.0008888244629 34.9905204772949 34.980640411377 34.9777717590332 34.9693031311035 34.9734840393066 34.9828453063965 34.9784278869629 34.9713363647461 34.9570198059082 34.9333953857422 34.9348106384277 34.9246101379395 34.926830291748 34.9323921203613 34.9108734130859 34.8822822570801 34.8602180480957 34.8333740234375 34.7829933166504 34.6828002929688 34.5732574462891 34.5290565490723 34.4839782714844 34.4280853271484 34.3269348144531 34.2865982055664 34.2701148986816 34.2594413757324 34.2273750305176 34.1491203308105 34.1615829467773
-3.4e+38 -3.4e+38 -3.4e+38 -3.4e+38 35.4097137451172 35.2723999023438 35.4567222595215 35.5884552001953 35.6407089233398 35.7275390625 35.7913970947266 35.6450386047363 35.4081230163574 35.1758651733398 35.0678901672363 35.0203399658203 34.9996299743652 34.9902763366699 35.0007781982422 35.0131874084473 35.0307312011719 35.0448036193848 35.0436325073242 35.0403747558594 35.0329093933105 35.0118293762207 34.9923133850098 34.9628105163574 34.9516220092773 34.9603157043457 34.9707489013672 34.9934997558594 34.9948081970215 34.9796676635742 34.9472389221191 34.8862762451172 34.7731246948242 34.6446380615234 34.5166244506836 34.4202461242676 34.3295440673828 34.2731437683105 34.2721099853516 34.2619018554688 34.2234687805176 34.1561431884766 34.1364784240723
-3.4e+38 -3.4e+38 -3.4e+38 -3.4e+38 -3.4e+38 35.1799011230469 35.3800315856934 35.5939712524414 35.6307601928711 35.6945152282715 35.7917327880859 35.8297386169434 35.5582809448242 35.2817878723145 35.1093788146973 35.0377464294434 35.0048751831055 35.0057144165039 35.0348129272461 35.0743713378906 35.1044540405273 35.1249885559082 35.1299514770508 35.1136741638184 35.0964508056641 35.0755844116211 35.0526123046875 35.0351448059082 35.0157814025879 34.9814529418945 34.9824562072754 35.0185623168945 35.0488166809082 35.0724411010742 35.0701789855957 35.0664443969727 35.028190612793 34.9306488037109 34.7800254821777 34.6100616455078 34.4654655456543 34.3204917907715 34.254695892334 34.2467041015625 34.2341232299805 34.201416015625 34.1569671630859
-3.4e+38 -3.4e+38 -3.4e+38 -3.4e+38 -3.4e+38 30.2365837097168 35.2675590515137 35.6054382324219 35.6313362121582 35.6892852783203 35.7786140441895 35.8631019592285 35.7530517578125 35.4276390075684 35.1748657226562 35.0571746826172 35.0168762207031 35.0279388427734 35.0693092346191 35.1198806762695 35.1570243835449 35.1735801696777 35.1763954162598 35.148365020752 35.1269683837891 35.0891914367676 35.0554618835449 35.0542411804199 35.05908203125 35.0411796569824 35.0192832946777 35.0260810852051 35.062629699707 35.1013984680176 35.1117630004883 35.1180305480957 35.1376876831055 35.1643447875977 35.1178512573242 34.9943313598633 34.8413314819336 34.6684303283691 34.4694213867188 34.3026885986328 34.2661056518555 34.2629547119141 34.2501373291016
-3.4e+38 -3.4e+38 -3.4e+38 -3.4e+38 -3.4e+38 30.3288078308105 35.3436546325684 35.6040573120117 35.637279510498 35.6926879882812 35.7867012023926 35.8538017272949 35.7882690429688 35.5826263427734 35.2777633666992 35.0839538574219 35.0351829528809 35.0536766052246 35.0918960571289 35.1422080993652 35.1768684387207 35.231861114502 35.2062873840332 35.196403503418 35.1859817504883 35.1482963562012 35.0726280212402 35.0459060668945 35.0874938964844 35.0925102233887 35.0613822937012 35.0186309814453 35.037353515625 35.0881233215332 35.1329574584961 35.1487998962402 35.1406021118164 35.1556510925293 35.1852722167969 35.1938018798828 35.1439895629883 35.0622291564941 34.9414939880371 34.8162956237793 34.7082557678223 34.6104736328125 34.5166969299316
-3.4e+38 -3.4e+38 -3.4e+38 -3.4e+38 -3.4e+38 -3.4e+38 35.438907623291 35.5963897705078 35.6376113891602 35.7173156738281 35.7848701477051 35.8407592773438 35.7914352416992 35.6067047119141 35.4288482666016 35.1273040771484 35.0573959350586 35.0729446411133 35.116813659668 35.1569328308105 35.2138252258301 35.2741355895996 35.256534576416 35.2577133178711 35.2529602050781 35.2193298339844 35.1613655090332 35.0975875854492 35.1081924438477 35.1153297424316 35.1028518676758 35.0806655883789 35.0454864501953 35.0640640258789 35.1057472229004 35.1375350952148 35.1822357177734 35.1830711364746 35.1917037963867 35.2078971862793 35.2024917602539 35.1974029541016 35.1982345581055 35.1528053283691 35.0791091918945 35.0039863586426 34.9365577697754
-3.4e+38 -3.4e+38 -3.4e+38 -3.4e+38 -3.4e+38 -3.4e+38 35.4318237304688 35.5999374389648 35.6597709655762 35.7646408081055 35.7658348083496 35.8302230834961 35.7872123718262 35.6035690307617 35.5011444091797 35.236442565918 35.090087890625 35.0945281982422 35.1334838867188 35.1837043762207 35.2651290893555 35.3007583618164 35.3162155151367 35.295051574707 35.2763595581055 35.2440414428711 35.2207679748535 35.2034339904785 35.177417755127 35.1394996643066 35.0873107910156 35.0848541259766 35.0785827636719 35.053581237793 35.066837310791 35.0808906555176 35.1017417907715 35.1815032958984 35.2126541137695 35.2259368896484 35.2560043334961 35.2426605224609 35.2130126953125 35.2082099914551 35.2073135375977 35.1722755432129 35.1043663024902
-3.4e+38 -3.4e+38 -3.4e+38 -3.4e+38 -3.4e+38 -3.4e+38 35.4138565063477 35.6269454956055 35.7141418457031 35.7783393859863 35.7770729064941 35.818229675293 35.7631416320801 35.5874366760254 35.4828071594238 35.3684959411621 35.1650047302246 35.1255226135254 35.1617317199707 35.2589225769043 35.3092880249023 35.3323974609375 35.3524551391602 35.3326683044434 35.2409782409668 35.208179473877 35.2109718322754 35.2373504638672 35.2185745239258 35.1771011352539 35.1150398254395 35.1033325195312 35.1001853942871 35.0792350769043 35.0631904602051 35.0939521789551 35.0920486450195 35.106071472168 35.1883239746094 35.2272529602051 35.2507705688477 35.2649765014648 35.2747230529785 35.2967987060547 35.2829780578613 35.2375183105469 35.1865882873535
-3.4e+38 -3.4e+38 -3.4e+38 -3.4e+38 -3.4e+38 35.274055480957 35.5282516479492 35.6681632995605 35.7696838378906 35.7795104980469 35.7927742004395 35.7917175292969 35.7320098876953 35.5972480773926 35.4571495056152 35.4300346374512 35.2942543029785 35.1842651367188 35.2075729370117 35.3164138793945 35.3386917114258 35.3595352172852 35.3753929138184 35.3311233520508 35.2341194152832 35.1912040710449 35.1923027038574 35.2245941162109 35.2500991821289 35.233757019043 35.1937408447266 35.1802673339844 35.177906036377 35.1666030883789 35.1390037536621 35.1247482299805 35.1533088684082 35.1471786499023 35.1455917358398 35.2276725769043 35.2449264526367 35.2627868652344 35.2699394226074 35.29443359375 35.3450469970703 35.3559188842773 35.2943420410156
-3.4e+38 -3.4e+38 -3.4e+38 -3.4e+38 35.1600646972656 35.3243217468262 35.6603775024414 35.7351417541504 35.8152084350586 35.7859115600586 35.7861289978027 35.7414131164551 35.6425018310547 35.5296783447266 35.4170722961426 35.4137382507324 35.4181861877441 35.3002433776855 35.2715148925781 35.3251914978027 35.3494491577148 35.3745040893555 35.3950729370117 35.3287467956543 35.2775611877441 35.2517356872559 35.2466850280762 35.2656555175781 35.2940673828125 35.3312187194824 35.3371276855469 35.3205413818359 35.3054275512695 35.2894020080566 35.2702827453613 35.236156463623 35.2071151733398 35.2209434509277 35.1982078552246 35.2121315002441 35.2766990661621 35.2598991394043 35.265510559082 35.3014678955078 35.3205070495605 35.364143371582 35.3651809692383
