Ecospace-environmental-drivers/Outputs/ASCII-for-ecospace/Sal-surf/Sal-surf_X2004.08.asc
NCOLS 131 
NROWS 53 
XLLCORNER -98 
YLLCORNER 23.9265270233154 
CELLSIZE 0.133587792515755 
NODATA_value -3.4e+38 
[rows 21 to 41 of 53, columns 0 to 46 of 131]
-3.4e+38 -3.4e+38 -3.4e+38 -3.4e+38 -3.4e+38 -3.4e+38 33.7124710083008 33.5617294311523 33.3766937255859 33.1004447937012 33.2176971435547 33.3854904174805 33.5993881225586 33.7708435058594 33.8869132995605 33.9679565429688 34.0441474914551 34.0650405883789 34.0792579650879 34.1007804870605 34.0661392211914 34.0335998535156 34.022159576416 34.0406455993652 34.057674407959 34.0132369995117 34.0013236999512 34.0236015319824 34.022876739502 34.1019744873047 34.1993789672852 34.198371887207 34.1580581665039 34.1098747253418 34.0272331237793 34.0082359313965 34.0492324829102 34.0805206298828 34.092700958252 34.0952568054199 34.0817909240723 34.0628852844238 34.0379676818848 33.9995422363281 33.9583892822266 33.9207077026367 33.8732719421387
-3.4e+38 -3.4e+38 -3.4e+38 -3.4e+38 -3.4e+38 -3.4e+38 33.8752822875977 33.7004051208496 33.5617294311523 33.467903137207 33.567440032959 33.7228546142578 33.8749008178711 34.0610237121582 34.2590866088867 34.3358573913574 34.3485450744629 34.3605308532715 34.389331817627 34.4492645263672 34.4641151428223 34.4331169128418 34.3566207885742 34.283374786377 34.2249565124512 34.1212615966797 34.0500144958496 34.0227088928223 34.0537300109863 34.1847801208496 34.2351722717285 34.2354736328125 34.2183456420898 34.160343170166 34.1216125488281 34.1362648010254 34.1509094238281 34.1762962341309 34.1833190917969 34.1809883117676 34.1673431396484 34.1404266357422 34.1026496887207 34.0587005615234 34.0163688659668 33.984073638916 33.9604034423828
-3.4e+38 -3.4e+38 -3.4e+38 -3.4e+38 34.0851364135742 33.9335556030273 33.8844909667969 33.8752822875977 33.6641998291016 33.6999015808105 33.814208984375 33.9633865356445 34.2012062072754 34.4224815368652 34.3333740234375 34.3218688964844 34.4377021789551 34.5811309814453 34.724796295166 34.8246536254883 34.8732643127441 34.8894882202148 34.8390197753906 34.698413848877 34.5435371398926 34.4193496704102 34.2900238037109 34.138298034668 34.1064949035645 34.2316665649414 34.2739334106445 34.2693939208984 34.2199096679688 34.2124786376953 34.2649993896484 34.2416305541992 34.2346496582031 34.2531776428223 34.253589630127 34.2397155761719 34.2178840637207 34.2014846801758 34.181755065918 34.1608848571777 34.1353988647461 34.1041145324707 34.062442779541
-3.4e+38 -3.4e+38 -3.4e+38 -3.4e+38 34.2401466369629 34.0817031860352 33.9335556030273 33.8446311950684 33.7967224121094 33.885368347168 34.0004501342773 34.1784706115723 34.2788238525391 34.0878105163574 34.1368751525879 34.355785369873 34.6659812927246 34.8540534973145 34.9849624633789 35.0693283081055 35.1374778747559 35.1738929748535 35.1547660827637 35.1285438537598 34.9998092651367 34.7811012268066 34.6326904296875 34.5102348327637 34.3271522521973 34.2050666809082 34.2142639160156 34.2204360961914 34.2475547790527 34.3077812194824 34.3219146728516 34.2813835144043 34.2921257019043 34.2959327697754 34.2821388244629 34.2609024047852 34.2422790527344 34.227710723877 34.1983108520508 34.1556816101074 34.1289901733398 34.1036911010742 34.0586395263672
-3.4e+38 -3.4e+38 -3.4e+38 -3.4e+38 -3.4e+38 34.2401466369629 34.071403503418 33.8857078552246 33.9312438964844 34.0023574829102 34.1346397399902 34.1379241943359 34.0150489807129 33.9867477416992 34.1376533508301 34.5611534118652 34.8586158752441 35.0708045959473 35.2863922119141 35.3748397827148 35.3954734802246 35.3719100952148 35.3339881896973 35.3011589050293 35.2134284973145 35.0778884887695 34.8800430297852 34.8263969421387 34.7400016784668 34.4893569946289 34.2732315063477 34.2381248474121 34.2763061523438 34.3232345581055 34.3154106140137 34.3276252746582 34.3301277160645 34.3125038146973 34.2971954345703 34.2842063903809 34.2863998413086 34.2773132324219 34.2174224853516 34.1636505126953 34.1320266723633 34.0908012390137 34.0496978759766
-3.4e+38 -3.4e+38 -3.4e+38 -3.4e+38 -3.4e+38 34.3689918518066 34.0354156494141 33.9710540771484 34.0009002685547 34.1096382141113 34.1048583984375 34.0780792236328 34.1233062744141 34.0448722839355 34.3874435424805 34.7867965698242 35.168888092041 35.4573135375977 35.4844703674316 35.370532989502 35.2381629943848 35.1671981811523 35.1403465270996 35.1416473388672 35.1817359924316 35.170337677002 34.9843635559082 34.8504219055176 34.9223251342773 34.7815284729004 34.3792572021484 34.2233085632324 34.2618255615234 34.3813209533691 34.3892211914062 34.3765716552734 34.3526725769043 34.3547706604004 34.3632507324219 34.3690338134766 34.3631248474121 34.2878684997559 34.2326583862305 34.1832237243652 34.134635925293 34.0692329406738 34.0255393981934
-3.4e+38 -3.4e+38 35.1379356384277 35.0562973022461 34.6214332580566 34.3320274353027 34.0319137573242 33.9890556335449 34.0557479858398 34.1353225708008 34.0617256164551 34.1329650878906 34.1359786987305 34.2301597595215 34.5675849914551 35.029842376709 35.4842643737793 35.5099411010742 35.3311309814453 35.1417465209961 34.9894371032715 34.9081764221191 34.8741836547852 34.9092140197754 34.9380302429199 34.998462677002 34.9728965759277 34.8644142150879 34.9059715270996 34.9460678100586 34.6433868408203 34.3216857910156 34.3250045776367 34.4504585266113 34.4218940734863 34.4153175354004 34.4284591674805 34.4663505554199 34.4772491455078 34.4759063720703 34.4342346191406 34.3192710876465 34.2386665344238 34.1720237731934 34.0890769958496 34.0289459228516 33.9810562133789
-339999999999999996128486808808066248288.000000000000000 -3.4e+38 -3.4e+38 -3.4e+38 34.9746589660645 34.2935562133789 34.0488739013672 34.0038261413574 34.0721321105957 34.1238021850586 34.0696334838867 34.0376625061035 34.1018562316895 34.4148101806641 34.812198638916 35.4054412841797 35.5890159606934 35.4278450012207 35.1679496765137 34.9537239074707 34.8264541625977 34.7780456542969 34.7558517456055 34.7540588378906 34.8050003051758 34.8531837463379 34.8740119934082 34.8230590820312 34.831859588623 34.914192199707 34.7060890197754 34.4279136657715 34.4394721984863 34.4885330200195 34.4531784057617 34.5073509216309 34.543327331543 34.5728225708008 34.5952644348145 34.6077880859375 34.5201835632324 34.3242378234863 34.2173919677734 34.120044708252 34.0813026428223 34.0379333496094 33.9574203491211
-3.4e+38 -3.4e+38 -3.4e+38 -3.4e+38 34.691535949707 34.2286643981934 34.0705757141113 34.0068817138672 34.0351791381836 34.0659446716309 34.0521087646484 33.984203338623 34.2439956665039 34.5626258850098 35.1666603088379 35.6591567993164 35.566707611084 35.3322830200195 35.0555381774902 34.8428077697754 34.7536201477051 34.7098541259766 34.6805610656738 34.7187347412109 34.7976531982422 34.822826385498 34.8524551391602 34.8084678649902 34.8233337402344 34.855770111084 34.6120376586914 34.4509239196777 34.5094261169434 34.4912719726562 34.5614433288574 34.6273231506348 34.6473197937012 34.6723976135254 34.6687622070312 34.6554222106934 34.5583915710449 34.3033828735352 34.1999893188477 34.1317100524902 34.1070098876953 34.0280113220215 33.9833297729492
-3.4e+38 -3.4e+38 -3.4e+38 -3.4e+38 34.5517425537109 34.250675201416 34.0858192443848 33.9895477294922 33.9945983886719 34.0079078674316 34.0058174133301 34.0044593811035 34.3809356689453 34.8303833007812 35.5665512084961 35.6973304748535 35.5354957580566 35.289306640625 34.9737205505371 34.7757339477539 34.737850189209 34.739143371582 34.7215690612793 34.7509613037109 34.7979125976562 34.8143615722656 34.8726806640625 34.843017578125 34.8439750671387 34.7552375793457 34.5346870422363 34.4782867431641 34.5327606201172 34.5588645935059 34.6999626159668 34.7253379821777 34.7465209960938 34.7702484130859 34.7563705444336 34.718936920166 34.6243629455566 34.3388557434082 34.219310760498 34.1941032409668 34.1255187988281 34.0785484313965 34.0748596191406
-3.4e+38 -3.4e+38 -3.4e+38 -3.4e+38 35.4926719665527 34.3257331848145 34.111515045166 33.9444694519043 33.935489654541 33.9532012939453 33.9397659301758 34.0665130615234 34.5579299926758 35.2845420837402 35.8010292053223 35.6986999511719 35.5094985961914 35.2888450622559 34.928897857666 34.7487945556641 34.7471351623535 34.8115539550781 34.8309669494629 34.8364105224609 34.8083381652832 34.8243751525879 34.8942451477051 34.8982772827148 34.7843704223633 34.5988655090332 34.4978942871094 34.5537643432617 34.6042823791504 34.7195167541504 34.807975769043 34.8241233825684 34.8326644897461 34.8550148010254 34.8359069824219 34.7667236328125 34.689151763916 34.453742980957 34.2998313903809 34.2820510864258 34.2370338439941 34.1751976013184 34.165470123291
-3.4e+38 -3.4e+38 -3.4e+38 -3.4e+38 35.0245590209961 34.3214149475098 34.1641616821289 33.9540748596191 33.8864669799805 33.9165802001953 33.9134216308594 34.2447700500488 34.9765434265137 35.7318649291992 35.8394050598145 35.6859550476074 35.5126953125 35.3313446044922 34.964298248291 34.7375755310059 34.7716255187988 34.8019027709961 34.8573188781738 34.8747978210449 34.8556671142578 34.8995361328125 34.943660736084 34.908992767334 34.6647415161133 34.5560684204102 34.5696334838867 34.6658935546875 34.7440872192383 34.851261138916 34.8819618225098 34.8866004943848 34.8836898803711 34.9127960205078 34.8923072814941 34.8200798034668 34.7295341491699 34.6115188598633 34.4437065124512 34.3586959838867 34.316650390625 34.2349815368652 34.1972122192383
-3.4e+38 -3.4e+38 -3.4e+38 -3.4e+38 35.0166854858398 34.3921394348145 34.2265090942383 33.9722671508789 33.8324089050293 33.8749160766602 33.9758949279785 34.6080703735352 35.3413200378418 35.9124031066895 35.8582038879395 35.6685028076172 35.526741027832 35.3922653198242 35.0856781005859 34.7874183654785 34.8120384216309 34.8596649169922 34.9073181152344 34.9139251708984 34.9173393249512 34.9286422729492 34.8898887634277 34.7400436401367 34.5991249084473 34.627758026123 34.7011566162109 34.7718963623047 34.8924827575684 34.9381065368652 34.942943572998 34.9541282653809 34.9542350769043 34.9638442993164 34.9712600708008 34.930965423584 34.8150939941406 34.7287330627441 34.609001159668 34.4729537963867 34.4248085021973 34.3643074035645 34.2613563537598
-3.4e+38 -3.4e+38 -3.4e+38 -3.4e+38 -3.4e+38 34.2657737731934 34.2694206237793 34.055793762207 33.8268585205078 33.8793258666992 34.1031684875488 34.9312210083008 35.6730651855469 35.9600410461426 35.8409156799316 35.6558265686035 35.5404663085938 35.4474906921387 35.2349395751953 34.8819122314453 34.8832015991211 34.9346046447754 34.9461250305176 34.9432525634766 34.9420280456543 34.9051284790039 34.7954025268555 34.645923614502 34.6619758605957 34.7506103515625 34.8205337524414 34.9455146789551 34.9877586364746 35.0139923095703 35.0291748046875 35.0313453674316 35.0379791259766 35.0263328552246 35.0548553466797 35.0595054626465 34.9932823181152 34.8965263366699 34.8036727905273 34.6601486206055 34.5009765625 34.4246635437012 34.3878021240234
-3.4e+38 -3.4e+38 -3.4e+38 -3.4e+38 -3.4e+38 30.9653167724609 34.2621421813965 34.1523780822754 33.8496704101562 33.9010047912598 34.3036270141602 35.1844711303711 35.9773941040039 35.9766616821289 35.8122062683105 35.6479454040527 35.5467262268066 35.4972610473633 35.3579292297363 34.9857330322266 34.9454803466797 34.9434776306152 34.9500923156738 34.9427299499512 34.9142417907715 34.8290786743164 34.7107238769531 34.6807479858398 34.798152923584 34.8936576843262 34.98193359375 35.021541595459 35.0570678710938 35.0837097167969 35.1127281188965 35.1120071411133 35.1281547546387 35.1124954223633 35.1202278137207 35.1290397644043 35.1305961608887 35.1023902893066 35.0400085449219 34.9772720336914 34.8509521484375 34.6820373535156 34.5303077697754
-3.4e+38 -3.4e+38 -3.4e+38 -3.4e+38 -3.4e+38 29.8392238616943 34.2263870239258 34.2760848999023 33.9120330810547 33.9689674377441 34.5363922119141 35.5171089172363 36.042064666748 35.9929084777832 35.7638092041016 35.6052551269531 35.5721244812012 35.5433654785156 35.4338188171387 35.1135520935059 34.962287902832 34.9284591674805 34.9523429870605 34.9534378051758 34.852294921875 34.7313385009766 34.7149276733398 34.8309173583984 34.9527778625488 35.0333976745605 35.0914421081543 35.1223030090332 35.1328773498535 35.1288032531738 35.1434059143066 35.1580505371094 35.1533699035645 35.1647758483887 35.1765975952148 35.1920318603516 35.2016944885254 35.1841201782227 35.1429252624512 35.0987358093262 35.0453948974609 34.9612770080566 34.8508224487305
-3.4e+38 -3.4e+38 -3.4e+38 -3.4e+38 -3.4e+38 -3.4e+38 34.5236854553223 34.3926811218262 34.0662574768066 34.1665267944336 34.8930435180664 35.8850555419922 36.0488433837891 35.9684524536133 35.716365814209 35.5802116394043 35.5912132263184 35.5678558349609 35.4783973693848 35.2794532775879 34.9657096862793 34.9304084777832 34.9645881652832 34.931324005127 34.8290786743164 34.7427711486816 34.849609375 34.9839782714844 35.0699157714844 35.1271705627441 35.1738929748535 35.2053604125977 35.2192306518555 35.1871910095215 35.1778564453125 35.189567565918 35.1930923461914 35.1950569152832 35.2078056335449 35.2300224304199 35.265209197998 35.2605514526367 35.2283096313477 35.2060508728027 35.1528434753418 35.0858039855957 35.0197715759277
-3.4e+38 -3.4e+38 -3.4e+38 -3.4e+38 -3.4e+38 -3.4e+38 34.6465377807617 34.4641342163086 34.2466812133789 34.5223808288574 35.5740623474121 36.0684547424316 36.0592956542969 35.9435882568359 35.6479187011719 35.601634979248 35.6109962463379 35.5768203735352 35.4951820373535 35.3832511901855 35.0185241699219 34.914909362793 34.9753837585449 34.9139442443848 34.8159790039062 34.8201179504395 34.9566268920898 35.0762901306152 35.1312255859375 35.1859664916992 35.214485168457 35.2415161132812 35.2557525634766 35.2435646057129 35.237865447998 35.217456817627 35.2390899658203 35.2432327270508 35.2558174133301 35.2760391235352 35.3087272644043 35.3237571716309 35.2970848083496 35.2745628356934 35.2385749816895 35.1843299865723 35.1246566772461
-3.4e+38 -3.4e+38 -3.4e+38 -3.4e+38 -3.4e+38 -3.4e+38 34.7958602905273 34.4517936706543 34.4496269226074 35.0968627929688 35.9575538635254 36.0727081298828 36.0557250976562 35.8859748840332 35.5827293395996 35.6217613220215 35.6012191772461 35.5744781494141 35.5048446655273 35.4015312194824 35.1157302856445 34.9343566894531 34.9735641479492 34.9554481506348 34.8368072509766 34.8635368347168 35.0201263427734 35.1268539428711 35.1629066467285 35.2204856872559 35.234245300293 35.2378845214844 35.2539558410645 35.2708625793457 35.266242980957 35.232494354248 35.263313293457 35.2808837890625 35.2973823547363 35.3342552185059 35.3857650756836 35.3905868530273 35.3581466674805 35.3225898742676 35.2973899841309 35.2567176818848 35.1938095092773
-3.4e+38 -3.4e+38 -3.4e+38 -3.4e+38 -3.4e+38 35.1758728027344 34.8494682312012 34.5031280517578 34.8667106628418 35.7140960693359 36.0588569641113 36.0833625793457 36.0234794616699 35.8039817810059 35.555290222168 35.627571105957 35.5845909118652 35.560905456543 35.4967727661133 35.4293632507324 35.1902236938477 34.9717903137207 34.9634628295898 34.9810981750488 34.8676528930664 34.8810272216797 35.0465965270996 35.1659736633301 35.1994132995605 35.2182350158691 35.248722076416 35.2548713684082 35.2782745361328 35.2869987487793 35.2409782409668 35.2403221130371 35.2714729309082 35.3283843994141 35.3648452758789 35.410041809082 35.4635353088379 35.4314422607422 35.4141464233398 35.4061012268066 35.3808975219727 35.3312721252441 35.2570381164551
-3.4e+38 -3.4e+38 -3.4e+38 -3.4e+38 35.8763847351074 35.3359222412109 34.804271697998 34.7265853881836 35.3846397399902 35.9887619018555 36.0514221191406 36.0846824645996 36.0086708068848 35.7211685180664 35.5452690124512 35.6015625 35.5779342651367 35.5428771972656 35.4884300231934 35.438102722168 35.2505874633789 35.0223693847656 34.9524269104004 35.013542175293 34.9394950866699 34.8770446777344 35.0089645385742 35.1558074951172 35.2380714416504 35.2673797607422 35.2799034118652 35.2746391296387 35.2573547363281 35.2249488830566 35.2130470275879 35.2641410827637 35.3058433532715 35.4245147705078 35.4445953369141 35.4999008178711 35.5082130432129 35.4816551208496 35.5003509521484 35.5241241455078 35.4952430725098 35.409049987793 35.3212585449219
