Ecospace-environmental-drivers/Outputs/ASCII-for-ecospace/Sal-surf/Sal-surf_X2011.08.asc
NCOLS 131 
NROWS 53 
XLLCORNER -98 
YLLCORNER 23.9265270233154 
CELLSIZE 0.133587792515755 
NODATA_value -3.4e+38 
[rows 21 to 41 of 53, columns 47 to 93 of 131]
34.24560546875 34.2278137207031 34.2096710205078 34.1942443847656 34.1701431274414 34.1418266296387 34.1216354370117 34.0891036987305 34.0650863647461 34.0381088256836 34.0072898864746 34.0200080871582 34.0527763366699 34.0926055908203 34.1144256591797 34.1059875488281 34.0795860290527 34.0546340942383 34.035343170166 33.9986610412598 33.9468040466309 33.904167175293 33.8155937194824 33.695011138916 33.6250381469727 33.5871849060059 33.5640487670898 33.5370559692383 33.6027984619141 33.6669960021973 33.7372970581055 33.7545776367188 33.6123695373535 33.5033988952637 33.5155220031738 33.5104942321777 33.4090690612793 33.3257675170898 33.2344741821289 33.0132446289062 32.7964630126953 32.7849426269531 32.9703369140625 33.1600914001465 33.3380088806152 33.5282096862793 33.9160232543945
34.1889419555664 34.1470947265625 34.1103668212891 34.0783843994141 34.0459861755371 34.0208396911621 34.0135459899902 34.0142059326172 34.0360527038574 34.0633811950684 34.1001892089844 34.1758155822754 34.1935081481934 34.1529350280762 34.1701316833496 34.1336364746094 34.104362487793 34.0837173461914 34.0673713684082 34.0358581542969 33.9980888366699 33.9848594665527 33.9732208251953 33.9181175231934 33.8021087646484 33.7255058288574 33.7109756469727 33.6121673583984 33.5537757873535 33.6380310058594 33.6457633972168 33.761402130127 33.7577667236328 33.7614974975586 33.794116973877 33.7814712524414 33.6777305603027 33.6064796447754 33.5535125732422 33.4480018615723 33.2021102905273 33.0269927978516 33.1301574707031 33.2860641479492 33.4252815246582 33.5987968444824 33.8894958496094
34.055233001709 34.0153045654297 33.9811820983887 33.9645500183105 33.9798011779785 34.0104637145996 34.0208740234375 34.0354499816895 34.1221504211426 34.2123146057129 34.2331237792969 34.2277183532715 34.2509651184082 34.2552490234375 34.2618713378906 34.2643394470215 34.2289047241211 34.1817626953125 34.131275177002 34.0830764770508 34.0300331115723 34.028938293457 34.0137023925781 34.0192031860352 33.9770011901855 33.8660926818848 33.7751884460449 33.7409362792969 33.6737022399902 33.6511001586914 33.6933555603027 33.8118362426758 33.8928451538086 33.8326377868652 33.8937454223633 33.9456520080566 33.8891716003418 33.7920227050781 33.7260437011719 33.7648735046387 33.6629524230957 33.3969573974609 33.3710060119629 33.5305633544922 33.618595123291 33.700626373291 33.8504829406738
34.0306053161621 34.0415496826172 34.054141998291 34.0568428039551 34.0607299804688 34.0544891357422 34.118106842041 34.2372360229492 34.3377647399902 34.3671455383301 34.3720817565918 34.3675765991211 34.3803062438965 34.408763885498 34.4020652770996 34.3991775512695 34.3656539916992 34.3328857421875 34.2808799743652 34.2017021179199 34.1543769836426 34.1155319213867 34.1145896911621 34.093578338623 34.0697937011719 34.0098152160645 33.9192504882812 33.8359489440918 33.7812652587891 33.767333984375 33.8189010620117 33.9015426635742 34.064453125 34.0550422668457 33.9595336914062 33.976245880127 33.9821739196777 33.9830360412598 33.8940658569336 33.8481750488281 33.857967376709 33.7515182495117 33.6043510437012 33.6514167785645 33.7706031799316 33.7961959838867 33.8332061767578
34.1363716125488 34.1631889343262 34.1569671630859 34.1592750549316 34.1742134094238 34.2306671142578 34.3545188903809 34.432300567627 34.4659080505371 34.4555473327637 34.4502868652344 34.4573631286621 34.4626197814941 34.4352836608887 34.4161949157715 34.405460357666 34.3707122802734 34.3296813964844 34.350643157959 34.3332099914551 34.2445602416992 34.2165603637695 34.1918029785156 34.1413307189941 34.1146354675293 34.0631866455078 33.983154296875 33.9045295715332 33.8551254272461 33.8250961303711 33.8738594055176 33.9406242370605 34.0673522949219 34.191650390625 34.1084747314453 33.9528274536133 33.9420051574707 33.9491386413574 33.9955253601074 33.9608154296875 33.947624206543 33.9102935791016 33.7974739074707 33.769287109375 33.8335227966309 33.8692893981934 33.8815574645996
34.3894577026367 34.3720359802246 34.3188323974609 34.3680038452148 34.4121627807617 34.5057792663574 34.5858573913574 34.6345596313477 34.5934143066406 34.5447311401367 34.5692443847656 34.5875434875488 34.5847320556641 34.5670013427734 34.5291862487793 34.4777793884277 34.4452857971191 34.4000358581543 34.366153717041 34.3371124267578 34.3010864257812 34.2288436889648 34.1872596740723 34.1714668273926 34.1964263916016 34.1819305419922 34.0879974365234 34.0024452209473 33.9113845825195 33.8778839111328 33.9050216674805 33.9757499694824 34.0277557373047 34.1274375915527 34.2321434020996 34.0885772705078 33.9095878601074 33.9576797485352 34.089111328125 34.1880493164062 34.2524108886719 34.2091026306152 34.0655632019043 33.9935607910156 33.9816741943359 33.9578170776367 33.9896659851074
34.5146942138672 34.4834365844727 34.4226493835449 34.4631881713867 34.5331993103027 34.6153030395508 34.6749038696289 34.6929054260254 34.6695175170898 34.6726531982422 34.7536506652832 34.7737121582031 34.783332824707 34.7550392150879 34.6978416442871 34.6380271911621 34.5969161987305 34.5522880554199 34.4849815368652 34.3766403198242 34.3150482177734 34.2964706420898 34.2688598632812 34.2443008422852 34.2620429992676 34.2855644226074 34.2198715209961 34.1550559997559 34.0425796508789 33.9778442382812 33.9511871337891 33.9915428161621 34.0299911499023 34.064281463623 34.1461791992188 34.1753082275391 34.0364379882812 34.0998077392578 34.1566886901855 34.3216323852539 34.4772148132324 34.4347801208496 34.3220252990723 34.2489738464355 34.221981048584 34.1881408691406 34.1585273742676
34.6034469604492 34.5075645446777 34.4695281982422 34.6012382507324 34.6817932128906 34.7402648925781 34.7658271789551 34.7690620422363 34.768497467041 34.8267517089844 34.9039421081543 34.8876724243164 34.8454780578613 34.7831001281738 34.7400703430176 34.7129592895508 34.6811332702637 34.6764068603516 34.6327743530273 34.5393981933594 34.4933853149414 34.4075813293457 34.3529891967773 34.302059173584 34.3063354492188 34.350414276123 34.3348426818848 34.2369575500488 34.1527557373047 34.0807876586914 34.0519104003906 34.0059776306152 34.016471862793 34.0519256591797 34.109489440918 34.1370887756348 34.1061935424805 34.1695556640625 34.2226943969727 34.4066047668457 34.5126342773438 34.4551277160645 34.4578170776367 34.4463424682617 34.401309967041 34.3526191711426 34.3197937011719
34.5156059265137 34.5481262207031 34.6870346069336 34.7230949401855 34.779468536377 34.8297653198242 34.8377914428711 34.8039321899414 34.8061332702637 34.8650970458984 34.8793907165527 34.8503608703613 34.8003234863281 34.7917594909668 34.7902755737305 34.7522430419922 34.7153663635254 34.696834564209 34.6650810241699 34.6376991271973 34.6151428222656 34.5613555908203 34.478271484375 34.3911933898926 34.3451881408691 34.3631858825684 34.4175224304199 34.3714027404785 34.229923248291 34.1389007568359 34.1127967834473 34.0599479675293 34.0533332824707 34.122989654541 34.1830444335938 34.1308288574219 34.1090316772461 34.1764755249023 34.325080871582 34.5486907958984 34.6576271057129 34.6061172485352 34.5983467102051 34.7268600463867 34.6695175170898 34.5111656188965 34.4316139221191
34.605884552002 34.6923179626465 34.7421607971191 34.7952842712402 34.8246231079102 34.843132019043 34.8056335449219 34.7539329528809 34.8041000366211 34.9021530151367 34.8952484130859 34.8812942504883 34.8430557250977 34.8374519348145 34.844352722168 34.8010368347168 34.7448425292969 34.7065620422363 34.6649551391602 34.6390838623047 34.5999450683594 34.5527610778809 34.5147895812988 34.4632530212402 34.4067916870117 34.3669624328613 34.410701751709 34.4566650390625 34.3331108093262 34.1899528503418 34.1834106445312 34.184642791748 34.2539863586426 34.313777923584 34.3658180236816 34.323600769043 34.2260437011719 34.179557800293 34.2591667175293 34.4964561462402 34.6292457580566 34.5590515136719 34.6230163574219 34.7757415771484 34.955436706543 34.8216209411621 34.6078033447266
34.7754173278809 34.8056907653809 34.842041015625 34.8654861450195 34.8801727294922 34.8851776123047 34.786750793457 34.7715072631836 34.8450355529785 34.9299011230469 34.9240112304688 34.9189186096191 34.8603057861328 34.8456611633301 34.8508453369141 34.8543853759766 34.8037757873535 34.7546844482422 34.6966552734375 34.6567993164062 34.6220932006836 34.5894355773926 34.5311241149902 34.4862365722656 34.4460067749023 34.3957481384277 34.398868560791 34.4385643005371 34.3760414123535 34.2988357543945 34.2667808532715 34.333610534668 34.4560623168945 34.5189933776855 34.5659599304199 34.5568771362305 34.4599418640137 34.3525733947754 34.2582817077637 34.305492401123 34.5504608154297 34.6025390625 34.6515579223633 34.7412261962891 35.0145721435547 35.1483421325684 34.8973159790039
34.9048690795898 34.878360748291 34.8922500610352 34.8932723999023 34.8954010009766 34.9004821777344 34.8171310424805 34.8474197387695 34.9300918579102 34.9758949279785 34.9368324279785 34.9393997192383 34.9061241149902 34.8897247314453 34.8705253601074 34.8600578308105 34.8282508850098 34.7448959350586 34.7133331298828 34.7283782958984 34.693473815918 34.6115112304688 34.5377998352051 34.4952697753906 34.4665107727051 34.4501991271973 34.4289932250977 34.4542121887207 34.3890800476074 34.3617286682129 34.4384078979492 34.5308418273926 34.6819496154785 34.6817588806152 34.6781272888184 34.7066688537598 34.6907691955566 34.6515731811523 34.5436706542969 34.3420562744141 34.3916244506836 34.607479095459 34.6415977478027 34.7912559509277 35.1106643676758 35.2936973571777 35.1732597351074
34.9465370178223 34.9530372619629 34.9380378723145 34.9084854125977 34.9079284667969 34.9208717346191 34.8551940917969 34.8660354614258 34.9705238342285 34.9895362854004 34.9602203369141 34.9572792053223 34.894214630127 34.876766204834 34.855712890625 34.8410949707031 34.8403282165527 34.806526184082 34.760555267334 34.7484321594238 34.716854095459 34.6458206176758 34.5406646728516 34.4818229675293 34.4400444030762 34.4477233886719 34.4460563659668 34.4623832702637 34.3766174316406 34.3517913818359 34.5373229980469 34.774356842041 34.8337211608887 34.7933731079102 34.7570419311523 34.7629127502441 34.7887153625488 34.7789154052734 34.7824630737305 34.7172966003418 34.5488662719727 34.5679969787598 34.626708984375 34.863941192627 35.217098236084 35.3507347106934 35.2871437072754
35.0073699951172 35.0275955200195 35.013427734375 34.9443168640137 34.9290771484375 34.9475326538086 34.8659858703613 34.8824768066406 35.0004234313965 35.0090675354004 34.980785369873 34.9642143249512 34.884464263916 34.8747444152832 34.8648796081543 34.8230819702148 34.8115844726562 34.8066940307617 34.8087730407715 34.7812042236328 34.7283630371094 34.6595001220703 34.522647857666 34.5059547424316 34.4704322814941 34.4435882568359 34.4338455200195 34.4698753356934 34.3529663085938 34.350212097168 34.669807434082 34.8651962280273 34.9140014648438 34.9097137451172 34.830249786377 34.807243347168 34.8382835388184 34.8406982421875 34.8415107727051 34.8227157592773 34.7835578918457 34.7306594848633 34.7098045349121 34.9198150634766 35.2116394042969 35.3320159912109 35.3538856506348
35.0732231140137 35.0577087402344 35.0494232177734 34.9920692443848 34.9823150634766 34.9520149230957 34.8969688415527 34.9039459228516 35.0145492553711 35.00390625 34.9816780090332 34.964469909668 34.8790130615234 34.8666114807129 34.888355255127 34.8462677001953 34.8579483032227 34.8377227783203 34.8118133544922 34.8007431030273 34.8118896484375 34.7471923828125 34.6208419799805 34.5849723815918 34.5537528991699 34.4946060180664 34.4633178710938 34.4771766662598 34.3728981018066 34.4874534606934 34.7708358764648 34.8674201965332 34.9006118774414 34.9637603759766 34.9249572753906 34.8644752502441 34.8553848266602 34.8711280822754 34.8609886169434 34.869441986084 34.8778419494629 34.8450469970703 34.9400520324707 35.0431137084961 35.123966217041 35.248291015625 35.3209648132324
35.0815467834473 35.1178092956543 35.1140441894531 35.0587425231934 35.0214881896973 34.9662818908691 34.9161682128906 34.9192428588867 35.0231132507324 35.0133399963379 34.9806709289551 34.9577407836914 34.9079666137695 34.8875579833984 34.868953704834 34.8815307617188 34.8598136901855 34.8789367675781 34.8387641906738 34.7919578552246 34.747974395752 34.7163581848145 34.687427520752 34.6263313293457 34.5959854125977 34.5462303161621 34.4943313598633 34.4679718017578 34.4536476135254 34.6328468322754 34.8419723510742 34.9545097351074 35.0198631286621 35.0595893859863 34.9943542480469 34.9413795471191 34.9141311645508 34.9171371459961 34.9086990356445 34.9600830078125 34.9763641357422 35.0254096984863 35.1203765869141 35.1561508178711 35.1644020080566 35.2024345397949 35.2547035217285
35.1324653625488 35.1610336303711 35.1290130615234 35.1231994628906 35.1006660461426 34.9825553894043 34.9342269897461 34.9399757385254 35.0354957580566 34.9828987121582 34.9923400878906 34.9838790893555 34.9475936889648 34.9059410095215 34.8989334106445 34.9009895324707 34.8765563964844 34.835578918457 34.8182411193848 34.8141479492188 34.785530090332 34.77685546875 34.7292785644531 34.7010192871094 34.6464767456055 34.5916709899902 34.5543746948242 34.4960289001465 34.5741958618164 34.7375183105469 34.9328689575195 35.0159606933594 35.021068572998 35.0460739135742 35.0762977600098 35.0747261047363 35.0660972595215 35.0416793823242 35.0180702209473 35.0307884216309 35.0752487182617 35.1823234558105 35.2884101867676 35.2805252075195 35.2534370422363 35.2597045898438 35.2850456237793
35.1958541870117 35.1769752502441 35.1412315368652 35.1576919555664 35.1304397583008 35.0407333374023 34.9877777099609 34.9494400024414 35.0104484558105 34.9847946166992 35.0118789672852 35.0300979614258 34.959358215332 34.9154739379883 34.9389038085938 34.8963928222656 34.8794097900391 34.8214950561523 34.8134384155273 34.7893447875977 34.7780952453613 34.7882804870605 34.7434539794922 34.7115287780762 34.6847915649414 34.6357841491699 34.5675315856934 34.5376815795898 34.689323425293 34.8440818786621 34.9702110290527 34.9481925964355 34.8967018127441 34.9905128479004 35.1244850158691 35.217960357666 35.2511863708496 35.1996116638184 35.1990699768066 35.2053909301758 35.2338829040527 35.3667373657227 35.4493370056152 35.4726066589355 35.4688148498535 35.4437637329102 35.4226760864258
35.1892356872559 35.1919097900391 35.1650810241699 35.1982116699219 35.1049842834473 35.0654411315918 35.0727500915527 35.0280799865723 35.0251007080078 34.9994506835938 35.0149002075195 35.0305099487305 34.9417037963867 34.8890991210938 34.9135627746582 34.887134552002 34.8498344421387 34.7852249145508 34.7811622619629 34.7627487182617 34.7633857727051 34.7722625732422 34.7624931335449 34.7411613464355 34.7114753723145 34.6273040771484 34.5434379577637 34.6266784667969 34.8260078430176 34.9582862854004 34.9499931335449 34.8461303710938 34.8399772644043 34.978458404541 35.1801567077637 35.3281707763672 35.3294334411621 35.3629989624023 35.4574546813965 35.5211982727051 35.6362915039062 35.7666282653809 35.8083610534668 35.7969207763672 35.7619857788086 35.6981353759766 35.6120834350586
35.2040901184082 35.2278709411621 35.2022895812988 35.175464630127 35.0481643676758 35.0725212097168 35.123592376709 35.0925598144531 35.0510063171387 35.0246963500977 35.0266265869141 35.035514831543 34.9804840087891 34.8934555053711 34.8631744384766 34.857780456543 34.8441772460938 34.7900505065918 34.7897109985352 34.7986869812012 34.7938232421875 34.7907829284668 34.7786636352539 34.7505493164062 34.6698837280273 34.5809020996094 34.6281547546387 34.7513961791992 34.9211502075195 34.9738960266113 34.8674545288086 34.7954635620117 34.8576431274414 35.1314926147461 35.2520217895508 35.2998504638672 35.3760757446289 35.501091003418 35.5970726013184 35.7266616821289 35.8722381591797 35.9508743286133 35.952033996582 35.9508514404297 35.9414672851562 35.9159851074219 35.8671913146973
35.1850929260254 35.2369270324707 35.2293128967285 35.1385192871094 35.022216796875 35.0864219665527 35.1729469299316 35.1798362731934 35.091552734375 35.0308494567871 35.0236740112305 35.0367851257324 35.039665222168 34.9115600585938 34.8637809753418 34.8494873046875 34.8173599243164 34.8110618591309 34.7956314086914 34.7863883972168 34.7939414978027 34.794921875 34.779468536377 34.7293090820312 34.6063117980957 34.6260948181152 34.7628021240234 34.8565940856934 34.9460601806641 34.9192352294922 34.8042144775391 34.8329086303711 35.0690231323242 35.2284507751465 35.2843208312988 35.3382415771484 35.5051345825195 35.6248474121094 35.7404251098633 35.8895874023438 35.9628448486328 35.9658546447754 35.9565849304199 35.958438873291 35.9455871582031 35.9269065856934 35.9105033874512
