Ecospace-environmental-drivers/Outputs/ASCII-for-ecospace/Sal-surf/Sal-surf_X2009.12.asc
NCOLS 131 
NROWS 53 
XLLCORNER -98 
YLLCORNER 23.9265270233154 
CELLSIZE 0.133587792515755 
NODATA_value -3.4e+38 
[rows 21 to 41 of 53, columns 47 to 93 of 131]
35.5340805053711 35.5095367431641 35.4928207397461 35.484992980957 35.4741668701172 35.4147186279297 35.3522491455078 35.3088188171387 35.3185844421387 35.3660278320312 35.3826789855957 35.3990020751953 35.3852043151855 35.4324378967285 35.6054611206055 35.7040176391602 35.7855491638184 35.8371658325195 35.8486824035645 35.8669624328613 35.8893165588379 35.8983955383301 35.903751373291 35.9072532653809 35.9094161987305 35.9141082763672 35.9223022460938 35.9257125854492 35.9270629882812 35.9364318847656 35.946949005127 35.9562797546387 35.9673461914062 35.9782447814941 35.9931831359863 36.0054397583008 35.9988059997559 35.9856300354004 35.9599533081055 35.918155670166 35.8999900817871 35.8959808349609 35.8824424743652 35.8648414611816 35.8748359680176 35.8696403503418 35.8340110778809
35.5431861877441 35.5282592773438 35.5107917785645 35.4795303344727 35.4637603759766 35.4604911804199 35.4598922729492 35.4561920166016 35.4702796936035 35.4747848510742 35.4676895141602 35.4880485534668 35.4643402099609 35.5411338806152 35.6745872497559 35.7608795166016 35.8252716064453 35.8489418029785 35.8713836669922 35.8908309936523 35.909122467041 35.9189605712891 35.9269599914551 35.9296531677246 35.930778503418 35.9306182861328 35.9371681213379 35.9411125183105 35.9365348815918 35.941535949707 35.9545745849609 35.9623374938965 35.9719123840332 35.9930038452148 36.0114326477051 36.0095596313477 35.9975471496582 35.9877510070801 35.9833221435547 35.9634590148926 35.9242935180664 35.9137878417969 35.8906440734863 35.8707427978516 35.8753852844238 35.8725433349609 35.8596687316895
35.5673942565918 35.5471801757812 35.5334625244141 35.5026435852051 35.4944877624512 35.5642890930176 35.5899085998535 35.5718994140625 35.5461082458496 35.5364532470703 35.5456733703613 35.5463829040527 35.5493965148926 35.62548828125 35.7489547729492 35.8169975280762 35.857738494873 35.8808555603027 35.8945579528809 35.8958740234375 35.8929100036621 35.9036712646484 35.9201316833496 35.9292411804199 35.9308662414551 35.930778503418 35.9368629455566 35.9463386535645 35.9508781433105 35.9523849487305 35.9618644714355 35.9710159301758 35.9875869750977 36.009407043457 36.0143699645996 35.9944114685059 35.978458404541 35.9727973937988 35.9723320007324 35.9696807861328 35.9449615478516 35.9308128356934 35.906551361084 35.8777542114258 35.8768730163574 35.8735237121582 35.8655891418457
35.5732650756836 35.5499496459961 35.527587890625 35.5027046203613 35.5576171875 35.6135520935059 35.6277618408203 35.5973129272461 35.559268951416 35.563102722168 35.5694770812988 35.569019317627 35.6324081420898 35.7346878051758 35.816577911377 35.844612121582 35.8737716674805 35.8863716125488 35.8809471130371 35.8800315856934 35.8792419433594 35.8863677978516 35.9164962768555 35.938591003418 35.941951751709 35.9403533935547 35.9450836181641 35.9525108337402 35.9560470581055 35.9676666259766 35.9848861694336 35.99462890625 36.010082244873 36.0191268920898 36.0026779174805 35.9756278991699 35.968578338623 35.9662437438965 35.962776184082 35.9653396606445 35.9550819396973 35.9388389587402 35.9231872558594 35.8921966552734 35.8842124938965 35.8809089660645 35.8717193603516
35.5679321289062 35.5453643798828 35.5350646972656 35.5647354125977 35.6238441467285 35.635311126709 35.6287536621094 35.589469909668 35.5590667724609 35.5728874206543 35.5910682678223 35.6697998046875 35.7606506347656 35.8237724304199 35.8473205566406 35.8660507202148 35.8853874206543 35.8909339904785 35.8830070495605 35.8834190368652 35.8907318115234 35.8925132751465 35.9074478149414 35.9425468444824 35.942497253418 35.9419708251953 35.9535293579102 35.970775604248 35.9794616699219 35.9863319396973 35.9964027404785 36.0128517150879 36.0217094421387 36.0246543884277 35.9880561828613 35.965633392334 35.9651412963867 35.9634857177734 35.9586486816406 35.9638175964355 35.9588623046875 35.9441871643066 35.9341201782227 35.9043579101562 35.8991470336914 35.8893356323242 35.8922996520996
35.5771865844727 35.5802116394043 35.6084365844727 35.6344795227051 35.6240882873535 35.626293182373 35.6173667907715 35.5746421813965 35.5779037475586 35.6343078613281 35.7277183532715 35.7953720092773 35.8268661499023 35.8453903198242 35.8625907897949 35.8743782043457 35.8804473876953 35.8875198364258 35.8920249938965 35.8836326599121 35.9000434875488 35.9025917053223 35.903263092041 35.9407043457031 35.9402503967285 35.9401664733887 35.9576110839844 35.9740219116211 35.9822654724121 35.9889259338379 36.0090827941895 36.023551940918 36.036190032959 36.0281143188477 35.9832954406738 35.9591751098633 35.9618835449219 35.9636535644531 35.9582252502441 35.9600982666016 35.9564476013184 35.948558807373 35.9401054382324 35.907169342041 35.9051895141602 35.9046173095703 35.9100914001465
35.6227035522461 35.6253395080566 35.6355743408203 35.6396179199219 35.6377944946289 35.6505088806152 35.6324882507324 35.6236839294434 35.6997337341309 35.7800598144531 35.8179779052734 35.8384284973145 35.850528717041 35.8602333068848 35.8676376342773 35.8712997436523 35.8674240112305 35.870231628418 35.8917198181152 35.9022216796875 35.9110870361328 35.9205169677734 35.9100112915039 35.9290924072266 35.9388084411621 35.948070526123 35.9738731384277 35.9800033569336 35.9870262145996 36.001953125 36.0252532958984 36.0396461486816 36.0479927062988 36.0371932983398 36.0018920898438 35.9637489318848 35.9543266296387 35.9537506103516 35.9563484191895 35.9570198059082 35.955867767334 35.9501647949219 35.9247970581055 35.9053153991699 35.9069328308105 35.9239311218262 35.919376373291
35.6476135253906 35.6397552490234 35.64990234375 35.6717796325684 35.6749267578125 35.6638870239258 35.6603927612305 35.7377510070801 35.8149490356445 35.8339004516602 35.8506622314453 35.8615341186523 35.855167388916 35.8506546020508 35.8518028259277 35.8523483276367 35.8527603149414 35.8603096008301 35.8754119873047 35.9092864990234 35.926155090332 35.9384956359863 35.9277267456055 35.9304962158203 35.935375213623 35.9544486999512 35.9896049499512 35.9993324279785 36.0086936950684 36.0259742736816 36.0436248779297 36.0498085021973 36.0593147277832 36.0523071289062 36.0332107543945 35.99853515625 35.9751129150391 35.9542083740234 35.9449157714844 35.9405097961426 35.9331092834473 35.9208869934082 35.9203414916992 35.9384155273438 35.9780044555664 35.993106842041 35.991813659668
35.6560707092285 35.6718711853027 35.676155090332 35.648609161377 35.6033592224121 35.5967063903809 35.682445526123 35.7466659545898 35.7903289794922 35.8201141357422 35.8275985717773 35.8298606872559 35.8199348449707 35.8339729309082 35.867317199707 35.8747253417969 35.8725318908691 35.878059387207 35.880672454834 35.8881607055664 35.9273300170898 35.9626235961914 35.9454765319824 35.9345664978027 35.9296112060547 35.955997467041 35.9947624206543 36.010684967041 36.0241928100586 36.0403137207031 36.051929473877 36.0570220947266 36.0672988891602 36.0702438354492 36.0656623840332 36.0571594238281 36.0269927978516 36.0060920715332 35.9918251037598 35.9868583679199 35.9884223937988 35.9994430541992 36.0215072631836 36.0499305725098 36.0641326904297 36.0633735656738 36.0556716918945
35.6741714477539 35.6748733520508 35.6331329345703 35.5854721069336 35.5956993103027 35.6501846313477 35.6897087097168 35.6915054321289 35.6908798217773 35.7134017944336 35.7527198791504 35.798023223877 35.8354187011719 35.860710144043 35.8979110717773 35.9117813110352 35.9102973937988 35.9052314758301 35.8849029541016 35.8820457458496 35.9120025634766 35.9735832214355 35.9714164733887 35.9321060180664 35.9304504394531 35.9613609313965 35.9956893920898 36.0164833068848 36.0275192260742 36.0414810180664 36.0494499206543 36.0538330078125 36.0647239685059 36.0746765136719 36.0824165344238 36.0873794555664 36.0811462402344 36.0701141357422 36.0582618713379 36.0512619018555 36.0516700744629 36.0600433349609 36.0691795349121 36.0735740661621 36.073055267334 36.0646324157715 36.0565071105957
35.6744804382324 35.64404296875 35.6169700622559 35.6289825439453 35.6747817993164 35.6960029602051 35.6921730041504 35.6795234680176 35.6626434326172 35.6602478027344 35.688419342041 35.7201957702637 35.7620391845703 35.8048095703125 35.8499221801758 35.8850708007812 35.8917198181152 35.8940124511719 35.8855972290039 35.8808250427246 35.9091529846191 35.9708786010742 35.9723281860352 35.9449844360352 35.9406127929688 35.9697723388672 35.9957962036133 36.0208053588867 36.0330467224121 36.042423248291 36.04736328125 36.0484809875488 36.0545539855957 36.0631065368652 36.0747299194336 36.0882987976074 36.0931015014648 36.0927581787109 36.0908699035645 36.089729309082 36.0856895446777 36.0788421630859 36.075325012207 36.0735206604004 36.0720710754395 36.0619697570801 36.0500717163086
35.6958694458008 35.6635589599609 35.6568603515625 35.6850547790527 35.6826477050781 35.679027557373 35.6801605224609 35.674674987793 35.6726188659668 35.6631774902344 35.6473350524902 35.672119140625 35.7005577087402 35.7392311096191 35.7870864868164 35.8295860290527 35.8421173095703 35.8517417907715 35.8935623168945 35.8861122131348 35.9167633056641 35.9538764953613 35.9558486938477 35.9436912536621 35.9595260620117 35.976390838623 36.0003623962402 36.0121917724609 36.0349960327148 36.0437927246094 36.0516624450684 36.0502853393555 36.0508995056152 36.05419921875 36.0597190856934 36.0703659057617 36.082935333252 36.0912704467773 36.0928382873535 36.0913887023926 36.087718963623 36.0811042785645 36.0769805908203 36.075855255127 36.0747947692871 36.0628662109375 36.0476760864258
35.7820205688477 35.7450408935547 35.731388092041 35.7319641113281 35.7177810668945 35.6972732543945 35.6764488220215 35.6665458679199 35.6562728881836 35.6423454284668 35.6491889953613 35.6591720581055 35.6982040405273 35.7352523803711 35.7618675231934 35.7883834838867 35.8008995056152 35.8333206176758 35.8940391540527 35.9013786315918 35.9090347290039 35.9386100769043 35.9374656677246 35.9408836364746 35.9627113342285 35.9722099304199 35.9938583374023 36.0037574768066 36.0221633911133 36.0373344421387 36.0480842590332 36.0507354736328 36.0478401184082 36.0509071350098 36.0538597106934 36.0593414306641 36.069091796875 36.0838203430176 36.0917587280273 36.0936431884766 36.0907402038574 36.081184387207 36.0774192810059 36.077709197998 36.0752487182617 36.065673828125 36.0524673461914
35.8892021179199 35.8514633178711 35.8393859863281 35.8167991638184 35.8047409057617 35.7851409912109 35.7649154663086 35.7306289672852 35.7097663879395 35.7058906555176 35.7178344726562 35.7305908203125 35.7454643249512 35.7746315002441 35.7931938171387 35.7990264892578 35.8048248291016 35.8276062011719 35.884090423584 35.8949317932129 35.9120559692383 35.9448852539062 35.9504508972168 35.9551467895508 35.9737434387207 35.9857521057129 35.9897193908691 35.9980583190918 36.0055885314941 36.034984588623 36.0355110168457 36.0399971008301 36.0388984680176 36.0354461669922 36.0417327880859 36.052791595459 36.0621452331543 36.0771141052246 36.0871315002441 36.08984375 36.0900230407715 36.0905418395996 36.087718963623 36.0832328796387 36.0747261047363 36.0670433044434 36.0558929443359
36.0028419494629 35.9671821594238 35.933277130127 35.9190559387207 35.8968696594238 35.8710060119629 35.8530578613281 35.8415794372559 35.8143539428711 35.8027267456055 35.7950782775879 35.8050689697266 35.8038444519043 35.814037322998 35.821159362793 35.8372344970703 35.8351173400879 35.8312149047852 35.8811340332031 35.8689079284668 35.897777557373 35.9503440856934 35.9636917114258 35.977725982666 35.9868659973145 35.9935302734375 35.9976844787598 36.0009765625 36.0009727478027 36.0268821716309 36.0290145874023 36.0329856872559 36.0342597961426 36.0279388427734 36.0229225158691 36.0411796569824 36.0578384399414 36.070972442627 36.0853309631348 36.0814437866211 36.0823059082031 36.0919342041016 36.0964775085449 36.0886726379395 36.0776214599609 36.0740966796875 36.063850402832
36.0918426513672 36.054141998291 36.0494651794434 36.0480842590332 36.0330543518066 36.0092582702637 35.9883651733398 35.9753875732422 35.9686737060547 35.9570693969727 35.9418487548828 35.9134292602539 35.8911323547363 35.8672142028809 35.8576850891113 35.853572845459 35.8526344299316 35.839225769043 35.8570785522461 35.8693351745605 35.8888893127441 35.9344902038574 35.9675216674805 35.9800720214844 35.9817695617676 35.9804573059082 35.976448059082 35.9852752685547 35.9890251159668 35.9948310852051 36.0134162902832 36.0268821716309 36.0367774963379 36.0299072265625 36.0161018371582 36.0335998535156 36.0571479797363 36.0694389343262 36.0788459777832 36.0777587890625 36.074390411377 36.0823364257812 36.089656829834 36.0869636535645 36.0804405212402 36.0775032043457 36.0722351074219
36.1409339904785 36.1124496459961 36.0725517272949 36.0573692321777 36.0625610351562 36.0703239440918 36.0692520141602 36.0618629455566 36.0533714294434 36.0403366088867 36.0260925292969 36.00537109375 35.9652214050293 35.9265670776367 35.8856925964355 35.8544235229492 35.8435554504395 35.8378791809082 35.8418197631836 35.8452262878418 35.8916168212891 35.9436912536621 35.9710998535156 35.9887428283691 35.9798126220703 35.9748001098633 35.9825096130371 35.9869499206543 35.9958343505859 35.9988708496094 36.0195007324219 36.0290870666504 36.0361671447754 36.034610748291 36.0294380187988 36.0408477783203 36.055419921875 36.0703086853027 36.0762672424316 36.073657989502 36.0679359436035 36.0676612854004 36.0766372680664 36.0788955688477 36.0773963928223 36.0761070251465 36.0801200866699
36.1716384887695 36.1528205871582 36.1385154724121 36.123405456543 36.1030464172363 36.083683013916 36.073802947998 36.0760612487793 36.0838966369629 36.0872268676758 36.0739402770996 36.0720558166504 36.0606575012207 36.0329971313477 36.0149879455566 35.9665679931641 35.9296684265137 35.9124565124512 35.8968925476074 35.8875770568848 35.8861541748047 35.9134674072266 35.9340553283691 35.9436416625977 35.9605712890625 35.989631652832 35.9990158081055 35.9950294494629 35.9959831237793 36.0108833312988 36.0267333984375 36.0418319702148 36.0369987487793 36.0279273986816 36.0311088562012 36.0369262695312 36.0479049682617 36.0663948059082 36.0750885009766 36.0707626342773 36.0648155212402 36.0622100830078 36.0599021911621 36.0572662353516 36.0538139343262 36.0596771240234 36.0674819946289
36.2172203063965 36.2125358581543 36.206958770752 36.1966133117676 36.184268951416 36.1696243286133 36.1558265686035 36.1437454223633 36.1340789794922 36.1291618347168 36.126651763916 36.1196594238281 36.1160659790039 36.107666015625 36.0870094299316 36.0719375610352 36.0454139709473 36.020679473877 35.9901809692383 35.9686164855957 35.9532356262207 35.9449119567871 35.9416313171387 35.9507827758789 35.9831733703613 36.0036544799805 36.0223579406738 36.0154571533203 36.0156860351562 36.025016784668 36.0341644287109 36.0390815734863 36.0286560058594 36.0171890258789 36.0156936645508 36.0249519348145 36.0324897766113 36.0511474609375 36.064884185791 36.0694198608398 36.065486907959 36.0619850158691 36.0596389770508 36.0522689819336 36.0469818115234 36.0573844909668 36.0653495788574
36.2203941345215 36.2166442871094 36.2118682861328 36.2077713012695 36.2053527832031 36.2025527954102 36.1985778808594 36.1943435668945 36.1909561157227 36.1868629455566 36.1797485351562 36.1715126037598 36.1645202636719 36.1577415466309 36.1514167785645 36.1360702514648 36.116512298584 36.1063613891602 36.0811805725098 36.0586242675781 36.0379257202148 36.019645690918 36.012134552002 36.015983581543 36.0179176330566 36.0256729125977 36.0410346984863 36.0401191711426 36.0352401733398 36.0421409606934 36.0468101501465 36.0351257324219 36.0197830200195 36.0124473571777 36.0038375854492 36.0115585327148 36.0252113342285 36.0401306152344 36.0498313903809 36.0608749389648 36.0691947937012 36.0670127868652 36.0651817321777 36.0645065307617 36.0604591369629 36.0553512573242 36.0581970214844
36.2234535217285 36.2187728881836 36.2156295776367 36.2121391296387 36.2099266052246 36.2080764770508 36.2065582275391 36.2046356201172 36.2022857666016 36.1994590759277 36.1966247558594 36.191104888916 36.1864242553711 36.1827201843262 36.1720428466797 36.1571197509766 36.1476974487305 36.1310920715332 36.1242065429688 36.1147155761719 36.0805053710938 36.061107635498 36.0580215454102 36.0553703308105 36.0548515319824 36.0457801818848 36.0507774353027 36.0620651245117 36.0493698120117 36.0548286437988 36.0547103881836 36.0382461547852 36.0219879150391 36.0157127380371 36.0138549804688 36.0188598632812 36.0292663574219 36.0420875549316 36.0509071350098 36.0549774169922 36.0588989257812 36.0650978088379 36.0671348571777 36.0627250671387 36.0586051940918 36.0528182983398 36.0438690185547
