Ecospace-environmental-drivers/Outputs/ASCII-for-ecospace/Sal-surf/Sal-surf_X1997.05.asc
NCOLS 131 
NROWS 53 
XLLCORNER -98 
YLLCORNER 23.9265270233154 
CELLSIZE 0.133587792515755 
NODATA_value -3.4e+38 
[rows 0 to 20 of 53, columns 47 to 93 of 131]
-3.4e+38 -3.4e+38 -3.4e+38 -3.4e+38 -3.4e+38 -3.4e+38 -3.4e+38 -3.4e+38 -3.4e+38 -3.4e+38 -3.4e+38 -3.4e+38 -3.4e+38 -3.4e+38 -3.4e+38 -3.4e+38 -3.4e+38 -3.4e+38 -3.4e+38 -3.4e+38 -3.4e+38 -3.4e+38 -3.4e+38 -3.4e+38 -3.4e+38 -3.4e+38 -3.4e+38 -3.4e+38 -3.4e+38 -3.4e+38 -3.4e+38 -3.4e+38 -3.4e+38 -3.4e+38 -3.4e+38 -3.4e+38 -3.4e+38 -3.4e+38 -3.4e+38 -3.4e+38 -3.4e+38 -3.4e+38 -3.4e+38 -3.4e+38 -3.4e+38 -3.4e+38 -3.4e+38
-3.4e+38 -3.4e+38 -3.4e+38 -3.4e+38 -3.4e+38 -3.4e+38 -3.4e+38 -3.4e+38 -3.4e+38 -3.4e+38 -3.4e+38 -3.4e+38 -3.4e+38 -3.4e+38 -3.4e+38 -3.4e+38 -3.4e+38 -3.4e+38 -3.4e+38 -3.4e+38 -3.4e+38 -3.4e+38 -3.4e+38 -3.4e+38 -3.4e+38 -3.4e+38 -3.4e+38 -3.4e+38 -3.4e+38 -3.4e+38 -3.4e+38 -3.4e+38 -3.4e+38 -3.4e+38 -3.4e+38 -3.4e+38 -3.4e+38 -3.4e+38 -3.4e+38 -3.4e+38 -3.4e+38 -3.4e+38 -3.4e+38 -3.4e+38 -3.4e+38 -3.4e+38 -3.4e+38
-3.4e+38 -3.4e+38 -3.4e+38 -3.4e+38 -3.4e+38 -3.4e+38 -3.4e+38 -3.4e+38 -3.4e+38 -3.4e+38 -3.4e+38 -3.4e+38 -3.4e+38 -3.4e+38 -3.4e+38 -3.4e+38 -3.4e+38 -3.4e+38 -3.4e+38 -3.4e+38 -3.4e+38 -3.4e+38 -3.4e+38 -3.4e+38 -3.4e+38 -3.4e+38 -3.4e+38 1.24710655212402 1.09869265556335 -3.4e+38 -3.4e+38 -3.4e+38 -3.4e+38 -3.4e+38 -3.4e+38 -3.4e+38 -3.4e+38 -3.4e+38 -3.4e+38 -3.4e+38 -3.4e+38 -3.4e+38 -3.4e+38 -3.4e+38 -3.4e+38 -3.4e+38 -3.4e+38
-3.4e+38 -3.4e+38 -3.4e+38 -3.4e+38 -3.4e+38 -3.4e+38 -3.4e+38 -3.4e+38 -3.4e+38 -3.4e+38 -3.4e+38 -3.4e+38 -3.4e+38 -3.4e+38 -3.4e+38 -3.4e+38 -3.4e+38 -3.4e+38 -3.4e+38 -3.4e+38 -3.4e+38 -3.4e+38 -3.4e+38 -3.4e+38 -3.4e+38 -3.4e+38 -3.4e+38 9.89212226867676 7.36693859100342 -3.4e+38 -3.4e+38 -3.4e+38 -3.4e+38 -3.4e+38 -3.4e+38 -3.4e+38 -3.4e+38 -3.4e+38 -3.4e+38 -3.4e+38 -3.4e+38 -3.4e+38 -3.4e+38 -3.4e+38 -3.4e+38 -3.4e+38 -3.4e+38
-3.4e+38 -3.4e+38 -3.4e+38 -3.4e+38 -3.4e+38 -3.4e+38 -3.4e+38 -3.4e+38 -3.4e+38 17.2171516418457 17.2171516418457 17.1846942901611 15.820972442627 -3.4e+38 -3.4e+38 -3.4e+38 -3.4e+38 -3.4e+38 22.1496925354004 22.3594989776611 21.2890567779541 19.9127826690674 15.5814256668091 11.9173278808594 19.1050472259521 23.1635265350342 25.7949123382568 24.2054557800293 25.8022861480713 31.555004119873 -3.4e+38 -3.4e+38 33.1947746276855 32.418586730957 30.3816566467285 32.8666648864746 33.2790107727051 33.6955261230469 33.8427352905273 34.1084518432617 34.3317337036133 34.5087432861328 -3.4e+38 -3.4e+38 -3.4e+38 -3.4e+38 -3.4e+38
-3.4e+38 -3.4e+38 -3.4e+38 -3.4e+38 -3.4e+38 -3.4e+38 -3.4e+38 -3.4e+38 17.2171516418457 17.2171516418457 17.2171516418457 17.2171516418457 17.1522388458252 15.7843017578125 13.1301984786987 -3.4e+38 16.9596881866455 19.7069034576416 22.3461647033691 24.186206817627 24.9487476348877 24.5610218048096 20.1539707183838 20.4531497955322 23.1254482269287 26.4940433502197 28.4311351776123 30.428092956543 31.2328319549561 31.8767127990723 32.9748382568359 33.0986518859863 33.2450790405273 33.2405967712402 32.8070106506348 33.215705871582 33.4308700561523 33.6139526367188 33.8449440002441 34.0921974182129 34.3356895446777 34.5712432861328 34.7963027954102 34.8953895568848 -3.4e+38 -3.4e+38 -3.4e+38
-3.4e+38 -3.4e+38 -3.4e+38 -3.4e+38 -3.4e+38 -3.4e+38 -3.4e+38 -3.4e+38 17.3798885345459 17.2171516418457 17.2171516418457 17.2171516418457 17.2171516418457 17.0873260498047 15.7025337219238 13.1301984786987 13.9108419418335 21.0908107757568 26.6296405792236 29.1193828582764 29.9601230621338 30.670877456665 31.314022064209 31.5853996276855 31.7371692657471 32.0754051208496 32.2691116333008 32.5025863647461 32.7134780883789 32.8760032653809 33.0310668945312 33.1945266723633 33.3088226318359 33.3995895385742 33.5117797851562 33.7004585266113 33.9652976989746 34.1130180358887 34.1851119995117 34.3837890625 34.568431854248 34.7474021911621 34.8895149230957 34.9735527038574 34.9938049316406 34.9884643554688 -3.4e+38
-3.4e+38 -3.4e+38 -3.4e+38 -3.4e+38 -3.4e+38 -3.4e+38 -3.4e+38 -3.4e+38 -3.4e+38 -3.4e+38 17.2171516418457 17.2171516418457 17.2171516418457 -3.4e+38 16.957498550415 15.5052852630615 16.9153938293457 25.1597347259521 29.667013168335 31.0456809997559 31.8631477355957 32.200626373291 32.4353904724121 32.5235595703125 32.7477569580078 32.7975730895996 32.8501052856445 32.9238052368164 32.9912261962891 33.0478820800781 33.0873336791992 33.1409950256348 33.254077911377 33.4091415405273 33.7124176025391 34.1925086975098 34.4383087158203 34.4487457275391 34.4123191833496 34.697208404541 34.8914756774902 35.0295639038086 35.1557540893555 35.1489219665527 35.0576591491699 34.9800071716309 34.9223937988281
-3.4e+38 -3.4e+38 -3.4e+38 -3.4e+38 -3.4e+38 -3.4e+38 -3.4e+38 -3.4e+38 -3.4e+38 -3.4e+38 -3.4e+38 -3.4e+38 -3.4e+38 -3.4e+38 16.954891204834 16.5056190490723 22.8096237182617 27.2866535186768 29.9026165008545 31.1493339538574 31.8271751403809 32.0290565490723 32.3612289428711 32.5600166320801 32.5336303710938 32.5011672973633 32.590877532959 32.6540679931641 32.7169036865234 32.8027496337891 32.896297454834 33.0624084472656 33.3050498962402 33.5389213562012 33.9562911987305 34.3509292602539 34.396915435791 34.4671783447266 34.5345344543457 34.7212295532227 34.8640594482422 34.946590423584 35.1583061218262 35.2800827026367 35.2021255493164 35.0806617736816 34.9271278381348
15.1764554977417 -3.4e+38 -3.4e+38 -3.4e+38 -3.4e+38 -3.4e+38 -3.4e+38 -3.4e+38 -3.4e+38 -3.4e+38 24.5482063293457 21.6110687255859 -3.4e+38 -3.4e+38 -3.4e+38 24.1418418884277 28.9483947753906 29.3462810516357 30.3938045501709 31.2638626098633 31.6947040557861 31.866153717041 32.1184501647949 32.0681076049805 32.1241645812988 32.265869140625 32.3899307250977 32.4687156677246 32.5459671020508 32.7083320617676 32.8530464172363 33.1500282287598 33.4607200622559 33.6376037597656 33.963436126709 34.2431983947754 34.2644958496094 34.3012733459473 34.4114532470703 34.6159324645996 34.7319259643555 34.7941856384277 35.035343170166 35.2740478515625 35.2863922119141 35.2079849243164 34.9984741210938
14.0861396789551 9.33124542236328 -3.4e+38 -3.4e+38 -3.4e+38 -3.4e+38 -3.4e+38 -3.4e+38 -3.4e+38 -3.4e+38 28.2347602844238 27.0362396240234 26.0049858093262 -3.4e+38 -3.4e+38 28.9654521942139 29.3348484039307 30.1794185638428 30.8476047515869 31.2262649536133 31.616340637207 31.6296005249023 31.4506950378418 31.2225036621094 31.91064453125 32.3533744812012 32.3923721313477 32.4242324829102 32.5644760131836 32.7963256835938 33.0175704956055 33.4686546325684 33.7088737487793 33.7320404052734 33.8110809326172 34.0409851074219 34.170841217041 34.2186889648438 34.2614784240723 34.3431129455566 34.4844245910645 34.7394065856934 34.9250373840332 35.2126388549805 35.3302268981934 35.3006553649902 35.1215667724609
14.9092931747437 5.79880523681641 0.477828174829483 9.67900466918945 -3.4e+38 -3.4e+38 -3.4e+38 -3.4e+38 -3.4e+38 -3.4e+38 -3.4e+38 27.4853210449219 26.0614032745361 26.0049858093262 26.3023376464844 28.211238861084 29.9785270690918 30.3862590789795 30.698579788208 31.082820892334 31.250020980835 30.2605304718018 30.2609233856201 31.1718425750732 32.3890991210938 32.759651184082 32.7151145935059 32.876880645752 33.1710968017578 33.3534774780273 33.4026756286621 33.7555885314941 33.9015846252441 33.9153022766113 33.8765144348145 33.9416694641113 34.0628433227539 34.1623573303223 34.2285919189453 34.2953491210938 34.4103622436523 34.6642456054688 34.9492568969727 35.2460403442383 35.3885803222656 35.3665885925293 35.2618408203125
26.3618011474609 22.0527076721191 16.1770515441895 12.382134437561 -3.4e+38 -3.4e+38 -3.4e+38 -3.4e+38 28.6906452178955 28.7222938537598 28.4642009735107 27.8974323272705 26.506441116333 25.6727848052979 24.5661277770996 24.1749420166016 24.1403026580811 30.2125701904297 30.2504711151123 29.5871410369873 29.4427051544189 29.4010276794434 30.7884311676025 32.1554946899414 32.8778915405273 33.0873565673828 33.1553916931152 33.4445571899414 33.8075065612793 33.988639831543 34.0328674316406 34.118953704834 34.2161254882812 34.2612266540527 34.2560386657715 34.2046165466309 34.1475372314453 34.1479339599609 34.2317199707031 34.3047485351562 34.4082145690918 34.5976448059082 34.7846946716309 35.1071548461914 35.3418807983398 35.3887825012207 35.4484252929688
29.0902442932129 28.5139999389648 28.1359996795654 28.2648086547852 28.6559658050537 28.6263561248779 28.451135635376 28.5024166107178 28.5214900970459 28.5272102355957 28.6046524047852 28.6368560791016 27.2750110626221 26.6842498779297 26.2252540588379 23.0779628753662 17.026834487915 14.1596574783325 17.5505065917969 21.592737197876 24.6746215820312 28.881628036499 31.1060600280762 32.439453125 32.9515419006348 33.1985130310059 33.5482864379883 33.9792594909668 34.281307220459 34.3797416687012 34.4303932189941 34.4655609130859 34.4881401062012 34.5300941467285 34.5712966918945 34.5749549865723 34.4135894775391 34.2685852050781 34.2571754455566 34.3574714660645 34.4614448547363 34.570629119873 34.6333923339844 34.7905769348145 35.0123481750488 35.1889114379883 35.4010925292969
30.0198211669922 29.3222484588623 28.6740989685059 28.3994960784912 28.2299365997314 28.3257160186768 28.5528316497803 28.6805019378662 28.7090435028076 28.8079662322998 28.9367275238037 28.8165283203125 29.0866870880127 29.4764099121094 29.6509075164795 28.7378368377686 24.2409896850586 4.82152080535889 4.4284029006958 9.39377689361572 23.3720417022705 29.4903240203857 31.5508441925049 32.7422523498535 33.0606880187988 33.3872032165527 33.9563369750977 34.2929382324219 34.3796234130859 34.3797187805176 34.3969116210938 34.4077377319336 34.4264526367188 34.4755783081055 34.4848899841309 34.4538612365723 34.4455070495605 34.4210968017578 34.4114151000977 34.458927154541 34.5037231445312 34.5824584960938 34.7065963745117 34.7720947265625 34.8745651245117 35.0614852905273 35.3063163757324
31.4289684295654 30.9627914428711 30.0344982147217 29.4155502319336 29.3334980010986 29.4067783355713 29.5270328521729 29.7037773132324 29.8074035644531 29.9189910888672 30.1955165863037 30.6278915405273 30.547269821167 30.6386833190918 30.4014682769775 29.8010101318359 27.7669849395752 16.813102722168 21.4392929077148 25.0024967193604 29.5354347229004 31.0616111755371 32.4898414611816 33.0850524902344 33.2264099121094 33.8173713684082 34.29052734375 34.3286743164062 34.3110160827637 34.3482856750488 34.4621505737305 34.558162689209 34.5785369873047 34.5783538818359 34.5672378540039 34.5098724365234 34.4621276855469 34.5040054321289 34.5668144226074 34.5690727233887 34.5804138183594 34.6800003051758 34.7572326660156 34.8154563903809 34.8776016235352 34.9343795776367 35.109676361084
32.6973838806152 32.2125244140625 31.5147609710693 30.7826900482178 30.6175098419189 30.6412792205811 30.7072353363037 30.7782821655273 30.8031692504883 31.0553646087646 31.4366931915283 31.5474720001221 31.5138568878174 31.4388618469238 31.1554126739502 30.6925811767578 30.5862674713135 29.5472774505615 29.9486522674561 30.7397956848145 31.7855567932129 32.5459403991699 33.0778617858887 33.3205108642578 33.7717704772949 34.1696739196777 34.2579612731934 34.2467994689941 34.317024230957 34.4363327026367 34.5983200073242 34.6877517700195 34.5959014892578 34.5620918273926 34.5475540161133 34.5179672241211 34.5377769470215 34.5274238586426 34.5455474853516 34.5980949401855 34.6608924865723 34.6982231140137 34.7109375 34.719856262207 34.7751197814941 34.786750793457 34.8693656921387
33.488109588623 33.1384162902832 32.5669746398926 32.04931640625 31.7610740661621 31.6683578491211 31.7094841003418 31.6011695861816 31.4630661010742 31.8097801208496 32.1812744140625 32.0521697998047 31.9635486602783 32.0696601867676 32.232479095459 31.5522975921631 31.2790184020996 30.9396018981934 31.0216045379639 32.1353759765625 33.0609016418457 33.2154312133789 33.3537406921387 33.8341026306152 34.0718193054199 34.1250534057617 34.1321105957031 34.1916694641113 34.301628112793 34.5260314941406 34.6838455200195 34.7085189819336 34.5904769897461 34.5202522277832 34.5303840637207 34.5396919250488 34.5404853820801 34.5218811035156 34.496696472168 34.5456275939941 34.6367874145508 34.6708183288574 34.6335678100586 34.6097793579102 34.6541900634766 34.6935577392578 34.8067245483398
34.0824890136719 33.9685516357422 33.7296714782715 33.4344787597656 33.1346473693848 32.9864311218262 32.8310928344727 32.6461601257324 32.661060333252 32.8570137023926 33.0744018554688 32.888313293457 32.3891181945801 32.3208541870117 32.4675788879395 32.0011863708496 31.5959873199463 31.3270206451416 31.5634231567383 32.8633689880371 33.3643646240234 33.3527870178223 33.4886512756348 33.8757209777832 34.0409507751465 34.0120620727539 34.031867980957 34.1931953430176 34.3667259216309 34.6153411865234 34.6982574462891 34.7200584411621 34.6092872619629 34.5217628479004 34.5216827392578 34.5458869934082 34.5384407043457 34.5415878295898 34.541820526123 34.622859954834 34.6878318786621 34.6776962280273 34.6603317260742 34.6376571655273 34.6545219421387 34.6919822692871 34.721248626709
34.0701370239258 34.0530433654785 34.021541595459 33.9625549316406 33.8860816955566 33.7804527282715 33.6951217651367 33.5421257019043 33.5266952514648 33.5638008117676 33.5784912109375 33.4605712890625 33.1029777526855 32.808235168457 32.7115440368652 32.5820922851562 32.2254409790039 31.9143600463867 32.3614883422852 33.148868560791 33.3883056640625 33.5018081665039 33.5961723327637 33.842456817627 33.9172973632812 33.9139518737793 34.1009101867676 34.3173370361328 34.5164031982422 34.6610946655273 34.7268714904785 34.7458457946777 34.6326713562012 34.5543098449707 34.5302581787109 34.5676231384277 34.5848617553711 34.5907135009766 34.6030235290527 34.6520957946777 34.6590843200684 34.6596984863281 34.6582107543945 34.651065826416 34.6479644775391 34.6969223022461 34.6969718933105
33.9436111450195 33.9007835388184 33.8761940002441 33.867561340332 33.8275146484375 33.7666282653809 33.7283706665039 33.7049713134766 33.6943893432617 33.6741104125977 33.653636932373 33.5764923095703 33.4523086547852 33.207160949707 32.9949226379395 33.1171340942383 33.0835418701172 33.2604217529297 33.5137252807617 33.5679244995117 33.5383453369141 33.6199989318848 33.709228515625 33.7743339538574 33.8744964599609 34.1081962585449 34.3911399841309 34.4893608093262 34.6627388000488 34.7320137023926 34.7720565795898 34.755973815918 34.6553916931152 34.6237716674805 34.5985946655273 34.6072196960449 34.6490440368652 34.6698799133301 34.6851425170898 34.70556640625 34.7208938598633 34.7373657226562 34.7411079406738 34.7185821533203 34.6922416687012 34.7380599975586 34.7168502807617
