Ecospace-environmental-drivers/Outputs/ASCII-for-ecospace/Sal-surf/Sal-surf_X2012.10.asc
NCOLS 131 
NROWS 53 
XLLCORNER -98 
YLLCORNER 23.9265270233154 
CELLSIZE 0.133587792515755 
NODATA_value -3.4e+38 
[rows 21 to 41 of 53, columns 47 to 93 of 131]
34.691822052002 34.6268920898438 34.5626411437988 34.5114326477051 34.4630584716797 34.4101028442383 34.372631072998 34.3615112304688 34.3841743469238 34.4551734924316 34.5365676879883 34.6155433654785 34.7422637939453 34.7704391479492 34.8401947021484 34.9643135070801 35.1721992492676 35.1967926025391 35.0363540649414 34.8899574279785 34.8698806762695 34.9096336364746 35.0619316101074 35.1926002502441 35.1260566711426 35.1387557983398 35.2113342285156 35.1762008666992 35.1084861755371 35.0579795837402 35.029956817627 34.9788131713867 34.9014167785645 34.842887878418 34.8087882995605 34.8034934997559 34.7834930419922 34.7154350280762 34.6052322387695 34.5468444824219 34.5748443603516 34.6357307434082 34.6835899353027 34.6895866394043 34.6775856018066 34.6554679870605 34.7302513122559
34.8337593078613 34.8017616271973 34.7716903686523 34.7446632385254 34.6977500915527 34.6482315063477 34.5883636474609 34.5905723571777 34.6031341552734 34.5938949584961 34.6581993103027 34.7314567565918 34.7365989685059 34.7370872497559 34.8487167358398 35.077220916748 35.2622718811035 35.3201904296875 35.1065979003906 34.9319648742676 34.9856643676758 35.1182632446289 35.2109069824219 35.1954154968262 35.1148834228516 35.2098121643066 35.3390312194824 35.3266868591309 35.2534828186035 35.1930885314941 35.1426467895508 35.1180953979492 35.089168548584 35.049446105957 34.9813385009766 34.8957138061523 34.8269653320312 34.7583351135254 34.678035736084 34.6335563659668 34.6410484313965 34.6840362548828 34.7226676940918 34.7369956970215 34.7458877563477 34.7795715332031 34.8840713500977
35.0064811706543 34.9697303771973 34.9390068054199 34.9181175231934 34.8929595947266 34.8604354858398 34.834846496582 34.815616607666 34.807918548584 34.788330078125 34.8009948730469 34.7600555419922 34.6511306762695 34.6888809204102 34.9140434265137 35.1768226623535 35.3476753234863 35.3711166381836 35.2048110961914 35.1533737182617 35.2768859863281 35.3068542480469 35.2791137695312 35.1819000244141 35.1690254211426 35.2889747619629 35.4436988830566 35.439022064209 35.4207801818848 35.4034385681152 35.355037689209 35.3080978393555 35.2548446655273 35.2016143798828 35.1597175598145 35.1172218322754 35.0642700195312 35.0099487304688 34.922664642334 34.8442611694336 34.7948989868164 34.7919845581055 34.7840003967285 34.7981872558594 34.8186645507812 34.9304389953613 35.0399780273438
35.1989860534668 35.1522369384766 35.1236419677734 35.1105041503906 35.0946197509766 35.0747756958008 35.0478744506836 35.0385589599609 34.9994659423828 34.9384002685547 34.9016418457031 34.7957229614258 34.7025375366211 34.7775611877441 35.0249290466309 35.2423362731934 35.4365768432617 35.4080924987793 35.3693389892578 35.4160041809082 35.4534301757812 35.4048461914062 35.3346138000488 35.2545776367188 35.2969589233398 35.4076538085938 35.4660797119141 35.4698219299316 35.5009269714355 35.5100746154785 35.5108032226562 35.4948883056641 35.4620513916016 35.4148635864258 35.374340057373 35.3279495239258 35.2716484069824 35.2337799072266 35.1936798095703 35.1510009765625 35.1039581298828 35.0475692749023 34.9627227783203 34.9198684692383 34.9095573425293 35.0364723205566 35.114429473877
35.317626953125 35.2909355163574 35.2573013305664 35.2300071716309 35.2270126342773 35.2258796691895 35.2094078063965 35.1824150085449 35.1297492980957 35.0517959594727 34.9877319335938 34.8570899963379 34.8328247070312 34.8864250183105 35.1254730224609 35.3194236755371 35.4727172851562 35.5146942138672 35.5177574157715 35.5384826660156 35.5011672973633 35.4304618835449 35.3399429321289 35.2913932800293 35.3701210021973 35.4496307373047 35.464542388916 35.4740524291992 35.5060234069824 35.5303344726562 35.5771903991699 35.6064224243164 35.610969543457 35.5939064025879 35.5565223693848 35.5122566223145 35.4560737609863 35.365592956543 35.2795791625977 35.215705871582 35.2085838317871 35.206470489502 35.1373329162598 35.0679702758789 35.0432510375977 35.1214866638184 35.1345634460449
35.4554595947266 35.4458999633789 35.3907852172852 35.3473815917969 35.2929611206055 35.2864646911621 35.2864151000977 35.2659950256348 35.2198829650879 35.113899230957 35.0207176208496 34.8893432617188 34.9032554626465 34.9648628234863 35.2532997131348 35.4903526306152 35.5521583557129 35.539493560791 35.553825378418 35.5481147766113 35.5165672302246 35.4379997253418 35.324592590332 35.3275909423828 35.3997039794922 35.4541244506836 35.4332466125488 35.4573593139648 35.4799652099609 35.5122566223145 35.557975769043 35.6380577087402 35.6484642028809 35.6591110229492 35.6856918334961 35.6846656799316 35.6304016113281 35.5750427246094 35.5028343200684 35.3988838195801 35.3554534912109 35.2907867431641 35.2389678955078 35.1349754333496 35.1138725280762 35.1675987243652 35.070182800293
35.5191841125488 35.5430526733398 35.5033950805664 35.4084434509277 35.2964706420898 35.2395973205566 35.2248687744141 35.2198104858398 35.2179794311523 35.1597557067871 35.0378875732422 34.9258422851562 34.9503402709961 35.0921096801758 35.3537292480469 35.5117950439453 35.5263633728027 35.5158348083496 35.536994934082 35.5290184020996 35.4973945617676 35.415210723877 35.3456115722656 35.3424911499023 35.3866539001465 35.4737815856934 35.4753074645996 35.4822845458984 35.4995307922363 35.5017166137695 35.5016403198242 35.5481109619141 35.629825592041 35.6902847290039 35.682731628418 35.7096900939941 35.741039276123 35.7193984985352 35.6633491516113 35.5278091430664 35.4577102661133 35.4082984924316 35.323657989502 35.1778144836426 35.1483993530273 35.1228637695312 35.0548400878906
35.5021476745605 35.4624481201172 35.4237747192383 35.3494758605957 35.2471618652344 35.1781959533691 35.1597747802734 35.1319999694824 35.1244964599609 35.152214050293 35.0431365966797 34.9567642211914 35.0328025817871 35.184757232666 35.4089088439941 35.4902229309082 35.4837036132812 35.5152931213379 35.527587890625 35.5190467834473 35.4729614257812 35.4003372192383 35.3459739685059 35.3617362976074 35.4559555053711 35.5348167419434 35.5350685119629 35.5330238342285 35.5468139648438 35.5565338134766 35.5249366760254 35.5139045715332 35.5628509521484 35.6493530273438 35.7176933288574 35.7143898010254 35.738639831543 35.7661628723145 35.7754211425781 35.7406311035156 35.629955291748 35.489429473877 35.3426971435547 35.2375831604004 35.1815795898438 35.1592979431152 35.1248245239258
35.3638000488281 35.3177108764648 35.3254165649414 35.3044586181641 35.2617034912109 35.2132339477539 35.1700477600098 35.1222534179688 35.0855484008789 35.1044502258301 35.0418815612793 34.967643737793 35.122127532959 35.2529716491699 35.4630126953125 35.4735908508301 35.4831390380859 35.4964752197266 35.5081253051758 35.493480682373 35.4197731018066 35.3715476989746 35.3661689758301 35.450008392334 35.5607261657715 35.601634979248 35.5768623352051 35.5526695251465 35.5455627441406 35.575023651123 35.5620994567871 35.5364761352539 35.5519790649414 35.5592994689941 35.6696586608887 35.7126770019531 35.7259750366211 35.763744354248 35.774284362793 35.7729263305664 35.7178039550781 35.5922660827637 35.3930130004883 35.2825393676758 35.2247619628906 35.2031021118164 35.2062034606934
35.3660926818848 35.3849983215332 35.3497848510742 35.2562561035156 35.2225799560547 35.2258415222168 35.1841888427734 35.1100997924805 35.0710563659668 35.0725898742676 35.0469360351562 35.0400352478027 35.1718673706055 35.3364067077637 35.4434051513672 35.4574737548828 35.4824523925781 35.4975471496582 35.4703216552734 35.3980407714844 35.3882179260254 35.4018898010254 35.462516784668 35.5647010803223 35.6347312927246 35.6026611328125 35.5419464111328 35.5066947937012 35.4909324645996 35.5397758483887 35.5705070495605 35.5636100769043 35.5634803771973 35.5360870361328 35.5911102294922 35.6840362548828 35.6972045898438 35.7311744689941 35.7506294250488 35.7166061401367 35.6799278259277 35.5533332824707 35.4422340393066 35.3005256652832 35.2737617492676 35.3028182983398 35.3083648681641
35.5044441223145 35.429557800293 35.364803314209 35.2817077636719 35.2117881774902 35.2141876220703 35.1852111816406 35.0987167358398 35.0774421691895 35.054759979248 35.0648078918457 35.1224708557129 35.240104675293 35.3832740783691 35.432689666748 35.4262924194336 35.4098777770996 35.4110527038574 35.3711967468262 35.342830657959 35.3594207763672 35.4333152770996 35.5420532226562 35.5987968444824 35.6278610229492 35.565013885498 35.5100059509277 35.4611129760742 35.4366149902344 35.4858360290527 35.615234375 35.6218872070312 35.6088981628418 35.5588150024414 35.5630989074707 35.6436805725098 35.6865234375 35.6913452148438 35.7059097290039 35.6543350219727 35.6161804199219 35.5117530822754 35.4672660827637 35.4036331176758 35.3363418579102 35.3702621459961 35.3760299682617
35.5844078063965 35.542797088623 35.4221649169922 35.3420791625977 35.2341270446777 35.1962280273438 35.1668319702148 35.1050262451172 35.0595474243164 35.0418090820312 35.080623626709 35.1881256103516 35.310417175293 35.4151725769043 35.385196685791 35.3469734191895 35.3146858215332 35.2574272155762 35.2249450683594 35.2611503601074 35.2793121337891 35.3325538635254 35.4963150024414 35.5876579284668 35.6122550964355 35.5648880004883 35.5218276977539 35.4849052429199 35.4615898132324 35.4993743896484 35.659725189209 35.6982879638672 35.6625175476074 35.5929145812988 35.5669898986816 35.6167526245117 35.6932182312012 35.6936874389648 35.7016944885254 35.6644630432129 35.6097717285156 35.583423614502 35.5232086181641 35.481575012207 35.4014587402344 35.4011116027832 35.4017677307129
35.6030883789062 35.5789451599121 35.5224647521973 35.4226112365723 35.2601470947266 35.1956520080566 35.1490478515625 35.1040534973145 35.0585975646973 35.0425491333008 35.1081352233887 35.2510108947754 35.3564186096191 35.3918914794922 35.2950477600098 35.252685546875 35.2088508605957 35.1658058166504 35.1614952087402 35.1617965698242 35.1480560302734 35.1741218566895 35.2912979125977 35.4135055541992 35.5076675415039 35.5053291320801 35.470832824707 35.4480667114258 35.4460601806641 35.4486770629883 35.5694046020508 35.6841583251953 35.6732597351074 35.5930328369141 35.5538940429688 35.5577507019043 35.6714172363281 35.7061614990234 35.7340545654297 35.6943435668945 35.6568374633789 35.6219596862793 35.593620300293 35.5555114746094 35.494384765625 35.4303245544434 35.3970527648926
35.5915489196777 35.5850105285645 35.517993927002 35.4425659179688 35.3252220153809 35.2153930664062 35.1568908691406 35.1279182434082 35.0675201416016 35.0809478759766 35.1927490234375 35.2692260742188 35.3502426147461 35.348560333252 35.2727813720703 35.2307815551758 35.1832885742188 35.1541748046875 35.1593399047852 35.165599822998 35.1573524475098 35.1388168334961 35.159797668457 35.2268905639648 35.2832450866699 35.3495292663574 35.411808013916 35.4239120483398 35.4188499450684 35.3870811462402 35.5001983642578 35.6678123474121 35.6488952636719 35.5585327148438 35.5281524658203 35.5470809936523 35.6562118530273 35.7043113708496 35.7235794067383 35.7303886413574 35.7103576660156 35.6756591796875 35.6553993225098 35.6299514770508 35.5629425048828 35.4657669067383 35.3856620788574
35.5347480773926 35.526424407959 35.4815673828125 35.3989562988281 35.3097381591797 35.2586479187012 35.1905860900879 35.1121253967285 35.0954933166504 35.1804161071777 35.2234535217285 35.2525634765625 35.3047142028809 35.3006706237793 35.2728157043457 35.2827758789062 35.2627944946289 35.2472152709961 35.2280883789062 35.1756477355957 35.1416511535645 35.1098251342773 35.0815696716309 35.0735473632812 35.1073379516602 35.1689186096191 35.2429046630859 35.3646507263184 35.4251251220703 35.4366111755371 35.538646697998 35.6619415283203 35.5868644714355 35.5203475952148 35.5141487121582 35.5205307006836 35.6381034851074 35.7361335754395 35.7207069396973 35.7002258300781 35.711669921875 35.7164878845215 35.6931304931641 35.6613502502441 35.5826301574707 35.4850959777832 35.4077911376953
35.5093574523926 35.4747200012207 35.4467086791992 35.4016494750977 35.319149017334 35.2547645568848 35.2197914123535 35.1484336853027 35.2067260742188 35.244945526123 35.2324295043945 35.2487106323242 35.2829132080078 35.2634124755859 35.245433807373 35.2673645019531 35.2622299194336 35.2309608459473 35.2085914611816 35.1713981628418 35.1398048400879 35.1383819580078 35.1230239868164 35.1053810119629 35.0837707519531 35.0892906188965 35.1301307678223 35.1839790344238 35.272647857666 35.3701972961426 35.4655418395996 35.5614318847656 35.5375022888184 35.5253486633301 35.5289001464844 35.5204124450684 35.6107368469238 35.7545928955078 35.7731170654297 35.7337036132812 35.7005767822266 35.6699295043945 35.6428375244141 35.6066284179688 35.5641212463379 35.512809753418 35.4731369018555
35.5234260559082 35.4523696899414 35.3983383178711 35.3721466064453 35.3253402709961 35.249454498291 35.2118988037109 35.2122840881348 35.2769050598145 35.2796745300293 35.2662239074707 35.2659034729004 35.2604598999023 35.2345237731934 35.2168426513672 35.2130432128906 35.198413848877 35.1991081237793 35.2125396728516 35.2239227294922 35.2160110473633 35.2003746032715 35.1921043395996 35.1792449951172 35.1530227661133 35.1232719421387 35.1181640625 35.1409721374512 35.1733322143555 35.2599067687988 35.4059715270996 35.5134696960449 35.5242958068848 35.5414123535156 35.5402717590332 35.5421447753906 35.5699005126953 35.7557106018066 35.8008155822754 35.7780265808105 35.7647438049316 35.7415428161621 35.7136573791504 35.6982116699219 35.6893653869629 35.685188293457 35.6932525634766
35.6897506713867 35.4982986450195 35.4113998413086 35.3531532287598 35.3403129577637 35.2814140319824 35.2776947021484 35.273567199707 35.288143157959 35.3167190551758 35.318489074707 35.3247871398926 35.3423271179199 35.3490295410156 35.3473625183105 35.3441047668457 35.3629035949707 35.3744010925293 35.3825416564941 35.3896560668945 35.4020576477051 35.3838729858398 35.3687438964844 35.3599548339844 35.3228225708008 35.27978515625 35.2676734924316 35.224609375 35.1936492919922 35.2122268676758 35.3351440429688 35.5151329040527 35.5379219055176 35.575008392334 35.5432014465332 35.5591659545898 35.5442008972168 35.7313423156738 35.8145866394043 35.8112335205078 35.7975692749023 35.7789421081543 35.769905090332 35.7689208984375 35.7679862976074 35.7690467834473 35.7740783691406
35.8807792663574 35.7644577026367 35.607666015625 35.4548416137695 35.3833465576172 35.3604278564453 35.3604393005371 35.361385345459 35.3840408325195 35.4073905944824 35.4299087524414 35.4657592773438 35.4944725036621 35.5352668762207 35.5877151489258 35.6074905395508 35.608585357666 35.6039161682129 35.6042098999023 35.5988006591797 35.5903739929199 35.5689811706543 35.544490814209 35.5060729980469 35.4670639038086 35.4190979003906 35.368953704834 35.3599128723145 35.3477630615234 35.3031425476074 35.3065795898438 35.4526710510254 35.5158004760742 35.5704536437988 35.5529403686523 35.5452919006348 35.5541496276855 35.690803527832 35.8223037719727 35.8242301940918 35.8206329345703 35.8131675720215 35.8066215515137 35.7997817993164 35.7972869873047 35.8003692626953 35.8029441833496
35.92529296875 35.8758087158203 35.8269348144531 35.7432174682617 35.654899597168 35.5624465942383 35.4975204467773 35.4641532897949 35.4656219482422 35.4837265014648 35.515941619873 35.5473442077637 35.5872917175293 35.6279144287109 35.6366310119629 35.6489562988281 35.6791114807129 35.6819648742676 35.6674690246582 35.6751518249512 35.7117500305176 35.6974334716797 35.6743545532227 35.6559715270996 35.6283111572266 35.5759963989258 35.4935836791992 35.430549621582 35.3968925476074 35.3614196777344 35.3431739807129 35.4166107177734 35.4776573181152 35.5637741088867 35.5641021728516 35.5650825500488 35.5379333496094 35.6647033691406 35.8323402404785 35.8342514038086 35.8255271911621 35.8217277526855 35.8228759765625 35.8250350952148 35.8215866088867 35.8185615539551 35.8163795471191
35.9372825622559 35.8908882141113 35.8510322570801 35.8089714050293 35.838077545166 35.9418563842773 35.950439453125 35.892463684082 35.8423233032227 35.7936668395996 35.7855758666992 35.8002738952637 35.8067398071289 35.8169898986816 35.8226051330566 35.8307685852051 35.8441314697266 35.8483657836914 35.841381072998 35.8420486450195 35.8383636474609 35.8198280334473 35.8007049560547 35.7731018066406 35.7374229431152 35.7116279602051 35.6628837585449 35.5872268676758 35.4962730407715 35.4230461120605 35.3701210021973 35.4050788879395 35.5040054321289 35.5480842590332 35.5572471618652 35.5825653076172 35.527717590332 35.6258544921875 35.8556976318359 35.8393745422363 35.8251876831055 35.8176307678223 35.8201484680176 35.8259582519531 35.8321952819824 35.8404884338379 35.844856262207
