Ecospace-environmental-drivers/Outputs/ASCII-for-ecospace/Sal-surf/Sal-surf_X2013.09.asc
NCOLS 131 
NROWS 53 
XLLCORNER -98 
YLLCORNER 23.9265270233154 
CELLSIZE 0.133587792515755 
NODATA_value -3.4e+38 
[rows 21 to 41 of 53, columns 47 to 93 of 131]
34.2391738891602 34.0295486450195 33.9409980773926 33.9263877868652 33.9552879333496 34.0295715332031 34.1361236572266 34.2077369689941 34.2306594848633 34.1844444274902 34.1130676269531 34.1330451965332 34.1757431030273 34.1177368164062 34.0201377868652 33.959716796875 33.9035720825195 33.8370323181152 33.7604942321777 33.6989097595215 33.7736358642578 33.8947944641113 34.0505676269531 34.2482261657715 34.3914833068848 34.464054107666 34.5246849060059 34.5913734436035 34.6355667114258 34.6797981262207 34.7300453186035 34.7456321716309 34.7684020996094 34.7627792358398 34.7073402404785 34.5696907043457 34.4731674194336 34.4010353088379 34.4052696228027 34.4217338562012 34.3880882263184 34.3652763366699 34.303295135498 34.2445449829102 34.1929359436035 34.1245384216309 34.1660537719727
34.5656547546387 34.394287109375 34.1694183349609 34.0795783996582 34.072811126709 34.1310615539551 34.2167091369629 34.3234443664551 34.3697814941406 34.3457298278809 34.3002243041992 34.2535247802734 34.2394409179688 34.1404685974121 34.0205230712891 33.9925804138184 33.9518928527832 33.8395690917969 33.7640342712402 33.7576637268066 33.8260231018066 33.9494934082031 34.1357116699219 34.3398933410645 34.4917335510254 34.5910758972168 34.6233444213867 34.6545257568359 34.6536445617676 34.6762619018555 34.7344970703125 34.7601318359375 34.7585258483887 34.6963119506836 34.6427574157715 34.5875244140625 34.5233573913574 34.4792137145996 34.4690780639648 34.5086936950684 34.5219306945801 34.4974212646484 34.4346961975098 34.3313522338867 34.2420120239258 34.1687088012695 34.1740531921387
34.669059753418 34.6321983337402 34.5625762939453 34.4097480773926 34.3204383850098 34.2825012207031 34.3369560241699 34.4174194335938 34.4758644104004 34.4563827514648 34.4392127990723 34.3953094482422 34.297908782959 34.1225891113281 34.0168342590332 33.9936790466309 33.9613037109375 33.8584327697754 33.7861289978027 33.7990036010742 33.8747711181641 34.0619239807129 34.2261657714844 34.3566207885742 34.5802345275879 34.7321548461914 34.7802352905273 34.7493629455566 34.7164039611816 34.7012138366699 34.740234375 34.7616500854492 34.763858795166 34.7337532043457 34.699348449707 34.6406288146973 34.5716323852539 34.5043487548828 34.5044441223145 34.6196022033691 34.6384887695312 34.603946685791 34.577823638916 34.4751892089844 34.3697166442871 34.2538032531738 34.2129249572754
34.7665367126465 34.7334861755371 34.6984367370605 34.6416282653809 34.5551986694336 34.4686508178711 34.4337425231934 34.5163993835449 34.6029319763184 34.5692100524902 34.5292778015137 34.4866638183594 34.2917976379395 34.102783203125 34.0413513183594 34.0193405151367 33.9928703308105 33.8988990783691 33.8534736633301 33.9122924804688 34.0378227233887 34.1717643737793 34.278003692627 34.369499206543 34.6481170654297 34.8237686157227 34.9072914123535 34.9044990539551 34.862621307373 34.7963905334473 34.7608108520508 34.7538375854492 34.7670783996582 34.7494354248047 34.7096748352051 34.6605377197266 34.5966033935547 34.5692176818848 34.6053009033203 34.7087783813477 34.6844139099121 34.6476440429688 34.6302757263184 34.5882606506348 34.5393676757812 34.4277000427246 34.331413269043
34.828369140625 34.7931060791016 34.7653656005859 34.7278137207031 34.6819305419922 34.6270866394043 34.5647888183594 34.5608291625977 34.679988861084 34.6425361633301 34.580696105957 34.4613723754883 34.2520904541016 34.1408233642578 34.0945320129395 34.0514526367188 34.0224571228027 34.0001449584961 34.0355491638184 34.100715637207 34.1484909057617 34.1983680725098 34.2924957275391 34.4484443664551 34.7163467407227 34.8609580993652 34.9892463684082 35.0106163024902 35.0354919433594 34.9992904663086 34.9004096984863 34.8561973571777 34.8183670043945 34.7968254089355 34.7623748779297 34.7193260192871 34.6912612915039 34.7329330444336 34.8091888427734 34.8045196533203 34.7434310913086 34.7091751098633 34.6715431213379 34.6648063659668 34.6495361328125 34.5710906982422 34.4946746826172
34.8752975463867 34.8517112731934 34.8414993286133 34.818115234375 34.7841033935547 34.7406883239746 34.6929626464844 34.6578712463379 34.670539855957 34.6419563293457 34.5292282104492 34.3748741149902 34.279354095459 34.2133979797363 34.1669960021973 34.120044708252 34.1198234558105 34.1448249816895 34.1888732910156 34.2189521789551 34.2411880493164 34.2777557373047 34.3770637512207 34.5722923278809 34.7763862609863 34.87255859375 35.0253944396973 35.0845108032227 35.1005439758301 35.1137199401855 35.0897407531738 35.0292320251465 34.9640808105469 34.9294509887695 34.9029922485352 34.8861770629883 34.9046630859375 34.915641784668 34.9186668395996 34.9412002563477 34.8656997680664 34.8376884460449 34.7845230102539 34.7424812316895 34.7007369995117 34.6434669494629 34.5978851318359
34.902774810791 34.8923034667969 34.887279510498 34.8675994873047 34.8549690246582 34.8295059204102 34.7984428405762 34.7614288330078 34.6751441955566 34.5942306518555 34.4873847961426 34.4111289978027 34.384204864502 34.3616485595703 34.376091003418 34.3147048950195 34.2466812133789 34.232479095459 34.2535552978516 34.2798919677734 34.3225936889648 34.3921279907227 34.5289916992188 34.7537002563477 34.8408470153809 34.8828163146973 35.0223846435547 35.1224708557129 35.1540832519531 35.1589202880859 35.1562919616699 35.15673828125 35.1402893066406 35.1230278015137 35.1003341674805 35.0772132873535 35.0676803588867 35.0601501464844 35.0435791015625 35.0090866088867 34.9330406188965 34.8765411376953 34.8407897949219 34.8621635437012 34.8017539978027 34.728343963623 34.675838470459
34.9388618469238 34.9517364501953 34.9501762390137 34.935661315918 34.9197311401367 34.8656806945801 34.8282699584961 34.7503509521484 34.6555480957031 34.6241226196289 34.545581817627 34.4831504821777 34.4732360839844 34.4708824157715 34.5153312683105 34.5039558410645 34.4581680297852 34.4216575622559 34.4128646850586 34.4319686889648 34.4883575439453 34.5918197631836 34.7576866149902 34.8736267089844 34.9173393249512 34.9251976013184 35.0294609069824 35.1367454528809 35.1601181030273 35.167366027832 35.1797294616699 35.1939544677734 35.1990661621094 35.2123374938965 35.2018241882324 35.1752395629883 35.1270141601562 35.0917472839355 35.0626907348633 35.0156631469727 34.9509162902832 34.9217720031738 34.8937873840332 34.8846702575684 34.8511047363281 34.8176727294922 34.7803802490234
34.9657592773438 35.0020179748535 35.0327415466309 35.0409507751465 34.9971542358398 34.8963394165039 34.7612419128418 34.6804885864258 34.6442451477051 34.64794921875 34.5913124084473 34.5414009094238 34.5274848937988 34.5434761047363 34.5737991333008 34.6332054138184 34.686092376709 34.6952819824219 34.6939353942871 34.7201118469238 34.7822647094727 34.874195098877 34.9591827392578 35.0405960083008 35.0270919799805 34.9572410583496 35.0375671386719 35.1463966369629 35.1557731628418 35.1624565124512 35.1760597229004 35.1926193237305 35.2091331481934 35.21875 35.2312431335449 35.2285842895508 35.1715240478516 35.1021537780762 35.0577239990234 34.9960250854492 34.9477272033691 34.9233741760254 34.9118576049805 34.8841552734375 34.8662414550781 34.8495025634766 34.8528900146484
34.993839263916 35.0344543457031 35.1060218811035 35.1422996520996 35.0869483947754 34.9142532348633 34.7501792907715 34.663745880127 34.6355628967285 34.6398544311523 34.596996307373 34.5785331726074 34.6208419799805 34.664306640625 34.6972846984863 34.762622833252 34.8567276000977 34.9046287536621 34.9468727111816 35.0029449462891 35.0487098693848 35.0807685852051 35.12353515625 35.145378112793 35.0880432128906 34.9931983947754 35.0758743286133 35.1672134399414 35.1721267700195 35.1683197021484 35.1719512939453 35.1856384277344 35.2034187316895 35.2325668334961 35.2453308105469 35.2528343200684 35.2299995422363 35.1707382202148 35.105152130127 35.0352172851562 34.988639831543 34.9674453735352 34.9394340515137 34.9103393554688 34.8992576599121 34.8987655639648 34.8964195251465
35.0479049682617 35.0799179077148 35.1496658325195 35.2060661315918 35.1746826171875 34.9953155517578 34.8142776489258 34.7030487060547 34.6548118591309 34.6399230957031 34.6126708984375 34.6353034973145 34.7287864685059 34.793628692627 34.8229598999023 34.8646354675293 34.9817810058594 35.1090202331543 35.1860694885254 35.2001686096191 35.1757011413574 35.183708190918 35.1898612976074 35.1903686523438 35.1527633666992 35.0501861572266 35.1359024047852 35.2315635681152 35.2337837219238 35.2139053344727 35.1928176879883 35.1909484863281 35.2104301452637 35.2393608093262 35.2613067626953 35.270133972168 35.2606430053711 35.2331809997559 35.1816940307617 35.1405296325684 35.0921058654785 35.0267219543457 34.982608795166 34.9363174438477 34.9296875 34.9379386901855 34.9319152832031
35.1410522460938 35.1506805419922 35.1877861022949 35.2672424316406 35.2499008178711 35.1011390686035 34.9052848815918 34.7902412414551 34.6920204162598 34.6609764099121 34.6621246337891 34.7035942077637 34.8054847717285 34.8784332275391 34.900016784668 34.9792366027832 35.1872634887695 35.265323638916 35.2582931518555 35.267448425293 35.2711219787598 35.2535095214844 35.2414245605469 35.2454147338867 35.2124481201172 35.1220245361328 35.1889190673828 35.2995643615723 35.3058166503906 35.2857856750488 35.2518920898438 35.2267303466797 35.2314949035645 35.2560386657715 35.2825736999512 35.2919540405273 35.2843780517578 35.2808418273926 35.285327911377 35.2712478637695 35.2325897216797 35.1600456237793 35.0967330932617 35.0124931335449 34.9846496582031 34.9964332580566 34.986644744873
35.2974739074707 35.3002395629883 35.2931632995605 35.3102149963379 35.3105545043945 35.2014312744141 35.058292388916 34.9200248718262 34.745964050293 34.688793182373 34.715145111084 34.7736587524414 34.8816413879395 34.9657592773438 35.0373382568359 35.1529922485352 35.2684745788574 35.2916717529297 35.3253860473633 35.3401679992676 35.3478736877441 35.3157997131348 35.2819328308105 35.2727317810059 35.235050201416 35.182201385498 35.2480773925781 35.34619140625 35.3557319641113 35.3398170471191 35.3058052062988 35.2729873657227 35.2723503112793 35.2876205444336 35.3095855712891 35.3165092468262 35.3107872009277 35.3088188171387 35.3428993225098 35.3832092285156 35.4003868103027 35.3777656555176 35.3342094421387 35.2627754211426 35.1877937316895 35.1966819763184 35.2218894958496
35.425220489502 35.3887786865234 35.3685455322266 35.3308143615723 35.3359870910645 35.2732391357422 35.1744918823242 35.0705909729004 34.8881454467773 34.7304153442383 34.7310562133789 34.8456916809082 34.938404083252 35.023754119873 35.1318969726562 35.1932983398438 35.2706832885742 35.3541374206543 35.3758773803711 35.3953094482422 35.4047012329102 35.3889923095703 35.3283157348633 35.2905616760254 35.2445297241211 35.2275695800781 35.2672424316406 35.3584518432617 35.3656997680664 35.356761932373 35.3318405151367 35.300235748291 35.2984428405762 35.3231010437012 35.3459930419922 35.3508911132812 35.3384666442871 35.3268394470215 35.3386878967285 35.4032859802246 35.4670219421387 35.4922103881836 35.4951438903809 35.4855842590332 35.4420700073242 35.3823509216309 35.3763236999512
35.4964408874512 35.451042175293 35.3899879455566 35.3528480529785 35.3184242248535 35.3167114257812 35.2517051696777 35.155216217041 35.028450012207 34.8587646484375 34.7422485351562 34.8356056213379 34.9422340393066 35.0400810241699 35.1677513122559 35.2242546081543 35.3118667602539 35.3596382141113 35.4075126647949 35.4404144287109 35.4488983154297 35.4472198486328 35.3620872497559 35.2911491394043 35.2592697143555 35.2659797668457 35.2946281433105 35.3593063354492 35.3582458496094 35.3607597351074 35.3370780944824 35.3125038146973 35.3218154907227 35.3493385314941 35.3783836364746 35.3918075561523 35.3749809265137 35.3602180480957 35.3532180786133 35.3822441101074 35.4254570007324 35.4878349304199 35.5169677734375 35.5198669433594 35.511173248291 35.5137825012207 35.4880905151367
35.5368995666504 35.4972763061523 35.4485359191895 35.3836059570312 35.331787109375 35.3119125366211 35.2957038879395 35.2251739501953 35.1277732849121 34.9967308044434 34.8542785644531 34.8105888366699 34.9165267944336 35.0413131713867 35.1721992492676 35.2934074401855 35.3648338317871 35.3776588439941 35.3971519470215 35.4295387268066 35.447452545166 35.4510192871094 35.3901329040527 35.2926025390625 35.2872314453125 35.3048133850098 35.3236618041992 35.3549842834473 35.3561477661133 35.3382911682129 35.329044342041 35.3290138244629 35.3493499755859 35.3749008178711 35.3953590393066 35.4104118347168 35.4067459106445 35.3948516845703 35.378547668457 35.3952903747559 35.4283103942871 35.455379486084 35.4948272705078 35.532154083252 35.5384635925293 35.5359649658203 35.5333862304688
35.5757865905762 35.5322532653809 35.4970893859863 35.445255279541 35.3814392089844 35.3450241088867 35.3179931640625 35.2710342407227 35.1836471557617 35.114429473877 35.0248069763184 34.9087562561035 34.8836402893066 34.9662551879883 35.0979843139648 35.314281463623 35.4357032775879 35.4305725097656 35.4172592163086 35.4277839660645 35.4233551025391 35.4142150878906 35.4117240905762 35.3140830993652 35.3153381347656 35.3257827758789 35.3379173278809 35.3538360595703 35.3375587463379 35.332878112793 35.3398475646973 35.3408203125 35.3510398864746 35.3798637390137 35.4039497375488 35.4158592224121 35.4128837585449 35.413990020752 35.4088745117188 35.4038581848145 35.4301147460938 35.458927154541 35.4822807312012 35.510913848877 35.5476150512695 35.5528335571289 35.554084777832
35.6059112548828 35.5881233215332 35.5405921936035 35.5186882019043 35.4600563049316 35.3996467590332 35.3597793579102 35.3130340576172 35.2402153015137 35.1546401977539 35.1149368286133 35.0792198181152 35.013858795166 34.9631385803223 35.0214424133301 35.1949462890625 35.3913917541504 35.4277877807617 35.4284515380859 35.4312591552734 35.4329490661621 35.3823280334473 35.4064331054688 35.3553199768066 35.3312492370605 35.3367042541504 35.3486213684082 35.344352722168 35.3413772583008 35.347095489502 35.3413276672363 35.3412933349609 35.3533744812012 35.380786895752 35.4082527160645 35.4263877868652 35.4224052429199 35.4197959899902 35.4316940307617 35.4258003234863 35.4302444458008 35.4492111206055 35.4777336120605 35.5059814453125 35.5303344726562 35.5564765930176 35.5688552856445
35.6404991149902 35.6188774108887 35.5893745422363 35.5577507019043 35.498779296875 35.4654579162598 35.4114112854004 35.3502960205078 35.3106117248535 35.2169609069824 35.1561813354492 35.1360473632812 35.1240119934082 35.1108703613281 35.09375 35.1755638122559 35.3194007873535 35.3970832824707 35.4127807617188 35.4157066345215 35.4269180297852 35.3970680236816 35.3912887573242 35.4018363952637 35.3404502868652 35.3461952209473 35.3532447814941 35.343822479248 35.3520660400391 35.360034942627 35.3616409301758 35.3689193725586 35.3781394958496 35.3993988037109 35.4230346679688 35.4439697265625 35.4457473754883 35.437873840332 35.4460754394531 35.4661674499512 35.4577560424805 35.4561958312988 35.47314453125 35.4967041015625 35.5243835449219 35.5537223815918 35.573902130127
35.6714782714844 35.6511650085449 35.6275291442871 35.5915832519531 35.5412292480469 35.4965934753418 35.4437370300293 35.3895301818848 35.3693809509277 35.2824440002441 35.2166976928711 35.1922378540039 35.1813507080078 35.1719245910645 35.1782188415527 35.2038307189941 35.2832527160645 35.3658866882324 35.388801574707 35.3984489440918 35.4162292480469 35.4219436645508 35.4019050598145 35.4168167114258 35.3527412414551 35.3491668701172 35.3428840637207 35.3461570739746 35.3702812194824 35.3797950744629 35.3929100036621 35.3935737609863 35.4001960754395 35.4253997802734 35.4478340148926 35.4690742492676 35.4686660766602 35.4623565673828 35.4726371765137 35.5021133422852 35.5165596008301 35.498836517334 35.492733001709 35.5030555725098 35.5334854125977 35.5492630004883 35.5813407897949
35.6700477600098 35.6562423706055 35.6415214538574 35.6103973388672 35.5753440856934 35.5296401977539 35.4669418334961 35.4213523864746 35.3866195678711 35.3213310241699 35.2737922668457 35.2402992248535 35.2427673339844 35.2349319458008 35.2395057678223 35.2554359436035 35.2846565246582 35.3224601745605 35.3856887817383 35.4078216552734 35.4155235290527 35.4216156005859 35.4430084228516 35.4285850524902 35.373836517334 35.3560104370117 35.3444023132324 35.3522186279297 35.3802375793457 35.4029159545898 35.4195137023926 35.4175300598145 35.4210052490234 35.4486274719238 35.4768600463867 35.4973335266113 35.4956207275391 35.4849662780762 35.4930038452148 35.5131034851074 35.5422706604004 35.5505409240723 35.5466270446777 35.5365447998047 35.5571174621582 35.578556060791 35.5883483886719
