Ecospace-environmental-drivers/Outputs/ASCII-for-ecospace/Sal-surf/Sal-surf_X1997.08.asc
NCOLS 131 
NROWS 53 
XLLCORNER -98 
YLLCORNER 23.9265270233154 
CELLSIZE 0.133587792515755 
NODATA_value -3.4e+38 
[rows 21 to 41 of 53, columns 0 to 46 of 131]
-3.4e+38 -3.4e+38 -3.4e+38 -3.4e+38 -3.4e+38 -3.4e+38 36.3892517089844 36.3742065429688 36.2940406799316 36.1655044555664 36.2180519104004 36.2264213562012 36.1752700805664 36.1057243347168 36.0543632507324 36.0137672424316 35.9758148193359 35.9200630187988 35.8548316955566 35.7726669311523 35.6864738464355 35.6527442932129 35.6422843933105 35.5826644897461 35.4770202636719 35.3920631408691 35.288688659668 35.245174407959 35.2307624816895 35.240535736084 35.1827239990234 35.1273612976074 35.0785636901855 35.054069519043 35.0109062194824 34.9339599609375 34.7733306884766 34.6793022155762 34.6368560791016 34.6583709716797 34.5947151184082 34.4924583435059 34.4655494689941 34.4616355895996 34.4187126159668 34.323356628418 34.2343215942383
-3.4e+38 -3.4e+38 -3.4e+38 -3.4e+38 -3.4e+38 -3.4e+38 36.4071350097656 36.3864097595215 36.3742065429688 36.342414855957 36.2986488342285 36.2392158508301 36.1854095458984 36.0997123718262 36.0162544250488 35.9451484680176 35.8873023986816 35.8506278991699 35.8136329650879 35.7377967834473 35.7045288085938 35.6762847900391 35.5927619934082 35.4596176147461 35.3048210144043 35.2012252807617 35.1497573852539 35.1418914794922 35.1576309204102 35.1439552307129 35.0912590026855 35.0302085876465 34.9888648986816 34.9563674926758 34.9182510375977 34.8932151794434 34.8629417419434 34.7868957519531 34.6919441223145 34.6636695861816 34.6044006347656 34.3903427124023 34.2941780090332 34.2945365905762 34.2492599487305 34.1639137268066 34.0735549926758
-3.4e+38 -3.4e+38 -3.4e+38 -3.4e+38 36.4347915649414 36.3478469848633 36.3828620910645 36.4071350097656 36.3778915405273 36.3193969726562 36.2619476318359 36.1747779846191 36.0588684082031 35.9959983825684 35.9073257446289 35.8201637268066 35.7655143737793 35.7462387084961 35.7260704040527 35.7052040100098 35.6244354248047 35.5195388793945 35.4199829101562 35.224365234375 35.0865707397461 35.0146484375 34.9816741943359 34.9624366760254 34.9305038452148 34.8776931762695 34.8326187133789 34.8058662414551 34.8096618652344 34.7819862365723 34.7257461547852 34.710620880127 34.7282180786133 34.7525329589844 34.7376441955566 34.7203254699707 34.6646995544434 34.4340400695801 34.2134971618652 34.1879806518555 34.1640090942383 34.0936012268066 34.017635345459
-3.4e+38 -3.4e+38 -3.4e+38 -3.4e+38 36.5226707458496 36.4338531494141 36.3478469848633 36.3936004638672 36.3377494812012 36.2638168334961 36.183219909668 36.0875587463379 35.971248626709 35.809757232666 35.6931915283203 35.6330795288086 35.6258201599121 35.5984725952148 35.5654602050781 35.4739189147949 35.3608932495117 35.2549095153809 35.134635925293 34.9982147216797 34.9349098205566 34.9123458862305 34.8968353271484 34.8644561767578 34.811954498291 34.7646713256836 34.7371101379395 34.7356300354004 34.7333679199219 34.7236938476562 34.6468467712402 34.6003189086914 34.560230255127 34.5711784362793 34.5788955688477 34.5779342651367 34.5746765136719 34.4502258300781 34.2201690673828 34.1684341430664 34.1365242004395 34.0973587036133 34.0949440002441
-3.4e+38 -3.4e+38 -3.4e+38 -3.4e+38 -3.4e+38 36.5226707458496 36.4310417175293 36.3614807128906 36.2852210998535 36.2159957885742 36.1238059997559 35.9687919616699 35.7291412353516 35.5960235595703 35.5231742858887 35.4697914123535 35.4487648010254 35.4196128845215 35.3326263427734 35.285701751709 35.2031173706055 35.1187324523926 34.9981575012207 34.9477882385254 34.9595108032227 34.9926109313965 34.9785957336426 34.9211158752441 34.8569602966309 34.8208770751953 34.7815246582031 34.7595367431641 34.7519950866699 34.7385177612305 34.6977653503418 34.6414375305176 34.5867538452148 34.5482711791992 34.5484008789062 34.5214309692383 34.4961128234863 34.4186401367188 34.2288703918457 34.1567611694336 34.1519203186035 34.1575317382812 34.2044486999512
-3.4e+38 -3.4e+38 -3.4e+38 -3.4e+38 -3.4e+38 36.5290031433105 36.3696784973145 36.3036041259766 36.2483177185059 36.1911811828613 36.0446586608887 35.7451171875 35.5745391845703 35.46337890625 35.3601989746094 35.3113250732422 35.3322219848633 35.2537841796875 35.18310546875 35.146297454834 35.0663719177246 35.064208984375 35.0321159362793 35.0689086914062 35.0972747802734 35.089225769043 35.0380897521973 34.9714012145996 34.9270210266113 34.8947639465332 34.8638458251953 34.8383407592773 34.7966117858887 34.7643775939941 34.7415657043457 34.6784133911133 34.5990943908691 34.5433540344238 34.5183258056641 34.4715309143066 34.4571723937988 34.408203125 34.2234001159668 34.1539993286133 34.189582824707 34.2489738464355 34.3202362060547
-3.4e+38 -3.4e+38 36.9742889404297 36.9389610290527 36.6515235900879 36.4508438110352 36.3282127380371 36.2865104675293 36.2463569641113 36.1480484008789 35.9173164367676 35.6214332580566 35.4972534179688 35.3769874572754 35.2893981933594 35.272647857666 35.306468963623 35.1805000305176 35.0682411193848 34.96875 34.9608192443848 35.0050430297852 35.0666084289551 35.0966453552246 35.0993728637695 35.076530456543 35.0524673461914 35.0244560241699 35.0172729492188 35.0171813964844 35.004638671875 34.9618186950684 34.902889251709 34.8267097473145 34.7759208679199 34.7299308776855 34.6545906066895 34.5482902526855 34.5016326904297 34.4308204650879 34.397403717041 34.3761863708496 34.2264022827148 34.1732063293457 34.2429084777832 34.3302459716797 34.452709197998
-339999999999999996128486808808066248288.000000000000000 -3.4e+38 -3.4e+38 -3.4e+38 36.9036331176758 36.3998489379883 36.317813873291 36.2799072265625 36.212532043457 36.0598030090332 35.7865524291992 35.5453109741211 35.4384765625 35.3417053222656 35.2976913452148 35.3064727783203 35.3488311767578 35.1337852478027 34.9328308105469 34.9164619445801 34.9513511657715 35.0021209716797 35.0401802062988 35.0772743225098 35.1220474243164 35.1499137878418 35.1285285949707 35.1095504760742 35.1103973388672 35.09375 35.0661888122559 35.0605239868164 35.0192222595215 34.8768653869629 34.7538795471191 34.700553894043 34.7056694030762 34.6205558776855 34.5319366455078 34.4439506530762 34.3572273254395 34.3447227478027 34.2380638122559 34.2108116149902 34.2993812561035 34.4320297241211 34.5434837341309
-3.4e+38 -3.4e+38 -3.4e+38 -3.4e+38 36.6295623779297 36.3485679626465 36.3246879577637 36.2735214233398 36.1498069763184 35.9929962158203 35.7324600219727 35.5052185058594 35.354679107666 35.2904510498047 35.2714309692383 35.2874946594238 35.3069038391113 35.1199798583984 34.9613037109375 34.9957847595215 35.0436058044434 35.099479675293 35.1391067504883 35.1748962402344 35.234016418457 35.274974822998 35.2734184265137 35.2424545288086 35.2228012084961 35.1748085021973 35.1191215515137 35.0573539733887 34.8722267150879 34.6708755493164 34.5378608703613 34.4932518005371 34.518856048584 34.6354751586914 34.5912704467773 34.4868125915527 34.3730049133301 34.3243865966797 34.2581481933594 34.2560653686523 34.3488540649414 34.5051689147949 34.5710067749023
-3.4e+38 -3.4e+38 -3.4e+38 -3.4e+38 36.509880065918 36.3520660400391 36.3285331726074 36.2755508422852 36.1248397827148 35.9782295227051 35.7842407226562 35.5315933227539 35.3844947814941 35.2737846374512 35.2572784423828 35.3077354431152 35.3588256835938 35.2275390625 35.0939254760742 35.1066818237305 35.1569442749023 35.1898498535156 35.2358055114746 35.2672119140625 35.3089408874512 35.3436393737793 35.3833694458008 35.4008178710938 35.3499565124512 35.2803153991699 35.1590194702148 35.0442085266113 34.8660583496094 34.6456489562988 34.5297660827637 34.4482154846191 34.4310188293457 34.4996147155762 34.5692138671875 34.510627746582 34.4065933227539 34.3147048950195 34.2778396606445 34.2931747436523 34.3876838684082 34.5363922119141 34.5958557128906
-3.4e+38 -3.4e+38 -3.4e+38 -3.4e+38 37.0252952575684 36.3841857910156 36.3322982788086 36.2821350097656 36.1848678588867 36.03173828125 35.8646697998047 35.5618934631348 35.327335357666 35.2780342102051 35.2736854553223 35.3258209228516 35.3873634338379 35.3295478820801 35.2256355285645 35.2225112915039 35.2712745666504 35.2692718505859 35.293399810791 35.3314208984375 35.3745994567871 35.3800315856934 35.4787101745605 35.5200614929199 35.4918975830078 35.4082832336426 35.2366752624512 35.1016578674316 34.8876953125 34.6719055175781 34.5586318969727 34.4308128356934 34.3918800354004 34.4289321899414 34.485969543457 34.4974021911621 34.4120864868164 34.3268432617188 34.2867088317871 34.3126831054688 34.4228363037109 34.5591316223145 34.5945053100586
-3.4e+38 -3.4e+38 -3.4e+38 -3.4e+38 36.6721153259277 36.3446311950684 36.3337783813477 36.2798728942871 36.2317199707031 36.1415138244629 35.9948081970215 35.6343955993652 35.2805976867676 35.2547416687012 35.270450592041 35.318431854248 35.3612518310547 35.3466606140137 35.3108100891113 35.2966537475586 35.2782249450684 35.2829627990723 35.3194580078125 35.335578918457 35.3875885009766 35.4608116149902 35.5289077758789 35.6129188537598 35.618293762207 35.5486297607422 35.3878707885742 35.1910781860352 34.9956092834473 34.7405624389648 34.5895118713379 34.4251441955566 34.3633918762207 34.398193359375 34.4318351745605 34.4520568847656 34.4069595336914 34.343204498291 34.2811050415039 34.3165893554688 34.4655380249023 34.5735626220703 34.63134765625
-3.4e+38 -3.4e+38 -3.4e+38 -3.4e+38 36.6714782714844 36.3193817138672 36.3245124816895 36.2595825195312 36.2185516357422 36.1512260437012 36.0433158874512 35.7192001342773 35.3104934692383 35.1739692687988 35.1971626281738 35.2640266418457 35.302791595459 35.3064994812012 35.2948379516602 35.3227081298828 35.3587379455566 35.4061965942383 35.4192886352539 35.4391441345215 35.4885482788086 35.5564041137695 35.6361694335938 35.6881866455078 35.7096939086914 35.6859092712402 35.5784873962402 35.3625144958496 35.1297569274902 34.8207168579102 34.647533416748 34.4384994506836 34.375072479248 34.3951644897461 34.3760795593262 34.3975601196289 34.3857116699219 34.3730812072754 34.270622253418 34.3139991760254 34.4973983764648 34.6016502380371 34.6803169250488
-3.4e+38 -3.4e+38 -3.4e+38 -3.4e+38 -3.4e+38 36.2391128540039 36.2920303344727 36.2691917419434 36.2083206176758 36.118034362793 36.0231399536133 35.7647285461426 35.3783493041992 35.1679534912109 35.1702423095703 35.2162132263184 35.2678680419922 35.3110618591309 35.368595123291 35.4563598632812 35.5173416137695 35.521842956543 35.5095634460449 35.5243492126465 35.5421104431152 35.6149940490723 35.7109603881836 35.7539710998535 35.7533302307129 35.718017578125 35.6603660583496 35.5302619934082 35.3025054931641 34.9418563842773 34.6863670349121 34.4789047241211 34.4256401062012 34.3903617858887 34.3505516052246 34.3457412719727 34.378662109375 34.3959999084473 34.2607727050781 34.3092155456543 34.514591217041 34.6248550415039 34.6915969848633
-3.4e+38 -3.4e+38 -3.4e+38 -3.4e+38 -3.4e+38 33.1250610351562 36.2318077087402 36.2916221618652 36.2020530700684 36.0943298339844 35.9966125488281 35.7226257324219 35.4411697387695 35.2218284606934 35.2284736633301 35.2946395874023 35.3374443054199 35.4048080444336 35.5696716308594 35.5690536499023 35.5456123352051 35.5445327758789 35.5604057312012 35.5678977966309 35.5680885314941 35.6743545532227 35.7546844482422 35.7904052734375 35.7725868225098 35.7100601196289 35.6433753967285 35.5860481262207 35.5015296936035 35.2602958679199 34.795051574707 34.5948829650879 34.4994239807129 34.3972282409668 34.3486785888672 34.3234214782715 34.3569412231445 34.4170417785645 34.2693786621094 34.3235816955566 34.5223770141602 34.6155319213867 34.679557800293
-3.4e+38 -3.4e+38 -3.4e+38 -3.4e+38 -3.4e+38 32.6851921081543 36.2505187988281 36.2977676391602 36.1599578857422 36.0293083190918 35.9161567687988 35.6747512817383 35.3998107910156 35.260440826416 35.2716636657715 35.338737487793 35.4498023986816 35.5875625610352 35.5768013000488 35.5389213562012 35.564769744873 35.5955467224121 35.6069297790527 35.6049957275391 35.6080780029297 35.7430648803711 35.8243141174316 35.8364143371582 35.7962646484375 35.7203102111816 35.6727333068848 35.6417465209961 35.5867309570312 35.4595375061035 35.1521377563477 34.7979125976562 34.6551055908203 34.518684387207 34.4007606506348 34.3235092163086 34.3342018127441 34.4005088806152 34.2944526672363 34.3342514038086 34.5000190734863 34.575267791748 34.6574211120605
-3.4e+38 -3.4e+38 -3.4e+38 -3.4e+38 -3.4e+38 -3.4e+38 36.4045829772949 36.3025932312012 36.1070289611816 35.9733810424805 35.8244972229004 35.6119575500488 35.3316879272461 35.2841987609863 35.2931213378906 35.4319038391113 35.583553314209 35.5493278503418 35.4848976135254 35.4782638549805 35.593189239502 35.6537895202637 35.6349143981934 35.6274871826172 35.6811599731445 35.8246383666992 35.8550720214844 35.818717956543 35.7476043701172 35.693359375 35.6541976928711 35.6114120483398 35.5995597839355 35.562313079834 35.3792190551758 35.0493431091309 34.8166656494141 34.7004432678223 34.5259742736816 34.4203033447266 34.3670806884766 34.386962890625 34.3475036621094 34.3283195495605 34.4546012878418 34.5284805297852 34.6027374267578
-3.4e+38 -3.4e+38 -3.4e+38 -3.4e+38 -3.4e+38 -3.4e+38 36.4638977050781 36.2610816955566 36.0495185852051 35.9162559509277 35.7835884094238 35.6426620483398 35.3753662109375 35.3443603515625 35.3732376098633 35.5278434753418 35.5306739807129 35.4539260864258 35.4311828613281 35.4927787780762 35.5686264038086 35.6684837341309 35.6795845031738 35.6600952148438 35.7844161987305 35.8886795043945 35.8673667907715 35.788932800293 35.7050971984863 35.6455535888672 35.5557975769043 35.4798583984375 35.4606513977051 35.4873695373535 35.4314460754395 35.2946701049805 34.97314453125 34.8145637512207 34.6842803955078 34.5195617675781 34.4616165161133 34.4030151367188 34.3540916442871 34.3370170593262 34.4036407470703 34.4980316162109 34.5421142578125
-3.4e+38 -3.4e+38 -3.4e+38 -3.4e+38 -3.4e+38 -3.4e+38 36.5047302246094 36.1723136901855 36.0161972045898 35.873218536377 35.7699813842773 35.6637878417969 35.4792861938477 35.4231872558594 35.4195785522461 35.4902000427246 35.5129432678223 35.5563468933105 35.5623359680176 35.5752143859863 35.6087379455566 35.6826171875 35.7152519226074 35.7681159973145 35.8800468444824 35.8940696716309 35.8425941467285 35.748836517334 35.6213188171387 35.4891471862793 35.3613204956055 35.3289642333984 35.3454284667969 35.3731956481934 35.310863494873 35.325813293457 35.1784934997559 34.9174842834473 34.7812118530273 34.6208839416504 34.5278816223145 34.5029144287109 34.4128379821777 34.3802642822266 34.361873626709 34.4039497375488 34.4831008911133
-3.4e+38 -3.4e+38 -3.4e+38 -3.4e+38 -3.4e+38 36.697696685791 36.3866996765137 36.0925674438477 36.0097885131836 35.9152870178223 35.8063507080078 35.7288703918457 35.6370849609375 35.6553497314453 35.6141090393066 35.5989952087402 35.6478805541992 35.6701278686523 35.683292388916 35.693546295166 35.6963081359863 35.7657241821289 35.8293838500977 35.9151191711426 35.9568481445312 35.8903656005859 35.7885437011719 35.6583709716797 35.4839248657227 35.3443069458008 35.253231048584 35.2255821228027 35.2540893554688 35.3098907470703 35.2434005737305 35.2549057006836 35.26708984375 35.0407829284668 34.872688293457 34.717700958252 34.5764770507812 34.5831909179688 34.5309982299805 34.4244422912598 34.398796081543 34.3783264160156 34.41943359375
-3.4e+38 -3.4e+38 -3.4e+38 -3.4e+38 36.9384536743164 36.6601829528809 36.2078247070312 36.0576019287109 36.0332069396973 36.0038108825684 35.9249534606934 35.859992980957 35.8478546142578 35.923469543457 35.9291610717773 35.8538208007812 35.8362731933594 35.8156242370605 35.7985153198242 35.7739067077637 35.8125381469727 35.9303283691406 35.9448890686035 35.9991683959961 35.9668998718262 35.8496055603027 35.717643737793 35.5056304931641 35.4089012145996 35.2660636901855 35.1884727478027 35.1601333618164 35.1797561645508 35.2484397888184 35.1980400085449 35.2094955444336 35.255256652832 35.1394348144531 34.9657554626465 34.8240165710449 34.6377983093262 34.6151504516602 34.6694679260254 34.5429840087891 34.4782409667969 34.4688262939453 34.4788093566895
