Ecospace-environmental-drivers/Outputs/ASCII-for-ecospace/Sal-surf/Sal-surf_X2016.08.asc
NCOLS 131 
NROWS 53 
XLLCORNER -98 
YLLCORNER 23.9265270233154 
CELLSIZE 0.133587792515755 
NODATA_value -3.4e+38 
[rows 0 to 20 of 53, columns 47 to 93 of 131]
-3.4e+38 -3.4e+38 -3.4e+38 -3.4e+38 -3.4e+38 -3.4e+38 -3.4e+38 -3.4e+38 -3.4e+38 -3.4e+38 -3.4e+38 -3.4e+38 -3.4e+38 -3.4e+38 -3.4e+38 -3.4e+38 -3.4e+38 -3.4e+38 -3.4e+38 -3.4e+38 -3.4e+38 -3.4e+38 -3.4e+38 -3.4e+38 -3.4e+38 -3.4e+38 -3.4e+38 -3.4e+38 -3.4e+38 -3.4e+38 -3.4e+38 -3.4e+38 -3.4e+38 -3.4e+38 -3.4e+38 -3.4e+38 -3.4e+38 -3.4e+38 -3.4e+38 -3.4e+38 -3.4e+38 -3.4e+38 -3.4e+38 -3.4e+38 -3.4e+38 -3.4e+38 -3.4e+38
-3.4e+38 -3.4e+38 -3.4e+38 -3.4e+38 -3.4e+38 -3.4e+38 -3.4e+38 -3.4e+38 -3.4e+38 -3.4e+38 -3.4e+38 -3.4e+38 -3.4e+38 -3.4e+38 -3.4e+38 -3.4e+38 -3.4e+38 -3.4e+38 -3.4e+38 -3.4e+38 -3.4e+38 -3.4e+38 -3.4e+38 -3.4e+38 -3.4e+38 -3.4e+38 -3.4e+38 -3.4e+38 -3.4e+38 -3.4e+38 -3.4e+38 -3.4e+38 -3.4e+38 -3.4e+38 -3.4e+38 -3.4e+38 -3.4e+38 -3.4e+38 -3.4e+38 -3.4e+38 -3.4e+38 -3.4e+38 -3.4e+38 -3.4e+38 -3.4e+38 -3.4e+38 -3.4e+38
-3.4e+38 -3.4e+38 -3.4e+38 -3.4e+38 -3.4e+38 -3.4e+38 -3.4e+38 -3.4e+38 -3.4e+38 -3.4e+38 -3.4e+38 -3.4e+38 -3.4e+38 -3.4e+38 -3.4e+38 -3.4e+38 -3.4e+38 -3.4e+38 -3.4e+38 -3.4e+38 -3.4e+38 -3.4e+38 -3.4e+38 -3.4e+38 -3.4e+38 -3.4e+38 -3.4e+38 0.176964491605759 0.176964491605759 -3.4e+38 -3.4e+38 -3.4e+38 -3.4e+38 -3.4e+38 -3.4e+38 -3.4e+38 -3.4e+38 -3.4e+38 -3.4e+38 -3.4e+38 -3.4e+38 -3.4e+38 -3.4e+38 -3.4e+38 -3.4e+38 -3.4e+38 -3.4e+38
-3.4e+38 -3.4e+38 -3.4e+38 -3.4e+38 -3.4e+38 -3.4e+38 -3.4e+38 -3.4e+38 -3.4e+38 -3.4e+38 -3.4e+38 -3.4e+38 -3.4e+38 -3.4e+38 -3.4e+38 -3.4e+38 -3.4e+38 -3.4e+38 -3.4e+38 -3.4e+38 -3.4e+38 -3.4e+38 -3.4e+38 -3.4e+38 -3.4e+38 -3.4e+38 -3.4e+38 0.152889266610146 0.201039731502533 -3.4e+38 -3.4e+38 -3.4e+38 -3.4e+38 -3.4e+38 -3.4e+38 -3.4e+38 -3.4e+38 -3.4e+38 -3.4e+38 -3.4e+38 -3.4e+38 -3.4e+38 -3.4e+38 -3.4e+38 -3.4e+38 -3.4e+38 -3.4e+38
-3.4e+38 -3.4e+38 -3.4e+38 -3.4e+38 -3.4e+38 -3.4e+38 -3.4e+38 -3.4e+38 -3.4e+38 16.5642719268799 16.324556350708 16.324556350708 16.324556350708 -3.4e+38 -3.4e+38 -3.4e+38 -3.4e+38 -3.4e+38 22.6170501708984 23.4690933227539 24.8611240386963 25.2903461456299 24.8592433929443 25.1455478668213 25.834056854248 26.811149597168 8.52989959716797 0.990665555000305 1.27675187587738 2.00945115089417 -3.4e+38 -3.4e+38 30.080020904541 22.3231525421143 8.09812355041504 3.60007572174072 33.1863441467285 33.1464729309082 33.1621742248535 33.2416000366211 33.5774765014648 33.3738098144531 -3.4e+38 -3.4e+38 -3.4e+38 -3.4e+38 -3.4e+38
-3.4e+38 -3.4e+38 -3.4e+38 -3.4e+38 -3.4e+38 -3.4e+38 -3.4e+38 -3.4e+38 16.8459072113037 16.7179412841797 16.3686828613281 16.324556350708 13.6845226287842 10.0253295898438 8.40357398986816 -3.4e+38 13.5571451187134 19.2402801513672 21.3497905731201 23.8843097686768 25.1731815338135 25.52587890625 25.1719799041748 23.8798732757568 26.3847923278809 27.2375049591064 18.812442779541 5.73853778839111 3.39781379699707 3.16219902038574 24.1062698364258 32.822135925293 32.6917915344238 24.7261371612549 23.7765598297119 28.8586139678955 33.2806015014648 33.1936264038086 33.1921310424805 33.2300796508789 33.3273086547852 33.2166404724121 33.1957397460938 33.2291870117188 -3.4e+38 -3.4e+38 -3.4e+38
-3.4e+38 -3.4e+38 -3.4e+38 -3.4e+38 -3.4e+38 -3.4e+38 -3.4e+38 -3.4e+38 16.8416118621826 16.8459072113037 16.589973449707 15.7142963409424 13.2099046707153 9.48933410644531 7.37675142288208 8.34463691711426 11.9181861877441 20.4086132049561 23.2845325469971 26.4091091156006 28.4697799682617 28.6639442443848 28.79714012146 28.1931476593018 28.7504196166992 28.8475799560547 29.3017234802246 20.7586421966553 18.659236907959 18.6206512451172 32.8791198730469 33.0472450256348 33.1161689758301 32.9894409179688 33.2588768005371 33.2337951660156 33.175163269043 33.0702705383301 33.0097808837891 33.0301551818848 33.0512580871582 33.097526550293 33.2126655578613 33.2561225891113 33.2187767028809 33.1798706054688 -3.4e+38
-3.4e+38 -3.4e+38 -3.4e+38 -3.4e+38 -3.4e+38 -3.4e+38 -3.4e+38 -3.4e+38 -3.4e+38 -3.4e+38 16.5074520111084 15.3361730575562 13.0800495147705 -3.4e+38 7.3007345199585 8.32989311218262 13.1261377334595 20.5079746246338 22.9177761077881 29.168737411499 29.4553127288818 30.3998336791992 31.0383243560791 31.6682167053223 31.8264694213867 31.9567718505859 31.8689384460449 32.0497016906738 32.1819114685059 32.7530555725098 33.1429901123047 33.3118324279785 33.2390899658203 33.102840423584 32.9588050842285 32.9065856933594 32.8898620605469 32.8681449890137 32.8633308410645 32.9514198303223 32.988208770752 32.9489479064941 32.9185371398926 33.0678749084473 33.258358001709 33.0624771118164 32.9851989746094
-3.4e+38 -3.4e+38 -3.4e+38 -3.4e+38 -3.4e+38 -3.4e+38 -3.4e+38 -3.4e+38 -3.4e+38 -3.4e+38 -3.4e+38 -3.4e+38 -3.4e+38 -3.4e+38 6.6420431137085 7.06648921966553 13.0031471252441 24.9489059448242 29.4391498565674 29.3920917510986 29.5860157012939 30.3865184783936 31.6946086883545 32.0302886962891 32.3470001220703 32.4377250671387 32.4663314819336 32.4934616088867 32.6134071350098 32.9107627868652 32.9809799194336 32.9575080871582 32.8883171081543 32.7305641174316 32.7571907043457 32.7800788879395 32.6613998413086 32.6239967346191 32.6193733215332 32.6735420227051 32.8155059814453 32.9554138183594 32.9336624145508 32.8775444030762 32.9913215637207 33.1425628662109 32.750560760498
0.621047496795654 -3.4e+38 -3.4e+38 -3.4e+38 -3.4e+38 -3.4e+38 -3.4e+38 -3.4e+38 -3.4e+38 -3.4e+38 15.8993358612061 15.0893211364746 -3.4e+38 -3.4e+38 -3.4e+38 6.74694871902466 18.4084243774414 26.3310356140137 29.2390747070312 29.2856044769287 29.677059173584 30.4948177337646 31.7010517120361 32.2482070922852 32.3959083557129 32.3125457763672 32.2985191345215 32.3605346679688 32.4684257507324 32.6516571044922 32.6736831665039 32.6377182006836 32.5213165283203 32.3583068847656 32.5312919616699 32.5873031616211 32.4634437561035 32.342586517334 32.3897857666016 32.4461326599121 32.4788589477539 32.7135391235352 32.8625831604004 32.842227935791 32.8580093383789 32.9885635375977 32.8912391662598
0.401355981826782 0.163273423910141 -3.4e+38 -3.4e+38 -3.4e+38 -3.4e+38 -3.4e+38 -3.4e+38 -3.4e+38 -3.4e+38 15.8233461380005 18.2503700256348 19.2446441650391 -3.4e+38 -3.4e+38 23.8490409851074 29.5543327331543 29.1307258605957 29.0019073486328 29.1696090698242 29.8533020019531 30.8098773956299 31.7420558929443 32.2183265686035 31.7533168792725 31.7737503051758 31.9509010314941 32.0672187805176 32.2283210754395 32.3621673583984 32.4097518920898 32.3711891174316 32.2637023925781 32.1713409423828 32.2223587036133 32.3623695373535 32.2763519287109 32.1783866882324 32.2345161437988 32.3871841430664 32.4642715454102 32.511417388916 32.7605018615723 32.8482322692871 32.8544082641602 32.8689918518066 32.6648788452148
0.0852222368121147 0.00324206240475178 0.00183151650708169 0.000495230662636459 -3.4e+38 -3.4e+38 -3.4e+38 -3.4e+38 -3.4e+38 -3.4e+38 -3.4e+38 28.9860191345215 28.9389724731445 28.9389724731445 29.3282699584961 29.7175693511963 29.3773136138916 28.7826366424561 28.7615222930908 29.6048221588135 30.1549339294434 31.2160758972168 31.6597995758057 31.7683429718018 31.3985538482666 31.3771457672119 31.3922557830811 31.5295429229736 31.6311626434326 31.7781047821045 31.9227962493896 31.9321041107178 31.8889045715332 31.8885059356689 31.9431381225586 31.8949947357178 31.9192218780518 31.978832244873 32.0732574462891 32.183666229248 32.3778915405273 32.5708847045898 32.5960540771484 32.854175567627 32.9812889099121 32.9800567626953 32.9788360595703
0.0319710448384285 0.0030935425311327 0.000564666988793761 0.000425794278271496 -3.4e+38 -3.4e+38 -3.4e+38 -3.4e+38 29.5710563659668 30.1740894317627 30.5295715332031 29.8429069519043 29.0330638885498 28.9389724731445 28.4899101257324 28.4773025512695 28.6257724761963 28.3475284576416 29.0178279876709 30.2133522033691 31.1526470184326 31.2909164428711 31.295129776001 31.0604610443115 30.8308887481689 30.8412971496582 30.9201183319092 31.0308132171631 31.168212890625 31.3153247833252 31.489013671875 31.6238231658936 31.7578983306885 31.8460292816162 31.8561611175537 31.9929027557373 32.1476707458496 32.2947463989258 32.4072570800781 32.3837585449219 32.4154968261719 32.4635353088379 32.6053237915039 32.685791015625 32.9472427368164 33.0915985107422 33.2284202575684
1.92141973972321 1.11459171772003 1.0714156627655 1.56468892097473 5.80768871307373 9.35248756408691 9.89899063110352 28.9102783203125 29.6865463256836 30.1163444519043 30.7193794250488 30.7529888153076 29.7701282501221 29.1271553039551 28.4091243743896 26.2567329406738 27.5253257751465 28.9330444335938 29.1262245178223 29.362606048584 30.6286144256592 30.3313179016113 30.2021484375 30.3096618652344 30.5528030395508 30.7699737548828 31.0439319610596 31.3521747589111 31.5835723876953 31.6549186706543 31.7534027099609 31.8579521179199 32.0051956176758 32.1977462768555 32.3724708557129 32.5821533203125 32.800666809082 32.9694213867188 33.0155754089355 32.9970054626465 32.9142799377441 32.6424446105957 32.5375633239746 32.638614654541 32.7230033874512 33.0124893188477 33.1604499816895
12.7420349121094 11.0493154525757 9.31681346893311 8.76835346221924 8.80598545074463 9.89899063110352 16.0056648254395 24.0877685546875 28.9102783203125 30.4628162384033 30.9759407043457 30.9704303741455 30.5300369262695 30.4843482971191 30.3976554870605 28.3005752563477 24.688304901123 21.4909934997559 21.2278537750244 25.7295436859131 23.4439487457275 29.345531463623 29.7174701690674 30.4177837371826 31.2763023376465 31.9251232147217 32.196907043457 32.2148132324219 32.3130569458008 32.3906745910645 32.4461288452148 32.5018272399902 32.6776275634766 32.8379669189453 32.9954986572266 33.1394538879395 33.2854347229004 33.393440246582 33.4627647399902 33.3122825622559 33.2195701599121 33.1362266540527 32.8305397033691 32.6426429748535 32.7110977172852 32.7634201049805 32.9200782775879
21.0931835174561 19.257345199585 19.4823570251465 17.2153282165527 14.9305229187012 14.0236368179321 17.7644004821777 22.3356304168701 27.3407649993896 30.1284561157227 30.764181137085 30.9832572937012 31.5987377166748 31.9561519622803 31.5979194641113 30.764123916626 28.5284996032715 9.82767963409424 7.84220695495605 17.7736759185791 23.9588680267334 29.9983386993408 31.3779850006104 32.2683372497559 32.6715927124023 32.6314659118652 32.7003402709961 32.8352699279785 32.8852729797363 32.8662376403809 32.9141731262207 33.0857734680176 33.2996940612793 33.4835319519043 33.6287879943848 33.715404510498 33.730785369873 33.7254257202148 33.7023468017578 33.624813079834 33.4689445495605 33.316032409668 33.1839408874512 32.9269905090332 32.7258033752441 32.7518501281738 32.8239784240723
27.1015396118164 25.7231864929199 25.5058689117432 23.751989364624 22.6725788116455 23.4414157867432 24.3423233032227 27.2163867950439 29.7942504882812 31.0361080169678 31.3231353759766 31.6564788818359 31.9512615203857 32.0431900024414 32.2546119689941 31.5512371063232 31.3883323669434 21.4234981536865 23.3211288452148 27.1193580627441 31.1816730499268 32.312141418457 32.8062629699707 32.9504051208496 33.0326805114746 33.0218658447266 33.1394882202148 33.1780204772949 33.1421928405762 33.2193984985352 33.4483642578125 33.7159729003906 33.8524894714355 33.9895820617676 34.0754089355469 34.1024856567383 34.0859985351562 33.9817962646484 33.8401985168457 33.723217010498 33.6424713134766 33.5191841125488 33.3955268859863 33.2328948974609 32.9942436218262 32.773494720459 32.7669486999512
28.6941833496094 28.493631362915 27.9643783569336 28.0231761932373 27.6187019348145 28.6115036010742 30.0185832977295 30.774356842041 31.5497531890869 31.5315589904785 31.5406818389893 31.9259090423584 31.9101467132568 31.9686317443848 32.1587982177734 32.2131881713867 32.2795829772949 32.0285911560059 32.4855651855469 32.9003524780273 33.0550384521484 33.1376762390137 33.2423362731934 33.3240623474121 33.1629943847656 33.1272239685059 33.2920570373535 33.3110618591309 33.4418792724609 33.6524276733398 33.7703552246094 33.8925743103027 33.9667663574219 34.0784454345703 34.1575889587402 34.2167358398438 34.2046546936035 34.1487083435059 34.06884765625 33.877857208252 33.7241973876953 33.6609764099121 33.5624961853027 33.4030876159668 33.2527694702148 32.9268646240234 32.7296409606934
29.3466739654541 29.2044467926025 28.7578372955322 29.2744102478027 29.9479198455811 30.8950614929199 31.5344181060791 31.753791809082 31.8653984069824 31.5386238098145 31.7204666137695 31.8652286529541 31.8011207580566 31.9099674224854 32.1674766540527 32.4678649902344 32.8012657165527 33.0397453308105 33.2942352294922 33.4440765380859 33.551399230957 33.5517501831055 33.498722076416 33.3127555847168 33.2093696594238 33.3931922912598 33.5105781555176 33.5955009460449 33.7229347229004 33.7848205566406 33.7914886474609 33.8520278930664 33.9580039978027 34.1073112487793 34.2666435241699 34.394588470459 34.407772064209 34.3915977478027 34.2712516784668 34.074878692627 33.8636665344238 33.6705093383789 33.5868644714355 33.527515411377 33.3814735412598 33.1942596435547 32.8514747619629
30.3119697570801 30.227367401123 30.0571117401123 30.1610317230225 30.5615921020508 31.175479888916 31.5446014404297 31.6811809539795 31.6449108123779 31.6572513580322 31.7206268310547 31.825963973999 31.8711242675781 32.0978240966797 32.3585624694824 32.7305145263672 33.2051467895508 33.5110778808594 33.656322479248 33.6926765441895 33.6883506774902 33.594425201416 33.4194641113281 33.4405212402344 33.6298828125 33.741943359375 33.789924621582 33.8498725891113 33.9263648986816 33.9422760009766 33.9369010925293 33.9606513977051 34.0241928100586 34.1604614257812 34.3735809326172 34.5574645996094 34.6023368835449 34.5547409057617 34.4237480163574 34.2139854431152 33.9975776672363 33.7701416015625 33.5890274047852 33.5527381896973 33.480827331543 33.3207778930664 33.0626564025879
31.56591796875 31.4957103729248 31.3517456054688 31.2040615081787 31.1789608001709 31.3528213500977 31.5443153381348 31.6460971832275 31.6615447998047 31.7307929992676 31.7986297607422 31.8762550354004 32.1871109008789 32.4392700195312 32.7652435302734 33.182373046875 33.5592155456543 33.728343963623 33.7762031555176 33.7284660339355 33.6421890258789 33.5139236450195 33.6073875427246 33.7637939453125 33.804615020752 33.876953125 33.9079093933105 33.983226776123 34.0311088562012 34.0629501342773 34.0732078552246 34.0560417175293 34.0993194580078 34.2416839599609 34.4758834838867 34.6753044128418 34.7452621459961 34.6835098266602 34.5608062744141 34.3607063293457 34.0974884033203 33.8358726501465 33.6537742614746 33.5256652832031 33.5291633605957 33.3797454833984 33.2210998535156
