Ecospace-environmental-drivers/Outputs/ASCII-for-ecospace/Sal-surf/Sal-surf_X2020.04.asc
NCOLS 131 
NROWS 53 
XLLCORNER -98 
YLLCORNER 23.9265270233154 
CELLSIZE 0.133587792515755 
NODATA_value -3.4e+38 
[rows 21 to 41 of 53, columns 0 to 46 of 131]
-3.4e+38 -3.4e+38 -3.4e+38 -3.4e+38 -3.4e+38 -3.4e+38 33.2886695861816 32.9757080078125 32.8547439575195 32.1329650878906 33.00634765625 33.5706634521484 33.944221496582 34.254222869873 34.5380973815918 34.7749824523926 34.8406448364258 34.8537445068359 34.8605346679688 35.1539840698242 35.4066848754883 35.5742378234863 35.6310806274414 35.6521148681641 35.6512413024902 35.6382255554199 35.6261940002441 35.6210975646973 35.6264877319336 35.6406707763672 35.6589736938477 35.6911773681641 35.7346076965332 35.7804718017578 35.8222312927246 35.8567237854004 35.8924522399902 35.9439392089844 36.0051155090332 36.0585479736328 36.0803985595703 36.0600357055664 36.041618347168 36.0364036560059 36.0248832702637 36.0064544677734 35.9845695495605
-3.4e+38 -3.4e+38 -3.4e+38 -3.4e+38 -3.4e+38 -3.4e+38 33.5136032104492 33.3766937255859 32.9757080078125 33.4555587768555 33.9448432922363 34.2756042480469 34.7196006774902 35.0593338012695 35.2286796569824 35.3233642578125 35.3043441772461 35.2343521118164 35.370735168457 35.6045379638672 35.6714401245117 35.6769065856934 35.6613082885742 35.6527519226074 35.6517448425293 35.6527976989746 35.6540184020996 35.6597175598145 35.6740226745605 35.6913948059082 35.7144241333008 35.7464256286621 35.7916793823242 35.8383827209473 35.8814163208008 35.9257507324219 35.9793930053711 36.039493560791 36.0922431945801 36.1278381347656 36.1384429931641 36.1496887207031 36.160701751709 36.1665420532227 36.1673774719238 36.1570205688477 36.1068801879883
-3.4e+38 -3.4e+38 -3.4e+38 -3.4e+38 34.2143058776855 34.0070686340332 33.7881317138672 33.5136032104492 33.6407737731934 34.1552925109863 34.4802856445312 34.9253578186035 35.4093894958496 35.513240814209 35.625316619873 35.6404762268066 35.6232490539551 35.6404228210449 35.6900444030762 35.6806640625 35.6424560546875 35.6231994628906 35.613094329834 35.609130859375 35.6174812316895 35.6416931152344 35.6814117431641 35.7195053100586 35.7398262023926 35.7589111328125 35.7824630737305 35.810115814209 35.8371124267578 35.8833656311035 35.9412612915039 35.9970741271973 36.0423049926758 36.0823974609375 36.1241798400879 36.1659545898438 36.2061462402344 36.2317504882812 36.248893737793 36.2600173950195 36.2697372436523 36.2690315246582 36.2220001220703
-3.4e+38 -3.4e+38 -3.4e+38 -3.4e+38 34.4206771850586 34.2151756286621 34.0070686340332 33.8437232971191 34.2013168334961 34.6399269104004 35.0495147705078 35.4762001037598 35.6318473815918 35.6926536560059 35.7068176269531 35.6950187683105 35.6968040466309 35.6850204467773 35.6638946533203 35.6391868591309 35.624439239502 35.6135711669922 35.5958213806152 35.5824241638184 35.5729942321777 35.5782165527344 35.6039352416992 35.6375312805176 35.6974487304688 35.7423515319824 35.7739295959473 35.8143615722656 35.8519630432129 35.8987159729004 35.9656867980957 36.0138931274414 36.053840637207 36.0936050415039 36.1483345031738 36.2080535888672 36.2389678955078 36.2587394714355 36.2808837890625 36.2993316650391 36.3095436096191 36.3159484863281 36.2934799194336
-3.4e+38 -3.4e+38 -3.4e+38 -3.4e+38 -3.4e+38 34.4206771850586 34.2177772521973 34.216854095459 34.6054306030273 35.0217742919922 35.4195365905762 35.6008453369141 35.6396713256836 35.6691970825195 35.6690406799316 35.6672554016113 35.6538276672363 35.6288261413574 35.5926856994629 35.5593910217285 35.5450401306152 35.5379676818848 35.5460472106934 35.5598602294922 35.5710220336914 35.5879249572754 35.6043853759766 35.6046142578125 35.6180152893066 35.6706504821777 35.7185592651367 35.766716003418 35.8095092773438 35.8429374694824 35.8942565917969 35.948413848877 35.9925003051758 36.0574531555176 36.1236000061035 36.1947479248047 36.2372436523438 36.2674255371094 36.3017311096191 36.3139114379883 36.3219451904297 36.3239440917969 36.3133544921875
-3.4e+38 -3.4e+38 -3.4e+38 -3.4e+38 -3.4e+38 34.7261123657227 34.4211959838867 34.5469665527344 34.8897857666016 35.2350578308105 35.5094680786133 35.5706443786621 35.6072044372559 35.638069152832 35.6266441345215 35.6198997497559 35.5757102966309 35.523078918457 35.4753379821777 35.4639472961426 35.4504890441895 35.4522285461426 35.4716758728027 35.4967346191406 35.5291366577148 35.5608024597168 35.6164703369141 35.645435333252 35.6351432800293 35.6300430297852 35.6618881225586 35.7063217163086 35.7408676147461 35.7727928161621 35.7990379333496 35.8465690612793 35.9019088745117 35.9650993347168 36.029972076416 36.1394348144531 36.2180938720703 36.2570877075195 36.3008003234863 36.316593170166 36.3217697143555 36.321418762207 36.3168907165527
-3.4e+38 -3.4e+38 36.0706939697266 35.9832649230957 35.3522720336914 34.9213027954102 34.6484870910645 34.7975883483887 35.0875587463379 35.3815841674805 35.5548896789551 35.5646171569824 35.6034507751465 35.5990829467773 35.5857543945312 35.5355644226074 35.4870834350586 35.4706497192383 35.4643630981445 35.4710998535156 35.4683609008789 35.4511337280273 35.4278259277344 35.440258026123 35.4942626953125 35.5479125976562 35.5960845947266 35.6341705322266 35.6503410339355 35.6394882202148 35.6512794494629 35.6933631896973 35.713550567627 35.7238960266113 35.7596168518066 35.7657051086426 35.7910118103027 35.8642730712891 35.9567832946777 36.0750350952148 36.2026786804199 36.2589225769043 36.3070220947266 36.3184661865234 36.321460723877 36.3134727478027 36.2970123291016
-339999999999999996128486808808066248288.000000000000000 -3.4e+38 -3.4e+38 -3.4e+38 35.8958358764648 35.1474075317383 34.8563232421875 34.989803314209 35.2223052978516 35.4661865234375 35.5722694396973 35.5532989501953 35.5813293457031 35.5556488037109 35.517951965332 35.4692878723145 35.4508018493652 35.4412994384766 35.4507713317871 35.4521675109863 35.4421234130859 35.4347267150879 35.4231300354004 35.4493675231934 35.5041046142578 35.5612411499023 35.602954864502 35.6343650817871 35.6656875610352 35.6774864196777 35.6789054870605 35.6882705688477 35.7044868469238 35.7239303588867 35.7426223754883 35.7617263793945 35.7522583007812 35.7799530029297 35.8849678039551 36.0051536560059 36.1600646972656 36.2661552429199 36.3151359558105 36.3205947875977 36.3186492919922 36.2961845397949 36.2888793945312
-3.4e+38 -3.4e+38 -3.4e+38 -3.4e+38 35.8467788696289 35.2929916381836 35.0575408935547 35.1259765625 35.2841720581055 35.4971580505371 35.5613822937012 35.5270576477051 35.5406036376953 35.4998588562012 35.4542961120605 35.4305000305176 35.3891258239746 35.3630485534668 35.3580513000488 35.3474273681641 35.3742446899414 35.3914756774902 35.4019584655762 35.4444122314453 35.5187759399414 35.6001586914062 35.625617980957 35.6470375061035 35.6675415039062 35.6875114440918 35.7178955078125 35.7361373901367 35.7554969787598 35.7621650695801 35.7659950256348 35.781852722168 35.7962341308594 35.8035316467285 35.8753852844238 35.9631843566895 36.1165428161621 36.2667121887207 36.3087921142578 36.3140563964844 36.3170394897461 36.3164215087891 36.3178672790527
-3.4e+38 -3.4e+38 -3.4e+38 -3.4e+38 35.841495513916 35.509033203125 35.24853515625 35.2392044067383 35.3069801330566 35.4685325622559 35.5456962585449 35.4899940490723 35.4929504394531 35.4553070068359 35.4129829406738 35.3634605407715 35.286018371582 35.2625732421875 35.2340469360352 35.2372589111328 35.3102836608887 35.3748588562012 35.4127311706543 35.4741592407227 35.5566635131836 35.6395530700684 35.6836471557617 35.7200584411621 35.7528381347656 35.775577545166 35.7918853759766 35.8211669921875 35.8363876342773 35.8478775024414 35.8483772277832 35.852653503418 35.8528900146484 35.8514823913574 35.9081535339355 35.9504051208496 36.0985527038574 36.2626419067383 36.2953071594238 36.304069519043 36.3180198669434 36.3195991516113 36.3177375793457
-3.4e+38 -3.4e+38 -3.4e+38 -3.4e+38 36.2761840820312 35.6713180541992 35.4373817443848 35.3598403930664 35.3591423034668 35.426342010498 35.5244636535645 35.4550323486328 35.4476432800293 35.4194717407227 35.3647384643555 35.272346496582 35.2072906494141 35.1771659851074 35.1733818054199 35.2278671264648 35.3069267272949 35.3656387329102 35.4069900512695 35.4857597351074 35.5872955322266 35.6873207092285 35.7283935546875 35.743953704834 35.775203704834 35.8159561157227 35.8603820800781 35.8939895629883 35.9186820983887 35.9496421813965 35.9532051086426 35.9438018798828 35.9225234985352 35.9118156433105 35.9526710510254 35.9741287231445 36.1097717285156 36.2570571899414 36.2766609191895 36.2857856750488 36.3080787658691 36.3165855407715 36.3231430053711
-3.4e+38 -3.4e+38 -3.4e+38 -3.4e+38 36.0530891418457 35.689769744873 35.609058380127 35.5308685302734 35.4702301025391 35.4313049316406 35.4832305908203 35.4483909606934 35.401252746582 35.3923149108887 35.3333969116211 35.2432403564453 35.1954956054688 35.1874084472656 35.1966323852539 35.2455101013184 35.3147277832031 35.3526458740234 35.4032325744629 35.4879951477051 35.6059951782227 35.7306594848633 35.767650604248 35.7806777954102 35.7835083007812 35.833911895752 35.8875923156738 35.931453704834 35.9685821533203 35.9963264465332 36.0106658935547 36.0127716064453 35.987419128418 35.9946517944336 36.0002708435059 36.0368003845215 36.1511306762695 36.2455787658691 36.25634765625 36.2695693969727 36.3049926757812 36.316463470459 36.3232803344727
-3.4e+38 -3.4e+38 -3.4e+38 -3.4e+38 36.0888748168945 35.6495094299316 35.687370300293 35.6844825744629 35.6149787902832 35.5259132385254 35.4669342041016 35.4612121582031 35.3716316223145 35.3650894165039 35.3225708007812 35.2426719665527 35.2082786560059 35.2095794677734 35.2088012695312 35.248233795166 35.3075408935547 35.3469657897949 35.4057121276855 35.4974975585938 35.6341323852539 35.7624168395996 35.7746353149414 35.7654113769531 35.7853240966797 35.8541107177734 35.899097442627 35.9420280456543 35.9823875427246 36.0147743225098 36.0405731201172 36.0445785522461 36.0267601013184 36.0402870178223 36.0566673278809 36.0910873413086 36.2056121826172 36.2252960205078 36.241382598877 36.2644691467285 36.2868423461914 36.3163375854492 36.3303833007812
-3.4e+38 -3.4e+38 -3.4e+38 -3.4e+38 -3.4e+38 35.4181098937988 35.6073760986328 35.7959594726562 35.7206611633301 35.6218338012695 35.5152931213379 35.4636611938477 35.3993949890137 35.3371086120605 35.325382232666 35.2612953186035 35.2443504333496 35.2250022888184 35.2221336364746 35.2320785522461 35.289119720459 35.335376739502 35.3853340148926 35.506965637207 35.6821174621582 35.7802391052246 35.7653121948242 35.739818572998 35.7868232727051 35.8639526367188 35.9132499694824 35.9586601257324 35.9940452575684 36.0323104858398 36.0659942626953 36.0723495483398 36.0626678466797 36.0824928283691 36.1007499694824 36.1452369689941 36.2404441833496 36.2288475036621 36.228702545166 36.2509002685547 36.2697257995605 36.3102722167969 36.3311576843262
-3.4e+38 -3.4e+38 -3.4e+38 -3.4e+38 -3.4e+38 26.4087963104248 35.3160057067871 35.8689765930176 35.7895698547363 35.6876945495605 35.5798187255859 35.4783821105957 35.437572479248 35.3469619750977 35.3111038208008 35.2929496765137 35.2707176208496 35.2343139648438 35.2189102172852 35.2286148071289 35.3014831542969 35.3477592468262 35.3866996765137 35.5310134887695 35.729606628418 35.7792701721191 35.761962890625 35.7370491027832 35.7827301025391 35.8568992614746 35.9147567749023 35.9624519348145 36.0096549987793 36.0539016723633 36.0728034973145 36.0760078430176 36.0807991027832 36.1130485534668 36.1273002624512 36.1968955993652 36.2543106079102 36.2356834411621 36.2296752929688 36.2298355102539 36.237117767334 36.2710609436035 36.310546875
-3.4e+38 -3.4e+38 -3.4e+38 -3.4e+38 -3.4e+38 25.092565536499 35.4604072570801 35.9228134155273 35.8522529602051 35.7443466186523 35.6214218139648 35.5261383056641 35.4528274536133 35.3959426879883 35.3370590209961 35.3127136230469 35.2917098999023 35.2681999206543 35.2399864196777 35.2527084350586 35.3122596740723 35.3490867614746 35.4160423278809 35.6052017211914 35.7711296081543 35.7963790893555 35.7512092590332 35.7346229553223 35.7759056091309 35.8653564453125 35.9278945922852 35.9798355102539 36.025260925293 36.0532455444336 36.0670852661133 36.0731964111328 36.0988273620605 36.1326942443848 36.1686782836914 36.2449035644531 36.255241394043 36.2367095947266 36.2205848693848 36.21484375 36.2222480773926 36.2445755004883 36.2807998657227
-3.4e+38 -3.4e+38 -3.4e+38 -3.4e+38 -3.4e+38 -3.4e+38 35.9112968444824 35.9691734313965 35.9165534973145 35.8378639221191 35.6926002502441 35.5758476257324 35.5053329467773 35.4599876403809 35.4252166748047 35.3876800537109 35.3638687133789 35.352912902832 35.3570327758789 35.3743019104004 35.3970680236816 35.3977928161621 35.4832229614258 35.6786842346191 35.8103828430176 35.8290939331055 35.7577934265137 35.7321548461914 35.758186340332 35.8659973144531 35.9519348144531 35.9995269775391 36.0284729003906 36.0547904968262 36.0765495300293 36.0880088806152 36.1325912475586 36.1659736633301 36.2100448608398 36.2426223754883 36.2532615661621 36.2430458068848 36.2252349853516 36.2056541442871 36.1918029785156 36.195140838623 36.2105941772461
-3.4e+38 -3.4e+38 -3.4e+38 -3.4e+38 -3.4e+38 -3.4e+38 36.0287780761719 36.010009765625 35.9704971313477 35.8998413085938 35.7790794372559 35.6398429870605 35.5909156799316 35.5442771911621 35.512809753418 35.5005226135254 35.4754028320312 35.4618530273438 35.4661026000977 35.4733467102051 35.4599418640137 35.4672546386719 35.5582237243652 35.7200584411621 35.8354339599609 35.8396072387695 35.7815589904785 35.741283416748 35.7472801208496 35.8639183044434 35.9705390930176 36.0086936950684 36.0424880981445 36.0717010498047 36.1106224060059 36.157299041748 36.1904258728027 36.2077407836914 36.2190818786621 36.2113494873047 36.2130393981934 36.2192687988281 36.2138519287109 36.192569732666 36.1829071044922 36.1800384521484 36.1779479980469
-3.4e+38 -3.4e+38 -3.4e+38 -3.4e+38 -3.4e+38 -3.4e+38 36.0987548828125 36.0400848388672 35.9862899780273 35.9105453491211 35.8162040710449 35.709602355957 35.6484756469727 35.5983238220215 35.546688079834 35.4984931945801 35.4620666503906 35.4352340698242 35.4244003295898 35.4305610656738 35.476505279541 35.5772895812988 35.686767578125 35.7931289672852 35.8737678527832 35.8647994995117 35.814697265625 35.7842330932617 35.7788696289062 35.8776550292969 35.991886138916 36.0404396057129 36.0843925476074 36.121898651123 36.1544342041016 36.1811752319336 36.2028121948242 36.215763092041 36.219669342041 36.2133636474609 36.2097625732422 36.2077522277832 36.2069206237793 36.2001686096191 36.1952056884766 36.2048759460449 36.2199554443359
-3.4e+38 -3.4e+38 -3.4e+38 -3.4e+38 -3.4e+38 36.2101707458496 36.1137657165527 36.046501159668 35.9747009277344 35.9008522033691 35.8468704223633 35.7849388122559 35.7258720397949 35.7165336608887 35.7190017700195 35.7065849304199 35.6775512695312 35.6503219604492 35.6419296264648 35.6589775085449 35.7257499694824 35.7983055114746 35.8120040893555 35.8569183349609 35.9104919433594 35.8906135559082 35.8490180969238 35.8258590698242 35.8257637023926 35.9104995727539 36.0292625427246 36.0673789978027 36.0923118591309 36.1163520812988 36.1316757202148 36.1474838256836 36.1659507751465 36.1829872131348 36.1955604553223 36.1995468139648 36.2087669372559 36.227222442627 36.2424659729004 36.2555961608887 36.2634048461914 36.2721939086914 36.2852821350098
-3.4e+38 -3.4e+38 -3.4e+38 -3.4e+38 36.5278396606445 36.2497444152832 36.1081047058105 36.0273895263672 35.9654312133789 35.9358596801758 35.924934387207 35.8948516845703 35.9257774353027 35.9563140869141 35.9578323364258 35.9419746398926 35.918571472168 35.8871192932129 35.867603302002 35.8747062683105 35.8976249694824 35.9066772460938 35.8748893737793 35.90234375 35.9434089660645 35.9020500183105 35.8757438659668 35.8713912963867 35.8890075683594 35.9581832885742 36.0499534606934 36.0759963989258 36.0894050598145 36.1064453125 36.1144866943359 36.1377258300781 36.1648941040039 36.1973190307617 36.2413864135742 36.2774429321289 36.2915802001953 36.282901763916 36.2763671875 36.2808952331543 36.2830238342285 36.2808609008789 36.2881088256836
