Ecospace-environmental-drivers/Outputs/ASCII-for-ecospace/Sal-surf/Sal-surf_X2003.09.asc
NCOLS 131 
NROWS 53 
XLLCORNER -98 
YLLCORNER 23.9265270233154 
CELLSIZE 0.133587792515755 
NODATA_value -3.4e+38 
[rows 0 to 20 of 53, columns 47 to 93 of 131]
-3.4e+38 -3.4e+38 -3.4e+38 -3.4e+38 -3.4e+38 -3.4e+38 -3.4e+38 -3.4e+38 -3.4e+38 -3.4e+38 -3.4e+38 -3.4e+38 -3.4e+38 -3.4e+38 -3.4e+38 -3.4e+38 -3.4e+38 -3.4e+38 -3.4e+38 -3.4e+38 -3.4e+38 -3.4e+38 -3.4e+38 -3.4e+38 -3.4e+38 -3.4e+38 -3.4e+38 -3.4e+38 -3.4e+38 -3.4e+38 -3.4e+38 -3.4e+38 -3.4e+38 -3.4e+38 -3.4e+38 -3.4e+38 -3.4e+38 -3.4e+38 -3.4e+38 -3.4e+38 -3.4e+38 -3.4e+38 -3.4e+38 -3.4e+38 -3.4e+38 -3.4e+38 -3.4e+38
-3.4e+38 -3.4e+38 -3.4e+38 -3.4e+38 -3.4e+38 -3.4e+38 -3.4e+38 -3.4e+38 -3.4e+38 -3.4e+38 -3.4e+38 -3.4e+38 -3.4e+38 -3.4e+38 -3.4e+38 -3.4e+38 -3.4e+38 -3.4e+38 -3.4e+38 -3.4e+38 -3.4e+38 -3.4e+38 -3.4e+38 -3.4e+38 -3.4e+38 -3.4e+38 -3.4e+38 -3.4e+38 -3.4e+38 -3.4e+38 -3.4e+38 -3.4e+38 -3.4e+38 -3.4e+38 -3.4e+38 -3.4e+38 -3.4e+38 -3.4e+38 -3.4e+38 -3.4e+38 -3.4e+38 -3.4e+38 -3.4e+38 -3.4e+38 -3.4e+38 -3.4e+38 -3.4e+38
-3.4e+38 -3.4e+38 -3.4e+38 -3.4e+38 -3.4e+38 -3.4e+38 -3.4e+38 -3.4e+38 -3.4e+38 -3.4e+38 -3.4e+38 -3.4e+38 -3.4e+38 -3.4e+38 -3.4e+38 -3.4e+38 -3.4e+38 -3.4e+38 -3.4e+38 -3.4e+38 -3.4e+38 -3.4e+38 -3.4e+38 -3.4e+38 -3.4e+38 -3.4e+38 -3.4e+38 9.08201026916504 8.6921329498291 -3.4e+38 -3.4e+38 -3.4e+38 -3.4e+38 -3.4e+38 -3.4e+38 -3.4e+38 -3.4e+38 -3.4e+38 -3.4e+38 -3.4e+38 -3.4e+38 -3.4e+38 -3.4e+38 -3.4e+38 -3.4e+38 -3.4e+38 -3.4e+38
-3.4e+38 -3.4e+38 -3.4e+38 -3.4e+38 -3.4e+38 -3.4e+38 -3.4e+38 -3.4e+38 -3.4e+38 -3.4e+38 -3.4e+38 -3.4e+38 -3.4e+38 -3.4e+38 -3.4e+38 -3.4e+38 -3.4e+38 -3.4e+38 -3.4e+38 -3.4e+38 -3.4e+38 -3.4e+38 -3.4e+38 -3.4e+38 -3.4e+38 -3.4e+38 -3.4e+38 17.3682327270508 17.0796070098877 -3.4e+38 -3.4e+38 -3.4e+38 -3.4e+38 -3.4e+38 -3.4e+38 -3.4e+38 -3.4e+38 -3.4e+38 -3.4e+38 -3.4e+38 -3.4e+38 -3.4e+38 -3.4e+38 -3.4e+38 -3.4e+38 -3.4e+38 -3.4e+38
-3.4e+38 -3.4e+38 -3.4e+38 -3.4e+38 -3.4e+38 -3.4e+38 -3.4e+38 -3.4e+38 -3.4e+38 15.0647659301758 15.0647659301758 15.0718860626221 15.1404914855957 -3.4e+38 -3.4e+38 -3.4e+38 -3.4e+38 -3.4e+38 27.4682655334473 26.6809940338135 25.9952392578125 26.756908416748 26.891019821167 29.2829570770264 31.3507022857666 31.4354267120361 31.4014778137207 26.0342617034912 29.3767280578613 31.1611499786377 -3.4e+38 -3.4e+38 33.161319732666 32.9272766113281 32.0193824768066 33.5774192810059 33.7153549194336 33.7619667053223 33.7981605529785 33.8794631958008 33.8892860412598 33.9362030029297 -3.4e+38 -3.4e+38 -3.4e+38 -3.4e+38 -3.4e+38
-3.4e+38 -3.4e+38 -3.4e+38 -3.4e+38 -3.4e+38 -3.4e+38 -3.4e+38 -3.4e+38 15.0647659301758 15.0647659301758 15.0647659301758 15.0647659301758 15.079005241394 15.1926126480103 15.2255821228027 -3.4e+38 22.4617347717285 27.5316162109375 28.1894550323486 27.4709987640381 27.5094604492188 29.5573883056641 29.6973705291748 31.6083393096924 32.4297676086426 32.8710327148438 32.6741485595703 32.4440803527832 32.7662963867188 31.2891597747803 33.1193351745605 33.1091423034668 33.1247253417969 33.2500915527344 33.3149108886719 33.6793785095215 33.7705001831055 33.8615264892578 33.9238166809082 33.9522514343262 33.9506301879883 33.9513931274414 33.9535064697266 33.9654998779297 -3.4e+38 -3.4e+38 -3.4e+38
-3.4e+38 -3.4e+38 -3.4e+38 -3.4e+38 -3.4e+38 -3.4e+38 -3.4e+38 -3.4e+38 15.2939472198486 15.0647659301758 15.0647659301758 15.0647659301758 15.0647659301758 15.0932445526123 15.3868589401245 15.2255821228027 19.2354221343994 27.8543167114258 29.435359954834 29.1202278137207 29.5041446685791 30.7741756439209 31.8372421264648 32.9423446655273 33.208869934082 33.2844047546387 33.2921180725098 33.2738914489746 33.2877998352051 33.3013534545898 33.3456192016602 33.4183006286621 33.5073928833008 33.6115837097168 33.7053489685059 33.7871742248535 33.8715286254883 33.9523391723633 34.0323104858398 34.0524444580078 34.0793685913086 34.0793762207031 34.048225402832 34.0062026977539 33.9526443481445 33.7574081420898 -3.4e+38
-3.4e+38 -3.4e+38 -3.4e+38 -3.4e+38 -3.4e+38 -3.4e+38 -3.4e+38 -3.4e+38 -3.4e+38 -3.4e+38 15.0647659301758 15.0647659301758 15.0647659301758 -3.4e+38 15.1217231750488 16.1353645324707 22.8126010894775 30.2415828704834 31.0808544158936 31.6574287414551 32.2965202331543 32.258243560791 32.0132369995117 32.5341720581055 33.1493377685547 33.3626670837402 33.4321022033691 33.4448432922363 33.4831657409668 33.5273475646973 33.5859451293945 33.6128425598145 33.6636085510254 33.7216873168945 33.7155227661133 33.7065620422363 33.7488288879395 33.7937316894531 33.9036483764648 34.0344429016113 34.0980377197266 34.1634521484375 34.162654876709 34.1202278137207 33.9666404724121 33.7085800170898 33.4017601013184
-3.4e+38 -3.4e+38 -3.4e+38 -3.4e+38 -3.4e+38 -3.4e+38 -3.4e+38 -3.4e+38 -3.4e+38 -3.4e+38 -3.4e+38 -3.4e+38 -3.4e+38 -3.4e+38 15.1308059692383 15.4153890609741 25.2194843292236 30.6773681640625 31.3224067687988 32.3242454528809 32.5476989746094 32.40771484375 32.34130859375 32.9137878417969 33.3998870849609 33.4741172790527 33.5230445861816 33.5797271728516 33.6098403930664 33.6341018676758 33.6687202453613 33.6905708312988 33.6969299316406 33.622730255127 33.5607452392578 33.5586242675781 33.6293983459473 33.7241096496582 33.8006896972656 33.969425201416 34.0577392578125 34.1796264648438 34.2419891357422 34.2567749023438 34.1660957336426 33.9133415222168 33.3311958312988
24.9967060089111 -3.4e+38 -3.4e+38 -3.4e+38 -3.4e+38 -3.4e+38 -3.4e+38 -3.4e+38 -3.4e+38 -3.4e+38 24.7716770172119 21.2526721954346 -3.4e+38 -3.4e+38 -3.4e+38 24.3131160736084 30.411060333252 30.8430271148682 31.7401466369629 32.4989166259766 32.579776763916 32.4729652404785 32.5503807067871 33.0934371948242 33.3254508972168 33.2841644287109 33.3523902893066 33.4636383056641 33.5166320800781 33.5584449768066 33.5859375 33.6062164306641 33.5781211853027 33.5245780944824 33.5067405700684 33.5116157531738 33.59716796875 33.7124710083008 33.8199691772461 33.966968536377 34.0423965454102 34.1838912963867 34.3113899230957 34.3217468261719 34.2668495178223 34.0764694213867 33.2627029418945
20.654727935791 13.501275062561 -3.4e+38 -3.4e+38 -3.4e+38 -3.4e+38 -3.4e+38 -3.4e+38 -3.4e+38 -3.4e+38 29.3805313110352 28.1999702453613 27.4405784606934 -3.4e+38 -3.4e+38 30.1930313110352 30.4152908325195 31.2510948181152 31.9238529205322 32.3081436157227 32.4882965087891 32.5378608703613 32.7075119018555 33.1441879272461 33.1988143920898 33.2176818847656 33.2985725402832 33.4233512878418 33.4784698486328 33.5063018798828 33.5267906188965 33.5485954284668 33.5564880371094 33.5382690429688 33.5024795532227 33.4901123046875 33.5838661193848 33.6927223205566 33.8199157714844 33.9834976196289 34.0907897949219 34.1863594055176 34.3183898925781 34.3315048217773 34.3067779541016 34.1825141906738 33.5513076782227
16.5416164398193 9.64040470123291 2.11461520195007 13.5554428100586 -3.4e+38 -3.4e+38 -3.4e+38 -3.4e+38 -3.4e+38 -3.4e+38 -3.4e+38 28.519718170166 27.1518135070801 27.4405784606934 27.2628650665283 29.143196105957 30.80544090271 31.2937355041504 30.9321269989014 30.6552543640137 31.9388084411621 32.6165390014648 32.8859252929688 33.0026779174805 33.1716766357422 33.3022041320801 33.3410720825195 33.439510345459 33.5101890563965 33.5389633178711 33.5771980285645 33.6131896972656 33.6049575805664 33.540283203125 33.4817504882812 33.4668273925781 33.570484161377 33.7087631225586 33.8008422851562 33.9415435791016 34.0475883483887 34.1129760742188 34.2006988525391 34.3065185546875 34.3353004455566 34.2576370239258 34.0993995666504
26.5903663635254 24.1450309753418 20.6598834991455 17.8918285369873 -3.4e+38 -3.4e+38 -3.4e+38 -3.4e+38 30.4267444610596 30.0921535491943 29.2833976745605 28.4969310760498 27.7560367584229 26.2588233947754 25.1590251922607 25.6873474121094 25.9311199188232 31.2426490783691 30.5779476165771 28.8734073638916 30.9304809570312 32.5738372802734 32.8809967041016 33.0179443359375 33.2704887390137 33.4278717041016 33.4799461364746 33.5500297546387 33.6126251220703 33.6727333068848 33.6826171875 33.6477088928223 33.6051712036133 33.5560836791992 33.5368309020996 33.5277366638184 33.5862808227539 33.7114677429199 33.7535552978516 33.7255668640137 33.8088455200195 33.929744720459 34.0502433776855 34.1970176696777 34.3298301696777 34.3775482177734 34.3822975158691
30.3149108886719 29.8335857391357 29.1986770629883 29.0273933410645 29.1898555755615 29.6295261383057 29.7326831817627 29.5424518585205 29.3719730377197 28.4156055450439 28.3883724212646 30.0243854522705 27.0324592590332 26.8132133483887 27.6654605865479 25.0571632385254 19.7496452331543 17.4380893707275 21.284595489502 25.4892463684082 28.7266044616699 32.4327125549316 33.0063934326172 33.1879081726074 33.3850288391113 33.517276763916 33.6256637573242 33.6909370422363 33.7238883972168 33.7438735961914 33.7526893615723 33.7087669372559 33.6322021484375 33.6021156311035 33.5979614257812 33.5872650146484 33.6292572021484 33.7081832885742 33.6820831298828 33.5804595947266 33.6345634460449 33.7679862976074 33.8811416625977 34.0170021057129 34.1705474853516 34.3537101745605 34.4769515991211
31.1831741333008 30.9147891998291 30.4397487640381 29.9147796630859 29.6127052307129 29.4418315887451 28.9656200408936 28.5672435760498 28.3594608306885 28.1616840362549 27.8565807342529 27.6848621368408 29.0804920196533 31.167631149292 31.621862411499 30.6287040710449 27.0151844024658 11.3547697067261 14.0279502868652 15.4773511886597 29.8109836578369 32.8769187927246 33.2163772583008 33.3251800537109 33.5146484375 33.6767311096191 33.7708969116211 33.7941436767578 33.7889556884766 33.7912979125977 33.8121643066406 33.7944679260254 33.7077674865723 33.6533851623535 33.6345024108887 33.6276435852051 33.6702919006348 33.7088623046875 33.6517562866211 33.5432548522949 33.5852394104004 33.7259368896484 33.8477668762207 33.913158416748 34.0151557922363 34.2198791503906 34.4179649353027
31.7321643829346 31.4109058380127 30.9086265563965 30.3880615234375 29.9504051208496 29.4927597045898 29.2939147949219 29.2878875732422 29.359167098999 29.4908618927002 29.7756843566895 30.5525188446045 31.8868885040283 32.5255126953125 32.1006660461426 31.28932762146 30.0726375579834 24.508228302002 27.5808486938477 30.4513511657715 32.904296875 33.23974609375 33.334114074707 33.5135269165039 33.6884613037109 33.8016929626465 33.8588256835938 33.8991050720215 33.909610748291 33.8973159790039 33.8789405822754 33.8600578308105 33.8376235961914 33.7612419128418 33.6964225769043 33.6743507385254 33.6770896911621 33.6765403747559 33.6550216674805 33.6134796142578 33.6648139953613 33.7621574401855 33.8431625366211 33.8955688476562 33.9724578857422 34.1296920776367 34.3290138244629
32.2566413879395 31.879222869873 31.4334564208984 30.9561882019043 30.4918193817139 30.2067375183105 30.2581977844238 30.4544086456299 30.6232299804688 30.8327789306641 31.452220916748 32.4281425476074 32.7202110290527 32.931568145752 32.9613037109375 32.7212982177734 32.4987487792969 32.3998680114746 32.833324432373 33.1410675048828 33.2661590576172 33.3858947753906 33.507022857666 33.6254043579102 33.769115447998 33.8722953796387 33.9357414245605 33.992618560791 34.033145904541 34.0443229675293 34.0030708312988 33.9450454711914 33.9057884216309 33.8886260986328 33.8602066040039 33.8002319335938 33.7465896606445 33.7231864929199 33.7437934875488 33.7908821105957 33.8530616760254 33.9097862243652 33.9579734802246 34.0190620422363 34.0889015197754 34.1805419921875 34.2863731384277
32.7501411437988 32.4725074768066 32.0468292236328 31.5783538818359 31.1839332580566 30.9937477111816 31.0714855194092 31.2126407623291 31.2916412353516 31.4404201507568 32.4400787353516 33.047176361084 33.0783424377441 33.1806907653809 33.3712348937988 33.4218597412109 33.339771270752 33.1896209716797 33.1921653747559 33.2514686584473 33.3083076477051 33.4327621459961 33.6109199523926 33.6957702636719 33.8112182617188 33.8969268798828 33.9556045532227 34.0036201477051 34.0307426452637 34.0587615966797 34.0889091491699 34.0944061279297 34.0462989807129 33.9989242553711 33.976016998291 33.983039855957 34.0037879943848 34.0358467102051 34.0897178649902 34.1237831115723 34.1700668334961 34.2213325500488 34.3035545349121 34.3678855895996 34.359302520752 34.3430290222168 34.3473815917969
32.9095420837402 32.6771430969238 32.5102958679199 32.4525756835938 32.2720832824707 31.9680786132812 31.7776126861572 31.7746067047119 31.8889656066895 32.1548118591309 32.9210166931152 33.3070526123047 33.3287010192871 33.3383674621582 33.3689079284668 33.5203247070312 33.5675048828125 33.5206604003906 33.460563659668 33.4644432067871 33.4989242553711 33.5443267822266 33.626293182373 33.7779960632324 33.8919792175293 33.9496154785156 33.9990844726562 34.0398406982422 34.0638122558594 34.072380065918 34.0948600769043 34.1058197021484 34.1238403320312 34.1450576782227 34.1520042419434 34.1577568054199 34.1689071655273 34.2028312683105 34.2504920959473 34.2873992919922 34.3222312927246 34.363826751709 34.3984069824219 34.4264755249023 34.4330978393555 34.3892669677734 34.4049453735352
33.362663269043 33.0368003845215 32.8781051635742 32.8339996337891 32.9306716918945 32.9883613586426 32.7694473266602 32.4870986938477 32.4771537780762 32.9714317321777 33.3644638061523 33.4641761779785 33.4802932739258 33.5234336853027 33.5423774719238 33.6598663330078 33.8073425292969 33.886173248291 33.9269332885742 33.8693923950195 33.8386459350586 33.834602355957 33.7480278015137 33.7467002868652 33.8992576599121 33.9867935180664 34.0216064453125 34.0216331481934 34.0394477844238 34.0612144470215 34.0783081054688 34.1156883239746 34.1446075439453 34.166202545166 34.1972007751465 34.2257041931152 34.2365417480469 34.2372245788574 34.2522659301758 34.2832908630371 34.3171272277832 34.3382263183594 34.3580665588379 34.3820152282715 34.4153480529785 34.3911094665527 34.3645095825195
33.7993469238281 33.776741027832 33.4996604919434 33.3654823303223 33.5082740783691 33.7271614074707 33.7547035217285 33.6371574401855 33.4187622070312 33.5690078735352 33.6851119995117 33.6678466796875 33.6530799865723 33.7014541625977 33.8189277648926 33.9174537658691 34.0791320800781 34.1612129211426 34.2009696960449 34.2071266174316 34.150562286377 34.0261268615723 33.9139862060547 33.8210105895996 33.768440246582 33.892017364502 33.9918365478516 34.0396347045898 33.9763259887695 33.9486427307129 34.0007247924805 34.0254669189453 34.0841255187988 34.1547889709473 34.2257308959961 34.2511711120605 34.2756385803223 34.2887344360352 34.2835464477539 34.2821197509766 34.2828407287598 34.2954368591309 34.3222198486328 34.3388214111328 34.3635711669922 34.4094085693359 34.4439735412598
