Ecospace-environmental-drivers/Outputs/ASCII-for-ecospace/Sal-surf/Sal-surf_X1993.04.asc
NCOLS 131 
NROWS 53 
XLLCORNER -98 
YLLCORNER 23.9265270233154 
CELLSIZE 0.133587792515755 
NODATA_value -3.4e+38 
[rows 21 to 41 of 53, columns 0 to 46 of 131]
-3.4e+38 -3.4e+38 -3.4e+38 -3.4e+38 -3.4e+38 -3.4e+38 31.8695316314697 31.6501045227051 31.5190315246582 30.8230876922607 31.6249103546143 32.2619476318359 32.7577590942383 33.0852279663086 33.2822875976562 33.4519157409668 33.6986770629883 33.9277954101562 34.0526313781738 34.0566444396973 34.1133918762207 34.332633972168 34.6642036437988 34.831226348877 34.912166595459 34.920654296875 34.8785743713379 34.7936935424805 34.7262191772461 34.7219505310059 34.7464294433594 34.6853981018066 34.6104125976562 34.6277122497559 34.6775932312012 34.6504249572754 34.5726280212402 34.5286445617676 34.5541725158691 34.6308898925781 34.7061614990234 34.6904563903809 34.6733932495117 34.6573066711426 34.6875991821289 34.6789169311523 34.644214630127
-3.4e+38 -3.4e+38 -3.4e+38 -3.4e+38 -3.4e+38 -3.4e+38 31.9824123382568 31.9760780334473 31.6501045227051 32.0839042663574 32.6567344665527 33.0358428955078 33.3676719665527 33.6914291381836 33.9933280944824 34.2199630737305 34.368465423584 34.4035835266113 34.4280776977539 34.4105567932129 34.4533882141113 34.4824295043945 34.6152687072754 34.7081909179688 34.7689514160156 34.8040580749512 34.8027000427246 34.7511100769043 34.7026824951172 34.6599807739258 34.6358985900879 34.566707611084 34.4653205871582 34.4160346984863 34.4093971252441 34.378963470459 34.3594589233398 34.340705871582 34.3515357971191 34.3950691223145 34.4995155334473 34.5844078063965 34.6159934997559 34.6518898010254 34.7230911254883 34.7156219482422 34.6765556335449
-3.4e+38 -3.4e+38 -3.4e+38 -3.4e+38 32.3806266784668 32.2378273010254 32.2066497802734 31.9824123382568 32.2957153320312 32.8306999206543 33.1905212402344 33.5791549682617 34.0406875610352 34.3447799682617 34.6145858764648 34.9611167907715 35.0583953857422 35.0066947937012 34.9948043823242 35.0548934936523 35.107177734375 35.1101951599121 35.0574493408203 34.9913444519043 34.9453010559082 34.9218215942383 34.8671798706055 34.8013343811035 34.777774810791 34.6822662353516 34.5214538574219 34.4543571472168 34.3682708740234 34.3216781616211 34.3273696899414 34.2689094543457 34.2636871337891 34.2656173706055 34.3230857849121 34.3834686279297 34.4372863769531 34.5144844055176 34.5989646911621 34.6428260803223 34.7199554443359 34.7722320556641 34.7887802124023
-3.4e+38 -3.4e+38 -3.4e+38 -3.4e+38 32.4931488037109 32.4109001159668 32.2378273010254 32.3997039794922 32.8798561096191 33.2707557678223 33.5778999328613 33.959789276123 34.4991416931152 34.8821601867676 35.1309432983398 35.2221488952637 35.2221870422363 35.2643966674805 35.3781814575195 35.4991569519043 35.5538520812988 35.5642433166504 35.5252571105957 35.4016761779785 35.2350463867188 35.1306419372559 35.0417671203613 34.9077110290527 34.8343620300293 34.7839279174805 34.6416778564453 34.5059394836426 34.3869819641113 34.342830657959 34.2536659240723 34.2181663513184 34.2321510314941 34.2672309875488 34.3719596862793 34.4751663208008 34.4975891113281 34.4982948303223 34.5258483886719 34.5608940124512 34.6218376159668 34.6974334716797 34.7491302490234
-3.4e+38 -3.4e+38 -3.4e+38 -3.4e+38 -3.4e+38 32.4931488037109 32.5017242431641 32.8573112487793 33.258544921875 33.5652732849121 33.877067565918 34.4473152160645 34.970531463623 35.2188911437988 35.2246398925781 35.2012100219727 35.2953948974609 35.4406242370605 35.5697631835938 35.660285949707 35.7237854003906 35.7677879333496 35.7995452880859 35.7771072387695 35.6446952819824 35.3759002685547 35.2032203674316 34.9794235229492 34.8783073425293 34.8675308227539 34.7659606933594 34.5378952026367 34.387451171875 34.3187637329102 34.2085037231445 34.1928024291992 34.2313766479492 34.2864265441895 34.3528060913086 34.4816246032715 34.5289344787598 34.5358963012695 34.5282173156738 34.5015296936035 34.507396697998 34.5765724182129 34.6482009887695
-3.4e+38 -3.4e+38 -3.4e+38 -3.4e+38 -3.4e+38 32.7115135192871 32.8124694824219 33.1794548034668 33.4978675842285 33.7461624145508 34.3022880554199 34.806266784668 35.1131629943848 35.1551895141602 35.1612815856934 35.2212600708008 35.3598823547363 35.5522003173828 35.7249641418457 35.8086776733398 35.8233757019043 35.8095970153809 35.8292579650879 35.8621635437012 35.857967376709 35.7096061706543 35.407341003418 35.1307067871094 34.968090057373 34.8992385864258 34.8161506652832 34.5506858825684 34.4106216430664 34.3292007446289 34.2672882080078 34.2367897033691 34.260814666748 34.2900886535645 34.323356628418 34.4036674499512 34.4652404785156 34.5141983032227 34.5604972839355 34.5560913085938 34.5085411071777 34.549919128418 34.6199760437012
-3.4e+38 -3.4e+38 33.3953895568848 33.3313064575195 33.0361061096191 32.8528099060059 33.0271949768066 33.4034004211426 33.6160469055176 33.8997497558594 34.4220542907715 34.8681259155273 35.0728225708008 35.0801887512207 35.0701866149902 35.1778678894043 35.4521636962891 35.7063751220703 35.8139991760254 35.7768096923828 35.7253150939941 35.7006492614746 35.7270812988281 35.7648086547852 35.8205757141113 35.8623123168945 35.6543388366699 35.323802947998 35.0813217163086 35.0074768066406 34.9088745117188 34.6677894592285 34.517936706543 34.3951225280762 34.3403358459473 34.2761726379395 34.2677536010742 34.2946395874023 34.3303909301758 34.3779449462891 34.4414405822754 34.5275802612305 34.6142845153809 34.6430816650391 34.5938987731934 34.5724105834961 34.6037445068359
-339999999999999996128486808808066248288.000000000000000 -3.4e+38 -3.4e+38 -3.4e+38 33.267219543457 32.9535980224609 33.1786422729492 33.480884552002 33.6112899780273 33.9523887634277 34.4146575927734 34.8323860168457 34.9824638366699 35.0172958374023 34.980655670166 35.1625289916992 35.5730628967285 35.7850570678711 35.7751159667969 35.6763572692871 35.580005645752 35.5576286315918 35.594612121582 35.6490783691406 35.7252578735352 35.8060684204102 35.7545433044434 35.4658355712891 35.2029342651367 35.1256332397461 34.9704437255859 34.7433395385742 34.6207809448242 34.5098495483398 34.3969268798828 34.3527297973633 34.3391380310059 34.3388442993164 34.3678741455078 34.4264183044434 34.5186004638672 34.6196823120117 34.6533012390137 34.6488952636719 34.6088409423828 34.5796279907227 34.560962677002
-3.4e+38 -3.4e+38 -3.4e+38 -3.4e+38 33.1813545227051 33.0317611694336 33.2736358642578 33.4850006103516 33.609016418457 33.9974632263184 34.4281883239746 34.7660980224609 34.9027404785156 35.025577545166 34.9748573303223 35.1960525512695 35.6713943481445 35.7721481323242 35.713264465332 35.5667304992676 35.4463958740234 35.425479888916 35.4899749755859 35.565788269043 35.6504287719727 35.7213745117188 35.7316131591797 35.5138473510742 35.2862358093262 35.1809921264648 34.9474411010742 34.7554244995117 34.6641464233398 34.5760650634766 34.5024185180664 34.5241546630859 34.4906845092773 34.4563522338867 34.458797454834 34.4993057250977 34.5770721435547 34.6323356628418 34.6618118286133 34.6243057250977 34.6000900268555 34.5893898010254 34.5759429931641
-3.4e+38 -3.4e+38 -3.4e+38 -3.4e+38 33.1522941589355 33.122013092041 33.3429946899414 33.4875602722168 33.5981674194336 33.9031600952148 34.260555267334 34.6105346679688 34.8845863342285 35.0453948974609 34.9337844848633 35.3034515380859 35.7220611572266 35.7393608093262 35.6498985290527 35.479564666748 35.3777923583984 35.3866348266602 35.4430618286133 35.5134887695312 35.5981369018555 35.6695785522461 35.6606559753418 35.4895172119141 35.3442687988281 35.1907653808594 34.8841018676758 34.7455139160156 34.6837959289551 34.5766067504883 34.6069641113281 34.6462478637695 34.6124610900879 34.5768356323242 34.558666229248 34.5614318847656 34.5744400024414 34.6125717163086 34.6402130126953 34.6358795166016 34.6436767578125 34.6125907897949 34.578052520752
-3.4e+38 -3.4e+38 -3.4e+38 -3.4e+38 33.5306854248047 33.1914100646973 33.4191246032715 33.5223731994629 33.5604400634766 33.7322692871094 33.9843978881836 34.2936744689941 34.7613372802734 34.8886528015137 34.9291496276855 35.4689979553223 35.7034492492676 35.6894721984863 35.6130828857422 35.4463424682617 35.3769264221191 35.4110488891602 35.4505348205566 35.4906883239746 35.5784950256348 35.6581192016602 35.5901832580566 35.4775657653809 35.3745994567871 35.1281890869141 34.8101577758789 34.7619400024414 34.6944847106934 34.6796798706055 34.7351913452148 34.7419548034668 34.7165451049805 34.6643257141113 34.622615814209 34.5986442565918 34.5970840454102 34.6155891418457 34.625862121582 34.6312522888184 34.615047454834 34.6047973632812 34.617603302002
-3.4e+38 -3.4e+38 -3.4e+38 -3.4e+38 33.3720436096191 33.1821250915527 33.5092697143555 33.5928764343262 33.6016883850098 33.670597076416 33.7910308837891 34.0207290649414 34.4464569091797 34.7231941223145 35.1262130737305 35.5947723388672 35.6586303710938 35.6380805969238 35.5943717956543 35.4423637390137 35.4102630615234 35.4559783935547 35.5056762695312 35.5169715881348 35.5602073669434 35.63916015625 35.5539093017578 35.4842910766602 35.3487854003906 34.9941024780273 34.7583084106445 34.7286186218262 34.706241607666 34.8011741638184 34.8356018066406 34.8530120849609 34.8637351989746 34.818920135498 34.741828918457 34.6766891479492 34.6407318115234 34.6228065490723 34.6287040710449 34.6238632202148 34.6388549804688 34.6655235290527 34.6671562194824
-3.4e+38 -3.4e+38 -3.4e+38 -3.4e+38 33.3719596862793 33.1161499023438 33.5482482910156 33.7012367248535 33.7050628662109 33.759349822998 33.8038902282715 33.9209098815918 34.2458534240723 34.7362365722656 35.4713592529297 35.6393966674805 35.6184349060059 35.5993347167969 35.5746612548828 35.4837875366211 35.4379959106445 35.4890975952148 35.5193023681641 35.4973983764648 35.5420112609863 35.6098289489746 35.5422210693359 35.4741897583008 35.2353935241699 34.8894500732422 34.7491455078125 34.7020568847656 34.760871887207 34.8481941223145 34.8889961242676 34.9127807617188 34.9341125488281 34.9551429748535 34.9279327392578 34.8610649108887 34.7866630554199 34.7241287231445 34.6922988891602 34.7050132751465 34.707332611084 34.7069854736328 34.6873435974121
-3.4e+38 -3.4e+38 -3.4e+38 -3.4e+38 -3.4e+38 33.0066871643066 33.4942092895508 33.8474197387695 33.806037902832 33.8636245727539 33.872142791748 33.8814697265625 34.2815856933594 35.1007194519043 35.649284362793 35.6656150817871 35.5759506225586 35.5648956298828 35.5917663574219 35.5318641662598 35.4792556762695 35.4773902893066 35.4929656982422 35.4794082641602 35.5130920410156 35.5750999450684 35.5342903137207 35.4455184936523 35.1193466186523 34.8109855651855 34.7556304931641 34.7226066589355 34.8327293395996 34.8876724243164 34.9014511108398 34.9177017211914 34.9402389526367 34.9652252197266 34.992130279541 34.9874420166016 34.9504776000977 34.9045333862305 34.8308067321777 34.7724647521973 34.7461357116699 34.7379112243652 34.7699317932129
-3.4e+38 -3.4e+38 -3.4e+38 -3.4e+38 -3.4e+38 21.8909225463867 33.3133430480957 34.0274620056152 33.9554481506348 33.9767532348633 33.8846206665039 33.9376792907715 34.6383018493652 35.3641929626465 35.6357917785645 35.6301002502441 35.5269088745117 35.5824127197266 35.6391639709473 35.5425224304199 35.5151023864746 35.4764366149902 35.4627113342285 35.4636764526367 35.4996681213379 35.5588150024414 35.538272857666 35.3944435119629 35.0185203552246 34.7706871032715 34.7654991149902 34.7657470703125 34.8729782104492 34.9122123718262 34.9155693054199 34.9211807250977 34.9489517211914 34.9664878845215 34.9637184143066 35.003116607666 35.0269088745117 35.0119552612305 34.9982299804688 34.9360084533691 34.832389831543 34.7803077697754 34.7820777893066
-3.4e+38 -3.4e+38 -3.4e+38 -3.4e+38 -3.4e+38 21.7811737060547 33.312671661377 34.1978874206543 34.1483879089355 34.1943130493164 34.0245895385742 34.3016471862793 35.0540161132812 35.4144325256348 35.5345153808594 35.5895042419434 35.6153984069824 35.7047348022461 35.6576843261719 35.5359802246094 35.5072326660156 35.4863319396973 35.4491806030273 35.4210052490234 35.4814109802246 35.5591354370117 35.5413284301758 35.353343963623 34.9357261657715 34.7510108947754 34.7832794189453 34.7990112304688 34.8749198913574 34.8910140991211 34.8799362182617 34.9035491943359 34.9383201599121 34.9685592651367 34.9514389038086 34.9416236877441 34.9842338562012 35.020824432373 35.0444450378418 35.049373626709 34.9968414306641 34.9040069580078 34.8238677978516
-3.4e+38 -3.4e+38 -3.4e+38 -3.4e+38 -3.4e+38 -3.4e+38 34.124942779541 34.3632202148438 34.368766784668 34.422794342041 34.4515991210938 34.8766136169434 35.4003868103027 35.5248565673828 35.6522483825684 35.7293167114258 35.7792129516602 35.7712821960449 35.6622657775879 35.505558013916 35.4464225769043 35.451602935791 35.4693260192871 35.4169425964355 35.4410285949707 35.5271682739258 35.5591621398926 35.329345703125 34.8998756408691 34.7464904785156 34.7890968322754 34.7923889160156 34.8444213867188 34.8559265136719 34.8360176086426 34.8603553771973 34.8938217163086 34.9131011962891 34.901309967041 34.9012145996094 34.9342727661133 34.9750022888184 35.0185813903809 35.0594291687012 35.0760879516602 35.0605621337891 35.0069808959961
-3.4e+38 -3.4e+38 -3.4e+38 -3.4e+38 -3.4e+38 -3.4e+38 34.4606742858887 34.5340003967285 34.5989379882812 34.7048950195312 34.8786125183105 35.4092826843262 35.6380233764648 35.7621421813965 35.8547592163086 35.8941688537598 35.8588218688965 35.7780494689941 35.6521224975586 35.4742851257324 35.418384552002 35.4009475708008 35.4162712097168 35.4493751525879 35.4217758178711 35.4927444458008 35.56640625 35.3121376037598 34.890983581543 34.7408485412598 34.7800483703613 34.7706336975098 34.8000602722168 34.781867980957 34.8155746459961 34.8294715881348 34.8354148864746 34.846363067627 34.8477897644043 34.8596115112305 34.897045135498 34.9404411315918 34.9945793151855 35.0442314147949 35.0907974243164 35.1253547668457 35.1256294250488
-3.4e+38 -3.4e+38 -3.4e+38 -3.4e+38 -3.4e+38 -3.4e+38 34.657958984375 34.695442199707 34.8100280761719 34.955753326416 35.2634239196777 35.6643676757812 35.8332214355469 35.9309425354004 35.9899826049805 35.9425086975098 35.8672065734863 35.7823295593262 35.6334228515625 35.5171546936035 35.447566986084 35.3935394287109 35.3552322387695 35.4106483459473 35.4330139160156 35.4496612548828 35.5277252197266 35.2987670898438 34.9061431884766 34.739200592041 34.7704010009766 34.7442474365234 34.7402114868164 34.7367172241211 34.8023071289062 34.8221054077148 34.8254547119141 34.8243637084961 34.8372993469238 34.8746185302734 34.9227828979492 34.9836082458496 35.0513191223145 35.1109237670898 35.1412544250488 35.1702499389648 35.195743560791
-3.4e+38 -3.4e+38 -3.4e+38 -3.4e+38 -3.4e+38 34.8918304443359 34.8014297485352 34.8380889892578 34.9691429138184 35.1676368713379 35.5812797546387 35.8536186218262 35.9877624511719 36.0585098266602 36.0193748474121 35.9406814575195 35.8929405212402 35.7786750793457 35.6455001831055 35.5522384643555 35.4678268432617 35.3915977478027 35.3412132263184 35.3680801391602 35.4020767211914 35.4296264648438 35.5005836486816 35.308479309082 34.9495620727539 34.7415237426758 34.7447280883789 34.7000579833984 34.6983833312988 34.747371673584 34.812816619873 34.8166732788086 34.809700012207 34.8157081604004 34.8646507263184 34.9293098449707 35.0241279602051 35.1268424987793 35.2032737731934 35.2621421813965 35.2922172546387 35.3057670593262 35.3133430480957
-3.4e+38 -3.4e+38 -3.4e+38 -3.4e+38 35.2386016845703 35.0262413024902 34.9266395568848 34.9657592773438 35.0936622619629 35.4847564697266 35.8430557250977 36.0191917419434 36.1034278869629 36.0624618530273 35.999927520752 35.9720077514648 35.9116325378418 35.7611045837402 35.6395568847656 35.5405426025391 35.4835586547852 35.3965339660645 35.3376846313477 35.3635101318359 35.3673896789551 35.3867835998535 35.495002746582 35.3312034606934 35.0180740356445 34.7603912353516 34.7319068908691 34.7125663757324 34.7066268920898 34.7578544616699 34.7981567382812 34.7951202392578 34.7984733581543 34.8768501281738 34.9918594360352 35.1104583740234 35.2148628234863 35.3017768859863 35.3693046569824 35.4251556396484 35.4706268310547 35.4917106628418 35.4865379333496
