Ecospace-environmental-drivers/Outputs/ASCII-for-ecospace/Sal-surf/Sal-surf_X2019.01.asc
NCOLS 131 
NROWS 53 
XLLCORNER -98 
YLLCORNER 23.9265270233154 
CELLSIZE 0.133587792515755 
NODATA_value -3.4e+38 
[rows 0 to 20 of 53, columns 47 to 93 of 131]
-3.4e+38 -3.4e+38 -3.4e+38 -3.4e+38 -3.4e+38 -3.4e+38 -3.4e+38 -3.4e+38 -3.4e+38 -3.4e+38 -3.4e+38 -3.4e+38 -3.4e+38 -3.4e+38 -3.4e+38 -3.4e+38 -3.4e+38 -3.4e+38 -3.4e+38 -3.4e+38 -3.4e+38 -3.4e+38 -3.4e+38 -3.4e+38 -3.4e+38 -3.4e+38 -3.4e+38 -3.4e+38 -3.4e+38 -3.4e+38 -3.4e+38 -3.4e+38 -3.4e+38 -3.4e+38 -3.4e+38 -3.4e+38 -3.4e+38 -3.4e+38 -3.4e+38 -3.4e+38 -3.4e+38 -3.4e+38 -3.4e+38 -3.4e+38 -3.4e+38 -3.4e+38 -3.4e+38
-3.4e+38 -3.4e+38 -3.4e+38 -3.4e+38 -3.4e+38 -3.4e+38 -3.4e+38 -3.4e+38 -3.4e+38 -3.4e+38 -3.4e+38 -3.4e+38 -3.4e+38 -3.4e+38 -3.4e+38 -3.4e+38 -3.4e+38 -3.4e+38 -3.4e+38 -3.4e+38 -3.4e+38 -3.4e+38 -3.4e+38 -3.4e+38 -3.4e+38 -3.4e+38 -3.4e+38 -3.4e+38 -3.4e+38 -3.4e+38 -3.4e+38 -3.4e+38 -3.4e+38 -3.4e+38 -3.4e+38 -3.4e+38 -3.4e+38 -3.4e+38 -3.4e+38 -3.4e+38 -3.4e+38 -3.4e+38 -3.4e+38 -3.4e+38 -3.4e+38 -3.4e+38 -3.4e+38
-3.4e+38 -3.4e+38 -3.4e+38 -3.4e+38 -3.4e+38 -3.4e+38 -3.4e+38 -3.4e+38 -3.4e+38 -3.4e+38 -3.4e+38 -3.4e+38 -3.4e+38 -3.4e+38 -3.4e+38 -3.4e+38 -3.4e+38 -3.4e+38 -3.4e+38 -3.4e+38 -3.4e+38 -3.4e+38 -3.4e+38 -3.4e+38 -3.4e+38 -3.4e+38 -3.4e+38 1.05817687511444 0.996015787124634 -3.4e+38 -3.4e+38 -3.4e+38 -3.4e+38 -3.4e+38 -3.4e+38 -3.4e+38 -3.4e+38 -3.4e+38 -3.4e+38 -3.4e+38 -3.4e+38 -3.4e+38 -3.4e+38 -3.4e+38 -3.4e+38 -3.4e+38 -3.4e+38
-3.4e+38 -3.4e+38 -3.4e+38 -3.4e+38 -3.4e+38 -3.4e+38 -3.4e+38 -3.4e+38 -3.4e+38 -3.4e+38 -3.4e+38 -3.4e+38 -3.4e+38 -3.4e+38 -3.4e+38 -3.4e+38 -3.4e+38 -3.4e+38 -3.4e+38 -3.4e+38 -3.4e+38 -3.4e+38 -3.4e+38 -3.4e+38 -3.4e+38 -3.4e+38 -3.4e+38 8.81560516357422 7.63611316680908 -3.4e+38 -3.4e+38 -3.4e+38 -3.4e+38 -3.4e+38 -3.4e+38 -3.4e+38 -3.4e+38 -3.4e+38 -3.4e+38 -3.4e+38 -3.4e+38 -3.4e+38 -3.4e+38 -3.4e+38 -3.4e+38 -3.4e+38 -3.4e+38
-3.4e+38 -3.4e+38 -3.4e+38 -3.4e+38 -3.4e+38 -3.4e+38 -3.4e+38 -3.4e+38 -3.4e+38 22.7968139648438 22.7968139648438 22.7500514984131 20.1468181610107 -3.4e+38 -3.4e+38 -3.4e+38 -3.4e+38 -3.4e+38 32.6048736572266 31.8826313018799 25.7437000274658 22.1133632659912 16.4261856079102 12.6122817993164 25.1199836730957 32.756404876709 33.9620361328125 23.8716354370117 26.7500801086426 34.4607048034668 -3.4e+38 -3.4e+38 34.9802360534668 34.2511711120605 32.1843070983887 35.3873634338379 35.6100006103516 35.6885833740234 35.6603736877441 35.5731468200684 35.5044593811035 35.477466583252 -3.4e+38 -3.4e+38 -3.4e+38 -3.4e+38 -3.4e+38
-3.4e+38 -3.4e+38 -3.4e+38 -3.4e+38 -3.4e+38 -3.4e+38 -3.4e+38 -3.4e+38 22.7968139648438 22.7968139648438 22.7968139648438 22.7968139648438 22.7032909393311 20.0933227539062 14.9938468933105 -3.4e+38 23.2396411895752 31.9819679260254 33.6614685058594 32.893424987793 30.8862171173096 28.3616714477539 21.8064956665039 21.6893062591553 27.5819435119629 33.4344673156738 34.5929412841797 33.8541069030762 33.8948097229004 34.7186889648438 35.0994186401367 35.0056495666504 34.939826965332 34.9952354431152 34.885311126709 35.7141380310059 35.8253631591797 35.8329124450684 35.7913589477539 35.7247352600098 35.6252517700195 35.4602737426758 35.3198776245117 35.2393684387207 -3.4e+38 -3.4e+38 -3.4e+38
-3.4e+38 -3.4e+38 -3.4e+38 -3.4e+38 -3.4e+38 -3.4e+38 -3.4e+38 -3.4e+38 22.9596042633057 22.7968139648438 22.7968139648438 22.7968139648438 22.7968139648438 22.6097679138184 19.9728660583496 14.9938468933105 16.8022327423096 29.1805171966553 33.9221343994141 34.4152946472168 34.4780654907227 34.8049430847168 34.7826080322266 34.6137771606445 34.7690582275391 35.328197479248 35.4589920043945 35.438663482666 35.4382858276367 35.4351501464844 35.4852485656738 35.6586647033691 35.7853698730469 35.9259452819824 36.0547409057617 36.1243438720703 36.1814994812012 36.1858367919922 36.1604232788086 36.1196556091309 36.0739288330078 35.9379081726074 35.6582412719727 35.3432388305664 35.138053894043 35.0151901245117 -3.4e+38
-3.4e+38 -3.4e+38 -3.4e+38 -3.4e+38 -3.4e+38 -3.4e+38 -3.4e+38 -3.4e+38 -3.4e+38 -3.4e+38 22.7968139648438 22.7968139648438 22.7968139648438 -3.4e+38 22.4227199554443 19.6780872344971 18.1866054534912 24.4981994628906 32.6698722839355 34.6111755371094 35.3618049621582 35.695182800293 35.5936622619629 35.548999786377 35.6114120483398 35.6331558227539 35.6617736816406 35.7194175720215 35.7457962036133 35.8210601806641 35.9397201538086 36.065559387207 36.1297187805176 36.1782379150391 36.2084083557129 36.2331428527832 36.258129119873 36.2588806152344 36.2487144470215 36.2402114868164 36.2357063293457 36.2174377441406 36.1094055175781 35.855152130127 35.4489097595215 35.0889205932617 34.3848838806152
-3.4e+38 -3.4e+38 -3.4e+38 -3.4e+38 -3.4e+38 -3.4e+38 -3.4e+38 -3.4e+38 -3.4e+38 -3.4e+38 -3.4e+38 -3.4e+38 -3.4e+38 -3.4e+38 22.5421752929688 22.9536952972412 24.4087371826172 23.5621604919434 30.4346675872803 34.171012878418 35.3396530151367 35.76318359375 35.7395172119141 35.6740036010742 35.7272644042969 35.7587547302246 35.7906036376953 35.8501319885254 35.942813873291 36.0537910461426 36.1171798706055 36.1735153198242 36.2063217163086 36.2229080200195 36.2371139526367 36.2563400268555 36.2615203857422 36.2629508972168 36.2566986083984 36.253604888916 36.258228302002 36.2537155151367 36.2312393188477 36.174129486084 36.0115127563477 35.6608390808105 34.6616134643555
21.72678565979 -3.4e+38 -3.4e+38 -3.4e+38 -3.4e+38 -3.4e+38 -3.4e+38 -3.4e+38 -3.4e+38 -3.4e+38 29.7022533416748 27.1921539306641 -3.4e+38 -3.4e+38 -3.4e+38 29.2868232727051 31.3318939208984 30.6505184173584 32.0738372802734 34.6507873535156 35.7009544372559 35.9011383056641 35.817569732666 35.7773857116699 35.8082847595215 35.8388557434082 35.8480339050293 35.8692207336426 35.9483261108398 36.0479736328125 36.1153144836426 36.1798896789551 36.2132797241211 36.2396965026855 36.252628326416 36.2601356506348 36.2608108520508 36.260986328125 36.2577438354492 36.2570686340332 36.2621192932129 36.2569541931152 36.2521858215332 36.2470092773438 36.2204551696777 35.9979362487793 35.2160835266113
19.6162109375 12.7023601531982 -3.4e+38 -3.4e+38 -3.4e+38 -3.4e+38 -3.4e+38 -3.4e+38 -3.4e+38 -3.4e+38 33.0302505493164 32.2541236877441 31.587495803833 -3.4e+38 -3.4e+38 35.4008750915527 34.2054786682129 32.686092376709 33.7614555358887 35.2233467102051 35.9138793945312 35.9151420593262 35.7710075378418 35.685791015625 35.7108383178711 35.8119468688965 35.8990135192871 35.8751792907715 35.8922462463379 35.9636688232422 36.0512580871582 36.144401550293 36.2136459350586 36.2486610412598 36.2487640380859 36.2467842102051 36.2471160888672 36.2505874633789 36.2568588256836 36.2590026855469 36.2609062194824 36.2607421875 36.2563285827637 36.2551803588867 36.2505798339844 36.1342353820801 35.644660949707
21.2583236694336 10.145411491394 0.84209805727005 7.19900178909302 -3.4e+38 -3.4e+38 -3.4e+38 -3.4e+38 -3.4e+38 -3.4e+38 -3.4e+38 32.573600769043 31.5854873657227 31.587495803833 32.1856689453125 33.9183311462402 35.6829147338867 34.9262351989746 34.9771690368652 35.5135307312012 35.8706130981445 35.5840835571289 35.3583068847656 35.3036499023438 35.3624420166016 35.6725273132324 35.9572715759277 36.0145072937012 36.0210304260254 36.0326881408691 36.0893478393555 36.1671752929688 36.2244338989258 36.2383155822754 36.2277183532715 36.2332496643066 36.2352752685547 36.2405586242676 36.249340057373 36.259693145752 36.2646789550781 36.2645568847656 36.2625274658203 36.2515182495117 36.2389183044434 36.1509094238281 35.930419921875
27.0068168640137 19.4038867950439 10.3033561706543 10.4515514373779 -3.4e+38 -3.4e+38 -3.4e+38 -3.4e+38 33.2019004821777 33.1913375854492 33.3484802246094 32.6850204467773 31.7987174987793 31.370246887207 30.38405418396 29.9450168609619 30.0032501220703 35.8107414245605 35.8047294616699 35.4670219421387 35.0611267089844 34.8554077148438 34.9280776977539 35.1322021484375 35.4560928344727 35.7918319702148 35.9375610351562 36.0347595214844 36.0710372924805 36.0998458862305 36.134635925293 36.208366394043 36.2325859069824 36.2271003723145 36.2138519287109 36.2130241394043 36.2306709289551 36.238842010498 36.2434959411621 36.2528648376465 36.2608757019043 36.2653923034668 36.2696380615234 36.2645797729492 36.2577133178711 36.2415809631348 36.2036819458008
30.4090747833252 28.7304573059082 25.3798484802246 23.1964817047119 27.9191474914551 31.7019271850586 33.101619720459 33.3734703063965 33.3383331298828 33.3068542480469 33.1810264587402 33.3640213012695 31.7328605651855 31.2098655700684 30.8063545227051 28.7395801544189 24.1121826171875 20.7478446960449 22.9218521118164 27.242805480957 32.0816078186035 34.0875015258789 34.8353233337402 35.334114074707 35.6897506713867 35.9098472595215 35.916431427002 35.9647979736328 35.96923828125 36.0109596252441 36.0478782653809 36.1360321044922 36.1860542297363 36.1931419372559 36.1874465942383 36.1961631774902 36.2137832641602 36.2329750061035 36.2377090454102 36.242977142334 36.2584762573242 36.2604293823242 36.2655487060547 36.2693710327148 36.271297454834 36.2678070068359 36.2555694580078
32.7532272338867 32.3455429077148 30.8264904022217 30.1201610565186 31.8179187774658 33.0456695556641 33.4534873962402 33.4115333557129 33.2878952026367 33.0799140930176 32.693489074707 32.40185546875 32.3622741699219 32.1414566040039 31.9914417266846 31.1762466430664 26.9564609527588 9.64792156219482 8.70238208770752 14.2723274230957 29.3104419708252 33.9721717834473 35.0597610473633 35.3721160888672 35.7453269958496 35.8632545471191 35.85107421875 35.883903503418 35.9310035705566 35.9667587280273 36.0204582214355 36.096794128418 36.148754119873 36.1537399291992 36.14501953125 36.1683197021484 36.1993370056152 36.2239303588867 36.2266960144043 36.2276725769043 36.2457847595215 36.2618103027344 36.2608757019043 36.2663955688477 36.2698631286621 36.2666130065918 36.2567710876465
33.848201751709 33.4370651245117 32.7400245666504 32.8125267028809 33.2645454406738 33.4942817687988 33.4099960327148 33.2511253356934 33.0744857788086 32.9624252319336 32.9420318603516 32.9475746154785 32.8947257995605 32.5742988586426 32.5786933898926 31.8172435760498 29.264835357666 20.4744510650635 26.5204982757568 30.0873413085938 33.5436096191406 34.7041358947754 35.1703338623047 35.5419540405273 35.8202857971191 35.9841461181641 36.0625343322754 36.0602531433105 36.065803527832 36.0739555358887 36.0954055786133 36.1050109863281 36.1264343261719 36.1380653381348 36.1435394287109 36.1531715393066 36.1914863586426 36.2302207946777 36.2278518676758 36.215259552002 36.221622467041 36.2519874572754 36.2613067626953 36.2616996765137 36.26953125 36.2649574279785 36.2553367614746
34.6197776794434 34.2771072387695 33.8379173278809 33.6290588378906 33.6213684082031 33.6376190185547 33.5610504150391 33.4505386352539 33.3489112854004 33.3022346496582 33.450813293457 33.6954078674316 34.141731262207 34.393684387207 34.7113761901855 34.6525039672852 34.0938339233398 33.6833572387695 34.1944847106934 34.6866798400879 35.2981948852539 35.6868858337402 35.8637809753418 35.9444007873535 36.0612030029297 36.1131439208984 36.1317443847656 36.1147537231445 36.0938606262207 36.0822868347168 36.0988845825195 36.1157875061035 36.119312286377 36.125373840332 36.1262397766113 36.1372756958008 36.181510925293 36.232120513916 36.2432861328125 36.216365814209 36.204891204834 36.2276153564453 36.2555198669434 36.2594833374023 36.2613830566406 36.2679977416992 36.2624855041504
35.1872100830078 34.9504737854004 34.6091728210449 34.2806854248047 34.0682830810547 33.9842567443848 33.9677047729492 33.9289588928223 33.8747749328613 33.8856048583984 34.1736450195312 34.7110748291016 35.1420555114746 35.4783668518066 35.7021636962891 35.8356971740723 35.9221153259277 35.7309036254883 35.591983795166 35.6082229614258 35.850025177002 36.0563507080078 36.1153984069824 36.0916748046875 36.1031188964844 36.1169700622559 36.0909233093262 36.0722694396973 36.0644149780273 36.0706520080566 36.1036491394043 36.1168670654297 36.0987167358398 36.1219444274902 36.1267738342285 36.1099128723145 36.1466522216797 36.2015800476074 36.2377166748047 36.21728515625 36.2035140991211 36.2084846496582 36.2322692871094 36.2577133178711 36.2557067871094 36.2689437866211 36.2679100036621
35.6157341003418 35.5253410339355 35.3617782592773 35.1443328857422 34.9203872680664 34.8034019470215 34.7545394897461 34.665901184082 34.640754699707 34.6841201782227 34.846981048584 35.1305389404297 35.496223449707 35.7570571899414 35.9591255187988 36.0947456359863 36.2007179260254 36.2128448486328 36.1316299438477 36.0849189758301 36.1654472351074 36.1980056762695 36.1943283081055 36.1557540893555 36.143367767334 36.1081886291504 36.0620613098145 36.0697555541992 36.0783920288086 36.0988121032715 36.117374420166 36.1171875 36.1091003417969 36.1213264465332 36.1226959228516 36.104377746582 36.1251754760742 36.1650352478027 36.1890602111816 36.1971321105957 36.1953353881836 36.1982383728027 36.2100563049316 36.2379760742188 36.2523765563965 36.2625846862793 36.2771186828613
35.9264259338379 35.9150619506836 35.9038543701172 35.8450202941895 35.7115097045898 35.5720825195312 35.4110374450684 35.2140007019043 35.2101135253906 35.2883796691895 35.4030609130859 35.5496597290039 35.7467498779297 35.933765411377 36.0645561218262 36.1584892272949 36.246467590332 36.2675361633301 36.2418479919434 36.2249565124512 36.2104759216309 36.1992149353027 36.1822471618652 36.1622924804688 36.1463661193848 36.1146011352539 36.100959777832 36.1089706420898 36.1151657104492 36.127082824707 36.1285095214844 36.1292915344238 36.1269149780273 36.1198081970215 36.1259078979492 36.1347160339355 36.125904083252 36.1445274353027 36.1620063781738 36.1767425537109 36.1897888183594 36.195484161377 36.2069129943848 36.2285385131836 36.2460250854492 36.2544860839844 36.2832336425781
36.0937385559082 36.1096305847168 36.129093170166 36.125789642334 36.0841941833496 36.0297203063965 35.9478378295898 35.8150520324707 35.6826820373535 35.6377601623535 35.8022766113281 35.9174652099609 36.0356140136719 36.090404510498 36.1532745361328 36.2371139526367 36.2420654296875 36.2273559570312 36.220588684082 36.2105522155762 36.1974143981934 36.1747970581055 36.1622314453125 36.1599540710449 36.1526985168457 36.131591796875 36.11376953125 36.1245384216309 36.1244125366211 36.126953125 36.1325874328613 36.1341285705566 36.130558013916 36.1268730163574 36.1361389160156 36.1449966430664 36.1488418579102 36.1508560180664 36.1631126403809 36.1857147216797 36.1974678039551 36.2119522094727 36.2186126708984 36.2309646606445 36.248607635498 36.2626190185547 36.2916259765625
