Ecospace-environmental-drivers/Outputs/ASCII-for-ecospace/Sal-surf/Sal-surf_X2012.09.asc
NCOLS 131 
NROWS 53 
XLLCORNER -98 
YLLCORNER 23.9265270233154 
CELLSIZE 0.133587792515755 
NODATA_value -3.4e+38 
[rows 0 to 20 of 53, columns 47 to 93 of 131]
-3.4e+38 -3.4e+38 -3.4e+38 -3.4e+38 -3.4e+38 -3.4e+38 -3.4e+38 -3.4e+38 -3.4e+38 -3.4e+38 -3.4e+38 -3.4e+38 -3.4e+38 -3.4e+38 -3.4e+38 -3.4e+38 -3.4e+38 -3.4e+38 -3.4e+38 -3.4e+38 -3.4e+38 -3.4e+38 -3.4e+38 -3.4e+38 -3.4e+38 -3.4e+38 -3.4e+38 -3.4e+38 -3.4e+38 -3.4e+38 -3.4e+38 -3.4e+38 -3.4e+38 -3.4e+38 -3.4e+38 -3.4e+38 -3.4e+38 -3.4e+38 -3.4e+38 -3.4e+38 -3.4e+38 -3.4e+38 -3.4e+38 -3.4e+38 -3.4e+38 -3.4e+38 -3.4e+38
-3.4e+38 -3.4e+38 -3.4e+38 -3.4e+38 -3.4e+38 -3.4e+38 -3.4e+38 -3.4e+38 -3.4e+38 -3.4e+38 -3.4e+38 -3.4e+38 -3.4e+38 -3.4e+38 -3.4e+38 -3.4e+38 -3.4e+38 -3.4e+38 -3.4e+38 -3.4e+38 -3.4e+38 -3.4e+38 -3.4e+38 -3.4e+38 -3.4e+38 -3.4e+38 -3.4e+38 -3.4e+38 -3.4e+38 -3.4e+38 -3.4e+38 -3.4e+38 -3.4e+38 -3.4e+38 -3.4e+38 -3.4e+38 -3.4e+38 -3.4e+38 -3.4e+38 -3.4e+38 -3.4e+38 -3.4e+38 -3.4e+38 -3.4e+38 -3.4e+38 -3.4e+38 -3.4e+38
-3.4e+38 -3.4e+38 -3.4e+38 -3.4e+38 -3.4e+38 -3.4e+38 -3.4e+38 -3.4e+38 -3.4e+38 -3.4e+38 -3.4e+38 -3.4e+38 -3.4e+38 -3.4e+38 -3.4e+38 -3.4e+38 -3.4e+38 -3.4e+38 -3.4e+38 -3.4e+38 -3.4e+38 -3.4e+38 -3.4e+38 -3.4e+38 -3.4e+38 -3.4e+38 -3.4e+38 9.42828845977783 8.44328308105469 -3.4e+38 -3.4e+38 -3.4e+38 -3.4e+38 -3.4e+38 -3.4e+38 -3.4e+38 -3.4e+38 -3.4e+38 -3.4e+38 -3.4e+38 -3.4e+38 -3.4e+38 -3.4e+38 -3.4e+38 -3.4e+38 -3.4e+38 -3.4e+38
-3.4e+38 -3.4e+38 -3.4e+38 -3.4e+38 -3.4e+38 -3.4e+38 -3.4e+38 -3.4e+38 -3.4e+38 -3.4e+38 -3.4e+38 -3.4e+38 -3.4e+38 -3.4e+38 -3.4e+38 -3.4e+38 -3.4e+38 -3.4e+38 -3.4e+38 -3.4e+38 -3.4e+38 -3.4e+38 -3.4e+38 -3.4e+38 -3.4e+38 -3.4e+38 -3.4e+38 20.6145133972168 15.7057952880859 -3.4e+38 -3.4e+38 -3.4e+38 -3.4e+38 -3.4e+38 -3.4e+38 -3.4e+38 -3.4e+38 -3.4e+38 -3.4e+38 -3.4e+38 -3.4e+38 -3.4e+38 -3.4e+38 -3.4e+38 -3.4e+38 -3.4e+38 -3.4e+38
-3.4e+38 -3.4e+38 -3.4e+38 -3.4e+38 -3.4e+38 -3.4e+38 -3.4e+38 -3.4e+38 -3.4e+38 23.4647121429443 23.4647121429443 23.4543170928955 23.0055065155029 -3.4e+38 -3.4e+38 -3.4e+38 -3.4e+38 -3.4e+38 27.1717414855957 28.3045101165771 27.414571762085 25.953706741333 24.679573059082 25.8101062774658 29.9014682769775 31.1077251434326 31.5985813140869 26.9162654876709 25.3013458251953 29.6238994598389 -3.4e+38 -3.4e+38 33.6892852783203 33.609920501709 33.1249656677246 34.1583633422852 34.4393463134766 34.6138038635254 34.6474151611328 34.6808242797852 34.6877326965332 34.7030868530273 -3.4e+38 -3.4e+38 -3.4e+38 -3.4e+38 -3.4e+38
-3.4e+38 -3.4e+38 -3.4e+38 -3.4e+38 -3.4e+38 -3.4e+38 -3.4e+38 -3.4e+38 23.4647121429443 23.4647121429443 23.4647121429443 23.4647121429443 23.4439239501953 22.981372833252 22.1320171356201 -3.4e+38 23.4319381713867 25.75368309021 26.8748035430908 27.7539672851562 28.2140064239502 27.7319087982178 27.0319690704346 28.8187618255615 30.5717506408691 31.5629386901855 32.1399421691895 31.7514419555664 30.5782413482666 29.9899806976318 33.590518951416 33.6243667602539 33.6736602783203 33.7698287963867 33.8712272644043 34.2033233642578 34.4194602966309 34.5990791320801 34.6772499084473 34.7014045715332 34.7095718383789 34.7148742675781 34.7001647949219 34.6768989562988 -3.4e+38 -3.4e+38 -3.4e+38
-3.4e+38 -3.4e+38 -3.4e+38 -3.4e+38 -3.4e+38 -3.4e+38 -3.4e+38 -3.4e+38 23.5706405639648 23.4647121429443 23.4647121429443 23.4647121429443 23.4647121429443 23.4231338500977 22.9056262969971 22.1320171356201 21.726505279541 24.1155452728271 25.8305816650391 27.7440643310547 29.023567199707 29.8969459533691 30.6672744750977 31.548656463623 31.9859619140625 32.4389533996582 32.7666854858398 32.8902587890625 33.0390701293945 33.2423973083496 33.4219245910645 33.5101470947266 33.6005859375 33.8365516662598 34.0894393920898 34.2031211853027 34.2787971496582 34.331226348877 34.4182586669922 34.5006637573242 34.5637016296387 34.6266746520996 34.6664161682129 34.6386833190918 34.4676170349121 34.0189361572266 -3.4e+38
-3.4e+38 -3.4e+38 -3.4e+38 -3.4e+38 -3.4e+38 -3.4e+38 -3.4e+38 -3.4e+38 -3.4e+38 -3.4e+38 23.4647121429443 23.4647121429443 23.4647121429443 -3.4e+38 23.381555557251 22.6442184448242 22.8314037322998 24.895601272583 27.4751873016357 29.3856353759766 30.4371128082275 30.8515281677246 31.6810245513916 32.683177947998 32.9884300231934 33.1061592102051 33.1337127685547 33.0944213867188 33.1574516296387 33.2835083007812 33.4229125976562 33.469539642334 33.6327857971191 33.9012603759766 34.0776901245117 34.148796081543 34.1525230407715 34.1600189208984 34.1840057373047 34.2303695678711 34.3181495666504 34.4309463500977 34.5488319396973 34.6153907775879 34.5129470825195 33.9778709411621 33.1173095703125
-3.4e+38 -3.4e+38 -3.4e+38 -3.4e+38 -3.4e+38 -3.4e+38 -3.4e+38 -3.4e+38 -3.4e+38 -3.4e+38 -3.4e+38 -3.4e+38 -3.4e+38 -3.4e+38 23.153299331665 21.2035694122314 25.0541019439697 25.8771018981934 28.873628616333 29.8599376678467 30.6740818023682 31.1970653533936 32.1817169189453 33.2152786254883 33.4615592956543 33.315860748291 33.2197418212891 33.1628227233887 33.2062950134277 33.2624740600586 33.3674964904785 33.5552062988281 33.7538070678711 33.9241828918457 34.0568466186523 34.0208930969238 33.972339630127 33.9667091369629 33.9989624023438 34.0461273193359 34.1620483398438 34.3158683776855 34.4305191040039 34.5314559936523 34.5903816223145 34.2732772827148 33.3242874145508
26.8025035858154 -3.4e+38 -3.4e+38 -3.4e+38 -3.4e+38 -3.4e+38 -3.4e+38 -3.4e+38 -3.4e+38 -3.4e+38 28.3660449981689 26.3247833251953 -3.4e+38 -3.4e+38 -3.4e+38 26.2294273376465 28.9967041015625 28.930118560791 29.1748313903809 29.9140434265137 30.9655284881592 31.6568431854248 32.572338104248 33.3335418701172 33.5166091918945 33.3326301574707 33.1837730407715 33.1476860046387 33.206184387207 33.3547058105469 33.5771446228027 33.7153205871582 33.7864227294922 33.8606491088867 33.9563331604004 33.9214706420898 33.8754692077637 33.8620452880859 33.9069137573242 33.9534683227539 34.0137939453125 34.1475944519043 34.327075958252 34.4703979492188 34.576831817627 34.5036544799805 33.7310829162598
26.3373699188232 22.1127872467041 -3.4e+38 -3.4e+38 -3.4e+38 -3.4e+38 -3.4e+38 -3.4e+38 -3.4e+38 -3.4e+38 30.9438648223877 30.2356224060059 29.1848526000977 -3.4e+38 -3.4e+38 28.8152656555176 28.9782962799072 29.194616317749 29.4495811462402 30.2808055877686 31.3551425933838 32.231330871582 32.8854331970215 33.3785552978516 33.3834915161133 33.2411880493164 33.2226104736328 33.2467308044434 33.389404296875 33.6296501159668 33.7624092102051 33.7588310241699 33.7458152770996 33.7990608215332 33.9131393432617 33.9268531799316 33.7246055603027 33.677661895752 33.767463684082 33.8923492431641 33.9194297790527 34.0235366821289 34.1864547729492 34.4107284545898 34.5600090026855 34.639518737793 34.1544494628906
22.1966743469238 14.424352645874 2.31596493721008 10.6789798736572 -3.4e+38 -3.4e+38 -3.4e+38 -3.4e+38 -3.4e+38 -3.4e+38 -3.4e+38 30.793628692627 29.7020702362061 29.1848526000977 28.9725322723389 28.8864593505859 29.4329280853271 29.6951179504395 29.7751617431641 30.5968437194824 32.0822677612305 32.7886161804199 33.1305656433105 33.2945289611816 33.3422393798828 33.4278450012207 33.4304161071777 33.5580940246582 33.7225456237793 33.8240089416504 33.834342956543 33.8839530944824 33.9409980773926 33.9202575683594 33.9130401611328 33.8520698547363 33.7455215454102 33.7039184570312 33.772575378418 33.8488540649414 33.8834686279297 33.929859161377 34.0401916503906 34.2651519775391 34.5414352416992 34.6852569580078 34.581428527832
26.0007247924805 22.3278865814209 15.7520666122437 13.9689073562622 -3.4e+38 -3.4e+38 -3.4e+38 -3.4e+38 29.8042011260986 31.2873115539551 31.2365627288818 30.8649711608887 30.3506965637207 29.5706596374512 28.3193492889404 27.7233982086182 27.2084999084473 29.9163646697998 30.0489444732666 30.2498378753662 31.8571662902832 32.6323471069336 33.2161331176758 33.5161476135254 33.6440086364746 33.7386589050293 33.7751083374023 33.8541946411133 33.9265327453613 33.9609909057617 33.9850769042969 34.0100402832031 33.9909782409668 33.9118881225586 33.8838882446289 33.8725509643555 33.7999305725098 33.7917976379395 33.8608589172363 33.9076232910156 33.9359397888184 33.9338645935059 33.9629783630371 34.0612335205078 34.3572158813477 34.6196784973145 34.7113227844238
28.5894527435303 27.1603565216064 24.7171249389648 21.5252838134766 20.1373691558838 19.2490787506104 21.4285469055176 24.3847808837891 27.2134532928467 29.7630825042725 31.0237159729004 31.1764984130859 30.5373802185059 29.7048206329346 29.0423793792725 27.4753589630127 24.3469715118408 22.3842601776123 22.4322242736816 25.9987392425537 29.2103786468506 32.7605361938477 33.5719337463379 33.8383255004883 33.8930053710938 33.9872207641602 34.0818481445312 34.1562385559082 34.2077560424805 34.2286224365234 34.2098693847656 34.1494827270508 34.0600242614746 33.9490585327148 33.8543815612793 33.8501243591309 33.9176902770996 33.9405364990234 33.9469757080078 33.9606857299805 33.9423484802246 33.9322280883789 33.9521369934082 33.975658416748 34.0802917480469 34.2834548950195 34.4484939575195
29.9073104858398 28.99831199646 27.7133808135986 25.7686138153076 24.3223133087158 23.8821773529053 24.4494571685791 25.6689968109131 26.9751205444336 28.2240219116211 29.7675437927246 30.3905925750732 31.0096569061279 31.4288845062256 31.3553619384766 31.0306224822998 28.4360885620117 13.846978187561 12.9513235092163 17.6278553009033 30.0456676483154 33.4391136169434 34.0185966491699 34.0875358581543 34.1423110961914 34.2234001159668 34.2779350280762 34.3172416687012 34.358699798584 34.4008026123047 34.4123344421387 34.4338340759277 34.4077033996582 34.2840385437012 34.169075012207 34.08935546875 34.0011100769043 33.9608764648438 33.9459075927734 33.9604377746582 33.9461669921875 33.9419898986816 33.960132598877 33.9697227478027 34.0263061523438 34.1512870788574 34.2500534057617
31.8145942687988 31.1570472717285 29.9425277709961 28.8568820953369 28.8293743133545 29.225456237793 29.3937187194824 29.6310901641846 29.9404754638672 30.3851470947266 30.9381351470947 31.2596473693848 31.9878406524658 32.6021003723145 32.5667686462402 32.1909942626953 30.8319816589355 24.8928165435791 27.9383602142334 30.6537456512451 33.4059066772461 34.0491714477539 34.1783485412598 34.2122688293457 34.260814666748 34.310188293457 34.3408126831055 34.3633995056152 34.3724098205566 34.398250579834 34.4441299438477 34.5114898681641 34.5348739624023 34.4850311279297 34.3980484008789 34.3291854858398 34.2069396972656 34.0387382507324 33.9526252746582 33.9798812866211 33.9788017272949 33.9816284179688 33.9775657653809 33.9932861328125 34.0712051391602 34.1797027587891 34.2819786071777
32.9277076721191 32.5159950256348 31.9442234039307 31.440279006958 31.330680847168 31.3154563903809 31.3144435882568 31.4656009674072 31.6055374145508 31.7892169952393 32.1232719421387 32.2209014892578 32.6897506713867 33.0647201538086 32.9587516784668 32.8035736083984 32.5183143615723 32.0031929016113 32.6101455688477 33.3717613220215 34.0165328979492 34.1409187316895 34.2087936401367 34.2535438537598 34.3115501403809 34.3713340759277 34.4139137268066 34.4537811279297 34.4650611877441 34.4657936096191 34.4735984802246 34.5521545410156 34.5991287231445 34.5629806518555 34.4612464904785 34.3512496948242 34.3014984130859 34.2128601074219 34.0497093200684 34.0122032165527 33.9918441772461 33.9891242980957 34.0125846862793 34.0627136230469 34.1924171447754 34.2987098693848 34.4058609008789
33.5810585021973 33.3416786193848 32.9995880126953 32.6108360290527 32.4279518127441 32.3220176696777 32.2476654052734 32.2977600097656 32.390941619873 32.5860214233398 32.7484016418457 32.8975715637207 33.1535987854004 33.1783714294434 33.3022689819336 33.2456817626953 33.1985054016113 33.1906051635742 33.4114303588867 33.7356986999512 34.0978164672852 34.1623191833496 34.2317543029785 34.2656059265137 34.2873115539551 34.3280982971191 34.3941078186035 34.5005302429199 34.5521545410156 34.5420265197754 34.5448303222656 34.5852203369141 34.6737403869629 34.625057220459 34.5200309753418 34.422981262207 34.3087921142578 34.2409210205078 34.1559562683105 34.1228523254395 34.1000366210938 34.080940246582 34.0955772399902 34.1808395385742 34.3775596618652 34.4499130249023 34.5104904174805
34.0301475524902 33.9650230407715 33.9011459350586 33.6940155029297 33.4771575927734 33.3513450622559 33.2674865722656 33.2165603637695 33.2234420776367 33.3533973693848 33.3695678710938 33.3997039794922 33.4327507019043 33.5524978637695 33.8051986694336 33.6384658813477 33.4624252319336 33.6103324890137 33.7762260437012 33.9165077209473 34.1555595397949 34.2170677185059 34.2389259338379 34.2311058044434 34.2433128356934 34.2816352844238 34.3556365966797 34.4971618652344 34.5945281982422 34.6122169494629 34.6275215148926 34.6249656677246 34.7231674194336 34.7115669250488 34.5877723693848 34.4807090759277 34.340690612793 34.249340057373 34.2235221862793 34.1948547363281 34.193790435791 34.178524017334 34.1628150939941 34.2481918334961 34.4789428710938 34.5550689697266 34.6033248901367
34.2265014648438 34.2219047546387 34.2276458740234 34.1967391967773 34.1077766418457 33.9808464050293 33.8158264160156 33.6380462646484 33.5709648132324 33.5825653076172 33.557056427002 33.5520553588867 33.6418190002441 33.8080940246582 33.8845825195312 33.7909774780273 33.8888053894043 33.9410095214844 34.0122680664062 34.1309661865234 34.2218894958496 34.2223510742188 34.2159309387207 34.1552352905273 34.1370849609375 34.2086563110352 34.2681121826172 34.4769058227539 34.6095962524414 34.6446228027344 34.706169128418 34.6966285705566 34.773323059082 34.7992744445801 34.6904335021973 34.5301780700684 34.3376502990723 34.2203407287598 34.2111778259277 34.2016754150391 34.2331008911133 34.2457427978516 34.2132530212402 34.2627449035645 34.4540176391602 34.5573348999023 34.7234230041504
34.3151245117188 34.3007736206055 34.2742500305176 34.2462387084961 34.1714019775391 34.1267509460449 34.0256652832031 33.8261680603027 33.7825508117676 33.7134208679199 33.6546478271484 33.699291229248 33.7439041137695 33.845947265625 33.9067878723145 34.0455360412598 34.0972290039062 34.098762512207 34.1716041564941 34.1723403930664 34.1763153076172 34.1638107299805 34.0493354797363 33.9435882568359 33.9553184509277 34.1249046325684 34.2988166809082 34.515380859375 34.654182434082 34.7258338928223 34.7553672790527 34.7515602111816 34.8242721557617 34.8961639404297 34.8001480102539 34.6313858032227 34.4004707336426 34.2929840087891 34.2424583435059 34.2353363037109 34.2353401184082 34.2144393920898 34.2155342102051 34.2750396728516 34.4572792053223 34.5300025939941 34.6986274719238
