Ecospace-environmental-drivers/Outputs/ASCII-for-ecospace/Sal-surf/Sal-surf_X2016.02.asc
NCOLS 131 
NROWS 53 
XLLCORNER -98 
YLLCORNER 23.9265270233154 
CELLSIZE 0.133587792515755 
NODATA_value -3.4e+38 
[rows 21 to 41 of 53, columns 0 to 46 of 131]
-3.4e+38 -3.4e+38 -3.4e+38 -3.4e+38 -3.4e+38 -3.4e+38 38.0739822387695 31.8848705291748 19.610710144043 14.3625411987305 26.7266883850098 31.2115707397461 32.0353851318359 33.1435623168945 33.767520904541 34.1790008544922 34.4851760864258 34.7238998413086 34.8798789978027 35.1930084228516 35.4413032531738 35.6314811706543 35.7446746826172 35.7674980163574 35.7569808959961 35.7600860595703 35.7529067993164 35.7517280578613 35.7509689331055 35.7519264221191 35.7740821838379 35.7885208129883 35.7739334106445 35.7746734619141 35.7959136962891 35.8178176879883 35.8343048095703 35.8318786621094 35.8174438476562 35.8032455444336 35.7878112792969 35.7643508911133 35.7350006103516 35.7094573974609 35.691535949707 35.6365966796875 35.5438613891602
-3.4e+38 -3.4e+38 -3.4e+38 -3.4e+38 -3.4e+38 -3.4e+38 45.251148223877 37.0859222412109 31.8848705291748 31.055721282959 32.0529899597168 32.9658126831055 33.6468162536621 34.1943473815918 34.6185150146484 34.8766250610352 35.0996856689453 35.268238067627 35.4490127563477 35.5937576293945 35.6565475463867 35.735164642334 35.808895111084 35.8349723815918 35.8403701782227 35.8314819335938 35.8230934143066 35.8158683776855 35.8083724975586 35.7906532287598 35.7866668701172 35.7960472106934 35.791919708252 35.7800674438477 35.7932434082031 35.807430267334 35.8265533447266 35.8360710144043 35.8393630981445 35.8356246948242 35.8297119140625 35.8252334594727 35.8196067810059 35.8060035705566 35.7884712219238 35.7708511352539 35.7540092468262
-3.4e+38 -3.4e+38 -3.4e+38 -3.4e+38 27.6692066192627 29.1337642669678 34.4552116394043 45.251148223877 34.1217498779297 32.8315124511719 33.5480690002441 34.066276550293 34.5189094543457 34.8537979125977 35.0885047912598 35.2464370727539 35.3534545898438 35.4392700195312 35.5688056945801 35.6516075134277 35.7194938659668 35.7543601989746 35.792724609375 35.8169555664062 35.8323173522949 35.8343467712402 35.8232192993164 35.8078842163086 35.7904014587402 35.7887687683105 35.7934532165527 35.8119354248047 35.8221130371094 35.8285789489746 35.8306503295898 35.8314781188965 35.851749420166 35.8521919250488 35.8424873352051 35.8364868164062 35.8371887207031 35.8443717956543 35.848819732666 35.8511199951172 35.8437843322754 35.8377494812012 35.8324890136719
-3.4e+38 -3.4e+38 -3.4e+38 -3.4e+38 27.3376636505127 28.0007495880127 32.0628776550293 32.5060768127441 33.2178344726562 33.8712882995605 34.2692070007324 34.6587219238281 35.0068206787109 35.2743186950684 35.4737243652344 35.5619087219238 35.6133728027344 35.620849609375 35.6396293640137 35.6478385925293 35.7222290039062 35.8001136779785 35.8378372192383 35.8571662902832 35.8659439086914 35.8624153137207 35.8421592712402 35.818546295166 35.801025390625 35.7999305725098 35.8194427490234 35.836483001709 35.8555870056152 35.873405456543 35.8848457336426 35.8857154846191 35.8986129760742 35.9004287719727 35.9001960754395 35.9312744140625 35.9813117980957 35.9981460571289 35.9996948242188 35.9998474121094 35.9997482299805 35.9913673400879 35.9899978637695
-3.4e+38 -3.4e+38 -3.4e+38 -3.4e+38 -3.4e+38 29.7487144470215 32.2298851013184 33.3296089172363 33.9948196411133 34.368953704834 34.6896667480469 35.084285736084 35.4937400817871 35.7383193969727 35.7992553710938 35.7917709350586 35.8006401062012 35.8534049987793 35.877124786377 35.8937644958496 35.9145240783691 35.9140815734863 35.8935356140137 35.8858489990234 35.884090423584 35.8815956115723 35.8742332458496 35.8655281066895 35.854549407959 35.8346748352051 35.8451652526855 35.837459564209 35.8659820556641 35.9011993408203 35.9264602661133 35.9295959472656 35.9450340270996 35.9685974121094 36.0437545776367 36.1022567749023 36.1119194030762 36.1085090637207 36.1111793518066 36.1116714477539 36.1102752685547 36.1031227111816 36.1037864685059
-3.4e+38 -3.4e+38 -3.4e+38 -3.4e+38 -3.4e+38 31.7345790863037 33.0933113098145 34.0041542053223 34.419506072998 34.7051010131836 35.0398941040039 35.4243354797363 35.6583709716797 35.8009910583496 35.9166641235352 35.9618606567383 35.9486961364746 35.9398193359375 35.9265213012695 35.9092712402344 35.8908233642578 35.8758392333984 35.8656806945801 35.8580703735352 35.8584594726562 35.8522758483887 35.8551483154297 35.8490257263184 35.8487777709961 35.842456817627 35.8561820983887 35.8603935241699 35.8668518066406 35.8997573852539 35.9541091918945 36.001106262207 36.0220794677734 36.0949516296387 36.1254768371582 36.1331558227539 36.1279792785645 36.1341323852539 36.1449737548828 36.1456413269043 36.1469764709473 36.1525611877441 36.1659965515137
-3.4e+38 -3.4e+38 32.2660102844238 32.3961448669434 32.425666809082 32.6357307434082 33.8493347167969 34.3911666870117 34.7115440368652 35.0957908630371 35.5495071411133 35.7886543273926 35.9053916931152 35.9387397766113 35.9446029663086 35.9419593811035 35.9345359802246 35.9223213195801 35.9065322875977 35.8927421569824 35.8904228210449 35.8916931152344 35.8819160461426 35.8760185241699 35.869930267334 35.8576431274414 35.8445205688477 35.8347015380859 35.8363876342773 35.8414344787598 35.8325347900391 35.8480186462402 35.864086151123 35.8903007507324 35.952522277832 36.0153388977051 36.0802536010742 36.1401443481445 36.157413482666 36.14501953125 36.1348152160645 36.149227142334 36.1685791015625 36.1838684082031 36.2071876525879 36.2273178100586 36.2393531799316
-339999999999999996128486808808066248288.000000000000000 -3.4e+38 -3.4e+38 -3.4e+38 32.496753692627 33.2867584228516 34.332950592041 34.7296676635742 35.085765838623 35.5817451477051 35.8277359008789 35.9223861694336 35.9159164428711 35.9309234619141 35.9319381713867 35.9305992126465 35.928279876709 35.9170455932617 35.9043960571289 35.9099769592285 35.9116325378418 35.90673828125 35.902660369873 35.8925476074219 35.8681983947754 35.8497695922852 35.8356513977051 35.8293647766113 35.8354339599609 35.8357124328613 35.8349952697754 35.8369026184082 35.8464965820312 35.8744163513184 35.9384613037109 36.0505065917969 36.1505241394043 36.189525604248 36.1815643310547 36.1537437438965 36.1475944519043 36.1677894592285 36.2029495239258 36.2360649108887 36.2671966552734 36.2822494506836 36.2878265380859
-3.4e+38 -3.4e+38 -3.4e+38 -3.4e+38 32.6751403808594 33.7916145324707 34.6234893798828 34.9340782165527 35.3986778259277 35.7119102478027 35.8936576843262 35.9142799377441 35.9072494506836 35.9157257080078 35.9180564880371 35.9295883178711 35.9250106811523 35.909236907959 35.9045562744141 35.9151420593262 35.9150276184082 35.9110527038574 35.9102973937988 35.8844337463379 35.8459930419922 35.8353805541992 35.8360328674316 35.8262519836426 35.8234519958496 35.8275260925293 35.8354644775391 35.8337783813477 35.8472900390625 35.8510627746582 35.9229278564453 36.1197967529297 36.2183418273926 36.2353324890137 36.2005386352539 36.1603317260742 36.1621742248535 36.1959915161133 36.2387046813965 36.2739791870117 36.3000984191895 36.3051910400391 36.3078346252441
-3.4e+38 -3.4e+38 -3.4e+38 -3.4e+38 33.0307846069336 33.9914855957031 34.7491188049316 35.0555648803711 35.4649047851562 35.7031364440918 35.8984375 35.903392791748 35.8950386047363 35.8961448669434 35.9124298095703 35.9291877746582 35.9212112426758 35.9078063964844 35.9050483703613 35.9114570617676 35.9082412719727 35.9028930664062 35.8838081359863 35.8452339172363 35.8303298950195 35.8414115905762 35.8515930175781 35.8438148498535 35.8321762084961 35.8360939025879 35.8421859741211 35.8415946960449 35.8439826965332 35.8539390563965 35.935977935791 36.159351348877 36.252368927002 36.2649536132812 36.2118873596191 36.1615142822266 36.1864318847656 36.2254486083984 36.2642402648926 36.3001403808594 36.3168601989746 36.3203086853027 36.3181266784668
-3.4e+38 -3.4e+38 -3.4e+38 -3.4e+38 32.9853744506836 34.001823425293 34.7958831787109 35.1096305847168 35.4724159240723 35.7136383056641 35.8937950134277 35.9066543579102 35.8882789611816 35.8795471191406 35.9054145812988 35.924674987793 35.9120826721191 35.9056167602539 35.9111404418945 35.9151840209961 35.9172477722168 35.9038848876953 35.8794975280762 35.8662147521973 35.8784599304199 35.895450592041 35.9022789001465 35.8903999328613 35.8655624389648 35.8606910705566 35.8618850708008 35.8575057983398 35.8474159240723 35.8710403442383 35.9796104431152 36.1888542175293 36.2924652099609 36.2714309692383 36.1947860717773 36.1589813232422 36.2082252502441 36.2479438781738 36.2859802246094 36.3146705627441 36.3220748901367 36.3221740722656 36.3206100463867
-3.4e+38 -3.4e+38 -3.4e+38 -3.4e+38 32.9455909729004 33.8595161437988 34.7609939575195 35.1222076416016 35.4779815673828 35.7282638549805 35.8739166259766 35.9130210876465 35.9002265930176 35.8806762695312 35.8912734985352 35.9188919067383 35.9057922363281 35.8968734741211 35.8977012634277 35.9114456176758 35.9152793884277 35.9144248962402 35.9179191589355 35.9143943786621 35.9043426513672 35.9202766418457 35.9315528869629 35.9293785095215 35.9126777648926 35.8898735046387 35.8792533874512 35.8760719299316 35.8589973449707 35.8779449462891 36.003044128418 36.168327331543 36.2558975219727 36.2354431152344 36.1579895019531 36.1687545776367 36.2333488464355 36.2694091796875 36.3022651672363 36.3190956115723 36.3258590698242 36.323600769043 36.321403503418
-3.4e+38 -3.4e+38 -3.4e+38 -3.4e+38 33.0974769592285 33.836067199707 34.6978454589844 35.1073112487793 35.4450721740723 35.7187309265137 35.8473701477051 35.9112586975098 35.9131469726562 35.8939514160156 35.8840408325195 35.9156723022461 35.9206085205078 35.9070854187012 35.8942718505859 35.8964385986328 35.921012878418 35.9419097900391 35.9382133483887 35.9271278381348 35.9301643371582 35.9346389770508 35.955738067627 35.9619979858398 35.9414901733398 35.9237976074219 35.901798248291 35.8871383666992 35.8759346008301 35.8947868347168 35.9997673034668 36.1298217773438 36.1814651489258 36.1525039672852 36.1242599487305 36.2024459838867 36.2482757568359 36.2873115539551 36.3106651306152 36.3218727111816 36.319953918457 36.3200492858887 36.3162612915039
-3.4e+38 -3.4e+38 -3.4e+38 -3.4e+38 -3.4e+38 33.6517639160156 34.6011085510254 35.063060760498 35.444263458252 35.6820335388184 35.8188285827637 35.900218963623 35.9065132141113 35.8939819335938 35.8793144226074 35.9064559936523 35.9459419250488 35.936164855957 35.9165191650391 35.8919563293457 35.9152984619141 35.9390106201172 35.9520149230957 35.9281883239746 35.9374504089355 35.9461135864258 35.9652900695801 35.9803771972656 35.9579772949219 35.9304504394531 35.9202194213867 35.9065322875977 35.8935813903809 35.9060821533203 35.985954284668 36.0771217346191 36.0976333618164 36.0765113830566 36.1452369689941 36.2264862060547 36.2639694213867 36.2996482849121 36.316707611084 36.3169136047363 36.3154983520508 36.3173179626465 36.3127670288086
-3.4e+38 -3.4e+38 -3.4e+38 -3.4e+38 -3.4e+38 33.2393760681152 34.3333282470703 34.9931793212891 35.3536109924316 35.5499496459961 35.6922149658203 35.8755722045898 35.9058876037598 35.8917198181152 35.881908416748 35.8960342407227 35.9490242004395 35.9585990905762 35.9267845153809 35.886116027832 35.9054756164551 35.9382514953613 35.9521903991699 35.9394454956055 35.9293212890625 35.9452209472656 35.9577865600586 35.9689865112305 35.9608497619629 35.9376449584961 35.9189987182617 35.9138412475586 35.9104957580566 35.9277381896973 35.9660987854004 36.0040016174316 36.0332260131836 36.1012535095215 36.1973419189453 36.245677947998 36.2834434509277 36.3047866821289 36.3137397766113 36.3126602172852 36.3141250610352 36.3144340515137 36.3120651245117
-3.4e+38 -3.4e+38 -3.4e+38 -3.4e+38 -3.4e+38 32.5276908874512 33.9808120727539 34.9347343444824 35.3007164001465 35.5126152038574 35.7248191833496 35.8510437011719 35.8826370239258 35.885326385498 35.881950378418 35.8959655761719 35.9351997375488 35.9456939697266 35.9156379699707 35.8886795043945 35.9109268188477 35.9453811645508 35.9508247375488 35.958812713623 35.9594573974609 35.9557075500488 35.9689712524414 35.9648246765137 35.9484748840332 35.9409027099609 35.9245452880859 35.9128150939941 35.916374206543 35.9516563415527 35.988697052002 36.0276832580566 36.0805358886719 36.1649627685547 36.2314949035645 36.258846282959 36.2926712036133 36.3077774047852 36.3113441467285 36.3091430664062 36.3113059997559 36.3153114318848 36.307731628418
-3.4e+38 -3.4e+38 -3.4e+38 -3.4e+38 -3.4e+38 -3.4e+38 33.5021667480469 34.9300842285156 35.3487663269043 35.6760673522949 35.8460960388184 35.8848075866699 35.881275177002 35.8835411071777 35.8940124511719 35.901538848877 35.9096717834473 35.9035835266113 35.8923377990723 35.8953132629395 35.9216613769531 35.9457817077637 35.9608268737793 35.9763565063477 36.0090217590332 36.0219345092773 36.0038833618164 35.9872550964355 35.9733848571777 35.9581871032715 35.9376754760742 35.9285011291504 35.9485740661621 35.9783401489258 36.0110282897949 36.0540809631348 36.1166152954102 36.2079391479492 36.2416458129883 36.2677383422852 36.2948150634766 36.3043327331543 36.3075141906738 36.3039665222168 36.3078422546387 36.3107070922852 36.3030128479004
-3.4e+38 -3.4e+38 -3.4e+38 -3.4e+38 -3.4e+38 -3.4e+38 33.9292831420898 34.9673004150391 35.4825553894043 35.8157844543457 35.8921737670898 35.8869323730469 35.8730316162109 35.9213104248047 35.9275016784668 35.9141998291016 35.8848457336426 35.8589096069336 35.8513641357422 35.8793525695801 35.9143829345703 35.9395065307617 35.9704055786133 36.000186920166 36.0449295043945 36.0620880126953 36.0635833740234 36.0517997741699 36.0311851501465 36.0075721740723 35.997013092041 35.9860687255859 35.9820861816406 35.9961585998535 36.0311660766602 36.0776290893555 36.154541015625 36.2216758728027 36.2426071166992 36.268196105957 36.2908363342285 36.3032569885254 36.3054580688477 36.3013916015625 36.3011856079102 36.301399230957 36.2944564819336
-3.4e+38 -3.4e+38 -3.4e+38 -3.4e+38 -3.4e+38 -3.4e+38 33.933765411377 35.0939521789551 35.6241149902344 35.868293762207 35.9119453430176 35.9185905456543 35.956413269043 35.9761581420898 35.9479217529297 35.9187316894531 35.8899192810059 35.8657150268555 35.8663902282715 35.8891754150391 35.9038047790527 35.937686920166 35.9725608825684 36.0168609619141 36.0589942932129 36.077220916748 36.0841178894043 36.0809898376465 36.0666809082031 36.0501441955566 36.0418434143066 36.0409317016602 36.0478286743164 36.0577087402344 36.0736694335938 36.1223983764648 36.1965141296387 36.2246971130371 36.2385215759277 36.262508392334 36.2846069335938 36.3006324768066 36.307746887207 36.2994804382324 36.294490814209 36.292652130127 36.2865905761719
-3.4e+38 -3.4e+38 -3.4e+38 -3.4e+38 -3.4e+38 34.0613784790039 34.059513092041 35.1478996276855 35.7213096618652 35.9167289733887 35.9757957458496 35.9881286621094 35.9959449768066 35.9915313720703 35.9580726623535 35.929256439209 35.8990058898926 35.8744659423828 35.8796005249023 35.9165840148926 35.9395561218262 35.9624710083008 35.9816284179688 36.0252075195312 36.0597190856934 36.0784149169922 36.0875015258789 36.080997467041 36.0728530883789 36.0626411437988 36.0586395263672 36.0720176696777 36.0890159606934 36.1048812866211 36.1262245178223 36.1613388061523 36.1955680847168 36.2236747741699 36.2373504638672 36.2599792480469 36.280948638916 36.3008117675781 36.3079833984375 36.3014945983887 36.2934684753418 36.2874946594238 36.2847061157227
-3.4e+38 -3.4e+38 -3.4e+38 -3.4e+38 34.2754020690918 34.2607460021973 34.1908531188965 35.2078590393066 35.8096809387207 35.9595832824707 36.0176544189453 36.0007476806641 36.008472442627 36.0052185058594 35.9920234680176 35.9535217285156 35.9312705993652 35.9095687866211 35.89892578125 35.9353141784668 35.9567375183105 35.9678077697754 35.991886138916 36.0238990783691 36.0504379272461 36.0799369812012 36.078254699707 36.0725708007812 36.0645408630371 36.0693588256836 36.0680503845215 36.0843315124512 36.1016426086426 36.1224937438965 36.1440124511719 36.1636199951172 36.1987915039062 36.2277069091797 36.2409744262695 36.2544441223145 36.2642402648926 36.2960739135742 36.3138427734375 36.3062286376953 36.2950248718262 36.290355682373 36.2873153686523
