Ecospace-environmental-drivers/Outputs/ASCII-for-ecospace/Sal-surf/Sal-surf_X1982_mo08_avg28y.asc
NCOLS 131 
NROWS 53 
XLLCORNER -98 
YLLCORNER 23.9265270233154 
CELLSIZE 0.133587792515755 
NODATA_value -9999 
[rows 21 to 41 of 53, columns 0 to 46 of 131]
-9999 -9999 -9999 -9999 -9999 -9999 35.768803187779 35.0845966339111 33.7380708966936 33.433748449598 34.4570374488831 34.6401076316833 34.7333622659956 34.9199235098703 34.9597018105643 34.9696539470128 34.9658339364188 34.9519679205758 34.9314501626151 34.9265165328979 34.9118447984968 34.9100276402065 34.9116390773228 34.8989492143903 34.8571315492903 34.8177186420986 34.7830629348755 34.7353503363473 34.6806539808001 34.6449049540928 34.6090390341623 34.5608562741961 34.5194410596575 34.4815333230155 34.4271377835955 34.3924672263009 34.356037412371 34.3153247833252 34.2836005347116 34.2590552738735 34.2278931481498 34.2060324805123 34.1835906164987 34.1304991585868 34.0377554212298 33.9501196997506 33.874605519431
-9999 -9999 -9999 -9999 -9999 -9999 36.5438758305141 35.6679810115269 35.0646851403373 34.9162685530526 34.9486208643232 35.0347791399275 35.1193211419242 35.1575878688267 35.1682232448033 35.1583720615932 35.1279809134347 35.1055510384696 35.0899302618844 35.0884008407593 35.0862774167742 35.0834154401507 35.0619908741542 35.0291748046875 34.9817177908761 34.9324836730957 34.8925305775234 34.8532799312047 34.8137009484427 34.7792233058384 34.7471809387207 34.6908516202654 34.641072000776 34.5936267035348 34.5327238355364 34.4801133019584 34.4427736827305 34.4144515991211 34.3896747316633 34.3711494718279 34.3487802233015 34.3238438197545 34.2978709084647 34.2512325559344 34.1791722433908 34.1168057577951 34.0501259395054
-9999 -9999 -9999 -9999 34.1063433374677 34.3966159139361 35.3112498692104 36.5405648095267 35.3305022375924 35.1296982084002 35.1995484488351 35.2598548616682 35.2876558303833 35.2823687962123 35.2653954369681 35.2405790601458 35.2303068978446 35.2306458609445 35.2361929757254 35.230466570173 35.2138978413173 35.2011387688773 35.1704491206578 35.1257907322475 35.0810191290719 35.0283092771258 34.9655260358538 34.9129238128662 34.8653997693743 34.8369958060128 34.809531211853 34.7501147133963 34.6880380085536 34.6399131502424 34.586674281529 34.5444029399327 34.5162285396031 34.4861278533936 34.4730930328369 34.4662023271833 34.4666690826416 34.4618990761893 34.4301723752703 34.3690776824951 34.2925363268171 34.2308491298131 34.181740624564
-9999 -9999 -9999 -9999 34.0754019192287 34.2664853504726 35.1056840079171 35.2334913526263 35.2540080206735 35.3062413079398 35.3452483585903 35.3557553972517 35.3422498703003 35.3132984978812 35.2931840079171 35.2856382642473 35.297022819519 35.3096264430455 35.3014217104231 35.2801128114973 35.2506543568202 35.2263569150652 35.1942096437727 35.1558772495815 35.124103137425 35.0797142301287 35.0323856898717 34.9874794823783 34.9369208472116 34.8776843207223 34.8330170767648 34.78209904262 34.7344556535993 34.6966483252389 34.6396795000349 34.6012287139893 34.585426739284 34.5672889436994 34.5503031866891 34.5487645012992 34.5623585837228 34.5522898265294 34.5234627042498 34.4800969532558 34.4184799194336 34.3609056472778 34.3106064115252
-9999 -9999 -9999 -9999 -9999 34.8088976996286 35.3189611434937 35.3525740759713 35.3931360244751 35.4236694063459 35.4142308916364 35.3859224319458 35.3536551339286 35.3257826396397 35.3074854442051 35.3152506692069 35.3334974561419 35.3407983779907 35.3290853500366 35.2973437990461 35.2549419403076 35.2152847562517 35.1851644515991 35.1654209409441 35.1485839571272 35.1067974908011 35.0649712426322 35.0196967806135 34.9724003928048 34.9088066646031 34.8442212513515 34.7847646985735 34.7529129300799 34.7233903067453 34.6843163626535 34.6596922193255 34.6452218464443 34.625131879534 34.6262130737305 34.6239948272705 34.6164470400129 34.6044236591884 34.5887173243931 34.5774146488735 34.5508486883981 34.4942678724016 34.4210568836757
-9999 -9999 -9999 -9999 -9999 35.523658479963 35.437394959586 35.458972794669 35.483544077192 35.4729121071952 35.4291520799909 35.3873470851353 35.3440232958112 35.3111234392439 35.310717855181 35.3361275536673 35.3584620612008 35.3508924756731 35.3330401011876 35.3058084760393 35.2566344397409 35.2101343699864 35.1741886138916 35.1460849217006 35.1335421970912 35.116203716823 35.0877831322806 35.0438466753278 35.0078998293195 34.955132484436 34.8904886245728 34.8513601848057 34.8079887117658 34.7747919900077 34.7459362574986 34.7214243752616 34.6886392320905 34.6699525288173 34.6599862234933 34.6626456124442 34.6572543552944 34.6489320482527 34.6434752600534 34.6473516736712 34.6265666144235 34.5793322154454 34.5213170732771
-9999 -9999 35.9914970397949 35.9511169706072 35.7437825884138 35.5994969776699 35.515755380903 35.5354506628854 35.5184768949236 35.4870500564575 35.4247283935547 35.3779856818063 35.3400268554688 35.3264871324812 35.3404784883772 35.368601662772 35.3824407032558 35.3565327780587 35.3252506256104 35.2912686211722 35.2564006532942 35.2098231996809 35.166026524135 35.1412819453648 35.1281416756766 35.1163260596139 35.0886072431292 35.0513866969517 35.0276776722499 35.0022734233311 34.9417810440063 34.90383543287 34.8670251028878 34.8353083474295 34.8138647079468 34.7898356573922 34.7482531411307 34.7141275405884 34.6958077294486 34.6989720208304 34.7012646538871 34.7012726919992 34.7089790616717 34.7023645128523 34.6797444479806 34.6506780896868 34.6197780881609
-9999 -9999 -9999 -9999 35.9246559143066 35.6218254906791 35.5806267602103 35.5778600147792 35.5477863039289 35.4879136766706 35.4190335954939 35.3735748018537 35.3508817127773 35.3543506349836 35.3795183726719 35.4118924822126 35.4003793171474 35.3521338871547 35.3067700522287 35.2764227730887 35.2439840861729 35.2117624282837 35.1856738499233 35.1570817402431 35.1361654826573 35.1183057512556 35.0943196160453 35.0619640350342 35.0351486206055 35.016453061785 34.9702397755214 34.925432068961 34.8980282374791 34.876638684954 34.8625526428223 34.8391426631383 34.7997928346906 34.7714884621756 34.7586559568133 34.7535547528948 34.7514647075108 34.754152570452 34.7566754477365 34.7410140718733 34.7289090837751 34.7078402382987 34.6856357029506
-9999 -9999 -9999 -9999 35.8117649895804 35.6414591925485 35.6333862032209 35.5989562443324 35.5614901951381 35.4915655681065 35.4203096117292 35.3725813456944 35.3648207528251 35.3851101739066 35.4294425419399 35.4395681108747 35.392240524292 35.3385118756975 35.291845866612 35.2673055103847 35.2335354941232 35.2199604851859 35.2119309561593 35.1832942962646 35.1571212496076 35.1325845718384 35.1118003300258 35.0828989573887 35.0392521449498 35.0031508037022 34.9617780957903 34.9516000747681 34.9371516363961 34.899940763201 34.8785024370466 34.8652717045375 34.8479007993426 34.8446709769113 34.8413483755929 34.8249442236764 34.8257788249425 34.8220970971244 34.804057257516 34.7821497235979 34.7709608078003 34.7607359204973 34.7411771501814
-9999 -9999 -9999 -9999 35.7800923756191 35.6859633581979 35.667045048305 35.6045803342547 35.5677268164498 35.5180065972464 35.4317032950265 35.3871726989746 35.3991997582572 35.4340114593506 35.4770815713065 35.4481220245361 35.3990422657558 35.345408984593 35.2866900307792 35.261287689209 35.2401872362409 35.2354262215751 35.2284074510847 35.223103250776 35.2065384728568 35.1739155905587 35.1381586619786 35.1036295209612 35.0542960848127 35.0158906664167 34.9926628385271 34.992915562221 34.9677817480905 34.9236305781773 34.9051098142351 34.9066762924194 34.9008012499128 34.9148251669748 34.9168904168265 34.9062410082136 34.9064152581351 34.8792043413435 34.862674849374 34.8410118647984 34.8237017222813 34.8136550358364 34.7927801949637
-9999 -9999 -9999 -9999 36.1160759244646 35.738778250558 35.6989692960467 35.6191105161394 35.5882764543806 35.5609479631696 35.4785312925066 35.4278971808297 35.4363955089024 35.4818481717791 35.4997212546212 35.451705796378 35.4035269873483 35.3525244849069 35.297221320016 35.2718132564 35.2622143881662 35.2667698178972 35.2620915004185 35.2610455921718 35.2491599491664 35.2230813162667 35.1771722521101 35.12232535226 35.072801726205 35.039542061942 35.029890196664 35.0287294387817 34.9997429166521 34.9686283384051 34.9530808585031 34.9495092119489 34.956871168954 34.971798488072 34.9695393698556 34.9693125316075 34.9615998949323 34.9326767240252 34.9124277659825 34.899877003261 34.8797769546509 34.8649785178048 34.8522664478847
-9999 -9999 -9999 -9999 35.9346749441964 35.7536725997925 35.7407384599958 35.6552442823138 35.6214235850743 35.5978719166347 35.5423799242292 35.4832785470145 35.4978303909302 35.5391560963222 35.5196858814784 35.4621707371303 35.4115007945469 35.3627065931048 35.3151720591954 35.2792615890503 35.2805794307164 35.2959446225847 35.3083603722709 35.3080738612584 35.2948105675834 35.2650232315063 35.2113037109375 35.1506214141846 35.1098785400391 35.0852291924613 35.0713714872088 35.0520918709891 35.0256479808262 35.0058879852295 35.0053615570068 35.0128311429705 35.0138808659145 35.0215197971889 35.0174388885498 35.0232919965472 35.0106578554426 34.9876332964216 34.9729435784476 34.9602459498814 34.9489025388445 34.9278593063354 34.9157357897077
-9999 -9999 -9999 -9999 35.9462768009731 35.7657341275896 35.7814272471837 35.7148803983416 35.6567761557443 35.6333788463048 35.5922743933541 35.5598598207746 35.5665461676461 35.5820623125349 35.5439451762608 35.4841165542603 35.4333370753697 35.3875152042934 35.3392726353237 35.3094011034284 35.3148783275059 35.3294300351824 35.3362684249878 35.3273789542062 35.313588823591 35.2814591271537 35.2357061931065 35.1776163918631 35.1500775473458 35.1351668494088 35.1197081974574 35.0939309256417 35.0771651949201 35.0639483588082 35.056558745248 35.0559381757464 35.0530395507812 35.0575509752546 35.054030418396 35.0608584540231 35.067852292742 35.0495362962995 35.0425613948277 35.0397931507656 35.0249839510236 34.9957294464111 34.9719610214233
-9999 -9999 -9999 -9999 -9999 35.7186001368931 35.7915005002703 35.775470324925 35.7029549734933 35.6775045394897 35.6431854793004 35.6422169549125 35.6426113673619 35.623141016279 35.5711077281407 35.5128647940499 35.4672340665545 35.4261872427804 35.3835304805211 35.363826070513 35.3745825631278 35.3669452667236 35.3537769317627 35.3413102286203 35.3178273609706 35.2945887701852 35.2640320914132 35.2233708245414 35.1923122406006 35.1739145006452 35.1564746584211 35.1414838518415 35.1344137191772 35.1169659750802 35.0946850095476 35.0880527496338 35.0843614850725 35.0861112049648 35.0911726270403 35.1025242124285 35.1208235876901 35.1239239828927 35.1135657174247 35.1010934284755 35.0842165265764 35.0514011383057 35.0289516448975
-9999 -9999 -9999 -9999 -9999 32.5835759299142 35.7494344711304 35.819333757673 35.7422662462507 35.7108727863857 35.7034269060407 35.7150952475412 35.7124502999442 35.6834666388375 35.6227216720581 35.5583641869681 35.5200520924159 35.4736501148769 35.4479212079729 35.4231544222151 35.4310716901507 35.4178331920079 35.3955698013306 35.3721618652344 35.3457209723336 35.3322251183646 35.3190110070365 35.2895589556013 35.2470780781337 35.2263795307704 35.2093692507063 35.1960461480277 35.1828154155186 35.1625982012068 35.1426313945225 35.1403116498675 35.1298141479492 35.1288543428694 35.1424604143415 35.159544808524 35.182270186288 35.1899162020002 35.1826207297189 35.1749602726528 35.1499290466309 35.1033194405692 35.0662745067051
-9999 -9999 -9999 -9999 -9999 32.1748002597264 35.7693822043283 35.850118637085 35.7684681756156 35.7426034382411 35.7618011747088 35.7956525257656 35.7860841751099 35.7442001615252 35.6821340833391 35.6198237282889 35.5735346930368 35.5327548980713 35.5029892240252 35.4741540636335 35.4546715872628 35.4511068889073 35.4279351915632 35.4074798311506 35.3922401155744 35.3800464357649 35.3670181546892 35.3472969872611 35.3169125148228 35.2902439662388 35.2718781062535 35.2489745276315 35.2343255451747 35.2233939852033 35.210232598441 35.2023920331682 35.1999974931989 35.2014692851475 35.2122042519706 35.2245167323521 35.2389285223825 35.254090990339 35.25344480787 35.2510283333915 35.2237527029855 35.1796610695975 35.139822278704
-9999 -9999 -9999 -9999 -9999 -9999 35.9153544562204 35.8759110314505 35.7962277276175 35.7779366629464 35.8290522439139 35.89342716762 35.8562769208636 35.7969121932983 35.7354507446289 35.6751116343907 35.6360128947667 35.598904473441 35.557366507394 35.5316456386021 35.5001967293876 35.4783901487078 35.4520026615688 35.4386182512556 35.4433338982718 35.4363726207188 35.4145393371582 35.3941888809204 35.3765427725656 35.3544216156006 35.3310907908848 35.3044290542603 35.2896882465907 35.2731351852417 35.269734110151 35.2732458114624 35.2785252162388 35.2756403514317 35.2734013966152 35.2762760434832 35.2835212435041 35.3042182922363 35.3076316288539 35.3053139277867 35.2898382459368 35.2487854276385 35.2230269568307
-9999 -9999 -9999 -9999 -9999 -9999 35.9759005137852 35.8952572686332 35.8165964399065 35.8180629185268 35.9116896220616 35.9581845147269 35.9187780107771 35.8420098168509 35.7753111975534 35.7262120928083 35.6820511136736 35.648385320391 35.6043841498239 35.582339150565 35.5513836996896 35.5196375165667 35.4982637677874 35.4877624511719 35.4852785382952 35.4708351407732 35.4568891525269 35.4460352488926 35.4312727791922 35.4190055302211 35.386951310294 35.3616328920637 35.3383248192923 35.3285831723894 35.3242928641183 35.332382610866 35.3341632570539 35.3356988089425 35.3324180330549 35.3269705091204 35.3293455668858 35.3397576468331 35.3424415588379 35.343092918396 35.3383146013532 35.3147085734776 35.2961846760341
-9999 -9999 -9999 -9999 -9999 -9999 36.0437431335449 35.898531641279 35.8456860951015 35.887932913644 35.9734039306641 36.0023800986154 35.9833393096924 35.9054044995989 35.8302962439401 35.7856437138149 35.7263058253697 35.6887302398682 35.6496712820871 35.6200241361346 35.600186756679 35.5794944763184 35.5688048771449 35.5476249967303 35.5322547640119 35.5148380824498 35.4976536887033 35.4917545318604 35.4833290917533 35.4691993168422 35.4490886415754 35.4297940390451 35.4150262560163 35.3995813642229 35.3906989778791 35.3925119127546 35.3967225211007 35.3954133987427 35.3991873604911 35.4000219617571 35.3926271711077 35.3880432673863 35.3849612644741 35.3908882141113 35.3839243480137 35.3712291717529 35.3489193235125
-9999 -9999 -9999 -9999 -9999 36.1794575282506 36.0371101924351 35.8979642050607 35.9007502964565 35.9777754374913 36.0355280467442 36.0576883043562 36.0430214745658 35.9801256997245 35.9060524531773 35.8573149272374 35.8023366928101 35.7497445515224 35.7094317844936 35.6732752663749 35.6455915996007 35.6269693374634 35.6153161185128 35.5979151044573 35.5748849596296 35.5607513700213 35.5404344286237 35.5211425508772 35.5065050125122 35.5000042234148 35.5040860857282 35.4842606953212 35.4700847353254 35.4584188461304 35.4560704912458 35.4574294771467 35.4635854448591 35.4567140851702 35.450083732605 35.4482314246041 35.4413187844413 35.4312894003732 35.4222563334874 35.4210461207799 35.4228766305106 35.4127904347011 35.4009184156145
-9999 -9999 -9999 -9999 36.4319152832031 36.2077959605626 35.9778232574463 35.9125885282244 35.9710148402623 36.0590459278652 36.1115211759295 36.1269692012242 36.1075679234096 36.0470330374581 35.987133026123 35.9319181442261 35.8739530018398 35.8076509748186 35.7490963254656 35.6991146632603 35.6665556771415 35.6550025939941 35.6402248655047 35.6349197115217 35.6139486857823 35.5873068400792 35.5671965735299 35.5425137111119 35.525628226144 35.5299235752651 35.5363502502441 35.5243564333235 35.5033660616194 35.4975768498012 35.5008708408901 35.5133913585118 35.5238222394671 35.5235103879656 35.5119955880301 35.5034315926688 35.488324710301 35.4692049026489 35.4638201849801 35.4526679175241 35.4462074552264 35.4404333659581 35.4408458982195
