Ecospace-environmental-drivers/Outputs/ASCII-for-ecospace/Sal-surf/Sal-surf_X2005.06.asc
NCOLS 131 
NROWS 53 
XLLCORNER -98 
YLLCORNER 23.9265270233154 
CELLSIZE 0.133587792515755 
NODATA_value -3.4e+38 
[rows 21 to 41 of 53, columns 0 to 46 of 131]
-3.4e+38 -3.4e+38 -3.4e+38 -3.4e+38 -3.4e+38 -3.4e+38 33.3097381591797 33.0414619445801 32.7296447753906 32.1111145019531 32.5493621826172 32.8743209838867 33.1122283935547 33.3423843383789 33.5443305969238 33.7005958557129 33.8456153869629 33.8862953186035 33.8469123840332 33.7732086181641 33.6903228759766 33.6157989501953 33.5687637329102 33.5397682189941 33.5297088623047 33.550479888916 33.5743446350098 33.5712738037109 33.5272789001465 33.5027656555176 33.4574508666992 33.409839630127 33.3790054321289 33.3896827697754 33.4334259033203 33.4252891540527 33.3998107910156 33.3812675476074 33.3451309204102 33.3284568786621 33.3480224609375 33.3943023681641 33.4251861572266 33.445671081543 33.4483985900879 33.4632377624512 33.4921913146973
-3.4e+38 -3.4e+38 -3.4e+38 -3.4e+38 -3.4e+38 -3.4e+38 33.5494041442871 33.3383483886719 33.0414619445801 33.0363578796387 33.1817970275879 33.3304901123047 33.6150360107422 33.8791542053223 33.9710922241211 33.9186325073242 33.8593139648438 33.8251113891602 33.7538070678711 33.6701698303223 33.6141624450684 33.5653038024902 33.5591506958008 33.560546875 33.548713684082 33.5310249328613 33.5208740234375 33.5295372009277 33.5220489501953 33.5020484924316 33.4344062805176 33.3670768737793 33.3103103637695 33.2896690368652 33.338924407959 33.3383407592773 33.3403205871582 33.3639183044434 33.4254264831543 33.4971733093262 33.5397758483887 33.5590133666992 33.6061515808105 33.6295623779297 33.6208915710449 33.6216125488281 33.6134147644043
-3.4e+38 -3.4e+38 -3.4e+38 -3.4e+38 33.9884414672852 33.7197227478027 33.6645355224609 33.5494041442871 33.4241752624512 33.470157623291 33.6035461425781 33.879508972168 34.0251007080078 33.9578170776367 33.8442306518555 33.7663269042969 33.7269859313965 33.7029647827148 33.7636566162109 33.7974281311035 33.7841911315918 33.7456474304199 33.7572975158691 33.7713928222656 33.7561225891113 33.7411422729492 33.6673851013184 33.5532608032227 33.5126075744629 33.4975090026855 33.443359375 33.3787078857422 33.2972869873047 33.2514533996582 33.2662162780762 33.2770576477051 33.37548828125 33.5603904724121 33.6673851013184 33.7164421081543 33.7442512512207 33.7960586547852 33.8205413818359 33.8436012268066 33.8671798706055 33.8780555725098 33.8602638244629
-3.4e+38 -3.4e+38 -3.4e+38 -3.4e+38 34.2387886047363 34.0068092346191 33.7197227478027 33.7244834899902 33.7030067443848 33.8185997009277 34.0635070800781 34.0606460571289 33.8208045959473 33.6155052185059 33.5729026794434 33.6140937805176 33.6184959411621 33.7474555969238 33.8390655517578 33.7751121520996 33.7658042907715 33.7766914367676 33.7243232727051 33.6884078979492 33.6778945922852 33.729377746582 33.7313957214355 33.7006340026855 33.6101493835449 33.5237426757812 33.4687156677246 33.3933715820312 33.3095664978027 33.2692680358887 33.2970657348633 33.3907928466797 33.5467529296875 33.7237968444824 33.7951889038086 33.8215713500977 33.8756637573242 33.9469375610352 33.9683609008789 33.9472541809082 33.9509963989258 33.946174621582 33.9450416564941
-3.4e+38 -3.4e+38 -3.4e+38 -3.4e+38 -3.4e+38 34.2387886047363 34.0619125366211 33.9286956787109 33.9365196228027 34.1777610778809 34.1421699523926 33.905029296875 33.6476898193359 33.5295791625977 33.5336685180664 33.5133514404297 33.6869468688965 33.8748664855957 33.8497314453125 33.7343406677246 33.7121810913086 33.7339973449707 33.6639022827148 33.6020736694336 33.6417617797852 33.6556739807129 33.6253395080566 33.6191177368164 33.639705657959 33.5862197875977 33.4874496459961 33.413028717041 33.3296852111816 33.3284111022949 33.4532432556152 33.5839729309082 33.6930656433105 33.8337554931641 33.9174156188965 33.9577751159668 33.9967803955078 34.0465278625488 34.0436973571777 34.030574798584 34.0099830627441 34.0178909301758 34.0684356689453
-3.4e+38 -3.4e+38 -3.4e+38 -3.4e+38 -3.4e+38 34.4380187988281 34.1940956115723 34.1014785766602 34.2084770202637 34.2285957336426 34.0427627563477 33.9010162353516 33.7461395263672 33.5921897888184 33.596076965332 33.6514701843262 33.8846778869629 33.9263877868652 33.8499984741211 33.7227973937988 33.7180213928223 33.7107048034668 33.6080741882324 33.5505180358887 33.5826644897461 33.5616302490234 33.5253677368164 33.5470085144043 33.5448837280273 33.5504608154297 33.564582824707 33.4852828979492 33.4181823730469 33.4997291564941 33.646900177002 33.7911338806152 33.9547119140625 34.0673866271973 34.0884056091309 34.0659980773926 34.0705909729004 34.0796737670898 34.1007118225098 34.1460914611816 34.1297836303711 34.1713638305664 34.1619567871094
-3.4e+38 -3.4e+38 35.523681640625 35.4363403320312 34.8897132873535 34.5212326049805 34.3175659179688 34.2738800048828 34.340877532959 34.2227668762207 34.0522727966309 33.8721313476562 33.7572326660156 33.7001800537109 33.6833381652832 33.7975234985352 33.9223213195801 33.8787651062012 33.7311515808105 33.6824264526367 33.6819648742676 33.6340103149414 33.5693092346191 33.582649230957 33.5806617736816 33.5327796936035 33.5669975280762 33.595287322998 33.5503921508789 33.5150032043457 33.5135345458984 33.5597724914551 33.572940826416 33.6999778747559 33.8775672912598 34.0225601196289 34.1362342834473 34.1456871032715 34.1518287658691 34.1204872131348 34.0341415405273 34.0939025878906 34.1985168457031 34.2177085876465 34.2055358886719 34.2228202819824 34.2275047302246
-339999999999999996128486808808066248288.000000000000000 -3.4e+38 -3.4e+38 -3.4e+38 35.3490028381348 34.6166343688965 34.4483909606934 34.412410736084 34.4313926696777 34.1975288391113 33.8862457275391 33.7741432189941 33.7255592346191 33.7032165527344 33.6906661987305 33.7627067565918 33.7886085510254 33.6803665161133 33.6090202331543 33.7428817749023 33.815544128418 33.7453651428223 33.637020111084 33.6722145080566 33.6695327758789 33.6232986450195 33.6281204223633 33.6159820556641 33.5678367614746 33.5404968261719 33.4908294677734 33.6130561828613 33.7103958129883 33.9066009521484 34.0416107177734 34.175651550293 34.2273445129395 34.2140159606934 34.1963844299316 34.0334930419922 34.0203247070312 34.1559257507324 34.2588996887207 34.3395805358887 34.289680480957 34.2873153686523 34.2888336181641
-3.4e+38 -3.4e+38 -3.4e+38 -3.4e+38 35.1695938110352 34.6815910339355 34.5661201477051 34.5346832275391 34.4209823608398 34.2062644958496 33.8728141784668 33.730167388916 33.6432189941406 33.5776672363281 33.5538673400879 33.594123840332 33.5716705322266 33.5029640197754 33.5196762084961 33.7972068786621 33.8751564025879 33.8310546875 33.7369575500488 33.7665596008301 33.7521820068359 33.7083168029785 33.673885345459 33.6319046020508 33.611255645752 33.5855102539062 33.5572853088379 33.7121734619141 33.8674163818359 34.0685157775879 34.2054214477539 34.2936820983887 34.3038749694824 34.3023376464844 34.198616027832 34.0442314147949 34.1208686828613 34.2490348815918 34.2952041625977 34.4065475463867 34.3538627624512 34.3419418334961 34.327220916748
-3.4e+38 -3.4e+38 -3.4e+38 -3.4e+38 35.1189346313477 34.8009948730469 34.6921463012695 34.6288223266602 34.5055274963379 34.3046569824219 33.9554328918457 33.6281547546387 33.5054473876953 33.4649963378906 33.4987525939941 33.5856971740723 33.6552467346191 33.6973648071289 33.7853622436523 33.9300422668457 34.0016021728516 34.0578231811523 33.9465599060059 33.8322486877441 33.7364807128906 33.7268943786621 33.6684494018555 33.6513786315918 33.6646537780762 33.6360130310059 33.6423797607422 33.8565330505371 34.0365676879883 34.2798271179199 34.388671875 34.4011726379395 34.3782730102539 34.377613067627 34.3020057678223 34.222297668457 34.282341003418 34.3152236938477 34.3133010864258 34.4370880126953 34.4208068847656 34.4534683227539 34.4853935241699
-3.4e+38 -3.4e+38 -3.4e+38 -3.4e+38 35.6328811645508 34.9605178833008 34.8000907897949 34.7347297668457 34.5850410461426 34.3787307739258 34.0898857116699 33.7379035949707 33.5439682006836 33.4894523620605 33.6304512023926 33.7427864074707 33.835506439209 33.9404067993164 34.062629699707 34.0634574890137 34.1101531982422 34.2183990478516 34.0648880004883 33.907600402832 33.7128829956055 33.7248840332031 33.661506652832 33.6981735229492 33.697193145752 33.6869277954102 33.809741973877 34.0361480712891 34.3285026550293 34.4986610412598 34.5588417053223 34.5830154418945 34.5457000732422 34.5224533081055 34.4366760253906 34.3408088684082 34.3464698791504 34.3624801635742 34.3561325073242 34.495792388916 34.5456695556641 34.6224746704102 34.651668548584
-3.4e+38 -3.4e+38 -3.4e+38 -3.4e+38 35.4250297546387 35.0619087219238 34.9417877197266 34.8905830383301 34.6910552978516 34.4240379333496 34.1831321716309 33.7959861755371 33.4718933105469 33.69287109375 33.7839393615723 33.9508819580078 34.1028289794922 34.2258682250977 34.2349700927734 34.2076377868652 34.2675895690918 34.3411407470703 34.2509346008301 33.9722442626953 33.7452392578125 33.6965446472168 33.7015762329102 33.7476501464844 33.759407043457 33.8275604248047 34.0456695556641 34.2875213623047 34.5377311706543 34.6037445068359 34.6233062744141 34.6349220275879 34.6308326721191 34.6119537353516 34.5152015686035 34.3848304748535 34.3247909545898 34.3754768371582 34.4315605163574 34.5316314697266 34.6549644470215 34.7084274291992 34.7489013671875
-3.4e+38 -3.4e+38 -3.4e+38 -3.4e+38 35.4065017700195 35.1130561828613 35.0656776428223 35.0064659118652 34.8042373657227 34.5014801025391 34.284854888916 33.8873443603516 33.6699485778809 33.9525909423828 34.1894226074219 34.385425567627 34.4972076416016 34.4215278625488 34.4192657470703 34.4904899597168 34.5550804138184 34.476001739502 34.3640747070312 34.0891647338867 33.8077507019043 33.7184257507324 33.7840118408203 33.8296508789062 33.854248046875 33.9770278930664 34.2065277099609 34.3802108764648 34.5775451660156 34.6992950439453 34.7047805786133 34.6730194091797 34.6441535949707 34.6523628234863 34.5894241333008 34.4265365600586 34.3180122375488 34.3517112731934 34.4424858093262 34.5599632263184 34.7012710571289 34.7447509765625 34.8027954101562
-3.4e+38 -3.4e+38 -3.4e+38 -3.4e+38 -3.4e+38 34.975212097168 35.1019248962402 35.1158142089844 34.930850982666 34.6311721801758 34.3318557739258 34.1553840637207 34.2403755187988 34.5810203552246 34.754093170166 34.8170280456543 34.7711181640625 34.7605018615723 34.7349433898926 34.6433868408203 34.5591888427734 34.480640411377 34.4696731567383 34.2696342468262 33.8329048156738 33.7540473937988 33.8403854370117 33.8815307617188 33.9195365905762 34.1001434326172 34.2807807922363 34.3874435424805 34.557315826416 34.752685546875 34.8078994750977 34.7535057067871 34.6856651306152 34.6691513061523 34.65478515625 34.4906158447266 34.3616943359375 34.3891067504883 34.5148849487305 34.6243476867676 34.7466278076172 34.8376197814941 34.928524017334
-3.4e+38 -3.4e+38 -3.4e+38 -3.4e+38 -3.4e+38 27.5247821807861 35.0328216552734 35.1749458312988 34.9985504150391 34.7944869995117 34.4691619873047 34.4498481750488 34.7891426086426 35.0317420959473 35.1327247619629 35.123291015625 35.1035270690918 34.8768692016602 34.6424369812012 34.4911117553711 34.4440994262695 34.4932670593262 34.5212631225586 34.3975257873535 33.9223213195801 33.8154907226562 33.8701171875 33.9322891235352 33.9641990661621 34.2217407226562 34.3482246398926 34.4042701721191 34.5819473266602 34.7745323181152 34.8794822692871 34.8602638244629 34.8229064941406 34.760498046875 34.7798614501953 34.6637077331543 34.468433380127 34.495735168457 34.5868911743164 34.7169723510742 34.8217430114746 34.926082611084 34.9922142028809
-3.4e+38 -3.4e+38 -3.4e+38 -3.4e+38 -3.4e+38 27.3977527618408 35.0630989074707 35.1589889526367 34.9814071655273 34.8173408508301 34.5638618469238 34.9302673339844 35.2993774414062 35.4191398620605 35.3795890808105 35.2206878662109 34.959041595459 34.646728515625 34.4648818969727 34.4158668518066 34.4035224914551 34.423397064209 34.4639930725098 34.4211235046387 34.0446929931641 33.8951263427734 33.9001731872559 33.9709968566895 34.0291290283203 34.3086433410645 34.428092956543 34.4266052246094 34.6285781860352 34.8170547485352 34.9415473937988 34.9267044067383 34.9313049316406 34.9074478149414 34.9117774963379 34.92333984375 34.8164215087891 34.7428665161133 34.7458763122559 34.8174781799316 34.8986549377441 34.968189239502 35.0338935852051
-3.4e+38 -3.4e+38 -3.4e+38 -3.4e+38 -3.4e+38 -3.4e+38 35.3390197753906 35.117015838623 34.8963203430176 34.7810134887695 34.9460029602051 35.3242530822754 35.5761604309082 35.5291519165039 35.3122940063477 35.1065101623535 34.7546463012695 34.4205436706543 34.3309936523438 34.339714050293 34.3611030578613 34.3893089294434 34.3849487304688 34.3698234558105 34.1648712158203 34.0028228759766 33.9706840515137 33.9842491149902 34.0427360534668 34.2736549377441 34.4139442443848 34.4748840332031 34.6940879821777 34.9224510192871 35.0234985351562 35.0166358947754 35.0107307434082 35.0050888061523 35.0037994384766 35.0925712585449 35.1810722351074 35.1821060180664 35.1568946838379 35.1432151794434 35.1344947814941 35.1141395568848 35.1283416748047
-3.4e+38 -3.4e+38 -3.4e+38 -3.4e+38 -3.4e+38 -3.4e+38 35.3828277587891 35.0943641662598 34.8726654052734 34.9401969909668 35.3422470092773 35.6336784362793 35.698371887207 35.4494895935059 35.2078819274902 34.9272384643555 34.5383186340332 34.3054428100586 34.3186187744141 34.3238525390625 34.3307800292969 34.3768882751465 34.3797798156738 34.3342781066895 34.1941947937012 34.0893630981445 34.0830993652344 34.0023193359375 34.0351333618164 34.2158737182617 34.3834419250488 34.5079040527344 34.7499694824219 35.0724411010742 35.1158714294434 35.1151466369629 35.1117057800293 35.1028137207031 35.0305938720703 35.0086555480957 35.0589370727539 35.1495513916016 35.2707786560059 35.355842590332 35.383472442627 35.3530616760254 35.2961006164551
-3.4e+38 -3.4e+38 -3.4e+38 -3.4e+38 -3.4e+38 -3.4e+38 35.4340286254883 35.0551795959473 34.9467849731445 35.2612991333008 35.5984764099121 35.8201789855957 35.62451171875 35.3704528808594 35.0820350646973 34.7574272155762 34.4200630187988 34.3773307800293 34.4453086853027 34.4688339233398 34.4692840576172 34.4180755615234 34.4333457946777 34.4157638549805 34.2372207641602 34.086181640625 34.2159309387207 34.0970687866211 34.0742111206055 34.2314033508301 34.4141006469727 34.5738754272461 34.8329544067383 35.1856803894043 35.1769256591797 35.135612487793 35.1321334838867 35.1581840515137 35.1168327331543 35.0585060119629 35.0643501281738 35.0676918029785 35.0661506652832 35.1423873901367 35.3312492370605 35.4044952392578 35.3689346313477
-3.4e+38 -3.4e+38 -3.4e+38 -3.4e+38 -3.4e+38 35.682788848877 35.3479118347168 35.0488090515137 35.1677665710449 35.5095367431641 35.8440589904785 35.817195892334 35.5135231018066 35.2480659484863 34.9761238098145 34.6424789428711 34.4365119934082 34.5245132446289 34.5151100158691 34.5390663146973 34.4669380187988 34.3833923339844 34.382568359375 34.4310188293457 34.3488922119141 34.1547470092773 34.2934913635254 34.2668609619141 34.1466026306152 34.2571220397949 34.454475402832 34.658203125 34.9274063110352 35.2442893981934 35.2262077331543 35.1822357177734 35.1421546936035 35.179557800293 35.1565780639648 35.1084480285645 35.096508026123 35.0902328491211 35.0979270935059 35.1353950500488 35.2859153747559 35.357364654541 35.3449554443359
-3.4e+38 -3.4e+38 -3.4e+38 -3.4e+38 36.1740913391113 35.7062530517578 35.2371406555176 35.1380577087402 35.4249114990234 35.7324905395508 35.9189338684082 35.7300186157227 35.4479866027832 35.1522827148438 34.8960647583008 34.5843734741211 34.5464057922363 34.6159019470215 34.5767593383789 34.5204925537109 34.5042152404785 34.4304962158203 34.423038482666 34.4082145690918 34.3857765197754 34.3761596679688 34.354248046875 34.3425750732422 34.2657127380371 34.3062362670898 34.4949645996094 34.7466011047363 34.9902496337891 35.2552642822266 35.2730598449707 35.2281074523926 35.1492729187012 35.1647109985352 35.2084808349609 35.179069519043 35.1471061706543 35.12939453125 35.1550140380859 35.2244186401367 35.3388023376465 35.3893280029297 35.417781829834
