Ecospace-environmental-drivers/Outputs/ASCII-for-ecospace/Sal-surf/Sal-surf_X1995.04.asc
NCOLS 131 
NROWS 53 
XLLCORNER -98 
YLLCORNER 23.9265270233154 
CELLSIZE 0.133587792515755 
NODATA_value -3.4e+38 
[rows 21 to 41 of 53, columns 47 to 93 of 131]
34.9212875366211 34.8973197937012 34.9547271728516 34.986946105957 34.9912185668945 35.0015869140625 35.0288276672363 35.0767250061035 35.1405830383301 35.1886558532715 35.266471862793 35.320384979248 35.3137969970703 35.2999153137207 35.3279304504395 35.4421005249023 35.6415367126465 35.7772598266602 35.8347930908203 35.878303527832 35.9151039123535 35.9321479797363 35.9255523681641 35.9028282165527 35.8632583618164 35.7815780639648 35.5689392089844 35.2345199584961 35.1942291259766 35.2695388793945 35.2465133666992 35.1984710693359 35.1226806640625 34.9424819946289 34.8733406066895 34.8930206298828 34.9471321105957 35.0560073852539 35.3364219665527 35.5788497924805 35.6776580810547 35.7830696105957 35.8117065429688 35.6805152893066 35.5259323120117 35.500114440918 35.569709777832
34.7695388793945 34.8513221740723 35.0030250549316 35.0443496704102 35.0555458068848 35.0813179016113 35.1302528381348 35.192211151123 35.2661743164062 35.3522796630859 35.416374206543 35.4380340576172 35.3983497619629 35.3742446899414 35.4155006408691 35.6255111694336 35.8463172912598 35.9222946166992 35.9553527832031 35.9674644470215 35.9680137634277 35.9634628295898 35.9521179199219 35.9215431213379 35.8835487365723 35.8569145202637 35.7908096313477 35.4756317138672 35.2979507446289 35.2884941101074 35.278636932373 35.2583122253418 35.2001342773438 35.1445236206055 34.9999847412109 34.9522705078125 35.0003089904785 35.0986862182617 35.3695602416992 35.5793342590332 35.7200813293457 35.8637542724609 35.8422966003418 35.7129707336426 35.5739860534668 35.553108215332 35.5848083496094
34.7419471740723 34.8814430236816 34.9980621337891 35.0436477661133 35.097599029541 35.178653717041 35.2803611755371 35.365177154541 35.4190368652344 35.4765167236328 35.5221939086914 35.521656036377 35.4682388305664 35.4928016662598 35.5827941894531 35.827018737793 35.9709968566895 35.9841995239258 35.9863662719727 35.9811820983887 35.9810104370117 35.9770011901855 35.9704322814941 35.9595947265625 35.9091567993164 35.8574028015137 35.820068359375 35.6476707458496 35.4272308349609 35.3788299560547 35.3607521057129 35.3334159851074 35.280647277832 35.2214889526367 35.2240219116211 35.1389846801758 35.131649017334 35.1525268554688 35.3490676879883 35.5535469055176 35.7042388916016 35.8357276916504 35.8283348083496 35.7461929321289 35.6581649780273 35.6074409484863 35.6276702880859
34.8074684143066 34.8892860412598 34.8895149230957 34.9730453491211 35.1141166687012 35.2393646240234 35.3575134277344 35.4419441223145 35.4977836608887 35.5569000244141 35.593132019043 35.5698738098145 35.570484161377 35.6085815429688 35.7479209899902 35.9495658874512 35.9970817565918 35.9851303100586 35.9806289672852 35.9805641174316 35.9897003173828 35.9940910339355 35.9904747009277 35.9881553649902 35.953010559082 35.8948097229004 35.8386497497559 35.7372589111328 35.5113639831543 35.4552803039551 35.5050201416016 35.4697113037109 35.4343032836914 35.3162460327148 35.2911682128906 35.2698211669922 35.242431640625 35.2187423706055 35.3187789916992 35.5033531188965 35.7093048095703 35.8441467285156 35.8353996276855 35.7957649230957 35.7611999511719 35.7250518798828 35.7596626281738
34.930908203125 34.9245262145996 34.9433708190918 34.9692420959473 35.1078567504883 35.2720108032227 35.3409042358398 35.4189834594727 35.5281791687012 35.6131248474121 35.6311454772949 35.6249618530273 35.6699333190918 35.7260627746582 35.8892784118652 35.9873008728027 35.9911613464355 35.9810409545898 35.9860992431641 35.9934463500977 35.9950561523438 35.9983520507812 36.0061111450195 36.0088233947754 35.9865798950195 35.9397201538086 35.8801422119141 35.7855224609375 35.5990409851074 35.5285415649414 35.5895805358887 35.6016693115234 35.5554466247559 35.468807220459 35.3632736206055 35.3080711364746 35.3284339904785 35.3238525390625 35.3508834838867 35.4725952148438 35.6952934265137 35.8834991455078 35.8989791870117 35.8782043457031 35.8507804870605 35.8644561767578 35.9085235595703
35.0939102172852 35.0184326171875 35.038330078125 35.0571327209473 35.1220550537109 35.2663841247559 35.319507598877 35.3830261230469 35.4977607727051 35.6126823425293 35.6492919921875 35.7241859436035 35.7575645446777 35.8254890441895 35.9465789794922 35.9855537414551 35.9800415039062 35.978687286377 35.9893989562988 35.9886856079102 35.9866409301758 35.9860153198242 35.9903221130371 35.9998931884766 35.9970817565918 35.9630546569824 35.9130859375 35.8230628967285 35.6365623474121 35.5614395141602 35.6436729431152 35.6773262023926 35.6585845947266 35.5759773254395 35.4880409240723 35.404613494873 35.3934783935547 35.4129371643066 35.4229545593262 35.4660797119141 35.6462173461914 35.8838157653809 36.0023727416992 36.0049133300781 36.0001182556152 36.0154228210449 36.0173492431641
35.1983680725098 35.1553840637207 35.1543312072754 35.1594085693359 35.1787147521973 35.2729415893555 35.352855682373 35.4060516357422 35.5355606079102 35.6450576782227 35.7079811096191 35.7690505981445 35.8258819580078 35.8985061645508 35.9648666381836 35.9741287231445 35.977954864502 35.9783897399902 35.9832649230957 35.9827995300293 35.9780006408691 35.9734954833984 35.9696922302246 35.9638748168945 35.9719200134277 35.9557609558105 35.9190292358398 35.8247146606445 35.6373252868652 35.5769424438477 35.6385040283203 35.7132987976074 35.7456550598145 35.6728858947754 35.5979804992676 35.5197639465332 35.4735069274902 35.5048141479492 35.4636154174805 35.4742813110352 35.6165428161621 35.8069763183594 36.0071983337402 36.0647811889648 36.0663261413574 36.0651779174805 36.0524520874023
35.2096366882324 35.2174530029297 35.2206039428711 35.2146987915039 35.2146911621094 35.2460708618164 35.2999839782715 35.3822708129883 35.5614128112793 35.6546821594238 35.718433380127 35.8120613098145 35.9013710021973 35.9466209411621 35.9736328125 35.9656410217285 35.974292755127 35.972469329834 35.9857749938965 35.9870491027832 35.9821281433105 35.9725608825684 35.9615211486816 35.9543685913086 35.9649391174316 35.9480094909668 35.9123649597168 35.7961540222168 35.6311683654785 35.6004943847656 35.6678428649902 35.7503814697266 35.7819747924805 35.7495498657227 35.6784400939941 35.613712310791 35.5606956481934 35.5471839904785 35.474781036377 35.4953346252441 35.6225738525391 35.7775192260742 35.9751510620117 36.0445098876953 36.0452308654785 36.0426025390625 36.0349960327148
35.3069190979004 35.2744522094727 35.2616882324219 35.2668266296387 35.279239654541 35.2877655029297 35.3581237792969 35.5235328674316 35.630256652832 35.705810546875 35.755729675293 35.8460159301758 35.9548416137695 35.9780693054199 35.9713745117188 35.9702491760254 35.974063873291 35.9710693359375 35.9893264770508 35.9914016723633 35.9921836853027 35.9908027648926 35.9810485839844 35.9771118164062 35.9681549072266 35.9456558227539 35.8793601989746 35.7476692199707 35.6280212402344 35.6106834411621 35.7054862976074 35.7740135192871 35.8144493103027 35.7898902893066 35.7303161621094 35.685375213623 35.6576042175293 35.5475463867188 35.500789642334 35.5517997741699 35.6674194335938 35.8576736450195 35.9880523681641 36.0125465393066 36.0088348388672 36.0177574157715 36.0312385559082
35.4178924560547 35.3990020751953 35.3660163879395 35.365665435791 35.4053077697754 35.4261703491211 35.4906044006348 35.5937919616699 35.6687278747559 35.7414436340332 35.7825202941895 35.8542251586914 35.9604301452637 35.9960098266602 35.984001159668 35.9802360534668 35.9841728210449 35.966121673584 35.9772529602051 35.9903755187988 35.9923210144043 35.9943389892578 35.9915351867676 35.9843826293945 35.9713020324707 35.936164855957 35.8184547424316 35.7139320373535 35.6222610473633 35.6507415771484 35.7500534057617 35.7869720458984 35.8212852478027 35.8182640075684 35.8077621459961 35.779426574707 35.6702041625977 35.5900497436523 35.6106491088867 35.668830871582 35.764087677002 35.9074745178223 36.0098876953125 36.026008605957 36.0040893554688 36.0041007995605 36.0377159118652
35.3815078735352 35.3976402282715 35.4171409606934 35.4273071289062 35.4407386779785 35.4917945861816 35.524055480957 35.5865058898926 35.6827049255371 35.7614593505859 35.7909507751465 35.8444633483887 35.9530639648438 36.0005912780762 35.996768951416 35.9809112548828 35.9828567504883 35.9657707214355 35.9637718200684 35.9803886413574 35.9855422973633 35.9872055053711 35.9881591796875 35.9758911132812 35.9504928588867 35.8730049133301 35.7758903503418 35.6909255981445 35.6297874450684 35.7314262390137 35.7968673706055 35.8289604187012 35.8882217407227 35.8836135864258 35.8233222961426 35.7614593505859 35.7395553588867 35.7460632324219 35.7796478271484 35.8510284423828 35.9241256713867 35.9962844848633 36.0166015625 36.0234565734863 36.0335350036621 36.0392417907715 36.0639915466309
35.2270545959473 35.2731132507324 35.3215560913086 35.3407135009766 35.3615417480469 35.4160461425781 35.4628028869629 35.5393524169922 35.6772880554199 35.7816543579102 35.8188629150391 35.8485145568848 35.9491920471191 35.9927062988281 35.9982528686523 35.9803237915039 35.960563659668 35.9741630554199 35.9681510925293 35.970142364502 35.9745445251465 35.9746856689453 35.9678192138672 35.9483833312988 35.8900566101074 35.8123664855957 35.7497482299805 35.6740760803223 35.6849060058594 35.8052864074707 35.8448371887207 35.9235916137695 35.8815155029297 35.8049011230469 35.8147163391113 35.8545722961426 35.8914794921875 35.9727172851562 36.0335731506348 36.0406532287598 36.0324363708496 36.0308494567871 36.0431213378906 36.0497360229492 36.0674095153809 36.0855484008789 36.1126976013184
35.1719436645508 35.2050704956055 35.2460174560547 35.2894325256348 35.3405570983887 35.3732223510742 35.410099029541 35.4863929748535 35.6374702453613 35.7817993164062 35.8539619445801 35.8564910888672 35.9489364624023 35.9783401489258 35.9738845825195 35.9748268127441 35.9611968994141 35.9378852844238 35.9482574462891 35.9531784057617 35.9506187438965 35.9387016296387 35.9172401428223 35.8781585693359 35.8308219909668 35.7813148498535 35.7124328613281 35.689826965332 35.7821350097656 35.8696250915527 35.904125213623 35.8646850585938 35.853630065918 35.8787117004395 35.9280433654785 36.0056457519531 36.0676689147949 36.0892601013184 36.0911445617676 36.0801544189453 36.0774612426758 36.0627479553223 36.0759582519531 36.088451385498 36.0923233032227 36.1053009033203 36.1198654174805
35.1296463012695 35.149528503418 35.2059211730957 35.2580833435059 35.3064384460449 35.3487358093262 35.3908271789551 35.4516143798828 35.5737495422363 35.7389717102051 35.8582572937012 35.8966407775879 35.9659042358398 35.9830780029297 35.9626502990723 35.9380416870117 35.9449157714844 35.9303283691406 35.9125099182129 35.9121856689453 35.9142456054688 35.905158996582 35.8792953491211 35.8410873413086 35.7999153137207 35.7510833740234 35.7342109680176 35.8063163757324 35.8862686157227 35.8958740234375 35.8702659606934 35.9006614685059 35.9515228271484 36.0194778442383 36.0725860595703 36.086856842041 36.0969047546387 36.103084564209 36.1054306030273 36.1010818481445 36.1075096130371 36.0972709655762 36.1013069152832 36.1143798828125 36.1104698181152 36.1281929016113 36.139347076416
35.1109924316406 35.1188354492188 35.1661071777344 35.2048492431641 35.247631072998 35.3008270263672 35.3627166748047 35.4200286865234 35.5115165710449 35.6754608154297 35.8256797790527 35.90478515625 35.9873237609863 36.0105209350586 35.9913902282715 35.9502067565918 35.9316215515137 35.9182510375977 35.8979339599609 35.8713035583496 35.8530807495117 35.8373184204102 35.8176727294922 35.7946243286133 35.7842636108398 35.7946128845215 35.8508529663086 35.8961219787598 35.9137115478516 35.9535140991211 36.0094985961914 36.0573463439941 36.0737190246582 36.0772094726562 36.082592010498 36.0964736938477 36.1133270263672 36.1218376159668 36.1278762817383 36.1312255859375 36.136058807373 36.1271858215332 36.121280670166 36.1193313598633 36.1200981140137 36.1278915405273 36.1523399353027
35.109748840332 35.1295318603516 35.1750259399414 35.2329406738281 35.290210723877 35.3326225280762 35.3683815002441 35.4086494445801 35.4659881591797 35.5950088500977 35.7658195495605 35.8992195129395 35.9744262695312 36.0016860961914 35.9982566833496 35.9841346740723 35.9815864562988 35.9736061096191 35.9579429626465 35.9418296813965 35.9217987060547 35.9092140197754 35.9093055725098 35.9184188842773 35.9389801025391 35.9709968566895 36.0020751953125 36.0356216430664 36.0682258605957 36.0879516601562 36.092414855957 36.0863494873047 36.0834083557129 36.0888977050781 36.095775604248 36.1119995117188 36.1258201599121 36.1357612609863 36.142219543457 36.141227722168 36.1353073120117 36.1297836303711 36.1214942932129 36.1138725280762 36.1183433532715 36.1233139038086 36.1433486938477
35.1189041137695 35.1524276733398 35.2240333557129 35.3082580566406 35.374454498291 35.4118156433105 35.4265480041504 35.4396133422852 35.4676399230957 35.5225677490234 35.6842994689941 35.8751258850098 35.9707527160645 35.9972076416016 35.9851951599121 35.9763984680176 35.9792366027832 36.006420135498 36.0162582397461 36.0196304321289 36.0162734985352 36.0117874145508 36.0091934204102 36.025016784668 36.0495300292969 36.068675994873 36.0805244445801 36.0842666625977 36.0782623291016 36.0750389099121 36.0796279907227 36.0869331359863 36.0883102416992 36.0946311950684 36.1013069152832 36.1181488037109 36.1376686096191 36.1487808227539 36.1521263122559 36.146541595459 36.134407043457 36.1179313659668 36.1061820983887 36.1051635742188 36.1119346618652 36.1268501281738 36.1375579833984
35.1617698669434 35.2374992370605 35.3409271240234 35.4037399291992 35.4475746154785 35.4672012329102 35.4778099060059 35.4836006164551 35.5004119873047 35.5047492980957 35.5957641601562 35.8058395385742 35.9388275146484 35.9704742431641 35.9446067810059 35.9489936828613 35.9640083312988 35.9783744812012 36.0053329467773 36.0318717956543 36.0364952087402 36.0336532592773 36.0170249938965 36.0217895507812 36.0455360412598 36.0643081665039 36.0765953063965 36.0777282714844 36.0727920532227 36.0652809143066 36.0834121704102 36.104190826416 36.1072731018066 36.1116714477539 36.1126136779785 36.134693145752 36.1421661376953 36.1502876281738 36.1519966125488 36.1423683166504 36.1248970031738 36.1120986938477 36.1138038635254 36.1161308288574 36.1238136291504 36.1351203918457 36.1367225646973
35.3279266357422 35.4115753173828 35.4673957824707 35.4988250732422 35.5103378295898 35.5133247375488 35.5181846618652 35.5227127075195 35.5299377441406 35.5413055419922 35.558406829834 35.7302551269531 35.8729019165039 35.9184455871582 35.9199600219727 35.9244499206543 35.9357757568359 35.9340705871582 35.9502830505371 35.9809646606445 35.9986457824707 35.9922027587891 35.956241607666 35.9398765563965 35.9680137634277 36.0099792480469 36.0410423278809 36.058780670166 36.0647087097168 36.064769744873 36.093074798584 36.1207504272461 36.1172370910645 36.1257705688477 36.1369667053223 36.1534843444824 36.1529693603516 36.1512413024902 36.1442642211914 36.1278686523438 36.1206665039062 36.1218223571777 36.1275863647461 36.1316757202148 36.1407814025879 36.1441345214844 36.139030456543
35.471076965332 35.526008605957 35.5647506713867 35.5785789489746 35.5756530761719 35.5678329467773 35.5514984130859 35.5446968078613 35.556468963623 35.582462310791 35.5898399353027 35.6646614074707 35.8062744140625 35.881721496582 35.8990707397461 35.8873519897461 35.8631477355957 35.8778800964355 35.8998794555664 35.9205780029297 35.9380683898926 35.9505996704102 35.914478302002 35.9093856811523 35.9506187438965 35.9935684204102 36.0275955200195 36.0543060302734 36.0653305053711 36.0810928344727 36.1064376831055 36.1291732788086 36.122802734375 36.133243560791 36.1540565490723 36.1574783325195 36.1577758789062 36.1538925170898 36.1347465515137 36.1200332641602 36.1236724853516 36.1281127929688 36.1386451721191 36.1463470458984 36.1546096801758 36.1481094360352 36.1509552001953
35.5965728759766 35.6223335266113 35.6337394714355 35.6313209533691 35.6235733032227 35.6136665344238 35.588493347168 35.5721588134766 35.5825233459473 35.6183090209961 35.6260833740234 35.6535377502441 35.760440826416 35.8550682067871 35.8859481811523 35.8875427246094 35.8848190307617 35.8912582397461 35.8910751342773 35.9022483825684 35.9135589599609 35.8900527954102 35.8889465332031 35.9139213562012 35.9674377441406 35.9941368103027 36.040153503418 36.0631790161133 36.0703506469727 36.0828475952148 36.1042823791504 36.1122550964355 36.1132507324219 36.1427841186523 36.161304473877 36.1596527099609 36.1590423583984 36.1493911743164 36.1265830993652 36.1244201660156 36.1341438293457 36.142650604248 36.1488609313965 36.1504821777344 36.1592216491699 36.152473449707 36.1515884399414
