Ecospace-environmental-drivers/Outputs/ASCII-for-ecospace/Sal-surf/Sal-surf_X1991_mo12_avg27y.asc
NCOLS 131 
NROWS 53 
XLLCORNER -98 
YLLCORNER 23.9265270233154 
CELLSIZE 0.133587792515755 
NODATA_value -9999 
[rows 21 to 41 of 53, columns 0 to 46 of 131]
-9999 -9999 -9999 -9999 -9999 -9999 32.5767978385643 31.8835543879756 30.5808029174805 29.7706341920076 31.6008504938196 32.3445670516403 32.9619625232838 33.5404663792363 33.9031201115361 34.1627335725007 34.3705522042734 34.571903652615 34.7840217307762 34.9852032131619 35.1375654715079 35.2515716552734 35.3278311270255 35.3673403704608 35.3882128397624 35.4069264729818 35.4370795355903 35.4777792471426 35.5231570491084 35.5714847423412 35.6115489535862 35.6302137021665 35.6409266436542 35.6526699772588 35.6601325141059 35.6756399649161 35.6903526871293 35.6905569853606 35.6847315187807 35.6806475321452 35.6908990365488 35.6991546065719 35.7060373094347 35.7147654780635 35.7249151159216 35.731830879494 35.7336335358796
-9999 -9999 -9999 -9999 -9999 -9999 33.254012355098 32.5911753619159 31.8802514252839 32.1502965997767 32.8092539751971 33.3847427368164 33.9007047017415 34.2974655716508 34.5704030637388 34.7482795715332 34.8713234795464 34.9911809850622 35.128961775038 35.2660297817654 35.3894709834346 35.491348973027 35.5567457411024 35.5824374446162 35.5882230688024 35.582017827917 35.5905970820674 35.618413289388 35.6435052377206 35.6618412159107 35.684381696913 35.7054769727919 35.723983058223 35.7445370709455 35.7552247224031 35.7652391504358 35.7726505420826 35.7768411989565 35.7745528044524 35.7744707178187 35.7782601250543 35.7809390315303 35.7850108676487 35.7912548206471 35.7962109601056 35.7979350619846 35.8006799485948
-9999 -9999 -9999 -9999 31.8562646795202 31.9374487135145 32.4868676220929 33.2544848124186 32.6260258709943 33.0569557613797 33.6662462728995 34.1898922390408 34.6175736321343 34.9402080112033 35.1388593603063 35.2292214852792 35.2682942990903 35.3176944873951 35.3981374104818 35.5031601234719 35.5951600251374 35.6621069731536 35.7054077431008 35.7218478167499 35.724883891918 35.71898566352 35.7139886926722 35.7176619635688 35.7223283273202 35.7329015378599 35.7485231470179 35.7626520792643 35.7782570167824 35.7872804712366 35.792407989502 35.7988997565375 35.8073062190303 35.8145749127423 35.8199166191949 35.8207808600532 35.8243218881113 35.8286086188422 35.8327882554796 35.8365876939562 35.8391176859538 35.8386258725767 35.8411475287543
-9999 -9999 -9999 -9999 31.8657507719817 31.9520663508662 32.2654385036892 32.531555528994 33.1639770931668 33.7975213792589 34.3399186310945 34.7934961672182 35.1737552218967 35.408361364294 35.543719680221 35.5959547537344 35.6102908099139 35.6382904052734 35.6839822839808 35.7368116025571 35.7754753960503 35.8029563338668 35.8182220458984 35.8223037719727 35.8186300772208 35.8129232901114 35.8074011626067 35.8012275695801 35.7978240119086 35.8007972152145 35.8032634876392 35.8054365935149 35.8129567746763 35.8195570486563 35.8198896337438 35.8253356085883 35.8335517600731 35.8449103743942 35.8538164209437 35.860705199065 35.8684477629485 35.8699063901548 35.8664526762786 35.866647084554 35.8715493943956 35.8752883628563 35.8791609870063
-9999 -9999 -9999 -9999 -9999 32.1681147681342 32.5247662862142 33.1186989678277 33.781739976671 34.3822243301957 34.8613866170247 35.2564842789261 35.5379127219871 35.6777196813513 35.7514738859954 35.7817658318414 35.7981077123571 35.8182180899161 35.8320418463813 35.8438765914352 35.8526211491338 35.8579492922182 35.8619988052933 35.8673186125579 35.8638421517831 35.8619924474646 35.860787709554 35.8571113303856 35.856598465531 35.8575572261104 35.8569382561578 35.8555156566479 35.854241265191 35.8540205778899 35.8480529785156 35.849969651964 35.8629644888419 35.8783209058974 35.8880267673069 35.89516265304 35.8998490792734 35.897307643184 35.8944323504413 35.8956822995786 35.8984521936487 35.9018361126935 35.9087545606825
-9999 -9999 -9999 -9999 -9999 32.5782026361536 32.9761354658339 33.6370955573188 34.2747917175293 34.8220928333424 35.237784491645 35.5425967463741 35.6994368941696 35.7736094439471 35.8133879767524 35.8353144327799 35.8481953938802 35.8598173635977 35.8652302777326 35.8701821786386 35.8756865042227 35.8807408368146 35.8828537552445 35.8859713519061 35.8876893785265 35.8882670932346 35.8900689019097 35.8877944946289 35.8885496634024 35.894064867938 35.8963351779514 35.8925457707158 35.889077645761 35.8890307391131 35.8881087126555 35.8938381053783 35.9027715612341 35.9091265643085 35.9107818603516 35.9166345949526 35.9219901473434 35.9225213792589 35.9203236897786 35.9196945473 35.921570248074 35.9218403851544 35.9298814844202
-9999 -9999 33.3035846992775 33.2247096874096 33.0110282191524 32.9029278931794 33.4030908655237 34.0297523781105 34.6354183620877 35.1155987492314 35.4759624622486 35.6775543778031 35.7650820414225 35.8148220203541 35.8380289430972 35.8551960697881 35.8677782129358 35.8750449286567 35.8786677607784 35.88735015304 35.8943152251067 35.8975879527904 35.9017550150553 35.9016970881709 35.9017958464446 35.9040857950846 35.9070256551107 35.9094307510941 35.9098856890643 35.9140835514775 35.9167503074363 35.915887620714 35.9153939706308 35.9196127432364 35.9230762057834 35.9297053019206 35.9343239113137 35.9375871728968 35.9396348176179 35.9467387729221 35.9517025417752 35.9534636603461 35.9532051086426 35.9508624606662 35.9464879918981 35.9459215799967 35.9517792595757
-9999 -9999 -9999 -9999 33.1829768286811 33.181100209554 33.7152093957972 34.3129682187681 34.8852082711679 35.3234261406793 35.6136553729022 35.7392905906395 35.7984766077112 35.8365821838379 35.8630043312355 35.8850705182111 35.8914625379774 35.8945035581236 35.9009583084672 35.9092280069987 35.9163143016674 35.9138036657263 35.9149773209183 35.9184118200231 35.9181300975658 35.9221810234918 35.9229972274215 35.9262833771882 35.929229595043 35.9307395087348 35.9358373571325 35.9383742720992 35.9397403575756 35.9472181532118 35.9532654373734 35.9562158937807 35.9547292921278 35.9565668459292 35.9588399816442 35.9651908874512 35.9692967732747 35.9726028442383 35.972339630127 35.9699916133174 35.9689356486003 35.97144402398 35.9741795857747
-9999 -9999 -9999 -9999 33.3206705870452 33.4002849437572 33.9154034367314 34.4782281098542 35.0113559299045 35.4458188657407 35.6734754774306 35.7679335982711 35.8170554549606 35.8519636083532 35.8813552856445 35.9027047333894 35.9052992926704 35.9097944189001 35.9173278808594 35.9245062934028 35.9295599195692 35.9272688406485 35.9257141395851 35.9336810641819 35.9327652542679 35.9370073389124 35.9384581954391 35.93991611622 35.9488824915003 35.9526329040527 35.9595502217611 35.9615821838379 35.9606013827854 35.9672169155545 35.9727988066497 35.9748084456832 35.9756538956254 35.9774958292643 35.9797761705187 35.9816932678223 35.9831569812916 35.9857655277959 35.9858497337059 35.9860057124385 35.9871970282661 35.9893947177463 35.9902671531395
-9999 -9999 -9999 -9999 33.4570245389585 33.5244710003888 33.9946936148184 34.5108165034541 35.0190251668294 35.4505832813404 35.6827563533077 35.77556737264 35.8175986961082 35.8585377445927 35.8893198083948 35.9079086868851 35.9108882480197 35.9167397110551 35.9246607179995 35.930135373716 35.9374981632939 35.939971641258 35.9464560614692 35.9561123318142 35.9540475915979 35.9511689080132 35.9527768735532 35.9581838537146 35.9662478411639 35.9707001580132 35.9761084097403 35.9736853705512 35.9769804212782 35.9815331918222 35.985159556071 35.9874482331453 35.9888968291106 35.9895129733615 35.9919569227431 35.9942102785464 35.9971504211426 36.0012789125796 36.0028813680013 36.0038401285807 36.0050065782335 36.0051018043801 36.0035163031684
-9999 -9999 -9999 -9999 33.857239122744 33.6086640534578 33.9975074485496 34.4634186073586 34.9360631306966 35.3565638506854 35.6300375196669 35.7509548045971 35.8027692724157 35.8549582869918 35.8860600789388 35.9065930401837 35.9146075778537 35.9203348513003 35.9325890717683 35.9417043615271 35.9516124018916 35.959625950566 35.9682850307888 35.9728862621166 35.9678429497613 35.9612343399613 35.9656144601327 35.9758420873571 35.981130529333 35.9862772623698 35.9889721340603 35.9868008648908 35.9869603757505 35.9895775406449 35.9955072756167 35.9963020042137 35.9965899432147 35.9960209881818 35.9995552345558 36.0044075294777 36.0107680426704 36.0199761567292 36.0239513538502 36.0210948520237 36.0187273378725 36.0166019863553 36.017140282525
-9999 -9999 -9999 -9999 33.8867419913963 33.6896995968289 33.9623016074852 34.3759980378328 34.7918581079554 35.1812249642831 35.4982554117839 35.6715589452673 35.7668796115451 35.8450775146484 35.881071585196 35.9093681618019 35.9209272596571 35.9264055887858 35.9418744687681 35.9560651425962 35.9685430173521 35.9750465110496 35.9801614549425 35.9795276500561 35.9726809748897 35.9662183125814 35.972890218099 35.9846585591634 35.9900111445674 35.994829248499 35.9970368279351 35.9975850140607 35.9977561102973 35.995038067853 35.9997246353715 36.0041609870063 36.0048219186288 36.0071089002821 36.0120543020743 36.0162371882686 36.0248680114746 36.0331881487811 36.0351395783601 36.0348139162417 36.0321629842122 36.0312329045048 36.0308532714844
-9999 -9999 -9999 -9999 34.0291632193106 33.7654888718217 33.9220925790292 34.3003377561216 34.6644439697266 34.9951655069987 35.3084702668367 35.5439443235044 35.7103992038303 35.8233846028646 35.8787049187554 35.915113095884 35.9285292448821 35.9355552108199 35.9497742829499 35.9652328491211 35.9767884148492 35.9822276080096 35.988404168023 35.9885891101978 35.9810533876772 35.9746663128888 35.9813479670772 35.9900314896195 35.9943336204246 35.9979411937572 35.9996524386936 36.0018468786169 36.0033007021304 36.0018379776566 36.0066419530798 36.0127806486907 36.0158446983055 36.0191766244394 36.0205165721752 36.025173469826 36.0335885507089 36.0386585659451 36.0398836489077 36.0414969832809 36.0431931107133 36.0483755888762 36.0501618561921
-9999 -9999 -9999 -9999 -9999 33.7109263384784 33.894563321714 34.2747636017976 34.6147288569698 34.9086624428078 35.182767090974 35.4361712137858 35.6639199433503 35.80706999037 35.8746460808648 35.9173729508011 35.9367663065592 35.9442363315158 35.9538807339138 35.9704719826027 35.9798973931207 35.9847017923991 35.992219430429 35.9914504157172 35.9846379315412 35.980559737594 35.9874656112106 35.9942200272172 35.9996691103335 36.0043131510417 36.0050855565954 36.0046405085811 36.006059717249 36.0086996290419 36.0160562020761 36.0201750861274 36.0234616597494 36.0249845716688 36.0256041067618 36.0327347649468 36.0411980240433 36.0441212124295 36.0445610328957 36.0455149897823 36.0492252773709 36.0576043305574 36.0674391852485
-9999 -9999 -9999 -9999 -9999 30.2229961112693 33.8176891185619 34.2984343634711 34.6137130172164 34.9023715831615 35.1659602412471 35.412412431505 35.6603454307274 35.8116573757596 35.8799694202564 35.9135359304923 35.9425187287507 35.952832116021 35.9586899368851 35.9725086070873 35.9787666885941 35.9838629828559 35.9904843083134 35.989927927653 35.9843976056134 35.9839457759151 35.9914653919361 35.9966133965386 35.9985515453197 36.0040500782154 36.0067532857259 36.007460558856 36.0078907719365 36.0111163104022 36.0144677338777 36.0201595447682 36.027725926152 36.0320667690701 36.0370660004792 36.0420591566298 36.0486978601526 36.0505919279876 36.053141841182 36.0568844830548 36.0620556584111 36.070499420166 36.0733480100278
-9999 -9999 -9999 -9999 -9999 27.5409185621474 33.6835303836399 34.3520469665527 34.6608321578414 34.9409448129159 35.2047153049045 35.4459310460974 35.6864195929633 35.828811928078 35.8874970895273 35.9172744750977 35.9389418142813 35.9526730290166 35.9571517661766 35.9707429673937 35.9784126281738 35.9831134654858 35.9884380764431 35.9891950819227 35.9888801574707 35.9935010274251 35.9972685354727 35.9999286510326 35.9982065271448 36.0041461520725 36.0073334022805 36.0107677601002 36.0128837868019 36.0106749358001 36.0107291892723 36.0187724078143 36.0281110692907 36.0372455738209 36.0448250947175 36.0519684685601 36.057679494222 36.0620632878056 36.0700069003635 36.0743607415093 36.0758962278013 36.0812962849935 36.0832044813368
-9999 -9999 -9999 -9999 -9999 -9999 33.9293520892108 34.4174923366971 34.7400293703432 35.0178416216815 35.283832832619 35.5293049282498 35.7414343092177 35.8589265611437 35.9038374159071 35.9293471442329 35.9438896179199 35.9597853201407 35.9652947319878 35.9697245845088 35.9719923513907 35.9787052295826 35.989857285111 35.9942491319444 35.9984999762641 36.0057837874801 36.0065608554416 36.0070516798231 36.0058352152506 36.010836424651 36.0134155838578 36.0157972265173 36.0161805329499 36.015598014549 36.0175014071994 36.0227680912724 36.0300718236853 36.0398761607983 36.0483989009151 36.0556208292643 36.063286251492 36.0731660348398 36.0837475811994 36.0870532283077 36.0904926723904 36.0913779647262 36.0960334495262
-9999 -9999 -9999 -9999 -9999 -9999 34.1030724136918 34.5089788083677 34.8379112526222 35.1273200423629 35.3963405467846 35.6331043949834 35.8022874902796 35.8905807777687 35.9244925887496 35.9467181452998 35.9609098081236 35.9695070054796 35.9776963127984 35.984036622224 35.9816398620605 35.9862273887352 35.9953005755389 36.0063196818034 36.0117074471933 36.0147036799678 36.0157554061324 36.0182544566967 36.0207727220323 36.023637842249 36.0274556477865 36.0279235839844 36.0270351833767 36.0263821637189 36.0264010959201 36.0319461116084 36.0399021572537 36.0474842212818 36.0528380782516 36.0630364594636 36.0727212693956 36.0836317274306 36.0921500877098 36.0960155063205 36.0992062886556 36.1025156091761 36.1056231745967
-9999 -9999 -9999 -9999 -9999 -9999 34.2331044232404 34.6379110548231 34.9659538269043 35.2484311704282 35.5078380726002 35.7294755158601 35.8637243200231 35.9257245946813 35.9549759758843 35.9689162925438 35.9788579587583 35.9858031096282 35.993234846327 36.003242916531 36.0083290382668 36.0081729182491 36.0106136180736 36.0178191573532 36.0241726062916 36.0311454490379 36.0371064080132 36.0425536544235 36.0449470237449 36.0451438338668 36.045590294732 36.0447160226327 36.0443626686379 36.0419721250181 36.0416004039623 36.0470436943902 36.0529064602322 36.0633908024541 36.0707264652959 36.0820003085666 36.0937134071633 36.1011760852955 36.1065805223253 36.1098125599049 36.1141487404152 36.116793455901 36.1185055485478
-9999 -9999 -9999 -9999 -9999 34.4535608644839 34.4174385070801 34.7853163260001 35.1038544266312 35.3724125049732 35.6188943650987 35.8179017526132 35.9255732783565 35.9724231296115 35.9962108753346 36.0012325710721 36.0000056514034 36.001210530599 36.0050735473633 36.0168893602159 36.0273820382577 36.0319479483145 36.0354098567256 36.0357376381203 36.0327426769115 36.0386250813802 36.0473340352376 36.0536323829933 36.0575239393446 36.0589671664768 36.0598511872468 36.0589702747486 36.0610004001194 36.0615993075901 36.0644169560185 36.0666347079807 36.0692578068486 36.0839855052807 36.0927676448116 36.1016421847873 36.1100105003074 36.1164734451859 36.1245702107747 36.128805231165 36.1310280693902 36.1320008171929 36.1352953027796
-9999 -9999 -9999 -9999 34.8577791849772 34.6220672042282 34.6237340856481 34.9393779613354 35.2344378718623 35.4991436711064 35.7314961751302 35.8933495415582 35.977793375651 36.0090091846607 36.0289436622902 36.0369572109646 36.0392526697229 36.0391149167661 36.0363506740994 36.0369938038014 36.0427181102611 36.050619619864 36.0563261244032 36.0524516635471 36.0473386976454 36.0465797141746 36.0527694137008 36.0587809527362 36.0673435352467 36.0736772042734 36.0770851417824 36.0761017975984 36.0793370847349 36.082790657326 36.0867457919651 36.0918241430212 36.0938792758518 36.1069574709292 36.1154543558756 36.1179877387153 36.121795936867 36.1335444980197 36.1416552508319 36.1437303048593 36.1454409846553 36.1457714504666 36.1484512046531
