Ecospace-environmental-drivers/Outputs/ASCII-for-ecospace/Sal-surf/Sal-surf_X2013.07.asc
NCOLS 131 
NROWS 53 
XLLCORNER -98 
YLLCORNER 23.9265270233154 
CELLSIZE 0.133587792515755 
NODATA_value -3.4e+38 
[rows 21 to 41 of 53, columns 0 to 46 of 131]
-3.4e+38 -3.4e+38 -3.4e+38 -3.4e+38 -3.4e+38 -3.4e+38 34.7274398803711 34.3421211242676 30.6775035858154 30.6339054107666 32.3906593322754 32.0480079650879 32.1828193664551 32.7656364440918 33.0306434631348 33.2391510009766 33.4601554870605 33.6828231811523 33.8843269348145 34.0204887390137 34.1023941040039 34.1748008728027 34.2358741760254 34.2826805114746 34.2749061584473 34.2257957458496 34.15234375 34.0721397399902 33.9244728088379 33.8229484558105 33.7944755554199 33.7395973205566 33.6707649230957 33.6445541381836 33.6449508666992 33.6953811645508 33.7593612670898 33.8176651000977 33.8294906616211 33.8018836975098 33.8076858520508 33.7706527709961 33.7629776000977 33.7059211730957 33.4892921447754 33.1585960388184 32.9121932983398
-3.4e+38 -3.4e+38 -3.4e+38 -3.4e+38 -3.4e+38 -3.4e+38 34.7857894897461 34.6690902709961 33.5714836120605 32.8664283752441 32.7633171081543 32.902645111084 33.2135848999023 33.5205917358398 33.7719345092773 33.9814987182617 34.1522026062012 34.2993316650391 34.3884963989258 34.423038482666 34.4351997375488 34.4329986572266 34.4074096679688 34.3996238708496 34.370418548584 34.3064994812012 34.2528686523438 34.1566429138184 34.0097236633301 33.9838829040527 34.0748291015625 34.0569915771484 33.9853935241699 33.9223136901855 33.9975433349609 34.047435760498 34.0709190368652 34.0363273620605 33.9847221374512 33.9438018798828 33.9393196105957 33.8985748291016 33.848258972168 33.8041305541992 33.7353210449219 33.511791229248 33.3547058105469
-3.4e+38 -3.4e+38 -3.4e+38 -3.4e+38 30.5111408233643 32.8394393920898 34.7768516540527 34.6727447509766 33.4676284790039 33.1477890014648 33.3825912475586 33.6454887390137 33.9369010925293 34.2191848754883 34.4442520141602 34.5930252075195 34.6423454284668 34.5953674316406 34.5225028991699 34.5034637451172 34.5081062316895 34.5010986328125 34.4836883544922 34.4787673950195 34.4866752624512 34.4714584350586 34.4103546142578 34.3470573425293 34.2499809265137 34.1480369567871 34.1184577941895 34.0975723266602 34.0918769836426 34.1009750366211 34.1100425720215 34.1318702697754 34.1094017028809 34.0670890808105 34.0145149230957 33.9474143981934 33.9326362609863 33.934154510498 33.9363174438477 33.9207344055176 33.9004783630371 33.8522644042969 33.7894630432129
-3.4e+38 -3.4e+38 -3.4e+38 -3.4e+38 30.2697868347168 30.7524948120117 33.6122779846191 33.5272254943848 33.5067863464355 33.7128219604492 33.9646224975586 34.2389106750488 34.5591850280762 34.7250709533691 34.7636222839355 34.737735748291 34.7055320739746 34.6605834960938 34.6428298950195 34.6281661987305 34.6058502197266 34.5615653991699 34.5039215087891 34.478099822998 34.4850234985352 34.4754333496094 34.464225769043 34.4525909423828 34.443790435791 34.385139465332 34.2860641479492 34.2106399536133 34.1476249694824 34.1198463439941 34.1106071472168 34.1122550964355 34.0820007324219 34.0622634887695 34.0236206054688 33.9619140625 33.9396629333496 33.9589385986328 33.9836807250977 33.9865112304688 33.9819450378418 33.9705696105957 33.9478721618652
-3.4e+38 -3.4e+38 -3.4e+38 -3.4e+38 -3.4e+38 32.7936134338379 33.7965202331543 33.7705345153809 33.9341278076172 34.1820449829102 34.4586944580078 34.7605361938477 34.8475532531738 34.8030204772949 34.8078842163086 34.8368034362793 34.8497924804688 34.8189163208008 34.7848358154297 34.7167472839355 34.6068534851074 34.5122108459473 34.4879837036133 34.4920845031738 34.4789390563965 34.4330444335938 34.4175796508789 34.4089698791504 34.3957748413086 34.3796310424805 34.3418464660645 34.2932586669922 34.2266998291016 34.1812934875488 34.1448173522949 34.1132125854492 34.0779647827148 34.0422592163086 34.0169143676758 33.9913902282715 33.9807929992676 34.0121612548828 34.0232543945312 34.0236358642578 34.0227928161621 34.0013732910156 33.979736328125
-3.4e+38 -3.4e+38 -3.4e+38 -3.4e+38 -3.4e+38 34.235538482666 33.9998359680176 34.0855293273926 34.2904968261719 34.5409164428711 34.8429336547852 34.8422431945801 34.8072204589844 34.8779144287109 34.9148292541504 34.8922882080078 34.8503875732422 34.7928085327148 34.7250328063965 34.6673278808594 34.6025390625 34.5490951538086 34.5258598327637 34.4959564208984 34.4753952026367 34.4573669433594 34.4542274475098 34.420581817627 34.4068489074707 34.3799705505371 34.3412704467773 34.2972030639648 34.2234420776367 34.1775779724121 34.1429061889648 34.1078987121582 34.0598602294922 34.0395317077637 34.0329360961914 34.0407867431641 34.050968170166 34.0569114685059 34.0739440917969 34.0850486755371 34.0639762878418 34.0201301574707 33.9901428222656
-3.4e+38 -3.4e+38 34.5639305114746 34.4614028930664 34.4049301147461 34.3234748840332 34.1894111633301 34.3352127075195 34.5480804443359 34.8135871887207 34.8287010192871 34.8122825622559 34.8865852355957 34.8901863098145 34.8931579589844 34.8827133178711 34.8623847961426 34.8239288330078 34.7598075866699 34.6912879943848 34.593692779541 34.5325813293457 34.4939460754395 34.4787673950195 34.4940567016602 34.4721374511719 34.4477806091309 34.4125480651855 34.3823318481445 34.3590469360352 34.3249435424805 34.3021926879883 34.2599067687988 34.2108764648438 34.1671600341797 34.1127319335938 34.0769653320312 34.0626678466797 34.0619468688965 34.0651321411133 34.0665702819824 34.069034576416 34.0990829467773 34.1130714416504 34.0852966308594 34.0676956176758 34.1089782714844
-339999999999999996128486808808066248288.000000000000000 -3.4e+38 -3.4e+38 -3.4e+38 34.4153442382812 34.3511238098145 34.3682632446289 34.5115623474121 34.7328948974609 34.8557968139648 34.791389465332 34.8649253845215 34.8623161315918 34.8740425109863 34.9156761169434 34.9361038208008 34.9535903930664 34.8703155517578 34.7516021728516 34.6399803161621 34.5465621948242 34.4937782287598 34.4816131591797 34.493350982666 34.5179405212402 34.491455078125 34.4674377441406 34.4500007629395 34.4234085083008 34.3671607971191 34.3047866821289 34.2492370605469 34.2187004089355 34.1972541809082 34.165397644043 34.1414337158203 34.1329154968262 34.1200904846191 34.1342582702637 34.148120880127 34.1338500976562 34.1414222717285 34.1458473205566 34.1722602844238 34.1877822875977 34.227897644043 34.2857322692871
-3.4e+38 -3.4e+38 -3.4e+38 -3.4e+38 34.4902191162109 34.4416084289551 34.4924392700195 34.6242561340332 34.7950401306152 34.8135833740234 34.7983856201172 34.8280296325684 34.8161277770996 34.897159576416 34.9728927612305 35.0277938842773 35.0047378540039 34.8461227416992 34.6851081848145 34.5600471496582 34.4641876220703 34.4211921691895 34.4422187805176 34.452018737793 34.4624786376953 34.468879699707 34.4798126220703 34.4911613464355 34.4407005310059 34.3566703796387 34.3044471740723 34.2511367797852 34.2266006469727 34.2314605712891 34.2402801513672 34.2408638000488 34.2630462646484 34.2913627624512 34.293285369873 34.2824516296387 34.2671546936035 34.2459754943848 34.2403831481934 34.271915435791 34.2919387817383 34.3228874206543 34.4112854003906
-3.4e+38 -3.4e+38 -3.4e+38 -3.4e+38 34.6104316711426 34.5605125427246 34.5616264343262 34.6706237792969 34.800048828125 34.7949638366699 34.7787551879883 34.7953147888184 34.8027496337891 34.9572601318359 35.0453834533691 35.0830268859863 35.0117835998535 34.8210067749023 34.6482238769531 34.5220336914062 34.4722137451172 34.4656829833984 34.4440574645996 34.4275360107422 34.4422035217285 34.4743156433105 34.4720687866211 34.4471092224121 34.4167289733887 34.3664474487305 34.3388519287109 34.3243865966797 34.3327903747559 34.3558769226074 34.387149810791 34.3999252319336 34.403564453125 34.3947334289551 34.3705749511719 34.3358192443848 34.3006553649902 34.2879791259766 34.3061714172363 34.3526878356934 34.3637084960938 34.4290084838867 34.5307235717773
-3.4e+38 -3.4e+38 -3.4e+38 -3.4e+38 34.6548881530762 34.670597076416 34.6057395935059 34.6708221435547 34.7896003723145 34.7885704040527 34.755054473877 34.7707824707031 34.7992210388184 35.0203094482422 35.099739074707 35.1257057189941 35.0451622009277 34.8605003356934 34.6706771850586 34.5510787963867 34.5341033935547 34.5268325805664 34.4604377746582 34.448657989502 34.5044937133789 34.5290946960449 34.5379600524902 34.5414161682129 34.5128746032715 34.4731140136719 34.4563293457031 34.4594421386719 34.4533653259277 34.4550437927246 34.4527130126953 34.4388275146484 34.4170608520508 34.4047470092773 34.3768501281738 34.3450469970703 34.3226776123047 34.3257179260254 34.3564605712891 34.3869705200195 34.4157524108887 34.5078964233398 34.5912590026855
-3.4e+38 -3.4e+38 -3.4e+38 -3.4e+38 34.6619415283203 34.7352905273438 34.6359519958496 34.6541175842285 34.7926635742188 34.8048362731934 34.7467994689941 34.7544631958008 34.8206977844238 35.0914878845215 35.1728401184082 35.2036590576172 35.0894889831543 34.9011573791504 34.7373352050781 34.5947685241699 34.5683670043945 34.5503273010254 34.4993476867676 34.5437469482422 34.5785789489746 34.5760726928711 34.5852508544922 34.5952224731445 34.5807991027832 34.5464134216309 34.5086517333984 34.4737815856934 34.4488868713379 34.4324226379395 34.4241600036621 34.409553527832 34.4059219360352 34.3927268981934 34.3702697753906 34.3589515686035 34.3498878479004 34.3530349731445 34.3890991210938 34.4205207824707 34.4969902038574 34.5739860534668 34.631519317627
-3.4e+38 -3.4e+38 -3.4e+38 -3.4e+38 34.816593170166 34.7818489074707 34.6667747497559 34.6187362670898 34.7610855102539 34.8195304870605 34.753719329834 34.7601661682129 34.8819732666016 35.198070526123 35.2756767272949 35.2873153686523 35.1220397949219 34.9409828186035 34.7722969055176 34.608268737793 34.5128898620605 34.5543975830078 34.5556564331055 34.6130065917969 34.6269645690918 34.6113929748535 34.6018829345703 34.595157623291 34.587230682373 34.5635566711426 34.5251922607422 34.4862823486328 34.4622039794922 34.4517250061035 34.4387054443359 34.4465141296387 34.447624206543 34.4386177062988 34.4246253967285 34.4174346923828 34.4147796630859 34.4341697692871 34.4679527282715 34.5101089477539 34.5783920288086 34.6272888183594 34.6928329467773
-3.4e+38 -3.4e+38 -3.4e+38 -3.4e+38 -3.4e+38 34.8542785644531 34.7258186340332 34.6083946228027 34.7142333984375 34.8197631835938 34.7652435302734 34.7895164489746 34.9923858642578 35.3076171875 35.3710632324219 35.3523979187012 35.1594161987305 34.9687690734863 34.7876586914062 34.6216049194336 34.4767074584961 34.5554504394531 34.5971412658691 34.6584014892578 34.6768379211426 34.6673774719238 34.6545066833496 34.6444396972656 34.6320953369141 34.6186561584473 34.589241027832 34.5553665161133 34.5332527160645 34.5170135498047 34.5128173828125 34.5198783874512 34.5029258728027 34.494083404541 34.4899024963379 34.4921607971191 34.5078010559082 34.5374412536621 34.5709075927734 34.6275749206543 34.6682243347168 34.7192268371582 34.8136138916016
-3.4e+38 -3.4e+38 -3.4e+38 -3.4e+38 -3.4e+38 34.8946800231934 34.8300933837891 34.6707725524902 34.6940612792969 34.7993240356445 34.7988624572754 34.857006072998 35.143871307373 35.3813400268555 35.4774780273438 35.4294700622559 35.1629486083984 34.9656028747559 34.7898559570312 34.6270904541016 34.5298500061035 34.5399742126465 34.6324615478516 34.7153244018555 34.7426490783691 34.7472610473633 34.7439880371094 34.7276916503906 34.7028160095215 34.6759872436523 34.6483535766602 34.6286315917969 34.604248046875 34.5968704223633 34.6129837036133 34.6027030944824 34.5982246398926 34.6003532409668 34.6089859008789 34.625560760498 34.6479454040527 34.6758804321289 34.7184410095215 34.7613677978516 34.7967224121094 34.8454284667969 34.9054336547852
-3.4e+38 -3.4e+38 -3.4e+38 -3.4e+38 -3.4e+38 34.8865165710449 34.9305419921875 34.7838859558105 34.7331962585449 34.780158996582 34.8368148803711 34.973690032959 35.281379699707 35.4984741210938 35.6056022644043 35.422794342041 35.1767959594727 34.9823341369629 34.8203010559082 34.6477584838867 34.5792999267578 34.5404243469238 34.6559600830078 34.7599792480469 34.7811317443848 34.7974815368652 34.7946395874023 34.7777214050293 34.7466621398926 34.7164726257324 34.6848106384277 34.6589889526367 34.661262512207 34.6801109313965 34.6817626953125 34.6833534240723 34.690013885498 34.7005577087402 34.7162818908691 34.7377471923828 34.7611541748047 34.7899703979492 34.8174514770508 34.845573425293 34.8925819396973 34.9707069396973 35.0508728027344
-3.4e+38 -3.4e+38 -3.4e+38 -3.4e+38 -3.4e+38 -3.4e+38 35.0070037841797 34.8803405761719 34.8034896850586 34.8365859985352 34.889232635498 35.1027793884277 35.4280624389648 35.6568412780762 35.6519317626953 35.4091453552246 35.2139434814453 35.0364532470703 34.8838310241699 34.6982612609863 34.6100158691406 34.5601768493652 34.6673698425293 34.7896270751953 34.8151588439941 34.8508911132812 34.8525505065918 34.8379592895508 34.800121307373 34.7609100341797 34.736930847168 34.7323837280273 34.7479553222656 34.7495269775391 34.7568740844727 34.7821388244629 34.8126449584961 34.8309059143066 34.8452758789062 34.8647232055664 34.8939933776855 34.9216537475586 34.9530143737793 34.998104095459 35.0619430541992 35.106746673584 35.1485061645508
-3.4e+38 -3.4e+38 -3.4e+38 -3.4e+38 -3.4e+38 -3.4e+38 35.1166801452637 34.967456817627 34.9086685180664 34.9280548095703 34.9625434875488 35.2671966552734 35.5881881713867 35.7706604003906 35.6282501220703 35.396656036377 35.2538681030273 35.1274452209473 34.9664993286133 34.773509979248 34.638786315918 34.5936698913574 34.6637649536133 34.8014640808105 34.8482208251953 34.9024047851562 34.9211769104004 34.9001770019531 34.8681221008301 34.8391036987305 34.8175048828125 34.8088798522949 34.8042755126953 34.815357208252 34.8299522399902 34.8571090698242 34.8828887939453 34.9065704345703 34.9404067993164 34.9799728393555 35.0105743408203 35.0290260314941 35.0601081848145 35.1093902587891 35.1311492919922 35.1634521484375 35.2215881347656
-3.4e+38 -3.4e+38 -3.4e+38 -3.4e+38 -3.4e+38 -3.4e+38 35.2986640930176 35.0510482788086 35.0208740234375 35.0220146179199 35.1030731201172 35.5032806396484 35.7559394836426 35.7940521240234 35.5881271362305 35.412425994873 35.2941589355469 35.1879501342773 35.0679168701172 34.8657989501953 34.691089630127 34.622428894043 34.6485443115234 34.7910423278809 34.8604774475098 34.9224891662598 34.9615516662598 34.9536323547363 34.92919921875 34.9161643981934 34.8912010192871 34.8725357055664 34.8644981384277 34.8569946289062 34.8589172363281 34.8820991516113 34.9193572998047 34.9637069702148 35.0011558532715 35.0356559753418 35.0692863464355 35.1127891540527 35.1511116027832 35.1741333007812 35.2060089111328 35.258903503418 35.3020210266113
-3.4e+38 -3.4e+38 -3.4e+38 -3.4e+38 -3.4e+38 35.383918762207 35.3944396972656 35.1383781433105 35.1077499389648 35.0898132324219 35.3586654663086 35.7163696289062 35.914192199707 35.7598915100098 35.5501747131348 35.4272613525391 35.3203392028809 35.2258186340332 35.1313362121582 34.9735412597656 34.7671775817871 34.6562080383301 34.6401138305664 34.7730369567871 34.8633422851562 34.9363403320312 34.9801826477051 34.9976577758789 34.9887962341309 34.9933319091797 34.9639434814453 34.9282646179199 34.9043731689453 34.9040679931641 34.9250907897949 34.9441032409668 34.965446472168 35.0084190368652 35.0550727844238 35.1140213012695 35.1603775024414 35.1927642822266 35.2225074768066 35.2559967041016 35.3093566894531 35.3583602905273 35.3828735351562
-3.4e+38 -3.4e+38 -3.4e+38 -3.4e+38 35.7868461608887 35.5177001953125 35.4586563110352 35.2291488647461 35.1705894470215 35.1902503967285 35.5544586181641 35.9309501647949 35.9267654418945 35.7036590576172 35.5379524230957 35.4340133666992 35.3431396484375 35.2567443847656 35.1659698486328 35.0618667602539 34.8643493652344 34.711784362793 34.6334381103516 34.7696418762207 34.8718795776367 34.9475173950195 35.0119400024414 35.0404891967773 35.0453758239746 35.0743560791016 35.0485801696777 34.988712310791 34.9823989868164 35.0249938964844 35.0646858215332 35.0795249938965 35.0835227966309 35.1013603210449 35.161865234375 35.2052536010742 35.2365112304688 35.2683639526367 35.3144569396973 35.3704414367676 35.4010391235352 35.417407989502 35.4094543457031
