Ecospace-environmental-drivers/Outputs/ASCII-for-ecospace/Sal-surf/Sal-surf_X2014.04.asc
NCOLS 131 
NROWS 53 
XLLCORNER -98 
YLLCORNER 23.9265270233154 
CELLSIZE 0.133587792515755 
NODATA_value -3.4e+38 
[rows 21 to 41 of 53, columns 47 to 93 of 131]
34.2851333618164 34.273624420166 34.2646369934082 34.2547340393066 34.2278785705566 34.184455871582 34.1059379577637 34.013973236084 33.9603538513184 33.9312973022461 33.8884315490723 33.8724555969238 33.9079895019531 33.9534759521484 34.0518379211426 34.1087760925293 34.1370811462402 34.2051811218262 34.3283500671387 34.4766387939453 34.5862655639648 34.620677947998 34.564380645752 34.4699440002441 34.4156265258789 34.450553894043 34.4900093078613 34.6011962890625 34.7644920349121 34.7915229797363 34.8420944213867 34.9185371398926 34.9617729187012 34.9116058349609 34.7884101867676 34.7055816650391 34.670295715332 34.6523208618164 34.6768379211426 34.7824363708496 34.8617973327637 34.9321212768555 34.9699096679688 34.9713668823242 35.0029602050781 35.0611267089844 35.1390686035156
34.2082633972168 34.1845855712891 34.1661720275879 34.1532440185547 34.1449851989746 34.1388511657715 34.118236541748 34.0950469970703 34.0789794921875 34.0631980895996 34.0509300231934 34.0549774169922 34.091609954834 34.1371803283691 34.166072845459 34.2062225341797 34.3036346435547 34.4232139587402 34.5492362976074 34.6655731201172 34.7121200561523 34.7193183898926 34.628547668457 34.4838752746582 34.3938980102539 34.4039497375488 34.4786796569824 34.7277793884277 34.9212303161621 34.9093933105469 34.8750038146973 34.9515953063965 34.9736175537109 34.9288864135742 34.8885498046875 34.8740310668945 34.8510894775391 34.8147048950195 34.8115348815918 34.8830833435059 34.9901428222656 35.0599174499512 35.0867691040039 35.1109619140625 35.131031036377 35.1722526550293 35.1969757080078
34.1192970275879 34.089412689209 34.0650863647461 34.0389366149902 34.0140724182129 33.9944877624512 33.9876403808594 33.9983291625977 34.0422706604004 34.098201751709 34.1666412353516 34.240650177002 34.2827301025391 34.3162803649902 34.3881301879883 34.483715057373 34.5302085876465 34.6004409790039 34.7430381774902 34.803108215332 34.7881088256836 34.7591857910156 34.6733589172363 34.5215225219727 34.4236640930176 34.4406814575195 34.5923004150391 34.8538093566895 34.9795913696289 34.9931373596191 34.9829368591309 35.0177612304688 35.018482208252 35.0432434082031 35.1064338684082 35.1735649108887 35.238166809082 35.2679710388184 35.2596664428711 35.2873268127441 35.3312149047852 35.345329284668 35.3651504516602 35.413703918457 35.4389915466309 35.4398956298828 35.3893966674805
34.0289840698242 34.0040855407715 33.9999160766602 34.0036582946777 34.0230712890625 34.0658531188965 34.1374359130859 34.2306365966797 34.3466453552246 34.438289642334 34.5063858032227 34.5576133728027 34.5956878662109 34.6479644775391 34.6939277648926 34.6836776733398 34.6964912414551 34.8452491760254 34.9088745117188 34.8971252441406 34.8630523681641 34.8233261108398 34.7127532958984 34.5972862243652 34.473030090332 34.5043640136719 34.7584037780762 34.9207763671875 35.0081977844238 35.049919128418 35.0815963745117 35.108814239502 35.136344909668 35.2372970581055 35.4002075195312 35.5399398803711 35.6749877929688 35.7715339660645 35.8389587402344 35.8762054443359 35.8184967041016 35.7385864257812 35.7342948913574 35.7006454467773 35.660327911377 35.5912208557129 35.5293884277344
33.9554824829102 33.9709701538086 34.004093170166 34.0757293701172 34.1918754577637 34.3429298400879 34.5040969848633 34.6320953369141 34.6971282958984 34.7126007080078 34.7045516967773 34.6982498168945 34.7048797607422 34.7450828552246 34.7712364196777 34.7489585876465 34.8471031188965 34.9648170471191 35.0214996337891 34.9827919006348 34.9432716369629 34.8726425170898 34.7458305358887 34.655818939209 34.5143241882324 34.6308975219727 34.8761596679688 34.9722023010254 35.0392570495605 35.0750427246094 35.1015357971191 35.1469459533691 35.2394752502441 35.4709510803223 35.704216003418 35.8462257385254 35.9156494140625 35.9541854858398 35.9633178710938 35.9095726013184 35.8499526977539 35.8195610046387 35.8111915588379 35.8064804077148 35.7925567626953 35.7255439758301 35.6509399414062
33.9685745239258 34.0332641601562 34.1438484191895 34.3167724609375 34.5350570678711 34.6924285888672 34.7685737609863 34.7858810424805 34.7392768859863 34.6967658996582 34.6929893493652 34.7062911987305 34.755859375 34.7986183166504 34.792163848877 34.8203926086426 34.899227142334 34.9910659790039 35.0619926452637 35.0543632507324 35.0275039672852 34.9240036010742 34.767578125 34.6377487182617 34.5603141784668 34.7541770935059 34.9703941345215 35.0234985351562 35.037540435791 35.0816459655762 35.1535148620605 35.2401123046875 35.4183006286621 35.660831451416 35.7855186462402 35.8270225524902 35.8306083679199 35.8356246948242 35.8238143920898 35.8153915405273 35.8269195556641 35.7936134338379 35.769359588623 35.7808837890625 35.8093643188477 35.7639312744141 35.6811561584473
34.0858001708984 34.241024017334 34.4317893981934 34.6210823059082 34.758228302002 34.8204383850098 34.8094825744629 34.7347030639648 34.7236595153809 34.7564010620117 34.7636833190918 34.7358741760254 34.7448425292969 34.750675201416 34.7339210510254 34.8169631958008 34.8715057373047 34.9932250976562 35.1141548156738 35.1139335632324 35.0596466064453 34.967903137207 34.791862487793 34.5888595581055 34.639347076416 34.8266944885254 34.942798614502 35.0021858215332 35.0461654663086 35.137996673584 35.1877555847168 35.2751731872559 35.4589424133301 35.5970726013184 35.7148551940918 35.7523422241211 35.755542755127 35.777099609375 35.7949333190918 35.8185615539551 35.8511009216309 35.8772468566895 35.8693618774414 35.8515968322754 35.8156394958496 35.773136138916 35.716251373291
34.3402862548828 34.507926940918 34.6337890625 34.760799407959 34.8384017944336 34.8637619018555 34.8084869384766 34.7615394592285 34.794002532959 34.8226928710938 34.817497253418 34.7700309753418 34.7313346862793 34.7010040283203 34.7259902954102 34.7740936279297 34.8500099182129 35.0448341369629 35.1504936218262 35.1412773132324 35.0857162475586 34.9817123413086 34.7775421142578 34.5895462036133 34.6929130554199 34.8266677856445 34.9079170227051 34.9771728515625 35.0507392883301 35.1392059326172 35.2075500488281 35.3525466918945 35.4726638793945 35.5857086181641 35.6263084411621 35.6134338378906 35.6328430175781 35.672492980957 35.7321548461914 35.824764251709 35.9148788452148 35.9781913757324 35.9986038208008 35.9675674438477 35.9192276000977 35.799617767334 35.7342720031738
34.5268974304199 34.6284141540527 34.7270889282227 34.8123817443848 34.8713531494141 34.9029769897461 34.8391532897949 34.7978210449219 34.8277816772461 34.8452835083008 34.8503875732422 34.8334732055664 34.7840461730957 34.7506103515625 34.7860794067383 34.8037338256836 34.927661895752 35.180233001709 35.2430000305176 35.2010688781738 35.1067657470703 34.9456558227539 34.7349243164062 34.6208000183105 34.7263221740723 34.821647644043 34.8826179504395 34.9900245666504 35.1116256713867 35.2238540649414 35.36865234375 35.4963722229004 35.5672645568848 35.5523376464844 35.5355072021484 35.5688362121582 35.6541557312012 35.7530517578125 35.8562202453613 35.9235992431641 35.9798889160156 36.0223045349121 36.0446853637695 36.054515838623 36.0303115844727 35.9038734436035 35.7578392028809
34.6285781860352 34.6890335083008 34.7534675598145 34.8399429321289 34.9169654846191 34.9913291931152 34.9024238586426 34.8423538208008 34.8372802734375 34.8219032287598 34.8235054016113 34.8584671020508 34.8858795166016 34.9077110290527 34.9244422912598 34.9664764404297 35.1335601806641 35.3166770935059 35.3294792175293 35.2315444946289 35.0965423583984 34.8937225341797 34.7318687438965 34.6942443847656 34.7358856201172 34.812370300293 34.886116027832 34.9917068481445 35.1899223327637 35.3824424743652 35.4864463806152 35.5362777709961 35.5608139038086 35.624439239502 35.7478561401367 35.8888397216797 35.9795761108398 36.0098495483398 36.0060424804688 35.9924736022949 35.9785652160645 35.9775733947754 35.9899482727051 36.0067749023438 36.0180320739746 36.0073585510254 35.8498916625977
34.673526763916 34.7099342346191 34.7808532714844 34.8751640319824 34.9757423400879 35.0748901367188 34.9871063232422 34.9094886779785 34.8836479187012 34.8478355407715 34.8716621398926 34.9219970703125 34.9586906433105 34.9853096008301 35.0436782836914 35.1620407104492 35.2775726318359 35.3419876098633 35.358039855957 35.2374114990234 35.0639724731445 34.8801803588867 34.7614898681641 34.734992980957 34.7319984436035 34.7761726379395 34.8544082641602 35.0199661254883 35.272102355957 35.4633140563965 35.5536766052246 35.646068572998 35.7835273742676 35.9700317382812 36.0820465087891 36.1163482666016 36.1259231567383 36.1314697265625 36.1326217651367 36.1302261352539 36.107421875 36.0655899047852 36.0298767089844 36.0106163024902 36.0014991760254 36.0133361816406 35.992992401123
34.7167816162109 34.7547760009766 34.8211059570312 34.9122581481934 35.0608787536621 35.1290969848633 35.0619316101074 34.9847145080566 34.9461555480957 34.9497909545898 34.9916229248047 35.0455894470215 35.1222305297852 35.1955528259277 35.2461013793945 35.2634201049805 35.2804069519043 35.3053283691406 35.3648338317871 35.2490425109863 35.0524139404297 34.9072456359863 34.7922782897949 34.7532768249512 34.7515830993652 34.7946319580078 34.913631439209 35.1590118408203 35.3730201721191 35.5627632141113 35.7700996398926 35.992504119873 36.0881881713867 36.1204452514648 36.1500473022461 36.1661033630371 36.1784248352051 36.1857147216797 36.1878967285156 36.1806602478027 36.1792106628418 36.1770401000977 36.1483383178711 36.1084823608398 36.0639533996582 36.0203552246094 36.0262870788574
34.734058380127 34.7899284362793 34.8539276123047 34.9811019897461 35.1511344909668 35.1755447387695 35.095890045166 35.0098495483398 34.9993286132812 35.0501747131348 35.0909309387207 35.1615142822266 35.2492866516113 35.2694396972656 35.3155212402344 35.3532791137695 35.3324813842773 35.3277931213379 35.3543586730957 35.2362098693848 35.0659103393555 34.9423828125 34.8227920532227 34.7746467590332 34.8027381896973 34.9231262207031 35.1622009277344 35.4619140625 35.713809967041 35.9287528991699 36.0882034301758 36.1595497131348 36.1849594116211 36.193000793457 36.2008476257324 36.2064895629883 36.208423614502 36.2107124328613 36.2131652832031 36.2128868103027 36.2100410461426 36.2087898254395 36.2020874023438 36.1853294372559 36.1429290771484 36.0899276733398 36.0525436401367
34.7804565429688 34.8340873718262 34.9184494018555 35.0860366821289 35.2299461364746 35.2098426818848 35.1015167236328 35.0212135314941 35.0493965148926 35.111930847168 35.1688766479492 35.2534408569336 35.2797660827637 35.3059539794922 35.3945426940918 35.4541702270508 35.4319763183594 35.3794822692871 35.3132934570312 35.2114219665527 35.0798034667969 34.9564056396484 34.8606224060059 34.8648262023926 34.9979209899902 35.31494140625 35.6533393859863 35.8628997802734 36.0356826782227 36.1594467163086 36.1785888671875 36.1773719787598 36.1731033325195 36.1880531311035 36.2065811157227 36.2195739746094 36.2261848449707 36.2268562316895 36.2230834960938 36.2144355773926 36.2103385925293 36.2104682922363 36.2073440551758 36.2087516784668 36.2117652893066 36.1659164428711 36.1193351745605
34.800666809082 34.8755340576172 34.9942588806152 35.1809844970703 35.2790145874023 35.232982635498 35.1163444519043 35.0558738708496 35.0821228027344 35.1634674072266 35.2540855407715 35.3032264709473 35.3008689880371 35.3357810974121 35.4101715087891 35.437858581543 35.3958473205566 35.3325538635254 35.2683525085449 35.1941261291504 35.0547981262207 34.9679260253906 35.0265617370605 35.2040061950684 35.5287094116211 35.7815246582031 35.9713401794434 36.1001777648926 36.1594505310059 36.1636810302734 36.1639099121094 36.1746597290039 36.1830520629883 36.2092094421387 36.2187232971191 36.2262916564941 36.2316970825195 36.2311477661133 36.2241401672363 36.2195014953613 36.2149238586426 36.2162818908691 36.214973449707 36.2106094360352 36.2129402160645 36.2095527648926 36.1739349365234
34.8441162109375 34.9426002502441 35.0830726623535 35.254222869873 35.321647644043 35.2718696594238 35.149299621582 35.0969009399414 35.1326522827148 35.1985893249512 35.3154640197754 35.3863677978516 35.3502082824707 35.3332557678223 35.3643913269043 35.3928871154785 35.3597183227539 35.2983283996582 35.2322731018066 35.2024307250977 35.1910171508789 35.2787704467773 35.4098167419434 35.623664855957 35.8109474182129 35.9853935241699 36.0881080627441 36.1525535583496 36.1539497375488 36.1514472961426 36.1677474975586 36.1823692321777 36.1969718933105 36.2095832824707 36.2170562744141 36.2228927612305 36.2224922180176 36.2237548828125 36.217830657959 36.2155914306641 36.2130393981934 36.2112884521484 36.2173347473145 36.2165184020996 36.2157135009766 36.2158164978027 36.2015914916992
34.9387512207031 35.0449409484863 35.1926765441895 35.3212738037109 35.3640899658203 35.314338684082 35.2046813964844 35.1490135192871 35.1556777954102 35.2111473083496 35.3164672851562 35.4436721801758 35.4518432617188 35.3992118835449 35.3943290710449 35.4165496826172 35.3878440856934 35.3642959594727 35.404369354248 35.4384574890137 35.4378509521484 35.5273208618164 35.7287406921387 35.7917327880859 35.9519119262695 36.0506744384766 36.156421661377 36.1546897888184 36.1384391784668 36.1361618041992 36.1671257019043 36.1874885559082 36.1965484619141 36.2084121704102 36.2153854370117 36.2101745605469 36.2091789245605 36.2116851806641 36.2099342346191 36.2100563049316 36.209415435791 36.2117767333984 36.216552734375 36.2168960571289 36.2141227722168 36.2107200622559 36.2182502746582
35.0329399108887 35.1674156188965 35.2830429077148 35.3647117614746 35.4064521789551 35.3627967834473 35.2575378417969 35.1754837036133 35.1594886779785 35.2300682067871 35.3546562194824 35.4260025024414 35.4626998901367 35.3733673095703 35.3614654541016 35.4235801696777 35.4774208068848 35.5178909301758 35.5605621337891 35.5651206970215 35.5774192810059 35.7307434082031 35.8054237365723 35.9053611755371 36.0214042663574 36.1022148132324 36.1625442504883 36.1386299133301 36.1259078979492 36.1436042785645 36.1732482910156 36.1888961791992 36.1968231201172 36.2153129577637 36.214542388916 36.1992111206055 36.2008438110352 36.201343536377 36.1983680725098 36.1975784301758 36.2012977600098 36.2074775695801 36.2194290161133 36.2211265563965 36.2134246826172 36.214714050293 36.2202453613281
35.1563415527344 35.2944984436035 35.3453903198242 35.4023590087891 35.4547691345215 35.3917274475098 35.2856407165527 35.2296524047852 35.2611389160156 35.3498229980469 35.4353675842285 35.4833641052246 35.5226135253906 35.4399337768555 35.3251075744629 35.3081016540527 35.3508605957031 35.4764137268066 35.5658836364746 35.5921592712402 35.5937881469727 35.7555198669434 35.8303871154785 35.9214057922363 36.0169067382812 36.1240043640137 36.1550102233887 36.1326560974121 36.1255912780762 36.1484260559082 36.1717414855957 36.1871299743652 36.1983032226562 36.2079010009766 36.2084808349609 36.200080871582 36.1990013122559 36.1952438354492 36.1913032531738 36.1889114379883 36.1901931762695 36.1982955932617 36.215217590332 36.2197189331055 36.2113761901855 36.2164535522461 36.2207717895508
35.3096389770508 35.3781547546387 35.3959541320801 35.4325370788574 35.47509765625 35.4217529296875 35.3491287231445 35.3368873596191 35.398006439209 35.4576148986816 35.5198249816895 35.5886878967285 35.6453857421875 35.6198616027832 35.4986991882324 35.4311790466309 35.3671760559082 35.357250213623 35.4599456787109 35.5330238342285 35.6195259094238 35.7273330688477 35.8392105102539 35.8845634460449 36.0334663391113 36.1287498474121 36.1426277160645 36.1253662109375 36.1263084411621 36.1479530334473 36.1716804504395 36.1869506835938 36.1947975158691 36.203498840332 36.2041435241699 36.1953964233398 36.1972770690918 36.1935653686523 36.1879806518555 36.1821823120117 36.1785125732422 36.1933097839355 36.2063331604004 36.2182273864746 36.2150459289551 36.2138328552246 36.2217254638672
35.4096908569336 35.4256286621094 35.436939239502 35.4563522338867 35.4708480834961 35.4305305480957 35.4022674560547 35.4039268493652 35.4541664123535 35.5036926269531 35.5712890625 35.6976203918457 35.7629127502441 35.7585716247559 35.6550903320312 35.5819625854492 35.5790481567383 35.5113868713379 35.4940185546875 35.5291633605957 35.5582885742188 35.6826095581055 35.8306274414062 35.9051475524902 36.0592956542969 36.1180801391602 36.1327629089355 36.1172180175781 36.1254043579102 36.149341583252 36.1660575866699 36.185001373291 36.1925773620605 36.2014961242676 36.2014389038086 36.1919403076172 36.193416595459 36.1974449157715 36.1963729858398 36.1878814697266 36.1750907897949 36.1846008300781 36.1981506347656 36.2108497619629 36.2141380310059 36.2173919677734 36.2242965698242
