Ecospace-environmental-drivers/Outputs/ASCII-for-ecospace/Sal-surf/Sal-surf_X1994.08.asc
NCOLS 131 
NROWS 53 
XLLCORNER -98 
YLLCORNER 23.9265270233154 
CELLSIZE 0.133587792515755 
NODATA_value -3.4e+38 
[rows 21 to 41 of 53, columns 0 to 46 of 131]
-3.4e+38 -3.4e+38 -3.4e+38 -3.4e+38 -3.4e+38 -3.4e+38 35.8541526794434 35.7495536804199 35.5896835327148 35.3609046936035 35.3907508850098 35.4478492736816 35.522533416748 35.4789352416992 35.3941955566406 35.3272857666016 35.2847366333008 35.241024017334 35.2071342468262 35.154914855957 35.1057815551758 35.0746650695801 35.0183715820312 34.9851837158203 34.9511642456055 34.8836326599121 34.8403015136719 34.7726211547852 34.7030906677246 34.6451644897461 34.6200256347656 34.6079635620117 34.6033477783203 34.599983215332 34.489315032959 34.4172897338867 34.4071464538574 34.4203948974609 34.4188079833984 34.4033317565918 34.374870300293 34.3288612365723 34.2663078308105 34.1984367370605 34.1258010864258 34.0530014038086 33.9676742553711
-3.4e+38 -3.4e+38 -3.4e+38 -3.4e+38 -3.4e+38 -3.4e+38 35.9636268615723 35.8492813110352 35.7495536804199 35.6585922241211 35.6536331176758 35.6395797729492 35.5698547363281 35.5072250366211 35.444019317627 35.4245071411133 35.3365707397461 35.2610626220703 35.2248992919922 35.2310371398926 35.2489814758301 35.2469291687012 35.2093048095703 35.1957206726074 35.1608848571777 35.0006942749023 34.8785781860352 34.8152122497559 34.7448043823242 34.68359375 34.6515464782715 34.6936416625977 34.713321685791 34.6679229736328 34.5884323120117 34.5199813842773 34.4678611755371 34.4356651306152 34.3935470581055 34.3560752868652 34.3121147155762 34.2527542114258 34.2031402587891 34.149974822998 34.0880966186523 34.0133895874023 33.9312210083008
-3.4e+38 -3.4e+38 -3.4e+38 -3.4e+38 36.1125183105469 35.9734115600586 35.9733657836914 35.9636268615723 35.8346633911133 35.7771224975586 35.7088088989258 35.6305809020996 35.6071510314941 35.5927848815918 35.5449028015137 35.5300674438477 35.4850921630859 35.3625640869141 35.3162117004395 35.2880210876465 35.2674827575684 35.2230377197266 35.2094535827637 35.2096252441406 35.1933059692383 35.10498046875 35.0240325927734 34.95947265625 34.8611221313477 34.7919082641602 34.7212295532227 34.7301177978516 34.7648391723633 34.6575012207031 34.4866104125977 34.4263801574707 34.3767776489258 34.340518951416 34.3155097961426 34.2551765441895 34.1618728637695 34.1274871826172 34.1275596618652 34.1349601745605 34.1255416870117 34.1134986877441 34.1057281494141
-3.4e+38 -3.4e+38 -3.4e+38 -3.4e+38 36.2460784912109 36.1180686950684 35.9734115600586 35.9830551147461 35.8499488830566 35.732364654541 35.6574096679688 35.6364479064941 35.6170120239258 35.5642852783203 35.5301322937012 35.4726943969727 35.3496170043945 35.1779403686523 35.0764961242676 35.0257225036621 34.9718818664551 34.9394378662109 34.9246520996094 34.9617042541504 35.0522537231445 35.030216217041 34.9101219177246 34.7991256713867 34.7876396179199 34.7869071960449 34.8014984130859 34.7763290405273 34.7307014465332 34.6657791137695 34.4755172729492 34.3604011535645 34.3295288085938 34.2851409912109 34.1817359924316 34.119701385498 34.1436386108398 34.1640853881836 34.1861763000488 34.2149543762207 34.1828231811523 34.1226997375488 34.0503540039062
-3.4e+38 -3.4e+38 -3.4e+38 -3.4e+38 -3.4e+38 36.2460784912109 36.1347122192383 35.975212097168 35.8193626403809 35.7218475341797 35.7107734680176 35.738941192627 35.6694946289062 35.5330772399902 35.4023017883301 35.2879524230957 35.1492652893066 35.0133323669434 34.9294242858887 34.882755279541 34.8344268798828 34.7801971435547 34.7485198974609 34.7931823730469 34.9021339416504 34.8769645690918 34.7095947265625 34.5976791381836 34.562686920166 34.5722999572754 34.590217590332 34.6363716125488 34.640209197998 34.6056709289551 34.4748268127441 34.3740272521973 34.3302268981934 34.1956100463867 34.1400108337402 34.1765174865723 34.1837730407715 34.1747779846191 34.1708984375 34.2148399353027 34.1408882141113 34.0912246704102 34.039421081543
-3.4e+38 -3.4e+38 -3.4e+38 -3.4e+38 -3.4e+38 36.3585319519043 36.0860290527344 35.9112892150879 35.7950248718262 35.8009948730469 35.7868461608887 35.6496963500977 35.4702835083008 35.3258666992188 35.2174530029297 35.1200256347656 35.0096740722656 34.9294624328613 34.8558349609375 34.8013153076172 34.7464332580566 34.6713066101074 34.6279792785645 34.7179298400879 34.7496719360352 34.684741973877 34.6049957275391 34.5663299560547 34.5030212402344 34.4435043334961 34.433032989502 34.4898681640625 34.5668792724609 34.5464630126953 34.4285774230957 34.3404197692871 34.2492942810059 34.2042808532715 34.1952743530273 34.2262191772461 34.2234764099121 34.176887512207 34.1309356689453 34.1279716491699 34.0864486694336 34.0745010375977 34.0757827758789
-3.4e+38 -3.4e+38 36.8728790283203 36.8423919677734 36.5337257385254 36.3236427307129 36.0452003479004 35.8962478637695 35.8430480957031 35.7717132568359 35.6694679260254 35.4833564758301 35.3005104064941 35.198371887207 35.1097984313965 35.0404167175293 34.9566268920898 34.8875617980957 34.7980842590332 34.7219543457031 34.6709403991699 34.6213226318359 34.5635147094727 34.6253128051758 34.6820449829102 34.5694465637207 34.5151672363281 34.5033531188965 34.4533386230469 34.3892097473145 34.3465309143066 34.3972015380859 34.4837799072266 34.4777030944824 34.367015838623 34.30224609375 34.2652435302734 34.22705078125 34.2486419677734 34.2612609863281 34.2415008544922 34.173038482666 34.1094360351562 34.0808639526367 34.0794448852539 34.1098861694336 34.095386505127
-339999999999999996128486808808066248288.000000000000000 -3.4e+38 -3.4e+38 -3.4e+38 36.8119049072266 36.3016662597656 36.0237617492676 35.9155502319336 35.8141098022461 35.7006378173828 35.5708618164062 35.3827590942383 35.2492218017578 35.1277351379395 35.0295944213867 35.0038909912109 34.9506721496582 34.8891067504883 34.7940330505371 34.7058906555176 34.6530494689941 34.6220588684082 34.5632095336914 34.6066055297852 34.664924621582 34.5511512756348 34.4759674072266 34.4734840393066 34.4431457519531 34.3983192443848 34.337043762207 34.326717376709 34.3836784362793 34.3986434936523 34.3222198486328 34.321590423584 34.2652587890625 34.2722473144531 34.2825050354004 34.2769012451172 34.2431221008301 34.1780128479004 34.1109886169434 34.0822448730469 34.0815086364746 34.0673751831055 34.065113067627
-3.4e+38 -3.4e+38 -3.4e+38 -3.4e+38 36.5743026733398 36.2691497802734 36.0239715576172 35.9115715026855 35.7586822509766 35.7054977416992 35.5398063659668 35.331485748291 35.2306213378906 35.0867729187012 35.0022583007812 35.0124626159668 34.9872665405273 34.9262809753418 34.8554763793945 34.7455863952637 34.6875610351562 34.6681175231934 34.6647682189941 34.6090087890625 34.6930389404297 34.6312789916992 34.5140113830566 34.4943542480469 34.4598236083984 34.4442176818848 34.4051704406738 34.3540916442871 34.3248176574707 34.2815437316895 34.3197441101074 34.3142623901367 34.2960395812988 34.3260307312012 34.3268203735352 34.3177032470703 34.2783660888672 34.226375579834 34.1681823730469 34.1135711669922 34.0669097900391 34.0411415100098 34.023006439209
-3.4e+38 -3.4e+38 -3.4e+38 -3.4e+38 36.4569969177246 36.2635688781738 36.0320930480957 35.9078483581543 35.8035278320312 35.7528381347656 35.534496307373 35.3114738464355 35.1912307739258 35.0728645324707 35.0302467346191 35.0660133361816 35.0566558837891 34.9878883361816 34.8875122070312 34.8424034118652 34.7900047302246 34.7607612609863 34.7534255981445 34.7127799987793 34.7541007995605 34.7564010620117 34.6079902648926 34.5593223571777 34.5382347106934 34.527645111084 34.5249862670898 34.4974250793457 34.3829193115234 34.2810592651367 34.2204055786133 34.2345771789551 34.3022613525391 34.3740043640137 34.3771629333496 34.3580589294434 34.3247222900391 34.2832679748535 34.2294044494629 34.1633377075195 34.098934173584 34.0405235290527 34.0328826904297
-3.4e+38 -3.4e+38 -3.4e+38 -3.4e+38 36.9347648620605 36.2990036010742 36.0635871887207 35.9747085571289 35.8529090881348 35.771183013916 35.5151863098145 35.3012924194336 35.1597137451172 35.0769195556641 35.047248840332 35.1029396057129 35.1094551086426 35.0273361206055 34.9428520202637 34.925121307373 34.9170951843262 34.9036598205566 34.8927230834961 34.8767204284668 34.8222961425781 34.8436279296875 34.7297554016113 34.5996170043945 34.5967750549316 34.5793571472168 34.6042594909668 34.6094932556152 34.5535621643066 34.4240798950195 34.3198318481445 34.2584266662598 34.2788925170898 34.3369903564453 34.3586769104004 34.3568344116211 34.3223915100098 34.2838287353516 34.2398872375488 34.1826553344727 34.1653861999512 34.1884002685547 34.2629203796387
-3.4e+38 -3.4e+38 -3.4e+38 -3.4e+38 36.5677261352539 36.2735939025879 36.1152687072754 36.030345916748 35.9011268615723 35.7256278991699 35.5282135009766 35.3133583068848 35.1438789367676 35.0851058959961 35.0555000305176 35.0932922363281 35.1177787780762 35.041618347168 34.9519157409668 34.9853057861328 34.9965133666992 35.0205078125 35.0849151611328 35.0708312988281 35.0091705322266 34.9243125915527 34.841983795166 34.6667289733887 34.6406593322754 34.6585388183594 34.6654739379883 34.6152038574219 34.580192565918 34.5789108276367 34.5568962097168 34.5201187133789 34.5202941894531 34.4856491088867 34.452033996582 34.4158821105957 34.3852462768555 34.3568687438965 34.3735847473145 34.3878135681152 34.4676361083984 34.5347061157227 34.5711364746094
-3.4e+38 -3.4e+38 -3.4e+38 -3.4e+38 36.583812713623 36.2222137451172 36.1545906066895 36.090648651123 35.9539031982422 35.7412872314453 35.5468215942383 35.3345336914062 35.1689949035645 35.0956954956055 35.090503692627 35.1028747558594 35.0958824157715 35.0692825317383 35.0115737915039 35.0775337219238 35.0746231079102 35.0870742797852 35.0939788818359 35.1385765075684 35.2011680603027 35.1255416870117 34.971752166748 34.7841377258301 34.6784172058105 34.7008323669434 34.690299987793 34.6378059387207 34.6223411560059 34.6549453735352 34.6701850891113 34.6794548034668 34.6666526794434 34.6123008728027 34.5833168029785 34.5880432128906 34.6142845153809 34.6333808898926 34.6364593505859 34.6480827331543 34.6581916809082 34.6681938171387 34.6966018676758
-3.4e+38 -3.4e+38 -3.4e+38 -3.4e+38 -3.4e+38 36.1022262573242 36.1398887634277 36.1425437927246 36.0539131164551 35.7492446899414 35.5013198852539 35.3086395263672 35.1712684631348 35.1158599853516 35.1043167114258 35.1393280029297 35.1106224060059 35.0865249633789 35.0762748718262 35.130916595459 35.1514778137207 35.1291923522949 35.0902862548828 35.1411437988281 35.2115783691406 35.3548698425293 35.223690032959 35.0054588317871 34.7746429443359 34.7386283874512 34.7468185424805 34.6959075927734 34.6837501525879 34.6967124938965 34.7214889526367 34.7222290039062 34.7010688781738 34.6793251037598 34.6714172363281 34.6847381591797 34.7314262390137 34.7914085388184 34.7920455932617 34.7976951599121 34.8164100646973 34.8378791809082 34.8215179443359
-3.4e+38 -3.4e+38 -3.4e+38 -3.4e+38 -3.4e+38 32.2506828308105 36.0558815002441 36.1764488220215 36.058219909668 35.7584075927734 35.4937210083008 35.2939224243164 35.1903076171875 35.1466827392578 35.1077308654785 35.1246757507324 35.1458129882812 35.1290321350098 35.102840423584 35.1130828857422 35.185375213623 35.1949806213379 35.1635818481445 35.1812477111816 35.2604675292969 35.4047584533691 35.4991912841797 35.290454864502 34.9730911254883 34.8153419494629 34.8277435302734 34.7714729309082 34.7193870544434 34.7653388977051 34.8334045410156 34.8385848999023 34.7937126159668 34.7597999572754 34.754524230957 34.8419342041016 34.9101791381836 34.9443817138672 34.9338531494141 34.9299774169922 34.9480781555176 34.9471435546875 34.9206504821777
-3.4e+38 -3.4e+38 -3.4e+38 -3.4e+38 -3.4e+38 31.0423049926758 35.9142189025879 36.1624221801758 35.9338340759277 35.7379493713379 35.6242179870605 35.5328598022461 35.4416465759277 35.3636589050293 35.2607307434082 35.1776580810547 35.1530876159668 35.1469268798828 35.1567039489746 35.1631622314453 35.2126731872559 35.2872276306152 35.3233299255371 35.405933380127 35.4604911804199 35.5256195068359 35.5835571289062 35.5924835205078 35.3038291931152 34.988525390625 34.8773460388184 34.8107070922852 34.7861518859863 34.8660583496094 34.919605255127 34.9043998718262 34.8783874511719 34.838623046875 34.9156379699707 35.0272331237793 35.0295257568359 34.993896484375 34.9231758117676 34.8906364440918 34.9007606506348 34.9006385803223 34.9138526916504
-3.4e+38 -3.4e+38 -3.4e+38 -3.4e+38 -3.4e+38 -3.4e+38 36.1094360351562 36.0919418334961 35.8783493041992 35.8224220275879 35.9349212646484 35.8556137084961 35.7029075622559 35.651252746582 35.6243782043457 35.5684013366699 35.5105514526367 35.4572219848633 35.4292984008789 35.4344367980957 35.5083351135254 35.5640907287598 35.5885276794434 35.6964416503906 35.6993217468262 35.6714897155762 35.6369285583496 35.6532325744629 35.6425476074219 35.2779197692871 34.9788017272949 34.8569068908691 34.809154510498 34.8805084228516 34.938793182373 34.9286880493164 34.9128456115723 34.8946342468262 34.9521675109863 34.9809799194336 35.0010070800781 34.9833679199219 34.9544219970703 34.868968963623 34.8977088928223 34.9008522033691 34.9150657653809
-3.4e+38 -3.4e+38 -3.4e+38 -3.4e+38 -3.4e+38 -3.4e+38 36.1603965759277 36.0638122558594 35.890754699707 35.9374389648438 36.0698204040527 35.890754699707 35.7545433044434 35.7078971862793 35.7115097045898 35.7254180908203 35.7524795532227 35.7677688598633 35.7813339233398 35.8138389587402 35.8422737121582 35.8599891662598 35.8513259887695 35.8112030029297 35.8001441955566 35.7875518798828 35.7597579956055 35.7222595214844 35.7062759399414 35.616641998291 35.1421585083008 34.9285163879395 34.8070411682129 34.8324890136719 34.8934783935547 34.9195137023926 34.9164276123047 34.9366874694824 34.9820137023926 35.0017433166504 34.9836044311523 34.9411964416504 34.925163269043 34.8608703613281 34.8614616394043 34.8891983032227 34.9091300964355
-3.4e+38 -3.4e+38 -3.4e+38 -3.4e+38 -3.4e+38 -3.4e+38 36.1807098388672 36.0245590209961 35.9228630065918 36.0192718505859 36.0602149963379 35.9801063537598 35.9486122131348 35.9076919555664 35.8885803222656 35.8874092102051 35.8820762634277 35.8898620605469 35.8909034729004 35.9183883666992 35.9179916381836 35.9174995422363 35.9182891845703 35.8960227966309 35.869255065918 35.8194160461426 35.7751922607422 35.743968963623 35.7608985900879 35.7255630493164 35.4400291442871 35.0364456176758 34.8526763916016 34.7751617431641 34.8400344848633 34.8556632995605 34.8704490661621 34.9017448425293 34.9278259277344 34.9314270019531 34.8650016784668 34.8513298034668 34.8589286804199 34.857250213623 34.895809173584 34.9494781494141 34.988883972168
-3.4e+38 -3.4e+38 -3.4e+38 -3.4e+38 -3.4e+38 36.3589820861816 36.1282539367676 35.9877243041992 35.9572296142578 36.0623588562012 36.0645751953125 36.1244087219238 36.1699295043945 36.143970489502 36.1042442321777 36.0638198852539 36.0387802124023 36.0205230712891 36.0061378479004 35.9969024658203 35.9849319458008 35.957389831543 35.9463958740234 35.9322319030762 35.9108238220215 35.8979034423828 35.8395843505859 35.7869148254395 35.7487144470215 35.7264251708984 35.6310195922852 35.172046661377 34.8572196960449 34.7420349121094 34.7804298400879 34.7910270690918 34.7790985107422 34.7996482849121 34.8237113952637 34.8338050842285 34.8719100952148 34.9130859375 34.9457130432129 34.988525390625 35.0264053344727 35.080207824707 35.1428031921387
-3.4e+38 -3.4e+38 -3.4e+38 -3.4e+38 36.6940956115723 36.4035606384277 36.0778312683105 35.9728355407715 35.9799880981445 36.0835762023926 36.154182434082 36.2121086120605 36.2409057617188 36.2454490661621 36.2289352416992 36.2125930786133 36.1887397766113 36.1640930175781 36.126636505127 36.0941467285156 36.0633163452148 36.0442810058594 36.016731262207 35.993839263916 35.9654388427734 35.9136810302734 35.9060096740723 35.8445625305176 35.7541084289551 35.6733131408691 35.6327590942383 35.3267631530762 34.922191619873 34.7619209289551 34.7669105529785 34.7576179504395 34.7774200439453 34.8820304870605 34.9598960876465 35.0086059570312 34.9962577819824 34.9850425720215 35.0458641052246 35.0940895080566 35.1506843566895 35.1923217773438 35.2610778808594
