Ecospace-environmental-drivers/Outputs/ASCII-for-ecospace/MOM6-ISIMIP3a/so/1981-10_so_MOM6-ISIMIP3a.asc
NCOLS 131 
NROWS 53 
XLLCORNER -98 
YLLCORNER 23.9265270233154 
CELLSIZE 0.133587792515755 
NODATA_value -9999 
[rows 21 to 41 of 53, columns 0 to 46 of 131]
-9999 -9999 -9999 -9999 -9999 -9999 35.1711845397949 35.1504745483398 35.0942611694336 35.0026702880859 34.8998756408691 34.7458343505859 34.7630767822266 34.8144340515137 34.8626861572266 34.9073524475098 34.952823638916 34.998851776123 35.0416946411133 35.0833129882812 35.1591300964355 35.2409858703613 35.2743606567383 35.3028450012207 35.2994804382324 35.2931632995605 35.2772598266602 35.2551727294922 35.2222900390625 35.2038650512695 35.2003173828125 35.2233085632324 35.2624626159668 35.3098182678223 35.3599014282227 35.4026908874512 35.4445533752441 35.4973754882812 35.5497817993164 35.5995063781738 35.6171226501465 35.5453453063965 35.4589881896973 35.3501014709473 35.2665138244629 35.2061424255371 35.2301139831543
-9999 -9999 -9999 -9999 -9999 -9999 35.1748390197754 35.1711845397949 35.129768371582 35.0734176635742 35.0026702880859 34.9511222839355 34.9424743652344 35.0187072753906 35.1000938415527 35.187427520752 35.2628059387207 35.3299674987793 35.3634223937988 35.3838577270508 35.4417762756348 35.5063095092773 35.5461463928223 35.5813980102539 35.5829277038574 35.5801887512207 35.5636100769043 35.5425567626953 35.5136871337891 35.492805480957 35.4801445007324 35.4892997741699 35.5117454528809 35.5466918945312 35.5858039855957 35.6238403320312 35.6617698669434 35.7052764892578 35.749080657959 35.7948150634766 35.8164176940918 35.7708511352539 35.7078323364258 35.617847442627 35.5444984436035 35.4864158630371 35.4985771179199
-9999 -9999 -9999 -9999 35.148551940918 35.1689872741699 35.1776924133301 35.1756362915039 35.1711845397949 35.0883483886719 35.0314674377441 35.0739364624023 35.134838104248 35.2322044372559 35.3422966003418 35.4670753479004 35.5680847167969 35.6527671813965 35.6763648986816 35.6763763427734 35.7165489196777 35.7638092041016 35.8095550537109 35.8510360717773 35.8572425842285 35.8578338623047 35.840217590332 35.8202285766602 35.7960929870605 35.7728157043457 35.7504119873047 35.7444381713867 35.7484703063965 35.7694664001465 35.7961158752441 35.8287696838379 35.8622550964355 35.8962173461914 35.9311180114746 35.971981048584 35.9971656799316 35.9786949157715 35.9400329589844 35.8701629638672 35.8071746826172 35.7504997253418 35.749698638916
-9999 -9999 -9999 -9999 35.1014518737793 35.1460800170898 35.160285949707 35.1776924133301 35.178035736084 35.1823844909668 35.199031829834 35.2627334594727 35.3423843383789 35.4535942077637 35.5637283325195 35.6726226806641 35.7576637268066 35.8263320922852 35.8547744750977 35.8676834106445 35.8997955322266 35.9352912902832 35.9753456115723 36.0120735168457 36.0202941894531 36.0227851867676 36.006721496582 35.9888343811035 35.9677734375 35.9449653625488 35.9203605651855 35.9094390869141 35.9068565368652 35.9181480407715 35.9340629577637 35.9584312438965 35.9839820861816 36.0108375549316 36.038703918457 36.072998046875 36.0974388122559 36.094425201416 36.0727767944336 36.0223159790039 35.9709548950195 35.9187660217285 35.9049606323242
-9999 -9999 -9999 -9999 -9999 35.1014518737793 35.144889831543 35.1428756713867 35.189380645752 35.2699012756348 35.3517112731934 35.4384651184082 35.537166595459 35.6595115661621 35.77001953125 35.866870880127 35.9394149780273 35.9952697753906 36.0276985168457 36.0510787963867 36.0751266479492 36.0992889404297 36.1323204040527 36.1630363464355 36.1728477478027 36.177001953125 36.1627922058105 36.1468963623047 36.1280517578125 36.1053352355957 36.0786323547363 36.0628356933594 36.0536880493164 36.0562934875488 36.062816619873 36.0795288085938 36.0976600646973 36.1175804138184 36.1385116577148 36.1658668518066 36.188648223877 36.1987037658691 36.1925201416016 36.1612434387207 36.1222686767578 36.0762176513672 36.052001953125
-9999 -9999 -9999 -9999 -9999 35.0864944458008 35.1014518737793 35.1575355529785 35.2204475402832 35.3288154602051 35.4391403198242 35.5569381713867 35.6760025024414 35.7975730895996 35.9099082946777 36.011589050293 36.0868339538574 36.1439247131348 36.176570892334 36.199779510498 36.215763092041 36.2304725646973 36.2506523132324 36.2698059082031 36.2793960571289 36.2841300964355 36.273120880127 36.2587089538574 36.2383460998535 36.214054107666 36.1857070922852 36.1653442382812 36.1498413085938 36.1482429504395 36.1512756347656 36.1630630493164 36.1760635375977 36.1898040771484 36.2042236328125 36.2229995727539 36.2401428222656 36.2527503967285 36.2552642822266 36.2421798706055 36.2188987731934 36.1862564086914 36.1629867553711
-9999 -9999 35.0545616149902 35.0581169128418 35.0616149902344 35.0715217590332 35.0865135192871 35.1685981750488 35.2575263977051 35.3853073120117 35.5156021118164 35.6555328369141 35.7893486022949 35.9110641479492 36.0249099731445 36.1296691894531 36.2083129882812 36.2690277099609 36.3060646057129 36.3339614868164 36.3472137451172 36.3578834533691 36.3680534362793 36.3778610229492 36.3847312927246 36.3877639770508 36.3783493041992 36.3644256591797 36.3426322937012 36.317081451416 36.287670135498 36.2635841369629 36.2427406311035 36.2362365722656 36.2345085144043 36.2412223815918 36.2491035461426 36.2571258544922 36.2655715942383 36.276683807373 36.2882537841797 36.3010940551758 36.309024810791 36.3093643188477 36.2989616394043 36.2786979675293 36.2580528259277
-9999.000000000000000 -9999 -9999 -9999 35.0412178039551 35.0517082214355 35.0425758361816 35.1718101501465 35.3077201843262 35.4365005493164 35.5681457519531 35.7107582092285 35.8470802307129 35.9709587097168 36.0856170654297 36.1896324157715 36.2732124328613 36.3427505493164 36.3932800292969 36.4364738464355 36.4586296081543 36.4770736694336 36.4834213256836 36.4887161254883 36.487434387207 36.4837837219238 36.4724464416504 36.456844329834 36.4337959289551 36.4077033996582 36.378475189209 36.3525161743164 36.3285446166992 36.3156051635742 36.3063468933105 36.3076591491699 36.3104362487793 36.3137702941895 36.3173904418945 36.3228530883789 36.328987121582 36.3369979858398 36.3431816101074 36.3465423583984 36.3428726196289 36.3327522277832 36.3183860778809
-9999 -9999 -9999 -9999 35.0141563415527 35.0004272460938 35.0064849853516 35.1772193908691 35.3525848388672 35.4806442260742 35.6119079589844 35.7554473876953 35.8934326171875 36.0204277038574 36.1368103027344 36.2409477233887 36.3280258178711 36.4033813476562 36.4622421264648 36.5147323608398 36.5417022705078 36.5641708374023 36.5670700073242 36.5685844421387 36.5621604919434 36.5544662475586 36.5426635742188 36.5276374816895 36.5069923400879 36.4840202331543 36.4586601257324 36.4341163635254 36.4100723266602 36.3935432434082 36.379524230957 36.3761024475098 36.374153137207 36.3734359741211 36.3729286193848 36.3737831115723 36.3753280639648 36.3788070678711 36.382453918457 36.386360168457 36.3863983154297 36.3828887939453 36.3735618591309
-9999 -9999 -9999 -9999 34.9953842163086 34.9903373718262 34.9841079711914 35.1853866577148 35.3907508850098 35.5159225463867 35.6446304321289 35.7868843078613 35.925464630127 36.0567855834961 36.1760444641113 36.2813835144043 36.3701553344727 36.4475440979004 36.5082359313965 36.5624847412109 36.5891265869141 36.6108932495117 36.6108093261719 36.6094703674316 36.601692199707 36.5932807922363 36.582836151123 36.5712242126465 36.5575752258301 36.5423431396484 36.5254783630371 36.5064926147461 36.486213684082 36.4696769714355 36.4543914794922 36.4470710754395 36.4408683776855 36.4369049072266 36.4331474304199 36.4307060241699 36.4287300109863 36.428050994873 36.4281616210938 36.4294929504395 36.4294357299805 36.4280967712402 36.4222412109375
-9999 -9999 -9999 -9999 34.9903373718262 34.982795715332 34.9739418029785 35.1934242248535 35.415943145752 35.5385360717773 35.6658210754395 35.8110504150391 35.9527549743652 36.0874862670898 36.2089767456055 36.3151893615723 36.4038619995117 36.4804954528809 36.5396499633789 36.5920600891113 36.6150550842285 36.6328582763672 36.6300010681152 36.6261215209961 36.6174583435059 36.6086845397949 36.5995407104492 36.5904312133789 36.5813827514648 36.5717086791992 36.5613822937012 36.5485801696777 36.5342712402344 36.5209426879883 36.5079460144043 36.4999313354492 36.492618560791 36.4873046875 36.4822273254395 36.4786682128906 36.475414276123 36.4730186462402 36.4714622497559 36.4711990356445 36.4704742431641 36.4693260192871 36.4651222229004
-9999 -9999 -9999 -9999 34.9823570251465 34.9739418029785 35.2084732055664 35.2013664245605 35.4314041137695 35.5516548156738 35.6783638000488 35.8297691345215 35.976490020752 36.1139450073242 36.2371826171875 36.3440170288086 36.4312553405762 36.5050354003906 36.5601272583008 36.6080017089844 36.6248626708984 36.6362533569336 36.6307830810547 36.6245880126953 36.615406036377 36.6065292358398 36.5986404418945 36.5913543701172 36.5851097106934 36.5793533325195 36.5740966796875 36.5679550170898 36.5612640380859 36.5535583496094 36.5455131530762 36.5392112731934 36.5331535339355 36.5279006958008 36.5229530334473 36.519905090332 36.5170631408691 36.5147857666016 36.5129585266113 36.511833190918 36.5100173950195 36.5075721740723 36.5036506652832
-9999 -9999 -9999 -9999 34.9739418029785 35.269702911377 35.3852119445801 35.4651565551758 35.4684371948242 35.5798988342285 35.7003593444824 35.8552780151367 36.0051498413086 36.1450424194336 36.2678375244141 36.3708992004395 36.4529151916504 36.5204734802246 36.5703201293945 36.6133232116699 36.6254959106445 36.6322288513184 36.6248550415039 36.6169776916504 36.6074295043945 36.5984497070312 36.5913009643555 36.584846496582 36.5796051025391 36.5751533508301 36.5715179443359 36.5679550170898 36.5644378662109 36.5598793029785 36.5549774169922 36.5509185791016 36.5469818115234 36.5433311462402 36.5399322509766 36.5381278991699 36.5366325378418 36.5359878540039 36.5355796813965 36.5355377197266 36.5343894958496 36.5322265625 36.5288047790527
-9999 -9999 -9999 -9999 -9999 35.4859886169434 35.5111808776855 35.4891090393066 35.5147171020508 35.6146202087402 35.7264060974121 35.8836936950684 36.0359191894531 36.1781311035156 36.2995414733887 36.3969497680664 36.4721145629883 36.5320129394531 36.5761032104492 36.6140937805176 36.6221961975098 36.6250228881836 36.6160507202148 36.6067581176758 36.5969200134277 36.5878372192383 36.5812034606934 36.5751609802246 36.5701522827148 36.5658836364746 36.5623779296875 36.5596542358398 36.5574035644531 36.554931640625 36.5523910522461 36.5508117675781 36.5493698120117 36.5479774475098 36.5467414855957 36.5464897155762 36.5467376708984 36.5483779907227 36.5501098632812 36.5519905090332 36.5522613525391 36.5510597229004 36.548225402832
-9999 -9999 -9999 -9999 -9999 35.5698623657227 35.5615692138672 35.5792770385742 35.5828819274902 35.6777687072754 35.7847900390625 35.9382591247559 36.0856246948242 36.2209205627441 36.3329429626465 36.4181213378906 36.4841995239258 36.5371589660645 36.5772743225098 36.6124305725098 36.6181297302246 36.6186332702637 36.6088485717773 36.5988883972168 36.5893707275391 36.580638885498 36.5744590759277 36.5688095092773 36.5640830993652 36.5599822998047 36.5565223693848 36.5538864135742 36.5517539978027 36.5497283935547 36.5477447509766 36.5469551086426 36.5463333129883 36.5462036132812 36.5462036132812 36.5470123291016 36.5483474731445 36.5511512756348 36.5542068481445 36.5576400756836 36.5592460632324 36.5591735839844 36.556999206543
-9999 -9999 -9999 -9999 -9999 35.6366729736328 35.6368370056152 35.616325378418 35.655574798584 35.7467994689941 35.8498611450195 35.9982299804688 36.1392478942871 36.2657165527344 36.3667030334473 36.4382858276367 36.4948081970215 36.5409812927246 36.5774879455566 36.6102600097656 36.6139068603516 36.6124153137207 36.6019744873047 36.5915069580078 36.5824356079102 36.5741500854492 36.5684127807617 36.5631523132324 36.5587196350098 36.5547790527344 36.5513496398926 36.5486488342285 36.5463905334473 36.5444755554199 36.542667388916 36.5423202514648 36.542179107666 36.5431060791016 36.5441436767578 36.5459136962891 36.5481986999512 36.5519409179688 36.5561408996582 36.5610580444336 36.5639801025391 36.5650672912598 36.5635681152344
-9999 -9999 -9999 -9999 -9999 -9999 35.7116165161133 35.7149047851562 35.7227325439453 35.813362121582 35.9145469665527 36.0561218261719 36.1877746582031 36.2998046875 36.3876113891602 36.4474754333496 36.4975891113281 36.5410118103027 36.5760307312012 36.6078071594238 36.6102714538574 36.6075592041016 36.5970344543457 36.5865745544434 36.5780639648438 36.5702705383301 36.5647811889648 36.5597114562988 36.5553703308105 36.5511589050293 36.5470771789551 36.5434494018555 36.540096282959 36.537483215332 36.5351104736328 36.5352592468262 36.5357666015625 36.5379676818848 36.5402488708496 36.5430679321289 36.5462913513184 36.5506362915039 36.5555000305176 36.5611686706543 36.5646286010742 36.5660629272461 36.5641860961914
-9999 -9999 -9999 -9999 -9999 -9999 35.7830390930176 35.8036155700684 35.788444519043 35.8784523010254 35.9777793884277 36.1127815246582 36.2350234985352 36.3320274353027 36.4065933227539 36.4552726745605 36.4994354248047 36.5405006408691 36.5742988586426 36.6052894592285 36.6066970825195 36.6028823852539 36.5923271179199 36.581916809082 36.5739555358887 36.5666313171387 36.5613670349121 36.5564651489258 36.5521850585938 36.5476875305176 36.5429573059082 36.5384101867676 36.5339736938477 36.5306701660156 36.5277481079102 36.5283889770508 36.529541015625 36.5329856872559 36.5364799499512 36.5403289794922 36.5444602966309 36.5493812561035 36.5548439025879 36.5611457824707 36.5649795532227 36.5665550231934 36.5640525817871
-9999 -9999 -9999 -9999 -9999 -9999 35.8579521179199 35.8305931091309 35.8414001464844 35.9289627075195 36.0256576538086 36.1573028564453 36.2710762023926 36.3494873046875 36.4111366271973 36.4534492492676 36.495002746582 36.5360374450684 36.5704078674316 36.6022071838379 36.6035232543945 36.5994567871094 36.5891609191895 36.5790252685547 36.5713882446289 36.564323425293 36.5591316223145 36.5542182922363 36.5497970581055 36.5450592041016 36.5399894714355 36.535026550293 36.5301284790039 36.5266304016113 36.5235977172852 36.5246963500977 36.5263824462891 36.530647277832 36.5349502563477 36.5395317077637 36.5443153381348 36.5496711730957 36.5552749633789 36.5612640380859 36.5640754699707 36.5639724731445 36.5587310791016
-9999 -9999 -9999 -9999 -9999 35.9910049438477 35.9332504272461 35.9396476745605 35.8965301513672 35.9817657470703 36.0750503540039 36.1991310119629 36.3020935058594 36.3632736206055 36.4132308959961 36.4502410888672 36.4897041320801 36.5308494567871 36.5659599304199 36.5987396240234 36.6002578735352 36.5962562561035 36.5862770080566 36.5764617919922 36.5691261291504 36.562313079834 36.5571937561035 36.5522956848145 36.5477828979492 36.5429573059082 36.5378150939941 36.5326843261719 36.5275573730469 36.5240631103516 36.5211067199707 36.5226287841797 36.524787902832 36.5295448303223 36.5343589782715 36.5395164489746 36.5448036193848 36.5504722595215 36.5559768676758 36.5612297058105 36.5625686645508 36.5603141784668 36.5518951416016
-9999 -9999 -9999 -9999 36.1331214904785 36.0454711914062 35.9910049438477 35.9717597961426 35.9596405029297 36.0429916381836 36.1300086975098 36.231071472168 36.314640045166 36.3636054992676 36.4063568115234 36.4419479370117 36.4812164306641 36.5230140686035 36.5594673156738 36.5938568115234 36.5966529846191 36.5938720703125 36.5844230651855 36.5750923156738 36.5679931640625 36.5613861083984 36.5563621520996 36.5515594482422 36.5471458435059 36.5428047180176 36.5385398864746 36.5341415405273 36.529655456543 36.5268859863281 36.5246925354004 36.5265274047852 36.5289344787598 36.5329895019531 36.5371971130371 36.5423583984375 36.5476150512695 36.5531311035156 36.5576515197754 36.5606346130371 36.5588531494141 36.5527000427246 36.5395088195801
