Ecospace-environmental-drivers/Outputs/ASCII-for-ecospace/MOM6-ISIMIP3a/so/1981-08_so_MOM6-ISIMIP3a.asc
NCOLS 131 
NROWS 53 
XLLCORNER -98 
YLLCORNER 23.9265270233154 
CELLSIZE 0.133587792515755 
NODATA_value -9999 
[rows 0 to 20 of 53, columns 47 to 93 of 131]
-9999 -9999 -9999 -9999 -9999 -9999 -9999 -9999 -9999 -9999 -9999 -9999 -9999 -9999 -9999 -9999 -9999 -9999 -9999 -9999 -9999 -9999 -9999 -9999 -9999 -9999 -9999 -9999 -9999 -9999 -9999 -9999 -9999 -9999 -9999 -9999 -9999 -9999 -9999 -9999 -9999 -9999 -9999 -9999 -9999 -9999 -9999
-9999 -9999 -9999 -9999 -9999 -9999 -9999 -9999 -9999 -9999 -9999 -9999 -9999 -9999 -9999 -9999 -9999 -9999 -9999 -9999 -9999 -9999 -9999 -9999 -9999 -9999 -9999 -9999 -9999 -9999 -9999 -9999 -9999 -9999 -9999 -9999 -9999 -9999 -9999 -9999 -9999 -9999 -9999 -9999 -9999 -9999 -9999
-9999 -9999 -9999 -9999 -9999 -9999 -9999 -9999 -9999 -9999 -9999 -9999 -9999 -9999 -9999 -9999 -9999 -9999 -9999 -9999 -9999 -9999 -9999 -9999 -9999 -9999 -9999 30.8790855407715 31.341157913208 -9999 -9999 -9999 -9999 -9999 -9999 -9999 -9999 -9999 -9999 -9999 -9999 -9999 -9999 -9999 -9999 -9999 -9999
-9999 -9999 -9999 -9999 -9999 -9999 -9999 -9999 -9999 -9999 -9999 -9999 -9999 -9999 -9999 -9999 -9999 -9999 -9999 -9999 -9999 -9999 -9999 -9999 -9999 -9999 -9999 30.9042930603027 31.3555698394775 -9999 -9999 -9999 -9999 -9999 -9999 -9999 -9999 -9999 -9999 -9999 -9999 -9999 -9999 -9999 -9999 -9999 -9999
-9999 -9999 -9999 -9999 -9999 -9999 -9999 -9999 -9999 -9999 -9999 -9999 -9999 -9999 -9999 -9999 -9999 -9999 24.9670238494873 25.1374683380127 25.2738246917725 26.0692195892334 26.7871341705322 28.059398651123 29.0510940551758 29.791389465332 30.4119052886963 30.9288902282715 31.3720817565918 31.765739440918 -9999 -9999 32.9823112487793 33.4071807861328 33.7909698486328 34.1233177185059 34.367259979248 34.5576972961426 34.7039604187012 34.8379287719727 34.9511985778809 35.0207824707031 -9999 -9999 -9999 -9999 -9999
-9999 -9999 -9999 -9999 -9999 -9999 -9999 -9999 -9999 -9999 -9999 -9999 -9999 -9999 20.508264541626 -9999 20.1994972229004 19.9516105651855 22.477087020874 24.9670238494873 25.171558380127 25.2738246917725 26.8646144866943 28.2229652404785 29.0906181335449 29.8396968841553 30.4438552856445 30.9521636962891 31.3906536102295 31.7734298706055 32.1331329345703 32.5524749755859 32.9835395812988 33.4109230041504 33.8270835876465 34.1348991394043 34.4079742431641 34.558910369873 34.7062110900879 34.8467597961426 34.9608192443848 35.046012878418 35.0555152893066 35.0160369873047 -9999 -9999 -9999
-9999 -9999 -9999 -9999 -9999 -9999 -9999 -9999 -9999 -9999 22.9876346588135 23.0006484985352 23.0144939422607 23.0631847381592 21.8203182220459 20.5525875091553 20.4639415740967 20.1829395294189 19.9516105651855 22.5126247406006 24.9670238494873 25.2738246917725 26.8646144866943 28.2229652404785 29.0906181335449 29.8396968841553 30.4438552856445 30.9521636962891 31.3906536102295 31.7734298706055 32.1331329345703 32.5524749755859 32.9835395812988 33.4109230041504 33.8270835876465 34.1348991394043 34.4079742431641 34.558910369873 34.7062110900879 34.8467597961426 34.9608192443848 35.046012878418 35.0555152893066 35.0160369873047 35.0056037902832 35.060546875 -9999
-9999 -9999 -9999 -9999 -9999 -9999 -9999 -9999 -9999 -9999 22.9178562164307 22.9876346588135 23.0136642456055 -9999 23.1337089538574 21.9091682434082 20.6412315368652 20.4639415740967 20.133264541626 19.9516105651855 22.6192378997803 25.1071319580078 26.8428173065186 28.3316688537598 29.2994365692139 30.0846920013428 30.646879196167 31.1297988891602 31.5549774169922 31.9328765869141 32.2911911010742 32.6884956359863 33.0934600830078 33.4637222290039 33.8192825317383 34.043773651123 34.2466239929199 34.3734016418457 34.5193176269531 34.7007942199707 34.871280670166 35.0298004150391 35.0900764465332 35.0867919921875 35.0871696472168 35.0888633728027 35.0793762207031
-9999 -9999 -9999 -9999 -9999 -9999 -9999 -9999 -9999 -9999 -9999 -9999 -9999 -9999 23.0992164611816 23.2622146606445 22.0792369842529 20.8185234069824 20.4639415740967 19.9842414855957 22.5291996002197 24.9479179382324 26.8383178710938 28.4666061401367 29.5415554046631 30.3642654418945 30.8786849975586 31.3315010070801 31.7394504547119 32.1093215942383 32.4634246826172 32.8344459533691 33.208797454834 33.5152893066406 33.8034439086914 33.9370346069336 34.0633506774902 34.1640930175781 34.3087501525879 34.5349540710449 34.7678413391113 35.0080108642578 35.1254768371582 35.1635437011719 35.1410102844238 35.0967063903809 35.0750312805176
31.7602043151855 -9999 -9999 -9999 -9999 -9999 -9999 -9999 -9999 -9999 25.9111671447754 22.8463325500488 -9999 -9999 -9999 23.21826171875 23.4766311645508 22.4188270568848 21.1731052398682 21.3791351318359 23.5596408843994 25.6728477478027 27.5043888092041 29.0828495025635 30.1270332336426 30.8939666748047 31.3220481872559 31.6804714202881 31.9881553649902 32.2614059448242 32.520393371582 32.8042526245117 33.0929985046387 33.3255081176758 33.543815612793 33.6437530517578 33.7442283630371 33.8465805053711 33.999137878418 34.2449378967285 34.5300521850586 34.8579978942871 35.0586051940918 35.1768112182617 35.183967590332 35.1512336730957 35.1052207946777
31.6710090637207 31.6578426361084 -9999 -9999 -9999 -9999 -9999 -9999 -9999 -9999 27.3308639526367 25.3778305053711 22.8463325500488 -9999 -9999 23.1958694458008 23.4712810516357 23.7627429962158 23.2230644226074 22.7835140228271 24.6323642730713 26.4598731994629 28.1980667114258 29.6980895996094 30.6953182220459 31.4025497436523 31.7553462982178 32.0283966064453 32.2433624267578 32.4248542785645 32.5924835205078 32.7897262573242 32.9927864074707 33.1542663574219 33.3058433532715 33.3757820129395 33.4528617858887 33.5550727844238 33.7118339538574 33.9699096679688 34.2978744506836 34.7019958496094 34.9818305969238 35.1812515258789 35.2209091186523 35.2031745910645 35.1381492614746
31.6710090637207 31.6315097808838 31.5570793151855 31.3179912567139 -9999 -9999 -9999 -9999 -9999 -9999 -9999 26.5379238128662 24.7562694549561 22.8463325500488 22.9876346588135 23.1958694458008 23.4712810516357 23.7627429962158 23.9556980133057 24.2387657165527 25.9318695068359 27.579984664917 29.0398197174072 30.3079528808594 31.1713924407959 31.7978477478027 32.1346588134766 32.3707313537598 32.5334281921387 32.6492691040039 32.7456970214844 32.859245300293 32.9761581420898 33.0824546813965 33.1840438842773 33.2435493469238 33.3103981018066 33.4030647277832 33.5441818237305 33.775276184082 34.0958290100098 34.5138511657715 34.8519592285156 35.1383590698242 35.2255668640137 35.2412223815918 35.1857566833496
31.7424716949463 31.6611251831055 31.60813331604 31.3275508880615 -9999 -9999 -9999 -9999 28.8730144500732 28.0518074035645 27.3267841339111 26.7338047027588 25.5531806945801 23.8917617797852 23.5218086242676 23.7635936737061 24.0301265716553 24.3025741577148 24.9693012237549 25.7142715454102 27.2038402557373 28.6376266479492 29.8379573822021 30.8856945037842 31.6112957000732 32.1518707275391 32.46630859375 32.6712265014648 32.7963714599609 32.8686676025391 32.9190826416016 32.9729042053223 33.0273971557617 33.0882987976074 33.1477737426758 33.1910018920898 33.2410049438477 33.314811706543 33.4314575195312 33.6276626586914 33.927074432373 34.3389282226562 34.7173538208008 35.074146270752 35.211727142334 35.2705612182617 35.2373809814453
31.9925937652588 31.8059844970703 31.6204414367676 31.3275508880615 31.01828956604 30.5637397766113 30.0899028778076 29.5179576873779 28.8730144500732 28.0518074035645 27.3267841339111 26.7338047027588 26.0792388916016 25.3742828369141 25.3914432525635 25.7506542205811 25.9861183166504 26.1920146942139 26.685338973999 27.240421295166 28.4069786071777 29.5390930175781 30.5270614624023 31.3831348419189 31.960765838623 32.4027061462402 32.6787986755371 32.867115020752 32.9914894104004 33.0755386352539 33.1428833007812 33.196907043457 33.2483100891113 33.2882881164551 33.3253173828125 33.3376693725586 33.3542938232422 33.3859481811523 33.4560623168945 33.5976104736328 33.8415603637695 34.197078704834 34.5709266662598 34.9566345214844 35.1516380310059 35.278133392334 35.2990608215332
32.3173217773438 32.0745124816895 31.8160552978516 31.5167140960693 31.2087497711182 30.7809467315674 30.3335437774658 29.786449432373 29.1791000366211 28.4262504577637 27.7950286865234 27.3307857513428 27.0901527404785 27.0324745178223 27.3028984069824 27.7287368774414 27.9503917694092 28.1232604980469 28.4746990203857 28.8684692382812 29.6997928619385 30.5181541442871 31.2822666168213 31.9431114196777 32.3859481811523 32.7310638427734 32.9567413330078 33.1149101257324 33.2238998413086 33.3052177429199 33.3750762939453 33.4289817810059 33.4797515869141 33.5080718994141 33.5318984985352 33.5199661254883 33.5082473754883 33.4972915649414 33.5215187072754 33.6110801696777 33.8029441833496 34.106273651123 34.462215423584 34.8522033691406 35.0771369934082 35.2427787780762 35.3061943054199
32.7475357055664 32.5178833007812 32.2708320617676 31.9733238220215 31.6684875488281 31.3052425384521 30.9216480255127 30.4345417022705 29.917932510376 29.3300895690918 28.9252891540527 28.771785736084 28.7865676879883 28.9390335083008 29.2734794616699 29.6941242218018 29.9263725280762 30.1136074066162 30.3677234649658 30.6405849456787 31.1193904876709 31.6069145202637 32.1309242248535 32.5915031433105 32.9181747436523 33.1690292358398 33.327220916748 33.436092376709 33.509033203125 33.5671501159668 33.6191291809082 33.6724700927734 33.7260780334473 33.7558364868164 33.7795333862305 33.7526321411133 33.7196884155273 33.6654853820801 33.6447296142578 33.6860885620117 33.8306465148926 34.0876388549805 34.4068298339844 34.7662620544434 34.9822616577148 35.1467361450195 35.2362213134766
33.102897644043 32.8958549499512 32.6717376708984 32.3984146118164 32.1189575195312 31.8098793029785 31.4868335723877 31.0927562713623 30.6926784515381 30.278112411499 30.0491065979004 30.0748481750488 30.2239074707031 30.4738616943359 30.8214817047119 31.2153644561768 31.4611282348633 31.6714992523193 31.8708152770996 32.0732383728027 32.3318977355957 32.6067543029785 32.9493980407715 33.2515907287598 33.468376159668 33.6247634887695 33.707332611084 33.7601203918457 33.7912139892578 33.8209266662598 33.8500709533691 33.8896331787109 33.9312515258789 33.9515953063965 33.9655418395996 33.9246559143066 33.8757400512695 33.798583984375 33.7536087036133 33.7683944702148 33.8832321166992 34.1070785522461 34.3897933959961 34.7106018066406 34.904842376709 35.0536193847656 35.1500511169434
33.3952255249023 33.2187461853027 33.0272827148438 32.7969703674316 32.5616302490234 32.2979583740234 32.0327186584473 31.7594928741455 31.4976634979248 31.2633457183838 31.1674995422363 31.2617530822754 31.443078994751 31.6956443786621 32.0136222839355 32.3625831604004 32.6243171691895 32.8652114868164 33.045539855957 33.2200241088867 33.3700103759766 33.5317115783691 33.7424583435059 33.9215240478516 34.0337142944336 34.0954627990723 34.0955581665039 34.0865478515625 34.0709075927734 34.0678329467773 34.0699615478516 34.0846328735352 34.1017684936523 34.1035614013672 34.0996513366699 34.0456047058105 33.9851455688477 33.9021263122559 33.8504180908203 33.8568458557129 33.9567756652832 34.158576965332 34.4050559997559 34.6804428100586 34.8421249389648 34.9629669189453 35.0502433776855
33.7810859680176 33.64111328125 33.4856414794922 33.2973861694336 33.1054039001465 32.903507232666 32.702808380127 32.5082092285156 32.3299751281738 32.1912536621094 32.149055480957 32.2393684387207 32.3942604064941 32.6019897460938 32.8649291992188 33.1540184020996 33.408576965332 33.6548843383789 33.8359527587891 34.0081672668457 34.1167259216309 34.2249298095703 34.3316612243652 34.4067001342773 34.4148406982422 34.3906707763672 34.3270111083984 34.2741622924805 34.2291946411133 34.2062530517578 34.1924362182617 34.1879539489746 34.1853065490723 34.1701622009277 34.1507873535156 34.0945854187012 34.0360984802246 33.969596862793 33.931713104248 33.9469757080078 34.0398483276367 34.2172698974609 34.4239349365234 34.6495170593262 34.7848167419434 34.8876876831055 34.9660186767578
34.2127227783203 34.1121635437012 33.9943161010742 33.8476486206055 33.698657989502 33.5665397644043 33.4336776733398 33.297046661377 33.1756629943848 33.0911064147949 33.063648223877 33.1145706176758 33.2143020629883 33.3539695739746 33.5494384765625 33.7713432312012 34.0073928833008 34.246826171875 34.4382934570312 34.6208000183105 34.7208404541016 34.804744720459 34.821102142334 34.8014602661133 34.7058219909668 34.6000022888184 34.4817428588867 34.3938484191895 34.328067779541 34.2915840148926 34.2672348022461 34.246410369873 34.2262802124023 34.1949920654297 34.1613159179688 34.108341217041 34.0584526062012 34.0194091796875 34.0054130554199 34.0379295349121 34.1275787353516 34.2794876098633 34.4445838928223 34.6182136535645 34.730152130127 34.8199348449707 34.8894271850586
34.5938987731934 34.533275604248 34.4597854614258 34.3541069030762 34.2453804016113 34.1433982849121 34.039981842041 33.9292449951172 33.8296279907227 33.7568550109863 33.7257118225098 33.7517242431641 33.8128967285156 33.9028434753418 34.0405387878418 34.2008514404297 34.3885726928711 34.5828475952148 34.7526969909668 34.9164085388184 35.0152397155762 35.0916595458984 35.074291229248 35.0115242004395 34.8529014587402 34.6977691650391 34.5469017028809 34.4412536621094 34.3685417175293 34.3305320739746 34.3068885803223 34.2820816040039 34.2570457458496 34.2247505187988 34.1917839050293 34.1549377441406 34.1234550476074 34.1108283996582 34.1178665161133 34.1614265441895 34.2428817749023 34.3656349182129 34.4934692382812 34.6245994567871 34.7142639160156 34.7890319824219 34.8485336303711
