Ecospace-environmental-drivers/Outputs/ASCII-for-ecospace/MOM6-ISIMIP3a/so/1982-01_so_MOM6-ISIMIP3a.asc
NCOLS 131 
NROWS 53 
XLLCORNER -98 
YLLCORNER 23.9265270233154 
CELLSIZE 0.133587792515755 
NODATA_value -9999 
[rows 21 to 41 of 53, columns 47 to 93 of 131]
36.3839797973633 36.3721313476562 36.3496284484863 36.2357215881348 36.1126747131348 35.9954376220703 35.8938255310059 35.871696472168 35.8483200073242 35.8219451904297 35.7946929931641 35.7662315368652 35.7474403381348 35.7365608215332 35.7353172302246 35.7386360168457 35.7511749267578 35.7659149169922 35.7810859680176 35.7970123291016 35.8235359191895 35.8522033691406 35.8898582458496 35.9264717102051 35.9608879089355 35.9912910461426 36.0167961120605 36.0404243469238 36.0626792907715 36.0842666625977 36.1055755615234 36.1266059875488 36.1475868225098 36.1725845336914 36.1978149414062 36.2238349914551 36.2491760253906 36.2721252441406 36.2922744750977 36.3072128295898 36.3222465515137 36.3373756408691 36.3475379943848 36.3544883728027 36.3582420349121 36.3608474731445 36.3628005981445
36.4941139221191 36.4903869628906 36.4815635681152 36.4218788146973 36.3564147949219 36.275447845459 36.2032165527344 36.1754188537598 36.1488456726074 36.1252250671387 36.0993576049805 36.0704078674316 36.0434379577637 36.0180854797363 35.9979705810547 35.9803352355957 35.9634399414062 35.9467277526855 35.9452514648438 35.9462471008301 35.9680366516113 35.9927864074707 36.029914855957 36.0629730224609 36.0874443054199 36.1091766357422 36.1275634765625 36.1456604003906 36.1635398864746 36.1818237304688 36.2002716064453 36.2194290161133 36.2387237548828 36.2565460205078 36.274097442627 36.2895126342773 36.3044242858887 36.3175659179688 36.3288955688477 36.336856842041 36.3449783325195 36.353271484375 36.3584899902344 36.3617210388184 36.3631248474121 36.3638725280762 36.3649368286133
36.5830116271973 36.5842666625977 36.5854682922363 36.5767478942871 36.5658569335938 36.5238494873047 36.4833793640137 36.450740814209 36.4221687316895 36.4034118652344 36.3819236755371 36.3566932678223 36.3264617919922 36.2921409606934 36.2554321289062 36.2175903320312 36.1714210510254 36.1232604980469 36.1052284240723 36.0914993286133 36.1102638244629 36.1326904296875 36.1704368591309 36.2006378173828 36.2148933410645 36.2275009155273 36.238094329834 36.2502937316895 36.2636680603027 36.2784004211426 36.2936973571777 36.3107986450195 36.328254699707 36.3386650085449 36.3483200073242 36.3530960083008 36.3575096130371 36.3606643676758 36.3630714416504 36.3640975952148 36.3655281066895 36.3673934936523 36.3680877685547 36.3680267333984 36.3673973083496 36.3665657043457 36.3668212890625
36.5955696105957 36.5953941345215 36.5951347351074 36.5901947021484 36.584228515625 36.5635147094727 36.5433807373047 36.5261726379395 36.5107154846191 36.4994735717773 36.486385345459 36.4707489013672 36.4475173950195 36.4180679321289 36.3834381103516 36.3463554382324 36.2899703979492 36.2289733886719 36.2101936340332 36.197021484375 36.2231941223145 36.2505683898926 36.2829780578613 36.3055114746094 36.3071975708008 36.3090629577637 36.3111457824707 36.316349029541 36.3238258361816 36.3335189819336 36.3441314697266 36.3551559448242 36.3662643432617 36.3718605041504 36.376823425293 36.3775634765625 36.3780326843262 36.377555847168 36.3769454956055 36.3760757446289 36.3755226135254 36.3753051757812 36.3744773864746 36.3732528686523 36.3718719482422 36.3704376220703 36.3697471618652
36.6057243347168 36.6043586730957 36.6028861999512 36.6010437011719 36.5991172790527 36.5959091186523 36.5925102233887 36.5881462097168 36.583667755127 36.5789108276367 36.573112487793 36.5658836364746 36.5497779846191 36.5264091491699 36.4955101013184 36.461051940918 36.3994445800781 36.3313522338867 36.3123588562012 36.2996253967285 36.3288459777832 36.3570175170898 36.3808059692383 36.3940391540527 36.3849830627441 36.3778381347656 36.3730316162109 36.3725051879883 36.3750991821289 36.3805122375488 36.3870849609375 36.3929252624512 36.3986167907715 36.4001884460449 36.4012413024902 36.3987731933594 36.3960990905762 36.3927192687988 36.3896789550781 36.3872680664062 36.3850250244141 36.3829727172852 36.3808059692383 36.3785705566406 36.3764915466309 36.3744773864746 36.3728408813477
36.605339050293 36.603832244873 36.6022415161133 36.6005020141602 36.5987281799316 36.5963973999023 36.5939788818359 36.5911026000977 36.5882453918457 36.5854415893555 36.582103729248 36.5780372619629 36.5696182250977 36.5576362609863 36.5377311706543 36.5140647888184 36.4691314697266 36.419116973877 36.402229309082 36.389404296875 36.4025764465332 36.4133567810059 36.4141426086426 36.410888671875 36.3991088867188 36.3905639648438 36.3859710693359 36.3852806091309 36.3874282836914 36.3918609619141 36.3972358703613 36.4017868041992 36.406177520752 36.4071655273438 36.4077568054199 36.4056968688965 36.4034004211426 36.4002838134766 36.3974113464355 36.3949966430664 36.392391204834 36.3895797729492 36.3868865966797 36.3842658996582 36.3817443847656 36.3792610168457 36.3766708374023
36.6048774719238 36.6033172607422 36.6016998291016 36.6001434326172 36.5985870361328 36.596866607666 36.5951232910156 36.59326171875 36.5915069580078 36.5900115966797 36.5883636474609 36.5865058898926 36.5834655761719 36.5794639587402 36.5676002502441 36.5520095825195 36.5209159851074 36.4861145019531 36.4700622558594 36.4562225341797 36.4558525085449 36.4526176452637 36.4373779296875 36.4228782653809 36.4099464416504 36.4008865356445 36.3965644836426 36.3957939147949 36.3976097106934 36.4013519287109 36.405891418457 36.4094581604004 36.4128341674805 36.4133758544922 36.4136199951172 36.411994934082 36.4101104736328 36.4073066711426 36.4046020507812 36.4020843505859 36.3991241455078 36.3956871032715 36.392520904541 36.389533996582 36.38671875 36.3839645385742 36.3806953430176
36.604248046875 36.6028289794922 36.6013946533203 36.6001892089844 36.5989875793457 36.5972862243652 36.5955505371094 36.593677520752 36.5918846130371 36.5902976989746 36.5886535644531 36.5869331359863 36.5842475891113 36.5807685852051 36.5705261230469 36.557071685791 36.5336265563965 36.5077934265137 36.4897994995117 36.4729270935059 36.4645080566406 36.4546165466309 36.4385795593262 36.4242706298828 36.4136085510254 36.4059715270996 36.4020233154297 36.4013710021973 36.4031143188477 36.4067993164062 36.4112854003906 36.4145278930664 36.4175262451172 36.4179000854492 36.4180488586426 36.4169311523438 36.4155349731445 36.4131393432617 36.4105949401855 36.4077644348145 36.4044799804688 36.4006958007812 36.3971900939941 36.3938636779785 36.3910827636719 36.388500213623 36.3851432800293
36.6037101745605 36.6025238037109 36.6013488769531 36.6004791259766 36.5996131896973 36.5980911254883 36.5965309143066 36.5948028564453 36.5931205749512 36.5915641784668 36.5900039672852 36.588436126709 36.5860443115234 36.5829772949219 36.5736808776855 36.5614318847656 36.5422973632812 36.5215225219727 36.5021362304688 36.4832496643066 36.4702568054199 36.4566955566406 36.4407501220703 36.4269599914551 36.4177093505859 36.4107246398926 36.4065055847168 36.4055786132812 36.4070510864258 36.4107093811035 36.4152679443359 36.4183311462402 36.4211006164551 36.421257019043 36.4212455749512 36.4205131530762 36.4194869995117 36.4174346923828 36.414981842041 36.4117851257324 36.4081802368164 36.4041328430176 36.4004020690918 36.3968811035156 36.3941192626953 36.3916282653809 36.3885040283203
36.6032829284668 36.6024551391602 36.6016426086426 36.6010818481445 36.6005210876465 36.5993843078613 36.5982055664062 36.5968208312988 36.5954399108887 36.5940704345703 36.5926895141602 36.5912933349609 36.5891227722168 36.5863189697266 36.5771255493164 36.5648994445801 36.5458869934082 36.5252494812012 36.5051574707031 36.4855461120605 36.472354888916 36.458869934082 36.4441413879395 36.431282043457 36.42236328125 36.4150657653809 36.4097518920898 36.4080657958984 36.4090156555176 36.4126892089844 36.4174842834473 36.4205474853516 36.4232711791992 36.4231452941895 36.4228897094727 36.4223899841309 36.4216003417969 36.4197998046875 36.4173545837402 36.4137115478516 36.409797668457 36.4055862426758 36.4017868041992 36.3982467651367 36.3954849243164 36.3929977416992 36.3905029296875
36.6030006408691 36.6025505065918 36.6021270751953 36.601936340332 36.6017570495605 36.6011085510254 36.600414276123 36.599494934082 36.5985145568848 36.5973892211914 36.5962257385254 36.5950202941895 36.5931053161621 36.5906143188477 36.5820503234863 36.5706100463867 36.5520324707031 36.5317497253418 36.5107650756836 36.4901962280273 36.4764671325684 36.4626426696777 36.4484024047852 36.4356498718262 36.4260368347168 36.4179039001465 36.4115753173828 36.4091682434082 36.4096145629883 36.4131736755371 36.4180183410645 36.4209213256836 36.4234390258789 36.4230155944824 36.4225082397461 36.4222640991211 36.4216690063477 36.4198570251465 36.4173164367676 36.4134216308594 36.4094505310059 36.4053993225098 36.4017372131348 36.3983306884766 36.3958168029785 36.3936195373535 36.3917236328125
36.6028251647949 36.6027755737305 36.6027526855469 36.6029891967773 36.6032371520996 36.6031494140625 36.6030158996582 36.6026611328125 36.6021614074707 36.6013145446777 36.6004066467285 36.5994033813477 36.5977745056152 36.595630645752 36.5880889892578 36.577995300293 36.5600967407227 36.5403327941895 36.5183029174805 36.4966163635254 36.4820938110352 36.4676132202148 36.453311920166 36.4400482177734 36.4289817810059 36.4196166992188 36.4123306274414 36.4092330932617 36.4091873168945 36.4125366210938 36.417293548584 36.4199104309082 36.4221076965332 36.4213714599609 36.4206085205078 36.4206390380859 36.4202117919922 36.4181823730469 36.4154663085938 36.4114646911621 36.4076347351074 36.403980255127 36.4006195068359 36.3974533081055 36.3953742980957 36.393684387207 36.3923606872559
36.6022415161133 36.6025619506836 36.602897644043 36.6035690307617 36.6042633056641 36.6047134399414 36.6051216125488 36.6053276062012 36.6053619384766 36.6049766540527 36.6044845581055 36.6038475036621 36.6025810241699 36.6007995605469 36.5943832397461 36.5857772827148 36.5684471130371 36.5490379333496 36.5258979797363 36.5030136108398 36.4875259399414 36.4721717834473 36.4573669433594 36.443229675293 36.4305114746094 36.4198989868164 36.4118614196777 36.4082145690918 36.4077606201172 36.4108123779297 36.4153099060059 36.4177665710449 36.4198188781738 36.4187278747559 36.4176483154297 36.4178314208984 36.4173851013184 36.4147300720215 36.4117584228516 36.4082107543945 36.404712677002 36.4012641906738 36.3984489440918 36.3960418701172 36.3945579528809 36.3934020996094 36.392505645752
36.6014823913574 36.6021614074707 36.6028366088867 36.603946685791 36.605094909668 36.606071472168 36.6070175170898 36.6077842712402 36.6083717346191 36.6085243225098 36.6085243225098 36.6083145141602 36.6074447631836 36.6060333251953 36.6007881164551 36.5937232971191 36.5769233703613 36.5577964782715 36.5335159301758 36.5094032287598 36.4928779602051 36.4765510559082 36.4610557556152 36.4458923339844 36.4314346313477 36.4195709228516 36.4108734130859 36.4067306518555 36.4059066772461 36.408618927002 36.4127960205078 36.4151382446289 36.417121887207 36.415657043457 36.4142379760742 36.4145202636719 36.4139747619629 36.4105110168457 36.4072608947754 36.4043998718262 36.4013175964355 36.3979911804199 36.395824432373 36.394401550293 36.3935813903809 36.3929748535156 36.3924369812012
36.600471496582 36.6015625 36.6026382446289 36.6041107177734 36.6056175231934 36.6070022583008 36.6083488464355 36.6095008850098 36.6104736328125 36.6110153198242 36.6113586425781 36.6114234924316 36.6108512878418 36.6097602844238 36.6046485900879 36.5976295471191 36.5803451538086 36.5606117248535 36.5369262695312 36.5133743286133 36.495719909668 36.4781608581543 36.4610061645508 36.4444961547852 36.4293518066406 36.4172286987305 36.408805847168 36.4045639038086 36.4033737182617 36.4056091308594 36.4092636108398 36.4118003845215 36.4141159057617 36.4122314453125 36.4104042053223 36.4106178283691 36.4098777770996 36.4057693481445 36.4022674560547 36.3998947143555 36.3973770141602 36.394702911377 36.3932495117188 36.3925895690918 36.392448425293 36.3924942016602 36.3924026489258
36.5994110107422 36.6009216308594 36.6024169921875 36.6042327880859 36.6060791015625 36.6078414916992 36.609561920166 36.6110649108887 36.6123924255371 36.6132926940918 36.613941192627 36.6142501831055 36.613956451416 36.6131744384766 36.6079788208008 36.6006965637207 36.5827217102051 36.5621948242188 36.5394630432129 36.516845703125 36.498046875 36.4792022705078 36.4601821899414 36.4422569274902 36.426643371582 36.4144744873047 36.4065132141113 36.4022598266602 36.4007034301758 36.4024314880371 36.4055252075195 36.408317565918 36.4110488891602 36.4087371826172 36.4064826965332 36.4065971374512 36.4056396484375 36.4009170532227 36.3971748352051 36.3952445983887 36.3933219909668 36.3914108276367 36.3906860351562 36.3907356262207 36.3912811279297 36.3920059204102 36.3923721313477
36.5990867614746 36.6010208129883 36.6028785705566 36.6049499511719 36.6070365905762 36.6090393066406 36.611011505127 36.6128616333008 36.6145324707031 36.615779876709 36.6167182922363 36.6172332763672 36.6170539855957 36.6163139343262 36.6108703613281 36.6032028198242 36.5835876464844 36.5611190795898 36.5390281677246 36.5170745849609 36.4967613220215 36.4763946533203 36.455810546875 36.437141418457 36.4225158691406 36.4112815856934 36.4041938781738 36.3999862670898 36.397876739502 36.398681640625 36.4006881713867 36.4026718139648 36.4046516418457 36.4027709960938 36.4008827209473 36.400276184082 36.3988990783691 36.3948020935059 36.3916473388672 36.3902435302734 36.3892021179199 36.3885498046875 36.3886985778809 36.3893699645996 36.3908157348633 36.3925399780273 36.3938827514648
36.5989112854004 36.6012382507324 36.6034126281738 36.6057090759277 36.6080093383789 36.6102142333984 36.612419128418 36.6146354675293 36.6166687011719 36.6182518005371 36.6194648742676 36.6201667785645 36.6200866699219 36.6193695068359 36.6135787963867 36.6053771972656 36.584041595459 36.5595703125 36.5380363464355 36.516674041748 36.4948883056641 36.4730644226074 36.4510765075684 36.4317932128906 36.418212890625 36.4079284667969 36.401668548584 36.397533416748 36.3949508666992 36.394832611084 36.3957366943359 36.396858215332 36.3980178833008 36.3965797424316 36.3950691223145 36.3937606811523 36.3919868469238 36.3885688781738 36.3860359191895 36.385139465332 36.384937286377 36.3854866027832 36.3864555358887 36.3876991271973 36.3899841308594 36.3926391601562 36.3949546813965
36.5999374389648 36.6023597717285 36.604377746582 36.6066474914551 36.6089363098145 36.6109962463379 36.6131935119629 36.6160621643066 36.6186332702637 36.620491027832 36.6218452453613 36.6225166320801 36.6224060058594 36.621654510498 36.6145057678223 36.6043281555176 36.5808753967285 36.5542526245117 36.5325813293457 36.5111656188965 36.4884986877441 36.465991973877 36.4441528320312 36.4252891540527 36.4127082824707 36.4030532836914 36.3969764709473 36.3931617736816 36.3909950256348 36.3902397155762 36.3900680541992 36.390251159668 36.3905029296875 36.3891716003418 36.3877716064453 36.3862571716309 36.3844718933105 36.3817481994629 36.3797416687012 36.3790702819824 36.3791542053223 36.3800621032715 36.3812217712402 36.3825454711914 36.3848724365234 36.3875579833984 36.3906402587891
36.6011619567871 36.603687286377 36.6055450439453 36.6076393127441 36.609748840332 36.6116180419922 36.6137657165527 36.6173210144043 36.6205062866211 36.6228141784668 36.6244125366211 36.6250419616699 36.6247825622559 36.6237983703613 36.614933013916 36.6023406982422 36.5768928527832 36.5483741760254 36.5263404846191 36.5046424865723 36.4813232421875 36.4583740234375 36.4369659423828 36.4187316894531 36.4072036743164 36.3981857299805 36.3922348022461 36.388599395752 36.3866500854492 36.3851661682129 36.3838806152344 36.3831787109375 36.3825950622559 36.3814735412598 36.3802795410156 36.3785514831543 36.3767433166504 36.3746376037598 36.3730812072754 36.3725395202637 36.3728103637695 36.3739700317383 36.3753356933594 36.3768310546875 36.3793792724609 36.3823013305664 36.3860549926758
36.6031036376953 36.605770111084 36.6074562072754 36.6088180541992 36.6101493835449 36.6116409301758 36.6136016845703 36.6179618835449 36.6220474243164 36.6254539489746 36.6276550292969 36.6282081604004 36.627384185791 36.625431060791 36.6135292053223 36.5969161987305 36.5699272155762 36.540454864502 36.517219543457 36.4943885803223 36.4712677001953 36.4487571716309 36.4288063049316 36.4119720458984 36.4017143249512 36.3933525085449 36.3873138427734 36.3833427429199 36.3808746337891 36.3783416748047 36.3757820129395 36.3744049072266 36.3732566833496 36.3727149963379 36.3720626831055 36.3701171875 36.3682174682617 36.3664779663086 36.3650856018066 36.3643264770508 36.3644180297852 36.3654289245605 36.3670463562012 36.3690567016602 36.3724784851074 36.3763999938965 36.3804626464844
