Ecospace-environmental-drivers/Outputs/ASCII-for-ecospace/MOM6-ISIMIP3a/so/1982-08_so_MOM6-ISIMIP3a.asc
NCOLS 131 
NROWS 53 
XLLCORNER -98 
YLLCORNER 23.9265270233154 
CELLSIZE 0.133587792515755 
NODATA_value -9999 
[rows 21 to 41 of 53, columns 0 to 46 of 131]
-9999 -9999 -9999 -9999 -9999 -9999 35.5060729980469 35.5037574768066 35.4914741516113 35.4618186950684 35.3165435791016 35.0601272583008 35.1110382080078 35.2626914978027 35.3996086120605 35.51953125 35.6031875610352 35.6619453430176 35.7330589294434 35.8089408874512 35.8917083740234 35.9756889343262 36.0289993286133 36.0758361816406 36.0743064880371 36.069393157959 36.0535202026367 36.0362586975098 36.0165748596191 35.9764595031738 35.9153213500977 35.8177032470703 35.6978607177734 35.5854530334473 35.4755249023438 35.3998680114746 35.3291282653809 35.2833595275879 35.2370147705078 35.18701171875 35.1313819885254 35.0600814819336 34.9853248596191 34.9052314758301 34.8405570983887 34.7900276184082 34.7597389221191
-9999 -9999 -9999 -9999 -9999 -9999 35.5080757141113 35.5060729980469 35.5014419555664 35.4965591430664 35.4618186950684 35.4276885986328 35.460807800293 35.6269874572754 35.7715759277344 35.8912506103516 35.9749755859375 36.034008026123 36.0959396362305 36.1589851379395 36.2193145751953 36.2791633605957 36.3139457702637 36.3440437316895 36.3397026062012 36.3322639465332 36.3147811889648 36.2972602844238 36.2796669006348 36.2527542114258 36.216251373291 36.1558151245117 36.0807991027832 36.0065879821777 35.9326438903809 35.8764266967773 35.8227500915527 35.7816925048828 35.7393989562988 35.6892471313477 35.6355209350586 35.5718421936035 35.5049743652344 35.4331817626953 35.3729782104492 35.3234176635742 35.286735534668
-9999 -9999 -9999 -9999 35.5403060913086 35.5215606689453 35.5068016052246 35.5113563537598 35.5060729980469 35.4968147277832 35.5215339660645 35.6763153076172 35.8351745605469 36.0021057128906 36.1445121765137 36.2586326599121 36.3383636474609 36.3944854736328 36.4451217651367 36.4936447143555 36.531436920166 36.5673332214355 36.5832099914551 36.5961875915527 36.5886688232422 36.5782852172852 36.5586242675781 36.5400085449219 36.5232276916504 36.508171081543 36.4948806762695 36.4712715148926 36.4413757324219 36.4059104919434 36.3685913085938 36.3324546813965 36.2964820861816 36.2601585388184 36.2219352722168 36.1716194152832 36.1197662353516 36.0636444091797 36.0046539306641 35.9412231445312 35.8852653503418 35.8361663818359 35.7922286987305
-9999 -9999 -9999 -9999 35.5806083679199 35.5522575378418 35.5363159179688 35.5068016052246 35.5211982727051 35.7044525146484 35.8882637023926 36.07421875 36.2371978759766 36.3547210693359 36.4468269348145 36.5096092224121 36.5529365539551 36.5829086303711 36.6086463928223 36.6327514648438 36.6502723693848 36.6666259765625 36.671745300293 36.6754112243652 36.6690063476562 36.6611557006836 36.6486167907715 36.6360473632812 36.6234359741211 36.611400604248 36.5999565124512 36.5833473205566 36.5635948181152 36.5395736694336 36.5141258239746 36.4865341186523 36.4585914611816 36.4235572814941 36.386775970459 36.3388900756836 36.2899017333984 36.2378387451172 36.1838188171387 36.1267776489258 36.07373046875 36.0243492126465 35.9775009155273
-9999 -9999 -9999 -9999 -9999 35.5806083679199 35.5853118896484 35.5658302307129 35.5777893066406 35.9124336242676 36.2197151184082 36.4222526550293 36.5805168151855 36.6511688232422 36.6980628967285 36.7175521850586 36.7304306030273 36.73876953125 36.7434692382812 36.7467651367188 36.7452850341797 36.7429618835449 36.7361183166504 36.7291984558105 36.722484588623 36.7159996032715 36.7102432250977 36.7038764953613 36.6964454650879 36.6883964538574 36.6797142028809 36.6695213317871 36.6584129333496 36.6434783935547 36.6272735595703 36.6049461364746 36.5816802978516 36.5454483032227 36.5077285766602 36.4605445861816 36.4128265380859 36.3636283874512 36.3136024475098 36.2623100280762 36.2122802734375 36.1634101867676 36.1157684326172
-9999 -9999 -9999 -9999 -9999 35.6534461975098 35.5806083679199 35.6880035400391 35.8161926269531 36.1219215393066 36.3964614868164 36.5516319274902 36.6664237976074 36.7013206481934 36.725341796875 36.7368049621582 36.7453308105469 36.751838684082 36.7524337768555 36.7507438659668 36.7358589172363 36.7186431884766 36.6945381164551 36.671459197998 36.6581840515137 36.6479339599609 36.6474990844727 36.6480255126953 36.650218963623 36.6503868103027 36.6484680175781 36.6421203613281 36.6330718994141 36.6169281005859 36.5984191894531 36.5669898986816 36.5336685180664 36.4853439331055 36.4362373352051 36.3821716308594 36.3287620544434 36.2771873474121 36.2268753051758 36.1785125732422 36.1319694519043 36.0870933532715 36.0479507446289
-9999 -9999 35.8126068115234 35.7940139770508 35.7746276855469 35.7263717651367 35.6533622741699 35.8448715209961 36.0548324584961 36.3178825378418 36.5482902526855 36.6537704467773 36.7267456054688 36.735408782959 36.7433319091797 36.7504005432129 36.7562103271484 36.7611541748047 36.7552490234375 36.7451515197754 36.7117347717285 36.674201965332 36.6327209472656 36.593692779541 36.5758476257324 36.5632858276367 36.5678596496582 36.5747566223145 36.5857009887695 36.5933380126953 36.5975685119629 36.5941047668457 36.5859565734863 36.5664825439453 36.5432319641113 36.5030364990234 36.4604072570801 36.4048728942871 36.3492584228516 36.293140411377 36.2390022277832 36.1903762817383 36.1448669433594 36.1041679382324 36.064754486084 36.0265197753906 35.9973945617676
-9999.000000000000000 -9999 -9999 -9999 35.881046295166 35.8228797912598 35.867359161377 36.0774383544922 36.2939949035645 36.4843368530273 36.6457557678223 36.6964797973633 36.7312469482422 36.7344436645508 36.7410697937012 36.7516555786133 36.7583122253418 36.7622718811035 36.7446403503418 36.7186737060547 36.6555480957031 36.5858612060547 36.526741027832 36.4722290039062 36.4541625976562 36.4424514770508 36.4513511657715 36.4634895324707 36.4812774658203 36.4947547912598 36.5037956237793 36.5011329650879 36.4913330078125 36.4639015197754 36.430591583252 36.3823661804199 36.3320693969727 36.2799758911133 36.2284889221191 36.1808662414551 36.1368293762207 36.1027603149414 36.0731506347656 36.0504417419434 36.0261154174805 36.0003089904785 35.9845008850098
-9999 -9999 -9999 -9999 36.0242576599121 36.0938911437988 36.0566177368164 36.2665557861328 36.4818153381348 36.6068840026855 36.7087097167969 36.7215690612793 36.7305526733398 36.731861114502 36.7390060424805 36.7528839111328 36.7601051330566 36.7627601623535 36.734790802002 36.6949920654297 36.6104469299316 36.5180015563965 36.4460563659668 36.3802757263184 36.3621673583984 36.3509368896484 36.3620109558105 36.3763542175293 36.3964080810547 36.4107437133789 36.4192047119141 36.4125595092773 36.3967170715332 36.3617973327637 36.3205184936523 36.272518157959 36.2236480712891 36.1828422546387 36.1425247192383 36.1053161621094 36.0726585388184 36.0526809692383 36.0380592346191 36.0317153930664 36.0235404968262 36.0136833190918 36.012767791748
-9999 -9999 -9999 -9999 36.1249465942383 36.156005859375 36.1943550109863 36.4010200500488 36.6050453186035 36.6741905212402 36.7282371520996 36.7244873046875 36.7233200073242 36.7272567749023 36.7372016906738 36.7540740966797 36.7615089416504 36.7624626159668 36.7258911132812 36.6748275756836 36.5792922973633 36.4759140014648 36.3971862792969 36.3254585266113 36.3075256347656 36.2963027954102 36.3068428039551 36.319580078125 36.3361396789551 36.3450698852539 36.3461570739746 36.3295288085938 36.3021087646484 36.2602920532227 36.2136764526367 36.1762809753418 36.1402778625488 36.1206321716309 36.1003456115723 36.0759582519531 36.0563049316406 36.0498275756836 36.0490341186523 36.0570182800293 36.0663299560547 36.0768623352051 36.0928153991699
-9999 -9999 -9999 -9999 36.156005859375 36.2024269104004 36.2569236755371 36.464599609375 36.6689414978027 36.7059936523438 36.7329559326172 36.721321105957 36.7156677246094 36.721851348877 36.734058380127 36.7532272338867 36.762020111084 36.7636871337891 36.7272682189941 36.6761436462402 36.5781860351562 36.4719619750977 36.3852653503418 36.3056640625 36.2816047668457 36.2644462585449 36.269645690918 36.2762489318848 36.2853012084961 36.2871627807617 36.2816276550293 36.2618103027344 36.2332992553711 36.1967010498047 36.1574058532715 36.1333198547363 36.1114692687988 36.1077117919922 36.1033096313477 36.0948104858398 36.090259552002 36.0966949462891 36.1083068847656 36.1279220581055 36.150276184082 36.1751365661621 36.2018547058105
-9999 -9999 -9999 -9999 36.2051200866699 36.2569236755371 36.4730529785156 36.4750137329102 36.6883430480957 36.7111625671387 36.7265701293945 36.7135925292969 36.7077026367188 36.7158393859863 36.7299194335938 36.7508506774902 36.7618598937988 36.7660598754883 36.7363586425781 36.6935691833496 36.599609375 36.4966163635254 36.401050567627 36.3121337890625 36.277229309082 36.2496719360352 36.2459182739258 36.2430000305176 36.2415390014648 36.2350807189941 36.2234802246094 36.2055778503418 36.1838340759277 36.1615409851074 36.1390609741211 36.130313873291 36.1235733032227 36.1317520141602 36.1401329040527 36.1498184204102 36.161937713623 36.1808471679688 36.2038116455078 36.2330360412598 36.2650833129883 36.2997283935547 36.332633972168
-9999 -9999 -9999 -9999 36.2569236755371 36.5132026672363 36.6227340698242 36.695671081543 36.6963653564453 36.7105369567871 36.7189407348633 36.705265045166 36.6991806030273 36.7081260681152 36.7233734130859 36.7458915710449 36.7598266601562 36.7678718566895 36.7477912902832 36.7168502807617 36.6357231140137 36.5457382202148 36.4467926025391 36.3528785705566 36.3025512695312 36.2610092163086 36.2479667663574 36.237232208252 36.230525970459 36.2223205566406 36.2125663757324 36.2024269104004 36.1920509338379 36.1845512390137 36.1780052185059 36.1819801330566 36.1874885559082 36.2041435241699 36.2212867736816 36.2415618896484 36.2627983093262 36.2867279052734 36.312629699707 36.3415718078613 36.3718109130859 36.4032363891602 36.4315795898438
-9999 -9999 -9999 -9999 -9999 36.6760711669922 36.7000999450684 36.6975212097168 36.6995124816895 36.7074279785156 36.7107810974121 36.6966819763184 36.6904220581055 36.6996841430664 36.7157974243164 36.7398223876953 36.7569885253906 36.7694473266602 36.7602272033691 36.7426376342773 36.6781311035156 36.6053466796875 36.50537109375 36.4083213806152 36.3405952453613 36.2835388183594 36.2610626220703 36.2432479858398 36.2335548400879 36.2264137268066 36.2218933105469 36.2220230102539 36.2249908447266 36.2324905395508 36.2415046691895 36.2570762634277 36.273609161377 36.2972564697266 36.3214378356934 36.349048614502 36.3761672973633 36.4019203186035 36.4271507263184 36.4515762329102 36.4750709533691 36.4977073669434 36.5168800354004
-9999 -9999 -9999 -9999 -9999 36.706298828125 36.7053718566895 36.7071113586426 36.70654296875 36.7051429748535 36.7011299133301 36.6871376037598 36.681095123291 36.6907730102539 36.707592010498 36.7326393127441 36.7524223327637 36.7685852050781 36.7673645019531 36.7594299316406 36.7114677429199 36.6564407348633 36.5693664550781 36.4832534790039 36.411003112793 36.3486404418945 36.3183326721191 36.2951736450195 36.2844924926758 36.2790603637695 36.2790298461914 36.2857818603516 36.2966575622559 36.3113632202148 36.3273468017578 36.3475952148438 36.3684539794922 36.3930282592773 36.4175987243652 36.4421234130859 36.465160369873 36.4840621948242 36.5012054443359 36.5156402587891 36.5283889770508 36.5395889282227 36.5479278564453
-9999 -9999 -9999 -9999 -9999 36.7126922607422 36.7134246826172 36.7114868164062 36.7143821716309 36.7030296325684 36.6911697387695 36.6773986816406 36.6716461181641 36.681770324707 36.6992530822754 36.7252311706543 36.7474975585938 36.7672157287598 36.7734031677246 36.7743606567383 36.7429275512695 36.7057723999023 36.6344795227051 36.5622177124023 36.4881057739258 36.422550201416 36.3847427368164 36.3566055297852 36.3453407287598 36.3417549133301 36.3460655212402 36.3586730957031 36.3763389587402 36.3966407775879 36.4178161621094 36.4412994384766 36.4651031494141 36.4893569946289 36.5129318237305 36.5322113037109 36.5491104125977 36.5593643188477 36.5668907165527 36.570198059082 36.5713729858398 36.5705871582031 36.5677490234375
-9999 -9999 -9999 -9999 -9999 -9999 36.7192764282227 36.7216796875 36.7200469970703 36.6983985900879 36.6787223815918 36.6666107177734 36.6624984741211 36.6742057800293 36.6932487487793 36.7207527160645 36.7448348999023 36.7665710449219 36.7764892578125 36.7818489074707 36.7615051269531 36.7366256713867 36.6811943054199 36.6242866516113 36.5606918334961 36.5021095275879 36.4597816467285 36.4280395507812 36.4147682189941 36.4105949401855 36.4157867431641 36.4280128479004 36.4445190429688 36.4622192382812 36.4803123474121 36.5001220703125 36.5201721191406 36.5403861999512 36.5597991943359 36.5740814208984 36.5854530334473 36.5887145996094 36.5884399414062 36.5826950073242 36.5756072998047 36.5672912597656 36.5594635009766
-9999 -9999 -9999 -9999 -9999 -9999 36.7226867675781 36.7246589660645 36.7246055603027 36.6931228637695 36.6660385131836 36.6557998657227 36.6535606384277 36.6671524047852 36.6879959106445 36.717212677002 36.7429962158203 36.766429901123 36.7795257568359 36.7886352539062 36.7786674499512 36.7653388977051 36.7253189086914 36.6834030151367 36.6305618286133 36.5791854858398 36.5325775146484 36.4972991943359 36.4817924499512 36.4767189025879 36.4823837280273 36.4936027526855 36.5082054138184 36.5228004455566 36.5373916625977 36.5534439086914 36.5696983337402 36.5861854553223 36.6017379760742 36.6113662719727 36.6175537109375 36.6141624450684 36.6065330505371 36.592357635498 36.5777015686035 36.5626106262207 36.550365447998
-9999 -9999 -9999 -9999 -9999 -9999 36.7302856445312 36.7217216491699 36.7184448242188 36.6821746826172 36.6520042419434 36.6451797485352 36.6467208862305 36.6648139953613 36.6896362304688 36.7222328186035 36.7488479614258 36.7713623046875 36.7834625244141 36.7915420532227 36.7868957519531 36.7800064086914 36.7506370544434 36.7190971374512 36.6736068725586 36.6270980834961 36.5772743225098 36.5385246276855 36.519100189209 36.5109367370605 36.5143585205078 36.5209159851074 36.5293846130371 36.5394706726074 36.5500984191895 36.5647659301758 36.5800094604492 36.5977897644043 36.6143074035645 36.6227989196777 36.6271438598633 36.619930267334 36.6088714599609 36.5918655395508 36.5754356384277 36.5595397949219 36.5460395812988
-9999 -9999 -9999 -9999 -9999 36.780891418457 36.7434043884277 36.7444801330566 36.7061576843262 36.6678695678711 36.6370544433594 36.6348342895508 36.6414184570312 36.6654205322266 36.6945915222168 36.7297286987305 36.7563171386719 36.7770309448242 36.7875518798828 36.7941284179688 36.793701171875 36.7920341491699 36.7728118896484 36.7511520385742 36.7123336791992 36.6701698303223 36.6171455383301 36.5747146606445 36.5507736206055 36.538932800293 36.5395393371582 36.5414657592773 36.5441970825195 36.5506935119629 36.5584449768066 36.5732460021973 36.5890502929688 36.6090927124023 36.62744140625 36.635009765625 36.6376647949219 36.6266441345215 36.6123924255371 36.5931396484375 36.5751342773438 36.5582733154297 36.5426979064941
-9999 -9999 -9999 -9999 36.8503456115723 36.7982788085938 36.780891418457 36.7265243530273 36.6714248657227 36.6412658691406 36.6187515258789 36.62548828125 36.6417427062988 36.6768379211426 36.7117042541504 36.7463035583496 36.7696990966797 36.7853927612305 36.7921867370605 36.7955436706543 36.795280456543 36.794376373291 36.7834777832031 36.7698440551758 36.7352180480957 36.6955108642578 36.6393165588379 36.5924339294434 36.5617942810059 36.5441284179688 36.5398101806641 36.5372123718262 36.5356597900391 36.541934967041 36.5508117675781 36.5713081359863 36.593433380127 36.6192893981934 36.6426391601562 36.6500549316406 36.6516036987305 36.6368179321289 36.620246887207 36.6009101867676 36.5820426940918 36.563606262207 36.5429649353027
