Ecospace-environmental-drivers/Outputs/ASCII-for-ecospace/MOM6-ISIMIP3a/so/1982-10_so_MOM6-ISIMIP3a.asc
NCOLS 131 
NROWS 53 
XLLCORNER -98 
YLLCORNER 23.9265270233154 
CELLSIZE 0.133587792515755 
NODATA_value -9999 
[rows 21 to 41 of 53, columns 47 to 93 of 131]
35.4775466918945 35.4309234619141 35.3834953308105 35.3883590698242 35.3961143493652 35.3372955322266 35.2771186828613 35.2100143432617 35.1455955505371 35.0876617431641 35.0535354614258 35.0520896911621 35.0821571350098 35.1380043029785 35.2051162719727 35.2775650024414 35.3464508056641 35.4144859313965 35.4456825256348 35.4745216369629 35.5059242248535 35.5339736938477 35.5479927062988 35.5625457763672 35.5782279968262 35.5975494384766 35.6213264465332 35.646671295166 35.6731605529785 35.708812713623 35.7482643127441 35.7839469909668 35.8188858032227 35.8363647460938 35.8522567749023 35.8590087890625 35.863166809082 35.858211517334 35.8494720458984 35.8337097167969 35.8150177001953 35.7931327819824 35.7711639404297 35.749137878418 35.7228355407715 35.694995880127 35.6705436706543
35.7306785583496 35.6862678527832 35.6412239074707 35.6333465576172 35.6276817321777 35.5790405273438 35.5282287597656 35.4663887023926 35.4060668945312 35.3494033813477 35.3092155456543 35.2916374206543 35.3005447387695 35.3311195373535 35.3720054626465 35.4177742004395 35.4722099304199 35.5287170410156 35.560417175293 35.5906066894531 35.6236610412598 35.6523857116699 35.6629829406738 35.6728897094727 35.6813507080078 35.6880989074707 35.6927642822266 35.7000427246094 35.7092323303223 35.7362442016602 35.7706336975098 35.8107070922852 35.8519020080566 35.8760719299316 35.8986549377441 35.9119110107422 35.9228439331055 35.9256324768066 35.9245529174805 35.9162826538086 35.9039993286133 35.8873405456543 35.8686256408691 35.8485794067383 35.8222618103027 35.7936935424805 35.7568588256836
35.9661102294922 35.9232025146484 35.8799018859863 35.8578643798828 35.8373413085938 35.7990493774414 35.7581405639648 35.7039260864258 35.6502113342285 35.5977020263672 35.5536880493164 35.5213317871094 35.5098304748535 35.5153923034668 35.5319671630859 35.5537567138672 35.594596862793 35.6399879455566 35.6721954345703 35.7037010192871 35.7381935119629 35.7675247192383 35.7752571105957 35.7811241149902 35.7830505371094 35.7776412963867 35.7632751464844 35.7522621154785 35.7437019348145 35.7612228393555 35.7895431518555 35.8333702087402 35.8802490234375 35.9112854003906 35.9407577514648 35.9606513977051 35.9784889221191 35.9891052246094 35.9958038330078 35.9952201843262 35.9896545410156 35.9786567687988 35.9637985229492 35.9464378356934 35.9212188720703 35.8931846618652 35.8453025817871
36.1053466796875 36.0742454528809 36.0437698364258 36.0185737609863 35.9933776855469 35.9535980224609 35.9128875732422 35.8674430847168 35.8252143859863 35.7907485961914 35.7533912658691 35.7120628356934 35.6870574951172 35.6754112243652 35.6743202209473 35.6782264709473 35.7063217163086 35.7401924133301 35.7674827575684 35.7947196960449 35.8277053833008 35.8562088012695 35.8659400939941 35.871280670166 35.8673477172852 35.8542976379395 35.8301086425781 35.8075408935547 35.7861557006836 35.7894248962402 35.802906036377 35.8407897949219 35.8834686279297 35.9179573059082 35.9512672424316 35.9760208129883 35.9988861083984 36.0151023864746 36.0281753540039 36.035400390625 36.0375595092773 36.0341949462891 36.0259323120117 36.0144958496094 35.9931602478027 35.9682731628418 35.9211387634277
36.2355613708496 36.2149963378906 36.1958312988281 36.1688117980957 36.1405639648438 36.1008224487305 36.0615234375 36.024471282959 35.9926414489746 35.9734344482422 35.9418487548828 35.8932723999023 35.8575248718262 35.832275390625 35.8157501220703 35.8033638000488 35.8188514709473 35.8410034179688 35.8627624511719 35.8850135803223 35.9148406982422 35.9412536621094 35.9533729553223 35.9587898254395 35.9500579833984 35.9306831359863 35.8983039855957 35.8650779724121 35.831226348877 35.8209228515625 35.8203659057617 35.8513603210449 35.888557434082 35.9250030517578 35.9607315063477 35.9897613525391 36.0170860290527 36.0384330749512 36.0573081970215 36.071590423584 36.0807991027832 36.0844802856445 36.0822143554688 36.0761032104492 36.0587730407715 36.037410736084 35.9916648864746
36.3262252807617 36.3106422424316 36.296142578125 36.2731323242188 36.2489242553711 36.2159194946289 36.1833534240723 36.1530265808105 36.1268501281738 36.1106872558594 36.080997467041 36.0327453613281 35.998348236084 35.9752960205078 35.9531440734863 35.9314231872559 35.934928894043 35.9444618225098 35.9579849243164 35.9721450805664 35.9915580749512 36.0103569030762 36.026554107666 36.0346870422363 36.0257949829102 36.0058746337891 35.972484588623 35.9325218200684 35.8877754211426 35.8668479919434 35.8557815551758 35.8757667541504 35.90185546875 35.9336853027344 35.9656105041504 35.9963302612305 36.0256538391113 36.0500602722168 36.0722427368164 36.0902862548828 36.103588104248 36.1117210388184 36.1128387451172 36.1094207763672 36.0966300964355 36.0804710388184 36.0389099121094
36.4068298339844 36.3952445983887 36.384349822998 36.3655090332031 36.3456077575684 36.3189506530762 36.2925834655762 36.2677040100098 36.2460098266602 36.2320022583008 36.205394744873 36.1614990234375 36.1304359436035 36.1098747253418 36.0841369628906 36.0559463500977 36.049259185791 36.0477066040039 36.0522270202637 36.0574569702148 36.0669822692871 36.0779037475586 36.0946769714355 36.1038856506348 36.0971298217773 36.0777206420898 36.0428466796875 35.9979858398438 35.9458541870117 35.9164199829102 35.8963851928711 35.9063301086426 35.9221725463867 35.9490089416504 35.9766235351562 36.0078086853027 36.0379524230957 36.0644493103027 36.0889129638672 36.1096000671387 36.126033782959 36.1378211975098 36.1419143676758 36.1410255432129 36.1316375732422 36.1192016601562 36.0815696716309
36.4654769897461 36.4557647705078 36.4461364746094 36.4318237304688 36.4168090820312 36.3956451416016 36.3743095397949 36.3520927429199 36.3323402404785 36.3185424804688 36.297607421875 36.2668685913086 36.2434539794922 36.2260322570801 36.2011604309082 36.1727600097656 36.159782409668 36.1504898071289 36.1443214416504 36.138801574707 36.1395721435547 36.1420669555664 36.1517715454102 36.1584815979004 36.1588706970215 36.1422653198242 36.1048889160156 36.0591278076172 36.0072593688965 35.9739379882812 35.948299407959 35.9503326416016 35.9578018188477 35.978816986084 36.0010261535645 36.0299911499023 36.0584030151367 36.0848579406738 36.1093711853027 36.1302757263184 36.1477355957031 36.1614379882812 36.1676063537598 36.1688919067383 36.1604385375977 36.1484870910645 36.1142272949219
36.508918762207 36.5012550354004 36.4934234619141 36.482852935791 36.4718055725098 36.4553833007812 36.4386177062988 36.4200859069824 36.4038009643555 36.3929328918457 36.3791809082031 36.361457824707 36.3462181091309 36.3330154418945 36.3101348876953 36.2826728820801 36.2637557983398 36.246883392334 36.2314186096191 36.2165908813477 36.2096824645996 36.2046165466309 36.2072639465332 36.2102165222168 36.2138137817383 36.1997756958008 36.1641807556152 36.1210403442383 36.0724067687988 36.038631439209 36.0110092163086 36.0067138671875 36.0070037841797 36.0224533081055 36.0392761230469 36.0640525817871 36.0886268615723 36.1124839782715 36.1347045898438 36.1538963317871 36.1704216003418 36.1840476989746 36.1911849975586 36.1941184997559 36.1865005493164 36.1750946044922 36.1437301635742
36.5332260131836 36.5278358459473 36.5224609375 36.5146522521973 36.5064277648926 36.4937934875488 36.4810104370117 36.467456817627 36.4565505981445 36.4520416259766 36.4473686218262 36.4424781799316 36.4360847473145 36.4284553527832 36.4089813232422 36.3838958740234 36.359489440918 36.3352470397949 36.3122215270996 36.2899055480957 36.276668548584 36.2651405334473 36.2607460021973 36.258358001709 36.2602005004883 36.2484283447266 36.2200126647949 36.1839294433594 36.1422576904297 36.1123428344727 36.0872955322266 36.0786781311035 36.0732879638672 36.0834846496582 36.0949440002441 36.1130561828613 36.1311531066895 36.1491775512695 36.1661643981934 36.1812171936035 36.1943511962891 36.2053909301758 36.2121047973633 36.2160148620605 36.2091178894043 36.1983413696289 36.1692657470703
36.546012878418 36.5425109863281 36.5393295288086 36.5343971252441 36.5291023254395 36.5189018249512 36.508960723877 36.5002975463867 36.4947242736816 36.4966011047363 36.4985008239746 36.5004272460938 36.4981536865234 36.4924468994141 36.4753913879395 36.4529571533203 36.4262008666992 36.3984107971191 36.3709144592285 36.3440780639648 36.3265571594238 36.3107452392578 36.3020858764648 36.2958526611328 36.2947273254395 36.2841949462891 36.2621726989746 36.2331352233887 36.1989936828613 36.1742324829102 36.1533584594727 36.1427001953125 36.1340560913086 36.1390800476074 36.1451759338379 36.1568031311035 36.1685562133789 36.1807632446289 36.1924171447754 36.2030372619629 36.2123146057129 36.2201271057129 36.2254638671875 36.2291946411133 36.2241363525391 36.2159194946289 36.1900291442871
36.5501594543457 36.5482559204102 36.5470695495605 36.5451011657715 36.5428161621094 36.5340385437012 36.5260734558105 36.5222434997559 36.5219612121582 36.5302543640137 36.5368347167969 36.5410690307617 36.539379119873 36.5328483581543 36.5174674987793 36.4978942871094 36.4711456298828 36.4426803588867 36.4130249023438 36.3838958740234 36.3636169433594 36.345157623291 36.3343238830566 36.3253593444824 36.3203506469727 36.3102951049805 36.294075012207 36.2720832824707 36.2458877563477 36.2272529602051 36.2117462158203 36.2007713317871 36.1906890869141 36.1905937194824 36.1913299560547 36.1965980529785 36.2021179199219 36.2085151672363 36.2147636413574 36.2207298278809 36.2258033752441 36.2299118041992 36.2331504821777 36.2358322143555 36.2334480285645 36.229248046875 36.2072105407715
36.5514030456543 36.5495758056641 36.5486831665039 36.5491714477539 36.5495262145996 36.5425186157227 36.5363922119141 36.534740447998 36.5362129211426 36.5452117919922 36.5516929626465 36.5547256469727 36.5515594482422 36.5433197021484 36.5283889770508 36.5102806091309 36.4846076965332 36.4571266174316 36.4282150268555 36.3997459411621 36.3791694641113 36.3601951599121 36.347957611084 36.3370475769043 36.3289451599121 36.3182411193848 36.3043670654297 36.2866287231445 36.2660713195801 36.250186920166 36.2362327575684 36.2257232666016 36.215892791748 36.2132759094238 36.2112998962402 36.2130126953125 36.2150382995605 36.2181625366211 36.2213439941406 36.2246437072754 36.2275581359863 36.2300605773926 36.2323379516602 36.2344665527344 36.2344017028809 36.2335433959961 36.2176856994629
36.5514068603516 36.548999786377 36.5476722717285 36.5503959655762 36.5532379150391 36.5481491088867 36.5437965393066 36.5431938171387 36.5448951721191 36.5521545410156 36.5564918518066 36.5568161010742 36.5512886047363 36.5409660339355 36.5259552001953 36.508716583252 36.4845809936523 36.4587936401367 36.4318695068359 36.4053268432617 36.385498046875 36.3669281005859 36.3536186218262 36.3410949707031 36.3302383422852 36.3184089660645 36.3054008483887 36.290714263916 36.2748107910156 36.2602233886719 36.2461853027344 36.2364807128906 36.2276268005371 36.2236022949219 36.2200508117676 36.2194061279297 36.219108581543 36.2200469970703 36.2211723327637 36.2226524353027 36.2242851257324 36.2260856628418 36.2278785705566 36.2296714782715 36.2317657470703 36.2339706420898 36.2252883911133
36.5521278381348 36.5489768981934 36.5465545654297 36.5491561889648 36.5520668029785 36.5495567321777 36.5474433898926 36.5473442077637 36.5485763549805 36.5530128479004 36.5544357299805 36.5517196655273 36.5440368652344 36.5322875976562 36.5164833068848 36.4987602233887 36.4754104614258 36.4507179260254 36.4252014160156 36.399974822998 36.3798294067383 36.3607597351074 36.3461875915527 36.3327941894531 36.3218879699707 36.3104591369629 36.2983932495117 36.2836608886719 36.2669868469238 36.2525215148926 36.2389678955078 36.2301025390625 36.2221603393555 36.2183494567871 36.2149772644043 36.2143898010254 36.2142181396484 36.2154884338379 36.2168807983398 36.218505859375 36.2203025817871 36.2222862243652 36.2240295410156 36.2256126403809 36.2277641296387 36.2301177978516 36.2266082763672
36.5529975891113 36.549072265625 36.5454139709473 36.5474052429199 36.5498886108398 36.5500946044922 36.5503120422363 36.5506057739258 36.5512199401855 36.5526084899902 36.5509605407715 36.5451354980469 36.5353393554688 36.5223007202148 36.505558013916 36.4870681762695 36.4643516540527 36.4406280517578 36.4163970947266 36.3923606872559 36.3716773986816 36.351921081543 36.3360481262207 36.3219375610352 36.3115463256836 36.3008308410645 36.289722442627 36.2743034362793 36.2557411193848 36.2411460876465 36.2281951904297 36.2201805114746 36.213134765625 36.2098770141602 36.2070426940918 36.2070159912109 36.2074661254883 36.2095947265625 36.2117385864258 36.2139129638672 36.2161712646484 36.2185249328613 36.2203025817871 36.2217025756836 36.2234764099121 36.2253837585449 36.2266273498535
36.5522880554199 36.5486831665039 36.5449447631836 36.5456275939941 36.5467720031738 36.5480461120605 36.5493011474609 36.5504493713379 36.5508995056152 36.5496597290039 36.5453948974609 36.5369834899902 36.5250663757324 36.5102729797363 36.4921646118164 36.472484588623 36.4484024047852 36.423267364502 36.3991470336914 36.3754501342773 36.3568801879883 36.3395156860352 36.3271980285645 36.3163452148438 36.3085823059082 36.2987823486328 36.286491394043 36.2681884765625 36.2455139160156 36.2293395996094 36.2158584594727 36.2090263366699 36.2035026550293 36.2025489807129 36.2021141052246 36.205135345459 36.2084312438965 36.2126808166504 36.2164344787598 36.2192649841309 36.2215270996094 36.2231712341309 36.2238998413086 36.2240333557129 36.2244262695312 36.2249145507812 36.2261352539062
36.5513572692871 36.5481719970703 36.5444717407227 36.5438804626465 36.5436935424805 36.5458450317383 36.547966003418 36.5499267578125 36.5501976013184 36.5463752746582 36.5395545959473 36.5286178588867 36.5145874023438 36.4980316162109 36.478385925293 36.4572792053223 36.4318389892578 36.4053649902344 36.3816719055176 36.3586463928223 36.3425788879395 36.3279762268066 36.3195037841797 36.3120193481445 36.3066368103027 36.2974815368652 36.2837142944336 36.2624206542969 36.2356491088867 36.2178649902344 36.2038040161133 36.1982345581055 36.1943359375 36.195930480957 36.1981353759766 36.2043380737305 36.2106018066406 36.2170944213867 36.222526550293 36.2259979248047 36.2282104492188 36.2290534973145 36.2285957336426 36.227294921875 36.2261581420898 36.2250785827637 36.2259063720703
36.5488319396973 36.5466232299805 36.5437049865723 36.5424537658691 36.5414772033691 36.5432052612305 36.5449981689453 36.5471038818359 36.5468254089355 36.5407791137695 36.5317649841309 36.5186729431152 36.5027275085449 36.484447479248 36.4617004394531 36.4368362426758 36.4111213684082 36.3852043151855 36.3657875061035 36.347354888916 36.3367233276367 36.327392578125 36.3235054016113 36.3187141418457 36.3120040893555 36.3005256652832 36.2832183837891 36.2587661743164 36.2291145324707 36.2101020812988 36.1954917907715 36.1918601989746 36.1903877258301 36.1963424682617 36.202880859375 36.2124443054199 36.2219772338867 36.2313919067383 36.2388648986816 36.2427291870117 36.2445487976074 36.244140625 36.2415313720703 36.2374992370605 36.233715057373 36.2300186157227 36.2287406921387
36.5464134216309 36.5450782775879 36.5428428649902 36.5410270690918 36.5393676757812 36.5407257080078 36.5421867370605 36.544189453125 36.5431137084961 36.534610748291 36.5232467651367 36.5079460144043 36.4900512695312 36.4700317382812 36.4446983337402 36.4168510437012 36.3916015625 36.3669776916504 36.3520622253418 36.3383750915527 36.3328323364258 36.3283233642578 36.3281517028809 36.3254814147949 36.3175392150879 36.3038520812988 36.2831497192383 36.2555961608887 36.2230567932129 36.2029418945312 36.1879692077637 36.1861991882324 36.1870193481445 36.1974029541016 36.2083778381348 36.2216835021973 36.2348403930664 36.2474632263184 36.2572288513184 36.2616882324219 36.2631683349609 36.2614059448242 36.256477355957 36.2494964599609 36.2427787780762 36.2361526489258 36.2325134277344
36.5443992614746 36.5435638427734 36.5416412353516 36.5395927429199 36.5376510620117 36.5388259887695 36.5399703979492 36.5409355163574 36.5381622314453 36.5263557434082 36.5120620727539 36.4943504333496 36.4743690490723 36.4525375366211 36.4265327453613 36.3985481262207 36.3764915466309 36.3558464050293 36.3462524414062 36.3378715515137 36.3361358642578 36.3347969055176 36.3351402282715 36.3325271606445 36.3236808776855 36.3082122802734 36.2846488952637 36.2541961669922 36.2187309265137 36.1979866027832 36.1833343505859 36.1831359863281 36.1857833862305 36.2008438110352 36.2166328430176 36.2350692749023 36.2531547546387 36.2700271606445 36.2830200195312 36.2888107299805 36.2901611328125 36.2866668701172 36.2787857055664 36.2680625915527 36.2573585510254 36.2466621398926 36.2397270202637
