Ecospace-environmental-drivers/Outputs/ASCII-for-ecospace/MOM6-ISIMIP3a/so/1984-12_so_MOM6-ISIMIP3a.asc
NCOLS 131 
NROWS 53 
XLLCORNER -98 
YLLCORNER 23.9265270233154 
CELLSIZE 0.133587792515755 
NODATA_value -9999 
[rows 21 to 41 of 53, columns 47 to 93 of 131]
35.611457824707 35.5862350463867 35.5507164001465 35.5087089538574 35.4665260314941 35.4376564025879 35.4065437316895 35.364013671875 35.3249664306641 35.2943229675293 35.2334175109863 35.1309700012207 34.9865951538086 34.807918548584 34.7265701293945 34.6913223266602 34.7552452087402 34.8428611755371 34.9363899230957 35.0310668945312 35.1366157531738 35.2438163757324 35.3579216003418 35.471866607666 35.5854644775391 35.6871528625488 35.7742881774902 35.846794128418 35.9086418151855 35.9613723754883 36.010326385498 36.0552101135254 36.0992965698242 36.1350326538086 36.1689186096191 36.1877784729004 36.2063522338867 36.2239303588867 36.2412261962891 36.2579879760742 36.2731018066406 36.2864151000977 36.2984580993652 36.3096733093262 36.3131523132324 36.313850402832 36.3310890197754
35.676570892334 35.665943145752 35.6482124328613 35.6147155761719 35.5801773071289 35.5610733032227 35.5401000976562 35.5095901489258 35.476993560791 35.4393653869629 35.3831405639648 35.3013916015625 35.186466217041 35.0443992614746 34.9815216064453 34.9561500549316 35.0066719055176 35.0753288269043 35.1497650146484 35.2253646850586 35.3120727539062 35.3995094299316 35.4900054931641 35.5805702209473 35.6712799072266 35.7555465698242 35.8319358825684 35.8939399719238 35.9454612731934 35.993408203125 36.0398788452148 36.0916290283203 36.144416809082 36.1832733154297 36.2200050354004 36.2410202026367 36.2606620788574 36.2754745483398 36.2905197143555 36.3059997558594 36.3217315673828 36.3377342224121 36.3472557067871 36.3525810241699 36.3505592346191 36.3458938598633 36.3549308776855
35.7306747436523 35.7338447570801 35.7333335876465 35.7082138061523 35.6812362670898 35.6722297668457 35.661792755127 35.6440734863281 35.6184577941895 35.5737762451172 35.5237312316895 35.4663200378418 35.3829193115234 35.2782554626465 35.2318267822266 35.2129821777344 35.2495803833008 35.2994270324707 35.3548889160156 35.4114761352539 35.4787750244141 35.5462684631348 35.614574432373 35.6834297180176 35.7534446716309 35.8216667175293 35.8876953125 35.9397468566895 35.9816131591797 36.0258903503418 36.0711669921875 36.1303825378418 36.1923370361328 36.2340888977051 36.2734107971191 36.296329498291 36.3167953491211 36.3286361694336 36.3412666320801 36.3553619384766 36.3714179992676 36.3896064758301 36.3963470458984 36.3956756591797 36.3887748718262 36.3796310424805 36.3804244995117
35.7802734375 35.7824249267578 35.782958984375 35.7657814025879 35.7471694946289 35.7388610839844 35.7312545776367 35.7272186279297 35.7130470275879 35.6744003295898 35.6323204040527 35.5855293273926 35.5234680175781 35.4489097595215 35.4154930114746 35.4015655517578 35.4270401000977 35.4619331359863 35.5032768249512 35.5459327697754 35.601188659668 35.657096862793 35.7157211303711 35.7743186950684 35.8328628540039 35.8906784057617 35.9476051330566 35.9946327209473 36.0344505310059 36.0851020812988 36.1402359008789 36.2035140991211 36.2683982849121 36.3074531555176 36.3437843322754 36.3628425598145 36.3799705505371 36.3903198242188 36.4012145996094 36.4131202697754 36.4236068725586 36.4325408935547 36.4343643188477 36.4315872192383 36.4240570068359 36.4148254394531 36.4100341796875
35.8354797363281 35.8362312316895 35.8370742797852 35.8264465332031 35.8147735595703 35.8064956665039 35.8006172180176 35.8069267272949 35.8019599914551 35.7697677612305 35.7354927062988 35.698356628418 35.6554527282715 35.6078338623047 35.5859909057617 35.576358795166 35.592357635498 35.6144752502441 35.6443481445312 35.6756553649902 35.7201461791992 35.7657585144043 35.8160514831543 35.8661193847656 35.9157066345215 35.9654922485352 36.0155143737793 36.0587692260742 36.0970916748047 36.1527633666992 36.2156181335449 36.2797164916992 36.3440589904785 36.3782997131348 36.4096870422363 36.4240989685059 36.4371452331543 36.4454040527344 36.4539451599121 36.4630165100098 36.4681396484375 36.4689598083496 36.4664535522461 36.4617958068848 36.4540367126465 36.4451675415039 36.435619354248
35.9152679443359 35.9129638671875 35.9109001159668 35.9007148742676 35.8896942138672 35.8785285949707 35.8695335388184 35.8715705871582 35.8660087585449 35.8420906066895 35.8148956298828 35.7831916809082 35.7499084472656 35.7153358459473 35.6987571716309 35.6907081604004 35.7044258117676 35.7233428955078 35.7533302307129 35.7846298217773 35.8239593505859 35.8649406433105 35.9128189086914 35.9619102478027 36.0135688781738 36.065731048584 36.1185111999512 36.1634635925293 36.2027168273926 36.257495880127 36.3187065124512 36.3693733215332 36.4179649353027 36.4380989074707 36.4559898376465 36.4623107910156 36.4680137634277 36.4715385437012 36.475025177002 36.4784393310547 36.479118347168 36.4768142700195 36.4725456237793 36.4670028686523 36.460750579834 36.4542465209961 36.4435768127441
35.9947547912598 35.9901504516602 35.9856262207031 35.9756927490234 35.9651489257812 35.9532089233398 35.9430313110352 35.941822052002 35.9365692138672 35.9215393066406 35.902774810791 35.8788795471191 35.856071472168 35.8341598510742 35.8237953186035 35.8189010620117 35.8318748474121 35.84912109375 35.8775863647461 35.9070587158203 35.9399299621582 35.9749870300293 36.0191764831543 36.0656089782715 36.1167678833008 36.168888092041 36.2221755981445 36.2672309875488 36.3062896728516 36.3547897338867 36.4072036743164 36.4425964355469 36.4746437072754 36.48388671875 36.491584777832 36.492431640625 36.4930038452148 36.4926261901855 36.4920883178711 36.4912567138672 36.4885139465332 36.4836845397949 36.4776916503906 36.4709396362305 36.4658203125 36.4612846374512 36.4508514404297
36.0735893249512 36.0683326721191 36.0623359680176 36.0522155761719 36.0417633056641 36.0336608886719 36.0265235900879 36.0243072509766 36.0213356018066 36.016529083252 36.0091514587402 35.998233795166 35.9877777099609 35.9776992797852 35.9756088256836 35.9773025512695 35.9928894042969 36.0117950439453 36.0351715087891 36.0588455200195 36.0824241638184 36.1087341308594 36.1464691162109 36.1865615844727 36.2316207885742 36.2784080505371 36.3273010253906 36.3689727783203 36.4053802490234 36.4358558654785 36.4638710021973 36.4799766540527 36.4937400817871 36.4991188049316 36.5038146972656 36.5048828125 36.5051689147949 36.5027046203613 36.5003967285156 36.4983863830566 36.4944458007812 36.4883995056152 36.4807662963867 36.472110748291 36.4673042297363 36.4638786315918 36.4566421508789
36.1767501831055 36.1703720092773 36.1632957458496 36.1560401916504 36.1489524841309 36.1468391418457 36.1451644897461 36.1457023620605 36.1470985412598 36.1505813598633 36.1522445678711 36.1514167785645 36.1482124328613 36.1430587768555 36.1426696777344 36.1445388793945 36.159065246582 36.1766204833984 36.1930503845215 36.2092170715332 36.222713470459 36.2390289306641 36.2671279907227 36.2986907958984 36.3375663757324 36.3765830993652 36.4157676696777 36.4470252990723 36.4725112915039 36.4878692626953 36.4990348815918 36.5035629272461 36.5067825317383 36.5095977783203 36.5121994018555 36.5128479003906 36.5124206542969 36.5081939697266 36.5046653747559 36.5024299621582 36.4981269836426 36.4915733337402 36.4839134216309 36.4755363464355 36.4715461730957 36.4691314697266 36.4641494750977
36.3105239868164 36.3024291992188 36.2947692871094 36.2942085266113 36.294605255127 36.3012008666992 36.3080253601074 36.3160400390625 36.3244400024414 36.3337707519531 36.3415374755859 36.3471527099609 36.344783782959 36.3358764648438 36.3289222717285 36.3228874206543 36.3317413330078 36.3441505432129 36.3513031005859 36.3578109741211 36.3602333068848 36.3649749755859 36.3794364929199 36.3997268676758 36.4323081970215 36.4604873657227 36.4832763671875 36.4952812194824 36.499439239502 36.5033416748047 36.5071411132812 36.5097923278809 36.5122146606445 36.514102935791 36.5157470703125 36.5151672363281 36.5134811401367 36.5079116821289 36.503849029541 36.5025939941406 36.4989814758301 36.492805480957 36.4871406555176 36.481803894043 36.4792671203613 36.4777374267578 36.4738235473633
36.4294853210449 36.4209403991699 36.413387298584 36.4146957397461 36.4171257019043 36.4253692626953 36.4336166381836 36.4418716430664 36.4503402709961 36.4593391418457 36.4670104980469 36.4728622436523 36.4707450866699 36.4621124267578 36.4527969360352 36.4431610107422 36.4451026916504 36.4498100280762 36.4497413635254 36.4492492675781 36.4474639892578 36.4476203918457 36.4559135437012 36.4687881469727 36.4913215637207 36.5077133178711 36.5165977478027 36.5173873901367 36.5122833251953 36.5110092163086 36.5113220214844 36.5126914978027 36.5142707824707 36.5157012939453 36.5169067382812 36.5159149169922 36.5139083862305 36.5083160400391 36.504581451416 36.5042839050293 36.5014152526855 36.4957389831543 36.4918746948242 36.4891777038574 36.487922668457 36.4871826171875 36.4841117858887
36.5373382568359 36.5292854309082 36.5223617553711 36.5219192504883 36.5222930908203 36.5269012451172 36.5312538146973 36.5343132019043 36.5376586914062 36.5416870117188 36.5446166992188 36.5460433959961 36.5437507629395 36.5384101867676 36.5298957824707 36.5198783874512 36.5139808654785 36.5090675354004 36.5033149719238 36.4978256225586 36.4969749450684 36.4977798461914 36.5055160522461 36.5138702392578 36.5235366821289 36.5274314880371 36.5242767333984 36.5198783874512 36.5145721435547 36.512825012207 36.5125541687012 36.5130920410156 36.5137901306152 36.5151214599609 36.5162773132324 36.5154914855957 36.513858795166 36.5092391967773 36.5064659118652 36.5071220397949 36.5050315856934 36.4999542236328 36.4977416992188 36.4973831176758 36.4972801208496 36.4972686767578 36.4948616027832
36.5898780822754 36.5822677612305 36.5753364562988 36.5725288391113 36.5702705383301 36.5713310241699 36.5722389221191 36.5723686218262 36.5728225708008 36.5740623474121 36.574649810791 36.5743408203125 36.5720634460449 36.5681762695312 36.5603866577148 36.5507545471191 36.5410194396973 36.5312614440918 36.5246810913086 36.5187492370605 36.519100189209 36.520565032959 36.5266952514648 36.5318336486816 36.5348701477051 36.5332641601562 36.5259895324707 36.5199851989746 36.5149078369141 36.5128555297852 36.5120582580566 36.5121383666992 36.512393951416 36.5137634277344 36.5150299072266 36.5149116516113 36.5141181945801 36.5109367370605 36.5090293884277 36.5094985961914 36.5078926086426 36.5040245056152 36.5020217895508 36.5012283325195 36.5016822814941 36.5025901794434 36.5016784667969
36.6187133789062 36.6115226745605 36.604305267334 36.598876953125 36.5937347412109 36.5912857055664 36.588939666748 36.5871086120605 36.585636138916 36.585018157959 36.5842895507812 36.5834007263184 36.5812225341797 36.577995300293 36.5709037780762 36.5619850158691 36.5501289367676 36.5375709533691 36.5322380065918 36.5278167724609 36.529483795166 36.5316123962402 36.5356979370117 36.5381736755371 36.5372543334961 36.533145904541 36.5251426696777 36.5190696716309 36.514404296875 36.5121154785156 36.510814666748 36.5106048583984 36.510612487793 36.5120735168457 36.5135192871094 36.5142669677734 36.5145111083984 36.5129661560059 36.5118865966797 36.5116767883301 36.510425567627 36.5080375671387 36.5056266784668 36.5032005310059 36.503963470459 36.5058746337891 36.5068130493164
36.6230010986328 36.616325378418 36.6093711853027 36.6042442321777 36.5993919372559 36.5969123840332 36.5945777893066 36.5929641723633 36.5915374755859 36.5905532836914 36.5895614624023 36.5885620117188 36.5864219665527 36.5833549499512 36.5766143798828 36.5681343078613 36.5561561584473 36.543342590332 36.5397796630859 36.5370979309082 36.5380401611328 36.5390853881836 36.5405502319336 36.540584564209 36.5375938415527 36.5322647094727 36.5240783691406 36.5178375244141 36.5130195617676 36.5103912353516 36.508674621582 36.5082702636719 36.5081253051758 36.509822845459 36.5115127563477 36.5124435424805 36.5127487182617 36.5108604431152 36.5093269348145 36.5084457397461 36.5070648193359 36.5051345825195 36.5032348632812 36.5013618469238 36.502628326416 36.5050201416016 36.5072937011719
36.6222114562988 36.6160697937012 36.609489440918 36.6052665710449 36.6013603210449 36.5995788574219 36.5979309082031 36.596981048584 36.5960083007812 36.5949668884277 36.593936920166 36.5929183959961 36.5908050537109 36.5877914428711 36.5813293457031 36.5732307434082 36.5615463256836 36.5490036010742 36.5473136901855 36.5464210510254 36.5462226867676 36.5458145141602 36.544548034668 36.5421867370605 36.5375099182129 36.5312232971191 36.5229644775391 36.5165405273438 36.5114555358887 36.5084648132324 36.5063438415527 36.5057678222656 36.5054931640625 36.5074615478516 36.509407043457 36.5103759765625 36.5105438232422 36.5079040527344 36.5056457519531 36.5040969848633 36.5024833679199 36.5008010864258 36.4996070861816 36.4987297058105 36.5005378723145 36.5033111572266 36.5068130493164
36.6184844970703 36.6127967834473 36.6067962646484 36.6033515930176 36.6002426147461 36.5991058349609 36.5981063842773 36.5978050231934 36.5974731445312 36.597053527832 36.5966110229492 36.5961303710938 36.5945434570312 36.5920486450195 36.5867652893066 36.5801582336426 36.5701065063477 36.5592346191406 36.5564651489258 36.5542449951172 36.5519866943359 36.5495910644531 36.5466232299805 36.5427932739258 36.5371437072754 36.5302467346191 36.5218200683594 36.515193939209 36.509880065918 36.5065002441406 36.5039215087891 36.5029983520508 36.5024032592773 36.5037956237793 36.5051383972168 36.5052604675293 36.5046348571777 36.5013885498047 36.498649597168 36.4968490600586 36.4950180053711 36.4931564331055 36.4925155639648 36.4926643371582 36.4947738647461 36.4975891113281 36.5023498535156
36.6146850585938 36.6094398498535 36.6040344238281 36.6013374328613 36.5989837646484 36.5984306335449 36.5980224609375 36.598331451416 36.5986137390137 36.5988311767578 36.5989875793457 36.5990600585938 36.5980491638184 36.5961494445801 36.5920906066895 36.5870132446289 36.5786972045898 36.5696067810059 36.5655250549316 36.5617485046387 36.557430267334 36.5530700683594 36.5485382080078 36.5433616638184 36.5368156433105 36.5293464660645 36.5207405090332 36.5138969421387 36.5083351135254 36.504566192627 36.501537322998 36.5002517700195 36.4993057250977 36.5000228881836 36.5006561279297 36.4998664855957 36.4984169006348 36.4946365356445 36.4914894104004 36.4895133972168 36.4875183105469 36.4855079650879 36.4853858947754 36.4864883422852 36.488842010498 36.4916496276855 36.4974212646484
36.6114692687988 36.6066970825195 36.6019668579102 36.5996780395508 36.5976867675781 36.5971031188965 36.5966987609863 36.5971870422363 36.597728729248 36.598388671875 36.5989952087402 36.5995216369629 36.5993690490723 36.5986633300781 36.5959358215332 36.5922508239746 36.5860557556152 36.5792579650879 36.5728912353516 36.5665817260742 36.5606155395508 36.554817199707 36.549690246582 36.5439872741699 36.5370597839355 36.5292472839355 36.5203437805176 36.5131301879883 36.5071449279785 36.5030174255371 36.4996604919434 36.4978561401367 36.4963569641113 36.4956855773926 36.4949264526367 36.4929542541504 36.4906311035156 36.487060546875 36.4841918945312 36.4826278686523 36.481029510498 36.4793968200684 36.4795227050781 36.4807815551758 36.4828796386719 36.485279083252 36.4894027709961
36.6084861755371 36.6041450500488 36.600025177002 36.5980567932129 36.5963478088379 36.5958290100098 36.595516204834 36.5962562561035 36.5970840454102 36.5981369018555 36.5991020202637 36.5999526977539 36.6004981994629 36.6007957458496 36.5992774963379 36.5969009399414 36.5925483703613 36.5877265930176 36.579719543457 36.571533203125 36.5638732910156 36.5565719604492 36.55078125 36.5445251464844 36.5372848510742 36.529182434082 36.5200347900391 36.5124626159668 36.5060386657715 36.5014839172363 36.4977035522461 36.495304107666 36.4931755065918 36.4912185668945 36.4891624450684 36.4860763549805 36.4829254150391 36.4795379638672 36.4769554138184 36.4758605957031 36.4747200012207 36.4735298156738 36.4739036560059 36.4752922058105 36.477108001709 36.479076385498 36.4818000793457
36.6063385009766 36.6022872924805 36.5985488891602 36.5965805053711 36.5948524475098 36.5947380065918 36.5948448181152 36.5960884094238 36.5973320007324 36.5985679626465 36.5995788574219 36.6002769470215 36.6009254455566 36.6015281677246 36.600772857666 36.5993728637695 36.5958595275879 36.5918464660645 36.5845718383789 36.5769386291504 36.5673751831055 36.5583610534668 36.5516586303711 36.5447540283203 36.5374336242676 36.5292549133301 36.5200271606445 36.5121383666992 36.5052337646484 36.4999885559082 36.4954376220703 36.4921684265137 36.4891471862793 36.4862632751465 36.483283996582 36.479320526123 36.4755058288574 36.4722175598145 36.4699363708496 36.4695281982422 36.4690704345703 36.4685516357422 36.4691963195801 36.4705924987793 36.4720268249512 36.4734802246094 36.475715637207
