Ecospace-environmental-drivers/Outputs/ASCII-for-ecospace/MOM6-ISIMIP3a/so/1984-05_so_MOM6-ISIMIP3a.asc
NCOLS 131 
NROWS 53 
XLLCORNER -98 
YLLCORNER 23.9265270233154 
CELLSIZE 0.133587792515755 
NODATA_value -9999 
[rows 0 to 20 of 53, columns 47 to 93 of 131]
-9999 -9999 -9999 -9999 -9999 -9999 -9999 -9999 -9999 -9999 -9999 -9999 -9999 -9999 -9999 -9999 -9999 -9999 -9999 -9999 -9999 -9999 -9999 -9999 -9999 -9999 -9999 -9999 -9999 -9999 -9999 -9999 -9999 -9999 -9999 -9999 -9999 -9999 -9999 -9999 -9999 -9999 -9999 -9999 -9999 -9999 -9999
-9999 -9999 -9999 -9999 -9999 -9999 -9999 -9999 -9999 -9999 -9999 -9999 -9999 -9999 -9999 -9999 -9999 -9999 -9999 -9999 -9999 -9999 -9999 -9999 -9999 -9999 -9999 -9999 -9999 -9999 -9999 -9999 -9999 -9999 -9999 -9999 -9999 -9999 -9999 -9999 -9999 -9999 -9999 -9999 -9999 -9999 -9999
-9999 -9999 -9999 -9999 -9999 -9999 -9999 -9999 -9999 -9999 -9999 -9999 -9999 -9999 -9999 -9999 -9999 -9999 -9999 -9999 -9999 -9999 -9999 -9999 -9999 -9999 -9999 28.1608600616455 29.2575092315674 -9999 -9999 -9999 -9999 -9999 -9999 -9999 -9999 -9999 -9999 -9999 -9999 -9999 -9999 -9999 -9999 -9999 -9999
-9999 -9999 -9999 -9999 -9999 -9999 -9999 -9999 -9999 -9999 -9999 -9999 -9999 -9999 -9999 -9999 -9999 -9999 -9999 -9999 -9999 -9999 -9999 -9999 -9999 -9999 -9999 28.1625061035156 29.2637176513672 -9999 -9999 -9999 -9999 -9999 -9999 -9999 -9999 -9999 -9999 -9999 -9999 -9999 -9999 -9999 -9999 -9999 -9999
-9999 -9999 -9999 -9999 -9999 -9999 -9999 -9999 -9999 -9999 -9999 -9999 -9999 -9999 -9999 -9999 -9999 -9999 19.7501602172852 19.9463539123535 20.103307723999 21.0188598632812 21.8714656829834 23.4437961578369 24.7932186126709 25.9495754241943 27.059476852417 28.1600074768066 29.2680358886719 30.3631114959717 -9999 -9999 33.3024406433105 34.0844039916992 34.6010513305664 34.9222183227539 35.0230445861816 35.0701675415039 35.0829391479492 35.1134872436523 35.1664047241211 35.2240028381348 -9999 -9999 -9999 -9999 -9999
-9999 -9999 -9999 -9999 -9999 -9999 -9999 -9999 -9999 -9999 -9999 -9999 -9999 -9999 17.7382183074951 -9999 17.2244243621826 16.8014335632324 18.3457870483398 19.7501602172852 19.9855918884277 20.103307723999 21.9344100952148 23.5766792297363 24.8203010559082 25.9826755523682 27.0457496643066 28.1500072479248 29.2842655181885 30.3698329925537 31.4352378845215 32.4182052612305 33.3849678039551 34.1041526794434 34.7640953063965 34.9349021911621 35.0676536560059 35.066577911377 35.0762748718262 35.1059684753418 35.1582145690918 35.2350311279297 35.2787590026855 35.3010787963867 -9999 -9999 -9999
-9999 -9999 -9999 -9999 -9999 -9999 -9999 -9999 -9999 -9999 21.0177192687988 21.0082015991211 21.0057067871094 21.0100612640381 19.3977870941162 17.8034763336182 17.6729621887207 17.1988792419434 16.8014335632324 18.4857654571533 19.7501602172852 20.103307723999 21.9344100952148 23.5766792297363 24.8203010559082 25.9826755523682 27.0457496643066 28.1500072479248 29.2842655181885 30.3698329925537 31.4352378845215 32.4182052612305 33.3849678039551 34.1041526794434 34.7640953063965 34.9349021911621 35.0676536560059 35.066577911377 35.0762748718262 35.1059684753418 35.1582145690918 35.2350311279297 35.2787590026855 35.3010787963867 35.3069763183594 35.2977485656738 -9999
-9999 -9999 -9999 -9999 -9999 -9999 -9999 -9999 -9999 -9999 21.0687465667725 21.0177192687988 20.9986839294434 -9999 21.0307846069336 19.4810028076172 17.9339904785156 17.6729621887207 17.1222400665283 16.8014335632324 18.9057006835938 20.9654197692871 22.8387050628662 24.4747543334961 25.6099796295166 26.6757640838623 27.6566791534424 28.7095489501953 29.8148326873779 30.8381862640381 31.8276119232178 32.692985534668 33.5339775085449 34.1281051635742 34.6714057922363 34.8075141906738 34.9142723083496 34.917839050293 34.9377632141113 34.9880561828613 35.0667839050293 35.1764945983887 35.2486724853516 35.2965660095215 35.2996444702148 35.2866249084473 35.1900787353516
-9999 -9999 -9999 -9999 -9999 -9999 -9999 -9999 -9999 -9999 -9999 -9999 -9999 -9999 21.0047721862793 21.1079273223877 19.6853656768799 18.1950168609619 17.6729621887207 16.8923225402832 19.4824275970459 21.9427337646484 23.859827041626 25.4869918823242 26.5020999908447 27.4609241485596 28.3509616851807 29.3449363708496 30.4146213531494 31.3651065826416 32.266227722168 32.9990997314453 33.6988945007324 34.1543998718262 34.5685272216797 34.6668319702148 34.7453460693359 34.754280090332 34.7854919433594 34.8580741882324 34.9656791687012 35.1114463806152 35.2150382995605 35.2913398742676 35.3009414672852 35.2865829467773 35.1635856628418
31.8479843139648 -9999 -9999 -9999 -9999 -9999 -9999 -9999 -9999 -9999 25.3667850494385 21.1210498809814 -9999 -9999 -9999 21.0550174713135 21.327184677124 20.1766452789307 18.7170715332031 18.9654407501221 21.3207855224609 23.5799827575684 25.436803817749 26.9879894256592 27.8939571380615 28.7581462860107 29.5712738037109 30.4452304840088 31.3634929656982 32.1138687133789 32.7947158813477 33.3323287963867 33.8417816162109 34.1698532104492 34.4693717956543 34.5555839538574 34.62744140625 34.6488418579102 34.6887893676758 34.7631874084473 34.881046295166 35.046257019043 35.1745529174805 35.2789611816406 35.2948722839355 35.2789993286133 35.1593933105469
31.7223453521729 31.7037982940674 -9999 -9999 -9999 -9999 -9999 -9999 -9999 -9999 27.4196720123291 24.780403137207 21.1210498809814 -9999 -9999 20.8654441833496 21.281888961792 21.8342227935791 21.377082824707 21.0216903686523 23.1565628051758 25.2216911315918 26.9949188232422 28.456937789917 29.2619686126709 30.0369281768799 30.7751331329346 31.5248336791992 32.2829055786133 32.8381271362305 33.3093414306641 33.6628112792969 33.9931335449219 34.2022552490234 34.3946380615234 34.4673309326172 34.5306053161621 34.5607681274414 34.6060981750488 34.6795959472656 34.8044204711914 34.9851722717285 35.1356735229492 35.2666091918945 35.2899589538574 35.2746658325195 35.1575546264648
31.7223453521729 31.6667060852051 31.5779209136963 31.2643585205078 -9999 -9999 -9999 -9999 -9999 -9999 -9999 26.5273532867432 23.9134101867676 21.1210498809814 21.0177192687988 20.8654441833496 21.281888961792 21.8342227935791 22.3645839691162 22.9874401092529 24.9785022735596 26.8873081207275 28.4518623352051 29.753978729248 30.5020694732666 31.2167892456055 31.8907279968262 32.4934501647949 33.0442962646484 33.4309463500977 33.7495994567871 33.9785575866699 34.189884185791 34.3255500793457 34.4508590698242 34.5024147033691 34.5467796325684 34.5658721923828 34.5985832214355 34.6565856933594 34.7707481384277 34.9460983276367 35.1054344177246 35.2544174194336 35.2912368774414 35.2877616882324 35.1683578491211
31.8259658813477 31.7167282104492 31.6515636444092 31.2766876220703 -9999 -9999 -9999 -9999 28.6923141479492 28.2104835510254 27.6128082275391 26.8560924530029 25.1131610870361 22.5633392333984 21.701286315918 21.638692855835 22.072338104248 22.6245517730713 23.7964019775391 25.0446510314941 26.785327911377 28.4493103027344 29.7923107147217 30.9234409332275 31.6072940826416 32.2490539550781 32.8393669128418 33.3082275390625 33.6886215209961 33.9398651123047 34.1376266479492 34.2688064575195 34.3869018554688 34.4603042602539 34.5279922485352 34.5559959411621 34.578914642334 34.5839576721191 34.6020469665527 34.6443710327148 34.7433853149414 34.904167175293 35.0665855407715 35.2300682067871 35.2896881103516 35.3120040893555 35.2174301147461
32.1886444091797 31.9226703643799 31.6690616607666 31.2766876220703 30.8648242950439 30.31032371521 29.7579479217529 29.2163848876953 28.6923141479492 28.2104835510254 27.6128082275391 26.8560924530029 25.7537117004395 24.3685169219971 24.0938053131104 24.3451042175293 24.8389492034912 25.3907451629639 26.3390293121338 27.3305168151855 28.554370880127 29.7522659301758 30.841516494751 31.7739486694336 32.3753242492676 32.9123115539551 33.3706130981445 33.7383995056152 34.0402603149414 34.2390174865723 34.395076751709 34.4953117370605 34.5845794677734 34.6237144470215 34.6573905944824 34.6558151245117 34.6509475708008 34.6344985961914 34.6329650878906 34.6591339111328 34.7317886352539 34.8550910949707 35.0062141418457 35.1753311157227 35.2810935974121 35.3640937805176 35.3621635437012
32.6177558898926 32.2799835205078 31.9345798492432 31.5441093444824 31.145076751709 30.6393985748291 30.1356925964355 29.6420192718506 29.1521148681641 28.6713123321533 28.1463756561279 27.5608501434326 27.0214099884033 26.5196743011475 26.6712532043457 27.1322917938232 27.6215229034424 28.1174869537354 28.7910804748535 29.4813270568848 30.236385345459 31.0029106140137 31.817440032959 32.5299758911133 33.0271911621094 33.4592781066895 33.8117637634277 34.1012344360352 34.3448066711426 34.5026626586914 34.6250228881836 34.6928596496582 34.7499771118164 34.7550315856934 34.755500793457 34.7300453186035 34.7045974731445 34.6791877746582 34.6684341430664 34.6849021911621 34.7383041381836 34.8319473266602 34.9653472900391 35.1244735717773 35.2499885559082 35.3634300231934 35.4220428466797
33.140796661377 32.8513069152832 32.5507545471191 32.1896171569824 31.8215503692627 31.4337253570557 31.0475025177002 30.6694259643555 30.2619895935059 29.7836666107178 29.4343109130859 29.2620086669922 29.1757831573486 29.159984588623 29.5101585388184 30.0336856842041 30.4266662597656 30.7884521484375 31.1150684356689 31.4411926269531 31.7953548431396 32.1796035766602 32.6897583007812 33.1524200439453 33.5148277282715 33.8418235778809 34.1255416870117 34.3688659667969 34.5827598571777 34.7161026000977 34.8160820007324 34.8494567871094 34.8697395324707 34.8409652709961 34.8093795776367 34.7680931091309 34.7322578430176 34.7155952453613 34.7103309631348 34.7262344360352 34.7704315185547 34.845458984375 34.9520645141602 35.0791015625 35.1870613098145 35.2881736755371 35.3619537353516
33.6696548461914 33.414924621582 33.1454010009766 32.8293266296387 32.509708404541 32.2229423522949 31.9359397888184 31.6477108001709 31.3314743041992 30.9476108551025 30.7630577087402 30.8521308898926 31.027364730835 31.2730960845947 31.6817474365234 32.1675682067871 32.464527130127 32.7163619995117 32.8339042663574 32.9417839050293 33.0433158874512 33.1811370849609 33.4708366394043 33.7495460510254 34.0050506591797 34.2458648681641 34.4687232971191 34.6582794189453 34.8235855102539 34.9118423461914 34.9681854248047 34.9588203430176 34.9365425109863 34.8853759765625 34.8342132568359 34.7935523986816 34.761043548584 34.7572174072266 34.7612228393555 34.7797813415527 34.8177261352539 34.8767967224121 34.958683013916 35.0553283691406 35.1424827575684 35.2262268066406 35.2992782592773
34.2034149169922 33.9720497131348 33.7219200134277 33.4641532897949 33.2076988220215 33.0078582763672 32.8046951293945 32.5846290588379 32.366943359375 32.1549949645996 32.1261711120605 32.3487434387207 32.6239585876465 32.9422416687012 33.291374206543 33.6551170349121 33.8562507629395 34.0185317993164 34.0431327819824 34.0556144714355 34.029369354248 34.0351715087891 34.1750869750977 34.3253479003906 34.4974555969238 34.6680068969727 34.8366546630859 34.9660415649414 35.0668296813965 35.0926742553711 35.0874824523926 35.0284080505371 34.958740234375 34.8948135375977 34.834587097168 34.8084106445312 34.7907829284668 34.8032264709473 34.8196907043457 34.8436126708984 34.8777923583984 34.9231452941895 34.9820594787598 35.0497512817383 35.113353729248 35.1754875183105 35.2344245910645
34.8315277099609 34.6578750610352 34.4640846252441 34.2668228149414 34.0710067749023 33.9236717224121 33.7722129821777 33.5997657775879 33.4389572143555 33.3062400817871 33.3219909667969 33.5415687561035 33.7933349609375 34.0714416503906 34.3361320495605 34.5944709777832 34.7345352172852 34.8463401794434 34.8337173461914 34.8084678649902 34.7238235473633 34.6681900024414 34.7339630126953 34.8134803771973 34.9220237731934 35.0288238525391 35.1334915161133 35.199520111084 35.2374038696289 35.2108383178711 35.1575775146484 35.0701446533203 34.9759941101074 34.9102935791016 34.8504447937012 34.8374519348145 34.8327369689941 34.857120513916 34.8833694458008 34.9130897521973 34.9458389282227 34.9818916320801 35.0236396789551 35.0690727233887 35.1124038696289 35.1549835205078 35.1995506286621
35.5058174133301 35.4066848754883 35.2873039245605 35.1516304016113 35.015209197998 34.9035453796387 34.7880668640137 34.6531791687012 34.5288505554199 34.4300117492676 34.4359474182129 34.5857238769531 34.7536430358887 34.9364013671875 35.1044616699219 35.2655563354492 35.3615570068359 35.4420051574707 35.4194259643555 35.3846626281738 35.2755737304688 35.1930465698242 35.2216949462891 35.258716583252 35.3133964538574 35.3596305847168 35.3955307006836 35.3966445922852 35.3724212646484 35.2983322143555 35.2035942077637 35.0982551574707 34.9908294677734 34.9287300109863 34.8738822937012 34.8734359741211 34.8806648254395 34.914867401123 34.9496040344238 34.9853286743164 35.0177917480469 35.0467109680176 35.0741310119629 35.1005821228027 35.1252479553223 35.1492767333984 35.1793479919434
35.8744010925293 35.8267593383789 35.7654418945312 35.6855888366699 35.6040191650391 35.5272941589355 35.447193145752 35.3499298095703 35.2576026916504 35.1771926879883 35.1653213500977 35.2475471496582 35.3451690673828 35.455379486084 35.5582084655762 35.6575355529785 35.7235679626465 35.7816390991211 35.7552642822266 35.7182121276855 35.6102104187012 35.5191612243652 35.4990539550781 35.4863586425781 35.4893074035645 35.4911079406738 35.4915008544922 35.467945098877 35.4269409179688 35.3443031311035 35.2444305419922 35.1358070373535 35.025463104248 34.9701805114746 34.9229316711426 34.9341888427734 34.9525375366211 34.9958152770996 35.0388336181641 35.0813674926758 35.1178550720215 35.1477508544922 35.167854309082 35.1816215515137 35.1895484924316 35.1953811645508 35.206657409668
