Ecospace-environmental-drivers/Outputs/ASCII-for-ecospace/MOM6-ISIMIP3a/so/1984-01_so_MOM6-ISIMIP3a.asc
NCOLS 131 
NROWS 53 
XLLCORNER -98 
YLLCORNER 23.9265270233154 
CELLSIZE 0.133587792515755 
NODATA_value -9999 
[rows 21 to 41 of 53, columns 47 to 93 of 131]
35.1682929992676 35.1069641113281 35.059211730957 35.0354957580566 35.0127754211426 34.950382232666 34.8889122009277 34.8321495056152 34.7783508300781 34.7317123413086 34.7383766174316 34.8182144165039 34.8920860290527 34.9610710144043 35.0047645568848 35.0364761352539 35.1894874572754 35.3714828491211 35.4885139465332 35.6008529663086 35.7098159790039 35.8170356750488 35.9169540405273 36.0139427185059 36.1047515869141 36.1791725158691 36.233570098877 36.2704772949219 36.2946472167969 36.311408996582 36.3251037597656 36.3312644958496 36.3359489440918 36.3400192260742 36.3439788818359 36.3470687866211 36.348934173584 36.3465156555176 36.3418045043945 36.3328323364258 36.3242683410645 36.3161582946777 36.3114929199219 36.3090629577637 36.3056831359863 36.3019676208496 36.2989120483398
35.3644180297852 35.3110847473145 35.2693290710449 35.2428817749023 35.2168006896973 35.1582489013672 35.1010627746582 35.0508346557617 35.0089950561523 34.9874038696289 35.0147819519043 35.109375 35.1794166564941 35.229362487793 35.2625961303711 35.2879104614258 35.4064178466797 35.5471954345703 35.657299041748 35.7655982971191 35.8783302307129 35.9863967895508 36.0749282836914 36.1551399230957 36.2177886962891 36.2662200927734 36.2972755432129 36.3170051574707 36.328483581543 36.3358879089355 36.3416061401367 36.3430404663086 36.3436279296875 36.3468933105469 36.3501739501953 36.352668762207 36.3542022705078 36.352352142334 36.3482208251953 36.3398475646973 36.3318290710449 36.3241920471191 36.3222236633301 36.3239212036133 36.323127746582 36.3214340209961 36.3188095092773
35.5426597595215 35.4967956542969 35.4602737426758 35.430046081543 35.3995780944824 35.3453369140625 35.29296875 35.2501106262207 35.2214736938477 35.2271690368652 35.2756271362305 35.3827896118164 35.4494209289551 35.4828948974609 35.5074806213379 35.5278549194336 35.614616394043 35.7172355651855 35.8237457275391 35.931095123291 36.046760559082 36.1544914245605 36.2290000915527 36.2902450561523 36.3234939575195 36.3454246520996 36.353515625 36.3568572998047 36.3567390441895 36.3559532165527 36.3548889160156 36.352367401123 36.3495559692383 36.3522796630859 36.3551292419434 36.3571853637695 36.3585662841797 36.3575744628906 36.3542442321777 36.3465690612793 36.3392143249512 36.3322105407715 36.3329162597656 36.3386077880859 36.3402099609375 36.3403434753418 36.338077545166
35.6843872070312 35.6409072875977 35.6053352355957 35.5727653503418 35.5400466918945 35.4949913024902 35.4529724121094 35.4264030456543 35.4133186340332 35.4327926635742 35.4782600402832 35.5594062805176 35.6142959594727 35.6476974487305 35.6814651489258 35.7154083251953 35.8082313537598 35.9151191711426 36.0231857299805 36.1289939880371 36.20068359375 36.2662048339844 36.3059043884277 36.3385124206543 36.3561477661133 36.3666000366211 36.3682861328125 36.3676834106445 36.365421295166 36.3632965087891 36.3612327575684 36.3583450317383 36.3552932739258 36.3566856384277 36.3581962585449 36.3593330383301 36.3601531982422 36.3598785400391 36.3572311401367 36.3501777648926 36.3443489074707 36.3398475646973 36.3422660827637 36.3491554260254 36.3509483337402 36.3509101867676 36.3491516113281
35.8267402648926 35.7835540771484 35.7471542358398 35.7153167724609 35.6838645935059 35.650333404541 35.6205749511719 35.6100196838379 35.6116218566895 35.6425819396973 35.6845970153809 35.7417831420898 35.785701751709 35.8187599182129 35.861141204834 35.9079360961914 36.000919342041 36.1049423217773 36.2046508789062 36.2997779846191 36.3324851989746 36.3609275817871 36.371509552002 36.3801879882812 36.3848457336426 36.385799407959 36.3822250366211 36.3782272338867 36.3739242553711 36.3705177307129 36.3674812316895 36.3645477294922 36.3616333007812 36.3618507385254 36.3621520996094 36.362133026123 36.3622245788574 36.362678527832 36.3607444763184 36.3543701171875 36.3500633239746 36.3479995727539 36.3517951965332 36.3593826293945 36.361156463623 36.3608360290527 36.3594665527344
35.9718170166016 35.9197731018066 35.8747825622559 35.8571128845215 35.8423500061035 35.8306121826172 35.8214988708496 35.8257331848145 35.8382225036621 35.8706321716309 35.9071807861328 35.9494094848633 35.9857482910156 36.017261505127 36.0657501220703 36.1222724914551 36.1895599365234 36.2594146728516 36.3072853088379 36.3516654968262 36.3672981262207 36.3811492919922 36.3875541687012 36.392951965332 36.3962173461914 36.396312713623 36.3925323486328 36.3875312805176 36.3816452026367 36.3771858215332 36.3733177185059 36.3717384338379 36.3706092834473 36.3703727722168 36.3699836730957 36.367805480957 36.3663940429688 36.3676605224609 36.3665733337402 36.3611145019531 36.3583106994629 36.3583908081055 36.3621215820312 36.3682060241699 36.3690185546875 36.3679313659668 36.3664360046387
36.1051788330078 36.0485916137695 35.9989776611328 35.9908027648926 35.9873046875 35.9955291748047 36.0051383972168 36.0217933654785 36.042724609375 36.0739898681641 36.104377746582 36.1335678100586 36.162410736084 36.1909637451172 36.236888885498 36.2910461425781 36.332893371582 36.3718032836914 36.3820953369141 36.3901138305664 36.393684387207 36.3972778320312 36.4009552001953 36.4040756225586 36.4060020446777 36.4053764343262 36.4016265869141 36.3962936401367 36.3898086547852 36.3847770690918 36.3803520202637 36.3797988891602 36.380012512207 36.3794059753418 36.3785095214844 36.3750343322754 36.3727188110352 36.3744812011719 36.3740730285645 36.3696403503418 36.3680000305176 36.3694038391113 36.3728218078613 36.3775444030762 36.3774299621582 36.3755760192871 36.3732032775879
36.2129783630371 36.1612777709961 36.1156768798828 36.1068000793457 36.1027336120605 36.1269378662109 36.1510848999023 36.1749687194824 36.1990203857422 36.2234764099121 36.2461929321289 36.2665214538574 36.2880439758301 36.3105430603027 36.3350067138672 36.3604049682617 36.3773880004883 36.3923568725586 36.3961944580078 36.3992309570312 36.4016876220703 36.404468536377 36.4085960388184 36.41162109375 36.4123191833496 36.4112663269043 36.4080696105957 36.4038734436035 36.3989448547363 36.3943901062012 36.3899917602539 36.389762878418 36.3903503417969 36.3895683288574 36.388542175293 36.3856582641602 36.3837585449219 36.3853073120117 36.3852081298828 36.3820533752441 36.3808441162109 36.3817558288574 36.3843421936035 36.3880043029785 36.3870391845703 36.3844146728516 36.3795127868652
36.2964401245117 36.2520790100098 36.2134399414062 36.2074279785156 36.2060241699219 36.2389183044434 36.2704887390137 36.2953300476074 36.3178863525391 36.3349266052246 36.3496856689453 36.3613166809082 36.374439239502 36.3887786865234 36.398120880127 36.4050941467285 36.4071502685547 36.4080276489258 36.4080123901367 36.4080200195312 36.4093284606934 36.411018371582 36.4143257141113 36.416446685791 36.4160766601562 36.414852142334 36.4125785827637 36.4093551635742 36.405445098877 36.4013557434082 36.3971977233887 36.3971366882324 36.3978881835938 36.3969116210938 36.3957595825195 36.3935508728027 36.39208984375 36.3932647705078 36.3934669494629 36.3918762207031 36.3914566040039 36.3923187255859 36.3941268920898 36.3965492248535 36.3950347900391 36.3921051025391 36.3858604431152
36.3492965698242 36.3153495788574 36.2873840332031 36.2887115478516 36.2940368652344 36.3264617919922 36.3564987182617 36.3744049072266 36.3896598815918 36.3985176086426 36.404972076416 36.4081153869629 36.4114761352539 36.4150123596191 36.4171943664551 36.4187431335449 36.4183769226074 36.4175567626953 36.4169502258301 36.4164009094238 36.4165077209473 36.4167633056641 36.4176483154297 36.4178504943848 36.4166145324707 36.4155311584473 36.4146423339844 36.4122009277344 36.4086265563965 36.4049911499023 36.4013328552246 36.4012603759766 36.4018936157227 36.400707244873 36.3994331359863 36.3980026245117 36.3970184326172 36.3976097106934 36.3981094360352 36.3984489440918 36.3992691040039 36.4006233215332 36.4017333984375 36.4026870727539 36.400993347168 36.3983459472656 36.3922500610352
36.3977890014648 36.374095916748 36.3552780151367 36.3584938049316 36.3646087646484 36.3881340026855 36.409481048584 36.4197769165039 36.4281768798828 36.4320068359375 36.4341125488281 36.4338417053223 36.4331169128418 36.4320259094238 36.4308547973633 36.4296531677246 36.4277191162109 36.425609588623 36.4238662719727 36.4222106933594 36.4214363098145 36.4206352233887 36.4197311401367 36.4183692932129 36.4160385131836 36.4145278930664 36.4140205383301 36.4122161865234 36.4094657897949 36.4065055847168 36.4034614562988 36.4032592773438 36.4036140441895 36.4022674560547 36.4008865356445 36.3997993469238 36.3990440368652 36.3994407653809 36.4000854492188 36.4011878967285 36.4025268554688 36.404125213623 36.4051856994629 36.4059066772461 36.4048461914062 36.4031448364258 36.3974800109863
36.4430122375488 36.4294471740723 36.4186325073242 36.4196510314941 36.4221000671387 36.4304008483887 36.4376945495605 36.439868927002 36.4417457580566 36.4429168701172 36.4436454772949 36.4437599182129 36.4432144165039 36.4421272277832 36.4404563903809 36.4385070800781 36.4356422424316 36.4325561523438 36.4292678833008 36.4260902404785 36.424674987793 36.4231033325195 36.4208831787109 36.4182243347168 36.4146308898926 36.4122581481934 36.4113883972168 36.4101104736328 36.4085426330566 36.4064254760742 36.4040832519531 36.4036674499512 36.4036293029785 36.4021530151367 36.4006690979004 36.3996086120605 36.3988914489746 36.3993835449219 36.4000549316406 36.4010581970215 36.4023704528809 36.4040184020996 36.4055252075195 36.4069366455078 36.4071159362793 36.4068565368652 36.4018402099609
36.4608726501465 36.4526214599609 36.4459457397461 36.4456672668457 36.446117401123 36.4484329223633 36.4504013061523 36.4505958557129 36.450984954834 36.4518547058105 36.4525680541992 36.453067779541 36.4523468017578 36.4506225585938 36.4478187561035 36.4444961547852 36.4403190612793 36.4359359741211 36.4316444396973 36.4275093078613 36.4255409240723 36.4233779907227 36.4204216003418 36.4170417785645 36.4127616882324 36.4097633361816 36.4083251953125 36.4071884155273 36.4062690734863 36.4045944213867 36.4026031494141 36.4018325805664 36.4013023376465 36.4000205993652 36.3987655639648 36.3980369567871 36.3976249694824 36.3983306884766 36.399169921875 36.400260925293 36.4016227722168 36.4032707214355 36.4049644470215 36.4066925048828 36.4081230163574 36.4094467163086 36.4050788879395
36.4669990539551 36.4620056152344 36.4578094482422 36.4566230773926 36.4557914733887 36.4560813903809 36.4564628601074 36.4573097229004 36.458366394043 36.4599418640137 36.4612274169922 36.4621086120605 36.4610595703125 36.4584350585938 36.4542198181152 36.4492568969727 36.443603515625 36.4377861022949 36.4327239990234 36.4278793334961 36.4253883361816 36.4227104187012 36.4192657470703 36.415412902832 36.410701751709 36.407169342041 36.4050750732422 36.4039115905762 36.4034194946289 36.4020118713379 36.4002227783203 36.3990364074707 36.3979721069336 36.3970184326172 36.3961334228516 36.3958702087402 36.395881652832 36.396842956543 36.3979148864746 36.3991851806641 36.4006195068359 36.4022407531738 36.4040184020996 36.4058990478516 36.4085845947266 36.4115600585938 36.4078369140625
36.4681434631348 36.4643440246582 36.4612579345703 36.4606819152832 36.460391998291 36.4610137939453 36.4618225097656 36.4635734558105 36.4654579162598 36.4676513671875 36.4689674377441 36.4690818786621 36.4670219421387 36.4631805419922 36.4579048156738 36.4519500732422 36.4457931518555 36.4395866394043 36.4345893859863 36.4297714233398 36.4262962341309 36.4226608276367 36.4183540344238 36.4139289855957 36.4092674255371 36.4057884216309 36.4037551879883 36.402400970459 36.4015426635742 36.3997993469238 36.3976898193359 36.3960762023926 36.3945617675781 36.3937759399414 36.3931045532227 36.3932914733887 36.3937301635742 36.395076751709 36.3965263366699 36.3981666564941 36.3999099731445 36.4017677307129 36.4038734436035 36.4061393737793 36.4094009399414 36.4130172729492 36.4099731445312
36.4682502746582 36.4652252197266 36.4629669189453 36.4633102416992 36.4639472961426 36.4653854370117 36.4670333862305 36.4697456359863 36.472484588623 36.4752807617188 36.4765243530273 36.4756278991699 36.472412109375 36.4672966003418 36.4610290527344 36.454216003418 36.44775390625 36.4413757324219 36.4366188049316 36.4319763183594 36.4274253845215 36.4227409362793 36.4174919128418 36.4124794006348 36.4079627990723 36.4046592712402 36.4028358459473 36.4012603759766 36.3998641967773 36.3976631164551 36.3951301574707 36.3930816650391 36.3911323547363 36.3904838562012 36.3899993896484 36.390625 36.3914985656738 36.393253326416 36.3951110839844 36.397159576416 36.3992614746094 36.4014129638672 36.4038963317871 36.4065895080566 36.410285949707 36.4143409729004 36.4119834899902
36.473934173584 36.4698829650879 36.4664306640625 36.4665832519531 36.4671592712402 36.4691543579102 36.471363067627 36.4746551513672 36.4777946472168 36.4805641174316 36.4813117980957 36.4792785644531 36.4750785827637 36.469108581543 36.4626312255859 36.4559135437012 36.449893951416 36.4440460205078 36.4391860961914 36.434398651123 36.4296798706055 36.4246253967285 36.4181709289551 36.4123039245605 36.4076690673828 36.4044532775879 36.402961730957 36.4014015197754 36.3997840881348 36.3968048095703 36.3932609558105 36.3903465270996 36.3875579833984 36.3871803283691 36.3870124816895 36.3880195617676 36.3893928527832 36.3920478820801 36.3945808410645 36.3968925476074 36.3991851806641 36.4014587402344 36.4039878845215 36.4066848754883 36.4097175598145 36.4128761291504 36.4113960266113
36.4802932739258 36.4751091003418 36.470329284668 36.4700889587402 36.4703903198242 36.4728507995605 36.475528717041 36.4793090820312 36.4827690124512 36.4854507446289 36.4856986999512 36.4826049804688 36.4775238037109 36.4708213806152 36.464241027832 36.4577178955078 36.4522323608398 36.4469947814941 36.442066192627 36.4371566772461 36.4321556091309 36.4266471862793 36.4190101623535 36.4123001098633 36.4075508117676 36.4043922424316 36.4031867980957 36.4015846252441 36.3996925354004 36.3958778381348 36.3912658691406 36.387523651123 36.3839530944824 36.3838920593262 36.3840866088867 36.3855247497559 36.3874320983887 36.3909721374512 36.3941764831543 36.3967475891113 36.3992233276367 36.4015960693359 36.4041366577148 36.4067840576172 36.4091453552246 36.4113998413086 36.4107398986816
36.4912338256836 36.4845962524414 36.4779891967773 36.4757194519043 36.4740295410156 36.4760704040527 36.4783592224121 36.4818840026855 36.4850120544434 36.4871826171875 36.4870834350586 36.4838676452637 36.4789237976074 36.4725646972656 36.4666557312012 36.4609565734863 36.4565734863281 36.4524993896484 36.4480209350586 36.4433631896973 36.4364624023438 36.4292488098145 36.4207420349121 36.4134674072266 36.4087905883789 36.4055137634277 36.4039459228516 36.4016151428223 36.3987274169922 36.393611907959 36.3875694274902 36.3836212158203 36.3800849914551 36.3807601928711 36.3817405700684 36.3841438293457 36.3869171142578 36.3909950256348 36.3946571350098 36.3975639343262 36.400203704834 36.4025573730469 36.4048652648926 36.4071502685547 36.4092025756836 36.4111671447754 36.4106369018555
36.503547668457 36.4958343505859 36.4876747131348 36.482982635498 36.478832244873 36.4797210693359 36.4809379577637 36.4838218688965 36.4862861633301 36.4877510070801 36.4872817993164 36.4841651916504 36.4796142578125 36.4738922119141 36.4688606262207 36.4641494750977 36.4606895446777 36.4575233459473 36.4531745910645 36.4484710693359 36.4398345947266 36.4311103820801 36.4219970703125 36.4143562316895 36.4098205566406 36.4064178466797 36.4044075012207 36.4012718200684 36.3973159790039 36.3910102844238 36.383731842041 36.3797225952148 36.3763542175293 36.3778038024902 36.3795967102051 36.382999420166 36.3867111206055 36.3914947509766 36.3957557678223 36.3990440368652 36.4018516540527 36.4041366577148 36.4062080383301 36.4081420898438 36.4097709655762 36.4112892150879 36.4108734130859
36.5208969116211 36.5135116577148 36.5047836303711 36.4962348937988 36.4879035949707 36.4849319458008 36.4825820922852 36.4834175109863 36.484016418457 36.4840507507324 36.4831390380859 36.4809188842773 36.4777145385742 36.4737014770508 36.4702949523926 36.4671783447266 36.4639892578125 36.4607810974121 36.4553718566895 36.4495468139648 36.4397964477539 36.4302406311035 36.4214935302734 36.4142189025879 36.4100532531738 36.4065246582031 36.4037704467773 36.3995475769043 36.3942565917969 36.3871879577637 36.3793830871582 36.3758392333984 36.3731346130371 36.37548828125 36.3782119750977 36.3827323913574 36.3876152038574 36.3937683105469 36.3991165161133 36.402961730957 36.405948638916 36.4079971313477 36.4098014831543 36.411449432373 36.4122314453125 36.4127006530762 36.4123573303223
