Ecospace-environmental-drivers/Outputs/ASCII-for-ecospace/MOM6-ISIMIP3a/so/1984-09_so_MOM6-ISIMIP3a.asc
NCOLS 131 
NROWS 53 
XLLCORNER -98 
YLLCORNER 23.9265270233154 
CELLSIZE 0.133587792515755 
NODATA_value -9999 
[rows 0 to 20 of 53, columns 47 to 93 of 131]
-9999 -9999 -9999 -9999 -9999 -9999 -9999 -9999 -9999 -9999 -9999 -9999 -9999 -9999 -9999 -9999 -9999 -9999 -9999 -9999 -9999 -9999 -9999 -9999 -9999 -9999 -9999 -9999 -9999 -9999 -9999 -9999 -9999 -9999 -9999 -9999 -9999 -9999 -9999 -9999 -9999 -9999 -9999 -9999 -9999 -9999 -9999
-9999 -9999 -9999 -9999 -9999 -9999 -9999 -9999 -9999 -9999 -9999 -9999 -9999 -9999 -9999 -9999 -9999 -9999 -9999 -9999 -9999 -9999 -9999 -9999 -9999 -9999 -9999 -9999 -9999 -9999 -9999 -9999 -9999 -9999 -9999 -9999 -9999 -9999 -9999 -9999 -9999 -9999 -9999 -9999 -9999 -9999 -9999
-9999 -9999 -9999 -9999 -9999 -9999 -9999 -9999 -9999 -9999 -9999 -9999 -9999 -9999 -9999 -9999 -9999 -9999 -9999 -9999 -9999 -9999 -9999 -9999 -9999 -9999 -9999 32.5550079345703 32.9640464782715 -9999 -9999 -9999 -9999 -9999 -9999 -9999 -9999 -9999 -9999 -9999 -9999 -9999 -9999 -9999 -9999 -9999 -9999
-9999 -9999 -9999 -9999 -9999 -9999 -9999 -9999 -9999 -9999 -9999 -9999 -9999 -9999 -9999 -9999 -9999 -9999 -9999 -9999 -9999 -9999 -9999 -9999 -9999 -9999 -9999 32.5717849731445 32.9722671508789 -9999 -9999 -9999 -9999 -9999 -9999 -9999 -9999 -9999 -9999 -9999 -9999 -9999 -9999 -9999 -9999 -9999 -9999
-9999 -9999 -9999 -9999 -9999 -9999 -9999 -9999 -9999 -9999 -9999 -9999 -9999 -9999 -9999 -9999 -9999 -9999 27.1597671508789 27.3194580078125 27.4472103118896 28.1924209594727 28.8647994995117 30.0557994842529 30.9717082977295 31.6260833740234 32.1524047851562 32.584415435791 32.9785346984863 33.3538551330566 -9999 -9999 34.3430862426758 34.5909080505371 34.7615852355957 34.8853034973145 34.9511108398438 34.9935417175293 35.0120391845703 35.0145950317383 34.9951667785645 34.9527702331543 -9999 -9999 -9999 -9999 -9999
-9999 -9999 -9999 -9999 -9999 -9999 -9999 -9999 -9999 -9999 -9999 -9999 -9999 -9999 23.986156463623 -9999 23.751501083374 23.5623245239258 25.4075584411621 27.1597671508789 27.3513965606689 27.4472103118896 28.9376316070557 30.2095546722412 31.0202102661133 31.6853618621826 32.1726760864258 32.599178314209 32.9813919067383 33.355037689209 33.7251358032227 34.0554046630859 34.3778457641602 34.5960121154785 34.7988700866699 34.8898696899414 34.9671669006348 34.9962959289551 35.0171585083008 35.0226631164551 35.0039596557617 34.9588737487793 34.8954734802246 34.8202209472656 -9999 -9999 -9999
-9999 -9999 -9999 -9999 -9999 -9999 -9999 -9999 -9999 -9999 22.7446689605713 22.7872371673584 22.8315906524658 22.9859867095947 23.5746078491211 24.0206336975098 23.951681137085 23.74049949646 23.5623245239258 25.5005855560303 27.1597671508789 27.4472103118896 28.9376316070557 30.2095546722412 31.0202102661133 31.6853618621826 32.1726760864258 32.599178314209 32.9813919067383 33.355037689209 33.7251358032227 34.0554046630859 34.3778457641602 34.5960121154785 34.7988700866699 34.8898696899414 34.9671669006348 34.9962959289551 35.0171585083008 35.0226631164551 35.0039596557617 34.9588737487793 34.8954734802246 34.8202209472656 34.8003311157227 34.8399429321289 -9999
-9999 -9999 -9999 -9999 -9999 -9999 -9999 -9999 -9999 -9999 22.5164318084717 22.7446689605713 22.8298072814941 -9999 23.2078552246094 23.772575378418 24.0895843505859 23.951681137085 23.7074947357178 23.5623245239258 25.7796649932861 27.8368091583252 29.2235050201416 30.4451713562012 31.3184413909912 32.0308876037598 32.5467758178711 32.9755020141602 33.3407440185547 33.6686019897461 33.9809722900391 34.2551307678223 34.5217742919922 34.7031021118164 34.8720512390137 34.9509239196777 35.0193138122559 35.0508689880371 35.0746803283691 35.0841178894043 35.0716781616211 35.0354042053223 34.9776306152344 34.9059448242188 34.8707733154297 34.8487243652344 34.788818359375
-9999 -9999 -9999 -9999 -9999 -9999 -9999 -9999 -9999 -9999 -9999 -9999 -9999 -9999 23.1012763977051 23.6073455810547 24.1129913330078 24.2274875640869 23.951681137085 23.6084785461426 26.053503036499 28.2725143432617 29.5456428527832 30.7119235992432 31.652645111084 32.4153327941895 32.9604301452637 33.3900413513184 33.7355308532715 34.0125274658203 34.261157989502 34.4734306335449 34.6785583496094 34.8193321228027 34.9509468078613 35.0163803100586 35.0749588012695 35.1094360351562 35.1368637084961 35.1511993408203 35.1461296081543 35.1199150085449 35.0684509277344 35.0006561279297 34.9294700622559 34.8570671081543 34.7696380615234
31.2120456695557 -9999 -9999 -9999 -9999 -9999 -9999 -9999 -9999 -9999 24.7808322906494 22.2824897766113 -9999 -9999 -9999 23.4739379882812 24.2628784179688 24.6489753723145 24.5032939910889 24.6924343109131 26.8377685546875 28.8040084838867 30.0207176208496 31.1471977233887 32.0831985473633 32.8176078796387 33.3056259155273 33.6820907592773 33.9773063659668 34.2041397094727 34.402660369873 34.5688133239746 34.7286033630371 34.8416404724121 34.947566986084 35.0009078979492 35.0524559020996 35.0976905822754 35.14013671875 35.1774024963379 35.1934814453125 35.1864852905273 35.1434288024902 35.0770378112793 34.9968719482422 34.9117584228516 34.7981452941895
31.0620746612549 31.0399360656738 -9999 -9999 -9999 -9999 -9999 -9999 -9999 -9999 25.9428405761719 24.3696231842041 22.2824897766113 -9999 -9999 23.4257736206055 24.2513694763184 25.1114902496338 25.4270458221436 25.8069324493408 27.6676502227783 29.3898887634277 30.5325832366943 31.5969715118408 32.4960479736328 33.1828384399414 33.6101722717285 33.9324913024902 34.1783256530762 34.357349395752 34.5087051391602 34.632251739502 34.7503356933594 34.8393898010254 34.9234504699707 34.9692192077637 35.017505645752 35.074634552002 35.1331634521484 35.1943016052246 35.2329750061035 35.2471733093262 35.2153282165527 35.153694152832 35.0664901733398 34.9701042175293 34.8389663696289
31.0620746612549 30.9956607818604 30.2857246398926 29.5375690460205 -9999 -9999 -9999 -9999 -9999 -9999 -9999 25.3294086456299 23.8889503479004 22.2824897766113 22.7446689605713 23.4257736206055 24.2513694763184 25.1114902496338 26.0727558135986 27.0852489471436 28.7421894073486 30.2674770355225 31.2417850494385 32.1245193481445 32.8139305114746 33.3493881225586 33.6966819763184 33.9594841003418 34.1607475280762 34.3045539855957 34.4245719909668 34.5243721008301 34.6201934814453 34.7053909301758 34.7881164550781 34.8505401611328 34.9157752990723 34.9908866882324 35.0712394714355 35.1613159179688 35.230297088623 35.2762985229492 35.2707405090332 35.2318267822266 35.148006439209 35.0480537414551 34.9458618164062
31.0553359985352 30.5717334747314 30.0394382476807 29.5360641479492 -9999 -9999 -9999 -9999 27.1192760467529 26.498722076416 25.9464111328125 25.4877910614014 24.5540218353271 23.231502532959 23.3080673217773 24.0473480224609 24.8210487365723 25.6029720306396 26.9527225494385 28.3436698913574 29.7664432525635 31.0698890686035 31.873929977417 32.5777626037598 33.0700531005859 33.4619827270508 33.731258392334 33.9368858337402 34.0961570739746 34.2111015319824 34.307689666748 34.3923225402832 34.4746017456055 34.5620536804199 34.6491012573242 34.7303504943848 34.8137435913086 34.9046821594238 35.0025939941406 35.113452911377 35.2087516784668 35.2870979309082 35.3132591247559 35.3056488037109 35.2390785217285 35.1513328552246 35.0765838623047
31.0317478179932 30.5523281097412 30.0377883911133 29.5360641479492 29.037202835083 28.5801658630371 28.1194515228271 27.6400299072266 27.1192760467529 26.498722076416 25.9464111328125 25.4877910614014 25.0929508209229 24.7502956390381 25.2799892425537 26.2228946685791 26.8149566650391 27.3231887817383 28.418342590332 29.5523509979248 30.664981842041 31.6843566894531 32.3134307861328 32.8452529907227 33.171760559082 33.4396858215332 33.6360015869141 33.7903137207031 33.9140319824219 34.0159873962402 34.1089286804199 34.1998558044434 34.2903823852539 34.3953704833984 34.5008888244629 34.6063766479492 34.7109489440918 34.8123207092285 34.9171485900879 35.0283851623535 35.1400260925293 35.2520980834961 35.323543548584 35.3686981201172 35.354061126709 35.317943572998 35.2668685913086
31.1472129821777 30.6792545318604 30.1826038360596 29.7056369781494 29.232837677002 28.8182334899902 28.4006805419922 27.9681415557861 27.5114421844482 26.9964065551758 26.5771465301514 26.2893695831299 26.3325309753418 26.6464538574219 27.3790130615234 28.3098697662354 28.7603530883789 29.0960597991943 29.8979434967041 30.7292194366455 31.522180557251 32.2516975402832 32.7156867980957 33.0975914001465 33.3062210083008 33.4795608520508 33.6097640991211 33.7136650085449 33.7984085083008 33.8807144165039 33.9620170593262 34.052604675293 34.1450157165527 34.2585334777832 34.3735809326172 34.4959831237793 34.6154327392578 34.7245025634766 34.8332061767578 34.9412231445312 35.0599136352539 35.1902275085449 35.2964973449707 35.3872032165527 35.4235458374023 35.4403610229492 35.4196701049805
31.4592723846436 31.013069152832 30.5344944000244 30.1149520874023 29.7050685882568 29.3928833007812 29.079517364502 28.7601413726807 28.4580574035645 28.1977272033691 28.0996246337891 28.2242336273193 28.5627021789551 29.0761413574219 29.6577396392822 30.2716217041016 30.6371669769287 30.9433746337891 31.3973083496094 31.8611145019531 32.3209342956543 32.7524070739746 33.0652732849121 33.3285140991211 33.4869804382324 33.6073341369629 33.6811065673828 33.7358741760254 33.7768020629883 33.8300514221191 33.8884048461914 33.9692802429199 34.0545806884766 34.1638870239258 34.2758293151855 34.4047927856445 34.530200958252 34.6431045532227 34.7513885498047 34.8510971069336 34.9637069702148 35.0903701782227 35.2166709899902 35.3427352905273 35.4287109375 35.5002899169922 35.5194854736328
31.9139575958252 31.5317325592041 31.1219062805176 30.7791175842285 30.4472599029541 30.2252674102783 30.006404876709 29.8034687042236 29.6369171142578 29.5582218170166 29.6406936645508 29.9444217681885 30.3758201599121 30.9116764068604 31.3562602996826 31.7576122283936 32.027717590332 32.2664680480957 32.4848442077637 32.7031326293945 32.9405174255371 33.1739387512207 33.3907890319824 33.5782089233398 33.7035102844238 33.7843132019043 33.8107376098633 33.8188323974609 33.8135757446289 33.8328170776367 33.8622016906738 33.9275970458984 34.000072479248 34.1004371643066 34.2040824890137 34.3296966552734 34.452320098877 34.5644416809082 34.670581817627 34.7656173706055 34.8738861083984 34.9965744018555 35.129955291748 35.2702560424805 35.3894271850586 35.5010108947754 35.5620231628418
32.4887466430664 32.2060585021973 31.9076538085938 31.6578979492188 31.4167900085449 31.274694442749 31.1421852111816 31.0584449768066 31.0113563537598 31.0527610778809 31.1974182128906 31.4838218688965 31.8377285003662 32.2468643188477 32.5661811828613 32.8429565429688 33.0087852478027 33.1481018066406 33.2255706787109 33.3010406494141 33.4092178344727 33.5287857055664 33.6960258483887 33.8437194824219 33.9501571655273 34.0027275085449 33.9894561767578 33.9529457092285 33.8995094299316 33.8805732727051 33.875919342041 33.9209861755371 33.9758262634277 34.0632553100586 34.1542358398438 34.2681503295898 34.3806381225586 34.4880867004395 34.5906257629395 34.6840476989746 34.7894401550293 34.9078750610352 35.0374374389648 35.1741943359375 35.3127136230469 35.4518661499023 35.5563354492188
33.1955375671387 32.9926261901855 32.7837791442871 32.6220092773438 32.4672660827637 32.3720207214355 32.2859916687012 32.2468414306641 32.239128112793 32.3073196411133 32.4304656982422 32.6290664672852 32.8750419616699 33.1597709655762 33.3835945129395 33.5785675048828 33.6851501464844 33.7706146240234 33.7767333984375 33.7799301147461 33.8199005126953 33.8767051696777 34.003978729248 34.1159400939941 34.1955795288086 34.2170562744141 34.1674461364746 34.0957794189453 34.0080490112305 33.9603233337402 33.9291648864746 33.9552192687988 33.9925155639648 34.0649299621582 34.140682220459 34.2363967895508 34.3324966430664 34.4299583435059 34.5260047912598 34.6194152832031 34.7236404418945 34.8396453857422 34.9663581848145 35.0999908447266 35.2426300048828 35.3885040283203 35.5176582336426
33.966926574707 33.8341217041016 33.7041282653809 33.6278839111328 33.5573577880859 33.492790222168 33.4337272644043 33.4026565551758 33.3951263427734 33.4444351196289 33.5051193237305 33.5814247131348 33.7045669555664 33.8660316467285 34.0089263916016 34.1430320739746 34.2124099731445 34.2663192749023 34.2351303100586 34.2005767822266 34.2021865844727 34.2212333679199 34.3132629394531 34.3914489746094 34.4403991699219 34.429386138916 34.3450813293457 34.2428817749023 34.1276512145996 34.0557327270508 34.0017547607422 34.0094337463379 34.029239654541 34.0856170654297 34.144889831543 34.2192153930664 34.2958755493164 34.3807525634766 34.4688873291016 34.5630683898926 34.6669616699219 34.7814292907715 34.9057655334473 35.0364875793457 35.1757926940918 35.3181800842285 35.4628410339355
34.6014366149902 34.5144348144531 34.4342002868652 34.3959922790527 34.3612480163574 34.3040580749512 34.2502326965332 34.2135276794434 34.1911315917969 34.2032928466797 34.2191772460938 34.2401733398438 34.2964324951172 34.3815422058105 34.473316192627 34.568244934082 34.6253662109375 34.6734580993652 34.6310768127441 34.5844841003418 34.5670013427734 34.5627784729004 34.6140556335449 34.6502265930176 34.6545066833496 34.6080780029297 34.4996681213379 34.3803749084473 34.2531471252441 34.1703071594238 34.1058540344238 34.1033325195312 34.112979888916 34.1599159240723 34.2089958190918 34.2655487060547 34.3248977661133 34.3940811157227 34.4686584472656 34.5532493591309 34.6483535766602 34.7549171447754 34.8712158203125 34.9938163757324 35.1255416870117 35.2605438232422 35.405216217041
