Ecospace-environmental-drivers/Outputs/ASCII-for-ecospace/MOM6-ISIMIP3a/so/1985-11_so_MOM6-ISIMIP3a.asc
NCOLS 131 
NROWS 53 
XLLCORNER -98 
YLLCORNER 23.9265270233154 
CELLSIZE 0.133587792515755 
NODATA_value -9999 
[rows 0 to 20 of 53, columns 47 to 93 of 131]
-9999 -9999 -9999 -9999 -9999 -9999 -9999 -9999 -9999 -9999 -9999 -9999 -9999 -9999 -9999 -9999 -9999 -9999 -9999 -9999 -9999 -9999 -9999 -9999 -9999 -9999 -9999 -9999 -9999 -9999 -9999 -9999 -9999 -9999 -9999 -9999 -9999 -9999 -9999 -9999 -9999 -9999 -9999 -9999 -9999 -9999 -9999
-9999 -9999 -9999 -9999 -9999 -9999 -9999 -9999 -9999 -9999 -9999 -9999 -9999 -9999 -9999 -9999 -9999 -9999 -9999 -9999 -9999 -9999 -9999 -9999 -9999 -9999 -9999 -9999 -9999 -9999 -9999 -9999 -9999 -9999 -9999 -9999 -9999 -9999 -9999 -9999 -9999 -9999 -9999 -9999 -9999 -9999 -9999
-9999 -9999 -9999 -9999 -9999 -9999 -9999 -9999 -9999 -9999 -9999 -9999 -9999 -9999 -9999 -9999 -9999 -9999 -9999 -9999 -9999 -9999 -9999 -9999 -9999 -9999 -9999 34.2623291015625 34.4955215454102 -9999 -9999 -9999 -9999 -9999 -9999 -9999 -9999 -9999 -9999 -9999 -9999 -9999 -9999 -9999 -9999 -9999 -9999
-9999 -9999 -9999 -9999 -9999 -9999 -9999 -9999 -9999 -9999 -9999 -9999 -9999 -9999 -9999 -9999 -9999 -9999 -9999 -9999 -9999 -9999 -9999 -9999 -9999 -9999 -9999 34.2876205444336 34.5000915527344 -9999 -9999 -9999 -9999 -9999 -9999 -9999 -9999 -9999 -9999 -9999 -9999 -9999 -9999 -9999 -9999 -9999 -9999
-9999 -9999 -9999 -9999 -9999 -9999 -9999 -9999 -9999 -9999 -9999 -9999 -9999 -9999 -9999 -9999 -9999 -9999 27.4874629974365 27.7204990386963 27.9069290161133 28.9944171905518 29.9690208435059 31.6799182891846 32.9156341552734 33.6375045776367 34.0622406005859 34.2980842590332 34.5025329589844 34.6996536254883 -9999 -9999 35.2449111938477 35.4007530212402 35.5193367004395 35.6011657714844 35.6331748962402 35.6407852172852 35.6219787597656 35.5813674926758 35.5098762512207 35.4136695861816 -9999 -9999 -9999 -9999 -9999
-9999 -9999 -9999 -9999 -9999 -9999 -9999 -9999 -9999 -9999 -9999 -9999 -9999 -9999 22.6438217163086 -9999 22.4928092956543 22.3754272460938 25.0277729034424 27.4874629974365 27.7671070098877 27.9069290161133 30.0819053649902 31.9182262420654 33.039623260498 33.7890472412109 34.0838470458984 34.3138236999512 34.4965858459473 34.6971893310547 34.9051856994629 35.0807914733887 35.2500305175781 35.4039077758789 35.5483207702637 35.6057777404785 35.6493949890137 35.6443557739258 35.6286087036133 35.5929756164551 35.5225219726562 35.4141311645508 35.3043594360352 35.1937026977539 -9999 -9999 -9999
-9999 -9999 -9999 -9999 -9999 -9999 -9999 -9999 -9999 -9999 23.5524883270264 23.5548534393311 23.5598583221436 23.5817527770996 23.1332759857178 22.6735534667969 22.6140899658203 22.4889087677002 22.3754272460938 25.2204265594482 27.4874629974365 27.9069290161133 30.0819053649902 31.9182262420654 33.039623260498 33.7890472412109 34.0838470458984 34.3138236999512 34.4965858459473 34.6971893310547 34.9051856994629 35.0807914733887 35.2500305175781 35.4039077758789 35.5483207702637 35.6057777404785 35.6493949890137 35.6443557739258 35.6286087036133 35.5929756164551 35.5225219726562 35.4141311645508 35.3043594360352 35.1937026977539 35.1644554138184 35.1409530639648 -9999
-9999 -9999 -9999 -9999 -9999 -9999 -9999 -9999 -9999 -9999 23.5398082733154 23.5524883270264 23.5572185516357 -9999 23.6181697845459 23.1906967163086 22.7330188751221 22.6140899658203 22.4772109985352 22.3754272460938 25.7983875274658 28.9343070983887 30.868932723999 32.4853668212891 33.4300727844238 34.0817604064941 34.3753280639648 34.6036491394043 34.7844543457031 34.9586601257324 35.1301383972168 35.2808685302734 35.4275245666504 35.5601577758789 35.6857070922852 35.7471008300781 35.7958831787109 35.8003082275391 35.7910690307617 35.7564506530762 35.6839942932129 35.5703086853027 35.4484405517578 35.3212776184082 35.1933212280273 35.0650825500488 34.9740829467773
-9999 -9999 -9999 -9999 -9999 -9999 -9999 -9999 -9999 -9999 -9999 -9999 -9999 -9999 23.5951766967773 23.6973838806152 23.3138122558594 22.8519477844238 22.6140899658203 22.4421138763428 26.4796180725098 30.0605297088623 31.7305641174316 33.1055641174316 33.8577270507812 34.4033737182617 34.6966171264648 34.9235877990723 35.1022872924805 35.2475738525391 35.3790245056152 35.5020637512207 35.6234436035156 35.7325134277344 35.8371200561523 35.9025688171387 35.9567565917969 35.9713363647461 35.9691696166992 35.9358978271484 35.8616714477539 35.7428245544434 35.6080703735352 35.463020324707 35.277660369873 35.0778160095215 34.9404792785645
29.8663711547852 -9999 -9999 -9999 -9999 -9999 -9999 -9999 -9999 -9999 26.4522361755371 23.5268115997314 -9999 -9999 -9999 23.6616306304932 23.8591117858887 23.5822772979736 23.0898056030273 23.3828582763672 27.2541675567627 30.6660499572754 32.1551933288574 33.3869476318359 34.0753364562988 34.6017875671387 34.9303169250488 35.1723136901855 35.3512840270996 35.4816665649414 35.5919342041016 35.6852760314941 35.7752914428711 35.8621978759766 35.9463806152344 36.0050163269043 36.0533981323242 36.0657196044922 36.0651550292969 36.0406646728516 35.9802780151367 35.880786895752 35.7521057128906 35.6045303344727 35.4046440124512 35.185962677002 34.9973030090332
29.5716152191162 29.5281047821045 -9999 -9999 -9999 -9999 -9999 -9999 -9999 -9999 27.9816284179688 26.3749580383301 23.5268115997314 -9999 -9999 23.5903282165527 23.8420753479004 24.1449317932129 24.2204837799072 24.5050163269043 28.0585193634033 31.1808853149414 32.4989128112793 33.5997314453125 34.2420082092285 34.7573623657227 35.117603302002 35.3766670227051 35.5620460510254 35.6833152770996 35.7780418395996 35.8480491638184 35.913200378418 35.9794082641602 36.0441818237305 36.0945663452148 36.1362686157227 36.1474418640137 36.1494178771973 36.1343231201172 36.0889053344727 36.0104484558105 35.891544342041 35.746467590332 35.5408401489258 35.3134613037109 35.0886611938477
29.5716152191162 29.4410820007324 29.0895919799805 28.4640140533447 -9999 -9999 -9999 -9999 -9999 -9999 -9999 27.8672103881836 25.9609966278076 23.5268115997314 23.5524883270264 23.5903282165527 23.8420753479004 24.1449317932129 25.3044605255127 26.6002521514893 29.0227222442627 31.2093029022217 32.4086494445801 33.4445610046387 34.1354446411133 34.6831703186035 35.0559234619141 35.3430137634277 35.5677108764648 35.7109375 35.8204193115234 35.9012145996094 35.9763679504395 36.0296936035156 36.0805282592773 36.114933013916 36.1452598571777 36.1612434387207 36.1707954406738 36.1683959960938 36.1439819335938 36.095573425293 36.00634765625 35.8907127380371 35.7264709472656 35.5447692871094 35.3652572631836
29.7333889007568 29.3728446960449 29.0741233825684 28.4703159332275 -9999 -9999 -9999 -9999 27.6621170043945 27.9576358795166 28.1788272857666 28.2979736328125 27.1248302459717 24.8943710327148 24.2618560791016 24.3862533569336 24.6252346038818 24.8915958404541 26.714786529541 28.615140914917 30.0818958282471 31.4612579345703 32.4748764038086 33.3804397583008 34.0578994750977 34.5984992980957 34.9718208312988 35.2745819091797 35.5259475708008 35.6924743652344 35.8238677978516 35.9198760986328 36.0089263916016 36.0562705993652 36.1000061035156 36.1235504150391 36.1466789245605 36.1683540344238 36.1852416992188 36.1932411193848 36.1865539550781 36.1638603210449 36.1050834655762 36.0229568481445 35.9007949829102 35.7642478942871 35.6271018981934
30.2996082305908 29.7087421417236 29.1026630401611 28.4703159332275 27.8476028442383 27.5575466156006 27.338005065918 27.477165222168 27.6621170043945 27.9576358795166 28.1788272857666 28.2979736328125 27.7941017150879 26.7804946899414 26.7446823120117 27.1720314025879 27.3663349151611 27.504955291748 28.9409999847412 30.4291572570801 31.3784885406494 32.2720718383789 32.9323425292969 33.5439643859863 34.0528984069824 34.4876289367676 34.831672668457 35.119213104248 35.3656044006348 35.5588111877441 35.7299957275391 35.8522834777832 35.9649543762207 36.0235710144043 36.0772933959961 36.102783203125 36.1291732788086 36.1587371826172 36.182373046875 36.195011138916 36.1978645324707 36.1900520324707 36.163646697998 36.1252098083496 36.0468482971191 35.9541511535645 35.8520698547363
31.0547657012939 30.4151954650879 29.7201061248779 29.1393775939941 28.5810813903809 28.3124084472656 28.1021308898926 28.1889038085938 28.3145141601562 28.533899307251 28.7002277374268 28.7937145233154 28.6877212524414 28.4185161590576 28.688024520874 29.2127094268799 29.4733562469482 29.6709136962891 30.7400341033936 31.8351459503174 32.4371070861816 33.0029106140137 33.4174156188965 33.8205490112305 34.1996765136719 34.5467109680176 34.8545265197754 35.1100730895996 35.3275527954102 35.5141448974609 35.6879425048828 35.8130531311035 35.928596496582 35.9902267456055 36.047046661377 36.0764274597168 36.1070137023926 36.1418418884277 36.1705856323242 36.1880302429199 36.1991767883301 36.2034721374512 36.2005043029785 36.1928405761719 36.1524467468262 36.1002998352051 36.0324363708496
32.0770492553711 31.645544052124 31.1701526641846 30.7543678283691 30.3515625 30.1345062255859 29.946590423584 29.906909942627 29.8892784118652 29.9248943328857 29.9587955474854 29.9903450012207 29.8985271453857 29.7057723999023 29.8686370849609 30.1999530792236 30.6839046478271 31.20432472229 31.9351119995117 32.6642608642578 33.1592674255371 33.6206817626953 33.9415321350098 34.2569847106934 34.5610466003418 34.8460731506348 35.1078338623047 35.3076705932617 35.4624061584473 35.5952987670898 35.7191429138184 35.8139266967773 35.9029998779297 35.9559669494629 36.0061454772949 36.0421676635742 36.0782737731934 36.1146659851074 36.1461868286133 36.1686668395996 36.1863594055176 36.1988296508789 36.2066688537598 36.2115173339844 36.2008399963379 36.1845932006836 36.1497383117676
32.7655258178711 32.4943237304688 32.1931610107422 31.9133186340332 31.6395320892334 31.4703903198242 31.3096294403076 31.1914939880371 31.0854816436768 31.0087413787842 30.9619884490967 30.9563999176025 30.9267482757568 30.8774070739746 31.0149688720703 31.2410621643066 31.748722076416 32.3236618041992 32.8427619934082 33.3501167297363 33.7423973083496 34.1073608398438 34.3580169677734 34.6063957214355 34.8499755859375 35.0772705078125 35.2846603393555 35.4365653991699 35.5480613708496 35.6438064575195 35.733024597168 35.8057632446289 35.8752593994141 35.9213600158691 35.9659767150879 36.004508972168 36.0428314208984 36.0804328918457 36.1144104003906 36.141658782959 36.1649055480957 36.1837959289551 36.1989631652832 36.2117233276367 36.2186813354492 36.2235565185547 36.2131080627441
33.1728973388672 33.0217742919922 32.8565559387207 32.6882286071777 32.521167755127 32.3968276977539 32.2672576904297 32.1110877990723 31.9628887176514 31.8339366912842 31.7501239776611 31.7282848358154 31.801212310791 31.9516773223877 32.1324310302734 32.3275337219238 32.6908226013184 33.094295501709 33.5083618164062 33.9153327941895 34.2084465026855 34.4836463928223 34.6838645935059 34.8825225830078 35.0779037475586 35.2510681152344 35.3970756530762 35.5076065063477 35.59228515625 35.6648178100586 35.7323226928711 35.7899856567383 35.8457145690918 35.8864631652832 35.9264183044434 35.9639778137207 36.0017509460449 36.0402641296387 36.0764198303223 36.1082077026367 36.1361885070801 36.1600151062012 36.179573059082 36.1963729858398 36.2107887268066 36.2243499755859 36.2310562133789
33.5259552001953 33.4371528625488 33.3412857055664 33.2400131225586 33.1381912231445 33.0365142822266 32.925952911377 32.7702217102051 32.6225929260254 32.4945449829102 32.4207229614258 32.4213485717773 32.5308418273926 32.7294044494629 32.9024467468262 33.0634002685547 33.3404197692871 33.6451721191406 33.975944519043 34.3016357421875 34.527400970459 34.7419776916504 34.9097480773926 35.0736351013184 35.2293319702148 35.3634414672852 35.4711685180664 35.556957244873 35.6267700195312 35.6867980957031 35.7427749633789 35.7901077270508 35.8357429504395 35.8708839416504 35.9055862426758 35.9397583007812 35.974781036377 36.0127754211426 36.0501022338867 36.086181640625 36.1181411743164 36.1456108093262 36.1662330627441 36.1824264526367 36.1973190307617 36.211742401123 36.2259902954102
33.8524360656738 33.7976837158203 33.7385864257812 33.6826057434082 33.6257247924805 33.5358734130859 33.4383659362793 33.3018951416016 33.1757659912109 33.0746078491211 33.0338020324707 33.0758438110352 33.1895942687988 33.3620109558105 33.5024261474609 33.6276893615723 33.8468780517578 34.088508605957 34.346622467041 34.6003875732422 34.7743644714355 34.9425888061523 35.0867118835449 35.2231407165527 35.3433227539062 35.4457588195801 35.5265007019043 35.5956993103027 35.6564903259277 35.7092475891113 35.7586822509766 35.7980117797852 35.8353500366211 35.8647575378418 35.8939170837402 35.9235229492188 35.9547157287598 35.9914970397949 36.0294952392578 36.0697402954102 36.1053161621094 36.1358032226562 36.1558570861816 36.1691627502441 36.1811141967773 36.1925811767578 36.2096672058105
34.2071342468262 34.1723747253418 34.1332092285156 34.0921096801758 34.049503326416 33.9717102050781 33.8885688781738 33.7782325744629 33.6804428100586 33.6129302978516 33.5985488891602 33.6571159362793 33.7507667541504 33.8731307983398 33.9807739257812 34.0814476013184 34.2603340148926 34.4579048156738 34.6528472900391 34.8443641662598 34.9886322021484 35.1287117004395 35.2512512207031 35.3616409301758 35.4463882446289 35.5190811157227 35.5770454406738 35.6324348449707 35.6859512329102 35.7347984313965 35.7817115783691 35.8181533813477 35.8525390625 35.8791084289551 35.905460357666 35.932487487793 35.9610252380371 35.9948692321777 36.0308494567871 36.0707855224609 36.1073722839355 36.140308380127 36.1602363586426 36.1717491149902 36.1794509887695 36.1857872009277 36.1984558105469
