Ecospace-environmental-drivers/Outputs/ASCII-for-ecospace/MOM6-ISIMIP3a/so/1986-11_so_MOM6-ISIMIP3a.asc
NCOLS 131 
NROWS 53 
XLLCORNER -98 
YLLCORNER 23.9265270233154 
CELLSIZE 0.133587792515755 
NODATA_value -9999 
[rows 0 to 20 of 53, columns 47 to 93 of 131]
-9999 -9999 -9999 -9999 -9999 -9999 -9999 -9999 -9999 -9999 -9999 -9999 -9999 -9999 -9999 -9999 -9999 -9999 -9999 -9999 -9999 -9999 -9999 -9999 -9999 -9999 -9999 -9999 -9999 -9999 -9999 -9999 -9999 -9999 -9999 -9999 -9999 -9999 -9999 -9999 -9999 -9999 -9999 -9999 -9999 -9999 -9999
-9999 -9999 -9999 -9999 -9999 -9999 -9999 -9999 -9999 -9999 -9999 -9999 -9999 -9999 -9999 -9999 -9999 -9999 -9999 -9999 -9999 -9999 -9999 -9999 -9999 -9999 -9999 -9999 -9999 -9999 -9999 -9999 -9999 -9999 -9999 -9999 -9999 -9999 -9999 -9999 -9999 -9999 -9999 -9999 -9999 -9999 -9999
-9999 -9999 -9999 -9999 -9999 -9999 -9999 -9999 -9999 -9999 -9999 -9999 -9999 -9999 -9999 -9999 -9999 -9999 -9999 -9999 -9999 -9999 -9999 -9999 -9999 -9999 -9999 33.8478317260742 34.0530586242676 -9999 -9999 -9999 -9999 -9999 -9999 -9999 -9999 -9999 -9999 -9999 -9999 -9999 -9999 -9999 -9999 -9999 -9999
-9999 -9999 -9999 -9999 -9999 -9999 -9999 -9999 -9999 -9999 -9999 -9999 -9999 -9999 -9999 -9999 -9999 -9999 -9999 -9999 -9999 -9999 -9999 -9999 -9999 -9999 -9999 33.8581886291504 34.0473899841309 -9999 -9999 -9999 -9999 -9999 -9999 -9999 -9999 -9999 -9999 -9999 -9999 -9999 -9999 -9999 -9999 -9999 -9999
-9999 -9999 -9999 -9999 -9999 -9999 -9999 -9999 -9999 -9999 -9999 -9999 -9999 -9999 -9999 -9999 -9999 -9999 28.8193187713623 29.0070343017578 29.157205581665 30.0331916809082 30.7940235137939 32.0725784301758 32.924446105957 33.3811492919922 33.6731033325195 33.859489440918 34.0419731140137 34.2407150268555 -9999 -9999 34.9931716918945 35.2232475280762 35.384464263916 35.4948921203613 35.5462379455566 35.5785446166992 35.5921897888184 35.5945663452148 35.5809631347656 35.5542907714844 -9999 -9999 -9999 -9999 -9999
-9999 -9999 -9999 -9999 -9999 -9999 -9999 -9999 -9999 -9999 -9999 -9999 -9999 -9999 24.1732082366943 -9999 23.9474143981934 23.7681064605713 26.3562774658203 28.8193187713623 29.0445766448975 29.157205581665 30.9091796875 32.3156852722168 32.9928703308105 33.4647789001465 33.6857948303223 33.8687324523926 34.0239372253418 34.2332458496094 34.464958190918 34.7361259460449 35.0150489807129 35.228343963623 35.4263458251953 35.4986991882324 35.559627532959 35.5803871154785 35.5956153869629 35.6005706787109 35.5875091552734 35.5548133850098 35.5205459594727 35.4852638244629 -9999 -9999 -9999
-9999 -9999 -9999 -9999 -9999 -9999 -9999 -9999 -9999 -9999 22.2423992156982 22.2906799316406 22.3428382873535 22.5276699066162 23.4578952789307 24.2099533081055 24.1364631652832 23.9376754760742 23.7681064605713 26.4814052581787 28.8193187713623 29.157205581665 30.9091796875 32.3156852722168 32.9928703308105 33.4647789001465 33.6857948303223 33.8687324523926 34.0239372253418 34.2332458496094 34.464958190918 34.7361259460449 35.0150489807129 35.228343963623 35.4263458251953 35.4986991882324 35.559627532959 35.5803871154785 35.5956153869629 35.6005706787109 35.5875091552734 35.5548133850098 35.5205459594727 35.4852638244629 35.4759407043457 35.4690856933594 -9999
-9999 -9999 -9999 -9999 -9999 -9999 -9999 -9999 -9999 -9999 21.9835395812988 22.2423992156982 22.338960647583 -9999 22.7968921661377 23.6990127563477 24.2834453582764 24.1364631652832 23.9084568023682 23.7681064605713 26.8567924499512 29.6478443145752 31.1932697296143 32.4622497558594 33.147632598877 33.6584854125977 33.9560241699219 34.1958808898926 34.3937225341797 34.5909690856934 34.7879638671875 35.0015907287598 35.2184867858887 35.376033782959 35.521915435791 35.5752601623535 35.6203651428223 35.6364784240723 35.6481018066406 35.6513786315918 35.6385498046875 35.6081695556641 35.5718116760254 35.5315933227539 35.4880332946777 35.4432792663574 35.3600997924805
-9999 -9999 -9999 -9999 -9999 -9999 -9999 -9999 -9999 -9999 -9999 -9999 -9999 -9999 22.6635494232178 23.2916030883789 24.1200046539307 24.4304275512695 24.1364631652832 23.82080078125 27.2066307067871 30.1932048797607 31.5088500976562 32.624626159668 33.3184623718262 33.8711090087891 34.2511978149414 34.5527114868164 34.7969856262207 34.9812545776367 35.1406707763672 35.2913436889648 35.4402923583984 35.5369453430176 35.6258888244629 35.6584243774414 35.6861953735352 35.6972274780273 35.7049560546875 35.7065391540527 35.6941604614258 35.666576385498 35.628246307373 35.5829620361328 35.5188980102539 35.4480819702148 35.3346061706543
31.0120277404785 -9999 -9999 -9999 -9999 -9999 -9999 -9999 -9999 -9999 24.4451427459717 21.7182102203369 -9999 -9999 -9999 23.119607925415 24.1265602111816 24.7869644165039 24.7243919372559 24.9768180847168 28.0541152954102 30.745512008667 31.8218841552734 32.7708549499512 33.4508628845215 33.9951629638672 34.3735961914062 34.6827087402344 34.9413299560547 35.1272430419922 35.2830429077148 35.4040069580078 35.5181198120117 35.5894165039062 35.6547012329102 35.6767158508301 35.6957626342773 35.7043495178223 35.7119483947754 35.7177047729492 35.7124633789062 35.695240020752 35.6667022705078 35.6308441162109 35.5669059753418 35.4928779602051 35.3584785461426
30.7792148590088 30.7448482513428 -9999 -9999 -9999 -9999 -9999 -9999 -9999 -9999 25.8329086303711 24.392671585083 21.7182102203369 -9999 -9999 23.0148849487305 24.1015396118164 25.2632579803467 25.7091693878174 26.252462387085 28.9288330078125 31.2536163330078 32.1069793701172 32.8987846374512 33.5606346130371 34.0965347290039 34.4784965515137 34.7937774658203 35.0604858398438 35.2462348937988 35.3984565734863 35.4936332702637 35.5775985717773 35.628101348877 35.6741485595703 35.6887664794922 35.7017097473145 35.7087554931641 35.7168273925781 35.7268028259277 35.728832244873 35.7222099304199 35.7040596008301 35.6784515380859 35.6185111999512 35.5462455749512 35.4011192321777
30.7792148590088 30.6761131286621 29.5632400512695 28.4076557159424 -9999 -9999 -9999 -9999 -9999 -9999 -9999 25.7902030944824 24.1221237182617 21.7182102203369 22.2423992156982 23.0148849487305 24.1015396118164 25.2632579803467 26.6966400146484 28.1697597503662 29.9496250152588 31.5246200561523 32.2422218322754 32.9285888671875 33.5490188598633 34.0762481689453 34.489559173584 34.8033027648926 35.0445251464844 35.2204322814941 35.3692932128906 35.4597129821777 35.538646697998 35.5928344726562 35.6433868408203 35.6673316955566 35.6882629394531 35.6985931396484 35.7103538513184 35.724781036377 35.7348175048828 35.7400779724121 35.7355041503906 35.7245674133301 35.6894187927246 35.6455726623535 35.5444450378418
30.7658519744873 30.0070571899414 29.1659545898438 28.4038314819336 -9999 -9999 -9999 -9999 25.702995300293 25.7235374450684 25.8785934448242 26.2183170318604 25.2737007141113 23.2782688140869 23.1834182739258 23.9888324737549 24.9799251556396 26.015380859375 27.9876670837402 29.9599914550781 30.9961490631104 31.9415664672852 32.5072250366211 33.0677909851074 33.6175918579102 34.1086883544922 34.5280342102051 34.8313179016113 35.0500679016113 35.2162094116211 35.3605690002441 35.447509765625 35.5231666564941 35.5767059326172 35.6272239685059 35.6562080383301 35.6806869506836 35.6893081665039 35.7011833190918 35.7191009521484 35.7354354858398 35.7500457763672 35.7578811645508 35.7613372802734 35.7506141662598 35.7347984313965 35.6765327453613
30.7190799713135 29.9780445098877 29.1634902954102 28.4038314819336 27.6531791687012 26.9939956665039 26.3776073455811 25.9789123535156 25.702995300293 25.7235374450684 25.8785934448242 26.2183170318604 26.2186908721924 25.9414157867432 26.4770317077637 27.3976974487305 28.0543193817139 28.6478519439697 30.0376033782959 31.4325504302979 32.1070098876953 32.7233810424805 33.0966567993164 33.4804992675781 33.8866424560547 34.2729606628418 34.6350402832031 34.9055519104004 35.1093673706055 35.2659339904785 35.4029350280762 35.4896049499512 35.5663795471191 35.6084175109863 35.6475486755371 35.6708641052246 35.6877822875977 35.6822128295898 35.6852531433105 35.7042808532715 35.7226333618164 35.7402534484863 35.7575874328613 35.7747383117676 35.787540435791 35.7987785339355 35.7805252075195
30.9452362060547 30.241662979126 29.4711151123047 28.7642116546631 28.0691089630127 27.5167579650879 27.0053596496582 26.7022895812988 26.5101490020752 26.5858573913574 26.8067073822021 27.2268161773682 27.7879199981689 28.4643802642822 29.2441101074219 30.0727577209473 30.4856243133545 30.7991485595703 31.6956520080566 32.5991287231445 33.0211563110352 33.4080009460449 33.6476097106934 33.9065856933594 34.2064552307129 34.5050735473633 34.8021697998047 35.0317497253418 35.2121543884277 35.3518295288086 35.4746360778809 35.5528945922852 35.6223983764648 35.6478424072266 35.6705017089844 35.6819000244141 35.6870079040527 35.6700019836426 35.6648712158203 35.6817893981934 35.6997489929199 35.7188415527344 35.7421684265137 35.7682304382324 35.7988700866699 35.8311500549316 35.8472518920898
31.5572624206543 30.9190120697021 30.2171516418457 29.6341018676758 29.0730876922607 28.7786083221436 28.520637512207 28.4483871459961 28.4584674835205 28.6673431396484 29.0470085144043 29.6611480712891 30.2397041320801 30.7891483306885 31.2667617797852 31.7103500366211 32.0077171325684 32.270149230957 32.7996482849121 33.3331069946289 33.6571846008301 33.9552001953125 34.1441535949707 34.3515892028809 34.598030090332 34.8331108093262 35.0543022155762 35.2314147949219 35.3764228820801 35.4888610839844 35.587818145752 35.6461601257324 35.6965217590332 35.698169708252 35.6971626281738 35.6878089904785 35.6750946044922 35.6505546569824 35.6381950378418 35.6484565734863 35.6626091003418 35.6810073852539 35.7053604125977 35.7335739135742 35.7740097045898 35.8188323974609 35.8612937927246
32.269645690918 31.79123878479 31.268913269043 30.8417739868164 30.4348106384277 30.3095226287842 30.2088794708252 30.2335968017578 30.318868637085 30.5503540039062 30.9235019683838 31.4911308288574 31.9308300018311 32.2658576965332 32.5492477416992 32.8081703186035 33.0551147460938 33.2991981506348 33.6026458740234 33.9056930541992 34.1435546875 34.3678703308105 34.5354919433594 34.7148208618164 34.9188690185547 35.1063346862793 35.2735404968262 35.4141235351562 35.5353202819824 35.6226692199707 35.6960067749023 35.7261734008789 35.7478561401367 35.7262077331543 35.703010559082 35.6803550720215 35.6567306518555 35.6297073364258 35.6130905151367 35.6158142089844 35.6245994567871 35.6399955749512 35.6625442504883 35.6897201538086 35.7364768981934 35.7902679443359 35.8528060913086
33.0665397644043 32.8275756835938 32.5781364440918 32.3338966369629 32.0977973937988 32.0670204162598 32.0427742004395 32.0517425537109 32.1052360534668 32.266227722168 32.4936218261719 32.8121795654297 32.981388092041 33.0284080505371 33.208423614502 33.4514389038086 33.7027626037598 33.9560699462891 34.152172088623 34.3423728942871 34.5038948059082 34.6672401428223 34.8382301330566 35.0092010498047 35.1801300048828 35.3333969116211 35.4650726318359 35.5825538635254 35.6896934509277 35.7537612915039 35.7999877929688 35.7950248718262 35.7799987792969 35.7354698181152 35.6913299560547 35.6616439819336 35.6329383850098 35.6076774597168 35.5893135070801 35.5837478637695 35.5858535766602 35.5963134765625 35.6146621704102 35.6381149291992 35.6882667541504 35.7480125427246 35.8253402709961
33.7794418334961 33.6803512573242 33.5820198059082 33.4278945922852 33.2742500305176 33.2879028320312 33.2979125976562 33.2893867492676 33.3124351501465 33.4117164611816 33.5201835632324 33.6412620544434 33.6512298583984 33.5702857971191 33.7009315490723 33.9318008422852 34.168285369873 34.4061164855957 34.5512046813965 34.6886177062988 34.8069686889648 34.9309997558594 35.0787963867188 35.2245330810547 35.3659133911133 35.4921646118164 35.5999221801758 35.6979751586914 35.7889595031738 35.8376655578613 35.8688545227051 35.8442840576172 35.8087501525879 35.7445678710938 35.6820030212402 35.6455535888672 35.6119728088379 35.5884628295898 35.5704536437988 35.5626525878906 35.5620231628418 35.5692100524902 35.5834121704102 35.6021537780762 35.6492614746094 35.7065582275391 35.7921714782715
34.451244354248 34.4432983398438 34.4364852905273 34.3270568847656 34.2126121520996 34.2461814880371 34.2698211669922 34.2429504394531 34.2362098693848 34.278076171875 34.2807464599609 34.2295913696289 34.1347541809082 34.0041732788086 34.111873626709 34.3324356079102 34.5446815490723 34.7549438476562 34.8765907287598 34.9906005859375 35.0820159912109 35.1773262023926 35.2889404296875 35.4011840820312 35.514762878418 35.6175117492676 35.7070274353027 35.7874526977539 35.861255645752 35.8984756469727 35.920539855957 35.8839530944824 35.8358383178711 35.7535858154297 35.6738243103027 35.630744934082 35.5923881530762 35.5706253051758 35.5540008544922 35.5469245910645 35.5454978942871 35.5502243041992 35.560302734375 35.5738487243652 35.6147575378418 35.6654891967773 35.7562141418457
34.8592300415039 34.8594818115234 34.8585395812988 34.7750511169434 34.6874656677246 34.7173461914062 34.7408981323242 34.7322273254395 34.7282333374023 34.7355194091797 34.698673248291 34.6012382507324 34.4957237243652 34.3835945129395 34.4674797058105 34.644214630127 34.8231620788574 35.0026435852051 35.107421875 35.2057609558105 35.2849922180176 35.3667907714844 35.4593200683594 35.5531463623047 35.6497039794922 35.7373695373535 35.8141632080078 35.8824157714844 35.9444465637207 35.9729957580566 35.987678527832 35.9431762695312 35.887035369873 35.7872695922852 35.6906509399414 35.640567779541 35.5974311828613 35.5786972045898 35.5658493041992 35.5639228820801 35.5642509460449 35.5670280456543 35.5720901489258 35.5786323547363 35.608528137207 35.6468124389648 35.734130859375
