Ecospace-environmental-drivers/Outputs/ASCII-for-ecospace/MOM6-ISIMIP3a/so/1986-05_so_MOM6-ISIMIP3a.asc
NCOLS 131 
NROWS 53 
XLLCORNER -98 
YLLCORNER 23.9265270233154 
CELLSIZE 0.133587792515755 
NODATA_value -9999 
[rows 0 to 20 of 53, columns 47 to 93 of 131]
-9999 -9999 -9999 -9999 -9999 -9999 -9999 -9999 -9999 -9999 -9999 -9999 -9999 -9999 -9999 -9999 -9999 -9999 -9999 -9999 -9999 -9999 -9999 -9999 -9999 -9999 -9999 -9999 -9999 -9999 -9999 -9999 -9999 -9999 -9999 -9999 -9999 -9999 -9999 -9999 -9999 -9999 -9999 -9999 -9999 -9999 -9999
-9999 -9999 -9999 -9999 -9999 -9999 -9999 -9999 -9999 -9999 -9999 -9999 -9999 -9999 -9999 -9999 -9999 -9999 -9999 -9999 -9999 -9999 -9999 -9999 -9999 -9999 -9999 -9999 -9999 -9999 -9999 -9999 -9999 -9999 -9999 -9999 -9999 -9999 -9999 -9999 -9999 -9999 -9999 -9999 -9999 -9999 -9999
-9999 -9999 -9999 -9999 -9999 -9999 -9999 -9999 -9999 -9999 -9999 -9999 -9999 -9999 -9999 -9999 -9999 -9999 -9999 -9999 -9999 -9999 -9999 -9999 -9999 -9999 -9999 31.899341583252 32.6888656616211 -9999 -9999 -9999 -9999 -9999 -9999 -9999 -9999 -9999 -9999 -9999 -9999 -9999 -9999 -9999 -9999 -9999 -9999
-9999 -9999 -9999 -9999 -9999 -9999 -9999 -9999 -9999 -9999 -9999 -9999 -9999 -9999 -9999 -9999 -9999 -9999 -9999 -9999 -9999 -9999 -9999 -9999 -9999 -9999 -9999 31.9585552215576 32.7449073791504 -9999 -9999 -9999 -9999 -9999 -9999 -9999 -9999 -9999 -9999 -9999 -9999 -9999 -9999 -9999 -9999 -9999 -9999
-9999 -9999 -9999 -9999 -9999 -9999 -9999 -9999 -9999 -9999 -9999 -9999 -9999 -9999 -9999 -9999 -9999 -9999 22.9204368591309 23.1356029510498 23.3077354431152 24.311824798584 25.2585029602051 27.0306568145752 28.5786247253418 29.9041194915771 31.0552444458008 32.0243225097656 32.7961006164551 33.4142990112305 -9999 -9999 34.5366592407227 34.7869186401367 34.988166809082 35.1572799682617 35.2793121337891 35.3764266967773 35.4509162902832 35.5149879455566 35.5636901855469 35.5939292907715 -9999 -9999 -9999 -9999 -9999
-9999 -9999 -9999 -9999 -9999 -9999 -9999 -9999 -9999 -9999 -9999 -9999 -9999 -9999 19.4196662902832 -9999 19.1450691223145 18.9232006072998 20.9819297790527 22.9204368591309 23.1786365509033 23.3077354431152 25.3159160614014 27.1518592834473 28.6241970062256 29.9598178863525 31.128345489502 32.0775680541992 32.8670501708984 33.4436836242676 33.9321632385254 34.261116027832 34.5587043762207 34.7901611328125 35.0118865966797 35.1624526977539 35.2975006103516 35.3779830932617 35.453800201416 35.5209617614746 35.570198059082 35.599910736084 35.6116828918457 35.6118507385254 -9999 -9999 -9999
-9999 -9999 -9999 -9999 -9999 -9999 -9999 -9999 -9999 -9999 20.6716022491455 20.6668682098389 20.6681613922119 20.6836071014404 20.0750465393066 19.4598255157471 19.379508972168 19.1324996948242 18.9232006072998 21.1021537780762 22.9204368591309 23.3077354431152 25.3159160614014 27.1518592834473 28.6241970062256 29.9598178863525 31.128345489502 32.0775680541992 32.8670501708984 33.4436836242676 33.9321632385254 34.261116027832 34.5587043762207 34.7901611328125 35.0118865966797 35.1624526977539 35.2975006103516 35.3779830932617 35.453800201416 35.5209617614746 35.570198059082 35.599910736084 35.6116828918457 35.6118507385254 35.6118927001953 35.6405906677246 -9999
-9999 -9999 -9999 -9999 -9999 -9999 -9999 -9999 -9999 -9999 20.6969871520996 20.6716022491455 20.6621322631836 -9999 20.7179412841797 20.1472129821777 19.5401420593262 19.379508972168 19.0947895050049 18.9232006072998 21.4628219604492 23.9065723419189 25.9491004943848 27.7981777191162 29.238862991333 30.5039730072021 31.5544948577881 32.4157829284668 33.139232635498 33.6722297668457 34.1263542175293 34.4191589355469 34.6802558898926 34.8591346740723 35.0293884277344 35.1451644897461 35.2526664733887 35.3310852050781 35.411060333252 35.4939384460449 35.5612030029297 35.611457824707 35.6356582641602 35.6430053710938 35.6508979797363 35.6589851379395 35.6885452270508
-9999 -9999 -9999 -9999 -9999 -9999 -9999 -9999 -9999 -9999 -9999 -9999 -9999 -9999 20.6879749298096 20.8131847381592 20.315258026123 19.7007751464844 19.379508972168 18.9816570281982 21.8595390319824 24.5834579467773 26.6630191802979 28.5258102416992 29.9309825897217 31.1174812316895 32.0367126464844 32.7986679077148 33.4460639953613 33.9279098510742 34.3411903381348 34.5928344726562 34.8127059936523 34.9339714050293 35.0478973388672 35.125789642334 35.2033042907715 35.279483795166 35.3639640808105 35.4638671875 35.5508041381836 35.6236114501953 35.6617012023926 35.6773300170898 35.6736221313477 35.6629638671875 35.6961059570312
31.8321228027344 -9999 -9999 -9999 -9999 -9999 -9999 -9999 -9999 -9999 24.6962394714355 20.7230072021484 -9999 -9999 -9999 20.7585983276367 21.0472297668457 20.6901817321777 20.0220394134521 20.25927734375 23.0214328765869 25.6516532897949 27.7297115325928 29.5763416290283 30.9344139099121 32.0332908630371 32.8153839111328 33.4227142333984 33.9027519226074 34.2425498962402 34.5242652893066 34.7007369995117 34.856517791748 34.9477462768555 35.0345039367676 35.1009368896484 35.1694297790527 35.2451667785645 35.3301315307617 35.4322319030762 35.5267143249512 35.6128959655762 35.6675415039062 35.7017784118652 35.7111854553223 35.7116737365723 35.7231330871582
31.729284286499 31.7141036987305 -9999 -9999 -9999 -9999 -9999 -9999 -9999 -9999 26.5794048309326 24.0991458892822 20.7230072021484 -9999 -9999 20.5958499908447 21.0083427429199 21.5374965667725 21.5035247802734 21.6051273345947 24.2430648803711 26.7660617828369 28.8080158233643 30.6105098724365 31.9074878692627 32.910285949707 33.5535430908203 34.0081367492676 34.3253135681152 34.532096862793 34.6931648254395 34.8021430969238 34.9008827209473 34.9664268493652 35.0300712585449 35.087215423584 35.1478843688965 35.220947265625 35.3039169311523 35.4052848815918 35.5046501159668 35.6018257141113 35.6716690063477 35.7238273620605 35.7462005615234 35.757869720459 35.7525749206543
31.729284286499 31.6837425231934 31.3028755187988 30.7791271209717 -9999 -9999 -9999 -9999 -9999 -9999 -9999 25.6886749267578 23.3216857910156 20.7230072021484 20.6716022491455 20.5958499908447 21.0083427429199 21.5374965667725 22.3649005889893 23.3169612884521 25.785135269165 28.1283512115479 29.9486103057861 31.5569038391113 32.7177276611328 33.5790748596191 34.074405670166 34.3863830566406 34.5648193359375 34.687068939209 34.7860488891602 34.8687324523926 34.9482116699219 35.0114135742188 35.0737228393555 35.1332168579102 35.1924705505371 35.2508850097656 35.3185806274414 35.4035186767578 35.4934501647949 35.5888214111328 35.6665992736816 35.7329978942871 35.7675247192383 35.7906074523926 35.7949905395508
31.8006134033203 31.5190238952637 31.2240047454834 30.7847347259521 -9999 -9999 -9999 -9999 28.1651649475098 27.3628368377686 26.6309700012207 25.9958343505859 24.4392204284668 22.1286792755127 21.3978805541992 21.4153709411621 21.8429775238037 22.3685760498047 23.7280712127686 25.19455909729 27.3844890594482 29.4581069946289 31.0449523925781 32.4418334960938 33.4376831054688 34.1478805541992 34.5089569091797 34.7023544311523 34.7736206054688 34.8307151794434 34.8819389343262 34.9432792663574 35.0066108703613 35.067699432373 35.1286659240723 35.1892127990723 35.2460784912109 35.2900085449219 35.3418960571289 35.4085540771484 35.4863166809082 35.576171875 35.6576080322266 35.7335968017578 35.779109954834 35.8136749267578 35.8293724060059
32.0502662658691 31.6518306732178 31.2352886199951 30.7847347259521 30.3286418914795 29.8170738220215 29.3026905059814 28.7739963531494 28.1651649475098 27.3628368377686 26.6309700012207 25.9958343505859 25.1212177276611 24.0506649017334 23.9398899078369 24.2837371826172 24.7642402648926 25.2773952484131 26.3457508087158 27.4865779876709 29.1270561218262 30.7065238952637 32.0306587219238 33.1730880737305 33.9319152832031 34.4667205810547 34.7277297973633 34.862621307373 34.9056549072266 34.9460525512695 34.9853591918945 35.0377349853516 35.0926780700684 35.1522331237793 35.2118263244629 35.2701835632324 35.3222351074219 35.352108001709 35.3868408203125 35.4305953979492 35.4893379211426 35.5644073486328 35.6388053894043 35.7127685546875 35.7663345336914 35.812572479248 35.8436660766602
32.4573402404785 32.0044479370117 31.5288238525391 31.0799083709717 30.6318817138672 30.13405418396 29.6333770751953 29.1181888580322 28.5520782470703 27.8630123138428 27.2987594604492 26.9058570861816 26.6277885437012 26.4436721801758 26.7487754821777 27.2856101989746 27.7587814331055 28.2167434692383 28.9544677734375 29.7335720062256 30.8352088928223 31.9182071685791 32.9232063293457 33.7815704345703 34.3303833007812 34.7179565429688 34.9084701538086 35.0078430175781 35.0408325195312 35.0748977661133 35.1094131469727 35.1551513671875 35.2030982971191 35.2562103271484 35.3091659545898 35.3587341308594 35.4008445739746 35.416748046875 35.4355926513672 35.459888458252 35.5025482177734 35.5652084350586 35.6326217651367 35.7031097412109 35.7578163146973 35.8068504333496 35.8457870483398
33.0869789123535 32.6678314208984 32.2214088439941 31.7924041748047 31.3638439178467 30.8991889953613 30.4315891265869 29.9490051269531 29.4860153198242 29.0703411102295 28.9106788635254 29.1024875640869 29.3001556396484 29.5026149749756 29.9349746704102 30.4762344360352 30.8569259643555 31.1992530822754 31.5505104064941 31.9169063568115 32.4947052001953 33.0779571533203 33.6840362548828 34.2164764404297 34.5934562683105 34.8736152648926 35.0354385375977 35.1317901611328 35.1804504394531 35.2228469848633 35.2626419067383 35.3050384521484 35.3479423522949 35.3876800537109 35.4265441894531 35.4579887390137 35.4829292297363 35.4849853515625 35.4897232055664 35.4994354248047 35.530158996582 35.5837745666504 35.6442756652832 35.7092399597168 35.7553176879883 35.7946128845215 35.8306999206543
33.6747398376465 33.3193244934082 32.9380683898926 32.5672378540039 32.1977920532227 31.8369369506836 31.4767551422119 31.1200122833252 30.8115711212158 30.6197643280029 30.6948757171631 31.1364288330078 31.5219554901123 31.8616409301758 32.2709350585938 32.7131996154785 32.9914474487305 33.2305068969727 33.3570137023926 33.4831123352051 33.7157821655273 33.9675827026367 34.2994346618652 34.6038513183594 34.8503456115723 35.0449371337891 35.1760787963867 35.2640762329102 35.3206481933594 35.3690376281738 35.4140396118164 35.4554557800293 35.4961624145508 35.5246315002441 35.5512161254883 35.5637969970703 35.5700569152832 35.5540885925293 35.5428237915039 35.5402870178223 35.5647811889648 35.6187324523926 35.6783485412598 35.7416343688965 35.7775840759277 35.8037223815918 35.8299751281738
34.227237701416 33.9608039855957 33.6749954223633 33.3945693969727 33.1176300048828 32.9200439453125 32.7298812866211 32.5774993896484 32.4669189453125 32.457275390625 32.6241493225098 33.0333671569824 33.3643264770508 33.6312561035156 33.8908920288086 34.1470718383789 34.3144874572754 34.460693359375 34.4986305236816 34.5296173095703 34.5676612854004 34.6297340393066 34.7923622131348 34.9511947631836 35.1020278930664 35.2294425964355 35.3282356262207 35.4033889770508 35.4613265991211 35.5137519836426 35.563892364502 35.6063194274902 35.6472282409668 35.666202545166 35.6820373535156 35.6751251220703 35.6614379882812 35.6239204406738 35.5950546264648 35.5822372436523 35.6053161621094 35.6674995422363 35.7312965393066 35.796142578125 35.8207092285156 35.830810546875 35.8413467407227
34.7254219055176 34.5577354431152 34.3757972717285 34.2016906738281 34.0315589904785 33.9470481872559 33.8682823181152 33.8187103271484 33.7983436584473 33.8484916687012 34.0010185241699 34.2940979003906 34.5179061889648 34.6850433349609 34.8222045898438 34.9451675415039 35.0316925048828 35.1095123291016 35.1171226501465 35.1175804138184 35.0840454101562 35.0702018737793 35.1387405395508 35.2179946899414 35.3198547363281 35.4109573364258 35.4889144897461 35.552433013916 35.6054420471191 35.6548652648926 35.7028045654297 35.7423820495605 35.7803115844727 35.7875175476074 35.7905540466309 35.7639656066895 35.7309341430664 35.6752433776855 35.6344146728516 35.6211814880371 35.6471900939941 35.7159576416016 35.7822761535645 35.8470115661621 35.8691596984863 35.8760147094727 35.8737487792969
35.1970329284668 35.1328659057617 35.0589218139648 34.9989242553711 34.9425926208496 34.9466018676758 34.9505386352539 34.9540863037109 34.9712524414062 35.0213088989258 35.107551574707 35.2434844970703 35.334415435791 35.3885231018066 35.4165153503418 35.4321327209473 35.4524230957031 35.4738273620605 35.4796180725098 35.481143951416 35.4362525939941 35.4021797180176 35.4134063720703 35.445369720459 35.521110534668 35.591007232666 35.6537628173828 35.7062454223633 35.7512397766113 35.7942199707031 35.8363647460938 35.8712005615234 35.904598236084 35.89892578125 35.8881607055664 35.8418045043945 35.789722442627 35.7175102233887 35.66748046875 35.6586494445801 35.6897201538086 35.7642669677734 35.8322906494141 35.8960990905762 35.9202194213867 35.9300842285156 35.9164428710938
35.4331321716309 35.4212837219238 35.4030876159668 35.3929481506348 35.385311126709 35.4229545593262 35.4584999084473 35.4833564758301 35.5112266540527 35.5463752746582 35.5959701538086 35.6654014587402 35.7065315246582 35.7245101928711 35.7179679870605 35.6998100280762 35.6962776184082 35.6962394714355 35.710823059082 35.7242546081543 35.7063140869141 35.6882247924805 35.6695213317871 35.6689033508301 35.706470489502 35.7505798339844 35.8026809692383 35.8482856750488 35.8891563415527 35.9283065795898 35.9667434692383 35.9921226501465 36.0149345397949 35.988597869873 35.9567909240723 35.8893356323242 35.8195877075195 35.741771697998 35.6912078857422 35.6912612915039 35.7237739562988 35.7916488647461 35.8559036254883 35.9178161621094 35.9538917541504 35.9806861877441 35.9688873291016
