Ecospace-environmental-drivers/Outputs/ASCII-for-ecospace/MOM6-ISIMIP3a/so/1987-05_so_MOM6-ISIMIP3a.asc
NCOLS 131 
NROWS 53 
XLLCORNER -98 
YLLCORNER 23.9265270233154 
CELLSIZE 0.133587792515755 
NODATA_value -9999 
[rows 21 to 41 of 53, columns 0 to 46 of 131]
-9999 -9999 -9999 -9999 -9999 -9999 34.9792785644531 34.9734191894531 34.9571838378906 34.9293098449707 34.881763458252 34.8010864257812 34.8232955932617 34.8894500732422 34.9362258911133 34.960636138916 34.9775238037109 34.9892463684082 35.045352935791 35.1186027526855 35.1613578796387 35.1987380981445 35.2130279541016 35.2263832092285 35.2361450195312 35.2434158325195 35.242603302002 35.2405815124512 35.2364387512207 35.2215461730957 35.1955871582031 35.1733741760254 35.1534423828125 35.1570091247559 35.1684074401855 35.1558570861816 35.140064239502 35.1334686279297 35.1282844543457 35.1321067810059 35.1352310180664 35.1364212036133 35.130500793457 35.1135902404785 35.0776329040527 35.0241966247559 34.9726142883301
-9999 -9999 -9999 -9999 -9999 -9999 34.9805030822754 34.9792785644531 34.9675559997559 34.9525947570801 34.9293098449707 34.9148941040039 34.9244346618652 34.981372833252 35.0330657958984 35.0787048339844 35.1015090942383 35.1086349487305 35.1336784362793 35.165641784668 35.1795959472656 35.1903762817383 35.1962890625 35.2020034790039 35.2069320678711 35.2108268737793 35.2113647460938 35.2116050720215 35.2113227844238 35.2074508666992 35.1998901367188 35.1931114196777 35.1868057250977 35.190486907959 35.1974945068359 35.2003707885742 35.2026176452637 35.1965789794922 35.1921348571777 35.1978492736816 35.2047843933105 35.2150955200195 35.2190971374512 35.2133331298828 35.1885299682617 35.1462516784668 35.1062126159668
-9999 -9999 -9999 -9999 34.9339485168457 34.9667091369629 34.9811210632324 34.9811058044434 34.9792785644531 34.9558334350586 34.9459609985352 34.9880294799805 35.0296516418457 35.0703926086426 35.1221656799316 35.1866607666016 35.2135467529297 35.2146110534668 35.2075805664062 35.1974220275879 35.1839904785156 35.1699829101562 35.1682662963867 35.1669883728027 35.167106628418 35.1674728393555 35.1686553955078 35.1707191467285 35.17431640625 35.1828575134277 35.1964836120605 35.2066535949707 35.2147178649902 35.2178153991699 35.2192535400391 35.2366371154785 35.2560424804688 35.2497215270996 35.2453651428223 35.253532409668 35.265079498291 35.2860450744629 35.3004341125488 35.3046722412109 35.2904624938965 35.2593307495117 35.2307968139648
-9999 -9999 -9999 -9999 34.8586387634277 34.929328918457 34.9522972106934 34.9811210632324 34.9829139709473 35.005744934082 35.0323143005371 35.0731925964355 35.1122856140137 35.1478500366211 35.1849708557129 35.223876953125 35.2377624511719 35.2344703674316 35.2211265563965 35.2038993835449 35.1912879943848 35.1794929504395 35.172550201416 35.1661033630371 35.1628837585449 35.1591644287109 35.1538314819336 35.1492156982422 35.1458435058594 35.1649398803711 35.207160949707 35.2276382446289 35.2348670959473 35.2391929626465 35.2425537109375 35.2460441589355 35.249439239502 35.2367553710938 35.2292633056641 35.2548484802246 35.2883758544922 35.3440055847168 35.3765869140625 35.3735542297363 35.357837677002 35.3304748535156 35.3063087463379
-9999 -9999 -9999 -9999 -9999 34.8586387634277 34.9252586364746 34.9234733581543 34.9910621643066 35.0508842468262 35.108829498291 35.1595993041992 35.2029457092285 35.2316131591797 35.2568893432617 35.2782554626465 35.2853965759277 35.282772064209 35.2650871276855 35.241584777832 35.2316627502441 35.2241401672363 35.2123565673828 35.2008094787598 35.1919975280762 35.1816711425781 35.1664352416992 35.1518363952637 35.1383514404297 35.1604690551758 35.2192230224609 35.2446899414062 35.2498779296875 35.2545776367188 35.2591133117676 35.2517356872559 35.2426643371582 35.2270774841309 35.2195510864258 35.2633323669434 35.3155479431152 35.3912391662598 35.433952331543 35.4257011413574 35.4100761413574 35.3876838684082 35.368335723877
-9999 -9999 -9999 -9999 -9999 34.8846740722656 34.8586387634277 34.9377975463867 35.0189819335938 35.0750846862793 35.1422004699707 35.2514686584473 35.3288192749023 35.3430252075195 35.3687858581543 35.407886505127 35.4357032775879 35.4557647705078 35.4424018859863 35.416130065918 35.4170837402344 35.4228439331055 35.4079170227051 35.3915824890137 35.3672904968262 35.3392944335938 35.2992935180664 35.2602424621582 35.2228469848633 35.2149353027344 35.2373580932617 35.244514465332 35.2423706054688 35.2436637878418 35.2460975646973 35.2411193847656 35.2351341247559 35.2318267822266 35.2378425598145 35.3032302856445 35.3597183227539 35.3914451599121 35.4089431762695 35.4044570922852 35.3959655761719 35.3838005065918 35.3712196350098
-9999 -9999 34.9420394897461 34.9352264404297 34.9279861450195 34.9107398986816 34.8846435546875 34.9625930786133 35.0448760986328 35.1137542724609 35.2007904052734 35.3573341369629 35.4624137878418 35.4656715393066 35.493465423584 35.5495758056641 35.5980567932129 35.6412925720215 35.6406402587891 35.6230354309082 35.6301002502441 35.6415176391602 35.6146774291992 35.5848617553711 35.5372352600098 35.4851417541504 35.4185447692871 35.356819152832 35.303596496582 35.2747688293457 35.2710380554199 35.264533996582 35.2563438415527 35.2561988830566 35.2587356567383 35.2504196166992 35.2407264709473 35.2482376098633 35.2641944885254 35.3339195251465 35.3872451782227 35.3949317932129 35.3997230529785 35.4000473022461 35.3969497680664 35.3907089233398 35.3839874267578
-9999.000000000000000 -9999 -9999 -9999 34.9669570922852 34.9452362060547 34.9611320495605 35.0102424621582 35.066349029541 35.1839866638184 35.3143997192383 35.4937324523926 35.6128540039062 35.6128311157227 35.6460304260254 35.7175674438477 35.7866973876953 35.854175567627 35.8845291137695 35.9005508422852 35.9033241271973 35.9037590026855 35.8458633422852 35.7835922241211 35.6955146789551 35.6052894592285 35.5081176757812 35.427604675293 35.3761672973633 35.346305847168 35.3386421203613 35.3286247253418 35.3171768188477 35.3198928833008 35.3273315429688 35.303165435791 35.2749443054199 35.290096282959 35.3081283569336 35.3445167541504 35.3784561157227 35.405574798584 35.4249496459961 35.4323654174805 35.4308586120605 35.4211616516113 35.4183082580566
-9999 -9999 -9999 -9999 35.0196418762207 35.0448913574219 35.0305480957031 35.0642204284668 35.1092872619629 35.2583274841309 35.4170761108398 35.6129722595215 35.7488708496094 35.7660369873047 35.8127708435059 35.8936233520508 35.9703254699707 36.0441780090332 36.0860633850098 36.115608215332 36.1081657409668 36.0941925048828 36.0136756896973 35.9285469055176 35.8171615600586 35.7072944641113 35.6023483276367 35.5215797424316 35.4829978942871 35.4649314880371 35.4679756164551 35.4612426757812 35.4485473632812 35.459285736084 35.4778366088867 35.4335632324219 35.3811187744141 35.3998184204102 35.4160385131836 35.4164886474609 35.4288291931152 35.4742622375488 35.5047416687012 35.5121116638184 35.508487701416 35.4947776794434 35.4957389831543
-9999 -9999 -9999 -9999 35.0568428039551 35.0687942504883 35.083553314209 35.1261596679688 35.1792297363281 35.3378448486328 35.5059928894043 35.7106285095215 35.8667449951172 35.9268455505371 35.9973411560059 36.079833984375 36.1476554870605 36.2054023742676 36.234317779541 36.2520980834961 36.226978302002 36.1942825317383 36.1017532348633 36.0058441162109 35.8927307128906 35.7864723205566 35.7024421691895 35.6447257995605 35.632926940918 35.6427993774414 35.6749801635742 35.6800689697266 35.6686592102051 35.6939163208008 35.7313957214355 35.6616516113281 35.5778121948242 35.5949172973633 35.6044387817383 35.565673828125 35.5536308288574 35.6159782409668 35.6531829833984 35.6515197753906 35.6411209106445 35.6226959228516 35.6274032592773
-9999 -9999 -9999 -9999 35.0687942504883 35.0866584777832 35.1076316833496 35.1952323913574 35.29248046875 35.448802947998 35.615909576416 35.8242988586426 35.991527557373 36.0773048400879 36.1570777893066 36.2299156188965 36.2826881408691 36.3216743469238 36.336986541748 36.3431587219238 36.3054237365723 36.2599411010742 36.1657562255859 36.0702819824219 35.9729499816895 35.8875961303711 35.8410873413086 35.8191986083984 35.8402786254883 35.8782806396484 35.9336891174316 35.9438133239746 35.9263572692871 35.9523315429688 35.9927864074707 35.921028137207 35.8344345092773 35.8414344787598 35.8399391174316 35.7843551635742 35.7557830810547 35.8024024963379 35.8234214782715 35.8048782348633 35.7881622314453 35.7731170654297 35.7817115783691
-9999 -9999 -9999 -9999 35.0876960754395 35.1076316833496 35.3021392822266 35.2696571350098 35.4382133483887 35.5833435058594 35.7415809631348 35.9499855041504 36.1214942932129 36.2200050354004 36.2981872558594 36.3529052734375 36.3859977722168 36.4042320251465 36.4054718017578 36.400146484375 36.3535957336426 36.2997665405273 36.2117042541504 36.1250762939453 36.0566596984863 36.0051879882812 36.0086441040039 36.0321655273438 36.0907020568848 36.1569671630859 36.2311744689941 36.2412452697754 36.2122421264648 36.228588104248 36.2600479125977 36.2038726806641 36.1360015869141 36.1265144348145 36.110767364502 36.0551681518555 36.0159568786621 36.0223579406738 36.0100135803223 35.9687004089355 35.9460105895996 35.9404182434082 35.9530067443848
-9999 -9999 -9999 -9999 35.1076316833496 35.4365196228027 35.548168182373 35.6360321044922 35.6236991882324 35.7658462524414 35.9159202575684 36.0963287353516 36.2459030151367 36.3344612121582 36.4007759094238 36.4414138793945 36.4621734619141 36.4692764282227 36.4598846435547 36.4441223144531 36.3952789306641 36.3405990600586 36.2723350524902 36.2067527770996 36.1660079956055 36.1428604125977 36.1767539978027 36.2211685180664 36.2839317321777 36.3464126586914 36.4086036682129 36.4174690246582 36.3938484191895 36.396183013916 36.407169342041 36.3646469116211 36.3149604797363 36.2967414855957 36.2743110656738 36.2250595092773 36.1796264648438 36.1448364257812 36.1148796081543 36.092399597168 36.0896835327148 36.1051063537598 36.1164932250977
-9999 -9999 -9999 -9999 -9999 35.7563819885254 35.7881393432617 35.7388153076172 35.8262214660645 35.9689064025879 36.1111183166504 36.2515296936035 36.3679275512695 36.4368133544922 36.4868507385254 36.5151443481445 36.5267219543457 36.5268173217773 36.5082702636719 36.4825210571289 36.4341812133789 36.3818550109863 36.3392562866211 36.2999496459961 36.2863426208496 36.2891387939453 36.3451080322266 36.3998985290527 36.4526443481445 36.4976119995117 36.5345764160156 36.541748046875 36.53076171875 36.5172080993652 36.502799987793 36.4731101989746 36.4413642883301 36.4177436828613 36.3918762207031 36.3516960144043 36.3019409179688 36.2255401611328 36.1847229003906 36.1989097595215 36.2272834777832 36.2686805725098 36.2766304016113
-9999 -9999 -9999 -9999 -9999 35.9403266906738 35.9328384399414 35.989574432373 35.9909591674805 36.1151084899902 36.2348670959473 36.337818145752 36.4254493713379 36.4827613830566 36.5245819091797 36.5485305786133 36.5569152832031 36.5546112060547 36.5339660644531 36.5062446594238 36.4637184143066 36.4185829162598 36.3961982727051 36.377010345459 36.3803176879883 36.3952217102051 36.4477310180664 36.4943618774414 36.5307388305664 36.5596809387207 36.5809745788574 36.5817909240723 36.570125579834 36.5507011413574 36.528694152832 36.5057601928711 36.4827194213867 36.4623870849609 36.4401893615723 36.4061126708984 36.3687553405762 36.3222808837891 36.3047752380371 36.3320388793945 36.3679428100586 36.4117698669434 36.4172439575195
-9999 -9999 -9999 -9999 -9999 36.0853385925293 36.0999984741211 36.0701293945312 36.147876739502 36.2495460510254 36.3438301086426 36.409854888916 36.4696311950684 36.5170402526855 36.5523071289062 36.5735702514648 36.5800018310547 36.5762481689453 36.5549736022949 36.5269317626953 36.4913177490234 36.4543685913086 36.4510765075684 36.4507331848145 36.4688339233398 36.4929885864258 36.5367546081543 36.5713882446289 36.5900802612305 36.6033096313477 36.610912322998 36.6044044494629 36.5893058776855 36.5660858154297 36.5401611328125 36.5227279663086 36.506477355957 36.4912338256836 36.4741744995117 36.4455833435059 36.4240875244141 36.4223403930664 36.4352111816406 36.4706764221191 36.5092315673828 36.5506286621094 36.5538177490234
-9999 -9999 -9999 -9999 -9999 -9999 36.2231750488281 36.240291595459 36.2478866577148 36.3312759399414 36.4087181091309 36.4633941650391 36.5122451782227 36.5495719909668 36.5767021179199 36.5920639038086 36.5957069396973 36.5913047790527 36.5709533691406 36.5444488525391 36.5135726928711 36.4819259643555 36.4854011535645 36.4916343688965 36.5144424438477 36.5397033691406 36.5728950500488 36.5988006591797 36.6119766235352 36.6172790527344 36.6144790649414 36.6068992614746 36.5964050292969 36.5853233337402 36.574047088623 36.5655059814453 36.5573577880859 36.5516014099121 36.5437164306641 36.5222930908203 36.5097732543945 36.522029876709 36.5363922119141 36.5540046691895 36.5713119506836 36.5883369445801 36.5808753967285
-9999 -9999 -9999 -9999 -9999 -9999 36.3286781311035 36.3591003417969 36.3415985107422 36.4078598022461 36.4696464538574 36.5143089294434 36.5532112121582 36.5807189941406 36.599967956543 36.6096725463867 36.6107482910156 36.6058959960938 36.5868301391602 36.5622749328613 36.5356979370117 36.5087661743164 36.5176544189453 36.529125213623 36.5556335449219 36.5813446044922 36.6044883728027 36.6223106384277 36.6308517456055 36.6292724609375 36.6172828674316 36.6093063354492 36.6037712097168 36.6049613952637 36.6083908081055 36.6084785461426 36.6081275939941 36.6109352111816 36.6114158630371 36.5970573425293 36.5925407409668 36.6154098510742 36.6291694641113 36.628849029541 36.625244140625 36.6186141967773 36.6013107299805
-9999 -9999 -9999 -9999 -9999 -9999 36.3982543945312 36.386646270752 36.395320892334 36.4547424316406 36.5094337463379 36.546028137207 36.5772743225098 36.5979270935059 36.6127967834473 36.6209983825684 36.6222496032715 36.6187324523926 36.6039886474609 36.5849075317383 36.5590362548828 36.5319671630859 36.5376472473145 36.5459518432617 36.5701675415039 36.5932769775391 36.61279296875 36.6279220581055 36.6353950500488 36.6343383789062 36.6245040893555 36.6203842163086 36.619743347168 36.6269989013672 36.636890411377 36.6412086486816 36.6447257995605 36.6441993713379 36.6424942016602 36.6332855224609 36.6296653747559 36.6416091918945 36.6462669372559 36.6396675109863 36.6301383972168 36.6179161071777 36.6033706665039
-9999 -9999 -9999 -9999 -9999 36.4523048400879 36.4416809082031 36.4490203857422 36.4498977661133 36.5016059875488 36.5484466552734 36.5766525268555 36.6001739501953 36.614429473877 36.6253280639648 36.6323509216309 36.6338424682617 36.631534576416 36.6205444335938 36.6062049865723 36.5810890197754 36.5540771484375 36.5563926696777 36.5613212585449 36.5826988220215 36.6028633117676 36.6190910339355 36.6317825317383 36.6383094787598 36.6383399963379 36.6316909790039 36.6314468383789 36.6351089477539 36.6470222473145 36.6616821289062 36.669734954834 36.6768035888672 36.6735458374023 36.6700439453125 36.6649742126465 36.6618347167969 36.6640625 36.660530090332 36.6480903625488 36.6331176757812 36.6158142089844 36.6038551330566
-9999 -9999 -9999 -9999 36.4390182495117 36.4542617797852 36.4523048400879 36.4787559509277 36.5076141357422 36.5484199523926 36.5846290588379 36.6032371520996 36.6188087463379 36.6283721923828 36.6367645263672 36.6438140869141 36.6457672119141 36.644214630127 36.6349029541016 36.6225967407227 36.5984344482422 36.5721817016602 36.5705451965332 36.5713386535645 36.5878791809082 36.6038589477539 36.6180191040039 36.6292152404785 36.6352424621582 36.6384468078613 36.6387481689453 36.6424674987793 36.648265838623 36.6596374511719 36.6728706359863 36.6828575134277 36.6922988891602 36.6885223388672 36.684627532959 36.6800270080566 36.6758346557617 36.6727828979492 36.6643905639648 36.6477394104004 36.629077911377 36.6085662841797 36.5985488891602
