Ecospace-environmental-drivers/Outputs/ASCII-for-ecospace/MOM6-ISIMIP3a/so/1988-01_so_MOM6-ISIMIP3a.asc
NCOLS 131 
NROWS 53 
XLLCORNER -98 
YLLCORNER 23.9265270233154 
CELLSIZE 0.133587792515755 
NODATA_value -9999 
[rows 21 to 41 of 53, columns 47 to 93 of 131]
35.8828926086426 35.9249305725098 35.9716835021973 35.9835090637207 35.9895973205566 35.9373168945312 35.880054473877 35.7974433898926 35.7260055541992 35.6815414428711 35.6518745422363 35.6425285339355 35.6427726745605 35.6508636474609 35.6437530517578 35.6294403076172 35.6229362487793 35.6182975769043 35.6747398376465 35.736400604248 35.8128890991211 35.8936653137207 35.9923858642578 36.0821800231934 36.1531295776367 36.214714050293 36.2648506164551 36.3067779541016 36.3427276611328 36.3671073913574 36.3866920471191 36.4076461791992 36.4288673400879 36.4544944763184 36.4783248901367 36.4830207824707 36.4858665466309 36.4822273254395 36.4765090942383 36.4669227600098 36.453800201416 36.4368171691895 36.4235992431641 36.4128150939941 36.4069862365723 36.4029388427734 36.3968849182129
36.1311264038086 36.1496849060059 36.1699409484863 36.1661605834961 36.1585350036621 36.1135482788086 36.0644264221191 35.9942855834961 35.9317016601562 35.8873710632324 35.8590354919434 35.8526611328125 35.8478317260742 35.8442687988281 35.8369331359863 35.827808380127 35.8287353515625 35.8320655822754 35.8863830566406 35.9448509216309 36.0127830505371 36.0824851989746 36.1595916748047 36.2273330688477 36.2752952575684 36.3186454772949 36.3563575744629 36.3861694335938 36.410228729248 36.4294395446777 36.4466438293457 36.4631614685059 36.4795455932617 36.4977760314941 36.5145492553711 36.516471862793 36.5169219970703 36.5122184753418 36.5046119689941 36.4916191101074 36.4751663208008 36.4549407958984 36.4402313232422 36.4290885925293 36.4218826293945 36.4160919189453 36.409351348877
36.3472061157227 36.3405494689941 36.3325462341309 36.3122177124023 36.2901496887207 36.2550315856934 36.2169227600098 36.1636199951172 36.1145401000977 36.0756568908691 36.0533790588379 36.0538940429688 36.046630859375 36.0329971313477 36.025806427002 36.0216674804688 36.0308303833008 36.0431709289551 36.0949974060059 36.1497917175293 36.2082443237305 36.2660026550293 36.320858001709 36.3664321899414 36.3924102783203 36.4183464050293 36.4442367553711 36.4624519348145 36.4750785827637 36.4893646240234 36.504337310791 36.5163269042969 36.5277252197266 36.5380973815918 36.5473861694336 36.5464820861816 36.5445976257324 36.5392532348633 36.5302200317383 36.5143356323242 36.4950981140137 36.4722061157227 36.456413269043 36.4452133178711 36.4366798400879 36.4291076660156 36.4215431213379
36.4243621826172 36.4050064086914 36.3851051330566 36.3630599975586 36.3408546447754 36.320140838623 36.2978477478027 36.267520904541 36.2403869628906 36.2209739685059 36.2131118774414 36.2211036682129 36.2233505249023 36.2209014892578 36.2219429016113 36.2246360778809 36.2382125854492 36.2543907165527 36.2868957519531 36.3204231262207 36.3524589538574 36.3838958740234 36.4127960205078 36.4385566711426 36.4576873779297 36.4794654846191 36.5044822692871 36.5201721191406 36.5290603637695 36.5367774963379 36.544002532959 36.5498275756836 36.5553779602051 36.5597915649414 36.5635719299316 36.5615158081055 36.5587043762207 36.5532302856445 36.5444641113281 36.5295906066895 36.5114517211914 36.48974609375 36.4753913879395 36.4657936096191 36.4569396972656 36.4483528137207 36.4382705688477
36.4990386962891 36.4700126647949 36.4409523010254 36.4167976379395 36.3936614990234 36.3844604492188 36.3749389648438 36.3638038635254 36.3552093505859 36.3527488708496 36.3570289611816 36.3705558776855 36.3805809020996 36.3877449035645 36.3957099914551 36.404052734375 36.4199485778809 36.4376449584961 36.4524002075195 36.4666061401367 36.4757614135742 36.4846305847168 36.4922981262207 36.5018653869629 36.5154457092285 36.5335502624512 36.557186126709 36.5703735351562 36.5759429931641 36.5780143737793 36.5786361694336 36.5792427062988 36.5798492431641 36.579475402832 36.5788269042969 36.5758743286133 36.5723648071289 36.5668830871582 36.5585632324219 36.5449714660645 36.5281829833984 36.5079078674316 36.4950523376465 36.4869918823242 36.4781036376953 36.4689140319824 36.4568519592285
36.5628318786621 36.5374336242676 36.5112152099609 36.4832229614258 36.4556846618652 36.4453010559082 36.4352226257324 36.426700592041 36.4216842651367 36.4251441955566 36.4315910339355 36.442138671875 36.4523391723633 36.4622497558594 36.4714050292969 36.4801979064941 36.4892196655273 36.498291015625 36.5021820068359 36.5056037902832 36.5073623657227 36.5101547241211 36.5172805786133 36.5265235900879 36.5402297973633 36.5567817687988 36.5768127441406 36.5876121520996 36.5916900634766 36.5921974182129 36.5912208557129 36.5907554626465 36.5903930664062 36.5903205871582 36.590015411377 36.5872917175293 36.5840759277344 36.5791358947754 36.5720291137695 36.5608978271484 36.5465812683105 36.5288009643555 36.5177001953125 36.5109176635742 36.503246307373 36.4952507019043 36.483570098877
36.6135673522949 36.592716217041 36.5707397460938 36.5419425964355 36.5130195617676 36.4994277954102 36.48681640625 36.4792098999023 36.4756851196289 36.4820289611816 36.4889488220215 36.4966506958008 36.5060882568359 36.5169410705566 36.5267143249512 36.5359725952148 36.5402793884277 36.543399810791 36.5397987365723 36.5358200073242 36.5330772399902 36.5321006774902 36.5384902954102 36.5470275878906 36.5600929260254 36.5748443603516 36.5916633605957 36.6003646850586 36.6031532287598 36.6025772094727 36.6006011962891 36.5995864868164 36.5987586975098 36.5989723205566 36.5990142822266 36.5969886779785 36.5944633483887 36.5901794433594 36.5844116210938 36.5758895874023 36.564136505127 36.5488624572754 36.5394172668457 36.5337409973145 36.5272636413574 36.5205001831055 36.5097007751465
36.6358184814453 36.6215133666992 36.6068344116211 36.5838508605957 36.560115814209 36.5388984680176 36.519458770752 36.5090560913086 36.5024681091309 36.5050811767578 36.5087661743164 36.5139198303223 36.5205535888672 36.528392791748 36.537540435791 36.5473022460938 36.5516090393066 36.5546073913574 36.5508689880371 36.5468788146973 36.5459594726562 36.5462303161621 36.5514678955078 36.5584754943848 36.5692100524902 36.5816230773926 36.5960845947266 36.6033134460449 36.6052742004395 36.6046676635742 36.6029930114746 36.6025619506836 36.6023750305176 36.6028327941895 36.6032447814941 36.6029434204102 36.6019592285156 36.5985832214355 36.5944328308105 36.5888595581055 36.5798530578613 36.5671043395996 36.5590972900391 36.5541496276855 36.5488319396973 36.5433807373047 36.5345497131348
36.6492614746094 36.6394081115723 36.6296577453613 36.6121864318848 36.5937767028809 36.5713729858398 36.5505981445312 36.5381050109863 36.5288925170898 36.5276031494141 36.528003692627 36.5307350158691 36.5348091125488 36.539981842041 36.5477066040039 36.556640625 36.5608444213867 36.5639228820801 36.561222076416 36.5583381652832 36.5585250854492 36.559383392334 36.5630416870117 36.5681114196777 36.5761642456055 36.5859642028809 36.5978965759277 36.6037979125977 36.6053047180176 36.6047859191895 36.6034278869629 36.6032333374023 36.6032676696777 36.6041259765625 36.6050109863281 36.6058311462402 36.6059532165527 36.6036033630371 36.6010551452637 36.5981330871582 36.5921363830566 36.5827903747559 36.5767250061035 36.5727844238281 36.5686149597168 36.5643615722656 36.5565910339355
36.6516151428223 36.6435852050781 36.6357879638672 36.6234436035156 36.610538482666 36.5950393676758 36.5798416137695 36.5661430358887 36.554874420166 36.5494575500488 36.546516418457 36.5469741821289 36.5488014221191 36.5517425537109 36.5570487976074 36.5634765625 36.567455291748 36.5708503723145 36.5706748962402 36.5703048706055 36.5706977844238 36.5713119506836 36.5728454589844 36.5754699707031 36.5803985595703 36.5872421264648 36.5964241027832 36.6011772155762 36.6027069091797 36.6024284362793 36.6014022827148 36.6010093688965 36.6007423400879 36.6021919250488 36.6036796569824 36.604866027832 36.6055335998535 36.6043701171875 36.6033935546875 36.6027565002441 36.6001052856445 36.5952606201172 36.5917778015137 36.589183807373 36.5861473083496 36.5829582214355 36.5750999450684
36.6519508361816 36.6453628540039 36.6389541625977 36.6299209594727 36.6205825805664 36.6102561950684 36.5995178222656 36.5866889953613 36.5753898620605 36.5677757263184 36.5624389648438 36.560230255127 36.5596733093262 36.5604667663574 36.5634765625 36.5675354003906 36.5715675354004 36.5755920410156 36.5773277282715 36.5788345336914 36.5793151855469 36.5797538757324 36.5800323486328 36.5811576843262 36.5840759277344 36.5884056091309 36.5944671630859 36.5976219177246 36.5986518859863 36.5983619689941 36.5975227355957 36.5970344543457 36.5966186523438 36.5984687805176 36.6003265380859 36.6014175415039 36.6021156311035 36.601448059082 36.601261138916 36.6019706726074 36.6014709472656 36.5996627807617 36.5989227294922 36.598876953125 36.5977172851562 36.5961570739746 36.5883140563965
36.6507720947266 36.645336151123 36.639892578125 36.6328163146973 36.6255950927734 36.6191291809082 36.6120185852051 36.6016159057617 36.5918083190918 36.583438873291 36.5764198303223 36.5712432861328 36.5682029724121 36.5669136047363 36.5677146911621 36.569507598877 36.573802947998 36.5786972045898 36.5818824768066 36.5847854614258 36.5852661132812 36.5855865478516 36.5852584838867 36.5855941772461 36.5873336791992 36.5894889831543 36.5921516418457 36.5933570861816 36.593505859375 36.5930099487305 36.5922508239746 36.5917472839355 36.5912971496582 36.5934066772461 36.5954666137695 36.5961074829102 36.5964508056641 36.595760345459 36.5957832336426 36.5971221923828 36.5978813171387 36.5980110168457 36.6001319885254 36.6035385131836 36.604808807373 36.6053085327148 36.5975532531738
36.6513595581055 36.6471252441406 36.6427917480469 36.6375274658203 36.6321830749512 36.627269744873 36.621711730957 36.612850189209 36.6039581298828 36.5950012207031 36.5868377685547 36.5797653198242 36.5749588012695 36.5720062255859 36.5716247558594 36.5724601745605 36.5764045715332 36.5810890197754 36.5848770141602 36.5884246826172 36.5894088745117 36.5899620056152 36.5887145996094 36.5882034301758 36.589241027832 36.5898971557617 36.5900840759277 36.5897064208984 36.5889129638672 36.5880661010742 36.5872001647949 36.5863990783691 36.5856094360352 36.5876731872559 36.589672088623 36.5900573730469 36.5902633666992 36.5898399353027 36.5902404785156 36.5921669006348 36.5938148498535 36.5951614379883 36.5983772277832 36.6027984619141 36.6056747436523 36.6079940795898 36.6003303527832
36.6527099609375 36.6496925354004 36.6465225219727 36.6430168151855 36.6394462585449 36.6350975036621 36.630199432373 36.6224975585938 36.6142807006836 36.6048011779785 36.5957298278809 36.5872192382812 36.5809516906738 36.5765151977539 36.5753898620605 36.5758323669434 36.5791625976562 36.5831756591797 36.5872001647949 36.5910758972168 36.5927772521973 36.5937080383301 36.5914154052734 36.590030670166 36.5905685424805 36.590015411377 36.5881271362305 36.5863151550293 36.5845565795898 36.5832977294922 36.5822410583496 36.5810203552246 36.5797691345215 36.5816497802734 36.5834808349609 36.5836944580078 36.5838508605957 36.5838203430176 36.5846748352051 36.5871696472168 36.5895462036133 36.591796875 36.5953483581543 36.5997428894043 36.603874206543 36.6079063415527 36.6003379821777
36.6548957824707 36.6531753540039 36.6514091491699 36.6489868164062 36.6464309692383 36.6421279907227 36.6374053955078 36.6305503845215 36.6229820251465 36.6137008666992 36.6041297912598 36.594165802002 36.5866165161133 36.5810432434082 36.5794906616211 36.5798454284668 36.5824813842773 36.5856666564941 36.5892601013184 36.5927619934082 36.5944976806641 36.5952301025391 36.5917625427246 36.5891075134277 36.5881690979004 36.5861167907715 36.5826988220215 36.5802879333496 36.5786018371582 36.5776634216309 36.577033996582 36.5758361816406 36.5745277404785 36.576545715332 36.5784873962402 36.5784378051758 36.5785026550293 36.5789642333984 36.5803031921387 36.5832672119141 36.5861740112305 36.5890197753906 36.592643737793 36.5967674255371 36.6011047363281 36.6055183410645 36.5989303588867
36.6572532653809 36.6568489074707 36.6565361022949 36.6550559997559 36.6533546447754 36.6489944458008 36.6443519592285 36.6382713317871 36.6313552856445 36.6224136352539 36.6124267578125 36.6010093688965 36.5922164916992 36.5855712890625 36.5836601257324 36.5839881896973 36.5859222412109 36.5882377624512 36.5912628173828 36.5942497253418 36.595874786377 36.5962905883789 36.591625213623 36.5876159667969 36.5849990844727 36.5813865661621 36.5765533447266 36.5737113952637 36.5723190307617 36.5718536376953 36.57177734375 36.5706939697266 36.569408416748 36.5716361999512 36.5737419128418 36.5734176635742 36.5733757019043 36.574348449707 36.5761756896973 36.57958984375 36.5829887390137 36.5863647460938 36.5900039672852 36.5938110351562 36.5981407165527 36.6026573181152 36.5972328186035
36.6595764160156 36.6599311828613 36.6604042053223 36.6591911315918 36.6577072143555 36.6534423828125 36.6489410400391 36.643253326416 36.6370735168457 36.6297073364258 36.6206932067871 36.6094169616699 36.5996131896973 36.5910110473633 36.5871429443359 36.5855140686035 36.5867385864258 36.5886383056641 36.590648651123 36.5925750732422 36.593147277832 36.5925445556641 36.5870399475098 36.5818557739258 36.5773582458496 36.5727272033691 36.5679321289062 36.5652847290039 36.5642051696777 36.5647430419922 36.5659446716309 36.5655212402344 36.5647773742676 36.5664367675781 36.5680198669434 36.567928314209 36.5682334899902 36.5699272155762 36.5723304748535 36.5760536193848 36.5799674987793 36.5840835571289 36.5874404907227 36.5902976989746 36.5943069458008 36.5987319946289 36.5950622558594
36.6618576049805 36.6628684997559 36.6640167236328 36.6630897521973 36.6618461608887 36.6577644348145 36.6534957885742 36.6482849121094 36.642936706543 36.6372528076172 36.6293640136719 36.6184425354004 36.6077346801758 36.5972023010254 36.5911064147949 36.5871162414551 36.5874519348145 36.5888214111328 36.5898323059082 36.5907173156738 36.5900802612305 36.5883445739746 36.5820007324219 36.5756874084473 36.5694389343262 36.5639228820801 36.5592956542969 36.5569114685059 36.5561676025391 36.5576820373535 36.5601387023926 36.5603103637695 36.5600318908691 36.5609703063965 36.5618782043457 36.5620422363281 36.5627021789551 36.5651092529297 36.5680923461914 36.572151184082 36.5766487121582 36.5816192626953 36.5847969055176 36.5868148803711 36.5904884338379 36.5947570800781 36.5928001403809
36.6637382507324 36.6645622253418 36.6655044555664 36.6653327941895 36.6649513244629 36.6618957519531 36.658748626709 36.6551322937012 36.6515769958496 36.6481704711914 36.6423759460449 36.6333160400391 36.622745513916 36.6109390258789 36.6005020141602 36.5907135009766 36.588321685791 36.5876960754395 36.5881080627441 36.5883674621582 36.5853805541992 36.5815620422363 36.5742721557617 36.5672187805176 36.5606689453125 36.5553970336914 36.551685333252 36.549991607666 36.5497627258301 36.5518341064453 36.5548553466797 36.5546875 36.5538864135742 36.5527458190918 36.5517349243164 36.552116394043 36.5530662536621 36.5560035705566 36.5595626831055 36.5642776489258 36.5700645446777 36.5770225524902 36.5813102722168 36.5838737487793 36.5871849060059 36.590763092041 36.5898399353027
36.6664199829102 36.6671562194824 36.6679840087891 36.6685333251953 36.6689643859863 36.6670379638672 36.6651039123535 36.6631469726562 36.6613082885742 36.6597671508789 36.6558570861816 36.6486930847168 36.6385765075684 36.626049041748 36.6121253967285 36.5975494384766 36.5918579101562 36.5882911682129 36.5874557495117 36.5865287780762 36.5815086364746 36.5759124755859 36.5678863525391 36.5601921081543 36.5532073974609 36.5478553771973 36.5445022583008 36.5431022644043 36.5431289672852 36.5457649230957 36.5494766235352 36.5487518310547 36.5471572875977 36.5442161560059 36.5415802001953 36.5423583984375 36.543758392334 36.5473289489746 36.5514907836914 36.556755065918 36.5635147094727 36.5719108581543 36.5771827697754 36.580436706543 36.5836639404297 36.5868797302246 36.5871925354004
36.6720504760742 36.6730461120605 36.6740837097168 36.6752281188965 36.676326751709 36.6758766174316 36.6754913330078 36.675422668457 36.6750297546387 36.6738624572754 36.6710319519043 36.6659202575684 36.6574363708496 36.6461906433105 36.6319274902344 36.6162376403809 36.6051635742188 36.5951957702637 36.590747833252 36.5865592956543 36.580680847168 36.5743980407715 36.5664215087891 36.5584602355957 36.5505294799805 36.5439033508301 36.538875579834 36.5363502502441 36.5356559753418 36.5388832092285 36.5437393188477 36.5416870117188 36.5382766723633 36.5345726013184 36.5313720703125 36.5332107543945 36.5356559753418 36.540225982666 36.545093536377 36.5505104064941 36.5570793151855 36.5648994445801 36.5706977844238 36.5751914978027 36.579345703125 36.5833854675293 36.5857009887695
