Ecospace-environmental-drivers/Outputs/ASCII-for-ecospace/MOM6-ISIMIP3a/so/1989-05_so_MOM6-ISIMIP3a.asc
NCOLS 131 
NROWS 53 
XLLCORNER -98 
YLLCORNER 23.9265270233154 
CELLSIZE 0.133587792515755 
NODATA_value -9999 
[rows 21 to 41 of 53, columns 0 to 46 of 131]
-9999 -9999 -9999 -9999 -9999 -9999 34.9724998474121 34.9585037231445 34.9165840148926 34.8464851379395 34.7427825927734 34.5978660583496 34.6020927429199 34.614688873291 34.62841796875 34.6434593200684 34.6598854064941 34.6772727966309 34.7238159179688 34.7816200256348 34.831470489502 34.8799133300781 34.9110870361328 34.9428024291992 34.9821472167969 35.022159576416 35.064323425293 35.1080894470215 35.1546440124512 35.197322845459 35.2360038757324 35.2773666381836 35.3203582763672 35.3532485961914 35.3827743530273 35.412654876709 35.442512512207 35.4614219665527 35.4770240783691 35.4715270996094 35.4601097106934 35.4322052001953 35.4020881652832 35.3685531616211 35.348690032959 35.3413734436035 35.3465385437012
-9999 -9999 -9999 -9999 -9999 -9999 34.9754905700684 34.9724998474121 34.9445114135742 34.9028472900391 34.8464851379395 34.7839965820312 34.7531204223633 34.7847900390625 34.8124084472656 34.8353538513184 34.853141784668 34.8673820495605 34.9084358215332 34.9598426818848 35.0120849609375 35.0644760131836 35.0943145751953 35.1231994628906 35.1482582092285 35.174991607666 35.2071533203125 35.2432823181152 35.2863311767578 35.3274459838867 35.3665733337402 35.4071846008301 35.4486999511719 35.4817352294922 35.5119438171387 35.5406799316406 35.5691909790039 35.5947189331055 35.6180076599121 35.6270217895508 35.6306457519531 35.619270324707 35.6044006347656 35.5841331481934 35.5714721679688 35.5657844543457 35.5736312866211
-9999 -9999 -9999 -9999 35.0250968933105 34.996021270752 34.9768981933594 34.9770774841309 34.9724998474121 34.9165191650391 34.8758773803711 34.8939247131348 34.9223136901855 34.9711761474609 35.0123901367188 35.0447769165039 35.0630226135254 35.0715599060059 35.1055297851562 35.1493148803711 35.2045478820801 35.2617950439453 35.290641784668 35.3168411254883 35.3261451721191 35.3379974365234 35.3581008911133 35.3848495483398 35.4231872558594 35.4617691040039 35.500602722168 35.5397148132324 35.5789947509766 35.6119194030762 35.6427230834961 35.6694488525391 35.6956443786621 35.7257919311523 35.7548027038574 35.7765884399414 35.7940406799316 35.7994499206543 35.8006401062012 35.7953109741211 35.791145324707 35.7880439758301 35.7988739013672
-9999 -9999 -9999 -9999 35.0892105102539 35.0382499694824 35.0151443481445 34.9768981933594 34.9818382263184 35.0447082519531 35.1057777404785 35.1599540710449 35.228214263916 35.3243522644043 35.4068183898926 35.4735107421875 35.495288848877 35.4862251281738 35.4991912841797 35.5206680297852 35.5529403686523 35.5871200561523 35.6022911071777 35.6141052246094 35.6013832092285 35.5904235839844 35.5851860046387 35.5894050598145 35.6101303100586 35.633430480957 35.6593780517578 35.6855659484863 35.7118988037109 35.7343902587891 35.7555961608887 35.7768402099609 35.7981338500977 35.8256797790527 35.8533248901367 35.8816108703613 35.9072570800781 35.9255561828613 35.9404678344727 35.950138092041 35.9566383361816 35.9602317810059 35.9740295410156
-9999 -9999 -9999 -9999 -9999 35.0892105102539 35.0717506408691 35.0533905029297 35.0314140319824 35.1939353942871 35.3416938781738 35.4329452514648 35.5383415222168 35.6717338562012 35.7862014770508 35.8788414001465 35.9037551879883 35.8821601867676 35.8768310546875 35.8777809143066 35.8877563476562 35.8993263244629 35.9010963439941 35.8990859985352 35.8673782348633 35.8363609313965 35.8075675964355 35.7900619506836 35.7922439575195 35.7992858886719 35.811336517334 35.8255271911621 35.8410263061523 35.8559188842773 35.8706092834473 35.8886375427246 35.9071807861328 35.9328575134277 35.9595794677734 35.992919921875 36.025032043457 36.0537185668945 36.0797691345215 36.1017532348633 36.1168899536133 36.1257400512695 36.1401672363281
-9999 -9999 -9999 -9999 -9999 35.2031593322754 35.0892105102539 35.1675033569336 35.2574272155762 35.4354286193848 35.6039962768555 35.7364654541016 35.867000579834 35.9937019348145 36.0996246337891 36.181568145752 36.2078742980957 36.195972442627 36.1841926574707 36.1724586486816 36.163028717041 36.1540031433105 36.1435623168945 36.1302070617676 36.0928649902344 36.0538330078125 36.009334564209 35.9736022949219 35.9531784057617 35.9397087097168 35.9333915710449 35.9396553039551 35.9535789489746 35.9733123779297 35.9949836730957 36.0197601318359 36.044979095459 36.0720100402832 36.0997276306152 36.1318016052246 36.1628189086914 36.1908912658691 36.2167816162109 36.2392997741699 36.2541427612305 36.2619361877441 36.266773223877
-9999 -9999 35.451976776123 35.4229507446289 35.3927383422852 35.3172454833984 35.2030258178711 35.3515892028809 35.5154647827148 35.6967391967773 35.8714866638184 36.0212707519531 36.1570167541504 36.2649765014648 36.3524436950684 36.4162673950195 36.4407119750977 36.438117980957 36.4257278442383 36.409553527832 36.3880653381348 36.3656349182129 36.3461647033691 36.3244781494141 36.2838134765625 36.2394981384277 36.1833457946777 36.1324501037598 36.0907325744629 36.0605812072754 36.0423240661621 36.0484275817871 36.0693740844727 36.0983085632324 36.1299057006836 36.159309387207 36.1883773803711 36.2129821777344 36.2379570007324 36.2653274536133 36.292106628418 36.3172378540039 36.340404510498 36.360538482666 36.3729095458984 36.3781585693359 36.3755989074707
-9999.000000000000000 -9999 -9999 -9999 35.5588722229004 35.4682273864746 35.5378074645996 35.6883392333984 35.843376159668 36.001293182373 36.1503105163574 36.2652473449707 36.362720489502 36.4256362915039 36.4730377197266 36.5025405883789 36.5180282592773 36.5238914489746 36.5236358642578 36.5210151672363 36.5034942626953 36.483341217041 36.4617881774902 36.4383430480957 36.3994064331055 36.3557510375977 36.2968063354492 36.237419128418 36.1772689819336 36.1387939453125 36.1226234436035 36.1455268859863 36.1922378540039 36.2398834228516 36.2878379821777 36.3172454833984 36.3439979553223 36.35791015625 36.371997833252 36.3871688842773 36.4028511047363 36.4199562072754 36.434814453125 36.4462013244629 36.4513549804688 36.4507827758789 36.4456367492676
-9999 -9999 -9999 -9999 35.7823524475098 35.8911476135254 35.8332252502441 35.9720001220703 36.1192626953125 36.2446594238281 36.3600578308105 36.4371757507324 36.4982986450195 36.5277824401855 36.5477409362793 36.5567092895508 36.5672073364258 36.5787544250488 36.5866012573242 36.5930137634277 36.5819282531738 36.5677528381348 36.5480651855469 36.526611328125 36.4914207458496 36.4495162963867 36.3858375549316 36.3188552856445 36.2461166381836 36.2065277099609 36.2010498046875 36.2408065795898 36.3081169128418 36.3650169372559 36.4184417724609 36.4423828125 36.4621391296387 36.467170715332 36.4725685119629 36.4802856445312 36.4889793395996 36.5003890991211 36.5090675354004 36.5135231018066 36.5124168395996 36.5061950683594 36.4989204406738
-9999 -9999 -9999 -9999 35.9394149780273 35.9876823425293 36.0472831726074 36.1888732910156 36.3297080993652 36.4110488891602 36.4829063415527 36.5184555053711 36.5456504821777 36.5563087463379 36.5647010803223 36.570484161377 36.5809860229492 36.5947303771973 36.6056060791016 36.6153717041016 36.6138191223145 36.6102714538574 36.5974235534668 36.5826721191406 36.5537757873535 36.5149879455566 36.4441337585449 36.3706855773926 36.2927131652832 36.2610778808594 36.2771224975586 36.3337898254395 36.4152030944824 36.4694633483887 36.5146675109863 36.5262565612793 36.5331344604492 36.5315475463867 36.5310287475586 36.5372734069824 36.5441474914551 36.5527801513672 36.5579490661621 36.5577774047852 36.5516128540039 36.5399513244629 36.5311164855957
-9999 -9999 -9999 -9999 35.9876823425293 36.0598297119141 36.1445198059082 36.3041534423828 36.4627456665039 36.5106544494629 36.5511245727539 36.5631256103516 36.5718460083008 36.5740661621094 36.5777893066406 36.5832443237305 36.5941314697266 36.6087455749512 36.620433807373 36.6309852600098 36.6341896057129 36.6360931396484 36.6283798217773 36.6188011169434 36.5954246520996 36.560619354248 36.48876953125 36.4147415161133 36.3369064331055 36.312858581543 36.3441543579102 36.4070129394531 36.4891014099121 36.538215637207 36.5763397216797 36.582878112793 36.5850105285645 36.5811538696289 36.578483581543 36.583366394043 36.5886039733887 36.5948333740234 36.597038269043 36.5930328369141 36.582633972168 36.5663642883301 36.5562400817871
-9999 -9999 -9999 -9999 36.0640106201172 36.1445198059082 36.3434066772461 36.3432350158691 36.5377349853516 36.5601692199707 36.578369140625 36.5803337097168 36.5821723937988 36.5837478637695 36.5879707336426 36.5952453613281 36.606803894043 36.6212959289551 36.6321258544922 36.641544342041 36.6459121704102 36.6493911743164 36.6455383300781 36.6399765014648 36.6215400695801 36.591365814209 36.5231590270996 36.4529609680176 36.3792991638184 36.3625602722168 36.4043960571289 36.4654121398926 36.5381088256836 36.5802040100098 36.6120948791504 36.619068145752 36.6225547790527 36.6196784973145 36.6176834106445 36.6212882995605 36.6250267028809 36.6291313171387 36.6287803649902 36.6215438842773 36.6075210571289 36.5872764587402 36.5760536193848
-9999 -9999 -9999 -9999 36.1445198059082 36.3992729187012 36.5069198608398 36.581714630127 36.5793418884277 36.5900955200195 36.597957611084 36.5947418212891 36.5928955078125 36.5937576293945 36.598087310791 36.6064186096191 36.6180152893066 36.6318511962891 36.6424751281738 36.65185546875 36.6571998596191 36.6618347167969 36.659553527832 36.6557426452637 36.6404037475586 36.6142044067383 36.5527839660645 36.4892883300781 36.4221725463867 36.4080467224121 36.4484405517578 36.502326965332 36.5644264221191 36.6029663085938 36.6336555480957 36.6442642211914 36.6520347595215 36.6513061523438 36.6509094238281 36.652645111084 36.6548118591309 36.6581802368164 36.65673828125 36.6478691101074 36.631175994873 36.6072998046875 36.592658996582
-9999 -9999 -9999 -9999 -9999 36.5769157409668 36.6022453308105 36.5958061218262 36.6066398620605 36.6116256713867 36.6142692565918 36.6079483032227 36.6037940979004 36.6039123535156 36.6081848144531 36.6172370910645 36.6286010742188 36.6415519714355 36.6522407531738 36.6620597839355 36.6682968139648 36.6739082336426 36.6722259521484 36.6691856384277 36.6561622619629 36.6336479187012 36.5803718566895 36.5248069763184 36.4652557373047 36.4517250061035 36.4855422973633 36.5300331115723 36.5810203552246 36.6174964904785 36.6491355895996 36.6647491455078 36.6780662536621 36.6799736022949 36.6815719604492 36.6811866760254 36.681755065918 36.6849708557129 36.6830711364746 36.6732597351074 36.6543006896973 36.6269493103027 36.6078910827637
-9999 -9999 -9999 -9999 -9999 36.622386932373 36.6215782165527 36.6292190551758 36.6280937194824 36.6276664733887 36.6257972717285 36.6184043884277 36.6134223937988 36.6132164001465 36.6173667907715 36.6265487670898 36.6373672485352 36.6493186950684 36.6603507995605 36.671028137207 36.6788215637207 36.6861000061035 36.684398651123 36.6815299987793 36.6706008911133 36.6513214111328 36.6049880981445 36.556037902832 36.5025329589844 36.4871940612793 36.5111351013184 36.5470428466797 36.5902442932129 36.6237564086914 36.6540374755859 36.6733360290527 36.6910362243652 36.6970634460449 36.7022476196289 36.7020530700684 36.7027397155762 36.7058753967285 36.704418182373 36.6958618164062 36.6765937805176 36.6474952697754 36.6245651245117
-9999 -9999 -9999 -9999 -9999 36.6410751342773 36.6433372497559 36.6397094726562 36.6483383178711 36.6425743103027 36.6363372802734 36.628288269043 36.6227912902832 36.6223411560059 36.6263618469238 36.6355438232422 36.6457595825195 36.6566848754883 36.6681175231934 36.679744720459 36.6892204284668 36.6983184814453 36.6964645385742 36.6936454772949 36.6847648620605 36.6686325073242 36.6289901733398 36.5863838195801 36.5386085510254 36.5209693908691 36.5343437194824 36.561840057373 36.5979423522949 36.628303527832 36.6567535400391 36.6794662475586 36.7013053894043 36.7117576599121 36.7208595275879 36.7213325500488 36.7224922180176 36.7255592346191 36.7247314453125 36.717887878418 36.6987152099609 36.6682243347168 36.641544342041
-9999 -9999 -9999 -9999 -9999 -9999 36.6583137512207 36.6610832214355 36.6604423522949 36.6506538391113 36.6413879394531 36.6341361999512 36.6294593811035 36.6298866271973 36.6341247558594 36.6427574157715 36.6539306640625 36.6668510437012 36.6800918579102 36.6934509277344 36.7032699584961 36.7124633789062 36.7106094360352 36.7078399658203 36.6994819641113 36.6851005554199 36.6511993408203 36.6130599975586 36.5675354003906 36.5484619140625 36.5566062927246 36.5780181884766 36.6075134277344 36.6324615478516 36.655891418457 36.6793823242188 36.7028198242188 36.7177314758301 36.7310943603516 36.7346076965332 36.7379760742188 36.7409477233887 36.7408218383789 36.7359008789062 36.7183380126953 36.6891784667969 36.6611862182617
-9999 -9999 -9999 -9999 -9999 -9999 36.6704444885254 36.6741523742676 36.6714935302734 36.6580085754395 36.6459922790527 36.6396179199219 36.6358489990234 36.6372375488281 36.6418838500977 36.6502799987793 36.6627082824707 36.677906036377 36.6929702758789 36.7079849243164 36.7179107666016 36.7269401550293 36.725025177002 36.7222442626953 36.7142524719238 36.7014503479004 36.6730461120605 36.6391296386719 36.5955924987793 36.5751113891602 36.5783538818359 36.5938491821289 36.6168060302734 36.6364517211914 36.6549987792969 36.6790199279785 36.7037582397461 36.7230529785156 36.7406349182129 36.7473182678223 36.7530250549316 36.7560081481934 36.7566680908203 36.7537384033203 36.738094329834 36.7107772827148 36.681884765625
-9999 -9999 -9999 -9999 -9999 -9999 36.6820297241211 36.6760940551758 36.6752510070801 36.6609191894531 36.6484565734863 36.6431427001953 36.6405296325684 36.6432685852051 36.6501922607422 36.6619415283203 36.6780166625977 36.6970596313477 36.7134971618652 36.7289276123047 36.7371215820312 36.7440376281738 36.7413673400879 36.7378768920898 36.7293243408203 36.7168998718262 36.6919097900391 36.6604766845703 36.617790222168 36.5957794189453 36.5950393676758 36.6052856445312 36.6222229003906 36.6388740539551 36.6554222106934 36.6786079406738 36.7026977539062 36.7255897521973 36.7467575073242 36.7569351196289 36.7654914855957 36.7695541381836 36.7719078063965 36.7716255187988 36.7603988647461 36.739128112793 36.7125549316406
-9999 -9999 -9999 -9999 -9999 36.7138252258301 36.6948280334473 36.6958465576172 36.6772766113281 36.6628570556641 36.6505928039551 36.6465835571289 36.6454048156738 36.6498413085938 36.6596565246582 36.6756744384766 36.6954650878906 36.7178497314453 36.7347373962402 36.7495002746582 36.7556076049805 36.7601852416992 36.7568244934082 36.7526931762695 36.7436065673828 36.7315139770508 36.7096862792969 36.6806335449219 36.6389694213867 36.6154747009277 36.6106758117676 36.6159133911133 36.6272621154785 36.641242980957 36.6560974121094 36.6788635253906 36.7027359008789 36.7286911010742 36.7529296875 36.766242980957 36.7773780822754 36.7824630737305 36.7863464355469 36.7883720397949 36.7815361022949 36.7665672302246 36.743579864502
-9999 -9999 -9999 -9999 36.7462882995605 36.7243003845215 36.7138252258301 36.6935424804688 36.6729507446289 36.6612205505371 36.6515426635742 36.6497116088867 36.6509857177734 36.6584091186523 36.6733589172363 36.6969947814941 36.7207641601562 36.7446250915527 36.7585868835449 36.768726348877 36.7714462280273 36.7728538513184 36.7690353393555 36.7645034790039 36.7549743652344 36.7430725097656 36.7234725952148 36.6964302062988 36.6564025878906 36.6315994262695 36.6224632263184 36.6235656738281 36.6309013366699 36.6434288024902 36.6576919555664 36.681568145752 36.7067909240723 36.7338447570801 36.7592811584473 36.7744293212891 36.7871322631836 36.7930335998535 36.7978324890137 36.8009262084961 36.7983818054199 36.7906684875488 36.7758827209473
