Ecospace-environmental-drivers/Outputs/ASCII-for-ecospace/MOM6-ISIMIP3a/so/1989-09_so_MOM6-ISIMIP3a.asc
NCOLS 131 
NROWS 53 
XLLCORNER -98 
YLLCORNER 23.9265270233154 
CELLSIZE 0.133587792515755 
NODATA_value -9999 
[rows 0 to 20 of 53, columns 47 to 93 of 131]
-9999 -9999 -9999 -9999 -9999 -9999 -9999 -9999 -9999 -9999 -9999 -9999 -9999 -9999 -9999 -9999 -9999 -9999 -9999 -9999 -9999 -9999 -9999 -9999 -9999 -9999 -9999 -9999 -9999 -9999 -9999 -9999 -9999 -9999 -9999 -9999 -9999 -9999 -9999 -9999 -9999 -9999 -9999 -9999 -9999 -9999 -9999
-9999 -9999 -9999 -9999 -9999 -9999 -9999 -9999 -9999 -9999 -9999 -9999 -9999 -9999 -9999 -9999 -9999 -9999 -9999 -9999 -9999 -9999 -9999 -9999 -9999 -9999 -9999 -9999 -9999 -9999 -9999 -9999 -9999 -9999 -9999 -9999 -9999 -9999 -9999 -9999 -9999 -9999 -9999 -9999 -9999 -9999 -9999
-9999 -9999 -9999 -9999 -9999 -9999 -9999 -9999 -9999 -9999 -9999 -9999 -9999 -9999 -9999 -9999 -9999 -9999 -9999 -9999 -9999 -9999 -9999 -9999 -9999 -9999 -9999 31.2860527038574 31.5960540771484 -9999 -9999 -9999 -9999 -9999 -9999 -9999 -9999 -9999 -9999 -9999 -9999 -9999 -9999 -9999 -9999 -9999 -9999
-9999 -9999 -9999 -9999 -9999 -9999 -9999 -9999 -9999 -9999 -9999 -9999 -9999 -9999 -9999 -9999 -9999 -9999 -9999 -9999 -9999 -9999 -9999 -9999 -9999 -9999 -9999 31.2987079620361 31.5987167358398 -9999 -9999 -9999 -9999 -9999 -9999 -9999 -9999 -9999 -9999 -9999 -9999 -9999 -9999 -9999 -9999 -9999 -9999
-9999 -9999 -9999 -9999 -9999 -9999 -9999 -9999 -9999 -9999 -9999 -9999 -9999 -9999 -9999 -9999 -9999 -9999 26.7256336212158 26.8787250518799 27.0011978149414 27.7156105041504 28.337215423584 29.3845062255859 30.1155300140381 30.5894451141357 30.9829978942871 31.3097553253174 31.6033706665039 31.8830242156982 -9999 -9999 32.8585395812988 33.1866188049316 33.4755744934082 33.7365798950195 33.9553871154785 34.1440353393555 34.291748046875 34.402530670166 34.4707069396973 34.4994087219238 -9999 -9999 -9999 -9999 -9999
-9999 -9999 -9999 -9999 -9999 -9999 -9999 -9999 -9999 -9999 -9999 -9999 -9999 -9999 22.0819988250732 -9999 21.8593406677246 21.6823883056641 24.2876720428467 26.7256336212158 26.9093437194824 27.0011978149414 28.4300231933594 29.5804271697998 30.14306640625 30.6230983734131 31.0021724700928 31.3237209320068 31.6033706665039 31.8830223083496 32.1626777648926 32.5117797851562 32.8745346069336 33.1893043518066 33.4960174560547 33.741397857666 33.9723281860352 34.1524353027344 34.3073463439941 34.4154586791992 34.484790802002 34.5118713378906 34.5015678405762 34.4670715332031 -9999 -9999 -9999
-9999 -9999 -9999 -9999 -9999 -9999 -9999 -9999 -9999 -9999 18.8272323608398 18.8708019256592 18.9221744537354 19.1115169525146 20.7116889953613 22.1191387176514 22.0448608398438 21.850772857666 21.6823883056641 24.4549942016602 26.7256336212158 27.0011978149414 28.4300231933594 29.5804271697998 30.14306640625 30.6230983734131 31.0021724700928 31.3237209320068 31.6033706665039 31.8830223083496 32.1626777648926 32.5117797851562 32.8745346069336 33.1893043518066 33.4960174560547 33.741397857666 33.9723281860352 34.1524353027344 34.3073463439941 34.4154586791992 34.484790802002 34.5118713378906 34.5015678405762 34.4670715332031 34.4579544067383 34.6174125671387 -9999
-9999 -9999 -9999 -9999 -9999 -9999 -9999 -9999 -9999 -9999 18.5936317443848 18.8272323608398 18.9143714904785 -9999 19.3952598571777 20.9742679595947 22.193416595459 22.0448608398438 21.8250694274902 21.6823883056641 24.9569625854492 27.8532543182373 29.1664085388184 30.2428588867188 30.8196144104004 31.3107509613037 31.6972484588623 32.0148544311523 32.2822799682617 32.5197944641113 32.7449188232422 33.0173110961914 33.2989883422852 33.5407104492188 33.7768402099609 33.972827911377 34.1581420898438 34.3059120178223 34.4361267089844 34.5337333679199 34.6067199707031 34.6528854370117 34.6625900268555 34.6487045288086 34.6760559082031 34.7182235717773 34.709358215332
-9999 -9999 -9999 -9999 -9999 -9999 -9999 -9999 -9999 -9999 -9999 -9999 -9999 -9999 19.246021270752 19.9382476806641 21.4487972259521 22.3419704437256 22.0448608398438 21.7479572296143 25.5143337249756 28.7837181091309 29.9731388092041 30.9710826873779 31.5648097991943 32.0685768127441 32.4623947143555 32.7743721008301 33.0267333984375 33.2171058654785 33.3818016052246 33.5696411132812 33.7620277404785 33.9235229492188 34.0821151733398 34.2235260009766 34.3583602905273 34.4700736999512 34.5727157592773 34.6585083007812 34.7356071472168 34.8032379150391 34.836009979248 34.8462333679199 34.801383972168 34.7367477416992 34.7046966552734
30.3538150787354 -9999 -9999 -9999 -9999 -9999 -9999 -9999 -9999 -9999 21.0414924621582 18.3541927337646 -9999 -9999 -9999 19.7350463867188 20.9039115905762 22.2181930541992 22.6390800476074 22.9082565307617 26.23703956604 29.1607971191406 30.3894844055176 31.4335899353027 32.0880279541016 32.6142997741699 32.9839324951172 33.2478561401367 33.4347801208496 33.5670318603516 33.6766395568848 33.8032722473145 33.9332542419434 34.0465431213379 34.1577758789062 34.2549285888672 34.3463592529297 34.4176940917969 34.4882659912109 34.5574226379395 34.6403617858887 34.7383232116699 34.8225631713867 34.8979263305664 34.898681640625 34.8726387023926 34.7806434631348
30.1065807342529 30.0700855255127 -9999 -9999 -9999 -9999 -9999 -9999 -9999 -9999 22.2816963195801 20.6076316833496 18.3541927337646 -9999 -9999 19.5243396759033 20.8535671234131 22.3338279724121 23.219633102417 24.1941413879395 27.0540885925293 29.6001358032227 30.8324775695801 31.8922882080078 32.5878677368164 33.1239471435547 33.4650840759277 33.6828117370605 33.8106498718262 33.8908538818359 33.9513320922852 34.0222549438477 34.0952339172363 34.1633987426758 34.2301483154297 34.2847938537598 34.3346366882324 34.3675956726074 34.4070625305176 34.4586219787598 34.5431098937988 34.6634788513184 34.7922172546387 34.9263725280762 34.975658416748 34.994457244873 34.8664855957031
30.1065807342529 29.9970932006836 28.6102333068848 27.1947536468506 -9999 -9999 -9999 -9999 -9999 -9999 -9999 21.6415901184082 20.1290683746338 18.3541927337646 18.8272323608398 19.5243396759033 20.8535671234131 22.3338279724121 24.2198390960693 26.1536331176758 28.3771743774414 30.3734188079834 31.4183959960938 32.3305587768555 32.9623336791992 33.4400978088379 33.729621887207 33.9111251831055 34.0139465332031 34.0746650695801 34.1179504394531 34.1626472473145 34.2076187133789 34.2471694946289 34.2848663330078 34.3064155578613 34.3243789672852 34.3297080993652 34.3432579040527 34.3720741271973 34.4350814819336 34.5353507995605 34.6712265014648 34.8301467895508 34.9436416625977 35.0408172607422 35.0053977966309
30.045654296875 29.1386280059814 28.1161193847656 27.189094543457 -9999 -9999 -9999 -9999 23.5916271209717 22.8549785614014 22.2468585968018 21.8151874542236 20.8627262115479 19.484167098999 19.6374607086182 20.5163555145264 21.8092937469482 23.2011585235596 25.5951881408691 28.0047702789307 29.638650894165 31.1238193511963 31.9866218566895 32.749340057373 33.3007774353027 33.7142791748047 33.9592056274414 34.1138572692871 34.2027473449707 34.2533798217773 34.2881660461426 34.3167953491211 34.3442153930664 34.3632736206055 34.3795051574707 34.371208190918 34.3589630126953 34.3328514099121 34.315486907959 34.3143692016602 34.3478240966797 34.4189491271973 34.5443344116211 34.7048263549805 34.8621826171875 35.0184135437012 35.0750312805176
29.8324031829834 29.0111541748047 28.1052894592285 27.189094543457 26.2790451049805 25.5634803771973 24.8638076782227 24.2449684143066 23.5916271209717 22.8549785614014 22.2468585968018 21.8151874542236 21.5692729949951 21.4753398895264 22.4733009338379 23.9884662628174 25.1543865203857 26.2368602752686 27.9084167480469 29.5850219726562 30.7460956573486 31.8170108795166 32.5106163024902 33.1194076538086 33.5491600036621 33.8835563659668 34.1014099121094 34.2526321411133 34.3553199768066 34.4193458557129 34.4673614501953 34.5053367614746 34.5413398742676 34.5602111816406 34.5739631652832 34.5439109802246 34.5056571960449 34.4385681152344 34.3778038024902 34.3287734985352 34.3124885559082 34.3318710327148 34.4026794433594 34.5067558288574 34.657112121582 34.8240928649902 34.9714813232422
29.6978759765625 28.9554462432861 28.1474418640137 27.3017864227295 26.4592552185059 25.8050479888916 25.169397354126 24.6281261444092 24.0757713317871 23.4966526031494 23.1249198913574 23.037899017334 23.418586730957 24.1819400787354 25.593505859375 27.3121166229248 28.2522811889648 29.0064487457275 30.0279102325439 31.0489330291748 31.7963352203369 32.5011024475098 33.0274391174316 33.4898223876953 33.817195892334 34.0825271606445 34.2720336914062 34.4140014648438 34.5213470458984 34.5928382873535 34.649486541748 34.6923370361328 34.7324752807617 34.7501220703125 34.761604309082 34.7210159301758 34.6664962768555 34.56298828125 34.4603233337402 34.3592376708984 34.2918739318848 34.2612609863281 34.2815818786621 34.3348617553711 34.458194732666 34.6066970825195 34.7921524047852
29.6746463775635 29.0012073516846 28.2645015716553 27.5738048553467 26.8942451477051 26.3881492614746 25.9070339202881 25.55299949646 25.24440574646 25.0455341339111 25.2443981170654 25.9892997741699 26.8835601806641 27.9000225067139 29.1157531738281 30.4258689880371 31.0006809234619 31.3998050689697 31.8734970092773 32.3483581542969 32.765697479248 33.1723213195801 33.5341262817383 33.860725402832 34.1130142211914 34.323486328125 34.4828491210938 34.6073226928711 34.7063903808594 34.776969909668 34.835750579834 34.8771553039551 34.9151382446289 34.9300918579102 34.9396057128906 34.9043426513672 34.8473320007324 34.7138404846191 34.5714111328125 34.4123954772949 34.2920761108398 34.213924407959 34.1895523071289 34.1999740600586 34.2679786682129 34.3566703796387 34.505687713623
30.108772277832 29.5480575561523 28.9376697540283 28.4087181091309 27.8944454193115 27.5514373779297 27.2360744476318 27.0613460540771 26.957145690918 27.0232429504395 27.5036010742188 28.5526809692383 29.5620880126953 30.5390338897705 31.4744930267334 32.3903007507324 32.7343902587891 32.9418754577637 33.1172714233398 33.2931213378906 33.5076675415039 33.7287788391113 33.9773635864258 34.2082557678223 34.4018058776855 34.5669937133789 34.6975135803223 34.8018226623535 34.8870315551758 34.9466819763184 34.9957504272461 35.0221633911133 35.044116973877 35.0464210510254 35.0448989868164 35.0131492614746 34.9553451538086 34.8059387207031 34.6401863098145 34.4440841674805 34.2880363464355 34.1756362915039 34.1174087524414 34.0942306518555 34.1246337890625 34.1742897033691 34.2954559326172
30.9280452728271 30.5168857574463 30.0791492462158 29.7176551818848 29.3706207275391 29.2033138275146 29.0631465911865 29.0610446929932 29.1280841827393 29.3620758056641 29.8804683685303 30.7893047332764 31.578332901001 32.2693367004395 32.8534240722656 33.3868637084961 33.6136016845703 33.7670593261719 33.854248046875 33.9392166137695 34.0581550598145 34.1885948181152 34.3671646118164 34.5360946655273 34.6846694946289 34.8126411437988 34.9154281616211 34.9973068237305 35.0639610290527 35.1042518615723 35.1336288452148 35.1336441040039 35.1278877258301 35.1091537475586 35.0889587402344 35.0591926574707 35.0020332336426 34.848560333252 34.6733283996582 34.4576873779297 34.2804222106934 34.1449661254883 34.06201171875 34.0130271911621 34.0207633972168 34.0488739013672 34.1494216918945
32.1748161315918 31.8908061981201 31.5895557403564 31.3320713043213 31.084114074707 30.972354888916 30.8808898925781 30.8926544189453 30.9624881744385 31.172534942627 31.5621223449707 32.1981964111328 32.736629486084 33.1951789855957 33.5708198547363 33.9071884155273 34.0847282409668 34.2243118286133 34.2944717407227 34.3607864379883 34.440559387207 34.5291481018066 34.6546287536621 34.7743682861328 34.8819847106934 34.9760665893555 35.0536155700684 35.116397857666 35.1684265136719 35.1916656494141 35.2029838562012 35.1772232055664 35.144172668457 35.1058654785156 35.0677604675293 35.0335388183594 34.9731521606445 34.8207550048828 34.6492156982422 34.4421234130859 34.2685203552246 34.1314086914062 34.038459777832 33.9740867614746 33.9619979858398 33.9686889648438 34.048999786377
33.6307983398438 33.4629669189453 33.2805023193359 33.0959815979004 32.9137420654297 32.7987327575684 32.6940689086914 32.6420097351074 32.6322059631348 32.724422454834 32.9035606384277 33.2020225524902 33.4750747680664 33.7273406982422 33.9644813537598 34.1944580078125 34.356143951416 34.5015144348145 34.5894737243652 34.6724739074707 34.7407073974609 34.8113403320312 34.8920059204102 34.9688034057617 35.0374298095703 35.0992622375488 35.1527862548828 35.1981010437012 35.2374305725098 35.2447509765625 35.2388114929199 35.1875762939453 35.1274337768555 35.0702705383301 35.0146293640137 34.9728012084961 34.907283782959 34.7584800720215 34.5970802307129 34.4122848510742 34.254524230957 34.1262245178223 34.0304908752441 33.9558296203613 33.9253082275391 33.91064453125 33.9708938598633
34.5053443908691 34.4196128845215 34.3254089355469 34.2046394348145 34.081413269043 33.9651870727539 33.8541069030762 33.7691764831543 33.711986541748 33.7217826843262 33.7742233276367 33.8852081298828 34.0102996826172 34.1469345092773 34.2954635620117 34.4496269226074 34.578125 34.7004890441895 34.7832412719727 34.8618927001953 34.9205513000488 34.978889465332 35.035888671875 35.0891647338867 35.1345710754395 35.1760330200195 35.2126693725586 35.2470474243164 35.2797813415527 35.2800445556641 35.2668609619141 35.1953392028809 35.1123504638672 35.0373458862305 34.9643020629883 34.9074821472168 34.8331184387207 34.6970558166504 34.5538711547852 34.3974494934082 34.263069152832 34.152702331543 34.0674476623535 33.9984436035156 33.9595756530762 33.9315299987793 33.9667053222656
