Ecospace-environmental-drivers/Outputs/ASCII-for-ecospace/MOM6-ISIMIP3a/so/1991-11_so_MOM6-ISIMIP3a.asc
NCOLS 131 
NROWS 53 
XLLCORNER -98 
YLLCORNER 23.9265270233154 
CELLSIZE 0.133587792515755 
NODATA_value -9999 
[rows 21 to 41 of 53, columns 47 to 93 of 131]
35.1721611022949 35.1005630493164 35.0382194519043 35.0268325805664 35.0218086242676 35.047779083252 35.0787811279297 35.1353797912598 35.2117881774902 35.3360366821289 35.4243316650391 35.4632720947266 35.421703338623 35.3142738342285 35.308967590332 35.3520393371582 35.4285278320312 35.512996673584 35.6078567504883 35.7022933959961 35.7802124023438 35.8587112426758 35.9396362304688 36.007209777832 36.0466003417969 36.0628509521484 36.0508193969727 36.0063896179199 35.938362121582 35.8673248291016 35.7950477600098 35.7524223327637 35.7156257629395 35.7168273925781 35.721866607666 35.7506065368652 35.7823791503906 35.8248100280762 35.872428894043 35.9296798706055 35.9856872558594 36.040340423584 36.0576591491699 36.0508193969727 36.0156555175781 35.9703140258789 35.9555397033691
35.4198951721191 35.356689453125 35.3059196472168 35.2965240478516 35.291919708252 35.3023796081543 35.3163146972656 35.347900390625 35.3967056274414 35.4870796203613 35.560619354248 35.6110420227051 35.5978164672852 35.5325164794922 35.5176963806152 35.5267868041992 35.5731468200684 35.6284103393555 35.699146270752 35.7709045410156 35.842113494873 35.9132919311523 35.9843368530273 36.045654296875 36.0864295959473 36.1072425842285 36.1036567687988 36.0592575073242 35.9851303100586 35.8949699401855 35.7981643676758 35.7453346252441 35.7011489868164 35.7088966369629 35.7219848632812 35.7684860229492 35.8185729980469 35.8812713623047 35.9456253051758 36.0130615234375 36.0742492675781 36.1286277770996 36.1457061767578 36.1386489868164 36.0969581604004 36.0428276062012 36.0036506652832
35.6594772338867 35.6014022827148 35.5580024719238 35.5477142333984 35.5409164428711 35.5368614196777 35.5349006652832 35.5436019897461 35.5656929016113 35.6201133728027 35.6775894165039 35.7392654418945 35.7541236877441 35.7306785583496 35.7100563049316 35.6907691955566 35.7100219726562 35.7384834289551 35.7859725952148 35.8356781005859 35.8985404968262 35.9611434936523 36.0226554870605 36.0783729553223 36.1218452453613 36.1482543945312 36.15380859375 36.1107215881348 36.0322074890137 35.9243431091309 35.804328918457 35.7417945861816 35.690559387207 35.7051544189453 35.7265853881836 35.7910194396973 35.8593444824219 35.9413719177246 36.0212745666504 36.0972366333008 36.1620445251465 36.2146949768066 36.2311363220215 36.2241439819336 36.1771926879883 36.1158828735352 36.0539741516113
35.8585510253906 35.8004760742188 35.7515678405762 35.7335739135742 35.7192764282227 35.7192306518555 35.7194137573242 35.7207717895508 35.7294769287109 35.7559204101562 35.7907600402832 35.8371238708496 35.8520660400391 35.8413009643555 35.8290367126465 35.8160629272461 35.8229560852051 35.8345985412598 35.8636093139648 35.8949012756348 35.9420433044434 35.9906158447266 36.045166015625 36.0973167419434 36.144401550293 36.1733131408691 36.1800155639648 36.1402854919434 36.0667343139648 35.9586601257324 35.8362922668457 35.771240234375 35.717456817627 35.7428436279297 35.7757759094238 35.8537635803223 35.9331932067871 36.017692565918 36.0973205566406 36.167911529541 36.2256240844727 36.2693023681641 36.2803077697754 36.2701683044434 36.2228813171387 36.1622505187988 36.0970840454102
36.0463256835938 35.9933090209961 35.944881439209 35.922435760498 35.9034614562988 35.9063148498535 35.9078254699707 35.9025001525879 35.8994979858398 35.9021072387695 35.9158706665039 35.9449462890625 35.9568824768066 35.9547920227051 35.9482612609863 35.9396286010742 35.9355812072754 35.9326362609863 35.9451522827148 35.9598731994629 35.9912528991699 36.0252952575684 36.0704956054688 36.1174011230469 36.1679077148438 36.1986351013184 36.2051963806152 36.1681022644043 36.0992164611816 35.993968963623 35.873664855957 35.8105964660645 35.7587814331055 35.7946090698242 35.8381118774414 35.9248390197754 36.010929107666 36.0947761535645 36.1721611022949 36.2375450134277 36.2880058288574 36.3222007751465 36.3266754150391 36.3119125366211 36.2637557983398 36.2035980224609 36.1366996765137
36.1845397949219 36.1587562561035 36.1371116638184 36.1244583129883 36.1131744384766 36.1140747070312 36.1133308410645 36.1042060852051 36.0968589782715 36.0937995910645 36.0933456420898 36.0964775085449 36.0918502807617 36.0808792114258 36.0685653686523 36.0556144714355 36.0468482971191 36.0390777587891 36.043815612793 36.0500411987305 36.0654716491699 36.0828170776367 36.1082000732422 36.1424865722656 36.1955795288086 36.2251243591309 36.225887298584 36.1882743835449 36.1227111816406 36.0336074829102 35.934757232666 35.8934173583984 35.8633766174316 35.9081077575684 35.9580993652344 36.0324401855469 36.1057167053223 36.1752243041992 36.2417144775391 36.302604675293 36.3451194763184 36.3676147460938 36.3607521057129 36.3348922729492 36.2834968566895 36.2229270935059 36.1609916687012
36.3125114440918 36.3079071044922 36.3067893981934 36.3022232055664 36.2974433898926 36.29638671875 36.2937545776367 36.2830963134766 36.273063659668 36.2645378112793 36.2530899047852 36.2376289367676 36.2201766967773 36.2010917663574 36.1832160949707 36.1659164428711 36.152229309082 36.139404296875 36.1355361938477 36.1325950622559 36.1342315673828 36.1382369995117 36.152172088623 36.1772003173828 36.2256355285645 36.2493629455566 36.2428932189941 36.2056083679199 36.1458778381348 36.0761222839355 36.0022201538086 35.9814414978027 35.9711036682129 36.0199737548828 36.0720901489258 36.134449005127 36.1957130432129 36.253116607666 36.3089218139648 36.361759185791 36.3946228027344 36.4057273864746 36.3883247375488 36.3524703979492 36.2985420227051 36.2381248474121 36.1804351806641
36.4181442260742 36.4215049743652 36.4272651672363 36.427074432373 36.426197052002 36.4231719970703 36.4194526672363 36.4122085571289 36.4031181335449 36.3895683288574 36.3741416931152 36.356143951416 36.3340110778809 36.3084907531738 36.2855377197266 36.263801574707 36.2447662353516 36.2263717651367 36.212100982666 36.1985359191895 36.1910820007324 36.1890716552734 36.2098350524902 36.2329177856445 36.2608871459961 36.2686920166016 36.2518577575684 36.2167472839355 36.168327331543 36.1249122619629 36.0835723876953 36.0808219909668 36.0856552124023 36.1282920837402 36.1729965209961 36.2242469787598 36.275260925293 36.3254470825195 36.371021270752 36.408031463623 36.4275169372559 36.4279136657715 36.4016952514648 36.3582572937012 36.3033447265625 36.2443084716797 36.1892967224121
36.5055046081543 36.5127296447754 36.5210380554199 36.5235176086426 36.5251998901367 36.5215301513672 36.5174407958984 36.5112380981445 36.5016441345215 36.4838714599609 36.4647483825684 36.4437789916992 36.4179267883301 36.3880844116211 36.3606567382812 36.3343696594238 36.3110046386719 36.2883338928223 36.2692642211914 36.2510223388672 36.2412490844727 36.2373046875 36.257755279541 36.2749633789062 36.2853164672852 36.2808723449707 36.2583503723145 36.229061126709 36.1948432922363 36.1739349365234 36.1585350036621 36.1688003540039 36.1841125488281 36.2217178344727 36.260440826416 36.3020896911621 36.3433227539062 36.3831176757812 36.4171333312988 36.4404182434082 36.4493865966797 36.4427528381348 36.4109992980957 36.3629875183105 36.3067665100098 36.2475891113281 36.1949691772461
36.5698699951172 36.5758018493652 36.581226348877 36.5842247009277 36.586784362793 36.5841293334961 36.5805702209473 36.5724182128906 36.5605049133301 36.5395126342773 36.5170478820801 36.4925575256348 36.4642066955566 36.4326972961426 36.4015464782715 36.3705711364746 36.3441543579102 36.3188285827637 36.3020095825195 36.2865867614746 36.2830047607422 36.2822647094727 36.2934188842773 36.2998085021973 36.2961273193359 36.2840576171875 36.2617301940918 36.242847442627 36.2264785766602 36.2232475280762 36.225456237793 36.2424392700195 36.2623252868652 36.2964096069336 36.3309516906738 36.3648872375488 36.3969306945801 36.4223403930664 36.4431304931641 36.4553451538086 36.457389831543 36.4483528137207 36.4151802062988 36.3663940429688 36.3084487915039 36.2472152709961 36.1966209411621
36.6069564819336 36.6114311218262 36.6148338317871 36.6173477172852 36.6196212768555 36.6178207397461 36.6148796081543 36.6061553955078 36.593147277832 36.5697860717773 36.5442085266113 36.5155830383301 36.483699798584 36.4491577148438 36.4154663085938 36.3821792602539 36.356616973877 36.3329010009766 36.3204536437988 36.3095092773438 36.3092041015625 36.3097305297852 36.313720703125 36.3133697509766 36.3038673400879 36.2921600341797 36.2777557373047 36.2702178955078 36.2676849365234 36.2759246826172 36.2886238098145 36.3079032897949 36.3284759521484 36.3556289672852 36.3826942443848 36.4065628051758 36.4286003112793 36.444206237793 36.4564628601074 36.4625129699707 36.4614334106445 36.4525871276855 36.4230346679688 36.3800773620605 36.3235130310059 36.2620620727539 36.2095718383789
36.6235771179199 36.6264686584473 36.6285095214844 36.6297836303711 36.6309013366699 36.6298332214355 36.6275787353516 36.6193161010742 36.6061248779297 36.5810317993164 36.5525093078613 36.519287109375 36.4831047058105 36.4445037841797 36.4091529846191 36.3753433227539 36.3535652160645 36.334659576416 36.3281669616699 36.322940826416 36.3237419128418 36.3240814208984 36.3224945068359 36.318473815918 36.3093070983887 36.303955078125 36.3032684326172 36.3077774047852 36.3160705566406 36.3311233520508 36.3489761352539 36.3672370910645 36.3855781555176 36.4032440185547 36.4203605651855 36.4323997497559 36.4438171386719 36.4530487060547 36.4602966308594 36.4638595581055 36.4625091552734 36.4557991027832 36.4336357116699 36.4014701843262 36.3486137390137 36.2883224487305 36.2309989929199
36.6287879943848 36.630443572998 36.6315536499023 36.632137298584 36.6326065063477 36.6316070556641 36.6294898986816 36.621696472168 36.6081962585449 36.5809211730957 36.5480537414551 36.5075149536133 36.4664001464844 36.4248199462891 36.3912506103516 36.3614768981934 36.3459510803223 36.3338279724121 36.3318176269531 36.3307151794434 36.3326568603516 36.3342628479004 36.3344535827637 36.3336067199707 36.33056640625 36.3324699401855 36.3404159545898 36.3504791259766 36.3620796203613 36.376220703125 36.3914108276367 36.4044723510742 36.4171142578125 36.4277496337891 36.4379081726074 36.4441108703613 36.450252532959 36.4561614990234 36.4609298706055 36.4635772705078 36.4631958007812 36.4595108032227 36.445556640625 36.4249534606934 36.382999420166 36.3333740234375 36.2741203308105
36.6291122436523 36.6296730041504 36.6300468444824 36.6301651000977 36.6302108764648 36.6289939880371 36.6267738342285 36.6194534301758 36.6055946350098 36.5759429931641 36.5381278991699 36.4891128540039 36.442798614502 36.3986930847168 36.3683776855469 36.3446006774902 36.3363838195801 36.3318862915039 36.3337287902832 36.3360595703125 36.3391647338867 36.3426551818848 36.3477783203125 36.3530426025391 36.3586044311523 36.3681449890137 36.3825492858887 36.3953819274902 36.4070739746094 36.4169845581055 36.4261627197266 36.4322357177734 36.4376945495605 36.4423561096191 36.4468269348145 36.4497680664062 36.4529190063477 36.4568138122559 36.4601860046387 36.462589263916 36.4637107849121 36.463436126709 36.4580421447754 36.449333190918 36.4213638305664 36.386474609375 36.3265419006348
36.6275901794434 36.6273651123047 36.6270332336426 36.6268920898438 36.6267356872559 36.6257057189941 36.6237335205078 36.6169548034668 36.6040229797363 36.576244354248 36.5362815856934 36.4796028137207 36.4289016723633 36.3830909729004 36.3561668395996 36.3381805419922 36.3344573974609 36.3341407775879 36.3389854431152 36.3444480895996 36.3537178039551 36.3633689880371 36.3746070861816 36.3849868774414 36.3935623168945 36.4032516479492 36.414306640625 36.4227256774902 36.4292182922363 36.434268951416 36.438720703125 36.4414024353027 36.443733215332 36.4461822509766 36.4485816955566 36.4504508972168 36.4525451660156 36.455436706543 36.458137512207 36.4604873657227 36.4622955322266 36.4635124206543 36.4620895385742 36.4589614868164 36.4436683654785 36.4240036010742 36.3797302246094
36.6256904602051 36.6247406005859 36.6237106323242 36.623348236084 36.6230354309082 36.6222763061523 36.6206207275391 36.6143989562988 36.602668762207 36.57763671875 36.5361099243164 36.4719352722168 36.4170188903809 36.3696708679199 36.3461532592773 36.333927154541 36.334114074707 36.3372650146484 36.3449363708496 36.3534622192383 36.3699340820312 36.3866271972656 36.4042282104492 36.4195213317871 36.4299468994141 36.4382400512695 36.443920135498 36.4464302062988 36.4466323852539 36.4466934204102 36.4466896057129 36.4467239379883 36.4467620849609 36.4477806091309 36.4488563537598 36.4501037597656 36.4515419006348 36.4536399841309 36.4558181762695 36.4581527709961 36.4604797363281 36.4627914428711 36.4643936157227 36.4655342102051 36.462646484375 36.4583129882812 36.4330787658691
36.6218185424805 36.6199264526367 36.6179847717285 36.6171798706055 36.6165237426758 36.6167182922363 36.6161193847656 36.6115112304688 36.6018676757812 36.5800590515137 36.5413017272949 36.4792823791504 36.4228477478027 36.3709831237793 36.3476943969727 36.3379440307617 36.3411674499512 36.3474922180176 36.3606834411621 36.3747673034668 36.3949775695801 36.4141693115234 36.4290885925293 36.4410972595215 36.4469604492188 36.451099395752 36.4531326293945 36.4530944824219 36.4515533447266 36.4499244689941 36.4482612609863 36.4466590881348 36.4450721740723 36.4454002380371 36.4458541870117 36.4468154907227 36.4479598999023 36.4497680664062 36.451774597168 36.4541511535645 36.4565544128418 36.4589805603027 36.4616622924805 36.4645118713379 36.4643821716309 36.4631805419922 36.4506492614746
36.617546081543 36.6147689819336 36.6119804382324 36.610767364502 36.6097946166992 36.6109046936035 36.6113586425781 36.6084518432617 36.6009216308594 36.5822257995605 36.5465431213379 36.4875411987305 36.4299354553223 36.3734741210938 36.3502464294434 36.3427658081055 36.3491287231445 36.3587989807129 36.3773727416992 36.3968124389648 36.4198951721191 36.4407653808594 36.4523773193359 36.4606399536133 36.4618263244629 36.4619064331055 36.4606285095215 36.4583778381348 36.4554176330566 36.452278137207 36.4490623474121 36.445972442627 36.4429092407227 36.4427146911621 36.442699432373 36.4434509277344 36.4443740844727 36.4458999633789 36.4477348327637 36.4501495361328 36.4525756835938 36.4550132751465 36.458610534668 36.4629592895508 36.465015411377 36.466251373291 36.4652099609375
36.609935760498 36.6069488525391 36.6041717529297 36.6029815673828 36.6020393371582 36.6034240722656 36.6044578552246 36.603687286377 36.5981712341309 36.5812034606934 36.5497283935547 36.498348236084 36.4419479370117 36.3814468383789 36.3580703735352 36.3522758483887 36.3632583618164 36.378246307373 36.3994445800781 36.4208564758301 36.4392433166504 36.4552230834961 36.4611320495605 36.4646453857422 36.4631004333496 36.4614334106445 36.4596252441406 36.4570770263672 36.4539909362793 36.4496002197266 36.4446678161621 36.4411849975586 36.43798828125 36.4386558532715 36.4395027160645 36.4407348632812 36.4419441223145 36.4430656433105 36.4446105957031 36.4469337463379 36.4490356445312 36.4509010314941 36.4545478820801 36.4593505859375 36.4621543884277 36.4642448425293 36.464786529541
36.6025047302246 36.5995979309082 36.5970611572266 36.5959510803223 36.5950813293457 36.5966606140137 36.59814453125 36.5991554260254 36.5953636169434 36.5799827575684 36.5523567199707 36.5079116821289 36.452880859375 36.3891906738281 36.3660621643066 36.3621444702148 36.3777313232422 36.3979835510254 36.4207992553711 36.443187713623 36.4567565917969 36.467887878418 36.4688110351562 36.4680938720703 36.4639129638672 36.4604759216309 36.4579467773438 36.4549560546875 36.4516258239746 36.4462013244629 36.4399147033691 36.4359664916992 36.4324798583984 36.4342803955078 36.4362678527832 36.4381523132324 36.4398040771484 36.4406356811523 36.441951751709 36.4441719055176 36.4460678100586 36.4476089477539 36.4513053894043 36.4563980102539 36.4598426818848 36.4626998901367 36.4644317626953
36.5957412719727 36.5939712524414 36.5924911499023 36.5916938781738 36.5910491943359 36.5925254821777 36.5940017700195 36.5954933166504 36.592357635498 36.578052520752 36.5529251098633 36.5129318237305 36.4598617553711 36.3960952758789 36.3746795654297 36.3733253479004 36.3934745788574 36.4187660217285 36.4395484924316 36.4592399597168 36.4675521850586 36.4739875793457 36.4725532531738 36.4695014953613 36.4630470275879 36.4577293395996 36.4538040161133 36.4498291015625 36.4458236694336 36.4401702880859 36.433837890625 36.4291572570801 36.4248008728027 36.4287414550781 36.4328918457031 36.4360694885254 36.4387435913086 36.4396629333496 36.440990447998 36.4430656433105 36.4451789855957 36.4473342895508 36.4510803222656 36.4558563232422 36.4595375061035 36.4628257751465 36.4643402099609
