Ecospace-environmental-drivers/Outputs/ASCII-for-ecospace/MOM6-ISIMIP3a/so/1995-11_so_MOM6-ISIMIP3a.asc
NCOLS 131 
NROWS 53 
XLLCORNER -98 
YLLCORNER 23.9265270233154 
CELLSIZE 0.133587792515755 
NODATA_value -9999 
[rows 21 to 41 of 53, columns 0 to 46 of 131]
-9999 -9999 -9999 -9999 -9999 -9999 34.4995269775391 34.4865264892578 34.4506950378418 34.3901557922363 34.2990226745605 34.1491241455078 34.1354866027832 34.094856262207 34.0912399291992 34.1303291320801 34.1711235046387 34.2130889892578 34.2969970703125 34.3970985412598 34.5055389404297 34.6154441833496 34.712329864502 34.809627532959 34.9127311706543 35.0134963989258 35.1066780090332 35.1919250488281 35.2633247375488 35.3107604980469 35.3335342407227 35.3619194030762 35.3937225341797 35.430965423584 35.4700241088867 35.5064506530762 35.542652130127 35.5985527038574 35.6511383056641 35.6826286315918 35.7104263305664 35.7279434204102 35.7316131591797 35.7138862609863 35.6565475463867 35.5628509521484 35.4696502685547
-9999 -9999 -9999 -9999 -9999 -9999 34.5021133422852 34.4995269775391 34.4735260009766 34.4395713806152 34.3901557922363 34.3577842712402 34.3430633544922 34.3632621765137 34.3993797302246 34.4538612365723 34.499153137207 34.5381278991699 34.6027641296387 34.6773109436035 34.7640533447266 34.8529510498047 34.9265632629395 35.0015029907227 35.0902709960938 35.1766929626465 35.255500793457 35.3274612426758 35.3874702453613 35.4326820373535 35.4626617431641 35.4963455200195 35.5322799682617 35.5738296508789 35.6172523498535 35.6496276855469 35.680591583252 35.7272186279297 35.7704277038574 35.7918739318848 35.8114280700684 35.8256988525391 35.8281517028809 35.8123397827148 35.7633247375488 35.6838264465332 35.6112060546875
-9999 -9999 -9999 -9999 34.5614967346191 34.5238075256348 34.5036125183105 34.5031967163086 34.4995269775391 34.4475212097168 34.421085357666 34.4925231933594 34.5657577514648 34.6425437927246 34.7131195068359 34.776538848877 34.8219451904297 34.8549919128418 34.8972091674805 34.9429702758789 35.0057334899902 35.0714988708496 35.1210250854492 35.1730079650879 35.2483978271484 35.3210868835449 35.3850135803223 35.4435806274414 35.492790222168 35.5364646911621 35.5744400024414 35.6144485473633 35.6556968688965 35.7027931213379 35.751838684082 35.7820053100586 35.8096351623535 35.846923828125 35.8806266784668 35.8915138244629 35.9022369384766 35.9125099182129 35.912971496582 35.8982620239258 35.8572044372559 35.7919654846191 35.7397651672363
-9999 -9999 -9999 -9999 34.6465835571289 34.5719795227051 34.5439987182617 34.5036125183105 34.5064506530762 34.5425758361816 34.5942153930664 34.7052459716797 34.802001953125 34.8704986572266 34.9264183044434 34.967830657959 34.9990463256836 35.0232582092285 35.0559158325195 35.0918350219727 35.1443519592285 35.1997947692871 35.2334136962891 35.2711944580078 35.3476638793945 35.4166259765625 35.461238861084 35.5040550231934 35.5437431335449 35.5823059082031 35.6197166442871 35.6595573425293 35.7008857727051 35.7465286254883 35.7936096191406 35.8364486694336 35.8787155151367 35.9235992431641 35.9638595581055 35.974666595459 35.9839057922363 35.9887847900391 35.9827117919922 35.9597129821777 35.9191284179688 35.8624076843262 35.8198661804199
-9999 -9999 -9999 -9999 -9999 34.6465835571289 34.5937194824219 34.5843887329102 34.5334892272949 34.653434753418 34.7763366699219 34.9105415344238 35.0192451477051 35.0774803161621 35.1199798583984 35.1443290710449 35.1656188964844 35.184814453125 35.2099189758301 35.2373085021973 35.279842376709 35.3250465393066 35.3476829528809 35.3752326965332 35.4478721618652 35.5102157592773 35.5391731262207 35.5689010620117 35.5999717712402 35.6331100463867 35.6683692932129 35.7061920166016 35.7455711364746 35.7893218994141 35.834529876709 35.8878974914551 35.9423713684082 35.993709564209 36.0398101806641 36.0525741577148 36.0622100830078 36.0631332397461 36.0519752502441 36.0221519470215 35.9823188781738 35.9333076477051 35.8986511230469
-9999 -9999 -9999 -9999 -9999 34.6487846374512 34.6465835571289 34.6402931213379 34.6487197875977 34.8335990905762 34.9978713989258 35.0832633972168 35.1531867980957 35.192497253418 35.2270011901855 35.2559547424316 35.2860565185547 35.3169441223145 35.3433036804199 35.3679122924805 35.4016304016113 35.4369583129883 35.4702110290527 35.5049285888672 35.5522117614746 35.5952644348145 35.6246185302734 35.6529121398926 35.6793556213379 35.7056694030762 35.7318458557129 35.7595024108887 35.7880592346191 35.8279876708984 35.8717041015625 35.9262428283691 35.9822540283203 36.0350112915039 36.0838241577148 36.1074981689453 36.1257705688477 36.1290130615234 36.1191177368164 36.0889091491699 36.0510597229004 36.0062026977539 35.9716796875
-9999 -9999 34.6498641967773 34.6506042480469 34.6524429321289 34.6509857177734 34.6487808227539 34.7006454467773 34.7679748535156 34.9832649230957 35.1651420593262 35.2191505432129 35.2657737731934 35.297794342041 35.3295631408691 35.3610382080078 35.3962593078613 35.4340476989746 35.4628639221191 35.4882125854492 35.5127258300781 35.5370979309082 35.5797348022461 35.6210670471191 35.6482009887695 35.6761322021484 35.7066535949707 35.7352447509766 35.7604637145996 35.7822227478027 35.8004188537598 35.8192901611328 35.8385734558105 35.8748359680176 35.9167556762695 35.9698753356934 36.024528503418 36.0774078369141 36.1274299621582 36.1592712402344 36.1836585998535 36.1872940063477 36.177619934082 36.1473770141602 36.1118812561035 36.0715675354004 36.0377731323242
-9999.000000000000000 -9999 -9999 -9999 34.6483840942383 34.6539001464844 34.6552429199219 34.7707023620605 34.8960113525391 35.0663833618164 35.2140235900879 35.2746734619141 35.3317794799805 35.3818778991699 35.4223937988281 35.4518508911133 35.4841423034668 35.5183753967285 35.5522651672363 35.5860214233398 35.6004867553711 35.6115493774414 35.6608734130859 35.7076301574707 35.7259826660156 35.7478790283203 35.7812576293945 35.8139228820801 35.845344543457 35.8675003051758 35.8801155090332 35.8932075500488 35.9065895080566 35.9395332336426 35.9789924621582 36.0250473022461 36.0720367431641 36.1221885681152 36.1701507568359 36.2041778564453 36.2291641235352 36.2289772033691 36.2172698974609 36.1877593994141 36.1554298400879 36.1205062866211 36.0887413024902
-9999 -9999 -9999 -9999 34.6410026550293 34.6402702331543 34.6471290588379 34.8192481994629 34.9967308044434 35.1351509094238 35.2588920593262 35.3264503479004 35.393424987793 35.4592552185059 35.5077743530273 35.5363235473633 35.5673370361328 35.600040435791 35.6331253051758 35.6663551330566 35.6758346557617 35.6811256408691 35.7292861938477 35.7749214172363 35.7916793823242 35.8124580383301 35.8462562561035 35.879997253418 35.913631439209 35.936637878418 35.9487075805664 35.9605407714844 35.9722290039062 36.002067565918 36.0379524230957 36.077465057373 36.1175575256348 36.1683540344238 36.2167701721191 36.2500419616699 36.2733459472656 36.2688865661621 36.2549438476562 36.2263374328613 36.1962547302246 36.1648178100586 36.1346321105957
-9999 -9999 -9999 -9999 34.6345520019531 34.6288375854492 34.6217803955078 34.8407249450684 35.0630760192871 35.1858673095703 35.2987174987793 35.3735198974609 35.4495964050293 35.5281944274902 35.5837783813477 35.6128158569336 35.6446304321289 35.678352355957 35.7032318115234 35.7246971130371 35.7355651855469 35.7445640563965 35.781681060791 35.8179664611816 35.8421783447266 35.8680229187012 35.8991737365723 35.9302062988281 35.9610404968262 35.9854736328125 36.0033264160156 36.0195846557617 36.0348739624023 36.0618782043457 36.0927925109863 36.1264228820801 36.1605834960938 36.2162628173828 36.2682952880859 36.2971153259277 36.315860748291 36.3065643310547 36.2901229858398 36.2626457214355 36.2336654663086 36.203296661377 36.1741371154785
-9999 -9999 -9999 -9999 34.6288375854492 34.6202926635742 34.6102638244629 34.8547782897949 35.1018981933594 35.2286758422852 35.3465194702148 35.4301567077637 35.5141754150391 35.5989456176758 35.6599922180176 35.6936721801758 35.7265739440918 35.7589378356934 35.7777709960938 35.7913780212402 35.8060684204102 35.8209533691406 35.8478927612305 35.874698638916 35.8981552124023 35.9221649169922 35.9479484558105 35.9744720458984 36.0022850036621 36.0265464782715 36.0471611022949 36.0659561157227 36.0836448669434 36.1083564758301 36.1354026794434 36.1693458557129 36.204418182373 36.2644157409668 36.3193664550781 36.342170715332 36.3563766479492 36.3466491699219 36.3313522338867 36.3074531555176 36.2815704345703 36.2538757324219 36.226806640625
-9999 -9999 -9999 -9999 34.6197967529297 34.6102638244629 34.8562622070312 34.8632583618164 35.1200752258301 35.2655563354492 35.4003028869629 35.493968963623 35.5850601196289 35.6710548400879 35.7363624572754 35.7778015136719 35.8120040893555 35.841236114502 35.8556365966797 35.8643074035645 35.884651184082 35.9070587158203 35.9244689941406 35.9416923522949 35.9582481384277 35.9752349853516 35.9936180114746 36.014274597168 36.0389060974121 36.0617980957031 36.0829048156738 36.1028213500977 36.122013092041 36.1448249816895 36.1688461303711 36.2077407836914 36.2488555908203 36.3127555847168 36.3701019287109 36.3857154846191 36.395393371582 36.388542175293 36.3771209716797 36.3586273193359 36.3373565673828 36.3135261535645 36.2893562316895
-9999 -9999 -9999 -9999 34.6102638244629 34.8924293518066 35.0154037475586 35.0967407226562 35.1129455566406 35.28857421875 35.4490013122559 35.5512542724609 35.6469879150391 35.7298126220703 35.7997932434082 35.8549461364746 35.8954010009766 35.9257621765137 35.937183380127 35.941291809082 35.9599227905273 35.9811210632324 35.9945526123047 36.0076942443848 36.0198287963867 36.032470703125 36.0467681884766 36.0635833740234 36.0847969055176 36.1047554016113 36.123420715332 36.1414642333984 36.1591262817383 36.1797332763672 36.2013168334961 36.2433242797852 36.2882766723633 36.3502960205078 36.4054679870605 36.4170188903809 36.424503326416 36.4206657409668 36.4133377075195 36.4006118774414 36.3857574462891 36.3689460754395 36.3510398864746
-9999 -9999 -9999 -9999 -9999 35.062198638916 35.0877876281738 35.0862159729004 35.094970703125 35.3056488037109 35.4955215454102 35.6057434082031 35.7050743103027 35.7828521728516 35.8576774597168 35.9290962219238 35.9779281616211 36.0112457275391 36.0203132629395 36.0200119018555 36.0337753295898 36.0500183105469 36.0618515014648 36.0732688903809 36.0820426940918 36.0914916992188 36.1031227111816 36.1169624328613 36.1346626281738 36.1510124206543 36.1659736633301 36.1808624267578 36.1957054138184 36.2139701843262 36.2333717346191 36.277702331543 36.3255500793457 36.3832130432129 36.4342460632324 36.4430770874023 36.4493713378906 36.448600769043 36.4454612731934 36.4386558532715 36.4309959411621 36.422550201416 36.412353515625
-9999 -9999 -9999 -9999 -9999 35.0924339294434 35.0834083557129 35.0804061889648 35.0986404418945 35.3349304199219 35.5457077026367 35.6588478088379 35.7574882507324 35.8274383544922 35.9011344909668 35.9791564941406 36.0373191833496 36.081844329834 36.0946235656738 36.0951385498047 36.1012687683105 36.1083869934082 36.1158180236816 36.1234703063965 36.1329078674316 36.1428565979004 36.1544647216797 36.1677055358887 36.1837959289551 36.1987724304199 36.2125968933105 36.2262954711914 36.239917755127 36.2573471069336 36.2760467529297 36.3131408691406 36.3528480529785 36.402027130127 36.4456748962402 36.4540824890137 36.4602584838867 36.4602241516113 36.4587287902832 36.4549751281738 36.4516868591309 36.4488220214844 36.4432525634766
-9999 -9999 -9999 -9999 -9999 35.1218643188477 35.1061019897461 35.0835990905762 35.1067886352539 35.3667335510254 35.5966567993164 35.7116661071777 35.8087272644043 35.8702735900879 35.9416084289551 36.0242347717285 36.091926574707 36.1493644714355 36.1671104431152 36.1695251464844 36.1674461364746 36.1645736694336 36.1670265197754 36.1704902648926 36.1814193725586 36.1926345825195 36.2047653198242 36.2178993225098 36.2327842712402 36.2468452453613 36.2600593566895 36.2729759216309 36.2857093811035 36.302619934082 36.3209228515625 36.348804473877 36.3780822753906 36.4179267883301 36.4535140991211 36.461971282959 36.4682502746582 36.4684715270996 36.4680976867676 36.4668006896973 36.4672966003418 36.4694404602051 36.4678649902344
-9999 -9999 -9999 -9999 -9999 -9999 35.1760787963867 35.1543006896973 35.1757659912109 35.4393615722656 35.6693267822266 35.7705917358398 35.8571891784668 35.9147567749023 35.9838218688965 36.0661506652832 36.1338157653809 36.19140625 36.214786529541 36.2249526977539 36.2232131958008 36.2193717956543 36.2145118713379 36.2110939025879 36.2198944091797 36.2293739318848 36.2410469055176 36.2535438537598 36.2674789428711 36.2819404602051 36.2969436645508 36.3136558532715 36.331413269043 36.3463401794434 36.3603286743164 36.3757514953613 36.391487121582 36.4226341247559 36.4506225585938 36.4584808349609 36.463737487793 36.4617462158203 36.4600219726562 36.4587020874023 36.460865020752 36.4662284851074 36.4666519165039
-9999 -9999 -9999 -9999 -9999 -9999 35.2684593200684 35.290340423584 35.2530555725098 35.5172233581543 35.7445449829102 35.8308334350586 35.9062347412109 35.9601058959961 36.0265426635742 36.1074752807617 36.173999786377 36.2306251525879 36.2591133117676 36.2767333984375 36.2760887145996 36.2722206115723 36.2608032226562 36.2511291503906 36.2573738098145 36.2647018432617 36.2755546569824 36.2871971130371 36.3002166748047 36.3152732849121 36.3324279785156 36.3530044555664 36.3756713867188 36.3884124755859 36.3978462219238 36.4012565612793 36.4039764404297 36.4264335632324 36.4467811584473 36.4536895751953 36.4576416015625 36.4533653259277 36.4502258300781 36.4488334655762 36.4524154663086 36.460563659668 36.4626274108887
-9999 -9999 -9999 -9999 -9999 -9999 35.4090843200684 35.3607406616211 35.3899612426758 35.6314735412598 35.8365478515625 35.9021453857422 35.9628639221191 36.0139198303223 36.0738487243652 36.1440086364746 36.2020950317383 36.2518920898438 36.2795753479004 36.2987213134766 36.3031272888184 36.304931640625 36.2961387634277 36.2881660461426 36.2890014648438 36.2912063598633 36.2978591918945 36.3065719604492 36.3188896179199 36.3359985351562 36.3580360412598 36.3810043334961 36.404541015625 36.4136123657227 36.4178581237793 36.4154777526855 36.4123001098633 36.4258918762207 36.4379768371582 36.4404640197754 36.4406585693359 36.434455871582 36.4303817749023 36.4295921325684 36.4329566955566 36.4401359558105 36.4409027099609
-9999 -9999 -9999 -9999 -9999 35.6411666870117 35.5582160949707 35.576171875 35.5296859741211 35.7403678894043 35.9175491333008 35.9665069580078 36.0153617858887 36.0640029907227 36.1178894042969 36.1778182983398 36.2273178100586 36.2696533203125 36.2959060668945 36.3159523010254 36.3246269226074 36.3312950134277 36.325267791748 36.3192863464355 36.3160171508789 36.3143272399902 36.317741394043 36.3242034912109 36.3359794616699 36.3552742004395 36.3823089599609 36.4071044921875 36.4305419921875 36.4358520507812 36.4351196289062 36.4278373718262 36.4197463989258 36.4247436523438 36.4288063049316 36.4269065856934 36.423412322998 36.4154930114746 36.4106025695801 36.4103927612305 36.4133605957031 36.4192428588867 36.4187240600586
-9999 -9999 -9999 -9999 35.7290344238281 35.6865386962891 35.6411666870117 35.65478515625 35.6797637939453 35.8296127319336 35.958194732666 36.0053825378418 36.052734375 36.100414276123 36.1499557495117 36.2016448974609 36.2419929504395 36.2745475769043 36.2970809936523 36.315746307373 36.3258209228516 36.3343811035156 36.3316383361816 36.3286933898926 36.3261260986328 36.3250427246094 36.3287506103516 36.3354225158691 36.3472595214844 36.3692512512207 36.4016876220703 36.4262542724609 36.4460258483887 36.4472579956055 36.442310333252 36.4333839416504 36.423957824707 36.4213638305664 36.4182815551758 36.412109375 36.405216217041 36.3963203430176 36.391040802002 36.3913536071777 36.3932685852051 36.396656036377 36.3948707580566
