Ecospace-environmental-drivers/Outputs/ASCII-for-ecospace/MOM6-ISIMIP3a/so/1995-08_so_MOM6-ISIMIP3a.asc
NCOLS 131 
NROWS 53 
XLLCORNER -98 
YLLCORNER 23.9265270233154 
CELLSIZE 0.133587792515755 
NODATA_value -9999 
[rows 0 to 20 of 53, columns 47 to 93 of 131]
-9999 -9999 -9999 -9999 -9999 -9999 -9999 -9999 -9999 -9999 -9999 -9999 -9999 -9999 -9999 -9999 -9999 -9999 -9999 -9999 -9999 -9999 -9999 -9999 -9999 -9999 -9999 -9999 -9999 -9999 -9999 -9999 -9999 -9999 -9999 -9999 -9999 -9999 -9999 -9999 -9999 -9999 -9999 -9999 -9999 -9999 -9999
-9999 -9999 -9999 -9999 -9999 -9999 -9999 -9999 -9999 -9999 -9999 -9999 -9999 -9999 -9999 -9999 -9999 -9999 -9999 -9999 -9999 -9999 -9999 -9999 -9999 -9999 -9999 -9999 -9999 -9999 -9999 -9999 -9999 -9999 -9999 -9999 -9999 -9999 -9999 -9999 -9999 -9999 -9999 -9999 -9999 -9999 -9999
-9999 -9999 -9999 -9999 -9999 -9999 -9999 -9999 -9999 -9999 -9999 -9999 -9999 -9999 -9999 -9999 -9999 -9999 -9999 -9999 -9999 -9999 -9999 -9999 -9999 -9999 -9999 30.4014415740967 30.9459457397461 -9999 -9999 -9999 -9999 -9999 -9999 -9999 -9999 -9999 -9999 -9999 -9999 -9999 -9999 -9999 -9999 -9999 -9999
-9999 -9999 -9999 -9999 -9999 -9999 -9999 -9999 -9999 -9999 -9999 -9999 -9999 -9999 -9999 -9999 -9999 -9999 -9999 -9999 -9999 -9999 -9999 -9999 -9999 -9999 -9999 30.412805557251 30.9522743225098 -9999 -9999 -9999 -9999 -9999 -9999 -9999 -9999 -9999 -9999 -9999 -9999 -9999 -9999 -9999 -9999 -9999 -9999
-9999 -9999 -9999 -9999 -9999 -9999 -9999 -9999 -9999 -9999 -9999 -9999 -9999 -9999 -9999 -9999 -9999 -9999 25.1351203918457 25.2734470367432 25.3841075897217 26.0296173095703 26.6197280883789 27.6830005645752 28.5478820800781 29.2379512786865 29.8572750091553 30.4225082397461 30.9586296081543 31.4756870269775 -9999 -9999 32.9603538513184 33.3880157470703 33.7406463623047 34.0468521118164 34.279468536377 34.4671669006348 34.6116981506348 34.7394409179688 34.8483276367188 34.9203224182129 -9999 -9999 -9999 -9999 -9999
-9999 -9999 -9999 -9999 -9999 -9999 -9999 -9999 -9999 -9999 -9999 -9999 -9999 -9999 21.1715850830078 -9999 20.9681282043457 20.8064918518066 22.9978847503662 25.1351203918457 25.3011112213135 25.3841075897217 26.6751270294189 27.7999515533447 28.5739212036133 29.269775390625 29.8701591491699 30.4318923950195 30.9654750823975 31.4785213470459 31.9830646514893 32.4902839660645 32.9980316162109 33.392749786377 33.773265838623 34.0559234619141 34.3113670349121 34.4711112976074 34.6190223693848 34.7449645996094 34.8543395996094 34.9456748962402 34.9609489440918 34.9270057678223 -9999 -9999 -9999
-9999 -9999 -9999 -9999 -9999 -9999 -9999 -9999 -9999 -9999 22.1879444122314 22.2009410858154 22.2130680084229 22.2527942657471 21.7375965118408 21.2032318115234 21.1399383544922 20.9579544067383 20.8064918518066 23.0520420074463 25.1351203918457 25.3841075897217 26.6751270294189 27.7999515533447 28.5739212036133 29.269775390625 29.8701591491699 30.4318923950195 30.9654750823975 31.4785213470459 31.9830646514893 32.4902839660645 32.9980316162109 33.392749786377 33.773265838623 34.0559234619141 34.3113670349121 34.4711112976074 34.6190223693848 34.7449645996094 34.8543395996094 34.9456748962402 34.9609489440918 34.9270057678223 34.9180335998535 34.9473342895508 -9999
-9999 -9999 -9999 -9999 -9999 -9999 -9999 -9999 -9999 -9999 22.1182594299316 22.1879444122314 22.213939666748 -9999 22.3071212768555 21.8003692626953 21.2665233612061 21.1399383544922 20.9274349212646 20.8064918518066 23.2145118713379 25.4090595245361 26.7102184295654 27.8239898681641 28.5421733856201 29.2388114929199 29.9091186523438 30.5392818450928 31.1402053833008 31.6912574768066 32.2216567993164 32.7277755737305 33.2291221618652 33.5865898132324 33.9276275634766 34.1601600646973 34.3678894042969 34.4884147644043 34.6075134277344 34.7239532470703 34.836540222168 34.9449348449707 34.9858551025391 34.9831161499023 34.9702415466309 34.953727722168 34.8813667297363
-9999 -9999 -9999 -9999 -9999 -9999 -9999 -9999 -9999 -9999 -9999 -9999 -9999 -9999 22.284086227417 22.3973426818848 21.9139575958252 21.3931083679199 21.1399383544922 20.8358726501465 23.2509136199951 25.451831817627 26.7566223144531 27.8549575805664 28.5174541473389 29.2174091339111 29.9631443023682 30.6672668457031 31.3410797119141 31.9325695037842 32.4899673461914 32.9921226501465 33.4834213256836 33.7981147766113 34.094066619873 34.2708435058594 34.4257507324219 34.5037651062012 34.5917549133301 34.6982650756836 34.8149032592773 34.9425735473633 35.0121078491211 35.0440254211426 35.0129318237305 34.9592094421387 34.8596458435059
30.3081855773926 -9999 -9999 -9999 -9999 -9999 -9999 -9999 -9999 -9999 24.9021339416504 22.0468311309814 -9999 -9999 -9999 22.3723907470703 22.5277137756348 22.1366367340088 21.6462802886963 21.8345069885254 24.0310325622559 26.0062274932861 27.055139541626 28.0307769775391 28.8517246246338 29.6381149291992 30.3822727203369 31.08984375 31.7707691192627 32.3418502807617 32.8674430847168 33.2724609375 33.6537742614746 33.8783950805664 34.0879516601562 34.2070465087891 34.3156204223633 34.3872184753418 34.4750213623047 34.5929336547852 34.7300109863281 34.8879737854004 34.9901008605957 35.056095123291 35.0316429138184 34.9746971130371 34.8677444458008
30.1857318878174 30.1676559448242 -9999 -9999 -9999 -9999 -9999 -9999 -9999 -9999 26.3054828643799 24.5779418945312 22.0468311309814 -9999 -9999 22.3958988189697 22.5333309173584 22.6539134979248 22.709716796875 22.8802814483643 24.7859439849854 26.4890747070312 27.3445911407471 28.2315559387207 29.1849136352539 30.0399494171143 30.7748203277588 31.4741744995117 32.1476593017578 32.6906089782715 33.1794967651367 33.4958724975586 33.7783355712891 33.9240341186523 34.0581474304199 34.1285972595215 34.1987419128418 34.2677917480469 34.3582382202148 34.488410949707 34.6451416015625 34.8307991027832 34.9640655517578 35.0634384155273 35.0470848083496 34.9891624450684 34.8785552978516
30.1857318878174 30.1315040588379 29.7895050048828 29.2890090942383 -9999 -9999 -9999 -9999 -9999 -9999 -9999 25.8205299377441 24.0259208679199 22.0468311309814 22.1879444122314 22.3958988189697 22.5333309173584 22.6539134979248 23.3808517456055 24.1788997650146 25.405647277832 26.5881385803223 27.5854053497314 28.5662212371826 29.5123062133789 30.3405570983887 31.0247898101807 31.6533470153809 32.2413520812988 32.7147178649902 33.1406097412109 33.413948059082 33.6572914123535 33.783863067627 33.9012832641602 33.9715843200684 34.0456466674805 34.132926940918 34.2411499023438 34.388256072998 34.5603942871094 34.7598075866699 34.9164428710938 35.0454025268555 35.0450096130371 34.9981498718262 34.9039115905762
30.2462863922119 29.9924087524414 29.7373142242432 29.2967929840088 -9999 -9999 -9999 -9999 26.8722972869873 26.7044372558594 26.4555625915527 26.0954647064209 24.9105606079102 23.0508232116699 22.6139621734619 22.8510875701904 23.004955291748 23.1389293670654 24.296724319458 25.4888858795166 26.1575584411621 26.9017848968506 27.9622135162354 28.9655494689941 29.8483638763428 30.6106452941895 31.2256126403809 31.7779541015625 32.2846794128418 32.6947326660156 33.0647468566895 33.3052558898926 33.5203094482422 33.6390686035156 33.7507095336914 33.827693939209 33.9107666015625 34.0152473449707 34.1392364501953 34.2994537353516 34.482967376709 34.6918678283691 34.87060546875 35.0298271179199 35.0526885986328 35.0265731811523 34.9540710449219
30.4582233428955 30.1140518188477 29.7476482391357 29.2967929840088 28.8329181671143 28.2509384155273 27.6905574798584 27.2400379180908 26.8722972869873 26.7044372558594 26.4555625915527 26.0954647064209 25.3284225463867 24.2284297943115 24.105052947998 24.4442749023438 24.6556663513184 24.8365135192871 25.8244533538818 26.8272914886475 27.2399921417236 27.7519035339355 28.6790103912354 29.5265426635742 30.2060794830322 30.8044319152832 31.303560256958 31.7661380767822 32.2020988464355 32.5644950866699 32.8964309692383 33.1296539306641 33.3434715270996 33.4827117919922 33.6158676147461 33.7166213989258 33.8214302062988 33.9405212402344 34.075252532959 34.2390289306641 34.4238357543945 34.6315650939941 34.829231262207 35.0203857421875 35.0847625732422 35.1035957336426 35.0662384033203
30.7578659057617 30.3797855377197 29.968074798584 29.5348205566406 29.0955486297607 28.5533065795898 28.029483795166 27.59934425354 27.2484378814697 27.0888481140137 26.8504276275635 26.5037841796875 26.0209350585938 25.426643371582 25.4932689666748 25.8729591369629 26.1890773773193 26.4900074005127 27.2807426452637 28.068962097168 28.33078956604 28.68337059021 29.4157543182373 30.073299407959 30.5728569030762 31.0254650115967 31.4206962585449 31.8037338256836 32.1778907775879 32.4943695068359 32.7869606018066 33.0096702575684 33.2186431884766 33.3728637695312 33.5221214294434 33.6427116394043 33.76513671875 33.8939971923828 34.034252166748 34.1956787109375 34.3758926391602 34.5765686035156 34.7818183898926 34.9900283813477 35.0855445861816 35.1405792236328 35.1339721679688
31.1815090179443 30.8492412567139 30.4855289459229 30.1093769073486 29.7294902801514 29.2831687927246 28.8475875854492 28.4666423797607 28.1563701629639 28.0167427062988 27.8035583496094 27.4893951416016 27.1017513275146 26.6539897918701 26.7360458374023 27.0690631866455 27.5566501617432 28.0811672210693 28.6360340118408 29.1738662719727 29.4334106445312 29.729850769043 30.1806964874268 30.5999336242676 30.9524421691895 31.2850189208984 31.5932388305664 31.9111881256104 32.2362251281738 32.5092315673828 32.7606887817383 32.9683227539062 33.1673431396484 33.3287696838379 33.4864692687988 33.6213531494141 33.7555541992188 33.887336730957 34.025749206543 34.1764755249023 34.3437576293945 34.5290832519531 34.7258758544922 34.9300918579102 35.0420913696289 35.1209678649902 35.1388740539551
31.5211963653564 31.2262210845947 30.9057483673096 30.58083152771 30.2544631958008 29.9012546539307 29.5544490814209 29.2402210235596 28.9773330688477 28.8384037017822 28.6516265869141 28.3991565704346 28.1516170501709 27.908109664917 28.0726928710938 28.4305763244629 28.9551696777344 29.5195941925049 29.8791122436523 30.2154140472412 30.41868019104 30.6294212341309 30.8714485168457 31.1133232116699 31.3548755645752 31.5915126800537 31.8221416473389 32.076473236084 32.3480682373047 32.5830612182617 32.8028945922852 32.9933547973633 33.178035736084 33.335880279541 33.4911308288574 33.6307678222656 33.7682495117188 33.8981590270996 34.0308723449707 34.1688041687012 34.3211669921875 34.4892539978027 34.6730690002441 34.8670654296875 34.9817123413086 35.0678596496582 35.0938110351562
31.7901821136475 31.5253295898438 31.2440872192383 30.965461730957 30.6876735687256 30.4252109527588 30.167631149292 29.9348773956299 29.7250556945801 29.5706062316895 29.4112167358398 29.2450466156006 29.1754188537598 29.1847763061523 29.4883899688721 29.9313850402832 30.379753112793 30.829402923584 31.0276966094971 31.2036094665527 31.3051242828369 31.4052772521973 31.4997253417969 31.6155605316162 31.7765502929688 31.9375324249268 32.0985069274902 32.2904586791992 32.5049743652344 32.7065505981445 32.9027671813965 33.0742797851562 33.2409362792969 33.3861083984375 33.5297393798828 33.666088104248 33.7997016906738 33.923698425293 34.0474739074707 34.1708450317383 34.3066062927246 34.4558715820312 34.6229057312012 34.8014335632324 34.9070777893066 34.9865455627441 35.0066604614258
32.253833770752 32.0362586975098 31.8072814941406 31.5823097229004 31.3586750030518 31.1600494384766 30.9618186950684 30.7655925750732 30.5796890258789 30.4187107086182 30.2762393951416 30.1591720581055 30.1601371765137 30.2576751708984 30.5686683654785 30.980770111084 31.3632869720459 31.7387351989746 31.8752403259277 31.9907398223877 32.039421081543 32.0821952819824 32.1002426147461 32.1395263671875 32.2236404418945 32.3193817138672 32.4293251037598 32.570858001709 32.7353973388672 32.8997611999512 33.0640487670898 33.2121353149414 33.3570404052734 33.4847946166992 33.6117362976074 33.7369041442871 33.8588981628418 33.9697189331055 34.0783348083496 34.1828536987305 34.2984008789062 34.4259567260742 34.5729103088379 34.7324142456055 34.8296775817871 34.9045791625977 34.9225234985352
32.8127479553223 32.6508445739746 32.4805107116699 32.3127975463867 32.1460456848145 31.9980869293213 31.8445854187012 31.6628913879395 31.4866409301758 31.3235359191895 31.1928539276123 31.1066856384277 31.1257305145264 31.2308559417725 31.4848022460938 31.8092403411865 32.1309852600098 32.4520835876465 32.5754623413086 32.6794738769531 32.6992607116699 32.710693359375 32.6871757507324 32.6741218566895 32.6831703186035 32.7187614440918 32.7867965698242 32.8837623596191 33.0017967224121 33.1270866394043 33.2553825378418 33.3778533935547 33.4991836547852 33.6071968078613 33.7149620056152 33.8250885009766 33.9316673278809 34.025764465332 34.1161727905273 34.1997451782227 34.2933006286621 34.3977394104004 34.5230026245117 34.6617393493652 34.750919342041 34.8222961425781 34.8398551940918
33.3287086486816 33.2261009216309 33.1183471679688 33.0060386657715 32.8937339782715 32.794116973877 32.6897430419922 32.5611953735352 32.4271430969238 32.2798042297363 32.1604957580566 32.0796661376953 32.0827751159668 32.1545639038086 32.3239784240723 32.5396423339844 32.7555923461914 32.9716148376465 33.0628967285156 33.1405487060547 33.1445808410645 33.1404418945312 33.1020927429199 33.070858001709 33.054630279541 33.067138671875 33.1147689819336 33.1857414245605 33.2737197875977 33.3685836791992 33.4663047790527 33.5638618469238 33.6613845825195 33.7490119934082 33.8369674682617 33.9316940307617 34.0226211547852 34.1001892089844 34.1725769042969 34.2353477478027 34.3061332702637 34.3856582641602 34.4864616394043 34.6010322570801 34.6822128295898 34.751392364502 34.7755584716797
