Ecospace-environmental-drivers/Outputs/ASCII-for-ecospace/MOM6-ISIMIP3a/so/1996-08_so_MOM6-ISIMIP3a.asc
NCOLS 131 
NROWS 53 
XLLCORNER -98 
YLLCORNER 23.9265270233154 
CELLSIZE 0.133587792515755 
NODATA_value -9999 
[rows 21 to 41 of 53, columns 0 to 46 of 131]
-9999 -9999 -9999 -9999 -9999 -9999 35.4647026062012 35.45068359375 35.4084281921387 35.3343238830566 35.1766624450684 34.9273109436035 34.9466094970703 35.004093170166 35.0651359558105 35.1302795410156 35.183536529541 35.228630065918 35.265453338623 35.2990798950195 35.343620300293 35.3900909423828 35.4269828796387 35.459888458252 35.4613456726074 35.4531555175781 35.413688659668 35.3706588745117 35.3214225769043 35.2678146362305 35.209716796875 35.155834197998 35.1045188903809 35.0895538330078 35.0867042541504 35.1153335571289 35.1482810974121 35.177360534668 35.2008056640625 35.1883811950684 35.1658744812012 35.1153106689453 35.0689888000488 35.0292282104492 35.0076179504395 35.0026702880859 35.0109634399414
-9999 -9999 -9999 -9999 -9999 -9999 35.4679794311523 35.4647026062012 35.4366607666016 35.3980293273926 35.3343238830566 35.2683486938477 35.2545623779297 35.3440589904785 35.4370422363281 35.5340538024902 35.6001243591309 35.644947052002 35.6711196899414 35.6900901794434 35.7179908752441 35.7474708557129 35.7741355895996 35.7982978820801 35.8020782470703 35.797981262207 35.7683372497559 35.7353096008301 35.6963768005371 35.6536712646484 35.6070747375488 35.5573310852051 35.5056648254395 35.4878311157227 35.481273651123 35.5105667114258 35.5448341369629 35.581958770752 35.6139221191406 35.6130409240723 35.6024742126465 35.5649490356445 35.5275497436523 35.4903335571289 35.465446472168 35.4518623352051 35.4473571777344
-9999 -9999 -9999 -9999 35.4871101379395 35.4779586791992 35.469108581543 35.4701309204102 35.4647026062012 35.4086227416992 35.3844718933105 35.4825248718262 35.5861778259277 35.7009201049805 35.8192520141602 35.9417343139648 36.015796661377 36.0566062927246 36.0711822509766 36.075626373291 36.0875205993652 36.1007347106934 36.1162910461426 36.1307373046875 36.1355056762695 36.1344413757324 36.1144714355469 36.091495513916 36.0632667541504 36.032154083252 35.9980812072754 35.9541091918945 35.904109954834 35.8841667175293 35.8742408752441 35.9030380249023 35.9372482299805 35.9798202514648 36.0177726745605 36.026294708252 36.0259170532227 36.0007514953613 35.9716110229492 35.9363288879395 35.9074783325195 35.8845291137695 35.866268157959
-9999 -9999 -9999 -9999 35.5060653686523 35.4953002929688 35.4868087768555 35.469108581543 35.4765853881836 35.5717277526855 35.6775207519531 35.8240776062012 35.9625625610352 36.0850639343262 36.1928176879883 36.2835502624512 36.3360557556152 36.3623085021973 36.3682289123535 36.3662986755371 36.3656387329102 36.3652000427246 36.3676261901855 36.3693695068359 36.364917755127 36.3574523925781 36.340217590332 36.3214530944824 36.3000183105469 36.2770843505859 36.252613067627 36.2238426208496 36.1924514770508 36.1796875 36.1731262207031 36.1913986206055 36.2131156921387 36.2361030578613 36.2553863525391 36.2510452270508 36.2399520874023 36.2100410461426 36.176212310791 36.1363143920898 36.1012153625488 36.0705146789551 36.0443572998047
-9999 -9999 -9999 -9999 -9999 35.5060653686523 35.519214630127 35.5045127868652 35.5202522277832 35.7397537231445 35.9519157409668 36.1359748840332 36.2990531921387 36.4206047058105 36.5135726928711 36.5735626220703 36.6065483093262 36.6209869384766 36.6209449768066 36.6153106689453 36.6054039001465 36.5947494506836 36.5867919921875 36.5785179138184 36.5670700073242 36.5549049377441 36.5404281616211 36.5256080627441 36.5101928710938 36.4945831298828 36.4787750244141 36.4634017944336 36.4482879638672 36.4411201477051 36.4366035461426 36.4424247741699 36.4496269226074 36.450309753418 36.4482421875 36.4286575317383 36.4047317504883 36.368724822998 36.3301620483398 36.2876396179199 36.2494239807129 36.215160369873 36.1854972839355
-9999 -9999 -9999 -9999 -9999 35.5392761230469 35.5060653686523 35.5971717834473 35.7033004760742 35.9293785095215 36.14453125 36.3178443908691 36.460636138916 36.543025970459 36.602783203125 36.6364250183105 36.6588172912598 36.6734848022461 36.679271697998 36.6816329956055 36.6770286560059 36.6711959838867 36.6649169921875 36.6583709716797 36.6496887207031 36.6403121948242 36.6286811828613 36.616626739502 36.603832244873 36.5917930603027 36.5805282592773 36.5706443786621 36.561595916748 36.5531120300293 36.5448188781738 36.5297317504883 36.5135765075684 36.4800109863281 36.4448547363281 36.3995742797852 36.3535652160645 36.3055152893066 36.2620277404785 36.2255897521973 36.1980094909668 36.1785545349121 36.1646308898926
-9999 -9999 35.601978302002 35.5969505310059 35.5945281982422 35.5725288391113 35.5392379760742 35.707462310791 35.8895568847656 36.1099433898926 36.3162574768066 36.4686851501465 36.5858383178711 36.6331901550293 36.6660842895508 36.6822853088379 36.6987495422363 36.7153930664062 36.7248268127441 36.7314758300781 36.7293739318848 36.7257270812988 36.7201690673828 36.714469909668 36.7079620361328 36.7009544372559 36.6923217773438 36.683235168457 36.6733551025391 36.6642646789551 36.6559944152832 36.6475601196289 36.6390342712402 36.6220169067383 36.6021728515625 36.5646209716797 36.524486541748 36.4658241271973 36.4072647094727 36.3493461608887 36.2936553955078 36.2441711425781 36.2037162780762 36.1772079467773 36.1628570556641 36.1596641540527 36.1628227233887
-9999.000000000000000 -9999 -9999 -9999 35.6237869262695 35.6165313720703 35.6368141174316 35.8562164306641 36.0828018188477 36.2707405090332 36.4424133300781 36.5518264770508 36.631664276123 36.6529808044434 36.6728553771973 36.6910591125488 36.7117729187012 36.734203338623 36.742504119873 36.7453536987305 36.7396507263184 36.7324333190918 36.725513458252 36.7187385559082 36.7131156921387 36.7075691223145 36.7022590637207 36.6965789794922 36.690258026123 36.6827735900879 36.6740913391113 36.6583137512207 36.6382102966309 36.5969161987305 36.5485534667969 36.4851455688477 36.4196662902832 36.3558883666992 36.295051574707 36.2529754638672 36.2146797180176 36.1869125366211 36.1668357849121 36.158634185791 36.1631851196289 36.1794319152832 36.2026023864746
-9999 -9999 -9999 -9999 35.6580657958984 35.6823043823242 35.6864700317383 35.9607582092285 36.2388877868652 36.3952674865723 36.5345001220703 36.6080856323242 36.6588973999023 36.6646423339844 36.6781578063965 36.7006301879883 36.7252235412598 36.7512702941895 36.7557907104492 36.7519950866699 36.7392807006836 36.7249984741211 36.7138900756836 36.7032775878906 36.6962242126465 36.6902732849121 36.6878776550293 36.685417175293 36.6828422546387 36.6752548217773 36.6625099182129 36.6342926025391 36.5966453552246 36.5362777709961 36.4683380126953 36.397331237793 36.3260192871094 36.2709617614746 36.2200126647949 36.1952476501465 36.1750068664551 36.1673545837402 36.1658782958984 36.1739463806152 36.194019317627 36.2251052856445 36.263069152832
-9999 -9999 -9999 -9999 35.6788330078125 35.6753578186035 35.6710739135742 36.0096817016602 36.3482131958008 36.4741668701172 36.5837249755859 36.6305274963379 36.6627388000488 36.6660804748535 36.6816101074219 36.7112007141113 36.7392158508301 36.7661552429199 36.7635459899902 36.7495269775391 36.725528717041 36.6997680664062 36.6809158325195 36.6630020141602 36.6515998840332 36.6428909301758 36.6428985595703 36.6434211730957 36.6448364257812 36.6349983215332 36.6135902404785 36.566520690918 36.5038223266602 36.4309387207031 36.354663848877 36.2990341186523 36.2464256286621 36.2174949645996 36.1917304992676 36.1861381530762 36.1847801208496 36.1952247619629 36.2101173400879 36.2318878173828 36.2632331848145 36.3033599853516 36.3495712280273
-9999 -9999 -9999 -9999 35.6753578186035 35.6701698303223 35.6640777587891 36.0355262756348 36.4046630859375 36.5174255371094 36.6131782531738 36.6438140869141 36.6649131774902 36.6671485900879 36.6845741271973 36.7195167541504 36.7500991821289 36.7776832580566 36.7683143615723 36.7446784973145 36.7092437744141 36.6717338562012 36.6430587768555 36.6156921386719 36.5975952148438 36.583625793457 36.5830497741699 36.5830268859863 36.5839691162109 36.5691871643066 36.5382270812988 36.4837226867676 36.414867401123 36.349006652832 36.2841377258301 36.2465324401855 36.2128753662109 36.2043037414551 36.1980476379395 36.2065696716309 36.2185401916504 36.240104675293 36.2648124694824 36.2943687438965 36.3313789367676 36.3752212524414 36.4233856201172
-9999 -9999 -9999 -9999 35.6698684692383 35.6640777587891 36.0419731140137 36.044059753418 36.4214515686035 36.5339546203613 36.627799987793 36.6502304077148 36.6658363342285 36.6679420471191 36.6871681213379 36.726146697998 36.7586441040039 36.7866973876953 36.7708473205566 36.7380409240723 36.6910667419434 36.6415939331055 36.6015396118164 36.5631141662598 36.5365524291992 36.515453338623 36.5120468139648 36.5088348388672 36.5059585571289 36.4842071533203 36.4430389404297 36.3896484375 36.3288154602051 36.2846260070801 36.245979309082 36.228385925293 36.2138633728027 36.2213134765625 36.2303085327148 36.2491569519043 36.2702827453613 36.2977409362793 36.3273429870605 36.3602523803711 36.3987197875977 36.4422836303711 36.4876899719238
-9999 -9999 -9999 -9999 35.6640777587891 36.1119499206543 36.2988700866699 36.4242286682129 36.4321823120117 36.545295715332 36.638053894043 36.6528778076172 36.6638298034668 36.6671104431152 36.688362121582 36.7303466796875 36.7653350830078 36.7955284118652 36.7765884399414 36.7386741638184 36.683277130127 36.6247901916504 36.5754127502441 36.5278587341309 36.4938201904297 36.4655227661133 36.4558219909668 36.4462776184082 36.4370079040527 36.4128875732422 36.3734893798828 36.3312034606934 36.2871627807617 36.2616996765137 36.242431640625 36.2399482727051 36.2398986816406 36.2558479309082 36.2726135253906 36.2945861816406 36.3182182312012 36.3464736938477 36.3773002624512 36.4120941162109 36.4508323669434 36.4931907653809 36.5362815856934
-9999 -9999 -9999 -9999 -9999 36.4034080505371 36.4428749084473 36.4283180236816 36.4403114318848 36.5544166564941 36.6464347839355 36.6539115905762 36.6605644226074 36.665584564209 36.6889572143555 36.7335052490234 36.7712326049805 36.8042793273926 36.7837028503418 36.7424240112305 36.6799354553223 36.6137046813965 36.5558853149414 36.5000267028809 36.4589347839355 36.423412322998 36.4059295654297 36.3887100219727 36.371940612793 36.3474235534668 36.3149261474609 36.2880249023438 36.264533996582 36.2565422058105 36.2537231445312 36.2642440795898 36.2766761779785 36.2978973388672 36.319221496582 36.3412284851074 36.3645210266113 36.3913955688477 36.421875 36.4579162597656 36.4964141845703 36.5371742248535 36.5781440734863
-9999 -9999 -9999 -9999 -9999 36.4769020080566 36.4684829711914 36.4760818481445 36.4813041687012 36.5807762145996 36.6586608886719 36.6539039611816 36.6537933349609 36.6628723144531 36.6890487670898 36.7349548339844 36.7758255004883 36.8132400512695 36.7953567504883 36.7561225891113 36.6886558532715 36.6162071228027 36.5538139343262 36.4932403564453 36.4460220336914 36.4044036865234 36.3809356689453 36.3586959838867 36.3385963439941 36.3165473937988 36.2924957275391 36.2778053283691 36.2688217163086 36.2740020751953 36.2839050292969 36.3014335632324 36.3200302124023 36.3400535583496 36.3599662780762 36.3792037963867 36.400463104248 36.4273376464844 36.4585266113281 36.4963836669922 36.5351829528809 36.5748519897461 36.6119689941406
-9999 -9999 -9999 -9999 -9999 36.5219268798828 36.519344329834 36.5010528564453 36.5290908813477 36.6107025146484 36.6716804504395 36.653678894043 36.6462936401367 36.6599159240723 36.6890411376953 36.7360534667969 36.7801513671875 36.8222465515137 36.8079490661621 36.7718772888184 36.6998710632324 36.6215209960938 36.555347442627 36.4908103942871 36.4376525878906 36.3901710510254 36.3610916137695 36.3343849182129 36.3118133544922 36.2928276062012 36.2775382995605 36.2744064331055 36.278678894043 36.2961387634277 36.3179931640625 36.3412933349609 36.3647499084473 36.3822288513184 36.3994941711426 36.4153900146484 36.4342613220215 36.4614219665527 36.4935455322266 36.533332824707 36.5725440979004 36.6112251281738 36.6441268920898
-9999 -9999 -9999 -9999 -9999 -9999 36.577953338623 36.5808982849121 36.5857009887695 36.6388931274414 36.6759262084961 36.6511154174805 36.6406440734863 36.6585464477539 36.6902847290039 36.7379951477051 36.7848472595215 36.8311080932617 36.8245239257812 36.7975311279297 36.7236175537109 36.6414222717285 36.5723075866699 36.5048522949219 36.4488105773926 36.3982887268066 36.365665435791 36.3372268676758 36.3161010742188 36.300407409668 36.2903022766113 36.2937049865723 36.3053321838379 36.3276596069336 36.3535499572754 36.3774032592773 36.4009323120117 36.4182472229004 36.4353256225586 36.4509010314941 36.4700889587402 36.4993171691895 36.5307807922363 36.5656967163086 36.6014251708984 36.6378974914551 36.6607246398926
-9999 -9999 -9999 -9999 -9999 -9999 36.6336669921875 36.6519050598145 36.6404151916504 36.665168762207 36.6785163879395 36.6482124328613 36.6355247497559 36.6576995849609 36.6921119689941 36.7406425476074 36.7901382446289 36.8402938842773 36.8415489196777 36.823917388916 36.7485961914062 36.6630973815918 36.5910263061523 36.5206832885742 36.4623222351074 36.4092979431152 36.3735885620117 36.3438186645508 36.3244209289551 36.3120193481445 36.3068237304688 36.3161087036133 36.3342132568359 36.3603096008301 36.3890686035156 36.4129829406738 36.4361839294434 36.4536437988281 36.4709014892578 36.4868850708008 36.506778717041 36.5375595092773 36.5679473876953 36.5977363586426 36.629566192627 36.6632690429688 36.6754722595215
-9999 -9999 -9999 -9999 -9999 -9999 36.6954078674316 36.6681976318359 36.6706619262695 36.6718597412109 36.667652130127 36.6427803039551 36.6351661682129 36.661693572998 36.699520111084 36.7503814697266 36.801586151123 36.85302734375 36.8614921569824 36.8533630371094 36.7807388305664 36.6967315673828 36.6211090087891 36.5477333068848 36.4915771484375 36.4404449462891 36.4056053161621 36.3774375915527 36.3609085083008 36.3517608642578 36.3502082824707 36.3608131408691 36.3788223266602 36.4005432128906 36.4235038757324 36.4446792602539 36.4656028747559 36.4853630065918 36.5055198669434 36.5281829833984 36.5517120361328 36.5776481628418 36.6032829284668 36.6284561157227 36.6538505554199 36.6794395446777 36.6779365539551
-9999 -9999 -9999 -9999 -9999 36.8441047668457 36.757999420166 36.7661247253418 36.6890411376953 36.670581817627 36.6525611877441 36.6362075805664 36.6360969543457 36.6681213378906 36.7100830078125 36.7635078430176 36.8159980773926 36.8678436279297 36.8820114135742 36.8816299438477 36.8121223449707 36.7304191589355 36.6520614624023 36.5764465332031 36.523063659668 36.4745483398438 36.4418258666992 36.4162445068359 36.4031143188477 36.3974838256836 36.3995628356934 36.410572052002 36.4270210266113 36.4429817199707 36.4587860107422 36.4766540527344 36.4948425292969 36.5172462463379 36.5405235290527 36.5693283081055 36.5960731506348 36.6170845031738 36.6380920410156 36.6590881347656 36.6773452758789 36.6930961608887 36.6786651611328
-9999 -9999 -9999 -9999 36.965690612793 36.8791122436523 36.8441047668457 36.7535743713379 36.6638984680176 36.6400947570801 36.6219482421875 36.6254501342773 36.641773223877 36.6834716796875 36.7322006225586 36.7890396118164 36.8412551879883 36.8902969360352 36.9046325683594 36.9055709838867 36.8407325744629 36.7642860412598 36.6862106323242 36.6112670898438 36.5627212524414 36.5194854736328 36.4934616088867 36.4740753173828 36.4662780761719 36.4651260375977 36.4708061218262 36.4788703918457 36.4883880615234 36.4935035705566 36.4971580505371 36.5096397399902 36.5234375 36.549732208252 36.5769348144531 36.6098899841309 36.6383171081543 36.6541442871094 36.6709785461426 36.6893730163574 36.6979637145996 36.6975479125977 36.673038482666
