Ecospace-environmental-drivers/Outputs/ASCII-for-ecospace/MOM6-ISIMIP3a/so/1996-09_so_MOM6-ISIMIP3a.asc
NCOLS 131 
NROWS 53 
XLLCORNER -98 
YLLCORNER 23.9265270233154 
CELLSIZE 0.133587792515755 
NODATA_value -9999 
[rows 0 to 20 of 53, columns 47 to 93 of 131]
-9999 -9999 -9999 -9999 -9999 -9999 -9999 -9999 -9999 -9999 -9999 -9999 -9999 -9999 -9999 -9999 -9999 -9999 -9999 -9999 -9999 -9999 -9999 -9999 -9999 -9999 -9999 -9999 -9999 -9999 -9999 -9999 -9999 -9999 -9999 -9999 -9999 -9999 -9999 -9999 -9999 -9999 -9999 -9999 -9999 -9999 -9999
-9999 -9999 -9999 -9999 -9999 -9999 -9999 -9999 -9999 -9999 -9999 -9999 -9999 -9999 -9999 -9999 -9999 -9999 -9999 -9999 -9999 -9999 -9999 -9999 -9999 -9999 -9999 -9999 -9999 -9999 -9999 -9999 -9999 -9999 -9999 -9999 -9999 -9999 -9999 -9999 -9999 -9999 -9999 -9999 -9999 -9999 -9999
-9999 -9999 -9999 -9999 -9999 -9999 -9999 -9999 -9999 -9999 -9999 -9999 -9999 -9999 -9999 -9999 -9999 -9999 -9999 -9999 -9999 -9999 -9999 -9999 -9999 -9999 -9999 29.9135303497314 30.2850723266602 -9999 -9999 -9999 -9999 -9999 -9999 -9999 -9999 -9999 -9999 -9999 -9999 -9999 -9999 -9999 -9999 -9999 -9999
-9999 -9999 -9999 -9999 -9999 -9999 -9999 -9999 -9999 -9999 -9999 -9999 -9999 -9999 -9999 -9999 -9999 -9999 -9999 -9999 -9999 -9999 -9999 -9999 -9999 -9999 -9999 29.9148044586182 30.2680587768555 -9999 -9999 -9999 -9999 -9999 -9999 -9999 -9999 -9999 -9999 -9999 -9999 -9999 -9999 -9999 -9999 -9999 -9999
-9999 -9999 -9999 -9999 -9999 -9999 -9999 -9999 -9999 -9999 -9999 -9999 -9999 -9999 -9999 -9999 -9999 -9999 25.0664463043213 25.2274684906006 25.3562870025635 26.1077156066895 26.7675724029541 27.893970489502 28.6887893676758 29.1865386962891 29.5781307220459 29.9085063934326 30.257776260376 30.6378917694092 -9999 -9999 32.3691787719727 33.0537567138672 33.6680068969727 34.1853675842285 34.546199798584 34.8061332702637 34.9556694030762 35.0480308532715 35.0839500427246 35.0730133056641 -9999 -9999 -9999 -9999 -9999
-9999 -9999 -9999 -9999 -9999 -9999 -9999 -9999 -9999 -9999 -9999 -9999 -9999 -9999 20.9361190795898 -9999 20.7527465820312 20.6081962585449 22.854362487793 25.0664463043213 25.2596740722656 25.3562870025635 26.8591461181641 28.0872859954834 28.7354793548584 29.2436027526855 29.5805339813232 29.9102573394775 30.2347259521484 30.6283473968506 31.0506038665771 31.6852169036865 32.361572265625 33.0607414245605 33.7389602661133 34.2043151855469 34.6128234863281 34.8214569091797 34.9841232299805 35.0614280700684 35.0985450744629 35.0918769836426 35.028621673584 34.9287567138672 -9999 -9999 -9999
-9999 -9999 -9999 -9999 -9999 -9999 -9999 -9999 -9999 -9999 22.6742401123047 22.6697006225586 22.6647605895996 22.6471920013428 21.7876167297363 20.965404510498 20.9068355560303 20.7432060241699 20.6081962585449 22.8884429931641 25.0664463043213 25.3562870025635 26.8591461181641 28.0872859954834 28.7354793548584 29.2436027526855 29.5805339813232 29.9102573394775 30.2347259521484 30.6283473968506 31.0506038665771 31.6852169036865 32.361572265625 33.0607414245605 33.7389602661133 34.2043151855469 34.6128234863281 34.8214569091797 34.9841232299805 35.0614280700684 35.0985450744629 35.0918769836426 35.028621673584 34.9287567138672 34.9023628234863 34.9939842224121 -9999
-9999 -9999 -9999 -9999 -9999 -9999 -9999 -9999 -9999 -9999 22.698579788208 22.6742401123047 22.6651611328125 -9999 22.6215343475342 21.7894325256348 21.0239715576172 20.9068355560303 20.7145862579346 20.6081962585449 22.9906883239746 25.1913719177246 26.631175994873 27.8540172576904 28.6188297271729 29.2136535644531 29.6007175445557 29.9487400054932 30.2683238983154 30.667537689209 31.0997295379639 31.7401123046875 32.4214210510254 33.1302871704102 33.8173294067383 34.2812004089355 34.6831245422363 34.8672142028809 35.010383605957 35.0775566101074 35.1235084533691 35.1463356018066 35.1147346496582 35.0479202270508 35.0359382629395 35.0436515808105 35.0483703613281
-9999 -9999 -9999 -9999 -9999 -9999 -9999 -9999 -9999 -9999 -9999 -9999 -9999 -9999 22.6343154907227 22.5742073059082 21.8078346252441 21.1411075592041 20.9068355560303 20.6287269592285 22.9141635894775 25.0229148864746 26.3922233581543 27.6089477539062 28.5035591125488 29.1944847106934 29.6364669799805 30.0042533874512 30.3179969787598 30.7230663299561 31.1659564971924 31.8115406036377 32.4969673156738 33.2139854431152 33.9081420898438 34.3675765991211 34.7598114013672 34.9157676696777 35.0368843078613 35.0932960510254 35.1494293212891 35.2052688598633 35.2089347839355 35.1788482666016 35.1224060058594 35.0564994812012 35.0469932556152
31.9990119934082 -9999 -9999 -9999 -9999 -9999 -9999 -9999 -9999 -9999 26.2854404449463 22.7235298156738 -9999 -9999 -9999 22.5907821655273 22.4939155578613 21.9065284729004 21.3753795623779 21.5456695556641 23.517765045166 25.3571510314941 26.6411323547363 27.8440647125244 28.8758964538574 29.6550159454346 30.1252670288086 30.4934883117676 30.7873916625977 31.1860580444336 31.6281070709229 32.2377548217773 32.8803482055664 33.5161094665527 34.1260375976562 34.4860725402832 34.7881813049316 34.8866157531738 34.9724273681641 35.0347900390625 35.1136779785156 35.210563659668 35.2527465820312 35.2595252990723 35.2166137695312 35.1558494567871 35.1008377075195
31.9342670440674 31.9247093200684 -9999 -9999 -9999 -9999 -9999 -9999 -9999 -9999 28.0614204406738 25.9312744140625 22.7235298156738 -9999 -9999 22.6016044616699 22.4965019226074 22.3836402893066 22.3702831268311 22.4707775115967 24.1288795471191 25.7017860412598 26.9181461334229 28.1105918884277 29.2525520324707 30.10573387146 30.6059665679932 30.9793872833252 31.2604427337646 31.6519050598145 32.0890884399414 32.6568832397461 33.2503547668457 33.7998886108398 34.3211860656738 34.5825386047363 34.7960815429688 34.8415374755859 34.894962310791 34.9631805419922 35.0667343139648 35.2087898254395 35.2923927307129 35.3381767272949 35.3092422485352 35.2534713745117 35.1637687683105
31.9342670440674 31.9055938720703 31.5547866821289 30.9908905029297 -9999 -9999 -9999 -9999 -9999 -9999 -9999 27.5232753753662 25.2596664428711 22.7235298156738 22.6742401123047 22.6016044616699 22.4965019226074 22.3836402893066 22.8649501800537 23.4396953582764 24.7802848815918 26.1021900177002 27.3459091186523 28.5456066131592 29.6523742675781 30.5038185119629 31.0432090759277 31.4473972320557 31.7531051635742 32.1330757141113 32.5437965393066 33.0380172729492 33.5486526489258 33.9852752685547 34.3943290710449 34.5608253479004 34.6941871643066 34.7110443115234 34.7477416992188 34.8212776184082 34.9597854614258 35.169075012207 35.3097190856934 35.4059448242188 35.3934059143066 35.341796875 35.2754440307617
31.9947071075439 31.7757053375244 31.5354595184326 31.0023880004883 -9999 -9999 -9999 -9999 28.5575313568115 28.4881191253662 28.2814407348633 27.8863124847412 26.4020729064941 24.0267505645752 23.1992359161377 23.1048831939697 22.9784545898438 22.8443584442139 23.6346817016602 24.5028629302979 25.5799560546875 26.686559677124 27.9166641235352 29.0779056549072 30.0937747955322 30.8989887237549 31.4467334747314 31.861873626709 32.1804275512695 32.5361862182617 32.9073524475098 33.3192558288574 33.7391700744629 34.0764236450195 34.3887176513672 34.4870910644531 34.5644874572754 34.5681381225586 34.5991516113281 34.680980682373 34.8498497009277 35.1135520935059 35.3124504089355 35.4694137573242 35.4846343994141 35.4489402770996 35.4080963134766
32.2062492370605 31.8925342559814 31.5453853607178 31.0023880004883 30.4348258972168 29.7453002929688 29.1171550750732 28.801248550415 28.5575313568115 28.4881191253662 28.2814407348633 27.8863124847412 26.9572658538818 25.5913829803467 25.0367488861084 24.8663864135742 24.6653118133545 24.456901550293 25.0920906066895 25.8016624450684 26.750301361084 27.7308444976807 28.8449077606201 29.8534259796143 30.6391334533691 31.286865234375 31.7659606933594 32.142520904541 32.444393157959 32.7441444396973 33.0430221557617 33.350757598877 33.6602325439453 33.9319610595703 34.1862030029297 34.2832908630371 34.3652839660645 34.3942031860352 34.4471435546875 34.5446891784668 34.7324523925781 35.0185089111328 35.2786903381348 35.5221214294434 35.5935173034668 35.6031150817871 35.5931816101074
32.5952568054199 32.2432594299316 31.8492469787598 31.3340797424316 30.8039169311523 30.2037239074707 29.6553611755371 29.3706607818604 29.1455516815186 29.0643348693848 28.8678894042969 28.5132522583008 27.9474086761475 27.2087631225586 26.7485275268555 26.4201679229736 26.221097946167 26.0529174804688 26.5743923187256 27.1578845977783 27.9544277191162 28.7748279571533 29.695068359375 30.5150108337402 31.1232147216797 31.6462230682373 32.0651054382324 32.4037971496582 32.68408203125 32.9329376220703 33.168773651123 33.3921165466309 33.6130027770996 33.8220176696777 34.0199317932129 34.1137161254883 34.198070526123 34.2492523193359 34.3218803405762 34.4343299865723 34.6373138427734 34.9389266967773 35.2405128479004 35.5420837402344 35.6601409912109 35.7122764587402 35.7322731018066
33.2351684570312 32.924674987793 32.568675994873 32.1347198486328 31.6948356628418 31.3102760314941 30.9544944763184 30.7451152801514 30.5649223327637 30.4552135467529 30.2834720611572 30.0265712738037 29.5524921417236 28.9007225036621 28.282543182373 27.6802730560303 27.5915679931641 27.6255702972412 28.0918846130371 28.5952911376953 29.2063102722168 29.8183784484863 30.4348297119141 31.0155067443848 31.5206623077393 31.9652633666992 32.3358535766602 32.6376914978027 32.8894538879395 33.0946235656738 33.2805023193359 33.4474143981934 33.6105995178223 33.760871887207 33.9048957824707 33.9925308227539 34.0760803222656 34.1452827453613 34.2344360351562 34.3606414794922 34.5736427307129 34.8812026977539 35.196102142334 35.5157470703125 35.6670150756836 35.7577934265137 35.8063354492188
33.6359634399414 33.4048194885254 33.1353569030762 32.8082962036133 32.4785308837891 32.2348670959473 31.9992752075195 31.804723739624 31.6204967498779 31.4611988067627 31.2579402923584 30.994327545166 30.5601749420166 29.9864902496338 29.3929767608643 28.7900695800781 28.7549686431885 28.8555355072021 29.2465648651123 29.6624641418457 30.1499271392822 30.6225757598877 31.0332317352295 31.4377307891846 31.8292274475098 32.192756652832 32.5221061706543 32.8000526428223 33.0405616760254 33.2287712097168 33.3953170776367 33.5321083068848 33.6630477905273 33.7711715698242 33.8752899169922 33.9485321044922 34.0222206115723 34.0974540710449 34.1934509277344 34.3279991149902 34.5446090698242 34.8506164550781 35.1584053039551 35.467342376709 35.620964050293 35.7187919616699 35.7779998779297
33.8354034423828 33.715461730957 33.5734024047852 33.3748664855957 33.1719245910645 33.0062294006348 32.8298606872559 32.5991973876953 32.3697090148926 32.1430587768555 31.8609371185303 31.5026569366455 31.0647773742676 30.5617752075195 30.1467056274414 29.773286819458 29.7439918518066 29.7969169616699 30.0957145690918 30.4178562164307 30.8339443206787 31.2252082824707 31.5125904083252 31.7940349578857 32.0629425048828 32.3431587219238 32.6371994018555 32.902172088623 33.1459770202637 33.3397216796875 33.5127334594727 33.6415557861328 33.7616920471191 33.8416328430176 33.9176177978516 33.9695434570312 34.0257301330566 34.0969047546387 34.1915855407715 34.3299255371094 34.5447425842285 34.842887878418 35.1263656616211 35.4003562927246 35.530345916748 35.6086120605469 35.6634368896484
33.9809761047363 33.9140205383301 33.8330154418945 33.7111854553223 33.5846328735352 33.4432945251465 33.2872657775879 33.0564880371094 32.8217658996582 32.577522277832 32.2854614257812 31.9277534484863 31.5363368988037 31.1173400878906 30.8151760101318 30.5683498382568 30.5587596893311 30.6058540344238 30.8413410186768 31.0960178375244 31.4416484832764 31.7624320983887 31.9792232513428 32.1826362609863 32.3578071594238 32.5608367919922 32.7979164123535 33.0315895080566 33.2627830505371 33.4582901000977 33.6390228271484 33.7657432556152 33.8818435668945 33.9393615722656 33.99267578125 34.0261116027832 34.0666427612305 34.1321258544922 34.2235298156738 34.3630828857422 34.5676803588867 34.8431510925293 35.0915832519531 35.3225250244141 35.4306907653809 35.4947509765625 35.5451164245605
34.1001930236816 34.0577278137207 34.0053062438965 33.9348297119141 33.8599739074707 33.7167663574219 33.5620460510254 33.3487701416016 33.1284027099609 32.8909187316895 32.6226501464844 32.3121185302734 31.9917240142822 31.6632556915283 31.4419231414795 31.2713356018066 31.2882556915283 31.3499774932861 31.5363063812256 31.736385345459 32.0120086669922 32.2676467895508 32.439624786377 32.5870399475098 32.6825942993164 32.8114356994629 32.9809608459473 33.1743621826172 33.3851623535156 33.5805892944336 33.7696495056152 33.8971405029297 34.012523651123 34.0504341125488 34.0837440490723 34.1000823974609 34.1258659362793 34.1848487854004 34.2720184326172 34.4115219116211 34.6017761230469 34.8473281860352 35.0554618835449 35.239387512207 35.3266067504883 35.3790893554688 35.4249572753906
34.284107208252 34.2525367736816 34.2145614624023 34.1615333557129 34.1044082641602 33.9782295227051 33.8416175842285 33.6519432067871 33.4548988342285 33.2400741577148 32.9997406005859 32.7243919372559 32.4401893615723 32.1487503051758 31.9603176116943 31.8206768035889 31.8309936523438 31.877140045166 32.0252227783203 32.1849060058594 32.411491394043 32.624885559082 32.7830657958984 32.9139709472656 32.9872970581055 33.0815010070801 33.2012252807617 33.3597831726074 33.5466270446777 33.7240104675293 33.8974723815918 34.018611907959 34.129467010498 34.1612167358398 34.1882095336914 34.1973724365234 34.2159385681152 34.2675437927246 34.345645904541 34.4729499816895 34.6367416381836 34.8402862548828 35.0098304748535 35.1573791503906 35.2351760864258 35.2879219055176 35.339038848877
