Ecospace-environmental-drivers/Outputs/ASCII-for-ecospace/MOM6-ISIMIP3a/so/1997-10_so_MOM6-ISIMIP3a.asc
NCOLS 131 
NROWS 53 
XLLCORNER -98 
YLLCORNER 23.9265270233154 
CELLSIZE 0.133587792515755 
NODATA_value -9999 
[rows 0 to 20 of 53, columns 47 to 93 of 131]
-9999 -9999 -9999 -9999 -9999 -9999 -9999 -9999 -9999 -9999 -9999 -9999 -9999 -9999 -9999 -9999 -9999 -9999 -9999 -9999 -9999 -9999 -9999 -9999 -9999 -9999 -9999 -9999 -9999 -9999 -9999 -9999 -9999 -9999 -9999 -9999 -9999 -9999 -9999 -9999 -9999 -9999 -9999 -9999 -9999 -9999 -9999
-9999 -9999 -9999 -9999 -9999 -9999 -9999 -9999 -9999 -9999 -9999 -9999 -9999 -9999 -9999 -9999 -9999 -9999 -9999 -9999 -9999 -9999 -9999 -9999 -9999 -9999 -9999 -9999 -9999 -9999 -9999 -9999 -9999 -9999 -9999 -9999 -9999 -9999 -9999 -9999 -9999 -9999 -9999 -9999 -9999 -9999 -9999
-9999 -9999 -9999 -9999 -9999 -9999 -9999 -9999 -9999 -9999 -9999 -9999 -9999 -9999 -9999 -9999 -9999 -9999 -9999 -9999 -9999 -9999 -9999 -9999 -9999 -9999 -9999 32.441463470459 32.7653427124023 -9999 -9999 -9999 -9999 -9999 -9999 -9999 -9999 -9999 -9999 -9999 -9999 -9999 -9999 -9999 -9999 -9999 -9999
-9999 -9999 -9999 -9999 -9999 -9999 -9999 -9999 -9999 -9999 -9999 -9999 -9999 -9999 -9999 -9999 -9999 -9999 -9999 -9999 -9999 -9999 -9999 -9999 -9999 -9999 -9999 32.4460487365723 32.7599563598633 -9999 -9999 -9999 -9999 -9999 -9999 -9999 -9999 -9999 -9999 -9999 -9999 -9999 -9999 -9999 -9999 -9999 -9999
-9999 -9999 -9999 -9999 -9999 -9999 -9999 -9999 -9999 -9999 -9999 -9999 -9999 -9999 -9999 -9999 -9999 -9999 26.8594646453857 27.0633068084717 27.2263813018799 28.1776294708252 28.9981784820557 30.3633632659912 31.2661666870117 31.7691307067871 32.143684387207 32.4423294067383 32.7521324157715 33.0854072570801 -9999 -9999 34.0819778442383 34.3704299926758 34.6004257202148 34.7816696166992 34.902587890625 34.9985694885254 35.0664443969727 35.1142616271973 35.1373596191406 35.143253326416 -9999 -9999 -9999 -9999 -9999
-9999 -9999 -9999 -9999 -9999 -9999 -9999 -9999 -9999 -9999 -9999 -9999 -9999 -9999 22.6720447540283 -9999 22.311185836792 22.018970489502 24.511848449707 26.8594646453857 27.104076385498 27.2263813018799 29.1288776397705 30.6392784118652 31.3219337463379 31.837287902832 32.1481704711914 32.4455947875977 32.7332229614258 33.0775756835938 33.4454231262207 33.7746429443359 34.0962753295898 34.3750114440918 34.6400032043457 34.7862663269043 34.9187431335449 35.0027503967285 35.0742111206055 35.1223754882812 35.1462020874023 35.1435050964355 35.1400527954102 35.1361083984375 -9999 -9999 -9999
-9999 -9999 -9999 -9999 -9999 -9999 -9999 -9999 -9999 -9999 21.1949119567871 21.2488708496094 21.3059215545654 21.5059871673584 22.2061424255371 22.7238254547119 22.6202621459961 22.2943248748779 22.018970489502 24.6571102142334 26.8594646453857 27.2263813018799 29.1288776397705 30.6392784118652 31.3219337463379 31.837287902832 32.1481704711914 32.4455947875977 32.7332229614258 33.0775756835938 33.4454231262207 33.7746429443359 34.0962753295898 34.3750114440918 34.6400032043457 34.7862663269043 34.9187431335449 35.0027503967285 35.0742111206055 35.1223754882812 35.1462020874023 35.1435050964355 35.1400527954102 35.1361083984375 35.135066986084 35.2131156921387 -9999
-9999 -9999 -9999 -9999 -9999 -9999 -9999 -9999 -9999 -9999 20.9056091308594 21.1949119567871 21.3028297424316 -9999 21.7951068878174 22.4714946746826 22.8273887634277 22.6202621459961 22.2437400817871 22.018970489502 25.0928974151611 27.9060211181641 29.6276550292969 31.0318183898926 31.765775680542 32.3227348327637 32.6633605957031 32.9309883117676 33.1454429626465 33.4200630187988 33.719596862793 34.005786895752 34.2893524169922 34.5220985412598 34.7431678771973 34.868579864502 34.9831237792969 35.0594635009766 35.1291198730469 35.1863784790039 35.2227935791016 35.2365074157715 35.2353973388672 35.2246971130371 35.2398910522461 35.2643852233887 35.3307228088379
-9999 -9999 -9999 -9999 -9999 -9999 -9999 -9999 -9999 -9999 -9999 -9999 -9999 -9999 21.6544208526611 22.3201522827148 22.9352512359619 23.034517288208 22.6202621459961 22.0919895172119 25.5654010772705 28.6620674133301 30.1820220947266 31.4674129486084 32.2576217651367 32.859432220459 33.2309837341309 33.4655570983887 33.6003608703613 33.7981185913086 34.0219421386719 34.260066986084 34.5009994506836 34.6828498840332 34.8553161621094 34.9574584960938 35.0519714355469 35.1196556091309 35.1872253417969 35.254581451416 35.3053359985352 35.3380012512207 35.3403816223145 35.3231620788574 35.2999687194824 35.2746315002441 35.3476867675781
30.9426727294922 -9999 -9999 -9999 -9999 -9999 -9999 -9999 -9999 -9999 24.0353832244873 20.6090755462646 -9999 -9999 -9999 22.1417694091797 23.1921081542969 23.6876029968262 23.4487724304199 23.7205867767334 26.7520141601562 29.4483203887939 30.7421035766602 31.8838787078857 32.7047462463379 33.3047180175781 33.634708404541 33.838264465332 33.9497299194336 34.091682434082 34.2462539672852 34.427806854248 34.6146659851074 34.7526321411133 34.8831520080566 34.9585952758789 35.0294227600098 35.0840187072754 35.1465797424316 35.223934173584 35.3007316589355 35.3769187927246 35.4128532409668 35.422737121582 35.412712097168 35.3955307006836 35.4133453369141
30.7277507781982 30.69602394104 -9999 -9999 -9999 -9999 -9999 -9999 -9999 -9999 25.7000160217285 23.6440849304199 20.6090755462646 -9999 -9999 22.0582466125488 23.1721515655518 24.3459281921387 24.8508968353271 25.4435424804688 27.9810428619385 30.2373352050781 31.3167400360107 32.3184776306152 33.1562614440918 33.7474899291992 34.0373878479004 34.2077560424805 34.2910652160645 34.3765907287598 34.4630355834961 34.5867652893066 34.7178192138672 34.8125686645508 34.9019241333008 34.9517669677734 34.9996566772461 35.0406761169434 35.0965194702148 35.1798973083496 35.2788734436035 35.3948516845703 35.4671020507812 35.5110626220703 35.5187110900879 35.5133209228516 35.4870262145996
30.7277507781982 30.6325721740723 29.5832786560059 28.5513000488281 -9999 -9999 -9999 -9999 -9999 -9999 -9999 25.1064300537109 23.0674476623535 20.6090755462646 21.1949119567871 22.0582466125488 23.1721515655518 24.3459281921387 25.9902648925781 27.6726055145264 29.4375782012939 31.0411834716797 31.9694499969482 32.8503608703613 33.6313018798828 34.1767730712891 34.4344635009766 34.5600090026855 34.5893020629883 34.6150932312012 34.6394271850586 34.6985931396484 34.7646026611328 34.8196792602539 34.8720741271973 34.9022102355957 34.9311676025391 34.955997467041 34.9959602355957 35.0640258789062 35.1644744873047 35.3002128601074 35.4236106872559 35.5390281677246 35.5885734558105 35.6144523620605 35.6037406921387
30.7228469848633 29.9880104064941 29.1697406768799 28.5427894592285 -9999 -9999 -9999 -9999 26.6258907318115 26.1923160552979 25.782506942749 25.4053268432617 24.1314544677734 22.1239337921143 22.0856285095215 22.9800987243652 24.0097637176514 25.0717315673828 27.3496932983398 29.6314296722412 30.7522068023682 31.8070468902588 32.5859222412109 33.3387794494629 34.036693572998 34.5276260375977 34.7655868530273 34.8649978637695 34.8634948730469 34.8487968444824 34.8286361694336 34.8329925537109 34.8421669006348 34.8597679138184 34.8767433166504 34.884521484375 34.8918266296387 34.8974838256836 34.9179077148438 34.9657554626465 35.0574989318848 35.1970672607422 35.3544502258301 35.5233535766602 35.6171455383301 35.6839561462402 35.6972007751465
30.7056846618652 29.972728729248 29.1684417724609 28.5427894592285 27.9413681030273 27.5004768371582 27.0987339019775 26.8961353302002 26.6258907318115 26.1923160552979 25.782506942749 25.4053268432617 25.0259552001953 24.6447906494141 25.2031841278076 26.2066287994385 26.9414482116699 27.6120834350586 29.2592906951904 30.9146423339844 31.7120685577393 32.4779510498047 33.1118087768555 33.7185325622559 34.2679672241211 34.6823959350586 34.9318237304688 35.0518341064453 35.0775756835938 35.0705184936523 35.0498809814453 35.0238189697266 34.9966926574707 34.9823036193848 34.9677085876465 34.9465065002441 34.9253540039062 34.9043807983398 34.8961296081543 34.9114990234375 34.9690818786621 35.0726547241211 35.2210960388184 35.3985748291016 35.5425071716309 35.674388885498 35.7325325012207
30.99680519104 30.3099536895752 29.5608024597168 28.9673709869385 28.3969554901123 28.0175666809082 27.6689414978027 27.4768085479736 27.2392349243164 26.8919448852539 26.6343955993652 26.5000476837158 26.7598361968994 27.3421001434326 28.1432456970215 29.0480709075928 29.5389671325684 29.9309635162354 31.0207176208496 32.1182670593262 32.6316375732422 33.1421890258789 33.6409530639648 34.1108016967773 34.5195999145508 34.8483963012695 35.0794219970703 35.2027053833008 35.2475128173828 35.2498741149902 35.2346534729004 35.1955604553223 35.1517753601074 35.116512298584 35.0807075500488 35.0364608764648 34.9916152954102 34.9446411132812 34.9077796936035 34.8896903991699 34.911563873291 34.9769821166992 35.104736328125 35.2728233337402 35.4452629089355 35.6192665100098 35.7163505554199
31.7237854003906 31.1455574035645 30.509729385376 29.9922370910645 29.4966602325439 29.2657260894775 29.045316696167 28.8784465789795 28.7197360992432 28.5807247161865 28.6907005310059 29.1424999237061 29.6804504394531 30.2888832092285 30.8323612213135 31.3450717926025 31.6640434265137 31.9367256164551 32.5726585388184 33.2093696594238 33.4942359924316 33.797004699707 34.1747016906738 34.520751953125 34.8000106811523 35.0302734375 35.2006607055664 35.3027305603027 35.3550338745117 35.3693237304688 35.3678703308105 35.3403167724609 35.3076324462891 35.2672271728516 35.2248458862305 35.1659622192383 35.1041564941406 35.0320739746094 34.9666900634766 34.9137535095215 34.8977394104004 34.921947479248 35.0123977661133 35.1457061767578 35.3160667419434 35.4997329711914 35.6273307800293
32.4911766052246 32.0630531311035 31.5865230560303 31.1735763549805 30.7765922546387 30.6348838806152 30.496410369873 30.3744029998779 30.2926540374756 30.3081169128418 30.5912094116211 31.2417259216309 31.7918376922607 32.2598037719727 32.5960578918457 32.8699226379395 33.0676498413086 33.2471885681152 33.6031303405762 33.9590072631836 34.1375427246094 34.3335990905762 34.6029739379883 34.8457794189453 35.0325050354004 35.1900634765625 35.3119773864746 35.3903579711914 35.4370269775391 35.451545715332 35.4527473449707 35.4318313598633 35.406566619873 35.3651657104492 35.3209762573242 35.2553863525391 35.185848236084 35.1024284362793 35.0218124389648 34.9463958740234 34.903392791748 34.8957061767578 34.9531517028809 35.0527381896973 35.2087211608887 35.3849601745605 35.5251350402832
33.292594909668 33.0495071411133 32.77099609375 32.4866828918457 32.2082977294922 32.1059341430664 32.010425567627 31.9497814178467 31.9433975219727 32.0680236816406 32.360523223877 32.883487701416 33.2217636108398 33.4089317321777 33.5804405212402 33.7445297241211 33.863697052002 33.9721298217773 34.1944618225098 34.4210815429688 34.5961761474609 34.7706336975098 34.9424247741699 35.0992889404297 35.2246475219727 35.3312492370605 35.4149322509766 35.4675407409668 35.4975204467773 35.5024108886719 35.4969139099121 35.4785079956055 35.4575614929199 35.4186592102051 35.3766708374023 35.3110580444336 35.2415618896484 35.1584053039551 35.0737380981445 34.986255645752 34.9254531860352 34.8937149047852 34.9217758178711 34.9885292053223 35.1197814941406 35.2741966247559 35.4118461608887
33.7981758117676 33.6640548706055 33.5071296691895 33.3359680175781 33.1676712036133 33.1161766052246 33.0709266662598 33.0574569702148 33.0895957946777 33.2318725585938 33.4713439941406 33.8442459106445 34.0410766601562 34.0938415527344 34.1752014160156 34.2701110839844 34.3484687805176 34.4228706359863 34.5734443664551 34.7294654846191 34.8886871337891 35.0423011779785 35.172435760498 35.2903785705566 35.3825836181641 35.4565658569336 35.5082740783691 35.5337944030762 35.5402412414551 35.5278015136719 35.5075454711914 35.4844512939453 35.4607963562012 35.421817779541 35.3801879882812 35.3181800842285 35.2527313232422 35.1751747131348 35.0949783325195 35.0098762512207 34.9481582641602 34.911922454834 34.9280052185059 34.9779396057129 35.089183807373 35.2224464416504 35.3449745178223
34.1589775085449 34.0965995788574 34.0238647460938 33.9582710266113 33.8959045410156 33.9009094238281 33.9094924926758 33.9362449645996 33.9888877868652 34.1040306091309 34.2599182128906 34.4717445373535 34.5615692138672 34.5515785217285 34.5792999267578 34.6248817443848 34.6809120178223 34.7394332885742 34.8485069274902 34.9626388549805 35.0999031066895 35.233039855957 35.3488922119141 35.4509239196777 35.5237808227539 35.5741157531738 35.5969161987305 35.5946998596191 35.5742607116699 35.5407257080078 35.5017623901367 35.470458984375 35.4406623840332 35.4003486633301 35.3581657409668 35.3015480041504 35.2421112060547 35.1727561950684 35.1012001037598 35.0255508422852 34.9711837768555 34.9400100708008 34.9526329040527 34.9935913085938 35.0871391296387 35.199577331543 35.3008193969727
34.4617958068848 34.4228172302246 34.3782272338867 34.3578987121582 34.3416938781738 34.3696708679199 34.3996391296387 34.4397392272949 34.492015838623 34.5736808776855 34.677433013916 34.8115043640137 34.8618965148926 34.8438301086426 34.8549423217773 34.8798751831055 34.9228591918945 34.9701614379883 35.055290222168 35.1450881958008 35.2650184631348 35.3790435791016 35.4683609008789 35.5479469299316 35.6069831848145 35.6401748657227 35.6417694091797 35.6217498779297 35.5859832763672 35.5387496948242 35.4867668151855 35.4437675476074 35.4025344848633 35.3600540161133 35.3168411254883 35.2669410705566 35.2152061462402 35.1570434570312 35.1006813049316 35.0476760864258 35.0178413391113 35.0132446289062 35.0413017272949 35.0904808044434 35.1708221435547 35.2623519897461 35.3313446044922
