Ecospace-environmental-drivers/Outputs/ASCII-for-ecospace/MOM6-ISIMIP3a/so/1997-05_so_MOM6-ISIMIP3a.asc
NCOLS 131 
NROWS 53 
XLLCORNER -98 
YLLCORNER 23.9265270233154 
CELLSIZE 0.133587792515755 
NODATA_value -9999 
[rows 21 to 41 of 53, columns 0 to 46 of 131]
-9999 -9999 -9999 -9999 -9999 -9999 34.0780563354492 34.0702857971191 34.0469207763672 34.0070114135742 33.9246063232422 33.803050994873 33.8163375854492 33.8559188842773 33.8976249694824 33.9417877197266 33.9722938537598 33.9934234619141 34.0379447937012 34.091495513916 34.1525535583496 34.2149353027344 34.2789535522461 34.3386306762695 34.3618431091309 34.3743896484375 34.352352142334 34.3455276489258 34.3652458190918 34.3899383544922 34.4197578430176 34.4521446228027 34.4861030578613 34.5436744689941 34.6091232299805 34.6738357543945 34.7382431030273 34.774169921875 34.8083534240723 34.8314323425293 34.858829498291 34.8982276916504 34.9380798339844 34.9786338806152 35.016056060791 35.0506019592285 35.0797653198242
-9999 -9999 -9999 -9999 -9999 -9999 34.079662322998 34.0780563354492 34.0625152587891 34.0401000976562 34.0070114135742 33.963752746582 33.9538421630859 34.0099296569824 34.0730819702148 34.1443862915039 34.2023239135742 34.2510757446289 34.3040313720703 34.3586120605469 34.4116973876953 34.4645156860352 34.5215454101562 34.5752868652344 34.6008796691895 34.6164093017578 34.5993003845215 34.5922317504883 34.6026725769043 34.6192169189453 34.6420402526855 34.6703109741211 34.7019004821777 34.7616271972656 34.8307266235352 34.9109878540039 34.992546081543 35.0404281616211 35.0838584899902 35.0989418029785 35.1158981323242 35.138069152832 35.1615715026855 35.1871376037598 35.2118988037109 35.2359237670898 35.2581253051758
-9999 -9999 -9999 -9999 34.0553512573242 34.0730247497559 34.0804977416992 34.0804290771484 34.0780563354492 34.0469779968262 34.0283508300781 34.0573577880859 34.099048614502 34.1658325195312 34.2468528747559 34.344295501709 34.4291572570801 34.5053825378418 34.5668907165527 34.6227226257324 34.6682243347168 34.7119026184082 34.7622299194336 34.8103408813477 34.8387413024902 34.8579368591309 34.8472862243652 34.841121673584 34.8427886962891 34.8512954711914 34.8668479919434 34.8911628723145 34.9208221435547 34.982593536377 35.0550727844238 35.1501083374023 35.247989654541 35.3083877563477 35.3618698120117 35.3713340759277 35.3800811767578 35.3868370056152 35.3953056335449 35.4064292907715 35.418758392334 35.4321975708008 35.4463348388672
-9999 -9999 -9999 -9999 34.0145950317383 34.0532913208008 34.0655517578125 34.0804977416992 34.0827369689941 34.111213684082 34.1422233581543 34.1829299926758 34.2321357727051 34.2981567382812 34.3817481994629 34.4856109619141 34.587043762207 34.6868095397949 34.7617073059082 34.8269958496094 34.866153717041 34.9006996154785 34.9463081359863 34.9907150268555 35.0231094360352 35.0492172241211 35.0549392700195 35.062328338623 35.0726203918457 35.0860977172852 35.1028480529785 35.1295166015625 35.1622276306152 35.2263374328613 35.300910949707 35.3934631347656 35.4882583618164 35.5485687255859 35.6039085388184 35.6275978088379 35.6490898132324 35.6644477844238 35.6775665283203 35.6872367858887 35.6968955993652 35.7065467834473 35.7120170593262
-9999 -9999 -9999 -9999 -9999 34.0145950317383 34.0525245666504 34.050609588623 34.0916862487793 34.1699028015137 34.2432327270508 34.2978401184082 34.3571166992188 34.4256172180176 34.5127868652344 34.6214942932129 34.7352905273438 34.8525733947754 34.9378356933594 35.0107307434082 35.0452575683594 35.0730094909668 35.1157989501953 35.1582145690918 35.1948013305664 35.2275772094727 35.2479972839355 35.2677764892578 35.2864456176758 35.3054046630859 35.324649810791 35.3545761108398 35.3910026550293 35.4565849304199 35.5318794250488 35.6205749511719 35.7109069824219 35.7715034484863 35.828857421875 35.8655776977539 35.8988838195801 35.9226913452148 35.9403076171875 35.9483680725098 35.9542846679688 35.9582405090332 35.9535713195801
-9999 -9999 -9999 -9999 -9999 33.9994430541992 34.0145950317383 34.064395904541 34.1193695068359 34.2042961120605 34.2878265380859 34.3660087585449 34.4465484619141 34.5317459106445 34.6269111633301 34.7335777282715 34.8412628173828 34.9496459960938 35.0320434570312 35.1044120788574 35.1417961120605 35.1730041503906 35.221321105957 35.2692565917969 35.310905456543 35.3492774963379 35.3770370483398 35.4041328430176 35.4300727844238 35.4567527770996 35.4841918945312 35.5213317871094 35.5643882751465 35.6276588439941 35.6976737976074 35.776439666748 35.8562927246094 35.9188194274902 35.9788970947266 36.0233688354492 36.0644340515137 36.0960121154785 36.1174545288086 36.1232299804688 36.1207122802734 36.1105804443359 36.0893478393555
-9999 -9999 33.9687461853027 33.9717712402344 33.974235534668 33.9842758178711 33.9994621276855 34.0697441101074 34.1443176269531 34.2351913452148 34.3271408081055 34.4231872558594 34.521297454834 34.6234741210938 34.727294921875 34.8330039978027 34.9364166259766 35.0382499694824 35.1215019226074 35.1975746154785 35.2417945861816 35.2803916931152 35.3321075439453 35.3833312988281 35.4280853271484 35.4697036743164 35.5011711120605 35.5316619873047 35.5604476928711 35.590690612793 35.6224365234375 35.6637916564941 35.7110023498535 35.7730026245117 35.8399314880371 35.9117622375488 35.9842071533203 36.0477523803711 36.1094741821289 36.1595802307129 36.2060775756836 36.2425384521484 36.2660369873047 36.2694931030273 36.2590370178223 36.2358131408691 36.1993598937988
-9999.000000000000000 -9999 -9999 -9999 33.9568023681641 33.9641990661621 33.954948425293 34.0566825866699 34.1632843017578 34.2584571838379 34.3549308776855 34.4563980102539 34.5640106201172 34.6837882995605 34.7976913452148 34.9048194885254 35.0079650878906 35.1083793640137 35.2005805969238 35.2896156311035 35.3493537902832 35.4039192199707 35.4543762207031 35.5040168762207 35.547607421875 35.587345123291 35.6146011352539 35.6399345397949 35.6619110107422 35.6866455078125 35.7142219543457 35.7532348632812 35.7992172241211 35.8622016906738 35.930850982666 36.0022659301758 36.0739936828613 36.1365737915039 36.1975975036621 36.2487106323242 36.2955703735352 36.3306083679199 36.352294921875 36.3533592224121 36.3360557556152 36.3018989562988 36.2531585693359
-9999 -9999 -9999 -9999 33.9345817565918 33.921932220459 33.9245223999023 34.0519218444824 34.1830673217773 34.2810363769531 34.3808670043945 34.4878082275391 34.6028289794922 34.7338447570801 34.8562355041504 34.9686813354492 35.0752029418945 35.1776580810547 35.2772750854492 35.3757934570312 35.4510765075684 35.5222587585449 35.5755615234375 35.6271934509277 35.6681747436523 35.7049407958984 35.7280426025391 35.7483673095703 35.763843536377 35.7820777893066 35.8031425476074 35.8368148803711 35.8781623840332 35.9389533996582 36.0062255859375 36.0750160217285 36.1439590454102 36.2044715881348 36.2637405395508 36.3150749206543 36.3623275756836 36.3982200622559 36.4219131469727 36.4267501831055 36.4100608825684 36.3736114501953 36.3188438415527
-9999 -9999 -9999 -9999 33.9197769165039 33.9176177978516 33.9149551391602 34.0576095581055 34.2038688659668 34.3027534484863 34.4044609069824 34.5169525146484 34.6367492675781 34.77099609375 34.8998680114746 35.022533416748 35.1370124816895 35.2458686828613 35.3509635925293 35.4546012878418 35.5454635620117 35.6340713500977 35.6953773498535 35.7534942626953 35.7900581359863 35.8224830627441 35.8414916992188 35.856990814209 35.8663673400879 35.8768463134766 35.8884620666504 35.913013458252 35.9454460144043 36.0000457763672 36.0620384216309 36.1254386901855 36.1889877319336 36.2460556030273 36.3022384643555 36.3528022766113 36.4004707336426 36.4400939941406 36.4705848693848 36.4869613647461 36.4802703857422 36.4524002075195 36.399486541748
-9999 -9999 -9999 -9999 33.9176177978516 33.9143943786621 33.9106101989746 34.0653877258301 34.2231483459473 34.3203277587891 34.4224700927734 34.5436058044434 34.671215057373 34.811637878418 34.949592590332 35.0846977233887 35.2097511291504 35.3279037475586 35.4435157775879 35.5581436157227 35.6559181213379 35.7507133483887 35.8057746887207 35.8570976257324 35.8845329284668 35.9093399047852 35.9256134033203 35.938892364502 35.9469528198242 35.9549026489258 35.9627418518066 35.9818496704102 36.0078239440918 36.0550727844238 36.1094169616699 36.1669158935547 36.2248344421387 36.2799034118652 36.3344612121582 36.3857574462891 36.4347686767578 36.4774131774902 36.5121803283691 36.534782409668 36.5364685058594 36.5189514160156 36.4750518798828
-9999 -9999 -9999 -9999 33.9142074584961 33.9106101989746 34.0820693969727 34.0747413635254 34.2412872314453 34.3347930908203 34.4362907409668 34.5683822631836 34.7060852050781 34.8548927307129 35.0038871765137 35.1530952453613 35.2906875610352 35.4203071594238 35.5502166748047 35.6802368164062 35.7784156799316 35.8709754943848 35.909107208252 35.943675994873 35.9584541320801 35.9731788635254 35.9877319335938 36.0007514953613 36.0110855102539 36.0204238891602 36.028736114502 36.0451583862305 36.0665245056152 36.1055488586426 36.150463104248 36.2016830444336 36.253791809082 36.3079490661621 36.3619728088379 36.4151382446289 36.466178894043 36.5113105773926 36.548469543457 36.5733108520508 36.5821571350098 36.5763244628906 36.5468063354492
-9999 -9999 -9999 -9999 33.9106101989746 34.1365013122559 34.2178268432617 34.277530670166 34.2789916992188 34.3664779663086 34.4648475646973 34.6048774719238 34.7523307800293 34.9144668579102 35.0769691467285 35.2398948669434 35.3879280090332 35.5257339477539 35.6546783447266 35.780200958252 35.8556175231934 35.9221878051758 35.9453887939453 35.9667129516602 35.9803695678711 35.9956398010254 36.0161514282227 36.0353546142578 36.0522766113281 36.0670318603516 36.0795593261719 36.0973243713379 36.1182823181152 36.1533355712891 36.1930885314941 36.2418212890625 36.2918281555176 36.3465538024902 36.4011001586914 36.454532623291 36.5054893493652 36.549560546875 36.585090637207 36.6074180603027 36.6167755126953 36.6142311096191 36.5936393737793
-9999 -9999 -9999 -9999 -9999 34.3194313049316 34.3354988098145 34.3012084960938 34.325080871582 34.4055404663086 34.4997177124023 34.6463928222656 34.8034477233887 34.9810333251953 35.1581039428711 35.334587097168 35.4921569824219 35.6367416381836 35.7581787109375 35.8706817626953 35.913402557373 35.9438095092773 35.9529266357422 35.9625244140625 35.9799995422363 36.0003700256348 36.0301284790039 36.0582809448242 36.0836334228516 36.1055335998535 36.1238784790039 36.1447143554688 36.167064666748 36.1999702453613 36.2363929748535 36.2842636108398 36.3337631225586 36.3896789550781 36.4452056884766 36.498218536377 36.5481872558594 36.5896797180176 36.6218566894531 36.6396255493164 36.6466445922852 36.6437950134277 36.6297912597656
-9999 -9999 -9999 -9999 -9999 34.4254684448242 34.404972076416 34.4277610778809 34.4268493652344 34.4921875 34.5742416381836 34.720272064209 34.8792533874512 35.0638580322266 35.2455635070801 35.4239196777344 35.5781478881836 35.7158088684082 35.8125991821289 35.8936080932617 35.913818359375 35.9232978820801 35.9330520629883 35.9448280334473 35.9733848571777 36.0047225952148 36.0450706481934 36.0833473205566 36.1180076599121 36.147632598877 36.1720733642578 36.1966361999512 36.2212715148926 36.2552108764648 36.2922515869141 36.340690612793 36.3907318115234 36.4441146850586 36.4968109130859 36.5451622009277 36.5901489257812 36.6257743835449 36.6525840759277 36.6657638549805 36.6698112487793 36.6654777526855 36.6516876220703
-9999 -9999 -9999 -9999 -9999 34.5473823547363 34.5359382629395 34.4859428405762 34.5401382446289 34.5886840820312 34.6569747924805 34.8008460998535 34.9601669311523 35.1500473022461 35.3343276977539 35.5121421813965 35.6603660583496 35.7882652282715 35.8568572998047 35.9025535583496 35.9023628234863 35.8940696716309 35.9075088500977 35.9243392944336 35.9654769897461 36.0089950561523 36.0602149963379 36.1088562011719 36.153003692627 36.1904716491699 36.2210731506348 36.2495002746582 36.2765998840332 36.3122329711914 36.3507080078125 36.4000129699707 36.450813293457 36.5008850097656 36.5499687194824 36.5927772521973 36.6319580078125 36.6610374450684 36.6820602416992 36.6906433105469 36.6915893554688 36.6855316162109 36.6706352233887
-9999 -9999 -9999 -9999 -9999 -9999 34.7012405395508 34.6941108703613 34.6979293823242 34.7248649597168 34.7722396850586 34.8978424072266 35.0384941101074 35.2089157104492 35.3745422363281 35.5346374511719 35.6637687683105 35.7716369628906 35.825138092041 35.8576431274414 35.8583564758301 35.853458404541 35.8755035400391 35.9011154174805 35.9515228271484 36.0047302246094 36.0670166015625 36.1276550292969 36.1854209899902 36.235481262207 36.2776069641113 36.314323425293 36.3477478027344 36.3856658935547 36.4250869750977 36.4698791503906 36.5153884887695 36.5570030212402 36.5976028442383 36.6317329406738 36.6629409790039 36.6860046386719 36.7025260925293 36.7089385986328 36.7074775695801 36.6987991333008 36.6811103820801
-9999 -9999 -9999 -9999 -9999 -9999 34.8740577697754 34.9236640930176 34.8575401306152 34.863109588623 34.889404296875 34.9950218200684 35.1147079467773 35.2622337341309 35.4064750671387 35.5469284057617 35.6563949584961 35.7445831298828 35.7852630615234 35.8076019287109 35.8114242553711 35.8119812011719 35.8430633544922 35.877742767334 35.9368209838867 35.9991035461426 36.0717964172363 36.1440315246582 36.2154769897461 36.2786407470703 36.3332862854004 36.3790702819824 36.4194602966309 36.4596824645996 36.4998474121094 36.5395927429199 36.579231262207 36.6120452880859 36.6438598632812 36.6693229675293 36.692626953125 36.7099266052246 36.7221641540527 36.7265739440918 36.7228012084961 36.7115135192871 36.6910438537598
-9999 -9999 -9999 -9999 -9999 -9999 35.1027069091797 35.0044021606445 35.0152931213379 35.0044059753418 35.0113067626953 35.0862808227539 35.1695899963379 35.2693862915039 35.373233795166 35.481761932373 35.5716934204102 35.6488571166992 35.6947326660156 35.7285270690918 35.7488021850586 35.7666893005371 35.8090667724609 35.8541221618652 35.9170455932617 35.9830322265625 36.0589447021484 36.1377372741699 36.221549987793 36.3011054992676 36.376277923584 36.4372825622559 36.4896545410156 36.5320320129395 36.5710792541504 36.6026649475098 36.6331672668457 36.6559371948242 36.678108215332 36.696475982666 36.7136764526367 36.7276229858398 36.7372856140137 36.7403297424316 36.7348709106445 36.7216110229492 36.6992225646973
-9999 -9999 -9999 -9999 -9999 35.5910797119141 35.3591918945312 35.380054473877 35.1735916137695 35.150936126709 35.1425476074219 35.1887664794922 35.2389335632324 35.2969169616699 35.3633308410645 35.4394760131836 35.508186340332 35.5717887878418 35.6200485229492 35.6623840332031 35.6975402832031 35.7314338684082 35.7841644287109 35.8386650085449 35.9045028686523 35.9729537963867 36.049877166748 36.1329956054688 36.226921081543 36.3211822509766 36.4157829284668 36.4912185668945 36.5549812316895 36.5990676879883 36.6365966796875 36.660343170166 36.6821327209473 36.6959190368652 36.7094879150391 36.7216682434082 36.7335014343262 36.7443695068359 36.7516593933105 36.7534217834473 36.7465438842773 36.7317314147949 36.7079658508301
-9999 -9999 -9999 -9999 35.793643951416 35.6844787597656 35.5910797119141 35.4612236022949 35.333911895752 35.316650390625 35.3080139160156 35.3323936462402 35.3613014221191 35.3991775512695 35.4390068054199 35.481086730957 35.5223846435547 35.5631370544434 35.6034736633301 35.6436500549316 35.6879425048828 35.7329597473145 35.7926139831543 35.853157043457 35.9184761047363 35.9848518371582 36.0546760559082 36.1339530944824 36.2297248840332 36.3325004577637 36.4424896240234 36.5294799804688 36.6024589538574 36.646614074707 36.6811637878418 36.6982383728027 36.7128562927246 36.7215614318848 36.730354309082 36.7396774291992 36.7488594055176 36.757640838623 36.7632904052734 36.7640953063965 36.7567520141602 36.7419281005859 36.7187957763672
