Ecospace-environmental-drivers/Outputs/ASCII-for-ecospace/MOM6-ISIMIP3a/so/1998-12_so_MOM6-ISIMIP3a.asc
NCOLS 131 
NROWS 53 
XLLCORNER -98 
YLLCORNER 23.9265270233154 
CELLSIZE 0.133587792515755 
NODATA_value -9999 
[rows 21 to 41 of 53, columns 0 to 46 of 131]
-9999 -9999 -9999 -9999 -9999 -9999 35.2263793945312 35.2074089050293 35.1563911437988 35.0723075866699 34.9673805236816 34.800666809082 34.7964324951172 34.783821105957 34.8001327514648 34.8498191833496 34.9170570373535 34.9963531494141 35.0963325500488 35.2042999267578 35.3088569641113 35.4128112792969 35.4672508239746 35.5200729370117 35.568473815918 35.6190032958984 35.676441192627 35.7277069091797 35.7682075500488 35.7984199523926 35.8180503845215 35.8281669616699 35.8324928283691 35.8201370239258 35.8022270202637 35.7793273925781 35.7558097839355 35.7423324584961 35.724925994873 35.6824913024902 35.6401824951172 35.5982055664062 35.5629806518555 35.5381851196289 35.5134658813477 35.4888114929199 35.4397277832031
-9999 -9999 -9999 -9999 -9999 -9999 35.2297706604004 35.2263793945312 35.1884384155273 35.1384353637695 35.0723075866699 35.0291709899902 35.014949798584 35.0579452514648 35.1118507385254 35.1783447265625 35.2437973022461 35.3085327148438 35.3812370300293 35.4570236206055 35.5417861938477 35.6281394958496 35.6783256530762 35.7258148193359 35.7574310302734 35.790599822998 35.8287963867188 35.8621940612793 35.8872299194336 35.9068565368652 35.9209136962891 35.933048248291 35.944019317627 35.9419288635254 35.935489654541 35.9165191650391 35.8958473205566 35.8801231384277 35.8615188598633 35.8246116638184 35.7856254577637 35.7408409118652 35.6999702453613 35.665153503418 35.6365051269531 35.6135215759277 35.5680885314941
-9999 -9999 -9999 -9999 35.2360992431641 35.2351608276367 35.2323417663574 35.2305946350098 35.2263793945312 35.1504974365234 35.1045532226562 35.173210144043 35.250373840332 35.3443794250488 35.4304542541504 35.5073738098145 35.5662269592285 35.6126708984375 35.6555557250977 35.6970710754395 35.7604064941406 35.8275909423828 35.8726577758789 35.9140968322754 35.9293365478516 35.945442199707 35.9643516540527 35.9798851013184 35.9895172119141 35.9985466003418 36.006950378418 36.0208396911621 36.0380706787109 36.0469818115234 36.0531196594238 36.0399284362793 36.024055480957 36.0066566467285 35.9875640869141 35.9576950073242 35.9235877990723 35.8776893615723 35.8323783874512 35.7879791259766 35.7553443908691 35.7335052490234 35.6915092468262
-9999 -9999 -9999 -9999 35.2372207641602 35.2396697998047 35.237979888916 35.2323417663574 35.2330589294434 35.2421798706055 35.2758140563965 35.4032745361328 35.5225639343262 35.6257019042969 35.7025604248047 35.7490997314453 35.7817916870117 35.8049774169922 35.8234634399414 35.8401374816895 35.8771934509277 35.9178504943848 35.9476470947266 35.9759063720703 35.9933242797852 36.0091018676758 36.0195426940918 36.0280303955078 36.0331001281738 36.0376968383789 36.0417976379395 36.0519523620605 36.0657920837402 36.0792961120605 36.0926895141602 36.0946846008301 36.0949974060059 36.0799446105957 36.0637130737305 36.0399589538574 36.0130157470703 35.9771957397461 35.9402809143066 35.9016723632812 35.870174407959 35.8451995849609 35.8060760498047
-9999 -9999 -9999 -9999 -9999 35.2372207641602 35.2511444091797 35.2436180114746 35.2568206787109 35.3458976745605 35.4523963928223 35.625560760498 35.7754058837891 35.8791084289551 35.9437522888184 35.9633293151855 35.9726448059082 35.9749145507812 35.9721374511719 35.967414855957 35.9810180664062 35.9978561401367 36.0136184692383 36.0296096801758 36.0477066040039 36.0623168945312 36.0656394958496 36.0682106018066 36.0694770812988 36.0706443786621 36.0717163085938 36.0791473388672 36.0904541015625 36.1081123352051 36.1278877258301 36.1431694030762 36.1576499938965 36.1471328735352 36.1356735229492 36.1182174682617 36.0982055664062 36.0710792541504 36.0416412353516 36.0086250305176 35.9793167114258 35.9534149169922 35.9178199768066
-9999 -9999 -9999 -9999 -9999 35.2296524047852 35.2372207641602 35.2913932800293 35.3554801940918 35.502384185791 35.6523017883301 35.8137474060059 35.9434013366699 36.010139465332 36.0494155883789 36.0570030212402 36.0551338195801 36.0467720031738 36.0364875793457 36.025463104248 36.0279884338379 36.032901763916 36.0400428771973 36.0477676391602 36.0599479675293 36.069751739502 36.0718536376953 36.0734710693359 36.0742416381836 36.0764122009277 36.0800247192383 36.0891761779785 36.1017036437988 36.1215934753418 36.1439323425293 36.1641426086426 36.1839485168457 36.187557220459 36.1892700195312 36.1789207458496 36.1648292541504 36.140323638916 36.1143188476562 36.0860023498535 36.0635147094727 36.0463790893555 36.0171928405762
-9999 -9999 35.2142715454102 35.2158012390137 35.2170639038086 35.2220764160156 35.229663848877 35.3465614318848 35.4744529724121 35.6638107299805 35.8428611755371 35.9824523925781 36.0871658325195 36.1228713989258 36.1406745910645 36.137825012207 36.1262168884277 36.1085929870605 36.0921440124512 36.0761489868164 36.070369720459 36.0663986206055 36.0666313171387 36.067569732666 36.073600769043 36.0782127380371 36.0782241821289 36.0783157348633 36.0785522460938 36.0814018249512 36.0869331359863 36.0978240966797 36.1119804382324 36.1333045959473 36.1570167541504 36.1804695129395 36.2038383483887 36.2205772399902 36.2355079650879 36.2389068603516 36.2378044128418 36.224178314209 36.2082862854004 36.1888847351074 36.1751518249512 36.166618347168 36.1453742980957
-9999.000000000000000 -9999 -9999 -9999 35.2082633972168 35.2120513916016 35.2074317932129 35.4178504943848 35.6377449035645 35.8360176086426 36.0130271911621 36.1086463928223 36.1780738830566 36.1956748962402 36.200511932373 36.1906089782715 36.1724128723145 36.1485176086426 36.1288299560547 36.110767364502 36.1027526855469 36.096508026123 36.0935821533203 36.0909690856934 36.09033203125 36.0889053344727 36.0849304199219 36.0822639465332 36.0818710327148 36.0846824645996 36.0907936096191 36.1034622192383 36.1201248168945 36.1411552429199 36.1636428833008 36.1866455078125 36.2097549438477 36.2374534606934 36.2656860351562 36.2973213195801 36.324634552002 36.339916229248 36.3486938476562 36.347412109375 36.3466529846191 36.3463745117188 36.3364067077637
-9999 -9999 -9999 -9999 35.1970138549805 35.1906585693359 35.1920547485352 35.4728927612305 35.7610130310059 35.9620819091797 36.1355476379395 36.2033615112305 36.2505302429199 36.2568473815918 36.2539978027344 36.2405662536621 36.2186317443848 36.190860748291 36.1693382263184 36.1502265930176 36.1397552490234 36.1308097839355 36.1223907470703 36.1141815185547 36.1076202392578 36.1010284423828 36.0943450927734 36.0899085998535 36.0893936157227 36.0925140380859 36.0993728637695 36.1131973266602 36.1312599182129 36.1530303955078 36.1760406494141 36.2045097351074 36.2338333129883 36.2766227722168 36.3201103210449 36.368034362793 36.4106979370117 36.438720703125 36.4587860107422 36.4665603637695 36.4722290039062 36.4759712219238 36.4733963012695
-9999 -9999 -9999 -9999 35.1894950866699 35.1883316040039 35.1868934631348 35.5074882507324 35.833927154541 36.0300903320312 36.1981239318848 36.2584762573242 36.2997779846191 36.3033828735352 36.2994956970215 36.2869606018066 36.2648773193359 36.2362403869629 36.2146492004395 36.1957778930664 36.1825790405273 36.1703834533691 36.1535339355469 36.1371574401855 36.1256103515625 36.1149482727051 36.1071624755859 36.1022109985352 36.1022071838379 36.1060638427734 36.1138954162598 36.1280860900879 36.1461524963379 36.1699676513672 36.1956939697266 36.2370758056641 36.2807579040527 36.3438377380371 36.405029296875 36.454216003418 36.4958000183105 36.5162124633789 36.5307388305664 36.5361671447754 36.5400276184082 36.5424537658691 36.5423965454102
-9999 -9999 -9999 -9999 35.1883316040039 35.1865921020508 35.1845512390137 35.5117950439453 35.8454055786133 36.0516815185547 36.2279815673828 36.2895431518555 36.3319435119629 36.3364372253418 36.3338966369629 36.3232460021973 36.3008995056152 36.2705192565918 36.2484817504883 36.229663848877 36.2147254943848 36.2004699707031 36.1801338195801 36.160270690918 36.1454429626465 36.1322174072266 36.1241798400879 36.1193542480469 36.1201400756836 36.125301361084 36.1349639892578 36.1546936035156 36.1805534362793 36.2144775390625 36.251091003418 36.304141998291 36.359504699707 36.4205665588379 36.4783248901367 36.5149993896484 36.5453910827637 36.5582847595215 36.5676460266113 36.5715484619141 36.5744094848633 36.5763206481934 36.5774955749512
-9999 -9999 -9999 -9999 35.1864929199219 35.1845512390137 35.4802474975586 35.4933815002441 35.8108100891113 36.0384559631348 36.2332954406738 36.3025741577148 36.3513031005859 36.359375 36.3599739074707 36.3519477844238 36.3292503356934 36.2964744567871 36.2737083435059 36.2548065185547 36.2388610839844 36.2234382629395 36.2033348083496 36.1834907531738 36.1666603088379 36.1519966125488 36.144344329834 36.1401290893555 36.1419105529785 36.1487998962402 36.1609497070312 36.1900901794434 36.2295799255371 36.279670715332 36.3332977294922 36.3970832824707 36.4621086120605 36.5044364929199 36.5428924560547 36.5567321777344 36.5683479309082 36.5737915039062 36.5782699584961 36.5812644958496 36.5837364196777 36.5857276916504 36.5871620178223
-9999 -9999 -9999 -9999 35.1845512390137 35.5022621154785 35.6414375305176 35.7312622070312 35.7580642700195 36.0072631835938 36.222599029541 36.3083152770996 36.3683891296387 36.3777160644531 36.3808479309082 36.376838684082 36.3548927307129 36.3206329345703 36.2925300598145 36.2668037414551 36.2507820129395 36.2364692687988 36.219425201416 36.202579498291 36.1878890991211 36.1752281188965 36.1691665649414 36.1689758300781 36.1790313720703 36.1979904174805 36.2261123657227 36.2680015563965 36.3182716369629 36.3714065551758 36.4255027770996 36.4750328063965 36.5237579345703 36.5484504699707 36.570442199707 36.5752029418945 36.5795135498047 36.5825576782227 36.5853881835938 36.5878868103027 36.5899543762207 36.5916290283203 36.5929069519043
-9999 -9999 -9999 -9999 -9999 35.6771392822266 35.702808380127 35.6996726989746 35.6975364685059 35.9683685302734 36.2050361633301 36.3109397888184 36.3845062255859 36.3940887451172 36.3994979858398 36.4000968933105 36.3793792724609 36.3440246582031 36.3086090087891 36.2731628417969 36.2574615478516 36.2452430725098 36.2324714660645 36.2199020385742 36.2091178894043 36.1999435424805 36.1959838867188 36.2012825012207 36.2227325439453 36.2581939697266 36.3080673217773 36.364128112793 36.4239616394043 36.4745216369629 36.5219917297363 36.5465545654297 36.5678520202637 36.5753898620605 36.5821189880371 36.5837097167969 36.585620880127 36.5884399414062 36.591007232666 36.5931816101074 36.594841003418 36.5960311889648 36.5969772338867
-9999 -9999 -9999 -9999 -9999 35.6996879577637 35.6871681213379 35.6774864196777 35.6981620788574 35.9703712463379 36.209228515625 36.3204307556152 36.3974113464355 36.406665802002 36.4142799377441 36.419994354248 36.4057960510254 36.3779220581055 36.338264465332 36.2940559387207 36.2724609375 36.2548599243164 36.2464866638184 36.238826751709 36.2354011535645 36.2346000671387 36.2423248291016 36.2627563476562 36.305362701416 36.3523979187012 36.4039840698242 36.4515113830566 36.4965705871582 36.5295028686523 36.5583992004395 36.5710525512695 36.581413269043 36.5844078063965 36.5870132446289 36.5871353149414 36.5875701904297 36.5888900756836 36.5903701782227 36.5920867919922 36.5933723449707 36.5942573547363 36.5950698852539
-9999 -9999 -9999 -9999 -9999 35.725414276123 35.7090911865234 35.6843414306641 35.7114410400391 35.9808349609375 36.2179222106934 36.3313446044922 36.4096488952637 36.4184646606445 36.4282608032227 36.4392013549805 36.4326133728027 36.4139938354492 36.3707313537598 36.3179550170898 36.2891845703125 36.2646484375 36.2607002258301 36.2580795288086 36.2627258300781 36.2713165283203 36.2927055358887 36.330265045166 36.3960456848145 36.4536323547363 36.5027923583984 36.5370864868164 36.5623321533203 36.5745277404785 36.5823745727539 36.585823059082 36.5886535644531 36.5897178649902 36.590503692627 36.5895080566406 36.5886611938477 36.5882186889648 36.588436126709 36.589672088623 36.5905876159668 36.5912094116211 36.5919303894043
-9999 -9999 -9999 -9999 -9999 -9999 35.7799835205078 35.7654495239258 35.7856826782227 36.0325813293457 36.2490615844727 36.3490905761719 36.4186515808105 36.4279136657715 36.4387397766113 36.4513664245605 36.4506301879883 36.4407196044922 36.4057083129883 36.3610076904297 36.3254318237305 36.2914695739746 36.2859878540039 36.2833251953125 36.2989387512207 36.3194313049316 36.3557548522949 36.4013519287109 36.4631271362305 36.5093421936035 36.5395469665527 36.5602416992188 36.5751419067383 36.5827293395996 36.5878791809082 36.5903854370117 36.5925140380859 36.5925483703613 36.5921249389648 36.588809967041 36.5860290527344 36.5847320556641 36.584587097168 36.5862312316895 36.5873794555664 36.588077545166 36.588794708252
-9999 -9999 -9999 -9999 -9999 -9999 35.8659782409668 35.8901557922363 35.8646697998047 36.0877647399902 36.2823181152344 36.3676338195801 36.4275970458984 36.4373931884766 36.4491653442383 36.4632186889648 36.4679336547852 36.4662399291992 36.4401702880859 36.4046936035156 36.363151550293 36.3205413818359 36.3130569458008 36.3098373413086 36.3357276916504 36.3671722412109 36.4166145324707 36.4685287475586 36.5247535705566 36.5591239929199 36.5709953308105 36.5790672302246 36.5848159790039 36.5888824462891 36.5923843383789 36.5943069458008 36.5959854125977 36.5949974060059 36.593391418457 36.5878448486328 36.5832252502441 36.5811767578125 36.5807418823242 36.5828094482422 36.5842247009277 36.5850448608398 36.585765838623
-9999 -9999 -9999 -9999 -9999 -9999 35.985034942627 35.942325592041 35.9652137756348 36.1598663330078 36.3274421691895 36.3913803100586 36.4374732971191 36.4482650756836 36.4607238769531 36.4751052856445 36.4818382263184 36.4833145141602 36.4679107666016 36.4459838867188 36.4072189331055 36.365478515625 36.3538589477539 36.3470115661621 36.3744583129883 36.4054641723633 36.4480171203613 36.4922714233398 36.5394973754883 36.5674133300781 36.5754585266113 36.5815048217773 36.5863380432129 36.5907783508301 36.5950889587402 36.5962524414062 36.5969581604004 36.5946311950684 36.5917778015137 36.5855331420898 36.5803756713867 36.578239440918 36.5778274536133 36.580078125 36.5818099975586 36.5830726623535 36.5838317871094
-9999 -9999 -9999 -9999 -9999 36.1943054199219 36.1087532043457 36.1226234436035 36.0659446716309 36.2294692993164 36.3684120178223 36.413272857666 36.4471321105957 36.4592132568359 36.4724578857422 36.4870338439941 36.4952545166016 36.4991111755371 36.4927139282227 36.4823570251465 36.4474716186523 36.4082565307617 36.3927841186523 36.3823471069336 36.4095268249512 36.438663482666 36.47412109375 36.5112838745117 36.5514183044434 36.5743942260742 36.5797119140625 36.5842628479004 36.5883560180664 36.5929565429688 36.597728729248 36.5981254577637 36.5978889465332 36.5941505432129 36.5900192260742 36.5833625793457 36.5778694152832 36.5756149291992 36.5751647949219 36.5775032043457 36.579517364502 36.581226348877 36.5820655822754
-9999 -9999 -9999 -9999 36.2408256530762 36.2184944152832 36.1943054199219 36.1757545471191 36.1673851013184 36.2899169921875 36.3941535949707 36.4283790588379 36.4559707641602 36.4704513549805 36.4848365783691 36.4991188049316 36.5069007873535 36.5102157592773 36.5067596435547 36.5006866455078 36.4737358093262 36.4431037902832 36.4248313903809 36.4109344482422 36.4311904907227 36.453182220459 36.4808082580566 36.5129585266113 36.5530090332031 36.5765762329102 36.5831909179688 36.5881881713867 36.5921974182129 36.5961723327637 36.6001396179199 36.5997276306152 36.5986785888672 36.5932540893555 36.5877456665039 36.5816993713379 36.5765991210938 36.5741271972656 36.5734405517578 36.575511932373 36.5776481628418 36.5798416137695 36.5808868408203
