Ecospace-environmental-drivers/Outputs/ASCII-for-ecospace/MOM6-ISIMIP3a/so/1999-04_so_MOM6-ISIMIP3a.asc
NCOLS 131 
NROWS 53 
XLLCORNER -98 
YLLCORNER 23.9265270233154 
CELLSIZE 0.133587792515755 
NODATA_value -9999 
[rows 21 to 41 of 53, columns 0 to 46 of 131]
-9999 -9999 -9999 -9999 -9999 -9999 34.9254722595215 34.9057464599609 34.8531341552734 34.7694282531738 34.7075271606445 34.6234512329102 34.6179046630859 34.6013832092285 34.6126480102539 34.6559677124023 34.7318916320801 34.830207824707 34.9482536315918 35.073917388916 35.1648788452148 35.2497138977051 35.3675498962402 35.4803047180176 35.5447006225586 35.601203918457 35.6321105957031 35.6615982055664 35.688606262207 35.7179756164551 35.7497749328613 35.7902336120605 35.8359603881836 35.8797721862793 35.9229393005371 35.9521903991699 35.9793472290039 35.9831199645996 35.9807739257812 35.9394493103027 35.8738632202148 35.7407379150391 35.5957717895508 35.4325141906738 35.2812271118164 35.140926361084 35.1148681640625
-9999 -9999 -9999 -9999 -9999 -9999 34.9287452697754 34.9254722595215 34.8860244750977 34.8316116333008 34.7694282531738 34.7296981811523 34.716381072998 34.7553367614746 34.8078956604004 34.876148223877 34.9611396789551 35.0576210021973 35.1648712158203 35.2762832641602 35.3513526916504 35.4200134277344 35.5059967041016 35.5885047912598 35.6389045715332 35.6859970092773 35.7223815917969 35.7597846984863 35.7989654541016 35.8353614807129 35.8688888549805 35.9140663146973 35.9663352966309 36.0224380493164 36.0798187255859 36.1216354370117 36.161190032959 36.1852531433105 36.2017478942871 36.1700477600098 36.1159553527832 35.9995269775391 35.8705215454102 35.7220726013184 35.587345123291 35.4652137756348 35.4282455444336
-9999 -9999 -9999 -9999 35.0214996337891 34.9616394042969 34.9316711425781 34.9290962219238 34.9254722595215 34.8465728759766 34.7849731445312 34.7895889282227 34.8234825134277 34.9153175354004 35.0049095153809 35.0919151306152 35.1801795959473 35.2693099975586 35.3628692626953 35.458137512207 35.5204391479492 35.5769157409668 35.6318740844727 35.6848487854004 35.7216110229492 35.7597770690918 35.8024940490723 35.8488693237305 35.9016304016113 35.9461975097656 35.9823379516602 36.0314521789551 36.0884704589844 36.1550750732422 36.2248687744141 36.2778511047363 36.3284454345703 36.3703689575195 36.4032897949219 36.378849029541 36.3345413208008 36.234920501709 36.1230087280273 35.9920959472656 35.8781623840332 35.7798080444336 35.7332725524902
-9999 -9999 -9999 -9999 35.1575469970703 35.0351371765137 34.9916076660156 34.9316711425781 34.9301414489746 34.9106979370117 34.8999443054199 34.9224586486816 34.9679336547852 35.0588302612305 35.1402549743652 35.2107429504395 35.2756042480469 35.3366012573242 35.4025611877441 35.4704360961914 35.5290489196777 35.5860290527344 35.6362075805664 35.6857948303223 35.7317161560059 35.7813911437988 35.8432273864746 35.9094848632812 35.9834518432617 36.0449295043945 36.0935554504395 36.1414909362793 36.1890029907227 36.2453765869141 36.3047065734863 36.3527984619141 36.3992919921875 36.4387817382812 36.4687423706055 36.4380302429199 36.3921356201172 36.3039817810059 36.2150421142578 36.1248893737793 36.0598030090332 36.0177268981934 35.9732055664062
-9999 -9999 -9999 -9999 -9999 35.1575469970703 35.0597229003906 35.0515403747559 34.9513549804688 34.9848937988281 35.0196228027344 35.058895111084 35.1132926940918 35.1976165771484 35.2683563232422 35.323413848877 35.367805480957 35.4048690795898 35.4464263916016 35.4897155761719 35.5425682067871 35.597110748291 35.6435012817383 35.6906204223633 35.7452774047852 35.8052597045898 35.8825225830078 35.9644241333008 36.0544204711914 36.1297836303711 36.1900939941406 36.238712310791 36.2802085876465 36.3290328979492 36.3803024291992 36.4241333007812 36.4668846130371 36.5028228759766 36.5290756225586 36.4936637878418 36.4477920532227 36.3728218078613 36.3066062927246 36.2539291381836 36.231273651123 36.2361640930176 36.194995880127
-9999 -9999 -9999 -9999 -9999 35.1891593933105 35.1575469970703 35.0981369018555 35.0450859069824 35.1032676696777 35.1599655151367 35.2109756469727 35.2626571655273 35.3156661987305 35.3646812438965 35.4090881347656 35.445873260498 35.4774208068848 35.5085906982422 35.5396156311035 35.5776062011719 35.6168327331543 35.6637802124023 35.7124404907227 35.7739791870117 35.8390350341797 35.9155044555664 35.9944686889648 36.0777854919434 36.1537895202637 36.2222595214844 36.2797355651855 36.3305168151855 36.3835411071777 36.437313079834 36.4796104431152 36.5202293395996 36.5477027893066 36.5669441223145 36.533748626709 36.4949722290039 36.4406814575195 36.3961029052734 36.3665313720703 36.3581314086914 36.3691596984863 36.337230682373
-9999 -9999 35.2628593444824 35.253173828125 35.2417449951172 35.2208061218262 35.1891212463379 35.1648750305176 35.149471282959 35.2331886291504 35.3116111755371 35.3697509765625 35.4184455871582 35.4484519958496 35.4890747070312 35.5419464111328 35.5813179016113 35.6114196777344 35.6348686218262 35.6557426452637 35.6751327514648 35.694263458252 35.737190246582 35.7826919555664 35.845329284668 35.9107322692871 35.9851188659668 36.0602607727051 36.1367263793945 36.2106819152832 36.2820587158203 36.3426399230957 36.3966445922852 36.4504508972168 36.5041847229004 36.5406074523926 36.574520111084 36.5920753479004 36.6033020019531 36.5742263793945 36.5433349609375 36.5073776245117 36.480297088623 36.4669380187988 36.4658622741699 36.4760551452637 36.451286315918
-9999.000000000000000 -9999 -9999 -9999 35.2969703674316 35.2626876831055 35.2819900512695 35.2755508422852 35.2771034240723 35.3883018493652 35.487907409668 35.5431327819824 35.5882568359375 35.613395690918 35.6747055053711 35.7777481079102 35.8419532775879 35.8794860839844 35.9010200500488 35.9163780212402 35.9090003967285 35.8976097106934 35.9265289306641 35.9586143493652 36.0097351074219 36.0651817321777 36.1346664428711 36.2040519714355 36.2732696533203 36.3393325805664 36.4021415710449 36.4532699584961 36.4972877502441 36.5444107055664 36.5925750732422 36.6136436462402 36.6308746337891 36.6353302001953 36.636360168457 36.6155738830566 36.5942687988281 36.5715217590332 36.5529251098633 36.5407371520996 36.5318489074707 36.5259895324707 36.5038681030273
-9999 -9999 -9999 -9999 35.3736724853516 35.407413482666 35.3813133239746 35.3880805969238 35.4061088562012 35.5358734130859 35.6499481201172 35.7039680480957 35.7511711120605 35.7849006652832 35.8695831298828 36.0130615234375 36.0980339050293 36.1428298950195 36.1626739501953 36.1728820800781 36.1474876403809 36.1158065795898 36.1292686462402 36.1461715698242 36.1835021972656 36.2268028259277 36.2894515991211 36.3514709472656 36.4123916625977 36.4673767089844 36.5162582397461 36.5547142028809 36.5868263244629 36.6229705810547 36.6604614257812 36.6703643798828 36.6763877868652 36.6728630065918 36.6678047180176 36.6529579162598 36.6380767822266 36.6230850219727 36.6088485717773 36.5957717895508 36.5798950195312 36.561450958252 36.5405426025391
-9999 -9999 -9999 -9999 35.4291648864746 35.4509162902832 35.4777755737305 35.5029487609863 35.5368347167969 35.6739540100098 35.7940559387207 35.8490180969238 35.9054183959961 35.9646606445312 36.0760955810547 36.2477531433105 36.3483810424805 36.4002265930176 36.4186592102051 36.424186706543 36.3917808532715 36.3526802062988 36.3488693237305 36.3483734130859 36.3690528869629 36.3974418640137 36.4508285522461 36.5034561157227 36.5547523498535 36.5946655273438 36.6228637695312 36.6445999145508 36.6624031066895 36.6821556091309 36.7025566101074 36.7065620422363 36.7082595825195 36.703197479248 36.6972122192383 36.685359954834 36.6729125976562 36.6588249206543 36.6437606811523 36.6271934509277 36.6053619384766 36.5787048339844 36.5572052001953
-9999 -9999 -9999 -9999 35.4509162902832 35.4834289550781 35.5215950012207 35.5824890136719 35.6523017883301 35.7891235351562 35.9116096496582 35.9792022705078 36.0517883300781 36.1342658996582 36.2540664672852 36.416934967041 36.5090713500977 36.5526275634766 36.5675277709961 36.571361541748 36.544116973877 36.5113868713379 36.4989433288574 36.489315032959 36.499439239502 36.5165328979492 36.5562210083008 36.5959281921387 36.635669708252 36.6646041870117 36.6824150085449 36.6954689025879 36.7056198120117 36.7154350280762 36.7251434326172 36.7260398864746 36.7256851196289 36.7204666137695 36.7147331237793 36.7056884765625 36.6957626342773 36.6833839416504 36.6682586669922 36.6488838195801 36.6235046386719 36.5926170349121 36.5702018737793
-9999 -9999 -9999 -9999 35.4853134155273 35.5215950012207 35.6505661010742 35.6355323791504 35.7563171386719 35.8871116638184 36.0092430114746 36.0982284545898 36.192253112793 36.2962455749512 36.4106254577637 36.5369834899902 36.6025199890137 36.6262855529785 36.6360626220703 36.6404457092285 36.6274833679199 36.6114616394043 36.5968704223633 36.5843124389648 36.5884552001953 36.5969657897949 36.6196212768555 36.6437644958496 36.6705055236816 36.6915321350098 36.7066764831543 36.7170677185059 36.7245597839355 36.7292938232422 36.7331008911133 36.7329750061035 36.7322769165039 36.7279434204102 36.7233352661133 36.7169647216797 36.7096214294434 36.6995620727539 36.684944152832 36.6632766723633 36.6361541748047 36.6040267944336 36.5804481506348
-9999 -9999 -9999 -9999 35.5215950012207 35.7319145202637 35.804630279541 35.8626556396484 35.8601226806641 35.9822196960449 36.1002807617188 36.2029075622559 36.3068161010742 36.4132614135742 36.5098533630371 36.5950813293457 36.6374168395996 36.6502990722656 36.6585578918457 36.6650352478027 36.6627960205078 36.6590194702148 36.6482048034668 36.638500213623 36.6393508911133 36.6430816650391 36.6561584472656 36.6708869934082 36.6884994506836 36.7033767700195 36.7154426574707 36.7238502502441 36.7300300598145 36.7331962585449 36.7353553771973 36.7355422973633 36.7354278564453 36.7315788269043 36.7274627685547 36.7216758728027 36.7149810791016 36.7057571411133 36.691478729248 36.6693840026855 36.6421165466309 36.6100921630859 36.586856842041
-9999 -9999 -9999 -9999 -9999 35.9321174621582 35.950870513916 35.915699005127 35.9638366699219 36.0760917663574 36.1884918212891 36.3014335632324 36.4102783203125 36.5110015869141 36.5845146179199 36.6266250610352 36.647216796875 36.6530380249023 36.6613235473633 36.6705627441406 36.6775131225586 36.6840629577637 36.6795692443848 36.6752014160156 36.6739082336426 36.6744956970215 36.6811866760254 36.6891326904297 36.699275970459 36.7087593078613 36.7175636291504 36.7242813110352 36.7297286987305 36.7328338623047 36.735164642334 36.7362365722656 36.7371063232422 36.7335624694824 36.7296714782715 36.7235717773438 36.7166976928711 36.7076683044434 36.6936569213867 36.6719436645508 36.6452102661133 36.6138725280762 36.5916213989258
-9999 -9999 -9999 -9999 -9999 36.052188873291 36.0408554077148 36.0742530822754 36.0762481689453 36.1788444519043 36.2825813293457 36.3907012939453 36.4886093139648 36.5663032531738 36.6179542541504 36.6395530700684 36.6502990722656 36.6535873413086 36.6611709594727 36.6704177856445 36.6781997680664 36.6857223510742 36.6852073669434 36.6847229003906 36.685977935791 36.6882705688477 36.6939392089844 36.7002830505371 36.7078056335449 36.7148056030273 36.7212677001953 36.7264099121094 36.7307472229004 36.7336387634277 36.7360458374023 36.7376861572266 36.7391891479492 36.7356910705566 36.7315559387207 36.7233924865723 36.7142105102539 36.7021865844727 36.6864318847656 36.664909362793 36.6398696899414 36.6116027832031 36.5925102233887
-9999 -9999 -9999 -9999 -9999 36.1629981994629 36.1648406982422 36.1326141357422 36.1904602050781 36.2834320068359 36.3778915405273 36.4780540466309 36.5617408752441 36.6128234863281 36.6428642272949 36.6486320495605 36.651985168457 36.6536827087402 36.6604194641113 36.6690979003906 36.6759796142578 36.682544708252 36.6855201721191 36.6886215209961 36.6933937072754 36.6983985900879 36.7041549682617 36.7099647521973 36.7158699035645 36.7209854125977 36.7252960205078 36.728889465332 36.7320404052734 36.7346801757812 36.7371482849121 36.7392959594727 36.7413558959961 36.7378463745117 36.7333755493164 36.7227897644043 36.7108535766602 36.6951751708984 36.6772575378418 36.6558876037598 36.6327819824219 36.6080856323242 36.5925941467285
-9999 -9999 -9999 -9999 -9999 -9999 36.2832984924316 36.2876586914062 36.2953910827637 36.3796577453613 36.4621429443359 36.5377769470215 36.5983772277832 36.6292266845703 36.6475143432617 36.6513061523438 36.6541175842285 36.65625 36.6618576049805 36.6688003540039 36.6745910644531 36.6801795959473 36.6857566833496 36.6915435791016 36.6990928649902 36.7063636779785 36.7127380371094 36.718807220459 36.7243270874023 36.7288131713867 36.7322311401367 36.7350120544434 36.7374038696289 36.7398567199707 36.7423248291016 36.7438888549805 36.7452812194824 36.7402153015137 36.7338218688965 36.7189674377441 36.7027587890625 36.6827774047852 36.6631317138672 36.6440010070801 36.6245193481445 36.6047248840332 36.5929679870605
-9999 -9999 -9999 -9999 -9999 -9999 36.397289276123 36.4296188354492 36.3983879089355 36.4728126525879 36.5423545837402 36.5932006835938 36.6310958862305 36.643367767334 36.6511459350586 36.6537399291992 36.6563682556152 36.6590118408203 36.6635704040527 36.6688652038574 36.673885345459 36.6788558959961 36.6870765686035 36.6955528259277 36.7055931091309 36.7148857116699 36.7217636108398 36.7280044555664 36.7331352233887 36.736988067627 36.7395172119141 36.7415046691895 36.7431564331055 36.7453880310059 36.7478179931641 36.7486457824707 36.7491989135742 36.742259979248 36.7336616516113 36.7144813537598 36.6940574645996 36.6701583862305 36.6490707397461 36.6323165893555 36.616512298584 36.6015815734863 36.5934448242188
-9999 -9999 -9999 -9999 -9999 -9999 36.5107955932617 36.4745941162109 36.4852180480957 36.5371551513672 36.5847816467285 36.615909576416 36.6393966674805 36.6477584838867 36.6536483764648 36.6566886901855 36.6596794128418 36.6626396179199 36.667163848877 36.6722946166992 36.6800346374512 36.6882400512695 36.6999969482422 36.7116241455078 36.7214775085449 36.7303886413574 36.7362442016602 36.7414360046387 36.7454719543457 36.7480735778809 36.749195098877 36.7501792907715 36.7510871887207 36.7527770996094 36.7547302246094 36.7537155151367 36.7522201538086 36.7407417297363 36.727668762207 36.7044563293457 36.6811828613281 36.6577301025391 36.6380500793457 36.6241912841797 36.6117858886719 36.6007232666016 36.5948905944824
-9999 -9999 -9999 -9999 -9999 36.6962585449219 36.6135368347168 36.6281700134277 36.564510345459 36.594799041748 36.6217460632324 36.6358985900879 36.6470260620117 36.6521759033203 36.6564788818359 36.6598129272461 36.6630859375 36.6663208007812 36.671329498291 36.6770286560059 36.6877365112305 36.6993293762207 36.713794708252 36.7277679443359 36.737060546875 36.7452926635742 36.7500801086426 36.7541580200195 36.7570037841797 36.7584190368652 36.7583656311035 36.7584686279297 36.7586669921875 36.7596168518066 36.7608184814453 36.7576446533203 36.7537841796875 36.7381210327148 36.721004486084 36.694652557373 36.6693115234375 36.6467819213867 36.6287994384766 36.6178321838379 36.6087074279785 36.6012725830078 36.5976600646973
-9999 -9999 -9999 -9999 36.7332763671875 36.707576751709 36.6962585449219 36.6551284790039 36.6161613464355 36.6278800964355 36.6386680603027 36.6458969116211 36.6522064208984 36.6567001342773 36.6605339050293 36.6636047363281 36.6668395996094 36.6701850891113 36.6775856018066 36.6865539550781 36.701114654541 36.7166633605957 36.7308006286621 36.7441787719727 36.751537322998 36.757999420166 36.7615547180176 36.7642822265625 36.7655792236328 36.766056060791 36.7656936645508 36.7653350830078 36.7649726867676 36.7644577026367 36.7638893127441 36.7574005126953 36.7500114440918 36.7314682006836 36.7118835449219 36.6856498718262 36.6611061096191 36.6412544250488 36.6260375976562 36.6179733276367 36.6116714477539 36.6069946289062 36.6052894592285
