Ecospace-environmental-drivers/Outputs/ASCII-for-ecospace/MOM6-ISIMIP3a/so/1999-01_so_MOM6-ISIMIP3a.asc
NCOLS 131 
NROWS 53 
XLLCORNER -98 
YLLCORNER 23.9265270233154 
CELLSIZE 0.133587792515755 
NODATA_value -9999 
[rows 0 to 20 of 53, columns 47 to 93 of 131]
-9999 -9999 -9999 -9999 -9999 -9999 -9999 -9999 -9999 -9999 -9999 -9999 -9999 -9999 -9999 -9999 -9999 -9999 -9999 -9999 -9999 -9999 -9999 -9999 -9999 -9999 -9999 -9999 -9999 -9999 -9999 -9999 -9999 -9999 -9999 -9999 -9999 -9999 -9999 -9999 -9999 -9999 -9999 -9999 -9999 -9999 -9999
-9999 -9999 -9999 -9999 -9999 -9999 -9999 -9999 -9999 -9999 -9999 -9999 -9999 -9999 -9999 -9999 -9999 -9999 -9999 -9999 -9999 -9999 -9999 -9999 -9999 -9999 -9999 -9999 -9999 -9999 -9999 -9999 -9999 -9999 -9999 -9999 -9999 -9999 -9999 -9999 -9999 -9999 -9999 -9999 -9999 -9999 -9999
-9999 -9999 -9999 -9999 -9999 -9999 -9999 -9999 -9999 -9999 -9999 -9999 -9999 -9999 -9999 -9999 -9999 -9999 -9999 -9999 -9999 -9999 -9999 -9999 -9999 -9999 -9999 32.2336311340332 32.7985877990723 -9999 -9999 -9999 -9999 -9999 -9999 -9999 -9999 -9999 -9999 -9999 -9999 -9999 -9999 -9999 -9999 -9999 -9999
-9999 -9999 -9999 -9999 -9999 -9999 -9999 -9999 -9999 -9999 -9999 -9999 -9999 -9999 -9999 -9999 -9999 -9999 -9999 -9999 -9999 -9999 -9999 -9999 -9999 -9999 -9999 32.247802734375 32.8115234375 -9999 -9999 -9999 -9999 -9999 -9999 -9999 -9999 -9999 -9999 -9999 -9999 -9999 -9999 -9999 -9999 -9999 -9999
-9999 -9999 -9999 -9999 -9999 -9999 -9999 -9999 -9999 -9999 -9999 -9999 -9999 -9999 -9999 -9999 -9999 -9999 26.1901340484619 26.3596115112305 26.4951934814453 27.286075592041 27.9998970031738 29.2648487091064 30.2546558380127 31.0031127929688 31.6621742248535 32.2594184875488 32.8218116760254 33.3533363342285 -9999 -9999 34.589599609375 34.8003349304199 34.8992156982422 34.9862785339355 35.0895729064941 35.2146759033203 35.3401718139648 35.4365921020508 35.5050811767578 35.5456390380859 -9999 -9999 -9999 -9999 -9999
-9999 -9999 -9999 -9999 -9999 -9999 -9999 -9999 -9999 -9999 -9999 -9999 -9999 -9999 19.4851131439209 -9999 19.4349994659424 19.4052429199219 22.8447647094727 26.1901340484619 26.3935070037842 26.4951934814453 28.0769596099854 29.4275360107422 30.2900524139404 31.0463771820068 31.672908782959 32.2672386169434 32.8381080627441 33.3600883483887 33.86181640625 34.2805824279785 34.6830368041992 34.8051834106445 34.9127807617188 34.9796829223633 35.0663757324219 35.2226600646973 35.3549957275391 35.4428634643555 35.5119132995605 35.5604629516602 35.5645446777344 35.5398559570312 -9999 -9999 -9999
-9999 -9999 -9999 -9999 -9999 -9999 -9999 -9999 -9999 -9999 21.1177501678467 21.0506954193115 20.999605178833 20.8547649383545 20.119800567627 19.5049095153809 19.4653186798096 19.4344367980957 19.4052429199219 22.9389190673828 26.1901340484619 26.4951934814453 28.0769596099854 29.4275360107422 30.2900524139404 31.0463771820068 31.672908782959 32.2672386169434 32.8381080627441 33.3600883483887 33.86181640625 34.2805824279785 34.6830368041992 34.8051834106445 34.9127807617188 34.9796829223633 35.0663757324219 35.2226600646973 35.3549957275391 35.4428634643555 35.5119132995605 35.5604629516602 35.5645446777344 35.5398559570312 35.533332824707 35.5089721679688 -9999
-9999 -9999 -9999 -9999 -9999 -9999 -9999 -9999 -9999 -9999 21.4772701263428 21.1177501678467 20.9836406707764 -9999 20.6832294464111 20.0481147766113 19.5445003509521 19.4653186798096 19.4327487945557 19.4052429199219 23.221378326416 26.615083694458 28.2408809661865 29.5712642669678 30.2780094146729 30.9194965362549 31.4812202453613 32.0288848876953 32.5663070678711 33.0647888183594 33.5471458435059 33.9511756896973 34.3398094177246 34.5131607055664 34.6745300292969 34.7967109680176 34.9325065612793 35.1161651611328 35.2743377685547 35.3851776123047 35.4812622070312 35.561279296875 35.5875396728516 35.5790176391602 35.5291519165039 35.4644317626953 35.3710327148438
-9999 -9999 -9999 -9999 -9999 -9999 -9999 -9999 -9999 -9999 -9999 -9999 -9999 -9999 20.7250022888184 20.475154876709 20.0306015014648 19.6236801147461 19.4653186798096 19.4276866912842 23.3114376068115 26.7678127288818 28.4355659484863 29.7397041320801 30.2762203216553 30.7919120788574 31.282154083252 31.7776107788086 32.2768630981445 32.7480583190918 33.2076377868652 33.5941467285156 33.9662933349609 34.1952857971191 34.4151916503906 34.5981025695801 34.7877197265625 35.0009117126465 35.1870193481445 35.3228340148926 35.4482154846191 35.5622291564941 35.6128387451172 35.6224250793457 35.5591239929199 35.4696350097656 35.3418998718262
31.0420761108398 -9999 -9999 -9999 -9999 -9999 -9999 -9999 -9999 -9999 26.6313552856445 21.8457794189453 -9999 -9999 -9999 20.475944519043 20.3682136535645 20.2198467254639 19.7820434570312 20.0687141418457 24.0703582763672 27.5842876434326 29.0570678710938 30.2053489685059 30.6685829162598 31.1198654174805 31.5565395355225 31.9875926971436 32.4145545959473 32.8183174133301 33.212474822998 33.5423774719238 33.8596496582031 34.1015548706055 34.3389053344727 34.559024810791 34.7774772644043 34.9900703430176 35.1780319213867 35.3202476501465 35.4494895935059 35.5645942687988 35.6296119689941 35.6622161865234 35.6122970581055 35.5327339172363 35.376579284668
30.9004020690918 30.879487991333 -9999 -9999 -9999 -9999 -9999 -9999 -9999 -9999 29.0281620025635 26.191707611084 21.8457794189453 -9999 -9999 20.0448684692383 20.2652149200439 20.7945556640625 20.7920989990234 21.0072250366211 24.9209613800049 28.3276748657227 29.6124439239502 30.6188163757324 31.0374698638916 31.4418563842773 31.8288059234619 32.198902130127 32.5567207336426 32.8976364135742 33.2315559387207 33.5116004943848 33.7810478210449 34.0321578979492 34.2824249267578 34.5310554504395 34.771240234375 34.9817047119141 35.1708145141602 35.3202667236328 35.4530029296875 35.5675277709961 35.6452217102051 35.6990852355957 35.6650352478027 35.5994033813477 35.4251747131348
30.9004020690918 30.8376598358154 30.8813781738281 30.7546787261963 -9999 -9999 -9999 -9999 -9999 -9999 -9999 28.3679828643799 25.3195762634277 21.8457794189453 21.1177501678467 20.0448684692383 20.2652149200439 20.7945556640625 22.0974941253662 23.541389465332 26.2633304595947 28.6790390014648 29.8131427764893 30.7524280548096 31.2804355621338 31.7318706512451 32.089714050293 32.4173240661621 32.7229042053223 33.0255851745605 33.3270683288574 33.5934143066406 33.8528480529785 34.0932846069336 34.332160949707 34.5626831054688 34.7864723205566 34.9866027832031 35.1730918884277 35.3342399597168 35.4685096740723 35.573486328125 35.6546020507812 35.7202758789062 35.7154312133789 35.6852493286133 35.5483894348145
30.9997692108154 30.9522457122803 30.9725341796875 30.7630748748779 -9999 -9999 -9999 -9999 29.6559028625488 29.5153102874756 29.2778282165527 28.9073314666748 26.9187889099121 23.6064052581787 21.8828258514404 20.9118270874023 21.1412448883057 21.6574802398682 23.7905616760254 26.0021629333496 27.739917755127 29.3363475799561 30.3413066864014 31.1858406066895 31.6916980743408 32.1098403930664 32.4207725524902 32.7020111083984 32.9616241455078 33.2238578796387 33.4871788024902 33.7315406799316 33.9721755981445 34.1983604431152 34.4225540161133 34.6324844360352 34.8364906311035 35.019660949707 35.1947441101074 35.354808807373 35.4841842651367 35.5801239013672 35.6622505187988 35.7354354858398 35.7601852416992 35.7675399780273 35.6839027404785
31.347562789917 31.1541595458984 30.9896907806396 30.7630748748779 30.5284290313721 30.2487678527832 29.9871368408203 29.8172264099121 29.6559028625488 29.5153102874756 29.2778282165527 28.9073314666748 27.6346664428711 25.623872756958 24.5606327056885 23.9462261199951 24.2073936462402 24.6777648925781 26.4528274536133 28.2794570922852 29.5520668029785 30.7585277557373 31.6881542205811 32.3687744140625 32.5237121582031 32.7076988220215 32.9271965026855 33.1523780822754 33.3816947937012 33.5979461669922 33.8087844848633 34.0104522705078 34.210319519043 34.4133224487305 34.6145858764648 34.797737121582 34.9734687805176 35.1231231689453 35.2648506164551 35.3918571472168 35.5002822875977 35.5884628295898 35.6655693054199 35.7355117797852 35.7908515930176 35.840950012207 35.850154876709
31.8679180145264 31.5796070098877 31.2945346832275 31.0525512695312 30.8144226074219 30.5613555908203 30.3253383636475 30.1760406494141 30.0361843109131 29.9191246032715 29.7178287506104 29.4008846282959 28.7218761444092 27.7466373443604 27.2367725372314 26.9473457336426 27.2320404052734 27.6539096832275 28.9765644073486 30.3280735015869 31.1988391876221 32.0438232421875 32.7809143066406 33.2697219848633 33.2343902587891 33.2838706970215 33.4370040893555 33.6107597351074 33.7995300292969 33.9661331176758 34.1235580444336 34.2815208435059 34.4395904541016 34.6108551025391 34.7810897827148 34.9364318847656 35.0854415893555 35.2121772766113 35.3311080932617 35.4355354309082 35.5279159545898 35.6071662902832 35.6781578063965 35.7438087463379 35.8152389526367 35.888744354248 35.958381652832
32.6322441101074 32.3210906982422 32.0061187744141 31.751293182373 31.5047588348389 31.3158893585205 31.141695022583 31.0421504974365 30.9541130065918 30.8938598632812 30.7799072265625 30.5922336578369 30.3340854644775 30.0182723999023 29.9105587005615 29.9014148712158 30.1980075836182 30.5676498413086 31.3044471740723 32.0533790588379 32.6118011474609 33.1355934143066 33.5144348144531 33.7719993591309 33.7735290527344 33.8293685913086 33.9515953063965 34.0804748535156 34.2141990661621 34.3259773254395 34.4286689758301 34.5414924621582 34.6563110351562 34.7837524414062 34.911491394043 35.0375862121582 35.1620635986328 35.2808685302734 35.3919219970703 35.4885902404785 35.5718536376953 35.6405143737793 35.7038459777832 35.763729095459 35.8307495117188 35.900333404541 35.9845695495605
33.2903060913086 32.9977760314941 32.7015533447266 32.4729309082031 32.2549018859863 32.136116027832 32.0269622802734 31.9667949676514 31.9185676574707 31.8991737365723 31.8615379333496 31.7988567352295 31.7996883392334 31.8524837493896 31.9490585327148 32.0663719177246 32.296932220459 32.5545539855957 32.9367942810059 33.3213958740234 33.615779876709 33.883731842041 34.0410652160645 34.1595268249512 34.1959266662598 34.2677726745605 34.3829383850098 34.4838523864746 34.574390411377 34.644474029541 34.7060852050781 34.7833061218262 34.863597869873 34.9608345031738 35.0591621398926 35.161994934082 35.2651519775391 35.369441986084 35.4677352905273 35.5548896789551 35.6293487548828 35.6899719238281 35.7466316223145 35.8007278442383 35.86181640625 35.9254150390625 36.0110015869141
33.85888671875 33.6198959350586 33.3833847045898 33.2138442993164 33.0554084777832 33.0116653442383 32.9702606201172 32.940731048584 32.9222030639648 32.9302406311035 32.9596328735352 33.0183410644531 33.1418342590332 33.3183288574219 33.4525718688965 33.5667991638184 33.6657066345215 33.7609519958496 33.9834175109863 34.2043266296387 34.2753448486328 34.3424987792969 34.3934669494629 34.4504241943359 34.5200233459473 34.6159858703613 34.7441749572754 34.831371307373 34.8887062072754 34.928150177002 34.9601821899414 35.0098304748535 35.0629386901855 35.1414451599121 35.2213706970215 35.3059883117676 35.3905258178711 35.4747619628906 35.5561752319336 35.6323471069336 35.6982574462891 35.7529945373535 35.8038177490234 35.8521118164062 35.9059829711914 35.961856842041 36.0376434326172
34.2993354797363 34.1149368286133 33.9367561340332 33.8356285095215 33.7455406188965 33.7406845092773 33.7355728149414 33.7291488647461 33.732234954834 33.7582817077637 33.7929267883301 33.8393859863281 33.9473762512207 34.1057090759277 34.2221412658691 34.3187217712402 34.3781700134277 34.4287414550781 34.5625762939453 34.6935539245605 34.6997680664062 34.7053451538086 34.7082786560059 34.7363471984863 34.8174858093262 34.9157218933105 35.0348587036133 35.105339050293 35.140380859375 35.1654205322266 35.1863174438477 35.218620300293 35.2531623840332 35.313533782959 35.3753547668457 35.4419631958008 35.5084037780762 35.5742568969727 35.6407508850098 35.7084426879883 35.771183013916 35.8285217285156 35.8819541931152 35.9328536987305 35.982421875 36.0315093994141 36.0923690795898
34.6770858764648 34.5477828979492 34.4272651672363 34.399112701416 34.3816604614258 34.3979949951172 34.4137840270996 34.4267768859863 34.4475212097168 34.4869651794434 34.496639251709 34.4654388427734 34.4903144836426 34.5610694885254 34.6325378417969 34.7043495178223 34.7694511413574 34.832950592041 34.9129676818848 34.990119934082 35.0091171264648 35.0212554931641 35.004695892334 35.0198402404785 35.1019172668457 35.1917343139648 35.291015625 35.343318939209 35.3613967895508 35.3799819946289 35.3987731933594 35.4187355041504 35.4389228820801 35.4814529418945 35.5253067016602 35.5740089416504 35.622615814209 35.6708984375 35.7234344482422 35.783878326416 35.8460731506348 35.9101715087891 35.9703407287598 36.0279693603516 36.0746536254883 36.1174087524414 36.1608390808105
34.9882202148438 34.888786315918 34.797550201416 34.7931365966797 34.7980003356934 34.8133239746094 34.8275909423828 34.8364715576172 34.8465805053711 34.8596572875977 34.8470497131348 34.7991790771484 34.7912521362305 34.8160133361816 34.867259979248 34.9310493469238 34.9938812255859 35.0564842224121 35.1193351745605 35.1812019348145 35.2284736633301 35.2610740661621 35.2322540283203 35.236255645752 35.3095474243164 35.3867034912109 35.4685821533203 35.5188064575195 35.5459671020508 35.5708160400391 35.5947036743164 35.6227912902832 35.6517066955566 35.6801872253418 35.7093505859375 35.7453460693359 35.7813606262207 35.8174591064453 35.8580932617188 35.9071617126465 35.959716796875 36.0160789489746 36.0708999633789 36.1247253417969 36.1660690307617 36.2029304504395 36.232536315918
