Ecospace-environmental-drivers/Outputs/ASCII-for-ecospace/MOM6-ISIMIP3a/so/2000-10_so_MOM6-ISIMIP3a.asc
NCOLS 131 
NROWS 53 
XLLCORNER -98 
YLLCORNER 23.9265270233154 
CELLSIZE 0.133587792515755 
NODATA_value -9999 
[rows 0 to 20 of 53, columns 47 to 93 of 131]
-9999 -9999 -9999 -9999 -9999 -9999 -9999 -9999 -9999 -9999 -9999 -9999 -9999 -9999 -9999 -9999 -9999 -9999 -9999 -9999 -9999 -9999 -9999 -9999 -9999 -9999 -9999 -9999 -9999 -9999 -9999 -9999 -9999 -9999 -9999 -9999 -9999 -9999 -9999 -9999 -9999 -9999 -9999 -9999 -9999 -9999 -9999
-9999 -9999 -9999 -9999 -9999 -9999 -9999 -9999 -9999 -9999 -9999 -9999 -9999 -9999 -9999 -9999 -9999 -9999 -9999 -9999 -9999 -9999 -9999 -9999 -9999 -9999 -9999 -9999 -9999 -9999 -9999 -9999 -9999 -9999 -9999 -9999 -9999 -9999 -9999 -9999 -9999 -9999 -9999 -9999 -9999 -9999 -9999
-9999 -9999 -9999 -9999 -9999 -9999 -9999 -9999 -9999 -9999 -9999 -9999 -9999 -9999 -9999 -9999 -9999 -9999 -9999 -9999 -9999 -9999 -9999 -9999 -9999 -9999 -9999 34.6376914978027 34.826831817627 -9999 -9999 -9999 -9999 -9999 -9999 -9999 -9999 -9999 -9999 -9999 -9999 -9999 -9999 -9999 -9999 -9999 -9999
-9999 -9999 -9999 -9999 -9999 -9999 -9999 -9999 -9999 -9999 -9999 -9999 -9999 -9999 -9999 -9999 -9999 -9999 -9999 -9999 -9999 -9999 -9999 -9999 -9999 -9999 -9999 34.627628326416 34.8159484863281 -9999 -9999 -9999 -9999 -9999 -9999 -9999 -9999 -9999 -9999 -9999 -9999 -9999 -9999 -9999 -9999 -9999 -9999
-9999 -9999 -9999 -9999 -9999 -9999 -9999 -9999 -9999 -9999 -9999 -9999 -9999 -9999 -9999 -9999 -9999 -9999 30.8686504364014 31.0315265655518 31.161828994751 31.9219093322754 32.5548858642578 33.5524978637695 34.1163673400879 34.3267822265625 34.473030090332 34.6086959838867 34.8011627197266 35.0379867553711 -9999 -9999 35.6065711975098 35.6961784362793 35.7416000366211 35.775707244873 35.7988433837891 35.8191566467285 35.8361854553223 35.8492012023926 35.8559989929199 35.8543128967285 -9999 -9999 -9999 -9999 -9999
-9999 -9999 -9999 -9999 -9999 -9999 -9999 -9999 -9999 -9999 -9999 -9999 -9999 -9999 28.2081985473633 -9999 27.8698577880859 27.5933799743652 29.3128681182861 30.8686504364014 31.0641021728516 31.161828994751 32.6819915771484 33.8208312988281 34.1546745300293 34.3736000061035 34.4520683288574 34.5934257507324 34.780590057373 35.029468536377 35.3039054870605 35.4814529418945 35.6399536132812 35.6983032226562 35.7502784729004 35.7762145996094 35.8006286621094 35.8196830749512 35.8371620178223 35.8517074584961 35.8587303161621 35.8575592041016 35.8466529846191 35.8294563293457 -9999 -9999 -9999
-9999 -9999 -9999 -9999 -9999 -9999 -9999 -9999 -9999 -9999 25.1463184356689 25.2137451171875 25.285608291626 25.5386085510254 27.0185432434082 28.2549152374268 28.1614837646484 27.8547115325928 27.5933799743652 29.4765739440918 30.8686504364014 31.161828994751 32.6819915771484 33.8208312988281 34.1546745300293 34.3736000061035 34.4520683288574 34.5934257507324 34.780590057373 35.029468536377 35.3039054870605 35.4814529418945 35.6399536132812 35.6983032226562 35.7502784729004 35.7762145996094 35.8006286621094 35.8196830749512 35.8371620178223 35.8517074584961 35.8587303161621 35.8575592041016 35.8466529846191 35.8294563293457 35.8249092102051 35.8241767883301 -9999
-9999 -9999 -9999 -9999 -9999 -9999 -9999 -9999 -9999 -9999 24.7848072052002 25.1463184356689 25.2811717987061 -9999 25.9053153991699 27.3416690826416 28.3483448028564 28.1614837646484 27.8092708587646 27.5933799743652 29.9676933288574 32.1234321594238 33.3644180297852 34.3016586303711 34.5976676940918 34.7944488525391 34.8699569702148 34.9842071533203 35.1266708374023 35.2980003356934 35.4812812805176 35.5968933105469 35.6992034912109 35.7358932495117 35.7687301635742 35.7876205444336 35.8058242797852 35.8216209411621 35.83837890625 35.8569297790527 35.869571685791 35.8757781982422 35.8668899536133 35.8482322692871 35.8316993713379 35.8159255981445 35.7647476196289
-9999 -9999 -9999 -9999 -9999 -9999 -9999 -9999 -9999 -9999 -9999 -9999 -9999 -9999 25.7256698608398 26.5742511749268 27.8985939025879 28.5352058410645 28.1614837646484 27.6729507446289 30.6206951141357 33.1798973083496 34.1130027770996 34.827880859375 35.0820541381836 35.2544708251953 35.3269653320312 35.4115180969238 35.5048561096191 35.5914154052734 35.6751670837402 35.7232437133789 35.7643089294434 35.7772827148438 35.7891235351562 35.8000526428223 35.8112335205078 35.8232879638672 35.8391151428223 35.8619613647461 35.8807983398438 35.8952713012695 35.8889617919922 35.8692092895508 35.8443870544434 35.817741394043 35.7498474121094
32.108226776123 -9999 -9999 -9999 -9999 -9999 -9999 -9999 -9999 -9999 27.3553810119629 24.4142589569092 -9999 -9999 -9999 26.3449630737305 27.6920623779297 28.7592544555664 28.9089298248291 29.1402912139893 31.6595363616943 33.828685760498 34.5326461791992 35.080867767334 35.3003044128418 35.4564170837402 35.5351333618164 35.6044731140137 35.6669883728027 35.7163200378418 35.7601890563965 35.7843322753906 35.8045997619629 35.8057441711426 35.8060035705566 35.8045425415039 35.8043174743652 35.8084526062012 35.8187980651855 35.8406829833984 35.8641357421875 35.8893051147461 35.897216796875 35.8939590454102 35.8667449951172 35.8309288024902 35.7562713623047
31.9679393768311 31.9472312927246 -9999 -9999 -9999 -9999 -9999 -9999 -9999 -9999 28.8009700775146 27.1104183197021 24.4142589569092 -9999 -9999 26.2251396179199 27.6634330749512 29.1876163482666 29.8748073577881 30.5962352752686 32.6528663635254 34.4109344482422 34.9194679260254 35.3239212036133 35.5086669921875 35.6466331481934 35.7274360656738 35.7815895080566 35.8163261413574 35.8331489562988 35.8425483703613 35.8459167480469 35.8480987548828 35.8379936218262 35.8270454406738 35.812313079834 35.7998428344727 35.7953414916992 35.7992935180664 35.8189430236816 35.8457374572754 35.8803100585938 35.9021339416504 35.9157104492188 35.8901824951172 35.8506088256836 35.7716903686523
31.9679393768311 31.9058132171631 31.341344833374 30.7624416351318 -9999 -9999 -9999 -9999 -9999 -9999 -9999 28.4547824859619 26.6919097900391 24.4142589569092 25.1463184356689 26.2251396179199 27.6634330749512 29.1876163482666 30.5929660797119 31.9910449981689 33.4020881652832 34.6362609863281 35.1302261352539 35.5137176513672 35.6639938354492 35.7739601135254 35.8346633911133 35.8737335205078 35.897045135498 35.906665802002 35.9106101989746 35.9101371765137 35.9087944030762 35.890552520752 35.8703994750977 35.8376960754395 35.8084678649902 35.7914695739746 35.7841300964355 35.7947311401367 35.818000793457 35.8550682067871 35.8891830444336 35.9213829040527 35.9193878173828 35.9051170349121 35.8353271484375
31.9724311828613 31.5684680938721 31.1319198608398 30.7591781616211 -9999 -9999 -9999 -9999 29.3692035675049 29.0188903808594 28.8141193389893 28.8091602325439 27.7410697937012 25.8031539916992 25.9404258728027 27.0606708526611 28.3668346405029 29.7174186706543 31.4600582122803 33.1722412109375 34.0491218566895 34.8454780578613 35.3048248291016 35.6566123962402 35.7813301086426 35.871997833252 35.9210472106934 35.9534111022949 35.9736175537109 35.9814529418945 35.9841651916504 35.9805107116699 35.9756050109863 35.9458694458008 35.9135437011719 35.8648834228516 35.8204383850098 35.7908134460449 35.7720108032227 35.7733001708984 35.7919692993164 35.8295783996582 35.87255859375 35.9190101623535 35.9393157958984 35.9502296447754 35.9018020629883
31.9881477355957 31.5736541748047 31.132360458374 30.7591781616211 30.3962249755859 30.1212768554688 29.8546543121338 29.6303844451904 29.3692035675049 29.0188903808594 28.8141193389893 28.8091602325439 28.5290107727051 28.0237083435059 28.7198448181152 29.9850749969482 30.8287754058838 31.571756362915 32.6994895935059 33.8193969726562 34.4406967163086 35.0144195556641 35.3890228271484 35.6822509765625 35.8036880493164 35.8968124389648 35.9553298950195 36.0019226074219 36.0398216247559 36.0594215393066 36.0714416503906 36.0662612915039 36.0577011108398 36.0080795288086 35.9561538696289 35.8965759277344 35.840763092041 35.7981986999512 35.7674942016602 35.7588157653809 35.770206451416 35.8034706115723 35.8467597961426 35.8965377807617 35.9360466003418 35.971866607666 35.9753723144531
32.2062835693359 31.7944869995117 31.3573741912842 31.0160484313965 30.6879920959473 30.4534530639648 30.2275104522705 30.0452880859375 29.835319519043 29.5583591461182 29.4388809204102 29.5356044769287 29.779167175293 30.1428718566895 31.0343227386475 32.1757545471191 32.7060470581055 33.0903205871582 33.7495651245117 34.410472869873 34.8207092285156 35.2075614929199 35.4965438842773 35.7301177978516 35.8467140197754 35.9404830932617 36.0063438415527 36.061954498291 36.1100997924805 36.1348648071289 36.1499481201172 36.1392059326172 36.1233825683594 36.0593452453613 35.9932594299316 35.9245681762695 35.859504699707 35.8071937561035 35.7670707702637 35.7495880126953 35.7536430358887 35.7811660766602 35.8218269348145 35.8709907531738 35.9209175109863 35.9711227416992 36.0091972351074
32.7106056213379 32.3202018737793 31.8998928070068 31.6360893249512 31.392261505127 31.2552680969238 31.1275157928467 31.0467853546143 30.9604396820068 30.8605403900146 30.9469413757324 31.2891082763672 31.6828136444092 32.1186904907227 32.691463470459 33.3290824890137 33.7567100524902 34.1341667175293 34.531925201416 34.9222679138184 35.1843795776367 35.4349212646484 35.6370391845703 35.8094062805176 35.9189682006836 36.010814666748 36.0810089111328 36.1382827758789 36.1861419677734 36.2067451477051 36.2160606384277 36.1940422058105 36.1658592224121 36.095142364502 36.0225715637207 35.9473304748535 35.8760070800781 35.8184585571289 35.7724304199219 35.7477989196777 35.7444343566895 35.7642478942871 35.7981224060059 35.8410949707031 35.8890228271484 35.9387359619141 35.9868354797363
33.272274017334 32.9595603942871 32.6193618774414 32.4324798583984 32.2647323608398 32.1899833679199 32.1222152709961 32.0899658203125 32.0656318664551 32.0604133605957 32.224308013916 32.6203689575195 33.0064353942871 33.3843231201172 33.7604866027832 34.1358337402344 34.48046875 34.8177719116211 35.064769744873 35.3010063171387 35.4709014892578 35.6358909606934 35.7803535461426 35.9111175537109 36.0129623413086 36.0979957580566 36.1624755859375 36.2090492248535 36.2425765991211 36.249454498291 36.2452926635742 36.2143325805664 36.178108215332 36.1105155944824 36.0414428710938 35.9692153930664 35.9003028869629 35.8430328369141 35.795597076416 35.7664108276367 35.7551460266113 35.7634048461914 35.7847633361816 35.8145980834961 35.8544807434082 35.8979721069336 35.9479446411133
33.8822326660156 33.6946182250977 33.487850189209 33.3773765563965 33.2788467407227 33.2366142272949 33.1966552734375 33.1682472229004 33.1540412902832 33.1741333007812 33.3073997497559 33.5960502624512 33.8416023254395 34.0518951416016 34.3342437744141 34.6507225036621 34.9289360046387 35.1980056762695 35.3874931335449 35.567699432373 35.6924591064453 35.814640045166 35.9260368347168 36.0317039489746 36.1252708435059 36.1993675231934 36.2496681213379 36.2751312255859 36.2825050354004 36.2675971984863 36.243465423584 36.2055358886719 36.1648941040039 36.1086959838867 36.051513671875 35.9903602600098 35.9311599731445 35.8788146972656 35.8337516784668 35.8022117614746 35.7826385498047 35.7761039733887 35.7801208496094 35.7909622192383 35.8177070617676 35.8501625061035 35.8951377868652
34.4501266479492 34.3435440063477 34.2190246582031 34.1657524108887 34.120792388916 34.1034736633301 34.0814590454102 34.0355606079102 34.007755279541 34.0236473083496 34.1034622192383 34.2710456848145 34.4059638977051 34.51416015625 34.7243270874023 34.9827995300293 35.2065887451172 35.4220886230469 35.5738563537598 35.7186851501465 35.8263511657715 35.9325332641602 36.0325241088867 36.1265068054199 36.2078094482422 36.2668495178223 36.2986755371094 36.3042182922363 36.2906188964844 36.2618179321289 36.2267189025879 36.1878318786621 36.1481971740723 36.103443145752 36.0584754943848 36.0132713317871 35.9696197509766 35.9314079284668 35.8969078063965 35.8693008422852 35.8468322753906 35.829948425293 35.8175163269043 35.8079643249512 35.8133926391602 35.8242073059082 35.8541946411133
34.9974327087402 34.9503135681152 34.8830070495605 34.8775291442871 34.8784866333008 34.8823547363281 34.8734588623047 34.7996253967285 34.7466125488281 34.7438659667969 34.7590637207031 34.7988929748535 34.8378028869629 34.8759536743164 35.024528503418 35.2254066467285 35.4006462097168 35.5697555541992 35.6934852600098 35.8130493164062 35.9173431396484 36.0206489562988 36.1198234558105 36.2086868286133 36.2757797241211 36.3177452087402 36.3289909362793 36.3151969909668 36.2831687927246 36.2443313598633 36.2026786804199 36.165771484375 36.1297950744629 36.0965118408203 36.0639152526855 36.0370483398438 36.0117950439453 35.9922256469727 35.972297668457 35.9517097473145 35.9289855957031 35.9039344787598 35.8754920959473 35.8448524475098 35.8249664306641 35.8089485168457 35.8190574645996
35.407154083252 35.3896827697754 35.3544998168945 35.3617820739746 35.3730697631836 35.3752708435059 35.3639640808105 35.2839393615723 35.2222442626953 35.2047996520996 35.1896591186523 35.1776733398438 35.1720657348633 35.1716842651367 35.2713012695312 35.418285369873 35.5516204833984 35.6816940307617 35.7901496887207 35.8964500427246 35.9929733276367 36.0894012451172 36.1854095458984 36.2672805786133 36.3192863464355 36.3457183837891 36.3408851623535 36.3152122497559 36.274356842041 36.2304039001465 36.1851692199707 36.1494560241699 36.1156158447266 36.0896301269531 36.0649528503418 36.0502548217773 36.037670135498 36.0325164794922 36.0256233215332 36.0155067443848 35.9999923706055 35.9786033630371 35.9484214782715 35.9125518798828 35.8769416809082 35.8414268493652 35.8269462585449
