Ecospace-environmental-drivers/Outputs/ASCII-for-ecospace/MOM6-ISIMIP3a/so/2001-04_so_MOM6-ISIMIP3a.asc
NCOLS 131 
NROWS 53 
XLLCORNER -98 
YLLCORNER 23.9265270233154 
CELLSIZE 0.133587792515755 
NODATA_value -9999 
[rows 21 to 41 of 53, columns 0 to 46 of 131]
-9999 -9999 -9999 -9999 -9999 -9999 35.0047225952148 34.9937019348145 34.968563079834 34.9240646362305 34.8655128479004 34.7161445617676 34.7610778808594 34.8949203491211 35.042179107666 35.2049217224121 35.341194152832 35.4592819213867 35.6002807617188 35.7501220703125 35.863883972168 35.9712829589844 36.0413398742676 36.1079444885254 36.1526222229004 36.1946716308594 36.2282104492188 36.263427734375 36.3015670776367 36.3347663879395 36.3628768920898 36.3967437744141 36.4341163635254 36.4592590332031 36.4803199768066 36.4784774780273 36.4733695983887 36.4546394348145 36.4372863769531 36.4286766052246 36.4175682067871 36.3995056152344 36.362720489502 36.2969970703125 36.2176513671875 36.125804901123 35.9782104492188
-9999 -9999 -9999 -9999 -9999 -9999 35.0069389343262 35.0047225952148 34.9826812744141 34.9627838134766 34.9240646362305 34.9563255310059 35.0602264404297 35.3058967590332 35.5290260314941 35.726146697998 35.8611259460449 35.953426361084 36.0423469543457 36.1299591064453 36.1914215087891 36.2482719421387 36.2931480407715 36.3367195129395 36.3715782165527 36.4034652709961 36.4257164001465 36.4486808776855 36.4728775024414 36.4919853210449 36.5058479309082 36.5249061584473 36.5471267700195 36.5621528625488 36.5747756958008 36.5717277526855 36.5664176940918 36.5481338500977 36.5310325622559 36.5214653015137 36.5123329162598 36.5044021606445 36.4803237915039 36.4312973022461 36.3576049804688 36.2612648010254 36.1022071838379
-9999 -9999 -9999 -9999 35.0589027404785 35.0258255004883 35.008186340332 35.0079116821289 35.0047225952148 34.9606399536133 34.9617042541504 35.1355743408203 35.3672218322754 35.7132034301758 36.0028038024902 36.2273559570312 36.3561744689941 36.419246673584 36.4565544128418 36.4839134216309 36.499584197998 36.5131912231445 36.5352363586426 36.5577087402344 36.5822143554688 36.6034889221191 36.6142807006836 36.6245994567871 36.6340942382812 36.6381416320801 36.6365852355957 36.6400337219238 36.6465339660645 36.6510581970215 36.6549263000488 36.6507759094238 36.6454315185547 36.6282348632812 36.6119155883789 36.6011962890625 36.5932960510254 36.5932312011719 36.5799179077148 36.5461349487305 36.4779434204102 36.378173828125 36.2113990783691
-9999 -9999 -9999 -9999 35.1336135864258 35.067985534668 35.0434684753418 35.008186340332 35.0108261108398 35.0444068908691 35.1058464050293 35.2739105224609 35.4950103759766 35.8210601806641 36.096923828125 36.3148765563965 36.4318199157715 36.4793968200684 36.5094718933105 36.5327911376953 36.5583114624023 36.5842208862305 36.6115951538086 36.6382484436035 36.6586418151855 36.6767539978027 36.6874732971191 36.6948585510254 36.6964302062988 36.6927909851074 36.6837921142578 36.6811866760254 36.6824760437012 36.6842308044434 36.6861419677734 36.6828117370605 36.6786994934082 36.6665306091309 36.6543807983398 36.6423530578613 36.6310501098633 36.621768951416 36.5983772277832 36.5531768798828 36.4738578796387 36.3632316589355 36.2066993713379
-9999 -9999 -9999 -9999 -9999 35.1336135864258 35.0866813659668 35.0787506103516 35.0332412719727 35.1313247680664 35.2441368103027 35.4133338928223 35.6261749267578 35.9253578186035 36.1777038574219 36.3760070800781 36.4781379699707 36.5142250061035 36.5382080078125 36.5575141906738 36.5898933410645 36.6245727539062 36.6582946777344 36.6908493041992 36.7138519287109 36.7344131469727 36.7470512390137 36.7534484863281 36.7489471435547 36.7397766113281 36.7258071899414 36.7189292907715 36.716365814209 36.7155799865723 36.7153854370117 36.7122955322266 36.7087707519531 36.7004280090332 36.6914329528809 36.6782875061035 36.6638641357422 36.6458892822266 36.613151550293 36.5576057434082 36.4685707092285 36.3487930297852 36.2035026550293
-9999 -9999 -9999 -9999 -9999 35.155387878418 35.1336135864258 35.1261749267578 35.127197265625 35.2320518493652 35.3567733764648 35.557544708252 35.7721252441406 36.0140342712402 36.2000007629395 36.3214111328125 36.3958549499512 36.4380416870117 36.4609260559082 36.4763565063477 36.5024490356445 36.5304222106934 36.5749549865723 36.6209411621094 36.6760292053223 36.7236289978027 36.7469520568848 36.7608757019043 36.7584114074707 36.7531700134277 36.7450675964355 36.7417221069336 36.7412719726562 36.738941192627 36.7359809875488 36.730598449707 36.7248458862305 36.7150344848633 36.7047348022461 36.6913261413574 36.6750183105469 36.650634765625 36.6117897033691 36.550594329834 36.4579963684082 36.3365859985352 36.2068939208984
-9999 -9999 35.211669921875 35.2030715942383 35.1916122436523 35.1771850585938 35.1553611755371 35.1776390075684 35.2092666625977 35.3232879638672 35.4588203430176 35.6766891479492 35.8832893371582 36.0676002502441 36.2005081176758 36.2741012573242 36.3348693847656 36.3868293762207 36.4128608703613 36.4288787841797 36.4468154907227 36.465087890625 36.5119705200195 36.5629348754883 36.6427383422852 36.711784362793 36.7459526062012 36.7676086425781 36.7674369812012 36.7657089233398 36.7623863220215 36.7617797851562 36.7628288269043 36.7591667175293 36.7539367675781 36.7467308044434 36.7392234802246 36.7277336120605 36.7159118652344 36.701961517334 36.6842269897461 36.6559715270996 36.6144027709961 36.5522575378418 36.4635009765625 36.3503189086914 36.2428932189941
-9999.000000000000000 -9999 -9999 -9999 35.2404174804688 35.2060356140137 35.2193298339844 35.2379264831543 35.2654075622559 35.3938179016113 35.5377616882324 35.7411422729492 35.9185485839844 36.0445556640625 36.1534767150879 36.2426834106445 36.3203506469727 36.3900947570801 36.4285354614258 36.454891204834 36.4605865478516 36.4626388549805 36.4933967590332 36.5308952331543 36.6193237304688 36.6976051330566 36.7429962158203 36.7728233337402 36.7754898071289 36.7763900756836 36.7754707336426 36.7758712768555 36.7770767211914 36.7725563049316 36.7661247253418 36.7581367492676 36.7498893737793 36.7362785339355 36.7224617004395 36.7073440551758 36.6891899108887 36.6625862121582 36.6256828308105 36.5728530883789 36.5040740966797 36.4206504821777 36.3500518798828
-9999 -9999 -9999 -9999 35.3105888366699 35.3380279541016 35.3082237243652 35.3160934448242 35.3348236083984 35.4577026367188 35.5924377441406 35.7725486755371 35.9285125732422 36.0366897583008 36.1485977172852 36.2648010253906 36.3620681762695 36.4463272094727 36.4927864074707 36.5246467590332 36.515567779541 36.4992637634277 36.5055885314941 36.5206184387207 36.6040878295898 36.6809959411621 36.7366409301758 36.7744445800781 36.7811164855957 36.785026550293 36.7861022949219 36.7873039245605 36.7885856628418 36.7841377258301 36.777774810791 36.7694396972656 36.7607841491699 36.7459449768066 36.7310562133789 36.7158393859863 36.698657989502 36.6760025024414 36.6460838317871 36.6049461364746 36.5550956726074 36.4972534179688 36.4546546936035
-9999 -9999 -9999 -9999 35.3628692626953 35.3877067565918 35.4183731079102 35.4167518615723 35.4209442138672 35.5132255554199 35.6165885925293 35.7623825073242 35.9066543579102 36.0479278564453 36.1967430114746 36.3542671203613 36.4745254516602 36.5691947937012 36.6181411743164 36.6494293212891 36.622386932373 36.5850486755371 36.5564880371094 36.5377349853516 36.5991363525391 36.661319732666 36.7260131835938 36.771556854248 36.7836875915527 36.7910957336426 36.7936515808105 36.7953948974609 36.7966461181641 36.7934379577637 36.788745880127 36.7806167602539 36.7719688415527 36.7570266723633 36.7422142028809 36.7282562255859 36.7137985229492 36.6979675292969 36.6779632568359 36.6515045166016 36.619270324707 36.5817375183105 36.5560531616211
-9999 -9999 -9999 -9999 35.3877067565918 35.4248313903809 35.4684104919434 35.5076065063477 35.5491561889648 35.594123840332 35.6570472717285 35.7887115478516 35.9341621398926 36.1068992614746 36.2793159484863 36.4513664245605 36.5731430053711 36.6603927612305 36.7026329040527 36.7274971008301 36.6984710693359 36.6599349975586 36.6097946166992 36.5691604614258 36.6098403930664 36.656120300293 36.7205467224121 36.7675437927246 36.7841262817383 36.7944564819336 36.7983627319336 36.8010787963867 36.8030662536621 36.8012390136719 36.7981414794922 36.7908744812012 36.7829818725586 36.7687187194824 36.7546691894531 36.7419738769531 36.7297706604004 36.7189445495605 36.7063674926758 36.691089630127 36.6722221374512 36.6500587463379 36.6362838745117
-9999 -9999 -9999 -9999 35.4269828796387 35.4684104919434 35.6192436218262 35.5910987854004 35.7089309692383 35.6940498352051 35.7097358703613 35.842414855957 35.9986953735352 36.2016716003418 36.3877067565918 36.5541877746582 36.6613731384277 36.727840423584 36.7564849853516 36.7705268859863 36.7514991760254 36.7266426086426 36.6649131774902 36.6113243103027 36.6322822570801 36.6617813110352 36.7189559936523 36.7626914978027 36.7829666137695 36.7957878112793 36.8009452819824 36.8049507141113 36.8082504272461 36.8079109191895 36.8063583374023 36.8004379272461 36.7938690185547 36.7808723449707 36.7680892944336 36.7566680908203 36.7463645935059 36.7391777038574 36.7321739196777 36.7254486083984 36.7167549133301 36.7062568664551 36.7006416320801
-9999 -9999 -9999 -9999 35.4684104919434 35.7418632507324 35.834789276123 35.909854888916 35.8859748840332 35.8542938232422 35.8572654724121 35.9928703308105 36.1467781066895 36.3368988037109 36.500732421875 36.6342315673828 36.7150268554688 36.7596244812012 36.7778282165527 36.7858390808105 36.7749824523926 36.760799407959 36.7048568725586 36.6545448303223 36.6587753295898 36.672966003418 36.7194557189941 36.7572975158691 36.7800521850586 36.7950019836426 36.8019180297852 36.8073539733887 36.8118896484375 36.8128929138184 36.8127212524414 36.808177947998 36.8029861450195 36.7915878295898 36.7803230285645 36.769905090332 36.7606506347656 36.7546234130859 36.7501640319824 36.7481269836426 36.744945526123 36.7407112121582 36.7393989562988
-9999 -9999 -9999 -9999 -9999 36.0171012878418 36.0450057983398 36.0034141540527 36.0704154968262 36.0403861999512 36.0454444885254 36.1847915649414 36.3306694030762 36.4894638061523 36.6157455444336 36.7045097351074 36.7538566589355 36.7761268615723 36.7852439880371 36.7892799377441 36.7858047485352 36.781005859375 36.7382926940918 36.6982154846191 36.6870002746582 36.6865196228027 36.7208480834961 36.7516784667969 36.7763900756836 36.7933044433594 36.8021965026855 36.8091278076172 36.8148651123047 36.8171539306641 36.8182907104492 36.8151359558105 36.8113441467285 36.8016891479492 36.792049407959 36.7825202941895 36.7739410400391 36.7680130004883 36.7648048400879 36.7657928466797 36.7661247253418 36.7658500671387 36.7671852111816
-9999 -9999 -9999 -9999 -9999 36.1786460876465 36.1715049743652 36.2217483520508 36.2150802612305 36.2196426391602 36.2482757568359 36.3690567016602 36.4876670837402 36.601978302002 36.6885566711426 36.7431259155273 36.7719650268555 36.7831268310547 36.7884178161621 36.791446685791 36.7896690368652 36.7870445251465 36.7557258605957 36.725456237793 36.7091789245605 36.7024269104004 36.7265777587891 36.7503890991211 36.7736015319824 36.7906684875488 36.8014106750488 36.8097190856934 36.8165435791016 36.8199501037598 36.8222198486328 36.8200416564941 36.8172149658203 36.8094635009766 36.8016204833984 36.7931900024414 36.7853775024414 36.7792663574219 36.7766532897949 36.7794456481934 36.7817192077637 36.783519744873 36.7858772277832
-9999 -9999 -9999 -9999 -9999 36.3098106384277 36.3194236755371 36.2893562316895 36.3515167236328 36.3974800109863 36.4541397094727 36.5517349243164 36.6390991210938 36.7062072753906 36.7526359558105 36.7751922607422 36.7857856750488 36.788158416748 36.7907180786133 36.7933540344238 36.7920951843262 36.7901496887207 36.7698440551758 36.7492980957031 36.7301063537598 36.7188262939453 36.7332038879395 36.7499961853027 36.7709922790527 36.7878379821777 36.8004035949707 36.8100662231445 36.8179512023926 36.8224449157715 36.8258056640625 36.8245239257812 36.8225746154785 36.8167572021484 36.8107414245605 36.8034591674805 36.7964248657227 36.7900772094727 36.7879257202148 36.7922630310059 36.7961578369141 36.7996520996094 36.8026885986328
-9999 -9999 -9999 -9999 -9999 -9999 36.4385070800781 36.4471626281738 36.4521980285645 36.5030059814453 36.5591735839844 36.6358451843262 36.7003631591797 36.7408218383789 36.7682266235352 36.7805557250977 36.7868270874023 36.788932800293 36.7914123535156 36.7940368652344 36.7941474914551 36.793815612793 36.779369354248 36.7641754150391 36.745361328125 36.733226776123 36.7427558898926 36.7552299499512 36.7728500366211 36.7880630493164 36.8007965087891 36.8109588623047 36.8195495605469 36.8247528076172 36.8288230895996 36.828239440918 36.8269882202148 36.8232650756836 36.8192710876465 36.8135833740234 36.8078346252441 36.8019142150879 36.8003120422363 36.8053894042969 36.8096160888672 36.8130645751953 36.8162231445312
-9999 -9999 -9999 -9999 -9999 -9999 36.5486221313477 36.5789985656738 36.5495758056641 36.6022796630859 36.6556053161621 36.7113151550293 36.7537727355957 36.77001953125 36.7804985046387 36.7843246459961 36.7872123718262 36.7894592285156 36.7919960021973 36.7946472167969 36.796070098877 36.7972793579102 36.7883186340332 36.7781715393066 36.7600021362305 36.7473411560059 36.7525444030762 36.7610397338867 36.7752723693848 36.7887687683105 36.8015060424805 36.8120765686035 36.8213272094727 36.8271408081055 36.8318099975586 36.8318862915039 36.8313179016113 36.829647064209 36.8276596069336 36.8236618041992 36.819278717041 36.8138046264648 36.8127250671387 36.8184280395508 36.8228645324707 36.8261413574219 36.8293190002441
-9999 -9999 -9999 -9999 -9999 -9999 36.6469841003418 36.6197090148926 36.6288185119629 36.6693954467773 36.7084503173828 36.7416725158691 36.7664909362793 36.7746696472168 36.7805595397949 36.7838096618652 36.786693572998 36.7893333435059 36.7921676635742 36.7950744628906 36.7967834472656 36.798282623291 36.793327331543 36.7870407104492 36.7708320617676 36.759407043457 36.7635040283203 36.7702407836914 36.7815895080566 36.7931480407715 36.8049278259277 36.8153266906738 36.8248901367188 36.8304824829102 36.8347549438477 36.8352088928223 36.8351402282715 36.835075378418 36.8348236083984 36.8333625793457 36.830924987793 36.8257865905762 36.8248481750488 36.8304023742676 36.8343811035156 36.8369102478027 36.8393630981445
-9999 -9999 -9999 -9999 -9999 36.7891235351562 36.7281379699707 36.7422409057617 36.6989936828613 36.727352142334 36.7526779174805 36.7664031982422 36.7761268615723 36.7779426574707 36.7803344726562 36.783390045166 36.7865142822266 36.789680480957 36.7928161621094 36.7959365844727 36.7978172302246 36.7994804382324 36.7977523803711 36.794677734375 36.7809944152832 36.7712135314941 36.7740898132324 36.7791213989258 36.7879180908203 36.7978515625 36.8089561462402 36.8191947937012 36.8289070129395 36.8340911865234 36.8377647399902 36.8385353088379 36.8389129638672 36.8404541015625 36.8418884277344 36.8426666259766 36.8420448303223 36.8375434875488 36.8367805480957 36.8417930603027 36.8451461791992 36.8469772338867 36.848747253418
-9999 -9999 -9999 -9999 36.798225402832 36.7915115356445 36.7891235351562 36.761474609375 36.7359046936035 36.7517204284668 36.7653312683105 36.7704811096191 36.774471282959 36.7761535644531 36.7790451049805 36.7833290100098 36.7875595092773 36.7917594909668 36.7952156066895 36.7983818054199 36.8000259399414 36.8014030456543 36.8000335693359 36.7977867126465 36.7887153625488 36.7820739746094 36.7833137512207 36.7868232727051 36.7942924499512 36.8037338256836 36.8152046203613 36.8253135681152 36.8345909118652 36.8386764526367 36.8410301208496 36.8418617248535 36.8424987792969 36.845630645752 36.8485946655273 36.8505249023438 36.8512229919434 36.848503112793 36.848030090332 36.8510360717773 36.8531646728516 36.8544921875 36.8557243347168
