Ecospace-environmental-drivers/Outputs/ASCII-for-ecospace/MOM6-ISIMIP3a/so/2001-07_so_MOM6-ISIMIP3a.asc
NCOLS 131 
NROWS 53 
XLLCORNER -98 
YLLCORNER 23.9265270233154 
CELLSIZE 0.133587792515755 
NODATA_value -9999 
[rows 21 to 41 of 53, columns 47 to 93 of 131]
34.189567565918 34.1193084716797 34.038257598877 33.9357223510742 33.8324661254883 33.7690658569336 33.7138786315918 33.7004547119141 33.6867065429688 33.672191619873 33.6700744628906 33.6849746704102 33.7426948547363 33.83544921875 33.9670448303223 34.1170425415039 34.2450180053711 34.367733001709 34.445182800293 34.517276763916 34.5566787719727 34.5920104980469 34.6103019714355 34.6045722961426 34.5481338500977 34.4782104492188 34.3917961120605 34.3411674499512 34.3166007995605 34.3223991394043 34.3407707214355 34.3873710632324 34.4395217895508 34.5121002197266 34.5837059020996 34.6384468078613 34.6818618774414 34.6854591369629 34.6555213928223 34.5633010864258 34.4541702270508 34.3266143798828 34.2440147399902 34.1905059814453 34.1949043273926 34.2201042175293 34.3121452331543
34.4149703979492 34.3740615844727 34.3254241943359 34.2512130737305 34.1752471923828 34.122501373291 34.0792541503906 34.0843048095703 34.0929145812988 34.110107421875 34.1359443664551 34.1736526489258 34.2418479919434 34.3349838256836 34.4491996765137 34.5733985900879 34.6600914001465 34.7378273010254 34.8026924133301 34.8651504516602 34.9053802490234 34.9343338012695 34.916088104248 34.8708953857422 34.7688179016113 34.6631088256836 34.5529594421387 34.4814758300781 34.4381484985352 34.4291877746582 34.4344596862793 34.4704475402832 34.5124740600586 34.5747108459473 34.6363830566406 34.6852912902832 34.7235336303711 34.7242698669434 34.6960525512695 34.6140632629395 34.513786315918 34.3935890197754 34.3084144592285 34.245906829834 34.2314376831055 34.2342224121094 34.2925109863281
34.6294174194336 34.6169776916504 34.6001243591309 34.553897857666 34.5048904418945 34.4618949890137 34.429141998291 34.4484786987305 34.4752540588379 34.5199851989746 34.5709800720215 34.6305732727051 34.7090835571289 34.8030624389648 34.9008827209473 35.0005149841309 35.0475845336914 35.0820922851562 35.1359367370605 35.1901931762695 35.2311401367188 35.2537460327148 35.1996154785156 35.1167831420898 34.9733505249023 34.8363418579102 34.7071723937988 34.6181259155273 34.5583076477051 34.5358085632324 34.5287666320801 34.5544242858887 34.5865097045898 34.6378936767578 34.6890563964844 34.7310485839844 34.7630348205566 34.759838104248 34.7326889038086 34.661075592041 34.5707015991211 34.4598999023438 34.3741226196289 34.3045463562012 34.2734756469727 34.2562408447266 34.2818298339844
34.7644958496094 34.7591400146484 34.7521095275879 34.7279319763184 34.7020874023438 34.6786575317383 34.6623764038086 34.6824607849121 34.7100372314453 34.7557106018066 34.808910369873 34.872444152832 34.9491500854492 35.0366325378418 35.1133995056152 35.1850891113281 35.2158813476562 35.2368965148926 35.2937660217285 35.351921081543 35.3929672241211 35.4130172729492 35.3451919555664 35.2539901733398 35.1134376525879 34.9785041809082 34.8504371643066 34.7576103210449 34.6904411315918 34.6584663391113 34.6410675048828 34.655029296875 34.6751556396484 34.7136383056641 34.7516288757324 34.7781562805176 34.795841217041 34.7824440002441 34.7515716552734 34.6882362365723 34.6113014221191 34.5195426940918 34.4405784606934 34.3698883056641 34.3362236022949 34.3158531188965 34.3241729736328
34.8938369750977 34.8938255310059 34.894458770752 34.8886756896973 34.8822593688965 34.8765640258789 34.8753089904785 34.8966751098633 34.9253311157227 34.9715805053711 35.0262641906738 35.0925178527832 35.1662940979004 35.246223449707 35.3028984069824 35.348560333252 35.3645896911621 35.3735389709473 35.4316368103027 35.491943359375 35.5352363586426 35.5562477111816 35.484001159668 35.3921813964844 35.2590446472168 35.1289978027344 35.0027275085449 34.9061851501465 34.8312950134277 34.7892799377441 34.7608757019043 34.7625465393066 34.770133972168 34.7950134277344 34.819206237793 34.8304252624512 34.834114074707 34.811336517334 34.7770156860352 34.7212600708008 34.6566581726074 34.5824127197266 34.5113372802734 34.442310333252 34.4081192016602 34.3864440917969 34.3779487609863
34.9980163574219 34.9957275390625 34.9945526123047 34.991138458252 34.9877700805664 34.991771697998 34.9992218017578 35.024227142334 35.0551605224609 35.1004066467285 35.153392791748 35.2170104980469 35.2829093933105 35.3506813049316 35.391471862793 35.4194793701172 35.4274063110352 35.430534362793 35.482006072998 35.5368041992188 35.5917472839355 35.629150390625 35.5931434631348 35.5346946716309 35.4288749694824 35.3160209655762 35.1945648193359 35.0946350097656 35.0103797912598 34.9558372497559 34.9136009216309 34.9003829956055 34.8928642272949 34.901065826416 34.9087181091309 34.9053344726562 34.896369934082 34.8677825927734 34.8312568664551 34.7799873352051 34.7228813171387 34.659423828125 34.6009750366211 34.5457649230957 34.5201454162598 34.5051536560059 34.4818305969238
35.102352142334 35.0979995727539 35.0948638916016 35.0949211120605 35.0957145690918 35.107551574707 35.1219482421875 35.1493453979492 35.1812057495117 35.2238349914551 35.2733039855957 35.3321647644043 35.3893051147461 35.4450378417969 35.4721069335938 35.4855995178223 35.4864616394043 35.4842987060547 35.5274314880371 35.5747680664062 35.6379432678223 35.689079284668 35.6898307800293 35.6668090820312 35.5936012268066 35.5033721923828 35.3923377990723 35.2927856445312 35.201602935791 35.1362228393555 35.0815238952637 35.0543174743652 35.0325088500977 35.0245628356934 35.0162162780762 34.9989471435547 34.9779510498047 34.9438362121582 34.904857635498 34.8568534851074 34.8059501647949 34.7518920898438 34.7047386169434 34.6620483398438 34.6432456970215 34.6330223083496 34.5964965820312
35.2070350646973 35.2010803222656 35.1956481933594 35.2015762329102 35.2089691162109 35.2245864868164 35.2420806884766 35.2691535949707 35.2989883422852 35.3354835510254 35.3774528503418 35.4269409179688 35.473388671875 35.5173530578613 35.5354347229004 35.541259765625 35.5373039245605 35.5310134887695 35.562084197998 35.5976715087891 35.6616287231445 35.720703125 35.7593460083008 35.776237487793 35.7471961975098 35.6914482116699 35.6030540466309 35.5121116638184 35.4193153381348 35.3467636108398 35.282600402832 35.2433815002441 35.2090644836426 35.1861228942871 35.1629447937012 35.1333656311035 35.1016960144043 35.0626640319824 35.0207061767578 34.9733085632324 34.9257736206055 34.8780937194824 34.8393287658691 34.8063316345215 34.7905197143555 34.780876159668 34.7346801757812
35.3211250305176 35.3135452270508 35.306095123291 35.3157920837402 35.3275451660156 35.3474578857422 35.3682289123535 35.3933486938477 35.4196128845215 35.4486465454102 35.4822311401367 35.5220642089844 35.5587730407715 35.5929183959961 35.6046867370605 35.6058502197266 35.5996742248535 35.591739654541 35.613151550293 35.6389350891113 35.6990203857422 35.7594871520996 35.8215255737305 35.8664093017578 35.8750762939453 35.8526039123535 35.7920684814453 35.7172775268555 35.6320953369141 35.5589408874512 35.4907646179199 35.444881439209 35.4033813476562 35.3713226318359 35.3390197753906 35.3009605407715 35.2618179321289 35.218864440918 35.1742973327637 35.1267318725586 35.0800971984863 35.0344734191895 34.9979057312012 34.9671974182129 34.9467010498047 34.929874420166 34.8719100952148
35.4470634460449 35.4378128051758 35.4286994934082 35.4395179748535 35.452808380127 35.4776840209961 35.5019416809082 35.5230522155762 35.5438079833984 35.5637130737305 35.5877990722656 35.6176261901855 35.6457862854004 35.6725845336914 35.681396484375 35.6816864013672 35.6765441894531 35.6700973510742 35.684871673584 35.7032928466797 35.7536582946777 35.8072700500488 35.8744659423828 35.9323539733887 35.9706077575684 35.9798965454102 35.953784942627 35.9046249389648 35.8386726379395 35.7731666564941 35.7078475952148 35.6620330810547 35.6200485229492 35.5862579345703 35.5520057678223 35.5102882385254 35.4677085876465 35.4220848083496 35.3753814697266 35.3266677856445 35.2778205871582 35.2288208007812 35.1866645812988 35.1489295959473 35.1141014099121 35.0803146362305 35.0079383850098
35.5832366943359 35.5723266601562 35.5618705749512 35.5696296691895 35.5798721313477 35.6068382263184 35.6324691772461 35.6513214111328 35.6684761047363 35.6815376281738 35.6981506347656 35.7196350097656 35.7409324645996 35.7620735168457 35.769775390625 35.7711067199707 35.7688026428223 35.7656326293945 35.7782173156738 35.7937622070312 35.8366241455078 35.883544921875 35.9474411010742 36.0072250366211 36.0583267211914 36.0865631103516 36.086856842041 36.0624008178711 36.0199241638184 35.9711112976074 35.9196739196777 35.8814926147461 35.8459205627441 35.8160552978516 35.7853775024414 35.7446556091309 35.7027626037598 35.6567497253418 35.6086692810059 35.5567588806152 35.502010345459 35.4441719055176 35.3913230895996 35.3417091369629 35.2903633117676 35.2383918762207 35.1488990783691
35.7270889282227 35.714527130127 35.7029724121094 35.7045288085938 35.7082901000977 35.7351875305176 35.7606086730957 35.7785110473633 35.7934951782227 35.8014335632324 35.8120918273926 35.826488494873 35.8421821594238 35.8589363098145 35.8669052124023 35.8707122802734 35.8726081848145 35.8740425109863 35.8877868652344 35.9038124084473 35.9408340454102 35.9811820983887 36.0354461669922 36.0887908935547 36.1401901245117 36.1777648925781 36.1984443664551 36.1980018615723 36.1821784973145 36.1568374633789 36.127555847168 36.1026916503906 36.0786972045898 36.056999206543 36.0340309143066 35.9977989196777 35.9596900939941 35.9149932861328 35.8661117553711 35.8094635009766 35.7460517883301 35.6752700805664 35.6079139709473 35.5427780151367 35.4732704162598 35.4021987915039 35.2935600280762
35.8666038513184 35.8536415100098 35.8415565490723 35.8386039733887 35.8374366760254 35.859130859375 35.8801727294922 35.8978958129883 35.9124145507812 35.9191970825195 35.9272422790527 35.93701171875 35.9486503601074 35.9618148803711 35.9698143005371 35.9753646850586 35.9801292419434 35.9847068786621 35.999324798584 36.0158157348633 36.0494766235352 36.0859413146973 36.134162902832 36.1819686889648 36.2289085388184 36.2667541503906 36.2934913635254 36.3043212890625 36.3035659790039 36.292797088623 36.2778816223145 36.2608909606934 36.2434959411621 36.2271385192871 36.2097206115723 36.1815528869629 36.1516227722168 36.1154899597168 36.0746116638184 36.0249252319336 35.9643249511719 35.8918304443359 35.813533782959 35.7314796447754 35.6450805664062 35.5571174621582 35.4363403320312
36.0042572021484 35.9914321899414 35.979061126709 35.9723281860352 35.9668998718262 35.9811859130859 35.9960632324219 36.0139350891113 36.0287170410156 36.0360488891602 36.0429039001465 36.0491104125977 36.0573577880859 36.0672721862793 36.0751953125 36.0821762084961 36.0892448425293 36.0963325500488 36.1117095947266 36.1286506652832 36.1600151062012 36.1937561035156 36.2374649047852 36.2801246643066 36.3205642700195 36.3547973632812 36.3814468383789 36.3980903625488 36.4074440002441 36.4074287414551 36.4035377502441 36.39208984375 36.3791580200195 36.3669281005859 36.354133605957 36.3355674743652 36.3156967163086 36.2912368774414 36.2621383666992 36.2244262695312 36.1715545654297 36.1021614074707 36.0144500732422 35.9148864746094 35.8121337890625 35.7082328796387 35.5783195495605
36.1205902099609 36.1063461303711 36.0919647216797 36.0825538635254 36.0742874145508 36.0832252502441 36.0934448242188 36.110179901123 36.125 36.1352005004883 36.1441230773926 36.151294708252 36.1594619750977 36.1684494018555 36.1764144897461 36.183895111084 36.1914596557617 36.1990432739258 36.213996887207 36.2304573059082 36.2614784240723 36.2942733764648 36.3344993591309 36.3720169067383 36.4038200378418 36.4283447265625 36.4439735412598 36.4511108398438 36.4520606994629 36.446174621582 36.4374580383301 36.4250030517578 36.4118156433105 36.4012641906738 36.3906707763672 36.3787002563477 36.3662185668945 36.351936340332 36.3348083496094 36.3123970031738 36.2783889770508 36.2317428588867 36.1637268066406 36.0818824768066 35.9781608581543 35.866584777832 35.7267456054688
36.2325134277344 36.2165222167969 36.1997833251953 36.1879234313965 36.1771087646484 36.1811256408691 36.1870002746582 36.2023315429688 36.2171401977539 36.2306938171387 36.2423553466797 36.2514266967773 36.2602043151855 36.268741607666 36.2767715454102 36.2845611572266 36.2922477722168 36.2999114990234 36.3141937255859 36.3299827575684 36.3610649108887 36.3932800292969 36.4302368164062 36.4626159667969 36.4853363037109 36.4988899230957 36.5012397766113 36.4957008361816 36.4844131469727 36.4692153930664 36.452392578125 36.4375801086426 36.4231567382812 36.4137802124023 36.4048881530762 36.3988914489746 36.3932456970215 36.3888320922852 36.3837127685547 36.3772964477539 36.3644561767578 36.3446159362793 36.3023147583008 36.245475769043 36.1439781188965 36.0264358520508 35.8765068054199
36.3369407653809 36.31787109375 36.2970657348633 36.2802810668945 36.2644081115723 36.2621192932129 36.2620162963867 36.2730522155762 36.2851638793945 36.2998733520508 36.3141136169434 36.3277130126953 36.3406982421875 36.3531837463379 36.3643493652344 36.3748931884766 36.3844299316406 36.393726348877 36.4093017578125 36.4262199401855 36.4563446044922 36.4854316711426 36.5101776123047 36.5276107788086 36.5296058654785 36.5230903625488 36.5061721801758 36.4870376586914 36.4662895202637 36.4481658935547 36.4311294555664 36.4188041687012 36.4074096679688 36.4011001586914 36.3952369689941 36.391902923584 36.3888549804688 36.3868179321289 36.3844299316406 36.3813819885254 36.3752861022949 36.3658714294434 36.3431854248047 36.3119201660156 36.2415161132812 36.1570587158203 36.0157852172852
36.4400291442871 36.4181976318359 36.3936195373535 36.3718299865723 36.3507843017578 36.3420486450195 36.3358116149902 36.3422775268555 36.3513946533203 36.3669166564941 36.3834991455078 36.401538848877 36.4187545776367 36.4352951049805 36.4496841430664 36.4630584716797 36.4744453430176 36.4853591918945 36.5022163391113 36.5201873779297 36.5484352111816 36.573356628418 36.5843734741211 36.5856513977051 36.5663795471191 36.5401191711426 36.505313873291 36.4741973876953 36.4457626342773 36.4258117675781 36.4093780517578 36.3997917175293 36.3915519714355 36.388256072998 36.3853492736816 36.384407043457 36.3836517333984 36.3835525512695 36.3833198547363 36.3828430175781 36.3823051452637 36.3817024230957 36.3768653869629 36.3692855834961 36.3300247192383 36.2793807983398 36.149528503418
36.5324592590332 36.5118293762207 36.4873733520508 36.4609489440918 36.4347076416016 36.4187316894531 36.4054374694824 36.4057846069336 36.410041809082 36.4237442016602 36.4402198791504 36.4605026245117 36.4804573059082 36.5001487731934 36.5172119140625 36.533031463623 36.5454559326172 36.5570678710938 36.5741310119629 36.5915412902832 36.6085472106934 36.6194496154785 36.6047897338867 36.5817413330078 36.5409812927246 36.5027809143066 36.4677085876465 36.4422187805176 36.4237098693848 36.4105987548828 36.3997268676758 36.3931579589844 36.3874359130859 36.3857269287109 36.3843231201172 36.384464263916 36.3847351074219 36.3854675292969 36.3857955932617 36.3853645324707 36.384593963623 36.3834533691406 36.3804626464844 36.3762817382812 36.3548164367676 36.3271484375 36.2292098999023
36.6166687011719 36.5968971252441 36.5722351074219 36.541446685791 36.5103912353516 36.4889335632324 36.4704055786133 36.4667854309082 36.4679069519043 36.4804725646973 36.4967727661133 36.518196105957 36.5397567749023 36.5614318847656 36.580249786377 36.597713470459 36.610725402832 36.6226768493652 36.6391716003418 36.6549758911133 36.6561317443848 36.6495628356934 36.6106567382812 36.5664939880371 36.5112457275391 36.4665222167969 36.4346542358398 36.4156188964844 36.4059295654297 36.3984756469727 36.3919486999512 36.3878364562988 36.3841972351074 36.3838996887207 36.3838500976562 36.3850479125977 36.3863372802734 36.3879623413086 36.3888931274414 36.3885269165039 36.387523651123 36.3858261108398 36.3840789794922 36.3823051452637 36.3753204345703 36.3664665222168 36.2985649108887
36.670726776123 36.6505584716797 36.6244735717773 36.5903282165527 36.5558738708496 36.5353660583496 36.5182723999023 36.5185813903809 36.5228843688965 36.5368385314941 36.5527153015137 36.5712356567383 36.5902404785156 36.6096343994141 36.6268348693848 36.642993927002 36.6549530029297 36.6659088134766 36.679012298584 36.689380645752 36.6577682495117 36.6210823059082 36.5631523132324 36.5096778869629 36.4656143188477 36.434211730957 36.4182929992676 36.4087333679199 36.4038124084473 36.3976783752441 36.3910446166992 36.3873252868652 36.3841781616211 36.384651184082 36.3853988647461 36.3875617980957 36.3898506164551 36.3925743103027 36.3942680358887 36.3940467834473 36.3928184509277 36.3904876708984 36.3877563476562 36.3847694396973 36.3800926208496 36.3748054504395 36.3300590515137
