Ecospace-environmental-drivers/Outputs/ASCII-for-ecospace/MOM6-ISIMIP3a/so/2002-03_so_MOM6-ISIMIP3a.asc
NCOLS 131 
NROWS 53 
XLLCORNER -98 
YLLCORNER 23.9265270233154 
CELLSIZE 0.133587792515755 
NODATA_value -9999 
[rows 21 to 41 of 53, columns 47 to 93 of 131]
36.3361434936523 36.2990951538086 36.2576370239258 36.2142906188965 36.1704444885254 36.1182441711426 36.0608711242676 35.9771957397461 35.9041862487793 35.85693359375 35.8241233825684 35.811149597168 35.8335266113281 35.8848342895508 35.9015998840332 35.9020080566406 35.911376953125 35.9228897094727 36.0035629272461 36.0913925170898 36.2141227722168 36.3177299499512 36.3412895202637 36.3620529174805 36.3769187927246 36.4004173278809 36.4344596862793 36.4618721008301 36.4844551086426 36.493782043457 36.4976234436035 36.4968070983887 36.4950714111328 36.4970893859863 36.4992179870605 36.501106262207 36.5016784667969 36.4976234436035 36.49462890625 36.493595123291 36.4934501647949 36.4942817687988 36.4928894042969 36.4900588989258 36.4926605224609 36.4972152709961 36.5061454772949
36.4871711730957 36.4497108459473 36.4083442687988 36.3640174865723 36.3193359375 36.2731475830078 36.2244338989258 36.1628570556641 36.1097755432129 36.0772094726562 36.0555610656738 36.0488929748535 36.0616645812988 36.0903358459473 36.110164642334 36.1257972717285 36.1479721069336 36.1717071533203 36.2321510314941 36.2960548400879 36.3736801147461 36.4391708374023 36.4538917541504 36.466609954834 36.4751129150391 36.4865303039551 36.501522064209 36.5123863220215 36.5202484130859 36.5219612121582 36.521125793457 36.5180397033691 36.5145111083984 36.5136070251465 36.5123443603516 36.506664276123 36.5012741088867 36.4969100952148 36.4944114685059 36.4953804016113 36.4964904785156 36.4977531433105 36.4961204528809 36.4926147460938 36.4949035644531 36.4992713928223 36.5068855285645
36.6142311096191 36.5763816833496 36.5352020263672 36.4896087646484 36.4438056945801 36.4044418334961 36.3653602600098 36.3277397155762 36.2966423034668 36.2812881469727 36.2726936340332 36.2733726501465 36.2786674499512 36.2877311706543 36.3118362426758 36.3430633544922 36.3775367736816 36.4127807617188 36.4500427246094 36.4869728088379 36.5170974731445 36.5424423217773 36.5477638244629 36.5517654418945 36.5529899597168 36.5527763366699 36.5508117675781 36.5473785400391 36.5428695678711 36.5388717651367 36.535083770752 36.5313262939453 36.5275764465332 36.5249938964844 36.5215644836426 36.5094299316406 36.4991455078125 36.4953765869141 36.4940147399902 36.4971237182617 36.4995574951172 36.5012512207031 36.4993171691895 36.4950294494629 36.4970436096191 36.5013236999512 36.5076141357422
36.6589546203613 36.6279258728027 36.5938491821289 36.5547866821289 36.5154685974121 36.4830932617188 36.4520683288574 36.4278984069824 36.4085845947266 36.400993347168 36.3972358703613 36.3987426757812 36.4028930664062 36.4092063903809 36.4255180358887 36.4465637207031 36.4678840637207 36.4892654418945 36.5089302062988 36.5281867980957 36.5432281494141 36.5559844970703 36.5591659545898 36.5612983703613 36.561206817627 36.5593910217285 36.5554618835449 36.5506019592285 36.5450630187988 36.5403099060059 36.5358810424805 36.5326385498047 36.5296287536621 36.5270004272461 36.5234298706055 36.5105400085449 36.500171661377 36.4986572265625 36.4988899230957 36.5023612976074 36.5049438476562 36.5065612792969 36.502815246582 36.4955978393555 36.4980049133301 36.5038642883301 36.5097503662109
36.6995010375977 36.6748695373535 36.6474227905273 36.6142959594727 36.5808563232422 36.5545654296875 36.530403137207 36.5170631408691 36.507080078125 36.5052032470703 36.5048561096191 36.5066032409668 36.5094184875488 36.5131034851074 36.5223960876465 36.5343437194824 36.5443115234375 36.5538063049316 36.5588874816895 36.5635185241699 36.5660438537598 36.5683097839355 36.5694770812988 36.5697708129883 36.5682334899902 36.5648002624512 36.5590476989746 36.5529251098633 36.5465316772461 36.5412826538086 36.5365104675293 36.5338401794434 36.5315895080566 36.5289459228516 36.5253677368164 36.5128364562988 36.5030174255371 36.5027465820312 36.503833770752 36.5074462890625 36.5100364685059 36.5115127563477 36.5068206787109 36.4981384277344 36.5006866455078 36.507266998291 36.5124549865723
36.721752166748 36.7016296386719 36.6787452697754 36.6489791870117 36.6187286376953 36.594554901123 36.5720558166504 36.5580520629883 36.5466384887695 36.5414733886719 36.5382499694824 36.5376892089844 36.5383148193359 36.5399131774902 36.5455856323242 36.5531883239746 36.5597076416016 36.5659675598145 36.5696716308594 36.5730514526367 36.5743217468262 36.5752868652344 36.5749778747559 36.573616027832 36.5700263977051 36.5649261474609 36.5579795837402 36.5513114929199 36.5448417663574 36.540225982666 36.5363731384277 36.5345649719238 36.5331535339355 36.5306205749512 36.5276069641113 36.5203094482422 36.5138549804688 36.510368347168 36.5090789794922 36.5118789672852 36.5138473510742 36.5149116516113 36.5130577087402 36.5093078613281 36.510913848877 36.5144424438477 36.517635345459
36.7407073974609 36.725154876709 36.7070426940918 36.6803970336914 36.6530227661133 36.629566192627 36.6074867248535 36.5924339294434 36.5795021057129 36.5716972351074 36.5661506652832 36.5637054443359 36.5626068115234 36.5626106262207 36.5653381347656 36.5693511962891 36.5729637145996 36.5764808654785 36.5788536071777 36.5810089111328 36.5811805725098 36.5809898376465 36.5792770385742 36.5764007568359 36.5710678100586 36.5645484924316 36.5565872192383 36.5494575500488 36.5429267883301 36.5388870239258 36.5358734130859 36.5346755981445 36.5338363647461 36.5312309265137 36.5284805297852 36.5249633789062 36.5211219787598 36.5161437988281 36.5135726928711 36.5154685974121 36.5167465209961 36.5173416137695 36.5174102783203 36.5171432495117 36.5179176330566 36.5190658569336 36.5210304260254
36.7524681091309 36.7416191101074 36.7287292480469 36.7046966552734 36.6795043945312 36.6537055969238 36.6293601989746 36.6124000549316 36.5977630615234 36.5887222290039 36.5820617675781 36.5786628723145 36.576847076416 36.5763359069824 36.577579498291 36.5796585083008 36.5815467834473 36.5833892822266 36.5845375061035 36.5855255126953 36.5849456787109 36.5839080810547 36.5809555053711 36.5768890380859 36.5704650878906 36.5630683898926 36.5544815063477 36.5470771789551 36.5405349731445 36.536937713623 36.5345649719238 36.5334510803223 36.5325813293457 36.5295028686523 36.5263671875 36.5234642028809 36.5206031799316 36.517894744873 36.5164184570312 36.5172348022461 36.5176582336426 36.5176544189453 36.5176658630371 36.517692565918 36.517879486084 36.5181274414062 36.5205154418945
36.7614479064941 36.7545776367188 36.746208190918 36.7260475158691 36.7044944763184 36.6778526306152 36.6523208618164 36.632438659668 36.6150856018066 36.6038436889648 36.5955657958984 36.5913543701172 36.5889549255371 36.5880355834961 36.5879135131836 36.5881767272949 36.5885429382324 36.588939666748 36.588996887207 36.588939666748 36.5875663757324 36.5856590270996 36.5814971923828 36.5763511657715 36.5691223144531 36.56103515625 36.5519027709961 36.5441703796387 36.5374641418457 36.5339050292969 36.5316505432129 36.5304794311523 36.5295219421387 36.5263328552246 36.5231666564941 36.5210342407227 36.518985748291 36.5172119140625 36.5159683227539 36.5157165527344 36.515682220459 36.5158958435059 36.5162124633789 36.5165977478027 36.5166130065918 36.5164947509766 36.5192985534668
36.7669258117676 36.763126373291 36.7583847045898 36.7436828613281 36.7276077270508 36.7020072937012 36.6766548156738 36.6525573730469 36.6312217712402 36.6165580749512 36.6060371398926 36.601203918457 36.5983734130859 36.5971832275391 36.5958480834961 36.5944404602051 36.5935478210449 36.5927734375 36.591911315918 36.5909614562988 36.588752746582 36.5859451293945 36.5806121826172 36.5745277404785 36.5668487548828 36.5583114624023 36.5487251281738 36.5406036376953 36.5335464477539 36.5295028686523 36.5267105102539 36.5253105163574 36.5241889953613 36.5213432312012 36.5185966491699 36.5174407958984 36.515983581543 36.5134696960449 36.5113754272461 36.5100631713867 36.5100746154785 36.5115356445312 36.5126113891602 36.5134353637695 36.5137977600098 36.5139999389648 36.5171928405762
36.7707366943359 36.7687911987305 36.7661933898926 36.7561302185059 36.7448844909668 36.7222671508789 36.6991577148438 36.6735458374023 36.6496849060059 36.6300506591797 36.6160125732422 36.6096572875977 36.606029510498 36.6046333312988 36.6022682189941 36.599437713623 36.5972518920898 36.5952224731445 36.5932960510254 36.5912933349609 36.5880355834961 36.5842018127441 36.5779571533203 36.5711784362793 36.5632629394531 36.5544357299805 36.5444869995117 36.5358848571777 36.5282669067383 36.5235710144043 36.5200843811035 36.518684387207 36.5176963806152 36.5149421691895 36.5122833251953 36.5112266540527 36.5098114013672 36.5071334838867 36.5049133300781 36.5035400390625 36.5033760070801 36.5045204162598 36.5058746337891 36.5073623657227 36.5085754394531 36.5096855163574 36.512939453125
36.7733001708984 36.7722969055176 36.7707214355469 36.7646865844727 36.7577743530273 36.7396049499512 36.7202949523926 36.6951904296875 36.6698913574219 36.6441230773926 36.6256141662598 36.6170692443848 36.6123695373535 36.6108131408691 36.607551574707 36.6034851074219 36.5999908447266 36.5966300964355 36.5935325622559 36.5903663635254 36.5858917236328 36.5809364318848 36.5739784240723 36.5666885375977 36.5587005615234 36.5496940612793 36.5394477844238 36.5303077697754 36.52197265625 36.5164909362793 36.5121917724609 36.5109672546387 36.5103416442871 36.5074844360352 36.5046691894531 36.5030517578125 36.5012626647949 36.4988555908203 36.4970512390137 36.4963722229004 36.4958534240723 36.4955101013184 36.4967918395996 36.4991149902344 36.5015449523926 36.5040130615234 36.507080078125
36.7753143310547 36.7747535705566 36.7735862731934 36.770076751709 36.7659378051758 36.7514610290527 36.7357711791992 36.7139015197754 36.6893692016602 36.6584205627441 36.6353874206543 36.623233795166 36.6166763305664 36.6147003173828 36.6107521057129 36.6058654785156 36.6012191772461 36.5966300964355 36.592342376709 36.5879974365234 36.5825729370117 36.5767822265625 36.5694580078125 36.561580657959 36.5525512695312 36.5431632995605 36.5333442687988 36.5241813659668 36.515495300293 36.5091209411621 36.5037002563477 36.5026969909668 36.5025634765625 36.4994583129883 36.4962997436523 36.4936943054199 36.4911003112793 36.4885368347168 36.4867095947266 36.4862594604492 36.4855041503906 36.4844169616699 36.4859352111816 36.4891357421875 36.4926567077637 36.4962921142578 36.5002098083496
36.7770957946777 36.7767639160156 36.7757415771484 36.7741088867188 36.7720756530762 36.7609710693359 36.7488212585449 36.7313499450684 36.7085342407227 36.6728096008301 36.6452369689941 36.6288566589355 36.6201095581055 36.6176109313965 36.6130561828613 36.607536315918 36.6018028259277 36.5960235595703 36.5905342102051 36.5850143432617 36.5787544250488 36.5722465515137 36.5647010803223 36.556209564209 36.5457191467285 36.5358657836914 36.526782989502 36.5178184509277 36.5089416503906 36.5016212463379 36.4949493408203 36.4941940307617 36.4946060180664 36.4911880493164 36.487606048584 36.4838333129883 36.4802513122559 36.4773406982422 36.4753036499023 36.4748840332031 36.4739379882812 36.4724235534668 36.4743194580078 36.4784164428711 36.4829711914062 36.4876937866211 36.4929046630859
36.7792167663574 36.7790184020996 36.7781448364258 36.7770576477051 36.7756881713867 36.7673683166504 36.7582092285156 36.7447624206543 36.7240447998047 36.6857643127441 36.6544342041016 36.6326484680176 36.6212043762207 36.6182289123535 36.6143531799316 36.6100540161133 36.6029891967773 36.5952682495117 36.5887336730957 36.5822448730469 36.5751571655273 36.5676727294922 36.5585441589355 36.5485305786133 36.5366554260254 36.5263061523438 36.517822265625 36.5097007751465 36.5018463134766 36.4944953918457 36.4873580932617 36.485912322998 36.4855842590332 36.4815902709961 36.4774322509766 36.4729957580566 36.4687576293945 36.465217590332 36.4627723693848 36.4623603820801 36.4621315002441 36.462100982666 36.4646987915039 36.468994140625 36.474437713623 36.4802932739258 36.4874496459961
36.7814064025879 36.7813262939453 36.7806015014648 36.7797813415527 36.7787742614746 36.7731246948242 36.7668380737305 36.7573432922363 36.7388038635254 36.6984252929688 36.663501739502 36.636058807373 36.6218185424805 36.6183700561523 36.6154365539551 36.6127433776855 36.6042976379395 36.5944786071777 36.5869369506836 36.5795211791992 36.5716018676758 36.5630912780762 36.5520973205566 36.5403747558594 36.5271263122559 36.5162773132324 36.5083656311035 36.501220703125 36.4946403503418 36.4874496459961 36.4800071716309 36.4776725769043 36.4763450622559 36.4717216491699 36.4669570922852 36.4619598388672 36.4571342468262 36.4528999328613 36.4500045776367 36.4496002197266 36.4502716064453 36.4521217346191 36.4554901123047 36.4598426818848 36.4661407470703 36.4731407165527 36.4823799133301
36.7832679748535 36.783332824707 36.7829818725586 36.7820701599121 36.7810173034668 36.7777290344238 36.773551940918 36.7648544311523 36.7472915649414 36.708324432373 36.6716842651367 36.6382331848145 36.6203079223633 36.6150894165039 36.6115379333496 36.6087799072266 36.6012382507324 36.5925483703613 36.584789276123 36.5770378112793 36.5684700012207 36.5591278076172 36.5465354919434 36.5338745117188 36.5210647583008 36.5098495483398 36.5005798339844 36.4925193786621 36.4853401184082 36.4786720275879 36.4722137451172 36.4688987731934 36.4661979675293 36.4609375 36.4556655883789 36.4512062072754 36.4469871520996 36.4436149597168 36.4416046142578 36.4421081542969 36.4437522888184 36.4466323852539 36.4502334594727 36.4543037414551 36.4599380493164 36.4661407470703 36.4755516052246
36.784782409668 36.7848892211914 36.7847862243652 36.7837677001953 36.7826614379883 36.7816047668457 36.779411315918 36.7714347839355 36.7548370361328 36.7174377441406 36.6793403625488 36.6402931213379 36.6188735961914 36.6118850708008 36.6075057983398 36.6043701171875 36.5977363586426 36.5902709960938 36.5825653076172 36.5747489929199 36.5655822753906 36.5554809570312 36.5414772033691 36.5279006958008 36.5152320861816 36.5034675598145 36.4928169250488 36.483757019043 36.4758529663086 36.4697036743164 36.4642791748047 36.4601440429688 36.4562606811523 36.4504165649414 36.4446792602539 36.4407196044922 36.4370956420898 36.4346351623535 36.433536529541 36.4349555969238 36.4375190734863 36.4413299560547 36.445140838623 36.4489555358887 36.4540023803711 36.4594955444336 36.4689865112305
36.7827529907227 36.7817726135254 36.7804527282715 36.7793807983398 36.7783660888672 36.7782325744629 36.777042388916 36.7704772949219 36.7553329467773 36.719482421875 36.6818351745605 36.6417121887207 36.6192169189453 36.611141204834 36.6044311523438 36.5983734130859 36.591667175293 36.5848007202148 36.5796585083008 36.5743637084961 36.5650901794434 36.5549812316895 36.5413818359375 36.5268020629883 36.5101470947266 36.4958686828613 36.484504699707 36.4744529724121 36.4653663635254 36.4595489501953 36.4550819396973 36.4518852233887 36.4489440917969 36.4430885314941 36.4372787475586 36.4329833984375 36.4292411804199 36.4274444580078 36.4269523620605 36.428882598877 36.4318313598633 36.4358901977539 36.4399147033691 36.443920135498 36.4498901367188 36.4565696716309 36.4660720825195
36.7804756164551 36.7784652709961 36.7759780883789 36.7744560241699 36.7730979919434 36.7736434936523 36.7731170654297 36.7671394348145 36.7527465820312 36.7180252075195 36.6813468933105 36.6419715881348 36.6190948486328 36.6097145080566 36.6010322570801 36.5926818847656 36.5858268737793 36.5793342590332 36.5760498046875 36.572639465332 36.5641174316406 36.5546264648438 36.5410766601562 36.5254096984863 36.5052680969238 36.4885177612305 36.4759063720703 36.4651985168457 36.4558792114258 36.4504585266113 36.446647644043 36.4441223144531 36.4418525695801 36.4358329772949 36.4298286437988 36.4253158569336 36.4215927124023 36.4206237792969 36.4208564758301 36.4233131408691 36.426628112793 36.4308776855469 36.4351844787598 36.4395294189453 36.4461860656738 36.453670501709 36.4632034301758
36.7772789001465 36.7744445800781 36.7709922790527 36.7675666809082 36.764274597168 36.7645874023438 36.7634735107422 36.7550849914551 36.7388610839844 36.7037162780762 36.6699180603027 36.6379699707031 36.6172790527344 36.6057929992676 36.5964393615723 36.5880966186523 36.5808525085449 36.5738754272461 36.5698623657227 36.5660018920898 36.5613899230957 36.5548095703125 36.5399932861328 36.5229339599609 36.5011520385742 36.482063293457 36.4662742614746 36.4561157226562 36.4500617980957 36.4452781677246 36.4410209655762 36.4381675720215 36.4355964660645 36.4288444519043 36.4221839904785 36.4179191589355 36.4146957397461 36.4151649475098 36.4165344238281 36.4195785522461 36.4231910705566 36.427417755127 36.4322624206543 36.4375038146973 36.4439697265625 36.4508781433105 36.4604835510254
