Ecospace-environmental-drivers/Outputs/ASCII-for-ecospace/MOM6-ISIMIP3a/so/2002-10_so_MOM6-ISIMIP3a.asc
NCOLS 131 
NROWS 53 
XLLCORNER -98 
YLLCORNER 23.9265270233154 
CELLSIZE 0.133587792515755 
NODATA_value -9999 
[rows 0 to 20 of 53, columns 47 to 93 of 131]
-9999 -9999 -9999 -9999 -9999 -9999 -9999 -9999 -9999 -9999 -9999 -9999 -9999 -9999 -9999 -9999 -9999 -9999 -9999 -9999 -9999 -9999 -9999 -9999 -9999 -9999 -9999 -9999 -9999 -9999 -9999 -9999 -9999 -9999 -9999 -9999 -9999 -9999 -9999 -9999 -9999 -9999 -9999 -9999 -9999 -9999 -9999
-9999 -9999 -9999 -9999 -9999 -9999 -9999 -9999 -9999 -9999 -9999 -9999 -9999 -9999 -9999 -9999 -9999 -9999 -9999 -9999 -9999 -9999 -9999 -9999 -9999 -9999 -9999 -9999 -9999 -9999 -9999 -9999 -9999 -9999 -9999 -9999 -9999 -9999 -9999 -9999 -9999 -9999 -9999 -9999 -9999 -9999 -9999
-9999 -9999 -9999 -9999 -9999 -9999 -9999 -9999 -9999 -9999 -9999 -9999 -9999 -9999 -9999 -9999 -9999 -9999 -9999 -9999 -9999 -9999 -9999 -9999 -9999 -9999 -9999 34.1389541625977 34.3940505981445 -9999 -9999 -9999 -9999 -9999 -9999 -9999 -9999 -9999 -9999 -9999 -9999 -9999 -9999 -9999 -9999 -9999 -9999
-9999 -9999 -9999 -9999 -9999 -9999 -9999 -9999 -9999 -9999 -9999 -9999 -9999 -9999 -9999 -9999 -9999 -9999 -9999 -9999 -9999 -9999 -9999 -9999 -9999 -9999 -9999 34.1589126586914 34.4033012390137 -9999 -9999 -9999 -9999 -9999 -9999 -9999 -9999 -9999 -9999 -9999 -9999 -9999 -9999 -9999 -9999 -9999 -9999
-9999 -9999 -9999 -9999 -9999 -9999 -9999 -9999 -9999 -9999 -9999 -9999 -9999 -9999 -9999 -9999 -9999 -9999 29.5886287689209 29.7353477478027 29.8527221679688 30.5373992919922 31.1462993621826 32.2041206359863 32.981330871582 33.4988899230957 33.8889503479004 34.176097869873 34.4116859436035 34.6221122741699 -9999 -9999 35.2134704589844 35.384635925293 35.5080184936523 35.5925636291504 35.632381439209 35.6578369140625 35.6679763793945 35.6607398986816 35.625373840332 35.5568923950195 -9999 -9999 -9999 -9999 -9999
-9999 -9999 -9999 -9999 -9999 -9999 -9999 -9999 -9999 -9999 -9999 -9999 -9999 -9999 25.6957950592041 -9999 25.5165767669678 25.3745365142822 27.5391616821289 29.5886287689209 29.7646903991699 29.8527221679688 31.2220783233643 32.3640975952148 33.0261840820312 33.5537109375 33.9167785644531 34.1963653564453 34.4151496887207 34.6235466003418 34.8276443481445 35.0268783569336 35.225154876709 35.3883781433105 35.5403709411621 35.5953025817871 35.642017364502 35.6598243713379 35.6716690063477 35.672435760498 35.6381149291992 35.5655746459961 35.4669914245605 35.3515625 -9999 -9999 -9999
-9999 -9999 -9999 -9999 -9999 -9999 -9999 -9999 -9999 -9999 25.5422801971436 25.5513610839844 25.5610752105713 25.595329284668 25.6697559356689 25.7256240844727 25.6659660339355 25.5092277526855 25.3745365142822 27.6543216705322 29.5886287689209 29.8527221679688 31.2220783233643 32.3640975952148 33.0261840820312 33.5537109375 33.9167785644531 34.1963653564453 34.4151496887207 34.6235466003418 34.8276443481445 35.0268783569336 35.225154876709 35.3883781433105 35.5403709411621 35.5953025817871 35.642017364502 35.6598243713379 35.6716690063477 35.672435760498 35.6381149291992 35.5655746459961 35.4669914245605 35.3515625 35.3210563659668 35.3239517211914 -9999
-9999 -9999 -9999 -9999 -9999 -9999 -9999 -9999 -9999 -9999 25.4935874938965 25.5422801971436 25.5604438781738 -9999 25.645040512085 25.7316455841064 25.7852802276611 25.6659660339355 25.4871788024902 25.3745365142822 27.9997997283936 30.3552284240723 31.5813636779785 32.6219787597656 33.2709465026855 33.8020782470703 34.1891899108887 34.4867744445801 34.7191505432129 34.9118881225586 35.0882148742676 35.2405548095703 35.3881797790527 35.5020408630371 35.6082153320312 35.651496887207 35.6894035339355 35.7084007263184 35.7230796813965 35.7297325134277 35.7093391418457 35.6594696044922 35.5714721679688 35.4588050842285 35.3673324584961 35.2834701538086 35.1913833618164
-9999 -9999 -9999 -9999 -9999 -9999 -9999 -9999 -9999 -9999 -9999 -9999 -9999 -9999 25.6206169128418 25.735897064209 25.8504676818848 25.9045944213867 25.6659660339355 25.4210319519043 28.3453845977783 30.9117088317871 31.9796562194824 32.9082069396973 33.5424842834473 34.0770072937012 34.4896125793457 34.8063278198242 35.0531959533691 35.2283515930176 35.3738059997559 35.4744873046875 35.5663681030273 35.6262664794922 35.6823577880859 35.7128219604492 35.7410087585449 35.7611923217773 35.7789154052734 35.7920608520508 35.7869300842285 35.761890411377 35.6856918334961 35.5763931274414 35.4399833679199 35.2938385009766 35.160041809082
29.9901351928711 -9999 -9999 -9999 -9999 -9999 -9999 -9999 -9999 -9999 27.4238357543945 25.4436779022217 -9999 -9999 -9999 25.7046375274658 25.8881168365479 26.0890197753906 26.1432228088379 26.3605289459229 29.0513877868652 31.4049377441406 32.3468055725098 33.1838798522949 33.7997207641602 34.3168525695801 34.7133445739746 35.0196533203125 35.2602767944336 35.4114761352539 35.5256462097168 35.5898475646973 35.6442260742188 35.6802406311035 35.7143249511719 35.736198425293 35.756965637207 35.7738342285156 35.7910346984863 35.8088607788086 35.8121147155762 35.799488067627 35.7363700866699 35.6405868530273 35.5074615478516 35.3609237670898 35.196117401123
29.7406158447266 29.7037830352783 -9999 -9999 -9999 -9999 -9999 -9999 -9999 -9999 28.4460697174072 27.4018650054932 25.4436779022217 -9999 -9999 25.6875896453857 25.8840427398682 26.0927181243896 26.6591529846191 27.366231918335 29.7626571655273 31.8570766448975 32.687572479248 33.4439849853516 34.0439910888672 34.5443382263184 34.9228706359863 35.2143211364746 35.4423370361328 35.5694389343262 35.6547508239746 35.6868591308594 35.7085113525391 35.7230453491211 35.7372817993164 35.7511177062988 35.765251159668 35.7804260253906 35.7981986999512 35.8207969665527 35.8320846557617 35.8310508728027 35.7823104858398 35.7026977539062 35.5782508850098 35.4376945495605 35.260929107666
29.7406158447266 29.6301155090332 29.386173248291 28.986255645752 -9999 -9999 -9999 -9999 -9999 -9999 -9999 28.4433441162109 27.1898422241211 25.4436779022217 25.5422801971436 25.6875896453857 25.8840427398682 26.0927181243896 27.3595409393311 28.7270603179932 30.5021648406982 32.0888252258301 32.886833190918 33.6205902099609 34.2187080383301 34.705493927002 35.056209564209 35.3089027404785 35.4902038574219 35.592414855957 35.6618766784668 35.6854400634766 35.6999816894531 35.7059516906738 35.7118949890137 35.7206535339355 35.7323875427246 35.7545890808105 35.7787704467773 35.8066291809082 35.8241004943848 35.8302536010742 35.8028144836426 35.7536468505859 35.6667938232422 35.56640625 35.4798889160156
29.8617420196533 29.5766506195068 29.3500537872314 28.9878768920898 -9999 -9999 -9999 -9999 28.297306060791 28.3224029541016 28.4731101989746 28.7962703704834 28.0606498718262 26.4587688446045 26.0955543518066 26.31907081604 26.5368118286133 26.753173828125 28.4161033630371 30.1415233612061 31.3300838470459 32.4254913330078 33.1310348510742 33.793098449707 34.3633651733398 34.8245010375977 35.1522636413574 35.3744239807129 35.5196685791016 35.6033058166504 35.6614265441895 35.6791000366211 35.6888198852539 35.6876907348633 35.6867942810059 35.6921119689941 35.7024688720703 35.7305603027344 35.7601013183594 35.7923202514648 35.8153190612793 35.8282623291016 35.8202743530273 35.7987365722656 35.7473907470703 35.6853332519531 35.6695213317871
30.2856864929199 29.8279609680176 29.3714065551758 28.9878768920898 28.6208381652832 28.4972705841064 28.3848686218262 28.3292713165283 28.297306060791 28.3224029541016 28.4731101989746 28.7962703704834 28.5751838684082 27.9088096618652 28.0320415496826 28.5292892456055 28.8215370178223 29.0648021697998 30.3631153106689 31.6900749206543 32.3790435791016 33.0244598388672 33.4875984191895 33.9553565979004 34.4328575134277 34.8381271362305 35.1551055908203 35.3672828674316 35.5031318664551 35.5839691162109 35.6420249938965 35.6604461669922 35.6710739135742 35.6665077209473 35.6624069213867 35.6683769226074 35.6799201965332 35.7110633850098 35.7433204650879 35.7776527404785 35.8045349121094 35.8233032226562 35.8301162719727 35.8291969299316 35.8081207275391 35.7798080444336 35.7858276367188
30.8529682159424 30.3412322998047 29.79758644104 29.4311485290527 29.0905876159668 28.9589023590088 28.8397426605225 28.7842922210693 28.7502880096436 28.7680606842041 28.8885135650635 29.1499347686768 29.1954727172852 29.064380645752 29.4236240386963 30.0151290893555 30.4233283996582 30.7877311706543 31.7731151580811 32.7605018615723 33.1561241149902 33.5356750488281 33.8479766845703 34.1821022033691 34.5622978210449 34.8980102539062 35.1793518066406 35.3701934814453 35.4951171875 35.5746841430664 35.6354713439941 35.6587982177734 35.6747627258301 35.6682624816895 35.6617736816406 35.6634674072266 35.6709442138672 35.6987380981445 35.7291030883789 35.764232635498 35.7934188842773 35.8161201477051 35.8330688476562 35.8462867736816 35.8483581542969 35.8464202880859 35.8655090332031
31.6228981018066 31.2248687744141 30.7961139678955 30.501127243042 30.2244777679443 30.0731983184814 29.9377212524414 29.8826293945312 29.8437004089355 29.8437976837158 29.8912200927734 30.0036182403564 29.9652824401855 29.8036231994629 30.0448150634766 30.4768295288086 31.0595779418945 31.6783409118652 32.4238777160645 33.1549530029297 33.5488128662109 33.9228210449219 34.213752746582 34.5000305175781 34.7764892578125 35.0232963562012 35.2338676452637 35.3873138427734 35.4991455078125 35.5796089172363 35.6470794677734 35.6811943054199 35.7087478637695 35.7024574279785 35.6947288513184 35.6851768493652 35.6811485290527 35.6965560913086 35.7185020446777 35.7525825500488 35.7818298339844 35.8058052062988 35.8262748718262 35.8444786071777 35.859619140625 35.8736534118652 35.8934059143066
32.1843452453613 31.8852787017822 31.5640182495117 31.3572807312012 31.1646308898926 31.0358028411865 30.9199180603027 30.8698863983154 30.8299102783203 30.8142147064209 30.7918815612793 30.7604389190674 30.656665802002 30.493709564209 30.699104309082 31.0789775848389 31.6781234741211 32.329662322998 32.9235877990723 33.5000267028809 33.8794937133789 34.2368621826172 34.5017280578613 34.7474212646484 34.95263671875 35.138240814209 35.2998733520508 35.4256172180176 35.5252265930176 35.6042289733887 35.6746978759766 35.7143058776855 35.7478485107422 35.7441940307617 35.7379493713379 35.7198715209961 35.7062225341797 35.708122253418 35.7190017700195 35.7465438842773 35.7726783752441 35.7972869873047 35.8187980651855 35.8383102416992 35.8595314025879 35.8813667297363 35.9049949645996
32.5702285766602 32.3577079772949 32.1377067565918 32.0333671569824 31.9416370391846 31.870662689209 31.8046092987061 31.7636013031006 31.7258453369141 31.6959400177002 31.6066074371338 31.4356937408447 31.28200340271 31.1424045562744 31.3812675476074 31.7994022369385 32.2817611694336 32.779468536377 33.2961006164551 33.8035202026367 34.157958984375 34.4893379211426 34.7241897583008 34.9354133605957 35.0967483520508 35.2444686889648 35.3755493164062 35.4817695617676 35.569881439209 35.6454391479492 35.7157936096191 35.7564430236816 35.7912559509277 35.7922782897949 35.7898139953613 35.765510559082 35.7438087463379 35.7312698364258 35.7288513183594 35.7452278137207 35.7655868530273 35.790283203125 35.8107414245605 35.8284606933594 35.8498878479004 35.8726501464844 35.9028472900391
32.9151954650879 32.7401008605957 32.5634117126465 32.4969749450684 32.4430046081543 32.4208793640137 32.397590637207 32.3683738708496 32.3348121643066 32.2907485961914 32.1789855957031 31.9742889404297 31.8380432128906 31.7578029632568 31.9994373321533 32.3935394287109 32.8081512451172 33.2276611328125 33.662166595459 34.0894432067871 34.3965797424316 34.6853294372559 34.8971557617188 35.0870742797852 35.2307586669922 35.3624153137207 35.4793701171875 35.573413848877 35.6507682800293 35.7184524536133 35.7821311950684 35.8187980651855 35.8501510620117 35.8473587036133 35.840950012207 35.8116035461426 35.7837753295898 35.7612686157227 35.7492523193359 35.7567100524902 35.7718162536621 35.7952575683594 35.8132629394531 35.827751159668 35.845027923584 35.8633079528809 35.8935050964355
33.2401351928711 33.0784339904785 32.9166946411133 32.8566017150879 32.8094825744629 32.8318023681641 32.8478164672852 32.8317489624023 32.8033447265625 32.7451477050781 32.6327667236328 32.4460105895996 32.3601722717285 32.3569068908691 32.5862922668457 32.9258766174316 33.2967338562012 33.6750602722168 34.0250778198242 34.3667755126953 34.6156959533691 34.8536796569824 35.0458946228027 35.2209625244141 35.3598289489746 35.4860954284668 35.5969657897949 35.682430267334 35.7493896484375 35.8070335388184 35.8608245849609 35.8910446166992 35.916633605957 35.9058609008789 35.891731262207 35.8579254150391 35.8249015808105 35.7946281433105 35.7748184204102 35.7744522094727 35.7845649719238 35.8060989379883 35.8209609985352 35.8315124511719 35.8425102233887 35.8536643981934 35.8806419372559
33.5392723083496 33.4025421142578 33.2681159973145 33.2136306762695 33.169807434082 33.1929664611816 33.2093925476074 33.1915473937988 33.1594085693359 33.0927658081055 33.0026931762695 32.8804550170898 32.8428115844727 32.874382019043 33.0756187438965 33.3572235107422 33.6748580932617 34.0010986328125 34.2971267700195 34.5863647460938 34.8069953918457 35.0206680297852 35.2052116394043 35.3714981079102 35.4992294311523 35.6127624511719 35.7089424133301 35.7817649841309 35.8375778198242 35.8870544433594 35.933910369873 35.9571228027344 35.9756889343262 35.9576644897461 35.9366836547852 35.9000434875488 35.8641700744629 35.8310012817383 35.8075790405273 35.8022613525391 35.8088111877441 35.8282852172852 35.8406791687012 35.8484878540039 35.8520088195801 35.8539810180664 35.8729209899902
