Ecospace-environmental-drivers/Outputs/ASCII-for-ecospace/MOM6-ISIMIP3a/so/2004-12_so_MOM6-ISIMIP3a.asc
NCOLS 131 
NROWS 53 
XLLCORNER -98 
YLLCORNER 23.9265270233154 
CELLSIZE 0.133587792515755 
NODATA_value -9999 
[rows 21 to 41 of 53, columns 0 to 46 of 131]
-9999 -9999 -9999 -9999 -9999 -9999 35.2886581420898 35.2797088623047 35.2526626586914 35.2017440795898 35.0554084777832 34.8013954162598 34.8342399597168 34.9320793151855 35.0547523498535 35.2060737609863 35.32666015625 35.4261474609375 35.4908981323242 35.5422401428223 35.5759048461914 35.6064491271973 35.6019744873047 35.5923004150391 35.5457000732422 35.5060005187988 35.4886741638184 35.4829902648926 35.497631072998 35.5119857788086 35.5260467529297 35.5292205810547 35.5257568359375 35.5213623046875 35.516658782959 35.49658203125 35.4743995666504 35.4548988342285 35.4375915527344 35.4342269897461 35.4327964782715 35.4367485046387 35.4362716674805 35.4289474487305 35.4179992675781 35.4037284851074 35.3647537231445
-9999 -9999 -9999 -9999 -9999 -9999 35.2911109924316 35.2886581420898 35.2707633972168 35.2494812011719 35.2017440795898 35.1630821228027 35.1767539978027 35.2939834594727 35.4211616516113 35.5598182678223 35.6637077331543 35.7437171936035 35.7860412597656 35.8138160705566 35.8346862792969 35.8543395996094 35.8459625244141 35.8329658508301 35.7866249084473 35.7452163696289 35.7198028564453 35.7040710449219 35.7052307128906 35.7070198059082 35.7094535827637 35.703052520752 35.6912689208984 35.6837310791016 35.6776123046875 35.6566467285156 35.6336441040039 35.6124420166016 35.5927734375 35.5828323364258 35.5779762268066 35.5872764587402 35.5902252197266 35.5833625793457 35.5683975219727 35.5460014343262 35.4982643127441
-9999 -9999 -9999 -9999 35.3050575256348 35.2992401123047 35.2914695739746 35.2932052612305 35.2886581420898 35.2528686523438 35.2546539306641 35.4002342224121 35.5391082763672 35.6647109985352 35.7874374389648 35.9068336486816 35.9888153076172 36.0451011657715 36.0636672973633 36.0676689147949 36.0754051208496 36.0838050842285 36.070671081543 36.0537071228027 36.0087776184082 35.9669380187988 35.935115814209 35.9107437133789 35.8993797302246 35.8901062011719 35.8829803466797 35.8692359924316 35.8514595031738 35.8420143127441 35.8353500366211 35.8141059875488 35.7908515930176 35.7683029174805 35.7465133666992 35.7295722961426 35.7207641601562 35.7346038818359 35.7404823303223 35.7340469360352 35.7146492004395 35.6833610534668 35.6269454956055
-9999 -9999 -9999 -9999 35.3161926269531 35.3133316040039 35.307014465332 35.2914695739746 35.299488067627 35.4015617370605 35.5196762084961 35.6991920471191 35.8583564758301 35.9772567749023 36.0709495544434 36.135555267334 36.1786117553711 36.2068672180176 36.2026176452637 36.1858177185059 36.1791343688965 36.1742401123047 36.165470123291 36.1537780761719 36.1184730529785 36.0841941833496 36.0532379150391 36.026439666748 36.0068969726562 35.9955406188965 35.9926071166992 35.9893112182617 35.9857940673828 35.9814262390137 35.9767761230469 35.9560813903809 35.9332008361816 35.9142608642578 35.8953132629395 35.8763236999512 35.8628883361816 35.8649063110352 35.8635635375977 35.8570251464844 35.8385391235352 35.8090896606445 35.7584342956543
-9999 -9999 -9999 -9999 -9999 35.3161926269531 35.3386535644531 35.3225555419922 35.3457717895508 35.5627403259277 35.7767333984375 35.9793472290039 36.1506423950195 36.2599754333496 36.3273544311523 36.3463325500488 36.3557357788086 36.3585624694824 36.3347587585449 36.300666809082 36.2812271118164 36.2643699645996 36.2569923400879 36.2475090026855 36.2187232971191 36.1894874572754 36.1587944030762 36.1298904418945 36.1041221618652 36.0917625427246 36.0932121276855 36.0996894836426 36.1092338562012 36.1087379455566 36.1048927307129 36.0852355957031 36.0634422302246 36.0482177734375 36.0323677062988 36.0125541687012 35.9957427978516 35.9872856140137 35.9792633056641 35.9719085693359 35.9541397094727 35.9268112182617 35.8823013305664
-9999 -9999 -9999 -9999 -9999 35.3181915283203 35.3161926269531 35.4243927001953 35.5475006103516 35.778678894043 35.9988784790039 36.1770629882812 36.3246994018555 36.4118957519531 36.4648895263672 36.4784164428711 36.4772911071777 36.4660987854004 36.4370346069336 36.401065826416 36.3761367797852 36.353157043457 36.3341522216797 36.313419342041 36.2775573730469 36.2423477172852 36.2092437744141 36.1796531677246 36.1561965942383 36.1475830078125 36.1542510986328 36.167552947998 36.1848983764648 36.1829795837402 36.1746444702148 36.1581573486328 36.1405944824219 36.1295585632324 36.1179428100586 36.1026573181152 36.0879707336426 36.0749473571777 36.0626029968262 36.0513000488281 36.0333938598633 36.0094261169434 35.9727821350098
-9999 -9999 35.3108253479004 35.3144149780273 35.3215179443359 35.3201942443848 35.3181915283203 35.5240020751953 35.7425155639648 35.9816970825195 36.202220916748 36.3513336181641 36.4721946716309 36.5371551513672 36.5759544372559 36.5845642089844 36.5761528015137 36.5560607910156 36.5257759094238 36.4915580749512 36.4635200500488 36.4365730285645 36.408088684082 36.378044128418 36.3353080749512 36.2937507629395 36.2560157775879 36.2237701416016 36.2010955810547 36.1947441101074 36.2051849365234 36.2224922180176 36.2439804077148 36.2412338256836 36.2304077148438 36.218204498291 36.2058334350586 36.1969871520996 36.1874809265137 36.1737594604492 36.1593246459961 36.1429138183594 36.127758026123 36.1145401000977 36.09765625 36.0774078369141 36.0476837158203
-9999.000000000000000 -9999 -9999 -9999 35.3015289306641 35.3228416442871 35.3240623474121 35.6187553405762 35.9228858947754 36.1565208435059 36.3645324707031 36.4744529724121 36.5617370605469 36.6042442321777 36.6292686462402 36.6341171264648 36.6255149841309 36.6076736450195 36.5849876403809 36.560432434082 36.5344772338867 36.5082740783691 36.4749946594238 36.4398765563965 36.3906936645508 36.3419761657715 36.2947654724121 36.2555656433105 36.230339050293 36.2230033874512 36.234073638916 36.2492332458496 36.2668838500977 36.264591217041 36.2556571960449 36.2501487731934 36.2450714111328 36.2340660095215 36.2220268249512 36.2034034729004 36.1851425170898 36.167911529541 36.153247833252 36.1425514221191 36.1292152404785 36.113452911377 36.0886077880859
-9999 -9999 -9999 -9999 35.2685661315918 35.261547088623 35.2856864929199 35.6662788391113 36.0522232055664 36.2809448242188 36.4800148010254 36.5655937194824 36.6314659118652 36.6583404541016 36.6743698120117 36.6778869628906 36.6709671020508 36.6568794250488 36.6410484313965 36.6245498657227 36.5995445251465 36.5730361938477 36.5357093811035 36.4964828491211 36.443359375 36.3899421691895 36.3355751037598 36.2901992797852 36.2605056762695 36.2500801086426 36.2594757080078 36.2720565795898 36.2865753173828 36.2857398986816 36.27978515625 36.2791213989258 36.2791023254395 36.2673759460449 36.2541656494141 36.2314834594727 36.2095985412598 36.1899070739746 36.1739921569824 36.1639137268066 36.1532974243164 36.1421852111816 36.1215705871582
-9999 -9999 -9999 -9999 35.2414321899414 35.2213134765625 35.196475982666 35.6543769836426 36.117359161377 36.3419570922852 36.5365829467773 36.6165084838867 36.6762619018555 36.6960906982422 36.7091445922852 36.7143898010254 36.7115058898926 36.7030487060547 36.6931457519531 36.6826858520508 36.6571998596191 36.6290664672852 36.5886383056641 36.5465240478516 36.492603302002 36.4375801086426 36.378978729248 36.3284072875977 36.2918434143066 36.2756690979004 36.2804794311523 36.2899398803711 36.3022346496582 36.3041114807129 36.3025131225586 36.3043556213379 36.306583404541 36.2959442138672 36.2832641601562 36.2576065063477 36.2323303222656 36.2081260681152 36.1887702941895 36.1769104003906 36.1679725646973 36.1617164611816 36.1445198059082
-9999 -9999 -9999 -9999 35.2213134765625 35.1912460327148 35.155948638916 35.6438026428223 36.135181427002 36.3667640686035 36.567008972168 36.6473045349121 36.7068214416504 36.7252197265625 36.7387886047363 36.7467803955078 36.7479705810547 36.7444839477539 36.739086151123 36.7329483032227 36.7103729248047 36.6848907470703 36.6385650634766 36.5910415649414 36.5373382568359 36.4820899963379 36.4218368530273 36.3684692382812 36.3271179199219 36.3053398132324 36.3037033081055 36.3093452453613 36.3194236755371 36.324047088623 36.3268508911133 36.3305892944336 36.3343467712402 36.323429107666 36.3102531433105 36.2827110290527 36.2551231384277 36.2273979187012 36.2057609558105 36.1935348510742 36.1865348815918 36.1843376159668 36.1704788208008
-9999 -9999 -9999 -9999 35.1895027160645 35.155948638916 35.6197967529297 35.634220123291 36.1175079345703 36.3644180297852 36.5778274536133 36.663013458252 36.7267074584961 36.7478866577148 36.7645797729492 36.7760963439941 36.7813758850098 36.7823753356934 36.7804145812988 36.7773094177246 36.7601737976074 36.7405624389648 36.6862449645996 36.6314163208008 36.578685760498 36.5242500305176 36.464282989502 36.4099235534668 36.365348815918 36.3380699157715 36.3285865783691 36.329891204834 36.3377685546875 36.3451652526855 36.3524017333984 36.3575668334961 36.3623237609863 36.3501052856445 36.3356590270996 36.3070602416992 36.2779579162598 36.2474594116211 36.2244110107422 36.2128791809082 36.2080116271973 36.2092704772949 36.1987037658691
-9999 -9999 -9999 -9999 35.155948638916 35.6688575744629 35.8984184265137 36.0452079772949 36.0731163024902 36.3428115844727 36.5760116577148 36.6695289611816 36.7397079467773 36.7636947631836 36.7820434570312 36.793888092041 36.8006439208984 36.8039016723633 36.8042373657227 36.8034439086914 36.7935905456543 36.7821426391602 36.7329864501953 36.6823234558105 36.6259689331055 36.5687522888184 36.5087471008301 36.4533462524414 36.4059791564941 36.3739204406738 36.3576126098633 36.3549423217773 36.3605766296387 36.3693923950195 36.3792610168457 36.3861885070801 36.3925666809082 36.3790473937988 36.3631629943848 36.3322067260742 36.301929473877 36.2735443115234 36.2528381347656 36.2439842224121 36.2421913146973 36.2468681335449 36.2425575256348
-9999 -9999 -9999 -9999 -9999 35.9529609680176 36.0012741088867 36.0158233642578 36.0172729492188 36.3129463195801 36.568775177002 36.6721076965332 36.7497520446777 36.7765617370605 36.7959442138672 36.8067436218262 36.8138465881348 36.8184089660645 36.820556640625 36.8217697143555 36.8199882507324 36.8176803588867 36.7793312072754 36.7377471923828 36.6757965087891 36.6142616271973 36.5540733337402 36.4976081848145 36.447639465332 36.4111099243164 36.3884124755859 36.3819236755371 36.3853034973145 36.3949508666992 36.406681060791 36.4155120849609 36.4237747192383 36.4089660644531 36.3915710449219 36.3576927185059 36.3263854980469 36.3022155761719 36.2854499816895 36.2801361083984 36.281810760498 36.2898979187012 36.2931175231934
-9999 -9999 -9999 -9999 -9999 35.9600524902344 35.9591979980469 35.9427871704102 35.9700202941895 36.2851409912109 36.5577735900879 36.6677856445312 36.7509498596191 36.7809944152832 36.8019561767578 36.812442779541 36.8191719055176 36.8233261108398 36.825382232666 36.8266296386719 36.8274917602539 36.8282852172852 36.8055801391602 36.7784042358398 36.7182426452637 36.6576919555664 36.5958938598633 36.5384292602539 36.488525390625 36.4497528076172 36.422435760498 36.4126815795898 36.413631439209 36.4224319458008 36.4338455200195 36.4412040710449 36.4478340148926 36.4311218261719 36.4125099182129 36.3818397521973 36.3548774719238 36.3382530212402 36.3284072875977 36.329029083252 36.3357315063477 36.3480110168457 36.3576736450195
-9999 -9999 -9999 -9999 -9999 35.9343910217285 35.9196853637695 35.9189796447754 35.9245414733887 36.2577590942383 36.5459938049316 36.6620330810547 36.750316619873 36.7836799621582 36.8063430786133 36.8166580200195 36.822868347168 36.8262557983398 36.8278312683105 36.8287048339844 36.8310852050781 36.8337326049805 36.8276748657227 36.8160018920898 36.7591590881348 36.7006950378418 36.6369895935059 36.5785331726074 36.5292510986328 36.488697052002 36.4571228027344 36.4442253112793 36.4427032470703 36.450309753418 36.4609565734863 36.4661445617676 36.4704132080078 36.4516677856445 36.4319114685059 36.4057083129883 36.3842124938965 36.3758201599121 36.3735008239746 36.3805618286133 36.3926124572754 36.4092445373535 36.4251251220703
-9999 -9999 -9999 -9999 -9999 -9999 35.9242897033691 35.8972854614258 35.9234809875488 36.2567596435547 36.5449714660645 36.6606864929199 36.7496643066406 36.7857398986816 36.8094749450684 36.818977355957 36.8239059448242 36.8256950378418 36.8264198303223 36.8267364501953 36.8295402526855 36.8327865600586 36.8314323425293 36.8251991271973 36.7791900634766 36.728385925293 36.6620330810547 36.6021766662598 36.5536575317383 36.5138397216797 36.482967376709 36.4707946777344 36.4700126647949 36.4756088256836 36.483325958252 36.4822006225586 36.4797401428223 36.4611511230469 36.4428939819336 36.4267234802246 36.4153137207031 36.4171524047852 36.4244728088379 36.4402542114258 36.4600372314453 36.4834823608398 36.5070304870605
-9999 -9999 -9999 -9999 -9999 -9999 35.9564323425293 35.9566040039062 35.933967590332 36.2628555297852 36.5472717285156 36.6614723205566 36.750129699707 36.7882537841797 36.8126029968262 36.8210601806641 36.8246192932129 36.8248176574707 36.8247222900391 36.8245162963867 36.827709197998 36.8315010070801 36.8340072631836 36.8324089050293 36.7968559265137 36.7534866333008 36.6847839355469 36.6237258911133 36.576000213623 36.5372467041016 36.5077171325684 36.4965591430664 36.4965858459473 36.4999122619629 36.504337310791 36.4969215393066 36.4878082275391 36.4700622558594 36.4539337158203 36.448112487793 36.4470596313477 36.4592704772949 36.4762001037598 36.500415802002 36.5273857116699 36.5568885803223 36.5868911743164
-9999 -9999 -9999 -9999 -9999 -9999 36.0756301879883 36.0154037475586 36.0464019775391 36.3320274353027 36.5798263549805 36.6828460693359 36.7625007629395 36.7959136962891 36.8162689208984 36.8215560913086 36.8231658935547 36.8222541809082 36.8218193054199 36.8215675354004 36.8252639770508 36.829662322998 36.8327331542969 36.8319435119629 36.799243927002 36.7583236694336 36.690746307373 36.6307830810547 36.5840911865234 36.5487251281738 36.5250129699707 36.5160713195801 36.5161247253418 36.5148696899414 36.5131759643555 36.5016555786133 36.4887924194336 36.4781188964844 36.4696044921875 36.4748458862305 36.4848136901855 36.5079460144043 36.5331649780273 36.5616226196289 36.5889167785645 36.6151466369629 36.6380004882812
-9999 -9999 -9999 -9999 -9999 36.3668594360352 36.2415542602539 36.2548866271973 36.1651496887207 36.4052467346191 36.6146087646484 36.7063140869141 36.7764282226562 36.8038139343262 36.8194694519043 36.821590423584 36.8212623596191 36.8192481994629 36.8184852600098 36.8182067871094 36.8223915100098 36.8273620605469 36.8305053710938 36.8299522399902 36.7989692687988 36.7598037719727 36.6941184997559 36.6359710693359 36.5909843444824 36.5592880249023 36.5412673950195 36.533863067627 36.5329284667969 36.5271797180176 36.5198287963867 36.5057678222656 36.4908714294434 36.4880065917969 36.4876365661621 36.5031661987305 36.522876739502 36.5542335510254 36.5848999023438 36.6144866943359 36.6402778625488 36.6625862121582 36.6791687011719
-9999 -9999 -9999 -9999 36.4877052307129 36.4200630187988 36.3668594360352 36.3290710449219 36.3070526123047 36.4933204650879 36.6575546264648 36.7374572753906 36.7960777282715 36.8125953674316 36.8209648132324 36.819938659668 36.8176956176758 36.8146171569824 36.8135833740234 36.8133392333984 36.817928314209 36.823371887207 36.8247756958008 36.8223648071289 36.7889366149902 36.7490005493164 36.6879806518555 36.6343116760254 36.5934677124023 36.5664672851562 36.5537033081055 36.5453567504883 36.5396957397461 36.52978515625 36.5184593200684 36.5076026916504 36.4969444274902 36.5046005249023 36.5143394470215 36.5373039245605 36.5620574951172 36.5917854309082 36.617431640625 36.6367721557617 36.6543655395508 36.6703567504883 36.6838836669922
