Ecospace-environmental-drivers/Outputs/ASCII-for-ecospace/MOM6-ISIMIP3a/so/2005-01_so_MOM6-ISIMIP3a.asc
NCOLS 131 
NROWS 53 
XLLCORNER -98 
YLLCORNER 23.9265270233154 
CELLSIZE 0.133587792515755 
NODATA_value -9999 
[rows 21 to 41 of 53, columns 0 to 46 of 131]
-9999 -9999 -9999 -9999 -9999 -9999 35.2165184020996 35.1945533752441 35.1380271911621 35.0436325073242 34.9422607421875 34.7492065429688 34.757381439209 34.78173828125 34.8098449707031 34.8422737121582 34.9235076904297 35.0382537841797 35.1477890014648 35.255313873291 35.3387184143066 35.4178657531738 35.4812355041504 35.5400009155273 35.5633010864258 35.591438293457 35.6352577209473 35.6798858642578 35.7259292602539 35.7759590148926 35.8300895690918 35.8789863586426 35.9246978759766 35.9587020874023 35.9888076782227 35.9878540039062 35.9825325012207 35.9672584533691 35.9553642272949 35.9649887084961 35.9730682373047 35.9768447875977 35.9731674194336 35.9579734802246 35.9299659729004 35.8901901245117 35.8202362060547
-9999 -9999 -9999 -9999 -9999 -9999 35.2206764221191 35.2165184020996 35.1725883483887 35.1193733215332 35.0436325073242 35.0339469909668 35.0606346130371 35.159294128418 35.2443351745605 35.313663482666 35.4100608825684 35.5250549316406 35.6174926757812 35.7012176513672 35.7548828125 35.8032455444336 35.8531227111816 35.8992652893066 35.9140357971191 35.9313125610352 35.9567222595215 35.9836769104004 36.0133323669434 36.0472717285156 36.085620880127 36.1197395324707 36.1512756347656 36.1813583374023 36.2109527587891 36.2104225158691 36.2055854797363 36.1811752319336 36.1582412719727 36.1447105407715 36.1361351013184 36.1413536071777 36.1388664245605 36.1244735717773 36.0915985107422 36.0417633056641 35.9692268371582
-9999 -9999 -9999 -9999 35.2375869750977 35.2302017211914 35.2234230041504 35.2220916748047 35.2165184020996 35.1286582946777 35.0886840820312 35.2320022583008 35.3841552734375 35.5537796020508 35.6903610229492 35.7888069152832 35.8913421630859 35.9966850280762 36.0663070678711 36.1221389770508 36.1472091674805 36.1668510437012 36.2017784118652 36.2340278625488 36.241153717041 36.2485656738281 36.2568855285645 36.267894744873 36.2835998535156 36.3033485412598 36.3272552490234 36.34716796875 36.3646430969238 36.3900718688965 36.4181480407715 36.4180679321289 36.4138870239258 36.3809013366699 36.3473739624023 36.310417175293 36.284839630127 36.2909469604492 36.2887573242188 36.2737464904785 36.234676361084 36.1735229492188 36.097728729248
-9999 -9999 -9999 -9999 35.2530517578125 35.2436752319336 35.2369804382324 35.2234230041504 35.2263336181641 35.2634010314941 35.3297233581543 35.5080223083496 35.6946754455566 35.8978500366211 36.0444107055664 36.1256408691406 36.1976013183594 36.2631950378418 36.2992973327637 36.3240127563477 36.3291053771973 36.3307342529297 36.3468894958496 36.3625793457031 36.3717422485352 36.3810539245605 36.3908500671387 36.400936126709 36.4115371704102 36.4253578186035 36.4424896240234 36.4591102600098 36.4754180908203 36.4944343566895 36.5143547058105 36.5152893066406 36.5133819580078 36.4814338684082 36.4481887817383 36.4066734313965 36.3754501342773 36.3728713989258 36.3609390258789 36.3345565795898 36.2871513366699 36.2204513549805 36.1457176208496
-9999 -9999 -9999 -9999 -9999 35.2530517578125 35.2612533569336 35.2505378723145 35.2595558166504 35.4053421020508 35.5642852783203 35.7735824584961 35.989185333252 36.2172698974609 36.3697128295898 36.4348754882812 36.4796028137207 36.5102958679199 36.5187187194824 36.5185394287109 36.5073204040527 36.4941558837891 36.4934730529785 36.4936256408691 36.4984321594238 36.5038604736328 36.5112915039062 36.5179481506348 36.523250579834 36.5315551757812 36.5429420471191 36.5564384460449 36.571216583252 36.5843772888184 36.5970001220703 36.5988693237305 36.5990447998047 36.5705108642578 36.5399208068848 36.4962501525879 36.4605751037598 36.4471664428711 36.4247665405273 36.3884773254395 36.3346939086914 36.2648582458496 36.1924591064453
-9999 -9999 -9999 -9999 -9999 35.197696685791 35.2530517578125 35.3179931640625 35.395393371582 35.578857421875 35.7704696655273 35.9932746887207 36.2134971618652 36.4286155700684 36.5689849853516 36.6231117248535 36.6552467346191 36.6722831726074 36.6786231994629 36.680835723877 36.6693992614746 36.6555519104004 36.6465110778809 36.6355781555176 36.6080284118652 36.5841979980469 36.5724411010742 36.5646591186523 36.5638160705566 36.5684051513672 36.5785789489746 36.5896797180176 36.6013488769531 36.6110954284668 36.6202011108398 36.6226425170898 36.6240463256836 36.6093444824219 36.5918464660645 36.5565299987793 36.521656036377 36.4880027770996 36.4519500732422 36.4122009277344 36.3606338500977 36.298225402832 36.2337493896484
-9999 -9999 35.0815467834473 35.0939979553223 35.1056060791016 35.142276763916 35.1977615356445 35.3469390869141 35.5066223144531 35.7317428588867 35.9593734741211 36.1966323852539 36.4159622192383 36.5998191833496 36.7178344726562 36.7598876953125 36.7814064025879 36.788818359375 36.7934646606445 36.7970352172852 36.7877769470215 36.7762565612793 36.7641410827637 36.748706817627 36.7057037353516 36.6661491394043 36.6377563476562 36.6156616210938 36.6045608520508 36.601921081543 36.6079788208008 36.6157646179199 36.6245994567871 36.6320381164551 36.6390151977539 36.6420669555664 36.6445236206055 36.6395988464355 36.6316452026367 36.6043853759766 36.5721626281738 36.5261268615723 36.4820175170898 36.4408874511719 36.3926277160645 36.3378257751465 36.2799835205078
-9999.000000000000000 -9999 -9999 -9999 35.0341110229492 35.0689315795898 35.0351295471191 35.2918663024902 35.5641632080078 35.8396072387695 36.1105690002441 36.3643569946289 36.5707702636719 36.6834411621094 36.7566757202148 36.7843971252441 36.7995986938477 36.8061981201172 36.8099708557129 36.8126564025879 36.8108139038086 36.8081741333008 36.8045272827148 36.798942565918 36.7773818969727 36.7516021728516 36.7121620178223 36.6760368347168 36.6457023620605 36.6281585693359 36.623779296875 36.6262283325195 36.6328392028809 36.6403884887695 36.6482467651367 36.6519966125488 36.6551208496094 36.6511306762695 36.6449851989746 36.6251220703125 36.5996055603027 36.5583457946777 36.5183753967285 36.4804077148438 36.4378356933594 36.3910369873047 36.3370132446289
-9999 -9999 -9999 -9999 34.9403877258301 34.8911285400391 34.9091453552246 35.2483177185059 35.6021156311035 35.9292297363281 36.2403831481934 36.4904327392578 36.6775093078613 36.7399711608887 36.7813453674316 36.7983932495117 36.8085784912109 36.8140525817871 36.8169593811035 36.8188743591309 36.8212776184082 36.8237648010254 36.8256378173828 36.8265838623047 36.8199768066406 36.8063278198242 36.7698516845703 36.7314338684082 36.689624786377 36.6601333618164 36.6433219909668 36.6391525268555 36.6426811218262 36.6499366760254 36.6584320068359 36.6627807617188 36.66650390625 36.6629753112793 36.6581077575684 36.6446990966797 36.6261672973633 36.5933685302734 36.5606117248535 36.5279197692871 36.4922752380371 36.4539184570312 36.4070472717285
-9999 -9999 -9999 -9999 34.8761138916016 34.8611030578613 34.8425674438477 35.2192611694336 35.615421295166 35.9958953857422 36.3432998657227 36.5641174316406 36.7237739562988 36.7624092102051 36.7881927490234 36.7991523742676 36.805965423584 36.8099327087402 36.8119735717773 36.8132705688477 36.8159294128418 36.8188247680664 36.8224945068359 36.8258056640625 36.8259887695312 36.8223876953125 36.8065071105957 36.7805633544922 36.7370491027832 36.699333190918 36.6675834655762 36.6551704406738 36.6545372009277 36.6609916687012 36.669807434082 36.6746406555176 36.6788673400879 36.6752166748047 36.670955657959 36.6628150939941 36.6516189575195 36.6319236755371 36.610237121582 36.5854835510254 36.5583305358887 36.5289726257324 36.4934463500977
-9999 -9999 -9999 -9999 34.8611030578613 34.8386650085449 34.8123207092285 35.2316741943359 35.6697731018066 36.0688400268555 36.4252815246582 36.6185646057129 36.7544822692871 36.7768859863281 36.792064666748 36.7989044189453 36.8035850524902 36.8067779541016 36.8083992004395 36.8094139099121 36.8119277954102 36.8147087097168 36.8192596435547 36.8237800598145 36.8276863098145 36.829647064209 36.8253021240234 36.8101196289062 36.7760276794434 36.7394180297852 36.7002143859863 36.6800117492676 36.6713790893555 36.6743812561035 36.6812553405762 36.6856498718262 36.6896514892578 36.6863250732422 36.6828575134277 36.6784744262695 36.6726379394531 36.6627464294434 36.650634765625 36.6350860595703 36.6173286437988 36.5975379943848 36.5740661621094
-9999 -9999 -9999 -9999 34.8373641967773 34.8123207092285 35.2778854370117 35.2751922607422 35.7549133300781 36.1464958190918 36.4915657043457 36.6585845947266 36.7735176086426 36.7853965759277 36.7937049865723 36.7978973388672 36.8013725280762 36.8043518066406 36.8058891296387 36.8068695068359 36.8089408874512 36.811206817627 36.8159561157227 36.8208160400391 36.8261413574219 36.8303070068359 36.830696105957 36.8249931335449 36.808666229248 36.780158996582 36.739128112793 36.7114715576172 36.6919631958008 36.6895217895508 36.6927642822266 36.6960258483887 36.6992492675781 36.6965827941895 36.6940460205078 36.6922988891602 36.6903343200684 36.6877784729004 36.6841087341309 36.6787223815918 36.6710357666016 36.6612396240234 36.6503448486328
-9999 -9999 -9999 -9999 34.8123207092285 35.38330078125 35.6287841796875 35.7923622131348 35.816162109375 36.195987701416 36.5283889770508 36.6792831420898 36.7817802429199 36.7885131835938 36.7934265136719 36.7962379455566 36.7993240356445 36.8025932312012 36.8045425415039 36.805980682373 36.8078956604004 36.8098983764648 36.814037322998 36.8184204101562 36.8244323730469 36.8296432495117 36.8322448730469 36.8315162658691 36.8249702453613 36.8050346374512 36.7713203430176 36.7404479980469 36.7113037109375 36.7035522460938 36.7029304504395 36.7049751281738 36.7073593139648 36.7059135437012 36.7047004699707 36.7049980163574 36.7053680419922 36.7059516906738 36.7058601379395 36.7047233581543 36.7014999389648 36.696361541748 36.69140625
-9999 -9999 -9999 -9999 -9999 35.7557334899902 35.814208984375 35.8188018798828 35.8671760559082 36.2334060668945 36.5525894165039 36.691707611084 36.7854270935059 36.7893257141113 36.7923278808594 36.7942962646484 36.7973403930664 36.8011245727539 36.8036956787109 36.8057975769043 36.8076782226562 36.8095245361328 36.8127136230469 36.8162727355957 36.8226547241211 36.8284111022949 36.832145690918 36.8344535827637 36.8342742919922 36.8231048583984 36.8006324768066 36.7683601379395 36.7301139831543 36.7171096801758 36.7125244140625 36.7133140563965 36.7148361206055 36.7148399353027 36.7151298522949 36.717212677002 36.7192611694336 36.72119140625 36.7225914001465 36.7231636047363 36.7220001220703 36.7192344665527 36.7173767089844
-9999 -9999 -9999 -9999 -9999 35.8263664245605 35.8241996765137 35.8314666748047 35.8619232177734 36.2374610900879 36.5627021789551 36.6954154968262 36.7847137451172 36.7881050109863 36.7909927368164 36.7933006286621 36.7966384887695 36.8006820678711 36.8035850524902 36.8060417175293 36.8083038330078 36.8105278015137 36.8135223388672 36.8168411254883 36.8227081298828 36.8281517028809 36.832218170166 36.8354644775391 36.8372688293457 36.8286819458008 36.8094062805176 36.776985168457 36.7365570068359 36.7234230041504 36.7193946838379 36.719913482666 36.7210578918457 36.7222175598145 36.7236137390137 36.7265167236328 36.7291946411133 36.7312469482422 36.732723236084 36.7333145141602 36.7324867248535 36.730354309082 36.7287368774414
-9999 -9999 -9999 -9999 -9999 35.8586082458496 35.8406944274902 35.8223304748535 35.8450317382812 36.2346153259277 36.569896697998 36.697322845459 36.7830963134766 36.7864646911621 36.789608001709 36.7924957275391 36.7961959838867 36.8004570007324 36.8036231994629 36.8063735961914 36.8090972900391 36.8118209838867 36.8147773742676 36.8179740905762 36.8231430053711 36.8280944824219 36.832332611084 36.8360748291016 36.8389587402344 36.8316764831543 36.8139266967773 36.7816200256348 36.7404403686523 36.7282409667969 36.725700378418 36.7261505126953 36.7270202636719 36.7292747497559 36.7316970825195 36.7352180480957 36.7383117675781 36.7402267456055 36.7414932250977 36.7417526245117 36.7409019470215 36.7390403747559 36.7370796203613
-9999 -9999 -9999 -9999 -9999 -9999 35.9109344482422 35.8682861328125 35.8988418579102 36.2799873352051 36.6041488647461 36.7101974487305 36.7820777893066 36.7863464355469 36.7901344299316 36.7933692932129 36.7967147827148 36.8001327514648 36.8030967712402 36.8058853149414 36.809154510498 36.8125076293945 36.8165054321289 36.8205909729004 36.8252639770508 36.8296813964844 36.8332557678223 36.8366813659668 36.8398475646973 36.8293952941895 36.8049354553223 36.7740058898926 36.7391319274902 36.7299766540527 36.7293968200684 36.730052947998 36.7308921813965 36.7334289550781 36.7361259460449 36.7398414611816 36.7431297302246 36.7452125549316 36.7464599609375 36.7464141845703 36.7447662353516 36.7416458129883 36.7386589050293
-9999 -9999 -9999 -9999 -9999 -9999 36.0246658325195 36.0421867370605 35.9707412719727 36.3345756530762 36.640323638916 36.7237434387207 36.7809600830078 36.7863349914551 36.7908096313477 36.7942504882812 36.7971458435059 36.7996711730957 36.8023948669434 36.8051948547363 36.8090133666992 36.8130111694336 36.818115234375 36.8231544494629 36.8274230957031 36.8313941955566 36.8344078063965 36.8372917175293 36.8399543762207 36.8258514404297 36.7944869995117 36.7653579711914 36.7375907897949 36.7315673828125 36.732795715332 36.7336616516113 36.734489440918 36.7372207641602 36.7401161193848 36.7440490722656 36.7475395202637 36.7497978210449 36.7510185241699 36.7506370544434 36.7481460571289 36.7437171936035 36.7396850585938
-9999 -9999 -9999 -9999 -9999 -9999 36.2423210144043 36.1635208129883 36.2018127441406 36.4644813537598 36.6841430664062 36.7391967773438 36.7785148620605 36.7867088317871 36.7921485900879 36.7944030761719 36.7962265014648 36.7977523803711 36.8000946044922 36.8027534484863 36.8071441650391 36.811840057373 36.818229675293 36.8244705200195 36.8291549682617 36.8336601257324 36.837589263916 36.8379745483398 36.8321723937988 36.8113059997559 36.7749328613281 36.7515449523926 36.7360649108887 36.7330894470215 36.7342796325684 36.7352142333984 36.7361183166504 36.7385177612305 36.7412109375 36.7457427978516 36.7496910095215 36.7520217895508 36.7530174255371 36.751953125 36.7485466003418 36.7429962158203 36.7380065917969
-9999 -9999 -9999 -9999 -9999 36.6377372741699 36.4842147827148 36.5212516784668 36.4212760925293 36.5867805480957 36.7243270874023 36.7548484802246 36.7782821655273 36.7876815795898 36.7931823730469 36.7941856384277 36.7950096130371 36.7957077026367 36.7977027893066 36.8001976013184 36.8050498962402 36.8103141784668 36.8175010681152 36.8244934082031 36.8295288085938 36.8341674804688 36.8375091552734 36.8342666625977 36.8195266723633 36.7937850952148 36.756721496582 36.7395935058594 36.7346076965332 36.7342262268066 36.7353820800781 36.7363204956055 36.7372436523438 36.739559173584 36.7422523498535 36.7473335266113 36.7517509460449 36.7543106079102 36.7552146911621 36.7535629272461 36.749324798584 36.7427215576172 36.7367057800293
-9999 -9999 -9999 -9999 36.6835250854492 36.6626281738281 36.6377372741699 36.6143531799316 36.5981903076172 36.6811981201172 36.7511672973633 36.771240234375 36.7861480712891 36.790828704834 36.7931060791016 36.7926063537598 36.7927055358887 36.7932090759277 36.7949714660645 36.7972183227539 36.802116394043 36.8074760437012 36.8136749267578 36.8197784423828 36.8249282836914 36.8282127380371 36.8254508972168 36.8144454956055 36.7890472412109 36.7653656005859 36.7434501647949 36.7344741821289 36.7333869934082 36.733959197998 36.7350807189941 36.7358093261719 36.7365036010742 36.7396507263184 36.7431144714355 36.7485656738281 36.7534637451172 36.7568206787109 36.7581253051758 36.7562522888184 36.7514877319336 36.7440719604492 36.7367973327637
