Ecospace-environmental-drivers/Outputs/ASCII-for-ecospace/MOM6-ISIMIP3a/so/2005-04_so_MOM6-ISIMIP3a.asc
NCOLS 131 
NROWS 53 
XLLCORNER -98 
YLLCORNER 23.9265270233154 
CELLSIZE 0.133587792515755 
NODATA_value -9999 
[rows 21 to 41 of 53, columns 47 to 93 of 131]
35.7030067443848 35.6786193847656 35.6518669128418 35.6354904174805 35.6200790405273 35.6019248962402 35.5725898742676 35.4863662719727 35.3782615661621 35.2173156738281 35.094409942627 35.0237236022949 35.0044937133789 35.0273551940918 35.094913482666 35.1836471557617 35.2773628234863 35.3722648620605 35.3986015319824 35.4152297973633 35.359130859375 35.2962341308594 35.2049026489258 35.1013145446777 34.9718551635742 34.8452262878418 34.7220573425293 34.6205062866211 34.5347023010254 34.5031661987305 34.4941101074219 34.563289642334 34.6478500366211 34.6677322387695 34.6796951293945 34.6376800537109 34.6035079956055 34.5969123840332 34.614673614502 34.6776733398438 34.7690200805664 34.8912582397461 34.9963111877441 35.0902519226074 35.1561660766602 35.2120170593262 35.2392082214355
35.8992881774902 35.8898048400879 35.8765144348145 35.8621788024902 35.8475799560547 35.828800201416 35.80322265625 35.7430686950684 35.6684112548828 35.5587348937988 35.4727630615234 35.4193420410156 35.4010429382324 35.4114761352539 35.4499397277832 35.5016784667969 35.5444221496582 35.5850143432617 35.5866355895996 35.5815925598145 35.5185241699219 35.4450416564941 35.3279609680176 35.2039184570312 35.0651741027832 34.9391479492188 34.828670501709 34.7408294677734 34.6694717407227 34.6453971862793 34.6408996582031 34.7073593139648 34.787769317627 34.8133087158203 34.8293685913086 34.772647857666 34.7225646972656 34.6958236694336 34.6923904418945 34.7322387695312 34.8005714416504 34.8999328613281 34.994026184082 35.0847091674805 35.157886505127 35.2247772216797 35.2647285461426
36.0826530456543 36.0865478515625 36.0852699279785 36.0711708068848 36.0555152893066 36.0332489013672 36.0088996887207 35.9739685058594 35.932918548584 35.8770942687988 35.8308181762695 35.7976417541504 35.7825393676758 35.7822265625 35.7914352416992 35.8051605224609 35.7951354980469 35.7794418334961 35.754997253418 35.7272109985352 35.6595268249512 35.5787315368652 35.4430694580078 35.3043594360352 35.1592140197754 35.0353775024414 34.9375877380371 34.8629493713379 34.80517578125 34.7877540588379 34.7870407104492 34.8493881225586 34.9241333007812 34.9546394348145 34.974365234375 34.9047393798828 34.8404426574707 34.7948913574219 34.7713088989258 34.7885246276855 34.8336486816406 34.9091796875 34.9916763305664 35.0786819458008 35.1581993103027 35.2350196838379 35.2878494262695
36.188045501709 36.1809921264648 36.1676635742188 36.1389579772949 36.1085319519043 36.0741729736328 36.0422515869141 36.0227279663086 36.0070724487305 36.0007667541504 36.0013465881348 36.0113868713379 36.0139656066895 36.0104446411133 35.9811820983887 35.9397277832031 35.8729934692383 35.8002166748047 35.7470359802246 35.694896697998 35.6382942199707 35.5761337280273 35.4907150268555 35.3928375244141 35.2686767578125 35.1598091125488 35.0696334838867 35.0012702941895 34.9487915039062 34.9311561584473 34.9279518127441 34.9776077270508 35.037654876709 35.0637855529785 35.0801467895508 35.0133171081543 34.9494171142578 34.8958320617676 34.8621711730957 34.8655090332031 34.8940773010254 34.950138092041 35.0236511230469 35.108455657959 35.1819801330566 35.2514572143555 35.3060417175293
36.2738990783691 36.2534141540527 36.2265625 36.1867561340332 36.145679473877 36.1060371398926 36.0725250244141 36.0702018737793 36.0795860290527 36.1172294616699 36.1571273803711 36.2001266479492 36.212459564209 36.1997032165527 36.1329689025879 36.0406684875488 35.929557800293 35.8139495849609 35.7391510009766 35.6686477661133 35.6197738647461 35.5725631713867 35.5323066711426 35.473503112793 35.375545501709 35.2857856750488 35.2060546875 35.1437072753906 35.0940170288086 35.0739707946777 35.0662040710449 35.103214263916 35.1490287780762 35.1718673706055 35.1860961914062 35.1245193481445 35.0632476806641 35.003059387207 34.9602546691895 34.9497261047363 34.9621772766113 34.9996681213379 35.0632972717285 35.1438407897949 35.2109985351562 35.2733459472656 35.3286819458008
36.2740898132324 36.2292556762695 36.1824340820312 36.1469268798828 36.1132659912109 36.0981712341309 36.089298248291 36.1120567321777 36.1448974609375 36.2020874023438 36.2482414245605 36.279239654541 36.2665519714355 36.2181167602539 36.1183090209961 35.9941635131836 35.8927536010742 35.7967758178711 35.7315902709961 35.6689834594727 35.6131401062012 35.5647239685059 35.5473785400391 35.519905090332 35.4710426330566 35.4185638427734 35.3616638183594 35.3041877746582 35.2462921142578 35.2142066955566 35.1928062438965 35.2173767089844 35.2509841918945 35.2752876281738 35.2927894592285 35.2472267150879 35.198356628418 35.1378479003906 35.0900039672852 35.0656700134277 35.0639152526855 35.0867652893066 35.1365776062012 35.2038421630859 35.2629585266113 35.319149017334 35.3708152770996
36.2699089050293 36.2089042663574 36.1498565673828 36.1194648742676 36.0931663513184 36.0981140136719 36.1090049743652 36.1501235961914 36.1994094848633 36.2684173583984 36.3177299499512 36.3400039672852 36.3154716491699 36.2526435852051 36.1434860229492 36.0123863220215 35.92431640625 35.8465270996094 35.788631439209 35.7316246032715 35.6676597595215 35.6165008544922 35.6189384460449 35.6174850463867 35.6078147888184 35.5865516662598 35.5511207580566 35.5046234130859 35.450065612793 35.4157257080078 35.3897590637207 35.4019393920898 35.4216194152832 35.4392013549805 35.4514503479004 35.4123725891113 35.3679237365723 35.3045997619629 35.2502670288086 35.2126312255859 35.1957473754883 35.2014770507812 35.2356605529785 35.2882537841797 35.335563659668 35.3809700012207 35.4236602783203
36.2561912536621 36.1968536376953 36.1424827575684 36.1189918518066 36.0999336242676 36.1150894165039 36.1351165771484 36.1799354553223 36.2303619384766 36.2943153381348 36.3400382995605 36.3607292175293 36.3531112670898 36.3223342895508 36.2555999755859 36.1718330383301 36.105037689209 36.0422973632812 35.9866256713867 35.9301910400391 35.8555946350098 35.7983551025391 35.8137435913086 35.826732635498 35.834644317627 35.8313751220703 35.8144302368164 35.7922325134277 35.7662048339844 35.7509651184082 35.7401962280273 35.7401008605957 35.7421035766602 35.735107421875 35.7234992980957 35.6701049804688 35.612678527832 35.5410842895508 35.4771041870117 35.4272727966309 35.3932456970215 35.3764381408691 35.3910293579102 35.4259376525879 35.4532089233398 35.4777336120605 35.4998588562012
36.2497215270996 36.1938400268555 36.1429901123047 36.1225624084473 36.1066017150879 36.1271476745605 36.151969909668 36.198543548584 36.249340057373 36.3103408813477 36.3563575744629 36.3817977905273 36.391731262207 36.3889770507812 36.3596801757812 36.3178062438965 36.2722549438477 36.2258224487305 36.1794128417969 36.1317672729492 36.0661735534668 36.0172920227051 36.0383758544922 36.0586204528809 36.0770950317383 36.0867576599121 36.0856628417969 36.0845642089844 36.0834579467773 36.084716796875 36.0869483947754 36.0815200805664 36.0745849609375 36.0534858703613 36.0282669067383 35.9678955078125 35.903392791748 35.8243637084961 35.7506446838379 35.6867828369141 35.6363868713379 35.600658416748 35.5937690734863 35.6055374145508 35.6044387817383 35.5987205505371 35.5938110351562
36.2523612976074 36.2021903991699 36.1534156799316 36.131217956543 36.1131439208984 36.1330223083496 36.1571731567383 36.2030487060547 36.2532577514648 36.3139419555664 36.3651351928711 36.4032974243164 36.431583404541 36.4517936706543 36.4536590576172 36.4468269348145 36.4224815368652 36.3939476013184 36.3656425476074 36.3371238708496 36.3052291870117 36.282886505127 36.3005332946777 36.3189964294434 36.3391876220703 36.3554344177246 36.3668670654297 36.3828392028809 36.4021186828613 36.4165878295898 36.4290657043457 36.4270324707031 36.4221458435059 36.4001350402832 36.374195098877 36.3160781860352 36.2519187927246 36.1665153503418 36.082935333252 36.002742767334 35.9369506835938 35.886848449707 35.8560981750488 35.8378677368164 35.797924041748 35.7501792907715 35.710090637207
36.2618865966797 36.2189903259277 36.1763153076172 36.1506271362305 36.1280784606934 36.143196105957 36.1630592346191 36.20703125 36.2559623718262 36.3168678283691 36.3720054626465 36.4192314147949 36.4599647521973 36.4953804016113 36.516544342041 36.5309600830078 36.5236930847168 36.5112419128418 36.4995956420898 36.4881134033203 36.4782028198242 36.4727516174316 36.4859580993652 36.5001525878906 36.5164375305176 36.5312805175781 36.5443687438965 36.5614776611328 36.5815162658691 36.5956802368164 36.6074142456055 36.6068382263184 36.6038398742676 36.5874099731445 36.5680961608887 36.5254898071289 36.4769706726074 36.4076690673828 36.3366088867188 36.2622718811035 36.1999778747559 36.150806427002 36.1088752746582 36.0716323852539 35.9999771118164 35.915958404541 35.8362922668457
36.2765731811523 36.2421188354492 36.208568572998 36.178108215332 36.1493072509766 36.1565971374512 36.1694526672363 36.210620880127 36.2577514648438 36.3192825317383 36.3774490356445 36.4309959411621 36.479736328125 36.5245361328125 36.5561103820801 36.5814208984375 36.5881385803223 36.5904159545898 36.5943374633789 36.5983276367188 36.6016159057617 36.6058197021484 36.6138381958008 36.621898651123 36.630054473877 36.6375045776367 36.6440963745117 36.6503868103027 36.6564598083496 36.6601867675781 36.6629371643066 36.6623573303223 36.6611251831055 36.6551513671875 36.6479759216309 36.6308174133301 36.6094093322754 36.5730781555176 36.5313148498535 36.4794769287109 36.4348526000977 36.3980865478516 36.3544883728027 36.3064727783203 36.2084541320801 36.0924797058105 35.9699363708496
36.2921295166016 36.2621078491211 36.2346343994141 36.2041702270508 36.1746444702148 36.1787986755371 36.1877365112305 36.2210159301758 36.2615013122559 36.3193893432617 36.3773918151855 36.4355545043945 36.4900932312012 36.5416603088379 36.578182220459 36.6075744628906 36.619312286377 36.6268272399902 36.6352691650391 36.6436500549316 36.6501808166504 36.6563491821289 36.6609954833984 36.665340423584 36.6690368652344 36.6724128723145 36.6753883361816 36.6773452758789 36.6785621643066 36.6788024902344 36.6786422729492 36.678165435791 36.6776237487793 36.6759643554688 36.6738739013672 36.6679801940918 36.6595306396484 36.6421089172363 36.6196060180664 36.5876655578613 36.5593185424805 36.5348892211914 36.4993667602539 36.4566688537598 36.3558082580566 36.2340507507324 36.0872192382812
36.3080520629883 36.2807464599609 36.2580451965332 36.2296180725098 36.2017478942871 36.2047691345215 36.2111129760742 36.2343215942383 36.2660865783691 36.3185081481934 36.3749809265137 36.4370269775391 36.4964141845703 36.5536231994629 36.5927505493164 36.6233139038086 36.6362228393555 36.6449089050293 36.6531372070312 36.6611633300781 36.6666641235352 36.671501159668 36.6735610961914 36.6752166748047 36.6760330200195 36.6767539978027 36.6773567199707 36.6777572631836 36.6780128479004 36.6777534484863 36.6772842407227 36.6769485473633 36.6766395568848 36.6766662597656 36.6766395568848 36.6759262084961 36.6743659973145 36.6698379516602 36.6622886657715 36.6491317749023 36.6364707946777 36.624340057373 36.6010704040527 36.5705909729004 36.4769630432129 36.3606491088867 36.1974868774414
36.3334579467773 36.3004035949707 36.2723083496094 36.245189666748 36.2192420959473 36.2222290039062 36.2275238037109 36.2445831298828 36.2706985473633 36.3186950683594 36.3730926513672 36.4362640380859 36.4985198974609 36.5600166320801 36.6007461547852 36.6316413879395 36.6441879272461 36.6523551940918 36.6592750549316 36.6659698486328 36.6706352233887 36.6745643615723 36.6754264831543 36.6759796142578 36.6758766174316 36.6756362915039 36.6752319335938 36.6748275756836 36.6744155883789 36.6735992431641 36.6726112365723 36.6719512939453 36.6713562011719 36.6718406677246 36.6723861694336 36.6731796264648 36.6736526489258 36.6730079650879 36.6706314086914 36.6650505065918 36.6591758728027 36.6529884338379 36.6385803222656 36.6188583374023 36.5434532165527 36.4480438232422 36.2873001098633
36.3608245849609 36.3202705383301 36.2846794128418 36.2587203979492 36.2347526550293 36.237922668457 36.2424964904785 36.254207611084 36.2753143310547 36.3191108703613 36.3713073730469 36.4350433349609 36.4997520446777 36.5652618408203 36.6073875427246 36.6384353637695 36.6503067016602 36.6575965881348 36.6629829406738 36.6681518554688 36.6720161437988 36.6751251220703 36.6750831604004 36.6748580932617 36.6742362976074 36.6733894348145 36.6722602844238 36.6712036132812 36.6701927185059 36.6688041687012 36.6672554016113 36.6661758422852 36.6651878356934 36.6658668518066 36.6666793823242 36.6682205200195 36.6697235107422 36.6710968017578 36.671875 36.6715431213379 36.6706199645996 36.6690521240234 36.6628112792969 36.6535453796387 36.5986366271973 36.5273284912109 36.3728828430176
36.4076118469238 36.3703002929688 36.3408737182617 36.3085708618164 36.2766876220703 36.2640914916992 36.2549438476562 36.2633438110352 36.2816200256348 36.3237419128418 36.373706817627 36.434440612793 36.4977912902832 36.5632858276367 36.6069107055664 36.6401824951172 36.6526870727539 36.6602325439453 36.6653366088867 36.6701545715332 36.6732978820801 36.6756935119629 36.674976348877 36.674015045166 36.6725425720215 36.670955657959 36.6692237854004 36.6675796508789 36.6660041809082 36.6642456054688 36.6624069213867 36.6612548828125 36.6602401733398 36.6609916687012 36.6618843078613 36.6635093688965 36.6652030944824 36.667121887207 36.6687698364258 36.6699295043945 36.6706352233887 36.6708564758301 36.6675415039062 36.6619300842285 36.6226997375488 36.5713844299316 36.433650970459
36.456428527832 36.4229049682617 36.400218963623 36.3625030517578 36.3235969543457 36.294132232666 36.2702484130859 36.2747459411621 36.2894668579102 36.3288688659668 36.3758735656738 36.4333076477051 36.4951820373535 36.5606956481934 36.6059265136719 36.6415481567383 36.6548156738281 36.6627349853516 36.6676139831543 36.6721343994141 36.6745414733887 36.6762275695801 36.6748924255371 36.6732368469238 36.6708984375 36.6685562133789 36.6662063598633 36.664005279541 36.6619148254395 36.6598281860352 36.6577453613281 36.6566009521484 36.6556396484375 36.6564865112305 36.6574668884277 36.6591300964355 36.6609420776367 36.6632766723633 36.6656265258789 36.6680107116699 36.6701011657715 36.6718711853027 36.6710739135742 36.6686096191406 36.644157409668 36.6118011474609 36.4913635253906
36.5176544189453 36.4885597229004 36.4722290039062 36.4426231384277 36.410961151123 36.3605194091797 36.317268371582 36.3105964660645 36.3129920959473 36.3372840881348 36.3735389709473 36.4262161254883 36.4872245788574 36.555046081543 36.6028823852539 36.6412582397461 36.6559867858887 36.6650657653809 36.6697540283203 36.6739540100098 36.6754302978516 36.6763534545898 36.6749687194824 36.6730041503906 36.6698188781738 36.6666374206543 36.6634559631348 36.6609191894531 36.6588516235352 36.6568222045898 36.6548080444336 36.6543312072754 36.6541595458984 36.6553688049316 36.6566505432129 36.6581230163574 36.6597366333008 36.6618461608887 36.6641235351562 36.6667251586914 36.6691093444824 36.6712608337402 36.6711730957031 36.6696434020996 36.652702331543 36.6302223205566 36.5283660888672
36.5795669555664 36.5540199279785 36.5420188903809 36.5184364318848 36.4921493530273 36.4248504638672 36.3655967712402 36.3472633361816 36.3368835449219 36.3457069396973 36.3703765869141 36.4167976379395 36.4758758544922 36.5453109741211 36.5967445373535 36.6396484375 36.6565246582031 36.6671829223633 36.6716842651367 36.6755409240723 36.6761436462402 36.6763687133789 36.6750259399414 36.6728286743164 36.6688117980957 36.6648025512695 36.6607971191406 36.6579322814941 36.6558952331543 36.6539916992188 36.6521492004395 36.6524429321289 36.6531562805176 36.6548767089844 36.6565856933594 36.6578216552734 36.6591644287109 36.660888671875 36.662956237793 36.6656723022461 36.6682357788086 36.6706352233887 36.6711349487305 36.6704063415527 36.6598129272461 36.6456756591797 36.5613670349121
36.643985748291 36.618766784668 36.6036682128906 36.5784568786621 36.5506820678711 36.4816398620605 36.4187202453613 36.3869285583496 36.3621139526367 36.3541641235352 36.3641700744629 36.3988265991211 36.4521026611328 36.5206108093262 36.5792465209961 36.6332130432129 36.6547431945801 36.6685256958008 36.6728477478027 36.6762771606445 36.6762161254883 36.6759834289551 36.6750373840332 36.6728591918945 36.6680717468262 36.6632804870605 36.6584892272949 36.6553077697754 36.6533088684082 36.651798248291 36.6504974365234 36.6519355773926 36.6539115905762 36.656665802002 36.6592712402344 36.6600914001465 36.6609001159668 36.6616668701172 36.6630210876465 36.6654663085938 36.6677856445312 36.6699676513672 36.670581817627 36.6701774597168 36.6616668701172 36.6502456665039 36.5797080993652
