Ecospace-environmental-drivers/Outputs/ASCII-for-ecospace/MOM6-ISIMIP3a/so/2005-10_so_MOM6-ISIMIP3a.asc
NCOLS 131 
NROWS 53 
XLLCORNER -98 
YLLCORNER 23.9265270233154 
CELLSIZE 0.133587792515755 
NODATA_value -9999 
[rows 21 to 41 of 53, columns 0 to 46 of 131]
-9999 -9999 -9999 -9999 -9999 -9999 34.7062454223633 34.6890182495117 34.6416702270508 34.5673789978027 34.508430480957 34.4478302001953 34.4223709106445 34.3465347290039 34.2919502258301 34.2618789672852 34.2499656677246 34.2505149841309 34.2595825195312 34.2719421386719 34.2886695861816 34.3061676025391 34.3029365539551 34.3019065856934 34.3230133056641 34.3559722900391 34.4273567199707 34.4996910095215 34.5736846923828 34.6294784545898 34.6665382385254 34.682430267334 34.6854209899902 34.6770401000977 34.6648635864258 34.6630859375 34.6626968383789 34.6557769775391 34.6450271606445 34.6098747253418 34.5746269226074 34.5391120910645 34.5146141052246 34.5071449279785 34.4971580505371 34.48486328125 34.4685974121094
-9999 -9999 -9999 -9999 -9999 -9999 34.7089347839355 34.7062454223633 34.6717872619629 34.621265411377 34.5673789978027 34.5100784301758 34.4610557556152 34.428409576416 34.417236328125 34.4308395385742 34.4487953186035 34.4697380065918 34.4858551025391 34.5001068115234 34.5220642089844 34.5453872680664 34.5413093566895 34.5380630493164 34.546760559082 34.5595932006836 34.5858573913574 34.6272315979004 34.6949882507324 34.7454986572266 34.7782554626465 34.7920227050781 34.7942276000977 34.7901992797852 34.7840957641602 34.7833709716797 34.7833442687988 34.7767524719238 34.7675552368164 34.7417755126953 34.7145614624023 34.6833534240723 34.6605834960938 34.6508522033691 34.6373252868652 34.6203155517578 34.6117744445801
-9999 -9999 -9999 -9999 34.790096282959 34.7373886108398 34.7116622924805 34.7088928222656 34.7062454223633 34.6373291015625 34.574104309082 34.5326843261719 34.510425567627 34.5260772705078 34.5601196289062 34.6153755187988 34.6611709594727 34.7004699707031 34.7214126586914 34.7352638244629 34.760986328125 34.7888069152832 34.7824516296387 34.7754173278809 34.768928527832 34.7590293884277 34.7380523681641 34.7464065551758 34.8059425354004 34.8504676818848 34.8795547485352 34.8922882080078 34.8950653076172 34.8960266113281 34.8963890075684 34.897388458252 34.8984298706055 34.8930816650391 34.8864135742188 34.8713684082031 34.8533401489258 34.8270225524902 34.805980682373 34.7930870056152 34.7755699157715 34.7538070678711 34.7531623840332
-9999 -9999 -9999 -9999 34.9101753234863 34.8011589050293 34.7631149291992 34.7116622924805 34.7087707519531 34.6719589233398 34.6441993713379 34.6510963439941 34.6795120239258 34.7504997253418 34.8261375427246 34.9071311950684 34.9613227844238 34.9971122741699 35.0006332397461 34.9916954040527 34.9996681213379 35.010627746582 34.9836273193359 34.9546890258789 34.9165077209473 34.8797454833984 34.8475875854492 34.8427124023438 34.8854484558105 34.9201736450195 34.9466438293457 34.9612998962402 34.9687576293945 34.9769325256348 34.9853401184082 34.9899749755859 34.9940567016602 34.9940185546875 34.9939155578613 34.993408203125 34.9877548217773 34.9677581787109 34.9466209411621 34.9237098693848 34.9035339355469 34.8858604431152 34.8932495117188
-9999 -9999 -9999 -9999 -9999 34.9101753234863 34.8196868896484 34.8145637512207 34.7215156555176 34.717601776123 34.725399017334 34.7780303955078 34.8531227111816 34.9726448059082 35.0836639404297 35.1848602294922 35.2469253540039 35.2821197509766 35.2730255126953 35.246826171875 35.2375602722168 35.2312812805176 35.1827926635742 35.1317176818848 35.0667572021484 35.0077667236328 34.9681205749512 34.9519157409668 34.9766235351562 34.9993095397949 35.0199127197266 35.0335884094238 35.043041229248 35.0562858581543 35.07080078125 35.0787925720215 35.085865020752 35.090518951416 35.0963478088379 35.1096725463867 35.1166305541992 35.1058616638184 35.0875129699707 35.057445526123 35.0357131958008 35.0216255187988 35.0354194641113
-9999 -9999 -9999 -9999 -9999 34.9095611572266 34.9101753234863 34.842342376709 34.7790985107422 34.8115272521973 34.8552742004395 34.9423294067383 35.0465698242188 35.1848068237305 35.3039588928223 35.4010887145996 35.4687309265137 35.5161170959473 35.5154647827148 35.4962615966797 35.4719886779785 35.4468231201172 35.3731460571289 35.2988967895508 35.2287216186523 35.1678009033203 35.1368789672852 35.1176834106445 35.1189460754395 35.1198120117188 35.1202659606934 35.1202278137207 35.1198921203613 35.1288604736328 35.1409301757812 35.1510734558105 35.1609230041504 35.167552947998 35.1765480041504 35.2005958557129 35.2212448120117 35.2324256896973 35.2295150756836 35.204833984375 35.1863861083984 35.1736640930176 35.186710357666
-9999 -9999 34.8958702087402 34.9003410339355 34.9085350036621 34.9089431762695 34.9095611572266 34.872386932373 34.8410873413086 34.9020042419434 34.974609375 35.0919609069824 35.2195129394531 35.3672523498535 35.4914665222168 35.5885353088379 35.6643333435059 35.7255210876465 35.7350845336914 35.7247161865234 35.6894607543945 35.6498146057129 35.5602874755859 35.4714813232422 35.3978118896484 35.3350448608398 35.3076324462891 35.2833023071289 35.264347076416 35.2467498779297 35.230541229248 35.2196502685547 35.2119903564453 35.2153701782227 35.2224311828613 35.2316093444824 35.2410697937012 35.2484893798828 35.258975982666 35.288990020752 35.3184471130371 35.3463554382324 35.3573188781738 35.3420944213867 35.3287048339844 35.3169975280762 35.327335357666
-9999.000000000000000 -9999 -9999 -9999 34.8835411071777 34.9081268310547 34.9077491760254 34.9073753356934 34.9127044677734 34.9849433898926 35.0709419250488 35.2095832824707 35.3477172851562 35.4848518371582 35.607421875 35.7131843566895 35.8027801513672 35.881275177002 35.9049224853516 35.9073905944824 35.869930267334 35.8254280090332 35.740421295166 35.6558685302734 35.582447052002 35.5180130004883 35.4827308654785 35.4485931396484 35.4164619445801 35.3877258300781 35.3624801635742 35.3469619750977 35.3373718261719 35.3322982788086 35.3287315368652 35.3301658630371 35.3323173522949 35.3379325866699 35.346263885498 35.3718643188477 35.399486541748 35.4327239990234 35.4541320800781 35.4572601318359 35.4527854919434 35.441333770752 35.4446830749512
-9999 -9999 -9999 -9999 34.8435363769531 34.833553314209 34.8603286743164 34.9089851379395 34.9611968994141 35.0416030883789 35.1365394592285 35.2870750427246 35.4321975708008 35.5666122436523 35.6923141479492 35.8079605102539 35.9093894958496 36.001049041748 36.0371208190918 36.0517234802246 36.0114593505859 35.9615135192871 35.8816566467285 35.8024978637695 35.7346458435059 35.6735000610352 35.6341094970703 35.5956192016602 35.5587005615234 35.5271301269531 35.5010643005371 35.4843902587891 35.4734382629395 35.4615364074707 35.4493217468262 35.4412841796875 35.4338836669922 35.4342346191406 35.4372825622559 35.4575271606445 35.4815940856934 35.516300201416 35.5438499450684 35.5603446960449 35.5630187988281 35.5530090332031 35.551586151123
-9999 -9999 -9999 -9999 34.8112411499023 34.7889251708984 34.7613716125488 34.8686065673828 34.980598449707 35.0651969909668 35.1634674072266 35.314079284668 35.461669921875 35.6032791137695 35.7381210327148 35.8651580810547 35.9759407043457 36.0755577087402 36.1219596862793 36.1478157043457 36.1039924621582 36.0478706359863 35.9739418029785 35.9016342163086 35.8460388183594 35.7944107055664 35.7556571960449 35.719669342041 35.6885147094727 35.6645584106445 35.648006439209 35.6345405578613 35.6229515075684 35.6062698364258 35.5878868103027 35.5682144165039 35.5484390258789 35.5391578674316 35.5329971313477 35.5466995239258 35.565055847168 35.5963592529297 35.6246337890625 35.6482238769531 35.6558303833008 35.6487655639648 35.6453514099121
-9999 -9999 -9999 -9999 34.7889251708984 34.7555732727051 34.7164192199707 34.8508224487305 34.9883613586426 35.0796966552734 35.1821708679199 35.3273010253906 35.4754219055176 35.6294631958008 35.7765045166016 35.915470123291 36.0347862243652 36.1406059265137 36.1868057250977 36.2099838256836 36.1650924682617 36.1081848144531 36.0457153320312 35.9853057861328 35.9430770874023 35.9038238525391 35.874195098877 35.8479690551758 35.8276786804199 35.8136596679688 35.806095123291 35.7967109680176 35.7862243652344 35.765567779541 35.741527557373 35.7126922607422 35.6832580566406 35.6624069213867 35.6448974609375 35.6486854553223 35.6580505371094 35.6829414367676 35.707836151123 35.7327499389648 35.7421875 35.7374305725098 35.7325439453125
-9999 -9999 -9999 -9999 34.7536392211914 34.7164192199707 34.8532257080078 34.8499870300293 34.9873962402344 35.0873756408691 35.194709777832 35.3301887512207 35.4773902893066 35.6477890014648 35.8093223571777 35.960620880127 36.0878524780273 36.1985626220703 36.2366523742676 36.2467041015625 36.2026138305664 36.1489677429199 36.1020965576172 36.0573768615723 36.0293579101562 36.0046119689941 35.9904823303223 35.9794616699219 35.9738578796387 35.9715194702148 35.972541809082 35.967903137207 35.9598121643066 35.9357948303223 35.9064674377441 35.8703308105469 35.8332748413086 35.7993965148926 35.7689361572266 35.7602882385254 35.7582054138184 35.7744102478027 35.792854309082 35.814754486084 35.8237075805664 35.8207778930664 35.8148040771484
-9999 -9999 -9999 -9999 34.7164192199707 34.882755279541 34.9505653381348 34.9956817626953 35.0018043518066 35.10986328125 35.2232780456543 35.357177734375 35.5063819885254 35.6858596801758 35.8523902893066 36.0039825439453 36.1322212219238 36.2444152832031 36.2788619995117 36.2832832336426 36.2472229003906 36.2040176391602 36.1733818054199 36.1447143554688 36.1301689147949 36.1185531616211 36.1164398193359 36.1168403625488 36.1216354370117 36.1268463134766 36.1324806213379 36.1298446655273 36.1221656799316 36.096378326416 36.0645599365234 36.0288238525391 35.9925155639648 35.9525833129883 35.9154815673828 35.8964157104492 35.8835487365723 35.8879470825195 35.896125793457 35.9101486206055 35.9139862060547 35.9084701538086 35.899486541748
-9999 -9999 -9999 -9999 -9999 34.9954795837402 35.0108032226562 35.0060272216797 35.0228042602539 35.1386985778809 35.258716583252 35.3945007324219 35.5469589233398 35.7323913574219 35.8998565673828 36.0465850830078 36.1728591918945 36.2850799560547 36.3177909851074 36.3198013305664 36.2948722839355 36.2651863098145 36.2510528564453 36.2385940551758 36.2372093200684 36.2381362915039 36.2465400695801 36.2567481994629 36.2700996398926 36.2810859680176 36.2896347045898 36.2878227233887 36.2797012329102 36.2528343200684 36.2197189331055 36.1876792907715 36.1557121276855 36.1127166748047 36.0716705322266 36.0430526733398 36.0196876525879 36.0109405517578 36.0072250366211 36.0112838745117 36.0080146789551 35.9980163574219 35.9852104187012
-9999 -9999 -9999 -9999 -9999 35.0289421081543 35.025074005127 35.030704498291 35.0398902893066 35.1670837402344 35.2988319396973 35.4480056762695 35.6067199707031 35.7843208312988 35.9423561096191 36.0778198242188 36.1982421875 36.3083343505859 36.3496131896973 36.364315032959 36.351921081543 36.3347434997559 36.3298645019531 36.3263053894043 36.3314666748047 36.3379554748535 36.3487319946289 36.3617362976074 36.3786277770996 36.3924865722656 36.4032249450684 36.4027633666992 36.3954734802246 36.3723678588867 36.3439903259277 36.3179588317871 36.2921485900879 36.2517929077148 36.2126197814941 36.1810073852539 36.1535415649414 36.1376304626465 36.1262054443359 36.1217079162598 36.113224029541 36.1010856628418 36.0862998962402
-9999 -9999 -9999 -9999 -9999 35.0573616027832 35.050952911377 35.0384864807129 35.0561637878418 35.1953773498535 35.339916229248 35.5048522949219 35.6704521179199 35.8373641967773 35.983829498291 36.1067008972168 36.2204704284668 36.3279914855957 36.3799591064453 36.4104804992676 36.4109115600586 36.4060363769531 36.4089126586914 36.4127388000488 36.4230804443359 36.4336853027344 36.4451484680176 36.4594993591309 36.478889465332 36.4950256347656 36.5078086853027 36.5088005065918 36.5026092529297 36.4842643737793 36.4618682861328 36.442325592041 36.4230537414551 36.3865089416504 36.3504104614258 36.3171615600586 36.2869262695312 36.2650871276855 36.2468147277832 36.2340507507324 36.2207489013672 36.2069473266602 36.1905670166016
-9999 -9999 -9999 -9999 -9999 -9999 35.0960578918457 35.083667755127 35.0950393676758 35.2344093322754 35.3807373046875 35.5537109375 35.720947265625 35.8768463134766 36.0161895751953 36.1364288330078 36.2438850402832 36.3425598144531 36.3987007141113 36.4384231567383 36.4481773376465 36.45263671875 36.4598731994629 36.467945098877 36.4824562072754 36.4970436096191 36.5118865966797 36.5292739868164 36.5511054992676 36.5702934265137 36.5867614746094 36.5929069519043 36.5927619934082 36.5806579589844 36.5645713806152 36.5454292297363 36.5257453918457 36.4893531799316 36.4531898498535 36.4184875488281 36.386474609375 36.361946105957 36.3396682739258 36.3208656311035 36.3035354614258 36.2875633239746 36.2716331481934
-9999 -9999 -9999 -9999 -9999 -9999 35.1538124084473 35.166015625 35.1391563415527 35.2772331237793 35.4239349365234 35.6036262512207 35.7718162536621 35.9172477722168 36.0500373840332 36.1682395935059 36.2691497802734 36.3581848144531 36.4168434143066 36.4637756347656 36.4821624755859 36.4955139160156 36.507022857666 36.5192451477051 36.5377731323242 36.5562019348145 36.5743064880371 36.5944213867188 36.618034362793 36.6398315429688 36.6597557067871 36.6711616516113 36.677375793457 36.6715888977051 36.6618003845215 36.6431846618652 36.6232414245605 36.5875244140625 36.5518226623535 36.5162162780762 36.4828605651855 36.4557762145996 36.4296798706055 36.4051055908203 36.3837471008301 36.3653373718262 36.3496246337891
-9999 -9999 -9999 -9999 -9999 -9999 35.2658767700195 35.2117576599121 35.2283897399902 35.3554000854492 35.4925727844238 35.6686477661133 35.8329429626465 35.9739303588867 36.1041297912598 36.2218780517578 36.3136367797852 36.3875465393066 36.4341163635254 36.4701271057129 36.4915924072266 36.5104866027832 36.5269050598145 36.5438079833984 36.5651779174805 36.5859718322754 36.6048698425293 36.6235847473145 36.641975402832 36.6612396240234 36.6814041137695 36.6974601745605 36.7110137939453 36.711612701416 36.707893371582 36.6940765380859 36.6787757873535 36.6510963439941 36.622989654541 36.592155456543 36.5616188049316 36.5318946838379 36.5026473999023 36.4741249084473 36.4482727050781 36.424877166748 36.4059143066406
-9999 -9999 -9999 -9999 -9999 35.5276107788086 35.4102554321289 35.4198608398438 35.324649810791 35.4430122375488 35.5714988708496 35.7387428283691 35.8951835632324 36.0302429199219 36.1547317504883 36.2670211791992 36.3498077392578 36.4123306274414 36.4489326477051 36.475528717041 36.497802734375 36.5193099975586 36.5395469665527 36.5601272583008 36.5837860107422 36.6063537597656 36.6253852844238 36.6424827575684 36.6562080383301 36.673583984375 36.694709777832 36.7156715393066 36.7365341186523 36.7426567077637 36.7438697814941 36.7336006164551 36.7216796875 36.7006874084473 36.6791076660156 36.6537742614746 36.6272354125977 36.5973510742188 36.5671081542969 36.5363082885742 36.507640838623 36.4809303283691 36.4596214294434
-9999 -9999 -9999 -9999 35.7643623352051 35.6205101013184 35.5276107788086 35.4817924499512 35.4466705322266 35.5652618408203 35.6881408691406 35.8274345397949 35.9614906311035 36.0851860046387 36.1925354003906 36.2810211181641 36.3554840087891 36.4203186035156 36.4547500610352 36.4774475097656 36.4922103881836 36.5055770874023 36.5256385803223 36.5462379455566 36.5701217651367 36.5923194885254 36.6090469360352 36.6237335205078 36.6348571777344 36.6526908874512 36.6774291992188 36.7042350769043 36.732292175293 36.740779876709 36.7427406311035 36.7314414978027 36.7182693481445 36.6990089416504 36.6800308227539 36.6628608703613 36.6446838378906 36.6237030029297 36.6003761291504 36.5734252929688 36.5480766296387 36.5241966247559 36.5038375854492
