Ecospace-environmental-drivers/Outputs/ASCII-for-ecospace/MOM6-ISIMIP3a/so/2006-03_so_MOM6-ISIMIP3a.asc
NCOLS 131 
NROWS 53 
XLLCORNER -98 
YLLCORNER 23.9265270233154 
CELLSIZE 0.133587792515755 
NODATA_value -9999 
[rows 0 to 20 of 53, columns 47 to 93 of 131]
-9999 -9999 -9999 -9999 -9999 -9999 -9999 -9999 -9999 -9999 -9999 -9999 -9999 -9999 -9999 -9999 -9999 -9999 -9999 -9999 -9999 -9999 -9999 -9999 -9999 -9999 -9999 -9999 -9999 -9999 -9999 -9999 -9999 -9999 -9999 -9999 -9999 -9999 -9999 -9999 -9999 -9999 -9999 -9999 -9999 -9999 -9999
-9999 -9999 -9999 -9999 -9999 -9999 -9999 -9999 -9999 -9999 -9999 -9999 -9999 -9999 -9999 -9999 -9999 -9999 -9999 -9999 -9999 -9999 -9999 -9999 -9999 -9999 -9999 -9999 -9999 -9999 -9999 -9999 -9999 -9999 -9999 -9999 -9999 -9999 -9999 -9999 -9999 -9999 -9999 -9999 -9999 -9999 -9999
-9999 -9999 -9999 -9999 -9999 -9999 -9999 -9999 -9999 -9999 -9999 -9999 -9999 -9999 -9999 -9999 -9999 -9999 -9999 -9999 -9999 -9999 -9999 -9999 -9999 -9999 -9999 33.6300392150879 33.9952392578125 -9999 -9999 -9999 -9999 -9999 -9999 -9999 -9999 -9999 -9999 -9999 -9999 -9999 -9999 -9999 -9999 -9999 -9999
-9999 -9999 -9999 -9999 -9999 -9999 -9999 -9999 -9999 -9999 -9999 -9999 -9999 -9999 -9999 -9999 -9999 -9999 -9999 -9999 -9999 -9999 -9999 -9999 -9999 -9999 -9999 33.6848526000977 34.0314178466797 -9999 -9999 -9999 -9999 -9999 -9999 -9999 -9999 -9999 -9999 -9999 -9999 -9999 -9999 -9999 -9999 -9999 -9999
-9999 -9999 -9999 -9999 -9999 -9999 -9999 -9999 -9999 -9999 -9999 -9999 -9999 -9999 -9999 -9999 -9999 -9999 26.006778717041 26.2300071716309 26.4085884094238 27.4502983093262 28.4091339111328 30.1518478393555 31.5392055511475 32.5348892211914 33.2502326965332 33.7364044189453 34.0679244995117 34.2899208068848 -9999 -9999 34.7528686523438 34.9239921569824 35.1085929870605 35.2881317138672 35.4390907287598 35.5552711486816 35.6334228515625 35.6903076171875 35.7244110107422 35.7399291992188 -9999 -9999 -9999 -9999 -9999
-9999 -9999 -9999 -9999 -9999 -9999 -9999 -9999 -9999 -9999 -9999 -9999 -9999 -9999 22.1215744018555 -9999 21.7841930389404 21.5106258392334 23.849328994751 26.006778717041 26.2746524810791 26.4085884094238 28.4920101165771 30.3268051147461 31.6367282867432 32.6540832519531 33.3138618469238 33.7827529907227 34.1125984191895 34.308422088623 34.4487419128418 34.5942878723145 34.7408638000488 34.923454284668 35.1076622009277 35.2946662902832 35.4620666503906 35.5605392456055 35.6432075500488 35.6965255737305 35.7311859130859 35.7455177307129 35.7430877685547 35.729808807373 -9999 -9999 -9999
-9999 -9999 -9999 -9999 -9999 -9999 -9999 -9999 -9999 -9999 24.5875949859619 24.5954189300537 24.6064777374268 24.6500816345215 23.4219131469727 22.1707534790039 22.0723972320557 21.7695541381836 21.5106258392334 24.0305805206299 26.006778717041 26.4085884094238 28.4920101165771 30.3268051147461 31.6367282867432 32.6540832519531 33.3138618469238 33.7827529907227 34.1125984191895 34.308422088623 34.4487419128418 34.5942878723145 34.7408638000488 34.923454284668 35.1076622009277 35.2946662902832 35.4620666503906 35.5605392456055 35.6432075500488 35.6965255737305 35.7311859130859 35.7455177307129 35.7430877685547 35.729808807373 35.7262992858887 35.758918762207 -9999
-9999 -9999 -9999 -9999 -9999 -9999 -9999 -9999 -9999 -9999 24.5456485748291 24.5875949859619 24.6032409667969 -9999 24.7184104919434 23.5194129943848 22.2691078186035 22.0723972320557 21.7256374359131 21.5106258392334 24.5743370056152 27.4113445281982 29.2995681762695 30.9311542510986 32.0209541320801 32.8704032897949 33.4260940551758 33.8521385192871 34.1837577819824 34.4158821105957 34.6068000793457 34.78125 34.9524574279785 35.115650177002 35.2783432006836 35.4390487670898 35.5801696777344 35.6524314880371 35.7137413024902 35.7547149658203 35.7836685180664 35.7995262145996 35.798397064209 35.7862777709961 35.7784004211426 35.7720527648926 35.7438507080078
-9999 -9999 -9999 -9999 -9999 -9999 -9999 -9999 -9999 -9999 -9999 -9999 -9999 -9999 24.6792964935303 24.8570461273193 23.7192192077637 22.4658203125 22.0723972320557 21.5938892364502 25.2534713745117 28.5300636291504 30.2037982940674 31.6116008758545 32.4579963684082 33.1211776733398 33.5604286193848 33.9370613098145 34.2680892944336 34.5384864807129 34.7837753295898 34.9894104003906 35.1872482299805 35.329231262207 35.4683609008789 35.5998268127441 35.7118110656738 35.7553100585938 35.7931137084961 35.8203277587891 35.8426971435547 35.8597869873047 35.8598480224609 35.8488960266113 35.8170509338379 35.777702331543 35.7346420288086
32.9186248779297 -9999 -9999 -9999 -9999 -9999 -9999 -9999 -9999 -9999 28.1253433227539 24.5026550292969 -9999 -9999 -9999 24.8001136779785 25.1208438873291 24.1369247436523 22.8592414855957 23.1581287384033 26.6708202362061 29.8031978607178 31.3439178466797 32.5961303710938 33.2392807006836 33.7262649536133 34.0223770141602 34.288028717041 34.531494140625 34.770076751709 35.0066375732422 35.2120246887207 35.4112854003906 35.5436859130859 35.670970916748 35.7724800109863 35.8575286865234 35.884693145752 35.9065399169922 35.9185104370117 35.9259643554688 35.9284973144531 35.9211196899414 35.9073257446289 35.8681907653809 35.819953918457 35.7567291259766
32.8242492675781 32.8103179931641 -9999 -9999 -9999 -9999 -9999 -9999 -9999 -9999 29.8963565826416 27.735782623291 24.5026550292969 -9999 -9999 24.7127704620361 25.0999755859375 25.5497856140137 25.1032276153564 24.8391571044922 28.1274242401123 31.048849105835 32.435001373291 33.5227317810059 33.9804801940918 34.3083915710449 34.4776153564453 34.6450004577637 34.8110389709473 35.0148811340332 35.2343788146973 35.4305152893066 35.6220550537109 35.7405700683594 35.8524856567383 35.9263610839844 35.9871444702148 36.0018997192383 36.0115394592285 36.0116920471191 36.0071678161621 35.9975509643555 35.9835548400879 35.9667205810547 35.9200744628906 35.8627166748047 35.7792510986328
32.8242492675781 32.7824554443359 32.5789566040039 32.3005752563477 -9999 -9999 -9999 -9999 -9999 -9999 -9999 29.3245525360107 27.1085395812988 24.5026550292969 24.5875949859619 24.7127704620361 25.0999755859375 25.5497856140137 26.2775382995605 27.1466064453125 29.7945804595947 32.1470909118652 33.2630462646484 34.1386032104492 34.5066604614258 34.7673721313477 34.8968811035156 35.0341796875 35.1771469116211 35.3305549621582 35.4882850646973 35.6268653869629 35.7616806030273 35.8432273864746 35.9208602905273 35.9795265197754 36.0303840637207 36.0537796020508 36.0713310241699 36.0780258178711 36.0772857666016 36.0684547424316 36.05224609375 36.0312652587891 35.9759254455566 35.9082450866699 35.8040885925293
32.8670043945312 32.6965522766113 32.5331649780273 32.3036499023438 -9999 -9999 -9999 -9999 30.7544708251953 30.337085723877 29.9798526763916 29.7052001953125 28.2886047363281 25.9377021789551 25.3056659698486 25.4878177642822 25.8596591949463 26.2768249511719 27.7650508880615 29.3545532226562 31.3471775054932 33.1235885620117 33.9951438903809 34.679271697998 34.9677314758301 35.1688995361328 35.2633857727051 35.3690986633301 35.4829940795898 35.5905609130859 35.6955032348633 35.7851791381836 35.8718528747559 35.9239768981934 35.9744148254395 36.0208511352539 36.0635795593262 36.0932922363281 36.1171112060547 36.129997253418 36.1353607177734 36.1325225830078 36.1203155517578 36.1020431518555 36.0501022338867 35.9860687255859 35.8792114257812
33.0166435241699 32.7809829711914 32.540340423584 32.3036499023438 32.0649108886719 31.7599182128906 31.4498710632324 31.1141262054443 30.7544708251953 30.337085723877 29.9798526763916 29.7052001953125 28.9874744415283 27.9072380065918 27.8189487457275 28.2005252838135 28.5185966491699 28.8214950561523 30.0355777740479 31.3137340545654 32.6133613586426 33.7957305908203 34.487377166748 35.0319442749023 35.2660102844238 35.4267807006836 35.497974395752 35.5683708190918 35.6381874084473 35.7113990783691 35.786018371582 35.8484077453613 35.9083938598633 35.9499588012695 35.990909576416 36.0325584411621 36.0716705322266 36.1018676757812 36.1278648376465 36.146068572998 36.1633148193359 36.1795120239258 36.1868286132812 36.1883964538574 36.1700859069824 36.1446380615234 36.0800399780273
33.3298683166504 33.0551452636719 32.7637176513672 32.540096282959 32.3217887878418 32.0595588684082 31.7912139892578 31.4917659759521 31.1705551147461 30.7967967987061 30.4927387237549 30.2843742370605 30.0221519470215 29.7158660888672 29.9724655151367 30.4956932067871 30.8103694915771 31.075216293335 31.9884395599365 32.9334106445312 33.6922073364258 34.4032974243164 34.9147453308105 35.3204727172852 35.5030326843262 35.6281051635742 35.682918548584 35.7286071777344 35.767650604248 35.8131103515625 35.8612251281738 35.9010581970215 35.9392585754395 35.9725952148438 36.0061302185059 36.043384552002 36.0791473388672 36.1096839904785 36.1369857788086 36.1582908630371 36.1831855773926 36.2120018005371 36.2347564697266 36.253589630127 36.2626113891602 36.2681121826172 36.2376327514648
33.8743743896484 33.5975532531738 33.2927742004395 33.1108360290527 32.9418449401855 32.7828369140625 32.6151504516602 32.4033203125 32.1749038696289 31.9064521789551 31.7307529449463 31.6823902130127 31.5315971374512 31.2969970703125 31.6173400878906 32.2005424499512 32.5830421447754 32.9175872802734 33.4921760559082 34.0730972290039 34.5061950683594 34.9195671081543 35.2503967285156 35.5183219909668 35.6534461975098 35.7494621276855 35.7976722717285 35.8336601257324 35.8607444763184 35.8877792358398 35.9147987365723 35.9387512207031 35.962100982666 35.9905052185059 36.0195465087891 36.0529594421387 36.0857582092285 36.1164283752441 36.1438026428223 36.1650657653809 36.1916351318359 36.2239875793457 36.256404876709 36.2888641357422 36.3163185119629 36.3419723510742 36.3340911865234
34.4357757568359 34.1998062133789 33.9353675842285 33.7736854553223 33.6238899230957 33.5111427307129 33.3920631408691 33.2407760620117 33.086986541748 32.9271469116211 32.8525543212891 32.8949890136719 32.7676811218262 32.5014953613281 32.803539276123 33.3747482299805 33.7845764160156 34.1558456420898 34.5109519958496 34.8573608398438 35.0932884216309 35.3228492736816 35.5257606506348 35.6944847106934 35.7910385131836 35.8599395751953 35.8950424194336 35.9204216003418 35.9387168884277 35.9524383544922 35.9642677307129 35.9768600463867 35.9896049499512 36.0122985839844 36.0358657836914 36.0643157958984 36.0945816040039 36.1312255859375 36.16357421875 36.1879463195801 36.215202331543 36.2455978393555 36.2788581848145 36.31396484375 36.3495025634766 36.3851890563965 36.3926239013672
35.0114097595215 34.8524551391602 34.6735763549805 34.5140991210938 34.3581428527832 34.2436828613281 34.1293754577637 34.0158424377441 33.9213676452637 33.8729286193848 33.8764877319336 33.9514389038086 33.7735595703125 33.3888168334961 33.6034889221191 34.1020812988281 34.5051383972168 34.8853645324707 35.1213417053223 35.3423194885254 35.4893112182617 35.6309776306152 35.7503547668457 35.8523902893066 35.9178276062012 35.961254119873 35.9777793884277 35.9917869567871 36.003963470459 36.0086669921875 36.0102806091309 36.0153198242188 36.0210342407227 36.0373611450195 36.0546188354492 36.0771751403809 36.1052627563477 36.1528015136719 36.1942520141602 36.2243957519531 36.2515068054199 36.2753143310547 36.3019828796387 36.3304977416992 36.3654022216797 36.4026031494141 36.4192161560059
35.5171890258789 35.4044189453125 35.2744636535645 35.1406555175781 35.0077896118164 34.9111366271973 34.8162498474121 34.730339050293 34.6656150817871 34.6520538330078 34.6666069030762 34.7197608947754 34.5099487304688 34.0849838256836 34.2356834411621 34.6590690612793 34.9960861206055 35.3124694824219 35.479621887207 35.6330795288086 35.736385345459 35.8335800170898 35.9051933288574 35.9669952392578 36.0080833435059 36.0322647094727 36.0357780456543 36.0410270690918 36.0475311279297 36.0474090576172 36.044548034668 36.0468673706055 36.0502090454102 36.0688285827637 36.0882759094238 36.1103096008301 36.1404571533203 36.1991424560547 36.2496719360352 36.2850532531738 36.3117523193359 36.3289947509766 36.346378326416 36.3638534545898 36.3883094787598 36.4152755737305 36.4321365356445
35.9887809753418 35.9071083068848 35.8081550598145 35.7114906311035 35.6160316467285 35.5467414855957 35.478443145752 35.4151992797852 35.3657531738281 35.3496208190918 35.3423042297363 35.3470878601074 35.1144638061523 34.6875991821289 34.7857933044434 35.1326904296875 35.3746681213379 35.5915756225586 35.7145347595215 35.8288040161133 35.9105644226074 35.9845352172852 36.0258979797363 36.0604095458984 36.0804634094238 36.0884475708008 36.081672668457 36.0794334411621 36.0804901123047 36.0775947570801 36.0730628967285 36.0750350952148 36.0782814025879 36.1034317016602 36.1292266845703 36.1533622741699 36.1876449584961 36.2575988769531 36.3171920776367 36.3575553894043 36.383716583252 36.3943977355957 36.401180267334 36.4054374694824 36.4146423339844 36.4256286621094 36.4383697509766
36.2973175048828 36.251091003418 36.1924514770508 36.1345634460449 36.0769920349121 36.0259628295898 35.9748916625977 35.9235877990723 35.8757095336914 35.8360900878906 35.7926559448242 35.7439727783203 35.5291519165039 35.1784019470215 35.2535552978516 35.5304489135742 35.7020072937012 35.8483963012695 35.9197692871094 35.9850158691406 36.0360946655273 36.0805168151855 36.097095489502 36.1107215881348 36.1181106567383 36.1210250854492 36.1184692382812 36.1225318908691 36.1314086914062 36.1261100769043 36.1149368286133 36.1198463439941 36.1279182434082 36.1655426025391 36.203483581543 36.2337875366211 36.2706642150879 36.3306465148926 36.3810882568359 36.4138145446777 36.4345321655273 36.4421730041504 36.4448509216309 36.4443206787109 36.4448547363281 36.4457740783691 36.4529266357422
