Ecospace-environmental-drivers/Outputs/ASCII-for-ecospace/MOM6-ISIMIP3a/so/2007-02_so_MOM6-ISIMIP3a.asc
NCOLS 131 
NROWS 53 
XLLCORNER -98 
YLLCORNER 23.9265270233154 
CELLSIZE 0.133587792515755 
NODATA_value -9999 
[rows 21 to 41 of 53, columns 0 to 46 of 131]
-9999 -9999 -9999 -9999 -9999 -9999 34.6789054870605 34.6518287658691 34.5823745727539 34.4685363769531 34.3990821838379 34.2574043273926 34.2483177185059 34.2212524414062 34.2756538391113 34.4240531921387 34.5878372192383 34.7621917724609 35.0359649658203 35.3481292724609 35.6553153991699 35.9616241455078 36.0844573974609 36.1933822631836 36.2198524475098 36.2448425292969 36.265022277832 36.2822761535645 36.2944297790527 36.2985343933105 36.294361114502 36.2774620056152 36.2528190612793 36.223201751709 36.1919288635254 36.1370162963867 36.0786476135254 35.9944229125977 35.9134826660156 35.853458404541 35.8096351623535 35.810905456543 35.8122177124023 35.8135948181152 35.8187599182129 35.8274002075195 35.8393363952637
-9999 -9999 -9999 -9999 -9999 -9999 34.6840553283691 34.6789054870605 34.6247482299805 34.5573043823242 34.4685363769531 34.471305847168 34.5166816711426 34.6463508605957 34.8269500732422 35.0663108825684 35.2541198730469 35.4065246582031 35.6323318481445 35.8864822387695 36.0995216369629 36.305305480957 36.3772010803223 36.4399681091309 36.4511184692383 36.4616088867188 36.4699783325195 36.4776916503906 36.4842643737793 36.4880294799805 36.4889106750488 36.4794807434082 36.4637641906738 36.4452857971191 36.4258918762207 36.3893432617188 36.3502616882324 36.2887268066406 36.2299308776855 36.1885795593262 36.1593704223633 36.1639556884766 36.1680793762207 36.1714897155762 36.1772804260254 36.1852569580078 36.1940956115723
-9999 -9999 -9999 -9999 34.7967109680176 34.7246170043945 34.6874160766602 34.685848236084 34.6789054870605 34.5705947875977 34.5111885070801 34.6389656066895 34.8197975158691 35.1056137084961 35.4060325622559 35.7233085632324 35.9256439208984 36.0490493774414 36.2181205749512 36.4048271179199 36.517147064209 36.616340637207 36.6367111206055 36.6531410217285 36.6510963439941 36.6490097045898 36.6467819213867 36.6459045410156 36.647388458252 36.6510353088379 36.656909942627 36.6546516418457 36.6474380493164 36.6397933959961 36.632007598877 36.6144409179688 36.5953941345215 36.5582122802734 36.5229797363281 36.5001907348633 36.4850425720215 36.4911727905273 36.4967422485352 36.5014457702637 36.5073928833008 36.5144805908203 36.5204200744629
-9999 -9999 -9999 -9999 34.960075378418 34.8147277832031 34.7618217468262 34.6874160766602 34.691219329834 34.7396278381348 34.8332862854004 35.100154876709 35.3830871582031 35.6978034973145 35.9635009765625 36.1726455688477 36.2994346618652 36.3696670532227 36.4589424133301 36.5555725097656 36.6118774414062 36.6610641479492 36.6701774597168 36.6772384643555 36.6745185852051 36.6718368530273 36.6692543029785 36.6682167053223 36.6698684692383 36.6746444702148 36.6826286315918 36.6845626831055 36.6828117370605 36.6794204711914 36.6754837036133 36.6655769348145 36.6547698974609 36.6333084106445 36.612476348877 36.5956573486328 36.5830764770508 36.5822830200195 36.5825309753418 36.5843925476074 36.5876617431641 36.5922203063965 36.5961952209473
-9999 -9999 -9999 -9999 -9999 34.960075378418 34.8495941162109 34.8362274169922 34.7318840026855 34.9327087402344 35.1711578369141 35.5536079406738 35.9114723205566 36.2206840515137 36.4377059936523 36.5483512878418 36.6085624694824 36.6341361999512 36.6574058532715 36.6797904968262 36.6902008056641 36.6984977722168 36.6988906860352 36.6987991333008 36.6961364746094 36.6934432983398 36.6906585693359 36.6893692016602 36.6907005310059 36.6958351135254 36.7048759460449 36.710205078125 36.7132720947266 36.7136306762695 36.7130889892578 36.7098121643066 36.7061309814453 36.6982879638672 36.6899490356445 36.6784591674805 36.6680335998535 36.6605911254883 36.6554946899414 36.6540298461914 36.6543960571289 36.6564331054688 36.6585578918457
-9999 -9999 -9999 -9999 -9999 34.9696578979492 34.960075378418 34.9146499633789 34.8968696594238 35.2312698364258 35.5782051086426 35.9731292724609 36.286792755127 36.4396667480469 36.546817779541 36.6012115478516 36.634162902832 36.6523933410645 36.6701354980469 36.6876831054688 36.6965789794922 36.7039489746094 36.7067680358887 36.7092590332031 36.709831237793 36.7097129821777 36.7073554992676 36.7054405212402 36.7042999267578 36.7064247131348 36.7119102478027 36.7171287536621 36.7221908569336 36.7241058349609 36.7249794006348 36.723804473877 36.7223358154297 36.7189140319824 36.7147331237793 36.7057113647461 36.6956634521484 36.6827735900879 36.6722297668457 36.6653099060059 36.6617774963379 36.6613540649414 36.662109375
-9999 -9999 34.9776153564453 34.9797058105469 34.9856033325195 34.9792556762695 34.9696464538574 35.0059661865234 35.0759315490723 35.5121765136719 35.9340324401855 36.300838470459 36.557430267334 36.5959434509277 36.6243133544922 36.640983581543 36.6560554504395 36.6700286865234 36.6839714050293 36.6978950500488 36.7054023742676 36.7117767333984 36.715747833252 36.7194862365723 36.7217292785645 36.7230377197266 36.721321105957 36.7193603515625 36.7169723510742 36.7168922424316 36.7191886901855 36.7237854003906 36.7297821044922 36.7326393127441 36.7344512939453 36.734546661377 36.7344055175781 36.7341461181641 36.7330474853516 36.7265968322754 36.7177772521973 36.7023544311523 36.6884613037109 36.6769218444824 36.6698341369629 36.6668243408203 36.6660575866699
-9999.000000000000000 -9999 -9999 -9999 34.974250793457 34.9919548034668 34.9978065490723 35.1254081726074 35.2857246398926 35.754566192627 36.1781005859375 36.4282341003418 36.5996704101562 36.6153945922852 36.6328201293945 36.6522064208984 36.6698532104492 36.6863059997559 36.7002258300781 36.7131690979004 36.719554901123 36.7247848510742 36.7271270751953 36.7292137145996 36.7297019958496 36.7299308776855 36.7293243408203 36.7285842895508 36.7276229858398 36.7270889282227 36.7270011901855 36.7298469543457 36.7344818115234 36.7369346618652 36.7386589050293 36.7382049560547 36.7374534606934 36.7376098632812 36.737247467041 36.7336044311523 36.727855682373 36.7162590026855 36.7035942077637 36.6892738342285 36.6793632507324 36.6734924316406 36.6708641052246
-9999 -9999 -9999 -9999 34.9522705078125 34.951545715332 34.9744911193848 35.2104377746582 35.4753494262695 35.9484672546387 36.3571434020996 36.519157409668 36.6285133361816 36.6336708068848 36.6460609436035 36.6668014526367 36.6859359741211 36.703971862793 36.717041015625 36.7281875610352 36.7327995300293 36.7362594604492 36.7371292114258 36.73779296875 36.7372398376465 36.73681640625 36.7368049621582 36.7368507385254 36.737003326416 36.7362518310547 36.7345771789551 36.7361793518066 36.7397804260254 36.74169921875 36.7430610656738 36.7418594360352 36.7403144836426 36.7405815124512 36.7404937744141 36.738166809082 36.7341117858887 36.725227355957 36.7138442993164 36.6985893249512 36.6871719360352 36.679271697998 36.6750221252441
-9999 -9999 -9999 -9999 34.9324264526367 34.9133071899414 34.8897018432617 35.2521781921387 35.6396064758301 36.0813674926758 36.4543724060059 36.5642013549805 36.6405029296875 36.650463104248 36.6652603149414 36.6856422424316 36.7048988342285 36.7233848571777 36.7345504760742 36.7428855895996 36.7449073791504 36.7458114624023 36.7453956604004 36.7449264526367 36.7442283630371 36.7436790466309 36.7436294555664 36.7439155578613 36.7447853088379 36.7441177368164 36.7418594360352 36.7428512573242 36.7458267211914 36.7470550537109 36.7477035522461 36.7455101013184 36.7429466247559 36.7429351806641 36.7425308227539 36.7396621704102 36.7355537414551 36.7279853820801 36.7179489135742 36.7040863037109 36.6928176879883 36.6839332580566 36.6783599853516
-9999 -9999 -9999 -9999 34.9133071899414 34.8847312927246 34.8511848449707 35.2385444641113 35.6482315063477 36.0806121826172 36.447566986084 36.564079284668 36.647647857666 36.666015625 36.6848793029785 36.7043037414551 36.7228660583496 36.7408409118652 36.7497062683105 36.755054473877 36.7552223205566 36.7544746398926 36.7534484863281 36.75244140625 36.7516250610352 36.750904083252 36.75048828125 36.7505989074707 36.7516288757324 36.7509346008301 36.7484664916992 36.749153137207 36.7517585754395 36.7524833679199 36.7525787353516 36.7496948242188 36.7464179992676 36.7458801269531 36.7449111938477 36.7412109375 36.7366561889648 36.7297172546387 36.7203788757324 36.7073402404785 36.6963386535645 36.6872177124023 36.6808738708496
-9999 -9999 -9999 -9999 34.8830757141113 34.8511848449707 35.1540451049805 35.1833877563477 35.5401306152344 35.9796142578125 36.3627281188965 36.5300827026367 36.6511535644531 36.6806411743164 36.7048072814941 36.7228317260742 36.7400932312012 36.7568283081055 36.7630958557129 36.765323638916 36.7641944885254 36.7624740600586 36.7613372802734 36.7602348327637 36.7593269348145 36.7583923339844 36.7573738098145 36.7570037841797 36.7577629089355 36.756965637207 36.754566192627 36.7551727294922 36.7576103210449 36.7579689025879 36.7576332092285 36.7542762756348 36.7505187988281 36.749267578125 36.7475433349609 36.7427978515625 36.7375030517578 36.7306747436523 36.7215614318848 36.708911895752 36.6982688903809 36.6894683837891 36.6827735900879
-9999 -9999 -9999 -9999 34.8511848449707 35.1288299560547 35.2628898620605 35.3430557250977 35.3979110717773 35.8608169555664 36.2730712890625 36.4914474487305 36.6498184204102 36.6894569396973 36.7188873291016 36.7365379333496 36.752124786377 36.7662887573242 36.7707214355469 36.7713928222656 36.7705039978027 36.7693367004395 36.7685852050781 36.7678146362305 36.7668380737305 36.7657775878906 36.7644462585449 36.7638931274414 36.7646942138672 36.7639808654785 36.7617111206055 36.7620048522949 36.7638626098633 36.7634887695312 36.7623710632324 36.7586708068848 36.7546272277832 36.7520904541016 36.7491607666016 36.7437019348145 36.7379722595215 36.7314987182617 36.7229232788086 36.7110939025879 36.7007446289062 36.6917572021484 36.6845588684082
-9999 -9999 -9999 -9999 -9999 35.2269897460938 35.2472076416016 35.2622222900391 35.2410621643066 35.7343902587891 36.1813468933105 36.4508209228516 36.6464080810547 36.6957855224609 36.7304649353027 36.7481803894043 36.7619285583496 36.77294921875 36.7758674621582 36.7756576538086 36.7756690979004 36.7757148742676 36.7755546569824 36.7752990722656 36.7742691040039 36.773120880127 36.771598815918 36.7709884643555 36.7719688415527 36.7714233398438 36.7693061828613 36.7691841125488 36.7702865600586 36.7690238952637 36.766975402832 36.7629890441895 36.7587394714355 36.7546730041504 36.7503433227539 36.744312286377 36.7382850646973 36.7322692871094 36.724365234375 36.7135391235352 36.7034606933594 36.6940574645996 36.6862945556641
-9999 -9999 -9999 -9999 -9999 35.1909675598145 35.1708793640137 35.1363410949707 35.1804466247559 35.712345123291 36.1901664733887 36.4610137939453 36.6570739746094 36.7051544189453 36.7388687133789 36.7559967041016 36.7684898376465 36.7778053283691 36.7805213928223 36.7806930541992 36.780891418457 36.7810974121094 36.7813262939453 36.7814254760742 36.7804260253906 36.779426574707 36.7784042358398 36.7779998779297 36.7786674499512 36.7776947021484 36.7750396728516 36.7741088867188 36.7742347717285 36.7720718383789 36.7691497802734 36.7646408081055 36.7599143981934 36.7552871704102 36.7504577636719 36.7443313598633 36.738338470459 36.732723236084 36.7255592346191 36.7159996032715 36.7064247131348 36.6968421936035 36.6887817382812
-9999 -9999 -9999 -9999 -9999 35.1905632019043 35.1548233032227 35.114070892334 35.1397399902344 35.7118949890137 36.2197875976562 36.4817161560059 36.670654296875 36.7151565551758 36.7466125488281 36.7630157470703 36.7743797302246 36.782283782959 36.7850723266602 36.7858848571777 36.7861289978027 36.7862739562988 36.7868461608887 36.7872657775879 36.7863235473633 36.785514831543 36.7851371765137 36.7849922180176 36.7852401733398 36.7837219238281 36.780387878418 36.7785682678223 36.7776679992676 36.7746047973633 36.7708206176758 36.765739440918 36.7604789733887 36.7554969787598 36.7503547668457 36.7442283630371 36.738338470459 36.7331123352051 36.7266998291016 36.7184562683105 36.7094459533691 36.6997299194336 36.6914176940918
-9999 -9999 -9999 -9999 -9999 -9999 35.2459907531738 35.214054107666 35.2612724304199 35.8450469970703 36.3494300842285 36.5499229431152 36.6946067810059 36.7288551330566 36.7540626525879 36.7688407897949 36.7789077758789 36.7857437133789 36.7888031005859 36.7904014587402 36.7906837463379 36.7907295227051 36.7910270690918 36.7911605834961 36.7899017333984 36.7890548706055 36.7895393371582 36.7895812988281 36.7888450622559 36.7867889404297 36.7833786010742 36.7813491821289 36.7801666259766 36.7760620117188 36.7709884643555 36.7655181884766 36.7599945068359 36.7550430297852 36.7500114440918 36.7444725036621 36.7392463684082 36.7348785400391 36.7292747497559 36.7217559814453 36.7134895324707 36.7045440673828 36.6964073181152
-9999 -9999 -9999 -9999 -9999 -9999 35.3705596923828 35.4098434448242 35.3919143676758 35.9815521240234 36.4778861999512 36.6170883178711 36.7176818847656 36.741886138916 36.7609825134277 36.7741775512695 36.7830276489258 36.7888984680176 36.7922592163086 36.7946548461914 36.7949981689453 36.794979095459 36.7949981689453 36.7948455810547 36.793270111084 36.7923698425293 36.7936515808105 36.7938537597656 36.792179107666 36.7896423339844 36.7862167358398 36.7840118408203 36.7825508117676 36.7773895263672 36.7709922790527 36.7651252746582 36.759334564209 36.7545051574707 36.7496719360352 36.7447891235352 36.7402648925781 36.7367324829102 36.7319183349609 36.7251167297363 36.7176208496094 36.7094879150391 36.7015647888184
-9999 -9999 -9999 -9999 -9999 -9999 35.5111198425293 35.4877853393555 35.5421676635742 36.0899887084961 36.545970916748 36.6504287719727 36.7264175415039 36.7460746765137 36.7624053955078 36.7748908996582 36.7834358215332 36.7892799377441 36.7932243347168 36.7964324951172 36.7971343994141 36.7973899841309 36.7973823547363 36.797191619873 36.7955093383789 36.7945175170898 36.7957649230957 36.7958869934082 36.7940483093262 36.7916221618652 36.7885932922363 36.7861976623535 36.7841835021973 36.7777976989746 36.7699546813965 36.763542175293 36.7573432922363 36.7534294128418 36.7495269775391 36.7456855773926 36.7420272827148 36.7388763427734 36.7346458435059 36.7287483215332 36.7221527099609 36.7149085998535 36.7074508666992
-9999 -9999 -9999 -9999 -9999 35.5664672851562 35.6306686401367 35.6357269287109 35.740421295166 36.2179069519043 36.6113395690918 36.6830673217773 36.7358474731445 36.751148223877 36.7647323608398 36.7763404846191 36.7843933105469 36.7900009155273 36.7942962646484 36.7980842590332 36.7990341186523 36.7994804382324 36.799430847168 36.7992057800293 36.7976036071777 36.7966346740723 36.7977256774902 36.7976760864258 36.7956352233887 36.7932586669922 36.7905349731445 36.7876968383789 36.784782409668 36.7773666381836 36.7684516906738 36.7618217468262 36.7555274963379 36.7524833679199 36.749454498291 36.7465209960938 36.7436180114746 36.7408103942871 36.7372093200684 36.7323913574219 36.7268943786621 36.7207717895508 36.7139282226562
-9999 -9999 -9999 -9999 35.8942489624023 35.7292747497559 35.5664672851562 35.8326873779297 36.114673614502 36.4172477722168 36.6667518615723 36.7131233215332 36.7478294372559 36.759449005127 36.770378112793 36.7805061340332 36.7873649597168 36.7919845581055 36.7957801818848 36.7992630004883 36.8000717163086 36.800407409668 36.8002471923828 36.8000068664551 36.7991714477539 36.7986450195312 36.7991104125977 36.7985458374023 36.7961921691895 36.7936401367188 36.790885925293 36.786678314209 36.7815818786621 36.7738494873047 36.7652359008789 36.7595863342285 36.7543640136719 36.7520294189453 36.7496643066406 36.7471199035645 36.7445640563965 36.7419776916504 36.739185333252 36.7360610961914 36.7324028015137 36.7282485961914 36.7225914001465
