Ecospace-environmental-drivers/Outputs/ASCII-for-ecospace/MOM6-ISIMIP3a/so/2007-10_so_MOM6-ISIMIP3a.asc
NCOLS 131 
NROWS 53 
XLLCORNER -98 
YLLCORNER 23.9265270233154 
CELLSIZE 0.133587792515755 
NODATA_value -9999 
[rows 0 to 20 of 53, columns 47 to 93 of 131]
-9999 -9999 -9999 -9999 -9999 -9999 -9999 -9999 -9999 -9999 -9999 -9999 -9999 -9999 -9999 -9999 -9999 -9999 -9999 -9999 -9999 -9999 -9999 -9999 -9999 -9999 -9999 -9999 -9999 -9999 -9999 -9999 -9999 -9999 -9999 -9999 -9999 -9999 -9999 -9999 -9999 -9999 -9999 -9999 -9999 -9999 -9999
-9999 -9999 -9999 -9999 -9999 -9999 -9999 -9999 -9999 -9999 -9999 -9999 -9999 -9999 -9999 -9999 -9999 -9999 -9999 -9999 -9999 -9999 -9999 -9999 -9999 -9999 -9999 -9999 -9999 -9999 -9999 -9999 -9999 -9999 -9999 -9999 -9999 -9999 -9999 -9999 -9999 -9999 -9999 -9999 -9999 -9999 -9999
-9999 -9999 -9999 -9999 -9999 -9999 -9999 -9999 -9999 -9999 -9999 -9999 -9999 -9999 -9999 -9999 -9999 -9999 -9999 -9999 -9999 -9999 -9999 -9999 -9999 -9999 -9999 35.0129127502441 35.1685409545898 -9999 -9999 -9999 -9999 -9999 -9999 -9999 -9999 -9999 -9999 -9999 -9999 -9999 -9999 -9999 -9999 -9999 -9999
-9999 -9999 -9999 -9999 -9999 -9999 -9999 -9999 -9999 -9999 -9999 -9999 -9999 -9999 -9999 -9999 -9999 -9999 -9999 -9999 -9999 -9999 -9999 -9999 -9999 -9999 -9999 35.0174560546875 35.1707000732422 -9999 -9999 -9999 -9999 -9999 -9999 -9999 -9999 -9999 -9999 -9999 -9999 -9999 -9999 -9999 -9999 -9999 -9999
-9999 -9999 -9999 -9999 -9999 -9999 -9999 -9999 -9999 -9999 -9999 -9999 -9999 -9999 -9999 -9999 -9999 -9999 31.4777278900146 31.6184406280518 31.7310104370117 32.3876571655273 32.9443359375 33.8466720581055 34.4031181335449 34.6709976196289 34.8635330200195 35.0172157287598 35.1716156005859 35.3232727050781 -9999 -9999 35.6698112487793 35.7539482116699 35.8185691833496 35.8681182861328 35.895679473877 35.9117774963379 35.9173469543457 35.9132385253906 35.8920593261719 35.8523750305176 -9999 -9999 -9999 -9999 -9999
-9999 -9999 -9999 -9999 -9999 -9999 -9999 -9999 -9999 -9999 -9999 -9999 -9999 -9999 28.7247486114502 -9999 28.4611148834229 28.2466011047363 29.9551849365234 31.4777278900146 31.6465835571289 31.7310104370117 33.0443000793457 34.0577011108398 34.4380111694336 34.7136421203613 34.8613357543945 35.0156173706055 35.174690246582 35.3245429992676 35.4705810546875 35.577449798584 35.6766242980957 35.7553558349609 35.8298645019531 35.8704872131348 35.9040069580078 35.9125480651855 35.9187774658203 35.9207191467285 35.9002151489258 35.8552474975586 35.8016586303711 35.7424926757812 -9999 -9999 -9999
-9999 -9999 -9999 -9999 -9999 -9999 -9999 -9999 -9999 -9999 23.5848064422607 23.6669235229492 23.7520408630371 24.0475730895996 26.549898147583 28.7634506225586 28.6860446929932 28.4506988525391 28.2466011047363 30.1412258148193 31.4777278900146 31.7310104370117 33.0443000793457 34.0577011108398 34.4380111694336 34.7136421203613 34.8613357543945 35.0156173706055 35.174690246582 35.3245429992676 35.4705810546875 35.577449798584 35.6766242980957 35.7553558349609 35.8298645019531 35.8704872131348 35.9040069580078 35.9125480651855 35.9187774658203 35.9207191467285 35.9002151489258 35.8552474975586 35.8016586303711 35.7424926757812 35.7268562316895 35.7285041809082 -9999
-9999 -9999 -9999 -9999 -9999 -9999 -9999 -9999 -9999 -9999 23.1445331573486 23.5848064422607 23.7490386962891 -9999 24.471399307251 26.9063205718994 28.840856552124 28.6860446929932 28.4194526672363 28.2466011047363 30.699348449707 32.8618278503418 33.8095016479492 34.5486106872559 34.8474197387695 35.061222076416 35.1711311340332 35.2828903198242 35.39599609375 35.5043449401855 35.6107177734375 35.6940307617188 35.7728080749512 35.8294830322266 35.8828086853027 35.9113845825195 35.9353485107422 35.9430809020996 35.9495887756348 35.9538307189941 35.9424438476562 35.9140243530273 35.8693466186523 35.8141403198242 35.757740020752 35.7009124755859 35.5898704528809
-9999 -9999 -9999 -9999 -9999 -9999 -9999 -9999 -9999 -9999 -9999 -9999 -9999 -9999 24.2687549591064 25.2321720123291 27.5037784576416 28.9956703186035 28.6860446929932 28.3257122039795 31.4586753845215 34.0934448242188 34.6432418823242 35.0836067199707 35.29296875 35.4391136169434 35.5079956054688 35.5736045837402 35.6368370056152 35.7000007629395 35.7631416320801 35.8204917907715 35.8767013549805 35.9091606140137 35.9392356872559 35.9546089172363 35.9681434631348 35.9751892089844 35.9822540283203 35.9893455505371 35.988151550293 35.9779243469238 35.9432258605957 35.8926963806152 35.8063812255859 35.7072105407715 35.5556030273438
31.6922664642334 -9999 -9999 -9999 -9999 -9999 -9999 -9999 -9999 -9999 25.664514541626 22.6932525634766 -9999 -9999 -9999 24.9797210693359 26.4750537872314 28.3824062347412 29.3052940368652 29.5356960296631 32.225170135498 34.4800910949707 34.9163475036621 35.262996673584 35.420482635498 35.5343055725098 35.5947570800781 35.6515121459961 35.7055778503418 35.7555503845215 35.803825378418 35.8424682617188 35.879222869873 35.8974380493164 35.9141082763672 35.9223899841309 35.9318733215332 35.9455757141113 35.9614791870117 35.9814720153809 35.9925155639648 35.9938125610352 35.972038269043 35.9353370666504 35.8421173095703 35.7285957336426 35.5660591125488
31.5670433044434 31.5485572814941 -9999 -9999 -9999 -9999 -9999 -9999 -9999 -9999 27.1145191192627 25.4298496246338 22.6932525634766 -9999 -9999 24.8986701965332 26.4556884765625 28.0708026885986 29.3941974639893 30.7561016082764 32.9702033996582 34.821907043457 35.1569404602051 35.419189453125 35.5277786254883 35.6094741821289 35.6582946777344 35.704288482666 35.7482261657715 35.7857971191406 35.8207321166992 35.844051361084 35.8650932312012 35.871166229248 35.876522064209 35.8802452087402 35.8881912231445 35.9109687805176 35.9373054504395 35.9702529907227 35.993766784668 36.0069923400879 35.9987525939941 35.976619720459 35.8845024108887 35.7672500610352 35.6050605773926
31.5670433044434 31.5115871429443 30.6938915252686 29.9178810119629 -9999 -9999 -9999 -9999 -9999 -9999 -9999 26.7866878509521 25.0539283752441 22.6932525634766 23.5848064422607 24.8986701965332 26.4556884765625 28.0708026885986 30.0531311035156 32.0324058532715 33.6001014709473 34.923282623291 35.2231407165527 35.4509429931641 35.5266227722168 35.5772514343262 35.5972595214844 35.6222534179688 35.65087890625 35.6803245544434 35.7101020812988 35.7362403869629 35.761661529541 35.7668685913086 35.7720985412598 35.7848815917969 35.804759979248 35.8495903015137 35.894905090332 35.9411239624023 35.9783096313477 36.0056571960449 36.0142135620117 36.0106163024902 35.9625778198242 35.8985710144043 35.7971611022949
31.5267028808594 30.9851036071777 30.3663520812988 29.9125232696533 -9999 -9999 -9999 -9999 27.6860065460205 27.3170433044434 27.1109790802002 27.1285552978516 26.1205272674561 24.2733821868896 24.5758380889893 25.8965091705322 27.2811527252197 28.6810779571533 30.8965072631836 33.0880279541016 34.1161308288574 34.9958686828613 35.2546691894531 35.4457321166992 35.4937896728516 35.5200424194336 35.5196380615234 35.528018951416 35.5427894592285 35.5642509460449 35.5884819030762 35.6171340942383 35.646656036377 35.655689239502 35.6654739379883 35.690013885498 35.7236251831055 35.7891235351562 35.8518753051758 35.909538269043 35.9579467773438 35.9962730407715 36.0204658508301 36.035514831543 36.0264358520508 36.0086898803711 35.9618759155273
31.3855152130127 30.8936595916748 30.3585834503174 29.9125232696533 29.4747657775879 29.0151386260986 28.5575466156006 28.1103172302246 27.6860065460205 27.3170433044434 27.1109790802002 27.1285552978516 27.1351947784424 27.1328907012939 28.0444965362549 29.3890018463135 30.1703205108643 30.8170738220215 32.2010040283203 33.591926574707 34.347484588623 34.9964828491211 35.1995239257812 35.3481140136719 35.381763458252 35.4003639221191 35.4005699157715 35.4032859802246 35.4078369140625 35.4216766357422 35.4393653869629 35.4697875976562 35.5027122497559 35.5273094177246 35.553337097168 35.5963973999023 35.6482353210449 35.7309341430664 35.8072738647461 35.8718147277832 35.9253082275391 35.9667701721191 36.0036926269531 36.0376739501953 36.0547676086426 36.0657958984375 36.0581321716309
31.4706573486328 30.9939022064209 30.4882488250732 30.0638999938965 29.6488189697266 29.2593059539795 28.8770179748535 28.5314846038818 28.2101974487305 27.947452545166 27.8662490844727 28.0342769622803 28.6811237335205 29.7197284698486 30.8318252563477 31.9787311553955 32.3628578186035 32.5647277832031 33.3154029846191 34.0851974487305 34.5844802856445 35.0153694152832 35.1599922180176 35.2673873901367 35.2961845397949 35.3128814697266 35.3147811889648 35.3143539428711 35.3122329711914 35.3202362060547 35.3324356079102 35.3601036071777 35.390811920166 35.4244499206543 35.460334777832 35.5171585083008 35.5822982788086 35.6766738891602 35.7624359130859 35.8321990966797 35.8893203735352 35.932674407959 35.9771919250488 36.0224609375 36.0581588745117 36.0904159545898 36.1104774475098
31.8757877349854 31.3651561737061 30.8122234344482 30.429292678833 30.0689506530762 29.8486804962158 29.6481609344482 29.5481090545654 29.4754981994629 29.4691467285156 29.6893329620361 30.2205238342285 30.978157043457 31.9210605621338 32.655876159668 33.292121887207 33.5704803466797 33.7633323669434 34.1610336303711 34.5634384155273 34.829460144043 35.0600814819336 35.1425476074219 35.2105445861816 35.2479972839355 35.2709083557129 35.2760467529297 35.2760276794434 35.2722549438477 35.2769508361816 35.2851524353027 35.3036689758301 35.3242149353027 35.3576736450195 35.3943862915039 35.4582443237305 35.5297203063965 35.6279754638672 35.7172660827637 35.789909362793 35.8485946655273 35.8920707702637 35.9369354248047 35.9827003479004 36.026294708252 36.0691108703613 36.1007385253906
32.5372772216797 32.1000709533691 31.6227951049805 31.2963771820068 30.9925212860107 30.8808917999268 30.7945957183838 30.8371772766113 30.9018955230713 31.0200634002686 31.3223400115967 31.8773746490479 32.5529747009277 33.327220916748 33.8168067932129 34.1715545654297 34.3627281188965 34.5148162841797 34.7014999389648 34.8863487243652 35.0098991394043 35.1186141967773 35.1652183532715 35.2065849304199 35.2368965148926 35.2534790039062 35.2532844543457 35.2501220703125 35.244800567627 35.247314453125 35.2530784606934 35.2670555114746 35.2826499938965 35.3173637390137 35.3558807373047 35.424674987793 35.4995803833008 35.5959739685059 35.6837997436523 35.7557067871094 35.8137512207031 35.8566856384277 35.9001197814941 35.9438743591309 35.9908485412598 36.0389823913574 36.0783843994141
33.4146461486816 33.1412315368652 32.8431358337402 32.5859451293945 32.3400459289551 32.2860221862793 32.2570724487305 32.3556747436523 32.4639549255371 32.595588684082 32.795280456543 33.0884132385254 33.519603729248 34.0637474060059 34.4193115234375 34.685546875 34.8051719665527 34.8897666931152 34.9849815368652 35.0784530639648 35.1359977722168 35.1887855529785 35.2216758728027 35.2471618652344 35.2570266723633 35.2567138671875 35.2439651489258 35.2346687316895 35.2278900146484 35.2291831970215 35.233814239502 35.2471389770508 35.2621688842773 35.2993392944336 35.3404808044434 35.4124450683594 35.488338470459 35.5780372619629 35.6601867675781 35.7283172607422 35.7838592529297 35.8256912231445 35.8661918640137 35.905834197998 35.9523887634277 36.0014266967773 36.0454025268555
34.3140258789062 34.1551170349121 33.9796485900879 33.7801246643066 33.5835800170898 33.5339698791504 33.5043716430664 33.5765838623047 33.6532402038574 33.7406311035156 33.8431396484375 33.9664077758789 34.2161254882812 34.5693054199219 34.8240852355957 35.0322532653809 35.1165237426758 35.1711921691895 35.2134819030762 35.2533378601074 35.2701683044434 35.2854995727539 35.2945442199707 35.2958793640137 35.2809448242188 35.2610969543457 35.235237121582 35.2195243835449 35.2112045288086 35.2140045166016 35.2214126586914 35.2405319213867 35.2619552612305 35.3048629760742 35.3511543273926 35.4227561950684 35.4962615966797 35.576473236084 35.6507034301758 35.7138290405273 35.7658996582031 35.8059196472168 35.8424377441406 35.8766899108887 35.9190559387207 35.9643402099609 36.0095748901367
35.2241744995117 35.1556549072266 35.075138092041 34.9276275634766 34.7762260437012 34.7049980163574 34.6463737487793 34.6518592834473 34.6601028442383 34.6750068664551 34.682975769043 34.6814193725586 34.7804679870605 34.9618339538574 35.1320915222168 35.2970886230469 35.3637237548828 35.406852722168 35.4150772094727 35.419792175293 35.4082946777344 35.3952026367188 35.3754463195801 35.3485832214355 35.3067169189453 35.2660369873047 35.2267990112305 35.2045288085938 35.1946220397949 35.2002754211426 35.2123680114746 35.2404441833496 35.2716636657715 35.3219108581543 35.374584197998 35.4440956115723 35.5135688781738 35.5829238891602 35.648136138916 35.7056579589844 35.7537727355957 35.7916412353516 35.8236618041992 35.8518981933594 35.8882369995117 35.9274826049805 35.972354888916
35.7242240905762 35.6933631896973 35.6523475646973 35.5435447692871 35.4293327331543 35.3562660217285 35.2899627685547 35.2580413818359 35.2280426025391 35.2026863098145 35.1726303100586 35.1361236572266 35.1754417419434 35.2767906188965 35.3858489990234 35.4985542297363 35.5456237792969 35.5770149230957 35.5790710449219 35.5770492553711 35.5449981689453 35.507984161377 35.4502182006836 35.3902435302734 35.3255996704102 35.2676773071289 35.2179756164551 35.1913871765137 35.1816329956055 35.1936149597168 35.2146072387695 35.2546882629395 35.298526763916 35.3540115356445 35.4106903076172 35.4748039245605 35.5381965637207 35.5990447998047 35.6573715209961 35.711009979248 35.755931854248 35.7913589477539 35.8189010620117 35.8413467407227 35.8702125549316 35.9013900756836 35.941291809082
