Ecospace-environmental-drivers/Outputs/ASCII-for-ecospace/MOM6-ISIMIP3a/so/2008-06_so_MOM6-ISIMIP3a.asc
NCOLS 131 
NROWS 53 
XLLCORNER -98 
YLLCORNER 23.9265270233154 
CELLSIZE 0.133587792515755 
NODATA_value -9999 
[rows 21 to 41 of 53, columns 0 to 46 of 131]
-9999 -9999 -9999 -9999 -9999 -9999 34.466381072998 34.454044342041 34.4201431274414 34.3628158569336 34.2925033569336 34.1703681945801 34.2001457214355 34.2888526916504 34.367317199707 34.4339714050293 34.4766693115234 34.5029182434082 34.537712097168 34.5758056640625 34.6467895507812 34.7235794067383 34.8035202026367 34.8814468383789 34.9420700073242 34.9975395202637 35.0363121032715 35.0705718994141 35.0969543457031 35.1201286315918 35.1400032043457 35.1556205749512 35.1686477661133 35.1800918579102 35.1910095214844 35.208381652832 35.2266693115234 35.2482719421387 35.2693176269531 35.2868041992188 35.3033256530762 35.3171615600586 35.3296279907227 35.339973449707 35.3522453308105 35.366283416748 35.3844337463379
-9999 -9999 -9999 -9999 -9999 -9999 34.4690246582031 34.466381072998 34.4417037963867 34.4096717834473 34.3628158569336 34.3443298339844 34.3671493530273 34.4717025756836 34.5680694580078 34.6549911499023 34.7167625427246 34.7612686157227 34.7957992553711 34.8264770507812 34.8704490661621 34.9167709350586 34.9709739685059 35.0248908996582 35.0749626159668 35.1222190856934 35.1603546142578 35.1929054260254 35.2157096862793 35.2332992553711 35.2455215454102 35.2544059753418 35.2612533569336 35.2701759338379 35.2797889709473 35.2997245788574 35.3211135864258 35.3468322753906 35.3715515136719 35.3899002075195 35.4081954956055 35.426342010498 35.4424667358398 35.4554634094238 35.4696922302246 35.4850425720215 35.5038604736328
-9999 -9999 -9999 -9999 34.545597076416 34.4968070983887 34.4702606201172 34.4704322814941 34.466381072998 34.4170303344727 34.3924560546875 34.4627075195312 34.5477104187012 34.6618881225586 34.7728233337402 34.8800163269043 34.9602241516113 35.0218963623047 35.0558700561523 35.0791511535645 35.0972480773926 35.1144256591797 35.1428298950195 35.1725540161133 35.2112617492676 35.2496681213379 35.2870941162109 35.3179244995117 35.3372421264648 35.3493576049805 35.3540573120117 35.3561248779297 35.3565826416016 35.3625907897949 35.3704490661621 35.3925552368164 35.4166717529297 35.4468688964844 35.4757804870605 35.4965057373047 35.5180244445801 35.5417518615723 35.5626068115234 35.5790100097656 35.5957107543945 35.6126899719238 35.6321716308594
-9999 -9999 -9999 -9999 34.6555671691895 34.5597457885742 34.5233535766602 34.4702606201172 34.4746551513672 34.530574798584 34.5931434631348 34.6811714172363 34.783935546875 34.9158630371094 35.0421752929688 35.1620063781738 35.2482109069824 35.3113212585449 35.3446083068848 35.366382598877 35.3703460693359 35.371166229248 35.3765144348145 35.3832359313965 35.4006080627441 35.4208946228027 35.4506454467773 35.4741172790527 35.4866409301758 35.493091583252 35.4932899475098 35.4921722412109 35.4902572631836 35.493709564209 35.4989547729492 35.5209503173828 35.5453262329102 35.5788688659668 35.6120376586914 35.6428298950195 35.6738319396973 35.7054290771484 35.7342491149902 35.7587814331055 35.7815933227539 35.8028221130371 35.8235282897949
-9999 -9999 -9999 -9999 -9999 34.6555671691895 34.5898056030273 34.5764503479004 34.510627746582 34.649600982666 34.7838668823242 34.9001007080078 35.0295562744141 35.1851654052734 35.3289756774902 35.459171295166 35.5482063293457 35.6089782714844 35.6375732421875 35.6537399291992 35.6418380737305 35.6249809265137 35.6071434020996 35.5908355712891 35.5874404907227 35.5897674560547 35.6106414794922 35.6260681152344 35.6319923400879 35.6326103210449 35.6277694702148 35.6234169006348 35.6193656921387 35.6205711364746 35.6235275268555 35.6445045471191 35.6680679321289 35.7047882080078 35.742115020752 35.7832984924316 35.8243217468262 35.8649063110352 35.9023208618164 35.9348297119141 35.9629783630371 35.9871215820312 36.0087051391602
-9999 -9999 -9999 -9999 -9999 34.7678337097168 34.6555671691895 34.6569480895996 34.6680755615234 34.7926788330078 34.9308738708496 35.1210708618164 35.3163452148438 35.521671295166 35.6922874450684 35.8228607177734 35.9008522033691 35.9427299499512 35.9490509033203 35.9416427612305 35.9062728881836 35.8659706115723 35.8243865966797 35.784912109375 35.763256072998 35.7482948303223 35.7550506591797 35.7594108581543 35.7595863342285 35.7536430358887 35.7414054870605 35.7335929870605 35.7284698486328 35.7287521362305 35.7308387756348 35.7468299865723 35.764892578125 35.8040580749512 35.8450965881348 35.8980865478516 35.9514770507812 36.0059852600098 36.0547256469727 36.0945472717285 36.1246566772461 36.1458473205566 36.1667785644531
-9999 -9999 35.020866394043 34.9895133972168 34.9546051025391 34.8802337646484 34.7677001953125 34.8020401000977 34.8502540588379 34.9705581665039 35.1187438964844 35.3736686706543 35.6204986572266 35.8513145446777 36.0291061401367 36.1457138061523 36.2058944702148 36.2273216247559 36.2142333984375 36.1878128051758 36.1343269348145 36.0760688781738 36.015552520752 35.9576148986816 35.9215927124023 35.8926773071289 35.8868026733398 35.8804359436035 35.873218536377 35.8603324890137 35.8416175842285 35.8307189941406 35.8245849609375 35.8244285583496 35.8262710571289 35.8390197753906 35.8534698486328 35.894947052002 35.9394035339355 36.0028648376465 36.0669898986816 36.1329650878906 36.1905937194824 36.2353210449219 36.267219543457 36.2873458862305 36.3098373413086
-9999.000000000000000 -9999 -9999 -9999 35.1337013244629 35.028980255127 35.0975341796875 35.0880699157715 35.0864028930664 35.2243614196777 35.3957824707031 35.6952743530273 35.9625282287598 36.1659812927246 36.3081092834473 36.3794746398926 36.4070892333984 36.404655456543 36.3783912658691 36.3429260253906 36.2830123901367 36.2187843322754 36.149829864502 36.083683013916 36.0418014526367 36.0061950683594 35.9909362792969 35.9746017456055 35.9563903808594 35.9357261657715 35.9125328063965 35.8993797302246 35.8923492431641 35.8928146362305 35.8957824707031 35.9090995788574 35.9240531921387 35.9675521850586 36.0147819519043 36.0857963562012 36.157096862793 36.2291793823242 36.2903785705566 36.3347549438477 36.3680725097656 36.3912467956543 36.4201278686523
-9999 -9999 -9999 -9999 35.3786926269531 35.491886138916 35.4178924560547 35.380672454834 35.3610191345215 35.5246353149414 35.7154006958008 36.010066986084 36.2575531005859 36.4116859436035 36.5100479125977 36.5440559387207 36.5475273132324 36.5300331115723 36.4957275390625 36.4549331665039 36.393611907959 36.328670501709 36.2579383850098 36.1898422241211 36.1448020935059 36.1048583984375 36.0814323425293 36.0556144714355 36.0256233215332 35.9967308044434 35.9689674377441 35.9542846679688 35.947566986084 35.9500045776367 35.955493927002 35.9707260131836 35.9875030517578 36.0321044921875 36.0806465148926 36.1542434692383 36.227668762207 36.3006248474121 36.3624649047852 36.4071235656738 36.4427947998047 36.47021484375 36.5023460388184
-9999 -9999 -9999 -9999 35.5535469055176 35.6152076721191 35.6913414001465 35.6815528869629 35.6840286254883 35.8833694458008 36.0885887145996 36.3162803649902 36.4934463500977 36.570629119873 36.6150283813477 36.6215972900391 36.6115341186523 36.5900459289551 36.5541572570801 36.5127067565918 36.4563026428223 36.3972625732422 36.333122253418 36.2709579467773 36.2261581420898 36.1848297119141 36.1547698974609 36.1200828552246 36.0773124694824 36.0396308898926 36.0071868896484 35.9918746948242 35.9869995117188 35.993106842041 36.002872467041 36.0217094421387 36.0419769287109 36.0865364074707 36.1345367431641 36.204460144043 36.2736740112305 36.3409080505371 36.3997001647949 36.4454498291016 36.4846382141113 36.5178146362305 36.549243927002
-9999 -9999 -9999 -9999 35.6152076721191 35.7073707580566 35.815559387207 35.8867111206055 35.9707183837891 36.1615257263184 36.3451995849609 36.5015563964844 36.6172904968262 36.652645111084 36.6695365905762 36.6651306152344 36.6492385864258 36.6254577636719 36.5879020690918 36.5450248718262 36.4934616088867 36.4403610229492 36.3853149414062 36.3315773010254 36.2891235351562 36.2485084533691 36.2138595581055 36.173526763916 36.1232719421387 36.080738067627 36.0461502075195 36.0301895141602 36.025577545166 36.0331039428711 36.044677734375 36.0647163391113 36.0860633850098 36.1275863647461 36.1718940734863 36.2339820861816 36.2955741882324 36.355785369873 36.4109077453613 36.4581604003906 36.501163482666 36.5402565002441 36.5735664367676
-9999 -9999 -9999 -9999 35.7127113342285 35.815559387207 36.0276222229004 36.0200805664062 36.230167388916 36.3792495727539 36.5143814086914 36.5961227416992 36.6570930480957 36.6769599914551 36.6861915588379 36.6831512451172 36.6672134399414 36.6424179077148 36.6031303405762 36.5582504272461 36.5114669799805 36.4643440246582 36.4202613830566 36.3768310546875 36.3383026123047 36.2999687194824 36.262264251709 36.2187042236328 36.1649322509766 36.1204986572266 36.0856704711914 36.0690460205078 36.0635070800781 36.0707740783691 36.0823059082031 36.101734161377 36.1223602294922 36.1585960388184 36.1968536376953 36.2479858398438 36.2994003295898 36.3516120910645 36.4025917053223 36.4516677856445 36.4986915588379 36.5438346862793 36.5809593200684
-9999 -9999 -9999 -9999 35.815559387207 36.1471672058105 36.2842903137207 36.3881340026855 36.3837089538574 36.4918174743652 36.588062286377 36.6389122009277 36.6779937744141 36.6937942504883 36.7010917663574 36.6985816955566 36.6811485290527 36.6534729003906 36.6096420288086 36.5595779418945 36.5138702392578 36.4689331054688 36.4342994689941 36.4001731872559 36.3684005737305 36.3356323242188 36.2996520996094 36.2576637268066 36.2051963806152 36.161922454834 36.128101348877 36.1119995117188 36.106689453125 36.1135864257812 36.1245536804199 36.14111328125 36.1585273742676 36.1869239807129 36.2171058654785 36.2586517333984 36.3015289306641 36.3481063842773 36.3956413269043 36.4446640014648 36.4936714172363 36.542667388916 36.5846328735352
-9999 -9999 -9999 -9999 -9999 36.4231948852539 36.4611968994141 36.4446563720703 36.4918594360352 36.5593147277832 36.6208152770996 36.6595077514648 36.6907920837402 36.7074203491211 36.7152404785156 36.7128982543945 36.6933517456055 36.6619987487793 36.612419128418 36.5558090209961 36.5095901489258 36.465202331543 36.4393768310547 36.4141273498535 36.3903160095215 36.3645286560059 36.3323211669922 36.2939605712891 36.2448654174805 36.2040557861328 36.1717758178711 36.1567077636719 36.1521224975586 36.1586074829102 36.1687774658203 36.181510925293 36.1946411132812 36.2140998840332 36.2353401184082 36.2678909301758 36.3029289245605 36.3448867797852 36.3892822265625 36.4374389648438 36.4875564575195 36.5394706726074 36.5867080688477
-9999 -9999 -9999 -9999 -9999 36.5236740112305 36.5240936279297 36.5508041381836 36.5518493652344 36.5995140075684 36.6440315246582 36.6765060424805 36.7035636901855 36.7199020385742 36.7280235290527 36.7266693115234 36.7070770263672 36.6749610900879 36.6236305236816 36.564884185791 36.514404296875 36.4653816223145 36.4407997131348 36.417350769043 36.3989143371582 36.3785552978516 36.3519630432129 36.3201026916504 36.2790565490723 36.2443809509277 36.2162590026855 36.2037658691406 36.2007942199707 36.2083587646484 36.2194328308105 36.2294883728027 36.2394104003906 36.2507667541504 36.2637634277344 36.2872352600098 36.3137702941895 36.3488464355469 36.3879585266113 36.4333114624023 36.4819450378418 36.5335922241211 36.5849647521973
-9999 -9999 -9999 -9999 -9999 36.5776443481445 36.5857315063477 36.5768165588379 36.6018714904785 36.6340599060059 36.6652717590332 36.6927604675293 36.7163276672363 36.7321434020996 36.7405242919922 36.7403297424316 36.721118927002 36.6888427734375 36.636589050293 36.5766181945801 36.5210990905762 36.466365814209 36.4414672851562 36.4183578491211 36.4047546386719 36.3894996643066 36.3689079284668 36.3441505432129 36.3121185302734 36.2843284606934 36.2609100341797 36.2513122558594 36.2501373291016 36.259090423584 36.2714195251465 36.2790336608887 36.2859764099121 36.2893943786621 36.2942962646484 36.308666229248 36.3265647888184 36.3542861938477 36.3876762390137 36.4298248291016 36.4764404296875 36.5271530151367 36.5824317932129
-9999 -9999 -9999 -9999 -9999 -9999 36.6231155395508 36.6295700073242 36.6317367553711 36.6553077697754 36.6792907714844 36.7048263549805 36.7271957397461 36.7432975769043 36.7525482177734 36.7538909912109 36.7371673583984 36.7080345153809 36.6602401733398 36.6052436828613 36.5477752685547 36.4898719787598 36.4578285217285 36.4281349182129 36.4133071899414 36.3980369567871 36.3813209533691 36.3622436523438 36.3390464782715 36.3193130493164 36.3031387329102 36.2981605529785 36.3000030517578 36.3100509643555 36.3228302001953 36.3300933837891 36.336540222168 36.3358955383301 36.3361892700195 36.3424835205078 36.3527488708496 36.3740501403809 36.4014587402344 36.4383087158203 36.4813575744629 36.5300903320312 36.586483001709
-9999 -9999 -9999 -9999 -9999 -9999 36.6538467407227 36.6629600524902 36.6592292785645 36.6751251220703 36.6926651000977 36.716495513916 36.737850189209 36.7543067932129 36.7644691467285 36.7673683166504 36.7532501220703 36.7274436950684 36.6844749450684 36.6348762512207 36.5762405395508 36.5160102844238 36.4767456054688 36.440315246582 36.4236946105957 36.4078521728516 36.3945236206055 36.3807106018066 36.3660469055176 36.3542022705078 36.3452606201172 36.3448448181152 36.3496246337891 36.3606567382812 36.373779296875 36.380931854248 36.3871879577637 36.3830833435059 36.3793449401855 36.3779220581055 36.3808288574219 36.3958015441895 36.4172477722168 36.4486961364746 36.4880638122559 36.5347023010254 36.5919418334961
-9999 -9999 -9999 -9999 -9999 -9999 36.6720161437988 36.6690063476562 36.6710586547852 36.6859931945801 36.7026596069336 36.7259407043457 36.7471580505371 36.7642936706543 36.7755355834961 36.7799873352051 36.7687225341797 36.7466735839844 36.709789276123 36.667179107666 36.6142539978027 36.5595054626465 36.5154266357422 36.4739646911621 36.4523620605469 36.4325141906738 36.4183578491211 36.4059829711914 36.3967208862305 36.390495300293 36.387393951416 36.3900985717773 36.3963356018066 36.4073905944824 36.4200477600098 36.4287185668945 36.4367599487305 36.4338760375977 36.4305839538574 36.4246826171875 36.4227676391602 36.4319305419922 36.447696685791 36.4736709594727 36.5089225769043 36.5526847839355 36.6092567443848
-9999 -9999 -9999 -9999 -9999 36.6873207092285 36.68212890625 36.6840782165527 36.682071685791 36.6965408325195 36.7127227783203 36.7354850769043 36.7565803527832 36.7743721008301 36.7865943908691 36.7923965454102 36.7836685180664 36.764965057373 36.7336921691895 36.697566986084 36.6509399414062 36.6024627685547 36.5551300048828 36.5100517272949 36.4835777282715 36.4597854614258 36.4446716308594 36.4333000183105 36.4284515380859 36.4267349243164 36.4282379150391 36.4335289001465 36.4411277770996 36.4524955749512 36.4651222229004 36.4756011962891 36.4856986999512 36.4844398498535 36.4820213317871 36.4722633361816 36.4660797119141 36.4698600769043 36.4803276062012 36.5011253356934 36.532527923584 36.5736618041992 36.6293106079102
-9999 -9999 -9999 -9999 36.7096672058105 36.6952819824219 36.6873207092285 36.6881065368652 36.6901092529297 36.7058944702148 36.7230415344238 36.7453880310059 36.7664070129395 36.7847938537598 36.7976303100586 36.8040580749512 36.796688079834 36.7798347473145 36.7524185180664 36.7209243774414 36.6827735900879 36.6434440612793 36.5985641479492 36.5550727844238 36.5241432189941 36.4966125488281 36.4801025390625 36.468132019043 36.4640808105469 36.4627952575684 36.46435546875 36.4702835083008 36.478874206543 36.491641998291 36.5058059692383 36.5191612243652 36.5323257446289 36.5341606140137 36.5342063903809 36.5228271484375 36.5144462585449 36.514404296875 36.5209426879883 36.537654876709 36.5662078857422 36.6056327819824 36.659423828125
