Ecospace-environmental-drivers/Outputs/ASCII-for-ecospace/MOM6-ISIMIP3a/so/2008-07_so_MOM6-ISIMIP3a.asc
NCOLS 131 
NROWS 53 
XLLCORNER -98 
YLLCORNER 23.9265270233154 
CELLSIZE 0.133587792515755 
NODATA_value -9999 
[rows 0 to 20 of 53, columns 47 to 93 of 131]
-9999 -9999 -9999 -9999 -9999 -9999 -9999 -9999 -9999 -9999 -9999 -9999 -9999 -9999 -9999 -9999 -9999 -9999 -9999 -9999 -9999 -9999 -9999 -9999 -9999 -9999 -9999 -9999 -9999 -9999 -9999 -9999 -9999 -9999 -9999 -9999 -9999 -9999 -9999 -9999 -9999 -9999 -9999 -9999 -9999 -9999 -9999
-9999 -9999 -9999 -9999 -9999 -9999 -9999 -9999 -9999 -9999 -9999 -9999 -9999 -9999 -9999 -9999 -9999 -9999 -9999 -9999 -9999 -9999 -9999 -9999 -9999 -9999 -9999 -9999 -9999 -9999 -9999 -9999 -9999 -9999 -9999 -9999 -9999 -9999 -9999 -9999 -9999 -9999 -9999 -9999 -9999 -9999 -9999
-9999 -9999 -9999 -9999 -9999 -9999 -9999 -9999 -9999 -9999 -9999 -9999 -9999 -9999 -9999 -9999 -9999 -9999 -9999 -9999 -9999 -9999 -9999 -9999 -9999 -9999 -9999 29.4715328216553 30.1027870178223 -9999 -9999 -9999 -9999 -9999 -9999 -9999 -9999 -9999 -9999 -9999 -9999 -9999 -9999 -9999 -9999 -9999 -9999
-9999 -9999 -9999 -9999 -9999 -9999 -9999 -9999 -9999 -9999 -9999 -9999 -9999 -9999 -9999 -9999 -9999 -9999 -9999 -9999 -9999 -9999 -9999 -9999 -9999 -9999 -9999 29.4790821075439 30.0987586975098 -9999 -9999 -9999 -9999 -9999 -9999 -9999 -9999 -9999 -9999 -9999 -9999 -9999 -9999 -9999 -9999 -9999 -9999
-9999 -9999 -9999 -9999 -9999 -9999 -9999 -9999 -9999 -9999 -9999 -9999 -9999 -9999 -9999 -9999 -9999 -9999 23.3224315643311 23.4874439239502 23.6194534301758 24.3894996643066 25.0931453704834 26.3602561950684 27.3801765441895 28.1696681976318 28.8590087890625 29.4815940856934 30.0966453552246 30.7180328369141 -9999 -9999 32.7920265197754 33.5162811279297 34.1576881408691 34.6912002563477 35.049747467041 35.2958984375 35.4210891723633 35.4943237304688 35.5251770019531 35.5302848815918 -9999 -9999 -9999 -9999 -9999
-9999 -9999 -9999 -9999 -9999 -9999 -9999 -9999 -9999 -9999 -9999 -9999 -9999 -9999 21.6320724487305 -9999 21.3090229034424 21.0442771911621 22.1916561126709 23.3224315643311 23.5204467773438 23.6194534301758 25.1595458984375 26.5004348754883 27.4207897186279 28.2193050384521 28.8689117431641 29.4888076782227 30.087064743042 30.7140655517578 31.352970123291 32.0635871887207 32.7882995605469 33.5241928100586 34.2363471984863 34.7125244140625 35.1247291564941 35.3119888305664 35.4509735107422 35.5003051757812 35.5316925048828 35.5435333251953 35.5156288146973 35.4620056152344 -9999 -9999 -9999
-9999 -9999 -9999 -9999 -9999 -9999 -9999 -9999 -9999 -9999 24.8038768768311 24.7767200469971 24.7529201507568 24.6779727935791 23.1282634735107 21.6726016998291 21.5915431976318 21.2912483215332 21.0442771911621 22.2082614898682 23.3224315643311 23.6194534301758 25.1595458984375 26.5004348754883 27.4207897186279 28.2193050384521 28.8689117431641 29.4888076782227 30.087064743042 30.7140655517578 31.352970123291 32.0635871887207 32.7882995605469 33.5241928100586 34.2363471984863 34.7125244140625 35.1247291564941 35.3119888305664 35.4509735107422 35.5003051757812 35.5316925048828 35.5435333251953 35.5156288146973 35.4620056152344 35.4478340148926 35.485179901123 -9999
-9999 -9999 -9999 -9999 -9999 -9999 -9999 -9999 -9999 -9999 24.9494819641113 24.8038768768311 24.7495632171631 -9999 24.5790367126465 23.0928192138672 21.7536582946777 21.5915431976318 21.2379245758057 21.0442771911621 22.2580738067627 23.5235023498535 25.0050106048584 26.3145542144775 27.2610683441162 28.0764656066895 28.7316093444824 29.3813095092773 30.0270481109619 30.7357501983643 31.4705295562744 32.2403297424316 33.0170097351074 33.7162170410156 34.387393951416 34.8128051757812 35.1776123046875 35.3293266296387 35.4424743652344 35.4840049743652 35.5169868469238 35.5406608581543 35.5315284729004 35.5011596679688 35.4995155334473 35.508186340332 35.5492401123047
-9999 -9999 -9999 -9999 -9999 -9999 -9999 -9999 -9999 -9999 -9999 -9999 -9999 -9999 24.6168346405029 24.4250240325928 23.0770397186279 21.9157752990723 21.5915431976318 21.0779552459717 22.2393131256104 23.4499568939209 24.8668594360352 26.1411819458008 27.114501953125 27.9462413787842 28.6049385070801 29.2856407165527 29.9823722839355 30.778377532959 31.6154956817627 32.4460716247559 33.2753639221191 33.9309310913086 34.5539627075195 34.9219970703125 35.2334403991699 35.3459014892578 35.4306221008301 35.4638290405273 35.4989280700684 35.5360832214355 35.548038482666 35.5436859130859 35.5299301147461 35.5127906799316 35.5595817565918
32.2178268432617 -9999 -9999 -9999 -9999 -9999 -9999 -9999 -9999 -9999 28.5893573760986 25.098726272583 -9999 -9999 -9999 24.4600086212158 24.228443145752 23.1894245147705 22.2400074005127 22.3667507171631 23.4016361236572 24.5009365081787 25.8698196411133 27.09547996521 28.0187854766846 28.7848243713379 29.3586521148682 29.9983882904053 30.6861343383789 31.4511947631836 32.2482757568359 32.9702491760254 33.6774559020996 34.1916732788086 34.6774597167969 34.9553298950195 35.1897010803223 35.2711181640625 35.3368835449219 35.3735733032227 35.4223365783691 35.4842491149902 35.5253067016602 35.552864074707 35.5557556152344 35.5497894287109 35.5803070068359
32.1475143432617 32.137134552002 -9999 -9999 -9999 -9999 -9999 -9999 -9999 -9999 30.3095073699951 28.1428928375244 25.098726272583 -9999 -9999 24.36936378479 24.2067852020264 24.1091804504395 23.7996025085449 23.5576362609863 24.511682510376 25.5386142730713 26.8705825805664 28.0577621459961 28.9392852783203 29.646312713623 30.1400680541992 30.7331638336182 31.3986186981201 32.1165008544922 32.8560905456543 33.4632415771484 34.044361114502 34.4228897094727 34.7774429321289 34.9711074829102 35.1341018676758 35.189266204834 35.2395133972168 35.2806396484375 35.342658996582 35.4274482727051 35.4968681335449 35.5563430786133 35.5765647888184 35.5826835632324 35.5987167358398
32.1475143432617 32.1163787841797 32.0891265869141 31.9197788238525 -9999 -9999 -9999 -9999 -9999 -9999 -9999 29.6171054840088 27.4034538269043 25.098726272583 24.8038768768311 24.36936378479 24.2067852020264 24.1091804504395 24.1271934509277 24.223352432251 25.341329574585 26.5049438476562 27.8595638275146 29.0628776550293 29.9467716217041 30.630651473999 31.0700759887695 31.5860919952393 32.1578941345215 32.741512298584 33.3300247192383 33.7890014648438 34.2225151062012 34.4957237243652 34.7513046264648 34.8927192687988 35.0149078369141 35.0694808959961 35.1226768493652 35.1733207702637 35.2464218139648 35.3439979553223 35.4378318786621 35.5292434692383 35.5704231262207 35.5935592651367 35.6046867370605
32.2406959533691 32.1767578125 32.1385345458984 31.924840927124 -9999 -9999 -9999 -9999 31.1300315856934 30.9164295196533 30.5309410095215 29.9094734191895 28.4109039306641 26.1947135925293 25.1869602203369 24.7516193389893 24.5827980041504 24.4776573181152 24.7096748352051 25.0258407592773 26.2296447753906 27.4590320587158 28.795482635498 29.9758052825928 30.8265342712402 31.4711208343506 31.8637599945068 32.302547454834 32.7749481201172 33.2309265136719 33.680103302002 34.0139083862305 34.3250389099121 34.5184326171875 34.6996002197266 34.8038864135742 34.8976516723633 34.9544448852539 35.0116271972656 35.0695190429688 35.1496238708496 35.2539291381836 35.366870880127 35.4853973388672 35.549388885498 35.5937881469727 35.6049423217773
32.5668334960938 32.3609848022461 32.1541900634766 31.924840927124 31.6959629058838 31.5420742034912 31.3940773010254 31.2760486602783 31.1300315856934 30.9164295196533 30.5309410095215 29.9094734191895 28.8055400848389 27.3068656921387 26.5277729034424 26.0895290374756 25.8988609313965 25.7673473358154 25.9293975830078 26.170259475708 27.2646369934082 28.3825149536133 29.5987339019775 30.6582565307617 31.3869819641113 31.951904296875 32.3166236877441 32.6778182983398 33.0364456176758 33.3813323974609 33.7205276489258 33.9866752624512 34.2384643554688 34.4158325195312 34.5839767456055 34.6889266967773 34.7852554321289 34.8512916564941 34.9150314331055 34.9745178222656 35.0514259338379 35.1473121643066 35.2660865783691 35.3996734619141 35.4911079406738 35.5674018859863 35.5909118652344
32.9797248840332 32.7184295654297 32.439338684082 32.2073783874512 31.9833240509033 31.8424777984619 31.7063941955566 31.5945434570312 31.4430294036865 31.1957511901855 30.8078441619873 30.2268733978271 29.4404754638672 28.4860019683838 27.9202404022217 27.5386047363281 27.3849468231201 27.285758972168 27.4201641082764 27.6187725067139 28.5182628631592 29.4420070648193 30.467264175415 31.3531513214111 31.9448127746582 32.4091987609863 32.718017578125 32.9927711486816 33.2427024841309 33.4867286682129 33.7283058166504 33.9353675842285 34.1356391906738 34.298713684082 34.4555854797363 34.5653457641602 34.6679191589355 34.7452011108398 34.8177604675293 34.8815498352051 34.9569969177246 35.0451507568359 35.1634483337402 35.3012504577637 35.4138069152832 35.5172996520996 35.5615501403809
33.5152778625488 33.3207740783691 33.1055107116699 32.8893737792969 32.6769599914551 32.5675964355469 32.4602737426758 32.3633270263672 32.1985511779785 31.8699798583984 31.4762363433838 30.9930210113525 30.415153503418 29.7598419189453 29.3857421875 29.1448497772217 29.1114120483398 29.1275424957275 29.2941360473633 29.497220993042 30.0809917449951 30.6937923431396 31.4280872344971 32.0656356811523 32.4989471435547 32.8332824707031 33.0466499328613 33.2224388122559 33.3708572387695 33.5284843444824 33.6899261474609 33.8500175476074 34.0098419189453 34.161060333252 34.3091354370117 34.4295845031738 34.5435943603516 34.6349601745605 34.7195205688477 34.7914505004883 34.8679084777832 34.9492988586426 35.0581893920898 35.1848754882812 35.3096160888672 35.4336547851562 35.5105209350586
33.9439315795898 33.8072700500488 33.6507949829102 33.466438293457 33.2818374633789 33.1676559448242 33.0514869689941 32.9252128601074 32.7340850830078 32.3863487243652 32.0163764953613 31.6158695220947 31.1996688842773 30.7706260681152 30.5569095611572 30.4451866149902 30.5152626037598 30.628776550293 30.8221683502197 31.0327854156494 31.4142265319824 31.8203544616699 32.3298034667969 32.7754249572754 33.086311340332 33.3170776367188 33.4499244689941 33.5437927246094 33.6092681884766 33.6890716552734 33.7748107910156 33.882209777832 33.9938659667969 34.118766784668 34.2430038452148 34.3559722900391 34.4648971557617 34.5596199035645 34.6483268737793 34.7258720397949 34.8030395507812 34.8797988891602 34.978702545166 35.0919418334961 35.2125244140625 35.335750579834 35.430118560791
34.2825584411621 34.196216583252 34.0942687988281 33.955135345459 33.8119621276855 33.6623992919922 33.5057220458984 33.3128662109375 33.0843620300293 32.7697830200195 32.4485092163086 32.1180419921875 31.8240451812744 31.5598907470703 31.4802112579346 31.4879112243652 31.6474323272705 31.843225479126 32.0588798522949 32.279598236084 32.5541954040527 32.8414611816406 33.1817436218262 33.4829483032227 33.7016639709473 33.8511581420898 33.9160537719727 33.9423484802246 33.9405250549316 33.9497299194336 33.9635009765625 34.0133895874023 34.0703773498535 34.1567726135254 34.2445068359375 34.3346939086914 34.4246292114258 34.5136642456055 34.5999031066895 34.6809425354004 34.7585754394531 34.8324966430664 34.9209251403809 35.0187454223633 35.1214218139648 35.2258377075195 35.3249816894531
34.5408325195312 34.4875831604004 34.4208984375 34.3142166137695 34.2025909423828 34.0681037902832 33.9243659973145 33.7335662841797 33.5171775817871 33.2389984130859 32.9613723754883 32.6845092773438 32.4641151428223 32.2899131774902 32.2684478759766 32.3193283081055 32.4935531616211 32.6972541809082 32.9082908630371 33.1203651428223 33.3402290344238 33.5651931762695 33.8115005493164 34.028980255127 34.1856002807617 34.2855186462402 34.3161392211914 34.3142395019531 34.2886505126953 34.2674789428711 34.2481307983398 34.2560005187988 34.2692184448242 34.316276550293 34.3658485412598 34.4277725219727 34.491325378418 34.5606079101562 34.6298522949219 34.699031829834 34.7651901245117 34.8280639648438 34.9023361206055 34.9839859008789 35.0667343139648 35.1498756408691 35.2401123046875
34.7597770690918 34.7311973571777 34.6903457641602 34.60986328125 34.5249557495117 34.4302368164062 34.3255882263184 34.1704444885254 33.9903869628906 33.7501907348633 33.513744354248 33.2824478149414 33.1118621826172 32.9909477233887 32.9905891418457 33.0473327636719 33.1996917724609 33.3749008178711 33.5681648254395 33.7624244689941 33.9530563354492 34.1433982849121 34.3325271606445 34.495979309082 34.605224609375 34.6710815429688 34.6839065551758 34.6730804443359 34.6450309753418 34.6131629943848 34.5797157287598 34.5531463623047 34.5279312133789 34.5352363586426 34.5458374023438 34.5768089294434 34.6103668212891 34.6530113220215 34.6981582641602 34.7479553222656 34.796802520752 34.8446083068848 34.9029235839844 34.9680366516113 35.0298728942871 35.0905303955078 35.1651649475098
34.9222106933594 34.9132308959961 34.8966636657715 34.8493499755859 34.7986869812012 34.7426109313965 34.6792221069336 34.5786209106445 34.4565353393555 34.2825698852539 34.1035575866699 33.917610168457 33.7705116271973 33.6551971435547 33.6372604370117 33.665454864502 33.7679481506348 33.8881912231445 34.0351905822754 34.1841773986816 34.3352928161621 34.4841613769531 34.6236457824707 34.7427673339844 34.8188858032227 34.8662757873535 34.878547668457 34.8772621154785 34.866096496582 34.8506088256836 34.8333320617676 34.8142242431641 34.7947540283203 34.7794494628906 34.7658081054688 34.7668876647949 34.7709846496582 34.7856941223145 34.8042182922363 34.8298187255859 34.8585166931152 34.8905944824219 34.9337997436523 34.9842071533203 35.0303344726562 35.0749206542969 35.130428314209
