Ecospace-environmental-drivers/Outputs/ASCII-for-ecospace/MOM6-ISIMIP3a/so/2009-03_so_MOM6-ISIMIP3a.asc
NCOLS 131 
NROWS 53 
XLLCORNER -98 
YLLCORNER 23.9265270233154 
CELLSIZE 0.133587792515755 
NODATA_value -9999 
[rows 21 to 41 of 53, columns 0 to 46 of 131]
-9999 -9999 -9999 -9999 -9999 -9999 35.8135147094727 35.7809677124023 35.6964225769043 35.559440612793 35.470630645752 35.3119506835938 35.3040008544922 35.2803230285645 35.2972030639648 35.3608779907227 35.4577980041504 35.5775451660156 35.7448883056641 35.930606842041 36.0908203125 36.2465324401855 36.347713470459 36.4442596435547 36.5121002197266 36.5702018737793 36.5967102050781 36.6194038391113 36.6354484558105 36.6454772949219 36.6493263244629 36.6474456787109 36.6420822143555 36.6372451782227 36.6325798034668 36.6247406005859 36.6165428161621 36.6190414428711 36.6226272583008 36.6331329345703 36.6420288085938 36.6464500427246 36.6485862731934 36.6471786499023 36.6382255554199 36.6223335266113 36.6056938171387
-9999 -9999 -9999 -9999 -9999 -9999 35.8194274902344 35.8135147094727 35.748420715332 35.6643142700195 35.559440612793 35.5404968261719 35.5573463439941 35.6450119018555 35.7376403808594 35.835994720459 35.9420509338379 36.0533981323242 36.1756248474121 36.3020515441895 36.4007263183594 36.4945030212402 36.5532150268555 36.6089744567871 36.6465301513672 36.6786575317383 36.6931762695312 36.7051010131836 36.7125129699707 36.7162971496582 36.7163543701172 36.7133865356445 36.7085723876953 36.7044219970703 36.700496673584 36.6958847045898 36.691219329834 36.6925621032715 36.6943130493164 36.6986389160156 36.7014923095703 36.700252532959 36.6972427368164 36.6914901733398 36.6818542480469 36.6686553955078 36.6553153991699
-9999 -9999 -9999 -9999 35.8591079711914 35.838306427002 35.8237457275391 35.8210220336914 35.8135147094727 35.6833229064941 35.6009712219238 35.7017517089844 35.8344841003418 36.0304412841797 36.1933135986328 36.3180046081543 36.4248886108398 36.5195350646973 36.5896339416504 36.6502532958984 36.6855239868164 36.7163238525391 36.7329444885254 36.7484588623047 36.7573127746582 36.7648620605469 36.7681770324707 36.7699737548828 36.769115447998 36.766918182373 36.7633361816406 36.7593612670898 36.7551460266113 36.7517127990723 36.7485389709473 36.7472534179688 36.7462425231934 36.7467384338379 36.7469940185547 36.7457504272461 36.7431831359863 36.7369270324707 36.7292404174805 36.7193374633789 36.7088394165039 36.6977920532227 36.687313079834
-9999 -9999 -9999 -9999 35.904598236084 35.8697776794434 35.8528671264648 35.8237457275391 35.8258094787598 35.8521003723145 35.9030342102051 36.0482978820801 36.1980133056641 36.3565330505371 36.4760437011719 36.5505447387695 36.6086196899414 36.6554145812988 36.6897735595703 36.7193336486816 36.735969543457 36.7503204345703 36.7588424682617 36.7670021057129 36.7731857299805 36.7782211303711 36.7795219421387 36.7789916992188 36.775260925293 36.7712173461914 36.7668533325195 36.7630195617676 36.7595100402832 36.7575645446777 36.7561378479004 36.7561111450195 36.7562713623047 36.756160736084 36.7556915283203 36.7529373168945 36.7486534118652 36.740104675293 36.7305145263672 36.7193145751953 36.7090950012207 36.6997833251953 36.6920585632324
-9999 -9999 -9999 -9999 -9999 35.904598236084 35.897891998291 35.8819885253906 35.8725891113281 36.032112121582 36.194019317627 36.3650398254395 36.5182647705078 36.6362762451172 36.7136611938477 36.7441749572754 36.7608299255371 36.7679748535156 36.772777557373 36.7766799926758 36.7779998779297 36.778865814209 36.7807312011719 36.7828521728516 36.7868957519531 36.7898750305176 36.7894096374512 36.7868423461914 36.7806129455566 36.7750968933105 36.7703170776367 36.7668380737305 36.7641525268555 36.7635307312012 36.763599395752 36.7644691467285 36.765438079834 36.7647094726562 36.7635231018066 36.7594375610352 36.7536849975586 36.7432823181152 36.7323112487793 36.7204551696777 36.7108383178711 36.7032852172852 36.6978797912598
-9999 -9999 -9999 -9999 -9999 35.9062004089355 35.904598236084 35.9812393188477 36.0705680847168 36.2613906860352 36.4364318847656 36.5510787963867 36.648738861084 36.7127799987793 36.7534637451172 36.7671928405762 36.7748336791992 36.7782897949219 36.780647277832 36.7825813293457 36.7831573486328 36.7834930419922 36.7850494384766 36.7869110107422 36.7911186218262 36.794059753418 36.7929077148438 36.7895889282227 36.7824935913086 36.7771339416504 36.7735633850098 36.7713661193848 36.7700080871582 36.7700042724609 36.7704544067383 36.7706604003906 36.7708168029785 36.7694091796875 36.7675590515137 36.7629165649414 36.7567749023438 36.7464637756348 36.736400604248 36.7267112731934 36.7191123962402 36.7134284973145 36.7084197998047
-9999 -9999 35.9070434570312 35.9075622558594 35.9088668823242 35.9078063964844 35.9062004089355 36.0687026977539 36.2425689697266 36.4483871459961 36.6256675720215 36.6937255859375 36.7465286254883 36.7691345214844 36.7820930480957 36.7839241027832 36.7852897644043 36.7863349914551 36.7871208190918 36.7878036499023 36.7879447937012 36.7879905700684 36.7893142700195 36.7909698486328 36.7951698303223 36.7979621887207 36.7961921691895 36.7922706604004 36.784595489502 36.7794723510742 36.7769813537598 36.775749206543 36.7752876281738 36.7757453918457 36.7765121459961 36.7763214111328 36.7759857177734 36.7741317749023 36.771858215332 36.7668914794922 36.7606353759766 36.7507820129395 36.7417030334473 36.7338333129883 36.7279357910156 36.7238502502441 36.71923828125
-9999.000000000000000 -9999 -9999 -9999 35.9060134887695 35.9099311828613 35.9109077453613 36.1304473876953 36.3578872680664 36.5431213378906 36.698860168457 36.7416915893555 36.773006439209 36.7815208435059 36.7863540649414 36.7869338989258 36.788013458252 36.789436340332 36.7905502319336 36.7915458679199 36.791934967041 36.7922172546387 36.7934722900391 36.7950248718262 36.7988586425781 36.8012619018555 36.7990188598633 36.7948112487793 36.7871856689453 36.7824745178223 36.7807655334473 36.7798118591309 36.7793159484863 36.7798919677734 36.7808265686035 36.7808303833008 36.7806968688965 36.7789077758789 36.7767181396484 36.7719612121582 36.766185760498 36.7575759887695 36.7496604919434 36.7428245544434 36.7379531860352 36.7348861694336 36.7306594848633
-9999 -9999 -9999 -9999 35.9007949829102 35.9003028869629 35.9051895141602 36.1655921936035 36.4312591552734 36.6009635925293 36.7412872314453 36.7691459655762 36.7879943847656 36.7890129089355 36.7895317077637 36.7894668579102 36.790412902832 36.7920455932617 36.7935180664062 36.7949333190918 36.7956161499023 36.7961654663086 36.7973213195801 36.7987365722656 36.8022422790527 36.8043479919434 36.801929473877 36.7977256774902 36.790412902832 36.786075592041 36.7847938537598 36.7839279174805 36.7833137512207 36.7838668823242 36.7848167419434 36.7851257324219 36.7853393554688 36.7838973999023 36.7821083068848 36.7781181335449 36.7732734680176 36.766040802002 36.7592468261719 36.7531318664551 36.7490005493164 36.7466926574707 36.7428512573242
-9999 -9999 -9999 -9999 35.8962287902832 35.8921546936035 35.8871269226074 36.1672821044922 36.4518661499023 36.6123924255371 36.745002746582 36.7707901000977 36.7885284423828 36.7903442382812 36.7913436889648 36.7914085388184 36.7924003601074 36.7940330505371 36.7959060668945 36.7978744506836 36.798900604248 36.7997627258301 36.8007698059082 36.8020172119141 36.8052368164062 36.8071708679199 36.8049468994141 36.8011054992676 36.7944488525391 36.7904319763184 36.7891387939453 36.7881164550781 36.7872657775879 36.7876281738281 36.7883949279785 36.7891540527344 36.7898979187012 36.7891502380371 36.7881660461426 36.7856521606445 36.782299041748 36.7766075134277 36.7708740234375 36.7650833129883 36.7613410949707 36.7594718933105 36.7560157775879
-9999 -9999 -9999 -9999 35.8921546936035 35.8860664367676 35.8789215087891 36.1567153930664 36.438793182373 36.5997009277344 36.7336158752441 36.7641983032227 36.7859840393066 36.7903594970703 36.7928276062012 36.7930908203125 36.7940940856934 36.7956047058105 36.7977333068848 36.8001022338867 36.8014945983887 36.8027114868164 36.8035202026367 36.8045425415039 36.8074264526367 36.8092460632324 36.8076057434082 36.8044891357422 36.7987823486328 36.7952346801758 36.7939033508301 36.7927322387695 36.7916603088379 36.7916603088379 36.7920150756836 36.7931365966797 36.7943496704102 36.7943534851074 36.7942237854004 36.7932510375977 36.7914886474609 36.7875175476074 36.7830238342285 36.7777214050293 36.7741012573242 36.7720222473145 36.7685508728027
-9999 -9999 -9999 -9999 35.8857154846191 35.8789215087891 36.1377029418945 36.1369514465332 36.4004592895508 36.5689277648926 36.7108955383301 36.7514305114746 36.7811279296875 36.7893905639648 36.794059753418 36.7945861816406 36.7955703735352 36.7968673706055 36.799144744873 36.8017997741699 36.8035621643066 36.8051719665527 36.8057403564453 36.8064956665039 36.8090133666992 36.8107604980469 36.810001373291 36.8078689575195 36.8033409118652 36.800365447998 36.7989921569824 36.7976722717285 36.7963829040527 36.7958946228027 36.7956695556641 36.7970848083496 36.7987213134766 36.7995109558105 36.8002815246582 36.8009033203125 36.8008041381836 36.7986831665039 36.7955551147461 36.7908706665039 36.7871780395508 36.7843971252441 36.7806129455566
-9999 -9999 -9999 -9999 35.8789215087891 36.1788787841797 36.2983474731445 36.3782157897949 36.3907852172852 36.5555763244629 36.6959533691406 36.7428894042969 36.7776184082031 36.7881851196289 36.7944221496582 36.7956581115723 36.7970161437988 36.7984504699707 36.8007888793945 36.8034782409668 36.8055000305176 36.8074035644531 36.8072280883789 36.8072547912598 36.8093643188477 36.8110389709473 36.8113174438477 36.8103408813477 36.8071784973145 36.8049468994141 36.8036727905273 36.8023262023926 36.8009338378906 36.7999572753906 36.7991180419922 36.8008842468262 36.8030090332031 36.804313659668 36.8056640625 36.8072814941406 36.8082504272461 36.8074264526367 36.8054351806641 36.801643371582 36.7977905273438 36.7938766479492 36.7891464233398
-9999 -9999 -9999 -9999 -9999 36.3777046203613 36.4005508422852 36.3798751831055 36.3933868408203 36.5496864318848 36.6843452453613 36.7361679077148 36.7746849060059 36.7868804931641 36.7944068908691 36.7965507507324 36.7984504699707 36.8001747131348 36.8025398254395 36.8051490783691 36.8073768615723 36.8095436096191 36.8084030151367 36.807502746582 36.8091812133789 36.8107872009277 36.8121719360352 36.8124237060547 36.8107070922852 36.8092880249023 36.8081817626953 36.8068580627441 36.8054084777832 36.8039474487305 36.8024787902832 36.8046226501465 36.8072547912598 36.8089637756348 36.8107604980469 36.8131065368652 36.8148956298828 36.8151245117188 36.8141746520996 36.8114013671875 36.8073463439941 36.802116394043 36.7961692810059
-9999 -9999 -9999 -9999 -9999 36.4478454589844 36.4342155456543 36.4435615539551 36.4501342773438 36.5809555053711 36.694393157959 36.7412719726562 36.7761154174805 36.7871360778809 36.7943305969238 36.7971115112305 36.7995529174805 36.8017654418945 36.8041839599609 36.8066864013672 36.8090019226074 36.8112869262695 36.809684753418 36.8083305358887 36.8097457885742 36.8112258911133 36.812931060791 36.8137435913086 36.8130073547363 36.8122444152832 36.8114547729492 36.8102912902832 36.8088989257812 36.8069648742676 36.8048515319824 36.807315826416 36.8104057312012 36.8122940063477 36.8142623901367 36.8167572021484 36.8187675476074 36.8194236755371 36.8188667297363 36.8164253234863 36.8120803833008 36.8059844970703 36.7990036010742
-9999 -9999 -9999 -9999 -9999 36.5133323669434 36.5087661743164 36.4792098999023 36.5180816650391 36.6199150085449 36.7089195251465 36.7488288879395 36.778450012207 36.7877159118652 36.7942390441895 36.7975997924805 36.8005905151367 36.8033294677734 36.8058128356934 36.8081970214844 36.8105735778809 36.8129501342773 36.8109893798828 36.8092803955078 36.8104629516602 36.8118057250977 36.8136672973633 36.8149070739746 36.815055847168 36.8149147033691 36.8144721984863 36.8134918212891 36.8121795654297 36.8097801208496 36.8070182800293 36.8097953796387 36.8133239746094 36.8153457641602 36.8174362182617 36.8199577331543 36.8220634460449 36.8230247497559 36.8227233886719 36.8204689025879 36.8158111572266 36.8089485168457 36.8009757995605
-9999 -9999 -9999 -9999 -9999 -9999 36.5970115661621 36.6035232543945 36.6098022460938 36.6768531799316 36.735595703125 36.7625274658203 36.7827415466309 36.7896614074707 36.7951011657715 36.7988395690918 36.8019676208496 36.8046798706055 36.80712890625 36.8094825744629 36.8119239807129 36.8143844604492 36.8125839233398 36.8110122680664 36.8121490478516 36.8133811950684 36.8149261474609 36.8160209655762 36.8163261413574 36.8163681030273 36.8161354064941 36.8153533935547 36.8142356872559 36.8122406005859 36.8099517822266 36.8125953674316 36.8159141540527 36.8180770874023 36.8202476501465 36.8224716186523 36.8242607116699 36.8248443603516 36.8240013122559 36.8209533691406 36.8157424926758 36.8085441589355 36.8007202148438
-9999 -9999 -9999 -9999 -9999 -9999 36.6788864135742 36.7083015441895 36.697338104248 36.7312698364258 36.7611770629883 36.7756690979004 36.7868843078613 36.791618347168 36.7960586547852 36.800163269043 36.8034172058105 36.8060836791992 36.8084869384766 36.8107872009277 36.8132858276367 36.8158226013184 36.8142356872559 36.812858581543 36.8139419555664 36.815055847168 36.8162689208984 36.8171806335449 36.8175659179688 36.8177452087402 36.8177108764648 36.8171424865723 36.8162498474121 36.8147506713867 36.8130531311035 36.8155059814453 36.8185272216797 36.8207969665527 36.8230209350586 36.8249359130859 36.8263854980469 36.8265342712402 36.825080871582 36.8211479187012 36.8153800964355 36.807933807373 36.8003463745117
-9999 -9999 -9999 -9999 -9999 -9999 36.7268600463867 36.7248344421387 36.7289123535156 36.7502098083496 36.7692947387695 36.779914855957 36.7884902954102 36.7930183410645 36.7975273132324 36.8020133972168 36.8054504394531 36.8081703186035 36.8104019165039 36.8124465942383 36.8148880004883 36.8173980712891 36.8163909912109 36.8155174255371 36.8164329528809 36.8173484802246 36.8182487487793 36.8188362121582 36.8188743591309 36.8189239501953 36.8189849853516 36.8187599182129 36.818359375 36.8179512023926 36.8175468444824 36.819393157959 36.8215522766113 36.8235816955566 36.8255577087402 36.8271789550781 36.8282279968262 36.827693939209 36.8252754211426 36.8199501037598 36.8137588500977 36.8067741394043 36.7997703552246
-9999 -9999 -9999 -9999 -9999 36.7413558959961 36.7405853271484 36.7474479675293 36.7542495727539 36.7655868530273 36.7761154174805 36.7835655212402 36.7900199890137 36.7945022583008 36.7991104125977 36.8038673400879 36.8074645996094 36.8102607727051 36.8123664855957 36.8142013549805 36.8165740966797 36.8190422058105 36.8186149597168 36.818229675293 36.8187255859375 36.8192596435547 36.8199272155762 36.8202896118164 36.8201217651367 36.8201141357422 36.8202781677246 36.8204078674316 36.8205184936523 36.8210067749023 36.8216247558594 36.8230895996094 36.8246765136719 36.8266639709473 36.8285522460938 36.8298110961914 36.8303565979004 36.8289260864258 36.8254051208496 36.8186531066895 36.8119010925293 36.8051490783691 36.7984809875488
-9999 -9999 -9999 -9999 36.7306747436523 36.7376861572266 36.7413558959961 36.7486953735352 36.7566947937012 36.7678985595703 36.7781982421875 36.785041809082 36.7912712097168 36.7962837219238 36.8011169433594 36.8057403564453 36.8093948364258 36.812385559082 36.8145065307617 36.8162879943848 36.8185691833496 36.8209342956543 36.8211135864258 36.8211364746094 36.8202667236328 36.8197746276855 36.820499420166 36.8210067749023 36.8211441040039 36.8213577270508 36.8216438293457 36.8221817016602 36.822868347168 36.8235206604004 36.8241691589355 36.8260765075684 36.8281669616699 36.8308181762695 36.8332023620605 36.8338813781738 36.8335571289062 36.8304405212402 36.8252944946289 36.817008972168 36.8091926574707 36.8018112182617 36.7945823669434
