Ecospace-environmental-drivers/Outputs/ASCII-for-ecospace/MOM6-ISIMIP3a/so/2010-06_so_MOM6-ISIMIP3a.asc
NCOLS 131 
NROWS 53 
XLLCORNER -98 
YLLCORNER 23.9265270233154 
CELLSIZE 0.133587792515755 
NODATA_value -9999 
[rows 0 to 20 of 53, columns 47 to 93 of 131]
-9999 -9999 -9999 -9999 -9999 -9999 -9999 -9999 -9999 -9999 -9999 -9999 -9999 -9999 -9999 -9999 -9999 -9999 -9999 -9999 -9999 -9999 -9999 -9999 -9999 -9999 -9999 -9999 -9999 -9999 -9999 -9999 -9999 -9999 -9999 -9999 -9999 -9999 -9999 -9999 -9999 -9999 -9999 -9999 -9999 -9999 -9999
-9999 -9999 -9999 -9999 -9999 -9999 -9999 -9999 -9999 -9999 -9999 -9999 -9999 -9999 -9999 -9999 -9999 -9999 -9999 -9999 -9999 -9999 -9999 -9999 -9999 -9999 -9999 -9999 -9999 -9999 -9999 -9999 -9999 -9999 -9999 -9999 -9999 -9999 -9999 -9999 -9999 -9999 -9999 -9999 -9999 -9999 -9999
-9999 -9999 -9999 -9999 -9999 -9999 -9999 -9999 -9999 -9999 -9999 -9999 -9999 -9999 -9999 -9999 -9999 -9999 -9999 -9999 -9999 -9999 -9999 -9999 -9999 -9999 -9999 28.0314235687256 28.8513278961182 -9999 -9999 -9999 -9999 -9999 -9999 -9999 -9999 -9999 -9999 -9999 -9999 -9999 -9999 -9999 -9999 -9999 -9999
-9999 -9999 -9999 -9999 -9999 -9999 -9999 -9999 -9999 -9999 -9999 -9999 -9999 -9999 -9999 -9999 -9999 -9999 -9999 -9999 -9999 -9999 -9999 -9999 -9999 -9999 -9999 28.0310096740723 28.8438129425049 -9999 -9999 -9999 -9999 -9999 -9999 -9999 -9999 -9999 -9999 -9999 -9999 -9999 -9999 -9999 -9999 -9999 -9999
-9999 -9999 -9999 -9999 -9999 -9999 -9999 -9999 -9999 -9999 -9999 -9999 -9999 -9999 -9999 -9999 -9999 -9999 21.5494823455811 21.6982192993164 21.8172073364258 22.5112991333008 23.168176651001 24.4033679962158 25.4841690063477 26.4006118774414 27.2337436676025 28.0239849090576 28.8353004455566 29.6721534729004 -9999 -9999 32.202709197998 32.9602317810059 33.62548828125 34.2247848510742 34.6901931762695 35.0326843261719 35.2207565307617 35.3189125061035 35.3453941345215 35.3496971130371 -9999 -9999 -9999 -9999 -9999
-9999 -9999 -9999 -9999 -9999 -9999 -9999 -9999 -9999 -9999 -9999 -9999 -9999 -9999 19.3531951904297 -9999 19.0425453186035 18.7889804840088 20.1797866821289 21.5494823455811 21.7279663085938 21.8172073364258 23.2053928375244 24.4819316864014 25.522777557373 26.4477996826172 27.231258392334 28.0221748352051 28.8185195922852 29.6652050018311 30.5327377319336 31.3921546936035 32.2499771118164 32.9659957885742 33.6647186279297 34.2457466125488 34.7638931274414 35.0609359741211 35.2732238769531 35.3281059265137 35.355411529541 35.352668762207 35.341007232666 35.3235664367676 -9999 -9999 -9999
-9999 -9999 -9999 -9999 -9999 -9999 -9999 -9999 -9999 -9999 22.6769847869873 22.6519565582275 22.6312637329102 22.5686912536621 20.9418144226074 19.393310546875 19.3130779266357 19.025577545166 18.7889804840088 20.2008953094482 21.5494823455811 21.8172073364258 23.2053928375244 24.4819316864014 25.522777557373 26.4477996826172 27.231258392334 28.0221748352051 28.8185195922852 29.6652050018311 30.5327377319336 31.3921546936035 32.2499771118164 32.9659957885742 33.6647186279297 34.2457466125488 34.7638931274414 35.0609359741211 35.2732238769531 35.3281059265137 35.355411529541 35.352668762207 35.341007232666 35.3235664367676 35.3189582824707 35.2643814086914 -9999
-9999 -9999 -9999 -9999 -9999 -9999 -9999 -9999 -9999 -9999 22.8111763000488 22.6769847869873 22.6269283294678 -9999 22.4892673492432 20.9235363006592 19.4735450744629 19.3130779266357 18.9746742248535 18.7889804840088 20.2642250061035 21.7343902587891 23.1833057403564 24.4885482788086 25.4904861450195 26.3495578765869 27.0340175628662 27.7648029327393 28.529333114624 29.3933067321777 30.2984619140625 31.1985034942627 32.097541809082 32.8398704528809 33.5622062683105 34.1459007263184 34.6706123352051 34.9879570007324 35.2211799621582 35.2981872558594 35.3439826965332 35.355770111084 35.3456268310547 35.3212928771973 35.2685585021973 35.205623626709 35.1049385070801
-9999 -9999 -9999 -9999 -9999 -9999 -9999 -9999 -9999 -9999 -9999 -9999 -9999 -9999 22.5157699584961 22.3751583099365 20.9401245117188 19.63401222229 19.3130779266357 18.8219623565674 20.239782333374 21.6762161254883 23.1905517578125 24.5256309509277 25.4822864532471 26.2665519714355 26.8401203155518 27.5023956298828 28.2292823791504 29.1085929870605 30.0510292053223 30.9910011291504 31.9304885864258 32.6998023986816 33.4462356567383 34.0307312011719 34.5610313415527 34.9007606506348 35.157600402832 35.2604942321777 35.3283271789551 35.3579521179199 35.3508262634277 35.3199195861816 35.2668533325195 35.2058219909668 35.0750274658203
32.0718231201172 -9999 -9999 -9999 -9999 -9999 -9999 -9999 -9999 -9999 27.1422328948975 22.9487209320068 -9999 -9999 -9999 22.3935680389404 22.25514793396 21.1048183441162 19.9549465179443 20.0991649627686 21.4154109954834 22.768985748291 24.2787742614746 25.5737628936768 26.4152927398682 27.0727558135986 27.5052547454834 28.0411949157715 28.6524810791016 29.415491104126 30.2413368225098 31.044132232666 31.842399597168 32.5620613098145 33.2598114013672 33.7718963623047 34.2495040893555 34.605884552002 34.898193359375 35.0715103149414 35.2121658325195 35.3172378540039 35.358283996582 35.3579025268555 35.3011016845703 35.2240333557129 35.0836563110352
31.9717273712158 31.9569511413574 -9999 -9999 -9999 -9999 -9999 -9999 -9999 -9999 29.1908187866211 26.6723155975342 22.9487209320068 -9999 -9999 22.2765350341797 22.2271842956543 22.2617244720459 21.767162322998 21.3512134552002 22.6084899902344 23.9096450805664 25.3944358825684 26.6393585205078 27.3779010772705 27.9258003234863 28.2406959533691 28.6554565429688 29.1429576873779 29.775110244751 30.4671669006348 31.1311950683594 31.7897109985352 32.4343528747559 33.0599021911621 33.5039901733398 33.9320068359375 34.303524017334 34.6282844543457 34.8662261962891 35.0783767700195 35.2624244689941 35.3569602966309 35.3935775756836 35.338436126709 35.2503318786621 35.1019821166992
31.9717273712158 31.9274005889893 31.9543037414551 31.8114604949951 -9999 -9999 -9999 -9999 -9999 -9999 -9999 28.503381729126 25.9137401580811 22.9487209320068 22.6769847869873 22.2765350341797 22.2271842956543 22.2617244720459 22.3202781677246 22.4683399200439 23.8951606750488 25.3071842193604 26.6572780609131 27.7986240386963 28.4992847442627 29.0300788879395 29.3532619476318 29.6744899749756 29.9942951202393 30.4175052642822 30.8835411071777 31.4002437591553 31.926908493042 32.3604278564453 32.7876815795898 33.1874465942383 33.5825042724609 33.9610214233398 34.3020668029785 34.5735168457031 34.8500099182129 35.1319923400879 35.308536529541 35.4168586730957 35.3923187255859 35.3200454711914 35.1723327636719
32.0980453491211 32.0415153503418 32.0300903320312 31.8182106018066 -9999 -9999 -9999 -9999 30.2146530151367 29.7259387969971 29.2963600158691 28.9479637145996 27.2658233642578 24.4924507141113 23.347261428833 22.9733085632324 22.9110107421875 22.9231758117676 23.3073978424072 23.7847766876221 25.2460403442383 26.6552467346191 27.8465919494629 28.8659629821777 29.5222797393799 30.0320835113525 30.3628177642822 30.6055850982666 30.7842807769775 31.0257167816162 31.2931365966797 31.6632957458496 32.0536499023438 32.3321228027344 32.6143608093262 32.9738960266113 33.3348159790039 33.700611114502 34.0393142700195 34.3276977539062 34.6445426940918 34.9923934936523 35.2404403686523 35.4239044189453 35.4445953369141 35.406810760498 35.2846450805664
32.540168762207 32.2929306030273 32.0514526367188 31.8182106018066 31.5860805511475 31.3611431121826 31.1015796661377 30.6658802032471 30.2146530151367 29.7259387969971 29.2963600158691 28.9479637145996 27.9368057250977 26.3833923339844 25.6932621002197 25.412052154541 25.3044338226318 25.2382926940918 25.3795528411865 25.5995063781738 26.7574481964111 27.8796195983887 28.8520832061768 29.7034797668457 30.299295425415 30.7783966064453 31.1148471832275 31.3168354034424 31.4208831787109 31.5484657287598 31.6857948303223 31.9113540649414 32.1542549133301 32.4178695678711 32.6882972717285 33.0178298950195 33.3416557312012 33.6454238891602 33.935230255127 34.1991119384766 34.4963340759277 34.8298835754395 35.1231498718262 35.3903541564941 35.4928588867188 35.5361976623535 35.5018501281738
33.0453796386719 32.7187271118164 32.3741111755371 32.1269340515137 31.8904628753662 31.6736927032471 31.4290885925293 31.0428943634033 30.6446990966797 30.2175312042236 29.8494262695312 29.562406539917 29.054256439209 28.3651828765869 28.0248279571533 27.8496532440186 27.7488079071045 27.6657199859619 27.6538333892822 27.6978073120117 28.4836444854736 29.2545166015625 29.962760925293 30.5931072235107 31.0590038299561 31.4393005371094 31.7149810791016 31.8581790924072 31.9048824310303 31.9602012634277 32.0190887451172 32.1429214477539 32.2795143127441 32.5137023925781 32.7574462890625 33.0592269897461 33.3539085388184 33.6236228942871 33.8837356567383 34.1260147094727 34.3977088928223 34.7014465332031 35.0058784484863 35.3107604980469 35.4744148254395 35.5873413085938 35.6268043518066
33.6397743225098 33.3910636901855 33.1227493286133 32.8721389770508 32.625186920166 32.4281311035156 32.2196311950684 31.9529361724854 31.6827526092529 31.404146194458 31.1844310760498 31.045560836792 30.8029346466064 30.4754180908203 30.3359832763672 30.2856388092041 30.2652130126953 30.2519340515137 30.2138805389404 30.1970272064209 30.5135097503662 30.842227935791 31.2221546173096 31.5564079284668 31.7942390441895 31.9794540405273 32.1003608703613 32.159309387207 32.1731300354004 32.2149887084961 32.2684555053711 32.3511695861816 32.4396286010742 32.6238021850586 32.8198318481445 33.097038269043 33.3738021850586 33.6490211486816 33.9065895080566 34.1313743591309 34.3691864013672 34.6211853027344 34.8886260986328 35.1660575866699 35.3616600036621 35.5278625488281 35.6213302612305
34.1123352050781 33.9248123168945 33.7216567993164 33.5100898742676 33.2995109558105 33.1388130187988 32.9749031066895 32.7946510314941 32.6114501953125 32.4211311340332 32.2826919555664 32.2154731750488 32.1262054443359 32.0188980102539 32.0098533630371 32.0473556518555 32.0884056091309 32.130298614502 32.101619720459 32.0726509094238 32.1100311279297 32.1603240966797 32.2646636962891 32.3488235473633 32.3903732299805 32.4074668884277 32.3946723937988 32.398609161377 32.4147338867188 32.4575881958008 32.5115127563477 32.5674095153809 32.6236915588379 32.7685852050781 32.926155090332 33.1754760742188 33.4285049438477 33.6945686340332 33.941520690918 34.1529769897461 34.3634376525879 34.572811126709 34.7986221313477 35.0350646972656 35.2301063537598 35.4102783203125 35.5318260192871
34.482292175293 34.341854095459 34.1944694519043 34.0577239990234 33.9229698181152 33.8126487731934 33.7004661560059 33.5788230895996 33.448055267334 33.2952651977539 33.1815872192383 33.1216049194336 33.091236114502 33.0851020812988 33.1470527648926 33.2412605285645 33.3278274536133 33.4125709533691 33.4231948852539 33.4231338500977 33.341625213623 33.2513732910156 33.1245346069336 32.9973335266113 32.8693618774414 32.741039276123 32.6122894287109 32.5858383178711 32.6338958740234 32.6899223327637 32.7492485046387 32.7903747558594 32.8279266357422 32.9425735473633 33.0694732666016 33.2881240844727 33.5125160217285 33.7570877075195 33.986629486084 34.1882591247559 34.3768692016602 34.5512962341309 34.7315635681152 34.9156074523926 35.0827255249023 35.2437629699707 35.3715553283691
34.823184967041 34.7180213928223 34.6092872619629 34.5114135742188 34.4151344299316 34.3319664001465 34.2477340698242 34.1580810546875 34.0601654052734 33.9422988891602 33.8562469482422 33.8138771057129 33.8261947631836 33.8832588195801 33.9857559204102 34.1097755432129 34.1985816955566 34.2789764404297 34.2599983215332 34.2240829467773 34.0409927368164 33.844295501709 33.5906524658203 33.3582534790039 33.1706924438477 33.0076065063477 32.8744354248047 32.8412704467773 32.8809432983398 32.9326095581055 32.9892349243164 33.023983001709 33.0544319152832 33.1467666625977 33.249382019043 33.4300575256348 33.6181182861328 33.8321495056152 34.036003112793 34.2209510803223 34.3902053833008 34.542366027832 34.6903114318848 34.8355255126953 34.9770774841309 35.1173133850098 35.2428932189941
35.1498527526855 35.0741920471191 34.9957237243652 34.9191284179688 34.8430480957031 34.7756690979004 34.7077484130859 34.6370582580566 34.5624084472656 34.4781951904297 34.4211769104004 34.4014892578125 34.448558807373 34.5502433776855 34.6783866882324 34.8190574645996 34.8889236450195 34.9418716430664 34.8595695495605 34.7561073303223 34.479907989502 34.1934509277344 33.8640823364258 33.5784339904785 33.3850784301758 33.2413787841797 33.1583709716797 33.1300773620605 33.1416435241699 33.1803588867188 33.2303237915039 33.2628021240234 33.2918434143066 33.3657379150391 33.4471969604492 33.5863151550293 33.7342796325684 33.9133529663086 34.0874671936035 34.2523765563965 34.4034957885742 34.5395965576172 34.6616859436035 34.7747116088867 34.8918533325195 35.0104713439941 35.129695892334
35.3647384643555 35.3154830932617 35.2633743286133 35.2079010009766 35.1522026062012 35.0996742248535 35.04736328125 34.996166229248 34.9428482055664 34.884407043457 34.8481597900391 34.8423805236816 34.8907508850098 34.9834213256836 35.0944900512695 35.2142753601074 35.2535591125488 35.2736129760742 35.1299514770508 34.9654960632324 34.6620903015137 34.3607902526855 34.0682907104492 33.8158798217773 33.6481094360352 33.509708404541 33.4072036743164 33.3725242614746 33.3872489929199 33.4272613525391 33.4777450561523 33.5030708312988 33.5234489440918 33.5759963989258 33.6348266601562 33.7433891296387 33.8615112304688 34.0132446289062 34.1620330810547 34.305347442627 34.436092376709 34.5531425476074 34.6562347412109 34.7502937316895 34.8514518737793 34.9551582336426 35.0671691894531
