Ecospace-environmental-drivers/Outputs/ASCII-for-ecospace/MOM6-ISIMIP3a/so/2010-04_so_MOM6-ISIMIP3a.asc
NCOLS 131 
NROWS 53 
XLLCORNER -98 
YLLCORNER 23.9265270233154 
CELLSIZE 0.133587792515755 
NODATA_value -9999 
[rows 21 to 41 of 53, columns 47 to 93 of 131]
36.2371025085449 36.1786994934082 36.1220626831055 36.0636177062988 36.0064544677734 35.9887390136719 35.9694290161133 35.9419975280762 35.9084701538086 35.8602104187012 35.8025932312012 35.7321319580078 35.6652717590332 35.6013565063477 35.5534400939941 35.5131072998047 35.4953575134277 35.4830017089844 35.5076713562012 35.5348968505859 35.5622444152832 35.5902824401855 35.6211929321289 35.6511039733887 35.6789054870605 35.6909713745117 35.6838111877441 35.6765251159668 35.6691513061523 35.662914276123 35.6571464538574 35.6409378051758 35.6226768493652 35.6083526611328 35.5940132141113 35.5780601501465 35.5629081726074 35.5505790710449 35.5417404174805 35.5393867492676 35.5490379333496 35.5717735290527 35.6163215637207 35.6749801635742 35.7353248596191 35.7962760925293 35.8373336791992
36.3953056335449 36.3499603271484 36.3068504333496 36.2620277404785 36.2180938720703 36.2028732299805 36.1857757568359 36.1591300964355 36.1273536682129 36.0831909179688 36.0299835205078 35.96435546875 35.896598815918 35.8270988464355 35.7677688598633 35.7132530212402 35.6772880554199 35.6457557678223 35.648365020752 35.6542053222656 35.6728820800781 35.6933860778809 35.7215347290039 35.7446784973145 35.7572631835938 35.7543258666992 35.7324142456055 35.7135353088379 35.6968612670898 35.6858444213867 35.6771697998047 35.6634254455566 35.648681640625 35.6340866088867 35.6195182800293 35.6051788330078 35.5915756225586 35.5805587768555 35.571891784668 35.5675888061523 35.5761451721191 35.5987167358398 35.6393547058105 35.6916885375977 35.7481307983398 35.8060493469238 35.8493995666504
36.5364456176758 36.5034446716309 36.4729385375977 36.4416007995605 36.4108238220215 36.3973159790039 36.381721496582 36.3554840087891 36.3258438110352 36.287971496582 36.240909576416 36.181224822998 36.1138458251953 36.040168762207 35.9712142944336 35.9044990539551 35.8525009155273 35.8040199279785 35.7835540771484 35.7668037414551 35.7761039733887 35.7885932922363 35.8144111633301 35.8318824768066 35.8317375183105 35.8158378601074 35.7806816101074 35.7508697509766 35.7249488830566 35.7086791992188 35.696403503418 35.6841621398926 35.6719284057617 35.6566886901855 35.6416244506836 35.6293754577637 35.617977142334 35.609561920166 35.6025543212891 35.5981559753418 35.6072845458984 35.6311454772949 35.6685333251953 35.714672088623 35.7663612365723 35.8200416564941 35.864501953125
36.5726509094238 36.5457077026367 36.5205268859863 36.4983558654785 36.4766960144043 36.460636138916 36.4418258666992 36.4090461730957 36.3782768249512 36.3523635864258 36.3183212280273 36.2731246948242 36.2171173095703 36.1522636413574 36.0885200500488 36.0253028869629 35.9763717651367 35.9308547973633 35.8764533996582 35.824634552002 35.8192825317383 35.8206481933594 35.8501243591309 35.877311706543 35.8996696472168 35.9002876281738 35.8743324279785 35.8424758911133 35.806324005127 35.7766723632812 35.7497138977051 35.7257614135742 35.7023963928223 35.6809539794922 35.6606864929199 35.651252746582 35.6443099975586 35.6461296081543 35.6511650085449 35.6621742248535 35.6877403259277 35.7291603088379 35.7808036804199 35.839054107666 35.8931045532227 35.9456443786621 35.9776458740234
36.6057624816895 36.5851593017578 36.5657653808594 36.5508804321289 36.5362739562988 36.516716003418 36.4940643310547 36.4556884765625 36.4234046936035 36.405834197998 36.3813171386719 36.3472633361816 36.3011856079102 36.2452621459961 36.1871185302734 36.1279296875 36.080207824707 36.0352325439453 35.9546585083008 35.8759880065918 35.8606224060059 35.8551788330078 35.8912582397461 35.930534362793 35.9765625 35.9951972961426 35.980354309082 35.9470710754395 35.9003562927246 35.8574028015137 35.8160095214844 35.7805252075195 35.7462043762207 35.7196464538574 35.6953582763672 35.6904525756836 35.6897010803223 35.7035598754883 35.7218284606934 35.7482757568359 35.7895660400391 35.8470268249512 35.9112892150879 35.9799499511719 36.0344123840332 36.0837707519531 36.1030883789062
36.625316619873 36.6122932434082 36.6006736755371 36.5848655700684 36.5682373046875 36.5410614013672 36.5118103027344 36.471996307373 36.4364967346191 36.4114151000977 36.3810844421387 36.3435478210449 36.3010520935059 36.2544975280762 36.2036895751953 36.1508636474609 36.0962142944336 36.041130065918 35.9684257507324 35.8989372253418 35.8939056396484 35.9005661010742 35.9561500549316 36.0179176330566 36.0927314758301 36.1359748840332 36.1406288146973 36.1086120605469 36.0498886108398 35.9939880371094 35.9392623901367 35.8930435180664 35.8484954833984 35.8216018676758 35.7984619140625 35.8056144714355 35.818675994873 35.8524932861328 35.8891792297363 35.9312019348145 35.9850997924805 36.051929473877 36.1216583251953 36.1932640075684 36.2395820617676 36.2768249511719 36.282470703125
36.6495780944824 36.642017364502 36.6358375549316 36.6201400756836 36.6029014587402 36.5702438354492 36.5365333557129 36.4974555969238 36.4613075256348 36.4322319030762 36.3961372375488 36.3504104614258 36.3082427978516 36.2689933776855 36.2229080200195 36.1735877990723 36.1158714294434 36.0561447143555 35.9989280700684 35.9460411071777 35.9536781311035 35.9744033813477 36.0498886108398 36.1298408508301 36.2192192077637 36.2756958007812 36.2919540405273 36.2643280029297 36.2047348022461 36.146110534668 36.0878868103027 36.0378189086914 35.9893493652344 35.9639053344727 35.9431457519531 35.9598007202148 35.9828910827637 36.0285987854004 36.0755767822266 36.1249122619629 36.1827239990234 36.2497673034668 36.3158073425293 36.3811950683594 36.4170913696289 36.4423980712891 36.4378204345703
36.6841201782227 36.6773948669434 36.6715431213379 36.6582298278809 36.6434593200684 36.6099853515625 36.5764923095703 36.5428924560547 36.5116882324219 36.4862823486328 36.4445343017578 36.3803596496582 36.3314208984375 36.2949485778809 36.2479095458984 36.1958656311035 36.1434936523438 36.0910453796387 36.0659446716309 36.0458488464355 36.0712585449219 36.1103248596191 36.2065658569336 36.2953071594238 36.3682250976562 36.4131126403809 36.423755645752 36.4073257446289 36.3711814880371 36.3321304321289 36.2918815612793 36.2529792785645 36.2143440246582 36.1942443847656 36.1785469055176 36.1991233825684 36.2239990234375 36.2640037536621 36.303524017334 36.3421440124512 36.3849067687988 36.4321937561035 36.4745635986328 36.5137519836426 36.5342483520508 36.5480308532715 36.5407180786133
36.7151756286621 36.7095947265625 36.7046394348145 36.6944770812988 36.6831130981445 36.6536521911621 36.6247901916504 36.598991394043 36.5753707885742 36.5569953918457 36.517879486084 36.4502868652344 36.400260925293 36.3646011352539 36.3217544555664 36.2754974365234 36.2313575744629 36.1877212524414 36.1865882873535 36.1904029846191 36.2237586975098 36.268871307373 36.3631744384766 36.4444847106934 36.498363494873 36.5299797058105 36.5343818664551 36.5253143310547 36.5064353942871 36.4851036071777 36.4627571105957 36.4369163513184 36.4103927612305 36.3968238830566 36.3866653442383 36.4050903320312 36.4259757995605 36.455493927002 36.4839019775391 36.5102462768555 36.5380935668945 36.5675773620605 36.5911254882812 36.6108283996582 36.619701385498 36.624683380127 36.6168212890625
36.7418441772461 36.7377891540527 36.734447479248 36.7284126281738 36.7216339111328 36.7022514343262 36.6835784912109 36.668514251709 36.6557807922363 36.6486778259277 36.6226119995117 36.5705108642578 36.5265426635742 36.4892272949219 36.4570465087891 36.4272956848145 36.3950119018555 36.3621253967285 36.374698638916 36.3912467956543 36.4202003479004 36.4558792114258 36.5196990966797 36.5731658935547 36.6047782897949 36.6209869384766 36.6183700561523 36.6118354797363 36.6024513244629 36.5964965820312 36.5919609069824 36.5815734863281 36.5700340270996 36.5644836425781 36.5604553222656 36.5691032409668 36.5787200927734 36.5917358398438 36.604434967041 36.6165504455566 36.6296348571777 36.6437835693359 36.6546020507812 36.663272857666 36.6652755737305 36.6648788452148 36.6592216491699
36.7609634399414 36.7575378417969 36.7549171447754 36.7509002685547 36.7464485168457 36.7341575622559 36.7224617004395 36.7138290405273 36.7068748474121 36.7039604187012 36.6878852844238 36.653736114502 36.6226844787598 36.5941696166992 36.5746421813965 36.5593719482422 36.5395164489746 36.5185623168945 36.5324592590332 36.5489501953125 36.5684051513672 36.5910911560059 36.6273040771484 36.6566162109375 36.6713638305664 36.6768836975098 36.6711158752441 36.666316986084 36.6622200012207 36.6629676818848 36.6657257080078 36.6625709533691 36.6582565307617 36.6568450927734 36.655933380127 36.658863067627 36.6617889404297 36.6646881103516 36.6679039001465 36.671703338623 36.6764183044434 36.6821327209473 36.686710357666 36.6905517578125 36.6903495788574 36.6886940002441 36.6855659484863
36.7744255065918 36.7709541320801 36.768383026123 36.7648048400879 36.760986328125 36.7535400390625 36.7464218139648 36.7409934997559 36.7359733581543 36.7319450378418 36.7235641479492 36.7092132568359 36.6962242126465 36.6843528747559 36.6789665222168 36.6766586303711 36.6696548461914 36.6615295410156 36.6674537658691 36.6742935180664 36.6804275512695 36.6874504089355 36.6982192993164 36.7061462402344 36.7080764770508 36.7064399719238 36.7004356384277 36.6967658996582 36.6948013305664 36.6957511901855 36.6979026794434 36.6958274841309 36.6929168701172 36.6927337646484 36.6926803588867 36.6929321289062 36.6925964355469 36.6901817321777 36.6885833740234 36.6884918212891 36.6896286010742 36.6920967102051 36.6952896118164 36.6989517211914 36.7000503540039 36.7002258300781 36.6998672485352
36.7860984802246 36.7826805114746 36.779956817627 36.775993347168 36.7718505859375 36.7662162780762 36.7607803344727 36.7563781738281 36.7520942687988 36.7480926513672 36.7431144714355 36.7367973327637 36.7310218811035 36.7256965637207 36.7244567871094 36.7251586914062 36.7229499816895 36.7200469970703 36.7218437194824 36.7238693237305 36.724479675293 36.7251968383789 36.7263412475586 36.7263221740723 36.7238426208496 36.7201271057129 36.7149047851562 36.7120742797852 36.710994720459 36.7111511230469 36.7118225097656 36.7098579406738 36.7073745727539 36.7078514099121 36.7083473205566 36.7080230712891 36.7069625854492 36.7033195495605 36.7003135681152 36.6985054016113 36.6979598999023 36.6987953186035 36.7009010314941 36.7038307189941 36.7050094604492 36.7055587768555 36.706298828125
36.797004699707 36.7936859130859 36.7907180786133 36.7860221862793 36.7811393737793 36.7760162353516 36.7710266113281 36.7667198181152 36.7626533508301 36.7591667175293 36.7557487487793 36.7524223327637 36.7492141723633 36.7461051940918 36.7447319030762 36.7441749572754 36.7433128356934 36.742374420166 36.7416915893555 36.7409706115723 36.7394065856934 36.7378196716309 36.7361259460449 36.7339210510254 36.7306289672852 36.7270164489746 36.7230072021484 36.7208938598633 36.720157623291 36.7191047668457 36.7179183959961 36.7156524658203 36.7131767272949 36.7140655517578 36.7149848937988 36.7149810791016 36.7142868041992 36.7111587524414 36.7082138061523 36.7056121826172 36.7042083740234 36.7040977478027 36.7052459716797 36.707202911377 36.707935333252 36.7082290649414 36.7093544006348
36.8045120239258 36.8015670776367 36.7987861633301 36.793773651123 36.7885398864746 36.7835388183594 36.7785034179688 36.7733116149902 36.7684097290039 36.764217376709 36.7605628967285 36.7576484680176 36.7549095153809 36.7523231506348 36.7505264282227 36.7491111755371 36.7479972839355 36.746955871582 36.7456436157227 36.7442817687988 36.7424240112305 36.7405319213867 36.7384948730469 36.7362022399902 36.7333602905273 36.7304077148438 36.7273178100586 36.725643157959 36.7249908447266 36.7237129211426 36.7221755981445 36.7200584411621 36.717830657959 36.7186813354492 36.7195434570312 36.7194366455078 36.7187347412109 36.7159576416016 36.7130432128906 36.7098770141602 36.7079811096191 36.7074737548828 36.7079849243164 36.709156036377 36.7094650268555 36.7094650268555 36.7102088928223
36.8113136291504 36.8088073730469 36.8062934875488 36.8010520935059 36.7955474853516 36.7905883789062 36.7854118347168 36.779125213623 36.7731742858887 36.7680168151855 36.7637557983398 36.7607192993164 36.7580223083496 36.7555999755859 36.7533302307129 36.7511329650879 36.749439239502 36.7478637695312 36.7463073730469 36.7447395324707 36.7429733276367 36.7411918640137 36.7393341064453 36.7373886108398 36.7352561950684 36.7330780029297 36.7308464050293 36.729549407959 36.728931427002 36.7276344299316 36.7260551452637 36.724178314209 36.7222480773926 36.7229652404785 36.7236747741699 36.7233695983887 36.7225875854492 36.7201271057129 36.7172355651855 36.7135467529297 36.7112426757812 36.7104454040527 36.710391998291 36.7108154296875 36.7107048034668 36.7104034423828 36.7106132507324
36.8165245056152 36.8145065307617 36.8125152587891 36.8066101074219 36.8003120422363 36.7942161560059 36.7880172729492 36.7812767028809 36.7750015258789 36.7698440551758 36.7655792236328 36.7625389099121 36.7598266601562 36.7573852539062 36.7548408508301 36.7522468566895 36.7500152587891 36.7478675842285 36.7459182739258 36.7439918518066 36.7421951293945 36.7404022216797 36.738639831543 36.7367706298828 36.7346801757812 36.7326698303223 36.7307510375977 36.7295303344727 36.728816986084 36.7275352478027 36.726016998291 36.724552154541 36.7230987548828 36.724006652832 36.7248420715332 36.7240600585938 36.7229499816895 36.7206916809082 36.7177810668945 36.7136611938477 36.7108268737793 36.7093887329102 36.7091178894043 36.7095985412598 36.7098770141602 36.7100830078125 36.710090637207
36.8215370178223 36.8199081420898 36.8183250427246 36.8118133544922 36.8047904968262 36.7975196838379 36.7902717590332 36.7831382751465 36.7765884399414 36.7714538574219 36.767204284668 36.7641716003418 36.7614898681641 36.7590942382812 36.7562713623047 36.7532501220703 36.7504844665527 36.7477836608887 36.7454299926758 36.7431335449219 36.7412757873535 36.7394561767578 36.7377662658691 36.7359428405762 36.7338485717773 36.7319259643555 36.730224609375 36.7290267944336 36.728199005127 36.7269172668457 36.7254447937012 36.7244071960449 36.7234535217285 36.7245483398438 36.7254943847656 36.7242546081543 36.7228355407715 36.7207908630371 36.7178993225098 36.7134284973145 36.7101287841797 36.7081069946289 36.7076454162598 36.7081985473633 36.7088813781738 36.7096099853516 36.7094383239746
36.8251991271973 36.8228454589844 36.8203773498535 36.814037322998 36.8072471618652 36.7989501953125 36.7908363342285 36.7836723327637 36.7770385742188 36.7716789245605 36.7673454284668 36.7644271850586 36.7622489929199 36.760669708252 36.7574768066406 36.7535133361816 36.7502479553223 36.7471466064453 36.7443618774414 36.741641998291 36.7395286560059 36.737476348877 36.735668182373 36.7337074279785 36.7314300537109 36.729133605957 36.7268104553223 36.725212097168 36.7241401672363 36.7226791381836 36.7210578918457 36.7205581665039 36.7202796936035 36.7212944030762 36.7221298217773 36.7207336425781 36.7192878723145 36.717658996582 36.7151947021484 36.7111778259277 36.7081909179688 36.7063255310059 36.7058258056641 36.7062110900879 36.7070693969727 36.7080993652344 36.707878112793
36.8281936645508 36.8251342773438 36.8218116760254 36.8154983520508 36.808780670166 36.799503326416 36.7905731201172 36.7833976745605 36.7767181396484 36.7712249755859 36.766918182373 36.7642440795898 36.7626037597656 36.7618103027344 36.7582626342773 36.7534141540527 36.7497253417969 36.7463150024414 36.7431678771973 36.7400894165039 36.7377586364746 36.7354888916016 36.733470916748 36.7313079833984 36.7288398742676 36.7261734008789 36.7232666015625 36.721263885498 36.7199172973633 36.718334197998 36.7166481018066 36.7166786193848 36.7170448303223 36.7178153991699 36.7183837890625 36.7168350219727 36.7153396606445 36.7140464782715 36.7120056152344 36.7085876464844 36.7060050964355 36.7043342590332 36.7038536071777 36.7041397094727 36.7050895690918 36.7062759399414 36.7060585021973
36.8287467956543 36.8250541687012 36.8209953308105 36.814151763916 36.8069190979004 36.7968521118164 36.7872734069824 36.780158996582 36.7735786437988 36.7682838439941 36.7643966674805 36.7624435424805 36.7614898681641 36.7613525390625 36.7575340270996 36.7519683837891 36.7481651306152 36.7447853088379 36.7415199279785 36.7383193969727 36.735897064209 36.7334518432617 36.730899810791 36.7283020019531 36.7256050109863 36.7226104736328 36.7192535400391 36.7168312072754 36.7150955200195 36.7135848999023 36.7121658325195 36.7126770019531 36.7135696411133 36.713508605957 36.7132568359375 36.7115516662598 36.7099380493164 36.708667755127 36.7070388793945 36.7047576904297 36.7029266357422 36.701587677002 36.7013244628906 36.7017593383789 36.7024803161621 36.7033081054688 36.7032661437988
