Ecospace-environmental-drivers/Outputs/ASCII-for-ecospace/MOM6-ISIMIP3a/so/2010-01_so_MOM6-ISIMIP3a.asc
NCOLS 131 
NROWS 53 
XLLCORNER -98 
YLLCORNER 23.9265270233154 
CELLSIZE 0.133587792515755 
NODATA_value -9999 
[rows 0 to 20 of 53, columns 47 to 93 of 131]
-9999 -9999 -9999 -9999 -9999 -9999 -9999 -9999 -9999 -9999 -9999 -9999 -9999 -9999 -9999 -9999 -9999 -9999 -9999 -9999 -9999 -9999 -9999 -9999 -9999 -9999 -9999 -9999 -9999 -9999 -9999 -9999 -9999 -9999 -9999 -9999 -9999 -9999 -9999 -9999 -9999 -9999 -9999 -9999 -9999 -9999 -9999
-9999 -9999 -9999 -9999 -9999 -9999 -9999 -9999 -9999 -9999 -9999 -9999 -9999 -9999 -9999 -9999 -9999 -9999 -9999 -9999 -9999 -9999 -9999 -9999 -9999 -9999 -9999 -9999 -9999 -9999 -9999 -9999 -9999 -9999 -9999 -9999 -9999 -9999 -9999 -9999 -9999 -9999 -9999 -9999 -9999 -9999 -9999
-9999 -9999 -9999 -9999 -9999 -9999 -9999 -9999 -9999 -9999 -9999 -9999 -9999 -9999 -9999 -9999 -9999 -9999 -9999 -9999 -9999 -9999 -9999 -9999 -9999 -9999 -9999 33.1422233581543 33.403694152832 -9999 -9999 -9999 -9999 -9999 -9999 -9999 -9999 -9999 -9999 -9999 -9999 -9999 -9999 -9999 -9999 -9999 -9999
-9999 -9999 -9999 -9999 -9999 -9999 -9999 -9999 -9999 -9999 -9999 -9999 -9999 -9999 -9999 -9999 -9999 -9999 -9999 -9999 -9999 -9999 -9999 -9999 -9999 -9999 -9999 33.151683807373 33.3908004760742 -9999 -9999 -9999 -9999 -9999 -9999 -9999 -9999 -9999 -9999 -9999 -9999 -9999 -9999 -9999 -9999 -9999 -9999
-9999 -9999 -9999 -9999 -9999 -9999 -9999 -9999 -9999 -9999 -9999 -9999 -9999 -9999 -9999 -9999 -9999 -9999 28.7277851104736 28.8843841552734 29.0096645355225 29.7404518127441 30.3726978302002 31.4291572570801 32.1458740234375 32.5808448791504 32.913932800293 33.1577911376953 33.3833274841309 33.6312828063965 -9999 -9999 34.9206504821777 35.3353080749512 35.6006317138672 35.7734184265137 35.8412246704102 35.8744926452637 35.8693237304688 35.8392486572266 35.7799873352051 35.6982231140137 -9999 -9999 -9999 -9999 -9999
-9999 -9999 -9999 -9999 -9999 -9999 -9999 -9999 -9999 -9999 -9999 -9999 -9999 -9999 22.0769367218018 -9999 21.9272212982178 21.8147811889648 25.3219261169434 28.7277851104736 28.9157047271729 29.0096645355225 30.4712409973145 31.6371879577637 32.1790428161621 32.6213874816895 32.9421043395996 33.1783103942871 33.3529624938965 33.6187057495117 33.922176361084 34.4326667785645 34.9838562011719 35.3454284667969 35.6766357421875 35.7798347473145 35.8637847900391 35.8800506591797 35.8796463012695 35.8482780456543 35.7898254394531 35.7018585205078 35.6029853820801 35.4970550537109 -9999 -9999 -9999
-9999 -9999 -9999 -9999 -9999 -9999 -9999 -9999 -9999 -9999 22.7990741729736 22.765230178833 22.7419834136963 22.6821804046631 22.3684692382812 22.1082038879395 22.0456695556641 21.921215057373 21.8147811889648 25.4232139587402 28.7277851104736 29.0096645355225 30.4712409973145 31.6371879577637 32.1790428161621 32.6213874816895 32.9421043395996 33.1783103942871 33.3529624938965 33.6187057495117 33.922176361084 34.4326667785645 34.9838562011719 35.3454284667969 35.6766357421875 35.7798347473145 35.8637847900391 35.8800506591797 35.8796463012695 35.8482780456543 35.7898254394531 35.7018585205078 35.6029853820801 35.4970550537109 35.4690589904785 35.5680351257324 -9999
-9999 -9999 -9999 -9999 -9999 -9999 -9999 -9999 -9999 -9999 22.9805297851562 22.7990741729736 22.7313861846924 -9999 22.6196632385254 22.3733234405518 22.1707382202148 22.0456695556641 21.9031925201416 21.8147811889648 25.7270736694336 29.1687126159668 30.6406173706055 31.8007907867432 32.3028793334961 32.709846496582 33.0005645751953 33.2315406799316 33.4189949035645 33.6953659057617 34.0085563659668 34.4641418457031 34.9477157592773 35.297966003418 35.623405456543 35.754711151123 35.8660736083984 35.9072952270508 35.9330139160156 35.9299468994141 35.9004249572754 35.8420715332031 35.7661933898926 35.6789741516113 35.6330604553223 35.6019859313965 35.5945510864258
-9999 -9999 -9999 -9999 -9999 -9999 -9999 -9999 -9999 -9999 -9999 -9999 -9999 -9999 22.6236953735352 22.5715942382812 22.4549179077148 22.2958068847656 22.0456695556641 21.8491287231445 25.85107421875 29.3659515380859 30.8423938751221 31.9910507202148 32.4477272033691 32.8147773742676 33.0722885131836 33.2969169616699 33.4975929260254 33.784984588623 34.1082878112793 34.5037117004395 34.9133071899414 35.2498588562012 35.5676879882812 35.7290420532227 35.8697853088379 35.938060760498 35.992130279541 36.019832611084 36.021900177002 35.996036529541 35.9456748962402 35.8794555664062 35.7602844238281 35.6220970153809 35.5866928100586
30.8437004089355 -9999 -9999 -9999 -9999 -9999 -9999 -9999 -9999 -9999 26.9543418884277 23.1665210723877 -9999 -9999 -9999 22.5436859130859 22.6427707672119 22.7466583251953 22.5459461212158 22.847583770752 26.8169536590576 30.2609062194824 31.5059280395508 32.4695930480957 32.8392868041992 33.1455078125 33.3741455078125 33.5743751525879 33.7539138793945 34.0256538391113 34.335578918457 34.6996269226074 35.0743141174316 35.3591842651367 35.6286163330078 35.7797584533691 35.9134292602539 35.9856758117676 36.0450286865234 36.0804328918457 36.0953369140625 36.0878982543945 36.0618858337402 36.023853302002 35.9291801452637 35.8141632080078 35.6917495727539
30.7078266143799 30.6877689361572 -9999 -9999 -9999 -9999 -9999 -9999 -9999 -9999 28.8553524017334 26.6768264770508 23.1665210723877 -9999 -9999 22.2575759887695 22.5744094848633 23.0963268280029 23.4709415435791 24.0555591583252 27.8439903259277 31.0998973846436 32.127140045166 32.9216117858887 33.224681854248 33.4785385131836 33.6722564697266 33.846076965332 34.0054092407227 34.2599296569824 34.5538749694824 34.8841896057129 35.2216567993164 35.4579811096191 35.6821136474609 35.8237419128418 35.9511070251465 36.0283164978027 36.0937042236328 36.137134552002 36.1638870239258 36.1724700927734 36.1679801940918 36.155029296875 36.0853385925293 35.9952621459961 35.8059997558594
30.7078266143799 30.6476554870605 30.7954578399658 30.7142925262451 -9999 -9999 -9999 -9999 -9999 -9999 -9999 28.4577083587646 26.0738716125488 23.1665210723877 22.7990741729736 22.2575759887695 22.5744094848633 23.0963268280029 24.6682376861572 26.3873500823975 29.1990585327148 31.6387214660645 32.5213394165039 33.2313499450684 33.5769805908203 33.8239288330078 33.9502601623535 34.0868835449219 34.2310066223145 34.4599113464355 34.723934173584 35.0078735351562 35.295726776123 35.5003204345703 35.6957397460938 35.8316268920898 35.9567947387695 36.0442581176758 36.1197280883789 36.172924041748 36.2062492370605 36.2179222106934 36.2197875976562 36.2153129577637 36.1731872558594 36.1175308227539 35.9695701599121
30.8318481445312 30.8521213531494 30.9551277160645 30.7269268035889 -9999 -9999 -9999 -9999 29.2084865570068 29.0909690856934 28.9979782104492 28.9386596679688 27.4364891052246 24.7538166046143 23.6000537872314 23.170503616333 23.4587097167969 23.9184131622314 26.2107601165771 28.59889793396 30.548828125 32.2584800720215 32.9625358581543 33.5529556274414 33.9034881591797 34.1317558288574 34.2105903625488 34.3177070617676 34.4454231262207 34.6453628540039 34.8752098083496 35.1141777038574 35.3549385070801 35.5356292724609 35.7097702026367 35.8416976928711 35.9659004211426 36.0629272460938 36.1475105285645 36.2089729309082 36.2485809326172 36.2643737792969 36.2721786499023 36.2748107910156 36.2558708190918 36.2291870117188 36.1242713928223
31.2659282684326 31.1061115264893 30.9767093658447 30.7269268035889 30.4608211517334 30.0866088867188 29.7272624969482 29.4435367584229 29.2084865570068 29.0909690856934 28.9979782104492 28.9386596679688 28.1822719573975 26.8555641174316 26.4035243988037 26.3657970428467 26.5538082122803 26.7957572937012 28.6163635253906 30.5098361968994 31.8853569030762 33.0805778503418 33.5212326049805 33.9042320251465 34.1655120849609 34.3456840515137 34.4267311096191 34.5235633850098 34.6318969726562 34.7944793701172 34.9795341491699 35.1770401000977 35.3769950866699 35.5533447265625 35.7248229980469 35.857234954834 35.9835510253906 36.0884170532227 36.1796798706055 36.2456703186035 36.290843963623 36.3133316040039 36.3260116577148 36.3323440551758 36.3256568908691 36.3142967224121 36.2567939758301
31.8676853179932 31.5794639587402 31.2841243743896 31.0107975006104 30.7369499206543 30.3882179260254 30.0571308135986 29.8158016204834 29.6229248046875 29.5470314025879 29.5019187927246 29.499059677124 29.2821578979492 28.8901309967041 28.8939399719238 29.0852470397949 29.2824687957764 29.4811019897461 30.8278179168701 32.2179718017578 33.0924530029297 33.8418273925781 34.0676193237305 34.2819862365723 34.472225189209 34.6087608337402 34.6796569824219 34.7579765319824 34.8416938781738 34.9694023132324 35.1153297424316 35.2781181335449 35.4442176818848 35.6165046691895 35.7846221923828 35.9097671508789 36.0303192138672 36.1347389221191 36.2249946594238 36.2889518737793 36.3345146179199 36.3600273132324 36.3750228881836 36.3832092285156 36.3838043212891 36.3816757202148 36.3567237854004
32.7065048217773 32.3629570007324 31.9956588745117 31.6960067749023 31.4034748077393 31.116247177124 30.8533725738525 30.7143840789795 30.6233005523682 30.6478843688965 30.7183380126953 30.8517627716064 30.8826751708984 30.8297176361084 30.9417514801025 31.1319389343262 31.4930477142334 31.894998550415 32.764778137207 33.6393890380859 34.1165618896484 34.5170478820801 34.5965995788574 34.6971702575684 34.8421249389648 34.9413185119629 34.9845924377441 35.0327529907227 35.08447265625 35.1808052062988 35.2956161499023 35.433219909668 35.5753059387207 35.7439193725586 35.9076957702637 36.0145950317383 36.1182518005371 36.210506439209 36.2888984680176 36.3415412902832 36.3801689147949 36.4035263061523 36.4172134399414 36.4246482849121 36.4254951477051 36.4239768981934 36.410572052002
33.3583946228027 33.044979095459 32.7080497741699 32.4394798278809 32.180004119873 31.9770622253418 31.794994354248 31.7191104888916 31.6873054504395 31.7619342803955 31.8951110839844 32.1086692810059 32.2858657836914 32.4333229064941 32.576416015625 32.7174415588379 33.0854148864746 33.5076141357422 34.0456352233887 34.5735511779785 34.8386344909668 35.0509872436523 35.0426483154297 35.0705375671387 35.1749114990234 35.2468872070312 35.2792625427246 35.3179092407227 35.3611183166504 35.4342956542969 35.5198822021484 35.6273040771484 35.739013671875 35.8853569030762 36.0277633666992 36.1191635131836 36.2071838378906 36.2833404541016 36.3466644287109 36.386157989502 36.4163131713867 36.4362907409668 36.4483985900879 36.4554138183594 36.4573440551758 36.4574508666992 36.4508857727051
33.8528671264648 33.6415519714355 33.4211578369141 33.2320175170898 33.0491676330566 32.9496994018555 32.8590431213379 32.8132209777832 32.8048934936523 32.8870964050293 33.0384979248047 33.2849006652832 33.5228881835938 33.7539939880371 33.8631591796875 33.9145660400391 34.1571731567383 34.4454650878906 34.7739715576172 35.0973815917969 35.3063621520996 35.4659538269043 35.4188613891602 35.4086875915527 35.476448059082 35.5297203063965 35.5652885437012 35.6118011474609 35.6662864685059 35.7232246398926 35.7811851501465 35.8542060852051 35.9301910400391 36.0386047363281 36.1453056335449 36.2235107421875 36.2969627380371 36.353702545166 36.3992614746094 36.4240608215332 36.4444465637207 36.4600219726562 36.4703140258789 36.4771919250488 36.4809074401855 36.4834861755371 36.4797973632812
34.3835601806641 34.2260093688965 34.0684432983398 33.9434547424316 33.8249244689941 33.790714263916 33.7578201293945 33.7316284179688 33.7362174987793 33.815128326416 33.9388885498047 34.1242256164551 34.325439453125 34.5396499633789 34.6043968200684 34.5983543395996 34.7443161010742 34.9265937805176 35.156192779541 35.3844566345215 35.5460510253906 35.6707534790039 35.6410751342773 35.6368942260742 35.6865463256836 35.7287940979004 35.7619895935059 35.808708190918 35.8652801513672 35.9119987487793 35.9546356201172 36.0092391967773 36.0661926269531 36.1528053283691 36.2385597229004 36.3051834106445 36.3660545349121 36.4067153930664 36.4385070800781 36.4538269042969 36.4673233032227 36.4788360595703 36.4869346618652 36.4928207397461 36.497688293457 36.5021896362305 36.5007667541504
34.9319763183594 34.8045349121094 34.6835174560547 34.6152038574219 34.5549736022949 34.5673179626465 34.5757179260254 34.5640487670898 34.5763893127441 34.6466903686523 34.7203674316406 34.7986793518066 34.9153785705566 35.0634841918945 35.0786819458008 35.0309257507324 35.0942993164062 35.1842231750488 35.3690299987793 35.5556716918945 35.674144744873 35.7727012634277 35.7879257202148 35.8113021850586 35.8519058227539 35.8868789672852 35.9149742126465 35.9581527709961 36.012321472168 36.0517616271973 36.0850982666016 36.1290969848633 36.1751937866211 36.2478981018066 36.3199272155762 36.3757553100586 36.4250221252441 36.4512367248535 36.4712142944336 36.479606628418 36.4876289367676 36.4952430725098 36.5009574890137 36.505443572998 36.5111541748047 36.5173072814941 36.5178451538086
35.4990043640137 35.3951950073242 35.2956428527832 35.2407608032227 35.1924781799316 35.1989860534668 35.198844909668 35.1649017333984 35.1437835693359 35.1536178588867 35.1658248901367 35.181282043457 35.2325630187988 35.3131446838379 35.3161010742188 35.2822875976562 35.3359603881836 35.4105415344238 35.5548133850098 35.6994132995605 35.7791023254395 35.8489799499512 35.8778038024902 35.9083023071289 35.942325592041 35.973690032959 36.0018081665039 36.0409126281738 36.0880126953125 36.1321105957031 36.1749572753906 36.2245559692383 36.2754821777344 36.3368606567383 36.3966903686523 36.4376335144043 36.4729118347168 36.4882926940918 36.4997940063477 36.504093170166 36.5081787109375 36.5120277404785 36.5151023864746 36.5176811218262 36.5217781066895 36.526424407959 36.527473449707
