Ecospace-environmental-drivers/Outputs/ASCII-for-ecospace/MOM6-ISIMIP3a/so/2010-02_so_MOM6-ISIMIP3a.asc
NCOLS 131 
NROWS 53 
XLLCORNER -98 
YLLCORNER 23.9265270233154 
CELLSIZE 0.133587792515755 
NODATA_value -9999 
[rows 21 to 41 of 53, columns 0 to 46 of 131]
-9999 -9999 -9999 -9999 -9999 -9999 34.8664398193359 34.8270797729492 34.7247848510742 34.5597076416016 34.4609031677246 34.2887916564941 34.28466796875 34.272388458252 34.3679351806641 34.5878944396973 34.8961143493652 35.2649459838867 35.605037689209 35.9340362548828 36.1397171020508 36.3236351013184 36.3924865722656 36.4532814025879 36.467903137207 36.484375 36.5068321228027 36.5246162414551 36.534252166748 36.537467956543 36.5340728759766 36.5262832641602 36.5158233642578 36.4983100891113 36.4784507751465 36.460391998291 36.4426536560059 36.4346733093262 36.4265022277832 36.417106628418 36.4065475463867 36.392749786377 36.3685340881348 36.3282241821289 36.2799453735352 36.2243537902832 36.163444519043
-9999 -9999 -9999 -9999 -9999 -9999 34.8735046386719 34.8664398193359 34.7877197265625 34.6852760314941 34.5597076416016 34.5342140197754 34.5575828552246 34.6776390075684 34.894100189209 35.2218017578125 35.5346488952637 35.8372917175293 36.0778541564941 36.2944450378418 36.4209060668945 36.5314598083496 36.5718727111816 36.6074142456055 36.6152038574219 36.6239738464355 36.6359329223633 36.6447715759277 36.6481666564941 36.6465682983398 36.6398239135742 36.6291999816895 36.6162147521973 36.595630645752 36.5725212097168 36.5547256469727 36.5377464294434 36.5322113037109 36.5267333984375 36.521614074707 36.5149917602539 36.5041770935059 36.4846611022949 36.4517021179199 36.4091110229492 36.3576889038086 36.3022041320801
-9999 -9999 -9999 -9999 34.9824409484863 34.9165496826172 34.8788108825684 34.8752632141113 34.8664398193359 34.7089958190918 34.60595703125 34.7111587524414 34.8654823303223 35.1169967651367 35.4463920593262 35.8656463623047 36.1658706665039 36.3843536376953 36.5153312683105 36.6125183105469 36.6619071960449 36.7028656005859 36.7172088623047 36.7297706604004 36.7323570251465 36.7350311279297 36.7380104064941 36.7392082214355 36.7372970581055 36.7317771911621 36.7225456237793 36.7098236083984 36.6949768066406 36.6722869873047 36.6469841003418 36.6300735473633 36.6144142150879 36.6110649108887 36.6079978942871 36.6067314147949 36.6036376953125 36.595458984375 36.5802307128906 36.5541152954102 36.5167007446289 36.4689102172852 36.4177398681641
-9999 -9999 -9999 -9999 35.1301498413086 35.0042495727539 34.954288482666 34.8788108825684 34.8805351257324 34.9024543762207 34.9659881591797 35.1888084411621 35.4340476989746 35.7236557006836 36.0041923522949 36.2742614746094 36.4474601745605 36.5541305541992 36.6181564331055 36.6657180786133 36.6918754577637 36.7142562866211 36.724422454834 36.7336044311523 36.7367897033691 36.7399787902832 36.7431907653809 36.7449111938477 36.7440299987793 36.7403984069824 36.7339363098145 36.7222595214844 36.7074012756348 36.6850700378418 36.6602478027344 36.6435089111328 36.6279754638672 36.6248397827148 36.6221237182617 36.6220703125 36.6205749511719 36.6150588989258 36.6044692993164 36.5860404968262 36.5585327148438 36.5226936340332 36.4806900024414
-9999 -9999 -9999 -9999 -9999 35.1301498413086 35.0537452697754 35.0297660827637 34.9466896057129 35.1285057067871 35.3376846313477 35.6515922546387 35.9596748352051 36.2562408447266 36.4782066345215 36.6140937805176 36.6782417297363 36.6931266784668 36.7023696899414 36.7094383239746 36.7165908813477 36.723762512207 36.7302131652832 36.7363510131836 36.7400436401367 36.7436943054199 36.7472076416016 36.7495193481445 36.7497406005859 36.7479705810547 36.7441558837891 36.7340927124023 36.7202186584473 36.6991806030273 36.6757545471191 36.6588325500488 36.6428909301758 36.6391258239746 36.6359634399414 36.6366233825684 36.6363372802734 36.6334075927734 36.627269744873 36.6161727905273 36.598274230957 36.5741348266602 36.5418395996094
-9999 -9999 -9999 -9999 -9999 35.1160202026367 35.1301498413086 35.1762580871582 35.2411231994629 35.4974822998047 35.7605323791504 36.0491981506348 36.2970237731934 36.464038848877 36.5848388671875 36.6523094177246 36.6862449645996 36.6971473693848 36.7049598693848 36.7115783691406 36.7182807922363 36.7249984741211 36.7297439575195 36.7343444824219 36.7381439208984 36.7420120239258 36.7461204528809 36.7493286132812 36.7509613037109 36.7509498596191 36.7492485046387 36.7432975769043 36.7347564697266 36.7191123962402 36.701099395752 36.6824226379395 36.6637344360352 36.6556434631348 36.6485404968262 36.6477317810059 36.6469573974609 36.6462821960449 36.6437797546387 36.6384506225586 36.6288414001465 36.6153030395508 36.5950927734375
-9999 -9999 35.0454406738281 35.062915802002 35.0925140380859 35.1018714904785 35.1160354614258 35.3069610595703 35.5155181884766 35.8217163085938 36.1149711608887 36.3586883544922 36.544189453125 36.6144943237305 36.6610717773438 36.6802673339844 36.6926498413086 36.7003517150879 36.7070121765137 36.7132682800293 36.7195777893066 36.7258987426758 36.7293319702148 36.7327499389648 36.7365455627441 36.7405319213867 36.7451248168945 36.7491188049316 36.752067565918 36.7536239624023 36.7537498474121 36.751220703125 36.7470817565918 36.7367095947266 36.7242584228516 36.7059898376465 36.6869621276855 36.6746368408203 36.663501739502 36.6599388122559 36.6573524475098 36.6574745178223 36.6570930480957 36.655933380127 36.652660369873 36.6474494934082 36.6373062133789
-9999.000000000000000 -9999 -9999 -9999 34.9943618774414 35.0831527709961 35.0745239257812 35.4032249450684 35.7461967468262 36.04833984375 36.3201599121094 36.4759216308594 36.5945854187012 36.6398429870605 36.6709823608398 36.6858291625977 36.6955604553223 36.7017707824707 36.707893371582 36.7139739990234 36.7200164794922 36.7260513305664 36.7290496826172 36.732048034668 36.7356185913086 36.7394866943359 36.7443313598633 36.7488861083984 36.7529373168945 36.7556381225586 36.756950378418 36.75634765625 36.7545852661133 36.7492218017578 36.7426567077637 36.7294960021973 36.715404510498 36.699047088623 36.6836700439453 36.6745529174805 36.6672477722168 36.6649971008301 36.6634407043457 36.6629524230957 36.6617622375488 36.6599311828613 36.6554183959961
-9999 -9999 -9999 -9999 34.8417816162109 34.7980575561523 34.8904113769531 35.3612785339355 35.8390579223633 36.1642532348633 36.4438629150391 36.549015045166 36.6293487548828 36.6605796813965 36.6828117370605 36.6946640014648 36.7020492553711 36.7063674926758 36.7115440368652 36.7170486450195 36.7222023010254 36.727294921875 36.7291946411133 36.7311973571777 36.7346076965332 36.7383651733398 36.7432403564453 36.7479858398438 36.752498626709 36.7559700012207 36.758373260498 36.7593765258789 36.7595291137695 36.7577743530273 36.7553863525391 36.7468376159668 36.7373924255371 36.7212944030762 36.7056732177734 36.6931076049805 36.6824531555176 36.677131652832 36.6734619140625 36.6723480224609 36.6716842651367 36.6714401245117 36.6699981689453
-9999 -9999 -9999 -9999 34.7210960388184 34.6441345214844 34.5491027832031 35.1454620361328 35.7585334777832 36.1408805847168 36.4650573730469 36.5665855407715 36.6444511413574 36.6755104064941 36.6970520019531 36.7076072692871 36.7130393981934 36.7149543762207 36.718677520752 36.7230949401855 36.7265853881836 36.729907989502 36.7298851013184 36.7301597595215 36.7334976196289 36.7371444702148 36.7417755126953 36.7462387084961 36.750415802002 36.7541923522949 36.7575607299805 36.759765625 36.7612571716309 36.7613525390625 36.7609786987305 36.7564239501953 36.7512550354004 36.7408218383789 36.7299880981445 36.7166213989258 36.7043380737305 36.6950645446777 36.688102722168 36.6847267150879 36.6826400756836 36.6817321777344 36.6801261901855
-9999 -9999 -9999 -9999 34.6441345214844 34.5290985107422 34.3940620422363 35.0108337402344 35.6435546875 36.0826225280762 36.4549331665039 36.5717010498047 36.6592788696289 36.689094543457 36.7091979980469 36.7180938720703 36.7221870422363 36.7229804992676 36.7262001037598 36.7303581237793 36.7325973510742 36.7344932556152 36.7331237792969 36.7320861816406 36.7344017028809 36.7370719909668 36.7409019470215 36.7444152832031 36.7473754882812 36.7503623962402 36.7533760070801 36.7562675476074 36.7590827941895 36.7610893249512 36.7628288269043 36.7609977722168 36.7586441040039 36.7521553039551 36.7450256347656 36.7337989807129 36.7229804992676 36.7132911682129 36.705249786377 36.6997413635254 36.6958541870117 36.6934509277344 36.6909637451172
-9999 -9999 -9999 -9999 34.5224304199219 34.3940620422363 34.9244537353516 34.9370994567871 35.5027351379395 35.9982032775879 36.421314239502 36.5674781799316 36.6738929748535 36.7016639709473 36.7197723388672 36.726734161377 36.7299423217773 36.7305793762207 36.734016418457 36.7385330200195 36.7398300170898 36.7405624389648 36.7382736206055 36.7362365722656 36.7368087768555 36.737865447998 36.740478515625 36.7425346374512 36.7436180114746 36.7449913024902 36.7466621398926 36.7498588562012 36.753978729248 36.7579536437988 36.7618751525879 36.7618103027344 36.7611694335938 36.7573471069336 36.7531051635742 36.7462158203125 36.739185333252 36.731746673584 36.7242698669434 36.7167358398438 36.710765838623 36.7062377929688 36.7023391723633
-9999 -9999 -9999 -9999 34.3940620422363 34.9597930908203 35.2028884887695 35.3558158874512 35.4066467285156 35.9369964599609 36.3923721313477 36.5607833862305 36.6817398071289 36.7087936401367 36.726490020752 36.7333869934082 36.7372283935547 36.7389640808105 36.7428894042969 36.7476539611816 36.7484588623047 36.7485656738281 36.7461204528809 36.743782043457 36.7427825927734 36.7422332763672 36.7431602478027 36.7432899475098 36.7420234680176 36.7409782409668 36.740161895752 36.7419357299805 36.7452850341797 36.7504615783691 36.7562446594238 36.7589302062988 36.761157989502 36.7588844299316 36.7563552856445 36.752197265625 36.7477531433105 36.7425117492676 36.7365989685059 36.7296524047852 36.7234535217285 36.7179374694824 36.7130966186523
-9999 -9999 -9999 -9999 -9999 35.2718315124512 35.3177642822266 35.315746307373 35.3297309875488 35.8857421875 36.3654403686523 36.5530319213867 36.6866798400879 36.7135848999023 36.7315483093262 36.7391929626465 36.7443084716797 36.7476921081543 36.7522163391113 36.7571830749512 36.7576866149902 36.7574005126953 36.7551231384277 36.7527847290039 36.7502784729004 36.7481346130371 36.7471733093262 36.745174407959 36.7413635253906 36.7375526428223 36.7337493896484 36.7333602905273 36.7350540161133 36.7411041259766 36.7486114501953 36.7544708251953 36.7600593566895 36.758861541748 36.7575416564941 36.7554206848145 36.7530479431152 36.7499771118164 36.7460556030273 36.7408256530762 36.7351837158203 36.7291717529297 36.7235908508301
-9999 -9999 -9999 -9999 -9999 35.3090629577637 35.2948417663574 35.2817344665527 35.3265342712402 35.9037628173828 36.3974571228027 36.5714149475098 36.6953392028809 36.720272064209 36.7373275756836 36.745288848877 36.7512702941895 36.7558937072754 36.7608680725098 36.7659797668457 36.7663612365723 36.7659111022949 36.7639083862305 36.7618103027344 36.7592239379883 36.7566795349121 36.7542572021484 36.750904083252 36.7459259033203 36.7401504516602 36.7335510253906 36.7301254272461 36.7286338806152 36.733570098877 36.7406463623047 36.7478103637695 36.754940032959 36.7563781738281 36.7575225830078 36.7568016052246 36.7557601928711 36.753833770752 36.750804901123 36.7460708618164 36.7408485412598 36.7351837158203 36.7300071716309
-9999 -9999 -9999 -9999 -9999 35.3460464477539 35.3145866394043 35.2870445251465 35.3385963439941 35.9361190795898 36.4416732788086 36.5952033996582 36.7047729492188 36.727352142334 36.7432556152344 36.7514495849609 36.7582092285156 36.7639846801758 36.7693748474121 36.7746200561523 36.7749252319336 36.774356842041 36.772647857666 36.7708435058594 36.7684707641602 36.7657661437988 36.7619743347168 36.7574310302734 36.7515716552734 36.7439918518066 36.7346382141113 36.7279968261719 36.7230072021484 36.7264137268066 36.7326164245605 36.7406883239746 36.7489929199219 36.7533874511719 36.7572555541992 36.7578010559082 36.7579383850098 36.7569465637207 36.7545776367188 36.7500915527344 36.7452621459961 36.7401161193848 36.7355842590332
-9999 -9999 -9999 -9999 -9999 -9999 35.4287147521973 35.3749771118164 35.4214286804199 36.0008773803711 36.4881858825684 36.6228294372559 36.718936920166 36.7388038635254 36.7527389526367 36.7598304748535 36.7657737731934 36.770923614502 36.7760963439941 36.7812805175781 36.7818222045898 36.7815475463867 36.7799835205078 36.7783813476562 36.7766799926758 36.7744941711426 36.7707290649414 36.7660064697266 36.7596206665039 36.7506790161133 36.7391090393066 36.7302627563477 36.7230796813965 36.7257614135742 36.7317276000977 36.7390251159668 36.7464904785156 36.7513618469238 36.7558784484863 36.7581024169922 36.7595710754395 36.7589378356934 36.7566909790039 36.7519493103027 36.7468566894531 36.7414398193359 36.7371711730957
-9999 -9999 -9999 -9999 -9999 -9999 35.5975112915039 35.6241264343262 35.5277557373047 36.0777549743652 36.5374984741211 36.6517753601074 36.7334289550781 36.7505226135254 36.7624282836914 36.7683525085449 36.7734107971191 36.7778701782227 36.7826957702637 36.7876663208008 36.788516998291 36.7886428833008 36.7872657775879 36.7858848571777 36.7847633361816 36.7830619812012 36.7794799804688 36.7746620178223 36.7676887512207 36.7573738098145 36.7436141967773 36.732738494873 36.7236213684082 36.7256736755371 36.7314491271973 36.737922668457 36.7444801330566 36.7497100830078 36.7547378540039 36.7584915161133 36.7611618041992 36.7608299255371 36.7586479187012 36.7536125183105 36.7482109069824 36.7424774169922 36.738410949707
-9999 -9999 -9999 -9999 -9999 -9999 35.8923873901367 35.7934341430664 35.8508758544922 36.268440246582 36.615550994873 36.6930122375488 36.7491340637207 36.7630348205566 36.772647857666 36.7773056030273 36.7815170288086 36.7854232788086 36.7888603210449 36.792121887207 36.7938842773438 36.7953834533691 36.7946586608887 36.7937774658203 36.7920036315918 36.7900924682617 36.7877426147461 36.7831954956055 36.7748146057129 36.7627487182617 36.7468795776367 36.7353363037109 36.726432800293 36.728515625 36.7342643737793 36.7401733398438 36.7460975646973 36.7515144348145 36.756664276123 36.7601356506348 36.762580871582 36.7621726989746 36.7597541809082 36.7542190551758 36.7483520507812 36.7421836853027 36.7378196716309
-9999 -9999 -9999 -9999 -9999 36.380687713623 36.2100791931152 36.2596054077148 36.1646614074707 36.4509391784668 36.687084197998 36.7313537597656 36.7643966674805 36.7752265930176 36.7826118469238 36.7860145568848 36.7894554138184 36.7929229736328 36.7949485778809 36.7964210510254 36.798828125 36.801399230957 36.8014755249023 36.8012657165527 36.7991104125977 36.797061920166 36.7953605651855 36.7906227111816 36.7805824279785 36.7668037414551 36.7491683959961 36.7378425598145 36.7303619384766 36.7325782775879 36.7380294799805 36.7432556152344 36.7484550476074 36.753719329834 36.758674621582 36.7616882324219 36.7637367248535 36.7630920410156 36.7604103088379 36.754566192627 36.7483406066895 36.741756439209 36.7371025085449
-9999 -9999 -9999 -9999 36.4499473571777 36.4239921569824 36.380687713623 36.4065856933594 36.4442176818848 36.6034278869629 36.7347106933594 36.7590942382812 36.7780456542969 36.7862319946289 36.7916412353516 36.7938423156738 36.7967834472656 36.8002319335938 36.8007545471191 36.8001518249512 36.8022155761719 36.8047485351562 36.8061828613281 36.8072814941406 36.8057403564453 36.8038139343262 36.8006401062012 36.7940139770508 36.7813682556152 36.7660179138184 36.7478866577148 36.7400169372559 36.7383918762207 36.7411079406738 36.7452735900879 36.7493934631348 36.7535095214844 36.757381439209 36.760986328125 36.7628936767578 36.7639122009277 36.7624549865723 36.7594299316406 36.753978729248 36.7477569580078 36.7408256530762 36.7359275817871
