Ecospace-environmental-drivers/Outputs/ASCII-for-ecospace/MOM6-ISIMIP3a/so/2012_mo08_avg50y_so_MOM6-ISIMIP3a.asc
NCOLS 131 
NROWS 53 
XLLCORNER -98 
YLLCORNER 23.9265270233154 
CELLSIZE 0.133587792515755 
NODATA_value -9999 
[rows 0 to 20 of 53, columns 48 to 95 of 131]
-9999 -9999 -9999 -9999 -9999 -9999 -9999 -9999 -9999 -9999 -9999 -9999 -9999 -9999 -9999 -9999 -9999 -9999 -9999 -9999 -9999 -9999 -9999 -9999 -9999 -9999 -9999 -9999 -9999 -9999 -9999 -9999 -9999 -9999 -9999 -9999 -9999 -9999 -9999 -9999 -9999 -9999 -9999 -9999 -9999 -9999 -9999 -9999
-9999 -9999 -9999 -9999 -9999 -9999 -9999 -9999 -9999 -9999 -9999 -9999 -9999 -9999 -9999 -9999 -9999 -9999 -9999 -9999 -9999 -9999 -9999 -9999 -9999 -9999 -9999 -9999 -9999 -9999 -9999 -9999 -9999 -9999 -9999 -9999 -9999 -9999 -9999 -9999 -9999 -9999 -9999 -9999 -9999 -9999 -9999 -9999
-9999 -9999 -9999 -9999 -9999 -9999 -9999 -9999 -9999 -9999 -9999 -9999 -9999 -9999 -9999 -9999 -9999 -9999 -9999 -9999 -9999 -9999 -9999 -9999 -9999 -9999 -9999 -9999 -9999 -9999 -9999 -9999 -9999 -9999 -9999 -9999 -9999 -9999 -9999 -9999 -9999 -9999 -9999 -9999 -9999 -9999 -9999 -9999
-9999 -9999 -9999 -9999 -9999 -9999 -9999 -9999 -9999 -9999 -9999 -9999 -9999 -9999 -9999 -9999 -9999 -9999 -9999 -9999 -9999 -9999 -9999 -9999 -9999 -9999 -9999 -9999 -9999 -9999 -9999 -9999 -9999 -9999 -9999 -9999 -9999 -9999 -9999 -9999 -9999 -9999 -9999 -9999 -9999 -9999 -9999 -9999
-9999 -9999 -9999 -9999 -9999 -9999 -9999 -9999 -9999 -9999 -9999 -9999 -9999 -9999 -9999 -9999 -9999 -9999 -9999 -9999 -9999 -9999 -9999 -9999 -9999 -9999 -9999 -9999 -9999 -9999 -9999 -9999 -9999 -9999 -9999 -9999 -9999 -9999 -9999 -9999 -9999 -9999 -9999 -9999 -9999 -9999 -9999 -9999
-9999 -9999 -9999 -9999 -9999 -9999 -9999 -9999 -9999 -9999 -9999 -9999 -9999 -9999 -9999 -9999 -9999 -9999 -9999 -9999 24.6855104827881 26.1936398696899 27.5067147445679 28.4080144119263 29.1864060211182 29.8145790863037 30.372084274292 30.8781162261963 31.3443393707275 31.7940766906738 32.2315707778931 32.6666580581665 33.0185474777222 33.3571970748901 33.5966102218628 33.8203940963745 33.9892258071899 34.1460534286499 34.2805894470215 34.4016438293457 34.5080083465576 34.5591377258301 34.5745272064209 -9999 -9999 -9999 -9999 -9999
-9999 -9999 -9999 -9999 -9999 -9999 -9999 -9999 -9999 -9999 -9999 -9999 -9999 -9999 -9999 -9999 -9999 -9999 -9999 24.3946520614624 24.6855104827881 26.1936398696899 27.5067147445679 28.4080144119263 29.1864060211182 29.8145790863037 30.372084274292 30.8781162261963 31.3443393707275 31.7940766906738 32.2315707778931 32.6666580581665 33.0185474777222 33.3571970748901 33.5966102218628 33.8203940963745 33.9892258071899 34.1460534286499 34.2805894470215 34.4016438293457 34.5080083465576 34.5591377258301 34.5745272064209 34.5785942077637 -9999 -9999 -9999 -9999
-9999 -9999 -9999 -9999 -9999 -9999 -9999 -9999 -9999 -9999 -9999 -9999 -9999 -9999 -9999 -9999 -9999 -9999 20.2511420440674 22.4599767303467 24.5364655685425 26.0590742492676 27.3956984329224 28.339694442749 29.1394289016724 29.7628465270996 30.3186124420166 30.8251016616821 31.290298538208 31.7383945465088 32.1639094543457 32.5849848556519 32.9277057266235 33.2580679702759 33.4960474395752 33.7199332809448 33.8942654800415 34.0604132080078 34.2113621520996 34.3521022033691 34.4817200469971 34.5628159332275 34.6125157928467 34.6603281402588 34.7074620056152 -9999 -9999 -9999
-9999 -9999 -9999 -9999 -9999 -9999 -9999 -9999 -9999 -9999 -9999 -9999 -9999 -9999 -9999 -9999 -9999 20.7269533538818 20.2815693664551 22.394295501709 24.3955633926392 25.9303662109375 27.2899098205566 28.2794672012329 29.1012933349609 29.7181174087524 30.2703969573975 30.7756633758545 31.2380530548096 31.6826857376099 32.0936441040039 32.4979829406738 32.8295660400391 33.1498099899292 33.385611114502 33.6090900039673 33.7892433547974 33.9654898452759 34.1344809341431 34.2969691467285 34.4523724365234 34.5666136169434 34.6542211914063 34.6924362945557 34.7129093933105 34.744854888916 34.7786018371582 -9999
-9999 -9999 -9999 -9999 -9999 -9999 -9999 -9999 -9999 -9999 -9999 -9999 -9999 -9999 -9999 -9999 -9999 21.3676572418213 21.5437678909302 23.3577677536011 25.0947325515747 26.5092970275879 27.7813582992554 28.7525841522217 29.5413214492798 30.1070205307007 30.6029833602905 31.0481516647339 31.4510524749756 31.8364490127563 32.1905020523071 32.5383937835693 32.8265068817139 33.1057014083862 33.3193951034546 33.5247668457031 33.7008777236938 33.8784965515137 34.058916053772 34.2388726043701 34.4183241271973 34.5605841064453 34.6787797546387 34.7374147033691 34.7746549224854 34.7793089294434 34.7788457489014 -9999
-9999 -9999 -9999 -9999 -9999 -9999 -9999 -9999 -9999 -9999 -9999 -9999 -9999 23.1721187210083 23.0269716262817 23.1066534423828 23.24005443573 22.964688835144 22.7797202682495 24.3191904830933 25.8110386657715 27.1035850524902 28.2829426193237 29.2233500671387 29.9733157730103 30.490521812439 30.9322993850708 31.3191358947754 31.6632225799561 31.9896050262451 32.2871258163452 32.5789728164673 32.8242924499512 33.0630851364136 33.2549548721313 33.4423357009888 33.6139340209961 33.7921211624146 33.9825453567505 34.1787731933594 34.3813242340088 34.5511193847656 34.6997197723389 34.7787214660645 34.8327225494385 34.8163252258301 34.7888733673096 34.773366394043
31.0814031600952 -9999 -9999 -9999 -9999 -9999 -9999 -9999 -9999 -9999 -9999 -9999 23.2706117248535 23.1721187210083 23.0269716262817 23.1066534423828 23.24005443573 23.5169291687012 23.8748920440674 25.2696201324463 26.6192671585083 27.7802463150024 28.8388928985596 29.6815071487427 30.3622174835205 30.8450480270386 31.244072227478 31.5820537567139 31.8709432220459 32.1395021057129 32.3824917602539 32.6204543685913 32.8266046905518 33.0284748840332 33.2000400543213 33.3700549697876 33.5346171951294 33.7090605926514 33.9018532180786 34.1079336166382 34.3284909057617 34.5232251739502 34.7012519836426 34.8003347015381 34.8710599517822 34.8670822143555 34.8513751983643 34.8027481842041
31.0390594482422 30.9077015686035 30.5900231552124 30.2518927383423 29.8765040969849 29.4947945404053 29.0809335327148 28.6808968353271 28.3142398071289 27.9293538284302 27.5194417572021 26.2792043685913 24.3596176147461 23.6634984207153 23.546908493042 23.6122610855103 23.7210856628418 24.3335217666626 25.0176008224487 26.2408690643311 27.4273887634277 28.4601105117798 29.3982255554199 30.1366180801392 30.7411009979248 31.1819190216064 31.5368826293945 31.8293118667603 32.0694564056396 32.2879484558106 32.4837576293945 32.6751080322266 32.8461703109741 33.0146747207642 33.1655340957642 33.3171153640747 33.4712334442139 33.6377662658691 33.8273539733887 34.0363861465454 34.266604385376 34.4802530670166 34.6831812286377 34.8066830444336 34.9016543579102 34.9191246795654 34.9244259643555 34.8645355224609
31.161547088623 30.9181090927124 30.5900231552124 30.2518927383423 29.8765040969849 29.4947945404053 29.0809335327148 28.6808968353271 28.3142398071289 27.9293538284302 27.5194417572021 26.7647267913818 25.7279037094116 25.3833521270752 25.3667143249512 25.3819135284424 25.4047196578979 25.8110083007812 26.2791539001465 27.2641682052612 28.2352434921265 29.1479825973511 29.9660147476196 30.5841132736206 31.0949377059937 31.474651298523 31.7822862243652 32.0374199676514 32.2449502563477 32.4327663803101 32.5997745132446 32.7626922988892 32.9088679885864 33.0529006576538 33.1820499038696 33.3125289154053 33.447682762146 33.5958892059326 33.7683362960815 33.9630694580078 34.1820840454102 34.3995832061768 34.6161017608643 34.7748696899414 34.9128924560547 34.9743790435791 35.0238483428955 35.0073394775391
31.420330619812 31.1255194091797 30.7990434265137 30.4687305450439 30.1223363113403 29.7729811096191 29.4085632705688 29.0552774429321 28.7288711547852 28.4066715240479 28.0902478790283 27.7177711486816 27.2994339752197 27.1941825866699 27.2372333145142 27.2339249038696 27.219539680481 27.4633032226563 27.754154510498 28.4722351837158 29.1948077011108 29.9361791229248 30.5969270324707 31.0874713897705 31.4975833129883 31.8093906021118 32.0641439056396 32.2773397445679 32.4513513946533 32.60913646698 32.7489047622681 32.8851319122314 33.0064324188232 33.1258767700195 33.2325817489624 33.3407196426392 33.4538974761963 33.580631942749 33.7325436019897 33.9086717224121 34.1111850357056 34.3229540252686 34.5407110595703 34.7208778381348 34.8875411987305 34.9866698455811 35.0751947784424 35.1011360931397
31.8718111801147 31.6114566802979 31.3035800170898 30.9921369171143 30.7157305526733 30.4444724655151 30.1994013977051 29.9589640045166 29.7297149658203 29.5588293838501 29.4680692672729 29.3318062210083 29.1583139801025 29.1336376190186 29.1794518661499 29.2023768234253 29.2198329925537 29.3627448654175 29.5309308624268 29.9415300369263 30.3688612365723 30.8662167358398 31.3170838928223 31.6698095703125 31.9692361831665 32.2035199737549 32.3975410079956 32.5622356796265 32.7014510726929 32.8301152038574 32.9448511886597 33.0568490982056 33.1532909393311 33.2479823303223 33.331205291748 33.4152516937256 33.5021942520142 33.6030093765259 33.7295873260498 33.8810237884521 34.0595443725586 34.2520371246338 34.4535704803467 34.6355306243896 34.8104598999023 34.9382186889648 35.0585710144043 35.1256454467773
32.2595695877075 32.0475521850586 31.7953128814697 31.540597114563 31.3301676559448 31.1274696731567 30.9641017150879 30.8035814666748 30.6499378585815 30.571641960144 30.5967889022827 30.590294380188 30.5579113769531 30.589168586731 30.6505709457397 30.7013752746582 30.7496472930908 30.836220664978 30.9335998153687 31.1499610519409 31.3849296951294 31.6977718734741 31.9866205596924 32.2248178100586 32.4298778152466 32.5944387817383 32.7333473587036 32.853571434021 32.9593099594116 33.059048538208 33.1485950469971 33.2361376190186 33.3086793136597 33.3797120285034 33.4414268493652 33.5038763427734 33.5689098739624 33.6473542785644 33.750704460144 33.8780534362793 34.031549949646 34.2009349822998 34.3806006622314 34.5527256011963 34.7221417236328 34.8614143371582 34.9959541320801 35.0915145111084
32.593666343689 32.4416752243042 32.2762638473511 32.1101555633545 31.9623247528076 31.82015625 31.7067903518677 31.5984554290771 31.5022680282593 31.4671094512939 31.5157360458374 31.5493700408936 31.5707374191284 31.6371778106689 31.7249684524536 31.8050379562378 31.8832624435425 31.9509819030762 32.0212257385254 32.1387135314941 32.267956199646 32.4463930130005 32.613529586792 32.7568104553223 32.8812469863892 32.9826533508301 33.0711822128296 33.1503309631348 33.2237023544312 33.2946807861328 33.3589044570923 33.4218009185791 33.4712510299683 33.5195455551147 33.5614151000977 33.6043692016602 33.6511359024048 33.7101979827881 33.7920936203003 33.8958639526367 34.0234685134888 34.1665190124512 34.3195644378662 34.4720609283447 34.6243598175049 34.7607330322266 34.8946057891846 35.0080017852783
32.9779654312134 32.8659131622314 32.7518598556519 32.6381233978272 32.5384507751465 32.4429200744629 32.3684577560425 32.2979790115356 32.2371207046509 32.220079536438 32.2631942367554 32.302829246521 32.3396176147461 32.4111413574219 32.4991186141968 32.5863268280029 32.6733515930176 32.7302951431274 32.7857007217407 32.8487939834595 32.9183304595947 33.014831199646 33.1060248565674 33.186014251709 33.2549954605103 33.3105224990845 33.36092212677 33.407586479187 33.4535508728027 33.4992252349854 33.5411056518555 33.5822402191162 33.6142305755615 33.6455567550659 33.6737016296387 33.7032987976074 33.7380031204224 33.7837308502197 33.8499305725098 33.9346435546875 34.0395275115967 34.1579094696045 34.285025177002 34.4155695343018 34.547345199585 34.6724924468994 34.7965984344482 34.914022064209
33.3868321609497 33.3048875045776 33.2248357772827 33.1457378005981 33.0871569442749 33.0314658355713 32.9904753875732 32.9508414459229 32.9144834518433 32.9033158493042 32.9267316436768 32.9556666564941 32.9891181945801 33.0509951782227 33.1263366317749 33.2098558044434 33.2953287506104 33.3454499435425 33.3920351028442 33.4225004577637 33.4548509979248 33.4950931549072 33.5327419281006 33.5649166488647 33.5907585144043 33.6088610839844 33.6271265792847 33.6455101394653 33.6664947891235 33.688556137085 33.70955078125 33.7303356933594 33.7476222991943 33.7648036193848 33.7822180938721 33.8014627075195 33.8271408843994 33.8624945068359 33.9158164215088 33.9836842346191 34.0674002838135 34.1619287109375 34.2634525299072 34.3709075164795 34.4804933929443 34.5903395080566 34.7002267456055 34.8149201965332
33.8451815414429 33.7851292800903 33.7255207824707 33.6665538787842 33.6237098312378 33.5834074020386 33.5560378265381 33.5292398834229 33.5038238143921 33.4932991409302 33.5032188415527 33.5197422409058 33.5416682434082 33.5840812683105 33.6361979675293 33.6976700592041 33.7613779449463 33.7964632415772 33.8279931640625 33.8363982391357 33.8447489929199 33.8528719329834 33.8594375610352 33.8627155303955 33.8608232879639 33.8526121520996 33.8465944671631 33.8421744155884 33.8426546859741 33.8451643371582 33.8508316802979 33.8571203613281 33.8662600708008 33.8757585144043 33.887724609375 33.9017849731445 33.9232077026367 33.9528244018555 33.9976612091064 34.0538158416748 34.1223021697998 34.1987996673584 34.280479888916 34.3680082702637 34.4576365661621 34.5515441894531 34.6461241149902 34.7518272399902
