Ecospace-environmental-drivers/Outputs/ASCII-for-ecospace/MOM6-ISIMIP3a/so/2012_mo06_avg50y_so_MOM6-ISIMIP3a.asc
NCOLS 131 
NROWS 53 
XLLCORNER -98 
YLLCORNER 23.9265270233154 
CELLSIZE 0.133587792515755 
NODATA_value -9999 
[rows 0 to 20 of 53, columns 48 to 95 of 131]
-9999 -9999 -9999 -9999 -9999 -9999 -9999 -9999 -9999 -9999 -9999 -9999 -9999 -9999 -9999 -9999 -9999 -9999 -9999 -9999 -9999 -9999 -9999 -9999 -9999 -9999 -9999 -9999 -9999 -9999 -9999 -9999 -9999 -9999 -9999 -9999 -9999 -9999 -9999 -9999 -9999 -9999 -9999 -9999 -9999 -9999 -9999 -9999
-9999 -9999 -9999 -9999 -9999 -9999 -9999 -9999 -9999 -9999 -9999 -9999 -9999 -9999 -9999 -9999 -9999 -9999 -9999 -9999 -9999 -9999 -9999 -9999 -9999 -9999 -9999 -9999 -9999 -9999 -9999 -9999 -9999 -9999 -9999 -9999 -9999 -9999 -9999 -9999 -9999 -9999 -9999 -9999 -9999 -9999 -9999 -9999
-9999 -9999 -9999 -9999 -9999 -9999 -9999 -9999 -9999 -9999 -9999 -9999 -9999 -9999 -9999 -9999 -9999 -9999 -9999 -9999 -9999 -9999 -9999 -9999 -9999 -9999 -9999 -9999 -9999 -9999 -9999 -9999 -9999 -9999 -9999 -9999 -9999 -9999 -9999 -9999 -9999 -9999 -9999 -9999 -9999 -9999 -9999 -9999
-9999 -9999 -9999 -9999 -9999 -9999 -9999 -9999 -9999 -9999 -9999 -9999 -9999 -9999 -9999 -9999 -9999 -9999 -9999 -9999 -9999 -9999 -9999 -9999 -9999 -9999 -9999 -9999 -9999 -9999 -9999 -9999 -9999 -9999 -9999 -9999 -9999 -9999 -9999 -9999 -9999 -9999 -9999 -9999 -9999 -9999 -9999 -9999
-9999 -9999 -9999 -9999 -9999 -9999 -9999 -9999 -9999 -9999 -9999 -9999 -9999 -9999 -9999 -9999 -9999 -9999 -9999 -9999 -9999 -9999 -9999 -9999 -9999 -9999 -9999 -9999 -9999 -9999 -9999 -9999 -9999 -9999 -9999 -9999 -9999 -9999 -9999 -9999 -9999 -9999 -9999 -9999 -9999 -9999 -9999 -9999
-9999 -9999 -9999 -9999 -9999 -9999 -9999 -9999 -9999 -9999 -9999 -9999 -9999 -9999 -9999 -9999 -9999 -9999 -9999 -9999 23.5216146087646 25.1056723022461 26.5063670730591 27.519967880249 28.4288214874268 29.2096517562866 29.9369301605225 30.6252020645142 31.2594555664062 31.8713380050659 32.4465671539307 33.0145908737183 33.475852394104 33.9205661392212 34.2422505187988 34.5360866928101 34.7320059585571 34.9015851211548 35.0222467803955 35.1271199035645 35.2147904968262 35.2824189758301 35.3370791625977 -9999 -9999 -9999 -9999 -9999
-9999 -9999 -9999 -9999 -9999 -9999 -9999 -9999 -9999 -9999 -9999 -9999 -9999 -9999 -9999 -9999 -9999 -9999 -9999 23.2161127853394 23.5216146087646 25.1056723022461 26.5063670730591 27.519967880249 28.4288214874268 29.2096517562866 29.9369301605225 30.6252020645142 31.2594555664062 31.8713380050659 32.4465671539307 33.0145908737183 33.475852394104 33.9205661392212 34.2422505187988 34.5360866928101 34.7320059585571 34.9015851211548 35.0222467803955 35.1271199035645 35.2147904968262 35.2824189758301 35.3370791625977 35.351524810791 -9999 -9999 -9999 -9999
-9999 -9999 -9999 -9999 -9999 -9999 -9999 -9999 -9999 -9999 -9999 -9999 -9999 -9999 -9999 -9999 -9999 -9999 20.0802093315124 21.9218656539917 23.7146340560913 25.3027997589111 26.7021842575073 27.7030372238159 28.5921931838989 29.3448324203491 30.0520491409302 30.7261806106567 31.3447676467895 31.9403523635864 32.489118309021 33.0286811828613 33.4636051559448 33.8833023452759 34.1921129989624 34.4760528182983 34.6725453567505 34.8470289611816 34.9806405258179 35.0991640472412 35.2012487030029 35.2779029083252 35.3381031799316 35.3804046630859 35.4162769317627 -9999 -9999 -9999
-9999 -9999 -9999 -9999 -9999 -9999 -9999 -9999 -9999 -9999 -9999 -9999 -9999 -9999 -9999 -9999 -9999 20.5590543746948 20.1224344825745 22.070459022522 23.9493128585815 25.5386810302734 26.9342784500122 27.9208102798462 28.7876134490967 29.5080840301514 30.1916641998291 30.8483739089966 31.4479175186157 32.0237868118286 32.5418013381958 33.0484428405762 33.4531925582886 33.8442178344727 34.138031578064 34.4103542327881 34.6071128082275 34.7867136001587 34.9344505691528 35.0680458068848 35.186233253479 35.2731446075439 35.3398189544678 35.3828115081787 35.4172978210449 35.4341159057617 35.4481600189209 -9999
-9999 -9999 -9999 -9999 -9999 -9999 -9999 -9999 -9999 -9999 -9999 -9999 -9999 -9999 -9999 -9999 -9999 21.1784238815308 21.3510381698608 23.1414645767212 24.8712996673584 26.3475531387329 27.6600780105591 28.6269594192505 29.4555456924438 30.1151077651978 30.7292962265015 31.3104354858398 31.8352803039551 32.3368114089966 32.7782210540772 33.2078122711182 33.5514565658569 33.884006690979 34.1392778015137 34.3788600540161 34.5632808685303 34.7366788101196 34.8896063995361 35.0350304794311 35.1722794342041 35.2771901702881 35.361176071167 35.4100059509277 35.4462066650391 35.4497985076904 35.4482713317871 -9999
-9999 -9999 -9999 -9999 -9999 -9999 -9999 -9999 -9999 -9999 -9999 -9999 -9999 23.0386309814453 22.7674067687988 22.8969134521484 23.1221684646606 22.8088342666626 22.5862889480591 24.2236947250366 25.8074570846558 27.1667155456543 28.3918984603882 29.3340371322632 30.1229959487915 30.7247374725342 31.2704063415527 31.775232925415 32.2237757492065 32.6490093612671 33.0131457519531 33.3652711868286 33.6479419708252 33.9221862792969 34.1392420959473 34.346245803833 34.5179079437256 34.6843831634521 34.8412271118164 34.997434387207 35.152947845459 35.2765589904785 35.3795282745361 35.4356944274902 35.4750482177734 35.4674027252197 35.4523785400391 35.4032168579102
31.1504096221924 -9999 -9999 -9999 -9999 -9999 -9999 -9999 -9999 -9999 -9999 -9999 23.2226767730713 23.0386309814453 22.7674067687988 22.8969134521484 23.1221684646606 23.4484182357788 23.8571937561035 25.3661312866211 26.8196240997314 28.0410747528076 29.1560130691528 30.0460956573486 30.7878594589233 31.3483471679688 31.8301739120483 32.2547043991089 32.6183472824097 32.9567741775513 33.2400487518311 33.5124811553955 33.7348887252808 33.9517331695557 34.1323324203491 34.307626914978 34.4642706680298 34.6199630355835 34.773888092041 34.9352679443359 35.1047702789307 35.2508444213867 35.3817598724365 35.4533065032959 35.5035275268555 35.4953119659424 35.4779208374023 35.4152001953125
31.0612285614014 30.8631169891357 30.5172342300415 30.154796257019 29.7537568283081 29.3515434646606 28.9433592987061 28.5762900924683 28.3084979248047 28.0559754180908 27.8244159698486 26.5601809310913 24.4510394287109 23.6168539047241 23.3865872192383 23.4987911987305 23.6928228378296 24.414189453125 25.2090996551514 26.5471352767944 27.8357740020752 28.9176806640625 29.9140813064575 30.7299716949463 31.4079713821411 31.9174405288696 32.3351049804687 32.6858993530273 32.9743544769287 33.2369921875 33.4514696121216 33.6564797210693 33.8267431259155 33.9936169433594 34.1399412155151 34.2846939468384 34.4239208984375 34.5658107757568 34.7126470947266 34.873342590332 35.0491385650635 35.2122637176514 35.3671906280518 35.4599941253662 35.5304814910889 35.5350481414795 35.5292639160156 35.4681930541992
31.1942127227783 30.8744160461426 30.5172342300415 30.154796257019 29.7537568283081 29.3515434646606 28.9433592987061 28.5762900924683 28.3084979248047 28.0559754180908 27.8244159698486 27.1263789749146 26.0466833114624 25.6406643295288 25.5537509536743 25.6053936767578 25.6901419448853 26.1954457855225 26.7635118865967 27.8245600891113 28.8618812179565 29.7999042129517 30.6570333862305 31.3433895874023 31.9162024307251 32.3502405548096 32.7029425811768 32.9964003372192 33.2339475250244 33.4483402633667 33.6241835784912 33.7924486923218 33.930869178772 34.0663444900513 34.1838477706909 34.3009766387939 34.4167880630493 34.5373287200928 34.6666519927979 34.8120206451416 34.9748714447021 35.1415170288086 35.3106181335449 35.4393675231934 35.5536217498779 35.6043531799316 35.6451107025146 35.6237138366699
31.5160215759277 31.1488542938232 30.7943986129761 30.440821685791 30.0758327102661 29.7122135162354 29.3555606079102 29.0346309661865 28.7999587249756 28.5894915008545 28.412254524231 28.122596206665 27.7409575653076 27.6277996063232 27.6418146514893 27.6696306991577 27.7007439422607 28.0277518844605 28.4023239898682 29.1733182144165 29.9407980728149 30.6935699081421 31.3813054656982 31.9317430496216 32.3955710220337 32.7535430908203 33.044446220398 33.2864973831177 33.481134147644 33.656135597229 33.7999934387207 33.9377294158936 34.0493117141724 34.1581944656372 34.2501622390747 34.3423168945313 34.4351258087158 34.533918762207 34.6438242340088 34.770661239624 34.9159460449219 35.0760050964355 35.2456232452393 35.3954884338379 35.5382576751709 35.627384262085 35.7080879974365 35.7270699310303
32.1047938537598 31.7953227615356 31.4634229660034 31.1312351608276 30.853265953064 30.5828048706055 30.3505389785767 30.1409816360474 29.9862552261353 29.8773020172119 29.8311896133423 29.7267811965942 29.5746769714355 29.5630828857422 29.6180451583862 29.6739700317383 29.7301249694824 29.9322330474854 30.1604615020752 30.6229288482666 31.0943775558472 31.6034136199951 32.0791673278809 32.4846599960327 32.8341333389282 33.1151409912109 33.3487174987793 33.5477458190918 33.7107800674438 33.8589073562622 33.9801805114746 34.0961742401123 34.1879965591431 34.2770804595947 34.3481579589844 34.4190836334229 34.4894744873047 34.56595703125 34.6537506866455 34.7575244903564 34.8787109375 35.017893447876 35.1687203979492 35.3187339782715 35.4684550476074 35.5849915313721 35.6963172912598 35.7566751861572
32.6685424423218 32.4217693328857 32.1512976455688 31.8809356307983 31.679024887085 31.4852815246582 31.3330835342407 31.1908337020874 31.072604560852 31.006607093811 31.0123174667358 31.0048533248901 30.9866105651855 31.0434848022461 31.1359400558472 31.215530128479 31.2920462417603 31.4160839080811 31.551459197998 31.8043294143677 32.0711923980713 32.3966173553467 32.7099418258667 32.9977222061157 33.2534188461304 33.4699018096924 33.6530368041992 33.8118818664551 33.9443918609619 34.0659956359863 34.1656925201416 34.2610829925537 34.3354975128174 34.4071774291992 34.4597379302978 34.5118239593506 34.5622452545166 34.618638381958 34.686123046875 34.7684261322022 34.8668742370606 34.9840362548828 35.1133068847656 35.2522299194336 35.3946204376221 35.519341583252 35.6412883758545 35.7282722473145
33.2112174606323 33.0313548660278 32.8550469970703 32.6805627441406 32.5454804611206 32.4146086120605 32.3051570510864 32.1931077575684 32.0747864151001 32.0024314880371 31.9931831359863 32.0082995986938 32.0433507919312 32.1408226394653 32.2678615188599 32.3673748016357 32.460311050415 32.5457141494751 32.6332810592651 32.7598648834228 32.8991507339478 33.0915961837769 33.2842205810547 33.4772227859497 33.6564696884155 33.8189050292969 33.9573973846436 34.0784492874145 34.1813436889648 34.2767182922363 34.355689163208 34.4314351654053 34.4904224395752 34.5467154693604 34.5827568817139 34.6180168914795 34.6505284118652 34.6887045288086 34.7373983001709 34.7995702362061 34.8764258575439 34.9706034088135 35.075989151001 35.1943577575684 35.3173900604248 35.4341059875488 35.5498304748535 35.6510200500488
33.7517052841186 33.6248616409302 33.5075658416748 33.392127571106 33.3004622268677 33.2099498748779 33.1253052520752 33.0327032470703 32.920885848999 32.842989654541 32.811661567688 32.8193741607666 32.8590292358398 32.9513554382324 33.0686321640015 33.1674067306519 33.2617603302002 33.3263562011719 33.389056930542 33.4539324569702 33.5283170318604 33.6424964141846 33.7608134460449 33.8878637695313 34.0111357498169 34.1297885894775 34.2324950408936 34.3235858917236 34.4024617004395 34.4762793731689 34.5367872619629 34.594679107666 34.6386123657227 34.6802590942383 34.7046229553223 34.7280531311035 34.7482009887695 34.7735831451416 34.8086853027344 34.8555194854736 34.9151363372803 34.9895006561279 35.073408203125 35.17026512146 35.2717736816406 35.3742946624756 35.4769751739502 35.5780592346191
34.2911225891113 34.2105002593994 34.1350135803223 34.0605973815918 34.0008917999268 33.9397227478027 33.871106376648 33.7926885604858 33.6906038665771 33.6075644302368 33.550672454834 33.5363079071045 33.5567390823364 33.621535987854 33.7073469924927 33.7952716064453 33.883701210022 33.9362132263184 33.9852753067017 34.0200458145142 34.060200881958 34.122889213562 34.1896012878418 34.2648073577881 34.3421234130859 34.4220181274414 34.4932730102539 34.5582341003418 34.6158306884766 34.6703765106201 34.7135305023193 34.7544443511963 34.783505859375 34.8108688354492 34.8259239959717 34.8399698638916 34.8504676055908 34.8657102203369 34.8897648620605 34.9236080169678 34.9681161499023 35.0242192077637 35.0878252410889 35.1627024841309 35.2416279602051 35.32692527771 35.4132232666016 35.507198638916
34.6775938415527 34.6283995056152 34.5800199890137 34.5319931793213 34.49122215271 34.4489580535889 34.3990998077393 34.3396201324463 34.2569078826904 34.1836734390259 34.1234498596191 34.0944506072998 34.0909975814819 34.122251625061 34.1699454879761 34.2322801208496 34.2981139755249 34.342494468689 34.3844175720215 34.4120245361328 34.4416667938232 34.4798242950439 34.5206163024902 34.5669693756103 34.6157204437256 34.66740234375 34.7157225799561 34.7615937805176 34.8030180358887 34.8426009368896 34.8719332122803 34.8992507171631 34.9148430633545 34.9293371582031 34.9373413848877 34.9451106262207 34.9520533752441 34.9630973052979 34.9817557525635 35.0083727264404 35.0436600494385 35.0871843719482 35.1360382080078 35.1927949523926 35.2523915863037 35.3193908691406 35.3875524902344 35.468703994751
