Ecospace-environmental-drivers/Outputs/ASCII-for-ecospace/Cfl/Cfl_X2005.06.asc
NCOLS 131 
NROWS 53 
XLLCORNER -98 
YLLCORNER 23.9265270233154 
CELLSIZE 0.133587792515755 
NODATA_value -3.4e+38 
[rows 20 to 39 of 53, columns 45 to 89 of 131]
0.0359196700155735 0.0383728668093681 0.0332263112068176 0.0422525517642498 0.0480786487460136 0.053678423166275 0.0637801587581635 0.0706103965640068 0.054696973413229 0.0358502641320229 0.0461810901761055 0.0409384332597256 0.0297158155590296 0.0252868458628654 0.0281256306916475 0.0196946710348129 0.0270373206585646 0.0350823029875755 0.0516079999506474 0.0719622895121574 0.0407611876726151 0.034415740519762 0.0300673823803663 0.03145407512784 0.0384159907698631 0.0320688188076019 0.0259943380951881 0.0231905076652765 0.0227762497961521 0.0281025841832161 0.0209287609905005 0.0238643903285265 0.0291129015386105 0.0352809689939022 0.0306782443076372 0.0349826291203499 0.0349190980195999 0.0315027609467506 0.0329270735383034 0.0221613682806492 0.028688745573163 0.0356586240231991 0.0264501571655273 0.0277574844658375 0.0315743423998356
0.0323670990765095 0.0300125870853662 0.028933446854353 0.0352858565747738 0.0423700287938118 0.0531016439199448 0.0552633367478848 0.0486746616661549 0.0259300246834755 0.0249735340476036 0.0282722897827625 0.0248966496437788 0.0222114901989698 0.0217961687594652 0.0264426488429308 0.0291602816432714 0.0278065502643585 0.031733114272356 0.0295286942273378 0.0344559326767921 0.0305478572845459 0.0277994014322758 0.0280246380716562 0.0405434034764767 0.0354492589831352 0.0357945449650288 0.0346435531973839 0.0307564307004213 0.0205559935420752 0.0179088916629553 0.0223199650645256 0.0294957719743252 0.0464409217238426 0.0402190648019314 0.0322077386081219 0.0313423089683056 0.0341318808495998 0.0341790020465851 0.0283379573374987 0.032593946903944 0.0315416567027569 0.032027468085289 0.0333287417888641 0.029746001586318 0.0321586541831493
0.0241395086050034 0.0192953161895275 0.0277600456029177 0.0323681123554707 0.0368985421955585 0.0490278452634811 0.0430158153176308 0.0293032303452492 0.024056613445282 0.0259290412068367 0.0212317276746035 0.0228174608200788 0.0206470470875502 0.0223210230469704 0.0192704349756241 0.0166371818631887 0.0227131750434637 0.0261751897633076 0.0320518538355827 0.0300609264522791 0.0276041235774755 0.0245421901345253 0.0201366227120161 0.0286417789757252 0.025610389187932 0.0234024617820978 0.0206875260919333 0.0246567148715258 0.021425811573863 0.0181442853063345 0.0239003393799067 0.0246966909617186 0.0206572487950325 0.0258998535573483 0.0322201400995255 0.0300319511443377 0.0334614515304565 0.0309397280216217 0.0336329713463783 0.0306758191436529 0.0326411128044128 0.0309435985982418 0.0312959030270576 0.0358477085828781 0.0410208627581596
0.0184418931603432 0.0139028178527951 0.0265582893043756 0.0312956236302853 0.0323604233562946 0.0328429006040096 0.0306898672133684 0.022607859224081 0.0180745478719473 0.018930796533823 0.016469806432724 0.0132024576887488 0.0140858814120293 0.0174022484570742 0.0151812201365829 0.0166018139570951 0.0214640758931637 0.0165624208748341 0.029200866818428 0.0393483825027943 0.0429464466869831 0.040648028254509 0.0252135787159204 0.020905178040266 0.0218086484819651 0.0211206842213869 0.0215710755437613 0.0221469365060329 0.0237463060766459 0.0265266112983227 0.0300747696310282 0.0285104420036077 0.0315486267209053 0.0303088966757059 0.0417267233133316 0.0312061943113804 0.0343698337674141 0.0317878089845181 0.0333782099187374 0.0321849919855595 0.0297000035643578 0.02965441159904 0.0312774665653706 0.0339986383914948 0.0371131896972656
0.0147432293742895 0.0283710993826389 0.0269950814545155 0.0256619974970818 0.0312708280980587 0.0373922437429428 0.0295891165733337 0.0256550665944815 0.0222017709165812 0.017929520457983 0.0205141510814428 0.018667520955205 0.0140488659963012 0.0161989368498325 0.020552609115839 0.0246229115873575 0.0264167264103889 0.0314481034874916 0.0344570726156235 0.0320129506289959 0.0301001165062189 0.0324701517820358 0.0290899649262428 0.0295750964432955 0.029883312061429 0.0246285777539015 0.0267001390457153 0.02297767624259 0.0310708843171597 0.0331363752484322 0.0339596681296825 0.0345352590084076 0.0381804145872593 0.0290246419608593 0.0257858857512474 0.0267807357013226 0.0318848676979542 0.0339443795382977 0.0395622849464417 0.027664327993989 0.0314773805439472 0.0302634947001934 0.0311222337186337 0.031190050765872 0.033244427293539
0.0279332175850868 0.0345942974090576 0.0323127433657646 0.0285841226577759 0.0301574729382992 0.0341826714575291 0.0360379666090012 0.0298529807478189 0.0252233222126961 0.021506255492568 0.0205281004309654 0.0191581454128027 0.0257493816316128 0.0252402629703283 0.0191459860652685 0.030694929882884 0.024620458483696 0.0202830750495195 0.0278594084084034 0.0396587960422039 0.0285137556493282 0.0312036070972681 0.0306848958134651 0.0259234867990017 0.0272971242666245 0.0248610135167837 0.0214499179273844 0.0280756540596485 0.0322502665221691 0.0376133620738983 0.0334319025278091 0.0350252874195576 0.0315653085708618 0.0334409959614277 0.0304840672761202 0.0302155651152134 0.0286122541874647 0.037340085953474 0.0338475815951824 0.0283955242484808 0.0314450785517693 0.0323955863714218 0.0327949672937393 0.0300752203911543 0.0317523181438446
0.0473614558577538 0.0407036878168583 0.0438254959881306 0.036519467830658 0.0366250984370708 0.0387089177966118 0.0377258248627186 0.0271284226328135 0.0234934668987989 0.0152683043852448 0.0223618075251579 0.0187187325209379 0.0200275387614965 0.0219793003052473 0.0231877807527781 0.0345677025616169 0.0293403789401054 0.0285283718258142 0.0253051798790693 0.0310324728488922 0.036418367177248 0.0445574298501015 0.0330658778548241 0.0282756239175797 0.0220279842615128 0.0222530979663134 0.0250817202031612 0.0320039615035057 0.0250790305435658 0.0241068080067635 0.0246246680617332 0.0340922735631466 0.0310232024639845 0.0358605273067951 0.0412347689270973 0.0416940860450268 0.0325582586228848 0.0359482616186142 0.0372484773397446 0.0332262068986893 0.0244819074869156 0.0358164757490158 0.0295332949608564 0.0261418521404266 0.0302764251828194
0.0414855144917965 0.0455799847841263 0.0376678518950939 0.041036881506443 0.0426947474479675 0.0392265804111958 0.0366724953055382 0.0312537774443626 0.0333928167819977 0.0337060876190662 0.0259488690644503 0.0194483939558268 0.0152179803699255 0.0163253210484982 0.0275389775633812 0.0285767763853073 0.0507384426891804 0.026449840515852 0.0336800701916218 0.0318502672016621 0.0327853113412857 0.0411070883274078 0.0396363437175751 0.0262083355337381 0.021607743576169 0.0214752480387688 0.0173540506511927 0.0239283610135317 0.029725456610322 0.0334854573011398 0.0322127901017666 0.0235576052218676 0.0373513475060463 0.0358470939099789 0.0506845600903034 0.0445423871278763 0.0356890372931957 0.0456468351185322 0.0302064325660467 0.0290719494223595 0.024908198043704 0.0278925783932209 0.0323450230062008 0.0275726094841957 0.0259672701358795
0.01419613417238 0.0368243120610714 0.038251705467701 0.0436209961771965 0.0411709770560265 0.0446201041340828 0.0493831112980843 0.0363722816109657 0.0325973257422447 0.0328332222998142 0.0308972075581551 0.012423655949533 0.0143820373341441 0.0212341248989105 0.0438104681670666 0.0553055293858051 0.0294796954840422 0.038534227758646 0.0411653220653534 0.0251032207161188 0.0448236837983131 0.029586972668767 0.0297372564673424 0.0190746486186981 0.01197131536901 0.013775996863842 0.0147777730599046 0.0192190743982792 0.0337741002440453 0.0315236039459705 0.0298023149371147 0.0372492484748363 0.0318167507648468 0.0496592633426189 0.046572133898735 0.0470008440315723 0.0242938678711653 0.0338055565953255 0.0268854182213545 0.0289668310433626 0.0292713697999716 0.0319835506379604 0.0301604233682156 0.0300021711736917 0.0308380499482155
0.0305752232670784 0.0339204072952271 0.0481022894382477 0.0509313866496086 0.0413020551204681 0.0402273312211037 0.0488014593720436 0.0349918082356453 0.0238751135766506 0.0155039485543966 0.0208299867808819 0.0144253633916378 0.0191560462117195 0.0250908639281988 0.0343283675611019 0.0451409667730331 0.0371958836913109 0.0591938495635986 0.0542101971805096 0.0275605116039515 0.027826726436615 0.0228566061705351 0.019991347566247 0.0106039447709918 0.0113822352141142 0.0148132368922234 0.0175989829003811 0.0169399324804544 0.025048840790987 0.0257574319839478 0.0277585852891207 0.0255546160042286 0.0236980896443129 0.0341913998126984 0.0346148200333118 0.0374688543379307 0.0300137531012297 0.0232590194791555 0.0207159277051687 0.0242215730249882 0.0201854184269905 0.0190883949398994 0.0196584817022085 0.0458657145500183 0.031389269977808
0.0245997980237007 0.0287958234548569 0.0503783002495766 0.0423745289444923 0.0404223389923573 0.0343728177249432 0.0330663658678532 0.0376495607197285 0.0289338994771242 0.0184723921120167 0.018923232331872 0.0165416616946459 0.0219257604330778 0.0358253568410873 0.0281300079077482 0.0330416150391102 0.040907833725214 0.04067412763834 0.0338880978524685 0.0290403887629509 0.0401092432439327 0.0276844166219234 0.0141888549551368 0.0183433704078197 0.018049318343401 0.0229963213205338 0.0338455624878407 0.0343536473810673 0.0244886707514524 0.0242712181061506 0.0276460461318493 0.0182439796626568 0.0215347371995449 0.0245221611112356 0.0237082839012146 0.0304027814418077 0.0252168402075768 0.0186014603823423 0.0251488965004683 0.0182440727949142 0.0216489285230637 0.0192810781300068 0.0234940182417631 0.0458501502871513 0.0462785437703133
0.0207477509975433 0.0247244071215391 0.0566203519701958 0.0394843108952045 0.0284338537603617 0.0409416146576405 0.0310868714004755 0.0428669713437557 0.0273203011602163 0.018302945420146 0.0195524711161852 0.0175135023891926 0.0155502064153552 0.0256081614643335 0.0303874686360359 0.0338538624346256 0.0333263166248798 0.0250611454248428 -3.4e+38 0.05484514310956 0.0365735404193401 0.0462273806333542 0.0460052192211151 0.0265770815312862 0.0274359453469515 0.0261647161096334 0.0261304173618555 0.0303644016385078 0.0295589286834002 0.022552128881216 0.0201746057718992 0.0279791913926601 0.0177809037268162 0.019133361056447 0.0202487241476774 0.0244919378310442 0.0404923483729362 0.0413879305124283 0.0366375483572483 0.0479635186493397 0.0324829593300819 0.0204030349850655 0.0335876159369946 0.0393653400242329 0.0453093834221363
0.0222285259515047 0.0266766361892223 0.0266531407833099 0.0217448528856039 0.0133751416578889 0.0137912882491946 0.0293868463486433 0.0281625892966986 0.0259140562266111 0.0219344384968281 0.0251785237342119 0.0228468645364046 0.0225839614868164 0.0260756891220808 0.0250358190387487 0.0180986039340496 0.0193268414586782 0.0239343885332346 0.0348441377282143 0.054391086101532 0.0473750084638596 0.0539800599217415 0.0336944013834 0.0275046862661839 0.0263008736073971 0.027753384783864 0.026050167158246 0.0241511110216379 0.0266596842557192 0.0282179415225983 0.0234245359897614 0.0215167570859194 0.0242364797741175 0.0270470213145018 0.0140189155936241 0.026324050500989 0.0291826669126749 0.0382901392877102 0.0429948195815086 0.0546344704926014 0.0399052798748016 0.0305429548025131 0.0249790567904711 0.0418844558298588 0.0607963725924492
0.0304385907948017 0.0322756581008434 0.0270275939255953 0.0257571917027235 0.0212158113718033 0.0245860163122416 0.0252845771610737 0.0265024807304144 0.0294487979263067 0.0302938856184483 0.0320114716887474 0.0280753932893276 0.0273319501429796 0.0256509445607662 0.016542749479413 0.0167189929634333 0.017828680574894 0.0182571187615395 0.0337882824242115 0.0357089042663574 0.0362248234450817 0.0344505645334721 0.0224216040223837 0.0252287983894348 0.0257425103336573 0.0281148944050074 0.0269826967269182 0.0278278179466724 0.0320384986698627 0.0329415015876293 0.029058400541544 0.0247405637055635 0.0282010287046432 0.0318015292286873 0.0458552949130535 0.0305383075028658 0.0384617447853088 0.030078599229455 0.0421488955616951 0.0488402917981148 0.033747237175703 0.025794168934226 0.0264816954731941 0.0298335906118155 0.0486055202782154
0.0264657307416201 0.032251875847578 0.0309869423508644 0.0374788343906403 0.040003027766943 0.036326739937067 0.0332067497074604 0.0380178242921829 0.0395111255347729 0.0442999638617039 0.0300993323326111 0.027289804071188 0.0359710082411766 0.0310064982622862 0.0230638235807419 0.0198130123317242 0.0141583373770118 0.0212955586612225 0.0346234031021595 0.0427640005946159 0.0377174839377403 0.0401935838162899 0.0326880663633347 0.0276933684945107 0.028490012511611 0.0294823814183474 0.0271789152175188 0.029091140255332 0.0304375346750021 0.0294990092515945 0.0246909167617559 0.0223797149956226 0.0270347073674202 0.0238111410290003 0.0212064161896706 0.0285173654556274 0.02707733027637 0.0347344391047955 0.0300188958644867 0.0326187871396542 0.0343894213438034 0.0283467434346676 0.02622439712286 0.0322439409792423 0.0250854380428791
0.027617771178484 0.0236008502542973 0.0238288473337889 0.0265920273959637 0.0352531708776951 0.0290874056518078 0.0307945944368839 0.0460028573870659 0.0425149835646152 0.0367127656936646 0.0443614050745964 0.0231060106307268 0.0356808006763458 0.0342132821679115 0.0335694886744022 0.0453295484185219 0.0433077961206436 0.0391638353466988 0.0671384856104851 0.0461934134364128 0.0451119728386402 0.0372715890407562 0.0324608981609344 0.0322784781455994 0.0291246622800827 0.0285530295222998 0.0293380338698626 0.0300476998090744 0.0327290929853916 0.0293926484882832 0.0238638017326593 0.0205495692789555 0.0220492817461491 0.0251088812947273 0.0283547807484865 0.0326156802475452 0.0301313959062099 0.032819714397192 0.0326580666005611 0.0339274816215038 0.0347397401928902 0.0321742072701454 0.0293211434036493 0.0292753484100103 0.0324129909276962
0.0302156619727612 0.02579290792346 0.026712141931057 0.0315078757703304 0.0332919880747795 0.0245074145495892 0.0270954202860594 0.0175434816628695 0.0300547070801258 0.0276314299553633 0.0250936634838581 0.0288314819335938 0.0346228592097759 0.0429740808904171 0.0343990586698055 0.0396104194223881 0.0455446355044842 0.0299971830099821 0.0380270183086395 0.0447301343083382 0.0486798584461212 0.049714095890522 0.0343818180263042 0.0464621782302856 0.032794613391161 0.0314876362681389 0.0374597460031509 0.0298434961587191 0.0359573177993298 0.0281648449599743 0.0269317626953125 0.0210261177271605 0.0297410488128662 0.0325008817017078 0.0296510197222233 0.026157995685935 0.0270471200346947 0.0264704301953316 0.0332383997738361 0.0314888842403889 0.0427747815847397 0.0376343950629234 0.0308458358049393 0.0337723456323147 0.0321166291832924
0.0261175259947777 0.0233775731176138 0.0311191622167826 0.0355592779815197 0.0335546359419823 0.0277517158538103 0.0246005728840828 0.0272052027285099 0.0356792621314526 0.031799454241991 0.0303581152111292 0.0270210262387991 0.0390871912240982 0.037915512919426 0.0309643819928169 0.0325890183448792 0.034598633646965 0.0323501974344254 0.0278497599065304 0.0338726490736008 0.040081862360239 0.0507193878293037 0.0442123226821423 0.036047350615263 0.0407802052795887 0.034690797328949 0.0317880436778069 0.0358021669089794 0.0295549463480711 0.0294522065669298 0.032690703868866 0.0279050096869469 0.0308190640062094 0.0272598322480917 0.0249028243124485 0.0260238498449326 0.0213076174259186 0.028098214417696 0.0240998733788729 0.0298060644418001 0.0304521583020687 0.0340694859623909 0.0305262207984924 0.03119982406497 0.0262795723974705
0.0236212983727455 0.0326849482953548 0.0287615917623043 0.0310780555009842 0.0341836102306843 0.0299706999212503 0.0253738816827536 0.0393711589276791 0.0380217619240284 0.048083558678627 0.0516302436590195 0.0270651187747717 0.0343470200896263 0.0328824520111084 0.0262965802103281 0.0312379188835621 0.0328744426369667 0.0363446958363056 0.0367627702653408 0.0389128178358078 0.0395440123975277 0.0395723879337311 0.036562092602253 0.0322229005396366 0.0271206982433796 0.0328492261469364 0.0299006029963493 0.0266854576766491 0.0276614110916853 0.0337806232273579 0.0328865349292755 0.0262126680463552 0.0248607844114304 0.0287813860923052 0.0251434892416 0.0256995465606451 0.0273356698453426 0.0288617424666882 0.0271839909255505 0.0267957001924515 0.0251522939652205 0.0295989960432053 0.0269361231476068 0.0290574226528406 0.0253097731620073
0.0282457694411278 0.0232051201164722 0.0261175446212292 0.0262376572936773 0.0338613726198673 0.0288821458816528 0.031986378133297 0.0367511250078678 0.0407768413424492 0.0541839152574539 0.0453219600021839 0.0184678584337234 0.0219193268567324 0.0244918670505285 0.0298815816640854 0.0308398175984621 0.0293804872781038 0.042849026620388 0.0482689961791039 0.0407167188823223 0.0478447079658508 0.0383133739233017 0.0374291017651558 0.0286908745765686 0.0233564153313637 0.0277917589992285 0.0270173512399197 0.0295069701969624 0.0245253201574087 0.0342082940042019 0.0331735499203205 0.0224000848829746 0.0220184773206711 0.0331019870936871 0.0296914372593164 0.0252388846129179 0.0268916971981525 0.0284266714006662 0.031580351293087 0.0329613201320171 0.0284522362053394 0.0308982580900192 0.0320236906409264 0.027141135185957 0.0281321369111538
