Ecospace-environmental-drivers/Outputs/ASCII-for-ecospace/Cfl/Cfl_X2009.12.asc
NCOLS 131 
NROWS 53 
XLLCORNER -98 
YLLCORNER 23.9265270233154 
CELLSIZE 0.133587792515755 
NODATA_value -3.4e+38 
[rows 0 to 19 of 53, columns 46 to 91 of 131]
-3.4e+38 -3.4e+38 -3.4e+38 -3.4e+38 -3.4e+38 -3.4e+38 -3.4e+38 -3.4e+38 -3.4e+38 -3.4e+38 -3.4e+38 -3.4e+38 -3.4e+38 -3.4e+38 -3.4e+38 -3.4e+38 -3.4e+38 -3.4e+38 -3.4e+38 -3.4e+38 -3.4e+38 -3.4e+38 -3.4e+38 -3.4e+38 -3.4e+38 -3.4e+38 -3.4e+38 -3.4e+38 -3.4e+38 -3.4e+38 -3.4e+38 -3.4e+38 -3.4e+38 -3.4e+38 -3.4e+38 -3.4e+38 -3.4e+38 -3.4e+38 -3.4e+38 -3.4e+38 -3.4e+38 -3.4e+38 -3.4e+38 -3.4e+38 -3.4e+38 -3.4e+38
-3.4e+38 -3.4e+38 -3.4e+38 -3.4e+38 -3.4e+38 -3.4e+38 -3.4e+38 -3.4e+38 -3.4e+38 -3.4e+38 -3.4e+38 -3.4e+38 -3.4e+38 -3.4e+38 -3.4e+38 -3.4e+38 -3.4e+38 -3.4e+38 -3.4e+38 -3.4e+38 -3.4e+38 -3.4e+38 -3.4e+38 -3.4e+38 -3.4e+38 -3.4e+38 -3.4e+38 -3.4e+38 -3.4e+38 -3.4e+38 -3.4e+38 -3.4e+38 -3.4e+38 -3.4e+38 -3.4e+38 -3.4e+38 -3.4e+38 -3.4e+38 -3.4e+38 -3.4e+38 -3.4e+38 -3.4e+38 -3.4e+38 -3.4e+38 -3.4e+38 -3.4e+38
-3.4e+38 -3.4e+38 -3.4e+38 -3.4e+38 -3.4e+38 -3.4e+38 -3.4e+38 -3.4e+38 -3.4e+38 -3.4e+38 -3.4e+38 -3.4e+38 -3.4e+38 -3.4e+38 -3.4e+38 -3.4e+38 -3.4e+38 -3.4e+38 -3.4e+38 -3.4e+38 -3.4e+38 -3.4e+38 -3.4e+38 -3.4e+38 -3.4e+38 -3.4e+38 -3.4e+38 -3.4e+38 -3.4e+38 -3.4e+38 -3.4e+38 -3.4e+38 -3.4e+38 -3.4e+38 -3.4e+38 -3.4e+38 -3.4e+38 -3.4e+38 -3.4e+38 -3.4e+38 -3.4e+38 -3.4e+38 -3.4e+38 -3.4e+38 -3.4e+38 -3.4e+38
-3.4e+38 -3.4e+38 -3.4e+38 -3.4e+38 -3.4e+38 -3.4e+38 -3.4e+38 -3.4e+38 -3.4e+38 -3.4e+38 -3.4e+38 -3.4e+38 -3.4e+38 -3.4e+38 -3.4e+38 -3.4e+38 -3.4e+38 -3.4e+38 -3.4e+38 -3.4e+38 -3.4e+38 -3.4e+38 -3.4e+38 -3.4e+38 -3.4e+38 -3.4e+38 -3.4e+38 -3.4e+38 11.4268369674683 12.8273334503174 -3.4e+38 -3.4e+38 -3.4e+38 -3.4e+38 -3.4e+38 -3.4e+38 -3.4e+38 -3.4e+38 -3.4e+38 -3.4e+38 -3.4e+38 -3.4e+38 -3.4e+38 -3.4e+38 -3.4e+38 -3.4e+38
-3.4e+38 -3.4e+38 -3.4e+38 -3.4e+38 -3.4e+38 -3.4e+38 -3.4e+38 -3.4e+38 -3.4e+38 -3.4e+38 -3.4e+38 -3.4e+38 14.3832969665527 -3.4e+38 -3.4e+38 -3.4e+38 -3.4e+38 -3.4e+38 -3.4e+38 -3.4e+38 -3.4e+38 14.4081983566284 16.2426490783691 -3.4e+38 -3.4e+38 -3.4e+38 14.2751531600952 -3.4e+38 9.96397113800049 13.9832468032837 -3.4e+38 -3.4e+38 -3.4e+38 -3.4e+38 -3.4e+38 -3.4e+38 3.74966192245483 2.90183925628662 3.92418050765991 7.51431465148926 1.97064900398254 -3.4e+38 -3.4e+38 -3.4e+38 -3.4e+38 -3.4e+38
-3.4e+38 -3.4e+38 -3.4e+38 -3.4e+38 -3.4e+38 -3.4e+38 -3.4e+38 -3.4e+38 -3.4e+38 -3.4e+38 19.4844760894775 13.3912038803101 12.3825263977051 11.600625038147 14.5778226852417 -3.4e+38 -3.4e+38 -3.4e+38 -3.4e+38 13.2709913253784 11.8675622940063 11.6143426895142 13.787896156311 15.5962114334106 12.3760633468628 13.2994604110718 11.6080112457275 9.92919540405273 10.3529844284058 19.5795936584473 32.2217674255371 8.61793422698975 8.48623275756836 11.9420871734619 7.20644235610962 2.29522347450256 1.89522671699524 1.57322835922241 2.00862956047058 4.41797304153442 4.93022584915161 3.29349231719971 8.15264225006104 30.8643627166748 50.0808296203613 -3.4e+38
-3.4e+38 -3.4e+38 -3.4e+38 -3.4e+38 -3.4e+38 -3.4e+38 -3.4e+38 -3.4e+38 -3.4e+38 -3.4e+38 19.5583095550537 13.0100660324097 11.4187088012695 9.78621292114258 10.5113649368286 9.27354717254639 12.1741762161255 11.3874349594116 11.7446603775024 10.3432312011719 8.72422409057617 7.67608165740967 6.95739078521729 6.31615400314331 7.62759637832642 7.79844522476196 7.28010511398315 7.62437868118286 6.55340576171875 5.1867413520813 4.95322608947754 4.9336895942688 4.48875570297241 4.56335783004761 2.58019948005676 0.794268667697906 0.624002873897552 0.568815648555756 0.655632555484772 1.57576298713684 1.20260429382324 1.060702085495 3.24658417701721 6.71527671813965 22.548957824707 20.8812465667725
-3.4e+38 -3.4e+38 -3.4e+38 -3.4e+38 -3.4e+38 -3.4e+38 -3.4e+38 -3.4e+38 -3.4e+38 -3.4e+38 -3.4e+38 -3.4e+38 11.3491249084473 10.0030241012573 11.7115516662598 13.1971454620361 9.47314834594727 9.39474678039551 10.6639919281006 10.1744966506958 8.54490280151367 7.17534208297729 6.309645652771 5.42949962615967 5.83606100082397 5.66481924057007 5.84062576293945 5.59570455551147 4.53217744827271 3.37939429283142 2.2480571269989 2.1143798828125 2.36055445671082 1.90839850902557 0.873254835605621 0.619223535060883 0.466743350028992 0.440287470817566 0.466972172260284 0.536349952220917 0.671476721763611 0.68397980928421 0.694722890853882 1.17595505714417 3.98991370201111 11.6093778610229
-3.4e+38 -3.4e+38 -3.4e+38 -3.4e+38 -3.4e+38 -3.4e+38 -3.4e+38 -3.4e+38 -3.4e+38 -3.4e+38 -3.4e+38 -3.4e+38 -3.4e+38 -3.4e+38 -3.4e+38 -3.4e+38 -3.4e+38 -3.4e+38 -3.4e+38 9.99195957183838 7.59773445129395 6.39838838577271 6.86346673965454 4.21863603591919 3.44896650314331 2.95214939117432 4.09453392028809 4.37457132339478 3.44303441047668 2.10135889053345 1.15390110015869 0.989609658718109 0.756420493125916 0.612822115421295 0.476298928260803 0.439307808876038 0.411498934030533 0.42728790640831 0.449998676776886 0.458148002624512 0.490515321493149 0.612587749958038 0.680574893951416 0.831315338611603 1.93509209156036 3.38070511817932
-3.4e+38 -3.4e+38 -3.4e+38 -3.4e+38 -3.4e+38 -3.4e+38 -3.4e+38 -3.4e+38 -3.4e+38 -3.4e+38 -3.4e+38 -3.4e+38 -3.4e+38 -3.4e+38 -3.4e+38 -3.4e+38 -3.4e+38 44.9937515258789 9.62523365020752 8.81099987030029 8.49563884735107 6.58810615539551 4.85940933227539 3.32708120346069 2.44685649871826 2.11401057243347 3.2842001914978 3.11021423339844 2.71509766578674 1.3296502828598 0.80381977558136 0.66838413476944 0.622983515262604 0.531298518180847 0.433323860168457 0.404490411281586 0.429119884967804 0.425133675336838 0.386102110147476 0.404872089624405 0.42091166973114 0.492085516452789 0.64133894443512 0.754906892776489 1.09264028072357 1.75094497203827
-3.4e+38 -3.4e+38 -3.4e+38 -3.4e+38 -3.4e+38 -3.4e+38 -3.4e+38 -3.4e+38 -3.4e+38 -3.4e+38 -3.4e+38 -3.4e+38 -3.4e+38 -3.4e+38 -3.4e+38 -3.4e+38 16.3790149688721 16.1436786651611 10.7058925628662 8.68612575531006 7.47148752212524 4.89872264862061 3.80013155937195 2.97903966903687 2.39847302436829 1.64636778831482 1.51892018318176 1.26591086387634 1.0711669921875 0.950727462768555 0.713912963867188 0.63030606508255 0.59283059835434 0.466572254896164 0.384911179542542 0.411307990550995 0.449140161275864 0.444996505975723 0.416331082582474 0.400348871946335 0.40910542011261 0.498530209064484 0.641745805740356 0.640331864356995 0.973604023456573 1.68094491958618
-3.4e+38 -3.4e+38 -3.4e+38 -3.4e+38 -3.4e+38 -3.4e+38 -3.4e+38 -3.4e+38 -3.4e+38 -3.4e+38 -3.4e+38 -3.4e+38 -3.4e+38 -3.4e+38 -3.4e+38 -3.4e+38 -3.4e+38 21.6522617340088 10.1846942901611 8.71280479431152 6.64698600769043 4.25291109085083 3.56363153457642 3.12113332748413 2.25022506713867 1.68460309505463 1.19921433925629 1.11527478694916 0.91910982131958 0.921993911266327 0.727499306201935 0.641915678977966 0.476417392492294 0.451263219118118 0.396235078573227 0.413776218891144 0.432389855384827 0.466429352760315 0.43945974111557 0.419840216636658 0.407809644937515 0.429284065961838 0.513395190238953 0.616775393486023 1.02498495578766 1.97118890285492
6.73734569549561 7.10665607452393 8.93803405761719 7.62774658203125 -3.4e+38 -3.4e+38 -3.4e+38 -3.4e+38 -3.4e+38 26.3938293457031 37.3246841430664 -3.4e+38 -3.4e+38 -3.4e+38 12.663254737854 17.3581581115723 10.5804176330566 -3.4e+38 -3.4e+38 -3.4e+38 7.43062210083008 4.90680074691772 4.18097305297852 3.01441979408264 2.26028394699097 1.47457003593445 0.980149686336517 0.737464308738708 0.566609501838684 0.542660355567932 0.614996671676636 0.540059328079224 0.366199433803558 0.31206688284874 0.341969400644302 0.450188159942627 0.4221550822258 0.442811280488968 0.412961721420288 0.407164722681046 0.381286710500717 0.382158309221268 0.418546736240387 0.512572228908539 0.829333484172821 1.1958726644516
8.47251319885254 9.11703109741211 9.35823440551758 8.45184516906738 11.8141813278198 12.845027923584 13.3635730743408 15.1682548522949 17.0101661682129 21.3142395019531 16.8031005859375 18.4185466766357 37.9575538635254 23.1523418426514 9.17380332946777 7.32768106460571 5.92989873886108 5.05890417098999 -3.4e+38 -3.4e+38 6.66946840286255 6.31834030151367 3.26089954376221 2.14832139015198 1.7085987329483 1.106600522995 0.986342251300812 0.672470986843109 0.491561442613602 0.502524137496948 0.921170473098755 0.867220759391785 0.436762154102325 0.209114208817482 0.309002935886383 0.505975961685181 0.375189185142517 0.340688973665237 0.424131453037262 0.347574383020401 0.33147269487381 0.365648508071899 0.408645033836365 0.417320311069489 0.419468253850937 0.494710713624954
7.8770432472229 8.06827068328857 8.57958984375 8.68067741394043 8.54319763183594 10.5140829086304 11.5503149032593 10.4745388031006 12.3987808227539 8.76342582702637 8.93008232116699 9.7929220199585 7.08184003829956 6.20615577697754 6.42683506011963 6.55660533905029 5.6662425994873 5.1968412399292 5.27346849441528 -3.4e+38 6.94918870925903 6.55748558044434 3.17904424667358 0.89752072095871 1.11766386032104 0.774595975875854 0.629669964313507 0.493803143501282 0.579690933227539 0.527582705020905 0.846784114837646 0.391626745462418 0.298905968666077 0.263915240764618 0.345064282417297 0.505389273166656 0.315170049667358 0.286398142576218 0.363564133644104 0.32440847158432 0.317056059837341 0.355454713106155 0.391286045312881 0.411298900842667 0.396447688341141 0.382173895835876
6.93887233734131 7.35399436950684 7.55112314224243 8.22375869750977 8.56712532043457 7.26608610153198 6.60175514221191 6.10589456558228 6.06939697265625 5.68236923217773 5.60796642303467 5.99869394302368 6.27521228790283 5.60807418823242 5.98508310317993 6.32770109176636 5.55128717422485 5.85816860198975 5.60754346847534 5.40649890899658 5.87403059005737 5.02669239044189 2.42005610466003 0.914350152015686 0.532736897468567 0.479445785284042 0.304490655660629 0.344377130270004 0.195948898792267 0.25996807217598 0.422196209430695 0.318809866905212 0.290291726589203 0.270776450634003 0.257978916168213 0.306284159421921 0.267203062772751 0.275791436433792 0.271671503782272 0.306288808584213 0.322593599557877 0.356364667415619 0.355998486280441 0.370313853025436 0.378434389829636 0.373837739229202
5.40613031387329 6.53634214401245 6.91297960281372 8.21699523925781 8.77467632293701 7.64867496490479 5.35587120056152 4.21379947662354 4.5383095741272 5.15679025650024 5.4339280128479 5.4205904006958 5.3900671005249 5.22219133377075 5.92493724822998 6.11572313308716 5.27529573440552 5.52720975875854 5.25327444076538 5.03226804733276 4.62752342224121 3.25554132461548 1.93536996841431 1.11461973190308 0.440853387117386 0.281286537647247 0.26174134016037 0.271565675735474 0.255264699459076 0.22944675385952 0.259632736444473 0.275097727775574 0.261374294757843 0.264673918485641 0.257989853620529 0.270000845193863 0.257963836193085 0.258267521858215 0.258883327245712 0.304618418216705 0.368206232786179 0.377150982618332 0.391002506017685 0.371459245681763 0.390145748853683 0.389572829008102
4.74061727523804 6.22725009918213 7.08974027633667 6.72013330459595 6.84958410263062 6.68499994277954 5.31603908538818 3.83641648292542 4.23454570770264 4.64583158493042 4.63144874572754 4.14562463760376 3.93050622940063 3.54876351356506 3.67839455604553 3.33564472198486 3.38744330406189 4.19975805282593 4.52176570892334 3.92821788787842 3.26759123802185 1.73162484169006 1.59709286689758 1.61273598670959 1.11543571949005 0.331710606813431 0.279393911361694 0.259609043598175 0.243949085474014 0.240233331918716 0.238999515771866 0.210612282156944 0.200119584798813 0.256518214941025 0.25292906165123 0.243274837732315 0.240019291639328 0.254764169454575 0.25024476647377 0.251838445663452 0.284557789564133 0.374031275510788 0.384303450584412 0.381203353404999 0.404823452234268 0.407074451446533
3.73457622528076 4.18782615661621 5.36265850067139 5.98580169677734 5.55178928375244 5.07905721664429 4.47854518890381 3.92652630805969 3.40836524963379 3.29115581512451 3.44051098823547 3.12518000602722 3.25869941711426 3.30490326881409 2.00458025932312 2.36370468139648 2.60091042518616 2.80957865715027 3.08748865127563 2.48189282417297 2.05056214332581 1.42914068698883 1.48802304267883 0.670652389526367 0.397603243589401 0.304418087005615 0.245361238718033 0.213552340865135 0.22121649980545 0.210917010903358 0.219693750143051 0.217760071158409 0.193180695176125 0.215798929333687 0.227000907063484 0.228097468614578 0.235991403460503 0.237978890538216 0.248447492718697 0.273488104343414 0.283470034599304 0.340915411710739 0.361943542957306 0.349816828966141 0.363087624311447 0.381966203451157
1.58669006824493 2.03357934951782 2.36193060874939 2.95457983016968 2.93295788764954 2.96830916404724 3.04101991653442 2.83507895469666 2.55707669258118 2.71193599700928 2.18503880500793 2.32035708427429 1.76402235031128 0.937522292137146 1.00008893013 0.958669900894165 1.20643985271454 1.63799357414246 1.67752850055695 1.67071652412415 2.17701292037964 1.71376061439514 0.676967024803162 0.289741992950439 0.231426104903221 0.23058357834816 0.183257907629013 0.2011748701334 0.204335421323776 0.194420769810677 0.21380640566349 0.214013129472733 0.246129274368286 0.21605421602726 -3.4e+38 0.20505453646183 0.215056762099266 0.216768130660057 0.225456222891808 0.263393640518188 0.312250822782516 0.31370997428894 0.315871268510818 0.328469395637512 0.333023220300674 0.368842452764511
