Ecospace-environmental-drivers/Outputs/ASCII-for-ecospace/Cfl/Cfl_X2007.10.asc
NCOLS 131 
NROWS 53 
XLLCORNER -98 
YLLCORNER 23.9265270233154 
CELLSIZE 0.133587792515755 
NODATA_value -3.4e+38 
[rows 20 to 39 of 53, columns 45 to 89 of 131]
0.0761921778321266 0.0718037709593773 0.0859051123261452 0.0935144349932671 0.124999016523361 0.132054969668388 0.135058373212814 0.118426814675331 0.089649923145771 0.11272145062685 0.113046512007713 0.101101323962212 0.0800057351589203 0.0766625478863716 0.0832809433341026 0.0934442207217216 0.100887507200241 0.0890681520104408 0.074229322373867 0.0590297915041447 0.0657213106751442 0.0675990283489227 0.0577815361320972 0.0537429191172123 0.0518097728490829 0.0536673814058304 0.0510810874402523 0.0583231672644615 0.0628812462091446 0.0546005293726921 0.0474126897752285 0.0506187304854393 0.0639546364545822 0.0655080229043961 0.0639447644352913 0.063857264816761 0.0587370805442333 0.0549466237425804 0.0465382263064384 0.0402138978242874 0.0398330800235271 0.042842123657465 0.0370598286390305 0.0401087887585163 0.0343017503619194
0.0522607825696468 0.0555297546088696 0.0636851191520691 0.0549337714910507 0.0577171333134174 0.0583558864891529 0.0675746127963066 0.0709691047668457 0.0547935515642166 0.0623720102012157 0.0652646422386169 0.0714059621095657 0.0454520545899868 0.0562073290348053 0.0537061542272568 0.061675637960434 0.0845719575881958 0.0819845199584961 0.0583735667169094 0.0549838505685329 0.0695104598999023 0.06724863499403 0.0536078847944736 0.0450427159667015 0.0494057089090347 0.0555609948933125 0.0537875890731812 0.0623721852898598 0.0647382214665413 0.0605603829026222 0.055775910615921 0.0553903803229332 0.0627360120415688 0.0508062615990639 0.049611009657383 0.0512880049645901 0.0471191480755806 0.0391592420637608 0.0405365787446499 0.0424438938498497 0.0376350581645966 0.0385871939361095 0.0351341925561428 0.0279249679297209 0.0326660238206387
0.0546400770545006 0.0592179447412491 0.0471433140337467 0.0691534280776978 0.0546844564378262 0.0501710399985313 0.0490298047661781 0.0496378280222416 0.0511936284601688 0.0519085265696049 0.0426844619214535 0.0421170592308044 0.0364204384386539 0.0420403592288494 0.0513630881905556 0.0515701770782471 0.0542312860488892 0.0597775988280773 0.0572173483669758 0.060153529047966 0.0604898817837238 0.0587687641382217 0.0520131699740887 0.0512094981968403 0.0528528206050396 0.0539446882903576 0.0591721720993519 0.053724829107523 0.0498670898377895 0.0510481782257557 0.0553117394447327 0.0543676614761353 0.0460212826728821 0.0430431254208088 0.0390031822025776 0.0390904769301414 0.0372802428901196 0.0367023721337318 0.0349016673862934 0.0365770012140274 0.0379393734037876 0.034931056201458 0.0365271531045437 0.0358737446367741 0.03792380169034
0.0398407690227032 0.0528905838727951 0.0409601703286171 0.0450460538268089 0.0607053674757481 0.0567322932183743 0.053360216319561 0.050956729799509 0.0462871678173542 0.0446547642350197 0.0422611832618713 0.0384724736213684 0.0343999229371548 0.0406026989221573 0.0529928207397461 0.0471004731953144 0.051541406661272 0.0518798716366291 0.0446006469428539 0.0428827032446861 0.0467644855380058 0.0382841117680073 0.0397286675870419 0.0440079234540462 0.0599672570824623 0.0604660324752331 0.0579479560256004 0.035185731947422 0.0345168597996235 0.034926813095808 0.0406575053930283 0.0488094314932823 0.043141033500433 0.0414255894720554 0.0360933393239975 0.0339511819183826 0.0339238382875919 0.039861474186182 0.0387350469827652 0.0366742983460426 0.0374108292162418 0.0386714711785316 0.0385007448494434 0.0384112820029259 0.039788331836462
0.0419742651283741 0.0369609594345093 0.0409260839223862 0.0501014217734337 0.0556216612458229 0.0531478971242905 0.0480500124394894 0.0482674725353718 0.0497757866978645 0.0468090288341045 0.0413001850247383 0.0407458618283272 0.0324804484844208 0.0287598706781864 0.034166507422924 0.0353695452213287 0.0373925641179085 0.0376400835812092 0.0402482748031616 0.0424010679125786 0.0455131679773331 0.041875921189785 0.041513729840517 0.0439518094062805 0.0516258515417576 0.051640048623085 0.0587598271667957 0.0412081740796566 0.0358473025262356 0.0384303741157055 0.0467407144606113 0.0388432033360004 0.0374335050582886 0.043340340256691 0.031880896538496 0.0350096970796585 0.0375674664974213 0.0363513417541981 0.0362279564142227 0.0385188162326813 0.0408205464482307 0.0429535917937756 0.0431919656693935 0.042861346155405 0.0348638258874416
0.028387451544404 0.0291110277175903 0.0454521626234055 0.052306767553091 0.0504716522991657 0.048919565975666 0.0455472767353058 0.0440412014722824 0.0432402119040489 0.039052490144968 0.040213268250227 0.0403327755630016 0.0346367917954922 0.0305828880518675 0.0326539091765881 0.0322153866291046 0.036936093121767 0.0406272187829018 0.0455092489719391 0.0438164956867695 0.0409769341349602 0.0433736070990562 0.0409976057708263 0.0422939956188202 0.0447196289896965 0.0440287403762341 0.0513649508357048 0.0426289178431034 0.0390286631882191 0.0420050546526909 0.0469994023442268 0.0475655384361744 0.0444188080728054 0.0419972464442253 0.0448133498430252 0.0494618639349937 0.0452474616467953 0.0413442477583885 0.0419911667704582 0.0446975342929363 0.0457705669105053 0.0479117929935455 0.0463226549327374 0.0465634539723396 0.0437462404370308
0.0348907485604286 0.0472915396094322 0.030392462387681 0.0406008586287498 0.0429604798555374 0.0352759212255478 0.0352963320910931 0.0377104207873344 0.0388163626194 0.0374932624399662 0.0393416434526443 0.0400097221136093 0.0409675762057304 0.0397145636379719 0.035856444388628 0.0335687361657619 0.0350810512900352 0.0391280278563499 0.042425099760294 0.0468735992908478 0.0427001044154167 0.0413703545928001 0.0436212457716465 0.0442724339663982 0.0399771556258202 0.0404179021716118 0.0382166393101215 0.0406197346746922 0.0388687960803509 0.0409552566707134 0.0455685555934906 0.0485446006059647 0.0436833165585995 0.047683946788311 0.0464739724993706 0.0458572320640087 0.0429068133234978 0.0483550019562244 0.0480946637690067 0.0458181612193584 0.0482939928770065 0.0494073368608952 0.0492874309420586 0.0448811836540699 0.0573669597506523
0.0239170230925083 0.0264994464814663 0.0375913120806217 0.0370356068015099 0.0355037674307823 0.0364564545452595 0.037909310311079 0.0352001152932644 0.037041287869215 0.0433430895209312 0.048383142799139 0.0510973408818245 0.0464984327554703 0.0449666306376457 0.0411800481379032 0.0335041955113411 0.0322762168943882 0.0398038513958454 0.0397028885781765 0.042348425835371 0.0413001962006092 0.044491957873106 0.0459758192300797 0.046077199280262 0.0409801304340363 0.0435335449874401 0.038876611739397 0.0376067943871021 0.0391547977924347 0.0416715070605278 0.0379832945764065 0.0434644632041454 0.0406887568533421 0.0361948683857918 0.0375042296946049 0.039280142635107 0.0388287529349327 0.0402011498808861 0.0402673222124577 0.0465532802045345 0.0503025539219379 0.0502440668642521 0.0583849996328354 0.0649869665503502 0.0589738115668297
0.0280161313712597 0.0218629818409681 0.05833899974823 0.0361714698374271 0.0256862826645374 0.0363989844918251 0.0368229262530804 0.0380407720804214 0.0384607166051865 0.0425949543714523 0.0419930256903172 0.0412583611905575 0.0460747517645359 0.047555185854435 0.0453857220709324 0.0371230319142342 0.0352213867008686 0.0388789549469948 0.0385369844734669 0.0351256653666496 0.0412633679807186 0.0400072000920773 0.0395331680774689 0.0382359512150288 0.0413554981350899 0.0437444299459457 0.0353337600827217 0.0364621207118034 0.0352777577936649 0.0357149131596088 0.0318640507757664 0.0371430516242981 0.0398366563022137 0.0356406010687351 0.0373801402747631 0.0397993922233582 0.0329140089452267 0.0362121015787125 0.03825668618083 0.0452093295753002 0.0462055206298828 0.0491263084113598 0.0491999164223671 0.0580551698803902 0.0425341613590717
0.0241569112986326 0.0228558648377657 0.027815030887723 0.0260461363941431 0.0273077860474586 0.0324554331600666 0.0393305718898773 0.0400308109819889 0.0458614677190781 0.0451167188584805 0.0413408353924751 0.0408148840069771 0.0444499328732491 0.0443693399429321 0.0417940244078636 0.0399042665958405 0.0458096638321877 0.0406524389982224 0.0372352488338947 0.0380608253180981 0.0377752780914307 0.0354624427855015 0.0392194055020809 0.0388325266540051 0.0352160222828388 0.0523287653923035 0.0361566878855228 0.0350386649370193 0.031872496008873 0.0328204222023487 0.0337728895246983 0.0306355599313974 0.0370635353028774 0.0377688631415367 0.0357336811721325 0.0331728719174862 0.0358501635491848 0.0386489257216454 0.0431024469435215 0.0436741895973682 0.0514115802943707 0.0576445534825325 0.0434994883835316 0.0362911820411682 0.0385037958621979
0.0434859208762646 0.0277807712554932 0.0205253809690475 0.0232935808598995 0.028727225959301 0.0271456707268953 0.0394031703472137 0.05216034501791 0.0564284771680832 0.0522551350295544 0.0455952808260918 0.047187689691782 0.0452443398535252 0.0462469272315502 0.0396419130265713 0.0380071736872196 0.0423350520431995 0.0463755130767822 0.0389603823423386 0.037821039557457 0.0370292663574219 0.0382531434297562 0.0434169955551624 0.04143301025033 0.0349401906132698 0.0333991758525372 0.0351800210773945 0.0348527617752552 0.0340791419148445 0.0334489457309246 0.0346420891582966 0.0357791967689991 0.0350902378559113 0.0335638523101807 0.0374150946736336 0.0399394854903221 0.0409136638045311 0.0422154404222965 0.0435226634144783 0.0492088422179222 0.0476993843913078 0.055711641907692 0.0390665978193283 0.0347319804131985 0.0354659892618656
0.0267052073031664 0.0302378162741661 0.0208345800638199 0.0218804106116295 0.028419790789485 0.0271568335592747 0.0409035123884678 0.0526024997234344 0.0514845699071884 0.0484867990016937 0.0511599257588387 0.0508305765688419 0.0482838116586208 0.0410202853381634 0.0396117754280567 0.0297511089593172 0.0419611260294914 0.046022642403841 0.0399557203054428 0.0447449646890163 0.0423894561827183 0.0366900190711021 0.0363973751664162 0.0393931567668915 0.0360884964466095 0.0374461449682713 0.0442911796271801 0.0363547876477242 0.0319074727594852 0.038207471370697 0.0302427709102631 0.0310191046446562 0.0328986868262291 0.032482523471117 0.0347026847302914 0.0401368513703346 0.0406582467257977 0.041704535484314 0.0463825725018978 0.050240520387888 0.0493267253041267 0.0520268455147743 0.0464139543473721 0.0405731834471226 0.0358501002192497
0.0228409133851528 0.0192510951310396 0.0221443418413401 0.0237255915999413 0.0291490666568279 0.0311471670866013 0.0325741730630398 0.0399574227631092 0.0405223332345486 0.0508560165762901 0.0516362227499485 0.0518134906888008 0.0299353059381247 0.0374794751405716 0.0460056811571121 0.0434526614844799 0.0453141778707504 0.0432891845703125 0.0445532388985157 0.0506570413708687 0.041644599288702 0.0396138206124306 0.0358820371329784 0.0378413125872612 0.0388991348445415 0.0370445214211941 0.0458529777824879 0.0383277721703053 0.037087719887495 0.0437024496495724 0.0325151607394218 0.0318789631128311 0.0322275459766388 0.0314215160906315 0.0346404314041138 0.0436092242598534 0.0437125489115715 0.0432375185191631 0.0466648414731026 0.0472106151282787 0.0534334927797318 0.040930800139904 0.0420240387320518 0.0417912229895592 0.0529077537357807
0.0194190889596939 0.0215786918997765 0.0253561567515135 0.0252037346363068 0.0313308760523796 0.0316988006234169 0.0281188003718853 0.0337168239057064 0.0410876721143723 0.0404957048594952 0.059587374329567 0.0601274631917477 0.0506887920200825 0.045771062374115 0.0349313914775848 0.036960881203413 0.0361764840781689 0.0384787879884243 0.034231822937727 0.0350210070610046 0.0342035107314587 0.0375643223524094 0.0350803881883621 0.0368655286729336 0.0349439308047295 0.0355913527309895 0.0368866771459579 0.0337482653558254 0.0344668626785278 0.0368963666260242 0.0368368066847324 0.0312181320041418 0.0301322098821402 0.0331848077476025 0.0349958650767803 0.0413674414157867 0.0476651936769485 0.0444204956293106 0.0433645434677601 0.0555338263511658 0.0422580987215042 0.0354587100446224 0.0389705635607243 0.0359817482531071 0.0462196879088879
0.0270181689411402 0.02921455912292 0.0174866933375597 0.0192238055169582 0.0249667689204216 0.0265997797250748 0.0421461053192616 0.0340322740375996 0.0378035493195057 0.0383720546960831 0.0455429442226887 0.0459214560687542 0.040413212031126 0.0377591587603092 0.0388914085924625 0.0395275764167309 0.0413118153810501 0.0353266708552837 0.0334155932068825 0.0434441417455673 0.0357222370803356 0.0327316708862782 0.0394265167415142 0.0452935174107552 0.0318554975092411 0.0376738309860229 0.0433881990611553 0.0370774008333683 0.0276978313922882 0.034328505396843 0.0333143547177315 0.0297871679067612 0.0316896848380566 0.0332542397081852 0.0353455394506454 0.0332161821424961 0.0336433984339237 0.039302833378315 0.035072922706604 0.0383098758757114 0.0381100624799728 0.0327730625867844 0.0351270735263824 0.0422499626874924 0.0425213687121868
0.0287005826830864 0.025731734931469 0.0250156372785568 0.0431035980582237 0.0172925237566233 0.0208527520298958 0.0229281447827816 0.0194724034518003 0.032280720770359 0.0408841967582703 0.0405859984457493 0.0442555099725723 0.0445957630872726 0.0420798659324646 0.0437000319361687 0.0394263379275799 0.0309754572808743 0.0318376459181309 0.0354887172579765 0.0387020893394947 0.0344342030584812 0.0302261859178543 0.0357630364596844 0.0385431051254272 0.0434228740632534 0.0356873720884323 0.0373293608427048 0.0449213348329067 0.0285522378981113 0.032257042825222 0.0315367318689823 0.033075138926506 0.0330511443316936 0.0312080048024654 0.0303247012197971 0.0312437638640404 0.0293124411255121 0.0319819115102291 0.0388808622956276 0.0385704003274441 0.0330243334174156 0.0296487081795931 0.0372473560273647 0.0365634672343731 0.0310894623398781
0.0291253812611103 0.042587123811245 0.0358873717486858 0.0315946899354458 0.020344041287899 0.0164824090898037 0.0174807999283075 0.0215786527842283 0.0276641789823771 0.0387620143592358 0.0404722057282925 0.0600190199911594 0.0554722882807255 0.0456801019608974 0.0424639657139778 0.0368359759449959 0.0369542092084885 0.0260942149907351 0.0330410860478878 0.0288258641958237 0.0352040268480778 0.0341412499547005 0.0357951261103153 0.045113317668438 0.0448592863976955 0.042852446436882 0.038912333548069 0.0320891328155994 0.0300550181418657 0.0259889680892229 0.028545793145895 0.0259247832000256 0.0332908965647221 0.0295544676482677 0.0304968431591988 0.0307643488049507 0.0295083895325661 0.0313542261719704 0.0459795668721199 0.0332300625741482 0.0511479191482067 0.0321938954293728 0.0386382453143597 0.0493526123464108 0.0430215373635292
0.0389153324067593 0.0414604023098946 0.0337299890816212 0.030878959223628 0.0231653172522783 0.0271849017590284 0.0181487128138542 0.0238573588430882 0.0278121829032898 0.0412926748394966 0.0580851882696152 0.0634429901838303 0.0573514848947525 0.0484772473573685 0.0403306670486927 0.0378095656633377 0.037127897143364 0.0274230670183897 0.0364089943468571 0.0338418334722519 0.0323903970420361 0.035519327968359 0.0388904735445976 0.0519005507230759 0.0466435216367245 0.025108715519309 0.0247961096465588 0.0326714366674423 0.0327094011008739 0.0285779125988483 0.0260112918913364 0.0260630194097757 0.0284830424934626 0.030688164755702 0.0318689607083797 0.0313262455165386 0.0308200009167194 0.0285583194345236 0.0332795418798923 0.0392950214445591 0.0399305932223797 0.0462293215095997 0.0409936718642712 0.0450776405632496 0.0467995516955853
0.0215216111391783 0.0331878922879696 0.0539165511727333 0.0500350072979927 0.0252991784363985 0.0129825482144952 0.00834457296878099 0.00861752592027187 0.0126838833093643 0.0512395799160004 0.065095953643322 0.068606898188591 0.0602937825024128 0.047335147857666 0.0442665815353394 0.0363227017223835 0.0331362895667553 0.0281268376857042 0.029171034693718 0.0346646867692471 0.0302363969385624 0.045123215764761 0.036203894764185 0.0412461161613464 0.0370780900120735 0.0180293135344982 0.0195088759064674 0.0315686352550983 0.0334129557013512 0.0355551280081272 0.0256558004766703 0.028176125138998 0.0308013390749693 0.0327104441821575 0.0302460230886936 0.0260808933526278 0.0225355625152588 0.0246796701103449 0.0256471950560808 0.0325445085763931 0.0403816886246204 0.0400092415511608 0.0517522096633911 0.0528347603976727 0.0693338811397552
0.0215283464640379 0.0201711747795343 0.039869450032711 0.0484921969473362 0.0200339965522289 0.0357402451336384 0.0132037345319986 0.0209367275238037 0.0266343764960766 0.0640545263886452 0.0669753924012184 0.0637576803565025 0.0557911098003387 0.0483232513070107 0.0350015386939049 0.0267229769378901 0.0350352339446545 0.0332928821444511 0.0309516079723835 0.0386037267744541 0.0381708964705467 0.041799932718277 0.0301200039684772 0.0356462597846985 0.023153530433774 0.0191511064767838 0.0192116145044565 0.0306272469460964 0.0381499752402306 0.0365241654217243 0.0289377029985189 0.0280732661485672 0.0368205830454826 0.0298711657524109 0.0245463866740465 0.0239573456346989 0.0230017136782408 0.0277487076818943 0.0524922274053097 0.0527949593961239 0.0655119940638542 0.061909843236208 0.0547094345092773 0.0539109036326408 0.0577885434031487
