Ecospace-environmental-drivers/Outputs/ASCII-for-ecospace/Cfl/Cfl_X2005.11.asc
NCOLS 131 
NROWS 53 
XLLCORNER -98 
YLLCORNER 23.9265270233154 
CELLSIZE 0.133587792515755 
NODATA_value -3.4e+38 
[rows 0 to 19 of 53, columns 45 to 89 of 131]
-3.4e+38 -3.4e+38 -3.4e+38 -3.4e+38 -3.4e+38 -3.4e+38 -3.4e+38 -3.4e+38 -3.4e+38 -3.4e+38 -3.4e+38 -3.4e+38 -3.4e+38 -3.4e+38 -3.4e+38 -3.4e+38 -3.4e+38 -3.4e+38 -3.4e+38 -3.4e+38 -3.4e+38 -3.4e+38 -3.4e+38 -3.4e+38 -3.4e+38 -3.4e+38 -3.4e+38 -3.4e+38 -3.4e+38 -3.4e+38 -3.4e+38 -3.4e+38 -3.4e+38 -3.4e+38 -3.4e+38 -3.4e+38 -3.4e+38 -3.4e+38 -3.4e+38 -3.4e+38 -3.4e+38 -3.4e+38 -3.4e+38 -3.4e+38 -3.4e+38
-3.4e+38 -3.4e+38 -3.4e+38 -3.4e+38 -3.4e+38 -3.4e+38 -3.4e+38 -3.4e+38 -3.4e+38 -3.4e+38 -3.4e+38 -3.4e+38 -3.4e+38 -3.4e+38 -3.4e+38 -3.4e+38 -3.4e+38 -3.4e+38 -3.4e+38 -3.4e+38 -3.4e+38 -3.4e+38 -3.4e+38 -3.4e+38 -3.4e+38 -3.4e+38 -3.4e+38 -3.4e+38 -3.4e+38 -3.4e+38 -3.4e+38 -3.4e+38 -3.4e+38 -3.4e+38 -3.4e+38 -3.4e+38 -3.4e+38 -3.4e+38 -3.4e+38 -3.4e+38 -3.4e+38 -3.4e+38 -3.4e+38 -3.4e+38 -3.4e+38
-3.4e+38 -3.4e+38 -3.4e+38 -3.4e+38 -3.4e+38 -3.4e+38 -3.4e+38 -3.4e+38 -3.4e+38 -3.4e+38 -3.4e+38 -3.4e+38 -3.4e+38 -3.4e+38 -3.4e+38 -3.4e+38 -3.4e+38 -3.4e+38 -3.4e+38 -3.4e+38 -3.4e+38 -3.4e+38 -3.4e+38 -3.4e+38 -3.4e+38 -3.4e+38 -3.4e+38 -3.4e+38 -3.4e+38 -3.4e+38 -3.4e+38 -3.4e+38 -3.4e+38 -3.4e+38 -3.4e+38 -3.4e+38 -3.4e+38 -3.4e+38 -3.4e+38 -3.4e+38 -3.4e+38 -3.4e+38 -3.4e+38 -3.4e+38 -3.4e+38
-3.4e+38 -3.4e+38 -3.4e+38 -3.4e+38 -3.4e+38 -3.4e+38 -3.4e+38 -3.4e+38 -3.4e+38 -3.4e+38 -3.4e+38 -3.4e+38 -3.4e+38 -3.4e+38 -3.4e+38 -3.4e+38 -3.4e+38 -3.4e+38 -3.4e+38 -3.4e+38 -3.4e+38 -3.4e+38 -3.4e+38 -3.4e+38 -3.4e+38 -3.4e+38 -3.4e+38 -3.4e+38 -3.4e+38 0.289831548929214 0.247151479125023 -3.4e+38 -3.4e+38 -3.4e+38 -3.4e+38 -3.4e+38 0.229956910014153 -3.4e+38 -3.4e+38 -3.4e+38 -3.4e+38 0.297765880823135 0.291777670383453 -3.4e+38 -3.4e+38
-3.4e+38 -3.4e+38 -3.4e+38 -3.4e+38 -3.4e+38 -3.4e+38 -3.4e+38 -3.4e+38 -3.4e+38 -3.4e+38 -3.4e+38 -3.4e+38 -3.4e+38 0.265185594558716 -3.4e+38 -3.4e+38 -3.4e+38 -3.4e+38 -3.4e+38 -3.4e+38 -3.4e+38 -3.4e+38 0.463747173547745 0.456310898065567 0.175432294607162 -3.4e+38 -3.4e+38 0.220390856266022 -3.4e+38 0.289370208978653 0.246050879359245 -3.4e+38 -3.4e+38 -3.4e+38 -3.4e+38 -3.4e+38 0.207283839583397 0.141665905714035 0.117975570261478 0.116089209914207 0.134189665317535 0.189731299877167 0.265431344509125 -3.4e+38 -3.4e+38
-3.4e+38 -3.4e+38 -3.4e+38 -3.4e+38 -3.4e+38 -3.4e+38 -3.4e+38 -3.4e+38 -3.4e+38 -3.4e+38 0.246443241834641 0.253862679004669 0.4011150598526 0.292989522218704 0.383494138717651 0.413967937231064 -3.4e+38 -3.4e+38 -3.4e+38 0.362488210201263 0.349046945571899 0.424208879470825 0.437122941017151 0.433738857507706 0.419919699430466 0.38263726234436 0.376038461923599 0.389835298061371 0.375473648309708 0.436407208442688 0.278773874044418 0.251972615718842 0.147436946630478 0.115687824785709 0.146820053458214 0.141070351004601 0.11731868237257 0.0973903015255928 0.0865328460931778 0.0919615924358368 0.09466902166605 0.0956076309084892 0.0986635610461235 0.103089176118374 0.168320536613464
-3.4e+38 -3.4e+38 -3.4e+38 -3.4e+38 -3.4e+38 -3.4e+38 -3.4e+38 -3.4e+38 -3.4e+38 -3.4e+38 -3.4e+38 0.331675618886948 0.342199385166168 0.349204391241074 0.235556200146675 0.20724031329155 -3.4e+38 0.3437480032444 0.363314032554626 0.407023072242737 0.65055251121521 0.538397490978241 0.57645970582962 0.463913351297379 0.345373898744583 0.310683280229568 0.293950945138931 0.308803051710129 0.377317279577255 0.357383966445923 0.194574892520905 0.150699153542519 0.1279276907444 0.11403751373291 0.10416292399168 0.0995925068855286 0.109929278492928 0.118746943771839 0.119061104953289 0.124823816120625 0.122064508497715 0.106496468186378 0.107077829539776 0.0989342480897903 0.100846573710442
-3.4e+38 -3.4e+38 -3.4e+38 -3.4e+38 -3.4e+38 -3.4e+38 -3.4e+38 -3.4e+38 -3.4e+38 -3.4e+38 -3.4e+38 -3.4e+38 0.174407288432121 0.307098984718323 0.229952663183212 0.199625998735428 0.30517116189003 0.277346670627594 0.310800105333328 0.359795302152634 0.469437748193741 0.591880261898041 0.585502564907074 0.625632345676422 0.358622968196869 0.266050785779953 0.211554899811745 0.208387836813927 0.213057085871696 0.173597186803818 0.140351802110672 0.124236986041069 0.108707390725613 0.101461611688137 0.106458134949207 0.117842391133308 0.126472041010857 0.127406865358353 0.125637322664261 0.131104439496994 0.124300226569176 0.124156899750233 0.124609306454659 0.117231577634811 0.129692390561104
0.201331973075867 -3.4e+38 -3.4e+38 -3.4e+38 -3.4e+38 -3.4e+38 -3.4e+38 -3.4e+38 -3.4e+38 -3.4e+38 -3.4e+38 -3.4e+38 -3.4e+38 -3.4e+38 -3.4e+38 -3.4e+38 -3.4e+38 0.234866201877594 -3.4e+38 -3.4e+38 0.536463618278503 0.603472471237183 0.542336821556091 0.698570609092712 0.62525463104248 0.309292793273926 0.236349985003471 0.222538843750954 0.179944038391113 0.159613206982613 0.142384260892868 0.11799942702055 0.110731609165668 0.112120851874352 0.121576979756355 0.138304889202118 0.125778242945671 0.110642902553082 0.118751160800457 0.124943435192108 0.116561308503151 0.123824432492256 0.118867874145508 0.107608415186405 0.122706718742847
0.154571950435638 0.270380675792694 -3.4e+38 -3.4e+38 -3.4e+38 -3.4e+38 -3.4e+38 -3.4e+38 -3.4e+38 -3.4e+38 -3.4e+38 -3.4e+38 0.314936995506287 0.357672423124313 -3.4e+38 -3.4e+38 -3.4e+38 -3.4e+38 -3.4e+38 0.5826296210289 0.5695641040802 0.732035577297211 0.779660701751709 0.710805952548981 0.577623844146729 0.30393585562706 0.24488091468811 0.212151646614075 0.178023546934128 0.169657155871391 0.139637216925621 0.118907906115055 0.124359548091888 0.131667584180832 0.136313483119011 0.119483314454556 0.119926005601883 0.121006950736046 0.129576325416565 0.125020459294319 0.117566749453545 0.119832701981068 0.14551468193531 0.133152455091476 0.133602768182755
0.302586495876312 0.557237803936005 0.595802009105682 -3.4e+38 -3.4e+38 -3.4e+38 -3.4e+38 -3.4e+38 -3.4e+38 -3.4e+38 -3.4e+38 -3.4e+38 -3.4e+38 -3.4e+38 -3.4e+38 -3.4e+38 -3.4e+38 0.204296365380287 0.448721528053284 0.594033718109131 0.608966171741486 0.698411345481873 0.682252168655396 0.599385380744934 0.45081228017807 0.251033514738083 0.180198311805725 0.184063300490379 0.176233619451523 0.184007778763771 0.162256628274918 0.140500724315643 0.136112257838249 0.129860535264015 0.116621173918247 0.113898910582066 0.120222039520741 0.124251060187817 0.124344192445278 0.127852842211723 0.120113104581833 0.11098463088274 0.124538041651249 0.131904676556587 0.133636802434921
0.397439330816269 0.42732310295105 0.418336302042007 0.288702845573425 -3.4e+38 -3.4e+38 -3.4e+38 -3.4e+38 -3.4e+38 -3.4e+38 -3.4e+38 -3.4e+38 -3.4e+38 -3.4e+38 0.461381584405899 0.362002491950989 -3.4e+38 -3.4e+38 0.44207027554512 0.537956357002258 0.496346056461334 0.578649699687958 0.566092550754547 0.41876009106636 0.218015268445015 0.156660825014114 0.146383181214333 0.148132562637329 0.168783828616142 0.16446016728878 0.145399063825607 0.13913157582283 0.135357216000557 0.133899554610252 0.11760888248682 0.114413164556026 0.111088164150715 0.106730543076992 0.109155565500259 0.117790363729 0.121863700449467 0.124961152672768 0.129118591547012 0.139971166849136 0.145578250288963
0.735484659671783 0.789939641952515 0.797308623790741 0.437056720256805 0.651883184909821 -3.4e+38 -3.4e+38 -3.4e+38 -3.4e+38 -3.4e+38 0.383565008640289 0.257963716983795 -3.4e+38 -3.4e+38 0.377545297145844 0.485313206911087 0.498893111944199 0.476296961307526 -3.4e+38 0.573770046234131 0.456463783979416 0.487950950860977 0.491895228624344 0.307168543338776 0.23361100256443 0.177549824118614 0.143561795353889 0.145145520567894 0.151319652795792 0.152293667197227 0.135167345404625 0.127983137965202 0.120565667748451 0.120912224054337 0.126342684030533 0.119574725627899 0.111889980733395 0.102728955447674 0.106860056519508 0.10916393250227 0.110904783010483 0.11133436858654 0.129212096333504 0.141362532973289 0.150730803608894
0.784506261348724 0.983495771884918 0.733427107334137 0.720772385597229 0.758817255496979 0.649740695953369 0.472750842571259 0.62668788433075 0.534105241298676 0.492772668600082 0.470446318387985 0.316873520612717 0.41000884771347 0.366932094097137 0.514061391353607 0.434113711118698 0.381766885519028 0.494134157896042 0.581998884677887 0.303703367710114 -3.4e+38 0.210518732666969 0.461658358573914 0.279855817556381 0.220946788787842 0.164300084114075 0.123140290379524 0.11879974603653 0.0978161543607712 0.118644773960114 0.104643672704697 0.102662064135075 0.0887035876512527 0.0855499133467674 0.090126670897007 0.0955055803060532 0.104886062443256 0.107306808233261 0.119397811591625 0.11075147986412 0.117347486317158 0.118494220077991 0.132938116788864 0.134448230266571 0.136417001485825
0.411033123731613 0.625461935997009 0.661233425140381 0.57427579164505 0.603625953197479 0.513976335525513 0.514433622360229 0.565583944320679 0.550759851932526 0.525688469409943 0.446388453245163 0.422076612710953 0.469264566898346 0.425012588500977 0.387268424034119 0.335953712463379 0.343163639307022 0.403033256530762 0.54345828294754 0.393666535615921 0.411799997091293 0.438138723373413 0.45783343911171 0.233219474554062 0.17127300798893 0.130832895636559 0.10047173500061 0.106834530830383 0.10978814214468 0.104671336710453 0.0927798077464104 0.0921744853258133 0.0936974883079529 0.0847965851426125 0.0804462358355522 0.078642375767231 0.086057722568512 0.0965235903859138 0.10573198646307 0.113545075058937 0.116266749799252 0.127385661005974 0.125689044594765 0.118385098874569 0.124978214502335
0.260227113962173 0.266023278236389 0.318811774253845 0.356786131858826 0.512002766132355 0.462807357311249 0.386840105056763 0.377760469913483 0.417534947395325 0.448260515928268 0.386078238487244 0.388220757246017 0.405053168535233 0.354324907064438 0.289537519216537 0.261651545763016 0.28694024682045 0.319523304700851 0.421027958393097 0.406060248613358 0.384460687637329 0.349497944116592 0.221977144479752 0.145702049136162 0.119591183960438 0.0938653275370598 0.0810768157243729 0.0922081768512726 0.0975834727287292 0.0982979983091354 0.090236060321331 0.088635616004467 0.0966665223240852 0.0955846607685089 0.0884016901254654 0.0801698267459869 0.0856688991189003 0.0884368792176247 0.0920919999480247 0.0988227725028992 0.113007925450802 0.119943752884865 0.127292931079865 0.130021601915359 0.133115291595459
0.206734180450439 0.234414458274841 0.23430435359478 0.259408831596375 0.32348895072937 0.379820913076401 0.307129323482513 0.31181263923645 0.353434979915619 0.269647866487503 0.274315983057022 0.30903896689415 0.275729566812515 0.198829397559166 0.187926083803177 0.16540165245533 0.172724977135658 0.205210894346237 0.277075260877609 0.250022917985916 0.226513549685478 0.174908190965652 0.149022474884987 0.12386567145586 0.0853503569960594 0.0861126407980919 0.0798101052641869 0.0803019180893898 0.0845601633191109 0.096370704472065 0.0913698300719261 0.0967734679579735 0.0972398892045021 0.105557225644588 0.0986884385347366 0.0847227871417999 0.0836326256394386 0.0837039798498154 0.098054014146328 0.104275457561016 0.109235517680645 0.120843328535557 0.11794900149107 0.124002933502197 0.131534948945045
0.14896596968174 0.168047308921814 0.182084336876869 0.215308710932732 0.227014169096947 0.247159227728844 0.269918084144592 0.25154322385788 0.247909843921661 0.215058818459511 0.157786950469017 0.160347834229469 0.120735980570316 0.100514389574528 0.0998692661523819 0.107659079134464 0.112249985337257 0.128643378615379 0.141170471906662 0.155341699719429 0.138516336679459 0.116395629942417 0.102792836725712 0.0769016370177269 0.0674587413668633 0.0633940994739532 0.0643830075860023 0.0679394826292992 0.0658973157405853 0.0709563717246056 0.0828737244009972 0.0955068841576576 0.0952845215797424 0.0968912169337273 0.0852451995015144 0.0754708275198936 0.0675132572650909 0.0706432089209557 0.0836655348539352 0.0899285823106766 0.10085067152977 0.104014277458191 0.0919960737228394 0.0951341241598129 0.0996084213256836
0.131613522768021 0.133141472935677 0.152233213186264 0.163376688957214 0.17021282017231 0.184623435139656 0.187908232212067 0.187846779823303 0.176938936114311 0.153880134224892 0.118287287652493 0.079329252243042 0.0808149576187134 0.0846534743905067 0.0824099034070969 0.0823815762996674 0.0919648855924606 0.0798901244997978 0.069379523396492 0.083269827067852 0.0674093887209892 0.061713382601738 0.0649435818195343 0.0627360418438911 0.0576011538505554 0.0626327842473984 0.0658183768391609 0.0686178952455521 0.0642742663621902 0.0705015063285828 0.0767499431967735 0.0786923766136169 0.0827396437525749 0.0765979737043381 0.0660815611481667 0.063262939453125 0.0654283687472343 0.0647730305790901 0.0781785994768143 0.0877187699079514 0.0830429866909981 0.0769883990287781 0.0685261562466621 0.0711835250258446 0.0775049403309822
0.0945249274373055 0.0979344174265862 0.114076964557171 0.109168127179146 0.145331650972366 0.146882712841034 0.150215998291969 0.123564228415489 0.116946518421173 0.110217824578285 0.0946143269538879 0.0866832211613655 0.084644578397274 0.0900754630565643 0.0876398906111717 0.0707662403583527 0.0562829971313477 0.0557741671800613 0.0581021793186665 0.063138373196125 0.0623167417943478 0.0623063296079636 0.0685142949223518 0.0639474615454674 0.0573624223470688 0.0539232157170773 0.0595732368528843 0.0600738190114498 0.0690697953104973 0.0693424344062805 0.0683837905526161 0.0738244131207466 0.067932590842247 0.0671501755714417 0.0639526546001434 0.0618978999555111 0.0636590272188187 0.061015535145998 0.0603559464216232 0.0670279562473297 0.0727813169360161 0.0652689263224602 0.0618497952818871 0.064825639128685 0.076393149793148
