Ecospace-environmental-drivers/Outputs/ASCII-for-ecospace/Cfl/Cfl_X2007.02.asc
NCOLS 131 
NROWS 53 
XLLCORNER -98 
YLLCORNER 23.9265270233154 
CELLSIZE 0.133587792515755 
NODATA_value -3.4e+38 
[rows 20 to 39 of 53, columns 45 to 89 of 131]
0.0941592752933502 0.171979904174805 0.200401619076729 0.207300826907158 0.170781880617142 0.174153208732605 0.202759772539139 0.209839418530464 0.197173357009888 0.174082264304161 0.165549457073212 0.149701371788979 0.125981271266937 0.116685196757317 0.109314538538456 0.106597326695919 0.110136993229389 0.0967030897736549 0.101687401533127 0.122461475431919 0.148668080568314 0.159273564815521 0.169144064188004 0.119342245161533 0.110078044235706 0.108285024762154 0.102913737297058 0.093690387904644 0.0900870561599731 0.100806429982185 0.112601444125175 0.109513990581036 0.119264774024487 0.117421053349972 0.116573311388493 0.116307944059372 0.128660753369331 0.132458105683327 0.121491856873035 0.119247198104858 0.117762163281441 0.116866782307625 0.116836756467819 0.112773023545742 0.113401092588902
0.102881386876106 0.109609089791775 0.111925438046455 0.122504234313965 0.128098785877228 0.132176712155342 0.135701790452003 0.167701303958893 0.157579839229584 0.138392224907875 0.12616066634655 0.124862693250179 0.112177565693855 0.104143418371677 0.11303074657917 0.111268371343613 0.0916829183697701 0.0930958837270737 0.0904187932610512 0.0862440913915634 0.0925636440515518 0.0968476608395576 0.100304536521435 0.0948931872844696 0.0981565788388252 0.102123342454433 0.102940253913403 0.099215917289257 0.100586391985416 0.0934359654784203 0.105722263455391 0.100051663815975 0.106249116361141 0.10589811205864 0.0970447286963463 0.110550425946712 0.122877612709999 0.116387069225311 0.100990913808346 0.0931686609983444 0.0867104232311249 0.0820660591125488 0.0989018082618713 0.111383855342865 0.122169144451618
0.0872930064797401 0.101269125938416 0.0885162800550461 0.104205638170242 0.107477068901062 0.107466623187065 0.110303305089474 0.130327299237251 0.130509376525879 0.106646545231342 0.105868771672249 0.112373560667038 0.102372244000435 0.0951473265886307 0.0984506532549858 0.0976443737745285 0.0965192541480064 0.087979644536972 0.0887083783745766 0.096558079123497 0.103506803512573 0.0880260914564133 0.0838948935270309 0.0908689945936203 0.094678059220314 0.0955173671245575 0.0875062048435211 0.09291672706604 0.0858980566263199 0.0811229944229126 0.105257615447044 0.0995388031005859 0.102787993848324 0.0969128459692001 0.0940790697932243 0.108771450817585 0.116248242557049 0.10815841704607 0.0850532203912735 0.0760841593146324 0.0670447573065758 0.069615937769413 0.102049976587296 0.140815526247025 0.138020172715187
0.0801273956894875 0.078623928129673 0.0880786180496216 0.0873399972915649 0.0958391577005386 0.109252199530602 0.113476522266865 0.111762687563896 0.109884612262249 0.101666234433651 0.0949984788894653 0.100386783480644 0.0911218449473381 0.0959007740020752 0.102054201066494 0.0899059996008873 0.078896701335907 0.0892505273222923 0.0994235649704933 0.0975415408611298 0.0953832566738129 0.0905347988009453 0.0969609245657921 0.105260282754898 0.119064405560493 0.124410845339298 0.101452715694904 0.100999683141708 0.0952794402837753 0.094280831515789 0.0983007773756981 0.103574968874454 0.0946314111351967 0.0917480066418648 0.099194273352623 0.110316179692745 0.104044891893864 0.0762883871793747 0.0719988271594048 0.0678142458200455 0.057278286665678 0.0667217969894409 0.0902234688401222 0.115678943693638 0.117846801877022
0.0845092311501503 0.0883894115686417 0.0874660462141037 0.0863128304481506 0.0895533487200737 0.101683296263218 0.0988638177514076 0.0956416204571724 0.10009454190731 0.0971460938453674 0.0937766954302788 0.0946302264928818 0.0890817642211914 0.0852329507470131 0.0849237069487572 0.088886097073555 0.0885450914502144 0.093381293118 0.0998638868331909 0.102226264774799 0.099956639111042 0.0826839208602905 0.0791843235492706 0.0944086238741875 0.109563589096069 0.0953337326645851 0.0888085216283798 0.0857376530766487 0.0781094953417778 0.0844341292977333 0.0953373312950134 0.0980330556631088 0.104641266167164 0.10241437703371 0.0941915959119797 0.0879678055644035 0.070317767560482 0.0622755810618401 0.0692660510540009 0.072777234017849 0.0729316249489784 0.0835554227232933 0.0830975845456123 0.0825872793793678 0.0869986787438393
0.0877796187996864 0.0884307622909546 0.096921369433403 0.0855347216129303 0.0823672488331795 0.0893769785761833 0.0911142602562904 0.0873495414853096 0.0935821533203125 0.0956311598420143 0.104528121650219 0.105298385024071 0.100610457360744 0.0851324796676636 0.0924297124147415 0.0992956906557083 0.100001960992813 0.121313706040382 0.111302644014359 0.0954228267073631 0.0808299630880356 0.0913770794868469 0.0684153661131859 0.0852458924055099 0.0803720206022263 0.0915990844368935 0.08082165569067 0.0751067101955414 0.0773399546742439 0.0880549773573875 0.099730096757412 0.0950144603848457 0.1072628647089 0.105439521372318 0.0918241888284683 0.0728838741779327 0.0585396736860275 0.0545528344810009 0.0630017444491386 0.0671107545495033 0.0764162391424179 0.0767316892743111 0.0809352993965149 0.0791166201233864 0.0825397968292236
0.0923667028546333 0.0856245532631874 0.0927863493561745 0.0963739529252052 0.0899388864636421 0.0878095626831055 0.0904714167118073 0.0823102816939354 0.0831266716122627 0.0988901853561401 0.116020016372204 0.104814976453781 0.101918041706085 0.106966882944107 0.124383352696896 0.118509456515312 0.115752041339874 0.121614366769791 0.0932691916823387 0.0924533829092979 0.0931990817189217 0.107524327933788 0.091358445584774 0.0790759027004242 0.0620707087218761 0.0749381557106972 0.0875125527381897 0.071279875934124 0.0752532184123993 0.0858761817216873 0.0988503396511078 0.097611203789711 0.107747107744217 0.0981722325086594 0.0900947004556656 0.0857031494379044 0.064083106815815 0.0654885694384575 0.062737450003624 0.0843106657266617 0.0809254497289658 0.0814418941736221 0.0817398056387901 0.0736277028918266 0.0730145946145058
0.0877223461866379 0.0885442122817039 0.0916010215878487 0.0999756753444672 0.107309430837631 0.103066265583038 0.0951028093695641 0.0778485462069511 0.0855938345193863 0.0849280431866646 0.0884058550000191 0.0940052643418312 0.116532228887081 0.121925458312035 0.124891586601734 0.106599718332291 0.107341676950455 0.11689655482769 0.113140545785427 0.112658090889454 0.126457363367081 0.124399833381176 0.107770539820194 0.0916839689016342 0.069218821823597 0.0786031484603882 0.0861958339810371 0.0721038579940796 0.0671530067920685 0.0719266459345818 0.0858298391103745 0.0887126177549362 0.0919913351535797 0.0814746618270874 0.0819077864289284 0.0880933701992035 0.0790166780352592 0.0643754974007607 0.0705792158842087 0.0848589465022087 0.0898553729057312 0.0912771672010422 0.0935245528817177 0.0942937806248665 0.0948979407548904
0.0830093994736671 0.0850541815161705 0.0934889316558838 0.112431421875954 0.103783898055553 0.098967969417572 0.0763215720653534 0.0801685303449631 0.0845946669578552 0.0904114171862602 0.0907314792275429 0.10547199100256 0.111320927739143 0.118162654340267 0.109619200229645 0.108203552663326 0.103992760181427 0.109561398625374 0.104710720479488 0.111035235226154 0.136107459664345 0.128095597028732 0.0984075963497162 0.0940199419856071 0.074012964963913 0.0756076127290726 0.0639858245849609 0.0540037229657173 0.0548491626977921 0.0507612973451614 0.0632383674383163 0.0678721517324448 0.0514419227838516 0.0449957586824894 0.0679105147719383 0.0748922079801559 0.0724197179079056 0.0795976966619492 0.0654179155826569 0.0673892796039581 0.0792846009135246 0.0804616212844849 0.0901174545288086 0.0948486551642418 0.103343442082405
0.0932609066367149 0.0783471241593361 0.0838974565267563 0.10149173438549 0.0955319851636887 0.0889604613184929 0.0780971944332123 0.0702752247452736 0.0700706019997597 0.076736681163311 0.0933087915182114 0.0970427468419075 0.105440780520439 0.111095860600471 0.10633834451437 0.107318662106991 0.107843965291977 0.113174304366112 0.109282232820988 0.102323576807976 0.12136010825634 0.106500655412674 0.0998983755707741 0.100144952535629 0.0799077227711678 0.0569481886923313 0.0499356836080551 0.0585922487080097 0.0500040836632252 0.0399672910571098 0.0487454123795033 0.0600717961788177 0.0505562387406826 0.0447475947439671 0.0469875670969486 0.0418705232441425 0.0277017969638109 0.0315036699175835 0.0346017852425575 0.0190930832177401 0.028513852506876 0.0398570410907269 0.0573748350143433 0.0695840194821358 0.0783859267830849
0.0831999257206917 0.0814480930566788 0.0884810462594032 0.0903004109859467 0.0821215286850929 0.0859319716691971 0.0880242213606834 0.0819988325238228 0.0760456174612045 0.0642198920249939 0.0883162766695023 0.0987580269575119 0.0917496606707573 0.105477645993233 0.113560326397419 0.108791455626488 0.111382693052292 0.114000208675861 0.114227965474129 0.108212888240814 0.115313500165939 0.115795254707336 0.0965719968080521 0.0751363858580589 0.0679224655032158 0.0725591406226158 0.0684936121106148 0.0535380840301514 0.0405194647610188 0.0479951351881027 0.0478982925415039 0.0535846352577209 0.0509901233017445 0.0449550859630108 0.0405578166246414 0.0374230667948723 0.0521941743791103 0.0472768358886242 0.0237382762134075 0.0201714597642422 0.0213494766503572 0.0227941162884235 0.0387136898934841 0.0506027862429619 0.0613654479384422
0.0903578773140907 0.0781771466135979 0.076509103178978 0.0763211473822594 0.0795795470476151 0.082755982875824 0.0902411043643951 0.08863215893507 0.0888358354568481 0.0719824954867363 0.0790590643882751 0.0820213779807091 0.0891356393694878 0.103014186024666 0.113355897367001 0.116056613624096 0.111363127827644 0.110872350633144 0.114213280379772 0.107933677732944 0.105447597801685 0.0821373239159584 0.0811794027686119 0.0685101002454758 0.0635186806321144 0.0719960480928421 0.0536258779466152 0.0462378859519958 0.0495563559234142 0.0557234771549702 0.0419311076402664 0.0382750146090984 0.0517541691660881 0.0717786774039268 0.0510077923536301 0.0528456531465054 0.0391802191734314 0.0357789248228073 0.0310190208256245 0.0241265147924423 0.0183353796601295 0.0187332462519407 0.0230363886803389 0.0264485850930214 0.0351928472518921
0.0937463492155075 0.0767159163951874 0.0709293633699417 0.0797948911786079 0.0921930894255638 0.0876957103610039 0.0796408802270889 0.0756665244698524 0.06544229388237 0.0622298829257488 0.0629748702049255 0.0763613358139992 0.080400712788105 0.0931232422590256 0.104526795446873 0.113839566707611 0.119428262114525 0.10313693434 0.101716108620167 0.103223577141762 0.0964148864150047 0.0840423628687859 0.0767815262079239 0.0759277045726776 0.0805706679821014 0.0741753429174423 0.0557285770773888 0.0475087091326714 0.057750940322876 0.0593153908848763 0.0532926432788372 0.0643687322735786 0.0576821006834507 0.0575237385928631 0.0488732755184174 0.0374184660613537 0.0359407104551792 0.0377300269901752 0.0337108969688416 0.0257328767329454 0.0189842376857996 0.018756739795208 0.020839661359787 0.0243434570729733 0.036634910851717
0.0926163122057915 0.0830888003110886 0.0805962309241295 0.0811861380934715 0.0908867195248604 0.0898018106818199 0.0857630595564842 0.0641978308558464 0.0531504228711128 0.0584785379469395 0.064710721373558 0.073611781001091 0.0819942206144333 0.0832780078053474 0.0786929354071617 0.0846592932939529 0.0950729101896286 0.0849884673953056 0.0836529433727264 0.0843976214528084 0.0798816904425621 0.0756314471364021 0.0777933299541473 0.0718138068914413 0.0673217996954918 0.0780694857239723 0.0708818286657333 0.0487374514341354 0.0457339845597744 0.0425239577889442 0.0499575585126877 0.0655844733119011 0.0551774501800537 0.0380438715219498 0.0263076741248369 0.0280276760458946 0.0298642385751009 0.0215353202074766 0.0260130017995834 0.025793295353651 0.0161161627620459 0.0162920672446489 0.0206091664731503 0.0284545887261629 0.025893609970808
0.108462400734425 0.0936980843544006 0.0727639049291611 0.0768674314022064 0.0943540036678314 0.0967807173728943 0.0889999121427536 0.0641697272658348 0.0505657233297825 0.05522171407938 0.0607679784297943 0.0650625973939896 0.0689568072557449 0.0697207450866699 0.0661409273743629 0.0616018287837505 0.0633067935705185 0.0674799904227257 0.0836379006505013 0.0751141533255577 0.0895804166793823 0.0660988762974739 0.0676085352897644 0.0393946096301079 0.0408978909254074 0.0659340247511864 0.0418942496180534 0.0361523404717445 0.0361823551356792 0.052266601473093 0.0662679225206375 0.0602184347808361 0.0489920228719711 0.0364104434847832 0.0248810984194279 0.0214130207896233 0.0251098312437534 0.026567131280899 0.022606173530221 0.0211351066827774 0.0189695656299591 0.0254086256027222 0.0393870361149311 0.041279960423708 0.0334904827177525
0.0899788588285446 0.0964771136641502 0.0948137491941452 0.0888041779398918 0.102674752473831 0.101200141012669 0.0893873125314713 0.078150786459446 0.0592168085277081 0.0594723783433437 0.0573448017239571 0.0621312111616135 0.0662730410695076 0.0656141266226768 0.058256957679987 0.0572238154709339 0.0581110753118992 0.059016440063715 0.0600037463009357 0.0455667935311794 0.0602918080985546 0.0703497678041458 0.0702951699495316 0.0560328550636768 0.0556063689291477 0.049802515655756 0.0459193624556065 0.0504477769136429 0.0544983223080635 0.0668249577283859 0.0608660541474819 0.037594024091959 0.0545552335679531 0.0414772666990757 0.023461950942874 0.0208627469837666 0.0239727646112442 0.0249164011329412 0.0219537876546383 0.027629854157567 0.0290350113064051 0.0359574370086193 0.0453202240169048 0.0380563773214817 0.0328415855765343
0.0945007726550102 0.11023161560297 0.101045787334442 0.0703951418399811 0.0996432304382324 0.096202626824379 0.0719311088323593 0.0631631091237068 0.0576298385858536 0.0614228136837482 0.0601922534406185 0.060971699655056 0.0525397583842278 0.0456270538270473 0.0436809882521629 0.0404690429568291 0.041168324649334 0.0446530915796757 0.0455983765423298 0.0444241017103195 0.0598561465740204 0.0575385019183159 0.0756069049239159 0.0719180405139923 0.0517297461628914 0.0312412586063147 0.0359260998666286 0.0414885208010674 0.0436025075614452 0.0324955172836781 0.0206629391759634 0.0540777109563351 0.0489035733044147 0.0186150763183832 0.0136922653764486 0.0208246223628521 0.0193955134600401 0.0194661282002926 0.0287919547408819 0.0287186782807112 0.0350379757583141 0.0357068777084351 0.043978463858366 0.0403928756713867 0.0288529489189386
0.0862063094973564 0.0816291347146034 0.0691559463739395 0.0472705662250519 0.0776668787002563 0.0797791257500648 0.088605061173439 0.0731793344020844 0.0566736944019794 0.0535161420702934 0.041313499212265 0.0342535339295864 0.0418539009988308 0.0384394563734531 0.0385895669460297 0.0441266000270844 0.0483527481555939 0.0370545126497746 0.0390730649232864 0.0479290150105953 0.0593008324503899 0.0574755743145943 0.0754284411668777 0.0511156134307384 0.039869025349617 0.0394190587103367 0.0377408005297184 0.0342785157263279 0.0481515191495419 0.0479139015078545 0.058927770704031 -3.4e+38 0.0189525000751019 0.0110684912651777 0.0212088245898485 0.0215677004307508 0.0241968184709549 0.0235513150691986 0.0296650622040033 0.0314620323479176 0.0320681035518646 0.0322124175727367 0.0366889350116253 0.033691443502903 0.0326450765132904
0.0719642639160156 0.0682930201292038 0.0654029101133347 0.0600419119000435 0.0565856508910656 0.074118010699749 0.0767804384231567 0.0491760820150375 0.0278093498200178 0.0478938110172749 0.0285490527749062 0.0278679803013802 0.0486077181994915 0.0317239612340927 0.0295506715774536 0.0350204594433308 0.0405259430408478 0.0452204197645187 0.0404594577848911 0.047116257250309 0.0504242293536663 0.0687843337655067 0.0752188041806221 0.0603560656309128 0.062663197517395 0.0475618317723274 0.0392513424158096 0.0303200930356979 0.0495375990867615 0.0635346472263336 0.0934696346521378 0.0192065760493279 0.0162199269980192 0.0144487107172608 0.0312393885105848 0.0237033367156982 0.0249216593801975 0.0294124539941549 0.0296738892793655 0.0300368536263704 0.0301245059818029 0.0361339040100574 0.0356998927891254 0.0301857553422451 0.0354401431977749
0.0815077498555183 0.0760702341794968 0.0700997784733772 0.0431814827024937 0.0560175217688084 0.0637578889727592 0.0627877563238144 0.0394770130515099 0.0359567031264305 0.0368105620145798 0.0320322029292583 0.0414713434875011 0.0491376630961895 0.0347580388188362 0.0378644205629826 0.0376837626099586 0.0390935018658638 0.047221951186657 0.045527495443821 0.0548236407339573 0.0595595650374889 0.0550121441483498 0.0582337193191051 0.0474780909717083 0.0529505759477615 0.0516426712274551 0.0458924770355225 0.0289125721901655 0.0446058325469494 0.0382232367992401 0.0111132189631462 0.0147500382736325 0.0107142301276326 0.015147584490478 0.0244525838643312 0.0244347080588341 0.0327624902129173 0.0351726152002811 0.0300887785851955 0.0280721075832844 0.0344618745148182 0.038466177880764 0.0401036888360977 0.0349289029836655 0.0356056280434132
