Ecospace-environmental-drivers/Outputs/ASCII-for-ecospace/Cfl/Cfl_X2021.08.asc
NCOLS 131 
NROWS 53 
XLLCORNER -98 
YLLCORNER 23.9265270233154 
CELLSIZE 0.133587792515755 
NODATA_value -3.4e+38 
[rows 20 to 39 of 53, columns 0 to 44 of 131]
-3.4e+38 -3.4e+38 -3.4e+38 -3.4e+38 -3.4e+38 -3.4e+38 -3.4e+38 -3.4e+38 -3.4e+38 -3.4e+38 3.02084255218506 3.84281730651855 1.85465061664581 1.20817530155182 0.740259647369385 0.499285727739334 0.422343790531158 0.37647008895874 0.304446965456009 0.369116544723511 0.340054780244827 0.264497965574265 0.240413144230843 0.262936890125275 0.304950416088104 0.383860945701599 0.459674924612045 0.424968421459198 0.450572103261948 0.491141557693481 0.498671442270279 0.58061558008194 0.570814192295074 0.613583505153656 0.817034840583801 0.693558931350708 0.476182907819748 0.457427382469177 0.586712002754211 0.746470034122467 0.858208894729614 0.897970736026764 0.633862733840942 0.601137220859528 0.546240210533142
-3.4e+38 -3.4e+38 -3.4e+38 -3.4e+38 -3.4e+38 -3.4e+38 -3.4e+38 -3.4e+38 3.54655814170837 3.13050174713135 2.20092749595642 1.31876277923584 0.901840507984161 0.573591351509094 0.410769492387772 0.346886307001114 0.258025735616684 0.22953063249588 0.224491462111473 0.212199911475182 0.189616039395332 0.180741727352142 0.265917956829071 0.297731518745422 0.295043230056763 0.322655469179153 0.369857549667358 0.428526043891907 0.398050040006638 0.440543502569199 0.484169840812683 0.513556659221649 0.602018415927887 0.713916063308716 0.799274861812592 0.604869186878204 0.403727889060974 0.412978678941727 0.484183609485626 0.633872866630554 0.700443685054779 0.766765058040619 0.673102378845215 0.486156910657883 0.354118674993515
-3.4e+38 -3.4e+38 -3.4e+38 -3.4e+38 -3.4e+38 -3.4e+38 -3.4e+38 -3.4e+38 2.82557964324951 1.86627876758575 0.879422128200531 0.577783346176147 0.551020383834839 0.40789258480072 0.285481125116348 0.23171478509903 0.214750081300735 0.208379417657852 0.210427969694138 0.205470710992813 0.181358620524406 0.193079859018326 0.282225281000137 0.279635697603226 0.285122275352478 0.292007803916931 0.302600830793381 0.368378818035126 0.373254477977753 0.362596571445465 0.331600725650787 0.323654174804688 0.40409517288208 0.498041898012161 0.56628555059433 0.509004950523376 0.383607625961304 0.340163946151733 0.352833598852158 0.513558804988861 0.631582796573639 0.729685485363007 0.639080822467804 0.488018751144409 0.381452709436417
-3.4e+38 -3.4e+38 -3.4e+38 -3.4e+38 8.73416519165039 8.24290180206299 8.19395351409912 2.91181635856628 1.36504745483398 0.551508009433746 0.312532722949982 0.29727777838707 0.292916625738144 0.211573928594589 0.202353239059448 0.184430241584778 0.186129078269005 0.217408701777458 0.226960480213165 0.249050334095955 0.333335638046265 0.341645985841751 0.308391571044922 0.284227460622787 0.324853986501694 0.394534349441528 0.475177973508835 0.551947414875031 0.30530509352684 0.297881096601486 0.269239217042923 0.246952578425407 0.238271191716194 0.303695619106293 0.433444201946259 0.416122913360596 0.270760327577591 0.211465805768967 0.211479604244232 0.284454226493835 0.320826083421707 0.395009845495224 0.380263775587082 0.389613062143326 0.368987113237381
-3.4e+38 -3.4e+38 -3.4e+38 -3.4e+38 -3.4e+38 7.73627424240112 3.97620916366577 1.85219860076904 0.64486825466156 0.326836377382278 0.285185635089874 0.242660418152809 0.205377578735352 0.184984356164932 0.182308748364449 0.166521728038788 0.191083356738091 0.201478108763695 0.216092810034752 0.226889282464981 0.260232627391815 0.27811062335968 0.289743512868881 0.303953617811203 0.286629557609558 0.270291030406952 0.257855981588364 0.378022819757462 0.434643507003784 0.227877169847488 0.244024038314819 0.279802978038788 0.258092075586319 0.175502479076385 0.264520853757858 0.306554585695267 0.328298091888428 0.287072062492371 0.190246731042862 0.186880171298981 0.203923389315605 0.262631207704544 0.227144807577133 0.178729325532913 0.256150782108307
-3.4e+38 -3.4e+38 -3.4e+38 -3.4e+38 -3.4e+38 3.6315381526947 2.47903275489807 1.03881454467773 0.388490796089172 0.28363049030304 0.233205065131187 0.201496437191963 0.182120442390442 0.190584480762482 0.185174837708473 0.188028603792191 0.203531622886658 0.1965551674366 0.217301726341248 0.236518204212189 0.277564495801926 0.325462192296982 0.290215879678726 0.272597312927246 0.255372703075409 0.289710283279419 0.249063730239868 0.223352402448654 0.303387939929962 0.192415416240692 0.160033687949181 0.221506178379059 0.165148824453354 0.140715271234512 0.162433728575706 0.158875048160553 0.210040241479874 0.207675829529762 0.150258764624596 0.154878079891205 0.177063822746277 0.203713297843933 0.229651868343353 0.232160672545433 0.186286047101021
-3.4e+38 -3.4e+38 -3.4e+38 -3.4e+38 -3.4e+38 2.94508743286133 1.24429941177368 0.552354753017426 0.219532653689384 0.187228187918663 0.187793716788292 0.191994428634644 0.176787227392197 0.180478900671005 0.190380603075027 0.190858364105225 0.213677704334259 0.20353476703167 0.215542003512383 0.213180720806122 0.208304092288017 0.225358068943024 0.2513687312603 0.257906883955002 0.240255638957024 0.208956018090248 0.150238543748856 0.151677638292313 0.175560414791107 0.169455960392952 0.186421751976013 0.158103182911873 0.142832025885582 0.129217639565468 0.125614181160927 0.289656847715378 0.180978536605835 0.196294724941254 0.168135493993759 0.153182595968246 0.160719364881516 0.193120583891869 0.236656978726387 0.238250583410263 0.235011756420135
-3.4e+38 -3.4e+38 -3.4e+38 -3.4e+38 -3.4e+38 1.73869585990906 0.568228423595428 0.282766133546829 0.194013610482216 0.165278032422066 0.166301429271698 0.171008840203285 0.170993536710739 0.171251282095909 0.182462349534035 0.19183138012886 0.185411870479584 0.186594724655151 0.196210265159607 0.205786511301994 0.187443926930428 0.180135667324066 0.194593235850334 0.183663114905357 0.209274813532829 0.181682348251343 0.165577709674835 0.183259233832359 0.207287684082985 0.186944082379341 0.257972627878189 0.255379855632782 0.227950155735016 0.220169305801392 0.194848984479904 0.211432337760925 0.189287275075912 0.173735752701759 0.146488294005394 0.148917496204376 0.149174317717552 0.156847909092903 0.158897832036018 0.171515643596649 0.153038010001183
-339999999999999996128486808808066248288.000000000000000 -3.4e+38 -3.4e+38 -3.4e+38 2.38642168045044 1.44791305065155 0.444645136594772 0.305815190076828 0.229959115386009 0.162196278572083 0.167868986725807 0.177208438515663 0.174484252929688 0.182156413793564 0.18711419403553 0.172086596488953 0.163343250751495 0.186546474695206 0.22643207013607 0.201403632760048 0.16819229722023 0.157467395067215 0.168963223695755 0.175235077738762 0.154948204755783 0.160162001848221 0.203129217028618 0.183746159076691 0.224731609225273 0.240606471896172 0.271862089633942 0.33514741063118 0.2215216755867 0.272938638925552 0.190773993730545 0.164365693926811 0.162165403366089 0.158309385180473 0.131730601191521 0.135281756520271 0.13071496784687 0.13018487393856 0.132624730467796 0.150592237710953 0.148313030600548
-3.4e+38 -3.4e+38 -3.4e+38 -3.4e+38 1.96074557304382 1.02171897888184 0.314375251531601 0.231176555156708 0.202758103609085 0.168178677558899 0.167652249336243 0.17453795671463 0.160085663199425 0.158908978104591 0.174793750047684 0.168699666857719 0.160805106163025 0.176935032010078 0.197119414806366 0.195563763380051 0.177399769425392 0.191361054778099 0.165980249643326 0.211494162678719 0.171447336673737 0.173360496759415 0.145062580704689 0.224977657198906 0.357736498117447 0.362755596637726 0.209109261631966 0.200029760599136 0.169941037893295 0.210935682058334 0.176170200109482 0.156302347779274 0.125155344605446 0.129858091473579 0.137786448001862 0.139413863420486 0.132991418242455 0.121306650340557 0.118529796600342 0.141736656427383 0.144825160503387
-3.4e+38 -3.4e+38 -3.4e+38 -3.4e+38 1.50592923164368 0.886689245700836 0.279699414968491 0.199043527245522 0.162834763526917 0.159327179193497 0.16211462020874 0.157877147197723 0.15599849820137 0.161859273910522 0.175110921263695 0.158280566334724 0.156788721680641 0.180299133062363 0.191138118505478 0.192077413201332 0.171188801527023 0.147716388106346 0.14953476190567 0.139105826616287 0.154765382409096 0.15967059135437 0.152719095349312 0.126372382044792 0.142403110861778 0.202114343643188 0.158348321914673 0.163218647241592 0.162973910570145 0.147339761257172 0.124276556074619 0.128104209899902 0.12558501958847 0.126831918954849 0.128604248166084 0.141970500349998 0.144411459565163 0.126954093575478 0.124204613268375 0.128285676240921 0.125980466604233
-3.4e+38 -3.4e+38 -3.4e+38 -3.4e+38 -3.4e+38 1.08670580387115 0.313867002725601 0.192096322774887 0.151780530810356 0.154671177268028 0.163932308554649 0.169394105672836 0.161742806434631 0.172353371977806 0.176428392529488 0.154841646552086 0.16186735033989 0.172231361269951 0.175918132066727 0.169668331742287 0.161039412021637 0.136830016970634 0.220066323876381 0.1883754581213 0.151969492435455 0.148577809333801 0.154483422636986 0.128960147500038 0.161108419299126 0.139088496565819 0.128987714648247 0.241959109902382 0.188037037849426 0.148450970649719 0.154445990920067 0.136240229010582 0.119316190481186 0.125175505876541 0.128885671496391 0.152129918336868 0.125594764947891 0.101788602769375 0.101800933480263 0.101874373853207 0.112645201385021
-3.4e+38 -3.4e+38 -3.4e+38 -3.4e+38 -3.4e+38 1.77273905277252 0.4140684902668 0.216038346290588 0.152036041021347 0.154918119311333 0.15814882516861 0.168268755078316 0.163751363754272 0.171375349164009 0.168618828058243 0.161443635821342 0.179297730326653 0.15834042429924 0.157274946570396 0.157464951276779 0.142644137144089 0.141403540968895 0.296860486268997 0.560680210590363 0.210798695683479 0.133761644363403 0.151751473546028 0.177068531513214 0.186258062720299 0.150514498353004 0.139365568757057 0.154240608215332 0.129479721188545 0.14217272400856 0.152539372444153 0.129942625761032 0.112381517887115 0.106387041509151 0.105155274271965 0.100108712911606 0.0967571660876274 0.092704638838768 0.0969287604093552 0.112035162746906 0.0965776965022087
-3.4e+38 -3.4e+38 -3.4e+38 -3.4e+38 -3.4e+38 1.81578695774078 0.566944718360901 0.268757909536362 0.171339571475983 0.154886618256569 0.151165828108788 0.158627390861511 0.158098146319389 0.166523739695549 0.160889327526093 0.162099480628967 0.171141371130943 0.16594460606575 0.159745782613754 0.160646304488182 0.148489490151405 0.158018231391907 0.144208997488022 0.139069870114326 0.174746289849281 0.145542860031128 0.139887005090714 0.201924845576286 0.187216952443123 0.167861640453339 0.144215032458305 0.125177547335625 0.121485136449337 0.113267779350281 0.116311185061932 0.109394609928131 0.101810596883297 0.0940702483057976 0.0918314903974533 0.0882865116000175 0.0888668969273567 0.102162934839725 0.0988977327942848 0.102671563625336 0.103626921772957
-3.4e+38 -3.4e+38 -3.4e+38 -3.4e+38 -3.4e+38 1.38568687438965 0.717677712440491 0.323609977960587 0.189494952559471 0.158262968063354 0.15621143579483 0.158884793519974 0.172510296106339 0.174126148223877 0.165327593684196 0.152940288186073 0.175458297133446 0.181542694568634 0.154489815235138 0.163462147116661 0.142521426081657 0.138901323080063 0.153707012534142 0.213893190026283 0.176691874861717 0.188914909958839 0.146928414702415 0.180593997240067 0.247617036104202 0.156207635998726 0.157174170017242 0.132197678089142 0.120548523962498 0.107669644057751 0.106083832681179 0.113413408398628 0.104637429118156 0.0952751338481903 0.0920701622962952 0.0885233208537102 0.092485636472702 0.100734852254391 0.120022833347321 0.110880859196186 0.0975769311189651
-3.4e+38 -3.4e+38 -3.4e+38 -3.4e+38 -3.4e+38 1.09526705741882 0.969477593898773 0.391299992799759 0.191066026687622 0.157175436615944 0.159540683031082 0.156039997935295 0.16383071243763 0.174612045288086 0.161494120955467 0.144133895635605 0.131220117211342 0.160401567816734 0.147108227014542 0.140434458851814 0.137335121631622 0.136389806866646 0.152742311358452 0.144485831260681 0.191167667508125 0.210774585604668 0.259157627820969 0.217739343643188 0.216249942779541 0.17521607875824 0.160904243588448 0.128944844007492 0.12837740778923 0.0985102131962776 0.0953362658619881 0.0961012840270996 0.0974635630846024 0.0930969938635826 0.0954259783029556 0.0964238792657852 0.101654015481472 0.104193449020386 0.116055451333523 0.10841204226017 0.100439921021461
-3.4e+38 -3.4e+38 -3.4e+38 -3.4e+38 -3.4e+38 -3.4e+38 1.47267818450928 0.555544137954712 0.199726909399033 0.154676154255867 0.149414822459221 0.155819803476334 0.164869859814644 0.162419825792313 0.168579652905464 0.13884562253952 0.134370282292366 0.165983036160469 0.143349289894104 0.138474225997925 0.140285521745682 0.143279448151588 0.186678633093834 0.292125821113586 0.239996030926704 0.167194753885269 0.17233319580555 0.178600013256073 0.150367453694344 0.196258574724197 0.169586852192879 0.126282125711441 0.121798254549503 0.101510658860207 0.0969709753990173 0.0949978604912758 0.0986221432685852 0.091313473880291 0.100418895483017 0.101626917719841 0.10472696274519 0.122045569121838 0.1347266882658 0.123300999403 0.121284961700439
-3.4e+38 -3.4e+38 -3.4e+38 -3.4e+38 -3.4e+38 -3.4e+38 1.22609949111938 0.468080580234528 0.214091330766678 0.153057515621185 0.147553488612175 0.152449503540993 0.170289903879166 0.161136329174042 0.160636410117149 0.147465065121651 0.152076035737991 0.153242334723473 0.140249609947205 0.131478115916252 0.143916413187981 0.14184595644474 0.184256076812744 0.168920516967773 0.203235566616058 0.156581997871399 0.160079851746559 0.135514691472054 0.12193950265646 0.148162201046944 0.155254170298576 0.130925565958023 0.111474916338921 0.103676930069923 0.104958146810532 0.103273302316666 0.0942724794149399 0.0979790538549423 0.0998992100358009 0.0955213606357574 0.112230256199837 0.122080691158772 0.138804823160172 0.131733909249306 0.115079328417778
-3.4e+38 -3.4e+38 -3.4e+38 -3.4e+38 -3.4e+38 -3.4e+38 1.39862966537476 0.436853289604187 0.201396927237511 0.147515639662743 0.143528118729591 0.147029295563698 0.16078719496727 0.173270672559738 0.164480239152908 0.150604099035263 0.145923286676407 0.147764816880226 0.142741814255714 0.142255365848541 0.146512791514397 0.145238161087036 0.219233348965645 0.226146221160889 0.143743723630905 0.144754067063332 0.182096347212791 0.156645700335503 0.125069931149483 0.146729290485382 0.153196156024933 0.146018832921982 0.116585567593575 0.10655765235424 0.101924531161785 0.0965824872255325 0.0911916419863701 0.100475288927555 0.0985832884907722 0.0932653248310089 0.0948720574378967 0.115787699818611 0.130334436893463 0.136111184954643 0.117361888289452
-3.4e+38 -3.4e+38 -3.4e+38 -3.4e+38 -3.4e+38 -3.4e+38 1.16573441028595 0.344832867383957 0.179025456309319 0.145289465785027 0.14458329975605 0.146812304854393 0.150725424289703 0.18055434525013 0.160184606909752 0.15473011136055 0.146457776427269 0.153689727187157 0.150753483176231 0.155887380242348 0.152134105563164 0.141567841172218 0.142248421907425 0.14971587061882 0.164040625095367 0.199987441301346 0.214042872190475 0.155191540718079 0.151025280356407 0.150794193148613 0.144348964095116 0.134811595082283 0.118074640631676 0.104744926095009 0.0963570848107338 0.0979418829083443 0.0969892367720604 0.0982150509953499 0.0990052446722984 0.0986509919166565 0.101849347352982 0.110329300165176 0.111384369432926 0.101990409195423 0.0988256633281708
