Ecospace-environmental-drivers/Outputs/ASCII-for-ecospace/Cfl/Cfl_X2010.07.asc
NCOLS 131 
NROWS 53 
XLLCORNER -98 
YLLCORNER 23.9265270233154 
CELLSIZE 0.133587792515755 
NODATA_value -3.4e+38 
[rows 20 to 39 of 53, columns 0 to 44 of 131]
-3.4e+38 -3.4e+38 -3.4e+38 -3.4e+38 -3.4e+38 -3.4e+38 -3.4e+38 -3.4e+38 -3.4e+38 12.1509704589844 4.70916748046875 3.7841169834137 3.2368540763855 1.84226870536804 2.4193913936615 1.01391386985779 2.74259924888611 1.96517205238342 1.85077083110809 1.11728537082672 0.652854979038239 0.468642294406891 0.426653832197189 0.512585997581482 0.565737783908844 0.547717988491058 0.656297981739044 0.614768266677856 0.693767547607422 0.589704692363739 0.564438164234161 0.522683441638947 0.42083352804184 0.332637846469879 0.311981052160263 0.358406454324722 0.35886687040329 0.354039341211319 0.331903666257858 0.293522953987122 0.262084543704987 0.212629199028015 0.220803871750832 0.252328127622604 0.262936443090439
-3.4e+38 -3.4e+38 -3.4e+38 -3.4e+38 -3.4e+38 -3.4e+38 -3.4e+38 -3.4e+38 -3.4e+38 3.3148250579834 2.78623270988464 1.4687260389328 1.00850915908813 2.06301784515381 0.857094407081604 0.948021054267883 1.09387362003326 1.13286232948303 0.937568068504333 0.888375580310822 0.619103312492371 0.523018062114716 0.337331235408783 0.364761024713516 0.554000020027161 0.503301978111267 0.72411698102951 0.487433224916458 0.458817094564438 0.543978631496429 0.561900079250336 0.44281405210495 0.391450643539429 0.412091344594955 0.389709234237671 0.38924515247345 0.397982537746429 0.375336110591888 0.269737988710403 0.286232084035873 0.196255922317505 0.147777631878853 0.209524586796761 0.213978171348572 0.193582490086555
-3.4e+38 -3.4e+38 -3.4e+38 -3.4e+38 -3.4e+38 -3.4e+38 -3.4e+38 -3.4e+38 7.00499439239502 2.67915320396423 1.59510958194733 0.905357182025909 0.775277197360992 1.49235427379608 1.00859141349792 0.882169663906097 0.5513876080513 0.775956094264984 0.765338122844696 0.626860797405243 0.621237874031067 0.441773623228073 0.257568180561066 0.261013567447662 0.378044962882996 0.455193012952805 0.439084202051163 0.475929468870163 0.523263692855835 0.449635982513428 0.37288236618042 0.281642466783524 0.281664192676544 0.30445060133934 0.302371799945831 0.307881087064743 0.371059566736221 0.362039595842361 0.18277345597744 0.125845715403557 0.140963047742844 0.127824977040291 0.144300028681755 0.154624849557877 0.152092531323433
-3.4e+38 -3.4e+38 -3.4e+38 -3.4e+38 -3.4e+38 9.62969970703125 -3.4e+38 2.3317539691925 2.93629050254822 8.35213565826416 0.844886958599091 0.663166046142578 0.627849519252777 1.07849383354187 1.13845574855804 1.35865545272827 0.848727762699127 0.655986130237579 0.388463705778122 0.694760084152222 0.483341932296753 0.342945516109467 0.222748413681984 0.262999057769775 0.330815970897675 0.451132863759995 0.368309587240219 0.286081314086914 0.241810083389282 0.247677892446518 0.264664173126221 0.3599733710289 0.262272089719772 0.211517035961151 0.214652314782143 0.27642485499382 0.275384783744812 0.251018166542053 0.192725628614426 0.176892906427383 0.152176082134247 0.119652859866619 0.147813722491264 0.148233607411385 0.1340411901474
-3.4e+38 -3.4e+38 -3.4e+38 -3.4e+38 -3.4e+38 10.0002937316895 6.96427202224731 1.66318869590759 1.26187884807587 0.588641822338104 0.797407925128937 0.653393089771271 0.796337604522705 1.53379833698273 1.17118883132935 1.41388177871704 0.728035151958466 0.949830830097198 0.556676864624023 0.431603521108627 0.325846523046494 0.231831476092339 0.209549784660339 0.166087299585342 0.200071603059769 0.214768767356873 0.202198952436447 0.140850126743317 0.145611897110939 0.219556778669357 0.230783343315125 0.247494220733643 0.218777820467949 0.208516925573349 0.206554800271988 0.242440804839134 0.214900076389313 0.147519841790199 0.163181141018867 0.168201133608818 0.123609036207199 0.125877231359482 0.166498556733131 0.147088542580605 0.131213009357452
-3.4e+38 -3.4e+38 -3.4e+38 -3.4e+38 -3.4e+38 4.06381225585938 4.0285005569458 2.80840992927551 2.82117772102356 10.385272026062 0.552721738815308 0.337959855794907 0.941777527332306 0.496104717254639 1.38075506687164 1.04818594455719 0.784320831298828 0.321110606193542 0.253626435995102 0.328482389450073 0.377087444067001 0.285506814718246 0.162143662571907 0.14337494969368 0.154793724417686 0.142121508717537 0.120081260800362 0.109930828213692 0.101359687745571 0.109820447862148 0.146200373768806 0.174095839262009 0.19482547044754 0.21788190305233 0.206098675727844 0.159463360905647 0.108338929712772 0.112085409462452 0.116654984652996 0.143947869539261 0.146697372198105 0.154133871197701 0.162484005093575 0.122937448322773 0.112139128148556
-3.4e+38 -3.4e+38 -3.4e+38 -3.4e+38 -3.4e+38 3.73027014732361 3.36701655387878 2.63389706611633 1.25842702388763 0.988957822322845 0.763322353363037 0.586185872554779 1.0498206615448 0.561031937599182 1.48448657989502 1.68575286865234 0.416246980428696 0.357967764139175 0.24447563290596 0.223063006997108 0.299724608659744 0.185779094696045 0.135629236698151 0.138497978448868 0.133231490850449 0.113235674798489 0.104645244777203 0.105927281081676 0.0978518053889275 0.090744711458683 0.09536412358284 0.115099266171455 0.129676103591919 0.155612498521805 0.137866318225861 0.118252508342266 0.0999235659837723 0.104208804666996 0.108801782131195 0.11392555385828 0.114339731633663 0.127172335982323 0.131506323814392 0.124273918569088 0.101574495434761
-3.4e+38 -3.4e+38 -3.4e+38 -3.4e+38 -3.4e+38 3.52521896362305 2.53262591362 1.71299564838409 0.576785862445831 0.650878548622131 0.640698611736298 0.603766024112701 0.402751535177231 0.392230182886124 2.19027853012085 2.41137170791626 0.382642984390259 0.159386292099953 0.127062737941742 0.203562498092651 0.17710018157959 0.149928793311119 0.121912278234959 0.109752893447876 0.104556500911713 0.100215941667557 0.0982213094830513 0.0920472666621208 0.0883729234337807 0.0858909711241722 0.0896265134215355 0.103505089879036 0.10597313195467 0.105281032621861 0.0988055318593979 0.092598095536232 0.0863522887229919 0.0991864204406738 0.103607423603535 0.108122810721397 0.106496259570122 0.106953747570515 0.109628312289715 0.105922110378742 0.0914717093110085
-339999999999999996128486808808066248288.000000000000000 -3.4e+38 -3.4e+38 -3.4e+38 3.29241633415222 2.46994996070862 1.92209076881409 1.86500072479248 0.574741721153259 0.699085533618927 0.514841496944427 0.425076633691788 1.11031830310822 0.219862833619118 0.275299340486526 0.229325786232948 0.108663655817509 0.179929882287979 0.193753108382225 0.204232767224312 0.164997011423111 0.172562032938004 0.114053443074226 0.107086412608624 0.102080821990967 0.102741844952106 0.109002694487572 0.103282578289509 0.0873115360736847 0.0844677984714508 0.088002048432827 0.0935890302062035 0.0971414595842361 0.0937340632081032 0.0829364582896233 0.08171246945858 0.0849803015589714 0.100242897868156 0.0980918034911156 0.0907304510474205 0.093990758061409 0.0972058176994324 0.102367088198662 0.0950053036212921 0.0881048664450645
-3.4e+38 -3.4e+38 -3.4e+38 -3.4e+38 3.84347009658813 3.52920031547546 2.97487759590149 0.428358376026154 0.499267101287842 0.690874218940735 0.506557404994965 0.632948100566864 0.907536566257477 0.711211502552032 0.405313342809677 0.418926209211349 0.0976210907101631 0.216097012162209 0.18729504942894 0.152556046843529 0.190716624259949 0.189481392502785 0.120885260403156 0.111064113676548 0.106968849897385 0.10491269826889 0.106044888496399 0.10689015686512 0.0977007821202278 0.0918882638216019 0.089454360306263 0.0908259898424149 0.0845947116613388 0.0828477516770363 0.0829257369041443 0.0804190561175346 0.0825940147042274 0.0873822569847107 0.0900890752673149 0.0890539586544037 0.0933235585689545 0.095577672123909 0.100324347615242 0.0976957827806473 0.0910605490207672
-3.4e+38 -3.4e+38 -3.4e+38 -3.4e+38 4.47164011001587 4.3431224822998 4.9358024597168 1.15564048290253 0.40537902712822 0.538664281368256 0.715219795703888 0.550981462001801 0.485732406377792 0.48316678404808 0.441209822893143 0.277204483747482 0.305795073509216 0.481527656316757 0.212989494204521 0.419038891792297 0.155327305197716 0.125616192817688 0.115138903260231 0.116818524897099 0.109935909509659 0.108790442347527 0.104965791106224 0.1055026948452 0.099730409681797 0.0924536809325218 0.0895399153232574 0.0909615382552147 0.0857390314340591 0.0839973390102386 0.0843149125576019 0.0812257751822472 0.0826658755540848 0.0842462033033371 0.0868930071592331 0.0856785178184509 0.0867117345333099 0.0883318558335304 0.0924369916319847 0.0947010442614555 0.101806238293648
-3.4e+38 -3.4e+38 -3.4e+38 -3.4e+38 -3.4e+38 3.76209998130798 5.14648342132568 3.01307559013367 0.331776082515717 0.371451109647751 0.402139097452164 0.380853265523911 0.389422506093979 0.267290532588959 0.557350695133209 0.823224782943726 0.643084228038788 0.437523812055588 0.593744099140167 0.355443179607391 0.145401909947395 0.127294152975082 0.120287716388702 0.122189559042454 0.1150012165308 0.110045805573463 0.100275501608849 0.0969794243574142 0.09427560120821 0.0892571359872818 0.0881657600402832 0.0917760282754898 0.0920626372098923 0.0873070433735847 0.0872026085853577 0.0831539183855057 0.084942415356636 0.0854072049260139 0.0890442132949829 0.0874313414096832 0.0853004306554794 0.0864145681262016 0.0863121524453163 0.0869032889604568 0.0883237794041634
-3.4e+38 -3.4e+38 -3.4e+38 -3.4e+38 -3.4e+38 3.48330163955688 4.10727596282959 1.71529877185822 0.423855751752853 0.31284087896347 0.315671324729919 0.354445338249207 0.401382744312286 0.366012096405029 0.368093311786652 0.380215257406235 0.283706516027451 0.293741166591644 0.98685097694397 0.473692178726196 0.195258513092995 0.130709871649742 0.121562913060188 0.119163908064365 0.115025095641613 0.110198013484478 0.102386564016342 0.097540020942688 0.0934164598584175 0.0880149230360985 0.0878696218132973 0.0937951728701591 0.0936205759644508 0.0874005034565926 0.0863830000162125 0.0874008610844612 0.0850201025605202 0.0868256986141205 0.0910947099328041 0.0894746705889702 0.0878441631793976 0.0864215195178986 0.0839929729700089 0.0826577320694923 0.0809363722801208
-3.4e+38 -3.4e+38 -3.4e+38 -3.4e+38 -3.4e+38 2.65086841583252 2.91675209999084 1.51825261116028 0.756315052509308 0.36002391576767 0.306372553110123 0.281259417533875 0.410657703876495 0.368153035640717 0.217376306653023 0.149796113371849 0.174430787563324 0.185593903064728 0.311212062835693 0.328381836414337 0.218890458345413 0.123970210552216 0.119428187608719 0.123644821345806 0.119615130126476 0.115773305296898 0.100407123565674 0.0995867028832436 0.0961333215236664 0.0872429460287094 0.0872135236859322 0.0951572358608246 0.0908142849802971 0.0860526412725449 0.0874325856566429 0.089339055120945 0.0854422673583031 0.0843819603323936 0.0903374180197716 0.091796450316906 0.0908305272459984 0.0959039181470871 0.0903384238481522 0.0865094363689423 0.0845819786190987
-3.4e+38 -3.4e+38 -3.4e+38 -3.4e+38 -3.4e+38 2.49721097946167 2.36526536941528 0.876132845878601 0.375327616930008 0.357058435678482 0.264195442199707 0.285450786352158 0.259849548339844 0.248465016484261 0.256123632192612 0.247523590922356 0.181510120630264 0.13176441192627 0.186071708798409 0.29926386475563 0.198609724640846 0.11846087872982 0.118368878960609 0.120352856814861 0.112626135349274 0.111926086246967 0.107783228158951 0.104152694344521 0.0998822003602982 0.0920181274414062 0.0900803133845329 0.0913146585226059 0.0912955552339554 0.0847868621349335 0.0886722803115845 0.0884665250778198 0.0872423127293587 0.0858252421021461 0.0864573940634727 0.0847426205873489 0.0863939002156258 0.0885445326566696 0.088848777115345 0.0924667716026306 0.0946511700749397
-3.4e+38 -3.4e+38 -3.4e+38 -3.4e+38 -3.4e+38 9.59567356109619 2.58585929870605 1.1567314863205 0.502281904220581 0.451794177293777 0.273185402154922 0.27897185087204 0.221887856721878 0.260618478059769 0.302406549453735 0.257925033569336 0.16624404489994 0.153155773878098 0.169052824378014 0.1643435806036 0.138612985610962 0.114583939313889 0.119960248470306 0.117487527430058 0.1148846372962 0.117972254753113 0.114071391522884 0.106203593313694 0.100358977913857 0.0943157449364662 0.0914762765169144 0.0913271531462669 0.0893873572349548 0.085186593234539 0.0838765054941177 0.0822817832231522 0.0874430611729622 0.0898792371153831 0.0889425128698349 0.0855049714446068 0.0870071649551392 0.0839044973254204 0.0836694091558456 0.082966074347496 0.0854921638965607
-3.4e+38 -3.4e+38 -3.4e+38 -3.4e+38 -3.4e+38 11.7342462539673 3.08247065544128 1.5167920589447 1.08261001110077 0.329576432704926 0.289737343788147 0.253307193517685 0.241234451532364 0.283943086862564 0.208495438098907 0.199785605072975 0.176918104290962 0.139120206236839 0.141266614198685 0.128362521529198 0.134774804115295 0.108813524246216 0.121763303875923 0.120879672467709 0.116624467074871 0.114550665020943 0.115841828286648 0.111937060952187 0.100079007446766 0.0969478115439415 0.0907228142023087 0.0948245823383331 0.0959340631961823 0.0942766442894936 0.0886783227324486 0.0871186554431915 0.092031754553318 0.0907362848520279 0.0904657393693924 0.0908777490258217 0.0896790847182274 0.0852228552103043 0.0816912278532982 0.0815983861684799 0.0801377221941948
-3.4e+38 -3.4e+38 -3.4e+38 -3.4e+38 -3.4e+38 -3.4e+38 2.42789363861084 0.976758122444153 0.256619900465012 0.300391435623169 0.250514447689056 0.250665485858917 0.273707449436188 0.234729692339897 0.183693423867226 0.186101093888283 0.159552991390228 0.116200655698776 0.119259923696518 0.128250062465668 0.140156164765358 0.136566668748856 0.118063651025295 0.1248899102211 0.115347228944302 0.1093934699893 0.108546704053879 0.105773396790028 0.10166797041893 0.104664117097855 0.0936633571982384 0.098201185464859 0.0987883880734444 0.100175522267818 0.0946609750390053 0.0939918980002403 0.0932021886110306 0.0917180478572845 0.0927874445915222 0.0947294160723686 0.0903833732008934 0.0885901898145676 0.0841422528028488 0.0822802409529686 0.0749412924051285
-3.4e+38 -3.4e+38 -3.4e+38 -3.4e+38 -3.4e+38 -3.4e+38 2.42702221870422 1.36597788333893 0.319689035415649 0.31800451874733 0.252646148204803 0.299525439739227 0.160042807459831 0.240874275565147 0.356908291578293 0.228367328643799 0.230109468102455 0.111472152173519 0.11025046557188 0.13906067609787 0.156858280301094 0.135874047875404 0.114506356418133 0.117067314684391 0.122180826961994 0.109253451228142 0.1087446808815 0.10839931666851 0.0983076244592667 0.0977329537272453 0.0969966724514961 0.0940498113632202 0.101795524358749 0.105179898440838 0.0998048037290573 0.101069539785385 0.102609805762768 0.0989203080534935 0.0946664661169052 0.0934484601020813 0.0903795957565308 0.0873992964625359 0.084870457649231 0.0832239016890526 0.0761284232139587
-3.4e+38 -3.4e+38 -3.4e+38 -3.4e+38 -3.4e+38 -3.4e+38 2.93529462814331 1.50446021556854 0.342955827713013 0.379955053329468 0.327278763055801 0.37751105427742 0.262256473302841 0.278198331594467 0.401995629072189 0.231068283319473 0.136849194765091 0.114501476287842 0.107666663825512 0.121977470815182 0.173798188567162 0.137441322207451 0.116361379623413 0.112222172319889 0.113012507557869 0.110308013856411 0.108395166695118 0.107792057096958 0.0983022227883339 0.0991325303912163 0.0965316146612167 0.0967294722795486 0.102323859930038 0.102306254208088 0.100263930857182 0.101766847074032 0.102849289774895 0.100583367049694 0.0962445139884949 0.0916679129004478 0.0869249925017357 0.085557721555233 0.0872825235128403 0.0876396596431732 0.0825441479682922
