Ecospace-environmental-drivers/Outputs/ASCII-for-ecospace/Cfl/Cfl_X2021.11.asc
NCOLS 131 
NROWS 53 
XLLCORNER -98 
YLLCORNER 23.9265270233154 
CELLSIZE 0.133587792515755 
NODATA_value -3.4e+38 
[rows 20 to 39 of 53, columns 0 to 45 of 131]
-3.4e+38 -3.4e+38 -3.4e+38 -3.4e+38 -3.4e+38 -3.4e+38 -3.4e+38 -3.4e+38 17.5845851898193 16.9025096893311 6.58993864059448 3.06459021568298 2.30878877639771 1.77124452590942 1.31391751766205 1.14131796360016 1.0659693479538 0.922834813594818 0.825027883052826 0.760929644107819 0.646018266677856 0.586394548416138 0.57835727930069 0.546859562397003 0.577651262283325 0.579130887985229 0.528629839420319 0.439803630113602 0.389862179756165 0.393977165222168 0.389922380447388 0.363947570323944 0.419563084840775 0.403513342142105 0.361465990543365 0.362292438745499 0.37794691324234 0.40054190158844 0.414633870124817 0.442471921443939 0.470084428787231 0.506236255168915 0.488901138305664 0.467593938112259 0.442672103643417 0.404346793889999
-3.4e+38 -3.4e+38 -3.4e+38 -3.4e+38 -3.4e+38 -3.4e+38 15.1449775695801 15.8205041885376 3.23670077323914 4.33006572723389 2.66413903236389 1.93586874008179 1.47694659233093 1.1602269411087 0.985193014144897 0.895198583602905 0.835205912590027 0.762413144111633 0.643154382705688 0.559843122959137 0.505398571491241 0.446807265281677 0.493841409683228 0.499376565217972 0.460236191749573 0.496496915817261 0.467713207006454 0.397247135639191 0.381681859493256 0.384510368108749 0.358137041330338 0.355926275253296 0.329793393611908 0.316225677728653 0.329833954572678 0.34934937953949 0.385034918785095 0.400888919830322 0.38984477519989 0.410879790782928 0.46168464422226 0.490796089172363 0.454995781183243 0.384867638349533 0.316545128822327 0.317409455776215
-3.4e+38 -3.4e+38 -3.4e+38 -3.4e+38 -3.4e+38 -3.4e+38 16.6730213165283 13.2452573776245 2.86397624015808 2.36904406547546 1.75320017337799 1.33912992477417 0.962136149406433 0.784967005252838 0.721041858196259 0.713308334350586 0.687172472476959 0.60309237241745 0.515649616718292 0.510932326316833 0.460081666707993 0.391597360372543 0.369262933731079 0.386138290166855 0.391049921512604 0.436934471130371 0.433792144060135 0.401289433240891 0.384753704071045 0.381076991558075 0.360258221626282 0.354765474796295 0.345324516296387 0.314690917730331 0.306885898113251 0.319987565279007 0.361241608858109 0.3569176197052 0.33667927980423 0.339688777923584 0.353368937969208 0.347466439008713 0.310701191425323 0.264022469520569 0.248654171824455 0.251608937978745
-3.4e+38 -3.4e+38 -3.4e+38 -3.4e+38 6.05647659301758 5.53112506866455 9.89242458343506 5.93671178817749 2.11629128456116 1.54457640647888 1.09569501876831 0.789641797542572 0.692502617835999 0.626275897026062 0.583280146121979 0.601677477359772 0.59375536441803 0.567286491394043 0.49753350019455 0.439556926488876 0.420078009366989 0.392338871955872 0.36632314324379 0.372750759124756 0.381493806838989 0.388744503259659 0.377625048160553 0.387915164232254 0.380464553833008 0.383062392473221 0.351136863231659 0.357854455709457 0.367923617362976 0.313745111227036 0.294397085905075 0.29250967502594 0.320299357175827 0.323598027229309 0.306181937456131 0.304915755987167 0.300472885370255 0.268692791461945 0.256908506155014 0.210980728268623 0.231454595923424 0.246577054262161
-3.4e+38 -3.4e+38 -3.4e+38 -3.4e+38 5.68893003463745 5.38435983657837 3.54301452636719 2.39943790435791 1.65118300914764 1.26549935340881 0.90431934595108 0.701518952846527 0.569741368293762 0.516469180583954 0.512250423431396 0.493093639612198 0.46735343337059 0.471233516931534 0.439131110906601 0.425097525119781 0.420222669839859 0.406132340431213 0.372022539377213 0.346366196870804 0.370104730129242 0.386530369520187 0.361400336027145 0.355592012405396 0.358595132827759 0.342452585697174 0.330022305250168 0.336610287427902 0.332400232553482 0.301356613636017 0.286820769309998 0.294059634208679 0.299033015966415 0.308893322944641 0.304717540740967 0.294441163539886 0.274501651525497 0.229911670088768 0.196729451417923 0.189867079257965 0.193684294819832 0.196491613984108
-3.4e+38 -3.4e+38 -3.4e+38 -3.4e+38 -3.4e+38 3.01930475234985 2.68061900138855 1.74180293083191 1.22779870033264 0.884515285491943 0.619862139225006 0.448007822036743 0.397687524557114 0.416375786066055 0.428132236003876 0.41441535949707 0.425575256347656 0.436396390199661 0.417214393615723 0.406718134880066 0.384807795286179 0.37618824839592 0.371759682893753 0.371908754110336 0.369084656238556 0.347360759973526 0.344535857439041 0.345899224281311 0.346713364124298 0.312364131212234 0.302287220954895 0.28932985663414 0.295676469802856 0.301473468542099 0.303616225719452 0.299383372068405 0.288425028324127 0.29061484336853 0.286174297332764 0.280048429965973 0.250927478075027 0.203441172838211 0.185446158051491 0.185426816344261 0.186602652072906 0.191707193851471
-3.4e+38 -3.4e+38 -3.4e+38 -3.4e+38 -3.4e+38 2.82198667526245 1.8843047618866 1.30369305610657 0.867972373962402 0.597633838653564 0.490302920341492 0.341875731945038 0.346341997385025 0.387956023216248 0.386487782001495 0.406337738037109 0.407174438238144 0.401005327701569 0.380234122276306 0.385059535503387 0.368765413761139 0.3507319688797 0.345107316970825 0.340432584285736 0.355889737606049 0.331802725791931 0.311136156320572 0.315083980560303 0.30826461315155 0.284640431404114 0.288106650114059 0.280878305435181 0.279307693243027 0.297310918569565 0.306540846824646 0.294678926467896 0.273908227682114 0.262127637863159 0.261347144842148 0.256977379322052 0.226774260401726 0.207840621471405 0.188779547810555 0.191948935389519 0.189458668231964 0.188298568129539
-3.4e+38 -3.4e+38 -3.4e+38 -3.4e+38 -3.4e+38 2.27179002761841 1.44115626811981 1.04322755336761 0.765754878520966 0.525850057601929 0.422583371400833 0.319722265005112 0.307609170675278 0.33226603269577 0.349421918392181 0.402368754148483 0.378485769033432 0.35919177532196 0.326856464147568 0.303890973329544 0.294829547405243 0.300212621688843 0.323049902915955 0.329356282949448 0.351045668125153 0.333667725324631 0.280853539705276 0.283439695835114 0.279474675655365 0.274205088615417 0.276388555765152 0.278846383094788 0.258870989084244 0.258020520210266 0.264853566884995 0.263562649488449 0.257239460945129 0.249310404062271 0.246746212244034 0.254487603902817 0.235101103782654 0.201758980751038 0.191656693816185 0.193370431661606 0.189083680510521 0.187127679586411
-339999999999999996128486808808066248288.000000000000000 -3.4e+38 -3.4e+38 -3.4e+38 2.78956866264343 2.09771394729614 1.21435403823853 0.912130236625671 0.647867619991302 0.558962881565094 0.476623803377151 0.348018437623978 0.315573871135712 0.309556066989899 0.328926175832748 0.343991369009018 0.338721752166748 0.30586114525795 0.28154456615448 0.266602754592896 0.260322779417038 0.271183282136917 0.293170869350433 0.29700779914856 0.330110430717468 0.341770172119141 0.300797998905182 0.269090533256531 0.271083265542984 0.272630035877228 0.269670367240906 0.25451186299324 0.240331888198853 0.250925540924072 0.254943519830704 0.246261954307556 0.223894208669662 0.222539231181145 0.209991708397865 0.195542439818382 0.181274265050888 0.186367720365524 0.190697684884071 0.189593523740768 0.183498054742813 0.181793391704559
-3.4e+38 -3.4e+38 -3.4e+38 -3.4e+38 2.71486639976501 2.06065773963928 1.29630148410797 0.885686159133911 0.649056255817413 0.617988049983978 0.576273202896118 0.389879882335663 0.352976769208908 0.339167177677155 0.317325383424759 0.29420217871666 0.271594315767288 0.246137291193008 0.221566811203957 0.205425173044205 0.195297732949257 0.237571984529495 0.282022446393967 0.313337802886963 0.33643701672554 0.351792484521866 0.349172383546829 0.330154299736023 0.262231528759003 0.263160705566406 0.25150802731514 0.246100783348083 0.236896455287933 0.231836780905724 0.231610894203186 0.220265612006187 0.218383938074112 0.207739144563675 0.20015062391758 0.203463897109032 0.194540143013 0.186952710151672 0.184672087430954 0.190839871764183 0.192090913653374 0.185402676463127
-3.4e+38 -3.4e+38 -3.4e+38 -3.4e+38 2.43664073944092 1.95826411247253 1.22701740264893 0.907133162021637 0.720304667949677 0.655887246131897 0.501753628253937 0.316057115793228 0.2909195125103 0.269795656204224 0.281744211912155 0.270586967468262 0.207212090492249 0.18236431479454 0.178102418780327 0.173692852258682 0.176660567522049 0.204435989260674 0.245309576392174 0.277284443378448 0.317276895046234 0.356286853551865 0.342229962348938 0.32627409696579 0.292339771986008 0.257258743047714 0.242637053132057 0.236364156007767 0.230600267648697 0.223213717341423 0.224662974476814 0.227304682135582 0.218691438436508 0.212633147835732 0.20886991918087 0.199901774525642 0.189884707331657 0.192049667239189 0.183936312794685 0.184354409575462 0.188552811741829 0.189711958169937
-3.4e+38 -3.4e+38 -3.4e+38 -3.4e+38 1.63543510437012 1.91215336322784 1.20738232135773 0.94451516866684 0.730611681938171 0.618739485740662 0.489700853824615 0.369066923856735 0.310537248849869 0.302333056926727 0.245461225509644 0.189677834510803 0.171440348029137 0.167497128248215 0.167224735021591 0.170713007450104 0.170183822512627 0.173241659998894 0.191524788737297 0.212629899382591 0.281377255916595 0.328663289546967 0.330336183309555 0.327019214630127 0.324095666408539 0.269550710916519 0.242039874196053 0.237645968794823 0.232415527105331 0.232990548014641 0.23032021522522 0.231523156166077 0.2351014316082 0.228439569473267 0.213440045714378 0.211630955338478 0.201867654919624 0.188185766339302 0.186106890439987 0.191228598356247 0.192890137434006 0.188137054443359
-3.4e+38 -3.4e+38 -3.4e+38 -3.4e+38 -3.4e+38 1.78936612606049 1.3097892999649 0.954916894435883 0.773557305335999 0.566044986248016 0.463820278644562 0.360732704401016 0.337922185659409 0.2935411632061 0.237091585993767 0.187086626887321 0.167954608798027 0.167657226324081 0.166275441646576 0.170045107603073 0.166510105133057 0.176324158906937 0.180638715624809 0.183309406042099 0.223351955413818 0.290735751390457 0.293321341276169 0.297266960144043 0.293518781661987 0.290192574262619 0.271143466234207 0.25518724322319 0.243220269680023 0.237622037529945 0.233492866158485 0.237222105264664 0.231869235634804 0.226964548230171 0.224824026226997 0.215452551841736 0.215131059288979 0.21458712220192 0.202195793390274 0.193434342741966 0.191419959068298 0.189872354269028
-3.4e+38 -3.4e+38 -3.4e+38 -3.4e+38 -3.4e+38 1.7232940196991 1.50054848194122 0.970165073871613 0.766418278217316 0.668349742889404 0.524941861629486 0.392184674739838 0.358660638332367 0.309099555015564 0.255653083324432 0.198026895523071 0.167046800255775 0.165328219532967 0.164698585867882 0.163839399814606 0.167544707655907 0.172445237636566 0.179471716284752 0.185539588332176 0.194448485970497 0.218684405088425 0.245807871222496 0.284853607416153 0.2975252866745 0.291313290596008 0.284383505582809 0.265929251909256 0.274095147848129 0.262889981269836 0.255675137042999 0.250266224145889 0.234825640916824 0.224103301763535 0.220319345593452 0.216093450784683 0.213590934872627 0.224387258291245 0.207153081893921 0.197379022836685 0.187674000859261 0.186386480927467
-3.4e+38 -3.4e+38 -3.4e+38 -3.4e+38 -3.4e+38 1.81662356853485 1.65163385868073 1.15567874908447 0.785595715045929 0.65995728969574 0.582252621650696 0.435115247964859 0.365460216999054 0.319317102432251 0.24227337539196 0.183540061116219 0.164612874388695 0.166271343827248 0.166328892111778 0.161796361207962 0.165949016809464 0.165765568614006 0.172744423151016 0.182125017046928 0.193629175424576 0.216954112052917 0.214130192995071 0.234326481819153 0.261897325515747 0.271443068981171 0.285195231437683 0.285280227661133 0.282006680965424 0.279128462076187 0.273373246192932 0.249215230345726 0.239548951387405 0.23125696182251 0.232820212841034 0.223847389221191 0.217956975102425 0.215174838900566 0.204821765422821 0.192588940262794 0.181284874677658 0.18043327331543
-3.4e+38 -3.4e+38 -3.4e+38 -3.4e+38 -3.4e+38 3.37946677207947 1.77243554592133 1.2201828956604 0.830866754055023 0.645479261875153 0.547988414764404 0.390839695930481 0.313759118318558 0.245274811983109 0.225704327225685 0.196538418531418 0.165862575173378 0.164016142487526 0.160588696599007 0.162442579865456 0.166102051734924 0.168600380420685 0.167984858155251 0.167881727218628 0.176836311817169 0.196356758475304 0.211961701512337 0.209834650158882 0.21957716345787 0.235418498516083 0.243586778640747 0.262573212385178 0.255389750003815 0.26783362030983 0.259508222341537 0.238735035061836 0.240215420722961 0.236344054341316 0.226406693458557 0.225923717021942 0.222584903240204 0.208706080913544 0.201357692480087 0.192154213786125 0.187181547284126 0.180856183171272
-3.4e+38 -3.4e+38 -3.4e+38 -3.4e+38 -3.4e+38 3.51672196388245 1.6670937538147 1.13241100311279 0.750361025333405 0.642766535282135 0.523869276046753 0.392693638801575 0.254165142774582 0.232724353671074 0.21879717707634 0.19883768260479 0.165661111474037 0.1628398001194 0.160284265875816 0.165818840265274 0.178209692239761 0.187770664691925 0.180054754018784 0.178834199905396 0.178899452090263 0.171473667025566 0.174995958805084 0.20820140838623 0.211460322141647 0.2078967243433 0.225717887282372 0.221243888139725 0.217957705259323 0.222846552729607 0.213592275977135 0.226359829306602 0.222339779138565 0.21447192132473 0.21824112534523 0.223064914345741 0.21900549530983 0.213202476501465 0.208499073982239 0.199102953076363 0.190426602959633 0.176244676113129
-3.4e+38 -3.4e+38 -3.4e+38 -3.4e+38 -3.4e+38 3.31015181541443 1.89045226573944 1.0450085401535 0.655861258506775 0.603543817996979 0.510182797908783 0.337751716375351 0.210055395960808 0.211217880249023 0.205381408333778 0.184905394911766 0.160602018237114 0.159895122051239 0.161245256662369 0.165819689631462 0.179551407694817 0.199965864419937 0.186482548713684 0.182552337646484 0.184202715754509 0.183020368218422 0.195507749915123 0.220907285809517 0.22196239233017 0.216895774006844 0.209910467267036 0.204824641346931 0.20033286511898 0.202633336186409 0.202165022492409 0.210875824093819 0.206284359097481 0.200858041644096 0.21228115260601 0.228964924812317 0.217995673418045 0.221181347966194 0.216900736093521 0.200688600540161 0.18866278231144 0.18791039288044
-3.4e+38 -3.4e+38 -3.4e+38 -3.4e+38 -3.4e+38 -3.4e+38 1.76966845989227 0.999965012073517 0.709959268569946 0.48635059595108 0.348137021064758 0.231250271201134 0.176158532500267 0.1679527759552 0.166407823562622 0.162587061524391 0.158474788069725 0.160210430622101 0.161527276039124 0.167307332158089 0.178600385785103 0.190600991249084 0.190564081072807 0.19398158788681 0.195101022720337 0.204992711544037 0.197369605302811 0.2102922052145 0.212160736322403 0.208444729447365 0.205360308289528 0.19924233853817 0.199587062001228 0.212522923946381 0.195512235164642 0.196118742227554 0.199332654476166 0.198678210377693 0.221401438117027 0.22686804831028 0.215580359101295 0.222271144390106 0.218725129961967 0.199948668479919 0.19326987862587 0.185507386922836
-3.4e+38 -3.4e+38 -3.4e+38 -3.4e+38 -3.4e+38 -3.4e+38 1.70217800140381 1.07188665866852 0.757420480251312 0.503804683685303 0.259918004274368 0.167378321290016 0.165952742099762 0.166435301303864 0.167470946907997 0.15908981859684 0.157949209213257 0.1576147377491 0.162536025047302 0.164817914366722 0.171140536665916 0.177207931876183 0.182042494416237 0.189000725746155 0.194656744599342 0.204093158245087 0.206213429570198 0.199081718921661 0.18818111717701 0.183191612362862 0.191452667117119 0.181643277406693 0.18817026913166 0.193706750869751 0.192672252655029 0.19335363805294 0.192929536104202 0.197447195649147 0.210599914193153 0.221318662166595 0.218992307782173 0.214143767952919 0.207301288843155 0.205200493335724 0.193607315421104 0.181517943739891
