Ecospace-environmental-drivers/Outputs/ASCII-for-ecospace/Cfl/Cfl_X2021.03.asc
NCOLS 131 
NROWS 53 
XLLCORNER -98 
YLLCORNER 23.9265270233154 
CELLSIZE 0.133587792515755 
NODATA_value -3.4e+38 
[rows 20 to 39 of 53, columns 0 to 45 of 131]
-3.4e+38 -3.4e+38 -3.4e+38 -3.4e+38 -3.4e+38 -3.4e+38 -3.4e+38 -3.4e+38 4.37574911117554 4.57116842269897 4.56589841842651 4.65894460678101 4.08691596984863 2.77513813972473 1.9895339012146 1.62250018119812 1.16016972064972 0.971306622028351 0.592664957046509 0.494392842054367 0.38751432299614 0.347931206226349 0.334800451993942 0.336480349302292 0.317175298929214 0.33225017786026 0.309656351804733 0.309829920530319 0.300426483154297 0.298804074525833 0.305300772190094 0.294574171304703 0.32872799038887 0.37572118639946 0.371468812227249 0.347027271986008 0.35384014248848 0.414987117052078 0.400437951087952 0.349538624286652 0.383014410734177 0.388870507478714 0.382224649190903 0.34293794631958 0.323583334684372 0.348469883203506
-3.4e+38 -3.4e+38 -3.4e+38 -3.4e+38 -3.4e+38 -3.4e+38 4.23525667190552 4.51011657714844 4.53671407699585 4.44097852706909 4.16835308074951 3.53309082984924 2.46286511421204 1.64527213573456 1.25617218017578 0.964364409446716 0.582529902458191 0.472742915153503 0.427273988723755 0.413282871246338 0.412686705589294 0.377282589673996 0.334193348884583 0.326945751905441 0.313116014003754 0.319518566131592 0.321743279695511 0.335038870573044 0.31911426782608 0.314064592123032 0.331933051347733 0.307498037815094 0.363458126783371 0.42617991566658 0.406249016523361 0.344340682029724 0.314748793840408 0.323701918125153 0.369624197483063 0.334856331348419 0.338327884674072 0.352908045053482 0.359723716974258 0.321120172739029 0.296509563922882 0.271496564149857
-3.4e+38 -3.4e+38 -3.4e+38 -3.4e+38 -3.4e+38 -3.4e+38 4.11050462722778 4.33943510055542 4.18973064422607 3.44338464736938 2.4227466583252 1.86791157722473 1.49005997180939 1.21580541133881 0.964970767498016 0.7101691365242 0.415430784225464 0.413146317005157 0.405969977378845 0.390342712402344 0.370032161474228 0.337386906147003 0.356877505779266 0.352303892374039 0.317235708236694 0.309183776378632 0.307723611593246 0.349849224090576 0.323828369379044 0.311580181121826 0.30947008728981 0.295545220375061 0.360774844884872 0.366294026374817 0.370994597673416 0.380928963422775 0.353500455617905 0.342137396335602 0.329348415136337 0.361087501049042 0.338749259710312 0.320810437202454 0.277489066123962 0.265007078647614 0.244997546076775 0.214115098118782
-3.4e+38 -3.4e+38 -3.4e+38 -3.4e+38 5.46146392822266 5.26289033889771 5.09052562713623 4.02086925506592 3.20564413070679 2.17960953712463 1.53917860984802 1.04238951206207 0.763464987277985 0.601198434829712 0.5185267329216 0.503423690795898 0.391851752996445 0.376788914203644 0.378991782665253 0.355322420597076 0.333039522171021 0.320036172866821 0.350869446992874 0.341273427009583 0.315631151199341 0.315008789300919 0.295143157243729 0.288037449121475 0.276539355516434 0.277376025915146 0.303820759057999 0.310854554176331 0.348364114761353 0.359441190958023 0.321464389562607 0.313533633947372 0.363711833953857 0.348918944597244 0.313613295555115 0.298267751932144 0.262998700141907 0.238751217722893 0.20288510620594 0.199931144714355 0.195514142513275 0.19829897582531
-3.4e+38 -3.4e+38 -3.4e+38 -3.4e+38 5.17032527923584 4.86177349090576 4.42383909225464 3.80077600479126 2.6551365852356 1.59146225452423 1.01384556293488 0.657532870769501 0.499851256608963 0.434702277183533 0.361921608448029 0.339238971471786 0.309190571308136 0.327070951461792 0.341468870639801 0.332715600728989 0.301503777503967 0.283683806657791 0.300796806812286 0.279611825942993 0.281338065862656 0.293380618095398 0.303706020116806 0.284889042377472 0.302870213985443 0.306673616170883 0.302403688430786 0.291607588529587 0.326020985841751 0.353357642889023 0.379549086093903 0.314808011054993 0.279566764831543 0.259289294481277 0.257913082838058 0.249932944774628 0.226556405425072 0.203278809785843 0.196361035108566 0.202850908041 0.194761246442795 0.196116536855698
-3.4e+38 -3.4e+38 -3.4e+38 -3.4e+38 -3.4e+38 4.29242420196533 4.11086893081665 2.83346748352051 1.64648056030273 0.907008945941925 0.602922022342682 0.465553462505341 0.393911808729172 0.338855415582657 0.317632794380188 0.283892929553986 0.28195983171463 0.295427650213242 0.309870392084122 0.31615349650383 0.287396460771561 0.258695751428604 0.262098401784897 0.272278517484665 0.260047793388367 0.273374289274216 0.287715375423431 0.289235681295395 0.292108952999115 0.304939746856689 0.29736739397049 0.29101487994194 0.311647832393646 0.313049763441086 0.300031781196594 0.30784147977829 0.274842172861099 0.211280450224876 0.204437434673309 0.213605687022209 0.206085920333862 0.199090898036957 0.193994611501694 0.190548345446587 0.191778942942619 0.193657293915749
-3.4e+38 -3.4e+38 -3.4e+38 -3.4e+38 -3.4e+38 4.67435789108276 3.80217003822327 2.05821418762207 0.940966784954071 0.536081790924072 0.379044592380524 0.304757863283157 0.289925038814545 0.291192650794983 0.286848038434982 0.282840698957443 0.293489128351212 0.291646778583527 0.293526709079742 0.329290896654129 0.321537107229233 0.280245751142502 0.231071621179581 0.245063260197639 0.242904514074326 0.245405301451683 0.270725905895233 0.302418828010559 0.283383905887604 0.289356708526611 0.307491779327393 0.289007097482681 0.297179371118546 0.305680751800537 0.278733849525452 0.279664695262909 0.256944060325623 0.225200414657593 0.21608792245388 0.205207094550133 0.205750793218613 0.20102721452713 0.209101781249046 0.207364335656166 0.190228134393692 0.198400780558586
-3.4e+38 -3.4e+38 -3.4e+38 -3.4e+38 -3.4e+38 4.18319940567017 3.26921510696411 1.73711431026459 0.793833673000336 0.387800812721252 0.298322409391403 0.287716746330261 0.29925674200058 0.29673507809639 0.27738744020462 0.285435825586319 0.297470360994339 0.324569702148438 0.350410968065262 0.347015351057053 0.33773210644722 0.328883320093155 0.278950691223145 0.271677941083908 0.29388153553009 0.284288227558136 0.266668677330017 0.254355490207672 0.265248417854309 0.260020107030869 0.279520928859711 0.263018608093262 0.267123728990555 0.301614165306091 0.259083151817322 0.235365271568298 0.20100525021553 0.196187436580658 0.192095384001732 0.192851066589355 0.195199996232986 0.192989438772202 0.199087634682655 0.213908910751343 0.191021010279655 0.195973098278046
-339999999999999996128486808808066248288.000000000000000 -3.4e+38 -3.4e+38 -3.4e+38 4.41305351257324 3.77737236022949 2.50736427307129 1.40493059158325 0.60923820734024 0.403669863939285 0.313901990652084 0.283478498458862 0.277671664953232 0.298877567052841 0.292221367359161 0.285318821668625 0.30960088968277 0.339657008647919 0.366666316986084 0.330325931310654 0.319504469633102 0.351485401391983 0.350993305444717 0.306522965431213 0.27751636505127 0.294367909431458 0.263596504926682 0.249623864889145 0.25144425034523 0.234028413891792 0.240962386131287 0.240775868296623 0.252298921346664 0.249666765332222 0.218667671084404 0.226575806736946 0.191201820969582 0.200126647949219 0.189775422215462 0.19057708978653 0.192287027835846 0.188979297876358 0.199271529912949 0.202643156051636 0.194210782647133 0.198605999350548
-3.4e+38 -3.4e+38 -3.4e+38 -3.4e+38 4.32589387893677 4.11256551742554 2.38786244392395 1.29700613021851 0.602440774440765 0.434337437152863 0.34158843755722 0.269646465778351 0.269739210605621 0.306418716907501 0.312576532363892 0.316770255565643 0.343845188617706 0.377595007419586 0.361513763666153 0.283342301845551 0.30401200056076 0.314838767051697 0.313795983791351 0.310706943273544 0.325673967599869 0.267206281423569 0.243147954344749 0.232008308172226 0.251679837703705 0.253217339515686 0.260694354772568 0.290615171194077 0.250205457210541 0.214374884963036 0.215167209506035 0.206516206264496 0.194084376096725 0.226882487535477 0.195669680833817 0.196701496839523 0.201638579368591 0.197347074747086 0.193527594208717 0.188734814524651 0.203507602214813 0.201278194785118
-3.4e+38 -3.4e+38 -3.4e+38 -3.4e+38 4.43504619598389 4.21133995056152 2.50029611587524 1.09643065929413 0.615014910697937 0.453750193119049 0.372940510511398 0.277433395385742 0.288848638534546 0.307960510253906 0.304778575897217 0.332343518733978 0.375112026929855 0.412053734064102 0.404890030622482 0.399694204330444 0.321118235588074 0.253221571445465 0.25076362490654 0.225849404931068 0.248273149132729 0.229404136538506 0.237269714474678 0.236582040786743 0.240679427981377 0.228569984436035 0.243313506245613 0.271024197340012 0.244947165250778 0.22996124625206 0.217168301343918 0.206981495022774 0.231841668486595 0.237288847565651 0.206932172179222 0.192196264863014 0.190201446413994 0.194803759455681 0.192818582057953 0.192315250635147 0.199584648013115 0.199074968695641
-3.4e+38 -3.4e+38 -3.4e+38 -3.4e+38 -3.4e+38 4.35469675064087 3.17216515541077 1.23173010349274 0.704020142555237 0.559703171253204 0.41802304983139 0.275329917669296 0.293371319770813 0.325938045978546 0.34617805480957 0.381216734647751 0.389464527368546 0.422750651836395 0.469586074352264 0.422333419322968 0.331156641244888 0.261270612478256 0.24644336104393 0.253177762031555 0.256322473287582 0.253744125366211 0.230954349040985 0.229579120874405 0.239583820104599 0.236366271972656 0.235854595899582 0.24424634873867 0.260442346334457 0.248783379793167 0.243840977549553 0.232191234827042 0.228844165802002 0.219055995345116 0.230550110340118 0.200041234493256 0.18841826915741 0.186922952532768 0.181959554553032 0.187336787581444 0.199902907013893 0.194330543279648
-3.4e+38 -3.4e+38 -3.4e+38 -3.4e+38 -3.4e+38 4.40177965164185 3.52664184570312 1.70542204380035 0.863720417022705 0.66250866651535 0.5235356092453 0.290242582559586 0.29437854886055 0.31012636423111 0.333261966705322 0.357461661100388 0.360419988632202 0.389439672231674 0.433802008628845 0.464287936687469 0.335384875535965 0.267339438199997 0.251226961612701 0.253515958786011 0.254985749721527 0.243396952748299 0.226371750235558 0.233185276389122 0.24523438513279 0.23254682123661 0.239856392145157 0.270512044429779 0.272364437580109 0.24534660577774 0.258670479059219 0.246110662817955 0.204761609435081 0.206272482872009 0.19897086918354 0.197027876973152 0.19080738723278 0.195643857121468 0.190253362059593 0.175777435302734 0.194607630372047 0.191845700144768
-3.4e+38 -3.4e+38 -3.4e+38 -3.4e+38 -3.4e+38 4.85427570343018 4.13456296920776 2.23888754844666 1.09314918518066 0.786236703395844 0.591237246990204 0.288282245397568 0.262619346380234 0.257028460502625 0.290406584739685 0.33094796538353 0.322655588388443 0.342927515506744 0.368768692016602 0.372036427259445 0.342951118946075 0.295442044734955 0.2632195353508 0.237571477890015 0.228909879922867 0.238549456000328 0.232827112078667 0.235012575984001 0.23868066072464 0.218462511897087 0.229272291064262 0.263398498296738 0.254434376955032 0.239906832575798 0.266657114028931 0.243556916713715 0.238785803318024 0.228844881057739 0.185529470443726 0.184116467833519 0.190017640590668 0.181015282869339 0.203127756714821 0.177340254187584 0.166148737072945 0.179332256317139
-3.4e+38 -3.4e+38 -3.4e+38 -3.4e+38 -3.4e+38 4.59652900695801 4.27935886383057 2.69454908370972 1.38223791122437 1.00035858154297 0.532093524932861 0.29838427901268 0.270401865243912 0.245157599449158 0.250944435596466 0.282569527626038 0.313542544841766 0.340800702571869 0.335271894931793 0.339009195566177 0.350197970867157 0.306058019399643 0.258309990167618 0.238281428813934 0.214921906590462 0.220555692911148 0.236931726336479 0.225531950592995 0.223127514123917 0.222063526511192 0.225625470280647 0.235331594944 0.230733662843704 0.220895364880562 0.242841020226479 0.252304047346115 0.266320705413818 0.2463368922472 0.205894619226456 0.199847802519798 0.186264052987099 0.185691118240356 0.169555619359016 0.163078457117081 0.153504610061646 0.159680649638176
-3.4e+38 -3.4e+38 -3.4e+38 -3.4e+38 -3.4e+38 3.78391695022583 3.98630571365356 3.13148903846741 1.67006623744965 1.06805622577667 0.543837368488312 0.337378293275833 0.298426657915115 0.261036992073059 0.238477230072021 0.261389285326004 0.282377749681473 0.292448371648788 0.300407230854034 0.32120144367218 0.326017618179321 0.301053017377853 0.263048827648163 0.244251057505608 0.222390115261078 0.208864092826843 0.210428237915039 0.209800899028778 0.216608569025993 0.214555725455284 0.239219009876251 0.241628855466843 0.227378338575363 0.222909986972809 0.213498637080193 0.222028404474258 0.222514003515244 0.221300944685936 0.225406616926193 0.210718557238579 0.191861748695374 0.186766520142555 0.172536239027977 0.164800137281418 0.164015308022499 0.155907347798347
-3.4e+38 -3.4e+38 -3.4e+38 -3.4e+38 -3.4e+38 -3.4e+38 3.87903571128845 3.50803518295288 1.82266008853912 0.853489518165588 0.359317481517792 0.299923568964005 0.308433592319489 0.273646086454391 0.260345101356506 0.260690689086914 0.252061992883682 0.244430288672447 0.252941519021988 0.285349398851395 0.296133697032928 0.288010090589523 0.292699337005615 0.254298359155655 0.233368828892708 0.221517503261566 0.202857151627541 0.203382834792137 0.217038631439209 0.21772488951683 0.222080484032631 0.230625912547112 0.232034400105476 0.241302281618118 0.225161254405975 0.22038958966732 0.201458275318146 0.214796394109726 0.237948089838028 0.236503750085831 0.202651083469391 0.188436552882195 0.18630738556385 0.161268204450607 0.164204433560371 0.154331475496292
-3.4e+38 -3.4e+38 -3.4e+38 -3.4e+38 -3.4e+38 -3.4e+38 3.9102795124054 3.70175623893738 2.00782251358032 0.558704972267151 0.275102615356445 0.251695841550827 0.257852166891098 0.241849184036255 0.261205524206161 0.260338395833969 0.252089381217957 0.240414172410965 0.236989513039589 0.267378062009811 0.29549965262413 0.294319868087769 0.31143382191658 0.316080510616302 0.276937752962112 0.222532778978348 0.20939913392067 0.20411716401577 0.222067981958389 0.233375504612923 0.226927503943443 0.223533287644386 0.218343168497086 0.229233250021935 0.237768828868866 0.231443509459496 0.211088821291924 0.203428119421005 0.208676978945732 0.2283965498209 0.197332218289375 0.181419566273689 0.18303219974041 0.168733894824982 0.163407787680626 0.152215078473091
-3.4e+38 -3.4e+38 -3.4e+38 -3.4e+38 -3.4e+38 -3.4e+38 3.73209500312805 3.97572898864746 1.5158314704895 0.415349930524826 0.251220345497131 0.238081932067871 0.240764364600182 0.234796404838562 0.235276371240616 0.238046586513519 0.246859714388847 0.255255907773972 0.234902039170265 0.251778125762939 0.274449527263641 0.294657766819 0.307487100362778 0.321048319339752 0.306023418903351 0.237681612372398 0.219612866640091 0.207415655255318 0.214738264679909 0.227502301335335 0.214807167649269 0.22916205227375 0.221584513783455 0.223719879984856 0.235989600419998 0.227269768714905 0.199560075998306 0.19307254254818 0.191948518157005 0.226412177085876 0.204905733466148 0.189799427986145 0.169109910726547 0.168532133102417 0.175029084086418 0.155811443924904
-3.4e+38 -3.4e+38 -3.4e+38 -3.4e+38 -3.4e+38 -3.4e+38 4.00096797943115 3.3224093914032 0.92779153585434 0.375885993242264 0.260061234235764 0.247132554650307 0.246032923460007 0.243124291300774 0.23652771115303 0.236438885331154 0.240352600812912 0.239140123128891 0.247407197952271 0.307419419288635 0.281060248613358 0.266811698675156 0.330105662345886 0.305270940065384 0.282836943864822 0.245372638106346 0.224901482462883 0.21213361620903 0.202851116657257 0.201658055186272 0.200465157628059 0.213573083281517 0.228363439440727 0.225207537412643 0.209525287151337 0.213396042585373 0.209968745708466 0.210622176527977 0.200436890125275 0.188441231846809 0.18299013376236 0.177608758211136 0.166406482458115 0.157176986336708 0.164954885840416 0.158038422465324
