Ecospace-environmental-drivers/Outputs/ASCII-for-ecospace/Cfl/Cfl_X2004.12.asc
NCOLS 131 
NROWS 53 
XLLCORNER -98 
YLLCORNER 23.9265270233154 
CELLSIZE 0.133587792515755 
NODATA_value -3.4e+38 
[rows 20 to 39 of 53, columns 46 to 91 of 131]
0.516459941864014 0.496896088123322 0.554855525493622 0.650975465774536 0.727979600429535 0.786653757095337 0.857926845550537 1.43548762798309 1.866135597229 2.10235714912415 2.83433628082275 2.17878341674805 1.3062150478363 1.12533509731293 1.83841180801392 2.77579236030579 2.55948209762573 1.76346683502197 1.03665161132812 0.601236462593079 0.435055404901505 0.421096950769424 0.402309834957123 0.396724671125412 0.348249495029449 0.32513040304184 0.310785472393036 0.313134431838989 0.346811980009079 0.316329002380371 0.305190145969391 0.311078906059265 0.310767740011215 0.314814299345016 0.337027698755264 0.338249742984772 0.336296826601028 0.339851021766663 0.34734845161438 0.346219837665558 0.339708238840103 0.357080310583115 0.361965149641037 0.354507982730865 0.353301614522934 0.379561811685562
0.379422605037689 0.376284420490265 0.393666863441467 0.390890955924988 0.409602969884872 0.469532907009125 0.427616953849792 0.579740941524506 0.708782017230988 0.675200819969177 0.724680364131927 0.651714205741882 0.903183996677399 1.0577232837677 1.5853978395462 2.69532561302185 2.15243625640869 1.57712697982788 0.747376620769501 0.479338258504868 0.464621782302856 0.439251303672791 0.385897934436798 0.366681426763535 0.338283389806747 0.290019243955612 0.313989698886871 0.297726392745972 0.324068754911423 0.326405555009842 0.321833431720734 0.299625754356384 0.307624042034149 0.323789656162262 0.343928396701813 0.345474362373352 0.334689885377884 0.331959307193756 0.341091871261597 0.341733038425446 0.358726501464844 0.357170701026917 0.346568733453751 0.348428845405579 0.362961679697037 0.371921896934509
0.32972663640976 0.35407343506813 0.348780423402786 0.344064563512802 0.321654766798019 0.341105967760086 0.344831556081772 0.340085178613663 0.357528537511826 0.358577400445938 0.362487405538559 0.376839488744736 0.490460485219955 0.623500406742096 1.4598354101181 2.16076588630676 2.1345317363739 2.08526229858398 1.02340030670166 0.477132201194763 0.437905043363571 0.400814056396484 0.392986446619034 0.357224613428116 0.313117682933807 0.269404739141464 0.272171288728714 0.281852066516876 0.283574551343918 0.314892917871475 0.299356073141098 0.276611775159836 0.289219617843628 0.326349228620529 0.332444041967392 0.342403262853622 0.341442048549652 0.318936944007874 0.31517031788826 0.322637647390366 0.334066987037659 0.372508764266968 0.370441555976868 0.356041222810745 0.362630158662796 0.379494398832321
0.293604463338852 0.307074993848801 0.309972584247589 0.311569392681122 0.318826168775558 0.32062816619873 0.331248760223389 0.341457933187485 0.355863630771637 0.390376955270767 0.407027304172516 0.429202854633331 0.442453861236572 0.449503868818283 1.32893073558807 2.05357241630554 2.37571668624878 2.00550723075867 0.811921060085297 0.444391697645187 0.406345725059509 0.433390021324158 0.382077157497406 0.345998764038086 0.309013098478317 0.283468961715698 0.256313323974609 0.241829127073288 0.230072677135468 0.271164387464523 0.276303172111511 0.297869175672531 0.303666591644287 0.337744683027267 0.337374091148376 0.330819964408875 0.327666521072388 0.299300253391266 0.297734379768372 0.301140159368515 0.30856329202652 0.338358134031296 0.360465914011002 0.346424341201782 0.353303760290146 0.369559705257416
0.281792610883713 0.282867312431335 0.297339051961899 0.306303411722183 0.30196687579155 0.300641387701035 0.313457012176514 0.328381955623627 0.422696769237518 0.499229520559311 0.507396221160889 0.483123511075974 0.489415645599365 0.482646197080612 0.803732693195343 1.87086403369904 1.71104252338409 1.29186797142029 0.921267688274384 0.552520871162415 0.418938517570496 0.399753332138062 0.369433015584946 0.355193048715591 0.310430645942688 0.291531890630722 0.258957982063293 0.242738142609596 0.238951787352562 0.255501508712769 0.248856127262115 0.251058161258698 0.276743322610855 0.298471212387085 0.303319215774536 0.290366679430008 0.292385280132294 0.290667593479156 0.288675010204315 0.294141620397568 0.294330030679703 0.311859220266342 0.334016859531403 0.326230525970459 0.321575373411179 0.334302395582199
0.253849297761917 0.250463932752609 0.269079118967056 0.291391760110855 0.290610492229462 0.293970942497253 0.291905462741852 0.334086239337921 0.469190239906311 0.504105448722839 0.519448578357697 0.511693060398102 0.486878335475922 0.506908357143402 0.653873920440674 1.51099693775177 1.40701425075531 1.00109672546387 0.99031263589859 0.617516756057739 0.379172921180725 0.409686326980591 0.408026963472366 0.342700719833374 0.285837769508362 0.263707250356674 0.265756785869598 0.240864366292953 0.231200084090233 0.229690715670586 0.21981306374073 0.22979000210762 0.235073864459991 0.259234964847565 0.27928438782692 0.288570910692215 0.292244017124176 0.269179791212082 0.278716623783112 0.287819147109985 0.291258364915848 0.292765974998474 0.295311897993088 0.309091597795486 0.320126175880432 0.332106530666351
0.233422115445137 0.23637717962265 0.248708695173264 0.270345211029053 0.270853906869888 0.278604447841644 0.281491726636887 0.314040571451187 0.416101008653641 0.469209909439087 0.512847244739532 0.510852992534637 0.600760400295258 0.690336167812347 0.982665836811066 1.26196074485779 1.20174169540405 0.903959810733795 0.690258085727692 0.547567427158356 0.567898452281952 0.460094392299652 0.325196593999863 0.281820774078369 0.255348294973373 0.255830317735672 0.26930633187294 0.253404706716537 0.251307547092438 0.235372126102448 0.224655389785767 0.239299520850182 0.236481130123138 0.249884054064751 0.28639143705368 0.28850731253624 0.275667309761047 0.265634149312973 0.260822236537933 0.263235986232758 0.272536009550095 0.271499365568161 0.279417395591736 0.296369791030884 0.315698444843292 0.325264722108841
0.238015204668045 0.231563076376915 0.23791079223156 0.258655339479446 0.263029605150223 0.274457991123199 0.273640513420105 0.293341457843781 0.395403236150742 0.47180038690567 0.485049039125443 0.495193600654602 0.578032970428467 0.686445355415344 0.760422646999359 0.845532774925232 0.991880714893341 0.764762341976166 0.684346914291382 0.616846442222595 0.396874368190765 0.297275215387344 0.268717288970947 0.260598093271255 0.248172745108604 0.250479906797409 0.261516273021698 0.258917719125748 0.225895300507545 0.231569841504097 0.230326488614082 0.217192858457565 0.22120974957943 0.243718445301056 0.255557030439377 0.252096384763718 0.257315248250961 0.257359653711319 0.267781436443329 0.269060283899307 0.267493933439255 0.269972592592239 0.276893496513367 0.284099251031876 0.315783023834229 0.308790594339371
0.23316752910614 0.235676273703575 0.226080313324928 0.256576210260391 0.261627942323685 0.268037557601929 0.258495002985001 0.286074906587601 0.392861157655716 0.435574412345886 0.415454596281052 0.404164671897888 0.410127580165863 0.425008147954941 0.47369921207428 0.560544908046722 0.528323113918304 0.482654064893723 0.350072205066681 0.278257429599762 0.251333057880402 0.258492290973663 0.252336859703064 0.241887360811234 0.224755823612213 0.223539263010025 0.218674182891846 0.213902428746223 0.201270282268524 0.220061480998993 0.219862729310989 0.204439207911491 0.212512403726578 0.231258064508438 0.229223504662514 0.230886697769165 0.249688774347305 0.250002652406693 0.254909425973892 0.260490477085114 0.281784892082214 0.287592589855194 0.297132164239883 0.324130415916443 0.319540530443192 0.333036541938782
0.202775567770004 0.200961753726006 0.21740885078907 0.238789498806 0.244781881570816 0.256762951612473 0.250602722167969 0.279473632574081 0.363075584173203 0.407662212848663 0.408318191766739 0.38833624124527 0.343658596277237 0.314013183116913 0.287669509649277 0.294955849647522 0.295729458332062 0.276582360267639 0.25883224606514 0.250926494598389 0.252074509859085 0.235959604382515 0.234969899058342 0.227662265300751 0.224787071347237 0.219180151820183 0.218975245952606 0.209885716438293 0.195532947778702 0.225694209337234 0.230535358190536 0.224971950054169 0.210490539669991 0.216525703668594 0.225811198353767 0.216879591345787 0.222048968076706 0.230818748474121 0.236828923225403 0.241837486624718 0.256827235221863 0.269694596529007 0.270738065242767 0.270814627408981 0.280024439096451 0.292613118886948
0.188877031207085 0.187889948487282 0.19719572365284 0.213413327932358 0.223784759640694 0.250407934188843 0.259283930063248 0.288926392793655 0.367219120264053 0.39975568652153 0.412694752216339 0.367890566587448 0.287718325853348 0.273906141519547 0.268801957368851 0.277057409286499 0.268872410058975 0.257176458835602 0.253190875053406 0.241079092025757 0.235658437013626 0.237371027469635 0.216371521353722 0.210976019501686 0.211625128984451 0.200963169336319 0.200896129012108 0.203689008951187 0.195563063025475 0.215390473604202 0.249236166477203 0.234173282980919 0.224740445613861 0.215755477547646 0.217378586530685 0.21289911866188 0.211946621537209 0.209466651082039 0.217974573373795 0.224796801805496 0.230140119791031 0.251907050609589 0.260731279850006 0.268942773342133 0.301468074321747 0.239898711442947
0.178208366036415 0.177775964140892 0.189938887953758 0.201631411910057 0.204958647489548 0.226521342992783 0.248107016086578 0.294346123933792 0.356577485799789 0.413704246282578 0.412634313106537 0.336152046918869 0.279094129800797 0.273962080478668 0.273831516504288 0.28962254524231 0.277944952249527 0.259667098522186 0.244522154331207 0.233060330152512 0.234746232628822 0.222142711281776 0.207606583833694 0.21174156665802 0.204798400402069 0.194584935903549 0.197626054286957 0.195390909910202 0.191048637032509 0.190347880125046 0.20773708820343 0.212943151593208 0.203168660402298 0.211793854832649 0.217188447713852 0.208254307508469 0.20285576581955 0.204255998134613 0.20006588101387 0.21209254860878 0.227128714323044 0.249300554394722 0.277609258890152 0.2873315513134 0.305707097053528 0.237913653254509
0.166304394602776 0.169663488864899 0.179415568709373 0.190230071544647 0.197787925601006 0.224989280104637 0.273874223232269 0.300811529159546 0.389844208955765 0.428865075111389 0.385873198509216 0.317061573266983 0.309140086174011 0.303437083959579 0.289721429347992 0.298121899366379 0.278357714414597 0.264183551073074 0.245877608656883 0.228338554501534 0.21717081964016 0.208154767751694 0.205545380711555 0.204551175236702 0.194299265742302 0.198897674679756 0.191991373896599 0.207256749272346 0.204559952020645 0.193386137485504 0.193357571959496 0.202229246497154 0.211746364831924 0.212046384811401 0.215536966919899 0.20834955573082 0.202247962355614 0.208433225750923 0.204122126102448 0.20256096124649 0.203530639410019 0.218554750084877 0.259768962860107 0.291544675827026 0.275730133056641 0.271728008985519
0.167663216590881 0.168910384178162 0.176921725273132 0.170101344585419 0.187511295080185 0.254170715808868 0.278018414974213 0.305967301130295 0.391036719083786 0.407125473022461 0.36542934179306 0.315446227788925 0.324797987937927 0.314659118652344 0.302358627319336 0.302078723907471 0.27500519156456 0.25689098238945 0.251388520002365 0.229954496026039 0.216637283563614 0.203116029500961 0.199043929576874 0.196446508169174 0.187344640493393 0.192323744297028 0.181062564253807 0.177365317940712 0.19684986770153 0.200863927602768 0.200079709291458 0.202746152877808 0.204178109765053 0.198287770152092 0.198025807738304 0.189973324537277 0.18884539604187 0.189723968505859 0.188677832484245 0.191859558224678 0.191548615694046 0.197999462485313 0.209160640835762 0.243079602718353 0.264445811510086 0.274147421121597
0.161133140325546 0.166704222559929 0.169998586177826 0.177782073616982 0.196870520710945 0.260887414216995 0.26908877491951 0.32856297492981 0.384749114513397 0.377545684576035 0.345835655927658 0.319007039070129 0.316760420799255 0.29632842540741 0.301138013601303 0.290812075138092 0.274258106946945 0.248371064662933 0.243575423955917 0.232819989323616 0.200097993016243 0.209117844700813 0.192141935229301 0.173308461904526 0.173412695527077 0.179360166192055 0.181939095258713 0.185713171958923 0.204619511961937 0.217730090022087 0.208717092871666 0.195377141237259 0.19181552529335 0.190625056624413 0.192091837525368 0.1867835521698 0.182670742273331 0.189916923642159 0.193820521235466 0.187135577201843 0.181749537587166 0.192903161048889 0.205261304974556 0.200932443141937 0.210509032011032 0.256100296974182
0.165837541222572 0.166766360402107 0.171255350112915 0.178231582045555 0.212639212608337 0.265285193920135 0.312303841114044 0.356830656528473 0.36081936955452 0.337548732757568 0.306500554084778 0.285451382398605 0.297041654586792 0.305212676525116 0.307222157716751 0.243767410516739 0.218249276280403 0.226649418473244 0.24390821158886 0.233824357390404 0.183306202292442 0.190759971737862 0.175891816616058 0.16591688990593 0.168777316808701 0.170407965779305 0.18770407140255 0.184985890984535 0.190847262740135 0.193793907761574 0.194275319576263 0.193801239132881 0.192565217614174 0.182848438620567 0.188562482595444 0.191202402114868 0.18977552652359 0.197380408644676 0.197120383381844 0.203563824295998 0.196732848882675 0.191820755600929 0.189469531178474 0.169434025883675 0.176931649446487 0.196204677224159
0.162790432572365 0.170051142573357 0.171788066625595 0.179523304104805 0.20194248855114 0.255551934242249 0.314050704240799 0.358984559774399 0.357884764671326 0.315633624792099 0.285708039999008 0.30254390835762 0.302933007478714 0.288150489330292 0.272863566875458 0.244317695498466 0.217122182250023 0.211507350206375 0.227572947740555 0.219625473022461 0.196328371763229 0.169368490576744 0.170929819345474 0.169751584529877 0.162925735116005 0.169624269008636 0.187067866325378 0.192419946193695 0.183677926659584 0.175864577293396 0.173091635107994 0.175973013043404 0.180966749787331 0.179738610982895 0.180214136838913 0.179043963551521 0.180992752313614 0.181142643094063 0.180027112364769 0.176831036806107 0.171551734209061 0.165257036685944 0.162273794412613 0.166507109999657 0.159489914774895 0.168759718537331
0.160754561424255 0.161190286278725 0.1598731726408 0.177314683794975 0.211396858096123 0.246926710009575 0.298109233379364 0.332087188959122 0.297749996185303 0.273752987384796 0.263581782579422 0.302169680595398 0.282575309276581 0.247894421219826 0.234110549092293 0.219682455062866 0.199913799762726 0.208056852221489 0.224012792110443 0.211970090866089 0.192900091409683 0.166907250881195 0.162113323807716 0.160961002111435 0.166096612811089 0.170983254909515 0.173839449882507 0.173810452222824 0.17476262152195 0.177215769886971 0.174736320972443 0.172048285603523 0.171057477593422 0.172217026352882 0.172572150826454 0.168542459607124 0.166165009140968 0.163459852337837 0.167406782507896 0.161353409290314 0.151969507336617 0.151795402169228 0.148931413888931 0.149843022227287 0.145825237035751 0.150490924715996
0.16021454334259 0.173187419772148 0.159209042787552 0.17903096973896 0.220917120575905 0.241902947425842 0.284206181764603 0.315130084753036 0.284975558519363 0.26113760471344 0.266969621181488 0.286342054605484 0.240301504731178 0.234882995486259 0.214769273996353 0.192474260926247 0.186134412884712 0.201131820678711 0.224228277802467 0.221771821379662 0.198735609650612 0.163978964090347 0.160233035683632 0.179714888334274 0.208124712109566 0.198202595114708 0.188762128353119 0.169653013348579 0.164922013878822 0.167513981461525 0.170164659619331 0.172124654054642 0.169463470578194 0.168188914656639 0.163715392351151 0.157525315880775 0.157342419028282 0.153921648859978 0.151799246668816 0.149617478251457 0.149365529417992 0.143111929297447 0.146456927061081 0.151465699076653 0.147304847836494 0.157671347260475
0.170521542429924 0.180944055318832 0.177791431546211 0.203476205468178 0.235651940107346 0.256081938743591 0.275004923343658 0.274196237325668 0.297988265752792 0.232201233506203 0.214513227343559 0.221707761287689 0.215902864933014 0.207148566842079 0.193291991949081 0.195055603981018 0.203672900795937 0.211391270160675 0.191346406936646 0.205989450216293 0.194130852818489 0.161383748054504 0.159612402319908 0.170687317848206 0.180671945214272 0.201158165931702 0.203623175621033 0.183289304375648 0.165219977498055 0.166333705186844 0.160604313015938 0.16066662967205 0.160512283444405 0.159273222088814 0.153049036860466 0.145618379116058 0.149165347218513 0.152121022343636 0.15940959751606 0.162685230374336 0.156095668673515 0.156235262751579 0.153892546892166 0.161897614598274 0.17098493874073 0.170121386647224
