Ecospace-environmental-drivers/Outputs/ASCII-for-ecospace/Cfl/Cfl_X2005.01.asc
NCOLS 131 
NROWS 53 
XLLCORNER -98 
YLLCORNER 23.9265270233154 
CELLSIZE 0.133587792515755 
NODATA_value -3.4e+38 
[rows 20 to 39 of 53, columns 46 to 91 of 131]
0.523054301738739 0.553621113300323 0.710901021957397 0.529926002025604 0.610801875591278 0.741135656833649 0.682352066040039 0.722623646259308 1.13004851341248 1.20023488998413 1.10472178459167 0.851751327514648 0.55811607837677 0.415389716625214 0.436309307813644 0.353994399309158 0.339539796113968 0.320135623216629 0.294947445392609 0.294816732406616 0.294855773448944 0.299028038978577 0.291013389825821 0.26640909910202 0.26387083530426 0.275315910577774 0.299678713083267 0.282177090644836 0.304380118846893 0.294921189546585 0.28346374630928 0.283173412084579 0.275604099035263 0.283472061157227 0.280613005161285 0.286431521177292 0.287401676177979 0.29503607749939 0.290805220603943 0.288969755172729 0.30740949511528 0.315762490034103 0.323797196149826 0.346232652664185 0.345536857843399 0.355577707290649
0.365947127342224 0.467128306627274 0.412368923425674 0.381325155496597 0.390491783618927 0.436700791120529 0.478568345308304 0.48571452498436 0.482126116752625 0.510641634464264 0.509644210338593 0.62070369720459 0.497415810823441 0.376857399940491 0.368473201990128 0.331461638212204 0.3549545109272 0.344944149255753 0.312598705291748 0.263012170791626 0.243336200714111 0.264411389827728 0.264791876077652 0.250582754611969 0.241314083337784 0.257277280092239 0.268571823835373 0.284371316432953 0.306910693645477 0.290048032999039 0.292092770338058 0.282875955104828 0.297238975763321 0.324880361557007 0.292721807956696 0.29102149605751 0.267968893051147 0.256665587425232 0.252294570207596 0.294374018907547 0.309734582901001 0.300538808107376 0.294582843780518 0.294592380523682 0.306954085826874 0.323688149452209
0.296138942241669 0.310490250587463 0.329994410276413 0.352028846740723 0.378664046525955 0.446773916482925 0.489830851554871 0.448355436325073 0.406547755002975 0.375984311103821 0.416795164346695 0.473228007555008 0.492802709341049 0.385388761758804 0.376283079385757 0.335590392351151 0.326030910015106 0.289676994085312 0.237195804715157 0.214988857507706 0.224953785538673 0.262292176485062 0.260769456624985 0.269144207239151 0.258598893880844 0.240601360797882 0.233773306012154 0.272196561098099 0.304312497377396 0.318822205066681 0.299011439085007 0.298649609088898 0.300856560468674 0.293593466281891 0.281514346599579 0.257154673337936 0.245773449540138 0.255795896053314 0.26063197851181 0.28680294752121 0.293106943368912 0.284120678901672 0.293138533830643 0.282861530780792 0.303153663873672 0.306298226118088
0.249510437250137 0.261531502008438 0.24919106066227 0.310722857713699 0.407527565956116 0.453204929828644 0.398521572351456 0.346673369407654 0.34865465760231 0.319304883480072 0.362062752246857 0.409877270460129 0.445057362318039 0.391049861907959 0.338361322879791 0.345525860786438 0.351333767175674 0.287900984287262 0.236995056271553 0.213571146130562 0.214998513460159 0.235023781657219 0.238429456949234 0.269906938076019 0.254330039024353 0.246534332633018 0.218967020511627 0.244787082076073 0.26462122797966 0.276132375001907 0.268069535493851 0.258979737758636 0.245514631271362 0.286979079246521 0.289490938186646 0.252024978399277 0.259321868419647 0.261205434799194 0.249776303768158 0.258648902177811 0.274525314569473 0.27449357509613 0.310589551925659 0.311286419630051 0.315760880708694 0.312233507633209
0.219327613711357 0.229602605104446 0.260091185569763 0.331403285264969 0.30482679605484 0.375807553529739 0.344493746757507 0.333333283662796 0.302876651287079 0.26425975561142 0.288467943668365 0.30896520614624 0.289797216653824 0.284264773130417 0.309959322214127 0.294367015361786 0.291373044252396 0.269774913787842 0.223387613892555 0.204529821872711 0.202893510460854 0.225067302584648 0.208326414227486 0.219417825341225 0.231666430830956 0.232874184846878 0.223549544811249 0.248445868492126 0.263587713241577 0.256890177726746 0.251753062009811 0.236661642789841 0.241860449314117 0.234420016407967 0.226829364895821 0.217061311006546 0.221604779362679 0.230372577905655 0.226846352219582 0.220382183790207 0.226263150572777 0.235155567526817 0.262573897838593 0.280276030302048 0.261897712945938 0.286287099123001
0.22471521794796 0.219900354743004 0.215566590428352 0.259963482618332 0.273831754922867 0.305402666330338 0.301718711853027 0.313135951757431 0.275452256202698 0.280721217393875 0.283199191093445 0.253644317388535 0.261126577854156 0.262271016836166 0.299945205450058 0.268101364374161 0.223025918006897 0.226131990551949 0.208324149250984 0.191971853375435 0.179725185036659 0.180975168943405 0.190614312887192 0.199799165129662 0.201439946889877 0.206550344824791 0.225105941295624 0.246867492794991 0.248522192239761 0.247475787997246 0.229508623480797 0.22351735830307 0.235673889517784 0.211955979466438 0.207405760884285 0.212504729628563 0.241784527897835 0.256288260221481 0.254981279373169 0.250462204217911 0.250643879175186 0.246393367648125 0.227743059396744 0.232049033045769 0.236292287707329 0.256471574306488
0.178025752305984 0.192861527204514 0.211280286312103 0.208602011203766 0.219352856278419 0.287291884422302 0.303744912147522 0.306361556053162 0.283267617225647 0.293228715658188 0.295266389846802 0.288278669118881 0.281344205141068 0.256710141897202 0.276472508907318 0.287447482347488 0.200085386633873 0.190598040819168 0.181365460157394 0.216391354799271 0.171860113739967 0.172340467572212 0.204038739204407 0.206154063344002 0.175980135798454 0.179894387722015 0.223792865872383 0.223531469702721 0.230485111474991 0.228338196873665 0.220889151096344 0.229537487030029 0.240648418664932 0.2229183614254 0.205807536840439 0.232534512877464 0.241021558642387 0.24301965534687 0.23630091547966 0.257039487361908 0.253267288208008 0.231227219104767 0.217579275369644 0.217892616987228 0.225825175642967 0.264592975378036
0.175598800182343 0.199522778391838 0.187112152576447 0.180653497576714 0.190019741654396 0.230292961001396 0.28977558016777 0.291642487049103 0.297985643148422 0.28298431634903 0.270735114812851 0.282932758331299 0.276689618825912 0.258297294378281 0.263169258832932 0.22491754591465 0.202861487865448 0.183886498212814 0.164917692542076 0.193035006523132 0.174811571836472 0.169636994600296 0.184111371636391 0.199138060212135 0.174590706825256 0.184019818902016 0.216921329498291 0.224512577056885 0.230040639638901 0.201113700866699 0.211448639631271 0.226571425795555 0.236272916197777 0.249957412481308 0.216230809688568 0.222354143857956 0.229904383420944 0.243756234645844 0.239955931901932 0.243764877319336 0.256796211004257 0.243822187185287 0.221836298704147 0.231551498174667 0.229827135801315 0.249591141939163
0.195223972201347 0.190432518720627 0.176159858703613 0.176032468676567 0.175445929169655 0.206064581871033 0.21048504114151 0.267573416233063 0.280171424150467 0.243345931172371 0.283966511487961 0.264428079128265 0.25610014796257 0.230587273836136 0.231116116046906 0.220909461379051 0.206378489732742 0.191744789481163 0.178427264094353 0.169513270258904 0.170869752764702 0.172518134117126 0.172130525112152 0.171948343515396 0.170510679483414 0.174572959542274 0.190497189760208 0.211769953370094 0.211296513676643 0.185317292809486 0.19675649702549 0.188086241483688 0.227657690644264 0.253845632076263 0.219212979078293 0.227942645549774 0.256039172410965 0.262318402528763 0.264783203601837 0.262624084949493 0.245410144329071 0.213077485561371 0.216586634516716 0.225607424974442 0.232111647725105 0.249690875411034
0.210063517093658 0.202514499425888 0.177137970924377 0.1760623306036 0.174405843019485 0.187673985958099 0.19221419095993 0.231780529022217 0.248919501900673 0.229084983468056 0.257353842258453 0.272138893604279 0.248790845274925 0.226525276899338 0.203141629695892 0.199443697929382 0.209089577198029 0.198659226298332 0.192235857248306 0.17977836728096 0.174970373511314 0.173628345131874 0.168658405542374 0.173420056700706 0.168727546930313 0.168455883860588 0.174009710550308 0.177504509687424 0.181094616651535 0.182492360472679 0.183247148990631 0.174910917878151 0.168571278452873 0.177919253706932 0.202860295772552 0.272883772850037 0.27012687921524 0.2523273229599 0.267639338970184 0.274923115968704 0.234794154763222 0.207017675042152 0.212415620684624 0.224958941340446 0.22595776617527 0.241040006279945
0.201120465993881 0.199202418327332 0.17283633351326 0.171367675065994 0.175566241145134 0.186154305934906 0.190010413527489 0.206773772835732 0.231851100921631 0.246486961841583 0.273336797952652 0.271222412586212 0.263086557388306 0.235367357730865 0.221843987703323 0.197317764163017 0.206024587154388 0.206351161003113 0.197977662086487 0.192113891243935 0.183927536010742 0.178334936499596 0.17705200612545 0.172486245632172 0.16686524450779 0.163976222276688 0.165230751037598 0.171837210655212 0.18766088783741 0.186358317732811 0.180818349123001 0.205556303262711 0.180974870920181 0.163356810808182 0.165213406085968 0.206803247332573 0.198750957846642 0.206589668989182 0.22469624876976 0.255009770393372 0.226204633712769 0.212451741099358 0.221704617142677 0.227846771478653 0.217027634382248 0.220851063728333
0.17737603187561 0.195232272148132 0.18257537484169 0.172319635748863 0.18405494093895 0.186487346887589 0.191259875893593 0.20023900270462 0.212329238653183 0.237800687551498 0.266184896230698 0.284104764461517 0.271607220172882 0.243517681956291 0.231765180826187 0.214605733752251 0.205158114433289 0.210573822259903 0.203722700476646 0.210393026471138 0.184433192014694 0.168089166283607 0.170702219009399 0.162916734814644 0.163525685667992 0.175871178507805 0.179733201861382 0.183591410517693 0.179242610931396 0.184381753206253 0.178228214383125 0.19158923625946 0.18516817688942 0.194386050105095 0.164877653121948 0.161451056599617 0.169860318303108 0.185499295592308 0.219830676913261 0.246285319328308 0.231690049171448 0.211713790893555 0.221661776304245 0.231421783566475 0.211148411035538 0.226652339100838
0.170913264155388 0.174614489078522 0.165891170501709 0.170273900032043 0.187203660607338 0.197220981121063 0.194645896553993 0.19088651239872 0.209156379103661 0.230225905776024 0.264301538467407 0.286916583776474 0.288166761398315 0.254363089799881 0.237333819270134 0.215955287218094 0.207400232553482 0.211927175521851 0.208231449127197 0.205392017960548 0.172955438494682 0.168807506561279 0.160423576831818 0.164554625749588 0.176431640982628 0.188785925507545 0.191455334424973 0.196700498461723 0.194080784916878 0.174033761024475 0.178287282586098 0.194490805268288 0.185746714472771 0.164936006069183 0.168875843286514 0.168805971741676 0.165566861629486 0.171439439058304 0.182156071066856 0.219508931040764 0.230527892708778 0.21750770509243 0.227292641997337 0.221402823925018 0.228041678667068 0.235172808170319
0.170108944177628 0.166312232613564 0.160012364387512 0.178308695554733 0.177852526307106 0.177521914243698 0.191970124840736 0.19299428164959 0.21743631362915 0.245342507958412 0.290364354848862 0.276251971721649 0.280175685882568 0.250463634729385 0.214929148554802 0.185258373618126 0.192415654659271 0.195990189909935 0.190334007143974 0.188389152288437 0.174537822604179 0.176225960254669 0.169447109103203 0.17403981089592 0.194664880633354 0.187402844429016 0.197056412696838 0.196642592549324 0.187689140439034 0.170439213514328 0.176513344049454 0.151100307703018 0.150337472558022 0.150453552603722 0.165340140461922 0.163465142250061 0.162330389022827 0.165584310889244 0.170730039477348 0.180781468749046 0.199007764458656 0.203778699040413 0.217296361923218 0.211676716804504 0.204136431217194 0.201566994190216
0.176763668656349 0.162307798862457 0.160581812262535 0.162182450294495 0.171259686350822 0.178402945399284 0.184584945440292 0.18507893383503 0.203380942344666 0.253602921962738 0.277600854635239 0.283114850521088 0.276762872934341 0.213894695043564 0.192032471299171 0.18198736011982 0.181060537695885 0.183403491973877 0.187198340892792 0.184963583946228 0.174428001046181 0.173670843243599 0.164427846670151 0.173804357647896 0.177625060081482 0.178575500845909 0.190968662500381 0.204335033893585 0.194136276841164 0.16640043258667 0.151687562465668 0.143462151288986 0.14783339202404 0.149885594844818 0.162665024399757 0.165057733654976 0.163843184709549 0.164570242166519 0.170840337872505 0.176403760910034 0.185254991054535 0.186333104968071 0.202708974480629 0.215326875448227 0.195144534111023 0.195173233747482
0.17558878660202 0.164273217320442 0.15974947810173 0.157104343175888 0.164176791906357 0.169706284999847 0.175542905926704 0.180448368191719 0.19317352771759 0.233273357152939 0.257504433393478 0.267983794212341 0.216020122170448 0.198829814791679 0.200594559311867 0.197830036282539 0.179240956902504 0.166236698627472 0.169801473617554 0.172375619411469 0.171088367700577 0.17764213681221 0.182246267795563 0.174216404557228 0.170160412788391 0.17235791683197 0.200470998883247 0.205790385603905 0.165546953678131 0.166313856840134 0.142655685544014 0.139407470822334 0.146835058927536 0.150467842817307 0.158184796571732 0.161887988448143 0.166802853345871 0.168490290641785 0.17066515982151 0.17677204310894 0.18162128329277 0.172157853841782 0.173533082008362 0.181863337755203 0.173987343907356 0.174382939934731
0.176579222083092 0.167031705379486 0.168657600879669 0.16768205165863 0.164971530437469 0.169138863682747 0.193225681781769 0.195468544960022 0.208454787731171 0.230712711811066 0.23514948785305 0.218896299600601 0.206093534827232 0.197898477315903 0.197459399700165 0.179736465215683 0.170371770858765 0.166198566555977 0.166783079504967 0.16710576415062 0.171233862638474 0.181250467896461 0.186308264732361 0.186558187007904 0.176000744104385 0.18244631588459 0.194857195019722 0.1946672052145 0.1669961810112 0.173909276723862 0.153781086206436 0.143920257687569 0.153114199638367 0.151874303817749 0.156816452741623 0.163162603974342 0.164929106831551 0.163070186972618 0.165475562214851 0.172005623579025 0.169735297560692 0.165196672081947 0.164644449949265 0.163709133863449 0.157139182090759 0.169771313667297
0.172841861844063 0.173268705606461 0.177035048604012 0.170716777443886 0.170621514320374 0.172299012541771 0.186739861965179 0.190287083387375 0.207487002015114 0.216167420148849 0.221682757139206 0.208054646849632 0.215372487902641 0.211451098322868 0.202677935361862 0.190686851739883 0.177566424012184 0.17862756550312 0.172178983688354 0.174696877598763 0.180875733494759 0.185334637761116 0.190342202782631 0.186339050531387 0.175414800643921 0.166485086083412 0.181870192289352 0.177048489451408 0.162262231111526 0.164622813463211 0.151561751961708 0.145693823695183 0.147881284356117 0.151145279407501 0.154974699020386 0.156724318861961 0.163140758872032 0.166689932346344 0.169525980949402 0.166633322834969 0.167176753282547 0.168262079358101 0.169818922877312 0.171393379569054 0.170168161392212 0.173740610480309
0.189509242773056 0.181481331586838 0.171737670898438 0.164657592773438 0.171542346477509 0.172218099236488 0.178624257445335 0.203991889953613 0.229986533522606 0.235334649682045 0.234472915530205 0.209286615252495 0.200752109289169 0.20768566429615 0.205080702900887 0.194993674755096 0.185419291257858 0.173863887786865 0.171293407678604 0.173334434628487 0.184425756335258 0.193937137722969 0.193809524178505 0.191020414233208 0.166303634643555 0.156839594244957 0.18229678273201 0.172070398926735 0.151208981871605 0.144599258899689 0.145684584975243 0.14720855653286 0.146948605775833 0.148517891764641 0.153383031487465 0.156908243894577 0.163233757019043 0.17178612947464 0.165117383003235 0.168340072035789 0.170987322926521 0.17594863474369 0.177141532301903 0.173458129167557 0.16882960498333 0.167512491345406
0.188288778066635 0.179347202181816 0.173386499285698 0.173856630921364 0.171153157949448 0.177770122885704 0.186674028635025 0.209182694554329 0.233836889266968 0.236336499452591 0.232720777392387 0.209414437413216 0.207913473248482 0.203467816114426 0.189126536250114 0.176733270287514 0.173193588852882 0.171767890453339 0.169930085539818 0.178561508655548 0.192539125680923 0.200509160757065 0.201473191380501 0.194563180208206 0.183053582906723 0.170407250523567 0.190086275339127 0.192381948232651 0.161195322871208 0.147319987416267 0.146626248955727 0.148525431752205 0.14775362610817 0.150691837072372 0.15179044008255 0.15716826915741 0.164253771305084 0.166881754994392 0.161727130413055 0.164455682039261 0.167581170797348 0.17610390484333 0.172705993056297 0.165524825453758 0.16819629073143 0.162309914827347
