Ecospace-environmental-drivers/Outputs/ASCII-for-ecospace/Cfl/Cfl_X2017.04.asc
NCOLS 131 
NROWS 53 
XLLCORNER -98 
YLLCORNER 23.9265270233154 
CELLSIZE 0.133587792515755 
NODATA_value -3.4e+38 
[rows 20 to 39 of 53, columns 46 to 91 of 131]
0.156640514731407 0.158126011490822 0.152305111289024 0.144871756434441 0.157837823033333 0.270432651042938 0.301884740591049 0.219356968998909 0.186101391911507 0.179856404662132 0.181577399373055 0.194107949733734 0.16913241147995 0.152454569935799 0.126783967018127 0.111962474882603 0.105896651744843 0.107847914099693 0.113704055547714 0.112076051533222 0.108493603765965 0.110209181904793 0.111627750098705 0.113553911447525 0.118012219667435 0.120392829179764 0.118207208812237 0.114402033388615 0.113971620798111 0.11521365493536 0.117368243634701 0.118865251541138 0.123093836009502 0.129757329821587 0.136919215321541 0.135362654924393 0.134290874004364 0.13780489563942 0.137336015701294 0.136305660009384 0.138831734657288 0.139091059565544 0.134791269898415 0.135631635785103 0.130921170115471 0.132176399230957
0.161887228488922 0.159581765532494 0.148303344845772 0.14814305305481 0.142649307847023 0.137202024459839 0.14454385638237 0.142459645867348 0.129771932959557 0.12586122751236 0.125407665967941 0.121234729886055 0.124550543725491 0.118547677993774 0.114678330719471 0.110256917774677 0.110040292143822 0.111934274435043 0.113362416625023 0.111490853130817 0.111596465110779 0.108947843313217 0.11298306286335 0.111775197088718 0.112378887832165 0.120619483292103 0.115177169442177 0.109631322324276 0.109204813838005 0.109156139194965 0.112906917929649 0.109535001218319 0.116431400179863 0.12668277323246 0.125884711742401 0.122102700173855 0.126599922776222 0.136302083730698 0.141914322972298 0.145628854632378 0.141448587179184 0.136393800377846 0.127510577440262 0.125247210264206 0.12349534034729 0.122289478778839
0.157296046614647 0.143670752644539 0.135687321424484 0.135728821158409 0.125736698508263 0.113262884318829 0.1169313788414 0.123046964406967 0.114477083086967 0.112936966121197 0.111613176763058 0.116928555071354 0.118610747158527 0.116673268377781 0.112451069056988 0.110985934734344 0.11166524887085 0.110902108252048 0.114148318767548 0.10886400192976 0.108628451824188 0.112933494150639 0.113126523792744 0.108800768852234 0.112381294369698 0.115316152572632 0.110011301934719 0.104725070297718 0.107508778572083 0.107758864760399 0.109652973711491 0.109369546175003 0.105955876410007 0.108536899089813 0.115038722753525 0.121055893599987 0.122762925922871 0.126104459166527 0.140976086258888 0.144060105085373 0.133829191327095 0.130191221833229 0.123954258859158 0.121164418756962 0.119406782090664 0.117379628121853
0.144633814692497 0.132210835814476 0.142727002501488 0.131699860095978 0.115741729736328 0.106030963361263 0.113537281751633 0.111139245331287 0.110826559364796 0.109091743826866 0.106494762003422 0.117474026978016 0.117327369749546 0.113325327634811 0.113074824213982 0.110665552318096 0.108878947794437 0.109831713140011 0.113177165389061 0.109790347516537 0.108042076230049 0.10760448127985 0.111151993274689 0.108299002051353 0.111625783145428 0.110095307230949 0.102832190692425 0.104106172919273 0.104444123804569 0.105100177228451 0.103259235620499 0.105027444660664 0.10440818965435 0.10367738455534 0.106724843382835 0.116796836256981 0.12367857247591 0.125353470444679 0.138215109705925 0.14098796248436 0.135455593466759 0.132205381989479 0.122587502002716 0.120187856256962 0.122530154883862 0.120278395712376
0.151528656482697 0.140330150723457 0.128823935985565 0.116374708712101 0.11070317029953 0.108031623065472 0.110688596963882 0.111435227096081 0.112787008285522 0.112369306385517 0.111630104482174 0.118953548371792 0.116258159279823 0.113844506442547 0.113870024681091 0.113785311579704 0.109975218772888 0.108958348631859 0.109430424869061 0.108687743544579 0.108179092407227 0.105434454977512 0.108416087925434 0.11041547358036 0.112150803208351 0.107767127454281 0.106558211147785 0.107387766242027 0.10675722360611 0.108317188918591 0.106579698622227 0.103937841951847 0.104306079447269 0.101614631712437 0.103983841836452 0.10594966262579 0.111501529812813 0.121020063757896 0.133101806044579 0.133189111948013 0.135997295379639 0.134009048342705 0.130435392260551 0.126313716173172 0.12444756180048 0.119662210345268
0.148273766040802 0.123391538858414 0.116011120378971 0.108961783349514 0.107550442218781 0.108949862420559 0.117104351520538 0.116522781550884 0.114966847002506 0.11099024116993 0.116458795964718 0.119781315326691 0.114880964159966 0.11277087032795 0.115254163742065 0.115625485777855 0.114019453525543 0.113841772079468 0.112292364239693 0.108771145343781 0.104542776942253 0.103179149329662 0.104780644178391 0.110613361001015 0.10882543027401 0.105099335312843 0.108113795518875 0.107435874640942 0.108859442174435 0.107214204967022 0.104589134454727 0.101946599781513 0.101929426193237 0.104023642838001 0.101548574864864 0.100494064390659 0.102505937218666 0.111771829426289 0.127999976277351 0.131419345736504 0.132113605737686 0.132492527365685 0.129548311233521 0.125501438975334 0.122513815760612 0.119805119931698
0.128259107470512 0.113487459719181 0.112535320222378 0.113148808479309 0.11184898018837 0.11169409006834 0.113012880086899 0.115501336753368 0.112052962183952 0.117418088018894 0.114001035690308 0.110365405678749 0.111678369343281 0.110958375036716 0.11199189722538 0.115769155323505 0.117380738258362 0.118697561323643 0.113314479589462 0.111532054841518 0.105827361345291 0.102227985858917 0.100593768060207 0.103080771863461 0.105803862214088 0.105836473405361 0.107701651751995 0.109234645962715 0.108405284583569 0.10758326202631 0.107600003480911 0.0994349718093872 0.0976652204990387 0.10195679217577 0.0974192395806313 0.0967874526977539 0.0989927425980568 0.104481153190136 0.118634074926376 0.126084536314011 0.132574558258057 0.128643468022346 0.124784402549267 0.118268899619579 0.116031654179096 0.113807328045368
0.127882018685341 0.109646700322628 0.112804934382439 0.110662564635277 0.113166145980358 0.119617484509945 0.12098290771246 0.115063801407814 0.113209411501884 0.1139110699296 0.112568140029907 0.109795711934566 0.111611813306808 0.115403406322002 0.11124674975872 0.109953381121159 0.11345911771059 0.115226149559021 0.113374546170235 0.112758427858353 0.107961155474186 0.103550300002098 0.101273708045483 0.101282767951488 0.100912220776081 0.103324517607689 0.107571236789227 0.108834519982338 0.108364194631577 0.111002705991268 0.106086261570454 0.099689207971096 0.0995407551527023 0.100512526929379 0.0979176238179207 0.0972784161567688 0.0972561091184616 0.0996170192956924 0.109435476362705 0.117807529866695 0.116901434957981 0.1197454854846 0.117725320160389 0.115811251103878 0.114132843911648 0.112024486064911
0.135499686002731 0.104497119784355 0.102619029581547 0.110412858426571 0.115253679454327 0.126967892050743 0.122853837907314 0.128170266747475 0.12715557217598 0.137688755989075 0.116851389408112 0.110916368663311 0.110100366175175 0.115445137023926 0.109125509858131 0.109395861625671 0.107285216450691 0.106292881071568 0.109676703810692 0.108141593635082 0.104746803641319 0.10449106246233 0.103314459323883 0.102370448410511 0.10098597407341 0.101804323494434 0.110446035861969 0.113610602915287 0.112039022147655 0.109809927642345 0.104977443814278 0.100289151072502 0.099081926047802 0.0997948497533798 0.0985757932066917 0.0955068916082382 0.0985804498195648 0.101455830037594 0.105330236256123 0.110793881118298 0.110274747014046 0.113108724355698 0.108688734471798 0.107474975287914 0.11009693145752 0.111214347183704
0.14407978951931 0.114874772727489 0.105654202401638 0.106644757091999 0.122681424021721 0.126269578933716 0.123791009187698 0.120107628405094 0.111395835876465 0.13759733736515 0.12249805778265 0.113579645752907 0.101477026939392 0.103601962327957 0.103799760341644 0.107228524982929 0.110379375517368 0.108347684144974 0.102685369551182 0.102035090327263 0.10134544223547 0.100143171846867 0.0965049415826797 0.0972677022218704 0.100943028926849 0.103281229734421 0.10380856692791 0.108530275523663 0.107145078480244 0.107335045933723 0.105284579098225 0.103018440306187 0.0991504713892937 0.0978105217218399 0.0964994803071022 0.0982076972723007 0.103407971560955 0.102408565580845 0.100317142903805 0.105686046183109 0.110285267233849 0.107938401401043 0.105893492698669 0.106187574565411 0.108669571578503 0.110031113028526
0.129240229725838 0.116889491677284 0.107275359332561 0.107281371951103 0.117926254868507 0.120908193290234 0.121334791183472 0.120942912995815 0.127752706408501 0.134652152657509 0.118656888604164 0.107720948755741 0.0999510958790779 0.104994140565395 0.100676171481609 0.102658487856388 0.107825584709644 0.107433937489986 0.103921510279179 0.10620379447937 0.1072111800313 0.105629272758961 0.100528448820114 0.0977813005447388 0.0951307490468025 0.0969064459204674 0.101779282093048 0.103336118161678 0.10601719468832 0.10465694963932 0.103353269398212 0.102608524262905 0.0996233224868774 0.0971223711967468 0.0976446121931076 0.0998320952057838 0.0996216982603073 0.0995672419667244 0.0972895547747612 0.101650685071945 0.104689210653305 0.104836091399193 0.104652531445026 0.106932319700718 0.10652232915163 0.108476541936398
0.124189354479313 0.112655095756054 0.114181473851204 0.111097224056721 0.112246729433537 0.117776662111282 0.120600715279579 0.120578847825527 0.124154679477215 0.127465382218361 0.116143390536308 0.10762695223093 0.0997203588485718 0.104288868606091 0.0999464094638824 0.0995814427733421 0.102767527103424 0.102737665176392 0.102294407784939 0.103533759713173 0.106198638677597 0.107525728642941 0.105929046869278 0.102205619215965 0.0973844975233078 0.0992096066474915 0.103021867573261 0.103014469146729 0.102366596460342 0.101064600050449 0.100310452282429 0.0995661094784737 0.101123459637165 0.0990355238318443 0.0974220335483551 0.0971024185419083 0.0989934056997299 0.0994758680462837 0.0981314480304718 0.10149484872818 0.102706164121628 0.104318231344223 0.103966921567917 0.107174187898636 0.106392115354538 0.101656801998615
0.118583239614964 0.110191076993942 0.104093611240387 0.105266623198986 0.108035497367382 0.112058691680431 0.116856940090656 0.127794399857521 0.135869920253754 0.120465837419033 0.11365869641304 0.106406413018703 0.104980252683163 0.105657830834389 0.100111335515976 0.103933267295361 0.104264251887798 0.102391630411148 0.0989829301834106 0.0972030162811279 0.0985172241926193 0.102434299886227 0.101024344563484 0.100396752357483 0.0995800793170929 0.099531002342701 0.101750396192074 0.0988241657614708 0.0969226211309433 0.0973149538040161 0.0979223251342773 0.096604086458683 0.0965327546000481 0.0980326756834984 0.0962313935160637 0.0953609347343445 0.0975212156772614 0.0979659780859947 0.0973632112145424 0.0980260744690895 0.100188747048378 0.102789774537086 0.106667518615723 0.109978042542934 0.107474751770496 0.106220155954361
0.120886020362377 0.1108568161726 0.105468593537807 0.109880030155182 0.120158195495605 0.126207709312439 0.14418263733387 0.149237662553787 0.120651826262474 0.108183115720749 0.102917574346066 0.105051539838314 0.0995184481143951 0.0997291505336761 0.100369147956371 0.107060797512531 0.104338496923447 0.101931378245354 0.0978696942329407 0.0921382158994675 0.0926502272486687 0.0970965921878815 0.0924001336097717 0.0972375944256783 0.0956974849104881 0.0950055718421936 0.0936927124857903 0.0951182246208191 0.0940712839365005 0.0952227711677551 0.0956443250179291 0.0947566479444504 0.0937081202864647 0.0939019843935966 0.0939525216817856 0.0934435725212097 0.093936949968338 0.0956784561276436 0.0972323790192604 0.0976337641477585 0.101438954472542 0.106524437665939 0.107790581882 0.111211493611336 0.1138636469841 0.111040756106377
0.163107246160507 0.142735317349434 0.133609846234322 0.141503974795341 0.152618601918221 0.154490604996681 0.152995973825455 0.127477288246155 0.112752288579941 0.118520207703114 0.112853154540062 0.10369797796011 0.0987413600087166 0.0997564122080803 0.0981639251112938 0.100811637938023 0.102228589355946 0.0962327346205711 0.0891028046607971 0.0890435576438904 0.0905118510127068 0.090705007314682 0.0937022417783737 0.0964201837778091 0.0941090285778046 0.0952959880232811 0.0940874665975571 0.0937148928642273 0.0931076258420944 0.0932610481977463 0.091612346470356 0.0907836854457855 0.0910010412335396 0.0938422903418541 0.0928484871983528 0.0928341224789619 0.0938269942998886 0.0954933986067772 0.0985935032367706 0.101338922977448 0.106457494199276 0.113176539540291 0.116352513432503 0.117771647870541 0.117397159337997 0.11373296380043
0.229555353522301 0.182991102337837 0.147916123270988 0.148172661662102 0.147165402770042 0.148352295160294 0.129277572035789 0.125461712479591 0.126206055283546 0.123252734541893 0.122066900134087 0.105326883494854 0.101829461753368 0.099797748029232 0.0965432077646255 0.0932013019919395 0.0934315249323845 0.0909028872847557 0.086239330470562 0.0860350802540779 0.0876549854874611 0.0895115658640862 0.0926632210612297 0.0932979360222816 0.0955462753772736 0.0918119624257088 0.0869881212711334 0.0870281457901001 0.0855239108204842 0.0883781835436821 0.0914947763085365 0.0888137370347977 0.0897140651941299 0.0913074910640717 0.0913089588284492 0.0938192903995514 0.0971269682049751 0.0995764806866646 0.104913040995598 0.109181262552738 0.117488324642181 0.121330849826336 0.119375087320805 0.111940383911133 0.111572504043579 0.113568566739559
0.225679218769073 0.222616642713547 0.181190714240074 0.136727914214134 0.136867120862007 0.128624364733696 0.124483734369278 0.128646701574326 0.12850247323513 0.122223131358624 0.122642002999783 0.100270554423332 0.102933473885059 0.0996474996209145 0.0923788100481033 0.0876959636807442 0.0887079462409019 0.0869579091668129 0.0859339833259583 0.0866231769323349 0.0861938968300819 0.0909496173262596 0.0911151990294456 0.0900482758879662 0.0918701738119125 0.0872475802898407 0.0838039964437485 0.0822262391448021 0.0821284875273705 0.0850861892104149 0.0880888253450394 0.0864079147577286 0.0916135013103485 0.092955581843853 0.0961016789078712 0.102133318781853 0.102453961968422 0.10270432382822 0.107804179191589 0.113100126385689 0.116905823349953 0.115572184324265 0.107634469866753 0.101434364914894 0.106527827680111 0.114328809082508
0.195171296596527 0.208764135837555 0.188596323132515 0.154735893011093 0.141133740544319 0.124343477189541 0.13286218047142 0.131828263401985 0.13210965692997 0.123735718429089 0.118236176669598 0.103319734334946 0.0960855484008789 0.0838320702314377 0.0844628661870956 0.0850483030080795 0.0861145853996277 0.0864468291401863 0.0839217752218246 0.0854675695300102 0.0865119770169258 0.0878758132457733 0.0875983312726021 0.0898285359144211 0.0873527377843857 0.0839648246765137 0.0832813456654549 0.0832337513566017 0.0833778381347656 0.0855631455779076 0.0857311189174652 0.0878284052014351 0.0921679884195328 0.0957534685730934 0.0975554808974266 0.102567292749882 0.107448451220989 0.109185516834259 0.112121649086475 0.113864451646805 0.114023633301258 0.113454133272171 0.112569108605385 0.103625006973743 0.104737386107445 0.109894208610058
0.173560991883278 0.178864359855652 0.204355597496033 0.213314935564995 0.156244069337845 0.137488856911659 0.141153290867805 0.141727969050407 0.129088461399078 0.122182123363018 0.115603029727936 0.099830374121666 0.0885620713233948 0.0813983157277107 0.0847843661904335 0.0865214467048645 0.0862623527646065 0.0843133181333542 0.0844667181372643 0.0838451161980629 0.084748238325119 0.0865277275443077 0.090256854891777 0.0860175862908363 0.0845063477754593 0.0849957540631294 0.0830745100975037 0.0843411833047867 0.0835532397031784 0.0864238068461418 0.0896720141172409 0.0917227566242218 0.0934824869036674 0.0985345840454102 0.0996849164366722 0.106073655188084 0.108668461441994 0.108818113803864 0.109710477292538 0.111672602593899 0.113095581531525 0.115519627928734 0.117260217666626 0.113834418356419 0.10879635065794 0.106741845607758
0.197871312499046 0.183147251605988 0.19958758354187 0.214855924248695 0.174476847052574 0.158976316452026 0.150953143835068 0.147214621305466 0.137496426701546 0.130266323685646 0.110179908573627 0.0982642322778702 0.0891941040754318 0.0832597613334656 0.0849607437849045 0.0863392427563667 0.0854754000902176 0.0823940336704254 0.0841178596019745 0.0829718932509422 0.0821942314505577 0.0845671221613884 0.090970054268837 0.0912090986967087 0.0885275155305862 0.084337018430233 0.0838476940989494 0.0836767554283142 0.086673766374588 0.089207299053669 0.0902905091643333 0.0917663797736168 0.0963301137089729 0.104103229939938 0.11312073469162 0.113156974315643 0.108209080994129 0.108504250645638 0.113572992384434 0.11552969366312 0.114540323615074 0.116481259465218 0.118144452571869 0.119536906480789 0.118965499103069 0.113321542739868
