Ecospace-environmental-drivers/Outputs/ASCII-for-ecospace/Cfl/Cfl_X2005.10.asc
NCOLS 131 
NROWS 53 
XLLCORNER -98 
YLLCORNER 23.9265270233154 
CELLSIZE 0.133587792515755 
NODATA_value -3.4e+38 
[rows 20 to 39 of 53, columns 45 to 89 of 131]
0.0522475428879261 0.0558215230703354 0.0551052466034889 0.0560384318232536 0.0511172041296959 0.0563342310488224 0.055226843804121 0.0705651715397835 0.107713505625725 0.151475444436073 0.147147372364998 0.133001551032066 0.0773294866085052 0.0448964647948742 0.0450941473245621 0.0408546850085258 0.0430605821311474 0.0403063036501408 0.0678316950798035 0.0694005191326141 0.0567085072398186 0.0366855300962925 0.0369305647909641 0.0335636213421822 0.0352528318762779 0.0368819124996662 0.0299405362457037 0.0289845820516348 0.0278129298239946 0.0265670940279961 0.0305075906217098 0.0258837956935167 0.024889724329114 0.0257193483412266 0.026067553088069 0.0291738528758287 0.0323294214904308 0.0346646085381508 0.0345303229987621 0.0224539339542389 0.0217096097767353 0.027235696092248 0.0241430681198835 0.021591117605567 0.0212325938045979
0.0389730632305145 0.053200576454401 0.0401535145938396 0.0377826429903507 0.0415773391723633 0.0418532639741898 0.0354178883135319 0.0518407337367535 0.0496962331235409 0.0612946897745132 0.0686242207884789 0.0419381484389305 0.0386554785072803 0.0476488433778286 0.0448753945529461 0.0515398904681206 0.0508607961237431 0.0283819120377302 0.0357199981808662 0.0447877086699009 0.0534738339483738 0.0426655970513821 0.0403584092855453 0.0406755395233631 0.0471135377883911 0.048832543194294 0.0349689498543739 0.0380195267498493 0.0334618389606476 0.0253619067370892 0.0318100526928902 0.0266008172184229 0.0288557633757591 0.0236410442739725 0.0196342822164297 0.0232664365321398 0.0284211225807667 0.0332521982491016 0.0312758237123489 0.0296868309378624 0.0243930388242006 0.0278661288321018 0.0207341145724058 0.0221190731972456 0.0200272276997566
0.0342001505196095 0.0354995727539062 0.0345788039267063 0.0365587472915649 0.0362341441214085 0.0383553579449654 0.0397056043148041 0.0392595492303371 0.0440376438200474 0.0418470725417137 0.0365924835205078 0.0369363352656364 0.0401739031076431 0.0474447049200535 0.0462333783507347 0.0556281842291355 0.0514781177043915 0.0411984696984291 0.0325461067259312 0.0239292122423649 0.0270334742963314 0.0317475609481335 0.0334750302135944 0.0365615375339985 0.0449328050017357 0.0353338830173016 0.0243639647960663 0.0305698104202747 0.0401212833821774 0.0249738041311502 0.0265591274946928 0.0340971723198891 0.0245254524052143 0.0206514410674572 0.0170745942741632 0.0223268419504166 0.030562998726964 0.0277153644710779 0.0265829581767321 0.0245678927749395 0.0206969454884529 0.0166738368570805 0.0201347321271896 0.0194795895367861 0.0211650058627129
0.0343449674546719 0.0302573833614588 0.0327887088060379 0.0368638224899769 0.0325701422989368 0.0391056276857853 0.0394928082823753 0.0428484566509724 0.0456077121198177 0.0310105811804533 0.0402758121490479 0.047546461224556 0.0481831431388855 0.0474534705281258 0.048209622502327 0.0539310947060585 0.0488079003989697 0.0342354662716389 0.0365674681961536 0.0209053084254265 0.0172084253281355 0.0161560457199812 0.0308124553412199 0.0373124703764915 0.0271264389157295 0.0162495598196983 0.0215616524219513 0.0301862750202417 0.0274966526776552 0.02787771448493 0.0374756045639515 0.0288304332643747 0.0283005833625793 0.0255592837929726 0.0229775942862034 0.0294580310583115 0.0218464750796556 0.0242501590400934 0.0275342911481857 0.0205099191516638 0.019129928201437 0.0173414591699839 0.0198429003357887 0.0198282524943352 0.020134000107646
0.0303575228899717 0.027732890099287 0.0331405326724052 0.0353449694812298 0.0382411740720272 0.034271627664566 0.0341095551848412 0.0435576811432838 0.038330253213644 0.0421260520815849 0.0449867732822895 0.047917690128088 0.0391986183822155 0.0337341725826263 0.0368311740458012 0.0371976532042027 0.0473327711224556 0.0509463474154472 0.035575345158577 0.0316934958100319 0.0189571250230074 0.0105884671211243 0.0232654418796301 0.0313544757664204 0.0268367417156696 0.0221734810620546 0.0212005004286766 0.0248784068971872 0.0299542434513569 0.0308100357651711 0.0380072332918644 0.0263098049908876 0.0222313422709703 0.0199890397489071 0.0180310495197773 0.0279817804694176 0.0225111991167068 0.0215395092964172 0.021171698346734 0.0201813615858555 0.0188384633511305 0.017748037353158 0.0175887290388346 0.0170807261019945 0.017683943733573
0.026869049295783 0.0297763869166374 0.0358129628002644 0.0318019837141037 0.0450427383184433 0.0435303673148155 0.0422781594097614 0.0389718003571033 0.0432635061442852 0.041258443146944 0.0455242432653904 0.0374265238642693 0.0314489938318729 0.032649789005518 0.0338721200823784 0.0343353003263474 0.0310145225375891 0.0302750468254089 0.0228804517537355 0.042784046381712 0.0353436768054962 0.0128967491909862 0.0106422165408731 0.0143141159787774 0.0297908503562212 0.0183803457766771 0.016336353495717 0.0207551922649145 0.0264264978468418 0.0390394330024719 0.0425129681825638 0.0254927109926939 0.0224300045520067 0.0225714109838009 0.019494216889143 0.0190772693604231 0.0273192878812551 0.0235333982855082 0.0191982984542847 0.0208507385104895 0.0216470472514629 0.0197815969586372 0.0202811788767576 0.0202444605529308 0.0190581735223532
0.0200496297329664 0.0199781414121389 0.0268902145326138 0.0337398573756218 0.0405403971672058 0.0419759452342987 0.0456661134958267 0.0363814793527126 0.0367573015391827 0.0348417386412621 0.0340674743056297 0.0324138998985291 0.0349910035729408 0.038240447640419 0.0342118069529533 0.0541946813464165 0.0359004959464073 0.0180375408381224 0.0103083094581962 0.0168389119207859 0.00907611381262541 0.0130673181265593 0.024088678881526 0.0160338301211596 0.0103954989463091 0.0114138452336192 0.00997092202305794 0.0143821043893695 0.0197395440191031 0.0283753406256437 0.0294303130358458 0.0301525387912989 0.0267961882054806 0.0314460135996342 0.0213817153126001 0.0193913504481316 0.023843290284276 0.0262301992624998 0.0237545669078827 0.024941423907876 0.0196824800223112 0.020994333550334 0.020383620634675 0.0192757397890091 0.0166700389236212
0.0307971611618996 0.0209071561694145 0.0277047511190176 0.0365799404680729 0.0449802428483963 0.045729074627161 0.0433449447154999 0.0337537601590157 0.0328086502850056 0.0346183478832245 0.0343307740986347 0.0292620602995157 0.029259679839015 0.0366063117980957 0.0403427295386791 0.0372522473335266 0.0243471059948206 0.0206604320555925 0.0134878791868687 0.0137953404337168 0.0145160024985671 0.0151850525289774 0.0250931736081839 0.0243210401386023 0.022212078794837 0.0199813228100538 0.0104770706966519 0.0152062745764852 0.0171893052756786 0.0276818908751011 0.0296629704535007 0.028424458578229 0.0284933131188154 0.0309580191969872 0.0238010920584202 0.0182245392352343 0.0175681840628386 0.0202165059745312 0.0205157175660133 0.0166983306407928 0.0206609964370728 0.0236895605921745 0.0198135636746883 0.0177032332867384 0.0135897975414991
0.0194302424788475 0.0208836533129215 0.0244855415076017 0.0380434952676296 0.0397045165300369 0.0456731729209423 0.0439320020377636 0.0407408699393272 0.04259242862463 0.0502303130924702 0.0330749787390232 0.0274433027952909 0.0284015890210867 0.0231868978589773 0.026107382029295 0.0216357745230198 0.0183046460151672 0.0168929379433393 0.0113715128973126 0.0320550352334976 0.0172822047024965 0.0257436446845531 0.0508090145885944 0.0350190661847591 0.028120830655098 -3.4e+38 0.0231130011379719 0.0125600500032306 0.021369656547904 0.0255593862384558 0.0287321768701077 0.0297269579023123 0.0287833474576473 0.0258618500083685 0.0279583875089884 0.0146846352145076 0.015746021643281 0.0252875462174416 0.020246334373951 0.0166258253157139 0.0255245212465525 0.0205281358212233 0.0184466745704412 0.0186056010425091 0.0166443418711424
0.0280292946845293 0.0302239675074816 0.0264268480241299 0.0401052683591843 0.0465232878923416 0.0460022427141666 0.0454442501068115 0.0499970056116581 0.0431729033589363 0.039743784815073 0.0303541049361229 0.0214608199894428 0.0317072048783302 0.0343933366239071 0.0317537970840931 0.0210512690246105 0.0186305157840252 0.0147226126864552 0.020212572067976 0.0143971517682076 0.0092729227617383 -3.4e+38 0.0781958028674126 0.0378318876028061 0.0710060894489288 0.0437418296933174 0.0221354849636555 0.0152331599965692 0.0213943347334862 0.0248305089771748 0.029766084626317 0.0306503232568502 0.030669167637825 0.0278720408678055 0.0220308545976877 0.0177849493920803 0.0196715127676725 0.0217381417751312 0.0204781778156757 0.0210347343236208 0.0216639172285795 0.0219502598047256 0.0237481817603111 0.0164985358715057 0.0268333051353693
0.0219270065426826 0.0228655803948641 0.0280206725001335 0.0292257647961378 0.0333107002079487 0.0421070829033852 0.0477306619286537 0.0418176501989365 0.032491959631443 0.0225592479109764 0.0305458549410105 0.0304341278970242 0.0245621651411057 0.0324270762503147 0.0291035827249289 0.0221334118396044 0.016636224463582 0.0137927597388625 0.0143131799995899 0.00794865004718304 0.0203179381787777 0.0303574576973915 0.0313262902200222 0.0364856384694576 0.0237996410578489 0.025763401761651 0.0162505824118853 0.0168103389441967 0.0245711430907249 0.0233015418052673 0.0300563275814056 0.0327963009476662 0.0319469012320042 0.0293411854654551 0.0240706857293844 0.0294699799269438 0.0192672926932573 0.0157789718359709 0.0165597647428513 0.0241873543709517 0.0123978359624743 0.0370742417871952 0.0206819493323565 0.00803942978382111 0.0186085179448128
0.0344744399189949 0.0237350389361382 0.0341566763818264 0.0336641296744347 0.0317367874085903 0.0467580817639828 0.0532867908477783 0.0370807647705078 0.0321134738624096 0.0397679544985294 0.0383339039981365 0.032676350325346 0.0290869157761335 0.0298788286745548 0.0255602039396763 0.0229382198303938 0.0170426685363054 0.00770789803937078 0.00165636173915118 0.020779075101018 0.0345530733466148 0.0319185927510262 0.03640116751194 0.0300416797399521 0.0195184368640184 0.0262601915746927 0.0121987070888281 0.0182610098272562 0.0180700719356537 0.0295949466526508 0.0305842868983746 0.0342113561928272 0.0326755791902542 0.0318802334368229 0.0273125357925892 0.0304761193692684 0.0258892215788364 0.0152422301471233 0.0159579217433929 0.0181119032204151 0.0181313380599022 0.0370878130197525 0.0637579634785652 0.0071570985019207 0.0177332665771246
0.0237896535545588 0.031267773360014 0.0178693607449532 0.0427786968648434 0.0426654070615768 0.0361635126173496 0.0329588763415813 0.0341116338968277 0.0397477932274342 0.0371762625873089 0.0320283658802509 0.0257961452007294 0.0279933493584394 0.0182059407234192 0.0192644447088242 0.0259145013988018 0.0256411265581846 0.0210620388388634 -3.4e+38 -3.4e+38 -3.4e+38 0.0245620161294937 0.0315238013863564 0.0479604564607143 0.0388658419251442 0.0356140173971653 0.0168228000402451 0.0248125530779362 0.0149928359314799 0.0212558936327696 0.0313896499574184 0.0354158245027065 0.0327308475971222 0.0256594680249691 0.0275810696184635 0.019162755459547 0.0180196166038513 0.0232997667044401 0.0138089191168547 0.0171909909695387 0.0273831952363253 0.0320135504007339 0.0344960130751133 0.0475726686418056 0.0297605451196432
0.0202376451343298 0.0278565064072609 0.0380095839500427 0.0317623913288116 0.0283939726650715 0.034609779715538 0.046533614397049 0.034443587064743 0.0517128221690655 0.0329541936516762 0.0297008249908686 0.0309108756482601 0.0296831745654345 0.0220580250024796 0.0211512334644794 0.0215068254619837 0.0217286441475153 0.020114604383707 -3.4e+38 -3.4e+38 0.0222830604761839 0.0287112835794687 0.0195860918611288 0.0796369761228561 0.0388349667191505 0.0296058412641287 0.0186673775315285 0.0216108541935682 0.0248944591730833 0.0157831944525242 0.0283118411898613 0.0334739163517952 0.0324077196419239 0.0262908358126879 0.0260090697556734 0.024545194581151 0.0196710545569658 0.0247994642704725 0.0208047796040773 0.0203615073114634 0.0219998136162758 0.0262784864753485 0.040250800549984 0.0292375311255455 0.0227989852428436
0.0158130954951048 0.0241905599832535 0.0251350197941065 0.0336611233651638 0.0451595224440098 0.061909057199955 0.0591824539005756 0.049354862421751 0.0467540621757507 0.0382659547030926 0.0346898585557938 0.0354923643171787 0.0264142155647278 0.0248788725584745 0.0207231659442186 0.0300485286861658 0.0281844288110733 0.0297793839126825 0.0404582098126411 0.029762027785182 0.0780298709869385 0.0336064621806145 0.0505747720599174 0.0540915504097939 0.0182196367532015 0.0167190339416265 0.011924403719604 0.0157857500016689 0.0217984933406115 0.0228049475699663 0.021522669121623 0.0333453938364983 0.0324124656617641 0.0286390967667103 0.0274070631712675 0.026006730273366 0.0265924390405416 0.0211989264935255 0.0205463208258152 0.0173240732401609 0.0305142775177956 0.0265136770904064 0.0531236082315445 0.0331377312541008 0.0164723917841911
0.0257978700101376 0.0409854464232922 0.0272266175597906 0.0341332852840424 0.0657327175140381 0.0551094859838486 0.0659477710723877 0.0541484728455544 0.0431586019694805 0.0397348739206791 0.033360131084919 0.0273610223084688 0.0340600349009037 0.0273726005107164 0.0260365325957537 0.0237401146441698 0.0340771861374378 0.0304642990231514 0.0363402999937534 0.0466613210737705 0.0333582535386086 0.0378663577139378 0.0511560812592506 0.0239557567983866 0.00798611436039209 0.0105620669201016 0.0160425715148449 0.0180655941367149 0.0238964073359966 0.0330351777374744 0.0365482717752457 0.0336604118347168 0.0296049397438765 0.0254699904471636 0.0272800829261541 0.0264389123767614 0.023840518668294 0.023403737694025 0.0261512510478497 0.0204392932355404 0.0235049948096275 0.0231916606426239 0.015203669667244 0.0400402769446373 0.0351785570383072
0.0229956228286028 0.0326672345399857 0.0371096804738045 0.032465748488903 0.0372271798551083 0.0484045408666134 0.076476663351059 0.0630387663841248 0.0305399261415005 0.0309840962290764 0.028550298884511 0.031727060675621 0.0270796250551939 0.0280490145087242 0.0278256237506866 0.0241616349667311 0.0297812595963478 0.0298245903104544 0.0720541179180145 0.036629993468523 0.014923332259059 0.0336279980838299 0.028555853292346 0.0123573029413819 0.00761786289513111 0.0124215874820948 0.0213311389088631 0.0197743680328131 0.021035335958004 0.0219090655446053 0.0204423051327467 0.0344547033309937 0.0273590683937073 0.0268567092716694 0.0340002998709679 0.0264558177441359 0.0228937901556492 0.0295951943844557 0.0284675192087889 0.024794552475214 0.0240775607526302 0.0215665977448225 0.0624946765601635 0.0327446050941944 0.0370443947613239
0.0277820657938719 0.0431991964578629 0.041623555123806 0.0771660581231117 0.0602547042071819 0.0415103361010551 0.0556431375443935 0.0486198887228966 0.0348194055259228 0.032374769449234 0.0375145226716995 0.0577927678823471 0.0495247393846512 0.030493563041091 0.0265229623764753 0.0246074814349413 0.0243102852255106 0.0545316711068153 0.0474982522428036 0.0218891687691212 0.0169220771640539 0.0151133323088288 0.0211761221289635 0.0111612044274807 0.0138181522488594 0.014770595356822 0.0242625586688519 0.0228226911276579 0.019459392875433 0.0141729321330786 0.029651029035449 0.0175866167992353 0.0243222843855619 0.0151112247258425 0.0260799415409565 0.0267944112420082 0.0282437615096569 0.0199946966022253 0.0252366401255131 0.0301155615597963 0.0365598425269127 0.0643538609147072 0.0579341500997543 0.0320884995162487 0.0299470815807581
0.0329151898622513 0.0346261747181416 0.0516235306859016 0.055073581635952 0.0361906327307224 0.0311320442706347 0.0527909211814404 0.0489225760102272 0.0334832482039928 0.0245319306850433 0.0364569835364819 0.0340462550520897 0.0500471293926239 0.0378690175712109 0.0314403772354126 0.0287105496972799 0.0254416652023792 0.0477839708328247 0.0346396155655384 0.0294781476259232 0.0192174706608057 0.0160098243504763 0.0162142794579268 0.0167612172663212 0.0147702116519213 0.0252449717372656 0.0283192899078131 0.0300206542015076 0.0175980906933546 0.0277136787772179 0.0181980077177286 0.0303855314850807 0.0301824957132339 0.0290722455829382 0.0253927800804377 0.0305701047182083 0.0219252370297909 0.021465852856636 0.0296840518712997 0.031626895070076 0.0369111374020576 0.0350085347890854 0.0307024009525776 0.0314323753118515 0.0337948650121689
0.0290404390543699 0.0354636423289776 0.0445855930447578 0.0366833321750164 0.0379706211388111 0.0379133000969887 0.0393301695585251 0.0425271652638912 0.0345935299992561 0.0244722440838814 0.0303812026977539 0.03854675963521 0.0277471318840981 0.0269283968955278 0.0368818938732147 0.0322675444185734 0.0297022387385368 0.0372098125517368 0.0361259542405605 0.0298045072704554 0.0188591685146093 0.0169064924120903 0.021032003685832 0.0413785502314568 0.039376650005579 0.0335832647979259 0.0249293725937605 0.0287485476583242 0.0302652548998594 0.0198781713843346 0.016342481598258 0.0182904209941626 0.0205624811351299 0.0370350331068039 0.0323719009757042 0.0440815612673759 0.0404096618294716 0.0450277253985405 0.0344190485775471 0.037503644824028 0.0365029238164425 0.0273228753358126 0.0266331490129232 0.0265974253416061 0.0400760844349861
