Ecospace-environmental-drivers/Outputs/ASCII-for-ecospace/Cfl/Cfl_X2009.04.asc
NCOLS 131 
NROWS 53 
XLLCORNER -98 
YLLCORNER 23.9265270233154 
CELLSIZE 0.133587792515755 
NODATA_value -3.4e+38 
[rows 20 to 39 of 53, columns 46 to 91 of 131]
0.281360000371933 0.318889498710632 0.468456357717514 0.509374856948853 0.49307382106781 0.598796784877777 1.05407238006592 1.19384014606476 1.31673669815063 1.40223515033722 1.04346024990082 1.81622684001923 2.2529079914093 2.52158856391907 2.84766793251038 6.20463466644287 4.50533962249756 0.981605887413025 0.295940905809402 0.165938019752502 0.145266875624657 0.153997555375099 0.182713106274605 0.24385279417038 0.215905070304871 0.162818595767021 0.162799954414368 0.202239468693733 0.283655792474747 0.304307609796524 0.276973277330399 0.217196047306061 0.230412125587463 0.317574739456177 0.477265119552612 0.531568944454193 0.401282340288162 0.298485934734344 0.251193195581436 0.195382967591286 0.162840038537979 0.146801188588142 0.14306603372097 0.138938769698143 0.141113251447678 0.142255440354347
0.200437977910042 0.222833022475243 0.231909364461899 0.222956717014313 0.24538542330265 0.291969388723373 0.547601640224457 0.531968355178833 0.50119686126709 0.391196489334106 0.290140509605408 0.833200931549072 1.37683379650116 1.87950932979584 2.13344740867615 2.44063830375671 2.98762965202332 0.266288429498672 0.173849120736122 0.160188212990761 0.138407364487648 0.136192575097084 0.172594502568245 0.227324470877647 0.210431009531021 0.162663996219635 0.162718236446381 0.162952303886414 0.221784025430679 0.32333055138588 0.346464037895203 0.310669511556625 0.324530154466629 0.40278759598732 0.479198455810547 0.44250699877739 0.407903343439102 0.335338741540909 0.267686605453491 0.216506958007812 0.169164299964905 0.146355628967285 0.144247367978096 0.139311760663986 0.14272828400135 0.140218943357468
0.165845274925232 0.162198603153229 0.173828437924385 0.175283432006836 0.17822889983654 0.184683427214622 0.231104731559753 0.235981062054634 0.18986077606678 0.161131888628006 0.156584054231644 0.370743274688721 0.698384702205658 0.902554869651794 0.991163611412048 0.675026595592499 1.03586077690125 0.213943034410477 0.159128785133362 0.150809898972511 0.13961823284626 0.147673740983009 0.188123941421509 0.20200614631176 0.190170988440514 0.158906325697899 0.156218335032463 0.177986681461334 0.171113327145576 0.217296466231346 0.316093742847443 0.338665306568146 0.390388429164886 0.445034950971603 0.429361373186111 0.366117537021637 0.371119648218155 0.3534235060215 0.294601172208786 0.257169842720032 0.20452506840229 0.146349862217903 0.142665222287178 0.143992826342583 0.140877038240433 0.135072097182274
0.146286204457283 0.154386445879936 0.156710982322693 0.15847972035408 0.168200045824051 0.171500712633133 0.161541372537613 0.151984170079231 0.145258277654648 0.144777521491051 0.141628354787827 0.149500325322151 0.358250379562378 0.51053386926651 0.507634282112122 0.436645686626434 0.272487372159958 0.170925110578537 0.151726335287094 0.152005448937416 0.149293288588524 0.161396637558937 0.189927965402603 0.186272099614143 0.155353352427483 0.139820769429207 0.139433443546295 0.134035632014275 0.132154583930969 0.142958983778954 0.173842713236809 0.276761293411255 0.297980576753616 0.249723106622696 0.232360899448395 0.207848399877548 0.185246810317039 0.182729929685593 0.258667260408401 0.249781906604767 0.214524120092392 0.145054787397385 0.149036839604378 0.141151741147041 0.14379158616066 0.139600992202759
0.138685002923012 0.142245396971703 0.146527245640755 0.150974959135056 0.152454867959023 0.15253709256649 0.149609193205833 0.141516819596291 0.139134928584099 0.136107951402664 0.136462301015854 0.137154072523117 0.193782597780228 0.324135303497314 0.388875395059586 0.421711593866348 0.232466086745262 0.142445459961891 0.144912391901016 0.158835664391518 0.167085736989975 0.160799577832222 0.16181206703186 0.147920683026314 0.149519801139832 0.138297811150551 0.134100571274757 0.131327912211418 0.132199436426163 0.135651484131813 0.133428275585175 0.133128240704536 0.132048293948174 0.130829572677612 0.131052598357201 0.135508477687836 0.143784508109093 0.155179113149643 0.189848080277443 0.248726934194565 0.185197785496712 0.136477202177048 0.14553539454937 0.143321439623833 0.141219988465309 0.142352819442749
0.137189924716949 0.138937309384346 0.140419840812683 0.144250065088272 0.142844989895821 0.141240358352661 0.14213664829731 0.133510813117027 0.12937043607235 0.128799974918365 0.131397560238838 0.13875325024128 0.177686914801598 0.23074471950531 0.320941030979156 0.411026686429977 0.236206501722336 0.155865207314491 0.13921183347702 0.148552715778351 0.146273776888847 0.14862833917141 0.151805996894836 0.144806385040283 0.136658430099487 0.134141117334366 0.128568977117538 0.125987648963928 0.126846835017204 0.125783234834671 0.127633512020111 0.132132232189178 0.132180154323578 0.134653955698013 0.138201013207436 0.144767299294472 0.152800679206848 0.18348553776741 0.23407743871212 0.200393855571747 0.144450321793556 0.134589657187462 0.140564307570457 0.139085933566093 0.139415770769119 0.141719788312912
0.13493038713932 0.137594625353813 0.133764028549194 0.137321472167969 0.133108884096146 0.13154548406601 0.134504720568657 0.12852931022644 0.125991448760033 0.124194793403149 0.126136243343353 0.132253363728523 0.152590900659561 0.165921047329903 0.231065198779106 0.279731661081314 0.250237345695496 0.203881293535233 0.152624055743217 0.145138263702393 0.148257091641426 0.152330324053764 0.148004695773125 0.146021798253059 0.140993282198906 0.134237468242645 0.132845193147659 0.124868981540203 0.122200638055801 0.12770339846611 0.129639729857445 0.125994458794594 0.135502174496651 0.12785330414772 0.134599536657333 0.138421073555946 0.149135738611221 0.173937991261482 0.169014558196068 0.143945202231407 0.133453249931335 0.139246642589569 0.141568064689636 0.139494270086288 0.140209317207336 0.139902234077454
0.140179127454758 0.141112148761749 0.134069234132767 0.131750702857971 0.130609661340714 0.132750377058983 0.13062809407711 0.130405813455582 0.128033131361008 0.128245130181313 0.126708209514618 0.128228753805161 0.142196342349052 0.148568600416183 0.161273494362831 0.191028013825417 0.232330575585365 0.230840921401978 0.195306301116943 0.151047885417938 0.1402837485075 0.146028310060501 0.14570839703083 0.142043307423592 0.138776078820229 0.13489556312561 0.13192144036293 0.128889456391335 0.130872920155525 0.132745668292046 0.130260765552521 0.131238967180252 0.133342415094376 0.127305775880814 0.124266818165779 0.125327557325363 0.125180512666702 0.132375225424767 0.130828529596329 0.130094423890114 0.132102206349373 0.135892942547798 0.138514772057533 0.141483440995216 0.13909050822258 0.1421929448843
0.137002348899841 0.134377509355545 0.124269165098667 0.125555112957954 0.130857810378075 0.13219627737999 0.12975013256073 0.128368064761162 0.12800107896328 0.12944296002388 0.121995128691196 0.127235665917397 0.138503894209862 0.144156560301781 0.146664783358574 0.144631683826447 0.158287614583969 0.192066997289658 0.194715589284897 0.190877258777618 0.158816441893578 0.147596925497055 0.14894999563694 0.141715526580811 0.13726307451725 0.134929209947586 0.133790642023087 0.136818200349808 0.140250027179718 0.137889608740807 0.136416018009186 0.135264247655869 0.13481479883194 0.140953034162521 0.131903439760208 0.124203443527222 0.124874636530876 0.129420846700668 0.134221941232681 0.131099805235863 0.132381677627563 0.129194617271423 0.129726245999336 0.137436747550964 0.13388779759407 0.147432550787926
0.124154843389988 0.121563106775284 0.115336239337921 0.115858867764473 0.119137093424797 0.117173574864864 0.122497245669365 0.121380433440208 0.125803485512733 0.12881600856781 0.126387938857079 0.12180794775486 0.122995294630527 0.127261251211166 0.136252924799919 0.124406464397907 0.131503507494926 0.141950324177742 0.143879666924477 0.153624057769775 0.167600214481354 0.157717019319534 0.148063451051712 0.147883966565132 0.140045210719109 0.137384593486786 0.138345584273338 0.142005771398544 0.144338145852089 0.144481912255287 0.14178130030632 0.143259033560753 0.140706971287727 0.136957108974457 0.137373208999634 0.132888436317444 0.132889822125435 0.130064874887466 0.126638278365135 0.124302752315998 0.129682764410973 0.127361699938774 0.128413245081902 0.13119712471962 0.137351378798485 0.135662212967873
0.116024054586887 0.118362329900265 0.116970613598824 0.111277796328068 0.113201700150967 0.116030484437943 0.114971607923508 0.11981874704361 0.124873593449593 0.12547978758812 0.125237464904785 0.124793775379658 0.12705984711647 0.119442835450172 0.125790357589722 0.122910685837269 0.129993200302124 0.134696707129478 0.136348813772202 0.130201652646065 0.136038914322853 0.159033536911011 0.150188282132149 0.140855893492699 0.142040684819221 0.139949694275856 0.145728021860123 0.148681610822678 0.148784160614014 0.14928787946701 0.150485396385193 0.145111411809921 0.147953897714615 0.141406401991844 0.143644750118256 0.143356293439865 0.138036280870438 0.133981347084045 0.134793609380722 0.133999466896057 0.131771817803383 0.132346123456955 0.132707491517067 0.139908581972122 0.155819401144981 0.1453647762537
0.111599683761597 0.11621817201376 0.118326298892498 0.116684526205063 0.118075959384441 0.124510586261749 0.12482412904501 0.121176354587078 0.119862951338291 0.123553872108459 0.119041249155998 0.12118024379015 0.130629003047943 0.126991808414459 0.118974432349205 0.120912440121174 0.131290644407272 0.135656103491783 0.136874690651894 0.134368315339088 0.134735301136971 0.144088059663773 0.157572492957115 0.150515928864479 0.14169105887413 0.141767561435699 0.145415052771568 0.150629997253418 0.14808352291584 0.149608194828033 0.151155024766922 0.151054218411446 0.140561699867249 0.139522209763527 0.14123260974884 0.138143301010132 0.143757581710815 0.143178075551987 0.135951295495033 0.141836568713188 0.142167180776596 0.135227739810944 0.136560887098312 0.145299196243286 0.159375786781311 0.153191387653351
0.112804509699345 0.118862152099609 0.122642800211906 0.127645194530487 0.12471267580986 0.120016887784004 0.119072385132313 0.11601098626852 0.111182376742363 0.108223170042038 0.103278562426567 0.106064103543758 0.10921498388052 0.114829212427139 0.117929957807064 0.114017307758331 0.120973147451878 0.129354521632195 0.130823150277138 0.131414398550987 0.141663238406181 0.148779600858688 0.151416018605232 0.156435996294022 0.147767290472984 0.145635321736336 0.140221610665321 0.145337209105492 0.167247787117958 0.170375183224678 0.153210550546646 0.147981718182564 0.150990769267082 0.151133358478546 0.13592354953289 0.133825331926346 0.139552250504494 0.142199456691742 0.143768593668938 0.139575213193893 0.147377848625183 0.155116960406303 0.152886241674423 0.145098760724068 0.144126623868942 0.144962877035141
0.114222355186939 0.119514212012291 0.12140142172575 0.126459673047066 0.126817673444748 0.11368977278471 0.110046863555908 0.110895857214928 0.112348474562168 0.113096013665199 0.112805642187595 0.107987262308598 0.103875413537025 0.101063720881939 0.102730453014374 0.106901422142982 0.10136778652668 0.112417280673981 0.12275330722332 0.129393488168716 0.13146547973156 0.14462274312973 0.141154438257217 0.150340259075165 0.151995897293091 0.153720885515213 0.149775803089142 0.15071514248848 0.155502036213875 0.160951793193817 0.179589509963989 0.150041192770004 0.154264509677887 0.141183719038963 0.128852501511574 0.125111028552055 0.122188419103622 0.123062424361706 0.126610487699509 0.134517848491669 0.137046709656715 0.149788588285446 0.153957486152649 0.142017498612404 0.131629019975662 0.131685078144073
0.10916493833065 0.116246551275253 0.116121828556061 0.109803713858128 0.108230657875538 0.107380367815495 0.105635814368725 0.105229377746582 0.10648538172245 0.106515266001225 0.105984322726727 0.104930818080902 0.10527928173542 0.104492790997028 0.0993127077817917 0.0962340608239174 0.101264514029026 0.103869400918484 0.112907610833645 0.125981748104095 0.132136985659599 0.143727079033852 0.144977852702141 0.149453714489937 0.157617926597595 0.162344589829445 0.178057610988617 0.170323818922043 0.162163063883781 0.157561734318733 0.164955228567123 0.154660642147064 0.151005268096924 0.129848122596741 0.121903389692307 0.121980868279934 0.133384525775909 0.132679030299187 0.128243565559387 0.12199529260397 0.113568142056465 0.123381376266479 0.121621385216713 0.128725439310074 0.125501349568367 0.120923884212971
0.102757170796394 0.109120965003967 0.102994322776794 0.0987448915839195 0.108195185661316 0.107300713658333 0.106102973222733 0.101391047239304 0.0996462106704712 0.0984295681118965 0.0984832271933556 0.0987996459007263 0.0977831408381462 0.0983469262719154 0.0995016247034073 0.0987187996506691 0.0979818403720856 0.10320208966732 0.104870609939098 0.115899190306664 0.123430520296097 0.131587237119675 0.145204901695251 0.15856084227562 0.154752060770988 0.163006320595741 0.180367812514305 0.185012891888618 0.178357318043709 0.16130043566227 0.143614560365677 0.144327640533447 0.132070019841194 0.123047932982445 0.121356666088104 0.120911940932274 0.119195207953453 0.103367261588573 0.098485141992569 0.126472190022469 0.140230849385262 0.14144803583622 0.13262777030468 0.117772996425629 0.117441095411777 0.11744449287653
0.10356992483139 0.105285100638866 0.10270994156599 0.103404000401497 0.100886471569538 0.100013859570026 0.0994902551174164 0.0970166400074959 0.098107285797596 0.0979151725769043 0.0979492515325546 0.0977740883827209 0.0965037271380424 0.0958735942840576 0.0959411635994911 0.0951557531952858 0.094283439218998 0.0988374873995781 0.107928797602654 0.111148253083229 0.116457603871822 0.12692391872406 0.138117358088493 0.145821571350098 0.143522784113884 0.149767860770226 0.183330535888672 0.160940960049629 0.14753757417202 0.157009854912758 0.172175541520119 0.140795394778252 0.132838532328606 0.120650164783001 0.113552540540695 0.118380904197693 0.120684780180454 0.0820654332637787 -3.4e+38 0.145541101694107 0.129101604223251 0.13348014652729 0.124377183616161 0.132991328835487 0.131991237401962 0.130402326583862
0.101602233946323 0.101085178554058 0.100008212029934 0.104250133037567 0.0999166071414948 0.0971679612994194 0.0951676890254021 0.0971064567565918 0.0975134670734406 0.0971191227436066 0.0992213040590286 0.0985806062817574 0.0995762646198273 0.0947579741477966 0.0932224616408348 0.0922313928604126 0.0928444117307663 0.0944539234042168 0.10218258947134 0.10852987319231 0.113198526203632 0.122317716479301 0.132167115807533 0.133114472031593 0.133131995797157 0.134099215269089 0.141048431396484 0.148587733507156 0.129290029406548 0.138007417321205 0.155536457896233 0.134904786944389 0.126001611351967 0.118599317967892 0.10870598256588 0.0909626632928848 0.0953346416354179 0.0980234146118164 0.0698313564062119 0.0691126361489296 -3.4e+38 -3.4e+38 0.105544775724411 0.103986114263535 0.121769368648529 0.122565671801567
0.0976550653576851 0.09966891258955 0.0994432494044304 0.100795522332191 0.100546464323997 0.0973911508917809 0.0958689004182816 0.0966588109731674 0.0963635817170143 0.0944001600146294 0.0940292403101921 0.0943490490317345 0.0978745147585869 0.0958466678857803 0.091029167175293 0.0901009291410446 0.0890868157148361 0.0902617946267128 0.0936638340353966 0.101896218955517 0.104491107165813 0.101820908486843 0.107661791145802 0.117048963904381 0.120351977646351 0.121978364884853 0.120955891907215 0.133184015750885 0.127918988466263 0.146409273147583 0.139209523797035 0.135441601276398 0.122885711491108 0.104266248643398 0.0983626842498779 0.0760403722524643 0.0895955860614777 0.094248503446579 0.0898541584610939 0.0773714482784271 -3.4e+38 -3.4e+38 -3.4e+38 0.0921465009450912 0.0900494977831841 0.103186532855034
0.0971109420061111 0.100605584681034 0.102839723229408 0.100492097437382 0.100614622235298 0.0989740192890167 0.0970863252878189 0.0969551652669907 0.0943666696548462 0.0953572541475296 0.0956290885806084 0.0933993458747864 0.0951247289776802 0.0955662950873375 0.0931125059723854 0.0915810391306877 0.0905861631035805 0.0871330574154854 0.0914070382714272 0.0971984714269638 0.101550586521626 0.101996466517448 0.10311434417963 0.109151348471642 0.114075601100922 0.114621326327324 0.11823221296072 0.129960507154465 0.126134037971497 0.134376689791679 0.133524760603905 0.124112322926521 0.106040023267269 0.0759161040186882 0.0725131034851074 0.0656466707587242 0.0928863883018494 0.102068960666656 0.0897718146443367 0.0675381943583488 -3.4e+38 -3.4e+38 -3.4e+38 0.082706481218338 0.0778622850775719 0.0815234258770943
