Ecospace-environmental-drivers/Outputs/ASCII-for-ecospace/Cfl/Cfl_X2005.09.asc
NCOLS 131 
NROWS 53 
XLLCORNER -98 
YLLCORNER 23.9265270233154 
CELLSIZE 0.133587792515755 
NODATA_value -3.4e+38 
[rows 20 to 39 of 53, columns 45 to 89 of 131]
0.391766339540482 0.26884600520134 0.287296295166016 0.4341139793396 0.413875907659531 0.548676431179047 0.517508924007416 0.614491403102875 0.669112741947174 0.754170656204224 0.842851579189301 0.965448081493378 1.26134657859802 1.81869077682495 1.83589720726013 1.44374334812164 0.595381319522858 0.575563251972198 0.474253356456757 0.358714729547501 0.313455522060394 0.183534890413284 0.137141913175583 0.123604640364647 0.130674704909325 0.138103485107422 0.139420449733734 0.143962323665619 0.143969163298607 0.137181118130684 0.134059607982635 0.138073205947876 0.123275674879551 0.120278581976891 0.112469986081123 0.108491569757462 0.0985731407999992 0.0919405445456505 0.086998462677002 0.0952133163809776 0.11112692207098 0.152741327881813 0.29155769944191 0.260156214237213 0.168303444981575
0.265880465507507 0.310301393270493 0.25259655714035 0.358433306217194 0.427410483360291 0.426225900650024 0.503642916679382 0.602791726589203 0.695911526679993 0.623896479606628 0.562188982963562 0.638362169265747 0.737489819526672 1.17006528377533 0.932671904563904 0.584738910198212 0.394279778003693 0.368174463510513 0.324113875627518 0.335442364215851 0.195834919810295 0.145137876272202 0.122765965759754 0.11880998313427 0.117011673748493 0.12985771894455 0.14820784330368 0.156021729111671 0.156996876001358 0.15927517414093 0.156880930066109 0.150060161948204 0.155401542782784 0.140625 0.133429273962975 0.172112599015236 0.117998339235783 0.0925488173961639 0.0891437754034996 0.0935494527220726 0.12566651403904 0.178608551621437 0.231719613075256 0.172672510147095 0.200166389346123
0.285315454006195 0.315988063812256 0.321776568889618 0.306869506835938 0.276013851165771 0.320151031017303 0.483983218669891 0.483326315879822 0.45959609746933 0.432232826948166 0.53231143951416 0.637385964393616 0.592564404010773 0.510441601276398 0.379287481307983 0.338051348924637 0.278516381978989 0.347467124462128 0.253690928220749 0.218940883874893 0.176658287644386 0.13395830988884 0.12288273870945 0.119539834558964 0.123083755373955 0.130644008517265 0.148671939969063 0.149007856845856 0.149641677737236 0.14860300719738 0.168369978666306 0.180959731340408 0.180164769291878 0.198717713356018 0.174169138073921 0.156387999653816 0.142821475863457 0.0989679023623466 0.0974720194935799 0.114780098199844 0.130565285682678 0.168562322854996 0.25561448931694 0.238956704735756 0.191598430275917
0.269791960716248 0.338156580924988 0.305186003446579 0.257599800825119 0.247026428580284 0.190655052661896 0.25161799788475 0.302746713161469 0.342969655990601 0.448163658380508 0.526590049266815 0.577043175697327 0.472636193037033 0.285721272230148 0.212882459163666 0.168863847851753 0.173864185810089 0.209991112351418 0.204395711421967 0.180388137698174 0.150036513805389 0.138486742973328 0.13931430876255 0.134421482682228 0.131957083940506 0.133098930120468 0.144738361239433 0.152641728520393 0.144315347075462 0.14046736061573 0.154400885105133 0.190356492996216 0.191838130354881 0.191729068756104 0.191777780652046 0.162987947463989 0.136298090219498 0.130279645323753 0.113581672310829 0.122549369931221 0.161336809396744 0.190217167139053 0.245345860719681 0.231908649206161 0.149372130632401
0.13295915722847 0.245462223887444 0.322273403406143 0.257111579179764 0.207053869962692 0.176873028278351 0.196233212947845 0.235365346074104 0.269467771053314 0.285883516073227 0.36855936050415 0.455483049154282 0.476213216781616 0.316049933433533 0.267035722732544 0.206383794546127 0.20126049220562 0.21818520128727 0.22610205411911 0.200627654790878 0.185773193836212 0.194123849272728 0.198291003704071 0.183564841747284 0.170657783746719 0.16531229019165 0.164169564843178 0.160252541303635 0.162346407771111 0.175429090857506 0.189302146434784 0.185525193810463 0.174002796411514 0.176424220204353 0.201071485877037 0.180657505989075 0.143636703491211 0.12182841449976 0.115496315062046 0.113628394901752 0.145162999629974 0.197069689631462 0.23164501786232 0.178491532802582 0.138206318020821
0.118152663111687 0.116931855678558 0.161877065896988 0.209138408303261 0.215388134121895 0.173920825123787 0.17264512181282 0.203249588608742 0.200766801834106 0.191765800118446 0.2097557336092 0.25007638335228 0.318255335092545 0.30391538143158 0.366660237312317 0.270219445228577 0.232239708304405 0.235266909003258 0.24028068780899 0.236026301980019 0.227364271879196 0.236565962433815 0.247324496507645 0.2210533618927 0.21722500026226 0.205794960260391 0.20160861313343 0.200128942728043 0.194866672158241 0.181162923574448 0.169860169291496 0.157438382506371 0.164130762219429 0.164781168103218 0.161453008651733 0.187752708792686 0.152590483427048 0.117091715335846 0.107146397233009 0.0968160033226013 0.103471852838993 0.116559751331806 0.153223976492882 0.16129657626152 0.145287349820137
0.107638724148273 0.10705754160881 0.106151081621647 0.104017108678818 0.16459396481514 0.181604713201523 0.14805743098259 0.153295338153839 0.151610910892487 0.134655684232712 0.123971454799175 0.148145392537117 0.188670858740807 0.193381443619728 0.270268678665161 0.360365599393845 0.295702874660492 0.22707687318325 0.221100673079491 0.242746949195862 0.228371128439903 0.233352348208427 0.216051369905472 0.191583514213562 0.195380568504333 0.199640557169914 0.204068332910538 0.208404824137688 0.186388477683067 0.170525580644608 0.15442843735218 0.147734671831131 0.142396792769432 0.135263666510582 0.125337988138199 0.136713087558746 0.148631900548935 0.122701376676559 0.115351028740406 0.0995392650365829 0.10446809977293 0.106602892279625 0.134444653987885 0.185808211565018 0.219113171100616
0.0948638319969177 0.103240877389908 0.100574195384979 0.0905729457736015 0.0986006930470467 0.159149244427681 0.153657749295235 0.155258044600487 0.135483458638191 0.131134957075119 0.127387851476669 0.132067322731018 0.124072015285492 0.115696273744106 0.145828366279602 0.196765542030334 0.234323590993881 0.234515711665154 0.196531400084496 0.216087713837624 0.215229228138924 0.196608617901802 0.160410016775131 0.140219554305077 0.129867896437645 0.131938979029655 0.127779200673103 0.145025491714478 0.146661356091499 0.138939931988716 0.124215967953205 0.112954594194889 0.118078321218491 0.111539781093597 0.119327731430531 0.103441305458546 0.107918120920658 0.110991053283215 0.120875462889671 0.102899439632893 0.102442808449268 0.104167744517326 0.112452685832977 0.166369929909706 0.173590898513794
0.0720129832625389 0.0982256531715393 0.0892737805843353 0.09461610019207 0.0863204002380371 0.107189029455185 0.151439592242241 0.150643870234489 0.133559167385101 0.144237101078033 0.135134309530258 0.132075399160385 0.131064131855965 0.122394062578678 0.136669173836708 0.132471472024918 0.169782102108002 0.159277528524399 0.162736684083939 0.180836260318756 0.130584970116615 0.12349359691143 0.151803404092789 0.1296656280756 0.086644358932972 0.0757546126842499 0.103334128856659 0.0970895737409592 0.093886487185955 0.100328221917152 0.143318668007851 0.0898111760616302 0.106364578008652 0.127524465322495 0.104767128825188 0.101310424506664 0.0908369049429893 0.11192512512207 0.117972895503044 0.0984018966555595 0.0994604825973511 0.104736253619194 0.0998449623584747 0.110779389739037 0.11185584962368
0.0662691444158554 0.0739867985248566 0.0759391784667969 0.0898910686373711 0.086882159113884 0.0824209749698639 0.104300603270531 0.122501693665981 0.144609436392784 0.146922171115875 0.165211275219917 0.1475860029459 0.144556030631065 0.12980118393898 0.116707406938076 0.112079173326492 0.11127196252346 0.106278747320175 0.119643114507198 0.112482115626335 0.081068180501461 0.081524521112442 0.081688866019249 0.0741781890392303 0.0722239911556244 0.0821185111999512 0.0866214856505394 0.0849678441882133 0.0815028920769691 0.0841791704297066 0.0892850831151009 0.0804514661431313 0.0888715162873268 0.11307742446661 0.0846217274665833 0.0855277925729752 0.100963659584522 0.107206307351589 0.109359994530678 0.107380338013172 0.100824266672134 0.101464956998825 0.102421581745148 0.106151975691319 0.109206959605217
0.0677987560629845 0.0692166984081268 0.0732396170496941 0.0756033062934875 0.0721122771501541 0.0804866924881935 0.112550802528858 0.120580337941647 0.13769619166851 0.129591479897499 0.144864976406097 0.140140905976295 0.132857233285904 0.127160936594009 0.118860460817814 0.122296951711178 0.108371630311012 0.0927047580480576 0.0832958146929741 0.0793536826968193 0.0824923813343048 0.0809168666601181 0.0830124095082283 0.0775232240557671 0.0797842442989349 0.0750851482152939 0.0761092081665993 0.0770756974816322 0.0728044137358665 0.0719875991344452 0.0693111047148705 0.0953022688627243 0.110165789723396 0.0832573622465134 0.068291500210762 0.083859384059906 0.111978329718113 0.129199251532555 0.107046037912369 0.0977542325854301 0.102735467255116 0.104364924132824 0.105376005172729 0.107109665870667 0.10460302978754
0.0702675953507423 0.0630617365241051 0.069597490131855 0.0692145377397537 0.0724159255623817 0.0797391682863235 0.129630193114281 0.142290756106377 0.144111886620522 0.129261285066605 0.161064773797989 0.142835363745689 0.149258241057396 0.11206941306591 0.0891115665435791 0.122618921101093 0.0787903815507889 0.0632434114813805 0.0773947015404701 0.0837485492229462 0.0814700424671173 0.0788712948560715 0.0813757032155991 0.0837365463376045 0.0821358636021614 0.0831810981035233 0.0894967690110207 0.0808279737830162 0.0711977109313011 0.0832332223653793 0.136656686663628 0.131738603115082 0.108947649598122 0.0883965790271759 0.0662292614579201 0.0707809627056122 0.0861547663807869 0.126704499125481 0.129879385232925 0.0981534495949745 0.112125866115093 0.106397651135921 0.105679370462894 0.100788928568363 0.0953098610043526
0.0627762377262115 0.0578133873641491 0.0576960407197475 0.0637982562184334 0.0739394873380661 0.0799261778593063 0.138054236769676 0.152691423892975 0.155939131975174 0.164068445563316 0.179290473461151 0.17618528008461 0.140405267477036 0.129346638917923 0.103772319853306 0.0960178896784782 0.0910490602254868 0.0809149891138077 0.0785753652453423 0.0901399403810501 0.0892774611711502 0.0843766108155251 0.0812292397022247 0.0851924791932106 0.0851208865642548 0.0781526640057564 0.0882067382335663 0.0811880305409431 0.0856239795684814 0.0947880446910858 0.102853916585445 0.0994589626789093 0.0728233084082603 0.057968333363533 0.0622429139912128 0.0683933570981026 0.0723205059766769 0.0874065905809402 0.124704428017139 0.103456124663353 0.104784533381462 0.104491144418716 0.107419446110725 0.100935354828835 0.0942285507917404
0.0701659098267555 0.0724894553422928 0.0657736361026764 0.0645788833498955 0.0648627802729607 0.0738053098320961 0.145577907562256 0.177762985229492 0.156603425741196 0.126843199133873 0.198747083544731 0.273800432682037 0.21846741437912 0.251039057970047 0.154916331171989 0.0926279053092003 0.0983287245035172 0.0809359550476074 0.07796311378479 0.0855570659041405 0.0978676751255989 0.0761770531535149 0.0812813937664032 0.0836328417062759 0.0797738656401634 0.0765088573098183 0.0793646723031998 0.0855275690555573 0.0950168594717979 0.0939748287200928 0.0847677960991859 0.0747085958719254 0.0668449997901917 0.0689319744706154 0.0755024179816246 0.0749747082591057 0.0722048655152321 0.0806768909096718 0.105131790041924 0.103720843791962 0.102520942687988 0.1049749776721 0.106459140777588 0.100636221468449 0.095125749707222
0.0634160488843918 0.0621878802776337 0.0633083954453468 0.0669112354516983 0.0573593564331532 0.0644519999623299 0.120897360146046 0.138867422938347 0.134068474173546 0.107325702905655 0.190474644303322 0.329374641180038 0.289140403270721 0.281607627868652 0.101494111120701 0.086738720536232 0.0927650853991508 0.096305325627327 0.1009751111269 0.0978773385286331 0.0933175832033157 0.0866178348660469 0.0903114974498749 0.0834057629108429 0.0805451571941376 0.0705307871103287 0.079561859369278 0.0897978767752647 0.0788139998912811 0.0848400071263313 0.0774374380707741 0.0632091835141182 0.0636382400989532 0.0722042173147202 0.0709588900208473 0.0723564252257347 0.0783942192792892 0.0790563672780991 0.0980906561017036 0.101231828331947 0.10320258885622 0.109370768070221 0.107398055493832 0.102375663816929 0.0947357565164566
0.0579390525817871 0.052540484815836 0.0540469214320183 0.0536536499857903 0.0561790354549885 0.0607895888388157 0.10471598803997 0.124454163014889 0.123365059494972 0.119186833500862 0.153709009289742 0.334206402301788 0.439090073108673 0.221943855285645 0.0806070119142532 0.0841627269983292 0.0947854295372963 0.100467450916767 0.0988280102610588 0.0951522514224052 0.0929376035928726 0.0856484323740005 0.0828781351447105 0.0928652063012123 0.0933762043714523 0.0729395821690559 0.0821243301033974 0.0794049575924873 0.0847836434841156 0.0771265029907227 0.0650493130087852 0.0610220767557621 0.0650405362248421 0.0613962188363075 0.0681705921888351 0.0801493600010872 0.0840703099966049 0.0838177725672722 0.0896518975496292 0.0994467288255692 0.106216304004192 0.11247356235981 0.104150488972664 0.0981908366084099 0.0936387777328491
0.0618831664323807 0.0570086501538754 0.0589125007390976 0.0483508482575417 0.0540989525616169 0.0583405494689941 0.108560256659985 0.113410703837872 0.124253563582897 0.163468882441521 0.17253252863884 0.190686464309692 0.493714392185211 0.115659810602665 0.0626250058412552 0.0927656590938568 0.100898124277592 0.0985657796263695 0.0974666476249695 0.0926931798458099 0.0870827585458755 0.086745984852314 0.0848952382802963 0.0914183035492897 0.0880225822329521 0.0752621367573738 0.0757838860154152 0.0735171884298325 0.0740175172686577 0.0587313696742058 0.0627069622278214 0.063745029270649 0.0614699870347977 0.0607087314128876 0.0785608813166618 0.0857176631689072 0.0790232494473457 0.0795611515641212 0.0883311852812767 0.104893282055855 0.109359189867973 0.107713431119919 0.0999223738908768 0.0956439971923828 0.0954896658658981
0.0699364766478539 0.0609745718538761 0.0600870922207832 0.058485671877861 0.0616223514080048 0.0665178596973419 0.0605663172900677 0.0724744647741318 0.106731705367565 0.154847607016563 0.16400334239006 0.161147564649582 0.315000265836716 0.0821769014000893 0.0949717462062836 0.100872844457626 0.106650628149509 0.100650914013386 0.0933602675795555 0.0934484601020813 0.0960197299718857 0.0870067477226257 0.0911447331309319 0.091730110347271 0.0878787636756897 0.0813000425696373 0.0789233222603798 0.0745478123426437 0.0705285146832466 0.0692517012357712 0.0722322538495064 0.0754338577389717 0.0720434486865997 0.0719692632555962 0.0780824571847916 0.0882922857999802 0.0767234563827515 0.0820319876074791 0.0881967172026634 0.108674764633179 0.10838259011507 0.103254161775112 0.0961073338985443 0.0958142355084419 0.106730401515961
0.0757020115852356 0.0725286900997162 0.0640355423092842 0.0662985816597939 0.0878127962350845 0.0874705612659454 0.0989892110228539 0.0734660103917122 0.11119145154953 0.146618753671646 0.135115295648575 0.133607178926468 0.112336203455925 0.0709840059280396 0.0909857451915741 0.0976573601365089 0.0988428741693497 0.103352501988411 0.110933132469654 0.0956375002861023 0.0938903763890266 0.0888039767742157 0.098858118057251 0.09856016933918 0.0798774212598801 0.085163526237011 0.0803066194057465 0.0752440765500069 0.0701258853077888 0.0697167068719864 0.0654904544353485 0.069374181330204 0.0663601458072662 0.0669825673103333 0.0621519386768341 0.0714846700429916 0.07362000644207 0.0751729086041451 0.0973134338855743 0.10258375108242 0.101473152637482 0.0928121134638786 0.0971129685640335 0.101498007774353 0.108998641371727
0.080878846347332 0.0783480629324913 0.0711879283189774 0.0738044381141663 0.0788443014025688 0.0873822495341301 0.158085972070694 0.154376000165939 0.152303487062454 0.174361854791641 0.136593863368034 0.115388751029968 0.103360891342163 0.0899313911795616 0.0896393582224846 0.0969791412353516 0.107095509767532 0.110319927334785 0.109827548265457 0.102724857628345 0.100175529718399 0.0949082225561142 0.0990856662392616 0.0867333263158798 0.0773084312677383 0.0895930826663971 0.0887901484966278 0.0920405015349388 0.0799604803323746 0.0734059438109398 0.0688719898462296 0.0781610682606697 0.0779703110456467 0.0663480907678604 0.0713183507323265 0.0733495950698853 0.0795016214251518 0.0874575451016426 0.0892315879464149 0.0978729650378227 0.102773293852806 0.0925255939364433 0.104286432266235 0.0998579114675522 0.102145999670029
