Ecospace-environmental-drivers/Outputs/ASCII-for-ecospace/Cfl/Cfl_X2009.10.asc
NCOLS 131 
NROWS 53 
XLLCORNER -98 
YLLCORNER 23.9265270233154 
CELLSIZE 0.133587792515755 
NODATA_value -3.4e+38 
[rows 0 to 19 of 53, columns 45 to 89 of 131]
-3.4e+38 -3.4e+38 -3.4e+38 -3.4e+38 -3.4e+38 -3.4e+38 -3.4e+38 -3.4e+38 -3.4e+38 -3.4e+38 -3.4e+38 -3.4e+38 -3.4e+38 -3.4e+38 -3.4e+38 -3.4e+38 -3.4e+38 -3.4e+38 -3.4e+38 -3.4e+38 -3.4e+38 -3.4e+38 -3.4e+38 -3.4e+38 -3.4e+38 -3.4e+38 -3.4e+38 -3.4e+38 -3.4e+38 -3.4e+38 -3.4e+38 -3.4e+38 -3.4e+38 -3.4e+38 -3.4e+38 -3.4e+38 -3.4e+38 -3.4e+38 -3.4e+38 -3.4e+38 -3.4e+38 -3.4e+38 -3.4e+38 -3.4e+38 -3.4e+38
-3.4e+38 -3.4e+38 -3.4e+38 -3.4e+38 -3.4e+38 -3.4e+38 -3.4e+38 -3.4e+38 -3.4e+38 -3.4e+38 -3.4e+38 -3.4e+38 -3.4e+38 -3.4e+38 -3.4e+38 -3.4e+38 -3.4e+38 -3.4e+38 -3.4e+38 -3.4e+38 -3.4e+38 -3.4e+38 -3.4e+38 -3.4e+38 -3.4e+38 -3.4e+38 -3.4e+38 -3.4e+38 -3.4e+38 -3.4e+38 -3.4e+38 -3.4e+38 -3.4e+38 -3.4e+38 -3.4e+38 -3.4e+38 -3.4e+38 -3.4e+38 -3.4e+38 -3.4e+38 -3.4e+38 -3.4e+38 -3.4e+38 -3.4e+38 -3.4e+38
-3.4e+38 -3.4e+38 -3.4e+38 -3.4e+38 -3.4e+38 -3.4e+38 -3.4e+38 -3.4e+38 -3.4e+38 -3.4e+38 -3.4e+38 -3.4e+38 -3.4e+38 -3.4e+38 -3.4e+38 -3.4e+38 -3.4e+38 -3.4e+38 -3.4e+38 -3.4e+38 -3.4e+38 -3.4e+38 -3.4e+38 -3.4e+38 -3.4e+38 -3.4e+38 -3.4e+38 -3.4e+38 -3.4e+38 -3.4e+38 -3.4e+38 -3.4e+38 -3.4e+38 -3.4e+38 -3.4e+38 -3.4e+38 -3.4e+38 -3.4e+38 -3.4e+38 -3.4e+38 -3.4e+38 -3.4e+38 -3.4e+38 -3.4e+38 -3.4e+38
-3.4e+38 -3.4e+38 -3.4e+38 -3.4e+38 -3.4e+38 -3.4e+38 -3.4e+38 -3.4e+38 -3.4e+38 -3.4e+38 -3.4e+38 -3.4e+38 -3.4e+38 -3.4e+38 -3.4e+38 -3.4e+38 -3.4e+38 -3.4e+38 -3.4e+38 -3.4e+38 -3.4e+38 -3.4e+38 -3.4e+38 -3.4e+38 -3.4e+38 -3.4e+38 -3.4e+38 -3.4e+38 -3.4e+38 1.14193046092987 -3.4e+38 -3.4e+38 -3.4e+38 -3.4e+38 -3.4e+38 -3.4e+38 -3.4e+38 0.139348894357681 -3.4e+38 -3.4e+38 -3.4e+38 -3.4e+38 0.162267670035362 -3.4e+38 -3.4e+38
-3.4e+38 -3.4e+38 -3.4e+38 -3.4e+38 -3.4e+38 -3.4e+38 -3.4e+38 -3.4e+38 -3.4e+38 -3.4e+38 -3.4e+38 -3.4e+38 -3.4e+38 0.390231817960739 -3.4e+38 -3.4e+38 -3.4e+38 -3.4e+38 -3.4e+38 -3.4e+38 -3.4e+38 -3.4e+38 0.361134231090546 0.332098126411438 -3.4e+38 -3.4e+38 -3.4e+38 -3.4e+38 -3.4e+38 0.430251330137253 0.44842866063118 -3.4e+38 -3.4e+38 -3.4e+38 -3.4e+38 -3.4e+38 0.200387924909592 0.158883690834045 0.146443754434586 0.106822356581688 0.166162669658661 0.146323576569557 0.151967257261276 -3.4e+38 -3.4e+38
-3.4e+38 -3.4e+38 -3.4e+38 -3.4e+38 -3.4e+38 -3.4e+38 -3.4e+38 -3.4e+38 -3.4e+38 -3.4e+38 0.273468881845474 0.249874442815781 0.433520406484604 0.466505706310272 0.413887202739716 0.367212504148483 -3.4e+38 -3.4e+38 -3.4e+38 0.337454557418823 0.459542453289032 0.418474555015564 0.441599071025848 0.472193002700806 0.441560178995132 0.492096424102783 0.341414213180542 0.213840112090111 0.171777963638306 0.381762266159058 0.212030872702599 0.38150343298912 0.339770674705505 0.443111330270767 0.292628169059753 0.24130941927433 0.135903790593147 0.121008679270744 0.100247390568256 0.0936182960867882 0.127906084060669 0.124786615371704 0.103887014091015 0.100141584873199 0.148636445403099
-3.4e+38 -3.4e+38 -3.4e+38 -3.4e+38 -3.4e+38 -3.4e+38 -3.4e+38 -3.4e+38 -3.4e+38 -3.4e+38 -3.4e+38 0.361995488405228 0.401875674724579 0.377777367830276 0.326328843832016 0.367189049720764 0.376605302095413 0.686076700687408 0.508195817470551 0.343838810920715 0.438350558280945 0.524109303951263 0.516119420528412 0.413241237401962 0.329327702522278 0.354079157114029 0.300467252731323 0.276499062776566 0.318904936313629 0.320089548826218 0.273370146751404 0.285100787878036 0.177122130990028 0.111748225986958 0.093206062912941 0.105756781995296 0.0752836093306541 0.0699105560779572 0.0597991682589054 0.060235433280468 0.0719989389181137 0.0712403357028961 0.0624203234910965 0.0735151916742325 0.079672209918499
-3.4e+38 -3.4e+38 -3.4e+38 -3.4e+38 -3.4e+38 -3.4e+38 -3.4e+38 -3.4e+38 -3.4e+38 -3.4e+38 -3.4e+38 -3.4e+38 0.623067617416382 0.548329174518585 0.521738052368164 0.459291756153107 0.429523795843124 0.409614384174347 0.402766704559326 0.366045832633972 0.421575039625168 0.490413933992386 0.548449099063873 0.371809661388397 0.243769124150276 0.169553503394127 0.108678109943867 0.123252399265766 0.169929906725883 0.188392266631126 0.166429668664932 0.112215220928192 0.0798121467232704 0.0633723884820938 0.0641170218586922 0.0549263879656792 0.0511719919741154 0.0467376261949539 0.0463673248887062 0.0446038991212845 0.0407281368970871 0.0404146499931812 0.0446428246796131 0.0580838173627853 0.0697358250617981
-3.4e+38 -3.4e+38 -3.4e+38 -3.4e+38 -3.4e+38 -3.4e+38 -3.4e+38 -3.4e+38 -3.4e+38 -3.4e+38 -3.4e+38 -3.4e+38 -3.4e+38 -3.4e+38 -3.4e+38 -3.4e+38 -3.4e+38 0.578591883182526 -3.4e+38 -3.4e+38 0.308249801397324 0.486822754144669 0.492867022752762 0.357885509729385 0.359452307224274 0.238522052764893 0.112413085997105 0.0897791832685471 0.121497832238674 0.161645099520683 0.111089125275612 0.0684507936239243 0.0614973232150078 0.0482779256999493 0.0464109517633915 0.0494140759110451 0.0467747934162617 0.0433573015034199 0.0467131733894348 0.0488921515643597 0.0406751744449139 0.0408536791801453 0.0431135967373848 0.0481381714344025 0.0579527914524078
-3.4e+38 -3.4e+38 -3.4e+38 -3.4e+38 -3.4e+38 -3.4e+38 -3.4e+38 -3.4e+38 -3.4e+38 -3.4e+38 -3.4e+38 -3.4e+38 -3.4e+38 -3.4e+38 -3.4e+38 -3.4e+38 -3.4e+38 -3.4e+38 -3.4e+38 0.450797230005264 0.462919414043427 0.58203125 0.540484964847565 0.474537253379822 0.371147930622101 0.219462484121323 0.151225998997688 0.0942422524094582 0.0793401598930359 0.0782158970832825 0.0570726357400417 0.0546808056533337 0.0596788860857487 0.0485789403319359 0.0453227832913399 0.042082391679287 0.0436179973185062 0.0425527319312096 0.039697453379631 0.040857095271349 0.04010995849967 0.0382528565824032 0.0432234518229961 0.0471404530107975 0.0495564714074135
-3.4e+38 -3.4e+38 1.29590678215027 -3.4e+38 -3.4e+38 -3.4e+38 -3.4e+38 -3.4e+38 -3.4e+38 -3.4e+38 -3.4e+38 -3.4e+38 -3.4e+38 -3.4e+38 -3.4e+38 -3.4e+38 -3.4e+38 -3.4e+38 0.361781805753708 0.419874012470245 0.562544703483582 0.572053849697113 0.461314797401428 0.385874778032303 0.303718566894531 0.1508509516716 0.135175794363022 0.083322785794735 0.0740924179553986 0.0635608360171318 0.0679109394550323 0.0729090347886086 0.0538490153849125 0.0420980826020241 0.0414114519953728 0.0403066463768482 0.0399285852909088 0.0432839244604111 0.0384958200156689 0.0384954325854778 0.0425928086042404 0.0389689020812511 0.0392515957355499 0.0430486500263214 0.0537052676081657
0.537908971309662 1.32987356185913 1.11744582653046 -3.4e+38 -3.4e+38 -3.4e+38 -3.4e+38 -3.4e+38 -3.4e+38 -3.4e+38 -3.4e+38 -3.4e+38 -3.4e+38 -3.4e+38 -3.4e+38 -3.4e+38 -3.4e+38 -3.4e+38 0.637202143669128 0.618399500846863 0.576332449913025 0.500813722610474 0.392426013946533 0.35235470533371 0.250052750110626 0.223292052745819 0.133802235126495 0.0994030982255936 0.114029347896576 0.0609859488904476 0.0584655776619911 0.0565216578543186 0.0433016903698444 0.0439995564520359 0.0382982455193996 0.0387638434767723 0.0396823137998581 0.0320354290306568 0.0375639386475086 0.0428197793662548 0.0434866957366467 0.045022189617157 0.0425406470894814 0.0469823069870472 0.0512565076351166
0.458986878395081 0.586042284965515 0.480836689472198 0.274960696697235 0.0603440031409264 -3.4e+38 -3.4e+38 -3.4e+38 -3.4e+38 -3.4e+38 0.000844935770146549 -3.4e+38 -3.4e+38 -3.4e+38 -3.4e+38 0.582231998443604 0.503811180591583 0.360805809497833 -3.4e+38 -3.4e+38 0.861839175224304 0.347613573074341 0.455659449100494 0.349194794893265 0.257703214883804 0.156781017780304 0.123909913003445 0.0966913625597954 0.0733328834176064 0.0638732090592384 0.046356562525034 0.0452568009495735 0.0429570376873016 0.0399895943701267 0.0300023313611746 0.0327130630612373 0.0387645252048969 0.0379833243787289 0.0388295762240887 0.0422194823622704 0.0429809801280499 0.043148584663868 0.0417741537094116 0.0439051613211632 0.0493214912712574
0.616063296794891 0.639403522014618 0.752626180648804 0.634055137634277 0.349031955003738 0.29855027794838 0.045079842209816 0.302173137664795 -3.4e+38 -3.4e+38 0.119455799460411 0.13216944038868 0.455276399850845 -3.4e+38 0.34135639667511 0.403137624263763 0.350985795259476 0.501025974750519 0.594825029373169 -3.4e+38 -3.4e+38 0.708490908145905 0.49790957570076 0.343819290399551 0.257353544235229 0.174023032188416 0.119769997894764 0.0649595037102699 0.0515888929367065 0.0462516024708748 0.0479297339916229 0.0425729900598526 0.0415313802659512 0.0354363024234772 0.0322980098426342 0.0296622142195702 0.0256174821406603 0.0329038612544537 0.0368150658905506 0.0333743095397949 0.0344397015869617 0.0459297671914101 0.0404063947498798 0.0315561592578888 0.0384571738541126
0.590148329734802 0.568145096302032 0.569928765296936 0.508489668369293 0.576951622962952 0.52867728471756 0.609001457691193 0.500400006771088 0.459787666797638 0.47367337346077 0.511450827121735 0.521977663040161 0.544464290142059 0.4515560567379 0.347785949707031 0.337707132101059 0.337215453386307 0.464934378862381 0.575867235660553 0.307027846574783 -3.4e+38 0.766753375530243 0.611695647239685 0.264939546585083 0.205934181809425 0.191816717386246 0.0875805094838142 0.0491260141134262 0.0438772477209568 0.0367100201547146 0.0343888886272907 0.0276885032653809 0.0338003374636173 0.0349006950855255 0.0287949256598949 0.0322386436164379 0.0308766793459654 0.0330240726470947 0.0316854938864708 0.014975150115788 0.0188707690685987 0.025941476225853 0.023290753364563 0.0312033463269472 0.0289628691971302
0.522336423397064 0.552312314510345 0.623704969882965 0.609633684158325 0.611782848834991 0.712797105312347 0.703542649745941 0.60467267036438 0.549587428569794 0.53352814912796 0.515694916248322 0.481522768735886 0.391953557729721 0.380862891674042 0.378158301115036 0.366233885288239 0.329049199819565 0.366668939590454 0.540699005126953 0.546953678131104 0.623420119285583 0.552618443965912 0.297386169433594 0.182868897914886 0.172038972377777 0.117668859660625 0.0402514822781086 0.036668885499239 0.0313896425068378 0.0318375751376152 0.033563606441021 0.0255888886749744 0.0299793519079685 0.0274244472384453 0.0250468403100967 0.0361873619258404 0.0399726070463657 0.0275558065623045 0.0240780841559172 0.0112617593258619 0.0181497316807508 0.0279521606862545 0.0237514246255159 0.0283334832638502 0.0252823866903782
0.161717236042023 0.233143001794815 0.328029185533524 0.483552396297455 0.532398760318756 0.569796204566956 0.547160387039185 0.427547514438629 0.335290461778641 0.268368571996689 0.257958710193634 0.243279010057449 0.223708778619766 0.295158475637436 0.297464519739151 0.308352053165436 0.297853946685791 0.333272814750671 0.455358326435089 0.354267865419388 0.357767790555954 0.189385563135147 0.153270781040192 0.194528937339783 0.107756994664669 0.047372430562973 0.035803310573101 0.0304408259689808 0.0274825878441334 0.0332464426755905 0.0300768855959177 0.0250209886580706 0.0256598051637411 0.0300297178328037 0.022187102586031 0.027438759803772 0.0247101541608572 0.0269162245094776 0.0185915268957615 0.0225045178085566 0.0188381895422935 0.0293570123612881 0.0407902896404266 0.0490997768938541 0.055139347910881
0.0919729322195053 0.098416306078434 0.121260426938534 0.220950201153755 0.278040617704391 0.278129994869232 0.341659992933273 0.31043416261673 0.296044945716858 0.219362929463387 0.20907373726368 0.197955951094627 0.18552827835083 0.172083958983421 0.193809226155281 0.228452935814857 0.291698187589645 0.355545699596405 0.419795840978622 0.25414165854454 0.245644047856331 0.133771628141403 0.0905400589108467 0.0906630679965019 0.055692370980978 0.0385944545269012 0.0426437221467495 0.0304411519318819 0.0315078757703304 0.0320467837154865 0.031283475458622 0.0321926511824131 0.0319727025926113 0.0234385617077351 0.0213881563395262 0.0253724530339241 0.0189901702105999 0.0238625332713127 0.0240872725844383 0.0277625825256109 0.0245774034410715 0.029324259608984 0.0358288697898388 0.0362975522875786 0.0356167182326317
0.0687845572829247 0.0751569867134094 0.0780382603406906 0.111752614378929 0.0991461500525475 0.11716078966856 0.150773659348488 0.16061931848526 0.138348877429962 0.139347180724144 0.14271043241024 0.135751321911812 0.132005706429482 0.134093344211578 0.174767702817917 0.176172018051147 0.213640868663788 0.222690150141716 0.25846990942955 0.260942757129669 0.147636145353317 0.0651677995920181 0.081525444984436 0.0424616858363152 0.0433916598558426 0.0394577980041504 0.0328702591359615 0.0371949635446072 0.0277356971055269 0.0315309725701809 0.024461792781949 0.0293363612145185 0.032808642834425 0.0190325975418091 0.0279522445052862 0.0322784706950188 0.031600583344698 0.0213151983916759 0.0277469996362925 0.0279932133853436 0.0271977595984936 0.0271079987287521 0.0332741364836693 0.0297987945377827 0.0322821289300919
0.0735925137996674 0.0685292631387711 0.0396305471658707 0.038561973720789 0.0635137557983398 0.0798274278640747 0.0854274556040764 0.0887011960148811 0.0856162756681442 0.0729050040245056 0.0828694254159927 0.0857348814606667 0.0964595228433609 0.0894616097211838 0.127526447176933 0.160829961299896 0.194880977272987 0.169586330652237 0.22898505628109 0.141783729195595 0.0916040241718292 0.0875879600644112 0.0547005496919155 0.0402020141482353 0.0351904109120369 0.033125102519989 0.0376961566507816 0.0415322594344616 0.0390929207205772 0.0320532582700253 0.0289424508810043 0.0320350714027882 0.0217009466141462 0.0207796283066273 0.0367589816451073 0.0319845713675022 0.0262213926762342 0.0253486856818199 0.0243020169436932 0.0275036040693521 0.0250915475189686 0.026511188596487 0.0337660051882267 0.0293042957782745 0.0347892791032791
