Ecospace-environmental-drivers/Outputs/ASCII-for-ecospace/Cfl/Cfl_X2013.08.asc
NCOLS 131 
NROWS 53 
XLLCORNER -98 
YLLCORNER 23.9265270233154 
CELLSIZE 0.133587792515755 
NODATA_value -3.4e+38 
[rows 20 to 39 of 53, columns 45 to 89 of 131]
0.0495288334786892 0.0468730032444 0.0525744669139385 0.052180539816618 0.050749659538269 0.058980867266655 0.0760764479637146 0.0749169513583183 0.0803992450237274 0.070718988776207 0.0844576433300972 0.116089805960655 0.129530802369118 0.145657047629356 0.112761780619621 0.112282305955887 0.101419098675251 0.106249511241913 0.155284374952316 0.0758189186453819 0.0549489818513393 0.0706680715084076 0.0704957768321037 0.0879580974578857 0.0963677391409874 0.0933145955204964 0.0871006771922112 0.0767756849527359 0.0692244470119476 0.030534652993083 0.0416096597909927 0.0436045378446579 0.0373711585998535 0.0479751043021679 0.045891597867012 0.0382962599396706 0.0350385308265686 0.0180311035364866 0.0290674827992916 0.0301415007561445 0.0386643819510937 0.0289022028446198 0.036271508783102 0.0332205519080162 0.0341734401881695
0.0378837175667286 0.0550827756524086 0.0552982948720455 0.0533685497939587 0.0509486496448517 0.0628943145275116 0.0501105338335037 0.0602395981550217 0.0572130344808102 0.0776253491640091 0.0905652046203613 0.082098200917244 0.0904110819101334 0.102718032896519 0.0920226722955704 0.080580048263073 0.042611800134182 0.176941841840744 0.114931859076023 0.0649477392435074 0.0685921832919121 0.0464434325695038 0.0541189387440681 0.0641640871763229 0.0984047800302505 0.0907802954316139 0.0668895319104195 0.0663483068346977 0.0497473776340485 0.0609978549182415 0.0450092330574989 0.0387319214642048 0.0435523353517056 0.0485326424241066 0.0407883450388908 0.0353171303868294 0.0228078551590443 0.0343621782958508 0.0267933756113052 0.0435040444135666 0.0468224138021469 0.0325174629688263 0.0277970917522907 0.035184096544981 0.0358484648168087
0.035824041813612 0.0448416322469711 0.0483666583895683 0.0562522895634174 0.0464974157512188 0.0543013624846935 0.0440827123820782 0.0530059300363064 0.0852065905928612 0.0767283216118813 0.051643468439579 0.0603154823184013 0.0525173768401146 0.0491191372275352 0.0506160072982311 0.0592790879309177 0.0833216160535812 0.13066890835762 0.123214200139046 0.128306835889816 0.0774498805403709 0.0699618235230446 0.0644176676869392 0.069463923573494 0.0737364590167999 0.0885770246386528 0.0893072187900543 0.0661928504705429 0.0473870448768139 0.0322871692478657 0.037882961332798 0.0384103395044804 0.0358146689832211 0.0363590940833092 0.0361149981617928 0.0376355238258839 0.0295801926404238 0.0319070629775524 0.0376080870628357 0.0412309765815735 0.0426816008985043 0.0339930579066277 0.0278438068926334 0.0276700183749199 0.031601894646883
0.0363992527127266 0.03833232447505 0.0403432995080948 0.0408809296786785 0.0445365086197853 0.0460681542754173 0.0460105277597904 0.0373423844575882 0.0218209289014339 0.0554647296667099 0.0461623445153236 0.0524952337145805 0.0428621768951416 0.0499667264521122 0.0575394816696644 0.0654058381915092 0.0707063674926758 0.136247798800468 0.136026799678802 0.112796932458878 0.0932084172964096 0.0788391381502151 0.0565265603363514 0.0894405916333199 0.0784807205200195 0.0746600851416588 0.115102589130402 0.0599057860672474 0.0397852174937725 0.0346816368401051 0.0336441174149513 0.0305137913674116 0.0308515913784504 0.0401071682572365 0.0375222004950047 0.0334267802536488 0.0269729979336262 0.031638327986002 0.0343510434031487 0.0305378008633852 0.0369177684187889 0.0335220769047737 0.0278284233063459 0.0333868265151978 0.0352060310542583
0.0437338724732399 0.0679523795843124 0.0258184168487787 0.0192916300147772 0.0439939834177494 0.0454973317682743 0.04264747351408 0.0483561530709267 0.0344488881528378 0.0404966659843922 0.0412632785737514 0.0464235730469227 0.0448441207408905 0.0407094173133373 0.0480199754238129 0.0624212361872196 0.0691585540771484 0.111741289496422 0.105886079370975 0.0812962651252747 0.0897606089711189 0.0876622423529625 0.0911043435335159 0.0892380550503731 0.0817443877458572 0.0587333478033543 0.0501696243882179 0.0510961748659611 0.0389780513942242 0.0404327288269997 0.0391559712588787 0.0320162288844585 0.0285208392888308 0.04110511764884 0.0349525511264801 0.0340928174555302 0.0352721065282822 0.0425949692726135 0.0361630395054817 0.0322240255773067 0.037991389632225 0.0484202764928341 0.0411805845797062 0.0370129868388176 0.0391473323106766
0.0514117479324341 0.0213436931371689 0.0277980510145426 0.0188173558562994 0.0252938438206911 0.034645389765501 0.0370317921042442 0.0343638323247433 0.0311582870781422 0.027093855664134 0.0194883458316326 0.0311621390283108 0.0466491095721722 0.039528165012598 0.0507238619029522 0.0751355141401291 0.0932860970497131 0.0141782760620117 0.0832698345184326 0.0690105557441711 0.0647870749235153 0.10693571716547 0.104201056063175 0.0900911465287209 0.0524209402501583 0.0553299188613892 0.0432093627750874 0.0476788468658924 0.0505598336458206 0.0427184589207172 0.0411118268966675 0.0391297414898872 0.0319402627646923 0.0458589382469654 0.0497755594551563 0.0452943332493305 0.0386384688317776 0.0361933261156082 0.037822499871254 0.0300416145473719 0.0230611637234688 0.0335428602993488 0.029240183532238 0.0368721559643745 0.0293348338454962
0.033387154340744 0.0348771028220654 0.0325738526880741 0.0225192550569773 0.0294969584792852 0.029284218326211 0.027080537751317 0.028187919408083 0.0237768143415451 0.0244486909359694 0.0111925946548581 0.032728798687458 0.0283262897282839 0.0399767532944679 0.0407778546214104 0.0549875535070896 0.0613500811159611 -3.4e+38 0.0627608895301819 0.0606485791504383 0.0957745090126991 0.138841480016708 0.136710241436958 0.116999760270119 0.0720162764191628 0.0668845772743225 0.0450033284723759 0.0396706946194172 0.047097060829401 0.0450570322573185 0.052789032459259 0.0468825064599514 0.0391609109938145 0.0554866380989552 0.03898561373353 0.0492647215723991 0.0407824516296387 0.0413515567779541 0.0326473973691463 0.0303611140698195 0.0381118841469288 0.0312925539910793 0.0272980127483606 0.0320361591875553 0.0317147709429264
0.0429905205965042 0.032063152641058 0.0534070804715157 0.0360092371702194 0.0253202319145203 0.0258037354797125 0.0199970602989197 0.026704877614975 0.0267152823507786 0.0321359187364578 0.0404227562248707 0.0257198493927717 0.0385822393000126 0.0328536108136177 0.0335011780261993 0.0409309454262257 0.0606013238430023 0.0644690617918968 0.0500429607927799 0.0842185914516449 0.115501895546913 0.128286361694336 0.145995825529099 0.127514079213142 0.0857357904314995 0.0796438679099083 0.0806993097066879 0.0680146440863609 0.0492617189884186 0.0445791110396385 0.0514106377959251 0.0543446280062199 0.0588810443878174 0.0644025728106499 0.0594706684350967 0.0667814388871193 0.0459604784846306 0.0463260784745216 0.0462932772934437 0.0354021824896336 0.0374850817024708 0.0333533845841885 0.0372301787137985 0.0359536074101925 0.0321560129523277
0.0431049205362797 0.0335546359419823 0.0304090995341539 0.0141631755977869 0.0202627144753933 0.0247012339532375 0.0262170974165201 0.0144365057349205 0.0133228711783886 0.0323115736246109 0.0464636981487274 0.0557782761752605 0.0419505424797535 0.0226340107619762 0.0446659475564957 0.0440050736069679 0.0453025139868259 0.0502133592963219 0.0731929913163185 0.0642220973968506 0.0603622309863567 0.0801089182496071 0.101351492106915 0.0859105288982391 0.0569976009428501 0.0777486264705658 0.127779364585876 0.123830832540989 0.0889549404382706 0.082178145647049 0.0712628439068794 0.0674411058425903 0.060952216386795 0.0618594810366631 0.0669380351901054 0.0837968960404396 0.0549943298101425 0.0167437419295311 0.0647413805127144 0.0411453805863857 0.0437108837068081 0.0366209037601948 0.0346036963164806 0.0330576449632645 0.0328167155385017
0.0272044986486435 0.0280746798962355 0.0203787013888359 0.0231396183371544 0.0214264411479235 0.0236714351922274 0.0280630625784397 0.0182208158075809 0.0178770981729031 0.0324577242136002 0.0274181813001633 0.0278947502374649 0.0384433157742023 0.0321377255022526 0.0282227303832769 0.0457450784742832 0.0361101068556309 0.0466150790452957 0.0607874542474747 0.0765615925192833 0.0641240626573563 0.0520700886845589 0.0630338191986084 0.0489547401666641 0.0428111292421818 0.116070806980133 0.178232416510582 0.157395988702774 0.112287811934948 0.0982720479369164 0.0685674101114273 0.0591196902096272 0.0640927404165268 0.0652687773108482 0.0754186660051346 0.0561640933156013 0.0585544295608997 0.0442436821758747 0.0673700794577599 0.0409121736884117 0.0403434708714485 0.0411027446389198 0.0354028828442097 0.0367099046707153 0.044773705303669
0.035288080573082 0.0303264874964952 0.0226978473365307 0.0202825739979744 0.0222424473613501 0.0212838295847178 0.0355248115956783 0.0315842926502228 0.022219518199563 0.0236687567085028 0.0412688702344894 0.0359467193484306 0.0633640438318253 0.0381906218826771 0.0245825313031673 0.0385478362441063 0.0427500084042549 0.0446276962757111 0.0452421791851521 0.0487860552966595 0.0559771955013275 0.0504648946225643 0.0716018751263618 0.0631784275174141 0.0614750310778618 0.0981000140309334 0.0959053635597229 0.132588163018227 0.125860780477524 0.121782280504704 0.0849407687783241 0.0529641546308994 0.0832721516489983 0.0626967251300812 0.0593287907540798 0.0576078929007053 0.0489135347306728 0.0466842018067837 0.0637468472123146 0.065228283405304 0.0392852798104286 0.0433267131447792 0.0375640690326691 0.0332840010523796 0.0357735455036163
0.0351569578051567 0.0199029501527548 0.0246943812817335 0.0325002707540989 0.0209840666502714 0.0240933913737535 0.0287938266992569 0.0218697618693113 0.0109501993283629 0.023473771288991 0.0461943112313747 0.0340455397963524 0.0108963949605823 0.0396207571029663 0.0329594016075134 0.0432249940931797 0.0414256639778614 0.0421273559331894 0.0495837405323982 0.0241074506193399 0.0313631854951382 0.0597701705992222 0.0757065415382385 0.0276600793004036 0.046222060918808 0.0580107197165489 0.0824073255062103 0.0967926383018494 0.132727399468422 0.144625291228294 0.101719707250595 0.102122411131859 0.0703258886933327 0.0611615106463432 0.0605041310191154 0.077475905418396 0.0840281322598457 0.0535502843558788 0.0534535758197308 0.00620082393288612 0.0355290286242962 0.0424162857234478 0.0468042567372322 0.0398508682847023 0.0331868790090084
0.0345831401646137 0.0264508444815874 0.021476062014699 0.0284374859184027 0.0284898355603218 0.028489800170064 0.0345367006957531 0.0334295071661472 0.0319849289953709 0.0416113324463367 0.041370764374733 0.0416535884141922 0.0343205481767654 0.0503384247422218 0.0328981280326843 0.0752972662448883 0.127471148967743 0.0929475128650665 0.0602739565074444 0.0343811996281147 0.0380984023213387 0.0662522092461586 0.0526267252862453 0.0384438149631023 0.0338748693466187 0.0709113031625748 0.115234285593033 0.122895091772079 0.0752489939332008 0.0605016574263573 0.145012333989143 0.064324676990509 0.0647838711738586 0.0596103966236115 0.0640104562044144 0.0465160384774208 0.0716666504740715 0.0569423735141754 0.0631179809570312 0.0617028698325157 0.0638322681188583 0.0429725274443626 0.0395348034799099 0.0441213883459568 0.0440930761396885
0.0423261635005474 0.0376332886517048 0.0187196843326092 0.0353193432092667 0.0421272590756416 0.0352721512317657 0.0299094989895821 0.0375262573361397 0.0348981842398643 0.0471818521618843 0.0455060228705406 0.0368277058005333 0.0365790911018848 0.0364215411245823 0.0377494357526302 0.043288491666317 0.0626249462366104 0.0448265932500362 0.0464018136262894 0.0210534166544676 0.0512520745396614 0.0531334355473518 0.076451450586319 0.028540862724185 0.0331542678177357 0.0435174517333508 0.09706199914217 0.109117239713669 0.0698822885751724 0.0719016492366791 0.0988495945930481 0.0884141847491264 0.0738878026604652 0.0601272657513618 0.0527177341282368 0.0788629055023193 0.0655366182327271 0.0693915113806725 0.0693866461515427 0.0559602119028568 0.0473060570657253 0.069331169128418 0.0583819709718227 0.0367469266057014 0.0577222183346748
0.0358028523623943 0.0419398695230484 0.0415651723742485 0.0635648891329765 0.0518036596477032 0.0312093999236822 0.0277580041438341 0.0411289744079113 0.0391025133430958 0.0481209270656109 0.0374289974570274 0.0390248969197273 0.0386564359068871 0.0378086678683758 0.0326572991907597 0.0421740524470806 0.0547846369445324 0.0449690781533718 0.0184672065079212 0.0249069426208735 0.0444090329110622 0.0350080952048302 0.0611920021474361 0.0521482825279236 0.0530116371810436 -3.4e+38 0.0665130317211151 0.0564224720001221 0.0703170001506805 0.0769183337688446 0.0562271289527416 0.0714658200740814 0.0564014129340649 0.0436692051589489 0.0458820089697838 0.0579919442534447 0.0934894308447838 0.0725873932242393 0.0509251542389393 0.0568290241062641 0.0707777217030525 0.0526302717626095 0.0640614256262779 0.0411112271249294 0.034214124083519
0.0312774479389191 0.0362161546945572 0.0433543212711811 0.0425313748419285 0.0427771136164665 0.0323287323117256 0.0361166559159756 0.0474387742578983 0.0381599441170692 0.0339080430567265 0.0347505137324333 0.0353213734924793 0.0371472425758839 0.0297904666513205 0.0262908563017845 0.0405913107097149 0.02432756498456 0.0453333668410778 0.0540654622018337 0.0581762157380581 0.0480202361941338 0.0467788316309452 -3.4e+38 -3.4e+38 0.077454999089241 0.0416915714740753 0.0791204124689102 0.0600601956248283 0.0676658973097801 0.0229753851890564 0.0425371825695038 0.0527368523180485 0.0518150292336941 0.0527963079512119 0.0751132443547249 0.0607091635465622 0.0484778732061386 0.0499462783336639 0.0531415268778801 0.0439645759761333 0.0609604343771935 0.0329670757055283 0.0462087169289589 0.0460016988217831 0.0365174300968647
0.0349076613783836 0.0388885289430618 0.0508132539689541 0.0429570898413658 0.0331943519413471 0.0330042578279972 0.0312829315662384 0.0423537343740463 0.0308938976377249 0.0314918011426926 0.0364874340593815 0.0421762354671955 0.0325266383588314 0.0421667285263538 0.0267470255494118 0.0589172206819057 0.023588515818119 0.0468817390501499 0.0706445798277855 0.062388826161623 0.0821293592453003 0.0689850002527237 -3.4e+38 -3.4e+38 0.09323800355196 0.0632196664810181 0.0411959365010262 0.065184473991394 0.121950708329678 0.0445416867733002 0.0405152961611748 0.0461291745305061 0.0448000617325306 0.0473163649439812 0.0682161375880241 0.0741390064358711 0.0573879778385162 0.0664193630218506 0.0546044036746025 0.0435783416032791 0.0485623180866241 0.0579956769943237 0.0398925393819809 0.033514641225338 0.0426510348916054
0.0273843519389629 0.0327913947403431 0.0388604365289211 0.0388766340911388 0.0371759571135044 0.0352386236190796 0.0258186720311642 0.0304904226213694 0.037132877856493 0.0319814458489418 0.0329953841865063 0.0286135412752628 0.0206279680132866 0.0375769101083279 0.038646075874567 0.0422788299620152 0.0497269071638584 0.0872576907277107 0.0399290844798088 0.0386284291744232 0.0394257344305515 0.0609131082892418 0.0993310734629631 0.0807058662176132 0.041786789894104 0.0387733615934849 0.0350927822291851 0.0675630643963814 0.0241056252270937 -3.4e+38 0.0448076128959656 0.0490700341761112 0.0462639108300209 0.0180023275315762 0.0436268970370293 0.0485802702605724 0.052649449557066 0.0530909262597561 0.0480109341442585 0.0539277717471123 0.0509745888411999 0.0512957349419594 0.0503225065767765 0.0366459041833878 0.0461612902581692
0.0296683348715305 0.044048685580492 0.0517267324030399 0.0395501777529716 0.0312940664589405 0.0389847531914711 0.0293157808482647 0.0278029497712851 0.0308437999337912 0.0358239933848381 0.0265042390674353 0.0283146928995848 0.0243756044656038 0.0328882075846195 0.0235201846808195 0.0306350402534008 0.0384856462478638 0.0279720928519964 0.0653223618865013 0.0442198067903519 0.0297200381755829 0.0353028364479542 0.0776882395148277 0.061207503080368 0.0578024685382843 0.0451409444212914 0.100676372647285 -3.4e+38 -3.4e+38 0.0679013356566429 -3.4e+38 0.0642823502421379 0.111081726849079 0.0311816800385714 0.0439267493784428 0.0527950562536716 0.0427376553416252 0.0485239550471306 0.0582135394215584 0.0397322252392769 0.0436890162527561 0.0570050589740276 0.0642373710870743 0.0327495783567429 0.0422119572758675
0.0363977439701557 0.0373860448598862 0.0377610921859741 0.0319460965692997 0.0319906510412693 0.0354151464998722 0.0378420688211918 0.0274945106357336 0.0294156149029732 0.0380714908242226 0.049121830612421 0.0339868552982807 0.0374889932572842 0.0255065150558949 0.0189430117607117 0.0251143481582403 0.0495843626558781 0.0449839197099209 0.0509837418794632 0.0533760190010071 0.0404363945126534 0.0639288052916527 0.0625925064086914 0.0565169267356396 0.0737430155277252 0.0663134083151817 -3.4e+38 -3.4e+38 -3.4e+38 -3.4e+38 -3.4e+38 0.0644566863775253 0.0624583996832371 0.0308011490851641 0.0492357425391674 0.0476943217217922 0.0392599180340767 0.0446185320615768 0.0532127618789673 0.0363086573779583 0.0417015105485916 0.0600794889032841 0.0523383505642414 0.0278659015893936 0.0408473610877991
