Ecospace-environmental-drivers/Outputs/ASCII-for-ecospace/Cfl/Cfl_X2015.03.asc
NCOLS 131 
NROWS 53 
XLLCORNER -98 
YLLCORNER 23.9265270233154 
CELLSIZE 0.133587792515755 
NODATA_value -3.4e+38 
[rows 20 to 39 of 53, columns 46 to 91 of 131]
0.25408673286438 0.251749575138092 0.231329321861267 0.227755665779114 0.285556793212891 0.402013391256332 0.515869736671448 0.556801736354828 0.479076355695724 0.411039263010025 0.320616662502289 0.304223388433456 0.303780317306519 0.267975568771362 0.235363960266113 0.219244942069054 0.334024399518967 0.395456850528717 0.247893705964088 0.242749556899071 0.250881522893906 0.493225663900375 0.801183104515076 0.455873608589172 0.766950368881226 0.438409745693207 0.433455765247345 0.279600560665131 0.236909836530685 0.231261849403381 0.201752871274948 0.215231224894524 0.226972445845604 0.227163448929787 0.224619477987289 0.22413644194603 0.225153639912605 0.220077604055405 0.222470834851265 0.211402922868729 0.19675375521183 0.171097531914711 0.151557624340057 0.169686034321785 0.196232721209526 0.189127206802368
0.186412811279297 0.183098152279854 0.193926125764847 0.205769777297974 0.226182356476784 0.219827488064766 0.204236030578613 0.209680587053299 0.220314025878906 0.193769946694374 0.185113832354546 0.174774035811424 0.186441883444786 0.228977307677269 0.184692993760109 0.133998230099678 0.162796854972839 0.181730464100838 0.162827044725418 0.172179758548737 0.205120369791985 0.261898785829544 0.564575731754303 0.533211827278137 0.577862858772278 0.34700933098793 0.275252461433411 0.239861845970154 0.261184960603714 0.284374386072159 0.308906376361847 0.27070289850235 0.242977142333984 0.225657671689987 0.2342519313097 0.254013001918793 0.217470064759254 0.203763216733932 0.181820467114449 0.223238155245781 0.23457370698452 0.18621364235878 0.15295697748661 0.154712110757828 0.167164385318756 0.149166628718376
0.197488412261009 0.177610769867897 0.181405246257782 0.209986552596092 0.213131487369537 0.198668360710144 0.182093665003777 0.181172981858253 0.185850217938423 0.186423256993294 0.19837249815464 0.17302393913269 0.165692791342735 0.186768978834152 0.207133010029793 0.17669503390789 0.155660778284073 0.153085514903069 0.153917446732521 0.147312968969345 0.166381508111954 0.187521949410439 0.268971174955368 0.524645388126373 0.390207827091217 0.263741731643677 0.228294998407364 0.215746149420738 0.221823841333389 0.268695592880249 0.286168277263641 0.255889981985092 0.293030083179474 0.296606004238129 0.282768160104752 0.252540677785873 0.226079627871513 0.200968965888023 0.193175241351128 0.21328604221344 0.227335512638092 0.179673060774803 0.167637601494789 0.15934319794178 0.162121117115021 0.184057235717773
0.186671391129494 0.170323461294174 0.15901505947113 0.166478708386421 0.168036639690399 0.179148659110069 0.174527004361153 0.159178182482719 0.167567133903503 0.172213599085808 0.166703909635544 0.14651158452034 0.154599621891975 0.162134692072868 0.151940181851387 0.156650424003601 0.154167979955673 0.146397158503532 0.156834527850151 0.141242459416389 0.133342653512955 0.163788944482803 0.214584946632385 0.320816844701767 0.422632157802582 0.244488626718521 0.209909707307816 0.198522448539734 0.188942968845367 0.211892038583755 0.264830887317657 0.308103233575821 0.281698852777481 0.281856447458267 0.271812677383423 0.241928994655609 0.211040154099464 0.184929043054581 0.184847414493561 0.175269916653633 0.197255223989487 0.183950126171112 0.168534398078918 0.155867457389832 0.1539226770401 0.188438549637794
0.166017487645149 0.158866405487061 0.15462352335453 0.156583324074745 0.162572845816612 0.164079070091248 0.163470387458801 0.154429167509079 0.16120570898056 0.154866248369217 0.155265882611275 0.142558053135872 0.156256079673767 0.165253162384033 0.143989101052284 0.153011694550514 0.163458257913589 0.162891522049904 0.153330326080322 0.153662815690041 0.148041188716888 0.162969470024109 0.164495587348938 0.194199591875076 0.34102737903595 0.280426353216171 0.213321030139923 0.189280927181244 0.239796429872513 0.243542432785034 0.336135178804398 0.342295587062836 0.221775233745575 0.215114116668701 0.219355210661888 0.221025049686432 0.21667218208313 0.184604465961456 0.168201640248299 0.164337486028671 0.173257187008858 0.189216315746307 0.18049344420433 0.165189146995544 0.174504116177559 0.185760363936424
0.170990705490112 0.160961970686913 0.160436198115349 0.161696314811707 0.15104652941227 0.154036149382591 0.160996288061142 0.159813493490219 0.154913246631622 0.145318284630775 0.136294931173325 0.125264748930931 0.128672569990158 0.134229421615601 0.137509018182755 0.15789507329464 0.14876925945282 0.139402166008949 0.137969449162483 0.141863644123077 0.147298410534859 0.140416011214256 0.133152157068253 0.133127719163895 0.210141733288765 0.377397567033768 0.423891365528107 0.240842953324318 0.203648880124092 0.215892374515533 0.201911300420761 0.209540441632271 0.219867721199989 0.211109504103661 0.20875395834446 0.217997610569 0.204929143190384 0.175423815846443 0.166990503668785 0.157723233103752 0.160021528601646 0.157585456967354 0.158434316515923 0.172436431050301 0.181800991296768 0.190849259495735
0.150043457746506 0.155364751815796 0.165910586714745 0.164485946297646 0.143675297498703 0.153720915317535 0.169772908091545 0.157557025551796 0.143616437911987 0.135342672467232 0.125996321439743 0.117343090474606 0.123878054320812 0.125570207834244 0.13405641913414 0.14534430205822 0.134579882025719 0.132520630955696 0.136223703622818 0.137494370341301 0.120458088815212 0.110008150339127 0.10757714509964 0.12027121335268 0.131867557764053 0.171585708856583 0.472467452287674 0.36919704079628 0.271877110004425 0.178852885961533 0.179789364337921 0.194871127605438 0.231989338994026 0.200230449438095 0.206888750195503 0.19396984577179 0.180255711078644 0.179723784327507 0.170033797621727 0.1602543592453 0.154183179140091 0.151720002293587 0.149574428796768 0.148244544863701 0.165563955903053 0.168234840035439
0.161872491240501 0.153783023357391 0.174324929714203 0.160597145557404 0.136872142553329 0.150393441319466 0.175786331295967 0.163413599133492 0.129179626703262 0.126705169677734 0.119076527655125 0.115610159933567 0.116522990167141 0.118251994252205 0.120423085987568 0.138346210122108 0.133730232715607 0.136768087744713 0.137130364775658 0.126123428344727 0.116025067865849 0.117726281285286 0.126771986484528 0.128160148859024 0.135654523968697 0.140808716416359 0.155160829424858 0.203290402889252 0.25897079706192 0.203056126832962 0.192880049347878 0.209982439875603 0.221329063177109 0.214640855789185 0.223859816789627 0.200273215770721 0.180784448981285 0.180783346295357 0.165396809577942 0.153934597969055 0.15757617354393 0.156476423144341 0.147927701473236 0.141577184200287 0.153462097048759 0.147681474685669
0.149892956018448 0.143132671713829 0.14573135972023 0.147043168544769 0.130262419581413 0.125079944729805 0.150529190897942 0.154550015926361 0.124732583761215 0.128263458609581 0.12031327933073 0.114786475896835 0.108908832073212 0.117089726030827 0.12106167525053 0.124712556600571 0.123300679028034 0.135688304901123 0.142226010560989 0.129832401871681 0.132718741893768 0.136494383215904 0.101910427212715 0.111159712076187 0.115589909255505 0.128963351249695 0.1404038220644 0.151646062731743 0.142205819487572 0.161198765039444 0.186093106865883 0.18948495388031 0.202929139137268 0.216411873698235 0.232338294386864 0.219006270170212 0.195189341902733 0.174191266298294 0.159516215324402 0.153297170996666 0.150187790393829 0.146543860435486 0.151636257767677 0.139223858714104 0.13464443385601 0.139928266406059
0.139560878276825 0.136748313903809 0.145499587059021 0.136911913752556 0.141764000058174 0.15376241505146 0.166352018713951 0.152275383472443 0.13250432908535 0.12465838342905 0.121127858757973 0.123666450381279 0.120987057685852 0.131609916687012 0.127990871667862 0.130518063902855 0.129330724477768 0.14167520403862 0.130735099315643 0.127391129732132 0.109489724040031 0.104932926595211 0.1002102419734 0.0997684523463249 0.103898122906685 0.113617636263371 0.12764023244381 0.13553261756897 0.145747348666191 0.166925236582756 0.17105920612812 0.179531499743462 0.188341975212097 0.20485520362854 0.211518198251724 0.207275673747063 0.190393432974815 0.170063182711601 0.167442619800568 0.161348253488541 0.159862488508224 0.148355305194855 0.147725760936737 0.155055284500122 0.145135939121246 0.132306754589081
0.143064886331558 0.148901641368866 0.154209718108177 0.148999884724617 0.148279324173927 0.155297785997391 0.145469307899475 0.1322251111269 0.124665178358555 0.138351365923882 0.145755544304848 0.133913651108742 0.121401727199554 0.118431009352207 0.127511575818062 0.129919409751892 0.129230856895447 0.136349752545357 0.131218984723091 0.11697306483984 0.107018813490868 0.10543067753315 0.104403056204319 0.104657486081123 0.106246344745159 0.107243627309799 0.115195527672768 0.135557800531387 0.155324578285217 0.174214899539948 0.180107116699219 0.172512650489807 0.171617299318314 0.180538907647133 0.195286646485329 0.199870213866234 0.188098758459091 0.176895931363106 0.178328484296799 0.179504334926605 0.178671106696129 0.166248232126236 0.15351302921772 0.156162023544312 0.156427413225174 0.146876022219658
0.148974686861038 0.157636627554893 0.155144453048706 0.153007090091705 0.155832201242447 0.155658021569252 0.146386206150055 0.139125198125839 0.155238032341003 0.157446414232254 0.151958733797073 0.130537137389183 0.119921840727329 0.115713641047478 0.131837695837021 0.131080761551857 0.137747809290886 0.136855959892273 0.134048357605934 0.126424610614777 0.120211116969585 0.108625635504723 0.104297585785389 0.106224201619625 0.112662695348263 0.1154490634799 0.126214370131493 0.138170257210732 0.147637322545052 0.167641654610634 0.176455050706863 0.171791091561317 0.163459986448288 0.164669528603554 0.188151955604553 0.197435528039932 0.188573434948921 0.194304957985878 0.194806635379791 0.208060920238495 0.21229550242424 0.205146238207817 0.180055767297745 0.164555490016937 0.163943693041801 0.157744586467743
0.148187965154648 0.146113246679306 0.142620638012886 0.143563881516457 0.157538041472435 0.169784292578697 0.14478811621666 0.158049792051315 0.204184889793396 0.205073326826096 0.135752156376839 0.133511394262314 0.113845437765121 0.109302118420601 0.112562924623489 0.124887801706791 0.132485941052437 0.130041629076004 0.130076721310616 0.132649376988411 0.126160204410553 0.111802600324154 0.108000755310059 0.106607042253017 0.121333725750446 0.141944751143456 0.14523158967495 0.144379064440727 0.144959464669228 0.147946983575821 0.155311718583107 0.164609298110008 0.165639653801918 0.159978196024895 0.181999608874321 0.195782497525215 0.184695288538933 0.191274300217628 0.203623607754707 0.218217089772224 0.226316273212433 0.219095930457115 0.185745984315872 0.178594633936882 0.170619338750839 0.169315338134766
0.144585847854614 0.13776096701622 0.140641286969185 0.140597209334373 0.170403838157654 0.160816922783852 0.157081037759781 0.168361693620682 0.16757433116436 0.16580294072628 0.145861744880676 0.141026183962822 0.112719304859638 0.114547796547413 0.115668088197708 0.119627468287945 0.121150404214859 0.132035180926323 0.133090406656265 0.129672557115555 0.124354839324951 0.133130356669426 0.13488245010376 0.1188869997859 0.123602278530598 0.146561965346336 0.146387577056885 0.136146247386932 0.136114358901978 0.145626828074455 0.155237644910812 0.16072104871273 0.164586842060089 0.166063100099564 0.188119798898697 0.199130609631538 0.188901841640472 0.20399521291256 0.22023506462574 0.232841625809669 0.238829985260963 0.224899902939796 0.18883104622364 0.179605886340141 0.171863093972206 0.162740111351013
0.143719151616096 0.139311417937279 0.13973942399025 0.146291434764862 0.175437852740288 0.175046250224113 0.17666882276535 0.160821780562401 0.16087418794632 0.168034568428993 0.15618585050106 0.147733807563782 0.114184826612473 0.116544060409069 0.115986742079258 0.118270725011826 0.126905545592308 0.12652163207531 0.136696621775627 0.129364103078842 0.121441021561623 0.12748846411705 0.124340705573559 0.117152720689774 0.107767254114151 0.115683935582638 0.119288586080074 0.128846704959869 0.127086699008942 0.125395879149437 0.143598929047585 0.158143058419228 0.153094172477722 0.148810416460037 0.16763736307621 0.189486771821976 0.193059965968132 0.196092829108238 0.212851494550705 0.228590220212936 0.233026683330536 0.215033978223801 0.182697430253029 0.164446800947189 0.159815281629562 0.156977578997612
0.156404122710228 0.155942529439926 0.150172367691994 0.156985655426979 0.163753762841225 0.169927388429642 0.18145789206028 0.162851259112358 0.15928627550602 0.157004550099373 0.18669992685318 0.185143977403641 0.129496991634369 0.125781759619713 0.123542413115501 0.120802134275436 0.122842207551003 0.122540436685085 0.13068225979805 0.119775868952274 0.107617825269699 0.115785241127014 0.122666656970978 0.117912359535694 0.116560496389866 0.110425591468811 0.113529525697231 0.118710748851299 0.117656946182251 0.118131622672081 0.124494291841984 0.138236224651337 0.13805291056633 0.140007883310318 0.149454116821289 0.1638443171978 0.181865945458412 0.189599901437759 0.184069097042084 0.19739456474781 0.208173811435699 0.196524202823639 0.171147778630257 0.147562682628632 0.148044064640999 0.151097506284714
0.160090610384941 0.164479240775108 0.163440749049187 0.166777163743973 0.166519060730934 0.175005838274956 0.185232594609261 0.158682286739349 0.152226239442825 0.152970880270004 0.155213370919228 0.156544759869576 0.134818241000175 0.127188086509705 0.128721013665199 0.135208427906036 0.126705691218376 0.120973870158195 0.109793536365032 0.104684755206108 0.100184053182602 0.101212076842785 0.11613491922617 0.111931867897511 0.112039469182491 0.104987613856792 0.112994566559792 0.127260610461235 0.138105645775795 0.128034174442291 0.120016992092133 0.117725647985935 0.12452544271946 0.134951770305634 0.134989872574806 0.149400249123573 0.166987776756287 0.176499113440514 0.180007591843605 0.178645223379135 0.18395622074604 0.187896177172661 0.167620673775673 0.14691998064518 0.147292524576187 0.146321922540665
0.180368974804878 0.165821686387062 0.161346763372421 0.159370183944702 0.16945107281208 0.178265690803528 0.198331490159035 0.156904488801956 0.142366856336594 0.139470592141151 0.138417437672615 0.12627474963665 0.131504043936729 0.129699930548668 0.118792846798897 0.119468726217747 0.113860107958317 0.117812506854534 0.116687059402466 0.108449041843414 0.104275897145271 0.0989803597331047 0.102179244160652 0.100311696529388 0.104864075779915 0.107087984681129 0.105105124413967 0.120076276361942 0.12126250565052 0.113533303141594 0.110504381358624 0.11557449400425 0.122280403971672 0.123745381832123 0.128401249647141 0.138764232397079 0.146999537944794 0.153835594654083 0.156333521008492 0.157766625285149 0.149803936481476 0.143209084868431 0.151022851467133 0.140636548399925 0.140571892261505 0.135281205177307
0.178634494543076 0.181505009531975 0.182860970497131 0.163101002573967 0.173170730471611 0.155152037739754 0.188289985060692 0.152944624423981 0.132665306329727 0.134843736886978 0.144368067383766 0.132778510451317 0.120493620634079 0.115447625517845 0.117697805166245 0.125834628939629 0.119941249489784 0.120626702904701 0.119201675057411 0.118810303509235 0.132088780403137 0.116938009858131 0.101610206067562 0.103132113814354 0.100966989994049 0.0964579358696938 0.0979786813259125 0.101530335843563 0.101054422557354 0.095175988972187 0.0994091108441353 0.119585327804089 0.122434467077255 0.124872282147408 0.130324110388756 0.133117392659187 0.133032709360123 0.136298567056656 0.150937050580978 0.150803178548813 0.149909570813179 0.142631813883781 0.141880005598068 0.13328230381012 0.129463940858841 0.127359494566917
0.160067364573479 0.165386065840721 0.173741072416306 0.182620406150818 0.167707920074463 0.169226959347725 0.184433251619339 0.151235967874527 0.146308824419975 0.142704337835312 0.136618748307228 0.140141144394875 0.134762272238731 0.121144980192184 0.127142697572708 0.140533536672592 0.15445202589035 0.142795756459236 0.136316806077957 0.130209431052208 0.149294227361679 0.127924963831902 0.114038623869419 0.122020527720451 0.11550348252058 0.0964024662971497 0.0895333215594292 0.0914610847830772 0.0991891622543335 0.105232730507851 0.108566023409367 0.117439262568951 0.134842902421951 0.121240600943565 0.137920066714287 0.129024386405945 0.128047987818718 0.127607345581055 0.133933544158936 0.140897378325462 0.140987575054169 0.128790214657784 0.126210257411003 0.121744327247143 0.117953881621361 0.117181017994881
