Ecospace-environmental-drivers/Outputs/ASCII-for-ecospace/Cfl/Cfl_X2013.04.asc
NCOLS 131 
NROWS 53 
XLLCORNER -98 
YLLCORNER 23.9265270233154 
CELLSIZE 0.133587792515755 
NODATA_value -3.4e+38 
[rows 0 to 19 of 53, columns 46 to 91 of 131]
-3.4e+38 -3.4e+38 -3.4e+38 -3.4e+38 -3.4e+38 -3.4e+38 -3.4e+38 -3.4e+38 -3.4e+38 -3.4e+38 -3.4e+38 -3.4e+38 -3.4e+38 -3.4e+38 -3.4e+38 -3.4e+38 -3.4e+38 -3.4e+38 -3.4e+38 -3.4e+38 -3.4e+38 -3.4e+38 -3.4e+38 -3.4e+38 -3.4e+38 -3.4e+38 -3.4e+38 -3.4e+38 -3.4e+38 -3.4e+38 -3.4e+38 -3.4e+38 -3.4e+38 -3.4e+38 -3.4e+38 -3.4e+38 -3.4e+38 -3.4e+38 -3.4e+38 -3.4e+38 -3.4e+38 -3.4e+38 -3.4e+38 -3.4e+38 -3.4e+38 -3.4e+38
-3.4e+38 -3.4e+38 -3.4e+38 -3.4e+38 -3.4e+38 -3.4e+38 -3.4e+38 -3.4e+38 -3.4e+38 -3.4e+38 -3.4e+38 -3.4e+38 -3.4e+38 -3.4e+38 -3.4e+38 -3.4e+38 -3.4e+38 -3.4e+38 -3.4e+38 -3.4e+38 -3.4e+38 -3.4e+38 -3.4e+38 -3.4e+38 -3.4e+38 -3.4e+38 -3.4e+38 -3.4e+38 -3.4e+38 -3.4e+38 -3.4e+38 -3.4e+38 -3.4e+38 -3.4e+38 -3.4e+38 -3.4e+38 -3.4e+38 -3.4e+38 -3.4e+38 -3.4e+38 -3.4e+38 -3.4e+38 -3.4e+38 -3.4e+38 -3.4e+38 -3.4e+38
-3.4e+38 -3.4e+38 -3.4e+38 -3.4e+38 -3.4e+38 -3.4e+38 -3.4e+38 -3.4e+38 -3.4e+38 -3.4e+38 -3.4e+38 -3.4e+38 -3.4e+38 -3.4e+38 -3.4e+38 -3.4e+38 -3.4e+38 -3.4e+38 -3.4e+38 -3.4e+38 -3.4e+38 -3.4e+38 -3.4e+38 -3.4e+38 -3.4e+38 -3.4e+38 -3.4e+38 -3.4e+38 -3.4e+38 -3.4e+38 -3.4e+38 -3.4e+38 -3.4e+38 -3.4e+38 -3.4e+38 -3.4e+38 -3.4e+38 -3.4e+38 -3.4e+38 -3.4e+38 -3.4e+38 -3.4e+38 -3.4e+38 -3.4e+38 -3.4e+38 -3.4e+38
-3.4e+38 -3.4e+38 -3.4e+38 -3.4e+38 -3.4e+38 -3.4e+38 -3.4e+38 -3.4e+38 -3.4e+38 -3.4e+38 -3.4e+38 -3.4e+38 -3.4e+38 -3.4e+38 -3.4e+38 -3.4e+38 -3.4e+38 -3.4e+38 -3.4e+38 -3.4e+38 -3.4e+38 -3.4e+38 -3.4e+38 -3.4e+38 -3.4e+38 -3.4e+38 -3.4e+38 -3.4e+38 12.5181913375854 14.3967752456665 -3.4e+38 -3.4e+38 -3.4e+38 -3.4e+38 -3.4e+38 -3.4e+38 -3.4e+38 -3.4e+38 -3.4e+38 -3.4e+38 -3.4e+38 -3.4e+38 -3.4e+38 -3.4e+38 -3.4e+38 -3.4e+38
-3.4e+38 -3.4e+38 -3.4e+38 -3.4e+38 -3.4e+38 -3.4e+38 -3.4e+38 -3.4e+38 -3.4e+38 -3.4e+38 -3.4e+38 -3.4e+38 11.4774751663208 -3.4e+38 -3.4e+38 -3.4e+38 -3.4e+38 -3.4e+38 -3.4e+38 -3.4e+38 -3.4e+38 15.1287069320679 16.0213222503662 -3.4e+38 -3.4e+38 -3.4e+38 14.6277484893799 -3.4e+38 14.6907119750977 15.4538345336914 -3.4e+38 -3.4e+38 -3.4e+38 -3.4e+38 -3.4e+38 90.8416519165039 14.5736503601074 2.25412750244141 2.5471658706665 10.7465362548828 5.09224796295166 8.11653614044189 -3.4e+38 -3.4e+38 -3.4e+38 -3.4e+38
-3.4e+38 -3.4e+38 -3.4e+38 -3.4e+38 -3.4e+38 -3.4e+38 -3.4e+38 -3.4e+38 -3.4e+38 -3.4e+38 -3.4e+38 9.53440380096436 8.2079553604126 7.67661094665527 7.77321672439575 -3.4e+38 -3.4e+38 -3.4e+38 11.8202991485596 13.9935293197632 10.3645801544189 11.3692083358765 12.4024972915649 13.366283416748 10.9816513061523 11.1411619186401 11.7757558822632 12.2991304397583 13.0200700759888 14.2738027572632 13.9609899520874 6.89560985565186 8.02164173126221 9.92844772338867 3.46194553375244 1.94110119342804 1.88100230693817 1.56613552570343 1.65871834754944 2.80192160606384 1.99599123001099 1.88429224491119 4.30528831481934 4.02660036087036 2.43508887290955 -3.4e+38
-3.4e+38 -3.4e+38 -3.4e+38 -3.4e+38 -3.4e+38 -3.4e+38 -3.4e+38 -3.4e+38 -3.4e+38 -3.4e+38 -3.4e+38 8.33373165130615 7.1726975440979 7.74267721176147 8.0225248336792 -3.4e+38 12.0530958175659 10.5884256362915 10.3039064407349 8.82614803314209 7.854407787323 7.27544212341309 5.82599544525146 6.89688777923584 5.59958267211914 7.11543369293213 7.31490468978882 7.33824825286865 5.84439659118652 4.08626174926758 2.53607606887817 2.79761719703674 2.22346901893616 1.77628982067108 1.1501133441925 0.814619898796082 0.565669417381287 0.498460978269577 0.750990688800812 0.813044130802155 0.694254755973816 0.659944295883179 0.864041149616241 1.53007924556732 2.34698176383972 5.11957406997681
-3.4e+38 -3.4e+38 -3.4e+38 -3.4e+38 -3.4e+38 -3.4e+38 -3.4e+38 -3.4e+38 -3.4e+38 -3.4e+38 -3.4e+38 -3.4e+38 -3.4e+38 -3.4e+38 -3.4e+38 7.87226533889771 7.85496139526367 9.36765956878662 9.66016292572021 8.48326587677002 7.42588043212891 8.74461555480957 7.48645305633545 4.19767189025879 2.34658813476562 2.70082306861877 2.50514888763428 2.50977897644043 2.43030047416687 1.79979765415192 1.43476760387421 1.12463569641113 1.03449213504791 0.889865159988403 0.671861529350281 0.474640697240829 0.323207437992096 0.28512504696846 0.345639288425446 0.396023392677307 0.380426943302155 0.448347270488739 0.579602301120758 0.703722059726715 1.29318344593048 2.13415360450745
-3.4e+38 -3.4e+38 -3.4e+38 -3.4e+38 -3.4e+38 -3.4e+38 -3.4e+38 -3.4e+38 -3.4e+38 -3.4e+38 -3.4e+38 -3.4e+38 -3.4e+38 -3.4e+38 -3.4e+38 -3.4e+38 9.15688228607178 -3.4e+38 9.38209915161133 10.1584167480469 7.72848844528198 6.05886030197144 4.99355936050415 3.14497995376587 1.67598521709442 1.08399617671967 0.968506991863251 0.958825886249542 0.992196440696716 1.11616659164429 0.924123406410217 0.665118873119354 0.533931314945221 0.484507739543915 0.307182937860489 0.24220784008503 0.2593654692173 0.295787930488586 0.348112016916275 0.322008550167084 0.353236019611359 0.366821557283401 0.419804960489273 0.545220017433167 0.697149515151978 1.08095753192902
-3.4e+38 -3.4e+38 -3.4e+38 -3.4e+38 -3.4e+38 -3.4e+38 -3.4e+38 -3.4e+38 -3.4e+38 -3.4e+38 -3.4e+38 -3.4e+38 -3.4e+38 -3.4e+38 -3.4e+38 -3.4e+38 -3.4e+38 12.7068996429443 10.1562557220459 14.329460144043 9.63538646697998 6.20575141906738 4.52539014816284 2.53148531913757 1.69568359851837 1.03058195114136 0.804673254489899 0.765851318836212 0.883753061294556 0.908995926380157 0.80870133638382 0.560794293880463 0.430976003408432 0.388547450304031 0.283021599054337 0.224267393350601 0.233767941594124 0.249913722276688 0.295273572206497 0.320576429367065 0.318055868148804 0.315874874591827 0.362351477146149 0.508845925331116 0.64085841178894 0.913145840167999
-3.4e+38 -3.4e+38 -3.4e+38 -3.4e+38 -3.4e+38 -3.4e+38 -3.4e+38 -3.4e+38 -3.4e+38 -3.4e+38 -3.4e+38 -3.4e+38 -3.4e+38 -3.4e+38 -3.4e+38 -3.4e+38 14.2906513214111 17.6948318481445 12.8003005981445 15.3163433074951 10.8872241973877 5.82608795166016 4.87098789215088 4.36967086791992 2.57604575157166 0.953121900558472 0.770405352115631 0.749164998531342 0.646815359592438 0.58339124917984 0.524116337299347 0.496305733919144 0.429548859596252 0.355220556259155 0.267607271671295 0.20517510175705 0.205550894141197 0.220956742763519 0.252473413944244 0.262999475002289 0.265219122171402 0.296870768070221 0.341255038976669 0.431704014539719 0.561886668205261 0.75561249256134
-3.4e+38 -3.4e+38 -3.4e+38 -3.4e+38 -3.4e+38 -3.4e+38 -3.4e+38 -3.4e+38 -3.4e+38 -3.4e+38 -3.4e+38 -3.4e+38 -3.4e+38 -3.4e+38 -3.4e+38 -3.4e+38 -3.4e+38 18.0920715332031 10.4136753082275 16.92160987854 11.5764865875244 5.74508333206177 5.32438278198242 4.2635612487793 2.23100471496582 0.62327367067337 0.535045266151428 0.483257800340652 0.353830009698868 0.322906017303467 0.347923636436462 0.32074049115181 0.245811372995377 0.211268097162247 0.211051672697067 0.184826657176018 0.187843725085258 0.211125448346138 0.207132086157799 0.22562113404274 0.247863635420799 0.257692486047745 0.273976027965546 0.382135182619095 0.523573040962219 0.932998597621918
16.2260341644287 12.807448387146 -3.4e+38 -3.4e+38 -3.4e+38 -3.4e+38 -3.4e+38 -3.4e+38 -3.4e+38 6.30184602737427 -3.4e+38 -3.4e+38 -3.4e+38 13.8103628158569 36.6494979858398 24.1012802124023 18.9693012237549 -3.4e+38 -3.4e+38 -3.4e+38 15.7009696960449 6.86373376846313 3.38984370231628 3.41678833961487 1.91195213794708 0.400091499090195 0.384488850831985 0.310533553361893 0.18148697912693 0.200712010264397 0.215028867125511 0.21035324037075 0.1928970515728 0.194816619157791 0.196719780564308 0.175727173686028 0.187684163451195 0.197046101093292 0.20585110783577 0.199907645583153 0.208168923854828 0.193212896585464 0.208983361721039 0.274040818214417 0.409883201122284 0.47255864739418
26.4319667816162 18.5110569000244 21.2660827636719 37.2497291564941 12.3596057891846 8.0585298538208 5.91561222076416 -3.4e+38 -3.4e+38 5.55114793777466 5.90115022659302 6.63397359848022 -3.4e+38 19.0386161804199 22.6606636047363 26.0659427642822 14.830620765686 6.57519960403442 -3.4e+38 -3.4e+38 -3.4e+38 10.3537998199463 2.87793135643005 2.98407626152039 1.4518369436264 0.249603375792503 0.214850470423698 0.194533467292786 0.181648150086403 0.193788692355156 0.205090925097466 0.201714888215065 0.193807676434517 0.171333447098732 0.167429372668266 0.165800243616104 0.171154037117958 0.184833645820618 0.200704574584961 0.20471565425396 0.217731416225433 0.196794837713242 0.184381380677223 0.213977083563805 0.308944880962372 0.363103657960892
15.9500570297241 16.0801544189453 15.913914680481 17.7020244598389 15.0340518951416 7.82394456863403 7.80259466171265 12.0794067382812 10.3317222595215 10.2492084503174 8.71424007415771 10.4015979766846 13.7834281921387 13.9240436553955 16.8820743560791 18.192008972168 13.7527570724487 9.16454219818115 6.88498544692993 -3.4e+38 14.9965686798096 10.6765899658203 2.17701315879822 1.51940131187439 0.667048454284668 0.190693035721779 0.172287985682487 0.172634929418564 0.168376848101616 0.173505276441574 0.188070431351662 0.175733953714371 0.172975674271584 0.166065290570259 0.169021219015121 0.167747870087624 0.170968055725098 0.178385034203529 0.184198081493378 0.201746180653572 0.232236579060555 0.205649957060814 0.165663585066795 0.170404493808746 0.18927201628685 0.227950125932693
11.6063261032104 8.43413543701172 14.9465389251709 17.9814167022705 9.00659275054932 7.60061931610107 8.27020359039307 9.73210525512695 14.423134803772 12.6830186843872 8.57735824584961 5.97625112533569 7.15018510818481 9.5668773651123 11.8376617431641 14.4667510986328 12.395791053772 10.6907787322998 8.80598068237305 11.3997011184692 14.8886613845825 7.6646933555603 1.1210036277771 0.948602259159088 0.245008111000061 0.167293265461922 0.166605472564697 0.162683516740799 0.160517647862434 0.169984772801399 0.173043191432953 0.165662050247192 0.167673587799072 0.165366441011429 0.166313111782074 0.173067599534988 0.173263698816299 0.177254512906075 0.170945972204208 0.197306483983994 0.208354562520981 0.197034582495689 0.178991332650185 0.175162494182587 0.174082532525063 0.197527542710304
2.19685101509094 2.40047550201416 5.20367050170898 7.95432329177856 5.96892786026001 5.63066625595093 6.38431310653687 7.63385105133057 8.19837474822998 5.29953670501709 3.87079286575317 3.92075562477112 4.4984393119812 5.90145254135132 7.16229391098022 10.6344184875488 9.60973167419434 5.64233160018921 4.33838510513306 5.08502531051636 4.60058546066284 1.97301769256592 0.480879783630371 0.328604608774185 0.177899464964867 0.165245309472084 0.166142895817757 0.166843205690384 0.165914386510849 0.165901437401772 0.178820565342903 0.170863121747971 0.173664018511772 0.182658553123474 0.18531608581543 0.168447658419609 0.16211025416851 0.179463058710098 0.184072926640511 0.176902741193771 0.19809091091156 0.193684935569763 0.186599746346474 0.187154576182365 0.19468529522419 0.18259534239769
1.22333526611328 1.18129026889801 1.25001800060272 1.68449139595032 2.42660689353943 3.36205291748047 4.1336841583252 4.03481435775757 3.62126994132996 2.88744950294495 3.32361912727356 7.77373743057251 7.91499805450439 4.13523435592651 2.90139365196228 2.88944625854492 2.06677722930908 1.33213698863983 0.814571738243103 0.894170045852661 0.666489362716675 0.287002384662628 0.222611203789711 0.181504756212234 0.16926397383213 0.158349350094795 0.164208024740219 0.166791796684265 0.170392125844955 0.174346059560776 0.183787107467651 0.182440489530563 0.180274918675423 0.188957780599594 0.180842489004135 0.170951142907143 0.169464856386185 0.156589314341545 0.169633463025093 0.158941864967346 0.156259059906006 0.163561090826988 0.173689514398575 0.17850299179554 0.189253151416779 0.186705812811852
0.633776366710663 0.643445909023285 0.626957654953003 0.641099035739899 0.876913607120514 1.41823267936707 1.46908974647522 1.69592583179474 2.01892805099487 2.42204213142395 2.39046955108643 1.32154905796051 1.02420473098755 0.961158752441406 0.512620389461517 0.454207092523575 0.285472512245178 0.319961905479431 0.325982093811035 0.372004181146622 0.245487749576569 0.188098847866058 0.176360353827477 0.167142197489738 0.167724505066872 0.1633540391922 0.167866304516792 0.162998616695404 0.171514213085175 0.172462701797485 0.176567882299423 0.176726505160332 0.179124504327774 0.169716611504555 0.175698935985565 0.183723792433739 0.16016486287117 0.151778489351273 0.160537913441658 0.156574785709381 0.164195850491524 0.143565848469734 0.138682931661606 0.159471422433853 0.158112823963165 0.174114629626274
0.269210815429688 0.333070874214172 0.347320795059204 0.376803696155548 0.576839506626129 0.725695908069611 0.725042045116425 0.638525128364563 0.664852857589722 0.77544492483139 0.891537427902222 0.76851499080658 0.360812962055206 0.24763485789299 0.235859706997871 0.337004482746124 0.22921296954155 0.236048460006714 0.254821360111237 0.391905695199966 0.341807305812836 0.181686222553253 0.159726962447166 0.154935508966446 0.164529666304588 0.170694410800934 0.171311676502228 0.181595548987389 0.191508397459984 0.179474458098412 0.168200612068176 0.156892940402031 0.162417158484459 0.161010980606079 0.161101549863815 0.153871312737465 0.146827638149261 0.151718094944954 0.16445517539978 0.171920105814934 0.167986944317818 0.1439278870821 0.135823011398315 0.152440324425697 0.148968875408173 0.148578882217407
