Ecospace-environmental-drivers/Outputs/ASCII-for-ecospace/Cfl/Cfl_X2017.07.asc
NCOLS 131 
NROWS 53 
XLLCORNER -98 
YLLCORNER 23.9265270233154 
CELLSIZE 0.133587792515755 
NODATA_value -3.4e+38 
[rows 0 to 19 of 53, columns 45 to 89 of 131]
-3.4e+38 -3.4e+38 -3.4e+38 -3.4e+38 -3.4e+38 -3.4e+38 -3.4e+38 -3.4e+38 -3.4e+38 -3.4e+38 -3.4e+38 -3.4e+38 -3.4e+38 -3.4e+38 -3.4e+38 -3.4e+38 -3.4e+38 -3.4e+38 -3.4e+38 -3.4e+38 -3.4e+38 -3.4e+38 -3.4e+38 -3.4e+38 -3.4e+38 -3.4e+38 -3.4e+38 -3.4e+38 -3.4e+38 -3.4e+38 -3.4e+38 -3.4e+38 -3.4e+38 -3.4e+38 -3.4e+38 -3.4e+38 -3.4e+38 -3.4e+38 -3.4e+38 -3.4e+38 -3.4e+38 -3.4e+38 -3.4e+38 -3.4e+38 -3.4e+38
-3.4e+38 -3.4e+38 -3.4e+38 -3.4e+38 -3.4e+38 -3.4e+38 -3.4e+38 -3.4e+38 -3.4e+38 -3.4e+38 -3.4e+38 -3.4e+38 -3.4e+38 -3.4e+38 -3.4e+38 -3.4e+38 -3.4e+38 -3.4e+38 -3.4e+38 -3.4e+38 -3.4e+38 -3.4e+38 -3.4e+38 -3.4e+38 -3.4e+38 -3.4e+38 -3.4e+38 -3.4e+38 -3.4e+38 -3.4e+38 -3.4e+38 -3.4e+38 -3.4e+38 -3.4e+38 -3.4e+38 -3.4e+38 -3.4e+38 -3.4e+38 -3.4e+38 -3.4e+38 -3.4e+38 -3.4e+38 -3.4e+38 -3.4e+38 -3.4e+38
-3.4e+38 -3.4e+38 -3.4e+38 -3.4e+38 -3.4e+38 -3.4e+38 -3.4e+38 -3.4e+38 -3.4e+38 -3.4e+38 -3.4e+38 -3.4e+38 -3.4e+38 -3.4e+38 -3.4e+38 -3.4e+38 -3.4e+38 -3.4e+38 -3.4e+38 -3.4e+38 -3.4e+38 -3.4e+38 -3.4e+38 -3.4e+38 -3.4e+38 -3.4e+38 -3.4e+38 -3.4e+38 -3.4e+38 -3.4e+38 -3.4e+38 -3.4e+38 -3.4e+38 -3.4e+38 -3.4e+38 -3.4e+38 -3.4e+38 -3.4e+38 -3.4e+38 -3.4e+38 -3.4e+38 -3.4e+38 -3.4e+38 -3.4e+38 -3.4e+38
-3.4e+38 -3.4e+38 -3.4e+38 -3.4e+38 -3.4e+38 -3.4e+38 -3.4e+38 -3.4e+38 -3.4e+38 -3.4e+38 -3.4e+38 -3.4e+38 -3.4e+38 -3.4e+38 -3.4e+38 -3.4e+38 -3.4e+38 -3.4e+38 -3.4e+38 -3.4e+38 -3.4e+38 -3.4e+38 -3.4e+38 -3.4e+38 -3.4e+38 -3.4e+38 -3.4e+38 -3.4e+38 -3.4e+38 20.0198364257812 29.2116413116455 -3.4e+38 -3.4e+38 -3.4e+38 -3.4e+38 -3.4e+38 -3.4e+38 -3.4e+38 -3.4e+38 -3.4e+38 -3.4e+38 -3.4e+38 -3.4e+38 -3.4e+38 -3.4e+38
-3.4e+38 -3.4e+38 -3.4e+38 -3.4e+38 -3.4e+38 -3.4e+38 -3.4e+38 -3.4e+38 -3.4e+38 -3.4e+38 -3.4e+38 -3.4e+38 -3.4e+38 16.9977951049805 -3.4e+38 -3.4e+38 -3.4e+38 -3.4e+38 -3.4e+38 -3.4e+38 -3.4e+38 -3.4e+38 23.4476661682129 28.6420650482178 -3.4e+38 -3.4e+38 -3.4e+38 16.192419052124 -3.4e+38 17.7643795013428 16.3540325164795 -3.4e+38 -3.4e+38 -3.4e+38 -3.4e+38 -3.4e+38 -3.4e+38 2.51166915893555 2.04095149040222 1.21668136119843 1.74484419822693 5.19197559356689 3.07754993438721 -3.4e+38 -3.4e+38
-3.4e+38 -3.4e+38 -3.4e+38 -3.4e+38 -3.4e+38 -3.4e+38 -3.4e+38 -3.4e+38 -3.4e+38 -3.4e+38 22.7475090026855 16.2249660491943 14.1792345046997 12.7678670883179 10.779260635376 8.0454044342041 -3.4e+38 -3.4e+38 12.5940504074097 15.8366079330444 15.6557836532593 13.2490186691284 13.851508140564 14.8729486465454 15.9697380065918 15.1843595504761 18.3193302154541 13.9519653320312 14.4682960510254 11.7848405838013 14.4064073562622 16.7854499816895 13.8366250991821 8.25068283081055 8.73987674713135 8.7662296295166 4.8178563117981 3.29383945465088 4.82664108276367 2.25908613204956 1.20538735389709 1.33986985683441 1.14576148986816 0.64889270067215 0.598038136959076
-3.4e+38 -3.4e+38 -3.4e+38 -3.4e+38 -3.4e+38 -3.4e+38 -3.4e+38 -3.4e+38 -3.4e+38 -3.4e+38 -3.4e+38 14.1783475875854 11.7137718200684 10.7967576980591 9.37626838684082 8.80830097198486 7.79817533493042 9.17758178710938 12.123064994812 12.0138788223267 15.0555276870728 15.2884330749512 17.3244190216064 15.7269401550293 12.346715927124 14.2280559539795 14.5245552062988 11.7509202957153 10.8997440338135 11.2292613983154 12.2871370315552 12.0293073654175 11.1175022125244 9.64279842376709 7.84916925430298 6.76830244064331 7.18633842468262 4.30339860916138 2.0355019569397 1.32334136962891 0.776489078998566 0.709838449954987 0.79556542634964 0.570271611213684 0.586628317832947
-3.4e+38 -3.4e+38 -3.4e+38 -3.4e+38 -3.4e+38 -3.4e+38 -3.4e+38 -3.4e+38 -3.4e+38 -3.4e+38 -3.4e+38 12.6433019638062 12.7517461776733 14.4465084075928 13.4469518661499 11.1417751312256 10.1713266372681 8.78341388702393 9.62947750091553 11.0696973800659 15.1846303939819 17.755350112915 19.8510055541992 15.3136529922485 17.7670097351074 13.1961851119995 11.5225801467896 12.3964052200317 9.81422424316406 8.37290859222412 9.45841217041016 9.64698028564453 8.10511302947998 6.80134105682373 6.60676765441895 9.48521041870117 9.0725736618042 2.75439763069153 1.63995540142059 0.876187443733215 0.699048459529877 0.736520230770111 0.768197238445282 0.575881898403168 0.580115973949432
-3.4e+38 -3.4e+38 -3.4e+38 -3.4e+38 -3.4e+38 -3.4e+38 -3.4e+38 -3.4e+38 -3.4e+38 -3.4e+38 -3.4e+38 -3.4e+38 -3.4e+38 -3.4e+38 -3.4e+38 -3.4e+38 -3.4e+38 12.6250467300415 -3.4e+38 -3.4e+38 18.427453994751 23.4435901641846 20.3394908905029 15.7383289337158 16.3721656799316 14.7520618438721 10.5071277618408 10.8694820404053 9.1509256362915 7.42604494094849 7.09528160095215 6.2662034034729 6.09785985946655 5.72130823135376 6.33777570724487 8.4766263961792 7.97178936004639 2.27057290077209 1.20559203624725 0.983111679553986 0.87006938457489 0.790367960929871 0.82561069726944 0.668145954608917 0.567735254764557
-3.4e+38 -3.4e+38 -3.4e+38 -3.4e+38 -3.4e+38 -3.4e+38 -3.4e+38 -3.4e+38 -3.4e+38 -3.4e+38 -3.4e+38 -3.4e+38 68.6425170898438 68.6425170898438 -3.4e+38 -3.4e+38 -3.4e+38 -3.4e+38 -3.4e+38 35.7747688293457 30.1797847747803 31.1542377471924 23.3736591339111 14.5349655151367 12.6935167312622 10.2741136550903 9.85882472991943 10.5407190322876 8.65654563903809 5.9363112449646 4.68350315093994 3.94971680641174 4.91285514831543 5.92576122283936 7.44138526916504 9.15214443206787 6.46718740463257 1.48553097248077 1.49736785888672 1.27886068820953 1.11890423297882 1.00514709949493 0.832540035247803 0.685311377048492 0.61708003282547
-3.4e+38 -3.4e+38 9.37987995147705 -3.4e+38 -3.4e+38 -3.4e+38 -3.4e+38 -3.4e+38 -3.4e+38 -3.4e+38 -3.4e+38 -3.4e+38 -3.4e+38 15.8541412353516 -3.4e+38 -3.4e+38 -3.4e+38 -3.4e+38 38.858757019043 37.207649230957 38.9831733703613 30.4492835998535 20.0641803741455 16.3120574951172 12.5005502700806 10.1896085739136 9.11135673522949 7.61494159698486 7.82099533081055 6.5492696762085 3.68673491477966 2.9980411529541 4.58712863922119 6.63213539123535 7.70025634765625 8.2590503692627 7.40614557266235 1.58113622665405 1.7995331287384 1.38046646118164 1.13974726200104 0.929564833641052 0.831652045249939 0.75094336271286 0.757811963558197
33.3354644775391 18.485933303833 10.8912220001221 -3.4e+38 -3.4e+38 -3.4e+38 -3.4e+38 -3.4e+38 -3.4e+38 -3.4e+38 -3.4e+38 -3.4e+38 -3.4e+38 15.8541412353516 -3.4e+38 19.7929763793945 19.2808628082275 -3.4e+38 53.3942985534668 55.2967338562012 51.1839904785156 23.783712387085 17.6469669342041 14.6956052780151 10.9901390075684 10.4745244979858 7.73902702331543 5.74930429458618 5.92852258682251 6.47306346893311 3.17541337013245 2.78500866889954 3.07491040229797 4.2089376449585 4.75241565704346 3.59815287590027 3.67933678627014 2.37554311752319 1.80407106876373 1.32116305828094 1.34421753883362 0.947946190834045 0.872213125228882 0.861834049224854 0.916157424449921
31.9113101959229 24.1065502166748 26.7393894195557 26.7076969146729 13.7051935195923 -3.4e+38 -3.4e+38 -3.4e+38 -3.4e+38 -3.4e+38 31.775369644165 13.7147779464722 12.0034208297729 -3.4e+38 17.4685955047607 18.7409496307373 35.3671760559082 -3.4e+38 -3.4e+38 -3.4e+38 50.6314659118652 42.0730476379395 20.0546627044678 11.278959274292 10.2226543426514 8.51436996459961 5.31934261322021 4.04803466796875 3.91780185699463 4.26373910903931 3.41181421279907 2.69554257392883 2.35789394378662 1.89857935905457 1.67675793170929 1.59450888633728 1.94626235961914 1.86485946178436 2.18999409675598 2.36609673500061 2.22056031227112 1.59803032875061 0.9942387342453 0.861526906490326 0.900720298290253
18.7590236663818 21.1253471374512 29.745849609375 32.9307823181152 29.0263748168945 20.3430652618408 14.8906908035278 14.0175561904907 14.0281324386597 14.5791320800781 15.2742671966553 14.3276987075806 13.4862937927246 18.3830585479736 16.2455577850342 29.5435466766357 45.8121452331543 42.6202659606934 40.2104187011719 9.72946262359619 -3.4e+38 45.2731170654297 34.3178596496582 15.6930456161499 12.3326892852783 8.95995044708252 6.15049695968628 2.4103832244873 2.24612593650818 2.03240919113159 2.54270958900452 1.33822798728943 0.960974872112274 0.959405541419983 0.681434631347656 0.812893509864807 1.34035205841064 1.75866496562958 1.70260310173035 2.0348207950592 2.23513174057007 1.62134456634521 1.25722539424896 0.951714873313904 0.909874498844147
15.6182765960693 20.7138404846191 24.9243106842041 27.1069717407227 24.6109943389893 18.5050506591797 13.0095806121826 14.6597528457642 14.9237756729126 15.9511842727661 17.5946826934814 18.9487838745117 15.5685377120972 20.6376857757568 19.8619384765625 19.1582164764404 21.254222869873 28.9977569580078 30.5815181732178 13.0900392532349 8.56688785552979 25.1450748443604 23.7745800018311 7.82621479034424 4.887855052948 5.16271734237671 4.15172910690308 3.15760731697083 2.00077104568481 1.15470445156097 1.79129099845886 1.28316497802734 0.535684943199158 0.318074911832809 0.281761944293976 0.346606463193893 0.465100705623627 0.869111061096191 0.859837412834167 0.919626295566559 0.837285935878754 1.13682007789612 0.963562071323395 1.09983646869659 1.4137008190155
13.5241060256958 10.9761943817139 10.9037485122681 14.1541242599487 22.8883762359619 21.4878520965576 14.7073726654053 14.4307794570923 16.0388031005859 17.3216285705566 17.1464900970459 17.2612133026123 15.4403991699219 19.7793712615967 17.5940647125244 14.1286687850952 14.1723976135254 21.4332218170166 20.5610446929932 24.8386726379395 21.5226058959961 24.2272453308105 10.8871488571167 2.67798972129822 3.00174236297607 3.71606850624084 5.90331888198853 4.67525959014893 1.38530850410461 0.931671798229218 0.771739721298218 0.652572393417358 0.265986353158951 0.219927608966827 0.249308913946152 0.244663834571838 0.308197945356369 0.370229154825211 0.42662239074707 0.718295574188232 1.09344780445099 1.11039924621582 0.510830163955688 0.573830604553223 0.751495242118835
16.8466510772705 7.87766456604004 6.53658103942871 6.14716386795044 10.1599931716919 12.2564287185669 10.5871677398682 8.55641460418701 9.05249691009521 11.103590965271 10.6475229263306 11.2707958221436 8.77724170684814 12.706934928894 12.4074697494507 11.6010618209839 13.9331521987915 18.3610992431641 19.9420146942139 19.7751884460449 27.0309829711914 36.4382133483887 6.93881130218506 0.809147536754608 1.76949560642242 1.24187636375427 2.26055955886841 1.79159533977509 0.65405011177063 0.258311867713928 0.149596348404884 0.1844512373209 0.172796010971069 0.18019762635231 0.222087904810905 0.328760981559753 0.421803653240204 0.623782634735107 0.384250909090042 0.423832148313522 0.401841849088669 0.346748501062393 0.282484203577042 0.301857471466064 0.382884949445724
16.5189399719238 8.39739990234375 7.70193767547607 7.92490243911743 5.83557081222534 5.17429113388062 4.66958904266357 6.25592994689941 6.31145048141479 4.56916952133179 5.6662712097168 4.87053394317627 5.22539806365967 5.58879804611206 8.54272556304932 8.85843181610107 13.936469078064 13.4797592163086 15.8307752609253 14.4226913452148 14.7122535705566 13.4075155258179 15.2811088562012 0.777232766151428 1.53733146190643 2.71947050094604 0.938635110855103 0.210674419999123 0.125210642814636 0.115798689424992 0.115108385682106 0.112944170832634 0.155289009213448 0.163437128067017 0.191444084048271 0.354686111211777 0.452248454093933 0.424719572067261 0.481618106365204 0.315249890089035 0.256427735090256 0.237179651856422 0.18463622033596 0.16287636756897 0.242199942469597
11.6368846893311 14.0802297592163 13.7129325866699 11.6302919387817 14.0255193710327 9.23205947875977 5.42719554901123 5.98234558105469 8.10429668426514 3.09017157554626 2.13289475440979 1.61861860752106 3.00284862518311 4.91761493682861 8.17766284942627 8.15983867645264 10.7741498947144 8.78347110748291 7.5022177696228 8.89234066009521 8.74380874633789 9.18845558166504 4.51488590240479 4.17520380020142 0.90679669380188 0.810993015766144 0.196590691804886 0.121313974261284 0.111103162169456 0.110983498394489 0.105047464370728 0.108877591788769 0.143235743045807 0.165984645485878 0.17732860147953 0.263351947069168 0.282176941633224 0.382840991020203 0.337550938129425 0.191903159022331 0.160376355051994 0.127596497535706 0.121666431427002 0.174980103969574 0.214821189641953
10.0513229370117 4.83842658996582 11.7029876708984 16.7245616912842 19.4163417816162 16.4210205078125 1.1630927324295 1.78963387012482 1.4373105764389 0.540938794612885 0.426967740058899 0.488219112157822 0.917521774768829 1.60518789291382 1.43227529525757 4.21971273422241 5.81931209564209 5.25926733016968 6.31749773025513 5.35125255584717 7.3414134979248 4.79093742370605 2.10861706733704 0.219160616397858 0.329935073852539 0.22027961909771 0.108445256948471 0.107214458286762 0.10732239484787 0.107190422713757 0.107474528253078 0.111661985516548 0.128539130091667 0.140802517533302 0.145268768072128 0.159123420715332 0.193304777145386 0.257741212844849 0.198896646499634 0.146213009953499 0.143216118216515 0.139233708381653 0.152028992772102 0.147381573915482 0.139856770634651
