Ecospace-environmental-drivers/Outputs/ASCII-for-ecospace/Cfl/Cfl_X2017.10.asc
NCOLS 131 
NROWS 53 
XLLCORNER -98 
YLLCORNER 23.9265270233154 
CELLSIZE 0.133587792515755 
NODATA_value -3.4e+38 
[rows 20 to 39 of 53, columns 46 to 91 of 131]
0.576018035411835 0.695182621479034 0.674408912658691 0.773535132408142 0.901224255561829 0.856395125389099 0.757923662662506 0.578701913356781 0.462232828140259 0.417982578277588 0.430903673171997 0.503259837627411 0.630726039409637 0.644747912883759 0.627836644649506 0.637601852416992 0.42274421453476 0.298119485378265 0.238031759858131 0.20981664955616 0.218905419111252 0.22355805337429 0.208079844713211 0.209818795323372 0.22107107937336 0.212873235344887 0.179963529109955 0.156031757593155 0.150886669754982 0.144594177603722 0.14270256459713 0.145690113306046 0.145224690437317 0.141949608922005 0.14266774058342 0.146599009633064 0.146781027317047 0.166398674249649 0.183106392621994 0.193954914808273 0.190307602286339 0.199688762426376 0.205933079123497 0.205145046114922 0.209747269749641 0.21254962682724
0.433912754058838 0.559751808643341 0.656855285167694 0.711819171905518 0.614344120025635 0.318992614746094 0.228367388248444 0.215366289019585 0.238785237073898 0.310396820306778 0.275316894054413 0.333990514278412 0.379985809326172 0.362846076488495 0.400359809398651 0.33270862698555 0.304165005683899 0.256338179111481 0.20804026722908 0.208969905972481 0.230237782001495 0.232440948486328 0.217287257313728 0.210865169763565 0.185172885656357 0.177331015467644 0.193079814314842 0.165712788701057 0.147166028618813 0.146918460726738 0.145684063434601 0.139453917741776 0.140673935413361 0.142661437392235 0.14236980676651 0.137312516570091 0.141613587737083 0.147020310163498 0.157789200544357 0.176804721355438 0.188109487295151 0.19260011613369 0.203593656420708 0.213419064879417 0.202903389930725 0.206011325120926
0.382270038127899 0.403126925230026 0.420796602964401 0.365795344114304 0.417851448059082 0.227245450019836 0.279448270797729 0.315888792276382 0.339540481567383 0.24175351858139 0.186173751950264 0.189825445413589 0.236054420471191 0.255410611629486 0.273779094219208 0.25200492143631 0.22470460832119 0.198856145143509 0.208465680480003 0.219939067959785 0.217270910739899 0.228059276938438 0.206894248723984 0.203700080513954 0.181929931044579 0.17466989159584 0.167827472090721 0.160491392016411 0.151743620634079 0.153538033366203 0.142972618341446 0.133555740118027 0.130527481436729 0.137466907501221 0.12888240814209 0.129511535167694 0.14439345896244 0.161846593022346 0.167267203330994 0.17820231616497 0.19038613140583 0.200173005461693 0.208084493875504 0.205145463347435 0.188816025853157 0.175894349813461
0.286432236433029 0.258973449468613 0.268815904855728 0.219621509313583 0.194227486848831 0.175705567002296 0.248312279582024 0.279329538345337 0.220872193574905 0.24389161169529 0.198769956827164 0.158678010106087 0.150250986218452 0.155884593725204 0.198031112551689 0.252056688070297 0.228945225477219 0.219547927379608 0.223802030086517 0.231566295027733 0.219556331634521 0.214178562164307 0.202758058905602 0.188988402485847 0.171937197446823 0.16036032140255 0.153771534562111 0.160976767539978 0.151032701134682 0.144468635320663 0.137773469090462 0.132472038269043 0.126453846693039 0.134966939687729 0.126529812812805 0.144597798585892 0.150565773248672 0.159392967820168 0.177970498800278 0.187369629740715 0.191988423466682 0.199776470661163 0.199316844344139 0.19257415831089 0.201255664229393 0.18069851398468
0.186879694461823 0.171962410211563 0.167628452181816 0.223449170589447 0.203311160206795 0.182861894369125 0.206962063908577 0.289284139871597 0.272222429513931 0.242329716682434 0.179473429918289 0.150882139801979 0.145262494683266 0.14753632247448 0.16433610022068 0.186391323804855 0.207106590270996 0.226054415106773 0.230205506086349 0.228930950164795 0.235653236508369 0.211801126599312 0.204686611890793 0.177722722291946 0.149770647287369 0.152215197682381 0.15502704679966 0.157342210412025 0.143317401409149 0.144580766558647 0.145303830504417 0.134380802512169 0.127185836434364 0.12957276403904 0.125335812568665 0.13540706038475 0.134103506803513 0.139830783009529 0.163249552249908 0.182456701993942 0.198670908808708 0.199169307947159 0.197531282901764 0.202362477779388 0.203915879130363 0.193681314587593
0.162395223975182 0.163593396544456 0.168066456913948 0.164891377091408 0.176226064562798 0.178367599844933 0.165189042687416 0.185376733541489 0.186936989426613 0.158489227294922 0.151472598314285 0.14641210436821 0.144215047359467 0.148059889674187 0.153580516576767 0.172805219888687 0.180467188358307 0.228772535920143 0.263080924749374 0.246475204825401 0.249932259321213 0.231086105108261 0.197776392102242 0.179378122091293 0.16166552901268 0.151479169726372 0.154072016477585 0.149621292948723 0.137593045830727 0.139366343617439 0.142466500401497 0.124155104160309 0.130429059267044 0.136854976415634 0.139791294932365 0.136968538165092 0.13762141764164 0.139751717448235 0.149741172790527 0.16126449406147 0.184672564268112 0.196871072053909 0.204375863075256 0.207450374960899 0.195114448666573 0.189397186040878
0.17096121609211 0.169979900121689 0.173112213611603 0.163850575685501 0.161116451025009 0.160924628376961 0.158973187208176 0.156925290822983 0.156182020902634 0.14824752509594 0.146677985787392 0.149904802441597 0.152260482311249 0.151018783450127 0.150655940175056 0.153725430369377 0.177875384688377 0.231238856911659 0.256192475557327 0.247179970145226 0.22323352098465 0.217810168862343 0.211678504943848 0.189050614833832 0.162654355168343 0.148757934570312 0.144777625799179 0.135400593280792 0.133125081658363 0.127213820815086 0.131398797035217 0.124192357063293 0.123651824891567 0.134985029697418 0.133809357881546 0.138750910758972 0.140036940574646 0.141917169094086 0.149306103587151 0.153778195381165 0.165898770093918 0.188902229070663 0.200359463691711 0.203124657273293 0.190509006381035 0.179168596863747
0.177998647093773 0.179459482431412 0.185421451926231 0.179248824715614 0.167238861322403 0.164679989218712 0.159160822629929 0.158090978860855 0.15115137398243 0.154090255498886 0.154690802097321 0.167194902896881 0.183308929204941 0.195852860808372 0.201790198683739 0.18399141728878 0.195369780063629 0.214565634727478 0.22194729745388 0.237861484289169 0.23545303940773 0.227145224809647 0.218460649251938 0.201921254396439 0.176905810832977 0.159650400280952 0.142059653997421 0.136719331145287 0.128834739327431 0.126266032457352 0.117798648774624 0.119494840502739 0.107309125363827 0.100767381489277 0.109474845230579 0.121488451957703 0.125145614147186 0.128566324710846 0.133263558149338 0.148403361439705 0.158778429031372 0.179140880703926 0.180136442184448 0.20302052795887 0.201860219240189 0.183558985590935
0.169944137334824 0.184639781713486 0.188353970646858 0.186120346188545 0.171445921063423 0.160379022359848 0.148464843630791 0.142671927809715 0.148774281144142 0.156937494874001 0.161263093352318 0.162762999534607 0.192545533180237 0.196755081415176 0.221029326319695 0.234825313091278 0.263816237449646 0.270090848207474 0.231165513396263 0.213516905903816 0.241446390748024 0.242989152669907 0.217517107725143 0.191491171717644 0.157225131988525 0.131358191370964 0.130899697542191 0.132802724838257 0.129148349165916 0.130008310079575 0.114971093833447 0.105654694139957 0.0926950424909592 0.0927883833646774 0.0955791920423508 0.0972372367978096 0.098497062921524 0.109668679535389 0.125745356082916 0.144192606210709 0.153772071003914 0.166470646858215 0.167133644223213 0.190373703837395 0.206168204545975 0.189879432320595
0.176522716879845 0.18150170147419 0.200150340795517 0.201044857501984 0.183554142713547 0.162934556603432 0.153434813022614 0.149149298667908 0.144424483180046 0.145115539431572 0.148489147424698 0.159880816936493 0.175771206617355 0.176877453923225 0.203456863760948 0.253169238567352 0.276900291442871 0.276907116174698 0.25918984413147 0.251183837652206 0.216299831867218 0.190945208072662 0.179891794919968 0.171933829784393 0.143719613552094 0.132468327879906 0.128805592656136 0.123299531638622 0.127886578440666 0.127793416380882 0.118182517588139 0.107276231050491 0.0937319546937943 0.0919299051165581 0.0936768278479576 0.107786647975445 0.112369887530804 0.123669825494289 0.112517923116684 0.124816417694092 0.14709410071373 0.143466964364052 0.157439768314362 0.18006443977356 0.192334309220314 0.18584568798542
0.199169665575027 0.200001031160355 0.199042752385139 0.197050407528877 0.189539819955826 0.164688587188721 0.152794688940048 0.149699404835701 0.145660802721977 0.144869774580002 0.148801103234291 0.151154562830925 0.153406590223312 0.155091524124146 0.178538784384727 0.220658496022224 0.26300784945488 0.290435314178467 0.26693868637085 0.271926760673523 0.251563340425491 0.201963394880295 0.168250367045403 0.144483208656311 0.14724312722683 0.137955367565155 0.125195607542992 0.123373478651047 0.139504849910736 0.123333722352982 0.116213895380497 0.101605273783207 0.0957354977726936 0.100354813039303 0.0987699031829834 0.109095692634583 0.121221125125885 0.11853338778019 0.109416015446186 0.135683253407478 0.161680802702904 0.134137108922005 0.147334933280945 0.17019847035408 0.180469244718552 0.168675288558006
0.195287004113197 0.18734684586525 0.19442193210125 0.17892162501812 0.184765860438347 0.184966683387756 0.160234868526459 0.154166638851166 0.145029127597809 0.142942875623703 0.146099045872688 0.146645799279213 0.148700580000877 0.151593640446663 0.148558467626572 0.153333321213722 0.186630681157112 0.203111112117767 0.208232372999191 0.229228243231773 0.202248334884644 0.181468054652214 0.17661926150322 0.167178884148598 0.140331864356995 0.128380790352821 0.118578985333443 0.118847750127316 0.116798773407936 0.101240210235119 0.106545098125935 0.0984833464026451 0.0933331772685051 0.0903586447238922 0.0973133519291878 0.107754491269588 0.111926339566708 0.10726822167635 0.124571830034256 0.139545381069183 0.133959710597992 0.168610468506813 0.171750947833061 0.167144641280174 0.165990695357323 0.164752021431923
0.187591150403023 0.187277436256409 0.180380761623383 0.164528325200081 0.179778918623924 0.198222473263741 0.161265581846237 0.13963358104229 0.142246678471565 0.145989701151848 0.145293146371841 0.145076140761375 0.144209086894989 0.147675752639771 0.146591886878014 0.142431899905205 0.150300443172455 0.161899283528328 0.163939759135246 0.169808909296989 0.17148569226265 0.150583520531654 0.148173391819 0.147236093878746 0.133967831730843 0.109253264963627 0.105350442230701 0.111437268555164 0.114505879580975 0.099718451499939 0.0983423963189125 0.0899742245674133 0.0887368097901344 0.0920339822769165 0.0980831757187843 0.118081726133823 0.121151193976402 0.126457095146179 0.13860447704792 0.136385932564735 0.145559668540955 0.15310426056385 0.160310998558998 0.161225900053978 0.16197957098484 0.15509021282196
0.202212274074554 0.190720126032829 0.164777651429176 0.167998537421227 0.18432691693306 0.203024178743362 0.178571730852127 0.144439592957497 0.146416246891022 0.145993143320084 0.146580085158348 0.146137490868568 0.14579164981842 0.144255846738815 0.147389337420464 0.145282939076424 0.145953372120857 0.142441853880882 0.142517060041428 0.136984035372734 0.132631868124008 0.130530416965485 0.135597422719002 0.137309432029724 0.128055915236473 0.118006259202957 0.115444555878639 0.125817656517029 0.118949145078659 0.0983790829777718 0.0832300111651421 0.0838666409254074 0.0824739560484886 0.0886784866452217 0.0992789417505264 0.140234187245369 0.125807344913483 0.109068982303143 0.114074297249317 0.112976714968681 0.141567140817642 0.144719362258911 0.141631826758385 0.162989482283592 0.153122946619987 0.149197146296501
0.163655713200569 0.145009830594063 0.172053471207619 0.184094429016113 0.177160412073135 0.189878985285759 0.184391990303993 0.153453350067139 0.148209720849991 0.147791892290115 0.144826427102089 0.144771263003349 0.144446432590485 0.146900355815887 0.150224909186363 0.149066150188446 0.148973137140274 0.142546147108078 0.142859235405922 0.135109648108482 0.127976834774017 0.131443381309509 0.136699885129929 0.125157579779625 0.121686652302742 0.115518018603325 0.117564752697945 0.102561116218567 0.0977923274040222 0.0924017801880836 0.0851825177669525 0.085820160806179 0.0853985473513603 0.0814289376139641 0.102018512785435 0.132782503962517 0.105792641639709 0.120468966662884 0.11336362361908 0.156823933124542 0.152566954493523 0.152050390839577 0.122760653495789 0.141687408089638 0.147672981023788 0.154550805687904
0.155001744627953 0.156646251678467 0.163494259119034 0.170425131917 0.187182769179344 0.182815372943878 0.182062074542046 0.156575232744217 0.149180874228477 0.150739625096321 0.151999846100807 0.147729709744453 0.145801648497581 0.145263448357582 0.148035779595375 0.146217808127403 0.14763155579567 0.143263727426529 0.138590112328529 0.136892825365067 0.136242523789406 0.140037223696709 0.13560651242733 0.118515014648438 0.121904924511909 0.123060770332813 0.118750639259815 0.103351376950741 0.108314909040928 0.0876387283205986 0.0868635624647141 0.0845785513520241 0.0816166773438454 0.0888045281171799 0.0971681401133537 0.0830266252160072 0.109321251511574 0.126576006412506 0.163850575685501 0.166853442788124 0.165012046694756 0.141870692372322 0.115886613726616 0.127705931663513 0.115450121462345 0.160320371389389
0.15179617702961 0.130592510104179 0.144824877381325 0.188187673687935 0.147932171821594 0.181397140026093 0.182630732655525 0.16507750749588 0.141377180814743 0.146381020545959 0.150653779506683 0.14983157813549 0.14913521707058 0.145228639245033 0.146327912807465 0.14639139175415 0.13767471909523 0.134653955698013 0.138689190149307 0.135390430688858 0.139914378523827 0.156560435891151 0.14430046081543 0.113249935209751 0.119938187301159 0.121664196252823 0.112884432077408 0.118369102478027 0.120499342679977 0.0851585268974304 0.0728350356221199 0.0754146501421928 0.08884197473526 0.0874023661017418 0.100043818354607 0.0762031301856041 0.101722583174706 0.153146728873253 0.144435301423073 0.141897886991501 0.123468607664108 0.11043856292963 0.121204346418381 0.134003683924675 0.136020943522453 0.161512821912766
0.150827944278717 0.123540244996548 0.134969592094421 0.18755216896534 0.167493283748627 0.180865168571472 0.187215209007263 0.171940699219704 0.151207327842712 0.153204873204231 0.156230822205544 0.153461411595345 0.154919326305389 0.15145468711853 0.147944226861 0.142250269651413 0.136643707752228 0.133397698402405 0.132774770259857 0.128814816474915 0.129750266671181 0.138018175959587 0.159887909889221 0.13309346139431 0.116373240947723 0.106969997286797 0.109955742955208 0.113924071192741 0.0960262194275856 0.0875038132071495 0.0895947813987732 0.0942483097314835 0.0884326845407486 0.0828781053423882 0.0854422301054001 0.0966054052114487 0.105396322906017 0.139734908938408 0.144969940185547 0.125010803341866 0.0882216691970825 0.111761555075645 0.117885157465935 0.115409269928932 0.154441297054291 0.16111233830452
0.122531533241272 0.121950179338455 0.127839371562004 0.14217571914196 0.159631505608559 0.181304588913918 0.181548163294792 0.175815045833588 0.142910867929459 0.144462332129478 0.151094242930412 0.150618657469749 0.156617775559425 0.159113302826881 0.157233029603958 0.144761919975281 0.137607783079147 0.133657544851303 0.132524415850639 0.124031499028206 0.128128662705421 0.137380495667458 0.121347859501839 0.136752381920815 0.124172620475292 0.102033138275146 0.0960838943719864 0.0793572291731834 0.08600864559412 0.085271917283535 0.0841203108429909 0.0819103941321373 0.0653073191642761 0.0838758125901222 0.0796919316053391 0.0955583155155182 0.118340753018856 0.149775952100754 0.142562612891197 0.144276961684227 0.126210719347 0.102578908205032 0.12809045612812 0.143511071801186 0.155000403523445 0.156998917460442
0.12678100168705 0.164842575788498 0.167008638381958 0.159278362989426 0.184762075543404 0.198651105165482 0.189097225666046 0.172442466020584 0.130940794944763 0.13483564555645 0.14571675658226 0.145536556839943 0.149895831942558 0.157012179493904 0.157687127590179 0.145720601081848 0.135282427072525 0.130781590938568 0.127829566597939 0.117334850132465 0.124131806194782 0.130373865365982 0.129177883267403 0.120979450643063 0.122659765183926 0.126961976289749 0.105571679770947 0.0759880691766739 0.0753013268113136 0.0803002417087555 0.0837958827614784 0.0812847167253494 0.0815470963716507 0.0850954949855804 0.0824594125151634 0.106473252177238 0.127958461642265 0.141007646918297 0.144328847527504 0.153114840388298 0.151940286159515 0.134448289871216 0.125186577439308 0.141987100243568 0.155698969960213 0.149330869317055
