Ecospace-environmental-drivers/Outputs/ASCII-for-ecospace/Cfl/Cfl_X2015.11.asc
NCOLS 131 
NROWS 53 
XLLCORNER -98 
YLLCORNER 23.9265270233154 
CELLSIZE 0.133587792515755 
NODATA_value -3.4e+38 
[rows 0 to 19 of 53, columns 45 to 89 of 131]
-3.4e+38 -3.4e+38 -3.4e+38 -3.4e+38 -3.4e+38 -3.4e+38 -3.4e+38 -3.4e+38 -3.4e+38 -3.4e+38 -3.4e+38 -3.4e+38 -3.4e+38 -3.4e+38 -3.4e+38 -3.4e+38 -3.4e+38 -3.4e+38 -3.4e+38 -3.4e+38 -3.4e+38 -3.4e+38 -3.4e+38 -3.4e+38 -3.4e+38 -3.4e+38 -3.4e+38 -3.4e+38 -3.4e+38 -3.4e+38 -3.4e+38 -3.4e+38 -3.4e+38 -3.4e+38 -3.4e+38 -3.4e+38 -3.4e+38 -3.4e+38 -3.4e+38 -3.4e+38 -3.4e+38 -3.4e+38 -3.4e+38 -3.4e+38 -3.4e+38
-3.4e+38 -3.4e+38 -3.4e+38 -3.4e+38 -3.4e+38 -3.4e+38 -3.4e+38 -3.4e+38 -3.4e+38 -3.4e+38 -3.4e+38 -3.4e+38 -3.4e+38 -3.4e+38 -3.4e+38 -3.4e+38 -3.4e+38 -3.4e+38 -3.4e+38 -3.4e+38 -3.4e+38 -3.4e+38 -3.4e+38 -3.4e+38 -3.4e+38 -3.4e+38 -3.4e+38 -3.4e+38 -3.4e+38 -3.4e+38 -3.4e+38 -3.4e+38 -3.4e+38 -3.4e+38 -3.4e+38 -3.4e+38 -3.4e+38 -3.4e+38 -3.4e+38 -3.4e+38 -3.4e+38 -3.4e+38 -3.4e+38 -3.4e+38 -3.4e+38
-3.4e+38 -3.4e+38 -3.4e+38 -3.4e+38 -3.4e+38 -3.4e+38 -3.4e+38 -3.4e+38 -3.4e+38 -3.4e+38 -3.4e+38 -3.4e+38 -3.4e+38 -3.4e+38 -3.4e+38 -3.4e+38 -3.4e+38 -3.4e+38 -3.4e+38 -3.4e+38 -3.4e+38 -3.4e+38 -3.4e+38 -3.4e+38 -3.4e+38 -3.4e+38 -3.4e+38 -3.4e+38 -3.4e+38 0.529903531074524 0.499079972505569 -3.4e+38 -3.4e+38 -3.4e+38 -3.4e+38 -3.4e+38 -3.4e+38 -3.4e+38 -3.4e+38 -3.4e+38 -3.4e+38 -3.4e+38 -3.4e+38 -3.4e+38 -3.4e+38
-3.4e+38 -3.4e+38 -3.4e+38 -3.4e+38 -3.4e+38 -3.4e+38 -3.4e+38 -3.4e+38 -3.4e+38 -3.4e+38 -3.4e+38 -3.4e+38 -3.4e+38 -3.4e+38 -3.4e+38 -3.4e+38 -3.4e+38 -3.4e+38 -3.4e+38 -3.4e+38 -3.4e+38 -3.4e+38 -3.4e+38 -3.4e+38 -3.4e+38 -3.4e+38 -3.4e+38 -3.4e+38 -3.4e+38 0.517024278640747 0.439476728439331 -3.4e+38 -3.4e+38 -3.4e+38 -3.4e+38 -3.4e+38 -3.4e+38 -3.4e+38 -3.4e+38 -3.4e+38 -3.4e+38 0.262997448444366 0.266193687915802 -3.4e+38 -3.4e+38
-3.4e+38 -3.4e+38 -3.4e+38 -3.4e+38 -3.4e+38 -3.4e+38 -3.4e+38 -3.4e+38 -3.4e+38 -3.4e+38 -3.4e+38 -3.4e+38 -3.4e+38 0.811745822429657 -3.4e+38 -3.4e+38 -3.4e+38 -3.4e+38 -3.4e+38 -3.4e+38 -3.4e+38 -3.4e+38 0.466923773288727 0.452800154685974 -3.4e+38 -3.4e+38 0.497117221355438 0.364821434020996 0.354985743761063 0.361312985420227 0.321346610784531 0.268139988183975 -3.4e+38 -3.4e+38 -3.4e+38 -3.4e+38 -3.4e+38 0.363924622535706 0.303451746702194 0.309310108423233 0.304595768451691 0.293211489915848 0.33778390288353 -3.4e+38 -3.4e+38
-3.4e+38 -3.4e+38 -3.4e+38 -3.4e+38 -3.4e+38 -3.4e+38 -3.4e+38 -3.4e+38 -3.4e+38 -3.4e+38 -3.4e+38 0.667009472846985 0.603824734687805 0.654685020446777 0.403579831123352 0.373617798089981 0.375271409749985 0.515156209468842 0.530928313732147 0.438238590955734 0.430972844362259 0.484959334135056 0.484824329614639 0.426634401082993 0.440746992826462 0.392187803983688 0.366392910480499 0.331722140312195 0.389504224061966 0.348911672830582 0.33074626326561 0.324014276266098 0.356836289167404 0.320336371660233 0.319059044122696 0.328949779272079 0.31958743929863 0.282587766647339 0.239691853523254 0.247280031442642 0.298397928476334 0.284919440746307 0.287320464849472 0.309317260980606 0.317472577095032
-3.4e+38 -3.4e+38 -3.4e+38 -3.4e+38 -3.4e+38 -3.4e+38 -3.4e+38 -3.4e+38 -3.4e+38 -3.4e+38 -3.4e+38 0.4753737449646 0.672321617603302 0.624812662601471 0.375380277633667 0.37297660112381 0.558000564575195 0.458093762397766 0.48521015048027 0.454984426498413 0.44967320561409 0.422820508480072 0.459754407405853 0.417722016572952 0.35335186123848 0.336610466241837 0.349843829870224 0.378492414951324 0.369098216295242 0.362837165594101 0.301480293273926 0.312592625617981 0.3750039935112 0.380935579538345 0.313920259475708 0.262681692838669 0.23865433037281 0.190923303365707 0.170392096042633 0.16660863161087 0.169007852673531 0.171889573335648 0.173336997628212 0.178514495491982 0.194743037223816
-3.4e+38 -3.4e+38 -3.4e+38 -3.4e+38 -3.4e+38 -3.4e+38 -3.4e+38 -3.4e+38 -3.4e+38 -3.4e+38 -3.4e+38 -3.4e+38 0.379648238420486 0.402441918849945 0.49759042263031 0.450202524662018 0.400603353977203 0.337915867567062 0.378460586071014 0.432642549276352 0.48894014954567 0.472716718912125 0.507609069347382 0.397472351789474 0.350992232561111 0.30510151386261 0.280184030532837 0.255077213048935 0.287321209907532 0.289046734571457 0.246883019804955 0.224607393145561 0.281966060400009 0.304971516132355 0.258522063493729 0.230964615941048 0.212278679013252 0.169694378972054 0.147339224815369 0.135234490036964 0.124386295676231 0.142472594976425 0.155200973153114 0.151968106627464 0.147201240062714
-3.4e+38 -3.4e+38 -3.4e+38 -3.4e+38 -3.4e+38 -3.4e+38 -3.4e+38 -3.4e+38 -3.4e+38 -3.4e+38 -3.4e+38 -3.4e+38 -3.4e+38 -3.4e+38 -3.4e+38 -3.4e+38 -3.4e+38 0.394284933805466 -3.4e+38 0.523895144462585 0.500327050685883 0.467543989419937 0.445980697870255 0.36818927526474 0.360207974910736 0.283177077770233 0.215023726224899 0.196396008133888 0.193451642990112 0.199880599975586 0.200151488184929 0.202719911932945 0.235668048262596 0.212246090173721 0.187572613358498 0.155113160610199 0.140976130962372 0.13565981388092 0.10140597820282 0.10798043012619 0.111148804426193 0.102763064205647 0.110597290098667 0.138109862804413 0.158490195870399
0.0829331204295158 0.198297753930092 -3.4e+38 -3.4e+38 -3.4e+38 -3.4e+38 -3.4e+38 -3.4e+38 -3.4e+38 -3.4e+38 -3.4e+38 -3.4e+38 0.31146165728569 0.35962125658989 -3.4e+38 -3.4e+38 -3.4e+38 0.425644993782043 0.347174882888794 0.473026096820831 0.535534739494324 0.517441987991333 0.569366276264191 0.518571257591248 0.383988201618195 0.255223631858826 0.180323898792267 0.165420442819595 0.145621001720428 0.120300874114037 0.143493667244911 0.160504028201103 0.157966554164886 0.149175181984901 0.149712786078453 0.121200382709503 0.10400427877903 0.106999628245831 0.10141932964325 0.0986406654119492 0.0997359827160835 0.102847665548325 0.108839191496372 0.131797179579735 0.155908614397049
0.283614635467529 0.269256681203842 0.642831265926361 -3.4e+38 -3.4e+38 -3.4e+38 -3.4e+38 -3.4e+38 -3.4e+38 -3.4e+38 -3.4e+38 -3.4e+38 -3.4e+38 0.608530402183533 -3.4e+38 -3.4e+38 -3.4e+38 0.37946692109108 0.440975546836853 0.559569716453552 0.653844714164734 0.645652294158936 0.581824719905853 0.477480739355087 0.34572896361351 0.238398104906082 0.166522830724716 0.134085521101952 0.115786008536816 0.0980329960584641 0.105991929769516 0.128551319241524 0.133164048194885 0.127139508724213 0.127306997776031 0.102353945374489 0.0858021378517151 0.0932600647211075 0.0838751047849655 0.0738512873649597 0.0694762766361237 0.0842667743563652 0.0931188464164734 0.113638699054718 0.170496076345444
0.522184252738953 0.641919910907745 0.942136466503143 1.65532112121582 -3.4e+38 -3.4e+38 -3.4e+38 -3.4e+38 -3.4e+38 -3.4e+38 -3.4e+38 -3.4e+38 -3.4e+38 0.62031215429306 0.361154437065125 0.32275915145874 0.436949998140335 -3.4e+38 0.760248243808746 0.661466181278229 0.681702673435211 0.785371363162994 0.56519603729248 0.362842440605164 0.258379191160202 0.148742288351059 0.135181069374084 0.13722251355648 0.113786168396473 0.105607479810715 0.0990371406078339 0.110780335962772 0.123708695173264 0.114345498383045 0.103130362927914 0.0986362919211388 0.0925944000482559 0.0795080289244652 0.0658426731824875 0.0630812048912048 0.0618142113089561 0.0679471790790558 0.074025996029377 0.108189307153225 0.14149110019207
0.573040306568146 0.54404354095459 0.56764942407608 0.700488746166229 0.661332845687866 -3.4e+38 -3.4e+38 -3.4e+38 -3.4e+38 -3.4e+38 0.315259844064713 0.317034989595413 0.381568431854248 0.386791437864304 0.350873410701752 0.421492487192154 0.502927124500275 0.672876179218292 1.24091744422913 1.16502869129181 0.730330646038055 0.695134401321411 0.525085866451263 0.289754837751389 0.129722744226456 0.135762855410576 0.121183656156063 0.103007063269615 0.0957241877913475 0.0921432226896286 0.0871652439236641 0.108963139355183 0.110111847519875 0.0968888849020004 0.0974843576550484 0.105839312076569 0.0930168330669403 0.0783632397651672 0.0631230548024178 0.0609816797077656 0.0610455647110939 0.0622172169387341 0.0717338398098946 0.0826860964298248 0.0876184180378914
0.536938607692719 0.508316099643707 0.587335228919983 0.721683442592621 0.748083651065826 0.671012580394745 0.467936366796494 0.500777065753937 0.49021327495575 0.282163619995117 0.339671641588211 0.36215615272522 0.388692647218704 0.42760294675827 0.474865913391113 0.523363769054413 0.46278190612793 0.619794428348541 0.774908065795898 0.81923520565033 -3.4e+38 0.554544746875763 0.582290709018707 0.288425326347351 0.12659540772438 0.0831815004348755 0.0726357102394104 0.0638761892914772 0.0705294087529182 0.0681085661053658 0.064946636557579 0.0567666217684746 0.0614998452365398 0.077439196407795 0.0790941640734673 0.0783721059560776 0.0667532980442047 0.0656655952334404 0.0624579973518848 0.0593113712966442 0.0572284646332264 0.0552532188594341 0.063071683049202 0.0538340061903 0.0703253522515297
0.454238206148148 0.51187539100647 0.583710730075836 0.61536431312561 0.846721231937408 0.874472081661224 0.824950933456421 0.693600535392761 0.658058643341064 0.596315979957581 0.70176112651825 0.712648093700409 0.679618299007416 0.503998160362244 0.457393258810043 0.457447081804276 0.460781753063202 0.501982867717743 0.543957889080048 0.900599837303162 0.655921816825867 0.816038727760315 0.603303074836731 0.226378962397575 0.0935619100928307 0.0765280053019524 0.072221465408802 0.0693794116377831 0.0689137652516365 0.0614192001521587 0.0570541359484196 0.0576388537883759 0.0618785209953785 0.0592367500066757 0.0623990297317505 0.0605296120047569 0.0634346902370453 0.0662927553057671 0.0653697848320007 0.0640129968523979 0.0538140647113323 0.0515462718904018 0.060700211673975 0.0592764839529991 0.0536435507237911
0.397018402814865 0.406983882188797 0.382758885622025 0.426823973655701 0.564835488796234 0.721269190311432 0.594071686267853 0.621621668338776 0.652888715267181 0.583500504493713 0.489673167467117 0.451237946748734 0.43602329492569 0.409201562404633 0.400213927030563 0.452591061592102 0.484911412000656 0.492154508829117 0.525999784469604 0.598811626434326 0.599243819713593 0.604040086269379 0.314513146877289 0.147431924939156 0.0781716257333755 0.0785287842154503 0.0712562724947929 0.0672815218567848 0.0654868930578232 0.0599399618804455 0.0612615644931793 0.0631395056843758 0.0648163855075836 0.0629723817110062 0.0581238642334938 0.0536788888275623 0.0627394169569016 0.0666652247309685 0.0595922097563744 0.0574833452701569 0.0503864102065563 0.0558758825063705 0.0524776466190815 0.053382258862257 0.0531512014567852
0.364407330751419 0.371019035577774 0.35661855340004 0.381194472312927 0.386432945728302 0.469454377889633 0.463596105575562 0.383405715227127 0.368365079164505 0.371913015842438 0.356658637523651 0.333504021167755 0.316579818725586 0.33610936999321 0.323045343160629 0.319807589054108 0.396587133407593 0.421221703290939 0.455463588237762 0.393565535545349 0.35582959651947 0.290290713310242 0.191477924585342 0.0966136455535889 0.0720196813344955 0.0705877989530563 0.0643687024712563 0.0673419386148453 0.0655132606625557 0.0621003843843937 0.0589789636433125 0.0548663027584553 0.0569509007036686 0.0607238262891769 0.0561303310096264 0.0520072095096111 0.0598904751241207 0.0587053038179874 0.0639263466000557 0.0604120157659054 0.0594138950109482 0.0510214678943157 0.0448522418737411 0.0490281768143177 0.0554666705429554
0.22284671664238 0.338079482316971 0.331934809684753 0.332333713769913 0.343215882778168 0.350351005792618 0.339794278144836 0.353787213563919 0.349996656179428 0.318922817707062 0.322814255952835 0.30419796705246 0.272471994161606 0.228879049420357 0.197174742817879 0.221492320299149 0.270175218582153 0.289166420698166 0.299275308847427 0.276586771011353 0.227105766534805 0.163542985916138 0.0909680798649788 0.0710983946919441 0.0650532096624374 0.0652581974864006 0.062998354434967 0.0606826916337013 0.0597332902252674 0.0586163587868214 0.0525784455239773 0.0476501323282719 0.04518898203969 0.0502560772001743 0.0506170466542244 0.0505964979529381 0.0575431399047375 0.0652399212121964 0.0584513023495674 0.0664766058325768 0.0559857971966267 0.0511595271527767 0.0451803356409073 0.0472982935607433 0.0556487962603569
0.107021741569042 0.305643618106842 0.16872501373291 0.0834996700286865 0.13520359992981 0.220849245786667 0.24690543115139 0.199806734919548 0.264484971761703 0.23448871076107 0.202510669827461 0.197910308837891 0.172727689146996 0.179442465305328 0.183553546667099 0.203639790415764 0.191980957984924 0.205999508500099 0.273541480302811 0.269311338663101 0.20555092394352 0.137797400355339 0.0705530047416687 0.0663105845451355 0.0597487464547157 0.0554513595998287 0.0573693104088306 0.056351076811552 0.0562621876597404 0.0558854304254055 0.0547152757644653 0.0484900660812855 0.0514697544276714 0.0530573353171349 0.050166379660368 0.0683413222432137 0.0712321028113365 0.0663398578763008 0.0541543141007423 0.0591724589467049 0.0536013245582581 0.0484437122941017 0.0470087490975857 0.051246389746666 0.05312180519104
0.122448079288006 0.126485630869865 0.13085001707077 0.0838510617613792 0.0793439745903015 0.0915997922420502 0.0759179890155792 0.0932963639497757 0.133326560258865 0.103307723999023 0.129191443324089 0.115494400262833 0.156294077634811 0.135664612054825 0.146710574626923 0.143903851509094 0.142283886671066 0.159165620803833 0.241270840167999 0.252924472093582 0.221726432442665 0.116183795034885 0.0689461901783943 0.0557026937603951 0.0500211864709854 0.0559491068124771 0.055525328963995 0.0561992228031158 0.0539955757558346 0.0528570264577866 0.0526654608547688 0.0520352944731712 0.0506351515650749 0.0525532364845276 0.0572989583015442 0.0650888532400131 0.0636181756854057 0.0629973262548447 0.0610856264829636 0.064190186560154 0.0498264320194721 0.0462179370224476 0.0465352609753609 0.0526412092149258 0.0521630011498928
