Ecospace-environmental-drivers/Outputs/ASCII-for-ecospace/Cfl/Cfl_X2015.04.asc
NCOLS 131 
NROWS 53 
XLLCORNER -98 
YLLCORNER 23.9265270233154 
CELLSIZE 0.133587792515755 
NODATA_value -3.4e+38 
[rows 0 to 20 of 53, columns 48 to 95 of 131]
-3.4e+38 -3.4e+38 -3.4e+38 -3.4e+38 -3.4e+38 -3.4e+38 -3.4e+38 -3.4e+38 -3.4e+38 -3.4e+38 -3.4e+38 -3.4e+38 -3.4e+38 -3.4e+38 -3.4e+38 -3.4e+38 -3.4e+38 -3.4e+38 -3.4e+38 -3.4e+38 -3.4e+38 -3.4e+38 -3.4e+38 -3.4e+38 -3.4e+38 -3.4e+38 -3.4e+38 -3.4e+38 -3.4e+38 -3.4e+38 -3.4e+38 -3.4e+38 -3.4e+38 -3.4e+38 -3.4e+38 -3.4e+38 -3.4e+38 -3.4e+38 -3.4e+38 -3.4e+38 -3.4e+38 -3.4e+38 -3.4e+38 -3.4e+38 -3.4e+38 -3.4e+38 -3.4e+38 -3.4e+38
-3.4e+38 -3.4e+38 -3.4e+38 -3.4e+38 -3.4e+38 -3.4e+38 -3.4e+38 -3.4e+38 -3.4e+38 -3.4e+38 -3.4e+38 -3.4e+38 -3.4e+38 -3.4e+38 -3.4e+38 -3.4e+38 -3.4e+38 -3.4e+38 -3.4e+38 -3.4e+38 -3.4e+38 -3.4e+38 -3.4e+38 -3.4e+38 -3.4e+38 -3.4e+38 -3.4e+38 -3.4e+38 -3.4e+38 -3.4e+38 -3.4e+38 -3.4e+38 -3.4e+38 -3.4e+38 -3.4e+38 -3.4e+38 -3.4e+38 -3.4e+38 -3.4e+38 -3.4e+38 -3.4e+38 -3.4e+38 -3.4e+38 -3.4e+38 -3.4e+38 -3.4e+38 -3.4e+38 -3.4e+38
-3.4e+38 -3.4e+38 -3.4e+38 -3.4e+38 -3.4e+38 -3.4e+38 -3.4e+38 -3.4e+38 -3.4e+38 -3.4e+38 -3.4e+38 -3.4e+38 -3.4e+38 -3.4e+38 -3.4e+38 -3.4e+38 -3.4e+38 -3.4e+38 -3.4e+38 -3.4e+38 -3.4e+38 -3.4e+38 -3.4e+38 -3.4e+38 -3.4e+38 -3.4e+38 -3.4e+38 -3.4e+38 -3.4e+38 -3.4e+38 -3.4e+38 -3.4e+38 -3.4e+38 -3.4e+38 -3.4e+38 -3.4e+38 -3.4e+38 -3.4e+38 -3.4e+38 -3.4e+38 -3.4e+38 -3.4e+38 -3.4e+38 -3.4e+38 -3.4e+38 -3.4e+38 -3.4e+38 -3.4e+38
-3.4e+38 -3.4e+38 -3.4e+38 -3.4e+38 -3.4e+38 -3.4e+38 -3.4e+38 -3.4e+38 -3.4e+38 -3.4e+38 -3.4e+38 -3.4e+38 -3.4e+38 -3.4e+38 -3.4e+38 -3.4e+38 -3.4e+38 -3.4e+38 -3.4e+38 -3.4e+38 -3.4e+38 -3.4e+38 -3.4e+38 -3.4e+38 -3.4e+38 -3.4e+38 0.909675002098083 0.775795102119446 -3.4e+38 -3.4e+38 -3.4e+38 -3.4e+38 -3.4e+38 -3.4e+38 -3.4e+38 -3.4e+38 -3.4e+38 -3.4e+38 -3.4e+38 -3.4e+38 -3.4e+38 -3.4e+38 -3.4e+38 -3.4e+38 -3.4e+38 -3.4e+38 -3.4e+38 -3.4e+38
-3.4e+38 -3.4e+38 -3.4e+38 -3.4e+38 -3.4e+38 -3.4e+38 -3.4e+38 -3.4e+38 -3.4e+38 -3.4e+38 0.30706998705864 -3.4e+38 -3.4e+38 -3.4e+38 -3.4e+38 -3.4e+38 -3.4e+38 -3.4e+38 -3.4e+38 -3.4e+38 -3.4e+38 -3.4e+38 -3.4e+38 -3.4e+38 0.433036595582962 -3.4e+38 0.36517208814621 0.323153525590897 -3.4e+38 -3.4e+38 -3.4e+38 -3.4e+38 -3.4e+38 -3.4e+38 0.0308200009167194 0.0227623842656612 0.0180932264775038 0.020485969260335 0.00853539817035198 0.0052213273011148 -3.4e+38 -3.4e+38 -3.4e+38 -3.4e+38 -3.4e+38 -3.4e+38 -3.4e+38 -3.4e+38
-3.4e+38 -3.4e+38 -3.4e+38 -3.4e+38 -3.4e+38 -3.4e+38 -3.4e+38 -3.4e+38 1.20587825775146 0.57442033290863 0.458891630172729 0.487395286560059 0.546296000480652 -3.4e+38 -3.4e+38 -3.4e+38 -3.4e+38 -3.4e+38 -3.4e+38 -3.4e+38 -3.4e+38 0.586261749267578 0.63441002368927 0.359396606683731 0.324333786964417 0.324122726917267 0.387373000383377 0.303536742925644 0.273556113243103 0.0979404598474503 0.120685994625092 0.0862459614872932 0.0424474440515041 0.0126190669834614 0.0127551527693868 0.00940403249114752 0.0110824657604098 0.00790309812873602 0.0056507894769311 0.00578113459050655 0.00307341641746461 0.00119678233750165 0.0115500520914793 -3.4e+38 -3.4e+38 -3.4e+38 -3.4e+38 -3.4e+38
-3.4e+38 -3.4e+38 -3.4e+38 -3.4e+38 -3.4e+38 -3.4e+38 -3.4e+38 -3.4e+38 1.20680058002472 0.750682532787323 0.540284812450409 0.47203403711319 0.512991964817047 -3.4e+38 -3.4e+38 1.07887005805969 -3.4e+38 -3.4e+38 -3.4e+38 -3.4e+38 -3.4e+38 -3.4e+38 0.252257436513901 0.229832887649536 0.206536665558815 0.17205137014389 0.219959184527397 0.132923752069473 0.0870785117149353 0.0731249675154686 0.0537586435675621 0.047839317470789 0.0394925586879253 0.0324959084391594 0.0180670060217381 0.0162022691220045 0.0156567040830851 0.0179525520652533 0.0155745353549719 0.0152527466416359 0.0105088306590915 0.00773843796923757 0.0190152879804373 0.0298924334347248 -3.4e+38 -3.4e+38 -3.4e+38 -3.4e+38
-3.4e+38 -3.4e+38 -3.4e+38 -3.4e+38 -3.4e+38 -3.4e+38 -3.4e+38 -3.4e+38 -3.4e+38 0.756762504577637 0.556278645992279 0.562759339809418 0.45280247926712 -3.4e+38 0.857487499713898 0.942161679267883 -3.4e+38 -3.4e+38 0.582804501056671 0.593475878238678 0.432420969009399 0.187577545642853 0.175012424588203 0.173457488417625 0.0904928967356682 0.0816181302070618 0.0924302488565445 0.073632225394249 0.0650121718645096 0.0583869367837906 0.0476025268435478 0.0370427630841732 0.0395522303879261 0.0424207486212254 0.0295244567096233 0.0161140132695436 0.0100667225196958 0.0153819983825088 0.0238689389079809 0.0245987419039011 0.0216079428792 0.0170993413776159 0.011558635160327 0.0187608134001493 0.0158712305128574 0.0318280421197414 -3.4e+38 -3.4e+38
-3.4e+38 -3.4e+38 -3.4e+38 -3.4e+38 -3.4e+38 -3.4e+38 -3.4e+38 -3.4e+38 -3.4e+38 -3.4e+38 -3.4e+38 -3.4e+38 -3.4e+38 -3.4e+38 -3.4e+38 -3.4e+38 -3.4e+38 0.446120083332062 0.508280456066132 0.502061367034912 0.442171096801758 0.160098910331726 0.222739577293396 0.140709206461906 0.0853160321712494 0.0735093131661415 0.0604070276021957 0.0385377965867519 0.0341506749391556 0.0398084670305252 0.0357984751462936 0.0359082221984863 0.0391619279980659 0.0397072173655033 0.0245942212641239 0.019060080870986 0.0186859797686338 0.0177904404699802 0.0152785638347268 0.0205051396042109 0.0187932327389717 0.028654558584094 0.025667242705822 0.0226369183510542 0.0207021255046129 0.0205452740192413 0.0266434065997601 -3.4e+38
-3.4e+38 -3.4e+38 -3.4e+38 -3.4e+38 -3.4e+38 -3.4e+38 -3.4e+38 -3.4e+38 -3.4e+38 -3.4e+38 -3.4e+38 -3.4e+38 -3.4e+38 -3.4e+38 -3.4e+38 0.992496728897095 0.712115705013275 0.458381295204163 0.469735383987427 0.481099247932434 0.331044673919678 0.139978066086769 0.183425799012184 0.164181113243103 0.125139802694321 0.171459659934044 0.160548612475395 0.111117817461491 0.0568962022662163 0.041569285094738 0.0390965156257153 0.0417585037648678 0.0415233708918095 0.0378979705274105 0.0270243231207132 0.0203682277351618 0.0234015751630068 0.0159445106983185 0.0258594211190939 0.0240536537021399 0.01737355068326 0.0146391838788986 0.0339652299880981 0.0282005872577429 0.0205299537628889 0.0234204214066267 0.100786723196507 0.0563241988420486
-3.4e+38 -3.4e+38 -3.4e+38 -3.4e+38 -3.4e+38 -3.4e+38 -3.4e+38 -3.4e+38 -3.4e+38 -3.4e+38 -3.4e+38 -3.4e+38 -3.4e+38 -3.4e+38 -3.4e+38 0.918031215667725 0.629426240921021 0.531256794929504 0.432124078273773 0.371751368045807 0.274552375078201 0.459004193544388 -3.4e+38 0.258524119853973 0.187202215194702 0.152820736169815 0.205549672245979 0.22302582859993 0.133943572640419 0.192839846014977 0.164697051048279 0.107228949666023 0.0793589800596237 0.0800959840416908 0.0635200664401054 0.0507067106664181 0.0252449493855238 0.0194727871567011 0.0295447167009115 0.026663513854146 0.0209228917956352 0.0161012224853039 0.0256884694099426 0.0419780686497688 0.0240931361913681 0.0244656559079885 0.0654882416129112 0.0515798814594746
-3.4e+38 -3.4e+38 -3.4e+38 -3.4e+38 -3.4e+38 -3.4e+38 -3.4e+38 -3.4e+38 -3.4e+38 -3.4e+38 -3.4e+38 -3.4e+38 0.510744035243988 0.198609992861748 -3.4e+38 0.757222294807434 0.540126621723175 0.613535583019257 0.514638721942902 0.403507947921753 0.508888840675354 0.478989899158478 0.471884995698929 0.457759290933609 0.290604591369629 0.248134791851044 0.208549380302429 0.216857194900513 0.236511692404747 0.277814775705338 0.239711239933968 0.0754034072160721 0.0697835683822632 0.0953226462006569 0.0892724469304085 0.0626999363303185 0.0415301360189915 0.0255220383405685 0.023767651990056 0.0189413968473673 0.0216025672852993 0.0277081467211246 0.03075529076159 0.0231346450746059 0.0270603764802217 0.0246630311012268 0.0282666198909283 0.0299936886876822
-3.4e+38 -3.4e+38 -3.4e+38 -3.4e+38 -3.4e+38 -3.4e+38 -3.4e+38 -3.4e+38 -3.4e+38 -3.4e+38 -3.4e+38 -3.4e+38 0.360356360673904 0.284017860889435 0.278989106416702 -3.4e+38 -3.4e+38 -3.4e+38 0.548928797245026 0.579582691192627 0.578473508358002 0.533607482910156 0.484454393386841 0.441934883594513 0.256937235593796 0.286363750696182 0.253544896841049 0.211711376905441 0.176133245229721 0.164172470569611 0.0987208336591721 0.0681495070457458 0.0448035784065723 0.0280485302209854 0.0352705456316471 0.0301777757704258 0.0205630622804165 0.0291895288974047 0.0232742093503475 0.0194804891943932 0.0173739492893219 0.0315467678010464 0.0274406112730503 0.0468392185866833 0.0338718593120575 0.0360196866095066 0.0333893895149231 0.0300652757287025
-3.4e+38 0.456898123025894 0.432336270809174 0.428358018398285 0.431270092725754 -3.4e+38 -3.4e+38 0.457672089338303 0.56154191493988 0.659660696983337 0.440840542316437 0.470194071531296 0.446320682764053 0.415213823318481 0.434821665287018 0.556997418403625 -3.4e+38 -3.4e+38 -3.4e+38 0.34369370341301 0.536393582820892 0.416433423757553 0.489178091287613 0.498723417520523 0.330789536237717 0.225272640585899 0.124043248593807 0.0645171254873276 0.0456037409603596 0.121335625648499 0.0610062777996063 0.0272898524999619 0.0177868697792292 0.0162739846855402 0.0148613136261702 0.0133679015561938 0.0168943870812654 0.0161437708884478 0.0157747678458691 0.0262400135397911 0.0193390846252441 0.0379321835935116 0.0152120692655444 0.0344556160271168 0.0383539870381355 0.037493247538805 0.0335284918546677 0.039725236594677
0.406485289335251 0.437371820211411 0.402914077043533 0.484183251857758 0.467858642339706 -3.4e+38 -3.4e+38 0.444661736488342 0.630686402320862 0.607364058494568 0.4782495200634 0.436615198850632 0.457787483930588 0.431569457054138 0.408292502164841 0.740421950817108 0.88486510515213 -3.4e+38 0.242555007338524 0.341983020305634 0.514101624488831 0.363006263971329 0.345186173915863 0.353445917367935 0.28886666893959 0.223133206367493 0.118577919900417 0.0679100677371025 0.0517900362610817 0.0379630587995052 0.0247794948518276 0.0225549470633268 0.0126120103523135 0.0147717148065567 0.0166880432516336 0.0153272608295083 0.0155182043090463 0.01536482013762 0.0135915847495198 0.0195813067257404 0.0205829553306103 0.0293578151613474 0.0215330999344587 0.027831619605422 0.00929538439959288 0.0243714191019535 0.0270051769912243 0.0396516993641853
0.128594607114792 0.331083416938782 0.35426065325737 0.398552268743515 0.331681311130524 0.322484731674194 0.368316859006882 0.354450672864914 0.379199773073196 0.484177261590958 0.492293357849121 0.502117872238159 0.510989189147949 0.492264181375504 0.455677002668381 0.797453463077545 0.703890144824982 0.32344725728035 0.412106513977051 0.0382275618612766 -3.4e+38 -3.4e+38 -3.4e+38 0.23425979912281 0.119347482919693 0.0897466391324997 0.0565655194222927 0.035219844430685 0.0282251928001642 0.0176962707191706 0.017108641564846 0.0177454352378845 0.0149091565981507 0.0158671941608191 0.016511308029294 0.0148202450945973 0.0152454124763608 0.0158626679331064 0.015596897341311 0.0153242480009794 0.0180925186723471 0.0293585024774075 0.0214823223650455 0.0138754565268755 0.0109057081863284 0.0142748961225152 0.0199426393955946 0.0419221930205822
0.0312014874070883 0.10283599793911 0.162821099162102 0.148841261863708 0.108867362141609 0.12252376973629 0.054270938038826 0.396439403295517 0.389300405979156 0.336953938007355 0.485258668661118 0.539586901664734 0.577244758605957 0.541892290115356 0.566618025302887 -3.4e+38 0.525226354598999 0.318760007619858 0.159955233335495 0.0342614874243736 0.0156900007277727 -3.4e+38 -3.4e+38 0.222572907805443 0.0509139001369476 0.0426953136920929 0.022039782255888 0.0230735167860985 0.0228674281388521 0.0167656671255827 0.0170768573880196 0.0161969307810068 0.016411816701293 0.0164946354925632 0.01560144033283 0.0165176130831242 0.0163273233920336 0.0149255553260446 0.0135471262037754 0.0149068078026175 0.0159305203706026 0.0157562270760536 0.0122225396335125 0.00771810580044985 0.00599165633320808 0.0121363876387477 0.0118088843300939 0.0295979585498571
-3.4e+38 0.0129699995741248 0.0790385529398918 0.0914016366004944 0.083733007311821 0.100879326462746 0.0897509828209877 0.211732059717178 0.0875298529863358 0.120366059243679 0.284321993589401 0.218976408243179 0.21425187587738 0.199062287807465 -3.4e+38 0.461491197347641 0.210586786270142 0.170117065310478 0.0522805750370026 0.0310418698936701 0.0310472026467323 0.0392306335270405 -3.4e+38 -3.4e+38 0.00916175171732903 0.0181370750069618 0.0246174316853285 0.0210167784243822 0.0189690496772528 0.0167187191545963 0.0195555426180363 0.0227537136524916 0.0172720495611429 0.0140626411885023 0.0153515599668026 0.0149437375366688 0.0144653841853142 0.0150817995890975 0.0140411471948028 0.0187926385551691 0.0152119034901261 0.0116189895197749 0.0108020408079028 0.00894854869693518 0.00771117629483342 0.0101513974368572 0.0115921953693032 0.0186135414987803
0.00762255350127816 0.00399226602166891 0.0714065283536911 0.0881654992699623 0.0396558046340942 -3.4e+38 0.122840493917465 0.232255205512047 0.214759677648544 0.138007625937462 0.0733196213841438 0.0403872206807137 0.0445833839476109 0.027012949809432 0.0418610535562038 0.078811451792717 0.0583317279815674 0.0715742483735085 0.0430702939629555 0.0295270681381226 0.0342258550226688 0.0350242145359516 0.0372404456138611 0.032649639993906 0.0170300807803869 0.0050144917331636 0.0112726185470819 0.017633056268096 0.0172197259962559 0.0170150473713875 0.0199392847716808 0.0222715064883232 0.0194876678287983 0.0203654356300831 0.0153778670355678 0.0142280273139477 0.014520725235343 0.0181315578520298 0.015103867277503 0.0174202546477318 0.0119326189160347 0.010932051576674 0.012972486205399 0.0126706743612885 0.00761610083281994 0.0104292100295424 0.0160935204476118 0.025234704837203
0.0103343836963177 0.0122142760083079 0.0123775582760572 0.0221672616899014 0.0138349141925573 -3.4e+38 -3.4e+38 0.0931351408362389 0.0841672942042351 0.0384498685598373 0.0201728902757168 0.0328221544623375 0.0195054691284895 -3.4e+38 0.0652311816811562 0.0511033460497856 0.0455329455435276 0.0672359615564346 0.0413833297789097 0.0286924596875906 0.0419305823743343 0.0530424378812313 0.0459161810576916 0.0280562248080969 0.0151556516066194 0.00898655876517296 0.0131847076117992 0.0162692833691835 0.0150476805865765 0.0149888163432479 0.0171993412077427 0.0194127652794123 0.0195547640323639 0.0200426112860441 0.0167620871216059 0.0169345308095217 0.0138507205992937 0.0162868015468121 0.0149187725037336 0.0131247853860259 0.0119545236229897 0.0146221360191703 0.012842008844018 0.0106518175452948 0.0063473479822278 0.00934047438204288 0.0237027164548635 0.0274643544107676
0.00557080376893282 0.00857093557715416 0.00919782742857933 0.00963874626904726 0.00686313584446907 0.0145600140094757 0.0235967840999365 0.00718298275023699 0.0116006834432483 0.0198498871177435 0.0218489784747362 0.0336306318640709 0.0308630224317312 0.0405848547816277 0.0290517657995224 0.031320333480835 -3.4e+38 0.0706423968076706 0.0555841103196144 0.0442822314798832 0.040702685713768 0.0625271424651146 0.069930337369442 0.0476141758263111 0.0178234614431858 0.0113004595041275 0.00975800398737192 0.0121841905638576 0.0152974277734756 0.015965698286891 0.0146597167477012 0.0152928316965699 0.0162832885980606 0.0134654184803367 0.0177932605147362 0.0151275089010596 0.0119188772514462 0.0146465739235282 0.0137638598680496 0.0143915545195341 0.0129788853228092 0.00972256157547235 0.0114108454436064 0.0104052824899554 0.00544369081035256 0.00339873880147934 0.00627175252884626 0.0253721214830875
