Ecospace-environmental-drivers/Outputs/ASCII-for-ecospace/Cfl/Cfl_X1999_07_avg.asc
NCOLS 131 
NROWS 53 
XLLCORNER -98 
YLLCORNER 23.9265270233154 
CELLSIZE 0.133587792515755 
NODATA_value -9999 
[rows 20 to 39 of 53, columns 46 to 91 of 131]
0.837968299165368 0.846703458949923 1.00231017135084 0.982682054489851 1.24248638376594 1.2036895044148 1.15501718297601 1.26342762410641 1.46540077736503 1.44084753488239 1.38472371920943 1.3942251317203 1.3873297393322 1.7325839869678 1.60744098126888 1.69106493368745 1.66942848488688 1.61683114990592 1.24467771351337 1.33130394220352 1.69817219637334 0.676695451512933 0.555746618285775 0.670090172812343 0.591506439074874 0.538579914718866 0.48832805082202 0.535231890529394 0.40584498308599 0.35301214940846 0.347455145046115 0.354801200702786 0.386460195295513 0.372332127764821 0.370613188482821 0.358801368437707 0.299333790689707 0.319485959038138 0.374989892169833 0.311900333687663 0.282908667623997 0.238569629564881 0.235252149775624 0.247780280560255 0.266931178793311 0.300043451040983
0.472022673115134 0.444301632419229 0.507334861159325 0.596866424381733 0.696044556051493 0.674292035773396 0.668204973638058 0.567618504950875 0.591173928231001 0.642037601768971 0.733653019368649 1.05156626850367 0.893560262769461 1.05719523988664 1.22283814027905 1.17386023141444 1.05625036656857 0.923762807250023 0.960165768861771 0.881853507459164 0.668071330338716 0.456489865854383 0.395923102647066 0.45729763135314 0.346071470528841 0.395505351573229 0.502109279483557 0.497583469189703 0.336671429313719 0.309667262807488 0.263072838261724 0.29906353354454 0.30067877098918 0.274733372963965 0.281598650105298 0.276238195970654 0.393090587854385 0.297454215586185 0.28423023223877 0.257947796210647 0.262462118640542 0.242184960097075 0.213181914016604 0.225712029635906 0.271719265729189 0.274917573109269
0.308780329301953 0.299240549653769 0.307680710032582 0.358970533311367 0.418568646535277 0.380328149721026 0.401590263471007 0.435699148476124 0.486004577949643 0.476130589470267 0.536681498959661 0.73206526003778 0.812947358191013 1.0932914532721 1.05617272928357 1.03312951177359 0.815408930927515 0.620659896358848 0.404671538434923 0.512286706641316 0.544276252947748 0.532393990643322 0.362688500247896 0.350653439760208 0.25008637662977 0.287626337073743 0.321289192140102 0.303862263821065 0.260028682276607 0.266039649583399 0.270237455889583 0.329590474069119 0.282731108739972 0.220099317654967 0.223355410993099 0.198127171397209 0.286885556578636 0.336038094758987 0.350061281397939 0.268480570986867 0.281213631480932 0.21086549423635 0.199336909130216 0.219300368055701 0.25477034188807 0.236838020384312
0.248336667940021 0.236576405540109 0.25840199328959 0.285556581243873 0.269189359620214 0.268747096508741 0.313324816524982 0.329234534580457 0.322259030491114 0.443884507939219 0.526931871846318 0.671697221323848 0.631518488377333 0.657711777091026 0.691408866271377 0.428775763884187 0.341415653005242 0.345007484778762 0.318266368098557 0.464313337951899 0.530893529951572 0.637809489108622 0.754621737450361 0.49964914470911 0.271737142466009 0.330265075340867 0.389518780447543 0.321622022800148 0.258676637895405 0.227287269383669 0.302424697950482 0.364198970422149 0.222694174014032 0.239942975528538 0.210677775740623 0.172564760968089 0.18761557303369 0.235422468185425 0.252944895997643 0.284358152747154 0.257583118230104 0.211624533310533 0.18235459215939 0.192496395483613 0.225888368859887 0.234903782978654
0.212538623809814 0.207636392116547 0.244878623634577 0.231471268087625 0.223185241222382 0.222603653371334 0.237170616537333 0.272949793189764 0.265451232343912 0.307199943438172 0.378320029005408 0.567247131466866 0.520731434971094 0.779437836632133 0.611441970989108 0.378619995340705 0.382836273312569 0.567965383082628 0.332946150936186 0.415756251104176 0.41664009001106 0.512720128521323 0.48206296544522 0.281055393069983 0.285164478234947 0.196111699193716 0.221895807608962 0.239325521327555 0.261009791307151 0.222194977104664 0.267502022907138 0.281603780202568 0.249102777242661 0.228722741641104 0.208462545648217 0.206598264351487 0.213756004348397 0.252622592449188 0.237476836889982 0.220419830456376 0.217841586098075 0.190774067491293 0.176237867027521 0.186185088008642 0.18605898655951 0.20194437019527
0.17925648316741 0.185420636460185 0.192931390553713 0.192372639104724 0.182919403538108 0.184216292947531 0.184742880612612 0.201158830601918 0.192386271432042 0.203527995571494 0.280018287152052 0.441018429398537 0.839522552117705 1.03841890022159 0.827465857006609 0.560113041102886 0.433854131214321 0.458985379710794 0.331533116474748 0.350560138933361 0.443821494467556 0.519489028863609 0.388664846494794 0.303311594948173 0.287584650143981 0.265861292742193 0.25662000477314 0.226547514460981 0.1686334496364 0.247368520312011 0.236262454278767 0.304547944478691 0.289157381094992 0.235849043540657 0.211117155849934 0.205990990623832 0.241867353394628 0.257675432413816 0.269982406869531 0.269465079903603 0.168093828484416 0.174679766967893 0.178882851451635 0.194709896668792 0.186571880429983 0.178179485350847
0.167673460766673 0.168831456080079 0.168368769809604 0.163876631855965 0.181131237745285 0.199427721276879 0.187112931534648 0.18089664131403 0.166846675425768 0.16425568126142 0.183780777454376 0.309183484688401 0.729306371510029 1.17237626928836 1.4029310554266 0.911065581254661 0.63793834131211 0.371188922785223 0.280104961059988 0.359732444770634 0.374710525944829 0.340058924630284 0.24777690526098 0.274849706329405 0.263479110598564 0.318018967658281 0.373055966570973 0.309973876923323 0.201357989013195 0.219037231989205 0.168766192160547 0.243596998043358 0.236665449663997 0.171694421209395 0.145886727422476 0.189569356478751 0.247900944203138 0.223787505179644 0.175266943871975 0.183899170905352 0.177607381716371 0.171423888206482 0.173167770728469 0.187741355597973 0.195127716287971 0.184976374730468
0.152889194712043 0.172840756550431 0.171709067001939 0.168421376124024 0.20914625171572 0.201936545968056 0.168137090653181 0.1659311514936 0.152512020245194 0.155577444285154 0.184148318693042 0.23596329446882 0.334608882293105 0.606089891120791 0.800508739054203 0.862191418930888 0.496576816216111 0.298302757926285 0.227824212796986 0.244875599443913 0.244298456609249 0.21847671456635 0.188913152366877 0.194002510607243 0.192323876358569 0.20788756031543 0.21136189699173 0.210997511073947 0.144354810006917 0.12800279352814 0.15394087433815 0.24328489843756 0.213442931324244 0.377101291559244 0.263266456499696 0.189126369170845 0.177686283364892 0.168684198707342 0.154324339702725 0.14576524682343 0.163355898112059 0.167221798375249 0.173035538941622 0.192200652882457 0.189285303652287 0.172078718245029
0.168556736409664 0.194513072818518 0.160141222551465 0.16629422865808 0.167068020626903 0.176654203236103 0.157944108173251 0.146018136665225 0.143587853014469 0.142798417620361 0.165505468472838 0.187591162696481 0.20293740183115 0.276906899921596 0.392095179483294 0.370318097621202 0.30571692045778 0.295707282423973 0.255750814825296 0.190514238737524 0.200486410036683 0.229550424776971 0.24662971328944 0.166962041705847 0.138912309147418 0.150726499967277 0.138616009801626 0.109526102617383 0.103350981511176 0.115513816662133 0.134117127768695 0.142419881373644 0.198851373791695 0.226794433407485 0.23766081687063 0.218735544756055 0.193851890787482 0.16665359493345 0.123010699264705 0.136431574076414 0.144937441498041 0.15713291503489 0.170439628884196 0.169006240367889 0.165192608907819 0.181372522935271
0.124551738798618 0.140870359539986 0.13387344814837 0.130780401080847 0.150490708649158 0.135068532079458 0.136353437043726 0.145420219935477 0.146290109679103 0.136989481560886 0.140180721692741 0.160645612515509 0.151361879892647 0.152938606776297 0.2019207470119 0.223820036463439 0.212629464454949 0.214879977144301 0.215752945654094 0.183560517057776 0.181202265433967 0.197759140282869 0.246007806062698 0.222530001215637 0.130370378121734 0.111904134042561 0.111874490976334 0.100684110634029 0.100543431937695 0.107791613228619 0.115940885432065 0.126382941938937 0.137686734087765 0.176928879693151 0.187229042872787 0.16422964874655 0.156925174593925 0.131117729283869 0.11602034792304 0.115642538294196 0.123782232031226 0.128412121161818 0.146734420582652 0.146166368946433 0.152599074691534 0.16538223773241
0.118438052944839 0.120034928806126 0.115436309762299 0.123571211285889 0.142726301029325 0.134503876790404 0.149161247164011 0.156242822483182 0.176786155998707 0.125021396577358 0.142205155454576 0.147618464380503 0.150537182763219 0.153674707002938 0.160318464785814 0.168534114956856 0.186706273630261 0.203658697381616 0.19138821400702 0.177432745136321 0.159633359499276 0.147761815786362 0.149254856444895 0.145357523113489 0.118424347229302 0.122245609201491 0.158501622080803 0.147113199718297 0.109883040376008 0.1052091056481 0.103590330295265 0.107323743216693 0.11066712513566 0.133443559333682 0.143614802695811 0.137258787453175 0.114890022575855 0.104416855052114 0.102879145927727 0.111225381679833 0.109413811191916 0.117045944929123 0.118622524291277 0.129068857431412 0.134285864979029 0.143568470329046
0.110016142204404 0.119598207250237 0.119983775913715 0.12350894510746 0.154892397485673 0.16364429655828 0.143036380782723 0.13788986671716 0.13496133480221 0.171696372330189 0.161414846405387 0.129401025548577 0.151810489222407 0.164886903949082 0.139416166767478 0.156651498377323 0.18844409827143 0.189834718033671 0.17490911167115 0.165036479011178 0.146415657177567 0.120427078381181 0.103372831270099 0.0954960331320763 0.0925550170242786 0.121221884340048 0.152167285047472 0.167391347698867 0.0833350215107203 0.0817294783890247 0.0884112369269133 0.0962223909795284 0.126947138085961 0.132166307419538 0.128899705410004 0.147428867220879 0.147467264533043 0.109048176929355 0.126342522911727 0.12570415250957 0.137477641366422 0.156686032749712 0.141094248369336 0.112669521197677 0.121948576718569 0.139687932655215
0.105653962120414 0.112221120297909 0.117000535130501 0.122804400697351 0.12170073017478 0.128933401592076 0.133441025950015 0.138743745721877 0.132460979185998 0.129656476899981 0.122727904655039 0.119228114001453 0.128104616142809 0.139860414713621 0.154083461500704 0.128929065912962 0.13480245936662 0.169377825409174 0.181773584336042 0.166619633324444 0.127279467321932 0.0987218493595719 0.101955128461123 0.0992392724379897 0.0881199425086379 0.0906513100489974 0.112275684811175 0.114802843518555 0.0940548220649362 0.0792150737717748 0.0764041274785996 0.0855905978009105 0.110448660515249 0.105537999048829 0.115992828644812 0.123301172628999 0.125610337033868 0.107367972657084 0.128259628638625 0.12528223991394 0.12298944760114 0.144090037979186 0.142220572754741 0.111049134843051 0.113895271159709 0.118427641317248
0.104868796095252 0.108875960111618 0.116304375976324 0.11795802693814 0.121229109168053 0.123321611434221 0.135702405124903 0.13810730278492 0.13454571235925 0.131452032923698 0.126391135156155 0.127091079577804 0.12292042914778 0.128392575122416 0.156983928382397 0.146394088864326 0.130404436215758 0.127233975753188 0.138218474388123 0.157220469228923 0.120983983948827 0.107579221762717 0.104631596617401 0.0851295905187726 0.078352814540267 0.0734124360606074 0.0701343130320311 0.0706093581393361 0.070823211222887 0.0711404394358397 0.0768673799932003 0.0781250128522515 0.0919294090941548 0.116395880840719 0.107283704355359 0.100247040390968 0.108792691677809 0.104459460452199 0.101914966292679 0.112211051210761 0.107589877396822 0.116642473451793 0.125801080651581 0.112547622621059 0.110753860138357 0.117320287972689
0.104422836750746 0.109379321336746 0.11216865926981 0.110041129216552 0.115567006543279 0.117221684381366 0.12232813667506 0.118852833658457 0.115697710029781 0.133040110580623 0.123276755772531 0.124050826765597 0.118558609671891 0.121735752560198 0.134881416894495 0.127145380154252 0.124870382994413 0.113127059303224 0.113590122014284 0.120276431366801 0.118605652824044 0.103567233122885 0.0862664649263024 0.0798508120700717 0.0766109384596348 0.0718579249456525 0.0707041189074516 0.0681262731552124 0.0720137782394886 0.0722301859408617 0.0726987212896347 0.0763753119856119 0.0923648852854967 0.10699623990804 0.103099502623081 0.0995829053223133 0.0940792394801974 0.100203354842961 0.0989332923665643 0.0991912174969912 0.101273498497903 0.10497604329139 0.108219189755619 0.110312083736062 0.106337961181998 0.105789911560714
0.0986970923841 0.107994510605931 0.103835653141141 0.108385007828474 0.111089101433754 0.117243143543601 0.120425075292587 0.114682350680232 0.108313588425517 0.12027757242322 0.119053656607866 0.130902563966811 0.118528272584081 0.108426402322948 0.110640808008611 0.109399392642081 0.107012007571757 0.109757239185274 0.113461500033736 0.103298248536885 0.11609799452126 0.10156408213079 0.0904551906511188 0.0778551237657666 0.0734090039506555 0.0718729075044394 0.0709438992664218 0.0686254799365997 0.0711688240990043 0.0715821966528893 0.0727118656039238 0.0782940842211246 0.0806025564670563 0.0861864317208529 0.096222073957324 0.0935641809366643 0.0924635914154351 0.0943841272033751 0.0968224409967661 0.0985197579488158 0.0991205748170614 0.103032055683434 0.107365353778005 0.113858750835061 0.104725591652095 0.102031139843166
0.093343991227448 0.100633868202567 0.10770145393908 0.108630956709385 0.109646482020617 0.109089732728899 0.110223474912345 0.123942175135016 0.117906494438648 0.108755374513566 0.10855101402849 0.116989257000387 0.117999203503132 0.112039343453944 0.105054374970496 0.104335048235953 0.101091025955975 0.0979147073077528 0.0940547967329621 0.0937488442286849 0.0931622629985213 0.0907016102224588 0.0787565408274531 0.0705295715481043 0.0665411392226815 0.0705027639865875 0.0690963476896286 0.0693877570331097 0.0716969288885593 0.0732527282088995 0.0731514727696776 0.0798705173656344 0.079104814119637 0.0890319487079978 0.087747829221189 0.089416253939271 0.0918031809851527 0.100078112445772 0.10832353848964 0.101839026995003 0.103156298957765 0.103198172524571 0.102134199626744 0.101162741146982 0.105386489257216 0.104061546176672
0.09238295648247 0.0971626475453377 0.102975073829293 0.104685906693339 0.109533628635108 0.106135342642665 0.111208550073206 0.119758165627718 0.123057522624731 0.120027486421168 0.118253170698881 0.12083132378757 0.105174444057047 0.104712585173547 0.110785936936736 0.102972485125065 0.0978183835744858 0.0913490144535899 0.0903444774448872 0.0912258923053741 0.0876766497269273 0.0789982452988625 0.0737233223393559 0.0697818979620934 0.0674278793856502 0.0703028947114945 0.0701168710365891 0.0701688082888722 0.0698976151645184 0.0713776869699359 0.0739226801320911 0.0771440634503961 0.0787234017625451 0.0862806729972363 0.084118958003819 0.0935694077983499 0.100557724386454 0.100740297324955 0.0948742493987083 0.0939125658944249 0.104089179262519 0.103319972194731 0.0991578200832009 0.101991578936577 0.103628344461322 0.102789985388517
0.094836806319654 0.0949214015156031 0.102603996545076 0.103321917355061 0.102601567469537 0.110491255298257 0.113794587552547 0.125277124904096 0.135798486322165 0.137617661803961 0.135721009038389 0.122901519760489 0.108460245840251 0.100483732298017 0.103508958593011 0.0954179558902979 0.0925839744508266 0.0871078716591001 0.0851564271375537 0.081908468529582 0.0776388028636575 0.0774204604327679 0.0779317894950509 0.0736468186601996 0.0714117921888828 0.0699570609256625 0.0705346275120974 0.0698138920590281 0.0703268038108945 0.0720753699541092 0.0792337913066149 0.0797613417729735 0.0745523609220982 0.0722404191270471 0.0741219028830528 0.0910125687718391 0.109289528429508 0.111842152476311 0.098584015481174 0.0951024189591408 0.0946303158998489 0.0952024128288031 0.0979235377162695 0.0983921384438872 0.0994850300252438 0.101073279231787
0.0951241428032517 0.100498846173286 0.0992919031530619 0.0979908552020788 0.0967705853283405 0.0990402948111296 0.1052041772753 0.118014472536743 0.128274171426892 0.14439683649689 0.153116621822119 0.13625477924943 0.120084954984486 0.11412948127836 0.110183496959507 0.0892972050234675 0.0916028210893273 0.091389081068337 0.0858885619789362 0.0797583386301994 0.07720837444067 0.0779061840847135 0.0788879346102476 0.0742599003016949 0.0746222149580717 0.0718361146748066 0.0717780159786344 0.0727284397929907 0.0735718263313174 0.075778197683394 0.0783178823068738 0.0755101339891553 0.0824617598205805 0.0749145844951272 0.0798250099644065 0.0853622449561953 0.0937233315780759 0.112073273211718 0.112999827601016 0.103621404245496 0.0968004338443279 0.0980783931910992 0.0953647632151842 0.0922989953309298 0.0936594948172569 0.0967369860038161
