Ecospace-environmental-drivers/Outputs/ASCII-for-ecospace/Cfl/Cfl_X2019.07.asc
NCOLS 131 
NROWS 53 
XLLCORNER -98 
YLLCORNER 23.9265270233154 
CELLSIZE 0.133587792515755 
NODATA_value -3.4e+38 
[rows 20 to 39 of 53, columns 45 to 89 of 131]
0.0151952067390084 0.0191026497632265 0.0554769411683083 0.0789311602711678 0.0485289245843887 0.0467196218669415 0.0616926401853561 0.0824761316180229 0.169759377837181 0.119629487395287 0.120336160063744 0.130248412489891 0.119238294661045 0.121450699865818 0.224878117442131 0.214566096663475 0.116098500788212 0.0562812089920044 0.153744712471962 0.0901260748505592 0.0506699122488499 0.092095747590065 0.146622106432915 0.240264505147934 0.105561710894108 0.130426451563835 0.158708944916725 0.0403921827673912 0.0229062978178263 0.0275773555040359 0.0304222535341978 0.0243822634220123 0.0231958199292421 0.069578155875206 0.0395600162446499 0.0207609087228775 0.0593339204788208 0.0479139424860477 0.0536617487668991 0.0496942549943924 0.0180199649184942 0.0431157015264034 0.0478173680603504 0.0451351888477802 0.0591561831533909
0.0287565365433693 0.0359676294028759 0.0413007661700249 0.0531479716300964 0.0521936900913715 0.0537419468164444 0.0959464833140373 0.136975198984146 0.117597103118896 0.0720685124397278 0.0742829740047455 0.0840067118406296 0.096980594098568 0.10332628339529 0.148220255970955 0.0808118209242821 0.0357531607151031 0.0234510041773319 0.0604382418096066 0.0333031341433525 0.00761368637904525 0.0174511354416609 0.0348806828260422 0.0408624596893787 0.036957673728466 0.0311059448868036 0.0294930636882782 0.020365834236145 0.0252300500869751 0.0329276472330093 0.0378920994699001 0.0135467434301972 0.0171050410717726 0.027064872905612 0.0155149586498737 0.049556527286768 0.061936616897583 0.0471164993941784 0.0482653193175793 0.0624178908765316 0.0339822545647621 0.0447822511196136 0.0491042993962765 0.0367057248950005 0.0342618189752102
0.00846656411886215 0.0426159277558327 0.04475062713027 0.0267281476408243 0.0421430543065071 0.0584086254239082 0.0824056565761566 0.101557061076164 0.0585032515227795 0.0594932548701763 0.0549954064190388 0.065433107316494 0.0808120295405388 0.0635049119591713 0.0575319230556488 0.0489816404879093 0.0274834893643856 0.0248651467263699 0.0098938075825572 0.00603123055770993 0.0143964868038893 0.00316622969694436 0.0205518733710051 0.0192113108932972 0.0156510956585407 0.0198932532221079 0.0164597742259502 0.0117420461028814 0.0192034617066383 0.0451310388743877 0.0452369004487991 0.0174556523561478 0.0177320204675198 0.0116163166239858 0.0225253477692604 0.041257482022047 0.0485752858221531 0.0868444591760635 0.0747693330049515 0.0772700086236 0.0426790602505207 0.0473849810659885 0.0386660434305668 0.0316756069660187 0.0259085968136787
0.0374822802841663 0.0462057441473007 0.0529728420078754 0.0435449406504631 0.0402569286525249 0.0494367517530918 0.0872415080666542 0.0776700377464294 0.0574434548616409 0.0485969819128513 0.0434720627963543 0.0524600520730019 0.0550865903496742 0.0499713122844696 0.048141460865736 0.0710768327116966 0.0325723253190517 0.0224350113421679 0.0117165148258209 0.0129734054207802 0.0166184157133102 0.0226484667509794 0.0198846086859703 0.0208223164081573 0.0262474697083235 0.0243496056646109 0.0185200199484825 0.0231551770120859 0.0241742040961981 0.0505163036286831 0.0356107465922832 0.0304587800055742 0.0409246273338795 0.0302678439766169 0.0243173576891422 0.00996698811650276 0.00767224468290806 0.0342988856136799 0.0776684954762459 0.0551793798804283 0.0271640792489052 0.0429240986704826 0.0424863062798977 0.0341688841581345 0.0347126014530659
0.0309205055236816 0.0359309203922749 0.0477230958640575 0.0495278649032116 0.0482453256845474 0.0455849505960941 0.055531270802021 0.0539310947060585 0.0511685311794281 0.0511459186673164 0.0572586916387081 0.0535068996250629 0.0471657253801823 0.0463962107896805 0.0383753553032875 0.0394607745110989 0.030075253918767 0.0276607759296894 0.0324032567441463 0.0306831914931536 0.0278189592063427 0.0189163014292717 0.00947280880063772 0.0178844928741455 0.0171134639531374 0.0235247854143381 0.0269487630575895 0.0214558951556683 0.0301491543650627 0.0411726199090481 0.0461446717381477 0.045442920178175 0.0225239060819149 0.0234680585563183 0.0154316825792193 0.0121511481702328 0.0126272989436984 0.0206734929233789 0.0727536901831627 0.0805986076593399 0.0554724857211113 0.0501391775906086 0.0368588380515575 0.0262538176029921 0.0295049473643303
0.0425870679318905 0.0424271821975708 0.0428707003593445 0.0473958998918533 0.0459075532853603 0.0477359816431999 0.047707062214613 0.0519642159342766 0.0523790754377842 0.0512594170868397 0.0482740812003613 0.0456882975995541 0.0373615957796574 0.0410377159714699 0.0357799455523491 0.032733678817749 0.0362893864512444 0.0351272635161877 0.0505044125020504 0.0443961545825005 0.0310099571943283 0.0297835171222687 0.021738313138485 0.0177856143563986 0.0225672218948603 0.0260676238685846 0.0272575281560421 0.0248798746615648 0.0250655431300402 0.0380645990371704 0.0437088571488857 0.0378554053604603 0.0427490398287773 0.0308588501065969 0.0215044412761927 0.0138440802693367 0.00494651170447469 0.0152829764410853 0.0622333995997906 0.0684563219547272 0.0738241523504257 0.0401562005281448 0.0393078103661537 0.0252633411437273 0.0352872833609581
0.0331327579915524 0.0456436797976494 0.0544958300888538 0.0500342659652233 0.0592535100877285 0.0650296360254288 0.074070006608963 0.0497562848031521 0.0523070879280567 0.0526277422904968 0.0532081127166748 0.0453660897910595 0.0413977727293968 0.0321090891957283 0.0305521171540022 0.0321815796196461 0.0417104102671146 0.0477548576891422 0.0557336583733559 0.0529269389808178 0.0391438379883766 0.0246963761746883 0.0224133990705013 0.0220014918595552 0.0492660962045193 0.036944717168808 0.02037095092237 0.0224346742033958 0.0179348308593035 0.0137349376454949 0.0387749895453453 0.0301774591207504 0.0326545350253582 0.0317548140883446 0.0231483522802591 0.0188882127404213 0.013116261921823 0.00417536683380604 0.0323461256921291 0.0597183257341385 0.0709799751639366 0.0401903353631496 0.0258862432092428 0.0140679161995649 0.03506850451231
0.0393691547214985 0.0434745959937572 0.0492465607821941 0.0670809596776962 0.071442574262619 0.115121632814407 0.105144821107388 0.0637787133455276 0.0545625425875187 0.0507931523025036 0.0481110326945782 0.0459510833024979 0.0422609858214855 0.037019781768322 0.034837257117033 0.0338028930127621 0.0347060114145279 0.0384225361049175 0.0407921709120274 0.0392687357962132 0.0353480577468872 0.0254417601972818 0.0254403222352266 0.030198460444808 0.0267048981040716 0.0296792760491371 0.0297246295958757 0.0268476530909538 0.0193570666015148 0.0227407570928335 0.0288560446351767 0.0236786194145679 0.0346031002700329 0.0266890246421099 0.0124869672581553 0.0197868943214417 0.0235652234405279 0.0169632583856583 0.0228503160178661 0.0555114112794399 0.0537164248526096 0.0194575469940901 0.0251541826874018 0.0119888782501221 0.022742198780179
0.057914812117815 0.0366055145859718 0.0243141055107117 0.0485409758985043 0.0552825555205345 0.0898719951510429 0.116128832101822 0.0806915163993835 0.0557040609419346 0.0456144921481609 0.048239529132843 0.041909571737051 0.0406234785914421 0.0430937372148037 0.0434545278549194 0.0341191776096821 0.0399135947227478 0.0457002073526382 0.0430968813598156 0.0487154014408588 0.0319253392517567 0.0410154201090336 0.0467935763299465 0.0405665710568428 0.0335694886744022 0.0214406680315733 0.0236370172351599 0.0321457348763943 0.0395068936049938 0.0483593568205833 0.0398019999265671 0.0385552234947681 0.0419901609420776 0.0263337232172489 0.012344416230917 0.0142834046855569 0.0295093525201082 0.0257955361157656 0.0195500180125237 0.0520906671881676 0.0473686046898365 0.0172140058130026 0.0119265615940094 0.0111590484157205 0.0289878807961941
0.0333971679210663 0.0293357893824577 0.0301977656781673 0.034966703504324 0.0413410626351833 0.0529763773083687 0.0617673583328724 0.0571011826395988 0.0643264278769493 0.0455515347421169 0.0368827469646931 0.0324701629579067 0.0454109720885754 0.0350012704730034 0.0279196165502071 0.0387168079614639 0.0527981296181679 0.0427223555743694 0.067831963300705 0.0456355847418308 0.0285340547561646 0.0400900170207024 0.0414314195513725 0.039632361382246 0.0280471704900265 0.016599178314209 0.0111912293359637 0.0312769487500191 0.0350589901208878 0.0352254472672939 0.030686667189002 0.0494489334523678 0.0385609194636345 0.0329867377877235 0.0260968860238791 0.0358119681477547 0.0318072885274887 0.0213618855923414 0.00752212386578321 0.031359538435936 0.0414809808135033 0.0201625768095255 0.025612510740757 0.0242292396724224 0.0476032942533493
0.0288886446505785 0.0336869284510612 0.0258840620517731 0.0402153357863426 0.0404420159757137 0.0307068806141615 0.0363747924566269 0.0430939979851246 0.0540303997695446 0.0361140444874763 0.0306561980396509 0.037281222641468 0.049145445227623 0.0284788440912962 0.0249015670269728 0.0262129213660955 0.0251275133341551 0.0243422593921423 0.0499408170580864 0.0175196714699268 0.0101183587685227 0.0232022348791361 0.0265165511518717 0.0354304797947407 0.018887460231781 0.0177868213504553 0.026320930570364 0.0356523543596268 0.0406335406005383 0.0323341377079487 0.0409601405262947 0.0392426066100597 0.0386007092893124 0.0332847647368908 0.0544200278818607 0.0390248745679855 0.0224740747362375 0.0230679363012314 0.00870236102491617 0.0122115006670356 0.0332414582371712 0.0157186072319746 0.0242006704211235 0.0346174947917461 0.0532198399305344
0.0311618559062481 0.0224146954715252 0.0167023818939924 0.0378686301410198 0.0464858487248421 0.0325864069163799 0.0261787679046392 0.0256959442049265 0.0314919762313366 0.0250351037830114 0.0406003445386887 0.0447690114378929 0.0336444601416588 0.0411570519208908 0.0355270728468895 0.0266473330557346 0.0312444400042295 0.0298658926039934 0.0330845229327679 0.014314379543066 0.0555057972669601 -0.00148400710895658 0.00848453398793936 0.0144600020721555 0.0127382194623351 0.0225616972893476 0.0244965758174658 0.0288840066641569 0.0299881622195244 0.0345472879707813 0.0360675938427448 0.0296396967023611 0.0296547338366508 0.0372623652219772 0.0366612933576107 0.026916628703475 0.0254687014967203 0.0163140092045069 0.028436966240406 0.0289086066186428 0.0233462955802679 0.0117585426196456 0.0152834840118885 0.0326889865100384 0.0391290448606014
0.0251846574246883 0.0151057811453938 0.0195722356438637 0.027522062882781 0.0413011722266674 0.043567817658186 0.0394245721399784 0.0400042794644833 0.0392104536294937 0.052317950874567 0.0399479120969772 0.0278604365885258 0.0412798672914505 0.0376300886273384 0.0441969111561775 0.0343876592814922 0.0194009691476822 0.0306605640798807 0.0393216833472252 0.0381314158439636 0.0623871237039566 0.0352199226617813 0.0196678452193737 0.0210215449333191 0.0188429206609726 0.0230993814766407 0.0214483980089426 0.0334621667861938 0.0310133825987577 0.029618963599205 0.0326337441802025 0.0358520597219467 0.0342387370765209 0.023737970739603 0.0158690977841616 0.00456221401691437 0.0187078099697828 0.0162248369306326 0.0243704821914434 0.0483730137348175 0.0292101949453354 0.00885850470513105 0.016699081286788 0.0250686034560204 0.0347507670521736
0.0279470235109329 0.0209322720766068 0.0241556130349636 0.0181628372520208 0.0253212880343199 0.0458450727164745 0.0556429550051689 0.0425449423491955 0.0408202446997166 0.0377503931522369 0.0374461933970451 0.0453957617282867 0.0506821908056736 0.0882949158549309 0.0530584491789341 0.0324760042130947 0.0433425344526768 0.0430635698139668 0.0424792468547821 0.0278184302151203 0.0209298226982355 0.0218056589365005 0.0305639952421188 0.0171697866171598 0.020788861438632 0.0234345886856318 0.0270705316215754 0.0357174351811409 0.0198578331619501 0.0224281009286642 0.0225481223315001 0.0290137361735106 0.0292572658509016 0.0132435578852892 0.00865753088146448 -0.00165885197930038 0.00833932776004076 0.0186138246208429 0.0250239465385675 0.0436784103512764 0.0314597524702549 0.0318230055272579 0.021512346342206 0.0315721593797207 0.0322154499590397
0.0146349016577005 0.0170942638069391 0.012109374627471 0.0258323755115271 0.0196211747825146 0.0326198898255825 0.0404039211571217 0.0245994236320257 0.021955318748951 0.0293570067733526 0.0418148003518581 0.0479556880891323 0.0368435196578503 -0.0128738041967154 0.0220715012401342 0.0249739866703749 0.0513464957475662 0.0263876058161259 0.0144715178757906 0.0104584200307727 0.0211323145776987 0.01354003790766 0.0411548353731632 0.0246288087219 0.025616342201829 0.0296462755650282 0.0244910698384047 0.025704700499773 0.026833813637495 0.0228014811873436 0.0237946398556232 0.024715356528759 0.0220236647874117 0.0222235638648272 0.0300246011465788 0.0160661488771439 0.0152530884370208 0.0207013729959726 0.0298302490264177 0.0331365130841732 0.0400402024388313 0.0471142493188381 0.0306727699935436 0.0446647442877293 0.0321467369794846
0.0315792374312878 0.0417429804801941 0.0329371243715286 0.0152198625728488 0.0234749261289835 0.0172928776592016 0.014831967651844 0.0258308257907629 0.0334223471581936 0.033216055482626 0.041101086884737 0.0389357209205627 0.0366116389632225 0.0380318686366081 0.018892290070653 0.0211644824594259 0.0322508253157139 0.0221889615058899 0.0147271100431681 0.0173036232590675 0.026628203690052 0.0248169340193272 0.0502248629927635 0.0465253405272961 0.0178176928311586 0.0248455479741096 0.0350728183984756 0.0415469780564308 0.0333831682801247 0.0280680619180202 0.0449263341724873 0.0412289910018444 0.0268106106668711 0.0213798861950636 0.0287500321865082 0.0135881407186389 0.0194877423346043 0.00236759870313108 0.00664119096472859 0.0149966217577457 0.0365639366209507 0.0460472255945206 0.0385428369045258 0.0366997569799423 0.025381600484252
0.0187988318502903 0.0727758407592773 0.0398830510675907 0.0159554351121187 0.0174465961754322 0.0127929504960775 0.00701113045215607 0.024040162563324 0.0324224792420864 0.0229728929698467 0.0326589904725552 0.0312429908663034 0.032933846116066 0.0393101796507835 0.017816049978137 0.00789702497422695 0.0504999570548534 0.0263308081775904 0.0238601211458445 0.0205027740448713 0.0337441489100456 0.0421549715101719 0.0425688475370407 0.034490667283535 0.0238944925367832 0.0303417593240738 0.0369718000292778 0.050866112112999 0.0402673669159412 0.0271260756999254 0.0321082733571529 0.0770748034119606 0.0967464819550514 0.0543236695230007 0.0265625305473804 0.0153634166345 0.0152240768074989 0.00940235238522291 -0.00642965640872717 0.0060886419378221 0.0356656163930893 0.0295645836740732 0.0250059422105551 0.01591513492167 0.0112917544320226
0.0141317369416356 0.0262757036834955 0.0217363387346268 0.0241744890809059 0.0237774010747671 0.00860361754894257 0.0154753345996141 0.0248123724013567 0.0198519937694073 0.0214800946414471 0.0290116239339113 0.0268689002841711 0.0215588435530663 0.0157421641051769 0.0171994026750326 0.0244916062802076 0.0226073730736971 0.00845454446971416 0.0245361439883709 0.0398581176996231 0.056993767619133 0.0200747214257717 0.0333898663520813 0.0441785864531994 0.044795036315918 0.03719562292099 0.0242208614945412 0.0375124178826809 0.0343693010509014 0.0311962123960257 0.035491194576025 0.0511216595768929 0.07234887778759 0.0574840009212494 0.0325979888439178 0.0241334736347198 0.0346862897276878 0.013206971809268 0.00429715774953365 0.00274706166237593 0.0215983372181654 0.0129711013287306 0.00412086676806211 -0.00412206258624792 0.0223604589700699
0.0153347961604595 0.0223207902163267 0.00674012629315257 0.0258140955120325 0.0115930959582329 0.0213952213525772 0.0100583005696535 0.0242168512195349 0.0472106225788593 0.0291737876832485 0.0330790542066097 0.0402935072779655 0.0362778380513191 0.0206820853054523 0.00278270756825805 0.0207148622721434 0.0101561741903424 0.0258805956691504 0.0214334670454264 -0.0159209333360195 0.0603572390973568 0.254644393920898 0.039828859269619 0.0551213286817074 0.0294988565146923 0.0351371951401234 0.0454937890172005 0.0513176843523979 0.0389923974871635 0.0407050624489784 0.0361361689865589 0.0297777447849512 0.032297395169735 0.0389151573181152 0.0408942215144634 0.0385149493813515 0.0384790003299713 0.0207604896277189 0.0311468429863453 0.0478504374623299 0.0322717912495136 0.0268771834671497 0.0482950024306774 0.0335806980729103 0.0111042493954301
0.0281767938286066 0.0416870824992657 0.0350383967161179 0.0218357648700476 0.0124613819643855 0.0226020496338606 0.0241096708923578 0.0265505090355873 0.0401836521923542 0.044024433940649 0.0329132303595543 0.0278566218912601 0.0348877795040607 0.025160962715745 0.0199260171502829 0.0312611423432827 0.00898364931344986 0.00427101412788033 0.0327292084693909 0.0857864916324615 0.056688204407692 0.0492011234164238 0.023185458034277 0.0376479998230934 0.0391989350318909 0.042586661875248 0.0354720167815685 0.043557234108448 0.0474078059196472 0.0376356542110443 0.0434667691588402 0.0322216786444187 0.0141865601763129 0.0175915583968163 0.0534222237765789 0.0361169315874577 0.0316757708787918 0.0365925617516041 0.0326847173273563 0.0466210171580315 0.042292769998312 0.0398799665272236 0.0357895158231258 0.0252320170402527 0.017206771299243
