Ecospace-environmental-drivers/Outputs/ASCII-for-ecospace/Cfl/Cfl_X2009.09.asc
NCOLS 131 
NROWS 53 
XLLCORNER -98 
YLLCORNER 23.9265270233154 
CELLSIZE 0.133587792515755 
NODATA_value -3.4e+38 
[rows 20 to 39 of 53, columns 0 to 44 of 131]
-3.4e+38 -3.4e+38 -3.4e+38 -3.4e+38 -3.4e+38 -3.4e+38 -3.4e+38 -3.4e+38 -3.4e+38 0.311963379383087 0.18805792927742 0.211877465248108 0.268247038125992 0.204292371869087 0.1506028175354 0.17665396630764 0.196880042552948 0.168663948774338 0.125821366906166 0.0689241364598274 0.0522665195167065 0.0493231005966663 0.0449674800038338 0.0333066135644913 0.0316324383020401 0.0313917770981789 0.0280193705111742 0.0412858948111534 0.0359345562756062 0.0441196262836456 0.0297324750572443 0.0238403100520372 0.0261494275182486 0.0289132092148066 0.0378923565149307 0.0238701608031988 0.0380602031946182 0.0311161577701569 0.0385705158114433 0.0280557200312614 0.0391207598149776 0.0391530841588974 0.0337888486683369 0.0432022400200367 0.0341782122850418
-3.4e+38 -3.4e+38 -3.4e+38 -3.4e+38 -3.4e+38 -3.4e+38 0.469273000955582 -3.4e+38 -3.4e+38 0.253770500421524 0.208243265748024 0.209156885743141 0.171541437506676 0.147729873657227 0.105235993862152 0.0931729823350906 0.0949340015649796 0.0852104425430298 0.053701676428318 0.0399989746510983 0.0436010994017124 0.0477232970297337 0.0425836518406868 0.0318612270057201 0.0316878408193588 0.0309201627969742 0.046194601804018 0.0485679060220718 0.0328406356275082 0.0369542837142944 0.0264662206172943 0.0326840355992317 0.0419156327843666 0.0571449920535088 0.044982697814703 0.0221037603914738 0.0427565164864063 0.0375212207436562 0.049589104950428 0.0288467686623335 0.0406403504312038 0.0360070765018463 0.0354059785604477 0.0335925593972206 0.0334608629345894
-3.4e+38 -3.4e+38 -3.4e+38 -3.4e+38 -3.4e+38 -3.4e+38 -3.4e+38 -3.4e+38 0.293136656284332 0.209233582019806 0.172826513648033 0.144774362444878 0.131619781255722 0.0940511375665665 0.0613684877753258 0.0615207999944687 0.0575941614806652 0.0483479723334312 0.0368523597717285 0.0435768999159336 0.0431955493986607 0.0452552735805511 0.0395417623221874 0.0311538856476545 0.0302172843366861 0.0286149829626083 0.0296681504696608 0.025283383205533 0.0258305221796036 0.0253220573067665 0.0282311625778675 0.0528990961611271 0.0481186807155609 0.0481701605021954 0.0480046384036541 0.046815063804388 0.0455096550285816 0.0344824641942978 0.0313631780445576 0.0275736413896084 0.0310146603733301 0.038049254566431 0.0334755890071392 0.0348782427608967 0.0369917452335358
-3.4e+38 -3.4e+38 -3.4e+38 -3.4e+38 0.271681994199753 0.322780519723892 -3.4e+38 0.344695061445236 0.256030797958374 0.162094250321388 0.132099851965904 0.0994846969842911 0.0516985878348351 0.0361170880496502 0.0378829576075077 0.0400448925793171 0.045152585953474 0.0440180711448193 0.0386210605502129 0.0401260368525982 0.0515654757618904 0.0490869805216789 0.0471439771354198 0.050122756510973 0.0404597222805023 0.034517165273428 0.0378124043345451 0.0306605640798807 0.0193645395338535 0.0196957886219025 0.0164085198193789 0.0428100414574146 0.0475116223096848 0.0488848052918911 0.0439199730753899 0.039026316255331 0.0401699542999268 0.0281476322561502 0.0173993408679962 0.0287903361022472 0.0311989765614271 0.0380057916045189 0.0357841663062572 0.0386727936565876 0.0379914715886116
-3.4e+38 -3.4e+38 -3.4e+38 -3.4e+38 -3.4e+38 0.331425786018372 0.307873398065567 0.26271864771843 0.184997469186783 0.119126468896866 0.0728009343147278 0.0488613620400429 0.0357500351965427 0.0315664485096931 0.036060493439436 0.0349192284047604 0.037243478000164 0.0383419468998909 0.0366373769938946 0.044374130666256 0.0489266067743301 0.0510776042938232 0.0513546988368034 0.0490305013954639 0.0437878556549549 0.0466530509293079 0.028818728402257 0.0346041135489941 0.0260668136179447 0.0257888920605183 0.027603805065155 0.0364052429795265 0.0420549027621746 0.0481714978814125 0.03854576125741 0.0358153991401196 0.0375385545194149 0.0250936914235353 0.0304350405931473 0.0387462228536606 0.0418996922671795 0.0398389510810375 0.0398278273642063 0.0339012928307056 0.0381282903254032
-3.4e+38 -3.4e+38 -3.4e+38 -3.4e+38 -3.4e+38 0.361901491880417 0.321136951446533 0.21634179353714 0.162492677569389 0.0883560255169868 0.0442793108522892 0.0347473323345184 0.0342609025537968 0.0350190885365009 0.0377073101699352 0.0339249521493912 0.0295328684151173 0.0267542898654938 0.0305918473750353 0.0395925603806973 0.0557899847626686 0.0465410351753235 0.0504717007279396 0.0480642467737198 0.0419078730046749 0.0409878678619862 0.0390477813780308 0.0370856784284115 0.0275890212506056 0.0244342256337404 0.0271956510841846 0.0341372415423393 0.0425720028579235 0.0524740405380726 0.0456527546048164 0.0330858007073402 0.0239203441888094 0.0365258529782295 0.0435556098818779 0.0401695445179939 0.0367912314832211 0.0394984744489193 0.0472165234386921 0.0435159094631672 0.0313901975750923
-3.4e+38 -3.4e+38 -3.4e+38 -3.4e+38 -3.4e+38 0.328726410865784 0.258859574794769 0.18630439043045 0.126765817403793 0.0496156811714172 0.0392257384955883 0.0349091924726963 0.0354501157999039 0.0424164012074471 0.0384050197899342 0.035007681697607 0.0301300082355738 0.0252615995705128 0.0237203110009432 0.0333437919616699 0.0401918739080429 0.0459070280194283 0.0495972819626331 0.0487811230123043 0.0372564196586609 0.038827620446682 0.0346044823527336 0.0370303951203823 0.0416277535259724 0.0230641886591911 0.0255743004381657 0.0351002663373947 0.0432290472090244 0.0459348894655704 0.0424746721982956 0.0226718001067638 0.0222810301929712 0.0212644077837467 0.0375960022211075 0.0399264506995678 0.0396713055670261 0.0364564321935177 0.0395491980016232 0.0396393537521362 0.0352585166692734
-3.4e+38 -3.4e+38 -3.4e+38 -3.4e+38 -3.4e+38 0.29063418507576 0.199752062559128 0.142390683293343 0.0757467597723007 0.0442893654108047 0.0396653711795807 0.0356737449765205 0.033728614449501 0.0359461419284344 0.0341000631451607 0.0375122874975204 0.0318473279476166 0.0389238446950912 0.0133549831807613 0.0177549999207258 0.0298218969255686 0.0350906699895859 0.0395147725939751 0.0277682896703482 0.034235455095768 0.0353061072528362 0.0339680686593056 0.0441992394626141 0.0304104220122099 0.0273598954081535 0.03243587911129 0.0405035465955734 0.0382764935493469 0.0360472574830055 0.0287123806774616 0.0219254959374666 0.0259304195642471 0.0240386892110109 0.0335134156048298 0.035268597304821 0.0352101400494576 0.0359617248177528 0.0373463444411755 0.0284595713019371 0.0307454317808151
-339999999999999996128486808808066248288.000000000000000 -3.4e+38 -3.4e+38 -3.4e+38 0.331504255533218 0.236515551805496 0.154081180691719 0.0856963545084 0.0571869164705276 0.0446339398622513 0.0461970753967762 0.0404782891273499 0.0334403291344643 0.0368163995444775 0.03526546433568 0.0323508344590664 0.025836830958724 0.0301514267921448 0.0157162826508284 0.0108607029542327 0.00737846828997135 0.0264388043433428 0.0149753177538514 0.0222012791782618 0.031573873013258 0.0370965786278248 0.0440035201609135 0.0368956699967384 0.030598321929574 0.0251086913049221 0.0317585505545139 0.042564895004034 0.0365245491266251 0.0388234220445156 0.0325266979634762 0.0241258814930916 0.0295448061078787 0.0284490510821342 0.0284782703965902 0.0249894801527262 0.033354576677084 0.0413590036332607 0.0446656234562397 0.0324919633567333 0.0343501903116703
-3.4e+38 -3.4e+38 -3.4e+38 -3.4e+38 0.30534553527832 0.206009477376938 0.105886705219746 0.0727906003594398 0.0811735019087791 0.0563201755285263 0.0498489663004875 0.0467123612761497 0.0402187444269657 0.0342842489480972 0.0274819526821375 0.0277263019233942 0.0348168201744556 0.0316766500473022 0.0288996044546366 0.0302823781967163 0.0298137292265892 0.0311302505433559 0.0329669862985611 0.0245167389512062 0.0278472136706114 0.0312254913151264 0.0336566753685474 0.0353468172252178 0.0375643186271191 0.0349077843129635 0.0411239676177502 0.0408222414553165 0.0312777757644653 0.0285281967371702 0.0464067161083221 0.0428222455084324 0.0338532403111458 0.036325678229332 0.0464770346879959 0.040233813226223 0.041972704231739 0.0329008586704731 0.0380767844617367 0.0402368232607841 0.0354933217167854
-3.4e+38 -3.4e+38 -3.4e+38 -3.4e+38 0.300211071968079 0.194341152906418 0.0733419135212898 0.0725201219320297 0.0744800493121147 0.0568896420300007 0.0468234196305275 0.0473435893654823 0.0376351028680801 0.0280408132821321 0.0269787348806858 0.0249700080603361 0.0328452661633492 0.0388230457901955 0.0377516038715839 0.0387479737401009 0.0460783578455448 0.031401913613081 0.0294846128672361 0.027388721704483 0.0203884094953537 0.0248906258493662 0.0295904017984867 0.0413212701678276 0.0369039960205555 0.0412005409598351 0.0362829007208347 0.0299069434404373 0.0315789990127087 0.0378869660198689 0.0501883365213871 0.0447161868214607 0.0484666079282761 0.042634267359972 0.0494097284972668 0.0432557314634323 0.0358583405613899 0.0288690179586411 0.0345683246850967 0.0330615565180779 0.0298018418252468
-3.4e+38 -3.4e+38 -3.4e+38 -3.4e+38 -3.4e+38 0.146967351436615 0.0702754408121109 0.0735951215028763 0.085831992328167 0.055014006793499 0.0405171699821949 0.0408624373376369 0.0297316815704107 0.0231619421392679 0.0250147432088852 0.0263363309204578 0.0258550718426704 0.0386866256594658 0.0140759041532874 0.0437026880681515 0.0423260927200317 0.0335341654717922 0.0234670825302601 0.0256384760141373 0.022958854213357 0.0307436026632786 0.0379185453057289 0.0492252893745899 0.0399091280996799 0.0318589769303799 0.0193211548030376 0.025442885234952 0.0321105383336544 0.0217183958739042 0.0270994156599045 0.0449729859828949 0.0593392886221409 0.0474053993821144 0.047493189573288 0.0413678362965584 0.0385982543230057 0.0272575672715902 0.0266084559261799 0.0314758345484734 0.0273370649665594
-3.4e+38 -3.4e+38 -3.4e+38 -3.4e+38 -3.4e+38 0.160373836755753 0.111935935914516 0.0638773143291473 0.0822954848408699 0.0645400807261467 0.0470663756132126 0.0330174714326859 0.0268314629793167 0.0227235872298479 0.0210572425276041 0.0240481980144978 0.0264646485447884 0.0258173290640116 0.0375391133129597 0.0599415600299835 0.0465302020311356 0.0454931892454624 0.0297460816800594 0.0283553097397089 0.0276236813515425 0.0320498906075954 0.0402915216982365 0.0464941449463367 0.0106206815689802 0.0061591207049787 0.0134818339720368 0.0253798384219408 0.0375585369765759 0.0332377441227436 0.0340288020670414 0.0480073764920235 0.0508263744413853 0.0384181402623653 0.033016599714756 0.0281923431903124 0.028828538954258 0.0301540810614824 0.0303225629031658 0.0304522980004549 0.0325082875788212
-3.4e+38 -3.4e+38 -3.4e+38 -3.4e+38 -3.4e+38 0.175698205828667 0.14469376206398 0.088115319609642 0.0700432434678078 0.0651278421282768 0.0645691007375717 0.0448675192892551 0.0342336893081665 0.0292093344032764 0.026859225705266 0.0291945394128561 0.0246262587606907 0.0211786422878504 0.0465090498328209 0.0482834130525589 0.0602263696491718 0.0454347096383572 0.0297066047787666 0.0149933397769928 0.0281282011419535 0.0527782216668129 0.0347677506506443 0.0442359521985054 0.011421368457377 0.0248129330575466 0.0238593444228172 0.0363794676959515 0.036028228700161 0.0391753427684307 0.0305852983146906 0.0468964837491512 0.044489324092865 0.041685227304697 0.0380532257258892 0.0413758046925068 0.0327466577291489 0.0351245142519474 0.0347346477210522 0.0303680058568716 0.0241433773189783
-3.4e+38 -3.4e+38 -3.4e+38 -3.4e+38 -3.4e+38 -3.4e+38 0.141913488507271 0.0832485184073448 0.0631018579006195 0.0531493425369263 0.0628301054239273 0.0583027713000774 0.0346154794096947 0.0234694480895996 0.0241813492029905 -3.4e+38 0.0488637201488018 0.020027382299304 0.0342015065252781 0.0373030416667461 0.0453057698905468 0.035512275993824 0.0207596980035305 0.0122642181813717 0.0183892119675875 0.0577002130448818 0.0337836593389511 0.0363332107663155 0.0074053960852325 0.0150179481133819 0.0171001367270947 0.0309864711016417 0.0265484061092138 0.0300116818398237 0.0353070348501205 0.0424600876867771 0.0430029444396496 0.040085956454277 0.0399808511137962 0.0400055758655071 0.0378653146326542 0.0378993637859821 0.0339255258440971 0.0309640243649483 0.0268305782228708
-3.4e+38 -3.4e+38 -3.4e+38 -3.4e+38 -3.4e+38 -3.4e+38 0.096321813762188 0.0660065487027168 0.0666467994451523 0.0560702197253704 0.0551461279392242 0.0436302460730076 0.0322382338345051 0.0264730881899595 0.0333206988871098 0.0281286761164665 0.0279741566628218 0.0355735272169113 0.0362677350640297 0.0397053137421608 0.0524094812572002 0.049518559128046 0.0257188659161329 0.0473832041025162 0.0321529768407345 0.0252255387604237 0.0357899703085423 0.0292088352143764 0.00964320357888937 0.0141194490715861 0.0229599270969629 0.0260229855775833 0.021720489487052 0.0251921601593494 0.0337990187108517 0.0408254191279411 0.0418404527008533 0.0377533100545406 0.0368709750473499 0.0354082845151424 0.0356734022498131 0.035981185734272 0.0312752835452557 0.028806122019887 0.0261589381843805
-3.4e+38 -3.4e+38 -3.4e+38 -3.4e+38 -3.4e+38 -3.4e+38 0.101547874510288 0.0587120652198792 0.062819704413414 0.0488899685442448 0.0389539711177349 0.046489842236042 0.0549566075205803 0.0331739634275436 0.0248537585139275 0.0302026830613613 0.0214105695486069 0.0262509975582361 0.0328096337616444 0.0380135513842106 0.0352938026189804 0.0368181020021439 0.0303028598427773 0.0408319532871246 0.0285384450107813 0.0250133350491524 0.0298100393265486 0.0279184486716986 0.02015196159482 0.0175309125334024 0.021521519869566 0.0228716135025024 0.016944283619523 0.0184191800653934 0.0304765794426203 0.0339609794318676 0.0364377647638321 0.041414201259613 0.0382938459515572 0.033340971916914 0.0373671837151051 0.0304954312741756 0.0327368527650833 0.0302065592259169 0.029257096350193
-3.4e+38 -3.4e+38 -3.4e+38 -3.4e+38 -3.4e+38 -3.4e+38 0.145030498504639 0.0800539702177048 0.0456090904772282 0.0400817394256592 0.0454491190612316 0.0413386933505535 0.0453021377325058 0.0310449097305536 0.0237205252051353 0.0222682002931833 0.0230250675231218 0.0246482789516449 0.026653241366148 0.0287187807261944 0.0338463559746742 0.0233614165335894 0.0224988479167223 0.0245151128619909 0.0254610478878021 0.0275957882404327 0.0256286393851042 0.0234126467257738 0.0180508494377136 0.0172341894358397 0.0130153140053153 0.0083366259932518 0.0158742610365152 0.0238956473767757 0.0245096422731876 0.0312452856451273 0.0343211740255356 0.0354248806834221 0.0295197628438473 0.0270716566592455 0.0192371625453234 0.024361489340663 0.0317084565758705 0.0273243207484484 0.031747180968523
-3.4e+38 -3.4e+38 -3.4e+38 -3.4e+38 -3.4e+38 -3.4e+38 0.167367160320282 0.0772766917943954 0.0386771000921726 0.0368092134594917 0.0466210804879665 0.0306976325809956 0.0371207818388939 0.0219031255692244 0.0212407875806093 0.0232289154082537 0.0235330834984779 0.0262368340045214 0.0310936514288187 0.0333769880235195 0.0302694533020258 0.0221892949193716 0.0305918604135513 0.0366867631673813 0.0347588919103146 0.0266270861029625 0.0285047255456448 0.030200082808733 0.0221382416784763 0.0211846511811018 0.016350019723177 0.0110498610883951 0.0194241870194674 0.0241996999830008 0.0241714846342802 0.035800389945507 0.0309687573462725 0.0231092441827059 0.0124870436266065 0.0206649657338858 0.0232127513736486 0.0207876600325108 0.0271309223026037 0.0304445568472147 0.0263685118407011
-3.4e+38 -3.4e+38 -3.4e+38 -3.4e+38 -3.4e+38 -3.4e+38 0.147405922412872 0.0611830279231071 0.0355244763195515 0.036559421569109 0.0404781550168991 0.0409633032977581 0.0320332683622837 0.0259569566696882 0.024857085198164 0.0256184786558151 0.0255599021911621 0.0280397236347198 0.0340099781751633 0.0305940061807632 0.0289041753858328 0.031354796141386 0.0244966056197882 0.0291719436645508 0.0347849950194359 0.0295863524079323 0.0290706716477871 0.0307665392756462 0.0404795743525028 0.0269615799188614 0.0188399236649275 0.0242378320544958 0.0171219687908888 0.0268597900867462 0.0278230644762516 0.0346763581037521 0.0272537227720022 0.0260912999510765 0.0288975238800049 0.0317477881908417 0.0272250808775425 0.0207682549953461 0.023194208741188 0.0322877578437328 0.0258658621460199
