Ecospace-environmental-drivers/Outputs/ASCII-for-ecospace/Cfl/Cfl_X2012.08.asc
NCOLS 131 
NROWS 53 
XLLCORNER -98 
YLLCORNER 23.9265270233154 
CELLSIZE 0.133587792515755 
NODATA_value -3.4e+38 
[rows 0 to 19 of 53, columns 45 to 89 of 131]
-3.4e+38 -3.4e+38 -3.4e+38 -3.4e+38 -3.4e+38 -3.4e+38 -3.4e+38 -3.4e+38 -3.4e+38 -3.4e+38 -3.4e+38 -3.4e+38 -3.4e+38 -3.4e+38 -3.4e+38 -3.4e+38 -3.4e+38 -3.4e+38 -3.4e+38 -3.4e+38 -3.4e+38 -3.4e+38 -3.4e+38 -3.4e+38 -3.4e+38 -3.4e+38 -3.4e+38 -3.4e+38 -3.4e+38 -3.4e+38 -3.4e+38 -3.4e+38 -3.4e+38 -3.4e+38 -3.4e+38 -3.4e+38 -3.4e+38 -3.4e+38 -3.4e+38 -3.4e+38 -3.4e+38 -3.4e+38 -3.4e+38 -3.4e+38 -3.4e+38
-3.4e+38 -3.4e+38 -3.4e+38 -3.4e+38 -3.4e+38 -3.4e+38 -3.4e+38 -3.4e+38 -3.4e+38 -3.4e+38 -3.4e+38 -3.4e+38 -3.4e+38 -3.4e+38 -3.4e+38 -3.4e+38 -3.4e+38 -3.4e+38 -3.4e+38 -3.4e+38 -3.4e+38 -3.4e+38 -3.4e+38 -3.4e+38 -3.4e+38 -3.4e+38 -3.4e+38 -3.4e+38 -3.4e+38 -3.4e+38 -3.4e+38 -3.4e+38 -3.4e+38 -3.4e+38 -3.4e+38 -3.4e+38 -3.4e+38 -3.4e+38 -3.4e+38 -3.4e+38 -3.4e+38 -3.4e+38 -3.4e+38 -3.4e+38 -3.4e+38
-3.4e+38 -3.4e+38 -3.4e+38 -3.4e+38 -3.4e+38 -3.4e+38 -3.4e+38 -3.4e+38 -3.4e+38 -3.4e+38 -3.4e+38 -3.4e+38 -3.4e+38 -3.4e+38 -3.4e+38 -3.4e+38 -3.4e+38 -3.4e+38 -3.4e+38 -3.4e+38 -3.4e+38 -3.4e+38 -3.4e+38 -3.4e+38 -3.4e+38 -3.4e+38 -3.4e+38 -3.4e+38 -3.4e+38 -3.4e+38 -3.4e+38 -3.4e+38 -3.4e+38 -3.4e+38 -3.4e+38 -3.4e+38 -3.4e+38 -3.4e+38 -3.4e+38 -3.4e+38 -3.4e+38 -3.4e+38 -3.4e+38 -3.4e+38 -3.4e+38
-3.4e+38 -3.4e+38 -3.4e+38 -3.4e+38 -3.4e+38 -3.4e+38 -3.4e+38 -3.4e+38 -3.4e+38 -3.4e+38 -3.4e+38 -3.4e+38 -3.4e+38 -3.4e+38 -3.4e+38 -3.4e+38 -3.4e+38 -3.4e+38 -3.4e+38 -3.4e+38 -3.4e+38 -3.4e+38 -3.4e+38 -3.4e+38 -3.4e+38 -3.4e+38 -3.4e+38 -3.4e+38 -3.4e+38 -3.4e+38 0.190739870071411 -3.4e+38 -3.4e+38 -3.4e+38 -3.4e+38 -3.4e+38 -3.4e+38 -3.4e+38 -3.4e+38 -3.4e+38 -3.4e+38 -3.4e+38 -3.4e+38 -3.4e+38 -3.4e+38
-3.4e+38 -3.4e+38 -3.4e+38 -3.4e+38 -3.4e+38 -3.4e+38 -3.4e+38 -3.4e+38 -3.4e+38 -3.4e+38 -3.4e+38 -3.4e+38 -3.4e+38 0.257846504449844 -3.4e+38 -3.4e+38 -3.4e+38 -3.4e+38 -3.4e+38 -3.4e+38 -3.4e+38 0.0906168594956398 0.278592109680176 0.284910053014755 -3.4e+38 -3.4e+38 -3.4e+38 -3.4e+38 -3.4e+38 0.176288649439812 0.144207403063774 -3.4e+38 -3.4e+38 -3.4e+38 -3.4e+38 -3.4e+38 -3.4e+38 0.0771870017051697 0.0586746782064438 0.038648460060358 0.0426915250718594 0.0144683187827468 -3.4e+38 -3.4e+38 -3.4e+38
-3.4e+38 -3.4e+38 -3.4e+38 -3.4e+38 -3.4e+38 -3.4e+38 -3.4e+38 -3.4e+38 -3.4e+38 -3.4e+38 0.148576438426971 0.165791362524033 0.288366168737411 0.262577414512634 0.382294327020645 0.286867737770081 -3.4e+38 -3.4e+38 -3.4e+38 -3.4e+38 0.214366406202316 0.260161846876144 0.259454607963562 0.249655991792679 0.252388805150986 0.218749105930328 0.181770592927933 0.192955806851387 0.147055819630623 0.216808527708054 0.208375155925751 0.0961688086390495 0.0754501149058342 0.0573461763560772 0.0951376780867577 0.10588064044714 0.060905434191227 0.0294163692742586 0.030940618366003 0.0309389811009169 0.0340454094111919 0.0297284815460443 0.0187653545290232 0.016833858564496 0.00024910137290135
-3.4e+38 -3.4e+38 -3.4e+38 -3.4e+38 -3.4e+38 -3.4e+38 -3.4e+38 -3.4e+38 -3.4e+38 -3.4e+38 -3.4e+38 0.167768731713295 0.363552004098892 0.282281756401062 0.255233824253082 0.287515491247177 -3.4e+38 0.235632672905922 0.202358156442642 0.202418297529221 0.238389045000076 0.240141555666924 0.22450116276741 0.205870822072029 0.185869634151459 0.161602064967155 0.167668431997299 0.201691180467606 0.208031043410301 0.218958422541618 0.149821370840073 0.102562874555588 0.0758269876241684 0.0515469163656235 0.0522518120706081 0.0606382749974728 0.0608319342136383 0.040788009762764 0.0279518123716116 0.0246920790523291 0.0231882631778717 0.0398002751171589 0.0427173636853695 0.033539529889822 0.00701647438108921
-3.4e+38 -3.4e+38 -3.4e+38 -3.4e+38 -3.4e+38 -3.4e+38 -3.4e+38 -3.4e+38 -3.4e+38 -3.4e+38 -3.4e+38 -3.4e+38 -3.4e+38 0.290434300899506 0.264651358127594 0.318459987640381 0.242023780941963 0.224016800522804 0.198836594820023 -3.4e+38 0.271879255771637 0.251121312379837 0.230295747518539 0.174200832843781 0.111746817827225 0.106445983052254 0.0987602323293686 0.112501703202724 0.104918166995049 0.107460305094719 0.0961658209562302 0.0715495273470879 0.0609635002911091 0.0556163191795349 0.0435749515891075 0.0516973920166492 0.0567712299525738 0.0478613413870335 0.0330422185361385 0.0360415950417519 0.0382279492914677 0.0379985272884369 0.0420050546526909 0.0417699664831161 0.0289363078773022
-3.4e+38 -3.4e+38 -3.4e+38 -3.4e+38 -3.4e+38 -3.4e+38 -3.4e+38 -3.4e+38 -3.4e+38 -3.4e+38 -3.4e+38 -3.4e+38 -3.4e+38 -3.4e+38 -3.4e+38 -3.4e+38 -3.4e+38 -3.4e+38 -3.4e+38 -3.4e+38 0.249283954501152 0.291274607181549 0.24696572124958 0.205475747585297 0.119886912405491 0.0916079133749008 0.0865883901715279 0.099232591688633 0.112822003662586 0.100871875882149 0.0899236500263214 0.0739325135946274 0.073236458003521 0.062677375972271 0.0584446713328362 0.0748889520764351 0.0608700960874557 0.0607160665094852 0.0452531315386295 0.048314306885004 0.0427090711891651 0.0352416001260281 0.0333186909556389 0.0399358496069908 0.0371531657874584
0.115811891853809 0.208355739712715 -3.4e+38 -3.4e+38 -3.4e+38 -3.4e+38 -3.4e+38 -3.4e+38 -3.4e+38 -3.4e+38 -3.4e+38 -3.4e+38 -3.4e+38 -3.4e+38 -3.4e+38 -3.4e+38 -3.4e+38 -3.4e+38 -3.4e+38 0.370276004076004 0.41753163933754 0.358266979455948 0.282948791980743 0.186696007847786 0.088592529296875 0.0840101838111877 0.100568294525146 0.107021301984787 0.108366064727306 0.0957674607634544 0.0974060669541359 0.0788776576519012 0.0751283541321754 0.0839355513453484 0.0732185840606689 0.0601056516170502 0.0547534599900246 0.0649525821208954 0.057615403085947 0.0406882613897324 0.0442885421216488 0.0384688749909401 0.0323135480284691 0.0306415725499392 0.0370570942759514
0.108424998819828 0.140905797481537 0.189984872937202 -3.4e+38 -3.4e+38 -3.4e+38 -3.4e+38 -3.4e+38 -3.4e+38 -3.4e+38 -3.4e+38 -3.4e+38 -3.4e+38 -3.4e+38 -3.4e+38 -3.4e+38 -3.4e+38 -3.4e+38 0.431531518697739 0.55870795249939 0.547982394695282 0.404501289129257 0.226000115275383 0.132411271333694 0.120271258056164 0.128504738211632 0.122108206152916 0.116221897304058 0.119347766041756 0.0837674885988235 0.0864569544792175 0.0949599072337151 0.0959251821041107 0.126176252961159 0.089177317917347 0.0643760189414024 0.0480255782604218 0.0583609640598297 0.0531170330941677 0.0399909764528275 0.0463069006800652 0.0415766127407551 0.0413154698908329 0.0437382273375988 0.0410494431853294
0.0957709923386574 0.124325849115849 0.124497808516026 0 -3.4e+38 -3.4e+38 -3.4e+38 -3.4e+38 -3.4e+38 -3.4e+38 -3.4e+38 -3.4e+38 -3.4e+38 -3.4e+38 -3.4e+38 -3.4e+38 -3.4e+38 -3.4e+38 0.419382154941559 0.577430844306946 0.620881021022797 0.368419885635376 0.261112928390503 0.190505117177963 0.245429366827011 0.228953510522842 0.163872256875038 0.07134959846735 0.0832961648702621 0.0738035142421722 0.0869758576154709 0.105775400996208 0.116619162261486 0.12268303334713 0.0748936161398888 0.0627454519271851 0.0398600213229656 0.0508340895175934 0.043860599398613 0.0452344939112663 0.0500160716474056 0.0467151813209057 0.0460679717361927 0.0470725484192371 0.0497941635549068
0.382229119539261 0.351979166269302 0.257685750722885 0.13436022400856 -3.4e+38 -3.4e+38 -3.4e+38 -3.4e+38 -3.4e+38 -3.4e+38 -3.4e+38 -3.4e+38 -3.4e+38 -3.4e+38 0.12797500193119 0.28497838973999 0.344464719295502 0.0702788531780243 -3.4e+38 0.622165024280548 0.589892446994781 0.495681375265121 0.377060890197754 0.300437599420547 0.204339206218719 0.185590296983719 0.0962886288762093 0.06605414301157 0.0713755413889885 0.0715844482183456 0.0684057325124741 0.0681183636188507 0.0919863805174828 0.0935298949480057 0.0686521306633949 0.0598024055361748 0.0400402955710888 0.0389435887336731 0.0397469289600849 0.0423324517905712 0.0454691424965858 0.0505754202604294 0.0463028587400913 0.0444914549589157 0.047468289732933
0.427990794181824 0.501173377037048 0.49027281999588 0.287800550460815 0.212364509701729 0.194180935621262 0.228183254599571 0.176096245646477 -3.4e+38 -3.4e+38 0.0979766845703125 0.11347671598196 0.107194632291794 0.463997393846512 0.303835719823837 0.328417271375656 0.2209642380476 0.245159581303596 0.211160272359848 0.147239431738853 -3.4e+38 0.506088733673096 0.454008221626282 0.368858277797699 0.386432200670242 0.0969936177134514 0.0616432540118694 0.0637434646487236 0.0676022917032242 0.0559774860739708 0.0453087091445923 0.0867113620042801 0.0783389136195183 0.0786031037569046 0.0646797344088554 0.0519418343901634 0.032384317368269 0.0315130837261677 0.0368153601884842 0.0310123711824417 0.0441481545567513 0.0454219318926334 0.0451233834028244 0.0381059236824512 0.0374491810798645
0.28788435459137 0.359417289495468 0.420973777770996 0.340542405843735 0.262429744005203 0.262273579835892 0.295624732971191 0.255830824375153 0.380830615758896 0.237636059522629 0.173878163099289 0.242036089301109 0.319077253341675 0.360735207796097 0.233144894242287 0.165706679224968 0.121703699231148 0.147067800164223 0.286132663488388 0.300184339284897 0.437063008546829 0.250948667526245 0.294935017824173 0.17800760269165 0.0841155648231506 0.0687654763460159 0.0489014610648155 0.0549384728074074 0.0558771155774593 0.0730155929923058 0.0595635734498501 0.0569623522460461 0.0523676984012127 0.0540177673101425 0.0513108223676682 0.0470009818673134 0.0286718364804983 0.0239636041224003 0.0264210719615221 0.0278026200830936 0.0360714755952358 0.0351427532732487 0.0328181125223637 0.033931277692318 0.0437237396836281
0.0962625816464424 0.130904793739319 0.192305564880371 0.197673037648201 0.238062471151352 0.318861722946167 0.299537867307663 0.312516629695892 0.329716801643372 0.339101314544678 0.35745906829834 0.225798577070236 0.173773586750031 0.153612956404686 0.113532863557339 0.113553501665592 0.105065807700157 0.129105001688004 0.292135417461395 0.390918254852295 0.370149195194244 0.234878167510033 0.0841451734304428 0.0632903426885605 0.0688475668430328 0.0479092672467232 0.0476773716509342 0.0467060692608356 0.056630365550518 0.0626611858606339 0.0441866628825665 0.0507669858634472 0.0442983396351337 0.0467819757759571 0.037201676517725 0.043848555535078 0.0294946935027838 0.0259612053632736 0.0278627760708332 0.0242490861564875 0.0269865933805704 0.0259606465697289 0.0223377756774426 0.0241407491266727 0.0276664961129427
0.0194533877074718 0.0203579347580671 0.0285196602344513 0.0827605426311493 0.10489859431982 0.146522402763367 0.209606066346169 0.203131034970284 0.240308225154877 0.282741367816925 0.267833888530731 0.183813348412514 0.126262724399567 0.111327208578587 0.108991645276546 0.0996743440628052 0.0816693305969238 0.0808094888925552 0.102626420557499 0.265410006046295 0.165452048182487 0.0626922994852066 0.0463501960039139 0.0617629364132881 0.0523928143084049 0.0440692268311977 0.0424436964094639 0.0473673939704895 0.0627193003892899 0.0467784553766251 0.0471674501895905 0.0527301840484142 0.042025662958622 0.0385911501944065 0.0409311391413212 0.040587592869997 0.0395092666149139 0.0290865525603294 0.022728206589818 0.0202999580651522 0.022308399900794 0.0288174618035555 0.0336128287017345 0.0308221727609634 0.0286139715462923
0.0221210233867168 0.0235178358852863 0.0340923368930817 0.0401592440903187 0.0611784085631371 0.0921815931797028 0.126793161034584 0.13693305850029 0.118239298462868 0.158894076943398 0.197474241256714 0.12586884200573 0.0881404280662537 0.0874650627374649 0.113228537142277 0.0940009653568268 0.0903102830052376 0.0729817450046539 0.0682966932654381 0.0780218914151192 0.059809111058712 0.0601976960897446 0.0607120171189308 0.0591375902295113 0.049394566565752 0.0473561249673367 0.0502452366054058 0.0451779514551163 0.0449379459023476 0.045526746660471 0.0524218268692493 0.0438042134046555 0.0424974001944065 0.0390120260417461 0.0390697084367275 0.0373080596327782 0.0412860326468945 0.0319016315042973 0.0252464059740305 0.0233522038906813 0.0231891628354788 0.0279882047325373 0.0287111941725016 0.0325702913105488 0.0277087148278952
0.0436564162373543 0.0450587086379528 0.0437499023973942 0.0404943265020847 0.0442665927112103 0.0586255453526974 0.0735028386116028 0.077886588871479 0.0742913782596588 0.0777538865804672 0.0658318400382996 0.084600105881691 0.0769782140851021 0.080417737364769 0.0863009989261627 0.0840219855308533 0.0600021444261074 0.0609225258231163 0.0672968029975891 0.0558567978441715 0.0446584969758987 0.0577578581869602 0.0591585785150528 0.0568590760231018 0.0517212152481079 0.0462416186928749 0.0396331883966923 0.0441117733716965 0.04368557035923 0.0403565466403961 0.0478028915822506 0.0447081364691257 0.0344163216650486 0.0336292237043381 0.0286535993218422 0.0232728999108076 0.0180037803947926 0.0222673118114471 0.023949084803462 0.027893265709281 0.0309401638805866 0.0285460539162159 0.0248151421546936 0.0316343083977699 0.0346671268343925
0.064108669757843 0.0519147254526615 0.0422051884233952 0.0465673953294754 0.049109298735857 0.0386059582233429 0.0760945007205009 0.0614603906869888 0.0568392463028431 0.0604023151099682 0.0513766221702099 0.0502342469990253 0.0503994040191174 0.061948761343956 0.0625830069184303 0.0666681304574013 0.0448721870779991 0.0527299121022224 0.0524876303970814 0.0523162223398685 0.0594474300742149 0.0573321394622326 0.0517716333270073 0.0426043048501015 0.0405598692595959 0.0412600971758366 0.0382697507739067 0.0359822101891041 0.0485012494027615 0.0346190594136715 0.0389607734978199 0.0313340127468109 0.0262148790061474 0.0183012802153826 0.0179340392351151 0.0194045044481754 0.0220006294548512 0.0227621849626303 0.0233885049819946 0.029600216075778 0.0322151184082031 0.0298411268740892 0.0252723749727011 0.0274221170693636 0.0295147113502026
