Ecospace-environmental-drivers/Outputs/ASCII-for-ecospace/Cfl/Cfl_X2004.02.asc
NCOLS 131 
NROWS 53 
XLLCORNER -98 
YLLCORNER 23.9265270233154 
CELLSIZE 0.133587792515755 
NODATA_value -3.4e+38 
[rows 20 to 39 of 53, columns 0 to 45 of 131]
-3.4e+38 -3.4e+38 -3.4e+38 -3.4e+38 -3.4e+38 -3.4e+38 -3.4e+38 -3.4e+38 -3.4e+38 9.74699974060059 7.01425457000732 5.34970140457153 6.05598258972168 7.12009429931641 7.90184020996094 3.57285141944885 1.64932799339294 0.997277200222015 0.689299523830414 0.603314816951752 0.561711728572845 0.526022851467133 0.53501945734024 0.535980045795441 0.494485944509506 0.523705244064331 0.529014945030212 0.572327554225922 0.554074943065643 0.554321706295013 0.560250282287598 0.510664939880371 0.580096781253815 0.576423585414886 0.580212831497192 0.512886583805084 0.495486587285995 0.609984695911407 0.576229691505432 0.635656297206879 0.653599858283997 0.596868634223938 0.584959208965302 0.490565031766891 0.493480861186981 0.558033227920532
-3.4e+38 -3.4e+38 -3.4e+38 -3.4e+38 -3.4e+38 -3.4e+38 9.02908325195312 5.73643493652344 -3.4e+38 6.35160160064697 5.62534523010254 5.00014114379883 4.2107982635498 3.46118760108948 3.00303864479065 2.07919907569885 0.777553737163544 0.647073090076447 0.622501194477081 0.526786684989929 0.518214344978333 0.525407493114471 0.490259230136871 0.52478301525116 0.550088047981262 0.55958080291748 0.54997330904007 0.559717655181885 0.538299858570099 0.573733627796173 0.559459090232849 0.510208666324615 0.534940242767334 0.612461566925049 0.495077311992645 0.414782077074051 0.479961633682251 0.473427683115005 0.441954046487808 0.441761583089828 0.465409487485886 0.53597617149353 0.568590044975281 0.524469256401062 0.511062562465668 0.506584227085114
-3.4e+38 -3.4e+38 -3.4e+38 -3.4e+38 -3.4e+38 -3.4e+38 -3.4e+38 4.25381994247437 4.63431119918823 4.15262126922607 3.56372213363647 2.78354501724243 1.72661900520325 1.10135006904602 1.00253450870514 0.818600714206696 0.673723340034485 0.614485502243042 0.539398550987244 0.494475722312927 0.439435392618179 0.37112021446228 0.356508791446686 0.381711035966873 0.478661477565765 0.436329305171967 0.452831983566284 0.467528164386749 0.451518654823303 0.547795474529266 0.502535223960876 0.464570194482803 0.460730314254761 0.480082362890244 0.427630066871643 0.400516241788864 0.387998908758163 0.390946388244629 0.397822111845016 0.383104473352432 0.383259177207947 0.385174959897995 0.446608930826187 0.446486592292786 0.413285613059998 0.362636029720306
-3.4e+38 -3.4e+38 -3.4e+38 -3.4e+38 4.50251245498657 3.70689702033997 -3.4e+38 4.24813604354858 3.66646146774292 2.8965322971344 2.01648330688477 1.31819903850555 0.857250988483429 0.648779690265656 0.574410617351532 0.554750025272369 0.543945491313934 0.523435711860657 0.44134995341301 0.417944639921188 0.377131432294846 0.33830913901329 0.322306007146835 0.310996472835541 0.329321324825287 0.330744177103043 0.320108205080032 0.337430328130722 0.344727843999863 0.405115187168121 0.450781971216202 0.371406525373459 0.395617425441742 0.40267875790596 0.397354155778885 0.386627942323685 0.370101988315582 0.369931995868683 0.396145433187485 0.422361642122269 0.384065926074982 0.33448451757431 0.369644433259964 0.364506989717484 0.384645342826843 0.358849674463272
-3.4e+38 -3.4e+38 -3.4e+38 -3.4e+38 -3.4e+38 4.09765195846558 4.56970024108887 3.96941447257996 3.63963603973389 1.67320954799652 0.901431322097778 0.644508302211761 0.569967269897461 0.496668517589569 0.461486756801605 0.463329911231995 0.406036287546158 0.358244329690933 0.316190361976624 0.299862831830978 0.307966202497482 0.300651162862778 0.309426248073578 0.308737367391586 0.319338589906693 0.325293838977814 0.314508587121964 0.310042142868042 0.279543101787567 0.273250550031662 0.310064494609833 0.334194272756577 0.344538629055023 0.323230385780334 0.332438230514526 0.361645519733429 0.350894838571548 0.343300968408585 0.351159632205963 0.357358187437057 0.358965337276459 0.356834352016449 0.311627775430679 0.316018581390381 0.360495984554291 0.358739882707596
-3.4e+38 -3.4e+38 -3.4e+38 -3.4e+38 -3.4e+38 4.56417655944824 4.13519191741943 3.30527377128601 2.0815212726593 0.865601360797882 0.589293837547302 0.533750653266907 0.468804925680161 0.437569975852966 0.400443375110626 0.352771788835526 0.317022025585175 0.314259827136993 0.303645610809326 0.291004508733749 0.304355919361115 0.312847912311554 0.30361396074295 0.308901429176331 0.326573103666306 0.329434543848038 0.321630865335464 0.287229061126709 0.256458282470703 0.252338081598282 0.258104354143143 0.211509093642235 0.283177644014359 0.280030727386475 0.309214919805527 0.331053406000137 0.330676853656769 0.32550573348999 0.349645674228668 0.341978788375854 0.345044255256653 0.357133597135544 0.348983615636826 0.330887526273727 0.338456809520721 0.343048632144928
-3.4e+38 -3.4e+38 -3.4e+38 -3.4e+38 -3.4e+38 4.2741060256958 3.2724928855896 2.02265620231628 1.08360207080841 0.604468166828156 0.533577024936676 0.453203171491623 0.37488517165184 0.34004870057106 0.370844513177872 0.32453253865242 0.317328691482544 0.332993477582932 0.327447652816772 0.317385941743851 0.320690512657166 0.280498296022415 0.29861256480217 0.30837669968605 0.305811822414398 0.30523145198822 0.284607797861099 0.280758142471313 0.250968098640442 0.243039637804031 0.253731340169907 0.304093062877655 0.274515300989151 0.274945765733719 0.300243318080902 0.306606084108353 0.314955741167068 0.343575328588486 0.331255823373795 0.345985174179077 0.334909439086914 0.345859855413437 0.350589036941528 0.330240935087204 0.321904540061951 0.319927155971527
-3.4e+38 -3.4e+38 -3.4e+38 -3.4e+38 -3.4e+38 4.01251125335693 2.89067530632019 1.64238715171814 0.995064198970795 0.569637894630432 0.486375063657761 0.407130658626556 0.370669662952423 0.356128960847855 0.345480650663376 0.35661792755127 0.34913182258606 0.331410944461823 0.335345834493637 0.352207690477371 0.323563486337662 0.294456630945206 0.293456077575684 0.289190709590912 0.270007371902466 0.249597698450089 0.23443828523159 0.251147419214249 0.246649101376534 0.245155587792397 0.196497514843941 0.237449660897255 0.238453328609467 0.247028321027756 0.251420676708221 0.268675744533539 0.296942353248596 0.324569493532181 0.335871964693069 0.32884007692337 0.328605532646179 0.345035284757614 0.325138777494431 0.31311023235321 0.307344615459442 0.338303208351135
-339999999999999996128486808808066248288.000000000000000 -3.4e+38 -3.4e+38 -3.4e+38 3.81683373451233 3.14865946769714 2.13019609451294 1.07266819477081 0.66685152053833 0.56048172712326 0.47800886631012 0.389639288187027 0.374164611101151 0.352184176445007 0.345571488142014 0.350913971662521 0.357554614543915 0.327376455068588 0.318157076835632 0.306481570005417 0.286954373121262 0.317815005779266 0.315940111875534 0.266667157411575 0.242730066180229 0.266495883464813 0.255756020545959 0.240665793418884 0.205300435423851 0.215132251381874 0.242804884910583 0.22176505625248 0.299618661403656 0.26504585146904 0.247429475188255 0.280806839466095 0.304909467697144 0.300682157278061 0.299918353557587 0.308681786060333 0.322261452674866 0.341667830944061 0.316916167736053 0.322110027074814 0.331480383872986 0.330190926790237
-3.4e+38 -3.4e+38 -3.4e+38 -3.4e+38 3.80674958229065 2.94748067855835 1.82469236850739 0.947093904018402 0.680557429790497 0.611704051494598 0.4802525639534 0.397639244794846 0.383320361375809 0.380180090665817 0.353945791721344 0.348335415124893 0.34478223323822 0.34767934679985 0.340441972017288 0.319230645895004 0.304327607154846 0.300002366304398 0.260521829128265 0.257646709680557 0.254977852106094 0.244736731052399 0.245087638497353 0.226863503456116 0.22939620912075 0.24226975440979 0.23618395626545 0.238407865166664 0.24663607776165 0.235081419348717 0.235203921794891 0.252724409103394 0.273427337408066 0.271914303302765 0.278876900672913 0.315394461154938 0.326950937509537 0.333156228065491 0.325582832098007 0.329455256462097 0.340652614831924 0.329389363527298
-3.4e+38 -3.4e+38 -3.4e+38 -3.4e+38 3.6743745803833 2.93838500976562 1.84050667285919 1.03181529045105 0.693348288536072 0.591004908084869 0.427679717540741 0.376162439584732 0.364154607057571 0.358626633882523 0.358595103025436 0.347599744796753 0.329908639192581 0.352491974830627 0.38444522023201 0.369673520326614 0.318042516708374 0.277960121631622 0.263699054718018 0.283718317747116 0.268941074609756 0.245475947856903 0.262355029582977 0.236515611410141 0.237906858325005 0.260077297687531 0.242045417428017 0.250666171312332 0.239524260163307 0.236700788140297 0.246493518352509 0.260633766651154 0.263985246419907 0.270772665739059 0.31321194767952 0.32442918419838 0.328151166439056 0.333684056997299 0.359834939241409 0.351660311222076 0.363544970750809 0.317154228687286
-3.4e+38 -3.4e+38 -3.4e+38 -3.4e+38 -3.4e+38 2.98545718193054 1.7820919752121 1.06815075874329 0.713776528835297 0.567168235778809 0.443134129047394 0.395926684141159 0.38379979133606 0.373911529779434 0.367251932621002 0.364677578210831 0.358946263790131 0.35961052775383 0.355734139680862 0.371528714895248 0.322519838809967 0.264793485403061 0.245509296655655 0.252716362476349 0.239749297499657 0.24340158700943 0.230039909482002 -3.4e+38 0.240420207381248 0.251644372940063 0.229849204421043 0.250978499650955 0.256623804569244 0.236823990941048 0.261740684509277 0.286190778017044 0.26826000213623 0.26580598950386 0.282183408737183 0.278983294963837 0.311462163925171 0.324047982692719 0.359176993370056 0.35372206568718 0.33381986618042 0.320379942655563
-3.4e+38 -3.4e+38 -3.4e+38 -3.4e+38 -3.4e+38 3.15264534950256 2.19030094146729 1.19667875766754 0.755762338638306 0.586255311965942 0.479205340147018 0.416757941246033 0.386378794908524 0.379936397075653 0.395624428987503 0.393433094024658 0.395872175693512 0.363815069198608 0.342592537403107 0.323227614164352 0.302288234233856 0.261134833097458 0.246595963835716 0.240823015570641 0.238529071211815 0.22695817053318 0.219084575772285 0.201311022043228 0.223236069083214 0.241831883788109 0.230339974164963 0.255931735038757 0.2826167345047 0.272501856088638 0.262504160404205 0.263489693403244 0.268935590982437 0.277572184801102 0.283939719200134 0.298307657241821 0.312855780124664 0.331776797771454 0.333341956138611 0.327652186155319 0.327851086854935 0.306213408708572
-3.4e+38 -3.4e+38 -3.4e+38 -3.4e+38 -3.4e+38 2.99528074264526 2.52619385719299 1.58789801597595 0.927659869194031 0.667124032974243 0.567009925842285 0.491228491067886 0.409781336784363 0.381254255771637 0.408631205558777 0.411400973796844 0.395951807498932 0.378771424293518 0.337401241064072 0.295127511024475 0.271962106227875 0.271525710821152 0.240935429930687 0.241813361644745 0.255773991346359 0.241326212882996 0.23841618001461 0.236935675144196 0.252542436122894 0.232273742556572 0.212609067559242 0.210347428917885 0.283402860164642 0.292010068893433 0.269301474094391 0.26842787861824 0.257576376199722 0.273930490016937 0.280573546886444 0.298744350671768 0.286665827035904 0.306459277868271 0.312293410301208 0.307399690151215 0.298114210367203 0.300066292285919
-3.4e+38 -3.4e+38 -3.4e+38 -3.4e+38 -3.4e+38 3.01136422157288 2.84975934028625 1.94247031211853 1.17211306095123 0.837648391723633 0.677383780479431 0.562343001365662 0.504744648933411 0.431349128484726 0.395547658205032 0.38819220662117 0.387710005044937 0.366435199975967 0.317998141050339 0.28002941608429 0.269765973091125 0.275838673114777 0.241745501756668 0.253196120262146 0.271216094493866 0.249060183763504 0.226868286728859 0.236476302146912 0.242593377828598 0.23161318898201 0.208379149436951 0.168838158249855 0.234454721212387 0.286016643047333 0.294001996517181 0.276273548603058 0.269627809524536 0.277820199728012 0.287811130285263 0.275090634822845 0.277955532073975 0.290291607379913 0.320771127939224 0.309843748807907 0.308981120586395 0.295176297426224
-3.4e+38 -3.4e+38 -3.4e+38 -3.4e+38 -3.4e+38 6.35757732391357 2.93421196937561 2.1521954536438 1.32523381710052 0.890827596187592 0.667391240596771 0.540458679199219 0.503204643726349 0.456953287124634 0.38053435087204 0.36669185757637 0.367898374795914 0.329671561717987 0.323210448026657 0.287457525730133 0.270723193883896 0.299283176660538 0.243788033723831 0.244048938155174 0.250141531229019 0.232964754104614 0.233991980552673 0.245656743645668 0.244531914591789 0.2637038230896 0.248880073428154 0.229389771819115 0.225832536816597 0.259611070156097 0.283424973487854 0.298780739307404 0.314517289400101 0.301716804504395 0.275162875652313 0.267812967300415 0.294155895709991 0.310557782649994 0.309034436941147 0.276302516460419 0.282850295305252 0.282653748989105
-3.4e+38 -3.4e+38 -3.4e+38 -3.4e+38 -3.4e+38 8.54154968261719 3.32722926139832 2.21863746643066 1.47607898712158 0.898665368556976 0.687555015087128 0.517477512359619 0.459870189428329 0.454478174448013 0.37232169508934 0.344225287437439 0.29795640707016 0.299085021018982 0.347895056009293 0.350725054740906 0.295819133520126 0.298174411058426 0.300047874450684 0.252781450748444 0.240117192268372 0.209083676338196 0.243945643305779 0.257097691297531 0.245426535606384 0.247194617986679 0.266585737466812 0.256955116987228 0.255917906761169 0.277529120445251 0.270334899425507 0.28894168138504 0.328496247529984 0.313375949859619 0.277030289173126 0.266875773668289 0.271605908870697 0.281301319599152 0.271774798631668 0.263671219348907 0.252399563789368 0.2715083360672
-3.4e+38 -3.4e+38 -3.4e+38 -3.4e+38 -3.4e+38 -3.4e+38 2.82056570053101 1.99371099472046 1.33369755744934 0.912133276462555 0.676870286464691 0.517724335193634 0.447392970323563 0.44049671292305 0.394353151321411 0.331337779760361 0.315095007419586 0.322164624929428 0.331343680620193 0.356337636709213 0.328479528427124 0.273845702409744 0.259272038936615 0.254937559366226 0.24723382294178 0.238425344228745 0.247916713356972 0.255764454603195 0.265609323978424 0.23788757622242 0.250726610422134 0.25008025765419 0.24489364027977 0.266401797533035 0.264489889144897 0.263255685567856 0.287501484155655 0.274129837751389 0.268154621124268 0.286031901836395 0.272578507661819 0.286837846040726 0.287111282348633 0.264480412006378 0.246570631861687 0.25687113404274
-3.4e+38 -3.4e+38 -3.4e+38 -3.4e+38 -3.4e+38 -3.4e+38 2.33441376686096 1.88401782512665 1.22446155548096 0.855840682983398 0.576395392417908 0.485684126615524 0.459868282079697 0.437392204999924 0.394988805055618 0.322966486215591 0.309212446212769 0.315414905548096 0.322204738855362 0.320468187332153 0.319913119077682 0.297782480716705 0.275134027004242 0.287838757038116 0.230268076062202 0.244330063462257 0.219620048999786 0.224696204066277 0.229179501533508 0.25054743885994 0.270859181880951 0.270976155996323 0.258906215429306 0.264986544847488 0.282864898443222 0.27834814786911 0.292772710323334 0.270096987485886 0.268453747034073 0.303956061601639 0.309379696846008 0.282984375953674 0.287257313728333 0.271098047494888 0.271963477134705 0.274224787950516
-3.4e+38 -3.4e+38 -3.4e+38 -3.4e+38 -3.4e+38 -3.4e+38 2.20043349266052 1.69727778434753 1.10079002380371 0.720047473907471 0.517617702484131 0.445512235164642 0.399751335382462 0.415514916181564 0.382076978683472 0.325374007225037 0.296744793653488 0.301692008972168 0.315679550170898 0.328498393297195 0.325424700975418 0.311978667974472 0.304688215255737 0.277756333351135 0.234042763710022 0.229421451687813 0.225661009550095 0.22404833137989 0.231510862708092 0.269808858633041 0.257662236690521 0.263289928436279 0.292594879865646 0.307015180587769 0.294942557811737 0.288016051054001 0.266626596450806 0.282192915678024 0.29126250743866 0.28591924905777 0.281595319509506 0.282456070184708 0.28419691324234 0.287676006555557 0.280794352293015 0.26821905374527
