Ecospace-environmental-drivers/Outputs/ASCII-for-ecospace/Cfl/Cfl_X2011.10.asc
NCOLS 131 
NROWS 53 
XLLCORNER -98 
YLLCORNER 23.9265270233154 
CELLSIZE 0.133587792515755 
NODATA_value -3.4e+38 
[rows 0 to 19 of 53, columns 45 to 89 of 131]
-3.4e+38 -3.4e+38 -3.4e+38 -3.4e+38 -3.4e+38 -3.4e+38 -3.4e+38 -3.4e+38 -3.4e+38 -3.4e+38 -3.4e+38 -3.4e+38 -3.4e+38 -3.4e+38 -3.4e+38 -3.4e+38 -3.4e+38 -3.4e+38 -3.4e+38 -3.4e+38 -3.4e+38 -3.4e+38 -3.4e+38 -3.4e+38 -3.4e+38 -3.4e+38 -3.4e+38 -3.4e+38 -3.4e+38 -3.4e+38 -3.4e+38 -3.4e+38 -3.4e+38 -3.4e+38 -3.4e+38 -3.4e+38 -3.4e+38 -3.4e+38 -3.4e+38 -3.4e+38 -3.4e+38 -3.4e+38 -3.4e+38 -3.4e+38 -3.4e+38
-3.4e+38 -3.4e+38 -3.4e+38 -3.4e+38 -3.4e+38 -3.4e+38 -3.4e+38 -3.4e+38 -3.4e+38 -3.4e+38 -3.4e+38 -3.4e+38 -3.4e+38 -3.4e+38 -3.4e+38 -3.4e+38 -3.4e+38 -3.4e+38 -3.4e+38 -3.4e+38 -3.4e+38 -3.4e+38 -3.4e+38 -3.4e+38 -3.4e+38 -3.4e+38 -3.4e+38 -3.4e+38 -3.4e+38 -3.4e+38 -3.4e+38 -3.4e+38 -3.4e+38 -3.4e+38 -3.4e+38 -3.4e+38 -3.4e+38 -3.4e+38 -3.4e+38 -3.4e+38 -3.4e+38 -3.4e+38 -3.4e+38 -3.4e+38 -3.4e+38
-3.4e+38 -3.4e+38 -3.4e+38 -3.4e+38 -3.4e+38 -3.4e+38 -3.4e+38 -3.4e+38 -3.4e+38 -3.4e+38 -3.4e+38 -3.4e+38 -3.4e+38 -3.4e+38 -3.4e+38 -3.4e+38 -3.4e+38 -3.4e+38 -3.4e+38 -3.4e+38 -3.4e+38 -3.4e+38 -3.4e+38 -3.4e+38 -3.4e+38 -3.4e+38 -3.4e+38 -3.4e+38 -3.4e+38 -3.4e+38 -3.4e+38 -3.4e+38 -3.4e+38 -3.4e+38 -3.4e+38 -3.4e+38 -3.4e+38 -3.4e+38 -3.4e+38 -3.4e+38 -3.4e+38 -3.4e+38 -3.4e+38 -3.4e+38 -3.4e+38
-3.4e+38 -3.4e+38 -3.4e+38 -3.4e+38 -3.4e+38 -3.4e+38 -3.4e+38 -3.4e+38 -3.4e+38 -3.4e+38 -3.4e+38 -3.4e+38 -3.4e+38 -3.4e+38 -3.4e+38 -3.4e+38 -3.4e+38 -3.4e+38 -3.4e+38 -3.4e+38 -3.4e+38 -3.4e+38 -3.4e+38 -3.4e+38 -3.4e+38 -3.4e+38 -3.4e+38 -3.4e+38 -3.4e+38 0.216586276888847 0.228172436356544 -3.4e+38 -3.4e+38 -3.4e+38 -3.4e+38 -3.4e+38 0.150513395667076 -3.4e+38 -3.4e+38 -3.4e+38 -3.4e+38 -3.4e+38 0.14998197555542 -3.4e+38 -3.4e+38
-3.4e+38 -3.4e+38 -3.4e+38 -3.4e+38 -3.4e+38 -3.4e+38 -3.4e+38 -3.4e+38 -3.4e+38 -3.4e+38 -3.4e+38 -3.4e+38 -3.4e+38 0.176952660083771 -3.4e+38 -3.4e+38 -3.4e+38 -3.4e+38 -3.4e+38 -3.4e+38 -3.4e+38 0.259442090988159 0.246954590082169 0.315812736749649 -3.4e+38 -3.4e+38 -3.4e+38 0.248035550117493 -3.4e+38 0.200179144740105 0.12909959256649 -3.4e+38 -3.4e+38 -3.4e+38 -3.4e+38 -3.4e+38 0.150215059518814 0.123437277972698 0.114101819694042 0.206537842750549 0.132480129599571 0.140420004725456 0.15029838681221 -3.4e+38 -3.4e+38
-3.4e+38 -3.4e+38 -3.4e+38 -3.4e+38 -3.4e+38 -3.4e+38 -3.4e+38 -3.4e+38 -3.4e+38 -3.4e+38 0.38371604681015 0.329975366592407 0.399115324020386 0.31451228260994 0.269068986177444 0.292395532131195 -3.4e+38 -3.4e+38 -3.4e+38 0.316222250461578 0.287457674741745 0.347929239273071 0.356473118066788 0.342286169528961 0.294027060270309 0.358686417341232 0.309328019618988 0.261189192533493 0.257417321205139 0.23866181075573 0.177870109677315 0.0867479369044304 0.131948426365852 0.140780746936798 0.203660249710083 0.137588307261467 0.0815115794539452 0.0715427994728088 0.0684975907206535 0.079634428024292 0.0875829383730888 0.0870023518800735 0.0857940316200256 0.100906245410442 0.150547474622726
-3.4e+38 -3.4e+38 -3.4e+38 -3.4e+38 -3.4e+38 -3.4e+38 -3.4e+38 -3.4e+38 -3.4e+38 -3.4e+38 -3.4e+38 0.558819591999054 0.44962003827095 0.385172069072723 0.359309613704681 0.337286055088043 0.358750641345978 0.354041337966919 0.290267705917358 0.300520002841949 0.35454735159874 0.393984854221344 0.379370123147964 0.294842779636383 0.229960769414902 0.241021826863289 0.208107963204384 0.18386435508728 0.26273438334465 0.230736240744591 0.200992941856384 0.162298783659935 0.141666069626808 0.119023270905018 0.101164355874062 0.0789142474532127 0.0609344989061356 0.0566742904484272 0.0534049421548843 0.0536471754312515 0.062579520046711 0.0688646137714386 0.0761347785592079 0.0764674991369247 0.0793473646044731
-3.4e+38 -3.4e+38 -3.4e+38 -3.4e+38 -3.4e+38 -3.4e+38 -3.4e+38 -3.4e+38 -3.4e+38 -3.4e+38 -3.4e+38 -3.4e+38 0.491240501403809 0.413326591253281 0.330153524875641 0.321772515773773 0.459270924329758 0.246130093932152 0.192823439836502 0.241819590330124 0.365334123373032 0.386132895946503 0.381262093782425 0.310582399368286 0.235946297645569 0.186739087104797 0.146928206086159 0.13583616912365 0.140920221805573 0.13877759873867 0.126625522971153 0.116550013422966 0.112037815153599 0.104805402457714 0.0858475118875504 0.0738107115030289 0.0604616850614548 0.0561263747513294 0.0582194142043591 0.0580510720610619 0.0587925873696804 0.0614293329417706 0.0653330683708191 0.072188712656498 0.0853323414921761
2.3193220840767e-05 -3.4e+38 -3.4e+38 -3.4e+38 -3.4e+38 -3.4e+38 -3.4e+38 -3.4e+38 -3.4e+38 -3.4e+38 -3.4e+38 -3.4e+38 -3.4e+38 -3.4e+38 -3.4e+38 -3.4e+38 -3.4e+38 0.362814724445343 -3.4e+38 0.227038979530334 0.368414312601089 0.354542344808578 0.344140022993088 0.262630879878998 0.267860233783722 0.203525722026825 0.127987906336784 0.106602177023888 0.107671432197094 0.109806917607784 0.103750601410866 0.102771028876305 0.107748188078403 0.0990067049860954 0.0824621245265007 0.0690952315926552 0.0680795684456825 0.0605298914015293 0.0620787441730499 0.0658038482069969 0.0659181103110313 0.0733838379383087 0.072792649269104 0.0725661739706993 0.0839134976267815
0.00254357792437077 0.402020156383514 -3.4e+38 -3.4e+38 -3.4e+38 -3.4e+38 -3.4e+38 -3.4e+38 -3.4e+38 -3.4e+38 -3.4e+38 -3.4e+38 0.27573898434639 0.275354623794556 -3.4e+38 -3.4e+38 -3.4e+38 -3.4e+38 -3.4e+38 0.369750291109085 0.379966497421265 0.423473358154297 0.449934601783752 0.298517167568207 0.212042212486267 0.158372014760971 0.134443655610085 0.113051541149616 0.117518179118633 0.110688582062721 0.113784819841385 0.101345390081406 0.0902573317289352 0.0816178470849991 0.0704070776700974 0.0692216753959656 0.0685758516192436 0.0660028755664825 0.0632395893335342 0.0605686195194721 0.0644747093319893 0.0747200027108192 0.0810580104589462 0.0787108987569809 0.0827369317412376
0.177735641598701 0.557415544986725 0.395075708627701 -3.4e+38 -3.4e+38 -3.4e+38 -3.4e+38 -3.4e+38 -3.4e+38 -3.4e+38 -3.4e+38 -3.4e+38 -3.4e+38 -3.4e+38 -3.4e+38 -3.4e+38 -3.4e+38 0.101250566542149 0.222720190882683 0.2981838285923 0.338262557983398 0.415884554386139 0.39630988240242 0.249266013503075 0.18482294678688 0.15311773121357 0.138071358203888 0.104309260845184 0.0955871865153313 0.105846203863621 0.111359722912312 0.093637190759182 0.0828978791832924 0.0724354013800621 0.0657244846224785 0.0691554844379425 0.0725762918591499 0.0645241811871529 0.0583498403429985 0.0577644035220146 0.0585868358612061 0.0720931515097618 0.0828021392226219 0.0893554985523224 0.0924903526902199
0.246140941977501 0.21361993253231 0.201910868287086 0.415522158145905 -3.4e+38 -3.4e+38 -3.4e+38 -3.4e+38 -3.4e+38 -3.4e+38 -3.4e+38 -3.4e+38 -3.4e+38 -3.4e+38 -3.4e+38 0.0893937051296234 -3.4e+38 -3.4e+38 0.152963265776634 0.252738744020462 0.410601884126663 0.425353646278381 0.301539957523346 0.224835678935051 0.171128243207932 0.144078597426414 0.110819540917873 0.0806586891412735 0.0832136496901512 0.0851490497589111 0.0862932056188583 0.0854133144021034 0.0743648856878281 0.0693276971578598 0.0656207874417305 0.0666714981198311 0.0651327520608902 0.0638739615678787 0.0583663545548916 0.0550200045108795 0.0595928132534027 0.0602144747972488 0.0671835839748383 0.0821603015065193 0.0997866243124008
0.387397021055222 0.317133724689484 0.258718639612198 0.283097237348557 0.287894695997238 0.324009001255035 -3.4e+38 -3.4e+38 -3.4e+38 -3.4e+38 0.0275105740875006 0.0380865186452866 -3.4e+38 -3.4e+38 0.13429468870163 0.229272067546844 0.264285653829575 0.444329977035522 -3.4e+38 0.300626933574677 0.483403503894806 0.477112621068954 0.311591327190399 0.186100855469704 0.135334014892578 0.102545090019703 0.076926127076149 0.0743735283613205 0.0781858339905739 0.0720879659056664 0.0691278725862503 0.0602359063923359 0.0560828372836113 0.0568671189248562 0.0676150470972061 0.0636670365929604 0.0564933232963085 0.0541842840611935 0.0564029365777969 0.0537885800004005 0.0508838146924973 0.051783848553896 0.0548763982951641 0.0625782608985901 0.0774219334125519
0.436733335256577 0.446459412574768 0.426934778690338 0.484935730695724 0.436428487300873 0.25708869099617 0.0800879746675491 0.192146196961403 0.266998648643494 0.0553692243993282 0.0885268300771713 0.0989054590463638 0.135130152106285 -3.4e+38 0.361532956361771 0.383539617061615 0.298465013504028 0.39483118057251 0.458010971546173 0.421669572591782 -3.4e+38 0.300972372293472 0.378859579563141 0.182494908571243 0.107929281890392 0.0733817890286446 0.062120046466589 0.0583815798163414 0.0697287768125534 0.0689614564180374 0.0623694136738777 0.0591192506253719 0.0515195988118649 0.048957996070385 0.0572086274623871 0.0609900839626789 0.0629232302308083 0.0579489693045616 0.0516103766858578 0.0527875609695911 0.0516725294291973 0.0493887923657894 0.0506818145513535 0.0625202059745789 0.0636537969112396
0.377382934093475 0.402943044900894 0.419802218675613 0.426116973161697 0.445210576057434 0.442048162221909 0.454060107469559 0.333265274763107 0.374050617218018 0.385500729084015 0.406639397144318 0.410884946584702 0.343044310808182 0.337007999420166 0.275218158960342 0.24211223423481 0.25743180513382 0.296939611434937 0.40552169084549 0.436289936304092 0.447829991579056 0.39714503288269 0.346091568470001 0.189549133181572 0.0930189192295074 0.0782897174358368 0.0692820250988007 0.0737475827336311 0.0697595253586769 0.0637805014848709 0.062710739672184 0.0611441694200039 0.0504901260137558 0.0505311489105225 0.0544632785022259 0.0606007985770702 0.0534039884805679 0.0485881008207798 0.0477765426039696 0.0470343492925167 0.0523815639317036 0.0499101057648659 0.056018341332674 0.066498838365078 0.0657255202531815
0.292017132043839 0.303711861371994 0.320432394742966 0.358274310827255 0.395276844501495 0.422862499952316 0.337645351886749 0.345271974802017 0.363570332527161 0.339970260858536 0.311462253332138 0.30601441860199 0.238325789570808 0.220036819577217 0.258866280317307 0.298391252756119 0.358435064554214 0.384516447782516 0.437128067016602 0.372388005256653 0.368723303079605 0.331970036029816 0.189220443367958 0.10418975353241 0.0631112828850746 0.0683752149343491 0.0878957360982895 0.0955553203821182 0.0822261571884155 0.0685580670833588 0.0680975615978241 0.0561670809984207 0.0468194596469402 0.0520399957895279 0.0551273375749588 0.0545366406440735 0.0510274395346642 0.048418577760458 0.0473548248410225 0.0427914448082447 0.0485443808138371 0.051561675965786 0.057505875825882 0.0593248009681702 0.0630170926451683
0.26882928609848 0.281741350889206 0.302519887685776 0.328645944595337 0.319572865962982 0.326404571533203 0.280185461044312 0.236606404185295 0.242611438035965 0.210228905081749 0.204992786049843 0.176553651690483 0.182790696620941 0.250138252973557 0.292180329561234 0.309554040431976 0.310286313295364 0.323189914226532 0.332875788211823 0.229596436023712 0.137759312987328 0.0792728886008263 0.0494089797139168 0.0448768474161625 0.0448522642254829 0.0547050274908543 0.0966047197580338 0.0831186100840569 0.0577374808490276 0.058091975748539 0.054105456918478 0.0476414784789085 0.0439895018935204 0.0465521030128002 0.0513748787343502 0.0489697158336639 0.0481984578073025 0.0447436757385731 0.0437982119619846 0.0425496771931648 0.0457598082721233 0.0520419739186764 0.0573749952018261 0.0572070814669132 0.0636525973677635
0.179841816425323 0.229345321655273 0.222324877977371 0.239730075001717 0.257379740476608 0.266370952129364 0.272287666797638 0.243042200803757 0.218690097332001 0.210432827472687 0.225842207670212 0.193513840436935 0.199579536914825 0.24452418088913 0.21513357758522 0.151733964681625 0.124390356242657 0.114069357514381 0.105879850685596 0.0835725292563438 0.0502546317875385 0.0421419218182564 0.0477129593491554 0.048175536096096 0.0508175827562809 0.0513257533311844 0.0616281740367413 0.0584765896201134 0.0554315745830536 0.056713055819273 0.05449004098773 0.0478713922202587 0.0413029715418816 0.042078148573637 0.0406899079680443 0.0394865497946739 0.0398179478943348 0.0406489744782448 0.0423057079315186 0.0419337935745716 0.0406633168458939 0.0476007126271725 0.0574265718460083 0.0622910112142563 0.0656179413199425
0.0822559297084808 0.0933024138212204 0.107453271746635 0.141852989792824 0.15083272755146 0.178291693329811 0.230938047170639 0.242229729890823 0.220300808548927 0.209080651402473 0.205265551805496 0.217107087373734 0.233570516109467 0.226874381303787 0.125981837511063 0.0884250700473785 0.0866757929325104 0.0635159090161324 0.0445429161190987 0.0406057387590408 0.0375829599797726 0.0376103334128857 0.0424113683402538 0.0503802970051765 0.0539735704660416 0.0503666140139103 0.0485111251473427 0.0473719276487827 0.0456138625741005 0.0493926368653774 0.0461612567305565 0.0407180078327656 0.0389144942164421 0.0351555049419403 0.0377760529518127 0.0382644198834896 0.0415347628295422 0.0437036603689194 0.0522509217262268 0.0467019639909267 0.0430977791547775 0.0474289394915104 0.0545963011682034 0.0643568783998489 0.0681961923837662
0.05689562484622 0.0633976459503174 0.0675336569547653 0.0813619941473007 0.100281596183777 0.116685025393963 0.126323536038399 0.13843709230423 0.148707926273346 0.158005431294441 0.154584586620331 0.165085837244987 0.152006432414055 0.154500797390938 0.110076136887074 0.0779919102787971 0.0645849704742432 0.0566989146173 0.0432802513241768 0.0427984073758125 0.0385379791259766 0.0420935489237309 0.0462425760924816 0.0402782037854195 0.0418795756995678 0.0422814562916756 0.0439493246376514 0.0408839918673038 0.037369180470705 0.0375468693673611 0.0368741042912006 0.0362004563212395 0.0340910777449608 0.0336649045348167 0.0346047170460224 0.0364214666187763 0.03868368268013 0.0405525006353855 0.0417084507644176 0.0403058305382729 0.0382115505635738 0.0459221862256527 0.0566261224448681 0.0675164386630058 0.0698464140295982
