Ecospace-environmental-drivers/Outputs/ASCII-for-ecospace/Cfl/Cfl_X2005.09.asc
NCOLS 131 
NROWS 53 
XLLCORNER -98 
YLLCORNER 23.9265270233154 
CELLSIZE 0.133587792515755 
NODATA_value -3.4e+38 
[rows 20 to 39 of 53, columns 0 to 44 of 131]
-3.4e+38 -3.4e+38 -3.4e+38 -3.4e+38 -3.4e+38 -3.4e+38 -3.4e+38 -3.4e+38 -3.4e+38 0.429673105478287 0.326061129570007 0.339361101388931 0.249412506818771 0.171013116836548 0.169566616415977 0.145476415753365 0.148290932178497 0.150661706924438 0.122080057859421 0.0810461714863777 0.0281653646379709 0.0259045585989952 0.0490688793361187 0.0712588056921959 0.06258475035429 0.0766489878296852 0.0972668677568436 0.133650302886963 0.186572179198265 0.288752049207687 0.272085636854172 0.253569424152374 0.229621708393097 0.323762029409409 0.381994426250458 -3.4e+38 0.0243417527526617 0.0299239791929722 0.035893127322197 0.041262574493885 0.0472640506923199 0.0516742952167988 0.0565708503127098 0.0511170662939548 0.0566630400717258
-3.4e+38 -3.4e+38 -3.4e+38 -3.4e+38 -3.4e+38 -3.4e+38 -3.4e+38 0.442999869585037 -3.4e+38 0.399981170892715 0.312166184186935 0.229687616229057 0.159941002726555 0.170873984694481 0.13557767868042 0.0968855246901512 0.0805536434054375 0.0879217013716698 0.0907235071063042 0.0731458589434624 0.0632580518722534 0.0475129671394825 0.0466793961822987 0.0483660511672497 0.0586662739515305 0.0757496356964111 0.0951704978942871 0.129895552992821 0.307271182537079 0.271997660398483 0.257726699113846 0.23089188337326 0.236373797059059 0.288898348808289 0.271917313337326 -3.4e+38 0.00793865881860256 0.00603716913610697 0.0141817880794406 0.030174246057868 0.0272422861307859 0.0507302545011044 0.039678793400526 0.0369183830916882 0.0390992872416973
-3.4e+38 -3.4e+38 -3.4e+38 -3.4e+38 -3.4e+38 -3.4e+38 -3.4e+38 0.525690853595734 0.448720693588257 0.323456615209579 0.246394917368889 0.202359527349472 0.158204704523087 0.147221013903618 0.105774223804474 0.0812381878495216 0.0597725473344326 0.0542061142623425 0.0506529323756695 0.0625107437372208 0.0614299811422825 0.0396244339644909 0.0524201728403568 0.045393381267786 0.055398553609848 0.0692636296153069 0.0754358917474747 0.0683303996920586 0.102084785699844 0.203262940049171 0.289414763450623 0.202427908778191 0.179470509290695 0.117739334702492 0.0644558072090149 0.0460207276046276 0.0386545769870281 0.0585924498736858 0.0523187182843685 0.0319155380129814 0.0249706879258156 0.0203552395105362 0.0363035872578621 0.0253865178674459 0.0290275756269693
-3.4e+38 -3.4e+38 -3.4e+38 -3.4e+38 0.38513395190239 0.505178332328796 -3.4e+38 0.499736189842224 0.311781704425812 0.287479013204575 0.185427114367485 0.12180557847023 0.121398828923702 0.122483924031258 0.0955097749829292 0.0772597119212151 0.0495305769145489 0.0469630099833012 0.0522556528449059 0.0560749247670174 0.0622684769332409 0.0504044704139233 0.05154699832201 0.0545560084283352 0.0708336606621742 0.0628415793180466 0.0574407987296581 0.0560719966888428 0.0396337993443012 0.0408534854650497 0.043546836823225 0.0641758739948273 0.0649425834417343 0.0468144863843918 0.0265543404966593 0.0300136748701334 0.0317299142479897 0.0271946042776108 0.0347650572657585 0.0291354674845934 0.0322598777711391 0.0282330978661776 0.030278779566288 0.0272168908268213 0.0267973300069571
-3.4e+38 -3.4e+38 -3.4e+38 -3.4e+38 -3.4e+38 0.43340876698494 0.453555196523666 0.314174205064774 0.168521389365196 0.191119700670242 0.0922718122601509 0.0666297972202301 0.0858352184295654 0.0718092992901802 0.0612128749489784 0.0346077233552933 0.0424796789884567 0.0468933694064617 0.0514738820493221 0.0447532944381237 0.0417682677507401 0.0450183302164078 0.041060596704483 0.0411468707025051 0.0437969677150249 0.0537591502070427 0.0438983701169491 0.0357232913374901 0.0369907170534134 0.0433501526713371 0.043384600430727 0.058633740991354 0.0431379079818726 0.0340781435370445 0.025248970836401 0.0278591848909855 0.0375504791736603 0.0346311703324318 0.0280152000486851 0.0288851913064718 0.0285212509334087 0.0329337306320667 0.0300914030522108 0.0255590789020061 0.0396193899214268
-3.4e+38 -3.4e+38 -3.4e+38 -3.4e+38 -3.4e+38 0.456708431243896 0.400371909141541 0.239112660288811 0.130622148513794 0.138068854808807 0.0610329769551754 0.0475656241178513 0.0583608373999596 0.0468335412442684 0.0280337426811457 0.0279072467237711 0.0359820909798145 0.0421949736773968 0.0419623628258705 0.0368999466300011 0.0366075113415718 0.0446439199149609 0.037272322922945 0.0425958782434464 0.0404617004096508 0.0403187237679958 0.034417912364006 0.0291738845407963 0.0485668778419495 0.0402384698390961 0.037430364638567 0.0247110091149807 0.0249433983117342 0.0335847698152065 0.0249844565987587 0.0308328308165073 0.0379834435880184 0.0390737950801849 0.0428722612559795 0.0368241965770721 0.0299351233989 0.043603103607893 0.0312047582119703 0.0170400403439999 0.0418083146214485
-3.4e+38 -3.4e+38 -3.4e+38 -3.4e+38 -3.4e+38 0.467657268047333 0.309160470962524 0.216540068387985 0.124675385653973 0.0842256546020508 0.0659763067960739 0.0522590093314648 0.055556770414114 0.0421609468758106 0.0286660678684711 0.0242663528770208 0.0291281063109636 0.0278928279876709 0.0313355810940266 0.0344294682145119 0.0396484434604645 0.0414265990257263 0.0350041575729847 0.0328418985009193 0.0313012637197971 0.0284557640552521 0.027420774102211 0.0275211650878191 0.0396643951535225 0.0288343261927366 0.0273733362555504 0.0245412401854992 0.0276835672557354 0.0256682988256216 0.0429938063025475 0.0337237566709518 0.0705044195055962 0.0407870300114155 0.0327017270028591 0.02875074185431 0.0372414886951447 0.0372598208487034 0.0270291473716497 0.0224536582827568 0.0258443653583527
-3.4e+38 -3.4e+38 -3.4e+38 -3.4e+38 -3.4e+38 0.380477964878082 0.214045614004135 0.151144221425056 0.0782260298728943 0.0646820291876793 0.0747523158788681 0.0586014613509178 0.061850480735302 0.0540481023490429 0.0381733290851116 0.0294707790017128 0.0292925778776407 0.0276129022240639 0.0296302493661642 0.0293946992605925 0.0356930904090405 0.0365907065570354 0.0357077419757843 0.0416698940098286 0.0449914187192917 0.0441278219223022 0.0446397177875042 0.0319957286119461 0.035658311098814 0.0252518784254789 0.0254254695028067 0.0345862694084644 0.0412211045622826 0.0534546598792076 0.0394474267959595 0.0337567627429962 0.0379548259079456 0.0387209579348564 0.033395379781723 0.0343834385275841 0.0313746519386768 0.03257055580616 0.0356708914041519 0.0323162153363228 0.0408328138291836
-339999999999999996128486808808066248288.000000000000000 -3.4e+38 -3.4e+38 -3.4e+38 0.438500791788101 0.305856198072433 0.173217222094536 0.110031522810459 0.072329007089138 0.0627209171652794 0.0484280548989773 0.0765983536839485 0.0692847818136215 0.0566485337913036 0.0421688333153725 0.0318597964942455 0.0310112219303846 0.0290486495941877 0.0352628901600838 0.0291053336113691 0.0293168816715479 0.0306245386600494 0.0428955443203449 0.0424658507108688 0.0330660790205002 0.042972419410944 0.0318603739142418 0.0259185880422592 0.0302366837859154 0.0291126519441605 0.0319081209599972 0.0359833128750324 0.0409357883036137 0.0329319462180138 0.036157701164484 0.0329242236912251 0.0297865215688944 0.0372316613793373 0.0368150286376476 0.0292377211153507 0.0316110737621784 0.0331791453063488 0.0295613091439009 0.029495045542717 0.0324746370315552
-3.4e+38 -3.4e+38 -3.4e+38 -3.4e+38 0.416640400886536 0.366699665784836 0.176444366574287 0.12112645804882 0.0864436402916908 0.0662284940481186 0.0555659234523773 0.0449067391455173 0.0531556829810143 0.0548944771289825 0.0410116463899612 0.0301104877144098 0.0269424803555012 0.0278918650001287 0.0304187834262848 0.0304780788719654 0.0301874987781048 0.039175920188427 0.0371284410357475 0.0354755111038685 0.0314874462783337 0.0324480086565018 0.0234459545463324 0.0298058707267046 0.02835513651371 0.0289876516908407 0.024899709969759 0.0311032626777887 0.0328591242432594 0.0363288968801498 0.0336799509823322 0.0339404493570328 0.030266385525465 0.0353307016193867 0.0380747951567173 0.036961205303669 0.0282883588224649 0.047279879450798 0.0365781709551811 0.0273492410778999 0.0239447951316833
-3.4e+38 -3.4e+38 -3.4e+38 -3.4e+38 0.445141583681107 0.405856490135193 0.1923508644104 0.0976040065288544 0.0791788771748543 0.0565543919801712 0.0561302490532398 0.0396040268242359 0.0381579920649529 0.0474907495081425 0.044442143291235 0.0268678180873394 0.0275723543018103 0.0322182364761829 0.0292045772075653 0.0320203341543674 0.0275669656693935 0.0271942131221294 0.0382928177714348 0.0362488217651844 0.0438228473067284 0.0360028147697449 0.0384389832615852 0.0229101218283176 0.0286639183759689 0.0343893058598042 0.0301372148096561 0.029512207955122 0.031000979244709 0.0340720601379871 0.0278174299746752 0.0337162464857101 0.0290051978081465 0.0363481715321541 0.0339026525616646 0.0381490439176559 0.0242668781429529 0.0301255322992802 0.0301906056702137 0.0227539595216513 0.0181045401841402
-3.4e+38 -3.4e+38 -3.4e+38 -3.4e+38 -3.4e+38 0.370160430669785 0.204487800598145 0.10324651747942 0.0677903145551682 0.0542169436812401 0.0581584833562374 0.0449029058218002 0.0362941920757294 0.036296371370554 0.0307071935385466 0.0291926097124815 0.0281391683965921 0.0287698842585087 0.0310054775327444 0.0304989274591208 0.0318235531449318 0.0324278101325035 0.0352125875651836 0.0310295037925243 0.0470736995339394 0.035007618367672 0.0332073830068111 0.0349940657615662 0.0329940989613533 0.0440649464726448 0.0399696081876755 0.0394196920096874 0.0349391400814056 0.0330175831913948 0.0354494005441666 0.030079236254096 0.0332174226641655 0.0412048697471619 0.0727593451738358 0.0498126186430454 0.0325616709887981 0.00205901637673378 0.0148496842011809 0.0209085047245026 0.0208282023668289
-3.4e+38 -3.4e+38 -3.4e+38 -3.4e+38 0.103665001690388 0.35483306646347 0.259407520294189 0.188780084252357 0.101357489824295 0.069742739200592 0.0568316914141178 0.046333160251379 0.0431676618754864 0.0372731164097786 0.0326073281466961 0.0302313268184662 0.0224985014647245 0.0262849424034357 0.0349069572985172 0.0395971424877644 0.0387144200503826 0.0396798625588417 0.039949718862772 0.0287981275469065 0.0254175867885351 0.0258736684918404 0.0266151130199432 0.0363423302769661 0.034846268594265 0.0446604304015636 0.0376828126609325 0.0369757078588009 0.0321020893752575 0.0320834927260876 0.0338819399476051 0.0302406810224056 0.0319327227771282 0.035650447010994 0.035608597099781 0.0488684065639973 0.00801346357911825 0.00415901327505708 0.0063402964733541 0.0261067636311054 0.0220151040703058
-3.4e+38 -3.4e+38 -3.4e+38 -3.4e+38 0 0.470082968473434 0.30591881275177 0.217475011944771 0.0911702439188957 0.0555016919970512 0.0430723056197166 0.0484071709215641 0.0463996343314648 0.0319947190582752 0.0276634227484465 0.0319050513207912 0.0252331532537937 0.0326469540596008 0.0401246510446072 0.0402889102697372 0.0420507490634918 0.046723198145628 0.0367376729846001 0.0235667675733566 0.0242018308490515 0.0224278643727303 0.0318840444087982 0.039226159453392 0.0385576412081718 0.0350145846605301 0.0463832765817642 0.040775541216135 0.0383159220218658 0.0316691547632217 0.0353412739932537 0.029576176777482 0.0335833914577961 0.0336742177605629 0.0375496931374073 0.0480021424591541 0.0118303596973419 0.0148758990690112 0.00581208243966103 0.0246991813182831 0.0239272769540548
-3.4e+38 -3.4e+38 -3.4e+38 -3.4e+38 -3.4e+38 0.324955731630325 0.345525830984116 0.246711492538452 0.109908975660801 0.0645725056529045 0.046291571110487 0.0420637466013432 0.0395541377365589 0.0287120081484318 0.0310551896691322 0.0315612368285656 0.0302413497120142 0.0343159586191177 0.0377863869071007 0.0462076365947723 0.0438879914581776 0.0441099256277084 0.0347238481044769 0.023597463965416 0.0251039657741785 0.0269213300198317 0.0285455398261547 0.0331176780164242 0.0342290438711643 0.0443951934576035 0.04675268009305 0.0424905009567738 0.0386694520711899 0.0323524586856365 0.02403942681849 0.026981558650732 0.0331168994307518 0.0328326411545277 0.0332591570913792 0.0304850582033396 0.0275969263166189 0.0198326129466295 0.0114142308011651 0.0744569227099419 -3.4e+38
-3.4e+38 -3.4e+38 -3.4e+38 -3.4e+38 -3.4e+38 0.311752617359161 0.473061382770538 0.269485235214233 0.096528448164463 0.0915409922599792 0.0453469567000866 0.0335769727826118 0.0375520437955856 0.0368583686649799 0.0367140956223011 0.0321302711963654 0.0354416556656361 0.039080586284399 0.0370670147240162 0.0395224541425705 0.0430710390210152 0.0397279933094978 0.0313851535320282 0.0243924912065268 0.0281457174569368 0.0276189371943474 0.0304069817066193 0.0309267174452543 0.0314312800765038 0.0362708233296871 0.0404222644865513 0.0428555086255074 0.0332660004496574 0.0241945628076792 0.020504891872406 0.029917823150754 0.0355894044041634 0.0326508581638336 0.0421393178403378 0.0262712277472019 0.0220672693103552 0.0267123337835073 0.0316005498170853 0.0287626329809427 0.0308083556592464
-3.4e+38 -3.4e+38 -3.4e+38 -3.4e+38 -3.4e+38 0.481264859437943 0.442585974931717 0.273508757352829 0.075018085539341 0.0557478778064251 0.0385399721562862 0.0314382202923298 0.0350006185472012 0.0392893180251122 0.0409897975623608 0.0419069826602936 0.0349668674170971 0.0460974462330341 0.0395580381155014 0.0375440716743469 0.0335662961006165 0.0290911439806223 0.0347293987870216 0.0314714685082436 0.027893204241991 0.0267502199858427 0.0281368177384138 0.0360761843621731 0.041339784860611 0.0366724878549576 0.0386266708374023 0.039640486240387 0.0331096686422825 0.0350967086851597 0.0307382699102163 0.0501957535743713 0.047037348151207 0.0309770554304123 0.028413662686944 0.0269262008368969 0.0307178776711226 0.0293681267648935 0.0343393422663212 0.0340331383049488 0.0354280211031437
-3.4e+38 -3.4e+38 -3.4e+38 -3.4e+38 -3.4e+38 -3.4e+38 0.386197626590729 0.251482844352722 0.0795372352004051 0.047465194016695 0.0467142350971699 0.0248073134571314 0.0337420850992203 0.0390107817947865 0.0409054197371006 0.0424349680542946 0.039909441024065 0.0408219397068024 0.0408447198569775 0.0406188070774078 0.0367360897362232 0.0360095463693142 0.0363995134830475 0.0332773625850677 0.0299417581409216 0.0265740733593702 0.0238625910133123 0.027297742664814 0.0330479852855206 0.0375824831426144 0.0380775406956673 0.0386930294334888 0.0308714993298054 0.0340743474662304 0.0298029202967882 0.0362024903297424 0.0308534540235996 0.0234754383563995 0.0294925440102816 0.0279627256095409 0.0264320578426123 0.027569055557251 0.023450655862689 0.0298730432987213 0.0313211120665073
-3.4e+38 -3.4e+38 -3.4e+38 -3.4e+38 -3.4e+38 -3.4e+38 0.636969387531281 0.230200186371803 0.0902350768446922 0.0533833988010883 0.0394979752600193 0.036004688590765 0.0346965044736862 0.0362374112010002 0.0388213433325291 0.0379572547972202 0.0383201129734516 0.037362776696682 0.0369009636342525 0.0403449647128582 0.0461365655064583 0.0389503836631775 0.0405056364834309 0.0354614481329918 0.0296490993350744 0.0297384634613991 0.0263385344296694 0.0324013270437717 0.0455517247319221 0.0375090278685093 0.0331834703683853 0.0345520935952663 0.0346972048282623 0.0288297478109598 0.0124999275431037 0.0599735528230667 0.0369420945644379 0.0314871333539486 0.0297585055232048 0.0241786669939756 0.0210182853043079 0.0234419405460358 0.0187872182577848 0.0227459017187357 0.0308308321982622
-3.4e+38 -3.4e+38 -3.4e+38 -3.4e+38 -3.4e+38 -3.4e+38 0.394331455230713 0.144793838262558 0.0632084310054779 0.0425221361219883 0.0348104164004326 0.0292780064046383 0.036011591553688 0.0389879457652569 0.0426273494958878 0.0383080579340458 0.0389572530984879 0.0405080989003181 0.0332232043147087 0.0401262193918228 0.0418653637170792 0.0414402782917023 0.0369933396577835 0.0325725302100182 0.0254301317036152 0.0281138475984335 0.0317614264786243 0.036990225315094 0.0481144823133945 0.0349320769309998 0.0303669776767492 0.0294751562178135 0.0402659587562084 0.0451671630144119 0.0677305459976196 0.0587320737540722 0.037229098379612 0.0281770490109921 0.035749789327383 0.0255915652960539 0.0154758570715785 0.00990647822618484 0.0205233357846737 0.0329804457724094 0.0333727598190308
