Ecospace-environmental-drivers/Outputs/ASCII-for-ecospace/Cfl/Cfl_X2017.04.asc
NCOLS 131 
NROWS 53 
XLLCORNER -98 
YLLCORNER 23.9265270233154 
CELLSIZE 0.133587792515755 
NODATA_value -3.4e+38 
[rows 20 to 39 of 53, columns 0 to 43 of 131]
-3.4e+38 -3.4e+38 -3.4e+38 -3.4e+38 -3.4e+38 -3.4e+38 -3.4e+38 -3.4e+38 -3.4e+38 -3.4e+38 0.484661489725113 0.44071102142334 0.279831081628799 0.119209356606007 0.0793876871466637 0.0638211965560913 0.0657335743308067 0.0489021576941013 0.0391836054623127 0.035072073340416 0.025973754003644 0.0257414113730192 0.0238939039409161 0.0280983839184046 0.0126855745911598 0.0144930044189095 0.0147999236360192 0.0148948635905981 0.0172089897096157 0.0144851664081216 0.0146073969081044 0.00929143466055393 0.0129222311079502 0.00836614426225424 0.00702063320204616 0.00763428350910544 0.00995637103915215 0.0080623822286725 0.0058222352527082 0.00747579941526055 0.00935201067477465 0.0146943582221866 0.0136477239429951 0.010312844067812
-3.4e+38 -3.4e+38 -3.4e+38 -3.4e+38 -3.4e+38 -3.4e+38 -3.4e+38 -3.4e+38 -3.4e+38 0.399141669273376 0.324195981025696 0.173611268401146 0.0929183587431908 0.069290429353714 0.0639718994498253 0.0557808205485344 0.0494211986660957 0.0430978909134865 0.0306658614426851 0.0198940467089415 0.0200420971959829 0.0237110871821642 0.0163031220436096 0.0233386345207691 0.00793517008423805 0.00720260245725513 0.0076395976357162 0.00745570147410035 0.0115614058449864 0.0106789609417319 0.00864883791655302 0.00671777129173279 0.00690748821943998 0.0138106793165207 0.00801258720457554 0.0091837216168642 0.00566633231937885 0.00545410066843033 0.00628641899675131 0.0118398359045386 0.0109208514913917 0.0156141575425863 0.0130614321678877 0.0135135874152184
-3.4e+38 -3.4e+38 -3.4e+38 -3.4e+38 -3.4e+38 -3.4e+38 -3.4e+38 -3.4e+38 0.327421367168427 0.228156685829163 0.114239268004894 0.0527527295053005 0.0483649708330631 0.054672833532095 0.0503732152283192 0.0502841956913471 0.0411736108362675 0.0267162416130304 0.0165634453296661 0.0127553464844823 0.0123237166553736 0.00917352084070444 0.00763465836644173 0.0145145542919636 0.011488021351397 0.00777549901977181 0.00762388482689857 0.0101648857817054 0.0089053213596344 0.00996228959411383 0.00986407324671745 0.00561879761517048 0.00672067468985915 0.0071579166688025 0.00714580994099379 0.00832667294889688 0.00744195189327002 0.0072437240742147 0.0124004846438766 0.0173954982310534 0.0130258845165372 0.0139393713325262 0.0120285805314779 0.00871341768652201
-3.4e+38 -3.4e+38 -3.4e+38 -3.4e+38 -3.4e+38 -3.4e+38 -3.4e+38 0.309535592794418 0.233046963810921 0.136024698615074 0.0537550672888756 0.0218081455677748 0.0284504871815443 0.0285437442362309 0.0375574380159378 0.0389012731611729 0.0240315031260252 0.0151756592094898 0.0134240807965398 0.00782685726881027 0.0073729888536036 0.00889329984784126 0.0101254656910896 0.00956699624657631 0.0183805823326111 0.00490563735365868 0.00633627036586404 0.00441670790314674 0.0104631735011935 0.00694356206804514 0.0113327214494348 0.00929302535951138 0.00371465389616787 0.00615057395771146 0.00685832090675831 0.00681189214810729 0.00458757625892758 0.00988371856510639 0.0109149906784296 0.0143646253272891 0.0214890036731958 0.0213775038719177 0.0114182848483324 0.0053425058722496
-3.4e+38 -3.4e+38 -3.4e+38 -3.4e+38 -3.4e+38 -3.4e+38 0.178248196840286 0.192733600735664 0.116920843720436 0.0698237419128418 0.038046732544899 0.0136972675099969 0.0164266806095839 0.0247720237821341 0.0303705185651779 0.0288411546498537 0.0191281940788031 0.010657568462193 0.00705663440749049 0.00735469860956073 0.00813341233879328 0.0107755744829774 0.00929186120629311 0.0107429688796401 0.016869779676199 0.0072015724144876 0.00493068713694811 0.00333794928155839 0.00543647957965732 0.00451734522357583 0.00433648191392422 0.00506842555478215 0.00494605721905828 0.00439080037176609 0.00271684164181352 0.00334402755834162 0.00976011715829372 0.0125819817185402 0.0109953032806516 0.0100199105218053 0.0173076987266541 0.012236338108778 0.0136838955804706 0.00473257666453719
-3.4e+38 -3.4e+38 -3.4e+38 -3.4e+38 -3.4e+38 0.173863381147385 0.205793857574463 0.14441867172718 0.0697988569736481 0.0717786103487015 0.0405607596039772 0.0182426031678915 0.0139659242704511 0.0157791618257761 0.0149641670286655 0.0164234414696693 0.0166152827441692 0.00666195200756192 0.00607174262404442 0.00877476297318935 0.00951996259391308 0.00850523822009563 0.00725036067888141 0.00646420102566481 0.0156071726232767 0.013424351811409 0.0032742009498179 0.00574474781751633 0.00682865828275681 0.00409875204786658 0.00260771531611681 0.00284023047424853 0.00258719781413674 0.00251458212733269 0.00347393215633929 0.00327210826799273 0.0120552852749825 0.0133376959711313 0.0135907921940088 0.0305925142019987 0.0121378442272544 0.0150714572519064 0.0115639325231314 0.00576398568227887
-3.4e+38 -3.4e+38 -3.4e+38 -3.4e+38 -3.4e+38 0.283993571996689 0.250342756509781 0.0760132595896721 0.0517024584114552 0.0530505403876305 0.0238734167069197 0.00788670405745506 0.00740888947620988 0.00769986072555184 0.00673715863376856 0.00868196226656437 0.0131345195695758 0.00368749536573887 0.005772415548563 0.00858222413808107 0.0100680943578482 0.0124964760616422 0.0145004009827971 0.00563173787668347 0.00640038028359413 0.00647986168041825 0.00808581802994013 0.00478959130123258 0.00302033335901797 0.00286723137833178 0.00232802797108889 0.00205718027427793 0.00248429621569812 0.00433581368997693 0.00564090441912413 0.00546967890113592 0.00813502259552479 0.0121389189735055 0.0124065587297082 0.021340474486351 0.0152432434260845 0.00181564944796264 0.00614358764141798 0.00638681557029486
-3.4e+38 -3.4e+38 -3.4e+38 -3.4e+38 -3.4e+38 0.230006515979767 0.136851981282234 0.0412098653614521 0.0273985620588064 0.0257717855274677 0.0110964849591255 0.00548521382734179 0.0041606817394495 0.00551141239702702 0.00840870197862387 0.00940416194498539 0.013747226446867 0.00625655800104141 0.00607252586632967 0.00647355895489454 0.00866686273366213 0.00911517068743706 0.0123291732743382 0.00890756119042635 0.00883677694946527 0.00623134011402726 0.00437544519081712 0.00355503824539483 0.00428174156695604 0.0027138281147927 0.00228723860345781 0.00221818499267101 0.00293526565656066 0.00318602286279202 0.00399171188473701 0.00435287691652775 0.00598970055580139 0.0174166075885296 -3.4e+38 -3.5000000934815e-05 0.000490941281896085 0.000129251304315403 0.00505041982978582 0.00673388177528977
-339999999999999996128486808808066248288.000000000000000 -3.4e+38 -3.4e+38 -3.4e+38 0.245000943541527 0.243967294692993 0.112387433648109 0.0386553928256035 0.0140267880633473 0.0334524773061275 0.0130492588505149 0.00453608529642224 0.00930414814502001 0.00781908724457026 0.00835150014609098 0.008492112159729 0.00603524036705494 0.00827734172344208 0.00693942746147513 0.00712009984999895 0.00856389012187719 0.00567091349512339 0.00593519164249301 0.00675956252962351 0.00731347547844052 0.007595828268677 0.00947691220790148 0.00455824099481106 0.00156226882245392 0.00188936560880393 0.00155897997319698 0.00200520292855799 0.00157897593453526 0.00187853549141437 0.00263206148520112 0.00774397049099207 0.0105606410652399 0.00285407388582826 0.00348746427334845 0.00895721185952425 0.00272903637960553 0.0191491208970547 0.00538166519254446 0.00454716663807631
-3.4e+38 -3.4e+38 -3.4e+38 -3.4e+38 0.225928947329521 0.206494092941284 0.0857872292399406 0.0480572171509266 0.017320504412055 0.0209902077913284 0.0209008753299713 0.0153538957238197 0.00786162633448839 0.00544900819659233 0.00562956696376204 0.00474844872951508 0.00615425687283278 0.00469025922939181 0.0099432310089469 0.0232280045747757 0.0125727793201804 0.00581284053623676 0.00591413723304868 0.00671144621446729 0.00834675040096045 0.010486664250493 0.0076583931222558 0.00583191914483905 0.00205673137679696 0.00482367584481835 0.00287157902494073 0.00241182884201407 0.00154694344382733 0.00383436540141702 0.0068943384103477 0.00756382755935192 0.00448231305927038 0.000788501754868776 0.00304350606165826 0.013037184253335 0.00668272376060486 0.0134403333067894 0.00384517409838736 0.005961908493191
-3.4e+38 -3.4e+38 -3.4e+38 -3.4e+38 0.201434046030045 0.178522139787674 0.0814357027411461 0.0475372821092606 0.0396303050220013 0.0504674091935158 0.0437321625649929 0.0104437870904803 0.00603704247623682 0.00324035109952092 0.00462748995050788 0.00420709606260061 0.00519636273384094 0.00709093315526843 0.00623964564874768 0.00717245507985353 0.00846494268625975 0.00719286035746336 0.00601382134482265 0.00788654759526253 0.00760244997218251 0.00996497087180614 0.0115980263799429 0.00855572242289782 0.00284948945045471 0.00347193260677159 0.00182546640280634 0.00239475141279399 0.00833563320338726 0.00435660732910037 0.00584632717072964 0.0123787326738238 0.00323308235965669 0.00618313951417804 0.00709325773641467 0.00762096792459488 0.0208918265998363 0.01408716943115 0.00249170768074691 0.00510067772120237
-3.4e+38 -3.4e+38 -3.4e+38 -3.4e+38 -3.4e+38 0.170649990439415 0.082228422164917 0.0424283817410469 0.0312253087759018 0.0417923778295517 0.0292934253811836 0.0121424198150635 0.00699997460469604 0.00244954414665699 0.00236933818086982 0.00487515795975924 0.00383593211881816 0.0055507505312562 0.00640172744169831 0.00586900021880865 0.00659473659470677 0.00806520972400904 0.00680211558938026 0.0060007837601006 0.00599079951643944 0.00714269326999784 0.00938653107732534 0.00671687070280313 0.00305680744349957 0.00272274715825915 0.00267344410531223 0.00643989630043507 0.00796052534133196 0.00774678681045771 0.0110063450410962 0.00839578080922365 0.0131924143061042 0.00855056568980217 0.00703541655093431 0.00408724928274751 0.00442847702652216 0.0103953825309873 0.00605595717206597 0.00471239304170012
-3.4e+38 -3.4e+38 -3.4e+38 -3.4e+38 -3.4e+38 0.146324992179871 0.102674819529057 0.0505788773298264 0.0410729236900806 0.0321016497910023 0.0187965761870146 0.00607802765443921 0.00331971095874906 0.00143383035901934 0.00157700397539884 0.00363764772191644 0.00360057945363224 0.00414350163191557 0.0053169191814959 0.00628289300948381 0.00647252704948187 0.00732459174469113 0.00330229545943439 0.0044857207685709 0.0127832535654306 0.0108854724094272 0.0148343509063125 0.00914068333804607 0.00625490723177791 0.00700233969837427 0.00532527966424823 0.00582544412463903 0.00771611277014017 0.00845966674387455 0.00916553102433681 0.00566802499815822 0.00587778398767114 0.00289848586544394 0.00568253127858043 0.00204040063545108 0.00436828611418605 0.00724487099796534 0.00640045152977109 0.00670007616281509
-3.4e+38 -3.4e+38 -3.4e+38 -3.4e+38 -3.4e+38 0.15574049949646 0.145862370729446 0.0842065215110779 0.0461327210068703 0.0206967573612928 0.0204753633588552 0.00494473753497005 0.000703209720086306 0.00122466823086143 0.00618960568681359 0.00671559106558561 0.00426185224205256 0.00510635040700436 0.00506432913243771 0.00547299860045314 0.00980067905038595 0.0188648197799921 0.00594329601153731 0.00502774398773909 0.00438361149281263 0.0128112575039268 0.0127823334187269 0.00874802935868502 0.0152728352695704 0.00994181632995605 0.00624201353639364 0.00689534051343799 0.00524014187976718 0.00748469633981586 0.00506333541125059 0.00446191662922502 0.00177481700666249 0.00702049816027284 -3.5000000934815e-05 -3.5000000934815e-05 0.0112691577523947 0.00787578988820314 0.0070350356400013 0.00776735879480839
-3.4e+38 -3.4e+38 -3.4e+38 -3.4e+38 -3.4e+38 -3.4e+38 0.292857706546783 0.115299448370934 0.0405295267701149 0.0236863195896149 0.0236898213624954 0.0235688388347626 0.00644452078267932 0.000882523308973759 0.00392088713124394 0.00608253572136164 0.00360080320388079 0.00429906835779548 0.00369472289457917 0.00517918169498444 0.00760808633640409 0.0158740263432264 0.00942327734082937 0.00726226205006242 0.0034529787953943 0.00728891277685761 0.0138012189418077 0.00756957568228245 0.00861223042011261 0.00727037526667118 0.0053171687759459 0.00461271544918418 0.004010952077806 0.00666653923690319 0.00431393506005406 0.00206896080635488 0.000329365575453267 -3.4e+38 -3.4e+38 -3.4e+38 0.00852733943611383 0.00932413432747126 0.00805492419749498 0.00422008475288749
-3.4e+38 -3.4e+38 -3.4e+38 -3.4e+38 -3.4e+38 -3.4e+38 0.261358082294464 0.119142860174179 0.0261722095310688 0.000935845368076116 0.00548519939184189 0.00141563022043556 0.00532684614881873 0.00154760654550046 0.000568819872569293 0.00711029162630439 0.00788757856935263 0.00639452412724495 0.00556574482470751 0.0079340310767293 0.00974607653915882 0.0157398339360952 0.00710832374170423 0.00397345842793584 0.00175275641959161 0.00959014520049095 0.0196915902197361 0.00749667547643185 0.00474759144708514 0.00774568924680352 0.00500156451016665 0.0040535912849009 0.00582736264914274 0.00403910921886563 0.00224716472439468 0.00163960875943303 0.00948499981313944 -3.4e+38 -3.4e+38 -3.4e+38 0.0109195793047547 0.0107676610350609 0.00830983370542526 0.00623650196939707
-3.4e+38 -3.4e+38 -3.4e+38 -3.4e+38 -3.4e+38 -3.4e+38 -3.4e+38 0.112238369882107 0.0345939807593822 0.00401833653450012 0.000273929617833346 0.00043305748840794 0.000649613793939352 0.0022506641689688 0.000616783217992634 0.000475217297207564 0.00038160671829246 0.00794658157974482 0.00804528873413801 0.00889648124575615 0.0121568674221635 0.00849888753145933 0.00205296673811972 0.00405724253505468 0.0208659674972296 0.00943556893616915 0.00482129538431764 0.00481579452753067 0.00488553754985332 0.0055955545976758 0.00408269371837378 0.00483091687783599 0.00337154092267156 0.00298220035620034 0.000555821054149419 0.0248096324503422 -3.4e+38 -3.4e+38 -3.4e+38 -3.4e+38 0.0138465259224176 0.0094514163210988 0.0113708972930908 0.00856971275061369
-3.4e+38 -3.4e+38 -3.4e+38 -3.4e+38 -3.4e+38 -3.4e+38 -3.4e+38 0.15770611166954 0.0360530987381935 0.00222489889711142 0.000122070559882559 0.000150898486026563 0.00155041029211134 0.00250230776146054 0.00131031731143594 0.0029539973475039 0.0024872284848243 0.00544330757111311 0.00332563114352524 0.00158162775915116 0.00404587527737021 0.0047140633687377 0.00725116301327944 0.0113426465541124 0.00920601468533278 0.00399360852316022 0.00430260272696614 0.0069261989556253 0.0076724486425519 0.00680017517879605 0.00483331270515919 0.0020403484813869 0.000909632130060345 0.010496674105525 0.00999571196734905 0.0258050002157688 -3.4e+38 -3.4e+38 -3.4e+38 -3.4e+38 0.0105879381299019 0.0107764406129718 0.00976455956697464 0.0156133184209466
-3.4e+38 -3.4e+38 -3.4e+38 -3.4e+38 -3.4e+38 -3.4e+38 -3.4e+38 0.262365013360977 0.0657461360096931 0.01081114821136 0.00486007984727621 0.000785576237831265 0.0022041592746973 0.00176267814822495 -6.41741189610912e-06 -9.82017354544951e-06 9.25425047171302e-05 0.000112591274955776 0.00321998912841082 -3.4e+38 -3.4e+38 0.013810358941555 0.00790278799831867 0.00582436472177505 0.00192303617950529 0.00532308174297214 0.00417875591665506 0.00697803171351552 0.00775557942688465 0.00612260075286031 0.00318127498030663 0.00531197898089886 0.00450448086485267 0.00433544255793095 0.00864536035805941 0.00542450323700905 -3.4e+38 -3.4e+38 -3.4e+38 -3.4e+38 -3.4e+38 0.013151504099369 0.00819024443626404 0.00551222497597337
-3.4e+38 -3.4e+38 -3.4e+38 -3.4e+38 -3.4e+38 -3.4e+38 0.447647720575333 0.328349947929382 0.136001825332642 0.010517823509872 0.000911829876713455 0.00240553682669997 0.000399605225538835 1.83198626473313e-05 2.70505533990217e-05 0.000245949107920751 5.12191109010018e-05 0.000145059791975655 -2.87961647700286e-05 -3.5000000934815e-05 -3.5000000934815e-05 -3.4e+38 0.00421928009018302 0.00498942751437426 0.00412672711536288 0.00461153779178858 0.00965267699211836 0.00851017329841852 0.0083265108987689 0.00374614633619785 0.0106976740062237 0.00858120806515217 0.00636673532426357 0.0101962303742766 0.0107118552550673 0.0167406890541315 0.0105859143659472 0.0010792522225529 -3.5000000934815e-05 -3.4e+38 -3.4e+38 0.0102205779403448 0.00904299505054951 0.0064162309281528
