Ecospace-environmental-drivers/Outputs/ASCII-for-ecospace/Cfl/Cfl_X2011.11.asc
NCOLS 131 
NROWS 53 
XLLCORNER -98 
YLLCORNER 23.9265270233154 
CELLSIZE 0.133587792515755 
NODATA_value -3.4e+38 
[rows 20 to 39 of 53, columns 0 to 44 of 131]
-3.4e+38 -3.4e+38 -3.4e+38 -3.4e+38 -3.4e+38 -3.4e+38 -3.4e+38 -3.4e+38 0.416863262653351 0.400704503059387 0.342447847127914 0.333873838186264 0.27499920129776 0.229759201407433 0.220040068030357 0.203286603093147 0.192882403731346 0.185761004686356 0.174804255366325 0.169351473450661 0.16188508272171 0.15066759288311 0.133382022380829 0.125162541866302 0.110722601413727 0.129010066390038 0.130529537796974 0.139520466327667 0.126724287867546 0.129175633192062 0.132110878825188 0.133112818002701 0.112408071756363 0.0964678972959518 0.102740570902824 0.11071664839983 0.115760490298271 0.108489662408829 0.113066382706165 0.117417939007282 0.115077272057533 0.121852278709412 0.108836509287357 0.109350152313709 0.0940700173377991
-3.4e+38 -3.4e+38 -3.4e+38 -3.4e+38 -3.4e+38 -3.4e+38 0.667796015739441 0.357774764299393 0.319357365369797 0.345779299736023 0.3252934217453 0.291534513235092 0.235353291034698 0.19982086122036 0.190782591700554 0.186466738581657 0.179402440786362 0.169536650180817 0.173149690032005 0.17469410598278 0.169411793351173 0.149558931589127 0.133666649460793 0.128882467746735 0.111702837049961 0.11735662817955 0.116393253207207 0.119225144386292 0.131623506546021 0.139340743422508 0.127549022436142 0.107110634446144 0.0970403477549553 0.0840791240334511 0.0906636863946915 0.0954424142837524 0.0987056642770767 0.0987719818949699 0.0839030370116234 0.0857240557670593 0.0899854451417923 0.106298163533211 0.102635003626347 0.0964007452130318 0.0833347663283348
-3.4e+38 -3.4e+38 -3.4e+38 -3.4e+38 -3.4e+38 -3.4e+38 -3.4e+38 0.280781656503677 0.343567311763763 0.313077718019485 0.264316290616989 0.230609014630318 0.187959372997284 0.162112057209015 0.150663658976555 0.156029850244522 0.162809282541275 0.165082156658173 0.156049773097038 0.149454668164253 0.135112881660461 0.132292822003365 0.122635684907436 0.121467150747776 0.119601838290691 0.108486078679562 0.101896531879902 0.103627055883408 0.112079210579395 0.110110692679882 0.0859172344207764 0.0762910023331642 0.0821765214204788 0.0835939794778824 0.0717102661728859 0.0717991441488266 0.0699193626642227 0.0672288611531258 0.0686731934547424 0.0671850144863129 0.0686329454183578 0.0715597867965698 0.0707530751824379 0.0641008988022804 0.059298362582922
-3.4e+38 -3.4e+38 -3.4e+38 -3.4e+38 0.409439712762833 0.446453630924225 -3.4e+38 0.310988962650299 0.29675966501236 0.222339287400246 0.193920850753784 0.189552038908005 0.165788039565086 0.146527960896492 0.116315200924873 0.130806416273117 0.154709205031395 0.161357909440994 0.144279897212982 0.125918790698051 0.118718013167381 0.108628518879414 0.110903427004814 0.105306513607502 0.105605781078339 0.0985785946249962 0.0947550684213638 0.0847624242305756 0.0845954194664955 0.0853613093495369 0.0763284936547279 0.0733971148729324 0.0756620764732361 0.0712660774588585 0.0655345767736435 0.0689929127693176 0.061809029430151 0.0640467926859856 0.0675549507141113 0.0629520118236542 0.0585645511746407 0.059709757566452 0.0536566637456417 0.052008368074894 0.0435837581753731
-3.4e+38 -3.4e+38 -3.4e+38 -3.4e+38 -3.4e+38 0.448183476924896 0.330961316823959 0.299213200807571 0.223086878657341 0.176530763506889 0.156892836093903 0.142141774296761 0.134203493595123 0.111446551978588 0.0980656892061234 0.0970470979809761 0.0987916886806488 0.113213948905468 0.114461749792099 0.10614150762558 0.0966714769601822 0.0920215845108032 0.09471195936203 0.0984507724642754 0.0962138026952744 0.096064604818821 0.0857549384236336 0.0764850527048111 0.0778861492872238 0.0756421014666557 0.069668173789978 0.0692670196294785 0.0729887261986732 0.0693156570196152 0.0689384788274765 0.062882237136364 0.0644270852208138 0.0664351359009743 0.0633623227477074 0.0680183097720146 0.0574948340654373 0.0544186159968376 0.0505338720977306 0.0489412322640419 0.0449815057218075
-3.4e+38 -3.4e+38 -3.4e+38 -3.4e+38 -3.4e+38 0.326569139957428 0.343833774328232 0.247097671031952 0.189750924706459 0.154217720031738 0.113423578441143 0.100035563111305 0.100628077983856 0.101586684584618 0.0872684866189957 0.0750558152794838 0.0734694972634315 0.0808296501636505 0.0872412696480751 0.0889629796147346 0.0776771381497383 0.0756499171257019 0.0777759701013565 0.0874287113547325 0.0962939262390137 0.0903914645314217 0.0776528790593147 0.0647368729114532 0.0735558643937111 0.0822818800806999 0.0768059268593788 0.0782602429389954 0.0823967084288597 0.0739752873778343 0.0656029805541039 0.0589458309113979 0.0612029805779457 0.0567782707512379 0.0600537098944187 0.0623492635786533 0.0609719082713127 0.0531705617904663 0.046325508505106 0.0429886691272259 0.0434342324733734
-3.4e+38 -3.4e+38 -3.4e+38 -3.4e+38 -3.4e+38 0.324333101511002 0.272658169269562 0.212311536073685 0.149358704686165 0.115378551185131 0.093855693936348 0.0880584269762039 0.0884522274136543 0.0927209779620171 0.0869436711072922 0.0766817256808281 0.0703624710440636 0.0799646228551865 0.0877120494842529 0.0824014097452164 0.0753296166658401 0.0676337033510208 0.0512135289609432 0.0583216622471809 0.0758592858910561 0.0772862881422043 0.0670161321759224 0.0606539957225323 0.0666738525032997 0.0704938247799873 0.0807762667536736 0.0887718200683594 0.0814661011099815 0.0676157623529434 0.0608927868306637 0.0566986761987209 0.0532247088849545 0.0511289313435555 0.0511096008121967 0.0609953701496124 0.0571842789649963 0.0460279323160648 0.0477041341364384 0.0487994477152824 0.0555821657180786
-3.4e+38 -3.4e+38 -3.4e+38 -3.4e+38 -3.4e+38 0.282790452241898 0.235199257731438 0.175731688737869 0.123405389487743 0.0984101444482803 0.0924481377005577 0.0827153027057648 0.0786194130778313 0.0726447701454163 0.0679980888962746 0.0629660040140152 0.0541874393820763 0.0706770271062851 0.0817949175834656 0.0735717341303825 0.0785720944404602 0.062620535492897 0.0478896498680115 0.0494680739939213 0.0554310195147991 0.0622687190771103 0.0736367627978325 0.0831442326307297 0.0733299031853676 0.0669608116149902 0.0755334421992302 0.0742232948541641 0.0643193423748016 0.0522266402840614 0.0559734925627708 0.0524853058159351 0.0511568523943424 0.0562600567936897 0.0553188771009445 0.0613959059119225 0.0533585213124752 0.0431725345551968 0.0446858406066895 0.0588766150176525 0.0572647489607334
-339999999999999996128486808808066248288.000000000000000 -3.4e+38 -3.4e+38 -3.4e+38 0.276927918195724 0.250322788953781 0.196823298931122 0.158086955547333 0.106847636401653 0.0946331098675728 0.0886076167225838 0.0859329625964165 0.0781307592988014 0.0562830083072186 0.0494167283177376 0.052811473608017 0.0505651459097862 0.0521108917891979 0.0644073411822319 0.0725078359246254 0.0663828253746033 0.051849827170372 0.0488168857991695 0.0466539673507214 0.0489646829664707 0.057978730648756 0.0579480044543743 0.0755722224712372 0.0732484087347984 0.0685086995363235 0.0706763938069344 0.0656943693757057 0.0671170130372047 0.0596340857446194 0.0561114102602005 0.051855556666851 0.0555328838527203 0.063684456050396 0.0582611635327339 0.0493120215833187 0.0444678142666817 0.0444289110600948 0.0404033698141575 0.0423317886888981 0.057437289506197
-3.4e+38 -3.4e+38 -3.4e+38 -3.4e+38 0.290941745042801 0.24733604490757 0.194761916995049 0.16310578584671 0.110856518149376 0.0970015525817871 0.075581319630146 0.0694484785199165 0.0577320829033852 0.0473881624639034 0.0455715917050838 0.0452490523457527 0.0414629243314266 0.0407669618725777 0.0510578490793705 0.0609192177653313 0.0574149563908577 0.0504031218588352 0.0475310012698174 0.0460962727665901 0.0456649623811245 0.0492867492139339 0.0564039796590805 0.0695529207587242 0.0840312838554382 0.0814048498868942 0.0666337534785271 0.0810671597719193 0.0835586860775948 0.0789379775524139 0.0727419480681419 0.0572586953639984 0.0560715198516846 0.0571237429976463 0.0569419004023075 0.0535436570644379 0.0523538403213024 0.0505124069750309 0.0375386066734791 0.0352870747447014 0.043237429112196
-3.4e+38 -3.4e+38 -3.4e+38 -3.4e+38 0.332335889339447 0.269477128982544 0.177590653300285 0.154080599546432 0.108457185328007 0.0840884372591972 0.0707218274474144 0.0584980882704258 0.0541262961924076 0.0456292480230331 0.0382927171885967 0.0390077903866768 0.0470346175134182 0.0411545969545841 0.0445470064878464 0.0542412251234055 0.0532037131488323 0.0489627085626125 0.0485000647604465 0.0461272001266479 0.0463014766573906 0.0486010871827602 0.0525833554565907 0.0636450052261353 0.0784782618284225 0.0761719346046448 0.0729760229587555 0.0720512717962265 0.0797456577420235 0.0745523646473885 0.0755796954035759 0.068934366106987 0.0663915574550629 0.0670402199029922 0.0685318261384964 0.0647938251495361 0.0510161444544792 0.0421421267092228 0.0398648455739021 0.0358993113040924 0.0370856709778309
-3.4e+38 -3.4e+38 -3.4e+38 -3.4e+38 -3.4e+38 0.279071658849716 0.219697296619415 0.184591367840767 0.152904406189919 0.104089803993702 0.0835144147276878 0.0607749223709106 0.0536008737981319 0.0403199344873428 0.0352785736322403 0.0366661064326763 0.0404644794762135 0.041450496762991 0.0421994775533676 0.0533124208450317 0.0508815608918667 0.0487475469708443 0.0482707396149635 0.0468176379799843 0.0474949143826962 0.0487259365618229 0.0508302673697472 0.0570577308535576 0.0604988560080528 0.0669045522809029 0.0710118412971497 0.0778897777199745 0.0726248919963837 0.0811666399240494 0.091314472258091 0.0845746621489525 0.0751261636614799 0.0806290283799171 0.0681270435452461 0.055524718016386 0.0523406900465488 0.0558548904955387 0.0482711978256702 0.0390879511833191 0.0353551208972931
-3.4e+38 -3.4e+38 -3.4e+38 -3.4e+38 -3.4e+38 0.26784873008728 0.21723598241806 0.195241779088974 0.160827055573463 0.122322283685207 0.0780295729637146 0.0629433691501617 0.0571818649768829 0.0390486605465412 0.0408442988991737 0.0407557711005211 0.0397685095667839 0.046181496232748 0.0502652637660503 0.0499830953776836 0.0535327903926373 0.0501878634095192 0.0526173003017902 0.0500249750912189 0.0505066141486168 0.0472973138093948 0.0517476797103882 0.0474272705614567 0.0493986271321774 0.052870225161314 0.0712812170386314 0.101845860481262 0.0922352150082588 0.0818326845765114 0.0951734259724617 0.0946012958884239 0.0834415033459663 0.0797257050871849 0.0614235103130341 0.0732442960143089 0.0728208050131798 0.0552691295742989 0.048481747508049 0.0380509458482265 0.0417272225022316
-3.4e+38 -3.4e+38 -3.4e+38 -3.4e+38 -3.4e+38 0.257857799530029 0.202970385551453 0.187855258584023 0.152140453457832 0.132372215390205 0.100029572844505 0.0807870998978615 0.0615584328770638 0.0442437417805195 0.0449745915830135 0.0461925491690636 0.0451890826225281 0.0451252236962318 0.0465838685631752 0.0492730215191841 0.0543910376727581 0.0507296323776245 0.0563131235539913 0.0511118844151497 0.0490348003804684 0.0515144467353821 0.0501733347773552 0.0478156916797161 0.0482286475598812 0.0497448109090328 0.0598634853959084 0.0754141211509705 0.0858825147151947 0.0853514149785042 0.0923266559839249 0.0892352610826492 0.0700055882334709 0.0732765644788742 0.080363005399704 0.0877041667699814 0.0822544246912003 0.0771195739507675 0.0558018237352371 0.046683955937624 0.0536132790148258
-3.4e+38 -3.4e+38 -3.4e+38 -3.4e+38 -3.4e+38 0.233586609363556 0.209810614585876 0.205838933587074 0.181984782218933 0.156897723674774 0.124808646738529 0.0969742387533188 0.0762123763561249 0.0643361136317253 0.0580031648278236 0.0596682950854301 0.0475682951509953 0.0470286458730698 0.0463947430253029 0.0486022010445595 0.0475816465914249 0.052051167935133 0.0569068044424057 0.0521407872438431 0.0482945814728737 0.048071313649416 0.0469915010035038 0.0528975985944271 0.052978727966547 0.0558424927294254 0.0605680830776691 0.053703811019659 0.0607953146100044 0.0617424882948399 0.0750900581479073 0.0686286985874176 0.0596323385834694 0.0787551999092102 0.0877568796277046 0.091873973608017 0.0742782652378082 0.067118838429451 0.0674935206770897 0.0555859915912151 0.0578517094254494
-3.4e+38 -3.4e+38 -3.4e+38 -3.4e+38 -3.4e+38 0.230629086494446 0.23761260509491 0.190593689680099 0.170700401067734 0.147196069359779 0.128584995865822 0.0907096341252327 0.0757380202412605 0.0668006911873817 0.0480651035904884 0.0453565716743469 0.042106069624424 0.0466075539588928 0.0557355843484402 0.05507692694664 0.0463207811117172 0.048549335449934 0.0466493144631386 0.0434159599244595 0.043016605079174 0.0449371226131916 0.0557802692055702 0.0546990372240543 0.0542145632207394 0.050238125026226 0.0433316864073277 0.0494840852916241 0.051705826073885 0.0590502917766571 0.0699578896164894 0.0610877797007561 0.0523378998041153 0.064653106033802 0.0725173279643059 0.0768734663724899 0.0728185772895813 0.0848303884267807 0.0857366621494293 0.0720109343528748 0.0550989061594009
-3.4e+38 -3.4e+38 -3.4e+38 -3.4e+38 -3.4e+38 0.16928631067276 0.241218596696854 0.174647256731987 0.16194561123848 0.151806637644768 0.117922216653824 0.0855000242590904 0.10017142444849 0.0941964387893677 0.0637162923812866 0.0496746152639389 0.0546000972390175 0.0560506843030453 0.048573799431324 0.0406803451478481 0.037504680454731 0.0363497771322727 0.040615189820528 0.0409164130687714 0.0417105816304684 0.0420505218207836 0.0470623522996902 0.049390722066164 0.0464479476213455 0.0436587855219841 0.0425058491528034 0.0475455112755299 0.0570047535002232 0.0507428906857967 0.0557890795171261 0.0527683794498444 0.0424234382808208 0.0492453575134277 0.0526204444468021 0.0555297508835793 0.0541980639100075 0.0702767893671989 0.0701237320899963 0.0712995156645775 0.0533511936664581
-3.4e+38 -3.4e+38 -3.4e+38 -3.4e+38 -3.4e+38 -3.4e+38 0.239051535725594 0.159521207213402 0.154718682169914 0.120037712156773 0.0936528146266937 0.0831295847892761 0.0840724632143974 0.060997299849987 0.0478341020643711 0.0508705750107765 0.0523074716329575 0.0462560281157494 0.037894282490015 0.0382687412202358 0.0422738157212734 0.0382640548050404 0.0413771942257881 0.041291132569313 0.0387108139693737 0.0414191968739033 0.0501668006181717 0.0466343648731709 0.0428131744265556 0.0459119975566864 0.048219196498394 0.0437719076871872 0.0496370419859886 0.0536065734922886 0.0500179566442966 0.0431285090744495 0.0451151058077812 0.0461524873971939 0.0490889362990856 0.0497952587902546 0.0557935386896133 0.0524019487202168 0.0489934757351875 0.0577188469469547 0.0675339922308922
-3.4e+38 -3.4e+38 -3.4e+38 -3.4e+38 -3.4e+38 -3.4e+38 0.312134385108948 0.191265091300011 0.120765618979931 0.0653029829263687 0.0782767832279205 0.0676862373948097 0.0554720610380173 0.053541511297226 0.0489466041326523 0.0467809662222862 0.0376355312764645 0.0374681577086449 0.0368952564895153 0.0371807478368282 0.0420331470668316 0.0560950338840485 0.0495826713740826 0.0428451485931873 0.0406998954713345 0.0387935154139996 0.0393578931689262 0.0369360335171223 0.037590928375721 0.0391618721187115 0.0354894436895847 0.0383705608546734 0.0408706180751324 0.0399644896388054 0.0421288907527924 0.0538333281874657 0.0457999669015408 0.0463108606636524 0.0551866628229618 0.0474196262657642 0.0465835444629192 0.0424089208245277 0.0463136956095695 0.0488258749246597 0.0629240944981575
-3.4e+38 -3.4e+38 -3.4e+38 -3.4e+38 -3.4e+38 -3.4e+38 0.287846863269806 0.154351562261581 0.0732138529419899 0.07387575507164 0.0715248212218285 0.0563784651458263 0.0510127022862434 0.0464173443615437 0.0393674224615097 0.0351677015423775 0.0399066917598248 0.0374447032809258 0.033971406519413 0.0481057576835155 0.0576261095702648 0.0449516363441944 0.0481214113533497 0.0384157039225101 0.0405656732618809 0.0415292903780937 0.0392745845019817 0.0472722128033638 0.0391122438013554 0.0333117842674255 0.0410633496940136 0.0414784885942936 0.0373716577887535 0.0436346344649792 0.0430361591279507 0.0432376265525818 0.0425179488956928 0.0423834696412086 0.0412577688694 0.0449315942823887 0.048941258341074 0.0521607398986816 0.0435651130974293 0.0427552759647369 0.0489041619002819
