Ecospace-environmental-drivers/Outputs/ASCII-for-ecospace/Cfl/Cfl_X2021.07.asc
NCOLS 131 
NROWS 53 
XLLCORNER -98 
YLLCORNER 23.9265270233154 
CELLSIZE 0.133587792515755 
NODATA_value -3.4e+38 
[rows 20 to 39 of 53, columns 0 to 44 of 131]
-3.4e+38 -3.4e+38 -3.4e+38 -3.4e+38 -3.4e+38 -3.4e+38 -3.4e+38 -3.4e+38 -3.4e+38 15.1419715881348 8.51559638977051 7.82642841339111 4.79490900039673 3.20976686477661 2.73300766944885 1.89803338050842 2.73115873336792 2.06012463569641 1.21400392055511 1.21782553195953 1.09876263141632 0.921380817890167 0.881058394908905 0.88849812746048 0.801065921783447 1.03989911079407 1.02349150180817 0.904223382472992 1.0522608757019 0.703260838985443 0.635337948799133 0.535317063331604 0.276332020759583 0.226924583315849 0.323128014802933 0.596988201141357 0.638538062572479 0.566841006278992 0.331725895404816 0.246765866875648 0.299018025398254 0.315639704465866 0.416842192411423 0.386497169733047 0.175652891397476
-3.4e+38 -3.4e+38 -3.4e+38 -3.4e+38 -3.4e+38 -3.4e+38 -3.4e+38 -3.4e+38 10.3614549636841 8.00502967834473 4.86095714569092 2.70235061645508 2.2741687297821 2.02684950828552 1.72837316989899 1.44134223461151 2.22318768501282 1.53770768642426 0.803971111774445 0.762925922870636 0.734579086303711 0.725210726261139 0.735061705112457 0.817167460918427 0.85591596364975 1.15516817569733 1.02079463005066 0.728776693344116 0.487960338592529 0.479886919260025 0.377423167228699 0.356255769729614 0.269537210464478 0.195426866412163 0.252350687980652 0.313497930765152 0.395121306180954 0.399318784475327 0.137685418128967 0.166539251804352 0.166867911815643 0.175570279359818 0.164607658982277 0.17411732673645 0.150371119379997
-3.4e+38 -3.4e+38 -3.4e+38 -3.4e+38 -3.4e+38 -3.4e+38 -3.4e+38 -3.4e+38 6.69212818145752 4.1777606010437 2.70929718017578 1.48621654510498 0.92944997549057 0.85411936044693 1.00369369983673 0.846744775772095 0.884349405765533 1.09062695503235 0.714338421821594 0.69297182559967 0.752842724323273 0.766169488430023 0.661562323570251 0.577703237533569 0.610458731651306 0.814099431037903 0.741831243038177 0.535411417484283 0.340039908885956 0.247297450900078 0.277557730674744 0.248190060257912 0.20849147439003 0.180711850523949 0.206528514623642 0.214186370372772 0.200597614049911 0.206584572792053 0.165937229990959 0.188415944576263 0.174661099910736 0.193365156650543 0.149825066328049 0.142756789922714 0.156164258718491
-3.4e+38 -3.4e+38 -3.4e+38 -3.4e+38 7.95504474639893 7.95420551300049 8.43634796142578 5.13775253295898 1.82547092437744 1.92045021057129 1.82826495170593 0.982713222503662 0.778648614883423 0.755218029022217 1.03097558021545 0.643750965595245 0.584322154521942 0.46266496181488 0.629890203475952 0.713401615619659 0.715697288513184 0.640310883522034 0.655253052711487 0.473922044038773 0.37330824136734 0.442100465297699 0.226192519068718 0.25316971540451 0.34389391541481 0.30168429017067 0.256253510713577 0.183272212743759 0.162484228610992 0.153521105647087 0.151076212525368 0.174878165125847 0.180362865328789 0.159815609455109 0.139021590352058 0.149804964661598 0.150104820728302 0.146343588829041 0.148319229483604 0.143816098570824 0.145279169082642
-3.4e+38 -3.4e+38 -3.4e+38 -3.4e+38 -3.4e+38 11.5491743087769 4.84068584442139 3.21922326087952 1.58795404434204 1.46172702312469 1.08059501647949 0.647875487804413 0.652201294898987 0.775552451610565 0.625219881534576 0.430592954158783 0.413557797670364 0.375999212265015 0.527123928070068 0.681224942207336 0.651138842105865 0.561851680278778 0.594884634017944 0.343860894441605 0.227573931217194 0.24864736199379 0.192929625511169 0.407313019037247 0.352355152368546 0.17516565322876 0.19068518280983 0.179561331868172 0.163206651806831 0.151983395218849 0.14996974170208 0.158160477876663 0.172525465488434 0.155813306570053 0.15393540263176 0.157141923904419 0.148256674408913 0.130246937274933 0.12751929461956 0.13245689868927 0.150861397385597
-3.4e+38 -3.4e+38 -3.4e+38 -3.4e+38 -3.4e+38 4.73996925354004 4.06038045883179 1.66599810123444 1.6174281835556 0.964462101459503 0.668051242828369 0.385407507419586 0.392453819513321 0.508502900600433 0.393732100725174 0.328940510749817 0.366182386875153 0.370134264230728 0.476964920759201 0.577041506767273 0.642039358615875 0.686962902545929 0.609551072120667 0.37177774310112 0.214193359017372 0.190203428268433 0.207496851682663 0.351309090852737 0.24448299407959 0.160330250859261 0.177407220005989 0.184758260846138 0.16386766731739 0.159204572439194 0.160071089863777 0.161049276590347 0.161392003297806 0.166863143444061 0.158571526408195 0.157301649451256 0.140979334712029 0.121781587600708 0.120583951473236 0.124937072396278 0.141244456171989
-3.4e+38 -3.4e+38 -3.4e+38 -3.4e+38 -3.4e+38 6.70999622344971 2.36590456962585 1.31855261325836 0.728941082954407 0.50299870967865 0.37151375412941 0.298626452684402 0.292482644319534 0.29999116063118 0.276742875576019 0.276829212903976 0.296767860651016 0.302417427301407 0.517390549182892 0.751746118068695 0.683908939361572 0.654513001441956 0.289623856544495 0.160138517618179 0.155842959880829 0.185804173350334 0.187700897455215 0.179124906659126 0.16388638317585 0.167257502675056 0.171362936496735 0.171214252710342 0.162118017673492 0.180197298526764 0.184475630521774 0.187635779380798 0.190460801124573 0.150712564587593 0.161140754818916 0.169297575950623 0.153450474143028 0.126788452267647 0.138444304466248 0.138892829418182 0.126552686095238
-3.4e+38 -3.4e+38 -3.4e+38 -3.4e+38 -3.4e+38 4.24494695663452 1.58848142623901 0.997354209423065 0.606458425521851 0.397241711616516 0.308392465114594 0.270034611225128 0.271410942077637 0.293722480535507 0.284944087266922 0.293253988027573 0.307614952325821 0.319210976362228 0.438746213912964 0.616171717643738 0.701151251792908 0.386557161808014 0.196221545338631 0.161622285842896 0.162172839045525 0.201454639434814 0.188238859176636 0.164794281125069 0.152630910277367 0.152861624956131 0.156604111194611 0.152989029884338 0.168265104293823 0.173066049814224 0.183081150054932 0.185045331716537 0.123980551958084 0.124364152550697 0.128959700465202 0.148077994585037 0.139415875077248 0.156162112951279 0.197084620594978 0.166772589087486 0.12244788557291
-339999999999999996128486808808066248288.000000000000000 -3.4e+38 -3.4e+38 -3.4e+38 4.07314968109131 3.81637787818909 1.42083370685577 0.977022409439087 0.495749175548553 0.409729659557343 0.328884273767471 0.29465839266777 0.278164803981781 0.290653109550476 0.321438729763031 0.313049465417862 0.33811017870903 0.387325465679169 0.446077138185501 0.358930379152298 0.310552299022675 0.21599118411541 0.168361976742744 0.165966734290123 0.172153368592262 0.168828144669533 0.157831966876984 0.150574043393135 0.143369227647781 0.154566690325737 0.153083458542824 0.148944735527039 0.149191990494728 0.149681001901627 0.18974694609642 0.179437816143036 0.208063721656799 0.159899324178696 0.110016740858555 0.118439584970474 0.129326686263084 0.122183635830879 0.221120864152908 0.167861744761467 0.112953998148441
-3.4e+38 -3.4e+38 -3.4e+38 -3.4e+38 5.35892200469971 3.19890713691711 0.936614453792572 0.807714819908142 0.454098671674728 0.443188041448593 0.304087907075882 0.292113691568375 0.272209733724594 0.300050973892212 0.303094744682312 0.311195373535156 0.369987547397614 0.381354063749313 0.360724359750748 0.290711104869843 0.221509858965874 0.181517139077187 0.154703095555305 0.150160744786263 0.14615686237812 0.156238108873367 0.158449098467827 0.154313668608665 0.158207103610039 0.154708042740822 0.143993377685547 0.141000315546989 0.163603350520134 0.15161620080471 0.13088695704937 0.13611975312233 0.125312805175781 0.111520849168301 0.109299510717392 0.122948706150055 0.144572600722313 0.156467080116272 0.205751165747643 0.179429844021797 0.141367539763451
-3.4e+38 -3.4e+38 -3.4e+38 -3.4e+38 2.52221965789795 2.02180790901184 0.933032155036926 0.547961711883545 0.385150551795959 0.329460263252258 0.318818420171738 0.285762459039688 0.281038880348206 0.284029871225357 0.259262591600418 0.292383819818497 0.350409328937531 0.35064172744751 0.297424912452698 0.204073011875153 0.201267719268799 0.179668709635735 0.148474141955376 0.152825057506561 0.156303957104683 0.159348890185356 0.154977023601532 0.157894179224968 0.159538015723228 0.15148364007473 0.153587803244591 0.146479383111 0.130258783698082 0.125605389475822 0.164973199367523 0.189340963959694 0.102612316608429 0.103575594723225 0.109622612595558 0.107687160372734 0.122147887945175 0.173776730895042 0.191509455442429 0.177316233515739 0.150380522012711
-3.4e+38 -3.4e+38 -3.4e+38 -3.4e+38 -3.4e+38 2.6061155796051 0.86171680688858 0.453097999095917 0.332557588815689 0.325954705476761 0.294168889522552 0.263405829668045 0.238038465380669 0.283301502466202 0.244151473045349 0.251255869865417 0.250869363546371 0.292612493038177 0.194602653384209 0.167370289564133 0.202818959951401 0.179907575249672 0.16627462208271 0.162323713302612 0.173914209008217 0.171117767691612 0.163477584719658 0.163424924015999 0.146626681089401 0.141685843467712 0.135782584547997 0.138785094022751 0.124952726066113 0.149542450904846 0.125417396426201 0.121801480650902 0.114549919962883 0.128986895084381 0.111897900700569 0.110408924520016 0.103574492037296 0.141509741544724 0.152940943837166 0.1554124802351 0.138195648789406
-3.4e+38 -3.4e+38 -3.4e+38 -3.4e+38 -3.4e+38 2.82779335975647 0.996520757675171 0.43433803319931 0.340808898210526 0.309992700815201 0.317586839199066 0.257724702358246 0.260959595441818 0.233344987034798 0.231397271156311 0.231691360473633 0.229737803339958 0.210300117731094 0.176433026790619 0.170281812548637 0.176465630531311 0.184868931770325 0.167162373661995 0.159178882837296 0.159314930438995 0.168366149067879 0.172187358140945 0.170108556747437 0.164462119340897 0.15748131275177 0.141188159584999 0.131631568074226 0.117583848536015 0.115945540368557 0.137141525745392 0.114449791610241 0.116252399981022 0.125496730208397 0.110551074147224 0.107586741447449 0.139918982982635 0.204716086387634 0.181816533207893 0.139722406864166 0.116077870130539
-3.4e+38 -3.4e+38 -3.4e+38 -3.4e+38 -3.4e+38 1.6497106552124 0.988227307796478 0.434742361307144 0.311217486858368 0.258950889110565 0.299482345581055 0.27818974852562 0.27793949842453 0.195534721016884 0.190719574689865 0.198976129293442 0.195312485098839 0.166068881750107 0.177502602338791 0.185558959841728 0.170673608779907 0.163622513413429 0.161007940769196 0.161695182323456 0.162356331944466 0.155468344688416 0.154978945851326 0.176407098770142 0.186542138457298 0.172880694270134 0.152525380253792 0.135119289159775 0.110500372946262 0.104718036949635 0.113874152302742 0.12294003367424 0.12895479798317 0.131328925490379 0.115321226418018 0.11330309510231 0.148847803473473 0.127533867955208 0.12396165728569 0.117473967373371 0.118899554014206
-3.4e+38 -3.4e+38 -3.4e+38 -3.4e+38 -3.4e+38 1.75500226020813 1.41633641719818 0.69795548915863 0.369141548871994 0.286031484603882 0.273918151855469 0.269599348306656 0.282118141651154 0.289410501718521 0.199697434902191 0.195677995681763 0.176729932427406 0.164137333631516 0.169109255075455 0.173291027545929 0.175535798072815 0.161628752946854 0.166221380233765 0.168454051017761 0.165903329849243 0.164523601531982 0.168577775359154 0.170161366462708 0.198325902223587 0.2200877815485 0.159029573202133 0.141482532024384 0.113368712365627 0.104747302830219 0.121902339160442 0.170605182647705 0.143470108509064 0.123694680631161 0.123896345496178 0.118740893900394 0.118782535195351 0.111895762383938 0.104497916996479 0.111020401120186 0.114053010940552
-3.4e+38 -3.4e+38 -3.4e+38 -3.4e+38 -3.4e+38 1.82197797298431 1.71881973743439 0.831488609313965 0.398480862379074 0.256989181041718 0.23379385471344 0.239392533898354 0.241319805383682 0.207156509160995 0.19133061170578 0.18271079659462 0.165417522192001 0.163873970508575 0.146791487932205 0.161170288920403 0.171516239643097 0.174332782626152 0.173119723796844 0.167227610945702 0.168413758277893 0.169394850730896 0.168727695941925 0.174012094736099 0.179598659276962 0.166365221142769 0.166693970561028 0.140702322125435 0.127093851566315 0.118467181921005 0.130934938788414 0.134429335594177 0.122366093099117 0.130508944392204 0.118591196835041 0.111985988914967 0.113911025226116 0.100011579692364 0.0965848192572594 0.102686136960983 0.10941930860281
-3.4e+38 -3.4e+38 -3.4e+38 -3.4e+38 -3.4e+38 -3.4e+38 1.9096999168396 1.00404465198517 0.353866159915924 0.249575436115265 0.199961736798286 0.193138763308525 0.184150338172913 0.196583405137062 0.179013684391975 0.185651361942291 0.196369543671608 0.168024152517319 0.156533598899841 0.166672348976135 0.180502846837044 0.173666849732399 0.17351308465004 0.169389396905899 0.168892800807953 0.1579869389534 0.184740588068962 0.191723898053169 0.156674787402153 0.17152564227581 0.142919257283211 0.123321287333965 0.115775167942047 0.115129061043262 0.116900816559792 0.131095319986343 0.148891001939774 0.143290057778358 0.135509058833122 0.128785267472267 0.105236247181892 0.0957759842276573 0.0966870337724686 0.0990270897746086 0.100716024637222
-3.4e+38 -3.4e+38 -3.4e+38 -3.4e+38 -3.4e+38 -3.4e+38 2.48885178565979 1.0954213142395 0.321354359388351 0.248276501893997 0.205768883228302 0.200791418552399 0.190031200647354 0.169307515025139 0.185955509543419 0.194091603159904 0.215170189738274 0.206668302416801 0.172772333025932 0.173246189951897 0.189068779349327 0.195719227194786 0.178111016750336 0.168478280305862 0.173793643712997 0.172219648957253 0.183410719037056 0.180386483669281 0.157113254070282 0.152412816882133 0.150132656097412 0.133843675255775 0.123089306056499 0.113579146564007 0.124442681670189 0.12492161244154 0.114246681332588 0.115613400936127 0.114449247717857 0.108984403312206 0.108086422085762 0.104872830212116 0.0977166965603828 0.0951211899518967 0.0904416888952255
-3.4e+38 -3.4e+38 -3.4e+38 -3.4e+38 -3.4e+38 -3.4e+38 2.18505549430847 0.848833084106445 0.304307758808136 0.217509970068932 0.190273270010948 0.184263780713081 0.181385487318039 0.178471282124519 0.179121494293213 0.18219918012619 0.177362650632858 0.190105050802231 0.193317756056786 0.196397095918655 0.216744616627693 0.220315679907799 0.18684983253479 0.170357957482338 0.178778991103172 0.17788890004158 0.179950803518295 0.183813527226448 0.162685692310333 0.154144018888474 0.149516105651855 0.121535129845142 0.114747986197472 0.112804874777794 0.125640705227852 0.126223593950272 0.122053094208241 0.141132608056068 0.132694229483604 0.116534262895584 0.113064043223858 0.109761379659176 0.0999357029795647 0.093160904943943 0.0884968191385269
-3.4e+38 -3.4e+38 -3.4e+38 -3.4e+38 -3.4e+38 -3.4e+38 1.76540124416351 0.672976434230804 0.221399798989296 0.187093004584312 0.189742013812065 0.169237419962883 0.170354709029198 0.166294291615486 0.164530873298645 0.161584362387657 0.161008089780807 0.161537855863571 0.181238979101181 0.180704861879349 0.180946916341782 0.176413238048553 0.170126050710678 0.178087785840034 0.176627442240715 0.17227341234684 0.173010602593422 0.164266675710678 0.154519245028496 0.142324447631836 0.13320280611515 0.110909402370453 0.10669219493866 0.108087882399559 0.110103204846382 0.101763427257538 0.102399259805679 0.121266320347786 0.110256187617779 0.102193631231785 0.107382752001286 0.105782553553581 0.112438209354877 0.0986051335930824 0.0983147025108337
