Ecospace-environmental-drivers/Outputs/ASCII-for-ecospace/Cfl/Cfl_X2020.08.asc
NCOLS 131 
NROWS 53 
XLLCORNER -98 
YLLCORNER 23.9265270233154 
CELLSIZE 0.133587792515755 
NODATA_value -3.4e+38 
[rows 20 to 39 of 53, columns 0 to 44 of 131]
-3.4e+38 -3.4e+38 -3.4e+38 -3.4e+38 -3.4e+38 -3.4e+38 -3.4e+38 -3.4e+38 -3.4e+38 11.97780418396 10.6496829986572 3.95539379119873 1.87348401546478 0.815716922283173 0.604695320129395 0.5305415391922 0.460585922002792 0.399728894233704 0.313906282186508 0.275696575641632 0.259925067424774 0.24506051838398 0.248436093330383 0.272969037294388 0.272641211748123 0.246735453605652 0.219309225678444 0.179377600550652 0.185275018215179 0.198511362075806 0.219714045524597 0.254898935556412 0.261857032775879 0.267182052135468 0.293339163064957 0.331661850214005 0.391261547803879 0.34315299987793 0.304590821266174 0.394352912902832 0.378355145454407 0.321492820978165 0.332972556352615 0.37246036529541 0.365238428115845
-3.4e+38 -3.4e+38 -3.4e+38 -3.4e+38 -3.4e+38 -3.4e+38 -3.4e+38 -3.4e+38 -3.4e+38 4.29095554351807 2.78406953811646 1.12976145744324 0.583337664604187 0.386458396911621 0.318404227495193 0.330636203289032 0.344655364751816 0.307307511568069 0.244228661060333 0.211941406130791 0.219686523079872 0.185279592871666 0.17328068614006 0.165724977850914 0.154506802558899 0.168101698160172 0.179044902324677 0.15333180129528 0.160764828324318 0.158810123801231 0.16151325404644 0.172331213951111 0.166475459933281 0.162299707531929 0.157802879810333 0.184377431869507 0.249521404504776 0.282618224620819 0.277637034654617 0.265600800514221 0.24747022986412 0.232616201043129 0.24176137149334 0.235691949725151 0.285297363996506
-3.4e+38 -3.4e+38 -3.4e+38 -3.4e+38 -3.4e+38 -3.4e+38 -3.4e+38 -3.4e+38 2.57027077674866 1.34919357299805 0.799702346324921 0.428670614957809 0.323413223028183 0.30076202750206 0.288154274225235 0.271064013242722 0.240012735128403 0.205338984727859 0.165889263153076 0.157207354903221 0.163665562868118 0.155165255069733 0.136164635419846 0.136664003133774 0.143910467624664 0.146192237734795 0.158139809966087 0.158490747213364 0.151581838726997 0.14951391518116 0.148222148418427 0.143711134791374 0.140652820467949 0.137357339262962 0.136431306600571 0.131985664367676 0.12509161233902 0.151874616742134 0.147003024816513 0.150101259350777 0.172289147973061 0.170789077877998 0.16263073682785 0.157105937600136 0.191479414701462
-3.4e+38 -3.4e+38 -3.4e+38 -3.4e+38 -3.4e+38 8.81087589263916 -3.4e+38 2.50093150138855 1.18521595001221 0.6898233294487 0.5254026055336 0.331523001194 0.287169635295868 0.293444633483887 0.280410557985306 0.222503334283829 0.170865103602409 0.176731765270233 0.163629144430161 0.162836387753487 0.171774119138718 0.173948496580124 0.144390285015106 0.147740796208382 0.138342827558517 0.138070702552795 0.144526422023773 0.133352041244507 0.142609387636185 0.15648640692234 0.152511686086655 0.137594893574715 0.143339157104492 0.141902670264244 0.133770734071732 0.13113084435463 0.130313858389854 0.12698994576931 0.13194315135479 0.133964613080025 0.142358064651489 0.150778949260712 0.12238859385252 0.131007134914398 0.158392906188965
-3.4e+38 -3.4e+38 -3.4e+38 -3.4e+38 -3.4e+38 10.0254602432251 2.9194655418396 1.41523969173431 0.604022443294525 0.471831798553467 0.366091370582581 0.313288927078247 0.300211220979691 0.292793810367584 0.194387063384056 0.153510227799416 0.147375032305717 0.139659315347672 0.132164686918259 0.146612390875816 0.169301882386208 0.161886289715767 0.153652742505074 0.120639242231846 0.125791788101196 0.175917431712151 0.0979554653167725 0.0982839167118073 0.117593504488468 0.144785195589066 0.144542619585991 0.161379963159561 0.165059462189674 0.141150251030922 0.132551282644272 0.122971057891846 0.14437210559845 0.144817098975182 0.129687622189522 0.133525148034096 0.129695102572441 0.124861001968384 0.114615850150585 0.118096075952053 0.13212476670742
-3.4e+38 -3.4e+38 -3.4e+38 -3.4e+38 -3.4e+38 1.30209624767303 1.36880588531494 0.707122087478638 0.463845998048782 0.325313240289688 0.304893434047699 0.273135423660278 0.267075717449188 0.256243914365768 0.152132704854012 0.142005398869514 0.141808807849884 0.128965198993683 0.121185958385468 0.108852073550224 0.109827317297459 0.0927773490548134 0.0952790230512619 0.0951458215713501 0.0903459638357162 0.0884339511394501 0.0851102992892265 0.0877026841044426 0.100951641798019 0.119523487985134 0.119366958737373 0.142284765839577 0.145683035254478 0.14254429936409 0.129984930157661 0.122098237276077 0.137356922030449 0.146451681852341 0.141426771879196 0.124771140515804 0.114272177219391 0.11423384398222 0.119555875658989 0.128029510378838 0.120379880070686
-3.4e+38 -3.4e+38 -3.4e+38 -3.4e+38 -3.4e+38 1.12893164157867 1.13144910335541 0.60372394323349 0.432033181190491 0.297179192304611 0.225162371993065 0.180669412016869 0.130538403987885 0.131112068891525 0.128908663988113 0.12033199518919 0.113105282187462 0.106069847941399 0.105130568146706 0.0992676764726639 0.0925881415605545 0.0877472013235092 0.0914934128522873 0.0918950438499451 0.0943541750311852 0.0908665582537651 0.0898361727595329 0.0933949276804924 0.0958804562687874 0.101268745958805 0.107831731438637 0.109731949865818 0.129652947187424 0.139377579092979 0.140059649944305 0.138223737478256 0.143115669488907 0.139032691717148 0.126499906182289 0.111114025115967 0.113135494291782 0.117536999285221 0.117403648793697 0.129172772169113 0.120836801826954
-3.4e+38 -3.4e+38 -3.4e+38 -3.4e+38 -3.4e+38 1.26527464389801 0.827203571796417 0.403336733579636 0.330103576183319 0.246836110949516 0.205469101667404 0.128373518586159 0.132121250033379 0.130798622965813 0.125979885458946 0.114772319793701 0.108641646802425 0.103669263422489 0.095243863761425 0.0940085425972939 0.0924726277589798 0.0929452180862427 0.0909874215722084 0.0894936099648476 0.0907949954271317 0.0908777862787247 0.088816836476326 0.0939544066786766 0.0869470611214638 0.0889924168586731 0.101508371531963 0.10037487000227 0.103292092680931 0.117030248045921 0.132055431604385 0.141422122716904 0.149805575609207 0.125277146697044 0.110793858766556 0.107620127499104 0.10640662163496 0.112981870770454 0.112086243927479 0.111752152442932 0.116608984768391
-339999999999999996128486808808066248288.000000000000000 -3.4e+38 -3.4e+38 -3.4e+38 2.03386759757996 1.27606427669525 0.537424325942993 0.276844799518585 0.224377512931824 0.18320994079113 0.149795606732368 0.120968542993069 0.135083392262459 0.134615138173103 0.135154664516449 0.123661197721958 0.103306204080582 0.0973090305924416 0.103141918778419 0.0961650311946869 0.0960974097251892 0.0939275771379471 0.0938864648342133 0.0907365530729294 0.0902204364538193 0.0923735797405243 0.0894720777869225 0.0876375064253807 0.0889737159013748 0.0887834802269936 0.0957514643669128 0.0952885001897812 0.0953495278954506 0.101796336472034 0.118721358478069 0.132310971617699 0.139745265245438 0.113635882735252 0.112753286957741 0.108147978782654 0.104623541235924 0.102712161839008 0.10797093808651 0.108604587614536 0.112683363258839
-3.4e+38 -3.4e+38 -3.4e+38 -3.4e+38 1.76770925521851 1.11951851844788 0.363380461931229 0.218764781951904 0.188399851322174 0.15502093732357 0.136844709515572 0.12771500647068 0.149827599525452 0.14409527182579 0.140695095062256 0.12351593375206 0.101766541600227 0.0994339883327484 0.100295446813107 0.0954315885901451 0.0970117971301079 0.0961877554655075 0.0931658148765564 0.0935913622379303 0.0916173085570335 0.0918223559856415 0.088419497013092 0.0874305441975594 0.0931682661175728 0.103624001145363 0.101702183485031 0.0914697051048279 0.0939590558409691 0.107849389314651 0.109881289303303 0.113757379353046 0.122998908162117 0.116240322589874 0.106080465018749 0.102987259626389 0.102939374744892 0.10601682215929 0.10810387134552 0.107437916100025 0.105369135737419
-3.4e+38 -3.4e+38 -3.4e+38 -3.4e+38 1.22176647186279 0.95382285118103 0.308737754821777 0.248059645295143 0.195569291710854 0.145482540130615 0.135385811328888 0.134843841195107 0.126862421631813 0.135563552379608 0.129685759544373 0.10894201695919 0.103847213089466 0.101957954466343 0.0999147668480873 0.0984697863459587 0.0968886241316795 0.0925910696387291 0.0867714062333107 0.0870165228843689 0.0873347893357277 0.0885925590991974 0.0891454145312309 0.0885937884449959 0.0902680233120918 0.0889063626527786 0.0934220403432846 0.102626286447048 0.0948955118656158 0.103518530726433 0.10265801846981 0.107995048165321 0.112658858299255 0.108405016362667 0.0993395373225212 0.102215275168419 0.103333480656147 0.102690860629082 0.106248438358307 0.108336731791496 0.108673512935638
-3.4e+38 -3.4e+38 -3.4e+38 -3.4e+38 -3.4e+38 1.22025430202484 0.430145710706711 0.272138714790344 0.180352047085762 0.15035118162632 0.135864898562431 0.141076400876045 0.121747903525829 0.147354438900948 0.139043211936951 0.109679654240608 0.100726649165154 0.09963758289814 0.101067006587982 0.102802276611328 0.0930897668004036 0.0836980640888214 0.0822413563728333 0.0838455259799957 0.0852629840373993 0.0854784771800041 0.0867140516638756 0.0900793448090553 0.0920554995536804 0.0982420593500137 0.103147476911545 0.12147456407547 0.0989810973405838 0.0944858193397522 0.105506561696529 0.104763142764568 0.106926575303078 0.104929655790329 0.108880139887333 0.105100035667419 0.100355692207813 0.104458369314671 0.10767974704504 0.106163740158081 0.106888085603714
-3.4e+38 -3.4e+38 -3.4e+38 -3.4e+38 -3.4e+38 1.21780061721802 0.519577503204346 0.211628243327141 0.154263064265251 0.156258538365364 0.151734560728073 0.136519193649292 0.117364391684532 0.126949474215508 0.126670777797699 0.105229340493679 0.0987689644098282 0.0994927436113358 0.106788903474808 0.0987593978643417 0.0892659202218056 0.077942281961441 0.0867981091141701 0.0895014479756355 0.0899089053273201 0.0912259444594383 0.0962061658501625 0.0943645387887955 0.101752437651157 0.10878649353981 0.100995466113091 0.0879044830799103 0.0913060978055 0.0969909057021141 0.105334460735321 0.0949279218912125 0.0979517698287964 0.108868815004826 0.112754806876183 0.105154670774937 0.105999633669853 0.101643137633801 0.100406289100647 0.102068610489368 0.0988819226622581
-3.4e+38 -3.4e+38 -3.4e+38 -3.4e+38 -3.4e+38 0.916487991809845 0.718467950820923 0.28470304608345 0.174770519137383 0.170426964759827 0.16603422164917 0.145838215947151 0.113855004310608 0.117698945105076 0.127261966466904 0.103285416960716 0.103910475969315 0.100105457007885 0.103733114898205 0.099605605006218 0.0893275737762451 0.0870568603277206 0.091130793094635 0.0980123057961464 0.110839396715164 0.103481881320477 0.100507311522961 0.111969687044621 0.104552417993546 0.0947429686784744 0.0940438583493233 0.0979797691106796 0.110678650438786 0.117446899414062 0.112371109426022 0.102620109915733 0.101439736783504 0.104883551597595 0.107771255075932 0.105268679559231 0.108762204647064 0.110820643603802 0.108602121472359 0.116200812160969 0.100625939667225
-3.4e+38 -3.4e+38 -3.4e+38 -3.4e+38 -3.4e+38 1.10750079154968 0.892269611358643 0.388905078172684 0.232640132308006 0.210234463214874 0.190679550170898 0.129316344857216 0.0980381593108177 0.112283058464527 0.116699852049351 0.103835426270962 0.109614960849285 0.116195991635323 0.11868891119957 0.107168778777122 0.094851478934288 0.0928132757544518 0.0929126814007759 0.10286308825016 0.11386576294899 0.117578409612179 0.117507643997669 0.109782375395298 0.105676084756851 0.112722381949425 0.114084847271442 0.122272841632366 0.129660904407501 0.125421121716499 0.129314929246902 0.115950681269169 0.111129604279995 0.115949675440788 0.121324889361858 0.116178750991821 0.109834454953671 0.11496389657259 0.120949603617191 0.113288067281246 0.105424709618092
-3.4e+38 -3.4e+38 -3.4e+38 -3.4e+38 -3.4e+38 1.95893323421478 1.38143026828766 0.4196457862854 0.263434141874313 0.256018877029419 0.185494542121887 0.114369213581085 0.0942918881773949 0.133541196584702 0.123546168208122 0.100970774888992 0.103918291628361 0.112012878060341 0.115070499479771 0.106023065745831 0.095311664044857 0.0912620946764946 0.096984937787056 0.107217565178871 0.11416170746088 0.119068093597889 0.111073672771454 0.115792289376259 0.11832532286644 0.123849339783192 0.123059205710888 0.130180299282074 0.130006909370422 0.122096821665764 0.133679538965225 0.126664116978645 0.118187002837658 0.119295328855515 0.128589153289795 0.113889411091805 0.105508252978325 0.118054881691933 0.110605791211128 0.104177609086037 0.106938578188419
-3.4e+38 -3.4e+38 -3.4e+38 -3.4e+38 -3.4e+38 -3.4e+38 1.01169121265411 0.478735148906708 0.252139568328857 0.240677252411842 0.147533103823662 0.107065841555595 0.0965348854660988 0.12550987303257 0.114372737705708 0.0970745831727982 0.0965475663542747 0.101395919919014 0.103133842349052 0.102103963494301 0.0987400561571121 0.0973143726587296 0.100227408111095 0.10584856569767 0.128418400883675 0.10673975944519 0.105173714458942 0.113242864608765 0.131230339407921 0.127373144030571 0.11777887493372 0.133609294891357 0.124485656619072 0.121796630322933 0.135615184903145 0.125364780426025 0.122105717658997 0.121116735041142 0.109912998974323 0.12063480168581 0.123356357216835 0.125040218234062 0.106361426413059 0.0997169986367226 0.0968294367194176
-3.4e+38 -3.4e+38 -3.4e+38 -3.4e+38 -3.4e+38 -3.4e+38 0.761446237564087 0.523458123207092 0.259569317102432 0.175643682479858 0.121564298868179 0.10358639061451 0.0927537903189659 0.12780998647213 0.108910098671913 0.0888169556856155 0.0932706072926521 0.0964061096310616 0.0988311991095543 0.101000092923641 0.0963675454258919 0.101878806948662 0.106394909322262 0.110827915370464 0.114410102367401 0.0993888229131699 0.102597750723362 0.121565125882626 0.128561064600945 0.125850602984428 0.119898043572903 0.121631048619747 0.118511341512203 0.118829607963562 0.116864956915379 0.113983437418938 0.114460632205009 0.116484098136425 0.103987127542496 0.113872841000557 0.120399944484234 0.118116982281208 0.125476449728012 0.117490157485008 0.0975646525621414
-3.4e+38 -3.4e+38 -3.4e+38 -3.4e+38 -3.4e+38 -3.4e+38 0.804780066013336 0.488157153129578 0.2398452013731 0.151750668883324 0.0999552384018898 0.100052163004875 0.0938386246562004 0.103795170783997 0.0984685868024826 0.0879568606615067 0.0871925055980682 0.0941941738128662 0.0977381095290184 0.101970955729485 0.103920020163059 0.105042681097984 0.110883675515652 0.111049689352512 0.11290168017149 0.116713620722294 0.119181826710701 0.124159574508667 0.129596412181854 0.127639025449753 0.122789405286312 0.117558524012566 0.116210229694843 0.113232262432575 0.106697574257851 0.103059850633144 0.110201478004456 0.117174878716469 0.10847270488739 0.101466678082943 0.120528824627399 0.120246693491936 0.133809193968773 0.119034186005592 0.0936681851744652
-3.4e+38 -3.4e+38 -3.4e+38 -3.4e+38 -3.4e+38 -3.4e+38 0.764467775821686 0.376482009887695 0.207369163632393 0.146174922585487 0.106945186853409 0.100624762475491 0.0953799039125443 0.0972724035382271 0.097584456205368 0.0864433422684669 0.0837023928761482 0.0858711078763008 0.0944840312004089 0.106212146580219 0.116664923727512 0.109060414135456 0.111249767243862 0.111533269286156 0.112785346806049 0.11129230260849 0.115527495741844 0.125970080494881 0.138341084122658 0.149111464619637 0.13515992462635 0.118067607283592 0.11277199536562 0.11291416734457 0.111881650984287 0.106697089970112 0.110602453351021 0.120043054223061 0.113943107426167 0.113362237811089 0.119979478418827 0.129329800605774 0.109657756984234 0.105549171566963 0.103968791663647
