Ecospace-environmental-drivers/Outputs/ASCII-for-ecospace/Cfl/Cfl_X2015.02.asc
NCOLS 131 
NROWS 53 
XLLCORNER -98 
YLLCORNER 23.9265270233154 
CELLSIZE 0.133587792515755 
NODATA_value -3.4e+38 
[rows 0 to 19 of 53, columns 45 to 89 of 131]
-3.4e+38 -3.4e+38 -3.4e+38 -3.4e+38 -3.4e+38 -3.4e+38 -3.4e+38 -3.4e+38 -3.4e+38 -3.4e+38 -3.4e+38 -3.4e+38 -3.4e+38 -3.4e+38 -3.4e+38 -3.4e+38 -3.4e+38 -3.4e+38 -3.4e+38 -3.4e+38 -3.4e+38 -3.4e+38 -3.4e+38 -3.4e+38 -3.4e+38 -3.4e+38 -3.4e+38 -3.4e+38 -3.4e+38 -3.4e+38 -3.4e+38 -3.4e+38 -3.4e+38 -3.4e+38 -3.4e+38 -3.4e+38 -3.4e+38 -3.4e+38 -3.4e+38 -3.4e+38 -3.4e+38 -3.4e+38 -3.4e+38 -3.4e+38 -3.4e+38
-3.4e+38 -3.4e+38 -3.4e+38 -3.4e+38 -3.4e+38 -3.4e+38 -3.4e+38 -3.4e+38 -3.4e+38 -3.4e+38 -3.4e+38 -3.4e+38 -3.4e+38 -3.4e+38 -3.4e+38 -3.4e+38 -3.4e+38 -3.4e+38 -3.4e+38 -3.4e+38 -3.4e+38 -3.4e+38 -3.4e+38 -3.4e+38 -3.4e+38 -3.4e+38 -3.4e+38 -3.4e+38 -3.4e+38 -3.4e+38 -3.4e+38 -3.4e+38 -3.4e+38 -3.4e+38 -3.4e+38 -3.4e+38 -3.4e+38 -3.4e+38 -3.4e+38 -3.4e+38 -3.4e+38 -3.4e+38 -3.4e+38 -3.4e+38 -3.4e+38
-3.4e+38 -3.4e+38 -3.4e+38 -3.4e+38 -3.4e+38 -3.4e+38 -3.4e+38 -3.4e+38 -3.4e+38 -3.4e+38 -3.4e+38 -3.4e+38 -3.4e+38 -3.4e+38 -3.4e+38 -3.4e+38 -3.4e+38 -3.4e+38 -3.4e+38 -3.4e+38 -3.4e+38 -3.4e+38 -3.4e+38 -3.4e+38 -3.4e+38 -3.4e+38 -3.4e+38 -3.4e+38 -3.4e+38 -3.4e+38 -3.4e+38 -3.4e+38 -3.4e+38 -3.4e+38 -3.4e+38 -3.4e+38 -3.4e+38 -3.4e+38 -3.4e+38 -3.4e+38 -3.4e+38 -3.4e+38 -3.4e+38 -3.4e+38 -3.4e+38
-3.4e+38 -3.4e+38 -3.4e+38 -3.4e+38 -3.4e+38 -3.4e+38 -3.4e+38 -3.4e+38 -3.4e+38 -3.4e+38 -3.4e+38 -3.4e+38 -3.4e+38 -3.4e+38 -3.4e+38 -3.4e+38 -3.4e+38 -3.4e+38 -3.4e+38 -3.4e+38 -3.4e+38 -3.4e+38 -3.4e+38 -3.4e+38 -3.4e+38 -3.4e+38 -3.4e+38 -3.4e+38 -3.4e+38 0.374725729227066 0.251937240362167 -3.4e+38 -3.4e+38 -3.4e+38 -3.4e+38 -3.4e+38 0.190579324960709 0.137796223163605 -3.4e+38 -3.4e+38 -3.4e+38 -3.4e+38 0.131157830357552 -3.4e+38 -3.4e+38
-3.4e+38 -3.4e+38 -3.4e+38 -3.4e+38 -3.4e+38 -3.4e+38 -3.4e+38 -3.4e+38 -3.4e+38 -3.4e+38 -3.4e+38 -3.4e+38 -3.4e+38 0.23999947309494 -3.4e+38 -3.4e+38 -3.4e+38 -3.4e+38 -3.4e+38 -3.4e+38 -3.4e+38 0.0838382840156555 0.101269714534283 0.193773955106735 0.170304462313652 -3.4e+38 -3.4e+38 0.198037967085838 0.259558767080307 0.310751855373383 0.196668326854706 0.128910005092621 -3.4e+38 -3.4e+38 -3.4e+38 -3.4e+38 0.179176360368729 0.0789382755756378 0.051267821341753 0.0444804802536964 0.04530980437994 0.0537665635347366 0.0523280762135983 -3.4e+38 -3.4e+38
-3.4e+38 -3.4e+38 -3.4e+38 -3.4e+38 -3.4e+38 -3.4e+38 -3.4e+38 -3.4e+38 -3.4e+38 -3.4e+38 -3.4e+38 1.0134528875351 0.441332876682281 0.359013855457306 0.216723993420601 0.209772631525993 0.394144296646118 0.367631286382675 0.387126117944717 0.305030554533005 0.217575818300247 0.24703086912632 0.246650323271751 0.213890567421913 0.219717353582382 0.23717238008976 0.214167430996895 0.237352192401886 0.271041631698608 0.330956727266312 0.197866916656494 0.114789709448814 0.0713318139314651 0.0639210864901543 0.0671170204877853 0.0728902220726013 0.0525783635675907 0.0565986447036266 0.0631679072976112 0.0625236481428146 0.0476221740245819 0.0462484769523144 0.0394188612699509 0.0315472632646561 0.0108471922576427
-3.4e+38 -3.4e+38 -3.4e+38 -3.4e+38 -3.4e+38 -3.4e+38 -3.4e+38 -3.4e+38 -3.4e+38 -3.4e+38 -3.4e+38 1.29229748249054 0.576198577880859 0.605012595653534 0.369738012552261 0.358646392822266 0.288827776908875 0.344520658254623 0.368521392345428 0.301428228616714 0.288981258869171 0.265192419290543 0.282056093215942 0.22684246301651 0.163482204079628 0.163835987448692 0.162648677825928 0.175259217619896 0.19462513923645 0.245647519826889 0.138801202178001 0.0720315799117088 0.0567355640232563 0.0555865615606308 0.0585904307663441 0.0721370503306389 0.0836903899908066 0.103858023881912 0.106428615748882 0.116947121918201 0.0910608768463135 0.0643968805670738 0.0610894672572613 0.0485866293311119 0.0411805734038353
-3.4e+38 -3.4e+38 -3.4e+38 -3.4e+38 -3.4e+38 -3.4e+38 -3.4e+38 -3.4e+38 -3.4e+38 -3.4e+38 -3.4e+38 -3.4e+38 0.733302474021912 0.631594955921173 0.563348233699799 0.37821027636528 0.390409767627716 0.437189549207687 0.313522607088089 0.247702434659004 0.330927014350891 0.357798635959625 0.342664778232574 0.246777340769768 0.152757957577705 0.135661438107491 0.114102229475975 0.109397172927856 0.128851622343063 0.145498901605606 0.101775288581848 0.0766207873821259 0.0700020790100098 0.0822551697492599 0.089308463037014 0.0992108657956123 0.119628131389618 0.107454739511013 0.103194497525692 0.108272947371006 0.117687478661537 0.11049097776413 0.101511865854263 0.082980677485466 0.0668444260954857
-3.4e+38 -3.4e+38 -3.4e+38 -3.4e+38 -3.4e+38 -3.4e+38 -3.4e+38 -3.4e+38 -3.4e+38 -3.4e+38 -3.4e+38 -3.4e+38 -3.4e+38 -3.4e+38 -3.4e+38 -3.4e+38 -3.4e+38 0.357355326414108 -3.4e+38 0.319053828716278 0.42900025844574 0.391139686107635 0.333826214075089 0.282665878534317 0.200521856546402 0.203967943787575 0.158811613917351 0.110327161848545 0.0949977934360504 0.0920616760849953 0.0846074521541595 0.0757250487804413 0.0866139978170395 0.12304862588644 0.123474456369877 0.114762991666794 0.106661394238472 0.0986911281943321 0.0991338714957237 0.0974741950631142 0.113190613687038 0.113003045320511 0.108945026993752 0.103770539164543 0.103908896446228
0.000344095315085724 -3.5000000934815e-05 -3.4e+38 -3.4e+38 -3.4e+38 -3.4e+38 -3.4e+38 -3.4e+38 -3.4e+38 -3.4e+38 -3.4e+38 -3.4e+38 -3.4e+38 1.02225995063782 -3.4e+38 -3.4e+38 -3.4e+38 0.206854999065399 0.21219402551651 0.41120046377182 0.472484737634659 0.373077720403671 0.319531261920929 0.285328209400177 0.217229753732681 0.214638143777847 0.151520252227783 0.135184466838837 0.104061432182789 0.0860318765044212 0.0883940234780312 0.102602124214172 0.103434979915619 0.111703284084797 0.110122300684452 0.109525762498379 0.103141970932484 0.0990260764956474 0.0932359918951988 0.102770045399666 0.111625671386719 0.114326111972332 0.118002712726593 0.121037818491459 0.121799133718014
0.00734754279255867 -3.4e+38 1.35061502456665 -3.4e+38 -3.4e+38 -3.4e+38 -3.4e+38 -3.4e+38 -3.4e+38 -3.4e+38 -3.4e+38 -3.4e+38 -3.4e+38 -3.4e+38 -3.4e+38 -3.4e+38 -3.4e+38 0.214257791638374 0.33988481760025 0.560362994670868 0.490522474050522 0.356438338756561 0.360094219446182 0.218459382653236 0.210469201207161 0.183910697698593 0.15874020755291 0.131409958004951 0.106003433465958 0.108083121478558 0.136948198080063 0.137285277247429 0.125801965594292 0.122669816017151 0.112238548696041 0.110545165836811 0.0995230749249458 0.0958078876137733 0.0942542478442192 0.106309823691845 0.110562540590763 0.112342201173306 0.117329776287079 0.12099552154541 0.11532174050808
0.171122223138809 0.244268164038658 0.443426758050919 0.651784658432007 1.33753848075867 -3.4e+38 -3.4e+38 -3.4e+38 -3.4e+38 -3.4e+38 -3.4e+38 -3.4e+38 -3.4e+38 -3.4e+38 0.0674550011754036 0.11462763696909 0.145952492952347 -3.4e+38 0.491733640432358 0.498741000890732 0.456347316503525 0.383995205163956 0.261316955089569 0.202747851610184 0.218680366873741 0.192966818809509 0.178530380129814 0.117523804306984 0.11183825135231 0.122047513723373 0.125823646783829 0.131105050444603 0.126176387071609 0.118594117462635 0.105834946036339 0.104113310575485 0.104036308825016 0.0993874445557594 0.100045375525951 0.102490954101086 0.103423714637756 0.11540249735117 0.113367363810539 0.115186661481857 0.115929000079632
0.328895211219788 0.324504017829895 0.329195916652679 0.540071308612823 0.80451887845993 0.982350885868073 -3.4e+38 -3.4e+38 -3.4e+38 -3.4e+38 0.345726430416107 0.28420290350914 0.166320204734802 -3.4e+38 0.138631671667099 0.275551646947861 0.324463903903961 0.311074048280716 0.26135066151619 0.304435133934021 0.438459694385529 0.42192205786705 0.279013067483902 0.238240405917168 0.217852920293808 0.153338134288788 0.146334320306778 0.124707102775574 0.1235121935606 0.123789258301258 0.117429539561272 0.111231356859207 0.100710541009903 0.0917326733469963 0.0977426618337631 0.10108607262373 0.0932963043451309 0.0918924286961555 0.0950929895043373 0.0970505475997925 0.104269862174988 0.106287553906441 0.100764386355877 0.102616012096405 0.0999633818864822
0.375171780586243 0.438773274421692 0.369621127843857 0.358155310153961 0.385751843452454 0.301482200622559 0.24433371424675 0.300515681505203 0.175995409488678 0.272761404514313 0.371756881475449 0.361577093601227 0.305337756872177 0.180824056267738 0.352134108543396 0.464166522026062 0.373857289552689 0.368638396263123 0.42422154545784 0.612052083015442 -3.4e+38 0.531884133815765 0.421037912368774 0.338396370410919 0.263365119695663 0.188734039664268 0.12639345228672 0.120758019387722 0.12262500077486 0.115831144154072 0.112622454762459 0.0994964465498924 0.0892975926399231 0.088798813521862 0.0920758992433548 0.0908348187804222 0.0905681774020195 0.0924050137400627 0.085021048784256 0.0889823436737061 0.103170447051525 0.0934058055281639 0.091281846165657 0.0911312848329544 0.0969459190964699
0.329811811447144 0.329255044460297 0.32593309879303 0.331278264522552 0.328131318092346 0.29874461889267 0.287659376859665 0.322078496217728 0.289836645126343 0.398815363645554 0.465361416339874 0.456046015024185 0.427026271820068 0.421785891056061 0.408026576042175 0.419236183166504 0.435537368059158 0.392381757497787 0.431880116462708 0.539831697940826 0.784179627895355 0.470105648040771 0.476502299308777 0.379511415958405 0.255876749753952 0.167818546295166 0.105945155024529 0.105538405478001 0.106390781700611 0.102739319205284 0.102572672069073 0.0966924652457237 0.0905771255493164 0.0828878059983253 0.0850509852170944 0.0929272845387459 0.0939182341098785 0.0925257802009583 0.0830423384904861 0.0865025892853737 0.094920352101326 0.0936322435736656 0.0954989865422249 0.0956698432564735 0.0961070135235786
0.28838986158371 0.285532146692276 0.295273751020432 0.289031028747559 0.300549685955048 0.306634545326233 0.304845422506332 0.328206658363342 0.344036787748337 0.346811771392822 0.364031791687012 0.349534958600998 0.349128723144531 0.389770984649658 0.460538297891617 0.495291262865067 0.475917518138885 0.458627730607986 0.504659414291382 0.544048190116882 0.507929742336273 0.486131638288498 0.370931178331375 0.277857780456543 0.138912722468376 0.0920387953519821 0.0933009088039398 0.10046412050724 0.0974297970533371 0.0935588628053665 0.100911341607571 0.101098909974098 0.0969933047890663 0.0914510414004326 0.0801352560520172 0.0848533064126968 0.0822710022330284 0.0896281972527504 0.0860844925045967 0.0918549969792366 0.0929171144962311 0.0855783298611641 0.0869562923908234 0.0970771014690399 0.0927396863698959
0.201614141464233 0.218480005860329 0.235716685652733 0.2614706158638 0.296198844909668 0.307836025953293 0.301597505807877 0.304859280586243 0.295557826757431 0.275320738554001 0.27860963344574 0.276588827371597 0.312941074371338 0.357556223869324 0.398336678743362 0.42892387509346 0.463467925786972 0.465256571769714 0.45631867647171 0.39149808883667 0.325700372457504 0.258628129959106 0.220534309744835 0.164562046527863 0.0961550995707512 0.0870717614889145 0.0906921252608299 0.092806801199913 0.0834733173251152 0.078705295920372 0.0827212482690811 0.088366374373436 0.0865901187062263 0.0836002379655838 0.076098270714283 0.0869639441370964 0.074651762843132 0.082872062921524 0.0876830816268921 0.0921338051557541 0.0847771093249321 0.0841218680143356 0.0855187326669693 0.0924935638904572 0.0935322716832161
0.139000058174133 0.167105197906494 0.197592750191689 0.238370642066002 0.280370980501175 0.297418743371964 0.298994392156601 0.306434482336044 0.271774470806122 0.244610860943794 0.234494715929031 0.217718705534935 0.219927400350571 0.23693722486496 0.194011807441711 0.153448045253754 0.177383095026016 0.183872565627098 0.168898969888687 0.163210570812225 0.164810240268707 0.164549380540848 0.150241315364838 0.119418911635876 0.100754909217358 0.0871583223342896 0.0855238288640976 0.080247238278389 0.076560765504837 0.0719738006591797 0.0729861333966255 0.0818049535155296 0.08908861130476 0.0950141549110413 0.0832764729857445 0.077358067035675 0.0678252652287483 0.0791006907820702 0.0856832191348076 0.087446965277195 0.081617183983326 0.0788597390055656 0.0815353617072105 0.0851637870073318 0.0881425812840462
0.0987050831317902 0.112882986664772 0.160347983241081 0.173837259411812 0.198206320405006 0.240999668836594 0.235009238123894 0.240269362926483 0.234935343265533 0.21381776034832 0.18760085105896 0.163676738739014 0.165128096938133 0.197631895542145 0.152217835187912 0.102998286485672 0.0886272937059402 0.0845659300684929 0.0674933716654778 0.0710252448916435 0.0953224524855614 0.108245573937893 0.0943693742156029 0.0880853831768036 0.101219832897186 0.0921916589140892 0.0830657631158829 0.0798855200409889 0.0785522535443306 0.0708456486463547 0.0598522871732712 0.0652251169085503 0.0676676109433174 0.0761256441473961 0.0896611511707306 0.0770347192883492 0.0688654333353043 0.0786242261528969 0.0815021470189095 0.084503062069416 0.0856081545352936 0.0808271765708923 0.0807867869734764 0.0825027003884315 0.0927336364984512
0.0997328832745552 0.0955744832754135 0.104519672691822 0.10408440977335 0.121267840266228 0.153549492359161 0.178594067692757 0.191074222326279 0.203720912337303 0.184194937348366 0.179778084158897 0.168821483850479 0.147297114133835 0.142072722315788 0.128453001379967 0.105249553918839 0.0738906636834145 0.0624594315886497 0.0558628663420677 0.0506398156285286 0.0571283884346485 0.0648921355605125 0.0639823079109192 0.0735619142651558 0.0825968608260155 0.0820885747671127 0.0864642709493637 0.081818476319313 0.0803738608956337 0.070547953248024 0.0619812831282616 0.0649049654603004 0.0652349516749382 0.0705631449818611 0.0852633342146873 0.0795164778828621 0.0724700167775154 0.0742453262209892 0.0711099207401276 0.0726814344525337 0.0717243179678917 0.0826739147305489 0.0886963456869125 0.0903055369853973 0.094878114759922
