Ecospace-environmental-drivers/Outputs/ASCII-for-ecospace/Cfl/Cfl_X2011.01.asc
NCOLS 131 
NROWS 53 
XLLCORNER -98 
YLLCORNER 23.9265270233154 
CELLSIZE 0.133587792515755 
NODATA_value -3.4e+38 
[rows 20 to 39 of 53, columns 0 to 45 of 131]
-3.4e+38 -3.4e+38 -3.4e+38 -3.4e+38 -3.4e+38 -3.4e+38 -3.4e+38 -3.4e+38 -3.4e+38 23.0543098449707 3.7649621963501 3.76968288421631 3.35405230522156 2.69240665435791 2.27871680259705 2.04066944122314 1.71704936027527 1.30029189586639 1.10915148258209 0.960784375667572 0.897283613681793 0.899530053138733 0.798395335674286 0.799323618412018 0.763157546520233 0.672276496887207 0.693672001361847 0.794050633907318 0.720448732376099 0.717146098613739 0.662505745887756 0.662018060684204 0.732153415679932 0.765927612781525 0.805857598781586 0.739862561225891 0.731207132339478 0.755481243133545 0.746563136577606 0.750814199447632 0.689846456050873 0.679601609706879 0.6673224568367 0.686401546001434 0.672053694725037 0.633417189121246
-3.4e+38 -3.4e+38 -3.4e+38 -3.4e+38 -3.4e+38 -3.4e+38 12.4254179000854 6.02884578704834 -3.4e+38 4.23380374908447 3.41107630729675 3.00588202476501 2.48484706878662 1.88357889652252 1.42616069316864 1.2954615354538 1.09510254859924 0.873478770256042 0.901037931442261 0.875279486179352 0.781996011734009 0.717823624610901 0.707453489303589 0.713364660739899 0.648223996162415 0.546041905879974 0.517915189266205 0.648571312427521 0.68652468919754 0.697864532470703 0.64468389749527 0.592104077339172 0.539810180664062 0.518593788146973 0.574621081352234 0.572166740894318 0.576958775520325 0.576635718345642 0.556064426898956 0.557854950428009 0.59221613407135 0.586115539073944 0.57618659734726 0.580337345600128 0.569143414497375 0.522178530693054
-3.4e+38 -3.4e+38 -3.4e+38 -3.4e+38 -3.4e+38 -3.4e+38 -3.4e+38 6.29023456573486 3.8169059753418 2.9786479473114 2.63059711456299 2.27571034431458 1.5185843706131 1.23877334594727 1.06896555423737 0.971340119838715 0.936559438705444 0.866091072559357 0.829369962215424 0.725367605686188 0.598855555057526 0.554989099502563 0.511649429798126 0.50674307346344 0.490921407938004 0.456590950489044 0.432295709848404 0.484497278928757 0.518900811672211 0.555494904518127 0.563698410987854 0.525994122028351 0.494047522544861 0.485630333423615 0.483668833971024 0.506590306758881 0.496662884950638 0.501578211784363 0.484149008989334 0.480405002832413 0.485058158636093 0.466699570417404 0.49629482626915 0.485145062208176 0.473575830459595 0.449349522590637
-3.4e+38 -3.4e+38 -3.4e+38 -3.4e+38 4.47209119796753 4.63785743713379 -3.4e+38 3.48406529426575 3.01812958717346 2.10207557678223 1.80056583881378 1.33876597881317 0.916785657405853 0.786567330360413 0.675095915794373 0.662372350692749 0.739993929862976 0.750926613807678 0.689858257770538 0.668283820152283 0.548963487148285 0.463511049747467 0.41622057557106 0.388297885656357 0.355145364999771 0.360127955675125 0.320308089256287 0.367655336856842 0.389682352542877 0.402831315994263 0.445177346467972 0.438993155956268 0.447968274354935 0.421063989400864 0.445847392082214 0.426720499992371 0.408982455730438 0.391057729721069 0.405684679746628 0.410348802804947 0.410712033510208 0.422778576612473 0.412991911172867 0.422900199890137 0.427250981330872 0.38276731967926
-3.4e+38 -3.4e+38 -3.4e+38 -3.4e+38 -3.4e+38 5.22137784957886 3.71074342727661 3.02599358558655 2.09662055969238 1.55800044536591 1.15692973136902 0.852053880691528 0.673651695251465 0.536157071590424 0.45367968082428 0.435967355966568 0.462143450975418 0.46788102388382 0.452302008867264 0.392680078744888 0.358897179365158 0.336753308773041 0.314939558506012 0.300349026918411 0.287603914737701 0.297805935144424 0.310501784086227 0.324212193489075 0.347777485847473 0.348892003297806 0.375008016824722 0.385790258646011 0.371691018342972 0.380101233720779 0.352707207202911 0.34652853012085 0.353477209806442 0.358806967735291 0.357558041810989 0.347837448120117 0.343276143074036 0.350186765193939 0.364976048469543 0.366848319768906 0.379550904035568 0.35925018787384
-3.4e+38 -3.4e+38 -3.4e+38 -3.4e+38 -3.4e+38 3.34504890441895 3.26006317138672 2.29842638969421 1.60106384754181 1.11950504779816 0.732838928699493 0.579512357711792 0.44680193066597 0.341235041618347 0.334663927555084 0.342234134674072 0.324502527713776 0.322503060102463 0.324366003274918 0.307982236146927 0.297397285699844 0.306420743465424 0.286515265703201 0.278449892997742 0.290687888860703 0.294619709253311 0.289504587650299 0.284011512994766 0.297232419252396 0.317164778709412 0.348558753728867 0.350902795791626 0.345491647720337 0.343292117118835 0.331161648035049 0.33763524889946 0.347545206546783 0.327103674411774 0.327046036720276 0.32240104675293 0.321844696998596 0.322484165430069 0.321447402238846 0.318110048770905 0.320048570632935 0.318540334701538
-3.4e+38 -3.4e+38 -3.4e+38 -3.4e+38 -3.4e+38 2.62482237815857 2.60862112045288 1.79616749286652 1.21931660175323 0.774655222892761 0.514001667499542 0.434613674879074 0.343953758478165 0.325129210948944 0.334463983774185 0.32675901055336 0.320832431316376 0.317412853240967 0.304349452257156 0.310742974281311 0.307528346776962 0.297483503818512 0.30092316865921 0.293824791908264 0.302174985408783 0.287228494882584 0.276231586933136 0.27287033200264 0.283047169446945 0.306168586015701 0.322532087564468 0.340987801551819 0.319042414426804 0.314040631055832 0.345853447914124 0.342236787080765 0.331365913152695 0.307311028242111 0.28226026892662 0.299130737781525 0.295759111642838 0.286015301942825 0.270194500684738 0.266199558973312 0.262155294418335 0.264183014631271
-3.4e+38 -3.4e+38 -3.4e+38 -3.4e+38 -3.4e+38 2.79233288764954 1.90638196468353 1.33541941642761 0.908346593379974 0.5959632396698 0.451606273651123 0.350428849458694 0.33181431889534 0.326077967882156 0.329266518354416 0.325257360935211 0.298813164234161 0.296725809574127 0.303732246160507 0.29126849770546 0.291248083114624 0.290472686290741 0.285866737365723 0.288279265165329 0.277770191431046 0.271870017051697 0.268198192119598 0.264863044023514 0.27420699596405 0.286190867424011 0.289153426885605 0.313189804553986 0.304362446069717 0.310711711645126 0.310869127511978 0.297125846147537 0.292239814996719 0.265328735113144 0.27469402551651 0.283178329467773 0.274434685707092 0.259282767772675 0.250580877065659 0.254373341798782 0.264459252357483 0.256938517093658
-339999999999999996128486808808066248288.000000000000000 -3.4e+38 -3.4e+38 -3.4e+38 2.91984224319458 2.60159850120544 1.67315089702606 1.02794563770294 0.72491455078125 0.521944940090179 0.355711758136749 0.318012803792953 0.330999970436096 0.345021843910217 0.340900182723999 0.358148545026779 0.319084256887436 0.282957851886749 0.279587805271149 0.271774441003799 0.274077266454697 0.28559547662735 0.281169146299362 0.269340038299561 0.25313001871109 0.256883829832077 0.257197767496109 0.257537990808487 0.265147477388382 0.269793450832367 0.269188702106476 0.288530647754669 0.290290921926498 0.288530170917511 0.301289916038513 0.290246844291687 0.246716096997261 0.252338826656342 0.275844067335129 0.28070992231369 0.277540415525436 0.258012920618057 0.2518669962883 0.262618154287338 0.266780585050583 0.253439247608185
-3.4e+38 -3.4e+38 -3.4e+38 -3.4e+38 2.648353099823 2.45124316215515 1.57431519031525 1.0709410905838 0.671135067939758 0.426343381404877 0.356079041957855 0.321274846792221 0.337341725826263 0.350659608840942 0.337318301200867 0.32669797539711 0.32609298825264 0.295957088470459 0.273363709449768 0.279230147600174 0.288768261671066 0.278056710958481 0.265543550252914 0.266511887311935 0.252730339765549 0.252486348152161 0.247228994965553 0.252046167850494 0.257624477148056 0.263963341712952 0.270559430122375 0.269560426473618 0.267692297697067 0.255344957113266 0.25870606303215 0.257434964179993 0.254130750894547 0.266135960817337 0.282703459262848 0.262941867113113 0.268972456455231 0.255319774150848 0.26455146074295 0.261669218540192 0.248793244361877 0.247263088822365
-3.4e+38 -3.4e+38 -3.4e+38 -3.4e+38 2.51199126243591 2.34258532524109 1.60123026371002 1.03699350357056 0.62076872587204 0.410791963338852 0.34605011343956 0.315041571855545 0.33381861448288 0.356033235788345 0.349938839673996 0.338903933763504 0.331137627363205 0.321076393127441 0.284669667482376 0.267746299505234 0.273354232311249 0.254011899232864 0.254838526248932 0.255512088537216 0.253512233495712 0.249936878681183 0.256050080060959 0.258067220449448 0.25360780954361 0.264040470123291 0.277304410934448 0.252619385719299 0.248616009950638 0.239731073379517 0.24255134165287 0.249678805470467 0.250186711549759 0.255548745393753 0.257513821125031 0.263712167739868 0.264094293117523 0.25307959318161 0.250980943441391 0.249367758631706 0.254136025905609 0.251987963914871
-3.4e+38 -3.4e+38 -3.4e+38 -3.4e+38 -3.4e+38 2.33162927627563 1.73801600933075 1.12720191478729 0.604989886283875 0.422575712203979 0.35698863863945 0.358849167823792 0.343367069959641 0.347475707530975 0.334678113460541 0.289492756128311 0.291327446699142 0.278305649757385 0.285811990499496 0.246891960501671 0.262332797050476 0.243739560246468 0.247659802436829 0.259004384279251 0.267078727483749 0.253697693347931 0.25334233045578 0.256714552640915 0.253086596727371 0.260443240404129 0.258848458528519 0.24897563457489 0.260725259780884 0.259279102087021 0.244611606001854 0.239650681614876 0.228864848613739 0.243496090173721 0.250808835029602 0.258955299854279 0.254785627126694 0.25590518116951 0.247333705425262 0.24618749320507 0.257197320461273 0.251298815011978
-3.4e+38 -3.4e+38 -3.4e+38 -3.4e+38 -3.4e+38 2.2579882144928 1.85197520256042 1.24712181091309 0.820661783218384 0.514059066772461 0.414683640003204 0.417256951332092 0.393040120601654 0.361033171415329 0.350145161151886 0.334471166133881 0.317353099584579 0.245536804199219 0.239589616656303 0.23756217956543 0.256130993366241 0.267724484205246 0.260410517454147 0.25387117266655 0.254413455724716 0.251098543405533 0.249933436512947 0.250818431377411 0.257336974143982 0.264024883508682 0.265616357326508 0.257043898105621 0.25567752122879 0.241511002182961 0.243838310241699 0.237942665815353 0.234779864549637 0.240774184465408 0.245244041085243 0.246252596378326 0.249020338058472 0.248465403914452 0.254234403371811 0.261159092187881 0.258792042732239 0.248066172003746
-3.4e+38 -3.4e+38 -3.4e+38 -3.4e+38 -3.4e+38 2.19618201255798 2.06956458091736 1.46269965171814 1.03535974025726 0.720838069915771 0.575987756252289 0.527133464813232 0.438008189201355 0.377403765916824 0.353518724441528 0.336452305316925 0.282246530056 0.234457671642303 0.226558998227119 0.234598964452744 0.252584636211395 0.270493268966675 0.257429867982864 0.248986288905144 0.251575648784637 0.244234815239906 0.247242316603661 0.258934915065765 0.26795420050621 0.263857513666153 0.257716000080109 0.259130239486694 0.255595147609711 0.249687418341637 0.241012260317802 0.24506813287735 0.244898796081543 0.254372239112854 0.24592761695385 0.243533417582512 0.246975257992744 0.262023448944092 0.254940748214722 0.259583443403244 0.258579432964325 0.254498094320297
-3.4e+38 -3.4e+38 -3.4e+38 -3.4e+38 -3.4e+38 2.16847610473633 2.14366626739502 1.74640822410583 1.25655519962311 0.860947966575623 0.614467620849609 0.542950093746185 0.424162268638611 0.296990096569061 0.252521723508835 0.250241965055466 0.252928614616394 0.232772648334503 0.227216392755508 0.24068358540535 0.266062319278717 0.286541700363159 0.259407758712769 0.25110936164856 0.259640961885452 0.253497928380966 0.256308257579803 0.256724238395691 0.241979658603668 0.262791305780411 0.252816379070282 0.241551324725151 0.236048012971878 0.251494705677032 0.245939061045647 0.235528901219368 0.235761344432831 0.252564132213593 0.256747633218765 0.242668941617012 0.241506546735764 0.249583780765533 0.239091694355011 0.271600902080536 0.255770474672318 0.245418414473534
-3.4e+38 -3.4e+38 -3.4e+38 -3.4e+38 -3.4e+38 3.71280789375305 2.06456685066223 1.85457217693329 1.35668516159058 0.837527453899384 0.750537753105164 0.610819816589355 0.416636794805527 0.335911184549332 0.239021494984627 0.215512588620186 0.220098480582237 0.224559471011162 0.23299440741539 0.248486056923866 0.271330446004868 0.268951416015625 0.254977136850357 0.253034472465515 0.255173772573471 0.250608831644058 0.236584305763245 0.229867339134216 0.228512778878212 0.239244431257248 0.216268107295036 0.219285294413567 0.225396767258644 0.238774448633194 0.251123756170273 0.241299271583557 0.238770842552185 0.254395335912704 0.258650034666061 0.245448842644691 0.231710627675056 0.233320087194443 0.230504631996155 0.24367319047451 0.249391004443169 0.250057637691498
-3.4e+38 -3.4e+38 -3.4e+38 -3.4e+38 -3.4e+38 3.87010765075684 2.19828128814697 2.02313637733459 1.43363463878632 1.06335973739624 0.859473645687103 0.565236806869507 0.382779002189636 0.316866755485535 0.212380647659302 0.196584701538086 0.21467399597168 0.235589250922203 0.217925608158112 0.236766964197159 0.251873224973679 0.26066654920578 0.256584912538528 0.2672418653965 0.25792208313942 0.248548045754433 0.247037291526794 0.244835168123245 0.246430054306984 0.247467517852783 0.233600482344627 0.229218021035194 0.245264023542404 0.243113115429878 0.241107195615768 0.225429460406303 0.230331808328629 0.247036755084991 0.257304131984711 0.252275496721268 0.236258134245872 0.228711128234863 0.233782157301903 0.23948010802269 0.246323794126511 0.246047824621201
-3.4e+38 -3.4e+38 -3.4e+38 -3.4e+38 -3.4e+38 -3.4e+38 2.69176912307739 1.99985909461975 1.49402213096619 1.03745901584625 0.727801859378815 0.520885586738586 0.341403722763062 0.22528538107872 0.201452359557152 0.195651829242706 0.203538492321968 0.224287688732147 0.241705551743507 0.224713712930679 0.22911910712719 0.241326898336411 0.25200092792511 0.258239328861237 0.260753333568573 0.260409146547318 0.263497412204742 0.263106137514114 0.244621336460114 0.242165476083755 0.249754697084427 0.245888963341713 0.236967697739601 0.233905777335167 0.222773432731628 0.233871817588806 0.242022678256035 0.240516915917397 0.242262944579124 0.249270722270012 0.247134506702423 0.249055042862892 0.241391330957413 0.234353542327881 0.239220902323723 0.243015512824059
-3.4e+38 -3.4e+38 -3.4e+38 -3.4e+38 -3.4e+38 -3.4e+38 2.39907789230347 2.04496479034424 1.59102618694305 1.13025939464569 0.71186900138855 0.382353186607361 0.244643524289131 0.202034249901772 0.187599554657936 0.189134180545807 0.186542883515358 0.210173934698105 0.209298729896545 0.231670260429382 0.228199824690819 0.227062746882439 0.235515877604485 0.255981117486954 0.255007684230804 0.254476845264435 0.254734516143799 0.265513241291046 0.258322775363922 0.246041864156723 0.246626809239388 0.241736680269241 0.212445050477982 0.214107945561409 0.2177924066782 0.226408317685127 0.22478911280632 0.229636937379837 0.231014221906662 0.240715831518173 0.243304774165154 0.228212401270866 0.214376002550125 0.220057263970375 0.226762592792511 0.226817712187767
-3.4e+38 -3.4e+38 -3.4e+38 -3.4e+38 -3.4e+38 -3.4e+38 2.44028544425964 2.02219009399414 1.26130342483521 0.696854114532471 0.345674604177475 0.220111772418022 0.207314118742943 0.189868494868279 0.184129595756531 0.181476727128029 0.182783618569374 0.19683575630188 0.203228816390038 0.237921178340912 0.231548547744751 0.235388472676277 0.224501311779022 0.21672947704792 0.233043670654297 0.247192576527596 0.240152463316917 0.240596666932106 0.246536895632744 0.233437180519104 0.220446035265923 0.200970351696014 0.195536524057388 0.198071494698524 0.207590252161026 0.214873120188713 0.214820802211761 0.218146830797195 0.231263741850853 0.236219391226768 0.229032427072525 0.215556889772415 0.220096215605736 0.224845007061958 0.231958732008934 0.228216737508774
