Ecospace-environmental-drivers/Outputs/ASCII-for-ecospace/Cfl/Cfl_X2010.06.asc
NCOLS 131 
NROWS 53 
XLLCORNER -98 
YLLCORNER 23.9265270233154 
CELLSIZE 0.133587792515755 
NODATA_value -3.4e+38 
[rows 0 to 19 of 53, columns 45 to 89 of 131]
-3.4e+38 -3.4e+38 -3.4e+38 -3.4e+38 -3.4e+38 -3.4e+38 -3.4e+38 -3.4e+38 -3.4e+38 -3.4e+38 -3.4e+38 -3.4e+38 -3.4e+38 -3.4e+38 -3.4e+38 -3.4e+38 -3.4e+38 -3.4e+38 -3.4e+38 -3.4e+38 -3.4e+38 -3.4e+38 -3.4e+38 -3.4e+38 -3.4e+38 -3.4e+38 -3.4e+38 -3.4e+38 -3.4e+38 -3.4e+38 -3.4e+38 -3.4e+38 -3.4e+38 -3.4e+38 -3.4e+38 -3.4e+38 -3.4e+38 -3.4e+38 -3.4e+38 -3.4e+38 -3.4e+38 -3.4e+38 -3.4e+38 -3.4e+38 -3.4e+38
-3.4e+38 -3.4e+38 -3.4e+38 -3.4e+38 -3.4e+38 -3.4e+38 -3.4e+38 -3.4e+38 -3.4e+38 -3.4e+38 -3.4e+38 -3.4e+38 -3.4e+38 -3.4e+38 -3.4e+38 -3.4e+38 -3.4e+38 -3.4e+38 -3.4e+38 -3.4e+38 -3.4e+38 -3.4e+38 -3.4e+38 -3.4e+38 -3.4e+38 -3.4e+38 -3.4e+38 -3.4e+38 -3.4e+38 -3.4e+38 -3.4e+38 -3.4e+38 -3.4e+38 -3.4e+38 -3.4e+38 -3.4e+38 -3.4e+38 -3.4e+38 -3.4e+38 -3.4e+38 -3.4e+38 -3.4e+38 -3.4e+38 -3.4e+38 -3.4e+38
-3.4e+38 -3.4e+38 -3.4e+38 -3.4e+38 -3.4e+38 -3.4e+38 -3.4e+38 -3.4e+38 -3.4e+38 -3.4e+38 -3.4e+38 -3.4e+38 -3.4e+38 -3.4e+38 -3.4e+38 -3.4e+38 -3.4e+38 -3.4e+38 -3.4e+38 -3.4e+38 -3.4e+38 -3.4e+38 -3.4e+38 -3.4e+38 -3.4e+38 -3.4e+38 -3.4e+38 -3.4e+38 -3.4e+38 -3.4e+38 -3.4e+38 -3.4e+38 -3.4e+38 -3.4e+38 -3.4e+38 -3.4e+38 -3.4e+38 -3.4e+38 -3.4e+38 -3.4e+38 -3.4e+38 -3.4e+38 -3.4e+38 -3.4e+38 -3.4e+38
-3.4e+38 -3.4e+38 -3.4e+38 -3.4e+38 -3.4e+38 -3.4e+38 -3.4e+38 -3.4e+38 -3.4e+38 -3.4e+38 -3.4e+38 -3.4e+38 -3.4e+38 -3.4e+38 -3.4e+38 -3.4e+38 -3.4e+38 -3.4e+38 -3.4e+38 -3.4e+38 -3.4e+38 -3.4e+38 -3.4e+38 -3.4e+38 -3.4e+38 -3.4e+38 -3.4e+38 -3.4e+38 -3.4e+38 0.177512437105179 0.121662609279156 -3.4e+38 -3.4e+38 -3.4e+38 -3.4e+38 -3.4e+38 -3.4e+38 -3.4e+38 -3.4e+38 -3.4e+38 -3.4e+38 -3.4e+38 0.103152230381966 -3.4e+38 -3.4e+38
-3.4e+38 -3.4e+38 -3.4e+38 -3.4e+38 -3.4e+38 -3.4e+38 -3.4e+38 -3.4e+38 -3.4e+38 -3.4e+38 -3.4e+38 -3.4e+38 -3.4e+38 -3.4e+38 -3.4e+38 -3.4e+38 -3.4e+38 -3.4e+38 -3.4e+38 -3.4e+38 -3.4e+38 0.0976124778389931 0.224651008844376 0.213235542178154 -3.4e+38 -3.4e+38 -3.4e+38 0.170912936329842 -3.4e+38 0.174467295408249 0.194818884134293 -3.4e+38 -3.4e+38 -3.4e+38 -3.4e+38 -3.4e+38 -3.4e+38 0.0984729379415512 0.0868985280394554 0.0973332598805428 0.0737161263823509 0.047432716935873 0.093737967312336 -3.4e+38 -3.4e+38
-3.4e+38 -3.4e+38 -3.4e+38 -3.4e+38 -3.4e+38 -3.4e+38 -3.4e+38 -3.4e+38 -3.4e+38 -3.4e+38 -3.4e+38 0.185217559337616 0.303898423910141 0.317271679639816 0.1839379966259 0.17231023311615 -3.4e+38 -3.4e+38 -3.4e+38 -3.4e+38 0.159914687275887 0.253860026597977 0.271637618541718 0.259179592132568 0.292671948671341 0.256434082984924 0.244302943348885 0.201733693480492 0.179751083254814 0.23692674934864 0.183419153094292 0.161215350031853 0.16497528553009 0.168772980570793 0.119974225759506 0.11587155610323 0.107929401099682 0.0941737741231918 0.0894861146807671 0.0785987228155136 0.0675946250557899 0.0543635077774525 0.0373873114585876 0.0290205981582403 0.039804071187973
-3.4e+38 -3.4e+38 -3.4e+38 -3.4e+38 -3.4e+38 -3.4e+38 -3.4e+38 -3.4e+38 -3.4e+38 -3.4e+38 -3.4e+38 0.20861254632473 0.244347244501114 0.32779598236084 0.248324245214462 0.178765863180161 -3.4e+38 0.436331003904343 0.292043805122375 0.200230613350868 0.22394160926342 0.333442896604538 0.251433700323105 0.206054657697678 0.233364269137383 0.247823745012283 0.236481904983521 0.218140408396721 0.206349700689316 0.226382493972778 0.217827379703522 0.192424446344376 0.14793698489666 0.137794479727745 0.130325585603714 0.104422025382519 0.0987637862563133 0.0942667424678802 0.08934136480093 0.081982746720314 0.0794968530535698 0.0656193271279335 0.0532125756144524 0.0371832512319088 0.0319634489715099
-3.4e+38 -3.4e+38 -3.4e+38 -3.4e+38 -3.4e+38 -3.4e+38 -3.4e+38 -3.4e+38 -3.4e+38 -3.4e+38 -3.4e+38 -3.4e+38 -3.4e+38 0.241778761148453 0.168856978416443 -3.4e+38 0.505273818969727 0.406778007745743 0.392967998981476 -3.4e+38 -3.4e+38 0.259760588407516 0.114699840545654 0.137053176760674 0.180793568491936 0.171230524778366 0.182069912552834 0.166420698165894 0.174949422478676 0.175821706652641 0.190074875950813 0.162325352430344 0.13162125647068 0.115953400731087 0.115243785083294 0.0974322631955147 0.0882766172289848 0.0877261087298393 0.0896369963884354 0.0850933194160461 0.0775302350521088 0.0673472508788109 0.0542221032083035 0.0473004542291164 0.0383546464145184
-3.4e+38 -3.4e+38 -3.4e+38 -3.4e+38 -3.4e+38 -3.4e+38 -3.4e+38 -3.4e+38 -3.4e+38 -3.4e+38 -3.4e+38 -3.4e+38 -3.4e+38 -3.4e+38 -3.4e+38 -3.4e+38 -3.4e+38 -3.4e+38 -3.4e+38 -3.4e+38 0.235030710697174 0.243937388062477 0.0783416330814362 0.0729057937860489 0.183090686798096 0.154673472046852 0.142167136073112 0.114633955061436 0.0986470729112625 0.101611122488976 0.10668583214283 0.0998007506132126 0.0856397077441216 0.081958182156086 0.0877019390463829 0.0767938792705536 0.0701638534665108 0.0712103471159935 0.0719442814588547 0.074468195438385 0.0610984191298485 0.0549564696848392 0.0531947761774063 0.0499287769198418 0.0459246151149273
0.242571607232094 0.322652995586395 -3.4e+38 -3.4e+38 -3.4e+38 -3.4e+38 -3.4e+38 -3.4e+38 -3.4e+38 -3.4e+38 -3.4e+38 -3.4e+38 -3.4e+38 -3.4e+38 -3.4e+38 -3.4e+38 -3.4e+38 -3.4e+38 -3.4e+38 0.00869066640734673 0.249525666236877 0.234026744961739 0.12990702688694 0.182229235768318 0.15492370724678 0.153177350759506 0.15480737388134 0.132189810276031 0.104844264686108 0.0978964939713478 0.0967546403408051 0.0906362682580948 0.0840913280844688 0.0815394893288612 0.0792259350419044 0.0708316713571548 0.0593474507331848 0.0560836270451546 0.0589004047214985 0.0648750066757202 0.0528953596949577 0.0463189966976643 0.050117090344429 0.0467194765806198 0.0508010536432266
0.21025450527668 -3.4e+38 -3.4e+38 -3.4e+38 -3.4e+38 -3.4e+38 -3.4e+38 -3.4e+38 -3.4e+38 -3.4e+38 -3.4e+38 -3.4e+38 -3.4e+38 -3.4e+38 -3.4e+38 -3.4e+38 -3.4e+38 -3.4e+38 0.0159422103315592 0.0785792544484138 0.249675810337067 0.206314161419868 0.174822002649307 0.165300011634827 0.135496899485588 0.150664180517197 0.197560414671898 0.157733231782913 0.142701297998428 0.117538422346115 0.111394174396992 0.108683109283447 0.0838518291711807 0.0871988832950592 0.0830275565385818 0.0653079152107239 0.0525982268154621 0.0407058708369732 0.043052650988102 0.0513318963348866 0.043928250670433 0.0431306697428226 0.0455503053963184 0.0361543968319893 0.0414433069527149
0 0 0 -3.4e+38 -3.4e+38 -3.4e+38 -3.4e+38 -3.4e+38 -3.4e+38 -3.4e+38 -3.4e+38 -3.4e+38 -3.4e+38 -3.4e+38 -3.4e+38 -3.4e+38 -3.4e+38 -3.4e+38 0.113470040261745 0.365716993808746 0.215837299823761 0.399961411952972 0.154834896326065 0.0586224347352982 0.124497577548027 0.174203440546989 0.181645303964615 0.158716946840286 0.15138866007328 0.125275745987892 0.110760070383549 0.107747361063957 0.0852197334170341 0.0942411497235298 0.0830820873379707 0.0662694349884987 0.0420816093683243 0.0324860997498035 0.0355864204466343 0.0435829609632492 0.0399243161082268 0.0435826554894447 0.0447350703179836 0.0358344353735447 0.0336772352457047
0.0105905467644334 0.0109803043305874 0 -3.4e+38 -3.4e+38 -3.4e+38 -3.4e+38 -3.4e+38 -3.4e+38 -3.4e+38 -3.4e+38 -3.4e+38 -3.4e+38 -3.4e+38 -3.4e+38 0 -3.4e+38 -3.4e+38 -3.4e+38 -3.4e+38 -3.4e+38 0.0277906563133001 0.126005887985229 -3.4e+38 -3.4e+38 0.0925623849034309 0.112437196075916 0.099485956132412 0.109902761876583 0.110794201493263 0.10150071978569 0.108639575541019 0.085421696305275 0.097169540822506 0.0791116878390312 0.0708012878894806 0.0471131354570389 0.0385817401111126 0.0382771529257298 0.0420343764126301 0.0420882627367973 0.0399585515260696 0.040646817535162 0.0386449806392193 0.0349069014191628
0.00402468862012029 0.0219149589538574 0.0458450578153133 0.0436811000108719 0.230985790491104 0.160588040947914 0.166626453399658 0.22088024020195 -3.4e+38 -3.4e+38 0.18968303501606 0.145324274897575 -3.4e+38 -3.4e+38 0 0.000360479287337512 6.26072824161383e-06 0.000300094456179067 0.00122589920647442 -3.4e+38 -3.4e+38 -3.4e+38 0.239580065011978 0.316713601350784 0 0.0452817864716053 0.0585464015603065 0.0462589263916016 0.0711238160729408 0.0996598675847054 0.084455132484436 0.0842418000102043 0.107021905481815 0.0966937392950058 0.0704583376646042 0.0518606901168823 0.0414457283914089 0.0485266745090485 0.0537748485803604 0.0468260087072849 0.0367648862302303 0.038516454398632 0.0429772399365902 0.0433647632598877 0.0380840934813023
0.111332185566425 0.123751319944859 0.127875223755836 0.222669258713722 0.271295994520187 0.228120058774948 0.223903253674507 0.222473680973053 0.0626561865210533 0.0183154232800007 0.0555918179452419 0.0503620393574238 0.00113554205745459 0.00766216730698943 0.0014621214941144 0 3.44485924870241e-05 0.051577266305685 0.00675520906224847 0 -3.4e+38 0 0.000205724878469482 0 0.2170549929142 0.0881911516189575 0.0478612333536148 0.0893262326717377 0.075482189655304 0.0620244778692722 0.0696615278720856 0.0737730264663696 0.0927832648158073 0.079292930662632 0.0704523995518684 0.0729030221700668 0.0442469492554665 0.0428102910518646 0.0426191203296185 0.0412690788507462 0.0370442196726799 0.024514265358448 0.0285755079239607 0.0321823321282864 0.0362440906465054
0.233571112155914 0.206343829631805 0.178669065237045 0.237107053399086 0.197235643863678 0.24606192111969 0.35545152425766 0.241796568036079 0.178797125816345 0.115310408174992 0.0938526466488838 0.0834480822086334 0.086452804505825 0.152529329061508 0.0535155422985554 0.0256479028612375 0.0169340316206217 0.121475480496883 0.112692229449749 0.00481676636263728 0.00535296369343996 0.0355931632220745 0.0268979910761118 0.122117877006531 0.170192584395409 0.111754827201366 0.0694935321807861 0.066598191857338 0.0730313211679459 0.0510120578110218 0.0589718036353588 0.0595452152192593 0.0580454915761948 0.0505969785153866 0.0446923710405827 0.0462111867964268 0.0375521592795849 0.0403598099946976 0.0404912754893303 0.0338334441184998 0.0310514401644468 0.0305658020079136 0.0250785015523434 0.027870912104845 0.0372627153992653
0.158209666609764 0.17584303021431 0.107247658073902 0.113750047981739 0.156402572989464 0.237970381975174 0.372426062822342 0.29875510931015 0.317849069833755 0.228833824396133 0.114777080714703 0.0646326839923859 0.146877929568291 0.181501597166061 0.165570095181465 0.0880017355084419 0.0811838880181313 0.15061292052269 0.430399537086487 0.0619269274175167 0.241042003035545 0.131543278694153 0.0910015180706978 0.138579279184341 0.111075021326542 0.093313567340374 0.0665656551718712 0.0796886458992958 0.0638745278120041 0.0437786020338535 0.0493723601102829 0.0362865105271339 0.0355088450014591 0.0325598828494549 0.0318364091217518 0.0296991560608149 0.0273224208503962 0.0354525707662106 0.0305555406957865 0.0359829477965832 0.0358537957072258 0.0340962782502174 0.0265774354338646 0.0306434314697981 0.0289843305945396
0.204340532422066 0.122877091169357 0.0748547241091728 0.0721626058220863 0.0963506549596786 0.126519501209259 0.198819741606712 0.131027370691299 0.0779883340001106 0.0600321516394615 0.0899929404258728 0.0564838498830795 0.0503387823700905 0.080299437046051 0.0899881944060326 0.0870004296302795 0.085528090596199 0.107384495437145 0.167978256940842 0.226432368159294 0.290836095809937 0.337491899728775 0.148592233657837 0.0933041721582413 0.110601380467415 0.0915180742740631 0.0674343854188919 0.0798681899905205 0.0645480006933212 0.0578393936157227 0.0287385247647762 0.0273987278342247 0.0295667313039303 0.0244799461215734 0.0268457382917404 0.0226593222469091 0.0217677056789398 0.0267342869192362 0.0261855814605951 0.0371899828314781 0.0403403602540493 0.0381713658571243 0.0289744343608618 0.0287180375307798 0.0307330898940563
0.226914942264557 0.0972982496023178 0.0439249128103256 0.0411952920258045 0.0566163510084152 0.0399267822504044 0.0856444016098976 0.0746914446353912 0.0732305496931076 0.0608040504157543 0.0589775294065475 0.0501363314688206 0.0549537762999535 0.0737561732530594 0.0849020257592201 0.0711701437830925 0.095067985355854 0.0835154727101326 0.208738565444946 0.343807846307755 0.272987723350525 0.199266463518143 0.121049880981445 0.107537060976028 0.100192494690418 0.114319026470184 0.0444679968059063 0.059398926794529 0.0666553154587746 0.0387234315276146 0.0158021561801434 0.0150640849024057 0.0209045708179474 0.0218247082084417 0.0272246189415455 0.0189889688044786 0.0179196000099182 0.0226100720465183 0.0286134276539087 0.0354858934879303 0.0336059629917145 0.0318349152803421 0.028795899823308 0.0253395177423954 0.0296267326921225
0.109541930258274 0.0579666681587696 0.0413324125111103 0.0333227328956127 0.0229641161859035 0.0400233380496502 0.0574960373342037 0.0473889000713825 0.0413208864629269 0.0494090057909489 0.0582705065608025 0.0740959718823433 0.101168170571327 0.0756899863481522 0.107967749238014 0.0713788047432899 0.0940885618329048 0.118577711284161 0.172938361763954 0.212237417697906 0.168948158621788 0.119852773845196 0.117606535553932 0.109393619000912 0.0932215675711632 0.0669699087738991 0.0387852378189564 0.0778383836150169 0.0562564209103584 0.0319226272404194 0.0306483674794436 0.0115936221554875 0.0239068418741226 0.022467752918601 0.0253289509564638 0.0275542922317982 0.0249643456190825 0.0285022035241127 0.0320014506578445 0.0299440938979387 0.0296748653054237 0.0294078569859266 0.0279192943125963 0.0246369242668152 0.0257908347994089
