Ecospace-environmental-drivers/Outputs/ASCII-for-ecospace/Cfl/Cfl_X2017.05.asc
NCOLS 131 
NROWS 53 
XLLCORNER -98 
YLLCORNER 23.9265270233154 
CELLSIZE 0.133587792515755 
NODATA_value -3.4e+38 
[rows 20 to 39 of 53, columns 44 to 87 of 131]
0.0144026074558496 0.0149240158498287 0.0157168339937925 0.0145363630726933 0.0169864315539598 0.0146142626181245 0.0140703972429037 0.00884246174246073 0.0189367718994617 0.029166467487812 0.0347952321171761 0.032964676618576 0.0231506749987602 0.0160378254950047 0.012020974420011 0.00845394469797611 0.00752566568553448 0.00891465600579977 0.0138534065335989 0.00837874040007591 0.0117717757821083 0.010744365863502 0.0198144558817148 0.0218797903507948 0.0233864150941372 0.00847936421632767 0.00847288127988577 0.0121854627504945 0.0189857147634029 0.00999855436384678 0.00876882579177618 0.0108747370541096 0.00679200049489737 0.00681737484410405 0.00735167181119323 0.00735899107530713 0.00804465264081955 0.00879669282585382 0.0122161582112312 0.0103503037244081 0.0125282220542431 0.0138220870867372 0.0184079185128212 0.0202188864350319
0.0165618229657412 0.0187194682657719 0.0172888729721308 0.0210238564759493 0.0205398593097925 0.0143396193161607 0.00747564202174544 0.00398072553798556 0.00169530499260873 0.00287587661296129 0.00603848695755005 0.00449587637558579 0.012409932911396 0.0121221896260977 0.00705890264362097 0.00914636068046093 0.00970660988241434 0.0121069876477122 0.014765820465982 0.0122272158041596 0.00481153558939695 0.00530695449560881 0.00861622858792543 0.00589844398200512 0.00570107810199261 0.00520958751440048 0.010135980322957 0.018493639305234 0.0116615435108542 0.00805510301142931 0.00832494348287582 0.00924005452543497 0.00746826967224479 0.0057378220371902 0.00711790286004543 0.00614747637882829 0.00422531878575683 0.00444328458979726 0.00695497402921319 0.00912193115800619 0.0131126483902335 0.0106764566153288 0.0112725207582116 0.0151122352108359
0.0181104261428118 0.017516890540719 0.018537700176239 0.0169560797512531 0.0177662204951048 0.0109540801495314 0.00832157395780087 0.00212429440580308 0.00475658988580108 0.0017477961955592 0.00344979087822139 0.00215798802673817 0.00133821344934404 0.00220285775139928 0.00643602199852467 0.00759861059486866 0.00824855826795101 0.011333679780364 0.0116344299167395 0.00726570747792721 0.00653567770496011 0.00825300812721252 0.00714708352461457 0.00729460269212723 0.00636659562587738 0.01046650018543 0.0146364122629166 0.0150637421756983 0.0120255229994655 0.00897048879414797 0.008287045173347 0.00913089886307716 0.00764116691425443 0.00642921403050423 0.00673006055876613 0.00331556261517107 0.00409308029338717 0.00411327183246613 0.00658244080841541 0.00633055437356234 0.0134371146559715 0.0108455084264278 0.0131389731541276 0.0146375074982643
0.0105277867987752 0.0140866041183472 0.0120649971067905 0.0111485039815307 0.0112899430096149 0.0134789487347007 0.0122738648205996 0.0103561477735639 0.00706382002681494 0.00212075840681791 0.00200316356495023 0.00127517350483686 0.00266995397396386 0.0041848961263895 0.0123518677428365 0.00372471055015922 0.00369997671805322 0.01351357717067 0.0120740802958608 0.00736498041078448 0.00669949688017368 0.00888797827064991 0.00797759648412466 0.00747591769322753 0.004682338796556 0.00355580006726086 0.00659131770953536 0.012259092181921 0.0107872365042567 0.00962874665856361 0.00666293688118458 0.00834011193364859 0.00728055229410529 0.0072764977812767 0.00752447312697768 0.00383872957900167 0.00390958413481712 0.00760038057342172 0.0102372905239463 0.0113459369167686 0.0144391218200326 0.0113699119538069 0.0154718356207013 0.0150354681536555
0.0101758698001504 0.0132036982104182 0.0130293434485793 0.011938288807869 0.0095143960788846 0.00701122311875224 0.00729479733854532 0.00999598018825054 0.00948800146579742 0.00674118334427476 0.00538443960249424 0.00659091491252184 0.0100574148818851 0.012865143828094 0.0142640508711338 0.00615245429798961 0.00634019402787089 0.00885418616235256 0.0139511227607727 0.0140989562496543 0.0159839484840631 0.00837603025138378 0.00724847381934524 0.00633509876206517 0.00724783446639776 0.00436525791883469 0.00617832597345114 0.0117367543280125 0.0077584576793015 0.00490595027804375 0.00478993030264974 0.00666677206754684 0.00680420780554414 0.00746656535193324 0.00817910302430391 0.00688727339729667 0.00798371713608503 0.00945859961211681 0.0120637491345406 0.0131018692627549 0.0115105342119932 0.0103623140603304 0.0109847132116556 0.0108563052490354
0.0166117735207081 0.00978056900203228 0.0140969725325704 0.00790461339056492 0.00711417570710182 0.0119159407913685 0.00861935503780842 0.00963664054870605 0.00776791106909513 0.00558688445016742 0.0109472274780273 0.00801827292889357 0.00998102128505707 0.00872996542602777 0.0078292628750205 0.00591719476506114 0.00416629808023572 0.00621143728494644 0.0103857181966305 0.0160968992859125 0.017565356567502 0.00448664464056492 0.00481294980272651 0.00548349227756262 0.00610151886940002 0.00811195839196444 0.0061011491343379 0.00774768879637122 0.00804357975721359 0.00405215006321669 0.00507875205948949 0.00673026079311967 0.00785121414810419 0.00889647845178843 0.0099160261452198 0.0105399629101157 0.0108813438564539 0.0108740264549851 0.0118410838767886 0.0121014881879091 0.0100815277546644 0.00887702777981758 0.0091001158580184 0.00769798830151558
0.011312073096633 0.0148308463394642 0.00819237343966961 0.00631978502497077 0.0128258932381868 0.00882813427597284 0.0108597474172711 0.010400471277535 0.00555628864094615 0.0142580801621079 0.0118882283568382 0.000879312574397773 0.00500039011240005 0.00243789609521627 0.00455058831721544 0.00705128349363804 0.00192482909187675 0.0051234127022326 0.00966526940464973 0.0145189259201288 0.0098462225869298 0.0040643597021699 0.00347299873828888 0.00367139815352857 0.00536771863698959 0.00836366228759289 0.00958245899528265 0.00877097994089127 0.00543396035209298 0.00285780080594122 0.00708920415490866 0.00726377498358488 0.00795417279005051 0.0103393252938986 0.0130788311362267 0.0142947863787413 0.012079562060535 0.0112457228824496 0.00983740389347076 0.00970389321446419 0.00985764618963003 0.00791332963854074 0.00765220448374748 0.00679985573515296
0.0117790559306741 0.00850656442344189 0.00849248841404915 0.00697240326553583 0.0130484011024237 0.0102975545451045 0.0106764202937484 0.00886587798595428 0.00643384270370007 0.00631936779245734 0.00447974307462573 0.00305429077707231 0.0219625607132912 0.0429987274110317 0.010272272862494 0.00963971205055714 0.00716919871047139 0.00967588275671005 0.00668517826125026 0.00784393865615129 0.00608657207340002 0.00460095470771194 0.00430674804374576 0.00299999513663352 0.00504361186176538 0.00441273674368858 0.0111199086531997 0.0108470777049661 0.0127280214801431 0.00902992766350508 0.00639983965083957 0.00535744847729802 0.00834363512694836 0.0129636907950044 0.0176836829632521 0.0173942968249321 0.0150659456849098 0.0122831743210554 0.0113090593367815 0.00982661638408899 0.00966882519423962 0.00890727713704109 0.00855455547571182 0.0101234465837479
0.00624857470393181 0.00830177590250969 0.0133226243779063 0.017539668828249 0.00887745246291161 0.014600221067667 0.010661999695003 0.00758566241711378 0.00780682126060128 0.00637993682175875 0.0069662663154304 0.00659124506637454 0.00919554010033607 0.00178595061879605 0.00493545550853014 0.00154649058822542 0.00148528884164989 0.00697490060701966 0.0065605198033154 0.00618733838200569 0.00639023911207914 0.00691066170111299 0.00428365590050817 0.00653153285384178 0.00657447753474116 0.00893916748464108 0.00960914511233568 0.0132894739508629 0.0137906521558762 0.0155877210199833 0.0137871233746409 0.0091611510142684 0.0117393238469958 0.0123645616695285 0.019254170358181 0.021101713180542 0.0199904553592205 0.0148043949157 0.0119818272069097 0.00978061370551586 0.0111036710441113 0.0108753480017185 0.0113723818212748 0.0129956277087331
0.01147526409477 0.021246612071991 0.0125417849048972 0.0100961206480861 0.00871716905385256 0.013223996385932 0.0138712534680963 0.0214946232736111 0.0172185450792313 0.0423815622925758 0.0319779887795448 0.0150795979425311 0.00112295080907643 0.00200332794338465 0.00485517550259829 0.00721639674156904 0.00680512469261885 0.00959884561598301 0.00763257732614875 0.00768962781876326 0.00814909860491753 0.0109382709488273 0.00564890075474977 0.00650967238470912 0.00960762612521648 0.00946457125246525 0.00910577271133661 0.0111910188570619 0.0108865378424525 0.0148950023576617 0.0131637034937739 0.0077993031591177 0.0101644396781921 0.0116354720667005 0.0161639153957367 0.0200402736663818 0.0177533812820911 0.016108701005578 0.0125245600938797 0.0122257452458143 0.0131883407011628 0.0146686583757401 0.0130194760859013 0.0129802189767361
0.0220699515193701 0.0171751622110605 0.0172998812049627 0.0103140957653522 0.00980751216411591 0.0158212799578905 0.021795392036438 0.00410372903570533 0.0202478002756834 0.0315131098031998 0.0113025698810816 0.0143710430711508 0.0100331194698811 0.004867531824857 0.0117754964157939 0.00730558997020125 0.00634351558983326 0.00584247475489974 0.00512290420010686 0.00911904685199261 0.00908188428729773 0.00686279265210032 0.00500379037111998 0.00750510953366756 0.0108594410121441 0.00996117293834686 0.00915545132011175 0.0109083093702793 0.0107573941349983 0.0113132363185287 0.00990990083664656 0.00806283578276634 0.00710512790828943 0.00694451481103897 0.00764433294534683 0.010648594237864 0.0119233056902885 0.00630989810451865 0.0100431796163321 0.0115673067048192 0.0143307149410248 0.016367444768548 0.0187071338295937 0.0205759033560753
0.0203324276953936 0.0196562875062227 0.018366226926446 0.0162332132458687 0.0138646904379129 0.0100017413496971 0.0143469432368875 0.0124506046995521 0.00764572340995073 0.0146915670484304 0.0153854172676802 0.0158153045922518 0.0119297923520207 0.00827035028487444 0.0051839123480022 0.00678226305171847 0.00443905778229237 0.00458384305238724 0.00505954399704933 0.00627836352214217 0.00617930665612221 0.00726436218246818 0.00655448110774159 0.00659252656623721 0.00841277837753296 0.00990165676921606 0.00914211384952068 0.0099363187327981 0.00876792427152395 0.0100690629333258 0.00838334579020739 0.0059079360216856 0.00512965256348252 0.00621940148994327 0.00700580142438412 0.01122803427279 0.0107690673321486 0.0102621596306562 0.0107051013037562 0.0112254954874516 0.0145781394094229 0.0124825555831194 0.0155920777469873 0.014754019677639
0.016808059066534 0.0113238720223308 0.00775706768035889 0.0143184838816524 0.0136586930602789 0.0112488111481071 0.0100787607952952 0.00653670821338892 0.00830312073230743 0.0118486480787396 0.0175559613853693 0.0118993921205401 0.0104795722290874 0.0111111346632242 0.00834817159920931 0.0057046371512115 0.00473864935338497 0.0044031897559762 0.00505506852641702 0.00764654250815511 0.00713163195177913 0.0117232007905841 0.00799857079982758 0.00540237547829747 0.0068410849198699 0.00513083580881357 0.0133927026763558 0.00878133159130812 0.00898986402899027 0.010175964795053 0.0102708535268903 0.00686990655958652 0.00515935011208057 0.00841462053358555 0.0104107121005654 0.0106229335069656 0.00744443759322166 0.00667571416124701 0.00728957867249846 0.0091076772660017 0.0112097254022956 0.00796807184815407 0.00695545971393585 0.0102396411821246
0.0139832245185971 0.013335982337594 0.0169341098517179 0.0178471971303225 0.0151656037196517 0.0158073324710131 0.012295838445425 0.0138729978352785 0.0128280902281404 0.00679230922833085 0.0216103475540876 0.014097835868597 0.0077053252607584 0.00896283052861691 0.00856237672269344 0.00737061351537704 0.00765174208208919 0.00702323950827122 0.00930030643939972 0.0098921786993742 0.0090063801035285 0.0155736161395907 0.00873724557459354 0.00522984564304352 0.00666173966601491 0.00970679800957441 0.00952307414263487 0.0129502220079303 0.00813874788582325 0.00692230928689241 0.00762056419625878 0.00505391648039222 0.00611517764627934 0.00725258514285088 0.0102910790592432 0.00859189312905073 0.00793953984975815 0.00811821408569813 0.0106670279055834 0.0109297800809145 0.00765908509492874 0.0105394078418612 0.0114547815173864 0.00624981801956892
0.0134448809549212 0.0161054823547602 0.018931595608592 0.0163704417645931 0.0186600051820278 0.0233319588005543 0.0185517035424709 0.0159502979367971 0.0125683443620801 0.00774984480813146 0.015235548838973 0.0162767264991999 0.00780090223997831 0.00762614281848073 0.00932598765939474 0.00986696314066648 0.00996533595025539 0.00431717140600085 0.00647630356252193 0.0118140084668994 0.0222925748676062 0.0205531157553196 0.00846878439188004 0.00654908595606685 0.00908711273223162 0.0137944705784321 0.00965342298150063 0.00802611373364925 0.00768505642190576 0.00767478765919805 0.00723257102072239 0.006012630648911 0.00757258990779519 0.00651008542627096 0.00790902506560087 0.00971726607531309 0.00749509735032916 0.00945174042135477 0.00845576077699661 0.0121965613216162 0.0106704160571098 0.0105107175186276 0.00842287763953209 0.0081684784963727
0.0167521126568317 0.0164599120616913 0.0174315273761749 0.0202741175889969 0.0236140731722116 0.0214162226766348 0.0148176271468401 0.0159122589975595 0.0107097299769521 0.013563746586442 0.0184386800974607 0.0148144084960222 0.0149156209081411 0.00762633001431823 0.00607183249667287 0.00558584462851286 0.0104341600090265 0.00489437952637672 0.00389605853706598 0.0136598218232393 0.0280920956283808 0.0208987947553396 0.00906033907085657 0.00288360426202416 0.00912987999618053 0.0125189023092389 0.00817134510725737 0.00847022701054811 0.00713281612843275 0.00658432487398386 0.00533435447141528 0.00532551063224673 0.00608743028715253 0.00552048627287149 0.00778888119384646 0.00888303481042385 0.00678713945671916 0.00848554540425539 0.00793399941176176 0.0133426720276475 0.0089415367692709 0.00857277680188417 0.0105494661256671 0.0139822624623775
0.0152704576030374 0.0149938985705376 0.0148840751498938 0.0172314420342445 0.0155252097174525 0.0135499499738216 0.0115746567025781 0.0114772021770477 0.00839575752615929 0.0129284234717488 0.0147953564301133 0.00372859579510987 0.0290287248790264 0.011017357930541 0.00358246127143502 0.0078703798353672 0.00933994632214308 0.00842123944312334 0.00775850424543023 0.00707188388332725 0.00463283713907003 0.0154876355081797 0.0208738595247269 0.00347451935522258 0.00728602800518274 0.00949761923402548 0.00758811458945274 0.00925723277032375 0.0094797033816576 0.00757751567289233 0.0055507980287075 0.00786690507084131 0.00601547071710229 0.00481713050976396 0.00583952711895108 0.00710917543619871 0.00781973637640476 0.0119495736435056 0.00603368785232306 0.00884376652538776 0.00583589216694236 0.00380779919214547 0.00402171723544598 0.00636427104473114
0.0124619826674461 0.0143241044133902 0.0129086459055543 0.0115355243906379 0.0119917318224907 0.00976117420941591 0.0143689326941967 0.0127173252403736 0.0122529705986381 0.00867362506687641 0.0097459563985467 0.00540760951116681 0.00521385343745351 0.0109177175909281 0.0131866885349154 0.0311257839202881 0.00731973862275481 0.00972537416964769 0.00974832568317652 0.00543365627527237 0.00369903002865613 0.00462407851591706 0.00959479715675116 0.00307710585184395 0.00384583440609276 0.00866902060806751 0.00819764751940966 0.0113145997747779 0.0112666608765721 0.00891293585300446 0.00741289602592587 0.00922034215182066 0.00653672311455011 0.00526889553293586 0.00591455306857824 0.00761800026521087 0.00842582900077105 0.0102285714820027 0.00938891153782606 0.00512190582230687 0.00433133542537689 0.00870995968580246 0.00609008176252246 0.00453048571944237
0.00498287612572312 0.00389427761547267 0.0059476918540895 0.00702089909464121 0.0137543240562081 0.0100299790501595 0.0132127394899726 0.0154231330379844 0.0109431045129895 0.0112628228962421 0.00388287822715938 0.00348726846277714 0.00147410854697227 0.0266068987548351 0.0277484748512506 0.0419666655361652 0.0129221370443702 0.0151479747146368 0.00693250028416514 0.00814695283770561 0.00693135429173708 0.00513060204684734 0.00414304388687015 0.00290839094668627 0.00446064537391067 0.00778700038790703 0.00935329589992762 0.00849918182939291 0.0119931809604168 0.0102979140356183 0.00829893257468939 0.00854289624840021 0.0086835939437151 0.0065791099332273 0.00614822376519442 0.00694020884111524 0.00784788932651281 0.00982452183961868 0.00494210049510002 0.00151218986138701 1.10519295049016e-05 0.0136283123865724 0.0102461138740182 0.00645723333582282
0.00377981760539114 0.00306286942213774 0.0029994728974998 0.00574587378650904 0.00719415582716465 0.00954225845634937 0.0112541150301695 0.0116552971303463 0.0122082475572824 0.0119654685258865 0.00681953132152557 0.00313481804914773 0.00203141011297703 0.0181159917265177 0.0121250841766596 0.0170187596231699 0.00392560102045536 0.0185176227241755 0.00823556631803513 0.0364334397017956 0.0290044117718935 0.00502618728205562 0.00257724267430604 0.00407600682228804 0.0024440863635391 0.00507878279313445 0.00939045660197735 0.0131115606054664 0.0130930691957474 0.0127578405663371 0.00982991512864828 0.00810559932142496 0.00721801957115531 0.0063981176353991 0.00629634968936443 0.00721591478213668 0.0119891138747334 0.0177095290273428 0.00329588120803237 0.000450890132924542 -3.09808092424646e-05 0.0296585205942392 0.0063423071987927 0.0182640869170427
