Ecospace-environmental-drivers/Outputs/ASCII-for-ecospace/Cfl/Cfl_X2013.12.asc
NCOLS 131 
NROWS 53 
XLLCORNER -98 
YLLCORNER 23.9265270233154 
CELLSIZE 0.133587792515755 
NODATA_value -3.4e+38 
[rows 20 to 39 of 53, columns 0 to 45 of 131]
-3.4e+38 -3.4e+38 -3.4e+38 -3.4e+38 -3.4e+38 -3.4e+38 -3.4e+38 -3.4e+38 -3.4e+38 9.89301204681396 7.07776784896851 3.78515887260437 2.93496036529541 2.07924604415894 1.4874484539032 1.00383532047272 0.894943118095398 0.825260281562805 0.662333309650421 0.477096527814865 0.43144953250885 0.420242697000504 0.430627554655075 0.50909560918808 0.552566647529602 0.536213159561157 0.522818088531494 0.570146143436432 0.561425089836121 0.557166635990143 0.497590333223343 0.516927659511566 0.496866315603256 0.485972821712494 0.50024002790451 0.529135465621948 0.540602266788483 0.544626772403717 0.55765575170517 0.555820167064667 0.572356581687927 0.578737437725067 0.584489047527313 0.549232602119446 0.451514452695847 0.591129660606384
-3.4e+38 -3.4e+38 -3.4e+38 -3.4e+38 -3.4e+38 -3.4e+38 5.94960117340088 9.13127326965332 -3.4e+38 3.64308333396912 3.40422987937927 2.47229671478271 1.58320319652557 0.951368808746338 0.63459724187851 0.535566329956055 0.594788491725922 0.594351410865784 0.569091379642487 0.481777429580688 0.290076375007629 0.216979488730431 0.24910081923008 0.369885504245758 0.547636926174164 0.563408374786377 0.554721176624298 0.585176765918732 0.564800262451172 0.538718521595001 0.513271689414978 0.489238262176514 0.465263038873672 0.457031607627869 0.454051673412323 0.496747016906738 0.479595333337784 0.481567978858948 0.49496865272522 0.512285590171814 0.512293040752411 0.521099448204041 0.528676807880402 0.51616644859314 0.504955053329468 0.52138614654541
-3.4e+38 -3.4e+38 -3.4e+38 -3.4e+38 -3.4e+38 -3.4e+38 5.21294498443604 4.55262899398804 3.3575553894043 2.80898904800415 1.78017163276672 1.32773172855377 1.07491493225098 0.94160407781601 0.777266263961792 0.51681649684906 0.490575879812241 0.414506673812866 0.474411129951477 0.494667828083038 0.297103762626648 0.215536177158356 0.231763765215874 0.339615345001221 0.479911297559738 0.415874004364014 0.496248811483383 0.490098148584366 0.475666224956512 0.463943868875504 0.403292953968048 0.37169873714447 0.40845599770546 0.411377042531967 0.404115319252014 0.410747200250626 0.391226679086685 0.405642747879028 0.403928488492966 0.395653337240219 0.384646713733673 0.378914594650269 0.394569754600525 0.411852687597275 0.422671943902969 0.410573303699493
-3.4e+38 -3.4e+38 -3.4e+38 -3.4e+38 5.75523900985718 4.51503086090088 -3.4e+38 3.41430473327637 2.80339026451111 1.7324070930481 0.978079915046692 0.598438918590546 0.525766551494598 0.468859285116196 0.476909577846527 0.49692639708519 0.369387239217758 0.28380286693573 0.226695135235786 0.225924417376518 0.222172662615776 0.218892529606819 0.218399152159691 0.349422991275787 0.369315385818481 0.25812178850174 0.273128896951675 0.289749622344971 0.325925141572952 0.37649804353714 0.361419051885605 0.341454476118088 0.332059800624847 0.336678594350815 0.350088357925415 0.366569101810455 0.356209099292755 0.351576060056686 0.34622123837471 0.360162287950516 0.357375591993332 0.348183929920197 0.354103058576584 0.373348504304886 0.361309945583344 0.374575912952423
-3.4e+38 -3.4e+38 -3.4e+38 -3.4e+38 -3.4e+38 5.12041139602661 3.37810444831848 2.7209300994873 1.93609750270844 1.33475649356842 0.533502995967865 0.505451261997223 0.453933417797089 0.391021132469177 0.390698403120041 0.384355932474136 0.291896551847458 0.237954929471016 0.219464763998985 0.232255920767784 0.235103875398636 0.23260959982872 0.229191541671753 0.227685928344727 0.227599918842316 0.231135651469231 0.286458730697632 0.284630835056305 0.29906290769577 0.342654675245285 0.339142501354218 0.287348806858063 0.308532804250717 0.271824508905411 0.289160907268524 0.338453561067581 0.366109371185303 0.347279936075211 0.309108704328537 0.320584177970886 0.312285095453262 0.318495362997055 0.350929766893387 0.360026955604553 0.361146062612534 0.365516543388367
-3.4e+38 -3.4e+38 -3.4e+38 -3.4e+38 -3.4e+38 2.8666467666626 2.69719052314758 1.95164465904236 0.968766331672668 0.516251504421234 0.438963890075684 0.44382455945015 0.397674679756165 0.386751294136047 0.329026788473129 0.343444108963013 0.286517530679703 0.234170943498611 0.225069299340248 0.252581149339676 0.261269986629486 0.270437449216843 0.242051795125008 0.28876331448555 0.301008462905884 0.234818369150162 0.229401513934135 0.288448184728622 0.331606298685074 0.344966411590576 0.394693702459335 0.287980765104294 0.253188163042068 0.245939791202545 0.237811714410782 0.271967381238937 0.314323097467422 0.292285352945328 0.277332454919815 0.268870443105698 0.278099149465561 0.303647190332413 0.315212845802307 0.317307770252228 0.362430721521378 0.349318772554398
-3.4e+38 -3.4e+38 -3.4e+38 -3.4e+38 -3.4e+38 3.25000619888306 2.14063739776611 1.35752892494202 0.749760329723358 0.457167059183121 0.368785560131073 0.31670555472374 0.312230944633484 0.319242388010025 0.330354034900665 0.3575379550457 0.298536568880081 0.23486901819706 0.238261461257935 0.268972963094711 0.268594652414322 0.283054918050766 0.255427837371826 0.299483388662338 0.345698148012161 0.263498097658157 0.209346994757652 0.279601216316223 0.321296095848083 0.270462453365326 0.282168090343475 0.287101000547409 0.260140091180801 0.224975943565369 0.266416430473328 0.25441187620163 0.279728770256042 0.246253535151482 0.230801686644554 0.240613520145416 0.264184713363647 0.258605688810349 0.29441973567009 0.33648869395256 0.361703366041183 0.342549026012421
-3.4e+38 -3.4e+38 -3.4e+38 -3.4e+38 -3.4e+38 2.80238103866577 1.71994876861572 0.807410836219788 0.520911812782288 0.432756274938583 0.392302364110947 0.320539355278015 0.297239571809769 0.321573525667191 0.353839606046677 0.329969495534897 0.253148913383484 0.262820452451706 0.262164205312729 0.265729606151581 0.283429861068726 0.266646951436996 0.256653040647507 0.193142235279083 0.173795938491821 0.192024350166321 0.189008608460426 0.209774598479271 0.255558252334595 0.245286121964455 0.206928119063377 0.304954171180725 0.33162733912468 0.437181115150452 0.35915932059288 0.303305864334106 0.289229929447174 0.237183436751366 0.22234283387661 0.24259090423584 0.254450887441635 0.25789675116539 0.286472320556641 0.298263698816299 0.293749034404755 0.270627707242966
-339999999999999996128486808808066248288.000000000000000 -3.4e+38 -3.4e+38 -3.4e+38 3.09636235237122 2.50010704994202 1.12905740737915 0.587760448455811 0.472583323717117 0.504911482334137 0.49421289563179 0.360253185033798 0.297260761260986 0.312168091535568 0.342005431652069 0.281788140535355 0.277076154947281 0.282516211271286 0.291546016931534 0.280812382698059 0.248330995440483 0.233415499329567 0.219964444637299 0.189315870404243 0.193695873022079 0.189270362257957 0.191764250397682 0.187055736780167 0.187290787696838 0.199664726853371 -3.4e+38 0.251165837049484 0.36215540766716 0.412259101867676 0.293366879224777 0.223428666591644 0.237363547086716 0.221356958150864 0.260514914989471 0.293484956026077 0.308170974254608 0.320048749446869 0.298253297805786 0.249880433082581 0.221597731113434 0.234932765364647
-3.4e+38 -3.4e+38 -3.4e+38 -3.4e+38 2.84788799285889 2.33195924758911 1.2685534954071 0.629467368125916 0.553476333618164 0.504447996616364 0.422168374061584 0.362992286682129 0.292266279459 0.25365349650383 0.272740364074707 0.290431410074234 0.283337354660034 0.28903266787529 0.252324014902115 0.246562033891678 0.223153054714203 0.173775717616081 0.190112724900246 0.17767246067524 0.166988492012024 0.175010189414024 0.184836268424988 0.19237095117569 0.192906990647316 0.189451798796654 0.180437967181206 0.158968061208725 0.172431960701942 0.178411453962326 0.221979692578316 0.211116701364517 0.222409829497337 0.222755372524261 0.232983648777008 0.253644347190857 0.270528763532639 0.240268096327782 0.242959901690483 0.206050023436546 0.19067308306694 0.2135169506073
-3.4e+38 -3.4e+38 -3.4e+38 -3.4e+38 2.51070427894592 2.26342082023621 1.17977273464203 0.639398992061615 0.577663004398346 0.441780209541321 0.34731063246727 0.335294485092163 0.281004577875137 0.266584813594818 0.284536898136139 0.269753754138947 0.240198582410812 0.237892523407936 0.257198125123978 0.209451407194138 0.162708058953285 0.158533707261086 0.170808389782906 0.185255497694016 0.182696729898453 0.174136340618134 0.173867970705032 0.185586214065552 0.191007703542709 0.187674567103386 0.180102065205574 0.183336868882179 0.182452261447906 0.151597067713737 0.16641902923584 0.190091639757156 0.2103041857481 0.220129385590553 0.213621884584427 0.228739753365517 0.246901884675026 0.18824727833271 0.18534155189991 0.183980464935303 0.191143661737442 0.195389866828918
-3.4e+38 -3.4e+38 -3.4e+38 -3.4e+38 -3.4e+38 2.28515028953552 1.4230819940567 0.849896609783173 0.753484845161438 0.540350437164307 0.343866288661957 0.293276488780975 0.253023713827133 0.267186373472214 0.259937644004822 0.259219378232956 0.274103879928589 0.276906728744507 0.264618724584579 0.236084878444672 0.19152969121933 0.165229246020317 0.154212206602097 0.168822139501572 0.19825741648674 0.192077934741974 0.168553486466408 0.168500825762749 0.162809014320374 0.186187669634819 0.20022052526474 0.164551451802254 0.141441836953163 0.143627896904945 0.159829616546631 0.175248101353645 0.187419876456261 0.205485805869102 0.209802150726318 0.208190456032753 0.205737933516502 0.204054579138756 0.177788704633713 0.18215799331665 0.179422318935394 0.180496960878372
-3.4e+38 -3.4e+38 -3.4e+38 -3.4e+38 -3.4e+38 2.18591117858887 1.92957043647766 1.20821154117584 0.690820217132568 0.620422840118408 0.39561203122139 0.260884046554565 0.240897446870804 0.26055234670639 0.267079412937164 0.260387003421783 0.249712347984314 0.263904392719269 0.264804720878601 0.24200265109539 0.249573782086372 0.242194190621376 0.192647203803062 0.175220832228661 0.173866167664528 0.188484013080597 0.184232071042061 0.170791432261467 0.167852833867073 0.174077555537224 0.161233887076378 0.162455841898918 0.174228504300117 0.168663665652275 0.179697573184967 0.185986831784248 0.188624873757362 0.209133744239807 0.195783987641335 0.206667229533195 0.233785718679428 0.210864350199699 0.169643864035606 0.176514640450478 0.175110638141632 0.170420154929161
-3.4e+38 -3.4e+38 -3.4e+38 -3.4e+38 -3.4e+38 2.44791555404663 2.30051851272583 1.77689015865326 1.04944694042206 0.712737739086151 0.424318432807922 0.318587452173233 0.260202676057816 0.262872755527496 0.253587245941162 0.243097856640816 0.240196526050568 0.23943780362606 0.249777555465698 0.226188495755196 0.221667855978012 0.267097502946854 0.227116033434868 0.213427811861038 0.208822622895241 0.19849818944931 0.177823349833488 0.181255742907524 0.155104324221611 0.163242474198341 0.206573575735092 0.233370944857597 0.186377704143524 0.19385139644146 0.202611401677132 0.203277587890625 0.205638438463211 0.216826140880585 0.202815040946007 0.198208525776863 0.183347061276436 0.173764139413834 0.172506257891655 0.181694328784943 0.182182729244232 0.17850336432457
-3.4e+38 -3.4e+38 -3.4e+38 -3.4e+38 -3.4e+38 2.31167578697205 2.31923365592957 1.99896621704102 1.4224374294281 1.20922136306763 0.652920842170715 0.425972938537598 0.345626413822174 0.286843240261078 0.258035778999329 0.239492177963257 0.238725066184998 0.232391729950905 0.238307759165764 0.205621674656868 0.224591478705406 0.282569110393524 0.253565281629562 0.256757825613022 0.223434194922447 0.195149302482605 0.180803239345551 0.151648342609406 0.169532954692841 0.157843306660652 -3.4e+38 0.208290681242943 0.204177707433701 0.215495467185974 0.202698409557343 0.205652713775635 0.211348384618759 0.192374512553215 0.183113127946854 0.182424142956734 0.179210096597672 0.172101080417633 0.179247975349426 0.183339133858681 0.17699933052063 0.181531175971031
-3.4e+38 -3.4e+38 -3.4e+38 -3.4e+38 -3.4e+38 9.77410316467285 2.37640976905823 2.08005571365356 1.5379478931427 1.06898009777069 0.582241177558899 0.468176931142807 0.420840293169022 0.368727773427963 0.284590512514114 0.258800506591797 0.258030116558075 0.243467181921005 0.2471022605896 0.223159968852997 0.256221532821655 0.262306660413742 0.235745906829834 0.227191567420959 0.229230150580406 0.196472093462944 0.143889173865318 0.138847321271896 0.152217119932175 -3.4e+38 0.181716531515121 0.187720745801926 0.199228182435036 0.21916501224041 0.233021602034569 0.244090750813484 0.210393160581589 0.189158260822296 0.186022102832794 0.177703961730003 0.185088589787483 0.167373463511467 0.174088656902313 0.176535978913307 0.174853622913361 0.17357511818409
-3.4e+38 -3.4e+38 -3.4e+38 -3.4e+38 -3.4e+38 8.63192081451416 2.85811185836792 2.16783285140991 1.79790556430817 0.749900341033936 0.57361912727356 0.528049886226654 0.36308628320694 0.32622766494751 0.280551880598068 0.266816020011902 0.276849687099457 0.258793503046036 0.23908169567585 0.224804028868675 0.232584297657013 0.167983591556549 0.191292449831963 0.209547117352486 0.157122626900673 0.180519416928291 0.171418473124504 0.131340891122818 -3.4e+38 -3.4e+38 0.181375950574875 0.181220188736916 0.187461912631989 0.215268388390541 0.230651915073395 0.227510660886765 0.217786431312561 0.229103296995163 0.229800567030907 0.183070063591003 0.185309395194054 0.186141207814217 0.176583901047707 0.173839151859283 0.17882052063942 0.179982453584671
-3.4e+38 -3.4e+38 -3.4e+38 -3.4e+38 -3.4e+38 -3.4e+38 2.39137816429138 1.96624791622162 1.29877662658691 0.624213516712189 0.577026963233948 0.491784811019897 0.350828975439072 0.305454671382904 0.292185544967651 0.281713873147964 0.274287849664688 0.2464280128479 0.228770419955254 0.224006608128548 0.219866037368774 0.173008471727371 0.173253789544106 0.165905550122261 0.139609515666962 0.142995223402977 0.167168855667114 0.158496513962746 -3.4e+38 0.168522998690605 0.164088845252991 0.164153441786766 0.193921267986298 0.226625576615334 0.242989838123322 0.262956976890564 0.262836396694183 0.237013474106789 0.195649817585945 0.186279520392418 0.179611802101135 0.195374488830566 0.171233832836151 0.169602513313293 0.170998975634575 0.173596039414406
-3.4e+38 -3.4e+38 -3.4e+38 -3.4e+38 -3.4e+38 -3.4e+38 2.26550316810608 1.92783296108246 1.12837362289429 0.624855101108551 0.549955129623413 0.406039237976074 0.32316318154335 0.337460368871689 0.284021228551865 0.266320079565048 0.266623765230179 0.255387336015701 0.226908549666405 0.209268927574158 0.199115291237831 0.179542496800423 0.148642301559448 0.163889691233635 0.129198595881462 0.121248379349709 0.128571629524231 0.133980110287666 0.154725342988968 0.192322567105293 0.139497622847557 0.175355106592178 0.19946077466011 0.206357002258301 0.222308173775673 0.259560108184814 0.221730276942253 0.197505876421928 0.194225937128067 0.187924399971962 0.178862288594246 0.167973443865776 0.169398561120033 0.16518771648407 0.162650734186172 0.169980213046074
-3.4e+38 -3.4e+38 -3.4e+38 -3.4e+38 -3.4e+38 -3.4e+38 2.07157373428345 1.74495410919189 0.918182075023651 0.589579641819 0.484477609395981 0.392388552427292 0.307742327451706 0.325587898492813 0.293880999088287 0.256014287471771 0.254347056150436 0.262090682983398 0.268897652626038 0.221313342452049 0.191419094800949 0.141588896512985 0.131969571113586 0.130948022007942 0.12708754837513 0.134066671133041 0.12350844591856 0.154779449105263 0.168794259428978 0.227410361170769 0.228219524025917 0.159345492720604 0.179976627230644 0.204480886459351 0.213240116834641 0.215822771191597 0.194050922989845 0.190153628587723 0.181864410638809 0.175012215971947 0.170123875141144 0.165138334035873 0.162261262536049 0.147854670882225 0.157988965511322 0.168791741132736
