Ecospace-environmental-drivers/Outputs/ASCII-for-ecospace/Cfl/Cfl_X2003.02.asc
NCOLS 131 
NROWS 53 
XLLCORNER -98 
YLLCORNER 23.9265270233154 
CELLSIZE 0.133587792515755 
NODATA_value -3.4e+38 
[rows 20 to 39 of 53, columns 46 to 91 of 131]
0.553920984268188 0.626050174236298 0.58667004108429 0.621301352977753 0.879290461540222 0.841704785823822 0.792471885681152 1.38197815418243 1.45764219760895 0.995819330215454 0.779067754745483 0.7183877825737 0.637892663478851 0.467945963144302 0.425152778625488 0.369492083787918 0.363000810146332 0.365545958280563 0.440656244754791 0.435607939958572 0.400617092847824 0.477792739868164 0.524007201194763 0.509430527687073 0.473877400159836 0.47390803694725 0.445694923400879 0.416534513235092 0.432808548212051 0.45309841632843 0.444326043128967 0.378768682479858 0.330797165632248 0.293986529111862 0.29966613650322 0.317362487316132 0.310696005821228 0.304189145565033 0.277455925941467 0.287431299686432 0.318987011909485 0.34225806593895 0.380831956863403 0.390171587467194 0.365063369274139 0.365072041749954
0.4889175593853 0.505340993404388 0.48361200094223 0.445441335439682 0.524263441562653 0.595298409461975 0.466065913438797 0.430383801460266 0.440660566091537 0.407823383808136 0.411692529916763 0.376818627119064 0.367048561573029 0.362552434206009 0.337827146053314 0.362574309110641 0.391100585460663 0.408342152833939 0.385474592447281 0.384461045265198 0.331100821495056 0.384574949741364 0.456865787506104 0.49127072095871 0.475703060626984 0.447909325361252 0.411873251199722 0.389166533946991 0.404205501079559 0.410844773054123 0.4243223965168 0.393724590539932 0.336314857006073 0.304300755262375 0.293078452348709 0.295374274253845 0.298098176717758 0.308353036642075 0.31945663690567 0.302090138196945 0.318804621696472 0.334980577230453 0.307251274585724 0.358574330806732 0.336502075195312 0.319028735160828
0.447507351636887 0.448150753974915 0.414488941431046 0.431591928005219 0.447361081838608 0.427405804395676 0.368594795465469 0.363096415996552 0.344715595245361 0.353042781352997 0.33898863196373 0.325152218341827 0.319386333227158 0.331238240003586 0.328728199005127 0.350395560264587 0.364135235548019 0.371914565563202 0.376989394426346 0.34847503900528 0.356345295906067 0.373478949069977 0.417033016681671 0.460849076509476 0.454486012458801 0.428764700889587 0.380499660968781 0.347503542900085 0.371480286121368 0.367080688476562 0.360362499952316 0.362355172634125 0.340519309043884 0.314857184886932 0.30360820889473 0.28082075715065 0.301053285598755 0.321188598871231 0.33982926607132 0.316638469696045 0.327675580978394 0.319467931985855 0.313198536634445 0.314695745706558 0.341705828905106 0.332624763250351
0.375979244709015 0.394878923892975 0.383163273334503 0.382836669683456 0.415120184421539 0.392347455024719 0.364498227834702 0.354073226451874 0.348930299282074 0.338486194610596 0.324753373861313 0.305497825145721 0.311328858137131 0.330711036920547 0.342224299907684 0.339445173740387 0.345053821802139 0.350670874118805 0.340649962425232 0.334914594888687 0.370874047279358 0.337568163871765 0.374669402837753 0.422192513942719 0.431412279605865 0.389870405197144 0.334839940071106 0.303480535745621 0.327419579029083 0.352903962135315 0.330211162567139 0.332364678382874 0.320724308490753 0.300542712211609 0.30303767323494 0.282423287630081 0.309622913599014 0.333482652902603 0.336047142744064 0.349808156490326 0.354222059249878 0.355689913034439 0.338347584009171 0.311855733394623 0.323585718870163 0.325664460659027
0.331627696752548 0.352828145027161 0.362345457077026 0.358019948005676 0.353302121162415 0.350470006465912 0.37863752245903 0.363185286521912 0.362583100795746 0.348538339138031 0.340071767568588 0.308701455593109 0.323639214038849 0.336790472269058 0.315010547637939 0.318824797868729 0.314138770103455 0.33564493060112 0.346483200788498 0.344866752624512 0.339779287576675 0.335701644420624 0.38784322142601 0.416544049978256 0.379464030265808 0.348434299230576 0.323384523391724 0.312332987785339 0.325040608644485 0.318683207035065 0.313716143369675 0.304946660995483 0.288200378417969 0.281774878501892 0.278779119253159 0.279517233371735 0.299537271261215 0.317467838525772 0.330080062150955 0.350248634815216 0.355536043643951 0.335728615522385 0.343521445989609 0.341187417507172 0.301064550876617 0.272277504205704
0.280029237270355 0.29879492521286 0.294368982315063 0.308244466781616 0.306720376014709 0.31213441491127 0.338314354419708 0.360218375921249 0.333643823862076 0.339354991912842 0.351462483406067 0.333717554807663 0.346359610557556 0.370285779237747 0.359901964664459 0.308713287115097 0.309351682662964 0.32892370223999 0.330279648303986 0.309690415859222 0.31476902961731 0.369355082511902 0.388622224330902 0.365421086549759 0.358031094074249 0.346363693475723 0.321328490972519 0.307026773691177 0.298913061618805 0.296651005744934 0.292345732450485 0.280944973230362 0.28253760933876 0.294368833303452 0.281232327222824 0.277963995933533 0.291753679513931 0.307040393352509 0.313321501016617 0.327845424413681 0.329792439937592 0.342631101608276 0.326360613107681 0.312213659286499 0.297569096088409 0.272209286689758
0.269521951675415 0.274990677833557 0.275081396102905 0.282310783863068 0.278282314538956 0.281676083803177 0.3067726790905 0.320617467164993 0.343094736337662 0.337807923555374 0.310989409685135 0.305803805589676 0.334528595209122 0.36104092001915 0.346662312746048 0.340945363044739 0.326533019542694 0.323718696832657 0.292817682027817 0.300012946128845 0.362797141075134 0.338229209184647 0.340754806995392 0.338570058345795 0.333762019872665 0.311025023460388 0.293340981006622 0.280322283506393 0.278617769479752 0.282110273838043 0.301145821809769 0.298259943723679 0.307839512825012 0.33165517449379 0.314390182495117 0.289555341005325 0.276915550231934 0.28265318274498 0.279866605997086 0.297320306301117 0.305941998958588 0.315845757722855 0.299414128065109 0.309211492538452 0.258967220783234 0.242291450500488
0.257976979017258 0.267159074544907 0.279236793518066 0.286650061607361 0.290889143943787 0.279180288314819 0.271687000989914 0.288185507059097 0.32829412817955 0.332113206386566 0.325364947319031 0.298215270042419 0.284425318241119 0.332720845937729 0.339386641979218 0.378340065479279 0.362401276826859 0.337854206562042 0.343127578496933 0.352880358695984 0.322256863117218 0.295435816049576 0.288485735654831 0.284993678331375 0.291884958744049 0.292721211910248 0.281007081270218 0.290243744850159 0.316075474023819 0.317894965410233 0.319005519151688 0.313994318246841 0.31414982676506 0.310292661190033 0.296518921852112 0.289075702428818 0.296968579292297 0.289340049028397 0.26937535405159 0.264273196458817 0.283563017845154 0.290325075387955 0.27066096663475 0.257973790168762 0.246819317340851 0.251241654157639
0.247295871376991 0.249603897333145 0.250905454158783 0.266895860433578 0.261763513088226 0.249589830636978 0.278404086828232 0.296362906694412 0.309816777706146 0.304449528455734 0.308939039707184 0.290298253297806 0.269826501607895 0.296602338552475 0.333342403173447 0.340154618024826 0.347112625837326 0.358970254659653 0.356728821992874 0.317324757575989 0.281755000352859 0.279258787631989 0.276307880878448 0.270534694194794 0.287970036268234 0.307163208723068 0.302244573831558 0.28230157494545 0.302374690771103 0.321346551179886 0.33512470126152 0.300102978944778 0.2816341817379 0.25762066245079 0.232994452118874 0.224505573511124 0.238889187574387 0.244626358151436 0.254485040903091 0.247398942708969 0.258200287818909 0.253026992082596 0.236441686749458 0.282035142183304 0.277779668569565 0.253407299518585
0.245819866657257 0.251140356063843 0.249897643923759 0.24990838766098 0.253525108098984 0.247367158532143 0.26900252699852 0.29520645737648 0.301077455282211 0.297025114297867 0.295508205890656 0.28030326962471 0.291209161281586 0.30427023768425 0.329844951629639 0.306234270334244 0.328571438789368 0.326650172472 0.310384899377823 0.275978296995163 0.287446707487106 0.28351902961731 0.272016972303391 0.263975620269775 0.289611130952835 0.322123736143112 0.328051924705505 0.330204248428345 0.32089364528656 0.3127581179142 0.318545013666153 0.272813379764557 0.238333538174629 0.194811597466469 0.189513593912125 0.184897899627686 0.19522026181221 0.201178967952728 0.208751231431961 0.193821787834167 0.201317653059959 0.219911143183708 0.238195270299911 0.234834685921669 0.230441853404045 0.240616410970688
0.242280170321465 0.243922606110573 0.242378503084183 0.247718915343285 0.24510195851326 0.248395442962646 0.261056154966354 0.268195033073425 0.28619310259819 0.284491628408432 0.303963720798492 0.290159225463867 0.285066664218903 0.283898293972015 0.285775691270828 0.282726377248764 0.279762595891953 0.280301839113235 0.278831839561462 0.27168670296669 0.263335704803467 0.268615275621414 0.270955204963684 0.279556304216385 0.290368854999542 0.295449525117874 0.296482175588608 0.331712663173676 0.345796048641205 0.328749686479568 0.315098345279694 0.274313479661942 0.213894963264465 0.175781607627869 0.171812057495117 0.182013124227524 0.182356491684914 0.187511622905731 0.18911749124527 0.182401388883591 0.184191837906837 0.199798703193665 0.214187756180763 0.204895228147507 0.191490352153778 0.198307782411575
0.239436119794846 0.237472772598267 0.23926442861557 0.257391393184662 0.250786691904068 0.241146042943001 0.243132367730141 0.245616018772125 0.260866552591324 0.262317270040512 0.285266727209091 0.299535155296326 0.303243786096573 0.274655610322952 0.264644473791122 0.265643626451492 0.251397907733917 0.24491286277771 0.254729181528091 0.25369992852211 0.241485103964806 0.255225658416748 0.269619792699814 0.258501648902893 0.256392866373062 0.273504137992859 0.299176782369614 0.321134805679321 0.33843669295311 0.320091009140015 0.304986357688904 0.246143847703934 0.184360474348068 0.169079303741455 0.165658548474312 0.181597948074341 0.184728875756264 0.186465114355087 0.180318012833595 0.179278656840324 0.180597990751266 0.187204271554947 0.179595053195953 0.179700404405594 0.188908204436302 0.187246814370155
0.230252772569656 0.239995300769806 0.239159911870956 0.244523331522942 0.245328560471535 0.246418029069901 0.233281314373016 0.241204902529716 0.25398662686348 0.256713598966599 0.251180619001389 0.287221014499664 0.310531497001648 0.305507272481918 0.272135525941849 0.26629963517189 0.253085821866989 0.235588058829308 0.231430530548096 0.239027634263039 0.241420671343803 0.239488452672958 0.249729678034782 0.258847922086716 0.299670934677124 0.305356591939926 0.291605323553085 0.328919470310211 0.291327804327011 0.279166102409363 0.261338263750076 0.176094502210617 0.162904500961304 0.163294449448586 0.166980609297752 0.174575954675674 0.178228676319122 0.169937863945961 0.17434623837471 0.169470593333244 0.16958312690258 0.161371469497681 0.169499605894089 0.173253193497658 0.182075008749962 0.181302383542061
0.222201406955719 0.227243736386299 0.226912766695023 0.233487173914909 0.23713681101799 0.235181227326393 0.242659717798233 0.244016662240028 0.246077254414558 0.254804193973541 0.253724604845047 0.259124755859375 0.283388435840607 0.278289198875427 0.259692549705505 0.245411187410355 0.24923799932003 0.239997923374176 0.228467121720314 0.237540319561958 0.253221720457077 0.258343786001205 0.249798029661179 0.259482443332672 0.286246240139008 0.264843761920929 0.254798859357834 0.284635365009308 0.256751120090485 0.258506268262863 0.196122512221336 0.158583357930183 0.15707428753376 0.15913137793541 0.159454569220543 0.163951560854912 0.164775744080544 0.162457376718521 0.171270743012428 0.16531153023243 0.16488690674305 0.170638665556908 0.178983718156815 0.188830941915512 0.191279023885727 0.188888430595398
0.233205154538155 0.231675118207932 0.227506279945374 0.231684133410454 0.231864124536514 0.230166003108025 0.233752697706223 0.243143543601036 0.246673464775085 0.24700702726841 0.253711372613907 0.2533338367939 0.287249207496643 0.269401580095291 0.264629036188126 0.251119405031204 0.23670756816864 0.233913198113441 0.23823045194149 0.243195921182632 0.251682877540588 0.252860456705093 0.25671598315239 0.273898303508759 0.252300679683685 0.226865649223328 0.243759647011757 0.248944893479347 0.232468888163567 0.23177382349968 0.173688918352127 0.15456423163414 0.154878497123718 0.153676524758339 0.159390598535538 0.161269992589951 0.162670448422432 0.167149499058723 0.175065249204636 0.179687857627869 0.182429105043411 0.187808901071548 0.189068421721458 0.18475279211998 0.185046434402466 0.183269202709198
0.232802867889404 0.231650188565254 0.226979687809944 0.231849446892738 0.23113226890564 0.23103041946888 0.235882416367531 0.232226505875587 0.243057325482368 0.248729348182678 0.251281261444092 0.266572743654251 0.281890481710434 0.259102404117584 0.264789760112762 0.258291721343994 0.234057605266571 0.223987832665443 0.231497973203659 0.239001840353012 0.233369633555412 0.248854115605354 0.254973858594894 0.272909373044968 0.210478991270065 0.216724082827568 0.241939544677734 0.21452334523201 0.232681274414062 0.188400253653526 0.157754153013229 0.157265067100525 0.157742157578468 0.16149015724659 0.166519224643707 0.168181553483009 0.172284618020058 0.172088399529457 0.174936532974243 0.175353437662125 0.184687271714211 0.190084427595139 0.183833196759224 0.179579362273216 0.185017958283424 0.184872791171074
0.228229701519012 0.2312281280756 0.224656000733376 0.226639211177826 0.230285331606865 0.227778002619743 0.228056102991104 0.226177290081978 0.238920569419861 0.243461534380913 0.248568341135979 0.255308449268341 0.267595827579498 0.242558866739273 0.249558061361313 0.240579023957253 0.221376731991768 0.207624912261963 0.214892238378525 0.232653424143791 0.227633327245712 0.23651459813118 0.234038859605789 0.231777548789978 0.206538274884224 0.20980829000473 0.237544268369675 0.219350144267082 0.175146892666817 0.165555074810982 0.161640986800194 0.159947633743286 0.160756185650826 0.167334839701653 0.166559502482414 0.173910886049271 0.177913561463356 0.173878654837608 0.172133773565292 0.185848578810692 0.192285373806953 0.188640624284744 0.185803294181824 0.19131363928318 0.194743975996971 0.191564589738846
0.22171913087368 0.21855503320694 0.217734038829803 0.226017817854881 0.227988258004189 0.225083619356155 0.21527698636055 0.210641130805016 0.215716570615768 0.224970355629921 0.240315705537796 0.237068668007851 0.245391577482224 0.243625804781914 0.235587313771248 0.226101517677307 0.215505868196487 0.216756522655487 0.217694520950317 0.22245916724205 0.216510593891144 0.221606627106667 0.233834937214851 0.223940595984459 0.225910812616348 0.22813992202282 0.218441814184189 0.17701144516468 0.156832426786423 0.153797805309296 0.155867338180542 0.167164623737335 0.163676708936691 0.168901175260544 0.175043284893036 0.175587564706802 0.181724429130554 0.178149685263634 0.191882476210594 0.190206229686737 0.194373786449432 0.184912621974945 0.186150923371315 0.185530573129654 0.187131717801094 0.193058088421822
0.212688580155373 0.209402456879616 0.210981383919716 0.21590980887413 0.217452570796013 0.21561262011528 0.204984396696091 0.20314347743988 0.198259934782982 0.206761568784714 0.226218014955521 0.224979817867279 0.233396574854851 0.232916742563248 0.233493000268936 0.229296773672104 0.22984667122364 0.219322741031647 0.223467871546745 0.219774141907692 0.214186042547226 0.212072670459747 0.218653067946434 0.225251317024231 0.250785499811172 0.252216041088104 0.21435159444809 0.162952408194542 0.149037256836891 0.14693096280098 0.149048149585724 0.159992545843124 0.166973173618317 0.173322826623917 0.177905827760696 0.17498691380024 0.181085973978043 0.183878779411316 0.199176669120789 0.198407381772995 0.190088748931885 0.188290730118752 0.184286445379257 0.184624508023262 0.18809087574482 0.19858630001545
0.208826974034309 0.210851937532425 0.21494734287262 0.211632877588272 0.208412751555443 0.206413388252258 0.198278948664665 0.195198997855186 0.192268967628479 0.192369028925896 0.201044648885727 0.2024976760149 0.220144480466843 0.223928943276405 0.214785933494568 0.212737813591957 0.209505170583725 0.209869220852852 0.208787456154823 0.211680948734283 0.212621465325356 0.213092014193535 0.22136764228344 0.232869014143944 0.25081941485405 0.220453351736069 0.203134417533875 0.168679431080818 0.146225079894066 0.142230048775673 0.146858975291252 0.155905693769455 0.161337345838547 0.171281307935715 0.175174847245216 0.177309840917587 0.188123494386673 0.190225526690483 0.183120891451836 0.191460028290749 0.18994602560997 0.190974026918411 0.189967647194862 0.189665079116821 0.193685501813889 0.195599466562271
