Ecospace-environmental-drivers/Outputs/ASCII-for-ecospace/Cfl/Cfl_X2015.02.asc
NCOLS 131 
NROWS 53 
XLLCORNER -98 
YLLCORNER 23.9265270233154 
CELLSIZE 0.133587792515755 
NODATA_value -3.4e+38 
[rows 0 to 19 of 53, columns 46 to 91 of 131]
-3.4e+38 -3.4e+38 -3.4e+38 -3.4e+38 -3.4e+38 -3.4e+38 -3.4e+38 -3.4e+38 -3.4e+38 -3.4e+38 -3.4e+38 -3.4e+38 -3.4e+38 -3.4e+38 -3.4e+38 -3.4e+38 -3.4e+38 -3.4e+38 -3.4e+38 -3.4e+38 -3.4e+38 -3.4e+38 -3.4e+38 -3.4e+38 -3.4e+38 -3.4e+38 -3.4e+38 -3.4e+38 -3.4e+38 -3.4e+38 -3.4e+38 -3.4e+38 -3.4e+38 -3.4e+38 -3.4e+38 -3.4e+38 -3.4e+38 -3.4e+38 -3.4e+38 -3.4e+38 -3.4e+38 -3.4e+38 -3.4e+38 -3.4e+38 -3.4e+38 -3.4e+38
-3.4e+38 -3.4e+38 -3.4e+38 -3.4e+38 -3.4e+38 -3.4e+38 -3.4e+38 -3.4e+38 -3.4e+38 -3.4e+38 -3.4e+38 -3.4e+38 -3.4e+38 -3.4e+38 -3.4e+38 -3.4e+38 -3.4e+38 -3.4e+38 -3.4e+38 -3.4e+38 -3.4e+38 -3.4e+38 -3.4e+38 -3.4e+38 -3.4e+38 -3.4e+38 -3.4e+38 -3.4e+38 -3.4e+38 -3.4e+38 -3.4e+38 -3.4e+38 -3.4e+38 -3.4e+38 -3.4e+38 -3.4e+38 -3.4e+38 -3.4e+38 -3.4e+38 -3.4e+38 -3.4e+38 -3.4e+38 -3.4e+38 -3.4e+38 -3.4e+38 -3.4e+38
-3.4e+38 -3.4e+38 -3.4e+38 -3.4e+38 -3.4e+38 -3.4e+38 -3.4e+38 -3.4e+38 -3.4e+38 -3.4e+38 -3.4e+38 -3.4e+38 -3.4e+38 -3.4e+38 -3.4e+38 -3.4e+38 -3.4e+38 -3.4e+38 -3.4e+38 -3.4e+38 -3.4e+38 -3.4e+38 -3.4e+38 -3.4e+38 -3.4e+38 -3.4e+38 -3.4e+38 -3.4e+38 -3.4e+38 -3.4e+38 -3.4e+38 -3.4e+38 -3.4e+38 -3.4e+38 -3.4e+38 -3.4e+38 -3.4e+38 -3.4e+38 -3.4e+38 -3.4e+38 -3.4e+38 -3.4e+38 -3.4e+38 -3.4e+38 -3.4e+38 -3.4e+38
-3.4e+38 -3.4e+38 -3.4e+38 -3.4e+38 -3.4e+38 -3.4e+38 -3.4e+38 -3.4e+38 -3.4e+38 -3.4e+38 -3.4e+38 -3.4e+38 -3.4e+38 -3.4e+38 -3.4e+38 -3.4e+38 -3.4e+38 -3.4e+38 -3.4e+38 -3.4e+38 -3.4e+38 -3.4e+38 -3.4e+38 -3.4e+38 -3.4e+38 -3.4e+38 -3.4e+38 -3.4e+38 16.8135604858398 21.0986213684082 -3.4e+38 -3.4e+38 -3.4e+38 -3.4e+38 -3.4e+38 28.3919258117676 23.8717861175537 -3.4e+38 -3.4e+38 -3.4e+38 -3.4e+38 37.0153503417969 -3.4e+38 -3.4e+38 -3.4e+38 -3.4e+38
-3.4e+38 -3.4e+38 -3.4e+38 -3.4e+38 -3.4e+38 -3.4e+38 -3.4e+38 -3.4e+38 -3.4e+38 -3.4e+38 -3.4e+38 -3.4e+38 14.3328619003296 -3.4e+38 -3.4e+38 -3.4e+38 -3.4e+38 -3.4e+38 -3.4e+38 -3.4e+38 12.1293001174927 11.8116245269775 12.3313989639282 9.85353565216064 -3.4e+38 -3.4e+38 9.59867477416992 15.995379447937 13.4365501403809 15.8653249740601 18.2758235931396 -3.4e+38 -3.4e+38 -3.4e+38 -3.4e+38 26.3473739624023 9.71308517456055 1.08925914764404 1.12790513038635 1.8125067949295 4.19250917434692 14.3189353942871 -3.4e+38 -3.4e+38 -3.4e+38 -3.4e+38
-3.4e+38 -3.4e+38 -3.4e+38 -3.4e+38 -3.4e+38 -3.4e+38 -3.4e+38 -3.4e+38 -3.4e+38 -3.4e+38 11.5186500549316 12.319221496582 10.0686140060425 10.3671855926514 10.5715837478638 10.1131134033203 9.35891151428223 11.2046394348145 12.4275274276733 11.6074075698853 9.04404544830322 8.00754165649414 8.16459941864014 8.39662837982178 8.29130554199219 7.23026943206787 7.70263004302979 8.97759342193604 8.55937194824219 9.80011653900146 11.7665452957153 5.55629396438599 4.2214879989624 3.88817143440247 2.49764490127563 0.913793742656708 0.76994264125824 0.715829372406006 0.75872540473938 1.06259381771088 1.13229322433472 1.11296439170837 1.53841316699982 1.60622560977936 3.28188109397888 -3.4e+38
-3.4e+38 -3.4e+38 -3.4e+38 -3.4e+38 -3.4e+38 -3.4e+38 -3.4e+38 -3.4e+38 -3.4e+38 -3.4e+38 11.1953716278076 9.95081615447998 7.99052286148071 8.26380348205566 8.63424205780029 9.69757461547852 9.55521392822266 11.0213594436646 10.5238943099976 8.46814441680908 6.18737077713013 4.72820901870728 3.63113808631897 3.00898170471191 3.50433993339539 3.46996331214905 3.50438857078552 4.48549175262451 5.06381845474243 3.07878994941711 2.17720341682434 1.51145040988922 0.971084892749786 0.933769941329956 0.787068605422974 0.637918770313263 0.615342974662781 0.596853733062744 0.622586905956268 0.662617743015289 0.659025609493256 0.659765660762787 0.745484113693237 1.09214627742767 2.03761768341064 3.57661247253418
-3.4e+38 -3.4e+38 -3.4e+38 -3.4e+38 -3.4e+38 -3.4e+38 -3.4e+38 -3.4e+38 -3.4e+38 -3.4e+38 -3.4e+38 8.77511024475098 9.55848979949951 9.04751014709473 9.39117813110352 9.16779613494873 8.28187942504883 9.05727863311768 8.6473445892334 7.01943492889404 5.52854108810425 4.14442443847656 3.23054456710815 2.15833902359009 1.85646462440491 1.69173634052277 2.02463316917419 2.52456831932068 2.51950883865356 1.67127335071564 1.21618175506592 0.88981556892395 0.697193205356598 0.684062302112579 0.624040305614471 0.609116315841675 0.537127554416656 0.492727041244507 0.544612169265747 0.656781315803528 0.684030950069427 0.675086081027985 0.620506644248962 0.644055604934692 1.03126811981201 2.96224617958069
-3.4e+38 -3.4e+38 -3.4e+38 -3.4e+38 -3.4e+38 -3.4e+38 -3.4e+38 -3.4e+38 -3.4e+38 -3.4e+38 -3.4e+38 -3.4e+38 -3.4e+38 -3.4e+38 -3.4e+38 -3.4e+38 8.99283599853516 -3.4e+38 7.45738363265991 6.16754150390625 5.14716768264771 3.99024200439453 3.23566317558289 2.28991222381592 1.84754884243011 1.3864209651947 1.24479722976685 1.1328763961792 1.09219968318939 0.949232518672943 0.802256524562836 0.690007269382477 0.673461019992828 0.653930366039276 0.571206510066986 0.510269463062286 0.440018743276596 0.421837359666824 0.480083525180817 0.544962167739868 0.59157520532608 0.586512923240662 0.603907287120819 0.614253520965576 0.680031418800354 0.903630435466766
16.405876159668 -3.4e+38 -3.4e+38 -3.4e+38 -3.4e+38 -3.4e+38 -3.4e+38 -3.4e+38 -3.4e+38 -3.4e+38 -3.4e+38 -3.4e+38 23.3663291931152 -3.4e+38 -3.4e+38 -3.4e+38 13.1733293533325 10.3160123825073 7.34033679962158 5.7341570854187 4.37516498565674 3.65031290054321 2.96319603919983 2.32976508140564 2.01310062408447 1.33199918270111 1.18482100963593 1.01516628265381 0.815747618675232 0.732176542282104 0.76036274433136 0.683497488498688 0.654403507709503 0.601449489593506 0.544498443603516 0.525823593139648 0.452911496162415 0.405310988426208 0.455136001110077 0.479033023118973 0.514950811862946 0.554837763309479 0.608659625053406 0.640606045722961 0.615120589733124 0.793621301651001
-3.4e+38 5.9267578125 -3.4e+38 -3.4e+38 -3.4e+38 -3.4e+38 -3.4e+38 -3.4e+38 -3.4e+38 -3.4e+38 -3.4e+38 -3.4e+38 -3.4e+38 -3.4e+38 -3.4e+38 -3.4e+38 14.8801794052124 10.2853078842163 7.09516000747681 5.39660978317261 4.31652212142944 3.47726273536682 2.48220419883728 2.09822678565979 1.60844123363495 1.32059895992279 1.11841106414795 0.911625921726227 0.791197597980499 0.79863178730011 0.785100042819977 0.710786700248718 0.666296184062958 0.588376879692078 0.52507871389389 0.472768843173981 0.41547954082489 0.393552273511887 0.415164828300476 0.450553208589554 0.453294456005096 0.492952793836594 0.567737758159637 0.623176515102386 0.603196859359741 0.761720716953278
18.4529972076416 16.1382923126221 8.30665588378906 6.71750688552856 -3.4e+38 -3.4e+38 -3.4e+38 -3.4e+38 -3.4e+38 -3.4e+38 -3.4e+38 -3.4e+38 -3.4e+38 19.5382690429688 14.9597473144531 12.7008972167969 -3.4e+38 9.07400417327881 7.89789628982544 6.7515435218811 4.92001295089722 2.97688984870911 2.06786155700684 1.93868219852448 1.97693967819214 1.7110048532486 1.03082466125488 0.853048622608185 0.753467798233032 0.681643784046173 0.671230792999268 0.667994678020477 0.564476788043976 0.478353202342987 0.45963591337204 0.425061792135239 0.39810112118721 0.395001143217087 0.396232426166534 0.409728974103928 0.428021788597107 0.445299744606018 0.466321110725403 0.511863708496094 0.572780668735504 0.662733435630798
18.7880916595459 14.1990919113159 9.25003528594971 8.0576114654541 8.86529159545898 -3.4e+38 -3.4e+38 -3.4e+38 -3.4e+38 16.1893329620361 10.1197881698608 10.5332231521606 -3.4e+38 15.0818977355957 12.0315017700195 8.48565673828125 6.71298599243164 5.77190351486206 7.47985744476318 6.90033769607544 6.58451271057129 3.78204965591431 3.08159327507019 2.49125361442566 2.2794086933136 1.74945843219757 0.904113531112671 0.764004051685333 0.749697983264923 0.620065748691559 0.584533870220184 0.64273464679718 0.463125318288803 0.42064955830574 0.408090114593506 0.379061728715897 0.376478910446167 0.367471069097519 0.36432084441185 0.379662424325943 0.395054519176483 0.411275923252106 0.426541537046432 0.411575078964233 0.47417938709259 0.526348829269409
13.0843296051025 12.8478450775146 10.6272563934326 8.93344688415527 9.40528297424316 12.2504110336304 9.9593620300293 11.5294570922852 10.0293779373169 8.48641872406006 8.49167823791504 9.67043972015381 10.4851713180542 8.02849197387695 5.74699687957764 5.16455459594727 5.60577869415283 6.43095779418945 6.85298824310303 -3.4e+38 6.43468189239502 6.60345458984375 4.33071660995483 2.79961681365967 2.42969822883606 1.36860013008118 0.668633341789246 0.670227766036987 0.631074726581573 0.55542004108429 0.458269685506821 0.454583585262299 0.418288439512253 0.405046194791794 0.371140897274017 0.357157588005066 0.360915690660477 0.340485095977783 0.354445785284042 0.375533312559128 0.36623603105545 0.391868561506271 0.406449884176254 0.410366266965866 0.413610249757767 0.458593994379044
12.1219358444214 11.8881216049194 11.7098903656006 9.83920764923096 9.11051082611084 8.20019340515137 6.83337879180908 8.14267349243164 6.03426504135132 5.08242130279541 5.59769868850708 5.62569952011108 5.62961769104004 5.40313529968262 6.21807479858398 6.58005237579346 5.81290817260742 6.25732374191284 8.40520191192627 6.27788257598877 7.59628438949585 6.57322072982788 4.02213191986084 1.89336860179901 1.31797993183136 0.822265148162842 0.590722978115082 0.531064391136169 0.512723028659821 0.491743832826614 0.444996565580368 0.434402614831924 0.40923798084259 0.388204485177994 0.373550415039062 0.361009806394577 0.35839256644249 0.340170651674271 0.352809399366379 0.367417246103287 0.364864379167557 0.384325116872787 0.391244351863861 0.39448943734169 0.407297223806381 0.416091233491898
5.72927188873291 6.15395927429199 6.53875350952148 6.74996280670166 6.56969213485718 5.39753341674805 4.28823471069336 4.00690174102783 3.8961193561554 3.82933163642883 4.15702486038208 4.4381160736084 5.33289241790771 7.15267705917358 7.91588258743286 7.80432844161987 7.18120813369751 7.1259183883667 7.58475780487061 6.87850332260132 6.46674585342407 4.08099126815796 2.37264323234558 0.923585832118988 0.699883818626404 0.657617747783661 0.517418563365936 0.499579101800919 0.457808762788773 0.466948986053467 0.464080512523651 0.452362775802612 0.427298456430435 0.383416324853897 0.370093554258347 0.348635166883469 0.363400101661682 0.348676562309265 0.352962642908096 0.36117696762085 0.340223222970963 0.348999083042145 0.364094823598862 0.380863428115845 0.402892410755157 0.423367768526077
2.99928498268127 3.34349393844604 3.83113265037537 4.53428030014038 4.92575788497925 4.15445423126221 3.37957406044006 3.07903456687927 2.94547486305237 2.88768029212952 2.93832278251648 3.2667601108551 4.35184001922607 5.30730199813843 5.91383600234985 6.3802638053894 6.36789226531982 5.66485261917114 4.19557046890259 3.41341304779053 2.47422409057617 1.72349643707275 1.06874668598175 0.52175909280777 0.473365098237991 0.526111006736755 0.469197005033493 0.439637362957001 0.399998307228088 0.399916648864746 0.429249227046967 0.432141363620758 0.415409654378891 0.383981019258499 0.371207892894745 0.333807200193405 0.337903887033463 0.353560149669647 0.354732245206833 0.339140266180038 0.333354115486145 0.332813054323196 0.33546245098114 0.354310870170593 0.39413321018219 0.420720905065536
1.75074648857117 2.27192759513855 2.91134691238403 3.36341857910156 3.46605014801025 3.15054893493652 2.88632345199585 2.5732204914093 2.33455491065979 2.1395697593689 1.85839200019836 1.85475063323975 2.35010051727295 1.97761619091034 1.46366119384766 1.4320582151413 1.7238484621048 1.36833763122559 1.22506439685822 1.29227113723755 1.32218217849731 0.892501950263977 0.579232573509216 0.457496702671051 0.450166970491409 0.464208424091339 0.456437200307846 0.438743084669113 0.398703932762146 0.387129187583923 0.41736912727356 0.438783794641495 0.458884596824646 0.434562414884567 0.356759369373322 0.317151725292206 0.322460383176804 0.34197673201561 0.351027071475983 0.341544628143311 0.3251893222332 0.316976875066757 0.334103137254715 0.346119284629822 0.372883439064026 0.397109359502792
0.944367647171021 1.37381184101105 1.70466256141663 2.15883469581604 2.60171961784363 2.40688872337341 2.26724481582642 1.96059656143188 1.56197786331177 1.31458151340485 1.15936291217804 1.14671158790588 1.59747278690338 1.39889371395111 0.881844282150269 0.625159561634064 0.588863551616669 0.522587239742279 0.531815409660339 0.565438449382782 0.634983360767365 0.494733780622482 0.422748982906342 0.451376020908356 0.4516581594944 0.469505131244659 0.471666753292084 0.437596410512924 0.408353745937347 0.350297778844833 0.347656071186066 0.354792505502701 0.405266523361206 0.449804723262787 0.372486770153046 0.323806524276733 0.318912088871002 0.332755744457245 0.353257566690445 0.365545392036438 0.354523301124573 0.341390609741211 0.327611684799194 0.347601145505905 0.393171370029449 0.424124330282211
0.534060657024384 0.613703191280365 0.675670444965363 0.898003041744232 1.31148779392242 1.57943165302277 1.66457223892212 1.67951560020447 1.38535749912262 1.20378768444061 1.0313435792923 0.8712517619133 0.867684185504913 0.858604967594147 0.610317707061768 0.445840448141098 0.355278015136719 0.283701568841934 0.256986260414124 0.282032310962677 0.317086786031723 0.333319753408432 0.380193442106247 0.37580868601799 0.412907242774963 0.446184515953064 0.439824134111404 0.393480867147446 0.361770570278168 0.335706293582916 0.335936814546585 0.340709954500198 0.370339900255203 0.421111822128296 0.371193081140518 0.343167901039124 0.324873805046082 0.323661208152771 0.334630280733109 0.323828488588333 0.339966595172882 0.348313987255096 0.339768201112747 0.351078361272812 0.382086277008057 0.398270726203918
