Ecospace-environmental-drivers/Outputs/ASCII-for-ecospace/Cfl/Cfl_X2005.05.asc
NCOLS 131 
NROWS 53 
XLLCORNER -98 
YLLCORNER 23.9265270233154 
CELLSIZE 0.133587792515755 
NODATA_value -3.4e+38 
[rows 20 to 39 of 53, columns 0 to 43 of 131]
-3.4e+38 -3.4e+38 -3.4e+38 -3.4e+38 -3.4e+38 -3.4e+38 -3.4e+38 -3.4e+38 -3.4e+38 -3.4e+38 0.127870291471481 0.318367332220078 0.180690348148346 0.117540121078491 0.088891826570034 0.0380997397005558 0.0362615771591663 0.0272918976843357 0.0241249520331621 0.0306411143392324 0.011217393912375 0.0194582361727953 0.0222893636673689 0.0161293409764767 0.00699457572773099 0.0236458573490381 0.0186749715358019 0.0151785258203745 0.0199982281774282 0.00193719333037734 0.0289450697600842 0.030899778008461 0.0322017408907413 0.0325299315154552 0.0314925126731396 0.027525283396244 0.02284936606884 0.0262023452669382 0.0282910242676735 0.0194053091108799 0.0232932101935148 0.0243186391890049 0.0242616310715675 0.0229240022599697
-3.4e+38 -3.4e+38 -3.4e+38 -3.4e+38 -3.4e+38 -3.4e+38 -3.4e+38 -3.4e+38 -3.4e+38 0.201232999563217 0.232488125562668 0.122289396822453 0.0846884250640869 0.0706057995557785 0.04637386277318 0.034457840025425 0.0146511243656278 0.00968093238770962 0.00544859701767564 0.00836603902280331 0.00772607326507568 0.00668023619800806 0.0174258537590504 0.00996383465826511 0.0106989210471511 0.0189231354743242 0.00809149071574211 0.0127596026286483 0.0347601175308228 0.0125081026926637 0.0119727673009038 0.0233489703387022 0.0257619973272085 0.0354113467037678 0.0419600084424019 0.0391966141760349 0.0265307202935219 0.0269925594329834 0.0197184141725302 0.017184104770422 0.0221171863377094 0.0231084749102592 0.02404167316854 0.0205039419233799
-3.4e+38 -3.4e+38 -3.4e+38 -3.4e+38 -3.4e+38 -3.4e+38 -3.4e+38 -3.4e+38 0.237355902791023 0.241230204701424 0.111783914268017 0.0534751303493977 0.0568351484835148 0.0411973260343075 0.0303506590425968 0.0202005375176668 0.00816616043448448 0.0065039019100368 0.00374153186567128 0.00343725481070578 0.00279358914121985 0.014602635987103 0.0117713119834661 0.00433374801650643 0.00643113860860467 0.0103816259652376 0.00877068005502224 0.00413957517594099 0.00859620235860348 0.00790039636194706 0.0161431394517422 0.050636924803257 0.0230060964822769 0.0267916265875101 0.0332277864217758 0.0285504870116711 0.0225020311772823 0.0204328168183565 0.0266289431601763 0.020237585529685 0.0183696076273918 0.0184828359633684 0.0168134495615959 0.0149515336379409
-3.4e+38 -3.4e+38 -3.4e+38 -3.4e+38 -3.4e+38 -3.4e+38 -3.4e+38 0.202058911323547 0.159017160534859 0.024259801954031 0.0467474199831486 0.0598735772073269 0.0638968199491501 0.0225867703557014 0.0150016136467457 0.00754884956404567 0.002212650841102 0.00449865590780973 0.000247942138230428 0.000609270937275141 0.00224666204303503 0.0115952100604773 0.00672489404678345 0.00273980270139873 0.00252304715104401 0.00367155065760016 0.00129029911477119 0.000880483945365995 0.00346647249534726 0.00797755178064108 0.01156553812325 0.0244862213730812 0.0151650011539459 0.0116397319361567 0.0215343926101923 0.0247996356338263 0.0245801620185375 0.02713836543262 0.0301342085003853 0.0266709867864847 0.0166897363960743 0.0160715281963348 0.0168500710278749 0.0187576897442341
-3.4e+38 -3.4e+38 -3.4e+38 -3.4e+38 -3.4e+38 -3.4e+38 0.224198997020721 0.171555921435356 0.0272417645901442 0.0220201909542084 0.0232591889798641 0.0381374321877956 0.0270664729177952 0.0232801493257284 0.0150303356349468 0.00927098654210567 0.00219077430665493 0.0040204394608736 0.0017202771268785 0.00378192029893398 0.00657211011275649 0.00643919641152024 0.00814363267272711 0.00282359775155783 0.00368459150195122 0.00181231740862131 0.00108628661837429 0.00241124117746949 0.00640076864510775 0.00820431485772133 0.00617644935846329 0.00898714922368526 0.00616388209164143 0.00706212176010013 0.0124011458829045 0.0192422457039356 0.0210433956235647 0.0217192266136408 0.0232222564518452 0.0274251289665699 0.0217392947524786 0.01658546179533 0.0242289062589407 0.027004161849618
-3.4e+38 -3.4e+38 -3.4e+38 -3.4e+38 -3.4e+38 0.196591109037399 0.125804245471954 0.0435800105333328 0.0239495597779751 0.0170124173164368 0.0161126405000687 0.0120148863643408 0.0169452670961618 0.016475236043334 0.0144075183197856 0.0114123076200485 0.0100381020456553 0.0100615797564387 0.00321283773519099 0.00516527192667127 0.00718251848593354 0.0082014063373208 0.00526028778403997 0.00552245695143938 0.00677382294088602 0.00596867222338915 0.00381624349392951 0.00433642510324717 0.00585161615163088 0.00427366746589541 0.00461537577211857 0.00653880788013339 0.00964581780135632 0.00575049640610814 0.00875939149409533 0.0118511905893683 0.0156411807984114 0.0146045694127679 0.0158143118023872 0.0197763051837683 0.018234021961689 0.018627317622304 0.0240018200129271 0.0280856117606163
-3.4e+38 -3.4e+38 -3.4e+38 -3.4e+38 -3.4e+38 0.105873100459576 0.0351155623793602 0.0139057375490665 0.0190148558467627 0.0123242326080799 0.0116692567244172 0.00883084908127785 0.0121198436245322 0.0103259775787592 0.00896577630192041 0.00910987891256809 0.00838963221758604 0.00855313520878553 0.00493437517434359 0.00384110724553466 0.00504700932651758 0.0089373541995883 0.00370592274703085 0.00475213024765253 0.00571513269096613 0.00835918448865414 0.0070990975946188 0.000136193470098078 0.00110820855479687 0.00331329624168575 0.0171181987971067 0.00963676534593105 0.0119917504489422 0.0147640015929937 0.0141660030931234 0.0104545745998621 0.0154784778133035 0.0136547721922398 0.0133623918518424 0.0142578976228833 0.0236152224242687 0.0213750433176756 0.0176845099776983 0.0196010954678059
-3.4e+38 -3.4e+38 -3.4e+38 -3.4e+38 -3.4e+38 0.029415937140584 0.0254282988607883 0.0225233472883701 0.0242411177605391 0.0153133971616626 0.0120608387514949 0.0118488362058997 0.00995490700006485 0.010908018797636 0.00659522879868746 0.00439455779269338 0.00756200915202498 0.0105137061327696 0.00669077504426241 0.00709901377558708 0.00464772991836071 0.00761055620387197 0.00647763255983591 0.00962796062231064 0.00853751599788666 0.0136031797155738 0.00459540262818336 0.00630593346431851 0.00378620834089816 0.0043779332190752 0.00499920640140772 0.0090876454487443 0.00770117249339819 0.0122199477627873 0.0142269432544708 0.00953011494129896 0.0141124883666635 0.0105704665184021 0.00911991763859987 0.0127180842682719 0.0106023838743567 0.0144793568179011 0.0164252109825611 0.0190146714448929
-339999999999999996128486808808066248288.000000000000000 -3.4e+38 -3.4e+38 -3.4e+38 0.0345140211284161 0.0426632948219776 0.0240357872098684 0.0172297954559326 0.0164786372333765 0.0148027576506138 0.0159114897251129 0.0101072667166591 0.00695127574726939 0.0109790619462729 0.00727578112855554 0.00935289636254311 0.00976415909826756 0.0085097448900342 0.006427644751966 0.00792330503463745 0.00458095828071237 0.0103768277913332 0.0110631864517927 0.00983664207160473 0.00539568532258272 0.00278423284180462 0.00550267333164811 0.00935610383749008 0.00335977855138481 0.00240469793789089 0.00386680429801345 0.00199799332767725 0.00680033909156919 0.0129524739459157 0.0123578142374754 0.010601301677525 0.0135450530797243 0.00917512737214565 0.00898185465484858 0.00705077778548002 0.00779756065458059 0.0119185112416744 0.0178967397660017 0.0201020557433367
-3.4e+38 -3.4e+38 -3.4e+38 -3.4e+38 -3.4e+38 0.0444106571376324 0.0172863323241472 0.0111878411844373 0.014177180826664 0.0160533674061298 0.0206677056849003 0.0137120252475142 0.00804272294044495 0.00999582652002573 0.00659568887203932 0.0108530074357986 0.00921335071325302 0.00944810919463634 0.00885150022804737 0.00934717990458012 0.00703610386699438 0.00383057608269155 0.00563645362854004 0.00746368477120996 0.00571282347664237 0.00601858319714665 0.00579062197357416 0.00527443271130323 0.00546727096661925 0.00298022478818893 0.00394707638770342 0.00655566109344363 0.00748983817175031 0.00332023785449564 0.01265172008425 0.0127027174457908 0.0112222842872143 0.00596351129934192 0.00690005719661713 0.00525104440748692 0.00598300993442535 0.0114690009504557 0.0160609856247902 0.0205297097563744
-3.4e+38 -3.4e+38 -3.4e+38 -3.4e+38 0.0942649990320206 0.0627049952745438 0.025516277179122 0.0154905933886766 0.0159715320914984 0.0232790727168322 0.0248263813555241 0.0160340275615454 0.00875443313270807 0.00914610456675291 0.00480101676657796 0.00916175730526447 0.00822355598211288 0.0118849780410528 0.0173170566558838 0.00998007692396641 0.00755166215822101 0.00446967035531998 0.00202095159329474 0.00251507782377303 0.00532593252137303 0.0049692252650857 0.00774479797109962 0.00760681554675102 0.00819545146077871 0.00431818515062332 0.00491544790565968 0.00520297326147556 0.0100271953269839 0.0140701998025179 0.0256768725812435 0.0195554103702307 0.00913523137569427 0.00458183139562607 0.00499578751623631 0.00509913405403495 0.00372382439672947 0.00465125171467662 0.0110053392127156 0.02246118709445
-3.4e+38 -3.4e+38 -3.4e+38 -3.4e+38 -3.4e+38 0.0723681971430779 0.0266330633312464 0.0165093224495649 0.0128633296117187 0.0233647152781487 0.026426000520587 0.0197626128792763 0.0130530009046197 0.012147219851613 0.00608377810567617 0.00631805649027228 0.00965951383113861 0.0134534072130919 0.0174058508127928 0.0105473473668098 0.00483846478164196 0.00689511746168137 0.00277877226471901 0.00692600896582007 0.0033616756554693 0.00669029168784618 0.00680053187534213 0.00889244582504034 0.00490242568776011 0.0040651117451489 0.00466915965080261 0.00601682579144835 0.0116623481735587 0.0293509364128113 0.0363369025290012 0.0395297408103943 0.0342855378985405 0.0154957948252559 0.00799761060625315 0.00267960247583687 0.00313285435549915 0.00468137860298157 0.00871492456644773 0.0132747879251838
-3.4e+38 -3.4e+38 -3.4e+38 -3.4e+38 -3.4e+38 0.0517162717878819 0.0341629683971405 0.0144306076690555 0.0104676131159067 0.0164218377321959 0.0222189854830503 0.0170008651912212 0.0226132869720459 0.0206673946231604 0.010810611769557 0.00838264636695385 0.00925371609628201 0.0132689559832215 0.0192116554826498 0.0152168795466423 0.00811693258583546 0.00277611031197011 0.00433012936264277 0.00646244455128908 0.0065408512018621 0.00603156164288521 0.0107232239097357 0.00964129436761141 0.00733518972992897 0.00612044706940651 0.00452236877754331 0.00503905303776264 0.014892652630806 0.0209138803184032 0.0294344630092382 0.0344353877007961 0.0606858730316162 0.0164992678910494 0.00391391757875681 0.00668228743597865 0.00493269972503185 0.00708442833274603 0.00764547754079103 0.0133899068459868
-3.4e+38 -3.4e+38 -3.4e+38 -3.4e+38 -3.4e+38 0.0339938886463642 0.0354406274855137 0.0152762522920966 0.0127590512856841 0.0151991434395313 0.0175667759031057 0.0218369904905558 0.025170249864459 0.0243523623794317 0.0169036109000444 0.0156558137387037 0.0187607351690531 0.0209080092608929 0.0179049950093031 0.0193513985723257 0.0148305185139179 0.006737997289747 0.00141070573590696 0.00330554624088109 0.00451833382248878 0.00755566544830799 0.00857929419726133 0.00589873176068068 0.00731178233399987 0.00577415665611625 0.00622007716447115 0.00999788660556078 0.0103340139612556 0.0151085462421179 0.013972076587379 0.0207736119627953 0.0324092730879784 0.022767897695303 0.0101894298568368 0.00687316991388798 0.00674916757270694 0.00663436902686954 0.00515558291226625 0.0130240470170975
-3.4e+38 -3.4e+38 -3.4e+38 -3.4e+38 -3.4e+38 0.0155173493549228 0.0315524600446224 0.0174523908644915 0.00818537641316652 0.0106531204655766 0.0108460010960698 0.0178647004067898 0.0232753716409206 0.0266158245503902 0.0196373891085386 0.0224234089255333 0.020814087241888 0.0151128144934773 0.0172334332019091 0.0139811187982559 0.0122092291712761 0.0105527266860008 0.00483891181647778 0.00404383428394794 0.00534438947215676 0.00469818152487278 0.0063942507840693 0.00572993792593479 0.00819722842425108 0.00676987133920193 0.00421864539384842 0.00619080616161227 0.00783842615783215 0.00993255712091923 0.0127891125157475 0.0112475389614701 0.0150455441325903 0.0246148537844419 0.0232932846993208 0.00679369596764445 0.00323638180270791 0.00159263238310814 0.00470530660822988 0.00968433078378439
-3.4e+38 -3.4e+38 -3.4e+38 -3.4e+38 -3.4e+38 -3.4e+38 0.041060846298933 0.0172867756336927 0.00771711813285947 0.00855526141822338 0.014570246450603 0.0183714758604765 0.0183426383882761 0.0193474665284157 0.0183811876922846 0.0203388407826424 0.0227883420884609 0.0107292477041483 0.00918523594737053 0.00837913155555725 0.00460097147151828 0.00696601113304496 0.0087072579190135 0.00674657057970762 0.00506120314821601 0.00525415549054742 0.0050656427629292 0.00824561528861523 0.00531492661684752 0.00454346695914865 0.00508484104648232 0.00756392674520612 0.00722316093742847 0.00834533199667931 0.00801051501184702 0.00978224165737629 0.0122757907956839 0.0176418758928776 0.0241985805332661 0.0201172847300768 0.0058478363789618 0.00413856096565723 0.00629558740183711 0.00892572198063135
-3.4e+38 -3.4e+38 -3.4e+38 -3.4e+38 -3.4e+38 -3.4e+38 0.0404457524418831 0.0317902155220509 0.0113015519455075 0.011528885923326 0.0172041188925505 0.0124742034822702 0.0186178758740425 0.0162510089576244 0.0163496192544699 0.0152143836021423 0.0100051993504167 0.00551468320190907 0.00353846000507474 0.00611607683822513 0.00792088266462088 0.00481624016538262 0.0115738762542605 0.00655095232650638 0.00657874112948775 0.00524666672572494 0.00324752111919224 0.00466039450839162 0.00354615552350879 0.00336014200001955 0.00406573060899973 0.00346679799258709 0.00447210296988487 0.00444577913731337 0.00832935608923435 0.00875343382358551 0.00824030488729477 0.0100627224892378 0.010238834656775 0.0204641111195087 0.0170087125152349 0.00637077772989869 0.00487481988966465 0.00593190919607878
-3.4e+38 -3.4e+38 -3.4e+38 -3.4e+38 -3.4e+38 -3.4e+38 0.0885264053940773 0.0658807083964348 0.016120433807373 0.00915093999356031 0.013732286170125 0.0160733871161938 0.0134287755936384 0.0110794827342033 0.0102095631882548 0.00627498002722859 0.00393121037632227 0.00338230165652931 0.00203605275601149 0.00375175848603249 0.00692258356139064 0.00492306752130389 0.00873952079564333 0.00809687096625566 0.00813485961407423 0.00736541487276554 0.00739276269450784 0.00600189855322242 0.0036722244694829 0.00221388833597302 0.00480332085862756 0.00324665382504463 0.00574964797124267 0.00844570342451334 0.0126986876130104 0.00984918419271708 0.00919983070343733 0.0144004290923476 0.0104304766282439 0.0108832744881511 0.0080181984230876 0.00681336037814617 0.0101297311484814 0.00326865818351507
-3.4e+38 -3.4e+38 -3.4e+38 -3.4e+38 -3.4e+38 -3.4e+38 0.0756112709641457 0.0602774880826473 0.00941960047930479 0.010464689694345 0.0124597866088152 0.00858365930616856 0.010661743581295 0.0133642116561532 0.00602338230237365 0.00275247683748603 0.00268050376325846 0.00283883768133819 0.00471583008766174 0.00459300354123116 0.0067257359623909 0.00541551737114787 0.00366102182306349 0.00289076240733266 0.00962952524423599 0.00841949600726366 0.00861100759357214 0.0061467383056879 0.00420454982668161 0.00298457592725754 0.00355099141597748 0.00227183103561401 0.00580779602751136 0.00801257323473692 0.01288743596524 0.0138969384133816 0.0109490007162094 0.0130484839901328 0.00700481794774532 0.00549600785598159 0.00294494885019958 0.00423274794593453 0.00344210444018245 0.00462306477129459
-3.4e+38 -3.4e+38 -3.4e+38 -3.4e+38 -3.4e+38 -3.4e+38 0.103553630411625 0.0382324233651161 0.00653733778744936 0.00749429175630212 0.00511564500629902 0.00940234679728746 0.0123824290931225 0.00778354564681649 0.00623379368335009 0.00286425603553653 0.00462457910180092 0.00245447945781052 0.00490419007837772 0.00345466961152852 0.00382363446988165 0.00582613190636039 0.00502899242565036 0.00435450486838818 0.00396234169602394 0.00472011603415012 0.00696585979312658 0.00757090141996741 0.00640453724190593 0.00622689165174961 0.00484988186508417 0.00423375098034739 0.00488123344257474 0.00961739849299192 0.0109043940901756 0.0113808056339622 0.0114247109740973 0.0120892748236656 0.00598388351500034 0.00673609832301736 0.00548131205141544 0.00386969558894634 0.00290516065433621 0.00381567631848156
