Ecospace-environmental-drivers/Outputs/ASCII-for-ecospace/Cfl/Cfl_X2003.10.asc
NCOLS 131 
NROWS 53 
XLLCORNER -98 
YLLCORNER 23.9265270233154 
CELLSIZE 0.133587792515755 
NODATA_value -3.4e+38 
[rows 0 to 19 of 53, columns 46 to 91 of 131]
-3.4e+38 -3.4e+38 -3.4e+38 -3.4e+38 -3.4e+38 -3.4e+38 -3.4e+38 -3.4e+38 -3.4e+38 -3.4e+38 -3.4e+38 -3.4e+38 -3.4e+38 -3.4e+38 -3.4e+38 -3.4e+38 -3.4e+38 -3.4e+38 -3.4e+38 -3.4e+38 -3.4e+38 -3.4e+38 -3.4e+38 -3.4e+38 -3.4e+38 -3.4e+38 -3.4e+38 -3.4e+38 -3.4e+38 -3.4e+38 -3.4e+38 -3.4e+38 -3.4e+38 -3.4e+38 -3.4e+38 -3.4e+38 -3.4e+38 -3.4e+38 -3.4e+38 -3.4e+38 -3.4e+38 -3.4e+38 -3.4e+38 -3.4e+38 -3.4e+38 -3.4e+38
-3.4e+38 -3.4e+38 -3.4e+38 -3.4e+38 -3.4e+38 -3.4e+38 -3.4e+38 -3.4e+38 -3.4e+38 -3.4e+38 -3.4e+38 -3.4e+38 -3.4e+38 -3.4e+38 -3.4e+38 -3.4e+38 -3.4e+38 -3.4e+38 -3.4e+38 -3.4e+38 -3.4e+38 -3.4e+38 -3.4e+38 -3.4e+38 -3.4e+38 -3.4e+38 -3.4e+38 -3.4e+38 -3.4e+38 -3.4e+38 -3.4e+38 -3.4e+38 -3.4e+38 -3.4e+38 -3.4e+38 -3.4e+38 -3.4e+38 -3.4e+38 -3.4e+38 -3.4e+38 -3.4e+38 -3.4e+38 -3.4e+38 -3.4e+38 -3.4e+38 -3.4e+38
-3.4e+38 -3.4e+38 -3.4e+38 -3.4e+38 -3.4e+38 -3.4e+38 -3.4e+38 -3.4e+38 -3.4e+38 -3.4e+38 -3.4e+38 -3.4e+38 -3.4e+38 -3.4e+38 -3.4e+38 -3.4e+38 -3.4e+38 -3.4e+38 -3.4e+38 -3.4e+38 -3.4e+38 -3.4e+38 -3.4e+38 -3.4e+38 -3.4e+38 -3.4e+38 -3.4e+38 -3.4e+38 -3.4e+38 -3.4e+38 -3.4e+38 -3.4e+38 -3.4e+38 -3.4e+38 -3.4e+38 -3.4e+38 -3.4e+38 -3.4e+38 -3.4e+38 -3.4e+38 -3.4e+38 -3.4e+38 -3.4e+38 -3.4e+38 -3.4e+38 -3.4e+38
-3.4e+38 -3.4e+38 -3.4e+38 -3.4e+38 -3.4e+38 -3.4e+38 -3.4e+38 -3.4e+38 -3.4e+38 -3.4e+38 -3.4e+38 -3.4e+38 -3.4e+38 -3.4e+38 -3.4e+38 -3.4e+38 -3.4e+38 -3.4e+38 -3.4e+38 -3.4e+38 -3.4e+38 -3.4e+38 -3.4e+38 -3.4e+38 -3.4e+38 -3.4e+38 -3.4e+38 -3.4e+38 19.7428646087646 18.9538097381592 -3.4e+38 -3.4e+38 -3.4e+38 -3.4e+38 -3.4e+38 14.6724395751953 -3.4e+38 -3.4e+38 -3.4e+38 -3.4e+38 65.2522583007812 46.6045112609863 -3.4e+38 -3.4e+38 -3.4e+38 -3.4e+38
-3.4e+38 -3.4e+38 -3.4e+38 -3.4e+38 -3.4e+38 -3.4e+38 -3.4e+38 -3.4e+38 -3.4e+38 -3.4e+38 -3.4e+38 -3.4e+38 20.013069152832 -3.4e+38 -3.4e+38 -3.4e+38 -3.4e+38 -3.4e+38 -3.4e+38 -3.4e+38 -3.4e+38 10.2644376754761 10.1789236068726 17.8243675231934 -3.4e+38 -3.4e+38 9.019287109375 -3.4e+38 11.7435817718506 12.9064359664917 -3.4e+38 -3.4e+38 -3.4e+38 -3.4e+38 -3.4e+38 10.6832990646362 4.65402364730835 1.47660195827484 1.77365219593048 19.1502513885498 26.0626907348633 17.9677429199219 -3.4e+38 -3.4e+38 -3.4e+38 -3.4e+38
-3.4e+38 -3.4e+38 -3.4e+38 -3.4e+38 -3.4e+38 -3.4e+38 -3.4e+38 -3.4e+38 -3.4e+38 26.5281429290771 24.0935592651367 11.174693107605 11.8683462142944 16.6187801361084 12.8447408676147 -3.4e+38 -3.4e+38 -3.4e+38 9.73870277404785 10.3523349761963 8.32350158691406 6.82199096679688 6.82378959655762 7.26878833770752 6.86662149429321 6.17236280441284 6.14582252502441 6.80513525009155 7.57859468460083 7.77494478225708 7.77409029006958 2.93901944160461 5.56978607177734 3.51376748085022 1.65240275859833 0.824055910110474 0.777814269065857 0.924299299716949 1.09430718421936 1.55532348155975 1.73231661319733 2.27426481246948 2.55278611183167 3.66795802116394 4.67556476593018 -3.4e+38
-3.4e+38 -3.4e+38 -3.4e+38 -3.4e+38 -3.4e+38 -3.4e+38 -3.4e+38 -3.4e+38 -3.4e+38 -3.4e+38 10.9478092193604 9.31058883666992 10.440881729126 11.8846416473389 11.7340478897095 -3.4e+38 10.2098970413208 10.1454229354858 8.32795429229736 6.88782930374146 5.36123847961426 3.37311601638794 2.43875932693481 1.87209045886993 2.27565765380859 2.27244591712952 2.00304245948792 2.79923868179321 2.90355443954468 1.77408409118652 1.55307340621948 1.27028584480286 0.817335426807404 0.787110805511475 0.615642428398132 0.505854308605194 0.41225790977478 0.439910531044006 0.525455594062805 0.689624667167664 0.915741264820099 1.358029961586 1.62428593635559 1.52741742134094 2.53920936584473 4.11269521713257
-3.4e+38 -3.4e+38 -3.4e+38 -3.4e+38 -3.4e+38 -3.4e+38 -3.4e+38 -3.4e+38 -3.4e+38 -3.4e+38 -3.4e+38 9.79074287414551 10.6924867630005 15.1235494613647 13.2971630096436 10.978102684021 9.35597038269043 11.5818071365356 10.042818069458 6.7318058013916 4.84192132949829 3.24424910545349 2.50805044174194 1.34787273406982 0.868578553199768 0.750788152217865 0.664560794830322 0.6932173371315 0.757294595241547 0.825638294219971 0.709241032600403 0.564012587070465 0.481847852468491 0.444899529218674 0.402243107557297 0.376923590898514 0.339178144931793 0.343529522418976 0.374356806278229 0.441568285226822 0.476137399673462 0.670236468315125 0.974188029766083 1.19000494480133 1.48640608787537 2.54452896118164
-3.4e+38 -3.4e+38 -3.4e+38 -3.4e+38 -3.4e+38 -3.4e+38 -3.4e+38 -3.4e+38 -3.4e+38 -3.4e+38 -3.4e+38 -3.4e+38 -3.4e+38 -3.4e+38 -3.4e+38 -3.4e+38 10.3823471069336 -3.4e+38 -3.4e+38 6.55162763595581 4.41998481750488 3.50252223014832 2.79947948455811 1.27944159507751 0.64408552646637 0.473841279745102 0.446293354034424 0.447034478187561 0.471127599477768 0.481516182422638 0.482473790645599 0.433365523815155 0.375133097171783 0.355644315481186 0.345276862382889 0.336598843336105 0.348920315504074 0.355494350194931 0.36760687828064 0.346220463514328 0.364251792430878 0.500572264194489 0.74144446849823 1.02073884010315 1.54555428028107 1.37765598297119
10.1902389526367 -3.4e+38 -3.4e+38 -3.4e+38 -3.4e+38 -3.4e+38 -3.4e+38 -3.4e+38 -3.4e+38 -3.4e+38 -3.4e+38 26.4464778900146 45.4835395812988 -3.4e+38 -3.4e+38 -3.4e+38 -3.4e+38 -3.4e+38 7.95598649978638 5.61008405685425 4.05129241943359 3.41453790664673 2.24130487442017 1.11862421035767 0.598035395145416 0.493444621562958 0.419630855321884 0.395581245422363 0.395946711301804 0.382759869098663 0.374800682067871 0.379185378551483 0.357364863157272 0.328554958105087 0.323819220066071 0.354954361915588 0.401876091957092 0.400748431682587 0.391085475683212 0.411155104637146 0.505911707878113 0.548160016536713 0.597162842750549 0.852646946907043 1.23868906497955 1.47153127193451
7.75619840621948 9.53944301605225 -3.4e+38 -3.4e+38 -3.4e+38 -3.4e+38 -3.4e+38 -3.4e+38 -3.4e+38 -3.4e+38 -3.4e+38 -3.4e+38 -3.4e+38 -3.4e+38 -3.4e+38 -3.4e+38 13.6207265853882 11.0439052581787 7.71660137176514 5.35844469070435 3.96421504020691 2.91431331634521 1.7549262046814 0.950674474239349 0.607652306556702 0.472125887870789 0.374581307172775 0.347858637571335 0.349443048238754 0.357721000909805 0.344818085432053 0.328479647636414 0.320921331644058 0.321156412363052 0.348960697650909 0.371225714683533 0.450479805469513 0.458116501569748 0.468855619430542 0.493232548236847 0.650709450244904 0.773333370685577 0.787894606590271 0.866427183151245 1.08676862716675 1.17374753952026
13.0897827148438 12.3560838699341 8.94113063812256 -3.4e+38 -3.4e+38 -3.4e+38 -3.4e+38 -3.4e+38 -3.4e+38 -3.4e+38 -3.4e+38 -3.4e+38 -3.4e+38 -3.4e+38 14.5373020172119 -3.4e+38 -3.4e+38 12.2772407531738 9.74269962310791 7.28759956359863 4.37588453292847 2.39065837860107 1.31469440460205 0.739184737205505 0.510826408863068 0.388407707214355 0.303687155246735 0.2925985455513 0.299715429544449 0.305737435817719 0.305461704730988 0.295758485794067 0.322481155395508 0.371726810932159 0.356560170650482 0.410021960735321 0.47308674454689 0.500595152378082 0.433941006660461 0.443143010139465 0.452150642871857 0.612858891487122 0.895240485668182 0.914870321750641 1.08051383495331 1.47075521945953
9.4991283416748 10.7791519165039 11.0990648269653 10.7449197769165 9.77079391479492 -3.4e+38 -3.4e+38 -3.4e+38 -3.4e+38 14.3688488006592 12.2765874862671 -3.4e+38 -3.4e+38 13.2330417633057 10.1985425949097 8.87452411651611 7.51460599899292 -3.4e+38 11.5329341888428 10.408616065979 7.38327312469482 3.26439380645752 0.909559667110443 0.521876931190491 0.398572862148285 0.318938225507736 0.300729900598526 0.293781071901321 0.283056885004044 0.300232946872711 0.303418934345245 0.298896461725235 0.319154411554337 0.32901605963707 0.335629940032959 0.39297553896904 0.465695708990097 0.510899364948273 0.425188601016998 0.377981752157211 0.389700651168823 0.399782717227936 0.506233155727386 0.67456728219986 0.877581298351288 1.04822778701782
4.97791719436646 6.35642576217651 7.57606840133667 8.585280418396 9.04572677612305 9.21494770050049 8.19374847412109 6.92888975143433 8.99064064025879 9.87352275848389 9.11466503143311 10.3725643157959 -3.4e+38 6.17309665679932 4.20032215118408 3.60021805763245 5.36148118972778 6.92694568634033 17.1022834777832 -3.4e+38 9.25249671936035 6.18173933029175 1.48037898540497 0.655599892139435 0.34894847869873 0.282960534095764 0.293394058942795 0.292682379484177 0.270737767219543 0.261743247509003 0.262977033853531 0.276109009981155 0.304171651601791 0.308206677436829 0.326204478740692 0.349753111600876 0.379929602146149 0.3637535572052 0.362016916275024 0.367769837379456 0.368234634399414 0.309893816709518 0.322180956602097 0.427361935377121 0.609338521957397 0.6498863697052
3.2361056804657 3.85390114784241 4.25974035263062 4.80539751052856 5.84491205215454 6.1802806854248 5.92135953903198 5.75417423248291 6.5093150138855 5.20895051956177 5.014488697052 5.64660596847534 3.69950222969055 3.36814165115356 3.45830273628235 3.26155352592468 4.30845594406128 8.24004077911377 12.9653177261353 7.43271207809448 6.91907978057861 5.11875629425049 1.69010722637177 0.450670272111893 0.306469738483429 0.249855369329453 0.252015620470047 0.261954993009567 0.228182315826416 0.220453411340714 0.234607741236687 0.257166624069214 0.283432900905609 0.28986668586731 0.248734652996063 0.286948919296265 0.307521522045135 0.328206777572632 0.34665247797966 0.332242429256439 0.264986932277679 0.248059317469597 0.282274007797241 0.326047122478485 0.38380029797554 0.478401601314545
1.89625680446625 2.0737202167511 2.90805602073669 3.8674590587616 3.95662832260132 3.72094535827637 3.37069439888 3.24778914451599 3.18857049942017 2.98696684837341 2.67676424980164 2.35282683372498 2.11773228645325 3.07298755645752 4.00468683242798 4.61619091033936 5.39508199691772 6.3301157951355 5.2908182144165 4.87571620941162 4.73455715179443 2.12218594551086 1.33892273902893 0.360651016235352 0.264688163995743 0.241349384188652 0.245854467153549 0.258820652961731 0.214771062135696 0.184972941875458 0.196921691298485 0.214106068015099 0.228509068489075 0.228361412882805 0.225876331329346 0.233607351779938 0.267299622297287 0.280578285455704 0.271489530801773 0.262996733188629 0.216536611318588 0.179235145449638 0.210382908582687 0.270890086889267 0.285014063119888 0.331816375255585
1.23646008968353 1.41131258010864 1.70052719116211 2.47710776329041 2.50300192832947 2.60144257545471 2.14946889877319 2.03574204444885 2.48582458496094 2.25025200843811 1.86995458602905 1.58189654350281 1.40929174423218 2.39866924285889 3.429034948349 4.14370489120483 3.48509478569031 3.19731998443604 2.59469652175903 2.59551167488098 2.14027404785156 1.54066693782806 1.02116012573242 0.298484116792679 0.300881206989288 0.262074410915375 0.19910928606987 0.201576337218285 0.18061575293541 0.165373772382736 0.174279019236565 0.181435897946358 0.201896950602531 0.203132063150406 0.202173605561256 0.215293422341347 0.226557374000549 0.219186767935753 0.224510818719864 0.202345192432404 0.16384445130825 0.150239259004593 0.17994013428688 0.234627783298492 0.259544193744659 0.287693828344345
0.931746184825897 1.03961110115051 1.2406941652298 1.64845156669617 1.69477021694183 1.48254203796387 1.61788535118103 1.89607882499695 2.02305960655212 1.73845863342285 1.47487831115723 1.17690527439117 1.07709431648254 1.47660231590271 2.3521740436554 2.70017528533936 1.94877934455872 1.45701897144318 1.26893949508667 1.20020174980164 1.09266901016235 0.865563988685608 0.340300142765045 0.245048075914383 0.23756916821003 0.23388934135437 0.199744910001755 0.179185822606087 0.169663697481155 0.162163838744164 0.154897600412369 0.159011691808701 0.165823966264725 0.164395436644554 0.170597568154335 0.173215478658676 0.164649724960327 0.157017171382904 0.154350399971008 0.149926140904427 0.156337603926659 0.1661356985569 0.188987255096436 0.211025521159172 0.225962996482849 0.262693703174591
0.580853521823883 0.619326412677765 0.689148962497711 0.772381365299225 1.0554826259613 1.1042263507843 0.996592104434967 1.06093502044678 0.962293922901154 0.770388185977936 0.686394453048706 0.702615737915039 0.865585744380951 1.02789556980133 2.15553259849548 2.23171162605286 1.18157494068146 0.919052600860596 0.651173770427704 0.537044525146484 0.502743184566498 0.393046587705612 0.355966150760651 0.252140492200851 0.254815459251404 0.217773571610451 0.189239382743835 0.167958378791809 0.159757286310196 0.154843047261238 0.154114723205566 0.156264394521713 0.167944952845573 0.15837986767292 0.160628318786621 0.157241538167 0.154190182685852 0.149986445903778 0.146638572216034 0.150581195950508 0.172084629535675 0.16987344622612 0.186512351036072 0.156014263629913 0.152482733130455 0.173893332481384
0.310346633195877 0.329064309597015 0.355864614248276 0.384240329265594 0.481003284454346 0.49336051940918 0.444744050502777 0.461653470993042 0.468171983957291 0.457832485437393 0.502058744430542 0.751541972160339 0.868698179721832 0.983815431594849 1.4878545999527 1.10851466655731 0.512307524681091 0.435469835996628 0.443903237581253 0.428793281316757 0.392811387777328 0.363340765237808 0.360073983669281 0.329821169376373 0.221544712781906 0.181197255849838 0.16633003950119 0.160046339035034 0.156615376472473 0.156831726431847 0.154144182801247 0.152115225791931 0.154581487178802 0.155770733952522 0.152805268764496 0.149128839373589 0.151755094528198 0.151403546333313 0.145081698894501 0.143457889556885 0.143961623311043 0.147463113069534 0.153270334005356 0.138175249099731 0.130963906645775 0.134834215044975
