Ecospace-environmental-drivers/Outputs/ASCII-for-ecospace/Cfl/Cfl_X1996_05_avg.asc
NCOLS 131 
NROWS 53 
XLLCORNER -98 
YLLCORNER 23.9265270233154 
CELLSIZE 0.133587792515755 
NODATA_value -9999 
[rows 20 to 39 of 53, columns 45 to 89 of 131]
0.0122619996662252 0.0130204891553149 0.0125829210970551 0.0143348792917095 0.0165840098867193 0.0197739186813124 0.0235793999221642 0.0303912521572784 0.0357434357749298 0.0388753133360297 0.0396867699921131 0.043568663415499 0.045230884058401 0.0417314479302149 0.0459744727355428 0.0536653099642535 0.0469203392858617 0.0406590276717907 0.0385340024484322 0.0329510765848681 0.0298446950735524 0.0313565018121153 0.0210818539140746 0.0176955433795229 0.0151146383257583 0.0149204047163948 0.0137841346790083 0.0160053005558439 0.0150389473186806 0.0152140578080434 0.017333295987919 0.0165708392625675 0.015300449288732 0.018038980755955 0.0170071791293786 0.0168873891111855 0.0157251276032184 0.0151848851470277 0.0127649346017279 0.0102527962299064 0.00973406549310312 0.0110526645788923 0.0123298793187132 0.0120870705577545 0.0118044953327626
0.0126782377366908 0.0102209982811473 0.0104954923968762 0.0106823218695354 0.0104726781952195 0.01264255521819 0.0152643408859149 0.0171901842404623 0.0167109571862966 0.0182071402668953 0.020575229707174 0.0215584701974876 0.0233130363747478 0.0220437517345999 0.0250901776598766 0.0251415162347257 0.0279139781079721 0.0234112160163932 0.0260906459065154 0.0190483423182741 0.0203653387958184 0.0257480881176889 0.0231860548024997 0.0175036067841575 0.0154335735365748 0.0153791950084269 0.0166874925518641 0.0168991279031616 0.0144092054804787 0.0140875339042395 0.0147025895304978 0.0150276710715843 0.0152920121210627 0.0161690964567242 0.014367391957785 0.0144773243388045 0.0163609187555267 0.015629233130695 0.0134451566671487 0.011795805953443 0.0110502968367655 0.0105111411452526 0.0123557026672643 0.0131103625986725 0.0118012391263619
0.00957155966898426 0.00942406733520329 0.0104902149701957 0.00995052640209906 0.0104611876537092 0.0104756258428097 0.0105244862264954 0.0112441126722842 0.012308992742328 0.0135939092724584 0.014945150190033 0.0154235643683933 0.0160464786691591 0.0156515986891463 0.0160824952297844 0.017927146848524 0.0188714829622768 0.023475539078936 0.0219909471838037 0.0206141818925971 0.0245140174850349 0.0188154345261864 0.022530484222807 0.0191663673205767 0.0152367964969017 0.0142081461133785 0.0149958703812445 0.0152724238985684 0.0135008040815592 0.0115973726613447 0.0121949599590153 0.0133804728277028 0.012958587706089 0.012352506769821 0.0125914387754165 0.0135951207301236 0.0159126885700971 0.0173331647674786 0.0143454039935023 0.0128290480002761 0.0121527064358816 0.0100462721195072 0.0111857721814886 0.0130755958380178 0.0120575160312001
0.0100154315819964 0.0096932947053574 0.0101716660195962 0.0117635021684691 0.0114148120395839 0.00951573587808525 0.00989383182022721 0.0109421108383685 0.0107282078446588 0.0142484366078861 0.0150649182556663 0.0137197947478853 0.0133135720388964 0.0142294421821134 0.0150818761787377 0.0142647467102506 0.0165640167389029 0.0191542745917104 0.0179310781764798 0.0197442570468411 0.0190393331751693 0.0169427457498387 0.0192075028142426 0.0184742809273303 0.0164676740125287 0.0146277658903273 0.0141423596534878 0.0144354106101673 0.0163315826095641 0.0130045554018579 0.0114023580701542 0.00967388621065766 0.0108684880542569 0.0112218666239642 0.0119924359794823 0.0131876972736791 0.0139108044430031 0.0136201003741007 0.0167473249835893 0.0141967748844763 0.0121131971594878 0.00992665835947264 0.0103381920256652 0.0119868219248019 0.0110557030271593
0.00952872359775938 0.008367587896646 0.00803041399340145 0.0102824552450329 0.0109916632296517 0.0108160595991649 0.00989512930391356 0.0111178905004635 0.0123208552133292 0.0131859718576858 0.0131247805431485 0.0118441744612937 0.014127708110027 0.0131190558895469 0.0124487396562472 0.0128289421787485 0.0149698365392396 0.0172019953955896 0.0167183052632026 0.0178959183394909 0.0139795837108977 0.014417847036384 0.0139598313486204 0.0167833171144594 0.016015946562402 0.0146021661814302 0.0140678972005844 0.0133232783526182 0.0151568730907456 0.0107071685008123 0.0103985433117487 0.0115309337037615 0.0118939214560669 0.0119370610220358 0.0127339981379919 0.0129096010699868 0.0106421829405008 0.0124628302524798 0.014365149254445 0.0130514475198365 0.0126592571307954 0.0105649407138117 0.0108856620936422 0.0101698946848046 0.0119076753850095
0.0109388707671314 0.0124232253059745 0.00886330609209835 0.00974921639135573 0.0128142886795104 0.012266039091628 0.00910760347614996 0.00995743996463716 0.011796267493628 0.0118206202518195 0.0123691761866212 0.0117963911266997 0.0121971034212038 0.011528858053498 0.0106332087772898 0.0123288598682848 0.0113075992194354 0.0122534596273908 0.0137446255270333 0.0155170434620231 0.0134474248217884 0.0144736172922421 0.0155250187264755 0.0157152897911146 0.0151685892313253 0.0130183360190131 0.0126943612936884 0.0117694171341626 0.0108799727458972 0.0115853787341621 0.0124904248422306 0.0101975689874962 0.011516423150897 0.0136436891276389 0.0124450575327501 0.0128664265677799 0.0122058029810432 0.0138988865539432 0.0122740097576752 0.0154950140407125 0.0146224468015134 0.0120794746908359 0.0113437423482537 0.0108187219419051 0.0112857019266812
0.0112419053446501 0.0115881128353067 0.0106415544403717 0.0122818205039948 0.0111620296607725 0.0100114186956489 0.00781405664747581 0.00766948845703155 0.0105846212769393 0.0114826202159747 0.0109301177872112 0.0144425807520747 0.0116675706580281 0.0126651001162827 0.00942897268105298 0.0111764237848547 0.0119202757909079 0.0127621414372697 0.0124954249942675 0.0132541416678578 0.0137875889893621 0.0169360558735207 0.0131094277719967 0.0163011055439711 0.0143687276140554 0.0132219623075798 0.0119057488645922 0.0118474444300917 0.0106441343319602 0.0118063556238715 0.0158966626739129 0.0153060517739505 0.014712425135076 0.0144180299857908 0.0151059285271913 0.013207732398223 0.0140952229695885 0.0140580218775492 0.0131008388952499 0.0150831741335232 0.0147202467778698 0.0118012884049676 0.0113163108937442 0.0106957938172854 0.0114248279249296
0.0106180245289579 0.0114787493948825 0.00956626969855279 0.0100789900927339 0.0101746599044418 0.0106229311291827 0.00800673998892307 0.0094151905621402 0.0103012401144952 0.0102679095580243 0.0121761667891406 0.0124012380139902 0.0115496862042499 0.0109147988958284 0.0115635586669669 0.0115581719728652 0.012844506916008 0.0113703289272962 0.0103422202868387 0.0114021114772186 0.0125378717311833 0.0130584196886048 0.0145424648188055 0.0142654041410424 0.0151520792394876 0.0155048596556298 0.0140360159450211 0.0125962648249697 0.0100890466721467 0.0113191746990196 0.0153155562933534 0.0122572993161157 0.0107525274157524 0.014011576527264 0.0163861872453708 0.0163801523391157 0.0140532837947831 0.0132341125194216 0.012778698258396 0.0127090346883051 0.0139979858242441 0.0120240870166526 0.0111589022912085 0.0111257103970274 0.0108105833176523
0.00961608368670568 0.0109594115405343 0.0102336287032813 0.00858466402860358 0.00982896548230201 0.00962754375068471 0.00915522535797209 0.00935620574746281 0.0112874979153275 0.0105578486109152 0.0128498206147924 0.0106404412072152 0.0121419589675497 0.0132096314715454 0.0117513115343172 0.0121972529940601 0.0129145498289482 0.0111167192884941 0.011503791185341 0.0111098736524582 0.0100301033875439 0.0137951432610862 0.0128103147173533 0.0141985599009786 0.0134886921987345 0.0147723178844899 0.0145951152197085 0.0117815875115411 0.0114392028423026 0.0133681150036864 0.0121123769320548 0.00951514474581927 0.00939060884993523 0.0105733123142272 0.0143942104186863 0.0148769397637807 0.0149942855350673 0.0144387596752495 0.0147639807779342 0.0155384483281523 0.0129052899545059 0.011338692822028 0.0122443542117253 0.0112875761697069 0.0101724580279551
0.00898686689324677 0.00587763473158702 0.0100279854377732 0.00905860100174323 0.0122850923100486 0.0108811077603605 0.0105838302290067 0.00936739222088363 0.0101695733843371 0.0124638804612914 0.0122304216958582 0.0124345858232118 0.0134618987562135 0.013998359546531 0.0135348963784054 0.0129105407278985 0.0134237620636429 0.013322352603274 0.0127850205637515 0.0105068998236675 0.0112093608942814 0.011681606573984 0.012613844149746 0.0148392209172016 0.0136939437943511 0.0135502035263926 0.0167139376979321 0.0165509016485885 0.0154413745272905 0.013608236447908 0.0106607866007835 0.00829470159951597 0.00950339713017456 0.0110728235566057 0.0149539744714275 0.0151444937568158 0.0175106017850339 0.0154230783693492 0.013545780593995 0.0139582804113161 0.0139106876449659 0.0114443395286798 0.0100290805101395 0.00996898175217211 0.0124756333651021
0.00725128006015439 0.0104064617451513 0.0101686678070109 0.00750457739341073 0.00980379825923592 0.00977570516697597 0.00892568282433786 0.0101990317140007 0.0107758203637786 0.0106455972418189 0.0111822131555527 0.0112472688779235 0.0140717610483989 0.0161316209647339 0.0166254535550252 0.0149680583854206 0.011898152489448 0.0106216399565854 0.0100559235666879 0.00919668904025457 0.0115904300417242 0.00907583351654466 0.0112869681937522 0.0114078446058556 0.0124590501654893 0.0137115650519263 0.0156366211656285 0.0169599196990021 0.0165228307887446 0.0130951882063528 0.00959490691311657 0.00849109599366784 0.00783779792254791 0.0141829356894289 0.012930948084977 0.0160614368738607 0.0165904857451096 0.0137855372624472 0.0140351440466475 0.0135281384689733 0.0130610006395727 0.0114929152128752 0.0129720347234979 0.0115296968840994 0.011287703528069
0.00676134788664058 0.00827167046954855 0.0102365499420557 0.0108468799648108 0.00884928319137543 0.0103451371076517 0.00927852842141874 0.00963056997861713 0.00854432421711911 0.0104028860689141 0.0122564949182561 0.0129475282039493 0.0146145788778085 0.0159140081610531 0.0173232063418254 0.0155097356360784 0.0147914190776646 0.0127254243474454 0.00943473634542897 0.0117039505857974 0.0131901827222464 0.00914615942287798 0.013403844039299 0.0109320696094073 0.0125836926687043 0.0099413859192282 0.011324919999185 0.0106683532388783 0.0140600709011778 0.0113522305159437 0.00976111826894339 0.0104088154861529 0.0111404167022556 0.01358831836842 0.011193097603973 0.0151693564141169 0.0126359460875392 0.0135985262691975 0.0144420451018959 0.0138280970742926 0.0150020552100614 0.0139186790911481 0.0116767442319542 0.0110770648112521 0.0127252848120406
0.00785751515068114 0.00739589986478677 0.0084439207566902 0.0110559675260447 0.0114684950123774 0.0118224045872921 0.0114242027660734 0.00941444954110516 0.00908442073850893 0.00964388120919466 0.0116042236913927 0.0134018320881296 0.0143771581118926 0.0146330165560357 0.0168108310783282 0.0152816223097034 0.0173980411218508 0.0162604363460559 0.0138636985619087 0.00891941637964919 0.0115617710766137 0.0106168020574842 0.0105819484758142 0.0128168219001964 0.0134629909764044 0.0136504230060382 0.0126897743830341 0.0149742083158344 0.0126973134281702 0.00779995217308169 0.00833118466907763 0.011566163453972 0.0115580069599673 0.0106982758501545 0.0112490590661764 0.0122029971356824 0.010595801169984 0.0122206761152484 0.0131672834395431 0.0132667487720028 0.0134665781399235 0.0152314101811498 0.0113547483226284 0.0118793740402907 0.0137387061491609
0.00791372538660653 0.00914832472044509 0.0087204061972443 0.011427393098711 0.0131576438376214 0.0143315923865885 0.0167702281553494 0.0140986759828306 0.0122771072595864 0.0115630540880375 0.012332596880151 0.0134632560017053 0.0133995065931231 0.0156190162990242 0.0170652056811377 0.0180696607800201 0.0159691952401772 0.0169011067482643 0.0132313959416933 0.0117162554495735 0.0135304480907507 0.0118325625022408 0.0122176556062186 0.0140098835807294 0.0165233664680272 0.0163449172629043 0.0157733354135416 0.0169636301181622 0.018681529648893 0.0148439711643732 0.0112077018653508 0.0110506117518526 0.0106995607959107 0.00894708399611868 0.0118048934731632 0.0124128022231162 0.0118176517309621 0.013914686976932 0.015640442725271 0.0149719161418034 0.014765318017453 0.0145788055378944 0.0129132724832743 0.0116777902469039 0.0119307755268988
0.0121774573111907 0.0113205050234683 0.0122142335516401 0.0113497630809434 0.00965755503857508 0.014249871391803 0.0156021796528397 0.0136150846688236 0.0130628373648506 0.0122609143843874 0.0126304293517023 0.0114743268874008 0.0134682125411928 0.016444046550896 0.016086324560456 0.0170797821949236 0.0178181414143182 0.0171495537390001 0.0166418146342039 0.0116213884204626 0.0139300929091405 0.0127105123334331 0.011360559402965 0.0105158695834689 0.0110703739104792 0.0123050848254934 0.0129695800598711 0.0113986196694896 0.0139187541033607 0.0149465940397931 0.0141732022195356 0.0122754133073613 0.013017987634521 0.00972334432881325 0.0101187416003086 0.0120116706704721 0.0177972476782375 0.0121512149693444 0.0138806885865051 0.0144934453594033 0.0140598060563207 0.012897742819041 0.011645557693555 0.0128177546798006 0.0129599733976647
0.0116705400927458 0.0125931679533096 0.0145186449342873 0.0141028783633374 0.0121230260469019 0.0139188551111147 0.0148625583387911 0.0138983702927362 0.0133200276526622 0.0133132523507811 0.0135941443615593 0.0130561722849961 0.0121644687271328 0.0142789261342841 0.0149601271841675 0.0151530550909229 0.0153435447136872 0.015412975961226 0.0136642324971035 0.0147972925566137 0.013717787724454 0.00901350626954809 0.0101800984935835 0.00890080936951563 0.00916991649428383 0.0085010820068419 0.0102181088412181 0.0133208667433792 0.0135180637375207 0.0127443084595143 0.0147284883481916 0.0119681022362784 0.00992739729990717 0.00958039369434118 0.00735239050118253 0.0133785441401415 0.0161839671898633 0.0119047016138211 0.0135080997366458 0.0134656694805017 0.0154729248955846 0.0132284640567377 0.0121951926324982 0.0125144014135003 0.0110200439812616
0.010991957585793 0.0104882481275126 0.0120300742797554 0.0113842298252214 0.00975244520247399 0.0108752618776634 0.0136572814481042 0.0154504652193282 0.0139218205702491 0.0149655152868945 0.0120479527395219 0.0145061418297701 0.0122350054327399 0.0125093712587841 0.0147503257816425 0.0138768054370303 0.0147644924698398 0.0145288655534387 0.015601118595805 0.0144336497294717 0.0127681184952196 0.0121111223634216 0.0121413725079037 0.0116477121540811 0.00992895094677806 0.00942864982062019 0.0120357172318587 0.0167997923287514 0.0154224163969047 0.0093959174642805 0.0135813677977574 0.0110071548383291 0.0061654845776502 0.00833906299483619 0.0102570307906717 0.00994164843577892 0.0112580969405826 0.00973233933618758 0.0116214377339929 0.0129664415493608 0.0139944434980862 0.0118857881054282 0.0109747947775759 0.0113978919456713 0.0095787998958258
0.0101821174728684 0.0105769107001834 0.00952298045158386 0.0109871658802915 0.0113531652619713 0.012198912538588 0.0135236861300655 0.017279447556939 0.0168040073978773 0.0149800254032016 0.0114689000998624 0.0138411086052656 0.0129106397886062 0.0134434835243155 0.0165413953654934 0.0130199689301662 0.0172736494336277 0.0152232841122895 0.0139644372975454 0.00949519629357383 0.0129614055156708 0.0100741679081693 0.00977602633065544 0.0131424586608773 0.0146510797610972 0.0110691258683801 0.0129884486901574 0.0126737777842209 0.0135074484162033 0.0140870359260589 0.0126926186494529 0.0102895710500889 0.00561007325304672 0.00838415528996848 0.0115377908572555 0.0095631365198642 0.0103110934374854 0.0114052294637077 0.00931963825132698 0.00820601829327643 0.00980170929105952 0.00937924709287472 0.0113338001770899 0.0101818734562441 0.00804565554311634
0.0111401689908234 0.0103350395860616 0.00857127842609771 0.0109906343568582 0.0107658268156229 0.0118705958964711 0.0155771833437029 0.0172192152356729 0.0182960613165051 0.0143595857021865 0.0114726638305001 0.0128788855276071 0.0131366364948917 0.0112395871663466 0.0161039868486114 0.016703360696556 0.0193463512550807 0.0148557751745102 0.0146382155035099 0.0114076263853349 0.0149635110516101 0.00838333154097199 0.00784634666342754 0.0120045740884962 0.0172114546545345 0.0121335577274294 0.010198961259448 0.0124976174440235 0.0121353990980424 0.014639908762183 0.0134536747820675 0.0121864136955992 0.0103152460302226 0.00837640688987449 0.00975976886693388 0.00833469335921109 0.0114934808574617 0.0150864867842756 0.0123096592724323 0.0139094680975631 0.0129293355625123 0.0120333853410557 0.0114347509967047 0.0106436527536349 0.00863216508572039
0.0117126270313747 0.0131512926658615 0.00993987354449928 0.0121288635767996 0.0114463779958896 0.0118837313319091 0.014746067795204 0.0174821349675767 0.0174347094871337 0.0119959522620775 0.0111763367778622 0.0144562468569922 0.0150793823006097 0.0106930896057747 0.0157435023458675 0.0189377933507785 0.015119108534418 0.0132362411764916 0.0165947494795546 0.015267985178798 0.0116392884054221 0.00913247451535426 0.00744632697314955 0.0108071138849482 0.0145240522469976 0.0140925701140077 0.0147757896513212 0.0112353588803671 0.0130509955401067 0.0142566239461303 0.0128589101135731 0.0104658059310168 0.0119108253915329 0.0107774283183971 0.0103102059103549 0.0101931512588635 0.0110147160623455 0.0115679534268565 0.0150094014286879 0.0192218351199699 0.0187168843578547 0.0157174660474993 0.0148664965614444 0.0149764894051714 0.0134519000654109
