Ecospace-environmental-drivers/Outputs/ASCII-for-ecospace/Cfl/Cfl_X2021.07.asc
NCOLS 131 
NROWS 53 
XLLCORNER -98 
YLLCORNER 23.9265270233154 
CELLSIZE 0.133587792515755 
NODATA_value -3.4e+38 
[rows 20 to 39 of 53, columns 0 to 44 of 131]
-3.4e+38 -3.4e+38 -3.4e+38 -3.4e+38 -3.4e+38 -3.4e+38 -3.4e+38 -3.4e+38 -3.4e+38 -0.107122614979744 0.425738304853439 0.375807851552963 0.216772243380547 0.12861655652523 0.0879404693841934 0.0497434064745903 0.0190853849053383 0.0491992309689522 0.0454399213194847 0.0445321016013622 0.0519836433231831 0.0406484082341194 0.0305377040058374 0.0503427572548389 0.0496691390872002 0.0473744496703148 0.044612180441618 0.0429410375654697 0.0474142208695412 0.0453831292688847 0.0482258200645447 0.0542215444147587 0.0774637386202812 0.0682574808597565 0.0452382043004036 0.039141409099102 0.028930427506566 0.000214478553971276 0.0436173975467682 0.0574951581656933 0.0538833327591419 0.0319768600165844 0.0342401750385761 0.0417988263070583 0.0667622685432434
-3.4e+38 -3.4e+38 -3.4e+38 -3.4e+38 -3.4e+38 -3.4e+38 -3.4e+38 -3.4e+38 0.522640824317932 0.357761204242706 0.244387224316597 0.11929152905941 0.0886097475886345 0.0932004302740097 0.0609147287905216 0.0465018674731255 0.0304161906242371 0.0258257053792477 0.0500528961420059 0.0446009822189808 0.059250146150589 0.050748523324728 0.0468912944197655 0.0427318327128887 0.0477869398891926 0.0487591028213501 0.0424179211258888 0.0403981134295464 0.0406785197556019 0.0423521623015404 0.0442605167627335 0.0332990139722824 0.0458290949463844 0.0383955985307693 0.0327067822217941 0.034815177321434 0.0213948544114828 0.00107913871761411 0.0515600927174091 0.0150410356000066 0.0201466828584671 0.027071263641119 0.0322417132556438 0.0276782009750605 0.0747570544481277
-3.4e+38 -3.4e+38 -3.4e+38 -3.4e+38 -3.4e+38 -3.4e+38 -3.4e+38 -3.4e+38 0.369047731161118 0.192173019051552 0.187412858009338 0.0665923207998276 0.0461423099040985 0.0388286896049976 0.0432066582143307 0.0324888192117214 0.0277004055678844 0.0158000718802214 0.0435391329228878 0.0588195994496346 0.0538788177073002 0.0509117990732193 0.0399642139673233 0.039998970925808 0.0426443293690681 0.0459432117640972 0.0447301790118217 0.0361653938889503 0.0339886322617531 0.0365193970501423 0.038835097104311 0.0477378107607365 0.0481286309659481 0.0332646630704403 0.0233945585787296 0.0303462222218513 -0.00134133535902947 0.012773017399013 0.0365827158093452 7.04649355611764e-05 0.00775681808590889 -0.000246461102506146 0.0357168577611446 0.0522361174225807 0.0896647498011589
-3.4e+38 -3.4e+38 -3.4e+38 -3.4e+38 0.449914127588272 0.444198995828629 0.369383692741394 0.431281894445419 0.107542283833027 0.170379251241684 0.151000425219536 0.0414963066577911 0.0421436801552773 0.0247373599559069 0.0506661236286163 0.0309763066470623 0.0217839125543833 0.0160635244101286 0.0228602960705757 0.051414281129837 0.0528306066989899 0.047174047678709 0.0421956069767475 0.0363026522099972 0.0413157753646374 0.0651818066835403 0.064435638487339 0.0541668012738228 0.0533957853913307 0.0474238842725754 0.041356086730957 0.0591519325971603 0.0411874577403069 0.0340711027383804 0.0273321475833654 0.0156637076288462 -0.0165156945586205 0.00402035936713219 0.0402215197682381 0.0094144819304347 0.00863109529018402 0.00824287254363298 0.0731541365385056 0.0658672451972961 0.0354420691728592
-3.4e+38 -3.4e+38 -3.4e+38 -3.4e+38 -3.4e+38 0.270696192979813 0.4497891664505 0.294185698032379 0.140243887901306 0.122161328792572 0.0774027332663536 0.0389322377741337 0.0377374961972237 0.044362373650074 0.0405340492725372 0.0172985345125198 0.0168966427445412 0.0213458407670259 0.0300450995564461 0.0417632311582565 0.0469246804714203 0.0344387888908386 0.0392500981688499 0.0361703187227249 0.0346421413123608 0.043927263468504 0.0472096540033817 0.048344150185585 0.0448537319898605 0.0696664378046989 0.0728223472833633 0.0659131705760956 0.060152780264616 0.0417968295514584 0.0482396855950356 0.0361188240349293 0.0631003081798553 0.038799773901701 0.00505972234532237 0.0235075000673532 0.00745422020554543 0.000779270776547492 0.066733755171299 0.0654064789414406 0.0544755086302757
-3.4e+38 -3.4e+38 -3.4e+38 -3.4e+38 -3.4e+38 0.357309490442276 0.297882527112961 0.0982076227664948 0.11120630800724 0.0492199994623661 0.0339920297265053 0.0371273010969162 0.0358254872262478 0.0351864509284496 0.0367265641689301 0.0180918946862221 0.0180565305054188 0.0218414831906557 0.0299618951976299 0.0353872217237949 0.0356317944824696 0.0340411737561226 0.0324500612914562 0.0207666326314211 0.0336994491517544 0.0259090848267078 0.0301129966974258 0.0224992651492357 0.0465276427567005 0.056429598480463 0.0708972662687302 0.0636036694049835 0.0599413700401783 0.0538604445755482 0.0568320155143738 0.0618244782090187 0.0447895228862762 0.0208778530359268 0.00920270383358002 0.0051405681297183 -0.00719410507008433 -3.4e+38 0.0475649982690811 0.0270512588322163 0.0737401694059372
-3.4e+38 -3.4e+38 -3.4e+38 -3.4e+38 -3.4e+38 0.368043661117554 0.17393571138382 0.0932334512472153 0.0530682876706123 0.0330752581357956 0.0331103503704071 0.0370026603341103 0.0419805496931076 0.0416670218110085 0.036633487790823 0.0297133065760136 0.0230894349515438 0.014093822799623 0.0227796528488398 0.0161910429596901 0.0242841932922602 0.0373162887990475 0.022532757371664 0.00916109140962362 0.0189622938632965 0.0291728116571903 0.0141589054837823 0.00931896083056927 0.0150659326463938 0.0539901442825794 0.0697912573814392 0.0599431954324245 0.0666470304131508 0.0716967359185219 0.0677559152245522 0.0867110043764114 0.0334400609135628 0.0172061994671822 0.0102558555081487 0.00467559741809964 0.0274801906198263 0.0722221881151199 0.116433277726173 0.102305680513382 0.095977745950222
-3.4e+38 -3.4e+38 -3.4e+38 -3.4e+38 -3.4e+38 0.320222944021225 0.114563331007957 0.0621143765747547 0.0331328622996807 0.0291586797684431 0.0331045426428318 0.0342399440705776 0.0357396863400936 0.0400924496352673 0.0304248053580523 0.021243629977107 0.0228132028132677 0.0205554701387882 0.0325167365372181 0.0292315557599068 0.0292898640036583 0.0342540629208088 0.0195231474936008 0.00688770180568099 0.0106125259771943 0.0441874414682388 0.0326581262052059 0.0129068745300174 0.0168426595628262 0.0289120003581047 0.035344697535038 0.0329478457570076 0.0538085326552391 0.0709401816129684 0.0721470043063164 0.0552954040467739 0.0369430854916573 0.0184868816286325 0.0100704422220588 -0.000476608227472752 0.0313301533460617 0.10344609618187 0.139805868268013 0.0920049101114273 0.0651829317212105
-339999999999999996128486808808066248288.000000000000000 -3.4e+38 -3.4e+38 -3.4e+38 0.445220917463303 0.267191022634506 0.0953977108001709 0.0737192183732986 0.0339287109673023 0.0272345319390297 0.0263705011457205 0.0337662100791931 0.0347003601491451 0.0335731543600559 0.0317071303725243 0.0295203253626823 0.0207936018705368 0.0271810125559568 0.0343917161226273 0.0371757671236992 0.0354354456067085 0.0281520783901215 0.024735463783145 0.0208142902702093 0.0303469467908144 0.0222901459783316 0.021280175074935 0.0294126365333796 0.0238050017505884 0.0278740990906954 0.0201776307076216 0.0153507115319371 0.033776544034481 0.0576610006392002 0.0667185187339783 0.0494941174983978 0.0458869151771069 0.0374931059777737 -0.000883129658177495 0.00138775620143861 0.0515489056706429 0.0857091322541237 0.149442419409752 0.0696319863200188 0.0531508475542068
-3.4e+38 -3.4e+38 -3.4e+38 -3.4e+38 0.385990828275681 0.198648899793625 0.0395970828831196 0.0477317832410336 0.0366754531860352 0.0257514212280512 0.0313332565128803 0.0308993607759476 0.0295502413064241 0.0309693403542042 0.0293726678937674 0.026464369148016 0.0163095816969872 0.0313663259148598 0.0355762802064419 0.0424917787313461 0.0345583222806454 0.0220080316066742 0.0111445467919111 0.0041136322543025 0.0285916142165661 0.000590745476074517 0.0177056137472391 0.0188025683164597 0.0249154549092054 0.0349457487463951 0.0344268493354321 0.0408263877034187 0.0199307184666395 0.00931066926568747 0.0424544923007488 0.0490671508014202 0.0465969443321228 0.0305884685367346 0.00434709480032325 0.00387874338775873 0.0204219967126846 0.0452009737491608 0.108969517052174 0.0845420435070992 0.0660994276404381
-3.4e+38 -3.4e+38 -3.4e+38 -3.4e+38 0.330273747444153 0.169751554727554 0.046394407749176 0.0312885604798794 0.0326115190982819 0.0374314524233341 0.0276471823453903 0.0351502820849419 0.0335757322609425 0.0229831580072641 0.0254673790186644 0.0308985412120819 0.0474958792328835 0.0378445610404015 0.0263250321149826 0.0119920130819082 0.0377513729035854 0.0227055884897709 0.0319818444550037 0.0312997102737427 0.0167648755013943 0.0134825576096773 0.0439912080764771 0.030710831284523 0.0307761784642935 0.0386746563017368 0.0373811386525631 0.047045961022377 0.0515743494033813 0.0401955656707287 0.0305569097399712 0.0368513576686382 0.0244367402046919 0.0251756403595209 0.0271032135933638 0.0267974473536015 0.0465454086661339 0.0390142574906349 0.0764817669987679 0.0677039250731468 0.0525325611233711
-3.4e+38 -3.4e+38 -3.4e+38 -3.4e+38 -3.4e+38 0.293455749750137 0.0494503378868103 0.0287198722362518 0.0322547592222691 0.0347682349383831 0.0359848625957966 0.043283935636282 0.0324112512171268 0.0348005667328835 0.0277726165950298 0.0284629054367542 0.0302004497498274 0.0451802760362625 0.0766723677515984 0.0509143210947514 0.0332926958799362 0.0249051954597235 0.0204376559704542 0.0267159473150969 0.0155059797689319 0.0086623914539814 0.0487372018396854 0.0357145220041275 0.0320215746760368 0.0305014401674271 0.0331508927047253 0.0316204614937305 0.0275807902216911 0.0629124343395233 0.040985744446516 0.015559964813292 0.0122315613552928 0.0212118625640869 0.00580013170838356 0.0133592654019594 0.0343408435583115 0.0562101118266582 0.0549444258213043 0.062351617962122 0.0550886802375317
-3.4e+38 -3.4e+38 -3.4e+38 -3.4e+38 -3.4e+38 0.291829347610474 0.0825838819146156 0.0372024178504944 0.0353913716971874 0.0401279255747795 0.0491769015789032 0.0532963462173939 0.036344438791275 0.0337901152670383 0.0253886431455612 0.0303540416061878 0.0290344282984734 0.0329906269907951 0.0576425939798355 0.0330405794084072 0.0376165881752968 0.0460666678845882 0.0323341004550457 0.0327377766370773 0.0286519173532724 0.023523285984993 0.0419945269823074 0.0361305810511112 0.0363765358924866 0.0342485122382641 0.0244119595736265 0.0263622887432575 0.018408278003335 0.0234204828739166 0.0325634479522705 0.0273387003690004 0.0242980476468801 0.0283522475510836 0.0190315451472998 0.00877394527196884 0.036427203565836 0.0605916306376457 0.0665993243455887 0.052877850830555 0.0418704897165298
-3.4e+38 -3.4e+38 -3.4e+38 -3.4e+38 -3.4e+38 0.2030960470438 0.0979521870613098 0.0483138784766197 0.0319534316658974 0.0387114584445953 0.0451578386127949 0.0354018323123455 0.0359713174402714 0.0352712646126747 0.0297220498323441 0.0555811002850533 0.0523023270070553 0.0509572736918926 0.13776122033596 0.0480859242379665 0.0261174757033587 0.0249711703509092 0.0261920224875212 0.0390518456697464 0.040267426520586 0.0295843910425901 0.0205389149487019 0.0348029248416424 0.041257057338953 0.0201878938823938 0.0291464924812317 0.0256587639451027 0.0281264297664165 0.0402864925563335 0.0398308448493481 0.036554142832756 0.0353562869131565 0.0298467613756657 0.0144687574356794 -0.0104580344632268 0.0379531756043434 0.0104345800355077 0.0265657193958759 0.0288793947547674 0.0404338948428631
-3.4e+38 -3.4e+38 -3.4e+38 -3.4e+38 -3.4e+38 0.234068036079407 0.130957007408142 0.0680591091513634 0.031188515946269 0.0216658599674702 0.052591610699892 0.0524352453649044 0.0437899455428123 0.0332279950380325 0.0257484074681997 0.0534035190939903 0.0304764099419117 0.0522892959415913 0.0339471958577633 0.0288973860442638 0.029114430770278 0.031227545812726 0.0395911484956741 0.0352559089660645 0.0386355742812157 0.0278209578245878 0.0179411955177784 0.0316196382045746 0.0391799174249172 0.0337851643562317 0.0129644284024835 0.00991406012326479 0.0313233956694603 0.0328383073210716 0.0449095070362091 0.0484625287353992 0.0300364512950182 0.0278492923825979 0.0228660106658936 -0.00551648531109095 0.0374755561351776 0.0226465165615082 0.0145686436444521 0.0375700443983078 0.0390442200005054
-3.4e+38 -3.4e+38 -3.4e+38 -3.4e+38 -3.4e+38 0.18859975039959 0.157659024000168 0.0688170492649078 0.0372361019253731 0.031093331053853 0.0508702807128429 0.0532035753130913 0.0434912852942944 0.0563317202031612 0.119232825934887 0.0542455837130547 0.0564421601593494 0.044981375336647 0.0328379571437836 0.0429554544389248 0.0288780592381954 0.0236958488821983 0.0413190126419067 0.0434343218803406 0.0347324497997761 0.030130447819829 0.0427302606403828 0.0393569953739643 0.0481324903666973 0.0350196436047554 0.0343087762594223 0.0228584669530392 0.0317773409187794 0.0334173813462257 0.03913813829422 0.039412010461092 0.0225276295095682 0.0186079572886229 0.00260394834913313 -0.000355182564817369 0.0241814386099577 0.0208353064954281 0.0255739912390709 0.0422033444046974 0.0397957935929298
-3.4e+38 -3.4e+38 -3.4e+38 -3.4e+38 -3.4e+38 -3.4e+38 0.31933867931366 0.1165536865592 0.0360848791897297 0.0382239744067192 0.0408526100218296 0.0489500649273396 0.0545795559883118 0.0944656133651733 0.0946219190955162 0.0539686344563961 0.046445470303297 0.0413274466991425 0.0354511067271233 0.0422384887933731 0.0545824877917767 0.0390802472829819 0.0181470848619938 0.0198964048177004 0.0289046838879585 0.0372341722249985 0.0446832031011581 0.0420824959874153 0.0367477834224701 0.0389195196330547 0.03130167350173 0.0170977413654327 0.022635392844677 0.0313616432249546 0.0276975966989994 0.0307690557092428 0.0297348201274872 0.032631803303957 0.0251271482557058 0.0328938774764538 0.0252123381942511 0.00485693151131272 0.0231495201587677 0.0313671007752419 0.0387989915907383
-3.4e+38 -3.4e+38 -3.4e+38 -3.4e+38 -3.4e+38 -3.4e+38 0.325059562921524 0.146076425909996 0.0429035015404224 0.0415466018021107 0.036461241543293 0.0572500750422478 0.0634389966726303 0.0698218494653702 0.0655506923794746 0.0505163036286831 0.0457119904458523 0.0539583601057529 0.0591794475913048 0.0486068464815617 0.0684223249554634 0.0504746772348881 0.0452603213489056 0.0432507619261742 0.043640099465847 0.0521579198539257 0.0494869314134121 0.0270719528198242 0.0358021445572376 0.0304404608905315 0.031894039362669 0.0318066775798798 0.0404359176754951 0.0335001610219479 0.0283207502216101 0.0363337658345699 0.0238619297742844 0.0155166825279593 0.00935777369886637 0.017535762861371 0.017601614817977 0.0244810245931149 0.0283683314919472 0.0244265515357256 0.0371773950755596
-3.4e+38 -3.4e+38 -3.4e+38 -3.4e+38 -3.4e+38 -3.4e+38 0.311195760965347 0.127635046839714 0.0342507883906364 0.0307043120265007 0.037034135311842 0.0481673516333103 0.0568560138344765 0.0553590096533298 0.0608760751783848 0.0479223690927029 0.0497544780373573 0.0502468533813953 0.0413465350866318 0.020381011068821 0.0571932159364223 0.0388224311172962 0.0579277314245701 0.060611043125391 0.0460642389953136 0.0471507050096989 0.0423608645796776 0.0406741239130497 0.0370851494371891 0.0379057712852955 0.0395223274827003 0.0288018155843019 0.0479286015033722 0.0531664378941059 0.0508533753454685 0.0444554165005684 0.0308125931769609 0.0157050136476755 0.0255276206880808 0.0228822752833366 0.0242270864546299 0.0189765878021717 0.0240525025874376 0.0274174027144909 0.0422722101211548
-3.4e+38 -3.4e+38 -3.4e+38 -3.4e+38 -3.4e+38 -3.4e+38 0.265786707401276 0.0863198637962341 0.0302119292318821 0.025510611012578 0.0294260010123253 0.0425300113856792 0.0555930845439434 0.0508075542747974 0.0475982986390591 0.054884597659111 0.0545160435140133 0.0445889458060265 0.0432816483080387 0.0502217449247837 0.0472216904163361 0.0627855882048607 0.0636823996901512 0.0440814569592476 0.0355004109442234 0.0453412905335426 0.0357454642653465 0.0427481159567833 0.0425189398229122 0.0429310910403728 0.0335670411586761 0.0260046068578959 0.0457589849829674 0.0336267203092575 0.020201288163662 0.0457792282104492 0.0210372228175402 -0.00989158172160387 0.00289260572753847 0.0145025802776217 0.0236784555017948 0.0529391579329967 0.0499600060284138 0.0439968220889568 0.0492872670292854
