Ecospace-environmental-drivers/Outputs/ASCII-for-ecospace/Cfl/Cfl_X2003.05.asc
NCOLS 131 
NROWS 53 
XLLCORNER -98 
YLLCORNER 23.9265270233154 
CELLSIZE 0.133587792515755 
NODATA_value -3.4e+38 
[rows 20 to 39 of 53, columns 0 to 43 of 131]
-3.4e+38 -3.4e+38 -3.4e+38 -3.4e+38 -3.4e+38 -3.4e+38 -3.4e+38 -3.4e+38 -3.4e+38 -3.4e+38 0.249517858028412 0.288103699684143 0.134546473622322 0.0244494564831257 0.00506711006164551 0.00644194846972823 0.0257140062749386 0.0252036843448877 0.0319847613573074 0.0185936354100704 0.0140935983508825 0.00827976036816835 0.00999400019645691 0.0067963027395308 0.00702452566474676 0.00874296482652426 0.00944656413048506 0.00549038778990507 0.00667707715183496 0.0126321306452155 0.0153696723282337 0.0162518490105867 0.0163274258375168 0.0141768604516983 0.015957472845912 0.0102296406403184 0.0089400876313448 0.00674977852031589 0.00998558942228556 0.00977404322475195 0.0100242318585515 0.0108135128393769 0.00834984891116619 0.0146472798660398
-3.4e+38 -3.4e+38 -3.4e+38 -3.4e+38 -3.4e+38 -3.4e+38 -3.4e+38 -3.4e+38 -3.4e+38 -3.4e+38 0.194675236940384 0.0233557615429163 0.00732457358390093 0.00439257919788361 0.00341027742251754 0.00370162702165544 0.00635305745527148 0.0161150638014078 0.0232233721762896 0.0152467582374811 0.0106731168925762 0.00631052581593394 0.00907691288739443 0.00599081581458449 0.00278431200422347 0.00504034012556076 0.00475088786333799 0.00544951157644391 0.0115599082782865 0.0165128968656063 0.0176363382488489 0.0158985070884228 0.0173839963972569 0.0151168527081609 0.0131460838019848 0.00936323031783104 0.00461782421916723 0.00397102674469352 0.0074430713430047 0.00866867322474718 0.00977403298020363 0.00854167155921459 0.00962899159640074 0.0137353371828794
-3.4e+38 -3.4e+38 -3.4e+38 -3.4e+38 -3.4e+38 -3.4e+38 -3.4e+38 -3.4e+38 0.237681522965431 0.184781685471535 0.0455143600702286 0.0144556630402803 0.0113984141498804 0.0084365950897336 0.00546883326023817 0.00177320302464068 0.00434261607006192 0.0145844854414463 0.018964022397995 0.0182124450802803 0.0167689714580774 0.00874035246670246 0.00604184996336699 0.00456148199737072 0.000926040578633547 0.000889100134372711 0.0045693339779973 0.00702912639826536 0.0128500675782561 0.0183886848390102 0.0199472270905972 0.0162297859787941 0.0169346556067467 0.0157084111124277 0.0114787165075541 0.00607939576730132 0.00468029407784343 0.00219678739085793 0.00347402459010482 0.00536585785448551 0.00697883730754256 0.00844722054898739 0.00987409893423319 0.00669514993205667
-3.4e+38 -3.4e+38 -3.4e+38 -3.4e+38 -3.4e+38 -3.4e+38 -3.4e+38 0.0272434931248426 0.116232700645924 0.100193493068218 0.0172460488975048 0.0163718536496162 0.00930833537131548 0.00364521727897227 0 0.000340623199008405 0.00278984825126827 0.0131663596257567 0.0247487314045429 0.0262547954916954 0.0208484977483749 0.0176490470767021 0.00927808880805969 0.00674289092421532 0.00423243502154946 0.00168884231243283 0.00118231528904289 0.00178578251507133 0.00825939048081636 0.0128331165760756 0.0162305571138859 0.0181236248463392 0.0161750111728907 0.0144227640703321 0.0126494849100709 0.00726977689191699 0.00286608864553273 0.00297002750448883 0.00509104551747441 0.00423248205333948 0.00420375121757388 0.0107163218781352 0.0109180668368936 0.0103877782821655
-3.4e+38 -3.4e+38 -3.4e+38 -3.4e+38 -3.4e+38 -3.4e+38 -3.4e+38 0.0787229388952255 0.039362121373415 0.0117801260203123 0.00183024746365845 0.00578572694212198 0.00134623202029616 0 0 0.00020600606512744 0.00203517824411392 0.00552103947848082 0.0117284916341305 0.0204325001686811 0.0167308021336794 0.0153125859797001 0.00785119365900755 0.00484630977734923 0.00481758359819651 0.0030358440708369 0.00169667310547084 0.000547201663721353 0.00176165683660656 0.00806876458227634 0.0195582658052444 0.0202467665076256 0.0181406922638416 0.015555209480226 0.00894592329859734 0.00683740014210343 0.0100953262299299 0.00627393927425146 0.00850907992571592 0.0077668521553278 0.0092137111350894 0.0116692502051592 0.0112061649560928 0.00875070877373219
-3.4e+38 -3.4e+38 -3.4e+38 -3.4e+38 -3.4e+38 -3.4e+38 -3.4e+38 0.0666772499680519 0.0172115880995989 0.000236095511354506 0.005428746342659 0.00279728486202657 0.000180791234015487 0.000553782097995281 0.00205976818688214 0.00172773632220924 0.00035612951614894 0.00428156368434429 0.00778085924685001 0.0121508473530412 0.0126698445528746 0.0100277187302709 0.00714850518852472 0.00500348955392838 0.00315969437360764 0.00238147377967834 0.000666647392790765 5.47465861018281e-05 0.00109310657717288 0.00502570252865553 0.0105021307244897 0.015106899663806 0.0150763411074877 0.0136129576712847 0.0151763241738081 0.014022103510797 0.0135776791721582 0.00673808623105288 0.00753319868817925 0.00882492121309042 0.00794709660112858 0.0108789736405015 0.0110395699739456 0.00937337428331375
-3.4e+38 -3.4e+38 -3.4e+38 -3.4e+38 -3.4e+38 -3.4e+38 0.0011406319681555 -3.4e+38 -3.4e+38 0.000226173302507959 0.000185889613931067 8.79622821230441e-05 0.000953618611674756 0.000843801244627684 0.00102018262259662 8.140681165969e-05 0 0.00326707446947694 0.00724241742864251 0.0148072047159076 0.0109700616449118 0.0101868156343699 0.00551910232752562 0.00585216796025634 0.00346596864983439 0.00145732657983899 0.00153736921492964 0.000424526340793818 0.00113279465585947 0.002605099696666 0.00676139537245035 0.0114731714129448 0.0112748201936483 0.0162511765956879 0.0144900428131223 0.019982261583209 0.0178414285182953 0.0132080158218741 0.0111406017094851 0.00833139661699533 0.00983481109142303 0.00974067486822605 0.0127153797075152 0.0115780206397176
-3.4e+38 -3.4e+38 -3.4e+38 -3.4e+38 -3.4e+38 0.0242373235523701 0.00249069393612444 0.0267405956983566 0.0224997140467167 0.00983745139092207 0 0 0 0 6.65505103825126e-06 0 0.00230060354806483 0.00175603898242116 0.00684149283915758 0.00883184000849724 0.0047954386100173 0.00787181966006756 0.00664808694273233 0.00869448203593493 0.00241829757578671 0.000197284403839149 0.000213736551813781 0.00118930661119521 0.0019078227924183 0.00138218083884567 0.00446098437532783 0.0111850528046489 0.0135261006653309 0.0142997354269028 0.014860488474369 0.0140404645353556 0.0148898921906948 0.00722052389755845 0.00463791890069842 0.00881116092205048 0.00724497297778726 0.00758800283074379 0.0100713316351175 0.00999992247670889
-339999999999999996128486808808066248288.000000000000000 -3.4e+38 -3.4e+38 -3.4e+38 -3.4e+38 0.0356059819459915 0.00623544072732329 0.0208622459322214 0.0163161717355251 0.0156110879033804 0 0 0 0.000234303981414996 0.00106258445885032 0.000763129442930222 1.38142786454409e-06 0.00083794875536114 0.00207415106706321 0.00623710732907057 0.00732478080317378 0.00688199186697602 0.00481491582468152 0.00817855726927519 0.00725260796025395 0.00295092025771737 0.0048916139639914 0.00258564623072743 0.000268173578660935 0.000391978479456156 0.00279319798573852 0.0104761803522706 0.0129271326586604 0.013455587439239 0.016812838613987 0.0130267553031445 0.0056465738452971 0.00388874183408916 0.00317042134702206 0.00494577642530203 0.00347852450795472 0.00325411045923829 0.00791181717067957 0.00709019741043448
-3.4e+38 -3.4e+38 -3.4e+38 -3.4e+38 0.0783736407756805 0.0480177290737629 0.0211369208991528 0.0106644267216325 0.00609434535726905 0.0188924483954906 0.00159146427176893 0 0.000377133808797225 0.00227672513574362 0.0031020266469568 0.00545949768275023 0.00258194073103368 0.00120271474588662 0.00389725645072758 0.00535665033385158 0.0042746220715344 0.00900888722389936 0.00591096607968211 0.00792552623897791 0.00715969828888774 0.00535506755113602 0.0027249890845269 0.00625079777091742 0.00298810331150889 0.00145124853588641 0.00171456229873002 0.00895774643868208 0.0120445415377617 0.0124814072623849 0.0140181444585323 0.0157153867185116 0.00974294636398554 0.00434321677312255 0.00311876973137259 0.00676224334165454 0.00584883848205209 0.00355804897844791 0.00457635195925832 0.0052967369556427
-3.4e+38 -3.4e+38 -3.4e+38 -3.4e+38 0.120157316327095 0.0619901865720749 0.00983998086303473 0.0100946454331279 0.0100329713895917 0.011114189401269 0.00533660314977169 0.0039421683177352 0.00165372027549893 0.0023474101908505 0.0043568080291152 0.00493883481249213 0.00395765900611877 0.00993628706783056 0.00905216485261917 0.00883284769952297 0.00630783755332232 0.00845599547028542 0.00902679748833179 0.0070468308404088 0.00714467465877533 0.00806565955281258 0.00702401157468557 0.00555772287771106 0.00488265743479133 0.00191595579963177 0.00158482301048934 0.00529693672433496 0.00805246643722057 0.0079233692958951 0.00943459011614323 0.0101242223754525 0.00788039341568947 0.00483533879742026 0.00430700927972794 0.00664808182045817 0.00767262931913137 0.00437895907089114 0.00523852091282606 0.00470244977623224
-3.4e+38 -3.4e+38 -3.4e+38 -3.4e+38 -3.4e+38 0.0994901806116104 0.0111585035920143 0.00746587524190545 0.00617007212713361 0.00763390911743045 0.00499406643211842 0.00337399379350245 0.00224147015251219 0.00207175756804645 0.00105480547063053 0.0086459182202816 0.00549321668222547 0.00736289517953992 0.00850987620651722 0.00934247858822346 0.00633793277665973 0.00715771829709411 0.00876516569405794 0.00612758425995708 0.00516126258298755 0.00692613236606121 0.00374277657829225 0.00547538185492158 0.00602907361462712 0.00204859627410769 0.00138775340747088 0.00213389773853123 0.00248290598392487 0.00370243028737605 0.00555771263316274 0.0139213232323527 0.00600593956187367 0.00816901680082083 0.00441206991672516 0.00511466804891825 0.00782763678580523 0.00243162992410362 0.00252969982102513 0.00530757894739509
-3.4e+38 -3.4e+38 -3.4e+38 -3.4e+38 -3.4e+38 0.115946352481842 0.00560654746368527 0.00447328761219978 0.00437015434727073 0.00476738438010216 0.00742064137011766 0.00329695548862219 0.000896363169886172 0.00339991017244756 0.00130847236141562 0.00154862110503018 0.00354661676101387 0.00598462857306004 0.00723833777010441 0.00650921789929271 0.0169181562960148 0.0191079191863537 0.0127914799377322 0.00799350440502167 0.00742749031633139 0.00782420113682747 0.00692704925313592 0.00539559032768011 0.00606573326513171 0.0041518653742969 0.00320827960968018 0.00279088015668094 0.00370792509056628 0.00502763688564301 0.0110001703724265 0.0134725561365485 0.00781956594437361 0.00548349088057876 0.00404504034668207 0.00233783922158182 0.00573000218719244 0.00264011067338288 0.00341685791499913 0.00523489294573665
-3.4e+38 -3.4e+38 -3.4e+38 -3.4e+38 -3.4e+38 -3.4e+38 0.0358415469527245 0.0110384942963719 0.00162461155559868 0.00271211238577962 0.00290822447277606 0.000243286543991417 0 0.000470608909381554 0.00219240435399115 0.00175282300915569 0.00135311833582819 0.00390187464654446 0.0103329857811332 0.0153786679729819 0.0159423165023327 0.0164880640804768 0.0125626949593425 0.011705594137311 0.0108547527343035 0.00816745217889547 0.00620249006897211 0.00740334531292319 0.0062502883374691 0.00570029811933637 0.00373925408348441 0.00330374506302178 0.00808683596551418 0.00772753264755011 0.0133139975368977 0.0152097158133984 0.00939782988280058 0.00686711212620139 0.00548240169882774 0.00169595470651984 0.00284806522540748 0.00197663460858166 0.00347907352261245 0.00493564456701279
-3.4e+38 -3.4e+38 -3.4e+38 -3.4e+38 -3.4e+38 -3.4e+38 0.0988421142101288 0.0361125245690346 0.00427308119833469 0.00178710545878857 0.00140654377173632 0.0027017320971936 0.00572804594412446 0.0108078522607684 0.00811196584254503 0.00473457388579845 0.00248000724241138 0.00287104304879904 0.0085110804066062 0.010539592243731 0.0131460940465331 0.0161771327257156 0.0143559565767646 0.0128068160265684 0.0132670160382986 0.00943756382912397 0.0077185588888824 0.00665126787498593 0.00690508633852005 0.00706612644717097 0.00602044863626361 0.0051125530153513 0.00721548963338137 0.010924999602139 0.011958472430706 0.0141153428703547 0.0125372996553779 0.00854322407394648 0.00525407958775759 0.0036825523711741 0.00697059789672494 0.00397659279406071 0.00202280399389565 0.0050868159160018
-3.4e+38 -3.4e+38 -3.4e+38 -3.4e+38 -3.4e+38 -3.4e+38 0.0539739318192005 0.0306571926921606 0.00766961276531219 0.00478057190775871 0.0319395922124386 0.0194453299045563 0.00320487376302481 0.0028530943673104 0.00521400803700089 0.00435314560309052 0.00439216336235404 0.00349790486507118 0.00835117232054472 0.0100710969418287 0.0154733993113041 0.0174834113568068 0.0155336251482368 0.0130918677896261 0.00957600120455027 0.00874836556613445 0.00720964511856437 0.00678421044722199 0.00691702216863632 0.00680418126285076 0.00544769829139113 0.00478270510211587 0.00550311990082264 0.0091717941686511 0.0102424304932356 0.0133652174845338 0.0131326634436846 0.00966062396764755 0.00476707424968481 0.00393638759851456 0.00804707873612642 0.00674895197153091 0.00622202828526497 0.00931911543011665
-3.4e+38 -3.4e+38 -3.4e+38 -3.4e+38 -3.4e+38 -3.4e+38 0.0326476283371449 0.0333351567387581 0.000772569968830794 0.00112323416396976 0.00128587556537241 0.000139296462293714 3.25359224007116e-07 0.00370350456796587 0.00381403276696801 0.00255957315675914 0.00139968772418797 0.00599179277196527 0.00973157770931721 0.0116599379107356 0.0135829541832209 0.0181496161967516 0.0156999602913857 0.0149272382259369 0.00774404779076576 0.00476015126332641 0.00449710758402944 0.00748412357643247 0.00541988899931312 0.00663534598425031 0.00774433417245746 0.00697327917441726 0.00789325870573521 0.0058750337921083 0.00797032658010721 0.0107619967311621 0.0130757419392467 0.00939576420933008 0.00436110189184546 0.00209666765294969 0.00735131371766329 0.00353325717151165 0.00404430227354169 0.00487884087488055
-3.4e+38 -3.4e+38 -3.4e+38 -3.4e+38 -3.4e+38 -3.4e+38 -3.4e+38 0.0907062813639641 0.0142613975331187 0.0159391071647406 0.0111144054681063 0.000557657389435917 0.000511191377881914 0.000134657049784437 0.00174017576500773 0.000274352089036256 0.000239702858380042 0.00491140317171812 0.00935898534953594 0.0101909106597304 0.0150616224855185 0.0179294757544994 0.0174046959728003 0.0168477520346642 0.0150531698018312 0.0109202926978469 0.00850447732955217 0.00991807878017426 0.00729461619630456 0.00982455816119909 0.0109098320826888 0.00835894234478474 0.00259153358638287 0.00244680466130376 0.00271163368597627 0.00775478128343821 0.0106407506391406 0.00664225919172168 0.00472567277029157 0.00292147090658545 0.00429183896631002 0.0044006435200572 0.00448295241221786 0.00225278013385832
-3.4e+38 -3.4e+38 -3.4e+38 -3.4e+38 -3.4e+38 -3.4e+38 -3.4e+38 0.0513034909963608 0.0185866300016642 0.0149918980896473 0.00879701226949692 0 0.00168896722607315 2.08011715585599e-05 0.00025042102788575 0.000135392387164757 0.000189851431059651 0.00417693937197328 0.0108116762712598 0.00977120082825422 0.0174672193825245 0.0175873246043921 0.0215933192521334 0.019889896735549 0.0118647022172809 0.00876704324036837 0.00897962227463722 0.00969586614519358 0.0083296624943614 0.00819832738488913 0.00920068565756083 0.0118469065055251 0.00446102721616626 0.00269081466831267 0.00299356901086867 0.00447144499048591 0.00710598286241293 0.00592429796233773 0.00383287109434605 0.00487014232203364 0.00644732220098376 0.00462652323767543 0.00522360298782587 0.00395021680742502
-3.4e+38 -3.4e+38 -3.4e+38 -3.4e+38 -3.4e+38 -3.4e+38 -3.4e+38 0.0358459837734699 0.00962200667709112 0.00288848346099257 0.000688873988110572 0.00631720246747136 0.00327225751243532 0.00213655969128013 0.000797667657025158 0.000371338770492002 0.0026944528799504 2.4924249828473e-06 0.00117802689783275 0.00455374736338854 0.0158383101224899 0.0187380407005548 0.010933093726635 0.0213846825063229 0.0125394724309444 0.0092063071206212 0.00727163581177592 0.00711009465157986 0.00646633515134454 0.00903135351836681 0.00889907497912645 0.00820433814078569 0.0038858987390995 0.00286828074604273 0.00237245787866414 0.00435223104432225 0.00941284000873566 0.00946072302758694 0.00844578724354506 0.00743135111406446 0.00716974027454853 0.00668642017990351 0.00936055369675159 0.00606172112748027
