Ecospace-environmental-drivers/Outputs/ASCII-for-ecospace/Cfl/Cfl_X2018.11.asc
NCOLS 131 
NROWS 53 
XLLCORNER -98 
YLLCORNER 23.9265270233154 
CELLSIZE 0.133587792515755 
NODATA_value -3.4e+38 
[rows 20 to 39 of 53, columns 45 to 89 of 131]
0.0793674662709236 0.0683552250266075 0.055037297308445 0.0570249706506729 0.0649964958429337 0.0775288641452789 0.139996215701103 0.154511064291 0.14210544526577 0.139957755804062 0.150094151496887 0.138529106974602 0.108968771994114 0.109601907432079 0.0936800315976143 0.0727272629737854 0.0635645613074303 0.0939841195940971 0.165630489587784 0.294159173965454 0.21207594871521 0.0841475278139114 0.059387244284153 0.0398215912282467 0.0742581784725189 0.100821726024151 0.101872950792313 0.0301133785396814 0.00199098931625485 0.0115582449361682 0.0264175068587065 0.0524827316403389 0.0929058119654655 0.118983156979084 0.100413993000984 0.0705064386129379 0.0669344142079353 0.0963225960731506 0.0964892953634262 0.112419880926609 0.0864821225404739 0.0573016703128815 0.0496660955250263 0.0425028428435326 0.0444271489977837
0.0493315942585468 0.0336626507341862 0.0320200435817242 0.0556899718940258 0.0626385733485222 0.0715099647641182 0.0902741551399231 0.147978603839874 0.122550338506699 0.0860089212656021 0.0839933678507805 0.0781216844916344 0.0604539439082146 0.0542219989001751 0.0637144818902016 0.0734265744686127 0.0626910775899887 0.0803228244185448 0.0821252539753914 0.0887117385864258 0.0741942003369331 0.0542790330946445 0.03874197229743 0.0625743642449379 0.11090474575758 0.0608941689133644 0.0220602452754974 -0.00152643327601254 0.0147470673546195 0.020950686186552 0.0368554554879665 0.05465979129076 0.0764652714133263 0.100392818450928 0.0905933156609535 0.0898918211460114 0.094678021967411 0.0782567113637924 0.0695121809840202 0.0888619422912598 0.0674255192279816 0.0592210181057453 0.0521907396614552 0.0470643304288387 0.119022607803345
0.0346838608384132 0.0425363257527351 0.0628890097141266 0.0746915563941002 0.0636169910430908 0.0709395185112953 0.0699445530772209 0.0818908140063286 0.0977782011032104 0.07550448179245 0.0495466776192188 0.0585735328495502 0.0766945630311966 0.086785577237606 0.0825832113623619 0.070179171860218 0.0510350503027439 0.0423246696591377 0.0553634315729141 0.0632470175623894 0.046448890119791 0.0742027014493942 0.0566200502216816 0.0698390528559685 0.0734846666455269 0.0559220835566521 0.043370820581913 0.0274480786174536 0.0220544058829546 0.0898245051503181 0.0682875514030457 0.0681101977825165 0.0923348739743233 0.0813103914260864 0.079729400575161 0.0893638506531715 0.100427702069283 0.0766280218958855 0.0670769885182381 0.0677430033683777 0.0685435682535172 0.0563774444162846 0.0485196225345135 -0.000581948028411716 0.0600994601845741
0.0414589419960976 0.0523898862302303 0.0761005878448486 0.0557375177741051 0.067806750535965 0.0858053267002106 0.0817066058516502 0.0698286220431328 0.0604981668293476 0.043095625936985 0.0710094347596169 0.0545622259378433 0.0705641582608223 0.0746171921491623 0.0750967562198639 0.0877453163266182 0.0602199323475361 0.0412491150200367 0.0333985425531864 0.0536217726767063 0.0523214340209961 0.0417385995388031 0.0783529430627823 0.0873270258307457 0.101426899433136 0.067732609808445 0.045976597815752 0.0384653061628342 0.0491266474127769 0.0630549192428589 0.0612786859273911 0.0467947423458099 0.0709151700139046 0.0630861595273018 0.0686657056212425 0.0742409527301788 0.0758976489305496 0.0664591118693352 0.0702692568302155 0.0635567829012871 0.0752895101904869 0.061056662350893 0.045109249651432 0.0213509295135736 0.0361834019422531
0.0442716255784035 0.0540777370333672 0.0634125620126724 0.0455244593322277 0.0614408738911152 0.0727079883217812 0.0495520383119583 0.0403755456209183 0.0321133136749268 0.0455817840993404 0.060759324580431 0.0618933662772179 0.0635592490434647 0.0683824867010117 0.081348828971386 0.0860896706581116 0.0483455844223499 0.0434817411005497 0.0336143411695957 0.0433087237179279 0.0460032969713211 0.0459193922579288 0.0589408688247204 0.0695850923657417 0.0691650882363319 0.0463858544826508 0.0445809699594975 0.0448323115706444 0.0444201417267323 0.0459326580166817 0.0443071387708187 0.0483749881386757 0.0574510842561722 0.0667860731482506 0.0729129984974861 0.078261025249958 0.0601018965244293 0.0604396648705006 0.0560789555311203 0.0574670806527138 0.0672788172960281 0.0557100623846054 0.0420999228954315 0.0425411760807037 0.00656970078125596
0.0471696406602859 0.0799457579851151 0.0682734251022339 0.0583157353103161 0.0573251694440842 0.0654254630208015 0.0601488389074802 0.0303118117153645 0.0290410742163658 0.0377034805715084 0.0501918941736221 0.0491071082651615 0.0538667477667332 0.0681756213307381 0.0736580863595009 0.0700714141130447 0.0648257732391357 0.0680912286043167 0.0749113783240318 0.063934363424778 0.0505319721996784 0.0399706400930882 0.0491556003689766 0.0431206487119198 0.0439193733036518 0.0392913855612278 0.0362424105405807 0.0378289669752121 0.0468048974871635 0.0488803125917912 0.0543577782809734 0.0418179705739021 0.0522516183555126 0.0532253943383694 0.0618277713656425 0.0623725466430187 0.053008358925581 0.054841935634613 0.042334146797657 0.0598359256982803 0.0642705261707306 0.0552359111607075 0.0386471599340439 0.0298561993986368 0.012011494487524
0.0591635219752789 0.0823595747351646 0.0910755321383476 0.0682344809174538 0.0571630224585533 0.0691962987184525 0.111296385526657 0.0666900500655174 0.0477083921432495 0.0519052743911743 0.05009975284338 0.0403996668756008 0.0427778996527195 0.0492357946932316 0.0632314458489418 0.0705937445163727 0.0728680416941643 0.0711269229650497 0.0689112171530724 0.0796053484082222 0.0508394166827202 0.042568102478981 0.0471490435302258 0.0430999062955379 0.0394499413669109 0.037711389362812 0.0354924649000168 0.0365737341344357 0.044143371284008 0.0440090149641037 0.046772301197052 0.0585681311786175 0.0509933307766914 0.0168537572026253 0.0651944503188133 0.0676864013075829 0.0638670176267624 0.0476137809455395 0.0346199460327625 0.0326572470366955 0.0554308369755745 0.0467549227178097 0.0319924540817738 0.0419977903366089 0.0455832071602345
0.0474727116525173 -3.4e+38 -3.4e+38 0.0756053626537323 0.0687606036663055 0.0768537446856499 0.0770536884665489 0.0614874251186848 0.0473160147666931 0.0317819267511368 0.0475377477705479 0.046916838735342 0.0424351133406162 0.0432532988488674 0.0685441270470619 0.114214822649956 0.11895327270031 0.111161753535271 0.0604377463459969 0.0715075582265854 0.0638446658849716 0.0431208834052086 0.0441715903580189 0.043039470911026 0.0413719676434994 0.0352057479321957 0.038320928812027 0.0374517478048801 0.0465383119881153 0.0523102544248104 0.0492503121495247 0.0566313862800598 0.0525873862206936 0.0553135238587856 0.0637644231319427 0.0585683099925518 0.0605629272758961 0.0494195558130741 0.0364713817834854 0.0271729584783316 0.0358104035258293 0.0482441075146198 0.0443900153040886 0.0317911133170128 0.0344397500157356
0.0336039364337921 0.0243515931069851 0.0350169278681278 0.0915063992142677 0.0691038817167282 0.075645312666893 -3.4e+38 -3.4e+38 0.0460886098444462 0.0436258353292942 0.0426385104656219 0.0446265414357185 0.0464693494141102 0.0476201809942722 0.0483047626912594 0.0786891803145409 0.0959420278668404 0.0727059915661812 0.0506611615419388 0.0684203281998634 0.0631205588579178 0.0645084083080292 0.047849502414465 0.0417030565440655 0.0413336008787155 0.0381628088653088 0.0416173450648785 0.0369419045746326 0.0478216297924519 0.0563182272017002 0.0573522597551346 0.0605306401848793 0.0578580796718597 0.0513561815023422 0.0479614473879337 0.0537359043955803 0.0806558206677437 0.0818064734339714 0.0350348018109798 0.0243893209844828 0.0329213738441467 0.0435839258134365 0.0424082577228546 0.0538263581693172 0.0392795354127884
0.0261512100696564 0.0505101084709167 0.0430125817656517 0.0864288434386253 0.0877668336033821 0.0962083861231804 -3.4e+38 -3.4e+38 0.0793338939547539 0.0540498793125153 0.0564428940415382 0.0421254225075245 0.0382821895182133 0.0453776866197586 0.0459146276116371 0.0434941723942757 0.0425768420100212 0.0379723682999611 0.0497683510184288 0.0722291022539139 0.0803647711873055 0.0693112686276436 0.0490194335579872 0.0398039743304253 0.0375259146094322 0.0399494767189026 0.0420863963663578 0.0459083430469036 0.0504458323121071 0.0499567724764347 0.0572829656302929 0.0523633398115635 0.0508003793656826 0.0414536818861961 0.0435697324573994 0.0570069551467896 0.0953715741634369 0.0625533685088158 0.0422559082508087 0.025672959163785 0.0242035184055567 0.0267525669187307 0.0367231741547585 0.036254495382309 0.0363896451890469
0.0893434509634972 0.0811542347073555 0.0756794288754463 0.0746988356113434 0.0733132436871529 0.0773599520325661 -3.4e+38 0.0763290524482727 0.0712496563792229 0.0526908859610558 0.0540721341967583 0.0537841953337193 0.0272556003183126 0.0503148548305035 0.0266909562051296 0.0121053960174322 0.0331215783953667 0.0435300879180431 0.0521361976861954 0.0562485307455063 0.0564077459275723 0.0544213876128197 0.042770154774189 0.0321393571794033 0.016095757484436 0.0456162095069885 0.0494584031403065 0.0526623874902725 0.0498971045017242 0.057765755802393 0.0554375387728214 0.0538227558135986 0.0453132577240467 0.0426537394523621 0.0776413828134537 0.053127758204937 0.0646446049213409 0.0570146851241589 0.0476623401045799 0.0409444570541382 0.0129379434511065 0.0335834100842476 0.0368051826953888 0.0343937277793884 0.0249170493334532
0.0841149985790253 0.0613395795226097 0.0650403127074242 0.0651622638106346 0.0477036386728287 0.0943568721413612 -3.4e+38 0.0848353207111359 0.0773021206259727 0.0480948314070702 0.0294017344713211 0.0743705406785011 0.0628451853990555 0.0540144219994545 0.0218377523124218 0.0120907165110111 -0.0105425342917442 0.0449564233422279 0.0580356568098068 0.0604144521057606 0.0685448870062828 0.0484029725193977 0.0528409034013748 0.0392437949776649 0.0548911690711975 0.0337308533489704 0.0559107102453709 0.0450981147587299 0.0498424470424652 0.046433474868536 0.0449287854135036 0.0525986403226852 0.0461449548602104 0.0600311495363712 0.0275598037987947 0.0443515442311764 0.0427542738616467 0.0462312623858452 0.0485780350863934 0.0270715579390526 0.00953696202486753 0.0303585343062878 0.0356931202113628 0.0232426971197128 -0.0120101235806942
-3.4e+38 0.0873543843626976 0.111155912280083 0.0945700034499168 -3.4e+38 -3.4e+38 -3.4e+38 -3.4e+38 0.0712479650974274 0.064949706196785 -3.4e+38 0.0525004863739014 0.0627568662166595 0.0318972915410995 0.0295102261006832 0.0628484264016151 -3.4e+38 0.0131400004029274 0.0590576976537704 0.065349780023098 0.0560027286410332 0.022933853790164 0.0374728813767433 0.0567816197872162 0.061462014913559 0.0417985022068024 0.0510085448622704 0.0484676584601402 0.0527891218662262 0.0397210456430912 0.0494163557887077 0.051142331212759 0.0491518080234528 0.0474685542285442 0.0462903007864952 0.0459951423108578 0.0422815643250942 0.0460432767868042 0.039818100631237 0.00878361891955137 0.0290450882166624 0.0345399491488934 0.0232626292854548 0.0199750009924173 0.0284846741706133
0.0584005750715733 0.0728282257914543 0.0673453882336617 0.0909436196088791 0.0712106823921204 -3.4e+38 -3.4e+38 0.0514831840991974 -3.4e+38 -3.4e+38 -3.4e+38 0.0642296373844147 0.0514394156634808 0.0556173957884312 0.0359115153551102 0.0578083507716656 0.0561677254736423 0.0454200729727745 0.0359057635068893 0.0647073239088058 0.0217219945043325 0.00785066839307547 0.0425190404057503 0.092972457408905 0.0714429765939713 0.0451461970806122 0.0446475893259048 0.0437179915606976 0.050055518746376 0.0612488947808743 0.0605742745101452 0.0560931265354156 0.0481107607483864 0.0473868325352669 0.0442053265869617 0.0468363240361214 0.037840910255909 0.0467429049313068 0.0459073297679424 0.0356880351901054 0.0331619270145893 0.0269000548869371 0.0169002823531628 0.020791307091713 0.0185737553983927
0.0468294098973274 0.0615410469472408 0.0703437998890877 0.0965968444943428 0.0717384740710258 -3.4e+38 0.0135399792343378 0.0292753856629133 -3.4e+38 0.0125449998304248 0.0313889682292938 0.0388949327170849 0.0228453725576401 0.0582680106163025 0.0609931796789169 0.0561565309762955 0.0555785894393921 0.0384308733046055 0.029618302360177 0.0476884171366692 0.0404482632875443 0.0573264323174953 0.055381316691637 0.0490313619375229 0.00654630502685905 0.0383766852319241 0.0523026324808598 0.0579141043126583 0.0425127074122429 0.0430216304957867 0.0525595620274544 0.0432147905230522 0.0409184023737907 0.0364625342190266 0.0303861070424318 0.0420739352703094 0.021218903362751 0.0555099286139011 0.0478838421404362 0.0354934185743332 0.0296539552509785 0.0136176394298673 0.0209456216543913 0.0361070223152637 0.033314298838377
0.0438668392598629 0.0557953976094723 0.0626101419329643 -3.4e+38 0.0287300068885088 0.0265422817319632 0.0174634512513876 0.0256349314004183 0.0306720044463873 0.0297872889786959 0.0160373970866203 0.00205026264302433 0.0220339428633451 0.00673612765967846 0.036879226565361 0.0394345223903656 0.0398694388568401 0.0389845184981823 0.0329798497259617 0.0395627841353416 0.0395724885165691 0.0508571639657021 0.0495224930346012 0.0480752885341644 0.0221145991235971 0.0376600176095963 0.0192985106259584 0.0539699532091618 0.0370725840330124 0.0378438718616962 0.0356121435761452 0.0322985909879208 0.0262361150234938 0.0352539345622063 0.0333861857652664 0.0415378697216511 0.0231437236070633 0.0384884476661682 0.0420391373336315 0.0317930802702904 0.0236734058707952 0.025775533169508 0.032404713332653 0.0357395298779011 0.0363771766424179
0.0370649695396423 0.0422790944576263 0.0513730868697166 0.0379175320267677 0.0344210602343082 0.0309485681355 0.0450330413877964 0.0410585589706898 0.0405796207487583 0.0421826355159283 0.026984540745616 0.0149418115615845 0.00432593189179897 0.00493794539943337 0.0225461684167385 0.0342799350619316 0.0387196578085423 0.0202155653387308 0.0408186838030815 0.0361063107848167 0.0535661913454533 0.0433646067976952 0.0537491030991077 0.0605628676712513 0.0423308201134205 0.0371749810874462 0.0342273823916912 0.0805695503950119 0.00762413209304214 0.0292272493243217 0.0199337229132652 0.0398569479584694 0.0460457056760788 0.0262469928711653 0.0380243100225925 0.042831189930439 0.0427397862076759 0.0500572323799133 0.0422271154820919 0.0289048440754414 0.0312579087913036 0.0245332419872284 0.0367137677967548 0.0321148782968521 0.0354400500655174
0.0354465618729591 0.0486691743135452 0.0414197966456413 0.0340615920722485 0.0583743676543236 0.0408765710890293 0.0442601628601551 0.045984610915184 0.0300527345389128 0.0222045481204987 0.0381348468363285 0.0290664434432983 0.000199072630493902 -0.00951473787426949 0.0289744213223457 0.0397229641675949 0.0379492565989494 0.053241390734911 0.0411700047552586 0.0449101328849792 0.0520885698497295 0.0536909587681293 0.0515918992459774 0.0475505962967873 0.0280484203249216 0.0343593582510948 0.0320085547864437 0.0366503708064556 0.0176330972462893 0.0304706674069166 0.0279384460300207 0.0518640764057636 0.0565688498318195 0.0515512079000473 0.0270425081253052 0.0465283431112766 0.0535644479095936 0.0461256690323353 0.0455092377960682 0.0472866520285606 0.0441389344632626 0.0249423738569021 0.0323209278285503 0.0336395353078842 0.0346817895770073
0.0355105064809322 0.031913410872221 0.0440616235136986 0.0452448688447475 0.0514732860028744 0.0490990839898586 0.0441011562943459 0.0409133397042751 0.0325263366103172 0.0207233298569918 0.0410547964274883 0.0517542064189911 0.0439836904406548 0.0342676527798176 0.0460081957280636 0.0483890995383263 0.045905839651823 0.0439304076135159 0.0451458692550659 0.0383975692093372 0.0333317629992962 0.0393850840628147 0.0474679283797741 0.0324548929929733 0.0045774020254612 0.0423663705587387 0.0308187697082758 0.0465622991323471 0.0406413935124874 0.0517594441771507 0.039845909923315 0.0368452593684196 0.0421936437487602 0.0386406518518925 0.0289421137422323 0.0340543165802956 0.0407856442034245 0.0453387871384621 0.0481086559593678 0.0479295812547207 0.0488212257623672 0.0223250165581703 0.0287157893180847 0.0322924181818962 0.0304246973246336
0.0345793962478638 0.036817692220211 0.0365141965448856 0.0425894446671009 0.0350201390683651 0.0345680378377438 0.0474924258887768 0.0227217990905046 0.0425815582275391 0.0254252534359694 0.0290746130049229 0.0505753830075264 0.0487857460975647 0.0461864210665226 0.0460539497435093 0.0513877756893635 0.0438906736671925 0.0497875958681107 0.0182892289012671 0.0508135966956615 0.0500651560723782 0.0462680384516716 0.0398355312645435 0.0349311232566833 0.0348169356584549 0.0351204611361027 0.0365785323083401 0.0313444100320339 0.0504787191748619 0.0526971369981766 0.0565064288675785 0.0386861711740494 0.0333989895880222 -3.4e+38 0.0487826429307461 0.037299457937479 0.042218878865242 0.0568432733416557 0.0543890371918678 0.0457478649914265 0.0462498813867569 0.0393610782921314 0.0392145626246929 0.0372365824878216 0.0369924008846283
