Ecospace-environmental-drivers/Outputs/ASCII-for-ecospace/Cfl/Cfl_X2011.03.asc
NCOLS 131 
NROWS 53 
XLLCORNER -98 
YLLCORNER 23.9265270233154 
CELLSIZE 0.133587792515755 
NODATA_value -3.4e+38 
[rows 0 to 19 of 53, columns 46 to 91 of 131]
-3.4e+38 -3.4e+38 -3.4e+38 -3.4e+38 -3.4e+38 -3.4e+38 -3.4e+38 -3.4e+38 -3.4e+38 -3.4e+38 -3.4e+38 -3.4e+38 -3.4e+38 -3.4e+38 -3.4e+38 -3.4e+38 -3.4e+38 -3.4e+38 -3.4e+38 -3.4e+38 -3.4e+38 -3.4e+38 -3.4e+38 -3.4e+38 -3.4e+38 -3.4e+38 -3.4e+38 -3.4e+38 -3.4e+38 -3.4e+38 -3.4e+38 -3.4e+38 -3.4e+38 -3.4e+38 -3.4e+38 -3.4e+38 -3.4e+38 -3.4e+38 -3.4e+38 -3.4e+38 -3.4e+38 -3.4e+38 -3.4e+38 -3.4e+38 -3.4e+38 -3.4e+38
-3.4e+38 -3.4e+38 -3.4e+38 -3.4e+38 -3.4e+38 -3.4e+38 -3.4e+38 -3.4e+38 -3.4e+38 -3.4e+38 -3.4e+38 -3.4e+38 -3.4e+38 -3.4e+38 -3.4e+38 -3.4e+38 -3.4e+38 -3.4e+38 -3.4e+38 -3.4e+38 -3.4e+38 -3.4e+38 -3.4e+38 -3.4e+38 -3.4e+38 -3.4e+38 -3.4e+38 -3.4e+38 -3.4e+38 -3.4e+38 -3.4e+38 -3.4e+38 -3.4e+38 -3.4e+38 -3.4e+38 -3.4e+38 -3.4e+38 -3.4e+38 -3.4e+38 -3.4e+38 -3.4e+38 -3.4e+38 -3.4e+38 -3.4e+38 -3.4e+38 -3.4e+38
-3.4e+38 -3.4e+38 -3.4e+38 -3.4e+38 -3.4e+38 -3.4e+38 -3.4e+38 -3.4e+38 -3.4e+38 -3.4e+38 -3.4e+38 -3.4e+38 -3.4e+38 -3.4e+38 -3.4e+38 -3.4e+38 -3.4e+38 -3.4e+38 -3.4e+38 -3.4e+38 -3.4e+38 -3.4e+38 -3.4e+38 -3.4e+38 -3.4e+38 -3.4e+38 -3.4e+38 -3.4e+38 -3.4e+38 -3.4e+38 -3.4e+38 -3.4e+38 -3.4e+38 -3.4e+38 -3.4e+38 -3.4e+38 -3.4e+38 -3.4e+38 -3.4e+38 -3.4e+38 -3.4e+38 -3.4e+38 -3.4e+38 -3.4e+38 -3.4e+38 -3.4e+38
-3.4e+38 -3.4e+38 -3.4e+38 -3.4e+38 -3.4e+38 -3.4e+38 -3.4e+38 -3.4e+38 -3.4e+38 -3.4e+38 -3.4e+38 -3.4e+38 -3.4e+38 -3.4e+38 -3.4e+38 -3.4e+38 -3.4e+38 -3.4e+38 -3.4e+38 -3.4e+38 -3.4e+38 -3.4e+38 -3.4e+38 -3.4e+38 -3.4e+38 -3.4e+38 -3.4e+38 -3.4e+38 -3.4e+38 -3.4e+38 -3.4e+38 -3.4e+38 -3.4e+38 -3.4e+38 -3.4e+38 20.294548034668 -3.4e+38 -3.4e+38 -3.4e+38 -3.4e+38 -3.4e+38 38.3705101013184 -3.4e+38 -3.4e+38 -3.4e+38 -3.4e+38
-3.4e+38 -3.4e+38 -3.4e+38 -3.4e+38 -3.4e+38 -3.4e+38 -3.4e+38 -3.4e+38 -3.4e+38 -3.4e+38 -3.4e+38 -3.4e+38 17.9580574035645 -3.4e+38 -3.4e+38 -3.4e+38 -3.4e+38 -3.4e+38 -3.4e+38 -3.4e+38 -3.4e+38 15.2233924865723 14.1903314590454 -3.4e+38 -3.4e+38 -3.4e+38 11.0287895202637 -3.4e+38 11.9758520126343 16.8031959533691 -3.4e+38 -3.4e+38 -3.4e+38 -3.4e+38 -3.4e+38 20.294548034668 6.73927545547485 1.40489399433136 6.03653001785278 1.6358734369278 4.00047779083252 14.6274080276489 -3.4e+38 -3.4e+38 -3.4e+38 -3.4e+38
-3.4e+38 -3.4e+38 -3.4e+38 -3.4e+38 -3.4e+38 -3.4e+38 -3.4e+38 -3.4e+38 -3.4e+38 15.4889221191406 20.1622714996338 12.2134857177734 12.9327821731567 11.4003963470459 10.8033475875854 -3.4e+38 -3.4e+38 -3.4e+38 11.9421710968018 13.7922964096069 12.9990491867065 14.1791915893555 13.9247045516968 14.6506195068359 13.6552820205688 11.5498056411743 11.0293626785278 10.5166807174683 10.6955213546753 20.3151073455811 16.2413349151611 6.31859731674194 5.46261787414551 5.63687992095947 4.04440450668335 2.36837673187256 1.50757706165314 0.998103737831116 0.82880961894989 0.930684745311737 0.957790970802307 0.930983185768127 1.02404618263245 1.27078819274902 1.12550222873688 -3.4e+38
-3.4e+38 -3.4e+38 -3.4e+38 -3.4e+38 -3.4e+38 -3.4e+38 -3.4e+38 -3.4e+38 -3.4e+38 -3.4e+38 10.5777473449707 11.2260065078735 11.9590711593628 12.4981956481934 10.5865297317505 7.21334266662598 10.4033365249634 11.8355894088745 11.0426120758057 10.1802864074707 11.4492835998535 11.0750379562378 11.7167205810547 12.9578351974487 13.2119836807251 12.5569877624512 12.8648347854614 11.0009508132935 9.20843982696533 7.39469337463379 5.48693466186523 5.03539991378784 3.66774082183838 2.7936065196991 2.22932291030884 1.6091057062149 1.05070471763611 0.761190831661224 0.687076568603516 0.686492383480072 0.659001529216766 0.658108532428741 0.733896851539612 0.827508687973022 1.09799802303314 1.41697001457214
-3.4e+38 -3.4e+38 -3.4e+38 -3.4e+38 -3.4e+38 -3.4e+38 -3.4e+38 -3.4e+38 -3.4e+38 -3.4e+38 -3.4e+38 13.3208560943604 13.4561738967896 17.8671779632568 15.9130735397339 7.69580554962158 8.18541049957275 8.45999431610107 8.32051467895508 8.51525497436523 13.8289747238159 15.1436815261841 11.372654914856 10.323221206665 9.69268989562988 8.25927352905273 7.01116371154785 6.1922812461853 6.99336767196655 7.50300645828247 5.57506656646729 4.9017505645752 3.13128852844238 2.20576071739197 1.56907343864441 1.03903257846832 0.648709893226624 0.51385897397995 0.501184463500977 0.547510862350464 0.584436416625977 0.57450807094574 0.568938910961151 0.657977044582367 0.822467684745789 0.930830359458923
-3.4e+38 -3.4e+38 -3.4e+38 -3.4e+38 -3.4e+38 -3.4e+38 -3.4e+38 -3.4e+38 -3.4e+38 -3.4e+38 -3.4e+38 -3.4e+38 -3.4e+38 -3.4e+38 -3.4e+38 -3.4e+38 7.43853712081909 -3.4e+38 21.463939666748 14.0526132583618 18.7042388916016 21.9347610473633 11.4740982055664 6.80683279037476 6.78425693511963 4.09418439865112 2.7798171043396 2.85061168670654 5.17255687713623 4.35180330276489 4.50979852676392 3.43234133720398 1.45475053787231 1.11312448978424 0.714511036872864 0.609157860279083 0.544812619686127 0.500214219093323 0.41310453414917 0.35074058175087 0.406867474317551 0.49398398399353 0.498740345239639 0.501090407371521 0.569645524024963 0.691428959369659
-3.4e+38 -3.4e+38 -3.4e+38 -3.4e+38 -3.4e+38 -3.4e+38 -3.4e+38 -3.4e+38 -3.4e+38 -3.4e+38 -3.4e+38 27.9610137939453 11.2370624542236 -3.4e+38 -3.4e+38 -3.4e+38 -3.4e+38 9.74608612060547 18.3506851196289 17.0810413360596 20.4541072845459 17.8469886779785 9.2310094833374 9.72643852233887 7.95181322097778 4.1039981842041 1.95936548709869 1.81372570991516 2.92381525039673 1.94809353351593 1.39281105995178 1.13487613201141 0.874479472637177 0.624071180820465 0.479812294244766 0.486397475004196 0.477903604507446 0.510817527770996 0.462486654520035 0.309607654809952 0.317698627710342 0.350560069084167 0.398832648992538 0.413512527942657 0.417203307151794 0.546413838863373
-3.4e+38 -3.4e+38 -3.4e+38 -3.4e+38 -3.4e+38 -3.4e+38 -3.4e+38 -3.4e+38 -3.4e+38 -3.4e+38 -3.4e+38 -3.4e+38 -3.4e+38 -3.4e+38 -3.4e+38 -3.4e+38 16.2589778900146 18.4481868743896 14.8226099014282 17.2091064453125 15.9396533966064 11.6077880859375 11.6576585769653 12.0113182067871 9.5160608291626 8.7388162612915 4.6829833984375 1.51884949207306 0.742560982704163 0.636953592300415 0.548240065574646 0.651631712913513 0.572702944278717 0.420450568199158 0.478905886411667 0.505299091339111 0.349101841449738 0.352340698242188 0.445104241371155 0.330238670110703 0.279921799898148 0.308152377605438 0.32474410533905 0.361981481313705 0.381595700979233 0.477263271808624
6.43797969818115 6.35468244552612 6.93600940704346 -3.4e+38 -3.4e+38 -3.4e+38 -3.4e+38 -3.4e+38 -3.4e+38 -3.4e+38 -3.4e+38 -3.4e+38 -3.4e+38 -3.4e+38 16.9584808349609 -3.4e+38 -3.4e+38 20.3681106567383 11.3301029205322 13.1911640167236 9.67655467987061 10.9973363876343 12.2217655181885 10.9539489746094 11.2986307144165 8.88178062438965 7.08674097061157 2.62539076805115 0.633623838424683 0.539818823337555 0.480250418186188 0.451602011919022 0.406470447778702 0.360486686229706 0.419172346591949 0.385901004076004 0.308518320322037 0.30430206656456 0.335127592086792 0.314138531684875 0.287237763404846 0.296898692846298 0.31876140832901 0.335980653762817 0.358855932950974 0.431742161512375
7.56228446960449 8.01801490783691 6.57524967193604 -3.4e+38 -3.4e+38 -3.4e+38 -3.4e+38 -3.4e+38 -3.4e+38 13.7204942703247 10.5049161911011 -3.4e+38 -3.4e+38 17.6103439331055 24.0546169281006 26.3550701141357 6.59079313278198 -3.4e+38 8.54454231262207 9.58143329620361 10.3042688369751 8.49157619476318 8.33125305175781 9.51681709289551 6.36335563659668 7.48767709732056 5.92308044433594 1.68584251403809 0.413764536380768 0.363615751266479 0.320463180541992 0.296374171972275 0.290348380804062 0.296248108148575 0.291683584451675 0.279422521591187 0.271442919969559 0.285556554794312 0.311913430690765 0.348172754049301 0.352843016386032 0.336874544620514 0.320946216583252 0.323531061410904 0.318271040916443 0.34290611743927
8.41264629364014 8.37478637695312 10.8981628417969 12.2104425430298 13.0096797943115 9.66687488555908 11.5225801467896 11.5291013717651 11.3368091583252 9.30328750610352 11.5581102371216 16.264440536499 -3.4e+38 20.8424510955811 19.8039798736572 17.826753616333 27.3147678375244 60.0395431518555 -3.4e+38 -3.4e+38 8.42234230041504 8.64529418945312 6.25030374526978 7.66946029663086 5.97005844116211 5.67395973205566 3.36284804344177 2.52945804595947 0.989270627498627 0.293430328369141 0.271117389202118 0.266470551490784 0.268953949213028 0.274286895990372 0.254585534334183 0.23471462726593 0.25547331571579 0.271868288516998 0.276688665151596 0.297262907028198 0.308001756668091 0.348865151405334 0.365092039108276 0.342204004526138 0.298711240291595 0.289584815502167
6.35439586639404 7.44800186157227 8.27154064178467 10.3660831451416 12.0454988479614 11.6376047134399 11.3914709091187 12.7252798080444 10.7341709136963 15.2704238891602 13.3961315155029 17.8097019195557 17.1543388366699 15.5654573440552 14.4232921600342 16.574987411499 14.2931261062622 17.1242656707764 -3.4e+38 -3.4e+38 11.2740983963013 8.53163433074951 7.93154048919678 7.40402126312256 5.51993036270142 2.86679339408875 3.01166772842407 2.99498128890991 0.620023727416992 0.281143635511398 0.280456036329269 0.305922359228134 0.304151445627213 0.261832565069199 0.252934813499451 0.245520308613777 0.238402217626572 0.234937191009521 0.24365197122097 0.264137327671051 0.273843735456467 0.309365928173065 0.318248987197876 0.281509101390839 0.264333993196487 0.257351070642471
4.37662553787231 6.5177960395813 7.67801523208618 9.35552310943604 9.92867374420166 9.15857219696045 8.88596534729004 9.4002685546875 8.79045963287354 9.98105144500732 11.292407989502 15.1995363235474 14.3164415359497 11.7446365356445 11.8598670959473 12.3156585693359 11.3098478317261 12.864143371582 10.7377195358276 8.03554916381836 9.62912559509277 8.60297107696533 6.447669506073 4.73728895187378 3.38257050514221 5.6394419670105 2.1461615562439 0.441160172224045 0.378806114196777 0.447584092617035 0.352319478988647 0.336937844753265 0.330264389514923 0.276127398014069 0.251442641019821 0.249747559428215 0.255537629127502 0.259241074323654 0.246106162667274 0.257903099060059 0.257670640945435 0.254431545734406 0.242857128381729 0.228911221027374 0.228088796138763 0.261626154184341
3.09496140480042 4.6070384979248 5.64404630661011 6.59796762466431 7.50846767425537 7.38610553741455 6.19986057281494 6.79379320144653 6.76279306411743 7.63805150985718 8.88512897491455 10.6003313064575 9.87568473815918 8.71238708496094 8.56002807617188 6.81339740753174 6.60314226150513 9.08808422088623 8.00072193145752 5.79573011398315 5.83432674407959 8.07615947723389 6.03909683227539 2.76511788368225 1.56044292449951 2.71096062660217 0.970017790794373 0.695514023303986 0.903213560581207 0.918697893619537 0.448226302862167 0.311467230319977 0.306156247854233 0.267088741064072 0.26313191652298 0.266052901744843 0.252989917993546 0.252170294523239 0.25598207116127 0.242449522018433 0.243882074952126 0.230682820081711 0.219856351613998 0.21735206246376 0.224756836891174 0.239788010716438
1.51474225521088 2.41885614395142 3.50477290153503 4.83109474182129 5.35082578659058 4.74173641204834 4.65530776977539 6.77170085906982 5.96593141555786 5.16959047317505 4.69188404083252 6.96225070953369 6.05593013763428 2.299076795578 0.941841781139374 1.1374100446701 1.92135584354401 1.71837568283081 1.35874485969543 1.15496373176575 1.23982059955597 0.96550440788269 0.524075031280518 0.94984233379364 2.37563729286194 2.04339051246643 0.854931592941284 0.723807871341705 0.506815910339355 0.398537069559097 0.358250737190247 0.326587080955505 0.295373857021332 0.252051323652267 0.261755108833313 0.310347467660904 0.277534037828445 0.226169377565384 0.223938286304474 0.212401822209358 0.199098899960518 0.204261034727097 0.217474520206451 0.216966971755028 0.214345082640648 0.224769324064255
0.527243435382843 0.878225803375244 1.26380980014801 1.75290071964264 3.18016362190247 3.13994479179382 2.98257780075073 3.82215547561646 2.90892171859741 1.74797093868256 1.14363086223602 1.01729726791382 1.014479637146 0.452080428600311 0.491723775863647 0.344489544630051 0.210609301924706 0.199388772249222 0.225968167185783 0.218143045902252 0.254303097724915 0.288342505693436 0.287966370582581 0.344262361526489 1.447758436203 1.49759435653687 0.876538097858429 0.68543004989624 0.479185670614243 0.686500191688538 0.638944566249847 0.459420949220657 0.324282646179199 0.254022508859634 0.233495250344276 0.28608512878418 0.308049142360687 0.228483468294144 0.252752035856247 0.268303990364075 0.203971475362778 0.194233909249306 0.208306968212128 0.20634526014328 0.20704397559166 0.218595698475838
0.28408482670784 0.297182619571686 0.480940163135529 0.599864959716797 0.833298802375793 1.43595147132874 1.17616415023804 1.09309780597687 1.17722833156586 1.08898329734802 0.571828484535217 0.410696417093277 0.381101131439209 0.235013246536255 0.210639998316765 0.193850412964821 0.187822014093399 0.186497762799263 0.182291582226753 0.180539935827255 0.195842191576958 0.221550777554512 0.314007699489594 0.604076445102692 1.41126334667206 1.74446618556976 1.19992280006409 1.09201157093048 1.09571671485901 0.488682568073273 0.411446005105972 0.387768864631653 0.337490439414978 0.293656051158905 0.286035567522049 0.275728970766068 0.254311501979828 0.230572670698166 0.306791305541992 0.427841693162918 0.275393486022949 0.197091862559319 0.205994620919228 0.227637484669685 0.227152094244957 0.238392993807793
