Ecospace-environmental-drivers/Outputs/ASCII-for-ecospace/Cfl/Cfl_X2007.02.asc
NCOLS 131 
NROWS 53 
XLLCORNER -98 
YLLCORNER 23.9265270233154 
CELLSIZE 0.133587792515755 
NODATA_value -3.4e+38 
[rows 20 to 39 of 53, columns 0 to 45 of 131]
-3.4e+38 -3.4e+38 -3.4e+38 -3.4e+38 -3.4e+38 -3.4e+38 -3.4e+38 -3.4e+38 -3.4e+38 9.83822345733643 9.86081314086914 7.76377201080322 6.13883876800537 5.16349363327026 2.62739157676697 2.09520411491394 1.89703047275543 1.11866021156311 0.774730861186981 0.704694211483002 0.703208923339844 0.656432926654816 0.530236601829529 0.487254589796066 0.452105581760406 0.433026671409607 0.454819023609161 0.457711338996887 0.413322001695633 0.402880698442459 0.39394399523735 0.472167074680328 0.446230530738831 0.412045896053314 0.416080266237259 0.420195400714874 0.433067977428436 0.399198055267334 0.38927349448204 0.42114070057869 0.426057577133179 0.426722288131714 0.421221494674683 0.355425179004669 0.329472422599792 0.405583828687668
-3.4e+38 -3.4e+38 -3.4e+38 -3.4e+38 -3.4e+38 -3.4e+38 12.6409740447998 10.0417833328247 -3.4e+38 13.2766246795654 8.16748332977295 5.32622814178467 3.3162899017334 1.40380644798279 1.29726910591125 1.53380751609802 0.590217173099518 0.439117312431335 0.435071855783463 0.412694275379181 0.406048327684402 0.418439626693726 0.397114455699921 0.436959624290466 0.410662919282913 0.405056923627853 0.416058123111725 0.410578846931458 0.419201791286469 0.461138218641281 0.460239291191101 0.43810710310936 0.438594073057175 0.420906662940979 0.428370177745819 0.414261966943741 0.405640125274658 0.391763985157013 0.407612830400467 0.380536288022995 0.396853268146515 0.389809310436249 0.372388988733292 0.38562884926796 0.410806208848953 0.464851796627045
-3.4e+38 -3.4e+38 -3.4e+38 -3.4e+38 -3.4e+38 -3.4e+38 11.7701005935669 8.80502128601074 11.7794361114502 6.86445379257202 5.2412748336792 1.41466248035431 0.802236080169678 0.711322486400604 0.584721267223358 0.569483757019043 0.438505172729492 0.382530152797699 0.370552957057953 0.409400671720505 0.399062365293503 0.377220988273621 0.374984920024872 0.37109562754631 0.388499408960342 0.381329149007797 0.349578082561493 0.323949813842773 0.363637953996658 0.394690066576004 0.390008628368378 0.382694929838181 0.387513786554337 0.38005205988884 0.358031988143921 0.362353295087814 0.333389580249786 0.326126933097839 0.366159200668335 0.355734318494797 0.319235414266586 0.326025635004044 0.331365585327148 0.344823718070984 0.349860817193985 0.371123284101486
-3.4e+38 -3.4e+38 -3.4e+38 -3.4e+38 6.25946235656738 6.30674743652344 6.75626850128174 7.60567474365234 6.23963117599487 3.399005651474 1.20482349395752 0.524517893791199 0.444510668516159 0.402155995368958 0.379350244998932 0.382660865783691 0.395432025194168 0.381462216377258 0.379009395837784 0.374296754598618 0.366746872663498 0.357903003692627 0.365479439496994 0.321998238563538 0.314066022634506 0.310592383146286 0.301663756370544 0.307756960391998 0.340447068214417 0.364803582429886 0.359319686889648 0.345262855291367 0.360495269298553 0.337335705757141 0.327723354101181 0.315789252519608 0.301579475402832 0.310328841209412 0.321913629770279 0.326980233192444 0.31625035405159 0.364931523799896 0.330527812242508 0.284782767295837 0.297842979431152 0.318438917398453
-3.4e+38 -3.4e+38 -3.4e+38 -3.4e+38 -3.4e+38 6.08629655838013 6.42134237289429 5.15194368362427 3.89667534828186 0.902745425701141 0.511534035205841 0.441431760787964 0.43055647611618 0.387866884469986 0.358353644609451 0.351101040840149 0.375551670789719 0.395132273435593 0.382186412811279 0.342806041240692 0.318984538316727 0.338965803384781 0.3131083548069 0.320189774036407 0.314867913722992 0.323167502880096 0.320577263832092 0.332893908023834 0.336161434650421 0.325539797544479 0.329661130905151 0.311879307031631 0.33109924197197 0.318675249814987 0.292851358652115 0.297767817974091 0.299070477485657 0.298812925815582 0.303145408630371 0.325997591018677 0.342765063047409 0.378804385662079 0.34812793135643 0.334155917167664 0.320261061191559 0.336795568466187
-3.4e+38 -3.4e+38 -3.4e+38 -3.4e+38 -3.4e+38 6.49158334732056 5.60242366790771 3.37592577934265 1.27017748355865 0.523281931877136 0.424320936203003 0.395702213048935 0.399058133363724 0.356638312339783 0.331809878349304 0.324990540742874 0.319817841053009 0.374804824590683 0.377062320709229 0.316384226083755 0.318461716175079 0.313038617372513 0.297469198703766 0.32679283618927 0.357800275087357 0.331517726182938 0.347984462976456 0.322622269392014 0.330929666757584 0.328857272863388 0.312945395708084 0.295512437820435 0.316765248775482 0.320460379123688 0.299300968647003 0.296079099178314 0.281323820352554 0.287568092346191 0.294574350118637 0.28950235247612 0.307873874902725 0.320416241884232 0.324469447135925 0.328867167234421 0.338788002729416 0.360033392906189
-3.4e+38 -3.4e+38 -3.4e+38 -3.4e+38 -3.4e+38 5.86472320556641 4.62696504592896 2.29293251037598 0.699483036994934 0.454079240560532 0.369606226682663 0.343699365854263 0.304584234952927 0.305248022079468 0.289901882410049 0.304045557975769 0.301511585712433 0.328374445438385 0.365765392780304 0.300481736660004 0.312895745038986 0.331266492605209 0.328899413347244 0.323695093393326 0.353406935930252 0.309492260217667 0.325005292892456 0.326092481613159 0.325434982776642 0.325486779212952 0.321489691734314 0.29388701915741 0.31850278377533 0.312825083732605 0.293216407299042 0.286803960800171 0.303634315729141 0.300791710615158 0.305567711591721 0.299522012472153 0.291030257940292 0.295326828956604 0.297366112470627 0.343317836523056 0.368467181921005 0.355810761451721
-3.4e+38 -3.4e+38 -3.4e+38 -3.4e+38 -3.4e+38 6.65449619293213 4.58830690383911 2.00281715393066 0.622609972953796 0.457646161317825 0.340914726257324 0.29414239525795 0.296712189912796 0.295788288116455 0.312459647655487 0.340233206748962 0.31332939863205 0.298636227846146 0.313941389322281 0.300374656915665 0.299479573965073 0.317045420408249 0.323752135038376 0.35108208656311 0.350083202123642 0.331193298101425 0.339046895503998 0.330016225576401 0.319635033607483 0.332507938146591 0.300829499959946 0.297613441944122 0.316791355609894 0.300800174474716 0.308788180351257 0.301470965147018 0.294953644275665 0.310295194387436 0.3175989985466 0.326638966798782 0.318708449602127 0.286589711904526 0.319584995508194 0.338845103979111 0.309025645256042 0.307149857282639
-339999999999999996128486808808066248288.000000000000000 -3.4e+38 -3.4e+38 -3.4e+38 5.14383888244629 4.5739483833313 3.35044145584106 1.23558259010315 0.560211360454559 0.40728235244751 0.364638358354568 0.302830696105957 0.31657275557518 0.307973712682724 0.283429771661758 0.310744613409042 0.313971847295761 0.311379343271255 0.29960498213768 0.308953464031219 0.336900025606155 0.347581714391708 0.351896584033966 0.372300922870636 0.374008178710938 0.343082904815674 0.334576189517975 0.326716601848602 0.346247851848602 0.349310308694839 0.339220732450485 0.335142016410828 0.325787633657455 0.31655877828598 0.333827376365662 0.316254019737244 0.30898529291153 0.326900541782379 0.328969687223434 0.335425436496735 0.337268173694611 0.351500570774078 0.331539571285248 0.306445240974426 0.300097972154617 0.300999224185944
-3.4e+38 -3.4e+38 -3.4e+38 -3.4e+38 4.89989328384399 4.59958171844482 2.67263531684875 1.00961804389954 0.573654353618622 0.404276132583618 0.358156263828278 0.363224476575851 0.32295286655426 0.286356598138809 0.297326594591141 0.313652992248535 0.321977645158768 0.317395448684692 0.325413435697556 0.334168821573257 0.342281430959702 0.34832301735878 0.3722924888134 0.389109253883362 0.375709265470505 0.355729579925537 0.349915504455566 0.350532442331314 0.348637759685516 0.362489074468613 0.346097260713577 0.347776532173157 0.326417207717896 0.33796027302742 0.337510526180267 0.329097151756287 0.30875101685524 0.313231617212296 0.316998422145844 0.323068797588348 0.329149544239044 0.329218953847885 0.315168738365173 0.321268320083618 0.324946016073227 0.333744704723358
-3.4e+38 -3.4e+38 -3.4e+38 -3.4e+38 5.75166702270508 5.07540845870972 3.40304613113403 1.30207026004791 0.60078376531601 0.501557230949402 0.440252125263214 0.357546865940094 0.311777621507645 0.286708056926727 0.307737231254578 0.319895416498184 0.327309519052505 0.36326265335083 0.335986852645874 0.322564572095871 0.32952356338501 0.376867085695267 0.384873896837234 0.389068454504013 0.387005507946014 0.383851289749146 0.351647555828094 0.335803896188736 0.33840024471283 0.344966500997543 0.344165474176407 0.346710950136185 0.332930892705917 0.33755224943161 0.33013990521431 0.327963531017303 0.334136456251144 0.337853282690048 0.320542544126511 0.33410170674324 0.335291296243668 0.327331721782684 0.337803930044174 0.34829905629158 0.324817091226578 0.323919028043747
-3.4e+38 -3.4e+38 -3.4e+38 -3.4e+38 -3.4e+38 6.5549578666687 4.72463989257812 1.62983369827271 0.605386078357697 0.532301187515259 0.500777900218964 0.374057710170746 0.320447742938995 0.281788200139999 0.285068660974503 0.318886816501617 0.345774710178375 0.324831694364548 0.334548443555832 0.318932175636292 0.345784157514572 0.365839242935181 0.369670391082764 0.375062823295593 0.375472813844681 0.378247022628784 0.358911097049713 0.348076313734055 0.348571985960007 0.356721639633179 0.348011612892151 0.363497793674469 0.35812896490097 0.339388072490692 0.31458443403244 0.342298746109009 0.367802202701569 0.359166830778122 0.357666224241257 0.345309376716614 0.341551274061203 0.347009986639023 0.331613063812256 0.333945572376251 0.303685545921326 0.323474824428558
-3.4e+38 -3.4e+38 -3.4e+38 -3.4e+38 -3.4e+38 5.24060249328613 5.22008323669434 2.52017879486084 0.996791779994965 0.666687965393066 0.496082216501236 0.324707448482513 0.322569280862808 0.326245427131653 0.323386698961258 0.343611687421799 0.342478334903717 0.358199536800385 0.365521162748337 0.354283928871155 0.335346788167953 0.371226400136948 0.372523188591003 0.350851118564606 0.348559826612473 0.350084453821182 0.354187607765198 0.350030690431595 0.365401536226273 0.345604747533798 0.35636505484581 0.375211536884308 0.386638671159744 0.38199257850647 0.380083918571472 0.398122191429138 0.41303214430809 0.40943843126297 0.401546567678452 0.393201410770416 0.378631770610809 0.364966481924057 0.352004617452621 0.337303400039673 0.319939404726028 0.319164574146271
-3.4e+38 -3.4e+38 -3.4e+38 -3.4e+38 -3.4e+38 3.82967019081116 3.88814878463745 4.20685338973999 1.85508739948273 1.12360394001007 0.524884641170502 0.329855382442474 0.344351917505264 0.356151968240738 0.365387409925461 0.348843634128571 0.404976010322571 0.352693766355515 0.388403832912445 0.382339209318161 0.369949042797089 0.410093516111374 0.334099978208542 0.296942174434662 0.319614201784134 0.335760146379471 0.338080823421478 0.362883806228638 0.373169541358948 0.349980384111404 0.349721610546112 0.369084805250168 0.371743500232697 0.416261255741119 0.391398519277573 0.39129102230072 0.366539508104324 0.369890689849854 0.385241955518723 0.373886823654175 0.3666170835495 0.366513520479202 0.420986145734787 0.363756120204926 0.335174202919006 0.321524620056152
-3.4e+38 -3.4e+38 -3.4e+38 -3.4e+38 -3.4e+38 4.38293647766113 4.23946666717529 3.71297383308411 2.12715697288513 1.44634318351746 0.610463738441467 0.346789807081223 0.342672914266586 0.332741320133209 0.307525187730789 0.319438874721527 0.316509157419205 0.309522897005081 0.367411583662033 0.356220990419388 0.387259870767593 0.349514901638031 0.296585351228714 0.33006227016449 0.303277939558029 0.308403074741364 0.339130461215973 0.345342993736267 0.338316053152084 0.358174830675125 0.344785988330841 0.355527848005295 0.33831849694252 0.369801759719849 0.382158786058426 0.348579823970795 0.356604725122452 0.358696341514587 0.33986559510231 0.336862713098526 0.339184403419495 0.338164776563644 0.343503296375275 0.352960646152496 0.324064314365387 0.30432140827179
-3.4e+38 -3.4e+38 -3.4e+38 -3.4e+38 -3.4e+38 8.88068580627441 3.84949016571045 3.3706955909729 1.84328210353851 1.10477840900421 0.580938696861267 0.402461379766464 0.354787170886993 0.317765712738037 0.305694222450256 0.300640881061554 0.305045515298843 0.345436364412308 0.375835597515106 0.395736634731293 0.329468727111816 0.27127605676651 0.254096984863281 0.305379927158356 0.276580959558487 0.297226279973984 0.286039650440216 0.302559852600098 0.292468756437302 0.301172167062759 0.326822519302368 0.32154643535614 0.34419983625412 0.350760579109192 0.362160563468933 0.344918340444565 0.351277977228165 0.368456125259399 0.339263647794724 0.364390015602112 0.33007425069809 0.275610834360123 0.293264985084534 0.302597284317017 0.293448895215988 0.289674997329712
-3.4e+38 -3.4e+38 -3.4e+38 -3.4e+38 -3.4e+38 10.2210521697998 4.55157423019409 3.27075457572937 1.68620300292969 0.683990776538849 0.429040193557739 0.379645675420761 0.329470753669739 0.288639485836029 0.302596807479858 0.332789331674576 0.343308597803116 0.359116822481155 0.363166511058807 0.350033581256866 0.309165447950363 0.264141380786896 0.239628180861473 0.264164716005325 0.267882853746414 0.296942353248596 0.265254557132721 0.298542618751526 0.293455451726913 0.306364893913269 0.306419223546982 0.336837440729141 0.376360803842545 0.382378727197647 0.363585025072098 0.360764354467392 0.354501068592072 0.351832449436188 0.326088279485703 0.293763846158981 0.288203716278076 0.281333357095718 0.284579217433929 0.280424922704697 0.29162135720253 0.293304681777954
-3.4e+38 -3.4e+38 -3.4e+38 -3.4e+38 -3.4e+38 -3.4e+38 4.4054479598999 3.83336663246155 1.83987486362457 0.807581782341003 0.448222130537033 0.400929749011993 0.36156901717186 0.32432422041893 0.345889449119568 0.35074570775032 0.325742363929749 0.369901537895203 0.350980639457703 0.388434201478958 0.327150255441666 0.280182957649231 0.259363055229187 0.238058939576149 0.236517548561096 0.271868169307709 0.255188018083572 0.27923572063446 0.298640042543411 0.302965015172958 0.316628843545914 0.347434490919113 0.385385304689407 0.425500929355621 0.361672967672348 0.3360875248909 0.34510150551796 0.334448397159576 0.317369222640991 0.27267250418663 0.262014806270599 0.271778166294098 0.264999985694885 0.276404410600662 0.280120193958282 0.284030646085739
-3.4e+38 -3.4e+38 -3.4e+38 -3.4e+38 -3.4e+38 -3.4e+38 4.53434133529663 3.79571628570557 1.48858666419983 0.767543017864227 0.538263201713562 0.425252079963684 0.408791691064835 0.382626563310623 0.379990577697754 0.376849055290222 0.374658942222595 0.405647069215775 0.332607805728912 0.315981209278107 0.298241198062897 0.317250043153763 0.298513203859329 0.271328151226044 0.258469879627228 0.24490875005722 0.267748683691025 0.265934735536575 0.263236671686172 0.29294353723526 0.301071286201477 0.313615888357162 0.327476888895035 0.348731100559235 0.34789103269577 0.31593245267868 0.329495251178741 0.295647621154785 0.295034170150757 0.257874041795731 0.252240180969238 0.251157432794571 0.241938039660454 0.256284922361374 0.261700659990311 0.277044296264648
-3.4e+38 -3.4e+38 -3.4e+38 -3.4e+38 -3.4e+38 -3.4e+38 4.55866193771362 3.23419189453125 1.01494693756104 0.87323522567749 0.514208495616913 0.505877614021301 0.444867223501205 0.361510127782822 0.347418695688248 0.362746566534042 0.355050593614578 0.392545074224472 0.312038242816925 0.265273481607437 0.269524931907654 0.286653786897659 0.257213085889816 0.252355426549911 0.241423398256302 0.233448877930641 0.270555526018143 0.287990361452103 0.292597651481628 0.301832348108292 0.281178772449493 0.306015938520432 0.305462747812271 0.331754148006439 0.346101313829422 0.32060694694519 0.321507900953293 0.27430471777916 0.250335276126862 0.238637745380402 0.240799576044083 0.239550799131393 0.226419419050217 0.239623785018921 0.248042121529579 0.259961545467377
