Ecospace-environmental-drivers/Outputs/ASCII-for-ecospace/Cfl/Cfl_X1986_03_avg.asc
NCOLS 131 
NROWS 53 
XLLCORNER -98 
YLLCORNER 23.9265270233154 
CELLSIZE 0.133587792515755 
NODATA_value -9999 
[rows 21 to 41 of 53, columns 0 to 45 of 131]
-9999 -9999 -9999 -9999 -9999 -9999 9.79144382476807 5.77933253182305 6.68334937095642 8.71778483390808 7.69355120658875 5.11089121103287 3.51251761317253 2.35732716917992 1.51859415471554 1.15522078722715 0.889604012668133 0.697757324576378 0.596423377096653 0.513576753437519 0.462774401903152 0.417083859443665 0.392892579734325 0.381523760408163 0.38040331825614 0.374298016726971 0.361755530536175 0.356407142430544 0.353022114932537 0.349254398047924 0.332435163110495 0.313555783778429 0.318244659900665 0.310246257483959 0.312971732020378 0.313506479561329 0.308821177482605 0.299547666311264 0.292629163712263 0.284572928398848 0.293073908239603 0.306009615957737 0.314744518697262 0.315829906612635 0.334104476869106 0.349254268407822
-9999 -9999 -9999 -9999 -9999 -9999 13.9369426454817 10.0412000876207 8.19213001728058 6.82101135253906 4.99964670538902 3.1994503736496 1.97598046660423 1.22924236655235 0.863970282673836 0.69214099496603 0.581311239302158 0.511774633824825 0.466832253336906 0.418798507750034 0.393856774270535 0.366624396294355 0.350606066733599 0.34368757084012 0.331694429367781 0.325639773905277 0.324169030040503 0.319907280057669 0.307358846068382 0.307867070287466 0.309925094991922 0.287777751684189 0.281152629107237 0.291603191941977 0.281557361036539 0.277515706419945 0.27162279933691 0.264585401117802 0.259940218925476 0.268373852223158 0.263855443149805 0.264751898497343 0.268749552965164 0.269646899402142 0.266410495340824 0.280137431621552
-9999 -9999 -9999 -9999 4.78009136021137 4.98545259899563 4.78308808803558 9.72972477674484 7.98237951993942 4.24139750003815 2.5924772888422 1.52112888395786 0.962262381613255 0.743543176352978 0.579768873751163 0.507652339339256 0.457068219780922 0.427065838873386 0.398582243919373 0.358723590523005 0.328177383542061 0.309808949381113 0.297802548855543 0.278272084891796 0.267901074886322 0.27354141920805 0.27616825029254 0.271112484484911 0.262757052481174 0.266221661865711 0.278261698782444 0.274392157793045 0.261182474344969 0.261166350543499 0.259928780794144 0.254712595045567 0.254232964664698 0.248772160708904 0.245063441246748 0.25048742890358 0.250864589214325 0.239375061541796 0.236800326406956 0.236752367764711 0.233707713335752 0.235760589689016
-9999 -9999 -9999 -9999 4.71996784210205 5.1338047102878 6.66865546703339 7.91095898151398 5.01976911425591 2.43932155668735 1.52391223311424 0.938247820734978 0.663555172085762 0.531946286559105 0.436152028292418 0.395652946829796 0.375188644230366 0.364379766583443 0.344158186018467 0.312799449265003 0.287556010484695 0.269757113605738 0.264266861230135 0.255427614599466 0.255084644258022 0.254361139982939 0.259911368042231 0.253508896380663 0.25348130017519 0.257585969567299 0.264482251554728 0.267438347637653 0.253729701787233 0.247981540858746 0.246824286133051 0.243162858486176 0.242635019868612 0.241912849992514 0.238222291320562 0.236921376734972 0.233939412981272 0.228198979049921 0.224800516664982 0.222818628698587 0.22370567843318 0.223819234967232
-9999 -9999 -9999 -9999 -9999 6.52782236337662 6.44013373851776 4.66988086700439 2.56045346856117 1.52321311831474 0.951069757342339 0.658830998837948 0.508960431069136 0.393935821950436 0.35507944598794 0.331968370079994 0.323471622169018 0.311816904693842 0.300485491007566 0.293257945030928 0.279153244942427 0.258464854955673 0.254356534034014 0.250775847584009 0.250750134885311 0.248344185948372 0.247169851511717 0.246518976986408 0.248449010401964 0.244956791400909 0.252927063405514 0.249211219698191 0.241041631996632 0.238363219797611 0.236537174135447 0.238375264406204 0.235104216635227 0.233025112748146 0.230051814764738 0.223919665068388 0.222748995572329 0.22030673623085 0.217061988264322 0.216920364648104 0.217819475382566 0.220695717632771
-9999 -9999 -9999 -9999 -9999 6.75179718732834 6.02430472373962 3.45636011362076 1.91756661534309 1.16550601571798 0.712866260111332 0.534659191220999 0.392200535535812 0.329732923209667 0.313940757513046 0.301004621386528 0.295388520509005 0.287034452706575 0.283148879557848 0.281584884226322 0.269357468187809 0.255623588711023 0.245906239002943 0.244790402054787 0.244844477623701 0.244151882082224 0.243933434039354 0.241066428273916 0.242601557075977 0.24674434363842 0.238763230293989 0.232024816423655 0.231756387650967 0.229354107379913 0.228412011265755 0.232574958354235 0.228176751732826 0.22327124029398 0.221463803946972 0.217183650285006 0.216498091071844 0.211824008077383 0.213828839361668 0.21499741896987 0.210756969451904 0.213767062872648
-9999 -9999 -9999 -9999 9.47876644134521 6.18934870958328 4.80129508376122 3.11075984835625 1.68190557360649 0.933560465276241 0.631951487064362 0.433678809553385 0.338956174254417 0.3056894056499 0.289470784366131 0.286940802633762 0.281749297678471 0.275380481779575 0.277436043322086 0.271797086298466 0.260916005074978 0.252712812274694 0.249801698327065 0.249899175018072 0.246019043028355 0.244895242154598 0.241534420847893 0.236901205778122 0.2386598944664 0.239979508519173 0.238993138074875 0.235561243444681 0.232154134660959 0.229417633265257 0.224852325767279 0.223915014415979 0.219109968841076 0.217220873385668 0.214131589233875 0.212607478350401 0.212768020480871 0.209528630971909 0.208803611248732 0.210059969872236 0.212913367152214 0.211868380010128
-9999 -9999 -9999 -9999 5.96943265199661 5.89024828672409 4.23148881196976 2.74737097322941 1.56344480961561 0.892552131414413 0.604675201326609 0.3849046215415 0.319891791790724 0.301052754372358 0.286173217743635 0.279365596175194 0.272017017751932 0.272808617353439 0.271205944567919 0.262581761181355 0.25728120803833 0.248272740840912 0.251131804287434 0.246009758114815 0.241971144080162 0.243996403366327 0.241698060929775 0.236714447289705 0.236677334457636 0.235953595489264 0.232342884689569 0.235496789962053 0.22794037759304 0.223810634762049 0.222159597277641 0.219862749427557 0.211097379028797 0.210302122682333 0.210244417190552 0.20723427683115 0.206905860453844 0.206285344809294 0.205343362689018 0.203862629830837 0.207943493872881 0.209540461748838
-9999 -9999 -9999 -9999 6.08757557868958 6.01438881158829 3.93207228779793 2.67815923392773 1.5573037058115 0.884929442405701 0.531456658244133 0.356227127462626 0.31913900449872 0.30626667663455 0.292613383382559 0.290888302773237 0.281212009489536 0.276267772167921 0.272905752062798 0.26349588483572 0.257920121401548 0.248395829647779 0.24255803078413 0.23806911855936 0.238801301270723 0.24213557317853 0.236612723767757 0.231648639589548 0.234261844307184 0.22977496907115 0.227450606226921 0.228483290225267 0.219053617119789 0.218741092830896 0.217620392143726 0.212977354228497 0.205779262632132 0.207433314621449 0.20705390162766 0.205631412565708 0.203731842339039 0.198287889361382 0.200812612473965 0.204241422563791 0.204348304122686 0.206567343324423
-9999 -9999 -9999 -9999 4.44612761547691 5.55429828166962 3.63652374744415 2.64134101271629 1.4585031196475 0.84926679879427 0.542853671312332 0.390648815780878 0.330582913011312 0.315023582428694 0.292903353273869 0.292600759863853 0.278112657368183 0.266114374250174 0.257182046771049 0.265788355469704 0.267573571205139 0.254679369926453 0.248327661305666 0.237063122540712 0.238284649699926 0.237620577961206 0.233018442243338 0.234110647439957 0.235267216712236 0.22939168214798 0.225349614024162 0.224099944531918 0.218271636217833 0.219741853326559 0.217510731518269 0.209962752833962 0.204766036942601 0.208282183110714 0.20484162978828 0.205008103698492 0.203835763037205 0.200044997781515 0.20114773362875 0.202465363591909 0.203410289436579 0.204618285596371
-9999 -9999 -9999 -9999 -9999 7.76649252772331 4.36518777012825 2.89330049753189 1.59886559247971 0.868512442708015 0.577523210644722 0.419479105621576 0.34976060539484 0.319278652220964 0.301422736793756 0.290841826051474 0.282792458683252 0.264280578494072 0.26229999139905 0.259368453919888 0.260934083908796 0.26039135530591 0.254162988066673 0.246627483516932 0.248190727084875 0.247258292138577 0.248898328095675 0.243322851508856 0.233866543322802 0.226990390568972 0.221353405714035 0.216984651982784 0.220521047711372 0.215771343559027 0.216772184148431 0.210671070218086 0.205536118149757 0.204043360799551 0.205982262641191 0.207148584723473 0.201752942427993 0.199040810763836 0.202622264623642 0.197139618545771 0.192493543028831 0.19187974780798
-9999 -9999 -9999 -9999 -9999 5.98334727883339 4.66224962472916 3.18529764413834 1.86230598092079 1.08592770844698 0.681162729114294 0.486181661486626 0.392110311239958 0.323640210181475 0.305002959817648 0.299652469903231 0.28296957463026 0.263693513721228 0.26506075039506 0.274493221193552 0.262732291966677 0.246807809919119 0.24705396220088 0.246297839283943 0.249436169862747 0.255873601138592 0.248645021021366 0.244070385396481 0.237724073976278 0.229861088097095 0.216590140759945 0.214961790293455 0.210166288912296 0.207605134695768 0.209210035204887 0.207293100655079 0.200395909324288 0.199140595644712 0.199355977773666 0.198077046871185 0.196590151637793 0.195497004687786 0.19667547494173 0.193602965027094 0.189684558659792 0.190190774202347
-9999 -9999 -9999 -9999 -9999 3.73556460832295 4.29429008960724 3.11171508431435 1.94894340932369 1.2441271841526 0.779997651278973 0.548763337731361 0.418746005743742 0.35436105132103 0.336331752687693 0.30849968791008 0.275919825583696 0.270134737342596 0.268937608599663 0.269367589056492 0.262905202805996 0.25238121598959 0.256720584630966 0.254938156157732 0.246152122318745 0.236870964616537 0.234986472129822 0.233860141783953 0.22656367868185 0.219275598973036 0.21534079760313 0.21075441762805 0.203499300032854 0.201104782521725 0.205842750519514 0.20639436468482 0.20328812263906 0.196881572157145 0.195883739739656 0.196503949165344 0.196226697042584 0.193392081931233 0.192000882700086 0.185209409892559 0.183498358726501 0.185106470435858
-9999 -9999 -9999 -9999 -9999 3.9880419254303 4.13885982632637 3.23738335967064 2.10475205779076 1.39551814049482 0.972933420538902 0.664386533945799 0.445798389613628 0.342458590865135 0.326146930456161 0.309938932210207 0.285286816209555 0.276880944520235 0.275023677200079 0.262608230113983 0.251107347011566 0.252137061953545 0.253223762661219 0.243835827708244 0.233892198652029 0.225305128097534 0.219841238111258 0.213187029212713 0.214259961247444 0.210498076677322 0.210053332149982 0.203745960444212 0.197434488683939 0.19569890499115 0.199124796688557 0.202409519255161 0.202511423826218 0.198736771196127 0.195917191356421 0.196866104006767 0.194859225302935 0.193394929543138 0.197322960197926 0.193852578476071 0.183384086564183 0.184789833426476
-9999 -9999 -9999 -9999 -9999 5.74862637122472 3.5876542031765 3.24109324812889 2.12393250465393 1.46598620563746 1.1636658474803 0.713249739259481 0.432490711659193 0.341933340579271 0.323642788082361 0.303120173513889 0.277770804613829 0.270767862349749 0.258632657676935 0.243166238814592 0.23629829287529 0.230008706450462 0.23030838444829 0.233028522133827 0.220628640055656 0.217194954305887 0.209349805861712 0.212907165288925 0.206962789595127 0.202451088279486 0.201238576322794 0.200564845651388 0.201113801822066 0.197135804593563 0.195666889101267 0.197149039804935 0.197686807066202 0.196349351853132 0.196000696718693 0.194111711531878 0.197032373398542 0.197607262060046 0.197586482018232 0.201289086416364 0.187905409932137 0.184149679914117
-9999 -9999 -9999 -9999 -9999 6.03750638167063 3.49286125898361 3.51167096495628 2.17078301012516 1.50234753489494 1.0249824270606 0.666389882564545 0.428659125417471 0.397475019842386 0.410338670760393 0.334393799304962 0.285873502492905 0.243018919229507 0.237355898320675 0.22749345600605 0.229307732731104 0.222387425601482 0.221481939405203 0.220535810291767 0.212296881526709 0.206146413832903 0.209601201862097 0.210178534686565 0.202112419903278 0.201115243136883 0.198186451196671 0.196877710521221 0.193910587579012 0.191869949549437 0.192328988015652 0.194879987090826 0.19603359401226 0.197041050344706 0.191190337389708 0.191981757432222 0.191864056512713 0.189238441735506 0.188076251745224 0.185167672485113 0.183494159579277 0.183981158211827
-9999 -9999 -9999 -9999 -9999 4.81295871734619 3.56876470446587 3.84062120318413 2.43027178645134 1.41802970468998 0.876061072945595 0.621752552688122 0.462013772875071 0.394471863657236 0.338519650697708 0.277615363150835 0.242352220416069 0.22586075514555 0.2296425960958 0.223133132606745 0.216431450098753 0.213069868832827 0.214772523194551 0.220787999033928 0.215741368383169 0.209691997617483 0.20853414312005 0.206859328597784 0.201884046941996 0.196778349578381 0.196029826998711 0.194310773164034 0.190893482044339 0.190890914201736 0.190094757825136 0.195988245308399 0.195601603388786 0.196018794178963 0.189516968280077 0.190657022595406 0.188538517057896 0.18353257663548 0.185858941078186 0.186646430194378 0.177934181690216 0.1782350897789
-9999 -9999 -9999 -9999 -9999 -9999 3.40975459814072 3.22619952857494 2.22169000804424 1.28355348259211 0.801613095402718 0.591696379333735 0.452066698670387 0.317371613532305 0.264525318145752 0.239400260150433 0.225942899286747 0.22466529533267 0.22659569606185 0.224087150394917 0.219948446750641 0.217121756076813 0.216356968134642 0.212809136509895 0.20968614295125 0.207353951781988 0.206340911984444 0.206222721934319 0.204722859710455 0.200184912234545 0.198885106295347 0.198178055137396 0.193328203260899 0.189185221865773 0.190919679030776 0.195742227137089 0.194834114611149 0.191870257258415 0.188645860552788 0.188982911407948 0.18697130382061 0.181128917634487 0.181579899787903 0.180939652770758 0.177637043595314 0.171508013084531
-9999 -9999 -9999 -9999 -9999 -9999 3.8484948694706 2.57125895917416 1.82767187952995 1.12635767161846 0.7696508474648 0.478675325214863 0.370901836454868 0.300350065529346 0.262332443147898 0.245315289497375 0.235596885532141 0.233544962853193 0.234289229661226 0.228548834472895 0.227836299687624 0.230453459918499 0.22697314247489 0.214032841473818 0.204522889852524 0.201782259717584 0.195615024864674 0.199441596865654 0.196701323240995 0.190238531678915 0.190126092731953 0.197183371335268 0.197253699600697 0.19026905708015 0.190981621295214 0.188688366115093 0.192444092035294 0.189799045026302 0.186223976314068 0.187557832151651 0.183049344271421 0.178964054584503 0.179210159927607 0.175285167992115 0.171948371455073 0.167310282588005
-9999 -9999 -9999 -9999 -9999 3.02962448722438 3.03633399009705 2.31649602949619 1.60195116698742 0.988933703303337 0.587048053741455 0.410446412116289 0.350644621998072 0.313727802038193 0.28124870210886 0.26385308355093 0.257581354677677 0.245646356791258 0.247378575801849 0.240927993506193 0.236579381674528 0.230486840754747 0.22024030983448 0.211170893907547 0.199748128652573 0.192016031593084 0.188065289705992 0.19102993234992 0.189165299385786 0.186494202166796 0.185088174045086 0.188221598416567 0.190539316833019 0.192154256254435 0.188459338992834 0.188492322340608 0.191191582009196 0.194856564700603 0.185900435596704 0.181325916200876 0.177427112311125 0.173508834093809 0.17469252422452 0.173007962107658 0.16541822142899 0.162013046815991
-9999 -9999 -9999 -9999 -9999 3.1235553920269 2.39669322669506 1.94892436563969 1.42560636401176 0.722409053146839 0.496053473651409 0.389196468144655 0.346095868945122 0.322775189578533 0.303129920363426 0.279274157434702 0.25884655341506 0.263969396799803 0.256544876098633 0.238171380013227 0.239344075322151 0.224316378682852 0.212237661331892 0.204485926032066 0.19434230774641 0.188004416227341 0.188943206518888 0.187279921770096 0.184842478856444 0.183771039545536 0.182205482572317 0.180241740122437 0.186973553150892 0.182836665213108 0.181366116181016 0.187313909456134 0.191049748286605 0.191150649264455 0.182279790565372 0.180054888129234 0.174257751554251 0.169844092428684 0.16833681948483 0.171971597522497 0.167691834643483 0.164325046166778
