Ecospace-environmental-drivers/Outputs/ASCII-for-ecospace/Cfl/Cfl_X1986_11_avg.asc
NCOLS 131 
NROWS 53 
XLLCORNER -98 
YLLCORNER 23.9265270233154 
CELLSIZE 0.133587792515755 
NODATA_value -9999 
[rows 0 to 20 of 53, columns 46 to 91 of 131]
-9999 -9999 -9999 -9999 -9999 -9999 -9999 -9999 -9999 -9999 -9999 -9999 -9999 -9999 -9999 -9999 -9999 -9999 -9999 -9999 -9999 -9999 -9999 -9999 -9999 -9999 -9999 -9999 -9999 -9999 -9999 -9999 -9999 -9999 -9999 -9999 -9999 -9999 -9999 -9999 -9999 -9999 -9999 -9999 -9999 -9999
-9999 -9999 -9999 -9999 -9999 -9999 -9999 -9999 -9999 -9999 -9999 -9999 -9999 -9999 -9999 -9999 -9999 -9999 -9999 -9999 -9999 -9999 -9999 -9999 -9999 -9999 -9999 -9999 -9999 -9999 -9999 -9999 -9999 -9999 -9999 -9999 -9999 -9999 -9999 -9999 -9999 -9999 -9999 -9999 -9999 -9999
-9999 -9999 -9999 -9999 -9999 -9999 -9999 -9999 -9999 -9999 -9999 -9999 -9999 -9999 -9999 -9999 -9999 -9999 -9999 -9999 -9999 -9999 -9999 -9999 -9999 -9999 -9999 -9999 18.361249089241 17.9019718170166 -9999 -9999 -9999 -9999 -9999 -9999 -9999 -9999 -9999 -9999 -9999 -9999 -9999 -9999 -9999 -9999
-9999 -9999 -9999 -9999 -9999 -9999 -9999 -9999 -9999 -9999 -9999 -9999 -9999 -9999 -9999 -9999 -9999 -9999 -9999 -9999 -9999 -9999 -9999 -9999 -9999 -9999 -9999 -9999 14.3588321585404 15.0372124722129 -9999 -9999 -9999 -9999 -9999 20.9399791359901 19.5260536887429 -9999 1.06865787506104 2.7321435213089 28.8829282692501 34.7947317424573 -9999 -9999 -9999 -9999
-9999 -9999 -9999 -9999 -9999 -9999 -9999 -9999 -9999 -9999 25.1680130004883 12.4737589359283 14.9448072533858 13.2945871353149 13.8462419509888 -9999 -9999 -9999 -9999 12.286084651947 10.9949525356293 9.75432451147782 9.5884475206074 11.8425137519836 10.6729494094849 8.51684927940369 7.89692509801764 9.52958698272705 11.3973637631065 12.2892492695859 12.6758552789688 -9999 -9999 6.82125763893127 6.12431406974792 16.8493973016739 9.07555132163198 1.73623920741834 2.04087657991209 4.69293071408021 11.7614962489981 21.5573415254292 10.4688619852066 -9999 -9999 -9999
-9999 -9999 -9999 -9999 -9999 -9999 -9999 -9999 -9999 23.900592274136 24.8795066632723 11.3697419919466 11.7565943065443 12.1137089478342 11.9013941413478 10.9385979175568 9.97574007511139 11.2063719034195 10.731432990024 10.6371110614977 8.11134938189858 6.7626388198451 6.81921800814177 7.27140717757376 7.22077088606985 6.43443029805234 6.74446502484773 7.66548046312834 8.07145261764526 8.78191865117926 8.57585440183941 4.92593909564771 5.03987800447564 5.89131493317453 3.06720306998805 1.43752657112322 1.13642336820301 0.977517041720842 1.07197961211205 1.55618053360989 1.48129148232309 1.37523682180204 1.83205288648605 2.93871305490795 2.5085550578017 -9999
-9999 -9999 -9999 -9999 -9999 -9999 -9999 -9999 -9999 14.141725063324 12.5599620718705 9.85750823271902 9.71444940567017 10.5802942577161 10.7433702067325 11.2854928970337 10.8322935606304 10.9517565275493 9.61287857356824 7.81758511693854 5.86338409624602 4.10929830450761 3.35310530662537 3.04152420947426 3.3686457809649 3.21853827175341 3.19122150069789 3.87023333499306 3.82264873855992 2.59845145125138 2.28747990884279 2.05239189298529 1.53260652328792 1.32233975592412 0.981334432175285 0.779663680415404 0.614393546393043 0.535029138389387 0.559730354108309 0.648004792238537 0.728518316620275 0.777399608963414 0.855048501177838 1.09244495943973 1.86228169892964 2.89022435326325
-9999 -9999 -9999 -9999 -9999 -9999 -9999 -9999 -9999 -9999 8.36042726039886 10.9497614701589 10.3757234121624 10.9671499352706 11.8746894535265 11.2671780084309 10.807085238005 11.1151229958785 9.85653809497231 7.33795590149729 5.48517803141945 3.97437359157361 3.28674623840734 2.29242428980376 1.80412050297386 1.72066194132755 1.70764840904035 1.77193682758432 1.63010057963823 1.33085005848031 1.07410654268767 0.876897416616741 0.748425028826061 0.659312312540255 0.584407040947362 0.504487599197187 0.43286533104746 0.394582309220967 0.401895799134907 0.43821865006497 0.489345817189468 0.553128137400276 0.620164548095904 0.742372796723717 1.09028571059829 1.96094072806208
-9999 -9999 -9999 -9999 -9999 -9999 -9999 -9999 -9999 -9999 -9999 -9999 18.5455837249756 -9999 -9999 10.1604979832967 12.441521092465 10.1704521179199 12.7934165000916 7.11540335103085 5.08296267609847 3.98209604464079 3.36733401449103 2.16980205084148 1.4954580821489 1.16202681629281 1.06976841311706 1.01039281644319 0.909312503902536 0.801865502407676 0.725244776198739 0.607768650117673 0.515990067469446 0.474722514027043 0.429508025708951 0.386717272432227 0.364167643220801 0.343969279213956 0.342341884970665 0.351941711024234 0.365855119730297 0.408926584218678 0.484921389504483 0.632572058000063 0.837330170367893 1.07156312936231
17.6880729675293 12.4242237636021 -9999 -9999 -9999 -9999 -9999 -9999 -9999 -9999 -9999 22.9165061712265 25.6335686515359 -9999 -9999 -9999 15.7051637967428 17.7514220751249 9.28196753953632 6.4581204715528 4.63432440004851 3.75244322576021 2.81153535842896 2.02312835266716 1.43223243638089 1.09927682500137 0.978636503219604 0.853266396020588 0.728353020391966 0.633990148180409 0.585611889236852 0.515252016092602 0.445090891499268 0.409096619800517 0.377093631970255 0.353343111904044 0.332827512370913 0.324504467217546 0.320706886680503 0.326851957722714 0.341469761572386 0.381256803085929 0.446218313355195 0.575184120943672 0.761079185887387 0.943084928550218
11.878843980677 12.7752716120552 13.4449265343802 -9999 -9999 -9999 -9999 -9999 -9999 -9999 -9999 16.7188305854797 18.5409278869629 19.8155326843262 -9999 -9999 15.6576044980217 14.9497508500752 9.72047775670102 6.84053363298115 4.78917839652614 3.41913301066348 2.50125147167005 1.98148333398919 1.37437920193923 1.00813313534385 0.892628905020262 0.755222472705339 0.690825250587965 0.591002246266917 0.499520127710543 0.462814520848425 0.410869287817102 0.374100516501226 0.345763961735525 0.326523838074584 0.311042613889042 0.303587111203294 0.307659422880725 0.313897570497111 0.326250258244966 0.35429656662439 0.416353807637566 0.521530209403289 0.669236084348277 0.835697334063681
10.3227989297164 9.75588911458066 8.97253447108799 6.81524348258972 7.0386061668396 -9999 -9999 -9999 -9999 -9999 -9999 -9999 18.3178462982178 16.5619360605876 15.6914134276541 16.3147747516632 -9999 13.9116756288629 10.0488803512172 8.04560114208021 5.36573667275278 3.42697717014112 2.39864361286163 1.65873787905041 1.11487713613008 0.813460660608191 0.72769297110407 0.637423151417782 0.536249281544434 0.487974133930708 0.445441887566918 0.411441958264301 0.380383879730576 0.342327539858065 0.317132766309537 0.299671666402566 0.286877125501633 0.279747843742371 0.285203099250793 0.292985035400642 0.308350959890767 0.329081114969755 0.368117349712472 0.453065710632425 0.602876838884856 0.778995970362111
8.03701460988898 8.09549299039339 8.32651843522724 8.56947878787392 8.34432040320502 -9999 -9999 -9999 -9999 14.134772989485 14.0487517780728 14.7082879202706 22.3090896606445 15.0797813817074 11.0434833074871 9.65558589132208 8.61341436285722 9.22479468584061 9.2229228814443 8.70122941335042 7.1928381417927 4.15166797136006 2.47242195668973 1.63404174541172 0.946560225988689 0.650583071144004 0.602053416402716 0.518942549040443 0.450113449441759 0.407606022138345 0.391347578481624 0.363141811991993 0.33523092614977 0.320507942845947 0.299747052161317 0.280218096940141 0.263714713485617 0.261647745966911 0.270153202508625 0.27635819739417 0.285366648121884 0.30316429624432 0.324305225359766 0.369491584991154 0.460424401258167 0.563158435256858
5.752138087624 6.09102966910914 6.49352294520328 7.00840340162578 8.2378027313634 9.51963241476762 9.41427276009007 10.6379948415254 13.5313077976829 11.0175834204021 9.59883368642707 11.8619544129623 10.7871500744539 9.30699290727314 6.2238362713864 5.65037593088652 6.15692874004966 7.75563629050004 7.75459266963758 7.14825248718262 8.89594715519955 6.22213497914766 2.81564698721233 1.24347697276818 0.748353176995328 0.572879096395091 0.480778854144247 0.451241873596844 0.379109326161836 0.348679868798507 0.321962119717347 0.308718800544739 0.288702209529124 0.275259126958094 0.273592618735213 0.261388475173398 0.260843228352697 0.259102369609632 0.260170593857765 0.261131961878977 0.268199646159222 0.278813146446881 0.295714614422698 0.314982651095641 0.352862000465393 0.380417928883904
4.47844379826596 4.98100923237048 5.18844805265728 5.64675546947278 5.94083168632106 6.1325925776833 6.75447268235056 7.40351385819285 7.00650195071572 5.70785744566666 5.7020697342722 5.90826107326307 5.31310031288549 5.26062787206549 4.8903561516812 5.14211731207998 5.54679726299487 6.35761687630101 7.20087096565648 6.18108378516303 7.11777727227462 5.47105356266624 2.38175298665699 0.914134262423766 0.626651661960702 0.471845640163673 0.391053271136786 0.376668786532 0.348124118227708 0.316555395722389 0.288341140276507 0.280615329742432 0.268823742082244 0.254904116454877 0.255280701737655 0.248516524308606 0.251182882409347 0.250895734680326 0.249769382570919 0.245952908930026 0.253413081169128 0.264023733766455 0.27243373268529 0.286266327688569 0.299895793983811 0.315060766903978
3.19844724630055 3.65038851060365 4.07259321212769 4.58175785917985 4.8140958359367 4.54675856389497 4.26470055078205 4.0548354700992 3.9727527467828 3.76398873329163 3.55947386591058 3.65948941833095 3.78736422563854 4.06425736452404 4.46928038095173 4.837902909831 5.34250531698528 5.81909049184699 5.52151341187326 5.25655236997102 4.96104547851964 2.87450650491213 1.2273044743036 0.632880166172981 0.460838275520425 0.368310799724177 0.338890617615298 0.330534069945938 0.31326005647057 0.284996110357736 0.258245446964314 0.253489768034533 0.256561527910985 0.248802952076259 0.242120789069878 0.242075605612052 0.24128669500351 0.242546749742408 0.2407564434566 0.237297234566588 0.237164014264157 0.245532467961311 0.257873252818459 0.263215780258179 0.268001703055281 0.279957254466258
2.36668522734391 2.78857162124232 3.09719167885027 3.50939002789949 3.83386182785034 3.68620543730886 3.293974738372 3.10787666471381 2.901283439837 2.91757190854926 2.86119892722682 2.92133663202587 2.93539968289827 3.11492470063661 3.3404537502088 3.78481044267353 4.32164795147745 4.33305695182399 3.67080241128018 2.92087994751177 1.87284438547335 1.22087084149059 0.689668249142797 0.446582258531922 0.340334191134101 0.288563849894624 0.27288782988724 0.260692907007117 0.252987090694277 0.243742698901578 0.229869586856742 0.229350093948214 0.243718344130014 0.242107520762243 0.234551159174819 0.236564005676069 0.231057479977608 0.232124198424189 0.233465891919638 0.235702433868458 0.233003442224703 0.23384164822729 0.243082824506258 0.248804229654764 0.246868692730602 0.256447402270217
1.51869475214105 1.79087905507339 2.19102362896267 2.54073094694238 2.83592570455451 2.8882799274043 2.69036141822213 2.47613118196789 2.24412234833366 2.25985839806105 2.33738198405818 2.12417817115784 1.94724050007368 1.95783305325006 2.09511354095057 2.22718924283981 2.298623919487 2.15807061760049 1.83091922025932 1.28865769505501 0.835351813780634 0.689407355691257 0.527910587818999 0.38968818673962 0.284276148990581 0.247208900357548 0.237216938483088 0.229694233913171 0.224173878368578 0.220741735477197 0.218648753668133 0.214640654231373 0.218849615831124 0.224989504406327 0.229348443840679 0.229355950888835 0.226556472872433 0.228105476028041 0.230164788271251 0.229740749848516 0.226890196925715 0.223957199799387 0.232413618972427 0.232049151470787 0.234260020287413 0.239657943186007
0.972581229711834 1.15354866103122 1.35558530531431 1.53048860085638 1.68687659188321 1.81409523675316 1.77005520619844 1.72134425138172 1.7101428634242 1.63172662571857 1.78863047926049 1.48887866735458 1.31935046534789 1.26380658933991 1.24423912481258 1.31820652045702 1.30686487335908 1.31841215805004 1.07371353475671 0.728396391398028 0.570061420923785 0.427610745555476 0.41079359619241 0.351710556369079 0.255097204917356 0.23249419347236 0.228028047241663 0.223067166773896 0.217638942756151 0.215353317950901 0.215675331260029 0.212264048425775 0.214093073418266 0.213428944349289 0.218954719995197 0.221961193963101 0.22223740188699 0.22409688406869 0.224974501289819 0.220255383535435 0.215348297828122 0.209893773260869 0.216810254674209 0.221467580450209 0.223830556398944 0.228032065849555
0.602779512342654 0.680229571304823 0.767041703588084 0.834698879405072 0.898246109485626 0.968417625678213 1.01870900706241 1.07354916396894 1.06163013922541 1.04585533079348 1.1136896971025 1.05422015096012 0.965734004974365 0.872022066461413 0.848339710580675 0.889748083133447 0.906475600443388 0.872387789581951 0.726108280451674 0.631352626179394 0.469971855220042 0.33843018192994 0.297472712240721 0.282506881575835 0.234701783249253 0.217631712555885 0.220005227546943 0.222740308234566 0.214964885460703 0.210825344449595 0.209274516293877 0.21493740693519 0.215081297253308 0.213962778449059 0.214907043858578 0.217763977615457 0.217786930893597 0.21615705443056 0.216805724721206 0.212012093318136 0.20840133805024 0.207691208312386 0.209009590901827 0.21017660749586 0.213767270508565 0.215851155550856
0.371291594285714 0.388833429468306 0.413210181029219 0.439163789937371 0.475277762663992 0.536501813876001 0.571008885377332 0.599604494477573 0.619147043479116 0.672960370779037 0.795084805865037 0.752947321063594 0.689812810013169 0.66495728100601 0.651649062570773 0.646439776608818 0.645371455111002 0.597126997615162 0.557370000763943 0.460503451918301 0.321633126390608 0.260146597498342 0.242187812924385 0.229378555166094 0.222478407778238 0.217273463544093 0.216527085555227 0.213035243906473 0.213587604855236 0.208364116518121 0.209922782684627 0.215905743994211 0.214661878974814 0.213289780836356 0.211561738660461 0.212339299289804 0.208384458955966 0.208379083558133 0.207563860636008 0.208038886910991 0.206028281858093 0.205674455354088 0.201865893445517 0.204004275955652 0.206028712423224 0.205171705860841
