Ecospace-environmental-drivers/Outputs/ASCII-for-ecospace/Cfl/Cfl_X2017.09.asc
NCOLS 131 
NROWS 53 
XLLCORNER -98 
YLLCORNER 23.9265270233154 
CELLSIZE 0.133587792515755 
NODATA_value -3.4e+38 
[rows 0 to 19 of 53, columns 45 to 89 of 131]
-3.4e+38 -3.4e+38 -3.4e+38 -3.4e+38 -3.4e+38 -3.4e+38 -3.4e+38 -3.4e+38 -3.4e+38 -3.4e+38 -3.4e+38 -3.4e+38 -3.4e+38 -3.4e+38 -3.4e+38 -3.4e+38 -3.4e+38 -3.4e+38 -3.4e+38 -3.4e+38 -3.4e+38 -3.4e+38 -3.4e+38 -3.4e+38 -3.4e+38 -3.4e+38 -3.4e+38 -3.4e+38 -3.4e+38 -3.4e+38 -3.4e+38 -3.4e+38 -3.4e+38 -3.4e+38 -3.4e+38 -3.4e+38 -3.4e+38 -3.4e+38 -3.4e+38 -3.4e+38 -3.4e+38 -3.4e+38 -3.4e+38 -3.4e+38 -3.4e+38
-3.4e+38 -3.4e+38 -3.4e+38 -3.4e+38 -3.4e+38 -3.4e+38 -3.4e+38 -3.4e+38 -3.4e+38 -3.4e+38 -3.4e+38 -3.4e+38 -3.4e+38 -3.4e+38 -3.4e+38 -3.4e+38 -3.4e+38 -3.4e+38 -3.4e+38 -3.4e+38 -3.4e+38 -3.4e+38 -3.4e+38 -3.4e+38 -3.4e+38 -3.4e+38 -3.4e+38 -3.4e+38 -3.4e+38 -3.4e+38 -3.4e+38 -3.4e+38 -3.4e+38 -3.4e+38 -3.4e+38 -3.4e+38 -3.4e+38 -3.4e+38 -3.4e+38 -3.4e+38 -3.4e+38 -3.4e+38 -3.4e+38 -3.4e+38 -3.4e+38
-3.4e+38 -3.4e+38 -3.4e+38 -3.4e+38 -3.4e+38 -3.4e+38 -3.4e+38 -3.4e+38 -3.4e+38 -3.4e+38 -3.4e+38 -3.4e+38 -3.4e+38 -3.4e+38 -3.4e+38 -3.4e+38 -3.4e+38 -3.4e+38 -3.4e+38 -3.4e+38 -3.4e+38 -3.4e+38 -3.4e+38 -3.4e+38 -3.4e+38 -3.4e+38 -3.4e+38 -3.4e+38 -3.4e+38 22.8393402099609 22.4903011322021 -3.4e+38 -3.4e+38 -3.4e+38 -3.4e+38 -3.4e+38 -3.4e+38 -3.4e+38 -3.4e+38 -3.4e+38 -3.4e+38 -3.4e+38 -3.4e+38 -3.4e+38 -3.4e+38
-3.4e+38 -3.4e+38 -3.4e+38 -3.4e+38 -3.4e+38 -3.4e+38 -3.4e+38 -3.4e+38 -3.4e+38 -3.4e+38 -3.4e+38 -3.4e+38 -3.4e+38 -3.4e+38 -3.4e+38 -3.4e+38 -3.4e+38 -3.4e+38 -3.4e+38 -3.4e+38 -3.4e+38 -3.4e+38 -3.4e+38 -3.4e+38 -3.4e+38 -3.4e+38 -3.4e+38 -3.4e+38 -3.4e+38 23.3386516571045 19.5929946899414 -3.4e+38 -3.4e+38 -3.4e+38 -3.4e+38 -3.4e+38 24.2569446563721 29.7289981842041 -3.4e+38 -3.4e+38 -3.4e+38 -3.4e+38 19.9747180938721 -3.4e+38 -3.4e+38
-3.4e+38 -3.4e+38 -3.4e+38 -3.4e+38 -3.4e+38 -3.4e+38 -3.4e+38 -3.4e+38 -3.4e+38 -3.4e+38 -3.4e+38 -3.4e+38 -3.4e+38 15.2858381271362 -3.4e+38 -3.4e+38 -3.4e+38 -3.4e+38 -3.4e+38 -3.4e+38 -3.4e+38 -3.4e+38 13.2001733779907 17.322359085083 -3.4e+38 -3.4e+38 -3.4e+38 14.20676612854 18.3132076263428 16.8997097015381 16.9197082519531 17.3007698059082 -3.4e+38 -3.4e+38 -3.4e+38 -3.4e+38 21.0279197692871 12.1915998458862 3.98953986167908 5.4881420135498 3.69749021530151 3.14218902587891 9.1389274597168 -3.4e+38 -3.4e+38
-3.4e+38 -3.4e+38 -3.4e+38 -3.4e+38 -3.4e+38 -3.4e+38 -3.4e+38 -3.4e+38 -3.4e+38 -3.4e+38 28.2722072601318 26.4540939331055 8.0862922668457 9.92976570129395 12.9081134796143 8.93740463256836 -3.4e+38 -3.4e+38 27.2410621643066 17.4371643066406 14.7976007461548 12.6364822387695 10.9214515686035 12.5200576782227 11.8154764175415 11.0345306396484 10.3696756362915 9.85981369018555 10.284984588623 11.7273092269897 14.1318502426147 14.5349884033203 6.39957284927368 8.34722805023193 9.10204219818115 7.04576826095581 1.94875240325928 1.71257603168488 1.52655708789825 1.35314249992371 1.1379896402359 1.20750117301941 2.35496830940247 1.54884028434753 1.40120828151703
-3.4e+38 -3.4e+38 -3.4e+38 -3.4e+38 -3.4e+38 -3.4e+38 -3.4e+38 -3.4e+38 -3.4e+38 -3.4e+38 -3.4e+38 11.0633230209351 7.71598243713379 7.75439643859863 9.09894561767578 10.5966577529907 14.7246389389038 8.8592472076416 14.6070556640625 11.9885902404785 10.5100660324097 9.10552978515625 6.89704847335815 5.12166357040405 3.98361563682556 4.19524765014648 4.28204870223999 3.53860425949097 3.79155158996582 4.23937225341797 3.02578902244568 3.02074289321899 2.95647931098938 2.14032626152039 1.54767060279846 1.23520934581757 1.11860418319702 1.20319890975952 1.00621092319489 0.821415066719055 0.783442676067352 0.740319669246674 0.762822926044464 0.837466776371002 1.09449565410614
-3.4e+38 -3.4e+38 -3.4e+38 -3.4e+38 -3.4e+38 -3.4e+38 -3.4e+38 -3.4e+38 -3.4e+38 -3.4e+38 -3.4e+38 9.76720809936523 9.55459117889404 9.43484592437744 10.3293809890747 10.3948516845703 9.46469402313232 8.33401870727539 10.3909215927124 13.3312940597534 13.0216369628906 9.41774940490723 7.44370222091675 6.71591520309448 3.15012669563293 2.03900718688965 1.78895533084869 1.82442712783813 1.82170784473419 1.45051872730255 1.40477800369263 1.39887893199921 1.32467794418335 1.2037581205368 1.00546061992645 0.842466473579407 0.755506575107574 0.684509575366974 0.693130135536194 0.736618161201477 0.772533774375916 0.775198578834534 0.747983574867249 0.749508440494537 0.793662190437317
-3.4e+38 -3.4e+38 -3.4e+38 -3.4e+38 -3.4e+38 -3.4e+38 -3.4e+38 -3.4e+38 -3.4e+38 -3.4e+38 -3.4e+38 -3.4e+38 -3.4e+38 -3.4e+38 -3.4e+38 -3.4e+38 -3.4e+38 12.0559682846069 -3.4e+38 -3.4e+38 12.3806381225586 9.83484745025635 7.56275367736816 7.91121912002563 2.76400184631348 1.75443339347839 1.65747904777527 1.29716324806213 1.13233661651611 0.955813348293304 0.910160183906555 0.910180270671844 1.02093398571014 0.93739116191864 0.770549297332764 0.667823076248169 0.594963252544403 0.517590820789337 0.528739750385284 0.598240733146667 0.601640939712524 0.636336922645569 0.64504063129425 0.650464415550232 0.80104124546051
14.8190097808838 11.9650535583496 12.1280670166016 -3.4e+38 -3.4e+38 -3.4e+38 -3.4e+38 -3.4e+38 -3.4e+38 -3.4e+38 -3.4e+38 -3.4e+38 9.17369747161865 9.17369747161865 -3.4e+38 -3.4e+38 -3.4e+38 -3.4e+38 19.5510063171387 14.6575222015381 11.8737955093384 9.73410415649414 7.62135791778564 4.31592226028442 2.17472171783447 1.93121957778931 1.68398535251617 1.29380714893341 1.10054874420166 0.918854534626007 0.804524302482605 0.800529837608337 0.833250641822815 0.7569819688797 0.632894337177277 0.546736896038055 0.520969569683075 0.497768372297287 0.483345240354538 0.485849887132645 0.574705839157104 0.601801931858063 0.621537327766418 0.712375342845917 0.685418844223022
14.4049701690674 11.9528865814209 13.0057106018066 14.9614458084106 -3.4e+38 -3.4e+38 -3.4e+38 -3.4e+38 -3.4e+38 -3.4e+38 -3.4e+38 -3.4e+38 -3.4e+38 -3.4e+38 -3.4e+38 -3.4e+38 -3.4e+38 31.2518043518066 21.8076648712158 17.0948505401611 13.0150833129883 9.31044864654541 6.09029722213745 2.8888258934021 2.04531288146973 1.99045193195343 1.571981549263 1.29356229305267 1.0665864944458 0.987002432346344 0.794773399829865 0.687614619731903 0.683464586734772 0.691090643405914 0.575378477573395 0.551489472389221 0.545718252658844 0.49212971329689 0.454420298337936 0.462042450904846 0.519602060317993 0.613548994064331 0.665028154850006 0.709409177303314 0.669744849205017
14.7158155441284 14.9808120727539 15.72083568573 15.6835346221924 11.0052537918091 -3.4e+38 -3.4e+38 -3.4e+38 -3.4e+38 -3.4e+38 -3.4e+38 -3.4e+38 -3.4e+38 -3.4e+38 -3.4e+38 20.854455947876 24.4871845245361 -3.4e+38 39.7326316833496 32.301139831543 18.5469932556152 9.63563632965088 4.63230562210083 2.72525143623352 2.78657174110413 2.04979610443115 1.78308045864105 1.36117720603943 1.12799143791199 0.949234962463379 0.723774135112762 0.706269323825836 0.70812314748764 0.645077526569366 0.603606402873993 0.582250416278839 0.505510151386261 0.485183954238892 0.41479566693306 0.408080786466599 0.491037338972092 0.621649086475372 0.657908499240875 0.638884842395782 0.634018182754517
11.1159152984619 13.1284990310669 15.6998901367188 16.0707492828369 16.8010482788086 16.0083026885986 -3.4e+38 -3.4e+38 -3.4e+38 -3.4e+38 18.184928894043 17.9670314788818 -3.4e+38 -3.4e+38 13.2081508636475 16.4087066650391 17.6146087646484 17.882869720459 -3.4e+38 21.3270244598389 23.3473701477051 15.0260553359985 6.9566593170166 4.0527515411377 2.74243021011353 2.18526983261108 1.78730547428131 1.64824676513672 2.02046585083008 1.28430259227753 0.895968317985535 0.843280911445618 0.824546813964844 0.745139062404633 0.547894597053528 0.484271764755249 0.43900939822197 0.360879778862 0.398022264242172 0.420047700405121 0.463406473398209 0.540849983692169 0.716168880462646 0.624788105487823 0.658328890800476
6.08124780654907 6.36642456054688 7.75612115859985 8.69233512878418 11.8495988845825 15.4241437911987 16.2534809112549 17.0834083557129 14.760308265686 19.6172027587891 15.6001310348511 15.2628498077393 18.6670246124268 8.15322303771973 9.8666820526123 7.65118408203125 7.19558572769165 9.89248275756836 17.7134857177734 28.3665752410889 -3.4e+38 23.2080059051514 12.4560556411743 6.33631086349487 5.59183740615845 2.38345742225647 0.996898412704468 1.80646860599518 1.68124973773956 1.14245104789734 0.813828349113464 0.69147527217865 0.684773981571198 0.595188677310944 0.455388128757477 0.463589429855347 0.411639094352722 0.335874795913696 0.319967836141586 0.345157474279404 0.363979250192642 0.562227666378021 0.880580902099609 0.71602076292038 0.692070662975311
3.25875782966614 4.62312412261963 5.43853569030762 6.3071084022522 7.72001647949219 8.15483856201172 9.29407024383545 11.0401630401611 11.1167125701904 11.2986602783203 8.87707805633545 8.3716869354248 9.69186687469482 6.8134331703186 6.32086038589478 6.19701290130615 6.12374591827393 6.65726661682129 11.3321237564087 14.1062984466553 9.36069297790527 18.6482467651367 10.428897857666 5.06558990478516 2.55314898490906 1.22140967845917 1.15267646312714 1.63320159912109 1.3529144525528 0.750039994716644 0.45331746339798 0.395890414714813 0.417274922132492 0.458899796009064 0.381419867277145 0.424562335014343 0.376175701618195 0.328359246253967 0.389432191848755 0.292948067188263 0.207831040024757 0.542191684246063 0.73566335439682 0.745572566986084 0.604249179363251
2.00160193443298 2.41797041893005 3.5539813041687 5.09860277175903 6.06319952011108 6.26575469970703 6.03642511367798 6.20699644088745 5.80828046798706 5.1087498664856 4.45521020889282 4.47445201873779 4.12317609786987 3.70261693000793 4.29546165466309 5.3506965637207 5.83075714111328 6.42118406295776 8.20081615447998 12.5164480209351 9.96861934661865 8.41512870788574 5.18210554122925 2.21873998641968 1.19423139095306 1.56945741176605 1.89964759349823 1.74172389507294 1.0050345659256 0.581442177295685 0.321903109550476 0.240106284618378 0.310484915971756 0.350500047206879 0.378086030483246 0.349163264036179 0.243326753377914 0.183538153767586 0.36953729391098 0.331884622573853 0.442387819290161 0.353924661874771 0.936218738555908 0.66173392534256 0.592329740524292
1.42485880851746 1.39679777622223 1.61486911773682 2.34965181350708 3.67417168617249 5.11467933654785 5.63907098770142 4.23931884765625 3.30860829353333 2.70558714866638 2.51552605628967 2.2548680305481 1.94534230232239 2.19081687927246 2.77446460723877 3.08374428749084 4.16601419448853 6.22404289245605 7.64018726348877 7.44917917251587 4.53469896316528 3.01168394088745 1.99900841712952 1.07948815822601 1.60427713394165 1.56945216655731 0.963523685932159 0.568118095397949 0.305981665849686 0.185917809605598 0.155794501304626 0.171699315309525 0.259495884180069 0.251696556806564 0.221533104777336 0.213202729821205 0.21536648273468 0.223858371376991 0.208337396383286 0.16674742102623 0.238537445664406 0.579099237918854 1.01875519752502 0.524346590042114 0.499116450548172
0.975046694278717 1.12960374355316 1.35764980316162 1.51565003395081 1.98101842403412 2.80175375938416 3.70856475830078 3.15203905105591 2.78815150260925 2.31346750259399 1.81870555877686 1.712437748909 1.23123836517334 0.905333161354065 1.1247718334198 1.12370955944061 1.26901948451996 1.65167951583862 1.74397015571594 1.74189817905426 0.982599973678589 0.772666931152344 0.9746915102005 0.80437970161438 0.365899324417114 0.16193999350071 0.178788900375366 0.192115440964699 0.16615155339241 0.143359556794167 0.135585874319077 0.15504315495491 0.172777339816093 0.168490841984749 0.159709274768829 0.148603573441505 0.147196024656296 0.145293459296227 0.15904176235199 0.166813373565674 0.178140312433243 0.271688729524612 0.341069370508194 0.255044847726822 0.43442440032959
0.415268748998642 0.531916558742523 1.21814775466919 2.01450538635254 2.05099773406982 2.10304141044617 2.01610255241394 2.12820768356323 2.08930110931396 1.78585302829742 1.18983340263367 0.799099683761597 0.494345545768738 0.404271453619003 0.36307567358017 0.26613712310791 0.164226308465004 0.143407642841339 0.141316950321198 0.159305289387703 0.233886241912842 0.305099815130234 0.293940931558609 0.19618909060955 0.143087893724442 0.159506916999817 0.164702177047729 0.152051746845245 0.147473022341728 0.137215152382851 0.138296976685524 0.148251190781593 0.15518419444561 0.163921147584915 0.14964634180069 0.151304960250854 0.152813524007797 0.146614447236061 0.162140116095543 0.192670926451683 0.184983894228935 0.210517138242722 0.217240408062935 0.24738709628582 0.382968872785568
0.226194798946381 0.231670320034027 0.440442085266113 0.762722492218018 0.86635035276413 1.11463284492493 1.28419268131256 1.37638235092163 1.1406375169754 0.834204375743866 0.500998318195343 0.36896276473999 0.296977967023849 0.315978765487671 0.252670079469681 0.173794761300087 0.133714616298676 0.133266612887383 0.137908026576042 0.148344293236732 0.154458299279213 0.154740646481514 0.152878314256668 0.15704807639122 0.155820369720459 0.151171714067459 0.148249894380569 0.140467777848244 0.136583849787712 0.138506770133972 0.147794127464294 0.161349251866341 0.178722083568573 0.191189482808113 0.190835908055305 0.161635607481003 0.160826489329338 0.161511868238449 0.16694837808609 0.185457244515419 0.231032073497772 0.2729152739048 0.27820011973381 0.27755880355835 0.42430117726326
