Ecospace-environmental-drivers/Outputs/ASCII-for-ecospace/Cfl/Cfl_X2006.03.asc
NCOLS 131 
NROWS 53 
XLLCORNER -98 
YLLCORNER 23.9265270233154 
CELLSIZE 0.133587792515755 
NODATA_value -3.4e+38 
[rows 20 to 39 of 53, columns 0 to 45 of 131]
-3.4e+38 -3.4e+38 -3.4e+38 -3.4e+38 -3.4e+38 -3.4e+38 -3.4e+38 -3.4e+38 -3.4e+38 5.76958131790161 3.64930105209351 3.82586312294006 3.3106575012207 2.74289965629578 2.18844962120056 1.4817568063736 0.809718608856201 0.607300519943237 0.49144259095192 0.429737955331802 0.363375663757324 0.323747158050537 0.326431602239609 0.319872707128525 0.295149326324463 0.264104902744293 0.240831807255745 0.245674625039101 0.287615537643433 0.279173076152802 0.246269509196281 0.243653416633606 0.293742954730988 0.294468104839325 0.239292949438095 0.197033524513245 0.205144077539444 0.237417280673981 0.25269690155983 0.22825688123703 0.191071033477783 0.198713734745979 0.204487815499306 0.201895281672478 0.185270488262177 0.168683052062988
-3.4e+38 -3.4e+38 -3.4e+38 -3.4e+38 -3.4e+38 -3.4e+38 3.7801570892334 4.03070402145386 -3.4e+38 3.53492331504822 3.24724936485291 2.74847817420959 1.98606181144714 1.1261488199234 0.791303336620331 0.609929800033569 0.47941592335701 0.383127480745316 0.340962409973145 0.322765588760376 0.290120273828506 0.239094018936157 0.222751170396805 0.264094352722168 0.276216834783554 0.268623858690262 0.24855363368988 0.232416644692421 0.214218080043793 0.190168544650078 0.186138823628426 0.188594087958336 0.21866212785244 0.230595052242279 0.230445593595505 0.227443993091583 0.2306127846241 0.233948916196823 0.220360830426216 0.200593322515488 0.19415457546711 0.196750372648239 0.18900628387928 0.175965681672096 0.16552722454071 0.161638230085373
-3.4e+38 -3.4e+38 -3.4e+38 -3.4e+38 -3.4e+38 -3.4e+38 -3.4e+38 3.69870138168335 3.42566800117493 2.76278853416443 2.02485060691833 1.66260159015656 1.00385057926178 0.618228137493134 0.495065033435822 0.423582911491394 0.399257451295853 0.322673380374908 0.296905994415283 0.277942091226578 0.240643247961998 0.229716151952744 0.228792682290077 0.23840519785881 0.214514717459679 0.222441256046295 0.234772622585297 0.212869539856911 0.20757894217968 0.192418858408928 0.188587859272957 0.190248921513557 0.176892012357712 0.184151858091354 0.209346055984497 0.201966896653175 0.203996360301971 0.200206696987152 0.205451145768166 0.228820636868477 0.224864304065704 0.194825902581215 0.182866811752319 0.171035006642342 0.160558432340622 0.156748920679092
-3.4e+38 -3.4e+38 -3.4e+38 -3.4e+38 3.78605055809021 3.74358105659485 -3.4e+38 3.09857606887817 3.0051805973053 1.7663357257843 0.919335663318634 0.563298344612122 0.41777092218399 0.394964069128036 0.37495344877243 0.375819504261017 0.375455766916275 0.308737128973007 0.261309772729874 0.248611643910408 0.21561262011528 0.200814366340637 0.202480956912041 0.214236989617348 0.19554814696312 0.173878788948059 0.188710659742355 0.195267021656036 0.202187433838844 0.203079909086227 0.197489887475967 0.190024599432945 0.177086785435677 0.165973588824272 0.176981955766678 0.18042528629303 0.17384672164917 0.168398723006248 0.164647102355957 0.188753813505173 0.231240808963776 0.201470702886581 0.177640989422798 0.172626435756683 0.158540263772011 0.152592569589615
-3.4e+38 -3.4e+38 -3.4e+38 -3.4e+38 -3.4e+38 3.73096871376038 3.18214464187622 2.77982473373413 1.96900296211243 0.951598703861237 0.529604971408844 0.436311960220337 0.350126385688782 0.316466182470322 0.310828477144241 0.320261597633362 0.32920777797699 0.29628250002861 0.267948091030121 0.228806912899017 0.210603952407837 0.191818252205849 0.185123920440674 0.187824532389641 0.181067615747452 0.180282562971115 0.195377573370934 0.189980685710907 0.188782453536987 0.187350153923035 0.186985373497009 0.189797192811966 0.16557177901268 0.152603089809418 0.161222144961357 0.160513088107109 0.163213193416595 0.154922187328339 0.165457800030708 0.168618217110634 0.179329484701157 0.176052793860435 0.169588908553123 0.15916109085083 0.153244450688362 0.151582762598991
-3.4e+38 -3.4e+38 -3.4e+38 -3.4e+38 -3.4e+38 3.10426306724548 2.98521447181702 2.11845469474792 1.2969788312912 0.825780093669891 0.547902524471283 0.406362622976303 0.326172977685928 0.304569959640503 0.296155542135239 0.29972118139267 0.302603542804718 0.269777804613113 0.245642244815826 0.247116267681122 0.230087071657181 0.199020609259605 0.187158465385437 0.178539544343948 0.17743493616581 0.183564946055412 0.197635889053345 0.189058005809784 0.185389086604118 0.182922065258026 0.183195516467094 0.178231984376907 0.154506042599678 0.151079371571541 0.158290401101112 0.156409204006195 0.157261863350868 0.153028011322021 0.150830149650574 0.156886547803879 0.158793985843658 0.159769922494888 0.173663794994354 0.172543168067932 0.168345764279366 0.149242281913757
-3.4e+38 -3.4e+38 -3.4e+38 -3.4e+38 -3.4e+38 2.80559659004211 2.38911390304565 1.46993279457092 1.02214848995209 0.624134838581085 0.431533604860306 0.368694752454758 0.320150345563889 0.251267969608307 0.261344194412231 0.270777642726898 0.283051997423172 0.252475172281265 0.265523582696915 0.262202203273773 0.237746074795723 0.222797811031342 0.228212863206863 0.190557271242142 0.171595096588135 0.184418052434921 0.195713400840759 0.184167578816414 0.180746346712112 0.177833959460258 0.177498459815979 0.159820377826691 0.156380623579025 0.152011692523956 0.157743692398071 0.157107397913933 0.152592077851295 0.150696501135826 0.156462997198105 0.158156007528305 0.152884662151337 0.152186006307602 0.173615425825119 0.193945333361626 0.172718048095703 0.154305204749107
-3.4e+38 -3.4e+38 -3.4e+38 -3.4e+38 -3.4e+38 2.72078537940979 1.81659972667694 1.02562141418457 0.670282065868378 0.508839905261993 0.405075997114182 0.30597135424614 0.27875018119812 0.266621828079224 0.245485544204712 0.222169175744057 0.240931153297424 0.223548829555511 0.251308888196945 0.243270501494408 0.242693036794662 0.229989364743233 0.234285324811935 0.240217119455338 0.214072912931442 0.192415609955788 0.198099508881569 0.190456345677376 0.185875251889229 0.180916607379913 0.173898279666901 0.17374911904335 0.173339948058128 0.170087948441505 0.156452849507332 0.155135557055473 0.154842436313629 0.160908564925194 0.162454351782799 0.163236245512962 0.155389949679375 0.150691300630569 0.161631226539612 0.171454682946205 0.162690237164497 0.152206465601921
-339999999999999996128486808808066248288.000000000000000 -3.4e+38 -3.4e+38 -3.4e+38 2.61475014686584 2.56375336647034 1.40762877464294 0.810654044151306 0.662627518177032 0.44317889213562 0.308442145586014 0.248436629772186 0.247903361916542 0.215498924255371 0.208765223622322 0.197550669312477 0.193358108401299 0.188585683703423 0.19961453974247 0.23740927875042 0.238036319613457 0.229732245206833 0.211115345358849 0.218736216425896 0.232117205858231 0.212223440408707 0.201031491160393 0.179998517036438 0.178862392902374 0.185157924890518 0.174177095293999 0.174043700098991 0.173297986388206 0.169396668672562 0.167914226651192 0.158443257212639 0.152969434857368 0.154298320412636 0.164821445941925 0.166981905698776 0.156822070479393 0.150452300906181 0.157851710915565 0.156726151704788 0.155776888132095 0.148711174726486
-3.4e+38 -3.4e+38 -3.4e+38 -3.4e+38 2.38918805122375 2.39214706420898 1.42037415504456 0.959430754184723 0.647431612014771 0.441119462251663 0.279211699962616 0.231818422675133 0.227032780647278 0.205100446939468 0.187067523598671 0.173910930752754 0.169561326503754 0.179667487740517 0.188522547483444 0.205413341522217 0.217912122607231 0.215559259057045 0.214970335364342 0.196212381124496 0.211028978228569 0.206684857606888 0.191312611103058 0.17799998819828 0.186365440487862 0.183663472533226 0.187985867261887 0.165983662009239 0.165669173002243 0.169193387031555 0.170378983020782 0.158048823475838 0.1546830534935 0.156726241111755 0.162308931350708 0.165361776947975 0.160515159368515 0.150455713272095 0.148881137371063 0.154130041599274 0.153903916478157 0.148522764444351
-3.4e+38 -3.4e+38 -3.4e+38 -3.4e+38 2.23443293571472 2.17228150367737 1.43755209445953 1.02907609939575 0.509067475795746 0.37299382686615 0.287479370832443 0.24779500067234 0.222517877817154 0.193873375654221 0.187411934137344 0.201671496033669 0.195233747363091 0.191164031624794 0.196684956550598 0.211404487490654 0.190039247274399 0.209105059504509 0.211912631988525 0.190510466694832 0.196079850196838 0.183488816022873 0.17012283205986 0.154844552278519 0.157162562012672 0.164001509547234 0.172414690256119 0.179095983505249 0.173975959420204 0.171638399362564 0.169465437531471 0.16263984143734 0.156803488731384 0.156014576554298 0.161781132221222 0.166969165205956 0.15770548582077 0.148589313030243 0.14794260263443 0.148932904005051 0.147242933511734 0.145330473780632
-3.4e+38 -3.4e+38 -3.4e+38 -3.4e+38 -3.4e+38 2.16560792922974 1.55649948120117 0.924008190631866 0.529121398925781 0.402885735034943 0.350354224443436 0.239904090762138 0.226260647177696 0.201274886727333 0.199147343635559 0.192489132285118 0.20252688229084 0.203786373138428 0.194012075662613 0.184431582689285 0.178301677107811 0.203565552830696 0.209321618080139 0.197874113917351 0.181995987892151 0.177527099847794 0.173809856176376 0.160279840230942 0.148817151784897 0.147716417908669 0.15937551856041 0.171001896262169 0.184397101402283 0.178653940558434 0.173012167215347 0.162587568163872 0.154425963759422 0.156071469187737 0.164924919605255 0.163492664694786 0.157333970069885 0.151709407567978 0.150326684117317 0.149501278996468 0.149163469672203 0.151322543621063
-3.4e+38 -3.4e+38 -3.4e+38 -3.4e+38 -3.4e+38 1.82364475727081 1.78839492797852 1.16564857959747 0.681918621063232 0.388206452131271 0.340364038944244 0.24457149207592 0.229287475347519 0.214008063077927 0.205356478691101 0.201063737273216 0.215288087725639 0.199836000800133 0.195450484752655 0.181467771530151 0.177730917930603 0.206941351294518 0.217078551650047 0.21565093100071 0.186148121953011 0.175460278987885 0.168535321950912 0.166144251823425 0.159166395664215 0.155663430690765 0.166237026453018 0.179840281605721 0.175355687737465 0.167404845356941 0.163193181157112 0.164696872234344 0.158175528049469 0.159892052412033 0.163052275776863 0.163741067051888 0.163472354412079 0.15942844748497 0.150424510240555 0.153469502925873 0.15339820086956 0.1482253074646
-3.4e+38 -3.4e+38 -3.4e+38 -3.4e+38 -3.4e+38 1.53505635261536 1.96250057220459 1.52822279930115 0.82732367515564 0.442042469978333 0.32033783197403 0.262137711048126 0.234528854489326 0.219345763325691 0.202901422977448 0.190308451652527 0.203100591897964 0.212651267647743 0.198059841990471 0.178543835878372 0.182431399822235 0.21192778646946 0.20461992919445 0.213195860385895 0.19621704518795 0.17453533411026 0.172196507453918 0.162459522485733 0.160090208053589 0.155456826090813 0.16194424033165 0.159530326724052 0.165046468377113 0.164276972413063 0.158628076314926 0.156083077192307 0.157406359910965 0.16202549636364 0.16425995528698 0.164950802922249 0.164103701710701 0.158956751227379 0.149891346693039 0.145884767174721 0.146907314658165 0.144598037004471
-3.4e+38 -3.4e+38 -3.4e+38 -3.4e+38 -3.4e+38 1.67701292037964 1.93606269359589 1.52801120281219 0.825525522232056 0.524161100387573 0.340546131134033 0.2850521504879 0.256493598222733 0.227257519960403 0.201177999377251 0.188425347208977 0.186306491494179 0.216404139995575 0.200810775160789 0.192201003432274 0.186399891972542 0.174793168902397 0.175556153059006 0.185455143451691 0.198449268937111 0.184311792254448 0.163431093096733 0.156279489398003 0.15632076561451 0.151834070682526 0.148706689476967 0.147648945450783 0.14830756187439 0.150808900594711 0.153225615620613 0.153100341558456 0.157097846269608 0.159061878919601 0.158806130290031 0.157712280750275 0.165684014558792 0.164080783724785 0.154004111886024 0.145975351333618 0.144379302859306 0.143913730978966
-3.4e+38 -3.4e+38 -3.4e+38 -3.4e+38 -3.4e+38 -3.4e+38 1.7051637172699 1.5629049539566 1.02048099040985 0.698511362075806 0.360018849372864 0.26469162106514 0.25288724899292 0.24068409204483 0.217211306095123 0.182531073689461 0.154971748590469 0.173379093408585 0.18912261724472 0.199143320322037 0.192340821027756 0.172218263149261 0.179437354207039 0.180146798491478 0.186187043786049 0.182400211691856 0.157590359449387 0.153237462043762 0.153336241841316 0.145507112145424 0.142991825938225 0.141018822789192 0.143145531415939 0.144147232174873 0.145217403769493 0.15028902888298 0.157298982143402 0.158745378255844 0.159374639391899 0.161362260580063 0.163876727223396 0.159002602100372 0.152902096509933 0.148418232798576 0.147435218095779 0.143666103482246
-3.4e+38 -3.4e+38 -3.4e+38 -3.4e+38 -3.4e+38 -3.4e+38 1.53157877922058 1.3769873380661 1.25779378414154 0.774141490459442 0.338455349206924 0.259356617927551 0.255053788423538 0.271316856145859 0.217940658330917 0.186351105570793 0.178116023540497 0.171713888645172 0.196049496531487 0.239037334918976 0.255391180515289 0.235974758863449 0.202132433652878 0.194619998335838 0.211848974227905 0.197955816984177 0.167297720909119 0.149222671985626 0.151106968522072 0.15200911462307 0.146614328026772 0.141752347350121 0.143030121922493 0.141097024083138 0.139920845627785 0.141480430960655 0.146179065108299 0.149784281849861 0.148620218038559 0.152616292238235 0.159599274396896 0.160681709647179 0.15157276391983 0.149367168545723 0.151372969150543 0.148121401667595
-3.4e+38 -3.4e+38 -3.4e+38 -3.4e+38 -3.4e+38 -3.4e+38 1.8889034986496 1.29871082305908 1.08415818214417 0.683900237083435 0.27397221326828 0.27067819237709 0.271651148796082 0.281478047370911 0.248816892504692 0.203904137015343 0.178727298974991 0.179907113313675 0.212779596447945 0.240526467561722 0.234244301915169 0.193337649106979 0.192405268549919 0.20263908803463 0.185046672821045 0.17947044968605 0.160095751285553 0.151922300457954 0.14810149371624 0.148157969117165 0.1480902582407 0.143088847398758 0.143590465188026 0.144323691725731 0.138986378908157 0.140256077051163 0.1402567923069 0.143741801381111 0.148483514785767 0.148704126477242 0.153024807572365 0.155889198184013 0.151566088199615 0.145362913608551 0.146135196089745 0.147732183337212
-3.4e+38 -3.4e+38 -3.4e+38 -3.4e+38 -3.4e+38 -3.4e+38 1.58286571502686 1.28696095943451 0.825998365879059 0.424444615840912 0.267930775880814 0.231516927480698 0.228060066699982 0.282472968101501 0.288375705480576 0.258524656295776 0.206885993480682 0.171564698219299 0.181306555867195 0.221665635704994 0.222429618239403 0.18829257786274 0.165413111448288 0.172489494085312 0.163077771663666 0.161392092704773 0.160718590021133 0.158792614936829 0.151761367917061 0.146111056208611 0.145408272743225 0.146966889500618 0.144511193037033 0.142904847860336 0.140476226806641 0.136345639824867 0.139487564563751 0.140894427895546 0.143031656742096 0.145759373903275 0.147693932056427 0.147509679198265 0.149962022900581 0.144062757492065 0.144581869244576 0.144796371459961
-3.4e+38 -3.4e+38 -3.4e+38 -3.4e+38 -3.4e+38 -3.4e+38 1.60710477828979 1.25674366950989 0.582231104373932 0.299158155918121 0.292366594076157 0.256972253322601 0.24155105650425 0.291728377342224 0.303043723106384 0.264120489358902 0.241283744573593 0.180721327662468 0.17642667889595 0.173041522502899 0.179207131266594 0.168813973665237 0.166840642690659 0.165817573666573 0.163749530911446 0.163552328944206 0.156834602355957 0.151011541485786 0.152679711580276 0.151083558797836 0.146940797567368 0.150794491171837 0.144044354557991 0.139778733253479 0.1414705067873 0.138660401105881 0.138833403587341 0.139494389295578 0.13922755420208 0.139719113707542 0.139098718762398 0.143680363893509 0.144099071621895 0.141300976276398 0.141108259558678 0.140169322490692
