Ecospace-environmental-drivers/Outputs/ASCII-for-ecospace/Cfl/Cfl_X2009.04.asc
NCOLS 131 
NROWS 53 
XLLCORNER -98 
YLLCORNER 23.9265270233154 
CELLSIZE 0.133587792515755 
NODATA_value -3.4e+38 
[rows 0 to 19 of 53, columns 45 to 89 of 131]
-3.4e+38 -3.4e+38 -3.4e+38 -3.4e+38 -3.4e+38 -3.4e+38 -3.4e+38 -3.4e+38 -3.4e+38 -3.4e+38 -3.4e+38 -3.4e+38 -3.4e+38 -3.4e+38 -3.4e+38 -3.4e+38 -3.4e+38 -3.4e+38 -3.4e+38 -3.4e+38 -3.4e+38 -3.4e+38 -3.4e+38 -3.4e+38 -3.4e+38 -3.4e+38 -3.4e+38 -3.4e+38 -3.4e+38 -3.4e+38 -3.4e+38 -3.4e+38 -3.4e+38 -3.4e+38 -3.4e+38 -3.4e+38 -3.4e+38 -3.4e+38 -3.4e+38 -3.4e+38 -3.4e+38 -3.4e+38 -3.4e+38 -3.4e+38 -3.4e+38
-3.4e+38 -3.4e+38 -3.4e+38 -3.4e+38 -3.4e+38 -3.4e+38 -3.4e+38 -3.4e+38 -3.4e+38 -3.4e+38 -3.4e+38 -3.4e+38 -3.4e+38 -3.4e+38 -3.4e+38 -3.4e+38 -3.4e+38 -3.4e+38 -3.4e+38 -3.4e+38 -3.4e+38 -3.4e+38 -3.4e+38 -3.4e+38 -3.4e+38 -3.4e+38 -3.4e+38 -3.4e+38 -3.4e+38 -3.4e+38 -3.4e+38 -3.4e+38 -3.4e+38 -3.4e+38 -3.4e+38 -3.4e+38 -3.4e+38 -3.4e+38 -3.4e+38 -3.4e+38 -3.4e+38 -3.4e+38 -3.4e+38 -3.4e+38 -3.4e+38
-3.4e+38 -3.4e+38 -3.4e+38 -3.4e+38 -3.4e+38 -3.4e+38 -3.4e+38 -3.4e+38 -3.4e+38 -3.4e+38 -3.4e+38 -3.4e+38 -3.4e+38 -3.4e+38 -3.4e+38 -3.4e+38 -3.4e+38 -3.4e+38 -3.4e+38 -3.4e+38 -3.4e+38 -3.4e+38 -3.4e+38 -3.4e+38 -3.4e+38 -3.4e+38 -3.4e+38 -3.4e+38 -3.4e+38 -3.4e+38 -3.4e+38 -3.4e+38 -3.4e+38 -3.4e+38 -3.4e+38 -3.4e+38 -3.4e+38 -3.4e+38 -3.4e+38 -3.4e+38 -3.4e+38 -3.4e+38 -3.4e+38 -3.4e+38 -3.4e+38
-3.4e+38 -3.4e+38 -3.4e+38 -3.4e+38 -3.4e+38 -3.4e+38 -3.4e+38 -3.4e+38 -3.4e+38 -3.4e+38 -3.4e+38 -3.4e+38 -3.4e+38 -3.4e+38 -3.4e+38 -3.4e+38 -3.4e+38 -3.4e+38 -3.4e+38 -3.4e+38 -3.4e+38 -3.4e+38 -3.4e+38 -3.4e+38 -3.4e+38 -3.4e+38 -3.4e+38 -3.4e+38 -3.4e+38 -3.4e+38 -3.4e+38 -3.4e+38 -3.4e+38 -3.4e+38 -3.4e+38 -3.4e+38 -3.4e+38 -3.4e+38 -3.4e+38 -3.4e+38 -3.4e+38 -3.4e+38 0.649627089500427 -3.4e+38 -3.4e+38
-3.4e+38 -3.4e+38 -3.4e+38 -3.4e+38 -3.4e+38 -3.4e+38 -3.4e+38 -3.4e+38 -3.4e+38 -3.4e+38 -3.4e+38 -3.4e+38 -3.4e+38 0.397020995616913 -3.4e+38 -3.4e+38 -3.4e+38 -3.4e+38 -3.4e+38 -3.4e+38 -3.4e+38 -3.4e+38 0.394048452377319 0.413305342197418 -3.4e+38 -3.4e+38 -3.4e+38 0.237997680902481 -3.4e+38 0.20512455701828 0.164418339729309 -3.4e+38 -3.4e+38 -3.4e+38 -3.4e+38 -3.4e+38 -3.4e+38 0.106351003050804 0.0510321035981178 0.0337021574378014 0.0733523219823837 0.111189059913158 0.320951193571091 -3.4e+38 -3.4e+38
-3.4e+38 -3.4e+38 -3.4e+38 -3.4e+38 -3.4e+38 -3.4e+38 -3.4e+38 -3.4e+38 -3.4e+38 -3.4e+38 -3.4e+38 1.11940264701843 0.46723073720932 0.43347305059433 0.572622418403625 0.443407893180847 -3.4e+38 -3.4e+38 -3.4e+38 -3.4e+38 0.348411619663239 0.337102741003036 0.308128505945206 0.339727908372879 0.445096105337143 0.405458301305771 0.36790668964386 0.314845561981201 0.272993803024292 0.20484733581543 0.211562439799309 0.174601033329964 0.207303062081337 0.154406920075417 0.133077025413513 0.114817455410957 0.0636897161602974 0.0513600669801235 0.0453928150236607 0.0605253055691719 0.0548980496823788 0.0393073037266731 0.0677989348769188 0.085261307656765 0.0378888510167599
-3.4e+38 -3.4e+38 -3.4e+38 -3.4e+38 -3.4e+38 -3.4e+38 -3.4e+38 -3.4e+38 -3.4e+38 -3.4e+38 -3.4e+38 0.443838119506836 0.519714057445526 0.594895720481873 0.489975571632385 0.382952570915222 -3.4e+38 -3.4e+38 0.586079359054565 0.307405680418015 0.268350481987 0.268867880105972 0.2961345911026 0.276572048664093 0.255094230175018 0.289941340684891 0.296109259128571 0.304669290781021 0.339285105466843 0.411976426839828 0.301774561405182 0.234801232814789 0.250207155942917 0.200495436787605 0.156305402517319 0.126963868737221 0.0886971354484558 0.0569323897361755 0.0383348613977432 0.0513645447790623 0.0339755862951279 0.0196428503841162 0.0261672921478748 0.0250714290887117 0.0405582822859287
-3.4e+38 -3.4e+38 -3.4e+38 -3.4e+38 -3.4e+38 -3.4e+38 -3.4e+38 -3.4e+38 -3.4e+38 -3.4e+38 -3.4e+38 -3.4e+38 0.432148009538651 0.644659876823425 0.568909049034119 -3.4e+38 0.735759973526001 0.575513541698456 0.467736542224884 0.358378142118454 0.234172910451889 0.348681718111038 0.336529701948166 0.308375209569931 0.253538697957993 0.279013186693192 0.260937005281448 0.242160156369209 0.284304469823837 0.276968270540237 0.234827622771263 0.201639980077744 0.21526888012886 0.196809470653534 0.177136614918709 0.145292937755585 0.124329306185246 0.0812669023871422 0.0345167554914951 0.0354431830346584 0.0376751944422722 0.0371017195284367 0.0292527265846729 0.0256868582218885 0.0309303160756826
-3.4e+38 -3.4e+38 -3.4e+38 -3.4e+38 -3.4e+38 -3.4e+38 -3.4e+38 -3.4e+38 -3.4e+38 -3.4e+38 -3.4e+38 -3.4e+38 -3.4e+38 -3.4e+38 -3.4e+38 -3.4e+38 -3.4e+38 0.825654983520508 -3.4e+38 -3.4e+38 0.378101915121078 0.401460260152817 0.360562324523926 0.371595025062561 0.370344936847687 0.250428915023804 0.238132432103157 0.19220806658268 0.15760400891304 0.144334882497787 0.137427270412445 0.133943364024162 0.135941788554192 0.124875545501709 0.14615136384964 0.1237802952528 0.0657729282975197 0.0225063264369965 0.00890971068292856 0.00957027915865183 0.0217757169157267 0.0190876331180334 0.0191855784505606 0.0199510063976049 0.0251039806753397
-3.4e+38 -3.4e+38 -3.4e+38 -3.4e+38 -3.4e+38 -3.4e+38 -3.4e+38 -3.4e+38 -3.4e+38 -3.4e+38 -3.4e+38 -3.4e+38 -3.4e+38 -3.4e+38 -3.4e+38 -3.4e+38 -3.4e+38 -3.4e+38 -3.4e+38 0.294973403215408 0.356671512126923 0.466925114393234 0.392537444829941 0.423938244581223 0.357872694730759 0.232155799865723 0.203698977828026 0.221044614911079 0.214996531605721 0.140460923314095 0.119628213346004 0.134986683726311 0.131671771407127 0.107710465788841 0.104302853345871 0.084491066634655 0.0370754711329937 0.0175836477428675 0.0104513494297862 0.0103245843201876 0.0104753077030182 0.0121293319389224 0.0227943733334541 0.0219501368701458 0.0208605974912643
-3.4e+38 -3.4e+38 -3.4e+38 -3.4e+38 -3.4e+38 -3.4e+38 -3.4e+38 -3.4e+38 -3.4e+38 -3.4e+38 -3.4e+38 -3.4e+38 -3.4e+38 -3.4e+38 -3.4e+38 -3.4e+38 -3.4e+38 -3.4e+38 0.317851454019547 0.346297830343246 0.386928737163544 0.448627471923828 0.510812044143677 0.482255637645721 0.355927675962448 0.276640772819519 0.166317343711853 0.186125606298447 0.182765156030655 0.1207554936409 0.105025060474873 0.113710202276707 0.101229853928089 0.078127421438694 0.0768381431698799 0.0535246096551418 0.0307663287967443 0.0209865123033524 0.0150306141003966 0.0150659810751677 0.0125625701621175 0.0169253665953875 0.0168143045157194 0.0185832045972347 0.0224404018372297
-3.4e+38 0.691462397575378 -3.4e+38 -3.4e+38 -3.4e+38 -3.4e+38 -3.4e+38 -3.4e+38 -3.4e+38 -3.4e+38 -3.4e+38 -3.4e+38 -3.4e+38 -3.4e+38 -3.4e+38 -3.4e+38 -3.4e+38 -3.4e+38 0.292157351970673 0.578924179077148 0.593984544277191 0.473923891782761 0.466272354125977 0.453737646341324 0.389953196048737 0.278498470783234 0.193814501166344 0.121487885713577 0.161009550094604 0.137545943260193 0.164014533162117 0.124706916511059 0.0982837155461311 0.0617328211665154 0.0475790724158287 0.0393124483525753 0.0238812658935785 0.0222445409744978 0.01724012196064 0.0131749482825398 0.0137822525575757 0.0126947164535522 0.029118575155735 0.0403305292129517 0.0376856699585915
0.617755115032196 0.560319006443024 0.482464671134949 -3.4e+38 -3.4e+38 -3.4e+38 -3.4e+38 -3.4e+38 -3.4e+38 -3.4e+38 -3.4e+38 -3.4e+38 -3.4e+38 -3.4e+38 -3.4e+38 0.534461259841919 0.3092080950737 -3.4e+38 -3.4e+38 -3.4e+38 -3.4e+38 0.453330993652344 0.444106549024582 0.417205661535263 0.29250755906105 0.218311369419098 0.174322828650475 0.104099072515965 0.12014989554882 0.164482310414314 0.18697851896286 0.204606518149376 0.16722010076046 0.0937459990382195 0.0497623831033707 0.0544680058956146 0.0264580678194761 0.0185411926358938 0.0156188299879432 0.00823584850877523 0.0204995162785053 0.0185124967247248 0.0197967197746038 0.0186980366706848 0.0202868543565273
0.536231219768524 0.57660973072052 0.547822892665863 0.594992637634277 0.705792546272278 0.650068640708923 0.591539621353149 0.746330916881561 -3.4e+38 -3.4e+38 0.506481111049652 0.505514442920685 0.502660751342773 -3.4e+38 0.516993701457977 0.550553739070892 0.503677487373352 0.472871243953705 -3.4e+38 -3.4e+38 -3.4e+38 0.561521589756012 0.52812647819519 0.377850562334061 0.278044313192368 0.254715710878372 0.213007241487503 0.108965471386909 0.0897487550973892 0.124820992350578 0.161072105169296 0.202610656619072 0.153628036379814 0.0899140313267708 0.0495330505073071 0.0395923927426338 0.029332572594285 0.0231311284005642 0.0134967379271984 0.0136354714632034 0.0246392656117678 0.0210605766624212 0.0323012694716454 0.0222018472850323 0.0210573058575392
0.420284807682037 0.518540382385254 0.545417249202728 0.539218485355377 0.563175201416016 0.589518427848816 0.497939079999924 0.683705568313599 0.580778062343597 0.562063872814178 0.477918952703476 0.495248049497604 0.531196177005768 0.522138237953186 0.512828648090363 0.511502265930176 0.517027139663696 0.541338503360748 0.519769728183746 -3.4e+38 -3.4e+38 0.686612367630005 0.548941552639008 0.378983378410339 0.293224096298218 0.25585088133812 0.224902629852295 0.165740877389908 0.117770671844482 0.109107345342636 0.176056802272797 0.189919769763947 0.114582903683186 0.0853783339262009 0.0622789636254311 0.0409571044147015 0.0435352586209774 0.0341154038906097 0.0189708974212408 0.0135202025994658 0.011822403408587 0.0147270457819104 0.0149366175755858 0.0172405187040567 0.0152394520118833
0.318141400814056 0.377938240766525 0.418039292097092 0.433289408683777 0.496495425701141 0.612240970134735 0.573508024215698 0.630438506603241 0.606410443782806 0.621563136577606 0.549373686313629 0.496806293725967 0.415131092071533 0.414658576250076 0.497372508049011 0.538679182529449 0.569193661212921 0.663326978683472 0.542648613452911 0.769965827465057 0.751398086547852 0.647509157657623 0.383552581071854 0.311863869428635 0.270920246839523 0.211664274334908 0.201016440987587 0.153151214122772 0.0949156954884529 0.060507994145155 0.10763418674469 0.125630915164948 0.0819841921329498 0.0714505687355995 0.0650548711419106 0.0475364103913307 0.0421417430043221 0.0344087854027748 0.0223682001233101 0.0174254290759563 0.0158789809793234 0.0133991474285722 0.0144577827304602 0.0165181048214436 0.0166046172380447
0.297228217124939 0.357497215270996 0.343257695436478 0.359451293945312 0.426241904497147 0.619355201721191 0.569488227367401 0.549416422843933 0.492453932762146 0.474646419286728 0.474164307117462 0.393964856863022 0.293094307184219 0.340273022651672 0.402644455432892 0.501831531524658 0.524627923965454 0.578226566314697 0.620341122150421 0.468477815389633 0.384512364864349 0.30217844247818 0.238292306661606 0.244596272706985 0.184502705931664 0.125101715326309 0.143920809030533 0.102973431348801 0.0623332187533379 0.0444500669836998 0.0455017164349556 0.0379589684307575 0.0377191044390202 0.050040565431118 0.0562527365982533 0.0519808270037174 0.0386675857007504 0.0427291840314865 0.0261082109063864 0.01331477612257 0.0193327311426401 0.0165804568678141 0.0161747243255377 0.0186083670705557 0.0175625663250685
0.156321927905083 0.220387518405914 0.229948446154594 0.297358900308609 0.36589789390564 0.453851103782654 0.52980774641037 0.496110886335373 0.530021965503693 0.432117074728012 0.378932893276215 0.285924106836319 0.275666952133179 0.330801129341125 0.325825244188309 0.481415957212448 0.470448523759842 0.561272621154785 0.469726711511612 0.38813504576683 0.3047194480896 0.265643894672394 0.192624539136887 0.14671128988266 0.122809559106827 0.10806967318058 0.100685440003872 0.0781195312738419 0.0523481369018555 0.0408694595098495 0.0382699370384216 0.0300709083676338 0.029577799141407 0.0453726574778557 0.0515661984682083 0.0519668683409691 0.0414390973746777 0.0447193384170532 0.0296448431909084 0.0164807066321373 0.0183597151190042 0.0177054796367884 0.0141858542338014 0.023241413757205 0.0172790177166462
0.0629171952605247 0.0898877158761024 0.13175043463707 0.201098829507828 0.276095986366272 0.291224479675293 0.327956825494766 0.397546648979187 0.434150218963623 0.3957459628582 0.368697226047516 0.32842954993248 0.382309466600418 0.352996915578842 0.312564998865128 0.38295641541481 0.345442891120911 0.314209282398224 0.306392103433609 0.337758749723434 0.197192683815956 0.154428079724312 0.0832494795322418 0.0406209975481033 0.0481697469949722 0.0527822487056255 0.0497681647539139 0.0413150042295456 0.0372664146125317 0.0362077616155148 0.0351879559457302 0.0310922097414732 0.0274055562913418 0.0290453247725964 0.0475693941116333 0.0476704463362694 0.0439305528998375 0.0493258535861969 0.0342770032584667 0.0169785358011723 0.0210127662867308 0.0196462888270617 0.017329653725028 0.0155467242002487 0.012130381539464
0.0381195545196533 0.0398976318538189 0.0790129229426384 0.133035957813263 0.166341960430145 0.174472853541374 0.188387110829353 0.222074627876282 0.263207167387009 0.269489824771881 0.272292375564575 0.267837643623352 0.341020584106445 0.291668176651001 0.206816881895065 0.174541905522346 0.171927586197853 0.145647391676903 0.150449872016907 0.138735011219978 0.0725324600934982 0.0576530881226063 0.0198483671993017 0.0227841958403587 0.0303646866232157 0.0238113962113857 0.0189401265233755 0.0223725885152817 0.027361523360014 0.0326787531375885 0.0297195427119732 0.0271874293684959 0.0249933544546366 0.0225065276026726 0.030025526881218 0.0449804365634918 0.0427664034068584 0.0402431041002274 0.0248152259737253 0.0156030328944325 0.0133805675432086 0.012943665497005 0.0138296894729137 0.0111854346469045 0.0116211473941803
