Ecospace-environmental-drivers/Outputs/ASCII-for-ecospace/Cfl/Cfl_X2021.05.asc
NCOLS 131 
NROWS 53 
XLLCORNER -98 
YLLCORNER 23.9265270233154 
CELLSIZE 0.133587792515755 
NODATA_value -3.4e+38 
[rows 20 to 39 of 53, columns 44 to 87 of 131]
0.0140929184854031 0.0130360685288906 0.0154826156795025 0.0137804849073291 0.00987927429378033 0.0100211128592491 0.0120407668873668 0.0206972397863865 0.0187778789550066 0.010158346965909 0.0187258142977953 0.0260882079601288 0.0376333817839622 0.040698628872633 0.0501270294189453 0.0474338494241238 0.0190739016979933 0.0152436094358563 0.00990593992173672 -0.00548454793170094 -0.00296715809963644 -0.00782476738095284 -0.0190382711589336 -0.0240218117833138 -0.0322440974414349 -0.036339495331049 -0.0184691939502954 -0.0296298786997795 -0.00938762072473764 -0.0035865530371666 -0.000869484734721482 -0.0038778274320066 -0.00406764028593898 0.00526006706058979 0.0129586476832628 0.0111142927780747 0.0262540243566036 0.00477863289415836 -0.00411423342302442 0.00392762245610356 -0.00544440094381571 -0.00645223446190357 -0.00353266694582999 -0.000820233079139143
0.014128040522337 0.00883706007152796 0.00684427144005895 0.0144543442875147 0.0123246144503355 0.0140393879264593 0.00957750342786312 0.0150632467120886 0.0217379275709391 0.005337696056813 0.0180145688354969 0.0219608582556248 0.0196872241795063 0.0186844617128372 0.0189833771437407 0.0213441550731659 0.0191292427480221 0.0124077908694744 0.00561253819614649 0.000884585839230567 -0.00667191902175546 -0.0153286457061768 -0.017239598557353 -0.0128827020525932 -0.0260569415986538 -0.0213038716465235 -0.0147967180237174 -0.00533045409247279 0.00129964202642441 -0.0145821087062359 -0.0110385660082102 -0.00279546435922384 0.000504393072333187 0.0120043205097318 0.0187543090432882 0.000512951693963259 0.00572026055306196 0.0171626377850771 0.00701411766931415 0.00101457594428211 0.00596812553703785 -0.00179788970854133 -0.00365400454029441 0.00145030918065459
0.0162103064358234 0.00480545731261373 0.00309135764837265 0.0104223107919097 0.0142993377521634 0.0138517497107387 0.00708467839285731 0.0141960447654128 0.0131837138906121 0.00767023442313075 0.013985943980515 0.0170489363372326 0.0107753137126565 0.0119367390871048 0.0110725052654743 0.0103271761909127 0.0115149607881904 0.00554955471307039 0.00750698940828443 0.00487143499776721 -0.00821992754936218 -0.000530370394699275 0.00482121482491493 -0.00425463216379285 -0.00851286668330431 -0.00931080617010593 -0.00252044899389148 0.00427283393219113 -0.00159284251276404 -0.004403380677104 -0.01317482534796 -0.0102482298389077 -0.00467864237725735 0.00132036721333861 0.0134815350174904 0.0061774579808116 0.000534594873897731 0.00695254933089018 0.00121675780974329 0.00563286291435361 0.00597922690212727 0.00953816063702106 -0.00592696014791727 -0.00843445491045713
0.0202392339706421 0.0182912778109312 0.018340703099966 0.0152122993022203 0.0152561031281948 0.0111837722361088 -0.000316689518513158 0.0119644859805703 0.0125609263777733 0.0097188288345933 0.0126710385084152 0.0152942696586251 0.0168580655008554 0.012546245008707 0.00796638242900372 0.0074522253125906 0.00546509027481079 0.00482532242313027 0.00199309946037829 0.0029610472265631 -0.00133484415709972 -0.00494599901139736 0.00712942564859986 0.00202544522471726 0.00291764200665057 -0.00179431587457657 -0.0054719764739275 -0.00693135382607579 -0.00101914594415575 -0.00386826088652015 -0.00809142179787159 -0.0147448228672147 -0.0136482724919915 -0.00699738832190633 -0.00430539203807712 0.000206641765544191 0.0133664375171065 0.0137386061251163 0.00221377704292536 0.037742868065834 -0.000594324257690459 0.00139477988705039 -0.00821298360824585 -0.0033821021206677
0.0235149879008532 0.0128164291381836 0.0217411890625954 0.018862372264266 0.0234280023723841 0.018620990216732 0.0172845348715782 0.0204898249357939 0.0159361436963081 0.015640813857317 0.0139428405091166 0.0164716821163893 0.0173666644841433 0.0111137330532074 0.00495478976517916 0.00218193000182509 0.00482815317809582 0.00334010319784284 0.0061290874145925 0.00454186135903001 0.00389188248664141 -0.00285587529651821 0.0126034570857882 -0.00990849081426859 -0.00321117043495178 -0.00881309900432825 -0.0107635278254747 -0.00723442062735558 -0.00401154393330216 -0.010201632976532 -0.022029111161828 -0.0238449759781361 -0.00986375473439693 -0.00919765047729015 -0.0123078320175409 -0.0012418560218066 0.00205881055444479 -0.0197792965918779 0.0053493520244956 0.0167927779257298 -0.0143430437892675 0.00640367763116956 0.0032489022705704 0.00142361491452903
0.00734525686129928 0.0141496136784554 0.0293570160865784 0.0330310612916946 0.030926626175642 0.031313817948103 0.0264089591801167 0.0245134569704533 0.0210400242358446 0.016660375520587 0.015267763286829 0.0149856992065907 0.0159416738897562 0.0100551936775446 0.00530868535861373 0.00278534227982163 -0.000337603356456384 -0.00358524755574763 -0.000568019866477698 0.00170205417089164 0.00490524945780635 -0.00715583143755794 -0.022230613976717 -0.00441650906577706 -0.00696877483278513 -0.00193922512698919 -0.0107780341058969 -0.0093357777222991 -0.0106643503531814 -0.0232325587421656 -0.0303799025714397 -0.0273333359509706 -0.0236811134964228 -0.0115118343383074 -0.00396887492388487 -0.0029612451326102 0.00172074290458113 0.0122544532641768 0.0215949174016714 0.00852755736559629 0.0248016137629747 0.0147032188251615 0.0122276898473501 0.00957655441015959
0.0046797189861536 0.0132091380655766 0.0178794134408236 0.0288474075496197 0.0314255394041538 0.0303144343197346 0.0239492878317833 0.0203719604760408 0.0184540394693613 0.0187544971704483 0.0188894364982843 0.0152163188904524 0.0148559752851725 0.010922072455287 0.00511580426245928 0.00406333990395069 -8.28591073513962e-05 -0.000408667983720079 -0.004560477565974 0.00800254195928574 0.0160980075597763 0.00785118620842695 0.00705613242462277 -0.0102594783529639 -0.00517206685617566 -0.000912750547286123 -0.0135277975350618 -0.0114884851500392 -0.0138547699898481 -0.0240387283265591 -0.0272857341915369 -0.0284408275038004 -0.0066126799210906 -0.00935189798474312 3.77696087525692e-05 0.0146677615121007 0.0269189607352018 0.0342663861811161 0.0313097201287746 0.0304253827780485 0.0258479565382004 0.00933181121945381 0.000373318558558822 0.00360888382419944
-0.00373543403111398 0.00294969696551561 0.00886322464793921 0.0194916948676109 0.0280238147825003 0.0258995871990919 0.0266815591603518 0.0226759109646082 0.017996646463871 0.0166751984506845 0.0165624767541885 0.0160332042723894 0.0140714710578322 0.0118733868002892 0.00920068006962538 0.00489626359194517 0.00169737229589373 0.000942207116167992 -0.00830161664634943 -0.00352020608261228 -0.010575101710856 0.00746791809797287 0.0111150052398443 0.0214293114840984 -0.020649615675211 -0.0174416285008192 -0.0127993570640683 -0.0113231167197227 -0.0138093931600451 -0.0199880562722683 -0.0203093867748976 -0.0288306288421154 -0.0138395121321082 -0.00926941260695457 0.00221048505045474 0.023931447416544 0.0348188318312168 0.0339052118360996 0.0388060212135315 0.0363219007849693 0.0230645090341568 0.00940943416208029 1.83443808055017e-05 0.00716835306957364
0.0120083959773183 0.0114044081419706 0.0100789507851005 0.00269654812291265 0.0105281881988049 0.0270611587911844 0.024093309417367 0.020887728780508 0.0149957956746221 0.0107996733859181 0.012081996537745 0.0116862934082747 0.00884921848773956 0.00786192156374454 0.00476851407438517 0.00773434620350599 0.00710331881418824 0.00227402383461595 -0.0185711365193129 -0.0110450861975551 -0.00279680313542485 0.010530368424952 0.0208380334079266 0.00894309300929308 -0.00474042119458318 -0.028396800160408 -0.0210910886526108 -0.00623847125098109 -0.00660497974604368 -0.00800436455756426 -0.0217822249978781 -0.019052704796195 -0.0239753276109695 -0.0248003862798214 0.02484280616045 0.0319734625518322 0.0411750487983227 0.0400400124490261 0.0396946966648102 0.0327839739620686 0.0177005603909492 0.0109459366649389 0.00274335849098861 0.0202896483242512
0.0102437362074852 0.0051820520311594 0.00692379428073764 0.0123599329963326 0.0162177868187428 0.0172445476055145 0.026001350954175 0.0155446659773588 0.011352963745594 0.00851351115852594 0.0149979358538985 0.0126454383134842 0.0129111548885703 0.00867697969079018 0.0115177473053336 0.00681207049638033 0.00952791050076485 -0.00216883956454694 -0.00638837786391377 -0.0028889246750623 0.00121953221969306 0.0116443317383528 0.00428849179297686 0.0102403098717332 0.00765326479449868 -0.00847317557781935 -0.01414455473423 -0.0141797009855509 -0.0214929971843958 -0.0153382522985339 -0.0184766054153442 -0.0184611789882183 -0.0288536846637726 0.00154561304952949 0.0628521889448166 0.0489793568849564 0.0362270772457123 0.0408506877720356 0.0252301283180714 0.0191634465008974 0.0216691549867392 0.0272433217614889 0.028963154181838 0.0193820595741272
0.00413493439555168 0.000747486075852066 0.0091777304187417 0.0186971910297871 0.0203376542776823 0.0137358568608761 0.0197917763143778 0.0216691642999649 0.0142211876809597 0.00920948758721352 0.0130715873092413 0.0136748170480132 0.00822591129690409 0.0082512004300952 0.0114370081573725 0.00531388446688652 0.00581860588863492 0.000871061522047967 -0.000113539950689301 -0.00632247747853398 -0.0284271724522114 0.008130700327456 -0.0040792552754283 -0.0169802643358707 -0.0146692022681236 -0.0145893413573503 -0.011388972401619 -0.0302913133054972 -0.0364525280892849 -0.014900685288012 -0.00737766921520233 -0.0170443840324879 -0.0186940133571625 -0.0264237113296986 0.0113424379378557 0.0389547199010849 0.0367436148226261 0.0287277810275555 0.0175332613289356 0.0251382887363434 0.0256616361439228 0.0334190875291824 0.0240325685590506 0.016284391283989
0.0124352071434259 0.0054744747467339 0.00354861211962998 0.0088722063228488 0.0196719095110893 0.0174536723643541 0.0189871191978455 0.0185412187129259 0.0119924200698733 0.00860981363803148 0.00220664474181831 0.0092077674344182 0.011387194506824 0.0145216397941113 0.0128361536189914 0.0120015786960721 6.83611215208657e-05 0.00282639428041875 -0.00568051030859351 -0.0317429564893246 -0.0406687036156654 -0.0336952842772007 -0.0268522035330534 -0.0161280650645494 -0.0337684154510498 -0.0178197231143713 -0.0213306527584791 -0.0372519046068192 -0.0665176063776016 -0.0124843260273337 -0.0212397985160351 -0.0190292783081532 -0.0191229712218046 -0.0196510758250952 0.00469121895730495 0.00493923854082823 0.0249400772154331 0.0172543842345476 0.0280543826520443 0.0273371953517199 0.024143299087882 0.0317781344056129 0.0241315290331841 0.0149352056905627
-0.000829930591862649 0.00425666756927967 0.0126054240390658 0.00534753175452352 0.00832392647862434 0.0136058498173952 0.0110602360218763 0.017708882689476 0.0169687401503325 0.0141900014132261 0.00658708531409502 0.00784487649798393 0.00761490222066641 0.00535735674202442 0.00317424419336021 0.006825793068856 0.00750969164073467 0.00257957144640386 -0.00758263329043984 -0.0134998001158237 -0.0176566801965237 -0.0258970316499472 -0.0372005067765713 -0.026724761351943 -0.0244688540697098 -0.00862899981439114 -0.0133868157863617 -0.0264025386422873 -0.00595954200252891 -0.00501853879541159 -0.0111609175801277 -0.0280967839062214 0.00195086107123643 -0.00228491984307766 0.0104066943749785 0.00743685569614172 0.0159074012190104 0.0360370650887489 0.0396612584590912 0.03926882147789 0.0383479036390781 0.0243933610618114 0.0296590775251389 0.0283530652523041
-0.00312487874180079 -0.00181834725663066 0.0090079503133893 0.0147219318896532 0.00639068800956011 0.0140049438923597 0.0137828793376684 0.0198479387909174 0.0196956936269999 0.0175089612603188 0.0160443857312202 0.0125557044520974 0.00384940020740032 -0.00195039063692093 0.00573686882853508 0.0131975691765547 0.011684400960803 0.0165328532457352 0.00429596472531557 -0.0105021614581347 -0.00701918406412005 -0.0107178296893835 -0.0174122452735901 -0.0178869664669037 -0.0285334940999746 -0.00747015234082937 0.00296833133324981 -0.00571638625115156 -0.00934146530926228 -0.0042862449772656 -0.00818835850805044 -0.00773366400972009 -0.0113076604902744 0.0133962705731392 -0.0109279258176684 0.00528236711397767 0.0159540418535471 0.0364742837846279 0.03580317273736 0.0352913923561573 0.0233714431524277 0.0322310514748096 0.0333360210061073 0.0260260589420795
0.00957062561064959 0.00851043034344912 0.0145935965701938 0.0211715884506702 0.0138582438230515 0.00547593273222446 0.0106354104354978 0.0154520077630877 0.0191525854170322 0.0177592840045691 0.013815057463944 0.0107076074928045 0.00454795407131314 0.00162528490182012 0.0108589297160506 -0.0031686476431787 0.010653737001121 0.012132584117353 0.0112642478197813 0.0118777640163898 -0.00564613891765475 0.000755537184886634 -0.00215403293259442 -0.0141378492116928 -0.0199688822031021 -0.00781216472387314 -0.0164002235978842 -0.0248903725296259 -0.0449410863220692 -0.0140999387949705 -0.00761589594185352 -0.0131108360365033 -0.0351005867123604 0.0038007297553122 -0.00743172410875559 -0.00493809906765819 0.0248486325144768 0.0382440909743309 0.0357270576059818 0.0399815887212753 0.0403218567371368 0.0399648547172546 0.0199025981128216 0.0126032400876284
0.000388972606742755 0.00722064031288028 0.000863622641190886 0.0136655448004603 0.0151775730773807 0.00272596441209316 0.0129305515438318 0.0127202104777098 0.0191934388130903 0.0158003643155098 0.0109687661752105 0.00329245836474001 0.00742304790765047 0.000469086633529514 0.000342773360898718 0.00581225007772446 0.00795962009578943 0.0102118579670787 0.0109740421175957 0.00460207462310791 -0.00517229177057743 -0.00283256289549172 -0.0085662268102169 -0.0093541769310832 -0.0168876275420189 -0.00651466054841876 -0.0184223912656307 -0.0187496598809958 -0.000116977760626469 -0.00367183214984834 -0.0133786294609308 -0.0132258599624038 -0.0177498236298561 -0.00630386034026742 -0.00899396557360888 -0.00831583887338638 0.0257673338055611 0.0372583717107773 0.0386549569666386 0.0397887825965881 0.0397942066192627 0.0365260951220989 0.0301555041223764 0.0206194259226322
-0.00738539546728134 0.0112013211473823 0.010386249050498 0.00869779195636511 0.0102346977218986 0.00225455313920975 0.00520498398691416 0.0137513848021626 0.0169785432517529 0.0172538962215185 0.0152575271204114 0.0113931028172374 0.00862502679228783 0.00556558277457952 0.000875990837812424 -0.000711547036189586 -0.021126601845026 0.00368394702672958 -0.00304806651547551 -0.00107032456435263 -0.0083086472004652 -0.00977617595344782 -0.0077686058357358 -0.00449064886197448 -0.00619401270523667 0.0078160772100091 -0.00927097722887993 -0.00156498607248068 -0.00839472468942404 -0.0100937653332949 -0.0133054116740823 -0.00793540012091398 -0.012402007356286 -0.0201386120170355 0.0145268309861422 0.0148673262447119 0.0177517682313919 0.0322781763970852 0.0479105748236179 0.046297550201416 0.0454216785728931 0.0240668039768934 0.0271870102733374 0.0244727060198784
-0.00277863396331668 0.00319658662192523 0.0127850640565157 0.00360847357660532 0.00736814737319946 0.00612719217315316 0.0129399336874485 0.0122456476092339 0.011765630915761 0.0170887280255556 0.016163595020771 0.0149871576577425 0.00820608716458082 0.00874223466962576 0.000755788176320493 -0.00698059098795056 -0.00892808940261602 -0.00776186678558588 -0.00563991907984018 -0.0061050821095705 -0.013424520380795 -0.00380685110576451 -0.0126903960481286 -0.0160998180508614 0.000969868095126003 0.00127314450219274 0.00363002787344158 -0.00552417477592826 -0.0160100851207972 -0.0123187685385346 -0.00349177978932858 -0.00207089865580201 -0.0215020291507244 -0.0284242779016495 -0.00401192810386419 0.019101845100522 0.0165461264550686 0.00357536016963422 0.0138846999034286 0.0358678251504898 0.016802130267024 0.0100972326472402 0.030345231294632 0.0216991119086742
0.00972286891192198 0.0130125274881721 0.0235101878643036 0.00631167832762003 0.0075590293854475 0.00474044028669596 0.0153991673141718 0.0139191821217537 0.0114477202296257 0.0187771692872047 0.0203411132097244 0.0152348503470421 0.0132308881729841 0.00979743804782629 0.00354472431354225 0.00101617793552577 0.0078246146440506 0.00534130679443479 0.00181691686157137 -0.00134594039991498 -0.00169844622723758 -0.000798212364315987 -0.00197165133431554 -0.00266090873628855 0.000829381460789591 -2.06378390430473e-05 -0.00375487026758492 -0.00795968621969223 -0.00841610599309206 -0.0126298945397139 0.0028901828918606 -0.00553090032190084 -0.000135846072225831 0.0137813733890653 -0.00579470861703157 0.0278707332909107 0.0112195843830705 0.00931993220001459 0.023713069036603 0.0353761576116085 0.0243738479912281 0.00689245667308569 0.0173449516296387 0.0179883316159248
0.00316509860567749 0.00892215222120285 0.0167793575674295 0.0160783994942904 0.0176796615123749 0.014218021184206 0.0124195171520114 0.0135218137875199 0.0154165364801884 0.015343370847404 0.00502177979797125 0.00942036136984825 0.00853287149220705 0.0123699475079775 0.00819054525345564 0.00889917463064194 0.0117237456142902 0.00997202005237341 0.00672517204657197 0.00301030743867159 -0.000303968699881807 -0.0056881750933826 -0.00948278699070215 -0.00609861686825752 -0.00303896144032478 -0.00790568348020315 -0.0009396638488397 -0.00812975782901049 -0.0196610372513533 -0.00638679601252079 -0.00993376784026623 -0.0118841417133808 -0.0156482812017202 0.00589795596897602 0.00521519267931581 0.0381889976561069 0.0201361104846001 0.00913827866315842 -0.0104296952486038 0.0167909469455481 0.0190409142524004 0.0100622493773699 0.0341445952653885 0.0256061274558306
