Ecospace-environmental-drivers/Outputs/ASCII-for-ecospace/Cfl/Cfl_X2013.08.asc
NCOLS 131 
NROWS 53 
XLLCORNER -98 
YLLCORNER 23.9265270233154 
CELLSIZE 0.133587792515755 
NODATA_value -3.4e+38 
[rows 20 to 39 of 53, columns 0 to 44 of 131]
-3.4e+38 -3.4e+38 -3.4e+38 -3.4e+38 -3.4e+38 -3.4e+38 -3.4e+38 -3.4e+38 -3.4e+38 -3.4e+38 3.59181547164917 2.60840749740601 1.34878349304199 0.827107429504395 0.558651149272919 0.480500906705856 0.365505456924438 0.292992204427719 0.268047720193863 0.204976066946983 0.215569242835045 0.177563652396202 0.157970160245895 0.168354630470276 0.184778586030006 0.210934177041054 0.208998948335648 0.265177190303802 0.289823621511459 0.264452338218689 0.186065956950188 0.199233010411263 0.183537393808365 0.220001488924026 0.236452281475067 0.3075270652771 0.278813391923904 0.271283894777298 0.272353231906891 0.304857105016708 0.372301042079926 0.313460320234299 0.214335694909096 0.306854665279388 0.37587770819664
-3.4e+38 -3.4e+38 -3.4e+38 -3.4e+38 -3.4e+38 -3.4e+38 6.57327175140381 5.88014268875122 -3.4e+38 3.13210391998291 2.03409266471863 0.977387428283691 0.562158942222595 0.396530956029892 0.337776243686676 0.271271944046021 0.243707746267319 0.211740896105766 0.186306461691856 0.16709178686142 0.166685089468956 0.140155479311943 0.2007707208395 0.195916518568993 0.136979624629021 0.143647328019142 0.170741572976112 0.201350271701813 0.245729804039001 0.196723744273186 0.135707974433899 0.140461817383766 0.138219103217125 0.135977819561958 0.126888528466225 0.148440957069397 0.171031847596169 0.165986895561218 0.178333953022957 0.221562057733536 0.251609355211258 0.190631404519081 0.194376349449158 0.222300052642822 0.180902317166328
-3.4e+38 -3.4e+38 -3.4e+38 -3.4e+38 -3.4e+38 -3.4e+38 -3.4e+38 4.2481746673584 2.02610063552856 1.20648217201233 0.645551323890686 0.417343944311142 0.305669635534286 0.318081080913544 0.205299288034439 0.179976597428322 0.174109473824501 0.165833204984665 0.159285724163055 0.146837532520294 0.136617764830589 0.141913458704948 0.143684670329094 0.130064427852631 0.129612058401108 0.131196871399879 0.144015178084373 0.167262777686119 0.159554347395897 0.122402355074883 0.10956035554409 0.121584519743919 0.128047093749046 0.129169538617134 0.116605214774609 0.109342351555824 0.0946826711297035 0.122897133231163 0.133112221956253 0.1616340726614 0.182361677289009 0.186296969652176 0.200693398714066 0.173769727349281 0.158199116587639
-3.4e+38 -3.4e+38 -3.4e+38 -3.4e+38 6.20486354827881 7.98080825805664 -3.4e+38 1.5513311624527 1.03849697113037 0.533826768398285 0.35024419426918 0.223038479685783 0.163270056247711 0.142092823982239 0.135754853487015 0.136900767683983 0.128222331404686 0.122228018939495 0.1138631477952 0.120601005852222 0.123942382633686 0.123793095350266 0.129844024777412 0.124544382095337 0.12991589307785 0.127322986721992 0.12457812577486 0.115525349974632 0.105906523764133 0.116874545812607 0.117932289838791 0.111953109502792 0.112576581537724 0.119819052517414 0.116721466183662 0.114450342953205 0.112997323274612 0.119035676121712 0.119879126548767 0.118487052619457 0.120418287813663 0.120774522423744 0.116270557045937 0.125832825899124 0.133811831474304
-3.4e+38 -3.4e+38 -3.4e+38 -3.4e+38 -3.4e+38 8.46701812744141 2.27384328842163 1.12111783027649 0.510656833648682 0.310489892959595 0.265476137399673 0.176721140742302 0.167023375630379 0.136037200689316 0.133996456861496 0.136919140815735 0.134466886520386 0.118037141859531 0.106020092964172 0.106513634324074 0.105901449918747 0.106248393654823 0.113656625151634 0.11845600605011 0.11234388500452 0.110435403883457 0.11075896769762 0.119570530951023 0.119619980454445 0.118130996823311 0.11183924227953 0.108521185815334 0.111095897853374 0.109355323016644 0.101783581078053 0.115849822759628 0.111654482781887 0.1142308562994 0.120469599962234 0.11886440962553 0.129108667373657 0.154857560992241 0.162304326891899 0.160751327872276 0.155230015516281
-3.4e+38 -3.4e+38 -3.4e+38 -3.4e+38 -3.4e+38 1.95370078086853 1.42518639564514 0.660681426525116 0.356144040822983 0.230633467435837 0.160703793168068 0.129272624850273 0.129836320877075 0.127791374921799 0.127716824412346 0.121159665286541 0.116256237030029 0.0962645784020424 0.0985298752784729 0.0929405689239502 0.0937416702508926 0.0952539220452309 0.0982932448387146 0.116295345127583 0.108789473772049 0.105164892971516 0.118235699832439 0.120399840176105 0.119006767868996 0.112388871610165 0.107939518988132 0.106524907052517 0.108294479548931 0.110886499285698 0.110496796667576 0.11508958786726 0.114317022264004 0.11591936647892 0.122034423053265 0.133053988218307 0.152184098958969 0.172501191496849 0.166758000850677 0.124736398458481 0.137239098548889
-3.4e+38 -3.4e+38 -3.4e+38 -3.4e+38 -3.4e+38 1.6860134601593 1.00036358833313 0.520763456821442 0.278497904539108 0.172730356454849 0.122297644615173 0.119851477444172 0.130721762776375 0.131965845823288 0.122031077742577 0.107410192489624 0.101495578885078 0.0969877019524574 0.0977293699979782 0.0933247283101082 0.0841410681605339 0.0892890468239784 0.0954595357179642 0.109937012195587 0.112519554793835 0.112541697919369 0.122113399207592 0.11502692848444 0.115764319896698 0.120860524475574 0.116787143051624 0.115364871919155 0.115244463086128 0.104904010891914 0.112192325294018 0.110359273850918 0.11397061496973 0.125688299536705 0.117059387266636 0.144709289073944 0.155923306941986 0.14217521250248 0.122124142944813 0.112225107848644 0.110494248569012
-3.4e+38 -3.4e+38 -3.4e+38 -3.4e+38 -3.4e+38 1.42005801200867 0.70759654045105 0.339994668960571 0.189656868577003 0.134372040629387 0.119562275707722 0.125751912593842 0.128184378147125 0.129875391721725 0.115186884999275 0.0993871167302132 0.0939712524414062 0.0898449793457985 0.0897424072027206 0.0871033445000648 0.0822826325893402 0.081902489066124 0.0872045829892159 0.0956172347068787 0.10954761505127 0.113923475146294 0.124607108533382 0.132163032889366 0.119414754211903 0.119710221886635 0.117560118436813 0.118759237229824 0.117565087974072 0.106107920408249 0.101858980953693 0.116900719702244 0.143989205360413 0.12238435447216 0.115232199430466 0.119445614516735 0.115865126252174 0.0997124835848808 0.0977925583720207 0.100403852760792 0.0978774577379227
-339999999999999996128486808808066248288.000000000000000 -3.4e+38 -3.4e+38 -3.4e+38 1.56689465045929 0.966171205043793 0.508245706558228 0.246857956051826 0.155885055661201 0.13544787466526 0.126588344573975 0.135268643498421 0.130365490913391 0.124132305383682 0.104506485164165 0.0960366800427437 0.0903198719024658 0.0905521735548973 0.0841979086399078 0.0854385644197464 0.0851191654801369 0.083285890519619 0.0831925272941589 0.0855408012866974 0.0963757485151291 0.110084712505341 0.120229162275791 0.117430165410042 0.108061544597149 0.106814913451672 0.108645841479301 0.11342853307724 0.112748309969902 0.111567787826061 0.118589587509632 0.12936869263649 0.151366963982582 0.117435447871685 0.116419352591038 0.101468428969383 0.0966362655162811 0.098115548491478 0.0945303291082382 0.0928081870079041 0.0966088846325874
-3.4e+38 -3.4e+38 -3.4e+38 -3.4e+38 1.27642130851746 0.729070544242859 0.407601118087769 0.232436388731003 0.151326015591621 0.125051766633987 0.127304181456566 0.130108818411827 0.128852471709251 0.116724163293839 0.1008106097579 0.0954972356557846 0.094954214990139 0.0878849700093269 0.0853009670972824 0.0867821201682091 0.0843096226453781 0.0829486325383186 0.0835416987538338 0.0851052477955818 0.0899451524019241 0.0933933332562447 0.0945711508393288 0.0997777879238129 0.0986881926655769 0.0971223190426826 0.103399060666561 0.106772109866142 0.109535463154316 0.10488224029541 0.106267377734184 0.10701010376215 0.12507064640522 0.107983708381653 0.0984818711876869 0.0948263183236122 0.0933923199772835 0.0908951237797737 0.0922191292047501 0.0912345796823502 0.0928556695580482
-3.4e+38 -3.4e+38 -3.4e+38 -3.4e+38 1.13957464694977 0.75955468416214 0.408295661211014 0.23444764316082 0.14396533370018 0.124280959367752 0.123265936970711 0.126293852925301 0.127571448683739 0.11075135320425 0.0968730226159096 0.0901957750320435 0.0874743461608887 0.0873868241906166 0.0863874405622482 0.0836363956332207 0.0816531553864479 0.0817191898822784 0.0828433260321617 0.0839338004589081 0.0886161848902702 0.0908928960561752 0.0900389850139618 0.0894747599959373 0.0925268679857254 0.0922526642680168 0.0982658416032791 0.107378289103508 0.112816795706749 0.118249885737896 0.114194892346859 0.109503164887428 0.115505114197731 0.117287106812 0.107372678816319 0.0948747247457504 0.0941500812768936 0.0941978543996811 0.089795246720314 0.0843524113297462 0.0840004086494446
-3.4e+38 -3.4e+38 -3.4e+38 -3.4e+38 -3.4e+38 0.835137546062469 0.448830217123032 0.330553472042084 0.190855026245117 0.134524777531624 0.122189000248909 0.130942866206169 0.134778663516045 0.101894825696945 0.0946840941905975 0.086721733212471 0.0851409062743187 0.0896300226449966 0.087053157389164 0.0856248512864113 0.0840772315859795 0.0863465219736099 0.0857827886939049 0.0875028222799301 0.092352457344532 0.0930857509374619 0.0932106152176857 0.0894436463713646 0.0880701020359993 0.0889705568552017 0.0958152040839195 0.106353536248207 0.108773581683636 0.112784877419472 0.117836393415928 0.106008052825928 0.105843961238861 0.111754611134529 0.105343595147133 0.101059637963772 0.0952928960323334 0.087221547961235 0.0884947702288628 0.096494197845459 0.0848366767168045
-3.4e+38 -3.4e+38 -3.4e+38 -3.4e+38 -3.4e+38 1.20414054393768 0.524704337120056 0.335720390081406 0.199193075299263 0.153913557529449 0.143866419792175 0.160455763339996 0.127796709537506 0.0978071838617325 0.0902665704488754 0.0834472626447678 0.0854142904281616 0.0879539921879768 0.0849309712648392 0.086006186902523 0.0871097072958946 0.0876213908195496 0.0894489586353302 0.0896890759468079 0.0916851237416267 0.0885941162705421 0.0855856910347939 0.0869798213243484 0.0872464701533318 0.0881999507546425 0.0919399634003639 0.101272501051426 0.0970599427819252 0.102154724299908 0.106221124529839 0.111124292016029 0.112230196595192 0.107179157435894 0.102244690060616 0.0975852161645889 0.0956782400608063 0.0963372886180878 0.0950048044323921 0.0977573543787003 0.0947259142994881
-3.4e+38 -3.4e+38 -3.4e+38 -3.4e+38 -3.4e+38 1.03711116313934 0.643046617507935 0.329966485500336 0.220166474580765 0.174061268568039 0.167733058333397 0.158496469259262 0.116385653614998 0.0938813909888268 0.086559571325779 0.0833527371287346 0.0832258313894272 0.0860373079776764 0.0840920656919479 0.0872526913881302 0.0889387056231499 0.0890507474541664 0.0905715301632881 0.0891888067126274 0.0844302549958229 0.0834060162305832 0.0835853889584541 0.0860205739736557 0.0866275131702423 0.0858375877141953 0.0900409743189812 0.101379297673702 0.102834478020668 0.105960570275784 0.105077333748341 0.10757003724575 0.102216355502605 0.100535593926907 0.0984681323170662 0.100676767528057 0.098608024418354 0.0996781811118126 0.0925241708755493 0.0905412063002586 0.0914659723639488
-3.4e+38 -3.4e+38 -3.4e+38 -3.4e+38 -3.4e+38 0.887311577796936 0.663157343864441 0.351767271757126 0.243937581777573 0.21729964017868 0.173676326870918 0.143546938896179 0.109657995402813 0.0922517254948616 0.0823399350047112 0.0812811478972435 0.0838751271367073 0.0878270864486694 0.0848876908421516 0.0859364122152328 0.0860025808215141 0.086758092045784 0.08650853484869 0.0847915336489677 0.0831341072916985 0.0835851654410362 0.0832227542996407 0.0887932628393173 0.086847335100174 0.0872654318809509 0.091558575630188 0.106872290372849 0.114182621240616 0.10609932243824 0.101746462285519 0.10368324816227 0.103691294789314 0.107638865709305 0.106729663908482 0.103910580277443 0.100903145968914 0.0988908037543297 0.0923544466495514 0.0856400728225708 0.0823945254087448
-3.4e+38 -3.4e+38 -3.4e+38 -3.4e+38 -3.4e+38 -3.4e+38 0.638785302639008 0.387380927801132 0.264867752790451 0.205586314201355 0.156099408864975 0.117530539631844 0.100328959524632 0.0927473828196526 0.0870902240276337 0.084636852145195 0.087913915514946 0.0870657116174698 0.0861217230558395 0.0845345109701157 0.0838211104273796 0.0851801335811615 0.0842085331678391 0.0820992290973663 0.0817660689353943 0.0830739736557007 0.0827750861644745 0.0850133374333382 0.0872224643826485 0.0849944651126862 0.0895069018006325 0.108196891844273 0.103384099900723 0.100287482142448 0.105401717126369 0.107409216463566 0.107127591967583 0.106743514537811 0.108668975532055 0.105896025896072 0.0995349213480949 0.0943124517798424 0.0851187631487846 0.0815447643399239 0.0769501999020576
-3.4e+38 -3.4e+38 -3.4e+38 -3.4e+38 -3.4e+38 -3.4e+38 0.76092118024826 0.439313381910324 0.258838415145874 0.195829212665558 0.154292717576027 0.10946623980999 0.101036302745342 0.0979289934039116 0.087427169084549 0.0817900970578194 0.086968831717968 0.0860876217484474 0.0834302455186844 0.0837243050336838 0.0843229219317436 0.0826787278056145 0.0832066163420677 0.0821254551410675 0.0835312232375145 0.0837160274386406 0.0798723325133324 0.0848171636462212 0.0885423943400383 0.0837712809443474 0.0964400246739388 0.0970804765820503 0.101338364183903 0.102210059762001 0.107987999916077 0.10774102807045 0.109490051865578 0.108828887343407 0.114051379263401 0.111346632242203 0.100586444139481 0.0896003544330597 0.0860244855284691 0.0826495811343193 0.0775292292237282
-3.4e+38 -3.4e+38 -3.4e+38 -3.4e+38 -3.4e+38 -3.4e+38 0.850185394287109 0.413048505783081 0.256535708904266 0.202949494123459 0.143964856863022 0.100732326507568 0.0889348983764648 0.0847031623125076 0.0890736952424049 0.082631342113018 0.0846569910645485 0.0853031426668167 0.0843904837965965 0.0823455825448036 0.0824593082070351 0.0774390697479248 0.0792933404445648 0.0791613683104515 0.083521232008934 0.084050253033638 0.0778696909546852 0.0718713402748108 0.0847194641828537 0.0998379662632942 0.0986432805657387 0.0981832444667816 0.102939151227474 0.105632081627846 0.108271434903145 0.107182122766972 0.106516890227795 0.10967168211937 0.115167491137981 0.106875419616699 0.0957301706075668 0.0875283032655716 0.0826078802347183 0.0798839181661606 0.0739975497126579
-3.4e+38 -3.4e+38 -3.4e+38 -3.4e+38 -3.4e+38 -3.4e+38 0.97232323884964 0.396258801221848 0.246444314718246 0.193183541297913 0.130197182297707 0.0963879302144051 0.0908043757081032 0.0840736776590347 0.0791411995887756 0.0768438503146172 0.0842266604304314 0.0851787999272346 0.0859488770365715 0.0837970450520515 0.0817728713154793 0.0805151164531708 0.0797771885991096 0.0789206475019455 0.0806750506162643 0.0827036499977112 0.0768519639968872 0.0783638656139374 0.0882034674286842 0.0909533202648163 0.0952630341053009 0.102215804159641 0.106858275830746 0.109651416540146 0.11010468006134 0.106219500303268 0.107040159404278 0.109586738049984 0.112556152045727 0.099048338830471 0.0908635333180428 0.0914518758654594 0.0807690545916557 0.0812096074223518 0.0739041119813919
-3.4e+38 -3.4e+38 -3.4e+38 -3.4e+38 -3.4e+38 -3.4e+38 0.776053309440613 0.346091359853745 0.2472283244133 0.172099113464355 0.128356948494911 0.0953403413295746 0.0897661373019218 0.0855046138167381 0.080465704202652 0.0836044624447823 0.0827468112111092 0.0859819501638412 0.0899255275726318 0.0894693210721016 0.0845361948013306 0.0884286686778069 0.0855127573013306 0.0888151377439499 0.0806171596050262 0.0838077142834663 0.0941856727004051 0.0934829637408257 0.0919355377554893 0.0932277739048004 0.0999636203050613 0.106687478721142 0.113208718597889 0.115087687969208 0.113350816071033 0.108042910695076 0.108139701187611 0.10572088509798 0.0980443954467773 0.0945639982819557 0.0913932546973228 0.0871429368853569 0.0774299502372742 0.0776948258280754 0.0671657547354698
