Ecospace-environmental-drivers/Outputs/ASCII-for-ecospace/Cfl/Cfl_X2006.03.asc
NCOLS 131 
NROWS 53 
XLLCORNER -98 
YLLCORNER 23.9265270233154 
CELLSIZE 0.133587792515755 
NODATA_value -3.4e+38 
[rows 0 to 19 of 53, columns 45 to 89 of 131]
-3.4e+38 -3.4e+38 -3.4e+38 -3.4e+38 -3.4e+38 -3.4e+38 -3.4e+38 -3.4e+38 -3.4e+38 -3.4e+38 -3.4e+38 -3.4e+38 -3.4e+38 -3.4e+38 -3.4e+38 -3.4e+38 -3.4e+38 -3.4e+38 -3.4e+38 -3.4e+38 -3.4e+38 -3.4e+38 -3.4e+38 -3.4e+38 -3.4e+38 -3.4e+38 -3.4e+38 -3.4e+38 -3.4e+38 -3.4e+38 -3.4e+38 -3.4e+38 -3.4e+38 -3.4e+38 -3.4e+38 -3.4e+38 -3.4e+38 -3.4e+38 -3.4e+38 -3.4e+38 -3.4e+38 -3.4e+38 -3.4e+38 -3.4e+38 -3.4e+38
-3.4e+38 -3.4e+38 -3.4e+38 -3.4e+38 -3.4e+38 -3.4e+38 -3.4e+38 -3.4e+38 -3.4e+38 -3.4e+38 -3.4e+38 -3.4e+38 -3.4e+38 -3.4e+38 -3.4e+38 -3.4e+38 -3.4e+38 -3.4e+38 -3.4e+38 -3.4e+38 -3.4e+38 -3.4e+38 -3.4e+38 -3.4e+38 -3.4e+38 -3.4e+38 -3.4e+38 -3.4e+38 -3.4e+38 -3.4e+38 -3.4e+38 -3.4e+38 -3.4e+38 -3.4e+38 -3.4e+38 -3.4e+38 -3.4e+38 -3.4e+38 -3.4e+38 -3.4e+38 -3.4e+38 -3.4e+38 -3.4e+38 -3.4e+38 -3.4e+38
-3.4e+38 -3.4e+38 -3.4e+38 -3.4e+38 -3.4e+38 -3.4e+38 -3.4e+38 -3.4e+38 -3.4e+38 -3.4e+38 -3.4e+38 -3.4e+38 -3.4e+38 -3.4e+38 -3.4e+38 -3.4e+38 -3.4e+38 -3.4e+38 -3.4e+38 -3.4e+38 -3.4e+38 -3.4e+38 -3.4e+38 -3.4e+38 -3.4e+38 -3.4e+38 -3.4e+38 -3.4e+38 -3.4e+38 -3.4e+38 -3.4e+38 -3.4e+38 -3.4e+38 -3.4e+38 -3.4e+38 -3.4e+38 -3.4e+38 -3.4e+38 -3.4e+38 -3.4e+38 -3.4e+38 -3.4e+38 -3.4e+38 -3.4e+38 -3.4e+38
-3.4e+38 -3.4e+38 -3.4e+38 -3.4e+38 -3.4e+38 -3.4e+38 -3.4e+38 -3.4e+38 -3.4e+38 -3.4e+38 -3.4e+38 -3.4e+38 -3.4e+38 -3.4e+38 -3.4e+38 -3.4e+38 -3.4e+38 -3.4e+38 -3.4e+38 -3.4e+38 -3.4e+38 -3.4e+38 -3.4e+38 -3.4e+38 -3.4e+38 -3.4e+38 -3.4e+38 -3.4e+38 -3.4e+38 -3.4e+38 -3.4e+38 -3.4e+38 -3.4e+38 -3.4e+38 -3.4e+38 -3.4e+38 -3.4e+38 -3.4e+38 -3.4e+38 -3.4e+38 -3.4e+38 0.164597645401955 0.166174173355103 -3.4e+38 -3.4e+38
-3.4e+38 -3.4e+38 -3.4e+38 -3.4e+38 -3.4e+38 -3.4e+38 -3.4e+38 -3.4e+38 -3.4e+38 -3.4e+38 -3.4e+38 -3.4e+38 -3.4e+38 0.267139703035355 -3.4e+38 -3.4e+38 -3.4e+38 -3.4e+38 -3.4e+38 -3.4e+38 -3.4e+38 -3.4e+38 0.307682991027832 0.257517039775848 0.373225569725037 -3.4e+38 -3.4e+38 0.262359797954559 -3.4e+38 0.399203568696976 0.209474980831146 -3.4e+38 -3.4e+38 -3.4e+38 -3.4e+38 -3.4e+38 0.13095098733902 0.0641078725457191 0.0611118972301483 0.0448301583528519 0.078644186258316 0.0798007100820541 0.0688969790935516 -3.4e+38 -3.4e+38
-3.4e+38 -3.4e+38 -3.4e+38 -3.4e+38 -3.4e+38 -3.4e+38 -3.4e+38 -3.4e+38 -3.4e+38 -3.4e+38 0.264933556318283 0.242247015237808 0.440614134073257 0.360097438097 0.266328305006027 0.301943749189377 -3.4e+38 -3.4e+38 -3.4e+38 0.419398576021194 0.504971265792847 0.439277082681656 0.292533457279205 0.222740009427071 0.292494624853134 0.353510320186615 0.28325229883194 0.249555021524429 0.302347719669342 0.377113521099091 0.241186961531639 0.210476845502853 0.104338333010674 0.081710048019886 0.068141758441925 0.0569195412099361 0.0337947569787502 0.0275413803756237 0.0305662415921688 0.0223674736917019 0.0234219916164875 0.0249249096959829 0.0229705851525068 0.0200628489255905 0.00557071622461081
-3.4e+38 -3.4e+38 -3.4e+38 -3.4e+38 -3.4e+38 -3.4e+38 -3.4e+38 -3.4e+38 -3.4e+38 -3.4e+38 -3.4e+38 0.423469752073288 0.588530480861664 0.506335437297821 0.35003736615181 0.412248075008392 -3.4e+38 0.513730645179749 0.504241049289703 0.466096878051758 0.433545529842377 0.365460395812988 0.250130712985992 0.178749173879623 0.15852977335453 0.185058057308197 0.193442806601524 0.22519750893116 0.274215221405029 0.267383635044098 0.210574761033058 0.152051255106926 0.0812684297561646 0.0430939383804798 0.0284818150103092 0.0324584245681763 0.030911210924387 0.0421922244131565 0.0505195371806622 0.0469003021717072 0.0354194343090057 0.0351988822221756 0.0322528332471848 0.0274889171123505 0.0182575825601816
-3.4e+38 -3.4e+38 -3.4e+38 -3.4e+38 -3.4e+38 -3.4e+38 -3.4e+38 -3.4e+38 -3.4e+38 -3.4e+38 -3.4e+38 -3.4e+38 0.723359405994415 0.621398031711578 0.383267968893051 0.285147935152054 0.472513109445572 0.523791551589966 0.344980776309967 0.404409259557724 0.464336007833481 0.380838930606842 0.322578489780426 0.214701116085052 0.145732969045639 0.132946282625198 0.137905165553093 0.140376657247543 0.160678625106812 0.164704501628876 0.151561543345451 0.122522488236427 0.0708887577056885 0.0411620512604713 0.0374207869172096 0.0404758341610432 0.0503972768783569 0.0628577321767807 0.0594471022486687 0.0547692887485027 0.0554302297532558 0.0523645654320717 0.0568658486008644 0.0583820305764675 0.0438303984701633
0.383484482765198 -3.4e+38 -3.4e+38 -3.4e+38 -3.4e+38 -3.4e+38 -3.4e+38 -3.4e+38 -3.4e+38 -3.4e+38 -3.4e+38 -3.4e+38 -3.4e+38 -3.4e+38 -3.4e+38 -3.4e+38 -3.4e+38 0.689732015132904 -3.4e+38 -3.4e+38 0.618754804134369 0.467762619256973 0.375793635845184 0.322860658168793 0.158984482288361 0.128702908754349 0.124720111489296 0.116186127066612 0.126282513141632 0.125981330871582 0.109962679445744 0.0998645573854446 0.0657233819365501 0.0513067469000816 0.0553186908364296 0.0521012619137764 0.0520540401339531 0.0565295219421387 0.0607196651399136 0.0570932254195213 0.0537484064698219 0.0600251443684101 0.0538848079741001 0.0568639598786831 0.0731408819556236
0.243427619338036 0.644945025444031 -3.4e+38 -3.4e+38 -3.4e+38 -3.4e+38 -3.4e+38 -3.4e+38 -3.4e+38 -3.4e+38 -3.4e+38 -3.4e+38 0.727423012256622 -3.4e+38 -3.4e+38 -3.4e+38 -3.4e+38 -3.4e+38 -3.4e+38 0.483712583780289 0.507687628269196 0.518684267997742 0.405146449804306 0.229512646794319 0.144050598144531 0.141973987221718 0.133960232138634 0.113126419484615 0.119742535054684 0.107880271971226 0.0969348698854446 0.078219011425972 0.0601161383092403 0.0624037757515907 0.0670488625764847 0.0587085299193859 0.0516558326780796 0.0516874007880688 0.0491293966770172 0.0542270503938198 0.0600255541503429 0.0632530599832535 0.0624550394713879 0.0641846209764481 0.0782618075609207
0 -3.4e+38 -3.4e+38 -3.4e+38 -3.4e+38 -3.4e+38 -3.4e+38 -3.4e+38 -3.4e+38 -3.4e+38 -3.4e+38 -3.4e+38 -3.4e+38 -3.4e+38 -3.4e+38 -3.4e+38 -3.4e+38 0.266610562801361 0.287532389163971 0.452381402254105 0.468938261270523 0.421922117471695 0.297155678272247 0.181192278862 0.170518860220909 0.162578344345093 0.139926999807358 0.124525979161263 0.112643651664257 0.112040743231773 0.0986346378922462 0.0806642174720764 0.0711518377065659 0.0757062956690788 0.0591450817883015 0.0742062851786613 0.0711507052183151 0.0628781691193581 0.0493869669735432 0.0455786697566509 0.0564615614712238 0.0482049584388733 0.0536392107605934 0.0661039128899574 0.0792266651988029
0.400456041097641 0.476915031671524 0.491372168064117 -3.4e+38 -3.4e+38 -3.4e+38 -3.4e+38 -3.4e+38 -3.4e+38 -3.4e+38 -3.4e+38 -3.4e+38 -3.4e+38 -3.4e+38 -3.4e+38 0.691102981567383 -3.4e+38 -3.4e+38 0.190698593854904 0.387532860040665 0.432882845401764 0.374114960432053 0.278776109218597 0.228818818926811 0.206719055771828 0.203167855739594 0.156597405672073 0.12098441272974 0.111401364207268 0.110422186553478 0.103187866508961 0.0786540284752846 0.0809268355369568 0.0795481204986572 0.0623961575329304 0.063854992389679 0.0742126777768135 0.0670143142342567 0.0657499358057976 0.0558394677937031 0.055810272693634 0.048576332628727 0.0459368005394936 0.0617051236331463 0.0772202014923096
0.48388883471489 0.551047146320343 0.63896518945694 0.721253454685211 0.746017336845398 -3.4e+38 -3.4e+38 -3.4e+38 -3.4e+38 -3.4e+38 0.689129114151001 -3.4e+38 -3.4e+38 -3.4e+38 0.59769880771637 0.603841423988342 0.52184522151947 0.448556184768677 -3.4e+38 1.10906648635864 0.991025567054749 0.581899762153625 0.359200447797775 0.243360295891762 0.183153867721558 0.189186379313469 0.169347316026688 0.124969765543938 0.0956992730498314 0.0904936492443085 0.0858221128582954 0.0642206743359566 0.0718012303113937 0.0730213597416878 0.0822754353284836 0.0655894950032234 0.0667199641466141 0.0633931308984756 0.070615753531456 0.0699020177125931 0.0610082298517227 0.0589615367352962 0.0479883141815662 0.0503885969519615 0.0654906556010246
0.440054595470428 0.507724761962891 0.459495455026627 0.65798819065094 0.858748018741608 0.782250285148621 0.590940713882446 0.534470498561859 0.531546533107758 0.924241900444031 0.717287540435791 0.691332101821899 0.510637938976288 0.497438669204712 0.58698046207428 0.462384313344955 0.408836930990219 0.391951054334641 0.633827686309814 0.809065222740173 -3.4e+38 1.31713879108429 0.540951550006866 0.278108090162277 0.22628290951252 0.169527888298035 0.143357828259468 0.119961358606815 0.0873974412679672 0.0697739720344543 0.0692001283168793 0.0522351562976837 0.0717037320137024 0.077557846903801 0.076186291873455 0.0633556395769119 0.0671964809298515 0.0723520815372467 0.0736428126692772 0.0734340995550156 0.0660237148404121 0.058534748852253 0.0450515560805798 0.0424628406763077 0.045302227139473
0.318715959787369 0.362703204154968 0.429213404655457 0.464642554521561 0.471264958381653 0.546397089958191 0.548843801021576 0.523312985897064 0.522014319896698 0.531848430633545 0.465886205434799 0.462309747934341 0.453931212425232 0.45051571726799 0.453870505094528 0.435058802366257 0.418354481458664 0.428668707609177 0.479418843984604 0.715149819850922 -3.4e+38 0.522161483764648 0.391650199890137 0.218980774283409 0.176295429468155 0.134567081928253 0.125454097986221 0.0865437984466553 0.0717408061027527 0.0674484968185425 0.0643224492669106 0.0538547895848751 0.0601656138896942 0.0732888802886009 0.0627541616559029 0.0598383247852325 0.0643042698502541 0.0601440630853176 0.0629321709275246 0.0611639097332954 0.0535483844578266 0.0523249916732311 0.0380404926836491 0.0409907661378384 0.0489455983042717
0.142339378595352 0.195552468299866 0.239419654011726 0.294508695602417 0.416157901287079 0.450224846601486 0.424321889877319 0.402887791395187 0.457214772701263 0.391321778297424 0.376010805368423 0.424529999494553 0.447530716657639 0.404301971197128 0.364026695489883 0.372688323259354 0.419375747442245 0.408704876899719 0.372172683477402 0.580471813678741 0.438007682561874 0.344634890556335 0.171334981918335 0.130899772047997 0.126769289374352 0.121616132557392 0.107128135859966 0.0889252573251724 0.0762001797556877 0.0703533515334129 0.0672039017081261 0.058973167091608 0.0521499030292034 0.0666859596967697 0.059022843837738 0.0473081432282925 0.0499698929488659 0.0522539354860783 0.0497077144682407 0.0485183820128441 0.040523998439312 0.0355565398931503 0.0384850278496742 0.0412859730422497 0.0436417162418365
0.122419305145741 0.171675473451614 0.212745651602745 0.260507017374039 0.332886576652527 0.391150087118149 0.45346799492836 0.372144907712936 0.355550140142441 0.313588082790375 0.286195069551468 0.275853335857391 0.239504382014275 0.194262519478798 0.162558928132057 0.200766921043396 0.292884439229965 0.370942860841751 0.361068427562714 0.233362764120102 0.158046126365662 0.110950499773026 0.07961405813694 0.0830729454755783 0.105159282684326 0.107693396508694 0.110959626734257 0.0938310772180557 0.0742655843496323 0.0578712113201618 0.0629645586013794 0.0621223486959934 0.056380607187748 0.0564880482852459 0.0556055754423141 0.040456086397171 0.0385297052562237 0.0404877960681915 0.0340526401996613 0.0350176244974136 0.0353660173714161 0.0337859652936459 0.0370515398681164 0.0418115220963955 0.0464738830924034
0.0810169279575348 0.104527898132801 0.154322937130928 0.219888836145401 0.250397980213165 0.295003950595856 0.310640603303909 0.259363204240799 0.247020095586777 0.214154630899429 0.202178791165352 0.196407586336136 0.11934894323349 0.0722241327166557 0.065367080271244 0.0643677413463593 0.0754654854536057 0.0960971266031265 0.0835955142974854 0.0542198643088341 0.0473319999873638 0.054672434926033 0.0443945229053497 0.053365133702755 0.0752022415399551 0.0766766667366028 0.0907562598586082 0.0979924201965332 0.0695741176605225 0.0619887188076973 0.0630234926939011 0.0641610324382782 0.0578538551926613 0.0577663667500019 0.0515633523464203 0.0412695482373238 0.0460605174303055 0.0388564579188824 0.0337899550795555 0.0310080870985985 0.0342915765941143 0.0384123362600803 0.0401334017515182 0.0511703416705132 0.0604051128029823
0.0399952866137028 0.0654847025871277 0.0614657029509544 0.0841073393821716 0.12741219997406 0.139154136180878 0.153091579675674 0.167602226138115 0.148815482854843 0.118700787425041 0.0802343636751175 0.0699659958481789 0.0489923022687435 0.0350527726113796 0.0259422622621059 0.02430927939713 0.0288203451782465 0.0409535057842731 0.0402431339025497 0.0354571230709553 0.0354687795042992 0.0352555587887764 0.0374225229024887 0.0499975271522999 0.0482245944440365 0.0408870130777359 0.0484489426016808 0.05845832452178 0.0657795816659927 0.0641904324293137 0.055200457572937 0.0494633726775646 0.0490162782371044 0.0453959889709949 0.0431944914162159 0.0406986586749554 0.0452743656933308 0.0386997237801552 0.0355898626148701 0.0338038094341755 0.0350002311170101 0.0363719426095486 0.0467373058199883 0.053716316819191 0.0628572478890419
0.0256474763154984 0.0375159531831741 0.0511735565960407 0.0376618020236492 0.0426647141575813 0.0501175709068775 0.0568545795977116 0.0535986497998238 0.0579080060124397 0.0489753633737564 0.0313833989202976 0.0248739290982485 0.0195517390966415 0.0187866650521755 0.0212525445967913 0.0266845896840096 0.0282795690000057 0.0297257751226425 0.0361113175749779 0.0398580804467201 0.0393187254667282 0.0376270264387131 0.0283192433416843 0.0299093890935183 0.0373393483459949 0.0355316214263439 0.0347622185945511 0.0467329956591129 0.0494519285857677 0.0417861975729465 0.0350321494042873 0.0341530777513981 0.0356469824910164 0.045293640345335 0.0459226258099079 0.0473832003772259 0.0485847108066082 0.0393336415290833 0.0388739742338657 0.037060659378767 0.0322581194341183 0.0351929850876331 0.0422966070473194 0.0426237806677818 0.0442854538559914
