Ecospace-environmental-drivers/Outputs/ASCII-for-ecospace/Cfl/Cfl_X2009.08.asc
NCOLS 131 
NROWS 53 
XLLCORNER -98 
YLLCORNER 23.9265270233154 
CELLSIZE 0.133587792515755 
NODATA_value -3.4e+38 
[rows 0 to 19 of 53, columns 45 to 89 of 131]
-3.4e+38 -3.4e+38 -3.4e+38 -3.4e+38 -3.4e+38 -3.4e+38 -3.4e+38 -3.4e+38 -3.4e+38 -3.4e+38 -3.4e+38 -3.4e+38 -3.4e+38 -3.4e+38 -3.4e+38 -3.4e+38 -3.4e+38 -3.4e+38 -3.4e+38 -3.4e+38 -3.4e+38 -3.4e+38 -3.4e+38 -3.4e+38 -3.4e+38 -3.4e+38 -3.4e+38 -3.4e+38 -3.4e+38 -3.4e+38 -3.4e+38 -3.4e+38 -3.4e+38 -3.4e+38 -3.4e+38 -3.4e+38 -3.4e+38 -3.4e+38 -3.4e+38 -3.4e+38 -3.4e+38 -3.4e+38 -3.4e+38 -3.4e+38 -3.4e+38
-3.4e+38 -3.4e+38 -3.4e+38 -3.4e+38 -3.4e+38 -3.4e+38 -3.4e+38 -3.4e+38 -3.4e+38 -3.4e+38 -3.4e+38 -3.4e+38 -3.4e+38 -3.4e+38 -3.4e+38 -3.4e+38 -3.4e+38 -3.4e+38 -3.4e+38 -3.4e+38 -3.4e+38 -3.4e+38 -3.4e+38 -3.4e+38 -3.4e+38 -3.4e+38 -3.4e+38 -3.4e+38 -3.4e+38 -3.4e+38 -3.4e+38 -3.4e+38 -3.4e+38 -3.4e+38 -3.4e+38 -3.4e+38 -3.4e+38 -3.4e+38 -3.4e+38 -3.4e+38 -3.4e+38 -3.4e+38 -3.4e+38 -3.4e+38 -3.4e+38
-3.4e+38 -3.4e+38 -3.4e+38 -3.4e+38 -3.4e+38 -3.4e+38 -3.4e+38 -3.4e+38 -3.4e+38 -3.4e+38 -3.4e+38 -3.4e+38 -3.4e+38 -3.4e+38 -3.4e+38 -3.4e+38 -3.4e+38 -3.4e+38 -3.4e+38 -3.4e+38 -3.4e+38 -3.4e+38 -3.4e+38 -3.4e+38 -3.4e+38 -3.4e+38 -3.4e+38 -3.4e+38 -3.4e+38 -3.4e+38 -3.4e+38 -3.4e+38 -3.4e+38 -3.4e+38 -3.4e+38 -3.4e+38 -3.4e+38 -3.4e+38 -3.4e+38 -3.4e+38 -3.4e+38 -3.4e+38 -3.4e+38 -3.4e+38 -3.4e+38
-3.4e+38 -3.4e+38 -3.4e+38 -3.4e+38 -3.4e+38 -3.4e+38 -3.4e+38 -3.4e+38 -3.4e+38 -3.4e+38 -3.4e+38 -3.4e+38 -3.4e+38 -3.4e+38 -3.4e+38 -3.4e+38 -3.4e+38 -3.4e+38 -3.4e+38 -3.4e+38 -3.4e+38 -3.4e+38 -3.4e+38 -3.4e+38 -3.4e+38 -3.4e+38 -3.4e+38 -3.4e+38 -3.4e+38 0.30718719959259 0.403828501701355 -3.4e+38 -3.4e+38 -3.4e+38 -3.4e+38 -3.4e+38 -3.4e+38 -3.4e+38 -3.4e+38 -3.4e+38 -3.4e+38 -3.4e+38 -3.4e+38 -3.4e+38 -3.4e+38
-3.4e+38 -3.4e+38 -3.4e+38 -3.4e+38 -3.4e+38 -3.4e+38 -3.4e+38 -3.4e+38 -3.4e+38 -3.4e+38 -3.4e+38 -3.4e+38 -3.4e+38 0.266110509634018 -3.4e+38 -3.4e+38 -3.4e+38 -3.4e+38 -3.4e+38 -3.4e+38 -3.4e+38 -3.4e+38 -3.4e+38 -3.4e+38 -3.4e+38 -3.4e+38 -3.4e+38 -3.4e+38 -3.4e+38 0.2284966558218 0.245835036039352 -3.4e+38 -3.4e+38 -3.4e+38 -3.4e+38 -3.4e+38 -3.4e+38 -3.4e+38 0.0363490618765354 -3.4e+38 0.0182625222951174 0.0274199992418289 -3.4e+38 -3.4e+38 -3.4e+38
-3.4e+38 -3.4e+38 -3.4e+38 -3.4e+38 -3.4e+38 -3.4e+38 -3.4e+38 -3.4e+38 -3.4e+38 -3.4e+38 -3.4e+38 0.241333216428757 0.360615879297256 0.228136897087097 0.234438046813011 0.262435406446457 -3.4e+38 -3.4e+38 -3.4e+38 -3.4e+38 0.373649775981903 0.369160264730453 0.327782273292542 0.269992977380753 0.225080817937851 0.412548393011093 0.267870992422104 0.278392493724823 0.24475422501564 0.267369568347931 0.249043166637421 0.108966082334518 0.126248583197594 0.0833742544054985 0.0533446483314037 0.0655041113495827 0.0467639490962029 0.0232688672840595 0.0293060149997473 0.0103217596188188 0.00895355921238661 0.0065277460962534 0.00768504291772842 0.00579583318904042 0.0200497880578041
-3.4e+38 -3.4e+38 -3.4e+38 -3.4e+38 -3.4e+38 -3.4e+38 -3.4e+38 -3.4e+38 -3.4e+38 -3.4e+38 -3.4e+38 0.50397264957428 0.427415728569031 0.268638700246811 0.226327508687973 0.275980174541473 -3.4e+38 0.288499653339386 0.318450003862381 0.264388591051102 0.383728444576263 0.343873023986816 0.315267652273178 0.264580637216568 0.163601160049438 0.208589762449265 0.155433654785156 0.136594399809837 0.19050569832325 0.217016115784645 0.164303675293922 0.0698322281241417 0.0660398602485657 0.0486052110791206 0.0384251661598682 0.0297953933477402 0.0250046085566282 0.0140815293416381 0.0144943557679653 0.0151644377037883 0.0107033625245094 0.00707855354994535 0.00486270105466247 0.00475966790691018 0.0130289429798722
-3.4e+38 -3.4e+38 -3.4e+38 -3.4e+38 -3.4e+38 -3.4e+38 -3.4e+38 -3.4e+38 -3.4e+38 -3.4e+38 -3.4e+38 -3.4e+38 0.590009927749634 0.32592898607254 0.237478330731392 0.206898003816605 0.29835045337677 0.176137372851372 0.184273332357407 0.458420872688293 0.408751159906387 0.405972927808762 0.308156043291092 0.294770866632462 0.118678092956543 0.0736518576741219 0.0679938867688179 0.073357991874218 0.0861150920391083 0.0698210746049881 0.0917300134897232 0.0719801485538483 0.0605662278831005 0.0410402379930019 0.0411773398518562 0.0300895236432552 0.0307238362729549 0.0311464387923479 0.0299045536667109 0.0302305482327938 0.0184698719531298 0.0171013381332159 0.0157115664333105 0.0101897371932864 0.0176704004406929
-3.4e+38 -3.4e+38 -3.4e+38 -3.4e+38 -3.4e+38 -3.4e+38 -3.4e+38 -3.4e+38 -3.4e+38 -3.4e+38 -3.4e+38 -3.4e+38 -3.4e+38 -3.4e+38 -3.4e+38 -3.4e+38 -3.4e+38 0.203227490186691 -3.4e+38 -3.4e+38 0.43435737490654 0.452714115381241 0.35654491186142 0.331707388162613 0.10860762745142 0.0580690950155258 0.0576224997639656 0.0597736835479736 0.0497879274189472 0.0500855818390846 0.0542618595063686 0.0653181225061417 0.071050614118576 0.0567267835140228 0.0340502001345158 0.0302257370203733 0.0337360091507435 0.0276188049465418 0.0258215963840485 0.027135344222188 0.0213592275977135 0.0227158889174461 0.0253015216439962 0.0209558177739382 0.0189553312957287
0.260559141635895 0.564846217632294 -3.4e+38 -3.4e+38 -3.4e+38 -3.4e+38 -3.4e+38 -3.4e+38 -3.4e+38 -3.4e+38 -3.4e+38 -3.4e+38 0.166118994355202 -3.4e+38 -3.4e+38 -3.4e+38 -3.4e+38 -3.4e+38 -3.4e+38 0.53987592458725 0.471954703330994 0.487964749336243 0.375775724649429 0.253210991621017 0.094336211681366 0.0810578241944313 0.0672164633870125 0.0589323341846466 0.0597489289939404 0.0548763163387775 0.0555968955159187 0.0564106963574886 0.0663065239787102 0.0555572398006916 0.0338052473962307 0.0353536568582058 0.0476639717817307 0.0503117591142654 0.045359268784523 0.0321995504200459 0.0351551696658134 0.0448796860873699 0.035493977367878 0.0249195341020823 0.0190971735864878
0.507732152938843 0.734477996826172 0.786699652671814 -3.4e+38 -3.4e+38 -3.4e+38 -3.4e+38 -3.4e+38 -3.4e+38 -3.4e+38 -3.4e+38 -3.4e+38 -3.4e+38 -3.4e+38 -3.4e+38 -3.4e+38 -3.4e+38 0.273993581533432 0.383567720651627 0.438823372125626 0.42662188410759 0.432766705751419 0.304656177759171 0.197099059820175 0.131107121706009 0.10134295374155 0.0747663825750351 0.0796062275767326 0.087405301630497 0.0697752237319946 0.0617364980280399 0.0613019466400146 0.0548612587153912 0.0564395897090435 0.0430942885577679 0.0392943993210793 0.0441481545567513 0.050164483487606 0.0443636626005173 0.0461146086454391 0.0542945712804794 0.0430493727326393 0.0425895713269711 0.0302876513451338 0.0141224320977926
0.065236397087574 0.325283199548721 0.15183986723423 -3.4e+38 -3.4e+38 -3.4e+38 -3.4e+38 -3.4e+38 -3.4e+38 -3.4e+38 -3.4e+38 -3.4e+38 -3.4e+38 -3.4e+38 -3.4e+38 -3.4e+38 -3.4e+38 -3.4e+38 0.399962306022644 0.419099628925323 0.373844385147095 0.361367374658585 0.319849252700806 0.212662920355797 0.161694437265396 0.133886858820915 0.168984949588776 0.176598727703094 0.187022775411606 0.260868310928345 0.119828417897224 0.0721089094877243 0.0644255727529526 0.0608089230954647 0.0479107983410358 0.0512249879539013 0.0529694780707359 0.0586460493505001 0.0553160831332207 0.0606503300368786 0.0920119360089302 0.0599238686263561 0.0594996400177479 0.0422335751354694 0.0220874566584826
0.152741089463234 0.0750660598278046 0.098120853304863 0.187221884727478 0 -3.4e+38 -3.4e+38 -3.4e+38 -3.4e+38 -3.4e+38 -3.4e+38 -3.4e+38 -3.4e+38 -3.4e+38 -3.4e+38 0 -3.4e+38 -3.4e+38 -3.4e+38 0.516680002212524 0.437412112951279 0.396768361330032 0.373003870248795 0.16691979765892 0.132291182875633 0.155553624033928 0.167082577943802 0.154224008321762 0.157735660672188 0.122474044561386 0.139558270573616 0.136993393301964 0.0670777633786201 0.0571647472679615 0.0571397468447685 0.0595597922801971 0.0468740351498127 0.0579710565507412 0.0498870648443699 0.0442695133388042 0.0662993565201759 0.0506901554763317 0.0508952289819717 0.0827444642782211 0.0362632572650909
0.302812099456787 0.281693458557129 0.219179376959801 0.228265643119812 0.108226396143436 0.116654813289642 0.0607265681028366 0.0526240989565849 -3.4e+38 0.150631487369537 0.0606622844934464 0.0499766059219837 0.00820339005440474 -3.4e+38 0.0218904241919518 0.0716626420617104 0.0694183632731438 0.0150249293074012 0.0460435226559639 -3.4e+38 -3.4e+38 0.486162453889847 0.415813803672791 0.190590754151344 0.139069229364395 0.137502729892731 0.124417848885059 0.193828910589218 0.151884272694588 0.0886621475219727 0.0829092413187027 0.140754073858261 0.0691296979784966 0.0564590804278851 0.0639946013689041 0.0562586709856987 0.0602154843509197 0.0541273206472397 0.0601470619440079 0.0600540973246098 0.0489348098635674 0.0385408364236355 0.041642427444458 0.0533007122576237 0.0388612076640129
0.182693660259247 0.207757040858269 0.228046372532845 0.243414551019669 0.233262911438942 0.183600857853889 0.137715354561806 0.115537129342556 0.176800385117531 0.187021285295486 0.186121493577957 0.131676986813545 0.119848683476448 0.12047390639782 0.0986610352993011 0.133551880717278 0.185224860906601 0.167989507317543 0.125670567154884 0.13725745677948 -3.4e+38 0.267627716064453 0.371403306722641 0.352906942367554 0.249445170164108 0.249880209565163 0.23627470433712 0.26068377494812 0.148489266633987 0.0774447247385979 0.0890666097402573 0.117183305323124 0.0976493954658508 0.0758879333734512 0.055911973118782 0.0585721284151077 0.0580044351518154 0.0470550246536732 0.0567276440560818 0.0607962533831596 0.073725052177906 0.058915663510561 0.0427787564694881 0.0439938232302666 0.0424903444945812
0.0525414161384106 0.113879650831223 0.134126007556915 0.152639165520668 0.164510503411293 0.207367762923241 0.195207178592682 0.198617860674858 0.155986592173576 0.154270693659782 0.147868245840073 0.134435534477234 0.137099415063858 0.13243106007576 0.0899323523044586 0.0963563174009323 0.161061838269234 0.240991398692131 0.346310138702393 0.401595711708069 0.258365511894226 0.25777792930603 0.22584830224514 0.277809202671051 0.211790278553963 0.175785705447197 0.220790356397629 0.240440875291824 0.118060953915119 0.0805445685982704 0.0927422344684601 0.112679407000542 0.0959049761295319 0.0797809585928917 0.052206564694643 0.0509089976549149 0.049362551420927 0.0465775616466999 0.0485519804060459 0.0610997267067432 0.0409901812672615 0.0451971180737019 0.0288663320243359 0.0350147746503353 0.0383620969951153
0.0373069122433662 0.0419594533741474 0.058790348470211 0.0593028254806995 0.0834595113992691 0.15515248477459 0.182871177792549 0.168336033821106 0.138720512390137 0.121501497924328 0.123553231358528 0.0819620490074158 0.0886163040995598 0.0722045078873634 0.0555252395570278 0.0738972052931786 0.131907820701599 0.259791970252991 0.337030619382858 0.374500602483749 0.32814222574234 0.164890676736832 0.137470155954361 0.187986016273499 0.156238302588463 0.178776562213898 0.189043059945107 0.226656511425972 0.103490933775902 0.0621125474572182 0.0570803210139275 0.075059100985527 0.0685843229293823 0.0575704053044319 0.0564116351306438 0.0496930591762066 0.0471559800207615 0.0437890663743019 0.0442865639925003 0.0464630797505379 0.039018776267767 0.0356993600726128 0.0292974915355444 0.0355695560574532 0.0354683101177216
0.0334264747798443 0.0327979847788811 0.029483562335372 0.0374021977186203 0.047337993979454 0.0861893594264984 0.135853886604309 0.152220204472542 0.13064906001091 0.0999013185501099 0.0935709476470947 0.0858196169137955 0.0652638673782349 0.0368427745997906 0.0404240638017654 0.0737901255488396 0.103831492364407 0.134386509656906 0.132042720913887 0.148044168949127 0.0901897922158241 0.0669827982783318 0.0769937783479691 0.0909195691347122 0.136157691478729 0.153930306434631 0.11334790289402 0.152214288711548 0.0874790623784065 0.0409647412598133 0.0448488667607307 0.0463652461767197 0.0499979741871357 0.0607596375048161 0.0845014229416847 0.0726946741342545 0.0540886595845222 0.0314679555594921 0.0319663472473621 0.0639234632253647 0.05362843349576 0.0423752665519714 0.0313393659889698 0.0359969213604927 0.0315067172050476
0.0294863115996122 0.0342454351484776 0.0331338569521904 0.0363043434917927 0.0367754213511944 0.0434079617261887 0.0658775269985199 0.105604834854603 0.102727957069874 0.0784642100334167 0.0717711076140404 0.0696540549397469 0.04855952039361 0.0410405397415161 0.0398264676332474 0.0527698285877705 0.101594008505344 0.0952461212873459 0.0433590337634087 0.0533391796052456 0.064219243824482 0.057556115090847 0.0596097148954868 0.0510572381317616 0.0618056245148182 0.0853199884295464 0.07468032091856 0.0615644566714764 0.0573263056576252 0.0231172516942024 0.0329526551067829 0.0465812236070633 0.0508932247757912 0.0533925630152225 0.0746147036552429 0.0755351781845093 0.0587027221918106 0.158699035644531 0.0540477894246578 0.0340191274881363 0.0412140376865864 0.0415651686489582 0.035936675965786 0.0361435227096081 0.0381172373890877
0.0277755744755268 0.0315247550606728 0.0369743369519711 0.0397003926336765 0.0354518033564091 0.0393603853881359 0.0424946583807468 0.046743106096983 0.0638659074902534 0.0553293451666832 0.0629227757453918 0.0666727349162102 0.0484655387699604 0.0504984818398952 0.0461769290268421 0.0449130572378635 0.0642834380269051 0.063942477107048 0.0528693310916424 0.0561233386397362 0.0640526413917542 0.063367024064064 0.0522514879703522 0.0463916808366776 0.038888193666935 0.0400734916329384 0.0463629625737667 0.0438116304576397 0.0469496175646782 0.0473086386919022 0.0391183122992516 0.0352889113128185 0.047396682202816 0.0563684403896332 0.0618473291397095 0.055870171636343 0.0415752157568932 0.0509482733905315 0.0571329593658447 0.0409645289182663 0.0317130610346794 0.0386624969542027 0.0353770367801189 0.0330936387181282 0.0274282302707434
