Ecospace-environmental-drivers/Outputs/ASCII-for-ecospace/Cfl/Cfl_X2003.06.asc
NCOLS 131 
NROWS 53 
XLLCORNER -98 
YLLCORNER 23.9265270233154 
CELLSIZE 0.133587792515755 
NODATA_value -3.4e+38 
[rows 0 to 19 of 53, columns 46 to 91 of 131]
-3.4e+38 -3.4e+38 -3.4e+38 -3.4e+38 -3.4e+38 -3.4e+38 -3.4e+38 -3.4e+38 -3.4e+38 -3.4e+38 -3.4e+38 -3.4e+38 -3.4e+38 -3.4e+38 -3.4e+38 -3.4e+38 -3.4e+38 -3.4e+38 -3.4e+38 -3.4e+38 -3.4e+38 -3.4e+38 -3.4e+38 -3.4e+38 -3.4e+38 -3.4e+38 -3.4e+38 -3.4e+38 -3.4e+38 -3.4e+38 -3.4e+38 -3.4e+38 -3.4e+38 -3.4e+38 -3.4e+38 -3.4e+38 -3.4e+38 -3.4e+38 -3.4e+38 -3.4e+38 -3.4e+38 -3.4e+38 -3.4e+38 -3.4e+38 -3.4e+38 -3.4e+38
-3.4e+38 -3.4e+38 -3.4e+38 -3.4e+38 -3.4e+38 -3.4e+38 -3.4e+38 -3.4e+38 -3.4e+38 -3.4e+38 -3.4e+38 -3.4e+38 -3.4e+38 -3.4e+38 -3.4e+38 -3.4e+38 -3.4e+38 -3.4e+38 -3.4e+38 -3.4e+38 -3.4e+38 -3.4e+38 -3.4e+38 -3.4e+38 -3.4e+38 -3.4e+38 -3.4e+38 -3.4e+38 -3.4e+38 -3.4e+38 -3.4e+38 -3.4e+38 -3.4e+38 -3.4e+38 -3.4e+38 -3.4e+38 -3.4e+38 -3.4e+38 -3.4e+38 -3.4e+38 -3.4e+38 -3.4e+38 -3.4e+38 -3.4e+38 -3.4e+38 -3.4e+38
-3.4e+38 -3.4e+38 -3.4e+38 -3.4e+38 -3.4e+38 -3.4e+38 -3.4e+38 -3.4e+38 -3.4e+38 -3.4e+38 -3.4e+38 -3.4e+38 -3.4e+38 -3.4e+38 -3.4e+38 -3.4e+38 -3.4e+38 -3.4e+38 -3.4e+38 -3.4e+38 -3.4e+38 -3.4e+38 -3.4e+38 -3.4e+38 -3.4e+38 -3.4e+38 -3.4e+38 -3.4e+38 -3.4e+38 -3.4e+38 -3.4e+38 -3.4e+38 -3.4e+38 -3.4e+38 -3.4e+38 -3.4e+38 -3.4e+38 -3.4e+38 -3.4e+38 -3.4e+38 -3.4e+38 -3.4e+38 -3.4e+38 -3.4e+38 -3.4e+38 -3.4e+38
-3.4e+38 -3.4e+38 -3.4e+38 -3.4e+38 -3.4e+38 -3.4e+38 -3.4e+38 -3.4e+38 -3.4e+38 -3.4e+38 -3.4e+38 -3.4e+38 -3.4e+38 -3.4e+38 -3.4e+38 -3.4e+38 -3.4e+38 -3.4e+38 -3.4e+38 -3.4e+38 -3.4e+38 -3.4e+38 -3.4e+38 -3.4e+38 -3.4e+38 -3.4e+38 -3.4e+38 -3.4e+38 -3.4e+38 -3.4e+38 -3.4e+38 -3.4e+38 -3.4e+38 -3.4e+38 -3.4e+38 -3.4e+38 -3.4e+38 -3.4e+38 -3.4e+38 -3.4e+38 -3.4e+38 -3.4e+38 -3.4e+38 -3.4e+38 -3.4e+38 -3.4e+38
-3.4e+38 -3.4e+38 -3.4e+38 -3.4e+38 -3.4e+38 -3.4e+38 -3.4e+38 -3.4e+38 -3.4e+38 -3.4e+38 -3.4e+38 -3.4e+38 -3.4e+38 -3.4e+38 -3.4e+38 -3.4e+38 -3.4e+38 -3.4e+38 -3.4e+38 -3.4e+38 -3.4e+38 8.86620998382568 9.43622589111328 -3.4e+38 -3.4e+38 -3.4e+38 -3.4e+38 -3.4e+38 13.3132228851318 12.8836278915405 -3.4e+38 -3.4e+38 -3.4e+38 -3.4e+38 -3.4e+38 -3.4e+38 1.79990696907043 2.46566104888916 2.43680000305176 2.09166526794434 2.08220505714417 -3.4e+38 -3.4e+38 -3.4e+38 -3.4e+38 -3.4e+38
-3.4e+38 -3.4e+38 -3.4e+38 -3.4e+38 -3.4e+38 -3.4e+38 -3.4e+38 -3.4e+38 -3.4e+38 -3.4e+38 -3.4e+38 7.45688438415527 8.4305305480957 8.32889747619629 -3.4e+38 -3.4e+38 -3.4e+38 -3.4e+38 -3.4e+38 7.10617017745972 6.27085590362549 7.87153196334839 7.59884405136108 8.05693531036377 7.00747299194336 7.27805280685425 9.01496028900146 17.9741516113281 10.1563577651978 10.2805643081665 4.27747344970703 5.24954986572266 4.33720350265503 4.9348349571228 3.12681746482849 1.82099211215973 1.38076102733612 1.36798310279846 1.27424311637878 1.34710478782654 1.12061047554016 0.99238133430481 1.11214029788971 1.1346070766449 -3.4e+38 -3.4e+38
-3.4e+38 -3.4e+38 -3.4e+38 -3.4e+38 -3.4e+38 -3.4e+38 -3.4e+38 -3.4e+38 -3.4e+38 -3.4e+38 -3.4e+38 10.0695152282715 10.1051797866821 11.5020303726196 7.88592147827148 -3.4e+38 6.47315502166748 6.30999517440796 6.24957418441772 5.32859516143799 5.19988203048706 6.68905353546143 5.88393926620483 4.71613264083862 4.59261894226074 4.35408592224121 4.57089281082153 4.46344184875488 3.81201267242432 3.48665070533752 2.89179158210754 3.18288159370422 3.21040558815002 4.20028448104858 1.60689973831177 1.74610197544098 1.77534377574921 1.27809524536133 1.668825507164 1.44401109218597 1.22936809062958 1.05553591251373 1.03931319713593 1.16765713691711 1.1201788187027 0.926551997661591
-3.4e+38 -3.4e+38 -3.4e+38 -3.4e+38 -3.4e+38 -3.4e+38 -3.4e+38 -3.4e+38 -3.4e+38 -3.4e+38 -3.4e+38 -3.4e+38 -3.4e+38 8.69220447540283 -3.4e+38 8.89154720306396 7.25354337692261 5.52104520797729 -3.4e+38 -3.4e+38 5.40335512161255 6.53491115570068 5.60716438293457 3.68515944480896 3.18241381645203 2.92923760414124 2.32959842681885 2.4318585395813 2.06063747406006 2.24509501457214 1.46717011928558 1.69854664802551 1.73774194717407 -3.4e+38 1.12621462345123 1.2578376531601 1.17617833614349 1.14241254329681 1.40406322479248 1.34927010536194 1.38278102874756 1.06249856948853 1.06839692592621 1.10785281658173 1.24673426151276 1.0979585647583
-3.4e+38 -3.4e+38 -3.4e+38 -3.4e+38 -3.4e+38 -3.4e+38 -3.4e+38 -3.4e+38 -3.4e+38 -3.4e+38 -3.4e+38 -3.4e+38 -3.4e+38 -3.4e+38 -3.4e+38 -3.4e+38 -3.4e+38 -3.4e+38 -3.4e+38 -3.4e+38 5.55977964401245 7.94765663146973 7.32161378860474 6.86466026306152 3.59966349601746 2.54435086250305 2.2166121006012 1.8943076133728 1.80357468128204 1.7829258441925 1.55829679965973 -3.4e+38 -3.4e+38 -3.4e+38 0.962288618087769 1.09606635570526 1.42073619365692 0.616257011890411 0.942577421665192 1.05018067359924 1.43182826042175 0.99455589056015 0.972338259220123 1.00876581668854 1.0884758234024 0.97053736448288
-3.4e+38 -3.4e+38 -3.4e+38 -3.4e+38 -3.4e+38 -3.4e+38 -3.4e+38 -3.4e+38 -3.4e+38 -3.4e+38 -3.4e+38 -3.4e+38 -3.4e+38 -3.4e+38 -3.4e+38 -3.4e+38 -3.4e+38 -3.4e+38 -3.4e+38 19.2858867645264 12.2548751831055 9.04382705688477 5.82718133926392 4.27013254165649 2.62660145759583 2.55083227157593 2.52937030792236 1.61363804340363 -3.4e+38 2.18225884437561 1.62185025215149 2.11915421485901 1.65219151973724 1.64242362976074 1.31902468204498 1.05824863910675 0.671962082386017 -3.4e+38 0.630975663661957 1.2857471704483 1.72170090675354 1.43551814556122 1.00990748405457 0.985081791877747 1.02384960651398 1.05154776573181
-3.4e+38 -3.4e+38 -3.4e+38 -3.4e+38 -3.4e+38 -3.4e+38 -3.4e+38 -3.4e+38 -3.4e+38 -3.4e+38 -3.4e+38 -3.4e+38 -3.4e+38 -3.4e+38 -3.4e+38 -3.4e+38 -3.4e+38 19.7890319824219 25.2281475067139 21.5672416687012 10.7684879302979 9.48593330383301 14.3075981140137 8.10666847229004 6.12308502197266 3.50232434272766 1.8826892375946 1.93453705310822 1.82132124900818 1.57544028759003 2.42521381378174 2.69759511947632 1.42086780071259 1.26935601234436 1.54071581363678 1.50979328155518 1.21636664867401 0.911615490913391 0.748371720314026 1.0125253200531 1.26368939876556 1.216179728508 1.17868387699127 0.950491070747375 0.888711273670197 0.924021661281586
-3.4e+38 -3.4e+38 -3.4e+38 -3.4e+38 -3.4e+38 -3.4e+38 -3.4e+38 -3.4e+38 -3.4e+38 -3.4e+38 -3.4e+38 -3.4e+38 -3.4e+38 -3.4e+38 -3.4e+38 -3.4e+38 -3.4e+38 19.2132873535156 35.3703651428223 30.4276008605957 10.5861558914185 13.5753326416016 19.3920574188232 15.1272497177124 15.1518802642822 9.22613525390625 5.30981254577637 3.35672116279602 1.86153757572174 2.91460347175598 3.66637778282166 3.21180486679077 2.64198184013367 1.47214996814728 1.3867769241333 1.35489630699158 1.56399750709534 1.21844458580017 0.998149156570435 0.901784002780914 0.751339912414551 0.669415771961212 0.588410139083862 0.936602413654327 0.878893971443176 0.964187204837799
11.9958438873291 16.7343463897705 -3.4e+38 -3.4e+38 -3.4e+38 -3.4e+38 -3.4e+38 -3.4e+38 -3.4e+38 -3.4e+38 -3.4e+38 -3.4e+38 -3.4e+38 -3.4e+38 11.7359609603882 12.6512784957886 -3.4e+38 -3.4e+38 -3.4e+38 -3.4e+38 17.3149814605713 22.9013614654541 20.3494510650635 12.3256120681763 9.9367733001709 8.68005657196045 6.75961446762085 4.68701267242432 2.56861519813538 3.00045609474182 2.40181708335876 2.48901605606079 1.81333255767822 1.58036303520203 1.4389066696167 1.43868958950043 1.1187846660614 0.918600499629974 0.635143160820007 0.602550387382507 0.554295003414154 0.519541501998901 0.887100994586945 0.925962686538696 0.982233345508575 0.888932406902313
8.08558177947998 14.2175493240356 19.4347114562988 10.6239948272705 9.47383499145508 11.9783897399902 13.5563793182373 9.67131900787354 8.32374954223633 14.0595531463623 9.36187839508057 7.50527858734131 -3.4e+38 6.18192720413208 9.59480285644531 9.60873222351074 12.7375478744507 14.9208364486694 -3.4e+38 -3.4e+38 17.5293636322021 12.2096691131592 11.8430128097534 6.89913034439087 8.60174179077148 8.67150402069092 5.94832324981689 4.98257827758789 3.10437488555908 4.10564470291138 3.02560949325562 1.64069998264313 1.35698235034943 1.59324765205383 1.46421217918396 1.40303802490234 1.17824733257294 0.496495127677917 0.513943076133728 0.26993802189827 0.261399894952774 0.619167029857635 1.40764141082764 0.749113917350769 0.996260046958923 0.841629981994629
11.3912401199341 13.9634113311768 12.5810747146606 12.2583303451538 11.2077960968018 13.4207811355591 12.2244682312012 10.0382013320923 8.46618461608887 7.12803554534912 6.91473865509033 6.53127765655518 6.02762174606323 5.97266149520874 7.1237006187439 9.1887731552124 9.7513542175293 10.317889213562 9.31969547271729 -3.4e+38 10.8809633255005 14.4094200134277 11.6257648468018 9.00925445556641 10.4630737304688 13.7425022125244 8.54320621490479 3.46904730796814 1.89189803600311 1.2555787563324 1.21244621276855 1.20639789104462 1.24314117431641 1.14293944835663 1.51999878883362 0.494812905788422 0.508131682872772 0.360521525144577 0.32819989323616 0.235298126935959 0.280669063329697 0.282642394304276 0.373139441013336 0.476168125867844 0.703307390213013 0.571276247501373
8.54781150817871 13.3334436416626 10.9906339645386 9.79414367675781 11.05943775177 9.55060958862305 8.91959381103516 7.23507452011108 5.79366731643677 5.29358959197998 4.81447696685791 5.23434400558472 5.21513605117798 5.8242392539978 6.65460729598999 6.5012378692627 7.58138084411621 8.59265613555908 7.11074876785278 8.94919872283936 13.0781440734863 9.8012580871582 7.30678653717041 8.12936973571777 13.7550668716431 11.3005685806274 9.55493640899658 4.91932058334351 0.960578739643097 0.252853900194168 0.238650992512703 0.531470239162445 0.880214989185333 0.404999554157257 0.772136926651001 0.498531132936478 0.53490537405014 0.312851250171661 0.229160949587822 0.195641160011292 0.213924542069435 0.207299172878265 0.220062509179115 0.382457047700882 0.392302244901657 0.437055587768555
3.08065438270569 8.24461460113525 3.73351430892944 2.4330632686615 5.73881769180298 7.78831672668457 8.58798408508301 6.66128158569336 2.69074320793152 3.16911101341248 4.63901090621948 3.70066523551941 3.9191563129425 4.76840114593506 5.82027530670166 5.04271793365479 5.81461763381958 8.30646133422852 6.85771512985229 6.70000505447388 7.15142679214478 5.69239807128906 6.09112739562988 8.2359619140625 8.64294052124023 7.56581401824951 4.08816242218018 0.528081059455872 0.440795242786407 0.166038781404495 0.184877961874008 0.603272020816803 0.203787460923195 0.205693542957306 0.180254176259041 0.261645615100861 0.274315148591995 0.279097318649292 0.280313938856125 0.219187065958977 0.297663062810898 0.26103675365448 0.296063393354416 0.253830045461655 0.199374511837959 0.258862227201462
1.04190301895142 1.24503123760223 0.993253946304321 1.98098421096802 3.90721154212952 3.9162905216217 4.32612991333008 4.74956130981445 2.96262311935425 3.01541876792908 2.80243277549744 3.37320709228516 3.80609512329102 4.15692710876465 3.68454623222351 2.56911993026733 2.08416986465454 3.77983736991882 3.92252135276794 3.97416830062866 4.37000226974487 2.08387207984924 1.13161087036133 1.90014708042145 3.25291156768799 1.38657689094543 0.599156200885773 0.72843199968338 0.579272568225861 0.136141717433929 0.126242309808731 0.355346709489822 0.186805352568626 0.152411103248596 0.114836320281029 0.170739382505417 0.17227691411972 0.210627347230911 0.265964299440384 0.25201016664505 0.234215274453163 0.250968396663666 0.509003341197968 0.15446911752224 0.160562813282013 0.179593920707703
0.384474515914917 0.425269693136215 0.380146116018295 0.413121342658997 1.2552672624588 2.19433331489563 2.39590930938721 2.18486738204956 2.48842835426331 3.0803427696228 1.95378506183624 2.00152277946472 1.55252623558044 1.1207240819931 0.766344010829926 0.786001086235046 0.73366242647171 0.217925131320953 0.762191891670227 1.03571259975433 0.438088089227676 0.507801055908203 0.296703994274139 0.13255600631237 0.275639206171036 0.253539830446243 0.261892795562744 0.27006933093071 0.566135048866272 0.107185460627079 0.106307744979858 0.10960154235363 0.101516723632812 0.0971806943416595 0.10560204833746 0.169083818793297 0.184563264250755 0.197762832045555 0.179934918880463 0.140442177653313 0.166990891098976 0.376229882240295 0.367332369089127 0.199491411447525 0.269399255514145 0.182705655694008
0.269868731498718 0.297318369150162 0.251826345920563 0.253271162509918 0.349954456090927 0.392417907714844 0.440891027450562 0.594862282276154 1.13945245742798 2.14860463142395 1.75178825855255 1.00300133228302 0.654321134090424 0.331264406442642 0.221162617206573 0.151155978441238 0.146242901682854 0.138311058282852 0.155711233615875 0.156088531017303 0.590753495693207 0.763698518276215 0.816664218902588 0.749500751495361 0.316108465194702 0.200143620371819 0.146568834781647 0.163766995072365 0.130951434373856 0.125352367758751 0.113344050943851 0.110983848571777 0.22729629278183 0.277552008628845 0.263746470212936 0.203579992055893 0.1345105022192 0.143154442310333 0.177842915058136 0.138573929667473 0.202058583498001 0.373996585607529 0.352640569210052 0.170158714056015 0.205892309546471 0.184521049261093
