Ecospace-environmental-drivers/Outputs/ASCII-for-ecospace/Cfl/Cfl_X2010.04.asc
NCOLS 131 
NROWS 53 
XLLCORNER -98 
YLLCORNER 23.9265270233154 
CELLSIZE 0.133587792515755 
NODATA_value -3.4e+38 
[rows 20 to 39 of 53, columns 45 to 89 of 131]
0.0768201947212219 0.0792055428028107 0.0852542743086815 0.0694615393877029 0.0782980546355247 0.082249328494072 0.0784256979823112 0.0764790698885918 0.0754899084568024 0.0954167768359184 0.106705822050571 0.140468120574951 0.146876096725464 0.14382529258728 0.113733723759651 0.0728496536612511 0.0493310131132603 0.0492941774427891 0.103965781629086 0.123258493840694 0.135479763150215 0.135420605540276 0.11480501294136 0.0824472829699516 0.0524011105298996 0.0462885126471519 0.0403811447322369 0.059706274420023 0.0627151653170586 0.0631633922457695 0.0478507913649082 0.0452334880828857 0.0319590084254742 0.0255345609039068 0.0303221866488457 0.0283934064209461 0.027563538402319 0.0270493105053902 0.0267132800072432 0.0311675854027271 0.0312329418957233 0.0316715836524963 0.0323365926742554 0.0315178595483303 0.0353899672627449
0.0717002004384995 0.0661932602524757 0.060505174100399 0.0492030456662178 0.0330582000315189 0.039850827306509 0.0449835695326328 0.0432202629745007 0.0470023453235626 0.0457744784653187 0.0494259707629681 0.0651979371905327 0.0663067102432251 0.0629747211933136 0.0402373187243938 0.0411215834319592 0.0448399633169174 0.0405889600515366 0.0438728481531143 0.0485825762152672 0.0660872459411621 0.0795383378863335 0.0798085331916809 0.0522479452192783 0.0341639332473278 0.0416113212704659 0.0529706068336964 0.0589752793312073 0.0598199628293514 0.063521109521389 0.0610310472548008 0.0572668239474297 0.0440100021660328 0.0334504917263985 0.0250484775751829 0.0213120337575674 0.0250043906271458 0.0275098420679569 0.0282220281660557 0.0295752305537462 0.0319871753454208 0.0327438898384571 0.0342943966388702 0.0324381776154041 0.030827984213829
0.0464153736829758 0.0420612208545208 0.0563224963843822 0.0621980428695679 0.0462354198098183 0.0328003615140915 0.0278420466929674 0.0303727351129055 0.0359091758728027 0.0393372550606728 0.0350824594497681 0.0295011568814516 0.0372465960681438 0.0379675514996052 0.0388421751558781 0.0380238071084023 0.0373323112726212 0.0387158542871475 0.0387478657066822 0.0392172634601593 0.0386201217770576 0.0375470593571663 0.0354918912053108 0.0347654297947884 0.044358916580677 0.0464262068271637 0.0513573065400124 0.0572432950139046 0.0616340488195419 0.0660808682441711 0.0671307072043419 0.0643862038850784 0.0449793301522732 0.033879429101944 0.0281274411827326 0.0242302045226097 0.0227001160383224 0.0304308608174324 0.0299966298043728 0.0334428772330284 0.0330278612673283 0.0343803018331528 0.033443633466959 0.0314354039728642 0.0347171165049076
0.0571228228509426 0.0514663495123386 0.0438789911568165 0.0365424230694771 0.0295906439423561 0.0428130626678467 0.0394493900239468 0.0386889427900314 0.0412284843623638 0.0412259548902512 0.0399577505886555 0.0383457727730274 0.0390996672213078 0.0488696210086346 0.0481500327587128 0.0403332449495792 0.0395474545657635 0.0368920005857944 0.0334714762866497 0.0384567938745022 0.0383536294102669 0.0409794077277184 0.0350555032491684 0.0332201570272446 0.03270348533988 0.0417339205741882 0.0501592718064785 0.0604625456035137 0.0666035488247871 0.0729201510548592 0.0603126958012581 0.0413189828395844 0.0383017174899578 0.0357222817838192 0.0285709127783775 0.0257130637764931 0.0239728819578886 0.027515672147274 0.0326458141207695 0.0334926582872868 0.0326635129749775 0.0345469601452351 0.0343779027462006 0.0319476164877415 0.0374564416706562
0.0519018359482288 0.053293164819479 0.0566784180700779 0.0538000054657459 0.0395487174391747 0.049014862626791 0.047581609338522 0.0426432676613331 0.0524698905646801 0.049017496407032 0.0520257875323296 0.0430986732244492 0.0402393639087677 0.0478057377040386 0.0574855506420135 0.0578694976866245 0.0602897480130196 0.0477048270404339 0.0406308881938457 0.0400085337460041 0.0399818047881126 0.0389839634299278 0.0384131409227848 0.0416316129267216 0.0451568141579628 0.0488287582993507 0.0511587001383305 0.0569315031170845 0.0654336661100388 0.0495876781642437 0.0401339009404182 0.0374413728713989 0.0389879979193211 0.0395765602588654 0.0371031612157822 0.0347827263176441 0.0300124231725931 0.0333134382963181 0.029676727950573 0.0341680832207203 0.0308476593345404 0.0279002506285906 0.0276421550661325 0.0322479084134102 0.0335222184658051
0.0414617545902729 0.0451602265238762 0.0614789538085461 0.0662731900811195 0.0552578903734684 0.0444232374429703 0.0450994297862053 0.0438964292407036 0.0517818778753281 0.0522453971207142 0.0516587272286415 0.0456413477659225 0.042582843452692 0.0498088747262955 0.0648988410830498 0.0645440518856049 0.0722293257713318 0.065456323325634 0.0604598931968212 0.0496325343847275 0.0408125296235085 0.038190696388483 0.0439736247062683 0.0467532761394978 0.0527600646018982 0.0515163093805313 0.0503208972513676 0.0536633767187595 0.0400259681046009 0.0250828210264444 0.0313676223158836 0.0354908555746078 0.0377123467624187 0.0384446978569031 0.0381194464862347 0.0373346544802189 0.0331823006272316 0.0284679997712374 0.0279536023736 0.0300428941845894 0.0271735526621342 0.0289504993706942 0.0256969090551138 0.0244183801114559 0.0271943081170321
0.0557634681463242 0.063495822250843 0.071107804775238 0.087115615606308 0.0749312490224838 0.0526441782712936 0.0434290319681168 0.057391595095396 0.0613793060183525 0.0576405189931393 0.0544568784534931 0.0500188507139683 0.0549124926328659 0.0719323605298996 0.0800784528255463 0.0814988687634468 0.0817763283848763 0.0686111748218536 0.0614980049431324 0.0472055114805698 0.0526495836675167 0.0452096275985241 0.0421642810106277 0.0494310148060322 0.0502575077116489 0.0467105433344841 0.0460446961224079 0.0456900075078011 0.0294082090258598 0.0336702242493629 0.0379968360066414 0.0355128534138203 0.0399800539016724 0.0363118536770344 0.0306657142937183 0.0301826745271683 0.0249071214348078 0.0211226772516966 0.0253844484686852 0.0276373028755188 0.0219040252268314 0.0209413561969995 0.0233361572027206 0.0259642954915762 0.0281351339071989
0.060881145298481 0.101219229400158 0.0973606184124947 0.10084643214941 0.0539151467382908 0.0544571690261364 0.0382456034421921 0.0510104633867741 0.0570759326219559 0.054538369178772 0.0505862198770046 0.0481779463589191 0.0551947318017483 0.0628710091114044 0.0728121772408485 0.0702006965875626 0.0524481683969498 0.059839554131031 0.0508754514157772 0.0432146489620209 0.0436671115458012 0.0433407314121723 0.0447566583752632 0.0431706011295319 0.0412415750324726 0.0463700070977211 0.0504059717059135 0.0488879717886448 0.0300426632165909 0.0283086970448494 0.0259143672883511 0.034471470862627 0.0317085720598698 0.0292490068823099 0.0265944004058838 0.0268125496804714 0.0253815446048975 0.0224773306399584 0.0208535939455032 0.0214460883289576 0.0206714421510696 0.0239438638091087 0.0286380611360073 0.0232131518423557 0.0191412381827831
0.0803643241524696 0.0965087339282036 0.0924616307020187 0.0917449146509171 0.0515744909644127 0.0592701360583305 0.0520929843187332 0.0481029823422432 0.047353483736515 0.0503265634179115 0.0430259741842747 0.0472132004797459 0.0487662963569164 0.0510317869484425 0.0587066896259785 0.0547167025506496 0.0463566146790981 0.0464273281395435 0.041767206043005 0.0395124778151512 0.0386750735342503 0.0406887866556644 0.037979781627655 0.0352249145507812 0.0388855300843716 0.0422442816197872 0.051455907523632 0.0343754999339581 0.0216918811202049 0.0249311979860067 0.0281500611454248 0.0240227114409208 0.0222452394664288 0.0192490834742785 0.0176195725798607 0.0159409269690514 0.0229230839759111 0.0230026785284281 0.0232233740389347 0.0248104780912399 0.0232442934066057 0.0245564952492714 0.0380392409861088 0.0242503080517054 0.0265575833618641
0.0524352453649044 0.0776592120528221 0.0772585421800613 0.0765198841691017 0.0626678466796875 0.0444344244897366 0.0454734675586224 0.0465943850576878 0.0469415560364723 0.05398228764534 0.0544275939464569 0.0594814121723175 0.0525267496705055 0.0529954023659229 0.0460135824978352 0.0414231047034264 0.0292252767831087 0.022656662389636 0.0347109586000443 0.0331975109875202 0.0293657965958118 0.0383775532245636 0.0361396633088589 0.0360893048346043 0.0297448765486479 0.0312935970723629 0.0336088798940182 0.0279506780207157 0.0210425350815058 0.0230852644890547 0.0263158027082682 0.0240260306745768 0.017285892739892 0.0165716279298067 0.0138445124030113 0.0151201467961073 0.0187357347458601 0.0140245240181684 0.0127070257440209 0.021970022469759 0.0239258576184511 0.0259961113333702 0.0329768657684326 0.0237184036523104 0.0245894938707352
0.0639486983418465 0.0692318305373192 0.0852055102586746 0.0719057768583298 0.0614696852862835 0.0461446046829224 0.0460218004882336 0.0508917532861233 0.0456027872860432 0.0382274240255356 0.0371680073440075 0.0491978712379932 0.054899025708437 0.0519480332732201 0.045040238648653 0.0323076024651527 0.0249861609190702 0.0197805035859346 0.0316446051001549 0.0261087566614151 0.0253796353936195 0.0266805440187454 0.0225807968527079 0.0264138896018267 0.0266681183129549 0.0256119351834059 0.0227138753980398 0.0211279951035976 0.0210333690047264 0.0249921232461929 0.0255749970674515 0.0213762279599905 0.0158671736717224 0.0174351613968611 0.0171160940080881 0.0152525724843144 0.0161183383315802 0.0140892621129751 0.0117378439754248 0.0141241485252976 0.0158974714577198 0.0182441305369139 0.0274330843240023 0.021568825468421 0.0208017025142908
0.0745348855853081 0.0655954703688622 0.0591684244573116 0.0513760708272457 0.0577942356467247 0.0623881295323372 0.0662245824933052 0.0467015877366066 0.0573963560163975 0.036811713129282 0.0382221043109894 0.0471417643129826 0.0516635738313198 0.0475940592586994 0.0400600582361221 0.0352483913302422 0.0336975008249283 0.0230635795742273 0.0199970137327909 0.0264800805598497 0.0221743732690811 0.0281761027872562 0.0256222523748875 0.0262837260961533 0.0252441857010126 0.0227238051593304 0.0187233407050371 0.0229434855282307 0.0227312874048948 0.0236321669071913 0.0251766350120306 0.0211754124611616 0.0163822676986456 0.0181074813008308 0.0172615703195333 0.0152980480343103 0.0150257553905249 0.0142445052042603 0.0112447841092944 0.0122059034183621 0.0133003471419215 0.0129498774185777 0.0231871642172337 0.0302017647773027 0.0246620960533619
0.0668284222483635 0.0851775482296944 0.0706772804260254 0.072357676923275 0.0719557255506516 0.0568850375711918 0.0537680424749851 0.0523017086088657 0.0557637289166451 0.0438531003892422 0.0413676425814629 0.048004113137722 0.0545146949589252 0.0515714026987553 0.0420769639313221 0.0351450070738792 0.0333675928413868 0.029508862644434 0.0328090563416481 0.0266412235796452 0.0223399177193642 0.0258941296488047 0.0290285442024469 0.0284771360456944 0.0278581604361534 0.0301561020314693 0.0253693982958794 0.0256519857794046 0.0177255254238844 0.0251055043190718 0.0243717767298222 0.0147254532203078 0.019672991707921 0.0203089322894812 0.0179347079247236 0.0153473606333137 0.011467925272882 0.0123952841386199 0.0115109123289585 0.0140113206580281 0.0115643944591284 0.00860127434134483 0.0156908184289932 0.0175455380231142 0.0303225368261337
0.0437540039420128 0.047077901661396 0.0556273274123669 0.0762189030647278 0.0635370910167694 0.0429160408675671 0.0492602773010731 0.0468145571649075 0.0479378923773766 0.0426048301160336 0.035592433065176 0.0442419089376926 0.0514261238276958 0.0434809550642967 0.0375294573605061 0.030573783442378 0.0287157818675041 0.0334036983549595 0.0405625440180302 0.0341389179229736 0.0291849300265312 0.0303709525614977 0.0281616020947695 0.0247468128800392 0.0245311930775642 0.0222624856978655 0.0206621140241623 0.0232647396624088 0.0222089365124702 0.0341293327510357 0.0215963888913393 0.0207531675696373 0.0210090316832066 0.0202876590192318 0.0179175436496735 0.0114554557949305 0.0114194694906473 0.0106880664825439 0.00913573615252972 0.0103906532749534 0.012352192774415 0.0112556098029017 0.0765599682927132 0.0240074582397938 0.0151270795613527
0.0480584390461445 0.037436094135046 0.0394008569419384 0.0387943722307682 0.0330846570432186 0.0322837978601456 0.0335715562105179 0.0502031221985817 0.0498783327639103 0.0444536097347736 0.0414820313453674 0.0530596673488617 0.0496510416269302 0.0411908328533173 0.0298560727387667 0.028036480769515 0.0282156225293875 0.0320169031620026 0.038349200040102 0.0398008562624454 0.0394972860813141 0.0333630181849003 0.0253593288362026 0.0232865139842033 0.0214820764958858 0.0181334838271141 0.0220864787697792 0.0250653978437185 0.0335699804127216 0.0245082583278418 0.0387138500809669 0.020176250487566 0.0195946432650089 0.0191835463047028 0.014547236263752 0.0116811525076628 0.0128690144047141 0.010823417454958 0.00938756391406059 0.0134711097925901 0.0121924169361591 0.00881705433130264 0.0077123804949224 0.00962608959525824 0.0254944507032633
0.0370334982872009 0.0322628282010555 0.0317759178578854 0.0350005105137825 0.0288939494639635 0.0299897715449333 0.0428612530231476 0.0456788577139378 0.0490844398736954 0.0341759324073792 0.0336803048849106 0.0398351885378361 0.0383840762078762 0.0317895598709583 0.0293936710804701 0.0317820571362972 0.0311488825827837 0.0412580668926239 0.0465169027447701 0.0443108081817627 0.0482632331550121 0.0373980551958084 0.0324968472123146 0.0297344774007797 0.025743281468749 0.0254817102104425 0.0308106448501348 0.0269780475646257 0.0248338058590889 0.0172105729579926 0.042734932154417 0.0181402415037155 0.0191852673888206 0.0196218583732843 0.0177197773009539 0.0125471660867333 0.0109721692278981 0.0104324510321021 0.00745371310040355 0.0125943878665566 0.0126016614958644 0.0105010103434324 0.00659516826272011 0.0137264123186469 0.0185179561376572
0.0329482592642307 0.0267875380814075 0.0243192333728075 0.028672618791461 0.031259261071682 0.0261637419462204 0.0273544080555439 0.0282892975956202 0.0326072499155998 0.0281324964016676 0.0261979456990957 0.0404835492372513 0.0345777347683907 0.0314408354461193 0.0274117011576891 0.0288614593446255 0.0269898232072592 0.0328559130430222 0.0360077247023582 0.0369258150458336 0.0347697995603085 0.0356367640197277 0.0284084882587194 0.0326276458799839 0.0358621627092361 0.0364613831043243 0.027027353644371 0.0167984925210476 0.0150317335501313 0.0186691582202911 0.019724590703845 0.0230239853262901 0.0183567851781845 0.0202008411288261 0.0187927354127169 0.0128866462036967 0.00916830357164145 0.00903569534420967 0.00918354745954275 0.00820485968142748 0.00782838650047779 0.00758388312533498 0.00774949975311756 0.0177539177238941 0.0176179390400648
0.0338852293789387 0.024861479178071 0.0239668097347021 0.0273518748581409 0.0347617901861668 0.0287237074226141 0.0235836617648602 0.0245469305664301 0.0309342164546251 0.0253905113786459 0.0266998577862978 0.0350506640970707 0.0304647795855999 0.0307694897055626 0.0288775600492954 0.0281400792300701 0.0280392486602068 0.0282250996679068 0.030425576493144 0.0302542578428984 0.0311587378382683 0.030167369171977 0.0278377383947372 0.0280507989227772 0.0331518910825253 0.0336376912891865 0.020442632958293 0.0118943154811859 0.0138503005728126 0.014503126963973 0.0166402831673622 0.0204684603959322 0.0245407819747925 0.0201646890491247 0.016732569783926 0.0117995534092188 0.00952483154833317 0.00943402107805014 0.00791843608021736 0.00796445645391941 0.00691018346697092 0.00984641443938017 0.0112288827076554 0.0133297191932797 0.0131515245884657
0.0177073460072279 0.0207392740994692 0.0160998646169901 0.0176776722073555 0.023804934695363 0.0244998820126057 0.0216801464557648 0.0263278260827065 0.0316015928983688 0.0282032079994678 0.0251607820391655 0.0220376532524824 0.0303479470312595 0.0272327493876219 0.0249935220927 0.0246144160628319 0.0270199347287416 0.0269007608294487 0.0258553363382816 0.0235679615288973 0.0214884281158447 0.0259801875799894 0.0268217325210571 0.0245452541857958 0.0224189441651106 0.0388659983873367 0.0193868912756443 0.00977396499365568 0.0112236477434635 0.0109931854531169 0.016448974609375 0.0204255394637585 0.0216697305440903 0.0190535988658667 0.0124835474416614 0.00991069152951241 0.0125632407143712 0.0093022845685482 0.00854546297341585 0.00823389925062656 0.00535785406827927 0.00951980613172054 0.0140986246988177 0.0121962390840054 0.0127276675775647
0.0280356891453266 0.024150850251317 0.0225541424006224 0.01367989461869 0.013872736133635 0.0191329512745142 0.0188650507479906 0.0275976229459047 0.026241147890687 0.0248806681483984 0.0194922182708979 0.0184121206402779 0.0227398723363876 0.0206547826528549 0.0172259230166674 0.0186627469956875 0.0189233217388391 0.0195040442049503 0.0191749520599842 0.0200115498155355 0.0233666766434908 0.0254213083535433 0.0188823379576206 0.0186605714261532 0.0138465976342559 0.0160734262317419 0.0114202331751585 0.0126009155064821 0.00930221565067768 0.0149973016232252 0.0178028345108032 0.0189425125718117 0.0195847731083632 0.0231921188533306 0.0143147129565477 0.0116051882505417 0.011609504930675 0.0102411527186632 0.00830294843763113 0.00508115859702229 0.00484309531748295 0.00724489847198129 0.00381880905479193 0.00345774134621024 0.0128106018528342
