Ecospace-environmental-drivers/Outputs/ASCII-for-ecospace/Cfl/Cfl_X2018.05.asc
NCOLS 131 
NROWS 53 
XLLCORNER -98 
YLLCORNER 23.9265270233154 
CELLSIZE 0.133587792515755 
NODATA_value -3.4e+38 
[rows 19 to 37 of 53, columns 44 to 87 of 131]
-0.000842639245092869 -0.0113366553559899 -0.0165040232241154 -0.0103338100016117 -0.00637940410524607 -0.00192761211656034 0.00972980633378029 0.0309003107249737 0.0486049875617027 0.0729529112577438 0.0960048958659172 0.10917167365551 0.100498639047146 0.0648779720067978 0.0367289967834949 0.0159263405948877 0.0364680588245392 0.047676857560873 0.0623082965612411 0.04799659922719 0.0283093564212322 0.0237714722752571 0.00872056651860476 0.00105238845571876 -0.00630530435591936 -0.00761527102440596 -0.0110539337620139 -0.0159210599958897 -0.0223137009888887 -0.0188504438847303 -0.0137711530551314 -0.0067482958547771 -0.00752337230369449 -0.000560149957891554 0.00497258175164461 0.00331955007277429 0.00207018246874213 -0.00503518246114254 -0.00447405828163028 -0.0022430676035583 -0.000597749487496912 0.00369694433175027 0.00543946633115411 0.0140143856406212
-0.011125878430903 -0.00852475874125957 -0.0159787982702255 -0.0122509282082319 -0.00911898724734783 -0.00831182021647692 -0.0124236382544041 0.00329046533443034 0.0180008877068758 0.023722929880023 0.0274404920637608 0.0204579923301935 0.0170977041125298 0.025057815015316 0.00908511411398649 -0.00470606796443462 -0.0104773743078113 -0.0135752540081739 0.0242003239691257 0.0337449610233307 0.0129684386774898 -0.00050419446779415 -0.00693368166685104 -0.00967193488031626 -0.0109222456812859 -0.0148387169465423 -0.0166636407375336 -0.0126088932156563 -0.0155244953930378 -0.0240401234477758 -0.0234191678464413 -0.0141393803060055 -0.0121515309438109 -0.000450358988018706 -0.00209547742269933 -0.00342404027469456 -0.0068960920907557 -0.0113504929468036 -0.00598528888076544 -0.00280632567591965 -0.00122043304145336 0.00325614330358803 0.00105248275212944 0.0086266677826643
-0.0115635478869081 -0.00869283825159073 -0.0133107602596283 -0.00899611227214336 -0.0104629006236792 -0.0174124352633953 -0.00764836091548204 -0.00657467171549797 -0.00236503663472831 -0.00224511092528701 -0.0189961213618517 -0.0211695805191994 -0.0250773653388023 -0.0184467434883118 0.000299488805467263 0.00569108221679926 -0.00959185697138309 -0.00428722472861409 -0.00890124309808016 0.00123552419245243 -0.00858344696462154 -0.00172099377959967 -0.00760761741548777 -0.0102319400757551 -0.00796206016093493 -0.00783005449920893 -0.0065037440508604 -0.0133956978097558 -0.0117924986407161 -0.0211571585386992 -0.0250120367854834 -0.0178090911358595 -0.0151916481554508 -0.00816631596535444 0.000371890084352344 -0.00444771675392985 -0.00761075131595135 -0.011186670511961 -0.00366624072194099 -0.00285424594767392 -0.00579541968181729 -0.00525115476921201 -0.000887031375896186 0.00410565640777349
-0.0227827671915293 -0.0169059615582228 -0.00678755715489388 -0.00275471294298768 -0.0101287458091974 -0.00794139225035906 -0.00977455638349056 -0.00776340300217271 -0.0120181255042553 -0.0137383863329887 -0.0167214386165142 -0.0196553282439709 -0.0212191380560398 -0.0145179098471999 -0.00419329386204481 -0.00455875042825937 0.00508405966684222 -0.000383895123377442 -0.0125129874795675 -0.0117740510031581 0.0023972736671567 0.00158616760745645 -0.000497139757499099 -0.00426079332828522 -0.00783449970185757 -0.0105011193081737 -0.00447093648836017 -0.0115452855825424 -0.0166592504829168 -0.0184751525521278 -0.0185614377260208 -0.0147768137976527 -0.0105544440448284 -0.0090436078608036 -0.0055542690679431 -0.0088658956810832 -0.00613927468657494 -0.00433157337829471 -0.00927842501550913 -0.0101551031693816 -0.0153694488108158 -0.00749224796891212 -0.00386819429695606 0.00790812633931637
-0.0210803169757128 -0.0118959797546268 -0.00556593667715788 -0.00578092504292727 -0.0100741200149059 -0.0135426865890622 -0.0166582688689232 -0.0204473603516817 -0.0144004561007023 -0.0210922956466675 -0.0174302197992802 -0.0187618397176266 -0.0165200643241405 -0.0142016485333443 -0.0131266610696912 -0.00838317628949881 -0.00271331379190087 0.00146225630305707 -0.0047577666118741 -0.0143977040424943 -0.00300116091966629 0.000432089087553322 0.0096259256824851 0.00659705558791757 0.000703344470821321 0.00356370024383068 -0.0174367073923349 -0.017067015171051 -0.0178433060646057 -0.0139550939202309 -0.0134201645851135 -0.0145121980458498 -0.0131762679666281 -0.012209421955049 -0.00845110788941383 -0.00449842354282737 -0.0031095955055207 -0.00727813551202416 -0.0164782125502825 -0.00778139010071754 -0.00622440362349153 -0.00298565742559731 0.000342428276780993 0.00558649143204093
-0.0215553902089596 -0.0110052721574903 -0.00741015234962106 -0.00799002964049578 -0.0093526067212224 -0.0136103359982371 -0.019131263718009 -0.0184708461165428 -0.0109114218503237 -0.0224481206387281 -0.0231050364673138 -0.0190452039241791 -0.0179239623248577 -0.0120328217744827 -0.00891353935003281 -0.0114470319822431 -0.00481114070862532 -0.000321382365655154 -0.00368194584734738 -0.00628107320517302 -0.0212137755006552 -0.0129515808075666 -0.00171328405849636 0.0111990077421069 0.016481950879097 0.0111000929027796 -0.00741153722628951 -0.00970637984573841 -0.0145279737189412 -0.011012458242476 -0.00903362315148115 -0.0104408711194992 -0.0101754581555724 -0.00967334769666195 -0.0146948490291834 -0.00798763334751129 -0.00483385380357504 -0.0141767617315054 -0.0127356564626098 -0.00521090580150485 -0.00427955854684114 -0.00649801921099424 -0.00346098328009248 -0.000833504775073379
-0.0062056272290647 -0.00383761362172663 -0.00415192730724812 -0.00828060507774353 -0.015018374659121 -0.00955982320010662 -0.0134732574224472 -0.0229481570422649 -0.0266928412020206 -0.0250510349869728 -0.0231666881591082 -0.015485324896872 -0.0161579195410013 -0.0146097345277667 -0.010616390965879 -0.00941548310220242 -0.0120596010237932 -0.000400005868868902 -0.0038854843005538 -0.00613882578909397 -0.00900557916611433 -0.00175813247915357 0.0006424953462556 0.00843722093850374 0.0152602223679423 0.00808012206107378 0.00331185222603381 0.00298186717554927 0.00659544859081507 -0.00423212954774499 -0.00862863194197416 -0.00584248593077064 -0.0122846141457558 -0.0124378642067313 -0.00612561963498592 -0.00353373331017792 -0.00550503237172961 -0.0105678411200643 -0.00833797268569469 -0.00818696338683367 -0.00436598295345902 -0.00357574038207531 -0.00317372777499259 0.00137908873148263
-0.00983680132776499 -0.0108497859910131 -0.0115134455263615 -0.0147539461031556 -0.0127933844923973 -0.0131381405517459 -0.0179762933403254 -0.0173009019345045 -0.0282209385186434 -0.0286329612135887 -0.0222554299980402 -0.018720306456089 -0.0130517557263374 -0.0111964987590909 -0.0124703589826822 -0.00872126687318087 -0.00654695695266128 -0.00575142214074731 0.00268464488908648 0.000875667901709676 -0.00417321920394897 0.0050066439434886 -0.00166786462068558 0.00175184197723866 0.00392010947689414 0.0054575395770371 0.0100262705236673 0.00373591925017536 -0.00274120061658323 -0.0101296789944172 -0.00425854232162237 -0.00623191706836224 -0.00822451058775187 -0.00711305858567357 -0.00122525170445442 0.00347032118588686 -0.00438824621960521 -0.0112090818583965 -0.0144153377041221 -0.00944130029529333 -0.00012016777327517 0.00440396694466472 0.00222683744505048 0.00378447538241744
-0.00681230239570141 -0.00517060700803995 -0.00880573317408562 -0.0135555937886238 -0.0107813375070691 -0.0136478710919619 -0.0154389096423984 -0.0221134703606367 -0.0258588828146458 -0.0185949169099331 -0.0208489131182432 -0.0168551374226809 -0.0136729208752513 -0.00678685866296291 -0.007924510166049 -0.0114230187609792 -0.00973398052155972 -0.00421212706714869 -0.00583211937919259 -0.00452100019901991 -0.002844397444278 -0.0127571141347289 -0.0224348194897175 -0.00493744341656566 0.0062969708815217 0.00466901529580355 0.0050072823651135 0.0027336108032614 -0.000926312641240656 -0.00572013389319181 -0.00728887552395463 -0.00990279484540224 -0.00807815603911877 -0.00524339266121387 -0.00713042169809341 -0.0004248310578987 -0.00256743934005499 -0.00868491549044847 -0.0122109185904264 -0.0093308798968792 -0.00825101230293512 -0.00413150200620294 -0.00517150899395347 0.00410694908350706
-0.00720106065273285 -0.0081733800470829 -0.0106988726183772 -0.00772900972515345 -0.00819080509245396 -0.0162162855267525 -0.0206106696277857 -0.0253150667995214 -0.0289347171783447 -0.0275739524513483 -0.0261366609483957 -0.0134997153654695 -0.0113775376230478 -0.00988313741981983 -0.00377600453794003 -0.00892443303018808 -0.00483160838484764 -0.0025935280136764 -0.00909935589879751 -0.00511717144399881 -0.00753283314406872 -0.0315276347100735 -0.0269469637423754 -0.0103665674105287 0.00784526765346527 0.00371376215480268 0.00350136682391167 0.00359436054714024 -5.79703737457749e-05 -0.00726810051128268 -0.00657034106552601 -0.00841251295059919 -0.0111590074375272 -0.00923137553036213 -0.00888339523226023 -0.00623722234740853 -0.00300589832477272 -0.0105804447084665 -0.00661619938910007 -0.00757613684982061 -0.0227170195430517 -0.021327767521143 -0.0129663869738579 -0.00397315574809909
-0.00920997373759747 -0.0101892938837409 -0.0116532631218433 -0.0142133133485913 -0.0152623541653156 -0.0183694493025541 -0.0182941053062677 -0.0204742308706045 -0.0217015072703362 -0.0246758684515953 -0.0247633159160614 -0.0239196382462978 -0.0162713825702667 -0.010756092146039 -0.00360189587809145 -0.00500504160299897 -0.0101027796044946 -0.00389393232762814 -0.00546026788651943 -0.00346989184617996 -0.00756237981840968 -0.0193465352058411 -0.00126231880858541 -0.0160103216767311 -0.000885625428054482 0.0031854088883847 0.0030477405525744 0.00399609515443444 0.00259074615314603 -0.00626238528639078 -0.0175167676061392 -0.0145898042246699 -0.0103299738839269 0.00274113658815622 -0.0077475281432271 -0.00908844638615847 0.00337255699560046 0.0105896834284067 0.00880050472915173 0.0020690611563623 -0.00340526015497744 -0.0147315990179777 -0.0428978763520718 -0.0390904545783997
-0.00631024176254869 -0.01212203130126 -0.00990756135433912 -0.00738887954503298 -0.0112271010875702 -0.0156959183514118 -0.0194617882370949 -0.0219790153205395 -0.0169906225055456 -0.0202344246208668 -0.0236648675054312 -0.019684674218297 -0.00847020652145147 -0.00756881339475513 -0.00406589219346642 0.00542519986629486 -0.00104667898267508 -0.00363565888255835 -0.0100752487778664 -0.00567673146724701 -0.00710016442462802 -2.57136962318327e-05 -0.000897412479389459 -0.00864666979759932 -0.00506797712296247 0.00438836775720119 0.00248544849455357 0.00397423235699534 0.00122025585733354 -0.0029896660707891 0.00344021059572697 0.00290901842527092 0.0175291392952204 0.0257015936076641 0.0124684721231461 -0.000457284128060564 0.00442360108718276 0.00577642908319831 0.00683731865137815 0.00129629380535334 -0.00171253830194473 -0.0119093703106046 -0.0101033747196198 -0.00790170580148697
-0.0130227860063314 -0.0108817256987095 -0.00290349451825023 -0.00350367673672736 -0.00483059883117676 -0.0123678259551525 -0.0142117952927947 -0.0178387239575386 -0.0188554059714079 -0.0173884090036154 -0.0175338163971901 -0.00611496018245816 -0.00259813480079174 -0.00701544433832169 -0.0034052743576467 0.00511272717267275 -0.000389588589314371 -0.00354929151944816 -0.00323132611811161 0.00459653558209538 0.00737529620528221 5.3409232350532e-05 -0.00822271313518286 -0.0189065132290125 -0.0172102954238653 -0.00378422788344324 0.00935757905244827 0.0126589937135577 0.0148966228589416 0.0125916162505746 0.00739651173353195 -0.000476905901450664 0.0184636563062668 0.0219951327890158 0.00264821737073362 -0.00354951550252736 0.0123218176886439 0.00920922588557005 0.016593411564827 0.012598667293787 0.0120353894308209 0.0137711735442281 0.0112700220197439 0.0107103204354644
-0.00770567078143358 -0.00675545679405332 -0.00583998672664165 0.0015262218657881 0.00151877303142101 -0.00844946410506964 -0.0141536900773644 -0.0159187652170658 -0.0179806035012007 -0.0203174892812967 -0.0141741465777159 -0.0116208521649241 -0.00496046617627144 -0.00898629706352949 -0.00403816159814596 -0.00607164157554507 -0.0027481981087476 -0.000100239958555903 -0.00430135428905487 -0.00540180690586567 -0.0133379139006138 -0.0113734714686871 -0.00888804253190756 -0.0179770607501268 -0.0136024178937078 -0.0152145968750119 -0.00030248990515247 0.0188014712184668 0.0268447585403919 0.0263783391565084 0.0109835173934698 0.00739117525517941 0.00203423132188618 -0.00699314242228866 0.00493862526491284 0.0115119051188231 0.00800743792206049 0.013685435988009 0.0147722829133272 0.0150040155276656 0.013143464922905 0.0180946253240108 0.0228295680135489 -0.00691129779443145
-0.00829238072037697 -0.00715945661067963 -0.00472192047163844 -0.0013297030236572 0.0017590451752767 -0.00870081596076488 -0.0130619825795293 -0.0157945100218058 -0.0189561247825623 -0.0157975684851408 -0.0170732568949461 -0.0136351427063346 -0.00781767442822456 -0.00764707569032907 -0.00876187533140182 -0.00444729346781969 -0.00287113385275006 -0.00386477378197014 -0.0098684374243021 -0.00435316283255816 -0.00657997652888298 -0.00279031321406364 -0.0134915243834257 -0.0166006740182638 -0.0150905568152666 0.00567455030977726 -0.000332680705469102 0.0232159551233053 0.0284924786537886 0.0160844027996063 0.00383872329257429 0.00356518197804689 -0.00762381218373775 -0.00876180455088615 -3.4e+38 0.0135669056326151 0.0160190109163523 0.0237272642552853 0.0289920978248119 0.0219695903360844 0.0242868587374687 0.0250900033861399 0.0209938604384661 0.0180708114057779
-0.0180378239601851 -0.0112643111497164 -0.00566521612927318 -0.00297570740804076 -0.00360336783342063 -0.0152446143329144 -0.00856634415686131 -0.0049417088739574 -0.00970192346721888 -0.0135084986686707 -0.0102792326360941 -0.0133196013048291 -0.0111319208517671 -0.0105515867471695 -0.00394581351429224 -0.00493778334930539 0.00206902087666094 0.00150157185271382 -0.0110398605465889 -0.00868380442261696 -0.00303905084729195 -0.00641980301588774 -0.0250792969018221 -0.0156821645796299 -0.0102404002100229 -0.00534220226109028 0.00565456552430987 0.015026175417006 0.00958385970443487 0.0085217971354723 0.00297597656026483 -0.00418348563835025 -0.00579043990001082 -0.00441955355927348 0.01149957254529 0.0371221601963043 -0.0115325106307864 0.0500386282801628 0.0219441801309586 0.0197881776839495 0.0136450352147222 0.0298812426626682 0.0186622627079487 0.0177031476050615
-0.0198772922158241 -0.0134371547028422 -0.00785853154957294 -0.00120909011457115 -0.00245898705907166 -0.0113913016393781 -0.00533441547304392 -0.00517427688464522 0.00483653647825122 0.000583943212404847 -0.00634216098114848 -0.00951718911528587 -0.00916679389774799 -0.00789880566298962 -0.00504924403503537 -0.00939907133579254 -0.00206486484967172 0.000556525075808167 -0.00069041975075379 -0.00733932759612799 -0.0051807751879096 -0.00934270676225424 -0.0169986728578806 -0.0145966429263353 -0.00713641988113523 -0.00586904585361481 -0.0181607007980347 -0.0252159833908081 0.00963697861880064 0.0416094362735748 0.000912593910470605 -0.00184778834227473 -0.00715621607378125 0.00041336816502735 0.025622546672821 -0.00995645672082901 0.0294725298881531 0.0311547368764877 0.013823002576828 0.0154392616823316 0.00157787930220366 0.0177610218524933 0.0209752172231674 0.0142146246507764
-0.0286498330533504 -0.0187262184917927 -0.00487244734540582 0.00156891392543912 -0.00231095729395747 0.000234388673561625 -0.00529208686202765 -0.00023946505098138 0.00140345573890954 0.00267851003445685 -0.00190978671889752 -0.00981793366372585 -0.0101226195693016 -0.00837078038603067 -0.00634329160675406 -0.00669244071468711 -0.00178107421379536 0.00765912886708975 0.010258867405355 0.00798055063933134 0.00258569768629968 -0.00272161513566971 -0.00730134826153517 -0.0261700600385666 -0.0123141184449196 -0.00395954586565495 -0.0277247410267591 -3.4e+38 -3.4e+38 0.0539073571562767 -0.0296607837080956 -3.4e+38 -3.4e+38 -0.00611645122990012 0.0139449071139097 0.0192401167005301 0.0199468582868576 0.0206401199102402 0.0300197601318359 0.0195412915199995 0.0162662286311388 0.0231078453361988 0.0172246638685465 0.00446662632748485
-0.020072428509593 -0.0103505197912455 -0.0034787857439369 0.00399782927706838 0.000623430125415325 -0.000440148141933605 -0.00557420356199145 0.00151294458191842 0.00985421054065228 0.000239420056459494 -0.00299882586114109 -0.00978614948689938 -0.0123007874935865 -0.0103934034705162 -0.0146895693615079 -0.00606613792479038 -0.00245200213976204 0.0039979200810194 0.0121476761996746 0.00313773099333048 -0.0189610607922077 0.0257811695337296 -0.0300670545548201 -0.0208862889558077 -0.0100321630015969 0.0018356159562245 0.0111389132216573 0.012814661487937 0.0246186200529337 0.0409170836210251 0.0283562503755093 0.0061795855872333 0.0165122877806425 -0.00316743599250913 -0.000737171736545861 0.0180079601705074 0.0159404296427965 0.0126989763230085 0.0170063152909279 0.0170970354229212 0.00351483607664704 0.0248622503131628 0.00488425046205521 0.024638619273901
