Ecospace-environmental-drivers/Outputs/ASCII-for-ecospace/Cfl/Cfl_X2012.06.asc
NCOLS 131 
NROWS 53 
XLLCORNER -98 
YLLCORNER 23.9265270233154 
CELLSIZE 0.133587792515755 
NODATA_value -3.4e+38 
[rows 0 to 19 of 53, columns 45 to 89 of 131]
-3.4e+38 -3.4e+38 -3.4e+38 -3.4e+38 -3.4e+38 -3.4e+38 -3.4e+38 -3.4e+38 -3.4e+38 -3.4e+38 -3.4e+38 -3.4e+38 -3.4e+38 -3.4e+38 -3.4e+38 -3.4e+38 -3.4e+38 -3.4e+38 -3.4e+38 -3.4e+38 -3.4e+38 -3.4e+38 -3.4e+38 -3.4e+38 -3.4e+38 -3.4e+38 -3.4e+38 -3.4e+38 -3.4e+38 -3.4e+38 -3.4e+38 -3.4e+38 -3.4e+38 -3.4e+38 -3.4e+38 -3.4e+38 -3.4e+38 -3.4e+38 -3.4e+38 -3.4e+38 -3.4e+38 -3.4e+38 -3.4e+38 -3.4e+38 -3.4e+38
-3.4e+38 -3.4e+38 -3.4e+38 -3.4e+38 -3.4e+38 -3.4e+38 -3.4e+38 -3.4e+38 -3.4e+38 -3.4e+38 -3.4e+38 -3.4e+38 -3.4e+38 -3.4e+38 -3.4e+38 -3.4e+38 -3.4e+38 -3.4e+38 -3.4e+38 -3.4e+38 -3.4e+38 -3.4e+38 -3.4e+38 -3.4e+38 -3.4e+38 -3.4e+38 -3.4e+38 -3.4e+38 -3.4e+38 -3.4e+38 -3.4e+38 -3.4e+38 -3.4e+38 -3.4e+38 -3.4e+38 -3.4e+38 -3.4e+38 -3.4e+38 -3.4e+38 -3.4e+38 -3.4e+38 -3.4e+38 -3.4e+38 -3.4e+38 -3.4e+38
-3.4e+38 -3.4e+38 -3.4e+38 -3.4e+38 -3.4e+38 -3.4e+38 -3.4e+38 -3.4e+38 -3.4e+38 -3.4e+38 -3.4e+38 -3.4e+38 -3.4e+38 -3.4e+38 -3.4e+38 -3.4e+38 -3.4e+38 -3.4e+38 -3.4e+38 -3.4e+38 -3.4e+38 -3.4e+38 -3.4e+38 -3.4e+38 -3.4e+38 -3.4e+38 -3.4e+38 -3.4e+38 -3.4e+38 -3.4e+38 -3.4e+38 -3.4e+38 -3.4e+38 -3.4e+38 -3.4e+38 -3.4e+38 -3.4e+38 -3.4e+38 -3.4e+38 -3.4e+38 -3.4e+38 -3.4e+38 -3.4e+38 -3.4e+38 -3.4e+38
-3.4e+38 -3.4e+38 -3.4e+38 -3.4e+38 -3.4e+38 -3.4e+38 -3.4e+38 -3.4e+38 -3.4e+38 -3.4e+38 -3.4e+38 -3.4e+38 -3.4e+38 -3.4e+38 -3.4e+38 -3.4e+38 -3.4e+38 -3.4e+38 -3.4e+38 -3.4e+38 -3.4e+38 -3.4e+38 -3.4e+38 -3.4e+38 -3.4e+38 -3.4e+38 -3.4e+38 -3.4e+38 -3.4e+38 -3.4e+38 -3.4e+38 -3.4e+38 -3.4e+38 -3.4e+38 -3.4e+38 -3.4e+38 -3.4e+38 -3.4e+38 -3.4e+38 -3.4e+38 -3.4e+38 -3.4e+38 -3.4e+38 -3.4e+38 -3.4e+38
-3.4e+38 -3.4e+38 -3.4e+38 -3.4e+38 -3.4e+38 -3.4e+38 -3.4e+38 -3.4e+38 -3.4e+38 -3.4e+38 -3.4e+38 -3.4e+38 -3.4e+38 -3.4e+38 -3.4e+38 -3.4e+38 -3.4e+38 -3.4e+38 -3.4e+38 -3.4e+38 -3.4e+38 -3.4e+38 0.5293328166008 0.444871008396149 -3.4e+38 -3.4e+38 -3.4e+38 -3.4e+38 -3.4e+38 0.254842817783356 0.198251977562904 -3.4e+38 -3.4e+38 -3.4e+38 -3.4e+38 -3.4e+38 -3.4e+38 -3.4e+38 0.0113549996167421 0 0.00344855920411646 0.0441563054919243 -3.4e+38 -3.4e+38 -3.4e+38
-3.4e+38 -3.4e+38 -3.4e+38 -3.4e+38 -3.4e+38 -3.4e+38 -3.4e+38 -3.4e+38 -3.4e+38 -3.4e+38 -3.4e+38 0.140387654304504 0.290098518133163 0.189788609743118 0.187334597110748 -3.4e+38 -3.4e+38 -3.4e+38 -3.4e+38 -3.4e+38 0.179102033376694 0.309349894523621 0.305909276008606 0.301459133625031 0.292996346950531 0.423392176628113 0.303715020418167 0.264427334070206 0.271061062812805 0.266349285840988 0.178459689021111 0.161377534270287 0.0889705941081047 0.142669945955276 0.0265807751566172 0.0302402023226023 0.0214961860328913 0.00477237440645695 0.00407173437997699 0.00231526931747794 0.00559691805392504 0.00918389204889536 0.0058603105135262 0.00372636737301946 0.000934937270358205
-3.4e+38 -3.4e+38 -3.4e+38 -3.4e+38 -3.4e+38 -3.4e+38 -3.4e+38 -3.4e+38 -3.4e+38 -3.4e+38 -3.4e+38 0.0719003900885582 0.430309474468231 0.367387175559998 0.310971140861511 0.241839736700058 -3.4e+38 0.326902329921722 0.155477032065392 0.14819210767746 0.278365880250931 0.275229066610336 0.26087361574173 0.207338973879814 0.208824172616005 0.157097518444061 0.145894303917885 0.151919484138489 0.144537001848221 0.17526650428772 0.0954584628343582 0.057876493781805 0.0395174734294415 0.018869124352932 0.0183670781552792 0.0273664444684982 0.00901322532445192 0.00522727100178599 0.00276508810929954 0.00451840134337544 0.00686600850895047 0.00764951575547457 0.0103949345648289 0.00594592234119773 0.00743256229907274
-3.4e+38 -3.4e+38 -3.4e+38 -3.4e+38 -3.4e+38 -3.4e+38 -3.4e+38 -3.4e+38 -3.4e+38 -3.4e+38 -3.4e+38 -3.4e+38 -3.4e+38 0.687918066978455 0.263825058937073 -3.4e+38 0.401932001113892 0.257249414920807 0.150336414575577 0.125389188528061 0.246777698397636 0.383120864629745 0.377879351377487 0.379247486591339 0.248079925775528 0.156635165214539 0.09272151440382 0.0421508103609085 0.0403317920863628 0.0545501969754696 0.051567118614912 0.0442823432385921 0.0245303548872471 0.0150437345728278 0.0117061277851462 0.0106501579284668 0.0065669035539031 0.00611564749851823 0.00700550945475698 0.0117937028408051 0.0103206653147936 0.00509703531861305 0.0083013316616416 0.0102690942585468 0.00985066127032042
-3.4e+38 -3.4e+38 -3.4e+38 -3.4e+38 -3.4e+38 -3.4e+38 -3.4e+38 -3.4e+38 -3.4e+38 -3.4e+38 -3.4e+38 -3.4e+38 -3.4e+38 -3.4e+38 -3.4e+38 -3.4e+38 -3.4e+38 0.258960008621216 -3.4e+38 -3.4e+38 0.314214050769806 0.421191424131393 0.437091559171677 0.55324375629425 0.357284486293793 0.175954222679138 0.0715806260704994 0.0338963679969311 0.0225239433348179 0.021703477948904 0.0281697753816843 0.0328569859266281 0.0246158801019192 0.0153803629800677 0.00937426928430796 0.00918495748192072 0.0113441301509738 0.015660123899579 0.0156052662059665 0.0121147409081459 0.00917178299278021 0.00762205198407173 0.0124215297400951 0.0146266045048833 0.00272276275791228
0.477363258600235 -3.4e+38 -3.4e+38 -3.4e+38 -3.4e+38 -3.4e+38 -3.4e+38 -3.4e+38 -3.4e+38 -3.4e+38 -3.4e+38 -3.4e+38 0.0838600024580956 0.0286100003868341 -3.4e+38 -3.4e+38 -3.4e+38 -3.4e+38 -3.4e+38 0.355498999357224 0.487101465463638 0.411449193954468 0.418900698423386 0.394688695669174 0.198191866278648 0.0694740787148476 0.0377452448010445 0.0280761439353228 0.0278625078499317 0.0218558609485626 0.0274514351040125 0.0341532938182354 0.0263183414936066 0.0135411862283945 0.0123122250661254 0.0108263092115521 0.0109460465610027 0.0124316085129976 0.0131281865760684 0.0129980025812984 0.0103249233216047 0.0113390432670712 0.0247678160667419 0.0239849835634232 0.0110335983335972
0.606090426445007 -3.4e+38 0.106588751077652 -3.4e+38 -3.4e+38 -3.4e+38 -3.4e+38 -3.4e+38 -3.4e+38 -3.4e+38 -3.4e+38 -3.4e+38 -3.4e+38 -3.4e+38 -3.4e+38 -3.4e+38 -3.4e+38 0.464754909276962 0.45031726360321 0.467135190963745 0.561215698719025 0.463906913995743 0.447282999753952 0.332775115966797 0.126655161380768 0.0598505549132824 0.0362236052751541 0.0304158478975296 0.0252789556980133 0.0145983435213566 0.0115117384120822 0.0206944029778242 0.0133394915610552 0.0134809603914618 0.0137979127466679 0.011695820838213 0.00942277535796165 0.00910353288054466 0.00743260746821761 0.012398025020957 0.0123839620500803 0.011098662391305 0.0203337613493204 0.0247102044522762 0.0227973032742739
0.640610933303833 0.416459381580353 0.21949714422226 0.323511600494385 -3.4e+38 -3.4e+38 -3.4e+38 -3.4e+38 -3.4e+38 -3.4e+38 -3.4e+38 -3.4e+38 -3.4e+38 -3.4e+38 0.160870000720024 0.187687993049622 -3.4e+38 -3.4e+38 0.37553733587265 0.424304932355881 0.527541995048523 0.565255045890808 0.501784563064575 0.299257963895798 0.140390083193779 0.0645294114947319 0.0390098765492439 0.0239706262946129 0.0235027056187391 0.0186522305011749 0.00886920932680368 0.00371807371266186 0.00705713918432593 0.0122459102421999 0.0113089354708791 0.00920259486883879 0.00840193685144186 0.00702389096841216 0.00525479856878519 0.0110741080716252 0.0170618481934071 0.0166320279240608 0.0189328584820032 0.02721375413239 0.032509446144104
0.432099997997284 0.351521849632263 0.221057593822479 0.395374625921249 0.123489521443844 -3.4e+38 -3.4e+38 -3.4e+38 -3.4e+38 -3.4e+38 0.217056661844254 -3.4e+38 -3.4e+38 -3.4e+38 0.190770834684372 0.281235128641129 0.319548159837723 -3.4e+38 -3.4e+38 0.467889994382858 -3.4e+38 0.394406080245972 0.36798632144928 0.251893937587738 0.130961030721664 0.0711970329284668 0.0460989996790886 0.0274617280811071 0.0162974540144205 0.0141214402392507 0.0151218632236123 0.00859933532774448 0.00734568573534489 0.00685511436313391 0.00603573629632592 0.00700500980019569 0.00897323712706566 0.00739398784935474 0.00628059264272451 0.00712525891140103 0.0132419494912028 0.0186305847018957 0.0204116515815258 0.0262102037668228 0.0285908710211515
0.160368859767914 0.247878476977348 0.367623656988144 0.349787682294846 0.29462006688118 0.241278067231178 0.232925727963448 0.287535965442657 -3.4e+38 0.326558232307434 0.274074673652649 0.24881537258625 0.189142256975174 0.457748711109161 0.287101686000824 0.386771112680435 0.386883229017258 0.439842849969864 0.423754155635834 -3.4e+38 -3.4e+38 0.311248570680618 0.315417170524597 0.224312171339989 0.0963657572865486 0.0359531715512276 0.0241708625108004 0.0170187130570412 0.0073609366081655 0.010293117724359 0.0142578054219484 0.00900785624980927 0.00308252917602658 0.00351887871511281 0.00472921738401055 0.00926758628338575 0.0126837473362684 0.0113469325006008 0.00965926889330149 0.00702003482729197 0.0082320012152195 0.00883351173251867 0.0134577201679349 0.0121754528954625 0.0142030948773026
0.0796056687831879 0.135183796286583 0.189613327383995 0.276743799448013 0.288164615631104 0.329915761947632 0.385246306657791 0.408593326807022 0.365605741739273 0.325621157884598 0.356620252132416 0.369504302740097 0.357989072799683 0.394054055213928 0.316788226366043 0.273252099752426 0.242855444550514 0.34715536236763 0.48537865281105 0.490617215633392 0.318715006113052 0.454648852348328 0.353652477264404 0.207999393343925 0.0912368893623352 0.0370131880044937 0.0245474129915237 0.0191606506705284 0.00193929579108953 0.00205206102691591 0.0112040070816875 0.0057031330652535 0.00404152972623706 0.00626536924391985 0.00852290447801352 0.00832171272486448 0.0101196933537722 0.0137702394276857 0.0113641647621989 0.011037721298635 0.00832585711032152 0.00628661271184683 0.0129005052149296 0.0126144597306848 0.00958769675344229
0.0764195173978806 0.0178682152181864 0.0223281178623438 0.0759334862232208 0.218521878123283 0.264719396829605 0.303229689598083 0.375560253858566 0.34598982334137 0.258172422647476 0.230672344565392 0.236932456493378 0.289140850305557 0.349270671606064 0.322681695222855 0.289512604475021 0.288097739219666 0.321260064840317 0.411297231912613 0.643326640129089 0.507017493247986 0.45738285779953 0.366847574710846 0.257763624191284 0.103687979280949 0.0577951334416866 0.0436052642762661 0.0157488565891981 0.00256573827937245 0.00566193042322993 0.00565198203548789 0.0104500520974398 0.00922550354152918 0.00652730884030461 0.0069635733962059 0.00689416145905852 0.00919011142104864 0.010807896964252 0.0094515485689044 0.0085360324010253 0.00729492586106062 0.00865793321281672 0.013074160553515 0.013083259575069 0.0141820488497615
0.0814845338463783 0.0238129198551178 0.0248714536428452 0.0507994629442692 0.165844395756721 0.199677988886833 0.154186829924583 0.217445552349091 0.21874512732029 0.1886897534132 0.17688424885273 0.337409377098083 0.380087077617645 0.343160688877106 0.344997882843018 0.343487501144409 0.336983144283295 0.434992253780365 0.470454305410385 0.38574954867363 0.432617425918579 0.255505472421646 0.221799984574318 0.175436973571777 0.116361603140831 0.0829197764396667 0.0579042620956898 0.0231105722486973 0.00831697974354029 0.00794269051402807 0.00473847473040223 0.00714556314051151 0.0087244650349021 0.00726136937737465 0.00653791427612305 0.00652921479195356 0.00899456720799208 0.0100544579327106 0.0102102933451533 0.0096280537545681 0.00840389356017113 0.00864914990961552 0.0100108617916703 0.0102421939373016 0.00819480326026678
0.0444285124540329 0.0185465905815363 0.0337996892631054 0.0375723168253899 0.0593923479318619 0.086801715195179 0.0699052065610886 0.137257754802704 0.124723203480244 0.22897233068943 0.264733523130417 0.283785790205002 0.346124470233917 0.312232404947281 0.308522552251816 0.357041865587234 0.359248846769333 0.305707424879074 0.218936756253242 0.184971332550049 0.231809034943581 0.12873400747776 0.147490605711937 0.107840716838837 0.118561699986458 0.100895807147026 0.0608899369835854 0.0309213623404503 0.0143896313384175 0.00736030424013734 0.00583737110719085 0.00578511320054531 0.00647151842713356 0.00650694081559777 0.00815528817474842 0.00782901234924793 0.00851854961365461 0.00859455950558186 0.00933559238910675 0.0104254735633731 0.00961473304778337 0.00893930997699499 0.00686538172885776 0.007362294010818 0.00681306049227715
0.0227322485297918 0.0451937913894653 0.0218820236623287 0.0142520377412438 0.0315721295773983 0.0478511489927769 0.0402817502617836 0.0707761496305466 0.106885462999344 0.205361187458038 0.256107479333878 0.144439354538918 0.178256615996361 0.12540565431118 0.08730498701334 0.158323377370834 0.140730246901512 0.049147292971611 0.0784964561462402 0.130357310175896 0.111159697175026 0.0640875250101089 0.0654217302799225 0.0805803686380386 0.0895125567913055 0.104443095624447 0.0650688782334328 0.0216385815292597 0.01269640494138 0.00782468635588884 0.00577543396502733 0.00631330395117402 0.00738671515136957 0.00731661450117826 0.00936710275709629 0.00824618246406317 0.00722024869173765 0.00733720324933529 0.00841580610722303 0.00790243409574032 0.00736122252419591 0.00606563594192266 0.00752193992957473 0.00964828487485647 0.0116894086822867
0.00150641857180744 0.000940179394092411 0.00454419339075685 0.0124199017882347 0.0198509693145752 0.0292750336229801 0.0151906190440059 0.0768725499510765 0.129940629005432 0.161269083619118 0.218824177980423 0.143522247672081 0.122012935578823 0.0494340620934963 0.0227510947734118 0.0142288859933615 0.0103367837145925 0.00763040175661445 0.0116733983159065 0.0205356385558844 0.0231055803596973 0.0127407126128674 0.0225646737962961 0.0483108162879944 0.0710832551121712 0.0924923866987228 0.0777047201991081 0.0457616075873375 0.0171482805162668 0.00689963763579726 0.00657814973965287 0.00527044059708714 0.00605397764593363 0.00696537550538778 0.0093132546171546 0.00940345786511898 0.00794216245412827 0.00764851784333587 0.00904829334467649 0.00955839175730944 0.00896686408668756 0.00870342180132866 0.0092965392395854 0.0128907263278961 0.0136694060638547
