Ecospace-environmental-drivers/Outputs/ASCII-for-ecospace/Cfl/Cfl_X2012.02.asc
NCOLS 131 
NROWS 53 
XLLCORNER -98 
YLLCORNER 23.9265270233154 
CELLSIZE 0.133587792515755 
NODATA_value -3.4e+38 
[rows 20 to 39 of 53, columns 0 to 45 of 131]
-3.4e+38 -3.4e+38 -3.4e+38 -3.4e+38 -3.4e+38 -3.4e+38 -3.4e+38 -3.4e+38 -3.4e+38 -3.4e+38 -3.4e+38 -3.4e+38 -3.4e+38 -3.4e+38 -3.4e+38 -3.4e+38 -3.4e+38 -3.4e+38 -3.4e+38 -3.4e+38 0.127253100275993 0.0633669197559357 0.045090276747942 0.0254981927573681 0.0306424777954817 0.0222944673150778 0.00513661187142134 0.00789080932736397 -3.4e+38 -3.4e+38 0.0380341112613678 0.0326797887682915 0.0156315360218287 0.0398765914142132 -3.4e+38 -3.4e+38 -3.4e+38 -3.4e+38 0.0467819012701511 0.055939543992281 0.0595281794667244 0.0116335777565837 0.00807602796703577 0.0298003237694502 0.0371594242751598 0.0301083512604237
-3.4e+38 -3.4e+38 -3.4e+38 -3.4e+38 -3.4e+38 -3.4e+38 -3.4e+38 -3.4e+38 -3.4e+38 -3.4e+38 -3.4e+38 -3.4e+38 -3.4e+38 -3.4e+38 -3.4e+38 -3.4e+38 -3.4e+38 -3.4e+38 -3.4e+38 -3.4e+38 0.156583353877068 0.0358108878135681 0.036349218338728 0.0335827246308327 0.0162895824760199 0.0174994841217995 -3.4e+38 0.0324461050331593 0.0339006707072258 0.0272033009678125 0.0105670290067792 0.010185050778091 0.00732493074610829 -3.4e+38 -3.4e+38 0.00288341147825122 0 -3.4e+38 0.041723970323801 0.0710460469126701 0.0521080084145069 0.0234516877681017 0.0242795310914516 0.0276176724582911 0.0365398451685905 0.0367702841758728
-3.4e+38 -3.4e+38 -3.4e+38 -3.4e+38 -3.4e+38 -3.4e+38 -3.4e+38 -3.4e+38 -3.4e+38 -3.4e+38 -3.4e+38 -3.4e+38 -3.4e+38 -3.4e+38 -3.4e+38 -3.4e+38 -3.4e+38 -3.4e+38 -3.4e+38 -3.4e+38 -3.4e+38 0.0150659997016191 0.0350518561899662 0.0260458793491125 0.012651770375669 0.0071939998306334 -3.4e+38 -3.4e+38 0.00139981228858232 0.0031529888510704 0.00878053065389395 0.0108629334717989 0.0209265351295471 0.00564501760527492 -3.4e+38 0.0103183779865503 -3.4e+38 -3.4e+38 -3.4e+38 -3.4e+38 0.0251413211226463 0.012220167554915 0.0138624925166368 0.0215463805943727 0.0255870763212442 0.0271750651299953
-3.4e+38 -3.4e+38 -3.4e+38 -3.4e+38 -3.4e+38 -3.4e+38 -3.4e+38 -3.4e+38 -3.4e+38 -3.4e+38 -3.4e+38 -3.4e+38 -3.4e+38 -3.4e+38 -3.4e+38 -3.4e+38 -3.4e+38 -3.4e+38 -3.4e+38 -3.4e+38 -3.4e+38 -3.4e+38 -3.4e+38 0.0194221455603838 0.0140789290890098 -3.4e+38 -3.4e+38 -3.4e+38 0.0102978711947799 0.00634830677881837 0.00915547180920839 0.0132002243772149 -3.4e+38 -3.4e+38 -3.4e+38 -3.4e+38 -3.4e+38 -3.4e+38 -3.4e+38 -3.4e+38 0.0653746351599693 0.0197606049478054 0.0206673834472895 0.0234933588653803 0.0328854247927666 0.0370599627494812
-3.4e+38 -3.4e+38 -3.4e+38 -3.4e+38 -3.4e+38 -3.4e+38 -3.4e+38 -3.4e+38 -3.4e+38 -3.4e+38 -3.4e+38 -3.4e+38 -3.4e+38 -3.4e+38 -3.4e+38 -3.4e+38 -3.4e+38 -3.4e+38 -3.4e+38 -3.4e+38 -3.4e+38 -3.4e+38 -3.4e+38 -3.4e+38 0.00984512735158205 -3.4e+38 -3.4e+38 -3.4e+38 -3.4e+38 -3.4e+38 0.0136668318882585 0.0302802976220846 -3.4e+38 0.0112074669450521 0.00850714184343815 -3.4e+38 -3.4e+38 0.00720498943701386 -3.4e+38 0.0515337735414505 0.0262090098112822 0.0203259587287903 0.0252756923437119 0.0292304493486881 0.0372551791369915 0.0398985594511032
-3.4e+38 -3.4e+38 -3.4e+38 -3.4e+38 -3.4e+38 -3.4e+38 -3.4e+38 -3.4e+38 -3.4e+38 -3.4e+38 -3.4e+38 -3.4e+38 -3.4e+38 -3.4e+38 -3.4e+38 -3.4e+38 -3.4e+38 -3.4e+38 -3.4e+38 -3.4e+38 -3.4e+38 0.0250635091215372 0.0227792728692293 -3.4e+38 -3.4e+38 0.0215559974312782 -3.4e+38 -3.4e+38 -3.4e+38 -3.4e+38 -3.4e+38 -3.4e+38 0.01751215942204 0.0168232843279839 -3.4e+38 -3.4e+38 -3.4e+38 0.0131166176870465 0.0337000451982021 0.0214139632880688 0.0230354983359575 0.0245745833963156 0.0256285890936852 0.0263641439378262 0.0309759974479675 0.0432766862213612
-3.4e+38 -3.4e+38 -3.4e+38 -3.4e+38 -3.4e+38 -3.4e+38 -3.4e+38 -3.4e+38 -3.4e+38 -3.4e+38 -3.4e+38 -3.4e+38 -3.4e+38 -3.4e+38 -3.4e+38 -3.4e+38 -3.4e+38 -3.4e+38 -3.4e+38 -3.4e+38 0.00764297414571047 0.0176611412316561 -3.4e+38 0.00908700004220009 0.0269949994981289 -3.4e+38 -3.4e+38 -3.4e+38 -3.4e+38 -3.4e+38 -3.4e+38 -3.4e+38 0.0772747471928596 0.0265739448368549 -3.4e+38 -3.4e+38 -3.4e+38 0.0102630676701665 0.0159740839153528 0.01954086124897 0.0214110892266035 0.0209671426564455 0.0272382982075214 0.0349417142570019 0.0379564501345158 0.0466222278773785
-3.4e+38 -3.4e+38 -3.4e+38 -3.4e+38 -3.4e+38 -3.4e+38 -3.4e+38 -3.4e+38 -3.4e+38 -3.4e+38 -3.4e+38 -3.4e+38 -3.4e+38 -3.4e+38 -3.4e+38 -3.4e+38 -3.4e+38 0.0993087515234947 0.0979700013995171 0.010355805978179 0.00951581262052059 0.0146508049219847 0.0081394724547863 -3.4e+38 -3.4e+38 0.0103683043271303 0.0156799126416445 0.00265533314086497 0.0011147049954161 0.00177381071262062 0.00239300006069243 -3.4e+38 -3.4e+38 -3.4e+38 0.0124599998816848 0.0146449999883771 0.0160954985767603 0.0114971529692411 0.00909050554037094 0.01662353053689 0.0190814025700092 0.0225915834307671 0.0248619336634874 0.0295004397630692 0.0319294817745686 0.0329456627368927
-339999999999999996128486808808066248288.000000000000000 -3.4e+38 -3.4e+38 -3.4e+38 -3.4e+38 -3.4e+38 -3.4e+38 -3.4e+38 -3.4e+38 -3.4e+38 -3.4e+38 -3.4e+38 -3.4e+38 -3.4e+38 -3.4e+38 -3.4e+38 -3.4e+38 -3.4e+38 -3.4e+38 0.0285085160285234 0.015076101757586 0.0118536734953523 -3.4e+38 -3.4e+38 0.00581486988812685 0.00678788125514984 0.00504791550338268 0.000927074579522014 -3.4e+38 0.0510798469185829 0.0446934327483177 0.0445234440267086 -3.4e+38 0.0555187240242958 0.0518656559288502 0.0197240952402353 0.0340141393244267 0.0143678151071072 0.01879065297544 0.0241764318197966 0.0192535892128944 0.0220123641192913 0.0274624843150377 0.0253120623528957 0.0318650752305984 0.0367890745401382
-3.4e+38 -3.4e+38 -3.4e+38 -3.4e+38 -3.4e+38 -3.4e+38 -3.4e+38 -3.4e+38 -3.4e+38 -3.4e+38 -3.4e+38 -3.4e+38 -3.4e+38 -3.4e+38 -3.4e+38 -3.4e+38 -3.4e+38 -3.4e+38 -3.4e+38 -3.4e+38 0.0331958495080471 0.0173731092363596 0.00734698306769133 0.0070507014170289 0.0101372795179486 0.0105952937155962 0.00958544760942459 0.00390426418744028 0.0500919818878174 0.0425201430916786 0.0424170903861523 0.0344943627715111 -3.4e+38 0.0195286497473717 0.0162638854235411 0.0180934257805347 0.0178308095782995 0.0107680829241872 -3.4e+38 0.0206142086535692 0.0170405972748995 0.0222141295671463 0.0222595222294331 0.024587731808424 0.0414433106780052 0.032791368663311
-3.4e+38 -3.4e+38 -3.4e+38 -3.4e+38 -3.4e+38 -3.4e+38 -3.4e+38 -3.4e+38 -3.4e+38 -3.4e+38 -3.4e+38 -3.4e+38 -3.4e+38 -3.4e+38 -3.4e+38 -3.4e+38 -3.4e+38 -3.4e+38 -3.4e+38 -3.4e+38 -3.4e+38 0.00513665145263076 0.00587588408961892 0.00722492439672351 0.0139315333217382 0.0120378378778696 0.0103813949972391 -3.4e+38 0.0364295914769173 0.0480404570698738 0.0558093637228012 0.032079067081213 0.0363589599728584 0.0215972457081079 0.0171573292464018 0.0155520709231496 0.00694847339764237 0.00824412703514099 0.0555889643728733 0.0299607273191214 0.03162607178092 0.0286276005208492 0.0335630513727665 0.022696889936924 0.0382096283137798 0.031588613986969
-3.4e+38 -3.4e+38 -3.4e+38 -3.4e+38 -3.4e+38 -3.4e+38 -3.4e+38 -3.4e+38 -3.4e+38 -3.4e+38 0.00107432506047189 -3.4e+38 0.102103181183338 -3.4e+38 -3.4e+38 -3.4e+38 -3.4e+38 -3.4e+38 -3.4e+38 -3.4e+38 -3.4e+38 0.00931810028851032 0.00653156777843833 0.00641381833702326 0.0141935022547841 0.0119502479210496 0.01280502602458 0.026340639218688 0.0202176347374916 0.0523122996091843 0.0468060225248337 0.0521498024463654 0.028107974678278 0.0188890900462866 0.0234262403100729 0.0509436503052711 0.00885996036231518 0.0115393521264195 0.0301648080348969 0.0318187586963177 0.0163541082292795 0.0369426757097244 0.0467289686203003 0.0217248871922493 0.0411227568984032 0.0525465495884418
-3.4e+38 -3.4e+38 -3.4e+38 -3.4e+38 -3.4e+38 -3.4e+38 -3.4e+38 -3.4e+38 0.0255366731435061 0.0211161859333515 -3.4e+38 0.150436714291573 0.0760678201913834 0.00556711293756962 0.0104460148140788 0.0105032892897725 -3.4e+38 -3.4e+38 -3.4e+38 -3.4e+38 0.00636166939511895 0.00336528988555074 0.00510904099792242 0.00571124814450741 0.0122256502509117 0.0170892812311649 0.0233333334326744 0.0256732050329447 0.0359074957668781 0.0365668050944805 0.0437669083476067 0.053936418145895 0.039688054472208 0.0224381480365992 0.0173757839947939 0.021544462069869 0.010980848222971 0.00311532290652394 0.0106218662112951 0.0223106537014246 0.0206817109137774 0.0202114433050156 0.0260899998247623 0.0304064601659775 0.0440046265721321 0.0493673644959927
-3.4e+38 -3.4e+38 -3.4e+38 -3.4e+38 -3.4e+38 -3.4e+38 -3.4e+38 0.0687816217541695 0.0343559980392456 -3.4e+38 -3.4e+38 0.118874981999397 0.0306591596454382 0.00708890473470092 0.00776607822626829 0.00439220247790217 0.00176682660821825 -3.4e+38 0.00113481399603188 -3.4e+38 0.00184112624265254 0.00327597092837095 0.00413772324100137 0.00485249701887369 0.0128436954692006 0.0167658980935812 0.0256830099970102 0.0240944586694241 0.0182650592178106 0.0294418763369322 0.0424555353820324 0.0410857684910297 0.0318571366369724 0.0180344302207232 0.0162105113267899 0.0229846481233835 -3.4e+38 0.0129645634442568 0.00738437473773956 0.0385084748268127 0.0246465560048819 0.0221717264503241 0.0239705294370651 0.0332918465137482 0.0428880825638771 0.0560188703238964
-3.4e+38 -3.4e+38 -3.4e+38 -3.4e+38 -3.4e+38 -3.4e+38 -3.4e+38 0.0697067826986313 -3.4e+38 -3.4e+38 -3.4e+38 0.047150582075119 0.00430815806612372 0.00460638152435422 0.00670737307518721 0.00396978529170156 0.00554031832143664 -3.4e+38 0.00842998828738928 0.0554109923541546 0.00101656292099506 0.00490135420113802 0.00293347449041903 -3.4e+38 0.00827333983033895 0.0335317775607109 0.0371525548398495 0.0236410237848759 0.0177286341786385 0.0163258221000433 0.0279244668781757 0.0166468732059002 0.00898957438766956 0.0135331638157368 0.0177919045090675 0.0139132775366306 -3.4e+38 0.0290584303438663 0.00308125535957515 0.020748183131218 0.0231403987854719 0.0230360962450504 0.0313126370310783 0.041352141648531 0.0459422990679741 0.0675676912069321
-3.4e+38 -3.4e+38 -3.4e+38 -3.4e+38 -3.4e+38 -3.4e+38 -3.4e+38 -3.4e+38 -3.4e+38 -3.4e+38 0.117843978106976 0.00973699986934662 0.0065228920429945 0.00687470473349094 0.00488473242148757 0.00416304776445031 0.00639175716787577 -3.4e+38 0.0770493745803833 0.0303334705531597 0.0013804315822199 0.00331352627836168 0.00332405930384994 -3.4e+38 0.00345042208209634 0.0184386186301708 0.0371482670307159 0.0352830663323402 0.0255114138126373 0.0188738834112883 0.0256959982216358 0.00887005403637886 0.00879201199859381 0.0187846515327692 0.0366193242371082 0.0581508614122868 0.0349500924348831 -3.4e+38 0.0288041196763515 0.0178253445774317 0.023726349696517 0.0281948540359735 0.0296949781477451 0.0387992672622204 0.0479929968714714 0.0458754748106003
-3.4e+38 -3.4e+38 -3.4e+38 -3.4e+38 -3.4e+38 -3.4e+38 -3.4e+38 -3.4e+38 -3.4e+38 0.0964132696390152 0.0953451618552208 0.0989589169621468 0.020647868514061 0.0112702902406454 0.00473659485578537 0.010451621375978 0.00589955598115921 -3.4e+38 0.0879220142960548 0.0247499234974384 0.0135729108005762 0.00454015145078301 0.00272752973251045 0.00356470863334835 0.0165536720305681 0.0298430994153023 0.0362131595611572 0.0368628017604351 0.0294931419193745 0.0277637913823128 0.0214691739529371 0.0527214929461479 0.00779344560578465 0.0160677805542946 0.0228250864893198 0.0511044263839722 0.0132850781083107 0.011750690639019 0.00793129950761795 0.0174412224441767 0.0188263189047575 0.0309451632201672 0.0379023626446724 0.0240979176014662 0.0317685604095459 0.0304376725107431
-3.4e+38 -3.4e+38 -3.4e+38 -3.4e+38 -3.4e+38 -3.4e+38 0.104175001382828 0.0587474890053272 0.0750912725925446 0.0767956376075745 0.0592516474425793 0.033938217908144 0.00573502434417605 0.00715879444032907 0.00774177070707083 0.00907559599727392 0.0406799986958504 0.0247929245233536 0.00459910463541746 0.0144772157073021 0.0101399477571249 0.000284231296973303 -3.4e+38 -3.4e+38 -3.4e+38 0.0137637993320823 0.00671463832259178 0.0182389225810766 0.0114034544676542 0.00669129937887192 0.027668246999383 0.0139426495879889 0.00742061156779528 0.0141277462244034 0.0108740879222751 -3.4e+38 0.010463772341609 0.00711984047666192 0.0277157332748175 0.0161951929330826 0.0269121713936329 0.0439039804041386 0.0364252254366875 0.0333514139056206 0.0306381769478321 0.0308735799044371
-3.4e+38 -3.4e+38 -3.4e+38 -3.4e+38 -3.4e+38 -3.4e+38 0.0936814323067665 0.0530265122652054 0.05339465290308 0.0690807998180389 0.0599986612796783 0.00846289750188589 0.00304430397227407 0.0173571165651083 0.00935194361954927 0.00850280281156301 0.0179213080555201 0.0276575144380331 0.0144773628562689 0.00694688223302364 0.0048765572719276 0.000567477894946933 -3.4e+38 -3.4e+38 -3.4e+38 -3.4e+38 0.0232380125671625 0.0115775829181075 0.0190043989568949 0.0271298531442881 0.0150281805545092 0.00066326413070783 0.00883759651333094 0.0101420944556594 0.0147788375616074 -3.4e+38 -3.4e+38 -3.4e+38 0.0129534285515547 0.0122143821790814 0.0169464610517025 -3.4e+38 0.0464593768119812 0.0293429084122181 0.0338350906968117 0.0221469402313232
-3.4e+38 -3.4e+38 -3.4e+38 -3.4e+38 -3.4e+38 -3.4e+38 0.145703300833702 0.103312276303768 0.114300280809402 0.0619685836136341 0.0115995146334171 0.00196097325533628 0.0212270841002464 0.0268631000071764 0.00882245134562254 0.0126967644318938 0.0192678384482861 0.0198280699551105 0.0159252099692822 0.00732829328626394 0.00103591254446656 0.00266858516260982 -3.4e+38 -3.4e+38 -3.4e+38 -3.4e+38 -3.4e+38 0.0188821535557508 0.0072592506185174 0.0351299904286861 0.0228460282087326 0.00956420227885246 0.0105707524344325 0.00755726918578148 -3.4e+38 -3.4e+38 -3.4e+38 -3.4e+38 0.00889758579432964 0.0206436701118946 0.0171278212219477 0.0201534032821655 0.0284599550068378 0.0286529641598463 0.0265319291502237 0.0262050647288561
