Ecospace-environmental-drivers/Outputs/ASCII-for-ecospace/Cfl/Cfl_X2016.09.asc
NCOLS 131 
NROWS 53 
XLLCORNER -98 
YLLCORNER 23.9265270233154 
CELLSIZE 0.133587792515755 
NODATA_value -3.4e+38 
[rows 20 to 39 of 53, columns 45 to 89 of 131]
0.139569044113159 0.193051680922508 0.245356291532516 0.47922483086586 0.515626192092896 0.487543433904648 0.521856486797333 0.480289608240128 0.457095921039581 0.323597013950348 0.387947797775269 0.688646674156189 0.942360162734985 1.24506902694702 1.30944621562958 0.569546461105347 0.441041737794876 0.472099602222443 0.214770540595055 0.22941966354847 0.232410430908203 0.229035347700119 0.209725439548492 0.192949742078781 0.200111478567123 0.168313175439835 0.126637727022171 0.107226178050041 0.105033382773399 0.101105824112892 0.0980599001049995 0.0969271883368492 0.0953348428010941 0.105850785970688 0.124135129153728 0.129501178860664 0.126735761761665 0.132239744067192 0.12398898601532 0.124373182654381 0.13793483376503 0.137628242373466 0.129947915673256 0.130884900689125 0.124445639550686
0.149827122688293 0.175210326910019 0.27539336681366 0.459604412317276 0.503064155578613 0.485017746686935 0.44245782494545 0.339207321405411 0.307501763105392 0.382728755474091 0.346196532249451 0.60140198469162 0.702919542789459 0.949131846427917 0.516854465007782 0.756831586360931 0.660264611244202 0.372230410575867 0.209082037210464 0.234452754259109 0.230448246002197 0.211037561297417 0.183141365647316 0.182527706027031 0.169361546635628 0.167147293686867 0.17928121984005 0.116577334702015 0.103532820940018 0.100305460393429 0.0979456081986427 0.0974200665950775 0.0960368663072586 0.10844661295414 0.111065000295639 0.112694546580315 0.127879843115807 0.131302729249001 0.125452592968941 0.123998261988163 0.133867532014847 0.135107576847076 0.130412951111794 0.127715766429901 0.131868153810501
0.117798238992691 0.168797627091408 0.281669735908508 0.393116891384125 0.399420022964478 0.420594125986099 0.403200507164001 0.33412030339241 0.267610937356949 0.292969346046448 0.242469534277916 0.287128269672394 0.280720382928848 0.473109602928162 0.394167542457581 0.374640703201294 0.470646113157272 0.281647771596909 0.25410208106041 0.241615116596222 0.255464285612106 0.27476567029953 0.224337309598923 0.183163702487946 0.175809726119041 0.219069570302963 0.217651829123497 0.14744770526886 0.129735827445984 0.114614047110081 0.101020775735378 0.0975020453333855 0.10169456154108 0.100539661943913 0.107465781271458 0.118024237453938 0.120566785335541 0.11868691444397 0.109607100486755 0.11798132956028 0.124428324401379 0.128115013241768 0.133096292614937 0.13653202354908 0.130840361118317
0.132280260324478 0.179911628365517 0.250172555446625 0.313775628805161 0.270145416259766 0.28218200802803 0.32917258143425 0.280206590890884 0.23217011988163 0.218740746378899 0.204651266336441 0.240076079964638 0.280203223228455 0.317660480737686 0.316372513771057 0.324063122272491 0.261623382568359 0.245661422610283 0.314610838890076 0.243583962321281 0.266616880893707 0.196928769350052 0.190692692995071 0.219798132777214 0.226778194308281 0.200510039925575 0.202895820140839 0.188124135136604 0.142773523926735 0.116431511938572 0.103584282100201 0.100794591009617 0.104168772697449 0.103261522948742 0.108310930430889 0.109775260090828 0.11678759008646 0.111001364886761 0.100162036716938 0.111909367144108 0.115422762930393 0.126067847013474 0.11891820281744 0.119495958089828 0.127447113394737
0.134201675653458 0.17411994934082 0.227293089032173 0.239033043384552 0.270382016897202 0.233441099524498 0.241808727383614 0.216252744197845 0.245396122336388 0.194787010550499 0.224577784538269 0.282133847475052 0.18950480222702 0.202442169189453 0.224158614873886 0.213588550686836 0.185910314321518 0.213310912251472 0.240641698241234 0.270451843738556 0.253034919500351 0.216193035244942 0.209056302905083 0.249051943421364 0.236098930239677 0.219873040914536 0.213164567947388 0.199598953127861 0.15912501513958 0.140245586633682 0.112955637276173 0.0988216251134872 0.103713117539883 0.10676547139883 0.104321055114269 0.104593776166439 0.103895679116249 0.107668146491051 0.111490458250046 0.108889371156693 0.114207558333874 0.117419250309467 0.112123802304268 0.112505704164505 0.114131532609463
0.0939448326826096 0.14164662361145 0.162043005228043 0.173572525382042 0.205374017357826 0.267246127128601 0.24610747396946 0.238543018698692 0.227327242493629 0.147710427641869 0.201474279165268 0.2152329236269 0.157223269343376 0.213378757238388 0.182209759950638 0.190702140331268 0.238078966736794 0.264317542314529 0.233915507793427 0.237444460391998 0.247848346829414 0.219999998807907 0.201246529817581 0.188822507858276 0.180553749203682 0.182671666145325 0.167629361152649 0.174390852451324 0.186227098107338 0.12409945577383 0.104323573410511 0.0977927595376968 0.101224079728127 0.102123215794563 0.104701407253742 0.106830917298794 0.10749164968729 0.111810974776745 0.107203587889671 0.103054784238338 0.107027538120747 0.10642971098423 0.103158459067345 0.101733520627022 0.104959286749363
0.0893078595399857 0.0869360938668251 0.0977765470743179 0.114975951611996 0.154157444834709 0.24620309472084 0.231457680463791 0.219868004322052 0.18195977807045 0.135638013482094 0.149514839053154 0.177169755101204 0.198572278022766 0.234715193510056 0.2462377846241 0.224218726158142 0.260659396648407 0.258725881576538 0.236467659473419 0.239750772714615 0.2422756254673 0.238628938794136 0.238438755273819 0.223012745380402 0.202948093414307 0.180550098419189 0.168922901153564 0.178348585963249 0.124186612665653 0.125000283122063 0.12735353410244 0.103060163557529 0.0962714403867722 0.100087970495224 0.10504511743784 0.106157124042511 0.10698426514864 0.0999990254640579 0.0998054966330528 0.0991903096437454 0.102402612566948 0.104720517992973 0.100935570895672 0.0978123545646667 0.0989918187260628
0.0864963084459305 0.0871751010417938 0.0856628268957138 0.0906445011496544 0.102851368486881 0.158531978726387 0.17058739066124 0.14897483587265 0.133563682436943 0.125826150178909 0.151851072907448 0.14047534763813 0.157136648893356 0.138470888137817 0.210960283875465 0.207238078117371 0.252586156129837 0.268636286258698 0.26480770111084 0.306369453668594 0.272072017192841 0.236278295516968 0.211635664105415 0.248436138033867 0.223186463117599 0.193899884819984 0.235545992851257 0.195752888917923 0.189866364002228 0.128950953483582 0.107787907123566 0.0957141220569611 0.0966660380363464 0.0979993641376495 0.101834118366241 0.10341040045023 0.0988753736019135 0.0996007844805717 0.102749243378639 0.0999714285135269 0.0981629565358162 0.0968698859214783 0.0935225039720535 0.0941205993294716 0.0903905257582664
0.0876618176698685 0.0869433879852295 0.0847616866230965 0.087009534239769 0.0911712422966957 0.0986426621675491 0.131060361862183 0.0960864424705505 0.0892992913722992 0.0951394438743591 0.117662526667118 0.0982445031404495 0.135641813278198 0.170608773827553 0.241973385214806 0.308458656072617 0.272724837064743 0.256439656019211 0.261893659830093 0.307300567626953 0.269708961248398 0.269544839859009 0.252039670944214 0.225573107600212 0.217421904206276 0.175087660551071 0.238717317581177 0.170051977038383 0.131289556622505 0.134272277355194 0.103210419416428 0.0953517034649849 0.0911770910024643 0.0934159457683563 0.0969115868210793 0.101911321282387 0.103513143956661 0.0975556224584579 0.0976299196481705 0.0970785915851593 0.0937637537717819 0.0924275666475296 0.0928363725543022 0.0931381359696388 0.0941493883728981
0.0995611920952797 0.0926644504070282 0.0922663286328316 0.0956648141145706 0.0848846137523651 0.0928492024540901 0.0876915082335472 0.105935886502266 0.143407121300697 0.140653669834137 0.130738988518715 0.124718561768532 0.136040300130844 0.207781448960304 0.312877327203751 0.299882978200912 0.245782777667046 0.1927649974823 0.165919750928879 0.205709531903267 0.181364566087723 0.237813591957092 0.250453144311905 0.217390224337578 0.15931411087513 0.16198955476284 0.178225457668304 0.189860999584198 0.163227707147598 0.121662504971027 0.104112640023232 0.0939332544803619 0.0929208993911743 0.0967781394720078 0.104905113577843 0.108504451811314 0.0985886305570602 0.096408024430275 0.0976454243063927 0.104486286640167 0.102667801082134 0.100515894591808 0.0979767814278603 0.103446386754513 0.107016399502754
0.0929678305983543 0.0854782983660698 0.0804902315139771 0.0770026445388794 0.0775465741753578 0.0846723765134811 0.0870984867215157 0.102436736226082 0.123914182186127 0.135659590363503 0.134743243455887 0.136113613843918 0.135293260216713 0.20025959610939 0.232521921396255 0.186355337500572 0.156700640916824 0.16068322956562 0.155797928571701 0.136756554245949 0.20181842148304 0.265446960926056 0.260129630565643 0.244642451405525 0.205392584204674 0.194453492760658 0.162529587745667 0.154594898223877 0.120032228529453 0.0915480479598045 0.0930545181035995 0.0974317193031311 0.0959141105413437 0.0958519279956818 0.0996250212192535 0.100327476859093 0.0964186564087868 0.0951496139168739 0.102485597133636 0.109865814447403 0.101147092878819 0.101449377834797 0.0987363681197166 0.103061571717262 0.107911624014378
0.0765797793865204 0.0761468410491943 0.0670678988099098 0.064591147005558 0.0674930736422539 0.0765435993671417 0.0784797593951225 0.0797457471489906 0.0877274945378304 0.174836322665215 0.18107981979847 0.142567038536072 0.197650671005249 0.237629860639572 0.207179307937622 0.187145739793777 0.109701044857502 0.158122509717941 0.191785201430321 0.18349526822567 0.260873913764954 0.250140160322189 0.244157910346985 0.229584276676178 0.214036703109741 0.181281909346581 0.164457947015762 0.167303293943405 0.130701646208763 0.118865266442299 0.103606075048447 0.100271321833134 0.0988696366548538 0.0973546952009201 0.096867099404335 0.0966362804174423 0.0973417311906815 0.101456716656685 0.108985550701618 0.109478250145912 0.106257788836956 0.106831751763821 0.107869394123554 0.108552776277065 0.110353112220764
0.0712014734745026 0.0684452205896378 0.0626470968127251 0.0576656833291054 0.0572322234511375 0.0613756962120533 0.0643557757139206 0.0706921219825745 0.0807391256093979 0.128664135932922 0.159577131271362 0.15784740447998 0.153466731309891 0.190884545445442 0.220523327589035 0.257728457450867 0.176183149218559 0.165387257933617 0.141894221305847 0.161656275391579 0.194708794355392 0.187565937638283 0.206446379423141 0.204995363950729 0.224724069237709 0.200552955269814 0.135377183556557 0.15050858259201 0.161107137799263 0.118944570422173 0.106793291866779 0.0995552241802216 0.100139789283276 0.0955567434430122 0.0997949987649918 0.09907466173172 0.0992744341492653 0.104204379022121 0.11417743563652 0.118295937776566 0.1142383441329 0.114910177886486 0.114115476608276 0.112908102571964 0.107946678996086
0.0624458491802216 0.0645171627402306 0.0498528890311718 0.0453264079988003 0.0430781617760658 0.0471026785671711 0.0560710765421391 0.0642459988594055 0.0682478472590446 0.0918198674917221 0.156800121068954 0.236449629068375 0.1860391497612 0.176599219441414 0.116899937391281 0.134584486484528 0.186297237873077 0.140137612819672 0.111202344298363 0.138686865568161 0.161879450082779 0.209235608577728 0.226741343736649 0.215503424406052 0.204600915312767 0.170645460486412 0.143086060881615 0.157186388969421 0.141005456447601 0.118213273584843 0.118590258061886 0.108415320515633 0.111224316060543 0.0995552390813828 0.102612785995007 0.10237217694521 0.106295138597488 0.108065508306026 0.112154759466648 0.12284679710865 0.119897402822971 0.119544737040997 0.115177653729916 0.113612309098244 0.115497894585133
0.0509061366319656 0.0488713532686234 0.0402675606310368 0.0376989245414734 0.0379494614899158 0.0417426340281963 0.0452172122895718 0.0491347834467888 0.0560537241399288 0.0744660049676895 0.107049614191055 0.173277974128723 0.140287801623344 0.126919120550156 0.142630606889725 0.144695326685905 0.145384222269058 0.159370273351669 0.138475626707077 0.134743615984917 0.152508750557899 0.211606428027153 0.209571838378906 0.210204243659973 0.186500027775764 0.154854461550713 0.138636842370033 0.137123063206673 0.14248625934124 0.112180821597576 0.114898487925529 0.108290173113346 0.101034328341484 0.105856284499168 0.10998310148716 0.105012878775597 0.105793721973896 0.112709008157253 0.121062636375427 0.122178226709366 0.121232576668262 0.12273808568716 0.118108086287975 0.116020381450653 0.117928773164749
0.0343586914241314 0.0360748395323753 0.0353802889585495 0.0346994586288929 0.0366490334272385 0.0376656204462051 0.0398161634802818 0.0408962443470955 0.0458461008965969 0.0533352866768837 0.0676626563072205 0.107009492814541 0.123617671430111 0.0956039577722549 0.111438773572445 0.137967631220818 0.144570365548134 0.154784172773361 0.140797525644302 0.121807068586349 0.137427344918251 0.18092292547226 0.186292335391045 0.18808701634407 0.170259043574333 0.149198278784752 0.147804707288742 0.135838091373444 0.126286506652832 0.106489963829517 0.101740337908268 0.102768868207932 0.101838104426861 0.104694657027721 0.104755342006683 0.103499203920364 0.10956197977066 0.114831246435642 0.117769733071327 0.120986446738243 0.121692426502705 0.117320172488689 0.115044809877872 0.116837076842785 0.119522303342819
0.0297439992427826 0.0311421062797308 0.0332462452352047 0.032927393913269 0.036066509783268 0.0370870158076286 0.039341289550066 0.0399526804685593 0.0429545529186726 0.0486836545169353 0.0596060529351234 0.0747025087475777 0.117095708847046 0.146247714757919 0.151770725846291 0.128632053732872 0.11713770031929 0.161646857857704 0.131587937474251 0.131669670343399 0.129584342241287 0.183089166879654 0.184708952903748 0.171187713742256 0.164731115102768 0.151592016220093 0.128327369689941 0.114631004631519 0.118723072111607 0.0992250517010689 0.114684030413628 0.146202132105827 0.138789176940918 0.107348956167698 0.0950267687439919 0.095548041164875 0.108403593301773 0.116022989153862 0.113912597298622 0.114861644804478 0.116677507758141 0.114317022264004 0.111911900341511 0.110758133232594 0.116586215794086
0.0311560314148664 0.0317867174744606 0.0325056798756123 0.0348002053797245 0.0356565825641155 0.0377857945859432 0.0377286598086357 0.0394471250474453 0.0433136522769928 0.04807473346591 0.0574134066700935 0.0629344657063484 0.0778593868017197 0.120527632534504 0.130849242210388 0.184136405587196 0.129614308476448 0.11183712631464 0.148098364472389 0.155013024806976 0.146166905760765 0.175150349736214 0.199246183037758 0.183228492736816 0.182015553116798 0.158729955554008 0.140776932239532 0.128489091992378 0.116728208959103 0.118507891893387 0.110163852572441 0.120844595134258 0.118789054453373 0.115904346108437 0.0956844091415405 0.0898851007223129 0.0928332731127739 0.106660753488541 0.112522825598717 0.11476182192564 0.109055086970329 0.105561055243015 0.106414169073105 0.107038520276546 0.113285906612873
0.0330102257430553 0.0324009731411934 0.0338558405637741 0.0381310768425465 0.0363386310636997 0.0368980802595615 0.0363787971436977 0.0374455042183399 0.0397236049175262 0.0432689227163792 0.0459868498146534 0.0518933795392513 0.0594119466841221 0.0938126891851425 0.146857395768166 0.149514764547348 0.104511179029942 0.0805611163377762 0.106418766081333 0.115718454122543 0.153456449508667 0.163726985454559 0.191290229558945 0.217610090970993 0.195362478494644 0.155405551195145 0.147295594215393 0.150693088769913 0.145336598157883 0.137696757912636 0.106070183217525 0.103149399161339 0.109804429113865 0.113209910690784 0.100446529686451 0.102783225476742 0.109092205762863 0.11311299353838 0.114825621247292 0.115011416375637 0.112756706774235 0.101284071803093 0.107310011982918 0.110295630991459 0.122554816305637
0.0324495919048786 0.0325544439256191 0.0332329235970974 0.0366942211985588 0.0364928208291531 0.037639394402504 0.0385703966021538 0.0391601026058197 0.0392943993210793 0.0403454303741455 0.0388410575687885 0.0467287823557854 0.051073245704174 0.0533373579382896 0.0846946835517883 0.0734538063406944 0.100280672311783 0.0915826186537743 0.0935494005680084 0.115274615585804 0.153303220868111 0.171835377812386 0.183320432901382 0.194531932473183 0.180312991142273 0.16023388504982 0.156783521175385 0.16140379011631 0.163381114602089 0.171351552009583 0.147341713309288 0.105738863348961 0.105082467198372 0.103513546288013 0.107291258871555 0.112059965729713 0.111833743751049 0.118260376155376 0.116335228085518 0.109698064625263 0.111163057386875 0.107539691030979 0.115874387323856 0.122491829097271 0.130956783890724
