Ecospace-environmental-drivers/Outputs/ASCII-for-ecospace/Cfl/Cfl_X1980_01_avg.asc
NCOLS 131 
NROWS 53 
XLLCORNER -98 
YLLCORNER 23.9265270233154 
CELLSIZE 0.133587792515755 
NODATA_value -9999 
[rows 0 to 19 of 53, columns 45 to 89 of 131]
-9999 -9999 -9999 -9999 -9999 -9999 -9999 -9999 -9999 -9999 -9999 -9999 -9999 -9999 -9999 -9999 -9999 -9999 -9999 -9999 -9999 -9999 -9999 -9999 -9999 -9999 -9999 -9999 -9999 -9999 -9999 -9999 -9999 -9999 -9999 -9999 -9999 -9999 -9999 -9999 -9999 -9999 -9999 -9999 -9999
-9999 -9999 -9999 -9999 -9999 -9999 -9999 -9999 -9999 -9999 -9999 -9999 -9999 -9999 -9999 -9999 -9999 -9999 -9999 -9999 -9999 -9999 -9999 -9999 -9999 -9999 -9999 -9999 -9999 -9999 -9999 -9999 -9999 -9999 -9999 -9999 -9999 -9999 -9999 -9999 -9999 -9999 -9999 -9999 -9999
-9999 -9999 -9999 -9999 -9999 -9999 -9999 -9999 -9999 -9999 -9999 -9999 -9999 -9999 -9999 -9999 -9999 -9999 -9999 -9999 -9999 -9999 -9999 -9999 -9999 -9999 -9999 -9999 -9999 0.879837088286877 0.841382529586554 -9999 -9999 -9999 -9999 -9999 -9999 -9999 -9999 -9999 -9999 -9999 -9999 -9999 -9999
-9999 -9999 -9999 -9999 -9999 -9999 -9999 -9999 -9999 -9999 -9999 -9999 -9999 -9999 -9999 -9999 -9999 -9999 -9999 -9999 -9999 -9999 -9999 -9999 -9999 -9999 -9999 -9999 -9999 0.835324797034264 0.767360173557934 -9999 -9999 -9999 -9999 -9999 0.257224706467241 0.214825603772293 -9999 0.115814598277211 0.0638851225376129 0.265956217592413 0.242706319689751 -9999 -9999
-9999 -9999 -9999 -9999 -9999 -9999 -9999 -9999 -9999 -9999 -9999 0.524839997291565 0.574522502720356 0.389435354620218 0.424549534916878 0.369374990463257 -9999 -9999 -9999 -9999 0.159222307304541 0.233096140623093 0.262566363811493 0.263572781533003 0.288745681444804 0.297972269356251 0.266582299556051 0.251654531061649 0.422875215113163 0.609825330600142 0.438526280038059 0.187423997372389 -9999 -9999 0.172153752297163 0.154017630964518 0.235968677699566 0.148619116470218 0.10354393068701 0.101049903407693 0.104061202332377 0.137563080713153 0.171424684673548 0.141791210323572 -9999
-9999 -9999 -9999 -9999 -9999 -9999 -9999 -9999 -9999 -9999 0.661884347146208 0.6381509522597 0.637125164270401 0.477541293203831 0.380206485837698 0.431112387776375 0.478056480487188 0.727705657482147 0.675917310374124 0.392092310330447 0.300250014662743 0.299896561354399 0.3012316390872 0.285802946984768 0.309996449947357 0.326845990121365 0.279863165318966 0.280557651072741 0.360085171833634 0.494646923616529 0.297674609906971 0.192375004477799 0.15372905023396 0.144008314609528 0.14270012229681 0.126141914725304 0.106409432739019 0.105172501690686 0.104198883101344 0.103211839869618 0.10189505405724 0.0971636658534408 0.091341514326632 0.0840624829754233 0.0841216424480081
-9999 -9999 -9999 -9999 -9999 -9999 -9999 -9999 -9999 -9999 0.272973507642746 0.808663951723199 0.772396425157785 0.710910674929619 0.59502334818244 0.513062192499638 0.503655660152435 0.535160337057379 0.511380177579428 0.365076045691967 0.334392236918211 0.325750138610601 0.305441375076771 0.275989572703838 0.252771411836147 0.260123787075281 0.2581060372293 0.276211227476597 0.331312860548496 0.339099574834108 0.214197070524096 0.164406392350793 0.143325414508581 0.131603299081326 0.120274974033237 0.11890939027071 0.12610970325768 0.128108889237046 0.125782265141606 0.124638950824738 0.135474083200097 0.139550546556711 0.134234577044845 0.115032863244414 0.0982242930680513
-9999 -9999 -9999 -9999 -9999 -9999 -9999 -9999 -9999 -9999 -9999 0.467782601714134 0.666321193942657 0.819488454196188 0.60182418094741 0.470730714996656 0.456878435611725 0.387432926148176 0.342100801318884 0.30665340051055 0.332262942194939 0.343381743133068 0.30770685300231 0.273723512142897 0.241709281504154 0.224440182000399 0.222803646326065 0.228308849781752 0.23678966537118 0.22012654542923 0.182363297790289 0.158595580235124 0.142553601413965 0.129490158706903 0.129053777828813 0.130898704752326 0.132385520264506 0.126202179118991 0.119252317398787 0.1173254519701 0.124668876454234 0.136431287974119 0.142977270111442 0.137142306193709 0.125486682727933
-0.107454118318856 -9999 -9999 -9999 -9999 -9999 -9999 -9999 -9999 -9999 -9999 -9999 -9999 -9999 -9999 -9999 0.07925945520401 0.35862382211619 -9999 0.271224083378911 0.333558594435453 0.336044172942638 0.314343284070492 0.309190375357866 0.253383807092905 0.235613740980625 0.231520801782608 0.221994235366583 0.20787266716361 0.18707219325006 0.165879456698895 0.151223099976778 0.13891180716455 0.134556795284152 0.13940608240664 0.128174137324095 0.122239520773292 0.118140096962452 0.115306345745921 0.111991249769926 0.117346860095859 0.122912562265992 0.136077698692679 0.140670647472143 0.138674348965287
0.193069720586664 -9999 -9999 -9999 -9999 -9999 -9999 -9999 -9999 -9999 -9999 -9999 0.725806206464767 0.64933351178964 -9999 -9999 -9999 0.0781270835297899 0.148397018256433 0.303481066226959 0.352054639160633 0.360105809569359 0.371017692238092 0.331699174642563 0.267436619848013 0.260362926870584 0.249351177364588 0.232609581202269 0.212401257455349 0.190056870505214 0.165516555309296 0.14667227268219 0.140089574456215 0.136499546468258 0.132858565449715 0.12338402159512 0.117755554616451 0.115822700411081 0.112405728176236 0.110629807412624 0.11315540894866 0.119133771210909 0.128031642735004 0.138014289364219 0.144694694504142
0.458200532011688 -0.0793443247675896 0.0105028147972916 -9999 -9999 -9999 -9999 -9999 -9999 -9999 -9999 -9999 0.775759994983673 0.798640032609304 0.22642882168293 -9999 0.0413599982857704 0.256856446460772 0.246548821590841 0.329054342210293 0.376273861527443 0.40927117317915 0.395809118449688 0.329842305928469 0.297743061929941 0.284299439936876 0.257370358705521 0.23760963305831 0.213709151744843 0.188410633429885 0.167747588828206 0.152297173812985 0.142714662477374 0.134866901487112 0.132882947847247 0.126411842182279 0.118862897157669 0.116699609532952 0.114217041432858 0.114819534868002 0.114949586614966 0.117690334096551 0.124371262639761 0.134810863435268 0.144061887264252
0.729474903394779 0.875560912139275 1.0083409845829 1.2887082695961 -9999 -9999 -9999 -9999 -9999 -9999 -9999 -9999 -9999 0.836093425750732 0.213813657872379 0.192052490214872 0.321975843980908 0.0794377028942108 0.381528233364224 0.771268221735954 0.602885672450066 0.45320083796978 0.374346151947975 0.335831146687269 0.304924473911524 0.274460358917713 0.251844249665737 0.226962057501078 0.20913151204586 0.187996562942863 0.162867950648069 0.146820025891066 0.137547119706869 0.133870946243405 0.130934843793511 0.124113423004746 0.118431853875518 0.114324735477567 0.11204936131835 0.11351203545928 0.117224100232124 0.119440331682563 0.121937986090779 0.127814666181803 0.133187173306942
0.505734070390463 0.57164306640625 0.799286238849163 0.858229394588206 0.582595774105617 0.912779986858368 -9999 -9999 -9999 -9999 0.233891211822629 0.236578108840867 0.15742138908668 0.123579869845084 0.201005716083778 0.323218204081059 0.382449664920568 0.516909348964691 0.622075965007146 1.18846660256386 0.993049585819244 0.69513274282217 0.415067718923092 0.324426068365574 0.298419789224863 0.267262718826532 0.248347897827625 0.232877560704947 0.213278093189001 0.184313489124179 0.164977998286486 0.152912290766835 0.143681683763862 0.136220099404454 0.131644938513637 0.127298771962523 0.124845407530665 0.121371754258871 0.115356321632862 0.113851975277066 0.116147790849209 0.116934689134359 0.11897202283144 0.121034210175276 0.125809240713716
0.427178350090981 0.457613269239664 0.496451576054096 0.556193976104259 0.455091920495033 0.356950925290585 0.31253526834771 0.256829467788339 0.218385554286406 0.266203362448141 0.331228320673108 0.349687919020653 0.280921932682395 0.373917685614692 0.387203946709633 0.47342437505722 0.437496572732925 0.489110036194324 0.739917044341564 0.838649556040764 -9999 1.16756992373202 0.699281750619411 0.366715161502361 0.28272010833025 0.243890011310577 0.22134355045855 0.209991105273366 0.193336465954781 0.174369613826275 0.164688170701265 0.158874540403485 0.151133596524596 0.14572966620326 0.129297847673297 0.124823528528214 0.124142199754715 0.119764482602477 0.117377636954188 0.113404469937086 0.110779045522213 0.112621724233031 0.1169513117522 0.118509160354733 0.117313460633159
0.399935615062714 0.426858575642109 0.433018210530281 0.421006953716278 0.424565090239048 0.43248066753149 0.423831494152546 0.368072045594454 0.360352049022913 0.401288808137178 0.459756834805012 0.466780096292496 0.467508380115032 0.470848642289639 0.42292153686285 0.405535672605038 0.406088003516197 0.425941133499146 0.60437532812357 1.03268064480079 0.828175336122513 0.934995293617249 0.652452553808689 0.370519794523716 0.250917425751686 0.200305788964033 0.171578263863921 0.158713896200061 0.150342625752091 0.147688924893737 0.14364475607872 0.14243090339005 0.139718833938241 0.133461457118392 0.124502137675881 0.119854444079101 0.117192365042865 0.11272403113544 0.111946250498295 0.110054322704673 0.106323679536581 0.107230103388429 0.110967352986336 0.114728027582169 0.117420503124595
0.348395677655935 0.37005517333746 0.395594298839569 0.410858634114265 0.425612437725067 0.444342477619648 0.44216879606247 0.429594747722149 0.429192073643208 0.438978819549084 0.429652787744999 0.421091575920582 0.403777651488781 0.38413425013423 0.377976921200752 0.383295528590679 0.407034209370613 0.463742703199387 0.570301420986652 0.700960911810398 0.664490473270416 0.577876637876034 0.383724147826433 0.274220813065767 0.206297379359603 0.167930639535189 0.143805088475347 0.137148785963655 0.13040124475956 0.129532870650291 0.130031289160252 0.129586663842201 0.124078910425305 0.120674780383706 0.119952237047255 0.115674226917326 0.110037194751203 0.107538451626897 0.107905247807503 0.107607343792915 0.10549997985363 0.105408895388246 0.105355841293931 0.108514337614179 0.111572287604213
0.297525256127119 0.323671661317348 0.35073269456625 0.383562052249908 0.421062098443508 0.438220991194248 0.439239211380482 0.41716156899929 0.3878996565938 0.375034587085247 0.372734910994768 0.379651062190533 0.365405268222094 0.354527609050274 0.357232723385096 0.376019352674484 0.404883602261543 0.462040862441063 0.531432081758976 0.438262832164764 0.362328522652388 0.291499451547861 0.236166030541062 0.191980462148786 0.16102099455893 0.140210700035095 0.129375445842743 0.119407212734222 0.113616769388318 0.112877137959003 0.11679650619626 0.114216968789697 0.11383181810379 0.111642475798726 0.108844467625022 0.10582004096359 0.101537082716823 0.103037502244115 0.10548225492239 0.105574711412191 0.10488398540765 0.102095223218203 0.102595977298915 0.105542954988778 0.106364744901657
0.256648120284081 0.289693263173103 0.302837521582842 0.326289440691471 0.361201499402523 0.397252564132214 0.409022516012192 0.387816123664379 0.370837756991386 0.347231090068817 0.35045285820961 0.355149396508932 0.335983874648809 0.304341703653336 0.286946095526218 0.289265686273575 0.286075982823968 0.301705041155219 0.299712072312832 0.278768733143806 0.243472445756197 0.208250384405255 0.179567829333246 0.14881594311446 0.135085361264646 0.119307039678097 0.113983136415482 0.107627239078283 0.102538326382637 0.0996298380196095 0.0995297066867352 0.102056673169136 0.108447883278131 0.106445033475757 0.103542286902666 0.0970006519928575 0.100468455255032 0.100967217609286 0.100867199525237 0.101119232363999 0.101492453180254 0.100506967306137 0.0992123516276479 0.100212527252734 0.10045078555122
0.201623161882162 0.230840875953436 0.245586584508419 0.258642522990704 0.282170569896698 0.305448301881552 0.324240897595882 0.3280751734972 0.32328991740942 0.313052967190742 0.296192060410976 0.286109780520201 0.283725653588772 0.268268682435155 0.230917003378272 0.216489462554455 0.220578009262681 0.222192493826151 0.205667812749743 0.200273856520653 0.177150229737163 0.159160319529474 0.136897373758256 0.126627736538649 0.121726988814771 0.111658606678247 0.108021404966712 0.10248970463872 0.0957418337464333 0.0961778342723846 0.0957128643989563 0.0983885284513235 0.101190807856619 0.100021940842271 0.097529586777091 0.0955704320222139 0.0976010654121637 0.0984386218711734 0.0958441196009517 0.0956776790320873 0.0954510545358062 0.0962971545755863 0.0934507137164474 0.0950529511086643 0.0965434188954532
0.150490931048989 0.175462589412928 0.18988083563745 0.20745351202786 0.218598474189639 0.230328366160393 0.235981414467096 0.250063425302505 0.255228330940008 0.253221054610453 0.254110255092382 0.259329989552498 0.254232130199671 0.216542689874768 0.18944444283843 0.174323745071888 0.176864115893841 0.16954488940537 0.150944772921503 0.138842541724443 0.120727854780853 0.110123181156814 0.110480437241495 0.110281150229275 0.105629579536617 0.101675420068204 0.10239816121757 0.10099753588438 0.0965962328016758 0.0935009408742189 0.093810872733593 0.0938885264098644 0.0939156156033278 0.0954885952174664 0.0927459239959717 0.0927551150321961 0.0920490611344576 0.0914838954806328 0.0909073309972882 0.0904709581285715 0.0894550461322069 0.0890605811029673 0.0924383606761694 0.0935120677575469 0.0957626257091761
