Ecospace-environmental-drivers/Outputs/ASCII-for-ecospace/Cfl/Cfl_X2012.08.asc
NCOLS 131 
NROWS 53 
XLLCORNER -98 
YLLCORNER 23.9265270233154 
CELLSIZE 0.133587792515755 
NODATA_value -3.4e+38 
[rows 20 to 39 of 53, columns 0 to 44 of 131]
-3.4e+38 -3.4e+38 -3.4e+38 -3.4e+38 -3.4e+38 -3.4e+38 -3.4e+38 -3.4e+38 -3.4e+38 10.7164888381958 2.57257294654846 2.14519619941711 1.18136346340179 0.587393939495087 0.376719444990158 0.332845598459244 0.293781191110611 0.225504159927368 0.183149412274361 0.149086073040962 0.137504890561104 0.1323571652174 0.141826525330544 0.15104952454567 0.148516893386841 0.142066434025764 0.122059509158134 0.159984573721886 0.167496219277382 0.208831518888474 0.230896890163422 0.234109163284302 0.228593021631241 0.222093731164932 0.263935536146164 0.330042600631714 0.247467502951622 0.248383149504662 0.315136700868607 0.316553503274918 0.321962714195251 0.297316163778305 0.33652800321579 0.319603502750397 0.341727614402771
-3.4e+38 -3.4e+38 -3.4e+38 -3.4e+38 -3.4e+38 -3.4e+38 -3.4e+38 -3.4e+38 -3.4e+38 2.393070936203 1.31754267215729 0.677674412727356 0.375340282917023 0.241221874952316 0.243911951780319 0.185748249292374 0.158767402172089 0.123943023383617 0.110891036689281 0.112853728234768 0.120683364570141 0.138320982456207 0.136968702077866 0.1517613530159 0.136548146605492 0.133053839206696 0.141509994864464 0.163784265518188 0.17279851436615 0.203545033931732 0.259175300598145 0.235227644443512 0.225985884666443 0.222451850771904 0.253245025873184 0.329633057117462 0.280557155609131 0.313120067119598 0.328320384025574 0.300309926271439 0.326271206140518 0.319669723510742 0.305748283863068 0.310315907001495 0.294222563505173
-3.4e+38 -3.4e+38 -3.4e+38 -3.4e+38 -3.4e+38 -3.4e+38 -3.4e+38 -3.4e+38 1.52560770511627 0.915266036987305 0.474894881248474 0.247951686382294 0.17960612475872 0.147959694266319 0.130463540554047 0.119418323040009 0.112811528146267 0.106758706271648 0.110872305929661 0.116549380123615 0.126008555293083 0.132011249661446 0.14663802087307 0.168273150920868 0.143188044428825 0.137498795986176 0.133579701185226 0.140039384365082 0.181468054652214 0.198792576789856 0.231830880045891 0.260295063257217 0.244590252637863 0.217218801379204 0.245837166905403 0.278576761484146 0.228256955742836 0.228289291262627 0.256564319133759 0.273999184370041 0.282325595617294 0.2906693816185 0.291852176189423 0.285999238491058 0.339512169361115
-3.4e+38 -3.4e+38 -3.4e+38 -3.4e+38 7.293044090271 8.73846244812012 -3.4e+38 1.64894962310791 1.07489824295044 0.419344544410706 0.206773161888123 0.139986932277679 0.114868745207787 0.107661724090576 0.107609063386917 0.108988329768181 0.109098643064499 0.109069921076298 0.114309161901474 0.119871161878109 0.136159181594849 0.140278801321983 0.152506083250046 0.169938668608665 0.15867780148983 0.138593927025795 0.143556371331215 0.145617589354515 0.202585265040398 0.222915261983871 0.267485231161118 0.272030174732208 0.23948572576046 0.235686272382736 0.247457399964333 0.287749171257019 0.215151280164719 0.209331706166267 0.200894206762314 0.207903102040291 0.217115268111229 0.213633090257645 0.199270948767662 0.237299859523773 0.272886753082275
-3.4e+38 -3.4e+38 -3.4e+38 -3.4e+38 -3.4e+38 8.78981018066406 2.02311944961548 0.860178053379059 0.321561425924301 0.212050825357437 0.154393821954727 0.117843121290207 0.106658272445202 0.105765879154205 0.105589888989925 0.105885714292526 0.101464904844761 0.113631948828697 0.123657934367657 0.129924073815346 0.13872916996479 0.141022443771362 0.152145251631737 0.151672542095184 0.165453836321831 0.164127126336098 0.162390515208244 0.166995152831078 0.172411575913429 0.20516000688076 0.236072197556496 0.269811421632767 0.244795352220535 0.217885985970497 0.19153305888176 0.17411932349205 0.149651139974594 0.160174965858459 0.168202802538872 0.185908138751984 0.207151010632515 0.173258036375046 0.182111546397209 0.16945792734623 0.135460212826729
-3.4e+38 -3.4e+38 -3.4e+38 -3.4e+38 -3.4e+38 0.980920314788818 0.922886371612549 0.403914839029312 0.203630074858665 0.15117572247982 0.12278388440609 0.109340839087963 0.10440568625927 0.0977403894066811 0.0978187844157219 0.0985287055373192 0.105973318219185 0.121533624827862 0.136869937181473 0.127220079302788 0.126941576600075 0.15315255522728 0.15063688158989 0.160037383437157 0.181733891367912 0.176513001322746 0.178412079811096 0.170988082885742 0.15018929541111 0.172362342476845 0.211485952138901 0.252954244613647 0.238858342170715 0.184644162654877 0.147814765572548 0.138404741883278 0.134111374616623 0.149391144514084 0.135268822312355 0.125663667917252 0.123451136052608 0.11814983189106 0.106660015881062 0.102626949548721 0.095821850001812
-3.4e+38 -3.4e+38 -3.4e+38 -3.4e+38 -3.4e+38 1.0774894952774 0.522859871387482 0.232214063405991 0.152491942048073 0.124853827059269 0.109689295291901 0.107420563697815 0.0966640338301659 0.0952345579862595 0.0920760482549667 0.0966522768139839 0.103786714375019 0.117496952414513 0.120994634926319 0.118064276874065 0.123968817293644 0.128932386636734 0.13351871073246 0.143568143248558 0.198428213596344 0.193081095814705 0.201867088675499 0.184998482465744 0.160938605666161 0.1877700984478 0.214574813842773 0.21373775601387 0.203353747725487 0.140266790986061 0.12618450820446 0.123251475393772 0.116643019020557 0.115064732730389 0.115641847252846 0.113170474767685 0.109258376061916 0.0995701774954796 0.0960704311728477 0.0962680354714394 0.089905321598053
-3.4e+38 -3.4e+38 -3.4e+38 -3.4e+38 -3.4e+38 0.813525438308716 0.34290674328804 0.179692432284355 0.132592052221298 0.11911679059267 0.110703945159912 0.103940039873123 0.10424368083477 0.101834133267403 0.0982651188969612 0.0997118279337883 0.111642077565193 0.118390925228596 0.121102161705494 0.123550109565258 0.127706974744797 0.126218125224113 0.121927723288536 0.125544339418411 0.138904333114624 0.173156917095184 0.178149789571762 0.198737919330597 0.173613339662552 0.132279828190804 0.159719482064247 0.146575734019279 0.140953615307808 0.12659427523613 0.119026973843575 0.11851641535759 0.111264087259769 0.116139873862267 0.112883128225803 0.109459407627583 0.106637768447399 0.102099813520908 0.0976973325014114 0.0957019478082657 0.0912011563777924
-339999999999999996128486808808066248288.000000000000000 -3.4e+38 -3.4e+38 -3.4e+38 1.0268931388855 0.582740902900696 0.268147557973862 0.150747776031494 0.1263807117939 0.118168160319328 0.108765989542007 0.10338156670332 0.109709970653057 0.107235953211784 0.0998168438673019 0.109488531947136 0.119156785309315 0.127286657691002 0.134688273072243 0.141481071710587 0.147014200687408 0.128758177161217 0.113925412297249 0.107728220522404 0.116882853209972 0.141308411955833 0.14689165353775 0.166710421442986 0.157734990119934 0.122102849185467 0.1218641102314 0.119563028216362 0.117151290178299 0.122371822595596 0.116057887673378 0.116837479174137 0.120183497667313 0.119393087923527 0.11364957690239 0.113715283572674 0.109422005712986 0.106196127831936 0.0941842049360275 0.0903428122401237 0.087407074868679
-3.4e+38 -3.4e+38 -3.4e+38 -3.4e+38 0.877406775951385 0.563625693321228 0.273255497217178 0.153255000710487 0.124129414558411 0.115416072309017 0.104318141937256 0.101775586605072 0.11631616204977 0.119834087789059 0.10923408716917 0.113201729953289 0.122908622026443 0.134508103132248 0.145050287246704 0.148887485265732 0.142244130373001 0.124012500047684 0.117006324231625 0.105164460837841 0.103286512196064 0.127161219716072 0.14599896967411 0.155374810099602 0.145397841930389 0.123377278447151 0.121464088559151 0.116569072008133 0.116741143167019 0.117982633411884 0.128566607832909 0.117741823196411 0.111934095621109 0.113388709723949 0.115511931478977 0.121363274753094 0.124423705041409 0.111815951764584 0.103911511600018 0.0970808491110802 0.0960545465350151
-3.4e+38 -3.4e+38 -3.4e+38 -3.4e+38 0.918411135673523 0.577219665050507 0.241751924157143 0.146645039319992 0.129381224513054 0.117718741297722 0.102525539696217 0.108192153275013 0.113470643758774 0.110215157270432 0.118602067232132 0.123712845146656 0.132142722606659 0.132071435451508 0.142464935779572 0.143895909190178 0.130129754543304 0.117319613695145 0.114767231047153 0.102016925811768 0.100832164287567 0.113748371601105 0.143653839826584 0.149093881249428 0.124865457415581 0.109825260937214 0.11132488399744 0.11550697684288 0.114850424230099 0.119004607200623 0.123344913125038 0.107467293739319 0.107730865478516 0.109033234417439 0.115373842418194 0.123750045895576 0.126022487878799 0.12109612673521 0.112125895917416 0.107096992433071 0.101711221039295
-3.4e+38 -3.4e+38 -3.4e+38 -3.4e+38 -3.4e+38 0.649580836296082 0.238795176148415 0.164617896080017 0.136122658848763 0.122982800006866 0.108182214200497 0.10955448448658 0.105852097272873 0.104176975786686 0.117750130593777 0.123209446668625 0.128207102417946 0.129805058240891 0.142752945423126 0.139838039875031 0.120914667844772 0.120950892567635 0.113909050822258 0.0933609381318092 0.0994830578565598 0.119129054248333 0.137809991836548 0.138005718588829 0.12338101118803 0.115447446703911 0.119265116751194 0.113465987145901 0.119743555784225 0.130701720714569 0.120985232293606 0.111721485853195 0.108637616038322 0.112264052033424 0.129376381635666 0.11925058811903 0.124517530202866 0.127843335270882 0.124800726771355 0.114904701709747 0.119445316493511
-3.4e+38 -3.4e+38 -3.4e+38 -3.4e+38 -3.4e+38 0.802026510238647 0.323343247175217 0.190047338604927 0.156965970993042 0.129643440246582 0.114924393594265 0.10993230342865 0.113603502511978 0.117480620741844 0.121018670499325 0.122742302715778 0.127721145749092 0.139213427901268 0.138953670859337 0.129539176821709 0.119418382644653 0.098152369260788 0.0917474552989006 0.0984629914164543 0.0976940542459488 0.124731853604317 0.139196649193764 0.13237489759922 0.119308263063431 0.125726521015167 0.112689003348351 0.104564271867275 0.117392279207706 0.115691915154457 0.110530003905296 0.122296057641506 0.119618587195873 0.123787753283978 0.125853955745697 0.121316805481911 0.123930491507053 0.127616226673126 0.123944349586964 0.118490435183048 0.119105331599712
-3.4e+38 -3.4e+38 -3.4e+38 -3.4e+38 -3.4e+38 0.954923450946808 0.515059947967529 0.247163653373718 0.173359841108322 0.140342533588409 0.119977593421936 0.110394716262817 0.10684609413147 0.110744304955006 0.119012527167797 0.116219475865364 0.132254347205162 0.151763901114464 0.150093093514442 0.144262254238129 0.145492196083069 0.10342213511467 0.105739630758762 0.109012439846992 0.103862598538399 0.116079747676849 0.124133504927158 0.124197870492935 0.11137056350708 0.116333238780499 0.109567143023014 0.105480767786503 0.113062895834446 0.114251054823399 0.127865076065063 0.137166365981102 0.131985649466515 0.123501166701317 0.126676678657532 0.122977294027805 0.125600725412369 0.12541338801384 0.12389262765646 0.113709092140198 0.115555837750435
-3.4e+38 -3.4e+38 -3.4e+38 -3.4e+38 -3.4e+38 0.825839400291443 0.657989382743835 0.330175042152405 0.19629393517971 0.155447646975517 0.138954728841782 0.129383444786072 0.112957991659641 0.104378432035446 0.106013372540474 0.104673355817795 0.102083057165146 0.111881077289581 0.12455353140831 0.135192438960075 0.163635209202766 0.0938624292612076 0.0924371182918549 0.092421367764473 0.106801360845566 0.116710267961025 0.123861499130726 0.119516775012016 0.104341611266136 0.110278017818928 0.114335641264915 0.118417955935001 0.12446790933609 0.12912455201149 0.134930148720741 0.133713930845261 0.12970232963562 0.124523594975471 0.123853802680969 0.128968864679337 0.126876264810562 0.124700136482716 0.124987721443176 0.120262987911701 0.115459099411964
-3.4e+38 -3.4e+38 -3.4e+38 -3.4e+38 -3.4e+38 -3.4e+38 0.707951843738556 0.359720408916473 0.197424963116646 0.159757405519485 0.146539255976677 0.135938033461571 0.121733248233795 0.113605216145515 0.109109409153461 0.0942680314183235 0.0960016995668411 0.0998412519693375 0.103351287543774 0.0957238003611565 0.0962923243641853 0.0771477594971657 0.105393841862679 0.084579274058342 0.102250210940838 0.113407865166664 0.14293996989727 0.139799579977989 0.120005406439304 0.112360395491123 0.117197938263416 0.118119329214096 0.120951041579247 0.126940116286278 0.123753041028976 0.124017857015133 0.120561987161636 0.116025134921074 0.118227489292622 0.120507396757603 0.122739791870117 0.125321045517921 0.1243911460042 0.120846971869469 0.119799606502056
-3.4e+38 -3.4e+38 -3.4e+38 -3.4e+38 -3.4e+38 -3.4e+38 1.20758497714996 0.375136971473694 0.177966699004173 0.15949335694313 0.146099179983139 0.144521489739418 0.116413950920105 0.108308270573616 0.106822475790977 0.0963749215006828 0.102160513401031 0.0964582413434982 0.0872002616524696 0.0891251936554909 0.086632713675499 0.0814462378621101 0.0817882567644119 0.0808899477124214 0.0965377241373062 0.106390811502934 0.129284650087357 0.125619724392891 0.113500021398067 0.110151641070843 0.116466365754604 0.121775783598423 0.122027277946472 0.126808702945709 0.121288791298866 0.123682253062725 0.126902550458908 0.119171246886253 0.112670049071312 0.120381243526936 0.127941638231277 0.127167776226997 0.12809707224369 0.122197762131691 0.120265856385231
-3.4e+38 -3.4e+38 -3.4e+38 -3.4e+38 -3.4e+38 -3.4e+38 0.551044881343842 0.289914667606354 0.198833078145981 0.162194192409515 0.148336917161942 0.140122517943382 0.123004004359245 0.125867456197739 0.121624663472176 0.0875441133975983 0.0752963870763779 0.07972651720047 0.0735390409827232 0.0763520821928978 0.0782617181539536 0.0805934742093086 0.0780326202511787 0.0863159596920013 0.0963981375098228 0.106304958462715 0.120558105409145 0.121085613965988 0.112331427633762 0.117334268987179 0.116373240947723 0.123897932469845 0.125610217452049 0.121037356555462 0.125307738780975 0.126400366425514 0.132612571120262 0.124980494379997 0.118039019405842 0.12132178992033 0.122185133397579 0.121822565793991 0.121677167713642 0.121702864766121 0.124680429697037
-3.4e+38 -3.4e+38 -3.4e+38 -3.4e+38 -3.4e+38 -3.4e+38 0.566185116767883 0.304851323366165 0.212926998734474 0.16396376490593 0.145471841096878 0.13377633690834 0.142682939767838 0.161111041903496 0.189041092991829 0.0725966542959213 0.0677465125918388 0.0681850165128708 0.0689304023981094 0.0741571336984634 0.0810265243053436 0.0949750244617462 0.0897339209914207 0.0882523953914642 0.10248725861311 0.10515721142292 0.117161713540554 0.119498610496521 0.119262158870697 0.13070997595787 0.127039670944214 0.12405139952898 0.119154810905457 0.119705341756344 0.126045882701874 0.12789960205555 0.126605331897736 0.121825836598873 0.12088031321764 0.124655745923519 0.123159684240818 0.120347455143929 0.122840270400047 0.118832193315029 0.119184769690037
-3.4e+38 -3.4e+38 -3.4e+38 -3.4e+38 -3.4e+38 -3.4e+38 0.627776920795441 0.325671851634979 0.194578662514687 0.157405987381935 0.15191014111042 0.144470289349556 0.144111141562462 0.14891205728054 0.121490389108658 0.0732398480176926 0.0657932162284851 0.0698149129748344 0.0721171274781227 0.0719307363033295 0.0754630714654922 0.0787615031003952 0.0762119963765144 0.0885259956121445 0.0942813754081726 0.100148156285286 0.100603014230728 0.122447088360786 0.11354649066925 0.113156102597713 0.119629763066769 0.119774624705315 0.119507156312466 0.119688026607037 0.120019376277924 0.120259575545788 0.114150322973728 0.112362824380398 0.1128119379282 0.120199210941792 0.122968383133411 0.117172494530678 0.111002661287785 0.106458485126495 0.104549013078213
