Ecospace-environmental-drivers/Outputs/ASCII-for-ecospace/Cfl/Cfl_X2014.06.asc
NCOLS 131 
NROWS 53 
XLLCORNER -98 
YLLCORNER 23.9265270233154 
CELLSIZE 0.133587792515755 
NODATA_value -3.4e+38 
[rows 0 to 19 of 53, columns 45 to 89 of 131]
-3.4e+38 -3.4e+38 -3.4e+38 -3.4e+38 -3.4e+38 -3.4e+38 -3.4e+38 -3.4e+38 -3.4e+38 -3.4e+38 -3.4e+38 -3.4e+38 -3.4e+38 -3.4e+38 -3.4e+38 -3.4e+38 -3.4e+38 -3.4e+38 -3.4e+38 -3.4e+38 -3.4e+38 -3.4e+38 -3.4e+38 -3.4e+38 -3.4e+38 -3.4e+38 -3.4e+38 -3.4e+38 -3.4e+38 -3.4e+38 -3.4e+38 -3.4e+38 -3.4e+38 -3.4e+38 -3.4e+38 -3.4e+38 -3.4e+38 -3.4e+38 -3.4e+38 -3.4e+38 -3.4e+38 -3.4e+38 -3.4e+38 -3.4e+38 -3.4e+38
-3.4e+38 -3.4e+38 -3.4e+38 -3.4e+38 -3.4e+38 -3.4e+38 -3.4e+38 -3.4e+38 -3.4e+38 -3.4e+38 -3.4e+38 -3.4e+38 -3.4e+38 -3.4e+38 -3.4e+38 -3.4e+38 -3.4e+38 -3.4e+38 -3.4e+38 -3.4e+38 -3.4e+38 -3.4e+38 -3.4e+38 -3.4e+38 -3.4e+38 -3.4e+38 -3.4e+38 -3.4e+38 -3.4e+38 -3.4e+38 -3.4e+38 -3.4e+38 -3.4e+38 -3.4e+38 -3.4e+38 -3.4e+38 -3.4e+38 -3.4e+38 -3.4e+38 -3.4e+38 -3.4e+38 -3.4e+38 -3.4e+38 -3.4e+38 -3.4e+38
-3.4e+38 -3.4e+38 -3.4e+38 -3.4e+38 -3.4e+38 -3.4e+38 -3.4e+38 -3.4e+38 -3.4e+38 -3.4e+38 -3.4e+38 -3.4e+38 -3.4e+38 -3.4e+38 -3.4e+38 -3.4e+38 -3.4e+38 -3.4e+38 -3.4e+38 -3.4e+38 -3.4e+38 -3.4e+38 -3.4e+38 -3.4e+38 -3.4e+38 -3.4e+38 -3.4e+38 -3.4e+38 -3.4e+38 -3.4e+38 -3.4e+38 -3.4e+38 -3.4e+38 -3.4e+38 -3.4e+38 -3.4e+38 -3.4e+38 -3.4e+38 -3.4e+38 -3.4e+38 -3.4e+38 -3.4e+38 -3.4e+38 -3.4e+38 -3.4e+38
-3.4e+38 -3.4e+38 -3.4e+38 -3.4e+38 -3.4e+38 -3.4e+38 -3.4e+38 -3.4e+38 -3.4e+38 -3.4e+38 -3.4e+38 -3.4e+38 -3.4e+38 -3.4e+38 -3.4e+38 -3.4e+38 -3.4e+38 -3.4e+38 -3.4e+38 -3.4e+38 -3.4e+38 -3.4e+38 -3.4e+38 -3.4e+38 -3.4e+38 -3.4e+38 -3.4e+38 -3.4e+38 -3.4e+38 -3.4e+38 -3.4e+38 -3.4e+38 -3.4e+38 -3.4e+38 -3.4e+38 -3.4e+38 -3.4e+38 -3.4e+38 -3.4e+38 -3.4e+38 -3.4e+38 -3.4e+38 -3.4e+38 -3.4e+38 -3.4e+38
-3.4e+38 -3.4e+38 -3.4e+38 -3.4e+38 -3.4e+38 -3.4e+38 -3.4e+38 -3.4e+38 -3.4e+38 -3.4e+38 -3.4e+38 -3.4e+38 -3.4e+38 21.4328517913818 -3.4e+38 -3.4e+38 -3.4e+38 -3.4e+38 -3.4e+38 -3.4e+38 -3.4e+38 -3.4e+38 17.9729042053223 17.1785755157471 -3.4e+38 -3.4e+38 -3.4e+38 14.8786840438843 -3.4e+38 13.4539842605591 15.7879409790039 -3.4e+38 -3.4e+38 -3.4e+38 -3.4e+38 -3.4e+38 -3.4e+38 1.83466565608978 5.29149770736694 14.1122550964355 1.7885080575943 3.12062191963196 6.13204193115234 -3.4e+38 -3.4e+38
-3.4e+38 -3.4e+38 -3.4e+38 -3.4e+38 -3.4e+38 -3.4e+38 -3.4e+38 -3.4e+38 -3.4e+38 -3.4e+38 -3.4e+38 52.2890129089355 9.79919338226318 11.8400115966797 12.7298669815063 13.0368480682373 -3.4e+38 -3.4e+38 12.0005311965942 11.493782043457 15.8247547149658 17.8087882995605 14.3082332611084 14.2158327102661 15.9754610061646 16.0860176086426 14.2857027053833 13.4624843597412 11.0894680023193 11.9237880706787 15.5472831726074 14.3648357391357 9.82979679107666 42.117805480957 13.5818405151367 6.60969161987305 6.33847999572754 4.50643157958984 3.53902268409729 2.13171029090881 2.2815215587616 2.80159616470337 2.13782000541687 2.19931364059448 0.963034212589264
-3.4e+38 -3.4e+38 -3.4e+38 -3.4e+38 -3.4e+38 -3.4e+38 -3.4e+38 -3.4e+38 -3.4e+38 -3.4e+38 -3.4e+38 8.04193687438965 7.83205080032349 9.05926990509033 8.47212314605713 10.4771909713745 -3.4e+38 14.99729347229 11.3098669052124 10.7163190841675 13.2008047103882 14.6405630111694 12.6953573226929 12.2838926315308 12.5151643753052 10.0961427688599 8.87809276580811 8.22570037841797 6.91247987747192 7.74766445159912 6.59982299804688 10.3161363601685 11.8156814575195 10.255202293396 9.12386322021484 5.16693496704102 4.03277778625488 2.90762495994568 2.14921140670776 2.80966663360596 3.47711992263794 2.71963953971863 1.77764594554901 1.48048150539398 1.26321244239807
-3.4e+38 -3.4e+38 -3.4e+38 -3.4e+38 -3.4e+38 -3.4e+38 -3.4e+38 -3.4e+38 -3.4e+38 -3.4e+38 -3.4e+38 -3.4e+38 7.14904499053955 6.78306198120117 7.30023050308228 -3.4e+38 7.28698253631592 9.04498386383057 7.81793165206909 10.0506200790405 14.994481086731 14.9265108108521 13.6193332672119 13.9749174118042 9.07456016540527 7.51506948471069 6.06134557723999 4.3323450088501 4.1925048828125 4.28415441513062 6.0876259803772 7.16124725341797 8.05148315429688 7.59030532836914 8.44860363006592 4.37455463409424 2.86944127082825 2.63617420196533 2.24472856521606 3.15335416793823 1.82176506519318 2.5595543384552 2.44835948944092 0.931521534919739 0.927372097969055
-3.4e+38 -3.4e+38 -3.4e+38 -3.4e+38 -3.4e+38 -3.4e+38 -3.4e+38 -3.4e+38 -3.4e+38 -3.4e+38 -3.4e+38 -3.4e+38 -3.4e+38 -3.4e+38 -3.4e+38 -3.4e+38 -3.4e+38 11.6837692260742 -3.4e+38 -3.4e+38 19.4721126556396 14.4781255722046 14.9510135650635 12.3196105957031 7.02445650100708 6.12033605575562 5.18938302993774 4.82306432723999 4.18529319763184 5.24745321273804 7.05855417251587 8.77995872497559 3.3587634563446 3.16058921813965 7.53170204162598 4.96076679229736 2.96760439872742 2.69135427474976 2.3911452293396 3.46456050872803 2.14418745040894 1.00817155838013 0.587407231330872 0.685673713684082 0.657149434089661
16.7902755737305 -3.4e+38 -3.4e+38 -3.4e+38 -3.4e+38 -3.4e+38 -3.4e+38 -3.4e+38 -3.4e+38 -3.4e+38 -3.4e+38 -3.4e+38 25.4008235931396 -3.4e+38 -3.4e+38 -3.4e+38 -3.4e+38 -3.4e+38 21.9390563964844 41.9559326171875 29.4448204040527 28.5389766693115 20.3161563873291 10.0446500778198 9.35494995117188 8.41504001617432 6.96229362487793 5.94821929931641 5.858962059021 7.50117588043213 7.14484596252441 2.57246112823486 2.40987253189087 5.4138011932373 7.51562929153442 5.33748722076416 2.98631572723389 1.87073302268982 1.04669785499573 1.18974936008453 0.640000820159912 0.655197560787201 0.473355531692505 0.59820556640625 0.687667548656464
-3.4e+38 -3.4e+38 -3.4e+38 -3.4e+38 -3.4e+38 -3.4e+38 -3.4e+38 -3.4e+38 -3.4e+38 -3.4e+38 -3.4e+38 -3.4e+38 -3.4e+38 -3.4e+38 -3.4e+38 -3.4e+38 -3.4e+38 -3.4e+38 28.450927734375 29.5182323455811 34.3132972717285 30.3799228668213 19.216007232666 14.1668081283569 15.3030834197998 8.26842212677002 6.99679708480835 5.53452348709106 4.61528539657593 7.12305116653442 7.37135982513428 2.8871111869812 2.86605048179626 10.8391742706299 5.527184009552 3.68281245231628 2.59362506866455 1.22031223773956 0.748219549655914 0.765826046466827 0.693557977676392 0.815916955471039 0.673747658729553 0.456191539764404 0.438262969255447
12.2923650741577 25.715877532959 -3.4e+38 -3.4e+38 -3.4e+38 -3.4e+38 -3.4e+38 -3.4e+38 -3.4e+38 -3.4e+38 -3.4e+38 -3.4e+38 -3.4e+38 -3.4e+38 -3.4e+38 18.3132209777832 19.8080978393555 -3.4e+38 25.0775108337402 32.5984840393066 32.4901885986328 27.2011947631836 26.5776100158691 17.1090259552002 19.1597499847412 11.0612506866455 7.42484045028687 5.81028270721436 4.03790760040283 6.01317930221558 8.18318176269531 2.69678568840027 1.26647758483887 5.41543769836426 4.13181161880493 3.57223701477051 2.81028819084167 2.25088143348694 1.35182321071625 0.875446379184723 0.6457559466362 0.637252807617188 0.686896741390228 0.497822105884552 0.447978228330612
13.0354061126709 17.8302726745605 12.88503074646 -3.4e+38 -3.4e+38 -3.4e+38 -3.4e+38 -3.4e+38 -3.4e+38 -3.4e+38 -3.4e+38 -3.4e+38 -3.4e+38 -3.4e+38 17.4430389404297 25.8567790985107 24.905647277832 30.9029312133789 -3.4e+38 -3.4e+38 31.5702838897705 43.5263595581055 26.1635265350342 24.3691310882568 21.0923290252686 16.7524528503418 8.38941669464111 5.76721858978271 3.86959910392761 4.77380180358887 3.3283007144928 1.11592245101929 1.05005359649658 1.63219523429871 1.11679553985596 1.17124271392822 1.33264994621277 0.840896010398865 0.537068605422974 0.386342108249664 0.440018206834793 0.599534809589386 0.559813141822815 0.470742583274841 0.361779719591141
11.0031871795654 11.159538269043 13.4226961135864 14.5055875778198 13.6891984939575 35.7221069335938 -3.4e+38 -3.4e+38 -3.4e+38 -3.4e+38 -3.4e+38 10.1253128051758 10.3575344085693 -3.4e+38 18.8980197906494 36.2421073913574 12.3605508804321 25.7728042602539 30.036226272583 26.6153545379639 -3.4e+38 43.975170135498 28.1643257141113 24.0024700164795 22.6098308563232 14.9081029891968 10.6878709793091 11.9408130645752 10.516209602356 8.2249231338501 3.58301424980164 0.983370244503021 0.945353448390961 1.53912699222565 0.987493336200714 0.588375627994537 0.491147398948669 0.31472235918045 0.268800556659698 0.233342811465263 0.336504608392715 0.54098653793335 0.49704897403717 0.43645852804184 0.322150975465775
10.2110214233398 10.9791116714478 8.64997100830078 9.55853080749512 14.3259935379028 15.9753618240356 19.3785858154297 16.0901050567627 12.1865081787109 11.906346321106 -3.4e+38 -3.4e+38 -3.4e+38 18.0256443023682 23.2435188293457 20.8337821960449 19.8719825744629 22.3645515441895 26.9995460510254 20.4345474243164 -3.4e+38 15.469108581543 32.013599395752 17.0137195587158 13.8072280883789 6.89923715591431 6.62608528137207 5.58109188079834 6.43354415893555 4.88216161727905 4.15574741363525 1.2960022687912 1.0915709733963 2.38413429260254 0.918865978717804 0.396672278642654 0.281661123037338 0.22896446287632 0.204138115048409 0.194312885403633 0.312557250261307 0.516619622707367 0.524451971054077 0.423295527696609 0.380246609449387
5.96930599212646 15.1900749206543 3.20375227928162 8.40789890289307 8.26778793334961 8.0637321472168 13.1530914306641 12.0899448394775 11.795750617981 11.5355749130249 7.18272829055786 -3.4e+38 7.15101051330566 9.14942836761475 12.1913414001465 14.7459726333618 20.6250305175781 27.59934425354 29.1000995635986 11.5458097457886 22.919017791748 24.6305656433105 16.0510692596436 6.18729162216187 2.40660381317139 2.00146198272705 3.27671813964844 2.16305446624756 2.47049856185913 2.59894800186157 5.81403684616089 3.41392135620117 1.32410204410553 2.5922167301178 0.745646715164185 0.251605182886124 0.162633404135704 0.159280762076378 0.163164421916008 0.178622961044312 0.281991302967072 0.398044258356094 0.406516492366791 0.370331823825836 0.348505795001984
1.07512855529785 1.64977598190308 0.563226997852325 1.64075493812561 3.94249892234802 7.14936065673828 10.0675992965698 6.42156028747559 7.82670927047729 5.26553106307983 3.24193572998047 2.60811471939087 3.82663989067078 7.03202056884766 18.5482063293457 16.6520938873291 23.185152053833 27.9554195404053 22.589469909668 34.3071022033691 19.863353729248 4.69547462463379 1.76601421833038 1.47494828701019 1.15902054309845 1.44056785106659 1.26361775398254 0.461805701255798 0.781652271747589 0.56219744682312 4.52045297622681 15.7279872894287 5.25159692764282 0.631022453308105 0.206544384360313 0.146520063281059 0.114402815699577 0.105474047362804 0.120475865900517 0.158591285347939 0.257253497838974 0.370993673801422 0.307766258716583 0.251846462488174 0.245151177048683
0.687693297863007 0.216231048107147 0.618509352207184 0.87527596950531 1.04933631420135 3.86139225959778 7.56105327606201 5.51659631729126 3.87395620346069 1.69514727592468 1.25977838039398 0.849806725978851 1.16944098472595 1.01197123527527 0.501652359962463 3.45458197593689 11.0965890884399 23.023473739624 8.52429676055908 7.20279741287231 1.72078227996826 0.233690708875656 0.117512047290802 0.173016622662544 0.280349552631378 0.259518980979919 0.306282997131348 0.425502806901932 0.315119177103043 0.336518347263336 3.55901455879211 9.99837875366211 2.65215063095093 0.180084586143494 0.131417632102966 0.10359550267458 0.093710720539093 0.0962420105934143 0.118085071444511 0.222619295120239 0.323816001415253 0.262669295072556 0.2650987803936 0.150810360908508 0.142024919390678
0.236124992370605 0.172032579779625 0.477823883295059 0.410567253828049 0.568829655647278 0.878900587558746 1.10284888744354 2.78428435325623 2.51621651649475 1.16429507732391 0.520502984523773 0.277845531702042 0.654135465621948 0.925801753997803 0.246990397572517 0.158469885587692 0.173464640974998 0.130346089601517 0.123529680073261 0.111925683915615 0.106446236371994 0.101650200784206 0.271939098834991 0.156311079859734 0.138390973210335 0.377409130334854 0.588735520839691 0.723670542240143 0.532896935939789 0.542567074298859 2.9341766834259 2.06194663047791 0.277841806411743 0.122385382652283 0.112506546080112 0.0989579856395721 0.0948975756764412 0.097427673637867 0.14895299077034 0.302878051996231 0.317113727331161 0.253457278013229 0.20469106733799 0.145458087325096 0.139707610011101
0.208345279097557 0.183963134884834 0.158573552966118 0.226081907749176 0.515000522136688 0.477179646492004 0.438791483640671 0.893490672111511 0.695306718349457 1.27521526813507 1.53562986850739 0.905883371829987 0.234877824783325 0.177917167544365 0.125072062015533 0.127638980746269 0.134814262390137 0.152981400489807 0.125679969787598 0.122999496757984 0.111677579581738 0.113566763699055 0.128179118037224 0.162871107459068 0.121637754142284 0.222539275884628 0.555194139480591 1.06784057617188 2.88515114784241 4.33135032653809 3.54328775405884 0.477423459291458 0.148131236433983 0.11877016723156 0.104291751980782 0.111196555197239 0.105821013450623 0.108229972422123 0.132939666509628 0.20747971534729 0.226580888032913 0.251948058605194 0.233134582638741 0.180960074067116 0.132223889231682
