Ecospace-environmental-drivers/Outputs/ASCII-for-ecospace/Cfl/Cfl_X2021.01.asc
NCOLS 131 
NROWS 53 
XLLCORNER -98 
YLLCORNER 23.9265270233154 
CELLSIZE 0.133587792515755 
NODATA_value -3.4e+38 
[rows 20 to 39 of 53, columns 0 to 45 of 131]
-3.4e+38 -3.4e+38 -3.4e+38 -3.4e+38 -3.4e+38 -3.4e+38 -3.4e+38 -3.4e+38 6.69087219238281 7.40597057342529 4.52491760253906 3.62053275108337 3.28736805915833 2.84852647781372 2.50875639915466 1.96024632453918 1.41745960712433 1.22185015678406 1.16533362865448 1.00851798057556 0.916259765625 0.892879068851471 0.834310591220856 0.865259945392609 0.847366988658905 0.730870366096497 0.664848923683167 0.616469144821167 0.589515149593353 0.525030434131622 0.520354688167572 0.532379806041718 0.511261403560638 0.500666677951813 0.533735334873199 0.534139454364777 0.569752156734467 0.562055468559265 0.528111457824707 0.51213127374649 0.552884697914124 0.559074521064758 0.585816144943237 0.571530818939209 0.602179050445557 0.600872695446014
-3.4e+38 -3.4e+38 -3.4e+38 -3.4e+38 -3.4e+38 -3.4e+38 4.00743055343628 4.00576066970825 3.46061086654663 3.5993869304657 3.36213088035583 2.8166515827179 2.2186975479126 1.81357419490814 1.52513825893402 1.18652844429016 0.998121857643127 0.924270510673523 0.836765348911285 0.717864573001862 0.702152609825134 0.69403201341629 0.718074381351471 0.67668879032135 0.692053735256195 0.6651531457901 0.605002760887146 0.589104294776917 0.59525054693222 0.565323889255524 0.572487890720367 0.587080180644989 0.55637526512146 0.539700388908386 0.536422371864319 0.550729215145111 0.564144492149353 0.566416919231415 0.548161268234253 0.514194428920746 0.484904289245605 0.506809413433075 0.52985805273056 0.546846807003021 0.550596475601196 0.558110892772675
-3.4e+38 -3.4e+38 -3.4e+38 -3.4e+38 -3.4e+38 -3.4e+38 3.94626188278198 3.85881543159485 3.28807091712952 3.05626082420349 2.44279026985168 1.78329682350159 1.37983381748199 1.18100047111511 1.11432266235352 0.94825953245163 0.826283633708954 0.747678697109222 0.69060617685318 0.635657250881195 0.640654683113098 0.588076412677765 0.579454362392426 0.542371213436127 0.572288751602173 0.556167900562286 0.565849661827087 0.532147467136383 0.513198971748352 0.514162600040436 0.534445524215698 0.534770846366882 0.515374779701233 0.529172956943512 0.502394795417786 0.489312618970871 0.532658815383911 0.554821848869324 0.51715075969696 0.4795783162117 0.478704810142517 0.475878477096558 0.465759605169296 0.479014843702316 0.478262960910797 0.442087411880493
-3.4e+38 -3.4e+38 -3.4e+38 -3.4e+38 4.51904726028442 5.8197135925293 5.82940816879272 3.63581967353821 3.14654016494751 2.37238812446594 1.59942317008972 1.17349648475647 1.02159988880157 0.898877084255219 0.805802822113037 0.781264781951904 0.773196339607239 0.702658534049988 0.641966760158539 0.563534319400787 0.530430495738983 0.54339587688446 0.524791240692139 0.500299513339996 0.489492416381836 0.484136968851089 0.480552285909653 0.465420782566071 0.465680181980133 0.458821505308151 0.474432915449142 0.47022357583046 0.446499526500702 0.46521931886673 0.456857234239578 0.459976702928543 0.521651923656464 0.52813982963562 0.504978120326996 0.457174628973007 0.467723816633224 0.435541182756424 0.407711952924728 0.418935686349869 0.424627810716629 0.417119175195694
-3.4e+38 -3.4e+38 -3.4e+38 -3.4e+38 5.47005796432495 5.00484752655029 3.48951268196106 3.05814552307129 2.34735298156738 1.64954161643982 1.19315004348755 0.926720499992371 0.752637445926666 0.667819976806641 0.572107970714569 0.595099031925201 0.628920316696167 0.644514739513397 0.592165887355804 0.582226395606995 0.535390615463257 0.524965643882751 0.559060335159302 0.498026311397552 0.437577575445175 0.428270518779755 0.431995302438736 0.461467027664185 0.421252965927124 0.40049409866333 0.440552651882172 0.445049196481705 0.447592377662659 0.463223785161972 0.470527589321136 0.435888737440109 0.434486001729965 0.441369712352753 0.485241889953613 0.483597368001938 0.463301241397858 0.409765720367432 0.396478831768036 0.391339957714081 0.417120724916458 0.421965211629868
-3.4e+38 -3.4e+38 -3.4e+38 -3.4e+38 -3.4e+38 3.27452707290649 3.21164751052856 2.50892448425293 1.90254139900208 1.38011026382446 0.826326608657837 0.680887699127197 0.579381287097931 0.506579101085663 0.488900125026703 0.466221898794174 0.461825907230377 0.479958832263947 0.508253693580627 0.490654528141022 0.472282618284225 0.477884829044342 0.455056965351105 0.432205259799957 0.39222326874733 0.391228854656219 0.384131878614426 0.372192621231079 0.354280054569244 0.390958845615387 0.394185572862625 0.410255670547485 0.417764544487 0.471977531909943 0.435751378536224 0.420596420764923 0.439896017313004 0.448636442422867 0.434586614370346 0.459288597106934 0.422624349594116 0.408210456371307 0.416124910116196 0.405334413051605 0.410775482654572 0.430891871452332
-3.4e+38 -3.4e+38 -3.4e+38 -3.4e+38 -3.4e+38 3.28073167800903 2.74575543403625 2.12284016609192 1.60090029239655 1.0540292263031 0.73954564332962 0.590637683868408 0.511094152927399 0.495733261108398 0.48451292514801 0.443344950675964 0.439489662647247 0.45859482884407 0.442467153072357 0.439031958580017 0.42809122800827 0.397589236497879 0.395386010408401 0.386907279491425 0.376617074012756 0.371427267789841 0.349927395582199 0.343347489833832 0.356110990047455 0.338260859251022 0.351491510868073 0.379831969738007 0.392347693443298 0.43105486035347 0.397588580846786 0.39457643032074 0.409161239862442 0.436602205038071 0.424908488988876 0.415081560611725 0.407546907663345 0.38721752166748 0.386340707540512 0.412898808717728 0.407756805419922 0.397926837205887
-3.4e+38 -3.4e+38 -3.4e+38 -3.4e+38 -3.4e+38 3.04635405540466 2.41468143463135 1.76340460777283 1.11705529689789 0.826107382774353 0.619607448577881 0.509359121322632 0.476616442203522 0.488704562187195 0.462019503116608 0.45290008187294 0.449605643749237 0.438859730958939 0.443782299757004 0.432004779577255 0.402311950922012 0.378585129976273 0.357502341270447 0.360597163438797 0.361946761608124 0.350224137306213 0.330559730529785 0.323597133159637 0.30689662694931 0.317198932170868 0.346968591213226 0.350698322057724 0.369420945644379 0.365950286388397 0.360236346721649 0.379265904426575 0.403048038482666 0.432092577219009 0.403124094009399 0.402098417282104 0.413521289825439 0.407644242048264 0.398846238851547 0.393833458423615 0.389899224042892 0.369113743305206
-339999999999999996128486808808066248288.000000000000000 -3.4e+38 -3.4e+38 -3.4e+38 3.01588034629822 2.79727363586426 2.04396820068359 1.37436234951019 0.791567862033844 0.743132650852203 0.684452474117279 0.526923596858978 0.495041131973267 0.476700216531754 0.419637441635132 0.423959761857986 0.420748472213745 0.416928589344025 0.383874148130417 0.363997966051102 0.366433650255203 0.371121287345886 0.340849339962006 0.315899014472961 0.328110724687576 0.316280603408813 0.298806726932526 0.31509855389595 0.306940257549286 0.315789669752121 0.321219593286514 0.33341109752655 0.34230250120163 0.350205957889557 0.354543328285217 0.375190705060959 0.409321010112762 0.462858140468597 0.432163119316101 0.421724826097488 0.417495995759964 0.401437431573868 0.381702423095703 0.374765127897263 0.379789263010025 0.352281302213669
-3.4e+38 -3.4e+38 -3.4e+38 -3.4e+38 2.89559841156006 2.66388010978699 2.02446293830872 1.05589652061462 0.762168347835541 0.724983215332031 0.602025330066681 0.500342667102814 0.451829791069031 0.419404238462448 0.386449813842773 0.390737861394882 0.39598560333252 0.385747283697128 0.37456089258194 0.350332111120224 0.339454472064972 0.325283318758011 0.319383263587952 0.334516882896423 0.329666554927826 0.329698920249939 0.330335289239883 0.302053511142731 0.299788385629654 0.306310921907425 0.311208337545395 0.313746869564056 0.329163551330566 0.358494311571121 0.378245949745178 0.396277874708176 0.404157221317291 0.385333478450775 0.403418838977814 0.417748153209686 0.433449268341064 0.418687671422958 0.387594819068909 0.364879906177521 0.350174725055695 0.353648394346237
-3.4e+38 -3.4e+38 -3.4e+38 -3.4e+38 2.98674488067627 2.63473272323608 2.02238464355469 1.15870475769043 0.842737376689911 0.779186725616455 0.580595791339874 0.472945749759674 0.414903879165649 0.411811947822571 0.40576958656311 0.405030906200409 0.394834071397781 0.374503493309021 0.363140225410461 0.342905074357986 0.337709873914719 0.333774715662003 0.324751675128937 0.313889354467392 0.307856500148773 0.332006216049194 0.348891317844391 0.323135107755661 0.299625188112259 0.30435648560524 0.306883871555328 0.29578572511673 0.323136657476425 0.338788539171219 0.380194336175919 0.408866763114929 0.38867262005806 0.399311006069183 0.405912458896637 0.426521182060242 0.431857883930206 0.403373539447784 0.366879910230637 0.346137166023254 0.342063516378403 0.334150522947311
-3.4e+38 -3.4e+38 -3.4e+38 -3.4e+38 3.12448906898499 2.78074955940247 2.22182083129883 1.49131679534912 0.984774768352509 0.721435010433197 0.525386214256287 0.466106504201889 0.432697057723999 0.407395839691162 0.397811770439148 0.389172464609146 0.387862652540207 0.379775047302246 0.373778134584427 0.365051031112671 0.35707426071167 0.350414335727692 0.337781876325607 0.32320100069046 0.305562883615494 0.316641181707382 0.33514329791069 0.324908554553986 0.310815185308456 0.318542391061783 0.33457362651825 0.317184507846832 0.334403306245804 0.332405686378479 0.330407112836838 0.354917377233505 0.405831724405289 0.407380729913712 0.407463490962982 0.393901765346527 0.368348360061646 0.355556935071945 0.345824182033539 0.335939288139343 0.327500462532043 0.329835504293442
-3.4e+38 -3.4e+38 -3.4e+38 -3.4e+38 -3.4e+38 2.8014554977417 2.17995738983154 1.64632475376129 1.16357612609863 0.792217791080475 0.603666543960571 0.557688891887665 0.478407651185989 0.417023122310638 0.394698560237885 0.395751267671585 0.37436044216156 0.373623073101044 0.375123083591461 0.367364138364792 0.366614133119583 0.380840867757797 0.353852063417435 0.312665402889252 0.306454628705978 0.316328227519989 0.338259786367416 0.345452189445496 0.31390792131424 0.342002660036087 0.344091176986694 0.318769246339798 0.336500257253647 0.313932865858078 0.297897964715958 0.355892270803452 0.411792695522308 0.400776624679565 0.351556360721588 0.35344859957695 0.349346518516541 0.34161376953125 0.340344905853271 0.330271750688553 0.340582877397537 0.337024509906769
-3.4e+38 -3.4e+38 -3.4e+38 -3.4e+38 -3.4e+38 2.88572311401367 2.39037871360779 1.86243605613708 1.37903034687042 0.975031852722168 0.698306977748871 0.617483079433441 0.504831254482269 0.44120129942894 0.413275808095932 0.406227380037308 0.400601834058762 0.37224406003952 0.365957230329514 0.371224880218506 0.376041442155838 0.378300338983536 0.377194732427597 0.369310885667801 0.357360661029816 0.351282358169556 0.359021365642548 0.357869923114777 0.334822297096252 0.308109313249588 0.300570785999298 0.324362218379974 0.322882533073425 0.319251537322998 0.325433611869812 0.339035093784332 0.329419285058975 0.359115809202194 0.338537484407425 0.327231585979462 0.323617309331894 0.29933750629425 0.321815729141235 0.333563208580017 0.336939185857773 0.331434160470963
-3.4e+38 -3.4e+38 -3.4e+38 -3.4e+38 -3.4e+38 2.69794106483459 2.52016878128052 2.10227203369141 1.36180806159973 0.977981209754944 0.823962330818176 0.653888583183289 0.482997179031372 0.410387098789215 0.39807978272438 0.399548530578613 0.389729499816895 0.377745181322098 0.379298150539398 0.369373649358749 0.354390233755112 0.366790324449539 0.404019385576248 0.448646724224091 0.401840388774872 0.374681442975998 0.360090851783752 0.36365008354187 0.337581247091293 0.288891643285751 0.284661263227463 0.279145240783691 0.298616051673889 0.312385678291321 0.304559350013733 0.301360577344894 0.292573899030685 0.322710543870926 0.324405997991562 0.318063527345657 0.308026492595673 0.30060812830925 0.323267936706543 0.322482407093048 0.315144896507263 0.308765411376953
-3.4e+38 -3.4e+38 -3.4e+38 -3.4e+38 -3.4e+38 8.56879138946533 2.72886109352112 2.17077159881592 1.44915568828583 0.965236723423004 0.824180543422699 0.643656432628632 0.476458996534348 0.429804176092148 0.409598827362061 0.391157895326614 0.392335414886475 0.395013362169266 0.397767782211304 0.379516243934631 0.357588201761246 0.372656643390656 0.377046823501587 0.388389408588409 0.393629819154739 0.406355887651443 0.384626537561417 0.338082700967789 0.312655687332153 0.287889957427979 0.270805567502975 0.271567821502686 0.280736267566681 0.302700012922287 0.296396136283875 0.292985826730728 0.295178472995758 0.305053353309631 0.307900607585907 0.307464480400085 0.300514817237854 0.307671159505844 0.312504410743713 0.310428708791733 0.29543873667717 0.291986256837845
-3.4e+38 -3.4e+38 -3.4e+38 -3.4e+38 -3.4e+38 6.78280115127563 2.87375020980835 2.12976932525635 1.2706710100174 0.814426243305206 0.678238213062286 0.569224953651428 0.457646012306213 0.425079107284546 0.396109402179718 0.392147153615952 0.392603248357773 0.398156464099884 0.394998729228973 0.351018249988556 0.360579550266266 0.366653084754944 0.362290650606155 0.377727806568146 0.402623116970062 0.400479853153229 0.378790378570557 0.332993119955063 0.304882258176804 0.322640657424927 0.303949862718582 0.259942770004272 0.261035293340683 0.294003486633301 0.303828865289688 0.285874336957932 0.289876520633698 0.294324070215225 0.293852686882019 0.290841072797775 0.288167178630829 0.290264219045639 0.281702756881714 0.282891869544983 0.281950294971466 0.279680013656616
-3.4e+38 -3.4e+38 -3.4e+38 -3.4e+38 -3.4e+38 4.22122240066528 2.81733274459839 1.99168074131012 1.10428524017334 0.766775131225586 0.641517817974091 0.542644798755646 0.47238701581955 0.433997333049774 0.431033223867416 0.429918825626373 0.426320880651474 0.433733344078064 0.423390835523605 0.376521527767181 0.35099121928215 0.352538794279099 0.366334140300751 0.366020977497101 0.370495200157166 0.360381633043289 0.375627160072327 0.337502628564835 0.326764553785324 0.311645418405533 0.285345673561096 0.258106172084808 0.25499615073204 0.280520051717758 0.297028958797455 0.291613221168518 0.286674588918686 0.279083490371704 0.277642726898193 0.289402216672897 0.282004475593567 0.267506718635559 0.26860973238945 0.274554282426834 0.2843057513237 0.289221286773682
-3.4e+38 -3.4e+38 -3.4e+38 -3.4e+38 -3.4e+38 -3.4e+38 2.64044857025146 1.77597391605377 0.853174567222595 0.688730776309967 0.59928947687149 0.547864556312561 0.507098913192749 0.474177420139313 0.453188806772232 0.479440063238144 0.453685075044632 0.426284223794937 0.402255952358246 0.401545464992523 0.350378513336182 0.347486853599548 0.363752871751785 0.366216957569122 0.362209677696228 0.357144474983215 0.35165923833847 0.323720842599869 0.301962465047836 0.268338561058044 0.270532041788101 0.259472966194153 0.265371799468994 0.275402218103409 0.28051632642746 0.266531348228455 0.263936311006546 0.283198684453964 0.300461113452911 0.28589192032814 0.273995995521545 0.265658855438232 0.266156017780304 0.273812979459763 0.280851423740387 0.285287648439407
-3.4e+38 -3.4e+38 -3.4e+38 -3.4e+38 -3.4e+38 -3.4e+38 2.579256772995 1.74014222621918 0.837911188602448 0.591539919376373 0.553486764431 0.529989063739777 0.483154445886612 0.448827534914017 0.468143075704575 0.446565538644791 0.414700001478195 0.419422179460526 0.381679683923721 0.371469110250473 0.364576488733292 0.351100921630859 0.373929649591446 0.374801129102707 0.347622334957123 0.33525750041008 0.331459492444992 0.310859262943268 0.285445421934128 0.305546522140503 0.285019189119339 0.278885990381241 0.281824976205826 0.278707265853882 0.270966142416 0.275033801794052 0.281001687049866 0.287983864545822 0.271805107593536 0.255081027746201 0.260431587696075 0.253942579030991 0.265094846487045 0.275809645652771 0.287599325180054 0.298346042633057
