Ecospace-environmental-drivers/Outputs/ASCII-for-ecospace/Cfl/Cfl_X2004.06.asc
NCOLS 131 
NROWS 53 
XLLCORNER -98 
YLLCORNER 23.9265270233154 
CELLSIZE 0.133587792515755 
NODATA_value -3.4e+38 
[rows 0 to 19 of 53, columns 45 to 89 of 131]
-3.4e+38 -3.4e+38 -3.4e+38 -3.4e+38 -3.4e+38 -3.4e+38 -3.4e+38 -3.4e+38 -3.4e+38 -3.4e+38 -3.4e+38 -3.4e+38 -3.4e+38 -3.4e+38 -3.4e+38 -3.4e+38 -3.4e+38 -3.4e+38 -3.4e+38 -3.4e+38 -3.4e+38 -3.4e+38 -3.4e+38 -3.4e+38 -3.4e+38 -3.4e+38 -3.4e+38 -3.4e+38 -3.4e+38 -3.4e+38 -3.4e+38 -3.4e+38 -3.4e+38 -3.4e+38 -3.4e+38 -3.4e+38 -3.4e+38 -3.4e+38 -3.4e+38 -3.4e+38 -3.4e+38 -3.4e+38 -3.4e+38 -3.4e+38 -3.4e+38
-3.4e+38 -3.4e+38 -3.4e+38 -3.4e+38 -3.4e+38 -3.4e+38 -3.4e+38 -3.4e+38 -3.4e+38 -3.4e+38 -3.4e+38 -3.4e+38 -3.4e+38 -3.4e+38 -3.4e+38 -3.4e+38 -3.4e+38 -3.4e+38 -3.4e+38 -3.4e+38 -3.4e+38 -3.4e+38 -3.4e+38 -3.4e+38 -3.4e+38 -3.4e+38 -3.4e+38 -3.4e+38 -3.4e+38 -3.4e+38 -3.4e+38 -3.4e+38 -3.4e+38 -3.4e+38 -3.4e+38 -3.4e+38 -3.4e+38 -3.4e+38 -3.4e+38 -3.4e+38 -3.4e+38 -3.4e+38 -3.4e+38 -3.4e+38 -3.4e+38
-3.4e+38 -3.4e+38 -3.4e+38 -3.4e+38 -3.4e+38 -3.4e+38 -3.4e+38 -3.4e+38 -3.4e+38 -3.4e+38 -3.4e+38 -3.4e+38 -3.4e+38 -3.4e+38 -3.4e+38 -3.4e+38 -3.4e+38 -3.4e+38 -3.4e+38 -3.4e+38 -3.4e+38 -3.4e+38 -3.4e+38 -3.4e+38 -3.4e+38 -3.4e+38 -3.4e+38 -3.4e+38 -3.4e+38 -3.4e+38 -3.4e+38 -3.4e+38 -3.4e+38 -3.4e+38 -3.4e+38 -3.4e+38 -3.4e+38 -3.4e+38 -3.4e+38 -3.4e+38 -3.4e+38 -3.4e+38 -3.4e+38 -3.4e+38 -3.4e+38
-3.4e+38 -3.4e+38 -3.4e+38 -3.4e+38 -3.4e+38 -3.4e+38 -3.4e+38 -3.4e+38 -3.4e+38 -3.4e+38 -3.4e+38 -3.4e+38 -3.4e+38 -3.4e+38 -3.4e+38 -3.4e+38 -3.4e+38 -3.4e+38 -3.4e+38 -3.4e+38 -3.4e+38 -3.4e+38 -3.4e+38 -3.4e+38 -3.4e+38 -3.4e+38 -3.4e+38 -3.4e+38 -3.4e+38 28.6821613311768 23.7463684082031 -3.4e+38 -3.4e+38 -3.4e+38 -3.4e+38 -3.4e+38 -3.4e+38 -3.4e+38 -3.4e+38 -3.4e+38 -3.4e+38 -3.4e+38 -3.4e+38 -3.4e+38 -3.4e+38
-3.4e+38 -3.4e+38 -3.4e+38 -3.4e+38 -3.4e+38 -3.4e+38 -3.4e+38 -3.4e+38 -3.4e+38 -3.4e+38 -3.4e+38 -3.4e+38 -3.4e+38 -3.4e+38 -3.4e+38 -3.4e+38 -3.4e+38 -3.4e+38 -3.4e+38 -3.4e+38 -3.4e+38 -3.4e+38 11.9394845962524 11.9990882873535 -3.4e+38 -3.4e+38 -3.4e+38 13.7202825546265 -3.4e+38 14.1593580245972 13.4959812164307 -3.4e+38 -3.4e+38 -3.4e+38 -3.4e+38 -3.4e+38 -3.4e+38 0.695883989334106 0.643991112709045 0.693997800350189 0.692260205745697 0.683537006378174 -3.4e+38 -3.4e+38 -3.4e+38
-3.4e+38 -3.4e+38 -3.4e+38 -3.4e+38 -3.4e+38 -3.4e+38 -3.4e+38 -3.4e+38 -3.4e+38 -3.4e+38 13.3667516708374 14.723258972168 13.5641651153564 10.3101959228516 9.08763122558594 12.6746873855591 -3.4e+38 -3.4e+38 -3.4e+38 -3.4e+38 10.1868543624878 8.59072017669678 8.79745483398438 10.0502262115479 10.9472589492798 12.2972774505615 12.0821142196655 10.2152633666992 9.16598415374756 9.61307716369629 9.760329246521 9.73865413665771 2.78236794471741 3.18411064147949 2.80640387535095 1.69780290126801 0.791036009788513 0.759831011295319 0.644469618797302 0.816321015357971 0.738109171390533 0.547909796237946 0.518106400966644 0.57417505979538 0.563939332962036
-3.4e+38 -3.4e+38 -3.4e+38 -3.4e+38 -3.4e+38 -3.4e+38 -3.4e+38 -3.4e+38 -3.4e+38 -3.4e+38 -3.4e+38 14.4698734283447 17.6467800140381 12.2756681442261 16.616382598877 13.236047744751 -3.4e+38 10.8766374588013 9.31807231903076 8.09577178955078 7.74022579193115 7.11201429367065 7.24874496459961 6.32308340072632 4.88107490539551 4.49288129806519 3.99948573112488 4.4747462272644 4.74102544784546 4.9666633605957 3.11471462249756 3.20700931549072 2.58417010307312 1.75704336166382 1.61579263210297 1.41893005371094 0.872333347797394 0.843783855438232 0.836181342601776 1.17295181751251 0.966424882411957 0.550731956958771 0.555885195732117 0.494619905948639 0.462962746620178
-3.4e+38 -3.4e+38 -3.4e+38 -3.4e+38 -3.4e+38 -3.4e+38 -3.4e+38 -3.4e+38 -3.4e+38 -3.4e+38 -3.4e+38 -3.4e+38 -3.4e+38 -3.4e+38 62.1809120178223 -3.4e+38 -3.4e+38 7.79095840454102 7.28994703292847 -3.4e+38 7.73968410491943 7.62313842773438 7.52196168899536 5.44527626037598 3.14835023880005 2.4165358543396 2.17963314056396 1.94571101665497 1.90442323684692 1.79885101318359 1.57901203632355 2.31343507766724 1.9817156791687 1.20882844924927 1.25677156448364 1.25437319278717 0.962354302406311 0.611395299434662 0.692810833454132 0.700258374214172 0.740621507167816 0.684850692749023 0.632332861423492 0.580928325653076 0.529387533664703
-3.4e+38 -3.4e+38 -3.4e+38 -3.4e+38 -3.4e+38 -3.4e+38 -3.4e+38 -3.4e+38 -3.4e+38 -3.4e+38 -3.4e+38 -3.4e+38 -3.4e+38 -3.4e+38 -3.4e+38 -3.4e+38 -3.4e+38 -3.4e+38 -3.4e+38 -3.4e+38 6.83904981613159 7.51387214660645 6.44030952453613 4.65465450286865 2.327223777771 1.87599122524261 1.52378940582275 1.36059784889221 0.887959182262421 0.791446924209595 1.0127215385437 0.860737919807434 0.791810035705566 0.866678297519684 0.954378306865692 0.886790215969086 0.623868107795715 0.558384239673615 0.519546568393707 0.475865393877029 0.619365334510803 0.747219502925873 0.817194759845734 0.67252105474472 0.512623965740204
-3.4e+38 -3.4e+38 -3.4e+38 -3.4e+38 -3.4e+38 -3.4e+38 -3.4e+38 -3.4e+38 -3.4e+38 -3.4e+38 -3.4e+38 -3.4e+38 -3.4e+38 -3.4e+38 -3.4e+38 -3.4e+38 -3.4e+38 -3.4e+38 -3.4e+38 7.99648571014404 6.56612634658813 6.19155025482178 5.18216991424561 3.04136657714844 1.92995381355286 1.32895362377167 1.09450387954712 1.77414631843567 0.847258627414703 0.708814740180969 0.524491548538208 0.440089374780655 0.458972603082657 0.682004511356354 0.558303833007812 0.359983801841736 0.244049981236458 0.258740067481995 0.240803718566895 0.347113013267517 0.531747937202454 0.807169198989868 0.936314761638641 0.698972761631012 0.43010938167572
-3.4e+38 -3.4e+38 -3.4e+38 -3.4e+38 -3.4e+38 -3.4e+38 -3.4e+38 -3.4e+38 -3.4e+38 -3.4e+38 -3.4e+38 -3.4e+38 -3.4e+38 -3.4e+38 -3.4e+38 -3.4e+38 -3.4e+38 -3.4e+38 22.2134914398193 14.4523506164551 14.1392774581909 12.4478750228882 4.25455570220947 1.02398180961609 1.15870094299316 1.78524148464203 2.26964044570923 1.94983851909637 0.766870737075806 0.875186324119568 0.536938607692719 0.424744307994843 0.347132295370102 0.410670846700668 0.303134590387344 0.252167463302612 0.226204797625542 0.193886771798134 0.178436517715454 0.253307998180389 0.377016574144363 0.777333438396454 0.835518002510071 0.621688187122345 0.370325207710266
-3.4e+38 -3.4e+38 -3.4e+38 -3.4e+38 -3.4e+38 -3.4e+38 -3.4e+38 -3.4e+38 -3.4e+38 -3.4e+38 -3.4e+38 -3.4e+38 -3.4e+38 -3.4e+38 -3.4e+38 -3.4e+38 -3.4e+38 -3.4e+38 20.4044361114502 17.6858806610107 24.8478984832764 22.2342929840088 9.61270618438721 3.12117338180542 1.90354907512665 2.83607149124146 3.89842391014099 2.93794107437134 0.973968088626862 0.641930818557739 0.41290220618248 0.316415667533875 0.306558132171631 0.338868707418442 0.340877056121826 0.20911680161953 0.175779968500137 0.177265465259552 0.190034404397011 0.240091294050217 0.281991899013519 0.466200947761536 0.571806013584137 0.556772649288177 0.335711419582367
13.6832180023193 -3.4e+38 -3.4e+38 -3.4e+38 -3.4e+38 -3.4e+38 -3.4e+38 -3.4e+38 -3.4e+38 -3.4e+38 12.008487701416 -3.4e+38 -3.4e+38 -3.4e+38 -3.4e+38 15.2911682128906 33.7233085632324 -3.4e+38 -3.4e+38 -3.4e+38 -3.4e+38 22.7565631866455 12.8514976501465 8.30284309387207 2.83883333206177 1.96859216690063 3.01103258132935 2.99135780334473 0.675760507583618 0.412113338708878 0.307727664709091 0.26926788687706 0.398275434970856 0.383100926876068 0.281365811824799 0.267836570739746 0.138118699193001 0.174651145935059 0.192299008369446 0.25272923707962 0.305779874324799 0.498148202896118 0.665459215641022 0.716067910194397 0.440761625766754
10.6676559448242 9.399582862854 9.08417415618896 7.34657764434814 7.53058481216431 6.8195333480835 7.61204719543457 8.36985492706299 7.55557680130005 7.63278961181641 10.3741064071655 9.88098049163818 9.35884571075439 -3.4e+38 11.3903284072876 13.4245748519897 16.5288200378418 39.991870880127 -3.4e+38 -3.4e+38 -3.4e+38 35.7297706604004 44.0094184875488 26.8015956878662 8.14651870727539 1.40468633174896 0.90967071056366 0.615618348121643 0.302137523889542 0.248724788427353 0.306067883968353 1.05761587619781 0.194449901580811 0.214415520429611 0.237106516957283 0.182665318250656 0.13207720220089 0.175749450922012 0.150474369525909 0.236101642251015 0.259283870458603 0.261001914739609 0.501039266586304 0.66029679775238 0.552286028862
6.37067556381226 7.00792360305786 8.30419731140137 5.61305475234985 7.6158504486084 6.96944046020508 7.36597442626953 7.24360990524292 6.9885082244873 7.60248756408691 7.56411552429199 9.16673469543457 10.0108051300049 10.4241209030151 11.3094396591187 12.9755716323853 13.2917175292969 17.172643661499 17.2335910797119 -3.4e+38 -3.4e+38 15.0089168548584 28.6058406829834 22.6261329650879 2.97796487808228 0.311477661132812 0.222160428762436 0.222787857055664 0.248774111270905 0.180905714631081 0.120351865887642 0.126193434000015 0.130953386425972 0.428079128265381 0.33002957701683 0.262259989976883 0.304658234119415 0.158697828650475 0.138027504086494 0.116728715598583 0.163976967334747 0.16206681728363 0.248027518391609 0.42221412062645 0.409719049930573
2.92284607887268 3.67233657836914 5.7613787651062 4.30188798904419 6.33802700042725 7.21208190917969 6.94793653488159 6.64745187759399 6.33267211914062 6.19077348709106 5.66434049606323 5.41808652877808 6.66324043273926 7.11677885055542 11.0855493545532 12.4855298995972 11.4391717910767 15.123631477356 15.3824148178101 -3.4e+38 17.1594066619873 60.877498626709 20.8611736297607 3.56796646118164 0.801438748836517 0.370653450489044 0.275554329156876 0.248847633600235 0.200291976332664 0.180144026875496 0.1180270165205 0.102774523198605 0.145444124937057 0.107104614377022 0.121843181550503 0.138017266988754 0.123155988752842 0.110739216208458 0.11075547337532 0.101611658930779 0.107857257127762 0.119524091482162 0.173674508929253 0.209603369235992 0.186436101794243
2.17739915847778 3.07213020324707 3.00988817214966 1.29546391963959 2.87207436561584 3.83349847793579 4.65531063079834 4.58209323883057 3.47704124450684 2.69711995124817 2.36046099662781 2.17836713790894 2.85267210006714 2.84004664421082 10.077582359314 8.32440090179443 10.0072593688965 10.1523399353027 7.81398630142212 6.82846021652222 4.52085781097412 16.8077869415283 25.7974891662598 6.71446752548218 0.501367688179016 0.367501318454742 0.134803265333176 0.250702172517776 0.181555792689323 0.188043400645256 0.148564830422401 0.0962023884057999 0.096900962293148 0.101466536521912 0.101866118609905 0.11423821747303 0.11418392509222 0.115064792335033 0.109642878174782 0.0988054573535919 0.0984404757618904 0.0958189368247986 0.101110808551311 0.132710531353951 0.120903052389622
0.823246002197266 1.54869163036346 0.814479053020477 0.675007164478302 1.92757081985474 1.53972792625427 3.72941708564758 2.51620531082153 1.55515205860138 0.949195802211761 0.830845773220062 0.997093439102173 1.22041940689087 1.13643109798431 1.79160380363464 4.19082021713257 4.91976165771484 4.70530319213867 3.54178714752197 4.97223711013794 4.66512966156006 4.22634887695312 2.42772245407104 3.91519379615784 0.461605578660965 0.27127406001091 0.148411244153976 0.354491978883743 0.249071404337883 0.138304129242897 0.116363517940044 0.0946152806282043 0.0935553461313248 0.0953951999545097 0.104049623012543 0.104652434587479 0.104511328041553 0.103356033563614 0.107655361294746 0.104705102741718 0.103368729352951 0.0985170379281044 0.092092365026474 0.101529635488987 0.113225564360619
0.419515639543533 0.833967566490173 0.911397516727448 0.432292968034744 0.742405772209167 0.298005223274231 0.488513857126236 0.425425589084625 0.351872742176056 0.375926703214645 0.334400713443756 0.385984569787979 0.58931028842926 0.254777193069458 0.256734520196915 0.976900219917297 2.83022475242615 3.65878009796143 0.37653860449791 0.283272534608841 0.444405406713486 1.81280517578125 1.01946032047272 0.864002704620361 0.416840851306915 -3.4e+38 0.443522959947586 0.292134940624237 0.323185741901398 0.127837106585503 0.0914496630430222 0.0937640070915222 0.0893706977367401 0.0951206907629967 0.10104314237833 0.102982968091965 0.102234289050102 0.10691574960947 0.0993553027510643 0.0990686938166618 0.0947932451963425 0.0931249409914017 0.0928619056940079 0.101007662713528 0.105132326483727
0.14916904270649 0.205188199877739 0.22395683825016 0.28398796916008 0.309721499681473 0.349351793527603 0.312692195177078 0.17523917555809 0.185445204377174 0.251659959554672 0.795577645301819 0.400955617427826 0.275550127029419 0.137470737099648 0.143779799342155 1.67435359954834 2.98290038108826 0.41801854968071 0.291115432977676 0.299829661846161 0.40624064207077 0.818633019924164 0.40536567568779 0.250177711248398 0.319630771875381 0.292577028274536 0.483606606721878 0.556246519088745 0.487291067838669 0.250756174325943 0.101597920060158 0.0964228883385658 0.0838993713259697 0.0888908132910728 0.103183917701244 0.0950849428772926 0.0969802141189575 0.0969812646508217 0.0978273004293442 0.0984165221452713 0.09710543602705 0.0906358957290649 0.0891967713832855 0.0891943946480751 0.0999426543712616
