Ecospace-environmental-drivers/Outputs/ASCII-for-ecospace/Cfl/Cfl_X2010.12.asc
NCOLS 131 
NROWS 53 
XLLCORNER -98 
YLLCORNER 23.9265270233154 
CELLSIZE 0.133587792515755 
NODATA_value -3.4e+38 
[rows 0 to 19 of 53, columns 46 to 91 of 131]
-3.4e+38 -3.4e+38 -3.4e+38 -3.4e+38 -3.4e+38 -3.4e+38 -3.4e+38 -3.4e+38 -3.4e+38 -3.4e+38 -3.4e+38 -3.4e+38 -3.4e+38 -3.4e+38 -3.4e+38 -3.4e+38 -3.4e+38 -3.4e+38 -3.4e+38 -3.4e+38 -3.4e+38 -3.4e+38 -3.4e+38 -3.4e+38 -3.4e+38 -3.4e+38 -3.4e+38 -3.4e+38 -3.4e+38 -3.4e+38 -3.4e+38 -3.4e+38 -3.4e+38 -3.4e+38 -3.4e+38 -3.4e+38 -3.4e+38 -3.4e+38 -3.4e+38 -3.4e+38 -3.4e+38 -3.4e+38 -3.4e+38 -3.4e+38 -3.4e+38 -3.4e+38
-3.4e+38 -3.4e+38 -3.4e+38 -3.4e+38 -3.4e+38 -3.4e+38 -3.4e+38 -3.4e+38 -3.4e+38 -3.4e+38 -3.4e+38 -3.4e+38 -3.4e+38 -3.4e+38 -3.4e+38 -3.4e+38 -3.4e+38 -3.4e+38 -3.4e+38 -3.4e+38 -3.4e+38 -3.4e+38 -3.4e+38 -3.4e+38 -3.4e+38 -3.4e+38 -3.4e+38 -3.4e+38 -3.4e+38 -3.4e+38 -3.4e+38 -3.4e+38 -3.4e+38 -3.4e+38 -3.4e+38 -3.4e+38 -3.4e+38 -3.4e+38 -3.4e+38 -3.4e+38 -3.4e+38 -3.4e+38 -3.4e+38 -3.4e+38 -3.4e+38 -3.4e+38
-3.4e+38 -3.4e+38 -3.4e+38 -3.4e+38 -3.4e+38 -3.4e+38 -3.4e+38 -3.4e+38 -3.4e+38 -3.4e+38 -3.4e+38 -3.4e+38 -3.4e+38 -3.4e+38 -3.4e+38 -3.4e+38 -3.4e+38 -3.4e+38 -3.4e+38 -3.4e+38 -3.4e+38 -3.4e+38 -3.4e+38 -3.4e+38 -3.4e+38 -3.4e+38 -3.4e+38 -3.4e+38 -3.4e+38 -3.4e+38 -3.4e+38 -3.4e+38 -3.4e+38 -3.4e+38 -3.4e+38 -3.4e+38 -3.4e+38 -3.4e+38 -3.4e+38 -3.4e+38 -3.4e+38 -3.4e+38 -3.4e+38 -3.4e+38 -3.4e+38 -3.4e+38
-3.4e+38 -3.4e+38 -3.4e+38 -3.4e+38 -3.4e+38 -3.4e+38 -3.4e+38 -3.4e+38 -3.4e+38 -3.4e+38 -3.4e+38 -3.4e+38 -3.4e+38 -3.4e+38 -3.4e+38 -3.4e+38 -3.4e+38 -3.4e+38 -3.4e+38 -3.4e+38 -3.4e+38 -3.4e+38 -3.4e+38 -3.4e+38 -3.4e+38 -3.4e+38 -3.4e+38 -3.4e+38 12.0626487731934 12.7637414932251 -3.4e+38 -3.4e+38 -3.4e+38 -3.4e+38 -3.4e+38 17.9674739837646 18.276891708374 -3.4e+38 -3.4e+38 -3.4e+38 29.3720436096191 30.5941944122314 -3.4e+38 -3.4e+38 -3.4e+38 -3.4e+38
-3.4e+38 -3.4e+38 -3.4e+38 -3.4e+38 -3.4e+38 -3.4e+38 -3.4e+38 -3.4e+38 -3.4e+38 -3.4e+38 -3.4e+38 -3.4e+38 12.1215744018555 -3.4e+38 -3.4e+38 -3.4e+38 -3.4e+38 -3.4e+38 -3.4e+38 -3.4e+38 7.80200862884521 6.71245765686035 6.71098899841309 -3.4e+38 -3.4e+38 -3.4e+38 6.51452922821045 8.8731575012207 11.6270151138306 13.1957511901855 -3.4e+38 -3.4e+38 -3.4e+38 -3.4e+38 -3.4e+38 15.8626317977905 10.7602033615112 2.28972744941711 3.74873232841492 2.89705538749695 12.386908531189 12.7454776763916 -3.4e+38 -3.4e+38 -3.4e+38 -3.4e+38
-3.4e+38 -3.4e+38 -3.4e+38 -3.4e+38 -3.4e+38 -3.4e+38 -3.4e+38 -3.4e+38 -3.4e+38 14.7657299041748 13.9646434783936 8.39651203155518 9.34487438201904 9.38554859161377 11.0994348526001 -3.4e+38 -3.4e+38 -3.4e+38 10.0256977081299 9.21487045288086 5.78599739074707 5.23127222061157 5.45172739028931 6.53886842727661 6.49269151687622 5.73834896087646 5.46128606796265 7.00510358810425 8.33558559417725 9.14595890045166 8.47936630249023 5.2629919052124 5.32576370239258 5.46009302139282 3.45374369621277 1.95701193809509 1.67586493492126 1.61527538299561 1.82257676124573 1.75797486305237 2.07044792175293 3.13802194595337 6.52176380157471 4.9674916267395 3.40952086448669 -3.4e+38
-3.4e+38 -3.4e+38 -3.4e+38 -3.4e+38 -3.4e+38 -3.4e+38 -3.4e+38 -3.4e+38 -3.4e+38 -3.4e+38 7.85309934616089 7.01651525497437 6.99658060073853 8.12896251678467 8.56969165802002 11.9034700393677 10.7217807769775 10.7591600418091 8.70389366149902 6.16675853729248 4.9911675453186 3.93985414505005 3.31093263626099 3.01360321044922 3.30378437042236 3.17822933197021 3.39864993095398 4.46584510803223 4.30960321426392 3.40722346305847 3.21796560287476 2.73798394203186 2.02818298339844 1.80571150779724 1.55791759490967 1.41642820835114 1.07009875774384 0.960052847862244 1.06651949882507 1.38042318820953 1.39599561691284 1.92031955718994 2.20640087127686 1.78126680850983 2.56974959373474 2.3276834487915
-3.4e+38 -3.4e+38 -3.4e+38 -3.4e+38 -3.4e+38 -3.4e+38 -3.4e+38 -3.4e+38 -3.4e+38 -3.4e+38 -3.4e+38 6.75808095932007 6.8759298324585 7.45633316040039 -3.4e+38 9.82239246368408 9.88281726837158 10.2102270126343 9.40688037872314 7.08176898956299 4.97743129730225 3.93540263175964 3.62310242652893 2.600830078125 2.21814060211182 2.01804733276367 2.08849191665649 2.49461698532104 2.49126529693604 2.29513335227966 2.08843111991882 1.68934810161591 1.38407731056213 1.28093409538269 1.1001638174057 0.927688121795654 0.672479927539825 0.592179894447327 0.580899894237518 0.72219842672348 0.85103178024292 0.970574498176575 1.08311879634857 1.17453873157501 1.50694668292999 2.40305399894714
-3.4e+38 -3.4e+38 -3.4e+38 -3.4e+38 -3.4e+38 -3.4e+38 -3.4e+38 -3.4e+38 -3.4e+38 -3.4e+38 -3.4e+38 -3.4e+38 -3.4e+38 -3.4e+38 -3.4e+38 -3.4e+38 10.8431100845337 -3.4e+38 -3.4e+38 6.40084505081177 4.76425552368164 3.6534583568573 3.16288018226624 2.39707612991333 2.06969118118286 1.68078279495239 1.4888961315155 1.46373212337494 1.46549558639526 1.45523715019226 1.3928736448288 1.29973816871643 1.17734682559967 1.02982676029205 0.778595507144928 0.607990980148315 0.495233595371246 0.470555812120438 0.473032116889954 0.467943489551544 0.501532673835754 0.605661273002625 0.777249336242676 0.933548748493195 1.04935121536255 1.53495013713837
23.7743625640869 -3.4e+38 -3.4e+38 -3.4e+38 -3.4e+38 -3.4e+38 -3.4e+38 -3.4e+38 -3.4e+38 -3.4e+38 -3.4e+38 16.8059425354004 16.2435493469238 -3.4e+38 -3.4e+38 -3.4e+38 29.9473152160645 15.2215728759766 8.40971660614014 5.9026050567627 4.40068769454956 4.048424243927 3.07537341117859 2.49099493026733 2.03191423416138 1.56889188289642 1.26449000835419 1.13690507411957 1.11329197883606 1.1367392539978 1.0781524181366 1.04417324066162 1.05799043178558 0.871766746044159 0.652964472770691 0.510540068149567 0.464445948600769 0.42935898900032 0.406820029020309 0.393572568893433 0.412615597248077 0.470409780740738 0.674902856349945 0.787089586257935 0.94957971572876 1.22202634811401
-3.4e+38 10.3645086288452 -3.4e+38 -3.4e+38 -3.4e+38 -3.4e+38 -3.4e+38 -3.4e+38 -3.4e+38 -3.4e+38 -3.4e+38 -3.4e+38 -3.4e+38 -3.4e+38 -3.4e+38 -3.4e+38 18.3490772247314 12.2569665908813 8.70475196838379 6.39063501358032 5.14612102508545 3.9734992980957 3.1125750541687 2.68914771080017 2.29217147827148 1.6835390329361 1.25277078151703 0.930993378162384 1.29506850242615 1.20173263549805 1.02025485038757 0.974803864955902 0.93304967880249 0.740957021713257 0.605845510959625 0.499178886413574 0.424226015806198 0.404704868793488 0.384767204523087 0.376125007867813 0.39081671833992 0.425341129302979 0.569956123828888 0.74700939655304 0.939358592033386 1.14779794216156
12.7538423538208 7.31813859939575 10.4314737319946 -3.4e+38 -3.4e+38 -3.4e+38 -3.4e+38 -3.4e+38 -3.4e+38 -3.4e+38 -3.4e+38 -3.4e+38 -3.4e+38 -3.4e+38 16.7537746429443 -3.4e+38 -3.4e+38 10.9153413772583 6.12637090682983 8.51219844818115 5.67894124984741 4.05780029296875 3.6520631313324 2.80950736999512 2.02766036987305 1.6004786491394 1.20132863521576 0.91440337896347 0.905878722667694 0.842854797840118 0.847127616405487 0.762054026126862 0.719922125339508 0.648189723491669 0.515178501605988 0.43566220998764 0.390330255031586 0.387067973613739 0.379572331905365 0.368705004453659 0.37377855181694 0.414912194013596 0.565287709236145 0.697165846824646 0.928879380226135 1.1700826883316
8.1799259185791 7.55742883682251 7.22060871124268 7.25517988204956 -3.4e+38 -3.4e+38 -3.4e+38 -3.4e+38 -3.4e+38 14.8338794708252 27.7056522369385 -3.4e+38 -3.4e+38 13.4709358215332 10.394606590271 9.2236967086792 7.42177438735962 -3.4e+38 4.73524522781372 -3.4e+38 5.94566679000854 4.28043937683105 3.41490602493286 2.028644323349 1.47261273860931 1.20689404010773 1.18803524971008 0.956932783126831 0.830704212188721 0.696734964847565 0.630070388317108 0.631393909454346 0.633935332298279 0.569796919822693 0.447052508592606 0.37326654791832 0.368681699037552 0.403093427419662 0.392111122608185 0.386782884597778 0.366901576519012 0.374367654323578 0.43117743730545 0.557594478130341 0.710354566574097 0.847756862640381
5.75734329223633 6.75008058547974 7.07190704345703 7.47508668899536 9.91048812866211 8.54752063751221 9.93828105926514 11.0121641159058 20.0664710998535 10.5510721206665 9.84092998504639 12.0520458221436 7.52263259887695 9.22030639648438 4.8385009765625 4.14349031448364 4.5797381401062 5.51111793518066 6.08880805969238 -3.4e+38 6.0891261100769 6.1757378578186 2.70183062553406 1.43619883060455 0.873441994190216 0.674019932746887 0.87648206949234 1.04298937320709 0.758111894130707 0.502520442008972 0.493503481149673 0.457168191671371 0.413406729698181 0.39071586728096 0.360738724470139 0.347198843955994 0.341696977615356 0.348477989435196 0.369537502527237 0.363518595695496 0.354759871959686 0.34200593829155 0.372945010662079 0.409160584211349 0.466747939586639 0.525859534740448
3.96054434776306 4.8627815246582 5.86454343795776 7.40899705886841 7.47143793106079 6.76047658920288 7.2075366973877 7.18332624435425 6.90317535400391 5.2678804397583 4.94481563568115 5.1889967918396 4.02945280075073 3.57175302505493 3.50477623939514 3.29639410972595 3.91760993003845 5.40876245498657 6.01914739608765 4.50754404067993 5.33181190490723 4.35015296936035 1.85910081863403 1.08150386810303 0.719337165355682 0.589961767196655 0.526899576187134 0.521970570087433 0.479853749275208 0.391992032527924 0.362833917140961 0.401194095611572 0.360636413097382 0.320459336042404 0.31917017698288 0.324701964855194 0.311294585466385 0.313440799713135 0.316423177719116 0.334750205278397 0.341183006763458 0.335234016180038 0.338803678750992 0.35435089468956 0.388921827077866 0.410664260387421
2.60816192626953 3.20478463172913 4.23037433624268 5.44074058532715 5.4552903175354 4.48620080947876 4.0413761138916 3.52234673500061 3.40411734580994 3.22812247276306 3.18554067611694 3.12060785293579 2.86539578437805 2.91659140586853 3.20639896392822 3.52930045127869 3.85554242134094 4.79254055023193 4.43183708190918 3.81733322143555 3.57615637779236 2.48309922218323 1.39705193042755 0.720006883144379 0.493813008069992 0.44506311416626 0.346199452877045 0.315773755311966 0.323307156562805 0.308373242616653 0.305078685283661 0.355820804834366 0.362677246332169 0.340051889419556 0.329655915498734 0.312877655029297 0.314085572957993 0.34118515253067 0.30153700709343 0.283974468708038 0.270344018936157 0.282300472259521 0.294375151395798 0.28697282075882 0.313175886869431 0.374056309461594
2.08345031738281 2.49884462356567 3.22114133834839 3.90672492980957 3.92343258857727 3.47246241569519 3.05555462837219 2.75396847724915 2.57418417930603 2.73505687713623 2.90703892707825 2.92223119735718 2.78240823745728 2.34744095802307 2.80187940597534 3.20836114883423 3.66151666641235 3.72860217094421 2.81911563873291 1.96294569969177 1.37668704986572 1.01451075077057 0.713872194290161 0.459250241518021 0.361350327730179 0.335018187761307 0.288268089294434 0.284278899431229 0.261146903038025 0.245287522673607 0.241889834403992 0.260062873363495 0.294982522726059 0.327718138694763 0.328783214092255 0.287280440330505 0.350029766559601 0.346294850111008 0.282053560018539 0.266560107469559 0.284641563892365 0.297430545091629 0.28552907705307 0.273232460021973 0.3056640625 0.326123476028442
1.43157196044922 1.85976827144623 2.27693223953247 2.73369669914246 2.86535906791687 2.83596158027649 2.65355515480042 2.39335751533508 2.21303081512451 2.47184681892395 2.58004665374756 2.23097109794617 1.78054904937744 1.4169180393219 1.66806888580322 2.22162652015686 2.34793210029602 2.0459418296814 1.40438485145569 0.948384642601013 0.722831547260284 0.492874830961227 0.39139986038208 0.337994486093521 0.299921035766602 0.280296742916107 0.269057482481003 0.264254152774811 0.249720990657806 0.251578629016876 0.242824718356133 0.243122816085815 0.239592045545578 0.246127873659134 0.266593784093857 0.287770181894302 0.32428851723671 0.297021806240082 0.292056649923325 0.304263353347778 0.34296452999115 0.312631607055664 0.286947786808014 0.287336438894272 0.299185663461685 0.309652417898178
1.1534823179245 1.14951682090759 1.1801073551178 1.47097253799438 1.7753986120224 1.97199368476868 2.11133527755737 1.96543848514557 1.8604154586792 1.78564739227295 1.44026505947113 0.996785044670105 0.801769316196442 0.715473413467407 0.932280838489532 1.05562949180603 1.22343230247498 0.84859973192215 0.494295805692673 0.352205783128738 0.310944676399231 0.305889159440994 0.315464496612549 0.301418036222458 0.267005950212479 0.253854632377625 0.25651940703392 0.262859463691711 0.255507469177246 0.2551109790802 0.241976171731949 0.246957957744598 0.244389742612839 0.230033472180367 0.247282162308693 0.267880767583847 0.277718871831894 0.300608217716217 0.313890874385834 0.346954703330994 0.363328099250793 0.318534255027771 0.280278027057648 0.276316702365875 0.281580984592438 0.307419568300247
1.00932037830353 0.932221710681915 0.892246901988983 0.934241771697998 0.977542102336884 1.06635189056396 1.3753981590271 1.34515631198883 1.24267709255219 1.24938344955444 1.02797961235046 0.869749188423157 0.682236671447754 0.656593978404999 0.594699084758759 0.542580127716064 0.483074247837067 0.385552138090134 0.299314141273499 0.274941146373749 0.258148372173309 0.261486381292343 0.261485368013382 0.255689799785614 0.251135468482971 0.248073980212212 0.250330805778503 0.255206137895584 0.259088724851608 0.273585855960846 0.253320217132568 0.239089101552963 0.236962482333183 0.234166637063026 0.251682668924332 0.279739826917648 0.284986466169357 0.350358605384827 0.358852624893188 0.364667952060699 0.300837397575378 0.300007104873657 0.302240997552872 0.302653312683105 0.299610733985901 0.30200058221817
