Ecospace-environmental-drivers/Outputs/ASCII-for-ecospace/Cfl/Cfl_X2012.03.asc
NCOLS 131 
NROWS 53 
XLLCORNER -98 
YLLCORNER 23.9265270233154 
CELLSIZE 0.133587792515755 
NODATA_value -3.4e+38 
[rows 20 to 39 of 53, columns 0 to 44 of 131]
-3.4e+38 -3.4e+38 -3.4e+38 -3.4e+38 -3.4e+38 -3.4e+38 -3.4e+38 -3.4e+38 -3.4e+38 0.510901629924774 0.267444849014282 0.281039535999298 0.213470324873924 0.182729989290237 0.17168253660202 0.133885502815247 0.110637232661247 0.0848362967371941 0.0556488707661629 0.038489505648613 0.0267968624830246 0.0245867408812046 0.0242229662835598 0.0217623449862003 0.0184995643794537 0.0314880385994911 0.037721786648035 0.0286271199584007 0.026731600984931 0.0301922857761383 0.0362679101526737 0.0286667440086603 0.0320126116275787 0.03911392390728 0.0426618196070194 0.0361812710762024 0.0291222594678402 0.0293846260756254 0.0359191223978996 0.032893318682909 0.0313395820558071 0.0274265594780445 0.0388756096363068 0.0401600748300552 0.0424393005669117
-3.4e+38 -3.4e+38 -3.4e+38 -3.4e+38 -3.4e+38 -3.4e+38 0.531356990337372 -3.4e+38 -3.4e+38 0.310458391904831 0.243191346526146 0.177698522806168 0.11971890181303 0.0904363617300987 0.0836500972509384 0.0718372315168381 0.0445088520646095 0.0331417396664619 0.0376147888600826 0.0390186533331871 0.0327703729271889 0.0277608372271061 0.0244365036487579 0.0236662328243256 0.0254943482577801 0.0267805494368076 0.0245344713330269 0.0269188899546862 0.0281701236963272 0.0365133322775364 0.0381564870476723 0.0276621337980032 0.0284323152154684 0.0314644426107407 0.0291380025446415 0.0225746780633926 0.0245955064892769 0.0316363424062729 0.0213641095906496 0.0215882882475853 0.0292638000100851 0.0349520109593868 0.0417955294251442 0.0416218899190426 0.0330120138823986
-3.4e+38 -3.4e+38 -3.4e+38 -3.4e+38 -3.4e+38 -3.4e+38 -3.4e+38 -3.4e+38 0.227130606770515 0.167650520801544 0.168476551771164 0.106305092573166 0.0595167018473148 0.0301989838480949 0.0268502235412598 0.028649939224124 0.0241783987730742 0.0246961489319801 0.02723846770823 0.0275503732264042 0.0213474184274673 0.0184699203819036 0.0257901772856712 0.0276310537010431 0.0262917131185532 0.0261804889887571 0.0240046232938766 0.0294396933168173 0.0383792594075203 0.0450861193239689 0.0326706953346729 0.0294717513024807 0.0256315711885691 0.026843486353755 0.0272248685359955 0.0239521190524101 0.0247609578073025 0.0263933762907982 0.0208016727119684 0.0189579855650663 0.0214369650930166 0.0298372395336628 0.0320120938122272 0.037455428391695 0.033343717455864
-3.4e+38 -3.4e+38 -3.4e+38 -3.4e+38 -3.4e+38 0.378816932439804 -3.4e+38 0.133346632122993 0.168942257761955 0.156350135803223 0.134384214878082 0.119564831256866 0.0695554614067078 0.0326742120087147 0.0270650070160627 0.0259409230202436 0.031243434175849 0.0248949155211449 0.0210654232650995 0.0242875441908836 0.021742494776845 0.0276713538914919 0.0213584508746862 0.021862642839551 0.0255328062921762 0.0249132961034775 0.028621431440115 0.0293369367718697 0.028424147516489 0.0416573993861675 0.0332266390323639 0.0348303094506264 0.0296896994113922 0.0250457711517811 0.0237202830612659 0.0196409411728382 0.0180611927062273 0.0208557974547148 0.0211483594030142 0.0218691881746054 0.0180463343858719 0.0214188788086176 0.0332850776612759 0.0293525271117687 0.0259603131562471
-3.4e+38 -3.4e+38 -3.4e+38 -3.4e+38 -3.4e+38 0.363758951425552 0.137690529227257 0.112533852458 0.128066688776016 0.122757442295551 0.0902095511555672 0.0678329765796661 0.041472714394331 0.0317984111607075 0.0273756589740515 0.0230612810701132 0.0196129661053419 0.024214431643486 0.0212572775781155 0.0225020181387663 0.0248986259102821 0.0234340280294418 0.0226810332387686 0.0219917930662632 0.0242154225707054 0.0266404207795858 0.0296425819396973 0.0226252824068069 0.0212041027843952 0.0294048227369785 0.0323468632996082 0.031211519613862 0.0281099658459425 0.0289081949740648 0.0280227418988943 0.0221761018037796 0.0214972700923681 0.0226427726447582 0.0249046310782433 0.026246277615428 0.0220373552292585 0.0255522653460503 0.0327473655343056 0.0328505784273148 0.0210361331701279
-3.4e+38 -3.4e+38 -3.4e+38 -3.4e+38 -3.4e+38 0.123008996248245 0.122136197984219 0.104757934808731 0.0726694986224174 0.0595211796462536 0.0696159154176712 0.0604446306824684 0.0342003740370274 0.0250661224126816 0.0241441149264574 0.0206766128540039 0.0170587319880724 0.01828857883811 0.0203399769961834 0.0176233034580946 0.0195284802466631 0.0202784929424524 0.0219992361962795 0.0248341485857964 0.0243161711841822 0.0280679743736982 0.0289965327829123 0.0244919843971729 0.0220200996845961 0.0241326466202736 0.02299221791327 0.0261284001171589 0.0282997377216816 0.0244864411652088 0.0231619998812675 0.0211014747619629 0.0188418664038181 0.0225041396915913 0.0271628554910421 0.0296354200690985 0.026894448325038 0.0320198349654675 0.0304705444723368 0.0256077628582716 0.0174690838903189
-3.4e+38 -3.4e+38 -3.4e+38 -3.4e+38 -3.4e+38 0.115902610123158 0.122503563761711 0.0815989896655083 0.0551277883350849 0.043101079761982 0.0528797283768654 0.0470217801630497 0.0298580788075924 0.018131922930479 0.0175932347774506 0.0190307311713696 0.0148556223139167 0.0137152159586549 0.0158023983240128 0.0164023004472256 0.02021106146276 0.023304658010602 0.0235872101038694 0.0241942312568426 0.0277823451906443 0.0260410252958536 0.023839695379138 0.02553272806108 0.0252670831978321 0.0262032337486744 0.0226441416889429 0.0220914203673601 0.0211962927132845 0.0220262128859758 0.01996835693717 0.0215533636510372 0.0206027291715145 0.0234793648123741 0.0264551006257534 0.0284955091774464 0.0306973997503519 0.0274175386875868 0.0236174706369638 0.0233139581978321 0.0201072823256254
-3.4e+38 -3.4e+38 -3.4e+38 -3.4e+38 -3.4e+38 0.0730901882052422 0.103558540344238 0.0635935291647911 0.0882073491811752 0.029991403222084 0.0285595245659351 0.0351314209401608 0.0339108556509018 0.0208673514425755 0.0162166655063629 0.0176260340958834 0.0117981368675828 0.0140535263344646 0.0130429258570075 0.0166806075721979 0.0203146487474442 0.0185828935354948 0.0224165599793196 0.0208813399076462 0.0217758119106293 0.0254979189485312 0.0264244265854359 0.0228796377778053 0.0237546321004629 0.0225191321223974 0.022509228438139 0.0238117147237062 0.0240860003978014 0.0214963722974062 0.0179983731359243 0.0202148165553808 0.019608486443758 0.0220823343843222 0.0233341064304113 0.0290466696023941 0.0305709093809128 0.0269432011991739 0.0253881420940161 0.0221380032598972 0.0177175551652908
-339999999999999996128486808808066248288.000000000000000 -3.4e+38 -3.4e+38 -3.4e+38 0.120726369321346 0.0972587242722511 0.0971939414739609 0.0536983162164688 0.0722787380218506 0.0361333042383194 0.0321871154010296 0.0366048999130726 0.0303784031420946 0.0272059496492147 0.0220783986151218 0.0218345690518618 0.0165949519723654 0.0133854215964675 0.0133651411160827 0.0193023961037397 0.0202530529350042 0.0233643110841513 0.0187483243644238 0.0215196739882231 0.0248710345476866 0.0209069941192865 0.0223030485212803 0.0211103837937117 0.0193958394229412 0.0185810178518295 0.0164448264986277 0.0218538325279951 0.025459311902523 0.0216877497732639 0.0189419351518154 0.0217213742434978 0.0212137494236231 0.0249065756797791 0.0283763110637665 0.027902839705348 0.029304089024663 0.027652133256197 0.0315109863877296 0.0230888146907091 0.0191525332629681
-3.4e+38 -3.4e+38 -3.4e+38 -3.4e+38 0.10533931851387 0.0983942002058029 0.0685770809650421 0.0598675422370434 0.0621617622673512 0.0448345541954041 0.0320978239178658 0.0308113861829042 0.0317104533314705 0.0328703597187996 0.0220634285360575 0.0266455262899399 0.0189680643379688 0.0172551237046719 0.0175041984766722 0.0163722392171621 0.0176816135644913 0.022320132702589 0.0172835905104876 0.0200858265161514 0.0234937239438295 0.0216522663831711 0.0198191646486521 0.0187612790614367 0.0219465233385563 0.0185155048966408 0.0178521927446127 0.0187205523252487 0.0187219139188528 0.0189363081008196 0.0188225544989109 0.0222405828535557 0.0266910046339035 0.0274389609694481 0.0270940661430359 0.0221431851387024 0.0269002746790648 0.0265881288796663 0.0196418110281229 0.0174744594842196 0.0193120073527098
-3.4e+38 -3.4e+38 -3.4e+38 -3.4e+38 0.129261061549187 0.111357778310776 0.0658750832080841 0.045953057706356 0.0355689637362957 0.0441827550530434 0.0425107777118683 0.0324836857616901 0.0303674452006817 0.022439805790782 0.0180137362331152 0.020458871498704 0.013486135751009 0.0185366757214069 0.0150597523897886 0.0184033140540123 0.0203525274991989 0.0174600258469582 0.0190247856080532 0.0211822893470526 0.0193828474730253 0.0186244770884514 0.0187566820532084 0.0194940622895956 0.0208562929183245 0.0194031819701195 0.019445426762104 0.0182789713144302 0.018479498103261 0.0200453922152519 0.0234103612601757 0.0248848833143711 0.0261626988649368 0.0212302226573229 0.0216504707932472 0.0230891369283199 0.0201744604855776 0.019598787650466 0.014346219599247 0.0170624665915966 0.0181127097457647
-3.4e+38 -3.4e+38 -3.4e+38 -3.4e+38 -3.4e+38 0.0963617712259293 0.0618758387863636 0.0529343225061893 0.048813596367836 0.0601567775011063 0.0515668429434299 0.0336690954864025 0.028949661180377 0.0226210635155439 0.0148022621870041 0.011810289695859 0.0074199428781867 0.0101435771211982 0.0124119259417057 0.0179707612842321 0.0184713173657656 0.0207898169755936 0.0176207851618528 0.0221861004829407 0.0150657901540399 0.0182905700057745 0.0206558629870415 0.0242687538266182 0.023417305201292 0.0235859490931034 0.021089406684041 0.0224985051900148 0.0224944408982992 0.0220123268663883 0.0241182073950768 0.0261125080287457 0.0251686312258244 0.0215125493705273 0.0177167411893606 0.0168233904987574 0.0163996368646622 0.014454560354352 0.0159298256039619 0.01869903691113 0.0149088762700558
-3.4e+38 -3.4e+38 -3.4e+38 -3.4e+38 -3.4e+38 0.092160277068615 0.0567370355129242 0.0524173825979233 0.0933244898915291 0.0940803363919258 0.07460106164217 0.0266129411756992 0.0289620291441679 0.0219936240464449 0.0121663976460695 0.00959908403456211 0.00454487977549434 0.0094155129045248 0.0111230071634054 0.011600318364799 0.0178341846913099 0.0193961951881647 0.0176689345389605 0.0191321782767773 0.0186995640397072 0.0179174095392227 0.0226138643920422 0.0273073557764292 0.0322877280414104 0.0299352239817381 0.0274497773498297 0.0275484174489975 0.022740799933672 0.0208828393369913 0.0197032298892736 0.0232362635433674 0.0208315271884203 0.0155431227758527 0.0145104220137 0.0154945170506835 0.0161043927073479 0.0151358433067799 0.0159903969615698 0.0166035089641809 0.0150695024058223
-3.4e+38 -3.4e+38 -3.4e+38 -3.4e+38 -3.4e+38 0.0981695204973221 0.0594422481954098 0.074053555727005 0.0814230442047119 0.0727405697107315 0.0409419275820255 0.0267500951886177 0.0279252063483 0.0160390362143517 0.0133786629885435 0.00791522487998009 0.00702745094895363 0.0107152946293354 0.0122791277244687 0.0144962258636951 0.017483077943325 0.017933564260602 0.0152062820270658 0.0152518386021256 0.0176657773554325 0.015691589564085 0.0220832042396069 0.0303668901324272 0.0316610336303711 0.0353312455117702 0.0351907797157764 0.0300408136099577 0.0242722649127245 0.0222721192985773 0.020282506942749 0.0160378310829401 0.0159724578261375 0.0148826939985156 0.0134858852252364 0.012430427595973 0.0139738013967872 0.0183837059885263 0.0174156744033098 0.0147493109107018 0.0155964801087976
-3.4e+38 -3.4e+38 -3.4e+38 -3.4e+38 -3.4e+38 0.102350361645222 0.0741894841194153 0.0490797609090805 0.0486978143453598 0.0502474419772625 0.0319166406989098 0.0335294157266617 0.0289639364928007 0.0170504488050938 0.00956785958260298 0.00717207184061408 0.00810760166496038 0.0107129029929638 0.0154420454055071 0.0153186535462737 0.0220666043460369 0.0191354714334011 0.0154406251385808 0.0136360665783286 0.0165494661778212 0.0166562665253878 0.0143991224467754 0.0237815883010626 0.0321075767278671 0.0328805148601532 0.0326363705098629 0.0277981590479612 0.0241103749722242 0.0242428332567215 0.0187909528613091 0.0178692582994699 0.0167902279645205 0.0160524230450392 0.0161391217261553 0.0142890512943268 0.0135792410001159 0.0111361732706428 0.0141294850036502 0.012759855017066 0.0188705045729876
-3.4e+38 -3.4e+38 -3.4e+38 -3.4e+38 -3.4e+38 -3.4e+38 0.0745830684900284 0.0485132150352001 0.0373318083584309 0.0390027649700642 0.0347758382558823 0.0400275439023972 0.0234295576810837 0.0116514889523387 0.00628012837842107 0.00748309958726168 0.00935483537614346 0.0105532631278038 0.012713317759335 0.0178929325193167 0.0141426622867584 0.0151369664818048 0.0155172813683748 0.0175699107348919 0.0173323154449463 0.0125820487737656 0.0182741414755583 0.0200706105679274 0.0272566545754671 0.0314243473112583 0.0340045019984245 0.0312425382435322 0.0245193913578987 0.022271778434515 0.0172539353370667 0.0172788817435503 0.0209756158292294 0.0190007016062737 0.0176401380449533 0.0207115802913904 0.0144721483811736 0.0139949601143599 0.0179310478270054 0.0124259311705828 0.016617750748992
-3.4e+38 -3.4e+38 -3.4e+38 -3.4e+38 -3.4e+38 -3.4e+38 0.0593702681362629 0.0625522658228874 0.0445214472711086 0.0388626046478748 0.0451343506574631 0.0457520224153996 0.0275534521788359 0.0138446604833007 0.0112983295693994 0.00843654666095972 0.0109177231788635 0.00916974619030952 0.00867187418043613 0.00693067768588662 0.0113137075677514 0.0163450427353382 0.0189322605729103 0.0189461447298527 0.0164032038301229 0.0154721532016993 0.0141702694818377 0.012631893157959 0.0168036688119173 0.0251321885734797 0.0257488656789064 0.0298115555197001 0.0268127545714378 0.0207277126610279 0.0210388861596584 0.020303301513195 0.017870306968689 0.0184096340090036 0.0192736033350229 0.0191579591482878 0.0156123843044043 0.0230242945253849 0.020597081631422 0.0145768029615283 0.00903549324721098
-3.4e+38 -3.4e+38 -3.4e+38 -3.4e+38 -3.4e+38 -3.4e+38 0.111774146556854 0.0802860483527184 0.0396451316773891 0.0450837686657906 0.0603335537016392 0.0571612119674683 0.0325155444443226 0.0219071041792631 0.0204073823988438 0.0114463055506349 0.00772363878786564 0.00934521201997995 0.0134448567405343 0.00957884825766087 0.00972739793360233 0.0135562960058451 0.0162078235298395 0.0200798362493515 0.0177796017378569 0.0124502889811993 0.0141207911074162 0.013407944701612 0.0113205024972558 0.0187107175588608 0.0219166092574596 0.021982379257679 0.019073685631156 0.0201994497328997 0.0200107488781214 0.0203623175621033 0.0195308513939381 0.0193100813776255 0.0195215791463852 0.0200789589434862 0.0223428606987 0.0209428314119577 0.0210928879678249 0.0134462909772992 0.0134593108668923
-3.4e+38 -3.4e+38 -3.4e+38 -3.4e+38 -3.4e+38 -3.4e+38 0.113881625235081 0.0743660405278206 0.0423122681677341 0.0454226918518543 0.0513069629669189 0.0645758956670761 0.0357714854180813 0.0135907242074609 0.01697170548141 0.0140441041439772 0.0135945668444037 0.0189091097563505 0.0161975882947445 0.0203474778681993 0.0162312537431717 0.0204726550728083 0.0188261214643717 0.0214359555393457 0.0224756263196468 0.0209393538534641 0.0164729785174131 0.0163591001182795 0.0164796505123377 0.0220099743455648 0.0234454330056906 0.0241678096354008 0.0235373843461275 0.0224510952830315 0.0206641815602779 0.0193513315171003 0.0191839877516031 0.0200487822294235 0.0200492274016142 0.0162622071802616 0.0144940493628383 0.0174331925809383 0.0174067579209805 0.0117307361215353 0.0127704106271267
-3.4e+38 -3.4e+38 -3.4e+38 -3.4e+38 -3.4e+38 -3.4e+38 0.109170772135258 0.0561309233307838 0.0362487137317657 0.0523836575448513 0.0489218086004257 0.0410768501460552 0.03207878023386 0.0292286183685064 0.0369179360568523 0.0336245857179165 0.025492537766695 0.0181466061621904 0.0172278173267841 0.0221192687749863 0.0244829598814249 0.0323682725429535 0.0301899034529924 0.0287939086556435 0.0278452392667532 0.026752907782793 0.020435793325305 0.0134026827290654 0.0179596077650785 0.0200386270880699 0.0220510996878147 0.0228511691093445 0.0252589266747236 0.0244008060544729 0.0206081923097372 0.0208242945373058 0.0220870040357113 0.0207379162311554 0.0188789889216423 0.0187436137348413 0.0148680545389652 0.0165818966925144 0.0163203533738852 0.0121130356565118 0.010057988576591
