Ecospace-environmental-drivers/Outputs/ASCII-for-ecospace/Cfl/Cfl_X2009.06.asc
NCOLS 131 
NROWS 53 
XLLCORNER -98 
YLLCORNER 23.9265270233154 
CELLSIZE 0.133587792515755 
NODATA_value -3.4e+38 
[rows 20 to 39 of 53, columns 45 to 89 of 131]
0.316305637359619 0.279303312301636 0.252470999956131 0.363495320081711 0.587924718856812 1.07011067867279 1.50990211963654 1.11427700519562 1.44775712490082 1.47303736209869 1.19862163066864 1.36752092838287 2.49634456634521 1.71326971054077 1.13189566135406 1.12090468406677 0.800092577934265 0.450873404741287 0.582932591438293 1.08097243309021 1.65967273712158 0.203085690736771 0.629644215106964 0.774047493934631 0.732375919818878 1.10099673271179 1.14344358444214 0.993946671485901 0.725010395050049 0.253418296575546 0.301564335823059 0.340171426534653 0.349161982536316 0.256844997406006 0.200878337025642 0.158160954713821 0.135881438851357 0.114831149578094 0.110546447336674 0.105927906930447 0.110284067690372 0.115119285881519 0.112895868718624 0.111632712185383 0.109596952795982
0.282679975032806 0.234518721699715 0.20789435505867 0.328225195407867 0.748922348022461 0.995267748832703 0.77050918340683 0.301697880029678 0.79398250579834 0.576534271240234 0.180295750498772 0.243893444538116 1.96753466129303 0.824724495410919 0.297426909208298 0.495143890380859 0.909817278385162 0.35042279958725 0.25718480348587 0.831190824508667 1.40633714199066 0.158535808324814 0.243779167532921 0.322849661111832 0.267033934593201 0.150637060403824 0.276564925909042 0.24419479072094 0.196796134114265 0.224778816103935 0.283139705657959 0.258017987012863 0.23962789773941 0.199852243065834 0.138202711939812 0.117109358310699 0.115211747586727 0.108991533517838 0.111132547259331 0.11241203546524 0.115746855735779 0.113007858395576 0.109745770692825 0.111136071383953 0.109633028507233
0.254289597272873 0.226613894104958 0.201580584049225 0.213492348790169 0.376676380634308 0.531768500804901 0.405425876379013 0.361369639635086 0.800745487213135 1.0317587852478 0.571361184120178 1.02521824836731 0.726986467838287 0.489070624113083 0.345019638538361 0.249908968806267 0.28071603178978 0.22584356367588 0.299700260162354 0.46805876493454 0.332346498966217 0.1452616751194 0.177375867962837 0.282930165529251 0.192983090877533 0.216703414916992 0.256618767976761 0.260990351438522 0.160593330860138 0.216691955924034 0.22288915514946 0.308017283678055 0.196166381239891 0.158401861786842 0.133464679121971 0.111393682658672 0.111625388264656 0.110909320414066 0.116447992622852 0.115265883505344 0.112022563815117 0.112600922584534 0.111271552741528 0.113078631460667 0.115116149187088
0.23716127872467 0.207832530140877 0.217476680874825 0.211494252085686 0.194221273064613 0.224273473024368 0.214838668704033 0.40576496720314 0.308444976806641 0.356445819139481 0.364106416702271 0.421131432056427 0.206063479185104 0.115744933485985 0.153528064489365 0.16736826300621 0.149377107620239 0.130688831210136 0.179942056536674 0.219533875584602 0.384392440319061 1.49607145786285 0.511541724205017 0.179061248898506 0.192945972084999 0.30593541264534 0.380079209804535 0.392788350582123 0.201529607176781 0.16420716047287 0.183711811900139 0.151875153183937 0.123455069959164 0.116435542702675 0.108747579157352 0.108915574848652 0.112228661775589 0.11223416030407 0.115558587014675 0.11300203204155 0.115452021360397 0.115570843219757 0.110770963132381 0.106757074594498 0.0998941287398338
0.209942951798439 0.206334099173546 0.201672196388245 0.204741567373276 0.198997780680656 0.18032144010067 0.168860271573067 0.172869727015495 0.210887894034386 0.137518763542175 0.133241578936577 0.130638599395752 0.12098190933466 0.1254713088274 0.124436363577843 0.122784465551376 0.132565274834633 0.158862218260765 0.197777777910233 0.226238310337067 0.27305880188942 0.383713334798813 0.308926492929459 0.190607681870461 0.319074839353561 0.422355562448502 0.233792051672935 0.51729953289032 0.530702590942383 0.19674588739872 0.254483252763748 0.190699502825737 0.10456445068121 0.104693919420242 0.117744982242584 0.114088721573353 0.115555472671986 0.112048849463463 0.1124502196908 0.111976578831673 0.119311772286892 0.121755689382553 0.116225771605968 0.114081971347332 0.117630712687969
0.227221727371216 0.177395090460777 0.189715310931206 0.213481619954109 0.209760934114456 0.200756847858429 0.175113707780838 0.138046652078629 0.139246270060539 0.169091805815697 0.216614216566086 0.131557166576385 0.119533240795135 0.1238948777318 0.1232540756464 0.138832628726959 0.165491208434105 0.172232374548912 0.171779334545135 0.155563324689865 0.372013211250305 0.635996639728546 0.299645006656647 0.198194667696953 0.354109466075897 0.407222241163254 0.23155865073204 0.122460655868053 0.116324506700039 0.138409495353699 0.161217898130417 0.12739185988903 0.11582088470459 0.113752447068691 0.106686644256115 0.110119953751564 0.109928481280804 0.110678747296333 0.111772134900093 0.110497526824474 0.118240751326084 0.117843240499496 0.109792172908783 0.104832954704762 0.104568459093571
0.185820013284683 0.174663543701172 0.16589529812336 0.191095098853111 0.183881744742393 0.162119537591934 0.147994473576546 0.129863560199738 0.130817338824272 0.163303628563881 0.166956230998039 0.120969668030739 0.117435440421104 0.123253457248211 0.118752785027027 0.113829419016838 0.11662320792675 0.128562465310097 0.127262085676193 0.115479953587055 0.244052365422249 0.343283414840698 0.210457473993301 0.171405673027039 0.199368789792061 0.151901677250862 0.127413123846054 0.174092128872871 0.106264881789684 0.109924286603928 0.134734734892845 0.117591567337513 0.151410445570946 0.116228342056274 0.107379965484142 0.109634101390839 0.107508517801762 0.107468038797379 0.111050322651863 0.110959939658642 0.118204444646835 0.113845951855183 0.10985916852951 0.103442437946796 0.100957691669464
0.112067751586437 0.121033146977425 0.138728111982346 0.168592229485512 0.155299723148346 0.130384296178818 0.117753393948078 0.126484215259552 0.119385473430157 0.125864416360855 0.138862624764442 0.117989525198936 0.111419782042503 0.115247622132301 0.115626722574234 0.107811450958252 0.111782677471638 0.116759471595287 0.116248853504658 0.111165635287762 0.166369065642357 0.104465074837208 0.114744231104851 0.124925754964352 0.223646447062492 0.143639206886292 0.106661014258862 0.11151372641325 0.13873316347599 0.125628307461739 0.11008258908987 0.113409295678139 0.115422137081623 0.119157947599888 0.124408788979053 0.11372322589159 0.104979515075684 0.10559655725956 0.105974532663822 0.103376366198063 0.110169418156147 0.109344810247421 0.103977017104626 0.0962675809860229 0.09637151658535
0.0981950610876083 0.0928376913070679 0.120398588478565 0.156684800982475 0.124156333506107 0.109664537012577 0.112092576920986 0.105634316802025 0.105232432484627 0.107312880456448 0.120160460472107 0.109334595501423 0.104509592056274 0.104797340929508 0.102907247841358 0.110217981040478 0.117407485842705 0.131278604269028 0.141511604189873 0.149955436587334 0.330578625202179 0.267915189266205 0.372398912906647 0.191406548023224 0.149437144398689 0.110166124999523 0.121199406683445 0.116473808884621 0.120133116841316 0.118361614644527 0.12262012809515 0.140249356627464 0.126791551709175 0.152445793151855 0.11418192088604 0.103688791394234 0.10106435418129 0.104473724961281 0.103279955685139 0.0997820198535919 0.0953723564743996 0.0959204733371735 0.0947832316160202 0.0932930335402489 0.087838776409626
0.0801408141851425 0.0962090119719505 0.0999461486935616 0.133943110704422 0.132062941789627 0.121057532727718 0.0991397649049759 0.11209174990654 0.105070978403091 0.100784845650196 0.101487316191196 0.107024297118187 0.102596186101437 0.1051205098629 0.11071503162384 0.11852902173996 0.121518969535828 0.13067664206028 0.128205016255379 0.110600672662258 0.125407084822655 0.116051070392132 0.1028006747365 0.106440216302872 0.107825741171837 0.112187564373016 0.115024238824844 0.110627628862858 0.10570415109396 0.105393290519714 0.109554879367352 0.10545838624239 0.0998837724328041 0.10685133934021 0.103253096342087 0.106726206839085 0.10655415058136 0.11014362424612 0.101559318602085 0.0815918743610382 0.0781266242265701 0.0774922296404839 0.0792900770902634 0.0760221034288406 0.077935516834259
0.065721869468689 0.0746055915951729 0.0768477842211723 0.0995199903845787 0.123597547411919 0.108440928161144 0.101777814328671 0.100872725248337 0.0994543507695198 0.100571997463703 0.0927613899111748 0.0979288592934608 0.102437116205692 0.104553773999214 0.108691744506359 0.109545521438122 0.104657761752605 0.101391360163689 0.0989833846688271 0.102327309548855 0.107753150165081 0.108204379677773 0.0979039147496223 0.0949862450361252 0.101167753338814 0.100934863090515 0.102183654904366 0.100543700158596 0.101276658475399 0.102351732552052 0.0989015102386475 0.103408373892307 0.10663003474474 0.0994179472327232 0.0904358476400375 0.080962248146534 0.0794340446591377 0.0762627795338631 0.0745405182242393 0.0660597458481789 0.0637698769569397 0.0630161166191101 0.0674350559711456 0.0612970255315304 0.0624058656394482
0.0631812587380409 0.0643658488988876 0.0740252658724785 0.102948933839798 0.126326993107796 0.118597269058228 0.112543016672134 0.112350016832352 0.109528183937073 0.103936888277531 0.101930476725101 0.100549273192883 0.096465177834034 0.0981602966785431 0.103117719292641 0.102765038609505 0.0983277857303619 0.100573532283306 0.103562250733376 0.105416782200336 0.10580300539732 0.115702688694 0.109633944928646 0.100839801132679 0.103554055094719 0.101861342787743 0.0962046161293983 0.0995446667075157 0.10330468416214 0.0947177708148956 0.0890662893652916 0.0980586484074593 0.0946530774235725 0.0723995193839073 0.0714911296963692 0.0617116205394268 0.0596336089074612 0.0618871375918388 0.0630544275045395 0.053451381623745 0.0536306612193584 0.05429457873106 0.0557523481547832 0.0539672672748566 0.055322602391243
0.0590552613139153 0.0612028874456882 0.0648781657218933 0.0776101276278496 0.111695848405361 0.115295402705669 0.110394962131977 0.114221408963203 0.110103458166122 0.103765949606895 0.0985109508037567 0.103562384843826 0.102238573133945 0.0987171903252602 0.100469864904881 0.105325192213058 0.0997213795781136 0.0962606444954872 0.0994238406419754 0.100684590637684 0.101930253207684 0.113079950213432 0.107933275401592 0.0975144058465958 0.101530499756336 0.101961508393288 0.104092679917812 0.0998124927282333 0.0910947397351265 0.0823604241013527 0.0890452414751053 0.076873816549778 0.0642181634902954 0.0577270612120628 0.056763157248497 0.0545816831290722 0.0540616288781166 0.0541027337312698 0.0527190566062927 0.0491763204336166 0.0481855049729347 0.0481105446815491 0.0520450323820114 0.0510758087038994 0.055388480424881
0.0593465343117714 0.05902960896492 0.0612273924052715 0.0803039371967316 0.115997716784477 0.112876713275909 0.126631185412407 0.128459230065346 0.119329132139683 0.114852420985699 0.105056412518024 0.110501863062382 0.107523523271084 0.103576704859734 0.103539727628231 0.10807591676712 0.104433208703995 0.0986574292182922 0.0974340587854385 0.106465503573418 0.107820674777031 0.102313920855522 0.0984215959906578 0.0991467013955116 0.100467301905155 0.0979043170809746 0.0982552617788315 0.102384597063065 0.0923774391412735 0.0658421143889427 0.0549721904098988 0.0613893494009972 0.065382681787014 0.0644508525729179 0.0597784370183945 0.0559812188148499 0.0539557598531246 0.0521688386797905 0.046372901648283 0.042667742818594 0.0440439507365227 0.0498375445604324 0.0530300922691822 0.0546500310301781 0.0539143197238445
0.0607692785561085 0.0601621679961681 0.0602242201566696 0.0756715014576912 0.113148547708988 0.11061529815197 0.111047074198723 0.112301632761955 0.118872359395027 0.121693059802055 0.122679300606251 0.119123943150043 0.120621368288994 0.115556746721268 0.112781599164009 0.112829864025116 0.108990475535393 0.110556557774544 0.109115086495876 0.106753841042519 0.109389573335648 0.103150144219398 0.0962906703352928 0.0980488061904907 0.0953101590275764 0.0910282135009766 0.0910637378692627 0.100623033940792 0.0914435461163521 0.0673977881669998 0.058025486767292 0.0664106532931328 0.0676065534353256 0.0696933567523956 0.058938805013895 0.0477782674133778 0.0417304411530495 0.0447886548936367 0.0448525920510292 0.0482484698295593 0.0457931384444237 0.0503421984612942 0.0533414669334888 0.0547883473336697 0.0499772280454636
0.0574169866740704 0.0595557130873203 0.0609740614891052 0.0742852836847305 0.104459449648857 0.112045794725418 0.1186468526721 0.114394575357437 0.122211083769798 0.127932026982307 0.126724064350128 0.126452296972275 0.130509108304977 0.124366872012615 0.116235673427582 0.111046932637691 0.104428015649319 0.113931648433208 0.114566244184971 0.111638322472572 0.111020945012569 0.104095183312893 0.101734593510628 0.100072748959064 0.090381383895874 0.0889353081583977 0.0833108946681023 0.0895655378699303 0.0819547697901726 0.0755675658583641 0.0681082308292389 0.0699126720428467 0.0645228698849678 0.0538881607353687 0.0484414249658585 0.0391400530934334 0.0434480085968971 0.0388431251049042 0.0382725745439529 0.0445706062018871 0.0433565825223923 0.0434881299734116 0.0452535971999168 0.0440555103123188 0.0403805561363697
0.0548197962343693 0.0574111677706242 0.057185236364603 0.0600875280797482 0.0829800516366959 0.104847587645054 0.100177280604839 0.106705948710442 0.124734543263912 0.124467223882675 0.122168928384781 0.12721960246563 0.127731546759605 0.126031175255775 0.116010412573814 0.114391878247261 0.113917157053947 0.111827224493027 0.114486910402775 0.123829133808613 0.118454247713089 0.113093145191669 0.109068177640438 0.0994270965456963 0.0882552936673164 0.0865928158164024 0.0923926383256912 0.0926405563950539 0.0939541086554527 0.0803719907999039 0.067077673971653 0.0499232783913612 0.0545908398926258 0.0545319393277168 0.0445945672690868 0.0398092493414879 0.0452317632734776 0.044467780739069 0.0411584824323654 0.0531244426965714 0.0490829274058342 0.0435585230588913 0.0541345849633217 0.045613706111908 0.038144551217556
0.0545055605471134 0.0560853481292725 0.0569655634462833 0.0578877255320549 0.0689287185668945 0.0982738509774208 0.0984559804201126 0.111193545162678 0.123688951134682 0.119690634310246 0.125255241990089 0.129098027944565 0.131955996155739 0.130046382546425 0.126634106040001 0.120179399847984 0.118934027850628 0.116727441549301 0.126308336853981 0.135306522250175 0.125592425465584 0.123902097344398 0.123244553804398 0.114171288907528 0.0998236760497093 0.0976362824440002 0.100889012217522 0.104181364178658 0.0886558368802071 0.0605668686330318 0.0473094433546066 0.0461728647351265 0.0470009073615074 0.0483692176640034 0.0452107898890972 0.0440456159412861 0.0444288551807404 0.042732410132885 0.0545094013214111 0.0509652607142925 0.0489941090345383 0.0496859773993492 0.0434983521699905 0.0427474677562714 0.0496478229761124
0.055216733366251 0.0573842115700245 0.0579284615814686 0.0600612424314022 0.0624031201004982 0.0984310433268547 0.116476118564606 0.119774036109447 0.120074525475502 0.126900240778923 0.130796954035759 0.128530472517014 0.127871409058571 0.128729492425919 0.130457937717438 0.125448882579803 0.12222271412611 0.118122346699238 0.135595187544823 0.129841610789299 0.125432014465332 0.120838209986687 0.131955280900002 0.118684448301792 0.109052829444408 0.101122356951237 0.0954791978001595 0.0840727314352989 0.0629246309399605 0.0575141459703445 0.0540818572044373 0.0611035898327827 0.0596219152212143 0.045846950262785 0.0456011071801186 0.0454124696552753 0.0432665757834911 0.050590205937624 0.0580767132341862 0.0470625348389149 0.0480345450341702 0.0487076044082642 0.0479581728577614 0.050281647592783 0.0545617379248142
0.055431641638279 0.056951466947794 0.0567671209573746 0.0593574903905392 0.0616299174726009 0.0957345440983772 0.12305823713541 0.126085937023163 0.133300021290779 0.139726415276527 0.13670626282692 0.131852656602859 0.12708368897438 0.127498120069504 0.127428278326988 0.121355570852757 0.117373883724213 0.119159191846848 0.122825935482979 0.13198384642601 0.125809341669083 0.116695269942284 0.129197895526886 0.11473310738802 0.109007239341736 0.101620592176914 0.0880260393023491 0.0850433260202408 0.0874068513512611 0.062798023223877 0.0557502880692482 0.0635476335883141 0.0577018484473228 0.0502992272377014 0.0483448430895805 0.0475124716758728 0.0447344072163105 0.0542818941175938 0.0510336272418499 0.049247607588768 0.0494202226400375 0.0514178387820721 0.050726193934679 0.0525457002222538 0.0567567907273769
