Ecospace-environmental-drivers/Outputs/ASCII-for-ecospace/Cfl/Cfl_X2007.07.asc
NCOLS 131 
NROWS 53 
XLLCORNER -98 
YLLCORNER 23.9265270233154 
CELLSIZE 0.133587792515755 
NODATA_value -3.4e+38 
[rows 20 to 39 of 53, columns 0 to 44 of 131]
-3.4e+38 -3.4e+38 -3.4e+38 -3.4e+38 -3.4e+38 -3.4e+38 -3.4e+38 -3.4e+38 -3.4e+38 -3.4e+38 0.398066401481628 0.302446812391281 0.332244902849197 0.273985683917999 0.19959881901741 0.0731660649180412 0.0457955040037632 0.0499509796500206 0.0591686517000198 0.0593368299305439 0.0556366965174675 0.039431918412447 0.0354330167174339 0.0118795121088624 0.00932045746594667 0.00220063095912337 0.0223705656826496 -3.4e+38 0.0728292018175125 0.059280838817358 0.0478568002581596 0.0456147603690624 0.0147829996421933 0.0634432286024094 0.0722828060388565 0.0526175238192081 0.000262243032921106 0.0172585137188435 0.0238992422819138 0.0174812432378531 0.0125694768503308 0.0113949924707413 0.0109014166519046 0.00661503430455923 0.00809495430439711
-3.4e+38 -3.4e+38 -3.4e+38 -3.4e+38 -3.4e+38 -3.4e+38 -3.4e+38 -3.4e+38 -3.4e+38 0.504672229290009 0.34239986538887 0.185601115226746 0.130125731229782 0.10829446464777 0.0835627689957619 0.0528728179633617 0.0475397631525993 0.0428697690367699 0.0348126366734505 0.0381945706903934 0.0478178150951862 0.0300992634147406 0.0216537769883871 0.0113356960937381 0.00576756428927183 0.00432019494473934 0.0232838708907366 0.0572515279054642 0.0804717168211937 -3.4e+38 -3.4e+38 -3.4e+38 -3.4e+38 0.0377063602209091 0.0698812082409859 0.00516375480219722 0.00428958376869559 0.0125717213377357 0.0217494387179613 0.0164113119244576 0.0148939024657011 0.0111684752628207 0.00584220048040152 0.0268720425665379 0.0409136973321438
-3.4e+38 -3.4e+38 -3.4e+38 -3.4e+38 -3.4e+38 -3.4e+38 -3.4e+38 -3.4e+38 0.349929839372635 0.299175888299942 0.17477947473526 0.0893379151821136 0.034111212939024 0.0323842987418175 0.0337056517601013 0.0283456835895777 0.0345856919884682 0.0265949741005898 0.0199952255934477 0.0180844515562057 0.0217509996145964 -3.4e+38 0.0117889512330294 0.011531775817275 0.00941673014312983 0.00899706035852432 0.00901497900485992 0.0406622663140297 0.0338637679815292 0.0140653941780329 -3.4e+38 -3.4e+38 -3.4e+38 0.0313054583966732 0.000503521820064634 0 0.0443088933825493 0.054510373622179 0.045338150113821 0.0426004119217396 0.02226772159338 0.0208667013794184 0.0134609891101718 0.0191481504589319 0.0133194513618946
-3.4e+38 -3.4e+38 -3.4e+38 -3.4e+38 0.275652259588242 0.30400487780571 -3.4e+38 0.456856995820999 0.409705817699432 0.180561110377312 0.0311473943293095 0.0390612557530403 0.0177062712609768 0.0277001708745956 0.0294097978621721 0.0265021733939648 0.0274105723947287 0.0105289900675416 0.00788341648876667 0.0221495032310486 0.0554474219679832 0.0258414596319199 0.00073645863449201 0.0021356176584959 0.0113075291737914 0.0135667482391 0.0227111801505089 0.0276874247938395 0.0432030111551285 0.0221286043524742 -3.4e+38 -3.4e+38 0.051430843770504 0.0236688423901796 0.0170751307159662 0.0158125329762697 0.0124689172953367 0.000607066205702722 0.0507712513208389 0.0515512153506279 0.037927433848381 0.0231296941637993 0.0149227557703853 0.0123535944148898 0.0141160022467375
-3.4e+38 -3.4e+38 -3.4e+38 -3.4e+38 -3.4e+38 0.390749096870422 0.299127846956253 -3.4e+38 0.0570554956793785 0.0223210155963898 0.0231574345380068 0.0299296975135803 0.0276647061109543 0.0276080146431923 0.0230240132659674 0.0276528690010309 0.0246494077146053 0.0226890109479427 0.0276003014296293 0.0208548493683338 0.0428413450717926 0.0137716270983219 0.00571289239451289 0.00433315988630056 0.00770762003958225 0.0127918440848589 0.0258251409977674 0.0336848348379135 0.0438559018075466 0.0317152813076973 0.0302813779562712 -3.4e+38 0.0433005876839161 0.0132314870133996 0.00687545770779252 0.0083580743521452 0.0115901306271553 0.0111060850322247 0.0284947324544191 0.0315095148980618 0.0296676345169544 0.0194562859833241 0.0211637392640114 0.0163828674703836 0.0116939516738057
-3.4e+38 -3.4e+38 -3.4e+38 -3.4e+38 -3.4e+38 0.24449135363102 0.240070849657059 0.128227636218071 0.0233755391091108 0.0195188876241446 0.0349039733409882 0.0307799577713013 0.0319258831441402 0.0305964890867472 0.0402284003794193 0.040136881172657 0.0177899450063705 0.0188473612070084 0.0208950787782669 0.00696711894124746 0.03549500182271 0.0044840769842267 0.0134267900139093 0.00754408305510879 0.00752314692363143 0.011652547866106 0.0146013423800468 0.0182072483003139 0.036897324025631 0.0486169084906578 0.0378182642161846 0.057891957461834 0.0248923189938068 0.00546366395428777 0.00365391140803695 0.00645593926310539 0.017660990357399 0.0111657278612256 0.0160460993647575 0.0229340195655823 0.0253283083438873 0.0225062780082226 0.020602760836482 0.0352527350187302 0.0121539896354079
-3.4e+38 -3.4e+38 -3.4e+38 -3.4e+38 -3.4e+38 0.203131750226021 0.141792342066765 0.0461909845471382 0.0143418200314045 0.0303077176213264 0.0342359729111195 0.0359631739556789 0.0344889424741268 0.0325027443468571 0.0250570811331272 0.0298025161027908 -3.4e+38 -3.4e+38 0.015014261007309 0.0195918213576078 -3.4e+38 0.0345206819474697 0.0369349345564842 0.00361314741894603 0.0073818527162075 0.0152795752510428 0.012763500213623 0.0142030855640769 0.0292882192879915 0.0325514562427998 0.032060943543911 0.0323959849774837 0.0226303804665804 0.026907242834568 0.0183910466730595 0.0191699862480164 0.0162541810423136 0.0107727302238345 0.0147633459419012 0.0141765438020229 0.0243713278323412 0.0266326330602169 0.0233379416167736 0.0154657373204827 0.00925189163535833
-3.4e+38 -3.4e+38 -3.4e+38 -3.4e+38 -3.4e+38 0.194549769163132 0.0652016028761864 -3.4e+38 0.018600532785058 0.0240873210132122 0.0345064513385296 0.0411677770316601 0.0269741490483284 0.0254120193421841 0.0322391018271446 -3.4e+38 -3.4e+38 -3.4e+38 -3.4e+38 0.0188158825039864 0.0192738324403763 0.0377375297248363 0.0465837307274342 0.0164338126778603 0.00468563754111528 0.0165074728429317 0.00667978962883353 0.0232031513005495 0.027332229539752 0.0218703933060169 0.0341233536601067 0.0289596356451511 0.0240072384476662 0.0235584359616041 0.0173409525305033 0.0161018148064613 0.0114202294498682 0.00574079109355807 0.00743577629327774 0.00965895969420671 0.0394098274409771 0.0228514056652784 0.0241475161164999 0.0282537881284952 0.0246306974440813
-339999999999999996128486808808066248288.000000000000000 -3.4e+38 -3.4e+38 -3.4e+38 -3.4e+38 0.0650867521762848 -3.4e+38 0.00916993524879217 0.0184304099529982 0.0256651248782873 0.0304459035396576 0.0466838479042053 0.0339537151157856 -3.4e+38 0.0344193987548351 -3.4e+38 -3.4e+38 -3.4e+38 -3.4e+38 -3.4e+38 -3.4e+38 0.0244273766875267 0.0351023189723492 0.0338520295917988 0.0102572198957205 0.0052319816313684 0.00647814804688096 0.0212188996374607 0.0262235924601555 0.0278187319636345 0.0384386405348778 0.0323693044483662 0.0256617497652769 0.0211322661489248 0.0225536897778511 0.0179774612188339 0.00794381182640791 0.0147138312458992 0.0161852221935987 0.032113391906023 0.0181773565709591 0.00664209062233567 0.0133206089958549 0.0271419659256935 0.019591249525547
-3.4e+38 -3.4e+38 -3.4e+38 -3.4e+38 -3.4e+38 -3.4e+38 -3.4e+38 -3.4e+38 0.0277554728090763 0.0339503921568394 0.0417608320713043 0.0375203527510166 -3.4e+38 -3.4e+38 0.0289401020854712 0.0288843773305416 -3.4e+38 -3.4e+38 -3.4e+38 -3.4e+38 -3.4e+38 0.0306898504495621 0.0326635465025902 0.0241531971842051 0.0199164934456348 0.0118229193612933 0.0135412272065878 0.0272581856697798 0.0260952915996313 0.0421714819967747 0.0325002111494541 0.0335909649729729 0.0342399850487709 0.0202398598194122 0.021659517660737 0.0192141775041819 0.0350636839866638 0.0322200283408165 0.0317123718559742 0.0400166511535645 0.0374139845371246 0.0148584535345435 0.0264645200222731 0.0291648376733065 0.0288426801562309
-3.4e+38 -3.4e+38 -3.4e+38 -3.4e+38 -3.4e+38 -3.4e+38 -3.4e+38 0.100169762969017 0.0639083310961723 0.0383182726800442 0.0566170066595078 0.0583574548363686 0.0556199699640274 -3.4e+38 -3.4e+38 0.0230595525354147 0.0158983003348112 0.0301760416477919 0.01908278465271 0.0346948392689228 -3.4e+38 0.0113559318706393 0.00551316607743502 0.0343077592551708 0.0183323100209236 0.0217739846557379 0.0195643361657858 0.0230311863124371 0.0391388386487961 -3.4e+38 -3.4e+38 0.0609326958656311 0.04872852191329 0.0385154113173485 0.0751951038837433 0.0431853383779526 0.033610638231039 0.0288387984037399 0.0308446511626244 0.0331629626452923 0.0387344025075436 0.0322693362832069 0.0300997961312532 0.0366031639277935 0.0323205962777138
-3.4e+38 -3.4e+38 -3.4e+38 -3.4e+38 -3.4e+38 -3.4e+38 -3.4e+38 0.0999260172247887 0.0415985248982906 0.0403761230409145 0.0290056262165308 0.0231537278741598 -3.4e+38 -3.4e+38 -3.4e+38 0.0167693179100752 0.0238826647400856 0.0111270025372505 0.0244847480207682 0.0380666963756084 0.032880999147892 -3.4e+38 -3.4e+38 -3.4e+38 0.0300026368349791 0.0179775338619947 0.0127992685884237 0.0127159850671887 -3.4e+38 -3.4e+38 -3.4e+38 -3.4e+38 -3.4e+38 -3.4e+38 0.0317402780056 0.0434405766427517 0.0210195425897837 0.0331710837781429 0.0342382602393627 0.0364132672548294 0.0379213839769363 0.0302478633821011 0.0322973839938641 0.0332087315618992 0.0268339961767197
-3.4e+38 -3.4e+38 -3.4e+38 -3.4e+38 -3.4e+38 0.0797690823674202 0.0527693703770638 -3.4e+38 0.00816978327929974 0.0307960100471973 0.0307391993701458 0.0196516495198011 0.0151875372976065 0.0397932678461075 0.0289689488708973 0.02575808390975 0.0243610348552465 0.0263725910335779 0.0175847485661507 0.028688358142972 0.0255131125450134 -3.4e+38 -3.4e+38 -3.4e+38 0.0543059185147285 0.0105900000780821 0.0780799984931946 -3.4e+38 -3.4e+38 -3.4e+38 -3.4e+38 -3.4e+38 0.0359200015664101 0.0390583910048008 0.0610486418008804 0.0368022732436657 0.0360340178012848 0.0374698452651501 0.0293141286820173 0.0277169812470675 0.0302006304264069 0.0321505703032017 0.0319976136088371 0.032889898866415 0.0284374635666609
-3.4e+38 -3.4e+38 -3.4e+38 -3.4e+38 -3.4e+38 -3.4e+38 0.058788999915123 0.043956097215414 0.038328792899847 0.0247261170297861 0.0308327432721853 0.0277020633220673 0.0415424816310406 0.0421127118170261 0.0332123935222626 0.0152559103444219 0.0252421032637358 0.0194485876709223 0.0204214621335268 0.0227383747696877 -3.4e+38 -3.4e+38 -3.4e+38 -3.4e+38 -3.4e+38 -3.4e+38 0.0416031256318092 -3.4e+38 -3.4e+38 -3.4e+38 -3.4e+38 -3.4e+38 -3.4e+38 0.0388258770108223 0.0403335094451904 0.0283731371164322 0.0252381861209869 0.0300311278551817 0.0254715885967016 0.0237680803984404 0.0260095875710249 0.0262921247631311 0.0274716448038816 0.0289611015468836 0.0308122131973505
-3.4e+38 -3.4e+38 -3.4e+38 -3.4e+38 -3.4e+38 -3.4e+38 -3.4e+38 0.0724528133869171 0.0203305259346962 0.0117855686694384 0.0301054194569588 0.0289075113832951 0.0320946723222733 0.0267063286155462 0.0269940197467804 0.0245826095342636 0.0116079747676849 0.02505805157125 0.0232821442186832 0.0218701045960188 -3.4e+38 -3.4e+38 -3.4e+38 -3.4e+38 -3.4e+38 0.0400175154209137 0.0416327752172947 -3.4e+38 -3.4e+38 -3.4e+38 -3.4e+38 -3.4e+38 0.036426916718483 0.0379948019981384 0.0394051522016525 0.0479086972773075 0.0339154899120331 0.0418961197137833 0.0274155028164387 0.0266430769115686 0.0219513271003962 0.0197846703231335 0.0229619611054659 0.0309017933905125 0.0286793913692236
-3.4e+38 -3.4e+38 -3.4e+38 -3.4e+38 -3.4e+38 -3.4e+38 0.0964910015463829 0.0788586437702179 0.0290337614715099 0.0227883011102676 0.0486610978841782 0.0712269246578217 0.0171468779444695 0.0262543838471174 0.0149355689063668 0.0373954214155674 0.0218429379165173 0.0227125752717257 0.0218647327274084 0.0468076467514038 0.0507615059614182 0.0339922569692135 0.0266976747661829 0.0301840659230947 0.0245751496404409 0.0192133784294128 0.0260017719119787 0.0512980856001377 -3.4e+38 -3.4e+38 -3.4e+38 -3.4e+38 0.0354520566761494 0.0339388474822044 0.0358150824904442 0.0182014163583517 0.0146167241036892 0.028739070519805 0.0277330856770277 0.0296530034393072 0.0257487110793591 0.0219106823205948 0.0251330714672804 0.0256806164979935 0.0188716985285282
-3.4e+38 -3.4e+38 -3.4e+38 -3.4e+38 -3.4e+38 -3.4e+38 -3.4e+38 0.0798400118947029 0.0323578603565693 0.0260754991322756 0.0349111892282963 -3.4e+38 0.0293367430567741 0.0113767199218273 0.0378345213830471 0.0400736518204212 0.0300873424857855 0.0248319022357464 0.022624084725976 0.0763650014996529 0.0710829943418503 0.033588707447052 0.0262799318879843 0.03812325745821 0.0454455614089966 0.0345571115612984 0.025038393214345 0.0490353591740131 -3.4e+38 -3.4e+38 -3.4e+38 -3.4e+38 0.0733395293354988 0.0341446772217751 0.0348902568221092 0.0281444936990738 0.0293845776468515 0.0265837162733078 0.0241683106869459 0.0293045304715633 0.0299468766897917 0.0191389713436365 0.0222217030823231 0.0225375145673752 0.0268814358860254
-3.4e+38 -3.4e+38 -3.4e+38 -3.4e+38 -3.4e+38 -3.4e+38 0.186350837349892 0.0825425609946251 0.0227643679827452 0.0175907853990793 0.00810888130217791 0.013159766793251 0.0299968756735325 0.0339627750217915 0.0330706760287285 0.0315932519733906 0.0290307570248842 0.029394855722785 0.0269243493676186 0.0207584332674742 0.0231008920818567 0.0237971134483814 0.0299901496618986 0.0326673798263073 0.0369808860123158 0.0303334668278694 0.0314317271113396 0.024264894425869 -3.4e+38 0.0358173549175262 0.0235645864158869 0.042680524289608 -3.4e+38 -3.4e+38 -3.4e+38 0.0523235909640789 0.0229438189417124 0.0181712061166763 0.0233576577156782 0.0305336732417345 0.0244747754186392 0.0214559137821198 0.0231032222509384 0.0224241595715284 0.0209705624729395
-3.4e+38 -3.4e+38 -3.4e+38 -3.4e+38 -3.4e+38 -3.4e+38 0.148397251963615 0.0826701000332832 0.0282693896442652 0.0247560832649469 0.0327050760388374 0.0197392757982016 0.0157550312578678 0.0213118232786655 0.0290776249021292 0.0311385840177536 0.0215458534657955 -3.4e+38 0.0329511873424053 0.0199614372104406 0.0213644728064537 0.0190205629914999 0.0229274686425924 0.025100689381361 0.0343081094324589 0.027974521741271 0.0284642558544874 0.0321495495736599 -3.4e+38 0.028585834428668 0.0423848815262318 0.0174680072814226 -3.4e+38 0.0408549793064594 -3.4e+38 -3.4e+38 0.0203392114490271 0.00793270114809275 0.0295167081058025 0.0353903062641621 0.0307299252599478 0.0231927391141653 0.0231570079922676 0.0229054410010576 0.022641446441412
-3.4e+38 -3.4e+38 -3.4e+38 -3.4e+38 -3.4e+38 -3.4e+38 0.113097161054611 0.0526950508356094 0.0126058179885149 0.0299705788493156 0.0254795867949724 0.0264687817543745 0.0121768489480019 0.0288650393486023 0.0293014664202929 0.016597593203187 -3.4e+38 0.0356829985976219 0.0350427478551865 0.0180413089692593 0.0311387591063976 0.0201740581542253 0.021624680608511 0.0274607166647911 0.0213937517255545 0.0251040272414684 0.00826047454029322 0.0292795486748219 0.0270813647657633 0.0283565856516361 -3.4e+38 -3.4e+38 -3.4e+38 -3.4e+38 -3.4e+38 -3.4e+38 0.0214128587394953 0.0261848252266645 0.030002498999238 0.0330993346869946 0.0304978117346764 0.0243414063006639 0.025061309337616 0.0235443264245987 0.0208606384694576
