Ecospace-environmental-drivers/Outputs/ASCII-for-ecospace/Cfl/Cfl_X2020.06.asc
NCOLS 131 
NROWS 53 
XLLCORNER -98 
YLLCORNER 23.9265270233154 
CELLSIZE 0.133587792515755 
NODATA_value -3.4e+38 
[rows 20 to 39 of 53, columns 44 to 87 of 131]
0.0164262503385544 0.0108077861368656 0.0130716022104025 -0.00452604005113244 -0.00410035252571106 0.0264523029327393 0.0300119388848543 -0.00342661165632308 -0.00287351850420237 -0.0226824749261141 -0.0290577616542578 -0.0236724335700274 -0.01647013053298 0.00789698958396912 0.0100462818518281 0.00537812616676092 0.015079353004694 0.0619867853820324 0.104585416615009 0.112504959106445 0.0704029127955437 0.0246478859335184 0.0221942998468876 0.0209436416625977 0.0102774137631059 0.0128544382750988 0.0137593857944012 0.0122641399502754 0.0028061296325177 -0.00768127012997866 -0.00309550669044256 0.0194514188915491 0.0148354675620794 0.00862789619714022 -0.00146456027869135 -0.00618760334327817 0.00185298104770482 0.00668395031243563 0.00480339722707868 -0.000598267186433077 0.00310549535788596 -0.000415542919654399 0.00745892245322466 0.0120615586638451
0.0127639388665557 0.00811388809233904 0.00161009188741446 -0.000932695344090462 -0.000617160054389387 -0.00164808274712414 -0.00354027166031301 -0.0217781327664852 -0.0287199448794127 -0.0244364459067583 -0.0249162837862968 -0.0277148243039846 -0.0193318333476782 0.0078537343069911 0.0217579007148743 0.024511281400919 0.0319278948009014 0.0307056158781052 0.0154201909899712 0.0104855904355645 0.0141651276499033 0.0101524163037539 0.0266438722610474 0.0417933985590935 0.0116716139018536 0.0159035939723253 0.00468276953324676 0.0158522166311741 0.00446152780205011 0.0135154705494642 0.0200778637081385 0.0200214479118586 0.0170794632285833 0.0137680545449257 0.00262347026728094 -0.00207622861489654 0.00540468515828252 0.0089969402179122 0.00293240835890174 -0.00377890630625188 -0.00410077068954706 0.00468034110963345 0.010841116309166 0.0167266353964806
0.00391036551445723 0.00336162885650992 -0.00190066662617028 -0.00280635827220976 -0.0011675872374326 -9.78568186837947e-06 -0.00517940102145076 -0.0153061477467418 -0.0266616344451904 -0.0277191512286663 -0.0269884150475264 -0.0218637734651566 -0.0112849120050669 0.027765640988946 0.0429979339241982 0.026554374024272 0.0279882475733757 0.0246610268950462 0.0119606433436275 0.00724998954683542 0.00882880110293627 0.0153636410832405 0.0184150151908398 0.018721790984273 0.0116998292505741 0.0110748810693622 0.0119526414200664 0.0127529734745622 0.0145660806447268 0.0220356285572052 0.0159533508121967 0.0113687012344599 0.00433160969987512 0.00680013513192534 0.0020344250369817 0.00318790692836046 0.00826886482536793 0.0063032153993845 -0.000176819594344124 -0.00406255247071385 -0.000354693795088679 0.0063404468819499 0.0140499984845519 0.0181324947625399
0.000486953882500529 -0.00447529833763838 -0.00779502652585506 -0.00863274279981852 -0.0104384226724505 -0.00647932896390557 0.00269492296501994 -0.00578329898416996 -0.0204983167350292 -0.0276515316218138 -0.016843231394887 -0.00815918762236834 0.0103386854752898 0.0261779446154833 0.0397254936397076 0.0420896783471107 0.0392380505800247 0.0242286268621683 0.0121099967509508 0.00802522897720337 0.0109027475118637 0.0122616346925497 0.0092874662950635 0.0155169339850545 0.0123393833637238 0.0167091898620129 0.0084373839199543 0.0120618734508753 0.00720559153705835 0.00582564296200871 -0.000113610702101141 0.00792565196752548 0.00699774362146854 0.00446817791089416 0.00330257439054549 0.00179419491905719 -0.00172202789690346 -0.00873126462101936 -0.00503656733781099 0.00111986545380205 0.00699912337586284 0.00491555221378803 0.0127726886421442 0.0213877949863672
0.0046311728656292 -0.00453362008556724 -0.00890770927071571 -0.00941455643624067 -0.011240822263062 -0.0125097017735243 -0.00688562961295247 -0.00645241979509592 -0.0124534359201789 -0.017603674903512 -0.0169615913182497 0.00566438166424632 0.00796874053776264 0.0143879875540733 0.0274497643113136 0.0355660729110241 0.0486359037458897 0.0406867749989033 0.0262485649436712 0.0217241756618023 -0.0062060090713203 -0.000488989986479282 -0.0053388923406601 0.00193388480693102 0.0139633240178227 0.0166962873190641 0.00985740963369608 0.00551730813458562 0.00229331245645881 0.00477111944928765 0.00219472008757293 -0.00223233364522457 -0.00279571278952062 0.00338353728875518 -0.00476885726675391 -0.0095586022362113 -0.00510226329788566 -0.00741361500695348 -0.00497166626155376 -0.00323321251198649 0.00380396191030741 0.00416222307831049 0.0115970289334655 0.0191104914993048
0.00470153149217367 0.00082426774315536 -0.00371936336159706 -0.00965673755854368 -0.00930758565664291 -0.0130850160494447 -0.00745014939457178 -0.0011027657892555 -0.00778078474104404 -0.0048228558152914 0.00778261478990316 0.0249118600040674 0.0224405005574226 0.0205718781799078 0.0245734490454197 0.0295583698898554 0.0340832434594631 0.0302704572677612 0.0359659567475319 0.0310333967208862 0.0133231393992901 -0.00356040918268263 -0.0096225943416357 0.00124327547382563 0.00737301772460341 0.00577884633094072 0.0091174840927124 0.00926994066685438 -0.00373172457329929 -0.00484125781804323 -0.00522709172219038 -0.00695408368483186 -0.014399740844965 -0.0151449190452695 -0.0167620833963156 -0.0264450963586569 -0.0224552862346172 -0.0161585491150618 -0.0100440345704556 -0.00708584859967232 0.00387403066270053 0.000486182543681934 0.00757665373384953 0.0172684248536825
0.0071315816603601 -0.00319591932930052 -0.0084711192175746 -0.0068450765684247 -0.00742993038147688 -0.00976221822202206 -0.00878612231463194 -0.00203494029119611 0.00466363644227386 0.0105589581653476 0.0117613468319178 0.0217139981687069 0.0229214336723089 0.0196324642747641 0.0183288585394621 0.0209467634558678 0.0277934055775404 0.0343382209539413 0.0331266522407532 0.0303072985261679 0.0147750470787287 0.00661608157679439 0.0134919788688421 0.0124054150655866 -0.00174153666011989 -0.00311699346639216 0.00173346360679716 -0.00445504020899534 -0.00193514965940267 0.00065567105775699 -0.0113345924764872 -0.0157267805188894 -0.0236379150301218 -0.0288438256829977 -0.0167792439460754 -0.0299136508256197 -0.0247058570384979 0.00184835633262992 -0.013881154358387 -0.0159695111215115 3.24936700053513e-05 0.000121593664516695 0.0138133186846972 0.0157146789133549
0.01129368878901 -0.0020647095516324 -0.00459422403946519 -0.00591602362692356 -0.0102139106020331 -0.00740645546466112 -0.00627648970112205 -0.00110688200220466 0.000429335603257641 0.00441531697288156 0.0103524886071682 0.022767148911953 0.0196126066148281 0.0171125438064337 0.0143818771466613 0.0158995166420937 0.0158601514995098 0.0172266215085983 0.0185312815010548 0.0194038860499859 0.0169110465794802 0.010651177726686 0.0077689653262496 0.00375642930157483 0.000545219285413623 -9.19665835681371e-05 -0.00262520764954388 -0.00263751670718193 -0.00122703809756786 -0.00292892521247268 -0.00562678882852197 -0.0197936184704304 -0.0317752435803413 -0.0392109826207161 -0.0304110758006573 -0.0293492507189512 -0.029198881238699 -0.0254761092364788 -0.0135254096239805 -0.00923170428723097 -0.0057674222625792 0.00319769862107933 0.00767710246145725 0.0112131536006927
0.0135643435642123 0.00521647464483976 -0.00340625224635005 -0.010727858170867 -0.0130997970700264 -0.00987796206027269 -0.0114263081923127 -0.00114737963303924 0.000512809143401682 0.000174719491042197 0.00765849137678742 0.0145054562017322 0.0169670693576336 0.00360893388278782 0.00293977931141853 0.00776342721655965 0.00856014061719179 0.00395303498953581 0.00453416910022497 -0.0028959852643311 -0.0040882439352572 -0.00289430725388229 -0.00241669407114387 0.00160199461970478 -0.0013687479076907 -0.00265230727382004 -0.00422346778213978 0.000232380669331178 -0.00205247895792127 0.00306947971694171 0.00335056195035577 -0.0254326537251472 -0.0447038263082504 -0.0481170788407326 -0.0309334993362427 -0.0300669874995947 -0.0250411927700043 -0.0407123789191246 -0.0184269994497299 -0.0139386774972081 -0.00901027675718069 -0.000226531905354932 0.00585885345935822 0.00733570521697402
0.00192155735567212 0.00934238824993372 0.00745161855593324 -0.00571659207344055 -0.00854287203401327 -0.0123666236177087 -0.0180239155888557 0.0102730207145214 -0.001860435702838 -0.0129237808287144 -0.00686315214261413 0.00256846658885479 -0.00245750765316188 -0.00161705201026052 -0.00242252508178353 0.00321963638998568 0.00532894441857934 0.00128831854090095 -0.00375640136189759 -0.0040001068264246 -0.00115618552081287 -0.00247630383819342 -0.00365807698108256 -0.00300617725588381 0.00185065623372793 -0.000159945149789564 -0.00247800978831947 0.00226306077092886 -0.0035684765316546 0.00255371420644224 -0.00243537384085357 -0.00149307493120432 -0.0210337936878204 -0.00448175380006433 -0.0143709136173129 -0.0363535434007645 -0.0262411683797836 -0.0283725615590811 -0.018535615876317 -0.0146977575495839 -0.010502933524549 -0.000463005009805784 0.0109840668737888 0.00956922490149736
0.00704463897272944 0.0189405921846628 -0.000299634149996564 -0.0282142832875252 -0.022283960133791 -0.0154049042612314 -0.0122009450569749 -0.0111847370862961 -0.0109227430075407 -0.0100630139932036 -0.0155276861041784 -0.0065392293035984 -0.00553638301789761 -0.00354959163814783 -0.00162136368453503 0.00420028669759631 0.000552545068785548 -0.00199737423099577 0.000687239167746156 -0.00235634227283299 -0.00481060054153204 -0.00207133148796856 -0.000789085461292416 -0.00328945694491267 0.00317506631836295 0.00792197417467833 0.00249641528353095 0.00271660275757313 0.000880056584719568 -0.00493140751495957 -0.00549263739958405 -0.0020280706230551 -0.00114277168177068 0.00288489344529808 0.00087316648568958 -0.0192077942192554 -0.0222470480948687 -0.0103231882676482 -0.0129699492827058 -0.00954380817711353 -0.0120066804811358 0.00156356603838503 0.0106417201459408 0.0161439552903175
0.0171359926462173 0.0280170310288668 0.0251535698771477 -0.0159716792404652 -0.0352046266198158 -0.0276825409382582 -0.022844335064292 -0.0100906351581216 -0.00705964351072907 -0.00941475201398134 -0.0171229280531406 -0.019778436049819 -0.0213616490364075 -0.0236373953521252 -0.0103875063359737 -0.0130376638844609 0.000327920861309394 -0.000378463591914624 -0.00251162238419056 -0.0055761975236237 -0.00183628487866372 -0.000720609677955508 -0.00119804323185235 0.00203849235549569 -0.00246103736571968 0.00101041153538972 0.0074086906388402 0.00134806265123188 0.00752780074253678 0.00238651200197637 -0.000479246111353859 0.000378259865101427 -0.00285537866875529 0.00119802018161863 0.0174939502030611 0.0131719782948494 0.000421216856921092 -0.00383027689531446 0.000215876047150232 -0.000792231759987772 -0.00577097525820136 0.000759245071094483 0.0178777202963829 0.0171161964535713
0.0281292367726564 0.0323736406862736 0.0262214057147503 0.0229830797761679 0.0033377748914063 -0.0294915325939655 -0.0328184142708778 -0.0270738564431667 -0.0132717322558165 -0.00939799938350916 -0.014498570933938 -0.0181556940078735 -0.0247583799064159 -0.0169876292347908 -0.0128464810550213 -0.00976814888417721 0.00277941953390837 0.000866670336108655 0.000378854805603623 -0.00238728104159236 -0.00101218768395483 -0.00182988331653178 -0.00217325449921191 -0.00370968715287745 -0.00185366556979716 -1.0113632924913e-05 0.000561863649636507 0.00936904642730951 0.00666117668151855 0.00790475029498339 0.0142903383821249 0.00425293575972319 0.000253439851803705 -0.000708125182427466 0.000315290642902255 0.011615457944572 0.00970394350588322 -0.000162856085808016 0.00345158623531461 0.0134645188227296 0.00892384722828865 0.00871808547526598 0.010020537301898 0.0135830817744136
0.0508453845977783 0.0423908792436123 0.0362453274428844 0.0246065873652697 0.0222688857465982 0.0245056916028261 -0.0215162988752127 -0.034813929349184 -0.0292499475181103 -0.0267264433205128 -0.00725189922377467 -0.00873001292347908 -0.00334643060341477 -0.00298190233297646 -0.00571802584454417 0.00540731009095907 0.00329493335448205 0.00381689821369946 0.00169099250342697 0.00430540135130286 0.00638136640191078 0.00422139372676611 -0.000317719532176852 5.91130374232307e-05 0.00257764547131956 0.00427611405029893 0.00128110742662102 0.000869155046530068 0.00231083552353084 -0.00627323379740119 0.00952242221683264 0.00742058455944061 0.00244300533086061 0.0011344300583005 0.0029046586714685 0.00809516943991184 0.00992647185921669 0.0104853454977274 0.0128067247569561 0.0208192523568869 0.0251124165952206 0.0188798252493143 0.0131412493065 0.0072256694547832
0.0437724813818932 0.0425673946738243 0.0478561818599701 0.033208966255188 0.0277313869446516 0.028446264564991 0.0207651816308498 0.0076461867429316 -0.0161360632628202 -0.0155296437442303 -0.0106047270819545 -0.0110716335475445 -0.00759689509868622 -0.0067736697383225 0.00113298057112843 -0.00453564012423158 -0.0066496841609478 -0.00328191183507442 0.00153789040632546 0.000335017452016473 0.00717332260683179 0.00791751034557819 0.00248428829945624 0.0027262750081718 -0.00276975729502738 -0.000620536040514708 0.00706880958750844 0.0186335500329733 0.0214739013463259 0.0102542554959655 0.00769121246412396 0.00612793350592256 0.0122768059372902 0.0126299308612943 0.0158143863081932 0.0116124665364623 0.0227647759020329 0.0189039055258036 0.0274176802486181 0.0283627808094025 0.0306477174162865 0.0221220720559359 0.0215084478259087 0.0194605179131031
0.0412143766880035 0.0458316206932068 0.0431483276188374 0.0344866402447224 0.0244805924594402 0.030478972941637 0.0296924188733101 0.0248465351760387 0.0181085113435984 0.00656523276120424 0.00714440364390612 -0.0163705237209797 -0.0150035163387656 -0.0167418699711561 -0.00961796846240759 -0.0109445489943027 -0.0156035972759128 -0.00262814271263778 -0.005996975582093 -0.00737244822084904 -0.00452651781961322 -0.0127523634582758 0.00265618856064975 0.00718677323311567 0.0105243530124426 0.00807273015379906 0.011721957474947 0.0185518059879541 0.0135679775848985 0.0143875144422054 0.0144712589681149 0.0174354147166014 0.0198228098452091 0.023172415792942 0.0240042060613632 0.0208200290799141 0.0237905140966177 0.024796936661005 0.0283794198185205 0.02962408028543 0.026821780949831 0.0264271553605795 0.0221869237720966 0.0247915089130402
0.027824655175209 0.0686642602086067 0.0561085566878319 0.0396270304918289 0.0244703348726034 0.0135552147403359 0.0134068299084902 0.0323988571763039 0.0250191073864698 0.0151812937110662 0.0167302954941988 0.00645778095349669 -0.0149532351642847 -0.0285485908389091 -0.0151278330013156 -0.0257085841149092 -0.0180443655699492 0.0197422355413437 -0.00277789100073278 -0.0230836700648069 -0.0201156865805387 -0.0084761381149292 0.0110499942675233 0.00905616395175457 0.0211532656103373 -0.00499775586649776 0.00559150194749236 0.0024707040283829 0.0110204983502626 0.0159328524023294 0.0100737772881985 0.0187229607254267 0.0220993366092443 0.0255014710128307 0.027184821665287 0.0239697564393282 0.0404281094670296 0.0344347357749939 0.0279009267687798 0.0262009892612696 0.0261188503354788 0.0287002939730883 0.0187243092805147 0.0294561181217432
-0.00364850438199937 0.0259375646710396 0.0355812348425388 0.053917683660984 0.0277523435652256 0.00234799389727414 0.0254045072942972 0.0385795123875141 0.0172297433018684 0.0157188065350056 0.0174491740763187 0.0128129608929157 0.0158975720405579 0.00499145174399018 0.00613694079220295 0.00389994005672634 -0.0184947587549686 0.0259671751409769 0.0148248542100191 0.00850716885179281 0.0321154184639454 0.0049981689080596 0.0139392036944628 0.00599232595413923 0.0263838693499565 0.0163550153374672 0.0219665057957172 0.0283902902156115 0.0215317849069834 0.0187297314405441 0.0223914068192244 0.0268222354352474 0.027946587651968 0.0318388901650906 0.0267641227692366 0.0257881451398134 0.0319426394999027 0.0261298250406981 0.0295286327600479 0.0262691974639893 0.0396277494728565 0.0314170084893703 0.0212995838373899 0.0262653324753046
0.0408375635743141 0.0360069796442986 0.0311574637889862 0.0261000506579876 0.00242731324397027 0.020930927246809 0.0115759540349245 0.0336249992251396 0.0109217632561922 0.0130192395299673 0.00998514145612717 0.0141771510243416 0.0177016165107489 0.00814999733120203 0.0171098988503218 0.00936640985310078 0.0185554176568985 0.0279439520090818 0.0255623813718557 0.0274196099489927 0.0439359582960606 0.0151252886280417 0.0079092513769865 0.0046781487762928 0.0195160284638405 0.0157958883792162 0.030307974666357 0.0318288803100586 0.018292561173439 0.0154925156384706 0.030395433306694 0.0332234874367714 0.0464237667620182 0.043047558516264 0.0274732671678066 0.0190408937633038 0.0237789005041122 0.0290367491543293 0.0269623249769211 0.0275942180305719 0.0299127046018839 0.038243442773819 0.0238709561526775 0.0262161828577518
0.0257606469094753 0.0584107525646687 0.0172723419964314 0.00605897279456258 0.0623199045658112 0.0159258507192135 0.00867894105613232 -3.4e+38 0.00422883406281471 0.011378476396203 0.0155114345252514 0.0179958585649729 0.0161990951746702 0.0103289419785142 0.0243943259119987 0.0199346747249365 0.0160068534314632 0.0236461274325848 0.0236912071704865 0.0305424705147743 0.0297461673617363 0.0206920076161623 0.0159545838832855 0.0156680326908827 0.0134859876707196 0.0164027232676744 0.0330025516450405 0.0747944638133049 0.0700114220380783 0.0395408123731613 0.031157735735178 0.0436321385204792 0.0468837395310402 0.0462309643626213 0.0246568061411381 0.0228824373334646 0.0360824652016163 0.0388824343681335 0.0438810661435127 0.0294185969978571 0.0305780507624149 0.0333476774394512 0.0265637505799532 0.0280052609741688
