Ecospace-environmental-drivers/Outputs/ASCII-for-ecospace/Cfl/Cfl_X2008.09.asc
NCOLS 131 
NROWS 53 
XLLCORNER -98 
YLLCORNER 23.9265270233154 
CELLSIZE 0.133587792515755 
NODATA_value -3.4e+38 
[rows 0 to 19 of 53, columns 45 to 89 of 131]
-3.4e+38 -3.4e+38 -3.4e+38 -3.4e+38 -3.4e+38 -3.4e+38 -3.4e+38 -3.4e+38 -3.4e+38 -3.4e+38 -3.4e+38 -3.4e+38 -3.4e+38 -3.4e+38 -3.4e+38 -3.4e+38 -3.4e+38 -3.4e+38 -3.4e+38 -3.4e+38 -3.4e+38 -3.4e+38 -3.4e+38 -3.4e+38 -3.4e+38 -3.4e+38 -3.4e+38 -3.4e+38 -3.4e+38 -3.4e+38 -3.4e+38 -3.4e+38 -3.4e+38 -3.4e+38 -3.4e+38 -3.4e+38 -3.4e+38 -3.4e+38 -3.4e+38 -3.4e+38 -3.4e+38 -3.4e+38 -3.4e+38 -3.4e+38 -3.4e+38
-3.4e+38 -3.4e+38 -3.4e+38 -3.4e+38 -3.4e+38 -3.4e+38 -3.4e+38 -3.4e+38 -3.4e+38 -3.4e+38 -3.4e+38 -3.4e+38 -3.4e+38 -3.4e+38 -3.4e+38 -3.4e+38 -3.4e+38 -3.4e+38 -3.4e+38 -3.4e+38 -3.4e+38 -3.4e+38 -3.4e+38 -3.4e+38 -3.4e+38 -3.4e+38 -3.4e+38 -3.4e+38 -3.4e+38 -3.4e+38 -3.4e+38 -3.4e+38 -3.4e+38 -3.4e+38 -3.4e+38 -3.4e+38 -3.4e+38 -3.4e+38 -3.4e+38 -3.4e+38 -3.4e+38 -3.4e+38 -3.4e+38 -3.4e+38 -3.4e+38
-3.4e+38 -3.4e+38 -3.4e+38 -3.4e+38 -3.4e+38 -3.4e+38 -3.4e+38 -3.4e+38 -3.4e+38 -3.4e+38 -3.4e+38 -3.4e+38 -3.4e+38 -3.4e+38 -3.4e+38 -3.4e+38 -3.4e+38 -3.4e+38 -3.4e+38 -3.4e+38 -3.4e+38 -3.4e+38 -3.4e+38 -3.4e+38 -3.4e+38 -3.4e+38 -3.4e+38 -3.4e+38 -3.4e+38 -3.4e+38 -3.4e+38 -3.4e+38 -3.4e+38 -3.4e+38 -3.4e+38 -3.4e+38 -3.4e+38 -3.4e+38 -3.4e+38 -3.4e+38 -3.4e+38 -3.4e+38 -3.4e+38 -3.4e+38 -3.4e+38
-3.4e+38 -3.4e+38 -3.4e+38 -3.4e+38 -3.4e+38 -3.4e+38 -3.4e+38 -3.4e+38 -3.4e+38 -3.4e+38 -3.4e+38 -3.4e+38 -3.4e+38 -3.4e+38 -3.4e+38 -3.4e+38 -3.4e+38 -3.4e+38 -3.4e+38 -3.4e+38 -3.4e+38 -3.4e+38 -3.4e+38 -3.4e+38 -3.4e+38 -3.4e+38 -3.4e+38 -3.4e+38 -3.4e+38 29.8765811920166 19.965353012085 -3.4e+38 -3.4e+38 -3.4e+38 -3.4e+38 -3.4e+38 -3.4e+38 -3.4e+38 -3.4e+38 -3.4e+38 -3.4e+38 -3.4e+38 -3.4e+38 -3.4e+38 -3.4e+38
-3.4e+38 -3.4e+38 -3.4e+38 -3.4e+38 -3.4e+38 -3.4e+38 -3.4e+38 -3.4e+38 -3.4e+38 -3.4e+38 -3.4e+38 -3.4e+38 -3.4e+38 34.495189666748 -3.4e+38 -3.4e+38 -3.4e+38 -3.4e+38 -3.4e+38 -3.4e+38 -3.4e+38 -3.4e+38 15.5512590408325 12.006459236145 -3.4e+38 -3.4e+38 -3.4e+38 12.0757026672363 -3.4e+38 13.5547981262207 14.2304267883301 -3.4e+38 -3.4e+38 -3.4e+38 -3.4e+38 -3.4e+38 -3.4e+38 10.7799186706543 1.10118579864502 0.878388106822968 1.4698771238327 1.33528244495392 1.41568958759308 -3.4e+38 -3.4e+38
-3.4e+38 -3.4e+38 -3.4e+38 -3.4e+38 -3.4e+38 -3.4e+38 -3.4e+38 -3.4e+38 -3.4e+38 -3.4e+38 19.5610752105713 21.0690097808838 16.5972862243652 16.4034271240234 18.0333232879639 22.0437812805176 -3.4e+38 -3.4e+38 -3.4e+38 -3.4e+38 16.2454299926758 12.5239601135254 9.64319324493408 10.2738370895386 9.59338760375977 10.8778553009033 9.60161209106445 9.92978477478027 8.79113960266113 9.02762222290039 10.3938627243042 11.9095792770386 3.63928723335266 4.37277698516846 3.71935677528381 1.75641691684723 1.18022191524506 0.998460352420807 0.789076387882233 0.680470883846283 0.761913120746613 1.0146586894989 1.41085243225098 3.50789356231689 3.25596857070923
-3.4e+38 -3.4e+38 -3.4e+38 -3.4e+38 -3.4e+38 -3.4e+38 -3.4e+38 -3.4e+38 -3.4e+38 -3.4e+38 -3.4e+38 20.6953105926514 14.4253740310669 13.1850242614746 15.8945169448853 20.7143135070801 -3.4e+38 16.9501895904541 13.3858251571655 11.3077917098999 10.3619089126587 7.50083684921265 6.2547607421875 4.95066022872925 4.10826873779297 4.93591165542603 4.56077003479004 3.61296772956848 3.50307655334473 3.1126561164856 2.049959897995 1.84737491607666 1.51973140239716 0.9144646525383 0.828527390956879 0.775651156902313 0.740556657314301 0.576715052127838 0.48014760017395 0.507847607135773 0.575761914253235 0.587243795394897 0.631641149520874 0.968297183513641 1.64695310592651
-3.4e+38 -3.4e+38 -3.4e+38 -3.4e+38 -3.4e+38 -3.4e+38 -3.4e+38 -3.4e+38 -3.4e+38 -3.4e+38 -3.4e+38 -3.4e+38 13.9172668457031 12.8015012741089 15.6444206237793 16.795654296875 15.7529926300049 12.8279190063477 12.8707695007324 12.4574012756348 7.01437568664551 7.17331790924072 5.76673603057861 4.42859506607056 3.23949456214905 3.38193321228027 3.3778772354126 2.83318281173706 1.97462713718414 1.64046370983124 1.32377064228058 1.02916836738586 0.880396604537964 0.68565958738327 0.552576184272766 0.507527709007263 0.49766942858696 0.435744225978851 0.409611135721207 0.366025865077972 0.363755255937576 0.354790687561035 0.400631576776505 0.53753536939621 0.747111141681671
42.9859008789062 -3.4e+38 -3.4e+38 -3.4e+38 -3.4e+38 -3.4e+38 -3.4e+38 -3.4e+38 -3.4e+38 -3.4e+38 -3.4e+38 -3.4e+38 -3.4e+38 -3.4e+38 -3.4e+38 -3.4e+38 -3.4e+38 12.447772026062 -3.4e+38 -3.4e+38 8.30894184112549 6.95915269851685 5.81922245025635 4.46262741088867 2.61320424079895 2.40200972557068 1.43998324871063 1.38188517093658 1.40576195716858 1.02900421619415 1.08362650871277 0.930146992206573 0.85167795419693 0.621363580226898 0.446105152368546 0.373440682888031 0.343845427036285 0.309314012527466 0.329558938741684 0.338743418455124 0.353175580501556 0.338589161634445 0.352055191993713 0.398320525884628 0.579417884349823
28.7350578308105 12.2071971893311 -3.4e+38 -3.4e+38 -3.4e+38 -3.4e+38 -3.4e+38 -3.4e+38 -3.4e+38 -3.4e+38 -3.4e+38 -3.4e+38 24.2326469421387 -3.4e+38 -3.4e+38 -3.4e+38 -3.4e+38 -3.4e+38 11.038950920105 7.17451620101929 7.14215183258057 6.22062730789185 4.89091873168945 3.69719958305359 3.02122449874878 1.83464360237122 1.17903923988342 1.39030635356903 1.15138709545135 0.750434696674347 0.674151718616486 0.571398317813873 0.528437614440918 0.426020056009293 0.341359168291092 0.283120840787888 0.281450688838959 0.270108819007874 0.292952656745911 0.300324469804764 0.322128027677536 0.327793508768082 0.352083325386047 0.3978491127491 0.551145076751709
13.6496725082397 8.46900272369385 11.6327075958252 -3.4e+38 -3.4e+38 -3.4e+38 -3.4e+38 -3.4e+38 -3.4e+38 -3.4e+38 -3.4e+38 -3.4e+38 -3.4e+38 -3.4e+38 -3.4e+38 -3.4e+38 -3.4e+38 16.412712097168 12.2834568023682 8.75210666656494 6.45275354385376 5.27736282348633 3.80193877220154 3.38697671890259 2.08343887329102 1.37562811374664 1.24218928813934 1.11984646320343 1.00496971607208 0.690416514873505 0.537711620330811 0.425327926874161 0.371652662754059 0.334221243858337 0.28924772143364 0.263438165187836 0.243586987257004 0.263532131910324 0.295086354017258 0.296312510967255 0.328466027975082 0.341344565153122 0.348164081573486 0.43732225894928 0.561241567134857
16.7688255310059 15.2581624984741 12.1991872787476 13.354513168335 -3.4e+38 -3.4e+38 -3.4e+38 -3.4e+38 -3.4e+38 -3.4e+38 -3.4e+38 -3.4e+38 -3.4e+38 -3.4e+38 -3.4e+38 9.52827835083008 -3.4e+38 -3.4e+38 18.8542633056641 12.1041030883789 9.50124549865723 5.88256168365479 3.50405025482178 2.16192221641541 1.50838971138 0.973225772380829 0.687058329582214 0.774676322937012 0.614480197429657 0.559306681156158 0.450345277786255 0.371080011129379 0.364040017127991 0.370605558156967 0.32233077287674 0.269313007593155 0.239450961351395 0.274471908807755 0.296225398778915 0.297979384660721 0.313838362693787 0.317336946725845 0.353880345821381 0.432633578777313 0.487726241350174
11.7768802642822 10.8455648422241 8.9669075012207 10.1124324798584 10.0974588394165 -3.4e+38 -3.4e+38 -3.4e+38 -3.4e+38 -3.4e+38 8.81429862976074 8.83599376678467 -3.4e+38 -3.4e+38 6.94934225082397 8.89772033691406 10.2229356765747 9.79025554656982 -3.4e+38 -3.4e+38 -3.4e+38 8.37025928497314 3.76769685745239 1.25441765785217 1.21593248844147 0.850637376308441 0.81423544883728 0.584312975406647 0.409725725650787 0.383868128061295 0.330921083688736 0.344547897577286 0.416868507862091 0.380281329154968 0.343873172998428 0.297846615314484 0.256356120109558 0.253942459821701 0.285213261842728 0.314294695854187 0.304038465023041 0.290826022624969 0.32700327038765 0.387573897838593 0.382337033748627
5.24234485626221 7.33905458450317 7.56143999099731 8.6660623550415 8.32481956481934 12.0647563934326 9.2360954284668 8.80902671813965 9.18808269500732 9.43168354034424 8.13274192810059 7.3275351524353 9.17784976959229 5.66719055175781 6.4285306930542 5.98538398742676 5.9972448348999 8.28553009033203 6.74584293365479 -3.4e+38 -3.4e+38 9.71951580047607 7.4673318862915 1.97506630420685 0.978587627410889 0.603625416755676 0.578599691390991 0.378229826688766 0.340156078338623 0.339878350496292 0.213248908519745 0.309354364871979 0.338841676712036 0.350335419178009 0.30766698718071 0.276185691356659 0.239511728286743 0.233112871646881 0.242211878299713 0.272932678461075 0.286528706550598 0.262226402759552 0.257465571165085 0.357494592666626 0.390949368476868
3.6611750125885 4.33574771881104 4.68410539627075 5.04025888442993 5.89111614227295 6.16417074203491 6.36048221588135 6.78269529342651 7.54058027267456 7.01564455032349 6.0172061920166 6.61114549636841 6.93907499313354 5.69701766967773 6.57804536819458 6.22334146499634 7.68447065353394 7.2416090965271 6.86691999435425 7.43054819107056 -3.4e+38 11.1073408126831 8.95539855957031 2.18571949005127 0.598174750804901 0.395711421966553 0.30899041891098 0.268883496522903 0.219685897231102 0.191769421100616 0.177492693066597 0.204704836010933 0.257058769464493 0.268814504146576 0.277048885822296 0.232495024800301 0.234477117657661 0.216402098536491 0.192638754844666 0.199848607182503 0.213221862912178 0.220735892653465 0.208165362477303 0.222955495119095 0.330908209085464
1.96720349788666 2.32385087013245 2.57615756988525 2.74210047721863 3.50591993331909 3.85875606536865 4.42758083343506 5.05699300765991 5.32186126708984 4.6042332649231 4.26605272293091 5.53165769577026 4.85901546478271 4.37694692611694 5.22424554824829 4.92947864532471 4.59633445739746 5.22289752960205 6.42642879486084 8.05392360687256 8.21802711486816 11.6398067474365 8.70387363433838 3.09824800491333 0.705770194530487 0.260731935501099 0.237670958042145 0.211362257599831 0.18923008441925 0.170603275299072 0.150636255741119 0.164315417408943 0.1876140832901 0.218810424208641 0.223206669092178 0.195975854992867 0.194249674677849 0.20494943857193 0.19914685189724 0.181841850280762 0.177775874733925 0.194355770945549 0.203711897134781 0.215566739439964 0.241004467010498
1.16284418106079 1.65793526172638 2.25117564201355 2.40650749206543 2.8946807384491 3.215895652771 3.80907416343689 3.82951664924622 3.41364932060242 3.18883800506592 3.19177436828613 3.8197340965271 2.90799593925476 2.41932487487793 2.63048529624939 3.55722546577454 5.19331550598145 4.85253667831421 6.0086669921875 6.16173696517944 6.3190279006958 3.76504015922546 4.62616777420044 2.37955379486084 0.46558940410614 0.281638503074646 0.246350511908531 0.212166145443916 0.170741498470306 0.181750163435936 0.162461757659912 0.155388057231903 0.183166116476059 0.196079358458519 0.186375021934509 0.173095896840096 0.177136644721031 0.201774552464485 0.194589897990227 0.17859810590744 0.18117493391037 0.189484789967537 0.216982111334801 0.22727008163929 0.239933356642723
0.706355810165405 0.778388738632202 1.05593919754028 1.77590656280518 2.45493173599243 2.9414381980896 3.06313896179199 3.24412298202515 3.09928154945374 2.59624433517456 2.5356547832489 2.58034658432007 2.58894467353821 1.56577503681183 1.33848023414612 1.65844559669495 2.78320837020874 3.20117592811584 4.64242076873779 4.69162225723267 2.19213676452637 1.59524714946747 1.98296046257019 1.3578919172287 0.510056495666504 0.263293027877808 0.238305076956749 0.194393992424011 0.187243908643723 0.169494941830635 0.159984990954399 0.167225643992424 0.171639174222946 0.166963160037994 0.162207186222076 0.173649832606316 0.167846739292145 0.181540355086327 0.18536314368248 0.184459134936333 0.180851191282272 0.204505279660225 0.231003612279892 0.245490163564682 0.244154199957848
0.744782745838165 0.66460919380188 0.719483375549316 0.844050228595734 1.31272768974304 1.54736769199371 1.35860812664032 1.41092467308044 1.31870603561401 1.20568120479584 1.35021102428436 1.41120505332947 1.30700361728668 1.30581676959991 1.09538638591766 1.09322094917297 1.03132092952728 1.30223596096039 1.74017596244812 1.16419661045074 0.855319917201996 0.896937131881714 0.814812302589417 0.927950978279114 0.445029675960541 0.245692506432533 0.208614826202393 0.207013174891472 0.188196823000908 0.177957594394684 0.168361410498619 0.164966255426407 0.159714713692665 0.159557193517685 0.161161154508591 0.168251752853394 0.170200392603874 0.17791274189949 0.169141739606857 0.166558429598808 0.197408229112625 0.213175743818283 0.211450293660164 0.23765030503273 0.250970453023911
0.454539388418198 0.489197015762329 0.620382785797119 0.820226550102234 0.892171680927277 0.807301640510559 0.798440396785736 0.850798547267914 0.816797018051147 0.813026189804077 0.752815306186676 0.804890394210815 0.940387964248657 1.08875632286072 0.960893094539642 0.914303243160248 1.0119537115097 0.826922178268433 0.679091513156891 0.492815971374512 0.646332800388336 0.59517240524292 0.545878231525421 0.542696893215179 0.27661606669426 0.242062494158745 0.191554173827171 0.187194168567657 0.19801139831543 0.178220391273499 0.163084656000137 0.168266370892525 0.16827230155468 0.162145629525185 0.16859033703804 0.173174276947975 0.166984587907791 0.163708835840225 0.158831477165222 0.178790703415871 0.200770378112793 0.214984968304634 0.209103882312775 0.235055193305016 0.240485966205597
