Ecospace-environmental-drivers/Outputs/ASCII-for-ecospace/Cfl/Cfl_X2010.09.asc
NCOLS 131 
NROWS 53 
XLLCORNER -98 
YLLCORNER 23.9265270233154 
CELLSIZE 0.133587792515755 
NODATA_value -3.4e+38 
[rows 20 to 39 of 53, columns 0 to 44 of 131]
-3.4e+38 -3.4e+38 -3.4e+38 -3.4e+38 -3.4e+38 -3.4e+38 -3.4e+38 -3.4e+38 -3.4e+38 16.3997421264648 11.66100025177 6.03835916519165 4.60441160202026 3.19127702713013 1.96594893932343 1.04510176181793 0.60355132818222 0.604496479034424 0.623993039131165 0.553418576717377 0.437244027853012 0.322254598140717 0.323391228914261 0.328355967998505 0.256383538246155 0.213282287120819 0.275950014591217 0.230218157172203 0.218131467700005 0.222976326942444 0.283001303672791 0.237504288554192 0.244669854640961 0.261756360530853 0.255746901035309 0.245089739561081 0.259049862623215 0.267053484916687 0.283587455749512 0.320424437522888 0.310160279273987 0.257501780986786 0.31343936920166 0.301587104797363 0.279921859502792
-3.4e+38 -3.4e+38 -3.4e+38 -3.4e+38 -3.4e+38 -3.4e+38 15.8503341674805 18.1399707794189 -3.4e+38 10.3869667053223 6.68559455871582 3.71064281463623 2.10230088233948 1.5792236328125 1.02816545963287 0.957497417926788 0.624855935573578 0.444904416799545 0.418233782052994 0.383473247289658 0.319071084260941 0.254792809486389 0.304642736911774 0.314072072505951 0.225012883543968 0.162377029657364 0.212965533137321 0.21940390765667 0.192392438650131 0.189023599028587 0.270849704742432 0.283874869346619 0.197152107954025 0.203481748700142 0.192634522914886 0.21812741458416 0.228090301156044 0.230180352926254 0.235688790678978 0.250125706195831 0.254795789718628 0.269689440727234 0.307184219360352 0.288808703422546 0.278122812509537
-3.4e+38 -3.4e+38 -3.4e+38 -3.4e+38 -3.4e+38 -3.4e+38 -3.4e+38 16.8814086914062 6.6742639541626 4.63829565048218 2.94504523277283 1.80612730979919 1.2800201177597 1.00444316864014 0.869836986064911 0.666085600852966 0.390122443437576 0.275326579809189 0.251833915710449 0.220863863825798 0.176019802689552 0.160021245479584 0.179464995861053 0.21816386282444 0.169494166970253 0.12455902248621 0.156797215342522 0.173625022172928 0.176568895578384 0.175647303462029 0.206186532974243 0.208035990595818 0.20541524887085 0.20492747426033 0.217363625764847 0.226410448551178 0.179465472698212 0.185214266180992 0.223651319742203 0.255447924137115 0.268659710884094 0.282724469900131 0.279553055763245 0.257056385278702 0.218349933624268
-3.4e+38 -3.4e+38 -3.4e+38 -3.4e+38 14.0532598495483 11.8612451553345 -3.4e+38 5.25917196273804 4.40954828262329 2.38827919960022 1.05387437343597 0.828122556209564 0.745845019817352 0.520663321018219 0.402301430702209 0.392517656087875 0.247696682810783 0.178302243351936 0.145443215966225 0.158045783638954 0.127832069993019 0.110870540142059 0.125134527683258 0.139583066105843 0.131209671497345 0.113190099596977 0.132875040173531 0.129865691065788 0.140762820839882 0.138174712657928 0.15608786046505 0.174390733242035 0.181524857878685 0.187794461846352 0.199315711855888 0.183263555169106 0.16701927781105 0.184449583292007 0.219099953770638 0.237519845366478 0.218521639704704 0.228385075926781 0.208670884370804 0.177919670939445 0.212195262312889
-3.4e+38 -3.4e+38 -3.4e+38 -3.4e+38 -3.4e+38 11.7782592773438 5.53289270401001 3.7400758266449 1.88140296936035 1.05779993534088 0.576291680335999 0.483612716197968 0.37801918387413 0.242771238088608 0.179680675268173 0.153641596436501 0.12963305413723 0.12869693338871 0.137144580483437 0.13539431989193 0.117996424436569 0.107906006276608 0.103301823139191 0.103884220123291 0.110274590551853 0.108919896185398 0.117492787539959 0.111662343144417 0.110769242048264 0.104024030268192 0.118603885173798 0.137918248772621 0.162266761064529 0.171669006347656 0.18401837348938 0.156429395079613 0.171361729502678 0.217619955539703 0.223801642656326 0.19744761288166 0.179919511079788 0.177490875124931 0.161755755543709 0.184850424528122 0.24824421107769
-3.4e+38 -3.4e+38 -3.4e+38 -3.4e+38 -3.4e+38 6.67603158950806 5.66281986236572 2.64015793800354 1.48890435695648 0.602290630340576 0.309691458940506 0.267190665006638 0.209170505404472 0.127030864357948 0.112935796380043 0.10704043507576 0.108762472867966 0.11102806776762 0.106823340058327 0.104950197041035 0.10315977782011 0.0963787734508514 0.094258189201355 0.0946222022175789 0.0906606391072273 0.0891266390681267 0.0943089947104454 0.0980289056897163 0.104251846671104 0.10500168800354 0.114844612777233 0.115806378424168 0.135237246751785 0.143288433551788 0.134317770600319 0.141887024044991 0.184643283486366 0.204979315400124 0.207027852535248 0.1847113519907 0.154796376824379 0.173760429024696 0.17750971019268 0.197579547762871 0.194659277796745
-3.4e+38 -3.4e+38 -3.4e+38 -3.4e+38 -3.4e+38 9.58266258239746 3.66836524009705 1.33187437057495 0.609142541885376 0.367681533098221 0.264385223388672 0.246710702776909 0.16512256860733 0.119247980415821 0.108843743801117 0.10247902572155 0.0999854579567909 0.102086938917637 0.101741254329681 0.100362747907639 0.0959345027804375 0.0920994654297829 0.0914442390203476 0.0908898711204529 0.0872765257954597 0.0880538895726204 0.0900037214159966 0.0878608450293541 0.0932763963937759 0.114447414875031 0.121228836476803 0.135996758937836 0.117204532027245 0.107365764677525 0.108070321381092 0.142686039209366 0.18436487019062 0.192701622843742 0.184644028544426 0.155222430825233 0.143944293260574 0.145213782787323 0.155216947197914 0.153578862547874 0.163129657506943
-3.4e+38 -3.4e+38 -3.4e+38 27.4058303833008 -3.4e+38 6.38480949401855 2.82942366600037 1.08701491355896 0.534494280815125 0.352026432752609 0.32591113448143 0.23276299238205 0.149511978030205 0.124728091061115 0.110321775078773 0.10127330571413 0.0954981371760368 0.0946646481752396 0.0930822044610977 0.0919964984059334 0.0910825729370117 0.0901551023125648 0.0874807834625244 0.0868460312485695 0.0856707543134689 0.0891930311918259 0.0874358937144279 0.0903942957520485 0.0966287702322006 0.100559026002884 0.103704534471035 0.111247099936008 0.123532749712467 0.120397321879864 0.129706740379333 0.127428188920021 0.139857992529869 0.190891593694687 0.209437400102615 0.1899593770504 0.143077701330185 0.132824540138245 0.126697063446045 0.173823982477188 0.153917744755745
-339999999999999996128486808808066248288.000000000000000 -3.4e+38 -3.4e+38 -3.4e+38 5.8209810256958 5.79032945632935 2.56730675697327 1.03009450435638 0.375037580728531 0.34163162112236 0.347344696521759 0.175440043210983 0.129098013043404 0.127152070403099 0.106235511600971 0.101424314081669 0.098258301615715 0.0945212915539742 0.0893199369311333 0.0899775102734566 0.0907747820019722 0.0920481160283089 0.0875188782811165 0.0877557396888733 0.0885648801922798 0.0867535471916199 0.080143004655838 0.0814711302518845 0.0815152674913406 0.0815842002630234 0.081906646490097 0.157031372189522 0.188454076647758 0.169770464301109 0.134198471903801 0.220420211553574 0.163447916507721 0.172139227390289 0.183680176734924 0.18678180873394 0.171244591474533 0.154509693384171 0.14369161427021 0.149896800518036 0.155096724629402
-3.4e+38 -3.4e+38 -3.4e+38 -3.4e+38 4.61879968643188 5.85188817977905 3.1138870716095 1.06642627716064 0.535224497318268 0.458496510982513 0.368563205003738 0.156469717621803 0.131477996706963 0.11624301224947 0.106243036687374 0.104743309319019 0.101675994694233 0.0956204608082771 0.0881398543715477 0.0900103896856308 0.0903282091021538 0.0868528634309769 0.089509516954422 0.0889645963907242 0.0896841138601303 0.0915854275226593 0.0873831510543823 0.0739460587501526 0.0892891213297844 0.08802180737257 0.0917347222566605 0.133221760392189 0.159691572189331 0.12371614575386 0.171654433012009 0.186878949403763 0.173615276813507 0.180260643362999 0.172873452305794 0.213183671236038 0.247039034962654 0.265846312046051 0.173666954040527 0.167890891432762 0.168751418590546
-3.4e+38 -3.4e+38 -3.4e+38 -3.4e+38 5.13984775543213 4.37072134017944 2.26244640350342 1.12446963787079 0.703238546848297 0.394562244415283 0.207331761717796 0.135630130767822 0.130520299077034 0.113165244460106 0.113343372941017 0.109242863953114 0.100466884672642 0.0954445153474808 0.0875698253512383 0.0855593904852867 0.0863587558269501 0.088362991809845 0.0877873376011848 0.0838111266493797 0.0914404988288879 0.0884263813495636 0.0874253660440445 0.0742642730474472 0.0731905922293663 0.0805325135588646 0.0859978124499321 0.0772525668144226 0.0933655500411987 0.12502333521843 0.167630955576897 0.170087918639183 0.192754611372948 0.200451865792274 0.18621937930584 0.229298830032349 0.273719072341919 0.259660333395004 0.191080942749977 0.175578832626343 0.169483587145805
-3.4e+38 -3.4e+38 -3.4e+38 -3.4e+38 -3.4e+38 3.78743410110474 1.27988827228546 0.858789920806885 0.483737647533417 0.222794115543365 0.186441868543625 0.138779506087303 0.132603004574776 0.117077067494392 0.113827466964722 0.115841828286648 0.105977721512318 0.0920486152172089 0.081168457865715 0.08022341132164 0.0809429660439491 0.0961539149284363 0.0979726687073708 0.0858941748738289 0.0809538140892982 0.0760089755058289 0.0799091085791588 0.0844613537192345 0.093792550265789 0.0930824503302574 0.0955284535884857 0.101178087294102 0.121508494019508 0.15604929625988 0.159853234887123 0.157653778791428 0.209387764334679 0.181234553456306 0.170162484049797 0.18344983458519 0.197866857051849 0.238424688577652 0.202949792146683 0.194823026657104 0.170313537120819
-3.4e+38 -3.4e+38 -3.4e+38 -3.4e+38 -3.4e+38 4.02690315246582 1.88154816627502 1.05413317680359 0.684566259384155 0.304361552000046 0.274461925029755 0.257424116134644 0.216890290379524 0.129425197839737 0.114884823560715 0.104494392871857 0.100343830883503 0.084320642054081 0.0805828720331192 0.0815769582986832 0.0955479517579079 0.112086534500122 0.10402974486351 0.0852665603160858 0.0793473348021507 0.0805519223213196 0.0842298567295074 0.101994156837463 0.10731715708971 0.104360640048981 0.114344410598278 0.154812291264534 0.152888119220734 0.15166924893856 0.137485086917877 0.186652600765228 0.192287996411324 0.184171006083488 0.153358712792397 0.13566829264164 0.196477875113487 0.234539672732353 0.191539376974106 0.168208569288254 0.152479887008667
-3.4e+38 -3.4e+38 -3.4e+38 -3.4e+38 -3.4e+38 5.42237663269043 2.96049547195435 1.35300695896149 0.775487005710602 0.335405260324478 0.199122488498688 0.179536402225494 0.187116831541061 0.165564015507698 0.112415172159672 0.0975068286061287 0.102196402847767 0.0854596048593521 0.0814183726906776 0.0932070463895798 0.114091016352177 0.120932042598724 0.101360969245434 0.0857493281364441 0.0814414992928505 0.0848464071750641 0.116174019873142 0.11189978569746 0.103117905557156 0.113597571849823 0.109651423990726 0.111858636140823 0.117664970457554 0.110986113548279 0.118093363940716 0.108219839632511 0.103785820305347 0.129622042179108 0.121976517140865 0.123712085187435 0.141356319189072 0.198815330862999 0.16337525844574 0.154470458626747 0.136816531419754
-3.4e+38 -3.4e+38 -3.4e+38 -3.4e+38 -3.4e+38 3.85358881950378 3.40016436576843 1.86424541473389 1.0585161447525 0.408400535583496 0.21546496450901 0.161882326006889 0.144644230604172 0.132376536726952 0.109365448355675 0.0921740904450417 0.08311727643013 0.0769180804491043 0.085453487932682 0.107779629528522 0.113841459155083 0.115245841443539 0.100560441613197 0.0927365124225616 0.0917328223586082 0.0707315355539322 0.10395186394453 0.103324592113495 0.0947083085775375 0.0891753733158112 0.0840689837932587 0.106087982654572 0.092030331492424 0.0729544013738632 0.0689656287431717 0.0726013258099556 0.07375867664814 0.0822342708706856 0.0931223928928375 0.112323634326458 0.121582373976707 0.134910672903061 0.146390855312347 0.14626082777977 0.124923191964626
-3.4e+38 -3.4e+38 -3.4e+38 -3.4e+38 -3.4e+38 10.021258354187 2.80446696281433 1.75180721282959 1.10054767131805 0.411680370569229 0.202073469758034 0.152810782194138 0.148216813802719 0.134818732738495 0.103485599160194 0.0855914875864983 0.0774606987833977 0.0748131051659584 0.0880080014467239 0.105439141392708 0.101168349385262 0.0987910628318787 0.091445580124855 0.0947281867265701 0.0939474776387215 0.0980092734098434 0.100493296980858 0.0813294500112534 0.0920553877949715 0.0969920083880424 0.100339718163013 0.0729509219527245 0.0851010829210281 0.0763297826051712 0.0771514251828194 0.0717644020915031 0.0704050362110138 0.0797381326556206 0.0757171586155891 0.0783829167485237 0.0863757133483887 0.1034771874547 0.0931955873966217 0.0965746194124222 0.102358944714069
-3.4e+38 -3.4e+38 -3.4e+38 -3.4e+38 -3.4e+38 7.1449728012085 3.74149537086487 1.41723668575287 0.635254681110382 0.393636077642441 0.233666881918907 0.139467656612396 0.122752502560616 0.119917333126068 0.108309045433998 0.084260530769825 0.075994148850441 0.0763787999749184 0.0906031802296638 0.0977644771337509 0.101002156734467 0.0955127328634262 0.0973114967346191 0.0905866846442223 0.0989389419555664 0.115270845592022 0.121908232569695 0.102236665785313 0.100722938776016 0.122884288430214 0.126944482326508 0.0980959236621857 0.0793246254324913 0.0823692008852959 0.073653407394886 0.0730469599366188 0.0700681954622269 0.0698244646191597 0.0685283541679382 0.0724763423204422 0.0948625132441521 0.0947928354144096 0.0830171257257462 0.0813009515404701 0.0884168371558189
-3.4e+38 -3.4e+38 -3.4e+38 -3.4e+38 -3.4e+38 -3.4e+38 3.40015649795532 1.61127603054047 0.645892143249512 0.369289308786392 0.227580651640892 0.138537377119064 0.121329694986343 0.119738154113293 0.113596849143505 0.0844419598579407 0.0777057334780693 0.0774879530072212 0.0884605795145035 0.0922125279903412 0.100852087140083 0.10201308131218 0.0893378630280495 0.0893024876713753 0.10854946821928 0.122976377606392 0.11774031072855 0.116143122315407 0.12315645813942 0.139397591352463 0.1279127150774 0.114612780511379 0.0904000997543335 0.081424817442894 0.0830611288547516 0.080630399286747 0.0718709006905556 0.0705655962228775 0.073010690510273 0.0754616111516953 0.0825631693005562 0.0963979810476303 0.100261151790619 0.124375373125076 0.11836002767086
-3.4e+38 -3.4e+38 -3.4e+38 -3.4e+38 -3.4e+38 -3.4e+38 2.33002114295959 1.40527999401093 0.415073275566101 0.298669755458832 0.124880835413933 0.114434324204922 0.120265573263168 0.116223946213722 0.1083123087883 0.0877350345253944 0.0771718323230743 0.0810049250721931 0.0809511989355087 0.0900581777095795 0.0915753841400146 0.0940283164381981 0.0979771316051483 0.106813363730907 0.111518777906895 0.115164294838905 0.114960305392742 0.115556292235851 0.113603711128235 0.0949283093214035 0.113377757370472 0.118119858205318 0.0961892604827881 0.0862497165799141 0.0822991654276848 0.0725436732172966 0.0725413709878922 0.0720111131668091 0.073152482509613 0.0810522139072418 0.0729700997471809 0.0953900590538979 0.0998005941510201 0.108848877251148 0.123353257775307
-3.4e+38 -3.4e+38 -3.4e+38 -3.4e+38 -3.4e+38 -3.4e+38 1.94494783878326 1.16771364212036 0.325990825891495 0.233160212635994 0.111183241009712 0.116160914301872 0.116328820586205 0.115617580711842 0.0932385921478271 0.0840213671326637 0.0801557153463364 0.0857271999120712 0.0907411128282547 0.0899547040462494 0.0962764471769333 0.111785441637039 0.109214723110199 0.107134945690632 0.110139019787312 0.124916315078735 0.126879721879959 0.132892280817032 0.137949049472809 0.13271664083004 0.125905364751816 0.118139147758484 0.0966762378811836 0.0830260738730431 0.0854026153683662 0.078199066221714 0.0681031718850136 0.0777279585599899 0.0688096731901169 0.0787083953619003 0.0868759974837303 0.0837935209274292 0.0807214453816414 0.0941561907529831 0.106759004294872
