Ecospace-environmental-drivers/Outputs/ASCII-for-ecospace/Cfl/Cfl_X2017.09.asc
NCOLS 131 
NROWS 53 
XLLCORNER -98 
YLLCORNER 23.9265270233154 
CELLSIZE 0.133587792515755 
NODATA_value -3.4e+38 
[rows 20 to 39 of 53, columns 0 to 44 of 131]
-3.4e+38 -3.4e+38 -3.4e+38 -3.4e+38 -3.4e+38 -3.4e+38 -3.4e+38 -3.4e+38 -3.4e+38 0.266549497842789 0.314264982938766 0.428775310516357 0.365254163742065 0.313540250062943 0.27538537979126 0.246292933821678 0.247787430882454 0.318902224302292 0.152169734239578 0.140683829784393 0.119231127202511 0.134220525622368 0.137493759393692 0.0966449975967407 0.0717694461345673 0.0604467205703259 0.0459491908550262 0.0450587645173073 0.043937012553215 0.0230127274990082 0.0345158502459526 0.0304357688874006 0.0291238203644753 0.0272276010364294 0.030177665874362 0.031502079218626 0.0300507284700871 0.0345687456429005 0.0304860714823008 0.029475437477231 0.0295436214655638 0.022406093776226 0.020367618650198 0.0168709773570299 0.0278404206037521
-3.4e+38 -3.4e+38 -3.4e+38 -3.4e+38 -3.4e+38 -3.4e+38 0.0287375003099442 -3.4e+38 -3.4e+38 0.541450560092926 0.432869374752045 0.407861083745956 0.310751646757126 0.160432398319244 0.107374183833599 0.0946380943059921 0.106247372925282 0.134179100394249 0.103189781308174 0.122754812240601 0.149252668023109 0.0998669490218163 0.0858447328209877 0.0426709167659283 0.0436716563999653 0.0320610776543617 0.0340989232063293 0.0322892591357231 0.0288436058908701 0.0238983612507582 0.0294646676629782 0.0267259180545807 0.0261635482311249 0.0275528449565172 0.0308416690677404 0.0323743410408497 0.0313226953148842 0.0312051773071289 0.0264938995242119 0.0276821684092283 0.029020132496953 0.02728964202106 0.0170458480715752 0.0196868032217026 0.0240597780793905
-3.4e+38 -3.4e+38 -3.4e+38 -3.4e+38 -3.4e+38 -3.4e+38 0.0287375003099442 0.205839902162552 0.47521635890007 0.300800263881683 0.252198547124863 0.202862411737442 0.140645727515221 0.104191035032272 0.0805283784866333 0.0684667155146599 0.0801949575543404 0.0851770788431168 0.0786300674080849 0.0804936736822128 0.0847014561295509 0.028408482670784 0.0304645579308271 0.0235877502709627 0.0256440155208111 0.0240460112690926 0.0180199109017849 0.0199272930622101 0.0223941151052713 0.025454280897975 0.0256442278623581 0.0294652003794909 0.0266777835786343 0.0252697635442019 0.0250339601188898 0.0196995008736849 0.0134013742208481 0.0174858663231134 0.0124840252101421 0.0151095185428858 0.0225738026201725 0.0243580937385559 0.0222174767404795 0.0260373093187809 0.0259577427059412
-3.4e+38 -3.4e+38 -3.4e+38 -3.4e+38 0.191430956125259 0.185275971889496 -3.4e+38 0.358781069517136 0.280316889286041 0.266294836997986 0.165421977639198 0.10998123139143 0.0789703875780106 0.0814414173364639 0.0510145090520382 0.044527929276228 0.048651210963726 0.0573088824748993 0.0463796965777874 0.0446908585727215 0.03177085891366 0.013180460780859 0.0239075031131506 0.0292657520622015 0.0342105440795422 0.0251364223659039 0.0204266719520092 0.00937352050095797 0.0139742977917194 0.023865694180131 0.0248157121241093 0.0344697758555412 0.028649628162384 0.0309488978236914 0.0185791570693254 0.0184160433709621 0.0180827286094427 0.0115617178380489 0.0126298284158111 0.0152211533859372 0.0149071076884866 0.022284060716629 0.0217381753027439 0.0223029367625713 0.0203497894108295
-3.4e+38 -3.4e+38 -3.4e+38 -3.4e+38 -3.4e+38 0.205018445849419 0.439663797616959 0.301143974065781 0.205182403326035 0.157602682709694 0.0631186813116074 0.0532915517687798 0.0633565187454224 0.0450118146836758 0.0390863455832005 0.0347891785204411 0.0280171539634466 0.0395002029836178 0.0371122807264328 0.0334070771932602 0.0183239653706551 0.0186210926622152 0.0194532442837954 0.0270748678594828 0.0299402587115765 0.0153189897537231 0.0124067179858685 0.0128332246094942 0.024139404296875 0.0217413436621428 0.0149851329624653 0.0169775728136301 0.0198767427355051 0.0163681842386723 0.0153160048648715 0.0148457689210773 0.0165865886956453 0.0161927416920662 0.0194671060889959 0.0120451748371124 0.0114702181890607 0.0198157019913197 0.0207948964089155 0.0153630748391151 0.017210690304637
-3.4e+38 -3.4e+38 -3.4e+38 -3.4e+38 -3.4e+38 0.478680491447449 0.355238765478134 0.216622576117516 0.161258533596992 0.0991611406207085 0.0445074699819088 0.0582148618996143 0.0490017645061016 0.0255885347723961 0.0213115904480219 0.0216315295547247 0.0129017336294055 0.0154456188902259 0.0105015113949776 0.0158846117556095 0.0164341721683741 0.0241792164742947 0.0232046283781528 0.0323053412139416 0.0288676433265209 0.0156304240226746 0.0109360655769706 0.0137323206290603 0.0222405418753624 0.0175093915313482 0.00644488073885441 0.0125131672248244 0.0147877307608724 0.0110547505319118 0.0114599484950304 0.0131443105638027 0.0123800961300731 0.0106577211990952 0.00952665600925684 0.0107353664934635 0.0104189245030284 0.01227748952806 0.00991535745561123 0.00707502430304885 0.0114466827362776
-3.4e+38 -3.4e+38 -3.4e+38 -3.4e+38 -3.4e+38 0.122781649231911 0.176401630043983 0.151453256607056 0.137150764465332 0.0901931971311569 0.0586961396038532 0.0622012801468372 0.0403268598020077 0.0205836780369282 0.00735819339752197 0.0136604784056544 0.0143781509250402 0.0188029110431671 0.0115279732272029 0.0157104562968016 0.0179404765367508 0.0175879672169685 0.0142529187723994 0.0120572196319699 0.0144193796440959 0.0155957732349634 0.014427786692977 0.0136073688045144 0.00891938712447882 0.00860698893666267 0.00511109735816717 0.00533162336796522 0.012288517318666 0.00664471415802836 0.00969749595969915 0.00820878800004721 0.011379873380065 0.00940080266445875 0.0112542845308781 0.0111333942040801 0.00946288928389549 0.00813557393848896 0.0110132871195674 0.00793339498341084 0.012438309378922
-3.4e+38 -3.4e+38 -3.4e+38 -3.4e+38 -3.4e+38 0.154474899172783 0.151944488286972 0.139250069856644 0.0879531428217888 0.0746614634990692 0.0657430291175842 0.0527114607393742 0.0228877924382687 0.0142783680930734 0.00903851073235273 0.00911779142916203 0.0104758897796273 0.0160865057259798 0.0191400609910488 0.0129243591800332 0.0152766574174166 0.0109656844288111 0.00426590815186501 0.0125219179317355 0.0205794796347618 0.0117272129282355 0.0141762355342507 0.01337846275419 0.0120037514716387 0.00430168956518173 0.00464809173718095 0.00563475303351879 0.00499297585338354 0.00847085751593113 0.00957363750785589 0.00493144756183028 0.00643343012779951 0.00575254904106259 0.00578156858682632 0.00748651614412665 0.0118979625403881 0.0159759484231472 0.0103147244080901 0.0106839248910546 0.0080882403999567
-339999999999999996128486808808066248288.000000000000000 -3.4e+38 -3.4e+38 -3.4e+38 0.181120708584785 0.155044332146645 0.183318912982941 0.143393740057945 0.0898131728172302 0.0744335725903511 0.0581578426063061 0.0302461683750153 0.0215059369802475 0.0173921659588814 0.0182555913925171 0.0119314808398485 0.00338648236356676 0.00829003285616636 0.0141779780387878 0.0282266680151224 0.0145086059346795 0.0151760755106807 0.0128532219678164 0.0242469068616629 0.0128585612401366 0.00513844564557076 0.0216828770935535 0.0180802848190069 0.0160225052386522 0.0121612539514899 0.00773272570222616 0.00232661771588027 0.0071010091342032 0.0147016355767846 0.020146481692791 0.00435407552868128 0.00314567959867418 0.00558398524299264 0.00582844857126474 0.0272883679717779 0.0147275440394878 0.0183297153562307 0.040750440210104 0.0895604863762856 0.00918711815029383
-3.4e+38 -3.4e+38 -3.4e+38 -3.4e+38 0.185504302382469 0.156922087073326 0.176002770662308 0.147579729557037 0.103954218327999 0.0761813595890999 0.0485213808715343 0.021929232403636 0.0121635133400559 0.0144489090889692 0.0188428871333599 0.0286281015723944 0.0217749532312155 0.0281095448881388 0.028770737349987 0.0339391715824604 0.0232792738825083 0.0200847182422876 0.0222305040806532 0.0194931905716658 0.0188680924475193 0.00998635776340961 0.0142677091062069 0.0113819548860192 0.012121812440455 0.00764987012371421 0.00875579845160246 0.00981851294636726 0.0130260623991489 0.012433335185051 0.0064752958714962 0.00300810323096812 0.0024741746019572 0.0126993926241994 0.0141633665189147 0.0227691568434238 0.0399165786802769 0.0291838608682156 0.0218621287494898 0.0196023974567652 0.0157714542001486
-3.4e+38 -3.4e+38 -3.4e+38 -3.4e+38 0.155614137649536 0.148124754428864 0.163289949297905 0.173809543251991 0.122102715075016 0.0886057764291763 0.0389630906283855 0.00939205754548311 0.0123326843604445 0.016593074426055 0.031571876257658 0.0668644979596138 0.0471714213490486 0.0697100609540939 0.0284688510000706 0.0343460440635681 0.0235185995697975 0.0238501820713282 0.0218797102570534 0.019297793507576 0.019887762144208 0.0187808405607939 0.0149614969268441 0.0125102531164885 0.0154893789440393 0.0184346362948418 0.0214219689369202 0.0292267389595509 0.0208855215460062 0.0198110658675432 0.0157360881567001 0.00879588536918163 0.00553877279162407 0.0253462549299002 0.0233204681426287 0.00552278570830822 0.0269962158054113 0.0246316455304623 0.022505009546876 0.0248425547033548 0.0233510416001081
-3.4e+38 -3.4e+38 -3.4e+38 -3.4e+38 -3.4e+38 0.143586844205856 0.128876566886902 0.14670991897583 0.138068929314613 0.0765039175748825 0.0282115433365107 0.0115435095503926 0.0078208465129137 0.0144619960337877 0.0257822778075933 0.0327031910419464 0.0146158719435334 0.0599547475576401 0.022346330806613 0.0324716828763485 0.0323604084551334 0.0744135081768036 0.00844033341854811 0.0137637536972761 0.0185353234410286 0.0202557854354382 0.0159883722662926 0.0220035761594772 0.0255350414663553 0.0270197875797749 0.0249127484858036 0.0173923298716545 0.0202984996140003 0.0305717699229717 0.0233766380697489 0.0198322050273418 0.0157841350883245 0.0148654635995626 0.0234233513474464 0.0131358522921801 0.015456217341125 0.0131884198635817 0.02054787799716 0.0160016119480133 0.00969736091792583
-3.4e+38 -3.4e+38 -3.4e+38 -3.4e+38 -3.4e+38 0.140707463026047 0.14283113181591 0.113112792372704 0.0745486989617348 0.054505530744791 0.0311650838702917 0.0136985490098596 0.0214168429374695 0.0203273501247168 0.0298399422317743 0.0363095663487911 0.0293018687516451 0.0449483469128609 0.0234949495643377 0.0293848421424627 0.0260160118341446 0.00846088770776987 0.00809399411082268 0.00536593701690435 0.0172283872961998 0.0254620332270861 0.0225236434489489 0.0222333893179893 0.0198248829692602 0.0183516349643469 0.0254569388926029 0.0138833206146955 0.0231935176998377 0.0507194660604 0.0235236920416355 0.0218163374811411 0.0167069062590599 0.0210576541721821 0.0219596549868584 0.0153064420446754 0.0165143888443708 0.0205287132412195 0.0188115071505308 0.0182480420917273 0.015654968097806
-3.4e+38 -3.4e+38 -3.4e+38 -3.4e+38 -3.4e+38 0.130589038133621 0.177524819970131 0.127298533916473 0.0723727867007256 0.0485086962580681 0.036456536501646 0.0304166600108147 0.0159734021872282 0.0238217487931252 0.0219614189118147 0.0219227764755487 0.0216988697648048 0.0136354845017195 0.0189573597162962 0.0165241751819849 0.014970064163208 0.0217316187918186 0.0105249145999551 0.0102284019812942 0.0223323199898005 0.0139494584873319 0.015733340755105 0.0119194453582168 0.0211826749145985 0.0236222594976425 0.0346788875758648 0.0305622182786465 0.0174930263310671 0.0329967476427555 0.0237588044255972 0.029543973505497 0.0339263156056404 0.0222671274095774 0.0120425876230001 0.0232497975230217 0.0303916893899441 0.0266829077154398 0.017340337857604 0.0126816341653466 0.00812949985265732
-3.4e+38 -3.4e+38 -3.4e+38 -3.4e+38 -3.4e+38 0.1872738301754 0.165034085512161 0.155195295810699 0.119700878858566 0.0690935924649239 0.0594202242791653 0.0217553600668907 0.00589257106184959 0.0200588889420033 0.017227690666914 0.0152800194919109 0.0122184734791517 0.0145486164838076 0.0170177910476923 0.0139413652941585 0.017813578248024 0.0255154352635145 0.0230287555605173 0.0190257336944342 0.0171975195407867 0.023152943700552 0.0197796281427145 0.0178584158420563 0.022299513220787 0.0282942894846201 0.0365264415740967 0.0282771997153759 0.031126668676734 0.0330405235290527 0.0275824572890997 0.0325491279363632 0.0252583157271147 0.0166396386921406 0.0234426334500313 0.0228278879076242 0.0333157256245613 0.0325753279030323 0.0112269800156355 0.0085484916344285 0.00825325772166252
-3.4e+38 -3.4e+38 -3.4e+38 -3.4e+38 -3.4e+38 0.119670681655407 0.110883541405201 0.123478069901466 0.14316126704216 0.101703934371471 0.0635043829679489 0.0369527786970139 0.0123235918581486 0.00449616415426135 0.00737876538187265 0.00964637938886881 0.0106149977073073 0.0123995188623667 0.00921306014060974 0.00521628884598613 0.0244963523000479 0.0321602486073971 0.0291349273175001 0.0225163958966732 0.022889357060194 0.0309361331164837 0.0248780250549316 0.0213781669735909 0.0245733112096786 0.020438926294446 0.0242289323359728 0.0194448325783014 0.0275303479284048 0.0251859314739704 0.0310749281197786 0.0456628501415253 0.034684382379055 0.0290939584374428 0.0276415999978781 0.0333717688918114 0.0354647189378738 0.0185422394424677 0.0180474743247032 0.0190491117537022 0.00926279369741678
-3.4e+38 -3.4e+38 -3.4e+38 -3.4e+38 -3.4e+38 -3.4e+38 0.110708877444267 0.143655747175217 0.153015419840813 0.0882464572787285 0.0584401339292526 0.0293314419686794 0.0278729926794767 0.00898049212992191 0.0176681336015463 0.0141260121017694 0.00814281310886145 0.0089418813586235 0.0124287661164999 0.00519775366410613 0.0200341381132603 0.0239014159888029 0.0226704049855471 0.0247467458248138 0.0255580134689808 0.0277269948273897 0.0212559774518013 0.0234193243086338 0.023486627265811 0.0221120864152908 0.0169704910367727 0.0256055202335119 0.0542458295822144 0.0424361526966095 0.0569050125777721 0.0360910035669804 0.0428388267755508 0.0455089174211025 0.0257587507367134 0.0238970685750246 0.0221269596368074 0.0122624626383185 0.0335293598473072 0.0389910712838173 0.0126051930710673
-3.4e+38 -3.4e+38 -3.4e+38 -3.4e+38 -3.4e+38 -3.4e+38 0.17481255531311 0.180142104625702 0.132763504981995 0.0967210680246353 0.0609391592442989 0.0307530555874109 0.0155092794448137 0.00288497656583786 0.00533286901190877 0.00434790272265673 0.006269920617342 0.00670903269201517 0.0104071674868464 0.016530055552721 0.0172769464552402 0.0166386682540178 0.0192311182618141 0.0225140321999788 0.0231542140245438 0.0430779308080673 0.0354403257369995 0.0349313877522945 0.0327116884291172 0.0344223864376545 0.0368967279791832 0.0372340865433216 0.0271949581801891 0.0312343165278435 0.038283959031105 0.0347500927746296 0.0434320755302906 0.0328806601464748 0.0228735096752644 0.0276151355355978 0.0240691900253296 0.00559703214094043 0.0443067438900471 0.0317427739500999 0.0562123693525791
-3.4e+38 -3.4e+38 -3.4e+38 -3.4e+38 -3.4e+38 -3.4e+38 0.192571997642517 0.193911194801331 0.137690722942352 0.086103267967701 0.0417015068233013 0.0307220164686441 0.0181923359632492 0.0260462034493685 0.0121449753642082 0.00590902334079146 0.00761144421994686 0.00815109629184008 0.0123847015202045 0.0128610488027334 0.0211015343666077 0.0254521295428276 0.0273076798766851 0.0237007886171341 0.0246353801339865 0.0299193561077118 0.0331006050109863 0.0584032945334911 0.0308471117168665 0.0309795904904604 0.0324919559061527 0.0871439427137375 0.0466283783316612 0.0291840955615044 0.031953502446413 0.032023373991251 0.0327986218035221 0.0378037244081497 0.0268771089613438 0.0268863048404455 0.0219570957124233 0.018015306442976 0.0489288046956062 0.0365303345024586 0.00531525537371635
-3.4e+38 -3.4e+38 -3.4e+38 -3.4e+38 -3.4e+38 -3.4e+38 0.269017815589905 0.22006519138813 0.117268711328506 0.0672090798616409 0.034760370850563 0.0036878352984786 0.0117357624694705 0.0169051047414541 0.0195585656911135 0.00321072665974498 0.00363225303590298 0.00282960152253509 0.00754356663674116 0.0179302766919136 0.021303029730916 0.0303876996040344 0.0307934693992138 0.0253412406891584 0.0290596093982458 0.0257700569927692 0.0242442321032286 0.0278871580958366 0.0254996195435524 0.0252236910164356 0.025581356137991 0.0516717731952667 0.0388917922973633 0.0413754619657993 0.0382004454731941 0.0341685228049755 0.0482555665075779 0.029638260602951 0.0434733554720879 0.0280882641673088 0.0250293463468552 0.0192558895796537 0.0280891936272383 0.0353958755731583 0.0125710861757398
