Ecospace-environmental-drivers/Outputs/ASCII-for-ecospace/Cfl/Cfl_X2012.01.asc
NCOLS 131 
NROWS 53 
XLLCORNER -98 
YLLCORNER 23.9265270233154 
CELLSIZE 0.133587792515755 
NODATA_value -3.4e+38 
[rows 20 to 39 of 53, columns 45 to 89 of 131]
0.11489525437355 0.0998245105147362 0.0938507542014122 0.097459651529789 0.117664277553558 0.129262000322342 0.143495962023735 0.145356953144073 0.130061894655228 0.115599654614925 0.108674809336662 0.114526674151421 0.198647692799568 0.202356055378914 0.166034832596779 0.120392739772797 0.102223441004753 0.135159328579903 0.132918015122414 0.103693507611752 0.0863857939839363 0.0783075094223022 0.0794756188988686 0.0790361240506172 0.0716551840305328 0.0709297358989716 0.0736922696232796 0.0816715806722641 0.0910178571939468 0.093421645462513 0.0812450051307678 0.0735538974404335 0.0718207582831383 0.0858958587050438 0.0833363384008408 0.0687583833932877 0.0665907710790634 0.0617140345275402 0.0618750862777233 0.0704042837023735 0.0653622522950172 0.0591178387403488 0.060148112475872 0.0622428581118584 0.0626178607344627
0.0966787338256836 0.091130293905735 0.0918459445238113 0.0852985233068466 0.0835078060626984 0.0848907753825188 0.082278236746788 0.0837231576442719 0.0967523455619812 0.0907380282878876 0.0912683606147766 0.114193171262741 0.147933110594749 0.156081393361092 0.136452257633209 0.0963489636778831 0.0961473807692528 0.137298330664635 0.16195222735405 0.136867046356201 0.0923084765672684 0.0739546939730644 0.0763512402772903 0.0785119161009789 0.0755977556109428 0.0745753943920135 0.0728376880288124 0.0744997411966324 0.0825247839093208 0.0747717693448067 0.0722441449761391 0.065368540585041 0.0656763762235641 0.0624915137887001 0.0560308992862701 0.0586404725909233 0.0640980154275894 0.0641504153609276 0.0607809536159039 0.0623148716986179 0.0586234107613564 0.0562239289283752 0.0545772798359394 0.0529045425355434 0.0524366348981857
0.0859867706894875 0.0881907939910889 0.0875544771552086 0.0867506414651871 0.0829421803355217 0.0841935649514198 0.088532529771328 0.0950691029429436 0.097121462225914 0.0976464077830315 0.0909479334950447 0.0832559242844582 0.0896984040737152 0.0822265297174454 0.0776728019118309 0.0867565348744392 0.0919750705361366 0.0911410972476006 0.0981292650103569 0.0781529545783997 0.0679965615272522 0.0661835819482803 0.0677516311407089 0.0678137540817261 0.0683214068412781 0.0740041062235832 0.0704842582345009 0.0653502568602562 0.0754021406173706 0.0768754333257675 0.066031850874424 0.062038391828537 0.0554918982088566 0.0570352859795094 0.0547232925891876 0.0569663420319557 0.0588780902326107 0.0613332726061344 0.0595142245292664 0.0593229830265045 0.0571994110941887 0.0513211004436016 0.0471938848495483 0.0477077886462212 0.0492876768112183
0.0861068367958069 0.0867717117071152 0.0943076312541962 0.0920232012867928 0.0860918685793877 0.0933095440268517 0.0978487953543663 0.100804410874844 0.10009079426527 0.0931471064686775 0.0884193032979965 0.0849847868084908 0.0847906917333603 0.0746622607111931 0.0633060112595558 0.0676402002573013 0.0678197219967842 0.060611117631197 0.0555656440556049 0.0616039782762527 0.0615332759916782 0.0537968091666698 0.0534270592033863 0.057144682854414 0.0684587508440018 0.0733992904424667 0.071397602558136 0.0679216235876083 0.0702221244573593 0.0682359933853149 0.0599822998046875 0.0551309920847416 0.0573800541460514 0.0618486665189266 0.0668879821896553 0.0578138418495655 0.0523065477609634 0.0541430674493313 0.0485537759959698 0.0420475080609322 0.0521430559456348 0.0558287091553211 0.0480126440525055 0.0441360175609589 0.0585191994905472
0.0866968557238579 0.0890383794903755 0.0965059176087379 0.0950479954481125 0.0876850932836533 0.0965112745761871 0.102175496518612 0.0959984138607979 0.0880619809031487 0.0811261236667633 0.0654624551534653 0.0634459927678108 0.0729831382632256 0.0744481384754181 0.0643516108393669 0.0655072033405304 0.0597045049071312 0.0567771196365356 0.0580648854374886 0.0573117733001709 0.0573817901313305 0.0542552806437016 0.0558232963085175 0.0609671361744404 0.06839769333601 0.0659545511007309 0.0695070549845695 0.0700863599777222 0.0642071664333344 0.0732097774744034 0.0677533373236656 0.0574898459017277 0.0620554238557816 0.0583049319684505 0.0524779111146927 0.0584571920335293 0.0570869632065296 0.0472317487001419 0.0477752201259136 0.0514911003410816 0.0465609319508076 0.0479861125349998 0.0480096265673637 0.0468720123171806 0.0489327982068062
0.0864293649792671 0.0854522585868835 0.0847453624010086 0.0890638083219528 0.0942874029278755 0.102380208671093 0.105498917400837 0.0905889645218849 0.0810664594173431 0.0875720307230949 0.0922680273652077 0.0817583650350571 0.0730881169438362 0.0648043677210808 0.0600709207355976 0.0633575543761253 0.061694260686636 0.0616855658590794 0.055970560759306 0.0488604009151459 0.0516621395945549 0.0604521185159683 0.0642065778374672 0.0625854060053825 0.0679232776165009 0.059749823063612 0.0636245459318161 0.0729998797178268 0.0651311948895454 0.0644529461860657 0.0770359337329865 0.0750247463583946 0.0661423578858376 0.0620770081877708 0.0595745295286179 0.0549288354814053 0.0622508376836777 0.0596248656511307 0.0541673712432384 0.0514661259949207 0.0495231337845325 0.0462646707892418 0.0444580391049385 0.0436742082238197 0.0455644689500332
0.0861213728785515 0.0892949476838112 0.0869946181774139 0.100113168358803 0.0983311608433723 0.0990642160177231 0.0919255614280701 0.0765600651502609 0.0874715074896812 0.0885243266820908 0.0947576314210892 0.0854491889476776 0.0678426474332809 0.0629393234848976 0.0496164299547672 0.0560245849192142 0.0546948984265327 0.064298540353775 0.0681086480617523 0.075055718421936 0.0739797800779343 0.0653079822659492 0.0629299581050873 0.0616732724010944 0.0659462362527847 0.0700464621186256 0.06538125872612 0.0655294135212898 0.0681521147489548 0.0672250241041183 0.0663148909807205 0.0739138200879097 0.0777476280927658 0.0601390041410923 0.0510461404919624 0.0607701800763607 0.0621291734278202 0.0602917969226837 0.0586776025593281 0.0545660555362701 0.0483901426196098 0.0458512492477894 0.0515612810850143 0.0513505190610886 0.0485440976917744
0.0869748368859291 0.0862785801291466 0.0818150043487549 0.0880186185240746 0.0880826562643051 0.085333488881588 0.0736502781510353 0.0618247091770172 0.0722747892141342 0.0746216103434563 0.0694096833467484 0.0654431581497192 0.0662642270326614 0.0620598271489143 0.0561366267502308 0.0535660944879055 0.0548149012029171 0.0675676688551903 0.0663219913840294 0.0669583454728127 0.0647405385971069 0.0610328800976276 0.0694965794682503 0.0642220675945282 0.0586732365190983 0.0582542940974236 0.0610301792621613 0.060288418084383 0.0582509413361549 0.0583408772945404 0.0614176169037819 0.0627873167395592 0.0584259033203125 0.0537801198661327 0.057750079780817 0.053371287882328 0.0531388185918331 0.0594058185815811 0.0524648651480675 0.0487674325704575 0.0445956848561764 0.0417508967220783 0.0494677945971489 0.0403712280094624 0.0361592955887318
0.0902826264500618 0.0825168937444687 0.070352666079998 0.0785360410809517 0.0730198249220848 0.0634998455643654 0.0634908974170685 0.0680884718894958 0.0709427520632744 0.0770875811576843 0.068731002509594 0.0663980692625046 0.0633770823478699 0.0625273510813713 0.0605861507356167 0.0554759837687016 0.0556273646652699 0.0567207112908363 0.0659042820334435 0.0608118176460266 0.0559586174786091 0.0639373883605003 0.0712039619684219 0.0610656440258026 0.0549080520868301 0.0446791052818298 0.0496821999549866 0.0465604923665524 0.0449805073440075 0.0496528893709183 0.0545948073267937 0.065542072057724 0.0576077736914158 0.0583344325423241 0.0583824031054974 0.0566239729523659 0.0526670292019844 0.0519659109413624 0.0447266437113285 0.0479016192257404 0.0439455881714821 0.0375441275537014 0.0416824072599411 0.0391837097704411 0.0365610495209694
0.0804400146007538 0.0745432004332542 0.0735222920775414 0.071253314614296 0.0673366636037827 0.0718860626220703 0.0729353278875351 0.0689749196171761 0.0668139383196831 0.0702556297183037 0.0629071071743965 0.0638861954212189 0.0604406706988811 0.0627495720982552 0.0669126883149147 0.0636374056339264 0.0600045435130596 0.0544519759714603 0.0574369616806507 0.0560240261256695 0.057990375906229 0.0668218955397606 0.0695826336741447 0.0640113353729248 0.0590476542711258 0.0535247959196568 0.0494671054184437 0.044370498508215 0.0414023026823997 0.0432979539036751 0.0484278239309788 0.0512450486421585 0.0474301427602768 0.0470600984990597 0.0466123670339584 0.0462310202419758 0.0457589142024517 0.0464377477765083 0.0468182563781738 0.0542752481997013 0.053455263376236 0.0527150332927704 0.0445194132626057 0.035039771348238 0.0370302498340607
0.0729825049638748 0.0773737207055092 0.0750799402594566 0.0722276270389557 0.0610090680420399 0.0605925284326077 0.0656628683209419 0.0602587200701237 0.0634198561310768 0.0661149024963379 0.0666071474552155 0.0614972487092018 0.0513608120381832 0.0604505799710751 0.0636190474033356 0.0654249340295792 0.0560585893690586 0.056227520108223 0.0480148680508137 0.0529618188738823 0.0583986155688763 0.0585551299154758 0.0587459355592728 0.0558535717427731 0.0529485270380974 0.0505765788257122 0.0465704686939716 0.0491878651082516 0.0445127263665199 0.0407703667879105 0.0414758026599884 0.0435678474605083 0.0415528155863285 0.0455766580998898 0.0424144230782986 0.046044897288084 0.0444164201617241 0.039972934871912 0.0479086749255657 0.0510738827288151 0.0445205979049206 0.0478340089321136 0.0449063442647457 0.0360111370682716 0.0374368578195572
0.0739220082759857 0.0716705471277237 0.0737409815192223 0.0640400946140289 0.0711337178945541 0.0659903734922409 0.060200460255146 0.0663397237658501 0.0585324540734291 0.0590136051177979 0.0607912167906761 0.0579564534127712 0.04877008497715 0.0507215410470963 0.055733185261488 0.0531743504106998 0.0501969084143639 0.0489449836313725 0.0473434552550316 0.0472472012042999 0.0496229976415634 0.0494631268084049 0.0542286522686481 0.0519825965166092 0.0492366552352905 0.0581240952014923 0.0504203476011753 0.0441887900233269 0.0412149578332901 0.043389979749918 0.0404918529093266 0.0386086888611317 0.0397774465382099 0.0373324975371361 0.0377998389303684 0.0422079041600227 0.0431072637438774 0.0377174243330956 0.0414817780256271 0.0424103438854218 0.0423915423452854 0.0402954779565334 0.0402504615485668 0.0360181331634521 0.0444177910685539
0.069098137319088 0.0708707273006439 0.066488154232502 0.0703551396727562 0.0736986622214317 0.0715589374303818 0.0662112981081009 0.0695236027240753 0.0580945909023285 0.0629946067929268 0.0629643425345421 0.0540243573486805 0.0487011708319187 0.043635681271553 0.0491290539503098 0.0460087992250919 0.049289982765913 0.047065082937479 0.0479221679270267 0.0507037192583084 0.0526098422706127 0.0505971349775791 0.0509081706404686 0.0499002635478973 0.0565350539982319 0.0544098317623138 0.0494492687284946 0.0498271621763706 0.0424521788954735 0.0376844890415668 0.0419160798192024 0.0417812839150429 0.0395627245306969 0.0368097871541977 0.0370072573423386 0.0421346239745617 0.0421664416790009 0.0377564206719398 0.0412395037710667 0.037145983427763 0.0335687696933746 0.0333435274660587 0.0348880514502525 0.0347546190023422 0.0375101938843727
0.0677624940872192 0.0642592012882233 0.069235771894455 0.0686503201723099 0.0763849392533302 0.0722669810056686 0.0720284581184387 0.0696171596646309 0.0620656758546829 0.0521676950156689 0.068418376147747 0.0637193918228149 0.052667424082756 0.048828236758709 0.0543416440486908 0.0516865998506546 0.0448768734931946 0.0423899702727795 0.0434108339250088 0.0418522357940674 0.0491434819996357 0.0470721013844013 0.0484853647649288 0.0506796725094318 0.0561773926019669 0.0520989783108234 0.0513681881129742 0.0526294596493244 0.0508271381258965 0.0459708385169506 0.0425206534564495 0.0419742651283741 0.039654515683651 0.0363718159496784 0.0355523303151131 0.0353179797530174 0.0415228791534901 0.0382426604628563 0.0447954870760441 0.037714634090662 0.0329068936407566 0.0317871421575546 0.0332768373191357 0.0371860787272453 0.0373655818402767
0.0561206117272377 0.0644675865769386 0.0647832378745079 0.0698380768299103 0.0746207162737846 0.0679510161280632 0.0699083730578423 0.0649973601102829 0.0625562071800232 0.0549648776650429 0.0651921257376671 0.0619976222515106 0.0511680878698826 0.0417135283350945 0.0545566156506538 0.0527079552412033 0.043702494353056 0.040539275854826 0.0379911623895168 0.0413168855011463 0.055477112531662 0.0534439235925674 0.0608809068799019 0.0542799830436707 0.0463002622127533 0.0500350520014763 0.0537745840847492 0.0497872680425644 0.0512186177074909 0.0457873493432999 0.0381677635014057 0.0390668287873268 0.0386814549565315 0.0421633459627628 0.0394700244069099 0.0376608036458492 0.0413531437516212 0.0424542017281055 0.0380730628967285 0.0386656261980534 0.0362369418144226 0.0361948311328888 0.0380462110042572 0.0331393480300903 0.0290041491389275
0.0605342984199524 0.0609969981014729 0.0617576874792576 0.0696690380573273 0.065865121781826 0.06614850461483 0.0656832531094551 0.0736730098724365 0.066928893327713 0.0629648342728615 0.0633034333586693 0.0596440732479095 0.0442750416696072 0.0343036502599716 0.0420898497104645 0.0413294620811939 0.0353220552206039 0.0349259786307812 0.0343205817043781 0.0385117195546627 0.042248796671629 0.0495214313268661 0.0596484579145908 0.0607347078621387 0.056720457971096 0.055684719234705 0.0476035736501217 0.0506968162953854 0.049197793006897 0.0456058941781521 0.0390241146087646 0.0358294397592545 0.0397173464298248 0.0418881736695766 0.0390397496521473 0.0381947420537472 0.0383274890482426 0.0432048663496971 0.0410993322730064 0.0404225885868073 0.0384354256093502 0.0392341203987598 0.0350581556558609 0.0347473993897438 0.0296235252171755
0.0622341260313988 0.0582232773303986 0.0579747632145882 0.0633882060647011 0.0622328966856003 0.0632138475775719 0.0670885667204857 0.0624904781579971 0.0597092024981976 0.0561707019805908 0.0590684749186039 0.0665419325232506 0.0495887398719788 0.0336431264877319 0.0428924486041069 0.0341497138142586 0.032842218875885 0.0329274944961071 0.0353968963027 0.0414903610944748 0.0453412756323814 0.0470727682113647 0.0444071963429451 0.0514524094760418 0.0469385012984276 0.051833089441061 0.0482380203902721 0.0476637966930866 0.0452108234167099 0.04426334425807 0.0407452136278152 0.0375600233674049 0.036742065101862 0.0404626429080963 0.0360035561025143 0.0395771712064743 0.0468892753124237 0.0475340224802494 0.0419277139008045 0.0431827902793884 0.0394458770751953 0.0378541983664036 0.0401285663247108 0.0369753465056419 0.0310556758195162
0.0595794357359409 0.0635191798210144 0.0577985420823097 0.0659104138612747 0.0653524845838547 0.0628468170762062 0.0597231388092041 0.0628711059689522 0.0592008009552956 0.0561709702014923 0.054676990956068 0.0451586805284023 0.0489413253962994 0.0401509404182434 0.0365783348679543 0.0296788644045591 0.0298385806381702 0.0270182881504297 0.0307051185518503 0.034360371530056 0.0433085821568966 0.04127212241292 0.0443818792700768 0.0502655394375324 0.0464865937829018 0.0527446419000626 0.0500149615108967 0.0503683649003506 0.0455479510128498 0.0405301861464977 0.040171068161726 0.0353238582611084 0.0333926118910313 0.0359258092939854 0.0387200713157654 0.039175096899271 0.0435762256383896 0.0400726981461048 0.0420313850045204 0.0423997715115547 0.0406734049320221 0.0421647913753986 0.0449485667049885 0.0423989370465279 0.0417290925979614
0.047148309648037 0.0556463375687599 0.0640801265835762 0.0684824734926224 0.0655614659190178 0.0665552690625191 0.0603217035531998 0.0551801323890686 0.0549320541322231 0.0652557611465454 0.0520501099526882 0.057646956294775 0.0428777411580086 0.0410233102738857 0.0290530454367399 0.0309022944420576 0.0287792924791574 0.0313654541969299 0.0354507155716419 0.0421466454863548 0.0498849637806416 0.0505489222705364 0.0536426417529583 0.0461077503859997 0.0465754605829716 0.049273356795311 0.0545867085456848 0.0566345863044262 0.0523822233080864 0.0449352338910103 0.0377691239118576 0.0352830551564693 0.036469042301178 0.0366573184728622 0.0351551212370396 0.0376034304499626 0.0431045442819595 0.0439534783363342 0.0448370277881622 0.0386649072170258 0.0439686290919781 0.0405551716685295 0.0441340878605843 0.0436179526150227 0.0472821854054928
0.0516617335379124 0.0559205152094364 0.0518721714615822 0.0553948432207108 0.0570882521569729 0.0591674372553825 0.0570734590291977 0.0563419200479984 0.0566388294100761 0.0480583049356937 0.0313676372170448 0.0307363830506802 0.0327491946518421 0.0355478823184967 0.035493291914463 0.0367178618907928 0.0358823239803314 0.0321186259388924 0.0389207266271114 0.0417110286653042 0.0456630252301693 0.0495747067034245 0.052323192358017 0.0486690476536751 0.0465101934969425 0.0515290796756744 0.0515347421169281 0.0531289614737034 0.0477576106786728 0.0427571982145309 0.0395831428468227 0.0364443026483059 0.0390950925648212 0.04368731752038 0.040285762399435 0.0410304628312588 0.0411198735237122 0.0425657071173191 0.0425205901265144 0.041735902428627 0.0448637902736664 0.0486187860369682 0.0460478030145168 0.0438606552779675 0.0417393706738949
