Ecospace-environmental-drivers/Outputs/ASCII-for-ecospace/Cfl/Cfl_X2008.05.asc
NCOLS 131 
NROWS 53 
XLLCORNER -98 
YLLCORNER 23.9265270233154 
CELLSIZE 0.133587792515755 
NODATA_value -3.4e+38 
[rows 20 to 39 of 53, columns 44 to 87 of 131]
0.0166762415319681 0.0168987363576889 0.0176641009747982 0.0174223314970732 0.0184804126620293 0.0197065994143486 0.0185363050550222 0.0205473769456148 0.0200983062386513 0.0216314867138863 0.0189780462533236 0.0165226422250271 0.0163646023720503 0.0223432630300522 0.0398195646703243 0.132090762257576 0.110138021409512 0.166934877634048 0.137253016233444 0.104341730475426 0.12915301322937 0.145568758249283 0.198048293590546 0.036962766200304 0.0153134856373072 0.0165520831942558 0.0167842134833336 0.0166170205920935 0.0243644416332245 0.0320131964981556 0.0298079587519169 0.0258279554545879 0.0276749357581139 0.0272934511303902 0.0317275747656822 0.0389690175652504 0.050854466855526 0.0440468639135361 0.0358246192336082 0.0320552699267864 0.0264053922146559 0.0246429610997438 0.0149497659876943 0.0211717654019594
0.0224030576646328 0.0187900103628635 0.0174570586532354 0.014335485175252 0.0142715172842145 0.0155197866261005 0.0160926468670368 0.0174874402582645 0.0186920277774334 0.0169040933251381 0.0167955011129379 0.0127017227932811 0.0137692261487246 0.0148054398596287 0.0222572293132544 0.081890232861042 0.088282398879528 0.07701475918293 0.0548101328313351 0.113063104450703 0.0682253465056419 0.0803532227873802 0.16641703248024 0.0249870680272579 0.0183800477534533 0.0150053845718503 0.0214795023202896 0.0232627782970667 0.0399332009255886 0.0427477471530437 0.0283679105341434 0.0147398309782147 0.0209465250372887 0.0211072731763124 0.0228737704455853 0.0242864061146975 0.0240302253514528 0.0291333682835102 0.0390025489032269 0.0406346768140793 0.0363961160182953 0.0371573306620121 0.0228014942258596 0.0199127458035946
0.0202551484107971 0.0171325709670782 0.0124792270362377 0.0128601919859648 0.0125227235257626 0.0154362190514803 0.0142210423946381 0.0160806030035019 0.0127164721488953 0.0146524636074901 0.0162203013896942 0.0143378488719463 0.00974004995077848 0.00925672333687544 0.0116735165938735 0.0369722470641136 0.0596268214285374 0.065363347530365 0.0540915802121162 0.104745022952557 0.169594690203667 0.17660853266716 0.0412822403013706 0.0192184206098318 0.0164623875170946 0.0183006525039673 0.0141699919477105 0.0256340857595205 0.0422822125256062 0.0322404615581036 0.0237185247242451 0.0187977030873299 0.0179391633719206 0.0143246091902256 0.0187092069536448 0.0193161014467478 0.0222284588962793 0.0346891358494759 0.0441235639154911 0.0429633893072605 0.0405877120792866 0.0329328253865242 0.0150394709780812 0.017574043944478
0.0208575073629618 0.0215642154216766 0.025439502671361 0.0177290849387646 0.0141277015209198 0.0148730203509331 0.013615402393043 0.0154415955767035 0.0104162422940135 0.0117488782852888 0.0128107061609626 0.0134694334119558 0.0113794701173902 0.00746312271803617 0.0117568243294954 0.0153468046337366 0.0272393468767405 0.0671549364924431 0.0495340824127197 0.105201922357082 0.169686138629913 0.1082628890872 0.0273851528763771 0.0245043057948351 0.0175136029720306 0.0150458486750722 0.022725960239768 0.0249500945210457 0.0237153675407171 0.0258029028773308 0.0189608819782734 0.0175188779830933 0.0133758187294006 0.0127771263942122 0.0146447252482176 0.0170501545071602 0.0207778848707676 0.0259200986474752 0.0284636989235878 0.0297235045582056 0.0300856791436672 0.0259861294180155 0.0184536315500736 0.0162376742810011
0.0175418388098478 0.0154624572023749 0.02271943166852 0.0193009153008461 0.0154387727379799 0.0150426244363189 0.013900039717555 0.00881937704980373 0.00737283146008849 0.0110537884756923 0.011155809275806 0.0116551229730248 0.00831536017358303 0.0106739336624742 0.0126805128529668 0.0140051813796163 0.0114377634599805 0.0282519888132811 0.0697450488805771 0.0947994664311409 0.132376953959465 0.0523528717458248 0.0184351317584515 0.014612547121942 0.0164239220321178 0.0165770594030619 0.0191417690366507 0.017850536853075 0.0206311736255884 0.0196578446775675 0.0172628797590733 0.0161345303058624 0.0152471987530589 0.0161270964890718 0.0168332401663065 0.0176552273333073 0.0215876027941704 0.0226197745651007 0.0240027327090502 0.027265053242445 0.026322839781642 0.0244634617120028 0.022253256291151 0.020800705999136
0.0159788727760315 0.0164707191288471 0.0241176672279835 0.0210015773773193 0.0147717455402017 0.0161564648151398 0.0135003505274653 0.00716297561302781 0.00679523358121514 0.00885139312595129 0.010640419088304 0.00921122636646032 0.00914677605032921 0.0118517782539129 0.0119019336998463 0.011759415268898 0.0114082116633654 0.0118490429595113 0.0464223958551884 0.0763282775878906 0.107379138469696 0.0444916039705276 0.0274179335683584 0.0200207587331533 0.0153580345213413 0.014539098367095 0.0128093874081969 0.0147458789870143 0.0185776390135288 0.0178979597985744 0.0166054777801037 0.014436193741858 0.0138792544603348 0.0147185511887074 0.0157850366085768 0.0172457918524742 0.0175316408276558 0.0164423640817404 0.0190558191388845 0.0218825303018093 0.0184242911636829 0.0202305223792791 0.0207727663218975 0.0190280880779028
0.0162918325513601 0.0162215866148472 0.0215326733887196 0.0197786726057529 0.0118807749822736 0.0114625636488199 0.0129804704338312 0.00726215727627277 0.00633162586018443 0.00659856991842389 0.0104644745588303 0.00979578401893377 0.00766796804964542 0.0121503099799156 0.0125084249302745 0.0103152925148606 0.015657315030694 0.0117064127698541 0.0229429062455893 0.0581945814192295 0.0741333514451981 0.0458281375467777 0.0351532027125359 0.0252262074500322 0.0213209521025419 0.0249281395226717 0.0187921803444624 0.0201411247253418 0.0212029851973057 0.0202225483953953 0.0183348953723907 0.0207707900553942 0.0186692923307419 0.0147282453253865 0.0168593656271696 0.0174912940710783 0.0169388744980097 0.0188456531614065 0.0183634422719479 0.0185570437461138 0.0178226083517075 0.0206754971295595 0.0205048304051161 0.0186785608530045
0.0140515966340899 0.0162746049463749 0.0176683217287064 0.0170754306018353 0.0112118497490883 0.01031444221735 0.0108666066080332 0.013244092464447 0.0102662052959204 0.0109210247173905 0.00657155131921172 0.012016911059618 0.00831769965589046 0.00991088431328535 0.0110610742121935 0.0143587151542306 0.0176672916859388 0.011878015473485 0.0128326015546918 0.0208782367408276 0.0405745357275009 0.036162193864584 0.0367649532854557 0.0330343469977379 0.0307374205440283 0.0236315224319696 0.0173553228378296 0.0224678590893745 0.0231751799583435 0.0227961149066687 0.0172780007123947 0.0187168251723051 0.0182110797613859 0.018953762948513 0.0194999407976866 0.0208302605897188 0.0201546885073185 0.020219748839736 0.0168937426060438 0.0173006188124418 0.0177676565945148 0.0214725900441408 0.0184108205139637 0.0101870000362396
0.012299370020628 0.0126683944836259 0.0116870468482375 0.0136904241517186 0.0152529021725059 0.0195961557328701 0.0167639125138521 0.0158747006207705 0.0133767100051045 0.00973239634186029 0.00409658392891288 0.00897903926670551 0.0103042833507061 0.0119782965630293 0.0123524758964777 0.0141461072489619 0.0115697653964162 0.0138159515336156 0.0143549703061581 0.0126318112015724 0.013914524577558 0.0139028243720531 0.0181052405387163 0.015514487400651 0.0194960124790668 0.0225095897912979 0.0187739916145802 0.0210991743952036 0.0204730536788702 0.0218399818986654 0.0166379287838936 0.0155153907835484 0.0194147471338511 0.0265011172741652 0.0200017970055342 0.01936936378479 0.0165054351091385 0.0181028041988611 0.0244559999555349 0.0234210956841707 0.0250103734433651 0.0218009818345308 0.00902191083878279 0.00518105551600456
0.0145182721316814 0.0100874593481421 0.0102143147960305 0.0157106425613165 0.0189957730472088 0.0251021310687065 0.0188183020800352 0.0150944972410798 0.0129963746294379 0.00571228843182325 0.00466090906411409 0.00554104335606098 0.00907465070486069 0.0123685859143734 0.0115142073482275 0.0110981548205018 0.0119623644277453 0.0169428996741772 0.0165420211851597 0.0135687254369259 0.0137948011979461 0.0145345386117697 0.0138107305392623 0.0151582220569253 0.0255363844335079 0.0316854044795036 0.0256626270711422 0.0271406918764114 0.0285391081124544 0.0268525183200836 0.0153852980583906 0.0175932999700308 0.0237921960651875 0.0357129089534283 0.0359680578112602 0.0302570778876543 0.0265965033322573 0.0227616392076015 0.0199462417513132 0.0227661579847336 0.0279563032090664 0.0256073828786612 0.0174138434231281 0.00610220758244395
0.0199921187013388 0.0133975353091955 0.00959897041320801 0.016713498160243 0.0188708752393723 0.0219581425189972 0.0145319234579802 0.0127544393762946 0.0101499203592539 0.00725422613322735 0.00550282606855035 0.00569761777296662 0.00941650476306677 0.0109647568315268 0.0122763309627771 0.0129465349018574 0.0122351245954633 0.0150580471381545 0.0142359100282192 0.0115232868120074 0.012801063247025 0.0123084783554077 0.0149442637339234 0.0163768883794546 0.0240577105432749 0.0289137437939644 0.0278238952159882 0.0265458896756172 0.0291149541735649 0.0267600659281015 0.0254083685576916 0.026321554556489 0.0271925311535597 0.0376662723720074 0.0416768006980419 0.0341284722089767 0.0229426790028811 0.0246636513620615 0.0232891514897346 0.0258453190326691 0.029569361358881 0.0197996851056814 0.013807806186378 0.0173083636909723
0.0168577041476965 0.014777846634388 0.0102140000090003 0.0116688245907426 0.0210215821862221 0.0236319694668055 0.0121327973902225 0 0.00444446736946702 0.00454757455736399 0.00308646098710597 0.00438662944361567 0.0054025873541832 0.00889912899583578 0.0127507131546736 0.0143813006579876 0.0118883177638054 0.0127313295379281 0.0133956531062722 0.0112187564373016 0.00988840218633413 0.011803881265223 0.0101303514093161 0.0124414758756757 0.0160372499376535 0.0214252844452858 0.0276240333914757 0.0283429548144341 0.0218092855066061 0.0238725151866674 0.0257202032953501 0.0257803536951542 0.0266371257603168 0.0383683294057846 0.0451079457998276 0.0288985520601273 0.0244339685887098 0.0245347190648317 0.0274311024695635 0.0249586123973131 0.00970895029604435 0.00486986758187413 0.00200070347636938 0.0110905887559056
0.018183832988143 0.0175498705357313 0.0130460802465677 0.0122043155133724 0.0222663711756468 0.027761347591877 0.0116409007459879 0.00573509279638529 0.00474518956616521 0.00478110648691654 0.00564276287332177 0.00449264841154218 0.00757998274639249 0.00860869511961937 0.0107271280139685 0.0112066743895411 0.0101326499134302 0.00913973711431026 0.00782169215381145 0.0112365642562509 0.0100392065942287 0.0102831553667784 0.0101195434108377 0.0115715898573399 0.0149126406759024 0.0159796681255102 0.0183725226670504 0.0187053736299276 0.0202014241367579 0.0204244609922171 0.0249894764274359 0.0225385557860136 0.0262233223766088 0.0394721813499928 0.0403745323419571 0.0351537540555 0.03332644328475 0.0310513656586409 0.0278687682002783 0.0216778423637152 0.016232717782259 0.00464813923463225 0.00882773753255606 0.01200055424124
0.0190900843590498 0.0143373534083366 0.0161820128560066 0.0146221993491054 0.0154958618804812 0.0128449769690633 0.00830632261931896 0.00759495329111814 0.00707987602800131 0.00581760844215751 0.0089596938341856 0.00496511021628976 0.00386655796319246 0.0075985249131918 0.00795694440603256 0.00812446512281895 0.00921869371086359 0.00985814724117517 0.0116753540933132 0.0127772139385343 0.0124187534675002 0.0147938169538975 0.0157852154225111 0.0145679032430053 0.0154036795720458 0.0134388459846377 0.0128593277186155 0.0183368232101202 0.0213805083185434 0.0217987764626741 0.0227865763008595 0.0261953771114349 0.0272361841052771 0.0353352464735508 0.0410009436309338 0.0408308207988739 0.0437107607722282 0.0364292114973068 0.0300111137330532 0.0238996706902981 0.0197219215333462 0.0206774417310953 0.0164126921445131 0.0127033274620771
0.0235265865921974 0.0160138104110956 0.0185523424297571 0.0208203960210085 0.00322652258910239 0.00160577171482146 0.0135590191930532 0.015455661341548 0.00786598958075047 0.00642430037260056 0.00554277282208204 0.00574013963341713 0.00396470539271832 0.00675058318302035 0.00790962483733892 0.00966681912541389 0.0107169551774859 0.0111696617677808 0.0126454811543226 0.0141201568767428 0.0142507832497358 0.0131942005828023 0.012365791015327 0.0114997467026114 0.0111488113179803 0.00808472465723753 0.00566035276278853 0.00925548374652863 0.00991210527718067 0.0180970951914787 0.0270827896893024 0.0247401390224695 0.0250294283032417 0.0304406061768532 0.0307321362197399 0.0366883724927902 0.0392377749085426 0.0338544249534607 0.0198705215007067 0.0171845722943544 0.0162587892264128 0.0172737315297127 0.0167418755590916 0.0153908785432577
0.0134041318669915 0.0139264492318034 0.0223323199898005 0.0194989927113056 0.0149339716881514 0.00987911410629749 0.011332823894918 0.00889305397868156 0.00696930289268494 0.0052840868011117 0.00575809553265572 0.00583690265193582 0.00271585467271507 0.00608266936615109 0.00812006741762161 0.00839793588966131 0.00809806399047375 0.00634700525552034 0.00835645571351051 0.0119918854907155 0.00980357266962528 0.00892152823507786 0.00298612122423947 0.00602457439526916 0.0105071514844894 0.0094230305403471 0.0117820454761386 0.0152064329013228 0.0211733616888523 0.02648582495749 0.027448570355773 0.0306360591202974 0.0290571954101324 0.0256188940256834 0.0316987074911594 0.0307895634323359 0.0297269243746996 0.0321964249014854 0.0277545340359211 0.0215117186307907 0.018243633210659 0.0159917287528515 0.00916660204529762 0.00124119559768587
0.00931811798363924 0.0128830559551716 0.0184451509267092 0.0105111571028829 0.00965907983481884 0.0156350936740637 0.0171849802136421 0.00703856674954295 0.00814855750650167 0.0054569486528635 0.00384924048557878 0.00865710526704788 0.00456672161817551 0.00315476395189762 0.00730099808424711 0.00924734584987164 0.00906940177083015 0.00991451647132635 0.0117333149537444 0.0105231096968055 0.00394774135202169 0.00478930817916989 0.00619799736887217 0.0202777590602636 0.0231310073286295 0.0268912557512522 0.0208579562604427 0.0181806217879057 0.0235371273010969 0.0228994395583868 0.0260457303375006 0.0265515819191933 0.0256011467427015 0.0224101077765226 0.0225572176277637 0.027376975864172 0.0311090406030416 0.0360165722668171 0.0336498916149139 0.0164932627230883 0.0171098597347736 0.015710873529315 0.00511604174971581 0.00045590871013701
0.0128679545596242 0.013979802839458 0.0139989890158176 0.0131688453257084 0.0109433084726334 0.0112703740596771 0.0117943426594138 0.00893243122845888 0.00964681431651115 0.00671545322984457 0.00511850090697408 0.0043224967084825 0.00534890312701464 0.00715797627344728 0.00699452450498939 0.0100314980372787 0.0121192000806332 0.0129984300583601 0.00991648714989424 0.0118249030783772 0.00992800295352936 0.0152238793671131 0.00495906174182892 0.0196013450622559 0.0193334966897964 0.0207271166145802 0.0106748631224036 0.0144675597548485 0.018492454662919 0.0142717240378261 0.0203810520470142 0.0200841147452593 0.0204795822501183 0.0189646743237972 0.0261837318539619 0.0232408866286278 0.0237797237932682 0.0211430042982101 0.0147742303088307 0.0125094959512353 0.00401704479008913 0.00402704253792763 0.00638464093208313 0.00353678246028721
0.0142630087211728 0.0144493198022246 0.0129439141601324 0.0121960137039423 0.0102294096723199 0.00843698717653751 0.00777728157117963 0.0062011438421905 0.00437993742525578 0.00751908635720611 0.00681541534140706 0.00379544659517705 0.00401762360706925 0.00883142650127411 0.0102659966796637 0.0143811795860529 0.0201854985207319 0.02042749337852 0.0213505998253822 0.0181963481009007 0.0150794377550483 0.00988263916224241 0.00289110001176596 0.00363750383257866 0.00530858477577567 0.00509176775813103 0.0096644563600421 0.0121417129412293 0.0137981045991182 0.0105747357010841 0.0169635936617851 0.0162811726331711 0.016668863594532 0.020063828676939 0.0110267037525773 0.00884661916643381 0.00508962152525783 0.00900853145867586 0.00873713567852974 0.0103801731020212 0.0153016736730933 0.00876819435507059 0.00323700485751033 0.000339915364747867
0.0189317483454943 0.0163738634437323 0.0159573908895254 0.0107808969914913 0.0195045974105597 0.00681395269930363 0.00737999705597758 0.00845474191009998 0.0063314656727016 0.00826983992010355 0.00878262147307396 0.0110652279108763 0.0115082357078791 0.0100518502295017 0.00956416130065918 0.0157152842730284 0.0248186588287354 0.0263165328651667 0.0268063843250275 0.0236353073269129 0.0144866351038218 0.00958165526390076 0.0104131596162915 0.0091576986014843 0.00594939524307847 0.00515987910330296 0.00842217169702053 0.010972092859447 0.014731626957655 0.00978395249694586 0.0187625326216221 0.0128265805542469 0.0202713552862406 0.0181511156260967 0.0123868696391582 0.00839235074818134 0.00888539385050535 0.00863103941082954 0.00936373695731163 0.0106466496363282 0.0130869774147868 0.0121497679501772 0.00805407389998436 0.00367451319471002
