Ecospace-environmental-drivers/Outputs/ASCII-for-ecospace/Cfl/Cfl_X2017.06.asc
NCOLS 131 
NROWS 53 
XLLCORNER -98 
YLLCORNER 23.9265270233154 
CELLSIZE 0.133587792515755 
NODATA_value -3.4e+38 
[rows 0 to 19 of 53, columns 45 to 89 of 131]
-3.4e+38 -3.4e+38 -3.4e+38 -3.4e+38 -3.4e+38 -3.4e+38 -3.4e+38 -3.4e+38 -3.4e+38 -3.4e+38 -3.4e+38 -3.4e+38 -3.4e+38 -3.4e+38 -3.4e+38 -3.4e+38 -3.4e+38 -3.4e+38 -3.4e+38 -3.4e+38 -3.4e+38 -3.4e+38 -3.4e+38 -3.4e+38 -3.4e+38 -3.4e+38 -3.4e+38 -3.4e+38 -3.4e+38 -3.4e+38 -3.4e+38 -3.4e+38 -3.4e+38 -3.4e+38 -3.4e+38 -3.4e+38 -3.4e+38 -3.4e+38 -3.4e+38 -3.4e+38 -3.4e+38 -3.4e+38 -3.4e+38 -3.4e+38 -3.4e+38
-3.4e+38 -3.4e+38 -3.4e+38 -3.4e+38 -3.4e+38 -3.4e+38 -3.4e+38 -3.4e+38 -3.4e+38 -3.4e+38 -3.4e+38 -3.4e+38 -3.4e+38 -3.4e+38 -3.4e+38 -3.4e+38 -3.4e+38 -3.4e+38 -3.4e+38 -3.4e+38 -3.4e+38 -3.4e+38 -3.4e+38 -3.4e+38 -3.4e+38 -3.4e+38 -3.4e+38 -3.4e+38 -3.4e+38 -3.4e+38 -3.4e+38 -3.4e+38 -3.4e+38 -3.4e+38 -3.4e+38 -3.4e+38 -3.4e+38 -3.4e+38 -3.4e+38 -3.4e+38 -3.4e+38 -3.4e+38 -3.4e+38 -3.4e+38 -3.4e+38
-3.4e+38 -3.4e+38 -3.4e+38 -3.4e+38 -3.4e+38 -3.4e+38 -3.4e+38 -3.4e+38 -3.4e+38 -3.4e+38 -3.4e+38 -3.4e+38 -3.4e+38 -3.4e+38 -3.4e+38 -3.4e+38 -3.4e+38 -3.4e+38 -3.4e+38 -3.4e+38 -3.4e+38 -3.4e+38 -3.4e+38 -3.4e+38 -3.4e+38 -3.4e+38 -3.4e+38 -3.4e+38 -3.4e+38 -3.4e+38 -3.4e+38 -3.4e+38 -3.4e+38 -3.4e+38 -3.4e+38 -3.4e+38 -3.4e+38 -3.4e+38 -3.4e+38 -3.4e+38 -3.4e+38 -3.4e+38 -3.4e+38 -3.4e+38 -3.4e+38
-3.4e+38 -3.4e+38 -3.4e+38 -3.4e+38 -3.4e+38 -3.4e+38 -3.4e+38 -3.4e+38 -3.4e+38 -3.4e+38 -3.4e+38 -3.4e+38 -3.4e+38 -3.4e+38 -3.4e+38 -3.4e+38 -3.4e+38 -3.4e+38 -3.4e+38 -3.4e+38 -3.4e+38 -3.4e+38 -3.4e+38 -3.4e+38 -3.4e+38 -3.4e+38 -3.4e+38 -3.4e+38 -3.4e+38 20.5703926086426 20.1636180877686 -3.4e+38 -3.4e+38 -3.4e+38 -3.4e+38 -3.4e+38 -3.4e+38 -3.4e+38 -3.4e+38 -3.4e+38 -3.4e+38 -3.4e+38 27.7798309326172 -3.4e+38 -3.4e+38
-3.4e+38 -3.4e+38 -3.4e+38 -3.4e+38 -3.4e+38 -3.4e+38 -3.4e+38 -3.4e+38 -3.4e+38 -3.4e+38 -3.4e+38 -3.4e+38 -3.4e+38 10.3660879135132 -3.4e+38 -3.4e+38 -3.4e+38 -3.4e+38 -3.4e+38 -3.4e+38 -3.4e+38 -3.4e+38 15.7151346206665 14.7634449005127 -3.4e+38 -3.4e+38 -3.4e+38 15.1423635482788 -3.4e+38 17.6570644378662 22.2841186523438 -3.4e+38 -3.4e+38 -3.4e+38 -3.4e+38 -3.4e+38 -3.4e+38 1.40814709663391 1.49816417694092 1.32094383239746 1.07534694671631 4.51619625091553 10.9214525222778 -3.4e+38 -3.4e+38
-3.4e+38 -3.4e+38 -3.4e+38 -3.4e+38 -3.4e+38 -3.4e+38 -3.4e+38 -3.4e+38 -3.4e+38 -3.4e+38 -3.4e+38 10.5211715698242 10.9809427261353 8.57079792022705 8.32735633850098 8.54107666015625 -3.4e+38 -3.4e+38 -3.4e+38 16.6610088348389 17.5551738739014 14.4784116744995 12.0009508132935 12.0890789031982 12.7336025238037 13.5450458526611 12.3355522155762 12.3324937820435 11.4319534301758 13.2109212875366 14.0589904785156 14.1273260116577 6.24976682662964 4.43282318115234 4.04136228561401 2.406813621521 1.35918819904327 1.1100606918335 1.32418656349182 1.21804678440094 1.11651360988617 1.01089453697205 0.985213339328766 1.15298140048981 1.3366916179657
-3.4e+38 -3.4e+38 -3.4e+38 -3.4e+38 -3.4e+38 -3.4e+38 -3.4e+38 -3.4e+38 -3.4e+38 -3.4e+38 -3.4e+38 11.7334833145142 9.72327899932861 7.07631254196167 9.00305652618408 8.39552593231201 -3.4e+38 -3.4e+38 11.9193735122681 11.5656108856201 10.0701770782471 13.9983701705933 13.3235816955566 9.00029182434082 8.38388156890869 6.46246337890625 6.36677694320679 7.28369331359863 6.45270681381226 5.96106815338135 3.91851782798767 2.9189658164978 2.57081961631775 1.62611138820648 1.31169080734253 1.15092587471008 0.886333405971527 0.697559416294098 0.643750548362732 0.633675038814545 0.719594419002533 0.871446371078491 0.742358982563019 0.700341045856476 0.737123966217041
-3.4e+38 -3.4e+38 -3.4e+38 -3.4e+38 -3.4e+38 -3.4e+38 -3.4e+38 -3.4e+38 -3.4e+38 -3.4e+38 -3.4e+38 -3.4e+38 10.0115776062012 6.86838483810425 9.76090526580811 9.24013900756836 8.82124614715576 8.92815971374512 9.83389854431152 13.6993761062622 15.5188932418823 18.5601100921631 17.0135688781738 13.9503498077393 7.18618154525757 3.0891420841217 2.68525552749634 4.33976888656616 3.83102774620056 2.54950904846191 2.12431788444519 1.43842852115631 1.14439761638641 0.96755576133728 1.00388824939728 0.809650123119354 0.661975085735321 0.687490105628967 0.794350206851959 0.725217938423157 0.583972692489624 0.620573043823242 0.662777841091156 0.620906114578247 0.651332199573517
-3.4e+38 -3.4e+38 -3.4e+38 -3.4e+38 -3.4e+38 -3.4e+38 -3.4e+38 -3.4e+38 -3.4e+38 -3.4e+38 -3.4e+38 -3.4e+38 -3.4e+38 -3.4e+38 -3.4e+38 -3.4e+38 -3.4e+38 -3.4e+38 -3.4e+38 -3.4e+38 37.6313934326172 23.7947807312012 20.5922737121582 11.3162899017334 5.99126005172729 2.70475792884827 1.84235596656799 1.86687564849854 1.56733572483063 1.17101848125458 1.20514976978302 1.0950220823288 1.03700339794159 1.01420104503632 0.859383702278137 0.753267288208008 0.6710564494133 0.636164844036102 0.662690103054047 0.726821660995483 0.497607409954071 0.45610710978508 0.527964413166046 0.615010559558868 0.587087690830231
-3.4e+38 -3.4e+38 -3.4e+38 -3.4e+38 -3.4e+38 -3.4e+38 -3.4e+38 -3.4e+38 -3.4e+38 -3.4e+38 -3.4e+38 -3.4e+38 -3.4e+38 -3.4e+38 -3.4e+38 -3.4e+38 -3.4e+38 -3.4e+38 -3.4e+38 41.3019485473633 24.7884998321533 15.8833627700806 22.5284729003906 13.4339962005615 6.24152565002441 3.2414984703064 2.87912034988403 1.77018368244171 1.42639887332916 1.89079999923706 1.97323930263519 1.54344499111176 1.3310763835907 1.37394070625305 0.913055539131165 0.829238057136536 0.874475002288818 1.11873257160187 1.33563089370728 1.40452802181244 0.57598865032196 0.239506363868713 0.442698806524277 0.755219459533691 0.635100305080414
-3.4e+38 -3.4e+38 -3.4e+38 -3.4e+38 -3.4e+38 -3.4e+38 -3.4e+38 -3.4e+38 -3.4e+38 -3.4e+38 -3.4e+38 -3.4e+38 -3.4e+38 20.5668334960938 -3.4e+38 -3.4e+38 -3.4e+38 -3.4e+38 31.9786338806152 28.9350109100342 21.2423648834229 21.8076591491699 20.7942848205566 8.07241630554199 4.38606405258179 3.82172703742981 3.56723594665527 1.84523260593414 1.69873738288879 1.95067822933197 2.83322906494141 2.99774265289307 2.2706310749054 2.4397566318512 1.81230199337006 1.66118144989014 1.62686824798584 2.38219404220581 2.00768899917603 1.03412938117981 0.301343262195587 0.375410616397858 0.402020364999771 0.991652369499207 0.720391094684601
12.4905261993408 7.93878602981567 7.0222225189209 -3.4e+38 -3.4e+38 -3.4e+38 -3.4e+38 -3.4e+38 -3.4e+38 -3.4e+38 -3.4e+38 -3.4e+38 -3.4e+38 20.8962001800537 16.5389461517334 17.3760738372803 21.2986679077148 -3.4e+38 26.704517364502 9.90579891204834 15.720947265625 28.7243785858154 21.549711227417 8.01805305480957 5.79097127914429 3.32241272926331 1.78118717670441 2.44462442398071 1.64973986148834 2.18157362937927 2.67014741897583 3.01585221290588 3.18758106231689 3.54503607749939 3.58262944221497 3.69069814682007 3.14912247657776 1.90114235877991 1.40724158287048 0.604421019554138 0.25435683131218 0.247168347239494 0.19941258430481 0.265067398548126 0.332043945789337
8.79844856262207 9.11023616790771 7.16306638717651 7.41450357437134 9.19898891448975 8.28149795532227 -3.4e+38 -3.4e+38 -3.4e+38 -3.4e+38 11.5965881347656 -3.4e+38 -3.4e+38 -3.4e+38 19.6542186737061 25.5447731018066 27.748197555542 -3.4e+38 -3.4e+38 -3.4e+38 -3.4e+38 19.9497528076172 19.0631542205811 9.63969421386719 6.78183126449585 3.17922806739807 1.78875601291656 4.13943767547607 6.33080434799194 3.43644452095032 2.4770975112915 1.90784740447998 1.9982875585556 2.63656973838806 2.9209668636322 2.62871408462524 2.18434882164001 1.49057388305664 0.729032456874847 0.197736158967018 0.141862079501152 0.159585356712341 0.133358418941498 0.143475964665413 0.37165892124176
9.94924163818359 10.3247213363647 8.32702255249023 8.58467388153076 9.51931095123291 12.2609882354736 19.6965408325195 15.7813529968262 16.0472469329834 15.4380311965942 14.2934064865112 16.7153797149658 17.6847667694092 19.9734268188477 22.8030815124512 17.5421848297119 17.3684692382812 21.0129718780518 23.3242778778076 -3.4e+38 -3.4e+38 -3.4e+38 6.8709568977356 11.8564081192017 6.57834243774414 5.91261386871338 4.62016820907593 4.84051275253296 6.30625295639038 3.90003180503845 6.05049419403076 3.26876950263977 2.16936683654785 2.80180311203003 3.72808504104614 2.79461789131165 1.38999080657959 0.495977371931076 0.15719273686409 0.110391438007355 0.126161098480225 0.206490814685822 0.140986040234566 0.193460941314697 0.445305943489075
5.89778232574463 6.97119903564453 7.69778966903687 8.23250102996826 8.36160469055176 8.68287181854248 11.0522832870483 13.3122806549072 15.784930229187 15.8806591033936 13.9349536895752 15.2001419067383 16.9138526916504 20.3762168884277 16.5147438049316 16.0798225402832 16.1131744384766 16.1096496582031 40.9927787780762 -3.4e+38 -3.4e+38 29.6245918273926 26.3855876922607 7.88262128829956 9.28272247314453 12.3776597976685 4.15534782409668 2.83207440376282 2.2899808883667 2.83770823478699 2.37269139289856 1.491051197052 2.71869039535522 3.5483090877533 2.99281072616577 2.13252019882202 0.475159525871277 0.142751947045326 0.105387985706329 0.110470443964005 0.131659924983978 0.157092317938805 0.15437163412571 0.366332352161407 1.06305813789368
3.32130742073059 4.17522716522217 5.5066351890564 5.35739612579346 6.19250774383545 7.17662858963013 7.9874587059021 10.3779106140137 11.5039386749268 12.8305044174194 12.785551071167 16.3729667663574 16.6868209838867 12.5706119537354 12.947642326355 19.0058479309082 15.7181119918823 16.952075958252 21.1126766204834 11.4378032684326 20.2081565856934 23.4870071411133 10.8576498031616 7.45602321624756 3.14414978027344 4.73482418060303 3.88711214065552 2.87859702110291 2.00230932235718 2.36978602409363 1.16257965564728 1.92896592617035 2.0917854309082 3.11817502975464 1.6191338300705 0.260485798120499 0.110542215406895 0.103285923600197 0.108982756733894 0.112873114645481 0.124265350401402 0.137220174074173 0.149412661790848 0.554890096187592 0.525628685951233
0.827627301216125 1.43552434444427 2.17423439025879 2.66987705230713 3.64142441749573 4.92477750778198 5.95676612854004 6.49932813644409 9.23851108551025 9.97718906402588 13.5592365264893 18.1614036560059 9.82150936126709 14.0933313369751 20.2214202880859 12.9720993041992 12.6372203826904 17.0387058258057 12.234504699707 11.8656167984009 8.33328533172607 6.11277627944946 1.52761805057526 0.404343813657761 0.836559236049652 0.841865479946136 0.596803605556488 0.384405434131622 0.312872737646103 0.826926648616791 1.4551819562912 3.59756875038147 1.95532298088074 0.997981429100037 0.267520755529404 0.109049998223782 0.104365795850754 0.123084686696529 0.127443373203278 0.125234037637711 0.126805692911148 0.120978593826294 0.11866932362318 0.175591111183167 0.344014316797256
0.38242495059967 0.485723793506622 0.691468834877014 0.908789992332458 1.84626829624176 3.11135697364807 4.05172204971313 5.24161291122437 4.69861650466919 3.7119824886322 4.86765336990356 9.15080833435059 5.67058277130127 8.06613349914551 7.83063507080078 5.64228057861328 4.52324151992798 5.41906309127808 5.87067842483521 3.95805907249451 1.35127186775208 0.860094010829926 1.81114780902863 0.39182847738266 0.150655120611191 0.178442060947418 0.121590286493301 0.207554072141647 0.187680646777153 0.176697552204132 0.168658688664436 0.455945730209351 0.26281476020813 0.0940685197710991 0.0923149958252907 0.0964625850319862 0.122548587620258 0.159264385700226 0.141490027308464 0.131128668785095 0.131168052554131 0.138807117938995 0.129460334777832 0.14252245426178 0.113665729761124
0.232268959283829 0.22557957470417 0.217973798513412 0.259983956813812 0.383846968412399 0.677258133888245 1.34376621246338 1.44996953010559 1.81248664855957 1.65763235092163 1.65582358837128 1.20226216316223 0.932081043720245 1.30039644241333 0.493518441915512 0.644965589046478 0.395639896392822 0.191487461328506 0.263303071260452 0.130410596728325 0.115309193730354 0.116608828306198 0.108884915709496 0.104962728917599 0.100007608532906 0.0957471951842308 0.0897356420755386 0.0905609801411629 0.0898248180747032 0.0919211730360985 0.104840196669102 0.111509695649147 0.100773766636848 0.0934453010559082 0.1005624756217 0.127128481864929 0.15467181801796 0.173188492655754 0.161902889609337 0.154921561479568 0.160935819149017 0.165905386209488 0.165681466460228 0.15544068813324 0.113971635699272
0.1780074685812 0.171713978052139 0.188504442572594 0.189113095402718 0.18654078245163 0.215910330414772 0.299791663885117 0.506718277931213 0.540162444114685 0.5303635597229 0.402352839708328 0.361706048250198 0.279747545719147 0.327907413244247 0.205496490001678 0.188284158706665 0.168591931462288 0.154842838644981 0.141680479049683 0.122650645673275 0.112857021391392 0.113614961504936 0.10410026460886 0.0970867648720741 0.0963814184069633 0.0931372120976448 0.09071896225214 0.0874039903283119 0.0884387120604515 0.0926668345928192 0.0904567316174507 0.0903686136007309 0.0944588407874107 0.0994758754968643 0.111303262412548 0.134986355900764 0.146916940808296 0.157014012336731 0.152680918574333 0.147672280669212 0.156108066439629 0.158765241503716 0.177714571356773 0.171304300427437 0.125816956162453
