Ecospace-environmental-drivers/Outputs/ASCII-for-ecospace/Cfl/Cfl_X2017.07.asc
NCOLS 131 
NROWS 53 
XLLCORNER -98 
YLLCORNER 23.9265270233154 
CELLSIZE 0.133587792515755 
NODATA_value -3.4e+38 
[rows 20 to 39 of 53, columns 45 to 89 of 131]
0.027007544413209 0.0277558248490095 0.035684946924448 0.0482798591256142 0.0582711324095726 0.0543001741170883 0.022206787019968 0.0231653116643429 0.0298819709569216 0.0375592187047005 0.0292939376085997 0.031218508258462 0.0395271815359592 0.049714457243681 0.0462618321180344 0.0525957234203815 0.0616819933056831 0.0891720727086067 0.076882004737854 0.0544443055987358 0.0669992417097092 0.0609809830784798 0.0510090105235577 0.0489206649363041 0.0472561307251453 0.0390431210398674 0.0293112993240356 0.0272418577224016 0.0280141513794661 0.0273444131016731 0.0327301248908043 0.0370815917849541 0.0392776690423489 0.0368169732391834 0.0364318750798702 0.0431128442287445 0.0275169871747494 0.0388588644564152 0.0354060046374798 0.0364832058548927 0.0359319038689137 0.0353795289993286 0.0508438646793365 0.0345368050038815 0.0363274775445461
0.0292846579104662 0.0272656120359898 0.025409035384655 0.0313454568386078 0.0372370518743992 0.0308294463902712 0.0221259593963623 0.0295387785881758 0.0337492153048515 0.0378338657319546 0.0425608679652214 0.0280269142240286 0.0421823225915432 0.0524273291230202 0.0348639078438282 0.0378293506801128 0.0365327522158623 0.0405436940491199 0.0375005938112736 0.0343218669295311 0.0522385276854038 0.0386492386460304 0.0415250584483147 0.0508906058967113 0.037936944514513 0.0376251675188541 0.0346361249685287 0.031294908374548 0.0289393365383148 0.0353446528315544 0.0363627262413502 0.0385182872414589 0.041946318000555 0.0442788228392601 0.0645925849676132 0.0317724049091339 0.0328287556767464 0.034930270165205 0.0377801656723022 0.0438829623162746 0.0236484166234732 0.0182628631591797 0.0192814655601978 0.0306849908083677 0.0266615077853203
0.0237854830920696 0.0232446510344744 0.0204317383468151 0.0161937102675438 0.0272030737251043 0.0234007444232702 0.0259015951305628 0.0343479327857494 0.0384519137442112 0.0388404056429863 0.0395969785749912 0.0348190851509571 0.0285525545477867 0.0353518426418304 0.0418426282703876 0.0353994518518448 0.0385352410376072 0.0352372415363789 0.0379694774746895 0.0296098813414574 0.036284264177084 0.0392744839191437 0.0398308075964451 0.0312313754111528 0.035736832767725 0.0354638434946537 0.0345062389969826 0.0347043424844742 0.0334145538508892 0.0358251892030239 0.0343310832977295 0.0323166996240616 0.0364048890769482 0.0378094986081123 0.0387931205332279 0.0336825251579285 0.0286976266652346 0.0335887409746647 0.0454452782869339 0.0281805768609047 0.0151824373751879 0.0172887910157442 0.0193300098180771 0.0338546559214592 0.0228230617940426
0.0234298706054688 0.0188262462615967 0.0242964755743742 0.0224774722009897 0.0295100603252649 0.0268675703555346 0.0155912414193153 0.0229471083730459 0.0291176326572895 0.0297841913998127 0.0347108952701092 0.0318576544523239 0.0278269369155169 0.0282415580004454 0.0375022925436497 0.021792946383357 0.0276084616780281 0.0186432413756847 0.0335502810776234 0.0370118767023087 0.0388639718294144 0.0307737719267607 0.0364511497318745 0.033491637557745 0.0334649868309498 0.0341578684747219 0.0310076922178268 0.0294432602822781 0.0360332131385803 0.036614678800106 0.0557335317134857 0.0343063548207283 0.0248790420591831 0.0371059626340866 0.0378509387373924 0.0385924838483334 0.0352773256599903 0.0261109061539173 0.0279625505208969 0.0482090897858143 0.0234433002769947 0.0117290262132883 0.0182893723249435 0.0291165411472321 0.0233814213424921
0.0271700322628021 0.0227245949208736 0.0237111933529377 0.0222021732479334 0.0260836239904165 0.0220237616449594 0.00868709199130535 0.0167251788079739 0.0246971845626831 0.0342990346252918 0.0304968301206827 0.0304393619298935 0.0276226866990328 0.0284697357565165 0.0340470299124718 0.0328638404607773 0.0269127320498228 0.0283802133053541 0.0267580170184374 0.0353195704519749 0.0348850190639496 0.0371434167027473 0.0343332029879093 0.0351980701088905 0.0354133546352386 0.0287152361124754 0.0431613177061081 0.0381937399506569 0.0350135453045368 0.0349604040384293 0.0406928844749928 0.0311300866305828 0.0349383875727654 0.0327958576381207 0.0349670052528381 0.0330923460423946 0.0285325907170773 0.0314009636640549 0.0291213691234589 0.0366745293140411 0.0378695987164974 0.0376421026885509 0.0286195445805788 0.0296251550316811 0.0317069441080093
0.0248860362917185 0.0194884557276964 0.0237626880407333 0.0243150126188993 0.0205045398324728 0.0197085943073034 0.0130654526874423 0.0132031152024865 0.0191948059946299 0.0194832570850849 0.0230261292308569 0.0304775573313236 0.0272723510861397 0.0275635905563831 0.0289042945951223 0.0286759547889233 0.0266497544944286 0.0309763588011265 0.0345320403575897 0.0448261313140392 0.0452870875597 0.0472228601574898 0.0490711852908134 0.0343582406640053 0.0368235819041729 0.0402928590774536 0.0492171607911587 0.0423435233533382 0.0337163247168064 0.0353685393929482 0.0404951684176922 0.0327099151909351 0.0316149219870567 0.0354272872209549 0.0405159965157509 0.0277345478534698 0.0330118499696255 0.0394476018846035 0.0448066145181656 0.0434957817196846 0.0355740301311016 0.0348830297589302 0.0287703238427639 0.0355050191283226 0.0376015566289425
0.0254947822540998 0.0326800495386124 0.0291660521179438 0.0231399927288294 0.0202908776700497 0.0192438084632158 0.0173593051731586 0.0131517862901092 0.0165171306580305 0.0129944914951921 0.0213743504136801 0.0275177694857121 0.0348206833004951 0.0274243261665106 0.0425589866936207 0.0365643724799156 0.0257330257445574 0.0276677068322897 0.0300586353987455 0.041474960744381 0.0405486077070236 0.0365660116076469 0.0431165434420109 0.0438076071441174 0.0358829535543919 0.0409340262413025 0.0346845798194408 0.0347073003649712 0.0423856861889362 0.0325793214142323 0.0454415492713451 0.0374641679227352 0.0388500615954399 0.036530613899231 0.0357176437973976 0.0363485552370548 0.0378905460238457 0.0427443161606789 0.0409971959888935 0.0587467551231384 0.0536093302071095 0.0339201651513577 0.0363696217536926 0.0362755097448826 0.0312630198895931
0.0263507347553968 0.0264548175036907 0.0248417630791664 0.0237780287861824 0.0199719406664371 0.0175562985241413 0.0212988462299109 0.0172442141920328 0.0200044922530651 0.0166241284459829 0.0245748162269592 0.0361313857138157 0.0264427941292524 0.0374395400285721 0.0325607918202877 0.035659171640873 0.0334650091826916 0.0381492041051388 0.0432563647627831 0.0393487960100174 0.0381998233497143 0.0354537442326546 0.0395041145384312 0.0540551021695137 0.044703084975481 0.0434122383594513 0.0361155420541763 0.0409729480743408 0.0429145954549313 0.0432079769670963 0.0483941212296486 0.0365615226328373 0.0377990640699863 0.0344565287232399 0.03959871083498 0.0386907830834389 0.0366434529423714 0.0359090082347393 0.0397138632833958 0.0375739969313145 0.033448588103056 0.0440952591598034 0.025764424353838 0.0327648222446442 0.0317266471683979
0.0249773357063532 0.025832686573267 0.0287204943597317 0.0217292755842209 0.0216266773641109 0.02119923196733 0.0200953613966703 0.0155882695689797 0.0169554315507412 0.0283226240426302 0.0197446718811989 0.0340059250593185 0.0359037257730961 0.0330322757363319 0.0267696101218462 0.050913579761982 0.0314552634954453 0.0410113818943501 0.0378040373325348 0.0333345197141171 0.0405135713517666 0.0402510054409504 0.033010445535183 0.0372489951550961 0.0395937040448189 0.0383356362581253 0.0444792360067368 0.0369168221950531 0.0360900573432446 0.0369118377566338 0.0351751334965229 0.0439815632998943 0.0380645953118801 0.0418683402240276 0.038277130573988 0.036822434514761 0.0377554669976234 0.0387440659105778 0.0441388003528118 0.0397281162440777 0.0396296568214893 0.0457529351115227 0.0299734361469746 0.0429341532289982 0.0270813126116991
0.0361391566693783 0.0392660535871983 0.025719391182065 0.0221129208803177 0.0211381111294031 0.0202750395983458 0.0251050777733326 0.0212081484496593 0.0191894453018904 0.0122702773660421 0.0170906838029623 0.0266537386924028 0.0376032665371895 0.0239021889865398 0.0341824665665627 0.0486637502908707 0.0495469830930233 0.0345620028674603 0.037079319357872 0.0340973846614361 0.0404245033860207 0.0353932939469814 0.0313793011009693 0.0371247231960297 0.040183063596487 0.0440047979354858 0.038343533873558 0.0375771261751652 0.0410473868250847 0.0329358614981174 0.0348828360438347 0.0301180817186832 0.0294870529323816 0.0366931818425655 0.040031474083662 0.0393765456974506 0.0501754321157932 0.0505503043532372 0.0396584831178188 0.0380524322390556 0.036712534725666 0.0409147292375565 0.0374380834400654 0.0567067973315716 0.0344724543392658
0.028298981487751 0.038512546569109 0.0327116586267948 0.0285364724695683 0.0218410082161427 0.0218977108597755 0.0243908818811178 0.0226150490343571 0.0217327680438757 0.0227882619947195 0.035377211868763 0.0515586324036121 0.0327377654612064 0.0253060795366764 0.0491860918700695 0.0374003350734711 0.043454647064209 0.0375643372535706 0.0281361900269985 0.0247900895774364 0.0383129455149174 0.0377541072666645 0.0335596613585949 0.0395325534045696 0.0371643789112568 0.0355781801044941 0.034642469137907 0.0398105643689632 0.0416481345891953 0.039899904280901 0.0372819006443024 0.0357655845582485 0.0382615923881531 0.0413104705512524 0.0436814054846764 0.0435606949031353 0.0589464381337166 0.0523509494960308 0.0402928814291954 0.0323876589536667 0.035715788602829 0.0401531234383583 0.03426643460989 0.0381640084087849 0.0502414964139462
0.039877787232399 0.0315530598163605 0.0318067073822021 0.0238753780722618 0.0354980677366257 0.030040118843317 0.0367753654718399 0.0271872822195292 0.0214890539646149 0.0465377308428288 0.0265825446695089 0.0233451500535011 0.0166258029639721 0.0267772506922483 0.020336352288723 0.0322935692965984 0.0291502270847559 0.0373048968613148 0.0311270840466022 0.0304482821375132 0.0373080484569073 0.0303283594548702 0.0370366089046001 0.0406712256371975 0.0388318374752998 0.036740779876709 0.0461594499647617 0.0393493436276913 0.0532184056937695 0.0349469929933548 0.0458810701966286 0.0544766634702682 0.0487272329628468 0.0416030921041965 0.0488778091967106 0.0400288291275501 0.0463865883648396 0.0375355258584023 0.0372144021093845 0.03530503064394 0.037667416036129 0.0384776778519154 0.0375615619122982 0.0373497568070889 0.0440796539187431
0.0434801504015923 0.0310302302241325 0.0264268722385168 0.0353040769696236 0.0503405071794987 0.0437242202460766 0.0526612587273121 0.0367831140756607 0.0505184009671211 0.036347109824419 0.0200153607875109 0.0131970653310418 0.0233135018497705 0.0272697918117046 0.0380447246134281 0.04108627140522 0.0332186184823513 0.0269918460398912 0.0292047187685966 0.0352489575743675 0.0368088968098164 0.0348233804106712 0.0376581698656082 0.0364652238786221 0.043870247900486 0.0418955869972706 0.0432242564857006 0.0360661931335926 0.0379321649670601 0.039308700710535 0.0373515896499157 0.0444259904325008 0.0565556325018406 0.0431957170367241 0.040773332118988 0.0335216633975506 0.030727231875062 0.0347578525543213 0.0392732731997967 0.0459378957748413 0.0434410199522972 0.0316986553370953 0.0364171452820301 0.037307545542717 0.0475281327962875
0.0250819809734821 0.0241412371397018 0.0323038026690483 0.0309280306100845 0.0344952940940857 0.0397403128445148 0.0361109115183353 0.0198797602206469 0.051542904227972 0.0288018379360437 0.0185869354754686 0.0241103135049343 0.0238779317587614 0.0260507594794035 0.0359180830419064 0.0409853681921959 0.034245178103447 0.0268358252942562 0.0232836455106735 0.0306131262332201 0.0313787087798119 0.0342155881226063 0.0333988443017006 0.0367022268474102 0.0376679599285126 0.0383671708405018 0.0514441356062889 0.0488237589597702 0.0485493838787079 0.0460641197860241 0.0394668467342854 0.0371001809835434 0.0379974246025085 0.0336668640375137 0.0342940352857113 0.0284835360944271 0.0298793446272612 0.0435335747897625 0.0400811620056629 0.0321077480912209 0.0357524156570435 0.0349142327904701 0.035169955343008 0.0330173075199127 0.0376416705548763
0.0236694645136595 0.0216329768300056 0.03331034258008 0.0324686877429485 0.031605951488018 0.0286803804337978 0.027265714481473 0.0268598832190037 0.0319273322820663 0.0254268534481525 0.0312059465795755 0.0287500023841858 0.0248894728720188 0.0257684085518122 0.0274344068020582 0.0257341302931309 0.0297197587788105 0.0316976979374886 0.0233632102608681 0.0274684373289347 0.0317008718848228 0.0361547842621803 0.0359231159090996 0.0363794937729836 0.0391965508460999 0.0426817983388901 0.0318775400519371 0.0370190106332302 0.0463961698114872 0.0516955964267254 0.0458084791898727 0.0454216040670872 0.0459555871784687 0.0380847342312336 0.0383477844297886 0.0293597169220448 0.0278938207775354 0.0257564764469862 0.0264773909002542 0.045001782476902 0.0363500341773033 0.0335110239684582 0.0293904468417168 0.0209120977669954 0.0167194623500109
0.0314704813063145 0.0324629992246628 0.0342221669852734 0.0303787142038345 0.0286491550505161 0.0251226741820574 0.0244075767695904 0.0315366946160793 0.0405687876045704 0.0274729356169701 0.0333836264908314 0.030180037021637 0.0257786065340042 0.0276547335088253 0.0221354626119137 0.0257892981171608 0.0295352283865213 0.0327625647187233 0.0210057403892279 0.0262646768242121 0.0313859991729259 0.0298105720430613 0.0389602743089199 0.0429506301879883 0.0401051379740238 0.0456140153110027 0.0498948283493519 0.0408184416592121 0.0376064293086529 0.0455951504409313 0.0342718623578548 0.0333597473800182 0.0326826013624668 0.035674050450325 0.0314083695411682 0.033148430287838 0.0240965355187654 0.0433144085109234 0.0431540496647358 0.035385362803936 0.0259857270866632 0.0240129325538874 0.0288339853286743 0.0341068916022778 0.0372402034699917
0.0381154976785183 0.0412019751966 0.0277779716998339 0.0317645482718945 0.0321612916886806 0.0287854857742786 0.0341364741325378 0.033052172511816 0.0420965999364853 0.0387133546173573 0.0266491398215294 0.0357704199850559 0.0361955873668194 0.0254384465515614 0.0211593341082335 0.0378038547933102 0.0407263487577438 0.0281996466219425 0.0233362540602684 0.0237484574317932 0.0317682325839996 0.0341207049787045 0.0386434830725193 0.0415574498474598 0.0404027178883553 0.0368854328989983 0.0480470582842827 0.040760725736618 0.0414246656000614 0.0447034649550915 0.0291667021811008 0.0382290966808796 0.0375470742583275 0.0455699861049652 0.034948792308569 0.0419437550008297 0.0417854562401772 0.0494503453373909 0.044298879802227 0.0338999815285206 0.0342652276158333 0.0232784599065781 0.0342621766030788 0.0270453616976738 0.031093018129468
0.0412485525012016 0.0419501625001431 0.0341151505708694 0.0383419208228588 0.0347332209348679 0.0340225398540497 0.0383871868252754 0.0310415755957365 0.0289150848984718 0.0289685465395451 0.0277454890310764 0.0373542681336403 0.0318052731454372 0.0286992229521275 0.0248858109116554 0.0351961553096771 0.0352343507111073 0.0329644531011581 0.0288383979350328 0.029902646318078 0.0297377202659845 0.0416911765933037 0.0402372628450394 0.0411615595221519 0.0463206768035889 0.0339910909533501 0.0561236552894115 0.0381587706506252 0.0387049354612827 0.0472216121852398 0.0432311184704304 0.0443508587777615 0.0402213335037231 0.0304999966174364 0.0302835498005152 0.0325424037873745 0.0331991910934448 0.0246679931879044 0.0510015934705734 0.0417061410844326 0.0276507046073675 0.0228404756635427 0.0205287393182516 0.0152843883261085 0.0254285074770451
0.0375904440879822 0.049869678914547 0.0330120958387852 0.0323764085769653 0.0342243984341621 0.0287758931517601 0.034045584499836 0.0311770401895046 0.0273568015545607 0.024627611041069 0.0274917390197515 0.0435054078698158 0.0371512286365032 0.023844838142395 0.023167684674263 0.03721983730793 0.0315519124269485 0.0384655371308327 0.045051846653223 0.0360856205224991 0.0382648482918739 0.0267314426600933 0.0249409452080727 0.046785194426775 0.0423854477703571 0.0446300245821476 0.0610024593770504 0.0489427335560322 0.0450468212366104 0.0381993278861046 0.0288372337818146 0.0429746508598328 0.0298661291599274 0.0195376388728619 0.0237800981849432 0.0210746265947819 0.0294193997979164 0.0252849664539099 0.0439915731549263 0.0321960709989071 0.0326745957136154 0.0320082120597363 0.0221341848373413 0.0172472950071096 0.0206610523164272
0.0411362871527672 0.0356482639908791 0.0285892095416784 0.03122378885746 0.028014175593853 0.0277408827096224 0.0305094439536333 0.0271081458777189 0.0233907382935286 0.0219400078058243 0.0253868401050568 0.0354210250079632 0.0325467959046364 0.031234972178936 0.0358287990093231 0.0389538332819939 0.0310064926743507 0.038655836135149 0.039532333612442 0.0351785570383072 0.0441124811768532 0.0326362736523151 0.0306350514292717 0.0354924164712429 0.036333229392767 0.0442064367234707 0.0468164533376694 0.0422756560146809 0.0307385958731174 0.0256353765726089 0.0313557125627995 0.0409991815686226 0.0360654294490814 0.0316989235579967 0.0320749990642071 0.0231780018657446 0.0190970841795206 0.0231651868671179 0.0279755853116512 0.0230674371123314 0.0357571989297867 0.0365365967154503 0.0245814472436905 0.0174386501312256 0.0294343791902065
