Ecospace-environmental-drivers/Outputs/ASCII-for-ecospace/Cfl/Cfl_X2014.11.asc
NCOLS 131 
NROWS 53 
XLLCORNER -98 
YLLCORNER 23.9265270233154 
CELLSIZE 0.133587792515755 
NODATA_value -3.4e+38 
[rows 0 to 19 of 53, columns 46 to 91 of 131]
-3.4e+38 -3.4e+38 -3.4e+38 -3.4e+38 -3.4e+38 -3.4e+38 -3.4e+38 -3.4e+38 -3.4e+38 -3.4e+38 -3.4e+38 -3.4e+38 -3.4e+38 -3.4e+38 -3.4e+38 -3.4e+38 -3.4e+38 -3.4e+38 -3.4e+38 -3.4e+38 -3.4e+38 -3.4e+38 -3.4e+38 -3.4e+38 -3.4e+38 -3.4e+38 -3.4e+38 -3.4e+38 -3.4e+38 -3.4e+38 -3.4e+38 -3.4e+38 -3.4e+38 -3.4e+38 -3.4e+38 -3.4e+38 -3.4e+38 -3.4e+38 -3.4e+38 -3.4e+38 -3.4e+38 -3.4e+38 -3.4e+38 -3.4e+38 -3.4e+38 -3.4e+38
-3.4e+38 -3.4e+38 -3.4e+38 -3.4e+38 -3.4e+38 -3.4e+38 -3.4e+38 -3.4e+38 -3.4e+38 -3.4e+38 -3.4e+38 -3.4e+38 -3.4e+38 -3.4e+38 -3.4e+38 -3.4e+38 -3.4e+38 -3.4e+38 -3.4e+38 -3.4e+38 -3.4e+38 -3.4e+38 -3.4e+38 -3.4e+38 -3.4e+38 -3.4e+38 -3.4e+38 -3.4e+38 -3.4e+38 -3.4e+38 -3.4e+38 -3.4e+38 -3.4e+38 -3.4e+38 -3.4e+38 -3.4e+38 -3.4e+38 -3.4e+38 -3.4e+38 -3.4e+38 -3.4e+38 -3.4e+38 -3.4e+38 -3.4e+38 -3.4e+38 -3.4e+38
-3.4e+38 -3.4e+38 -3.4e+38 -3.4e+38 -3.4e+38 -3.4e+38 -3.4e+38 -3.4e+38 -3.4e+38 -3.4e+38 -3.4e+38 -3.4e+38 -3.4e+38 -3.4e+38 -3.4e+38 -3.4e+38 -3.4e+38 -3.4e+38 -3.4e+38 -3.4e+38 -3.4e+38 -3.4e+38 -3.4e+38 -3.4e+38 -3.4e+38 -3.4e+38 -3.4e+38 -3.4e+38 16.0278472900391 13.6963157653809 -3.4e+38 -3.4e+38 -3.4e+38 -3.4e+38 -3.4e+38 -3.4e+38 -3.4e+38 -3.4e+38 -3.4e+38 -3.4e+38 -3.4e+38 -3.4e+38 -3.4e+38 -3.4e+38 -3.4e+38 -3.4e+38
-3.4e+38 -3.4e+38 -3.4e+38 -3.4e+38 -3.4e+38 -3.4e+38 -3.4e+38 -3.4e+38 -3.4e+38 -3.4e+38 -3.4e+38 -3.4e+38 -3.4e+38 -3.4e+38 -3.4e+38 -3.4e+38 -3.4e+38 -3.4e+38 -3.4e+38 -3.4e+38 -3.4e+38 -3.4e+38 -3.4e+38 -3.4e+38 -3.4e+38 -3.4e+38 -3.4e+38 -3.4e+38 13.7460622787476 14.1246681213379 -3.4e+38 -3.4e+38 -3.4e+38 -3.4e+38 -3.4e+38 18.2764415740967 15.7291383743286 -3.4e+38 1.06865787506104 -3.4e+38 47.2716865539551 34.3802146911621 -3.4e+38 -3.4e+38 -3.4e+38 -3.4e+38
-3.4e+38 -3.4e+38 -3.4e+38 -3.4e+38 -3.4e+38 -3.4e+38 -3.4e+38 -3.4e+38 -3.4e+38 -3.4e+38 -3.4e+38 -3.4e+38 12.8811931610107 -3.4e+38 -3.4e+38 -3.4e+38 -3.4e+38 -3.4e+38 -3.4e+38 -3.4e+38 -3.4e+38 9.24161529541016 9.69580745697021 -3.4e+38 -3.4e+38 6.34853982925415 6.60521984100342 7.87386846542358 10.1548795700073 11.1189069747925 11.2723445892334 -3.4e+38 -3.4e+38 -3.4e+38 -3.4e+38 18.5053424835205 8.91837787628174 0.949320793151855 0.996267259120941 1.08088755607605 18.063928604126 13.1011123657227 -3.4e+38 -3.4e+38 -3.4e+38 -3.4e+38
-3.4e+38 -3.4e+38 -3.4e+38 -3.4e+38 -3.4e+38 -3.4e+38 -3.4e+38 -3.4e+38 -3.4e+38 15.246452331543 16.0146293640137 8.04503726959229 9.7866907119751 11.0125570297241 11.6271944046021 13.7974624633789 9.73039817810059 10.4108972549438 11.5747718811035 9.58494186401367 7.20954275131226 5.94421005249023 5.96256923675537 5.89034843444824 6.57018375396729 5.22496271133423 5.37465286254883 6.58310842514038 7.3054518699646 7.74930429458618 7.50664043426514 2.65473985671997 3.45486950874329 2.88204598426819 2.01545929908752 1.05578792095184 0.853455662727356 0.782160639762878 0.79044383764267 0.852740287780762 0.953275561332703 0.954870522022247 1.02221298217773 1.1009613275528 1.04579710960388 -3.4e+38
-3.4e+38 -3.4e+38 -3.4e+38 -3.4e+38 -3.4e+38 -3.4e+38 -3.4e+38 -3.4e+38 -3.4e+38 -3.4e+38 8.02318286895752 7.13414764404297 7.24823665618896 8.26664066314697 10.019947052002 10.9636106491089 9.90322017669678 10.1329650878906 9.20142841339111 6.59054803848267 4.17031669616699 3.00543427467346 2.46398615837097 2.00069570541382 2.14786386489868 2.23853278160095 2.05757451057434 3.0877525806427 3.76686382293701 2.22956514358521 1.98161387443542 1.61091506481171 1.10826337337494 0.933809995651245 0.79198557138443 0.642232954502106 0.561895847320557 0.531472027301788 0.576479494571686 0.670031845569611 0.788141429424286 0.874920308589935 0.936372637748718 1.0431843996048 0.902507841587067 0.970351457595825
-3.4e+38 -3.4e+38 -3.4e+38 -3.4e+38 -3.4e+38 -3.4e+38 -3.4e+38 -3.4e+38 -3.4e+38 -3.4e+38 7.03112554550171 7.58994340896606 7.11505842208862 8.36241722106934 11.6595611572266 11.0762538909912 9.68453121185303 9.40689849853516 7.93191432952881 5.73338317871094 3.59122776985168 2.69877457618713 2.3664333820343 1.57534301280975 1.34377479553223 1.29915082454681 1.25788700580597 1.34894561767578 1.34952175617218 1.16701900959015 1.01916766166687 0.860382437705994 0.663693428039551 0.581595718860626 0.5316521525383 0.462725967168808 0.421399086713791 0.405079305171967 0.43544414639473 0.469791114330292 0.550664484500885 0.631875276565552 0.790496706962585 0.939730226993561 0.994308471679688 0.962902009487152
-3.4e+38 -3.4e+38 -3.4e+38 -3.4e+38 -3.4e+38 -3.4e+38 -3.4e+38 -3.4e+38 -3.4e+38 -3.4e+38 -3.4e+38 -3.4e+38 18.5455837249756 -3.4e+38 -3.4e+38 -3.4e+38 10.2489833831787 -3.4e+38 7.69328594207764 5.67408180236816 3.33470129966736 2.5764434337616 2.36297106742859 1.64044094085693 1.25466287136078 1.12993943691254 1.00656235218048 0.900502562522888 0.893438339233398 0.86182963848114 0.764054179191589 0.632459759712219 0.510826945304871 0.443430781364441 0.400530785322189 0.383269250392914 0.384825527667999 0.388207405805588 0.401300489902496 0.424612045288086 0.419072329998016 0.481965154409409 0.599850058555603 0.765993475914001 1.0015960931778 0.914974331855774
-3.4e+38 9.71455192565918 -3.4e+38 -3.4e+38 -3.4e+38 -3.4e+38 -3.4e+38 -3.4e+38 -3.4e+38 -3.4e+38 -3.4e+38 12.7864398956299 16.9887886047363 -3.4e+38 -3.4e+38 -3.4e+38 19.1131134033203 11.9175672531128 8.69263553619385 5.18802738189697 3.04449081420898 2.76860022544861 2.2760763168335 1.70939886569977 1.25131893157959 0.987728595733643 0.969046056270599 0.900603771209717 0.862927317619324 0.824172616004944 0.678761899471283 0.533200263977051 0.44973686337471 0.375318616628647 0.367266952991486 0.366937786340714 0.368247032165527 0.37230858206749 0.378307461738586 0.385051280260086 0.375114053487778 0.393686830997467 0.481150537729263 0.667460739612579 0.827727496623993 0.947946012020111
10.8682670593262 8.7750186920166 -3.4e+38 -3.4e+38 -3.4e+38 -3.4e+38 -3.4e+38 -3.4e+38 -3.4e+38 -3.4e+38 -3.4e+38 -3.4e+38 16.594654083252 -3.4e+38 -3.4e+38 -3.4e+38 17.0379753112793 10.8338556289673 8.1723165512085 5.24025535583496 3.75499987602234 2.87725067138672 2.18511462211609 1.66106081008911 1.36372399330139 1.02629995346069 0.917381644248962 0.844463169574738 0.826969563961029 0.745420277118683 0.548090696334839 0.455219000577927 0.41405463218689 0.357104480266571 0.34834212064743 0.349977731704712 0.338848054409027 0.345202147960663 0.378225415945053 0.382572799921036 0.378010779619217 0.377989798784256 0.431416034698486 0.551807522773743 0.687216281890869 0.846920967102051
8.27370166778564 6.95803308486938 6.06731605529785 6.71176338195801 -3.4e+38 -3.4e+38 -3.4e+38 -3.4e+38 -3.4e+38 -3.4e+38 -3.4e+38 -3.4e+38 16.594654083252 16.3383712768555 16.5525760650635 14.4571409225464 -3.4e+38 9.11891746520996 7.68307304382324 5.9473762512207 4.47039890289307 2.8779513835907 2.10177373886108 1.84724497795105 1.22555339336395 0.892177939414978 0.807086884975433 0.764845252037048 0.705568313598633 0.614006221294403 0.493734836578369 0.462717771530151 0.411659479141235 0.349798083305359 0.336559325456619 0.333437412977219 0.319881677627563 0.32101833820343 0.332671523094177 0.34043025970459 0.359375268220901 0.364561229944229 0.374624818563461 0.441462635993958 0.587111711502075 0.775390088558197
7.13770961761475 7.12165451049805 7.24485015869141 8.07470798492432 9.33469486236572 -3.4e+38 -3.4e+38 -3.4e+38 -3.4e+38 14.4472856521606 14.5256872177124 15.8256025314331 52.6258201599121 28.5232620239258 11.1725769042969 8.72412586212158 7.44310998916626 6.28378057479858 6.33015584945679 6.89322233200073 5.94269609451294 3.4024384021759 1.85686814785004 1.23955416679382 0.835053503513336 0.668406367301941 0.650465130805969 0.608141303062439 0.543151676654816 0.493320226669312 0.435092389583588 0.417010515928268 0.382666081190109 0.363704204559326 0.352870136499405 0.330752611160278 0.315816223621368 0.305482625961304 0.312412023544312 0.310674518346786 0.317033380270004 0.327043861150742 0.327892333269119 0.330670863389969 0.435942530632019 0.587787926197052
6.8057689666748 6.82441568374634 6.72206258773804 6.42864465713501 7.49908876419067 10.5648946762085 10.7893972396851 12.9230690002441 15.4538431167603 12.0060262680054 10.8156938552856 12.6940317153931 10.4404554367065 9.42593097686768 4.85092306137085 3.08560848236084 3.98532581329346 5.11271667480469 6.16078519821167 -3.4e+38 5.96530294418335 5.09549188613892 2.26612997055054 1.04374158382416 0.695352017879486 0.508197069168091 0.477031767368317 0.451825439929962 0.423390507698059 0.386198610067368 0.375408589839935 0.365201681852341 0.344554901123047 0.347684293985367 0.361991137266159 0.33532389998436 0.318803697824478 0.306971192359924 0.304390668869019 0.300319492816925 0.289912402629852 0.294691801071167 0.302242755889893 0.307862132787704 0.329201936721802 0.370996713638306
4.77234601974487 4.87740564346313 4.88864850997925 5.92567586898804 6.42001295089722 6.74338817596436 7.31759786605835 8.91736507415771 7.09275531768799 5.81068754196167 5.89810228347778 5.61690282821655 4.32017469406128 3.57796144485474 2.72979283332825 2.47319054603577 3.09147238731384 4.61666870117188 5.80427217483521 5.02726745605469 5.23721885681152 4.3256402015686 1.78176629543304 0.744638681411743 0.588178217411041 0.48505237698555 0.394432932138443 0.361210525035858 0.352528840303421 0.339978933334351 0.351426869630814 0.351469755172729 0.339106559753418 0.338152080774307 0.332061946392059 0.317461967468262 0.314369142055511 0.313459098339081 0.311035692691803 0.302031844854355 0.293426930904388 0.288100063800812 0.287247329950333 0.28972652554512 0.299779802560806 0.323933273553848
2.705974817276 3.29179239273071 3.91120624542236 4.63646745681763 4.68600511550903 4.45250940322876 4.54536390304565 4.36104011535645 3.8414363861084 3.09153819084167 2.9004545211792 2.62816429138184 2.74079060554504 2.80443024635315 2.99445748329163 3.17507290840149 3.72786068916321 4.41567182540894 4.60260152816772 4.46231746673584 3.85844826698303 1.89235746860504 0.724296391010284 0.494642496109009 0.431614547967911 0.43310734629631 0.349390238523483 0.338187038898468 0.333018571138382 0.335900783538818 0.329375982284546 0.331742107868195 0.327205061912537 0.32606515288353 0.318327575922012 0.305317968130112 0.301276564598083 0.302782028913498 0.291322886943817 0.297446995973587 0.286073625087738 0.275522023439407 0.276449114084244 0.274716794490814 0.279520034790039 0.295184046030045
1.84692096710205 2.40225291252136 2.87736225128174 3.60211420059204 3.8979651927948 3.6436402797699 3.28671431541443 2.79664921760559 2.51109790802002 2.11622142791748 2.4099235534668 2.54769539833069 2.68542313575745 2.78828597068787 3.01985597610474 3.34138488769531 3.45982265472412 3.29997086524963 2.78021478652954 2.22270011901855 1.36206448078156 0.676739752292633 0.49150088429451 0.410514235496521 0.421938955783844 0.377669095993042 0.344502389431 0.350754886865616 0.340243130922318 0.340705573558807 0.312196135520935 0.313271433115005 0.305175334215164 0.303052008152008 0.304021507501602 0.299617409706116 0.295543253421783 0.282153993844986 0.269503772258759 0.275943368673325 0.265201181173325 0.264730215072632 0.271883457899094 0.278413563966751 0.27649849653244 0.283800601959229
1.29036784172058 1.47485935688019 1.83142232894897 2.29985761642456 2.64286541938782 2.74867367744446 2.49921488761902 2.22556614875793 1.94101965427399 2.10375380516052 2.17354416847229 1.98563945293427 1.76179170608521 1.93315184116364 1.73283815383911 1.64597284793854 1.44746589660645 1.21290421485901 1.19380104541779 0.867897629737854 0.531967580318451 0.403538733720779 0.385302037000656 0.367885231971741 0.337961375713348 0.339187562465668 0.335262954235077 0.330599278211594 0.34417736530304 0.352870672941208 0.323869198560715 0.312400043010712 0.290555953979492 0.277806997299194 0.279970347881317 0.269825607538223 0.280509948730469 0.270130187273026 0.279160380363464 0.271395474672318 0.271557450294495 0.269445091485977 0.274871021509171 0.272325694561005 0.275606662034988 0.288023203611374
1.03396594524384 1.13603043556213 1.18287312984467 1.37818217277527 1.52871584892273 1.66559946537018 1.66469013690948 1.74229657649994 2.11098885536194 1.9711320400238 1.68718659877777 1.48424983024597 1.31790816783905 1.33956182003021 0.89672464132309 0.61200886964798 0.435015052556992 0.475825786590576 0.564162850379944 0.479156672954559 0.394270151853561 0.331781625747681 0.335020452737808 0.316469520330429 0.313026815652847 0.30705714225769 0.326286852359772 0.334253042936325 0.332464188337326 0.333463698625565 0.331025213003159 0.291995912790298 0.293091833591461 0.271647930145264 0.260998636484146 0.265481919050217 0.271378993988037 0.282234579324722 0.290279537439346 0.27636381983757 0.268575549125671 0.265329390764236 0.273310840129852 0.281279414892197 0.280686646699905 0.295069307088852
0.7674840092659 0.792271196842194 0.828216373920441 0.704118430614471 0.718990087509155 0.942392528057098 1.21333014965057 1.74032640457153 1.88854789733887 1.54604017734528 1.30471360683441 1.22459578514099 1.13111317157745 1.00204920768738 0.831971049308777 0.641343653202057 0.453922629356384 0.402676165103912 0.375042676925659 0.359805345535278 0.357935667037964 0.329969257116318 0.306129068136215 0.302086055278778 0.307633370161057 0.311083316802979 0.328690111637115 0.334760189056396 0.320127934217453 0.307808607816696 0.301398009061813 0.314777433872223 0.322565883398056 0.296294063329697 0.302156329154968 0.301701724529266 0.310667604207993 0.306469470262527 0.290710270404816 0.279069423675537 0.2717065513134 0.271759241819382 0.268688082695007 0.268243014812469 0.270292699337006 0.267006576061249
