Ecospace-environmental-drivers/Outputs/ASCII-for-ecospace/Cfl/Cfl_X2012.10.asc
NCOLS 131 
NROWS 53 
XLLCORNER -98 
YLLCORNER 23.9265270233154 
CELLSIZE 0.133587792515755 
NODATA_value -3.4e+38 
[rows 20 to 39 of 53, columns 45 to 89 of 131]
0.0443300046026707 0.0399396792054176 0.0363801047205925 0.0467646978795528 0.0349666252732277 0.0348727516829967 0.0361098498106003 0.0360878929495811 0.0432953648269176 0.0527354702353477 0.0760131925344467 0.0788799598813057 0.0366398505866528 0.0296230986714363 0.0317166075110435 0.0305937398225069 0.0305766519159079 0.0307121966034174 0.0273900423198938 0.0247223805636168 0.0210305973887444 0.0329858101904392 0.0286644566804171 0.0269374847412109 0.020551260560751 0.0187916476279497 0.0197940170764923 0.0240748729556799 0.0241031646728516 0.0269918274134398 0.028708815574646 0.0340548157691956 0.0293821934610605 0.0294527914375067 0.0359048135578632 0.0354118645191193 0.0372520387172699 0.0326405465602875 0.0336715430021286 0.0323822870850563 0.0302534531801939 0.0301563367247581 0.0312890969216824 0.0302616804838181 0.031025817617774
0.031399916857481 0.0328246839344501 0.0315004102885723 0.0372603535652161 0.0429102368652821 0.0366709306836128 0.0332740433514118 0.0380519106984138 0.0379057824611664 0.0349022448062897 0.0419575609266758 0.0407736860215664 0.0338678471744061 0.0281672235578299 0.0306518562138081 0.0399633422493935 0.0374371632933617 0.0333354845643044 0.0287348702549934 0.0204684231430292 0.0221279598772526 0.0288725420832634 0.0251381788402796 0.0258873291313648 0.0182080157101154 0.0172900408506393 0.0157791506499052 0.0229363590478897 0.0313978940248489 0.0306547228246927 0.0313005149364471 0.0368030928075314 0.0319165140390396 0.0324036404490471 0.0337073393166065 0.0372018441557884 0.0372175648808479 0.0354849137365818 0.0347384326159954 0.0302534662187099 0.0264608431607485 0.0271122753620148 0.0292844381183386 0.0283776205033064 0.0309531167149544
0.0307181216776371 0.0334852077066898 0.0292058829218149 0.0302488543093204 0.0337460115551949 0.0358815789222717 0.030732274055481 0.0343266725540161 0.0357261039316654 0.0379386655986309 0.0337658934295177 0.0308735352009535 0.028481213375926 0.0254022125154734 0.0295110624283552 0.0316232368350029 0.0263913683593273 0.0250053480267525 0.0261391755193472 0.029322249814868 0.0216457191854715 0.0325258076190948 0.0267994776368141 0.0303262192755938 0.0248108748346567 0.0211986843496561 0.0166670959442854 0.0185529757291079 0.0253972671926022 0.0315607823431492 0.0213442724198103 0.0288838148117065 0.0326061882078648 0.0354629009962082 0.0325478054583073 0.0346419587731361 0.0360767617821693 0.0338039398193359 0.0377493873238564 0.0365594513714314 0.0272267330437899 0.0252924300730228 0.0299376398324966 0.031045213341713 0.0331721752882004
0.0327486656606197 0.0286158751696348 0.0285441651940346 0.0285227056592703 0.0257047526538372 0.0283353384584188 0.0329178497195244 0.0295258164405823 0.0334710143506527 0.0379631221294403 0.0374526977539062 0.0388755239546299 0.0334164015948772 0.0287808310240507 0.0335330776870251 0.0387377627193928 0.0196451097726822 0.0228754878044128 0.020451758056879 0.0184305682778358 0.024217190220952 0.0313040539622307 0.0301642287522554 0.0295410063117743 0.0215823799371719 0.022681837901473 0.0254104621708393 0.0389470830559731 0.0312653481960297 0.044516559690237 0.0239230245351791 0.0421531163156033 0.0356688052415848 0.0317640043795109 0.0315263085067272 0.033101711422205 0.0299465488642454 0.0244272444397211 0.0247230716049671 0.0392566174268723 0.0337597839534283 0.0306369662284851 0.0290477685630322 0.0275161322206259 0.0281447879970074
0.0255574230104685 0.0294422004371881 0.0316913090646267 0.0288169011473656 0.0272841695696115 0.0261272266507149 0.0258127804845572 0.0242660138756037 0.0285403821617365 0.0345469042658806 0.0312872678041458 0.0323340930044651 0.0339825190603733 0.0306361000984907 0.0288233142346144 0.0337452851235867 0.0256482381373644 0.0263424832373857 0.0293056238442659 0.0213875453919172 0.0240597035735846 0.0248751975595951 0.0277054086327553 0.0247578620910645 0.0216695107519627 0.0214359555393457 0.0244280658662319 0.0322602763772011 0.0324732512235641 0.0461181066930294 0.0348642095923424 0.0477785877883434 0.0354837775230408 0.0316640622913837 0.0342598930001259 0.0343267470598221 0.0300215538591146 0.0270666591823101 0.0295192040503025 0.0322492867708206 0.0321415700018406 0.0304113999009132 0.0298047419637442 0.0338993743062019 0.028282605111599
0.0222131945192814 0.0261032897979021 0.029376246035099 0.0282732658088207 0.0224029961973429 0.0230356827378273 0.0224071312695742 0.0217388682067394 0.0254546087235212 0.0327412337064743 0.0319695807993412 0.0288960840553045 0.0297609157860279 0.0241566430777311 0.0269215777516365 0.0271415263414383 0.026186965405941 0.0282547809183598 0.0303338933736086 0.0217152684926987 0.0243447795510292 0.0224225018173456 0.0319589301943779 0.0292830932885408 0.0247903596609831 0.0240499526262283 0.0326133258640766 0.034234806895256 0.0341765433549881 0.0417833961546421 0.0350880995392799 0.0444796532392502 0.0505243167281151 0.0410337559878826 0.0421252436935902 0.0455327518284321 0.0404781401157379 0.0382946543395519 0.0259672813117504 0.0366027802228928 0.0339966714382172 0.0277055483311415 0.0299456529319286 0.0349790193140507 0.0350881926715374
0.0242409650236368 0.0196693055331707 0.025845205411315 0.0296741351485252 0.0282484274357557 0.0233130399137735 0.0255706291645765 0.0277019236236811 0.031186904758215 0.0286705698817968 0.0297086630016565 0.0342668145895004 0.0310620088130236 0.0251456312835217 0.0261368341743946 0.0267258025705814 0.0299405846744776 0.0341473594307899 0.03812126070261 0.02932158857584 0.0302915759384632 0.0282081011682749 0.0333085469901562 0.0403171926736832 0.0234341006726027 0.0293512009084225 0.0245421845465899 0.028485020622611 0.0438214093446732 0.0373166762292385 0.0205657742917538 0.0326087139546871 0.0336879752576351 0.0375310741364956 0.0492550134658813 0.043807003647089 0.0403602309525013 0.0455917194485664 0.0309613291174173 0.0467439070343971 0.0454604402184486 0.0359381847083569 0.0389196090400219 0.0392908230423927 0.0340344607830048
0.0248226411640644 0.0243295896798372 0.0251413471996784 0.0257443152368069 0.0270717013627291 0.0254290066659451 0.0288814548403025 0.031940933316946 0.0307503808289766 0.0293032173067331 0.0324656143784523 0.0321889296174049 0.0320791676640511 0.0265986602753401 0.0255543421953917 0.0275461114943027 0.0362311378121376 0.0344471782445908 0.0383978150784969 0.036159947514534 0.0391090847551823 0.0286708194762468 0.028344513848424 0.0375938266515732 0.0322623997926712 0.0465557835996151 0.0333602018654346 0.0320670753717422 0.0456902347505093 0.0535665713250637 0.0343083739280701 0.0265638809651136 0.0423832982778549 0.0645191892981529 0.0543684922158718 0.0375396125018597 0.0375033393502235 0.0364200919866562 0.0345113202929497 0.0486154556274414 0.0461370162665844 0.0493694767355919 0.0375450924038887 0.039503138512373 0.0371741838753223
0.0263066869229078 0.0262586362659931 0.0243949554860592 0.0292912013828754 0.0277729891240597 0.0262214727699757 0.0285911560058594 0.0303067918866873 0.0310939773917198 0.0285958014428616 0.0325779803097248 0.0302222035825253 0.0280204545706511 0.0283817462623119 0.0282737482339144 0.0299001131206751 0.0377178117632866 0.0353455878794193 0.0356541983783245 0.0378128588199615 0.0321170203387737 0.026059202849865 0.0309545919299126 0.0538215786218643 0.0408206768333912 0.0307155661284924 0.0797294229269028 0.0658479556441307 0.062374796718359 0.0362997315824032 0.0387291684746742 0.0386511608958244 0.0523040741682053 0.0694446191191673 0.0600637793540955 0.0167215690016747 0.0338020101189613 0.0451771356165409 0.0504051968455315 0.0441261157393456 0.0493735261261463 0.0512669570744038 0.0373752415180206 0.0346586592495441 0.0379798710346222
0.030612962320447 0.0291057750582695 0.0301997791975737 0.029106579720974 0.0245838202536106 0.0265518594533205 0.0283898897469044 0.0295098703354597 0.0326018370687962 0.0319075956940651 0.0332906432449818 0.0338774025440216 0.0366337671875954 0.0332654677331448 0.0324991121888161 0.0337364822626114 0.036588829010725 0.0329209603369236 0.0340301059186459 0.0401961915194988 0.0608263239264488 0.0785108953714371 0.052262119948864 0.0414078645408154 0.030567204579711 0.038434062153101 0.0273182839155197 0.0456063523888588 0.0317836850881577 0.0249807965010405 0.0372826792299747 0.0290891658514738 0.0496180504560471 0.0548468418419361 0.0274892579764128 0.029928645119071 0.0481524616479874 0.0510056465864182 0.0478627718985081 0.0518325380980968 0.0481217056512833 0.0328526981174946 0.0306533239781857 0.0310496781021357 0.0394318401813507
0.0287700071930885 0.0308441035449505 0.0306900665163994 0.0302003026008606 0.0303191188722849 0.0282234884798527 0.0243335831910372 0.0288716126233339 0.0293354447931051 0.0356239564716816 0.0350411795079708 0.0343852378427982 0.037689208984375 0.034056045114994 0.0329250991344452 0.0376441180706024 0.0388549938797951 0.0345515310764313 0.0346220917999744 0.0396319702267647 0.042164895683527 0.05158431828022 0.04012381285429 0.0449354685842991 0.0435888394713402 0.0257211439311504 0.0365848541259766 0.0503387488424778 0.0629775747656822 0.0290748812258244 0.00968384277075529 -3.4e+38 0.0309730004519224 0.0303762033581734 0.0223275423049927 0.0383563749492168 0.0406074300408363 0.0487860254943371 0.0424045138061047 0.0427890345454216 0.0417792163789272 0.0367065891623497 0.0255968887358904 0.0395622104406357 0.0366975404322147
0.0356996282935143 0.0306625757366419 0.0324960388243198 0.030444884672761 0.0309678521007299 0.0281932353973389 0.0261202566325665 0.0258202962577343 0.0278678443282843 0.0338880717754364 0.0349103547632694 0.0336849689483643 0.0337196178734303 0.0376796685159206 0.037823386490345 0.0334851630032063 0.0341936945915222 0.0339638628065586 0.0393141508102417 0.0388577096164227 0.0282905045896769 0.0676030218601227 0.0364936999976635 0.0318306796252728 0.0420133508741856 0.0331236831843853 0.0422660708427429 0.0515803843736649 0.0402545034885406 0.0281813703477383 0.00895658321678638 0.0645229890942574 -3.4e+38 0.0339083932340145 0.0392256900668144 0.0273781195282936 0.0397072993218899 0.0367634259164333 0.035340242087841 0.0368195027112961 0.0358438789844513 0.0298524461686611 0.0228553358465433 0.0414407625794411 0.0357136838138103
0.0348345749080181 0.035406120121479 0.030408188700676 0.0287610106170177 0.0291183535009623 0.0250165574252605 0.0268999002873898 0.025282708927989 0.0268834419548512 0.0321132689714432 0.0351936481893063 0.0369366444647312 0.0359695218503475 0.0354236364364624 0.0343388877809048 0.0311298910528421 0.0345476381480694 0.0387627594172955 0.0389243476092815 0.0392715521156788 0.0427590534090996 0.040274515748024 0.0385505333542824 0.0263992100954056 0.0260031670331955 0.0496767647564411 0.0389876328408718 0.0455339588224888 0.0546037033200264 0.0666790157556534 0.0159750506281853 0.0900558903813362 0.0543280653655529 0.0314261689782143 0.023989524692297 0.0335913188755512 0.0369604229927063 0.0369749292731285 0.0376766622066498 0.0366196967661381 0.0340056158602238 0.0313196592032909 0.0367766879498959 0.0342358164489269 0.0308590959757566
0.0299463011324406 0.0315761081874371 0.0360108017921448 0.031045900657773 0.0268049612641335 0.0282878242433071 0.0295697618275881 0.0307728834450245 0.0320756621658802 0.0331709384918213 0.0341054350137711 0.0340690091252327 0.0340720936655998 0.0280445870012045 0.0277219079434872 0.0322221703827381 0.0426831319928169 0.0425308272242546 0.0376864895224571 0.0322528444230556 0.0387317053973675 0.0392002165317535 0.0381705611944199 0.0376782454550266 0.0318572819232941 0.0403954274952412 0.0416063480079174 0.0552056021988392 0.0694768652319908 0.0708461180329323 0.0222460366785526 0.0545478798449039 0.0420805625617504 0.0294671487063169 0.02678725682199 0.0475285016000271 0.0382200218737125 0.0349475964903831 0.0381912142038345 0.0354605726897717 0.0401361174881458 0.0294178538024426 0.0317231565713882 0.0508850328624249 0.0455054081976414
0.033280473202467 0.0328775309026241 0.0345091782510281 0.0322864279150963 0.0282977726310492 0.0250888895243406 0.0260616764426231 0.0300161316990852 0.0326817892491817 0.0333321690559387 0.0356088392436504 0.0373029708862305 0.0375110022723675 0.0328733026981354 0.0317858085036278 0.0354765877127647 0.0479898266494274 0.0528079867362976 0.0481462888419628 0.0327067635953426 0.0313096642494202 0.037576150149107 0.0423975475132465 0.0533696934580803 0.0512295551598072 0.0467573553323746 0.0615103431046009 0.0485483035445213 0.0602108426392078 0.0470850318670273 0.0340479053556919 0.0392917804419994 0.0453584305942059 0.035437848418951 0.0298076774924994 0.0483248494565487 0.0351832136511803 0.0411941669881344 0.0390680804848671 0.0441231168806553 0.0355019979178905 0.0327805019915104 0.0355957634747028 0.0551173575222492 0.0441088937222958
0.0334228351712227 0.0310513041913509 0.0338253267109394 0.0301386974751949 0.0333810299634933 0.0273211468011141 0.028147267177701 0.0301075950264931 0.0338096432387829 0.042046744376421 0.046621385961771 0.0371351391077042 0.0337894409894943 0.0327288024127483 0.0342724062502384 0.0360713079571724 0.0326283164322376 0.0498552992939949 0.0423864535987377 0.0550852529704571 0.0374624952673912 0.0317458920180798 0.0398086681962013 0.0482071861624718 0.0566015020012856 0.0758503153920174 0.0447951219975948 0.0397118553519249 0.053862314671278 0.0586020685732365 0.0347432307898998 0.0499733276665211 0.0366010963916779 0.032668974250555 0.0349464751780033 0.0356125123798847 0.0307846497744322 0.0370550900697708 0.0430506020784378 0.0481579154729843 0.0476434379816055 0.0394499152898788 0.0563965179026127 0.0503381229937077 0.0520997941493988
0.0352717228233814 0.0337231047451496 0.031077841296792 0.0312896892428398 0.0307953134179115 0.0275317970663309 0.025985449552536 0.0296371821314096 0.0355162434279919 0.0375778451561928 0.0331559479236603 0.0338979326188564 0.0152313429862261 0.010037237778306 0.00910821743309498 0.0454248562455177 0.0295921936631203 0.0764075964689255 0.0364129394292831 0.0454622134566307 0.0452066212892532 0.0357696563005447 0.0487506575882435 0.0524890013039112 0.0588794760406017 0.0600258708000183 0.039904311299324 0.0517959594726562 0.070961020886898 0.0513114519417286 0.0309611577540636 0.0363553501665592 0.0299966931343079 0.0252025760710239 0.0362821407616138 0.0256330892443657 0.035772692412138 0.0453212298452854 0.043049156665802 0.0471232198178768 0.0513240732252598 0.0510903522372246 0.0518227741122246 0.0491292104125023 0.0595648922026157
0.0356175899505615 0.0301225744187832 0.0321795828640461 0.0293670129030943 0.0308163315057755 0.0299047064036131 0.0288584623485804 0.0293633081018925 0.0298786908388138 0.0339062176644802 0.0308503750711679 0.0425196401774883 0.0407946109771729 0.0440533086657524 0.0340299010276794 0.0621477290987968 0.0386358536779881 0.0522151850163937 0.033350545912981 0.0405746512115002 0.0341437160968781 0.037733007222414 0.0454944968223572 0.0419441126286983 0.0423836633563042 0.0395967550575733 0.0279145557433367 0.0407022535800934 0.0524334646761417 0.0511163808405399 0.0546468645334244 0.0327907875180244 0.0400036238133907 0.0266573969274759 0.0285518001765013 0.0352067239582539 0.0312401447445154 0.0418526157736778 0.0477571114897728 0.0524316504597664 0.0509734191000462 0.0348266512155533 0.0413353517651558 0.0509623400866985 0.0517281331121922
0.0348063111305237 0.0327040441334248 0.0320744588971138 0.0294909738004208 0.0300394259393215 0.033166129142046 0.0278632752597332 0.0269515328109264 0.0270476117730141 0.0291734356433153 0.0319334082305431 0.0381481423974037 0.0349687114357948 0.0391621515154839 0.0417249128222466 0.0488899946212769 0.0407310798764229 0.0303905475884676 0.0400001965463161 0.0293254479765892 0.0274277459830046 0.0316300988197327 0.0461096987128258 0.0419454127550125 0.049647469073534 0.036957673728466 0.0316221043467522 0.0299877002835274 0.034382589161396 0.0371080487966537 0.0281522981822491 0.0354193411767483 0.0319727547466755 0.0277700778096914 0.0375787802040577 0.0363597646355629 0.0321861691772938 0.0449309907853603 0.042473629117012 0.0455534160137177 0.0461533702909946 0.0400310419499874 0.0485050193965435 0.0477690808475018 0.050853606313467
0.037617564201355 0.0324564501643181 0.0298856291919947 0.0263486690819263 0.0287715550512075 0.0261958930641413 0.0245601441711187 0.0239092856645584 0.0280298180878162 0.0298524536192417 0.0198935139924288 0.0363229438662529 0.0321232005953789 0.0393685810267925 0.0376206934452057 0.0389693900942802 0.0409926995635033 0.0324816331267357 0.0343530364334583 0.0437835603952408 0.0390465967357159 0.0383375771343708 0.043401587754488 0.0408935137093067 0.0376275107264519 0.0334503315389156 0.0316312238574028 0.0435078255832195 0.0363070480525494 0.0391072891652584 0.034439142793417 0.0421451814472675 0.0329981036484241 0.030913332477212 0.034177590161562 0.0387519560754299 0.0381902419030666 0.0383347794413567 0.0445564389228821 0.0437869466841221 0.0483662225306034 0.0462507046759129 0.047622837126255 0.0467737093567848 0.042122446000576
