Ecospace-environmental-drivers/Outputs/ASCII-for-ecospace/Cfl/Cfl_X2012.01.asc
NCOLS 131 
NROWS 53 
XLLCORNER -98 
YLLCORNER 23.9265270233154 
CELLSIZE 0.133587792515755 
NODATA_value -3.4e+38 
[rows 0 to 19 of 53, columns 46 to 91 of 131]
-3.4e+38 -3.4e+38 -3.4e+38 -3.4e+38 -3.4e+38 -3.4e+38 -3.4e+38 -3.4e+38 -3.4e+38 -3.4e+38 -3.4e+38 -3.4e+38 -3.4e+38 -3.4e+38 -3.4e+38 -3.4e+38 -3.4e+38 -3.4e+38 -3.4e+38 -3.4e+38 -3.4e+38 -3.4e+38 -3.4e+38 -3.4e+38 -3.4e+38 -3.4e+38 -3.4e+38 -3.4e+38 -3.4e+38 -3.4e+38 -3.4e+38 -3.4e+38 -3.4e+38 -3.4e+38 -3.4e+38 -3.4e+38 -3.4e+38 -3.4e+38 -3.4e+38 -3.4e+38 -3.4e+38 -3.4e+38 -3.4e+38 -3.4e+38 -3.4e+38 -3.4e+38
-3.4e+38 -3.4e+38 -3.4e+38 -3.4e+38 -3.4e+38 -3.4e+38 -3.4e+38 -3.4e+38 -3.4e+38 -3.4e+38 -3.4e+38 -3.4e+38 -3.4e+38 -3.4e+38 -3.4e+38 -3.4e+38 -3.4e+38 -3.4e+38 -3.4e+38 -3.4e+38 -3.4e+38 -3.4e+38 -3.4e+38 -3.4e+38 -3.4e+38 -3.4e+38 -3.4e+38 -3.4e+38 -3.4e+38 -3.4e+38 -3.4e+38 -3.4e+38 -3.4e+38 -3.4e+38 -3.4e+38 -3.4e+38 -3.4e+38 -3.4e+38 -3.4e+38 -3.4e+38 -3.4e+38 -3.4e+38 -3.4e+38 -3.4e+38 -3.4e+38 -3.4e+38
-3.4e+38 -3.4e+38 -3.4e+38 -3.4e+38 -3.4e+38 -3.4e+38 -3.4e+38 -3.4e+38 -3.4e+38 -3.4e+38 -3.4e+38 -3.4e+38 -3.4e+38 -3.4e+38 -3.4e+38 -3.4e+38 -3.4e+38 -3.4e+38 -3.4e+38 -3.4e+38 -3.4e+38 -3.4e+38 -3.4e+38 -3.4e+38 -3.4e+38 -3.4e+38 -3.4e+38 -3.4e+38 -3.4e+38 -3.4e+38 -3.4e+38 -3.4e+38 -3.4e+38 -3.4e+38 -3.4e+38 -3.4e+38 -3.4e+38 -3.4e+38 -3.4e+38 -3.4e+38 -3.4e+38 -3.4e+38 -3.4e+38 -3.4e+38 -3.4e+38 -3.4e+38
-3.4e+38 -3.4e+38 -3.4e+38 -3.4e+38 -3.4e+38 -3.4e+38 -3.4e+38 -3.4e+38 -3.4e+38 -3.4e+38 -3.4e+38 -3.4e+38 -3.4e+38 -3.4e+38 -3.4e+38 -3.4e+38 -3.4e+38 -3.4e+38 -3.4e+38 -3.4e+38 -3.4e+38 -3.4e+38 -3.4e+38 -3.4e+38 -3.4e+38 -3.4e+38 -3.4e+38 -3.4e+38 13.1324348449707 15.9342174530029 -3.4e+38 -3.4e+38 -3.4e+38 -3.4e+38 -3.4e+38 -3.4e+38 16.6100845336914 -3.4e+38 -3.4e+38 -3.4e+38 36.3497505187988 31.8624839782715 -3.4e+38 -3.4e+38 -3.4e+38 -3.4e+38
-3.4e+38 -3.4e+38 -3.4e+38 -3.4e+38 -3.4e+38 -3.4e+38 -3.4e+38 -3.4e+38 -3.4e+38 -3.4e+38 -3.4e+38 -3.4e+38 16.885705947876 -3.4e+38 -3.4e+38 -3.4e+38 -3.4e+38 -3.4e+38 -3.4e+38 -3.4e+38 -3.4e+38 11.6006374359131 11.5039863586426 10.925178527832 -3.4e+38 -3.4e+38 9.37353610992432 -3.4e+38 13.2958269119263 21.6120281219482 -3.4e+38 -3.4e+38 -3.4e+38 -3.4e+38 -3.4e+38 15.872407913208 9.20966815948486 1.13713574409485 1.37758457660675 1.09105551242828 13.9407615661621 12.1627931594849 -3.4e+38 -3.4e+38 -3.4e+38 -3.4e+38
-3.4e+38 -3.4e+38 -3.4e+38 -3.4e+38 -3.4e+38 -3.4e+38 -3.4e+38 -3.4e+38 -3.4e+38 15.444616317749 19.6801662445068 12.4681692123413 14.204833984375 11.4350156784058 12.0323286056519 -3.4e+38 -3.4e+38 -3.4e+38 13.889705657959 15.4554262161255 9.31108093261719 7.89681005477905 8.19807815551758 9.0251350402832 9.36099815368652 7.50051879882812 7.61847257614136 10.071460723877 9.4071569442749 13.2382297515869 13.6199350357056 3.4292995929718 3.52070426940918 3.43250370025635 2.52566599845886 1.31950414180756 1.00523638725281 0.90390944480896 0.866090893745422 0.852483928203583 0.844411313533783 0.918556869029999 1.15346455574036 1.20955324172974 1.16053259372711 -3.4e+38
-3.4e+38 -3.4e+38 -3.4e+38 -3.4e+38 -3.4e+38 -3.4e+38 -3.4e+38 -3.4e+38 -3.4e+38 -3.4e+38 12.4482774734497 11.6520643234253 11.2344093322754 10.8279047012329 9.80156421661377 10.2464895248413 12.0515584945679 12.1801347732544 13.1123790740967 9.05670166015625 6.26267099380493 5.2060170173645 4.60813140869141 4.08211755752563 4.90875864028931 4.5535101890564 4.42971563339233 5.33321332931519 5.36786842346191 4.04502868652344 3.36994743347168 2.45955276489258 1.74243032932281 1.38019394874573 1.05968737602234 0.830121517181396 0.726842820644379 0.704786896705627 0.769033372402191 0.81572687625885 0.925169467926025 1.04669094085693 0.921573340892792 0.845321774482727 1.06857240200043 1.31638598442078
-3.4e+38 -3.4e+38 -3.4e+38 -3.4e+38 -3.4e+38 -3.4e+38 -3.4e+38 -3.4e+38 -3.4e+38 -3.4e+38 -3.4e+38 8.88273525238037 9.63919639587402 10.5192451477051 11.70849609375 9.98555660247803 9.96656799316406 11.0525426864624 10.2061443328857 8.59575843811035 6.70256567001343 6.19356679916382 5.86208391189575 3.68596220016479 2.95251441001892 2.97602438926697 3.05049157142639 3.4028012752533 3.71393322944641 3.00721645355225 2.26194715499878 1.61269903182983 1.12589812278748 0.948632895946503 0.808354258537292 0.705862045288086 0.650499641895294 0.551194190979004 0.538000524044037 0.574747323989868 0.690523266792297 0.880074977874756 0.813590168952942 0.76054447889328 0.781399428844452 0.953564703464508
-3.4e+38 -3.4e+38 -3.4e+38 -3.4e+38 -3.4e+38 -3.4e+38 -3.4e+38 -3.4e+38 -3.4e+38 -3.4e+38 -3.4e+38 -3.4e+38 -3.4e+38 -3.4e+38 -3.4e+38 -3.4e+38 13.2511281967163 -3.4e+38 10.052526473999 9.25135326385498 8.43903255462646 7.6540846824646 8.06995010375977 3.76506185531616 2.85343480110168 2.79832983016968 2.46212077140808 2.6967511177063 2.57575368881226 1.99943912029266 1.49234521389008 1.28087258338928 0.888613939285278 0.829655289649963 0.63793557882309 0.565291345119476 0.550610542297363 0.473328322172165 0.419751316308975 0.455192238092422 0.529960691928864 0.636799991130829 0.753627002239227 0.662486493587494 0.712193131446838 0.657163619995117
-3.4e+38 -3.4e+38 -3.4e+38 -3.4e+38 -3.4e+38 -3.4e+38 -3.4e+38 -3.4e+38 -3.4e+38 -3.4e+38 -3.4e+38 15.5840063095093 16.6010208129883 -3.4e+38 -3.4e+38 -3.4e+38 19.2403697967529 15.3277158737183 12.0885152816772 9.84984111785889 8.47608089447021 7.28003311157227 5.00715351104736 3.41234970092773 2.88982081413269 2.67891383171082 2.85649991035461 2.75088930130005 2.39052057266235 2.07220268249512 1.51037704944611 1.17092716693878 0.900652348995209 0.717118859291077 0.546845972537994 0.465067535638809 0.478165000677109 0.455783486366272 0.422430276870728 0.41354838013649 0.425221711397171 0.588496804237366 0.707416415214539 0.704201817512512 0.653887093067169 0.648330569267273
-3.4e+38 -3.4e+38 -3.4e+38 -3.4e+38 -3.4e+38 -3.4e+38 -3.4e+38 -3.4e+38 -3.4e+38 -3.4e+38 -3.4e+38 -3.4e+38 -3.4e+38 -3.4e+38 -3.4e+38 -3.4e+38 18.1662673950195 14.9808979034424 11.9458923339844 9.88241577148438 8.47942161560059 6.23155450820923 5.29129457473755 4.21843910217285 3.64129257202148 3.17172813415527 2.79792547225952 2.48457789421082 1.96450817584991 1.75369155406952 1.50424528121948 1.12326419353485 0.803879916667938 0.64689314365387 0.547886073589325 0.459396243095398 0.473617911338806 0.445888757705688 0.434583425521851 0.422894835472107 0.428736716508865 0.527619242668152 0.631115794181824 0.670878529548645 0.677550733089447 0.662749648094177
6.22405004501343 -3.4e+38 -3.4e+38 -3.4e+38 -3.4e+38 -3.4e+38 -3.4e+38 -3.4e+38 -3.4e+38 -3.4e+38 -3.4e+38 -3.4e+38 -3.4e+38 17.8235778808594 17.2387924194336 -3.4e+38 -3.4e+38 11.481728553772 7.97839164733887 8.85978603363037 7.81693553924561 6.32726764678955 5.43984222412109 3.42232537269592 2.68187284469604 2.66521859169006 2.18434500694275 1.92935431003571 1.53013563156128 1.28053867816925 1.09040701389313 0.757532954216003 0.563508868217468 0.584795415401459 0.519385516643524 0.441658556461334 0.457670360803604 0.463922023773193 0.451582133769989 0.450690746307373 0.447934508323669 0.476683884859085 0.536675631999969 0.627127468585968 0.693109154701233 0.710429072380066
7.8602089881897 6.87320232391357 6.86024761199951 -3.4e+38 -3.4e+38 -3.4e+38 -3.4e+38 -3.4e+38 -3.4e+38 10.3530855178833 13.3548126220703 27.0281562805176 20.7738265991211 17.8310623168945 14.2480306625366 14.7842273712158 6.85211038589478 -3.4e+38 -3.4e+38 -3.4e+38 11.2104244232178 5.17189073562622 3.03609871864319 2.32522082328796 1.9821959733963 1.69581258296967 1.88096928596497 1.43381416797638 1.17528867721558 0.929333806037903 0.704770863056183 0.617805063724518 0.568883836269379 0.501869678497314 0.481486439704895 0.448064506053925 0.467729657888412 0.478719800710678 0.447096765041351 0.451930999755859 0.447875797748566 0.437400132417679 0.477141886949539 0.537844836711884 0.589046239852905 0.695509672164917
13.370078086853 11.2462463378906 12.455153465271 9.83785438537598 9.87840175628662 7.4012622833252 9.53616428375244 12.7861480712891 12.0344676971436 7.47808265686035 6.35542774200439 11.5150518417358 9.73692417144775 8.15024757385254 6.97321319580078 6.22132635116577 5.4995493888855 5.33034801483154 -3.4e+38 -3.4e+38 6.09541988372803 6.41472721099854 3.00758004188538 2.08135008811951 2.21656322479248 2.17112016677856 1.86370468139648 1.12236750125885 1.6346492767334 0.95030814409256 0.754551112651825 0.604325592517853 0.644628047943115 0.477805584669113 0.462971568107605 0.458669275045395 0.464389026165009 0.509202778339386 0.474677890539169 0.444583177566528 0.419372260570526 0.420612633228302 0.503087878227234 0.538852095603943 0.447661161422729 0.494309663772583
7.68929576873779 8.63040637969971 8.79563045501709 9.26420211791992 9.01008892059326 8.50533294677734 8.30437469482422 8.81118011474609 6.28039646148682 5.7934422492981 6.09453153610229 6.24392366409302 6.18950176239014 6.07302713394165 6.0073676109314 6.06744146347046 6.01560735702515 5.58380937576294 5.95012617111206 -3.4e+38 5.98579740524292 4.72894430160522 2.30534768104553 1.57529544830322 1.61340939998627 1.49179804325104 1.08172714710236 0.768829226493835 0.693755328655243 0.691564381122589 0.666972637176514 0.577069759368896 0.553935110569 0.525152146816254 0.486729204654694 0.460959821939468 0.484670460224152 0.49595907330513 0.445746928453445 0.41655021905899 0.401201784610748 0.362414062023163 0.434749126434326 0.469498038291931 0.427675783634186 0.440564841032028
5.57451343536377 6.10218381881714 6.27642726898193 7.08814573287964 7.06280994415283 7.68697500228882 6.71629428863525 5.1846342086792 4.91120767593384 4.51563549041748 4.31099081039429 4.37054777145386 4.62486886978149 5.52355098724365 5.79730176925659 5.82281064987183 6.27066707611084 6.08090496063232 4.48661041259766 4.62063646316528 4.30753231048584 2.58783769607544 1.52518475055695 0.948908507823944 0.894622564315796 0.815887331962585 0.647720873355865 0.556458353996277 0.540142118930817 0.577113032341003 0.593007326126099 0.51661878824234 0.492586374282837 0.487320363521576 0.51291698217392 0.477680891752243 0.43768373131752 0.42131432890892 0.377383530139923 0.326218098402023 0.327999979257584 0.330307871103287 0.353479444980621 0.418083518743515 0.440679550170898 0.430789917707443
4.65598630905151 4.93852090835571 5.67214012145996 5.41069555282593 5.58038377761841 5.89040184020996 4.92895889282227 3.64535522460938 3.23672461509705 3.25885415077209 3.4927351474762 3.96630954742432 4.27906227111816 4.3582911491394 4.70525741577148 5.08024549484253 5.51192426681519 5.28021955490112 3.91111707687378 3.05734062194824 2.04586362838745 1.41676914691925 0.813014626502991 0.483942091464996 0.599709510803223 0.637606382369995 0.552134990692139 0.473842561244965 0.46346840262413 0.447266101837158 0.427297055721283 0.428845942020416 0.44291228055954 0.468083441257477 0.48887774348259 0.391307085752487 0.344320386648178 0.338603556156158 0.328262865543365 0.301799029111862 0.282860696315765 0.298053860664368 0.309362709522247 0.368432283401489 0.394099563360214 0.3808953166008
2.72262620925903 3.68053317070007 4.43737745285034 4.40094661712646 5.08423137664795 5.39654493331909 4.58210802078247 3.34130787849426 2.63591432571411 2.91055488586426 3.22471451759338 3.22060918807983 3.36304521560669 3.36960434913635 3.36632251739502 3.0314826965332 2.99227261543274 2.86503314971924 2.33948683738708 1.94495475292206 1.17885744571686 0.570208668708801 0.368560552597046 0.346861630678177 0.343290835618973 0.372345894575119 0.403747409582138 0.422233760356903 0.444006443023682 0.420088410377502 0.391578435897827 0.406519800424576 0.440567463636398 0.449243515729904 0.424810469150543 0.35148611664772 0.335182666778564 0.325224667787552 0.276992857456207 0.268535435199738 0.256073892116547 0.268188297748566 0.294473052024841 0.322360187768936 0.378112405538559 0.359711468219757
1.50422084331512 2.43752980232239 2.90220952033997 3.26336646080017 4.0053334236145 4.46259021759033 4.15555620193481 3.20992422103882 2.41493606567383 2.32708263397217 2.54553055763245 2.50632762908936 2.26598024368286 2.20138239860535 1.47350466251373 1.20958590507507 1.49809539318085 1.46871268749237 1.20679616928101 1.07318568229675 0.621459901332855 0.340376615524292 0.309659749269485 0.309623152017593 0.313631504774094 0.321806013584137 0.346220105886459 0.380932003259659 0.413326501846313 0.431072980165482 0.399613052606583 0.410285830497742 0.435735493898392 0.395461171865463 0.357736498117447 0.333745092153549 0.306909710168839 0.258846163749695 0.262380629777908 0.26218581199646 0.255436420440674 0.267620027065277 0.273852586746216 0.296676695346832 0.326918542385101 0.342989683151245
0.604424476623535 0.744349777698517 1.18329203128815 1.53401911258698 1.82827174663544 2.33493423461914 2.29066967964172 1.99900841712952 1.7837518453598 1.59006690979004 1.47151291370392 1.80291020870209 1.6503529548645 1.38983750343323 0.926259577274323 0.745608270168304 0.900590658187866 0.911713719367981 0.770545840263367 0.519553601741791 0.332888334989548 0.306346744298935 0.309010297060013 0.311303198337555 0.298205494880676 0.317544639110565 0.350799471139908 0.398456901311874 0.426853537559509 0.444203764200211 0.408416986465454 0.394006371498108 0.374156683683395 0.36476469039917 0.30258983373642 0.277996033430099 0.246156826615334 0.251631110906601 0.27246680855751 0.272506803274155 0.263782829046249 0.278886437416077 0.286972433328629 0.294790744781494 0.307952910661697 0.339439302682877
