Ecospace-environmental-drivers/Outputs/ASCII-for-ecospace/Cfl/Cfl_X2008.12.asc
NCOLS 131 
NROWS 53 
XLLCORNER -98 
YLLCORNER 23.9265270233154 
CELLSIZE 0.133587792515755 
NODATA_value -3.4e+38 
[rows 20 to 39 of 53, columns 0 to 44 of 131]
-3.4e+38 -3.4e+38 -3.4e+38 -3.4e+38 -3.4e+38 -3.4e+38 -3.4e+38 -3.4e+38 -3.4e+38 0.265799403190613 0.502537608146667 0.565103769302368 0.50809633731842 0.408972650766373 0.338142156600952 0.296268075704575 0.266895353794098 0.248419508337975 0.221956610679626 0.192378729581833 0.200068771839142 0.189293831586838 0.174349710345268 0.153733223676682 0.154083415865898 0.145898208022118 0.155085191130638 0.158896312117577 0.186448276042938 0.187812015414238 0.184141248464584 0.187566429376602 0.228310793638229 0.219011887907982 0.154025003314018 0.121761932969093 0.0825525149703026 0.0760269239544868 0.082807295024395 0.0901547223329544 0.0962575003504753 0.113823041319847 0.131307616829872 0.129293590784073 0.138739183545113
-3.4e+38 -3.4e+38 -3.4e+38 -3.4e+38 -3.4e+38 -3.4e+38 0.58297997713089 -3.4e+38 -3.4e+38 0.504681885242462 0.583312511444092 0.457911491394043 0.310794621706009 0.250110656023026 0.237695723772049 0.23205104470253 0.224094733595848 0.19169893860817 0.15920127928257 0.158505067229271 0.184213548898697 0.186920791864395 0.164974540472031 0.18053163588047 0.186376675963402 0.191357612609863 0.195003181695938 0.193904146552086 0.206321284174919 0.185049414634705 0.187481760978699 0.199652105569839 0.171229869127274 0.177020743489265 0.174653843045235 0.158463269472122 0.128084421157837 0.130654886364937 0.13223771750927 0.130046412348747 0.132650643587112 0.127423956990242 0.119105160236359 0.121180020272732 0.129747405648232
-3.4e+38 -3.4e+38 -3.4e+38 -3.4e+38 -3.4e+38 -3.4e+38 -3.4e+38 -3.4e+38 0.514163672924042 0.55124819278717 0.324549436569214 0.244865208864212 0.224276453256607 0.211371973156929 0.186195373535156 0.181019455194473 0.161719650030136 0.163846716284752 0.144612446427345 0.156987935304642 0.190416395664215 0.17776083946228 0.144558042287827 0.152128785848618 0.183666944503784 0.179145306348801 0.183440968394279 0.181552171707153 0.175066530704498 0.169440358877182 0.170893669128418 0.146586135029793 0.126449406147003 0.131061375141144 0.145279422402382 0.141125857830048 0.131961703300476 0.116472691297531 0.10827948898077 0.108318500220776 0.0985593572258949 0.0974546894431114 0.0976574718952179 0.0923131927847862 0.0882904455065727
-3.4e+38 -3.4e+38 -3.4e+38 -3.4e+38 0.289743334054947 0.284196823835373 -3.4e+38 0.530440270900726 0.50935298204422 0.269168734550476 0.20568285882473 0.196191310882568 0.165600955486298 0.158562794327736 0.154161244630814 0.171293169260025 0.164837315678596 0.150694251060486 0.141904130578041 0.157753229141235 0.158709794282913 0.14707162976265 0.154815271496773 0.156932458281517 0.170953363180161 0.166708096861839 0.156014904379845 0.14937698841095 0.145047679543495 0.145983815193176 0.142890468239784 0.132112562656403 0.11881910264492 0.125449106097221 0.140529632568359 0.148991584777832 0.121597081422806 0.0879748314619064 0.084366649389267 0.0891379043459892 0.078550398349762 0.0683390498161316 0.0686275511980057 0.0702735111117363 0.0740646421909332
-3.4e+38 -3.4e+38 -3.4e+38 -3.4e+38 -3.4e+38 0.270444363355637 0.557406425476074 0.532718479633331 0.26748326420784 0.211185038089752 0.177803114056587 0.151833564043045 0.149469688534737 0.160502836108208 0.157399505376816 0.153040125966072 0.155644536018372 0.129688128829002 0.125212386250496 0.126040920615196 0.120766073465347 0.122001506388187 0.129850074648857 0.135323017835617 0.13938881456852 0.137529909610748 0.130320101976395 0.146267861127853 0.144911229610443 0.135249271988869 0.122736379504204 0.120018236339092 0.12319877743721 0.119672529399395 0.107638172805309 0.111200831830502 0.106167487800121 0.0949424058198929 0.0883070304989815 0.0760794281959534 0.0692547410726547 0.0702087432146072 0.0695590004324913 0.0662583336234093 0.0713406801223755
-3.4e+38 -3.4e+38 -3.4e+38 -3.4e+38 -3.4e+38 0.536409318447113 0.567852199077606 0.427558571100235 0.252775371074677 0.192543119192123 0.155391544103622 0.142267122864723 0.16798609495163 0.173723414540291 0.165358304977417 0.159466341137886 0.163338303565979 0.128344997763634 0.0984389409422874 0.0987531244754791 0.100741565227509 0.10681127756834 0.119784615933895 0.125314652919769 0.128254801034927 0.133063524961472 0.137321874499321 0.14035239815712 0.140300959348679 0.120940618216991 0.112251661717892 0.105040177702904 0.110451802611351 0.101269640028477 0.102496862411499 0.102915778756142 0.106783330440521 0.106889143586159 0.0896484181284904 0.0759975835680962 0.0675985589623451 0.0631734579801559 0.0687853246927261 0.0668593347072601 0.0726604610681534
-3.4e+38 -3.4e+38 -3.4e+38 -3.4e+38 -3.4e+38 0.459334820508957 0.427699625492096 0.306743770837784 0.206719696521759 0.160237655043602 0.154898911714554 0.158159524202347 0.170002549886703 0.173878997564316 0.1595558822155 0.177076026797295 0.172895893454552 0.125269398093224 0.0884699001908302 0.087416410446167 0.0891949459910393 0.107402205467224 0.113558568060398 0.117553263902664 0.127634897828102 0.118430197238922 0.113249637186527 0.130672246217728 0.124206312000751 0.112553291022778 0.10736009478569 0.0982845351099968 0.0915412604808807 0.088702604174614 0.0988768190145493 0.0950556993484497 0.0917309373617172 0.083505280315876 0.0811000168323517 0.0791499242186546 0.0689411759376526 0.0634343177080154 0.0609708726406097 0.0589857250452042 0.0824569836258888
-3.4e+38 -3.4e+38 -3.4e+38 -3.4e+38 -3.4e+38 0.452839970588684 0.303510546684265 0.223824948072433 0.192868873476982 0.146304160356522 0.160581827163696 0.15924383699894 0.169364809989929 0.177889958024025 0.169355154037476 0.161947995424271 0.137157410383224 0.120190300047398 0.100135631859303 0.0964555963873863 0.09432702511549 0.103113323450089 0.109806947410107 0.117566928267479 0.113073065876961 0.107778750360012 0.110960267484188 0.121891021728516 0.119769714772701 0.101416781544685 0.100938625633717 0.0953848585486412 0.093456044793129 0.0927979052066803 0.0996033027768135 0.0961084365844727 0.090971477329731 0.0809761956334114 0.0861750096082687 0.0901798233389854 0.07188331335783 0.0613658390939236 0.0523042008280754 0.0573950819671154 0.0598943568766117
-339999999999999996128486808808066248288.000000000000000 -3.4e+38 -3.4e+38 -3.4e+38 0.39791414141655 0.362532198429108 0.224428787827492 0.206716433167458 0.1557637155056 0.131806626915932 0.153674155473709 0.142139837145805 0.169966876506805 0.159624576568604 0.142307192087173 0.156106978654861 0.145147413015366 0.107726231217384 0.094101719558239 0.0886917635798454 0.0937343239784241 0.104267358779907 0.107151329517365 0.116476073861122 0.11807182431221 0.122080579400063 0.108260475099087 0.112398579716682 0.0985213816165924 0.101114295423031 0.0997946113348007 0.0907587260007858 0.0924925059080124 0.0994718670845032 0.104163184762001 0.107512257993221 0.104547567665577 0.0939272716641426 0.0953687205910683 0.0779286026954651 0.0617249794304371 0.0594700612127781 0.055689848959446 0.0591863766312599 0.059524480253458
-3.4e+38 -3.4e+38 -3.4e+38 -3.4e+38 0.403827548027039 0.329754889011383 0.201642394065857 0.167797967791557 0.159150779247284 0.125939980149269 0.13491402566433 0.14961177110672 0.155387654900551 0.150916889309883 0.131119027733803 0.126155272126198 0.132765173912048 0.0948935523629189 0.0869445949792862 0.0945646911859512 0.0946844592690468 0.100923471152782 0.102052755653858 0.104337006807327 0.109944701194763 0.10848555713892 0.107745103538036 0.106265559792519 0.102221168577671 0.106641516089439 0.0943155735731125 0.0886728838086128 0.0983334258198738 0.100693546235561 0.103081628680229 0.105097413063049 0.112840220332146 0.107119657099247 0.104815371334553 0.0948081240057945 0.0740749388933182 0.059153076261282 0.0533506721258163 0.0547304749488831 0.0551290959119797
-3.4e+38 -3.4e+38 -3.4e+38 -3.4e+38 0.436202585697174 0.316642224788666 0.168365627527237 0.159345731139183 0.151506379246712 0.120127461850643 0.127746030688286 0.173755794763565 0.170883595943451 0.133851572871208 0.104177512228489 0.0973488911986351 0.0865024551749229 0.0857687294483185 0.0794871225953102 0.0892816483974457 0.0923425480723381 0.0966570675373077 0.101103462278843 0.0981989428400993 0.0980418920516968 0.103211887180805 0.10683099925518 0.103824369609356 0.102093011140823 0.105447880923748 0.0963784977793694 0.0885286778211594 0.0963932648301125 0.0966256409883499 0.0991870984435081 0.114118330180645 0.109241411089897 0.101648844778538 0.0935670882463455 0.0929379016160965 0.0814178511500359 0.0658379942178726 0.058449923992157 0.0579078756272793 0.0540064722299576
-3.4e+38 -3.4e+38 -3.4e+38 -3.4e+38 -3.4e+38 0.282809406518936 0.178140938282013 0.167610704898834 0.173130884766579 0.140979841351509 0.157427787780762 0.199141070246696 0.177812412381172 0.118413887917995 0.0969764366745949 0.0957518443465233 0.0905190408229828 0.0838364735245705 0.0800029560923576 0.0871709510684013 0.0908020585775375 0.0961225405335426 0.103012502193451 0.0952311828732491 0.102318875491619 0.101419642567635 0.0936751961708069 0.0955334380269051 0.0967157334089279 0.0923659056425095 0.0948428511619568 0.0988967716693878 0.0963825955986977 0.0938949137926102 0.0944709256291389 0.108341202139854 0.102141797542572 0.100823976099491 0.0881012082099915 0.0846949815750122 0.0779085755348206 0.0633337795734406 0.0608400851488113 0.0550953522324562 0.0558824613690376
-3.4e+38 -3.4e+38 -3.4e+38 -3.4e+38 -3.4e+38 0.260930299758911 0.221571758389473 0.198433712124825 0.220858097076416 0.188048973679543 0.182487577199936 0.197472706437111 0.155960351228714 0.109235972166061 0.0905913040041924 0.0893798172473907 0.078249529004097 0.0670393258333206 0.0764802098274231 0.0823775827884674 0.0879144594073296 0.0924096331000328 0.100223638117313 0.101980678737164 0.0933679416775703 0.0899531096220016 0.0873248875141144 0.0888719409704208 0.0882004871964455 0.0883843898773193 0.0922617092728615 0.0941550433635712 0.0898053869605064 0.086607538163662 0.0920794904232025 0.101270541548729 0.108721114695072 0.0982823893427849 0.0876442715525627 0.084297738969326 0.0800209492444992 0.0675813630223274 0.0550329461693764 0.0480814203619957 0.0518488883972168
-3.4e+38 -3.4e+38 -3.4e+38 -3.4e+38 -3.4e+38 0.258993983268738 0.299239605665207 0.270394206047058 0.237557828426361 0.220150291919708 0.186357244849205 0.185876116156578 0.133009016513824 0.085178516805172 0.0730740949511528 0.0733751654624939 0.0787351503968239 0.0719396993517876 0.0695880353450775 0.0773902907967567 0.0836210772395134 0.0890233665704727 0.0967973172664642 0.0962052121758461 0.0800502821803093 0.0766555368900299 0.0779090374708176 0.083548977971077 0.0843822360038757 0.0858161151409149 0.088233694434166 0.0929678678512573 0.0897187516093254 0.0833655074238777 0.0831317603588104 0.09775260835886 0.102742359042168 0.0973245799541473 0.0799406841397285 0.0762623772025108 0.0829027965664864 0.0755769461393356 0.058453656733036 0.0545725449919701 0.0515801124274731
-3.4e+38 -3.4e+38 -3.4e+38 -3.4e+38 -3.4e+38 0.324376702308655 0.31158035993576 0.299939006567001 0.269709378480911 0.221319764852524 0.18384575843811 0.180865600705147 0.125841915607452 0.0828437879681587 0.0754389837384224 0.0726868435740471 0.0621847920119762 0.0693938434123993 0.0714970678091049 0.0691261067986488 0.0722504630684853 0.0760986879467964 0.0776583924889565 0.0772614777088165 0.0780430063605309 0.0738715678453445 0.0766109824180603 0.0796202570199966 0.0891745463013649 0.088364340364933 0.0865189731121063 0.0838371068239212 0.0843021869659424 0.0849834978580475 0.0839236304163933 0.0813398808240891 0.0808955207467079 0.0838986113667488 0.0786935612559319 0.0710389465093613 0.0696032270789146 0.0658227950334549 0.0576168708503246 0.0545372478663921 0.0551696717739105
-3.4e+38 -3.4e+38 -3.4e+38 -3.4e+38 -3.4e+38 0.139424219727516 0.325599610805511 0.320788443088531 0.280661016702652 0.218999788165092 0.180846557021141 0.1687922924757 0.122795939445496 0.091650515794754 0.0783974826335907 0.069774441421032 0.0540021955966949 0.06568343937397 0.0638560354709625 0.0574323050677776 0.0699926987290382 0.0732876062393188 0.0631337612867355 0.0660630166530609 0.0737725645303726 0.0694257169961929 0.0739724040031433 0.0739670768380165 0.0754498168826103 0.0797191187739372 0.0768778324127197 0.0778124928474426 0.0743518471717834 0.0829485654830933 0.0883272513747215 0.0859456136822701 0.0934342592954636 0.0894198641180992 0.0824284106492996 0.0776821747422218 0.0624719895422459 0.0597447529435158 0.054856326431036 0.0458618961274624 0.0515809170901775
-3.4e+38 -3.4e+38 -3.4e+38 -3.4e+38 -3.4e+38 0.376896023750305 0.375544756650925 0.333613723516464 0.261360287666321 0.197076112031937 0.174143239855766 0.143170073628426 0.0898805856704712 0.0759882181882858 0.06999122351408 0.0634189769625664 0.0551287345588207 0.0639578029513359 0.0647983327507973 0.0615589842200279 0.0658011138439178 0.0648404955863953 0.0590862818062305 0.0598114728927612 0.0670275241136551 0.0676996856927872 0.0709042176604271 0.0657003596425056 0.058282982558012 0.070422999560833 0.0735150724649429 0.072637565433979 0.072869636118412 0.0766623094677925 0.0804251879453659 0.0866564437747002 0.0813228935003281 0.09400624781847 0.0926734879612923 0.0699269771575928 0.058583814650774 0.0510071627795696 0.0477114990353584 0.0365547053515911 0.0364997535943985
-3.4e+38 -3.4e+38 -3.4e+38 -3.4e+38 -3.4e+38 -3.4e+38 0.412347733974457 0.310352474451065 0.249628946185112 0.190953463315964 0.153898134827614 0.136185199022293 0.0831878930330276 0.0593854077160358 0.0545673854649067 0.0577514208853245 0.0507832616567612 0.0525280311703682 0.0657990872859955 0.0582241080701351 0.0627613812685013 0.0632947012782097 0.060384389013052 0.0591004006564617 0.0697565749287605 0.0712866336107254 0.0567585937678814 0.0603230707347393 0.0738000720739365 0.0649028047919273 0.0620564334094524 0.0650084391236305 0.0729509815573692 0.0790265128016472 0.0752235651016235 0.0826890766620636 0.0812259316444397 0.0807217285037041 0.078483022749424 0.0832793414592743 0.0641603842377663 0.0542841143906116 0.0476755909621716 0.0328174531459808 0.0351842232048512
-3.4e+38 -3.4e+38 -3.4e+38 -3.4e+38 -3.4e+38 -3.4e+38 0.351054280996323 0.302754938602448 0.205467626452446 0.186152219772339 0.113504819571972 0.0954936891794205 0.0816770493984222 0.0583515241742134 0.0581139475107193 0.0584803186357021 0.040951956063509 0.0381402187049389 0.0481625273823738 0.05005843937397 0.052921324968338 0.0709617733955383 0.0576860718429089 0.0591225698590279 0.0590480081737041 0.0713979154825211 0.0617871098220348 0.0728374496102333 0.0608059242367744 0.057226624339819 0.0610696896910667 0.0659444406628609 0.0650096759200096 0.0681319758296013 0.0685844719409943 0.0606677234172821 0.0580525249242783 0.0731067061424255 0.0625063180923462 0.0820083916187286 0.0682008862495422 0.0468225069344044 0.0398098900914192 0.0459670834243298 0.0420088395476341
-3.4e+38 -3.4e+38 -3.4e+38 -3.4e+38 -3.4e+38 -3.4e+38 0.415489703416824 0.264405965805054 0.197214499115944 0.168920144438744 0.0920111909508705 0.0816977247595787 0.0815841257572174 0.0603105016052723 0.0541338548064232 0.0420317500829697 0.0502324514091015 0.0552767738699913 0.0562420003116131 0.0601268410682678 0.054148755967617 0.0542620979249477 0.0575578659772873 0.0551420822739601 0.0599424317479134 0.0585861429572105 0.0615641623735428 0.0750739052891731 0.0744988545775414 0.062231507152319 0.0676727592945099 0.0578727722167969 0.0633658245205879 0.0531909130513668 0.0568273141980171 0.0543880201876163 0.0586036443710327 0.0571263916790485 0.0548750944435596 0.0669814646244049 0.0530783198773861 0.0504154749214649 0.0456642024219036 0.0405659005045891 0.0441896058619022
