Ecospace-environmental-drivers/Outputs/ASCII-for-ecospace/Cfl/Cfl_X2011.07.asc
NCOLS 131 
NROWS 53 
XLLCORNER -98 
YLLCORNER 23.9265270233154 
CELLSIZE 0.133587792515755 
NODATA_value -3.4e+38 
[rows 20 to 39 of 53, columns 45 to 89 of 131]
0.580599546432495 1.07883381843567 1.26133060455322 0.555295169353485 0.568580508232117 0.831052005290985 0.9057776927948 1.70659303665161 4.29447412490845 4.27357769012451 3.82380485534668 2.53219556808472 2.33331608772278 2.1014256477356 0.712284862995148 0.289375603199005 0.212984636425972 0.123143814504147 0.344247281551361 0.324093550443649 0.32048636674881 0.474760621786118 0.506457328796387 0.356758773326874 0.258496046066284 0.120341718196869 0.104082629084587 0.172223389148712 0.374312669038773 0.0869417786598206 1.22465014457703 1.96594870090485 0.678182721138 0.831898927688599 1.05656003952026 0.966673851013184 1.09619402885437 0.849488496780396 1.2788017988205 1.73803639411926 1.32703578472137 1.00769531726837 0.668476402759552 0.561034619808197 0.312183856964111
0.622817814350128 0.572495460510254 0.638447046279907 0.525663435459137 0.467296361923218 0.490969866514206 0.407829374074936 0.699775040149689 1.00724577903748 1.2263149023056 0.856509864330292 0.862132906913757 0.687994599342346 0.520324289798737 0.27791765332222 0.134662210941315 0.132586196064949 0.0975445061922073 0.172518521547318 0.39980673789978 0.370168626308441 0.207299008965492 0.138852834701538 0.0930850505828857 0.096325010061264 0.102774910628796 0.105897009372711 0.102982513606548 0.100154757499695 0.162521049380302 0.506455361843109 0.463692009449005 1.24308717250824 0.804775595664978 0.489473462104797 0.926430523395538 1.08467864990234 1.0100930929184 0.726355075836182 0.562051057815552 0.459696114063263 0.396110236644745 0.548532366752625 0.300696521997452 0.259022682905197
0.516392767429352 0.356543689966202 0.300645619630814 0.260169237852097 0.253486275672913 0.302824556827545 0.330646216869354 0.486167252063751 0.561049282550812 0.589406251907349 0.278488129377365 0.220620319247246 0.214056417346001 0.163853287696838 0.129378139972687 0.0945481583476067 0.0900166928768158 0.0903220027685165 0.0851402506232262 0.0899838581681252 0.0920696035027504 0.0803573504090309 0.0806703567504883 0.0766469538211823 0.0821249410510063 0.0840173959732056 0.0835317298769951 0.0825215876102448 0.0842599496245384 0.0920578613877296 0.132889091968536 0.193950474262238 1.16499447822571 0.811188042163849 0.685626029968262 1.29415285587311 0.713824152946472 0.741194367408752 0.609207570552826 0.300925999879837 0.403829783201218 0.375327080488205 0.327379047870636 0.292448699474335 0.357196569442749
0.424361854791641 0.194191351532936 0.186401054263115 0.16700404882431 0.153342872858047 0.160696819424629 0.272983402013779 0.368043512105942 0.320148050785065 0.180506870150566 0.127588018774986 0.145567759871483 0.153974041342735 0.186051279306412 0.100754506886005 0.0856721177697182 0.0881316438317299 0.0903246030211449 0.0775381252169609 0.0748977437615395 0.0730992183089256 0.0651847794651985 0.069968469440937 0.0641532316803932 0.0657657757401466 0.0639886632561684 0.0735970437526703 0.0810276791453362 0.0778532698750496 0.074969194829464 0.130728542804718 0.21141654253006 0.461295157670975 0.721390008926392 1.40450572967529 1.19820499420166 0.405977010726929 0.485913693904877 0.661721765995026 0.339758694171906 0.36902067065239 0.325004488229752 0.309770554304123 0.334017664194107 0.327848613262177
0.228571116924286 0.199931606650352 0.200918033719063 0.202286764979362 0.131613418459892 0.172846138477325 0.136032372713089 0.156064555048943 0.116335175931454 0.0928590968251228 0.0926763191819191 0.0958672538399696 0.116347268223763 0.119428664445877 0.0924146920442581 0.0889749899506569 0.0790202394127846 0.0793514251708984 0.078814372420311 0.0653854608535767 0.0705437362194061 0.0723705589771271 0.0581376291811466 0.0570757128298283 0.0621737465262413 0.0688503235578537 0.0764147788286209 0.0774153023958206 0.0791205018758774 0.0807579904794693 0.0905137211084366 0.0954953953623772 0.126145422458649 0.399224370718002 0.858976304531097 0.872623682022095 1.16545808315277 1.0569486618042 0.446163415908813 0.351518005132675 0.392826616764069 0.272604256868362 0.258154034614563 0.32361626625061 0.355623781681061
0.227372795343399 0.247968912124634 0.205925479531288 0.185280874371529 0.148213297128677 0.160286262631416 0.12464565038681 0.116043113172054 0.111125096678734 0.107355400919914 0.103222712874413 0.100835934281349 0.096517875790596 0.0917962342500687 0.0882849395275116 0.0871212556958199 0.0812697634100914 0.0792481899261475 0.0774041637778282 0.0758619606494904 0.0728300213813782 0.0745958462357521 0.0615222416818142 0.0615163221955299 0.0623074471950531 0.0694308429956436 0.0715125799179077 0.0736315995454788 0.0740830153226852 0.0725417360663414 0.0762904584407806 0.0733876377344131 0.0850577875971794 0.145763263106346 0.367803335189819 0.89871609210968 0.766617655754089 0.901639461517334 0.269974023103714 0.511319756507874 0.372179359197617 0.256915122270584 0.267519563436508 0.279243320226669 0.27479350566864
0.167449563741684 0.202605530619621 0.190407261252403 0.162568613886833 0.135736033320427 0.107166111469269 0.0952150747179985 0.0960505604743958 0.101909399032593 0.106325328350067 0.105596505105495 0.0990532636642456 0.0932146832346916 0.0852180272340775 0.0898599624633789 0.0831133052706718 0.0812435373663902 0.078560434281826 0.0824395343661308 0.0745564103126526 0.0736544951796532 0.0760783106088638 0.0705471560359001 0.0657040923833847 0.0604986883699894 0.0651309043169022 0.0671412274241447 0.072750136256218 0.0699513033032417 0.0753688141703606 0.0748570039868355 0.0674528032541275 0.0742712691426277 0.0811776593327522 0.0919399857521057 0.13945683836937 0.427202343940735 1.25433421134949 0.826594829559326 0.389485061168671 0.280684381723404 0.274863928556442 0.241314083337784 0.261552214622498 0.297920435667038
0.147801399230957 0.166704535484314 0.162238389253616 0.122258141636848 0.109709516167641 0.104872934520245 0.103446945548058 0.110686726868153 0.112489484250546 0.112012937664986 0.108632251620293 0.104913927614689 0.0961681827902794 0.0869271904230118 0.0874343290925026 0.0876751318573952 0.0863449424505234 0.076723724603653 0.0684298425912857 0.0685643032193184 0.0719345733523369 0.0775382742285728 0.0795417204499245 0.0784585475921631 0.0628187581896782 0.0595807954668999 0.0581535957753658 0.0634297356009483 0.0629244670271873 0.0627342239022255 0.0595802776515484 0.070064976811409 0.0764923989772797 0.0734545066952705 -3.4e+38 0.2697494328022 0.152967348694801 0.751935124397278 0.685044527053833 0.465026170015335 0.242963269352913 0.329259872436523 0.318686574697495 0.288984090089798 0.286126911640167
0.166427955031395 0.125611752271652 0.10790827870369 0.10354732722044 0.105249866843224 0.106248594820499 0.107198409736156 0.106194898486137 0.113170683383942 0.116998933255672 0.112553335726261 0.103842370212078 0.0990313291549683 0.0930038392543793 0.0880623087286949 0.0908867493271828 0.0785517394542694 0.071287490427494 0.0690658837556839 0.0662845000624657 0.0643729791045189 0.0669879838824272 0.0641764998435974 0.0609267055988312 0.0560145005583763 0.0513058751821518 0.0491225272417068 0.0546097196638584 0.0498195700347424 0.0517733991146088 0.0556242689490318 0.0673712566494942 0.0672840625047684 0.0610657446086407 0.0712718963623047 0.0853001698851585 0.313130259513855 0.518059730529785 0.31045851111412 0.207932263612747 0.22102752327919 0.235073581337929 0.166182354092598 0.228830754756927 0.249256610870361
0.109625987708569 0.106244832277298 0.105119146406651 0.101299241185188 0.0993481501936913 0.0953762382268906 0.0979917943477631 0.105343230068684 0.109764933586121 0.103912845253944 0.096336804330349 0.0937115922570229 0.102947071194649 0.0890161320567131 0.0908312723040581 0.098721407353878 0.0870389938354492 0.0716952085494995 0.0592693462967873 0.0675773322582245 0.0673747956752777 0.0582968108355999 0.0547500848770142 0.0515513494610786 0.0481842011213303 0.0467537418007851 0.0472187586128712 0.0509918630123138 0.0467866621911526 0.0567614324390888 0.0490049831569195 0.0510388500988483 0.0581499002873898 0.0602877214550972 0.0692381262779236 0.265257805585861 0.252393752336502 0.299517214298248 0.239407539367676 0.177952796220779 0.177872538566589 0.189265072345734 0.178224474191666 0.191493943333626 0.178895831108093
0.107335537672043 0.103781946003437 0.107315212488174 0.102261163294315 0.090913750231266 0.0820843130350113 0.0792825743556023 0.0810320600867271 0.0772858038544655 0.0790891051292419 0.0816643387079239 0.0832873582839966 0.0929936394095421 0.0941257551312447 0.0889138132333755 0.0843616649508476 0.0875111594796181 0.0805845633149147 0.069733664393425 0.0594070069491863 0.0611915625631809 0.0590380132198334 0.0501742586493492 0.0483491718769073 0.0477417930960655 0.0446407534182072 0.046993549913168 0.049517959356308 0.0489722192287445 0.0455617681145668 0.0496763288974762 0.0487603284418583 0.0606015101075172 0.0649796575307846 0.0795532613992691 0.228565961122513 0.346296370029449 0.205649241805077 0.207327157258987 0.215618297457695 0.188377916812897 0.198251649737358 0.203890338540077 0.226359471678734 0.213437288999557
0.112096466124058 0.104575075209141 0.101576410233974 0.0937041565775871 0.08890300989151 0.0820719748735428 0.081335760653019 0.0848350077867508 0.080903671681881 0.0712933018803596 0.0876847431063652 0.0938520655035973 0.0975518524646759 0.0937067493796349 0.0810486376285553 0.0700114965438843 0.0777691230177879 0.0824322998523712 0.0773029550909996 0.0578784942626953 0.0537295527756214 0.0524788200855255 0.060320571064949 0.050869707018137 0.0476028993725777 0.0441178493201733 0.0452593229711056 0.0434365756809711 0.042832687497139 0.0491571538150311 0.0493296608328819 0.0451622232794762 0.0525018535554409 0.0689888000488281 0.0663255155086517 0.166371703147888 0.518305480480194 0.817758858203888 0.351525753736496 0.209350019693375 0.273914366960526 0.281952768564224 0.316706478595734 0.252699255943298 0.193655505776405
0.123601019382477 0.118831396102905 0.105542294681072 0.10423368960619 0.0889594033360481 0.0868783891201019 0.0857709795236588 0.0847621187567711 0.0791793689131737 0.0813252553343773 0.0853393897414207 0.0680998712778091 0.0723147466778755 0.0812816992402077 0.0731871649622917 0.0702523216605186 0.073848195374012 0.0784283429384232 0.0729207322001457 0.0694586634635925 0.0583012215793133 0.052456259727478 0.0480758808553219 0.0518463328480721 0.0564207769930363 0.0526139736175537 0.0445603542029858 0.042451985180378 0.047242920845747 0.0496942028403282 0.0647180303931236 0.0620515048503876 0.053799569606781 0.0629048421978951 0.0891314893960953 0.139402985572815 0.136201456189156 0.380696028470993 0.235324263572693 0.288709968328476 0.249147728085518 0.217496037483215 0.188063561916351 0.174740582704544 0.184669405221939
0.140015065670013 0.128934860229492 0.0977802947163582 0.0985480025410652 0.0932459533214569 0.0940520986914635 0.0899373590946198 0.0961191654205322 0.0838169679045677 0.0867278203368187 0.0893890634179115 0.0863304659724236 0.079108715057373 0.0775034353137016 0.0766754597425461 0.0724524855613708 0.0804105550050735 0.0797522813081741 0.0667630359530449 0.069523498415947 0.0625499188899994 0.0759202837944031 0.0676913112401962 0.0441826172173023 0.0501677431166172 0.0475300140678883 0.047866340726614 0.0485501438379288 0.051349550485611 0.0513891950249672 0.0709902793169022 0.0715242773294449 0.0573401600122452 0.109314054250717 0.0819868445396423 0.0994226112961769 0.117957524955273 0.274889200925827 0.250349998474121 0.231862291693687 0.241710260510445 0.233761131763458 0.179816693067551 0.177200525999069 0.21815113723278
0.145418837666512 0.127622678875923 0.106829941272736 0.0991741120815277 0.0834299996495247 0.0930221974849701 0.0921239852905273 0.0771139860153198 0.0704422891139984 0.082142248749733 0.0766492336988449 0.0681180357933044 0.07593784481287 0.0788108557462692 0.0747636929154396 0.0734470188617706 0.0757190212607384 0.0785212367773056 0.0790992975234985 0.0667088627815247 0.0672503188252449 0.0585130751132965 0.0609010979533195 0.0512448810040951 0.0465127043426037 0.0451814234256744 0.0476584956049919 0.049316518008709 0.0489249676465988 0.0519510321319103 0.058933787047863 0.0645506456494331 0.103038437664509 0.212228551506996 0.157492026686668 0.183722212910652 0.169374153017998 0.181177616119385 0.217810019850731 0.25372177362442 0.200900509953499 0.232001289725304 0.215010672807693 0.21133528649807 0.203964531421661
0.164814621210098 0.128124251961708 0.113137118518353 0.0997575297951698 0.0887981578707695 0.0871495828032494 0.0974770933389664 0.0919534713029861 0.082775242626667 0.0748117789626122 0.0732075050473213 0.0690035969018936 0.0771164521574974 0.0694890171289444 0.0569598563015461 0.0794373229146004 0.0702625513076782 0.0684031620621681 0.0483318530023098 0.0487281382083893 0.0493204779922962 0.0541958920657635 0.056055661290884 0.0551442727446556 0.0565755814313889 0.051374327391386 0.0492597371339798 0.0527915582060814 0.0501145794987679 0.053279098123312 0.0584542490541935 0.0667112693190575 0.177437484264374 0.192952558398247 0.167279079556465 0.180484771728516 0.22128127515316 0.221492141485214 0.231789574027061 0.265324413776398 0.259532928466797 0.288714915513992 0.250636875629425 0.228609025478363 0.293544948101044
0.194074407219887 0.123238630592823 0.113580092787743 0.106596946716309 0.103238649666309 0.10271754860878 0.0960289165377617 0.0940500348806381 0.0828928127884865 0.0752803608775139 0.0745701044797897 0.0765377283096313 0.0728388950228691 0.0808424651622772 0.0672251954674721 0.0662447735667229 0.062258530408144 0.0611570701003075 0.0463441982865334 0.0487552173435688 0.0460931546986103 0.0484733060002327 0.0481306239962578 0.0484020784497261 0.0571009926497936 0.0527166165411472 0.0529373735189438 0.0531217567622662 0.0526599921286106 0.057609286159277 0.0640497505664825 0.08387391269207 0.236152276396751 0.220085099339485 0.234518527984619 0.247528836131096 0.257264107465744 0.246966496109962 0.22525417804718 0.280383825302124 0.227607294917107 0.214212700724602 0.188486352562904 0.161393821239471 0.209918782114983
0.168650209903717 0.124066740274429 0.115263782441616 0.112540662288666 0.108682796359062 0.10686407238245 0.095548078417778 0.0881691202521324 0.0822404101490974 0.0775271579623222 0.0824568122625351 0.0975349470973015 0.0836925879120827 0.0783780291676521 0.0704104155302048 0.0696141123771667 0.0607128441333771 0.0612568072974682 0.0462072975933552 0.0454207882285118 0.0482999086380005 0.054363489151001 0.0534292981028557 0.0518428720533848 0.0500391870737076 0.0468550138175488 0.0515159294009209 0.0527836345136166 0.0573367848992348 0.0632634088397026 0.079270601272583 0.135040476918221 0.191523730754852 0.238547623157501 0.299436867237091 0.258023262023926 0.255461245775223 0.230057388544083 0.170706808567047 0.180836066603661 0.201805427670479 0.256145834922791 0.164176672697067 0.165566146373749 0.192829668521881
0.168733820319176 0.126929640769958 0.119546242058277 0.114107958972454 0.109806269407272 0.112764269113541 0.103217996656895 0.0984267890453339 0.085770882666111 0.0809784829616547 0.0910192131996155 0.105238415300846 0.0890030562877655 0.0789758861064911 0.0750440806150436 0.0739455074071884 0.0680351257324219 0.0640825256705284 0.0539469160139561 0.0491442158818245 0.0508022755384445 0.0506338588893414 0.0478993095457554 0.0462899878621101 0.0494859516620636 0.0482306741178036 0.0511449687182903 0.052947424352169 0.0620609261095524 0.0688201412558556 0.0601374916732311 0.175983011722565 0.277551680803299 0.213618725538254 0.145371422171593 0.125905826687813 0.201849386096001 0.203207015991211 0.232438042759895 0.190444678068161 0.1827362626791 0.155554786324501 0.159530356526375 0.145670235157013 0.170842528343201
0.177706375718117 0.162365943193436 0.123544357717037 0.10982671380043 0.109808102250099 0.113455630838871 0.120383970439434 0.100584641098976 0.09389927983284 0.0913353562355042 0.0996874570846558 0.101763911545277 0.0891866311430931 0.0797648131847382 0.0803250074386597 0.0729329586029053 0.0672400295734406 0.0648676231503487 0.0573010072112083 0.0566729158163071 0.0516438595950603 0.047124695032835 0.0454693101346493 0.0479862354695797 0.046808797866106 0.0480797253549099 0.050533801317215 0.0521457083523273 0.0582290329039097 0.067174606025219 0.0589032433927059 0.168308079242706 0.110906541347504 0.292264342308044 0.214616104960442 0.199738323688507 0.202834084630013 0.250236183404922 0.356956869363785 0.328684568405151 0.175226524472237 0.124002732336521 0.222955271601677 0.171050444245338 0.131347939372063
