Ecospace-environmental-drivers/Outputs/ASCII-for-ecospace/Cfl/Cfl_X2019.09.asc
NCOLS 131 
NROWS 53 
XLLCORNER -98 
YLLCORNER 23.9265270233154 
CELLSIZE 0.133587792515755 
NODATA_value -3.4e+38 
[rows 20 to 39 of 53, columns 0 to 43 of 131]
-3.4e+38 -3.4e+38 -3.4e+38 -3.4e+38 -3.4e+38 -3.4e+38 -3.4e+38 -3.4e+38 0.0278613157570362 0.050979845225811 0.361871093511581 0.387724786996841 0.311266839504242 0.250133663415909 0.176250740885735 0.0756358951330185 0.0824193730950356 0.0596490874886513 0.0739125087857246 0.113347239792347 0.0798910409212112 0.0407404042780399 0.0290591381490231 0.0207109861075878 0.0249514430761337 0.0212056990712881 0.0217720232903957 0.0150516647845507 0.0145927676931024 0.022421995177865 0.0126716112717986 0.010742642916739 -0.00359864719212055 -0.00650911033153534 0.00200105435214937 0.00277504790574312 0.00207195174880326 0.00966834556311369 0.0154289184138179 0.0206681936979294 0.00839081034064293 0.0299446489661932 0.0350356809794903 0.0342133827507496
-3.4e+38 -3.4e+38 -3.4e+38 -3.4e+38 -3.4e+38 -3.4e+38 0.47027000784874 -3.4e+38 0.210110321640968 0.344264060258865 0.31438022851944 0.273560643196106 0.216356098651886 0.122941970825195 0.0839215591549873 0.0365770123898983 0.0346499420702457 0.0482107624411583 0.0580919347703457 0.0332591272890568 0.0220362599939108 0.0241142306476831 0.0262946058064699 0.0146506940945983 0.0163467582315207 0.0036157441791147 0.0151084084063768 0.00444095209240913 0.0109098749235272 0.0169511716812849 0.00289061944931746 0.00652873143553734 -0.00688790529966354 -0.0114993946626782 -0.00318675278685987 -0.00202458165585995 0.00267671723850071 0.0075235003605485 0.0108630144968629 0.0128864590078592 0.0190296657383442 0.0261246301233768 0.0394546128809452 0.0407311320304871
-3.4e+38 -3.4e+38 -3.4e+38 -3.4e+38 -3.4e+38 -3.4e+38 0.47027000784874 -3.4e+38 0.375324010848999 0.274538815021515 0.185260519385338 0.130874395370483 0.135063454508781 0.0639523044228554 0.0480669140815735 0.0250821318477392 0.0185560192912817 0.0106682311743498 0.0132975094020367 0.0236418843269348 0.0232907440513372 0.029081704095006 0.0170657653361559 0.0146612403914332 0.00816396251320839 0.00832735653966665 0.0141278570517898 0.00609268574044108 0.0122068244963884 0.0112305395305157 0.00976747181266546 0.0200776513665915 0.007261180318892 -0.00275724870152771 -0.00333691039122641 -0.00317722000181675 0.000279725441941991 0.00489211035892367 0.00857475399971008 0.0142813958227634 0.00991727039217949 0.00989334378391504 0.0160512607544661 0.0333612412214279
-3.4e+38 -3.4e+38 -3.4e+38 -3.4e+38 0.498498767614365 0.471113234758377 0.427012413740158 0.359724104404449 0.239972233772278 0.19144095480442 0.0823453590273857 0.0488145127892494 0.0518071949481964 0.0330298282206059 0.0442068167030811 0.0266905929893255 0.0260174479335546 0.00954083632677794 0.0155320502817631 0.0219549126923084 0.0146230738610029 0.0223804097622633 0.0173496790230274 0.016738461330533 0.0100198145955801 0.00228438596241176 0.00699130119755864 0.0181285534054041 0.0215244982391596 0.0172055047005415 0.00820346362888813 0.00273256935179234 0.0105134649202228 0.00221504061482847 -0.0015496239066124 -0.00715739419683814 -0.00171591760590672 -0.00468355696648359 0.0122865699231625 0.0126747796311975 0.0116643523797393 0.0074857110157609 0.00503623532131314 0.0132350623607635
-3.4e+38 -3.4e+38 -3.4e+38 -3.4e+38 -3.4e+38 0.442037761211395 0.399487137794495 0.325161010026932 0.145276293158531 0.116507478058338 0.0540188029408455 0.0294826198369265 0.0388527624309063 0.032467894256115 0.025796715170145 0.021297812461853 0.0284337047487497 0.0290890857577324 0.0132501712068915 0.0163770988583565 0.0119063658639789 0.0138181988149881 0.0197186302393675 0.0215512178838253 0.0169251002371311 0.00763773079961538 0.00969788432121277 0.01104720775038 0.0132153825834394 0.0144127309322357 0.00668251747265458 0.00117950921412557 0.00246920064091682 -0.00237235659733415 -0.00459073996171355 -0.00477564986795187 0.00288112601265311 -0.000783226743806154 0.0193510465323925 0.0124305142089725 0.0114005226641893 0.00680748280137777 0.00752046471461654 0.00997865479439497
-3.4e+38 -3.4e+38 -3.4e+38 -3.4e+38 -3.4e+38 0.400987654924393 0.400627881288528 0.129071682691574 0.0843854695558548 0.0689887180924416 0.0414738208055496 0.0196764320135117 0.0286902654916048 0.0423077419400215 0.0191913526505232 0.0136145912110806 0.0211117770522833 0.0286773592233658 0.0308943800628185 0.0153016410768032 0.00900454819202423 0.0201382078230381 0.024644011631608 0.0213513690978289 0.0116633698344231 0.0111765386536717 0.00968460831791162 0.00641577644273639 0.00795983429998159 0.00959467794746161 0.00716826459392905 0.00663606636226177 0.00604541134089231 -0.000582467415370047 -0.00512748910114169 -0.00504898466169834 -0.00284687173552811 -0.00649300497025251 0.0120898243039846 0.0190188065171242 0.0149745475500822 0.00297334813512862 0.00808094535022974 0.010456875897944
-3.4e+38 -3.4e+38 -3.4e+38 -3.4e+38 -3.4e+38 0.31870225071907 0.192445933818817 0.0937319025397301 0.0923000276088715 0.0462655015289783 0.0498557798564434 0.0392703413963318 0.0254459455609322 0.0280450582504272 0.00214444333687425 0.00462621543556452 0.00867670960724354 0.0210064500570297 0.0278857722878456 0.0185693893581629 0.0194678828120232 0.0333228968083858 0.0582680329680443 0.0354501530528069 0.0198252592235804 0.0110740996897221 0.00279747322201729 0.00226544798351824 0.00896470155566931 0.0095863388851285 0.0114422980695963 0.00680472422391176 0.00676986947655678 0.00541174924001098 -0.00632180972024798 -0.0043633203022182 -0.00873560830950737 -0.0243629533797503 -0.0231462642550468 0.00407203054055572 0.0127871381118894 0.00989675894379616 0.00798914767801762 0.0144714433699846
-3.4e+38 -3.4e+38 -3.4e+38 -3.4e+38 -3.4e+38 0.221119493246078 0.131783366203308 0.0890019163489342 0.0702330246567726 0.0525350533425808 0.0446900390088558 0.0462743155658245 0.0350769236683846 0.0311358124017715 0.023862361907959 0.0209277104586363 0.0164912734180689 0.0168868489563465 0.010689795948565 0.0176903195679188 0.0246705655008554 0.0296518672257662 0.0325033776462078 0.0284204818308353 0.020212946459651 0.0114199705421925 0.00881681405007839 0.00859826244413853 0.00972272828221321 0.0132885687053204 0.0124246273189783 0.013003665022552 0.00515727000311017 0.00706827361136675 0.0020602997392416 -0.00446705333888531 -0.00270745810121298 -0.00986017473042011 -0.0104337017983198 -0.00670006684958935 0.00022713553335052 0.0108740525320172 0.0143817327916622 0.0201680269092321
-339999999999999996128486808808066248288.000000000000000 -3.4e+38 -3.4e+38 -3.4e+38 0.318513065576553 0.149998784065247 0.0992486253380775 0.0715246945619583 0.0614704266190529 0.0672019645571709 0.0450364872813225 0.0421400666236877 0.0303478799760342 0.0276402495801449 0.0247263386845589 0.0208186022937298 0.0150331994518638 0.0179650131613016 0.0263835191726685 0.0202034283429384 0.0315501019358635 0.0288099553436041 0.0123900165781379 0.0274776481091976 0.0233455654233694 0.0150704020634294 0.00830335356295109 0.0108070708811283 0.0107508385553956 0.0114473886787891 0.0114428028464317 0.00731983128935099 0.0135150607675314 0.0207387264817953 0.0172914229333401 0.00463618291541934 -0.00648220581933856 -0.00498188892379403 0.00132643990218639 0.0093329306691885 -0.00414896523579955 0.0192052982747555 -0.00117182091344148 0.00376943009905517
-3.4e+38 -3.4e+38 -3.4e+38 -3.4e+38 0.31691512465477 0.191012799739838 0.0982628986239433 0.0785209387540817 0.0556261762976646 0.0593595243990421 0.0485347025096416 0.0499420650303364 0.0415086671710014 0.0281471703201532 0.0353740155696869 0.0419733002781868 0.0316989757120609 0.0245685465633869 0.0274536982178688 0.026317548006773 0.0286825746297836 0.0226707961410284 0.0209380015730858 0.0373221337795258 0.0201604627072811 0.0156958512961864 0.0104175470769405 0.0107703292742372 0.0112324953079224 0.0131777562201023 0.0147886108607054 0.016526622697711 0.0186580196022987 0.0240844022482634 0.0217593405395746 0.020498625934124 0.0016253775684163 0.00215665227733552 0.00716230971738696 0.0179614778608084 0.0385864973068237 0.0102442940697074 0.000235372164752334 0.00839075352996588
-3.4e+38 -3.4e+38 -3.4e+38 -3.4e+38 0.284323781728745 0.200742021203041 0.0880317613482475 0.0685063600540161 0.044261172413826 0.0573278740048409 0.0510156452655792 0.0492848455905914 0.0258952789008617 0.0354962162673473 0.0351342931389809 0.0452597923576832 0.0421774201095104 0.0347424671053886 0.0256120059639215 0.0263206418603659 0.0271073151379824 0.012329887598753 0.0154742505401373 0.0250732600688934 0.0290357954800129 0.0221908986568451 0.0161260738968849 0.0140415569767356 0.0179871581494808 0.0158924404531717 0.0224584545940161 0.0222199633717537 0.0157745461910963 0.0173034686595201 0.0195490419864655 0.0212796553969383 0.029094634577632 0.00971594173461199 0.0277405939996243 0.0436228178441525 0.0423495732247829 0.0107635902240872 -0.00351262534968555 0.000663705170154572
-3.4e+38 -3.4e+38 -3.4e+38 -3.4e+38 -3.4e+38 0.220820531249046 0.110795617103577 0.0780217945575714 0.034508254379034 0.0621515586972237 0.0520324148237705 0.0481167323887348 0.0380931533873081 0.0423894301056862 0.0442943647503853 0.0426759012043476 0.0430878587067127 0.0378610901534557 0.0308758206665516 0.0283032897859812 0.0247735921293497 0.0365610644221306 0.0214449297636747 0.0286422148346901 0.029860470443964 0.0228168368339539 0.0235460214316845 0.0167978387326002 0.021302655339241 0.0170669015496969 0.0251987166702747 0.0181349720805883 0.0108338855206966 0.0112012811005116 0.0122030647471547 0.0208043307065964 0.0165809579193592 0.0309138186275959 0.00839471910148859 0.0138054387643933 0.0175916217267513 0.000716238806489855 -0.00192227656953037 -0.00313046830706298
-3.4e+38 -3.4e+38 -3.4e+38 -3.4e+38 -3.4e+38 0.311387240886688 0.147649675607681 0.0614211298525333 0.0479769818484783 0.0418246611952782 0.0483837500214577 0.0416709557175636 0.048280443996191 0.0499718822538853 0.0413477569818497 0.0425536222755909 0.0551458187401295 0.0405522063374519 0.0442946515977383 0.038691371679306 0.0327258221805096 0.0346384346485138 0.01855712197721 0.0251469686627388 0.0398096144199371 0.0321872308850288 0.0223025567829609 0.0256445035338402 0.0230989791452885 0.0207773260772228 0.0227693878114223 0.0223990101367235 0.0179573781788349 0.0175433326512575 0.0232371091842651 0.0173663981258869 0.021495558321476 0.0339961051940918 0.0320544838905334 0.0194828175008297 0.017797764390707 -0.000225589479668997 -0.00643632048740983 -0.00516723329201341
-3.4e+38 -3.4e+38 -3.4e+38 -3.4e+38 -3.4e+38 0.283160239458084 0.153582543134689 0.0715829059481621 0.0661774501204491 0.0399739257991314 0.0318826884031296 0.0495055206120014 0.0337946005165577 0.0415861792862415 0.0405606850981712 0.0377829745411873 0.0420703962445259 0.0385612025856972 0.046863354742527 0.046639259904623 0.0419259034097195 0.0382267683744431 0.0202642343938351 0.0143843702971935 0.0247523076832294 0.0345743373036385 0.0281245596706867 0.0288118682801723 0.0343281328678131 0.0296514090150595 0.0256599429994822 0.0154917445033789 0.0173477008938789 0.0300087407231331 0.0195231046527624 0.0138863241299987 0.0224684234708548 0.0295043308287859 0.0489319860935211 0.0170197878032923 0.0156020522117615 0.00816151406615973 0.0190045386552811 0.012046311981976
-3.4e+38 -3.4e+38 -3.4e+38 -3.4e+38 -3.4e+38 0.306486010551453 0.214515745639801 0.0798695981502533 0.0664793103933334 0.052248015999794 0.0234927721321583 0.0325352437794209 0.0236798450350761 0.0444229766726494 0.0522265993058681 0.0402979142963886 0.0498990826308727 0.0323967970907688 0.0476176477968693 0.0314141623675823 0.0410671569406986 0.0253960080444813 0.0469976402819157 0.0373672097921371 0.0359024181962013 0.034390676766634 0.0365307331085205 0.0318262800574303 0.034030731767416 0.0267487969249487 0.0183053575456142 0.0203503463417292 0.0366599895060062 0.0290533043444157 0.0275983400642872 0.0280628558248281 0.041181355714798 0.0391670800745487 0.0435625836253166 0.0140689946711063 0.0214087851345539 0.0172851849347353 0.0195213202387094 0.0152100389823318
-3.4e+38 -3.4e+38 -3.4e+38 -3.4e+38 -3.4e+38 0.299168527126312 0.251376301050186 0.0904815942049026 0.0540298335254192 0.049848660826683 0.0322418808937073 0.0342409722507 0.0299168694764376 0.0334428958594799 0.0578592494130135 0.0443797297775745 0.0559805817902088 0.0433854795992374 0.0325449705123901 0.0267349388450384 0.0331983454525471 0.031588789075613 0.038015253841877 0.0409488677978516 0.0421564020216465 0.0499339625239372 0.0574915073812008 0.0414367392659187 0.0343359038233757 0.023995753377676 0.0237210635095835 0.0278981644660234 0.0369530841708183 0.0316421240568161 0.0269655045121908 0.0402703247964382 0.0401052720844746 0.035028412938118 0.0539116747677326 0.0406145565211773 0.0436863787472248 0.0196381136775017 0.0230041984468699 0.0236083194613457
-3.4e+38 -3.4e+38 -3.4e+38 -3.4e+38 -3.4e+38 -3.4e+38 0.252279311418533 0.088687852025032 0.0489742122590542 0.0374205186963081 0.0288244523108006 0.0397080667316914 0.03830461576581 0.029717868193984 0.0352196134626865 0.0490261577069759 0.0435064472258091 0.0501191802322865 0.0396293923258781 0.031315803527832 0.0355158932507038 0.0522490702569485 0.0308524258434772 0.0358514226973057 0.0485906824469566 0.0475746244192123 0.0530819930136204 0.0330876670777798 0.0227642804384232 0.0199802685528994 0.0226216185837984 0.0327250808477402 0.0358116589486599 0.0320477485656738 0.0295976139605045 0.0302616283297539 0.0406533777713776 0.0469188950955868 0.0570242032408714 0.0412846095860004 0.0347471944987774 0.0291091203689575 0.0230386070907116 0.0253627579659224
-3.4e+38 -3.4e+38 -3.4e+38 -3.4e+38 -3.4e+38 -3.4e+38 0.348024696111679 0.100722268223763 0.0598207749426365 0.0447037778794765 0.039172388613224 0.0306747760623693 0.0415047407150269 0.0307028796523809 0.0322838686406612 0.0438606888055801 0.0521070919930935 0.0383155532181263 0.0361779779195786 0.0346533767879009 0.0475441627204418 0.0450326353311539 0.0389515683054924 0.0542364120483398 0.0495869629085064 0.0418109782040119 0.0368186235427856 0.0283122956752777 0.0268109515309334 0.0227718334645033 0.0314919427037239 0.044037614017725 0.0244803857058287 0.0350620783865452 0.0388596169650555 0.0395058132708073 0.0460239388048649 0.051252007484436 0.0320242345333099 0.0262183044105768 0.0272891465574503 0.0295788645744324 0.0393980368971825 0.0365525037050247
-3.4e+38 -3.4e+38 -3.4e+38 -3.4e+38 -3.4e+38 -3.4e+38 0.384564876556396 0.0977435708045959 0.0576993152499199 0.0395151637494564 0.0390537790954113 0.0350045971572399 0.0393949151039124 0.0375678986310959 0.0448833554983139 0.0518930144608021 0.00939734093844891 0.021492101252079 0.0311522260308266 0.0377791821956635 0.0374085642397404 0.0388291142880917 0.0428103469312191 0.0395452938973904 0.0312077812850475 0.0545765720307827 0.0330869443714619 0.02717768214643 0.03775305300951 0.0325208716094494 0.026565071195364 0.0634434446692467 0.031358890235424 0.0223679151386023 0.032170694321394 0.0344288647174835 0.0478645265102386 0.0492143295705318 0.0400459878146648 0.0324466377496719 0.0298806000500917 0.0418987758457661 0.0496956221759319 0.0405330322682858
-3.4e+38 -3.4e+38 -3.4e+38 -3.4e+38 -3.4e+38 -3.4e+38 0.206173837184906 0.0884052887558937 0.0784538760781288 0.042485423386097 0.0372205935418606 0.0352974198758602 0.0411276668310165 0.043737668544054 0.0455194115638733 0.0503665320575237 0.0162288881838322 0.0312410183250904 0.0350146852433681 0.0360654294490814 0.0357538685202599 0.0356305167078972 0.0317431315779686 0.0326197408139706 0.0377345681190491 0.0381795428693295 0.0358487814664841 0.0277733244001865 0.035498358309269 0.046814288944006 0.0328747071325779 0.0253909770399332 0.0247762911021709 0.0170789584517479 0.0166504047811031 0.0279800891876221 0.030786233022809 0.0427395552396774 0.0402980335056782 0.0327127166092396 0.0351121388375759 0.0337114594876766 0.0359954610466957 0.0413650684058666
