Ecospace-habitat-maps/Depth_maps/ASCII/depthmap_4min-7sqkm-105x262.asc
NCOLS 262 
NROWS 105 
XLLCORNER -98 
YLLCORNER 23.993320611 
CELLSIZE 0.066793893129771 
NODATA_value 0 
[rows 42 to 83 of 105, columns 94 to 187 of 262]
80 82 86 87 92 93 93 91 90 91 93 91 90 93 95 96 95 93 99 113 138 153 144 169 219 255 312 394 445 524 667 856 941 1019 1071 1060 1024 945 1032 1151 1226 1350 1393 1510 1715 1743 1764 1838 1884 1972 2033 2062 2150 2239 2287 2351 2400 2462 2507 2514 2549 2598 2630 2632 2646 2673 2688 2722 2748 2766 2793 2814 2808 2557 2257 1695 1176 974 912 872 839 809 777 744 714 681 647 609 571 534 495 455 423 388
92 96 104 111 113 112 112 109 107 109 95 92 107 129 131 125 124 125 137 172 224 254 244 270 335 333 441 535 611 644 683 736 881 1029 1122 1151 1127 1069 1041 1174 1286 1407 1483 1551 1744 1804 1802 1925 2016 2010 2038 2089 2165 2236 2275 2374 2430 2504 2552 2572 2597 2640 2676 2719 2723 2731 2746 2783 2776 2782 2816 2837 2866 2880 2892 2716 1851 1393 1094 986 938 903 872 846 824 795 757 710 662 622 577 530 495 453
109 121 138 138 128 142 141 125 124 126 126 133 149 202 191 180 182 194 229 295 334 367 384 463 447 483 549 624 732 750 682 750 915 1055 1168 1213 1252 1266 1189 1205 1287 1397 1493 1621 1790 1846 1881 2014 2103 2140 2086 2109 2177 2319 2382 2393 2449 2519 2581 2631 2652 2681 2710 2746 2772 2786 2797 2824 2831 2829 2828 2834 2868 2902 2931 2928 2878 2419 1624 1461 1387 1250 1097 1034 995 936 874 818 760 718 676 632 587 536
132 169 222 184 154 202 244 182 161 170 184 200 260 400 275 267 278 365 426 498 531 532 533 548 605 605 566 669 728 787 760 802 964 1013 1133 1255 1282 1337 1311 1273 1308 1370 1495 1596 1763 1910 1975 2096 2172 2228 2180 2217 2318 2403 2433 2393 2444 2544 2586 2660 2719 2745 2751 2788 2818 2840 2846 2857 2865 2875 2870 2869 2876 2903 2943 2977 2989 2950 2885 2861 2776 2295 1725 1489 1371 1210 1062 943 863 805 757 713 664 615
180 270 313 202 217 252 326 278 259 310 353 331 349 314 397 455 465 541 549 643 729 712 619 600 633 672 730 831 829 868 935 934 1032 1024 1115 1298 1324 1358 1411 1350 1318 1405 1484 1577 1748 1880 1996 2119 2261 2326 2337 2373 2408 2432 2401 2470 2478 2545 2619 2688 2741 2781 2804 2834 2854 2865 2881 2897 2908 2921 2920 2924 2931 2937 2937 2967 3005 3039 3052 3060 3066 2965 2848 2803 2697 2281 1513 1244 1066 940 857 793 740 688
287 387 393 357 354 316 387 360 356 438 625 528 486 476 540 675 794 747 715 765 843 724 650 740 839 804 760 899 960 1025 1063 1035 1110 1122 1177 1291 1355 1409 1411 1360 1396 1439 1441 1488 1654 1823 1971 2065 2225 2348 2415 2395 2389 2457 2471 2493 2519 2566 2614 2691 2760 2791 2816 2859 2885 2903 2923 2939 2950 2958 2964 2964 2976 2981 2981 2973 2996 3033 3064 3080 3109 3132 3155 3172 3169 3066 2693 2317 1597 1181 1004 894 814 749
519 505 419 581 669 600 516 463 467 566 724 605 722 668 707 826 952 912 825 840 891 837 680 762 907 852 916 1047 1020 1025 1119 1140 1182 1263 1239 1238 1366 1471 1446 1378 1476 1553 1494 1526 1625 1736 1910 2095 2184 2271 2403 2494 2505 2512 2516 2508 2537 2559 2587 2663 2756 2794 2822 2866 2898 2919 2944 2978 2982 2988 2995 3005 3005 3015 3019 3016 3021 3025 3048 3080 3113 3144 3163 3177 3189 3194 3176 3024 2603 1975 1282 1049 924 821
895 739 640 688 729 806 703 798 729 749 738 749 909 956 931 921 944 1031 853 937 955 953 964 937 924 1089 1121 1094 980 1007 1076 1135 1265 1289 1295 1314 1407 1460 1526 1546 1546 1652 1611 1632 1657 1725 1831 2026 2154 2233 2345 2459 2532 2564 2577 2591 2602 2610 2633 2680 2728 2781 2818 2866 2890 2920 2952 2983 3006 3019 3027 3031 3036 3048 3060 3063 3064 3051 3042 3060 3101 3147 3170 3182 3196 3203 3213 3215 3176 2823 2103 1521 1112 916
912 785 917 823 767 909 815 936 1015 995 851 838 1036 1124 930 923 1053 1189 1054 999 1032 1025 1019 1048 1063 1109 1194 1143 1056 1078 1116 1176 1317 1429 1445 1402 1453 1421 1553 1616 1661 1730 1757 1785 1814 1784 1778 1912 2064 2190 2262 2374 2440 2512 2570 2623 2665 2677 2713 2749 2759 2796 2821 2853 2888 2921 2959 2977 3008 3023 3042 3053 3052 3061 3079 3093 3100 3095 3078 3070 3085 3125 3160 3183 3198 3206 3218 3222 3224 3202 2967 2365 1621 1097
835 812 876 916 1034 947 925 978 1098 977 925 919 1202 1246 941 1025 1159 1041 1140 1050 1086 1100 1051 1037 1103 1124 1243 1167 1117 1125 1124 1303 1452 1620 1694 1656 1582 1546 1615 1687 1721 1761 1816 1889 1939 1879 1855 1921 1981 2085 2171 2262 2370 2431 2483 2524 2571 2642 2670 2745 2813 2847 2847 2860 2900 2937 2978 2996 3011 3021 3041 3057 3061 3065 3076 3091 3110 3126 3131 3130 3112 3126 3150 3176 3201 3212 3221 3233 3235 3237 3230 3102 2385 1376
908 1044 1041 966 966 1024 1120 1153 1144 1227 1014 1198 1260 1261 1002 1158 1253 1051 1049 1104 1147 1170 1202 1118 1140 1149 1225 1271 1222 1258 1362 1614 1749 1808 1875 1844 1753 1749 1733 1695 1748 1822 1859 1877 1951 2008 1934 2002 2062 2065 2121 2233 2326 2408 2463 2510 2576 2632 2680 2740 2824 2872 2907 2914 2909 2955 2989 3007 3021 3032 3048 3052 3050 3058 3066 3081 3099 3121 3143 3156 3163 3151 3143 3165 3200 3219 3224 3229 3232 3233 3236 3219 2840 1640
1029 1216 1221 1022 1084 1148 1445 1555 1387 1311 1342 1207 1163 1223 1279 1345 1266 1148 1312 1261 1225 1230 1257 1246 1202 1216 1234 1224 1486 1485 1504 1763 1930 1967 1995 1981 1878 1886 1870 1815 1818 1880 1926 1962 2017 2117 2107 2122 2137 2159 2183 2250 2326 2395 2453 2522 2585 2639 2704 2764 2807 2845 2875 2890 2922 2961 2991 3009 3013 3020 3023 3033 3039 3047 3057 3075 3092 3114 3150 3166 3177 3179 3183 3179 3195 3225 3235 3233 3243 3250 3252 3250 3176 2297
1128 1461 1448 1150 1331 1302 1460 1718 1468 1456 1301 1395 1365 1254 1160 1239 1192 1216 1374 1297 1273 1287 1253 1309 1311 1301 1275 1354 1725 1740 1809 1941 2029 2067 2081 2102 1992 1964 1977 1923 1885 1923 1973 2049 2114 2189 2264 2287 2263 2219 2230 2270 2343 2409 2486 2556 2614 2666 2712 2759 2790 2805 2828 2849 2874 2904 2947 2973 2985 3000 3007 3010 3033 3047 3058 3074 3090 3114 3139 3159 3175 3197 3204 3199 3197 3215 3223 3231 3238 3247 3255 3256 3245 2987
1254 1301 1221 1259 1310 1384 1448 1700 1531 1616 1310 1453 1652 1530 1269 1259 1214 1257 1350 1265 1318 1322 1296 1351 1324 1348 1320 1545 1952 1973 1960 2005 2107 2151 2159 2180 2106 2024 2051 1996 1974 1977 2008 2085 2177 2264 2334 2360 2354 2320 2332 2356 2394 2452 2515 2585 2650 2691 2723 2762 2788 2800 2813 2826 2840 2870 2914 2948 2976 3002 3007 3012 3029 3036 3045 3060 3077 3097 3120 3145 3166 3191 3208 3214 3212 3214 3216 3227 3244 3252 3255 3256 3257 3193
1389 1400 1459 1363 1576 1884 1587 1473 1441 1467 1400 1555 1570 1554 1369 1430 1311 1342 1391 1398 1376 1353 1344 1397 1445 1722 1727 1975 2054 2045 2057 2109 2176 2229 2233 2253 2212 2150 2115 2053 2060 2020 2040 2110 2225 2313 2374 2400 2416 2420 2451 2463 2480 2524 2576 2633 2688 2718 2738 2775 2795 2806 2814 2826 2836 2869 2916 2953 2986 3009 3011 3010 3017 3027 3038 3053 3070 3087 3109 3136 3161 3184 3203 3213 3222 3232 3231 3223 3229 3241 3252 3256 3258 3210
1452 1457 1591 1862 2121 1917 1775 1565 1530 1603 1567 1680 1562 1587 1430 1406 1547 1499 1308 1320 1383 1469 1712 1976 2078 2178 2134 2117 2125 2107 2164 2218 2248 2293 2310 2321 2302 2288 2186 2135 2134 2098 2073 2105 2190 2279 2368 2404 2419 2481 2538 2562 2576 2615 2674 2706 2731 2751 2763 2794 2809 2832 2841 2862 2861 2884 2926 2956 2983 3006 3002 2996 3004 3021 3038 3058 3074 3090 3112 3136 3163 3185 3205 3213 3223 3229 3235 3237 3239 3236 3240 3249 3255 3261
1512 1582 1718 1767 1871 1729 1846 1907 1677 1719 1714 1693 1626 1660 1614 1508 1622 1599 1399 1392 1583 2012 2197 2254 2247 2300 2218 2204 2191 2216 2238 2288 2333 2367 2387 2402 2383 2359 2316 2253 2214 2147 2106 2134 2175 2233 2335 2440 2493 2522 2577 2618 2636 2667 2706 2729 2748 2768 2792 2810 2825 2848 2862 2883 2887 2894 2915 2935 2954 2974 2973 2979 3001 3021 3034 3057 3073 3087 3107 3140 3171 3190 3201 3209 3217 3224 3230 3236 3239 3250 3260 3253 3252 3269
1590 1595 1776 1843 1757 1790 1983 1911 1720 1894 1841 1643 1634 1659 1651 1639 1673 1644 1611 1991 2213 2053 2252 2327 2343 2386 2307 2296 2313 2332 2297 2352 2401 2452 2495 2491 2463 2445 2438 2333 2293 2246 2161 2169 2195 2247 2315 2416 2494 2543 2603 2634 2651 2673 2699 2725 2752 2776 2803 2823 2821 2843 2863 2880 2888 2890 2905 2919 2931 2943 2950 2970 2997 3019 3032 3051 3068 3082 3110 3144 3168 3183 3194 3199 3208 3219 3221 3229 3234 3245 3257 3264 3265 3258
1717 1916 1850 1960 1850 1999 2258 2097 1868 1793 1874 1698 1781 1752 1656 1633 1589 1567 1583 2083 2334 2099 2209 2401 2441 2463 2406 2381 2398 2411 2368 2389 2454 2514 2575 2563 2563 2541 2505 2429 2379 2323 2222 2203 2234 2273 2310 2406 2500 2563 2625 2648 2670 2688 2708 2742 2758 2779 2802 2817 2818 2841 2863 2875 2877 2879 2889 2905 2921 2931 2943 2969 2995 3005 3029 3057 3102 3125 3141 3157 3166 3179 3187 3194 3210 3217 3218 3228 3238 3248 3254 3260 3266 3271
1750 2006 1788 1775 2062 2310 2178 2036 1926 1807 1901 2000 1815 1777 1827 1717 1668 1677 1978 2233 2365 2454 2478 2496 2528 2542 2528 2486 2496 2479 2462 2477 2514 2576 2650 2649 2650 2617 2567 2513 2457 2377 2309 2279 2278 2298 2337 2403 2499 2575 2648 2659 2689 2705 2723 2761 2768 2785 2804 2817 2819 2842 2864 2870 2861 2857 2874 2885 2899 2920 2940 2971 2993 3018 3057 3089 3131 3154 3164 3171 3180 3191 3202 3205 3217 3231 3237 3248 3261 3269 3269 3278 3289 3293
1890 2115 1828 1794 1853 1972 1971 1928 1840 1840 1884 1995 1963 1811 2025 1820 1753 1832 2081 2370 2383 2446 2521 2565 2596 2613 2611 2553 2558 2572 2584 2571 2599 2648 2697 2716 2701 2658 2611 2566 2518 2440 2373 2312 2298 2304 2351 2387 2448 2540 2614 2658 2699 2723 2740 2767 2789 2803 2815 2825 2820 2841 2856 2858 2852 2844 2853 2864 2879 2901 2921 2956 3002 3043 3097 3122 3148 3163 3172 3178 3190 3203 3215 3220 3225 3247 3258 3268 3281 3286 3283 3297 3305 3307
1840 2165 2088 1802 1811 2013 2360 2088 1872 1850 1907 1854 1902 1866 1873 1786 1808 1812 2245 2464 2472 2503 2569 2627 2657 2680 2698 2658 2646 2667 2675 2672 2690 2711 2719 2715 2703 2685 2653 2614 2574 2523 2452 2397 2359 2353 2385 2400 2422 2486 2564 2637 2679 2713 2739 2761 2794 2811 2819 2830 2819 2828 2837 2841 2838 2835 2853 2871 2880 2889 2910 2945 3004 3062 3093 3116 3141 3157 3163 3172 3182 3195 3198 3208 3228 3236 3248 3259 3267 3271 3274 3287 3291 3297
2051 2018 2035 1847 1970 1889 2309 2251 1887 1889 1976 1945 1978 1968 1995 1906 1980 2273 2495 2526 2577 2583 2642 2695 2722 2738 2759 2739 2722 2730 2737 2744 2756 2768 2769 2755 2739 2721 2700 2662 2627 2582 2523 2467 2418 2390 2397 2402 2407 2446 2540 2597 2639 2658 2661 2708 2748 2774 2793 2806 2805 2815 2821 2820 2826 2846 2868 2891 2900 2904 2923 2951 3002 3058 3089 3111 3123 3141 3147 3150 3160 3171 3174 3188 3209 3222 3225 3229 3236 3250 3257 3263 3270 3280
1924 1909 1945 1859 1901 1881 2020 1997 1914 1926 2003 2064 2058 2251 2155 2202 2368 2414 2580 2603 2662 2705 2730 2782 2789 2782 2816 2819 2794 2785 2785 2796 2814 2820 2814 2799 2784 2756 2729 2703 2674 2631 2586 2534 2487 2408 2403 2424 2449 2489 2531 2565 2594 2629 2651 2691 2712 2729 2753 2774 2778 2799 2814 2825 2842 2860 2888 2911 2922 2932 2945 2964 3004 3055 3089 3103 3114 3128 3140 3149 3162 3170 3173 3182 3195 3209 3213 3218 3226 3236 3245 3248 3255 3265
1905 1950 1993 2272 2380 2180 2330 2135 1974 1951 2045 2120 2161 2060 2021 2156 2584 2662 2663 2697 2745 2797 2852 2873 2860 2842 2869 2887 2873 2848 2846 2869 2876 2870 2860 2839 2812 2782 2765 2750 2731 2707 2651 2588 2541 2491 2473 2488 2509 2519 2529 2580 2594 2627 2667 2698 2702 2715 2738 2755 2779 2812 2830 2849 2879 2884 2916 2946 2951 2953 2966 2990 3025 3054 3086 3099 3110 3129 3149 3165 3181 3184 3187 3190 3195 3208 3215 3223 3230 3233 3241 3247 3255 3265
2392 2348 2139 2340 2378 2236 2311 2228 2105 2019 2057 2132 2199 2212 2174 2465 2685 2714 2736 2813 2853 2896 2943 2957 2940 2900 2927 2945 2940 2914 2912 2925 2924 2914 2907 2880 2850 2820 2810 2800 2792 2770 2703 2640 2597 2567 2547 2552 2557 2566 2586 2605 2643 2666 2690 2711 2726 2750 2769 2785 2825 2862 2871 2885 2921 2914 2926 2951 2973 2981 2987 2999 3034 3055 3087 3101 3119 3142 3164 3179 3193 3197 3199 3200 3201 3211 3218 3227 3234 3236 3247 3256 3268 3277
2150 2113 2121 2161 2128 2140 2205 2091 2070 2110 2071 2098 2220 2729 2889 2897 2827 2786 2816 2885 2960 2998 3025 3028 3006 2973 2994 3010 3008 2999 2981 2976 2963 2954 2952 2946 2919 2898 2882 2858 2829 2792 2734 2684 2649 2625 2604 2608 2606 2619 2647 2674 2688 2702 2719 2752 2771 2796 2815 2833 2863 2901 2914 2931 2966 2970 2974 2989 2999 3013 3019 3019 3041 3069 3096 3108 3127 3145 3162 3167 3179 3187 3199 3201 3201 3202 3204 3213 3226 3235 3245 3257 3270 3277
2091 2111 2122 2159 2156 2139 2152 2139 2122 2096 2086 2132 2293 2915 2953 2922 2884 2870 2900 2955 3039 3077 3089 3086 3060 3043 3059 3064 3052 3037 3020 3013 2998 2987 2988 2997 2989 2955 2930 2904 2862 2808 2766 2732 2699 2677 2665 2655 2656 2673 2700 2724 2740 2754 2772 2797 2812 2837 2861 2882 2905 2938 2955 2973 3000 3014 3017 3033 3049 3047 3048 3048 3042 3069 3096 3108 3119 3144 3160 3165 3176 3183 3200 3206 3207 3201 3203 3213 3226 3237 3247 3258 3272 3279
2110 2105 2124 2319 2170 2124 2109 2100 2104 2094 2143 2221 2489 3059 3021 2998 2975 2973 2992 3046 3115 3146 3148 3138 3112 3101 3111 3107 3086 3068 3056 3046 3033 3018 3003 2999 2997 2983 2963 2936 2908 2872 2814 2787 2764 2742 2726 2695 2690 2721 2751 2770 2794 2808 2824 2838 2847 2871 2896 2917 2934 2967 2987 3007 3038 3046 3054 3072 3089 3083 3077 3079 3069 3061 3087 3100 3102 3124 3135 3147 3166 3172 3184 3200 3211 3209 3209 3223 3234 3248 3267 3279 3284 3290
2196 2101 2104 2219 2130 2134 2142 2118 2144 2183 2254 2352 2915 3141 3100 3081 3075 3086 3096 3140 3190 3206 3203 3189 3162 3155 3147 3127 3107 3093 3089 3085 3073 3057 3037 3023 3014 3008 2996 2973 2948 2922 2881 2845 2824 2809 2794 2767 2759 2793 2810 2820 2827 2838 2861 2881 2892 2903 2921 2942 2972 3000 3021 3039 3069 3077 3087 3098 3105 3103 3101 3101 3092 3073 3052 3052 3070 3090 3095 3110 3128 3145 3162 3182 3194 3204 3225 3236 3244 3253 3260 3270 3281 3290
2368 2141 2181 2232 2156 2193 2188 2224 2276 2303 2420 2767 3217 3197 3181 3169 3173 3183 3202 3235 3254 3253 3245 3231 3205 3198 3176 3150 3133 3122 3117 3114 3108 3098 3080 3063 3050 3039 3026 3006 2981 2954 2923 2892 2872 2864 2858 2857 2871 2880 2870 2872 2868 2870 2901 2924 2930 2939 2960 2973 3002 3023 3056 3068 3092 3104 3108 3111 3121 3133 3126 3118 3121 3116 3095 3082 3090 3111 3134 3142 3128 3144 3179 3196 3214 3230 3243 3248 3252 3262 3270 3277 3283 3287
2274 2221 2214 2231 2225 2395 2454 2407 2344 2633 3001 3323 3299 3284 3274 3254 3261 3275 3292 3300 3300 3292 3279 3256 3231 3216 3179 3168 3159 3150 3143 3136 3130 3122 3112 3099 3085 3072 3058 3040 3016 2989 2966 2941 2921 2924 2927 2928 2945 2945 2928 2912 2922 2930 2950 2972 2960 2974 2991 3009 3029 3053 3077 3089 3108 3116 3127 3132 3140 3150 3152 3151 3150 3154 3148 3143 3144 3152 3167 3165 3145 3149 3187 3205 3228 3240 3246 3254 3264 3274 3282 3284 3280 3277
2245 2252 2243 2285 2419 2519 2973 3065 3224 3321 3372 3350 3353 3357 3349 3332 3339 3340 3336 3329 3323 3314 3300 3272 3248 3226 3194 3188 3184 3176 3167 3159 3152 3144 3136 3128 3116 3105 3095 3079 3057 3032 3014 2995 2977 2982 2999 2986 2995 2999 2984 2962 2978 2975 2985 2998 2991 3003 3020 3037 3059 3081 3104 3123 3136 3139 3149 3165 3172 3174 3180 3182 3171 3179 3185 3180 3176 3178 3182 3176 3148 3146 3184 3209 3226 3238 3250 3256 3258 3270 3280 3282 3280 3286
2295 2304 2317 2382 2538 2768 3334 3375 3373 3371 3375 3380 3392 3391 3384 3376 3361 3355 3350 3345 3337 3326 3299 3256 3246 3242 3219 3209 3206 3200 3191 3181 3172 3166 3161 3156 3148 3138 3128 3117 3101 3082 3064 3043 3015 2999 3010 3021 3036 3049 3033 3010 3024 3023 3026 3032 3031 3045 3064 3086 3112 3124 3139 3153 3162 3169 3184 3195 3201 3203 3207 3208 3206 3210 3216 3206 3209 3201 3206 3189 3161 3154 3186 3203 3219 3237 3252 3261 3258 3266 3272 3274 3282 3283
2380 2344 2431 2532 2677 3183 3360 3356 3361 3373 3391 3406 3411 3409 3403 3395 3377 3372 3368 3363 3338 3316 3285 3272 3263 3250 3236 3228 3224 3218 3211 3200 3190 3186 3186 3188 3183 3171 3160 3150 3140 3127 3112 3095 3073 3047 3051 3067 3081 3083 3066 3056 3070 3069 3071 3075 3067 3073 3095 3123 3146 3160 3176 3192 3201 3200 3212 3219 3228 3238 3236 3222 3218 3223 3235 3228 3220 3219 3218 3198 3169 3164 3165 3194 3216 3229 3239 3244 3244 3245 3252 3258 3265 3273
2521 2564 2714 2873 3174 3343 3342 3351 3366 3386 3409 3422 3423 3422 3416 3414 3401 3393 3382 3377 3347 3318 3298 3287 3264 3250 3245 3245 3242 3237 3231 3223 3211 3208 3213 3218 3215 3202 3189 3185 3179 3169 3157 3143 3130 3121 3111 3110 3107 3109 3106 3107 3117 3114 3112 3111 3105 3108 3121 3146 3173 3196 3213 3228 3235 3231 3242 3248 3257 3264 3256 3243 3237 3239 3244 3237 3234 3233 3229 3209 3177 3168 3164 3182 3202 3216 3223 3236 3237 3239 3250 3255 3258 3267
3008 3057 3170 3240 3291 3322 3334 3352 3375 3401 3428 3434 3432 3432 3426 3426 3415 3405 3394 3389 3372 3357 3341 3303 3274 3271 3269 3264 3260 3258 3255 3249 3243 3241 3244 3249 3249 3239 3225 3218 3216 3210 3199 3186 3172 3161 3154 3149 3147 3152 3152 3151 3154 3147 3145 3147 3144 3143 3158 3182 3204 3221 3238 3250 3260 3269 3272 3281 3289 3290 3280 3266 3258 3255 3255 3253 3250 3250 3242 3217 3193 3187 3173 3172 3189 3200 3213 3227 3236 3239 3248 3253 3256 3262
3127 3149 3197 3247 3284 3309 3328 3354 3385 3414 3438 3439 3432 3432 3432 3427 3417 3410 3402 3401 3391 3378 3362 3333 3299 3300 3294 3283 3279 3279 3280 3277 3273 3271 3274 3281 3290 3280 3261 3252 3248 3244 3234 3222 3207 3196 3193 3186 3181 3194 3202 3202 3205 3199 3189 3183 3179 3181 3197 3221 3239 3254 3268 3279 3285 3286 3295 3310 3319 3318 3299 3285 3284 3276 3272 3269 3263 3256 3248 3224 3205 3198 3196 3190 3197 3205 3212 3224 3232 3242 3251 3255 3261 3269
3197 3216 3236 3258 3280 3298 3320 3356 3396 3408 3423 3434 3436 3437 3438 3436 3432 3427 3422 3416 3407 3394 3378 3355 3331 3320 3308 3296 3293 3298 3306 3305 3301 3299 3301 3306 3306 3296 3286 3281 3281 3282 3268 3254 3243 3237 3232 3221 3213 3243 3251 3244 3250 3235 3220 3211 3213 3215 3228 3249 3268 3280 3289 3295 3298 3303 3318 3329 3337 3336 3327 3313 3305 3297 3287 3280 3274 3265 3253 3234 3219 3211 3202 3197 3206 3220 3228 3230 3233 3245 3255 3262 3274 3279
3219 3235 3251 3268 3284 3300 3330 3365 3394 3403 3417 3431 3438 3443 3446 3448 3448 3447 3444 3437 3424 3406 3397 3378 3359 3346 3334 3323 3316 3323 3332 3336 3336 3334 3333 3331 3323 3310 3311 3311 3312 3311 3297 3282 3278 3278 3277 3275 3285 3301 3296 3288 3290 3279 3260 3244 3241 3252 3267 3284 3292 3298 3305 3316 3323 3324 3335 3347 3358 3358 3346 3345 3324 3311 3301 3294 3285 3272 3259 3240 3235 3229 3216 3214 3216 3220 3231 3235 3241 3248 3258 3266 3277 3277
3231 3249 3265 3280 3293 3314 3344 3373 3396 3406 3420 3433 3443 3451 3456 3461 3466 3470 3470 3463 3447 3426 3406 3393 3384 3374 3364 3356 3353 3355 3361 3370 3373 3370 3366 3360 3353 3348 3350 3353 3349 3338 3321 3307 3311 3315 3317 3319 3325 3329 3323 3315 3326 3315 3299 3286 3277 3284 3294 3306 3322 3332 3337 3346 3353 3349 3360 3370 3375 3370 3361 3356 3333 3319 3310 3305 3288 3275 3259 3242 3235 3223 3212 3218 3222 3221 3226 3240 3248 3254 3264 3273 3283 3285
3248 3265 3280 3295 3312 3335 3360 3382 3401 3414 3427 3440 3451 3459 3468 3476 3485 3495 3499 3495 3477 3458 3439 3422 3412 3403 3392 3386 3386 3384 3386 3396 3399 3399 3398 3389 3381 3381 3390 3396 3387 3371 3361 3351 3348 3348 3351 3354 3357 3357 3355 3347 3347 3346 3335 3323 3311 3318 3324 3333 3349 3364 3367 3370 3373 3370 3375 3375 3378 3378 3368 3350 3329 3315 3308 3299 3287 3274 3263 3256 3242 3224 3217 3233 3236 3232 3237 3246 3254 3261 3272 3278 3287 3289
