Ecospace-environmental-drivers/Outputs/ASCII-for-ecospace/Sal-bot/Sal-bot_X2010.01.asc
NCOLS 131 
NROWS 53 
XLLCORNER -98 
YLLCORNER 23.9265270233154 
CELLSIZE 0.133587792515755 
NODATA_value -3.4e+38 
[rows 21 to 41 of 53, columns 0 to 46 of 131]
-3.4e+38 -3.4e+38 -3.4e+38 -3.4e+38 -3.4e+38 -3.4e+38 31.3293895721436 31.1285419464111 31.2560386657715 30.4357490539551 31.7219905853271 32.7173309326172 33.5021858215332 33.9796180725098 34.2980651855469 34.5403022766113 34.7354431152344 34.9059906005859 35.0433197021484 35.1714935302734 35.2846221923828 35.3544273376465 35.370433807373 35.3220405578613 35.2954216003418 35.2637405395508 35.2668304443359 35.3490829467773 35.4166793823242 35.4966049194336 35.6877975463867 35.8502006530762 35.9017601013184 35.9023017883301 35.892936706543 35.9041519165039 35.9159164428711 35.904541015625 35.891300201416 35.8923950195312 35.9140815734863 35.8856391906738 35.8738632202148 35.8506088256836 35.8305702209473 35.8257026672363 35.8353500366211
-3.4e+38 -3.4e+38 -3.4e+38 -3.4e+38 -3.4e+38 -3.4e+38 31.2716846466064 31.5879402160645 31.1285419464111 32.2038230895996 33.106861114502 33.8143730163574 34.4138298034668 34.8271484375 35.0679969787598 35.2126312255859 35.3019561767578 35.3695907592773 35.4516716003418 35.5532112121582 35.6381378173828 35.697811126709 35.7289810180664 35.7297286987305 35.713191986084 35.6370468139648 35.6315422058105 35.6949653625488 35.6673698425293 35.694278717041 35.8387641906738 35.962760925293 36.0085258483887 36.0457382202148 36.083080291748 36.0830993652344 36.0896530151367 36.0924606323242 36.0811347961426 36.0804862976074 36.1270980834961 36.089729309082 36.0861473083496 36.0802307128906 36.0750846862793 36.0371055603027 36.0411720275879
-3.4e+38 -3.4e+38 -3.4e+38 -3.4e+38 31.4492530822754 31.35791015625 31.6369323730469 31.2716846466064 32.3635940551758 33.3071479797363 34.0830993652344 34.7749443054199 35.1962013244629 35.401123046875 35.4882659912109 35.5173454284668 35.5169906616211 35.5387840270996 35.5948104858398 35.719654083252 35.8845710754395 35.9698104858398 35.8855667114258 35.7408065795898 35.8346328735352 35.7394943237305 35.7723159790039 35.8791809082031 35.9122200012207 35.8824920654297 35.9913024902344 36.0745277404785 36.126895904541 36.1026458740234 36.1543807983398 36.1103973388672 36.0229644775391 36.0207595825195 35.834098815918 35.4183197021484 35.4767303466797 35.4620475769043 35.7778396606445 35.5631523132324 35.7094917297363 35.7805213928223 35.8551406860352
-3.4e+38 -3.4e+38 -3.4e+38 -3.4e+38 31.4329433441162 31.5569076538086 31.35791015625 32.2812042236328 33.3471527099609 34.1878929138184 34.9055671691895 35.3071174621582 35.4927406311035 35.5935287475586 35.6718902587891 35.7016677856445 35.7578926086426 35.6819038391113 35.6150512695312 35.525707244873 35.2989463806152 35.1501159667969 35.1783409118652 35.226016998291 35.3167152404785 35.3525772094727 35.3848266601562 35.261848449707 35.3442039489746 35.2896308898926 35.4092636108398 35.6282043457031 35.6952896118164 35.7580642700195 35.8552436828613 35.7814788818359 35.8258819580078 35.6834030151367 35.3689460754395 35.0522232055664 35.0585441589355 35.0957794189453 35.1480445861816 35.083667755127 35.0314979553223 35.0808792114258 35.040397644043
-3.4e+38 -3.4e+38 -3.4e+38 -3.4e+38 -3.4e+38 31.4329433441162 31.8798713684082 33.1759605407715 34.1142959594727 34.9003524780273 35.3012733459473 35.4649314880371 35.5805740356445 35.7478561401367 35.9044952392578 35.9340400695801 35.4844245910645 35.1032180786133 35.0359916687012 34.9764518737793 34.9550476074219 34.9369010925293 34.9354209899902 34.9445877075195 34.9912147521973 34.9836502075195 34.9615936279297 34.9880065917969 34.9388236999512 34.9419555664062 34.9664077758789 35.0260124206543 35.0944557189941 35.337158203125 35.3354148864746 35.3584251403809 35.2578620910645 35.0896949768066 34.931468963623 34.9123191833496 34.9432220458984 34.9588317871094 34.9429130554199 34.9491157531738 34.9187850952148 34.9177589416504 34.9328308105469
-3.4e+38 -3.4e+38 -3.4e+38 -3.4e+38 -3.4e+38 31.6778621673584 32.7689743041992 33.8531455993652 34.7210311889648 35.2399787902832 35.4182510375977 35.5548629760742 35.7605133056641 36.0251770019531 35.8010482788086 35.3901748657227 35.0320663452148 34.934024810791 34.9199066162109 34.9303741455078 34.9591598510742 34.9563827514648 34.9791946411133 34.9385261535645 34.9865531921387 34.9566192626953 34.9483528137207 34.9504089355469 34.9389305114746 34.9839820861816 34.9196510314941 34.9030342102051 34.9431495666504 34.9799346923828 34.9313316345215 34.9526596069336 34.9362754821777 35.003231048584 34.9476585388184 34.952751159668 34.9205894470215 34.9484176635742 34.9192123413086 34.9209251403809 34.9258003234863 34.9154815673828 34.9450492858887
-3.4e+38 -3.4e+38 31.5560684204102 31.5743141174316 31.8874053955078 32.1206130981445 33.3830833435059 34.3499374389648 35.0537376403809 35.3427276611328 35.5327682495117 35.752742767334 35.9967346191406 35.7864265441895 35.3378219604492 35.1185493469238 34.9384422302246 34.9399223327637 34.9416275024414 34.9464721679688 34.9283409118652 34.9286041259766 34.9438629150391 34.9591598510742 34.9565734863281 34.9521865844727 34.9890823364258 34.9924278259277 34.9906272888184 34.9579849243164 34.9304313659668 34.9365081787109 34.9065055847168 34.9274864196777 34.9123268127441 34.9346771240234 34.9257583618164 34.9444007873535 34.9486694335938 34.9727592468262 34.9394950866699 34.9367446899414 34.9627990722656 34.9695205688477 34.9377326965332 34.9332504272461 34.9707832336426
-339999999999999996128486808808066248288.000000000000000 -3.4e+38 -3.4e+38 -3.4e+38 31.5925579071045 32.4899215698242 33.7803726196289 34.6753158569336 35.190990447998 35.421745300293 35.7107276916504 35.952278137207 35.8604545593262 35.3652572631836 35.1115112304688 34.9770202636719 34.9252166748047 34.939380645752 34.9373054504395 34.9596290588379 34.9363059997559 34.9528961181641 34.956413269043 34.953929901123 34.9382247924805 34.9377021789551 34.980842590332 34.9430656433105 35.0066871643066 34.9629135131836 34.9658546447754 34.9890594482422 34.9310188293457 34.9169235229492 34.9326934814453 34.9507675170898 34.9417152404785 34.9604644775391 34.9515533447266 34.9423637390137 34.9802894592285 34.9746475219727 34.9816474914551 34.9671669006348 34.9895401000977 34.9868621826172 34.9706115722656
-3.4e+38 -3.4e+38 -3.4e+38 -3.4e+38 31.8024597167969 32.7449073791504 33.9992294311523 34.8294067382812 35.2421798706055 35.5307998657227 35.841926574707 35.9897537231445 35.5042037963867 35.1317596435547 34.9609222412109 34.9247016906738 34.9088859558105 34.9349746704102 34.9376640319824 34.9379692077637 34.9943962097168 34.9948654174805 34.9871253967285 34.9907531738281 34.9896926879883 34.968448638916 35.0143737792969 34.9892349243164 35.0303497314453 34.9438095092773 34.9475631713867 34.9495315551758 35.001781463623 34.9534492492676 34.9588851928711 35.008617401123 34.9818115234375 34.9912643432617 34.9957084655762 35.0062065124512 34.9872245788574 34.9875297546387 34.9937515258789 35.009822845459 34.9853744506836 35.0478324890137 34.9940528869629
-3.4e+38 -3.4e+38 -3.4e+38 -3.4e+38 31.9568004608154 32.7358474731445 33.9810333251953 34.8129119873047 35.2525177001953 35.5667457580566 35.8619842529297 35.8670120239258 35.2510871887207 35.0150184631348 34.9353370666504 34.9235572814941 34.9410438537598 34.93994140625 35.0014915466309 35.0055084228516 35.0247764587402 34.9950637817383 34.9697036743164 34.9736518859863 35.0750160217285 34.9955444335938 34.971607208252 35.041877746582 35.0362014770508 35.0015716552734 34.9350624084473 34.9723815917969 34.986083984375 34.9717559814453 35.0213432312012 35.0109939575195 35.0068626403809 34.9784355163574 34.9885940551758 34.9773445129395 35.0048942565918 34.9973373413086 34.9930305480957 34.9826774597168 34.9935417175293 34.9872856140137 34.9788589477539
-3.4e+38 -3.4e+38 -3.4e+38 -3.4e+38 31.9889354705811 32.5228843688965 33.7771110534668 34.6422080993652 35.1769371032715 35.5358543395996 35.8443183898926 35.8249778747559 35.1827239990234 34.9881973266602 34.9340515136719 34.9418678283691 34.9527854919434 34.9686584472656 34.994743347168 35.0548820495605 35.0074234008789 35.0024299621582 34.9818878173828 34.9792289733887 35.0177116394043 34.9856300354004 34.9415435791016 34.9545745849609 35.0168190002441 34.9928207397461 35.0415229797363 35.0241966247559 34.9712181091309 34.9889144897461 34.9848213195801 34.9703788757324 34.9765739440918 34.9692497253418 34.9802513122559 34.9795837402344 34.9793472290039 34.9668731689453 34.965518951416 34.9684028625488 34.9717597961426 34.9704399108887 34.9694290161133
-3.4e+38 -3.4e+38 -3.4e+38 -3.4e+38 32.0374565124512 32.2986106872559 33.3869743347168 34.3573532104492 34.9618644714355 35.3802261352539 35.6782875061035 35.9024047851562 35.2618370056152 34.9598541259766 34.9191703796387 34.944694519043 34.9965133666992 34.9792671203613 34.9918327331543 35.0277252197266 34.984733581543 34.9823303222656 34.9863243103027 34.9928588867188 34.9676361083984 34.9785614013672 34.9752388000488 34.9813804626465 34.9814910888672 34.9748573303223 35.0866584777832 34.9676856994629 34.9632453918457 34.9945335388184 35.0312576293945 35.0166473388672 35.0245361328125 34.9892616271973 34.9734687805176 34.9669761657715 34.9640579223633 34.9651794433594 35.0650520324707 34.9688377380371 34.9682579040527 34.968189239502 34.966926574707
-3.4e+38 -3.4e+38 -3.4e+38 -3.4e+38 32.150764465332 32.2113838195801 32.9330749511719 33.9544830322266 34.6336441040039 35.1225891113281 35.4901542663574 35.7358512878418 35.5440483093262 34.9579162597656 34.9284782409668 34.9330596923828 34.9953346252441 34.9763793945312 35.0305976867676 34.9943885803223 34.9801635742188 34.9777488708496 34.9782218933105 34.9805564880371 34.9967384338379 35.0399055480957 35.0467720031738 34.9889526367188 35.0372619628906 35.1100196838379 35.0835037231445 34.9853515625 34.989128112793 34.9865837097168 34.973014831543 34.9771194458008 34.975025177002 34.9713516235352 34.9691619873047 35.0508193969727 34.9745712280273 34.9887619018555 35.0546684265137 35.0736312866211 35.024055480957 34.9671363830566 34.9753837585449
-3.4e+38 -3.4e+38 -3.4e+38 -3.4e+38 -3.4e+38 32.1909370422363 32.629077911377 33.5846481323242 34.3297576904297 34.886402130127 35.3308525085449 35.6115570068359 35.8040771484375 34.9805450439453 34.9232749938965 34.9282569885254 34.9849967956543 34.9808540344238 35.0214195251465 34.9989967346191 34.9838523864746 34.9767684936523 34.9752159118652 34.9764442443848 34.9830551147461 35.0406646728516 35.0192756652832 34.969482421875 34.9761428833008 34.9937705993652 34.979377746582 34.9726753234863 34.9736213684082 34.9787406921387 35.0127906799316 34.9746360778809 34.9666366577148 34.9666519165039 34.9655647277832 34.9652252197266 35.0196800231934 35.0632057189941 35.0506362915039 34.9798545837402 35.0598907470703 35.0457611083984 35.0141906738281
-3.4e+38 -3.4e+38 -3.4e+38 -3.4e+38 -3.4e+38 28.9091415405273 32.4649925231934 33.4109001159668 34.1770210266113 34.7942390441895 35.237117767334 35.6164245605469 35.8465919494629 35.0044898986816 34.9198150634766 34.9294586181641 34.9499320983887 34.9939880371094 35.0376815795898 34.9901847839355 34.9789428710938 34.9871025085449 35.0401573181152 35.0232887268066 35.0173606872559 35.0987358093262 35.0702133178711 35.0755004882812 35.0855865478516 34.9979553222656 34.9661254882812 34.9653930664062 34.9650917053223 34.971996307373 35.0612716674805 35.0466575622559 34.995491027832 34.9657936096191 34.9653816223145 34.9644966125488 34.963737487793 35.0742797851562 35.0735092163086 35.0540351867676 35.0508346557617 35.0441818237305 35.0193862915039
-3.4e+38 -3.4e+38 -3.4e+38 -3.4e+38 -3.4e+38 24.5592975616455 32.2805709838867 33.4211921691895 34.1358375549316 34.800651550293 35.2554969787598 35.6684913635254 35.7832641601562 34.9636726379395 34.9225654602051 34.9299774169922 34.932243347168 34.9526443481445 35.0115127563477 34.9777870178223 34.9739608764648 35.0277671813965 35.0218887329102 35.0494956970215 35.0632781982422 35.0656242370605 35.0615577697754 35.0588150024414 35.0562858581543 35.0772743225098 35.0796737670898 35.080810546875 35.0515518188477 35.0526542663574 35.0758438110352 35.0735778808594 35.0399589538574 35.026237487793 35.0593528747559 35.0456657409668 35.056697845459 35.0619468688965 35.0597267150879 35.0615425109863 35.0410804748535 35.0280113220215 35.0365524291992
-3.4e+38 -3.4e+38 -3.4e+38 -3.4e+38 -3.4e+38 -3.4e+38 32.4845390319824 33.4638824462891 34.1986045837402 34.8782386779785 35.3622016906738 35.8488082885742 35.8519821166992 35.0052871704102 34.9272727966309 34.9366607666016 34.9328689575195 34.9556541442871 35.0156669616699 34.9755325317383 34.9784698486328 35.042652130127 35.0461616516113 35.0701293945312 35.1061630249023 35.1068115234375 35.0796661376953 35.1117057800293 35.1353340148926 35.1350517272949 35.1349868774414 35.1349906921387 35.1350593566895 35.1351585388184 35.1350479125977 35.1349754333496 35.1267547607422 35.076114654541 35.0370674133301 35.0278205871582 35.0250625610352 35.0280113220215 35.0280532836914 35.0403938293457 35.0409812927246 35.022590637207 35.011157989502
-3.4e+38 -3.4e+38 -3.4e+38 -3.4e+38 -3.4e+38 -3.4e+38 32.6052436828613 33.5881462097168 34.3514099121094 34.9924430847168 35.5733833312988 35.9858741760254 35.7495193481445 35.0234298706055 34.9117584228516 34.9280242919922 34.9242744445801 34.9394607543945 34.9880294799805 34.9737892150879 35.0573425292969 35.0455017089844 35.0603408813477 35.0949287414551 35.1350440979004 35.1349983215332 35.1349792480469 35.1349678039551 35.1349601745605 35.1349220275879 35.1349029541016 35.1348571777344 35.1348342895508 35.1347923278809 35.1347732543945 35.1347122192383 35.1346855163574 35.1339225769043 35.1335487365723 35.1045608520508 35.0721626281738 35.0531120300293 35.0451469421387 35.0498657226562 35.056526184082 35.06591796875 35.0300407409668
-3.4e+38 -3.4e+38 -3.4e+38 -3.4e+38 -3.4e+38 -3.4e+38 32.7578506469727 33.8444480895996 34.5819625854492 35.1657638549805 35.7560806274414 36.0384330749512 35.6656112670898 34.9579391479492 34.9172744750977 34.9511795043945 34.9361305236816 34.952320098877 34.9786643981934 35.0200119018555 35.0595703125 35.063777923584 35.1133155822754 35.1315765380859 35.1349716186523 35.1349487304688 35.134937286377 35.1349182128906 35.134895324707 35.1348724365234 35.1348075866699 35.1342620849609 35.1339721679688 35.1342658996582 35.1344795227051 35.1343727111816 35.1343841552734 35.1346092224121 35.1346130371094 35.1346588134766 35.1347465515137 35.1256561279297 35.1136512756348 35.0762748718262 35.0865440368652 35.1192359924316 35.1202545166016
-3.4e+38 -3.4e+38 -3.4e+38 -3.4e+38 -3.4e+38 32.7259521484375 33.0807571411133 34.1539154052734 34.8158340454102 35.4108657836914 35.8838920593262 36.0702476501465 35.5176048278809 34.9335975646973 34.9414024353027 34.9424743652344 34.940616607666 34.9496688842773 34.9773445129395 35.0292587280273 35.0612716674805 35.1102409362793 35.1352195739746 35.1350326538086 35.1349639892578 35.1349182128906 35.1349220275879 35.1349334716797 35.134952545166 35.1349563598633 35.1349487304688 35.1348533630371 35.1325378417969 35.1296730041504 35.130672454834 35.1313209533691 35.1322174072266 35.1337928771973 35.1346588134766 35.1347694396973 35.1347160339355 35.1346893310547 35.1348075866699 35.1349868774414 35.1352081298828 35.1349639892578 35.1347541809082
-3.4e+38 -3.4e+38 -3.4e+38 -3.4e+38 33.0385932922363 32.9106864929199 33.6408042907715 34.5001678466797 35.0987358093262 35.6864700317383 35.9637985229492 36.0615005493164 35.2478256225586 34.939453125 34.9399185180664 34.9369316101074 34.9362945556641 34.9548873901367 34.9790802001953 35.0070877075195 35.0922698974609 35.1351280212402 35.1351661682129 35.1350021362305 35.1350021362305 35.1350021362305 35.1350021362305 35.1350021362305 35.1350021362305 35.1350021362305 35.1350021362305 35.1350021362305 35.1345558166504 35.1242942810059 35.1190299987793 35.1198959350586 35.1234931945801 35.1285743713379 35.1325035095215 35.1345634460449 35.134937286377 35.1348991394043 35.134822845459 35.1347846984863 35.1347999572754 35.1347999572754 35.1347808837891
