Ecospace-environmental-drivers/Outputs/ASCII-for-ecospace/Sal-bot/Sal-bot_X1994.02.asc
NCOLS 131 
NROWS 53 
XLLCORNER -98 
YLLCORNER 23.9265270233154 
CELLSIZE 0.133587792515755 
NODATA_value -3.4e+38 
[rows 21 to 41 of 53, columns 47 to 93 of 131]
35.9338150024414 35.9804801940918 36.010196685791 36.0084571838379 35.9838104248047 35.9375915527344 35.9149398803711 35.9508209228516 35.9527702331543 35.9764099121094 35.7398376464844 35.6227836608887 35.3674049377441 35.0746383666992 34.9285049438477 34.9076461791992 34.9317054748535 34.9309730529785 34.9304618835449 34.9328384399414 34.9551200866699 34.9788475036621 34.9685592651367 34.9660263061523 34.9945411682129 34.9807510375977 34.9716987609863 34.9660873413086 34.9812240600586 34.9980659484863 34.9756774902344 34.9635696411133 34.9639472961426 34.9744338989258 34.9804801940918 34.9866065979004 34.9846496582031 34.9738006591797 34.9385223388672 34.9135856628418 34.904167175293 34.8969116210938 34.8874130249023 34.9018096923828 34.9491386413574 35.0332298278809 35.1219177246094
35.9384880065918 35.9430999755859 35.969425201416 35.9782485961914 36.0255813598633 35.8824310302734 35.5210952758789 35.6595802307129 35.4526214599609 35.1847991943359 35.0628929138184 34.9737129211426 34.949878692627 34.9112701416016 34.9025077819824 34.9090003967285 34.9326820373535 34.9347114562988 34.9543724060059 34.9507904052734 34.9540100097656 34.9894180297852 34.9697113037109 34.9949226379395 34.9761581420898 34.9725685119629 34.9682579040527 34.9641914367676 34.9927597045898 34.9654388427734 34.9652404785156 34.9640808105469 34.9632873535156 34.9632263183594 34.9630737304688 34.962776184082 34.9627456665039 34.9796905517578 34.9933738708496 34.9753036499023 34.9622421264648 34.9524116516113 34.9364242553711 34.9041175842285 34.8822784423828 34.8857078552246 34.9560394287109
35.3646926879883 35.3357887268066 35.4325523376465 35.3453826904297 35.2779808044434 35.1212120056152 35.1437721252441 35.0081977844238 34.9151649475098 34.9040298461914 34.8974761962891 34.8968772888184 34.8994064331055 34.9116554260254 34.932315826416 34.9329032897949 34.9331817626953 34.9580764770508 34.9514045715332 34.951114654541 34.9509735107422 34.9884910583496 34.9733810424805 34.9899673461914 34.9687614440918 34.963924407959 34.9625244140625 34.9820556640625 34.9878349304199 34.9629211425781 34.9621047973633 34.9615631103516 34.961311340332 34.9612998962402 34.9613838195801 34.9613952636719 34.9614715576172 34.9751319885254 35.040714263916 35.0051651000977 35.0057373046875 35.010627746582 34.986759185791 34.9602355957031 34.9312438964844 34.8865394592285 34.8847846984863
34.9803771972656 34.973762512207 34.9615211486816 34.9762802124023 34.9799575805664 34.9315757751465 34.9528961181641 34.9327850341797 34.9439888000488 34.926097869873 34.9267616271973 34.9051933288574 34.9300422668457 34.9346656799316 34.9400215148926 34.933048248291 34.9564323425293 34.9558525085449 34.9608955383301 34.9853668212891 34.9851036071777 34.9883918762207 34.9735069274902 35.0068321228027 34.96826171875 34.9831848144531 35.0480155944824 35.005256652832 34.9626998901367 34.9613800048828 34.9615745544434 34.9616584777832 34.9619598388672 34.9621658325195 34.9940071105957 34.9959373474121 35.0180625915527 35.0184707641602 35.0243225097656 35.0089569091797 35.0083084106445 34.9988708496094 34.9992141723633 34.9970664978027 34.9803466796875 34.9462394714355 34.9000205993652
34.9154052734375 34.9307327270508 34.9256896972656 34.9372062683105 34.9509582519531 34.9308853149414 34.9692726135254 34.9430618286133 34.9413986206055 34.9416427612305 34.9384613037109 34.9344749450684 34.9296531677246 34.928524017334 34.9308853149414 34.9609146118164 34.9689483642578 34.9723434448242 34.9892692565918 34.9787788391113 34.966007232666 34.9627685546875 34.9609375 34.9668579101562 34.9685859680176 34.9621429443359 34.9923896789551 35.0205192565918 34.9662437438965 34.9626274108887 34.963249206543 34.9637603759766 34.9641914367676 34.9751472473145 35.0180435180664 35.0175437927246 35.0139007568359 35.0169639587402 35.0087623596191 35.0064544677734 35.0045166015625 34.9993515014648 34.9989013671875 34.9994773864746 35.0002632141113 34.98291015625 34.9435005187988
34.9411125183105 34.9277191162109 34.9222030639648 35.0031471252441 34.9848976135254 34.950756072998 34.9537391662598 34.9929962158203 34.9464416503906 34.9530067443848 34.9364814758301 34.9479560852051 34.9227485656738 34.9606971740723 34.9743118286133 34.9776229858398 34.9686012268066 34.9645347595215 34.9656639099121 34.9627304077148 34.9596710205078 34.9564590454102 34.9821166992188 34.975772857666 34.9661865234375 34.963264465332 34.9605255126953 35.0068435668945 34.9779396057129 34.9641799926758 34.9653205871582 34.9663162231445 34.9667739868164 35.0290260314941 35.0338134765625 35.034107208252 35.0221366882324 35.0169410705566 35.0060539245605 35.000057220459 34.9990539550781 34.9996452331543 34.9989738464355 34.9989624023438 35.0004577636719 35.0004959106445 34.983772277832
34.9673042297363 34.9631195068359 34.9928588867188 35.0566711425781 34.9988059997559 34.9795265197754 34.9978485107422 34.9713668823242 34.9621849060059 34.9703407287598 34.9666328430176 34.9575119018555 34.9603233337402 34.9649772644043 35.0235977172852 35.0074691772461 34.9982070922852 34.988037109375 34.9884223937988 34.9879722595215 34.9566421508789 34.9891471862793 34.9602012634277 34.9578742980957 34.9588241577148 34.9591674804688 34.9587059020996 34.9965133666992 34.9696617126465 34.9670295715332 34.9685249328613 34.9691390991211 34.9690856933594 34.9684791564941 34.9961280822754 35.0448684692383 35.0278282165527 35.0147743225098 35.0015983581543 34.9968948364258 34.993537902832 34.9990501403809 34.9980506896973 34.9978256225586 34.9977760314941 35.0015296936035 34.9894790649414
34.9650611877441 34.9781379699707 35.0171546936035 34.9817314147949 34.9820365905762 35.0312347412109 35.010856628418 34.9603500366211 34.9623794555664 34.9615249633789 34.9682083129883 34.9768180847168 34.9876251220703 34.9943542480469 34.9959907531738 34.9829063415527 34.9782485961914 34.9733390808105 34.9743118286133 34.9723129272461 34.9684143066406 34.961067199707 34.9564743041992 34.9544372558594 34.9707832336426 35.0088577270508 35.0320777893066 34.9720573425293 34.9688186645508 34.9704780578613 34.9704666137695 34.9709205627441 34.970344543457 34.9698486328125 34.990104675293 34.990966796875 35.0305557250977 35.017333984375 35.0054550170898 34.9933853149414 34.9883193969727 34.9913101196289 34.9896965026855 34.9939575195312 34.9962158203125 35.0008659362793 35.001392364502
34.9866180419922 34.9702682495117 34.9651794433594 34.9651184082031 34.9783668518066 34.9881248474121 34.9951858520508 34.9996223449707 34.9998550415039 34.989860534668 34.9920845031738 34.9882698059082 34.9760780334473 34.9782371520996 34.9751853942871 34.9733123779297 34.9690628051758 34.9663925170898 34.9671211242676 34.9693374633789 34.962963104248 34.9564933776855 34.9542617797852 34.9529571533203 35.035888671875 34.9936599731445 34.9687995910645 34.9666137695312 34.9706840515137 34.9711875915527 34.9715385437012 34.9707412719727 34.9697227478027 34.9689102172852 34.9699058532715 34.9697647094727 35.0080223083496 35.0011940002441 35.0007553100586 34.9928207397461 34.9881477355957 34.9883918762207 34.9862327575684 34.9903869628906 34.9919624328613 34.9948196411133 35.0020141601562
34.9684524536133 34.9706649780273 35.0418586730957 35.0216903686523 34.9626388549805 35.0381698608398 34.9754753112793 34.9817199707031 34.9835510253906 34.9920501708984 34.9768562316895 34.9937744140625 35.0335083007812 34.9906349182129 34.9818840026855 34.9872550964355 35.031192779541 35.013427734375 35.0186958312988 35.0160217285156 34.9649047851562 34.9593734741211 34.9547882080078 34.9534339904785 35.0174942016602 34.9701347351074 34.9598617553711 34.9645500183105 34.9695167541504 34.9694366455078 34.9672813415527 34.9651069641113 34.9639701843262 34.9636383056641 34.9641151428223 34.9652557373047 34.9971237182617 35.0003509521484 34.9997634887695 34.9921607971191 34.9938583374023 34.9892158508301 34.989429473877 34.9877243041992 34.9902153015137 34.9936866760254 34.9947052001953
35.0915107727051 34.9669990539551 35.017463684082 35.0054969787598 34.96142578125 34.9664916992188 34.9710121154785 34.9729080200195 34.9712867736816 34.9917640686035 35.0162658691406 35.0314025878906 35.0159912109375 35.0102043151855 35.0042037963867 35.0043754577637 34.9898834228516 34.9841957092285 34.9940948486328 35.0103874206543 35.0134048461914 34.9638862609863 34.9566307067871 34.9532737731934 35.013069152832 34.9676132202148 34.958984375 34.9629554748535 34.9659957885742 34.965274810791 34.9629554748535 34.9617004394531 34.9620246887207 34.9624176025391 34.9630508422852 34.9632987976074 35.0103988647461 35.0016021728516 34.9917373657227 34.9899826049805 34.9936141967773 34.988452911377 34.9872894287109 34.9843063354492 34.9849739074707 34.9865112304688 34.996265411377
34.9777984619141 34.9668159484863 34.9671974182129 35.0286483764648 34.9599876403809 35.0095024108887 35.0062141418457 34.9975204467773 34.982494354248 35.0349922180176 35.0178337097168 35.0022621154785 34.9924964904785 34.9825439453125 34.9829635620117 34.9748382568359 34.9710273742676 34.9757652282715 34.9759254455566 34.9837303161621 34.9990272521973 35.0130386352539 34.9565925598145 34.9543418884277 34.9865684509277 34.9845886230469 34.9641227722168 34.9648399353027 34.9650917053223 34.9639511108398 34.9629859924316 34.963077545166 34.9638481140137 34.9643821716309 34.9648590087891 34.965404510498 35.0124778747559 35.0050010681152 34.9983100891113 34.9987602233887 34.9986381530762 34.9958076477051 34.9885482788086 34.9882164001465 34.9918441772461 34.9907035827637 34.9962043762207
35.0260772705078 35.0140762329102 34.9950561523438 34.9822158813477 34.9928665161133 34.9939765930176 34.9868927001953 34.9910926818848 35.0044784545898 34.9889488220215 34.9797210693359 34.973445892334 34.9757041931152 34.9676628112793 34.967227935791 34.965576171875 34.9641799926758 34.9628486633301 34.9755554199219 34.9725723266602 34.9836730957031 34.9920654296875 35.0121612548828 35.0145721435547 34.9977951049805 34.9648628234863 34.9611930847168 34.9632453918457 34.9652404785156 34.9651260375977 34.9653129577637 34.9655342102051 34.9654312133789 34.9643020629883 34.9643173217773 35.0070304870605 35.0161895751953 35.0062141418457 34.9970474243164 34.9888496398926 34.9877624511719 34.9883193969727 34.988208770752 34.9891357421875 34.9893951416016 34.9942398071289 34.9980888366699
35.0229644775391 34.9935188293457 34.9707183837891 34.9612007141113 34.969799041748 34.9732055664062 35.0038948059082 34.9848709106445 34.968391418457 34.9729385375977 35.0385131835938 35.0480690002441 35.0051651000977 35.0240592956543 35.016300201416 35.0045166015625 34.9778480529785 34.9640998840332 34.9642677307129 34.9637641906738 34.9685516357422 34.9825706481934 34.9797439575195 34.9753532409668 34.9657325744629 34.9575271606445 34.9585914611816 34.962043762207 34.9640464782715 34.9658622741699 34.9666175842285 34.970832824707 34.9904937744141 35.0009727478027 35.0295066833496 35.0354118347168 35.0211791992188 35.0071868896484 34.9973983764648 34.9916763305664 34.9877433776855 34.987720489502 34.9929885864258 34.9936447143555 34.9947357177734 34.9950408935547 34.9978294372559
34.9865570068359 34.9789810180664 34.9600715637207 34.9546241760254 34.9584350585938 34.9648017883301 35.0464172363281 35.0349540710449 35.0105590820312 35.0051727294922 35.0012664794922 34.9989433288574 35.0046272277832 35.0075492858887 35.0181007385254 35.0192909240723 35.0214881896973 35.0007705688477 35.0096473693848 34.9660148620605 34.9650611877441 34.9642562866211 34.9627838134766 34.9671974182129 34.9681854248047 34.9615707397461 34.9613380432129 34.9632263183594 34.9652862548828 34.967227935791 35.0038948059082 35.0489616394043 35.0195274353027 35.0173797607422 35.014289855957 35.0156745910645 35.0261459350586 35.0207176208496 35.0052719116211 34.9974975585938 34.997241973877 34.9946594238281 34.9951591491699 34.996280670166 34.9956016540527 34.9943084716797 34.9959030151367
34.9600791931152 34.9608459472656 34.9559288024902 34.9727592468262 34.9850997924805 35.024600982666 35.0203018188477 35.0072708129883 34.9944610595703 34.9844856262207 34.987003326416 34.9899559020996 34.9931983947754 35.0006065368652 35.0051422119141 35.0056343078613 35.0069389343262 35.0083427429199 35.0190467834473 35.033260345459 35.0023078918457 34.9639434814453 34.9634857177734 34.9633750915527 34.9637145996094 34.9630813598633 34.9638481140137 34.9654121398926 34.9731979370117 35.0154304504395 35.0331420898438 35.007511138916 35.005500793457 35.0026359558105 34.9993553161621 35.0018577575684 35.0015487670898 35.0018768310547 35.0008430480957 35.0000343322754 35.0008926391602 34.9956092834473 34.9936103820801 34.9928359985352 34.9940528869629 34.9889068603516 34.9910774230957
34.9570579528809 34.9627990722656 35.0021858215332 35.0321426391602 35.0198364257812 35.0033073425293 34.9945602416992 34.9894752502441 34.9794006347656 34.9793968200684 34.9865417480469 34.9971389770508 34.993724822998 34.9962501525879 34.9978523254395 35.0005302429199 35.0036582946777 35.0079345703125 35.0115203857422 35.015983581543 35.0218849182129 34.9974594116211 34.9832611083984 35.0098037719727 34.998779296875 35.0042572021484 35.0149345397949 35.0065040588379 35.0226402282715 35.0104751586914 35.0063095092773 35.0006942749023 34.9963455200195 34.9939270019531 34.9923400878906 34.9891395568848 34.9902381896973 34.9894065856934 34.9920463562012 34.9957046508789 34.9988746643066 34.9934501647949 34.9912376403809 34.9879150390625 34.9874382019043 34.9885673522949 34.9870376586914
34.9812393188477 35.0188446044922 35.0368728637695 35.0160217285156 35.0007438659668 34.988639831543 34.9811553955078 34.9800109863281 34.9821929931641 34.9799499511719 34.9918746948242 34.9868392944336 34.9902038574219 34.9945449829102 34.9916725158691 34.9950256347656 34.9986152648926 34.9993286132812 35.0014839172363 35.0058822631836 35.0110893249512 35.014720916748 35.0173988342285 35.027042388916 35.0194358825684 35.0236930847168 35.0219497680664 35.0146522521973 35.0092315673828 35.0020713806152 34.9923439025879 34.9867248535156 34.9827003479004 34.9831848144531 34.9800910949707 34.9794540405273 34.9822196960449 34.9853706359863 34.9880981445312 34.9876747131348 34.9924545288086 34.9903526306152 34.9890556335449 34.9865913391113 34.9851417541504 34.9900321960449 34.9877090454102
35.0312118530273 35.0337829589844 35.0119934082031 34.9979133605957 34.9880561828613 34.9835472106934 34.9784851074219 34.9768028259277 34.9838256835938 34.9829902648926 34.9803619384766 34.9833641052246 34.9865760803223 34.9892120361328 34.9940986633301 34.9894638061523 34.9906616210938 34.9943313598633 34.9931106567383 34.9959945678711 34.9965934753418 35.0008735656738 35.0052680969238 35.0082778930664 35.0097427368164 35.008056640625 35.0077018737793 35.0069313049316 35.003116607666 34.9945602416992 34.9881935119629 34.9816436767578 34.978385925293 34.976921081543 34.9784355163574 34.9775161743164 34.9819984436035 34.9850425720215 34.987907409668 34.983097076416 34.9880561828613 34.9901733398438 34.9878387451172 34.9887809753418 34.9920310974121 34.9894332885742 34.991771697998
35.0179672241211 35.0081253051758 34.9957275390625 34.9879608154297 34.9832344055176 34.9805946350098 34.9768104553223 34.975772857666 34.9747734069824 34.9783706665039 34.9746246337891 34.9765014648438 34.9774131774902 34.9871253967285 34.9894676208496 34.9886436462402 34.9872093200684 34.986572265625 34.9879837036133 34.9884185791016 34.9910469055176 34.993522644043 34.9953117370605 34.9978294372559 34.9979286193848 35.0001068115234 35.0036468505859 35.0058708190918 35.0031547546387 34.9973907470703 34.9902534484863 34.9858436584473 34.9814910888672 34.9772758483887 34.9779396057129 34.9782600402832 34.974925994873 34.9802284240723 34.9849052429199 34.9834213256836 34.9856948852539 34.9898147583008 34.9894332885742 34.9888610839844 34.9894599914551 34.9886589050293 34.9919815063477
35.0045890808105 34.9948272705078 34.9879608154297 34.9856185913086 34.983325958252 34.979866027832 34.9761695861816 34.9782676696777 34.9738235473633 34.9769439697266 34.9769973754883 34.9811134338379 34.982063293457 34.9821128845215 34.9858894348145 34.9860801696777 34.9858436584473 34.9860725402832 34.9858474731445 34.9854469299316 34.9863090515137 34.988712310791 34.9907417297363 34.9922981262207 34.9916725158691 34.993034362793 34.9962997436523 35.0005073547363 35.0004730224609 34.9961700439453 34.9936904907227 34.9920654296875 34.9886016845703 34.9851455688477 34.9795761108398 34.9837265014648 34.9821891784668 34.9781036376953 34.9832649230957 34.984806060791 34.9882736206055 34.9884948730469 34.9907150268555 34.9864044189453 34.9861907958984 34.9894905090332 34.9932670593262
