Ecospace-environmental-drivers/Outputs/ASCII-for-ecospace/Sal-bot/Sal-bot_X2011.11.asc
NCOLS 131 
NROWS 53 
XLLCORNER -98 
YLLCORNER 23.9265270233154 
CELLSIZE 0.133587792515755 
NODATA_value -3.4e+38 
[rows 21 to 41 of 53, columns 47 to 93 of 131]
36.1741828918457 36.213249206543 36.2309799194336 36.2196617126465 36.1998977661133 36.1779975891113 36.1170845031738 36.117317199707 36.0560684204102 36.0131797790527 35.8467216491699 35.7589111328125 35.4766311645508 35.1062431335449 34.9635696411133 34.9055366516113 34.9305000305176 34.9274978637695 34.9287757873535 34.9340667724609 34.9860153198242 34.9844551086426 34.9623908996582 34.9610443115234 35.0391845703125 35.0485420227051 34.9917221069336 35.002254486084 35.027458190918 35.0963516235352 35.0953216552734 35.0572891235352 35.0811576843262 35.0745086669922 35.0679473876953 35.0510330200195 35.0388259887695 35.0254669189453 34.9599113464355 34.9273643493652 34.924201965332 34.928466796875 34.946418762207 34.993293762207 35.0661964416504 35.1645126342773 35.3350715637207
36.111888885498 36.0383338928223 36.0124473571777 36.0026206970215 36.0691909790039 35.9463729858398 35.5966911315918 35.7442359924316 35.5438995361328 35.2536659240723 35.1447982788086 35.0603942871094 35.0099716186523 34.9421043395996 34.9131011962891 34.9082260131836 34.9310989379883 34.9385528564453 34.9894828796387 34.97998046875 34.9807891845703 34.9854316711426 34.9645042419434 35.0424613952637 35.0240440368652 35.0131912231445 35.0063209533691 35.0047264099121 35.0495834350586 35.0656547546387 35.0646171569824 35.046989440918 35.056827545166 35.061466217041 35.0577049255371 35.0555877685547 35.0556793212891 35.0553245544434 35.061653137207 35.0463600158691 34.989330291748 34.9665184020996 34.9473648071289 34.9249496459961 34.942138671875 34.9767456054688 35.0351600646973
35.4980926513672 35.4316253662109 35.4929161071777 35.3578071594238 35.2998161315918 35.1707763671875 35.1936645507812 35.0447006225586 34.9499816894531 34.9281158447266 34.9196662902832 34.9222106933594 34.9171867370605 34.9110336303711 34.929386138916 34.9262390136719 34.9279670715332 34.9939384460449 34.9828300476074 34.9807205200195 34.9688339233398 34.9850845336914 34.9658546447754 35.0632820129395 35.014217376709 35.0105323791504 35.0126457214355 35.0222473144531 35.1008415222168 35.0687446594238 35.0549812316895 35.0589485168457 35.0614242553711 35.059154510498 35.0583000183105 35.0584678649902 35.0595321655273 35.0714225769043 35.1271514892578 35.1273002624512 35.1228485107422 35.1188926696777 35.058464050293 34.9822959899902 34.9361877441406 34.9196014404297 34.9550476074219
35.0224189758301 35.0177955627441 34.9928779602051 35.0082740783691 35.004711151123 34.9369239807129 34.9422988891602 34.9211349487305 34.9279251098633 34.91259765625 34.9200325012207 34.9109344482422 34.9261932373047 34.934398651123 34.9376106262207 34.928050994873 34.9880218505859 34.9956169128418 34.9955902099609 35.0038833618164 34.9841041564941 34.9787445068359 34.9600448608398 35.056583404541 35.0320281982422 35.0203247070312 35.0889434814453 35.0983390808105 35.0874290466309 35.0584564208984 35.0614051818848 35.0607604980469 35.0609664916992 35.056209564209 35.1018142700195 35.1149024963379 35.1252326965332 35.1227035522461 35.1299057006836 35.1298751831055 35.1296768188477 35.1293449401855 35.1293334960938 35.1156616210938 35.0361862182617 34.9618263244629 34.9266052246094
34.9229850769043 34.9425735473633 34.9326667785645 34.9311485290527 34.9344100952148 34.9233551025391 34.937141418457 34.9233245849609 34.9306983947754 34.9365692138672 34.9356918334961 34.9370727539062 34.934700012207 34.9321594238281 34.932201385498 34.9741477966309 34.9804916381836 34.9801635742188 35.0058212280273 34.989429473877 34.9698028564453 34.9611854553223 34.9582710266113 34.9657669067383 35.0447845458984 35.0198097229004 35.0276260375977 35.0899467468262 35.0779800415039 35.0641593933105 35.0621681213379 35.0634536743164 35.0607070922852 35.071418762207 35.1304740905762 35.1300430297852 35.1296997070312 35.1294441223145 35.1293334960938 35.1292266845703 35.1290817260742 35.1289520263672 35.1288108825684 35.1288642883301 35.128059387207 35.0597381591797 34.9586906433105
34.9510345458984 34.9379768371582 34.9331245422363 34.9814682006836 34.9790267944336 34.9485778808594 34.9489898681641 35.0223617553711 34.9385604858398 34.9688339233398 34.9393081665039 34.9636611938477 34.9285278320312 34.974552154541 34.9847145080566 34.9909439086914 34.9761505126953 34.9704551696777 34.9672203063965 34.9629058837891 34.957763671875 34.9581565856934 35.0441970825195 35.0655212402344 35.0492744445801 35.029411315918 35.0047378540039 35.0672378540039 35.0718421936035 35.0521125793457 35.0591354370117 35.0593032836914 35.0576820373535 35.1040306091309 35.1305847167969 35.1303634643555 35.1297645568848 35.1291465759277 35.1290397644043 35.1290664672852 35.1290664672852 35.1290626525879 35.1288185119629 35.1285400390625 35.1286582946777 35.1269073486328 35.0300559997559
34.9733047485352 34.9699020385742 34.980396270752 34.9906883239746 34.9807319641113 34.9853935241699 34.9862632751465 34.9930953979492 34.9756507873535 35.0053482055664 35.0061798095703 34.9887199401855 34.9867973327637 34.9786415100098 35.0236015319824 35.0223960876465 35.0575523376465 35.0534400939941 35.0190887451172 35.013427734375 34.957218170166 35.0482025146484 35.0323066711426 35.0167694091797 35.0222091674805 35.0160026550293 35.0047912597656 35.0902557373047 35.0732269287109 35.0584678649902 35.0487594604492 35.0587577819824 35.0567970275879 35.0535697937012 35.0766868591309 35.1305885314941 35.1301765441895 35.1295356750488 35.1290817260742 35.1287841796875 35.1284103393555 35.1284408569336 35.1286735534668 35.1284141540527 35.1282768249512 35.1287956237793 35.0886383056641
34.9699020385742 34.9784355163574 35.0041694641113 34.9714965820312 34.9726982116699 35.0075187683105 34.9917869567871 34.9765281677246 34.9773139953613 34.974063873291 34.9769554138184 34.9956207275391 35.01953125 35.0381469726562 35.0632400512695 35.0331535339355 35.0132789611816 35.0089988708496 35.0184593200684 35.0402793884277 35.0501403808594 35.044548034668 35.0183982849121 35.0043144226074 35.0291595458984 35.0564918518066 35.1016693115234 35.0754013061523 35.0589714050293 35.0561943054199 35.0490112304688 35.0530586242676 35.0514450073242 35.0504722595215 35.069953918457 35.0796432495117 35.1268997192383 35.1298904418945 35.1294212341309 35.1282424926758 35.1261749267578 35.1258163452148 35.1275100708008 35.1284828186035 35.1282348632812 35.1285591125488 35.1251564025879
34.9810752868652 34.9712448120117 34.9648666381836 34.9654235839844 34.9681358337402 34.9717826843262 34.9780960083008 34.990779876709 34.9825057983398 34.9830284118652 35.0386390686035 35.0333709716797 35.0207824707031 35.0316352844238 35.0148735046387 35.0006065368652 34.9900360107422 34.9903297424316 35.0072135925293 35.0032958984375 35.0132217407227 35.0286979675293 35.0233764648438 35.0119285583496 35.0959091186523 35.063720703125 35.0457954406738 35.0442810058594 35.0547294616699 35.0506401062012 35.0447006225586 35.0460243225098 35.0490493774414 35.0503311157227 35.0507698059082 35.0487594604492 35.1169815063477 35.1298866271973 35.1295127868652 35.1271095275879 35.124080657959 35.125244140625 35.1278190612793 35.1287651062012 35.1285018920898 35.1284599304199 35.1286735534668
34.9685478210449 34.9718437194824 35.057201385498 35.0474967956543 34.9625015258789 35.0302696228027 34.9659309387207 34.9723854064941 34.9716758728027 35.0240211486816 35.0213088989258 35.0298233032227 35.0705032348633 35.0357093811035 35.0114707946777 35.026741027832 35.0853385925293 35.0973243713379 35.0876121520996 35.0580062866211 34.9907073974609 35.0086784362793 35.0090980529785 35.0058135986328 35.088924407959 35.0758285522461 35.0561676025391 35.0555992126465 35.0527038574219 35.039608001709 35.0452842712402 35.0429229736328 35.0457458496094 35.0500373840332 35.050163269043 35.0458221435547 35.1068496704102 35.1298942565918 35.128475189209 35.1252593994141 35.1237640380859 35.1255989074707 35.1282005310059 35.1289978027344 35.1289253234863 35.1283531188965 35.1285247802734
35.0891876220703 34.9684028625488 35.0131034851074 35.0178565979004 34.9603538513184 34.9622116088867 34.9633827209473 34.9657783508301 34.9758567810059 35.0300178527832 35.0510787963867 35.0958976745605 35.1035194396973 35.0916061401367 35.0932464599609 35.0885391235352 35.0776748657227 35.0677261352539 35.0732841491699 35.0866775512695 35.0466918945312 35.0095176696777 35.0142860412598 35.0045776367188 35.0679512023926 35.0897636413574 35.0635681152344 35.0585174560547 35.0515098571777 35.0449485778809 35.0464897155762 35.0435829162598 35.0472755432129 35.0491218566895 35.0485801696777 35.0436630249023 35.115894317627 35.1292877197266 35.1265068054199 35.1247825622559 35.1240844726562 35.1261672973633 35.127758026123 35.1291427612305 35.1292190551758 35.1283264160156 35.1282272338867
34.9772567749023 34.9670944213867 34.9698905944824 35.030948638916 34.9625549316406 35.0332565307617 35.0649375915527 35.0492515563965 35.0254898071289 35.0916023254395 35.109130859375 35.1137962341309 35.1155700683594 35.1076774597168 35.0903816223145 35.0770454406738 35.066837310791 35.059944152832 35.0621452331543 35.0640678405762 35.0664367675781 35.064037322998 34.9915313720703 34.9938278198242 35.0263977050781 35.0874938964844 35.0806465148926 35.0520286560059 35.0555152893066 35.0476913452148 35.0475120544434 35.0492172241211 35.045711517334 35.0447235107422 35.0431442260742 35.039924621582 35.1154632568359 35.1295967102051 35.1285362243652 35.1268577575684 35.1266326904297 35.1279487609863 35.1288108825684 35.1298027038574 35.1290626525879 35.1281509399414 35.1279983520508
35.031322479248 35.0335311889648 35.0317039489746 35.0316276550293 35.0458602905273 35.046802520752 35.0440406799316 35.0636672973633 35.1000480651855 35.1045379638672 35.103458404541 35.1040420532227 35.1038398742676 35.0970458984375 35.0886383056641 35.0749588012695 35.0650177001953 35.0574798583984 35.054988861084 35.0547294616699 35.0564727783203 35.0763931274414 35.0850715637207 35.0882339477539 35.0975494384766 35.0821647644043 35.0720634460449 35.0629005432129 35.051872253418 35.0484733581543 35.0450286865234 35.0441513061523 35.0450286865234 35.0428047180176 35.0400009155273 35.0756988525391 35.13037109375 35.129753112793 35.128490447998 35.1264572143555 35.1261100769043 35.1279029846191 35.1282844543457 35.129955291748 35.1291732788086 35.1282997131348 35.1279830932617
35.0426979064941 35.0369834899902 35.0360984802246 35.0415649414062 35.048885345459 35.0411605834961 35.0777015686035 35.099178314209 35.0999755859375 35.0986289978027 35.120792388916 35.1315116882324 35.1169242858887 35.1242027282715 35.1217613220215 35.0960922241211 35.0744705200195 35.0558738708496 35.0504531860352 35.0471153259277 35.0464668273926 35.0497589111328 35.0678367614746 35.0589942932129 35.0623779296875 35.064079284668 35.0540733337402 35.049446105957 35.0427093505859 35.0451354980469 35.041259765625 35.044261932373 35.0647773742676 35.0921936035156 35.1195869445801 35.1304130554199 35.1302642822266 35.1300659179688 35.1292037963867 35.127986907959 35.1273193359375 35.1275901794434 35.12890625 35.1300888061523 35.1297569274902 35.1287841796875 35.1280403137207
35.0309944152832 35.0268859863281 35.0403022766113 35.0418968200684 35.0337829589844 35.0187835693359 35.120044708252 35.1293563842773 35.1289825439453 35.130126953125 35.1315574645996 35.1314315795898 35.1312065124512 35.1308097839355 35.1306648254395 35.1310081481934 35.1295013427734 35.1269721984863 35.0956687927246 35.0462951660156 35.0411796569824 35.0413665771484 35.0434951782227 35.0486640930176 35.048957824707 35.0474128723145 35.0465316772461 35.0447769165039 35.0438117980957 35.0416679382324 35.0678176879883 35.1262092590332 35.1302947998047 35.1303024291992 35.1301193237305 35.1302070617676 35.1301803588867 35.1301193237305 35.1302070617676 35.1302909851074 35.1300506591797 35.1292495727539 35.1294898986816 35.1299209594727 35.130313873291 35.1295394897461 35.1287612915039
35.0125389099121 35.0198249816895 35.0130386352539 35.0445404052734 35.0615119934082 35.1095924377441 35.1299743652344 35.1317176818848 35.1315307617188 35.1315727233887 35.1315650939941 35.1314697265625 35.1312980651855 35.1311264038086 35.1310005187988 35.1311264038086 35.1310195922852 35.1310005187988 35.1310005187988 35.1177711486816 35.0701141357422 35.0398254394531 35.0414161682129 35.0447540283203 35.0487823486328 35.0513610839844 35.0497436523438 35.0461807250977 35.0484046936035 35.0824317932129 35.1275749206543 35.1305656433105 35.130672454834 35.1305198669434 35.1301078796387 35.1301345825195 35.1303253173828 35.1305389404297 35.1306266784668 35.1305122375488 35.130313873291 35.1299819946289 35.1295585632324 35.1296310424805 35.1301574707031 35.1299057006836 35.1294136047363
35.0200843811035 35.0231094360352 35.0711898803711 35.1242790222168 35.1318550109863 35.1325988769531 35.1328964233398 35.1328163146973 35.1324691772461 35.1319465637207 35.1315155029297 35.1313209533691 35.1313209533691 35.131290435791 35.1312561035156 35.1312065124512 35.1311302185059 35.1310119628906 35.1310005187988 35.1309928894043 35.1309661865234 35.1106719970703 35.0734252929688 35.1003723144531 35.1019325256348 35.0877571105957 35.1009788513184 35.1002006530762 35.1199836730957 35.1305046081543 35.1307678222656 35.1307945251465 35.1305885314941 35.1303672790527 35.1298904418945 35.1296463012695 35.1297416687012 35.1302604675293 35.1307029724121 35.1306991577148 35.1306800842285 35.130500793457 35.1302757263184 35.1300773620605 35.1301345825195 35.1300430297852 35.1297149658203
35.0555992126465 35.0926170349121 35.1274185180664 35.1320724487305 35.1326370239258 35.1332473754883 35.1333770751953 35.1333084106445 35.1329803466797 35.1321716308594 35.131649017334 35.1312942504883 35.1312522888184 35.1311531066895 35.1310539245605 35.1310119628906 35.1310272216797 35.1310501098633 35.131046295166 35.1309776306152 35.1308326721191 35.1307487487793 35.1308212280273 35.1310119628906 35.1307640075684 35.1302185058594 35.1300926208496 35.1301193237305 35.1302604675293 35.1306076049805 35.1305122375488 35.1302719116211 35.1298065185547 35.129467010498 35.1291694641113 35.1291999816895 35.129451751709 35.1297798156738 35.1300811767578 35.1300964355469 35.1302261352539 35.130542755127 35.1306114196777 35.1304702758789 35.1300468444824 35.1297760009766 35.1294212341309
35.1259727478027 35.1321220397949 35.1320419311523 35.1322593688965 35.1330337524414 35.1338043212891 35.1340522766113 35.1337814331055 35.1333656311035 35.1328544616699 35.1323928833008 35.1319236755371 35.1316223144531 35.1314964294434 35.1315002441406 35.1312522888184 35.1310729980469 35.1305465698242 35.1301879882812 35.1302070617676 35.1307525634766 35.1308631896973 35.1310272216797 35.1309700012207 35.1306915283203 35.1304740905762 35.1304397583008 35.1304626464844 35.130428314209 35.1303482055664 35.1300239562988 35.1295700073242 35.1293907165527 35.1292114257812 35.1291046142578 35.1291465759277 35.129093170166 35.1291694641113 35.1292686462402 35.1292343139648 35.1292686462402 35.1294364929199 35.1296424865723 35.129566192627 35.128978729248 35.1281661987305 35.1274642944336
35.1319198608398 35.1321220397949 35.1320610046387 35.1326332092285 35.1336402893066 35.1341819763184 35.1344108581543 35.1340522766113 35.133918762207 35.1336097717285 35.1332130432129 35.1326866149902 35.1324081420898 35.132209777832 35.1319198608398 35.1317100524902 35.1304130554199 35.1272163391113 35.1267585754395 35.1274566650391 35.1297874450684 35.1308898925781 35.1309356689453 35.1307945251465 35.1305847167969 35.1304168701172 35.1302146911621 35.1301612854004 35.129955291748 35.1296310424805 35.1294021606445 35.1295280456543 35.1295585632324 35.1297187805176 35.1297378540039 35.1294860839844 35.1288528442383 35.1286239624023 35.1285438537598 35.1285514831543 35.128475189209 35.1283950805664 35.1282691955566 35.1276435852051 35.1265830993652 35.1255989074707 35.1247596740723
35.1318130493164 35.1319427490234 35.1326713562012 35.1334190368652 35.1339645385742 35.1346893310547 35.1345596313477 35.1342506408691 35.1344985961914 35.134449005127 35.1340065002441 35.1332740783691 35.1328964233398 35.1328964233398 35.1327171325684 35.1323661804199 35.1294898986816 35.124439239502 35.1228981018066 35.1239280700684 35.1289520263672 35.1301422119141 35.1305160522461 35.1305351257324 35.1304054260254 35.130802154541 35.1306190490723 35.1300773620605 35.129810333252 35.1297874450684 35.1299285888672 35.1300201416016 35.1302680969238 35.1303215026855 35.1302642822266 35.1297302246094 35.1276702880859 35.1264572143555 35.1258811950684 35.1259765625 35.1261749267578 35.1262435913086 35.1257591247559 35.125072479248 35.1244201660156 35.123664855957 35.1227684020996
