Ecospace-environmental-drivers/Outputs/ASCII-for-ecospace/Sal-bot/Sal-bot_X1994.08.asc
NCOLS 131 
NROWS 53 
XLLCORNER -98 
YLLCORNER 23.9265270233154 
CELLSIZE 0.133587792515755 
NODATA_value -3.4e+38 
[rows 21 to 41 of 53, columns 0 to 46 of 131]
-3.4e+38 -3.4e+38 -3.4e+38 -3.4e+38 -3.4e+38 -3.4e+38 35.8610687255859 35.7575721740723 35.5927352905273 35.3614273071289 35.3986015319824 35.4470481872559 35.5276641845703 35.4954681396484 35.4332046508789 35.4101676940918 35.4229469299316 35.4513778686523 35.4839134216309 35.5418395996094 35.5833396911621 35.5794143676758 35.573802947998 35.5275077819824 35.5347633361816 35.4933700561523 35.4614791870117 35.5164985656738 35.583423614502 35.6814918518066 35.7521095275879 35.7841300964355 35.8219184875488 35.8986968994141 36.0023002624512 36.081958770752 36.1415710449219 36.1595993041992 36.1804542541504 36.2167930603027 36.2505722045898 36.2602806091309 36.2533531188965 36.2361869812012 36.2249641418457 36.2307472229004 36.2175445556641
-3.4e+38 -3.4e+38 -3.4e+38 -3.4e+38 -3.4e+38 -3.4e+38 35.9694747924805 35.8561553955078 35.7575721740723 35.6592102050781 35.6594696044922 35.6594123840332 35.6245918273926 35.6393127441406 35.6928215026855 35.7104873657227 35.6814918518066 35.6732978820801 35.6856651306152 35.7256736755371 35.8336219787598 35.9344139099121 35.9975891113281 35.9898147583008 35.9597511291504 35.8905868530273 35.853931427002 35.9333381652832 35.9589233398438 36.0041465759277 36.0279579162598 36.1218872070312 36.1992645263672 36.226432800293 36.2773857116699 36.2915420532227 36.2873992919922 36.2808990478516 36.2681884765625 36.2460746765137 36.2851867675781 36.2903480529785 36.2447929382324 36.2770309448242 36.3109664916992 36.2934074401855 36.2819328308105
-3.4e+38 -3.4e+38 -3.4e+38 -3.4e+38 36.1194801330566 35.9807624816895 35.983470916748 35.9694747924805 35.841423034668 35.8020896911621 35.7687072753906 35.7603530883789 35.8593978881836 35.9183959960938 35.9385108947754 35.9015197753906 35.8552055358887 35.8467140197754 35.9250183105469 36.1035919189453 36.2202644348145 36.1567344665527 36.0055541992188 35.8845443725586 35.9810447692871 35.8698234558105 35.9255332946777 36.0474891662598 36.1805076599121 36.0993347167969 36.2455406188965 36.2762756347656 36.281421661377 36.1498947143555 36.2953720092773 36.2089614868164 36.0675582885742 36.0646362304688 35.895938873291 35.3879089355469 35.5312385559082 35.5048980712891 35.8265991210938 35.5917701721191 35.7933731079102 35.8556289672852 35.8793411254883
-3.4e+38 -3.4e+38 -3.4e+38 -3.4e+38 36.2512321472168 36.1264495849609 35.9807624816895 36.0001792907715 35.9109001159668 35.8544006347656 35.8365364074707 35.9360771179199 36.0137367248535 36.0874481201172 36.1352806091309 36.1500816345215 36.14208984375 35.9310264587402 35.8361511230469 35.6401023864746 35.3350601196289 35.1394195556641 35.1833877563477 35.2114677429199 35.2553062438965 35.2566223144531 35.3317031860352 35.2544250488281 35.3647384643555 35.3035469055176 35.4346466064453 35.6171493530273 35.6657333374023 35.7744064331055 35.9338493347168 35.8873252868652 35.9725952148438 35.7657775878906 35.4008750915527 35.0569496154785 35.0771751403809 35.1363983154297 35.1833305358887 35.1271553039551 35.085620880127 35.1464385986328 35.0744819641113
-3.4e+38 -3.4e+38 -3.4e+38 -3.4e+38 -3.4e+38 36.2512321472168 36.1473579406738 36.0379180908203 35.9413070678711 35.8745651245117 35.9514808654785 36.0402297973633 36.1420478820801 36.2386360168457 36.2413597106934 36.0516967773438 35.56201171875 35.1082153320312 35.0347366333008 34.9474945068359 34.9144821166992 34.9029846191406 34.908634185791 34.9238090515137 34.952709197998 34.9432258605957 34.956729888916 34.9791107177734 34.9731140136719 34.9914894104004 35.0096893310547 35.0704002380371 35.1082534790039 35.3226165771484 35.338493347168 35.4083480834961 35.3034629821777 35.1083106994629 34.9423370361328 34.9019546508789 34.955150604248 34.9545669555664 34.9238166809082 34.9227523803711 34.8989791870117 34.9172248840332 34.9194221496582
-3.4e+38 -3.4e+38 -3.4e+38 -3.4e+38 -3.4e+38 36.3695602416992 36.1395301818848 36.0042343139648 35.9273910522461 35.9452362060547 36.0365982055664 36.1363067626953 36.2572746276855 36.2090682983398 35.8410606384277 35.3952445983887 35.0105285644531 34.9086837768555 34.8971710205078 34.8924789428711 34.9095497131348 34.9080429077148 34.9139022827148 34.8974227905273 34.9201507568359 34.9033088684082 34.9058876037598 34.9100303649902 34.9174842834473 34.9240608215332 34.9178810119629 34.9386444091797 34.9807929992676 35.0104713439941 34.9845771789551 34.9998435974121 34.9763870239258 34.9393577575684 34.9107093811035 34.9068984985352 34.887508392334 34.9002418518066 34.8739242553711 34.8692512512207 34.8880348205566 34.8981475830078 34.9222602844238
-3.4e+38 -3.4e+38 36.8745613098145 36.8450393676758 36.5470008850098 36.3474273681641 36.0928382873535 35.9871788024902 35.958984375 36.0177841186523 36.1128883361816 36.2334289550781 36.230339050293 35.8266448974609 35.3304328918457 35.1009292602539 34.9155464172363 34.9046363830566 34.9143180847168 34.9231033325195 34.9181480407715 34.9175643920898 34.9178009033203 34.9178619384766 34.9175872802734 34.9126930236816 34.9689865112305 34.9833183288574 34.9654006958008 34.9222145080566 34.9095916748047 34.9176597595215 34.9049644470215 34.9236030578613 34.9072074890137 34.9179039001465 34.9056053161621 34.9000129699707 34.9059219360352 34.9269676208496 34.9130592346191 34.9131355285645 34.9299850463867 34.9366722106934 34.9208831787109 34.9240493774414 34.9469871520996
-339999999999999996128486808808066248288.000000000000000 -3.4e+38 -3.4e+38 -3.4e+38 36.8155174255371 36.3279342651367 36.0745697021484 36.0047302246094 35.9990653991699 36.0758323669434 36.1901016235352 36.2666358947754 35.9314231872559 35.3677444458008 35.0857162475586 34.9355621337891 34.8915023803711 34.9109840393066 34.9193267822266 34.931209564209 34.9221649169922 34.9338340759277 34.9305763244629 34.9293365478516 34.9126472473145 34.9113273620605 34.9558410644531 34.9226188659668 34.9955368041992 34.9360656738281 34.9259376525879 34.942512512207 34.9061241149902 34.8868522644043 34.8993873596191 34.9134979248047 34.9156532287598 34.9269599914551 34.9199562072754 34.9181976318359 34.9513816833496 34.951717376709 34.9563255310059 34.9483757019043 34.962890625 34.9643440246582 34.955493927002
-3.4e+38 -3.4e+38 -3.4e+38 -3.4e+38 36.5785942077637 36.2977867126465 36.0799293518066 36.0130996704102 36.0259132385254 36.1309242248535 36.2516250610352 36.1933250427246 35.5401229858398 35.1111831665039 34.9309272766113 34.8984565734863 34.880069732666 34.9088020324707 34.9209327697754 34.922550201416 34.9482231140137 34.9614639282227 34.9607467651367 34.9640007019043 34.9682731628418 34.9517059326172 34.9943008422852 34.9775352478027 35.0184707641602 34.9227600097656 34.9190940856934 34.9137878417969 34.9630126953125 34.9295349121094 34.9313507080078 34.9577941894531 34.9487991333008 34.9614677429199 34.9546356201172 34.960033416748 34.9584846496582 34.9531173706055 34.9600486755371 34.9722785949707 34.9619789123535 35.0055847167969 34.9795188903809
-3.4e+38 -3.4e+38 -3.4e+38 -3.4e+38 36.461483001709 36.2861213684082 36.0775299072266 36.0015640258789 36.0516967773438 36.1623878479004 36.2797622680664 35.9929809570312 35.2609062194824 34.9802398681641 34.9057769775391 34.8913421630859 34.9143333435059 34.9199066162109 34.9642028808594 34.9679756164551 34.9809379577637 34.9702453613281 34.9580612182617 34.9580192565918 35.0423393249512 34.9765586853027 34.9567565917969 35.0403785705566 35.0421524047852 34.9885406494141 34.9140205383301 34.9405670166016 34.9542083740234 34.9432983398438 34.9631843566895 34.9574317932129 34.9550857543945 34.9559516906738 34.9572982788086 34.9479827880859 34.9633979797363 34.9687118530273 34.9672622680664 34.9696235656738 34.965503692627 34.9656295776367 34.9663162231445
-3.4e+38 -3.4e+38 -3.4e+38 -3.4e+38 36.9387092590332 36.3127822875977 36.1014289855957 36.0117950439453 36.0632438659668 36.1622009277344 36.2795372009277 35.9603309631348 35.1945838928223 34.9527320861816 34.9044036865234 34.9185028076172 34.9325485229492 34.9465026855469 34.9723472595215 34.997314453125 34.991268157959 34.9983062744141 34.9707412719727 34.9636650085449 34.9922866821289 34.9683418273926 34.9319610595703 34.9540519714355 35.0087738037109 34.9616050720215 35.0097389221191 34.9970283508301 34.9555587768555 34.9580917358398 34.953971862793 34.9520530700684 34.9557876586914 34.9542350769043 34.9654693603516 34.9685249328613 34.9662857055664 34.9612350463867 34.957592010498 34.9585952758789 34.9621543884277 34.9567642211914 34.9552688598633
-3.4e+38 -3.4e+38 -3.4e+38 -3.4e+38 36.5729637145996 36.2815780639648 36.1582984924316 36.0472145080566 36.0780906677246 36.1593856811523 36.243824005127 36.1967887878418 35.2698249816895 34.9368896484375 34.8970375061035 34.9268951416016 34.9660415649414 34.9714622497559 34.9780502319336 34.9930648803711 34.9825630187988 34.9800910949707 34.9777183532715 34.9907569885254 34.9534683227539 34.9590072631836 34.9560012817383 34.959774017334 34.9563255310059 34.9502754211426 35.0311546325684 34.9535903930664 34.9480934143066 34.9690284729004 34.9877738952637 34.981273651123 34.9897117614746 34.9847717285156 34.9678153991699 34.9678344726562 34.9597702026367 34.9582481384277 35.0004806518555 34.956657409668 34.9583740234375 34.9553565979004 34.9530982971191
-3.4e+38 -3.4e+38 -3.4e+38 -3.4e+38 36.5868072509766 36.2270393371582 36.1835708618164 36.1102142333984 36.1099090576172 36.1614265441895 36.2263069152832 36.2838821411133 35.6166572570801 34.9478034973145 34.9059257507324 34.922664642334 34.9603080749512 34.9709854125977 34.9895858764648 34.9844093322754 34.973518371582 34.9714431762695 34.9717712402344 34.9745635986328 34.9755821228027 34.9769515991211 34.9827537536621 34.9644813537598 34.9856033325195 35.0056953430176 35.0034637451172 34.9632759094238 34.968189239502 34.9685821533203 34.9669227600098 34.9677543640137 34.9627418518066 34.9651832580566 34.9621124267578 35.052417755127 34.9672889709473 34.9742813110352 35.0184097290039 35.043628692627 34.9953727722168 34.9566268920898 34.9661331176758
-3.4e+38 -3.4e+38 -3.4e+38 -3.4e+38 -3.4e+38 36.106746673584 36.1591682434082 36.166820526123 36.1719245910645 36.2062721252441 36.2502403259277 36.2853317260742 35.9783706665039 34.9743041992188 34.9087905883789 34.919677734375 34.9569625854492 34.9693946838379 34.9824295043945 34.98095703125 34.9724731445312 34.9673614501953 34.9683265686035 34.9679374694824 34.9638862609863 34.98974609375 34.967643737793 34.9562225341797 34.9639511108398 34.9733734130859 34.9700889587402 34.9675483703613 34.9632110595703 34.9600524902344 34.9708671569824 34.9554595947266 34.9569778442383 34.9544410705566 34.9580879211426 34.9584121704102 34.985179901123 35.0160675048828 35.0214767456055 34.9660758972168 35.0075836181641 34.9764213562012 34.9737319946289
-3.4e+38 -3.4e+38 -3.4e+38 -3.4e+38 -3.4e+38 32.2550277709961 36.0843200683594 36.1983337402344 36.2089347839355 36.251106262207 36.2904205322266 36.3105659484863 36.0444221496582 34.999095916748 34.9081077575684 34.9206657409668 34.9377670288086 34.9708213806152 34.9823799133301 34.9783325195312 34.9707298278809 34.9669494628906 34.9689636230469 34.9660415649414 34.9697494506836 35.0320472717285 35.0053367614746 34.9843139648438 34.9934616088867 34.9595069885254 34.9553375244141 34.9534912109375 34.9537010192871 34.9564170837402 35.0037689208984 34.9823150634766 34.9639625549316 34.9513130187988 34.9566078186035 34.9540328979492 34.9551773071289 35.0349884033203 35.0274810791016 35.0030479431152 34.9745941162109 34.9685363769531 34.9664764404297
-3.4e+38 -3.4e+38 -3.4e+38 -3.4e+38 -3.4e+38 31.0375080108643 35.9564476013184 36.2317161560059 36.2652854919434 36.2853698730469 36.3453941345215 36.3463478088379 35.8844223022461 34.9696998596191 34.9094352722168 34.9227294921875 34.9273796081543 34.944637298584 34.9840469360352 34.9703483581543 34.963249206543 34.9667625427246 34.9587554931641 34.9931373596191 35.0232582092285 35.0151977539062 35.006046295166 34.9923324584961 34.9945602416992 34.9985542297363 35.0121994018555 35.0009002685547 34.9839477539062 34.9950408935547 35.0222282409668 35.0103530883789 34.9745635986328 34.9737091064453 34.9833374023438 34.981876373291 34.9886741638184 34.9878959655762 34.9833106994629 34.9835319519043 34.9675331115723 34.9642906188965 34.9865760803223
-3.4e+38 -3.4e+38 -3.4e+38 -3.4e+38 -3.4e+38 -3.4e+38 36.1297874450684 36.2416648864746 36.2831535339355 36.3130950927734 36.3852691650391 36.3654747009277 35.9153137207031 35.0129699707031 34.9151306152344 34.9343872070312 34.9242706298828 34.9442596435547 34.9892196655273 34.9668121337891 34.9615440368652 34.9670600891113 34.9843673706055 35.0060157775879 35.0128402709961 35.0364151000977 35.0014114379883 35.0360717773438 35.0418510437012 35.037956237793 35.0358390808105 35.0241050720215 35.0099906921387 35.0202560424805 35.0310516357422 35.0407066345215 35.033203125 35.013542175293 34.9786796569824 34.9653549194336 34.9623336791992 34.9640007019043 34.9668846130371 34.9664726257324 34.9717063903809 34.9653244018555 34.9651489257812
-3.4e+38 -3.4e+38 -3.4e+38 -3.4e+38 -3.4e+38 -3.4e+38 36.1739158630371 36.2454452514648 36.2865982055664 36.350658416748 36.3913154602051 36.3606834411621 35.8199272155762 35.0352478027344 34.9109573364258 34.9272499084473 34.9206161499023 34.9362144470215 34.9721488952637 34.9629287719727 34.9629440307617 34.9786720275879 34.9931259155273 35.0334281921387 35.0260047912598 35.0194206237793 35.0170745849609 35.0313949584961 35.0236511230469 35.0265426635742 35.0174827575684 35.0127830505371 35.0116958618164 35.020679473877 35.0204429626465 35.018497467041 35.0179443359375 35.0205039978027 35.031608581543 35.017578125 34.9808387756348 34.9757766723633 34.9759216308594 34.9951324462891 34.975700378418 34.9939575195312 34.9795951843262
-3.4e+38 -3.4e+38 -3.4e+38 -3.4e+38 -3.4e+38 -3.4e+38 36.2148513793945 36.2467651367188 36.3053016662598 36.3720932006836 36.3743019104004 36.3275146484375 35.7124900817871 34.9739151000977 34.9191436767578 34.9495277404785 34.9426116943359 34.9486846923828 34.9674110412598 34.9639472961426 34.9914970397949 35.0108299255371 35.0144577026367 35.0284080505371 35.0274353027344 35.0235214233398 35.0235557556152 35.0225524902344 35.0203323364258 35.012996673584 35.0053253173828 35.0029563903809 35.0055503845215 35.0094032287598 35.011905670166 35.0100860595703 35.0078163146973 35.0093955993652 35.0153121948242 35.0185279846191 35.0205726623535 35.0166549682617 35.0326957702637 35.0128936767578 35.0120124816895 35.0194396972656 35.0190734863281
-3.4e+38 -3.4e+38 -3.4e+38 -3.4e+38 -3.4e+38 36.373722076416 36.1866264343262 36.254264831543 36.3327484130859 36.3714714050293 36.3563346862793 36.2771873474121 35.5504302978516 34.9501838684082 34.9455528259277 34.9526405334473 34.9499816894531 34.9538764953613 34.9644203186035 34.9660758972168 34.9972152709961 35.0155944824219 35.0256195068359 35.0197982788086 35.014232635498 35.0107269287109 35.0104217529297 35.0090560913086 35.0064163208008 35.0013389587402 34.9958190917969 34.9946670532227 34.996467590332 34.9991722106934 35.0018653869629 35.0016555786133 35.0003814697266 35.000301361084 35.0029220581055 35.0057182312012 35.0081977844238 35.0123596191406 35.029712677002 35.0508689880371 35.0484466552734 35.0305290222168 35.0232124328613
-3.4e+38 -3.4e+38 -3.4e+38 -3.4e+38 36.7148818969727 36.4266929626465 36.1880645751953 36.2797660827637 36.344108581543 36.3556632995605 36.3415870666504 36.1113471984863 35.3301963806152 34.9372177124023 34.9444923400879 34.9413108825684 34.9339065551758 34.9520149230957 34.9686813354492 34.962718963623 35.0204849243164 35.0235900878906 35.0180625915527 35.0091896057129 35.0026016235352 34.9984588623047 34.9975891113281 34.9965209960938 34.9972534179688 34.9912605285645 34.988941192627 34.9891548156738 34.9908027648926 34.99267578125 34.9938621520996 34.9944686889648 34.9946098327637 34.9939384460449 34.9938621520996 34.9948081970215 34.9965400695801 35.0006332397461 35.0093803405762 35.016716003418 35.0223121643066 35.025089263916 35.020092010498
