Ecospace-environmental-drivers/Outputs/ASCII-for-ecospace/Sal-bot/Sal-bot_X2019.08.asc
NCOLS 131 
NROWS 53 
XLLCORNER -98 
YLLCORNER 23.9265270233154 
CELLSIZE 0.133587792515755 
NODATA_value -3.4e+38 
[rows 21 to 41 of 53, columns 47 to 93 of 131]
36.3195419311523 36.3395080566406 36.3480377197266 36.3477478027344 36.3470420837402 36.3516273498535 36.3354454040527 36.3551139831543 36.3200569152832 36.2753601074219 36.0977058410645 35.9776611328125 35.7339057922363 35.3445129394531 35.0478096008301 34.9625244140625 34.9621047973633 34.9425621032715 34.9408531188965 34.9444160461426 34.9736671447754 34.9831199645996 34.9805450439453 34.9805183410645 35.0487060546875 35.076602935791 35.0488014221191 35.0452651977539 35.0718269348145 35.1628875732422 35.1570434570312 35.1345825195312 35.1294021606445 35.1242942810059 35.1248588562012 35.1220474243164 35.0997886657715 35.0469017028809 34.9507446289062 34.9220199584961 34.9398536682129 34.9552307128906 35.0024719238281 35.0473976135254 35.1114501953125 35.2374687194824 35.3764686584473
36.3144264221191 36.3065567016602 36.2805252075195 36.2651252746582 36.2756690979004 36.1609268188477 35.9377746582031 35.9875640869141 35.7760124206543 35.4477615356445 35.2945404052734 35.2273559570312 35.13671875 35.0641326904297 34.9556694030762 34.9446029663086 34.9698143005371 34.9446754455566 34.9799880981445 34.9673004150391 34.9683647155762 34.9849090576172 34.9837532043457 35.054027557373 35.0520057678223 35.0541458129883 35.044734954834 35.0426292419434 35.1097106933594 35.1465339660645 35.1326637268066 35.1252250671387 35.1144943237305 35.1061058044434 35.1104125976562 35.1042785644531 35.1058616638184 35.1248970031738 35.1110496520996 35.0633888244629 35.0060043334961 34.9679870605469 34.9406852722168 34.9521369934082 34.9776763916016 35.0060272216797 35.0507507324219
35.6726112365723 35.6421546936035 35.7140769958496 35.5564384460449 35.454460144043 35.292064666748 35.3300514221191 35.137939453125 35.039665222168 35.0322418212891 34.9942741394043 34.9761657714844 34.9930076599121 34.9633560180664 34.9657020568848 34.9577941894531 34.952018737793 34.9974517822266 34.9662437438965 34.9602661132812 34.9615287780762 34.9853172302246 34.9786491394043 35.0699729919434 35.0433654785156 35.0427703857422 35.0413780212402 35.063289642334 35.1674003601074 35.1357536315918 35.1256561279297 35.1143608093262 35.0982322692871 35.0940971374512 35.0954856872559 35.0961799621582 35.0920600891113 35.1176681518555 35.1698036193848 35.1609573364258 35.1424217224121 35.1508903503418 35.1048622131348 34.9960632324219 34.9408645629883 34.9235305786133 34.9607925415039
35.0801239013672 35.082447052002 35.0449638366699 35.0737228393555 35.0426406860352 34.9726982116699 34.9758415222168 34.9761390686035 34.9679718017578 34.9545860290527 34.9485931396484 34.942684173584 34.9614753723145 34.9546318054199 34.9714698791504 34.9484786987305 34.9821014404297 34.9836845397949 34.9638366699219 34.9931182861328 34.9789428710938 34.9820404052734 34.9761085510254 35.0528602600098 35.0428695678711 35.0598526000977 35.1503982543945 35.1596336364746 35.1450271606445 35.1295509338379 35.1226463317871 35.1180610656738 35.114501953125 35.116081237793 35.1256332397461 35.138599395752 35.157844543457 35.1626205444336 35.1737518310547 35.1673622131348 35.1716690063477 35.1743049621582 35.1706924438477 35.1604995727539 35.0713653564453 34.9671058654785 34.923999786377
34.928337097168 34.9497871398926 34.9395484924316 34.9427070617676 34.9544334411621 34.9431838989258 34.9733047485352 34.9541893005371 34.9542198181152 34.9617462158203 34.9560317993164 34.9587173461914 34.9442710876465 34.9361038208008 34.9395599365234 34.9619026184082 34.9753379821777 34.975040435791 34.9925193786621 34.9795227050781 34.9729385375977 34.9732513427734 34.9736251831055 34.9835624694824 35.0505409240723 35.038875579834 35.0569801330566 35.1546058654785 35.1421356201172 35.1245994567871 35.1132049560547 35.1068649291992 35.1051368713379 35.1246109008789 35.1558570861816 35.1685447692871 35.1750297546387 35.1795921325684 35.1742935180664 35.1750030517578 35.1792945861816 35.179370880127 35.1779975891113 35.1760444641113 35.1724967956543 35.0897750854492 34.9621887207031
34.9504623413086 34.9452667236328 34.9509162902832 34.9946823120117 34.9833717346191 34.9591903686523 34.9733772277832 35.0627136230469 34.9452247619629 34.9574851989746 34.9342956542969 34.9528694152832 34.9284934997559 34.9647598266602 34.9713401794434 34.9801330566406 34.9770164489746 34.9769554138184 34.9770927429199 34.9764938354492 34.9755973815918 34.9743843078613 35.0620956420898 35.0692100524902 35.0516967773438 35.0411033630371 35.0387573242188 35.1199569702148 35.1384887695312 35.1240692138672 35.1079254150391 35.0997009277344 35.0984535217285 35.1455726623535 35.1720314025879 35.1887741088867 35.187557220459 35.1838607788086 35.1764793395996 35.1764030456543 35.1785469055176 35.1813774108887 35.1800498962402 35.177318572998 35.1737251281738 35.1692581176758 35.0551567077637
34.9789962768555 34.9783401489258 35.0014724731445 35.0220603942871 34.9939002990723 34.9899368286133 34.9884490966797 34.9986305236816 34.963737487793 34.9777526855469 34.9833793640137 34.9756660461426 34.9755821228027 34.9766082763672 35.0266151428223 35.0466842651367 35.074390411377 35.0691337585449 35.043815612793 35.0279922485352 34.9772605895996 35.0671005249023 35.0519981384277 35.0465278625488 35.0451698303223 35.0437927246094 35.0402145385742 35.1438598632812 35.1385040283203 35.1237602233887 35.1137161254883 35.1066589355469 35.1142158508301 35.1038246154785 35.1264419555664 35.1889495849609 35.1917114257812 35.1873931884766 35.178050994873 35.1796722412109 35.1791000366211 35.1808052062988 35.181022644043 35.177677154541 35.1736526489258 35.1698188781738 35.1214714050293
34.9787254333496 34.9991645812988 35.0363807678223 34.9902801513672 34.9835433959961 35.0058517456055 34.994743347168 34.9773406982422 34.9750061035156 34.9668502807617 34.9778594970703 35.0017433166504 35.0287437438965 35.048900604248 35.0773773193359 35.0618209838867 35.0524711608887 35.0509796142578 35.0547332763672 35.0711708068848 35.0772743225098 35.0675048828125 35.0538482666016 35.0498695373535 35.0660285949707 35.1195487976074 35.1568946838379 35.1477088928223 35.1349830627441 35.1225128173828 35.110034942627 35.1050720214844 35.1090774536133 35.098274230957 35.1161689758301 35.1279563903809 35.1889266967773 35.1908721923828 35.1875267028809 35.1830558776855 35.1812438964844 35.1820526123047 35.179759979248 35.1761741638184 35.1737289428711 35.1697120666504 35.1631469726562
35.0024681091309 35.0003204345703 34.9975852966309 34.9960556030273 34.9941329956055 34.9924201965332 34.9904937744141 34.989688873291 34.9894218444824 34.9990043640137 35.0522041320801 35.061767578125 35.0549430847168 35.050365447998 35.0454063415527 35.0417747497559 35.0414047241211 35.0429611206055 35.0431671142578 35.0460090637207 35.0515670776367 35.0586013793945 35.0544967651367 35.0513648986816 35.1487464904785 35.1298561096191 35.1347885131836 35.1370849609375 35.1273078918457 35.1141662597656 35.1029777526855 35.0953369140625 35.0941543579102 35.092716217041 35.0905532836914 35.0936126708984 35.1775207519531 35.1924514770508 35.1903953552246 35.1847877502441 35.1813621520996 35.1780166625977 35.1757278442383 35.1745719909668 35.1727027893066 35.1686096191406 35.1643714904785
35.0017280578613 35.009880065918 35.1098594665527 35.0813179016113 34.9974708557129 35.0580101013184 34.9933700561523 34.9908027648926 34.9883422851562 35.0516052246094 35.0593109130859 35.0851745605469 35.127269744873 35.0740127563477 35.0711212158203 35.0661544799805 35.1356315612793 35.1509971618652 35.1472358703613 35.1156845092773 35.0420379638672 35.0452156066895 35.0481491088867 35.0475540161133 35.1452598571777 35.1389427185059 35.1373138427734 35.1316680908203 35.1219673156738 35.1112632751465 35.101390838623 35.0946807861328 35.0955200195312 35.0969848632812 35.096305847168 35.0989570617676 35.1676483154297 35.1921463012695 35.187744140625 35.1823654174805 35.1793632507324 35.1782302856445 35.1768836975098 35.1746101379395 35.1712036132812 35.1678771972656 35.1646766662598
35.1322135925293 35.0115547180176 35.066276550293 35.0532913208008 34.99072265625 34.9935874938965 34.9935607910156 34.9909515380859 34.9979057312012 35.0700645446777 35.1009979248047 35.153018951416 35.1432151794434 35.1347808837891 35.1402702331543 35.1383895874023 35.1310119628906 35.1264877319336 35.132194519043 35.1562843322754 35.1042175292969 35.0410461425781 35.0384407043457 35.0419807434082 35.1182632446289 35.1506881713867 35.1347274780273 35.1258888244629 35.1168327331543 35.1096801757812 35.1031951904297 35.099422454834 35.1007347106934 35.1029167175293 35.1050262451172 35.1043128967285 35.1784973144531 35.1918754577637 35.1855812072754 35.1845054626465 35.1862373352051 35.1849975585938 35.1799850463867 35.1746406555176 35.170783996582 35.1688537597656 35.1679267883301
35.0095710754395 35.0009613037109 35.0006408691406 35.0680999755859 34.9862823486328 35.067024230957 35.0798721313477 35.0710067749023 35.0465698242188 35.1457786560059 35.1410636901855 35.1234436035156 35.1157073974609 35.1088218688965 35.1106986999512 35.108528137207 35.1116943359375 35.1109848022461 35.1195297241211 35.1303787231445 35.1404571533203 35.1285285949707 35.0397720336914 35.0394248962402 35.0801010131836 35.1536140441895 35.1453475952148 35.1309928894043 35.1232566833496 35.1147308349609 35.1091384887695 35.1066017150879 35.1058044433594 35.1055107116699 35.1065521240234 35.1052055358887 35.1787376403809 35.1924858093262 35.1913223266602 35.191780090332 35.1910133361816 35.1890678405762 35.1855354309082 35.1818809509277 35.1788940429688 35.177188873291 35.1759300231934
35.0635299682617 35.0714416503906 35.077507019043 35.0689468383789 35.0596313476562 35.072582244873 35.0674705505371 35.085693359375 35.1355667114258 35.1226119995117 35.108959197998 35.1020812988281 35.1000061035156 35.0938148498535 35.0930709838867 35.0977745056152 35.1035537719727 35.1053733825684 35.1157188415527 35.1216850280762 35.1282997131348 35.1447792053223 35.1415519714355 35.1487808227539 35.1579742431641 35.1509819030762 35.1425361633301 35.1327133178711 35.1250305175781 35.1175193786621 35.1106414794922 35.1070251464844 35.1059532165527 35.1054725646973 35.106086730957 35.141529083252 35.1931190490723 35.1931190490723 35.192626953125 35.1918334960938 35.1907386779785 35.1906623840332 35.1909599304199 35.1906585693359 35.188663482666 35.1855201721191 35.1829833984375
35.0630683898926 35.0629043579102 35.0658798217773 35.0675849914551 35.0674819946289 35.0612449645996 35.1103973388672 35.1170234680176 35.1131134033203 35.1195983886719 35.1696739196777 35.1915550231934 35.1612434387207 35.171875 35.1601676940918 35.1338653564453 35.1113662719727 35.1022033691406 35.1072731018066 35.1133499145508 35.122631072998 35.1307411193848 35.1403884887695 35.1398468017578 35.141471862793 35.139476776123 35.1318244934082 35.1248779296875 35.1186180114746 35.1120376586914 35.1078147888184 35.1096267700195 35.1291542053223 35.1560401916504 35.182674407959 35.193115234375 35.1931762695312 35.1931953430176 35.1929740905762 35.1927490234375 35.1925354003906 35.1922492980957 35.1922607421875 35.1918067932129 35.1907005310059 35.186408996582 35.1839256286621
35.0552635192871 35.0563163757324 35.0543670654297 35.0577430725098 35.052173614502 35.0391387939453 35.1556129455566 35.1875534057617 35.1880264282227 35.1860809326172 35.1863212585449 35.1877365112305 35.1876792907715 35.1868057250977 35.1878356933594 35.1823387145996 35.1852684020996 35.1865463256836 35.1527366638184 35.1072273254395 35.117000579834 35.1234855651855 35.1275672912598 35.1311988830566 35.1292724609375 35.1242752075195 35.1200370788574 35.1154632568359 35.1119766235352 35.1093139648438 35.1342468261719 35.189136505127 35.1930961608887 35.1931076049805 35.1931076049805 35.1931419372559 35.1931610107422 35.1931915283203 35.1931991577148 35.1931571960449 35.1929664611816 35.1924667358398 35.1916809082031 35.1907272338867 35.1895561218262 35.1842155456543 35.1808738708496
35.0473175048828 35.0442810058594 35.0401840209961 35.0698165893555 35.089729309082 35.1421928405762 35.1719551086426 35.1836929321289 35.1842231750488 35.1779289245605 35.1740608215332 35.1768074035645 35.1812896728516 35.183780670166 35.1838874816895 35.1823692321777 35.1808128356934 35.1847343444824 35.1881294250488 35.1788215637207 35.1356201171875 35.1138877868652 35.1158294677734 35.1160659790039 35.1149215698242 35.113826751709 35.112174987793 35.1093864440918 35.112865447998 35.1474609375 35.1903076171875 35.1930236816406 35.1930160522461 35.1930046081543 35.1930160522461 35.1930351257324 35.1930465698242 35.1930618286133 35.1930999755859 35.1930770874023 35.1928863525391 35.1914825439453 35.1896781921387 35.1879730224609 35.1851577758789 35.1819610595703 35.181640625
35.0390357971191 35.0412178039551 35.111457824707 35.1639175415039 35.1694984436035 35.1725921630859 35.176929473877 35.17724609375 35.1765327453613 35.1768035888672 35.1761436462402 35.1768531799316 35.1774635314941 35.1783638000488 35.1771354675293 35.1769409179688 35.1774978637695 35.1799087524414 35.1838836669922 35.1878318786621 35.1897163391113 35.1720695495605 35.1380844116211 35.1604156494141 35.1619262695312 35.1473579406738 35.162239074707 35.1623382568359 35.1827201843262 35.1929702758789 35.1928749084473 35.1929473876953 35.1930046081543 35.1930236816406 35.1930541992188 35.1930732727051 35.193058013916 35.1930351257324 35.1930160522461 35.193000793457 35.192943572998 35.1921119689941 35.1899375915527 35.1880798339844 35.1863861083984 35.1852912902832 35.184139251709
35.0844688415527 35.1290893554688 35.1615600585938 35.1674194335938 35.170036315918 35.1750907897949 35.1771774291992 35.1767425537109 35.1779823303223 35.1777801513672 35.1771354675293 35.1756935119629 35.1734924316406 35.1722450256348 35.1727638244629 35.172908782959 35.1722831726074 35.1714744567871 35.1752967834473 35.1801490783691 35.1843872070312 35.187629699707 35.1894645690918 35.1898994445801 35.191463470459 35.1929054260254 35.1929626464844 35.1929702758789 35.1929893493652 35.1928901672363 35.1928176879883 35.1930046081543 35.1932258605957 35.1934700012207 35.1934776306152 35.1935119628906 35.1934204101562 35.1933250427246 35.1932411193848 35.1931037902832 35.1929740905762 35.1928253173828 35.1921768188477 35.1913566589355 35.1902122497559 35.188117980957 35.1821899414062
35.1463966369629 35.157787322998 35.1634407043457 35.1686782836914 35.1718444824219 35.1755104064941 35.1772041320801 35.178394317627 35.1804161071777 35.1766242980957 35.1696891784668 35.1651000976562 35.1656379699707 35.1654815673828 35.1656799316406 35.1660270690918 35.1661109924316 35.1666145324707 35.171688079834 35.1772346496582 35.180591583252 35.1865730285645 35.1906509399414 35.1918640136719 35.1926651000977 35.193000793457 35.193000793457 35.1930809020996 35.1930770874023 35.1930122375488 35.1929779052734 35.1931381225586 35.1935577392578 35.1936149597168 35.1936950683594 35.1937103271484 35.1935844421387 35.1932563781738 35.1923561096191 35.1921844482422 35.1919746398926 35.1908645629883 35.1878929138184 35.1846160888672 35.1811218261719 35.1760444641113 35.1698760986328
35.1623039245605 35.1673316955566 35.1669692993164 35.1706466674805 35.1736526489258 35.1766242980957 35.1785774230957 35.1817169189453 35.1811103820801 35.1723556518555 35.1639366149902 35.1594314575195 35.1596488952637 35.1602516174316 35.1600952148438 35.1625099182129 35.1664390563965 35.1698760986328 35.1747131347656 35.178295135498 35.1803665161133 35.1858673095703 35.1902694702148 35.1912307739258 35.1917266845703 35.192626953125 35.1933860778809 35.1933898925781 35.1933250427246 35.1932258605957 35.1932220458984 35.193603515625 35.1938667297363 35.1939468383789 35.1939811706543 35.1938095092773 35.1932563781738 35.1922645568848 35.1921005249023 35.1914482116699 35.1880950927734 35.1824722290039 35.1774024963379 35.1734237670898 35.170482635498 35.1675300598145 35.1664810180664
35.178295135498 35.1779632568359 35.1779365539551 35.1777420043945 35.1791839599609 35.1816787719727 35.1848754882812 35.1869430541992 35.1828804016113 35.1711387634277 35.1639785766602 35.1605834960938 35.159366607666 35.1589241027832 35.1592102050781 35.1648712158203 35.1720962524414 35.1770629882812 35.1797943115234 35.1807746887207 35.182258605957 35.1855201721191 35.1870231628418 35.1860389709473 35.187671661377 35.1916198730469 35.1937561035156 35.1938285827637 35.1937713623047 35.1936874389648 35.1938934326172 35.1939964294434 35.1940002441406 35.1940002441406 35.193977355957 35.1933937072754 35.192554473877 35.1932067871094 35.1930236816406 35.189826965332 35.183708190918 35.1785354614258 35.1727561950684 35.1693687438965 35.1683616638184 35.1668853759766 35.1671485900879
