Ecospace-environmental-drivers/Outputs/ASCII-for-ecospace/Sal-bot/Sal-bot_X2010.11.asc
NCOLS 131 
NROWS 53 
XLLCORNER -98 
YLLCORNER 23.9265270233154 
CELLSIZE 0.133587792515755 
NODATA_value -3.4e+38 
[rows 21 to 41 of 53, columns 0 to 46 of 131]
-3.4e+38 -3.4e+38 -3.4e+38 -3.4e+38 -3.4e+38 -3.4e+38 33.0683403015137 32.8801231384277 32.8198776245117 32.3460693359375 32.8102111816406 33.2535018920898 33.6717224121094 33.9751930236816 34.2520446777344 34.4660758972168 34.6375732421875 34.7972984313965 34.966007232666 35.1495056152344 35.4078063964844 35.5862922668457 35.6580657958984 35.5977630615234 35.6009178161621 35.5980377197266 35.6595764160156 35.7959365844727 35.926456451416 36.1546401977539 36.2108612060547 36.2066497802734 36.1648597717285 36.1496086120605 36.1651725769043 36.219612121582 36.2467880249023 36.2471160888672 36.239143371582 36.2356948852539 36.2395553588867 36.2257957458496 36.2179222106934 36.239574432373 36.2371215820312 36.2348670959473 36.230525970459
-3.4e+38 -3.4e+38 -3.4e+38 -3.4e+38 -3.4e+38 -3.4e+38 33.1510009765625 33.173900604248 32.8801231384277 33.2334403991699 33.7574081420898 34.1568832397461 34.5138282775879 34.8644561767578 35.1502113342285 35.3177032470703 35.408390045166 35.4678115844727 35.5567932128906 35.7193183898926 35.9981689453125 36.1356773376465 36.1954803466797 36.1996612548828 36.1494140625 36.0901107788086 36.0883865356445 36.190544128418 36.2334518432617 36.2532196044922 36.2489013671875 36.2634315490723 36.2802352905273 36.2747917175293 36.2672004699707 36.2676849365234 36.2532424926758 36.2504806518555 36.2345275878906 36.1991577148438 36.2421684265137 36.2547874450684 36.1900024414062 36.2193183898926 36.2499160766602 36.2355461120605 36.2221450805664
-3.4e+38 -3.4e+38 -3.4e+38 -3.4e+38 33.5010070800781 33.3329772949219 33.3721084594727 33.1510009765625 33.4905815124512 34.0499000549316 34.5115661621094 34.9138870239258 35.4333419799805 35.8224868774414 35.9519996643066 35.775447845459 35.806396484375 35.7524642944336 35.8462028503418 36.1326332092285 36.1315422058105 36.0459327697754 35.9752502441406 35.8689460754395 35.9325141906738 35.8683128356934 35.8918571472168 36.0083389282227 36.1284523010254 36.1060485839844 36.2012786865234 36.2317695617676 36.2370147705078 36.1061134338379 36.2360877990723 36.151123046875 36.0403137207031 36.0601615905762 35.8892059326172 35.4584503173828 35.5611457824707 35.5496063232422 35.8602638244629 35.6390724182129 35.7941055297852 35.8423881530762 35.9236068725586
-3.4e+38 -3.4e+38 -3.4e+38 -3.4e+38 33.6212005615234 33.5488471984863 33.3329772949219 33.6323509216309 34.1747093200684 34.6505661010742 35.0716094970703 35.5947608947754 36.0182800292969 36.210620880127 36.2083587646484 36.1726531982422 36.0638084411621 35.8434181213379 35.778392791748 35.5829200744629 35.325756072998 35.1878662109375 35.1946983337402 35.2165489196777 35.2547454833984 35.2669906616211 35.3668098449707 35.268985748291 35.3946495056152 35.3305625915527 35.473445892334 35.6786041259766 35.7813911437988 35.8843994140625 35.9679641723633 35.9365997314453 35.9900321960449 35.8141403198242 35.4682159423828 35.1190567016602 35.0997085571289 35.1626167297363 35.239200592041 35.1761932373047 35.111946105957 35.1615333557129 35.084888458252
-3.4e+38 -3.4e+38 -3.4e+38 -3.4e+38 -3.4e+38 33.6212005615234 33.6923637390137 34.2104034423828 34.6870002746582 35.1411666870117 35.6480598449707 36.0679779052734 36.2509117126465 36.2840270996094 36.2230491638184 35.9703178405762 35.5248985290527 35.1310958862305 35.0471687316895 34.9847106933594 34.9581985473633 34.9425277709961 34.9444046020508 34.95556640625 34.9784469604492 34.9797248840332 34.9809188842773 34.9965591430664 34.9589080810547 34.9737091064453 35.0000381469727 35.0938415527344 35.1454734802246 35.4679412841797 35.4687843322754 35.4879455566406 35.3946914672852 35.1651763916016 34.9643516540527 34.9651412963867 35.0214729309082 34.9919815063477 34.982738494873 34.9562110900879 34.9172554016113 34.9280586242676 34.9412422180176
-3.4e+38 -3.4e+38 -3.4e+38 -3.4e+38 -3.4e+38 33.9049186706543 34.1831932067871 34.6778182983398 35.1295471191406 35.5823707580566 36.0036773681641 36.2500305175781 36.2753677368164 36.1506767272949 35.8341102600098 35.4568061828613 35.0567398071289 34.9498252868652 34.9331016540527 34.9416313171387 34.9582099914551 34.9520988464355 34.9609909057617 34.9362678527832 34.9750061035156 34.945140838623 34.936149597168 34.9385871887207 34.9289855957031 34.954174041748 34.920280456543 34.9197044372559 34.9674911499023 34.9961395263672 34.9968299865723 34.9907875061035 34.9673194885254 35.0079956054688 34.9495468139648 34.9555549621582 34.9286842346191 34.947021484375 34.9188766479492 34.926399230957 34.9378509521484 34.9309425354004 34.9513473510742
-3.4e+38 -3.4e+38 34.4365310668945 34.4002151489258 34.2421875 34.1346130371094 34.577205657959 35.0514602661133 35.461311340332 35.8872184753418 36.2197456359863 36.2805824279785 36.1874542236328 35.8433494567871 35.3665046691895 35.1614646911621 34.9574279785156 34.9547843933105 34.9515419006348 34.953670501709 34.9384346008301 34.9380760192871 34.9457893371582 34.9494323730469 34.9501075744629 34.9428482055664 34.9723854064941 34.9775848388672 34.9716682434082 34.9394836425781 34.9227142333984 34.9279289245605 34.9169464111328 34.9431343078613 34.9303855895996 34.9509963989258 34.9220886230469 34.9338340759277 34.9345664978027 34.9610023498535 34.9398040771484 34.9372177124023 34.955394744873 34.9686889648438 34.944450378418 34.9468116760254 34.9742050170898
-339999999999999996128486808808066248288.000000000000000 -3.4e+38 -3.4e+38 -3.4e+38 34.3639030456543 34.370964050293 34.8721084594727 35.3149948120117 35.6837730407715 36.0902290344238 36.2895622253418 36.2387657165527 35.9482078552246 35.3935737609863 35.154167175293 35.0141716003418 34.9386863708496 34.9488067626953 34.9386787414551 34.9532203674316 34.9324684143066 34.9456062316895 34.9487609863281 34.9472885131836 34.9370193481445 34.9350852966309 34.9677734375 34.9375915527344 34.9890747070312 34.9534111022949 34.9496192932129 34.9654235839844 34.9204788208008 34.9074668884277 34.9272117614746 34.9449348449707 34.9201927185059 34.937858581543 34.9324226379395 34.9293060302734 34.9691123962402 34.9672012329102 34.9745178222656 34.9695320129395 34.9794769287109 34.9821891784668 34.9725875854492
-3.4e+38 -3.4e+38 -3.4e+38 -3.4e+38 34.4332542419434 34.5652160644531 35.0647659301758 35.4662895202637 35.8072662353516 36.2022247314453 36.293399810791 36.1392936706543 35.630687713623 35.1866493225098 35.0047264099121 34.9279975891113 34.9077453613281 34.9396553039551 34.9368095397949 34.9347114562988 34.9677886962891 34.9731178283691 34.9706993103027 34.9749870300293 34.975040435791 34.9618911743164 35.0083503723145 34.976245880127 35.0086250305176 34.9434852600098 34.9465942382812 34.9408187866211 34.9747085571289 34.9491539001465 34.947639465332 34.9941024780273 34.9701690673828 34.9751815795898 34.9734764099121 34.9730911254883 34.960376739502 34.9629440307617 34.9744758605957 34.9862747192383 34.9758911132812 34.9875526428223 34.9791221618652
-3.4e+38 -3.4e+38 -3.4e+38 -3.4e+38 34.5107192993164 34.6703567504883 35.1553764343262 35.5286140441895 35.8559951782227 36.2131462097168 36.2859649658203 35.9662551879883 35.3057022094727 35.0732154846191 34.945499420166 34.9193420410156 34.9393730163574 34.9414825439453 34.978271484375 34.9829597473145 34.9981079101562 34.9776992797852 34.9638938903809 34.9641227722168 35.0519752502441 34.9831275939941 34.9711952209473 35.0244369506836 35.021656036377 34.9925842285156 34.9431686401367 34.9696502685547 34.9818420410156 34.9752159118652 35.015983581543 35.0129089355469 34.9981536865234 34.9737281799316 34.9754371643066 34.9593086242676 34.9759559631348 34.9814796447754 34.979320526123 34.9762954711914 34.9719429016113 34.968074798584 34.9669914245605
-3.4e+38 -3.4e+38 -3.4e+38 -3.4e+38 34.7420654296875 34.6979179382324 35.167537689209 35.5207557678223 35.8173217773438 36.1506538391113 36.2734107971191 35.9158363342285 35.2368240356445 35.0438957214355 34.9373931884766 34.9339828491211 34.9469184875488 34.9612312316895 34.9773750305176 35.0126876831055 34.9957160949707 34.9863548278809 34.9686508178711 34.9680023193359 35.0025177001953 34.9794921875 34.9501762390137 34.9585723876953 35.0066757202148 34.9878730773926 35.0245590209961 35.0142860412598 34.9827728271484 34.9972953796387 34.9994125366211 34.9882125854492 34.9886856079102 34.9788360595703 34.9868659973145 34.9819183349609 34.9719543457031 34.9682350158691 34.9675140380859 34.9686279296875 34.9687385559082 34.9649047851562 34.9640312194824
-3.4e+38 -3.4e+38 -3.4e+38 -3.4e+38 34.7565879821777 34.7373847961426 35.1244087219238 35.4471740722656 35.7162055969238 35.9864807128906 36.2431297302246 36.1310729980469 35.3533630371094 34.9635543823242 34.9216651916504 34.9382667541504 34.9802932739258 34.9700164794922 34.9753837585449 35.0016632080078 34.9779434204102 34.9766044616699 34.974063873291 34.9807891845703 34.965446472168 34.9818267822266 34.9722328186035 34.977466583252 34.9744338989258 34.974063873291 35.0483665466309 34.9800109863281 34.9718742370605 34.9831161499023 35.0064315795898 34.9988212585449 35.0119476318359 34.9985771179199 34.9726486206055 34.9670600891113 34.966968536377 34.9685821533203 35.0713310241699 34.9723281860352 34.9716606140137 34.9710960388184 34.9688034057617
-3.4e+38 -3.4e+38 -3.4e+38 -3.4e+38 34.8013114929199 34.7587242126465 35.0775680541992 35.3834838867188 35.6013069152832 35.7713813781738 36.0080718994141 36.2124366760254 35.6681594848633 34.9653167724609 34.9237594604492 34.9297523498535 34.9918098449707 34.9661483764648 34.9992828369141 34.9842491149902 34.9740943908691 34.9724426269531 34.9704093933105 34.9722671508789 34.9818534851074 35.0310859680176 35.0277481079102 34.9814834594727 34.9995040893555 35.0254859924316 35.0132179260254 34.9732322692871 34.9751510620117 34.9741363525391 34.9707527160645 34.976375579834 34.9718894958496 34.970329284668 34.9669952392578 35.0544281005859 34.9778747558594 34.9934234619141 35.0711822509766 35.1037788391113 35.052131652832 34.9698371887207 34.99169921875
-3.4e+38 -3.4e+38 -3.4e+38 -3.4e+38 -3.4e+38 34.7573928833008 35.0111846923828 35.3909759521484 35.6064758300781 35.766845703125 35.8468284606934 36.0229873657227 35.9689559936523 34.9922866821289 34.9248161315918 34.9245872497559 34.9923439025879 34.9675483703613 34.9920654296875 34.9837608337402 34.9748382568359 34.9712905883789 34.9705352783203 34.9694595336914 34.9763488769531 35.0389404296875 35.0157814025879 34.9695854187012 34.975715637207 34.9764862060547 34.973030090332 34.9710006713867 34.9690132141113 34.9751205444336 35.0118789672852 34.9771881103516 34.9682960510254 34.9683113098145 34.9672012329102 34.9675674438477 35.0236740112305 35.0762825012207 35.0661544799805 34.9799385070801 35.085636138916 35.0730133056641 35.0481147766113
-3.4e+38 -3.4e+38 -3.4e+38 -3.4e+38 -3.4e+38 31.4871768951416 34.9369201660156 35.4433364868164 35.6757774353027 35.8479232788086 35.8902778625488 35.9698829650879 35.9909820556641 35.0197105407715 34.921257019043 34.9288063049316 34.9587173461914 34.9818992614746 34.9980278015137 34.9820899963379 34.9746589660645 34.9806480407715 35.0183372497559 35.0125427246094 35.0052795410156 35.0830459594727 35.0612258911133 35.052375793457 35.0565414428711 34.996696472168 34.9646339416504 34.9652328491211 34.9655151367188 34.9717407226562 35.0642738342285 35.0595588684082 34.9973678588867 34.9656677246094 34.9660911560059 34.9663276672363 34.9660949707031 35.0918312072754 35.0937156677246 35.0704383850098 35.054370880127 35.0543937683105 35.0396118164062
-3.4e+38 -3.4e+38 -3.4e+38 -3.4e+38 -3.4e+38 29.9808559417725 34.9287071228027 35.5014266967773 35.7496299743652 35.9137191772461 35.9326210021973 36.0296287536621 35.8592147827148 34.986515045166 34.9248542785645 34.9320869445801 34.9339752197266 34.9484672546387 34.9895553588867 34.9758453369141 34.9718971252441 35.0083160400391 35.0109977722168 35.0432052612305 35.0559425354004 35.0548553466797 35.0556793212891 35.0535888671875 35.0510597229004 35.076717376709 35.083194732666 35.083423614502 35.0523452758789 35.0524635314941 35.075855255127 35.0747299194336 35.0394172668457 35.0328483581543 35.0576591491699 35.0447196960449 35.0564498901367 35.0719375610352 35.0714454650879 35.0664100646973 35.0411529541016 35.0302505493164 35.0456123352051
-3.4e+38 -3.4e+38 -3.4e+38 -3.4e+38 -3.4e+38 -3.4e+38 35.1302108764648 35.5513801574707 35.8144226074219 35.9502716064453 35.9760322570801 36.1044769287109 35.9016456604004 35.0391845703125 34.9289398193359 34.9436531066895 34.9395637512207 34.9544105529785 34.9892311096191 34.9723892211914 34.9727935791016 35.0252342224121 35.0435180664062 35.0694618225098 35.1060676574707 35.1059608459473 35.0749855041504 35.1102905273438 35.1360015869141 35.1360092163086 35.1360092163086 35.135913848877 35.135913848877 35.1360092163086 35.1360244750977 35.1357460021973 35.1285400390625 35.0792236328125 35.0372314453125 35.0242919921875 35.0190315246582 35.0198745727539 35.0211524963379 35.0360145568848 35.0353088378906 35.0160179138184 35.0119018554688
-3.4e+38 -3.4e+38 -3.4e+38 -3.4e+38 -3.4e+38 -3.4e+38 35.2887916564941 35.6304550170898 35.8798828125 35.984619140625 36.0431671142578 36.2145042419434 35.8208236694336 35.0519523620605 34.9232025146484 34.9386825561523 34.9379577636719 34.9462585449219 34.9744987487793 34.969123840332 35.0405426025391 35.0404777526855 35.0627899169922 35.0945701599121 35.1355133056641 35.1355438232422 35.1357536315918 35.1357841491699 35.1355361938477 35.1352500915527 35.1332855224609 35.1322402954102 35.1342926025391 35.1353950500488 35.1352424621582 35.1350479125977 35.1350746154785 35.1342887878418 35.1326942443848 35.1084442138672 35.0740699768066 35.0514488220215 35.0448989868164 35.0458831787109 35.0472297668457 35.0592803955078 35.0258712768555
-3.4e+38 -3.4e+38 -3.4e+38 -3.4e+38 -3.4e+38 -3.4e+38 35.4413871765137 35.7368545532227 35.9466896057129 36.0235404968262 36.1231918334961 36.2159271240234 35.7478408813477 34.9852447509766 34.9274482727051 34.9641876220703 34.944580078125 34.9629058837891 34.9782028198242 35.0124473571777 35.0526580810547 35.0670166015625 35.1143760681152 35.1317520141602 35.1350936889648 35.135066986084 35.1351356506348 35.1341743469238 35.1314735412598 35.1291122436523 35.1266708374023 35.1253471374512 35.1265525817871 35.1294593811035 35.1323890686035 35.1327133178711 35.1333045959473 35.1342277526855 35.1348991394043 35.1350364685059 35.135082244873 35.1255912780762 35.1131248474121 35.073070526123 35.0833740234375 35.1180038452148 35.1184539794922
-3.4e+38 -3.4e+38 -3.4e+38 -3.4e+38 -3.4e+38 35.6379165649414 35.5879402160645 35.8381004333496 35.9827003479004 36.0389556884766 36.1759719848633 36.1841316223145 35.5634651184082 34.9520454406738 34.9475593566895 34.9513778686523 34.9517784118652 34.9606895446777 34.9800682067871 35.0165023803711 35.0572166442871 35.1134872436523 35.1351432800293 35.135009765625 35.1350021362305 35.1350021362305 35.1350021362305 35.1331253051758 35.1279296875 35.1247138977051 35.123477935791 35.1222686767578 35.1203155517578 35.1186904907227 35.1201362609863 35.1225166320801 35.1251564025879 35.1304244995117 35.1330223083496 35.1348762512207 35.1345138549805 35.1332130432129 35.1318435668945 35.1309700012207 35.1305694580078 35.1321868896484 35.1329498291016
-3.4e+38 -3.4e+38 -3.4e+38 -3.4e+38 36.0489234924316 35.7971992492676 35.7495574951172 35.934024810791 35.998291015625 36.0643730163574 36.2183723449707 36.0532302856445 35.3310279846191 34.9403800964355 34.9452743530273 34.9416694641113 34.9470901489258 34.9613494873047 34.9763526916504 35.0003929138184 35.0869140625 35.1351623535156 35.1350021362305 35.1350021362305 35.1350021362305 35.1350021362305 35.1350021362305 35.1349105834961 35.1297721862793 35.1237716674805 35.1214942932129 35.120475769043 35.1179122924805 35.1147117614746 35.1135215759277 35.114143371582 35.1166763305664 35.1224555969238 35.1285362243652 35.1316070556641 35.1306533813477 35.128475189209 35.126163482666 35.1237831115723 35.1240692138672 35.1255302429199 35.1265602111816
