Ecospace-environmental-drivers/Outputs/ASCII-for-ecospace/Sal-bot/Sal-bot_X2018.07.asc
NCOLS 131 
NROWS 53 
XLLCORNER -98 
YLLCORNER 23.9265270233154 
CELLSIZE 0.133587792515755 
NODATA_value -3.4e+38 
[rows 0 to 20 of 53, columns 47 to 93 of 131]
-3.4e+38 -3.4e+38 -3.4e+38 -3.4e+38 -3.4e+38 -3.4e+38 -3.4e+38 -3.4e+38 -3.4e+38 -3.4e+38 -3.4e+38 -3.4e+38 -3.4e+38 -3.4e+38 -3.4e+38 -3.4e+38 -3.4e+38 -3.4e+38 -3.4e+38 -3.4e+38 -3.4e+38 -3.4e+38 -3.4e+38 -3.4e+38 -3.4e+38 -3.4e+38 -3.4e+38 -3.4e+38 -3.4e+38 -3.4e+38 -3.4e+38 -3.4e+38 -3.4e+38 -3.4e+38 -3.4e+38 -3.4e+38 -3.4e+38 -3.4e+38 -3.4e+38 -3.4e+38 -3.4e+38 -3.4e+38 -3.4e+38 -3.4e+38 -3.4e+38 -3.4e+38 -3.4e+38
-3.4e+38 -3.4e+38 -3.4e+38 -3.4e+38 -3.4e+38 -3.4e+38 -3.4e+38 -3.4e+38 -3.4e+38 -3.4e+38 -3.4e+38 -3.4e+38 -3.4e+38 -3.4e+38 -3.4e+38 -3.4e+38 -3.4e+38 -3.4e+38 -3.4e+38 -3.4e+38 -3.4e+38 -3.4e+38 -3.4e+38 -3.4e+38 -3.4e+38 -3.4e+38 -3.4e+38 -3.4e+38 -3.4e+38 -3.4e+38 -3.4e+38 -3.4e+38 -3.4e+38 -3.4e+38 -3.4e+38 -3.4e+38 -3.4e+38 -3.4e+38 -3.4e+38 -3.4e+38 -3.4e+38 -3.4e+38 -3.4e+38 -3.4e+38 -3.4e+38 -3.4e+38 -3.4e+38
-3.4e+38 -3.4e+38 -3.4e+38 -3.4e+38 -3.4e+38 -3.4e+38 -3.4e+38 -3.4e+38 -3.4e+38 -3.4e+38 -3.4e+38 -3.4e+38 -3.4e+38 -3.4e+38 -3.4e+38 -3.4e+38 -3.4e+38 -3.4e+38 -3.4e+38 -3.4e+38 -3.4e+38 -3.4e+38 -3.4e+38 -3.4e+38 -3.4e+38 -3.4e+38 -3.4e+38 7.82946157455444 7.52486991882324 -3.4e+38 -3.4e+38 -3.4e+38 -3.4e+38 -3.4e+38 -3.4e+38 -3.4e+38 -3.4e+38 -3.4e+38 -3.4e+38 -3.4e+38 -3.4e+38 -3.4e+38 -3.4e+38 -3.4e+38 -3.4e+38 -3.4e+38 -3.4e+38
-3.4e+38 -3.4e+38 -3.4e+38 -3.4e+38 -3.4e+38 -3.4e+38 -3.4e+38 -3.4e+38 -3.4e+38 -3.4e+38 -3.4e+38 -3.4e+38 -3.4e+38 -3.4e+38 -3.4e+38 -3.4e+38 -3.4e+38 -3.4e+38 -3.4e+38 -3.4e+38 -3.4e+38 -3.4e+38 -3.4e+38 -3.4e+38 -3.4e+38 -3.4e+38 -3.4e+38 18.7499942779541 19.0270404815674 -3.4e+38 -3.4e+38 -3.4e+38 -3.4e+38 -3.4e+38 -3.4e+38 -3.4e+38 -3.4e+38 -3.4e+38 -3.4e+38 -3.4e+38 -3.4e+38 -3.4e+38 -3.4e+38 -3.4e+38 -3.4e+38 -3.4e+38 -3.4e+38
-3.4e+38 -3.4e+38 -3.4e+38 -3.4e+38 -3.4e+38 -3.4e+38 -3.4e+38 -3.4e+38 -3.4e+38 21.2407817840576 21.2407817840576 21.1851119995117 19.3766059875488 -3.4e+38 -3.4e+38 -3.4e+38 -3.4e+38 -3.4e+38 29.4391784667969 28.0859622955322 25.3775272369385 23.4984912872314 21.8831558227539 20.7394828796387 26.2400569915771 30.2730178833008 32.308910369873 30.6835899353027 32.9682731628418 35.7964172363281 -3.4e+38 -3.4e+38 34.786304473877 34.7104072570801 33.9731407165527 35.3011512756348 35.4930610656738 35.5866088867188 35.6683006286621 35.8207473754883 35.8667449951172 35.9282989501953 -3.4e+38 -3.4e+38 -3.4e+38 -3.4e+38 -3.4e+38
-3.4e+38 -3.4e+38 -3.4e+38 -3.4e+38 -3.4e+38 -3.4e+38 -3.4e+38 -3.4e+38 21.2407817840576 21.2407817840576 21.2407817840576 21.2407817840576 21.1294422149658 19.2995452880859 15.836651802063 -3.4e+38 23.5272102355957 29.6426467895508 30.4218311309814 29.6062717437744 29.5384635925293 29.0545654296875 26.1363525390625 27.2008399963379 29.0680198669434 31.8227767944336 32.9287376403809 33.4879379272461 34.4781799316406 35.777214050293 34.5983428955078 34.6545829772949 34.6845359802246 35.0197982788086 35.1641540527344 35.5446891784668 35.6074066162109 35.7075729370117 35.8364562988281 35.8863410949707 35.9269790649414 35.9463195800781 35.9731521606445 36.0046768188477 -3.4e+38 -3.4e+38 -3.4e+38
-3.4e+38 -3.4e+38 -3.4e+38 -3.4e+38 -3.4e+38 -3.4e+38 -3.4e+38 -3.4e+38 21.406759262085 21.2407817840576 21.2407817840576 21.2407817840576 21.2407817840576 21.018102645874 19.1026439666748 15.836651802063 18.1774082183838 30.4521369934082 34.2693939208984 33.4793510437012 33.448657989502 33.5928955078125 33.8186264038086 33.9362335205078 33.8588104248047 34.1017646789551 34.4851837158203 34.2328033447266 34.4520721435547 34.6256561279297 34.8478851318359 35.1866302490234 35.3533477783203 35.5322189331055 35.7386093139648 35.936450958252 36.1178932189941 36.1682205200195 36.1853637695312 36.1999015808105 36.2322845458984 36.2006340026855 36.1087493896484 36.0664024353027 36.0666847229004 36.1315002441406 -3.4e+38
-3.4e+38 -3.4e+38 -3.4e+38 -3.4e+38 -3.4e+38 -3.4e+38 -3.4e+38 -3.4e+38 -3.4e+38 -3.4e+38 21.2407817840576 21.2407817840576 21.2407817840576 -3.4e+38 20.7954235076904 18.5377216339111 21.3375015258789 33.0817985534668 37.4057693481445 35.766242980957 34.2164649963379 33.892635345459 34.1730918884277 34.9375534057617 35.3998680114746 35.5165939331055 35.5468521118164 35.295524597168 35.2908477783203 35.4250373840332 35.6570510864258 35.7791748046875 35.756103515625 35.9108695983887 36.1382179260254 36.2909469604492 36.3048362731934 36.3274612426758 36.3381958007812 36.3491592407227 36.3478584289551 36.3386993408203 36.2923126220703 36.2523574829102 36.147029876709 36.1340827941895 36.1781997680664
-3.4e+38 -3.4e+38 -3.4e+38 -3.4e+38 -3.4e+38 -3.4e+38 -3.4e+38 -3.4e+38 -3.4e+38 -3.4e+38 -3.4e+38 -3.4e+38 -3.4e+38 -3.4e+38 20.7467861175537 19.7932643890381 29.2503814697266 36.0113372802734 37.3540992736816 35.065803527832 33.6731719970703 33.5952529907227 34.0519027709961 35.1418762207031 35.8120193481445 35.8889541625977 35.846435546875 35.8325691223145 35.8424949645996 35.8996162414551 35.9304046630859 35.9504089355469 35.9607734680176 36.2562103271484 36.2452239990234 36.1588134765625 36.1904449462891 36.2908897399902 36.3360328674316 36.3859901428223 36.4107398986816 36.4097366333008 36.4106521606445 36.4237098693848 36.3675727844238 36.2191009521484 36.207706451416
20.6660537719727 -3.4e+38 -3.4e+38 -3.4e+38 -3.4e+38 -3.4e+38 -3.4e+38 -3.4e+38 -3.4e+38 -3.4e+38 29.4140167236328 25.7221832275391 -3.4e+38 -3.4e+38 -3.4e+38 31.2215194702148 38.6190910339355 37.3719596862793 35.1440162658691 33.4057235717773 33.1506004333496 33.288387298584 34.0633354187012 35.3038520812988 35.9500350952148 36.0205917358398 35.9761009216309 35.941520690918 35.9748039245605 36.0378341674805 36.061939239502 36.1345748901367 36.2966499328613 36.1701927185059 36.016674041748 36.0416793823242 36.1096954345703 36.1782913208008 36.2542266845703 36.3372268676758 36.4046363830566 36.4373474121094 36.4284362792969 36.441291809082 36.4227600097656 36.3594932556152 36.2857933044434
21.1875457763672 16.1782665252686 -3.4e+38 -3.4e+38 -3.4e+38 -3.4e+38 -3.4e+38 -3.4e+38 -3.4e+38 -3.4e+38 33.7741279602051 31.7247009277344 30.2035865783691 -3.4e+38 -3.4e+38 39.0435333251953 37.9049186706543 34.835823059082 33.0578079223633 32.6737403869629 32.4852676391602 33.270320892334 34.1042060852051 35.3855972290039 36.0465850830078 36.0745315551758 36.0067596435547 36.0353813171387 36.0627670288086 36.1187858581543 36.2018890380859 36.3074722290039 36.327091217041 35.8458099365234 35.6875534057617 35.7380752563477 35.8801193237305 35.9981079101562 36.1355323791504 36.240894317627 36.3564376831055 36.4516258239746 36.4636421203613 36.4461212158203 36.4094543457031 36.3720970153809 36.362419128418
23.6527366638184 13.9685297012329 1.4168074131012 8.46277713775635 -3.4e+38 -3.4e+38 -3.4e+38 -3.4e+38 -3.4e+38 -3.4e+38 -3.4e+38 32.2893257141113 29.9280681610107 30.2035865783691 31.4988536834717 35.2729682922363 36.479175567627 33.3928298950195 32.4278831481934 32.1163673400879 32.810905456543 34.2047996520996 35.1355628967285 36.0100135803223 36.1588325500488 36.1574745178223 36.1354103088379 36.1657943725586 36.2251892089844 36.277717590332 36.3330726623535 36.2639770507812 35.7325134277344 35.3385887145996 35.2176170349121 35.1871757507324 35.3490562438965 35.6234169006348 35.8630256652832 36.0561904907227 36.2100067138672 36.3864364624023 36.4808502197266 36.4941215515137 36.4613494873047 36.3489379882812 36.3964767456055
31.4190425872803 24.2355880737305 13.1849193572998 10.7866058349609 -3.4e+38 -3.4e+38 -3.4e+38 -3.4e+38 34.7100639343262 34.8735656738281 34.0820770263672 32.4312286376953 30.4965724945068 29.0840473175049 27.664249420166 29.3814945220947 28.8422260284424 33.0341529846191 32.0496559143066 31.4276504516602 34.3663368225098 35.651741027832 36.0892906188965 36.2033309936523 36.2286758422852 36.2572784423828 36.3057518005371 36.2749977111816 36.2348022460938 36.0964584350586 35.7324371337891 35.2980613708496 35.0538063049316 35.0154304504395 34.9967727661133 34.9788284301758 35.2017936706543 35.3546104431152 35.5805282592773 35.7887802124023 35.9672203063965 36.154712677002 36.3447952270508 36.4631690979004 36.4976921081543 36.5012512207031 36.5138664245605
33.3723182678223 32.6089935302734 30.1530685424805 27.0744934082031 26.6499290466309 29.2361583709717 31.9644031524658 33.2702980041504 33.6659545898438 33.3581695556641 33.3021202087402 34.0816841125488 30.1936931610107 30.4483757019043 31.9030456542969 28.580150604248 22.2808494567871 19.2861957550049 21.2424259185791 26.4627532958984 30.2763843536377 36.0847091674805 36.2710342407227 36.2413787841797 36.1200141906738 35.9965019226074 35.6986770629883 35.4309196472168 35.218189239502 35.0190925598145 34.9325294494629 34.9175720214844 34.9141998291016 34.9101600646973 34.9272193908691 34.973274230957 35.1339988708496 35.2879676818848 35.4636077880859 35.6106834411621 35.7869834899902 35.954216003418 36.1321716308594 36.2594413757324 36.4072341918945 36.4637908935547 36.5064697265625
33.475658416748 33.153133392334 32.6443367004395 31.6993007659912 31.0622787475586 31.2205963134766 31.5052967071533 32.0106582641602 32.1172485351562 31.7868938446045 31.502405166626 31.4174709320068 33.0448608398438 34.7941246032715 35.4372024536133 34.4602394104004 29.8561706542969 10.6025323867798 6.82486391067505 15.4719276428223 34.8224601745605 36.2071723937988 36.0682487487793 35.4717063903809 35.2252540588379 35.0841369628906 34.9716835021973 34.9585304260254 34.9452896118164 34.9642639160156 34.9717826843262 34.9716987609863 34.9531402587891 34.9170341491699 34.9162635803223 34.9754447937012 35.0961151123047 35.2830390930176 35.3620262145996 35.5228424072266 35.6440162658691 35.7869758605957 35.9902000427246 36.1546096801758 36.2719841003418 36.3597450256348 36.4740715026855
33.9577941894531 33.6631927490234 33.1736335754395 32.8432235717773 32.7035026550293 32.3979263305664 32.0541915893555 32.0686340332031 32.0770454406738 32.3836364746094 33.1076774597168 34.3798484802246 35.3844108581543 35.900016784668 36.0519256591797 36.0261039733887 34.7464332580566 24.0460033416748 31.7667675018311 34.3348579406738 36.0275192260742 35.5985145568848 35.2929306030273 35.0466117858887 34.9361305236816 34.9338722229004 34.9433517456055 34.9754791259766 34.9864883422852 34.9901924133301 35.0035629272461 35.0017318725586 34.9649085998535 34.9205017089844 34.9205741882324 34.9741249084473 35.091007232666 35.2461891174316 35.2802200317383 35.4376335144043 35.5707130432129 35.6739921569824 35.8143692016602 36.0393753051758 36.2201232910156 36.2940864562988 36.3888931274414
34.7627258300781 34.5109214782715 34.1277542114258 33.5024147033691 33.2011070251465 32.9977912902832 33.0373153686523 33.1075439453125 33.092960357666 33.4460182189941 34.7107009887695 35.7061920166016 35.9678421020508 36.1011047363281 36.1814575195312 36.2298164367676 36.2042655944824 36.2114524841309 36.185188293457 35.689094543457 35.2248420715332 34.9994201660156 34.9426002502441 34.9397430419922 34.948169708252 34.963134765625 34.970817565918 34.9932746887207 35.0162048339844 35.0399932861328 35.0629997253418 35.011848449707 34.9549865722656 34.9205513000488 34.9230270385742 34.9779319763184 35.0873680114746 35.1978988647461 35.2344169616699 35.3520355224609 35.4768943786621 35.6077461242676 35.7366600036621 35.8934326171875 36.0973434448242 36.2453842163086 36.3235054016113
35.5257949829102 35.4466934204102 35.1354866027832 34.6899528503418 34.1740074157715 33.9618835449219 33.9637718200684 33.9943046569824 34.0721282958984 34.6785507202148 35.5773963928223 36.0035934448242 36.1637153625488 36.0165481567383 36.1493186950684 36.3041076660156 36.2875442504883 36.1475219726562 35.8544082641602 35.2120513916016 34.9508934020996 34.9294586181641 34.9323387145996 34.9832954406738 34.9933776855469 34.990161895752 34.9916915893555 35.0285263061523 35.0614700317383 35.0581474304199 35.0560417175293 35.0023765563965 34.9533843994141 34.927490234375 34.926887512207 34.9604873657227 35.0486793518066 35.1250648498535 35.1769599914551 35.2423553466797 35.3948554992676 35.5167198181152 35.6153526306152 35.8194847106934 35.9873428344727 36.1371612548828 36.2371597290039
36.0376167297363 35.9623756408691 35.8664665222168 35.7429504394531 35.552188873291 35.4436721801758 35.186580657959 35.217586517334 35.6084136962891 35.853199005127 35.9684143066406 36.0829048156738 36.1935348510742 35.4936637878418 35.1353912353516 35.3965759277344 35.438060760498 35.5185012817383 35.318775177002 35.0287475585938 34.9268989562988 34.9222869873047 34.9709053039551 34.9916610717773 34.9925727844238 35.0042572021484 35.1037940979004 35.0616836547852 35.0564460754395 35.0541381835938 35.0925750732422 35.043041229248 34.9706230163574 34.9257736206055 34.926643371582 34.9190673828125 34.9798278808594 35.0407447814941 35.0791969299316 35.1141777038574 35.2325134277344 35.3419609069824 35.4654312133789 35.654354095459 35.8530006408691 36.0409622192383 36.1568145751953
36.1724433898926 36.149959564209 36.1257438659668 36.0957489013672 36.0489387512207 36.0079498291016 36.0025215148926 36.006217956543 36.0272979736328 36.0342864990234 36.0580406188965 36.1340293884277 36.2418365478516 35.8334007263184 35.1498069763184 34.9683380126953 34.9535369873047 34.9567794799805 34.955924987793 34.9340858459473 34.9341506958008 34.9456062316895 34.971622467041 34.9946136474609 34.9931182861328 35.0121002197266 35.0852088928223 35.0547866821289 35.0511932373047 35.0501708984375 35.151050567627 35.1464462280273 35.0228309631348 34.9518203735352 34.9260520935059 34.9140472412109 34.9039840698242 34.9431114196777 34.9931831359863 35.0022888183594 35.0543022155762 35.1868095397949 35.3260269165039 35.4561004638672 35.6148490905762 35.8294105529785 36.0306091308594
36.2391624450684 36.2370529174805 36.236743927002 36.2270622253418 36.2092666625977 36.1911735534668 36.1785278320312 36.1622161865234 36.144229888916 36.1427192687988 36.1974258422852 36.2761878967285 36.2324981689453 35.7781562805176 35.0729675292969 34.9608726501465 34.9632339477539 34.9514198303223 34.9216461181641 34.9391212463379 34.9345626831055 34.9718551635742 34.9980659484863 34.9938926696777 34.9897842407227 35.0204887390137 35.0618782043457 35.049690246582 35.0500946044922 35.0504684448242 35.142162322998 35.165340423584 35.1464195251465 35.1106986999512 35.0204734802246 34.9635238647461 34.9523162841797 34.9173622131348 34.8932189941406 34.9283790588379 34.9670677185059 35.0150871276855 35.0949020385742 35.2663726806641 35.415283203125 35.5677070617676 35.7408599853516
