Ecospace-environmental-drivers/Outputs/ASCII-for-ecospace/Sal-bot/Sal-bot_X2015.08.asc
NCOLS 131 
NROWS 53 
XLLCORNER -98 
YLLCORNER 23.9265270233154 
CELLSIZE 0.133587792515755 
NODATA_value -3.4e+38 
[rows 21 to 41 of 53, columns 0 to 46 of 131]
-3.4e+38 -3.4e+38 -3.4e+38 -3.4e+38 -3.4e+38 -3.4e+38 38.9303855895996 34.1105766296387 24.3895168304443 23.5440444946289 32.4415817260742 33.5389595031738 34.4890365600586 35.1983528137207 35.4123611450195 35.5123977661133 35.5496215820312 35.6366653442383 35.8219032287598 36.0121955871582 36.116455078125 36.1803512573242 36.2049407958984 36.2324905395508 36.2327613830566 36.231746673584 36.2207832336426 36.2201995849609 36.2320404052734 36.2372970581055 36.2567481994629 36.2889785766602 36.3285446166992 36.3866424560547 36.4483261108398 36.4690933227539 36.4636535644531 36.4569473266602 36.4453125 36.4258842468262 36.4106330871582 36.400936126709 36.4014015197754 36.3970260620117 36.3903274536133 36.3751983642578 36.3656463623047
-3.4e+38 -3.4e+38 -3.4e+38 -3.4e+38 -3.4e+38 -3.4e+38 44.3358421325684 38.3447380065918 34.1105766296387 34.8058319091797 35.0758743286133 35.2773284912109 35.5649795532227 35.7450332641602 35.8054618835449 35.8398284912109 35.9535522460938 36.0916786193848 36.1965484619141 36.2401962280273 36.2499351501465 36.2560348510742 36.2628135681152 36.2559776306152 36.2473526000977 36.2398948669434 36.233325958252 36.2394256591797 36.2438850402832 36.2498931884766 36.2497482299805 36.2696304321289 36.312385559082 36.3670120239258 36.4154968261719 36.429573059082 36.4208984375 36.4111175537109 36.3901786804199 36.3727340698242 36.3607444763184 36.3584289550781 36.3551063537598 36.3476905822754 36.3381309509277 36.3305587768555 36.3249282836914
-3.4e+38 -3.4e+38 -3.4e+38 -3.4e+38 23.2787017822266 26.9735450744629 34.6666946411133 44.3358421325684 36.5877914428711 35.421215057373 35.6445274353027 35.7992362976074 35.9483795166016 36.0957336425781 36.1455764770508 36.2408981323242 36.2740173339844 36.2737998962402 36.2741012573242 36.2786979675293 36.2793731689453 36.2786483764648 36.2822265625 36.2852668762207 36.2904281616211 36.2598686218262 36.2448501586914 36.2621841430664 36.256420135498 36.258056640625 36.2553787231445 36.2596321105957 36.2817153930664 36.2885131835938 36.3159446716309 36.3391456604004 36.3575210571289 36.3583831787109 36.3346824645996 36.2293548583984 36.2838249206543 36.3065147399902 36.2754745483398 36.2323608398438 36.2928085327148 36.2899627685547 36.2765083312988
-3.4e+38 -3.4e+38 -3.4e+38 -3.4e+38 22.0222606658936 24.5351409912109 34.3632354736328 35.4325637817383 35.6651153564453 35.837890625 35.9026069641113 36.0591011047363 36.2204895019531 36.313102722168 36.3528022766113 36.3587036132812 36.3392372131348 36.3233909606934 36.3089637756348 36.2944221496582 36.207691192627 36.1681747436523 36.0900955200195 35.9916343688965 36.0623550415039 36.1201667785645 36.0598754882812 36.1465492248535 36.2021446228027 36.0881309509277 36.1803016662598 36.2274284362793 36.2105903625488 36.1262969970703 36.2412223815918 36.2448120117188 36.1236038208008 36.0971145629883 35.9758110046387 35.6461181640625 35.6493530273438 35.6808967590332 35.8674392700195 35.7249794006348 35.8120460510254 35.9322891235352 35.9568710327148
-3.4e+38 -3.4e+38 -3.4e+38 -3.4e+38 -3.4e+38 28.6524333953857 34.5706634521484 35.7837028503418 35.9301872253418 35.9712715148926 36.0827026367188 36.2788963317871 36.3515777587891 36.3649063110352 36.3782806396484 36.3820419311523 36.3452033996582 36.2401313781738 36.1598358154297 35.8972206115723 35.6788864135742 35.4189262390137 35.2314605712891 35.2822113037109 35.2295608520508 35.2239837646484 35.2914352416992 35.4376029968262 35.5310592651367 35.5593223571777 35.7323532104492 35.8094596862793 35.8884658813477 35.8284873962402 35.9680252075195 36.0020523071289 36.0649681091309 36.0938529968262 35.710262298584 35.1556968688965 35.0958938598633 35.1464500427246 35.1619567871094 35.1449089050293 35.1501312255859 35.1564292907715 35.086669921875
-3.4e+38 -3.4e+38 -3.4e+38 -3.4e+38 -3.4e+38 35.2148246765137 35.6570472717285 35.974292755127 35.9916687011719 36.0585441589355 36.2571601867676 36.3609046936035 36.3664398193359 36.3644332885742 36.3347091674805 36.0783233642578 35.8248443603516 35.4475746154785 35.1289291381836 35.0001640319824 34.9771995544434 34.9681930541992 34.9711456298828 34.9644393920898 34.9752044677734 34.9849548339844 35.0048751831055 35.0278625488281 35.0730323791504 35.0352935791016 35.2039947509766 35.164623260498 35.3272819519043 35.5925559997559 35.7798233032227 35.8978996276855 35.6766052246094 35.3837509155273 35.0716552734375 34.9765281677246 34.9428558349609 34.9271812438965 34.8996162414551 34.9324493408203 35.0054130554199 34.9934883117676 34.9424209594727
-3.4e+38 -3.4e+38 34.9706916809082 35.5152969360352 35.8229331970215 35.8238410949707 35.9571685791016 36.0028762817383 36.0457191467285 36.196949005127 36.3537750244141 36.3811683654785 36.3734321594238 36.2578239440918 36.0932121276855 35.7062187194824 35.2521781921387 34.9992942810059 34.9434547424316 34.9609336853027 34.9729499816895 35.0011215209961 34.9864082336426 35.0016899108887 35.0117645263672 35.0094032287598 34.9994697570801 35.0355911254883 35.0267066955566 35.0563812255859 35.045467376709 35.0301666259766 35.0747718811035 35.1214027404785 35.1284332275391 35.1507415771484 35.0474243164062 34.9862403869629 35.0177841186523 35.0285987854004 34.9625473022461 34.9945373535156 35.0228157043457 35.0059547424316 34.9647789001465 34.9699897766113 35.0276184082031
-339999999999999996128486808808066248288.000000000000000 -3.4e+38 -3.4e+38 -3.4e+38 35.752269744873 35.9034729003906 36.0183601379395 36.0674324035645 36.1946105957031 36.3500747680664 36.3906440734863 36.4011650085449 36.2893867492676 36.0771484375 35.6637535095215 35.2051658630371 34.963077545166 34.9546852111816 34.983081817627 34.9778480529785 34.995418548584 35.0236358642578 35.0173530578613 35.0036125183105 35.0025024414062 35.009105682373 35.0161628723145 35.0177116394043 35.0536994934082 35.0556259155273 35.0037651062012 34.9639549255371 35.001953125 35.0247077941895 35.0219459533691 35.0134468078613 35.0227584838867 35.005500793457 34.9850921630859 35.1132698059082 35.0594482421875 35.0308532714844 35.0175666809082 35.0114097595215 34.9813766479492 35.0123710632324 35.088207244873
-3.4e+38 -3.4e+38 -3.4e+38 -3.4e+38 35.7915534973145 35.9623260498047 36.0621223449707 36.1300964355469 36.2870330810547 36.3860397338867 36.4088325500488 36.371639251709 36.1129264831543 35.7753143310547 35.2814826965332 34.9862823486328 34.9358673095703 34.9661979675293 34.9939079284668 35.0291862487793 35.0192642211914 35.0229034423828 35.0252532958984 35.0225105285645 35.0195350646973 35.0432815551758 35.0507965087891 35.045036315918 35.0737457275391 35.0464897155762 34.9766426086426 34.9917678833008 34.9947662353516 35.1003303527832 35.0666999816895 35.0511703491211 35.004467010498 35.0412864685059 34.9955635070801 35.0679016113281 35.0302314758301 35.0296745300293 35.0643043518066 35.0842666625977 35.0637893676758 35.0392723083496 35.0859298706055
-3.4e+38 -3.4e+38 -3.4e+38 -3.4e+38 35.9020462036133 35.9523086547852 36.1026725769043 36.2138824462891 36.3325233459473 36.3991279602051 36.4208717346191 36.2363510131836 35.8298835754395 35.4004249572754 35.0226593017578 34.9374847412109 34.9791641235352 34.9814796447754 35.0139274597168 35.0514640808105 35.0392951965332 35.0631523132324 35.0561027526855 35.0657539367676 35.0429306030273 35.0389595031738 35.0237884521484 35.036979675293 35.0399398803711 35.0404357910156 34.9939880371094 34.9939994812012 35.0653190612793 35.0184745788574 35.0172348022461 35.0693168640137 35.0657539367676 35.0513763427734 35.0581474304199 35.052791595459 35.0475730895996 35.0553131103516 35.0536727905273 35.0450439453125 35.0461082458496 35.0544586181641 35.0482025146484
-3.4e+38 -3.4e+38 -3.4e+38 -3.4e+38 35.8994140625 35.936954498291 36.1270370483398 36.254566192627 36.3531188964844 36.4045829772949 36.4168510437012 36.0454711914062 35.6210556030273 35.1399192810059 34.9340744018555 34.955509185791 34.980297088623 34.9834785461426 35.0435791015625 35.0556526184082 35.0563468933105 35.0568733215332 35.042049407959 35.041145324707 35.0531311035156 35.046630859375 35.0128440856934 35.0202178955078 35.0467376708984 35.0453338623047 35.0145950317383 35.0442237854004 35.0729637145996 35.0348625183105 35.0586585998535 35.0832138061523 35.0892333984375 35.0524253845215 35.0697593688965 35.0493087768555 35.0690650939941 35.0498924255371 35.0512237548828 35.0260047912598 35.0577087402344 35.0410423278809 35.0238571166992
-3.4e+38 -3.4e+38 -3.4e+38 -3.4e+38 35.8841171264648 35.9213981628418 36.1013565063477 36.2478942871094 36.3399391174316 36.4035148620605 36.4156265258789 36.0864105224609 35.5678482055664 35.0876579284668 34.9273452758789 34.946346282959 35.0107498168945 35.0366287231445 35.0355644226074 35.0509490966797 35.0467987060547 35.0403022766113 35.0369186401367 35.0235900878906 35.0300025939941 35.0496139526367 35.0488815307617 35.0349006652832 35.0461692810059 35.0217056274414 35.0238304138184 35.0646705627441 35.049243927002 35.0765762329102 35.0329437255859 35.0796203613281 35.0548133850098 35.0668334960938 35.0422859191895 35.0268821716309 35.0330276489258 35.0106582641602 35.0163726806641 35.0350532531738 34.9949913024902 35.0543975830078 35.0646362304688
-3.4e+38 -3.4e+38 -3.4e+38 -3.4e+38 35.8740768432617 35.8946228027344 36.0207595825195 36.1698036193848 36.3107528686523 36.3856964111328 36.4132804870605 36.1855087280273 35.5987434387207 35.0819892883301 34.9306182861328 34.9734992980957 35.0524978637695 35.0487213134766 35.0615501403809 35.0497169494629 35.0348472595215 35.0215263366699 35.0214347839355 35.0326309204102 35.0339126586914 35.0361022949219 35.0348091125488 35.041072845459 35.0400733947754 35.0449714660645 35.0495414733887 35.0561676025391 35.0589065551758 35.055721282959 35.0357398986816 35.0377159118652 35.0422821044922 35.0373191833496 35.0080184936523 35.0396537780762 35.0564041137695 35.0498046875 35.0588302612305 35.0344200134277 35.0427665710449 35.0493621826172 35.038761138916
-3.4e+38 -3.4e+38 -3.4e+38 -3.4e+38 -3.4e+38 35.8439521789551 35.9954109191895 36.1288833618164 36.221378326416 36.3374862670898 36.3985939025879 36.3399543762207 35.7985000610352 35.0901870727539 34.9274787902832 34.9933433532715 35.0540885925293 35.0501365661621 35.0551338195801 35.0455627441406 35.0252685546875 35.013427734375 35.0023574829102 35.0072059631348 35.0178260803223 35.0322303771973 35.0371475219727 35.0293159484863 35.0285835266113 35.0430870056152 35.0392227172852 35.0329856872559 35.0370750427246 35.026668548584 35.0120811462402 35.0120048522949 35.0316047668457 35.0198593139648 35.0318756103516 35.0459976196289 35.0294952392578 35.0222778320312 35.0404586791992 35.0480194091797 35.0401420593262 35.0233306884766 35.0212821960449
-3.4e+38 -3.4e+38 -3.4e+38 -3.4e+38 -3.4e+38 35.787971496582 35.9198570251465 36.1041717529297 36.1747093200684 36.260326385498 36.3706245422363 36.4014472961426 35.8028411865234 35.1473808288574 34.9277801513672 34.9695320129395 35.0471611022949 35.0677871704102 35.0609970092773 35.0406379699707 35.0209465026855 35.0054397583008 34.9868583679199 35.0271606445312 35.0255279541016 35.0269927978516 35.0339660644531 35.0322532653809 35.0191650390625 35.0082244873047 35.000617980957 35.0033416748047 34.9998321533203 35.0343017578125 35.0294380187988 35.0319442749023 35.0358009338379 35.0493507385254 35.0488395690918 35.0321807861328 35.0121459960938 35.0444717407227 35.0589904785156 35.0390663146973 35.0604057312012 35.0368576049805 35.0417137145996
-3.4e+38 -3.4e+38 -3.4e+38 -3.4e+38 -3.4e+38 35.6655540466309 35.8635673522949 36.0570182800293 36.1380462646484 36.2794532775879 36.367317199707 36.4009704589844 36.1201438903809 35.1682243347168 34.9335479736328 34.9798851013184 35.0253601074219 35.0563888549805 35.0610847473145 35.032657623291 35.0074234008789 34.994758605957 35.0278739929199 35.0263290405273 35.0144004821777 35.0420684814453 35.0382804870605 35.0192184448242 35.0249061584473 35.0229301452637 35.0243072509766 35.0174865722656 35.0201797485352 35.023250579834 35.0431022644043 35.0458793640137 35.0229110717773 35.0250473022461 35.0335731506348 35.0131340026855 35.0008163452148 35.04052734375 35.04638671875 35.0500259399414 35.0419425964355 35.0473823547363 35.0359954833984
-3.4e+38 -3.4e+38 -3.4e+38 -3.4e+38 -3.4e+38 -3.4e+38 35.7366218566895 36.0145416259766 36.1688194274902 36.2966499328613 36.3779335021973 36.3988075256348 36.0808525085449 35.1531944274902 34.9418754577637 34.9979820251465 35.0105323791504 35.0345077514648 35.0460472106934 35.0144157409668 35.0064010620117 35.0150299072266 35.0343933105469 35.0331382751465 35.0467147827148 35.0526695251465 35.0513877868652 35.0405921936035 35.0481033325195 35.0445022583008 35.0344123840332 35.0386581420898 35.0289306640625 35.0381507873535 35.0555076599121 35.0495910644531 35.0508308410645 35.0568199157715 35.0546646118164 35.0351181030273 35.0477142333984 35.0512657165527 35.0512237548828 35.0510787963867 35.0464935302734 35.037467956543 35.0372543334961
-3.4e+38 -3.4e+38 -3.4e+38 -3.4e+38 -3.4e+38 -3.4e+38 35.7563095092773 35.9808692932129 36.1777534484863 36.3267211914062 36.3900947570801 36.3869934082031 36.083324432373 35.2175521850586 34.9641189575195 35.0056686401367 35.0270881652832 35.0363998413086 35.0374183654785 35.0023422241211 35.0207366943359 35.006275177002 35.0199966430664 35.0485687255859 35.0521774291992 35.0511589050293 35.0464630126953 35.053394317627 35.0574989318848 35.0593376159668 35.0600433349609 35.060230255127 35.0602073669434 35.0597648620605 35.060676574707 35.0608406066895 35.0597076416016 35.0465202331543 35.0309867858887 35.0350952148438 35.0411758422852 35.0394744873047 35.0435676574707 35.0412635803223 35.0328063964844 35.0255928039551 35.0314292907715
-3.4e+38 -3.4e+38 -3.4e+38 -3.4e+38 -3.4e+38 -3.4e+38 35.9017639160156 36.0133438110352 36.2218055725098 36.3573532104492 36.3967971801758 36.3435821533203 35.9723281860352 35.1714134216309 34.967960357666 35.0018348693848 35.0226593017578 35.0148658752441 35.0499572753906 35.0236778259277 35.0203285217285 35.0347938537598 35.052562713623 35.0550422668457 35.0594139099121 35.0592918395996 35.0590896606445 35.0559387207031 35.0594520568848 35.0604362487793 35.0605850219727 35.0606422424316 35.0607414245605 35.0608520507812 35.0609512329102 35.0609664916992 35.0610466003418 35.0607604980469 35.0583724975586 35.0486183166504 35.0405960083008 35.0418434143066 35.0360870361328 35.0493965148926 35.0567283630371 35.0462532043457 35.0244979858398
-3.4e+38 -3.4e+38 -3.4e+38 -3.4e+38 -3.4e+38 35.875072479248 35.9244918823242 36.0656509399414 36.2754936218262 36.3805236816406 36.3820037841797 36.2822914123535 35.8641471862793 35.1388778686523 34.965892791748 35.0002212524414 35.0052070617676 35.0287132263184 35.036190032959 35.050407409668 35.0349464416504 35.0289993286133 35.0491790771484 35.0566635131836 35.0600204467773 35.0600547790527 35.0601539611816 35.0603065490723 35.0603561401367 35.0603561401367 35.060375213623 35.0604095458984 35.060474395752 35.0605697631836 35.0606460571289 35.0606880187988 35.0607833862305 35.0609512329102 35.0611000061035 35.0613288879395 35.0614929199219 35.0617294311523 35.0614395141602 35.0602874755859 35.0593452453613 35.0612258911133 35.0620460510254
-3.4e+38 -3.4e+38 -3.4e+38 -3.4e+38 35.8361892700195 35.8338966369629 35.798957824707 36.0159301757812 36.3103370666504 36.3815307617188 36.3452796936035 36.2073822021484 35.7429809570312 35.0270767211914 34.9766616821289 35.0379753112793 35.0104484558105 35.0389633178711 35.018253326416 35.0421447753906 35.0431327819824 35.0506477355957 35.0584754943848 35.0600700378418 35.0602111816406 35.0602798461914 35.0603141784668 35.0603294372559 35.0603370666504 35.0603485107422 35.0603637695312 35.0603713989258 35.0603790283203 35.0603790283203 35.0603904724121 35.0604019165039 35.0604515075684 35.0605392456055 35.0607566833496 35.0609397888184 35.0610084533691 35.0611763000488 35.061450958252 35.0616188049316 35.0601043701172 35.0615272521973 35.0613250732422
