Ecospace-environmental-drivers/Outputs/ASCII-for-ecospace/Sal-bot/Sal-bot_X1996.02.asc
NCOLS 131 
NROWS 53 
XLLCORNER -98 
YLLCORNER 23.9265270233154 
CELLSIZE 0.133587792515755 
NODATA_value -3.4e+38 
[rows 0 to 20 of 53, columns 47 to 93 of 131]
-3.4e+38 -3.4e+38 -3.4e+38 -3.4e+38 -3.4e+38 -3.4e+38 -3.4e+38 -3.4e+38 -3.4e+38 -3.4e+38 -3.4e+38 -3.4e+38 -3.4e+38 -3.4e+38 -3.4e+38 -3.4e+38 -3.4e+38 -3.4e+38 -3.4e+38 -3.4e+38 -3.4e+38 -3.4e+38 -3.4e+38 -3.4e+38 -3.4e+38 -3.4e+38 -3.4e+38 -3.4e+38 -3.4e+38 -3.4e+38 -3.4e+38 -3.4e+38 -3.4e+38 -3.4e+38 -3.4e+38 -3.4e+38 -3.4e+38 -3.4e+38 -3.4e+38 -3.4e+38 -3.4e+38 -3.4e+38 -3.4e+38 -3.4e+38 -3.4e+38 -3.4e+38 -3.4e+38
-3.4e+38 -3.4e+38 -3.4e+38 -3.4e+38 -3.4e+38 -3.4e+38 -3.4e+38 -3.4e+38 -3.4e+38 -3.4e+38 -3.4e+38 -3.4e+38 -3.4e+38 -3.4e+38 -3.4e+38 -3.4e+38 -3.4e+38 -3.4e+38 -3.4e+38 -3.4e+38 -3.4e+38 -3.4e+38 -3.4e+38 -3.4e+38 -3.4e+38 -3.4e+38 -3.4e+38 -3.4e+38 -3.4e+38 -3.4e+38 -3.4e+38 -3.4e+38 -3.4e+38 -3.4e+38 -3.4e+38 -3.4e+38 -3.4e+38 -3.4e+38 -3.4e+38 -3.4e+38 -3.4e+38 -3.4e+38 -3.4e+38 -3.4e+38 -3.4e+38 -3.4e+38 -3.4e+38
-3.4e+38 -3.4e+38 -3.4e+38 -3.4e+38 -3.4e+38 -3.4e+38 -3.4e+38 -3.4e+38 -3.4e+38 -3.4e+38 -3.4e+38 -3.4e+38 -3.4e+38 -3.4e+38 -3.4e+38 -3.4e+38 -3.4e+38 -3.4e+38 -3.4e+38 -3.4e+38 -3.4e+38 -3.4e+38 -3.4e+38 -3.4e+38 -3.4e+38 -3.4e+38 -3.4e+38 0.969746232032776 0.903085291385651 -3.4e+38 -3.4e+38 -3.4e+38 -3.4e+38 -3.4e+38 -3.4e+38 -3.4e+38 -3.4e+38 -3.4e+38 -3.4e+38 -3.4e+38 -3.4e+38 -3.4e+38 -3.4e+38 -3.4e+38 -3.4e+38 -3.4e+38 -3.4e+38
-3.4e+38 -3.4e+38 -3.4e+38 -3.4e+38 -3.4e+38 -3.4e+38 -3.4e+38 -3.4e+38 -3.4e+38 -3.4e+38 -3.4e+38 -3.4e+38 -3.4e+38 -3.4e+38 -3.4e+38 -3.4e+38 -3.4e+38 -3.4e+38 -3.4e+38 -3.4e+38 -3.4e+38 -3.4e+38 -3.4e+38 -3.4e+38 -3.4e+38 -3.4e+38 -3.4e+38 8.65657234191895 8.34971904754639 -3.4e+38 -3.4e+38 -3.4e+38 -3.4e+38 -3.4e+38 -3.4e+38 -3.4e+38 -3.4e+38 -3.4e+38 -3.4e+38 -3.4e+38 -3.4e+38 -3.4e+38 -3.4e+38 -3.4e+38 -3.4e+38 -3.4e+38 -3.4e+38
-3.4e+38 -3.4e+38 -3.4e+38 -3.4e+38 -3.4e+38 -3.4e+38 -3.4e+38 -3.4e+38 -3.4e+38 17.9857292175293 17.9857292175293 17.9506492614746 16.2469177246094 -3.4e+38 -3.4e+38 -3.4e+38 -3.4e+38 -3.4e+38 29.0979499816895 28.0220050811768 26.30029296875 24.3670959472656 18.7274894714355 12.8273773193359 21.5469264984131 24.6315059661865 25.4608631134033 22.4555377960205 23.7574939727783 27.9893703460693 -3.4e+38 -3.4e+38 34.3827362060547 33.9127197265625 31.8902111053467 34.7683410644531 35.0243797302246 35.0062980651855 35.0451583862305 35.1915969848633 35.2433853149414 35.333610534668 -3.4e+38 -3.4e+38 -3.4e+38 -3.4e+38 -3.4e+38
-3.4e+38 -3.4e+38 -3.4e+38 -3.4e+38 -3.4e+38 -3.4e+38 -3.4e+38 -3.4e+38 17.9857292175293 17.9857292175293 17.9857292175293 17.9857292175293 17.9155693054199 16.2347164154053 12.851655960083 -3.4e+38 21.1923084259033 29.0157928466797 28.0389976501465 31.3150043487549 32.4985160827637 31.8301620483398 25.7436599731445 23.9855213165283 27.1228294372559 30.3851909637451 29.6000308990479 29.4686985015869 29.9749736785889 28.7152576446533 33.6258277893066 34.0738830566406 34.3811492919922 34.6931762695312 34.6863479614258 35.3127098083496 35.4153213500977 35.4394569396973 35.4193267822266 35.3882865905762 35.3650817871094 35.3508911132812 35.3750762939453 35.3860359191895 -3.4e+38 -3.4e+38 -3.4e+38
-3.4e+38 -3.4e+38 -3.4e+38 -3.4e+38 -3.4e+38 -3.4e+38 -3.4e+38 -3.4e+38 18.2109031677246 17.9857292175293 17.9857292175293 17.9857292175293 17.9857292175293 17.8454093933105 16.2560710906982 12.851655960083 14.6767454147339 28.2250366210938 31.0706977844238 33.6923027038574 34.5765991210938 34.863166809082 34.7933959960938 34.6677474975586 34.6680717468262 34.8843269348145 34.916820526123 34.5957565307617 34.5131912231445 34.4089393615723 34.5437774658203 34.9256172180176 35.2030410766602 35.3766098022461 35.5195999145508 35.6264610290527 35.7471466064453 35.7503814697266 35.7077407836914 35.6732368469238 35.6454620361328 35.614086151123 35.531120300293 35.3954925537109 35.2253265380859 35.0355758666992 -3.4e+38
-3.4e+38 -3.4e+38 -3.4e+38 -3.4e+38 -3.4e+38 -3.4e+38 -3.4e+38 -3.4e+38 -3.4e+38 -3.4e+38 17.9857292175293 17.9857292175293 17.9857292175293 -3.4e+38 17.7050914764404 16.4818058013916 16.2172908782959 22.2973651885986 29.8338661193848 32.613166809082 34.255500793457 34.8249778747559 35.0315170288086 35.0659637451172 35.2336006164551 35.294677734375 35.2716598510742 35.2125396728516 35.1470756530762 35.1189002990723 35.1799812316895 35.2415237426758 35.333740234375 35.4811019897461 35.6277275085449 35.8453178405762 35.9431571960449 35.9073219299316 35.8483352661133 35.8089408874512 35.7729721069336 35.7413558959961 35.7143173217773 35.6074256896973 35.3911437988281 35.0174255371094 34.5083999633789
-3.4e+38 -3.4e+38 -3.4e+38 -3.4e+38 -3.4e+38 -3.4e+38 -3.4e+38 -3.4e+38 -3.4e+38 -3.4e+38 -3.4e+38 -3.4e+38 -3.4e+38 -3.4e+38 17.7760734558105 17.8620147705078 21.1812572479248 20.2941493988037 27.0772151947021 31.7291069030762 33.7491874694824 34.5543251037598 34.990894317627 35.1638526916504 35.3481330871582 35.3808517456055 35.3173980712891 35.2271575927734 35.1810569763184 35.1863670349121 35.2477531433105 35.2567977905273 35.3529014587402 35.5980834960938 35.847282409668 35.9559936523438 36.0113105773926 35.9811515808105 35.9110870361328 35.8639907836914 35.8439025878906 35.8017654418945 35.7757148742676 35.7499961853027 35.6569213867188 35.3810272216797 34.6738319396973
22.4385623931885 -3.4e+38 -3.4e+38 -3.4e+38 -3.4e+38 -3.4e+38 -3.4e+38 -3.4e+38 -3.4e+38 -3.4e+38 26.8782138824463 24.0654201507568 -3.4e+38 -3.4e+38 -3.4e+38 23.9673118591309 27.6615505218506 27.4546203613281 29.6304416656494 32.7106094360352 34.0664749145508 34.56591796875 34.9235420227051 35.2086753845215 35.4730415344238 35.5294418334961 35.4227561950684 35.2773704528809 35.1525382995605 35.1350898742676 35.173957824707 35.2540817260742 35.5546875 35.8722991943359 35.827220916748 35.8884963989258 36.0095558166504 36.0294075012207 35.9644393920898 35.8988456726074 35.8431816101074 35.8074188232422 35.7920608520508 35.7821426391602 35.7501525878906 35.6026763916016 35.0272407531738
20.2217960357666 13.0955686569214 -3.4e+38 -3.4e+38 -3.4e+38 -3.4e+38 -3.4e+38 -3.4e+38 -3.4e+38 -3.4e+38 30.903751373291 30.5427207946777 30.1451110839844 -3.4e+38 -3.4e+38 28.2618999481201 28.2750225067139 29.1938877105713 32.2071266174316 33.8731842041016 34.4054756164551 34.451717376709 34.7934837341309 35.372631072998 35.6163139343262 35.5857582092285 35.4853286743164 35.3484115600586 35.1944198608398 35.1365280151367 35.2398338317871 35.5128784179688 35.820384979248 35.6696434020996 35.5226631164551 35.5703926086426 35.7673187255859 35.8598175048828 35.982063293457 35.9993629455566 35.9047813415527 35.842342376709 35.8182792663574 35.8082580566406 35.7895126342773 35.7145500183105 35.3451728820801
22.4394397735596 10.5138702392578 0.972805917263031 7.63715171813965 -3.4e+38 -3.4e+38 -3.4e+38 -3.4e+38 -3.4e+38 -3.4e+38 -3.4e+38 30.7812004089355 30.2056102752686 30.1451110839844 29.6817302703857 28.9531288146973 29.0377044677734 29.9889507293701 32.4975929260254 33.8887977600098 34.3494186401367 34.7678756713867 35.2701797485352 35.6302146911621 35.6993064880371 35.6466674804688 35.5750961303711 35.4897994995117 35.4810371398926 35.4550590515137 35.5711822509766 35.7880592346191 35.5592918395996 35.2471580505371 35.160530090332 35.154224395752 35.3084526062012 35.4990501403809 35.7080993652344 35.9090766906738 36.0202674865723 35.9614562988281 35.8584632873535 35.8454246520996 35.8158721923828 35.7660713195801 35.5988159179688
28.1875514984131 22.0454730987549 12.1230144500732 9.81563472747803 -3.4e+38 -3.4e+38 -3.4e+38 -3.4e+38 30.5953330993652 30.9052333831787 31.1726989746094 30.8166255950928 30.3896999359131 30.0820198059082 30.2378883361816 29.45068359375 27.953332901001 30.0686893463135 31.5815773010254 32.8420562744141 35.1163940429688 35.570384979248 35.7506370544434 35.7669830322266 35.7502098083496 35.7669792175293 35.8639106750488 35.9005737304688 35.8886680603027 35.8076248168945 35.5884246826172 35.257194519043 34.9877128601074 34.954948425293 34.9364395141602 34.9302062988281 35.0987014770508 35.2777328491211 35.4121284484863 35.5904350280762 35.7894897460938 35.9699935913086 35.9460906982422 35.8851509094238 35.8814468383789 35.8625793457031 35.8240242004395
30.8488063812256 29.2694988250732 25.7785243988037 21.1405029296875 21.3980655670166 24.4796752929688 27.5319404602051 29.3337287902832 30.4402160644531 30.9285888671875 30.7958278656006 31.0281391143799 30.6967582702637 31.5201568603516 31.8708095550537 30.2006282806396 25.9063892364502 22.5176391601562 21.6261005401611 26.9915390014648 31.6228733062744 35.7797393798828 35.8842926025391 35.8653106689453 35.882381439209 35.8058547973633 35.5236206054688 35.2834281921387 35.1442108154297 34.9958915710449 34.9261016845703 34.9369773864746 34.9339218139648 34.9082832336426 34.9005584716797 34.9074058532715 35.0001640319824 35.1672210693359 35.3553352355957 35.4486045837402 35.5911293029785 35.7384757995605 35.9264221191406 36.0116119384766 36.0369033813477 36.0006370544434 35.9549827575684
31.9457035064697 31.487886428833 30.3060302734375 28.4849834442139 27.318998336792 28.1693382263184 29.6551265716553 30.7060394287109 30.8067893981934 30.5165195465088 30.493522644043 31.274242401123 32.475959777832 33.3542900085449 33.9247970581055 33.5647583007812 29.6945762634277 11.3675365447998 7.30391979217529 15.7012872695923 34.7726593017578 35.9314346313477 35.9211044311523 35.4606742858887 35.1767387390137 35.015697479248 34.9392967224121 34.9463005065918 34.9475288391113 34.9632949829102 34.9614944458008 34.9617691040039 34.9561233520508 34.9314422607422 34.900505065918 34.8980445861816 34.9678382873535 35.1266174316406 35.2905044555664 35.4206275939941 35.4938163757324 35.6523208618164 35.8072319030762 35.9458770751953 36.0402030944824 36.1021919250488 35.9903297424316
33.0387992858887 32.6682395935059 31.952917098999 31.0737762451172 31.096851348877 30.867696762085 31.0605545043945 31.257625579834 31.524040222168 32.1109619140625 32.5531806945801 33.111988067627 33.7609710693359 34.5724945068359 35.185375213623 35.3806037902832 34.3168983459473 24.7315845489502 31.8226413726807 34.0257568359375 35.8441772460938 35.5215797424316 35.2550735473633 35.0299606323242 34.9025650024414 34.9316101074219 34.9476318359375 34.9631843566895 34.9685478210449 34.9653358459473 34.9697952270508 34.971363067627 34.9694137573242 34.9313583374023 34.8844184875488 34.9003372192383 34.9782600402832 35.1326370239258 35.2207870483398 35.4046630859375 35.4978561401367 35.6368255615234 35.7564697265625 35.8750801086426 36.0271263122559 36.0792236328125 36.1133155822754
33.8315277099609 33.4423713684082 32.9503555297852 32.4593467712402 32.3274459838867 32.132007598877 32.315258026123 32.6456680297852 32.9679260253906 33.2506065368652 33.4920616149902 34.0659828186035 34.7793045043945 35.333854675293 35.7778587341309 35.9197196960449 35.8664817810059 35.8404121398926 35.920166015625 35.6421318054199 35.1911354064941 34.9271125793457 34.907054901123 34.9284324645996 34.9486808776855 34.9651107788086 34.962703704834 34.9642715454102 34.9708518981934 34.9799423217773 34.9772071838379 34.9660339355469 34.9547538757324 34.9309692382812 34.8899345397949 34.9024429321289 34.9828643798828 35.1033630371094 35.2495613098145 35.4345474243164 35.5429382324219 35.6330604553223 35.7446250915527 35.8172187805176 35.8999290466309 36.1149559020996 36.1403923034668
34.5082855224609 34.2216033935547 33.8147354125977 33.4093551635742 33.1531524658203 33.0576248168945 33.224552154541 33.4693908691406 33.6561431884766 33.7950592041016 34.2231101989746 35.2995376586914 35.7988700866699 35.7931976318359 35.9431190490723 36.0588340759277 36.0408172607422 35.9756278991699 35.7658576965332 35.1875991821289 34.9192352294922 34.9344024658203 34.9425201416016 34.9756622314453 34.9827613830566 34.9730339050293 34.964973449707 34.9678001403809 34.9717254638672 34.9697952270508 34.9699287414551 34.9640045166016 34.9576797485352 34.9365539550781 34.9020080566406 34.895336151123 34.948055267334 35.0678329467773 35.2424354553223 35.4222297668457 35.541374206543 35.6764183044434 35.7495536804199 35.7877464294434 35.8846321105957 36.0119514465332 36.1477432250977
35.0943450927734 34.9973068237305 34.8182106018066 34.5797691345215 34.3461494445801 34.172176361084 34.1161270141602 34.144474029541 34.3032913208008 34.5508842468262 34.9961128234863 35.471549987793 35.8289337158203 35.4501991271973 35.127799987793 35.3075790405273 35.3863334655762 35.4817695617676 35.2875099182129 34.9791488647461 34.8923568725586 34.9331436157227 34.9706878662109 34.9868927001953 34.9718360900879 34.9760818481445 34.9944915771484 34.9736976623535 34.9713973999023 34.9679565429688 34.9956893920898 34.9818954467773 34.9772300720215 34.9418067932129 34.9228134155273 34.9036254882812 34.9255752563477 34.9724960327148 35.092887878418 35.2626762390137 35.4208297729492 35.5344314575195 35.6661262512207 35.7427215576172 35.8232841491699 35.9344749450684 36.0636711120605
35.460636138916 35.4592933654785 35.423698425293 35.3528060913086 35.2565002441406 35.1272850036621 35.0366363525391 35.0264549255371 35.0656585693359 35.155689239502 35.348949432373 35.6062698364258 35.8813743591309 35.6742401123047 35.1590461730957 34.8964767456055 34.8941535949707 34.9112854003906 34.9013137817383 34.8910942077637 34.9391784667969 34.9525566101074 34.9719390869141 34.9890365600586 34.9751091003418 34.9809341430664 34.9827308654785 34.9749984741211 34.9728202819824 34.9694366455078 35.0313262939453 35.0314865112305 34.9730567932129 34.9670066833496 34.9409446716309 34.9217071533203 34.9294166564941 34.9616317749023 34.9914665222168 35.0558624267578 35.1319580078125 35.2847671508789 35.4053573608398 35.5534172058105 35.7074508666992 35.8105659484863 35.9538497924805
35.7093391418457 35.7292633056641 35.7443237304688 35.7443809509277 35.7273025512695 35.6978378295898 35.665153503418 35.6437835693359 35.6419334411621 35.6626625061035 35.7851791381836 35.9377975463867 35.9808082580566 35.6491966247559 35.0752372741699 34.9065704345703 34.9382705688477 34.9235877990723 34.9174461364746 34.9387664794922 34.951114654541 34.9726943969727 34.9889297485352 34.9829978942871 34.9734954833984 34.9827766418457 34.9780807495117 34.9717140197754 34.9701232910156 34.9695701599121 35.0247764587402 35.0458755493164 35.0204544067383 34.9960098266602 34.9697074890137 34.9617805480957 34.951343536377 34.9497871398926 34.9606513977051 34.9822196960449 35.0053367614746 35.0327339172363 35.0825691223145 35.2119483947754 35.3576316833496 35.5168380737305 35.679500579834
