Ecospace-environmental-drivers/Outputs/ASCII-for-ecospace/Sal-bot/Sal-bot_X2002.02.asc
NCOLS 131 
NROWS 53 
XLLCORNER -98 
YLLCORNER 23.9265270233154 
CELLSIZE 0.133587792515755 
NODATA_value -3.4e+38 
[rows 21 to 41 of 53, columns 0 to 46 of 131]
-3.4e+38 -3.4e+38 -3.4e+38 -3.4e+38 -3.4e+38 -3.4e+38 30.872501373291 30.6772327423096 30.7348003387451 30.0265922546387 31.0950946807861 31.8980255126953 32.8102760314941 33.4796905517578 33.9102516174316 34.2425880432129 34.5530128479004 34.8272514343262 35.0654373168945 35.2560615539551 35.4137573242188 35.5251426696777 35.6048774719238 35.6393585205078 35.6618194580078 35.6795616149902 35.684196472168 35.7102317810059 35.7519912719727 35.7978324890137 35.8454856872559 35.8650398254395 35.8832130432129 35.8920135498047 35.9833984375 36.0499839782715 36.0694465637207 36.0558433532715 36.0272483825684 36.0187072753906 36.0414581298828 36.0246124267578 36.0170516967773 36.0215263366699 36.0202178955078 36.0214729309082 36.0379829406738
-3.4e+38 -3.4e+38 -3.4e+38 -3.4e+38 -3.4e+38 -3.4e+38 30.884765625 31.0555038452148 30.6772327423096 31.5005779266357 32.3110084533691 33.1258239746094 33.8703002929688 34.313720703125 34.5723457336426 34.7478942871094 34.9157905578613 35.0967636108398 35.2812881469727 35.4500198364258 35.5918235778809 35.7126121520996 35.7932472229004 35.8367195129395 35.8789863586426 35.9202194213867 35.978874206543 36.0667419433594 36.0954322814941 36.1419830322266 36.150634765625 36.1773452758789 36.245475769043 36.2179107666016 36.2378044128418 36.2703628540039 36.2546043395996 36.2324256896973 36.2016181945801 36.1611747741699 36.1964530944824 36.1768417358398 36.1256370544434 36.1531219482422 36.1701812744141 36.1277198791504 36.1235237121582
-3.4e+38 -3.4e+38 -3.4e+38 -3.4e+38 31.261194229126 31.1186943054199 31.1904926300049 30.884765625 31.6045150756836 32.5482444763184 33.4631080627441 34.2763137817383 34.8459968566895 35.1908493041992 35.3269882202148 35.2633628845215 35.2257194519043 35.2674140930176 35.376895904541 35.6469688415527 35.9072914123535 35.9933967590332 35.9035797119141 35.8539009094238 35.9153137207031 35.892261505127 35.9362983703613 36.0526123046875 36.2053184509277 36.1385040283203 36.2463607788086 36.2760734558105 36.2684288024902 36.0822715759277 36.2803726196289 36.1895294189453 36.0232086181641 36.0440444946289 35.8949317932129 35.4737663269043 35.5308609008789 35.5171165466309 35.8212242126465 35.5722503662109 35.7238082885742 35.7693710327148 35.8763580322266
-3.4e+38 -3.4e+38 -3.4e+38 -3.4e+38 31.3544254302979 31.3104629516602 31.1186943054199 31.5680198669434 32.6047172546387 33.5638313293457 34.4754409790039 35.1262016296387 35.504955291748 35.694507598877 35.7820739746094 35.7849082946777 35.7845039367676 35.6951179504395 35.6538467407227 35.5921440124512 35.3375816345215 35.1994400024414 35.2367858886719 35.2740936279297 35.3036727905273 35.277042388916 35.3605117797852 35.2656631469727 35.3809928894043 35.3325881958008 35.4386405944824 35.6116142272949 35.6803207397461 35.8266410827637 35.9960441589355 35.9539031982422 36.056941986084 35.8771209716797 35.4589157104492 35.1096000671387 35.1304893493652 35.190544128418 35.2400894165039 35.1536827087402 35.1001739501953 35.1572494506836 35.0609474182129
-3.4e+38 -3.4e+38 -3.4e+38 -3.4e+38 -3.4e+38 31.3544254302979 31.4582710266113 32.4462623596191 33.4923095703125 34.4845809936523 35.2591819763184 35.6168632507324 35.7946701049805 35.9630508422852 36.0695648193359 36.044849395752 35.5497817993164 35.164478302002 35.0896377563477 35.0015869140625 34.9639892578125 34.9425582885742 34.9474220275879 34.9567604064941 35.0091400146484 34.9847030639648 34.9798736572266 34.9826049804688 34.9229316711426 34.9583473205566 34.9868202209473 35.0823707580566 35.1595306396484 35.4232521057129 35.4255867004395 35.4974327087402 35.4148483276367 35.2144660949707 34.9716339111328 34.9376373291016 34.9812355041504 34.9920539855957 34.9690170288086 34.9622535705566 34.9197578430176 34.933536529541 34.9273338317871
-3.4e+38 -3.4e+38 -3.4e+38 -3.4e+38 -3.4e+38 31.59592628479 32.0898704528809 33.1946334838867 34.2680397033691 35.2454299926758 35.6273803710938 35.8050422668457 36.0434112548828 36.1440238952637 35.8852806091309 35.4919929504395 35.0884323120117 34.9636497497559 34.9436225891113 34.9386100769043 34.9644660949707 34.9534149169922 34.964656829834 34.9309272766113 34.9734153747559 34.9418067932129 34.9471855163574 34.9569129943848 34.9372825622559 34.9841384887695 34.9266891479492 34.9347076416016 35.0107688903809 35.0642204284668 35.0117874145508 35.0285186767578 34.9980812072754 35.0087738037109 34.9759941101074 34.9772758483887 34.9349136352539 34.9791297912598 34.9208221435547 34.9159965515137 34.9176826477051 34.9138259887695 34.9504318237305
-3.4e+38 -3.4e+38 32.2743186950684 32.1889381408691 31.9849586486816 31.8355083465576 32.7128067016602 33.8125 34.8980369567871 35.5589294433594 35.750186920166 36.0242233276367 36.1246299743652 35.8407287597656 35.4050521850586 35.1960716247559 34.9848709106445 34.9591598510742 34.9575157165527 34.9497566223145 34.9357147216797 34.9307289123535 34.9337272644043 34.9571533203125 34.9671936035156 34.964282989502 34.9919891357422 34.9940948486328 35.0016021728516 34.971809387207 34.9452209472656 34.9546356201172 34.9439315795898 34.9649429321289 34.9507904052734 34.9675254821777 34.9547233581543 34.9631538391113 34.9692115783691 34.9900016784668 34.9604568481445 34.960750579834 34.9736747741699 34.9740409851074 34.9433975219727 34.9438285827637 34.9752769470215
-339999999999999996128486808808066248288.000000000000000 -3.4e+38 -3.4e+38 -3.4e+38 32.1035575866699 32.1154823303223 33.1823654174805 34.3060760498047 35.2762680053711 35.6641883850098 35.8797302246094 36.136474609375 35.9141082763672 35.4056129455566 35.1712646484375 35.0161819458008 34.9476928710938 34.9636497497559 34.9454307556152 34.951587677002 34.9241600036621 34.937816619873 34.9398345947266 34.9401435852051 34.9310302734375 34.9436454772949 34.9925765991211 34.9583320617676 35.0123252868652 34.9812812805176 34.9765167236328 34.9903945922852 34.9448356628418 34.9358329772949 34.9542503356934 34.9631805419922 34.9528579711914 34.9605026245117 34.9548187255859 34.9439811706543 34.9843254089355 34.9872245788574 34.9914779663086 34.9787139892578 34.9875755310059 34.9921264648438 34.9823417663574
-3.4e+38 -3.4e+38 -3.4e+38 -3.4e+38 32.1877937316895 32.3494453430176 33.4931259155273 34.5829162597656 35.4236335754395 35.703556060791 36.0039901733398 36.0850715637207 35.5898590087891 35.2080879211426 35.0053253173828 34.9365310668945 34.8969078063965 34.9432067871094 34.9312019348145 34.9306297302246 34.9762992858887 34.9888572692871 34.9823875427246 34.9856605529785 34.9837417602539 34.9684600830078 35.0280723571777 35.0001373291016 35.047061920166 34.955394744873 34.9635314941406 34.9543991088867 34.9985961914062 34.9525375366211 34.9580078125 35.0013771057129 34.9748916625977 34.9847145080566 34.9867820739746 34.9899559020996 34.9761161804199 34.9846649169922 34.9909477233887 35.0219039916992 34.9963340759277 35.0531272888184 35.0178718566895
-3.4e+38 -3.4e+38 -3.4e+38 -3.4e+38 32.3012924194336 32.4426231384277 33.5573120117188 34.6258201599121 35.424617767334 35.6992874145508 36.0124702453613 35.960636138916 35.3218231201172 35.0691337585449 34.9591941833496 34.9210968017578 34.9391021728516 34.9370727539062 34.9845542907715 34.9860916137695 35.0141334533691 34.9828147888184 34.9644737243652 34.9722290039062 35.0789794921875 34.9881477355957 34.9794807434082 35.0639610290527 35.0615997314453 35.0057640075684 34.9418449401855 34.9701461791992 34.9840316772461 34.9691886901855 35.0108222961426 35.0041732788086 35.0017051696777 34.9789390563965 34.9850616455078 34.9698104858398 34.9831047058105 34.9956703186035 34.996208190918 34.9983940124512 35.0079956054688 35.0056571960449 35.0113983154297
-3.4e+38 -3.4e+38 -3.4e+38 -3.4e+38 32.6555099487305 32.4445724487305 33.4341049194336 34.4788665771484 35.2997779846191 35.6486625671387 35.9619255065918 35.8997497558594 35.2428131103516 35.0374221801758 34.9428253173828 34.9427642822266 34.9491310119629 34.9624290466309 34.9802398681641 35.0440483093262 35.0073776245117 34.9910202026367 34.9719429016113 34.9720611572266 35.0158653259277 34.9782638549805 34.9489936828613 34.9642906188965 35.0261611938477 34.9864120483398 35.054386138916 35.0464515686035 34.9837608337402 34.992301940918 34.9889907836914 34.9806137084961 34.983512878418 34.9728050231934 34.9830741882324 34.9881744384766 34.9871520996094 34.9851684570312 34.9774627685547 34.9775352478027 34.9822731018066 34.983757019043 34.9854927062988
-3.4e+38 -3.4e+38 -3.4e+38 -3.4e+38 32.7049217224121 32.470100402832 33.1129493713379 34.1841430664062 34.988697052002 35.486457824707 35.7448043823242 36.0318870544434 35.324520111084 34.9939002990723 34.9296455383301 34.9486999511719 34.9754981994629 34.9707794189453 34.9803428649902 35.0178413391113 34.9812545776367 34.9786987304688 34.9760627746582 34.9785919189453 34.9622268676758 34.974739074707 34.9728317260742 34.9806289672852 34.9813385009766 34.9776802062988 35.0973815917969 34.9776649475098 34.973217010498 34.9974517822266 35.012134552002 34.9934005737305 34.9998321533203 34.9960479736328 34.9820556640625 34.9787292480469 34.9798202514648 34.975700378418 35.109302520752 34.9686546325684 34.9691162109375 34.971321105957 34.9732704162598
-3.4e+38 -3.4e+38 -3.4e+38 -3.4e+38 32.8519172668457 32.5510902404785 32.8532180786133 33.816276550293 34.5855293273926 35.1679458618164 35.4906425476074 35.8536376953125 35.6199722290039 34.9862022399902 34.9331092834473 34.9504127502441 34.9994926452637 34.9724884033203 35.0251617431641 34.9897918701172 34.9804496765137 34.9764709472656 34.9737968444824 34.9720458984375 34.9841232299805 35.0189323425293 35.0282020568848 34.9758605957031 35.0115699768066 35.1022758483887 35.0996360778809 34.9839782714844 34.9873695373535 34.9875602722168 34.9726982116699 34.9741363525391 34.9720039367676 34.974853515625 34.9751930236816 35.0446815490723 34.9808082580566 35.0103034973145 35.0982360839844 35.1231842041016 35.0523719787598 34.9672813415527 35.0107803344727
-3.4e+38 -3.4e+38 -3.4e+38 -3.4e+38 -3.4e+38 32.4619903564453 32.6928024291992 33.5257186889648 34.2737846374512 34.8763580322266 35.2816276550293 35.6203117370605 35.8709716796875 35.003963470459 34.9296188354492 34.9434394836426 35.0000534057617 34.9791488647461 35.0304145812988 34.9921913146973 34.9800796508789 34.9741134643555 34.9713516235352 34.9713554382324 34.976146697998 35.0260696411133 35.0005912780762 34.9679489135742 34.9733276367188 34.9803199768066 34.9752807617188 34.9733848571777 34.9724769592285 34.9698143005371 34.9929351806641 34.9675064086914 34.9655494689941 34.9656295776367 34.9661026000977 34.9659118652344 35.0374755859375 35.0976448059082 35.0666465759277 34.9717025756836 35.0856666564941 35.0873184204102 35.0968360900879
-3.4e+38 -3.4e+38 -3.4e+38 -3.4e+38 -3.4e+38 26.65966796875 32.6065139770508 33.4425926208496 34.1419067382812 34.7511367797852 35.2076148986816 35.5522270202637 35.8707389831543 35.0249443054199 34.9229850769043 34.9472579956055 34.965145111084 34.9938735961914 35.04345703125 34.9873809814453 34.9751586914062 34.9822158813477 35.0332946777344 35.0178451538086 35.0119247436523 35.0852890014648 35.0523796081543 35.076171875 35.0706672668457 34.9749298095703 34.965503692627 34.9653053283691 34.9649047851562 34.9640350341797 35.0542488098145 34.9978294372559 34.9833526611328 34.9635200500488 34.9632759094238 34.9625205993652 34.9623222351074 35.0884246826172 35.0652160644531 35.0331039428711 35.0413284301758 35.044563293457 35.0282707214355
-3.4e+38 -3.4e+38 -3.4e+38 -3.4e+38 -3.4e+38 24.7286815643311 32.2992630004883 33.5069885253906 34.1513175964355 34.7084693908691 35.1611595153809 35.5245552062988 35.8468551635742 34.9848899841309 34.9296913146973 34.9483680725098 34.9455375671387 34.9617881774902 35.0314979553223 34.9756393432617 34.9698905944824 35.0272789001465 35.0032577514648 35.0389289855957 35.0545120239258 35.0532989501953 35.0470809936523 35.045093536377 35.035572052002 35.0587310791016 35.0563850402832 35.0486259460449 35.0314331054688 35.0238456726074 35.0598373413086 35.0440063476562 35.0022850036621 34.992977142334 35.013427734375 34.9997329711914 35.0159492492676 35.0263366699219 35.0371208190918 35.0307426452637 35.0197868347168 35.011287689209 35.0321960449219
-3.4e+38 -3.4e+38 -3.4e+38 -3.4e+38 -3.4e+38 -3.4e+38 32.5123558044434 33.5858497619629 34.2048454284668 34.7105674743652 35.1393165588379 35.5654182434082 35.8775291442871 35.0179100036621 34.9322547912598 34.9650611877441 34.9483489990234 34.9658622741699 35.0401916503906 34.9745063781738 34.9759140014648 35.0433349609375 35.0335540771484 35.0550956726074 35.0859489440918 35.0833015441895 35.0497894287109 35.0928115844727 35.1085548400879 35.0986251831055 35.0913009643555 35.087459564209 35.0895767211914 35.1001815795898 35.1036224365234 35.0974960327148 35.0956535339355 35.0540466308594 35.0078887939453 34.9923210144043 34.9806709289551 34.9845237731934 34.9894599914551 35.0005264282227 35.015380859375 34.9979248046875 34.9936828613281
-3.4e+38 -3.4e+38 -3.4e+38 -3.4e+38 -3.4e+38 -3.4e+38 32.6636695861816 33.7239570617676 34.3504981994629 34.8228950500488 35.2895927429199 35.764217376709 35.8030700683594 35.0223121643066 34.913875579834 34.9312934875488 34.9255065917969 34.9536323547363 34.9936599731445 34.9713439941406 35.0483703613281 35.0348320007324 35.0455741882324 35.0748825073242 35.0980453491211 35.0917625427246 35.0929412841797 35.0908508300781 35.0865821838379 35.0829849243164 35.0786170959473 35.0738868713379 35.0732917785645 35.0762557983398 35.0754203796387 35.0756607055664 35.0793228149414 35.0864028930664 35.0993881225586 35.0857353210449 35.0545501708984 35.0334930419922 35.024284362793 35.046028137207 35.0359382629395 35.0618362426758 35.0183258056641
-3.4e+38 -3.4e+38 -3.4e+38 -3.4e+38 -3.4e+38 -3.4e+38 32.8939094543457 33.9731597900391 34.5560607910156 35.071849822998 35.5974922180176 35.9791374206543 35.7333641052246 34.9611778259277 34.9184455871582 34.975528717041 34.9342880249023 34.9678001403809 34.9882049560547 35.0246696472168 35.0534896850586 35.0532875061035 35.1018486022949 35.1063652038574 35.0910758972168 35.0861663818359 35.0832138061523 35.0802001953125 35.0773391723633 35.0741348266602 35.0713233947754 35.0690498352051 35.066463470459 35.0670738220215 35.0697937011719 35.0698127746582 35.0711250305176 35.0727577209473 35.07958984375 35.088752746582 35.0998420715332 35.1009902954102 35.0996131896973 35.0606002807617 35.0614204406738 35.081111907959 35.0860748291016
-3.4e+38 -3.4e+38 -3.4e+38 -3.4e+38 -3.4e+38 33.0685424804688 33.2277603149414 34.2670097351074 34.8187789916992 35.3578414916992 35.8484687805176 36.0870590209961 35.5373497009277 34.9299240112305 34.9487228393555 34.9613494873047 34.9677810668945 34.9742317199707 34.994499206543 35.0371055603027 35.0573272705078 35.0944175720215 35.0996894836426 35.0920639038086 35.0861549377441 35.0832138061523 35.0792961120605 35.076774597168 35.0749855041504 35.0730361938477 35.0703964233398 35.0675239562988 35.0652160644531 35.0633430480957 35.0638694763184 35.0635223388672 35.063304901123 35.0626487731934 35.0631370544434 35.0670890808105 35.072322845459 35.0827941894531 35.1008224487305 35.1149749755859 35.1184196472168 35.104793548584 35.1070404052734
-3.4e+38 -3.4e+38 -3.4e+38 -3.4e+38 33.6225128173828 33.3140716552734 33.7887840270996 34.5624885559082 35.0967636108398 35.5729064941406 35.9933547973633 36.0503959655762 35.3008346557617 34.926025390625 34.9544639587402 34.9507637023926 34.958137512207 34.9711265563965 34.9811248779297 35.0141677856445 35.0975646972656 35.104419708252 35.0919570922852 35.0868949890137 35.0836868286133 35.0799789428711 35.0772819519043 35.0755805969238 35.0730361938477 35.0713539123535 35.0702247619629 35.0683975219727 35.0665054321289 35.0629463195801 35.0603408813477 35.0584754943848 35.0571365356445 35.0573883056641 35.057975769043 35.0593872070312 35.0629806518555 35.0698432922363 35.080451965332 35.087833404541 35.0932769775391 35.0975036621094 35.0923690795898
