Ecospace-environmental-drivers/Outputs/ASCII-for-ecospace/Sal-bot/Sal-bot_X2010.12.asc
NCOLS 131 
NROWS 53 
XLLCORNER -98 
YLLCORNER 23.9265270233154 
CELLSIZE 0.133587792515755 
NODATA_value -3.4e+38 
[rows 0 to 20 of 53, columns 47 to 93 of 131]
-3.4e+38 -3.4e+38 -3.4e+38 -3.4e+38 -3.4e+38 -3.4e+38 -3.4e+38 -3.4e+38 -3.4e+38 -3.4e+38 -3.4e+38 -3.4e+38 -3.4e+38 -3.4e+38 -3.4e+38 -3.4e+38 -3.4e+38 -3.4e+38 -3.4e+38 -3.4e+38 -3.4e+38 -3.4e+38 -3.4e+38 -3.4e+38 -3.4e+38 -3.4e+38 -3.4e+38 -3.4e+38 -3.4e+38 -3.4e+38 -3.4e+38 -3.4e+38 -3.4e+38 -3.4e+38 -3.4e+38 -3.4e+38 -3.4e+38 -3.4e+38 -3.4e+38 -3.4e+38 -3.4e+38 -3.4e+38 -3.4e+38 -3.4e+38 -3.4e+38 -3.4e+38 -3.4e+38
-3.4e+38 -3.4e+38 -3.4e+38 -3.4e+38 -3.4e+38 -3.4e+38 -3.4e+38 -3.4e+38 -3.4e+38 -3.4e+38 -3.4e+38 -3.4e+38 -3.4e+38 -3.4e+38 -3.4e+38 -3.4e+38 -3.4e+38 -3.4e+38 -3.4e+38 -3.4e+38 -3.4e+38 -3.4e+38 -3.4e+38 -3.4e+38 -3.4e+38 -3.4e+38 -3.4e+38 -3.4e+38 -3.4e+38 -3.4e+38 -3.4e+38 -3.4e+38 -3.4e+38 -3.4e+38 -3.4e+38 -3.4e+38 -3.4e+38 -3.4e+38 -3.4e+38 -3.4e+38 -3.4e+38 -3.4e+38 -3.4e+38 -3.4e+38 -3.4e+38 -3.4e+38 -3.4e+38
-3.4e+38 -3.4e+38 -3.4e+38 -3.4e+38 -3.4e+38 -3.4e+38 -3.4e+38 -3.4e+38 -3.4e+38 -3.4e+38 -3.4e+38 -3.4e+38 -3.4e+38 -3.4e+38 -3.4e+38 -3.4e+38 -3.4e+38 -3.4e+38 -3.4e+38 -3.4e+38 -3.4e+38 -3.4e+38 -3.4e+38 -3.4e+38 -3.4e+38 -3.4e+38 -3.4e+38 2.38198852539062 2.26406359672546 -3.4e+38 -3.4e+38 -3.4e+38 -3.4e+38 -3.4e+38 -3.4e+38 -3.4e+38 -3.4e+38 -3.4e+38 -3.4e+38 -3.4e+38 -3.4e+38 -3.4e+38 -3.4e+38 -3.4e+38 -3.4e+38 -3.4e+38 -3.4e+38
-3.4e+38 -3.4e+38 -3.4e+38 -3.4e+38 -3.4e+38 -3.4e+38 -3.4e+38 -3.4e+38 -3.4e+38 -3.4e+38 -3.4e+38 -3.4e+38 -3.4e+38 -3.4e+38 -3.4e+38 -3.4e+38 -3.4e+38 -3.4e+38 -3.4e+38 -3.4e+38 -3.4e+38 -3.4e+38 -3.4e+38 -3.4e+38 -3.4e+38 -3.4e+38 -3.4e+38 11.8206148147583 11.4780626296997 -3.4e+38 -3.4e+38 -3.4e+38 -3.4e+38 -3.4e+38 -3.4e+38 -3.4e+38 -3.4e+38 -3.4e+38 -3.4e+38 -3.4e+38 -3.4e+38 -3.4e+38 -3.4e+38 -3.4e+38 -3.4e+38 -3.4e+38 -3.4e+38
-3.4e+38 -3.4e+38 -3.4e+38 -3.4e+38 -3.4e+38 -3.4e+38 -3.4e+38 -3.4e+38 -3.4e+38 16.6314029693604 16.6314029693604 16.6258525848389 16.1300315856934 -3.4e+38 -3.4e+38 -3.4e+38 -3.4e+38 -3.4e+38 29.6028175354004 28.8509559631348 26.4497241973877 24.4349670410156 20.0555686950684 18.6737804412842 25.1625576019287 28.8598346710205 30.5324153900146 26.3910045623779 25.8618030548096 29.7199726104736 -3.4e+38 -3.4e+38 33.8249130249023 33.5921936035156 32.6484375 33.8226203918457 34.0007858276367 33.9921379089355 34.0328216552734 34.1528701782227 34.2183303833008 34.4172897338867 -3.4e+38 -3.4e+38 -3.4e+38 -3.4e+38 -3.4e+38
-3.4e+38 -3.4e+38 -3.4e+38 -3.4e+38 -3.4e+38 -3.4e+38 -3.4e+38 -3.4e+38 16.6314029693604 16.6314029693604 16.6314029693604 16.6314029693604 16.620304107666 16.1330852508545 15.1353340148926 -3.4e+38 22.6068553924561 29.0267105102539 29.845531463623 30.6880760192871 31.0112686157227 30.5771808624268 25.4780292510986 26.5633697509766 28.6814613342285 31.2884693145752 32.0715942382812 32.2169380187988 31.3289241790771 30.4476451873779 33.5326461791992 33.7263336181641 33.8567047119141 33.8917045593262 33.971923828125 34.3032073974609 34.4661674499512 34.5633087158203 34.5673675537109 34.5472068786621 34.5913581848145 34.4948043823242 34.3646583557129 34.3342590332031 -3.4e+38 -3.4e+38 -3.4e+38
-3.4e+38 -3.4e+38 -3.4e+38 -3.4e+38 -3.4e+38 -3.4e+38 -3.4e+38 -3.4e+38 16.8801555633545 16.6314029693604 16.6314029693604 16.6314029693604 16.6314029693604 16.609203338623 16.1563968658447 15.1353340148926 18.3793201446533 27.8860549926758 31.4482555389404 32.6694107055664 33.4622535705566 34.0045471191406 34.1080665588379 34.1938629150391 34.2320861816406 34.3090057373047 34.2238464355469 34.0137100219727 33.9176940917969 33.8357124328613 34.0047264099121 34.2558135986328 34.4202575683594 34.534610748291 34.730541229248 35.2180366516113 35.5743637084961 35.6425399780273 35.5714797973633 35.4771881103516 35.4507484436035 35.3487586975098 35.051586151123 34.6554946899414 34.395923614502 34.5313491821289 -3.4e+38
-3.4e+38 -3.4e+38 -3.4e+38 -3.4e+38 -3.4e+38 -3.4e+38 -3.4e+38 -3.4e+38 -3.4e+38 -3.4e+38 16.6314029693604 16.6314029693604 16.6314029693604 -3.4e+38 16.5870056152344 16.271842956543 17.5369663238525 23.4901847839355 30.7943916320801 32.871208190918 33.7229995727539 34.1842727661133 34.5370826721191 34.7622985839844 34.8939361572266 34.935359954834 34.8967742919922 34.7939224243164 34.7245140075684 34.6917343139648 34.7036056518555 34.7209739685059 34.7216835021973 34.8731956481934 35.3740844726562 35.8283462524414 35.8871421813965 35.9623947143555 35.9774589538574 35.9140968322754 35.8286972045898 35.7054901123047 35.5273780822754 35.219165802002 34.7514724731445 34.5052757263184 34.4727249145508
-3.4e+38 -3.4e+38 -3.4e+38 -3.4e+38 -3.4e+38 -3.4e+38 -3.4e+38 -3.4e+38 -3.4e+38 -3.4e+38 -3.4e+38 -3.4e+38 -3.4e+38 -3.4e+38 16.6011333465576 16.6373386383057 21.1775989532471 21.5499458312988 27.920202255249 32.2814903259277 33.3681755065918 33.9931716918945 34.4691047668457 34.7618370056152 35.0120010375977 35.1639518737793 35.1170883178711 35.0137672424316 34.8978805541992 34.7874031066895 34.765079498291 34.7627601623535 35.0280227661133 35.6660652160645 35.8135948181152 35.757251739502 35.8252410888672 35.9480171203613 36.0612106323242 36.0872001647949 36.0083427429199 35.879711151123 35.693733215332 35.5769081115723 35.2937698364258 34.8249206542969 34.5341186523438
25.2616138458252 -3.4e+38 -3.4e+38 -3.4e+38 -3.4e+38 -3.4e+38 -3.4e+38 -3.4e+38 -3.4e+38 -3.4e+38 26.7167186737061 23.3477306365967 -3.4e+38 -3.4e+38 -3.4e+38 22.8314685821533 26.4197750091553 26.3371391296387 29.2817249298096 32.0205688476562 33.1701889038086 33.9092025756836 34.4330940246582 34.7301177978516 35.2388687133789 35.4539604187012 35.4099235534668 35.2395858764648 35.083812713623 34.9473686218262 34.8287353515625 35.0456161499023 35.6719932556152 35.7237091064453 35.6136169433594 35.6494178771973 35.7665481567383 35.8540840148926 35.9531860351562 36.0626525878906 36.0280151367188 35.7404022216797 35.6433639526367 35.5942344665527 35.4924354553223 35.1671867370605 34.7393417358398
23.1718292236328 18.3923511505127 -3.4e+38 -3.4e+38 -3.4e+38 -3.4e+38 -3.4e+38 -3.4e+38 -3.4e+38 -3.4e+38 31.3806533813477 30.8748226165771 30.064058303833 -3.4e+38 -3.4e+38 27.4344310760498 27.0646686553955 27.4059886932373 29.9951362609863 32.0043754577637 33.1463394165039 33.8800201416016 34.3075790405273 34.8470344543457 35.5503463745117 35.5731201171875 35.3961486816406 35.2956008911133 35.1489334106445 35.045654296875 35.089527130127 35.5203399658203 35.8141250610352 35.4679908752441 35.3224945068359 35.3899841308594 35.5187950134277 35.6464729309082 35.8229331970215 35.942081451416 36.0418701171875 35.8326187133789 35.5993270874023 35.5093307495117 35.4886360168457 35.2677879333496 34.9041862487793
22.1816482543945 13.0013675689697 1.40142953395844 8.69558620452881 -3.4e+38 -3.4e+38 -3.4e+38 -3.4e+38 -3.4e+38 -3.4e+38 -3.4e+38 31.2737102508545 30.6708660125732 30.064058303833 30.0585174560547 28.4209156036377 27.6254920959473 27.4834251403809 29.5039577484131 31.8699684143066 33.2887535095215 34.0090980529785 34.7905311584473 35.6804809570312 35.7558288574219 35.6231307983398 35.4652862548828 35.3693351745605 35.3395118713379 35.3763122558594 35.5808715820312 35.6983299255371 35.4370918273926 35.1259536743164 35.0631256103516 35.0405883789062 35.131420135498 35.3191413879395 35.5420150756836 35.7795906066895 35.9480094909668 36.0590705871582 35.8414306640625 35.5299110412598 35.4565505981445 35.2735557556152 35.0326919555664
28.1614227294922 22.3152503967285 13.559063911438 11.1262664794922 -3.4e+38 -3.4e+38 -3.4e+38 -3.4e+38 31.1514739990234 31.2059268951416 31.7753868103027 31.4765338897705 30.7720336914062 31.1765079498291 31.5590724945068 30.4719104766846 28.4026374816895 27.8486347198486 28.6048336029053 30.5970344543457 34.0537643432617 35.3380126953125 35.8855056762695 35.9266014099121 35.8520698547363 35.7827987670898 35.8109817504883 35.8594093322754 35.8940773010254 35.7871894836426 35.4854621887207 35.1484832763672 34.9509544372559 34.9326057434082 34.9176864624023 34.9002075195312 35.033763885498 35.1532363891602 35.3055114746094 35.5189323425293 35.7263717651367 35.9001846313477 35.9813995361328 35.8398017883301 35.7207984924316 35.6591835021973 35.6014823913574
30.6178894042969 29.7400169372559 27.3950176239014 23.824462890625 26.6580753326416 29.9726333618164 31.0056629180908 31.4660873413086 31.7014484405518 31.9426345825195 31.8284301757812 31.4629688262939 31.5438537597656 32.4523429870605 32.6346740722656 31.4603137969971 29.0800018310547 26.9179611206055 22.7251720428467 26.8030433654785 31.4628314971924 35.7769622802734 36.0791816711426 36.0680198669434 35.9890594482422 35.8901672363281 35.5336532592773 35.2419242858887 35.0713348388672 34.963077545166 34.9255561828613 34.9276885986328 34.9244003295898 34.9092483520508 34.9047088623047 34.882194519043 34.9866752624512 35.1454200744629 35.2781143188477 35.3926811218262 35.5616226196289 35.7154541015625 35.8720703125 35.9607887268066 36.0280113220215 36.0552749633789 36.028190612793
31.7032146453857 31.4728946685791 30.9075736999512 29.7314491271973 30.0849838256836 31.5498561859131 32.148021697998 32.1919364929199 32.0770111083984 31.9114151000977 31.8387870788574 32.0210494995117 33.0153121948242 33.8100166320801 34.1753044128418 33.766716003418 30.694263458252 16.9334354400635 10.9294128417969 17.24489402771 34.7285385131836 35.9414520263672 35.9296531677246 35.394660949707 35.109619140625 34.9946975708008 34.9343070983887 34.9407806396484 34.9454498291016 34.9674530029297 34.9671745300293 34.9675216674805 34.9609146118164 34.9177742004395 34.9004974365234 34.8935203552246 34.9780731201172 35.1667518615723 35.2988891601562 35.4146423339844 35.481632232666 35.6308174133301 35.7835502624512 35.8880424499512 35.9886169433594 36.0492858886719 36.077091217041
32.9048080444336 32.4588317871094 31.8197345733643 31.1855964660645 31.3644866943359 32.2048149108887 32.507022857666 32.4079093933105 32.3575592041016 32.6314926147461 32.9435081481934 33.4822845458984 34.082893371582 34.6326217651367 35.1444320678711 35.3555679321289 34.3738899230957 26.9415245056152 32.258472442627 34.1755523681641 35.836009979248 35.4637031555176 35.1927375793457 35.000602722168 34.9201698303223 34.9270858764648 34.9382476806641 34.9650840759277 34.9745063781738 34.9723091125488 34.9831161499023 34.9848327636719 34.963695526123 34.9130439758301 34.8912200927734 34.923168182373 34.9933319091797 35.1791458129883 35.3280258178711 35.4174919128418 35.4735794067383 35.5825462341309 35.7026023864746 35.8623161315918 35.9792518615723 36.0304374694824 36.0978546142578
33.7910346984863 33.3266983032227 32.6970443725586 32.1255645751953 32.0521583557129 32.518497467041 32.7876472473145 32.8985061645508 33.0785751342773 33.4079856872559 33.7405662536621 34.2376327514648 34.7970581054688 35.2496147155762 35.7463035583496 36.0199356079102 36.0089645385742 35.9960136413574 36.0101547241211 35.5929756164551 35.1424903869629 34.9478912353516 34.9262580871582 34.930793762207 34.941967010498 34.9564628601074 34.957275390625 34.9732894897461 35.0019035339355 35.0439605712891 35.0620040893555 34.9979705810547 34.9596328735352 34.9127464294434 34.9134292602539 34.9466133117676 35.0251960754395 35.1740226745605 35.3118324279785 35.4181594848633 35.4912338256836 35.5408973693848 35.7057189941406 35.8083114624023 35.9499282836914 36.0402793884277 36.0976142883301
34.4729194641113 34.1427688598633 33.6834106445312 33.1919593811035 32.9464263916016 32.9882888793945 33.1841011047363 33.3790092468262 33.5472602844238 33.7543411254883 34.0973052978516 35.0761947631836 35.800422668457 35.7610664367676 35.9681129455566 36.1657638549805 36.1494827270508 35.9941177368164 35.7325172424316 35.1531677246094 34.9554252624512 34.935546875 34.9339027404785 34.9856834411621 34.9865074157715 34.9755592346191 34.969841003418 35.0111923217773 35.0442047119141 35.034008026123 35.0284271240234 34.9885597229004 34.9625205993652 34.9233703613281 34.9373970031738 34.9738464355469 35.0090255737305 35.0889282226562 35.248046875 35.3383331298828 35.4642868041992 35.5358772277832 35.6560897827148 35.7823638916016 35.9221801757812 35.9972534179688 36.086311340332
34.9592437744141 34.8274040222168 34.6324081420898 34.3575973510742 34.1123466491699 33.9977416992188 34.0072746276855 34.1015357971191 34.2460289001465 34.4207153320312 34.6816787719727 35.2765998840332 35.8670425415039 35.3358306884766 35.0492401123047 35.2560157775879 35.297435760498 35.387882232666 35.2428894042969 34.992504119873 34.9262466430664 34.930419921875 34.9685134887695 34.9924659729004 34.975227355957 34.9826164245605 35.0908584594727 35.03515625 35.0254936218262 35.0260276794434 35.0498390197754 35.0198364257812 34.9705696105957 34.9331283569336 34.9393081665039 34.9431800842285 34.9587860107422 34.9682083129883 35.0569114685059 35.1630897521973 35.2797012329102 35.4132804870605 35.5746421813965 35.7180519104004 35.829963684082 35.9538688659668 36.0421028137207
35.2322692871094 35.2369995117188 35.2076568603516 35.1236915588379 34.9977531433105 34.8686218261719 34.7917938232422 34.7633361816406 34.7727355957031 34.872371673584 35.0808906555176 35.5085906982422 36.0059623718262 35.5864486694336 35.0502624511719 34.9336395263672 34.9232978820801 34.926383972168 34.9275245666504 34.9344444274902 34.9388122558594 34.9462509155273 34.9724540710449 34.9963150024414 34.9725074768066 34.9902648925781 35.0734252929688 35.0329322814941 35.0115776062012 35.0089797973633 35.1011695861816 35.0973587036133 35.004020690918 34.9631423950195 34.942813873291 34.9287414550781 34.9289512634277 34.9259338378906 34.9286308288574 34.9960823059082 35.0621337890625 35.1745147705078 35.317699432373 35.5059051513672 35.71435546875 35.8376579284668 35.97314453125
35.6701698303223 35.7898063659668 35.7791442871094 35.7026519775391 35.6399078369141 35.5950241088867 35.5295448303223 35.5031700134277 35.5000076293945 35.5756721496582 35.7995796203613 36.0669708251953 36.0729866027832 35.6080169677734 35.0222969055176 34.9359550476074 34.9535026550293 34.9398460388184 34.9309310913086 34.947021484375 34.9489784240723 34.9729614257812 34.9895439147949 34.9785194396973 34.9677963256836 35.0032081604004 35.0368690490723 35.0122680664062 35.0043029785156 35.0075149536133 35.084114074707 35.1150970458984 35.0923805236816 35.0724983215332 35.0011024475098 34.9651031494141 34.9572334289551 34.9399795532227 34.9158325195312 34.9061546325684 34.9365692138672 34.9846878051758 35.0486221313477 35.1603813171387 35.2991752624512 35.5250701904297 35.6980743408203
