Ecospace-environmental-drivers/Outputs/ASCII-for-ecospace/Sal-bot/Sal-bot_X1994.09.asc
NCOLS 131 
NROWS 53 
XLLCORNER -98 
YLLCORNER 23.9265270233154 
CELLSIZE 0.133587792515755 
NODATA_value -3.4e+38 
[rows 21 to 41 of 53, columns 47 to 93 of 131]
36.2564163208008 36.2697830200195 36.2832832336426 36.2919769287109 36.3033714294434 36.305778503418 36.2593688964844 36.2643356323242 36.2319259643555 36.1185035705566 35.8825988769531 35.7741012573242 35.5905838012695 35.293155670166 35.0457496643066 34.9209442138672 34.9073257446289 34.9133529663086 34.9112510681152 34.9141464233398 34.9476547241211 34.9674606323242 34.9621124267578 34.9615592956543 34.9810447692871 34.9814224243164 34.9736709594727 34.9657745361328 34.9866371154785 35.0102958679199 34.9722900390625 34.9749450683594 34.9714393615723 34.9772109985352 34.9836273193359 34.9846420288086 34.9861030578613 34.9708137512207 34.9383506774902 34.9206352233887 34.9186744689941 34.9186782836914 34.9239158630371 34.9649620056152 35.0717430114746 35.2228164672852 35.3893356323242
36.1476745605469 36.0951728820801 36.0767936706543 36.0694694519043 36.0858459472656 35.9809417724609 35.6940269470215 35.7634887695312 35.5553245544434 35.2979316711426 35.1833534240723 35.1196022033691 35.0927810668945 34.9943199157715 34.903938293457 34.9002685546875 34.9101219177246 34.9194984436035 34.9507865905762 34.9409866333008 34.9446907043457 34.9731636047363 34.9662857055664 34.9967498779297 34.9769096374512 34.9785346984863 34.9680557250977 34.9663124084473 35.0069007873535 34.9729080200195 34.9715423583984 34.9732780456543 34.9694023132324 34.9698143005371 34.9797325134277 34.9778060913086 34.972900390625 34.9931945800781 34.9950904846191 34.9715347290039 34.956844329834 34.9521179199219 34.9418029785156 34.913890838623 34.8960647583008 34.943000793457 35.0660629272461
35.5574226379395 35.5028190612793 35.5392074584961 35.4020347595215 35.3179626464844 35.1831359863281 35.1670303344727 35.0271530151367 34.9367980957031 34.918628692627 34.9101829528809 34.9206886291504 34.9087524414062 34.8975448608398 34.9034118652344 34.9021453857422 34.9098625183105 34.95703125 34.9473762512207 34.9437637329102 34.9372863769531 34.9650726318359 34.9620018005371 34.9847602844238 34.9723243713379 34.9672470092773 34.9651870727539 34.9792747497559 35.0223999023438 34.9729614257812 34.9685974121094 34.9681777954102 34.9701118469238 34.9716453552246 34.9781036376953 34.9848861694336 34.9812622070312 34.9921112060547 35.0468521118164 35.0018424987793 34.9995269775391 35.0080604553223 34.9876823425293 34.957103729248 34.9358940124512 34.8956146240234 34.9027709960938
35.0465469360352 35.0273208618164 34.991382598877 34.9922218322754 34.9656219482422 34.9185256958008 34.9255828857422 34.9155502319336 34.9149780273438 34.9046859741211 34.9038467407227 34.8915061950684 34.9026069641113 34.9066047668457 34.910572052002 34.9069175720215 34.9498672485352 34.9485778808594 34.9471702575684 34.9636650085449 34.9618492126465 34.9652137756348 34.9597549438477 34.9799308776855 34.9756927490234 34.9792327880859 35.0099296569824 35.0063552856445 34.9927787780762 34.971607208252 34.9665603637695 34.9650611877441 34.9652709960938 34.9680519104004 34.9919548034668 34.9976768493652 35.0094223022461 35.0070762634277 35.0013771057129 35.0016288757324 35.0077514648438 35.0022811889648 35.0022888183594 34.9992027282715 34.9782676696777 34.9471015930176 34.9080657958984
34.9060516357422 34.9175643920898 34.9188613891602 34.9171333312988 34.9238052368164 34.9132347106934 34.932315826416 34.9201965332031 34.9136695861816 34.9168014526367 34.9172744750977 34.9149398803711 34.9099044799805 34.9076995849609 34.9036903381348 34.932861328125 34.9565200805664 34.954418182373 34.9641571044922 34.9530982971191 34.953742980957 34.9559135437012 34.9562492370605 34.9565315246582 34.9768028259277 34.9687118530273 34.9826354980469 35.0047569274902 34.9771575927734 34.9679336547852 34.965503692627 34.9649467468262 34.9650382995605 34.9753684997559 35.0067138671875 35.029914855957 35.0266265869141 35.0318984985352 35.0121612548828 35.0068054199219 35.00537109375 35.003360748291 35.0028991699219 35.0027465820312 35.0021476745605 34.9819030761719 34.9407005310059
34.9333915710449 34.9221229553223 34.9214553833008 34.9723892211914 34.9580955505371 34.9335861206055 34.9430770874023 35.0243835449219 34.9236755371094 34.9511222839355 34.9248008728027 34.9421157836914 34.9084014892578 34.9455261230469 34.9586944580078 34.9584693908691 34.9500617980957 34.9482498168945 34.9482841491699 34.9507637023926 34.9520950317383 34.9543037414551 34.9748649597168 34.9809989929199 34.9801368713379 34.9695243835449 34.9622383117676 35.003101348877 34.9807929992676 34.9680099487305 34.9647979736328 34.9658813476562 34.9666290283203 35.0420684814453 35.0398597717285 35.0587615966797 35.0428161621094 35.0406455993652 35.025074005127 35.0142211914062 35.0050430297852 35.0034332275391 35.0029945373535 35.0029983520508 35.0030136108398 35.0024032592773 34.9754409790039
34.9557914733887 34.9508018493652 34.966869354248 34.9910774230957 34.9719734191895 34.957576751709 34.9708595275879 34.979061126709 34.9529266357422 34.9673118591309 34.9692878723145 34.9602890014648 34.9580307006836 34.9548721313477 34.974983215332 34.9695625305176 34.9794807434082 34.9740333557129 34.9675445556641 34.9673194885254 34.9512100219727 34.9760665893555 34.9684982299805 34.9660568237305 34.9656105041504 34.9648704528809 34.961799621582 34.9873199462891 34.9745597839355 34.9670257568359 34.9713935852051 34.9738616943359 34.9743270874023 34.9725379943848 35.0045166015625 35.0669288635254 35.0491600036621 35.0345344543457 35.0126686096191 35.0101699829102 35.0057373046875 35.0031852722168 35.0030250549316 35.0035743713379 35.0047950744629 35.0096092224121 34.9927291870117
34.9550399780273 34.9638786315918 35.0076675415039 34.9656791687012 34.9611396789551 34.9987182617188 34.9874839782715 34.9518356323242 34.9530754089355 34.9435539245605 34.9505729675293 34.9567031860352 34.9709815979004 34.9736938476562 34.9767532348633 34.9726104736328 34.9667625427246 34.9658813476562 34.9698753356934 34.9782180786133 34.9772529602051 34.9786911010742 34.9683113098145 34.96435546875 34.9712371826172 35.0042114257812 35.0024223327637 34.977840423584 34.9751968383789 34.9704437255859 34.9775238037109 34.9799385070801 34.9807167053223 34.974422454834 34.9953765869141 34.9956741333008 35.0486221313477 35.0366401672363 35.0105972290039 35.0105209350586 35.0060195922852 35.0032386779785 35.006778717041 35.0093460083008 35.0075950622559 35.0047073364258 35.0039710998535
34.9750137329102 34.9635429382324 34.9588623046875 34.9574356079102 34.9629364013672 34.9674339294434 34.9757537841797 34.9758911132812 34.9767379760742 34.9624214172363 34.9752922058105 34.9702262878418 34.9659767150879 34.9665908813477 34.9656829833984 34.9650764465332 34.964672088623 34.9647560119629 34.9644737243652 34.9660797119141 34.9699020385742 34.9725494384766 34.9682502746582 34.964542388916 35.0195579528809 35.0005722045898 34.976936340332 34.9785079956055 34.9724197387695 34.9705276489258 34.9748649597168 34.9749946594238 34.9737319946289 34.970832824707 34.9717597961426 34.9727172851562 35.0249633789062 35.0062789916992 35.0078010559082 35.0185737609863 35.0101051330566 35.0066757202148 35.0106773376465 35.0078201293945 35.0083465576172 35.0110511779785 35.0072174072266
34.9613609313965 34.963077545166 35.0261306762695 35.0013999938965 34.9582443237305 35.0161323547363 34.9615898132324 34.9614791870117 34.9617919921875 34.9758110046387 34.9665756225586 34.9854736328125 35.0192947387695 34.9805793762207 34.9784851074219 34.9793090820312 35.0020523071289 34.998104095459 34.9971885681152 35.004753112793 34.9663696289062 34.9662551879883 34.9664726257324 34.9651184082031 35.0078277587891 34.9830551147461 34.9742279052734 34.9689483642578 34.9720497131348 34.9743728637695 34.9701881408691 34.9759674072266 34.978816986084 34.9754524230957 34.9732093811035 34.9752807617188 35.0169830322266 35.022289276123 35.0162391662598 35.0216102600098 35.0153465270996 35.0139427185059 35.0122756958008 35.0110778808594 35.0096054077148 35.0075378417969 35.0072135925293
35.0589447021484 34.9551773071289 34.9947738647461 34.9821662902832 34.9583740234375 34.9548950195312 34.9580688476562 34.9562759399414 34.9555892944336 34.9781875610352 34.9990310668945 35.0138397216797 34.990909576416 34.9937324523926 34.9899635314941 34.9879951477051 34.9791679382324 34.9735069274902 34.9776420593262 34.9855155944824 34.9981956481934 34.9657859802246 34.9642906188965 34.9646034240723 35.0037689208984 34.9816246032715 34.9747581481934 34.9684753417969 34.9702682495117 34.9709625244141 34.9721832275391 34.9782600402832 34.9733848571777 34.9744491577148 34.9756355285645 34.9738693237305 35.0489463806152 35.032398223877 35.0305061340332 35.0191192626953 35.0147399902344 35.0260047912598 35.0204734802246 35.017520904541 35.0143394470215 35.0122032165527 35.0074081420898
34.9622383117676 34.9539222717285 34.9555587768555 34.9928436279297 34.9554443359375 34.9787178039551 34.974983215332 34.9776573181152 34.9670181274414 35.0190162658691 35.0011520385742 34.981258392334 34.9725112915039 34.9710922241211 34.9707908630371 34.9702644348145 34.9724502563477 34.9669952392578 34.9668235778809 34.9767723083496 34.9860382080078 34.9905853271484 34.9629974365234 34.9633331298828 34.9843139648438 35.004638671875 34.9746551513672 34.9781265258789 34.9731788635254 34.9808731079102 34.975772857666 34.9751739501953 34.9822235107422 34.9758911132812 34.974292755127 34.9716148376465 35.0502281188965 35.0372581481934 35.0367622375488 35.0070877075195 35.0107917785645 35.0191841125488 35.0214767456055 35.0208930969238 35.0226097106934 35.0240669250488 35.0195388793945
34.9822311401367 34.9811401367188 34.9823570251465 34.9806213378906 34.9837608337402 34.9783325195312 34.977897644043 34.9896965026855 35.0167655944824 34.9841537475586 34.9682960510254 34.9656410217285 34.964599609375 34.9650268554688 34.9675369262695 34.9690246582031 34.9694175720215 34.9688453674316 34.9725494384766 34.9715042114258 34.97119140625 34.9809455871582 34.996940612793 35.0066413879395 34.9997901916504 34.9998550415039 34.9785308837891 34.9764862060547 34.9813995361328 34.9831428527832 34.9775009155273 34.9786338806152 34.978214263916 34.9756507873535 34.9794540405273 35.0244216918945 35.0440063476562 35.0330505371094 35.0284309387207 35.0100936889648 35.0123825073242 35.0200119018555 35.0209617614746 35.032356262207 35.0597686767578 35.0703239440918 35.0536499023438
34.9819831848145 34.9904022216797 34.9826278686523 34.9821090698242 34.981388092041 34.9762992858887 34.9938621520996 34.9856719970703 34.9759674072266 34.978515625 35.0316848754883 35.0533981323242 35.0236968994141 35.0581893920898 35.0481376647949 35.014331817627 34.9862365722656 34.9701080322266 34.9699592590332 34.9709243774414 34.9711761474609 34.9846267700195 34.9762763977051 34.9902648925781 34.9885330200195 34.9748725891113 34.9783248901367 34.9789962768555 34.9864196777344 34.9745140075684 34.975414276123 34.9812698364258 35.0026473999023 35.0264282226562 35.0592842102051 35.0666465759277 35.047908782959 35.028392791748 35.0215644836426 35.0173721313477 35.0179061889648 35.0202789306641 35.0199127197266 35.0403442382812 35.0904769897461 35.0957374572754 35.0800628662109
34.9810218811035 34.9833564758301 34.9795608520508 34.9773483276367 34.9748344421387 34.968448638916 35.0364646911621 35.0451583862305 35.0302810668945 35.015682220459 35.0035591125488 35.0035514831543 35.0120735168457 35.0203628540039 35.0330696105957 35.0350646972656 35.0507545471191 35.0774383544922 35.0458450317383 34.9674339294434 34.9684181213379 34.9709510803223 34.9717712402344 34.9745864868164 34.9755020141602 34.9752922058105 34.9779739379883 34.9738655090332 34.9765663146973 34.980037689209 35.0164909362793 35.0647659301758 35.046272277832 35.0498161315918 35.0461463928223 35.046257019043 35.0552368164062 35.0522537231445 35.0482902526855 35.0353546142578 35.0345001220703 35.027660369873 35.028434753418 35.0439872741699 35.0821495056152 35.098991394043 35.0842247009277
34.9721488952637 34.9712829589844 34.9673538208008 34.9738998413086 34.9844818115234 35.0071067810059 35.0094146728516 35.0042419433594 34.9972152709961 34.9924201965332 34.9905433654785 34.9927062988281 34.997142791748 35.0060424804688 35.0131454467773 35.0131607055664 35.0180053710938 35.0276031494141 35.0337944030762 35.0501174926758 35.0142021179199 34.9686126708984 34.9690055847168 34.9708709716797 34.975830078125 34.9793815612793 34.9748611450195 34.974983215332 34.9830436706543 35.0358123779297 35.0641746520996 35.0432662963867 35.043586730957 35.0444450378418 35.0364952087402 35.0321769714355 35.0357894897461 35.0368728637695 35.0323715209961 35.0339431762695 35.036994934082 35.0341148376465 35.0400123596191 35.048282623291 35.058780670166 35.0576553344727 35.0464210510254
34.9670219421387 34.9654159545898 34.9902992248535 35.0185508728027 35.0107727050781 34.9983139038086 34.9953498840332 34.9969673156738 34.9947891235352 34.991527557373 34.9916534423828 34.9931907653809 34.9957160949707 35.0001525878906 35.001651763916 35.0046691894531 35.0074234008789 35.0115051269531 35.0126037597656 35.0179328918457 35.034740447998 35.0225791931152 35.0030708312988 35.0308036804199 35.0244293212891 35.0269317626953 35.0453453063965 35.0393714904785 35.0592460632324 35.0500526428223 35.0506210327148 35.048698425293 35.0442733764648 35.0378913879395 35.0323104858398 35.0300750732422 35.0295448303223 35.0265617370605 35.0287322998047 35.0295715332031 35.0371780395508 35.0364990234375 35.0322380065918 35.0310935974121 35.027458190918 35.023738861084 35.0191230773926
34.9708557128906 34.9912261962891 35.0145530700684 35.003791809082 34.9951972961426 34.9877319335938 34.9898490905762 34.9925384521484 34.9948081970215 34.9929428100586 34.9925575256348 34.9905166625977 34.9936485290527 34.9983024597168 34.9982719421387 35.0008316040039 35.0024108886719 35.0022163391113 35.0035247802734 35.0069808959961 35.0147514343262 35.0235786437988 35.0352935791016 35.0473709106445 35.049430847168 35.0560646057129 35.0573234558105 35.0541000366211 35.0555992126465 35.0518341064453 35.0433502197266 35.0358734130859 35.0309219360352 35.0245666503906 35.0201644897461 35.0242614746094 35.0215339660645 35.0170440673828 35.0131072998047 35.011157989502 35.0126075744629 35.0185737609863 35.0142364501953 35.0158424377441 35.0144844055176 35.0098114013672 35.0104942321777
35.0104866027832 35.0127182006836 35.0057334899902 34.9987182617188 34.986686706543 34.9797668457031 34.9824714660645 34.9888305664062 34.992618560791 34.9912910461426 34.9880867004395 34.9845123291016 34.9882202148438 34.994312286377 34.9977111816406 34.9990921020508 35.0004959106445 35.0017013549805 35.0030250549316 35.0068626403809 35.0110130310059 35.0175857543945 35.0241394042969 35.0298538208008 35.0326538085938 35.0337409973145 35.0362586975098 35.041332244873 35.0423126220703 35.0385475158691 35.0285224914551 35.0231666564941 35.020694732666 35.0179710388184 35.0148277282715 35.0160751342773 35.0172233581543 35.016429901123 35.0109329223633 35.0155067443848 35.011604309082 35.0073356628418 35.0118255615234 35.0123977661133 35.0073051452637 35.011058807373 35.0089225769043
35.0106315612793 35.007152557373 35.0026588439941 34.9934196472168 34.9819030761719 34.9770469665527 34.9786834716797 34.983283996582 34.9863929748535 34.9876861572266 34.9857063293457 34.9807357788086 34.9811859130859 34.9873313903809 34.9929733276367 34.9961204528809 34.9973564147949 34.9981536865234 35.0009307861328 35.0034446716309 35.0063285827637 35.0108108520508 35.0141258239746 35.0175247192383 35.0189476013184 35.0205421447754 35.0238456726074 35.0277976989746 35.028736114502 35.024169921875 35.0178565979004 35.0141067504883 35.0113334655762 35.0093650817871 35.0094413757324 35.0104866027832 35.0143394470215 35.0115547180176 35.0109367370605 35.0142059326172 35.0168304443359 35.0104522705078 35.0095176696777 35.0129623413086 35.0106315612793 35.0112190246582 35.0066070556641
35.0065956115723 35.0036277770996 34.9964599609375 34.9897422790527 34.9829559326172 34.9802894592285 34.9805183410645 34.9826583862305 34.9843482971191 34.9851226806641 34.9854316711426 34.9803886413574 34.9774742126465 34.9792098999023 34.9841232299805 34.9872398376465 34.9886474609375 34.9907722473145 34.992992401123 34.99560546875 34.9984359741211 35.0009498596191 35.0016975402832 35.0035285949707 35.0056037902832 35.0090599060059 35.0121917724609 35.0161628723145 35.0172386169434 35.0144577026367 35.009693145752 35.0064697265625 35.0039596557617 35.0018882751465 35.0036163330078 35.0063743591309 35.0101928710938 35.0116233825684 35.0123977661133 35.0162696838379 35.0146636962891 35.0171890258789 35.0102233886719 35.0159797668457 35.0135459899902 35.0077133178711 35.0073928833008
