Ecospace-environmental-drivers/Outputs/ASCII-for-ecospace/Sal-bot/Sal-bot_X1999.11.asc
NCOLS 131 
NROWS 53 
XLLCORNER -98 
YLLCORNER 23.9265270233154 
CELLSIZE 0.133587792515755 
NODATA_value -3.4e+38 
[rows 21 to 41 of 53, columns 0 to 46 of 131]
-3.4e+38 -3.4e+38 -3.4e+38 -3.4e+38 -3.4e+38 -3.4e+38 32.8356552124023 32.6738357543945 32.5577735900879 32.1302871704102 32.5954818725586 33.0383071899414 33.5950317382812 33.935359954834 34.0853538513184 34.156005859375 34.2018966674805 34.2254791259766 34.2157592773438 34.3173179626465 34.5927085876465 34.7290840148926 34.8699989318848 34.9183731079102 35.0430755615234 35.0882873535156 35.1734428405762 35.2847480773926 35.3527374267578 35.468074798584 35.5533409118652 35.6379356384277 35.6511268615723 35.724235534668 35.8212814331055 35.9253425598145 36.028564453125 36.019847869873 36.002815246582 36.0455207824707 36.0744476318359 36.0219841003418 36.023509979248 36.0797233581543 36.1162605285645 36.1231460571289 36.1805534362793
-3.4e+38 -3.4e+38 -3.4e+38 -3.4e+38 -3.4e+38 -3.4e+38 32.9509124755859 32.8822212219238 32.6738357543945 32.8692016601562 33.3051986694336 33.7704429626465 34.1099891662598 34.3186569213867 34.4132537841797 34.4692993164062 34.4974708557129 34.4780197143555 34.6245994567871 34.9355812072754 35.3891525268555 35.7088851928711 35.9039344787598 35.9079780578613 35.8117179870605 35.7280960083008 35.8081207275391 35.9453239440918 35.938907623291 35.935417175293 35.9197540283203 36.0835647583008 36.1992340087891 36.2646560668945 36.3274269104004 36.3362731933594 36.3375587463379 36.3333702087402 36.3162727355957 36.2953453063965 36.3315315246582 36.329647064209 36.3381767272949 36.3443489074707 36.3600082397461 36.3559722900391 36.3523941040039
-3.4e+38 -3.4e+38 -3.4e+38 -3.4e+38 33.1204452514648 32.9658432006836 33.0108032226562 32.9509124755859 33.021915435791 33.4299964904785 33.8901634216309 34.2487449645996 34.6638717651367 34.9132118225098 35.0947685241699 34.957950592041 34.8879814147949 34.9856643676758 35.4310913085938 36.0013198852539 36.2019729614258 36.1834487915039 36.0922088623047 36.0391731262207 36.0591697692871 36.0378952026367 36.0511322021484 36.1558532714844 36.2715492248535 36.2321739196777 36.3057594299316 36.3362045288086 36.3411254882812 36.2945938110352 36.3587989807129 36.3102378845215 36.2274513244629 36.23291015625 36.081298828125 35.642333984375 35.7621536254883 35.7347869873047 36.0426292419434 35.8040390014648 35.9752807617188 36.0104141235352 36.0568962097168
-3.4e+38 -3.4e+38 -3.4e+38 -3.4e+38 33.2539138793945 33.1415748596191 32.9658432006836 33.115650177002 33.4600448608398 33.9356307983398 34.3619384765625 34.7836608886719 35.3021659851074 35.7405624389648 35.9505462646484 35.9036903381348 35.8561134338379 35.8214836120605 35.8629493713379 35.740550994873 35.4660110473633 35.2625579833984 35.3271903991699 35.3495292663574 35.403003692627 35.3721656799316 35.4720191955566 35.434440612793 35.531135559082 35.5230674743652 35.6328544616699 35.8726615905762 35.9745674133301 36.0180854797363 36.1121635437012 36.0588035583496 36.1022567749023 35.9601745605469 35.5952949523926 35.1671829223633 35.2055320739746 35.2808418273926 35.3176956176758 35.2270202636719 35.1430397033691 35.2019348144531 35.1049461364746
-3.4e+38 -3.4e+38 -3.4e+38 -3.4e+38 -3.4e+38 33.2539138793945 33.2049713134766 33.4056243896484 33.8749465942383 34.3923225402832 34.9113883972168 35.436840057373 35.9385643005371 36.2636985778809 36.2929267883301 36.1182975769043 35.6569671630859 35.2507553100586 35.1582107543945 35.0140380859375 34.9566879272461 34.9353485107422 34.9504890441895 34.9618644714355 35.0108795166016 34.9950523376465 35.0094184875488 35.0674819946289 35.0043601989746 35.005859375 35.0742149353027 35.1863975524902 35.2841949462891 35.5728988647461 35.6144142150879 35.6271133422852 35.499927520752 35.2578887939453 34.9704933166504 34.9477348327637 35.004753112793 34.984001159668 34.9512519836426 34.9505310058594 34.9186477661133 34.9294128417969 34.9270172119141
-3.4e+38 -3.4e+38 -3.4e+38 -3.4e+38 -3.4e+38 33.5118637084961 33.437915802002 33.7229957580566 34.25927734375 34.8286323547363 35.351749420166 35.9148406982422 36.2819862365723 36.2575874328613 35.9928703308105 35.5916023254395 35.1190872192383 34.9379806518555 34.9252738952637 34.9180145263672 34.9309844970703 34.930549621582 34.9403076171875 34.9217910766602 34.9486274719238 34.9229049682617 34.9250373840332 34.9283256530762 34.9219169616699 34.9530334472656 34.9418334960938 34.9447059631348 35.0145072937012 35.0574607849121 35.039478302002 35.0437507629395 34.9984741210938 35.028980255127 34.9492988586426 34.9430732727051 34.9210472106934 34.9369773864746 34.914478302002 34.9276847839355 34.9293327331543 34.9235000610352 34.931583404541
-3.4e+38 -3.4e+38 34.4838104248047 34.3729782104492 33.937686920166 33.6438484191895 33.6167335510254 34.0245094299316 34.6161003112793 35.1902923583984 35.7669906616211 36.2350234985352 36.2821273803711 36.0014419555664 35.5084075927734 35.2611923217773 34.9668235778809 34.9256324768066 34.928783416748 34.9372901916504 34.9304351806641 34.9308433532715 34.9328002929688 34.9382591247559 34.938419342041 34.9348754882812 34.9670372009277 34.970027923584 34.9710884094238 34.9397964477539 34.9177436828613 34.9456481933594 34.934741973877 34.9654388427734 34.951343536377 34.9544219970703 34.9374656677246 34.9456748962402 34.9380798339844 34.9600524902344 34.9408950805664 34.9333152770996 34.9534149169922 34.9645690917969 34.9347610473633 34.9344596862793 34.9595680236816
-339999999999999996128486808808066248288.000000000000000 -3.4e+38 -3.4e+38 -3.4e+38 34.2621421813965 33.7867698669434 33.7763862609863 34.2550659179688 34.8302726745605 35.4224319458008 36.0915794372559 36.3051910400391 36.0941047668457 35.4993896484375 35.2561798095703 35.0351104736328 34.9208602905273 34.926139831543 34.9251594543457 34.9415588378906 34.9304733276367 34.9427490234375 34.9439735412598 34.9452705383301 34.9351959228516 34.935474395752 34.9709243774414 34.932430267334 34.9902801513672 34.9536285400391 34.9500312805176 34.9709053039551 34.9296913146973 34.9224319458008 34.939208984375 34.9522476196289 34.9369583129883 34.9436531066895 34.9371948242188 34.9369964599609 34.9678802490234 34.9674644470215 34.9735145568848 34.9675407409668 34.9776573181152 34.9780235290527 34.9672241210938
-3.4e+38 -3.4e+38 -3.4e+38 -3.4e+38 34.2795944213867 33.895206451416 33.8978805541992 34.3802146911621 34.9530639648438 35.6238059997559 36.2667198181152 36.2631721496582 35.7584991455078 35.255485534668 35.0099334716797 34.9173011779785 34.9064064025879 34.9237899780273 34.9237327575684 34.925121307373 34.9564056396484 34.9699211120605 34.9701385498047 34.975902557373 34.9786834716797 34.9650382995605 35.018871307373 34.9763565063477 35.020191192627 34.9407157897949 34.943000793457 34.9349403381348 34.9801635742188 34.9489936828613 34.9461860656738 34.9810791015625 34.962589263916 34.976245880127 34.9763259887695 34.9806137084961 34.9701690673828 34.9737854003906 34.9749603271484 34.9873199462891 34.9772834777832 35.0014114379883 34.9895210266113
-3.4e+38 -3.4e+38 -3.4e+38 -3.4e+38 34.3206825256348 34.0457000732422 33.9583549499512 34.418155670166 35.0110130310059 35.7362632751465 36.3195915222168 36.1343002319336 35.3960113525391 35.1012535095215 34.9428443908691 34.9278106689453 34.9269714355469 34.9245567321777 34.964958190918 34.9677124023438 34.9858894348145 34.9679222106934 34.9601974487305 34.9644622802734 35.0502586364746 34.9828071594238 34.9704818725586 35.0479049682617 35.0429496765137 34.9969940185547 34.9341850280762 34.9635848999023 34.9749565124512 34.9651145935059 34.9998779296875 34.9883728027344 34.9793853759766 34.9771957397461 34.979907989502 34.9683265686035 34.9784240722656 34.9802436828613 34.975772857666 34.9728775024414 34.9729080200195 34.974552154541 34.9720306396484
-3.4e+38 -3.4e+38 -3.4e+38 -3.4e+38 35.084041595459 34.221752166748 34.0284385681152 34.3599243164062 34.968563079834 35.6683387756348 36.3103446960449 36.0635261535645 35.3161697387695 35.0596961975098 34.9300956726074 34.9343490600586 34.9381294250488 34.943790435791 34.9584808349609 35.005184173584 34.9909362792969 34.9819068908691 34.9643325805664 34.9653434753418 34.9982414245605 34.9718589782715 34.9415893554688 34.9571876525879 35.0112838745117 34.9796562194824 35.0236511230469 35.0097351074219 34.9727210998535 34.9820785522461 34.9859466552734 34.9760437011719 34.977424621582 34.9765281677246 34.9786529541016 34.9794845581055 34.9761085510254 34.9709701538086 34.9677581787109 34.964412689209 34.9661483764648 34.9652481079102 34.9636459350586
-3.4e+38 -3.4e+38 -3.4e+38 -3.4e+38 35.0982475280762 34.3934898376465 34.1337661743164 34.2247123718262 34.7602767944336 35.4241256713867 36.1854515075684 36.2575340270996 35.4350280761719 35.0040550231934 34.9294738769531 34.9416313171387 34.9647674560547 34.9555206298828 34.9598007202148 34.9967994689941 34.9724731445312 34.9681015014648 34.9759902954102 34.9819107055664 34.9539260864258 34.9591255187988 34.9612426757812 34.9681549072266 34.970817565918 34.9672584533691 35.0477638244629 34.9677734375 34.9651222229004 34.9822235107422 34.9908409118652 34.9909133911133 34.9994010925293 34.9804382324219 34.9702758789062 34.9678268432617 34.9679183959961 34.9660148620605 35.0543937683105 34.9625244140625 34.9614601135254 34.959171295166 34.9600715637207
-3.4e+38 -3.4e+38 -3.4e+38 -3.4e+38 35.31689453125 34.4987297058105 34.2533416748047 34.1898994445801 34.5478515625 35.089672088623 35.7761306762695 36.2739524841309 35.7844696044922 34.9907569885254 34.9347076416016 34.9353103637695 34.9690246582031 34.9533615112305 34.9952621459961 34.9782295227051 34.9659423828125 34.9644584655762 34.9632911682129 34.9702377319336 34.9745483398438 35.0080795288086 35.0099983215332 34.9669570922852 34.9997329711914 35.0378952026367 35.0464973449707 34.9775772094727 34.9792251586914 34.9793281555176 34.9706573486328 34.9744491577148 34.976448059082 34.9733924865723 34.9677505493164 35.03662109375 34.9726181030273 34.9806213378906 35.0379486083984 35.0506935119629 34.9972839355469 34.9609756469727 34.9682769775391
-3.4e+38 -3.4e+38 -3.4e+38 -3.4e+38 -3.4e+38 34.2938690185547 34.2795829772949 34.2248764038086 34.4452018737793 34.9481468200684 35.4482917785645 36.0913696289062 36.0537300109863 35.0166969299316 34.9345703125 34.9323959350586 34.9699249267578 34.9588165283203 34.985466003418 34.9737815856934 34.9654846191406 34.9621734619141 34.9606094360352 34.9615364074707 34.964183807373 35.0244674682617 34.9915084838867 34.958251953125 34.9650421142578 34.9781455993652 34.9768371582031 34.9701614379883 34.9682350158691 34.967845916748 34.984691619873 34.9627532958984 34.9633903503418 34.9681930541992 34.965763092041 34.9634170532227 35.0059852600098 35.0272598266602 35.0193099975586 34.9666633605957 35.0076370239258 34.9856872558594 34.9752655029297
-3.4e+38 -3.4e+38 -3.4e+38 -3.4e+38 -3.4e+38 32.2827415466309 34.2111625671387 34.2599792480469 34.4757194519043 34.9498901367188 35.4211654663086 35.9990158081055 36.1065979003906 35.0488166809082 34.9313011169434 34.9344177246094 34.949390411377 34.9714775085449 34.9777908325195 34.9673690795898 34.9638137817383 34.966194152832 34.997444152832 34.9924812316895 34.987922668457 35.0691337585449 35.0306701660156 34.9899749755859 35.0384635925293 34.9722595214844 34.9616508483887 34.9602813720703 34.9608840942383 34.9644584655762 35.0410003662109 34.9887886047363 34.9661102294922 34.9599533081055 34.9628448486328 34.9604873657227 34.958251953125 35.0177154541016 35.017578125 34.9853096008301 34.973258972168 34.9719009399414 34.9721870422363
-3.4e+38 -3.4e+38 -3.4e+38 -3.4e+38 -3.4e+38 28.373706817627 34.0433883666992 34.3134078979492 34.5589904785156 35.0251274108887 35.4578971862793 36.007942199707 35.9861640930176 35.012939453125 34.939151763916 34.9328346252441 34.9291343688965 34.938648223877 34.9826202392578 34.9629745483398 34.9565238952637 34.9868469238281 34.9793281555176 35.0123672485352 35.0233917236328 35.0173072814941 35.0095329284668 35.0143203735352 35.0256767272949 35.0397796630859 35.0476226806641 35.0335693359375 35.0177040100098 35.0130615234375 35.0476226806641 35.0332260131836 34.9972915649414 34.9869575500488 34.9995536804199 34.9744491577148 34.9755897521973 34.9781532287598 34.9825286865234 34.971809387207 34.9697265625 34.9697875976562 34.9914283752441
-3.4e+38 -3.4e+38 -3.4e+38 -3.4e+38 -3.4e+38 -3.4e+38 34.2628364562988 34.3897857666016 34.6893768310547 35.1478805541992 35.5565032958984 36.0642013549805 36.0039176940918 35.0498275756836 34.9390754699707 34.9408531188965 34.9174537658691 34.9373474121094 34.9842109680176 34.9625587463379 34.9596786499023 34.9887962341309 35.0022811889648 35.0237503051758 35.054069519043 35.0550193786621 35.0227355957031 35.0664596557617 35.0938682556152 35.0884323120117 35.092658996582 35.0937156677246 35.0898399353027 35.0923728942871 35.0926246643066 35.0904121398926 35.0815048217773 35.040584564209 34.998104095459 34.983325958252 34.9688262939453 34.9687232971191 34.9675178527832 34.9751777648926 34.9886741638184 34.9767189025879 34.9655113220215
-3.4e+38 -3.4e+38 -3.4e+38 -3.4e+38 -3.4e+38 -3.4e+38 34.3960227966309 34.4828071594238 34.8435554504395 35.2978134155273 35.6904258728027 36.2023620605469 35.9284973144531 35.0720901489258 34.9276733398438 34.9223213195801 34.9087371826172 34.9253463745117 34.9672470092773 34.9595146179199 34.9772834777832 34.9924049377441 35.0099105834961 35.0447273254395 35.0671157836914 35.0595970153809 35.0610733032227 35.0685501098633 35.0692329406738 35.0728874206543 35.0771484375 35.0799446105957 35.0798988342285 35.0782737731934 35.0793037414551 35.080493927002 35.0794219970703 35.084098815918 35.0913887023926 35.0698890686035 35.0422325134277 35.0241241455078 35.006420135498 35.0206985473633 35.0129890441895 35.0275917053223 35.0014610290527
-3.4e+38 -3.4e+38 -3.4e+38 -3.4e+38 -3.4e+38 -3.4e+38 34.4953269958496 34.6267700195312 35.0563163757324 35.4501609802246 35.8715667724609 36.2754096984863 35.8311920166016 35.0000839233398 34.9256057739258 34.9472961425781 34.9245681762695 34.9412040710449 34.9649658203125 34.9785118103027 35.0032501220703 35.0199699401855 35.0273094177246 35.0470962524414 35.056324005127 35.0541801452637 35.0540580749512 35.0550384521484 35.0565452575684 35.0600509643555 35.0632934570312 35.0645179748535 35.0646286010742 35.0668144226074 35.0714912414551 35.071834564209 35.0725936889648 35.0779838562012 35.0841751098633 35.0886650085449 35.0923309326172 35.089786529541 35.080883026123 35.0451507568359 35.056339263916 35.0796699523926 35.0739479064941
-3.4e+38 -3.4e+38 -3.4e+38 -3.4e+38 -3.4e+38 34.649585723877 34.5398216247559 34.8420791625977 35.2660026550293 35.5810165405273 36.0730895996094 36.2909278869629 35.6163139343262 34.9510726928711 34.9352912902832 34.9363899230957 34.933464050293 34.9447822570801 34.9670944213867 35.0061416625977 35.0101432800293 35.0413055419922 35.0569000244141 35.0512657165527 35.0487937927246 35.0486831665039 35.0493278503418 35.0502243041992 35.0507431030273 35.050537109375 35.051097869873 35.0530090332031 35.0565719604492 35.0598831176758 35.0617980957031 35.0617713928223 35.062671661377 35.0649909973145 35.0686798095703 35.0722465515137 35.0757522583008 35.0829734802246 35.0938110351562 35.0986099243164 35.0966148376465 35.0819358825684 35.083854675293
-3.4e+38 -3.4e+38 -3.4e+38 -3.4e+38 34.9881820678711 34.7062072753906 34.6202964782715 35.0749702453613 35.4140014648438 35.7038192749023 36.2592239379883 36.2069664001465 35.3314895629883 34.9377708435059 34.9318923950195 34.9375343322754 34.9390907287598 34.9513740539551 34.9786796569824 34.9718475341797 35.0393295288086 35.0618743896484 35.0511932373047 35.046516418457 35.0457191467285 35.0458374023438 35.0458831787109 35.0449829101562 35.043586730957 35.0438232421875 35.0451431274414 35.047248840332 35.0504379272461 35.053150177002 35.0544471740723 35.0550498962402 35.0555000305176 35.0561866760254 35.0586318969727 35.0619163513184 35.0661277770996 35.0724143981934 35.0829048156738 35.0887603759766 35.0908317565918 35.0899353027344 35.0872764587402
