Ecospace-environmental-drivers/Outputs/ASCII-for-ecospace/Sal-bot/Sal-bot_X1997.12.asc
NCOLS 131 
NROWS 53 
XLLCORNER -98 
YLLCORNER 23.9265270233154 
CELLSIZE 0.133587792515755 
NODATA_value -3.4e+38 
[rows 21 to 41 of 53, columns 47 to 93 of 131]
36.0055541992188 36.0662078857422 36.1209144592285 36.139533996582 36.1476058959961 36.1365013122559 36.0723609924316 36.1140060424805 36.1090431213379 36.0653457641602 35.8190612792969 35.6803207397461 35.3527526855469 35.0392761230469 34.9292182922363 34.9015846252441 34.9415321350098 34.9323692321777 34.9346885681152 34.933422088623 34.9535179138184 34.983081817627 34.9680366516113 34.9624404907227 34.9858779907227 34.9958801269531 34.9736595153809 34.9707412719727 34.9930572509766 35.0518798828125 35.0345306396484 35.0185203552246 35.0195198059082 35.0194931030273 35.0235252380371 35.0202865600586 35.0129432678223 34.9955101013184 34.9526519775391 34.9264068603516 34.9252777099609 34.9216537475586 34.9169921875 34.9331092834473 34.9601554870605 35.0644760131836 35.2774543762207
35.9448204040527 35.8625907897949 35.9030647277832 35.9101600646973 35.9894027709961 35.8475532531738 35.4895057678223 35.6321983337402 35.4449119567871 35.1549835205078 35.0454978942871 34.9855270385742 34.9720802307129 34.913688659668 34.8844108581543 34.8992805480957 34.9393768310547 34.9382553100586 34.9661636352539 34.9569282531738 34.9505233764648 34.9836692810059 34.9642601013184 34.9905319213867 34.9779243469238 34.9745483398438 34.9700546264648 34.9675369262695 35.0204963684082 35.0269584655762 35.0143966674805 35.0136032104492 35.003360748291 35.0002136230469 35.0018539428711 35.0024719238281 35.0024909973145 35.0134620666504 35.0167350769043 35.0001792907715 34.9779014587402 34.9629516601562 34.9511680603027 34.9246368408203 34.9131355285645 34.9184837341309 34.9886589050293
35.3545570373535 35.3634834289551 35.478458404541 35.3162117004395 35.2066993713379 35.0957565307617 35.1062889099121 34.9970664978027 34.9132118225098 34.907299041748 34.9044151306152 34.8934860229492 34.8892631530762 34.9013748168945 34.9390563964844 34.9364433288574 34.9347229003906 34.9712028503418 34.9561500549316 34.9564933776855 34.9519309997559 34.9771919250488 34.9636001586914 34.9929237365723 34.9717254638672 34.9692306518555 34.9690170288086 34.9915199279785 35.0634651184082 35.0221900939941 35.0109062194824 35.0037002563477 34.9961090087891 34.9929161071777 34.997386932373 34.9927368164062 34.9914093017578 35.0130805969238 35.0778732299805 35.0183868408203 35.0113792419434 35.0089225769043 35.0080528259277 34.9711456298828 34.9422264099121 34.9087715148926 34.8847770690918
35.0005531311035 34.9976425170898 34.9799270629883 34.9839248657227 34.9711227416992 34.920238494873 34.9343757629395 34.9203300476074 34.9373092651367 34.9215965270996 34.9296455383301 34.9111595153809 34.9376831054688 34.9407653808594 34.9489440917969 34.9418182373047 34.967414855957 34.9675636291504 34.9763374328613 34.9869766235352 34.9796905517578 34.9778747558594 34.9661331176758 35.000545501709 34.9753875732422 34.9830780029297 35.0444030761719 35.0560111999512 35.0437316894531 35.0229721069336 35.0112915039062 35.007194519043 35.0041275024414 35.0008583068848 35.0453300476074 35.0484504699707 35.068904876709 35.0588989257812 35.0579490661621 35.0370216369629 35.022102355957 35.0110015869141 35.0110054016113 35.0129814147949 34.9979057312012 34.9616012573242 34.9161949157715
34.9388275146484 34.9404945373535 34.9301567077637 34.9318885803223 34.9359321594238 34.9216270446777 34.9461936950684 34.9358787536621 34.9425621032715 34.9484481811523 34.9503746032715 34.9500770568848 34.945140838623 34.9407615661621 34.9395408630371 34.965446472168 34.9745864868164 34.974681854248 34.998291015625 34.974536895752 34.9662132263184 34.9626007080078 34.9620590209961 34.9629211425781 34.9854583740234 34.9718780517578 34.991527557373 35.0485038757324 35.0299797058105 35.0161476135254 35.0091438293457 35.0083160400391 35.0071830749512 35.0207557678223 35.0286979675293 35.0492706298828 35.0473747253418 35.0643196105957 35.0577659606934 35.0379676818848 35.0347900390625 35.0255737304688 35.0117530822754 35.0110206604004 35.0113334655762 35.0030326843262 34.9540939331055
34.9407920837402 34.9307632446289 34.9300689697266 34.9953880310059 34.9855766296387 34.9489631652832 34.9411163330078 34.984447479248 34.9326057434082 34.9568023681641 34.9329032897949 34.9528465270996 34.9317092895508 34.9660224914551 34.9856719970703 34.978630065918 34.9709625244141 34.9680252075195 34.96630859375 34.9663429260254 34.9643249511719 34.960693359375 34.9752807617188 34.9786033630371 34.9723815917969 34.9730491638184 34.9699172973633 35.0278854370117 35.0302467346191 35.013053894043 35.0029716491699 35.0001640319824 34.9990119934082 35.0596618652344 35.0622253417969 35.0809898376465 35.0493087768555 35.0495758056641 35.0412712097168 35.0380516052246 35.0334701538086 35.0405502319336 35.0205001831055 35.0110969543457 35.0113639831543 35.0120887756348 35.0056228637695
34.9665184020996 34.9646110534668 34.9951515197754 35.0194206237793 34.9930191040039 34.9802513122559 34.9907646179199 34.966007232666 34.9622840881348 34.9888458251953 34.991756439209 34.990161895752 34.9857063293457 34.9792709350586 35.0047492980957 35.0032997131348 34.9980697631836 34.9881248474121 34.9859466552734 34.9856491088867 34.9634742736816 34.9845314025879 34.9729995727539 34.9689712524414 34.9677581787109 34.9693946838379 34.9700012207031 35.0396957397461 35.021671295166 35.0122985839844 35.011474609375 35.0098609924316 35.0103797912598 35.003604888916 35.0250129699707 35.0814819335938 35.0725479125977 35.0529975891113 35.0273551940918 35.0418395996094 35.0299377441406 35.0181503295898 35.0166358947754 35.0114593505859 35.0278205871582 35.016773223877 35.0126571655273
34.9662857055664 34.9855155944824 35.0320014953613 34.9855155944824 34.9787101745605 35.01416015625 35.0092430114746 34.9646072387695 34.9741249084473 34.9689712524414 34.9771385192871 34.986946105957 34.9939727783203 35.001293182373 35.0100860595703 34.9975814819336 34.9816741943359 34.976432800293 34.9781455993652 34.9811019897461 34.9943084716797 34.9819374084473 34.9715614318848 34.9665451049805 34.976131439209 35.0160522460938 35.0355224609375 35.0230445861816 35.0152015686035 35.0115585327148 35.0111885070801 35.0118713378906 35.0121917724609 35.0043334960938 35.0229148864746 35.0202293395996 35.0701789855957 35.0618743896484 35.0518531799316 35.0487785339355 35.021125793457 35.0118942260742 35.0145797729492 35.0191841125488 35.0261116027832 35.0130386352539 35.0250587463379
34.9892387390137 34.976806640625 34.9728469848633 34.9751358032227 34.9830207824707 34.9876365661621 34.9938430786133 34.9928321838379 34.9968223571777 34.9903106689453 35.0026550292969 34.9977073669434 34.9889221191406 34.9856300354004 34.9778633117676 34.9768180847168 34.9764785766602 34.9742317199707 34.9745254516602 34.9789428710938 34.9766654968262 34.9751777648926 34.9699630737305 34.9671325683594 35.0409927368164 35.0178718566895 35.0207595825195 35.0166282653809 35.0138816833496 35.0100555419922 35.0091171264648 35.0075836181641 35.0039176940918 34.9943733215332 34.9959373474121 34.9941253662109 35.0470542907715 35.0559425354004 35.0398635864258 35.0377235412598 35.018669128418 35.0120010375977 35.0127563476562 35.0140075683594 35.0152359008789 35.0323638916016 35.0205688476562
34.9733238220215 34.9761505126953 35.0551643371582 35.0358772277832 34.9655342102051 35.0402145385742 34.9811897277832 34.9875106811523 34.9880180358887 35.0087471008301 34.995964050293 35.0034980773926 35.0336761474609 34.9914245605469 34.9861946105957 34.985767364502 35.0158576965332 35.0322456359863 35.0330657958984 35.0237770080566 34.9740104675293 34.9726219177246 34.9689025878906 34.966724395752 35.0374641418457 35.0233497619629 35.0201416015625 35.0170097351074 35.0128631591797 35.0100288391113 35.0026817321777 35.0007934570312 35.0002708435059 34.9968795776367 34.9933547973633 34.994686126709 35.0383834838867 35.0421981811523 35.0352630615234 35.0325202941895 35.0182113647461 35.0218505859375 35.0163230895996 35.0148811340332 35.0165786743164 35.0190658569336 35.01904296875
35.0960578918457 34.9652404785156 35.0162773132324 35.0111427307129 34.9648590087891 34.9672775268555 34.9702682495117 34.9752464294434 34.9802894592285 35.009449005127 35.009635925293 35.0230484008789 35.0178451538086 35.011116027832 35.0131759643555 35.0126113891602 35.0073432922363 35.0042457580566 35.0122604370117 35.0394020080566 35.0178604125977 34.9719848632812 34.9676666259766 34.9658813476562 35.0203056335449 35.0358276367188 35.0183906555176 35.0153312683105 35.010124206543 35.0067138671875 35.0033378601074 35.0031051635742 35.004997253418 35.0011825561523 35.0047416687012 34.9992294311523 35.0555152893066 35.0203552246094 35.0505599975586 35.0399742126465 35.027458190918 35.0372009277344 35.0350494384766 35.0348701477051 35.0275650024414 35.0306243896484 35.021312713623
34.9723320007324 34.9620933532715 34.9602851867676 34.9927673339844 34.9596862792969 35.0000076293945 34.9915618896484 34.9946899414062 34.9884834289551 35.0241775512695 35.0206146240234 35.0075836181641 35.0028533935547 34.9946250915527 35.0000343322754 34.9912414550781 34.9969902038574 34.9927062988281 35.0008583068848 35.0139579772949 35.022388458252 35.019889831543 34.9666175842285 34.9658737182617 34.994327545166 35.0434150695801 35.0334396362305 35.0197067260742 35.013786315918 35.0133323669434 35.0059051513672 35.0057067871094 35.0090522766113 35.0016899108887 34.994499206543 34.9886512756348 35.0612335205078 35.0401153564453 35.0579147338867 35.0195426940918 35.0201263427734 35.018196105957 35.0301170349121 35.0186386108398 35.0130310058594 35.0123672485352 35.0133514404297
35.005054473877 34.9939613342285 34.991340637207 34.9851188659668 34.991870880127 34.9976959228516 34.9930763244629 34.9994850158691 35.0193977355957 35.0118598937988 35.0041809082031 34.9999618530273 35.0036888122559 34.9885864257812 34.9854316711426 34.9908142089844 35.0016937255859 35.000431060791 35.0123329162598 35.0035972595215 35.0070190429688 35.0257568359375 35.0375862121582 35.0503921508789 35.0523719787598 35.0341377258301 35.0241088867188 35.0159378051758 35.0128021240234 35.0122413635254 35.0014152526855 35.0078125 35.0078048706055 35.0049438476562 34.9981460571289 35.0361366271973 35.055736541748 35.0503845214844 35.0488624572754 35.0422248840332 35.0396957397461 35.0363693237305 35.0387153625488 35.0313339233398 35.0168724060059 35.0137062072754 35.0132675170898
34.9801597595215 34.9799575805664 34.9766387939453 34.9820861816406 34.9841995239258 34.9885940551758 35.006721496582 35.0065078735352 35.0116767883301 35.0124092102051 35.0700187683105 35.0586471557617 35.0560684204102 35.0997428894043 35.1001281738281 35.0389709472656 35.0123405456543 35.00341796875 34.9959106445312 34.9996795654297 35.0138244628906 35.0145606994629 35.0187225341797 35.0198860168457 35.0183982849121 35.0126304626465 35.0062713623047 35.0024909973145 35.0054512023926 34.9902648925781 34.9895935058594 35.0027198791504 35.0224533081055 35.0309066772461 35.0629348754883 35.0723838806152 35.0567779541016 35.0500984191895 35.0588798522949 35.0438995361328 35.0432662963867 35.0440216064453 35.0285339355469 35.0297164916992 35.0127182006836 35.0143241882324 35.0148239135742
34.9746742248535 34.9776649475098 34.9866104125977 34.9853668212891 34.9812240600586 34.9756507873535 35.0503883361816 35.0599174499512 35.0447883605957 35.0542106628418 35.0554885864258 35.0507850646973 35.0551834106445 35.0783615112305 35.1150054931641 35.112606048584 35.0869064331055 35.0414009094238 35.0509605407715 34.9862365722656 35.0013580322266 35.0046043395996 35.0011711120605 35.0098037719727 35.0060615539551 34.9996681213379 35.0004920959473 34.992862701416 34.9947280883789 35.0032157897949 35.0299224853516 35.0876770019531 35.0532836914062 35.0658950805664 35.0629196166992 35.0595245361328 35.0760498046875 35.076976776123 35.0732231140137 35.0571174621582 35.0571250915527 35.045337677002 35.047290802002 35.0312690734863 35.0137023925781 35.0147018432617 35.0212707519531
34.9708976745605 34.9756393432617 34.9803733825684 34.9941062927246 35.0009918212891 35.032341003418 35.0442810058594 35.0396041870117 35.0403022766113 35.0397682189941 35.035041809082 35.0384178161621 35.0470314025879 35.0519256591797 35.0717010498047 35.0729179382324 35.071044921875 35.0608177185059 35.0606727600098 35.0698585510254 35.0282669067383 34.993522644043 34.990478515625 34.9914016723633 34.9985580444336 35.0041961669922 35.0012321472168 34.9985160827637 35.0060729980469 35.0480117797852 35.0829086303711 35.0570487976074 35.0546989440918 35.0646705627441 35.0545539855957 35.0533332824707 35.0647201538086 35.0627212524414 35.0635757446289 35.0575523376465 35.0508460998535 35.0443077087402 35.0393600463867 35.0305862426758 35.0202751159668 35.0263557434082 35.0291290283203
34.9661064147949 34.9721145629883 35.0122718811035 35.0480766296387 35.0417518615723 35.0328521728516 35.0299224853516 35.0289611816406 35.0269737243652 35.0253562927246 35.0254936218262 35.0299682617188 35.0365524291992 35.0428428649902 35.0460472106934 35.048225402832 35.0485649108887 35.0432510375977 35.0438232421875 35.051685333252 35.0508041381836 35.0207672119141 35.0210456848145 35.0394515991211 35.0336837768555 35.0412864685059 35.0572090148926 35.0459823608398 35.0667343139648 35.049373626709 35.0565490722656 35.0621643066406 35.0518341064453 35.0434265136719 35.0392303466797 35.0473251342773 35.045337677002 35.0537033081055 35.0536956787109 35.0507011413574 35.0511856079102 35.0515785217285 35.0291595458984 35.028076171875 35.028003692627 35.0311508178711 35.0352020263672
34.9887428283691 35.0139617919922 35.0435104370117 35.0331153869629 35.0253829956055 35.0231399536133 35.0216598510742 35.0210876464844 35.0206489562988 35.0226097106934 35.0252113342285 35.0330963134766 35.0379447937012 35.0380859375 35.0390319824219 35.0401229858398 35.0391235351562 35.0372123718262 35.0365867614746 35.0347366333008 35.0409774780273 35.0490989685059 35.0499038696289 35.0690498352051 35.0455093383789 35.0533752441406 35.0525550842285 35.0543975830078 35.0544395446777 35.0579719543457 35.0603828430176 35.050895690918 35.055793762207 35.0431213378906 35.0452880859375 35.0308685302734 35.0215263366699 35.0237236022949 35.026309967041 35.0500259399414 35.0565795898438 35.0517768859863 35.0462799072266 35.046932220459 35.047420501709 35.0410766601562 35.0420989990234
35.0461959838867 35.045108795166 35.0384521484375 35.0289306640625 35.0224266052246 35.0189361572266 35.017993927002 35.0179481506348 35.0187950134277 35.0208930969238 35.0244750976562 35.0298919677734 35.0344696044922 35.0355949401855 35.0352058410645 35.0349578857422 35.0350799560547 35.0351066589355 35.0356178283691 35.0338554382324 35.034854888916 35.0328750610352 35.0341949462891 35.0366897583008 35.0487480163574 35.0321235656738 35.0306053161621 35.0431289672852 35.0494728088379 35.0563468933105 35.0420951843262 35.0407791137695 35.0377655029297 35.0361671447754 35.0318832397461 35.0399131774902 35.0419273376465 35.0450782775879 35.0453643798828 35.0524406433105 35.051929473877 35.0544395446777 35.0534477233887 35.0518989562988 35.0488243103027 35.0455513000488 35.0416030883789
35.0478935241699 35.0404090881348 35.033748626709 35.0271911621094 35.0209007263184 35.018009185791 35.0172882080078 35.0170822143555 35.0170288085938 35.0180625915527 35.020938873291 35.0260314941406 35.0309219360352 35.0348052978516 35.0372352600098 35.0374908447266 35.0380020141602 35.0375556945801 35.0390853881836 35.0412139892578 35.0365715026855 35.0378952026367 35.0377349853516 35.0329055786133 35.0421371459961 35.0350761413574 35.0365524291992 35.0462684631348 35.0472602844238 35.0418853759766 35.041072845459 35.0324478149414 35.0318641662598 35.0333709716797 35.0313415527344 35.0303955078125 35.0403060913086 35.0416984558105 35.0457038879395 35.0481834411621 35.0495834350586 35.0486907958984 35.0495262145996 35.0499534606934 35.0474472045898 35.0449104309082 35.0407257080078
35.0374145507812 35.0309448242188 35.0310974121094 35.0219078063965 35.0197448730469 35.0177688598633 35.0171127319336 35.0156402587891 35.0139236450195 35.0136260986328 35.0158195495605 35.0202140808105 35.024528503418 35.0289611816406 35.0323677062988 35.0348014831543 35.0359268188477 35.037769317627 35.0395698547363 35.0407333374023 35.0411491394043 35.0387344360352 35.035530090332 35.0325736999512 35.0356407165527 35.0349578857422 35.0310592651367 35.0346908569336 35.0372581481934 35.0423851013184 35.0405693054199 35.0356712341309 35.0310020446777 35.0254402160645 35.0303955078125 35.0266304016113 35.0349464416504 35.0381202697754 35.0398216247559 35.0470733642578 35.0455627441406 35.0476188659668 35.0449562072754 35.0487403869629 35.0456886291504 35.0413475036621 35.0405082702637
