Ecospace-environmental-drivers/Outputs/ASCII-for-ecospace/Sal-bot/Sal-bot_X2008.07.asc
NCOLS 131 
NROWS 53 
XLLCORNER -98 
YLLCORNER 23.9265270233154 
CELLSIZE 0.133587792515755 
NODATA_value -3.4e+38 
[rows 21 to 41 of 53, columns 47 to 93 of 131]
36.0166816711426 36.0568656921387 36.0914726257324 36.1159172058105 36.1408996582031 36.1588096618652 36.1389541625977 36.1697273254395 36.1606369018555 36.059440612793 35.8141174316406 35.698169708252 35.4139633178711 35.1327285766602 34.9459953308105 34.8755722045898 34.9209823608398 34.9206008911133 34.9178466796875 34.9221649169922 34.9588356018066 34.9700927734375 34.9672622680664 34.9675941467285 35.0337524414062 35.0321235656738 34.9884872436523 34.9935874938965 35.0198974609375 35.0914039611816 35.0876731872559 35.0693473815918 35.0807456970215 35.072925567627 35.0670471191406 35.0547523498535 35.0401382446289 35.0198364257812 34.9434356689453 34.908748626709 34.8995819091797 34.8859481811523 34.8635139465332 34.8539352416992 34.9102096557617 35.0365409851074 35.2009620666504
36.0085563659668 35.9379196166992 35.9400215148926 35.9441299438477 35.996768951416 35.9222755432129 35.6192054748535 35.7360763549805 35.5326881408691 35.2350692749023 35.1067047119141 35.049934387207 34.9979209899902 34.9202461242676 34.8644752502441 34.8776168823242 34.9236221313477 34.923641204834 34.9628372192383 34.9511489868164 34.9540863037109 34.9736022949219 34.9752388000488 35.041389465332 35.0159187316895 34.9937896728516 34.9834098815918 34.9882926940918 35.043270111084 35.0567359924316 35.0542945861816 35.0548095703125 35.0594024658203 35.0590171813965 35.0533142089844 35.0502967834473 35.0463256835938 35.0394020080566 35.0483551025391 35.0444183349609 34.9809761047363 34.9590454101562 34.9377326965332 34.899829864502 34.8588104248047 34.8527679443359 34.9127311706543
35.5359382629395 35.4990196228027 35.5379371643066 35.4195289611816 35.3048706054688 35.1473388671875 35.1367301940918 35.0125961303711 34.9242210388184 34.9036254882812 34.8840713500977 34.8908157348633 34.8865661621094 34.8925590515137 34.9145736694336 34.9177284240723 34.9225692749023 34.9710273742676 34.9646835327148 34.961124420166 34.958137512207 34.9756126403809 34.9706420898438 35.0506629943848 35.0052490234375 34.9882049560547 34.9865570068359 35.0075073242188 35.1000709533691 35.0576171875 35.0443840026855 35.0438842773438 35.0494270324707 35.0481452941895 35.0442161560059 35.0428619384766 35.0402297973633 35.0445175170898 35.1186904907227 35.0911560058594 35.093204498291 35.0949325561523 35.0463905334473 34.9736251831055 34.9308280944824 34.8840484619141 34.8516960144043
35.0346870422363 35.0153045654297 34.9775009155273 34.9831733703613 34.9677925109863 34.9125823974609 34.9286193847656 34.9160766601562 34.9262542724609 34.8989562988281 34.9062690734863 34.8864059448242 34.9165573120117 34.9280090332031 34.9354553222656 34.9247169494629 34.9663238525391 34.9746589660645 34.9691848754883 34.9828758239746 34.975227355957 34.9758453369141 34.96826171875 35.0456161499023 35.0148506164551 35.0108795166016 35.0772705078125 35.0869369506836 35.0759201049805 35.0487327575684 35.0460090637207 35.0378456115723 35.041431427002 35.0398063659668 35.0974235534668 35.0986824035645 35.1147766113281 35.100887298584 35.1058120727539 35.1009483337402 35.1021461486816 35.1012725830078 35.0966186523438 35.0929908752441 35.0298500061035 34.9543685913086 34.898853302002
34.9144172668457 34.931697845459 34.922534942627 34.9220695495605 34.9314308166504 34.9051055908203 34.9531478881836 34.9346389770508 34.931640625 34.9338798522949 34.9329071044922 34.9328765869141 34.9275703430176 34.9256057739258 34.9268455505371 34.9617385864258 34.9732360839844 34.9761619567871 34.98095703125 34.9784164428711 34.96875 34.9674263000488 34.968318939209 34.9759483337402 35.0301895141602 34.9923439025879 35.0108642578125 35.0797996520996 35.0612144470215 35.0461959838867 35.038745880127 35.0361747741699 35.0413284301758 35.0566139221191 35.0851135253906 35.11083984375 35.0958366394043 35.1151962280273 35.1122131347656 35.099536895752 35.0984420776367 35.0915222167969 35.0981254577637 35.0990333557129 35.1016387939453 35.0410346984863 34.9485778808594
34.935474395752 34.923698425293 34.92529296875 34.9681053161621 34.9640274047852 34.9448051452637 34.9611778259277 35.0648536682129 34.9380912780762 34.9496879577637 34.930778503418 34.9543571472168 34.9191474914551 34.9599456787109 34.9695625305176 34.9820785522461 34.9748191833496 34.9689865112305 34.9634780883789 34.9662933349609 34.966739654541 34.9637832641602 35.0361213684082 35.0500831604004 35.026065826416 35.0037689208984 34.981819152832 35.0520477294922 35.0580749511719 35.0375022888184 35.0337982177734 35.0354537963867 35.0366287231445 35.0951042175293 35.111946105957 35.1244812011719 35.1086387634277 35.1087188720703 35.0916519165039 35.0997276306152 35.098014831543 35.0965538024902 35.0970840454102 35.0983352661133 35.0975494384766 35.0978317260742 35.0184173583984
34.9598121643066 34.9522247314453 34.9701614379883 34.984977722168 34.9720344543457 34.980598449707 34.9842071533203 35.0004386901855 34.9630813598633 34.979175567627 34.9883003234863 34.9651107788086 34.962718963623 34.9662666320801 35.0213432312012 35.0299682617188 35.0555725097656 35.0503540039062 35.017879486084 35.0150375366211 34.9607009887695 35.0439453125 35.0226631164551 35.001636505127 34.9991264343262 34.9890098571777 34.9811897277832 35.0699157714844 35.0474853515625 35.0356788635254 35.0331382751465 35.0366058349609 35.0359992980957 35.034538269043 35.0599136352539 35.1228828430176 35.1118621826172 35.1000823974609 35.0783157348633 35.0967025756836 35.100528717041 35.0998497009277 35.1004486083984 35.0998725891113 35.0979804992676 35.0974617004395 35.066333770752
34.9575881958008 34.9674797058105 35.0027160644531 34.9624099731445 34.9580268859863 34.9996452331543 35.0012550354004 34.9668769836426 34.9701843261719 34.9576568603516 34.9601211547852 34.981315612793 35.0129013061523 35.0376014709473 35.0691719055176 35.0388221740723 35.0117149353027 35.0030899047852 35.0071029663086 35.0326309204102 35.0473289489746 35.0433120727539 35.0103645324707 34.9937934875488 35.0183563232422 35.0441093444824 35.0715560913086 35.0529479980469 35.0362777709961 35.0316925048828 35.0319290161133 35.0348091125488 35.0332641601562 35.0325355529785 35.0543060302734 35.0631217956543 35.1218605041504 35.1149787902832 35.1027717590332 35.1025314331055 35.1024627685547 35.1013565063477 35.1009635925293 35.0993537902832 35.0979652404785 35.0977821350098 35.0932350158691
34.9645881652832 34.9618873596191 34.9584655761719 34.9545631408691 34.9525909423828 34.9605255126953 34.9683265686035 34.9765281677246 34.9893341064453 34.9836082458496 35.0376319885254 35.0236129760742 35.0144195556641 35.0238914489746 35.0070114135742 35.0032424926758 34.990779876709 34.9882583618164 34.9896011352539 34.9880828857422 34.9961357116699 35.0171089172363 35.0095252990723 35.0012016296387 35.0826873779297 35.0628280639648 35.0538711547852 35.0427017211914 35.0357131958008 35.029354095459 35.0312156677246 35.0320434570312 35.0330581665039 35.033260345459 35.0314178466797 35.0286178588867 35.1107330322266 35.1208000183105 35.1106910705566 35.1083221435547 35.108470916748 35.1099510192871 35.1086769104004 35.1029968261719 35.0982856750488 35.0974235534668 35.0983200073242
34.955379486084 34.9626159667969 35.0595359802246 35.0496292114258 34.9518775939941 35.0204048156738 34.9525451660156 34.9568405151367 34.9617958068848 35.0282974243164 35.0193328857422 35.0253067016602 35.0666427612305 35.0289039611816 35.0033264160156 35.0221481323242 35.0743598937988 35.0835189819336 35.0731048583984 35.0535011291504 34.9842987060547 35.0000495910645 34.9960708618164 34.9922485351562 35.0745010375977 35.0543022155762 35.053295135498 35.0480766296387 35.0371170043945 35.0305328369141 35.0293579101562 35.0293006896973 35.0319328308105 35.0331954956055 35.0315818786621 35.0289535522461 35.1002883911133 35.1168403625488 35.1064987182617 35.1068153381348 35.1077995300293 35.108757019043 35.1109390258789 35.1095428466797 35.1055755615234 35.101131439209 35.0979194641113
35.091682434082 34.958568572998 35.0110054016113 35.0227737426758 34.9511680603027 34.9506645202637 34.952751159668 34.9534912109375 34.9659004211426 35.029972076416 35.0457878112793 35.0817375183105 35.0785751342773 35.0675773620605 35.0798797607422 35.0790061950684 35.0697975158691 35.0583038330078 35.0590476989746 35.0775985717773 35.0424766540527 34.9926147460938 35.0009841918945 34.9895553588867 35.056713104248 35.0716743469238 35.0507431030273 35.0472602844238 35.038158416748 35.033145904541 35.029857635498 35.0305328369141 35.0324401855469 35.0321235656738 35.0314712524414 35.028678894043 35.1068687438965 35.1034927368164 35.1050720214844 35.100887298584 35.0997505187988 35.1002159118652 35.1061592102051 35.111686706543 35.1130638122559 35.1103553771973 35.1059913635254
34.9678535461426 34.9567565917969 34.9596977233887 35.0429153442383 34.9523735046387 35.0303230285645 35.0518608093262 35.0443687438965 35.0242500305176 35.0868072509766 35.0746231079102 35.0652046203613 35.0595932006836 35.0571556091309 35.0584869384766 35.0562973022461 35.0514335632324 35.0485572814941 35.0524139404297 35.0510559082031 35.0588531494141 35.0611305236816 34.9847793579102 34.9835548400879 35.018253326416 35.0837364196777 35.0740623474121 35.0555686950684 35.0511512756348 35.0437126159668 35.0381546020508 35.0346641540527 35.0318260192871 35.0294876098633 35.0273208618164 35.0265960693359 35.1077690124512 35.1070022583008 35.1039619445801 35.0963020324707 35.1015777587891 35.1069297790527 35.1152534484863 35.1212921142578 35.1221961975098 35.118709564209 35.1150245666504
35.026725769043 35.0340385437012 35.0417785644531 35.0372314453125 35.0388221740723 35.0350074768066 35.0372161865234 35.0465660095215 35.0617294311523 35.0620918273926 35.0513229370117 35.0464057922363 35.0458679199219 35.0432624816895 35.0432052612305 35.0425605773926 35.0417289733887 35.0424308776855 35.0419235229492 35.043140411377 35.0497436523438 35.0751953125 35.0814018249512 35.0839080810547 35.0910110473633 35.077823638916 35.0675468444824 35.0582466125488 35.0465507507324 35.0446548461914 35.0374374389648 35.0314598083496 35.0297622680664 35.0251159667969 35.024845123291 35.068603515625 35.1136779785156 35.110164642334 35.1068496704102 35.1044807434082 35.1027069091797 35.1121864318848 35.1221160888672 35.1244583129883 35.1220436096191 35.1201858520508 35.116096496582
35.0420303344727 35.0329170227051 35.033390045166 35.0392723083496 35.042106628418 35.0340766906738 35.0471611022949 35.0503273010254 35.0487785339355 35.0549964904785 35.1085777282715 35.132640838623 35.1057548522949 35.1211585998535 35.1174468994141 35.0775909423828 35.0549812316895 35.0407257080078 35.0415306091309 35.0417289733887 35.0451469421387 35.0547714233398 35.0679931640625 35.0580749511719 35.0612106323242 35.061107635498 35.050708770752 35.0437240600586 35.0357627868652 35.0373077392578 35.0319213867188 35.0335426330566 35.0540161132812 35.0721817016602 35.1062278747559 35.1158027648926 35.1171226501465 35.1125907897949 35.1101684570312 35.106632232666 35.1053199768066 35.11767578125 35.1265411376953 35.121509552002 35.1155166625977 35.116268157959 35.1144790649414
35.0372581481934 35.0278854370117 35.0310401916504 35.0349235534668 35.0281829833984 35.0162315368652 35.1031227111816 35.1256217956543 35.1258354187012 35.1271057128906 35.1265258789062 35.1275749206543 35.1306343078613 35.1331367492676 35.1339340209961 35.1339645385742 35.1319427490234 35.1290016174316 35.0947418212891 35.046314239502 35.0449562072754 35.0469856262207 35.0510635375977 35.055290222168 35.051139831543 35.0460433959961 35.0418663024902 35.0382957458496 35.0356178283691 35.0314331054688 35.0612449645996 35.1238899230957 35.1116523742676 35.1113700866699 35.1097183227539 35.1110496520996 35.1196937561035 35.1230278015137 35.1181831359863 35.1140403747559 35.1177558898926 35.1274833679199 35.1250038146973 35.114185333252 35.1075973510742 35.1075592041016 35.1080284118652
35.0218658447266 35.0185852050781 35.0079612731934 35.0303497314453 35.0431137084961 35.0915679931641 35.1129989624023 35.1165466308594 35.1171264648438 35.1101722717285 35.1088180541992 35.1173362731934 35.126766204834 35.1324653625488 35.1335601806641 35.1335105895996 35.1339797973633 35.1339263916016 35.133903503418 35.1208457946777 35.0759773254395 35.0476417541504 35.0468254089355 35.0447578430176 35.042163848877 35.0410041809082 35.0389671325684 35.0363082885742 35.0397529602051 35.0783729553223 35.121021270752 35.1114387512207 35.1098022460938 35.1074714660645 35.107723236084 35.1104774475098 35.1150093078613 35.1206703186035 35.1217308044434 35.1258735656738 35.1297912597656 35.1301383972168 35.1216163635254 35.1135330200195 35.1090049743652 35.1069107055664 35.105827331543
35.0157127380371 35.0114288330078 35.042797088623 35.105224609375 35.1126136779785 35.1097373962402 35.1108818054199 35.1125450134277 35.1117515563965 35.109920501709 35.110050201416 35.1165390014648 35.123161315918 35.1270484924316 35.1290473937988 35.1326179504395 35.1338081359863 35.1333885192871 35.1333274841309 35.133846282959 35.1339302062988 35.112678527832 35.0738258361816 35.0982055664062 35.098014831543 35.082462310791 35.0982093811035 35.0980339050293 35.1190452575684 35.1263771057129 35.1199798583984 35.115406036377 35.1118392944336 35.1073150634766 35.1064910888672 35.1098823547363 35.1118507385254 35.1166152954102 35.1220970153809 35.1311264038086 35.1316947937012 35.1267280578613 35.1226844787598 35.1213493347168 35.1204605102539 35.1171607971191 35.1129455566406
35.0437469482422 35.0492095947266 35.1085090637207 35.1124496459961 35.1125640869141 35.1160163879395 35.1182022094727 35.1171607971191 35.1149826049805 35.1128387451172 35.1135330200195 35.1178894042969 35.1203117370605 35.119384765625 35.1213226318359 35.1278076171875 35.1309127807617 35.1321105957031 35.1329689025879 35.1335716247559 35.133960723877 35.1339225769043 35.1321601867676 35.1289176940918 35.1262168884277 35.1277885437012 35.1271820068359 35.1267433166504 35.1247863769531 35.1197242736816 35.1164169311523 35.1149024963379 35.1145820617676 35.1112976074219 35.1099815368652 35.1133804321289 35.1133346557617 35.1172523498535 35.1241073608398 35.1310043334961 35.129768371582 35.1287155151367 35.1277656555176 35.127815246582 35.1268005371094 35.1246452331543 35.1218528747559
35.1076736450195 35.1254768371582 35.1227645874023 35.1192359924316 35.1218109130859 35.1250381469727 35.1254844665527 35.1222267150879 35.1176223754883 35.1128120422363 35.1119804382324 35.1146774291992 35.1167182922363 35.116283416748 35.1187973022461 35.1242942810059 35.127311706543 35.1283836364746 35.1302375793457 35.1321601867676 35.1332588195801 35.1338500976562 35.1331367492676 35.1318473815918 35.1304244995117 35.129695892334 35.1293029785156 35.1276016235352 35.1243095397949 35.120246887207 35.1189231872559 35.1190719604492 35.1187629699707 35.1140594482422 35.1118965148926 35.1131362915039 35.1139335632324 35.1180763244629 35.1239738464355 35.1296081542969 35.129753112793 35.1303062438965 35.130012512207 35.1294059753418 35.1284866333008 35.1274948120117 35.126594543457
35.1324119567871 35.1308403015137 35.1256637573242 35.1241302490234 35.1274833679199 35.1299743652344 35.1281280517578 35.1240425109863 35.1194648742676 35.1171836853027 35.1178436279297 35.1191825866699 35.1201438903809 35.1210289001465 35.1208267211914 35.122200012207 35.1241188049316 35.126163482666 35.1283798217773 35.1304473876953 35.131591796875 35.1320495605469 35.1319999694824 35.1318168640137 35.1317176818848 35.132152557373 35.1323051452637 35.1311988830566 35.1281394958496 35.1234359741211 35.1195373535156 35.1168785095215 35.1136436462402 35.1092681884766 35.1076850891113 35.1086235046387 35.112419128418 35.1173439025879 35.1234550476074 35.1295433044434 35.1302337646484 35.1306190490723 35.1311569213867 35.1315307617188 35.1317138671875 35.1313781738281 35.1313438415527
35.1339263916016 35.1331405639648 35.1315536499023 35.130126953125 35.1320915222168 35.1336898803711 35.1292610168457 35.1260986328125 35.1238555908203 35.1232070922852 35.1252136230469 35.128116607666 35.1270294189453 35.1251106262207 35.1230506896973 35.1232566833496 35.1244354248047 35.1264953613281 35.127758026123 35.1289901733398 35.1312713623047 35.1312599182129 35.1305961608887 35.1309051513672 35.132453918457 35.1336898803711 35.1328620910645 35.1312217712402 35.1279907226562 35.1214179992676 35.1153259277344 35.1094932556152 35.1040687561035 35.1016845703125 35.1019058227539 35.1058387756348 35.1124649047852 35.1187553405762 35.1246795654297 35.1312637329102 35.1329307556152 35.1334114074707 35.1338577270508 35.1339492797852 35.1339530944824 35.1339569091797 35.1339569091797
