Ecospace-environmental-drivers/Outputs/ASCII-for-ecospace/Sal-bot/Sal-bot_X2011.07.asc
NCOLS 131 
NROWS 53 
XLLCORNER -98 
YLLCORNER 23.9265270233154 
CELLSIZE 0.133587792515755 
NODATA_value -3.4e+38 
[rows 21 to 41 of 53, columns 47 to 93 of 131]
36.2586669921875 36.2694244384766 36.279239654541 36.2863311767578 36.2927856445312 36.2978858947754 36.2404289245605 36.2541999816895 36.2460594177246 36.1243133544922 35.8343315124512 35.7380828857422 35.4590835571289 35.1740493774414 34.9942512512207 34.9167251586914 34.9230041503906 34.9263801574707 34.9219932556152 34.9254608154297 34.9578514099121 34.9715042114258 34.962963104248 34.9576873779297 35.0372772216797 35.0609893798828 35.0074348449707 35.0033683776855 35.0230026245117 35.0876121520996 35.0838737487793 35.0534782409668 35.0722961425781 35.0711059570312 35.0642547607422 35.0492248535156 35.0383949279785 35.0115699768066 34.9471206665039 34.9124870300293 34.9115982055664 34.9081916809082 34.9093322753906 34.925220489502 34.9648666381836 35.0293273925781 35.111011505127
36.118465423584 36.0730285644531 36.0699462890625 36.0725250244141 36.1437034606934 36.0389060974121 35.6236305236816 35.8081665039062 35.591178894043 35.2672500610352 35.1354942321777 35.0817947387695 35.0524673461914 34.9755020141602 34.9358940124512 34.9241218566895 34.9280815124512 34.9315605163574 34.9589881896973 34.9530067443848 34.9563179016113 34.9763374328613 34.9679336547852 35.0439529418945 35.0399627685547 35.0289573669434 35.0027160644531 35.0000686645508 35.0516014099121 35.0705757141113 35.0548934936523 35.0468978881836 35.0526351928711 35.0551948547363 35.0495414733887 35.0503387451172 35.045166015625 35.0402145385742 35.0458030700684 35.0403518676758 34.9823303222656 34.9579429626465 34.9346694946289 34.9086837768555 34.9071807861328 34.9054222106934 34.9165649414062
35.4784622192383 35.4459381103516 35.5625267028809 35.3978424072266 35.2806434631348 35.1214981079102 35.1668930053711 35.0425758361816 34.9643173217773 34.9496040344238 34.9358863830566 34.9514007568359 34.9346694946289 34.9262847900391 34.9241409301758 34.9231643676758 34.9299125671387 34.9612503051758 34.9574012756348 34.9564247131348 34.9531097412109 34.9798431396484 34.964111328125 35.0729942321777 35.0219230651855 35.0074272155762 35.0031356811523 35.0177001953125 35.1048393249512 35.0583038330078 35.0425224304199 35.0407562255859 35.0470733642578 35.0478477478027 35.0455551147461 35.046199798584 35.0462265014648 35.0547256469727 35.1267471313477 35.1254692077637 35.1204414367676 35.1169128417969 35.0488586425781 34.9744529724121 34.9239234924316 34.8979187011719 34.8914337158203
34.9847602844238 34.9662666320801 34.9384880065918 34.9565734863281 34.9557876586914 34.8986358642578 34.9318161010742 34.921314239502 34.929012298584 34.916431427002 34.9226531982422 34.9179306030273 34.9266929626465 34.9316749572754 34.9368553161621 34.9290008544922 34.9596633911133 34.965087890625 34.9650192260742 34.9818534851074 34.9715843200684 34.9757690429688 34.9623870849609 35.0494728088379 35.027759552002 35.0274620056152 35.0931587219238 35.0956382751465 35.0824012756348 35.0500221252441 35.0454940795898 35.0404510498047 35.0430183410645 35.0456085205078 35.0993156433105 35.1144638061523 35.1265449523926 35.1230621337891 35.1312522888184 35.1312789916992 35.1296119689941 35.1285705566406 35.127384185791 35.1108474731445 35.028392791748 34.9533615112305 34.9083404541016
34.8890380859375 34.9088821411133 34.9027976989746 34.9088172912598 34.9217224121094 34.9063529968262 34.9343643188477 34.9212493896484 34.9288787841797 34.9354705810547 34.9342956542969 34.932975769043 34.9319267272949 34.929500579834 34.9264144897461 34.9535942077637 34.9663505554199 34.9674339294434 34.9853744506836 34.9709320068359 34.9626007080078 34.9577369689941 34.9590530395508 34.9657745361328 35.0416450500488 35.0147018432617 35.0262260437012 35.1007232666016 35.0758209228516 35.0572891235352 35.0457954406738 35.0454635620117 35.0475082397461 35.0657691955566 35.1322174072266 35.1319541931152 35.1317329406738 35.1316680908203 35.1316032409668 35.1312561035156 35.1297912597656 35.1291046142578 35.1292915344238 35.127384185791 35.125301361084 35.0516242980957 34.9511642456055
34.9361038208008 34.9238967895508 34.9188194274902 34.9695167541504 34.9606246948242 34.9371643066406 34.9368858337402 35.0028991699219 34.930606842041 34.9530754089355 34.9287109375 34.9465675354004 34.9218368530273 34.9527587890625 34.9657020568848 34.9717636108398 34.9660835266113 34.9628753662109 34.9594841003418 34.9582328796387 34.957878112793 34.957820892334 35.0473747253418 35.0598030090332 35.0487518310547 35.0264778137207 35.0045127868652 35.0680046081543 35.0731964111328 35.0557556152344 35.0500068664551 35.0487480163574 35.0489540100098 35.1035079956055 35.1320762634277 35.1313285827637 35.1307487487793 35.1305046081543 35.1304168701172 35.1303176879883 35.1300506591797 35.1298484802246 35.1299896240234 35.1288185119629 35.1257553100586 35.1242218017578 35.0233612060547
34.9575042724609 34.9506645202637 34.9709243774414 34.9867248535156 34.9684600830078 34.9649353027344 34.9727821350098 34.9697189331055 34.9485664367676 34.9766235351562 34.9774055480957 34.9679222106934 34.9652671813965 34.9639854431152 35.0117225646973 35.0173225402832 35.0497894287109 35.0355491638184 35.0048370361328 34.9994850158691 34.9586410522461 35.042594909668 35.020866394043 35.0088691711426 35.0102424621582 35.009521484375 35.0018501281738 35.0900230407715 35.0717544555664 35.0595741271973 35.0470962524414 35.0519371032715 35.0543746948242 35.0568809509277 35.0805778503418 35.1305770874023 35.1299476623535 35.1291580200195 35.1288185119629 35.1289978027344 35.1293449401855 35.1296081542969 35.1293716430664 35.1295967102051 35.1278800964355 35.1268501281738 35.0836524963379
34.954475402832 34.9669342041016 35.0002479553223 34.9631614685059 34.9570350646973 34.9859580993652 34.9835662841797 34.9577407836914 34.9578437805176 34.9484329223633 34.9565353393555 34.9770469665527 35.0011329650879 35.0207672119141 35.0426368713379 35.0168495178223 34.9973678588867 34.989860534668 34.9841613769531 34.9942665100098 35.0196228027344 35.0213470458984 34.9992904663086 34.9901924133301 35.0202674865723 35.057861328125 35.1059226989746 35.0812072753906 35.060230255127 35.0549850463867 35.0511131286621 35.0570297241211 35.0600738525391 35.0585479736328 35.0741996765137 35.0822639465332 35.1262741088867 35.1285858154297 35.1283493041992 35.128547668457 35.1285438537598 35.1284484863281 35.1292495727539 35.1290550231934 35.1286811828613 35.1283721923828 35.1238708496094
34.9709091186523 34.9615249633789 34.9580955505371 34.9570999145508 34.9575843811035 34.9613304138184 34.9680061340332 34.9710273742676 34.9745101928711 34.9678039550781 35.014217376709 34.9983062744141 34.988639831543 34.9929122924805 34.9847946166992 34.9837188720703 34.981819152832 34.980037689209 34.9770889282227 34.9777069091797 34.9844284057617 34.997875213623 34.9960021972656 34.994312286377 35.0803604125977 35.0599327087402 35.0665855407715 35.0575637817383 35.0539360046387 35.0539665222168 35.0527648925781 35.058048248291 35.0619773864746 35.0611686706543 35.058521270752 35.056339263916 35.1169166564941 35.1283531188965 35.1282424926758 35.1285820007324 35.1286888122559 35.1286239624023 35.1286468505859 35.1281623840332 35.1280517578125 35.1284255981445 35.129337310791
34.9565925598145 34.9604721069336 35.0481033325195 35.0392837524414 34.9556312561035 35.0091018676758 34.9554405212402 34.9604911804199 34.9587669372559 35.0040321350098 34.9979248046875 35.0158805847168 35.0554504394531 35.0020294189453 34.9943656921387 35.0041961669922 35.0589408874512 35.069522857666 35.0723609924316 35.0487861633301 34.9790000915527 34.9901962280273 34.9873580932617 34.986400604248 35.0742340087891 35.0607299804688 35.0665130615234 35.0643768310547 35.0574150085449 35.0557594299316 35.0568466186523 35.05908203125 35.0654411315918 35.065601348877 35.0627517700195 35.0582809448242 35.1083335876465 35.127799987793 35.1277542114258 35.1282272338867 35.1288185119629 35.1286735534668 35.1280708312988 35.1274642944336 35.1271476745605 35.1275634765625 35.1283798217773
35.0737380981445 34.9554138183594 35.0072898864746 35.0090408325195 34.95263671875 34.950496673584 34.9540138244629 34.9557228088379 34.9575157165527 35.0076522827148 35.0338478088379 35.0741310119629 35.0505142211914 35.0386047363281 35.0427703857422 35.0391311645508 35.029613494873 35.0266532897949 35.0386047363281 35.0691223144531 35.039306640625 34.9853134155273 34.9877586364746 34.9827346801758 35.0555763244629 35.0791282653809 35.0649490356445 35.0628051757812 35.0568962097168 35.0586166381836 35.061351776123 35.0658226013184 35.0707855224609 35.069164276123 35.0655250549316 35.0602722167969 35.1165771484375 35.1272735595703 35.1276550292969 35.1280746459961 35.1281356811523 35.1280364990234 35.1278762817383 35.1275596618652 35.1267127990723 35.1264457702637 35.1265335083008
34.9661636352539 34.954647064209 34.9585952758789 35.0190200805664 34.9493598937988 34.9988670349121 35.0060997009277 35.0023727416992 34.9924659729004 35.0873222351074 35.0689964294434 35.0423774719238 35.0316200256348 35.0233001708984 35.0204544067383 35.0188217163086 35.0182952880859 35.0198860168457 35.0272521972656 35.0364570617676 35.0526390075684 35.0604095458984 34.9795417785645 34.979606628418 35.0166664123535 35.0800743103027 35.0812530517578 35.0654182434082 35.0673866271973 35.068775177002 35.0697555541992 35.0723075866699 35.0712547302246 35.0664710998535 35.0632820129395 35.0600776672363 35.1162338256836 35.1275634765625 35.1279830932617 35.1267242431641 35.126148223877 35.1263427734375 35.1264572143555 35.1269607543945 35.1276779174805 35.1275253295898 35.1269874572754
35.0169563293457 35.0192222595215 35.0171203613281 35.0129127502441 35.0116119384766 35.0129890441895 35.0091667175293 35.0340270996094 35.0769500732422 35.0610046386719 35.0401268005371 35.0271415710449 35.023120880127 35.0188903808594 35.0159568786621 35.0142250061035 35.0145721435547 35.0197296142578 35.0242652893066 35.0246505737305 35.029899597168 35.0604133605957 35.0779724121094 35.0881385803223 35.0954551696777 35.0809783935547 35.0767250061035 35.0748481750488 35.072998046875 35.0748558044434 35.0716171264648 35.0696105957031 35.066478729248 35.0629425048828 35.0607147216797 35.0871963500977 35.1274833679199 35.1277389526367 35.1265258789062 35.1255950927734 35.1254844665527 35.1252632141113 35.1254692077637 35.1261329650879 35.1270942687988 35.1277542114258 35.1272926330566
35.0339088439941 35.028076171875 35.0267715454102 35.0215187072754 35.023624420166 35.0119895935059 35.0478324890137 35.0551643371582 35.04931640625 35.0533828735352 35.1058502197266 35.1315040588379 35.0987510681152 35.1159362792969 35.1092262268066 35.0606307983398 35.0332298278809 35.0196990966797 35.0216255187988 35.0225830078125 35.027702331543 35.041145324707 35.0650749206543 35.0730819702148 35.07177734375 35.0719680786133 35.0683364868164 35.0713272094727 35.0711517333984 35.0696105957031 35.0665435791016 35.0672378540039 35.079776763916 35.0992546081543 35.1197357177734 35.1278915405273 35.1277198791504 35.1272506713867 35.1270408630371 35.1274948120117 35.126823425293 35.1264457702637 35.1263771057129 35.1263389587402 35.1263961791992 35.1275062561035 35.1279258728027
35.0308494567871 35.0176544189453 35.0191612243652 35.0233116149902 35.023120880127 35.009693145752 35.1078872680664 35.1286163330078 35.1276817321777 35.1292266845703 35.1304893493652 35.1307830810547 35.1313400268555 35.1311645507812 35.1309089660645 35.1306838989258 35.1278877258301 35.1236991882324 35.0816993713379 35.0216827392578 35.0260772705078 35.0341606140137 35.0452194213867 35.0582656860352 35.0619125366211 35.0632591247559 35.0659980773926 35.0670166015625 35.0661315917969 35.0636520385742 35.0835075378418 35.1250114440918 35.127799987793 35.1278419494629 35.127872467041 35.1277084350586 35.1273040771484 35.127197265625 35.1279106140137 35.1282730102539 35.1278343200684 35.1280136108398 35.1280899047852 35.1281318664551 35.1274528503418 35.1277046203613 35.1285667419434
35.0125198364258 35.0154266357422 35.001392364502 35.0286560058594 35.0446014404297 35.1022491455078 35.1273231506348 35.1306800842285 35.1298713684082 35.1282157897949 35.1263732910156 35.1279563903809 35.1301689147949 35.1314125061035 35.1317710876465 35.1318206787109 35.1317367553711 35.1315689086914 35.1311454772949 35.1141891479492 35.0618057250977 35.0378189086914 35.0445938110352 35.0502128601074 35.0540962219238 35.0585479736328 35.0609130859375 35.0599479675293 35.0629043579102 35.0917930603027 35.1260871887207 35.1282005310059 35.128044128418 35.1279373168945 35.1277770996094 35.1277122497559 35.1279182434082 35.1280059814453 35.1280212402344 35.1278991699219 35.1280326843262 35.12841796875 35.128303527832 35.1287040710449 35.1288375854492 35.1281929016113 35.1291160583496
35.018928527832 35.0186882019043 35.046215057373 35.1192665100098 35.1311492919922 35.1286697387695 35.125244140625 35.1246719360352 35.1228828430176 35.1221580505371 35.1251602172852 35.1282272338867 35.1293296813965 35.1294059753418 35.1290664672852 35.1298522949219 35.130542755127 35.1305313110352 35.1307792663574 35.1308860778809 35.1303024291992 35.1099586486816 35.0746879577637 35.1009063720703 35.1022911071777 35.0896987915039 35.1031875610352 35.1029891967773 35.1204452514648 35.1292190551758 35.128963470459 35.1290321350098 35.1289253234863 35.1285247802734 35.1283569335938 35.1287117004395 35.1285209655762 35.1277770996094 35.1269416809082 35.1264686584473 35.1272621154785 35.1278381347656 35.1271095275879 35.1271705627441 35.128490447998 35.1285629272461 35.1295433044434
35.0435791015625 35.053638458252 35.1244583129883 35.1333923339844 35.1294555664062 35.1225852966309 35.1231994628906 35.1240768432617 35.1236877441406 35.1242523193359 35.1252861022949 35.1269302368164 35.1276550292969 35.1264839172363 35.1247062683105 35.1221084594727 35.1213073730469 35.1209259033203 35.1225242614746 35.1249885559082 35.1277084350586 35.1295700073242 35.1296501159668 35.1297836303711 35.1300659179688 35.1303367614746 35.1303939819336 35.1303329467773 35.1301689147949 35.1296577453613 35.1294937133789 35.1298675537109 35.1298370361328 35.1288642883301 35.1283531188965 35.1293487548828 35.128604888916 35.1272888183594 35.1269264221191 35.1275520324707 35.1278266906738 35.1281204223633 35.1276016235352 35.1275329589844 35.1287574768066 35.129451751709 35.1301231384277
35.1179695129395 35.1335487365723 35.1340179443359 35.1335105895996 35.1295471191406 35.1270866394043 35.1283149719238 35.1281700134277 35.1282081604004 35.126335144043 35.1228256225586 35.1212615966797 35.1221733093262 35.1212310791016 35.1194114685059 35.1163177490234 35.113208770752 35.1100120544434 35.1098556518555 35.1127433776855 35.1155166625977 35.1213607788086 35.1262588500977 35.128589630127 35.128978729248 35.1296005249023 35.130069732666 35.1300926208496 35.1299934387207 35.1298637390137 35.1298751831055 35.1298904418945 35.1295127868652 35.1270561218262 35.127384185791 35.1303977966309 35.1303482055664 35.1296768188477 35.1291160583496 35.1290397644043 35.1293678283691 35.1297035217285 35.1298484802246 35.1302757263184 35.1307487487793 35.1307983398438 35.1303939819336
35.1339912414551 35.1341285705566 35.134204864502 35.1339530944824 35.1318511962891 35.1312217712402 35.1300888061523 35.1293487548828 35.1287803649902 35.1256942749023 35.1216583251953 35.1193389892578 35.1175765991211 35.1158981323242 35.1134834289551 35.109504699707 35.1075248718262 35.1068344116211 35.1061058044434 35.1066131591797 35.1077194213867 35.1117935180664 35.1160850524902 35.1207084655762 35.1226997375488 35.1245727539062 35.1275367736816 35.1292419433594 35.1295738220215 35.1292686462402 35.1269493103027 35.125072479248 35.1246528625488 35.1241188049316 35.1261444091797 35.1302223205566 35.1319389343262 35.1321716308594 35.1317176818848 35.1311798095703 35.1308708190918 35.1308937072754 35.1310653686523 35.131160736084 35.1313247680664 35.131046295166 35.1303977966309
35.133602142334 35.1342086791992 35.1344184875488 35.134220123291 35.1331596374512 35.1319847106934 35.130615234375 35.1296463012695 35.1278533935547 35.1260643005371 35.1243553161621 35.122917175293 35.1210975646973 35.1181449890137 35.1144905090332 35.1102294921875 35.1049194335938 35.1035079956055 35.1030769348145 35.1018409729004 35.1031837463379 35.1069145202637 35.1106224060059 35.1138229370117 35.1155204772949 35.118278503418 35.1206550598145 35.1231727600098 35.1249389648438 35.1246452331543 35.1221389770508 35.1199607849121 35.1203079223633 35.1216735839844 35.1255722045898 35.1313362121582 35.1325492858887 35.1328544616699 35.1327743530273 35.1322288513184 35.1315956115723 35.1311454772949 35.1311874389648 35.1311302185059 35.1304664611816 35.1297035217285 35.1296844482422
