Ecospace-environmental-drivers/Outputs/ASCII-for-ecospace/Sal-bot/Sal-bot_X1999.06.asc
NCOLS 131 
NROWS 53 
XLLCORNER -98 
YLLCORNER 23.9265270233154 
CELLSIZE 0.133587792515755 
NODATA_value -3.4e+38 
[rows 0 to 20 of 53, columns 47 to 93 of 131]
-3.4e+38 -3.4e+38 -3.4e+38 -3.4e+38 -3.4e+38 -3.4e+38 -3.4e+38 -3.4e+38 -3.4e+38 -3.4e+38 -3.4e+38 -3.4e+38 -3.4e+38 -3.4e+38 -3.4e+38 -3.4e+38 -3.4e+38 -3.4e+38 -3.4e+38 -3.4e+38 -3.4e+38 -3.4e+38 -3.4e+38 -3.4e+38 -3.4e+38 -3.4e+38 -3.4e+38 -3.4e+38 -3.4e+38 -3.4e+38 -3.4e+38 -3.4e+38 -3.4e+38 -3.4e+38 -3.4e+38 -3.4e+38 -3.4e+38 -3.4e+38 -3.4e+38 -3.4e+38 -3.4e+38 -3.4e+38 -3.4e+38 -3.4e+38 -3.4e+38 -3.4e+38 -3.4e+38
-3.4e+38 -3.4e+38 -3.4e+38 -3.4e+38 -3.4e+38 -3.4e+38 -3.4e+38 -3.4e+38 -3.4e+38 -3.4e+38 -3.4e+38 -3.4e+38 -3.4e+38 -3.4e+38 -3.4e+38 -3.4e+38 -3.4e+38 -3.4e+38 -3.4e+38 -3.4e+38 -3.4e+38 -3.4e+38 -3.4e+38 -3.4e+38 -3.4e+38 -3.4e+38 -3.4e+38 -3.4e+38 -3.4e+38 -3.4e+38 -3.4e+38 -3.4e+38 -3.4e+38 -3.4e+38 -3.4e+38 -3.4e+38 -3.4e+38 -3.4e+38 -3.4e+38 -3.4e+38 -3.4e+38 -3.4e+38 -3.4e+38 -3.4e+38 -3.4e+38 -3.4e+38 -3.4e+38
-3.4e+38 -3.4e+38 -3.4e+38 -3.4e+38 -3.4e+38 -3.4e+38 -3.4e+38 -3.4e+38 -3.4e+38 -3.4e+38 -3.4e+38 -3.4e+38 -3.4e+38 -3.4e+38 -3.4e+38 -3.4e+38 -3.4e+38 -3.4e+38 -3.4e+38 -3.4e+38 -3.4e+38 -3.4e+38 -3.4e+38 -3.4e+38 -3.4e+38 -3.4e+38 -3.4e+38 5.1994104385376 4.87403249740601 -3.4e+38 -3.4e+38 -3.4e+38 -3.4e+38 -3.4e+38 -3.4e+38 -3.4e+38 -3.4e+38 -3.4e+38 -3.4e+38 -3.4e+38 -3.4e+38 -3.4e+38 -3.4e+38 -3.4e+38 -3.4e+38 -3.4e+38 -3.4e+38
-3.4e+38 -3.4e+38 -3.4e+38 -3.4e+38 -3.4e+38 -3.4e+38 -3.4e+38 -3.4e+38 -3.4e+38 -3.4e+38 -3.4e+38 -3.4e+38 -3.4e+38 -3.4e+38 -3.4e+38 -3.4e+38 -3.4e+38 -3.4e+38 -3.4e+38 -3.4e+38 -3.4e+38 -3.4e+38 -3.4e+38 -3.4e+38 -3.4e+38 -3.4e+38 -3.4e+38 15.5006408691406 14.0351114273071 -3.4e+38 -3.4e+38 -3.4e+38 -3.4e+38 -3.4e+38 -3.4e+38 -3.4e+38 -3.4e+38 -3.4e+38 -3.4e+38 -3.4e+38 -3.4e+38 -3.4e+38 -3.4e+38 -3.4e+38 -3.4e+38 -3.4e+38 -3.4e+38
-3.4e+38 -3.4e+38 -3.4e+38 -3.4e+38 -3.4e+38 -3.4e+38 -3.4e+38 -3.4e+38 -3.4e+38 17.3947849273682 17.3947849273682 17.3685760498047 16.3016586303711 -3.4e+38 -3.4e+38 -3.4e+38 -3.4e+38 -3.4e+38 28.2008953094482 27.4176902770996 22.3182029724121 19.7409229278564 17.6129570007324 17.1950092315674 22.4045810699463 25.69407081604 28.1099758148193 25.1598777770996 26.6294460296631 29.2389125823975 -3.4e+38 -3.4e+38 32.880298614502 32.7672843933105 31.5166053771973 33.5169296264648 33.8504753112793 33.7230644226074 33.6969795227051 34.0146980285645 33.8707885742188 34.0349273681641 -3.4e+38 -3.4e+38 -3.4e+38 -3.4e+38 -3.4e+38
-3.4e+38 -3.4e+38 -3.4e+38 -3.4e+38 -3.4e+38 -3.4e+38 -3.4e+38 -3.4e+38 17.3947849273682 17.3947849273682 17.3947849273682 17.3947849273682 17.3423690795898 16.2888240814209 14.1806592941284 -3.4e+38 22.5051155090332 27.1323509216309 29.0841064453125 29.16943359375 26.8388919830322 25.3857040405273 22.2819633483887 23.3615913391113 25.4759979248047 28.6008529663086 30.0374336242676 30.3566761016846 30.544038772583 29.5094661712646 32.4848175048828 32.6141166687012 32.7543487548828 33.2724342346191 33.5257530212402 34.1387672424316 34.3002815246582 34.3725929260254 34.3984756469727 34.3920745849609 34.3077087402344 34.0559234619141 33.9052810668945 33.8570022583008 -3.4e+38 -3.4e+38 -3.4e+38
-3.4e+38 -3.4e+38 -3.4e+38 -3.4e+38 -3.4e+38 -3.4e+38 -3.4e+38 -3.4e+38 17.6282196044922 17.3947849273682 17.3947849273682 17.3947849273682 17.3947849273682 17.2899532318115 16.2899017333984 14.1806592941284 18.4208641052246 30.2865905761719 32.1644058227539 31.6133575439453 30.9172115325928 31.1390552520752 31.3263206481934 31.8051948547363 31.9651794433594 32.4264030456543 32.7112846374512 32.5186462402344 32.5412368774414 32.7194404602051 33.0202445983887 33.647575378418 33.9844169616699 34.3284378051758 34.6393661499023 35.0153274536133 35.3825454711914 35.2879829406738 35.1258583068848 35.0827789306641 35.0320281982422 34.8305969238281 34.5551147460938 34.2723770141602 34.1944274902344 34.4203567504883 -3.4e+38
-3.4e+38 -3.4e+38 -3.4e+38 -3.4e+38 -3.4e+38 -3.4e+38 -3.4e+38 -3.4e+38 -3.4e+38 -3.4e+38 17.3947849273682 17.3947849273682 17.3947849273682 -3.4e+38 17.1851215362549 16.3990440368652 22.9039535522461 32.6913719177246 32.1563034057617 31.8576984405518 32.3350524902344 32.5002517700195 32.2269554138184 33.4394416809082 34.0005798339844 34.2403297424316 34.2827033996582 33.9552536010742 33.836311340332 34.0469360351562 34.3293914794922 34.5030364990234 34.5970764160156 34.9346885681152 35.4437141418457 36.0634460449219 36.2265472412109 36.0924644470215 35.8088417053223 35.6699600219727 35.4837951660156 35.1495513916016 34.8546142578125 34.7826805114746 34.6209907531738 34.5451278686523 34.320873260498
-3.4e+38 -3.4e+38 -3.4e+38 -3.4e+38 -3.4e+38 -3.4e+38 -3.4e+38 -3.4e+38 -3.4e+38 -3.4e+38 -3.4e+38 -3.4e+38 -3.4e+38 -3.4e+38 17.1653480529785 16.9083156585693 26.8815326690674 32.8488349914551 32.2707328796387 32.0275268554688 32.669059753418 32.683235168457 32.5313453674316 33.8799629211426 34.8031425476074 34.9912757873535 34.9444541931152 34.8310356140137 34.7419891357422 34.7307319641113 34.718563079834 34.829402923584 35.0293235778809 35.7899551391602 36.1045227050781 36.1241149902344 36.1707649230957 36.2637176513672 36.192310333252 36.0754623413086 35.9367446899414 35.5353660583496 35.212272644043 35.1231079101562 35.0541610717773 34.8817901611328 34.3312187194824
19.5077590942383 -3.4e+38 -3.4e+38 -3.4e+38 -3.4e+38 -3.4e+38 -3.4e+38 -3.4e+38 -3.4e+38 -3.4e+38 27.1878662109375 23.6975059509277 -3.4e+38 -3.4e+38 -3.4e+38 26.8606185913086 33.6265449523926 32.7926635742188 31.927282333374 32.2610778808594 32.6767044067383 32.6517066955566 32.7888450622559 33.9858322143555 34.9944686889648 34.9823570251465 34.7618560791016 34.7784042358398 34.9043579101562 34.9604644775391 35.0049819946289 35.2858200073242 35.783374786377 36.0565185546875 35.8737258911133 35.9182548522949 36.0470390319824 36.1338806152344 36.2009620666504 36.2233085632324 36.1018447875977 35.7117729187012 35.4278717041016 35.3302001953125 35.2558174133301 35.0962333679199 34.6244773864746
17.2259044647217 11.0492696762085 -3.4e+38 -3.4e+38 -3.4e+38 -3.4e+38 -3.4e+38 -3.4e+38 -3.4e+38 -3.4e+38 31.8157482147217 30.4261074066162 30.0002269744873 -3.4e+38 -3.4e+38 33.7847480773926 32.8181381225586 31.6368503570557 32.0000686645508 32.2655334472656 32.3874740600586 32.4907188415527 32.9386863708496 34.2705459594727 35.1460266113281 34.9223518371582 34.7413139343262 34.8997497558594 35.0845336914062 35.2159233093262 35.4115600585938 35.7805404663086 36.0857620239258 35.6274490356445 35.465389251709 35.5528335571289 35.7153968811035 35.8479919433594 36.0407333374023 36.1761817932129 36.2118110656738 36.1101913452148 35.8361701965332 35.5623741149902 35.3998107910156 35.2469444274902 34.8840484619141
15.7346811294556 6.83630228042603 0.629323065280914 10.8890008926392 -3.4e+38 -3.4e+38 -3.4e+38 -3.4e+38 -3.4e+38 -3.4e+38 -3.4e+38 30.531042098999 28.8177070617676 30.0002269744873 28.8362007141113 30.5471725463867 31.3003101348877 31.1519680023193 31.8189792633057 31.5974712371826 31.8071193695068 32.8155632019043 34.0379066467285 35.2758026123047 35.4056396484375 35.3220825195312 35.3394660949707 35.4668197631836 35.6256065368652 35.7504005432129 35.9092750549316 36.0251235961914 35.5021591186523 35.1908798217773 35.1409149169922 35.141429901123 35.2534027099609 35.4762573242188 35.6776351928711 35.9378204345703 36.1349296569824 36.2385902404785 36.1156349182129 35.8423004150391 35.6142044067383 35.3827323913574 35.2194709777832
28.4666233062744 24.0849475860596 18.1294288635254 13.9082508087158 -3.4e+38 -3.4e+38 -3.4e+38 -3.4e+38 32.9713325500488 32.8273773193359 31.8835296630859 30.3573017120361 29.1785545349121 27.2743377685547 24.2854919433594 25.2204456329346 24.7730846405029 30.8521480560303 31.2002868652344 29.9943923950195 32.945556640625 34.7898406982422 35.5523986816406 35.7448234558105 35.742073059082 35.7917327880859 35.9499206542969 36.0395355224609 36.0171356201172 35.8997039794922 35.5926284790039 35.1874771118164 34.9863815307617 34.9842529296875 34.9746780395508 34.9577789306641 35.1383666992188 35.3161697387695 35.488208770752 35.6168479919434 35.8200569152832 36.0442771911621 36.1674766540527 36.1129112243652 36.0078315734863 35.8997116088867 35.803352355957
32.1888275146484 32.0004997253418 31.6913566589355 31.52272605896 32.146858215332 32.6874847412109 32.4286117553711 32.2175483703613 31.8930053710938 30.8466930389404 30.5826225280762 32.4401092529297 27.7016887664795 27.2276992797852 28.733024597168 25.0408935546875 16.7425117492676 13.5506753921509 18.6047916412354 25.0129432678223 28.7931423187256 35.6538314819336 35.9797973632812 36.016242980957 36.0064506530762 35.8614807128906 35.5894508361816 35.2160606384277 35.0583038330078 34.9388656616211 34.9093360900879 34.9266014099121 34.9266662597656 34.8977737426758 34.898853302002 34.9039764404297 35.1132507324219 35.3096542358398 35.4878387451172 35.5260314941406 35.6370544433594 35.8173637390137 35.959171295166 36.0909004211426 36.2155418395996 36.1777648925781 36.0660400390625
32.4082984924316 32.2067794799805 31.9558048248291 31.7625427246094 31.6822662353516 31.3909530639648 31.0107479095459 30.723123550415 30.2542724609375 29.4144496917725 28.7696704864502 28.6731128692627 30.6770095825195 32.582160949707 34.0947914123535 32.2001571655273 25.2637901306152 6.53797483444214 5.05495834350586 13.0431079864502 34.0591583251953 36.0777587890625 36.0051422119141 35.3839569091797 35.0889320373535 34.9652862548828 34.9160003662109 34.9289131164551 34.936954498291 34.9596061706543 34.9617500305176 34.962272644043 34.9513244628906 34.923957824707 34.9018135070801 34.9280967712402 35.1163291931152 35.2961463928223 35.4875946044922 35.5335159301758 35.5491523742676 35.710765838623 35.8522300720215 35.932056427002 36.0602073669434 36.1755027770996 36.1441383361816
32.7616653442383 32.4844932556152 32.1371688842773 31.8585739135742 31.6236324310303 31.3385848999023 31.05491065979 30.7266101837158 30.3426761627197 30.2787342071533 30.8229103088379 32.4866828918457 33.962760925293 35.0392990112305 35.6810340881348 35.6432876586914 33.5673866271973 22.6331100463867 30.4963150024414 33.5943565368652 35.9672508239746 35.5073318481445 35.1849632263184 34.9716987609863 34.8863868713379 34.9151725769043 34.9313850402832 34.9588432312012 34.9683036804199 34.9611740112305 34.9677047729492 34.9695930480957 34.9589500427246 34.9221038818359 34.8869934082031 34.9282264709473 35.0573577880859 35.2950057983398 35.4019966125488 35.4969940185547 35.5235404968262 35.6119613647461 35.7646980285645 35.8845596313477 36.0071792602539 36.0614585876465 36.1929473876953
33.3895606994629 33.0965805053711 32.6391677856445 32.2021827697754 31.9080600738525 31.6959075927734 31.5334072113037 31.4107685089111 31.3999423980713 31.8270492553711 33.1425514221191 34.6743659973145 35.4467735290527 35.8435707092285 36.0012550354004 36.0713272094727 36.0111389160156 36.0307731628418 36.1345520019531 35.656810760498 35.1444435119629 34.9372673034668 34.9039573669434 34.910400390625 34.9317016601562 34.9492416381836 34.9548416137695 34.9638366699219 34.9775276184082 34.999698638916 35.0112991333008 34.9784545898438 34.9505920410156 34.9195213317871 34.8972511291504 34.9182052612305 35.0468940734863 35.275260925293 35.3605651855469 35.486213684082 35.5367088317871 35.5352745056152 35.7194366455078 35.854663848877 35.8670387268066 36.056812286377 36.1261520385742
34.3037872314453 34.0347366333008 33.6143608093262 32.9987297058105 32.4489631652832 32.2504615783691 32.2309722900391 32.1253509521484 32.5310134887695 33.1386451721191 34.4141616821289 35.6517486572266 36.0453872680664 35.8984718322754 36.0372581481934 36.2319564819336 36.2538108825684 36.1859169006348 35.8572044372559 35.1667976379395 34.9203948974609 34.9137496948242 34.9216842651367 34.9666442871094 34.9807243347168 34.970157623291 34.9589653015137 34.9795608520508 34.9943466186523 34.982292175293 34.9846992492676 34.9758949279785 34.9516563415527 34.9212455749512 34.9058151245117 34.8909568786621 35.0347862243652 35.1365280151367 35.3430366516113 35.4266052246094 35.5268211364746 35.5798072814941 35.6725845336914 35.7757987976074 35.832649230957 35.9110527038574 36.062816619873
35.0560684204102 34.9574127197266 34.7759971618652 34.493293762207 34.1590995788574 33.9118614196777 33.8343276977539 33.9568176269531 34.5779037475586 35.123836517334 35.575984954834 35.9404411315918 36.1230773925781 35.381591796875 35.1016960144043 35.3299446105957 35.4006958007812 35.4910087585449 35.2814445495605 35.0113105773926 34.9012985229492 34.9126472473145 34.9594230651855 34.9815864562988 34.9652671813965 34.9713287353516 35.030445098877 34.9952278137207 34.9940376281738 34.9920539855957 35.0194320678711 35.0027275085449 34.9630317687988 34.9250793457031 34.9161567687988 34.8822250366211 34.923225402832 35.0066337585449 35.1074981689453 35.279727935791 35.4031715393066 35.5276565551758 35.663387298584 35.7772827148438 35.8107719421387 35.802677154541 35.9418144226074
35.5524978637695 35.5307769775391 35.4977340698242 35.4518394470215 35.370231628418 35.2850723266602 35.3273582458496 35.4359436035156 35.5787963867188 35.7358551025391 35.9358978271484 36.08251953125 36.1862754821777 35.7447509765625 35.1003723144531 34.9116325378418 34.9161949157715 34.9482879638672 34.9471244812012 34.911060333252 34.9135589599609 34.9388046264648 34.963134765625 34.9817733764648 34.9638633728027 34.9763565063477 35.0163803100586 34.9911270141602 34.9820175170898 34.9807472229004 35.061393737793 35.063591003418 34.9858779907227 34.9511985778809 34.9255714416504 34.913703918457 34.8997192382812 34.9114799499512 34.9637756347656 35.0700225830078 35.1769752502441 35.2669067382812 35.4197845458984 35.6203651428223 35.6836585998535 35.7512283325195 35.8079605102539
35.82568359375 35.8793258666992 35.9156227111816 35.9275970458984 35.9305572509766 35.9366798400879 35.9632759094238 36.0104141235352 36.0660018920898 36.1388854980469 36.20654296875 36.2403297424316 36.1838836669922 35.6765327453613 35.043342590332 34.8947410583496 34.9209251403809 34.9078178405762 34.8889465332031 34.9159049987793 34.925651550293 34.9612655639648 34.9764747619629 34.9707984924316 34.961238861084 34.974063873291 34.9785118103027 34.9782752990723 34.9734001159668 34.9727935791016 35.0521774291992 35.0698890686035 35.0514373779297 35.0372924804688 34.9836044311523 34.9571647644043 34.9447212219238 34.9264907836914 34.8949089050293 34.9318237304688 34.9829063415527 35.0491828918457 35.1119804382324 35.2894477844238 35.4394340515137 35.5431823730469 35.5984764099121
