Ecospace-environmental-drivers/Outputs/ASCII-for-ecospace/Sal-bot/Sal-bot_X1997.11.asc
NCOLS 131 
NROWS 53 
XLLCORNER -98 
YLLCORNER 23.9265270233154 
CELLSIZE 0.133587792515755 
NODATA_value -3.4e+38 
[rows 21 to 41 of 53, columns 0 to 46 of 131]
-3.4e+38 -3.4e+38 -3.4e+38 -3.4e+38 -3.4e+38 -3.4e+38 32.389778137207 32.2716484069824 32.2669105529785 31.8590278625488 32.3476028442383 32.8121643066406 33.373851776123 33.860954284668 34.2382774353027 34.5219917297363 34.7207221984863 34.8678169250488 34.9888076782227 35.1157913208008 35.2787170410156 35.4035301208496 35.5022773742676 35.4505386352539 35.3852272033691 35.3334426879883 35.3036842346191 35.3767127990723 35.5889778137207 35.7647972106934 35.8270263671875 35.8489189147949 35.7722625732422 35.7689552307129 35.8820838928223 35.9974937438965 36.0885429382324 36.0844764709473 36.0646858215332 36.075855255127 36.1082305908203 36.045825958252 36.0415077209473 36.0682144165039 36.0501708984375 36.0354080200195 36.0849952697754
-3.4e+38 -3.4e+38 -3.4e+38 -3.4e+38 -3.4e+38 -3.4e+38 32.3993797302246 32.4983100891113 32.2716484069824 32.670051574707 33.144905090332 33.6947212219238 34.2959594726562 34.7359428405762 35.0010948181152 35.1411933898926 35.2158241271973 35.2779273986816 35.3451499938965 35.5029754638672 35.7587699890137 35.938892364502 36.0268173217773 36.018440246582 35.9213409423828 35.8150482177734 35.7942581176758 36.039665222168 36.0835075378418 36.0835304260254 36.0041313171387 36.1313285827637 36.2569122314453 36.2709846496582 36.3237609863281 36.3353309631348 36.3285179138184 36.318489074707 36.295352935791 36.2525215148926 36.2825202941895 36.2820129394531 36.2031135559082 36.2439384460449 36.2733001708984 36.2364349365234 36.2287483215332
-3.4e+38 -3.4e+38 -3.4e+38 -3.4e+38 32.6206855773926 32.4817886352539 32.5722427368164 32.3993797302246 32.8239059448242 33.3358268737793 33.9514465332031 34.6021881103516 35.0755805969238 35.3671951293945 35.5281715393066 35.4764823913574 35.5190010070801 35.5290985107422 35.7309379577637 36.1059112548828 36.2180519104004 36.1422386169434 35.9897193908691 35.913215637207 35.9611282348633 35.9152221679688 35.9346008300781 36.0790634155273 36.2386817932129 36.1733551025391 36.3072128295898 36.3341255187988 36.3385314941406 36.2271728515625 36.3373222351074 36.2580871582031 36.1281814575195 36.1358375549316 35.9290237426758 35.4524345397949 35.5335464477539 35.5047340393066 35.8313789367676 35.5779304504395 35.7590942382812 35.7872695922852 35.888355255127
-3.4e+38 -3.4e+38 -3.4e+38 -3.4e+38 32.7157821655273 32.6644821166992 32.4817886352539 32.835563659668 33.4236640930176 34.061466217041 34.7293434143066 35.2294578552246 35.5709342956543 35.8693428039551 35.9720344543457 35.9633369445801 35.9449272155762 35.8307609558105 35.7799415588379 35.585823059082 35.3040046691895 35.1429214477539 35.1601066589355 35.1621437072754 35.2316703796387 35.2216911315918 35.3239784240723 35.2811698913574 35.4014053344727 35.3883476257324 35.506103515625 35.7158393859863 35.798828125 35.9102516174316 36.0556106567383 35.9558029174805 36.0049743652344 35.7837371826172 35.3844985961914 35.0561141967773 35.0664329528809 35.1166915893555 35.1442413330078 35.0693473815918 35.0317687988281 35.0903167724609 35.0477142333984
-3.4e+38 -3.4e+38 -3.4e+38 -3.4e+38 -3.4e+38 32.7157821655273 32.7958755493164 33.3616142272949 34.0230369567871 34.7559585571289 35.273754119873 35.6491813659668 36.017505645752 36.2355308532715 36.213550567627 35.994930267334 35.5028991699219 35.0670051574707 34.9977111816406 34.9333763122559 34.922306060791 34.909984588623 34.9170303344727 34.9222526550293 34.9437789916992 34.9487609863281 34.970142364502 34.996452331543 34.9329299926758 34.9575729370117 35.0220718383789 35.0893707275391 35.1435050964355 35.4337272644043 35.4119148254395 35.410888671875 35.2772750854492 35.0599212646484 34.9271469116211 34.9112091064453 34.9192161560059 34.9390144348145 34.9183082580566 34.9173545837402 34.9126586914062 34.9232025146484 34.9223213195801
-3.4e+38 -3.4e+38 -3.4e+38 -3.4e+38 -3.4e+38 32.9444732666016 33.2063026428223 33.8421440124512 34.596321105957 35.2280807495117 35.6256256103516 36.0096626281738 36.2564430236816 36.1541595458984 35.8520278930664 35.3978576660156 34.9810943603516 34.9054946899414 34.9067535400391 34.9235420227051 34.9393882751465 34.9320373535156 34.9421463012695 34.907600402832 34.9507827758789 34.9218635559082 34.9226989746094 34.9381217956543 34.9285545349121 34.9755439758301 34.906063079834 34.9136772155762 34.9623908996582 34.9894371032715 34.9699821472168 34.9581718444824 34.9293479919434 34.962474822998 34.9337120056152 34.9362258911133 34.9080123901367 34.9203491210938 34.9107284545898 34.9116744995117 34.9161987304688 34.9154815673828 34.9258918762207
-3.4e+38 -3.4e+38 33.3700904846191 33.3519515991211 33.2256546020508 33.1421966552734 33.5699844360352 34.2748718261719 35.0042877197266 35.4982833862305 35.8970947265625 36.2217063903809 36.1704406738281 35.8285522460938 35.3561592102051 35.0940895080566 34.9144706726074 34.9244537353516 34.9301681518555 34.9368286132812 34.9298553466797 34.9287376403809 34.9293746948242 34.9339599609375 34.9374771118164 34.933048248291 34.9789619445801 34.9900207519531 34.9866943359375 34.9477577209473 34.9122695922852 34.9225883483887 34.9242362976074 34.9442863464355 34.9312744140625 34.943058013916 34.9271430969238 34.9266052246094 34.9293365478516 34.9504737854004 34.930362701416 34.9212760925293 34.9421997070312 34.9548416137695 34.927001953125 34.9295616149902 34.962516784668
-339999999999999996128486808808066248288.000000000000000 -3.4e+38 -3.4e+38 -3.4e+38 33.3338165283203 33.3376884460449 33.8569107055664 34.5986366271973 35.2337684631348 35.7015342712402 36.1186866760254 36.2300300598145 35.8975486755371 35.3869171142578 35.1174812316895 34.9398536682129 34.9186630249023 34.9281806945801 34.9264259338379 34.9451866149902 34.9312477111816 34.943042755127 34.9429359436035 34.9411697387695 34.9309310913086 34.9313507080078 34.9734306335449 34.9399490356445 35.010082244873 34.9660987854004 34.9474868774414 34.9546546936035 34.9340019226074 34.9247779846191 34.9362945556641 34.9418067932129 34.932300567627 34.9370079040527 34.9291191101074 34.9271087646484 34.9602737426758 34.9568862915039 34.9702835083008 34.9655838012695 34.9762229919434 34.9784164428711 34.9693794250488
-3.4e+38 -3.4e+38 -3.4e+38 -3.4e+38 33.4297294616699 33.4928665161133 34.0309028625488 34.7673530578613 35.3467140197754 35.8180694580078 36.2276420593262 36.1264877319336 35.6085395812988 35.1550636291504 34.9395561218262 34.9043006896973 34.9023666381836 34.924861907959 34.9281272888184 34.9333190917969 34.9674072265625 34.9675979614258 34.9646987915039 34.9715194702148 34.977954864502 34.9620018005371 35.0207214355469 34.9834632873535 35.0381393432617 34.9486770629883 34.9467430114746 34.9409828186035 34.9857978820801 34.9452705383301 34.9452362060547 34.9683609008789 34.9601707458496 34.9682197570801 34.9678955078125 34.9736557006836 34.9655609130859 34.9691162109375 34.975399017334 34.981388092041 34.9767837524414 34.9993133544922 34.9940948486328
-3.4e+38 -3.4e+38 -3.4e+38 -3.4e+38 33.5363235473633 33.5882263183594 34.0555305480957 34.7932510375977 35.3828201293945 35.8422698974609 36.2480506896973 35.9432411193848 35.2958641052246 35.0090141296387 34.9112167358398 34.9184074401855 34.9362144470215 34.9299697875977 34.968635559082 34.9675025939941 34.9967079162598 34.971794128418 34.9549980163574 34.9608116149902 35.0503692626953 34.9790916442871 34.971492767334 35.067512512207 35.0657196044922 35.0036773681641 34.9382553100586 34.9656524658203 34.9758033752441 34.9640502929688 34.9939002990723 34.9784660339355 34.9716949462891 34.9721565246582 34.9711418151855 34.9655303955078 34.9730682373047 34.9776420593262 34.976634979248 34.9747428894043 34.9751281738281 34.9763107299805 34.9759216308594
-3.4e+38 -3.4e+38 -3.4e+38 -3.4e+38 33.8856620788574 33.6585540771484 33.9934463500977 34.6773262023926 35.2791290283203 35.7571449279785 36.2157592773438 35.8954048156738 35.2075958251953 34.970516204834 34.9115943908691 34.9346694946289 34.9402084350586 34.9492950439453 34.9566497802734 35.0130043029785 35.0031700134277 34.9926605224609 34.9641494750977 34.9650688171387 34.9992713928223 34.9723777770996 34.9482574462891 34.9645156860352 35.020320892334 34.9772682189941 35.0238914489746 35.0094261169434 34.9654960632324 34.9782562255859 34.9838409423828 34.9716186523438 34.9742736816406 34.9746398925781 34.9765815734863 34.9759712219238 34.9727935791016 34.9682426452637 34.9667472839355 34.9655303955078 34.9680976867676 34.9661865234375 34.9642448425293
-3.4e+38 -3.4e+38 -3.4e+38 -3.4e+38 33.916072845459 33.750316619873 33.8859024047852 34.4425010681152 35.0061187744141 35.5363998413086 36.0613555908203 36.1157073974609 35.302604675293 34.9396553039551 34.9089775085449 34.9399948120117 34.9653816223145 34.9544105529785 34.9600601196289 35.0085029602051 34.9789505004883 34.974422454834 34.9738693237305 34.979564666748 34.9588508605957 34.9662857055664 34.9645080566406 34.9733505249023 34.9722023010254 34.9692115783691 35.0516777038574 34.9664154052734 34.9609794616699 34.9793891906738 34.9869689941406 34.9851913452148 34.9916381835938 34.9857711791992 34.9755439758301 34.9713287353516 34.9663963317871 34.9656028747559 35.0609741210938 34.9636726379395 34.9620971679688 34.958366394043 34.957893371582
-3.4e+38 -3.4e+38 -3.4e+38 -3.4e+38 34.0192031860352 33.8690719604492 33.862117767334 34.2441062927246 34.6974449157715 35.1164627075195 35.6829147338867 36.0975914001465 35.5928382873535 34.9439010620117 34.9237899780273 34.9351539611816 34.968807220459 34.9564170837402 34.9936943054199 34.9829177856445 34.968822479248 34.9669151306152 34.9688758850098 34.9709815979004 34.9745712280273 34.987476348877 34.9882545471191 34.9668502807617 35.0029373168945 35.0365333557129 35.0342330932617 34.9744758605957 34.9757766723633 34.9740104675293 34.9678916931152 34.9715576171875 34.9715690612793 34.9702033996582 34.9699630737305 35.0687065124512 34.9760208129883 34.9870147705078 35.0467987060547 35.0661849975586 35.0171279907227 34.9564208984375 34.9633674621582
-3.4e+38 -3.4e+38 -3.4e+38 -3.4e+38 -3.4e+38 33.8302764892578 33.8796501159668 34.1494026184082 34.5715026855469 34.9499626159668 35.3775215148926 35.8094291687012 35.9056167602539 34.9709320068359 34.9226608276367 34.9345550537109 34.972225189209 34.9620780944824 34.986083984375 34.978931427002 34.9711647033691 34.9675750732422 34.966968536377 34.9660949707031 34.9653129577637 34.9926719665527 34.9733963012695 34.9589462280273 34.9649238586426 34.9712371826172 34.9720039367676 34.9703063964844 34.9667701721191 34.9639320373535 34.9759864807129 34.9626922607422 34.9612693786621 34.9609718322754 34.9618988037109 34.9621276855469 35.014965057373 35.0496406555176 35.0333595275879 34.9690246582031 35.0379981994629 34.9912986755371 34.9757041931152
-3.4e+38 -3.4e+38 -3.4e+38 -3.4e+38 -3.4e+38 29.3272857666016 33.8679504394531 34.1647758483887 34.530876159668 34.916561126709 35.3158187866211 35.6601295471191 35.9235725402832 34.9975929260254 34.922119140625 34.9354629516602 34.9546546936035 34.971549987793 34.9850921630859 34.9754524230957 34.9709281921387 34.9691505432129 34.9851150512695 34.9802169799805 34.9799385070801 35.0517654418945 35.0279693603516 35.0041923522949 35.0092239379883 34.9637870788574 34.9595336914062 34.9595413208008 34.9598655700684 34.9616661071777 35.0198669433594 34.9938201904297 34.9658126831055 34.9588050842285 34.9598274230957 34.9596710205078 34.9591217041016 35.030445098877 35.0109634399414 35.0161628723145 34.9996719360352 34.9727554321289 34.975399017334
-3.4e+38 -3.4e+38 -3.4e+38 -3.4e+38 -3.4e+38 28.2688846588135 33.7824783325195 34.241455078125 34.5742416381836 34.9470481872559 35.3471069335938 35.6884765625 35.8194046020508 34.9738540649414 34.9278945922852 34.9365425109863 34.9388465881348 34.9503021240234 34.9833221435547 34.9687767028809 34.9623794555664 34.9801216125488 34.9816017150879 35.0171928405762 35.0325126647949 35.0261383056641 35.025577545166 35.0236396789551 35.0187225341797 35.0224113464355 35.0374755859375 35.019889831543 35.004810333252 35.0069160461426 35.0353507995605 35.0213165283203 34.9924163818359 34.9789924621582 34.9868850708008 34.9762382507324 34.9793853759766 34.9811935424805 34.9842147827148 34.9856872558594 34.9729919433594 34.9685249328613 34.9911842346191
-3.4e+38 -3.4e+38 -3.4e+38 -3.4e+38 -3.4e+38 -3.4e+38 34.0506820678711 34.325927734375 34.6525917053223 35.046028137207 35.4616050720215 35.8343353271484 35.8476066589355 35.0342559814453 34.9313583374023 34.9480094909668 34.9356079101562 34.9505767822266 34.987117767334 34.9658241271973 34.9620361328125 34.9877510070801 35.0146789550781 35.0356712341309 35.0628089904785 35.0575828552246 35.0285263061523 35.0637741088867 35.0369758605957 35.0500602722168 35.068229675293 35.0675582885742 35.059886932373 35.0674324035645 35.0582504272461 35.0583953857422 35.0578460693359 35.0300788879395 34.9967727661133 34.9836578369141 34.969970703125 34.9695816040039 34.967041015625 34.9744529724121 34.9838562011719 34.972713470459 34.9647102355957
-3.4e+38 -3.4e+38 -3.4e+38 -3.4e+38 -3.4e+38 -3.4e+38 34.2178955078125 34.4235687255859 34.7647705078125 35.2173728942871 35.6963386535645 36.036922454834 35.7734451293945 35.0602912902832 34.9238586425781 34.9326095581055 34.9287376403809 34.9426498413086 34.9713478088379 34.9631958007812 34.9895782470703 35.0068397521973 35.0222702026367 35.0387840270996 35.0512924194336 35.057502746582 35.0492362976074 35.0615653991699 35.0574340820312 35.0596885681152 35.0564651489258 35.0540008544922 35.0536918640137 35.0551986694336 35.0513458251953 35.047233581543 35.0431709289551 35.0447311401367 35.0609321594238 35.054370880127 35.0387153625488 35.0196800231934 35.0020980834961 35.0137939453125 34.9998359680176 35.0141334533691 34.9933547973633
-3.4e+38 -3.4e+38 -3.4e+38 -3.4e+38 -3.4e+38 -3.4e+38 34.3590049743652 34.5618095397949 34.9416885375977 35.472354888916 35.8821411132812 36.1191520690918 35.7234382629395 34.9899673461914 34.9269981384277 34.943531036377 34.9367218017578 34.9514961242676 34.9669761657715 34.9786643981934 35.0017738342285 35.0261993408203 35.0315399169922 35.049144744873 35.0680618286133 35.0714263916016 35.0693702697754 35.0652046203613 35.0605812072754 35.0553359985352 35.0504341125488 35.0477104187012 35.0469665527344 35.0468902587891 35.046070098877 35.042652130127 35.0419883728027 35.0451469421387 35.0455741882324 35.0471992492676 35.0527572631836 35.0562896728516 35.0564956665039 35.0361785888672 35.0375213623047 35.0642776489258 35.055362701416
-3.4e+38 -3.4e+38 -3.4e+38 -3.4e+38 -3.4e+38 34.5275459289551 34.467700958252 34.7327003479004 35.1561317443848 35.7069931030273 36.0119247436523 36.1576232910156 35.5759506225586 34.9570770263672 34.9397735595703 34.9331169128418 34.9292335510254 34.9439735412598 34.9690628051758 34.9994354248047 35.0185050964355 35.0417900085449 35.0660743713379 35.0721588134766 35.0760269165039 35.076602935791 35.0742645263672 35.0693130493164 35.0626754760742 35.0565185546875 35.0507049560547 35.0455780029297 35.0424575805664 35.0410919189453 35.0417861938477 35.0406723022461 35.0410232543945 35.041431427002 35.0401649475098 35.0391235351562 35.044246673584 35.0489730834961 35.0646858215332 35.0782775878906 35.0778045654297 35.0632743835449 35.0485496520996
-3.4e+38 -3.4e+38 -3.4e+38 -3.4e+38 34.8470687866211 34.6397552490234 34.5970993041992 34.9391632080078 35.4191703796387 35.9041633605957 36.1409225463867 36.0816917419434 35.3421325683594 34.9397659301758 34.9342842102051 34.9269676208496 34.9245910644531 34.9470748901367 34.9776496887207 34.9740867614746 35.0403709411621 35.0650100708008 35.0722961425781 35.0758171081543 35.0777740478516 35.0755424499512 35.072208404541 35.0669136047363 35.0596160888672 35.0536918640137 35.0482444763184 35.0432510375977 35.0393867492676 35.0367851257324 35.037540435791 35.0388336181641 35.0398101806641 35.0402336120605 35.0396537780762 35.0369606018066 35.0379333496094 35.0398178100586 35.0476150512695 35.0500183105469 35.0620727539062 35.0583343505859 35.0514106750488
