Ecospace-environmental-drivers/Outputs/ASCII-for-ecospace/Sal-bot/Sal-bot_X2020.05.asc
NCOLS 131 
NROWS 53 
XLLCORNER -98 
YLLCORNER 23.9265270233154 
CELLSIZE 0.133587792515755 
NODATA_value -3.4e+38 
[rows 21 to 41 of 53, columns 0 to 46 of 131]
-3.4e+38 -3.4e+38 -3.4e+38 -3.4e+38 -3.4e+38 -3.4e+38 33.3375816345215 33.0741348266602 32.8044967651367 32.1404113769531 32.5966873168945 33.299129486084 34.0303153991699 34.4168586730957 34.6846809387207 34.8245887756348 35.0134620666504 35.2271728515625 35.4075622558594 35.550666809082 35.6339836120605 35.695613861084 35.7474708557129 35.7735481262207 35.7959480285645 35.8095359802246 35.8236312866211 35.8533630371094 35.8807983398438 35.9254684448242 35.9615249633789 35.9729614257812 35.967113494873 35.9757423400879 36.006893157959 36.039192199707 36.0661773681641 36.0677947998047 36.0735473632812 36.0862579345703 36.0993766784668 36.1165733337402 36.1745948791504 36.2489204406738 36.3061714172363 36.3374557495117 36.3724136352539
-3.4e+38 -3.4e+38 -3.4e+38 -3.4e+38 -3.4e+38 -3.4e+38 33.5521659851074 33.3864479064941 33.0741348266602 33.1989402770996 33.714241027832 34.2893180847168 34.8022727966309 35.0959281921387 35.2412109375 35.4022445678711 35.5131645202637 35.5980110168457 35.6635322570801 35.7382545471191 35.8396072387695 35.9313583374023 35.9929962158203 36.0198135375977 36.0160484313965 36.0112152099609 36.0345268249512 36.0790748596191 36.0724220275879 36.0810127258301 36.0788497924805 36.11279296875 36.1437454223633 36.1714019775391 36.2099342346191 36.2261085510254 36.2465629577637 36.2608757019043 36.2743034362793 36.273567199707 36.3326225280762 36.3462066650391 36.3640899658203 36.3816871643066 36.396556854248 36.3971977233887 36.3912010192871
-3.4e+38 -3.4e+38 -3.4e+38 -3.4e+38 34.2152557373047 33.8920631408691 33.7662696838379 33.5521659851074 33.5330467224121 33.979305267334 34.5025062561035 35.0063362121582 35.3515281677246 35.5979156494141 35.7257232666016 35.7038688659668 35.7534103393555 35.7950592041016 35.88818359375 36.0865898132324 36.2755584716797 36.3204231262207 36.2133674621582 36.0779228210449 36.1836814880371 36.071361541748 36.135555267334 36.1930274963379 36.304084777832 36.2578163146973 36.3093948364258 36.3138236999512 36.3055038452148 36.2983016967773 36.3181991577148 36.3067054748535 36.292552947998 36.3007049560547 36.1010437011719 35.7055740356445 35.7201766967773 35.7501220703125 36.0351409912109 35.799633026123 35.955696105957 36.0384902954102 36.1096992492676
-3.4e+38 -3.4e+38 -3.4e+38 -3.4e+38 34.5078277587891 34.2458801269531 33.8920631408691 33.8545761108398 34.1276512145996 34.6469078063965 35.1203422546387 35.5312919616699 35.8378791809082 36.0067291259766 36.0477180480957 36.0824432373047 36.1398429870605 36.0242652893066 35.9522361755371 35.8206939697266 35.5322532653809 35.3369140625 35.3624458312988 35.3910522460938 35.4768600463867 35.4687652587891 35.552734375 35.5046920776367 35.6002922058105 35.5675010681152 35.6908569335938 35.9149513244629 36.0564384460449 36.0471839904785 36.1579818725586 36.1136131286621 36.1321868896484 35.9905281066895 35.6338806152344 35.2561836242676 35.1763038635254 35.2701988220215 35.3396072387695 35.2839279174805 35.1650390625 35.2284317016602 35.1519012451172
-3.4e+38 -3.4e+38 -3.4e+38 -3.4e+38 -3.4e+38 34.5078277587891 34.3377456665039 34.2985038757324 34.6706924438477 35.1511192321777 35.5904731750488 35.9575691223145 36.1372985839844 36.1994438171387 36.2747192382812 36.2294807434082 35.7031784057617 35.2582969665527 35.164966583252 35.0374755859375 34.9881248474121 34.9574317932129 34.967830657959 34.9882621765137 35.0606117248535 35.0651588439941 35.0724945068359 35.1128959655762 35.0587196350098 35.0984420776367 35.1823310852051 35.2525634765625 35.3360214233398 35.5922889709473 35.6249542236328 35.6090316772461 35.4931907653809 35.2308235168457 35.0184440612793 34.993709564209 35.023120880127 35.0141372680664 35.0152816772461 34.9965476989746 34.9439964294434 34.9510307312012 34.9507598876953
-3.4e+38 -3.4e+38 -3.4e+38 -3.4e+38 -3.4e+38 34.958911895752 34.6900367736816 34.7159271240234 35.0578575134277 35.5421676635742 35.9432220458984 36.1643524169922 36.2336502075195 36.3346214294434 36.1216201782227 35.5999069213867 35.1260070800781 34.9567222595215 34.9344940185547 34.9367408752441 34.9679679870605 34.9469223022461 34.971923828125 34.9455451965332 35.0228233337402 34.9706687927246 34.9534072875977 34.9694519042969 35.0008773803711 35.0580024719238 34.9895439147949 35.0059928894043 35.0154151916504 35.0153427124023 34.9875373840332 34.9971237182617 34.985294342041 35.2520141601562 35.0270080566406 35.0524559020996 34.9665222167969 34.970630645752 34.9288482666016 34.919506072998 34.9165840148926 34.912712097168 34.9321517944336
-3.4e+38 -3.4e+38 35.9378280639648 35.9019317626953 35.462703704834 35.215015411377 34.9085464477539 34.9906234741211 35.3695335388184 35.8224411010742 36.1407508850098 36.2353096008301 36.2969703674316 36.0854911804199 35.5817794799805 35.2311019897461 34.9748992919922 34.9482574462891 34.9512977600098 34.9691047668457 34.9326324462891 34.9281120300293 34.9331855773926 34.9449462890625 34.941764831543 34.9271430969238 35.0032730102539 35.0155372619629 35.0138969421387 34.993350982666 34.9520988464355 34.9884948730469 34.9501457214355 34.978271484375 34.9634017944336 34.9894027709961 34.9646186828613 35.052188873291 34.9980964660645 35.0229034423828 34.9649658203125 34.942138671875 34.9430160522461 34.9491996765137 34.9340133666992 34.9346694946289 34.9580345153809
-339999999999999996128486808808066248288.000000000000000 -3.4e+38 -3.4e+38 -3.4e+38 35.8660354614258 35.3357276916504 35.1000518798828 35.1939926147461 35.5987930297852 36.0173988342285 36.2119941711426 36.2706642150879 36.1361351013184 35.6408576965332 35.2738380432129 35.0188446044922 34.951717376709 34.9482650756836 34.9292602539062 34.9560775756836 34.9297370910645 34.9417419433594 34.9419250488281 34.9380683898926 34.9185523986816 34.9183502197266 34.9992904663086 34.9347915649414 35.0007438659668 34.9681396484375 34.9872016906738 35.0251731872559 34.9399681091309 34.9166145324707 34.9547462463379 34.9931106567383 34.9421234130859 34.9835586547852 34.9547996520996 34.9337844848633 34.9899635314941 34.9724311828613 34.9629096984863 34.9588012695312 34.9757690429688 34.976993560791 34.9681777954102
-3.4e+38 -3.4e+38 -3.4e+38 -3.4e+38 35.576358795166 35.3598976135254 35.2879104614258 35.357250213623 35.7358474731445 36.103157043457 36.2363815307617 36.2438774108887 35.839469909668 35.338249206543 35.0360946655273 34.9555587768555 34.9124488830566 34.9462013244629 34.9298667907715 34.9335250854492 34.9599647521973 34.9723815917969 34.9685020446777 34.9676246643066 34.9717216491699 34.9568481445312 35.0473899841309 35.0341682434082 35.0936622619629 34.9467506408691 34.9618949890137 34.9597549438477 35.0448532104492 34.9511756896973 34.9559173583984 35.0433349609375 34.9955673217773 35.0414047241211 35.0062217712402 34.9887924194336 34.9638175964355 34.9606590270996 34.9765319824219 34.9944038391113 34.9774055480957 35.0162620544434 35.0016441345215
-3.4e+38 -3.4e+38 -3.4e+38 -3.4e+38 35.4823760986328 35.4216575622559 35.4389305114746 35.4733772277832 35.7936363220215 36.1266937255859 36.2496490478516 36.1302871704102 35.5250816345215 35.1712684631348 34.9811019897461 34.9433670043945 34.9529151916504 34.9429588317871 34.9750823974609 34.9722023010254 34.9935874938965 34.9746704101562 34.957836151123 34.9589996337891 35.0559844970703 34.9785461425781 34.9706535339355 35.0902824401855 35.087028503418 35.0237159729004 34.9408874511719 34.9867935180664 34.9992332458496 34.9641876220703 35.0102424621582 35.0162010192871 35.0048217773438 34.9740371704102 34.9754486083984 34.9524574279785 34.979564666748 34.9910354614258 34.9885482788086 34.9875869750977 34.9816284179688 34.9809494018555 34.982250213623
-3.4e+38 -3.4e+38 -3.4e+38 -3.4e+38 35.7880363464355 35.4628639221191 35.5540466308594 35.5373153686523 35.789867401123 36.0877075195312 36.2517509460449 36.1026878356934 35.4205093383789 35.1160011291504 34.9756240844727 34.9481353759766 34.9513702392578 34.9575386047363 34.9658546447754 35.0057182312012 34.9932899475098 34.9963836669922 34.9719123840332 34.9680671691895 35.001033782959 34.9720115661621 34.9272613525391 34.957275390625 35.0538024902344 35.017463684082 35.042121887207 35.0179214477539 34.9716835021973 34.9756927490234 34.9739074707031 34.9643211364746 34.9665641784668 34.9581718444824 34.9883270263672 34.996997833252 34.988582611084 34.9761734008789 34.9748611450195 34.9751091003418 34.9757423400879 34.9718551635742 34.9704856872559
-3.4e+38 -3.4e+38 -3.4e+38 -3.4e+38 35.5181732177734 35.4308204650879 35.6775703430176 35.5613632202148 35.7067756652832 35.9970932006836 36.2190437316895 36.2407150268555 35.5271606445312 35.0734748840332 34.9701309204102 34.9504470825195 34.9716796875 34.9611892700195 34.9690475463867 35.001766204834 34.9834022521973 34.9819374084473 34.9829216003418 34.9974975585938 34.9634895324707 34.9764823913574 34.9726905822754 34.9832077026367 34.993465423584 34.9881057739258 35.0526885986328 34.9751930236816 34.96533203125 35.0034332275391 35.0357208251953 35.0253524780273 35.0416145324707 35.0200653076172 34.9882125854492 34.985481262207 34.9772911071777 34.9734077453613 35.0804977416992 34.9743843078613 34.9706611633301 34.968376159668 34.967960357666
-3.4e+38 -3.4e+38 -3.4e+38 -3.4e+38 35.5027961730957 35.3603591918945 35.7509994506836 35.6347007751465 35.6335639953613 35.7873153686523 36.0941009521484 36.2542877197266 35.8183555603027 35.0387878417969 34.9497108459473 34.940242767334 34.9716300964355 34.9589347839355 34.9883270263672 34.9872856140137 34.9791069030762 34.9761848449707 34.9785003662109 34.9817161560059 35.0008163452148 35.0242576599121 35.0284080505371 34.9909591674805 35.0294952392578 35.0322570800781 35.0511856079102 34.9966049194336 35.0053749084473 34.9988784790039 34.9940910339355 34.9946136474609 34.9842376708984 34.9838981628418 34.9747009277344 35.0533599853516 34.9836654663086 34.9981880187988 35.0721969604492 35.102668762207 35.0508575439453 34.9702987670898 34.9957275390625
-3.4e+38 -3.4e+38 -3.4e+38 -3.4e+38 -3.4e+38 35.2890319824219 35.7109565734863 35.7399978637695 35.6647987365723 35.7185134887695 35.9214172363281 36.1687622070312 36.0904884338379 35.0575141906738 34.9363136291504 34.9366607666016 34.9720001220703 34.9622764587402 34.9829521179199 34.9860992431641 34.9811058044434 34.9757499694824 34.9755744934082 34.9782409667969 34.9811134338379 35.0332260131836 35.0135269165039 34.9746551513672 34.9828643798828 35.0002212524414 35.0021553039551 34.9950828552246 34.9900207519531 34.9800720214844 35.0174751281738 34.9863548278809 34.9735870361328 34.9789009094238 34.9768753051758 34.979907989502 35.0302658081055 35.0706100463867 35.0615882873535 34.9905319213867 35.080436706543 35.0655632019043 35.0399322509766
-3.4e+38 -3.4e+38 -3.4e+38 -3.4e+38 -3.4e+38 26.485897064209 35.5369873046875 35.8476486206055 35.7323913574219 35.7331886291504 35.8723106384277 36.0858116149902 36.1003799438477 35.089111328125 34.9227180480957 34.9360618591309 34.9441680908203 34.9726600646973 34.985523223877 34.9860038757324 34.9772262573242 34.9773941040039 35.0055923461914 34.9987297058105 34.9983024597168 35.1147193908691 35.067985534668 35.032527923584 35.0385894775391 34.9901084899902 34.9703102111816 34.9712791442871 34.9713096618652 34.9767608642578 35.0898056030273 35.0529289245605 35.0052185058594 34.9804840087891 34.9822654724121 34.9785614013672 34.9744644165039 35.082405090332 35.0849723815918 35.0548667907715 35.0409317016602 35.0307769775391 35.0100517272949
-3.4e+38 -3.4e+38 -3.4e+38 -3.4e+38 -3.4e+38 27.7913036346436 35.805606842041 35.9349136352539 35.830207824707 35.7902946472168 35.8744468688965 36.0757637023926 36.0121879577637 35.0233421325684 34.9202575683594 34.9338874816895 34.9295806884766 34.9432678222656 34.9904708862305 34.9767684936523 34.9715614318848 34.9971580505371 34.9997329711914 35.0708503723145 35.1229972839355 35.1283416748047 35.1306381225586 35.1138229370117 35.0934066772461 35.1145324707031 35.1129150390625 35.1102142333984 35.0800361633301 35.080638885498 35.1344032287598 35.1154670715332 35.0564804077148 35.0215187072754 35.0541038513184 35.044979095459 35.0561103820801 35.0699615478516 35.0641784667969 35.0495758056641 35.0241661071777 35.0048751831055 35.0124206542969
-3.4e+38 -3.4e+38 -3.4e+38 -3.4e+38 -3.4e+38 -3.4e+38 36.0970077514648 35.990104675293 35.9160614013672 35.856990814209 35.9034614562988 36.099781036377 36.0354270935059 35.0891075134277 34.9233283996582 34.9373741149902 34.9199638366699 34.9414100646973 34.997200012207 34.9725112915039 34.9742317199707 35.0094146728516 35.0509376525879 35.1280975341797 35.1572113037109 35.1581840515137 35.1326751708984 35.1650581359863 35.1915664672852 35.190788269043 35.1913528442383 35.1922607421875 35.1923332214355 35.1927528381348 35.1929550170898 35.1921920776367 35.1826248168945 35.1179008483887 35.045783996582 35.0333290100098 35.0194778442383 35.0192070007324 35.0186653137207 35.0263519287109 35.0292816162109 35.0026969909668 34.9865341186523
-3.4e+38 -3.4e+38 -3.4e+38 -3.4e+38 -3.4e+38 -3.4e+38 36.1697578430176 36.0246391296387 35.9657821655273 35.9239120483398 35.973705291748 36.1631660461426 35.9459381103516 35.1013336181641 34.9295768737793 34.9209136962891 34.8977012634277 34.9219627380371 34.980583190918 34.9713897705078 35.0193939208984 35.046257019043 35.1111717224121 35.1495399475098 35.1939659118652 35.1939010620117 35.1923217773438 35.1931648254395 35.1939430236816 35.1930694580078 35.1914138793945 35.1919555664062 35.1936378479004 35.1939964294434 35.1940002441406 35.1939888000488 35.1938171386719 35.1919746398926 35.1900978088379 35.1516647338867 35.1137771606445 35.0786170959473 35.0664100646973 35.1027908325195 35.0930366516113 35.1075553894043 35.046142578125
-3.4e+38 -3.4e+38 -3.4e+38 -3.4e+38 -3.4e+38 -3.4e+38 36.2217254638672 36.0374603271484 35.9962196350098 35.973876953125 36.0619201660156 36.2149658203125 35.8854789733887 35.0453071594238 34.9265213012695 34.9352149963379 34.9002685546875 34.9354553222656 34.9733924865723 34.9891357421875 35.0544013977051 35.1216926574707 35.1640853881836 35.189022064209 35.1939811706543 35.1939659118652 35.1935119628906 35.1931991577148 35.1939811706543 35.1939849853516 35.1937408447266 35.1933250427246 35.193660736084 35.1939735412598 35.1940002441406 35.193920135498 35.1939506530762 35.1939888000488 35.193977355957 35.1939506530762 35.1939392089844 35.184268951416 35.1675071716309 35.1258888244629 35.1352195739746 35.1692810058594 35.1637878417969
-3.4e+38 -3.4e+38 -3.4e+38 -3.4e+38 -3.4e+38 36.4650688171387 36.168342590332 36.0537261962891 36.0334777832031 36.0340805053711 36.143482208252 36.2623519897461 35.6679191589355 34.9847412109375 34.9270629882812 34.9267120361328 34.9240188598633 34.9418029785156 34.971508026123 34.9971466064453 35.0713882446289 35.1631851196289 35.1939697265625 35.1940002441406 35.1940002441406 35.1940002441406 35.1940002441406 35.1939659118652 35.1940002441406 35.1940002441406 35.1940002441406 35.1939888000488 35.1939353942871 35.1939430236816 35.1940002441406 35.1938171386719 35.1937026977539 35.1938629150391 35.1939430236816 35.1940002441406 35.1940002441406 35.1939964294434 35.1938896179199 35.1904907226562 35.176197052002 35.1769599914551 35.1806297302246
-3.4e+38 -3.4e+38 -3.4e+38 -3.4e+38 36.9727249145508 36.5109405517578 36.0928382873535 36.0810089111328 36.0860557556152 36.1138496398926 36.2438430786133 36.2575950622559 35.4135627746582 34.9577980041504 34.9276733398438 34.9213256835938 34.9224243164062 34.9536628723145 34.9856834411621 34.9914474487305 35.1273803710938 35.1938972473145 35.1940002441406 35.1940002441406 35.1940002441406 35.1940002441406 35.1940002441406 35.1940002441406 35.1940002441406 35.1940002441406 35.1940002441406 35.1940002441406 35.1940002441406 35.1940002441406 35.1940002441406 35.19384765625 35.1929244995117 35.1925010681152 35.1930046081543 35.1935729980469 35.1939888000488 35.1939697265625 35.1933975219727 35.1915893554688 35.1863555908203 35.1808815002441 35.1828460693359
