Ecospace-environmental-drivers/Outputs/ASCII-for-ecospace/Sal-bot/Sal-bot_X2001.02.asc
NCOLS 131 
NROWS 53 
XLLCORNER -98 
YLLCORNER 23.9265270233154 
CELLSIZE 0.133587792515755 
NODATA_value -3.4e+38 
[rows 21 to 41 of 53, columns 47 to 93 of 131]
35.8724555969238 35.9624099731445 36.0111198425293 36.0179901123047 36.0121154785156 35.9824714660645 35.9191589355469 35.9421043395996 35.9368324279785 35.9482002258301 35.753662109375 35.6320343017578 35.3777847290039 35.0934066772461 34.9768867492676 34.9356307983398 34.9572067260742 34.9500045776367 34.9454574584961 34.9469032287598 34.9822158813477 34.9774169921875 34.9681015014648 34.9667625427246 35.0335273742676 35.0426177978516 34.9931335449219 34.992130279541 35.0100708007812 35.0808525085449 35.0761108398438 35.0479316711426 35.0535125732422 35.0469627380371 35.0420112609863 35.0294075012207 35.0181503295898 35.0070152282715 34.961986541748 34.9287643432617 34.9343414306641 34.9517135620117 34.9615821838379 34.9949569702148 35.0562934875488 35.1758460998535 35.3336143493652
35.913402557373 35.908317565918 35.9183540344238 35.9243392944336 35.9831085205078 35.8722267150879 35.5320587158203 35.6542663574219 35.482063293457 35.2136268615723 35.1043472290039 35.0454711914062 35.0276298522949 34.9707832336426 34.918270111084 34.9234352111816 34.962028503418 34.9519500732422 34.9803352355957 34.9696350097656 34.9725112915039 34.9813499450684 34.9760627746582 35.0380973815918 35.0158615112305 35.0031280517578 34.9891242980957 34.9865074157715 35.0405960083008 35.0582160949707 35.0486907958984 35.0368995666504 35.0322952270508 35.0315856933594 35.028003692627 35.0264167785645 35.0221748352051 35.0218620300293 35.0318603515625 35.0194358825684 34.9829177856445 34.9696884155273 34.9524765014648 34.9310302734375 34.9480018615723 34.9788017272949 35.0475540161133
35.4104652404785 35.3791694641113 35.4720153808594 35.3930969238281 35.3471527099609 35.2004051208496 35.2045707702637 35.0471496582031 34.9718627929688 34.9558296203613 34.9380950927734 34.9497413635254 34.9451026916504 34.9312171936035 34.9594650268555 34.9523696899414 34.9472503662109 34.9855117797852 34.9711036682129 34.9657249450684 34.961540222168 34.9833221435547 34.9739303588867 35.0537300109863 34.996150970459 34.9869499206543 34.9918365478516 35.0067024230957 35.0917358398438 35.0527420043945 35.0320205688477 35.0278396606445 35.0236396789551 35.0218238830566 35.019588470459 35.0186309814453 35.0182723999023 35.0301246643066 35.0913581848145 35.0320510864258 35.0515518188477 35.0581855773926 35.0262794494629 34.9728317260742 34.9400787353516 34.9240417480469 34.9661331176758
35.005687713623 35.0097236633301 34.9906730651855 35.014030456543 35.0121765136719 34.9612579345703 34.9636917114258 34.9490776062012 34.959358215332 34.9360542297363 34.939151763916 34.9284782409668 34.9482803344727 34.9508934020996 34.9617042541504 34.9433479309082 34.981517791748 34.9750022888184 34.972354888916 34.988697052002 34.9869155883789 34.9900856018066 34.9775199890137 35.0495529174805 35.0160484313965 35.007396697998 35.0808067321777 35.080982208252 35.0710334777832 35.0525131225586 35.038387298584 35.0271492004395 35.0207252502441 35.0190773010254 35.0666084289551 35.0717010498047 35.092342376709 35.0809516906738 35.0791320800781 35.0540351867676 35.054443359375 35.0735054016113 35.0738487243652 35.0641098022461 35.0113830566406 34.9631195068359 34.9344329833984
34.9222831726074 34.9458885192871 34.9365463256836 34.9442291259766 34.9624481201172 34.9365882873535 34.9606018066406 34.9493026733398 34.956714630127 34.9621543884277 34.9680366516113 34.9635734558105 34.9462356567383 34.9402236938477 34.9400024414062 34.9779052734375 34.9773025512695 34.9748954772949 34.9936714172363 34.9814643859863 34.9808654785156 34.9792175292969 34.9789733886719 34.9865531921387 35.0433769226074 34.9997520446777 35.0069923400879 35.084056854248 35.0607833862305 35.0441818237305 35.0337066650391 35.0284309387207 35.0227279663086 35.0248947143555 35.0502166748047 35.0810699462891 35.073844909668 35.0912170410156 35.0710220336914 35.0628662109375 35.069091796875 35.0766181945801 35.0769958496094 35.0766067504883 35.063362121582 35.0181427001953 34.9560432434082
34.9596176147461 34.9370498657227 34.9373168945312 34.9997406005859 34.9840888977051 34.9570159912109 34.9592552185059 35.0100593566895 34.9466781616211 34.9746208190918 34.9443244934082 34.9697799682617 34.9386444091797 34.9800987243652 34.9872741699219 34.9885139465332 34.9749069213867 34.9706573486328 34.9696998596191 34.9668388366699 34.9700317382812 34.9744110107422 35.0445442199707 35.0584487915039 35.0469512939453 35.0169715881348 34.9820861816406 35.0512199401855 35.0608329772949 35.0391693115234 35.0328254699707 35.026798248291 35.0223579406738 35.064826965332 35.0777702331543 35.0992012023926 35.080078125 35.0867233276367 35.0568008422852 35.0653800964355 35.0685348510742 35.0759315490723 35.0721702575684 35.0644454956055 35.0705833435059 35.0585746765137 35.0132331848145
34.9763488769531 34.9728813171387 35.0014305114746 35.0247497558594 34.9844741821289 34.9778099060059 34.9934120178223 34.9781951904297 34.9731483459473 35.002326965332 35.0073585510254 34.9928016662598 34.9883766174316 34.982780456543 35.0265998840332 35.0281562805176 35.0419387817383 35.0254898071289 35.0059242248535 35.008171081543 34.9673118591309 35.0418930053711 35.0244064331055 35.0079002380371 35.0066833496094 34.9999618530273 34.9823837280273 35.0680046081543 35.0503387451172 35.0352325439453 35.0287246704102 35.0297317504883 35.0241088867188 35.0187339782715 35.0387649536133 35.0915145874023 35.0866508483887 35.0754547119141 35.0433158874512 35.0667381286621 35.0679130554199 35.049430847168 35.0572967529297 35.0605583190918 35.0569152832031 35.0601043701172 35.0407867431641
34.9676322937012 34.9908981323242 35.0298080444336 34.9816970825195 34.9861640930176 35.0267944335938 35.0089721679688 34.971363067627 34.9790077209473 34.9707107543945 34.9812126159668 34.993221282959 35.0190238952637 35.0345687866211 35.0465774536133 35.0125579833984 34.990665435791 34.9813079833984 34.9846801757812 35.0071334838867 35.0342559814453 35.0334053039551 35.005672454834 34.9984741210938 35.0136566162109 35.042106628418 35.090991973877 35.0555114746094 35.0354042053223 35.0284118652344 35.0243682861328 35.0241317749023 35.019905090332 35.0178031921387 35.035083770752 35.0375175476074 35.0861015319824 35.0780448913574 35.0729827880859 35.0780448913574 35.067943572998 35.0464897155762 35.0527000427246 35.0522613525391 35.0583190917969 35.0572624206543 35.059154510498
34.9892234802246 34.9843521118164 34.9788856506348 34.9773292541504 34.9773712158203 34.981143951416 34.9874229431152 34.9855461120605 34.9936943054199 34.9964256286621 35.0322380065918 35.0181312561035 35.0065269470215 35.0094261169434 34.9938507080078 34.9843444824219 34.9791603088379 34.9744415283203 34.9741134643555 34.9806900024414 34.9932670593262 35.0101203918457 35.003978729248 34.9973220825195 35.0631294250488 35.0519409179688 35.0502891540527 35.044303894043 35.0373573303223 35.0283241271973 35.0210075378418 35.0163879394531 35.0157585144043 35.0133171081543 35.0112342834473 35.0105438232422 35.0839195251465 35.0876884460449 35.0796699523926 35.0831413269043 35.0543403625488 35.0457916259766 35.0613021850586 35.054759979248 35.0576362609863 35.0605049133301 35.0568351745605
34.9771614074707 34.9790306091309 35.1109428405762 35.0910491943359 34.9754371643066 35.0423965454102 34.9743957519531 34.9784507751465 34.9827156066895 35.0281066894531 35.0157699584961 35.0339889526367 35.0599708557129 35.0177574157715 34.9937896728516 35.0045166015625 35.0628852844238 35.0688209533691 35.0653953552246 35.0474891662598 34.9823722839355 34.9991264343262 34.9952201843262 34.9874496459961 35.0620498657227 35.0554237365723 35.0480995178223 35.043327331543 35.0372009277344 35.031494140625 35.0263137817383 35.0207977294922 35.0191307067871 35.0145111083984 35.0090370178223 35.0080947875977 35.0796508789062 35.0882377624512 35.0747833251953 35.0747833251953 35.0552139282227 35.057788848877 35.0549430847168 35.0608825683594 35.0493545532227 35.0451583862305 35.0576057434082
35.1123657226562 34.9663925170898 35.0559463500977 35.0530967712402 34.9708061218262 34.968391418457 34.9674987792969 34.9696578979492 34.9832916259766 35.0291862487793 35.0500869750977 35.1009101867676 35.0743179321289 35.0539817810059 35.0607070922852 35.0537948608398 35.0396575927734 35.0284805297852 35.0385780334473 35.0681495666504 35.0347213745117 34.9856033325195 34.9953346252441 34.9849662780762 35.0487899780273 35.0700302124023 35.0485877990723 35.0429916381836 35.0354804992676 35.0301742553711 35.0258026123047 35.0204467773438 35.0184364318848 35.0145645141602 35.013053894043 35.0079689025879 35.0842514038086 35.0757179260254 35.0801162719727 35.0746421813965 35.0566215515137 35.0699615478516 35.061351776123 35.0633506774902 35.0577621459961 35.0618705749512 35.0363960266113
34.9765548706055 34.9659690856934 34.9718894958496 35.0922813415527 34.9680480957031 35.0621910095215 35.0615043640137 35.0339241027832 34.9962768554688 35.0876045227051 35.0766754150391 35.0482864379883 35.0300064086914 35.0216751098633 35.0186462402344 35.0100898742676 35.003547668457 35.0024261474609 35.015941619873 35.0331764221191 35.0584869384766 35.0577201843262 34.981029510498 34.9816093444824 35.0113296508789 35.0746078491211 35.0694274902344 35.0499114990234 35.0385437011719 35.0281867980957 35.0229454040527 35.0180358886719 35.0145606994629 35.0105018615723 35.0058670043945 34.9990272521973 35.0835456848145 35.081657409668 35.0845375061035 35.0607757568359 35.0748558044434 35.0573501586914 35.0608520507812 35.0535659790039 35.0367774963379 35.0612983703613 35.0508117675781
35.0388946533203 35.0449371337891 35.0539131164551 35.0615425109863 35.0727920532227 35.0539436340332 35.0224227905273 35.0298500061035 35.0579147338867 35.043342590332 35.0200843811035 35.0077590942383 35.0081939697266 35.0017395019531 34.9950485229492 34.9923095703125 34.9950218200684 34.9895629882812 34.998966217041 35.0086288452148 35.0224952697754 35.0590019226074 35.0718879699707 35.0773544311523 35.0826225280762 35.0735282897949 35.0557250976562 35.041374206543 35.0319976806641 35.026237487793 35.0184288024902 35.0124702453613 35.0092010498047 35.0006828308105 35.0017776489258 35.0464019775391 35.0742111206055 35.0769462585449 35.0749740600586 35.0772171020508 35.0697631835938 35.0625457763672 35.0631217956543 35.0580444335938 35.0614891052246 35.050952911377 35.0517311096191
35.0134696960449 35.0183448791504 35.0241470336914 35.042594909668 35.0581512451172 35.0217590332031 35.0396041870117 35.0247764587402 35.0192527770996 35.0220909118652 35.084228515625 35.0967597961426 35.0684814453125 35.088508605957 35.0979423522949 35.0453987121582 35.0077323913574 34.9861450195312 34.9850158691406 34.9927711486816 35.0075950622559 35.0302238464355 35.0467948913574 35.0505256652832 35.0491790771484 35.0360717773438 35.0256042480469 35.0211181640625 35.0196228027344 35.013298034668 35.0080490112305 35.0082931518555 35.0268859863281 35.0522651672363 35.0835762023926 35.0898551940918 35.0779914855957 35.0762977600098 35.0833206176758 35.0703392028809 35.0653305053711 35.067325592041 35.0531120300293 35.0607070922852 35.0460090637207 35.0516815185547 35.052490234375
34.9955749511719 34.9988746643066 35.0081596374512 35.0201301574707 35.0090065002441 34.9829559326172 35.0846138000488 35.0909080505371 35.08740234375 35.0915336608887 35.0740547180176 35.0704345703125 35.0759353637695 35.0830993652344 35.0964546203613 35.1092758178711 35.1129417419434 35.1178970336914 35.06787109375 34.9814453125 34.9931907653809 35.0093383789062 35.013240814209 35.0168876647949 35.0162506103516 35.0117340087891 35.0200805664062 35.0095024108887 35.0089149475098 35.0102882385254 35.0388603210449 35.1015586853027 35.0742111206055 35.0758628845215 35.0725479125977 35.0740242004395 35.0902481079102 35.0948371887207 35.0927810668945 35.0827369689941 35.077262878418 35.0666007995605 35.0542907714844 35.0501098632812 35.0468788146973 35.0386123657227 35.0395851135254
34.9816780090332 34.9864692687988 34.9871025085449 35.0075569152832 35.0206336975098 35.0631828308105 35.0699577331543 35.0695686340332 35.0719451904297 35.0652923583984 35.0579986572266 35.0614013671875 35.0681915283203 35.0760498046875 35.0820922851562 35.0845108032227 35.0861778259277 35.0925254821777 35.0992584228516 35.0926055908203 35.0319137573242 34.9943656921387 34.9928779602051 34.9938888549805 35.0045928955078 35.0105247497559 35.0074119567871 35.0033874511719 35.0086250305176 35.0569343566895 35.0988464355469 35.0647811889648 35.0599670410156 35.0686950683594 35.0564765930176 35.0519332885742 35.069034576416 35.0762176513672 35.078685760498 35.0788269042969 35.080940246582 35.070743560791 35.0671691894531 35.063606262207 35.0557289123535 35.0533790588379 35.0428695678711
34.9878234863281 34.9941787719727 35.0252685546875 35.0699920654297 35.0708999633789 35.0625991821289 35.056941986084 35.0563888549805 35.0565719604492 35.0555725097656 35.055980682373 35.0611915588379 35.0647583007812 35.069408416748 35.0708198547363 35.0740165710449 35.0768585205078 35.0799140930176 35.087890625 35.0938034057617 35.0916442871094 35.0446014404297 35.029224395752 35.0490493774414 35.0475158691406 35.047550201416 35.0617790222168 35.060432434082 35.0828514099121 35.0662269592285 35.0693130493164 35.0666351318359 35.055305480957 35.0512428283691 35.0503349304199 35.0611953735352 35.0634574890137 35.0687370300293 35.0710296630859 35.0766525268555 35.0845985412598 35.0781402587891 35.066722869873 35.0659332275391 35.062614440918 35.0494956970215 35.0424308776855
35.0280685424805 35.0322227478027 35.0669136047363 35.0680236816406 35.0630493164062 35.0575714111328 35.0564422607422 35.0565643310547 35.0583419799805 35.0602226257324 35.062370300293 35.0645904541016 35.0638694763184 35.0648574829102 35.0668525695801 35.0691795349121 35.0710220336914 35.0699043273926 35.06640625 35.0728149414062 35.0812492370605 35.0881156921387 35.0952377319336 35.1015434265137 35.0896644592285 35.0826148986816 35.0893020629883 35.0814094543457 35.070240020752 35.0706024169922 35.0638046264648 35.0532836914062 35.056022644043 35.052173614502 35.0572929382324 35.0629997253418 35.0654487609863 35.069091796875 35.0702209472656 35.0747413635254 35.0802612304688 35.0763206481934 35.0652694702148 35.0615425109863 35.0571632385254 35.0444297790527 35.0357055664062
35.0489349365234 35.067024230957 35.0695037841797 35.0651817321777 35.0592803955078 35.059196472168 35.0629501342773 35.0638961791992 35.0633239746094 35.0628395080566 35.0628204345703 35.0645179748535 35.0647621154785 35.0630722045898 35.0627479553223 35.0630569458008 35.064037322998 35.0632629394531 35.0604515075684 35.056697845459 35.0637474060059 35.0711860656738 35.0800132751465 35.085880279541 35.0816459655762 35.0742340087891 35.0675201416016 35.0620727539062 35.0614128112793 35.0644607543945 35.0529098510742 35.048755645752 35.0483703613281 35.0492897033691 35.0521774291992 35.0580406188965 35.0617790222168 35.0640602111816 35.0650787353516 35.0708694458008 35.0702857971191 35.0686950683594 35.0620193481445 35.0547485351562 35.048713684082 35.0373916625977 35.030818939209
35.0628890991211 35.074333190918 35.070972442627 35.0651969909668 35.0622940063477 35.066032409668 35.0681419372559 35.066104888916 35.0630531311035 35.0621795654297 35.0638618469238 35.0662651062012 35.0676002502441 35.0672187805176 35.0655937194824 35.063793182373 35.0635414123535 35.0638771057129 35.0638999938965 35.0643539428711 35.0675430297852 35.0752258300781 35.0782508850098 35.077808380127 35.072151184082 35.0668067932129 35.0640563964844 35.0594749450684 35.0567207336426 35.0522880554199 35.04931640625 35.044807434082 35.0458526611328 35.0478744506836 35.0497741699219 35.0530891418457 35.0571479797363 35.0577163696289 35.0618438720703 35.0616493225098 35.0654716491699 35.0620422363281 35.0589332580566 35.0521202087402 35.0459747314453 35.0409088134766 35.0354385375977
35.0779914855957 35.0748405456543 35.0699272155762 35.0671005249023 35.0684432983398 35.0690841674805 35.0667190551758 35.0634918212891 35.0622901916504 35.0631370544434 35.0672264099121 35.0720558166504 35.0746650695801 35.0750770568848 35.0742301940918 35.0727691650391 35.0710525512695 35.0693664550781 35.0690994262695 35.0707969665527 35.0752754211426 35.077938079834 35.0750160217285 35.0690460205078 35.0634117126465 35.0593605041504 35.0558891296387 35.0541381835938 35.0504341125488 35.0491714477539 35.047248840332 35.0458297729492 35.0455284118652 35.0455932617188 35.0468139648438 35.0510063171387 35.0536422729492 35.0548400878906 35.057975769043 35.0641403198242 35.0591697692871 35.0615158081055 35.0546379089355 35.057243347168 35.0550079345703 35.0481872558594 35.0528106689453
