Ecospace-environmental-drivers/Outputs/ASCII-for-ecospace/Sal-bot/Sal-bot_X2005.04.asc
NCOLS 131 
NROWS 53 
XLLCORNER -98 
YLLCORNER 23.9265270233154 
CELLSIZE 0.133587792515755 
NODATA_value -3.4e+38 
[rows 0 to 20 of 53, columns 47 to 93 of 131]
-3.4e+38 -3.4e+38 -3.4e+38 -3.4e+38 -3.4e+38 -3.4e+38 -3.4e+38 -3.4e+38 -3.4e+38 -3.4e+38 -3.4e+38 -3.4e+38 -3.4e+38 -3.4e+38 -3.4e+38 -3.4e+38 -3.4e+38 -3.4e+38 -3.4e+38 -3.4e+38 -3.4e+38 -3.4e+38 -3.4e+38 -3.4e+38 -3.4e+38 -3.4e+38 -3.4e+38 -3.4e+38 -3.4e+38 -3.4e+38 -3.4e+38 -3.4e+38 -3.4e+38 -3.4e+38 -3.4e+38 -3.4e+38 -3.4e+38 -3.4e+38 -3.4e+38 -3.4e+38 -3.4e+38 -3.4e+38 -3.4e+38 -3.4e+38 -3.4e+38 -3.4e+38 -3.4e+38
-3.4e+38 -3.4e+38 -3.4e+38 -3.4e+38 -3.4e+38 -3.4e+38 -3.4e+38 -3.4e+38 -3.4e+38 -3.4e+38 -3.4e+38 -3.4e+38 -3.4e+38 -3.4e+38 -3.4e+38 -3.4e+38 -3.4e+38 -3.4e+38 -3.4e+38 -3.4e+38 -3.4e+38 -3.4e+38 -3.4e+38 -3.4e+38 -3.4e+38 -3.4e+38 -3.4e+38 -3.4e+38 -3.4e+38 -3.4e+38 -3.4e+38 -3.4e+38 -3.4e+38 -3.4e+38 -3.4e+38 -3.4e+38 -3.4e+38 -3.4e+38 -3.4e+38 -3.4e+38 -3.4e+38 -3.4e+38 -3.4e+38 -3.4e+38 -3.4e+38 -3.4e+38 -3.4e+38
-3.4e+38 -3.4e+38 -3.4e+38 -3.4e+38 -3.4e+38 -3.4e+38 -3.4e+38 -3.4e+38 -3.4e+38 -3.4e+38 -3.4e+38 -3.4e+38 -3.4e+38 -3.4e+38 -3.4e+38 -3.4e+38 -3.4e+38 -3.4e+38 -3.4e+38 -3.4e+38 -3.4e+38 -3.4e+38 -3.4e+38 -3.4e+38 -3.4e+38 -3.4e+38 -3.4e+38 0.810210227966309 0.751049041748047 -3.4e+38 -3.4e+38 -3.4e+38 -3.4e+38 -3.4e+38 -3.4e+38 -3.4e+38 -3.4e+38 -3.4e+38 -3.4e+38 -3.4e+38 -3.4e+38 -3.4e+38 -3.4e+38 -3.4e+38 -3.4e+38 -3.4e+38 -3.4e+38
-3.4e+38 -3.4e+38 -3.4e+38 -3.4e+38 -3.4e+38 -3.4e+38 -3.4e+38 -3.4e+38 -3.4e+38 -3.4e+38 -3.4e+38 -3.4e+38 -3.4e+38 -3.4e+38 -3.4e+38 -3.4e+38 -3.4e+38 -3.4e+38 -3.4e+38 -3.4e+38 -3.4e+38 -3.4e+38 -3.4e+38 -3.4e+38 -3.4e+38 -3.4e+38 -3.4e+38 9.20116901397705 6.86447715759277 -3.4e+38 -3.4e+38 -3.4e+38 -3.4e+38 -3.4e+38 -3.4e+38 -3.4e+38 -3.4e+38 -3.4e+38 -3.4e+38 -3.4e+38 -3.4e+38 -3.4e+38 -3.4e+38 -3.4e+38 -3.4e+38 -3.4e+38 -3.4e+38
-3.4e+38 -3.4e+38 -3.4e+38 -3.4e+38 -3.4e+38 -3.4e+38 -3.4e+38 -3.4e+38 -3.4e+38 15.584303855896 15.584303855896 15.5582780838013 14.3597440719604 -3.4e+38 -3.4e+38 -3.4e+38 -3.4e+38 -3.4e+38 28.0715942382812 29.2102508544922 26.1357650756836 21.2605018615723 14.5230445861816 9.80660438537598 16.096960067749 20.5692977905273 22.4759788513184 22.3689861297607 22.9203224182129 28.5475749969482 -3.4e+38 -3.4e+38 33.1488723754883 32.4640960693359 30.1974353790283 33.4898147583008 33.9410629272461 33.9480171203613 34.0049095153809 34.241527557373 34.2853088378906 34.4518661499023 -3.4e+38 -3.4e+38 -3.4e+38 -3.4e+38 -3.4e+38
-3.4e+38 -3.4e+38 -3.4e+38 -3.4e+38 -3.4e+38 -3.4e+38 -3.4e+38 -3.4e+38 15.584303855896 15.584303855896 15.584303855896 15.584303855896 15.5322513580322 14.3557367324829 11.9666843414307 -3.4e+38 18.2449016571045 24.4739837646484 28.1761226654053 30.4260215759277 29.8360805511475 26.863353729248 20.3690509796143 19.2125492095947 21.6161460876465 25.6901149749756 27.2098922729492 28.4099178314209 28.9518375396729 29.0830268859863 32.8189849853516 33.0703086853027 33.1422080993652 33.2341003417969 33.2826347351074 34.0968589782715 34.3180999755859 34.4329872131348 34.5041198730469 34.5339965820312 34.554744720459 34.4961814880371 34.4712295532227 34.482967376709 -3.4e+38 -3.4e+38 -3.4e+38
-3.4e+38 -3.4e+38 -3.4e+38 -3.4e+38 -3.4e+38 -3.4e+38 -3.4e+38 -3.4e+38 15.8025770187378 15.584303855896 15.584303855896 15.584303855896 15.584303855896 15.4801998138428 14.3917598724365 11.9666843414307 13.6941194534302 22.8448219299316 28.3608779907227 30.5961875915527 31.6606426239014 31.9664764404297 32.6472587585449 32.8540420532227 32.7853698730469 33.0756225585938 33.2944183349609 32.9862823486328 33.0222053527832 33.092399597168 33.3733291625977 33.7983169555664 33.9337005615234 34.1349945068359 34.5274467468262 35.0774116516113 35.4598236083984 35.4393119812012 35.3361587524414 35.2859268188477 35.237907409668 35.0652618408203 34.8130264282227 34.6174583435059 34.5147743225098 34.424186706543 -3.4e+38
-3.4e+38 -3.4e+38 -3.4e+38 -3.4e+38 -3.4e+38 -3.4e+38 -3.4e+38 -3.4e+38 -3.4e+38 -3.4e+38 15.584303855896 15.584303855896 15.584303855896 -3.4e+38 15.3760957717896 14.6399555206299 15.0578594207764 18.3796501159668 24.5687026977539 27.2708187103271 29.8309783935547 31.1638374328613 32.9645385742188 33.73388671875 34.179573059082 34.3055458068848 34.2862281799316 34.0307464599609 33.9423637390137 34.0535430908203 34.3266372680664 34.4996910095215 34.5023078918457 34.7968978881836 35.382495880127 35.942813873291 35.9952545166016 36.0203475952148 35.9489593505859 35.8634338378906 35.7350311279297 35.5121269226074 35.1996879577637 34.9235000610352 34.6623153686523 34.430248260498 34.0894165039062
-3.4e+38 -3.4e+38 -3.4e+38 -3.4e+38 -3.4e+38 -3.4e+38 -3.4e+38 -3.4e+38 -3.4e+38 -3.4e+38 -3.4e+38 -3.4e+38 -3.4e+38 -3.4e+38 15.3918437957764 15.2551317214966 18.1176090240479 18.28125 21.7299270629883 24.9396114349365 28.4005508422852 30.5609245300293 32.9886207580566 34.0322380065918 35.2629699707031 35.5833625793457 35.4794731140137 35.2523727416992 34.9888687133789 34.9527587890625 35.0532760620117 35.0108375549316 35.0128440856934 35.7120742797852 35.9122505187988 35.8473625183105 35.8876724243164 36.0051765441895 36.0762405395508 36.0758514404297 35.9994888305664 35.7966079711914 35.5646476745605 35.2875442504883 34.9765586853027 34.7149658203125 34.177806854248
23.451696395874 -3.4e+38 -3.4e+38 -3.4e+38 -3.4e+38 -3.4e+38 -3.4e+38 -3.4e+38 -3.4e+38 -3.4e+38 24.3937187194824 21.4776706695557 -3.4e+38 -3.4e+38 -3.4e+38 20.1938247680664 22.5250263214111 22.6843948364258 23.7081871032715 27.053014755249 29.8879108428955 31.3722343444824 33.1419906616211 34.3311424255371 35.8229370117188 36.035758972168 35.9090232849121 35.7187271118164 35.5620956420898 35.4714126586914 35.3197898864746 35.2952919006348 35.7071495056152 35.8604011535645 35.7622756958008 35.7667198181152 35.8314361572266 35.9244575500488 36.0134048461914 36.0825538635254 36.0677146911621 35.8180656433105 35.6181144714355 35.4422874450684 35.1616439819336 34.8881340026855 34.5030670166016
19.4828033447266 12.3886766433716 -3.4e+38 -3.4e+38 -3.4e+38 -3.4e+38 -3.4e+38 -3.4e+38 -3.4e+38 -3.4e+38 28.4644527435303 28.1426582336426 27.371036529541 -3.4e+38 -3.4e+38 23.6538066864014 24.1433143615723 25.2404384613037 27.889087677002 30.5216579437256 31.5465316772461 31.9373912811279 33.1760902404785 34.8083190917969 36.1584701538086 36.1625061035156 35.994140625 35.839900970459 35.6541366577148 35.4738159179688 35.4870643615723 35.659252166748 35.8735542297363 35.6103439331055 35.4773330688477 35.5333137512207 35.6645660400391 35.7893829345703 35.930736541748 36.0161781311035 36.079029083252 35.9800033569336 35.6857719421387 35.4247283935547 35.1647148132324 34.9229278564453 34.7054901123047
18.8266563415527 8.31750297546387 0.545547425746918 6.38276958465576 -3.4e+38 -3.4e+38 -3.4e+38 -3.4e+38 -3.4e+38 -3.4e+38 -3.4e+38 28.7143783569336 28.1246852874756 27.371036529541 26.5687122344971 25.3225555419922 26.3336200714111 27.9180583953857 30.609375 31.4537620544434 31.8866863250732 32.8276672363281 34.4173049926758 36.0978202819824 36.2621192932129 36.1917343139648 36.0518951416016 35.9066047668457 35.8763236999512 35.8935699462891 35.9058990478516 35.8691215515137 35.5196571350098 35.2074203491211 35.126823425293 35.1137886047363 35.2432403564453 35.4337539672852 35.6441307067871 35.8613090515137 36.0144958496094 36.0688285827637 35.9251441955566 35.5208358764648 35.2065773010254 34.9252128601074 34.8431663513184
25.6158447265625 19.4897708892822 10.5259981155396 8.07676315307617 -3.4e+38 -3.4e+38 -3.4e+38 -3.4e+38 28.2342548370361 28.2048091888428 28.516263961792 28.9237194061279 28.9124908447266 28.0905303955078 27.1594772338867 26.0649642944336 24.2704200744629 28.827995300293 30.5090446472168 30.4438457489014 33.6254425048828 35.3132591247559 36.1101531982422 36.2716484069824 36.2406730651855 36.2046089172363 36.1597061157227 36.0451240539551 35.984188079834 35.8717956542969 35.5500526428223 35.2010688781738 34.9891166687012 34.970703125 34.9743003845215 34.9727439880371 35.15380859375 35.304874420166 35.4474945068359 35.6011734008789 35.8012466430664 35.9663391113281 36.0336494445801 35.908504486084 35.7055511474609 35.5533218383789 35.4929428100586
29.628927230835 28.0617637634277 25.012336730957 21.28102684021 22.2236461639404 25.5979442596436 27.6684265136719 28.3087425231934 28.6107997894287 28.9691753387451 29.0234260559082 28.4493942260742 29.71702003479 29.3342323303223 30.1866874694824 26.8740539550781 19.7709827423096 15.8978128433228 18.3913650512695 25.0560073852539 29.6055736541748 36.0678100585938 36.2520408630371 36.1519584655762 35.9715805053711 35.8129577636719 35.5073623657227 35.2590522766113 35.0972633361816 34.9694290161133 34.9253082275391 34.9342575073242 34.9323844909668 34.9182052612305 34.922233581543 34.9218444824219 35.092830657959 35.2551193237305 35.4235191345215 35.4903182983398 35.6335372924805 35.79833984375 35.9337043762207 35.9979515075684 36.0452041625977 36.0007553100586 35.8863677978516
31.3146228790283 30.7272472381592 29.9040489196777 28.4832611083984 27.578987121582 28.4815616607666 29.2129955291748 29.6601314544678 29.9131107330322 29.7812156677246 29.60671043396 30.183666229248 31.506477355957 32.8101806640625 34.3022232055664 32.936695098877 26.4974327087402 6.34994792938232 4.45870208740234 12.2522106170654 34.4972343444824 36.0835075378418 35.9301643371582 35.3923759460449 35.1205444335938 34.9881706237793 34.9311866760254 34.9416389465332 34.9463768005371 34.9735488891602 34.9745903015137 34.9769706726074 34.9612846374512 34.9348449707031 34.9226379394531 34.9241600036621 35.0232810974121 35.2388381958008 35.3880004882812 35.4603729248047 35.5425987243652 35.6843643188477 35.8387565612793 35.9290161132812 35.9591217041016 36.0227012634277 35.9746932983398
32.5172386169434 32.0342597961426 31.2965469360352 30.591344833374 30.2657814025879 30.2647666931152 30.4393444061279 30.6737880706787 30.7686729431152 31.0441265106201 31.5382385253906 32.6074104309082 33.7402648925781 34.8772468566895 35.8673400878906 35.9161148071289 33.8598289489746 22.4069576263428 30.528003692627 33.7598457336426 35.9388198852539 35.4824485778809 35.2046737670898 34.9773025512695 34.9018325805664 34.9251327514648 34.9391670227051 34.9696769714355 34.9809036254883 34.9733963012695 34.9825668334961 34.9819793701172 34.9770812988281 34.9374732971191 34.9105796813965 34.9200210571289 35.0161781311035 35.2284927368164 35.3477096557617 35.4359169006348 35.5249404907227 35.6146278381348 35.7452964782715 35.8741455078125 35.9348182678223 35.9496688842773 36.03076171875
33.5865707397461 33.1877288818359 32.551212310791 31.801851272583 31.3669185638428 31.2684917449951 31.5077171325684 31.7021751403809 31.8441371917725 32.2211952209473 32.8347244262695 34.1860580444336 35.067253112793 35.7707901000977 36.140022277832 36.1863327026367 36.1412162780762 36.1187896728516 36.070728302002 35.6472511291504 35.1461029052734 34.9238586425781 34.9116363525391 34.9319877624512 34.9464111328125 34.9621467590332 34.9640655517578 34.9746131896973 34.9954643249512 35.0270004272461 35.0425796508789 34.9921073913574 34.957088470459 34.9386367797852 34.9223365783691 34.9039649963379 35.0007705688477 35.1264610290527 35.3258285522461 35.4434432983398 35.523078918457 35.6204071044922 35.7482032775879 35.7960205078125 35.8546943664551 35.9396018981934 35.992733001709
34.6984100341797 34.4382095336914 34.0178031921387 33.3468589782715 32.723087310791 32.480583190918 32.5707054138184 32.6977386474609 32.9104423522949 33.2477836608887 33.9890441894531 35.5240783691406 35.9005928039551 35.7900657653809 35.9601097106934 36.1556854248047 36.1592597961426 36.057487487793 35.7809867858887 35.1845092773438 34.947582244873 34.9283409118652 34.936107635498 34.9867782592773 34.9877586364746 34.9772262573242 34.9691352844238 35.0062255859375 35.0271949768066 35.0059127807617 34.9986419677734 34.9863128662109 34.9570465087891 34.9439468383789 34.9343376159668 34.8754577636719 34.9344825744629 35.0193061828613 35.1851692199707 35.414176940918 35.503303527832 35.6088790893555 35.7009086608887 35.7753829956055 35.8303680419922 35.8838348388672 35.9522895812988
35.7166175842285 35.6851768493652 35.4970626831055 35.1429443359375 34.7276420593262 34.3865776062012 34.1521186828613 34.1189727783203 34.4499397277832 34.9258918762207 35.4498443603516 35.839729309082 35.9854888916016 35.3732986450195 35.1715393066406 35.3143310546875 35.3652839660645 35.4415893554688 35.2747917175293 35.0066108703613 34.9010124206543 34.924015045166 34.9685287475586 34.9949722290039 34.9726104736328 34.9823379516602 35.081729888916 35.0231056213379 35.0060768127441 35.0029182434082 35.0284080505371 35.0132064819336 34.9683799743652 34.9434127807617 34.9412841796875 34.8996887207031 34.8924179077148 34.9381713867188 35.0009422302246 35.1804389953613 35.386775970459 35.5280876159668 35.630859375 35.7449188232422 35.784538269043 35.8170433044434 35.8930816650391
36.1812782287598 36.2427444458008 36.2427864074707 36.202465057373 36.0720329284668 35.8521461486816 35.7188835144043 35.6937828063965 35.7379913330078 35.7490119934082 35.7959251403809 35.9452590942383 36.1245460510254 35.6358299255371 35.197696685791 34.9522972106934 34.9389152526855 34.9510078430176 34.942497253418 34.9102554321289 34.9286766052246 34.9457817077637 34.9720268249512 34.9946174621582 34.9677429199219 34.9860877990723 35.0641250610352 35.0083656311035 34.9911460876465 34.9892616271973 35.0811462402344 35.0802803039551 34.9960174560547 34.9569854736328 34.944751739502 34.934009552002 34.9204978942871 34.9027671813965 34.9215354919434 34.9870147705078 35.093017578125 35.293888092041 35.4691963195801 35.6012763977051 35.6588134765625 35.7518424987793 35.8112373352051
36.2808380126953 36.2834434509277 36.2781944274902 36.2901954650879 36.2999839782715 36.2969970703125 36.2739295959473 36.2405090332031 36.1888961791992 36.1301918029785 36.1311874389648 36.2239303588867 36.1425094604492 35.6105804443359 35.1785507202148 34.947940826416 34.9521026611328 34.9373359680176 34.9182434082031 34.9342613220215 34.9380340576172 34.9712524414062 34.9790153503418 34.969539642334 34.9608688354492 34.9970703125 35.0173110961914 34.9953727722168 34.9858207702637 34.9916648864746 35.0676155090332 35.0918350219727 35.0686073303223 35.0578918457031 34.9935569763184 34.9607620239258 34.9544296264648 34.9405403137207 34.9174652099609 34.9099731445312 34.9424209594727 35.000919342041 35.1230735778809 35.3423080444336 35.5335426330566 35.5653495788574 35.673526763916
