Ecospace-environmental-drivers/Outputs/ASCII-for-ecospace/Sal-bot/Sal-bot_X2020.09.asc
NCOLS 131 
NROWS 53 
XLLCORNER -98 
YLLCORNER 23.9265270233154 
CELLSIZE 0.133587792515755 
NODATA_value -3.4e+38 
[rows 21 to 41 of 53, columns 0 to 46 of 131]
-3.4e+38 -3.4e+38 -3.4e+38 -3.4e+38 -3.4e+38 -3.4e+38 35.7385101318359 35.6655883789062 35.5469589233398 35.3789901733398 35.4235992431641 35.3886222839355 35.2704124450684 35.1608963012695 35.2012214660645 35.3253173828125 35.393310546875 35.4491157531738 35.532283782959 35.6002998352051 35.6322593688965 35.6659317016602 35.730827331543 35.7218017578125 35.733772277832 35.7017440795898 35.7183685302734 35.7805595397949 35.8534469604492 35.9774627685547 36.0386238098145 36.087085723877 36.0881004333496 36.1129608154297 36.1332015991211 36.1564178466797 36.1742935180664 36.1747932434082 36.1854095458984 36.2092437744141 36.2306175231934 36.2294082641602 36.2352752685547 36.2477264404297 36.2505874633789 36.2479820251465 36.2518844604492
-3.4e+38 -3.4e+38 -3.4e+38 -3.4e+38 -3.4e+38 -3.4e+38 35.8144340515137 35.7355041503906 35.6655883789062 35.5963020324707 35.538818359375 35.4238586425781 35.3509979248047 35.3788948059082 35.5041656494141 35.5970115661621 35.6270179748535 35.6639518737793 35.7516098022461 35.783561706543 35.9281005859375 36.0603065490723 36.131477355957 36.1371192932129 36.0872001647949 36.0625381469727 36.0913391113281 36.1685371398926 36.181697845459 36.1988906860352 36.2062873840332 36.234920501709 36.2523918151855 36.262508392334 36.2805824279785 36.2958793640137 36.3093681335449 36.3121643066406 36.3168907165527 36.2999420166016 36.3366622924805 36.3373146057129 36.3333969116211 36.3340187072754 36.3415107727051 36.3422241210938 36.3523101806641
-3.4e+38 -3.4e+38 -3.4e+38 -3.4e+38 35.8253707885742 35.5974807739258 35.7460403442383 35.8144340515137 35.7264862060547 35.6606712341309 35.5735778808594 35.5326995849609 35.583553314209 35.695140838623 35.7872009277344 35.7903594970703 35.8670082092285 35.9617500305176 36.0371704101562 36.1837196350098 36.2690162658691 36.2856979370117 36.1870651245117 36.0888519287109 36.1865005493164 36.0770645141602 36.1605911254883 36.2227172851562 36.3087120056152 36.2673416137695 36.306713104248 36.3198928833008 36.3261909484863 36.3176765441895 36.3475799560547 36.3449592590332 36.3130073547363 36.2816581726074 36.1151924133301 35.8335762023926 35.8502731323242 35.8638229370117 36.0766716003418 35.9373435974121 36.034912109375 36.0701293945312 36.1147384643555
-3.4e+38 -3.4e+38 -3.4e+38 -3.4e+38 36.0312767028809 35.8473587036133 35.5974807739258 35.8262100219727 35.776065826416 35.7125701904297 35.6939163208008 35.7403564453125 35.8819580078125 36.0688781738281 36.1418762207031 36.170970916748 36.1869659423828 36.0509910583496 35.9709968566895 35.8195762634277 35.5327110290527 35.3771133422852 35.4196319580078 35.4380264282227 35.5067901611328 35.5186195373535 35.5919342041016 35.556640625 35.6609840393066 35.6728172302246 35.7856025695801 35.9776725769043 36.1263999938965 36.0981864929199 36.1604347229004 36.1294441223145 36.0977058410645 35.9889717102051 35.6943054199219 35.4231147766113 35.2474327087402 35.2923049926758 35.414794921875 35.371696472168 35.2197952270508 35.2707252502441 35.1991729736328
-3.4e+38 -3.4e+38 -3.4e+38 -3.4e+38 -3.4e+38 36.0312767028809 35.9133224487305 35.8809776306152 35.8161544799805 35.8013877868652 35.8432083129883 35.9667053222656 36.1572532653809 36.27978515625 36.2963562011719 36.1910362243652 35.7231063842773 35.2683486938477 35.190299987793 35.065128326416 35.0315170288086 35.0249137878418 35.0202369689941 35.0324554443359 35.1055908203125 35.1497344970703 35.1547889709473 35.1799125671387 35.1246528625488 35.1425628662109 35.2065162658691 35.2937431335449 35.4298553466797 35.6746406555176 35.763729095459 35.7022590637207 35.6045799255371 35.3650321960449 35.1901664733887 35.0835075378418 35.2025566101074 35.1156997680664 35.1372108459473 35.1116600036621 35.0039176940918 34.9548683166504 34.9769020080566
-3.4e+38 -3.4e+38 -3.4e+38 -3.4e+38 -3.4e+38 36.16943359375 35.9974174499512 35.9132843017578 35.8743896484375 35.9071502685547 35.9734992980957 36.1436462402344 36.2737655639648 36.3068428039551 36.0874900817871 35.6552619934082 35.1686859130859 35.0032691955566 34.9846115112305 34.9647941589355 34.9932289123535 34.9760856628418 34.9966659545898 34.9509315490723 35.0290641784668 34.9944229125977 34.9872512817383 34.985767364502 34.9998245239258 35.0564346313477 34.9924049377441 35.0031089782715 35.0616455078125 35.1502838134766 35.1505889892578 35.0805130004883 35.05615234375 35.1198043823242 35.0775604248047 35.063102722168 34.9891166687012 35.0221405029297 34.9675178527832 34.9536323547363 34.957935333252 34.930419921875 34.9650192260742
-3.4e+38 -3.4e+38 36.8571510314941 36.7630462646484 36.4098815917969 36.1681632995605 36.0111389160156 35.944450378418 35.9507751464844 35.9882278442383 36.1036338806152 36.2500457763672 36.2837867736816 36.0443496704102 35.6001205444336 35.2937316894531 35.017333984375 34.9780883789062 34.9689254760742 34.9932479858398 34.9514427185059 34.9399681091309 34.9421806335449 34.9535636901855 34.9531593322754 34.9512710571289 35.0253486633301 35.027961730957 35.0005264282227 34.975944519043 34.9671745300293 35.0227088928223 34.978084564209 35.0300025939941 35.0066413879395 35.0015678405762 34.9912109375 35.0139656066895 35.0146102905273 35.031867980957 34.9911193847656 34.9739265441895 34.9841651916504 34.9899597167969 34.9664421081543 34.9592247009277 34.9829330444336
-339999999999999996128486808808066248288.000000000000000 -3.4e+38 -3.4e+38 -3.4e+38 36.6689376831055 36.1857261657715 36.0367813110352 35.993091583252 36.0155029296875 36.0484008789062 36.2095108032227 36.2946662902832 36.1265144348145 35.6675643920898 35.2880554199219 35.0614776611328 34.9774398803711 34.9582214355469 34.9384918212891 34.9718933105469 34.9419441223145 34.9535331726074 34.9521217346191 34.944694519043 34.9168930053711 34.9213981628418 34.9981651306152 34.9500732421875 35.0075187683105 34.9810791015625 35.0027694702148 35.0485916137695 34.9668083190918 34.9440078735352 34.9647903442383 34.9892501831055 34.9732322692871 34.9963111877441 34.9729766845703 34.9559478759766 35.0126724243164 35.0027503967285 34.9974784851074 34.988712310791 35.0074081420898 35.0050468444824 34.990161895752
-3.4e+38 -3.4e+38 -3.4e+38 -3.4e+38 36.6131591796875 36.1800842285156 36.0685043334961 36.0387573242188 36.0511665344238 36.0895538330078 36.2770004272461 36.2606391906738 35.8345642089844 35.3415145874023 35.0444564819336 34.9834289550781 34.925853729248 34.9558219909668 34.9374656677246 34.944995880127 34.9901161193848 35.0017738342285 34.9970932006836 34.9984436035156 35.0021705627441 34.9779167175293 35.0552673339844 35.0335578918457 35.0712928771973 34.9745559692383 34.9748725891113 34.9642868041992 35.035400390625 34.9916572570801 34.9857635498047 35.0308456420898 35.004337310791 35.0447463989258 35.0212783813477 35.0234069824219 34.9952621459961 34.9916496276855 34.9953880310059 35.0210266113281 35.000732421875 35.0616264343262 35.0175552368164
-3.4e+38 -3.4e+38 -3.4e+38 -3.4e+38 36.649543762207 36.2690963745117 36.1150588989258 36.0756530761719 36.0794677734375 36.1090812683105 36.2950630187988 36.1245422363281 35.5214233398438 35.1941108703613 34.992546081543 34.9659957885742 34.9622993469238 34.9547538757324 35.0052146911621 35.0010833740234 35.0269088745117 34.9978370666504 34.9790000915527 34.9839706420898 35.0740928649902 35.0110130310059 35.0028839111328 35.1010856628418 35.0887451171875 35.0251312255859 34.9464302062988 34.9816589355469 35.0015983581543 34.9863815307617 35.021915435791 35.0256462097168 35.017032623291 35.0019912719727 35.0048713684082 34.9823532104492 34.9984817504883 35.0081825256348 35.0025520324707 35.0086822509766 34.9997787475586 34.9932327270508 34.9906692504883
-3.4e+38 -3.4e+38 -3.4e+38 -3.4e+38 37.075553894043 36.3874053955078 36.1716384887695 36.1096992492676 36.1083335876465 36.1169891357422 36.2881240844727 36.1162223815918 35.4164390563965 35.1468200683594 34.9983215332031 34.9542999267578 34.9594116210938 34.9757614135742 34.9868812561035 35.0424461364746 35.0153007507324 35.008430480957 34.984447479248 34.9834175109863 35.0183486938477 34.9981498718262 34.9536666870117 34.9818992614746 35.0594787597656 34.9991340637207 35.0242805480957 35.0163078308105 34.9874000549316 34.9999046325684 34.9968528747559 34.9962730407715 35.0035591125488 34.986930847168 34.9951972961426 34.9992370605469 34.9965171813965 34.9924621582031 34.9888114929199 34.9883575439453 34.990177154541 34.9850006103516 34.9805717468262
-3.4e+38 -3.4e+38 -3.4e+38 -3.4e+38 36.9345779418945 36.4726524353027 36.2529563903809 36.1449508666992 36.1351699829102 36.1270446777344 36.232608795166 36.2452735900879 35.5113563537598 35.0782661437988 34.9723281860352 34.9498901367188 34.9753303527832 34.9738616943359 34.9844093322754 35.0328330993652 34.9949340820312 34.9910659790039 34.9924354553223 35.0052642822266 34.9832534790039 34.9916343688965 34.9892234802246 34.9981384277344 34.9974250793457 34.9894676208496 35.0543022155762 34.985710144043 34.9806671142578 35.0113220214844 35.0265159606934 35.0185470581055 35.0271034240723 35.007251739502 34.9898109436035 34.987979888916 34.9885559082031 34.9871788024902 35.1132621765137 34.9837646484375 34.9828872680664 34.9822463989258 34.9778594970703
-3.4e+38 -3.4e+38 -3.4e+38 -3.4e+38 37.0095977783203 36.572998046875 36.3728637695312 36.1929397583008 36.155029296875 36.1469078063965 36.1513748168945 36.2558403015137 35.7921447753906 35.0741577148438 34.9435806274414 34.9309844970703 34.9721794128418 34.965389251709 35.0197143554688 35.0077133178711 34.9894371032715 34.9866561889648 34.987003326416 34.9934158325195 35.0082206726074 35.0052223205566 35.0167388916016 34.9999046325684 35.0320091247559 35.0380439758301 35.0437889099121 34.996711730957 35.0044250488281 34.9986419677734 34.9910850524902 34.991039276123 34.9841499328613 34.9866676330566 34.9844017028809 35.069263458252 34.994815826416 35.0224647521973 35.1114768981934 35.1530075073242 35.0809669494629 34.9790992736816 35.0046119689941
-3.4e+38 -3.4e+38 -3.4e+38 -3.4e+38 -3.4e+38 36.5059585571289 36.4613380432129 36.2625541687012 36.1693649291992 36.1558990478516 36.1309928894043 36.1836967468262 36.0822219848633 35.0844879150391 34.945255279541 34.9246864318848 34.9708251953125 34.9613151550293 35.0074272155762 34.9995803833008 34.9898719787598 34.9863433837891 34.9853057861328 34.9912300109863 34.9950141906738 35.0187644958496 34.9910469055176 34.978099822998 34.9904823303223 35.0015869140625 34.9973983764648 34.9965744018555 34.9903945922852 34.9815444946289 35.0126304626465 34.9828186035156 34.9756317138672 34.9819259643555 34.9816970825195 34.9789581298828 35.0452308654785 35.1031112670898 35.0958251953125 34.9932289123535 35.116641998291 35.0809593200684 35.0706558227539
-3.4e+38 -3.4e+38 -3.4e+38 -3.4e+38 -3.4e+38 34.9053001403809 36.4858818054199 36.320930480957 36.1888580322266 36.1708831787109 36.1517906188965 36.1656875610352 36.1441879272461 35.1022453308105 34.9340515136719 34.9294776916504 34.9415130615234 34.9639625549316 34.997257232666 34.9935531616211 34.9819068908691 34.9843292236328 35.0040512084961 35.0160598754883 35.0037803649902 35.1175842285156 35.0625610351562 35.0163841247559 35.0206718444824 34.9839134216309 34.9694366455078 34.9717826843262 34.9708518981934 34.9749183654785 35.0847015380859 35.0354957580566 34.9933967590332 34.9748916625977 34.9759559631348 34.9735679626465 34.9711265563965 35.1291923522949 35.1247520446777 35.080924987793 35.0668792724609 35.0560302734375 35.0410461425781
-3.4e+38 -3.4e+38 -3.4e+38 -3.4e+38 -3.4e+38 33.3963165283203 36.429573059082 36.3607025146484 36.2176284790039 36.2076683044434 36.205436706543 36.2199859619141 36.085018157959 35.0589714050293 34.9407348632812 34.9331588745117 34.9244155883789 34.9313011169434 34.9941749572754 34.9741134643555 34.9743194580078 34.997730255127 34.9952812194824 35.061206817627 35.1034317016602 35.1078720092773 35.1038970947266 35.0858459472656 35.0806884765625 35.1081161499023 35.1082992553711 35.1001243591309 35.0714416503906 35.0697212219238 35.1271934509277 35.1108703613281 35.050407409668 35.0206604003906 35.0508117675781 35.0430908203125 35.0681381225586 35.084602355957 35.0844535827637 35.0601997375488 35.0312423706055 35.0113677978516 35.0269241333008
-3.4e+38 -3.4e+38 -3.4e+38 -3.4e+38 -3.4e+38 -3.4e+38 36.5281066894531 36.3920974731445 36.2600555419922 36.2430953979492 36.2646408081055 36.3007545471191 36.1308288574219 35.1051445007324 34.9481658935547 34.952766418457 34.9230728149414 34.9289703369141 34.9919738769531 34.9702568054199 34.9783477783203 35.0037956237793 35.0455169677734 35.1123847961426 35.1592330932617 35.1589012145996 35.1245422363281 35.1653671264648 35.1940002441406 35.1940002441406 35.1940002441406 35.1940002441406 35.1940002441406 35.1940002441406 35.1940002441406 35.1940002441406 35.1859359741211 35.1285820007324 35.050537109375 35.0240440368652 35.0079040527344 35.0074043273926 35.012092590332 35.0133476257324 35.0260620117188 34.9970283508301 34.979679107666
-3.4e+38 -3.4e+38 -3.4e+38 -3.4e+38 -3.4e+38 -3.4e+38 36.5531959533691 36.4053344726562 36.2885131835938 36.281063079834 36.3239974975586 36.3649444580078 35.9798278808594 35.1126403808594 34.9394187927246 34.9135704040527 34.9064598083496 34.9182891845703 34.9664306640625 34.9718399047852 35.0091361999512 35.0423774719238 35.1002388000488 35.144660949707 35.1940002441406 35.1940002441406 35.1940002441406 35.1940002441406 35.1940002441406 35.1940002441406 35.1940002441406 35.1940002441406 35.1940002441406 35.1940002441406 35.1940002441406 35.1940002441406 35.1940002441406 35.193244934082 35.1919250488281 35.1637878417969 35.1406288146973 35.0993347167969 35.0773811340332 35.1294059753418 35.1117515563965 35.1107330322266 35.0524024963379
-3.4e+38 -3.4e+38 -3.4e+38 -3.4e+38 -3.4e+38 -3.4e+38 36.5952262878418 36.4051399230957 36.3257179260254 36.3458404541016 36.3624992370605 36.3936805725098 35.9207801818848 35.0441284179688 34.9342880249023 34.9604568481445 34.9054641723633 34.9277496337891 34.9538421630859 34.9853515625 35.0480537414551 35.1110572814941 35.1674346923828 35.1895408630371 35.1940002441406 35.1940002441406 35.1940002441406 35.1940002441406 35.1940002441406 35.1940002441406 35.1940002441406 35.1940002441406 35.1940002441406 35.1940002441406 35.1940002441406 35.1940002441406 35.1940002441406 35.1940002441406 35.1940002441406 35.1940002441406 35.1939964294434 35.1867713928223 35.1750030517578 35.1386299133301 35.1456184387207 35.1762962341309 35.1747894287109
-3.4e+38 -3.4e+38 -3.4e+38 -3.4e+38 -3.4e+38 36.7709121704102 36.5606269836426 36.4084625244141 36.3761978149414 36.388973236084 36.3764381408691 36.4002876281738 35.7123527526855 34.9927940368652 34.9404182434082 34.936408996582 34.9259490966797 34.9327278137207 34.949779510498 34.9920463562012 35.0678939819336 35.1648559570312 35.1940002441406 35.1940002441406 35.1940002441406 35.1940002441406 35.1940002441406 35.1940002441406 35.1940002441406 35.1940002441406 35.1940002441406 35.1940002441406 35.1940002441406 35.1940002441406 35.1940002441406 35.1940002441406 35.1940002441406 35.1940002441406 35.1940002441406 35.1940002441406 35.1940002441406 35.1939888000488 35.193733215332 35.1936492919922 35.1939888000488 35.1940002441406 35.1940002441406
-3.4e+38 -3.4e+38 -3.4e+38 -3.4e+38 37.1428413391113 36.8048973083496 36.4616813659668 36.4168930053711 36.4161033630371 36.3925476074219 36.4088897705078 36.3300743103027 35.4324798583984 34.9597549438477 34.936351776123 34.927619934082 34.9213752746582 34.9369087219238 34.9651374816895 34.9904136657715 35.1242637634277 35.1940002441406 35.1940002441406 35.1940002441406 35.1940002441406 35.1940002441406 35.1940002441406 35.1940002441406 35.1940002441406 35.1940002441406 35.1940002441406 35.1940002441406 35.1940002441406 35.1940002441406 35.1940002441406 35.1940002441406 35.1940002441406 35.1940002441406 35.1940002441406 35.1940002441406 35.1940002441406 35.1940002441406 35.1938858032227 35.193717956543 35.1939544677734 35.1940002441406 35.1940002441406
