Ecospace-environmental-drivers/Outputs/ASCII-for-ecospace/Sal-bot/Sal-bot_X2006.11.asc
NCOLS 131 
NROWS 53 
XLLCORNER -98 
YLLCORNER 23.9265270233154 
CELLSIZE 0.133587792515755 
NODATA_value -3.4e+38 
[rows 0 to 20 of 53, columns 47 to 93 of 131]
-3.4e+38 -3.4e+38 -3.4e+38 -3.4e+38 -3.4e+38 -3.4e+38 -3.4e+38 -3.4e+38 -3.4e+38 -3.4e+38 -3.4e+38 -3.4e+38 -3.4e+38 -3.4e+38 -3.4e+38 -3.4e+38 -3.4e+38 -3.4e+38 -3.4e+38 -3.4e+38 -3.4e+38 -3.4e+38 -3.4e+38 -3.4e+38 -3.4e+38 -3.4e+38 -3.4e+38 -3.4e+38 -3.4e+38 -3.4e+38 -3.4e+38 -3.4e+38 -3.4e+38 -3.4e+38 -3.4e+38 -3.4e+38 -3.4e+38 -3.4e+38 -3.4e+38 -3.4e+38 -3.4e+38 -3.4e+38 -3.4e+38 -3.4e+38 -3.4e+38 -3.4e+38 -3.4e+38
-3.4e+38 -3.4e+38 -3.4e+38 -3.4e+38 -3.4e+38 -3.4e+38 -3.4e+38 -3.4e+38 -3.4e+38 -3.4e+38 -3.4e+38 -3.4e+38 -3.4e+38 -3.4e+38 -3.4e+38 -3.4e+38 -3.4e+38 -3.4e+38 -3.4e+38 -3.4e+38 -3.4e+38 -3.4e+38 -3.4e+38 -3.4e+38 -3.4e+38 -3.4e+38 -3.4e+38 -3.4e+38 -3.4e+38 -3.4e+38 -3.4e+38 -3.4e+38 -3.4e+38 -3.4e+38 -3.4e+38 -3.4e+38 -3.4e+38 -3.4e+38 -3.4e+38 -3.4e+38 -3.4e+38 -3.4e+38 -3.4e+38 -3.4e+38 -3.4e+38 -3.4e+38 -3.4e+38
-3.4e+38 -3.4e+38 -3.4e+38 -3.4e+38 -3.4e+38 -3.4e+38 -3.4e+38 -3.4e+38 -3.4e+38 -3.4e+38 -3.4e+38 -3.4e+38 -3.4e+38 -3.4e+38 -3.4e+38 -3.4e+38 -3.4e+38 -3.4e+38 -3.4e+38 -3.4e+38 -3.4e+38 -3.4e+38 -3.4e+38 -3.4e+38 -3.4e+38 -3.4e+38 -3.4e+38 6.54005479812622 6.51426601409912 -3.4e+38 -3.4e+38 -3.4e+38 -3.4e+38 -3.4e+38 -3.4e+38 -3.4e+38 -3.4e+38 -3.4e+38 -3.4e+38 -3.4e+38 -3.4e+38 -3.4e+38 -3.4e+38 -3.4e+38 -3.4e+38 -3.4e+38 -3.4e+38
-3.4e+38 -3.4e+38 -3.4e+38 -3.4e+38 -3.4e+38 -3.4e+38 -3.4e+38 -3.4e+38 -3.4e+38 -3.4e+38 -3.4e+38 -3.4e+38 -3.4e+38 -3.4e+38 -3.4e+38 -3.4e+38 -3.4e+38 -3.4e+38 -3.4e+38 -3.4e+38 -3.4e+38 -3.4e+38 -3.4e+38 -3.4e+38 -3.4e+38 -3.4e+38 -3.4e+38 15.7601318359375 16.1531295776367 -3.4e+38 -3.4e+38 -3.4e+38 -3.4e+38 -3.4e+38 -3.4e+38 -3.4e+38 -3.4e+38 -3.4e+38 -3.4e+38 -3.4e+38 -3.4e+38 -3.4e+38 -3.4e+38 -3.4e+38 -3.4e+38 -3.4e+38 -3.4e+38
-3.4e+38 -3.4e+38 -3.4e+38 -3.4e+38 -3.4e+38 -3.4e+38 -3.4e+38 -3.4e+38 -3.4e+38 21.4680061340332 21.4680061340332 21.4527606964111 20.4449996948242 -3.4e+38 -3.4e+38 -3.4e+38 -3.4e+38 -3.4e+38 29.0167236328125 28.0167598724365 26.9532241821289 26.9459686279297 26.3507061004639 25.9151782989502 29.7444934844971 31.3411693572998 31.6678466796875 27.4649486541748 28.5500068664551 31.6062507629395 -3.4e+38 -3.4e+38 33.564826965332 33.5317077636719 33.0631866455078 33.7383270263672 33.9310493469238 33.9435081481934 34.0125999450684 34.1744194030762 34.2482643127441 34.5216941833496 -3.4e+38 -3.4e+38 -3.4e+38 -3.4e+38 -3.4e+38
-3.4e+38 -3.4e+38 -3.4e+38 -3.4e+38 -3.4e+38 -3.4e+38 -3.4e+38 -3.4e+38 21.4680061340332 21.4680061340332 21.4680061340332 21.4680061340332 21.4375152587891 20.44606590271 18.4284133911133 -3.4e+38 24.5526542663574 29.5811004638672 29.0680522918701 29.4009819030762 30.3153514862061 30.8754138946533 29.120288848877 29.7396240234375 31.003475189209 32.2506980895996 32.400089263916 32.4274673461914 32.2321319580078 32.0545692443848 33.404899597168 33.4735641479492 33.5569000244141 33.6640129089355 33.8427352905273 34.1562385559082 34.3588333129883 34.4637031555176 34.5381851196289 34.5661582946777 34.6454772949219 34.6118698120117 34.5811653137207 34.5647010803223 -3.4e+38 -3.4e+38 -3.4e+38
-3.4e+38 -3.4e+38 -3.4e+38 -3.4e+38 -3.4e+38 -3.4e+38 -3.4e+38 -3.4e+38 21.6322441101074 21.4680061340332 21.4680061340332 21.4680061340332 21.4680061340332 21.4070243835449 20.4808158874512 18.4284133911133 21.234188079834 28.9669151306152 30.5665550231934 31.2322063446045 32.3603324890137 33.0668601989746 33.3177070617676 33.472843170166 33.4697685241699 33.6189651489258 33.6724433898926 33.4934501647949 33.4412460327148 33.4562187194824 33.6192283630371 33.8966217041016 34.1117935180664 34.2707023620605 34.5483741760254 35.0824012756348 35.5120697021484 35.4991035461426 35.4015121459961 35.3791732788086 35.3652076721191 35.2501106262207 35.019172668457 34.7798080444336 34.6169166564941 34.4861679077148 -3.4e+38
-3.4e+38 -3.4e+38 -3.4e+38 -3.4e+38 -3.4e+38 -3.4e+38 -3.4e+38 -3.4e+38 -3.4e+38 -3.4e+38 21.4680061340332 21.4680061340332 21.4680061340332 -3.4e+38 21.3460445404053 20.6808032989502 21.8253784179688 27.1106910705566 30.6364040374756 31.8662261962891 33.0531997680664 33.5435409545898 33.8082046508789 34.3068008422852 34.6089706420898 34.7364730834961 34.7170829772949 34.5847473144531 34.3869171142578 34.346019744873 34.5006713867188 34.6438102722168 34.6780624389648 34.8297996520996 35.3818244934082 36.0868721008301 36.184928894043 36.1813011169434 35.990161895752 35.8334884643555 35.7314567565918 35.5785217285156 35.3351631164551 35.0752716064453 34.7849769592285 34.4308700561523 34.1119041442871
-3.4e+38 -3.4e+38 -3.4e+38 -3.4e+38 -3.4e+38 -3.4e+38 -3.4e+38 -3.4e+38 -3.4e+38 -3.4e+38 -3.4e+38 -3.4e+38 -3.4e+38 -3.4e+38 21.3688488006592 21.4277496337891 25.2339305877686 26.0173797607422 29.9471549987793 32.0433158874512 33.1579322814941 33.5818977355957 33.9422950744629 34.5397491455078 34.9689331054688 35.1260528564453 35.1142082214355 35.0384063720703 34.9147682189941 34.8530769348145 34.8756446838379 34.896427154541 35.0165710449219 35.7919807434082 36.0947570800781 36.0817184448242 36.1053161621094 36.1924743652344 36.2600746154785 36.2204780578613 36.0940818786621 35.8011360168457 35.5434417724609 35.3362808227539 35.0309867858887 34.7134056091309 34.0986442565918
22.0893611907959 -3.4e+38 -3.4e+38 -3.4e+38 -3.4e+38 -3.4e+38 -3.4e+38 -3.4e+38 -3.4e+38 -3.4e+38 28.2380218505859 25.9024314880371 -3.4e+38 -3.4e+38 -3.4e+38 26.8959465026855 29.844144821167 29.7313632965088 30.8450050354004 32.3685722351074 33.2265090942383 33.6793251037598 34.0623397827148 34.5722579956055 35.1832809448242 35.2713317871094 35.1855926513672 35.1093444824219 35.0458106994629 34.9736099243164 34.9287261962891 35.0553321838379 35.7997512817383 36.0659294128418 35.9660797119141 36.010311126709 36.058521270752 36.1106376647949 36.1901206970215 36.2673606872559 36.2220497131348 35.648811340332 35.4665451049805 35.3474235534668 35.1720428466797 34.8308639526367 34.2756690979004
20.8843612670898 15.5962791442871 -3.4e+38 -3.4e+38 -3.4e+38 -3.4e+38 -3.4e+38 -3.4e+38 -3.4e+38 -3.4e+38 31.3485546112061 30.7231159210205 30.3368549346924 -3.4e+38 -3.4e+38 31.1610641479492 30.6779270172119 30.2513065338135 31.5373096466064 32.6396827697754 33.3059539794922 33.7771072387695 34.1741371154785 34.7831192016602 35.4121513366699 35.3894577026367 35.2791290283203 35.183349609375 35.1511611938477 35.1259384155273 35.162036895752 35.5591735839844 36.0525588989258 35.7643699645996 35.6096267700195 35.6731948852539 35.8642501831055 35.9730415344238 36.0845413208008 36.1781387329102 36.2482643127441 36.0048828125 35.4844970703125 35.2662658691406 35.1290664672852 34.8620414733887 34.4954681396484
21.0140075683594 12.6766719818115 1.95614385604858 10.5661764144897 -3.4e+38 -3.4e+38 -3.4e+38 -3.4e+38 -3.4e+38 -3.4e+38 -3.4e+38 30.7471237182617 30.2298316955566 30.3368549346924 30.4268169403076 30.7521381378174 31.0873394012451 30.6653347015381 31.5281620025635 32.7381134033203 33.4903259277344 34.108341217041 34.6368637084961 35.4551124572754 35.6397285461426 35.5499267578125 35.4218978881836 35.3811988830566 35.5341987609863 35.717643737793 35.908863067627 35.9364547729492 35.6336479187012 35.255443572998 35.1450729370117 35.1361808776855 35.278205871582 35.5950393676758 35.835807800293 36.0218658447266 36.1438255310059 36.2402877807617 35.9404029846191 35.3157081604004 35.1077728271484 34.9267196655273 34.6904449462891
29.3815288543701 24.3549861907959 16.2349910736084 13.5073938369751 -3.4e+38 -3.4e+38 -3.4e+38 -3.4e+38 32.0023345947266 31.8885726928711 31.2687397003174 30.9323902130127 30.2255096435547 30.1271286010742 30.0822200775146 29.8596248626709 28.8094482421875 31.0551261901855 31.2011260986328 31.9078197479248 33.8429794311523 35.0779838562012 35.6669616699219 35.8451461791992 35.865608215332 35.884090423584 36.0927581787109 36.1287574768066 36.147533416748 36.0634269714355 35.6860809326172 35.2346992492676 34.9964218139648 35.0063018798828 35.002140045166 34.9965133666992 35.1639633178711 35.3622245788574 35.5167350769043 35.717903137207 35.9319915771484 36.0638389587402 36.1204986572266 35.8998641967773 35.69287109375 35.5298080444336 35.384033203125
31.6870651245117 31.2382755279541 29.3974742889404 26.3429279327393 27.5340347290039 31.2758731842041 31.9894962310791 31.7983226776123 31.5016136169434 31.0808544158936 31.0072193145752 31.6388053894043 30.5216770172119 31.2802467346191 31.8606948852539 30.0663433074951 26.2015266418457 23.7810211181641 24.0667991638184 28.1543312072754 31.7823963165283 35.6123657226562 36.0805587768555 36.1729278564453 36.1140899658203 35.9700317382812 35.6274642944336 35.3260726928711 35.1397132873535 34.9645881652832 34.9141883850098 34.928955078125 34.9344711303711 34.9319801330566 34.9372596740723 34.9588050842285 35.1888275146484 35.328914642334 35.4769172668457 35.5620422363281 35.7422027587891 35.8933219909668 36.018424987793 36.0758209228516 36.1290321350098 36.1153106689453 35.9645156860352
32.0251922607422 31.9649753570557 31.7334842681885 30.9482269287109 30.094799041748 31.3432559967041 31.5328159332275 31.3476905822754 31.1430835723877 31.0961894989014 31.1319198608398 31.449068069458 32.5187911987305 33.5016441345215 33.8952522277832 33.4296913146973 29.9601001739502 16.5368957519531 14.2658605575562 19.7197494506836 34.3603858947754 36.0903663635254 36.0734367370605 35.4924468994141 35.1780967712402 35.0039596557617 34.9212875366211 34.9282417297363 34.9288940429688 34.9566192626953 34.9614372253418 34.9698524475098 34.950813293457 34.93701171875 34.9281425476074 34.9335517883301 35.1483955383301 35.279655456543 35.5055732727051 35.5761032104492 35.6921005249023 35.776252746582 35.9424781799316 36.0270385742188 36.0604934692383 36.1045379638672 36.0896148681641
32.5598373413086 32.406608581543 32.1336860656738 31.7882690429688 31.5871162414551 31.9179039001465 31.9062671661377 31.9677410125732 32.182315826416 32.4886856079102 32.7507400512695 33.2175750732422 33.854850769043 34.5086364746094 35.0003280639648 35.1128234863281 33.8482437133789 27.0909862518311 32.1833419799805 34.3688774108887 35.9628486633301 35.5602340698242 35.2220191955566 34.9950256347656 34.8741607666016 34.908805847168 34.9252128601074 34.9515991210938 34.9659881591797 34.9603958129883 34.9715423583984 34.9766654968262 34.9681854248047 34.9308395385742 34.9195251464844 34.9225692749023 35.0916175842285 35.2623291015625 35.4229354858398 35.5592346191406 35.6579284667969 35.8607788085938 35.8621635437012 35.9928131103516 36.0343437194824 36.0563316345215 36.1092834472656
33.3084526062012 33.0419425964355 32.7036590576172 32.4784049987793 32.4869537353516 32.6952590942383 32.913948059082 33.1417274475098 33.3239212036133 33.5078659057617 33.6906814575195 34.1972885131836 34.6905708312988 35.1343193054199 35.6511650085449 35.9078102111816 35.8991813659668 35.8877372741699 36.1396942138672 35.7309341430664 35.1846733093262 34.8952255249023 34.8840179443359 34.906810760498 34.9301071166992 34.9422073364258 34.9438934326172 34.9609069824219 34.9758834838867 35.013744354248 35.0368003845215 34.9909362792969 34.9443016052246 34.9237022399902 34.9262275695801 34.9093742370605 35.0317420959473 35.1640205383301 35.2700233459473 35.4920120239258 35.6194229125977 35.7191200256348 35.830322265625 35.9120445251465 35.9981231689453 36.0346717834473 36.0627975463867
34.136791229248 33.9636535644531 33.6647796630859 33.3233604431152 33.2168579101562 33.3671569824219 33.619083404541 33.836597442627 33.9759521484375 34.0893363952637 34.3633766174316 35.0262603759766 35.7896575927734 35.7996711730957 36.021614074707 36.2307090759277 36.2712440490723 36.1808662414551 35.8028793334961 35.1649971008301 34.8839836120605 34.9138374328613 34.9235496520996 34.9631805419922 34.9774017333984 34.9618263244629 34.9578094482422 34.9943542480469 35.025447845459 35.0194969177246 35.0063667297363 34.9834594726562 34.9397468566895 34.9278602600098 34.9252510070801 34.8847541809082 34.9536399841309 35.0755310058594 35.2530288696289 35.3821716308594 35.5082778930664 35.6012496948242 35.7405853271484 35.8517532348633 35.9502563476562 35.9880142211914 36.0239372253418
34.8532333374023 34.7635154724121 34.624210357666 34.3778266906738 34.1171951293945 33.9662055969238 34.0794334411621 34.3177299499512 34.5039176940918 34.6682167053223 34.916862487793 35.3350830078125 35.9214973449707 35.4300994873047 35.1685066223145 35.3632125854492 35.4264335632324 35.4927139282227 35.2330894470215 34.9259376525879 34.8739356994629 34.9172782897949 34.9482192993164 34.9813041687012 34.9595108032227 34.967113494873 35.0701217651367 35.0345840454102 35.0231628417969 35.0193176269531 35.0361557006836 35.0139923095703 34.9747009277344 34.927001953125 34.9298667907715 34.9007453918457 34.9040184020996 34.9587516784668 35.0625343322754 35.2183685302734 35.371639251709 35.493724822998 35.6090393066406 35.7708053588867 35.8619003295898 35.9251518249512 36.006908416748
35.321605682373 35.3239326477051 35.291576385498 35.2228317260742 35.1065521240234 34.8973236083984 34.752685546875 34.751091003418 34.8971138000488 35.0547790527344 35.3070335388184 35.6259689331055 36.0488319396973 35.7323875427246 35.1785888671875 34.9217338562012 34.8917808532715 34.8879508972168 34.8551330566406 34.8628845214844 34.9199523925781 34.9358444213867 34.9536399841309 34.9869804382324 34.9599189758301 34.9770355224609 35.0696220397949 35.0343589782715 35.0171089172363 35.0120391845703 35.078311920166 35.0863876342773 34.9980812072754 34.9866600036621 34.931339263916 34.923656463623 34.9227409362793 34.8937683105469 34.9132652282715 34.9974594116211 35.1236305236816 35.2708015441895 35.4257736206055 35.505241394043 35.6738700866699 35.818058013916 35.943416595459
35.805248260498 35.9210548400879 35.9294013977051 35.8444480895996 35.7859001159668 35.7391166687012 35.6732902526855 35.6456604003906 35.6405220031738 35.7049407958984 35.9080657958984 36.1111793518066 36.1231880187988 35.6980323791504 35.0757331848145 34.9103660583496 34.9344520568848 34.9152946472168 34.9005966186523 34.9229125976562 34.9297637939453 34.9540023803711 34.9766654968262 34.9693222045898 34.9563865661621 34.9952697753906 35.0493583679199 35.0293655395508 35.0180816650391 35.0108184814453 35.0526580810547 35.0976867675781 35.0834655761719 35.0641479492188 34.9910545349121 34.9516296386719 34.9475898742676 34.9318428039551 34.9097366333008 34.8957290649414 34.9311676025391 34.9818305969238 35.0829467773438 35.2363510131836 35.4244422912598 35.5159950256348 35.6886825561523
