Ecospace-environmental-drivers/Outputs/ASCII-for-ecospace/Sal-bot/Sal-bot_X2010.07.asc
NCOLS 131 
NROWS 53 
XLLCORNER -98 
YLLCORNER 23.9265270233154 
CELLSIZE 0.133587792515755 
NODATA_value -3.4e+38 
[rows 0 to 20 of 53, columns 47 to 93 of 131]
-3.4e+38 -3.4e+38 -3.4e+38 -3.4e+38 -3.4e+38 -3.4e+38 -3.4e+38 -3.4e+38 -3.4e+38 -3.4e+38 -3.4e+38 -3.4e+38 -3.4e+38 -3.4e+38 -3.4e+38 -3.4e+38 -3.4e+38 -3.4e+38 -3.4e+38 -3.4e+38 -3.4e+38 -3.4e+38 -3.4e+38 -3.4e+38 -3.4e+38 -3.4e+38 -3.4e+38 -3.4e+38 -3.4e+38 -3.4e+38 -3.4e+38 -3.4e+38 -3.4e+38 -3.4e+38 -3.4e+38 -3.4e+38 -3.4e+38 -3.4e+38 -3.4e+38 -3.4e+38 -3.4e+38 -3.4e+38 -3.4e+38 -3.4e+38 -3.4e+38 -3.4e+38 -3.4e+38
-3.4e+38 -3.4e+38 -3.4e+38 -3.4e+38 -3.4e+38 -3.4e+38 -3.4e+38 -3.4e+38 -3.4e+38 -3.4e+38 -3.4e+38 -3.4e+38 -3.4e+38 -3.4e+38 -3.4e+38 -3.4e+38 -3.4e+38 -3.4e+38 -3.4e+38 -3.4e+38 -3.4e+38 -3.4e+38 -3.4e+38 -3.4e+38 -3.4e+38 -3.4e+38 -3.4e+38 -3.4e+38 -3.4e+38 -3.4e+38 -3.4e+38 -3.4e+38 -3.4e+38 -3.4e+38 -3.4e+38 -3.4e+38 -3.4e+38 -3.4e+38 -3.4e+38 -3.4e+38 -3.4e+38 -3.4e+38 -3.4e+38 -3.4e+38 -3.4e+38 -3.4e+38 -3.4e+38
-3.4e+38 -3.4e+38 -3.4e+38 -3.4e+38 -3.4e+38 -3.4e+38 -3.4e+38 -3.4e+38 -3.4e+38 -3.4e+38 -3.4e+38 -3.4e+38 -3.4e+38 -3.4e+38 -3.4e+38 -3.4e+38 -3.4e+38 -3.4e+38 -3.4e+38 -3.4e+38 -3.4e+38 -3.4e+38 -3.4e+38 -3.4e+38 -3.4e+38 -3.4e+38 -3.4e+38 7.69602108001709 7.24761199951172 -3.4e+38 -3.4e+38 -3.4e+38 -3.4e+38 -3.4e+38 -3.4e+38 -3.4e+38 -3.4e+38 -3.4e+38 -3.4e+38 -3.4e+38 -3.4e+38 -3.4e+38 -3.4e+38 -3.4e+38 -3.4e+38 -3.4e+38 -3.4e+38
-3.4e+38 -3.4e+38 -3.4e+38 -3.4e+38 -3.4e+38 -3.4e+38 -3.4e+38 -3.4e+38 -3.4e+38 -3.4e+38 -3.4e+38 -3.4e+38 -3.4e+38 -3.4e+38 -3.4e+38 -3.4e+38 -3.4e+38 -3.4e+38 -3.4e+38 -3.4e+38 -3.4e+38 -3.4e+38 -3.4e+38 -3.4e+38 -3.4e+38 -3.4e+38 -3.4e+38 18.3337955474854 16.4224548339844 -3.4e+38 -3.4e+38 -3.4e+38 -3.4e+38 -3.4e+38 -3.4e+38 -3.4e+38 -3.4e+38 -3.4e+38 -3.4e+38 -3.4e+38 -3.4e+38 -3.4e+38 -3.4e+38 -3.4e+38 -3.4e+38 -3.4e+38 -3.4e+38
-3.4e+38 -3.4e+38 -3.4e+38 -3.4e+38 -3.4e+38 -3.4e+38 -3.4e+38 -3.4e+38 -3.4e+38 15.4019107818604 15.4019107818604 15.3989601135254 15.1879186630249 -3.4e+38 -3.4e+38 -3.4e+38 -3.4e+38 -3.4e+38 27.2550449371338 26.4072952270508 21.8319816589355 21.5458068847656 21.7719841003418 22.795482635498 26.7401828765869 28.8771553039551 29.8000679016113 27.4358711242676 28.9777450561523 31.2196044921875 -3.4e+38 -3.4e+38 32.8940773010254 33.0253028869629 32.3109359741211 33.4471168518066 33.7757415771484 33.4083366394043 33.383716583252 33.964038848877 33.7250099182129 34.1732025146484 -3.4e+38 -3.4e+38 -3.4e+38 -3.4e+38 -3.4e+38
-3.4e+38 -3.4e+38 -3.4e+38 -3.4e+38 -3.4e+38 -3.4e+38 -3.4e+38 -3.4e+38 15.4019107818604 15.4019107818604 15.4019107818604 15.4019107818604 15.3960094451904 15.2192850112915 14.7344703674316 -3.4e+38 21.8707084655762 26.7630977630615 28.2001876831055 27.6495971679688 24.5546054840088 25.202465057373 25.0822296142578 26.7261161804199 28.2192096710205 29.7617664337158 30.479097366333 30.7669296264648 31.2449512481689 31.3177490234375 32.1207885742188 32.5185928344727 32.8638458251953 33.2997894287109 33.6266403198242 34.1555862426758 34.289966583252 34.3525466918945 34.4848556518555 34.6108856201172 34.6816711425781 34.2594680786133 34.0266571044922 33.8991928100586 -3.4e+38 -3.4e+38 -3.4e+38
-3.4e+38 -3.4e+38 -3.4e+38 -3.4e+38 -3.4e+38 -3.4e+38 -3.4e+38 -3.4e+38 15.5928812026978 15.4019107818604 15.4019107818604 15.4019107818604 15.4019107818604 15.3901081085205 15.3506517410278 14.7344703674316 18.9634895324707 27.0217761993408 28.3295211791992 28.4095630645752 28.0936374664307 28.9742279052734 30.4890975952148 31.4555244445801 31.6385517120361 32.1874504089355 32.5979461669922 32.2910957336426 32.274787902832 32.4465675354004 32.9145698547363 33.8241577148438 34.1120567321777 34.3375701904297 34.8081741333008 35.3263092041016 35.7314491271973 35.7580871582031 35.735595703125 35.79052734375 35.8657684326172 35.7160377502441 35.2328910827637 34.6112480163574 34.1974868774414 34.2041549682617 -3.4e+38
-3.4e+38 -3.4e+38 -3.4e+38 -3.4e+38 -3.4e+38 -3.4e+38 -3.4e+38 -3.4e+38 -3.4e+38 -3.4e+38 15.4019107818604 15.4019107818604 15.4019107818604 -3.4e+38 15.3783044815063 15.887921333313 22.1500701904297 27.8343276977539 28.1173000335693 28.3455505371094 29.097827911377 29.8355884552002 31.0027503967285 33.6443099975586 34.2778129577637 34.5598030090332 34.6168594360352 34.2004508972168 34.0007972717285 34.3483657836914 34.7358551025391 34.9583740234375 34.973316192627 35.1917877197266 35.8072471618652 36.2145042419434 36.2616691589355 36.255298614502 36.2094688415527 36.1847381591797 36.1426734924316 36.015998840332 35.7475967407227 35.4519844055176 34.826732635498 34.1492805480957 33.6431274414062
-3.4e+38 -3.4e+38 -3.4e+38 -3.4e+38 -3.4e+38 -3.4e+38 -3.4e+38 -3.4e+38 -3.4e+38 -3.4e+38 -3.4e+38 -3.4e+38 -3.4e+38 -3.4e+38 15.375449180603 15.4500885009766 23.6794319152832 28.0100727081299 28.0193576812744 28.2387847900391 29.028995513916 29.9163722991943 31.2125415802002 33.9881286621094 35.3132247924805 35.5956153869629 35.5644760131836 35.4681129455566 35.3554649353027 35.2949066162109 35.337818145752 35.4134979248047 35.4961013793945 36.0815277099609 36.2222595214844 36.2069511413574 36.2388114929199 36.2628707885742 36.2724304199219 36.2712936401367 36.2475433349609 36.1211547851562 35.9337539672852 35.7953033447266 35.5663070678711 35.0436477661133 33.8747138977051
18.4595851898193 -3.4e+38 -3.4e+38 -3.4e+38 -3.4e+38 -3.4e+38 -3.4e+38 -3.4e+38 -3.4e+38 -3.4e+38 23.7155456542969 20.5581207275391 -3.4e+38 -3.4e+38 -3.4e+38 23.0875797271729 28.2854156494141 28.1381225585938 28.1169681549072 28.4303417205811 29.1010646820068 29.9881820678711 31.4551944732666 34.2184143066406 35.6681251525879 35.8309555053711 35.7636795043945 35.6623497009277 35.6061668395996 35.6056900024414 35.5648155212402 35.7766265869141 36.1488761901855 36.1520309448242 36.024486541748 36.0549774169922 36.1490859985352 36.2062683105469 36.2410202026367 36.2635726928711 36.2455940246582 36.0657501220703 35.9034156799316 35.8269538879395 35.7044334411621 35.3058166503906 34.4399375915527
14.9380321502686 9.36445903778076 -3.4e+38 -3.4e+38 -3.4e+38 -3.4e+38 -3.4e+38 -3.4e+38 -3.4e+38 -3.4e+38 27.7497119903564 26.5090465545654 25.7143306732178 -3.4e+38 -3.4e+38 28.1787528991699 28.1481895446777 28.0891952514648 28.4343376159668 28.7854957580566 29.2115230560303 30.2231311798096 31.8589324951172 34.6786422729492 35.951358795166 36.0080146789551 35.9199485778809 35.8839912414551 35.827278137207 35.7694549560547 35.8788909912109 36.1232528686523 36.2418975830078 35.7770462036133 35.5737075805664 35.643253326416 35.8219947814941 35.9449615478516 36.1117057800293 36.2189598083496 36.2531814575195 36.1989974975586 35.9282035827637 35.7112655639648 35.5966873168945 35.1872634887695 34.5269393920898
17.0530319213867 8.07204627990723 1.15344023704529 11.3872632980347 -3.4e+38 -3.4e+38 -3.4e+38 -3.4e+38 -3.4e+38 -3.4e+38 -3.4e+38 26.8584537506104 25.3892097473145 25.7143306732178 25.591178894043 27.1330413818359 28.0472278594971 28.0681209564209 28.9184799194336 29.0392055511475 29.7345561981201 31.7885322570801 33.9848480224609 35.9814605712891 36.1847229003906 36.1812782287598 36.1310844421387 36.0828552246094 36.1013946533203 36.1311988830566 36.1795845031738 36.1530380249023 35.6339263916016 35.2558479309082 35.164680480957 35.1369171142578 35.2423667907715 35.5113410949707 35.7697677612305 36.0405197143555 36.2230072021484 36.2835350036621 36.1782760620117 35.7618675231934 35.486701965332 34.7049903869629 34.2971572875977
28.0883159637451 23.9498672485352 17.7066993713379 15.3016500473022 -3.4e+38 -3.4e+38 -3.4e+38 -3.4e+38 28.8011074066162 28.5711269378662 27.5772514343262 27.2476119995117 26.1396560668945 24.3136405944824 24.1579914093018 25.3114147186279 23.8167724609375 28.1138000488281 28.6891593933105 28.1727313995361 32.2476654052734 35.0212020874023 36.0829277038574 36.2531700134277 36.2769737243652 36.281322479248 36.2816123962402 36.1700859069824 36.1219749450684 36.0188827514648 35.663215637207 35.2311668395996 34.9775772094727 34.9575042724609 34.934383392334 34.9164886474609 35.0870513916016 35.2391128540039 35.456958770752 35.6748123168945 35.9354553222656 36.179328918457 36.2654724121094 36.2069396972656 36.0788993835449 35.9410285949707 35.8128776550293
30.2434349060059 29.7371520996094 28.8127746582031 28.5319404602051 28.6969585418701 28.6338977813721 28.3639335632324 28.1954956054688 28.04714012146 27.2570991516113 27.1419773101807 28.4669322967529 26.9122467041016 27.9691181182861 30.0339508056641 26.3910427093506 17.9268608093262 14.3535842895508 18.7570552825928 24.8285484313965 28.1144180297852 35.9966239929199 36.2967376708984 36.2703895568848 36.1324501037598 36.0002250671387 35.6211471557617 35.2808723449707 35.0703010559082 34.9511108398438 34.9168701171875 34.9269371032715 34.9269790649414 34.910888671875 34.9120750427246 34.8979034423828 35.0318717956543 35.198112487793 35.3875923156738 35.5102310180664 35.691349029541 35.9032897949219 36.1307563781738 36.2637557983398 36.3241806030273 36.3284225463867 36.2963066101074
31.1364135742188 30.6926002502441 30.1322689056396 29.461576461792 28.9138526916504 28.5877876281738 28.3067302703857 28.0523910522461 27.849967956543 27.7517642974854 27.6558246612549 29.1185779571533 31.0977821350098 33.5270729064941 34.3413009643555 33.1405067443848 27.3632907867432 9.58314418792725 8.53517246246338 13.8517894744873 34.1888999938965 36.2164878845215 36.1861152648926 35.4920692443848 35.1650657653809 35.042724609375 34.9457931518555 34.9392890930176 34.9370994567871 34.9616165161133 34.9624519348145 34.9647750854492 34.9536056518555 34.9261093139648 34.9125061035156 34.897346496582 34.9994239807129 35.2092781066895 35.3714981079102 35.5058555603027 35.5934829711914 35.7553634643555 35.9422607421875 36.1158409118652 36.2659339904785 36.3210487365723 36.3086967468262
32.2885627746582 31.8957996368408 31.2581100463867 30.591178894043 30.1630058288574 29.8616828918457 29.6074981689453 29.5802841186523 29.5925846099854 30.3657417297363 31.2348117828369 32.5450401306152 34.0804901123047 35.1451759338379 35.7584342956543 35.7980117797852 33.96533203125 24.6465187072754 31.2070980072021 33.9513854980469 36.1320762634277 35.6347503662109 35.3052597045898 35.0381164550781 34.9398956298828 34.9365005493164 34.9348640441895 34.9600944519043 34.9724388122559 34.9689407348633 34.9818305969238 34.9766998291016 34.9625778198242 34.9259414672852 34.9050331115723 34.8953971862793 34.9829750061035 35.1794815063477 35.3421211242676 35.4975929260254 35.5667762756348 35.6833992004395 35.8202514648438 35.9944190979004 36.1796989440918 36.2864265441895 36.3309364318848
33.1895523071289 32.9035949707031 32.4500694274902 31.8383960723877 31.4183769226074 31.1512241363525 31.3120517730713 31.597412109375 31.8603801727295 32.4944877624512 33.2795028686523 34.5093460083008 35.2505722045898 35.772274017334 36.1086692810059 36.221076965332 36.1740112304688 36.1594543457031 36.2245979309082 35.7990341186523 35.1923522949219 34.9620513916016 34.9429016113281 34.9491577148438 34.9515495300293 34.9554595947266 34.954891204834 34.9689483642578 34.9932441711426 35.0328102111816 35.0469932556152 34.9882354736328 34.954719543457 34.9262962341309 34.9078063964844 34.8938293457031 34.9528465270996 35.1192359924316 35.330135345459 35.4864044189453 35.5708160400391 35.6031112670898 35.7626075744629 35.9194221496582 36.081714630127 36.2353248596191 36.3041534423828
33.915843963623 33.747859954834 33.4694900512695 33.0302696228027 32.635684967041 32.4736747741699 32.6393089294434 32.8832893371582 33.1501197814941 33.5993194580078 34.4092445373535 35.7269706726074 36.0492248535156 35.9009552001953 36.0863800048828 36.2380332946777 36.2502670288086 36.2128982543945 36.018913269043 35.240550994873 34.9470672607422 34.9601707458496 34.943775177002 34.9729194641113 34.9774971008301 34.9677810668945 34.9622993469238 35.0062942504883 35.0390281677246 35.0257034301758 35.0123062133789 34.9822998046875 34.9549751281738 34.9342155456543 34.9094505310059 34.883358001709 34.9107856750488 35.0036239624023 35.2426071166992 35.3851165771484 35.4945678710938 35.5434379577637 35.6114501953125 35.8672409057617 36.0235595703125 36.1199989318848 36.2358551025391
35.1564903259277 34.9993209838867 34.7915000915527 34.5084686279297 34.2261924743652 34.036376953125 34.0140266418457 34.1472511291504 34.6572036743164 35.2148742675781 35.72119140625 36.0903472900391 36.1788215637207 35.4625701904297 35.1422843933105 35.356803894043 35.4296989440918 35.5666961669922 35.3955459594727 35.0735511779785 34.9413032531738 34.9512329101562 34.961368560791 34.9817161560059 34.9676475524902 34.9783172607422 35.0901679992676 35.0312118530273 35.0202713012695 35.019214630127 35.0385131835938 35.0140647888184 34.9664077758789 34.9355316162109 34.9210929870605 34.8900833129883 34.8957824707031 34.9290771484375 35.0271492004395 35.1874542236328 35.2987022399902 35.4256439208984 35.4775428771973 35.6903877258301 35.8932228088379 36.003547668457 36.1179275512695
35.7341537475586 35.7415466308594 35.7954559326172 35.8273124694824 35.7605361938477 35.6440277099609 35.6551704406738 35.7593955993652 35.8880386352539 35.9938087463379 36.1336402893066 36.2430686950684 36.2518653869629 35.7583122253418 35.1559677124023 34.9247665405273 34.9345474243164 34.9806861877441 34.9895706176758 34.9506072998047 34.9590873718262 34.9530944824219 34.9678955078125 34.9889144897461 34.9668655395508 34.987491607666 35.0638313293457 35.0149192810059 34.9983940124512 34.9986457824707 35.0954971313477 35.0899505615234 34.9951210021973 34.9510498046875 34.9347496032715 34.914379119873 34.912784576416 34.897518157959 34.9057807922363 34.9771194458008 35.0685539245605 35.1763648986816 35.2854423522949 35.4192810058594 35.6180229187012 35.8213691711426 35.9603652954102
35.9401817321777 36.0308876037598 36.1685523986816 36.2836036682129 36.3281135559082 36.3273124694824 36.3138236999512 36.3059120178223 36.3017501831055 36.3051414489746 36.3009757995605 36.2837944030762 36.1222534179688 35.6971626281738 35.0911750793457 34.9259643554688 34.9310417175293 34.9361686706543 34.937614440918 34.9556083679199 34.9543037414551 34.9658317565918 34.9795188903809 34.9696464538574 34.9648017883301 35.000659942627 35.0204696655273 34.9975395202637 34.992977142334 35.0014991760254 35.0793495178223 35.1077003479004 35.0834732055664 35.0622024536133 34.9909744262695 34.9536590576172 34.9517440795898 34.9346733093262 34.9100685119629 34.8926887512207 34.9316139221191 34.9623184204102 35.0163078308105 35.1091537475586 35.2953338623047 35.493106842041 35.6427993774414
