Ecospace-environmental-drivers/Outputs/ASCII-for-ecospace/Sal-bot/Sal-bot_X2008.02.asc
NCOLS 131 
NROWS 53 
XLLCORNER -98 
YLLCORNER 23.9265270233154 
CELLSIZE 0.133587792515755 
NODATA_value -3.4e+38 
[rows 21 to 41 of 53, columns 47 to 93 of 131]
36.083065032959 36.1585464477539 36.1837539672852 36.1830749511719 36.184944152832 36.185977935791 36.1461448669434 36.1742668151855 36.1389389038086 36.037712097168 35.7874984741211 35.6862030029297 35.4080123901367 35.0876808166504 34.8993873596191 34.8860282897949 34.9314384460449 34.9354934692383 34.9311904907227 34.9386253356934 34.9717903137207 34.9765090942383 34.968635559082 34.9669799804688 35.0410270690918 35.0718231201172 35.0221176147461 35.0074043273926 35.0263938903809 35.1013565063477 35.0987930297852 35.0604438781738 35.0763778686523 35.0687370300293 35.0627899169922 35.0494689941406 35.0379524230957 35.0174026489258 34.967113494873 34.9332618713379 34.925895690918 34.9196929931641 34.9148712158203 34.9339904785156 34.9930801391602 35.0575332641602 35.1883811950684
36.0528984069824 36.0114059448242 35.9784355163574 35.9758605957031 36.0486907958984 35.9568672180176 35.6136894226074 35.7413635253906 35.5370445251465 35.2296447753906 35.1139183044434 35.0368309020996 34.95703125 34.8865852355957 34.8706588745117 34.8885803222656 34.936279296875 34.9417457580566 34.9853630065918 34.9735870361328 34.9700088500977 34.9778480529785 34.9751930236816 35.0596046447754 35.0345916748047 35.0253753662109 35.0068435668945 35.0007286071777 35.054515838623 35.0829658508301 35.0694541931152 35.0575141906738 35.0547866821289 35.0545921325684 35.0490341186523 35.0510025024414 35.048267364502 35.0431747436523 35.0557708740234 35.0370941162109 34.9900283813477 34.970890045166 34.9523582458496 34.9276351928711 34.9156265258789 34.9107093811035 34.9412536621094
35.4608154296875 35.4225807189941 35.4826126098633 35.372142791748 35.2998428344727 35.1700401306152 35.1520500183105 35.0220832824707 34.9204902648926 34.9085121154785 34.8938903808594 34.896614074707 34.894660949707 34.9033355712891 34.9320411682129 34.935001373291 34.9364852905273 34.9959831237793 34.9723930358887 34.9650459289551 34.9659652709961 34.9812545776367 34.973991394043 35.0724945068359 35.0145378112793 35.0025672912598 34.9967231750488 35.014087677002 35.1035842895508 35.070369720459 35.0505828857422 35.0518379211426 35.046688079834 35.0449142456055 35.0419998168945 35.0419273376465 35.042106628418 35.0485801696777 35.1140518188477 35.0528182983398 35.0589485168457 35.0802841186523 35.0393867492676 34.9819831848145 34.9427261352539 34.9252243041992 34.9054565429688
34.9812812805176 34.9729843139648 34.9661636352539 34.9702415466309 34.957462310791 34.9142036437988 34.9382209777832 34.9209594726562 34.9417381286621 34.9163818359375 34.9198417663574 34.9055557250977 34.9340553283691 34.9418525695801 34.9563903808594 34.9464149475098 34.9880027770996 34.987735748291 34.9742279052734 34.9811515808105 34.9763946533203 34.9792518615723 34.974235534668 35.0568885803223 35.0189590454102 35.0176277160645 35.0873107910156 35.0992126464844 35.0874519348145 35.0580291748047 35.0532150268555 35.04638671875 35.044246673584 35.0381660461426 35.0758209228516 35.0820121765137 35.1052398681641 35.0938186645508 35.0906372070312 35.0783920288086 35.0899200439453 35.1014823913574 35.0834808349609 35.0748291015625 35.0243148803711 34.9645309448242 34.9313468933105
34.9181747436523 34.9284820556641 34.9236145019531 34.9382667541504 34.9533805847168 34.9313468933105 34.9636001586914 34.9382934570312 34.9544525146484 34.9590835571289 34.9537734985352 34.9538612365723 34.9465827941895 34.9490280151367 34.9548225402832 34.9858627319336 34.9778060913086 34.9795379638672 34.9908981323242 34.9788627624512 34.976806640625 34.9767265319824 34.9751205444336 34.9810409545898 35.0359992980957 35.0004692077637 35.0185012817383 35.0990371704102 35.0786972045898 35.0599784851074 35.0474128723145 35.0440864562988 35.0435333251953 35.0457878112793 35.0806045532227 35.1111450195312 35.1001319885254 35.1168327331543 35.115348815918 35.1041069030762 35.0965843200684 35.1010627746582 35.1025276184082 35.0971260070801 35.0834045410156 35.0316772460938 34.963752746582
34.9703559875488 34.9577178955078 34.956111907959 35.0146179199219 35.0061073303223 34.9686508178711 34.9735832214355 35.0159034729004 34.9538917541504 34.9771194458008 34.9525871276855 34.9732818603516 34.947437286377 34.9814910888672 34.9938316345215 34.9975509643555 34.9856300354004 34.9842720031738 34.9817047119141 34.9813423156738 34.9806022644043 34.9783744812012 35.0546493530273 35.0622100830078 35.036750793457 35.0117034912109 34.9867553710938 35.0609359741211 35.0757102966309 35.0541687011719 35.0470390319824 35.044750213623 35.0432472229004 35.0966758728027 35.1204147338867 35.1296691894531 35.123779296875 35.1211433410645 35.116397857666 35.1171684265137 35.1180725097656 35.1163368225098 35.111083984375 35.1072044372559 35.1005592346191 35.0818290710449 35.0139350891113
35.0105781555176 35.000545501709 35.0312385559082 35.0792579650879 35.034065246582 35.0107345581055 35.0146369934082 35.0026397705078 34.9884376525879 35.0054588317871 35.0107307434082 34.9986610412598 34.996524810791 34.9890403747559 35.0334968566895 35.0416374206543 35.0694999694824 35.0610084533691 35.033763885498 35.0263671875 34.9800720214844 35.057559967041 35.0293464660645 35.0054244995117 34.9977493286133 34.9873695373535 34.9786224365234 35.0784492492676 35.0644416809082 35.0523147583008 35.0421524047852 35.044849395752 35.0378799438477 35.0396614074707 35.0707054138184 35.1321792602539 35.1299858093262 35.1274871826172 35.1206130981445 35.1228637695312 35.1206092834473 35.1162910461426 35.1126594543457 35.1098175048828 35.1054725646973 35.0976486206055 35.0505638122559
34.9951782226562 35.0130958557129 35.0546607971191 35.0212020874023 35.0157241821289 35.0583000183105 35.0379447937012 34.9951400756836 34.9953651428223 34.9891662597656 34.9941902160645 35.0105857849121 35.0328903198242 35.0517044067383 35.0758590698242 35.0550422668457 35.0355377197266 35.0241851806641 35.0311317443848 35.0524787902832 35.0610466003418 35.0537414550781 35.0146598815918 34.9893608093262 35.008731842041 35.049919128418 35.099437713623 35.0635261535645 35.0477142333984 35.044376373291 35.0413627624512 35.0450439453125 35.0353050231934 35.0407981872559 35.0660591125488 35.0751876831055 35.1289367675781 35.1308670043945 35.1294937133789 35.126651763916 35.120059967041 35.1146850585938 35.1109008789062 35.1088905334473 35.1061134338379 35.1011734008789 35.0811729431152
35.0131797790527 34.9892501831055 34.9864501953125 34.9923095703125 35.0007591247559 35.0107421875 35.0145797729492 35.0131683349609 35.0110359191895 35.0045127868652 35.0509948730469 35.0338973999023 35.0239944458008 35.0297317504883 35.0221824645996 35.013111114502 35.0072174072266 35.0013236999512 34.998592376709 34.9963493347168 35.0067672729492 35.015251159668 35.000301361084 34.9853897094727 35.0821266174316 35.0598068237305 35.0534858703613 35.0442428588867 35.0375709533691 35.0338973999023 35.0357704162598 35.0408248901367 35.0324401855469 35.0417785644531 35.0478706359863 35.0479621887207 35.1193771362305 35.1328735351562 35.1321868896484 35.1300659179688 35.1247978210449 35.1210136413574 35.1176071166992 35.1139602661133 35.1092491149902 35.1035079956055 35.0982551574707
34.9871253967285 34.9835052490234 35.0963745117188 35.0792274475098 34.9773750305176 35.0463562011719 34.9873580932617 34.9861946105957 34.9821090698242 35.0412635803223 35.0194282531738 35.0364723205566 35.0724563598633 35.032543182373 35.0086517333984 35.0234565734863 35.0876350402832 35.0898284912109 35.0745964050293 35.0586700439453 34.9895935058594 34.993236541748 34.981876373291 34.9781608581543 35.0725021362305 35.054744720459 35.0453414916992 35.0422630310059 35.0372657775879 35.0323333740234 35.035472869873 35.0396881103516 35.0400085449219 35.045783996582 35.0519676208496 35.0509834289551 35.1103401184082 35.1324234008789 35.132869720459 35.1325798034668 35.1312980651855 35.1295700073242 35.1270446777344 35.122428894043 35.1158905029297 35.1101531982422 35.104061126709
35.1017227172852 34.9756889343262 35.0564498901367 35.0531311035156 34.9753189086914 34.9753952026367 34.9764366149902 34.9748992919922 34.9820175170898 35.0294036865234 35.0498123168945 35.0943183898926 35.0867691040039 35.0766830444336 35.0892333984375 35.086540222168 35.0786476135254 35.0592308044434 35.0612373352051 35.088737487793 35.0443878173828 34.9810409545898 34.9747543334961 34.9706993103027 35.0429992675781 35.0605735778809 35.0407333374023 35.0386123657227 35.0346794128418 35.0351104736328 35.0377883911133 35.0402717590332 35.0515403747559 35.051700592041 35.055046081543 35.0534973144531 35.1194915771484 35.1325874328613 35.1335182189941 35.1333274841309 35.1320762634277 35.1310119628906 35.1300354003906 35.1282157897949 35.1250305175781 35.118293762207 35.1103515625
34.9918785095215 34.9759063720703 34.9790115356445 35.0919532775879 34.9747505187988 35.0597305297852 35.0792427062988 35.0643768310547 35.0215148925781 35.0951881408691 35.090705871582 35.0735282897949 35.0636978149414 35.0591239929199 35.0616416931152 35.0594749450684 35.0527877807617 35.0507888793945 35.0581092834473 35.0508689880371 35.0585784912109 35.0641937255859 34.9692230224609 34.9679107666016 35.0059394836426 35.0736770629883 35.0607872009277 35.0443420410156 35.0447311401367 35.0436172485352 35.0446395874023 35.0484085083008 35.0433769226074 35.0492210388184 35.052864074707 35.0526351928711 35.1199150085449 35.133243560791 35.1334609985352 35.1333312988281 35.1319122314453 35.1300277709961 35.1296691894531 35.1300315856934 35.1305313110352 35.1286277770996 35.1215515136719
35.1006660461426 35.1086502075195 35.0835723876953 35.0559539794922 35.0605850219727 35.0680389404297 35.0534057617188 35.0553436279297 35.0760803222656 35.0750350952148 35.0633010864258 35.0538063049316 35.0510330200195 35.0479393005371 35.0466041564941 35.0471725463867 35.0471038818359 35.0474014282227 35.0468788146973 35.044132232666 35.0479469299316 35.0800361633301 35.0756034851074 35.076488494873 35.0887145996094 35.0705604553223 35.062198638916 35.0564384460449 35.046459197998 35.0476989746094 35.0437965393066 35.0433502197266 35.044132232666 35.0461044311523 35.048511505127 35.0843467712402 35.1332855224609 35.1334533691406 35.1333084106445 35.1328201293945 35.1305847167969 35.1287727355957 35.1278762817383 35.1290550231934 35.1312828063965 35.1303215026855 35.1260948181152
35.1021003723145 35.0931015014648 35.0626068115234 35.0573120117188 35.0638847351074 35.0608177185059 35.0625267028809 35.0691375732422 35.0699844360352 35.071849822998 35.1134948730469 35.1339721679688 35.1085090637207 35.1221046447754 35.1171798706055 35.0798797607422 35.0579528808594 35.0443000793457 35.0420074462891 35.0405807495117 35.0440559387207 35.0501365661621 35.0698127746582 35.0550842285156 35.0573272705078 35.0630149841309 35.0527534484863 35.048095703125 35.035083770752 35.0382690429688 35.0373916625977 35.0397148132324 35.0557289123535 35.0801811218262 35.116626739502 35.1333351135254 35.1334190368652 35.1333503723145 35.1327896118164 35.1324195861816 35.1311531066895 35.131046295166 35.1298370361328 35.1293907165527 35.1308555603027 35.1301612854004 35.126880645752
35.0549774169922 35.0549507141113 35.0514755249023 35.0533294677734 35.0449714660645 35.0210609436035 35.1153869628906 35.1311340332031 35.130500793457 35.1315879821777 35.1305389404297 35.1297073364258 35.1318473815918 35.1324615478516 35.1324234008789 35.1302680969238 35.1281661987305 35.1280059814453 35.0910682678223 35.0379447937012 35.0408706665039 35.0432434082031 35.0470199584961 35.0443305969238 35.0458717346191 35.0451011657715 35.0370330810547 35.0369300842285 35.0356636047363 35.0356521606445 35.0519256591797 35.0897941589355 35.1048240661621 35.1225318908691 35.1307983398438 35.1325607299805 35.1333427429199 35.133430480957 35.1331558227539 35.1329536437988 35.132396697998 35.1318893432617 35.1314315795898 35.1301612854004 35.1290245056152 35.1283302307129 35.1269836425781
35.0337600708008 35.032154083252 35.0193023681641 35.0412864685059 35.0546875 35.1058464050293 35.1260681152344 35.1273880004883 35.1255226135254 35.1210289001465 35.1167144775391 35.1160888671875 35.1187858581543 35.122371673584 35.1240425109863 35.1245956420898 35.1236190795898 35.1253356933594 35.1265335083008 35.115909576416 35.068286895752 35.0406150817871 35.0413932800293 35.0390968322754 35.0381355285645 35.039478302002 35.0397644042969 35.0385360717773 35.0428199768066 35.0775489807129 35.1123275756836 35.1109924316406 35.1250915527344 35.1293258666992 35.130859375 35.1316871643066 35.132266998291 35.1326713562012 35.1326026916504 35.1328315734863 35.1327629089355 35.1316833496094 35.1292152404785 35.1277275085449 35.1265182495117 35.1273193359375 35.1265029907227
35.0211067199707 35.0190238952637 35.0470199584961 35.1204490661621 35.1295471191406 35.1210479736328 35.113941192627 35.1118621826172 35.1101417541504 35.1081428527832 35.1068649291992 35.1077194213867 35.109058380127 35.1096076965332 35.1094169616699 35.1102180480957 35.1130981445312 35.1176948547363 35.1215744018555 35.1222190856934 35.1220664978027 35.0936698913574 35.0657615661621 35.0902938842773 35.0790023803711 35.0658912658691 35.07421875 35.0748596191406 35.0895957946777 35.1025466918945 35.1205215454102 35.1262702941895 35.1278266906738 35.128231048584 35.1291427612305 35.1305313110352 35.1311264038086 35.1316299438477 35.1322250366211 35.1328125 35.1330299377441 35.1325035095215 35.1297988891602 35.1279144287109 35.127571105957 35.1273193359375 35.1259651184082
35.0439262390137 35.0550575256348 35.1238784790039 35.1298599243164 35.1196670532227 35.1095161437988 35.1056594848633 35.1032562255859 35.099048614502 35.09716796875 35.0981178283691 35.1007614135742 35.1010322570801 35.0984725952148 35.100528717041 35.1033592224121 35.1057586669922 35.1071968078613 35.1101493835449 35.1131553649902 35.1161651611328 35.1189041137695 35.1199722290039 35.1256637573242 35.1104049682617 35.1069755554199 35.104793548584 35.1058502197266 35.1103439331055 35.1204605102539 35.1248321533203 35.1245613098145 35.1250991821289 35.125545501709 35.127010345459 35.1296882629395 35.130744934082 35.1314468383789 35.1324462890625 35.1330757141113 35.1331443786621 35.1330909729004 35.1315155029297 35.1303520202637 35.129467010498 35.1278305053711 35.1256103515625
35.1181564331055 35.1336441040039 35.1333427429199 35.1255035400391 35.1162071228027 35.1051940917969 35.1025695800781 35.1028938293457 35.0967712402344 35.092357635498 35.0925369262695 35.0951309204102 35.098461151123 35.0991668701172 35.0992393493652 35.0998611450195 35.1005630493164 35.1010818481445 35.1033210754395 35.105052947998 35.1068077087402 35.1099815368652 35.1142997741699 35.1167945861816 35.1167106628418 35.1168212890625 35.1186752319336 35.1216926574707 35.1235771179199 35.1251258850098 35.1237716674805 35.1220397949219 35.1218872070312 35.1220817565918 35.1233978271484 35.1268653869629 35.12939453125 35.1308860778809 35.1321754455566 35.1333351135254 35.1333808898926 35.1333389282227 35.1321334838867 35.1294746398926 35.1283416748047 35.1264915466309 35.1238174438477
35.1335678100586 35.1329536437988 35.1294441223145 35.1215858459473 35.1123809814453 35.1025810241699 35.1021995544434 35.1036911010742 35.0974769592285 35.0923728942871 35.0930480957031 35.0970687866211 35.1011047363281 35.1047019958496 35.1060104370117 35.1046371459961 35.1038513183594 35.1052169799805 35.1070213317871 35.1065788269043 35.1066093444824 35.1069831848145 35.1052436828613 35.1048431396484 35.1040382385254 35.1059150695801 35.1123046875 35.1181373596191 35.121223449707 35.1215629577637 35.119701385498 35.1185417175293 35.1181793212891 35.1159362792969 35.1161117553711 35.119743347168 35.1254730224609 35.1282768249512 35.1308212280273 35.1321868896484 35.132251739502 35.132755279541 35.1300010681152 35.1282196044922 35.1270065307617 35.1240539550781 35.1189346313477
35.1300010681152 35.1269073486328 35.1239318847656 35.1166725158691 35.1078681945801 35.1041412353516 35.104866027832 35.1037673950195 35.0979881286621 35.0929298400879 35.0929183959961 35.0963935852051 35.1004905700684 35.1055564880371 35.1114807128906 35.113826751709 35.1117973327637 35.111946105957 35.1122398376465 35.1110801696777 35.111946105957 35.1095390319824 35.1036071777344 35.0985832214355 35.0954971313477 35.0978889465332 35.102294921875 35.1071395874023 35.1104469299316 35.1119995117188 35.1109886169434 35.1109199523926 35.1110382080078 35.110481262207 35.1120986938477 35.1167831420898 35.1236801147461 35.1274948120117 35.1295013427734 35.1297645568848 35.1298675537109 35.1295623779297 35.1278343200684 35.1261405944824 35.1216735839844 35.1160621643066 35.1109848022461
