Ecospace-environmental-drivers/Outputs/ASCII-for-ecospace/MOM6-ISIMIP3a/tob/1980-08_tob_MOM6-ISIMIP3a.asc
NCOLS 131 
NROWS 53 
XLLCORNER -98 
YLLCORNER 23.9265270233154 
CELLSIZE 0.133587792515755 
NODATA_value -9999 
[rows 21 to 41 of 53, columns 0 to 46 of 131]
-9999 -9999 -9999 -9999 -9999 -9999 26.9296722412109 26.9596271514893 27.0311164855957 27.1617374420166 27.3350868225098 27.7877426147461 27.6432437896729 27.2128257751465 26.8459911346436 26.5525245666504 26.3944797515869 26.3294315338135 26.1196537017822 25.8539905548096 25.5185680389404 25.1708335876465 25.1140956878662 25.0659961700439 25.0367908477783 24.9661884307861 24.7613582611084 24.4679279327393 24.0198802947998 23.6128845214844 23.2481288909912 23.0381660461426 22.9225006103516 22.8813667297363 22.8650779724121 22.88547706604 22.9107837677002 22.9134368896484 22.9073257446289 22.8454036712646 22.8078289031982 22.8380279541016 22.8528461456299 22.8438911437988 22.8254547119141 22.7983207702637 22.7179985046387
-9999 -9999 -9999 -9999 -9999 -9999 26.9222888946533 26.9296722412109 26.9895820617676 27.0434761047363 27.1617374420166 27.0557804107666 26.8768978118896 26.5537185668945 26.2785606384277 26.0588130950928 25.905065536499 25.7966442108154 25.0807933807373 24.1303901672363 22.9727764129639 21.7785949707031 21.5550994873047 21.3669509887695 21.2962303161621 21.2620639801025 21.3464260101318 21.4266948699951 21.4998188018799 21.5940418243408 21.7099704742432 21.8609504699707 22.0332794189453 22.1483249664307 22.2442741394043 22.2437152862549 22.2217559814453 21.0794467926025 20.0046501159668 19.3597831726074 18.9311294555664 19.104362487793 19.2272415161133 19.2723026275635 19.3360157012939 19.4168472290039 19.0877017974854
-9999 -9999 -9999 -9999 26.9957218170166 26.9337272644043 26.9202575683594 26.916934967041 26.9296722412109 27.0494918823242 27.0329990386963 26.4947624206543 26.0687732696533 25.8648853302002 25.6448249816895 25.4061031341553 25.1640033721924 24.919584274292 23.6724834442139 22.0382118225098 20.0877342224121 18.0814552307129 17.708309173584 17.3953151702881 17.2856006622314 17.2890567779541 17.6594657897949 18.1089897155762 18.6965770721436 19.2879772186279 19.8833026885986 20.4114227294922 20.8986034393311 21.1928901672363 21.4228782653809 21.4047927856445 21.3363208770752 19.0307884216309 16.8738403320312 15.6631278991699 14.8497905731201 15.1426496505737 15.355242729187 15.4437856674194 15.582085609436 15.7660503387451 15.1958065032959
-9999 -9999 -9999 -9999 27.1441707611084 26.9847297668457 26.9471969604492 26.9202575683594 26.9008731842041 26.6541690826416 26.358154296875 25.8734035491943 25.3442764282227 24.7273368835449 23.5921039581299 21.8588447570801 20.0944633483887 18.3087120056152 16.8124656677246 15.4280109405518 14.1113729476929 12.8067026138306 12.7705335617065 12.7669048309326 12.8029766082764 12.8794384002686 13.0868663787842 13.316632270813 13.5853796005249 13.939923286438 14.3827495574951 15.0668668746948 15.8979778289795 16.5283279418945 17.091760635376 17.1487693786621 17.1200370788574 14.9030113220215 12.8921928405762 12.1945695877075 11.6742515563965 11.6475124359131 11.6183862686157 11.5855703353882 11.6171274185181 11.707763671875 11.2701873779297
-9999 -9999 -9999 -9999 -9999 27.1441707611084 26.9272956848145 26.9741382598877 26.7673377990723 26.2343082427979 25.7050952911377 25.1904945373535 24.4342956542969 23.200044631958 21.1728801727295 18.2308158874512 15.3079833984375 12.3983592987061 10.7882146835327 9.67984580993652 8.94019317626953 8.2656078338623 8.48506832122803 8.71416282653809 8.86040496826172 8.9827127456665 9.02742004394531 9.06409549713135 9.08675479888916 9.26523876190186 9.60406112670898 10.378945350647 11.4194736480713 12.2461986541748 13.001654624939 13.0960903167725 13.0849733352661 11.101450920105 9.35178661346436 9.09140300750732 8.8284740447998 8.55845546722412 8.34927082061768 8.23409843444824 8.17378902435303 8.16383266448975 7.84344577789307
-9999 -9999 -9999 -9999 -9999 27.0320796966553 27.1441707611084 26.670618057251 26.174560546875 25.7068557739258 25.1475620269775 24.2376976013184 22.7110214233398 19.963846206665 17.1466407775879 14.2486324310303 11.7626371383667 9.55959129333496 8.42855739593506 7.71146774291992 7.29951047897339 6.94140005111694 7.0597939491272 7.18556022644043 7.28580951690674 7.33487987518311 7.21800518035889 7.17852067947388 7.27408742904663 7.54308843612671 7.99054908752441 8.5701789855957 9.23032569885254 9.64091777801514 9.9683256149292 9.93502521514893 9.84450435638428 8.73025417327881 7.74609327316284 7.59037971496582 7.42860412597656 7.24995183944702 7.13106775283813 7.10455179214478 7.01760816574097 6.87520408630371 6.6041374206543
-9999 -9999 26.8064460754395 26.8283195495605 26.8455963134766 26.9198551177979 27.0322132110596 26.3768348693848 25.6990737915039 25.2326831817627 24.5609283447266 23.1031265258789 20.8320579528809 16.9517593383789 13.64426612854 10.9976997375488 8.97829627990723 7.38959312438965 6.63914155960083 6.21236991882324 6.03532743453979 5.90235471725464 5.94453859329224 5.99362754821777 6.06829404830933 6.07800245285034 5.87708902359009 5.79657411575317 5.92616510391235 6.23285722732544 6.72178411483765 7.12064647674561 7.4646430015564 7.57456970214844 7.60647296905518 7.48122072219849 7.33202075958252 6.87334060668945 6.46333074569702 6.36326885223389 6.25544166564941 6.12599945068359 6.05303478240967 6.06735229492188 5.97219228744507 5.7765531539917 5.57054710388184
-9999.000000000000000 -9999 -9999 -9999 26.71950340271 26.7713394165039 26.7028923034668 26.1042900085449 25.4794960021973 24.8747539520264 23.9108009338379 21.571949005127 18.6134014129639 14.428653717041 11.2848873138428 9.34225082397461 7.85435628890991 6.67875337600708 6.09390735626221 5.73717451095581 5.59261274337769 5.48549270629883 5.50570011138916 5.53626155853271 5.62987422943115 5.67413330078125 5.55836963653564 5.51347303390503 5.5922474861145 5.82137250900269 6.20520496368408 6.45490884780884 6.62290191650391 6.6840934753418 6.7096848487854 6.57055616378784 6.40789365768433 6.13851594924927 5.88515472412109 5.73379373550415 5.57692289352417 5.40471220016479 5.28083086013794 5.23164033889771 5.16844844818115 5.09240674972534 4.98580312728882
-9999 -9999 -9999 -9999 26.5597820281982 26.4673175811768 26.4832916259766 25.9397468566895 25.3549003601074 24.6310577392578 23.3631076812744 20.012544631958 16.4273509979248 12.377890586853 9.52486038208008 8.05232334136963 6.95142602920532 6.10575103759766 5.63881492614746 5.31812381744385 5.20127725601196 5.12040281295776 5.13440990447998 5.15934467315674 5.25802659988403 5.32510948181152 5.28973627090454 5.28045511245728 5.31670761108398 5.46651840209961 5.73317861557007 5.86004829406738 5.90175914764404 5.92699670791626 5.94674253463745 5.81779813766479 5.66830205917358 5.51873397827148 5.36853933334351 5.21435451507568 5.05607652664185 4.88640403747559 4.75702571868896 4.68992042541504 4.65374231338501 4.64594888687134 4.5985803604126
-9999 -9999 -9999 -9999 26.4540042877197 26.4406909942627 26.4242534637451 25.911075592041 25.3498001098633 24.531078338623 22.9442844390869 18.4176330566406 14.2823247909546 10.9213743209839 8.51886653900146 7.22225093841553 6.32654428482056 5.7061595916748 5.29712820053101 4.96970844268799 4.87458086013794 4.82044553756714 4.84810161590576 4.88363981246948 4.96993255615234 5.04508543014526 5.08411598205566 5.11044597625732 5.11461114883423 5.18291044235229 5.31720209121704 5.35435819625854 5.33234024047852 5.33770227432251 5.35219097137451 5.26369953155518 5.16087198257446 5.04368591308594 4.92937183380127 4.83334922790527 4.73359632492065 4.62346029281616 4.54572582244873 4.51806640625 4.5026683807373 4.49852275848389 4.45985460281372
-9999 -9999 -9999 -9999 26.4406909942627 26.4207935333252 26.3974342346191 25.9559345245361 25.4586868286133 24.5801792144775 22.9018878936768 18.1623668670654 13.8298845291138 10.3028211593628 7.8461799621582 6.62463760375977 5.83946704864502 5.3539719581604 5.02043151855469 4.74556589126587 4.66911935806274 4.62768745422363 4.65938663482666 4.69657230377197 4.76613140106201 4.83525705337524 4.90297651290894 4.94581651687622 4.94524002075195 4.96333694458008 5.00064897537231 4.99109935760498 4.95300149917603 4.94198608398438 4.93999767303467 4.88690042495728 4.82650566101074 4.73362636566162 4.64547634124756 4.58744525909424 4.52751302719116 4.46229076385498 4.41974067687988 4.41223001480103 4.40574073791504 4.4001898765564 4.36383819580078
-9999 -9999 -9999 -9999 26.4196395874023 26.3974342346191 26.0989761352539 26.0559425354004 25.6530666351318 24.7410907745361 23.1418170928955 18.9118461608887 14.646900177002 10.3127489089966 7.42347764968872 6.20137166976929 5.45574474334717 5.03733777999878 4.79247713088989 4.61462926864624 4.55458498001099 4.51532983779907 4.54386806488037 4.57598447799683 4.62555027008057 4.67807531356812 4.74019718170166 4.78522253036499 4.80041265487671 4.79179000854492 4.75866508483887 4.73466539382935 4.71622514724731 4.69145536422729 4.66457605361938 4.64307832717896 4.62194013595581 4.54730987548828 4.47803592681885 4.44286823272705 4.40872955322266 4.3774528503418 4.35774230957031 4.35590648651123 4.34942388534546 4.33867692947388 4.29985475540161
-9999 -9999 -9999 -9999 26.3974342346191 26.1698513031006 26.0517520904541 25.9865913391113 25.8977642059326 25.1342658996582 23.7914752960205 20.2313995361328 16.0536155700684 10.6535539627075 7.22481155395508 6.07066106796265 5.35866832733154 4.95032548904419 4.71408700942993 4.54430389404297 4.48370790481567 4.44237995147705 4.44517278671265 4.44920015335083 4.45546340942383 4.47045707702637 4.51375913619995 4.55328607559204 4.58622550964355 4.59200525283813 4.56983852386475 4.54945135116577 4.53014755249023 4.49814796447754 4.46191644668579 4.4538426399231 4.44935131072998 4.40185117721558 4.35819482803345 4.33901929855347 4.32083940505981 4.30543279647827 4.29751920700073 4.30118656158447 4.29500770568848 4.27979183197021 4.24780464172363
-9999 -9999 -9999 -9999 -9999 26.14186668396 26.1312427520752 26.1127223968506 26.164026260376 25.6269817352295 24.6167335510254 21.7952747344971 17.7130603790283 11.1361665725708 7.12216281890869 6.06533288955688 5.38444185256958 4.96172380447388 4.69979619979858 4.49995517730713 4.43154144287109 4.38632011413574 4.35368824005127 4.3197603225708 4.2727313041687 4.24122285842896 4.26003837585449 4.29077434539795 4.34231185913086 4.38011789321899 4.40379476547241 4.39476013183594 4.36579847335815 4.32936477661133 4.29044103622437 4.288001537323 4.29046726226807 4.27390241622925 4.25875425338745 4.25262498855591 4.24619007110596 4.2389063835144 4.2380576133728 4.247154712677 4.24140644073486 4.22203302383423 4.20086908340454
-9999 -9999 -9999 -9999 -9999 26.2285213470459 26.2426052093506 26.2944145202637 26.255802154541 25.7991123199463 24.897668838501 22.2939014434814 18.2417583465576 11.3236827850342 7.15523195266724 6.15941572189331 5.49636077880859 5.06182718276978 4.74324703216553 4.46944093704224 4.37364196777344 4.30925607681274 4.2627420425415 4.21749496459961 4.17954349517822 4.15293741226196 4.16311931610107 4.18177080154419 4.21520280838013 4.24343252182007 4.26630926132202 4.26381731033325 4.2458701133728 4.22046661376953 4.19257783889771 4.19255256652832 4.19632148742676 4.19217109680176 4.18846082687378 4.18755006790161 4.18641757965088 4.18466567993164 4.18593215942383 4.19186449050903 4.18698644638062 4.17218780517578 4.15864753723145
-9999 -9999 -9999 -9999 -9999 26.2808437347412 26.3117160797119 26.3206768035889 26.3114757537842 25.904914855957 25.0659847259521 22.5721282958984 18.5365009307861 11.4501438140869 7.21638154983521 6.27406692504883 5.62610292434692 5.18028354644775 4.79864501953125 4.44178867340088 4.31455659866333 4.22784614562988 4.17190742492676 4.12085247039795 4.10488224029541 4.09381437301636 4.09864234924316 4.10452842712402 4.11226081848145 4.12230634689331 4.13473320007324 4.13778734207153 4.13513231277466 4.12395858764648 4.10994529724121 4.1116681098938 4.11556959152222 4.12000226974487 4.1241979598999 4.12688684463501 4.12972259521484 4.1329665184021 4.13532495498657 4.13631391525269 4.13239765167236 4.12397956848145 4.11740159988403
-9999 -9999 -9999 -9999 -9999 -9999 26.2882099151611 26.3200588226318 26.2870635986328 25.8707447052002 24.9876556396484 22.3179683685303 18.2440910339355 11.3917217254639 7.31048822402954 6.42671060562134 5.77554941177368 5.28413581848145 4.83155918121338 4.39397859573364 4.25155782699585 4.16122341156006 4.12581253051758 4.09442281723022 4.08652210235596 4.08102083206177 4.08330106735229 4.08595561981201 4.08926296234131 4.09386777877808 4.09980726242065 4.10153579711914 4.10069847106934 4.09569501876831 4.0893030166626 4.09040021896362 4.09254360198975 4.096266746521 4.09970426559448 4.10132217407227 4.1030969619751 4.10530948638916 4.10662031173706 4.10653781890869 4.10389757156372 4.09891033172607 4.09484672546387
-9999 -9999 -9999 -9999 -9999 -9999 26.2320652008057 26.2238960266113 26.248836517334 25.8143863677979 24.8697624206543 21.9724082946777 17.8411159515381 11.268214225769 7.36729431152344 6.54942321777344 5.90333080291748 5.3752064704895 4.8588809967041 4.34711170196533 4.19198656082153 4.09979867935181 4.08494234085083 4.07307624816895 4.07201766967773 4.07122707366943 4.07130241394043 4.07139921188354 4.071533203125 4.07168245315552 4.07184839248657 4.0720682144165 4.07232093811035 4.07261085510254 4.07291269302368 4.07332515716553 4.07376766204834 4.07632160186768 4.07858991622925 4.07903671264648 4.07962560653687 4.08061075210571 4.08086252212524 4.07998180389404 4.07857322692871 4.07668018341064 4.07479906082153
-9999 -9999 -9999 -9999 -9999 -9999 26.1479301452637 26.1522388458252 26.1014862060547 25.5882129669189 24.4476661682129 20.906177520752 16.5391807556152 10.5387344360352 7.01046848297119 6.3347110748291 5.79060506820679 5.33690977096558 4.83728885650635 4.3199348449707 4.17084932327271 4.08675193786621 4.07843160629272 4.0724139213562 4.07175731658936 4.07129955291748 4.07148694992065 4.0716609954834 4.07181024551392 4.07193660736084 4.07204008102417 4.07208490371704 4.07209491729736 4.07217121124268 4.07226943969727 4.07250022888184 4.07275342941284 4.07367181777954 4.07452583312988 4.07496881484985 4.07543992996216 4.07599067687988 4.07608270645142 4.07546710968018 4.07466077804565 4.07367944717407 4.07256746292114
-9999 -9999 -9999 -9999 -9999 26.1646633148193 26.0790977478027 26.0676574707031 25.9220352172852 25.2661228179932 23.8754787445068 19.6725921630859 15.0986909866333 9.79065608978271 6.67644023895264 6.09354829788208 5.62010288238525 5.22181844711304 4.76204013824463 4.27851676940918 4.14633464813232 4.07615327835083 4.0732855796814 4.07200384140015 4.07165145874023 4.07145214080811 4.07174873352051 4.07199430465698 4.07215118408203 4.07225608825684 4.07230758666992 4.07221508026123 4.07203483581543 4.07192945480347 4.07184886932373 4.07188940048218 4.07194423675537 4.07163667678833 4.07142210006714 4.07180023193359 4.07212734222412 4.07230949401855 4.07226753234863 4.07187843322754 4.07155179977417 4.07128190994263 4.07083129882812
-9999 -9999 -9999 -9999 26.982048034668 26.4169425964355 26.1646633148193 25.9318351745605 25.6248779296875 24.5923290252686 22.7529468536377 17.8253593444824 13.1501626968384 8.9743824005127 6.42600631713867 5.75539922714233 5.2377495765686 4.8251428604126 4.49004650115967 4.18488025665283 4.10943555831909 4.07452964782715 4.07314252853394 4.07251644134521 4.07211351394653 4.07189846038818 4.07229232788086 4.07259225845337 4.07272672653198 4.07281446456909 4.07285451889038 4.0727596282959 4.07258367538452 4.07241296768188 4.07224416732788 4.07206439971924 4.07188415527344 4.07185363769531 4.07183933258057 4.07193183898926 4.07201480865479 4.07207250595093 4.07198858261108 4.07168531417847 4.07138681411743 4.07109355926514 4.07091283798218
