Ecospace-environmental-drivers/Outputs/ASCII-for-ecospace/MOM6-ISIMIP3a/tob/1980-10_tob_MOM6-ISIMIP3a.asc
NCOLS 131 
NROWS 53 
XLLCORNER -98 
YLLCORNER 23.9265270233154 
CELLSIZE 0.133587792515755 
NODATA_value -9999 
[rows 0 to 20 of 53, columns 47 to 93 of 131]
-9999 -9999 -9999 -9999 -9999 -9999 -9999 -9999 -9999 -9999 -9999 -9999 -9999 -9999 -9999 -9999 -9999 -9999 -9999 -9999 -9999 -9999 -9999 -9999 -9999 -9999 -9999 -9999 -9999 -9999 -9999 -9999 -9999 -9999 -9999 -9999 -9999 -9999 -9999 -9999 -9999 -9999 -9999 -9999 -9999 -9999 -9999
-9999 -9999 -9999 -9999 -9999 -9999 -9999 -9999 -9999 -9999 -9999 -9999 -9999 -9999 -9999 -9999 -9999 -9999 -9999 -9999 -9999 -9999 -9999 -9999 -9999 -9999 -9999 -9999 -9999 -9999 -9999 -9999 -9999 -9999 -9999 -9999 -9999 -9999 -9999 -9999 -9999 -9999 -9999 -9999 -9999 -9999 -9999
-9999 -9999 -9999 -9999 -9999 -9999 -9999 -9999 -9999 -9999 -9999 -9999 -9999 -9999 -9999 -9999 -9999 -9999 -9999 -9999 -9999 -9999 -9999 -9999 -9999 -9999 -9999 25.3000679016113 25.3458480834961 -9999 -9999 -9999 -9999 -9999 -9999 -9999 -9999 -9999 -9999 -9999 -9999 -9999 -9999 -9999 -9999 -9999 -9999
-9999 -9999 -9999 -9999 -9999 -9999 -9999 -9999 -9999 -9999 -9999 -9999 -9999 -9999 -9999 -9999 -9999 -9999 -9999 -9999 -9999 -9999 -9999 -9999 -9999 -9999 -9999 25.2998638153076 25.3405857086182 -9999 -9999 -9999 -9999 -9999 -9999 -9999 -9999 -9999 -9999 -9999 -9999 -9999 -9999 -9999 -9999 -9999 -9999
-9999 -9999 -9999 -9999 -9999 -9999 -9999 -9999 -9999 -9999 -9999 -9999 -9999 -9999 -9999 -9999 -9999 -9999 24.2172737121582 24.265510559082 24.3041000366211 24.5292053222656 24.7138252258301 24.9976062774658 25.1524810791016 25.2153205871582 25.2648448944092 25.2991008758545 25.3356494903564 25.3870067596436 -9999 -9999 25.5667552947998 25.4191570281982 24.8400096893311 24.0729732513428 23.6054515838623 23.7267684936523 24.318115234375 24.868782043457 25.3115348815918 25.5899429321289 -9999 -9999 -9999 -9999 -9999
-9999 -9999 -9999 -9999 -9999 -9999 -9999 -9999 -9999 -9999 -9999 -9999 -9999 -9999 24.3789672851562 -9999 24.2074451446533 24.0648612976074 24.1517314910889 24.2172737121582 24.2751579284668 24.3041000366211 24.7543087005615 25.0830669403076 25.1554412841797 25.218936920166 25.2715854644775 25.3040103912354 25.321704864502 25.3812313079834 25.4580841064453 25.5665626525879 25.6812610626221 25.4524440765381 25.1237640380859 23.9438190460205 23.1513366699219 23.7211990356445 24.3077716827393 24.9253768920898 25.3731956481934 25.6360301971436 25.7606010437012 25.7957096099854 -9999 -9999 -9999
-9999 -9999 -9999 -9999 -9999 -9999 -9999 -9999 -9999 -9999 27.1212043762207 27.1048011779785 27.0965042114258 27.083080291748 25.7383270263672 24.3987617492676 24.3591747283936 24.198299407959 24.0648612976074 24.173059463501 24.2172737121582 24.3041000366211 24.7543087005615 25.0830669403076 25.1554412841797 25.218936920166 25.2715854644775 25.3040103912354 25.321704864502 25.3812313079834 25.4580841064453 25.5665626525879 25.6812610626221 25.4524440765381 25.1237640380859 23.9438190460205 23.1513366699219 23.7211990356445 24.3077716827393 24.9253768920898 25.3731956481934 25.6360301971436 25.7606010437012 25.7957096099854 25.8049869537354 26.2096309661865 -9999
-9999 -9999 -9999 -9999 -9999 -9999 -9999 -9999 -9999 -9999 27.2091541290283 27.1212043762207 27.0883979797363 -9999 27.0809345245361 25.772855758667 24.4383487701416 24.3591747283936 24.170862197876 24.0648612976074 24.2370433807373 24.4875469207764 25.0658359527588 25.445384979248 25.4053783416748 25.4235343933105 25.5127792358398 25.5904903411865 25.6597995758057 25.7276439666748 25.7948837280273 25.3843479156494 24.8798904418945 24.0230522155762 23.1442279815674 22.1781272888184 21.5449447631836 22.0823211669922 22.7343139648438 23.5991649627686 24.4335765838623 25.2348232269287 25.7188739776611 25.9976844787598 26.2741451263428 26.5497608184814 26.3570327758789
-9999 -9999 -9999 -9999 -9999 -9999 -9999 -9999 -9999 -9999 -9999 -9999 -9999 -9999 27.0629348754883 27.1242771148682 25.8795433044434 24.5175228118896 24.3591747283936 24.088550567627 24.3477745056152 24.6947631835938 25.409049987793 25.8395099639893 25.6707916259766 25.6360988616943 25.7652130126953 25.8910007476807 26.0143661499023 26.0835075378418 26.1301937103271 25.1464195251465 23.9600849151611 22.4101676940918 20.9252090454102 20.2063274383545 19.7596855163574 20.2702445983887 20.9977188110352 22.1280288696289 23.3823642730713 24.7718334197998 25.6547985076904 26.2100296020508 26.448579788208 26.5733699798584 26.312952041626
24.6240158081055 -9999 -9999 -9999 -9999 -9999 -9999 -9999 -9999 -9999 26.5734081268311 27.2993011474609 -9999 -9999 -9999 27.0776271820068 27.3052272796631 26.1381607055664 24.6758708953857 24.7117786407471 24.812931060791 25.0171394348145 25.6526527404785 25.946268081665 25.5181064605713 25.3465042114258 25.488468170166 25.586145401001 25.6515674591064 25.4517707824707 25.1421394348145 23.702543258667 22.0408229827881 19.9586353302002 18.042236328125 17.8974838256836 17.9617919921875 18.7611618041992 19.6590156555176 20.7397632598877 22.0868034362793 23.7239761352539 24.988468170166 26.0118179321289 26.4466133117676 26.6699886322021 26.3721485137939
24.6985969543457 24.7096061706543 -9999 -9999 -9999 -9999 -9999 -9999 -9999 -9999 26.2662448883057 26.9201107025146 27.2993011474609 -9999 -9999 26.8587474822998 27.2529296875 27.8040027618408 26.5988292694092 25.3573818206787 25.3440570831299 25.4120922088623 25.820629119873 25.8926467895508 25.2542495727539 24.9399642944336 25.0218105316162 25.0269222259521 24.9761428833008 24.4172744750977 23.6479873657227 21.7431659698486 19.6151237487793 17.2279720306396 15.0875396728516 15.450982093811 15.9796094894409 17.0890369415283 18.1854667663574 19.2577590942383 20.6906890869141 22.5165462493896 24.1427211761475 25.6396884918213 26.3135890960693 26.6918334960938 26.4241962432861
24.6985969543457 24.7316246032715 24.9844303131104 25.1861801147461 -9999 -9999 -9999 -9999 -9999 -9999 -9999 26.8432693481445 27.2973327636719 27.2993011474609 27.1212043762207 26.8587474822998 27.2529296875 27.8040027618408 26.9777965545654 26.122989654541 26.2290420532227 26.1963424682617 25.5829448699951 24.9787731170654 24.394079208374 23.9061508178711 23.536491394043 23.103307723999 22.6238555908203 21.2224426269531 19.4392147064209 17.0187358856201 14.4729900360107 13.0001029968262 11.7481317520142 12.2661046981812 13.008936882019 14.542384147644 15.9886360168457 17.2729549407959 18.7552337646484 20.4531993865967 22.3346004486084 24.3346920013428 25.4776020050049 26.3125991821289 26.4378910064697
24.759973526001 24.9223670959473 25.0944652557373 25.1892642974854 -9999 -9999 -9999 -9999 25.4228935241699 25.616491317749 26.1053981781006 26.9997272491455 27.4246845245361 27.4656162261963 27.3233966827393 27.0944232940674 27.38014793396 27.7888507843018 27.2197513580322 26.6154289245605 26.4761714935303 26.0861320495605 24.6465492248535 23.3758335113525 22.4616031646729 21.5367088317871 20.5987777709961 19.7049522399902 18.8432521820068 17.0136299133301 14.7831611633301 12.4222860336304 10.0357761383057 9.4762716293335 9.09281730651855 9.76819896697998 10.6909713745117 12.4835844039917 14.1346139907837 15.5227088928223 16.9790706634521 18.5098094940186 20.4479007720947 22.6495666503906 24.0835571289062 25.2417888641357 25.9523086547852
24.9748001098633 25.0383644104004 25.104320526123 25.1892642974854 25.2748126983643 25.3242874145508 25.3656845092773 25.3659839630127 25.4228935241699 25.616491317749 26.1053981781006 26.9997272491455 27.6092987060547 27.9858894348145 28.0310821533203 27.9192962646484 27.82541847229 27.7358169555664 27.119161605835 26.4249305725098 25.1286239624023 23.7397289276123 21.9633388519287 20.0501842498779 17.8483085632324 15.8281240463257 14.0300035476685 12.6196632385254 11.4917764663696 10.269811630249 9.00888442993164 8.14578914642334 7.36089706420898 7.71257162094116 8.14777374267578 8.98775482177734 10.0048055648804 11.6444396972656 13.1376333236694 14.3588724136353 15.6011419296265 16.8663234710693 18.3647480010986 20.0140914916992 21.2943382263184 22.4419994354248 24.2185077667236
25.5090980529785 25.4468173980713 25.3712348937988 25.3761367797852 25.390941619873 25.4506778717041 25.5066871643066 25.5437335968018 25.6757183074951 26.0369453430176 26.5122241973877 27.1440868377686 27.5675315856934 27.8204593658447 27.878324508667 27.8437938690186 27.6245346069336 27.3611392974854 26.2143745422363 24.9302635192871 22.530403137207 20.1970825195312 18.1422367095947 15.9177589416504 13.3351755142212 11.0387954711914 9.09221363067627 7.65757989883423 6.59584188461304 5.89193439483643 5.33621692657471 5.41101264953613 5.60975217819214 6.53591537475586 7.48890066146851 8.44075107574463 9.51135158538818 10.9994850158691 12.3599271774292 13.4832315444946 14.5677890777588 15.6101312637329 16.7966175079346 18.0763721466064 19.2328414916992 20.3450241088867 22.5399684906006
26.4950733184814 26.2687473297119 26.0015811920166 25.8272151947021 25.6712532043457 25.7557601928711 25.8470420837402 25.9727878570557 26.2859954833984 27.0518436431885 27.4942283630371 27.4925422668457 27.2057056427002 26.6855659484863 26.5090599060059 26.4953231811523 26.5101089477539 26.5317115783691 24.1725997924805 21.5917453765869 18.1639595031738 14.9631662368774 12.7123622894287 10.6446971893311 8.96365356445312 7.54912662506104 6.46033573150635 5.69731855392456 5.17159032821655 4.8590669631958 4.63483905792236 4.85594797134399 5.16459894180298 6.18923091888428 7.23462152481079 8.22378730773926 9.29035663604736 10.6290807723999 11.8922338485718 13.0150442123413 14.0216026306152 14.9015016555786 15.9566326141357 17.1251468658447 18.2002086639404 19.24169921875 20.9395542144775
27.316951751709 27.1307182312012 26.9109630584717 26.6445236206055 26.3868579864502 26.4951267242432 26.6139602661133 26.7865390777588 27.0978412628174 27.7441024780273 27.8101482391357 27.0796394348145 25.8570442199707 24.2318363189697 23.6086692810059 23.4601497650146 23.5316143035889 23.6556396484375 20.6930255889893 17.4997653961182 14.0358638763428 10.874852180481 8.98146915435791 7.36848163604736 6.34743404388428 5.5423002243042 5.00105714797974 4.64673709869385 4.4285683631897 4.3259859085083 4.27127122879028 4.56032705307007 4.91695976257324 5.94039392471313 6.97902917861938 7.92493438720703 8.91189670562744 10.0432157516479 11.1784324645996 12.3208866119385 13.3390092849731 14.2216691970825 15.2033319473267 16.2490539550781 17.3141841888428 18.3862838745117 19.6686496734619
28.0006408691406 28.0264072418213 28.0553283691406 27.7702407836914 27.4690284729004 27.600212097168 27.7400970458984 27.9242515563965 28.0794315338135 28.1646575927734 27.5651454925537 26.0255794525146 23.6773471832275 20.6674861907959 19.4188919067383 19.0045738220215 18.9833507537842 19.0560512542725 16.0026531219482 12.7732849121094 10.1084861755371 7.75127029418945 6.68131971359253 5.77384901046753 5.20938682556152 4.78420305252075 4.52924633026123 4.36221313476562 4.25922250747681 4.21378374099731 4.19217920303345 4.48318910598755 4.83565092086792 5.77395629882812 6.72233009338379 7.55712127685547 8.4008321762085 9.27590751647949 10.2573776245117 11.4364337921143 12.5415439605713 13.5660886764526 14.5230312347412 15.4362316131592 16.5516204833984 17.7396392822266 18.6752338409424
27.3715076446533 27.4258422851562 27.5024337768555 27.3603210449219 27.2056121826172 27.3151512145996 27.4275360107422 27.5543937683105 27.5679168701172 27.3077812194824 26.4595737457275 24.804027557373 21.9322414398193 18.0653591156006 15.918493270874 14.5863618850708 14.3905353546143 14.4662094116211 12.2077569961548 9.82257270812988 7.92674589157104 6.26264381408691 5.56833648681641 4.99672985076904 4.68415498733521 4.4525990486145 4.32006549835205 4.23613739013672 4.18761253356934 4.16540908813477 4.1541051864624 4.36409568786621 4.61758708953857 5.36123752593994 6.11564636230469 6.79782676696777 7.51218700408936 8.33969402313232 9.22986698150635 10.2364206314087 11.2433433532715 12.2506704330444 13.2170963287354 14.157057762146 15.2767124176025 16.4609146118164 17.4455947875977
26.0999202728271 26.093053817749 26.1189498901367 26.1989078521729 26.2837047576904 26.3497943878174 26.4109172821045 26.4467792510986 26.3257217407227 25.8257637023926 24.9328651428223 23.5005111694336 20.3998107910156 15.9341163635254 12.7554559707642 10.1864356994629 9.77591800689697 9.88113975524902 8.8510799407959 7.7408709526062 6.59926891326904 5.57411670684814 5.03631687164307 4.61967706680298 4.45881605148315 4.32970809936523 4.23940801620483 4.18760108947754 4.16383171081543 4.148268699646 4.13610458374023 4.22447109222412 4.33259963989258 4.82799625396729 5.33769035339355 5.84695291519165 6.43876457214355 7.32082176208496 8.15026092529297 8.88198184967041 9.70009803771973 10.6123466491699 11.6049938201904 12.6496648788452 13.7510766983032 14.8728713989258 16.1003551483154
24.7720928192139 24.7077789306641 24.7061672210693 24.7313919067383 24.7421607971191 24.2884540557861 23.8870964050293 23.7520160675049 23.353178024292 22.3174686431885 21.1974067687988 19.9615440368652 17.4050960540771 13.7681837081909 10.9821577072144 8.59917736053467 7.97632598876953 7.77402877807617 7.23167181015015 6.65153455734253 5.86153793334961 5.1481351852417 4.75528526306152 4.45555877685547 4.35242319107056 4.26704835891724 4.20338010787964 4.1665940284729 4.14938879013062 4.13547134399414 4.12291526794434 4.15778064727783 4.20196771621704 4.47203683853149 4.75297451019287 5.05836629867554 5.44434547424316 6.11367082595825 6.74167394638062 7.29293537139893 7.97914886474609 8.81239795684814 9.72428894042969 10.687066078186 11.6875467300415 12.7015705108643 14.0099897384644
