Ecospace-environmental-drivers/Outputs/ASCII-for-ecospace/MOM6-ISIMIP3a/tob/1981-04_tob_MOM6-ISIMIP3a.asc
NCOLS 131 
NROWS 53 
XLLCORNER -98 
YLLCORNER 23.9265270233154 
CELLSIZE 0.133587792515755 
NODATA_value -9999 
[rows 21 to 41 of 53, columns 0 to 46 of 131]
-9999 -9999 -9999 -9999 -9999 -9999 20.1228733062744 20.1049137115479 20.0505313873291 19.9683418273926 19.9387378692627 19.9828491210938 19.872688293457 19.544548034668 19.3165912628174 19.2042293548584 19.2315979003906 19.3549270629883 19.3776092529297 19.3614292144775 19.4177646636963 19.4869003295898 19.7169933319092 19.9323539733887 19.9955749511719 20.0660915374756 20.1602630615234 20.2650985717773 20.3885402679443 20.4148483276367 20.3412017822266 20.3560428619385 20.4247894287109 20.5413112640381 20.673755645752 20.7172870635986 20.748176574707 20.7302169799805 20.7101402282715 20.6765937805176 20.6562442779541 20.6726322174072 20.7176265716553 20.8068294525146 20.8747234344482 20.923059463501 20.8893184661865
-9999 -9999 -9999 -9999 -9999 -9999 20.1257362365723 20.1228733062744 20.0869560241699 20.0239582061768 19.9683418273926 19.8650207519531 19.7591419219971 19.6481990814209 19.5908756256104 19.5954208374023 19.6439113616943 19.7225818634033 19.6510562896729 19.5215339660645 19.42897605896 19.3429393768311 19.1517162322998 18.9497356414795 18.6773242950439 18.5980606079102 19.1450710296631 19.6358280181885 20.0284194946289 20.2623653411865 20.333065032959 20.3969249725342 20.4566173553467 20.5767841339111 20.7171115875244 20.7250308990479 20.7117404937744 20.2937545776367 19.789924621582 18.7394256591797 18.0008029937744 18.1303615570068 18.2607078552246 18.3922729492188 18.5246620178223 18.6578121185303 18.3091468811035
-9999 -9999 -9999 -9999 20.1666774749756 20.1364631652832 20.1285171508789 20.1258163452148 20.1228733062744 20.0510368347168 19.9535789489746 19.7580547332764 19.6741352081299 19.8110446929932 19.9230461120605 20.0063037872314 19.9818706512451 19.8834781646729 19.6538562774658 19.3735599517822 19.1082992553711 18.8456916809082 18.2531032562256 17.6532955169678 17.0535354614258 16.8243198394775 17.7965602874756 18.650520324707 19.29807472229 19.7369918823242 19.9612293243408 20.1021270751953 20.1922550201416 20.345329284668 20.5193824768066 20.4945487976074 20.4363136291504 19.5563926696777 18.5211238861084 16.4965705871582 15.0692014694214 15.3042554855347 15.5129461288452 15.6808958053589 15.8734340667725 16.0885391235352 15.4370536804199
-9999 -9999 -9999 -9999 20.2384300231934 20.1632976531982 20.1444110870361 20.1285171508789 20.1260604858398 20.094783782959 20.0619888305664 20.0233764648438 20.042366027832 20.1753330230713 20.1112003326416 19.8196449279785 18.4463310241699 16.3301258087158 15.1917190551758 14.4308748245239 13.794246673584 13.1795387268066 13.1192464828491 13.0482521057129 12.7868995666504 12.6861591339111 13.1061925888062 13.4727058410645 13.7458238601685 14.030125617981 14.3259363174438 14.8978662490845 15.6380052566528 16.3187866210938 16.9797821044922 17.0549144744873 17.0359973907471 15.1998701095581 13.4722452163696 12.4355955123901 11.6802940368652 11.7081966400146 11.7280111312866 11.7353258132935 11.7943410873413 11.9008092880249 11.4552555084229
-9999 -9999 -9999 -9999 -9999 20.2384300231934 20.1418304443359 20.1603050231934 20.0867938995361 20.1156101226807 20.1619853973389 20.2755737304688 20.3278961181641 20.2589836120605 19.7993946075439 18.8890247344971 16.427562713623 12.9008922576904 11.1335916519165 10.0456476211548 9.175856590271 8.34456348419189 8.68056392669678 9.00503063201904 9.02037334442139 9.02077484130859 8.97273063659668 8.93670749664307 8.92166137695312 9.09305381774902 9.45628643035889 10.328498840332 11.5107774734497 12.5232858657837 13.4792041778564 13.6134700775146 13.6169052124023 11.2204074859619 9.11800479888916 8.88849830627441 8.68318748474121 8.5452299118042 8.41819763183594 8.30805206298828 8.25250339508057 8.24706554412842 7.97289848327637
-9999 -9999 -9999 -9999 -9999 20.1636581420898 20.2384300231934 20.0400657653809 19.8613815307617 20.0359287261963 20.22509765625 20.4702301025391 20.2507953643799 19.1121120452881 17.2954044342041 14.6963596343994 12.289966583252 10.0158777236938 8.84692859649658 8.10471439361572 7.60775232315063 7.1540699005127 7.29002475738525 7.42523908615112 7.44669198989868 7.428382396698 7.2811484336853 7.21489572525024 7.28996276855469 7.53131628036499 7.94377613067627 8.54297065734863 9.25592136383057 9.74083423614502 10.1497354507446 10.1640911102295 10.1154794692993 8.89423847198486 7.80956602096558 7.59461212158203 7.40401983261108 7.28124570846558 7.19165945053101 7.15336275100708 7.06637477874756 6.9346981048584 6.68044805526733
-9999 -9999 20.0869731903076 20.0757789611816 20.0392646789551 20.0887985229492 20.1637477874756 19.9573402404785 19.7796096801758 20.1118297576904 20.4028835296631 20.5363712310791 19.8510112762451 17.5453872680664 14.7206525802612 11.2969465255737 9.11410045623779 7.7834095954895 7.06253242492676 6.57712745666504 6.35731840133667 6.18437910079956 6.18110275268555 6.18513298034668 6.21908855438232 6.19899845123291 6.00366926193237 5.92352962493896 6.04440641403198 6.3230094909668 6.7639102935791 7.13575029373169 7.46551990509033 7.57011413574219 7.59965085983276 7.50953149795532 7.40106058120728 7.04043626785278 6.70236301422119 6.50790071487427 6.33017539978027 6.19904232025146 6.1134786605835 6.09834098815918 5.99585390090942 5.81319808959961 5.60754776000977
-9999.000000000000000 -9999 -9999 -9999 20.0992755889893 19.9897289276123 19.94407081604 19.9564628601074 20.0112361907959 20.5271816253662 20.830867767334 20.3221092224121 18.7471809387207 15.0626020431519 11.9915142059326 9.62829685211182 8.03658485412598 6.97469997406006 6.37401008605957 5.9514045715332 5.7999963760376 5.69644641876221 5.68662881851196 5.6861686706543 5.74657869338989 5.76164770126343 5.6297025680542 5.5713324546814 5.64135789871216 5.88583660125732 6.30982494354248 6.55394458770752 6.68848896026611 6.73410034179688 6.75006818771362 6.58914947509766 6.40377521514893 6.21727228164673 6.03422832489014 5.87321710586548 5.70431709289551 5.51345682144165 5.35899305343628 5.26077795028687 5.17757225036621 5.10814237594604 5.01367330551147
-9999 -9999 -9999 -9999 20.2247943878174 20.2193012237549 20.0716686248779 20.2460708618164 20.4639854431152 20.9933948516846 21.0977115631104 19.5749530792236 17.1536674499512 12.9544534683228 9.94396591186523 8.30508327484131 7.15290403366089 6.33496522903442 5.81935405731201 5.42048263549805 5.30498600006104 5.2394962310791 5.23834562301636 5.24714279174805 5.32709884643555 5.37541675567627 5.32115125656128 5.29693222045898 5.32514715194702 5.51043844223022 5.8573579788208 5.98423433303833 5.9770622253418 5.98001909255981 5.98635244369507 5.82247495651245 5.63576173782349 5.54475450515747 5.44885063171387 5.32176160812378 5.17706108093262 4.98333311080933 4.82184028625488 4.71016359329224 4.65285444259644 4.64544296264648 4.61289262771606
-9999 -9999 -9999 -9999 20.3423271179199 20.465353012085 20.6172618865967 20.9011344909668 21.1949253082275 21.5235958099365 21.161828994751 18.1573696136475 14.9440937042236 11.3176279067993 8.75391578674316 7.4164571762085 6.51308345794678 5.90781545639038 5.43311309814453 5.00882720947266 4.88836812973022 4.82152509689331 4.84817409515381 4.88352489471436 4.97433519363403 5.05349826812744 5.09489727020264 5.12040615081787 5.11818695068359 5.21275806427002 5.40692567825317 5.42974138259888 5.34817028045654 5.32901477813721 5.33066463470459 5.24917793273926 5.15619039535522 5.06176328659058 4.9675874710083 4.87501382827759 4.77385425567627 4.64879322052002 4.55810976028442 4.52055406570435 4.49746322631836 4.48764705657959 4.45503997802734
-9999 -9999 -9999 -9999 20.465353012085 20.6492404937744 20.865104675293 21.2965412139893 21.7268104553223 21.8770713806152 21.3033847808838 17.9587364196777 14.4453449249268 10.5980615615845 7.97726106643677 6.77162981033325 5.99422407150269 5.51089906692505 5.11686515808105 4.75730895996094 4.64970350265503 4.58656024932861 4.62314605712891 4.66704940795898 4.75373077392578 4.83719778060913 4.91024541854858 4.95562505722046 4.95272254943848 4.98448181152344 5.05190849304199 5.02580881118774 4.94273471832275 4.91382932662964 4.90297985076904 4.86676931381226 4.82671499252319 4.73960781097412 4.65592336654663 4.59403133392334 4.52965593338013 4.45836544036865 4.41231632232666 4.40527677536011 4.39641666412354 4.38588619232178 4.35419225692749
-9999 -9999 -9999 -9999 20.6598987579346 20.865104675293 21.4778842926025 21.4972057342529 22.1093997955322 22.0980014801025 21.5030193328857 18.6743278503418 15.2297344207764 10.5664501190186 7.51065635681152 6.309654712677 5.566086769104 5.13665914535522 4.85311222076416 4.62589550018311 4.54450607299805 4.48885107040405 4.5219783782959 4.56093311309814 4.63224697113037 4.70011234283447 4.75679588317871 4.79965257644653 4.81838035583496 4.8082594871521 4.76845264434814 4.73479890823364 4.70489358901978 4.67550945281982 4.64629936218262 4.62752866744995 4.60981225967407 4.53808164596558 4.47145986557007 4.43737506866455 4.40471506118774 4.3760232925415 4.35497760772705 4.34574890136719 4.33612966537476 4.32615184783936 4.2960991859436
-9999 -9999 -9999 -9999 20.865104675293 21.6582145690918 22.0057964324951 22.2526874542236 22.2465953826904 22.2121276855469 21.7741355895996 19.7916259765625 16.567310333252 10.8858156204224 7.31809091567993 6.18932485580444 5.4704852104187 5.0331597328186 4.76067590713501 4.55184316635132 4.47732353210449 4.42650651931763 4.43468761444092 4.44489860534668 4.46126270294189 4.48392486572266 4.52700853347778 4.5670371055603 4.60173416137695 4.60298824310303 4.56983041763306 4.54451942443848 4.52398824691772 4.48966598510742 4.45074701309204 4.44986248016357 4.4539270401001 4.41515493392944 4.37820529937744 4.35286378860474 4.32919788360596 4.31019639968872 4.29588794708252 4.28883266448975 4.27979612350464 4.26894044876099 4.24304008483887
-9999 -9999 -9999 -9999 -9999 22.2032375335693 22.2840709686279 22.2674961090088 22.2786197662354 22.2804794311523 22.0758876800537 21.0810871124268 18.1419715881348 11.3556032180786 7.24297285079956 6.21541690826416 5.51740074157715 5.04569387435913 4.7416615486145 4.50237464904785 4.42643356323242 4.37931823730469 4.35334396362305 4.32461357116699 4.2690634727478 4.23383617401123 4.26450443267822 4.30157423019409 4.34981393814087 4.38526773452759 4.40756607055664 4.39741039276123 4.36748456954956 4.32631254196167 4.28139209747314 4.29858541488647 4.32419204711914 4.32591438293457 4.32404136657715 4.2992730140686 4.27486228942871 4.25144720077515 4.23604774475098 4.23303556442261 4.22515630722046 4.21281051635742 4.192138671875
-9999 -9999 -9999 -9999 -9999 22.3236713409424 22.3198413848877 22.33203125 22.3282794952393 22.3175258636475 22.1764793395996 21.5367298126221 18.7198657989502 11.5951061248779 7.32381582260132 6.34497976303101 5.65385770797729 5.16032075881958 4.79406881332397 4.476966381073 4.37196779251099 4.30439949035645 4.26454734802246 4.2243800163269 4.17653179168701 4.14431428909302 4.16278076171875 4.18570899963379 4.21642541885376 4.24417924880981 4.26888561248779 4.26678848266602 4.24836254119873 4.21810102462769 4.18389511108398 4.20085477828979 4.22479867935181 4.23652648925781 4.24496030807495 4.23241281509399 4.21864891052246 4.20149850845337 4.19064807891846 4.18953418731689 4.18281030654907 4.17093706130981 4.15666341781616
-9999 -9999 -9999 -9999 -9999 22.3604774475098 22.3670997619629 22.3599987030029 22.3815879821777 22.3480949401855 22.2354507446289 21.8198547363281 19.0915279388428 11.7869644165039 7.436927318573 6.4959511756897 5.80884075164795 5.29607057571411 4.86125326156616 4.45653581619263 4.31676244735718 4.22374391555786 4.1742091178894 4.12829542160034 4.10462093353271 4.08801412582397 4.09432220458984 4.10079622268677 4.1075611114502 4.11894607543945 4.135085105896 4.13957738876343 4.1369743347168 4.12129831314087 4.10126495361328 4.11420297622681 4.13168287277222 4.14710855484009 4.16072368621826 4.16280698776245 4.16204643249512 4.15337038040161 4.14823627471924 4.1485767364502 4.14300727844238 4.13201332092285 4.12437963485718
-9999 -9999 -9999 -9999 -9999 -9999 22.3944911956787 22.4092712402344 22.4058780670166 22.3594779968262 22.176061630249 21.4682197570801 18.6507415771484 11.6588878631592 7.51976346969604 6.67224025726318 5.9987587928772 5.44480037689209 4.92178773880005 4.41072511672974 4.25336980819702 4.15843343734741 4.12675619125366 4.09846973419189 4.08689546585083 4.07869291305542 4.08142185211182 4.0842547416687 4.0872688293457 4.09266233444214 4.10050439834595 4.10292148590088 4.10203409194946 4.09475374221802 4.0853419303894 4.09135246276855 4.09949827194214 4.10808992385864 4.11595153808594 4.11916399002075 4.12064409255981 4.11730146408081 4.11517477035522 4.11492729187012 4.11161136627197 4.10547828674316 4.10105562210083
-9999 -9999 -9999 -9999 -9999 -9999 22.4067783355713 22.4142055511475 22.4240570068359 22.3673782348633 22.1086311340332 21.0764503479004 18.1520900726318 11.4836435317993 7.56393241882324 6.81583309173584 6.16380786895752 5.57776117324829 4.97461462020874 4.36486434936523 4.19303941726685 4.09849405288696 4.08467102050781 4.07380437850952 4.07284450531006 4.07207012176514 4.07189702987671 4.07193422317505 4.07233762741089 4.07267093658447 4.07293176651001 4.07308435440063 4.07317066192627 4.07329893112183 4.07344150543213 4.07301950454712 4.07253646850586 4.07433795928955 4.07637643814087 4.07992649078369 4.08290815353394 4.08430767059326 4.0848069190979 4.08391427993774 4.08275032043457 4.0813364982605 4.07975673675537
-9999 -9999 -9999 -9999 -9999 -9999 22.3733654022217 22.3968563079834 22.390905380249 22.3473167419434 22.0119476318359 20.5597648620605 17.4242973327637 10.9580783843994 7.21010541915894 6.59856033325195 6.04688405990601 5.53632211685181 4.94839715957642 4.33059978485107 4.16928005218506 4.08851528167725 4.07935905456543 4.07253789901733 4.07210683822632 4.07178926467896 4.0718412399292 4.07198429107666 4.07228755950928 4.07253313064575 4.07271957397461 4.07272148132324 4.07261037826538 4.07258749008179 4.07259321212769 4.07239818572998 4.07218027114868 4.07268905639648 4.07338571548462 4.07527732849121 4.07702159881592 4.07835721969604 4.07870626449585 4.07753133773804 4.07691240310669 4.07680416107178 4.07578277587891
-9999 -9999 -9999 -9999 -9999 22.2507801055908 22.3152770996094 22.3090343475342 22.3625316619873 22.3242950439453 21.8632621765137 19.7839508056641 16.3798427581787 10.3543357849121 6.87728977203369 6.3407678604126 5.85519790649414 5.40461778640747 4.86194324493408 4.28370761871338 4.14321660995483 4.07997465133667 4.07498693466187 4.0716667175293 4.07161092758179 4.07163238525391 4.07190179824829 4.0721492767334 4.07235813140869 4.07252883911133 4.07266044616699 4.07254648208618 4.0722827911377 4.07213592529297 4.07202768325806 4.07198762893677 4.07195425033569 4.0715799331665 4.07131910324097 4.07178354263306 4.07243537902832 4.07361125946045 4.07381153106689 4.07250499725342 4.07228231430054 4.07305335998535 4.07257461547852
-9999 -9999 -9999 -9999 22.9520702362061 22.5014324188232 22.2507801055908 22.3044395446777 22.3516731262207 22.290412902832 21.5239009857178 18.0579776763916 14.1742839813232 9.46393585205078 6.62151908874512 5.93440055847168 5.38937711715698 4.94193744659424 4.55461883544922 4.19051551818848 4.10870361328125 4.07670736312866 4.07406139373779 4.07224655151367 4.07200384140015 4.07192754745483 4.07238960266113 4.0727334022522 4.07287073135376 4.0730128288269 4.07316017150879 4.07305908203125 4.07280731201172 4.07263994216919 4.07250070571899 4.07235193252563 4.07220458984375 4.07244729995728 4.07264137268066 4.07252502441406 4.07261514663696 4.07328128814697 4.07333850860596 4.07245492935181 4.07207870483398 4.07216882705688 4.07217359542847
