Ecospace-environmental-drivers/Outputs/ASCII-for-ecospace/MOM6-ISIMIP3a/tob/1981-05_tob_MOM6-ISIMIP3a.asc
NCOLS 131 
NROWS 53 
XLLCORNER -98 
YLLCORNER 23.9265270233154 
CELLSIZE 0.133587792515755 
NODATA_value -9999 
[rows 21 to 41 of 53, columns 47 to 93 of 131]
21.3743705749512 21.3761177062988 21.3791542053223 21.473970413208 21.5648422241211 21.2956123352051 21.0342464447021 20.8128814697266 20.0039844512939 17.7764282226562 16.0937232971191 15.1590261459351 13.5355062484741 11.3484115600586 9.45770835876465 7.70739936828613 6.84135723114014 6.18659591674805 5.96429061889648 5.75109720230103 5.23811769485474 4.77981281280518 4.55032730102539 4.37051916122437 4.29558277130127 4.23128366470337 4.1799840927124 4.14728307723999 4.12812948226929 4.1198091506958 4.11597537994385 4.11900997161865 4.12339496612549 4.17375516891479 4.22892618179321 4.3144588470459 4.4640474319458 4.83886098861694 5.2102689743042 5.57535457611084 6.12314510345459 6.87000036239624 7.64264297485352 8.43197154998779 9.28532886505127 10.1616868972778 11.3817157745361
17.9720497131348 17.6291255950928 17.33567237854 17.2932434082031 17.2608661651611 16.8061828613281 16.3492641448975 15.8809814453125 15.0983400344849 13.5566463470459 12.4249496459961 11.8561239242554 10.8267030715942 9.42043495178223 8.18312072753906 7.02583694458008 6.34196186065674 5.77119970321655 5.53989505767822 5.3244481086731 5.00037670135498 4.6991810798645 4.49372482299805 4.33112955093384 4.25901699066162 4.20111608505249 4.16058492660522 4.13427066802979 4.11831092834473 4.11031007766724 4.10560512542725 4.1027774810791 4.10031843185425 4.11859560012817 4.13943099975586 4.17775011062622 4.24810600280762 4.43110418319702 4.62017869949341 4.82053661346436 5.13687753677368 5.57958650588989 6.05305767059326 6.54643392562866 7.37569236755371 8.32560443878174 9.51299858093262
14.3297147750854 13.6584339141846 13.0843458175659 12.9018115997314 12.7423667907715 12.1242246627808 11.4940919876099 10.8029718399048 10.0965461730957 9.35316562652588 8.84908962249756 8.67354679107666 8.2180814743042 7.53359174728394 6.92768859863281 6.35901069641113 5.88353300094604 5.43032455444336 5.17631578445435 4.94174289703369 4.79087591171265 4.63319063186646 4.44697141647339 4.29767942428589 4.22634363174438 4.17333602905273 4.14272928237915 4.12226533889771 4.10918951034546 4.10136604309082 4.0957179069519 4.09044790267944 4.0852518081665 4.08573007583618 4.08673143386841 4.09079217910767 4.09592008590698 4.10480117797852 4.12637329101562 4.17151403427124 4.25811672210693 4.38989353179932 4.56012630462646 4.75524139404297 5.54214429855347 6.54162645339966 7.71103811264038
10.6923189163208 10.3005743026733 10.0008344650269 9.78330993652344 9.56711959838867 9.15973854064941 8.76330184936523 8.42254066467285 8.08248996734619 7.74415254592896 7.48943519592285 7.34951686859131 7.07118940353394 6.67961835861206 6.23941087722778 5.77616548538208 5.39745426177979 5.03894186019897 4.85862398147583 4.69470071792603 4.59122276306152 4.48849725723267 4.38892269134521 4.29675054550171 4.22020626068115 4.16704940795898 4.1424765586853 4.12287902832031 4.10690593719482 4.09772205352783 4.09135007858276 4.08642292022705 4.08177995681763 4.08221054077148 4.08299160003662 4.08535718917847 4.08810138702393 4.09217548370361 4.10194826126099 4.12230348587036 4.16127395629883 4.22052669525146 4.29924917221069 4.39056968688965 4.78820896148682 5.29588317871094 6.48957014083862
7.51236343383789 7.34922790527344 7.268394947052 7.0340461730957 6.78574323654175 6.58496236801147 6.4102463722229 6.36812114715576 6.33591556549072 6.32766103744507 6.27855396270752 6.17336225509644 6.03409242630005 5.86694145202637 5.5690336227417 5.20919036865234 4.93171119689941 4.67391157150269 4.56757164001465 4.47384738922119 4.41229963302612 4.35696172714233 4.32761192321777 4.28332853317261 4.20751857757568 4.15760898590088 4.13935470581055 4.12156200408936 4.1041054725647 4.09429168701172 4.08764266967773 4.08307075500488 4.07890748977661 4.07928466796875 4.07986307144165 4.0807638168335 4.08151245117188 4.08172750473022 4.08195495605469 4.08220434188843 4.08236074447632 4.08241605758667 4.08610963821411 4.09215784072876 4.1647777557373 4.26131153106689 5.38417625427246
6.33815050125122 6.18032932281494 6.0753116607666 5.90378570556641 5.73137807846069 5.71895599365234 5.71345520019531 5.74316549301147 5.7621693611145 5.75532245635986 5.72000408172607 5.6455979347229 5.47841882705688 5.23533582687378 4.9771466255188 4.71180105209351 4.55513191223145 4.42442893981934 4.39332485198975 4.36782312393188 4.3242712020874 4.28311729431152 4.25199890136719 4.21512699127197 4.16610813140869 4.13433933258057 4.12365293502808 4.11177825927734 4.09903860092163 4.09179639816284 4.08683061599731 4.0826678276062 4.07866334915161 4.07895994186401 4.07941484451294 4.07985782623291 4.08031558990479 4.0808277130127 4.08139324188232 4.0820574760437 4.08206415176392 4.08135318756104 4.08228349685669 4.08427572250366 4.1135687828064 4.15266895294189 4.78773593902588
5.38541793823242 5.2390284538269 5.11725807189941 5.01483488082886 4.92136287689209 5.01608228683472 5.10903120040894 5.19297313690186 5.24901485443115 5.2376880645752 5.20105600357056 5.12968254089355 4.95739030838013 4.70252895355225 4.50566482543945 4.33627223968506 4.2728853225708 4.23482656478882 4.25317859649658 4.27229118347168 4.24606895446777 4.21894550323486 4.18805027008057 4.15847635269165 4.13169288635254 4.11456346511841 4.10923290252686 4.10229253768921 4.09417963027954 4.08933305740356 4.08583879470825 4.08219385147095 4.07851886749268 4.07872676849365 4.07905673980713 4.07917213439941 4.07941961288452 4.08012962341309 4.08089447021484 4.08176040649414 4.08153915405273 4.08013248443604 4.07916212081909 4.0784740447998 4.07815885543823 4.07797765731812 4.32908153533936
4.91592264175415 4.79431200027466 4.67200613021851 4.65238571166992 4.64448213577271 4.66914081573486 4.70613861083984 4.80590486526489 4.8680624961853 4.83941030502319 4.76851320266724 4.63961935043335 4.51195096969604 4.3852858543396 4.29689073562622 4.22662401199341 4.196457862854 4.17587375640869 4.18743371963501 4.19965171813965 4.1893048286438 4.17587661743164 4.1495509147644 4.12702989578247 4.11254024505615 4.10241079330444 4.0976095199585 4.09345626831055 4.08977508544922 4.08693981170654 4.08445453643799 4.0815634727478 4.07859182357788 4.07869243621826 4.07889413833618 4.0789680480957 4.07917928695679 4.07987070083618 4.08053159713745 4.08113527297974 4.08051729202271 4.07856845855713 4.07757949829102 4.07721138000488 4.07721996307373 4.07736396789551 4.17105579376221
4.58218097686768 4.49461698532104 4.39713478088379 4.42011451721191 4.45362329483032 4.4385085105896 4.43939876556396 4.52170515060425 4.56638860702515 4.52022647857666 4.43892955780029 4.30939722061157 4.22774839401245 4.18527698516846 4.16320705413818 4.15080070495605 4.14171171188354 4.13341522216797 4.14180994033813 4.15078115463257 4.15146064758301 4.14783143997192 4.12617063522339 4.10891914367676 4.10097694396973 4.09462213516235 4.09020805358887 4.08771800994873 4.08662986755371 4.08524990081787 4.08374977111816 4.08130502700806 4.07867431640625 4.0785984992981 4.07862901687622 4.07877349853516 4.0790491104126 4.07978630065918 4.08043527603149 4.08091926574707 4.08005809783936 4.07773113250732 4.07669401168823 4.076491355896 4.07667112350464 4.076988697052 4.08160400390625
4.41922855377197 4.37737083435059 4.33661603927612 4.35161781311035 4.37098741531372 4.35420227050781 4.34394931793213 4.3669228553772 4.36445426940918 4.30055046081543 4.23887777328491 4.18026781082153 4.1463942527771 4.13275957107544 4.12399244308472 4.11753177642822 4.11424160003662 4.1117091178894 4.12149953842163 4.13181304931641 4.13741827011108 4.13868761062622 4.12181091308594 4.10758686065674 4.09896039962769 4.09232378005981 4.08811807632446 4.08587741851807 4.08506917953491 4.08444547653198 4.08389902114868 4.08151483535767 4.07876920700073 4.07842922210693 4.07823419570923 4.07858991622925 4.0790581703186 4.07992124557495 4.08067274093628 4.08121776580811 4.08030652999878 4.07780838012695 4.07668542861938 4.07645320892334 4.07661294937134 4.07691287994385 4.07842350006104
4.3188157081604 4.29802846908569 4.28223609924316 4.29263973236084 4.30448150634766 4.2827615737915 4.26324987411499 4.25497388839722 4.23214912414551 4.17419481277466 4.13221216201782 4.11215734481812 4.1026349067688 4.10172986984253 4.09957790374756 4.09683513641357 4.09670829772949 4.09720659255981 4.10655879974365 4.1163969039917 4.12445259094238 4.12847375869751 4.11560821533203 4.10435152053833 4.09649133682251 4.09046220779419 4.08667182922363 4.08456420898438 4.08368253707886 4.08330392837524 4.08313322067261 4.08101034164429 4.07850408554077 4.07815504074097 4.07796096801758 4.07850170135498 4.07912492752075 4.08003664016724 4.08083629608154 4.08142709732056 4.08055543899536 4.07809162139893 4.07686233520508 4.07643270492554 4.07651710510254 4.07678651809692 4.07702112197876
4.26530885696411 4.24711561203003 4.2324595451355 4.24080085754395 4.25007438659668 4.22097015380859 4.19361352920532 4.1751503944397 4.15206718444824 4.11782932281494 4.0955867767334 4.08981132507324 4.08707189559937 4.08681726455688 4.08626317977905 4.08556747436523 4.08662748336792 4.08810710906982 4.09564542770386 4.10364437103271 4.11229515075684 4.1174578666687 4.10802268981934 4.09968900680542 4.09368181228638 4.08892869949341 4.08570861816406 4.08364582061768 4.08242654800415 4.08190870285034 4.0816822052002 4.07997131347656 4.07796859741211 4.07780170440674 4.07777786254883 4.07848453521729 4.07923460006714 4.08013820648193 4.0809440612793 4.08156871795654 4.08080530166626 4.07852935791016 4.07717800140381 4.07642555236816 4.07639408111572 4.07662200927734 4.07695245742798
4.21719264984131 4.20096826553345 4.1868724822998 4.19019079208374 4.19417524337769 4.16802024841309 4.14328098297119 4.12574434280396 4.10832834243774 4.09120321273804 4.08097648620605 4.08022117614746 4.07998037338257 4.08016109466553 4.08025217056274 4.08030080795288 4.0816388130188 4.08328533172607 4.08861112594604 4.09426689147949 4.10104703903198 4.10531902313232 4.09909200668335 4.0936450958252 4.08984422683716 4.08658456802368 4.08398675918579 4.08210754394531 4.0807523727417 4.08017587661743 4.07992219924927 4.07895135879517 4.07783985137939 4.0778980255127 4.07804822921753 4.0786771774292 4.07934093475342 4.08012866973877 4.08086919784546 4.08152294158936 4.08087015151978 4.07879400253296 4.07739591598511 4.07643699645996 4.07635068893433 4.07657814025879 4.07689952850342
4.17138719558716 4.15686416625977 4.14308023452759 4.14010715484619 4.13763666152954 4.11885976791382 4.10122156143188 4.08937501907349 4.08016538619995 4.07732248306274 4.07580184936523 4.07609844207764 4.07651996612549 4.07704401016235 4.07737112045288 4.07760524749756 4.07883262634277 4.08029699325562 4.08323955535889 4.08633518218994 4.09018898010254 4.09269905090332 4.08958530426025 4.08700895309448 4.08556604385376 4.08389329910278 4.08193922042847 4.08030366897583 4.07889938354492 4.07829809188843 4.07803010940552 4.07794046401978 4.07788562774658 4.07818651199341 4.07851314544678 4.07895994186401 4.07944631576538 4.08007097244263 4.08071565628052 4.08139657974243 4.08085584640503 4.07898426055908 4.07757186889648 4.07645654678345 4.07634115219116 4.07658529281616 4.07685232162476
4.14120864868164 4.1282811164856 4.11572408676147 4.1115665435791 4.10795545578003 4.09587955474854 4.08476734161377 4.07855701446533 4.07410860061646 4.07391405105591 4.0738730430603 4.07404375076294 4.0746898651123 4.07572603225708 4.07634496688843 4.07676601409912 4.07780313491821 4.07898712158203 4.08096742630005 4.08301734924316 4.0852837562561 4.08679151535034 4.08512401580811 4.08369302749634 4.08276033401489 4.08162212371826 4.08023309707642 4.07916736602783 4.0783371925354 4.07808065414429 4.07806205749512 4.07826471328735 4.07851076126099 4.07864713668823 4.07881307601929 4.07931232452393 4.07979965209961 4.08024311065674 4.08068895339966 4.08114051818848 4.08045339584351 4.07852554321289 4.07729244232178 4.07650852203369 4.07645177841187 4.07665634155273 4.07686138153076
4.11426401138306 4.10291004180908 4.09176826477051 4.08748340606689 4.08383083343506 4.07831621170044 4.07361078262329 4.07302570343018 4.07262563705444 4.07267236709595 4.07261562347412 4.07241678237915 4.07319784164429 4.07478046417236 4.07570219039917 4.0763111114502 4.07714080810547 4.07802391052246 4.07933664321899 4.08065366744995 4.08160972595215 4.08227252960205 4.08170652389526 4.08106374740601 4.08025884628296 4.07943773269653 4.07859754562378 4.07816934585571 4.07804155349731 4.07820653915405 4.07849216461182 4.07886552810669 4.0792555809021 4.07914257049561 4.07907915115356 4.07967948913574 4.08020448684692 4.08046197891235 4.0806884765625 4.08085775375366 4.07997035980225 4.07793188095093 4.07691812515259 4.07656669616699 4.07658720016479 4.07674074172974 4.07688188552856
4.0944561958313 4.08776807785034 4.08152532577515 4.07926034927368 4.07737874984741 4.07486391067505 4.07269716262817 4.07229995727539 4.07200288772583 4.07194757461548 4.07190275192261 4.07187223434448 4.07240152359009 4.07338857650757 4.07410907745361 4.07470369338989 4.07551145553589 4.07637023925781 4.07814836502075 4.07992029190063 4.08068323135376 4.08126449584961 4.08108472824097 4.08081674575806 4.08036375045776 4.07983827590942 4.07922410964966 4.07888269424438 4.07873916625977 4.07851696014404 4.07826137542725 4.07823419570923 4.07825136184692 4.07812118530273 4.0780291557312 4.07836294174194 4.07866668701172 4.07886362075806 4.07928085327148 4.08010721206665 4.07990407943726 4.07857894897461 4.07752227783203 4.0766396522522 4.07648897171021 4.07660150527954 4.07673978805542
4.0763897895813 4.07420301437378 4.07268285751343 4.07236337661743 4.07217788696289 4.07228183746338 4.0722975730896 4.07186603546143 4.07151222229004 4.07134628295898 4.07130002975464 4.07141828536987 4.07168960571289 4.07208633422852 4.07259273529053 4.07315063476562 4.07393360137939 4.07476997375488 4.07693672180176 4.07908868789673 4.07970094680786 4.08022451400757 4.0803747177124 4.08044528961182 4.08034753799438 4.08012580871582 4.07975196838379 4.07949113845825 4.07931137084961 4.07871103286743 4.07793664932251 4.07753705978394 4.07721090316772 4.07705402374268 4.07692718505859 4.0770378112793 4.07715511322021 4.07729482650757 4.07787466049194 4.07927131652832 4.07970380783081 4.0790867805481 4.07802677154541 4.07668018341064 4.07638359069824 4.07646369934082 4.07660150527954
4.07349348068237 4.07257223129272 4.07222700119019 4.07203960418701 4.07188701629639 4.07223558425903 4.07248735427856 4.07224559783936 4.07201623916626 4.07181596755981 4.07161569595337 4.07141637802124 4.07155084609985 4.07195901870728 4.07234859466553 4.07273006439209 4.07336664199829 4.0740647315979 4.07525634765625 4.07642793655396 4.07680940628052 4.07716178894043 4.07739305496216 4.07760906219482 4.07779169082642 4.07797002792358 4.07814359664917 4.07816410064697 4.07807397842407 4.07758235931396 4.0769248008728 4.07672643661499 4.07661867141724 4.07621765136719 4.07589340209961 4.07642269134521 4.07684803009033 4.07690954208374 4.07715463638306 4.07773971557617 4.07787466049194 4.07751989364624 4.0770001411438 4.07637405395508 4.07631158828735 4.07645177841187 4.07657718658447
4.07139253616333 4.07143306732178 4.07189130783081 4.07184314727783 4.07176542282104 4.07226991653442 4.07266712188721 4.07251787185669 4.07234764099121 4.07212591171265 4.07183504104614 4.07144975662231 4.07146596908569 4.07181119918823 4.07205867767334 4.0722599029541 4.07272100448608 4.07324457168579 4.07362365722656 4.07397985458374 4.07414436340332 4.07432699203491 4.07458639144897 4.07488203048706 4.07525444030762 4.07571077346802 4.07626914978027 4.07652139663696 4.07655096054077 4.07624816894531 4.07580804824829 4.0758171081543 4.07591485977173 4.07542419433594 4.07503366470337 4.07583236694336 4.07646608352661 4.07652187347412 4.07653903961182 4.07648277282715 4.07639169692993 4.07626247406006 4.07618236541748 4.07613372802734 4.07625722885132 4.0764422416687 4.07655668258667
4.07220888137817 4.07209730148315 4.07199382781982 4.07211303710938 4.07226181030273 4.07259702682495 4.07280921936035 4.07239580154419 4.07204627990723 4.07184982299805 4.07169961929321 4.07161092758179 4.07157850265503 4.07159185409546 4.07160186767578 4.07161045074463 4.07178735733032 4.0720043182373 4.07216453552246 4.07231140136719 4.07230997085571 4.07232666015625 4.07241916656494 4.0725564956665 4.07278680801392 4.07307100296021 4.07342100143433 4.07371950149536 4.07398128509521 4.07416152954102 4.07430744171143 4.07454586029053 4.07480239868164 4.07478666305542 4.07481145858765 4.07533359527588 4.07580995559692 4.0761251449585 4.0763053894043 4.07623386383057 4.0761775970459 4.07613849639893 4.0761284828186 4.07613801956177 4.07626724243164 4.07643985748291 4.07655048370361
