Ecospace-environmental-drivers/Outputs/ASCII-for-ecospace/MOM6-ISIMIP3a/tob/1981-11_tob_MOM6-ISIMIP3a.asc
NCOLS 131 
NROWS 53 
XLLCORNER -98 
YLLCORNER 23.9265270233154 
CELLSIZE 0.133587792515755 
NODATA_value -9999 
[rows 21 to 41 of 53, columns 47 to 93 of 131]
22.8468036651611 22.6085243225098 22.4240131378174 22.6142196655273 22.8133583068848 22.2181720733643 21.6655769348145 21.3296413421631 20.5221614837646 18.5760974884033 17.0121917724609 15.972936630249 14.1893186569214 11.7966833114624 9.69839859008789 7.73954200744629 6.85072612762451 6.21757888793945 5.99125051498413 5.77092790603638 5.23124885559082 4.75300359725952 4.5318660736084 4.35827827453613 4.285071849823 4.22753763198853 4.18915843963623 4.15967655181885 4.1366753578186 4.12207555770874 4.11095523834229 4.11082744598389 4.11286020278931 4.16356801986694 4.21944379806519 4.30819988250732 4.45894908905029 4.82766723632812 5.19911098480225 5.57561588287354 6.14868974685669 6.93593215942383 7.74191522598267 8.56002426147461 9.59114265441895 10.6987791061401 12.0851135253906
18.798620223999 18.4069442749023 18.0647678375244 18.0852279663086 18.1147136688232 17.3856811523438 16.6738910675049 16.0498218536377 15.223123550415 13.9071636199951 12.8927726745605 12.2923965454102 11.169753074646 9.61980533599854 8.27651786804199 7.03112173080444 6.33850145339966 5.77795791625977 5.55152654647827 5.33915042877197 4.99727392196655 4.68138742446899 4.47427034378052 4.31309175491333 4.24889421463013 4.19972085952759 4.16890907287598 4.14456987380981 4.12494468688965 4.11210775375366 4.10208177566528 4.09817409515381 4.09546947479248 4.11252689361572 4.13222503662109 4.17056655883789 4.23982715606689 4.417799949646 4.60622501373291 4.81405973434448 5.14489030838013 5.60972833633423 6.10890626907349 6.63030433654785 7.58523893356323 8.6959056854248 10.0233201980591
14.5522241592407 14.023907661438 13.5411911010742 13.3859758377075 13.2396287918091 12.4276571273804 11.605052947998 10.728364944458 9.93070220947266 9.32385349273682 8.91194725036621 8.76766967773438 8.28135776519775 7.51520204544067 6.89345264434814 6.3401050567627 5.86782073974609 5.41490459442139 5.17421197891235 4.95231437683105 4.79177331924438 4.62431192398071 4.42788600921631 4.27591228485107 4.21778154373169 4.17458629608154 4.14964437484741 4.12983703613281 4.11377000808716 4.10274124145508 4.09379959106445 4.08876800537109 4.08450555801392 4.08356857299805 4.08293724060059 4.08409118652344 4.08641910552979 4.09287738800049 4.11492252349854 4.16591453552246 4.25850248336792 4.39641046524048 4.58609867095947 4.80929136276245 5.6665415763855 6.7515549659729 8.01578521728516
10.6180086135864 10.2936773300171 10.0473594665527 9.85364723205566 9.65614700317383 9.21098709106445 8.76701354980469 8.32907104492188 7.93276786804199 7.63700342178345 7.42111825942993 7.31489562988281 7.04370164871216 6.63753271102905 6.20374393463135 5.75687217712402 5.38007974624634 5.02003145217896 4.85894107818604 4.71395206451416 4.60438299179077 4.49540424346924 4.3888955116272 4.29302024841309 4.21959209442139 4.16950368881226 4.14794254302979 4.12859439849854 4.11085891723633 4.09884786605835 4.08920764923096 4.08495235443115 4.0817551612854 4.08145236968994 4.08135080337524 4.08216905593872 4.08355188369751 4.08692073822021 4.09728813171387 4.12065362930298 4.16260194778442 4.22479629516602 4.31213283538818 4.41573810577393 4.83822774887085 5.3752646446228 6.61677742004395
7.22703790664673 7.06581830978394 6.99844646453857 6.77758407592773 6.54533910751343 6.4299430847168 6.32318305969238 6.26035213470459 6.20238780975342 6.15617418289185 6.10021066665649 6.03086090087891 5.93156480789185 5.80776786804199 5.53547525405884 5.19284296035767 4.91486167907715 4.65232801437378 4.56914329528809 4.49863576889038 4.4333062171936 4.37425661087036 4.34149074554443 4.29412269592285 4.21592998504639 4.16425752639771 4.14499711990356 4.12604713439941 4.10732269287109 4.09493017196655 4.08516025543213 4.08167600631714 4.07942771911621 4.07966089248657 4.08000516891479 4.08053779602051 4.08113861083984 4.08198022842407 4.08283090591431 4.08369970321655 4.08439302444458 4.08489561080933 4.08834648132324 4.09370422363281 4.155357837677 4.23723316192627 5.37078762054443
6.21804285049438 6.04071855545044 5.9003758430481 5.70211458206177 5.50707197189331 5.55899524688721 5.60785150527954 5.64110898971558 5.64515972137451 5.578688621521 5.52435874938965 5.48669862747192 5.36979293823242 5.18805122375488 4.96121454238892 4.71301794052124 4.54840183258057 4.40375566482544 4.39103889465332 4.38436603546143 4.33375787734985 4.28713464736938 4.25718832015991 4.22504758834839 4.18827533721924 4.15829038619995 4.13660097122192 4.11777877807617 4.10104513168335 4.09090662002563 4.08350038528442 4.08076858520508 4.07895565032959 4.07929420471191 4.07971715927124 4.0801830291748 4.08071851730347 4.08149671554565 4.08230495452881 4.08316850662231 4.08375883102417 4.08405160903931 4.08458089828491 4.08526277542114 4.11022043228149 4.14389848709106 4.79573678970337
5.36578273773193 5.19625425338745 5.02311134338379 4.87331485748291 4.73600006103516 4.8711404800415 5.00059604644775 5.10113430023193 5.15111112594604 5.07900381088257 5.02271175384521 4.9881329536438 4.86506748199463 4.66960525512695 4.50184106826782 4.34719705581665 4.27286243438721 4.21771621704102 4.24873876571655 4.28116607666016 4.24787378311157 4.21617650985718 4.19115543365479 4.17100524902344 4.16113758087158 4.14626264572144 4.12526702880859 4.10862684249878 4.09515905380249 4.08744382858276 4.08211040496826 4.08002996444702 4.07858896255493 4.07897138595581 4.07941865921021 4.0798454284668 4.08034372329712 4.08109188079834 4.08187627792358 4.08272790908813 4.08300065994263 4.08264255523682 4.08121538162231 4.07909679412842 4.07897567749023 4.07957220077515 4.34904193878174
4.85549592971802 4.74590826034546 4.62761402130127 4.58271360397339 4.54790687561035 4.58276891708374 4.62914800643921 4.73411226272583 4.79491138458252 4.74906969070435 4.68296813964844 4.58905172348022 4.48480844497681 4.37211608886719 4.29313278198242 4.2301173210144 4.1956992149353 4.16811370849609 4.18456029891968 4.20211744308472 4.19180154800415 4.18048572540283 4.16498422622681 4.14976167678833 4.13512897491455 4.12101173400879 4.10752439498901 4.09754800796509 4.09012889862061 4.08520317077637 4.08131074905396 4.07966136932373 4.07845306396484 4.07874298095703 4.07909822463989 4.07954502105713 4.08006763458252 4.0808572769165 4.08165979385376 4.08248615264893 4.0819730758667 4.08000087738037 4.0787239074707 4.07789707183838 4.07804250717163 4.07853746414185 4.18240213394165
4.51495218276978 4.45036315917969 4.37697744369507 4.39137744903564 4.41323518753052 4.39382982254028 4.39113759994507 4.47346210479736 4.52014350891113 4.48076105117798 4.41437578201294 4.31091976165771 4.23584222793579 4.18398332595825 4.16071653366089 4.15099382400513 4.1416711807251 4.13244438171387 4.14127445220947 4.15091514587402 4.15429782867432 4.15501165390015 4.14455604553223 4.1321849822998 4.11577177047729 4.10308790206909 4.09496164321899 4.0896635055542 4.08642625808716 4.08347082138062 4.08063220977783 4.07934188842773 4.07835674285889 4.07852506637573 4.07876348495483 4.07927083969116 4.07985734939575 4.08072376251221 4.08156156539917 4.08234739303589 4.08144330978394 4.07869815826416 4.07745838165283 4.07719278335571 4.07743692398071 4.07786417007446 4.08676195144653
4.38795852661133 4.34956932067871 4.30858850479126 4.3249249458313 4.34577178955078 4.32998418807983 4.32100200653076 4.3466362953186 4.34782361984253 4.28998231887817 4.23529863357544 4.1849513053894 4.15205240249634 4.13342952728271 4.12428140640259 4.11962223052979 4.11674976348877 4.1143045425415 4.12427282333374 4.13474607467651 4.14015483856201 4.14239168167114 4.1313533782959 4.11922168731689 4.1047830581665 4.09438133239746 4.08891439437866 4.08579778671265 4.0843939781189 4.0823769569397 4.08010578155518 4.07908487319946 4.07831001281738 4.07831954956055 4.07841205596924 4.07902956008911 4.0797290802002 4.08071613311768 4.08161163330078 4.08233785629272 4.08153963088989 4.07908010482788 4.07773542404175 4.07711219787598 4.07724332809448 4.07764530181885 4.08044528961182
4.30098819732666 4.27441501617432 4.24854135513306 4.26512289047241 4.28471088409424 4.26815223693848 4.25356674194336 4.24901914596558 4.23030233383179 4.17737293243408 4.1383490562439 4.11841535568237 4.10778999328613 4.10478019714355 4.1022777557373 4.10001611709595 4.09999513626099 4.10050964355469 4.10939931869507 4.11871194839478 4.12580490112305 4.1296854019165 4.12012195587158 4.10988235473633 4.09821557998657 4.09004259109497 4.08614063262939 4.08408975601196 4.08338737487793 4.08179664611816 4.07983779907227 4.07895517349243 4.07828426361084 4.0782790184021 4.0783576965332 4.07901477813721 4.07974529266357 4.08073282241821 4.08161067962646 4.08228492736816 4.08179044723511 4.08002185821533 4.07851266860962 4.07717180252075 4.077073097229 4.07742071151733 4.07766819000244
4.2440357208252 4.2184910774231 4.19475126266479 4.21030807495117 4.2284517288208 4.20782947540283 4.18815660476685 4.17330884933472 4.15388059616089 4.12339210510254 4.10299587249756 4.09645509719849 4.09317398071289 4.09255933761597 4.09109735488892 4.08923435211182 4.08936548233032 4.08997249603271 4.0961217880249 4.10277938842773 4.11130046844482 4.11691522598267 4.11036920547485 4.1032600402832 4.09496402740479 4.08898019790649 4.08582258224487 4.08400011062622 4.0831503868103 4.08160161972046 4.07976341247559 4.07892084121704 4.07827377319336 4.07836198806763 4.07852602005005 4.07916927337646 4.07986879348755 4.08076810836792 4.08157157897949 4.08219909667969 4.08215618133545 4.08138370513916 4.07966566085815 4.07733631134033 4.07692050933838 4.07719230651855 4.07754611968994
4.20223712921143 4.18167638778687 4.16293907165527 4.1713490486145 4.18143177032471 4.16163778305054 4.1425986289978 4.12740087509155 4.11229562759399 4.09741544723511 4.08823728561401 4.08688735961914 4.08627653121948 4.08627033233643 4.08538770675659 4.08408975601196 4.0842137336731 4.08467721939087 4.08798027038574 4.09170055389404 4.09864330291748 4.10365104675293 4.1005597114563 4.0967845916748 4.09156656265259 4.08762884140015 4.08525609970093 4.08350992202759 4.08222055435181 4.08084297180176 4.07942867279053 4.078941822052 4.07863759994507 4.0788106918335 4.07902860641479 4.07950782775879 4.08003425598145 4.08072710037231 4.08137845993042 4.08195400238037 4.08220529556274 4.08210372924805 4.08030080795288 4.07739734649658 4.07681846618652 4.07707500457764 4.07743215560913
4.16693353652954 4.15305185317993 4.1405463218689 4.13918590545654 4.13837194442749 4.12150192260742 4.10554933547974 4.09426546096802 4.08564138412476 4.08344125747681 4.08230495452881 4.08263063430786 4.08268690109253 4.08252334594727 4.08202219009399 4.08136129379272 4.08140993118286 4.08162832260132 4.08204078674316 4.08270120620728 4.08677816390991 4.09017467498779 4.09072589874268 4.09037160873413 4.08810663223267 4.08615398406982 4.0845832824707 4.082848072052 4.08099365234375 4.07984256744385 4.07898235321045 4.07898712158203 4.07916164398193 4.07941675186157 4.07967376708984 4.07992506027222 4.08021688461304 4.08065319061279 4.08111906051636 4.08164072036743 4.08211898803711 4.08254909515381 4.08071422576904 4.07741403579712 4.07673835754395 4.07700538635254 4.07732152938843
4.14406442642212 4.13127565383911 4.11838483810425 4.11455154418945 4.11132287979126 4.09937572479248 4.08838129043579 4.08223009109497 4.07793426513672 4.0781192779541 4.07840538024902 4.07882928848267 4.07925939559937 4.07969427108765 4.07990455627441 4.08000755310059 4.08013677597046 4.08027219772339 4.0802903175354 4.08041715621948 4.08223962783813 4.08388471603394 4.08479070663452 4.08508014678955 4.08406925201416 4.08313989639282 4.08230972290039 4.08123111724854 4.07997179031372 4.07942628860474 4.07917642593384 4.07898330688477 4.07880163192749 4.07876110076904 4.07873916625977 4.07885026931763 4.07903480529785 4.07947683334351 4.08010768890381 4.08108997344971 4.08141136169434 4.08101320266724 4.07947301864624 4.07719421386719 4.07677173614502 4.07701587677002 4.07727003097534
4.1237678527832 4.11091709136963 4.09627151489258 4.09147500991821 4.08758640289307 4.08097648620605 4.07532644271851 4.07456016540527 4.07414722442627 4.07458829879761 4.07492589950562 4.07512187957764 4.07586479187012 4.07705593109131 4.07804489135742 4.07893800735474 4.07917976379395 4.07926607131958 4.07940673828125 4.07952260971069 4.07921695709229 4.07908201217651 4.07966184616089 4.08002090454102 4.07991313934326 4.0798077583313 4.07970571517944 4.07941675186157 4.07899188995361 4.07913064956665 4.07950305938721 4.07896995544434 4.0782585144043 4.07784414291382 4.07747745513916 4.07746744155884 4.07757043838501 4.0780725479126 4.07894086837769 4.08048963546753 4.08057546615601 4.07906723022461 4.07788944244385 4.07692527770996 4.07682847976685 4.07704257965088 4.07722997665405
4.10179376602173 4.09340333938599 4.08377265930176 4.08115863800049 4.0792236328125 4.07623767852783 4.07365703582764 4.07313394546509 4.07278966903687 4.07287549972534 4.07301235198975 4.07322025299072 4.07384490966797 4.07481002807617 4.07570505142212 4.07656764984131 4.07707452774048 4.07749700546265 4.07810831069946 4.07867670059204 4.07843255996704 4.07830047607422 4.07863759994507 4.07886219024658 4.07884979248047 4.07882928848267 4.07879877090454 4.07861423492432 4.07831811904907 4.07811784744263 4.07795715332031 4.07743453979492 4.07684087753296 4.0764627456665 4.07611513137817 4.07598876953125 4.07597732543945 4.07637023925781 4.07711696624756 4.07852077484131 4.0789794921875 4.07840776443481 4.07764387130737 4.0767560005188 4.07666540145874 4.0768609046936 4.07704877853394
4.08116292953491 4.07722854614258 4.07270526885986 4.07225370407104 4.07223033905029 4.07249736785889 4.07263851165771 4.07213687896729 4.07170295715332 4.07143211364746 4.07135438919067 4.07154178619385 4.07201623916626 4.07272577285767 4.07347726821899 4.07424783706665 4.07499027252197 4.07572650909424 4.07677173614502 4.07776594161987 4.07769632339478 4.07766628265381 4.07779884338379 4.07790565490723 4.07795906066895 4.07798767089844 4.07798767089844 4.07786417007446 4.07765054702759 4.07711124420166 4.0764365196228 4.07594442367554 4.07548856735229 4.07512712478638 4.07478427886963 4.07458686828613 4.07449579238892 4.0747766494751 4.07538080215454 4.07658433914185 4.07738971710205 4.07776212692261 4.07740831375122 4.07658433914185 4.07650184631348 4.07668495178223 4.07687616348267
4.07566499710083 4.0739803314209 4.07231664657593 4.07231855392456 4.0724983215332 4.07287645339966 4.07312726974487 4.07273149490356 4.07234907150269 4.07199811935425 4.07167053222656 4.07137393951416 4.07157373428345 4.07217884063721 4.07266521453857 4.07309532165527 4.07368040084839 4.07430219650269 4.0752329826355 4.07614040374756 4.07640504837036 4.0766773223877 4.07698059082031 4.07724475860596 4.07742500305176 4.0774827003479 4.07739019393921 4.07718706130981 4.07690334320068 4.07651329040527 4.07607936859131 4.07566070556641 4.07524538040161 4.07450008392334 4.07383251190186 4.07404947280884 4.07426691055298 4.07448768615723 4.07489442825317 4.07564496994019 4.07623529434204 4.07665014266968 4.07663583755493 4.07634353637695 4.07643604278564 4.07666683197021 4.07685995101929
4.07147836685181 4.07153367996216 4.0720100402832 4.07240200042725 4.07278680801392 4.07320690155029 4.07350158691406 4.07316064834595 4.07280492782593 4.0724139213562 4.07193660736084 4.07134103775024 4.07131099700928 4.07174301147461 4.07196664810181 4.07209205627441 4.07248783111572 4.07294797897339 4.07370138168335 4.0744571685791 4.07495546340942 4.07544040679932 4.07586622238159 4.07623720169067 4.07649326324463 4.07656669616699 4.07641744613647 4.07621240615845 4.07596635818481 4.07577657699585 4.07561063766479 4.07526731491089 4.07488965988159 4.07390403747559 4.07304048538208 4.07358837127686 4.07405662536621 4.07424545288086 4.07450485229492 4.07489633560181 4.07531499862671 4.07576322555542 4.07602453231812 4.07616519927979 4.07639837265015 4.07666444778442 4.07685470581055
4.0721001625061 4.07202529907227 4.07200145721436 4.07255411148071 4.07315111160278 4.07335901260376 4.07345533370972 4.07298374176025 4.07256603240967 4.07227897644043 4.07202053070068 4.07180213928223 4.0717077255249 4.07171487808228 4.07168483734131 4.07163715362549 4.07172775268555 4.07185125350952 4.07219791412354 4.07255983352661 4.07292699813843 4.07329511642456 4.07366514205933 4.07396125793457 4.07410049438477 4.07414388656616 4.0740704536438 4.07414770126343 4.07433462142944 4.07453155517578 4.07473278045654 4.07447195053101 4.07412004470825 4.07342338562012 4.07283306121826 4.07340908050537 4.07391452789307 4.07417345046997 4.07447242736816 4.07484531402588 4.0752534866333 4.0757007598877 4.07600498199463 4.07621622085571 4.07646131515503 4.07671880722046 4.07688903808594
