Ecospace-environmental-drivers/Outputs/ASCII-for-ecospace/MOM6-ISIMIP3a/tob/1981-07_tob_MOM6-ISIMIP3a.asc
NCOLS 131 
NROWS 53 
XLLCORNER -98 
YLLCORNER 23.9265270233154 
CELLSIZE 0.133587792515755 
NODATA_value -9999 
[rows 21 to 41 of 53, columns 47 to 93 of 131]
22.4775619506836 22.3881034851074 22.2902507781982 22.284252166748 22.2633628845215 21.5866107940674 20.8998107910156 20.1618919372559 19.1344604492188 17.4079742431641 16.1377029418945 15.4937496185303 13.820969581604 11.3064289093018 9.37223529815674 7.71294021606445 6.83671283721924 6.14758586883545 5.94129467010498 5.74629545211792 5.23286724090576 4.77248287200928 4.53409051895142 4.35119009017944 4.28543567657471 4.23076963424683 4.18965625762939 4.16677093505859 4.1571626663208 4.14631795883179 4.13496112823486 4.12994909286499 4.12618446350098 4.17674112319946 4.23205184936523 4.3141508102417 4.46211671829224 4.84167528152466 5.2200779914856 5.59633445739746 6.17166233062744 6.9638843536377 7.7738618850708 8.59532737731934 9.49755477905273 10.4287919998169 11.5263471603394
18.6306247711182 18.2836132049561 17.9441871643066 17.8575401306152 17.7750549316406 17.106351852417 16.3986129760742 15.492317199707 14.4909286499023 13.2599287033081 12.4018201828003 12.0556440353394 11.0141973495483 9.40390014648438 8.12976264953613 7.01485776901245 6.31686449050903 5.7184853553772 5.50795698165894 5.31531095504761 4.99513149261475 4.69670677185059 4.48933124542236 4.32599306106567 4.25562143325806 4.20215940475464 4.16936540603638 4.15054559707642 4.14190530776978 4.13025522232056 4.11735963821411 4.10940408706665 4.10241937637329 4.12005424499512 4.14019823074341 4.175950050354 4.24423170089722 4.42688941955566 4.61754989624023 4.82307243347168 5.15765905380249 5.63286542892456 6.13794898986816 6.66236448287964 7.55996656417847 8.5916223526001 9.7006311416626
14.5244178771973 13.9320888519287 13.3677539825439 13.2081518173218 13.0723505020142 12.4606313705444 11.7826509475708 10.7676076889038 9.85669612884521 9.19722080230713 8.79414749145508 8.74307823181152 8.3021240234375 7.54217481613159 6.90772771835327 6.33272743225098 5.83878087997437 5.36420106887817 5.13765382766724 4.93234443664551 4.78814172744751 4.63684415817261 4.45585012435913 4.30805444717407 4.23034238815308 4.17611742019653 4.15059900283813 4.13494157791138 4.12646675109863 4.11413812637329 4.10021305084229 4.09252977371216 4.08607339859009 4.08566427230835 4.08583354949951 4.08945655822754 4.09344005584717 4.09868907928467 4.11775016784668 4.16246223449707 4.25693988800049 4.40563869476318 4.59821510314941 4.8191819190979 5.68945407867432 6.79296636581421 7.92007875442505
10.7400636672974 10.3816585540771 10.1020975112915 9.90970611572266 9.71832656860352 9.31337070465088 8.89472389221191 8.40643787384033 7.97420597076416 7.67732429504395 7.46700763702393 7.37553262710571 7.10282325744629 6.68183279037476 6.22047472000122 5.73999500274658 5.35895681381226 5.00167798995972 4.83693552017212 4.68885326385498 4.59073925018311 4.49349164962769 4.39986801147461 4.30964040756226 4.22658348083496 4.17056083679199 4.14757966995239 4.13005304336548 4.11649894714355 4.10411262512207 4.09220933914185 4.0864953994751 4.08199787139893 4.08214092254639 4.08266162872314 4.0851993560791 4.08769226074219 4.0900297164917 4.09852933883667 4.11847400665283 4.1611385345459 4.22855758666992 4.31709098815918 4.41928625106812 4.84737682342529 5.3925347328186 6.61877393722534
7.44465780258179 7.27637004852295 7.21879053115845 7.01062726974487 6.78787422180176 6.58737134933472 6.41259145736694 6.36865997314453 6.33713150024414 6.33555269241333 6.285973072052 6.17049503326416 6.02876710891724 5.86556196212769 5.55463171005249 5.17372751235962 4.90499544143677 4.6630654335022 4.56160497665405 4.47205543518066 4.41540861129761 4.36496925354004 4.34051036834717 4.29810571670532 4.2178168296814 4.16456985473633 4.14437484741211 4.12558555603027 4.10782098770142 4.09554243087769 4.08553600311279 4.08151292800903 4.07866621017456 4.07922315597534 4.07998418807983 4.08151197433472 4.08271217346191 4.08276271820068 4.0827579498291 4.08265066146851 4.08316612243652 4.08435916900635 4.08763742446899 4.09226560592651 4.15347385406494 4.23500633239746 5.4438681602478
6.29315328598022 6.12290048599243 6.01197719573975 5.86265897750854 5.71466398239136 5.7084903717041 5.70975637435913 5.74886989593506 5.77613878250122 5.77480840682983 5.74556922912598 5.67801475524902 5.50387573242188 5.24253177642822 4.982666015625 4.72350025177002 4.56443691253662 4.42929124832153 4.39759063720703 4.37229871749878 4.3368558883667 4.30147504806519 4.26635408401489 4.22903823852539 4.18708896636963 4.15667343139648 4.14035558700562 4.12296676635742 4.10479784011841 4.09335470199585 4.08469724655151 4.08114385604858 4.07859420776367 4.0789623260498 4.0794734954834 4.08032321929932 4.08109617233276 4.08159875869751 4.08210802078247 4.08262968063354 4.08336782455444 4.08434152603149 4.08474636077881 4.08478212356567 4.10926961898804 4.1425404548645 4.82318544387817
5.36126470565796 5.20201826095581 5.06030607223511 4.97290420532227 4.89798927307129 5.01010847091675 5.11851453781128 5.20803546905518 5.26960802078247 5.26369714736938 5.23718976974487 5.18240547180176 5.00080490112305 4.71544694900513 4.52315092086792 4.37493658065796 4.30286931991577 4.24899625778198 4.26215124130249 4.2776894569397 4.26089286804199 4.24018955230713 4.20313739776611 4.17272663116455 4.15633535385132 4.14196252822876 4.13005638122559 4.11594438552856 4.1002254486084 4.09063816070557 4.08359003067017 4.08066129684448 4.07854175567627 4.07874870300293 4.0790491104126 4.07942295074463 4.07989501953125 4.08071374893188 4.08154726028442 4.0824089050293 4.08297348022461 4.08321380615234 4.08173513412476 4.07914304733276 4.07860803604126 4.07881164550781 4.34524822235107
4.90854835510254 4.78860807418823 4.66531848907471 4.64653348922729 4.64103841781616 4.70554971694946 4.770751953125 4.83946990966797 4.88190507888794 4.86087703704834 4.79868221282959 4.67997026443481 4.54534530639648 4.39770078659058 4.30898761749268 4.24818897247314 4.2136492729187 4.18538427352905 4.18905973434448 4.19431209564209 4.19058084487915 4.18372488021851 4.16378927230835 4.14424514770508 4.12552642822266 4.1123833656311 4.10605382919312 4.0993127822876 4.09227228164673 4.08676671981812 4.08189678192139 4.0799298286438 4.07853364944458 4.07863712310791 4.07881259918213 4.07915067672729 4.07959938049316 4.08043718338013 4.08118200302124 4.08175325393677 4.0812783241272 4.07966375350952 4.07846212387085 4.07752704620361 4.07749319076538 4.07778263092041 4.17876100540161
4.5879020690918 4.50885343551636 4.41952419281006 4.43574047088623 4.46273946762085 4.48917150497437 4.51842355728149 4.56202363967896 4.58092260360718 4.54017782211304 4.4641900062561 4.33981704711914 4.25358581542969 4.198561668396 4.17357110977173 4.16280651092529 4.15232992172241 4.14192152023315 4.14171695709229 4.14238309860229 4.14552211761475 4.14611482620239 4.13605165481567 4.12351989746094 4.10577726364136 4.09455490112305 4.09130048751831 4.08880519866943 4.08686256408691 4.0839729309082 4.08069133758545 4.07938051223755 4.07845735549927 4.0784592628479 4.07852792739868 4.07891893386841 4.07942247390747 4.080322265625 4.08106136322021 4.08150148391724 4.08046674728394 4.07782459259033 4.07672691345215 4.07662916183472 4.07685089111328 4.07718706130981 4.08395099639893
4.43341159820557 4.3972487449646 4.36142730712891 4.37035417556763 4.38339185714722 4.3837308883667 4.38615894317627 4.3992133140564 4.38904285430908 4.32279443740845 4.26055765151978 4.20382785797119 4.16777515411377 4.14863967895508 4.13722467422485 4.12946605682373 4.12611103057861 4.12380838394165 4.12676811218262 4.13001823425293 4.13223266601562 4.13222551345825 4.12292098999023 4.11255311965942 4.09994220733643 4.09150981903076 4.08818387985229 4.08600187301636 4.0846529006958 4.08253526687622 4.08009910583496 4.07905960083008 4.07829523086548 4.07819747924805 4.07818269729614 4.07873725891113 4.07939386367798 4.08041000366211 4.08124828338623 4.08175754547119 4.08076572418213 4.07813739776611 4.07692718505859 4.0766339302063 4.07680320739746 4.07713794708252 4.07931661605835
4.3349552154541 4.31711435317993 4.3041787147522 4.30953407287598 4.3161039352417 4.30491971969604 4.29438924789429 4.28718519210815 4.26288795471191 4.19731760025024 4.150954246521 4.13095998764038 4.11997938156128 4.11637401580811 4.11197233200073 4.10719442367554 4.10709095001221 4.10810422897339 4.11247301101685 4.11693477630615 4.11939287185669 4.11981678009033 4.11172723770142 4.10359191894531 4.09536123275757 4.08944749832153 4.08636569976807 4.08450317382812 4.08352851867676 4.08181571960449 4.07979822158813 4.07885885238647 4.07813167572021 4.07807445526123 4.07810544967651 4.07875728607178 4.07949113845825 4.08051252365112 4.08136510848999 4.08190393447876 4.0811333656311 4.07893562316895 4.07756090164185 4.0767183303833 4.07671976089478 4.07702445983887 4.07727909088135
4.27852487564087 4.26058292388916 4.24756622314453 4.25213766098022 4.25786161422729 4.24608039855957 4.23299074172974 4.21324443817139 4.18602752685547 4.14077234268188 4.11187410354614 4.10543298721313 4.10069465637207 4.09734964370728 4.09504127502441 4.0932240486145 4.09346914291382 4.09420680999756 4.09866809844971 4.10331201553345 4.1068902015686 4.10851812362671 4.10198593139648 4.09613466262817 4.09172058105469 4.08812236785889 4.08552169799805 4.08398246765137 4.08321762084961 4.08163547515869 4.07971525192261 4.07874774932861 4.07796764373779 4.07805585861206 4.0782299041748 4.07892894744873 4.07968187332153 4.08062601089478 4.08142852783203 4.08196830749512 4.08155298233032 4.08009767532349 4.07851934432983 4.07686233520508 4.07661008834839 4.07686233520508 4.07718896865845
4.22724771499634 4.20932054519653 4.19574975967407 4.19778156280518 4.20081615447998 4.18780422210693 4.17389726638794 4.15544080734253 4.13485765457153 4.10913944244385 4.0937237739563 4.09245300292969 4.0906023979187 4.0882773399353 4.08703184127808 4.08629703521729 4.08622980117798 4.08632183074951 4.08916902542114 4.09223747253418 4.09576940536499 4.09788990020752 4.09410333633423 4.09084749221802 4.0887131690979 4.086585521698 4.08446598052979 4.08300924301147 4.08203506469727 4.08071947097778 4.07926177978516 4.07868051528931 4.07827234268188 4.07849502563477 4.07877063751221 4.07933616638184 4.07993984222412 4.08067989349365 4.08133840560913 4.08184671401978 4.08168983459473 4.08080911636353 4.07913017272949 4.07693529129028 4.07653856277466 4.0767879486084 4.07710027694702
4.1781792640686 4.16031694412231 4.14598846435547 4.14472818374634 4.14428424835205 4.12976884841919 4.11579179763794 4.10455322265625 4.09469795227051 4.08818340301514 4.08454322814941 4.08484935760498 4.08444929122925 4.08347082138062 4.08284568786621 4.08238840103149 4.08172559738159 4.08101320266724 4.08151531219482 4.0822548866272 4.08524131774902 4.08754873275757 4.08701658248901 4.08649015426636 4.08597660064697 4.08495759963989 4.08332014083862 4.08184194564819 4.08047962188721 4.07948732376099 4.07864856719971 4.07863235473633 4.07877779006958 4.07913064956665 4.07949018478394 4.07984399795532 4.0802264213562 4.08070755004883 4.0811824798584 4.08164548873901 4.08170557022095 4.08132791519165 4.07959175109863 4.07697725296021 4.07648324966431 4.07675123214722 4.0770115852356
4.14928007125854 4.1338529586792 4.11986780166626 4.11663722991943 4.11419343948364 4.10326814651489 4.0931921005249 4.08743810653687 4.0827579498291 4.0806713104248 4.07975149154663 4.08043336868286 4.08071517944336 4.08066987991333 4.08070850372314 4.08078765869141 4.08025789260864 4.07958221435547 4.07956218719482 4.07968425750732 4.08122301101685 4.08248901367188 4.08261251449585 4.08270645141602 4.08273935317993 4.0823016166687 4.08128929138184 4.08035278320312 4.07947158813477 4.07905912399292 4.07884120941162 4.07898855209351 4.07920742034912 4.07954072952271 4.07987928390503 4.08022737503052 4.08057308197021 4.08090877532959 4.08123826980591 4.08155584335327 4.08124303817749 4.08024454116821 4.07872295379639 4.07686328887939 4.07654619216919 4.07678270339966 4.07698059082031
4.12455415725708 4.11205291748047 4.0986385345459 4.09371137619019 4.0895733833313 4.08329153060913 4.07793855667114 4.07731008529663 4.07665634155273 4.07594060897827 4.07586765289307 4.07667636871338 4.07748174667358 4.07828330993652 4.07899522781372 4.07966423034668 4.07941818237305 4.07895374298096 4.07878875732422 4.07864713668823 4.07855224609375 4.07852220535278 4.07876348495483 4.07904148101807 4.07939767837524 4.07943296432495 4.07907485961914 4.07879686355591 4.07857704162598 4.07879781723022 4.07920074462891 4.07942819595337 4.07962131500244 4.07990455627441 4.0802001953125 4.08058500289917 4.08093214035034 4.08114624023438 4.08133840560913 4.08148956298828 4.08068180084229 4.07882928848267 4.0775785446167 4.07671737670898 4.07663345336914 4.07682847976685 4.07696056365967
4.10180950164795 4.09378099441528 4.08506870269775 4.0823769569397 4.08026933670044 4.07728576660156 4.07474136352539 4.07443237304688 4.07407379150391 4.07359409332275 4.07364225387573 4.07441520690918 4.07523345947266 4.07608890533447 4.07695531845093 4.07782649993896 4.07781171798706 4.07758522033691 4.07729148864746 4.07701921463013 4.0771164894104 4.07725715637207 4.07757997512817 4.0778636932373 4.07806587219238 4.07822799682617 4.07834243774414 4.07841062545776 4.07844543457031 4.07857704162598 4.07874870300293 4.07841920852661 4.0779914855957 4.0780816078186 4.07820320129395 4.07844161987305 4.07868719100952 4.07895994186401 4.07926797866821 4.07964181900024 4.07964372634888 4.07924127578735 4.07821369171143 4.07678174972534 4.07651805877686 4.07667350769043 4.07681131362915
4.0806450843811 4.07694482803345 4.07292127609253 4.07246017456055 4.0723671913147 4.07236862182617 4.07233572006226 4.07212543487549 4.07188510894775 4.07157230377197 4.0716724395752 4.07233905792236 4.07310819625854 4.07396030426025 4.07491874694824 4.075927734375 4.07611083984375 4.07609701156616 4.07570648193359 4.07533979415894 4.07568883895874 4.07604885101318 4.07645511627197 4.07674551010132 4.07679224014282 4.0770583152771 4.07759284973145 4.07796621322632 4.07822227478027 4.07823085784912 4.07813739776611 4.07728290557861 4.07627868652344 4.07616949081421 4.07611322402954 4.07624769210815 4.07642459869385 4.07675361633301 4.07717132568359 4.07775449752808 4.07853555679321 4.07953214645386 4.07875108718872 4.076819896698 4.07640027999878 4.07652282714844 4.07666921615601
4.07539081573486 4.07374334335327 4.0722827911377 4.07212400436401 4.07210922241211 4.07239770889282 4.07261085510254 4.0724401473999 4.07221984863281 4.07188034057617 4.0716381072998 4.07152891159058 4.07182121276855 4.07244253158569 4.0730767250061 4.07371664047241 4.07377147674561 4.07368612289429 4.07352876663208 4.07339954376221 4.07375907897949 4.07415103912354 4.07467889785767 4.07507371902466 4.07518577575684 4.07546710968018 4.07595539093018 4.07634115219116 4.07665348052979 4.07652473449707 4.07621335983276 4.07547664642334 4.07465600967407 4.07435178756714 4.07414579391479 4.0747127532959 4.07521438598633 4.0754861831665 4.07582664489746 4.07629537582397 4.07690334320068 4.07766199111938 4.07739925384521 4.07647562026978 4.07635116577148 4.07651424407959 4.07666397094727
4.07137966156006 4.07131195068359 4.07174205780029 4.07187795639038 4.07199859619141 4.07250642776489 4.07289695739746 4.07269144058228 4.07244729995728 4.07210874557495 4.07164239883423 4.07099962234497 4.07090663909912 4.0712628364563 4.07158613204956 4.07189464569092 4.07185173034668 4.0717248916626 4.07174682617188 4.07179689407349 4.07210397720337 4.07245969772339 4.07301902770996 4.07344675064087 4.07359552383423 4.07385158538818 4.07423782348633 4.07458066940308 4.07489109039307 4.07469701766968 4.07429361343384 4.07373905181885 4.07315444946289 4.07278633117676 4.07254552841187 4.07346773147583 4.07423257827759 4.07444381713867 4.07470893859863 4.07507467269897 4.07553386688232 4.07609558105469 4.07626485824585 4.07618093490601 4.07630920410156 4.07651376724243 4.07666540145874
4.0719256401062 4.07170677185059 4.07155895233154 4.07196426391602 4.07242679595947 4.07290697097778 4.07322406768799 4.07271146774292 4.0722804069519 4.07204627990723 4.07179021835327 4.07150316238403 4.07135486602783 4.07132053375244 4.07138633728027 4.07149982452393 4.07147216796875 4.07141065597534 4.07141780853271 4.07143020629883 4.07145595550537 4.07152652740479 4.07178497314453 4.07198572158813 4.07206296920776 4.07214403152466 4.07222890853882 4.07232189178467 4.07242012023926 4.07242393493652 4.0723876953125 4.07225179672241 4.07209587097168 4.07214689254761 4.07229232788086 4.07328510284424 4.07408857345581 4.07422733306885 4.07442331314087 4.07472562789917 4.07512950897217 4.07564353942871 4.07592916488647 4.07606792449951 4.07629108428955 4.07654476165771 4.0766921043396
