Ecospace-environmental-drivers/Outputs/ASCII-for-ecospace/MOM6-ISIMIP3a/tob/1981-12_tob_MOM6-ISIMIP3a.asc
NCOLS 131 
NROWS 53 
XLLCORNER -98 
YLLCORNER 23.9265270233154 
CELLSIZE 0.133587792515755 
NODATA_value -9999 
[rows 0 to 20 of 53, columns 47 to 93 of 131]
-9999 -9999 -9999 -9999 -9999 -9999 -9999 -9999 -9999 -9999 -9999 -9999 -9999 -9999 -9999 -9999 -9999 -9999 -9999 -9999 -9999 -9999 -9999 -9999 -9999 -9999 -9999 -9999 -9999 -9999 -9999 -9999 -9999 -9999 -9999 -9999 -9999 -9999 -9999 -9999 -9999 -9999 -9999 -9999 -9999 -9999 -9999
-9999 -9999 -9999 -9999 -9999 -9999 -9999 -9999 -9999 -9999 -9999 -9999 -9999 -9999 -9999 -9999 -9999 -9999 -9999 -9999 -9999 -9999 -9999 -9999 -9999 -9999 -9999 -9999 -9999 -9999 -9999 -9999 -9999 -9999 -9999 -9999 -9999 -9999 -9999 -9999 -9999 -9999 -9999 -9999 -9999 -9999 -9999
-9999 -9999 -9999 -9999 -9999 -9999 -9999 -9999 -9999 -9999 -9999 -9999 -9999 -9999 -9999 -9999 -9999 -9999 -9999 -9999 -9999 -9999 -9999 -9999 -9999 -9999 -9999 16.8800010681152 16.6822395324707 -9999 -9999 -9999 -9999 -9999 -9999 -9999 -9999 -9999 -9999 -9999 -9999 -9999 -9999 -9999 -9999 -9999 -9999
-9999 -9999 -9999 -9999 -9999 -9999 -9999 -9999 -9999 -9999 -9999 -9999 -9999 -9999 -9999 -9999 -9999 -9999 -9999 -9999 -9999 -9999 -9999 -9999 -9999 -9999 -9999 16.8929958343506 16.6638889312744 -9999 -9999 -9999 -9999 -9999 -9999 -9999 -9999 -9999 -9999 -9999 -9999 -9999 -9999 -9999 -9999 -9999 -9999
-9999 -9999 -9999 -9999 -9999 -9999 -9999 -9999 -9999 -9999 -9999 -9999 -9999 -9999 -9999 -9999 -9999 -9999 15.4704322814941 15.5465850830078 15.6075067520142 15.9628810882568 16.2765235900879 16.815710067749 17.1499366760254 17.2291088104248 17.1238136291504 16.8964347839355 16.6587390899658 16.4364948272705 -9999 -9999 17.0013523101807 17.8036003112793 18.6774044036865 19.3121681213379 19.5454483032227 19.5394458770752 19.3071403503418 18.9693737030029 18.4903926849365 17.919376373291 -9999 -9999 -9999 -9999 -9999
-9999 -9999 -9999 -9999 -9999 -9999 -9999 -9999 -9999 -9999 -9999 -9999 -9999 -9999 16.3903388977051 -9999 16.0011711120605 15.6764001846313 15.6156196594238 15.4704322814941 15.5618152618408 15.6075067520142 16.3182544708252 16.90380859375 17.2250690460205 17.3209342956543 17.141321182251 16.9091854095459 16.6387958526611 16.4282360076904 16.24245262146 16.4521007537842 16.7394790649414 17.8124771118164 18.8588466644287 19.3608913421631 19.7167644500732 19.5586910247803 19.3428802490234 19.0198516845703 18.545389175415 17.9059391021729 17.3067989349365 16.7337417602539 -9999 -9999 -9999
-9999 -9999 -9999 -9999 -9999 -9999 -9999 -9999 -9999 -9999 20.6412200927734 20.6332855224609 20.6375503540039 20.6744289398193 18.5756378173828 16.4348793029785 16.3457984924316 15.9813146591187 15.6764001846313 15.700026512146 15.4704322814941 15.6075067520142 16.3182544708252 16.90380859375 17.2250690460205 17.3209342956543 17.141321182251 16.9091854095459 16.6387958526611 16.4282360076904 16.24245262146 16.4521007537842 16.7394790649414 17.8124771118164 18.8588466644287 19.3608913421631 19.7167644500732 19.5586910247803 19.3428802490234 19.0198516845703 18.545389175415 17.9059391021729 17.3067989349365 16.7337417602539 16.5822944641113 17.2342090606689 -9999
-9999 -9999 -9999 -9999 -9999 -9999 -9999 -9999 -9999 -9999 20.6837635040283 20.6412200927734 20.6253509521484 -9999 20.7518539428711 18.6995754241943 16.523962020874 16.3457984924316 15.921745300293 15.6764001846313 15.9532480239868 16.3785400390625 17.4250831604004 18.2706089019775 18.6917762756348 18.8377933502197 18.6475200653076 18.3765830993652 18.0468902587891 17.7631282806396 17.4983863830566 17.6488342285156 17.8808975219727 18.4455871582031 19.0085926055908 19.4348258972168 19.7641277313232 19.7526111602783 19.702241897583 19.5797233581543 19.3209819793701 18.9138202667236 18.4128684997559 17.8512325286865 17.6178798675537 17.5024528503418 17.2683925628662
-9999 -9999 -9999 -9999 -9999 -9999 -9999 -9999 -9999 -9999 -9999 -9999 -9999 -9999 20.6875419616699 20.9585399627686 18.9820327758789 16.7021255493164 16.3457984924316 15.7430381774902 16.423095703125 17.2429866790771 18.6480903625488 19.7709007263184 20.2977695465088 20.4972381591797 20.2965545654297 19.9847316741943 19.5919551849365 19.2304801940918 18.8819713592529 18.9579486846924 19.1173725128174 19.0970516204834 19.1048278808594 19.4521007537842 19.7586002349854 19.9217472076416 20.0662059783936 20.1759605407715 20.1634464263916 20.0177154541016 19.6277370452881 19.0797176361084 18.3737373352051 17.6110134124756 17.1733589172363
16.5939979553223 -9999 -9999 -9999 -9999 -9999 -9999 -9999 -9999 -9999 19.6676082611084 20.7273693084717 -9999 -9999 -9999 20.8436641693115 21.4542121887207 19.5643615722656 17.0584526062012 17.1590194702148 17.6940212249756 18.3705825805664 19.6395854949951 20.6460399627686 21.0982398986816 21.2738475799561 21.1114044189453 20.8344631195068 20.4741230010986 20.1582050323486 19.8606834411621 19.5666751861572 19.2733554840088 17.9804248809814 16.8155517578125 17.263256072998 17.7756290435791 18.515380859375 19.228796005249 19.8932952880859 20.3493309020996 20.578239440918 20.3629264831543 19.860179901123 19.1397304534912 18.3410778045654 17.5636310577393
16.6311187744141 16.6365985870361 -9999 -9999 -9999 -9999 -9999 -9999 -9999 -9999 19.2485694885254 20.2600688934326 20.7273693084717 -9999 -9999 20.5142631530762 21.3755073547363 22.4728679656982 20.5691776275635 18.623119354248 19.0611724853516 19.6176128387451 20.6695117950439 21.497932434082 21.8545684814453 21.9889678955078 21.8517456054688 21.572193145752 21.1889686584473 20.7642517089844 20.3223495483398 19.5275726318359 18.6634292602539 16.4336318969727 14.4141960144043 14.9437885284424 15.6350879669189 16.8949565887451 18.1227035522461 19.2907962799072 20.2199382781982 20.8887329101562 20.9286937713623 20.5617713928223 19.8632564544678 19.0456256866455 18.0277137756348
16.6311187744141 16.6475582122803 16.9946384429932 17.2246627807617 -9999 -9999 -9999 -9999 -9999 -9999 -9999 20.2150611877441 20.8672065734863 20.7273693084717 20.6412200927734 20.5142631530762 21.3755073547363 22.4728679656982 21.425106048584 20.3453254699707 20.9444675445557 21.5052623748779 21.9055786132812 22.2251205444336 22.3741397857666 22.3742733001709 22.1924381256104 21.7091636657715 21.0063247680664 19.6448764801025 18.0106735229492 16.0136528015137 13.9453115463257 12.5795011520386 11.4116687774658 11.9236888885498 12.6493806838989 14.1263513565063 15.5754470825195 16.9727725982666 18.3994522094727 19.8581123352051 20.5857238769531 20.840311050415 20.3589839935303 19.6133041381836 18.8877067565918
16.7440643310547 16.9350261688232 17.1656246185303 17.2303466796875 -9999 -9999 -9999 -9999 17.6787261962891 18.169641494751 19.0516605377197 20.4706172943115 21.1229076385498 21.1479320526123 21.0853939056396 20.9813766479492 21.6922817230225 22.5978984832764 22.1677398681641 21.7143001556396 22.2576427459717 22.633243560791 22.3068313598633 21.9485397338867 21.52294921875 21.0409297943115 20.4899368286133 19.6907958984375 18.7109069824219 16.8831310272217 14.704216003418 12.2891159057617 9.82758712768555 9.30970287322998 8.95968246459961 9.54635238647461 10.3573989868164 11.9573640823364 13.5217819213867 15.0201854705811 16.6982917785645 18.572193145752 19.829984664917 20.6891250610352 20.5947818756104 20.1579322814941 19.7467346191406
17.1393814086914 17.1556243896484 17.1843681335449 17.2303466796875 17.2780170440674 17.3236560821533 17.3769989013672 17.4695262908936 17.6787261962891 18.169641494751 19.0516605377197 20.4706172943115 21.563793182373 22.3904228210449 22.6400241851807 22.6163024902344 22.80100440979 23.0355072021484 22.6271343231201 22.2001762390137 22.1454925537109 21.8620128631592 20.6210021972656 19.162483215332 17.2447891235352 15.4108734130859 13.6793518066406 12.2839765548706 11.1334457397461 10.0153751373291 8.91074848175049 8.03802013397217 7.21087789535522 7.50076246261597 7.88407421112061 8.77595710754395 9.79976940155029 11.2874479293823 12.7021179199219 13.9812040328979 15.2954511642456 16.6480083465576 18.0423030853271 19.4636058807373 20.1807422637939 20.6449317932129 20.6033535003662
17.8037567138672 17.6324558258057 17.4511489868164 17.4446601867676 17.4580936431885 17.5262889862061 17.6093826293945 17.7682552337646 18.069766998291 18.7156944274902 19.6464366912842 20.9681949615479 22.1026306152344 23.0838050842285 23.4488658905029 23.522087097168 23.4077186584473 23.2485294342041 22.5640354156494 21.816385269165 20.6747817993164 19.3814811706543 17.4533233642578 15.3689098358154 12.954628944397 10.7179594039917 8.69836711883545 7.24789142608643 6.21195125579834 5.63758611679077 5.25437545776367 5.33795309066772 5.5132908821106 6.34134721755981 7.21410369873047 8.28739356994629 9.42862606048584 10.8087453842163 12.0944175720215 13.2046918869019 14.2710409164429 15.2895317077637 16.6662464141846 18.2747478485107 19.4962501525879 20.5787372589111 20.9483070373535
18.8485336303711 18.4715480804443 18.0686073303223 17.9619693756104 17.8927669525146 18.0154094696045 18.1703147888184 18.4893321990967 19.0136680603027 20.0337677001953 21.0821189880371 22.1692562103271 22.779956817627 23.0008487701416 23.203296661377 23.3970069885254 23.3046855926514 23.144021987915 21.7622222900391 20.2030506134033 17.283317565918 14.4843139648438 12.1905813217163 10.1508903503418 8.64750099182129 7.3499903678894 6.30410528182983 5.5635929107666 5.04550981521606 4.78015470504761 4.61946296691895 4.83075666427612 5.11517381668091 6.10024118423462 7.11763000488281 8.19728851318359 9.32114124298096 10.6003837585449 11.7863941192627 12.799262046814 13.7816619873047 14.7308654785156 15.8721504211426 17.1377220153809 18.4293880462646 19.7304248809814 20.5698623657227
19.9281787872314 19.4959411621094 19.0291595458984 18.8396778106689 18.6895771026611 18.8363304138184 19.0257987976074 19.4325656890869 20.0271415710449 21.0752010345459 22.0215740203857 22.8283462524414 22.6938629150391 21.7892723083496 21.5196723937988 21.550853729248 21.4382820129395 21.2913646697998 19.2560901641846 17.0144996643066 13.6581573486328 10.5721292495728 8.61739349365234 7.01039361953735 6.13749313354492 5.44497537612915 4.97292327880859 4.6460223197937 4.42484760284424 4.32839632034302 4.28359699249268 4.55898094177246 4.89730501174927 5.91514873504639 6.95257472991943 7.93546772003174 8.94843864440918 10.0671625137329 11.1481332778931 12.158989906311 13.1386156082153 14.0842132568359 15.1030941009521 16.1693935394287 17.491397857666 18.9052581787109 19.9397239685059
21.0371837615967 20.6763763427734 20.278636932373 20.0208854675293 19.7913475036621 19.9366645812988 20.1293334960938 20.5628852844238 21.0992050170898 21.8836708068848 22.5431480407715 23.0310306549072 21.964879989624 19.6272640228271 18.6250381469727 18.2553558349609 18.0869121551514 17.966552734375 15.3147211074829 12.4994268417358 9.83619785308838 7.489417552948 6.46701145172119 5.61941909790039 5.14087390899658 4.77194213867188 4.53698062896729 4.37412738800049 4.26379680633545 4.21826314926147 4.1995644569397 4.48545789718628 4.83122634887695 5.77722597122192 6.72976541519165 7.52904176712036 8.35238933563232 9.2603702545166 10.2317724227905 11.320951461792 12.3661623001099 13.3634662628174 14.3551225662231 15.3431253433228 16.6619358062744 18.0995788574219 19.0976295471191
21.893138885498 21.6610221862793 21.4014835357666 21.1839466094971 20.9814281463623 21.0683135986328 21.1954555511475 21.5273761749268 21.9042186737061 22.3895282745361 22.7116622924805 22.8097839355469 21.0056419372559 17.6451206207275 15.6420850753784 14.2820587158203 13.978081703186 13.9264307022095 11.8337984085083 9.62207889556885 7.71784543991089 6.06221771240234 5.44702816009521 4.94343423843384 4.67542791366577 4.46803903579712 4.33473777770996 4.24752855300903 4.19389247894287 4.16980123519897 4.15794610977173 4.37303447723389 4.63273429870605 5.38000106811523 6.13119220733643 6.74432897567749 7.41597604751587 8.29334926605225 9.19488430023193 10.1412897109985 11.1083068847656 12.0977821350098 13.0595350265503 14.0033512115479 15.2541227340698 16.6151561737061 17.7421932220459
22.6252613067627 22.5498542785645 22.4623641967773 22.3381290435791 22.2147235870361 22.2152881622314 22.2432689666748 22.4107189178467 22.5785484313965 22.74729347229 22.7074012756348 22.3810787200928 19.933723449707 15.7509994506836 12.6159114837646 9.97706699371338 9.49857139587402 9.53625679016113 8.57820415496826 7.54618310928345 6.43318891525269 5.44517707824707 4.98022890090942 4.61734390258789 4.46992206573486 4.34477758407593 4.24686050415039 4.19203329086304 4.16859245300293 4.15151977539062 4.13708400726318 4.24157476425171 4.3694429397583 4.85588121414185 5.34873104095459 5.7744927406311 6.31299829483032 7.24791765213013 8.09901523590088 8.79444694519043 9.61291027069092 10.5654211044312 11.4959592819214 12.4122819900513 13.5632810592651 14.7985782623291 16.1355400085449
22.6904392242432 22.5919761657715 22.5067253112793 22.5055389404297 22.4963130950928 22.0377292633057 21.6424179077148 21.5689601898193 21.3227672576904 20.6594905853271 19.9778022766113 19.2708415985107 17.0529403686523 13.5988311767578 10.8447980880737 8.42237758636475 7.76615524291992 7.53193807601929 7.03721570968628 6.50865459442139 5.74805498123169 5.06895923614502 4.73096704483032 4.46897029876709 4.3674054145813 4.28077793121338 4.2124080657959 4.17229318618774 4.15275859832764 4.1369686126709 4.12272977828979 4.1682653427124 4.22555112838745 4.49026012420654 4.76068067550659 5.01185989379883 5.36098575592041 6.05449485778809 6.68695402145386 7.20603609085083 7.89475250244141 8.76829147338867 9.62492275238037 10.4706125259399 11.5076541900635 12.6134338378906 13.9867744445801
