Ecospace-environmental-drivers/Outputs/ASCII-for-ecospace/MOM6-ISIMIP3a/tob/1982-02_tob_MOM6-ISIMIP3a.asc
NCOLS 131 
NROWS 53 
XLLCORNER -98 
YLLCORNER 23.9265270233154 
CELLSIZE 0.133587792515755 
NODATA_value -9999 
[rows 21 to 41 of 53, columns 0 to 46 of 131]
-9999 -9999 -9999 -9999 -9999 -9999 16.808572769165 16.7326145172119 16.5430469512939 16.2261962890625 16.0269241333008 15.5248212814331 15.6515645980835 16.0290966033936 16.4149856567383 16.8105144500732 17.2105922698975 17.6137962341309 17.8849506378174 18.1051139831543 18.4622268676758 18.843505859375 19.0213012695312 19.1929798126221 19.3508224487305 19.5207195281982 19.7297096252441 19.9029388427734 20.0137615203857 20.0996322631836 20.1598262786865 20.243745803833 20.3421154022217 20.4886322021484 20.651195526123 20.8283596038818 21.0070304870605 21.1143989562988 21.2076110839844 21.2106761932373 21.2392749786377 21.3389472961426 21.4293022155762 21.505256652832 21.5780410766602 21.6479187011719 21.6415576934814
-9999 -9999 -9999 -9999 -9999 -9999 16.8240070343018 16.808572769165 16.6566581726074 16.4807605743408 16.2261962890625 16.3297576904297 16.6372547149658 17.3482799530029 17.9317417144775 18.368013381958 18.7311191558838 19.0439796447754 19.1667537689209 19.2161312103271 18.6392421722412 17.9518375396729 17.8403987884521 17.7579212188721 17.811695098877 17.9256954193115 18.2349758148193 18.5385055541992 18.8319969177246 19.3652896881104 20.1453304290771 20.5540561676025 20.7365779876709 20.8822803497314 21.0157108306885 21.0539245605469 21.0727863311768 20.2314491271973 19.3951187133789 18.5906658172607 18.054292678833 18.2641792297363 18.4331760406494 18.5389823913574 18.6667461395264 18.8146629333496 18.5090045928955
-9999 -9999 -9999 -9999 16.8088665008545 16.8357086181641 16.8324451446533 16.8310050964355 16.808572769165 16.5047416687012 16.3835334777832 16.9613304138184 17.6882743835449 18.7103366851807 19.4406967163086 19.8344764709473 20.0620632171631 20.1755142211914 20.0967712402344 19.9438152313232 18.4288520812988 16.6735363006592 16.2880420684814 15.9660930633545 15.923731803894 15.9859781265259 16.3874015808105 16.8133449554443 17.2820720672607 18.2512912750244 19.7355098724365 20.4843635559082 20.7852382659912 20.9588470458984 21.0900344848633 20.9963474273682 20.8594436645508 19.0357837677002 17.2465953826904 15.6769428253174 14.604567527771 14.9164924621582 15.1588592529297 15.2937288284302 15.4739274978638 15.6957302093506 15.0986280441284
-9999 -9999 -9999 -9999 16.7406787872314 16.8266334533691 16.8389739990234 16.8324451446533 16.8519992828369 17.1008701324463 17.4184951782227 17.9992828369141 18.6656913757324 19.5015201568604 19.5724124908447 18.7606887817383 17.5366020202637 16.0293292999268 15.2161016464233 14.6708688735962 13.458945274353 12.1293706893921 12.0508613586426 12.0072736740112 12.0264225006104 12.0871667861938 12.2827787399292 12.4859857559204 12.702446937561 13.2700862884521 14.1990814208984 15.0358428955078 15.8164167404175 16.4081363677979 16.9369029998779 16.9441108703613 16.8640441894531 14.6733732223511 12.6753997802734 11.9045934677124 11.3464775085449 11.380443572998 11.4106521606445 11.4350538253784 11.4931049346924 11.5820398330688 11.1202297210693
-9999 -9999 -9999 -9999 -9999 16.7406787872314 16.8944339752197 16.8455028533936 17.0030117034912 17.7136554718018 18.3935127258301 18.9555225372314 19.4540100097656 19.8268032073975 19.1349754333496 17.2147426605225 14.831934928894 12.131459236145 10.8038969039917 10.0064687728882 9.11101818084717 8.19826984405518 8.35648155212402 8.5263032913208 8.59746265411377 8.65192222595215 8.65223217010498 8.65918350219727 8.67772388458252 8.92182445526123 9.39801979064941 10.2605514526367 11.3584356307983 12.2095746994019 12.9784660339355 13.0442276000977 12.9967060089111 10.7113189697266 8.72029304504395 8.60385417938232 8.46973705291748 8.28640937805176 8.15113258361816 8.09011554718018 8.04315376281738 8.0090913772583 7.67202663421631
-9999 -9999 -9999 -9999 -9999 16.8963031768799 16.7406787872314 17.1591110229492 17.62575340271 18.3994808197021 19.1056900024414 19.5534763336182 19.4131832122803 18.1092491149902 16.2019672393799 13.5985164642334 11.3414916992188 9.32237243652344 8.44578838348389 8.01037883758545 7.49030303955078 6.95528554916382 7.04212999343872 7.14056205749512 7.22208547592163 7.24929189682007 7.10038089752197 7.02717781066895 7.0860915184021 7.34884214401245 7.82133817672729 8.43717956542969 9.14034748077393 9.55509567260742 9.87370681762695 9.81237697601318 9.69087409973145 8.50471782684326 7.4665699005127 7.37099504470825 7.26510095596313 7.13048267364502 7.0343713760376 6.99777126312256 6.92092561721802 6.8071436882019 6.54858160018921
-9999 -9999 17.2367286682129 17.1968746185303 17.1552085876465 17.0521106719971 16.8961181640625 17.564058303833 18.2792930603027 19.0406036376953 19.6791839599609 19.8480091094971 19.0225257873535 16.2295875549316 13.4391012191772 10.6514434814453 8.65530204772949 7.20272970199585 6.65346574783325 6.45300245285034 6.21070575714111 5.96102666854858 5.99202871322632 6.03466558456421 6.12303876876831 6.13803148269653 5.91509675979614 5.80383968353271 5.88747072219849 6.15217542648315 6.6032018661499 7.00031661987305 7.36458921432495 7.46165990829468 7.46966409683228 7.32565259933472 7.15909337997437 6.77887582778931 6.438072681427 6.34827280044556 6.25063896179199 6.13119745254517 6.04311847686768 6.00350856781006 5.9102201461792 5.76766490936279 5.59013700485229
-9999.000000000000000 -9999 -9999 -9999 17.3833026885986 17.2583045959473 17.3533344268799 18.1682910919189 19.0000286102295 19.5841960906982 19.9500885009766 19.4805183410645 17.8685817718506 13.9962301254272 11.0474605560303 9.16436195373535 7.72387647628784 6.58735418319702 6.09560775756836 5.85283374786377 5.67537927627563 5.5094518661499 5.51848316192627 5.53934907913208 5.62690591812134 5.66249990463257 5.52960872650146 5.47215509414673 5.54634523391724 5.77657318115234 6.16736125946045 6.40675973892212 6.55393266677856 6.59233665466309 6.59448432922363 6.46468544006348 6.31617784500122 6.10198354721069 5.90098667144775 5.78403854370117 5.65110683441162 5.47368144989014 5.32570695877075 5.22324705123901 5.14283847808838 5.08266925811768 4.99169969558716
-9999 -9999 -9999 -9999 17.6904449462891 17.8394947052002 17.7590713500977 18.5962333679199 19.4515705108643 19.9537143707275 20.0463981628418 18.5718460083008 16.2110042572021 12.0964479446411 9.29181671142578 7.99863576889038 6.96569490432739 6.11147260665894 5.66012382507324 5.36433935165405 5.22896575927734 5.12189960479736 5.12638282775879 5.14222764968872 5.23239850997925 5.28953886032104 5.23958158493042 5.22390222549438 5.26804113388062 5.43947172164917 5.74188327789307 5.8514256477356 5.8434739112854 5.83771896362305 5.83269691467285 5.73366737365723 5.62164545059204 5.50958776473999 5.39740228652954 5.2844033241272 5.15354251861572 4.97295904159546 4.81994867324829 4.70954990386963 4.64948177337646 4.63560676574707 4.59590721130371
-9999 -9999 -9999 -9999 17.9065132141113 17.9735336303711 18.0562877655029 18.8023853302002 19.5644435882568 20.1042308807373 19.9230537414551 16.9823246002197 13.9198141098022 10.6163301467896 8.33630847930908 7.23720264434814 6.42546892166138 5.81108617782593 5.37859582901001 5.01634120941162 4.89441204071045 4.81489276885986 4.83674669265747 4.86864423751831 4.96574449539185 5.04562091827393 5.06965208053589 5.08061456680298 5.06877183914185 5.15080738067627 5.32944250106812 5.34417963027954 5.25907135009766 5.22741079330444 5.21356582641602 5.16613578796387 5.11379051208496 5.02349615097046 4.93596601486206 4.86603879928589 4.78426170349121 4.66949701309204 4.58046817779541 4.53121328353882 4.50086975097656 4.4878830909729 4.45505857467651
-9999 -9999 -9999 -9999 17.9735336303711 18.0737075805664 18.1913013458252 18.8975982666016 19.6318092346191 20.257453918457 20.0804843902588 16.8314533233643 13.5028371810913 10.0167474746704 7.67444801330566 6.65190076828003 5.95604228973389 5.48453521728516 5.11497640609741 4.78478336334229 4.68168306350708 4.61865758895874 4.64762020111084 4.68438482284546 4.76938390731812 4.84774351119995 4.90457534790039 4.93166494369507 4.90685272216797 4.92878198623657 4.99880743026733 4.9703197479248 4.8818187713623 4.84357929229736 4.82209444046021 4.80272197723389 4.78328609466553 4.71445322036743 4.64897060394287 4.60482215881348 4.55511665344238 4.48994398117065 4.44237661361694 4.42201662063599 4.40437602996826 4.38923168182373 4.35987758636475
-9999 -9999 -9999 -9999 18.0795135498047 18.1913013458252 18.9272651672363 18.9096031188965 19.6650466918945 20.4127063751221 20.4485015869141 17.7595825195312 14.4915390014648 10.0775766372681 7.232825756073 6.19869995117188 5.5397162437439 5.13836002349854 4.86478757858276 4.64055728912354 4.56032466888428 4.50550270080566 4.5338773727417 4.56711959838867 4.62574434280396 4.68439626693726 4.7431378364563 4.77846908569336 4.77294635772705 4.75673580169678 4.72952747344971 4.69650077819824 4.65992975234985 4.62960815429688 4.60136938095093 4.59239912033081 4.58579635620117 4.53819894790649 4.49280786514282 4.46146678924561 4.43107509613037 4.40332460403442 4.38032722473145 4.36467599868774 4.34697246551514 4.32738590240479 4.29894781112671
-9999 -9999 -9999 -9999 18.1913013458252 19.0986518859863 19.4637222290039 19.7105598449707 19.7636318206787 20.6149673461914 20.9101028442383 19.0763454437256 15.998387336731 10.4585027694702 7.03633403778076 6.05767869949341 5.42452144622803 5.02863359451294 4.76863622665405 4.56111097335815 4.48840045928955 4.43948030471802 4.44095325469971 4.4442663192749 4.45372295379639 4.47163867950439 4.51698541641235 4.5537543296814 4.57555389404297 4.57247304916382 4.54378938674927 4.51932764053345 4.49743795394897 4.4680233001709 4.43610095977783 4.4368691444397 4.44196939468384 4.42121648788452 4.39962530136108 4.37269496917725 4.34835577011108 4.3312292098999 4.31767225265503 4.30963182449341 4.2944860458374 4.27281856536865 4.24882173538208
-9999 -9999 -9999 -9999 -9999 19.7309494018555 19.8123168945312 19.7710018157959 19.8902263641357 20.8373737335205 21.4118118286133 20.5596714019775 17.7273006439209 10.9766149520874 6.944899559021 6.05045032501221 5.43838453292847 5.02024459838867 4.73850202560425 4.50942754745483 4.43766260147095 4.39365816116333 4.35695123672485 4.31901884078979 4.26953744888306 4.23770523071289 4.26309776306152 4.29838848114014 4.35095310211182 4.38297414779663 4.39385604858398 4.38357496261597 4.36040163040161 4.32889032363892 4.29459953308105 4.30482244491577 4.3211407661438 4.3296365737915 4.33343458175659 4.30731582641602 4.28334617614746 4.26535797119141 4.25475692749023 4.2555718421936 4.24410676956177 4.22137117385864 4.20332670211792
-9999 -9999 -9999 -9999 -9999 19.9497985839844 19.9168090820312 19.9553909301758 20.0234718322754 20.9807376861572 21.6359043121338 21.1347751617432 18.3968906402588 11.2331018447876 7.00048208236694 6.14997339248657 5.54304695129395 5.1033992767334 4.77283620834351 4.48439455032349 4.38468837738037 4.31828832626343 4.26676654815674 4.2167067527771 4.17611503601074 4.14851713180542 4.16304874420166 4.18538951873779 4.22135782241821 4.24712610244751 4.2623987197876 4.25929117202759 4.24498653411865 4.22261619567871 4.19755792617798 4.20825529098511 4.22389507293701 4.23959732055664 4.25135850906372 4.23802375793457 4.22464561462402 4.21114587783813 4.20395946502686 4.20652961730957 4.19887638092041 4.18183898925781 4.16908836364746
-9999 -9999 -9999 -9999 -9999 20.148078918457 20.1202716827393 20.0240345001221 20.1580963134766 21.1077461242676 21.8025588989258 21.5219669342041 18.8473052978516 11.4354572296143 7.08648252487183 6.27158355712891 5.66649580001831 5.20549488067627 4.82050943374634 4.46487617492676 4.33125162124634 4.2368049621582 4.17530202865601 4.11913967132568 4.10147142410278 4.0892767906189 4.09482908248901 4.10184574127197 4.11141920089722 4.1223783493042 4.13476419448853 4.13738059997559 4.1340446472168 4.12314128875732 4.10971546173096 4.11902952194214 4.13152885437012 4.14987659454346 4.16599559783936 4.1679220199585 4.16725063323975 4.15934562683105 4.15566921234131 4.1585259437561 4.15471076965332 4.14477205276489 4.13717889785767
-9999 -9999 -9999 -9999 -9999 -9999 20.4071578979492 20.3813896179199 20.4529838562012 21.3227443695068 21.9345207214355 21.558837890625 18.8463554382324 11.5100011825562 7.22400665283203 6.45764970779419 5.83823108673096 5.31972217559814 4.85719442367554 4.41628217697144 4.26579284667969 4.16655397415161 4.12826061248779 4.0943284034729 4.08562469482422 4.07953929901123 4.08194398880005 4.08498048782349 4.08911895751953 4.09418058395386 4.10019207000732 4.1016902923584 4.10043954849243 4.09553480148315 4.08941125869751 4.09410285949707 4.10031843185425 4.11063289642334 4.11997365951538 4.1231164932251 4.12452983856201 4.12113046646118 4.11964130401611 4.12110424041748 4.11900901794434 4.11364841461182 4.10876321792603
-9999 -9999 -9999 -9999 -9999 -9999 20.7212524414062 20.8160514831543 20.7536010742188 21.5355129241943 22.0345439910889 21.4508190155029 18.6580390930176 11.4941673278809 7.32591104507446 6.61412763595581 5.98851490020752 5.42207956314087 4.88819789886475 4.36688566207886 4.20272493362427 4.10159015655518 4.08645439147949 4.07451009750366 4.07346820831299 4.07262372970581 4.07241868972778 4.07230281829834 4.07234191894531 4.07238531112671 4.07243299484253 4.07261514663696 4.07287979125977 4.0732159614563 4.07357549667358 4.07389783859253 4.07422971725464 4.07662487030029 4.07917499542236 4.08270883560181 4.0854868888855 4.0861611366272 4.08659076690674 4.08664226531982 4.08605718612671 4.08488750457764 4.08247661590576
-9999 -9999 -9999 -9999 -9999 -9999 20.9226055145264 20.9663181304932 21.0387573242188 21.6824626922607 21.8104648590088 19.9645729064941 16.6866970062256 10.5753202438354 7.02324438095093 6.4242000579834 5.88690757751465 5.39202356338501 4.86384677886963 4.32281541824341 4.17090225219727 4.08765697479248 4.07927751541138 4.0731954574585 4.07259225845337 4.07216310501099 4.0722975730896 4.07244491577148 4.07261419296265 4.07276582717896 4.07289886474609 4.07291650772095 4.07286357879639 4.07297515869141 4.07314157485962 4.07334423065186 4.0735559463501 4.07435894012451 4.07530164718628 4.07713556289673 4.07866048812866 4.07932662963867 4.07943916320801 4.07869625091553 4.07839298248291 4.07849407196045 4.0772385597229
-9999 -9999 -9999 -9999 -9999 20.7044315338135 20.9324722290039 20.9854488372803 21.2975616455078 21.800910949707 21.5724849700928 18.543140411377 14.8159313201904 9.70784854888916 6.72541522979736 6.19564771652222 5.7197117805481 5.28074407577515 4.78586673736572 4.26939964294434 4.13888168334961 4.07647132873535 4.07364988327026 4.07226753234863 4.07201147079468 4.07192134857178 4.07236862182617 4.07274961471558 4.07301568984985 4.07324123382568 4.07342529296875 4.07329559326172 4.07297468185425 4.07287311553955 4.07284450531006 4.07291984558105 4.07300710678101 4.07270050048828 4.07248592376709 4.07285928726196 4.07329130172729 4.07388782501221 4.07374572753906 4.07246160507202 4.07233285903931 4.07326507568359 4.07297468185425
-9999 -9999 -9999 -9999 20.3611888885498 20.6047134399414 20.7044315338135 21.0736865997314 21.4597358703613 21.8148517608643 21.2835388183594 17.3593502044678 13.3139619827271 9.0287561416626 6.44532346725464 5.82546997070312 5.31202077865601 4.87164354324341 4.51124095916748 4.18171882629395 4.10613441467285 4.07536172866821 4.07370042800903 4.07276058197021 4.0725154876709 4.07248401641846 4.07314491271973 4.07365274429321 4.07389307022095 4.07406711578369 4.07417249679565 4.07396078109741 4.07355546951294 4.07328033447266 4.07304811477661 4.07296991348267 4.07291555404663 4.07327175140381 4.07355070114136 4.07333898544312 4.07326316833496 4.07356643676758 4.07339859008789 4.07250261306763 4.07215404510498 4.07230758666992 4.07228422164917
