Ecospace-environmental-drivers/Outputs/ASCII-for-ecospace/MOM6-ISIMIP3a/tob/1982-05_tob_MOM6-ISIMIP3a.asc
NCOLS 131 
NROWS 53 
XLLCORNER -98 
YLLCORNER 23.9265270233154 
CELLSIZE 0.133587792515755 
NODATA_value -9999 
[rows 21 to 41 of 53, columns 47 to 93 of 131]
22.2901630401611 22.064359664917 21.8260536193848 21.8691253662109 21.9158153533936 21.282600402832 20.7265777587891 20.5632133483887 19.7853240966797 17.5235977172852 15.9109811782837 15.189507484436 13.5453977584839 11.146411895752 9.26674747467041 7.63307428359985 6.83492469787598 6.23640966415405 6.00037097930908 5.7685751914978 5.23609352111816 4.76397132873535 4.54446029663086 4.37269639968872 4.30173015594482 4.2408275604248 4.19222402572632 4.1582727432251 4.13499355316162 4.12272310256958 4.11501169204712 4.11879682540894 4.12484216690063 4.1760458946228 4.23073244094849 4.30310297012329 4.45102834701538 4.86461067199707 5.26789999008179 5.65207386016846 6.20009422302246 6.92663097381592 7.61515140533447 8.27907371520996 9.10101985931396 9.97973155975342 11.2395849227905
18.1590156555176 17.7908248901367 17.5164947509766 17.4591464996338 17.4018669128418 16.746768951416 16.1291332244873 15.7020626068115 14.9256649017334 13.3057775497437 12.1850109100342 11.7494697570801 10.7480401992798 9.283616065979 8.07726383209229 6.99315452575684 6.3497200012207 5.81157684326172 5.56373596191406 5.32943964004517 5.00200939178467 4.69869804382324 4.49632835388184 4.3367133140564 4.26735591888428 4.20987987518311 4.16692590713501 4.13860511779785 4.12094259262085 4.11096668243408 4.10417366027832 4.10190868377686 4.10053396224976 4.11843681335449 4.13813591003418 4.16840791702271 4.23705625534058 4.44063520431519 4.64738273620605 4.86001396179199 5.18118143081665 5.62060260772705 6.04812955856323 6.46796035766602 7.31902360916138 8.32499217987061 9.46960544586182
13.7951173782349 13.3018398284912 13.0070829391479 12.8462018966675 12.6815309524536 12.0445785522461 11.4013414382935 10.7261371612549 9.99492454528809 9.12847423553467 8.5722484588623 8.44191932678223 8.05943965911865 7.47065782546997 6.91205453872681 6.36774730682373 5.90396595001221 5.45942449569702 5.18787050247192 4.93594169616699 4.79668045043945 4.64780044555664 4.4586615562439 4.30768918991089 4.23728895187378 4.18134832382202 4.14308023452759 4.11994028091431 4.10781908035278 4.10007953643799 4.09415483474731 4.08952903747559 4.08515882492065 4.08395957946777 4.08319187164307 4.08548927307129 4.08994722366333 4.10200309753418 4.12711191177368 4.1764612197876 4.26911783218384 4.40895891189575 4.57224273681641 4.75069522857666 5.61524391174316 6.7262487411499 7.76732635498047
10.3004703521729 9.98162078857422 9.79441738128662 9.59754848480225 9.39399337768555 9.03663730621338 8.68395042419434 8.35501861572266 8.00357151031494 7.5977611541748 7.31464767456055 7.19998073577881 6.97271680831909 6.65332889556885 6.23698711395264 5.77472066879272 5.42336845397949 5.09851741790771 4.909583568573 4.73402833938599 4.61729574203491 4.50401306152344 4.40516662597656 4.31313753128052 4.23550033569336 4.17702007293701 4.14195346832275 4.11904954910278 4.10500431060791 4.0958571434021 4.08873844146729 4.08490324020386 4.08171367645264 4.08138227462769 4.08129692077637 4.08257579803467 4.08500957489014 4.09150457382202 4.10370492935181 4.12650203704834 4.16818428039551 4.23044300079346 4.30537557601929 4.38850879669189 4.82273530960083 5.38307952880859 6.59748268127441
7.26830387115479 7.08948183059692 6.98166942596436 6.75619649887085 6.52366876602173 6.42582082748413 6.33882570266724 6.30703783035278 6.27474498748779 6.24123334884644 6.18177843093872 6.0867075920105 5.98255395889282 5.87096977233887 5.57848644256592 5.20031499862671 4.95863437652588 4.74956607818604 4.64228773117065 4.54249954223633 4.44994020462036 4.37046384811401 4.34574317932129 4.30419206619263 4.22710943222046 4.17055606842041 4.13909292221069 4.11710643768311 4.10202312469482 4.09197759628296 4.08401775360107 4.08096218109131 4.07887029647827 4.07926225662231 4.07974290847778 4.08019161224365 4.08096218109131 4.08286619186401 4.08449745178223 4.08562183380127 4.08568859100342 4.08460378646851 4.08719348907471 4.09216117858887 4.1676926612854 4.26857233047485 5.52442646026611
6.26398992538452 6.07434988021851 5.92244958877563 5.70074987411499 5.48270702362061 5.55628824234009 5.62598657608032 5.67593002319336 5.69702339172363 5.64845657348633 5.59581995010376 5.53759670257568 5.41578340530396 5.24194288253784 4.99262714385986 4.70756006240845 4.56345844268799 4.45303821563721 4.42318820953369 4.39650392532349 4.33532762527466 4.28180694580078 4.26032638549805 4.23213291168213 4.18976736068726 4.15472364425659 4.12862873077393 4.11055183410645 4.09831619262695 4.08960247039795 4.08234739303589 4.08002185821533 4.07866477966309 4.07914590835571 4.07968473434448 4.08012676239014 4.08081769943237 4.08238506317139 4.08370065689087 4.08454847335815 4.08403635025024 4.0820426940918 4.08248233795166 4.08449745178223 4.11540174484253 4.15668344497681 4.87575674057007
5.40912485122681 5.23287773132324 5.06807947158813 4.88621711730957 4.71471309661865 4.87002801895142 5.01708459854126 5.12213468551636 5.18053531646729 5.12629652023315 5.07338523864746 5.0222954750061 4.89613151550293 4.70854330062866 4.52095317840576 4.3333625793457 4.26805019378662 4.2319540977478 4.25110578536987 4.27044725418091 4.23730945587158 4.20702648162842 4.18869113922119 4.17056322097778 4.15287303924561 4.13458061218262 4.11555242538452 4.10258340835571 4.09402799606323 4.08719062805176 4.08106422424316 4.07937145233154 4.07855033874512 4.07904577255249 4.07958173751831 4.08003711700439 4.08068132400513 4.08198976516724 4.08304643630981 4.0836353302002 4.08265209197998 4.07995557785034 4.07889413833618 4.07889080047607 4.07919883728027 4.07961940765381 4.37257099151611
4.88033533096313 4.77030515670776 4.6606616973877 4.59732389450073 4.54229545593262 4.58364009857178 4.63496017456055 4.73702478408813 4.79764890670776 4.75821161270142 4.68954849243164 4.58076238632202 4.47928476333618 4.38378715515137 4.29841613769531 4.21784210205078 4.19032192230225 4.17547845840454 4.18160772323608 4.18789386749268 4.17549705505371 4.16252183914185 4.14712619781494 4.13188123703003 4.11695528030396 4.10503149032593 4.09677791595459 4.09153032302856 4.08847284317017 4.08469772338867 4.08062553405762 4.07935476303101 4.07863473892212 4.07898187637329 4.07938003540039 4.07989311218262 4.08056259155273 4.0817813873291 4.08270263671875 4.08307027816772 4.08185148239136 4.07890319824219 4.07775545120239 4.07777261734009 4.07809925079346 4.07853651046753 4.18681049346924
4.53210687637329 4.47030067443848 4.40410804748535 4.40746116638184 4.41679763793945 4.3954963684082 4.39036750793457 4.46750688552856 4.51081943511963 4.47245407104492 4.40291595458984 4.29058074951172 4.22031354904175 4.1844654083252 4.16115760803223 4.14379024505615 4.13889503479004 4.1369800567627 4.13785696029663 4.13874673843384 4.1370267868042 4.1333384513855 4.12141227722168 4.10939741134644 4.09719562530518 4.08933544158936 4.0867805480957 4.08554840087891 4.08527994155884 4.08321237564087 4.08039951324463 4.07935667037964 4.07866096496582 4.07885074615479 4.07911157608032 4.07974481582642 4.08050012588501 4.08168411254883 4.08252668380737 4.08273458480835 4.08142280578613 4.07845497131348 4.07723236083984 4.07713937759399 4.07742404937744 4.07784414291382 4.08201599121094
4.41103887557983 4.37481927871704 4.33735513687134 4.34218645095825 4.35032844543457 4.33095169067383 4.31880187988281 4.34341382980347 4.34483766555786 4.2902717590332 4.23857307434082 4.1908106803894 4.15996170043945 4.1429500579834 4.13118696212769 4.12191009521484 4.12055826187134 4.12109994888306 4.12649965286255 4.13162660598755 4.12792301177979 4.12343120574951 4.11564016342163 4.10729169845581 4.09776496887207 4.09106683731079 4.08782529830933 4.08594608306885 4.08505821228027 4.08299398422241 4.08044195175171 4.07938241958618 4.07861566543579 4.07863616943359 4.07875871658325 4.07959079742432 4.08050870895386 4.08172607421875 4.08256149291992 4.08268642425537 4.08146190643311 4.07876634597778 4.07748365402222 4.07711601257324 4.07728290557861 4.07764196395874 4.07908296585083
4.32449626922607 4.29795074462891 4.27083969116211 4.27824640274048 4.28802633285522 4.26647424697876 4.24797105789185 4.24497652053833 4.22867727279663 4.18025302886963 4.14645576477051 4.13273954391479 4.12228631973267 4.114501953125 4.10885620117188 4.10422372817993 4.104660987854 4.10630893707275 4.11382102966309 4.12103986740112 4.11811971664429 4.11479520797729 4.10977697372437 4.1039776802063 4.09652805328369 4.09091949462891 4.08756017684937 4.0854320526123 4.08420133590698 4.08231592178345 4.08015918731689 4.07918548583984 4.078444480896 4.0785059928894 4.07867670059204 4.07962656021118 4.08062124252319 4.08177375793457 4.08256196975708 4.0826735496521 4.08170652389526 4.0795636177063 4.07813167572021 4.0771598815918 4.0771222114563 4.07742023468018 4.07771921157837
4.26384925842285 4.23504257202148 4.20450258255005 4.21530723571777 4.22884941101074 4.20204734802246 4.17769145965576 4.16578149795532 4.14988422393799 4.1243577003479 4.10850811004639 4.10594272613525 4.10161781311035 4.09585428237915 4.09225606918335 4.08968353271484 4.0905933380127 4.09233474731445 4.10015201568604 4.10785293579102 4.10779142379761 4.10711193084717 4.10384511947632 4.0997576713562 4.09393739700317 4.08936309814453 4.08631181716919 4.08423471450806 4.08286809921265 4.0812931060791 4.07963228225708 4.07882213592529 4.07817935943604 4.0784387588501 4.07879829406738 4.07980442047119 4.08081245422363 4.08182525634766 4.08253622055054 4.08268690109253 4.08210515975952 4.08072519302368 4.07907676696777 4.07725477218628 4.07694721221924 4.07718372344971 4.07753276824951
4.21711111068726 4.19266223907471 4.16673564910889 4.17158365249634 4.1784815788269 4.15568828582764 4.13452529907227 4.12165260314941 4.10905742645264 4.09713220596313 4.09053087234497 4.09123802185059 4.0898380279541 4.08671474456787 4.08491134643555 4.08373308181763 4.08472013473511 4.08622407913208 4.09191799163818 4.0975866317749 4.09869813919067 4.09915924072266 4.09689998626709 4.09405040740967 4.0899543762207 4.08665323257446 4.08432292938232 4.08259153366089 4.08129596710205 4.0801420211792 4.07904767990112 4.07867431640625 4.07844305038452 4.07884550094604 4.07930755615234 4.08011865615845 4.08092212677002 4.08169937133789 4.08228540420532 4.08251571655273 4.08213567733765 4.08108997344971 4.07939195632935 4.07727193832397 4.07687139511108 4.07708930969238 4.07741498947144
4.17633438110352 4.15908002853394 4.14121389389038 4.13609552383423 4.13188934326172 4.11707353591919 4.10297870635986 4.09255170822144 4.08450222015381 4.08219337463379 4.08111238479614 4.08171558380127 4.08186769485474 4.08165073394775 4.08153390884399 4.0814642906189 4.08235883712769 4.08348369598389 4.08601379394531 4.08857202529907 4.09013319015503 4.0910906791687 4.08951997756958 4.08770513534546 4.08537483215332 4.08344888687134 4.08201694488525 4.08075666427612 4.07962083816528 4.0789361000061 4.07843828201294 4.0786190032959 4.07893323898315 4.07945537567139 4.07998323440552 4.080491065979 4.08099746704102 4.08149766921997 4.08193731307983 4.08226537704468 4.08200836181641 4.08111381530762 4.07943773269653 4.07725524902344 4.07683849334717 4.07705545425415 4.07732677459717
4.15198612213135 4.13699722290039 4.12086486816406 4.11383152008057 4.1075873374939 4.09750175476074 4.08811712265015 4.08229923248291 4.07805824279785 4.07762479782104 4.07748699188232 4.07775497436523 4.0782790184021 4.07901287078857 4.07960844039917 4.08013868331909 4.08102035522461 4.08198547363281 4.08353996276855 4.08509635925293 4.0860857963562 4.08663845062256 4.08536195755005 4.08401298522949 4.08250999450684 4.08128833770752 4.08041000366211 4.07967662811279 4.0790491104126 4.07881927490234 4.07875490188599 4.07910776138306 4.0795431137085 4.0797905921936 4.08005714416504 4.08057403564453 4.08102464675903 4.08124113082886 4.08143997192383 4.08160495758057 4.08111143112183 4.07990074157715 4.07855844497681 4.07713079452515 4.0768837928772 4.07706117630005 4.07728672027588
4.13103675842285 4.11729383468628 4.10158634185791 4.09430313110352 4.0878963470459 4.08187007904053 4.07670831680298 4.07594680786133 4.07536172866821 4.07520151138306 4.07506036758423 4.0749454498291 4.07559728622437 4.07687711715698 4.07798385620117 4.07900857925415 4.07989311218262 4.08074426651001 4.08177614212036 4.08276700973511 4.08297300338745 4.08293390274048 4.08187055587769 4.08086919784546 4.08000040054321 4.07934379577637 4.0789475440979 4.07875299453735 4.07870531082153 4.07892799377441 4.07926273345947 4.07970905303955 4.08017778396606 4.08006906509399 4.08000612258911 4.08059692382812 4.08104133605957 4.08097362518311 4.08091115951538 4.08085918426514 4.08005523681641 4.07843208312988 4.07748794555664 4.07698392868042 4.07694578170776 4.07707500457764 4.07725715637207
4.10588598251343 4.09716033935547 4.08732795715332 4.08325338363647 4.07978773117065 4.07684946060181 4.07432985305786 4.07393789291382 4.07357549667358 4.07328605651855 4.07314777374268 4.0732159614563 4.07370853424072 4.07454872131348 4.0754246711731 4.07631731033325 4.07711029052734 4.07787942886353 4.07903861999512 4.08019399642944 4.08090782165527 4.08139944076538 4.08096408843994 4.08053684234619 4.08012628555298 4.07978820800781 4.07953834533691 4.07939672470093 4.07933473587036 4.07911443710327 4.07882928848267 4.07885456085205 4.07894134521484 4.0788049697876 4.07870292663574 4.07901239395142 4.07925081253052 4.0792407989502 4.07937288284302 4.0797700881958 4.07933855056763 4.07800388336182 4.0771951675415 4.07672739028931 4.07671689987183 4.07687044143677 4.07707786560059
4.08221769332886 4.07842063903809 4.07441234588623 4.07345628738403 4.07283067703247 4.07270288467407 4.0725564956665 4.07231473922729 4.07202005386353 4.07159948348999 4.07144594192505 4.07165861129761 4.07197666168213 4.07238101959229 4.07300043106079 4.07372140884399 4.07440567016602 4.07508039474487 4.07633972167969 4.07763242721558 4.07883071899414 4.07983016967773 4.07999467849731 4.08011198043823 4.08013010025024 4.08009338378906 4.07998895645142 4.07989931106567 4.07981967926025 4.07919406890869 4.07834243774414 4.07797622680664 4.07770538330078 4.07752180099487 4.07736396789551 4.07743167877197 4.07749557495117 4.07754564285278 4.07785654067993 4.07865238189697 4.07858610153198 4.07757902145386 4.07691192626953 4.07646417617798 4.07648420333862 4.07667207717896 4.07690620422363
4.07637119293213 4.07475423812866 4.07342147827148 4.07297372817993 4.07263517379761 4.07280540466309 4.07291746139526 4.07273387908936 4.07249212265015 4.07211017608643 4.07174873352051 4.07141637802124 4.07153511047363 4.07202434539795 4.07246541976929 4.07288360595703 4.07332038879395 4.07376146316528 4.07451868057251 4.0753002166748 4.07613039016724 4.07685136795044 4.07711744308472 4.07736444473267 4.07756948471069 4.07776880264282 4.07796049118042 4.07813787460327 4.0783052444458 4.07810020446777 4.07774066925049 4.0775408744812 4.0773720741272 4.07676935195923 4.07624673843384 4.07666349411011 4.07698154449463 4.07695388793945 4.07705593109131 4.0773983001709 4.07729291915894 4.07669973373413 4.07635736465454 4.0761775970459 4.07634782791138 4.07664346694946 4.07688760757446
4.07185077667236 4.07193326950073 4.07259511947632 4.07261419296265 4.07258224487305 4.07295513153076 4.07323694229126 4.07305669784546 4.07283115386963 4.07249546051025 4.07202053070068 4.07135391235352 4.07130575180054 4.07176351547241 4.07201051712036 4.07215785980225 4.07236528396606 4.07258605957031 4.07291269302368 4.07325601577759 4.07373857498169 4.07418584823608 4.07448577880859 4.07479238510132 4.07511234283447 4.07546138763428 4.07584667205811 4.0762095451355 4.0765552520752 4.07670593261719 4.07677602767944 4.0767297744751 4.07666063308716 4.07585144042969 4.07515239715576 4.07579803466797 4.07630491256714 4.07632207870483 4.0763373374939 4.07634830474854 4.07623624801636 4.07599020004272 4.07591819763184 4.07595872879028 4.07625198364258 4.07663583755493 4.07688522338867
4.07219171524048 4.07221364974976 4.07237339019775 4.07270574569702 4.07305145263672 4.07327604293823 4.073401927948 4.0730242729187 4.07268142700195 4.07242202758789 4.07217693328857 4.07195138931274 4.07185125350952 4.07185411453247 4.07185077667236 4.07184505462646 4.07188558578491 4.071937084198 4.07209634780884 4.07226610183716 4.07247924804688 4.07266807556152 4.07275390625 4.07286596298218 4.07303380966187 4.07321691513062 4.07342004776001 4.07366609573364 4.07394361495972 4.0742130279541 4.07447862625122 4.07454109191895 4.07456350326538 4.07432651519775 4.07414293289185 4.07457876205444 4.07503128051758 4.07554292678833 4.07592010498047 4.07604837417603 4.07604646682739 4.07590246200562 4.07590007781982 4.07598876953125 4.0763053894043 4.07670450210571 4.07694339752197
