Ecospace-environmental-drivers/Outputs/ASCII-for-ecospace/MOM6-ISIMIP3a/tob/1982-03_tob_MOM6-ISIMIP3a.asc
NCOLS 131 
NROWS 53 
XLLCORNER -98 
YLLCORNER 23.9265270233154 
CELLSIZE 0.133587792515755 
NODATA_value -9999 
[rows 21 to 41 of 53, columns 0 to 46 of 131]
-9999 -9999 -9999 -9999 -9999 -9999 18.0154762268066 17.9652481079102 17.8365287780762 17.6267433166504 17.5213584899902 17.2977466583252 17.2897758483887 17.2660369873047 17.2549858093262 17.2585792541504 17.3940868377686 17.6201858520508 18.0023708343506 18.4448261260986 18.7345123291016 18.9972400665283 19.3814296722412 19.7584743499756 20.0538291931152 20.3035068511963 20.405086517334 20.5012607574463 20.5880069732666 20.6652183532715 20.7326164245605 20.8311347961426 20.9486083984375 21.0758609771729 21.2063751220703 21.3022861480713 21.3926486968994 21.376651763916 21.3570003509521 21.3140678405762 21.3003368377686 21.3678951263428 21.4162483215332 21.4349231719971 21.4676952362061 21.51340675354 21.4830169677734
-9999 -9999 -9999 -9999 -9999 -9999 18.0250377655029 18.0154762268066 17.9150199890137 17.788875579834 17.6267433166504 17.6395854949951 17.7320899963379 17.9822177886963 18.1732234954834 18.2960090637207 18.4614105224609 18.656078338623 18.8411197662354 19.0224456787109 18.5342063903809 17.9278087615967 18.0330696105957 18.1594467163086 18.3319473266602 18.5149517059326 18.7320156097412 18.9949760437012 19.3380317687988 19.8179340362549 20.4386520385742 20.7944240570068 20.9887943267822 21.1408920288086 21.2788982391357 21.3381004333496 21.3792572021484 20.4264965057373 19.4884338378906 18.6439609527588 18.0610961914062 18.2064895629883 18.3228168487549 18.3942241668701 18.4853343963623 18.5945281982422 18.2494373321533
-9999 -9999 -9999 -9999 18.1571960449219 18.0775833129883 18.0312633514404 18.0283756256104 18.0154762268066 17.8145618438721 17.6987209320068 17.9085083007812 18.2267208099365 18.7594814300537 19.1260261535645 19.30078125 19.4048919677734 19.4604873657227 19.3824710845947 19.2528610229492 17.9855194091797 16.5174026489258 16.3417892456055 16.2160968780518 16.2705669403076 16.3901805877686 16.7210235595703 17.1456527709961 17.7339496612549 18.6043910980225 19.7651557922363 20.3890953063965 20.6860084533691 20.8940410614014 21.0724487304688 21.0995025634766 21.0919189453125 19.1775798797607 17.3049144744873 15.6976385116577 14.5724925994873 14.7894821166992 14.9687242507935 15.0896282196045 15.2370386123657 15.4087762832642 14.7594652175903
-9999 -9999 -9999 -9999 18.335355758667 18.1845779418945 18.1239051818848 18.0312633514404 18.0383892059326 18.1290893554688 18.2692565917969 18.5987606048584 18.9967727661133 19.5303440093994 19.4400939941406 18.6300487518311 17.3548450469971 15.7601938247681 14.8746395111084 14.2628917694092 13.2738456726074 12.2182178497314 12.0797557830811 11.9878454208374 12.1164999008179 12.2593431472778 12.4481916427612 12.6617078781128 12.9182710647583 13.4187412261963 14.1701850891113 14.8718547821045 15.5432004928589 16.2462348937988 16.9598331451416 17.0163478851318 16.966724395752 14.7877473831177 12.7880487442017 11.930064201355 11.3092498779297 11.3486623764038 11.3674583435059 11.3543920516968 11.3819017410278 11.4466524124146 10.9777565002441
-9999 -9999 -9999 -9999 -9999 18.335355758667 18.2477912902832 18.2165451049805 18.1285762786865 18.4756526947021 18.836446762085 19.2497444152832 19.6059417724609 19.8491554260254 19.1617279052734 17.4004878997803 15.0402450561523 12.2686424255371 10.8154306411743 9.87129974365234 9.15091800689697 8.47001934051514 8.37445259094238 8.31958866119385 8.49710845947266 8.64516162872314 8.69767093658447 8.72770500183105 8.71852016448975 8.91730403900146 9.33008480072021 10.061164855957 10.9861497879028 11.9921884536743 13.0252456665039 13.085075378418 12.9952735900879 10.8038940429688 8.87765884399414 8.6399393081665 8.43692874908447 8.33054256439209 8.22171592712402 8.10911655426025 8.0375509262085 8.00364398956299 7.69346761703491
-9999 -9999 -9999 -9999 -9999 18.3887004852295 18.335355758667 18.4080047607422 18.513744354248 18.962682723999 19.3889694213867 19.7285556793213 19.5096988677979 18.1858444213867 16.285701751709 13.7206144332886 11.5656595230103 9.69236278533936 8.72331142425537 8.10342407226562 7.60947036743164 7.13774013519287 7.11025142669678 7.10675382614136 7.22211647033691 7.29637098312378 7.23733425140381 7.20504665374756 7.21943855285645 7.41595554351807 7.79987573623657 8.3485050201416 8.99747467041016 9.46466636657715 9.87126541137695 9.81976985931396 9.69793891906738 8.60015392303467 7.62649297714233 7.4432954788208 7.27869081497192 7.16584348678589 7.07331323623657 7.01218128204346 6.93284940719604 6.83681440353394 6.59023141860962
-9999 -9999 18.5152053833008 18.4981155395508 18.4774475097656 18.4421081542969 18.3886375427246 18.6356105804443 18.9156589508057 19.39817237854 19.7983455657959 19.883358001709 19.024112701416 16.2964515686035 13.5251541137695 10.7035074234009 8.85470008850098 7.67398691177368 7.06652355194092 6.6804141998291 6.3743257522583 6.08235836029053 6.09418201446533 6.11846494674683 6.1911473274231 6.2183952331543 6.09832954406738 6.0322527885437 6.06039190292358 6.25865173339844 6.63196277618408 7.00936365127563 7.38925552368164 7.46750259399414 7.44520235061646 7.31642436981201 7.17175722122192 6.86400318145752 6.5785231590271 6.43489265441895 6.29346466064453 6.15816974639893 6.05872106552124 6.01467084884644 5.93145656585693 5.81229829788208 5.63545656204224
-9999.000000000000000 -9999 -9999 -9999 18.5747928619385 18.512788772583 18.5453624725342 18.9420757293701 19.3541202545166 19.721212387085 19.8953990936279 19.3312206268311 17.689037322998 13.9137859344482 11.0165662765503 9.13245964050293 7.80986166000366 6.87287664413452 6.35956525802612 6.00984954833984 5.80748701095581 5.63112783432007 5.61949920654297 5.62010478973389 5.69259881973267 5.73129844665527 5.66042184829712 5.62281084060669 5.64325141906738 5.85200452804565 6.25452756881714 6.48518180847168 6.61113595962524 6.6275053024292 6.607346534729 6.47556447982788 6.32811975479126 6.14806652069092 5.9738974571228 5.83720302581787 5.68572664260864 5.49310159683228 5.33608293533325 5.23409080505371 5.15546703338623 5.09829092025757 5.00460243225098
-9999 -9999 -9999 -9999 18.7109203338623 18.7694797515869 18.7208728790283 19.1601905822754 19.6129837036133 19.9226703643799 19.8545227050781 18.3401870727539 15.9896469116211 11.9844942092896 9.2400426864624 7.95024251937866 6.99134492874146 6.25969314575195 5.80493307113647 5.45709180831909 5.31708812713623 5.21376180648804 5.20412397384644 5.20580768585205 5.28473520278931 5.3402042388916 5.31960964202881 5.30944776535034 5.31749200820923 5.49586009979248 5.84948825836182 5.95702505111694 5.91464519500732 5.88868808746338 5.86820459365845 5.75564861297607 5.63054656982422 5.53038501739502 5.42796039581299 5.31112766265869 5.17513084411621 4.98578548431396 4.82742738723755 4.71695756912231 4.65336847305298 4.6328067779541 4.58960914611816
-9999 -9999 -9999 -9999 18.809986114502 18.8504905700684 18.900505065918 19.2671508789062 19.645902633667 19.9711685180664 19.6401214599609 16.7969837188721 13.831916809082 10.6255855560303 8.3845157623291 7.25720691680908 6.45756101608276 5.88293647766113 5.44194078445435 5.05254459381104 4.92285680770874 4.83899927139282 4.86336231231689 4.8972692489624 4.99095964431763 5.0698881149292 5.1009521484375 5.11696100234985 5.10669803619385 5.20325326919556 5.40972185134888 5.42386674880981 5.32085037231445 5.2771635055542 5.2532525062561 5.18789148330688 5.11673450469971 5.03631687164307 4.95585966110229 4.87514877319336 4.78674697875977 4.67693376541138 4.58797979354858 4.53126239776611 4.49584817886353 4.47998523712158 4.44618558883667
-9999 -9999 -9999 -9999 18.8504905700684 18.9110336303711 18.982105255127 19.3148899078369 19.6649303436279 20.0119171142578 19.66139793396 16.6411228179932 13.4899549484253 10.0797843933105 7.76138973236084 6.70273208618164 5.98946857452393 5.51340293884277 5.13329458236694 4.79023838043213 4.68322086334229 4.61785697937012 4.6549859046936 4.69958734512329 4.78775978088379 4.8678126335144 4.92153787612915 4.95359182357788 4.94782638549805 4.98313522338867 5.06070804595947 5.03006553649902 4.93349885940552 4.88733863830566 4.85798072814941 4.82394409179688 4.78905057907104 4.72482061386108 4.66178941726685 4.6063871383667 4.55045461654663 4.49304580688477 4.44723510742188 4.41934823989868 4.39719867706299 4.38031482696533 4.35044574737549
-9999 -9999 -9999 -9999 18.9145431518555 18.982105255127 19.330883026123 19.3182106018066 19.6735401153564 20.046854019165 19.8594379425049 17.525785446167 14.509838104248 10.1438226699829 7.31256532669067 6.25217914581299 5.57064533233643 5.14928722381592 4.86540794372559 4.63461351394653 4.55953359603882 4.51193237304688 4.54589891433716 4.58504772186279 4.65249252319336 4.71691846847534 4.77155733108521 4.81206083297729 4.82789659500122 4.81738424301147 4.77976036071777 4.74078321456909 4.70098209381104 4.66379117965698 4.62747049331665 4.61285734176636 4.60096454620361 4.55025577545166 4.50124406814575 4.46303987503052 4.42823266983032 4.40288209915161 4.38051843643188 4.36277103424072 4.3427038192749 4.32050800323486 4.2904691696167
-9999 -9999 -9999 -9999 18.982105255127 19.4330158233643 19.5911731719971 19.7083225250244 19.7339477539062 20.1725807189941 20.2100925445557 18.7122707366943 15.8999309539795 10.4865312576294 7.12853956222534 6.142165184021 5.48458766937256 5.05280923843384 4.7752480506897 4.55723524093628 4.49042320251465 4.45029401779175 4.45630264282227 4.46417808532715 4.47919607162476 4.50153636932373 4.54761743545532 4.58860158920288 4.62069082260132 4.62028741836548 4.58645009994507 4.55822992324829 4.53343105316162 4.4946551322937 4.45122003555298 4.4566388130188 4.46850728988647 4.43840837478638 4.40827369689941 4.3779125213623 4.35066270828247 4.33207416534424 4.31713581085205 4.30783796310425 4.29096221923828 4.26713132858276 4.24191856384277
-9999 -9999 -9999 -9999 -9999 19.799898147583 19.8279037475586 19.7469844818115 19.8165550231934 20.3372192382812 20.6261520385742 20.0281085968018 17.4486865997314 10.948673248291 7.0580005645752 6.17809915542603 5.54114532470703 5.07103490829468 4.76125764846802 4.51339101791382 4.44470405578613 4.4076361656189 4.37505865097046 4.34059572219849 4.28960180282593 4.25851583480835 4.29198026657104 4.33002948760986 4.37607955932617 4.40975570678711 4.43069934844971 4.42141771316528 4.39372301101685 4.34883832931519 4.29822397232056 4.32393550872803 4.35989093780518 4.353440284729 4.3442645072937 4.31773662567139 4.29222917556763 4.26956224441528 4.25518226623535 4.25361013412476 4.24040031433105 4.21651029586792 4.19826459884644
-9999 -9999 -9999 -9999 -9999 20.0349750518799 19.9806175231934 20.0284023284912 20.0557975769043 20.5870876312256 20.9239845275879 20.51682472229 17.9625568389893 11.1597661972046 7.11756658554077 6.26065635681152 5.62931203842163 5.15287303924561 4.7979588508606 4.4899697303772 4.39287757873535 4.3330020904541 4.28261041641235 4.23297882080078 4.18795537948608 4.15881252288818 4.18116331100464 4.20589685440063 4.23478984832764 4.2619948387146 4.28746271133423 4.2868857383728 4.27044248580933 4.23694038391113 4.19775152206421 4.22091627120972 4.25249671936035 4.25593137741089 4.25726461410522 4.24521446228027 4.23171424865723 4.21417713165283 4.20262432098389 4.20032119750977 4.18945932388306 4.17074251174927 4.15877056121826
-9999 -9999 -9999 -9999 -9999 20.325288772583 20.2964057922363 20.1664657592773 20.327449798584 20.8545894622803 21.1973552703857 20.8344078063965 18.2623081207275 11.3189163208008 7.20405101776123 6.35286045074463 5.72401857376099 5.2478723526001 4.84514760971069 4.47077369689941 4.33978748321533 4.25175189971924 4.18784332275391 4.12866497039795 4.10450553894043 4.0887622833252 4.10030937194824 4.10958003997803 4.11487770080566 4.12722158432007 4.14681577682495 4.15282583236694 4.15056133270264 4.1320595741272 4.10814571380615 4.12403869628906 4.14535522460938 4.15582799911499 4.16550779342651 4.17013788223267 4.17076873779297 4.16026639938354 4.15201044082642 4.14722633361816 4.1384391784668 4.12597846984863 4.12013721466064
-9999 -9999 -9999 -9999 -9999 -9999 20.6988430023193 20.6943473815918 20.734094619751 21.1837158203125 21.4441528320312 20.9804763793945 18.3415565490723 11.3984432220459 7.30747890472412 6.50744533538818 5.88115882873535 5.374192237854 4.89363527297974 4.42327547073364 4.27098941802979 4.17483377456665 4.13453960418701 4.09839248657227 4.08661079406738 4.07886791229248 4.08422136306763 4.08839702606201 4.09051752090454 4.09638452529907 4.10610628128052 4.10957765579224 4.10924100875854 4.10048294067383 4.08891725540161 4.09639263153076 4.10647249221802 4.11269855499268 4.11872529983521 4.1234769821167 4.12589406967163 4.12181282043457 4.11796140670776 4.11446571350098 4.10890913009644 4.10146141052246 4.0975513458252
-9999 -9999 -9999 -9999 -9999 -9999 21.1068840026855 21.2357177734375 21.1368427276611 21.5034160614014 21.6555480957031 20.9868927001953 18.2424507141113 11.3906145095825 7.37570381164551 6.63416147232056 6.01736068725586 5.48622560501099 4.93424892425537 4.37422466278076 4.20435285568237 4.10333061218262 4.08683061599731 4.07366752624512 4.07288312911987 4.0722599029541 4.07215690612793 4.07211494445801 4.07217931747437 4.07246494293213 4.07297897338867 4.0737156867981 4.07458877563477 4.07452011108398 4.07413768768311 4.07388114929199 4.07365655899048 4.07543134689331 4.07750988006592 4.08152532577515 4.08494138717651 4.08668994903564 4.08691835403442 4.08479785919189 4.08234310150146 4.07958078384399 4.07734823226929
-9999 -9999 -9999 -9999 -9999 -9999 21.3670883178711 21.3905849456787 21.4335136413574 21.6931266784668 21.5019874572754 19.5855655670166 16.346170425415 10.4889831542969 7.06032514572144 6.43380928039551 5.90039110183716 5.43090629577637 4.89025688171387 4.32212781906128 4.16827392578125 4.08752679824829 4.07900047302246 4.07275056838989 4.07229471206665 4.07197189331055 4.07207918167114 4.07222461700439 4.07243633270264 4.07269048690796 4.07298755645752 4.07326650619507 4.07353496551514 4.07342910766602 4.07319784164429 4.07306814193726 4.07295656204224 4.07347297668457 4.07419633865356 4.07623481750488 4.07814693450928 4.07970714569092 4.08002185821533 4.07841110229492 4.07713079452515 4.07615327835083 4.07490253448486
-9999 -9999 -9999 -9999 -9999 21.2598743438721 21.4183120727539 21.4749603271484 21.6965961456299 21.8623065948486 21.3541011810303 18.266429901123 14.563009262085 9.64119529724121 6.74857568740845 6.19732904434204 5.72088146209717 5.2958025932312 4.79414939880371 4.2629280090332 4.13351631164551 4.07501173019409 4.07293939590454 4.07216930389404 4.07195329666138 4.07186651229858 4.07219648361206 4.07252073287964 4.07283306121826 4.07304430007935 4.07315158843994 4.07304191589355 4.0728006362915 4.07265281677246 4.07253646850586 4.07248544692993 4.07244110107422 4.07207489013672 4.07181072235107 4.07219648361206 4.07282114028931 4.0741114616394 4.07444000244141 4.07328224182129 4.07290267944336 4.07323789596558 4.07285070419312
-9999 -9999 -9999 -9999 21.6478157043457 21.4162445068359 21.2598743438721 21.5478248596191 21.8365211486816 21.9562149047852 21.2270240783691 17.248664855957 13.1946249008179 8.9908332824707 6.4501314163208 5.8283748626709 5.31205749511719 4.8681492805481 4.50694799423218 4.17768287658691 4.10360240936279 4.07455396652222 4.07336711883545 4.07281970977783 4.07251691818237 4.07242774963379 4.07303094863892 4.0735011100769 4.07373952865601 4.07386875152588 4.07388639450073 4.07364082336426 4.07323551177979 4.07303142547607 4.07289457321167 4.0727481842041 4.07260227203369 4.07272815704346 4.07282686233521 4.07274961471558 4.07288265228271 4.07359981536865 4.07367658615112 4.07276439666748 4.07228469848633 4.07220125198364 4.07224273681641
