Ecospace-environmental-drivers/Outputs/ASCII-for-ecospace/MOM6-ISIMIP3a/tob/1983-02_tob_MOM6-ISIMIP3a.asc
NCOLS 131 
NROWS 53 
XLLCORNER -98 
YLLCORNER 23.9265270233154 
CELLSIZE 0.133587792515755 
NODATA_value -9999 
[rows 21 to 41 of 53, columns 0 to 46 of 131]
-9999 -9999 -9999 -9999 -9999 -9999 17.0471477508545 16.9933891296387 16.8607025146484 16.6391086578369 16.5832252502441 16.3370800018311 16.4343814849854 16.7242126464844 16.9617805480957 17.1390438079834 17.4025688171387 17.7253303527832 18.0036029815674 18.2646942138672 18.520601272583 18.7755928039551 19.0367431640625 19.277774810791 19.3500232696533 19.4280757904053 19.5249462127686 19.6294460296631 19.7472610473633 19.842845916748 19.9155578613281 19.9670009613037 20.0054874420166 20.0609817504883 20.1221466064453 20.1626796722412 20.2005767822266 20.2681293487549 20.3427982330322 20.4627799987793 20.5732860565186 20.6574192047119 20.7142601013184 20.7289199829102 20.7456340789795 20.7642307281494 20.8014907836914
-9999 -9999 -9999 -9999 -9999 -9999 17.0587673187256 17.0471477508545 16.9396286010742 16.8169250488281 16.6391086578369 16.7734889984131 16.9945220947266 17.3870182037354 17.6850776672363 17.874174118042 18.1747379302979 18.5518493652344 18.821683883667 19.0500907897949 18.6311454772949 18.0979633331299 17.9641399383545 17.8440208435059 17.7652263641357 17.7852344512939 18.1256008148193 18.5104503631592 18.9729270935059 19.441011428833 19.9148693084717 20.1893405914307 20.3423461914062 20.4336242675781 20.5043258666992 20.4257965087891 20.3233299255371 19.7603931427002 19.1509037017822 18.2449626922607 17.6315593719482 17.8325080871582 17.9581661224365 17.9674701690674 18.0722789764404 18.264741897583 18.0033130645752
-9999 -9999 -9999 -9999 17.0642395019531 17.0729694366455 17.0640430450439 17.0651092529297 17.0471477508545 16.8321094512939 16.7493381500244 17.1728229522705 17.6139984130859 18.0901832580566 18.4229888916016 18.590353012085 18.839864730835 19.1457901000977 19.3416481018066 19.4950008392334 18.3956489562988 17.075231552124 16.5568943023682 16.0864086151123 15.8683300018311 15.8369417190552 16.4108753204346 17.0629100799561 17.8512382507324 18.6785049438477 19.545841217041 20.0571765899658 20.3516426086426 20.5029258728027 20.606481552124 20.4119358062744 20.1691112518311 18.942346572876 17.6243839263916 15.7256269454956 14.4092121124268 14.7138929367065 14.8990936279297 14.8996458053589 15.0873193740845 15.4467325210571 14.8928604125977
-9999 -9999 -9999 -9999 17.0386829376221 17.0812644958496 17.0818977355957 17.0640430450439 17.0841388702393 17.339900970459 17.6444873809814 18.1359443664551 18.6077480316162 19.0406665802002 19.0978183746338 18.7213954925537 17.5128993988037 15.7329807281494 14.8411808013916 14.2923164367676 13.3159847259521 12.2642183303833 12.0916156768799 11.9550752639771 11.9586267471313 12.0328722000122 12.3363361358643 12.6514453887939 12.9868755340576 13.4454326629639 14.030686378479 14.7010135650635 15.4231672286987 15.9898900985718 16.5048027038574 16.3958797454834 16.190450668335 14.5554361343384 13.0024652481079 11.971978187561 11.2195158004761 11.2410049438477 11.2165193557739 11.1209802627563 11.1692152023315 11.3494071960449 10.9640607833862
-9999 -9999 -9999 -9999 -9999 17.0386829376221 17.1404342651367 17.0997505187988 17.2109546661377 17.8724498748779 18.5091781616211 19.0511131286621 19.4625511169434 19.6157703399658 19.2077541351318 18.1521587371826 15.7579526901245 12.4444627761841 10.7635297775269 9.71298885345459 8.89765357971191 8.12382411956787 8.23007678985596 8.36063766479492 8.53317642211914 8.67755126953125 8.73060894012451 8.75576210021973 8.73221778869629 8.89699840545654 9.25556087493896 10.0158987045288 11.0209941864014 11.8411512374878 12.5996627807617 12.5572938919067 12.3924026489258 10.5829763412476 8.97779655456543 8.67332744598389 8.3969841003418 8.19893741607666 8.01690864562988 7.85963726043701 7.79486227035522 7.81498146057129 7.57233953475952
-9999 -9999 -9999 -9999 -9999 17.2367782592773 17.0386829376221 17.3592586517334 17.7316303253174 18.5135498046875 19.2403240203857 19.7560329437256 19.7081184387207 18.5449523925781 16.8407878875732 14.512396812439 12.1264324188232 9.70092964172363 8.5398063659668 7.86690521240234 7.37907695770264 6.92390823364258 7.01576566696167 7.12033653259277 7.23103713989258 7.28986358642578 7.18049240112305 7.1216402053833 7.15094804763794 7.35051012039185 7.72526073455811 8.2731466293335 8.92650508880615 9.28975391387939 9.55629920959473 9.49687099456787 9.38628768920898 8.42776966094971 7.57189798355103 7.36971712112427 7.18437147140503 7.04589176177979 6.93496179580688 6.86660861968994 6.80470275878906 6.74871349334717 6.53556203842163
-9999 -9999 17.6800670623779 17.6258583068848 17.5663433074951 17.4351081848145 17.2365436553955 17.6752452850342 18.1762809753418 19.0149917602539 19.7414894104004 20.0384941101074 19.4112491607666 16.9551773071289 14.2985277175903 11.4104413986206 9.24664974212646 7.58026504516602 6.83120393753052 6.43635606765747 6.19904279708862 5.98952960968018 6.05084943771362 6.11809921264648 6.18534231185913 6.19155073165894 5.99986124038696 5.89783334732056 5.95227336883545 6.1639552116394 6.53743648529053 6.89702606201172 7.24815273284912 7.28592157363892 7.21923828125 7.14302206039429 7.06369733810425 6.73549175262451 6.43449211120605 6.3067479133606 6.18239879608154 6.06750011444092 5.98513698577881 5.95305633544922 5.8898720741272 5.79814147949219 5.63083839416504
-9999.000000000000000 -9999 -9999 -9999 17.8761253356934 17.6975784301758 17.8185405731201 18.1144580841064 18.4550609588623 19.2117214202881 19.7408714294434 19.3992118835449 17.9308662414551 14.2331209182739 11.3738031387329 9.48189926147461 8.00704765319824 6.81860446929932 6.24652290344238 5.91244077682495 5.75765752792358 5.63451480865479 5.63007688522339 5.63528060913086 5.69917011260986 5.72461271286011 5.62539386749268 5.56927394866943 5.58836507797241 5.76272249221802 6.0968451499939 6.32084131240845 6.47774887084961 6.47679567337036 6.42322301864624 6.33081388473511 6.23245525360107 6.05325746536255 5.88289737701416 5.76882219314575 5.64001083374023 5.47017765045166 5.32358503341675 5.2129077911377 5.1393985748291 5.1000018119812 5.0142388343811
-9999 -9999 -9999 -9999 18.2983818054199 18.4956874847412 18.3719711303711 18.5509357452393 18.7838935852051 19.4632034301758 19.7265167236328 18.3975772857666 16.1493129730225 12.0819664001465 9.31560707092285 8.05038261413574 7.05305242538452 6.23969793319702 5.77886629104614 5.45415592193604 5.3404483795166 5.26397657394409 5.24054384231567 5.22802257537842 5.29674911499023 5.34314393997192 5.31712961196899 5.29869604110718 5.29349279403687 5.42038011550903 5.68318700790405 5.79023122787476 5.80238628387451 5.77450942993164 5.73328828811646 5.64905261993408 5.55884599685669 5.4650673866272 5.37161493301392 5.28024005889893 5.16786527633667 4.99703073501587 4.8447093963623 4.72099876403809 4.65590810775757 4.64461898803711 4.60664892196655
-9999 -9999 -9999 -9999 18.5987854003906 18.7018814086914 18.8291835784912 18.9839744567871 19.1756973266602 19.7835693359375 19.6948852539062 16.940071105957 13.988865852356 10.6490564346313 8.34757614135742 7.24416399002075 6.4583740234375 5.89071035385132 5.45843601226807 5.07844018936157 4.95365524291992 4.87390756607056 4.89031219482422 4.91582584381104 4.99969434738159 5.06920337677002 5.09215307235718 5.10106325149536 5.08547210693359 5.15212774276733 5.30341339111328 5.3169584274292 5.2465934753418 5.20663547515869 5.17681264877319 5.13140439987183 5.08355093002319 4.99519300460815 4.911048412323 4.85373640060425 4.7840895652771 4.68010568618774 4.59565591812134 4.54139518737793 4.50830507278442 4.49464464187622 4.46201038360596
-9999 -9999 -9999 -9999 18.7018814086914 18.8559818267822 19.0368785858154 19.2788562774658 19.5597896575928 20.1482028961182 19.9558849334717 16.7752590179443 13.4959878921509 10.0215291976929 7.68238973617554 6.65323257446289 5.97153902053833 5.52846384048462 5.16366481781006 4.82909107208252 4.71412324905396 4.63790941238403 4.66865634918213 4.7065577507019 4.78456163406372 4.85603284835815 4.906325340271 4.93448066711426 4.92400503158569 4.94297027587891 4.99222946166992 4.96282196044922 4.88549089431763 4.84526538848877 4.81740808486938 4.79291248321533 4.76852703094482 4.69489479064941 4.62629461288452 4.58973741531372 4.54765319824219 4.49018430709839 4.44660091400146 4.42447757720947 4.40622282028198 4.39151811599731 4.36153697967529
-9999 -9999 -9999 -9999 18.8649139404297 19.0368785858154 19.4708614349365 19.470121383667 19.9381008148193 20.5460376739502 20.4363651275635 17.5799808502197 14.2538061141968 9.99804496765137 7.24433946609497 6.22376918792725 5.56558704376221 5.15627336502075 4.88813877105713 4.67451858520508 4.58503913879395 4.51746654510498 4.54343366622925 4.57448816299438 4.6308708190918 4.68844079971313 4.74985885620117 4.79118633270264 4.79745244979858 4.77813386917114 4.73248910903931 4.69803857803345 4.67040729522705 4.63877534866333 4.60581016540527 4.58878993988037 4.57370805740356 4.5217809677124 4.47340154647827 4.44761848449707 4.42172336578369 4.39551687240601 4.37254571914673 4.35457468032837 4.33828163146973 4.32352781295776 4.29418706893921
-9999 -9999 -9999 -9999 19.0368785858154 19.6502952575684 19.9079704284668 20.0975894927979 20.1365966796875 20.803581237793 20.9130935668945 18.8888263702393 15.7477750778198 10.3969163894653 7.08502197265625 6.12577152252197 5.48116064071655 5.0526270866394 4.78973293304443 4.59079790115356 4.50749826431274 4.44460535049438 4.44526863098145 4.44815921783447 4.45800971984863 4.47763538360596 4.5289568901062 4.5705099105835 4.5950174331665 4.58893632888794 4.5513801574707 4.52480602264404 4.50492143630981 4.47130060195923 4.43310070037842 4.42820739746094 4.42775392532349 4.40455341339111 4.3815336227417 4.35966205596924 4.33911848068237 4.32227182388306 4.30675554275513 4.29329681396484 4.27859544754028 4.2627534866333 4.23825073242188
-9999 -9999 -9999 -9999 -9999 20.1210746765137 20.1854705810547 20.1562004089355 20.2580261230469 21.0009994506836 21.3882141113281 20.4137306213379 17.5572414398193 10.9767999649048 7.04516267776489 6.16983270645142 5.53453302383423 5.06407356262207 4.76723670959473 4.53744173049927 4.45204782485962 4.3921365737915 4.35870027542114 4.32429027557373 4.27693223953247 4.24831008911133 4.2804388999939 4.31666994094849 4.3600606918335 4.38929796218872 4.40397119522095 4.39081001281738 4.3606915473938 4.32054615020752 4.27705812454224 4.28628587722778 4.30274200439453 4.31127786636353 4.31581878662109 4.29491853713989 4.2750825881958 4.25820779800415 4.24450778961182 4.23571491241455 4.22244691848755 4.20507144927979 4.18720579147339
-9999 -9999 -9999 -9999 -9999 20.2736663818359 20.2697830200195 20.302619934082 20.3596744537354 21.1492023468018 21.6569004058838 21.0858745574951 18.3320770263672 11.2591896057129 7.08589220046997 6.25826835632324 5.6364312171936 5.15591764450073 4.80809164047241 4.51150131225586 4.39699411392212 4.3146185874939 4.26735496520996 4.22153377532959 4.18132781982422 4.15485143661499 4.17289400100708 4.19528150558472 4.2252516746521 4.2505841255188 4.27114582061768 4.26562976837158 4.24422740936279 4.21479606628418 4.18268823623657 4.19402456283569 4.21133708953857 4.22479581832886 4.23570537567139 4.23038482666016 4.22305870056152 4.21015024185181 4.19899034500122 4.19053316116333 4.17918586730957 4.16518640518188 4.15449810028076
-9999 -9999 -9999 -9999 -9999 20.3722038269043 20.3657474517822 20.350528717041 20.4572315216064 21.2872219085693 21.8828735351562 21.5815830230713 18.8928451538086 11.4800271987915 7.1432957649231 6.35588455200195 5.74836921691895 5.26439619064331 4.86205434799194 4.49123334884644 4.34202194213867 4.23191833496094 4.17502117156982 4.12314558029175 4.10340738296509 4.0895037651062 4.09451723098755 4.1012978553772 4.1111626625061 4.12447595596313 4.14133787155151 4.14227390289307 4.13350820541382 4.11835765838623 4.10107898712158 4.11203813552856 4.12688541412354 4.13971900939941 4.15261316299438 4.16589450836182 4.17352056503296 4.16540479660034 4.15693473815918 4.14791631698608 4.13859128952026 4.12898397445679 4.12558460235596
-9999 -9999 -9999 -9999 -9999 -9999 20.4810829162598 20.444091796875 20.5103340148926 21.3465938568115 21.8641929626465 21.1621055603027 18.3451156616211 11.3433303833008 7.25611734390259 6.53186225891113 5.92967653274536 5.41132068634033 4.92363929748535 4.44780206680298 4.2789740562439 4.16432332992554 4.12861204147339 4.09721422195435 4.08735466003418 4.08027362823486 4.08220148086548 4.08504009246826 4.08946847915649 4.09583759307861 4.10420370101929 4.10481643676758 4.10070657730103 4.09369373321533 4.08571338653564 4.09130001068115 4.09875392913818 4.10517930984497 4.11219930648804 4.12300300598145 4.1299352645874 4.12608957290649 4.12144994735718 4.11558294296265 4.10999155044556 4.10465383529663 4.10275602340698
-9999 -9999 -9999 -9999 -9999 -9999 20.6333389282227 20.6486263275146 20.5832386016846 21.4159717559814 21.8320827484131 20.6535396575928 17.6766395568848 11.1412963867188 7.33610963821411 6.68109464645386 6.09103870391846 5.54559278488159 4.97897243499756 4.40417623519897 4.21873331069946 4.10199975967407 4.08746290206909 4.07635164260864 4.07514142990112 4.07410383224487 4.0736255645752 4.0733437538147 4.07340478897095 4.0736289024353 4.07401990890503 4.07405996322632 4.07388591766357 4.07404708862305 4.07431983947754 4.0747766494751 4.07525682449341 4.07554960250854 4.07680034637451 4.08415031433105 4.08956623077393 4.08959674835205 4.08857011795044 4.08590984344482 4.08391427993774 4.08252811431885 4.08175039291382
-9999 -9999 -9999 -9999 -9999 -9999 20.815486907959 20.807300567627 20.8886127471924 21.6296710968018 21.7735691070557 19.6317939758301 16.2496280670166 10.4130802154541 7.03943872451782 6.50760507583618 6.00651454925537 5.52653741836548 4.96398067474365 4.36953687667847 4.19230222702026 4.08869218826294 4.08047962188721 4.07494592666626 4.07433032989502 4.07376956939697 4.07338523864746 4.07317495346069 4.07326793670654 4.07344532012939 4.07371044158936 4.07374858856201 4.07364892959595 4.0736346244812 4.07364892959595 4.07395124435425 4.07429027557373 4.07414865493774 4.07450866699219 4.07805967330933 4.08065986633301 4.08061122894287 4.08033561706543 4.07971000671387 4.07901096343994 4.07824468612671 4.07728099822998
-9999 -9999 -9999 -9999 -9999 20.7959842681885 20.9572372436523 20.9905338287354 21.2282371520996 21.851921081543 21.703784942627 18.6014423370361 14.8235502243042 9.70893573760986 6.75411891937256 6.2913703918457 5.84658193588257 5.41412734985352 4.88518333435059 4.3189811706543 4.16224050521851 4.07775735855103 4.07484245300293 4.07381916046143 4.07367277145386 4.07350397109985 4.0732626914978 4.07315254211426 4.07327175140381 4.07341289520264 4.07357740402222 4.07361555099487 4.07357692718506 4.07343244552612 4.0732536315918 4.07339334487915 4.07357311248779 4.07315301895142 4.07285690307617 4.07335186004639 4.07367753982544 4.07353067398071 4.0737886428833 4.07467317581177 4.07493782043457 4.07463455200195 4.07365942001343
-9999 -9999 -9999 -9999 20.496208190918 20.735221862793 20.7959842681885 21.2351341247559 21.693452835083 22.1055335998535 21.5926761627197 17.5395412445068 13.4008989334106 9.09305763244629 6.51042175292969 5.91840219497681 5.41014575958252 4.95941257476807 4.57243013381958 4.21006441116333 4.11886787414551 4.07552433013916 4.07414197921753 4.0737133026123 4.07357692718506 4.07349157333374 4.07357168197632 4.07366800308228 4.07379198074341 4.07393312454224 4.07409238815308 4.07413625717163 4.07411003112793 4.07400178909302 4.07386636734009 4.07381343841553 4.07377147674561 4.07364320755005 4.07355356216431 4.07371425628662 4.07374906539917 4.0734338760376 4.0734281539917 4.07389974594116 4.07390975952148 4.07349491119385 4.07314586639404
