Ecospace-environmental-drivers/Outputs/ASCII-for-ecospace/MOM6-ISIMIP3a/tob/1983-07_tob_MOM6-ISIMIP3a.asc
NCOLS 131 
NROWS 53 
XLLCORNER -98 
YLLCORNER 23.9265270233154 
CELLSIZE 0.133587792515755 
NODATA_value -9999 
[rows 21 to 41 of 53, columns 0 to 46 of 131]
-9999 -9999 -9999 -9999 -9999 -9999 26.081470489502 26.0715255737305 26.0349979400635 26.0264587402344 26.2882175445557 27.2020454406738 26.8944416046143 25.9781742095947 25.2669849395752 24.7924270629883 24.4484119415283 24.1940479278564 23.7756233215332 23.2938499450684 22.9892406463623 22.7158946990967 22.5624160766602 22.4194374084473 22.3420906066895 22.2571887969971 22.1477928161621 22.0377254486084 21.9264888763428 21.8175621032715 21.7110137939453 21.5830631256104 21.4420738220215 21.3101634979248 21.1812801361084 21.1202163696289 21.0690841674805 21.095552444458 21.1224937438965 21.1524600982666 21.184211730957 21.2209300994873 21.2621116638184 21.3101959228516 21.3588523864746 21.4080371856689 21.4057006835938
-9999 -9999 -9999 -9999 -9999 -9999 26.0749282836914 26.081470489502 26.0615825653076 25.9704780578613 26.0264587402344 25.6361484527588 25.1736698150635 24.5683898925781 24.1494655609131 23.9455680847168 23.7578449249268 23.581226348877 23.0646171569824 22.4167213439941 21.5651264190674 20.6775856018066 20.3486957550049 20.0339260101318 19.7348880767822 19.5709056854248 19.8448219299316 20.1301536560059 20.4354057312012 20.7471714019775 21.0656394958496 21.1910591125488 21.1988735198975 21.1796398162842 21.1513919830322 21.0696620941162 20.9750003814697 20.1106090545654 19.2505187988281 18.417818069458 17.8484802246094 18.0122756958008 18.1039505004883 18.0841617584229 18.1749801635742 18.3673152923584 18.1767482757568
-9999 -9999 -9999 -9999 26.5316047668457 26.1997261047363 26.0845966339111 26.0587177276611 26.081470489502 26.0416946411133 25.7322845458984 24.3908214569092 23.4257183074951 23.2053203582764 23.0823459625244 23.0717792510986 22.9519596099854 22.7571067810059 22.1052284240723 21.276876449585 19.8676605224609 18.3559379577637 17.8541412353516 17.3711338043213 16.8604145050049 16.6218891143799 17.2659225463867 17.9311447143555 18.6333408355713 19.3528079986572 20.0900459289551 20.485689163208 20.6732330322266 20.7908897399902 20.8852500915527 20.7843112945557 20.644681930542 18.8796882629395 17.1274871826172 15.4567718505859 14.3018674850464 14.5828542709351 14.7179498672485 14.6275787353516 14.7538070678711 15.0788297653198 14.6974496841431
-9999 -9999 -9999 -9999 27.3078212738037 26.5342750549316 26.3148536682129 26.0845966339111 26.0100860595703 25.0617809295654 24.1739444732666 23.5175590515137 23.0163745880127 22.822286605835 22.1307926177979 20.8653659820557 19.3460674285889 17.6524219512939 16.5073108673096 15.5740089416504 14.4250726699829 13.2380828857422 12.9845428466797 12.758397102356 12.5902013778687 12.5474643707275 12.9115104675293 13.2510461807251 13.5478076934814 13.9621105194092 14.4973602294922 15.0919055938721 15.7225713729858 16.1644115447998 16.5433082580566 16.4386005401611 16.2562351226807 14.5702953338623 12.9728946685791 11.9393472671509 11.2000608444214 11.2799234390259 11.2889165878296 11.1883859634399 11.2135047912598 11.3539457321167 10.9858322143555
-9999 -9999 -9999 -9999 -9999 27.3078212738037 26.4298267364502 26.5451126098633 25.6837635040283 24.1364097595215 22.885669708252 22.7702312469482 22.5397567749023 22.0816535949707 20.7455310821533 18.3963108062744 15.7766361236572 12.9712285995483 11.484130859375 10.5060815811157 9.64299297332764 8.80019187927246 8.75578784942627 8.74278259277344 8.84574413299561 8.94768047332764 9.04629516601562 9.10126876831055 9.08008480072021 9.25618171691895 9.63527870178223 10.3599767684937 11.2952117919922 11.9400663375854 12.4881277084351 12.3788318634033 12.1694707870483 10.6798048019409 9.3257942199707 8.8356761932373 8.45363426208496 8.37245273590088 8.28363800048828 8.18302536010742 8.12088871002197 8.09406566619873 7.752037525177
-9999 -9999 -9999 -9999 -9999 27.0118770599365 27.3078212738037 25.7817783355713 24.2396068572998 23.4501991271973 22.7815456390381 22.5750904083252 21.7681579589844 19.773042678833 17.4585800170898 14.7756404876709 12.3670701980591 10.1469211578369 8.98101425170898 8.22218799591064 7.75705432891846 7.34374809265137 7.33695077896118 7.34538555145264 7.40657567977905 7.42906379699707 7.3260645866394 7.27679443359375 7.32128667831421 7.55277872085571 7.97668981552124 8.53009510040283 9.16238784790039 9.47897052764893 9.69031715393066 9.57283115386963 9.40549278259277 8.62608337402344 7.9039044380188 7.54619169235229 7.26544809341431 7.19896745681763 7.13640451431274 7.07989597320557 6.99124813079834 6.87310218811035 6.61335849761963
-9999 -9999 26.3818588256836 26.4515857696533 26.5195236206055 26.7155818939209 27.012228012085 25.0813751220703 23.1770820617676 22.9591007232666 22.6780376434326 22.1555309295654 20.7080478668213 17.4303035736084 14.4141435623169 11.6998109817505 9.61001300811768 7.94911050796509 7.06733083724976 6.48639917373657 6.30465602874756 6.19335746765137 6.2082576751709 6.22856950759888 6.27095031738281 6.2518310546875 6.03330373764038 5.92345142364502 6.00324630737305 6.26236963272095 6.70601892471313 7.09163999557495 7.4419116973877 7.52048444747925 7.50849199295044 7.37713813781738 7.22855377197266 6.97806167602539 6.72761631011963 6.47746515274048 6.27158546447754 6.18894720077515 6.11733198165894 6.06275272369385 5.95879793167114 5.80952644348145 5.63886547088623
-9999.000000000000000 -9999 -9999 -9999 26.1196517944336 26.32346534729 26.1427536010742 24.5182800292969 22.9472236633301 22.8937149047852 22.5758800506592 21.24631690979 19.0184516906738 15.0131025314331 11.8988370895386 9.812744140625 8.27663516998291 7.11822462081909 6.43970680236816 5.94649267196655 5.79817867279053 5.71072816848755 5.71261644363403 5.72394180297852 5.79761075973511 5.81944704055786 5.67322063446045 5.5980486869812 5.64687347412109 5.87305307388306 6.2817268371582 6.50721836090088 6.62111711502075 6.65861797332764 6.67065334320068 6.51304626464844 6.33244848251343 6.21521997451782 6.08719301223755 5.89039897918701 5.70170927047729 5.53558254241943 5.37788581848145 5.2332181930542 5.13840436935425 5.08934736251831 5.02260160446167
-9999 -9999 -9999 -9999 25.5901412963867 25.3199081420898 25.4356250762939 24.1432209014893 22.8824615478516 22.8619194030762 22.3478145599365 19.9445629119873 16.9753589630127 12.8862953186035 9.95701789855957 8.36595153808594 7.24583864212036 6.44915056228638 5.90899276733398 5.46789073944092 5.33974838256836 5.26683378219604 5.27155494689941 5.28760719299316 5.38391733169556 5.44019174575806 5.36665201187134 5.32917737960815 5.3546404838562 5.52749443054199 5.85201072692871 5.95140361785889 5.91365432739258 5.93311262130737 5.97164011001587 5.81614112854004 5.63476896286011 5.584397315979 5.51961421966553 5.36305618286133 5.20101642608643 5.02371501922607 4.85465097427368 4.698317527771 4.62724113464355 4.63441467285156 4.61910629272461
-9999 -9999 -9999 -9999 25.2234783172607 25.1270484924316 25.0079784393311 24.0047302246094 23.0254058837891 22.8723831176758 21.9613475799561 18.1489601135254 14.4875373840332 11.124828338623 8.73669147491455 7.47305870056152 6.59571313858032 5.98364782333374 5.50019884109497 5.06641340255737 4.94176530838013 4.87167024612427 4.89915895462036 4.93719005584717 5.04526376724243 5.12777614593506 5.12740898132324 5.13142776489258 5.14310026168823 5.23698663711548 5.41546964645386 5.43157911300659 5.34877157211304 5.37915945053101 5.44727945327759 5.32957124710083 5.18672513961792 5.11966514587402 5.04367971420288 4.91085147857666 4.78736066818237 4.6898627281189 4.60342788696289 4.53409051895142 4.50511503219604 4.51318359375 4.48329210281372
-9999 -9999 -9999 -9999 25.1270484924316 24.9829139709473 24.8137149810791 24.0680160522461 23.3216285705566 23.0274410247803 21.9455852508545 17.8488636016846 13.9386596679688 10.3975238800049 7.96729755401611 6.81888723373413 6.05191707611084 5.54689884185791 5.16158962249756 4.82250547409058 4.71442127227783 4.64710140228271 4.68261432647705 4.72698640823364 4.82641792297363 4.91061496734619 4.9454140663147 4.97043132781982 4.97837829589844 5.00999689102173 5.06597423553467 5.04026508331299 4.96479368209839 4.98116874694824 5.02815914154053 4.95473861694336 4.86486005783081 4.80049896240234 4.73071241378784 4.62638092041016 4.53692960739136 4.48890161514282 4.44891452789307 4.42135429382324 4.41291809082031 4.42203330993652 4.38484001159668
-9999 -9999 -9999 -9999 24.9745597839355 24.8137149810791 24.3504791259766 24.2826347351074 23.7328109741211 23.2909488677979 22.2078552246094 18.67041015625 14.8440093994141 10.4458513259888 7.53610706329346 6.34375858306885 5.58786869049072 5.13171434402466 4.87561941146851 4.69677543640137 4.61505794525146 4.55047988891602 4.58295965194702 4.62194442749023 4.69743061065674 4.76489591598511 4.80635547637939 4.83699989318848 4.84877014160156 4.83064651489258 4.78176307678223 4.74533605575562 4.71649694442749 4.70015096664429 4.68796968460083 4.66371059417725 4.63763093948364 4.59050750732422 4.53997278213501 4.46771287918091 4.40891885757446 4.38761043548584 4.36693477630615 4.34723615646362 4.34316778182983 4.35344457626343 4.31441020965576
-9999 -9999 -9999 -9999 24.8137149810791 24.5064373016357 24.3237400054932 24.2375507354736 24.155445098877 23.731653213501 22.8192405700684 20.0365962982178 16.3425388336182 10.8450565338135 7.37426614761353 6.24196004867554 5.50578737258911 5.04165840148926 4.79020881652832 4.62088346481323 4.54357814788818 4.48251152038574 4.48359060287476 4.4876127243042 4.50482177734375 4.52752065658569 4.56802177429199 4.60206127166748 4.62482500076294 4.62132263183594 4.5907940864563 4.56363773345947 4.53853607177734 4.50309753417969 4.46421337127686 4.46593952178955 4.47306728363037 4.45088052749634 4.42526483535767 4.37781047821045 4.33819627761841 4.32040786743164 4.30373287200928 4.28877925872803 4.28323316574097 4.28632068634033 4.25580024719238
-9999 -9999 -9999 -9999 -9999 24.5584087371826 24.5378150939941 24.4510326385498 24.5829887390137 24.2483024597168 23.580249786377 21.6362018585205 18.0952930450439 11.3946399688721 7.32786226272583 6.30016231536865 5.58740949630737 5.09094524383545 4.79075384140015 4.56635046005249 4.48404884338379 4.42682313919067 4.38434457778931 4.34072875976562 4.28494644165039 4.25086355209351 4.28714084625244 4.32361936569214 4.36044836044312 4.39915323257446 4.43978691101074 4.43046808242798 4.39071941375732 4.34202909469604 4.29035806655884 4.30813646316528 4.33536100387573 4.3414101600647 4.34314203262329 4.31737899780273 4.29202604293823 4.26781463623047 4.24857902526855 4.2370343208313 4.22750473022461 4.21982479095459 4.20225620269775
-9999 -9999 -9999 -9999 -9999 24.8267402648926 24.8136692047119 24.9248638153076 24.8841896057129 24.5520057678223 23.9290218353271 22.1929836273193 18.6657485961914 11.59423828125 7.34805011749268 6.36183881759644 5.66656446456909 5.17108917236328 4.82312726974487 4.53212547302246 4.41934776306152 4.33802175521851 4.28354930877686 4.23024463653564 4.18176794052124 4.15046358108521 4.17483949661255 4.19890451431274 4.2224268913269 4.25385904312134 4.29342985153198 4.29194450378418 4.26544761657715 4.22969102859497 4.19084739685059 4.20811319351196 4.23308038711548 4.25053310394287 4.26407480239868 4.25271081924438 4.23894453048706 4.21849250793457 4.20336866378784 4.19647979736328 4.18879079818726 4.18036794662476 4.16850614547729
-9999 -9999 -9999 -9999 -9999 25.0885696411133 25.1287384033203 25.0651092529297 25.1592502593994 24.8116474151611 24.1925029754639 22.5340042114258 18.9915866851807 11.7214250564575 7.38201570510864 6.42423439025879 5.74520921707153 5.25761795043945 4.86208629608154 4.50210189819336 4.35357761383057 4.24236917495728 4.18243360519409 4.12729120254517 4.10273408889771 4.08653163909912 4.0974178314209 4.10599613189697 4.11054849624634 4.12447071075439 4.14803552627563 4.15231275558472 4.14484071731567 4.12743520736694 4.10671854019165 4.12004518508911 4.13812923431396 4.16350269317627 4.18563985824585 4.1871657371521 4.18443298339844 4.16984701156616 4.16021537780762 4.1582407951355 4.15359783172607 4.1465048789978 4.13885116577148
-9999 -9999 -9999 -9999 -9999 -9999 25.323299407959 25.3962421417236 25.355152130127 24.8041343688965 23.9933547973633 22.1883220672607 18.6259117126465 11.586142539978 7.42103099822998 6.5728235244751 5.92407321929932 5.41229867935181 4.92431259155273 4.44551181793213 4.28036069869995 4.17055892944336 4.13293409347534 4.0994348526001 4.08715105056763 4.07886981964111 4.08356761932373 4.08724355697632 4.0891375541687 4.09569692611694 4.10705804824829 4.10937166213989 4.10617399215698 4.09819793701172 4.08862829208374 4.09512567520142 4.10389137268066 4.11928081512451 4.13293552398682 4.13554525375366 4.13584613800049 4.12972259521484 4.1252269744873 4.12324714660645 4.12036991119385 4.11666822433472 4.11152505874634
-9999 -9999 -9999 -9999 -9999 -9999 25.4439353942871 25.5085487365723 25.5167999267578 24.766284942627 23.7544269561768 21.742259979248 18.1391754150391 11.3881120681763 7.43032360076904 6.69553565979004 6.08257484436035 5.55327796936035 4.98004293441772 4.38984155654907 4.21103096008301 4.10481834411621 4.08922243118286 4.07690954208374 4.07542324066162 4.07413721084595 4.07350206375122 4.07314920425415 4.07329082489014 4.07353591918945 4.07388877868652 4.07407903671265 4.07417011260986 4.07442808151245 4.07474136352539 4.07487630844116 4.07502317428589 4.08028268814087 4.08523511886597 4.08822870254517 4.09086751937866 4.09251642227173 4.09270763397217 4.0906457901001 4.08941078186035 4.08893585205078 4.08609485626221
-9999 -9999 -9999 -9999 -9999 -9999 25.696252822876 25.4270133972168 25.3508472442627 24.5324478149414 23.3121299743652 20.5534362792969 16.6913890838623 10.6461162567139 7.12014102935791 6.5010404586792 5.97599697113037 5.5155463218689 4.9553656578064 4.35667562484741 4.18672466278076 4.09243297576904 4.08260107040405 4.07538080215454 4.07451057434082 4.07376861572266 4.07344245910645 4.07332754135132 4.0735821723938 4.0738525390625 4.07413911819458 4.07418775558472 4.07409191131592 4.07410287857056 4.0741491317749 4.07427883148193 4.07443428039551 4.07656621932983 4.07861995697021 4.08017635345459 4.08154058456421 4.08236885070801 4.08262872695923 4.08201122283936 4.08171987533569 4.08172798156738 4.07977628707886
-9999 -9999 -9999 -9999 -9999 27.1558780670166 26.1581954956055 26.1531982421875 25.1129341125488 24.2507915496826 22.8287773132324 19.2638092041016 15.1368560791016 9.89789867401123 6.83356189727783 6.27839803695679 5.80666542053223 5.39222812652588 4.87101745605469 4.30857706069946 4.15894794464111 4.08216762542725 4.07727241516113 4.07426166534424 4.0738353729248 4.07350254058838 4.07347345352173 4.07357549667358 4.07390689849854 4.07418441772461 4.07440614700317 4.0743350982666 4.07408571243286 4.07389163970947 4.07371664047241 4.07380294799805 4.07392311096191 4.07368993759155 4.07353687286377 4.07389688491821 4.07419538497925 4.07432413101196 4.07456254959106 4.07496976852417 4.07531976699829 4.07561779022217 4.07452726364136
-9999 -9999 -9999 -9999 28.0707187652588 27.376033782959 27.1558780670166 25.8966903686523 24.6111545562744 23.7937927246094 22.1948852539062 17.6045513153076 13.1909027099609 9.12686252593994 6.63352918624878 5.95254468917847 5.40723085403442 4.95508813858032 4.56787061691284 4.20572376251221 4.11844682693481 4.07967567443848 4.07668209075928 4.0746431350708 4.07402992248535 4.07361316680908 4.0738353729248 4.07407760620117 4.07435512542725 4.07457494735718 4.07473516464233 4.07462215423584 4.07434225082397 4.07409954071045 4.07386875152588 4.07377243041992 4.07369709014893 4.07389450073242 4.07407093048096 4.07411623001099 4.07411670684814 4.07399368286133 4.07387638092041 4.07376861572266 4.07365369796753 4.07353162765503 4.07320070266724
