Ecospace-environmental-drivers/Outputs/ASCII-for-ecospace/MOM6-ISIMIP3a/tob/1983-05_tob_MOM6-ISIMIP3a.asc
NCOLS 131 
NROWS 53 
XLLCORNER -98 
YLLCORNER 23.9265270233154 
CELLSIZE 0.133587792515755 
NODATA_value -9999 
[rows 0 to 20 of 53, columns 47 to 93 of 131]
-9999 -9999 -9999 -9999 -9999 -9999 -9999 -9999 -9999 -9999 -9999 -9999 -9999 -9999 -9999 -9999 -9999 -9999 -9999 -9999 -9999 -9999 -9999 -9999 -9999 -9999 -9999 -9999 -9999 -9999 -9999 -9999 -9999 -9999 -9999 -9999 -9999 -9999 -9999 -9999 -9999 -9999 -9999 -9999 -9999 -9999 -9999
-9999 -9999 -9999 -9999 -9999 -9999 -9999 -9999 -9999 -9999 -9999 -9999 -9999 -9999 -9999 -9999 -9999 -9999 -9999 -9999 -9999 -9999 -9999 -9999 -9999 -9999 -9999 -9999 -9999 -9999 -9999 -9999 -9999 -9999 -9999 -9999 -9999 -9999 -9999 -9999 -9999 -9999 -9999 -9999 -9999 -9999 -9999
-9999 -9999 -9999 -9999 -9999 -9999 -9999 -9999 -9999 -9999 -9999 -9999 -9999 -9999 -9999 -9999 -9999 -9999 -9999 -9999 -9999 -9999 -9999 -9999 -9999 -9999 -9999 20.8785152435303 20.8543930053711 -9999 -9999 -9999 -9999 -9999 -9999 -9999 -9999 -9999 -9999 -9999 -9999 -9999 -9999 -9999 -9999 -9999 -9999
-9999 -9999 -9999 -9999 -9999 -9999 -9999 -9999 -9999 -9999 -9999 -9999 -9999 -9999 -9999 -9999 -9999 -9999 -9999 -9999 -9999 -9999 -9999 -9999 -9999 -9999 -9999 20.8807945251465 20.8709392547607 -9999 -9999 -9999 -9999 -9999 -9999 -9999 -9999 -9999 -9999 -9999 -9999 -9999 -9999 -9999 -9999 -9999 -9999
-9999 -9999 -9999 -9999 -9999 -9999 -9999 -9999 -9999 -9999 -9999 -9999 -9999 -9999 -9999 -9999 -9999 -9999 23.1113376617432 23.0106067657471 22.9300231933594 22.4599590301514 22.0622901916504 21.4197807312012 21.0410938262939 20.901008605957 20.8602676391602 20.8901634216309 20.8919506072998 20.8307037353516 -9999 -9999 20.3073272705078 19.8574600219727 19.3728523254395 19.0581283569336 18.9994316101074 19.075366973877 19.2864284515381 19.5806865692139 19.9888172149658 20.5261611938477 -9999 -9999 -9999 -9999 -9999
-9999 -9999 -9999 -9999 -9999 -9999 -9999 -9999 -9999 -9999 -9999 -9999 -9999 -9999 23.8211879730225 -9999 23.8188190460205 23.815601348877 23.4593486785889 23.1113376617432 22.9904613494873 22.9300231933594 21.9898948669434 21.2669506072998 21.0024967193604 20.8538341522217 20.8466949462891 20.8802757263184 20.9435195922852 20.8520584106445 20.6965312957764 20.5864791870117 20.4853687286377 19.850133895874 19.2368755340576 19.0315456390381 18.9059658050537 19.0607852935791 19.259349822998 19.5391502380371 19.9435615539551 20.4837417602539 21.1511821746826 21.9009666442871 -9999 -9999 -9999
-9999 -9999 -9999 -9999 -9999 -9999 -9999 -9999 -9999 -9999 23.8381862640381 23.8463191986084 23.8495273590088 23.8514442443848 23.830680847168 23.8200035095215 23.8223705291748 23.8184852600098 23.815601348877 23.4511089324951 23.1113376617432 22.9300231933594 21.9898948669434 21.2669506072998 21.0024967193604 20.8538341522217 20.8466949462891 20.8802757263184 20.9435195922852 20.8520584106445 20.6965312957764 20.5864791870117 20.4853687286377 19.850133895874 19.2368755340576 19.0315456390381 18.9059658050537 19.0607852935791 19.259349822998 19.5391502380371 19.9435615539551 20.4837417602539 21.1511821746826 21.9009666442871 22.09912109375 21.7730255126953 -9999
-9999 -9999 -9999 -9999 -9999 -9999 -9999 -9999 -9999 -9999 23.794584274292 23.8381862640381 23.8544502258301 -9999 23.843936920166 23.8111438751221 23.8176383972168 23.8223705291748 23.8174819946289 23.815601348877 23.4263896942139 22.8901176452637 21.7383861541748 20.8504257202148 20.5193042755127 20.2472324371338 20.0473384857178 19.9322490692139 19.8789291381836 19.8038921356201 19.7198581695557 19.646110534668 19.5743827819824 19.1616363525391 18.7670192718506 18.6728649139404 18.6178665161133 18.7005386352539 18.8385314941406 19.0792598724365 19.429220199585 19.8981914520264 20.4205665588379 20.9774971008301 21.4136161804199 21.806339263916 22.3137798309326
-9999 -9999 -9999 -9999 -9999 -9999 -9999 -9999 -9999 -9999 -9999 -9999 -9999 -9999 23.8589344024658 23.8021640777588 23.7546138763428 23.8129043579102 23.8223705291748 23.814474105835 23.4245586395264 22.843786239624 21.4642581939697 20.3990688323975 19.9974689483643 19.5932712554932 19.1859035491943 18.909294128418 18.7279281616211 18.669563293457 18.6621341705322 18.6267929077148 18.5859622955322 18.3824710845947 18.1952056884766 18.2253170013428 18.2561683654785 18.2896251678467 18.3802967071533 18.5772266387939 18.8678436279297 19.260534286499 19.6267204284668 19.9757595062256 20.7660369873047 21.7148151397705 22.4919128417969
24.3258247375488 -9999 -9999 -9999 -9999 -9999 -9999 -9999 -9999 -9999 23.6564998626709 23.7498931884766 -9999 -9999 -9999 23.8353748321533 23.667875289917 23.6345443725586 23.8034400939941 23.7738590240479 23.3410816192627 22.7297687530518 21.3712749481201 20.337043762207 19.9873580932617 19.620885848999 19.2338962554932 18.9206237792969 18.6610431671143 18.5658359527588 18.5387001037598 18.4761219024658 18.4065761566162 17.1215782165527 15.931734085083 16.1111354827881 16.4803600311279 17.5170040130615 18.2398204803467 18.379825592041 18.6505012512207 19.0635471343994 19.4434566497803 19.801929473877 20.4410209655762 21.1809139251709 22.1893291473389
24.3568420410156 24.361421585083 -9999 -9999 -9999 -9999 -9999 -9999 -9999 -9999 23.5520000457764 23.479549407959 23.7498931884766 -9999 -9999 23.9682998657227 23.6996364593506 23.3356914520264 23.5115871429443 23.6773128509521 23.1552391052246 22.4925842285156 21.2415752410889 20.2970809936523 19.9996643066406 19.6753406524658 19.3181324005127 18.978343963623 18.6512470245361 18.3905506134033 18.157356262207 17.8926162719727 17.621675491333 15.5551996231079 13.6485033035278 13.9522342681885 14.6011800765991 16.4639186859131 17.7219562530518 17.8569965362549 18.2029228210449 18.7786159515381 19.2459201812744 19.6430912017822 20.1425971984863 20.6788635253906 21.8068065643311
24.3568420410156 24.3705787658691 24.4568843841553 24.5295066833496 -9999 -9999 -9999 -9999 -9999 -9999 -9999 23.2821769714355 23.3748531341553 23.7498931884766 23.8381862640381 23.9682998657227 23.6996364593506 23.3356914520264 23.3241882324219 23.2807636260986 22.4203357696533 21.5947437286377 20.9149494171143 20.3754711151123 20.1322116851807 19.8737659454346 19.5967559814453 19.2849025726318 18.9476680755615 17.8314533233643 16.392635345459 14.9874658584595 13.5889120101929 12.350245475769 11.2592906951904 11.5534572601318 12.1675443649292 13.9064922332764 15.1798677444458 15.5886259078979 16.5203838348389 18.0219669342041 18.9718151092529 19.5646648406982 19.9868240356445 20.3476676940918 20.9955081939697
24.3337574005127 24.4182739257812 24.5062885284424 24.5323963165283 -9999 -9999 -9999 -9999 24.2342796325684 23.8539257049561 23.499439239502 23.1804656982422 23.1666240692139 23.4024314880371 23.5907897949219 23.7566719055176 23.5623264312744 23.2819118499756 23.1438846588135 22.9486331939697 21.7781200408936 20.7697353363037 20.4398632049561 19.9959659576416 19.3113479614258 18.7395038604736 18.3054885864258 17.8282241821289 17.3194541931152 15.7361545562744 13.7078552246094 11.8207225799561 9.96133995056152 9.52966499328613 9.22424507141113 9.63567543029785 10.307204246521 11.8932476043701 13.1548233032227 13.8138256072998 15.0671415328979 16.967981338501 18.2837581634521 19.2209720611572 19.7027683258057 20.0209732055664 20.3500442504883
24.2529582977295 24.3756923675537 24.5026702880859 24.5323963165283 24.5498371124268 24.5044097900391 24.4558410644531 24.3913059234619 24.2342796325684 23.8539257049561 23.499439239502 23.1804656982422 22.8871746063232 22.6148948669434 22.724889755249 23.0159606933594 23.0817356109619 23.0936813354492 22.9813232421875 22.7775554656982 21.3676376342773 20.1268062591553 19.5936222076416 18.471700668335 16.1069049835205 14.2734537124634 13.0894155502319 11.9633665084839 10.8795557022095 9.80027961730957 8.72288227081299 7.99998140335083 7.34676694869995 7.6700382232666 8.07463359832764 8.92040920257568 9.88013076782227 11.2404870986938 12.4224147796631 13.2729778289795 14.1871519088745 15.17063331604 16.5607967376709 18.2140998840332 19.0980033874512 19.7055263519287 20.1191806793213
23.7890796661377 24.0071048736572 24.2349166870117 24.3008651733398 24.3463134765625 24.2855930328369 24.2205924987793 24.1338214874268 23.9509048461914 23.5358390808105 23.1467094421387 22.7931861877441 22.3631763458252 21.870584487915 21.9085845947266 22.1979122161865 22.3938388824463 22.5674476623535 22.2002029418945 21.6940841674805 19.7074794769287 17.9306697845459 17.0318660736084 15.4942083358765 12.6078767776489 10.3915109634399 8.99398136138916 7.7196102142334 6.53494691848755 5.89160394668579 5.47244071960449 5.51258039474487 5.6430082321167 6.46667003631592 7.33811616897583 8.42556953430176 9.5374584197998 10.7352657318115 11.8584642410278 12.8431081771851 13.5780229568481 14.0408506393433 15.3090782165527 17.0984382629395 18.2947254180908 19.2779731750488 19.8257160186768
22.7835922241211 23.1776027679443 23.5937213897705 23.7419929504395 23.8550453186035 23.7574119567871 23.6527442932129 23.512300491333 23.2668914794922 22.7680377960205 22.2952823638916 21.858362197876 21.4934272766113 21.1873893737793 21.1623935699463 21.2705211639404 21.4128456115723 21.5633411407471 20.5445537567139 19.3206539154053 16.2805137634277 13.5385828018188 12.0446882247925 10.462121963501 8.69236373901367 7.33539056777954 6.48292446136475 5.76779365539551 5.1526951789856 4.84901809692383 4.67431116104126 4.9102783203125 5.22697401046753 6.19113206863403 7.18563747406006 8.24237060546875 9.31411457061768 10.4386367797852 11.5326852798462 12.5701427459717 13.3518419265747 13.8548831939697 14.723614692688 15.8289651870728 17.2107887268066 18.6919250488281 19.4437484741211
21.8961811065674 22.3013038635254 22.7275485992432 22.9247550964355 23.0889949798584 22.9961490631104 22.8909397125244 22.7228393554688 22.4772968292236 22.0447597503662 21.6290721893311 21.2365188598633 20.6680374145508 19.9556140899658 19.6471614837646 19.5300598144531 19.6200485229492 19.7595176696777 18.0230903625488 16.0750732421875 12.9231033325195 10.0986318588257 8.64477252960205 7.33085680007935 6.3123722076416 5.53573608398438 5.05468893051147 4.69597005844116 4.42635250091553 4.31391048431396 4.26655960083008 4.58768606185913 4.98124599456787 5.97623825073242 6.98920392990112 7.9601731300354 8.93743991851807 9.93685150146484 10.9632329940796 12.0397024154663 12.8905124664307 13.4954595565796 14.2006340026855 14.9706592559814 16.3665657043457 17.9872970581055 18.8841800689697
21.1082057952881 21.3855953216553 21.6719188690186 21.8899421691895 22.0915470123291 22.0386047363281 21.9658012390137 21.791955947876 21.5987911224365 21.3589763641357 21.1188354492188 20.878246307373 19.8800029754639 18.2618713378906 17.4843044281006 17.1048984527588 17.1436157226562 17.2822380065918 14.7725086212158 12.0950412750244 9.62426853179932 7.46049118041992 6.58152151107788 5.80030965805054 5.22547149658203 4.79417562484741 4.53831672668457 4.36520433425903 4.25236320495605 4.2061595916748 4.18755340576172 4.50064325332642 4.87893629074097 5.81241416931152 6.75575590133667 7.59460687637329 8.43164348602295 9.26230144500732 10.1885795593262 11.2924375534058 12.231162071228 12.9899673461914 13.7302713394165 14.4586038589478 15.7242088317871 17.1828098297119 18.175048828125
20.7348861694336 20.9086494445801 21.0828838348389 21.2419490814209 21.393611907959 21.3873310089111 21.3616275787354 21.2371311187744 21.1091117858887 20.9725933074951 20.818920135498 20.641695022583 19.0691089630127 16.3548755645752 14.7632246017456 13.7033157348633 13.5745916366577 13.6683597564697 11.6813163757324 9.57125186920166 7.75122833251953 6.16468286514282 5.55526399612427 5.0379376411438 4.71502494812012 4.46948528289795 4.31851243972778 4.2261118888855 4.1763744354248 4.15533971786499 4.14619159698486 4.37172937393188 4.6434006690979 5.38688707351685 6.13993549346924 6.81570863723755 7.52147150039673 8.33267879486084 9.18843650817871 10.1269292831421 11.0063467025757 11.821400642395 12.6170511245728 13.4001483917236 14.533637046814 15.7929925918579 16.8916625976562
20.5644874572754 20.6464195251465 20.7221870422363 20.7832527160645 20.842248916626 20.8859329223633 20.9145240783691 20.8663368225098 20.8097152709961 20.7327270507812 20.6219291687012 20.4647102355957 18.2470264434814 14.3435220718384 11.7689647674561 9.82390117645264 9.47088623046875 9.49826431274414 8.66812610626221 7.76010513305664 6.57593107223511 5.52577209472656 5.03648042678833 4.65148735046387 4.4866771697998 4.34879970550537 4.24383926391602 4.1808180809021 4.14834451675415 4.13237953186035 4.12325143814087 4.22232532501221 4.34266901016235 4.83329010009766 5.33699369430542 5.83453798294067 6.41340970993042 7.27823209762573 8.0779447555542 8.75674343109131 9.50480937957764 10.3283443450928 11.1892366409302 12.0743007659912 13.0747861862183 14.1167335510254 15.3272523880005
20.5225811004639 20.5592823028564 20.6002979278564 20.6670761108398 20.7358798980713 20.7881336212158 20.779956817627 20.4643783569336 19.9496936798096 18.9542484283447 18.2130336761475 17.8208446502686 15.8726663589478 12.651421546936 10.3203153610229 8.41084861755371 7.84744644165039 7.60566425323486 7.17548990249634 6.70726108551025 5.87353229522705 5.12985897064209 4.76307964324951 4.48042297363281 4.37535524368286 4.28447771072388 4.21094274520874 4.16196393966675 4.13087177276611 4.11694478988647 4.11012697219849 4.15286731719971 4.20534944534302 4.47092199325562 4.74707841873169 5.04954195022583 5.42897987365723 6.0790638923645 6.68117523193359 7.19419574737549 7.84924840927124 8.65904998779297 9.47775554656982 10.3022222518921 11.1936931610107 12.1092338562012 13.3217144012451
