Ecospace-environmental-drivers/Outputs/ASCII-for-ecospace/MOM6-ISIMIP3a/tob/1984-06_tob_MOM6-ISIMIP3a.asc
NCOLS 131 
NROWS 53 
XLLCORNER -98 
YLLCORNER 23.9265270233154 
CELLSIZE 0.133587792515755 
NODATA_value -9999 
[rows 0 to 20 of 53, columns 47 to 93 of 131]
-9999 -9999 -9999 -9999 -9999 -9999 -9999 -9999 -9999 -9999 -9999 -9999 -9999 -9999 -9999 -9999 -9999 -9999 -9999 -9999 -9999 -9999 -9999 -9999 -9999 -9999 -9999 -9999 -9999 -9999 -9999 -9999 -9999 -9999 -9999 -9999 -9999 -9999 -9999 -9999 -9999 -9999 -9999 -9999 -9999 -9999 -9999
-9999 -9999 -9999 -9999 -9999 -9999 -9999 -9999 -9999 -9999 -9999 -9999 -9999 -9999 -9999 -9999 -9999 -9999 -9999 -9999 -9999 -9999 -9999 -9999 -9999 -9999 -9999 -9999 -9999 -9999 -9999 -9999 -9999 -9999 -9999 -9999 -9999 -9999 -9999 -9999 -9999 -9999 -9999 -9999 -9999 -9999 -9999
-9999 -9999 -9999 -9999 -9999 -9999 -9999 -9999 -9999 -9999 -9999 -9999 -9999 -9999 -9999 -9999 -9999 -9999 -9999 -9999 -9999 -9999 -9999 -9999 -9999 -9999 -9999 24.302059173584 24.5049018859863 -9999 -9999 -9999 -9999 -9999 -9999 -9999 -9999 -9999 -9999 -9999 -9999 -9999 -9999 -9999 -9999 -9999 -9999
-9999 -9999 -9999 -9999 -9999 -9999 -9999 -9999 -9999 -9999 -9999 -9999 -9999 -9999 -9999 -9999 -9999 -9999 -9999 -9999 -9999 -9999 -9999 -9999 -9999 -9999 -9999 24.3025493621826 24.5385227203369 -9999 -9999 -9999 -9999 -9999 -9999 -9999 -9999 -9999 -9999 -9999 -9999 -9999 -9999 -9999 -9999 -9999 -9999
-9999 -9999 -9999 -9999 -9999 -9999 -9999 -9999 -9999 -9999 -9999 -9999 -9999 -9999 -9999 -9999 -9999 -9999 26.3528690338135 26.2341442108154 26.1391658782959 25.5851287841797 25.1149196624756 24.3514614105225 23.9298114776611 23.8651695251465 24.0132637023926 24.3168869018555 24.5774955749512 24.7211856842041 -9999 -9999 24.3405151367188 23.7070827484131 22.8924369812012 22.247034072876 21.9671649932861 21.9622211456299 22.2170658111572 22.6066360473633 23.1872138977051 23.9162883758545 -9999 -9999 -9999 -9999 -9999
-9999 -9999 -9999 -9999 -9999 -9999 -9999 -9999 -9999 -9999 -9999 -9999 -9999 -9999 27.0167045593262 -9999 27.0394115447998 27.0571689605713 26.6920127868652 26.3528690338135 26.2103996276855 26.1391658782959 25.0310935974121 24.1744995117188 23.8487911224365 23.7661457061768 23.9805717468262 24.2930736541748 24.6770153045654 24.7623996734619 24.724142074585 24.6801204681396 24.6349658966064 23.7064590454102 22.779821395874 22.1910285949707 21.7702503204346 21.9402141571045 22.176197052002 22.5347843170166 23.1089286804199 23.9179267883301 24.7220077514648 25.5229091644287 -9999 -9999 -9999
-9999 -9999 -9999 -9999 -9999 -9999 -9999 -9999 -9999 -9999 26.8738803863525 26.8855590820312 26.8922576904297 26.9059600830078 26.9611015319824 27.0124053955078 27.0210037231445 27.040060043335 27.0571689605713 26.6660022735596 26.3528690338135 26.1391658782959 25.0310935974121 24.1744995117188 23.8487911224365 23.7661457061768 23.9805717468262 24.2930736541748 24.6770153045654 24.7623996734619 24.724142074585 24.6801204681396 24.6349658966064 23.7064590454102 22.779821395874 22.1910285949707 21.7702503204346 21.9402141571045 22.176197052002 22.5347843170166 23.1089286804199 23.9179267883301 24.7220077514648 25.5229091644287 25.7345714569092 25.2536907196045 -9999
-9999 -9999 -9999 -9999 -9999 -9999 -9999 -9999 -9999 -9999 26.81125831604 26.8738803863525 26.8972396850586 -9999 26.9149856567383 26.9514560699463 27.0038070678711 27.0210037231445 27.0420093536377 27.0571689605713 26.5879707336426 25.9621047973633 24.6805744171143 23.635929107666 23.0913619995117 22.851598739624 22.9843692779541 23.2485504150391 23.6084461212158 23.7261085510254 23.7434501647949 23.4032745361328 22.9928188323975 22.0852642059326 21.2093029022217 20.8218173980713 20.561450958252 20.7480392456055 21.0007438659668 21.3762321472168 21.986120223999 22.8513946533203 23.6332378387451 24.3610935211182 24.827205657959 25.1992969512939 25.7546844482422
-9999 -9999 -9999 -9999 -9999 -9999 -9999 -9999 -9999 -9999 -9999 -9999 -9999 -9999 26.9224872589111 26.9018707275391 26.9081115722656 26.9866104125977 27.0210037231445 27.0478534698486 26.4948863983154 25.7649154663086 24.2941589355469 23.0450630187988 22.2639083862305 21.8545074462891 21.8994655609131 22.1100196838379 22.4411907196045 22.5878200531006 22.6580219268799 21.9938640594482 21.1853485107422 20.2849426269531 19.4503402709961 19.2918167114258 19.2160701751709 19.4313774108887 19.7108116149902 20.1093349456787 20.7589626312256 21.6821765899658 22.4418106079102 23.0956020355225 24.0414886474609 25.0923023223877 25.9499263763428
27.8222312927246 -9999 -9999 -9999 -9999 -9999 -9999 -9999 -9999 -9999 26.7408962249756 26.7470722198486 -9999 -9999 -9999 26.9262657165527 26.8120288848877 26.7946472167969 26.9522151947021 26.908166885376 26.3223323822021 25.5523262023926 24.0115489959717 22.7109146118164 21.9172420501709 21.5060997009277 21.5624885559082 21.7216548919678 21.9556846618652 21.8968124389648 21.7166423797607 20.9012641906738 19.9610195159912 18.5191402435303 17.2175350189209 17.4677238464355 17.7937049865723 18.3861713409424 18.9694900512695 19.5358180999756 20.225959777832 21.0509967803955 21.8735675811768 22.6945419311523 23.620059967041 24.5831336975098 25.6695003509521
27.8715209960938 27.8787975311279 -9999 -9999 -9999 -9999 -9999 -9999 -9999 -9999 26.6635494232178 26.4798412322998 26.7470722198486 -9999 -9999 27.060754776001 26.8441619873047 26.5311698913574 26.6246891021729 26.6933078765869 25.9930381774902 25.1281795501709 23.5745029449463 22.281644821167 21.5393962860107 21.1534805297852 21.2030715942383 21.2881145477295 21.3989772796631 21.0710334777832 20.5613632202148 19.4499931335449 18.2203426361084 16.4328117370605 14.8453731536865 15.4144220352173 16.0785732269287 17.0770988464355 18.0000019073486 18.7824573516846 19.5719089508057 20.3689861297607 21.2738742828369 22.2485218048096 23.1523246765137 24.0306797027588 25.2436485290527
27.8715209960938 27.8933486938477 27.8694839477539 27.9001502990723 -9999 -9999 -9999 -9999 -9999 -9999 -9999 26.2593898773193 26.2898902893066 26.7470722198486 26.8738803863525 27.060754776001 26.8441619873047 26.5311698913574 26.333402633667 26.0752544403076 24.8230285644531 23.5692691802979 22.3091011047363 21.3421764373779 20.994312286377 20.7782554626465 20.7232894897461 20.6122512817383 20.4603710174561 19.5223541259766 18.2587699890137 16.074878692627 13.7100772857666 12.6272420883179 11.7257232666016 12.1316795349121 12.7930927276611 14.3527040481567 15.8066682815552 17.0644359588623 18.2685890197754 19.4143257141113 20.5054931640625 21.5613479614258 22.4362106323242 23.246057510376 24.037748336792
27.8161315917969 27.8408107757568 27.8441257476807 27.8996467590332 -9999 -9999 -9999 -9999 27.576868057251 27.115255355835 26.6326274871826 26.1211490631104 26.0243911743164 26.2669467926025 26.4901580810547 26.7042045593262 26.5719928741455 26.3570461273193 25.9720630645752 25.4850330352783 23.6827583312988 22.0209636688232 20.9470901489258 20.0950031280518 19.7111301422119 19.2842884063721 18.804931640625 18.324987411499 17.8446178436279 16.5582656860352 14.9381256103516 12.4483776092529 9.78768539428711 9.40910148620605 9.1790657043457 9.57456111907959 10.2958326339722 12.1625499725342 13.9275121688843 15.5035018920898 16.9735641479492 18.3282108306885 19.549690246582 20.685001373291 21.5552711486816 22.3303337097168 22.91428565979
27.6222648620605 27.7281551361084 27.8345527648926 27.8996467590332 27.9566783905029 27.9101543426514 27.8572978973389 27.7722187042236 27.576868057251 27.115255355835 26.6326274871826 26.1211490631104 25.610710144043 25.1011199951172 25.1471099853516 25.4562644958496 25.6193828582764 25.7476081848145 25.4355869293213 24.9644012451172 22.6168479919434 20.4991703033447 19.3435516357422 18.078556060791 16.5826606750488 14.993408203125 13.2900552749634 12.0091361999512 11.0359125137329 10.0555820465088 9.07230758666992 8.19340038299561 7.33500957489014 7.65956687927246 8.06491565704346 8.83154010772705 9.76916408538818 11.308030128479 12.8338117599487 14.3352956771851 15.6992797851562 16.9134521484375 18.1253223419189 19.3357048034668 20.2622566223145 21.0868549346924 21.9969215393066
27.0665416717529 27.2707843780518 27.4927158355713 27.6061592102051 27.702564239502 27.6388702392578 27.5697326660156 27.4729137420654 27.2584400177002 26.7598743438721 26.2048473358154 25.5723037719727 24.7947521209717 23.8985595703125 23.7733993530273 24.0134601593018 24.325475692749 24.6546821594238 24.0357551574707 23.2211380004883 20.5063514709473 18.0372753143311 16.5965194702148 14.9922933578491 13.04296875 11.0518884658813 9.00977611541748 7.53750848770142 6.48030614852905 5.82704401016235 5.34106683731079 5.44581842422485 5.66669321060181 6.49254894256592 7.35267400741577 8.32870864868164 9.37263679504395 10.6552820205688 11.980411529541 13.3844356536865 14.6658477783203 15.8136672973633 16.9886016845703 18.1810817718506 19.1393375396729 20.0134563446045 21.0845947265625
25.9992218017578 26.3260478973389 26.6811180114746 26.8977298736572 27.089183807373 26.984037399292 26.8756046295166 26.7504482269287 26.4898147583008 25.9020538330078 25.1722621917725 24.2474880218506 23.4100475311279 22.6440620422363 22.3563365936279 22.2951507568359 22.5490303039551 22.8781909942627 21.4152984619141 19.7492980957031 16.9190044403076 14.2462472915649 12.2327976226807 10.3935079574585 8.92188167572021 7.60429954528809 6.47499179840088 5.67327451705933 5.11016988754272 4.81373167037964 4.62772989273071 4.82941818237305 5.1073169708252 6.14910221099854 7.20865821838379 8.16546058654785 9.16010475158691 10.287805557251 11.4667510986328 12.7408647537231 13.9729337692261 15.1591958999634 16.2585601806641 17.3016967773438 18.2569007873535 19.1805191040039 20.1793918609619
25.0609245300293 25.3778305053711 25.7207183837891 25.9879875183105 26.2354907989502 26.1583461761475 26.0603771209717 25.8564758300781 25.541934967041 24.9602432250977 24.1938972473145 23.1740474700928 22.1178436279297 21.0318946838379 20.4472904205322 20.1001605987549 20.2086181640625 20.4259281158447 18.3693408966064 16.123908996582 13.4035396575928 10.8496046066284 8.99220657348633 7.40639305114746 6.39391708374023 5.59035587310791 5.04213190078735 4.66099119186401 4.40155124664307 4.30023050308228 4.26439237594604 4.50589942932129 4.80192565917969 5.90602970123291 7.01797771453857 7.91421508789062 8.82669353485107 9.79627895355225 10.8268947601318 11.9708490371704 13.1409215927124 14.339451789856 15.4578447341919 16.5243835449219 17.5243625640869 18.500431060791 19.3923969268799
24.2312793731689 24.4266796112061 24.6350135803223 24.9087162017822 25.1794261932373 25.1887702941895 25.1431694030762 24.8180713653564 24.4430999755859 23.9477043151855 23.2611885070801 22.3122940063477 20.9035339355469 19.1185245513916 18.1239356994629 17.5037517547607 17.393274307251 17.4045810699463 14.9650621414185 12.3692140579224 9.94861125946045 7.78508043289185 6.69742345809937 5.77649736404419 5.20755195617676 4.78371286392212 4.53722429275513 4.36615085601807 4.25000905990601 4.20762872695923 4.19579601287842 4.42902135848999 4.71041965484619 5.74748420715332 6.78800106048584 7.58886575698853 8.39148807525635 9.20028972625732 10.0807666778564 11.0943536758423 12.1917724609375 13.3805294036865 14.5976152420044 15.8330316543579 16.9180583953857 17.9490623474121 18.704948425293
23.3953247070312 23.4980812072754 23.6132946014404 23.8515357971191 24.0950183868408 24.1400775909424 24.1252212524414 23.8055953979492 23.4595680236816 23.0497894287109 22.5245761871338 21.8408851623535 20.0273838043213 17.2895030975342 15.4275455474854 13.9804935455322 13.7004203796387 13.6991777420044 11.7952890396118 9.77106952667236 7.89790916442871 6.2524676322937 5.56004905700684 4.99085330963135 4.68179035186768 4.4528865814209 4.32195472717285 4.2384238243103 4.18941974639893 4.17077779769897 4.16471004486084 4.32792854309082 4.52442407608032 5.33236122131348 6.14746952056885 6.81143283843994 7.50831985473633 8.32096767425537 9.14900684356689 10.0056285858154 10.9542121887207 12.0029907226562 13.1613178253174 14.3905277252197 15.5276079177856 16.6315937042236 17.6048927307129
22.556282043457 22.5805187225342 22.6228885650635 22.8051662445068 22.9967403411865 23.0526657104492 23.0579738616943 22.8058071136475 22.5324592590332 22.2079696655273 21.8839263916016 21.5604972839355 19.3167171478271 15.5017604827881 12.548602104187 10.0036602020264 9.57813835144043 9.65901756286621 8.74027633666992 7.73890542984009 6.53439474105835 5.46952676773071 4.98907613754272 4.6183614730835 4.47930860519409 4.3549108505249 4.24842500686646 4.19247674942017 4.17334032058716 4.16120958328247 4.15198087692261 4.21498489379883 4.29218864440918 4.79167699813843 5.30602502822876 5.81276321411133 6.40593147277832 7.30299186706543 8.12640476226807 8.81304359436035 9.57551097869873 10.4205951690674 11.4431104660034 12.5804328918457 13.7534198760986 14.9392185211182 16.3029193878174
22.0628395080566 22.0393047332764 22.0413951873779 22.1891822814941 22.3404960632324 22.1843738555908 21.9936332702637 21.626802444458 21.0885791778564 20.1365127563477 19.366828918457 18.8475303649902 16.783763885498 13.4563522338867 10.831955909729 8.54056358337402 7.93530511856079 7.73292112350464 7.21707916259766 6.65956592559814 5.80897045135498 5.05735349655151 4.71997213363647 4.46257829666138 4.37404584884644 4.29129314422607 4.21560478210449 4.17518615722656 4.16045761108398 4.14706897735596 4.13423538208008 4.15654039382935 4.1857533454895 4.44589996337891 4.71845245361328 5.028648853302 5.41989374160767 6.09611034393311 6.72484683990479 7.26540756225586 7.92263031005859 8.70695972442627 9.59183311462402 10.5417642593384 11.5941152572632 12.6832571029663 14.057074546814
