Ecospace-environmental-drivers/Outputs/ASCII-for-ecospace/MOM6-ISIMIP3a/tob/1985-12_tob_MOM6-ISIMIP3a.asc
NCOLS 131 
NROWS 53 
XLLCORNER -98 
YLLCORNER 23.9265270233154 
CELLSIZE 0.133587792515755 
NODATA_value -9999 
[rows 21 to 41 of 53, columns 47 to 93 of 131]
22.313289642334 22.1576061248779 22.0201435089111 22.0985107421875 22.1694583892822 21.4436740875244 20.7744979858398 20.3932723999023 19.661247253418 18.0821800231934 16.7532348632812 15.7676763534546 14.0106267929077 11.6223640441895 9.59681701660156 7.74307918548584 6.89701747894287 6.29172277450562 6.04966259002686 5.81043004989624 5.24916744232178 4.75217771530151 4.52417707443237 4.34783029556274 4.28052854537964 4.22318315505981 4.17800664901733 4.14807415008545 4.12924528121948 4.11944580078125 4.11338663101196 4.11442565917969 4.11685991287231 4.1615891456604 4.21290254592896 4.31323289871216 4.47325849533081 4.84317588806152 5.2292537689209 5.64534282684326 6.24093866348267 7.03211402893066 7.83730173110962 8.65155696868896 9.60022258758545 10.5971698760986 11.9610528945923
18.4111442565918 18.0594329833984 17.7531814575195 17.6667251586914 17.5806255340576 16.896764755249 16.2163696289062 15.553599357605 14.7483243942261 13.5989580154419 12.6966342926025 12.1334657669067 11.0483531951904 9.53620052337646 8.24184989929199 7.05066919326782 6.3845648765564 5.84391927719116 5.60003995895386 5.36763525009155 5.00550079345703 4.67347478866577 4.46745586395264 4.30755376815796 4.24500799179077 4.19414949417114 4.15757513046265 4.13391256332397 4.11965417861938 4.11077070236206 4.10411310195923 4.10107469558716 4.09874820709229 4.11311531066895 4.13076400756836 4.17443227767944 4.24821138381958 4.42786407470703 4.62475490570068 4.85365772247314 5.20127010345459 5.67822122573853 6.17206907272339 6.67685031890869 7.61245965957642 8.7028284072876 9.95997333526611
14.2683801651001 13.7395000457764 13.2814779281616 13.0258636474609 12.778000831604 12.1800575256348 11.5314483642578 10.6251125335693 9.79945373535156 9.16860198974609 8.75364303588867 8.63507556915283 8.20347785949707 7.5157675743103 6.92343282699585 6.37627553939819 5.91288232803345 5.4695029258728 5.20871257781982 4.96514797210693 4.78972578048706 4.61159467697144 4.4221248626709 4.27418851852417 4.21393346786499 4.16766405105591 4.13848781585693 4.12042760848999 4.11046409606934 4.10243892669678 4.09521627426147 4.09081029891968 4.08695793151855 4.08647680282593 4.08629655838013 4.08783864974976 4.09060382843018 4.0976676940918 4.12073040008545 4.17350482940674 4.27463817596436 4.42845964431763 4.61046934127808 4.81071805953979 5.71488332748413 6.87190628051758 8.02149295806885
10.4966745376587 10.1813125610352 9.94204521179199 9.70100879669189 9.45616149902344 9.11331653594971 8.75306701660156 8.30427646636963 7.89758014678955 7.5925235748291 7.37704133987427 7.28453397750854 7.03577280044556 6.65916872024536 6.23600101470947 5.79077672958374 5.41168022155762 5.0483832359314 4.86439847946167 4.69673538208008 4.58733558654785 4.47823572158813 4.37039184570312 4.27591943740845 4.20967435836792 4.16128206253052 4.13471031188965 4.11682415008545 4.10526514053345 4.09679365158081 4.08960151672363 4.08636999130249 4.08391761779785 4.084059715271 4.08437204360962 4.08541202545166 4.08697319030762 4.09036827087402 4.10092735290527 4.12479066848755 4.1705470085144 4.24015712738037 4.32381916046143 4.4165735244751 4.86863946914673 5.44977521896362 6.69002628326416
7.24289560317993 7.09522867202759 7.01979446411133 6.79240655899048 6.55447578430176 6.45183420181274 6.35666036605835 6.29947376251221 6.24710273742676 6.20635843276978 6.1540379524231 6.08582592010498 5.98121738433838 5.84683084487915 5.56752729415894 5.21958017349243 4.9319314956665 4.65868949890137 4.55205392837524 4.45947885513306 4.40496826171875 4.35347700119019 4.31462478637695 4.26714468002319 4.20144987106323 4.1543927192688 4.1301155090332 4.11274147033691 4.10039567947388 4.09186363220215 4.08491086959839 4.08270502090454 4.0814323425293 4.08206415176392 4.08275556564331 4.08333969116211 4.08388614654541 4.08430051803589 4.0846962928772 4.08505821228027 4.08565521240234 4.08650827407837 4.08962345123291 4.09420156478882 4.16981935501099 4.27095651626587 5.49000310897827
6.26007556915283 6.07919073104858 5.92677068710327 5.70895719528198 5.49504947662354 5.5672926902771 5.63510608673096 5.68038511276245 5.69892740249634 5.65291166305542 5.60451936721802 5.55286407470703 5.42279243469238 5.22856283187866 4.98218107223511 4.71109676361084 4.54625129699707 4.40678977966309 4.37988710403442 4.35883522033691 4.31039619445801 4.26642799377441 4.24116897583008 4.21230697631836 4.17583751678467 4.14527750015259 4.12193965911865 4.10655879974365 4.09697389602661 4.09006881713867 4.08427381515503 4.08243846893311 4.08138179779053 4.08191728591919 4.0824875831604 4.08282041549683 4.08317995071411 4.08363151550293 4.08412837982178 4.08471012115479 4.0849461555481 4.0848069190979 4.08542394638062 4.08653020858765 4.11741352081299 4.1589937210083 4.8663215637207
5.41728401184082 5.2344331741333 5.04815196990967 4.87591409683228 4.71683979034424 4.87433290481567 5.02417945861816 5.1351261138916 5.19998598098755 5.153564453125 5.10241413116455 5.04477167129517 4.90626668930054 4.70160245895386 4.51118278503418 4.32751035690308 4.25846147537231 4.21680021286011 4.24121999740601 4.26598453521729 4.22969436645508 4.19744920730591 4.18213605880737 4.16679430007935 4.1513934135437 4.13376045227051 4.11339950561523 4.10073184967041 4.09366798400879 4.08832740783691 4.08370065689087 4.08220958709717 4.08133459091187 4.08176851272583 4.08222198486328 4.08239364624023 4.0826358795166 4.08312654495239 4.08370447158813 4.08444499969482 4.08429765701294 4.0831823348999 4.08211803436279 4.0810866355896 4.08142042160034 4.08224391937256 4.38028717041016
4.88001489639282 4.76338529586792 4.63733386993408 4.58922100067139 4.55220460891724 4.59937763214111 4.65462589263916 4.75095319747925 4.80846500396729 4.77225494384766 4.70375919342041 4.59094095230103 4.48115968704224 4.37386322021484 4.28967475891113 4.21643161773682 4.18425464630127 4.16188907623291 4.17564487457275 4.19013833999634 4.17925453186035 4.1678991317749 4.15457105636597 4.1416277885437 4.12949705123901 4.11700344085693 4.10406494140625 4.09568119049072 4.09061479568481 4.0867018699646 4.08326625823975 4.08206129074097 4.08129501342773 4.08161544799805 4.08196115493774 4.0821681022644 4.08244657516479 4.08297920227051 4.08359432220459 4.08436298370361 4.08378076553345 4.08172607421875 4.08076238632202 4.08050441741943 4.08123636245728 4.08232402801514 4.19457912445068
4.52065992355347 4.45203828811646 4.37365770339966 4.39467620849609 4.42424488067627 4.4099555015564 4.40927124023438 4.47779130935669 4.51485824584961 4.4759783744812 4.40448188781738 4.28820753097534 4.21286249160767 4.17100524902344 4.15162706375122 4.14289617538452 4.13408994674683 4.12526607513428 4.13258123397827 4.14067935943604 4.14404106140137 4.14461660385132 4.1335334777832 4.12289524078369 4.113196849823 4.10440301895142 4.09671497344971 4.09158658981323 4.08832168579102 4.08553504943848 4.08294582366943 4.08194446563721 4.08125495910645 4.08142232894897 4.08162975311279 4.0819206237793 4.08228492736816 4.08290672302246 4.0835657119751 4.08429479598999 4.08350849151611 4.08107042312622 4.08011245727539 4.08011198043823 4.08096742630005 4.08213043212891 4.08872413635254
4.38513565063477 4.34160709381104 4.29509830474854 4.31606197357178 4.34242630004883 4.32814264297485 4.32016897201538 4.3442907333374 4.34443473815918 4.28668117523193 4.2302303314209 4.17556762695312 4.14184617996216 4.12525796890259 4.11857843399048 4.11659288406372 4.114173412323 4.11165046691895 4.11783885955811 4.12441873550415 4.12798357009888 4.12921905517578 4.12070846557617 4.1122579574585 4.10393571853638 4.09703207015991 4.09186267852783 4.08869504928589 4.08698511123657 4.08494520187378 4.08276891708374 4.08186626434326 4.08121395111084 4.08117866516113 4.0812087059021 4.08164644241333 4.08215761184692 4.08292770385742 4.08364009857178 4.08424425125122 4.08354425430298 4.08142232894897 4.08035039901733 4.07995843887329 4.08059167861938 4.08159303665161 4.08333110809326
4.29081439971924 4.26265478134155 4.23488140106201 4.25290060043335 4.27426528930664 4.25940608978271 4.24676132202148 4.24538135528564 4.22895765304565 4.17620754241943 4.13686418533325 4.11592483520508 4.10414171218872 4.09984922409058 4.09879636764526 4.09927797317505 4.09989166259766 4.10053730010986 4.10573244094849 4.11113357543945 4.11497402191162 4.11691093444824 4.11088037490845 4.10463428497314 4.09793329238892 4.09269428253174 4.08924102783203 4.08724403381348 4.08630752563477 4.08475732803345 4.08295249938965 4.08203315734863 4.0812873840332 4.0811562538147 4.0811014175415 4.08157157897949 4.08210945129395 4.08288526535034 4.08357381820679 4.0841007232666 4.08367824554443 4.08222103118896 4.08095550537109 4.07981491088867 4.08010721206665 4.08091497421265 4.08073425292969
4.22739601135254 4.20731163024902 4.18842172622681 4.20132923126221 4.21634769439697 4.20047664642334 4.18512535095215 4.1724157333374 4.15469074249268 4.12485313415527 4.10416269302368 4.09602975845337 4.09142065048218 4.08969449996948 4.08896350860596 4.08870363235474 4.08983564376831 4.09130001068115 4.09560251235962 4.10007905960083 4.10425090789795 4.10691976547241 4.10329961776733 4.09927034378052 4.09437561035156 4.09063148498535 4.08829307556152 4.08687353134155 4.08612394332886 4.08486986160278 4.08340692520142 4.08238363265991 4.08144664764404 4.081298828125 4.0812292098999 4.08164596557617 4.08211994171143 4.08279466629028 4.08340311050415 4.08388757705688 4.08388614654541 4.08335447311401 4.08183574676514 4.07967853546143 4.07954216003418 4.08013200759888 4.08023452758789
4.18782663345337 4.17373323440552 4.16019010543823 4.16573095321655 4.17237567901611 4.15608358383179 4.14024353027344 4.12670421600342 4.11282920837402 4.09814357757568 4.08867931365967 4.08638334274292 4.08501577377319 4.08440732955933 4.08408498764038 4.08389806747437 4.08508825302124 4.08660745620728 4.08961772918701 4.09275054931641 4.09618282318115 4.09859275817871 4.09672212600708 4.09443759918213 4.09127902984619 4.08880424499512 4.08716487884521 4.08605480194092 4.08533000946045 4.08432245254517 4.08319807052612 4.08245468139648 4.08178663253784 4.08169174194336 4.08164691925049 4.0818829536438 4.08217477798462 4.08266115188599 4.08314323425293 4.08361625671387 4.08377408981323 4.08358764648438 4.08199977874756 4.07950592041016 4.07918930053711 4.07965469360352 4.07988357543945
4.15847826004028 4.14948225021362 4.1397705078125 4.1369776725769 4.13437986373901 4.117919921875 4.10254287719727 4.09267330169678 4.08485651016235 4.08199644088745 4.08057498931885 4.08112859725952 4.08131742477417 4.08120679855347 4.08133029937744 4.08156394958496 4.08261585235596 4.08386278152466 4.08540916442871 4.08701848983765 4.08925342559814 4.09097909927368 4.09057426452637 4.08983278274536 4.08838033676147 4.08707809448242 4.08595943450928 4.08504343032837 4.08427429199219 4.08349227905273 4.08270454406738 4.08240604400635 4.08220386505127 4.08219194412231 4.08218812942505 4.08219003677368 4.08224868774414 4.08250951766968 4.08284521102905 4.08332061767578 4.08352470397949 4.08343458175659 4.08185720443726 4.07931756973267 4.0789270401001 4.07930850982666 4.07959604263306
4.14095783233643 4.13097476959229 4.11984729766846 4.11464643478394 4.10977983474731 4.09754991531372 4.08648777008057 4.08136463165283 4.0776424407959 4.07730150222778 4.077392578125 4.07807683944702 4.07857418060303 4.07891893386841 4.07963275909424 4.08052110671997 4.08169651031494 4.08294057846069 4.0841007232666 4.0852484703064 4.08629894256592 4.08713579177856 4.08707904815674 4.0867772102356 4.0859580039978 4.08514928817749 4.08435344696045 4.08371496200562 4.08319091796875 4.08278846740723 4.08243703842163 4.08216524124146 4.08190870285034 4.08177947998047 4.08166170120239 4.08160543441772 4.08162593841553 4.08191537857056 4.08231687545776 4.08292579650879 4.08289241790771 4.0821590423584 4.08084487915039 4.07915496826172 4.07893800735474 4.0792498588562 4.07950782775879
4.12588500976562 4.11365509033203 4.10002660751343 4.09364366531372 4.08795118331909 4.08086109161377 4.07491111755371 4.07475757598877 4.07472276687622 4.07497549057007 4.07522821426392 4.07548046112061 4.07602882385254 4.076819896698 4.07815361022949 4.07974529266357 4.08109903335571 4.08239603042603 4.08339309692383 4.0842981338501 4.08416652679443 4.08407211303711 4.0841326713562 4.08404207229614 4.08363389968872 4.08317804336548 4.08266448974609 4.08232116699219 4.08210134506226 4.08211135864258 4.08221673965454 4.08188390731812 4.08146572113037 4.08117771148682 4.08091402053833 4.0808367729187 4.08085918426514 4.08122968673706 4.0817403793335 4.08251094818115 4.08218097686768 4.08065128326416 4.07965230941772 4.07899713516235 4.07900476455688 4.07925081253052 4.07946062088013
4.10350227355957 4.09556818008423 4.08667802810669 4.08311557769775 4.08009052276611 4.07685995101929 4.07413578033447 4.0739860534668 4.07387733459473 4.0738673210144 4.0739631652832 4.07420539855957 4.07463550567627 4.07521915435791 4.07635354995728 4.07774877548218 4.07909822463989 4.08043670654297 4.08155536651611 4.08259057998657 4.08263063430786 4.08265399932861 4.08260822296143 4.08246660232544 4.08212280273438 4.08182716369629 4.08159017562866 4.08143043518066 4.08132648468018 4.08107566833496 4.0807638168335 4.08037710189819 4.07997608184814 4.07979393005371 4.0796275138855 4.07953119277954 4.07952260971069 4.07982301712036 4.08042287826538 4.08157873153687 4.08154630661011 4.08021879196167 4.0793662071228 4.07882022857666 4.07884979248047 4.07908582687378 4.07929611206055
4.08228302001953 4.07872247695923 4.07468366622925 4.07390546798706 4.07348680496216 4.07373905181885 4.07389259338379 4.0735445022583 4.07321357727051 4.07292413711548 4.07284498214722 4.07305431365967 4.07335758209229 4.07373714447021 4.07463264465332 4.07577276229858 4.07707834243774 4.07842397689819 4.0796365737915 4.08078050613403 4.08104801177979 4.08123779296875 4.08110189437866 4.08092164993286 4.08064842224121 4.08050775527954 4.08052968978882 4.08053398132324 4.08052539825439 4.08002996444702 4.07933235168457 4.07891798019409 4.07855892181396 4.07845783233643 4.07836866378784 4.07830142974854 4.07829713821411 4.07851314544678 4.07915735244751 4.0805983543396 4.08084344863892 4.07978630065918 4.07909488677979 4.07864046096802 4.07869148254395 4.07892465591431 4.07913780212402
4.07696676254272 4.07547998428345 4.07404184341431 4.07376050949097 4.07361507415771 4.07394361495972 4.07416296005249 4.07383012771606 4.07349681854248 4.07316255569458 4.07285928726196 4.07259845733643 4.07276582717896 4.07328367233276 4.07391548156738 4.07460117340088 4.07552766799927 4.0765118598938 4.07739210128784 4.07823801040649 4.07868766784668 4.07906007766724 4.07911062240601 4.07915210723877 4.07917356491089 4.07922554016113 4.07931518554688 4.07933282852173 4.07929801940918 4.07905101776123 4.07871627807617 4.0785493850708 4.0784158706665 4.07799911499023 4.0776572227478 4.07814407348633 4.07853269577026 4.07857799530029 4.0787992477417 4.07934761047363 4.07937574386597 4.07883739471436 4.07855415344238 4.07843589782715 4.07860851287842 4.07888555526733 4.07909870147705
4.07297849655151 4.07307004928589 4.07354879379272 4.07369041442871 4.07380533218384 4.07413768768311 4.07435846328735 4.07401323318481 4.07366704940796 4.07331657409668 4.07288455963135 4.07234001159668 4.07238864898682 4.07292222976685 4.07328414916992 4.0735650062561 4.07411766052246 4.07473564147949 4.07530307769775 4.07586574554443 4.07640409469604 4.07687282562256 4.07705068588257 4.07724714279175 4.0774827003479 4.0776801109314 4.07782983779907 4.07790040969849 4.07791233062744 4.07793951034546 4.07797336578369 4.07802772521973 4.07808637619019 4.07749557495117 4.07702684402466 4.07798862457275 4.07871913909912 4.07863759994507 4.07852697372437 4.0783634185791 4.07822227478027 4.07810592651367 4.07814693450928 4.0782904624939 4.07855319976807 4.07885885238647 4.07906436920166
4.07385921478271 4.07371425628662 4.0736026763916 4.07389640808105 4.07422256469727 4.07429504394531 4.07428026199341 4.07382154464722 4.07342052459717 4.07315826416016 4.07294702529907 4.0728063583374 4.07279825210571 4.07289838790894 4.07296848297119 4.07302474975586 4.07322454452515 4.07345867156982 4.07378768920898 4.07412004470825 4.0744047164917 4.07465124130249 4.07473945617676 4.07484817504883 4.07499980926514 4.07516717910767 4.07535362243652 4.07562017440796 4.0759449005127 4.07634019851685 4.07676458358765 4.07694292068481 4.07707357406616 4.07682466506958 4.07669305801392 4.07784080505371 4.0787239074707 4.07867622375488 4.07857036590576 4.07835674285889 4.07822179794312 4.07817268371582 4.0782322883606 4.07836294174194 4.07859992980957 4.07887506484985 4.07904958724976
