Ecospace-environmental-drivers/Outputs/ASCII-for-ecospace/MOM6-ISIMIP3a/tob/1985-05_tob_MOM6-ISIMIP3a.asc
NCOLS 131 
NROWS 53 
XLLCORNER -98 
YLLCORNER 23.9265270233154 
CELLSIZE 0.133587792515755 
NODATA_value -9999 
[rows 21 to 41 of 53, columns 47 to 93 of 131]
21.8814926147461 21.7764873504639 21.6825160980225 21.8358955383301 22.0015773773193 21.8158226013184 21.5096759796143 20.5911159515381 19.445219039917 17.7504024505615 16.4381504058838 15.6511106491089 13.9689807891846 11.5545139312744 9.57523155212402 7.80208826065063 6.98847532272339 6.40412712097168 6.14802312850952 5.89057540893555 5.28536462783813 4.75271081924438 4.52371597290039 4.34677410125732 4.27972030639648 4.22350072860718 4.18052291870117 4.14575147628784 4.11695766448975 4.10600280761719 4.10243511199951 4.10557222366333 4.11002731323242 4.15802431106567 4.21206188201904 4.30935764312744 4.47071075439453 4.85729646682739 5.25237321853638 5.6632194519043 6.22610378265381 6.95463848114014 7.7479510307312 8.58317756652832 9.46042919158936 10.3527774810791 11.6767168045044
18.1848545074463 17.8807010650635 17.6772003173828 17.7005577087402 17.7301979064941 17.3025455474854 16.7901306152344 15.8465461730957 14.8145608901978 13.5691232681274 12.644567489624 12.1605396270752 11.0983667373657 9.56317234039307 8.29277992248535 7.14781713485718 6.47611474990845 5.91749048233032 5.65598106384277 5.4057993888855 5.02341032028198 4.67503213882446 4.46899366378784 4.30839824676514 4.24373483657837 4.19244194030762 4.15749073028564 4.13044118881226 4.10914659500122 4.10101842880249 4.09834337234497 4.09692716598511 4.09575891494751 4.11155271530151 4.13036918640137 4.17257976531982 4.24648332595825 4.43182182312012 4.63306856155396 4.86385869979858 5.19345188140869 5.63069486618042 6.11576366424561 6.63177824020386 7.53601980209351 8.57971858978271 9.77761173248291
14.2405042648315 13.7487602233887 13.4448909759521 13.3322219848633 13.2192087173462 12.5685272216797 11.8761692047119 10.9718112945557 10.1264848709106 9.42370128631592 8.95260715484619 8.79959011077881 8.33704853057861 7.62126159667969 7.03243541717529 6.50374794006348 6.00079774856567 5.50399684906006 5.2240138053894 4.96481275558472 4.79129934310913 4.61477994918823 4.42568397521973 4.27663516998291 4.21213006973267 4.16387128829956 4.13546848297119 4.11565065383911 4.10208511352539 4.09664297103882 4.09456539154053 4.09100580215454 4.08715486526489 4.08646392822266 4.086106300354 4.08786296844482 4.09007740020752 4.09390306472778 4.1172251701355 4.17675447463989 4.27380752563477 4.41174364089966 4.58430194854736 4.77926206588745 5.69319295883179 6.86538934707642 7.94500637054443
10.6077890396118 10.2831401824951 10.0870208740234 9.9657096862793 9.84069538116455 9.40895938873291 8.97719860076904 8.54530811309814 8.14817810058594 7.83497905731201 7.61380243301392 7.51895999908447 7.21930646896362 6.7520809173584 6.30153226852417 5.85888242721558 5.45388174057007 5.05787658691406 4.86545562744141 4.69172334671021 4.58643293380737 4.48173141479492 4.37949371337891 4.2862377166748 4.21194362640381 4.15823221206665 4.12967729568481 4.11083936691284 4.09908008575439 4.09334564208984 4.09010601043701 4.08708238601685 4.0841007232666 4.08408975601196 4.08427858352661 4.08534049987793 4.08661079406738 4.08861446380615 4.09933996200562 4.1262640953064 4.17016744613647 4.23257112503052 4.31151628494263 4.40116405487061 4.84830045700073 5.42385196685791 6.65181446075439
7.44330883026123 7.25402021408081 7.13815212249756 7.00483226776123 6.86711168289185 6.65882062911987 6.47923564910889 6.44567584991455 6.42384481430054 6.43033456802368 6.41445636749268 6.36786937713623 6.19570112228394 5.92078590393066 5.59228658676147 5.23840570449829 4.93672704696655 4.64752101898193 4.54372119903564 4.45530223846436 4.40535593032837 4.35892868041992 4.32722949981689 4.28130865097046 4.20536422729492 4.15101718902588 4.12306642532349 4.10572338104248 4.096107006073 4.09038972854614 4.08628749847412 4.08376455307007 4.08155250549316 4.0821008682251 4.08273410797119 4.08320045471191 4.0836763381958 4.08418750762939 4.08466815948486 4.08509159088135 4.08569765090942 4.08650159835815 4.08880853652954 4.0920877456665 4.15244770050049 4.23331165313721 5.48116207122803
6.33191061019897 6.138831615448 5.98264074325562 5.82254838943481 5.66903448104858 5.70391368865967 5.73958301544189 5.77927446365356 5.81311321258545 5.83281993865967 5.8265962600708 5.7847728729248 5.58486127853394 5.25560617446899 4.97800302505493 4.72486591339111 4.55006551742554 4.39398193359375 4.38344812393188 4.37966394424438 4.32858753204346 4.28105163574219 4.24833297729492 4.21266078948975 4.17075347900391 4.13689184188843 4.11286306381226 4.09926795959473 4.09327268600464 4.08893203735352 4.08527660369873 4.0831036567688 4.08122205734253 4.0817985534668 4.08243274688721 4.0827374458313 4.08307695388794 4.08354043960571 4.08408403396606 4.08477830886841 4.08528184890747 4.08557844161987 4.08567810058594 4.08565044403076 4.11009168624878 4.14332294464111 4.84780836105347
5.41482305526733 5.23324298858643 5.05837297439575 4.913902759552 4.78380155563354 4.95762205123901 5.117103099823 5.20364332199097 5.27024221420288 5.2886905670166 5.27321815490723 5.21117734909058 5.01120185852051 4.69837331771851 4.49251508712769 4.337327003479 4.2631139755249 4.20824861526489 4.25390338897705 4.30026865005493 4.25646305084229 4.21510410308838 4.18398475646973 4.15729188919067 4.13994216918945 4.12202930450439 4.10342836380005 4.0937557220459 4.09058618545532 4.08749055862427 4.08442544937134 4.08259296417236 4.0810022354126 4.08155107498169 4.0821385383606 4.0823278427124 4.08257436752319 4.08302307128906 4.08362817764282 4.08452558517456 4.0847692489624 4.08430194854736 4.08293294906616 4.08098030090332 4.08085870742798 4.08139514923096 4.35835361480713
4.92169237136841 4.78497219085693 4.63864421844482 4.60229539871216 4.58114910125732 4.6664981842041 4.75027561187744 4.82605838775635 4.87543296813965 4.8610405921936 4.79507637023926 4.65831089019775 4.51866579055786 4.37666463851929 4.28804159164429 4.22470235824585 4.19371557235718 4.17045831680298 4.19140434265137 4.21267509460449 4.19447088241577 4.17518663406372 4.15138101577759 4.13089609146118 4.11742067337036 4.10555982589722 4.0956711769104 4.09030103683472 4.08822250366211 4.08608484268188 4.08392333984375 4.08241033554077 4.08102464675903 4.08142232894897 4.08185911178589 4.08203411102295 4.08228254318237 4.08278942108154 4.08345222473145 4.08440542221069 4.08404636383057 4.08225631713867 4.08102941513062 4.08016586303711 4.08025693893433 4.08068990707397 4.18286609649658
4.5781078338623 4.48566102981567 4.38008832931519 4.40352392196655 4.439697265625 4.46323013305664 4.49150800704956 4.54392290115356 4.56790351867676 4.52322673797607 4.43725109100342 4.29457712173462 4.21099519729614 4.17576122283936 4.15695667266846 4.14593410491943 4.14078235626221 4.13703298568726 4.14546585083008 4.15405464172363 4.15273475646973 4.1480860710144 4.1295051574707 4.1135573387146 4.10316944122314 4.09536838531494 4.09072875976562 4.08805847167969 4.08682250976562 4.08540153503418 4.08390474319458 4.08250427246094 4.08112287521362 4.08130025863647 4.08153438568115 4.08175754547119 4.08206796646118 4.08268547058105 4.08340740203857 4.08432483673096 4.08359956741333 4.08108425140381 4.0798773765564 4.07951736450195 4.07969045639038 4.08005523681641 4.08376455307007
4.42266416549683 4.37375402450562 4.32430076599121 4.34670877456665 4.37523984909058 4.37049150466919 4.36868858337402 4.38186931610107 4.37017917633057 4.29843330383301 4.23079252243042 4.16878747940063 4.135901927948 4.12684106826782 4.11820125579834 4.10976028442383 4.10856437683105 4.10909986495972 4.12036180496216 4.13188505172729 4.13648223876953 4.13711023330688 4.12112522125244 4.1076135635376 4.09932231903076 4.0930757522583 4.08932781219482 4.08734083175659 4.08663558959961 4.08562755584717 4.08449363708496 4.08294677734375 4.08131837844849 4.08118772506714 4.08115196228027 4.08150291442871 4.08195209503174 4.08274459838867 4.08352756500244 4.08429336547852 4.08350038528442 4.08101034164429 4.07967090606689 4.07907629013062 4.07916927337646 4.07950878143311 4.08076333999634
4.32070255279541 4.29330778121948 4.27123117446899 4.29157638549805 4.31461238861084 4.29306793212891 4.27349424362183 4.26394414901733 4.237717628479 4.17122173309326 4.12465381622314 4.1054425239563 4.09737205505371 4.09841680526733 4.09568071365356 4.09115409851074 4.09205961227417 4.09426307678223 4.10455751419067 4.115159034729 4.12214040756226 4.12545776367188 4.11343860626221 4.10318851470947 4.09667205810547 4.09176445007324 4.08882331848145 4.08724927902222 4.08667135238647 4.08584451675415 4.08491373062134 4.08319759368896 4.08132696151733 4.08106184005737 4.08091640472412 4.08135986328125 4.08190011978149 4.08277940750122 4.08358335494995 4.08424711227417 4.0835976600647 4.08151817321777 4.08002042770386 4.07889938354492 4.07882452011108 4.07912540435791 4.07938051223755
4.25885343551636 4.23645734786987 4.22019958496094 4.23770523071289 4.25685691833496 4.22713088989258 4.19901895523071 4.17911577224731 4.15420341491699 4.11719751358032 4.09375476837158 4.08893251419067 4.086266040802 4.08536434173584 4.08533716201782 4.08572435379028 4.08733987808228 4.08924865722656 4.09572839736938 4.10251665115356 4.10923194885254 4.11329746246338 4.10627126693726 4.09990215301514 4.09491920471191 4.09118938446045 4.08899021148682 4.08762788772583 4.08687448501587 4.08605432510376 4.08520746231079 4.08330535888672 4.08119630813599 4.08092594146729 4.0807900428772 4.08130025863647 4.08189725875854 4.08279657363892 4.08359098434448 4.08419036865234 4.08384227752686 4.08246278762817 4.08078718185425 4.07892084121704 4.07861280441284 4.07886457443237 4.07921123504639
4.21559572219849 4.19728326797485 4.18277168273926 4.19090843200684 4.20001029968262 4.17258262634277 4.14665508270264 4.12836074829102 4.11022472381592 4.09247207641602 4.0821681022644 4.08209133148193 4.08151006698608 4.08051681518555 4.08125972747803 4.08282470703125 4.08442687988281 4.08603858947754 4.08999681472778 4.09416103363037 4.0989785194397 4.10222625732422 4.09890365600586 4.0956506729126 4.0925440788269 4.09003829956055 4.08826589584351 4.08691740036011 4.08587789535522 4.08500003814697 4.08418941497803 4.08275651931763 4.08120107650757 4.08106279373169 4.08102369308472 4.08143901824951 4.08192825317383 4.08267641067505 4.08336734771729 4.0839524269104 4.0838623046875 4.08303689956665 4.08129167556763 4.07895135879517 4.07851791381836 4.07876920700073 4.07910442352295
4.18030595779419 4.16568517684937 4.15117454528809 4.14714336395264 4.14355373382568 4.12291526794434 4.10376834869385 4.09220886230469 4.08318948745728 4.08030319213867 4.07885885238647 4.07939386367798 4.07947540283203 4.079185962677 4.07986783981323 4.08100938796997 4.08228874206543 4.0836009979248 4.08559274673462 4.08764266967773 4.08986330032349 4.0916223526001 4.09145069122314 4.0909857749939 4.08990240097046 4.0886402130127 4.08715915679932 4.08574056625366 4.08436727523804 4.08340358734131 4.0826096534729 4.08192586898804 4.08126354217529 4.0813159942627 4.08141136169434 4.08166265487671 4.08197402954102 4.08249711990356 4.08304452896118 4.08363676071167 4.08378601074219 4.0834527015686 4.08168411254883 4.07898616790771 4.07847309112549 4.07874488830566 4.07902479171753
4.15995979309082 4.14437007904053 4.12661790847778 4.11950826644897 4.11320018768311 4.0991325378418 4.08643627166748 4.08071279525757 4.07664680480957 4.07658338546753 4.07670068740845 4.07706594467163 4.07735872268677 4.07759237289429 4.07857799530029 4.07992029190063 4.0812611579895 4.08260250091553 4.08399963378906 4.08537483215332 4.08636283874512 4.08718061447144 4.08728456497192 4.08714389801025 4.08648777008057 4.08566665649414 4.08464479446411 4.08368873596191 4.0827808380127 4.08231210708618 4.0820255279541 4.08150196075439 4.08093166351318 4.08075714111328 4.08063220977783 4.08084487915039 4.08113098144531 4.08167695999146 4.08231639862061 4.08312892913818 4.08310222625732 4.08216142654419 4.08066892623901 4.07882022857666 4.07851314544678 4.07876062393188 4.07899904251099
4.1427059173584 4.12518310546875 4.10351896286011 4.09521007537842 4.08824729919434 4.0807056427002 4.07439136505127 4.07431745529175 4.07434368133545 4.07461166381836 4.07478094100952 4.0748143196106 4.07522535324097 4.07594442367554 4.07730960845947 4.07898092269897 4.08046340942383 4.08190155029297 4.08298873901367 4.08398628234863 4.08402442932129 4.08401393890381 4.0837984085083 4.08347272872925 4.08291292190552 4.08236742019653 4.08183908462524 4.08145618438721 4.08117914199829 4.0813250541687 4.08164691925049 4.0811619758606 4.08051824569702 4.08003044128418 4.07961225509644 4.07981204986572 4.08010482788086 4.08072423934937 4.08150434494019 4.08258199691772 4.08229303359985 4.08051633834839 4.0793628692627 4.07861232757568 4.07857131958008 4.07878446578979 4.07898473739624
4.1133599281311 4.10205793380737 4.0883584022522 4.08365631103516 4.07988882064819 4.07648468017578 4.0736255645752 4.07353687286377 4.07345819473267 4.073401927948 4.07339859008789 4.07346820831299 4.07378959655762 4.07431650161743 4.07540655136108 4.07676267623901 4.07818984985352 4.07963371276855 4.08133745193481 4.08296346664429 4.08319997787476 4.08332777023315 4.08299827575684 4.08261919021606 4.0821361541748 4.08173179626465 4.08142328262329 4.08117485046387 4.080970287323 4.08068704605103 4.08037090301514 4.07988977432251 4.07937574386597 4.07896947860718 4.07860612869263 4.07862377166748 4.07873106002808 4.0791540145874 4.07971334457397 4.08052492141724 4.08091306686401 4.08084058761597 4.07995891571045 4.07855367660522 4.07833290100098 4.078537940979 4.07877492904663
4.08543300628662 4.08038139343262 4.07474374771118 4.07358694076538 4.07292413711548 4.07321500778198 4.07340478897095 4.07308053970337 4.07274198532104 4.07236909866333 4.07218837738037 4.0722713470459 4.07248878479004 4.07281541824341 4.07360553741455 4.07461500167847 4.07595252990723 4.07736825942993 4.07961702346802 4.08180570602417 4.08229637145996 4.08261680603027 4.08222436904907 4.08183622360229 4.08145618438721 4.08119678497314 4.08108377456665 4.08094024658203 4.08077478408813 4.08006906509399 4.0791392326355 4.07865524291992 4.0782585144043 4.07792663574219 4.07761716842651 4.07750177383423 4.07746124267578 4.07768297195435 4.07800769805908 4.0785231590271 4.07952451705933 4.08105659484863 4.08045434951782 4.07847166061401 4.07809638977051 4.07829856872559 4.07857036590576
4.0784158706665 4.07604551315308 4.07382154464722 4.0732626914978 4.07290267944336 4.0733060836792 4.07360887527466 4.07339859008789 4.07316160202026 4.0728611946106 4.07255411148071 4.07223796844482 4.07229471206665 4.07265663146973 4.07319974899292 4.07382822036743 4.0748085975647 4.07587289810181 4.07746505737305 4.07903909683228 4.07982063293457 4.08045148849487 4.08045244216919 4.0804591178894 4.08047676086426 4.08046436309814 4.08041572570801 4.08026885986328 4.08005046844482 4.07949876785278 4.07880973815918 4.07826614379883 4.07775163650513 4.07723569869995 4.07680130004883 4.0771632194519 4.07746696472168 4.07756757736206 4.07768392562866 4.07783079147339 4.07831764221191 4.07917547225952 4.0789680480957 4.07807159423828 4.0780143737793 4.07825899124146 4.0785117149353
4.07297420501709 4.07269144058228 4.07302474975586 4.07301187515259 4.07298135757446 4.07343626022339 4.07378911972046 4.07362508773804 4.0734395980835 4.07320404052734 4.07283926010132 4.07229804992676 4.07223129272461 4.07255268096924 4.07284784317017 4.07313108444214 4.0737509727478 4.0744514465332 4.07542371749878 4.07640981674194 4.07733535766602 4.07813882827759 4.07843160629272 4.07872676849365 4.07902812957764 4.07919454574585 4.07919645309448 4.07908916473389 4.07890224456787 4.07858896255493 4.07822322845459 4.07771825790405 4.07718658447266 4.07658815383911 4.0761137008667 4.07687616348267 4.07747507095337 4.07750034332275 4.07746887207031 4.07733345031738 4.07740354537964 4.07769680023193 4.07779741287231 4.07777214050293 4.07796812057495 4.07824325561523 4.07847213745117
4.07330894470215 4.07293796539307 4.07268619537354 4.07302951812744 4.07342958450317 4.07370805740356 4.07388067245483 4.07351684570312 4.07320070266724 4.07300043106079 4.07282972335815 4.07270002365112 4.07264375686646 4.0726490020752 4.0726957321167 4.07276248931885 4.07301044464111 4.07330179214478 4.07378673553467 4.07428741455078 4.07481527328491 4.07528209686279 4.07549619674683 4.07569456100464 4.07585954666138 4.07595252990723 4.07595777511597 4.07604742050171 4.07619953155518 4.0764307975769 4.07669401168823 4.07658767700195 4.07640886306763 4.07609987258911 4.07589673995972 4.07677936553955 4.07749271392822 4.0776104927063 4.07765197753906 4.077552318573 4.07756376266479 4.07769680023193 4.07778453826904 4.07784271240234 4.07805252075195 4.0783166885376 4.07850408554077
