Ecospace-environmental-drivers/Outputs/ASCII-for-ecospace/MOM6-ISIMIP3a/tob/1986-05_tob_MOM6-ISIMIP3a.asc
NCOLS 131 
NROWS 53 
XLLCORNER -98 
YLLCORNER 23.9265270233154 
CELLSIZE 0.133587792515755 
NODATA_value -9999 
[rows 21 to 41 of 53, columns 0 to 46 of 131]
-9999 -9999 -9999 -9999 -9999 -9999 21.9225559234619 21.9409523010254 21.9966163635254 22.10471534729 22.4722499847412 23.1245403289795 22.9109592437744 22.2747592926025 21.7994861602783 21.5098972320557 21.287561416626 21.1114139556885 21.0880680084229 21.123722076416 21.1582374572754 21.1925506591797 21.1113834381104 21.0308818817139 20.9769916534424 20.9290771484375 20.9005374908447 20.8864440917969 20.8975601196289 20.8562984466553 20.7611408233643 20.677417755127 20.6006622314453 20.630069732666 20.6948642730713 20.7903518676758 20.8897857666016 20.9481868743896 21.005241394043 21.0537166595459 21.1296195983887 21.2818775177002 21.4184055328369 21.5306301116943 21.6329002380371 21.7260341644287 21.7540283203125
-9999 -9999 -9999 -9999 -9999 -9999 21.9172859191895 21.9225559234619 21.9593505859375 21.9998397827148 22.10471534729 22.1874923706055 22.1237373352051 21.7700386047363 21.5517635345459 21.4897518157959 21.4188652038574 21.3418846130371 21.1805362701416 20.9866123199463 20.2908611297607 19.5065536499023 19.2613468170166 19.0440807342529 18.9612770080566 18.9477577209473 19.1588916778564 19.3720893859863 19.588888168335 19.9747161865234 20.5344753265381 20.7697410583496 20.8073272705078 20.8797626495361 20.9638137817383 20.9721126556396 20.9642391204834 20.16383934021 19.3710689544678 18.6268672943115 18.1447086334229 18.3920192718506 18.5429744720459 18.5450210571289 18.6682567596436 18.9027214050293 18.7503299713135
-9999 -9999 -9999 -9999 22.4722671508789 22.0847988128662 21.9167747497559 21.9125270843506 21.9225559234619 21.9961433410645 21.9759483337402 21.5967998504639 21.3413963317871 21.3308429718018 21.3679275512695 21.4599800109863 21.4503002166748 21.370756149292 21.0149059295654 20.5523624420166 19.1209526062012 17.5185661315918 17.1064567565918 16.7497978210449 16.6380558013916 16.6565990447998 17.0975856781006 17.527307510376 17.9373722076416 18.7380332946777 19.9406070709229 20.5115165710449 20.6976203918457 20.8451728820801 20.9798774719238 20.9004364013672 20.7801475524902 19.0963039398193 17.4351577758789 15.9185400009155 14.8908548355103 15.224232673645 15.3842840194702 15.2764673233032 15.4174041748047 15.7866477966309 15.4614706039429
-9999 -9999 -9999 -9999 23.3640480041504 22.5234451293945 22.2528228759766 21.9167747497559 21.8982486724854 21.6624641418457 21.4573783874512 21.369800567627 21.3183097839355 21.3382205963135 20.9046764373779 19.9479122161865 18.5952892303467 16.9708118438721 15.9173402786255 15.0843544006348 13.9180030822754 12.6928234100342 12.5245409011841 12.3944835662842 12.3901052474976 12.4447908401489 12.6909856796265 12.903923034668 13.0588207244873 13.5155010223389 14.2827110290527 14.9997625350952 15.6862592697144 16.3323135375977 16.9648895263672 16.8715038299561 16.6659183502197 14.8114557266235 13.0791711807251 12.1249542236328 11.45814037323 11.591383934021 11.6188993453979 11.4830160140991 11.5048961639404 11.6715698242188 11.4404249191284
-9999 -9999 -9999 -9999 -9999 23.3640480041504 22.5601348876953 22.5888729095459 21.802921295166 21.3690395355225 21.050422668457 21.1729907989502 21.1872215270996 20.9870834350586 19.9662933349609 17.9985961914062 15.5894536972046 12.8771514892578 11.3379020690918 10.2516117095947 9.36970520019531 8.52386569976807 8.55076599121094 8.60054111480713 8.68169403076172 8.75818729400635 8.81956958770752 8.84442234039307 8.80552768707275 8.99608516693115 9.42274379730225 10.2132511138916 11.2254114151001 12.1785116195679 13.1119241714478 13.0068635940552 12.7470254898071 10.9236011505127 9.28348541259766 8.8107328414917 8.45247650146484 8.41294956207275 8.33134269714355 8.1847038269043 8.1078929901123 8.09517002105713 7.93429899215698
-9999 -9999 -9999 -9999 -9999 23.0562477111816 23.3640480041504 22.3708438873291 21.3961925506592 21.2521228790283 21.1328620910645 21.1085472106934 20.5825729370117 19.0639553070068 16.9445934295654 14.1320638656616 11.9222898483276 10.1264553070068 9.03030300140381 8.20432567596436 7.69186544418335 7.23473167419434 7.24350833892822 7.26805639266968 7.33901071548462 7.3744592666626 7.29478311538696 7.25740003585815 7.29382276535034 7.55963134765625 8.06147384643555 8.60672092437744 9.17840957641602 9.59906959533691 9.96938800811768 9.86260223388672 9.68462085723877 8.77645587921143 7.94456243515015 7.59838962554932 7.31930828094482 7.2269926071167 7.13892698287964 7.05743074417114 6.97123432159424 6.88072490692139 6.6859564781189
-9999 -9999 22.4110374450684 22.4800491333008 22.5441703796387 22.748083114624 23.0566139221191 22.0774745941162 21.1169338226318 21.169282913208 21.1401424407959 20.7990970611572 19.6691284179688 16.978099822998 14.1047763824463 11.0211114883423 9.10155296325684 7.98143768310547 7.22584819793701 6.61101531982422 6.37196016311646 6.19921779632568 6.19331693649292 6.19963264465332 6.27731037139893 6.29594039916992 6.12311410903931 6.04283142089844 6.12404632568359 6.42797470092773 6.96107149124146 7.30020666122437 7.5211820602417 7.5651912689209 7.55021238327026 7.4328236579895 7.30043125152588 7.04993867874146 6.80103874206543 6.5622820854187 6.34721946716309 6.19811630249023 6.08687877655029 6.03416061401367 5.94588756561279 5.82498216629028 5.63725614547729
-9999.000000000000000 -9999 -9999 -9999 22.1478900909424 22.340259552002 22.152307510376 21.619722366333 21.1158046722412 21.1607933044434 20.9834442138672 19.9550800323486 18.0819320678711 14.5371952056885 11.6618013381958 9.55872249603271 8.12759399414062 7.15792417526245 6.51917886734009 6.00821542739868 5.83301544189453 5.71706771850586 5.70400524139404 5.70735263824463 5.82867383956909 5.88334226608276 5.72189664840698 5.64090347290039 5.70030784606934 5.96134090423584 6.42984533309937 6.64828443527222 6.71438550949097 6.72165060043335 6.70930433273315 6.56194448471069 6.39600467681885 6.24116992950439 6.08384895324707 5.91069412231445 5.72658205032349 5.51196670532227 5.34109020233154 5.23780870437622 5.163405418396 5.11550617218018 5.02414703369141
-9999 -9999 -9999 -9999 21.6287422180176 21.3553295135498 21.4541454315186 21.2551174163818 21.06130027771 21.1124057769775 20.7703628540039 18.923511505127 16.3957290649414 12.5205755233765 9.78713321685791 8.37104606628418 7.31503295898438 6.50629854202271 5.95093154907227 5.49339866638184 5.354651927948 5.27216100692749 5.26860809326172 5.28159236907959 5.41797685623169 5.49624013900757 5.38604831695557 5.32829475402832 5.3620491027832 5.55732393264771 5.91880035400391 6.02875185012817 5.98547697067261 5.96972560882568 5.96314907073975 5.82143592834473 5.66149997711182 5.56465101242065 5.46430492401123 5.34169054031372 5.19498491287231 4.98121404647827 4.8113055229187 4.70918321609497 4.65628290176392 4.64855861663818 4.61268854141235
-9999 -9999 -9999 -9999 21.2729835510254 21.1906394958496 21.088960647583 21.0077018737793 20.9396457672119 21.0138244628906 20.486349105835 17.6559925079346 14.5849714279175 11.0377416610718 8.62744235992432 7.5289831161499 6.70552444458008 6.07092094421387 5.55682945251465 5.08927154541016 4.95250368118286 4.87410974502563 4.90104055404663 4.93951940536499 5.05501222610474 5.14121341705322 5.1324405670166 5.12805604934692 5.1313304901123 5.23208475112915 5.43314504623413 5.44996929168701 5.35455846786499 5.33306074142456 5.33620023727417 5.24494457244873 5.14077138900757 5.0545129776001 4.9676079750061 4.87658500671387 4.77540731430054 4.64596366882324 4.55327177047729 4.51737833023071 4.49558448791504 4.48673105239868 4.45492315292358
-9999 -9999 -9999 -9999 21.1906394958496 21.0675563812256 20.9230709075928 20.893741607666 20.8718147277832 20.9547920227051 20.3943119049072 17.3709564208984 14.1156387329102 10.401330947876 7.93392944335938 6.90526103973389 6.17251777648926 5.64299869537354 5.21615552902222 4.82895946502686 4.70944404602051 4.63716602325439 4.6792688369751 4.72947120666504 4.82630205154419 4.90843439102173 4.94291067123413 4.96190357208252 4.9538779258728 4.9853663444519 5.05751371383667 5.03183841705322 4.9465708732605 4.92028284072876 4.91365432739258 4.86156034469604 4.80306243896484 4.72790956497192 4.65446281433105 4.59188222885132 4.52725887298584 4.45694828033447 4.41057062149048 4.40117979049683 4.39135599136353 4.3811354637146 4.35363817214966
-9999 -9999 -9999 -9999 21.0604228973389 20.9230709075928 20.9295310974121 20.8798770904541 20.844352722168 20.9254188537598 20.4462585449219 17.8227939605713 14.6523885726929 10.3997478485107 7.59005498886108 6.4452977180481 5.6968879699707 5.22066783905029 4.91555309295654 4.67650890350342 4.58570241928101 4.52105522155762 4.56684589385986 4.61844396591187 4.69828414916992 4.76734209060669 4.80143976211548 4.82131624221802 4.81637573242188 4.79753875732422 4.76440143585205 4.73419904708862 4.7057843208313 4.67542314529419 4.64441299438477 4.62300872802734 4.60262060165405 4.53895854949951 4.47898292541504 4.44248390197754 4.40768337249756 4.37761163711548 4.35437107086182 4.3416862487793 4.32948064804077 4.31771516799927 4.29471397399902
-9999 -9999 -9999 -9999 20.9230709075928 21.0374927520752 21.013988494873 21.0214366912842 21.0001525878906 21.0761566162109 20.7447242736816 18.8537902832031 15.8743848800659 10.7412052154541 7.46604013442993 6.3347315788269 5.58589363098145 5.09971523284912 4.81094121932983 4.59839248657227 4.51541900634766 4.45531129837036 4.47375297546387 4.49413204193115 4.51632165908813 4.54089403152466 4.5731897354126 4.59695672988892 4.60583925247192 4.59821891784668 4.57361698150635 4.55310773849487 4.53509140014648 4.49550533294678 4.44872903823853 4.45185947418213 4.46157455444336 4.42775011062622 4.39479494094849 4.3673791885376 4.34140968322754 4.31946754455566 4.30130767822266 4.2889928817749 4.27609205245972 4.26265382766724 4.24353075027466
-9999 -9999 -9999 -9999 -9999 21.2944526672363 21.2833805084229 21.1406517028809 21.2344951629639 21.3040885925293 21.1488418579102 20.1330013275146 17.3900623321533 11.2296829223633 7.43625259399414 6.37390947341919 5.63117408752441 5.1079273223877 4.7903265953064 4.55213356018066 4.46804618835449 4.41115427017212 4.38894510269165 4.36412668228149 4.31124019622803 4.2778639793396 4.30774879455566 4.33669424057007 4.36400127410889 4.39397382736206 4.42668867111206 4.42196702957153 4.39443969726562 4.34342002868652 4.28457021713257 4.30959796905518 4.34598445892334 4.34986019134521 4.34973287582397 4.32411527633667 4.29798030853271 4.2704062461853 4.24958848953247 4.23921346664429 4.22634077072144 4.2111759185791 4.19566488265991
-9999 -9999 -9999 -9999 -9999 21.6398963928223 21.5859870910645 21.6880531311035 21.6663703918457 21.709436416626 21.5841045379639 20.8142185211182 18.0842533111572 11.4758415222168 7.47472810745239 6.48202705383301 5.75407934188843 5.2079496383667 4.83763790130615 4.53521633148193 4.41882705688477 4.33526706695557 4.29418659210205 4.25307750701904 4.20397520065308 4.17133569717407 4.19207382202148 4.21254968643188 4.23256778717041 4.25838994979858 4.29018449783325 4.29068517684937 4.27212285995483 4.23350143432617 4.18819379806519 4.21204853057861 4.24531698226929 4.25834035873413 4.26853132247925 4.26068687438965 4.24904775619507 4.22684526443481 4.21027421951294 4.20240688323975 4.19174814224243 4.17852687835693 4.16848802566528
-9999 -9999 -9999 -9999 -9999 22.0417747497559 22.0503196716309 21.9292583465576 22.1391162872314 22.1514930725098 22.0258140563965 21.371711730957 18.6084766387939 11.6718635559082 7.52732706069946 6.60440874099731 5.89304542541504 5.32696723937988 4.89900302886963 4.52437019348145 4.36922597885132 4.25281524658203 4.19737005233765 4.14594984054565 4.1169490814209 4.09718799591064 4.10738563537598 4.11656808853149 4.12397718429565 4.13701248168945 4.155837059021 4.15937471389771 4.15359926223755 4.13230657577515 4.10584211349487 4.12375068664551 4.1477370262146 4.16400051116943 4.1798529624939 4.19308662414551 4.19897699356079 4.18442249298096 4.17352676391602 4.16828441619873 4.16029167175293 4.14977407455444 4.14559125900269
-9999 -9999 -9999 -9999 -9999 -9999 22.4890193939209 22.5336494445801 22.5318584442139 22.4558486938477 22.1463603973389 20.9432201385498 17.9575309753418 11.4446811676025 7.58307123184204 6.78057718276978 6.09714555740356 5.49547815322876 4.97265481948853 4.48027515411377 4.30297231674194 4.18127107620239 4.1424822807312 4.10793924331665 4.09364986419678 4.08382701873779 4.08848476409912 4.09273672103882 4.09628200531006 4.10262203216553 4.11183881759644 4.11377620697021 4.11127901077271 4.10149431228638 4.08928060531616 4.09790086746216 4.10938310623169 4.11853885650635 4.1278715133667 4.13832902908325 4.14430332183838 4.13779592514038 4.13261032104492 4.12946605682373 4.12461376190186 4.11819314956665 4.11560964584351
-9999 -9999 -9999 -9999 -9999 -9999 22.882209777832 23.0041484832764 22.9041614532471 22.7300071716309 22.2202949523926 20.4262199401855 17.2061557769775 11.1644678115845 7.60975313186646 6.92461633682251 6.27511978149414 5.6500997543335 5.03984546661377 4.43529272079468 4.23895597457886 4.11465692520142 4.09319400787354 4.07593202590942 4.07490968704224 4.0740852355957 4.07390165328979 4.07391452789307 4.07426834106445 4.07471704483032 4.07526302337646 4.07553386688232 4.0756368637085 4.07611274719238 4.0767126083374 4.07670450210571 4.07662773132324 4.07873916625977 4.08146619796753 4.08811235427856 4.09322071075439 4.09404993057251 4.09409666061401 4.09293413162231 4.09108114242554 4.08859539031982 4.08731031417847
-9999 -9999 -9999 -9999 -9999 -9999 23.1672859191895 23.1088314056396 23.0966529846191 22.7478351593018 21.9504318237305 19.4360408782959 15.9448194503784 10.5207242965698 7.32492542266846 6.70023155212402 6.14330434799194 5.63291454315186 5.03224897384644 4.39672470092773 4.20675897598267 4.09542036056519 4.08361148834229 4.07494974136353 4.07435607910156 4.07391357421875 4.07396125793457 4.07405376434326 4.07422637939453 4.07444524765015 4.07471227645874 4.07482242584229 4.07483768463135 4.07504415512085 4.07531452178955 4.07532072067261 4.07529592514038 4.07598304748535 4.0770092010498 4.08019638061523 4.08264541625977 4.08303928375244 4.0832085609436 4.08303165435791 4.08245086669922 4.08150053024292 4.08034467697144
-9999 -9999 -9999 -9999 -9999 23.4966106414795 23.3447914123535 23.3888778686523 23.2451992034912 22.7464694976807 21.6728668212891 18.3988914489746 14.6262607574463 9.86693382263184 7.0379433631897 6.43625736236572 5.93919229507446 5.51397562026978 4.95398664474487 4.34195756912231 4.17183971405029 4.07970571517944 4.07593250274658 4.07426309585571 4.07400465011597 4.07386827468872 4.0741286277771 4.07430744171143 4.07434463500977 4.07436466217041 4.07436752319336 4.07431650161743 4.0742335319519 4.07421398162842 4.07421588897705 4.07423210144043 4.07424831390381 4.07396173477173 4.07376480102539 4.0741400718689 4.07442712783813 4.07446670532227 4.07467889785767 4.0751576423645 4.07547473907471 4.07564401626587 4.07471323013306
-9999 -9999 -9999 -9999 24.8728046417236 23.9692573547363 23.4966106414795 23.3848438262939 23.2326030731201 22.6747264862061 21.367057800293 17.1895027160645 13.0978851318359 9.17630767822266 6.7430624961853 6.02711725234985 5.4699912071228 5.02193307876587 4.61661148071289 4.22779226303101 4.12694025039673 4.07690572738647 4.07523584365845 4.07466173171997 4.0743932723999 4.07428407669067 4.07469272613525 4.07497978210449 4.07505321502686 4.07498741149902 4.07477855682373 4.07456350326538 4.07434511184692 4.07425785064697 4.07421493530273 4.07422351837158 4.07424211502075 4.07463455200195 4.07496547698975 4.07490253448486 4.07485151290894 4.07483530044556 4.07479619979858 4.07472229003906 4.07456398010254 4.07432842254639 4.07397127151489
