Ecospace-environmental-drivers/Outputs/ASCII-for-ecospace/MOM6-ISIMIP3a/tob/1986-07_tob_MOM6-ISIMIP3a.asc
NCOLS 131 
NROWS 53 
XLLCORNER -98 
YLLCORNER 23.9265270233154 
CELLSIZE 0.133587792515755 
NODATA_value -9999 
[rows 0 to 20 of 53, columns 47 to 93 of 131]
-9999 -9999 -9999 -9999 -9999 -9999 -9999 -9999 -9999 -9999 -9999 -9999 -9999 -9999 -9999 -9999 -9999 -9999 -9999 -9999 -9999 -9999 -9999 -9999 -9999 -9999 -9999 -9999 -9999 -9999 -9999 -9999 -9999 -9999 -9999 -9999 -9999 -9999 -9999 -9999 -9999 -9999 -9999 -9999 -9999 -9999 -9999
-9999 -9999 -9999 -9999 -9999 -9999 -9999 -9999 -9999 -9999 -9999 -9999 -9999 -9999 -9999 -9999 -9999 -9999 -9999 -9999 -9999 -9999 -9999 -9999 -9999 -9999 -9999 -9999 -9999 -9999 -9999 -9999 -9999 -9999 -9999 -9999 -9999 -9999 -9999 -9999 -9999 -9999 -9999 -9999 -9999 -9999 -9999
-9999 -9999 -9999 -9999 -9999 -9999 -9999 -9999 -9999 -9999 -9999 -9999 -9999 -9999 -9999 -9999 -9999 -9999 -9999 -9999 -9999 -9999 -9999 -9999 -9999 -9999 -9999 25.9115810394287 26.0470409393311 -9999 -9999 -9999 -9999 -9999 -9999 -9999 -9999 -9999 -9999 -9999 -9999 -9999 -9999 -9999 -9999 -9999 -9999
-9999 -9999 -9999 -9999 -9999 -9999 -9999 -9999 -9999 -9999 -9999 -9999 -9999 -9999 -9999 -9999 -9999 -9999 -9999 -9999 -9999 -9999 -9999 -9999 -9999 -9999 -9999 25.9229259490967 26.090274810791 -9999 -9999 -9999 -9999 -9999 -9999 -9999 -9999 -9999 -9999 -9999 -9999 -9999 -9999 -9999 -9999 -9999 -9999
-9999 -9999 -9999 -9999 -9999 -9999 -9999 -9999 -9999 -9999 -9999 -9999 -9999 -9999 -9999 -9999 -9999 -9999 29.1226444244385 28.944938659668 28.8027725219727 27.9734916687012 27.2799530029297 26.179443359375 25.6008129119873 25.5300140380859 25.6807956695557 25.9538249969482 26.1341533660889 26.1828460693359 -9999 -9999 25.4157257080078 24.7255153656006 23.8581619262695 23.1136646270752 22.7639980316162 22.779613494873 23.1213321685791 23.627326965332 24.3940525054932 25.397289276123 -9999 -9999 -9999 -9999 -9999
-9999 -9999 -9999 -9999 -9999 -9999 -9999 -9999 -9999 -9999 -9999 -9999 -9999 -9999 30.4841899871826 -9999 30.4154357910156 30.3560390472412 29.731517791748 29.1226444244385 28.9093971252441 28.8027725219727 27.1442089080811 25.8928756713867 25.5012454986572 25.4083194732666 25.680477142334 25.953592300415 26.2274055480957 26.2214641571045 26.099666595459 25.8791770935059 25.6392841339111 24.7287158966064 23.8085460662842 23.037223815918 22.4952239990234 22.7595481872559 23.0840682983398 23.5203800201416 24.277530670166 25.3842468261719 26.5300922393799 27.7012557983398 -9999 -9999 -9999
-9999 -9999 -9999 -9999 -9999 -9999 -9999 -9999 -9999 -9999 29.0629577636719 29.0822906494141 29.099365234375 29.1534099578857 29.844654083252 30.4893016815186 30.4790782928467 30.4111881256104 30.3560390472412 29.7158679962158 29.1226444244385 28.8027725219727 27.1442089080811 25.8928756713867 25.5012454986572 25.4083194732666 25.680477142334 25.953592300415 26.2274055480957 26.2214641571045 26.099666595459 25.8791770935059 25.6392841339111 24.7287158966064 23.8085460662842 23.037223815918 22.4952239990234 22.7595481872559 23.0840682983398 23.5203800201416 24.277530670166 25.3842468261719 26.5300922393799 27.7012557983398 28.0107727050781 27.5313110351562 -9999
-9999 -9999 -9999 -9999 -9999 -9999 -9999 -9999 -9999 -9999 28.9593048095703 29.0629577636719 29.1016235351562 -9999 29.2250938415527 29.8962802886963 30.4995250701904 30.4790782928467 30.3984470367432 30.3560390472412 29.6689205169678 28.7090530395508 26.6077117919922 24.9996490478516 24.4329414367676 24.2225494384766 24.4476509094238 24.6943283081055 24.9567203521729 24.991720199585 24.9325466156006 24.5251846313477 24.0493793487549 23.0717697143555 22.1167411804199 21.563814163208 21.1867923736572 21.4282569885254 21.7911720275879 22.3796272277832 23.1763439178467 24.1999683380127 25.2181816101074 26.2328968048096 26.9717197418213 27.6114406585693 28.4424610137939
-9999 -9999 -9999 -9999 -9999 -9999 -9999 -9999 -9999 -9999 -9999 -9999 -9999 -9999 29.1972980499268 29.3376941680908 29.9678058624268 30.5199699401855 30.4790782928467 30.3602237701416 29.6655101776123 28.605842590332 26.0188102722168 24.0216941833496 23.2699317932129 22.9350814819336 23.1097774505615 23.3261127471924 23.5727787017822 23.6470050811768 23.6498184204102 23.0330257415771 22.29443359375 21.2219619750977 20.2094173431396 19.9030742645264 19.7152900695801 19.9443645477295 20.3598861694336 21.1216564178467 21.9657554626465 22.8995552062988 23.7830505371094 24.633996963501 25.9665203094482 27.4720344543457 28.7323055267334
30.3113098144531 -9999 -9999 -9999 -9999 -9999 -9999 -9999 -9999 -9999 29.2318954467773 28.8530597686768 -9999 -9999 -9999 29.311315536499 29.4841461181641 30.0445213317871 30.560863494873 30.5175094604492 29.7250022888184 28.5339756011963 25.675106048584 23.5376434326172 22.9231262207031 22.6698150634766 22.8579711914062 23.011116027832 23.1387615203857 23.039342880249 22.845890045166 21.9585609436035 20.9348316192627 19.0746421813965 17.3659152984619 17.4394016265869 17.6425342559814 18.3015155792236 19.1079025268555 20.1880378723145 21.1958389282227 22.1248302459717 23.1148376464844 24.1443271636963 25.3964881896973 26.7286338806152 28.3195705413818
30.3219757080078 30.3235511779785 -9999 -9999 -9999 -9999 -9999 -9999 -9999 -9999 29.3432750701904 28.8740367889404 28.8530597686768 -9999 -9999 29.372278213501 29.4987125396729 29.581449508667 30.102502822876 30.5476856231689 29.4502964019775 28.003833770752 25.0964660644531 22.9777145385742 22.5237922668457 22.3518486022949 22.5245418548584 22.5883159637451 22.5727558135986 22.2015476226807 21.6830501556396 20.4441318511963 19.0635967254639 16.6767616271973 14.5138444900513 14.9023666381836 15.4397535324097 16.5005531311035 17.6721134185791 19.0493698120117 20.2595024108887 21.2875499725342 22.4022789001465 23.5730972290039 24.7492752075195 25.9273777008057 27.7027015686035
30.3219757080078 30.3267002105713 30.4579429626465 30.6662540435791 -9999 -9999 -9999 -9999 -9999 -9999 -9999 28.778751373291 28.531587600708 28.8530597686768 29.0629577636719 29.372278213501 29.4987125396729 29.581449508667 29.8222007751465 29.8960704803467 27.3830184936523 25.0156002044678 23.2576808929443 22.0107879638672 21.8427104949951 21.7512092590332 21.7532997131348 21.5872764587402 21.2988014221191 20.129358291626 18.5950775146484 16.5698261260986 14.4480609893799 12.934928894043 11.6158151626587 11.9718351364136 12.539532661438 13.8514957427979 15.2504262924194 16.810863494873 18.4305362701416 20.1147441864014 21.4518623352051 22.5643978118896 23.6880893707275 24.8157920837402 25.9908981323242
30.2699584960938 30.3640975952148 30.4744758605957 30.6664962768555 -9999 -9999 -9999 -9999 30.389123916626 29.9666938781738 29.3991546630859 28.6324043273926 28.3046932220459 28.3361911773682 28.5943164825439 28.959789276123 29.1633758544922 29.3282794952393 29.3910369873047 29.2078552246094 25.5472221374512 22.4084072113037 21.4534664154053 20.685733795166 20.3132133483887 19.9300136566162 19.5337600708008 18.9809818267822 18.3141918182373 16.7110595703125 14.7201557159424 12.5317468643188 10.3045120239258 9.67797565460205 9.2051887512207 9.65525913238525 10.3333253860474 11.8130378723145 13.3248796463013 14.896388053894 16.6741962432861 18.6767730712891 20.1898612976074 21.3862266540527 22.478443145752 23.5332489013672 24.3822841644287
30.087890625 30.2648830413818 30.4660472869873 30.6664962768555 30.8577919006348 30.8039512634277 30.7373504638672 30.6058349609375 30.389123916626 29.9666938781738 29.3991546630859 28.6324043273926 27.7834320068359 26.8671875 26.9540481567383 27.5160579681396 27.9896774291992 28.4421768188477 28.5827140808105 28.4281349182129 24.2901420593262 20.7538433074951 19.7356834411621 18.4653453826904 16.6626377105713 15.0573673248291 13.6934051513672 12.3614683151245 11.0528583526611 9.92741203308105 8.87782096862793 8.08422470092773 7.34095144271851 7.63324594497681 8.01309394836426 8.87360191345215 9.86218929290771 11.3011102676392 12.6397104263306 13.7920045852661 15.0994310379028 16.5758781433105 18.1488857269287 19.7843723297119 20.8976345062256 21.8233051300049 23.0316486358643
29.3104591369629 29.6568222045898 30.039867401123 30.3051586151123 30.5477809906006 30.5037879943848 30.4443416595459 30.306266784668 30.0585193634033 29.5459518432617 28.8320941925049 27.8418884277344 26.6087970733643 25.1769828796387 25.0528411865234 25.54811668396 26.0835418701172 26.6285610198975 26.3470554351807 25.7667751312256 21.6643028259277 18.1167526245117 16.8916015625 15.2815361022949 12.8588848114014 10.7891530990601 9.15076160430908 7.66470956802368 6.28961992263794 5.60236120223999 5.1999568939209 5.28449773788452 5.46476030349731 6.33340311050415 7.24717283248901 8.35273933410645 9.50790500640869 10.8374671936035 12.0268468856812 12.9558944702148 13.9709663391113 15.0797653198242 16.5585956573486 18.2768535614014 19.4808139801025 20.5000305175781 21.8344898223877
27.6912879943848 28.3293418884277 29.023063659668 29.432954788208 29.7994689941406 29.7792510986328 29.7370700836182 29.5831623077393 29.2605018615723 28.5303592681885 27.4633102416992 25.9337291717529 24.5104141235352 23.1740436553955 22.7827167510986 22.8390350341797 23.1418762207031 23.5036163330078 22.093412399292 20.4451198577881 17.1032829284668 14.0905485153198 12.4551372528076 10.7356252670288 8.83856868743896 7.37549686431885 6.44284439086914 5.68637275695801 5.05822896957397 4.75331449508667 4.5822606086731 4.81445121765137 5.12591028213501 6.08669519424438 7.08378219604492 8.20059204101562 9.3188304901123 10.4420881271362 11.516206741333 12.4990711212158 13.4734869003296 14.4387006759644 15.6054887771606 16.9027061462402 18.2958431243896 19.7234325408936 20.8543167114258
26.0079555511475 26.699405670166 27.4538307189941 27.9873065948486 28.4809970855713 28.5111694335938 28.5100841522217 28.3499813079834 28.0094451904297 27.2332305908203 26.0735187530518 24.3873195648193 22.7273273468018 21.0887794494629 20.4102191925049 20.1863842010498 20.2848033905029 20.4602222442627 18.3245544433594 15.9978466033936 13.2014608383179 10.6466913223267 9.10310745239258 7.64378356933594 6.36234092712402 5.44149255752563 4.96136331558228 4.63115692138672 4.4101505279541 4.30990362167358 4.25966691970825 4.55071258544922 4.90884590148926 5.88566398620605 6.88882303237915 7.9254846572876 8.94644737243652 9.91221237182617 10.8971271514893 11.9176073074341 12.8824281692505 13.7866058349609 14.7758207321167 15.8200569152832 17.2346687316895 18.7823238372803 19.8854312896729
24.2705879211426 24.8147659301758 25.4193859100342 26.0587463378906 26.6823806762695 26.7853603363037 26.8454360961914 26.687255859375 26.3768787384033 25.6990127563477 24.666036605835 23.1455478668213 21.2097625732422 18.9341907501221 17.9515132904053 17.5812511444092 17.4989719390869 17.4855003356934 14.963942527771 12.2869071960449 9.85476112365723 7.69323825836182 6.66429901123047 5.77644205093384 5.18642044067383 4.75353050231934 4.51268768310547 4.35331773757935 4.25329160690308 4.2080864906311 4.18558406829834 4.46070909500122 4.79434013366699 5.7230978012085 6.66727876663208 7.54682922363281 8.41969776153564 9.26907444000244 10.186728477478 11.2311820983887 12.2125625610352 13.12522315979 14.0501003265381 14.9828824996948 16.2777462005615 17.702672958374 18.9260482788086
23.3262519836426 23.6648025512695 24.0405025482178 24.5067539215088 24.969352722168 25.0830993652344 25.166187286377 25.0933094024658 24.885326385498 24.351110458374 23.5653781890869 22.43434715271 20.172887802124 16.9865436553955 15.1878719329834 14.0465116500854 13.7924346923828 13.7503604888916 11.831693649292 9.79308319091797 7.88512182235718 6.20846939086914 5.4998664855957 4.93233394622803 4.6626124382019 4.45234680175781 4.31474781036377 4.2301287651062 4.18409872055054 4.16113996505737 4.14773607254028 4.34487628936768 4.58340406417847 5.32341575622559 6.07629776000977 6.77348661422729 7.50522184371948 8.35842418670654 9.23329067230225 10.1483898162842 11.0604248046875 11.9691219329834 12.8623504638672 13.7455720901489 14.9263172149658 16.2139358520508 17.5258598327637
22.769998550415 22.8743705749512 22.9824333190918 23.1390419006348 23.2982120513916 23.3923625946045 23.4797916412354 23.5330257415771 23.4627799987793 23.0943870544434 22.6148681640625 21.9827919006348 19.3712501525879 15.1401662826538 12.2750034332275 10.056848526001 9.63533210754395 9.64309215545654 8.81119728088379 7.89487934112549 6.58937501907349 5.44243049621582 4.95907545089722 4.58896636962891 4.4579291343689 4.34044075012207 4.23951101303101 4.18262052536011 4.15780735015869 4.14104652404785 4.12762022018433 4.21640300750732 4.32527780532837 4.80769634246826 5.30452537536621 5.8069953918457 6.40100288391113 7.31686067581177 8.16091632843018 8.87162780761719 9.67227745056152 10.5709190368652 11.4484977722168 12.3124485015869 13.3818292617798 14.5250043869019 15.9099540710449
22.546630859375 22.5936336517334 22.6375331878662 22.6942939758301 22.735502243042 22.3212795257568 21.9634227752686 21.8922786712646 21.5553379058838 20.5766010284424 19.7136154174805 19.00954246521 16.7882537841797 13.3256177902222 10.7472620010376 8.58777046203613 7.94455862045288 7.66363668441772 7.23287487030029 6.76134252548218 5.84622764587402 5.04191303253174 4.70131158828735 4.44239711761475 4.35593223571777 4.27680015563965 4.20663070678711 4.16362285614014 4.14039850234985 4.12666702270508 4.11686611175537 4.15564012527466 4.2039623260498 4.4657301902771 4.73821783065796 5.03820419311523 5.4237699508667 6.1102352142334 6.74616670608521 7.28825092315674 7.97334861755371 8.81426334381104 9.64813137054443 10.4774398803711 11.4364280700684 12.4420003890991 13.7883806228638
