Ecospace-environmental-drivers/Outputs/ASCII-for-ecospace/MOM6-ISIMIP3a/tob/1986-08_tob_MOM6-ISIMIP3a.asc
NCOLS 131 
NROWS 53 
XLLCORNER -98 
YLLCORNER 23.9265270233154 
CELLSIZE 0.133587792515755 
NODATA_value -9999 
[rows 21 to 41 of 53, columns 47 to 93 of 131]
22.4607639312744 22.5170364379883 22.6431636810303 22.5218029022217 22.3537082672119 21.6078548431396 20.8510761260986 20.0387287139893 19.0675601959229 17.7128963470459 16.5333232879639 15.5941228866577 13.8861484527588 11.54918384552 9.58819198608398 7.80529069900513 6.88156700134277 6.16312980651855 5.97284746170044 5.79291677474976 5.23555183410645 4.74327802658081 4.52341461181641 4.35228776931763 4.28404760360718 4.22684383392334 4.18312835693359 4.14939117431641 4.12292146682739 4.11247205734253 4.1086573600769 4.1120138168335 4.11678075790405 4.16401386260986 4.21700525283813 4.31088495254517 4.46475744247437 4.82956647872925 5.21219825744629 5.62792921066284 6.20995044708252 6.97314977645874 7.77296829223633 8.59648036956787 9.4243688583374 10.2538299560547 11.55810546875
18.3495349884033 18.150053024292 18.0696105957031 17.9163608551025 17.7357044219971 17.0163269042969 16.2693843841553 15.3822164535522 14.4550924301147 13.4314851760864 12.604076385498 12.0460233688354 10.9884033203125 9.52205181121826 8.24641132354736 7.06110811233521 6.35613822937012 5.76593589782715 5.54098272323608 5.33176326751709 4.98632287979126 4.66844606399536 4.46592283248901 4.30818462371826 4.24499082565308 4.19440460205078 4.15922689437866 4.13332033157349 4.11416578292847 4.10659503936768 4.10382175445557 4.10182952880859 4.0999903678894 4.11540842056274 4.13383722305298 4.17543411254883 4.24642324447632 4.42075395584106 4.61603498458862 4.85022258758545 5.18658876419067 5.63428163528442 6.11858701705933 6.62658166885376 7.49466800689697 8.49210548400879 9.73959255218506
13.9862289428711 13.5378332138062 13.2541637420654 13.080753326416 12.9015312194824 12.2606964111328 11.5771932601929 10.6766376495361 9.8551025390625 9.22436809539795 8.79632472991943 8.64654731750488 8.21059322357178 7.5404953956604 6.92478847503662 6.3348445892334 5.87438058853149 5.44485378265381 5.17379426956177 4.92051982879639 4.76765823364258 4.60785627365112 4.41900682449341 4.27146148681641 4.21111106872559 4.16508197784424 4.13655662536621 4.11784553527832 4.10628318786621 4.10135984420776 4.09918594360352 4.09427452087402 4.08882474899292 4.08797645568848 4.08746290206909 4.08856010437012 4.09044218063354 4.09508609771729 4.11889886856079 4.17831182479858 4.27102470397949 4.40001916885376 4.56350088119507 4.74929714202881 5.63892889022827 6.7813892364502 7.97032308578491
10.4314250946045 10.1387825012207 9.98096084594727 9.81190586090088 9.6327018737793 9.21056175231934 8.78773593902588 8.36141777038574 7.97594308853149 7.68908834457397 7.48922443389893 7.4087872505188 7.12526750564575 6.67559099197388 6.21626329421997 5.75236368179321 5.3814549446106 5.03276491165161 4.85130262374878 4.68570137023926 4.58375406265259 4.48152923583984 4.3781418800354 4.2847957611084 4.212646484375 4.16058492660522 4.13307428359985 4.11507654190063 4.10400819778442 4.09757947921753 4.09307241439819 4.08905839920044 4.0851411819458 4.08501386642456 4.08509492874146 4.08583402633667 4.08693695068359 4.08931922912598 4.1002950668335 4.12723064422607 4.16917848587036 4.22748231887817 4.30220413208008 4.38754892349243 4.82312393188477 5.38450717926025 6.59788227081299
7.33515071868896 7.16648006439209 7.09913969039917 6.93597412109375 6.7619457244873 6.55946779251099 6.38588523864746 6.35929203033447 6.33884716033936 6.33324861526489 6.31831979751587 6.29058218002319 6.12706613540649 5.85245990753174 5.53225231170654 5.1904444694519 4.91234827041626 4.64947462081909 4.55737113952637 4.47832298278809 4.4185471534729 4.36379241943359 4.33005332946777 4.28320264816284 4.20867347717285 4.15601921081543 4.13010120391846 4.11285448074341 4.1019229888916 4.09417963027954 4.08775663375854 4.08459424972534 4.08207273483276 4.08254098892212 4.08310556411743 4.08353424072266 4.08398628234863 4.08452367782593 4.08505821228027 4.08558702468872 4.08617067337036 4.08681392669678 4.08889293670654 4.09190130233765 4.15122175216675 4.23077058792114 5.38231992721558
6.2493953704834 6.06534671783447 5.93341875076294 5.78287076950073 5.63662719726562 5.65805053710938 5.68357992172241 5.72999429702759 5.76312971115112 5.76420116424561 5.74459314346313 5.69659376144409 5.51088094711304 5.21249437332153 4.95573043823242 4.71868276596069 4.54767942428589 4.39245653152466 4.38866758346558 4.39126014709473 4.33532047271729 4.28372192382812 4.25028848648071 4.21615552902222 4.18054533004761 4.15115356445312 4.12936162948608 4.11302852630615 4.10067129135132 4.09244918823242 4.08593988418579 4.08342838287354 4.081702709198 4.08221101760864 4.08277750015259 4.08310127258301 4.08346891403198 4.0839900970459 4.08458662033081 4.08532333374023 4.08576250076294 4.08587741851807 4.08598470687866 4.08608722686768 4.1102933883667 4.14315748214722 4.85462522506714
5.35910272598267 5.17925119400024 5.01176071166992 4.89907264709473 4.80121612548828 4.95233011245728 5.09368228912354 5.18537664413452 5.25003099441528 5.2493953704834 5.21565961837769 5.13648176193237 4.95097637176514 4.67847681045532 4.49671030044556 4.3579216003418 4.27524375915527 4.20597314834595 4.25344181060791 4.30250453948975 4.25803565979004 4.21654558181763 4.18752384185791 4.16446733474731 4.15400552749634 4.14053106307983 4.12337446212769 4.10960245132446 4.09829521179199 4.09073352813721 4.08472299575806 4.08268737792969 4.08143281936646 4.08192873001099 4.08246183395386 4.08272647857666 4.08305168151855 4.08358716964722 4.08424472808838 4.085129737854 4.08526754379272 4.08459234237671 4.0833854675293 4.08183431625366 4.08202075958252 4.08283185958862 4.42454290390015
4.89527988433838 4.76233720779419 4.62261056900024 4.602858543396 4.59834146499634 4.67359209060669 4.74904346466064 4.8255181312561 4.87355756759644 4.8529372215271 4.78446006774902 4.65028142929077 4.51386690139771 4.37562274932861 4.29406070709229 4.23934698104858 4.20404720306396 4.17338562011719 4.19126081466675 4.21005630493164 4.19371366500854 4.17750406265259 4.16184997558594 4.14629125595093 4.13093280792236 4.11735010147095 4.10593795776367 4.09832048416138 4.09346675872803 4.08904933929443 4.08481311798096 4.08287191390991 4.08138179779053 4.08174896240234 4.08217334747314 4.08247852325439 4.08285236358643 4.08347034454346 4.08418703079224 4.08508777618408 4.08458280563354 4.0825457572937 4.08145904541016 4.08098793029785 4.0813627243042 4.08204174041748 4.20743608474731
4.5690131187439 4.48061084747314 4.38036966323853 4.41052293777466 4.45321702957153 4.47415065765381 4.49999570846558 4.55082273483276 4.57435703277588 4.53199052810669 4.45287466049194 4.32330656051636 4.23763036727905 4.1878662109375 4.16650915145874 4.15860748291016 4.15143823623657 4.14444398880005 4.14725112915039 4.15051937103271 4.15070056915283 4.14934396743774 4.1415491104126 4.13089275360107 4.1141939163208 4.10181713104248 4.09472179412842 4.09104824066162 4.08986616134644 4.08754634857178 4.08475542068481 4.08297872543335 4.08140134811401 4.08158540725708 4.08184814453125 4.08223867416382 4.08270788192749 4.08345365524292 4.08422803878784 4.08505630493164 4.08414220809937 4.08132934570312 4.08025979995728 4.08031892776489 4.08074188232422 4.08129501342773 4.08504343032837
4.41580438613892 4.36896133422852 4.32295322418213 4.34887504577637 4.38074588775635 4.37447214126587 4.3712100982666 4.38326978683472 4.3723726272583 4.30604457855225 4.24661302566528 4.1966495513916 4.16378545761108 4.14491128921509 4.13343667984009 4.1254677772522 4.12221479415894 4.12008953094482 4.12610244750977 4.13238716125488 4.13449573516846 4.13487386703491 4.12800788879395 4.11898899078369 4.10542440414429 4.09590578079224 4.09133243560791 4.08882093429565 4.08781147003174 4.08627128601074 4.08451128005981 4.08298778533936 4.0815110206604 4.08144235610962 4.08147668838501 4.08201026916504 4.08263158798218 4.08356332778931 4.0843939781189 4.08503723144531 4.08400821685791 4.08115720748901 4.07997512817383 4.07987260818481 4.08016681671143 4.08060312271118 4.08180809020996
4.31744813919067 4.28899812698364 4.2672266960144 4.28966951370239 4.31497144699097 4.29528522491455 4.27694892883301 4.26548099517822 4.23954725265503 4.17868280410767 4.13885021209717 4.12789011001587 4.12039041519165 4.11572217941284 4.11045503616333 4.10490465164185 4.10405349731445 4.10432481765747 4.11091232299805 4.11770057678223 4.1210994720459 4.12255048751831 4.11585187911987 4.10824108123779 4.09870529174805 4.09215641021729 4.08925724029541 4.08755970001221 4.08673763275146 4.08569431304932 4.08455991744995 4.083176612854 4.08174419403076 4.08155632019043 4.08147811889648 4.08202600479126 4.0826587677002 4.08359289169312 4.08438968658447 4.08493280410767 4.0839638710022 4.08134698867798 4.08006811141968 4.07965469360352 4.07978677749634 4.08011484146118 4.08030796051025
4.26023292541504 4.2327995300293 4.21276760101318 4.23229598999023 4.25421857833862 4.23146724700928 4.20858192443848 4.18501663208008 4.15859127044678 4.12526082992554 4.10496234893799 4.10255432128906 4.09983348846436 4.09685754776001 4.09504127502441 4.09377527236938 4.09418821334839 4.09500217437744 4.10019063949585 4.10559749603271 4.10980892181396 4.11183786392212 4.10473442077637 4.09836006164551 4.09352445602417 4.09002828598022 4.08816862106323 4.08702373504639 4.0863995552063 4.08564186096191 4.08482885360718 4.08350038528442 4.08207082748413 4.08186292648315 4.08175849914551 4.08222436904907 4.08276414871216 4.08356237411499 4.08425807952881 4.08476448059082 4.08398628234863 4.08180856704712 4.08044481277466 4.07960748672485 4.07955265045166 4.07977914810181 4.08010959625244
4.21557283401489 4.19201374053955 4.17409563064575 4.18409252166748 4.19575023651123 4.17511558532715 4.15438985824585 4.13320112228394 4.11370038986206 4.09827661514282 4.08957529067993 4.09010410308838 4.08942222595215 4.08774948120117 4.08739948272705 4.08767604827881 4.08840036392212 4.08923149108887 4.09297037124634 4.09689283370972 4.10058832168579 4.10270309448242 4.09820079803467 4.09423828125 4.09141540527344 4.08921051025391 4.08776044845581 4.0867486000061 4.08605623245239 4.08522605895996 4.08433866500854 4.08337688446045 4.08240032196045 4.0822811126709 4.08222961425781 4.08253240585327 4.08289527893066 4.08346843719482 4.08401584625244 4.08451557159424 4.08400821685791 4.0824031829834 4.08097553253174 4.07966279983521 4.07945966720581 4.07965469360352 4.07998514175415
4.17629384994507 4.15783309936523 4.14218950271606 4.13981914520264 4.13826084136963 4.12196397781372 4.10627317428589 4.09366416931152 4.0842661857605 4.08262252807617 4.08211755752563 4.083176612854 4.08335876464844 4.08282327651978 4.08308839797974 4.08373260498047 4.08435964584351 4.08498287200928 4.08725023269653 4.08964490890503 4.09225559234619 4.09424448013306 4.09363126754761 4.09258460998535 4.09062242507935 4.08895349502563 4.08764362335205 4.086585521698 4.08571147918701 4.08465528488159 4.08352327346802 4.08306169509888 4.0827317237854 4.08274698257446 4.08278179168701 4.08288717269897 4.08303785324097 4.0833477973938 4.08372640609741 4.08423185348511 4.08402919769287 4.0830545425415 4.08157253265381 4.07976198196411 4.07942628860474 4.07962036132812 4.07989311218262
4.15111923217773 4.13626861572266 4.12257671356201 4.11602354049683 4.11000108718872 4.09856700897217 4.08798265457153 4.08171844482422 4.07744121551514 4.07796144485474 4.07853269577026 4.07917451858521 4.07963514328003 4.07994747161865 4.0806565284729 4.0815544128418 4.08234596252441 4.08311223983765 4.0847020149231 4.08632659912109 4.08763694763184 4.08877372741699 4.08918142318726 4.08910083770752 4.08798885345459 4.08690881729126 4.0858678817749 4.08507108688354 4.08445167541504 4.08376216888428 4.08304357528687 4.08252573013306 4.08204698562622 4.08225870132446 4.08250093460083 4.08279514312744 4.08308076858521 4.08333539962769 4.08363199234009 4.08400678634644 4.08359098434448 4.08231449127197 4.08101415634155 4.07969903945923 4.07948160171509 4.07965803146362 4.0798716545105
4.1288628578186 4.11731481552124 4.10550689697266 4.09646511077881 4.08778810501099 4.08132648468018 4.07586336135864 4.07548189163208 4.07529401779175 4.07557487487793 4.07574939727783 4.07577800750732 4.0763955116272 4.07749509811401 4.07861375808716 4.07974147796631 4.08075141906738 4.08173370361328 4.0828104019165 4.08382129669189 4.08378744125366 4.08392095565796 4.08475589752197 4.08523797988892 4.08497476577759 4.08449459075928 4.08374929428101 4.08327674865723 4.08300256729126 4.08280277252197 4.08263301849365 4.08194398880005 4.08115243911743 4.08157300949097 4.08204793930054 4.08261108398438 4.08310317993164 4.08334493637085 4.08357763290405 4.08379364013672 4.08305788040161 4.08128595352173 4.08021640777588 4.07960224151611 4.07955455780029 4.07971096038818 4.07986450195312
4.10579252243042 4.09820175170898 4.09051418304443 4.08516263961792 4.08012628555298 4.07714176177979 4.07461214065552 4.07439661026001 4.07424402236938 4.07424354553223 4.07432460784912 4.07451772689819 4.07510995864868 4.07602787017822 4.07692289352417 4.07780694961548 4.07871246337891 4.07962322235107 4.08039712905884 4.08112001419067 4.08122825622559 4.0813889503479 4.08176851272583 4.08193826675415 4.08166551589966 4.08134698867798 4.08097267150879 4.08076000213623 4.08066511154175 4.08046197891235 4.08021402359009 4.07990121841431 4.0795750617981 4.07993078231812 4.08030605316162 4.08062982559204 4.08091926574707 4.08109045028687 4.08130311965942 4.08159208297729 4.08150482177734 4.0810079574585 4.08028984069824 4.07942819595337 4.07932996749878 4.07950592041016 4.07968711853027
4.08416938781738 4.08039569854736 4.07675933837891 4.07510805130005 4.07371664047241 4.07385540008545 4.07392263412476 4.07362604141235 4.07333993911743 4.07307958602905 4.07307624816895 4.07342433929443 4.07396268844604 4.07465648651123 4.07529926300049 4.07591772079468 4.07668972015381 4.07749891281128 4.07799911499023 4.07846689224243 4.07876825332642 4.07899904251099 4.07893514633179 4.07879447937012 4.0784912109375 4.07831335067749 4.07828855514526 4.07831573486328 4.0783805847168 4.07817649841309 4.07786130905151 4.07793474197388 4.07808399200439 4.07834434509277 4.07859516143799 4.07871580123901 4.07882928848267 4.07891702651978 4.07909107208252 4.07942628860474 4.07994413375854 4.0806622505188 4.08029651641846 4.07922983169556 4.07909822463989 4.07930183410645 4.07951307296753
4.07837438583374 4.07661151885986 4.07522249221802 4.0744194984436 4.07371091842651 4.07391357421875 4.07403612136841 4.07374715805054 4.07346487045288 4.0731987953186 4.07305812835693 4.07308864593506 4.07336521148682 4.07384300231934 4.07422542572021 4.07456302642822 4.07505369186401 4.07558012008667 4.07600975036621 4.07642602920532 4.07674837112427 4.07701683044434 4.07705974578857 4.07704162597656 4.07689523696899 4.07684326171875 4.07690668106079 4.07699108123779 4.0770902633667 4.07714223861694 4.07717418670654 4.07747745513916 4.07783460617065 4.07780885696411 4.07782411575317 4.0783805847168 4.07879018783569 4.07868432998657 4.07860851287842 4.07858753204346 4.07878828048706 4.07922887802124 4.07917976379395 4.07881307601929 4.07893514633179 4.07923221588135 4.07946109771729
4.07392835617065 4.07371711730957 4.07397747039795 4.07388305664062 4.07376575469971 4.07399129867554 4.07412195205688 4.07377195358276 4.07345247268677 4.07320547103882 4.07298469543457 4.07279968261719 4.07287120819092 4.07315158843994 4.07331085205078 4.07341241836548 4.07364273071289 4.07390308380127 4.07423543930054 4.0745701789856 4.07486963272095 4.07513809204102 4.07527494430542 4.07536697387695 4.07536458969116 4.0754222869873 4.07555341720581 4.07569885253906 4.07585477828979 4.07614660263062 4.07649517059326 4.0770115852356 4.07756090164185 4.07740163803101 4.07731533050537 4.07820129394531 4.0788311958313 4.07856225967407 4.07827949523926 4.07797145843506 4.07790756225586 4.07810878753662 4.07830190658569 4.07848978042603 4.07881259918213 4.07918405532837 4.07942295074463
4.07442855834961 4.07408714294434 4.07380342483521 4.0739049911499 4.07404375076294 4.07413816452026 4.07410764694214 4.07344388961792 4.07293462753296 4.07279920578003 4.07270956039429 4.07268238067627 4.07275533676147 4.07290983200073 4.07297945022583 4.07300853729248 4.07305812835693 4.07311248779297 4.07325124740601 4.07339382171631 4.07350873947144 4.07363748550415 4.07382249832153 4.07397890090942 4.07407331466675 4.07418060302734 4.07430362701416 4.07452487945557 4.0748176574707 4.07529497146606 4.07584857940674 4.07651281356812 4.07719850540161 4.07746362686157 4.07776737213135 4.07859373092651 4.07916593551636 4.07884407043457 4.07851457595825 4.07817029953003 4.07803773880005 4.07813549041748 4.07830095291138 4.07851028442383 4.0788402557373 4.07921361923218 4.0794358253479
