Ecospace-environmental-drivers/Outputs/ASCII-for-ecospace/MOM6-ISIMIP3a/tob/1986-02_tob_MOM6-ISIMIP3a.asc
NCOLS 131 
NROWS 53 
XLLCORNER -98 
YLLCORNER 23.9265270233154 
CELLSIZE 0.133587792515755 
NODATA_value -9999 
[rows 21 to 41 of 53, columns 0 to 46 of 131]
-9999 -9999 -9999 -9999 -9999 -9999 16.91477394104 16.9470481872559 17.0341682434082 17.1528778076172 17.1064376831055 16.8447914123535 16.9582767486572 17.2963161468506 17.5155048370361 17.597562789917 17.7871780395508 18.0506591796875 18.3929405212402 18.7656517028809 19.0188865661621 19.2510395050049 19.3035640716553 19.3443660736084 19.3202571868896 19.3078060150146 19.3331623077393 19.3369235992432 19.30299949646 19.2663383483887 19.2268562316895 19.2587280273438 19.3340663909912 19.50514793396 19.7081451416016 19.9823913574219 20.2654209136963 20.4002475738525 20.513219833374 20.4870052337646 20.4892272949219 20.5706081390381 20.6436443328857 20.7037868499756 20.7692012786865 20.8394584655762 20.805871963501
-9999 -9999 -9999 -9999 -9999 -9999 16.912576675415 16.91477394104 16.979320526123 17.0897026062012 17.1528778076172 17.3216457366943 17.577320098877 18.0049571990967 18.2908153533936 18.4130802154541 18.5619926452637 18.7292079925537 18.9077701568604 19.0907154083252 18.6614246368408 18.1240940093994 17.9590930938721 17.8105983734131 17.7316989898682 17.7146015167236 17.897891998291 18.1235218048096 18.4230346679688 18.8354530334473 19.3640480041504 19.6529178619385 19.7957496643066 19.952018737793 20.1127681732178 20.2470607757568 20.3715229034424 19.6378479003906 18.8923454284668 18.0715217590332 17.5307559967041 17.7696113586426 17.9407863616943 18.0073699951172 18.1175670623779 18.2677936553955 17.9977130889893
-9999 -9999 -9999 -9999 16.9185638427734 16.9135341644287 16.9046306610107 16.9183254241943 16.91477394104 17.0438671112061 17.2472896575928 17.7352046966553 18.225305557251 18.7197341918945 19.0396900177002 19.158332824707 19.1894721984863 19.1605205535889 19.1169967651367 19.0678482055664 17.9491539001465 16.641716003418 16.2753620147705 15.9528713226318 15.8241901397705 15.8046779632568 16.1391315460205 16.57834815979 17.2003841400146 18.0510311126709 19.1369152069092 19.6994094848633 19.9430599212646 20.1132850646973 20.2590370178223 20.2503509521484 20.2088413238525 18.5721111297607 16.9431858062744 15.3639430999756 14.30202293396 14.6801977157593 14.9370584487915 15.0064353942871 15.1580247879028 15.3850717544556 14.8882808685303
-9999 -9999 -9999 -9999 16.9272480010986 16.928840637207 16.9224376678467 16.9046306610107 16.9355697631836 17.3293418884277 17.7411270141602 18.221866607666 18.6866474151611 19.1198558807373 19.0514450073242 18.4042434692383 17.1355972290039 15.4401769638062 14.4949865341187 13.8394870758057 12.8563737869263 11.8154458999634 11.8209161758423 11.8485822677612 11.8702783584595 11.9341535568237 12.1347846984863 12.3685445785522 12.6601181030273 13.1433763504028 13.8238754272461 14.5229234695435 15.2332725524902 15.8433380126953 16.4199752807617 16.4231357574463 16.3335723876953 14.372838973999 12.5717029571533 11.7869329452515 11.2172813415527 11.2464647293091 11.2533502578735 11.2257747650146 11.2681636810303 11.3747663497925 10.9848213195801
-9999 -9999 -9999 -9999 -9999 16.9272480010986 16.9610443115234 16.9402446746826 17.0009937286377 17.6137237548828 18.1975898742676 18.6709804534912 19.0334377288818 19.1763877868652 18.5897216796875 17.1611938476562 14.8523778915405 11.9390277862549 10.3461093902588 9.26305675506592 8.45652866363525 7.69879865646362 7.97849369049072 8.26366996765137 8.40522480010986 8.52681636810303 8.58367538452148 8.63212394714355 8.66589546203613 8.85893535614014 9.21586036682129 9.98803615570068 11.0131797790527 11.8952913284302 12.7297258377075 12.7294731140137 12.6000747680664 10.5550203323364 8.76958084106445 8.63744640350342 8.47562789916992 8.23117256164551 8.04587745666504 7.95200967788696 7.90380001068115 7.89749622344971 7.60461759567261
-9999 -9999 -9999 -9999 -9999 17.1145324707031 16.9272480010986 17.0720500946045 17.262092590332 17.8933162689209 18.4901714324951 18.9554672241211 18.877950668335 17.7263679504395 16.0519275665283 13.7741956710815 11.563551902771 9.39898014068604 8.27178764343262 7.545166015625 7.09501123428345 6.69364404678345 6.81962156295776 6.95608186721802 7.08367872238159 7.1504282951355 7.01988649368286 6.97135019302368 7.06592130661011 7.30711650848389 7.69918584823608 8.26638126373291 8.94026279449463 9.35869312286377 9.69197463989258 9.62139701843262 9.48820114135742 8.40977573394775 7.4639458656311 7.36253023147583 7.23831415176392 7.05062580108643 6.92656517028809 6.9008355140686 6.8435959815979 6.75743532180786 6.51873970031738
-9999 -9999 17.555212020874 17.4964237213135 17.4261093139648 17.302038192749 17.1143093109131 17.3655643463135 17.6661758422852 18.2746772766113 18.8035507202148 19.0276432037354 18.3895015716553 16.0452404022217 13.5678720474243 10.9369201660156 8.95492839813232 7.41860628128052 6.67047882080078 6.22670316696167 6.03272151947021 5.88282108306885 5.89776086807251 5.92616844177246 6.03673315048218 6.06693744659424 5.83658170700073 5.73710536956787 5.86602449417114 6.12544393539429 6.51914405822754 6.90037727355957 7.27401542663574 7.35840892791748 7.34638786315918 7.22774362564087 7.09268093109131 6.72390508651733 6.39416313171387 6.31300020217896 6.20956897735596 6.04414939880371 5.94277000427246 5.94036149978638 5.87758684158325 5.75940752029419 5.58541345596313
-9999.000000000000000 -9999 -9999 -9999 17.7611217498779 17.5501823425293 17.6645431518555 18.0119037628174 18.382230758667 18.8780765533447 19.1623115539551 18.6365928649902 17.1745700836182 13.8598670959473 11.201060295105 9.29905605316162 7.83040571212769 6.65935850143433 6.10121393203735 5.77973413467407 5.62330484390259 5.49600172042847 5.49302434921265 5.50209951400757 5.58892583847046 5.62250566482544 5.48343706130981 5.43348264694214 5.53903865814209 5.75137519836426 6.07358694076538 6.31035137176514 6.49506187438965 6.52828168869019 6.51100492477417 6.39285564422607 6.2601375579834 6.04032230377197 5.83897352218628 5.75522899627686 5.63589096069336 5.41746807098389 5.25465393066406 5.17778062820435 5.11709785461426 5.0712742805481 4.98493385314941
-9999 -9999 -9999 -9999 18.2281799316406 18.4311447143555 18.2679004669189 18.6675205230713 19.0962505340576 19.5189380645752 19.529914855957 17.9650440216064 15.6970539093018 12.0377893447876 9.42215919494629 8.01071739196777 6.93334865570068 6.08540296554565 5.64408349990845 5.35977649688721 5.23200798034668 5.13186311721802 5.13006067276001 5.13871192932129 5.21653652191162 5.26420974731445 5.21412038803101 5.20628070831299 5.27217054367065 5.4261269569397 5.67070150375366 5.78236532211304 5.81306076049805 5.80623531341553 5.78690338134766 5.6895694732666 5.58129692077637 5.45103216171265 5.32825183868408 5.25313138961792 5.1425952911377 4.93346977233887 4.77034759521484 4.67832040786743 4.63045740127563 4.62312793731689 4.58673572540283
-9999 -9999 -9999 -9999 18.5671806335449 18.7032146453857 18.871187210083 19.3348083496094 19.8077068328857 20.2069282531738 19.9086437225342 16.940601348877 13.8891792297363 10.6727676391602 8.38289642333984 7.16210746765137 6.32246017456055 5.74456071853638 5.32802677154541 4.973801612854 4.86350727081299 4.79625940322876 4.81965065002441 4.8516674041748 4.93902921676636 5.01428031921387 5.05026483535767 5.07522201538086 5.08093595504761 5.16229820251465 5.3215012550354 5.33243083953857 5.25303363800049 5.22016382217407 5.20280265808105 5.15184926986694 5.09582567214966 4.98037052154541 4.87347364425659 4.82107496261597 4.75042724609375 4.62897825241089 4.54244899749756 4.50988674163818 4.48834085464478 4.47690534591675 4.44302415847778
-9999 -9999 -9999 -9999 18.7032146453857 18.9065456390381 19.1452369689941 19.6451244354248 20.1644859313965 20.6036796569824 20.2458515167236 16.837366104126 13.4263849258423 10.0104627609253 7.6654806137085 6.5561957359314 5.84435987472534 5.40546941757202 5.05403757095337 4.73637723922729 4.64560031890869 4.59486150741577 4.62666511535645 4.66561603546143 4.74907064437866 4.82889318466187 4.89693737030029 4.93527317047119 4.92176294326782 4.94850492477417 5.0166654586792 4.98186779022217 4.88434886932373 4.84440803527832 4.82365942001343 4.79931735992432 4.77400588989258 4.68305921554565 4.59932947158813 4.56155920028687 4.51630306243896 4.4502100944519 4.40666532516479 4.39796829223633 4.38836574554443 4.37793159484863 4.34811592102051
-9999 -9999 -9999 -9999 18.9183330535889 19.1452369689941 19.6519393920898 19.6877098083496 20.2552528381348 20.7819957733154 20.5519180297852 17.4250450134277 13.9724140167236 9.87520217895508 7.189453125 6.13231039047241 5.46585083007812 5.0676908493042 4.81160020828247 4.61036729812622 4.54063987731934 4.49411964416504 4.5217490196228 4.55531024932861 4.62477493286133 4.69191312789917 4.75150680541992 4.78865575790405 4.78663682937622 4.77223920822144 4.74510431289673 4.70583486557007 4.65917348861694 4.62639188766479 4.59823608398438 4.58567762374878 4.57492685317993 4.51576280593872 4.46066331863403 4.43145036697388 4.4007134437561 4.36573553085327 4.33996820449829 4.32843685150146 4.31999731063843 4.31439542770386 4.2898097038269
-9999 -9999 -9999 -9999 19.1452369689941 19.7110710144043 19.9596881866455 20.1296882629395 20.1959266662598 20.8410472869873 20.86598777771 18.5171394348145 15.2518672943115 10.1732482910156 6.99361991882324 6.00512790679932 5.366614818573 4.9684476852417 4.72627782821655 4.54434394836426 4.47773694992065 4.43148183822632 4.4327335357666 4.43709421157837 4.45869541168213 4.48619985580444 4.53284645080566 4.56705188751221 4.57954692840576 4.57542848587036 4.55421543121338 4.52652263641357 4.49488258361816 4.46302843093872 4.43110322952271 4.42952013015747 4.43192195892334 4.40530967712402 4.37856674194336 4.35099172592163 4.32349586486816 4.29621982574463 4.27604532241821 4.26684665679932 4.26130342483521 4.25911569595337 4.24036741256714
-9999 -9999 -9999 -9999 -9999 20.0435981750488 20.0874176025391 20.0616683959961 20.0722732543945 20.8489837646484 21.1834869384766 19.82541847229 16.8456497192383 10.657000541687 6.91787195205688 6.00510597229004 5.38706874847412 4.971435546875 4.70829153060913 4.50402975082397 4.43285894393921 4.3851752281189 4.35053300857544 4.3154878616333 4.27470779418945 4.25102949142456 4.28280162811279 4.31331062316895 4.34161472320557 4.36981248855591 4.39790153503418 4.38866281509399 4.35668516159058 4.32308864593506 4.2889518737793 4.29799795150757 4.31294965744019 4.31921863555908 4.32071447372437 4.29181241989136 4.26272392272949 4.23311519622803 4.21331119537354 4.20865964889526 4.20675611495972 4.20737504959106 4.19472408294678
-9999 -9999 -9999 -9999 -9999 20.1321506500244 20.0836849212646 20.0708980560303 20.1306037902832 20.9534244537354 21.4054279327393 20.4380970001221 17.5663776397705 10.9264039993286 6.96963834762573 6.10887241363525 5.50323152542114 5.07279634475708 4.75482940673828 4.48029136657715 4.38018608093262 4.31086301803589 4.26289796829224 4.21664094924927 4.18072462081909 4.15779113769531 4.17695140838623 4.19615316390991 4.21542644500732 4.23860740661621 4.26580905914307 4.26395750045776 4.24440717697144 4.22022771835327 4.194504737854 4.20389699935913 4.21816205978394 4.23510837554932 4.24754953384399 4.23129606246948 4.21405363082886 4.19405937194824 4.18115329742432 4.17920255661011 4.1766791343689 4.17362976074219 4.1649923324585
-9999 -9999 -9999 -9999 -9999 20.284065246582 20.2253513336182 20.1184883117676 20.2265853881836 21.0778331756592 21.6075992584229 20.9068584442139 18.106466293335 11.1514587402344 7.0477876663208 6.23411321640015 5.63919639587402 5.19450998306274 4.81471729278564 4.45998239517212 4.32590007781982 4.23075675964355 4.17413854598999 4.12250328063965 4.1053638458252 4.09391832351685 4.10093545913696 4.10725498199463 4.11235857009888 4.12279844284058 4.13872861862183 4.14197397232056 4.13749170303345 4.12503814697266 4.1099271774292 4.11753845214844 4.12837791442871 4.15140819549561 4.17121601104736 4.17050266265869 4.16788768768311 4.15997886657715 4.15532159805298 4.15568923950195 4.15166473388672 4.14360809326172 4.13855218887329
-9999 -9999 -9999 -9999 -9999 -9999 20.5431594848633 20.486665725708 20.5511875152588 21.3265533447266 21.6864738464355 20.4562454223633 17.4682788848877 11.0022420883179 7.18689680099487 6.43003416061401 5.81872892379761 5.30738496780396 4.85066652297974 4.41504144668579 4.26398420333862 4.1631441116333 4.12795734405518 4.09690380096436 4.08831357955933 4.08248138427734 4.08559131622314 4.08838176727295 4.09061574935913 4.0954909324646 4.10308456420898 4.10490131378174 4.10319900512695 4.09740495681763 4.09024667739868 4.09406995773315 4.09947061538696 4.11312341690063 4.12519502639771 4.12719631195068 4.1277289390564 4.12417364120483 4.1219162940979 4.12166547775269 4.11893033981323 4.11391544342041 4.11098051071167
-9999 -9999 -9999 -9999 -9999 -9999 20.9196472167969 21.0243225097656 20.8940830230713 21.5830345153809 21.7522754669189 19.932279586792 16.729923248291 10.7922620773315 7.28881406784058 6.59406566619873 5.97506713867188 5.40808916091919 4.88145875930786 4.3704080581665 4.2051100730896 4.10082674026489 4.08696794509888 4.07623863220215 4.07508707046509 4.07417869567871 4.07405996322632 4.07401180267334 4.07408618927002 4.07416534423828 4.07424926757812 4.07447576522827 4.07478857040405 4.07486629486084 4.07486486434937 4.07513570785522 4.07547235488892 4.07970476150513 4.08388090133667 4.08769845962524 4.09053516387939 4.09064197540283 4.09034824371338 4.0894341468811 4.08804988861084 4.08623456954956 4.08519458770752
-9999 -9999 -9999 -9999 -9999 -9999 21.2165241241455 21.2479553222656 21.3229198455811 21.8629322052002 21.7374935150146 19.0649948120117 15.4858980178833 10.1128997802734 6.96488952636719 6.38416719436646 5.86317300796509 5.38319635391235 4.8686785697937 4.34082221984863 4.18233013153076 4.08901929855347 4.0810227394104 4.07547760009766 4.07479381561279 4.07426166534424 4.07422304153442 4.07423257827759 4.07432794570923 4.07437324523926 4.0743670463562 4.07439231872559 4.07443618774414 4.07440233230591 4.07434272766113 4.07452774047852 4.07475709915161 4.07649707794189 4.07829618453979 4.08047103881836 4.0820951461792 4.08218765258789 4.08199024200439 4.08134603500366 4.08063316345215 4.07985734939575 4.07898998260498
-9999 -9999 -9999 -9999 -9999 21.042839050293 21.3058052062988 21.3772964477539 21.7318382263184 22.1154899597168 21.6892566680908 18.163143157959 14.2200660705566 9.45194053649902 6.65953874588013 6.14681148529053 5.69291830062866 5.27942943572998 4.80079555511475 4.29700708389282 4.15619611740112 4.07943964004517 4.07632684707642 4.074951171875 4.07461404800415 4.07437181472778 4.07443809509277 4.07452154159546 4.07463645935059 4.07465982437134 4.07458877563477 4.07444429397583 4.07425498962402 4.0741171836853 4.07399702072144 4.07408571243286 4.07420206069946 4.07409000396729 4.07409620285034 4.07485485076904 4.07543706893921 4.0755295753479 4.07541465759277 4.07498025894165 4.07476711273193 4.07475662231445 4.07411432266235
-9999 -9999 -9999 -9999 20.683406829834 20.949031829834 21.042839050293 21.5551280975342 22.0677280426025 22.2678050994873 21.5183582305908 17.1345462799072 12.8742771148682 8.85846614837646 6.42229413986206 5.80877828598022 5.3086724281311 4.88644981384277 4.53086757659912 4.20101690292358 4.11776304244995 4.07802629470825 4.07621097564697 4.07528448104858 4.07485008239746 4.07458019256592 4.07484483718872 4.07506084442139 4.07519197463989 4.07523632049561 4.07519197463989 4.07499408721924 4.07470273971558 4.07448863983154 4.07429981231689 4.07425546646118 4.07423400878906 4.07461738586426 4.07497215270996 4.07514572143555 4.0753116607666 4.07545900344849 4.07537412643433 4.07492971420288 4.07458734512329 4.07433938980103 4.07411336898804
