Ecospace-environmental-drivers/Outputs/ASCII-for-ecospace/MOM6-ISIMIP3a/tob/1987-08_tob_MOM6-ISIMIP3a.asc
NCOLS 131 
NROWS 53 
XLLCORNER -98 
YLLCORNER 23.9265270233154 
CELLSIZE 0.133587792515755 
NODATA_value -9999 
[rows 0 to 20 of 53, columns 47 to 93 of 131]
-9999 -9999 -9999 -9999 -9999 -9999 -9999 -9999 -9999 -9999 -9999 -9999 -9999 -9999 -9999 -9999 -9999 -9999 -9999 -9999 -9999 -9999 -9999 -9999 -9999 -9999 -9999 -9999 -9999 -9999 -9999 -9999 -9999 -9999 -9999 -9999 -9999 -9999 -9999 -9999 -9999 -9999 -9999 -9999 -9999 -9999 -9999
-9999 -9999 -9999 -9999 -9999 -9999 -9999 -9999 -9999 -9999 -9999 -9999 -9999 -9999 -9999 -9999 -9999 -9999 -9999 -9999 -9999 -9999 -9999 -9999 -9999 -9999 -9999 -9999 -9999 -9999 -9999 -9999 -9999 -9999 -9999 -9999 -9999 -9999 -9999 -9999 -9999 -9999 -9999 -9999 -9999 -9999 -9999
-9999 -9999 -9999 -9999 -9999 -9999 -9999 -9999 -9999 -9999 -9999 -9999 -9999 -9999 -9999 -9999 -9999 -9999 -9999 -9999 -9999 -9999 -9999 -9999 -9999 -9999 -9999 27.6585083007812 27.799186706543 -9999 -9999 -9999 -9999 -9999 -9999 -9999 -9999 -9999 -9999 -9999 -9999 -9999 -9999 -9999 -9999 -9999 -9999
-9999 -9999 -9999 -9999 -9999 -9999 -9999 -9999 -9999 -9999 -9999 -9999 -9999 -9999 -9999 -9999 -9999 -9999 -9999 -9999 -9999 -9999 -9999 -9999 -9999 -9999 -9999 27.6758651733398 27.8543300628662 -9999 -9999 -9999 -9999 -9999 -9999 -9999 -9999 -9999 -9999 -9999 -9999 -9999 -9999 -9999 -9999 -9999 -9999
-9999 -9999 -9999 -9999 -9999 -9999 -9999 -9999 -9999 -9999 -9999 -9999 -9999 -9999 -9999 -9999 -9999 -9999 29.8931255340576 29.7632446289062 29.6593399047852 29.0532398223877 28.5380191802979 27.6994304656982 27.246639251709 27.2147274017334 27.4064502716064 27.7148170471191 27.9063282012939 27.9418468475342 -9999 -9999 26.7893905639648 25.883602142334 24.8043823242188 23.8937549591064 23.5001411437988 23.5588073730469 23.9839820861816 24.5229110717773 25.2710838317871 26.1995105743408 -9999 -9999 -9999 -9999 -9999
-9999 -9999 -9999 -9999 -9999 -9999 -9999 -9999 -9999 -9999 -9999 -9999 -9999 -9999 30.7722816467285 -9999 30.7322311401367 30.6975688934326 30.2834300994873 29.8931255340576 29.737268447876 29.6593399047852 28.4471397399902 27.5075778961182 27.143575668335 27.0887641906738 27.41184425354 27.7187442779541 28.0138607025146 27.9863796234131 27.8252983093262 27.4500942230225 27.0327968597412 25.8852825164795 24.7327289581299 23.7951374053955 23.1533985137939 23.5518894195557 23.971134185791 24.4289226531982 25.1686782836914 26.215648651123 27.214204788208 28.1814346313477 -9999 -9999 -9999
-9999 -9999 -9999 -9999 -9999 -9999 -9999 -9999 -9999 -9999 29.7158203125 29.7318801879883 29.74582862854 29.7894878387451 30.3011093139648 30.7748355865479 30.7697277069092 30.729398727417 30.6975688934326 30.2595977783203 29.8931255340576 29.6593399047852 28.4471397399902 27.5075778961182 27.143575668335 27.0887641906738 27.41184425354 27.7187442779541 28.0138607025146 27.9863796234131 27.8252983093262 27.4500942230225 27.0327968597412 25.8852825164795 24.7327289581299 23.7951374053955 23.1533985137939 23.5518894195557 23.971134185791 24.4289226531982 25.1686782836914 26.215648651123 27.214204788208 28.1814346313477 28.4370555877686 27.9402713775635 -9999
-9999 -9999 -9999 -9999 -9999 -9999 -9999 -9999 -9999 -9999 29.629711151123 29.7158203125 29.7479419708252 -9999 29.8467960357666 30.3404579162598 30.7799453735352 30.7697277069092 30.7208995819092 30.6975688934326 30.1880989074707 29.4677982330322 27.865140914917 26.592903137207 26.0182094573975 25.8609390258789 26.2138481140137 26.5322227478027 26.8254451751709 26.744270324707 26.5080432891846 25.8471221923828 25.1027145385742 23.8117866516113 22.5588626861572 21.8749141693115 21.4425773620605 21.8949146270752 22.4320373535156 23.1266174316406 23.9878997802734 25.0308113098145 25.9760246276855 26.858024597168 27.4487991333008 27.9349594116211 28.6607761383057
-9999 -9999 -9999 -9999 -9999 -9999 -9999 -9999 -9999 -9999 -9999 -9999 -9999 -9999 29.8252944946289 29.9350337982178 30.3922901153564 30.7901611328125 30.7697277069092 30.6954040527344 30.1159610748291 29.2559375762939 27.2216663360596 25.5836811065674 24.7822895050049 24.5154094696045 24.9018173217773 25.2306003570557 25.5174140930176 25.3750171661377 25.0548686981201 24.0772037506104 22.970287322998 21.510913848877 20.1381645202637 19.7391338348389 19.543062210083 20.0605945587158 20.7308959960938 21.6849040985107 22.6823291778564 23.7270584106445 24.6217994689941 25.419490814209 26.55615234375 27.8145771026611 28.9111843109131
30.6036643981934 -9999 -9999 -9999 -9999 -9999 -9999 -9999 -9999 -9999 29.7803516387939 29.5414485931396 -9999 -9999 -9999 29.9157581329346 30.0450382232666 30.440767288208 30.8105945587158 30.7705364227295 30.088415145874 29.0768985748291 26.6868286132812 24.815486907959 24.0392227172852 23.8066921234131 24.2387142181396 24.4983367919922 24.6323852539062 24.3756141662598 23.9569892883301 22.6871376037598 21.2499523162842 19.3128128051758 17.5379276275635 17.5289249420166 17.6913738250732 18.4566478729248 19.3350200653076 20.4234313964844 21.5948028564453 22.8565635681152 23.9999237060547 25.0666770935059 26.1707992553711 27.2883434295654 28.6176948547363
30.6228790283203 30.6257152557373 -9999 -9999 -9999 -9999 -9999 -9999 -9999 -9999 29.8233547210693 29.4714336395264 29.5414485931396 -9999 -9999 29.9727878570557 30.0586643218994 30.1036605834961 30.4611873626709 30.7528343200684 29.7731323242188 28.4900188446045 25.9370956420898 23.9725322723389 23.2500495910645 23.0351943969727 23.4407653808594 23.5992469787598 23.5777492523193 23.1149101257324 22.4692935943604 20.8544635772705 19.0491104125977 16.8394832611084 14.8511352539062 15.1706790924072 15.6546096801758 16.7165279388428 17.8349323272705 19.0582313537598 20.3925476074219 21.8478183746338 23.2368774414062 24.5830898284912 25.6830310821533 26.6945056915283 28.1504745483398
30.6228790283203 30.6313877105713 30.8172779083252 31.0601921081543 -9999 -9999 -9999 -9999 -9999 -9999 -9999 29.3474941253662 29.1993236541748 29.5414485931396 29.7158203125 29.9727878570557 30.0586643218994 30.1036605834961 30.2465362548828 30.2371940612793 27.9144878387451 25.7155685424805 24.0347080230713 22.7285842895508 22.2135620117188 21.9269580841064 21.9195308685303 21.8053398132324 21.6133880615234 20.4526424407959 18.8906879425049 16.6477336883545 14.2709121704102 12.8898696899414 11.7000818252563 12.018385887146 12.6251230239868 14.2460031509399 15.775857925415 17.1366653442383 18.574914932251 20.097541809082 21.7166042327881 23.3980693817139 24.6459350585938 25.7380466461182 26.7513980865479
30.5896873474121 30.7142314910889 30.8621711730957 31.0613212585449 -9999 -9999 -9999 -9999 30.8151893615723 30.3409271240234 29.8191909790039 29.2322769165039 28.9910144805908 29.0325546264648 29.2490787506104 29.548490524292 29.7119636535645 29.8429565429688 29.8654842376709 29.6604042053223 26.2509708404541 23.287805557251 22.1923084259033 21.210298538208 20.4678726196289 19.7938995361328 19.203592300415 18.6703796386719 18.1787509918213 16.6527576446533 14.6983957290649 12.4260225296021 10.0911359786987 9.52765941619873 9.11738586425781 9.5628719329834 10.3360538482666 12.2614307403564 14.0041818618774 15.4077787399292 16.8625354766846 18.3730297088623 20.0765056610107 21.9048500061035 23.2413024902344 24.4010601043701 25.2982234954834
30.4735164642334 30.6481342315674 30.8565559387207 31.0613212585449 31.2570819854736 31.2198581695557 31.1681480407715 31.0427532196045 30.8151893615723 30.3409271240234 29.8191909790039 29.2322769165039 28.4812755584717 27.5960216522217 27.61545753479 28.0634269714355 28.4984931945801 28.9304809570312 29.0684261322021 28.9307384490967 25.0752868652344 21.7267799377441 20.4998798370361 19.0061531066895 16.9491405487061 15.0987329483032 13.5008411407471 12.1827087402344 11.0683479309082 10.0087614059448 8.97185802459717 8.1668586730957 7.40744495391846 7.63398838043213 7.95560932159424 8.84934139251709 9.89806747436523 11.4917612075806 12.9510154724121 14.1605997085571 15.4132881164551 16.7129383087158 18.136833190918 19.6411209106445 20.9178085327148 22.1127395629883 23.7098045349121
29.8979835510254 30.1859951019287 30.5132369995117 30.7610015869141 30.9899997711182 30.9319496154785 30.8581390380859 30.704158782959 30.4339771270752 29.8832168579102 29.2306575775146 28.4383411407471 27.3249645233154 25.9489078521729 25.7560520172119 26.1236534118652 26.6734752655029 27.2668361663818 26.9783782958984 26.3967113494873 22.4291954040527 18.9420928955078 17.4655704498291 15.6558742523193 13.1428174972534 10.9281053543091 9.07803058624268 7.59347438812256 6.37515640258789 5.73216867446899 5.3274450302124 5.44587516784668 5.66714429855347 6.41903686523438 7.22641563415527 8.383864402771 9.57780361175537 10.9000434875488 12.1358737945557 13.2112312316895 14.3059434890747 15.42174243927 16.6281223297119 17.8931159973145 19.1182537078857 20.3290767669678 22.2044887542725
28.6729927062988 29.1639270782471 29.6924667358398 30.0360851287842 30.3453102111816 30.2369918823242 30.1098346710205 29.8868503570557 29.5137996673584 28.7783889770508 27.8100471496582 26.5219211578369 25.2545166015625 24.0040683746338 23.5774269104004 23.5410041809082 23.9838390350342 24.5411834716797 23.06028175354 21.3116455078125 17.7042121887207 14.4273700714111 12.5340900421143 10.6851692199707 8.92989444732666 7.49908018112183 6.46482181549072 5.68828153610229 5.09945964813232 4.80265092849731 4.62677478790283 4.89959812164307 5.26062536239624 6.16367244720459 7.10881471633911 8.26909065246582 9.42397689819336 10.5599164962769 11.6572561264038 12.6829128265381 13.6819858551025 14.6520957946777 15.7287130355835 16.87424659729 18.0594520568848 19.2589073181152 20.8166656494141
27.0448322296143 27.5753555297852 28.1492443084717 28.6224498748779 29.0661468505859 28.9914379119873 28.8873481750488 28.6338062286377 28.2263603210449 27.4472999572754 26.3535766601562 24.8278617858887 23.3087959289551 21.7951698303223 21.1029682159424 20.7998600006104 21.0804996490479 21.5006141662598 19.2019901275635 16.6750106811523 13.5428142547607 10.6867256164551 8.98617076873779 7.4760799407959 6.36807107925415 5.5261664390564 5.00949621200562 4.65710020065308 4.42435836791992 4.31807041168213 4.26415109634399 4.60122728347778 5.01516342163086 5.96278524398804 6.93740224838257 7.98266315460205 9.01755714416504 10.0160055160522 11.0213813781738 12.039626121521 13.0087070465088 13.9242238998413 14.9391450881958 16.0183849334717 17.1933097839355 18.4026069641113 19.6732788085938
25.0771541595459 25.5097236633301 25.9976291656494 26.6288261413574 27.2526779174805 27.2822151184082 27.2655448913574 27.0138168334961 26.6296443939209 25.9256725311279 24.8669052124023 23.3210544586182 21.4681072235107 19.3639011383057 18.3793849945068 17.9252433776855 17.9971961975098 18.1948528289795 15.394061088562 12.4160051345825 9.85602188110352 7.59794521331787 6.60337686538696 5.75048160552979 5.19666957855225 4.77947235107422 4.52924680709839 4.36194038391113 4.25503063201904 4.20817995071411 4.18620204925537 4.51162195205688 4.90533208847046 5.80777502059937 6.72067499160767 7.55168294906616 8.39842414855957 9.3004846572876 10.2530794143677 11.2995223999023 12.2938938140869 13.2315311431885 14.242075920105 15.2997941970825 16.4894123077393 17.7264099121094 18.7357349395752
23.7887268066406 24.0721969604492 24.4051170349121 24.9133892059326 25.4244422912598 25.5260143280029 25.5825481414795 25.4099903106689 25.1079578399658 24.493293762207 23.6643581390381 22.5412559509277 20.3492908477783 17.2828121185303 15.4617958068848 14.2307281494141 14.0783042907715 14.1836051940918 11.9936723709106 9.67589378356934 7.79232406616211 6.14558458328247 5.48999929428101 4.95357179641724 4.66869592666626 4.45164108276367 4.31747817993164 4.23183822631836 4.18154239654541 4.15892314910889 4.14776515960693 4.37981557846069 4.65967464447021 5.39085674285889 6.12889766693115 6.77066326141357 7.46402025222778 8.33877468109131 9.23606491088867 10.1752033233643 11.0909862518311 11.9813213348389 12.9549598693848 13.9825000762939 15.1850318908691 16.4504222869873 17.5432434082031
22.8327083587646 22.942045211792 23.0862121582031 23.3340854644775 23.5889797210693 23.7468204498291 23.8696060180664 23.8140735626221 23.6229858398438 23.1045894622803 22.6008491516113 22.1172294616699 19.5837364196777 15.3730926513672 12.4492673873901 10.1349802017212 9.7504997253418 9.82711505889893 8.79272270202637 7.67908334732056 6.52292108535767 5.49403953552246 4.99783754348755 4.61113548278809 4.45559692382812 4.32878923416138 4.23709583282471 4.18251085281372 4.15495538711548 4.13933753967285 4.12866401672363 4.22735691070557 4.3475489616394 4.84576892852783 5.35358190536499 5.8183445930481 6.37533235549927 7.25658798217773 8.097336769104 8.86286067962646 9.64922046661377 10.4582796096802 11.379093170166 12.3722171783447 13.5867929458618 14.880916595459 16.2259883880615
22.2431144714355 22.2483501434326 22.2810497283936 22.4194736480713 22.5680751800537 22.6992301940918 22.7686405181885 22.5239562988281 21.9820938110352 20.7226676940918 19.7844066619873 19.2870635986328 17.0835723876953 13.4841585159302 10.828369140625 8.61955451965332 7.98830652236938 7.7339916229248 7.19239282608032 6.61582946777344 5.81762552261353 5.10180568695068 4.73076868057251 4.4475212097168 4.34960269927979 4.26710081100464 4.20344066619873 4.16286706924438 4.13910961151123 4.12594223022461 4.11716032028198 4.15793371200562 4.20844888687134 4.48286581039429 4.76543807983398 5.04667663574219 5.40843534469604 6.05330801010132 6.67912340164185 7.2695484161377 7.95021438598633 8.72920036315918 9.5435791015625 10.3808574676514 11.4461908340454 12.5934438705444 14.0844068527222
