Ecospace-environmental-drivers/Outputs/ASCII-for-ecospace/MOM6-ISIMIP3a/tob/1987-03_tob_MOM6-ISIMIP3a.asc
NCOLS 131 
NROWS 53 
XLLCORNER -98 
YLLCORNER 23.9265270233154 
CELLSIZE 0.133587792515755 
NODATA_value -9999 
[rows 21 to 41 of 53, columns 0 to 46 of 131]
-9999 -9999 -9999 -9999 -9999 -9999 17.1570911407471 17.1499557495117 17.1388492584229 17.1114864349365 17.1578521728516 17.0799884796143 17.1259002685547 17.2626609802246 17.2690296173096 17.1249446868896 17.1824855804443 17.3784885406494 17.7477016448975 18.1837959289551 18.5871620178223 18.9847507476807 19.3492832183838 19.6877479553223 19.8150081634521 19.941234588623 20.0641098022461 20.1814861297607 20.2892723083496 20.3822441101074 20.4599761962891 20.5144214630127 20.5546798706055 20.5935344696045 20.6319217681885 20.6605033874512 20.6876754760742 20.7071361541748 20.7288379669189 20.7648067474365 20.8038730621338 20.8515644073486 20.9021663665771 20.9572677612305 21.0014209747314 21.0355281829834 21.0510444641113
-9999 -9999 -9999 -9999 -9999 -9999 17.1605186462402 17.1570911407471 17.1428184509277 17.1440010070801 17.1114864349365 17.2820796966553 17.4656620025635 17.6749420166016 17.8252754211426 17.9075946807861 18.1053733825684 18.3824424743652 18.7127666473389 19.0636577606201 18.722749710083 18.2597599029541 18.3630771636963 18.4658470153809 18.4607315063477 18.5227279663086 18.8023242950439 19.0879306793213 19.3840274810791 19.8607273101807 20.5232639312744 20.789981842041 20.8155727386475 20.8089981079102 20.7917022705078 20.6431655883789 20.4741764068604 19.9838161468506 19.4492282867432 18.632963180542 18.0664501190186 18.195182800293 18.2691898345947 18.2586231231689 18.3441867828369 18.5179805755615 18.3122005462646
-9999 -9999 -9999 -9999 17.2933006286621 17.2087440490723 17.1593341827393 17.1651287078857 17.1570911407471 17.1285457611084 17.178882598877 17.5311450958252 17.8601932525635 18.143310546875 18.4188594818115 18.6856803894043 18.9414596557617 19.1896533966064 19.407205581665 19.6129264831543 18.5171375274658 17.19167137146 17.0356540679932 16.9052143096924 16.774528503418 16.7763538360596 17.2078304290771 17.6547946929932 18.1287822723389 18.9768695831299 20.2098979949951 20.7056579589844 20.7522811889648 20.7367973327637 20.700611114502 20.3805828094482 20.0164623260498 18.9770183563232 17.855447769165 16.2108840942383 15.0547008514404 15.2580518722534 15.3512344360352 15.2741584777832 15.396900177002 15.7030324935913 15.2792930603027
-9999 -9999 -9999 -9999 17.4824371337891 17.3226890563965 17.2581539154053 17.1593341827393 17.1789608001709 17.4287605285645 17.7379684448242 18.2745742797852 18.7580757141113 19.1365013122559 19.1123046875 18.6235427856445 17.519157409668 15.9919958114624 15.1150245666504 14.4891176223755 13.5091333389282 12.4666662216187 12.4564638137817 12.4647750854492 12.4390125274658 12.4745635986328 12.7089195251465 12.9314651489258 13.1333999633789 13.6283292770386 14.4247436523438 15.1425352096558 15.8124294281006 16.3983345031738 16.9562435150146 16.7447452545166 16.4177894592285 14.8235483169556 13.3062620162964 12.2790460586548 11.5297555923462 11.5541429519653 11.5315866470337 11.4364795684814 11.4545640945435 11.5765342712402 11.237006187439
-9999 -9999 -9999 -9999 -9999 17.4824371337891 17.3908309936523 17.3569736480713 17.27463722229 17.7754936218262 18.3128337860107 18.9898109436035 19.5168476104736 19.7471923828125 19.2513580322266 17.9176273345947 15.687352180481 12.8413791656494 11.1737909317017 9.96122074127197 9.13263130187988 8.37180328369141 8.47561931610107 8.59184169769287 8.6536693572998 8.71079254150391 8.75266551971436 8.77737522125244 8.77213287353516 8.98292446136475 9.41601276397705 10.2687692642212 11.3771848678589 12.3567552566528 13.2933778762817 13.1692314147949 12.8869771957397 11.006534576416 9.31518650054932 8.828049659729 8.43695163726807 8.31320285797119 8.19925022125244 8.10043621063232 8.03409004211426 7.99754285812378 7.73488569259644
-9999 -9999 -9999 -9999 -9999 17.4896469116211 17.4824371337891 17.5645771026611 17.6939258575439 18.3262042999268 18.9568824768066 19.5814342498779 19.6656551361084 18.6807193756104 16.9595623016357 14.3889255523682 12.0599822998047 9.89702129364014 8.77135562896729 8.04622936248779 7.52508544921875 7.03993844985962 7.11835670471191 7.20725727081299 7.28067922592163 7.30608701705933 7.17581272125244 7.11924123764038 7.19128656387329 7.42057991027832 7.81167840957642 8.41764163970947 9.15449810028076 9.61692142486572 9.987868309021 9.8582124710083 9.65372371673584 8.66478633880615 7.77126693725586 7.48540592193604 7.23896217346191 7.10224771499634 7.00363779067993 6.96391773223877 6.90183115005493 6.81921720504761 6.60124921798706
-9999 -9999 17.5310192108154 17.5202312469482 17.5016422271729 17.4968662261963 17.4896392822266 17.7510643005371 18.0622158050537 18.7907104492188 19.4550685882568 19.8739433288574 19.4154891967773 17.2210445404053 14.5811195373535 11.4271793365479 9.21154975891113 7.64029979705811 6.92774820327759 6.54677200317383 6.26789140701294 6.00702714920044 6.05326414108276 6.10865211486816 6.18425559997559 6.19196462631226 5.97953128814697 5.88353967666626 5.99074840545654 6.22282600402832 6.58339166641235 6.97233295440674 7.37856101989746 7.46675157546997 7.44893074035645 7.31268835067749 7.15883302688599 6.83176946640015 6.52968168258667 6.38664817810059 6.23938465118408 6.08034467697144 5.97506666183472 5.95287370681763 5.89144134521484 5.79399394989014 5.63100099563599
-9999.000000000000000 -9999 -9999 -9999 17.5621852874756 17.5064182281494 17.5108203887939 17.8914775848389 18.3192367553711 19.0671272277832 19.6350002288818 19.5138339996338 18.2948169708252 14.9034624099731 12.0136213302612 9.70244693756104 8.06264400482178 6.88390159606934 6.30342149734497 5.95395183563232 5.77511358261108 5.62638664245605 5.62564563751221 5.63401126861572 5.69125890731812 5.71185255050659 5.61360025405884 5.56952238082886 5.61998510360718 5.82055568695068 6.1755838394165 6.41246318817139 6.5773663520813 6.60314083099365 6.58253860473633 6.43736124038696 6.27493906021118 6.10873126983643 5.94774532318115 5.82001447677612 5.6727123260498 5.47092771530151 5.31095409393311 5.21559715270996 5.14695072174072 5.10281944274902 5.01724100112915
-9999 -9999 -9999 -9999 17.6568851470947 17.6832733154297 17.6246585845947 18.0318851470947 18.4889850616455 19.24342918396 19.6520023345947 18.7367305755615 16.8154888153076 12.9037160873413 10.0218801498413 8.32843112945557 7.13709402084351 6.29058074951172 5.8021993637085 5.45210552215576 5.32632541656494 5.2401294708252 5.22860383987427 5.2261323928833 5.28549098968506 5.32774496078491 5.31453609466553 5.30995416641235 5.32042789459229 5.47321462631226 5.77243900299072 5.8825535774231 5.87746477127075 5.8615288734436 5.8419771194458 5.71627759933472 5.57637453079224 5.501380443573 5.42169141769409 5.31210470199585 5.18069458007812 4.98853254318237 4.82944965362549 4.72148847579956 4.66300773620605 4.64993953704834 4.60943365097046
-9999 -9999 -9999 -9999 17.7321166992188 17.7809619903564 17.8412742614746 18.1722831726074 18.5489368438721 19.2937755584717 19.4640312194824 17.4350185394287 14.8849439620972 11.3038320541382 8.75448894500732 7.39564561843872 6.49254512786865 5.90242385864258 5.45585346221924 5.06471300125122 4.93287992477417 4.84680700302124 4.87002897262573 4.90224504470825 4.98946475982666 5.06441783905029 5.09959602355957 5.11888694763184 5.1104531288147 5.19497919082642 5.37515926361084 5.3903374671936 5.30499744415283 5.27340221405029 5.25972127914429 5.18924570083618 5.11097002029419 5.03957366943359 4.96594190597534 4.87807369232178 4.78259706497192 4.66594171524048 4.57768201828003 4.53330612182617 4.50685453414917 4.49685478210449 4.4607310295105
-9999 -9999 -9999 -9999 17.7809619903564 17.8539695739746 17.9396743774414 18.2725772857666 18.6498489379883 19.3419589996338 19.4316082000732 17.215295791626 14.4391317367554 10.5551805496216 7.92049694061279 6.72727060317993 5.97508907318115 5.52579212188721 5.1540412902832 4.81223344802856 4.69559288024902 4.61868762969971 4.65272855758667 4.69446659088135 4.78009939193726 4.8591456413269 4.916832447052 4.95043659210205 4.94201278686523 4.97207880020142 5.04174947738647 5.01421022415161 4.92745065689087 4.89178276062012 4.87314558029175 4.8373064994812 4.79892063140869 4.73695707321167 4.67437124252319 4.6078200340271 4.54191017150879 4.47778701782227 4.43260669708252 4.4167013168335 4.40582275390625 4.39955806732178 4.36580419540405
-9999 -9999 -9999 -9999 17.8582019805908 17.9396743774414 18.3846473693848 18.3427925109863 18.7814826965332 19.3885173797607 19.5158462524414 17.8070735931396 15.1068840026855 10.4449634552002 7.41155862808228 6.25720691680908 5.55295372009277 5.15780353546143 4.88562917709351 4.66094017028809 4.57542657852173 4.51447248458862 4.54138517379761 4.57377099990845 4.63573122024536 4.69741487503052 4.75820207595825 4.79894876480103 4.80472326278687 4.79067945480347 4.7562427520752 4.72515058517456 4.69609642028809 4.66504669189453 4.63333177566528 4.61668920516968 4.60188961029053 4.55373477935791 4.50593519210815 4.46040058135986 4.41928243637085 4.39046001434326 4.36755132675171 4.35378122329712 4.3461332321167 4.34410381317139 4.31120872497559
-9999 -9999 -9999 -9999 17.9396743774414 18.5820941925049 18.8131446838379 18.9835453033447 18.9939804077148 19.5037574768066 19.7062511444092 18.7325859069824 16.22878074646 10.6972589492798 7.23123645782471 6.14847373962402 5.46453857421875 5.05449533462524 4.78794002532959 4.57679033279419 4.49998998641968 4.44689846038818 4.44825029373169 4.45170593261719 4.46275901794434 4.48293304443359 4.53268098831177 4.57192325592041 4.59283208847046 4.58949708938599 4.5612154006958 4.53957796096802 4.52198839187622 4.48902034759521 4.45092582702637 4.44926071166992 4.45245361328125 4.43101739883423 4.40777444839478 4.37302827835083 4.3418984413147 4.32083749771118 4.30518531799316 4.29789400100708 4.29208278656006 4.2876296043396 4.26051187515259
-9999 -9999 -9999 -9999 -9999 19.1340045928955 19.1909141540527 19.1130962371826 19.2411346435547 19.6484355926514 19.9421539306641 19.8011283874512 17.5453128814697 11.1049203872681 7.19175100326538 6.19459962844849 5.51914834976196 5.06462335586548 4.76341867446899 4.52141666412354 4.44372415542603 4.39502811431885 4.36291933059692 4.32905387878418 4.27752828598022 4.24584341049194 4.27849245071411 4.31252384185791 4.34896850585938 4.37983655929565 4.40496587753296 4.39835739135742 4.37241506576538 4.33472681045532 4.29312324523926 4.30462837219238 4.32341575622559 4.33423137664795 4.33973217010498 4.31139087677002 4.28390502929688 4.25880193710327 4.24397277832031 4.2450213432312 4.24044942855835 4.2307186126709 4.21148490905762
-9999 -9999 -9999 -9999 -9999 19.4018611907959 19.3979549407959 19.4760990142822 19.4926834106445 19.8738079071045 20.1962394714355 20.2940216064453 18.0903224945068 11.3326444625854 7.26340293884277 6.2961950302124 5.62393760681152 5.15423631668091 4.80382966995239 4.49948644638062 4.3916654586792 4.31852388381958 4.27175283432007 4.22584438323975 4.18231773376465 4.1536808013916 4.17332172393799 4.19489669799805 4.21984767913818 4.24525260925293 4.27112436294556 4.2704701423645 4.25365734100342 4.22626304626465 4.19534158706665 4.2072491645813 4.22509717941284 4.24584102630615 4.26174020767212 4.24678564071655 4.23041868209839 4.21012020111084 4.19852304458618 4.20037317276001 4.19633722305298 4.18689870834351 4.17454671859741
-9999 -9999 -9999 -9999 -9999 19.5896301269531 19.6167163848877 19.6046714782715 19.7451438903809 20.1158752441406 20.4540863037109 20.6678104400635 18.4757041931152 11.523138999939 7.35804891586304 6.40926694869995 5.73910903930664 5.26029539108276 4.85767507553101 4.4844765663147 4.34047651290894 4.23692321777344 4.17937898635864 4.12665748596191 4.10573291778564 4.09150362014771 4.09898281097412 4.10660219192505 4.11446714401245 4.12620210647583 4.14191913604736 4.14534187316895 4.14127492904663 4.12728118896484 4.10997772216797 4.11964654922485 4.13313388824463 4.15918779373169 4.18168926239014 4.18156671524048 4.17786502838135 4.1642017364502 4.15633487701416 4.15742635726929 4.15378093719482 4.14578723907471 4.14010906219482
-9999 -9999 -9999 -9999 -9999 -9999 19.7542209625244 19.769380569458 19.8065242767334 20.2732448577881 20.6786212921143 20.8492088317871 18.6141738891602 11.6190900802612 7.46107244491577 6.57658433914185 5.90909242630005 5.39062070846558 4.90715408325195 4.43720436096191 4.27537679672241 4.16792297363281 4.13139057159424 4.09906435012817 4.08885383605957 4.08185577392578 4.0852746963501 4.08874750137329 4.09231328964233 4.09781742095947 4.10531520843506 4.1071081161499 4.1054253578186 4.09900045394897 4.09099435806274 4.09584760665894 4.10253810882568 4.11749315261841 4.13080787658691 4.13367414474487 4.13408422470093 4.12765741348267 4.12375831604004 4.12376642227173 4.12103271484375 4.11578226089478 4.11187219619751
-9999 -9999 -9999 -9999 -9999 -9999 19.8749389648438 19.8886089324951 19.8684749603271 20.4329853057861 20.887674331665 20.9220104217529 18.6042423248291 11.6323232650757 7.52141571044922 6.71166563034058 6.05657005310059 5.50768232345581 4.9501051902771 4.38917255401611 4.21274328231812 4.10416650772095 4.08873081207275 4.07667684555054 4.07580518722534 4.0751485824585 4.07519054412842 4.07527446746826 4.07543325424194 4.07554531097412 4.07560968399048 4.07567262649536 4.07573461532593 4.07597303390503 4.07626962661743 4.07660436630249 4.07696962356567 4.08089542388916 4.08495473861694 4.08986759185791 4.09353494644165 4.09373617172241 4.09350395202637 4.09260225296021 4.09082746505737 4.08825206756592 4.08581209182739
-9999 -9999 -9999 -9999 -9999 -9999 19.9676895141602 19.9668292999268 20.0277690887451 20.6585140228271 20.9474830627441 19.9282836914062 17.1292343139648 10.8083658218384 7.12248516082764 6.47696733474731 5.93779945373535 5.47166633605957 4.92550706863403 4.34844589233398 4.18306016921997 4.09032249450684 4.08171510696411 4.0756196975708 4.07510328292847 4.07472562789917 4.07479810714722 4.07489919662476 4.07505083084106 4.07516956329346 4.07525444030762 4.07524585723877 4.07518005371094 4.07521104812622 4.07527446746826 4.07548093795776 4.07571601867676 4.07718706130981 4.07880592346191 4.08136415481567 4.08326148986816 4.08331823348999 4.08342742919922 4.08361911773682 4.08306217193604 4.0818190574646 4.08000469207764
-9999 -9999 -9999 -9999 -9999 19.9180526733398 20.038875579834 20.04762840271 20.2259635925293 20.8961372375488 20.9909706115723 18.8836498260498 15.6039133071899 10.0043001174927 6.75566148757935 6.21967744827271 5.75943470001221 5.35120725631714 4.84295845031738 4.29608774185181 4.15203428268433 4.07906532287598 4.07612085342407 4.0748348236084 4.07459402084351 4.07444477081299 4.07459020614624 4.07474136352539 4.07490158081055 4.07502746582031 4.07511758804321 4.07504177093506 4.07486486434937 4.07472658157349 4.07460117340088 4.07468032836914 4.07478427886963 4.07442665100098 4.07420063018799 4.07481718063354 4.0752477645874 4.07516098022461 4.07547855377197 4.0764217376709 4.07674884796143 4.07650947570801 4.07534170150757
-9999 -9999 -9999 -9999 20.1771278381348 20.0572624206543 19.9180526733398 20.2229919433594 20.5667915344238 21.1781120300293 20.9746150970459 17.6523475646973 13.894100189209 9.27317333221436 6.5065655708313 5.87955284118652 5.36255693435669 4.92111539840698 4.5479211807251 4.20108032226562 4.11608362197876 4.07729434967041 4.07573843002319 4.07504940032959 4.07479238510132 4.07468461990356 4.07505989074707 4.07538080215454 4.07560729980469 4.07574129104614 4.07577991485596 4.07565402984619 4.07542753219604 4.07525825500488 4.07510757446289 4.07506275177002 4.07503366470337 4.07513952255249 4.07525634765625 4.07544136047363 4.0755181312561 4.07529354095459 4.07533121109009 4.0757737159729 4.07575750350952 4.07531881332397 4.07487392425537
