Ecospace-environmental-drivers/Outputs/ASCII-for-ecospace/MOM6-ISIMIP3a/tob/1987-12_tob_MOM6-ISIMIP3a.asc
NCOLS 131 
NROWS 53 
XLLCORNER -98 
YLLCORNER 23.9265270233154 
CELLSIZE 0.133587792515755 
NODATA_value -9999 
[rows 21 to 41 of 53, columns 0 to 46 of 131]
-9999 -9999 -9999 -9999 -9999 -9999 20.2772693634033 20.2998294830322 20.3661289215088 20.4450302124023 20.3467712402344 19.9198741912842 20.061731338501 20.484281539917 20.8915672302246 21.2812385559082 21.6480693817139 21.9992141723633 22.4371528625488 22.9086074829102 23.0636425018311 23.1628398895264 23.161937713623 23.1474914550781 23.0384674072266 22.9422779083252 22.8877029418945 22.837121963501 22.7935047149658 22.7434234619141 22.6866893768311 22.6512699127197 22.628833770752 22.6235637664795 22.6240119934082 22.6128978729248 22.6001358032227 22.580883026123 22.5637340545654 22.5599746704102 22.5671062469482 22.6045532226562 22.6349277496338 22.654369354248 22.6967067718506 22.7600574493408 22.7208309173584
-9999 -9999 -9999 -9999 -9999 -9999 20.2775268554688 20.2772693634033 20.3223915100098 20.419828414917 20.4450302124023 20.6754112243652 21.0006847381592 21.5137233734131 21.9436511993408 22.2776775360107 22.5251121520996 22.7130794525146 22.7084541320801 22.6294631958008 21.8864479064941 21.0262546539307 20.7376079559326 20.4695644378662 20.2689170837402 20.1596965789795 20.3469161987305 20.5666790008545 20.8432350158691 21.1804904937744 21.5802021026611 21.8642330169678 22.0777931213379 22.21852684021 22.3349876403809 22.1058597564697 21.8259811401367 21.1309471130371 20.3831729888916 19.29953956604 18.5729866027832 18.8404541015625 18.9911994934082 18.9615535736084 19.0598316192627 19.275520324707 18.9880828857422
-9999 -9999 -9999 -9999 20.2898101806641 20.2886543273926 20.2701778411865 20.2851314544678 20.2772693634033 20.3675117492676 20.5895004272461 21.3157558441162 21.9862041473389 22.5462284088135 22.9297561645508 23.1096305847168 23.1365489959717 23.0584239959717 22.5653877258301 21.9121398925781 20.287805557251 18.4921035766602 17.9378604888916 17.4367923736572 17.1523036956787 17.0333194732666 17.4509773254395 17.9297924041748 18.5153388977051 19.2324752807617 20.085018157959 20.6990356445312 21.1677436828613 21.4842929840088 21.7501220703125 21.3102054595947 20.7665920257568 19.3674278259277 17.869873046875 15.7457494735718 14.3117952346802 14.7991056442261 15.064284324646 14.9861707687378 15.1355848312378 15.493824005127 14.9671573638916
-9999 -9999 -9999 -9999 20.2847423553467 20.3156642913818 20.3071308135986 20.2701778411865 20.3079490661621 20.7886638641357 21.3307609558105 22.1078052520752 22.7491397857666 23.121940612793 22.6009559631348 21.0486850738525 19.3315105438232 17.5010852813721 16.2649307250977 15.258246421814 14.1226463317871 12.9642963409424 12.865930557251 12.787712097168 12.6839752197266 12.6465673446655 12.8242263793945 13.0264196395874 13.271430015564 13.6930751800537 14.2964715957642 14.9573173522949 15.6531600952148 16.4148387908936 17.1984615325928 16.9408302307129 16.5298557281494 14.8081302642822 13.159462928772 11.9760427474976 11.1504821777344 11.3211154937744 11.3813209533691 11.270866394043 11.3021650314331 11.4635648727417 11.0717697143555
-9999 -9999 -9999 -9999 -9999 20.2847423553467 20.4006080627441 20.3440837860107 20.4650325775146 21.2718296051025 22.0659580230713 22.8115940093994 23.2403354644775 23.042028427124 21.5527954101562 18.5740394592285 15.5412092208862 12.4712438583374 10.7413921356201 9.52900695800781 8.83955001831055 8.24237442016602 8.50039386749268 8.7515115737915 8.78906917572021 8.8092565536499 8.77312278747559 8.74395275115967 8.72693538665771 8.91310405731201 9.30834865570068 9.98173904418945 10.8245735168457 11.8466958999634 12.9285793304443 12.8121871948242 12.5191774368286 10.696907043457 9.0689868927002 8.67875099182129 8.36756610870361 8.27643585205078 8.17203426361084 8.047119140625 7.97963047027588 7.96484613418579 7.69295167922974
-9999 -9999 -9999 -9999 -9999 20.5948333740234 20.2847423553467 20.7034320831299 21.1763591766357 22.0269145965576 22.7745704650879 23.1283798217773 22.5400218963623 20.0873851776123 17.350435256958 14.2854309082031 11.8155364990234 9.75432872772217 8.62441730499268 7.85411500930786 7.42405223846436 7.05403184890747 7.23219776153564 7.40261793136597 7.40845775604248 7.38109350204468 7.2460675239563 7.18397808074951 7.24916839599609 7.46302556991577 7.82985734939575 8.36546516418457 9.00389003753662 9.47666168212891 9.89421463012695 9.73909378051758 9.49971389770508 8.5503625869751 7.69675397872925 7.4528660774231 7.24380683898926 7.13170337677002 7.03968811035156 6.97871685028076 6.89718580245972 6.7967848777771 6.5791449546814
-9999 -9999 21.2425155639648 21.1738052368164 21.1107234954834 20.9052925109863 20.5944671630859 21.2306022644043 21.9254245758057 22.723991394043 23.2921543121338 22.9784278869629 21.3902168273926 17.280158996582 13.7481269836426 10.8830480575562 8.9512414932251 7.66035461425781 6.97501945495605 6.52350997924805 6.29509544372559 6.10605096817017 6.21172666549683 6.31161832809448 6.30953454971313 6.26459169387817 6.08068132400513 6.00196504592896 6.10681962966919 6.33678817749023 6.69549512863159 7.09203720092773 7.51162815093994 7.58817768096924 7.55038070678711 7.36864805221558 7.16620445251465 6.85007095336914 6.55808067321777 6.41983938217163 6.28086376190186 6.1398458480835 6.04030179977417 6.00485229492188 5.91690015792847 5.78076171875 5.62160968780518
-9999.000000000000000 -9999 -9999 -9999 21.5053977966309 21.3161544799805 21.5055046081543 22.1239337921143 22.7568264007568 23.2945022583008 23.3929328918457 21.8101272583008 19.2596874237061 14.7945690155029 11.4550457000732 9.41427993774414 7.96635055541992 6.9255485534668 6.34580230712891 5.94408750534058 5.79132986068726 5.68250513076782 5.73175430297852 5.78330707550049 5.82521486282349 5.82808971405029 5.7044038772583 5.64460706710815 5.69630336761475 5.91712474822998 6.31197214126587 6.56664896011353 6.73593425750732 6.75036668777466 6.71318197250366 6.53127908706665 6.32934665679932 6.12343883514404 5.92899990081787 5.80760145187378 5.6687970161438 5.48154020309448 5.33101463317871 5.23725366592407 5.15950965881348 5.09646463394165 5.0050368309021
-9999 -9999 -9999 -9999 22.0210742950439 22.2947463989258 22.2001991271973 22.7246952056885 23.2660102844238 23.6225185394287 23.3057079315186 20.4117259979248 17.037576675415 12.7133131027222 9.71303462982178 8.24042797088623 7.16120386123657 6.35213327407837 5.84497785568237 5.45440292358398 5.33664274215698 5.2670259475708 5.29152584075928 5.32382440567017 5.40393877029419 5.45092964172363 5.3905200958252 5.3568263053894 5.36975479125977 5.54689645767212 5.89301061630249 6.02385139465332 6.02355051040649 6.0007472038269 5.97044372558594 5.81907415390015 5.65119457244873 5.51422214508057 5.38174247741699 5.27787590026855 5.15284395217896 4.96889162063599 4.81896686553955 4.72162771224976 4.66515779495239 4.6461968421936 4.59690380096436
-9999 -9999 -9999 -9999 22.37353515625 22.4523220062256 22.5496082305908 22.9573745727539 23.3698177337646 23.6454582214355 22.9819602966309 18.723840713501 14.7002534866333 11.140739440918 8.66431427001953 7.4376049041748 6.58219051361084 5.98176097869873 5.50568103790283 5.07761669158936 4.94370174407959 4.86169528961182 4.90129804611206 4.95093297958374 5.06197643280029 5.14842653274536 5.15513324737549 5.15657901763916 5.14884471893311 5.23886203765869 5.42946338653564 5.45915269851685 5.39081573486328 5.36208057403564 5.34654521942139 5.26433563232422 5.17270708084106 5.05272436141968 4.93742561340332 4.85195827484131 4.75780868530273 4.63949203491211 4.55506229400635 4.52300310134888 4.50173044204712 4.4903564453125 4.45100450515747
-9999 -9999 -9999 -9999 22.4523220062256 22.5700874328613 22.7083301544189 23.0279369354248 23.3592147827148 23.6300983428955 22.8939514160156 18.3033142089844 14.0358572006226 10.4078855514526 7.95175170898438 6.84773397445679 6.10731363296509 5.61659145355225 5.20593595504761 4.82619714736938 4.69893836975098 4.61623430252075 4.65897703170776 4.71228551864624 4.83074760437012 4.93038749694824 4.96899700164795 4.98950719833374 4.97843265533447 5.00458288192749 5.06903648376465 5.04775333404541 4.97424030303955 4.93864154815674 4.91568040847778 4.876549243927 4.83479261398315 4.73878622055054 4.64740085601807 4.58544445037842 4.52172803878784 4.4531135559082 4.40932035446167 4.40388822555542 4.39671182632446 4.38793420791626 4.35347986221313
-9999 -9999 -9999 -9999 22.5769138336182 22.7083301544189 22.9371776580811 22.9769077301025 23.2628040313721 23.5860137939453 22.9827442169189 18.8333168029785 14.6261739730835 10.3048315048218 7.49131107330322 6.41757965087891 5.71054029464722 5.2553243637085 4.93585586547852 4.66880416870117 4.56530904769897 4.49067687988281 4.52758741378784 4.57432222366333 4.68256950378418 4.77569723129272 4.81979942321777 4.84731721878052 4.8458948135376 4.82562112808228 4.78595066070557 4.75132989883423 4.71978569030762 4.67662572860718 4.62959289550781 4.61397838592529 4.60230922698975 4.53551959991455 4.47309684753418 4.43848514556885 4.40486431121826 4.37400245666504 4.35220193862915 4.34440612792969 4.33550071716309 4.3255763053894 4.292236328125
-9999 -9999 -9999 -9999 22.7083301544189 22.8721923828125 22.9803886413574 23.0355377197266 23.0923881530762 23.5051097869873 23.1696853637695 19.9706764221191 16.0401592254639 10.6621913909912 7.30370330810547 6.27537727355957 5.58867597579956 5.13658332824707 4.83586454391479 4.59359693527222 4.4960618019104 4.42406749725342 4.43547010421753 4.45200824737549 4.49612522125244 4.53887557983398 4.57719278335571 4.60929584503174 4.63055324554443 4.62533807754517 4.59288263320923 4.56376647949219 4.5366849899292 4.48924970626831 4.43503046035767 4.43563985824585 4.4435567855835 4.41395950317383 4.38486528396606 4.35897254943848 4.33399105072021 4.31154584884644 4.29493141174316 4.28732872009277 4.27755451202393 4.26578712463379 4.24061012268066
-9999 -9999 -9999 -9999 -9999 22.8442573547363 22.8628749847412 22.9287223815918 22.8902530670166 23.4084243774414 23.3986873626709 21.368335723877 17.8071517944336 11.2168750762939 7.23302602767944 6.25658512115479 5.58463191986084 5.12178373336792 4.80877017974854 4.55361366271973 4.45440769195557 4.38272190093994 4.36018419265747 4.33640146255493 4.29328107833862 4.26685428619385 4.29455375671387 4.33020257949829 4.37972402572632 4.41591691970825 4.43839454650879 4.42285823822021 4.38416385650635 4.33386325836182 4.27969408035278 4.29340124130249 4.31640338897705 4.32741737365723 4.33352279663086 4.30836582183838 4.28282785415649 4.25622653961182 4.23759603500366 4.23128223419189 4.22100782394409 4.20709848403931 4.19310569763184
-9999 -9999 -9999 -9999 -9999 22.6971874237061 22.6895084381104 22.6243629455566 22.684513092041 23.3060035705566 23.4886093139648 21.9913482666016 18.618221282959 11.5332870483398 7.29481840133667 6.34072542190552 5.68015623092651 5.22116279602051 4.85939884185791 4.53517866134644 4.40692138671875 4.31324577331543 4.27426052093506 4.23586130142212 4.19236421585083 4.1633472442627 4.18128061294556 4.2054705619812 4.24057865142822 4.27114057540894 4.29702425003052 4.2899341583252 4.26275730133057 4.22639274597168 4.18696641921997 4.20026397705078 4.22084903717041 4.24148178100586 4.25761890411377 4.24512481689453 4.23033714294434 4.20916604995728 4.19497680664062 4.19157886505127 4.18356084823608 4.17130279541016 4.1613974571228
-9999 -9999 -9999 -9999 -9999 22.5993251800537 22.539176940918 22.5154399871826 22.47802734375 23.2023963928223 23.5497550964355 22.4540824890137 19.2315101623535 11.8003997802734 7.38401937484741 6.44616270065308 5.79628133773804 5.34416532516479 4.92610788345337 4.52120208740234 4.35822868347168 4.23794937133789 4.1861367225647 4.13843822479248 4.11253643035889 4.09470653533936 4.10304927825928 4.11267566680908 4.12454128265381 4.13973951339722 4.15836763381958 4.15866184234619 4.14778757095337 4.12883615493774 4.1071925163269 4.11728572845459 4.13183164596558 4.1556715965271 4.17663335800171 4.17926931381226 4.17757225036621 4.16381406784058 4.15540313720703 4.15525674819946 4.15006542205811 4.14024353027344 4.13295745849609
-9999 -9999 -9999 -9999 -9999 -9999 22.5692882537842 22.4777278900146 22.5364017486572 23.2738285064697 23.5713710784912 22.1852226257324 18.8626956939697 11.7086143493652 7.47540235519409 6.6124153137207 5.96940946578979 5.47747373580933 4.9779052734375 4.47538948059082 4.29353189468384 4.16826009750366 4.13434171676636 4.10448598861694 4.09181833267212 4.08304977416992 4.0869255065918 4.09137678146362 4.09683275222778 4.10410690307617 4.11325263977051 4.11364984512329 4.108717918396 4.09995746612549 4.08992052078247 4.09489965438843 4.10200119018555 4.1157112121582 4.1280403137207 4.13157320022583 4.13255834579468 4.12644958496094 4.12245941162109 4.12174320220947 4.1181468963623 4.1119065284729 4.10706949234009
-9999 -9999 -9999 -9999 -9999 -9999 22.6936511993408 22.7146949768066 22.6291408538818 23.3643131256104 23.5825595855713 21.8222408294678 18.3632774353027 11.5431728363037 7.52815771102905 6.7497763633728 6.12192583084106 5.59745168685913 5.02266454696655 4.42844915390015 4.23100805282593 4.10358572006226 4.08788776397705 4.07597970962524 4.07526206970215 4.07471466064453 4.07471990585327 4.07482290267944 4.07509517669678 4.07541608810425 4.07578563690186 4.07597255706787 4.07604789733887 4.07629776000977 4.07660579681396 4.07682418823242 4.07705497741699 4.08075904846191 4.08445358276367 4.08808517456055 4.09100437164307 4.09193897247314 4.09196424484253 4.09058380126953 4.08845901489258 4.08565139770508 4.08312606811523
-9999 -9999 -9999 -9999 -9999 -9999 22.8487682342529 22.8885307312012 22.9619445800781 23.5744209289551 23.5014228820801 20.8047103881836 16.9398307800293 10.7634763717651 7.16782283782959 6.54989242553711 6.02735042572021 5.57031536102295 4.99947118759155 4.38468074798584 4.19931221008301 4.08972406387329 4.08105230331421 4.0752420425415 4.07486534118652 4.07459020614624 4.07464504241943 4.07472896575928 4.07486248016357 4.075026512146 4.07522201538086 4.07533073425293 4.07538652420044 4.07550573348999 4.0756459236145 4.07578706741333 4.07593679428101 4.07732200622559 4.07879257202148 4.08080625534058 4.08265781402588 4.08406019210815 4.08442687988281 4.08319473266602 4.08181524276733 4.08030080795288 4.07870292663574
-9999 -9999 -9999 -9999 -9999 22.6118412017822 22.8948860168457 22.9430809020996 23.3011150360107 23.7689094543457 23.3771419525146 19.6953411102295 15.4244070053101 9.98774433135986 6.83351135253906 6.31284475326538 5.85840606689453 5.44944953918457 4.91237497329712 4.32582950592041 4.16463184356689 4.07849550247192 4.07563734054565 4.07470083236694 4.07458257675171 4.07452249526978 4.07465267181396 4.07475280761719 4.07480001449585 4.07485342025757 4.07491302490234 4.07495594024658 4.0749888420105 4.07500267028809 4.07501029968262 4.07506513595581 4.07512331008911 4.07476091384888 4.07453966140747 4.07521295547485 4.07611608505249 4.0776572227478 4.07818222045898 4.07713747024536 4.07638502120972 4.07589960098267 4.07515716552734
-9999 -9999 -9999 -9999 22.1789855957031 22.5153255462646 22.6118412017822 23.1360931396484 23.6636295318604 23.9061126708984 23.0946655273438 18.2492237091064 13.5717267990112 9.22654342651367 6.59461832046509 5.93952512741089 5.41677236557007 4.98490428924561 4.59096574783325 4.21167373657227 4.11900758743286 4.07692193984985 4.0754337310791 4.07488107681274 4.0747184753418 4.07466411590576 4.07496213912964 4.07520771026611 4.07536220550537 4.07547283172607 4.07553815841675 4.07556056976318 4.07555723190308 4.07555866241455 4.0755615234375 4.0754976272583 4.0754246711731 4.07541179656982 4.07544851303101 4.07580327987671 4.07618999481201 4.07666730880737 4.0766773223877 4.07596588134766 4.07540321350098 4.0749773979187 4.07482957839966
