Ecospace-environmental-drivers/Outputs/ASCII-for-ecospace/MOM6-ISIMIP3a/tob/1988-08_tob_MOM6-ISIMIP3a.asc
NCOLS 131 
NROWS 53 
XLLCORNER -98 
YLLCORNER 23.9265270233154 
CELLSIZE 0.133587792515755 
NODATA_value -9999 
[rows 21 to 41 of 53, columns 47 to 93 of 131]
22.3648567199707 22.225004196167 22.0755462646484 22.1934928894043 22.3063297271729 21.5422992706299 20.8572521209717 20.5739822387695 19.7693023681641 17.7056217193604 16.170129776001 15.3597707748413 13.7271318435669 11.421727180481 9.4829740524292 7.71789693832397 6.89615297317505 6.29980373382568 6.07360124588013 5.85025310516357 5.29833841323853 4.80670738220215 4.56737089157104 4.38014459609985 4.3029260635376 4.23641109466553 4.18297863006592 4.14846706390381 4.12773704528809 4.11833000183105 4.11361217498779 4.11553239822388 4.1187572479248 4.17116117477417 4.22828769683838 4.31375885009766 4.45807123184204 4.80927276611328 5.17658472061157 5.57381534576416 6.12396287918091 6.84071826934814 7.50325441360474 8.13070774078369 9.03895664215088 10.0480728149414 11.295108795166
18.3030853271484 18.0051651000977 17.7866992950439 17.7633895874023 17.7327175140381 16.9640312194824 16.2289028167725 15.6644678115845 14.8420629501343 13.3967628479004 12.3692293167114 11.9152326583862 10.9026794433594 9.43312931060791 8.18365383148193 7.03842306137085 6.39430093765259 5.86991024017334 5.64902591705322 5.43801116943359 5.06716108322144 4.72613668441772 4.50993680953979 4.33899641036987 4.26360321044922 4.20245218276978 4.1587085723877 4.13175296783447 4.11702585220337 4.10933780670166 4.10456418991089 4.10197973251343 4.09982585906982 4.11799383163452 4.13862276077271 4.17594242095947 4.24247550964355 4.41172409057617 4.59960889816284 4.82210254669189 5.14111518859863 5.56528854370117 5.9755425453186 6.37679052352905 7.26415109634399 8.32613182067871 9.49359321594238
13.9956912994385 13.5564002990723 13.2867450714111 13.1297101974487 12.9638633728027 12.2488613128662 11.516505241394 10.6958656311035 9.90121650695801 9.16932392120361 8.70638275146484 8.61267852783203 8.18911933898926 7.49568176269531 6.90953254699707 6.37420272827148 5.93579483032227 5.52054452896118 5.28818511962891 5.06931304931641 4.86387157440186 4.66008138656616 4.4632043838501 4.30520153045654 4.22926616668701 4.17149877548218 4.13593673706055 4.1158971786499 4.10716390609741 4.10110950469971 4.09616422653198 4.09231662750244 4.08868503570557 4.08762168884277 4.08682823181152 4.08774089813232 4.08978652954102 4.09581422805786 4.11903953552246 4.17420291900635 4.26411437988281 4.39188528060913 4.55116319656372 4.73082733154297 5.57825946807861 6.66556310653687 7.76657962799072
10.3758249282837 10.0859937667847 9.93568229675293 9.7905969619751 9.63651466369629 9.22510051727295 8.81331920623779 8.39966773986816 7.99912643432617 7.63024044036865 7.37533283233643 7.27690124511719 7.02655220031738 6.6519079208374 6.23928689956665 5.80867767333984 5.45297431945801 5.11516809463501 4.94974040985107 4.79646825790405 4.64775085449219 4.50839805603027 4.40823888778687 4.31308221817017 4.22848653793335 4.16658639907837 4.13242435455322 4.11255931854248 4.10310697555542 4.0970778465271 4.09246635437012 4.08898019790649 4.08571529388428 4.08544778823853 4.08537101745605 4.08607196807861 4.08731603622437 4.09046936035156 4.10122728347778 4.12610912322998 4.16673374176025 4.22451066970825 4.29838180541992 4.38266611099243 4.79860639572144 5.33368253707886 6.56300497055054
7.24759721755981 7.07564973831177 7.00703144073486 6.87429475784302 6.7350378036499 6.59693956375122 6.47135210037231 6.40940570831299 6.34598398208618 6.27899980545044 6.19875526428223 6.10030555725098 5.98296499252319 5.85016775131226 5.58496189117432 5.25703620910645 4.98738145828247 4.73164987564087 4.63519382476807 4.54906845092773 4.45404243469238 4.37270879745483 4.34867715835571 4.3054084777832 4.22152805328369 4.16085147857666 4.12853527069092 4.10922002792358 4.09937429428101 4.09349584579468 4.08926010131836 4.08615970611572 4.08328199386597 4.08365249633789 4.084144115448 4.084641456604 4.08520746231079 4.08601522445679 4.0866436958313 4.08693838119507 4.08738040924072 4.08798313140869 4.09177541732788 4.09763145446777 4.15579891204834 4.23275661468506 5.47299718856812
6.27506399154663 6.08254909515381 5.93053722381592 5.81190299987793 5.70088863372803 5.70336961746216 5.71322393417358 5.76058530807495 5.78440856933594 5.75139570236206 5.69949865341187 5.62167501449585 5.46107006072998 5.2327356338501 5.00044059753418 4.76626920700073 4.597327709198 4.44397211074829 4.42543125152588 4.41323614120483 4.35860633850098 4.30714797973633 4.2689642906189 4.22953462600708 4.18747568130493 4.15151023864746 4.12299251556396 4.10587549209595 4.0970630645752 4.09188461303711 4.08821058273315 4.08560085296631 4.08320093154907 4.08351707458496 4.08392572402954 4.08425569534302 4.08468675613403 4.08547019958496 4.08621549606323 4.08688926696777 4.0870680809021 4.08670806884766 4.08763408660889 4.08939123153687 4.11301898956299 4.14450263977051 4.88095092773438
5.44600677490234 5.25822162628174 5.06577587127686 4.97790241241455 4.9065465927124 4.99214220046997 5.08226156234741 5.19539070129395 5.27114534378052 5.2566556930542 5.21582841873169 5.13884258270264 4.96392154693604 4.70887231826782 4.52993679046631 4.38705492019653 4.3021821975708 4.2311692237854 4.26056241989136 4.29310321807861 4.27106857299805 4.24517726898193 4.20314693450928 4.17006778717041 4.15588474273682 4.13787508010864 4.11518812179565 4.10155439376831 4.09451532363892 4.09040927886963 4.08751821517944 4.08530712127686 4.08322954177856 4.08344221115112 4.08373117446899 4.08393955230713 4.08426952362061 4.08502721786499 4.08582830429077 4.08671045303345 4.0865683555603 4.08531045913696 4.08425760269165 4.08333683013916 4.08329391479492 4.08356666564941 4.41026449203491
4.92999315261841 4.80213260650635 4.66298532485962 4.64221954345703 4.63542747497559 4.67875957489014 4.72875642776489 4.8126540184021 4.86329174041748 4.83362054824829 4.76616668701172 4.64684343338013 4.52076578140259 4.38916206359863 4.30820226669312 4.25123167037964 4.21411085128784 4.18173265457153 4.19364547729492 4.20722436904907 4.20076513290405 4.19104051589966 4.167649269104 4.14639806747437 4.12966394424438 4.11487102508545 4.10244989395142 4.09510231018066 4.09145069122314 4.08923149108887 4.08760595321655 4.08559036254883 4.08349800109863 4.08349943161011 4.08358812332153 4.08377361297607 4.08407926559448 4.0848069190979 4.08553123474121 4.08624839782715 4.08565902709961 4.08364486694336 4.08255052566528 4.08205080032349 4.08205223083496 4.08223390579224 4.20436906814575
4.57867002487183 4.50122499465942 4.41333150863647 4.42954635620117 4.45576906204224 4.46449327468872 4.48015832901001 4.53113269805908 4.55328512191772 4.50584506988525 4.42943572998047 4.31325626373291 4.23510408401489 4.18806505203247 4.1675181388855 4.15952014923096 4.15134191513062 4.14312076568604 4.14674282073975 4.15110969543457 4.1544713973999 4.15494060516357 4.14330625534058 4.12984228134155 4.11251497268677 4.1002459526062 4.09416007995605 4.09079456329346 4.08941125869751 4.08849906921387 4.08778142929077 4.08584403991699 4.08366727828979 4.08346748352051 4.08337497711182 4.08360815048218 4.0839581489563 4.08471775054932 4.08541917800903 4.08601140975952 4.08516931533813 4.08276414871216 4.08159255981445 4.08121871948242 4.08123683929443 4.08139562606812 4.08767986297607
4.43454217910767 4.39554834365845 4.35633659362793 4.37162971496582 4.39117622375488 4.37492275238037 4.36354207992554 4.3769474029541 4.36637687683105 4.29791498184204 4.23478126525879 4.17896366119385 4.14758157730103 4.1361927986145 4.12880229949951 4.1233057975769 4.12040615081787 4.11812686920166 4.12502002716064 4.13244152069092 4.13838386535645 4.14153337478638 4.13299703598022 4.1222357749939 4.10677814483643 4.09616327285767 4.09146642684937 4.08918476104736 4.08866214752197 4.08832597732544 4.08806705474854 4.08606052398682 4.08371067047119 4.08332395553589 4.08307313919067 4.0834436416626 4.08392429351807 4.08479404449463 4.08554029464722 4.08605718612671 4.08520793914795 4.0828709602356 4.08157730102539 4.0809588432312 4.08095836639404 4.08118009567261 4.08321857452393
4.33918428421021 4.3178653717041 4.30025863647461 4.31370306015015 4.32867813110352 4.29915809631348 4.27310800552368 4.26470899581909 4.24038505554199 4.17760753631592 4.13221073150635 4.1106743812561 4.10262393951416 4.10560703277588 4.10423994064331 4.10081148147583 4.10087871551514 4.10178136825562 4.10919952392578 4.11704778671265 4.12463426589966 4.12957048416138 4.12341499328613 4.11517095565796 4.10251760482788 4.09389352798462 4.0901951789856 4.08850860595703 4.08828783035278 4.08799123764038 4.0876636505127 4.08576393127441 4.08355474472046 4.0831618309021 4.08291053771973 4.08338689804077 4.08395290374756 4.08483457565308 4.08556652069092 4.08602046966553 4.08530855178833 4.08332538604736 4.08190155029297 4.08083915710449 4.08073425292969 4.08097267150879 4.08123111724854
4.28040409088135 4.2611780166626 4.24486780166626 4.25576877593994 4.26775169372559 4.2337474822998 4.20231056213379 4.18393135070801 4.160080909729 4.12301874160767 4.09870338439941 4.09188795089722 4.08958959579468 4.09098672866821 4.09029293060303 4.0886082649231 4.08990859985352 4.09192228317261 4.09780693054199 4.10411024093628 4.11263847351074 4.11869096755981 4.11437845230103 4.10851144790649 4.09936380386353 4.09298467636108 4.08998966217041 4.08853244781494 4.08819484710693 4.0875358581543 4.08674383163452 4.08508157730103 4.08324861526489 4.08298587799072 4.08285188674927 4.08341073989868 4.0840277671814 4.08484745025635 4.08552122116089 4.08592224121094 4.0854549407959 4.08404064178467 4.08248043060303 4.0808253288269 4.08055019378662 4.08077096939087 4.08109903335571
4.23128509521484 4.21545219421387 4.20152521133423 4.20617914199829 4.21139049530029 4.18030977249146 4.15138053894043 4.13339853286743 4.1151876449585 4.09642553329468 4.08501195907593 4.08368825912476 4.08353185653687 4.08433151245117 4.08417081832886 4.08355522155762 4.0849142074585 4.08674478530884 4.09113264083862 4.09584903717041 4.10279607772827 4.10803318023682 4.10611391067505 4.10285520553589 4.09676885604858 4.09223699569702 4.08960580825806 4.08806800842285 4.08732748031616 4.08637142181396 4.08532571792603 4.08424377441406 4.08315467834473 4.08308172225952 4.08309078216553 4.08353519439697 4.08402252197266 4.08466100692749 4.08521509170532 4.08561325073242 4.0852632522583 4.08409833908081 4.08255100250244 4.08075666427612 4.08044767379761 4.08067226409912 4.08098459243774
4.18630695343018 4.17442464828491 4.16334581375122 4.16016530990601 4.15698575973511 4.13200283050537 4.10896587371826 4.09582757949829 4.08547067642212 4.0818305015564 4.0798134803772 4.0800256729126 4.0804648399353 4.08108997344971 4.08140277862549 4.08156728744507 4.08248138427734 4.0835747718811 4.08648061752319 4.08959245681763 4.09387636184692 4.09747123718262 4.09818077087402 4.09762859344482 4.09441328048706 4.0915584564209 4.08914470672607 4.08739519119263 4.0861291885376 4.08490324020386 4.08369398117065 4.08333873748779 4.08315181732178 4.08329439163208 4.08345746994019 4.0837025642395 4.08398342132568 4.08438873291016 4.08479785919189 4.08521318435669 4.08492612838745 4.0838737487793 4.08240413665771 4.08066463470459 4.08037996292114 4.08061742782593 4.08087778091431
4.16597414016724 4.1501727104187 4.13228845596313 4.12720680236816 4.12294483184814 4.10541725158691 4.08964729309082 4.08281898498535 4.07786464691162 4.07743406295776 4.07736921310425 4.07780742645264 4.07833671569824 4.078941822052 4.07980108261108 4.08078193664551 4.08169221878052 4.08258581161499 4.08463573455811 4.08679294586182 4.0893497467041 4.09171104431152 4.09325456619263 4.09375286102295 4.09204339981079 4.09022283554077 4.08826684951782 4.08669281005859 4.0853967666626 4.08442449569702 4.08358526229858 4.08348178863525 4.08352327346802 4.08370351791382 4.08388519287109 4.08402919769287 4.08419227600098 4.08442497253418 4.08461856842041 4.08473968505859 4.08418750762939 4.08290147781372 4.081711769104 4.08058452606201 4.08043146133423 4.08062887191772 4.0808310508728
4.15074110031128 4.12939167022705 4.10270500183105 4.0969500541687 4.09311676025391 4.08332490921021 4.07510709762573 4.07489252090454 4.07483291625977 4.07514762878418 4.07549524307251 4.07588768005371 4.07640314102173 4.07701921463013 4.07844114303589 4.08024501800537 4.08124303817749 4.08204793930054 4.08337163925171 4.08470916748047 4.08573198318481 4.08694458007812 4.08895111083984 4.09015655517578 4.08967065811157 4.08875179290771 4.08730316162109 4.08598470687866 4.08476161956787 4.0841498374939 4.08379220962524 4.08384227752686 4.08397245407104 4.08415365219116 4.08432531356812 4.084388256073 4.08445310592651 4.08452463150024 4.08448839187622 4.08425092697144 4.08336591720581 4.08177471160889 4.08090686798096 4.08050632476807 4.0805082321167 4.08065414428711 4.08079719543457
4.11948204040527 4.10542726516724 4.08789968490601 4.08467817306519 4.08282089233398 4.07827091217041 4.07446241378784 4.07442569732666 4.07440042495728 4.07440423965454 4.07453346252441 4.0748348236084 4.07514476776123 4.07546138763428 4.07653474807739 4.07796621322632 4.07893896102905 4.0798020362854 4.08090305328369 4.08203411102295 4.0833625793457 4.08470821380615 4.08612489700317 4.08708953857422 4.08709955215454 4.08679485321045 4.08610582351685 4.08538484573364 4.08464097976685 4.0841236114502 4.08369970321655 4.08326292037964 4.08282327651978 4.08294105529785 4.08306121826172 4.08300542831421 4.08295631408691 4.08293104171753 4.08290243148804 4.08286619186401 4.08246421813965 4.08166360855103 4.08097362518311 4.08035564422607 4.08029413223267 4.0804328918457 4.08060169219971
4.08951139450073 4.08296537399292 4.07495546340942 4.07421541213989 4.07422494888306 4.07437610626221 4.07447862625122 4.07433605194092 4.0741400718689 4.07381582260132 4.07370662689209 4.07389163970947 4.07399797439575 4.07403993606567 4.07473564147949 4.07574033737183 4.07665824890137 4.07755613327026 4.0784478187561 4.07938718795776 4.08101892471313 4.0824933052063 4.08330631256104 4.08400058746338 4.08444261550903 4.08470487594604 4.08474683761597 4.08461618423462 4.08435869216919 4.08394432067871 4.0834641456604 4.08259534835815 4.08164978027344 4.08166790008545 4.08170557022095 4.08158349990845 4.08146476745605 4.08135604858398 4.08133840560913 4.08149003982544 4.08155155181885 4.08151578903198 4.08100509643555 4.08018684387207 4.08007478713989 4.08021545410156 4.08041381835938
4.08093643188477 4.07805252075195 4.07480573654175 4.074462890625 4.07442855834961 4.07470655441284 4.07490682601929 4.07471036911011 4.0744743347168 4.074143409729 4.07387685775757 4.07369995117188 4.0737190246582 4.07389974594116 4.07434415817261 4.07491397857666 4.07551336288452 4.07611989974976 4.07671022415161 4.07732725143433 4.07836008071899 4.07930278778076 4.07986831665039 4.08042573928833 4.08096647262573 4.08142185211182 4.08177185058594 4.08198928833008 4.0821099281311 4.08201885223389 4.08184003829956 4.0814323425293 4.08097982406616 4.08054447174072 4.08018684387207 4.08058166503906 4.08087062835693 4.08078908920288 4.08070945739746 4.08063316345215 4.08055925369263 4.08048868179321 4.08023500442505 4.07986307144165 4.07993364334106 4.080162525177 4.08038425445557
4.07427358627319 4.07424354553223 4.07464122772217 4.07467555999756 4.07468366622925 4.07500171661377 4.07522106170654 4.07493925094604 4.07464265823364 4.07431173324585 4.07393980026245 4.0735125541687 4.07346391677856 4.07372570037842 4.07394647598267 4.07414770126343 4.07445812225342 4.07479429244995 4.07512187957764 4.0754599571228 4.07595443725586 4.07641983032227 4.0767617225647 4.07718086242676 4.07776260375977 4.07834100723267 4.07891464233398 4.07940721511841 4.07984066009521 4.08005857467651 4.08018732070923 4.08020401000977 4.08019924163818 4.07952499389648 4.07896041870117 4.07970142364502 4.08027505874634 4.08026075363159 4.08017015457153 4.07993841171265 4.07977151870728 4.07967472076416 4.07962989807129 4.07961797714233 4.07983732223511 4.08014011383057 4.08037662506104
4.074622631073 4.07448291778564 4.0744252204895 4.07476234436035 4.07512760162354 4.07516574859619 4.07511854171753 4.07463407516479 4.07420206069946 4.07389736175537 4.07360887527466 4.07334232330322 4.07329559326172 4.0734281539917 4.0735239982605 4.07360315322876 4.07373189926147 4.07387256622314 4.07408380508423 4.0742974281311 4.0744776725769 4.0746636390686 4.07487297058105 4.07514667510986 4.07555675506592 4.07600164413452 4.07648944854736 4.07698917388916 4.0774974822998 4.0779709815979 4.07843065261841 4.07873773574829 4.07901477813721 4.07888889312744 4.07880353927612 4.07926750183105 4.07967281341553 4.0798716545105 4.07995891571045 4.0798397064209 4.07973384857178 4.07964324951172 4.0796275138855 4.07965993881226 4.07990646362305 4.08022928237915 4.0804500579834
