Ecospace-environmental-drivers/Outputs/ASCII-for-ecospace/MOM6-ISIMIP3a/tob/1988-01_tob_MOM6-ISIMIP3a.asc
NCOLS 131 
NROWS 53 
XLLCORNER -98 
YLLCORNER 23.9265270233154 
CELLSIZE 0.133587792515755 
NODATA_value -9999 
[rows 21 to 41 of 53, columns 0 to 46 of 131]
-9999 -9999 -9999 -9999 -9999 -9999 16.2942428588867 16.3157234191895 16.3717384338379 16.4294776916504 16.2461528778076 15.7049293518066 15.8921089172363 16.4496650695801 16.8911266326904 17.1986331939697 17.6181621551514 18.1146221160889 18.396900177002 18.5964756011963 19.0076179504395 19.4560966491699 19.7776126861572 20.0630893707275 20.0714130401611 20.0896968841553 20.1402740478516 20.1867408752441 20.2260341644287 20.2377052307129 20.2209568023682 20.2426128387451 20.2876625061035 20.390193939209 20.5118885040283 20.6037063598633 20.6912078857422 20.7524509429932 20.809419631958 20.8391532897949 20.8686237335205 20.8973617553711 20.9246921539307 20.9498481750488 20.9842166900635 21.027042388916 21.0777854919434
-9999 -9999 -9999 -9999 -9999 -9999 16.2957305908203 16.2942428588867 16.3372039794922 16.4260292053223 16.4294776916504 16.6040496826172 16.9658756256104 17.6982231140137 18.276538848877 18.6771202087402 19.1270160675049 19.6107749938965 19.7737045288086 19.8127498626709 19.2595672607422 18.6018772125244 18.5211906433105 18.4484024047852 18.3361396789551 18.3130474090576 18.5790824890137 18.8631649017334 19.1787433624268 19.7093029022217 20.4610710144043 20.8291568756104 20.9635047912598 21.0794620513916 21.1892890930176 21.1298828125 21.0418109893799 20.220458984375 19.3594856262207 18.2461929321289 17.4875431060791 17.7161293029785 17.8333835601807 17.7785778045654 17.8703632354736 18.0966949462891 17.9546680450439
-9999 -9999 -9999 -9999 16.3488216400146 16.3226928710938 16.2874927520752 16.305456161499 16.2942428588867 16.380163192749 16.6002292633057 17.33376121521 18.1162586212158 18.9956531524658 19.6667251586914 20.0974292755127 20.4704666137695 20.8038997650146 20.7872867584229 20.6355113983154 19.1201095581055 17.3640727996826 16.8926029205322 16.4731063842773 16.2523345947266 16.1955375671387 16.6704139709473 17.1838150024414 17.7644424438477 18.7991790771484 20.3011837005615 21.0220413208008 21.2670307159424 21.422399520874 21.5478935241699 21.3408260345459 21.0773429870605 19.3612422943115 17.5783252716064 15.3698921203613 13.8553380966187 14.2723760604858 14.4734125137329 14.3406314849854 14.4872627258301 14.8903388977051 14.5563888549805
-9999 -9999 -9999 -9999 16.3986968994141 16.3864040374756 16.3578948974609 16.2874927520752 16.3346328735352 16.9345951080322 17.5919437408447 18.4689407348633 19.3430633544922 20.2114906311035 20.3640670776367 19.6906623840332 18.3391437530518 16.5219383239746 15.5141220092773 14.8188419342041 13.6848773956299 12.4734973907471 12.3431119918823 12.2412986755371 12.1803340911865 12.1909122467041 12.433464050293 12.6826801300049 12.9435262680054 13.5198822021484 14.4208927154541 15.1097421646118 15.6693449020386 16.2611637115479 16.8637237548828 16.7116680145264 16.4444770812988 14.6704635620117 12.9767389297485 11.7943201065063 10.9578628540039 11.0844755172729 11.1007986068726 10.9466772079468 10.9703607559204 11.1572332382202 10.8732633590698
-9999 -9999 -9999 -9999 -9999 16.3986968994141 16.5015335083008 16.428295135498 16.5374488830566 17.5612831115723 18.5744323730469 19.5466842651367 20.3625373840332 20.86891746521 20.3251399993896 18.5696411132812 15.8731241226196 12.5303678512573 10.8267135620117 9.75597858428955 8.9846019744873 8.26605319976807 8.40723419189453 8.55703639984131 8.62181949615479 8.67726707458496 8.70244312286377 8.72397708892822 8.73915386199951 8.94513416290283 9.34744930267334 9.98619747161865 10.7689809799194 11.6289701461792 12.5146951675415 12.4044008255005 12.1462802886963 10.4754514694214 8.98660182952881 8.65665912628174 8.38384342193604 8.27005863189697 8.13969707489014 7.98371934890747 7.90749883651733 7.90447950363159 7.66874074935913
-9999 -9999 -9999 -9999 -9999 16.616231918335 16.3986968994141 16.8916492462158 17.4524612426758 18.5047931671143 19.5164756774902 20.3725738525391 20.4729251861572 19.0778656005859 17.0578784942627 14.3168239593506 11.9395446777344 9.81208515167236 8.70769023895264 7.9983377456665 7.50691223144531 7.0539436340332 7.1618709564209 7.27361345291138 7.31480073928833 7.3164267539978 7.18977832794189 7.1436824798584 7.23815727233887 7.45964050292969 7.81181240081787 8.32112979888916 8.92617893218994 9.31646823883057 9.63517093658447 9.50852584838867 9.31551933288574 8.45424175262451 7.67749977111816 7.43911027908325 7.2280912399292 7.09326457977295 6.98296308517456 6.91056251525879 6.83547878265381 6.75793170928955 6.56275939941406
-9999 -9999 17.1222705841064 17.0560188293457 16.9781360626221 16.8340225219727 16.6159744262695 17.3941593170166 18.2415618896484 19.2858047485352 20.2383117675781 20.8396892547607 20.1990070343018 17.1006393432617 14.0097160339355 10.9273834228516 8.94363403320312 7.71433258056641 7.04969453811646 6.60309362411499 6.33392572402954 6.09606885910034 6.16490697860718 6.2355809211731 6.2655930519104 6.24046468734741 6.03654670715332 5.95252180099487 6.07772207260132 6.30373811721802 6.63349199295044 7.00986194610596 7.41463041305542 7.45918846130371 7.38367748260498 7.24433374404907 7.09530401229858 6.82634210586548 6.57188606262207 6.40980768203735 6.24837875366211 6.08875703811646 5.97840881347656 5.94421052932739 5.8697395324707 5.7583065032959 5.61019134521484
-9999.000000000000000 -9999 -9999 -9999 17.3558979034424 17.1222496032715 17.2550811767578 17.9820976257324 18.7559471130371 19.7122745513916 20.4796848297119 20.5240116119385 19.0865898132324 14.7172069549561 11.4395904541016 9.4217004776001 7.99358177185059 6.97048568725586 6.39759492874146 5.99854516983032 5.82575798034668 5.69289922714233 5.70991325378418 5.73295640945435 5.778892993927 5.78606462478638 5.66754531860352 5.61039543151855 5.66034173965454 5.86695766448975 6.23478364944458 6.47053575515747 6.62583017349243 6.595139503479 6.50245475769043 6.35838079452515 6.20720863342285 6.05658769607544 5.91025543212891 5.79123020172119 5.65275859832764 5.46015119552612 5.30589008331299 5.21089029312134 5.13589000701904 5.07924604415894 4.99234914779663
-9999 -9999 -9999 -9999 17.8801021575928 18.1114196777344 17.9342880249023 18.5428218841553 19.2135944366455 20.1293029785156 20.6351528167725 19.5722351074219 17.3120384216309 12.6827611923218 9.57948398590088 8.23697280883789 7.20353412628174 6.38234949111938 5.87390375137329 5.4862174987793 5.36248302459717 5.28532838821411 5.28445100784302 5.29273700714111 5.36346101760864 5.40696382522583 5.36220264434814 5.33423757553101 5.3355827331543 5.49645233154297 5.8214693069458 5.93776702880859 5.92691469192505 5.85850286483765 5.77090454101562 5.6485800743103 5.52173185348511 5.43318223953247 5.34509181976318 5.25992298126221 5.14953470230103 4.96894121170044 4.81919097900391 4.71710681915283 4.65620565414429 4.63310289382935 4.58509254455566
-9999 -9999 -9999 -9999 18.2590293884277 18.4066371917725 18.5888996124268 19.0693073272705 19.5998592376709 20.5344562530518 20.6825408935547 17.820198059082 14.7044715881348 11.0873699188232 8.61264228820801 7.45603370666504 6.61478662490845 5.99011135101318 5.51176071166992 5.08991098403931 4.95568704605103 4.87222051620483 4.89614248275757 4.93102931976318 5.03769111633301 5.12259435653687 5.13694763183594 5.14107275009155 5.12734889984131 5.20932674407959 5.38977956771851 5.41324758529663 5.34108209609985 5.28216171264648 5.22765588760376 5.16039323806763 5.09116554260254 4.99389553070068 4.90129232406616 4.83840847015381 4.76255321502686 4.65058660507202 4.56626844406128 4.52468061447144 4.49628210067749 4.47998905181885 4.4427695274353
-9999 -9999 -9999 -9999 18.4066371917725 18.6272678375244 18.8862648010254 19.3933734893799 19.9595127105713 20.9049320220947 20.9695892333984 17.6630611419678 14.2075700759888 10.4573183059692 7.9464259147644 6.86555767059326 6.12653827667236 5.62228202819824 5.20386123657227 4.81858539581299 4.69727659225464 4.62255001068115 4.65620374679565 4.7004337310791 4.81302499771118 4.90876722335815 4.94987821578979 4.97193622589111 4.9607458114624 4.98563098907471 5.04763698577881 5.02387142181396 4.94785451889038 4.89750003814697 4.85570001602173 4.82078075408936 4.78644800186157 4.70149326324463 4.6220498085022 4.57770204544067 4.52833032608032 4.46497344970703 4.42078971862793 4.40623664855957 4.39173030853271 4.3772668838501 4.34591245651245
-9999 -9999 -9999 -9999 18.6400566101074 18.8862648010254 19.5350933074951 19.5656242370605 20.2992095947266 21.2494029998779 21.4363861083984 18.7021179199219 15.2936878204346 10.5512809753418 7.50568151473999 6.4179310798645 5.7136664390564 5.27275896072388 4.9366455078125 4.6409969329834 4.55015659332275 4.49545907974243 4.52754354476929 4.56817483901978 4.66418790817261 4.74784660339355 4.79144763946533 4.8208212852478 4.82536602020264 4.80950832366943 4.77265644073486 4.73585414886475 4.69908237457275 4.65660095214844 4.61221647262573 4.59260082244873 4.57611799240112 4.51925659179688 4.46622753143311 4.43760347366333 4.40867900848389 4.37891817092896 4.35589408874512 4.34327983856201 4.32870817184448 4.31233930587769 4.28315544128418
-9999 -9999 -9999 -9999 18.8862648010254 19.671911239624 20.0454711914062 20.295108795166 20.3749847412109 21.3350238800049 21.7475032806396 20.0641593933105 16.9492168426514 11.0015439987183 7.32992506027222 6.28451585769653 5.5991268157959 5.16098022460938 4.83968162536621 4.5635027885437 4.47852563858032 4.4272894859314 4.43605661392212 4.44876909255981 4.4834132194519 4.51841020584106 4.5545506477356 4.58643579483032 4.61089611053467 4.60852146148682 4.57853412628174 4.54886913299561 4.51940107345581 4.47856378555298 4.43393707275391 4.42900228500366 4.42936754226685 4.40389680862427 4.3785605430603 4.354079246521 4.33062124252319 4.31000947952271 4.2940559387207 4.28530073165894 4.27254009246826 4.25610256195068 4.23371601104736
-9999 -9999 -9999 -9999 -9999 20.1293258666992 20.2208137512207 20.2756786346436 20.3376502990723 21.3097057342529 21.9919013977051 21.564624786377 18.8487815856934 11.6045083999634 7.26773643493652 6.28576517105103 5.61244630813599 5.15109300613403 4.81568384170532 4.52890682220459 4.43924713134766 4.38437223434448 4.36050081253052 4.33487272262573 4.28895139694214 4.25960922241211 4.28402376174927 4.3163628578186 4.36253023147583 4.39687871932983 4.41906547546387 4.40518426895142 4.36933040618896 4.32746839523315 4.28360366821289 4.29308223724365 4.30986595153809 4.31719923019409 4.32010364532471 4.29480218887329 4.27038955688477 4.24844884872437 4.23352813720703 4.22945547103882 4.21930980682373 4.20358991622925 4.1899847984314
-9999 -9999 -9999 -9999 -9999 20.0923900604248 20.1216907501221 20.0916557312012 20.179708480835 21.1761455535889 21.9714469909668 21.996883392334 19.459545135498 11.8511981964111 7.33345460891724 6.38178300857544 5.71469449996948 5.24304246902466 4.85985374450684 4.51082420349121 4.391526222229 4.31276845932007 4.27309703826904 4.23372030258179 4.18966484069824 4.15949964523315 4.17437219619751 4.19513654708862 4.22618198394775 4.25471687316895 4.28066825866699 4.27539253234863 4.25109338760376 4.22092914581299 4.18880939483643 4.19977998733521 4.21670007705688 4.23272752761841 4.24459218978882 4.22994422912598 4.21513032913208 4.19985342025757 4.19007539749146 4.18879556655884 4.18108940124512 4.16748523712158 4.15646123886108
-9999 -9999 -9999 -9999 -9999 19.9602794647217 19.9346656799316 19.9977378845215 19.9968147277832 21.0201892852783 21.8961944580078 22.2081279754639 19.803653717041 12.0241737365723 7.42563629150391 6.49740839004517 5.83534288406372 5.35606241226196 4.91812801361084 4.49615859985352 4.34205865859985 4.23522901535034 4.1832423210144 4.13520526885986 4.11007022857666 4.09222316741943 4.09800577163696 4.10470676422119 4.1130108833313 4.12693119049072 4.14663076400757 4.14847564697266 4.13944339752197 4.12360858917236 4.10550594329834 4.11529541015625 4.12898302078247 4.14871644973755 4.16555166244507 4.16393136978149 4.1609001159668 4.15394020080566 4.15015554428101 4.15127754211426 4.14597463607788 4.13477516174316 4.12504911422729
-9999 -9999 -9999 -9999 -9999 -9999 19.8244800567627 19.7146034240723 19.8015785217285 20.9360504150391 21.8650169372559 22.0074043273926 19.5558700561523 11.9716901779175 7.51191711425781 6.65721940994263 6.00114917755127 5.48148536682129 4.96338987350464 4.44589948654175 4.27531671524048 4.1659517288208 4.13266611099243 4.10310506820679 4.09069919586182 4.08184146881104 4.08448791503906 4.08750772476196 4.09117841720581 4.09778594970703 4.10741519927979 4.10865497589111 4.10478401184082 4.09737777709961 4.08879375457764 4.09357023239136 4.10022640228271 4.11137723922729 4.12118434906006 4.12243556976318 4.12278461456299 4.12062072753906 4.11926031112671 4.11914205551147 4.11547756195068 4.108558177948 4.10193872451782
-9999 -9999 -9999 -9999 -9999 -9999 19.8247718811035 19.761100769043 19.661979675293 20.8926067352295 21.8443470001221 21.728630065918 19.1880912780762 11.8495111465454 7.55934619903564 6.78657531738281 6.14500522613525 5.59353637695312 5.00221681594849 4.39550876617432 4.21139049530029 4.10184669494629 4.08747816085815 4.07640409469604 4.07541704177856 4.07466888427734 4.07469511032104 4.0747766494751 4.07495403289795 4.07517337799072 4.07543563842773 4.07578754425049 4.07619428634644 4.07624769210815 4.07618284225464 4.07621908187866 4.07628774642944 4.07893705368042 4.0816798210144 4.08502101898193 4.08802556991577 4.09009456634521 4.09079933166504 4.08939599990845 4.08725261688232 4.08443069458008 4.08085918426514
-9999 -9999 -9999 -9999 -9999 -9999 19.9890327453613 19.9986114501953 20.1217346191406 21.2489719390869 21.9147167205811 20.8140621185303 17.823055267334 11.0915803909302 7.19516229629517 6.56995677947998 6.03313875198364 5.55702066421509 4.97861528396606 4.36071348190308 4.18575477600098 4.08896207809448 4.08100128173828 4.07556819915771 4.07498502731323 4.07455348968506 4.07461547851562 4.07472515106201 4.07491970062256 4.07512664794922 4.07534694671631 4.07548666000366 4.0755763053894 4.07556295394897 4.075514793396 4.07554340362549 4.07558870315552 4.07646608352661 4.07748746871948 4.07942533493042 4.081374168396 4.08335542678833 4.08399534225464 4.08256340026855 4.08106088638306 4.0794939994812 4.07747411727905
-9999 -9999 -9999 -9999 -9999 19.8357372283936 20.161226272583 20.2073841094971 20.6445426940918 21.6205768585205 21.9315090179443 19.6967182159424 16.2195587158203 10.2840986251831 6.85649394989014 6.32256126403809 5.85408020019531 5.43054723739624 4.89266633987427 4.31063079833984 4.15693855285645 4.07883596420288 4.07608890533447 4.0750732421875 4.07474040985107 4.07451581954956 4.0746431350708 4.07480144500732 4.07501459121704 4.0752158164978 4.07540607452393 4.07538080215454 4.07522535324097 4.07515096664429 4.07510328292847 4.07509994506836 4.0750994682312 4.07470321655273 4.07445526123047 4.07515096664429 4.07612323760986 4.0778660774231 4.07837438583374 4.07697486877441 4.07601594924927 4.07546234130859 4.07477855682373
-9999 -9999 -9999 -9999 19.3890628814697 19.7532329559326 19.8357372283936 20.6031703948975 21.3985538482666 22.0480556488037 21.7518482208252 17.8358612060547 13.7416868209839 9.29492855072021 6.61138439178467 5.96231460571289 5.42864418029785 4.97422456741333 4.5781044960022 4.20449590682983 4.11646175384521 4.07882308959961 4.07690954208374 4.07583045959473 4.07518482208252 4.07476234436035 4.07506561279297 4.07534503936768 4.07558298110962 4.07580327987671 4.07600545883179 4.07599401473999 4.07585191726685 4.07573699951172 4.07563161849976 4.07550621032715 4.07538032531738 4.07553815841675 4.07568025588989 4.07572174072266 4.07600545883179 4.07696151733398 4.07709264755249 4.0759482383728 4.07517766952515 4.0747504234314 4.07461023330688
