Ecospace-environmental-drivers/Outputs/ASCII-for-ecospace/MOM6-ISIMIP3a/tob/1988-02_tob_MOM6-ISIMIP3a.asc
NCOLS 131 
NROWS 53 
XLLCORNER -98 
YLLCORNER 23.9265270233154 
CELLSIZE 0.133587792515755 
NODATA_value -9999 
[rows 21 to 41 of 53, columns 0 to 46 of 131]
-9999 -9999 -9999 -9999 -9999 -9999 15.7109174728394 15.6772661209106 15.6019268035889 15.4550247192383 15.3288278579712 14.8059110641479 14.9382772445679 15.332558631897 15.6879196166992 15.9983739852905 16.3062038421631 16.612232208252 16.776834487915 16.8868293762207 17.4947700500488 18.1905822753906 18.7666149139404 19.2764663696289 19.2566661834717 19.254467010498 19.3093395233154 19.3834629058838 19.4911766052246 19.5734233856201 19.6294651031494 19.6647300720215 19.6873359680176 19.7520008087158 19.8306827545166 19.8637275695801 19.8905429840088 19.9280014038086 19.9608287811279 19.9641551971436 19.960054397583 19.9352703094482 19.9174041748047 19.9102249145508 19.9266834259033 19.9648418426514 19.9817161560059
-9999 -9999 -9999 -9999 -9999 -9999 15.7213821411133 15.7109174728394 15.6436138153076 15.5981492996216 15.4550247192383 15.725546836853 16.0869522094727 16.62819480896 17.1398029327393 17.6172199249268 18.0388317108154 18.4221210479736 18.3970222473145 18.2142314910889 18.1774024963379 18.166332244873 18.0811519622803 17.9910144805908 17.8730907440186 17.8555221557617 18.1633472442627 18.5865707397461 19.2111721038818 19.6657257080078 19.9453067779541 20.1222171783447 20.2365818023682 20.3142185211182 20.3796119689941 20.3905544281006 20.3886699676514 19.6500644683838 18.8686008453369 17.8141918182373 17.0773468017578 17.224515914917 17.3001098632812 17.2650871276855 17.3554286956787 17.5608310699463 17.3935871124268
-9999 -9999 -9999 -9999 15.865966796875 15.7844562530518 15.7214937210083 15.7317352294922 15.7109174728394 15.5763111114502 15.6503429412842 16.5229530334473 17.3259239196777 17.9911003112793 18.6196403503418 19.2059059143066 19.6371536254883 19.9619464874268 19.6961345672607 19.2022666931152 18.4964752197266 17.7532844543457 17.0141067504883 16.3328304290771 16.1333312988281 16.1125812530518 16.6714134216309 17.4341316223145 18.5526447296143 19.3696308135986 19.8763523101807 20.213077545166 20.4462432861328 20.5603981018066 20.6348838806152 20.6238250732422 20.5901622772217 19.0585632324219 17.4537792205811 15.3829288482666 13.9404325485229 14.2471227645874 14.4082689285278 14.3444852828979 14.503716468811 14.8676309585571 14.5153970718384
-9999 -9999 -9999 -9999 16.0416965484619 15.9162197113037 15.8474178314209 15.7214937210083 15.7627935409546 16.288423538208 16.9062747955322 17.8771133422852 18.7284164428711 19.3431968688965 19.5582008361816 19.3119239807129 18.0796947479248 16.1703643798828 15.0725803375244 14.2881650924683 13.4905157089233 12.6905317306519 12.4199619293213 12.185845375061 12.1588916778564 12.2133779525757 12.5319223403931 12.9083232879639 13.3856887817383 13.8481311798096 14.2952184677124 14.8555660247803 15.4849119186401 15.9867973327637 16.446195602417 16.4155464172363 16.3060646057129 14.6536741256714 13.0730113983154 11.9491319656372 11.1187601089478 11.1054363250732 11.0598878860474 10.9645385742188 11.007435798645 11.1772165298462 10.8626832962036
-9999 -9999 -9999 -9999 -9999 16.0416965484619 16.0542678833008 15.9733428955078 15.9915027618408 17.0664196014404 18.1252422332764 19.1224632263184 19.8853454589844 20.1845359802246 19.7957172393799 18.6130390167236 16.0574417114258 12.5589962005615 10.8960847854614 9.94194030761719 9.12216091156006 8.32609176635742 8.43429183959961 8.56020164489746 8.66869354248047 8.77138233184814 8.85525608062744 8.89911842346191 8.87315845489502 9.05433464050293 9.44865131378174 10.1589965820312 11.0618629455566 11.8059511184692 12.4971141815186 12.4442586898804 12.278169631958 10.6663198471069 9.22814178466797 8.89596652984619 8.58187103271484 8.31810665130615 8.11601448059082 8.00923252105713 7.95693588256836 7.95464468002319 7.68132352828979
-9999 -9999 -9999 -9999 -9999 16.1614093780518 16.0416965484619 16.480541229248 16.9955787658691 18.1332969665527 19.1821231842041 19.8907108306885 19.9655437469482 18.7863616943359 16.959358215332 14.3848733901978 11.99720287323 9.73782730102539 8.67981815338135 8.08570098876953 7.54951572418213 7.0235538482666 7.11660814285278 7.22050046920776 7.30175685882568 7.33411931991577 7.20794725418091 7.15506982803345 7.23009967803955 7.45131587982178 7.82295560836792 8.36046981811523 8.99903392791748 9.34723281860352 9.59864521026611 9.51211261749268 9.37365341186523 8.50973796844482 7.73303747177124 7.51175451278687 7.29367876052856 7.08453273773193 6.94579362869263 6.91586446762085 6.86106252670288 6.7834324836731 6.56672143936157
-9999 -9999 16.429536819458 16.3966941833496 16.3605690002441 16.2812633514404 16.1612663269043 16.9801120758057 17.8676681518555 18.9815635681152 19.9319496154785 20.256498336792 19.6116371154785 17.048583984375 14.1936683654785 11.0019931793213 8.91112041473389 7.57621765136719 6.95846891403198 6.61763954162598 6.31268739700317 6.01406669616699 6.07893419265747 6.15052127838135 6.21177387237549 6.20340156555176 5.96927785873413 5.86583471298218 5.9904408454895 6.22284746170044 6.56617736816406 6.93719244003296 7.32507276535034 7.38326930999756 7.33157253265381 7.22235584259033 7.10381555557251 6.79429244995117 6.50849628448486 6.37380027770996 6.22825145721436 6.05249166488647 5.94286060333252 5.93542814254761 5.87433576583862 5.7639946937561 5.60934686660767
-9999.000000000000000 -9999 -9999 -9999 16.548246383667 16.4398765563965 16.512975692749 17.4630393981934 18.4517822265625 19.3528480529785 20.0118236541748 19.7441825866699 18.3105716705322 14.5698404312134 11.5821676254272 9.46340560913086 7.95050191879272 6.85366916656494 6.31695556640625 5.9965238571167 5.80856037139893 5.6439733505249 5.6522011756897 5.66903591156006 5.72606229782104 5.74152135848999 5.62220001220703 5.56893444061279 5.63094186782837 5.81159162521362 6.11432266235352 6.33265113830566 6.49956226348877 6.49878644943237 6.44211578369141 6.33419799804688 6.21875143051147 6.04134368896484 5.87428665161133 5.77314472198486 5.64886331558228 5.46016645431519 5.30492687225342 5.20139265060425 5.12575054168701 5.07570838928223 4.99501895904541
-9999 -9999 -9999 -9999 16.8041839599609 16.9236011505127 16.8483200073242 17.8129348754883 18.8134498596191 19.5931148529053 19.9601135253906 18.7476024627686 16.57541847229 12.5043087005615 9.66122531890869 8.23509311676025 7.1459059715271 6.28811311721802 5.80901956558228 5.47615528106689 5.35022449493408 5.26081037521362 5.25122499465942 5.25143814086914 5.31873846054077 5.36289930343628 5.33203506469727 5.31858444213867 5.33552360534668 5.46246767044067 5.70260429382324 5.79728889465332 5.8033652305603 5.76415920257568 5.70985984802246 5.62208652496338 5.52961015701294 5.42640590667725 5.32725048065186 5.25387573242188 5.15521860122681 4.98618316650391 4.83437824249268 4.70920276641846 4.64140796661377 4.62627744674683 4.58919525146484
-9999 -9999 -9999 -9999 16.9863357543945 17.049072265625 17.1265354156494 17.9954662322998 18.8952655792236 19.6685485839844 19.7428550720215 17.1417808532715 14.2941446304321 10.9586277008057 8.60906314849854 7.39713478088379 6.53759860992432 5.92006587982178 5.46913480758667 5.0825343132019 4.94949626922607 4.86120462417603 4.88265371322632 4.9142165184021 5.01003170013428 5.08902406692505 5.11347055435181 5.1267991065979 5.12072515487671 5.19150972366333 5.34138011932373 5.34895896911621 5.26985454559326 5.21806240081787 5.17537450790405 5.13145685195923 5.08695650100708 4.98509788513184 4.88988542556763 4.83699703216553 4.769446849823 4.66108322143555 4.57441473007202 4.52127504348755 4.48950433731079 4.47734689712524 4.44568634033203
-9999 -9999 -9999 -9999 17.049072265625 17.1428413391113 17.2529182434082 18.1305065155029 19.0423526763916 19.8143081665039 19.8304443359375 16.9536228179932 13.8545951843262 10.3158874511719 7.89921903610229 6.77720737457275 6.03802728652954 5.56175422668457 5.17304801940918 4.81815433502197 4.69866228103638 4.62071084976196 4.65389728546143 4.69590902328491 4.79118776321411 4.87593793869019 4.9265513420105 4.95674228668213 4.95129346847534 4.97538423538208 5.02987098693848 4.99644374847412 4.90945911407471 4.85899972915649 4.82071447372437 4.79899168014526 4.77909135818481 4.69438982009888 4.61615514755249 4.57910537719727 4.53512716293335 4.47186279296875 4.42518854141235 4.40415334701538 4.38728141784668 4.37423038482666 4.34637880325317
-9999 -9999 -9999 -9999 17.1482772827148 17.2529182434082 18.1778774261475 18.2299251556396 19.2383937835693 20.0128154754639 20.1466732025146 17.8287239074707 14.7963581085205 10.35036277771 7.44611597061157 6.3208065032959 5.62000942230225 5.21074390411377 4.90981006622314 4.65070676803589 4.56024980545044 4.49955368041992 4.53000354766846 4.56678915023804 4.63974142074585 4.70844411849976 4.76336622238159 4.80298185348511 4.81588697433472 4.80038404464722 4.75564908981323 4.71579074859619 4.6789026260376 4.64021396636963 4.60092496871948 4.58515119552612 4.57231950759888 4.51663303375244 4.46515226364136 4.44045543670654 4.41439819335938 4.3845534324646 4.35901689529419 4.34013748168945 4.32231950759888 4.30547571182251 4.28022193908691
-9999 -9999 -9999 -9999 17.2529182434082 18.2874488830566 18.7801036834717 19.0981597900391 19.1804599761963 19.9778499603271 20.3286914825439 18.9703426361084 16.2239418029785 10.730978012085 7.27890968322754 6.18171501159668 5.49548244476318 5.09147596359253 4.80854368209839 4.57236194610596 4.487548828125 4.42944765090942 4.43512296676636 4.44360256195068 4.46380949020386 4.48964834213257 4.53374910354614 4.57253456115723 4.60204362869263 4.59897041320801 4.56237030029297 4.53288078308105 4.50772333145142 4.47156000137329 4.43172788619995 4.42687606811523 4.42666816711426 4.39995050430298 4.37374114990234 4.35076665878296 4.32904720306396 4.31082153320312 4.29529142379761 4.28392696380615 4.26909399032593 4.25107717514038 4.23065423965454
-9999 -9999 -9999 -9999 -9999 18.8287811279297 18.9388961791992 19.012228012085 19.0136756896973 19.8428211212158 20.4531917572021 20.2261848449707 17.8597373962402 11.2599420547485 7.23423290252686 6.1786150932312 5.49673891067505 5.07152795791626 4.77669429779053 4.53220462799072 4.4430103302002 4.38122081756592 4.35267734527588 4.32295894622803 4.27738332748413 4.24886655807495 4.2756609916687 4.30922031402588 4.35458421707153 4.38623714447021 4.40378189086914 4.39186191558838 4.36199235916138 4.32439184188843 4.28421401977539 4.29241466522217 4.30721139907837 4.30944299697876 4.30786943435669 4.28206205368042 4.25885915756226 4.2429084777832 4.23261404037476 4.2310619354248 4.22089815139771 4.20283126831055 4.18819570541382
-9999 -9999 -9999 -9999 -9999 18.8034687042236 18.7673435211182 18.7063026428223 18.7968502044678 19.7868595123291 20.6086483001709 20.786563873291 18.5496616363525 11.5345134735107 7.30629253387451 6.29374742507935 5.61535835266113 5.16644954681396 4.81633901596069 4.50437784194946 4.38903951644897 4.30839967727661 4.26531410217285 4.22328472137451 4.18319988250732 4.15612316131592 4.17122602462769 4.19181680679321 4.22198390960693 4.24807643890381 4.26997566223145 4.26591730117798 4.24604511260986 4.21899557113647 4.18955326080322 4.19969415664673 4.21527719497681 4.22686195373535 4.23466730117798 4.21840667724609 4.20393371582031 4.19443988800049 4.18926239013672 4.19075679779053 4.18392848968506 4.16946172714233 4.15699100494385
-9999 -9999 -9999 -9999 -9999 18.8070869445801 18.7041683197021 18.5834980010986 18.569673538208 19.747257232666 20.7705116271973 21.2030506134033 19.0438804626465 11.7564506530762 7.40250587463379 6.43334197998047 5.75826025009155 5.28513765335083 4.87077522277832 4.47910261154175 4.33311748504639 4.2304892539978 4.17693376541138 4.12794876098633 4.10810136795044 4.09400987625122 4.09858226776123 4.10460186004639 4.11314821243286 4.12534475326538 4.14129734039307 4.14309120178223 4.13626050949097 4.12224197387695 4.10582780838013 4.11561012268066 4.12903785705566 4.14592027664185 4.15994834899902 4.15579557418823 4.15216636657715 4.14999389648438 4.14990901947021 4.1530499458313 4.14928102493286 4.13917064666748 4.12811517715454
-9999 -9999 -9999 -9999 -9999 -9999 18.9497509002686 18.8227062225342 18.9238033294678 20.1599903106689 21.1831474304199 21.3909187316895 19.0857791900635 11.8082962036133 7.49867916107178 6.6135139465332 5.94448614120483 5.42388963699341 4.92346239089966 4.43082332611084 4.26820611953735 4.16382741928101 4.12982082366943 4.09979581832886 4.09011220932007 4.08318662643433 4.08520412445068 4.08787059783936 4.09167003631592 4.09739828109741 4.10511255264282 4.10620164871216 4.10325574874878 4.09675455093384 4.08906841278076 4.09389638900757 4.10047817230225 4.11044073104858 4.11896944046021 4.11836719512939 4.11794757843018 4.11803674697876 4.11842775344849 4.11928462982178 4.11676931381226 4.111159324646 4.10395622253418
-9999 -9999 -9999 -9999 -9999 -9999 19.3277492523193 19.4430503845215 19.3165397644043 20.5860576629639 21.5695152282715 21.4580516815186 18.9694766998291 11.7772665023804 7.55536699295044 6.76073884963989 6.10608243942261 5.54755115509033 4.96886157989502 4.3823881149292 4.20608711242676 4.10216903686523 4.08782911300659 4.07669401168823 4.07592153549194 4.07533502578735 4.07535362243652 4.07542181015015 4.07557582855225 4.07569789886475 4.07578802108765 4.07595634460449 4.076171875 4.07630825042725 4.07641839981079 4.07652425765991 4.07665014266968 4.07962274551392 4.08249235153198 4.08470964431763 4.08685064315796 4.08878040313721 4.08940649032593 4.08801794052124 4.08660745620728 4.08517694473267 4.08172512054443
-9999 -9999 -9999 -9999 -9999 -9999 19.7513236999512 19.7174892425537 19.8434448242188 20.938325881958 21.5558891296387 20.3464813232422 17.3816814422607 10.943452835083 7.19087982177734 6.53713321685791 5.98426198959351 5.50066566467285 4.9373607635498 4.34327793121338 4.17805147171021 4.08850574493408 4.08075332641602 4.07538604736328 4.07496643066406 4.07467889785767 4.07482147216797 4.07498550415039 4.07518577575684 4.07534551620483 4.07546329498291 4.07553386688232 4.07557535171509 4.07560062408447 4.07562065124512 4.07567691802979 4.07574558258057 4.0768141746521 4.07791757583618 4.07924556732178 4.08067083358765 4.08236742019653 4.08286666870117 4.08151626586914 4.08048725128174 4.07975244522095 4.07780504226685
-9999 -9999 -9999 -9999 -9999 19.8473510742188 20.0267124176025 20.0934314727783 20.4027709960938 21.3021030426025 21.5237827301025 19.1517105102539 15.698299407959 10.1052227020264 6.84718799591064 6.28342437744141 5.79973363876343 5.37103271484375 4.84943294525146 4.29196119308472 4.14833164215088 4.07773208618164 4.07535266876221 4.07453966140747 4.07433462142944 4.07424306869507 4.07452011108398 4.07477807998657 4.07500267028809 4.07518434524536 4.07532262802124 4.07531833648682 4.07522773742676 4.07516574859619 4.07511329650879 4.07510900497437 4.07510948181152 4.07479333877563 4.07458591461182 4.07507228851318 4.07579612731934 4.07718086242676 4.07752513885498 4.07626152038574 4.07554912567139 4.07534265518188 4.07468700408936
-9999 -9999 -9999 -9999 19.5355281829834 19.8029613494873 19.8473510742188 20.4485759735107 21.0809898376465 21.7080821990967 21.423921585083 17.6518669128418 13.6644287109375 9.25080490112305 6.57974529266357 5.91933298110962 5.38527393341064 4.93798732757568 4.55460071563721 4.19588851928711 4.11243391036987 4.07755422592163 4.07609224319458 4.07538652420044 4.07488775253296 4.07461261749268 4.07506322860718 4.07541036605835 4.07557725906372 4.07572555541992 4.07585525512695 4.07586145401001 4.07579183578491 4.0757303237915 4.07567167282104 4.07556629180908 4.0754566192627 4.07566165924072 4.07581424713135 4.07563161849976 4.07570552825928 4.07649421691895 4.07657957077026 4.07557725906372 4.0749454498291 4.07465410232544 4.07451200485229
