Ecospace-environmental-drivers/Outputs/ASCII-for-ecospace/MOM6-ISIMIP3a/tob/1988-09_tob_MOM6-ISIMIP3a.asc
NCOLS 131 
NROWS 53 
XLLCORNER -98 
YLLCORNER 23.9265270233154 
CELLSIZE 0.133587792515755 
NODATA_value -9999 
[rows 0 to 20 of 53, columns 47 to 93 of 131]
-9999 -9999 -9999 -9999 -9999 -9999 -9999 -9999 -9999 -9999 -9999 -9999 -9999 -9999 -9999 -9999 -9999 -9999 -9999 -9999 -9999 -9999 -9999 -9999 -9999 -9999 -9999 -9999 -9999 -9999 -9999 -9999 -9999 -9999 -9999 -9999 -9999 -9999 -9999 -9999 -9999 -9999 -9999 -9999 -9999 -9999 -9999
-9999 -9999 -9999 -9999 -9999 -9999 -9999 -9999 -9999 -9999 -9999 -9999 -9999 -9999 -9999 -9999 -9999 -9999 -9999 -9999 -9999 -9999 -9999 -9999 -9999 -9999 -9999 -9999 -9999 -9999 -9999 -9999 -9999 -9999 -9999 -9999 -9999 -9999 -9999 -9999 -9999 -9999 -9999 -9999 -9999 -9999 -9999
-9999 -9999 -9999 -9999 -9999 -9999 -9999 -9999 -9999 -9999 -9999 -9999 -9999 -9999 -9999 -9999 -9999 -9999 -9999 -9999 -9999 -9999 -9999 -9999 -9999 -9999 -9999 27.973726272583 28.0089740753174 -9999 -9999 -9999 -9999 -9999 -9999 -9999 -9999 -9999 -9999 -9999 -9999 -9999 -9999 -9999 -9999 -9999 -9999
-9999 -9999 -9999 -9999 -9999 -9999 -9999 -9999 -9999 -9999 -9999 -9999 -9999 -9999 -9999 -9999 -9999 -9999 -9999 -9999 -9999 -9999 -9999 -9999 -9999 -9999 -9999 27.9760551452637 28.0139541625977 -9999 -9999 -9999 -9999 -9999 -9999 -9999 -9999 -9999 -9999 -9999 -9999 -9999 -9999 -9999 -9999 -9999 -9999
-9999 -9999 -9999 -9999 -9999 -9999 -9999 -9999 -9999 -9999 -9999 -9999 -9999 -9999 -9999 -9999 -9999 -9999 27.941011428833 27.9391937255859 27.9377403259277 27.929256439209 27.9184074401855 27.8917064666748 27.8733253479004 27.8848094940186 27.9271087646484 27.9815902709961 28.0194664001465 28.040807723999 -9999 -9999 27.8421401977539 27.3655281066895 26.3751983642578 25.2567958831787 24.6043453216553 24.7012271881104 25.4446964263916 26.2521896362305 27.0684337615967 27.7431316375732 -9999 -9999 -9999 -9999 -9999
-9999 -9999 -9999 -9999 -9999 -9999 -9999 -9999 -9999 -9999 -9999 -9999 -9999 -9999 27.9617042541504 -9999 27.9458999633789 27.932788848877 27.9347858428955 27.941011428833 27.9388313293457 27.9377403259277 27.9207744598389 27.8967056274414 27.8576374053955 27.8656349182129 27.9311561584473 27.9845371246338 28.0290756225586 28.0447864532471 28.0485610961914 28.0580177307129 28.0685920715332 27.3998126983643 26.6281814575195 25.0976009368896 24.0446071624756 24.6708278656006 25.3882446289062 26.2750186920166 27.0933055877686 27.8369770050049 28.2991104125977 28.5790748596191 -9999 -9999 -9999
-9999 -9999 -9999 -9999 -9999 -9999 -9999 -9999 -9999 -9999 28.2994518280029 28.2969150543213 28.2948226928711 28.2885074615479 28.1227359771729 27.9634056091309 27.9600028991699 27.9449081420898 27.932788848877 27.9305591583252 27.941011428833 27.9377403259277 27.9207744598389 27.8967056274414 27.8576374053955 27.8656349182129 27.9311561584473 27.9845371246338 28.0290756225586 28.0447864532471 28.0485610961914 28.0580177307129 28.0685920715332 27.3998126983643 26.6281814575195 25.0976009368896 24.0446071624756 24.6708278656006 25.3882446289062 26.2750186920166 27.0933055877686 27.8369770050049 28.2991104125977 28.5790748596191 28.6530647277832 28.7261638641357 -9999
-9999 -9999 -9999 -9999 -9999 -9999 -9999 -9999 -9999 -9999 28.3130531311035 28.2994518280029 28.2943782806396 -9999 28.2805061340332 28.1191291809082 27.9668102264404 27.9600028991699 27.9419326782227 27.932788848877 27.9178771972656 27.8978633880615 27.8565063476562 27.7978744506836 27.7027778625488 27.6875381469727 27.7698993682861 27.8373107910156 27.893835067749 27.876350402832 27.8282165527344 27.196195602417 26.4493961334229 25.1224136352539 23.785327911377 22.5594482421875 21.7554607391357 22.4348640441895 23.251579284668 24.3232975006104 25.5211334228516 26.8563766479492 27.7240219116211 28.2891101837158 28.6315097808838 28.8939170837402 28.8632659912109
-9999 -9999 -9999 -9999 -9999 -9999 -9999 -9999 -9999 -9999 -9999 -9999 -9999 -9999 28.2831573486328 28.2690563201904 28.1166191101074 27.9736175537109 27.9600028991699 27.9330081939697 27.8972949981689 27.8550567626953 27.7854995727539 27.6867065429688 27.5261898040771 27.4835968017578 27.5851287841797 27.6648693084717 27.7287368774414 27.6643390655518 27.5468196868896 26.2063808441162 24.6255474090576 22.5815715789795 20.6301097869873 19.7499351501465 19.2299423217773 19.9763679504395 20.9059009552002 22.1754817962646 23.7802829742432 25.7503128051758 27.0671367645264 27.9613037109375 28.4836235046387 28.872371673584 28.8733444213867
28.5704917907715 -9999 -9999 -9999 -9999 -9999 -9999 -9999 -9999 -9999 28.4732494354248 28.3269958496094 -9999 -9999 -9999 28.2708644866943 28.2571468353271 28.1214694976807 27.9872303009033 27.986307144165 27.9326190948486 27.8632469177246 27.7282409667969 27.5294094085693 27.195837020874 27.0737495422363 27.2101421356201 27.1912899017334 27.0593605041504 26.6069660186768 26.0218524932861 24.1205921173096 21.9606075286865 19.6875972747803 17.5947914123535 17.3032379150391 17.3161029815674 18.3993129730225 19.5261745452881 20.7340965270996 22.2440586090088 24.0831050872803 25.8016777038574 27.4422988891602 28.2278213500977 28.7061786651611 28.7904491424561
28.6584815979004 28.6714706420898 -9999 -9999 -9999 -9999 -9999 -9999 -9999 -9999 28.5314064025879 28.4159812927246 28.3269958496094 -9999 -9999 28.258861541748 28.2542781829834 28.2582988739014 28.1475391387939 28.0307140350342 27.9403972625732 27.8082103729248 27.5008010864258 27.1282348632812 26.6181163787842 26.364387512207 26.4240169525146 26.2575874328613 25.9264984130859 25.0716228485107 23.999828338623 21.6088790893555 18.9586143493652 16.6472454071045 14.5811614990234 14.7886085510254 15.26096534729 16.6647644042969 17.9877166748047 19.160530090332 20.6155586242676 22.3780708312988 24.4372806549072 26.6884689331055 27.7736072540283 28.4398822784424 28.6459827423096
28.6584815979004 28.6974487304688 28.7277183532715 28.7911682128906 -9999 -9999 -9999 -9999 -9999 -9999 -9999 28.4458808898926 28.3629035949707 28.3269958496094 28.2994518280029 28.258861541748 28.2542781829834 28.2582988739014 28.1502914428711 28.0274333953857 27.8004283905029 27.414026260376 26.3605289459229 25.4189338684082 24.7135696411133 24.0484867095947 23.4326343536377 22.8558769226074 22.3075981140137 20.9725456237793 19.3116664886475 16.8125896453857 14.1487407684326 12.8217515945435 11.6838607788086 11.909592628479 12.4479360580444 14.0854377746582 15.5978546142578 16.8779754638672 18.4921035766602 20.4701480865479 22.5421962738037 24.67506980896 26.2551441192627 27.6366424560547 28.1712455749512
28.6368579864502 28.6958980560303 28.7266788482666 28.7908477783203 -9999 -9999 -9999 -9999 28.7175045013428 28.6179733276367 28.5251007080078 28.4413642883301 28.3711776733398 28.3120765686035 28.2614269256592 28.2147808074951 28.217622756958 28.232292175293 28.0786228179932 27.8794059753418 27.1855926513672 26.3096599578857 24.6715316772461 23.1847305297852 22.017391204834 20.8291568756104 19.6153869628906 18.6322956085205 17.8172245025635 16.261568069458 14.3992099761963 12.2240591049194 9.9874210357666 9.56915950775146 9.28470611572266 9.64955043792725 10.3142166137695 12.0330686569214 13.6142177581787 14.939640045166 16.5628070831299 18.5103778839111 20.5022773742676 22.5228614807129 24.3660297393799 26.1454677581787 27.1588344573975
28.5611724853516 28.6437492370605 28.7222480773926 28.7908477783203 28.8559761047363 28.8546733856201 28.8441963195801 28.7870578765869 28.7175045013428 28.6179733276367 28.5251007080078 28.4413642883301 28.3362903594971 28.2137546539307 28.1283340454102 28.0604915618896 28.0893306732178 28.1412696838379 27.8208904266357 27.3695030212402 25.3835620880127 23.4297962188721 21.6106872558594 19.638240814209 17.3420886993408 15.3512077331543 13.7334337234497 12.3539867401123 11.1481332778931 10.0208072662354 8.92600059509277 8.15493965148926 7.44751882553101 7.74885225296021 8.13094043731689 8.93697357177734 9.87880611419678 11.29811668396 12.646164894104 13.8618726730347 15.1189126968384 16.4209842681885 18.1002655029297 20.0236186981201 21.5502700805664 22.9344177246094 24.8022060394287
28.4888954162598 28.5725402832031 28.663854598999 28.7131214141846 28.7563018798828 28.7513885498047 28.7401962280273 28.6970825195312 28.6460647583008 28.5759601593018 28.4432945251465 28.224739074707 27.9450588226318 27.6153678894043 27.3864059448242 27.2051582336426 27.339075088501 27.5482940673828 26.5722923278809 25.3910369873047 22.4074611663818 19.6305236816406 17.7183799743652 15.5761280059814 12.9480972290039 10.7836685180664 9.1858549118042 7.82590579986572 6.63921213150024 5.927161693573 5.41167736053467 5.52379989624023 5.75929498672485 6.56159734725952 7.40472030639648 8.44156360626221 9.51425170898438 10.7129669189453 11.8889961242676 13.0228910446167 14.0558137893677 14.9787254333496 16.3557300567627 18.0265522003174 19.3569087982178 20.5649642944336 22.6915111541748
28.4214420318604 28.4743824005127 28.5291709899902 28.525505065918 28.5157108306885 28.5020771026611 28.4891605377197 28.4798984527588 28.4736194610596 28.4745445251465 28.24582862854 27.7018432617188 27.0500240325928 26.3099784851074 25.7836971282959 25.3586711883545 25.7094764709473 26.2456550598145 23.9227886199951 21.3362922668457 17.7714443206787 14.5313739776611 12.6505365371704 10.7850160598755 8.95182991027832 7.50328159332275 6.52484035491943 5.77232694625854 5.18437671661377 4.86914682388306 4.66685962677002 4.92570066452026 5.27518844604492 6.269362449646 7.28296995162964 8.25319004058838 9.24987506866455 10.3396120071411 11.4299755096436 12.521505355835 13.5310907363892 14.4513959884644 15.5407419204712 16.7394676208496 18.0435085296631 19.3853778839111 20.9285163879395
28.117977142334 28.2092323303223 28.3022689819336 28.3105907440186 28.3102111816406 28.3090591430664 28.3067054748535 28.2982482910156 28.2725849151611 28.2053737640381 27.7603073120117 26.7964916229248 25.457405090332 23.8112812042236 22.9170989990234 22.379093170166 22.6852569580078 23.1931209564209 20.2525539398193 17.0615177154541 13.6730308532715 10.6360549926758 9.07018852233887 7.63316106796265 6.46812391281128 5.58293628692627 5.03978252410889 4.6709451675415 4.42907667160034 4.32661008834839 4.28187417984009 4.60780143737793 5.006591796875 6.04454565048218 7.09097623825073 7.98898410797119 8.90580177307129 9.88875770568848 10.8868341445923 11.9129886627197 12.8969306945801 13.8348779678345 14.7880582809448 15.7510948181152 16.9993209838867 18.3499946594238 19.6052646636963
27.6157646179199 27.8034572601318 27.9977073669434 28.0726890563965 28.1342620849609 28.1634464263916 28.1820049285889 28.146520614624 28.0474700927734 27.7949333190918 27.0322093963623 25.5690650939941 23.2773361206055 20.3076782226562 18.986156463623 18.4453163146973 18.4865989685059 18.6669673919678 15.7227392196655 12.601448059082 10.0273447036743 7.7545051574707 6.74248743057251 5.86175441741943 5.25817441940308 4.80790710449219 4.54502058029175 4.37142562866211 4.26286888122559 4.21816730499268 4.19991016387939 4.52586317062378 4.91947984695435 5.8765025138855 6.83982944488525 7.66091871261597 8.49461555480957 9.37264156341553 10.2728500366211 11.2142553329468 12.1706104278564 13.1432542800903 14.0878410339355 15.0142726898193 16.181848526001 17.4360446929932 18.6523265838623
26.3997097015381 26.5895328521729 26.7948265075684 26.9411220550537 27.07887840271 27.1491470336914 27.199686050415 27.1498680114746 26.999490737915 26.6063060760498 25.765417098999 24.3098926544189 21.5169200897217 17.6296825408936 15.5372247695923 14.2949151992798 14.1233530044556 14.2076292037964 12.0772829055786 9.8218412399292 7.96006155014038 6.31998157501221 5.60773515701294 5.02245569229126 4.70521259307861 4.4678955078125 4.32826471328735 4.24035692214966 4.19012355804443 4.16921997070312 4.16046285629272 4.39526414871216 4.67794322967529 5.43266296386719 6.19653272628784 6.87902164459229 7.60202264785767 8.46746730804443 9.32635116577148 10.1730508804321 11.0368576049805 11.919303894043 12.8369369506836 13.7773370742798 14.8513698577881 15.9734058380127 17.2834205627441
24.834321975708 24.9801216125488 25.1523380279541 25.3722229003906 25.5931243896484 25.70973777771 25.7976741790771 25.7397327423096 25.5488243103027 25.0368556976318 24.2350044250488 23.0351848602295 19.9618701934814 15.3557109832764 12.3241748809814 10.0385026931763 9.67956447601318 9.78098678588867 8.86460590362549 7.8646035194397 6.66520309448242 5.59358930587769 5.05677652359009 4.63930225372314 4.47376155853271 4.34076881408691 4.24755716323853 4.19172334671021 4.16311550140381 4.1493878364563 4.14182186126709 4.24085187911987 4.36083602905273 4.85385656356812 5.36132955551147 5.87503242492676 6.47384309768677 7.37189865112305 8.21712779998779 8.96425247192383 9.70372104644775 10.4348487854004 11.3165435791016 12.2956609725952 13.2698440551758 14.2422542572021 15.7109508514404
23.7104892730713 23.7079067230225 23.7241992950439 23.8793792724609 24.0335311889648 23.7761173248291 23.5328903198242 23.3618431091309 22.8888187408447 21.6866436004639 20.5697402954102 19.5699024200439 17.0792999267578 13.3689956665039 10.7090320587158 8.54659080505371 7.9651312828064 7.76142120361328 7.27841520309448 6.75440073013306 5.91277599334717 5.15908098220825 4.77338075637817 4.47644805908203 4.36691093444824 4.27664613723755 4.20993661880493 4.16865205764771 4.14588737487793 4.13419723510742 4.12709379196167 4.1669020652771 4.21593189239502 4.48163366317749 4.75883913040161 5.0700421333313 5.45864963531494 6.1194167137146 6.75854301452637 7.35748147964478 8.00673389434814 8.71080589294434 9.5103006362915 10.3715391159058 11.2893905639648 12.2275772094727 13.6297149658203
