Ecospace-environmental-drivers/Outputs/ASCII-for-ecospace/MOM6-ISIMIP3a/tob/1989-11_tob_MOM6-ISIMIP3a.asc
NCOLS 131 
NROWS 53 
XLLCORNER -98 
YLLCORNER 23.9265270233154 
CELLSIZE 0.133587792515755 
NODATA_value -9999 
[rows 0 to 20 of 53, columns 47 to 93 of 131]
-9999 -9999 -9999 -9999 -9999 -9999 -9999 -9999 -9999 -9999 -9999 -9999 -9999 -9999 -9999 -9999 -9999 -9999 -9999 -9999 -9999 -9999 -9999 -9999 -9999 -9999 -9999 -9999 -9999 -9999 -9999 -9999 -9999 -9999 -9999 -9999 -9999 -9999 -9999 -9999 -9999 -9999 -9999 -9999 -9999 -9999 -9999
-9999 -9999 -9999 -9999 -9999 -9999 -9999 -9999 -9999 -9999 -9999 -9999 -9999 -9999 -9999 -9999 -9999 -9999 -9999 -9999 -9999 -9999 -9999 -9999 -9999 -9999 -9999 -9999 -9999 -9999 -9999 -9999 -9999 -9999 -9999 -9999 -9999 -9999 -9999 -9999 -9999 -9999 -9999 -9999 -9999 -9999 -9999
-9999 -9999 -9999 -9999 -9999 -9999 -9999 -9999 -9999 -9999 -9999 -9999 -9999 -9999 -9999 -9999 -9999 -9999 -9999 -9999 -9999 -9999 -9999 -9999 -9999 -9999 -9999 20.7132377624512 20.6990127563477 -9999 -9999 -9999 -9999 -9999 -9999 -9999 -9999 -9999 -9999 -9999 -9999 -9999 -9999 -9999 -9999 -9999 -9999
-9999 -9999 -9999 -9999 -9999 -9999 -9999 -9999 -9999 -9999 -9999 -9999 -9999 -9999 -9999 -9999 -9999 -9999 -9999 -9999 -9999 -9999 -9999 -9999 -9999 -9999 -9999 20.7079563140869 20.6727180480957 -9999 -9999 -9999 -9999 -9999 -9999 -9999 -9999 -9999 -9999 -9999 -9999 -9999 -9999 -9999 -9999 -9999 -9999
-9999 -9999 -9999 -9999 -9999 -9999 -9999 -9999 -9999 -9999 -9999 -9999 -9999 -9999 -9999 -9999 -9999 -9999 19.5354862213135 19.585132598877 19.624849319458 19.8565254211426 20.0674018859863 20.445240020752 20.7052135467529 20.8031616210938 20.7815341949463 20.6924209594727 20.6499137878418 20.675817489624 -9999 -9999 21.3821697235107 21.7352104187012 21.8797130584717 21.8169708251953 21.6988201141357 21.7467021942139 21.9209651947021 22.0163345336914 21.9525547027588 21.7191181182861 -9999 -9999 -9999 -9999 -9999
-9999 -9999 -9999 -9999 -9999 -9999 -9999 -9999 -9999 -9999 -9999 -9999 -9999 -9999 19.9417972564697 -9999 19.71457862854 19.5252323150635 19.5514316558838 19.5354862213135 19.5950622558594 19.624849319458 20.0882015228271 20.4891529083252 20.7583656311035 20.8681240081787 20.782995223999 20.6934852600098 20.6007823944092 20.6554718017578 20.7712001800537 21.0434169769287 21.3463954925537 21.7566967010498 22.1025409698486 21.779899597168 21.568473815918 21.7480888366699 21.9235420227051 22.0912647247314 22.0341949462891 21.7322063446045 21.3909549713135 21.0242977142334 -9999 -9999 -9999
-9999 -9999 -9999 -9999 -9999 -9999 -9999 -9999 -9999 -9999 23.7823047637939 23.7596473693848 23.7478313446045 23.7274188995361 21.8430690765381 19.9679145812988 19.915678024292 19.7028255462646 19.5252323150635 19.5935764312744 19.5354862213135 19.624849319458 20.0882015228271 20.4891529083252 20.7583656311035 20.8681240081787 20.782995223999 20.6934852600098 20.6007823944092 20.6554718017578 20.7712001800537 21.0434169769287 21.3463954925537 21.7566967010498 22.1025409698486 21.779899597168 21.568473815918 21.7480888366699 21.9235420227051 22.0912647247314 22.0341949462891 21.7322063446045 21.3909549713135 21.0242977142334 20.927396774292 21.5681858062744 -9999
-9999 -9999 -9999 -9999 -9999 -9999 -9999 -9999 -9999 -9999 23.9037818908691 23.7823047637939 23.7369899749756 -9999 23.7210712432861 21.8864879608154 20.0201530456543 19.915678024292 19.6675662994385 19.5252323150635 19.7200088500977 20.0234375 20.781587600708 21.3885898590088 21.6765060424805 21.7816505432129 21.6634063720703 21.5598411560059 21.4669666290283 21.5381031036377 21.6771602630615 21.7899761199951 21.8976306915283 21.6182270050049 21.3278656005859 21.0705127716064 20.9341297149658 21.2230834960938 21.5056018829346 21.7761745452881 21.9505805969238 22.0202083587646 21.9241409301758 21.7208614349365 21.798978805542 21.9781818389893 21.7253837585449
-9999 -9999 -9999 -9999 -9999 -9999 -9999 -9999 -9999 -9999 -9999 -9999 -9999 -9999 23.6986083984375 23.7729301452637 22.025074005127 20.124626159668 19.915678024292 19.5617904663086 19.9538345336914 20.4775428771973 21.5522899627686 22.3799457550049 22.6859760284424 22.7843151092529 22.6288166046143 22.5102882385254 22.4186878204346 22.5056800842285 22.666633605957 22.5865001678467 22.4589729309082 21.4123249053955 20.4155540466309 20.2385368347168 20.1934967041016 20.612491607666 21.0216197967529 21.4124240875244 21.8442783355713 22.3208560943604 22.4971446990967 22.4791278839111 22.2923069000244 22.0448474884033 21.6488914489746
20.3576240539551 -9999 -9999 -9999 -9999 -9999 -9999 -9999 -9999 -9999 23.2321090698242 24.0282974243164 -9999 -9999 -9999 23.7124767303467 24.0052680969238 22.367317199707 20.3335742950439 20.3979549407959 20.7958106994629 21.313419342041 22.3322010040283 23.0985012054443 23.3317928314209 23.3663463592529 23.157995223999 23.0467300415039 23.0061798095703 23.026782989502 23.0727138519287 22.2612171173096 21.2811717987061 19.436637878418 17.7499809265137 17.9183349609375 18.2353992462158 19.0753326416016 19.8710308074951 20.5845832824707 21.2824840545654 21.9633331298828 22.4094505310059 22.703685760498 22.5992736816406 22.3516635894775 21.8139991760254
20.4090213775635 20.4166088104248 -9999 -9999 -9999 -9999 -9999 -9999 -9999 -9999 22.9326152801514 23.688549041748 24.0282974243164 -9999 -9999 23.4197883605957 23.9353351593018 24.6606788635254 22.9913234710693 21.3029327392578 21.7319488525391 22.2424182891846 23.0937805175781 23.7192974090576 23.8680324554443 23.8220500946045 23.5380821228027 23.374849319458 23.299560546875 23.1067428588867 22.8652496337891 21.3176860809326 19.5133819580078 17.1254386901855 14.9824867248535 15.4439573287964 16.082332611084 17.342716217041 18.5228824615479 19.5540790557861 20.5344562530518 21.4594669342041 22.2032642364502 22.8298072814941 22.8482685089111 22.6483001708984 22.0303649902344
20.4090213775635 20.4317836761475 20.9266052246094 21.2154655456543 -9999 -9999 -9999 -9999 -9999 -9999 -9999 23.6635398864746 24.1204147338867 24.0282974243164 23.7823047637939 23.4197883605957 23.9353351593018 24.6606788635254 23.6229972839355 22.577018737793 23.1731472015381 23.6709156036377 23.757043838501 23.8157367706299 23.8165054321289 23.6001644134521 23.118465423584 22.5855731964111 22.0153923034668 20.8204860687256 19.3668594360352 17.0579948425293 14.5810117721558 13.0146179199219 11.6683149337769 12.1426086425781 12.8834896087646 14.5617046356201 16.1150588989258 17.4365329742432 18.7875137329102 20.1706447601318 21.361499786377 22.427942276001 22.7863140106201 22.8903331756592 22.5216827392578
20.5898265838623 20.8626861572266 21.1871089935303 21.2248401641846 -9999 -9999 -9999 -9999 21.5905342102051 22.1301002502441 22.8564605712891 23.8392658233643 24.2948951721191 24.3192043304443 24.1091976165771 23.788200378418 24.1848526000977 24.7529754638672 24.1901950836182 23.6184864044189 24.0475673675537 24.2650566101074 23.5970058441162 22.9776096343994 22.4609336853027 21.7660026550293 20.8532104492188 19.9106578826904 18.9464282989502 17.2027854919434 15.1363573074341 12.7286319732666 10.2538156509399 9.53127098083496 8.98783302307129 9.56012916564941 10.4293069839478 12.3423337936401 14.1027698516846 15.5798282623291 17.12327003479 18.7390403747559 20.2261066436768 21.6298942565918 22.2862300872803 22.6740703582764 22.6985378265381
21.2226486206055 21.2271461486816 21.2180767059326 21.2248401641846 21.234447479248 21.2770500183105 21.3231754302979 21.3872261047363 21.5905342102051 22.1301002502441 22.8564605712891 23.8392658233643 24.6021709442139 25.1851634979248 25.2533397674561 25.0776557922363 25.0581760406494 25.0760154724121 24.5962066650391 24.07839012146 23.5050144195557 22.7732582092285 21.3786659240723 19.8030242919922 17.8451728820801 15.9010667800903 13.9737586975098 12.5215463638306 11.4153871536255 10.2564039230347 9.07554531097412 8.22508907318115 7.43958187103271 7.61663818359375 7.89160966873169 8.77486324310303 9.83681869506836 11.5270948410034 13.0793380737305 14.3752403259277 15.6657772064209 16.9504699707031 18.3566246032715 19.8413696289062 20.6908092498779 21.3120365142822 22.0892181396484
22.2878284454346 22.0173664093018 21.6726207733154 21.5562057495117 21.4683704376221 21.5211486816406 21.5809898376465 21.6767578125 21.9329967498779 22.5767078399658 23.310583114624 24.1682472229004 24.8772506713867 25.4646224975586 25.6146335601807 25.5574722290039 25.3606643676758 25.1304893493652 24.3070659637451 23.3865242004395 21.6456203460693 19.8609237670898 17.8929576873779 15.7703638076782 13.3213386535645 11.0225515365601 8.90738582611084 7.44479703903198 6.4575366973877 5.79410028457642 5.26477098464966 5.38105630874634 5.62425470352173 6.39133405685425 7.20425224304199 8.27543830871582 9.43587017059326 10.9100942611694 12.2852325439453 13.4763593673706 14.5959234237671 15.6375198364258 16.9201774597168 18.3588123321533 19.3724384307861 20.2333946228027 21.3950023651123
23.9642848968506 23.4095363616943 22.7260265350342 22.3560600280762 22.0330181121826 22.1103591918945 22.2033061981201 22.3756370544434 22.7596378326416 23.6547336578369 24.4067535400391 24.9623508453369 25.1068077087402 24.9148788452148 24.8691215515137 24.8926048278809 24.8560981750488 24.8052577972412 23.0351123809814 21.0662651062012 17.9244537353516 14.9402132034302 12.6154232025146 10.5245447158813 8.92747020721436 7.53865432739258 6.40437412261963 5.63730525970459 5.13770818710327 4.84382629394531 4.63513851165771 4.8832688331604 5.22119855880737 6.1406135559082 7.0949559211731 8.18013954162598 9.30572509765625 10.5733671188354 11.8153533935547 13.0096921920776 14.0741205215454 14.9970064163208 16.0959587097168 17.3088340759277 18.445764541626 19.5554161071777 20.5807552337646
24.9705600738525 24.4825305938721 23.879566192627 23.3898277282715 22.9312515258789 23.0010681152344 23.0888557434082 23.2680549621582 23.6281795501709 24.425163269043 24.9647769927979 25.1510543823242 24.476957321167 23.0989246368408 22.5883502960205 22.4886741638184 22.5055904388428 22.550365447998 20.1013660430908 17.4326972961426 14.0603199005127 10.9541397094727 8.96202850341797 7.29630756378174 6.31962299346924 5.54220008850098 5.00831651687622 4.65746164321899 4.43992137908936 4.34347152709961 4.29716920852661 4.61383008956909 5.00184106826782 5.95558786392212 6.93249082565308 7.93093729019165 8.9462890625 10.0210790634155 11.1328439712524 12.3132743835449 13.3898410797119 14.3532428741455 15.3816442489624 16.4521026611328 17.6284332275391 18.842794418335 19.8269519805908
25.4124641418457 25.2867393493652 25.117431640625 24.6205806732178 24.1104030609131 24.1456756591797 24.1960792541504 24.3234558105469 24.5320072174072 24.936559677124 25.0696144104004 24.8299407958984 23.1233863830566 20.2166690826416 19.014705657959 18.6202449798584 18.6005802154541 18.670467376709 15.7681894302368 12.6931705474854 10.0757904052734 7.75514364242554 6.67635345458984 5.7671160697937 5.21581840515137 4.79834938049316 4.54444646835327 4.37459564208984 4.26596689224243 4.22200155258179 4.20481491088867 4.53668880462646 4.93717956542969 5.82588529586792 6.72525072097778 7.55213022232056 8.39376163482666 9.28726100921631 10.2712745666504 11.4233808517456 12.5687370300293 13.7067403793335 14.759880065918 15.7581090927124 16.9031810760498 18.1009998321533 19.1240501403809
25.3659133911133 25.3321399688721 25.2852573394775 24.9631214141846 24.6268196105957 24.6686935424805 24.7126502990723 24.7672080993652 24.8176918029785 24.858341217041 24.6578006744385 24.1261425018311 21.7421169281006 17.8425388336182 15.7188272476196 14.4363031387329 14.2453374862671 14.3151826858521 12.1128854751587 9.78451061248779 7.89300870895386 6.23714351654053 5.56743860244751 5.01298856735229 4.70185136795044 4.46953392028809 4.33354949951172 4.24442720413208 4.18943881988525 4.16925239562988 4.1634783744812 4.41456747055054 4.71614980697632 5.42141914367676 6.134352684021 6.77611398696899 7.4666543006897 8.32870674133301 9.22917747497559 10.2009983062744 11.252326965332 12.3902826309204 13.4362201690674 14.4226169586182 15.5858640670776 16.8126373291016 17.9521408081055
25.0803279876709 25.0062026977539 24.9294357299805 24.871000289917 24.8189086914062 24.887523651123 24.9401760101318 24.9116382598877 24.8008766174316 24.4915828704834 23.9931564331055 23.2350692749023 20.3472957611084 15.7170696258545 12.5588779449463 10.0979585647583 9.66976451873779 9.72725677490234 8.78931045532227 7.77182197570801 6.59194850921631 5.54177284240723 5.03439521789551 4.63815450668335 4.47653341293335 4.34382390975952 4.24644994735718 4.18898439407349 4.16058778762817 4.15013313293457 4.14710855484009 4.27043485641479 4.41859865188599 4.88249206542969 5.35570335388184 5.80571508407593 6.35623979568481 7.26017189025879 8.09873580932617 8.81590557098389 9.693528175354 10.7459678649902 11.7690715789795 12.7731943130493 13.9788084030151 15.2568025588989 16.5507144927979
24.1370449066162 23.9604949951172 23.8124771118164 23.839900970459 23.8718509674072 23.5411262512207 23.249906539917 23.1596279144287 22.7935466766357 21.7615146636963 20.7726593017578 19.8430786132812 17.3760719299316 13.6511840820312 10.8872871398926 8.57859039306641 7.93085336685181 7.67997455596924 7.20496273040771 6.69294452667236 5.8664116859436 5.12817668914795 4.7594747543335 4.47504138946533 4.36850595474243 4.27762651443481 4.20588111877441 4.16399765014648 4.14386558532715 4.13592958450317 4.13304471969604 4.18752574920654 4.25328397750854 4.50828695297241 4.7706880569458 5.03689432144165 5.3931827545166 6.06620311737061 6.68988943099976 7.22195768356323 7.94905805587769 8.88865280151367 9.79022216796875 10.6671895980835 11.7795639038086 12.9764995574951 14.2707223892212
