Ecospace-environmental-drivers/Outputs/ASCII-for-ecospace/MOM6-ISIMIP3a/tob/1990-05_tob_MOM6-ISIMIP3a.asc
NCOLS 131 
NROWS 53 
XLLCORNER -98 
YLLCORNER 23.9265270233154 
CELLSIZE 0.133587792515755 
NODATA_value -9999 
[rows 21 to 41 of 53, columns 0 to 46 of 131]
-9999 -9999 -9999 -9999 -9999 -9999 22.42822265625 22.4580841064453 22.5277156829834 22.6570644378662 22.8210487365723 23.2936630249023 23.1203079223633 22.6039295196533 22.2142906188965 21.9708919525146 21.8306503295898 21.7612533569336 21.6769599914551 21.5869140625 21.5464725494385 21.5147838592529 21.5212059020996 21.5332622528076 21.5853061676025 21.6399326324463 21.7029304504395 21.7682209014893 21.8375110626221 21.8880729675293 21.9193649291992 21.9355525970459 21.9425411224365 21.9503593444824 21.9584522247314 21.9671363830566 21.9757614135742 21.9649639129639 21.9528636932373 21.932466506958 21.9238510131836 21.9480381011963 21.9689521789551 21.984806060791 21.9912853240967 21.9891586303711 21.9186782836914
-9999 -9999 -9999 -9999 -9999 -9999 22.4204063415527 22.42822265625 22.4879455566406 22.5376300811768 22.6570644378662 22.5124168395996 22.3074607849121 21.9831714630127 21.7625865936279 21.6616630554199 21.6037635803223 21.5754070281982 21.5278205871582 21.472806930542 20.822847366333 20.0678958892822 19.8603038787842 19.6822242736816 19.6502094268799 19.6984729766846 20.0070285797119 20.3687267303467 20.8231639862061 21.1970157623291 21.4879474639893 21.6610660552979 21.7624111175537 21.8465900421143 21.9250469207764 21.8769340515137 21.8068199157715 21.1103324890137 20.3303375244141 19.0185470581055 18.1200714111328 18.3721618652344 18.5014114379883 18.4408187866211 18.5382919311523 18.7808361053467 18.5106811523438
-9999 -9999 -9999 -9999 23.0041847229004 22.592981338501 22.4188385009766 22.4141578674316 22.42822265625 22.5476703643799 22.5175609588623 21.9150218963623 21.4891128540039 21.4127044677734 21.3682498931885 21.3606624603271 21.291524887085 21.180118560791 21.112829208374 21.0625743865967 19.7955226898193 18.3137454986572 17.9005222320557 17.5404968261719 17.4288120269775 17.4714031219482 18.014217376709 18.6558990478516 19.4701137542725 20.1531028747559 20.7010650634766 21.044490814209 21.263313293457 21.4477787017822 21.6207942962646 21.5108871459961 21.3530139923096 19.9636096954346 18.415153503418 15.853814125061 14.0925445556641 14.5584764480591 14.7872200012207 14.6494026184082 14.8321886062622 15.3092231750488 14.8465423583984
-9999 -9999 -9999 -9999 23.9523868560791 23.0525302886963 22.7671241760254 22.4188385009766 22.3954124450684 22.0972652435303 21.8017826080322 21.5165023803711 21.31907081604 21.295467376709 20.9892139434814 20.3568267822266 18.869945526123 16.7962455749512 15.9140768051147 15.4920024871826 14.3751068115234 13.1355972290039 12.9794340133667 12.8617944717407 12.8675088882446 12.9515323638916 13.2894620895386 13.6182222366333 13.9309816360474 14.3032245635986 14.7366743087769 15.2650699615479 15.8513050079346 16.4352798461914 17.0185012817383 16.831937789917 16.5313758850098 15.1735992431641 13.7907333374023 12.2481031417847 11.1499977111816 11.2893400192261 11.3220853805542 11.190089225769 11.2454786300659 11.4728507995605 11.1388740539551
-9999 -9999 -9999 -9999 -9999 23.9523868560791 23.0717678070068 23.1154117584229 22.2569370269775 21.6629390716553 21.1862773895264 21.1587333679199 21.0742511749268 20.8770980834961 20.1396999359131 18.7789402008057 16.1743106842041 12.7154598236084 11.2403106689453 10.5311431884766 9.61465740203857 8.66158580780029 8.72021484375 8.80215358734131 8.89373302459717 8.99444961547852 9.12479114532471 9.1800651550293 9.10433864593506 9.24233818054199 9.60025882720947 10.2571516036987 11.0961761474609 11.9218616485596 12.7430992126465 12.5048332214355 12.1140823364258 10.8822584152222 9.72760581970215 9.06440544128418 8.5424861907959 8.41386127471924 8.2902193069458 8.17427921295166 8.11956024169922 8.12103080749512 7.89106702804565
-9999 -9999 -9999 -9999 -9999 23.6076564788818 23.9523868560791 22.8004360198975 21.6551570892334 21.2991161346436 21.0104484558105 20.9796543121338 20.5015506744385 19.1383457183838 17.2272624969482 14.684009552002 12.277027130127 9.96362686157227 8.86846256256104 8.24370574951172 7.74797630310059 7.27501678466797 7.36310386657715 7.45691967010498 7.49609613418579 7.50503587722778 7.41593742370605 7.37063503265381 7.40176105499268 7.64096593856812 8.09427928924561 8.63205337524414 9.22128105163574 9.59677791595459 9.90103149414062 9.72046852111816 9.46972179412842 8.77744674682617 8.12558937072754 7.73111534118652 7.40401411056519 7.26446104049683 7.15812110900879 7.10310935974121 7.01408290863037 6.89383745193481 6.65962791442871
-9999 -9999 22.88108253479 22.959753036499 23.0341377258301 23.2625160217285 23.6080646514893 22.3801517486572 21.1592178344727 20.9912872314453 20.8237648010254 20.6578006744385 19.6957530975342 17.1584796905518 14.390061378479 11.3549394607544 9.27158355712891 7.84184789657593 7.04844188690186 6.50074672698975 6.30647802352905 6.17457818984985 6.26771354675293 6.35680055618286 6.37108850479126 6.3309965133667 6.11458444595337 6.01164484024048 6.10672330856323 6.4021053314209 6.90359497070312 7.31207990646362 7.66390752792358 7.71971607208252 7.67685174942017 7.53480291366577 7.37806940078735 7.08559894561768 6.80494022369385 6.5995020866394 6.40578699111938 6.24470710754395 6.13393115997314 6.10089731216431 5.99644804000854 5.82645320892334 5.62437105178833
-9999.000000000000000 -9999 -9999 -9999 22.5826053619385 22.805757522583 22.5952548980713 21.7301006317139 20.894214630127 20.8056316375732 20.6133995056152 20.0244388580322 18.3813743591309 14.6525344848633 11.7170171737671 9.69686985015869 8.21200942993164 7.09475517272949 6.43242645263672 5.94576120376587 5.79266595840454 5.69843530654907 5.74335765838623 5.79148435592651 5.84091806411743 5.84505844116211 5.70233869552612 5.6354455947876 5.70087718963623 5.95419216156006 6.40083694458008 6.65784215927124 6.79932165145874 6.82017135620117 6.80081129074097 6.65541315078735 6.49234676361084 6.29477643966675 6.09819602966309 5.90791749954224 5.71355438232422 5.50782155990601 5.34518241882324 5.24914121627808 5.17047262191772 5.10774803161621 5.01715660095215
-9999 -9999 -9999 -9999 21.9887619018555 21.6795406341553 21.7986736297607 21.2504253387451 20.7100467681885 20.6738700866699 20.357364654541 18.9678802490234 16.6702289581299 12.5755758285522 9.74752044677734 8.3809232711792 7.31955862045288 6.4678111076355 5.90435266494751 5.45221281051636 5.32213973999023 5.2489013671875 5.27234506607056 5.3035774230957 5.38207387924194 5.42648601531982 5.3603835105896 5.33363103866577 5.37554693222046 5.56536149978638 5.90736055374146 6.04129266738892 6.04847192764282 6.04943799972534 6.04833364486694 5.91528701782227 5.76412391662598 5.62955713272095 5.49122285842896 5.32889938354492 5.1567234992981 4.95712232589722 4.79619312286377 4.69502973556519 4.64563798904419 4.64376211166382 4.61416625976562
-9999 -9999 -9999 -9999 21.580265045166 21.4809875488281 21.3584041595459 20.9850978851318 20.6275768280029 20.6099109649658 20.0438747406006 17.37890625 14.4599237442017 11.0383157730103 8.6631441116333 7.49539613723755 6.63736248016357 5.99202442169189 5.48691701889038 5.0359582901001 4.90607118606567 4.83284330368042 4.86844158172607 4.91305732727051 5.01296377182007 5.0926661491394 5.10686016082764 5.12539720535278 5.15151357650757 5.25086116790771 5.42556190490723 5.47215747833252 5.44071245193481 5.44076108932495 5.45130681991577 5.35036611557007 5.23404979705811 5.12235546112061 5.00976896286011 4.89149904251099 4.77023983001709 4.64065980911255 4.54884099960327 4.51537942886353 4.49966335296631 4.50023365020752 4.46810674667358
-9999 -9999 -9999 -9999 21.4809875488281 21.3325996398926 21.1584072113037 20.8693008422852 20.5888175964355 20.5878849029541 19.9934635162354 17.1274185180664 14.0186243057251 10.429497718811 7.97526550292969 6.83052444458008 6.05935668945312 5.54473876953125 5.13802242279053 4.77297115325928 4.66162586212158 4.59505176544189 4.63583040237427 4.68566703796387 4.79140138626099 4.88345336914062 4.93114376068115 4.96794366836548 4.98574018478394 5.01827812194824 5.06598472595215 5.06437301635742 5.03271627426147 5.02174758911133 5.01767492294312 4.95250606536865 4.87879610061646 4.79153442382812 4.70452213287354 4.6190972328186 4.53641939163208 4.46138954162598 4.41366577148438 4.40814161300659 4.40509700775146 4.40432786941528 4.36980724334717
-9999 -9999 -9999 -9999 21.3239974975586 21.1584072113037 20.8677730560303 20.8656539916992 20.5828418731689 20.5973091125488 20.1403656005859 17.879056930542 14.9040966033936 10.5170192718506 7.58476495742798 6.33114719390869 5.559494972229 5.11882925033569 4.84053468704224 4.62493705749512 4.54590034484863 4.49096202850342 4.53169012069702 4.58062601089478 4.68050050735474 4.76769685745239 4.81378316879272 4.84857654571533 4.86366176605225 4.84713363647461 4.79807567596436 4.77760314941406 4.77454376220703 4.74498414993286 4.70659017562866 4.67994403839111 4.65465974807739 4.59299993515015 4.53143167495728 4.47044563293457 4.41709852218628 4.38501501083374 4.362624168396 4.35521364212036 4.34908723831177 4.34414005279541 4.30732822418213
-9999 -9999 -9999 -9999 21.1584072113037 20.8275718688965 20.6733264923096 20.5777282714844 20.5820426940918 20.6336650848389 20.3853626251221 18.9890842437744 16.2546825408936 10.8725090026855 7.41612577438354 6.181800365448 5.42246341705322 4.98932266235352 4.73720216751099 4.55498027801514 4.4850172996521 4.43486499786377 4.44945859909058 4.46778726577759 4.50542259216309 4.54369163513184 4.58401298522949 4.61901807785034 4.64474534988403 4.64419221878052 4.61659669876099 4.59986257553101 4.58974552154541 4.54397201538086 4.4863133430481 4.48180961608887 4.48444843292236 4.45874738693237 4.43106889724731 4.39079856872559 4.35426235198975 4.3281192779541 4.30969524383545 4.30319976806641 4.29402303695679 4.282386302948 4.25307989120483
-9999 -9999 -9999 -9999 -9999 20.6493453979492 20.610782623291 20.5765953063965 20.5834636688232 20.6815605163574 20.6724014282227 20.2527103424072 17.8046054840088 11.3428440093994 7.34257078170776 6.18246841430664 5.44093370437622 4.98684787750244 4.71708059310913 4.51848554611206 4.44763898849487 4.39933633804321 4.37661647796631 4.35160636901855 4.30283975601196 4.27329349517822 4.30606651306152 4.34223413467407 4.38432645797729 4.42762327194214 4.47215986251831 4.46885013580322 4.43639326095581 4.37542533874512 4.30495405197144 4.31557273864746 4.33734798431396 4.35204410552979 4.36187505722046 4.34072542190552 4.31563425064087 4.27957248687744 4.25595712661743 4.25157785415649 4.23936414718628 4.21996068954468 4.20235919952393
-9999 -9999 -9999 -9999 -9999 20.7158603668213 20.6639251708984 20.6780261993408 20.6869029998779 20.8780727386475 20.9755325317383 20.7143115997314 18.2729225158691 11.5175924301147 7.40449142456055 6.34010744094849 5.60658502578735 5.10028076171875 4.76897096633911 4.50523328781128 4.40324211120605 4.32979345321655 4.28809213638306 4.24637222290039 4.19870519638062 4.16747617721558 4.18954801559448 4.21399116516113 4.24257230758667 4.27704334259033 4.3175745010376 4.31893062591553 4.29642200469971 4.2522177696228 4.20078182220459 4.21336555480957 4.23481845855713 4.25920677185059 4.2796835899353 4.27525186538696 4.26368856430054 4.23227453231812 4.21169805526733 4.20787048339844 4.19884347915649 4.18504428863525 4.17283535003662
-9999 -9999 -9999 -9999 -9999 20.9431381225586 20.8728694915771 20.7371559143066 20.811450958252 21.1053314208984 21.2819919586182 21.009973526001 18.5174541473389 11.6311836242676 7.49444150924683 6.53022384643555 5.80268907546997 5.23769474029541 4.83576107025146 4.49679040908813 4.35739278793335 4.25321340560913 4.19632291793823 4.14340305328369 4.11493873596191 4.09571123123169 4.10642957687378 4.11648178100586 4.12537050247192 4.14011669158936 4.16088962554932 4.16509962081909 4.15921974182129 4.13839101791382 4.11257982254028 4.12440586090088 4.14151048660278 4.16923809051514 4.19480323791504 4.20659160614014 4.20898723602295 4.18523502349854 4.16939973831177 4.16580009460449 4.16124725341797 4.15581941604614 4.14769697189331
-9999 -9999 -9999 -9999 -9999 -9999 21.2926158905029 21.203426361084 21.2305278778076 21.5172901153564 21.6283187866211 21.0667037963867 18.4073429107666 11.5971326828003 7.55674934387207 6.71231317520142 6.01299953460693 5.4133472442627 4.91557884216309 4.45715141296387 4.2923731803894 4.17941522598267 4.1417031288147 4.10797500610352 4.09371614456177 4.0839524269104 4.08876419067383 4.09329748153687 4.09734439849854 4.10431718826294 4.11430072784424 4.11655759811401 4.11410760879517 4.10447263717651 4.09244251251221 4.09859418869019 4.10731315612793 4.12368106842041 4.13901853561401 4.14779281616211 4.15122365951538 4.13977813720703 4.13181018829346 4.12921571731567 4.12626314163208 4.12298202514648 4.11728096008301
-9999 -9999 -9999 -9999 -9999 -9999 21.8044681549072 21.9372673034668 21.6814804077148 21.9457778930664 21.9660835266113 21.0524959564209 18.1988868713379 11.5065269470215 7.58481740951538 6.86000442504883 6.19555759429932 5.57256746292114 4.98736429214478 4.41675233840942 4.22984647750854 4.11065292358398 4.09258365631104 4.07827425003052 4.07684421539307 4.07566785812378 4.07531356811523 4.07516813278198 4.07538747787476 4.07572984695435 4.07619905471802 4.07646417617798 4.07660531997681 4.07669878005981 4.07677602767944 4.07751655578613 4.07837867736816 4.08350276947021 4.08861255645752 4.09362936019897 4.09733104705811 4.09737062454224 4.0967755317688 4.09519958496094 4.09364748001099 4.09211826324463 4.08867311477661
-9999 -9999 -9999 -9999 -9999 -9999 22.4607925415039 22.2727108001709 22.3317718505859 22.4623394012451 22.1934661865234 20.3957080841064 17.1107845306396 10.8831825256348 7.26085186004639 6.6445951461792 6.07529258728027 5.53823566436768 4.96724510192871 4.38315153121948 4.20307064056396 4.09428596496582 4.0843939781189 4.07740020751953 4.07650995254517 4.07577705383301 4.07555532455444 4.07545804977417 4.0755786895752 4.07577276229858 4.07604169845581 4.07620048522949 4.07629251480103 4.07630348205566 4.07628774642944 4.0767765045166 4.07734680175781 4.07948875427246 4.08168172836304 4.08420085906982 4.0861964225769 4.08673286437988 4.08674812316895 4.08595848083496 4.08504819869995 4.0840277671814 4.08187055587769
-9999 -9999 -9999 -9999 -9999 23.4552955627441 23.0521392822266 23.1724014282227 22.8972091674805 22.8869209289551 22.3041114807129 19.5299186706543 15.807804107666 10.2100219726562 6.94955539703369 6.38598537445068 5.88019609451294 5.41408729553223 4.8860878944397 4.3341908454895 4.17305898666382 4.080885887146 4.07776069641113 4.07666444778442 4.0762300491333 4.07587957382202 4.07580232620239 4.07577323913574 4.07582759857178 4.07591009140015 4.07602262496948 4.07609033584595 4.07613182067871 4.07607650756836 4.07598972320557 4.0762300491333 4.07651233673096 4.07637119293213 4.07631826400757 4.07682657241821 4.0774097442627 4.07819890975952 4.07860469818115 4.07841873168945 4.07801818847656 4.07742071151733 4.0764102935791
-9999 -9999 -9999 -9999 24.6856880187988 23.8803081512451 23.4552955627441 23.3081474304199 23.1514987945557 22.9742431640625 21.9867095947266 17.8977756500244 13.7169256210327 9.35419654846191 6.6847128868103 5.96897029876709 5.41071176528931 4.96060514450073 4.58112144470215 4.2289080619812 4.13118314743042 4.07836771011353 4.07683324813843 4.07643508911133 4.07614803314209 4.07595539093018 4.07607078552246 4.07618188858032 4.07628631591797 4.07639503479004 4.07650852203369 4.07654333114624 4.07652950286865 4.07646799087524 4.07639026641846 4.07639026641846 4.07640171051025 4.07654190063477 4.07670116424561 4.07698440551758 4.07723140716553 4.07737922668457 4.07737016677856 4.07711887359619 4.07674312591553 4.07625293731689 4.07587242126465
