Ecospace-environmental-drivers/Outputs/ASCII-for-ecospace/MOM6-ISIMIP3a/tob/1990-04_tob_MOM6-ISIMIP3a.asc
NCOLS 131 
NROWS 53 
XLLCORNER -98 
YLLCORNER 23.9265270233154 
CELLSIZE 0.133587792515755 
NODATA_value -9999 
[rows 21 to 41 of 53, columns 0 to 46 of 131]
-9999 -9999 -9999 -9999 -9999 -9999 20.1647529602051 20.1581707000732 20.1458778381348 20.1305351257324 20.2098770141602 20.3283271789551 20.2973079681396 20.2049121856689 20.1316413879395 20.0804386138916 20.1895713806152 20.4088115692139 20.6135272979736 20.8126354217529 20.9745178222656 21.1298313140869 21.1953430175781 21.2568874359131 21.3017673492432 21.3442535400391 21.3789806365967 21.4318695068359 21.5164546966553 21.5905227661133 21.6537742614746 21.7096557617188 21.7610473632812 21.7812824249268 21.791130065918 21.8024711608887 21.8138179779053 21.7971038818359 21.7810401916504 21.769115447998 21.7636547088623 21.7761936187744 21.7885112762451 21.8004817962646 21.8075981140137 21.8102569580078 21.7868556976318
-9999 -9999 -9999 -9999 -9999 -9999 20.1652927398682 20.1647529602051 20.1515884399414 20.1366386413574 20.1305351257324 20.1707706451416 20.2116851806641 20.2539463043213 20.3160018920898 20.4008960723877 20.5638523101807 20.7804183959961 20.9413566589355 21.0808143615723 20.5856132507324 19.9784145355225 19.7073535919189 19.4696922302246 19.4490222930908 19.5038776397705 19.8036098480225 20.1850700378418 20.7091579437256 21.0986614227295 21.349681854248 21.5210113525391 21.6437931060791 21.7256889343262 21.7939586639404 21.7782497406006 21.7457275390625 20.9898223876953 20.1689147949219 18.9340419769287 18.1084899902344 18.4223823547363 18.5711688995361 18.4647998809814 18.5402679443359 18.7826271057129 18.4826278686523
-9999 -9999 -9999 -9999 20.3944778442383 20.23606300354 20.1668224334717 20.1643028259277 20.1647529602051 20.1384220123291 20.1128482818604 20.0901851654053 20.1398639678955 20.332691192627 20.5215072631836 20.7056922912598 20.8284568786621 20.9090442657471 20.96266746521 21.005880355835 19.8522567749023 18.4874248504639 17.8899192810059 17.3627166748047 17.2813453674316 17.3496646881104 17.9033451080322 18.5979156494141 19.5383491516113 20.2314796447754 20.6701374053955 20.9731788635254 21.193603515625 21.3712100982666 21.5345420837402 21.4873085021973 21.4007301330566 19.89084815979 18.2576313018799 15.838978767395 14.2186374664307 14.8205976486206 15.0988159179688 14.8767099380493 15.016655921936 15.4888935089111 14.9204339981079
-9999 -9999 -9999 -9999 20.7588443756104 20.4161796569824 20.3053016662598 20.1668224334717 20.1613311767578 20.0914535522461 20.0606670379639 20.1795043945312 20.3307189941406 20.5459957122803 20.5140132904053 20.1967315673828 18.8540267944336 16.8071136474609 15.8698291778564 15.361011505127 14.3708162307739 13.2956733703613 12.9717559814453 12.699423789978 12.7198858261108 12.8069276809692 13.1098489761353 13.4490814208984 13.8516807556152 14.2401866912842 14.6141910552979 15.1453056335449 15.7721300125122 16.5186157226562 17.3049907684326 17.1587772369385 16.8742656707764 15.2829027175903 13.7052793502808 12.2151527404785 11.1836585998535 11.4288864135742 11.5115480422974 11.3429727554321 11.3727235794067 11.5844993591309 11.1983585357666
-9999 -9999 -9999 -9999 -9999 20.7588443756104 20.4337463378906 20.4437828063965 20.1322059631348 20.0559520721436 20.0447101593018 20.2823181152344 20.4605922698975 20.521463394165 20.0651321411133 19.0120334625244 16.4839382171631 12.9428977966309 11.29345703125 10.3744335174561 9.58118915557861 8.81014060974121 8.72047138214111 8.66396427154541 8.75946998596191 8.84882831573486 8.91825389862061 8.95416069030762 8.93157196044922 9.08935165405273 9.43272590637207 10.116868019104 11.008602142334 12.1039066314697 13.2670679092407 13.0567893981934 12.6485986709595 11.1160879135132 9.69996738433838 9.02505302429199 8.51341915130615 8.45631980895996 8.37675857543945 8.26248168945312 8.19667148590088 8.17534446716309 7.93680572509766
-9999 -9999 -9999 -9999 -9999 20.6633377075195 20.7588443756104 20.3655395507812 19.9903755187988 20.0707187652588 20.1875915527344 20.4442920684814 20.3230762481689 19.4540748596191 17.6808834075928 14.8644018173218 12.3790092468262 10.1209907531738 8.98165130615234 8.27427673339844 7.82496070861816 7.42118453979492 7.3932671546936 7.38137674331665 7.43445825576782 7.45419788360596 7.36583042144775 7.32646656036377 7.37261867523193 7.6236891746521 8.08561611175537 8.59373188018799 9.12998580932617 9.60919284820557 10.0693845748901 9.94813632965088 9.74183559417725 8.88350200653076 8.09326934814453 7.73672246932983 7.44246006011963 7.32158279418945 7.22595548629761 7.16934967041016 7.0721435546875 6.93767404556274 6.69451522827148
-9999 -9999 20.4557704925537 20.4797554016113 20.5044441223145 20.5677165985107 20.6634502410889 20.274658203125 19.9086608886719 20.1090393066406 20.2929611206055 20.4138965606689 19.8216247558594 17.818115234375 15.0729885101318 11.4721536636353 9.239670753479 7.94689750671387 7.19091510772705 6.64220714569092 6.44318723678589 6.30587673187256 6.31599617004395 6.3312554359436 6.36244249343872 6.34386444091797 6.16392755508423 6.08054161071777 6.16564559936523 6.4659252166748 6.98761558532715 7.33901977539062 7.58668661117554 7.63410806655884 7.61478137969971 7.54896974563599 7.47468042373657 7.11498022079468 6.783935546875 6.63537836074829 6.47988700866699 6.30509233474731 6.18370485305786 6.14485359191895 6.03349161148071 5.8555793762207 5.6460542678833
-9999.000000000000000 -9999 -9999 -9999 20.3671073913574 20.4411735534668 20.3828544616699 20.1562080383301 19.9581146240234 20.198751449585 20.3164825439453 19.9637832641602 18.5261192321777 14.9416151046753 11.9771270751953 9.7280387878418 8.20711040496826 7.18624114990234 6.53707408905029 6.03143548965454 5.87841892242432 5.7876296043396 5.78404331207275 5.78834104537964 5.84242725372314 5.85382509231567 5.72680997848511 5.66758012771606 5.72664308547974 5.97995185852051 6.43313646316528 6.66996908187866 6.77500200271606 6.7927770614624 6.78146696090698 6.69779920578003 6.60305595397949 6.35897731781006 6.12340497970581 5.94200944900513 5.75379467010498 5.54659843444824 5.37829875946045 5.27011060714722 5.18220996856689 5.11292934417725 5.02050018310547
-9999 -9999 -9999 -9999 20.1828727722168 20.0924320220947 20.1388816833496 20.0443077087402 19.9708442687988 20.2320022583008 20.1947479248047 19.0152893066406 16.8312873840332 12.6595773696899 9.77627658843994 8.37959861755371 7.33918380737305 6.54343128204346 5.97499704360962 5.49433898925781 5.3658013343811 5.29940223693848 5.29969167709351 5.30924129486084 5.38379096984863 5.42663335800171 5.36667013168335 5.34319829940796 5.38340759277344 5.57287454605103 5.91592502593994 6.04933309555054 6.05502891540527 6.05830430984497 6.06077289581299 5.96453905105591 5.85432577133179 5.69713449478149 5.53697299957275 5.35789632797241 5.17636632919312 4.98800754547119 4.82636785507202 4.70602130889893 4.64509677886963 4.63871049880981 4.61027526855469
-9999 -9999 -9999 -9999 20.0537223815918 20.0150146484375 19.9672164916992 19.9406433105469 19.9373683929443 20.194221496582 19.8902702331543 17.4397926330566 14.6340713500977 11.1254215240479 8.70142459869385 7.52894830703735 6.67838048934937 6.04888248443604 5.52836608886719 5.04993200302124 4.91879415512085 4.84894275665283 4.8752269744873 4.91042613983154 5.00237417221069 5.07850933074951 5.10337448120117 5.13025569915771 5.16065549850464 5.26505565643311 5.44560050964355 5.48960781097412 5.45043754577637 5.45826721191406 5.48176431655884 5.37962102890015 5.26020622253418 5.15375423431396 5.04376268386841 4.91123580932617 4.78596830368042 4.68090963363647 4.59332942962646 4.53276062011719 4.50323486328125 4.50220012664795 4.47095251083374
-9999 -9999 -9999 -9999 20.0150146484375 19.9571552276611 19.8892364501953 19.8753623962402 19.8808174133301 20.1215324401855 19.7747192382812 17.1790981292725 14.2087993621826 10.4971151351929 7.99142980575562 6.87727642059326 6.11411476135254 5.5919942855835 5.16665172576904 4.77867841720581 4.66426944732666 4.59813642501831 4.63616228103638 4.68229246139526 4.77694892883301 4.86273002624512 4.91973638534546 4.963538646698 4.98429775238037 5.02362537384033 5.08205938339233 5.07958316802979 5.04000043869019 5.03478050231934 5.04101419448853 4.96380758285522 4.87518215179443 4.80229377746582 4.72644472122192 4.63174104690552 4.54763031005859 4.49300861358643 4.44977378845215 4.42413663864136 4.41162109375 4.41114807128906 4.37722730636597
-9999 -9999 -9999 -9999 19.9538021087646 19.8892364501953 19.8339500427246 19.8388652801514 19.8069591522217 20.0226593017578 19.8008651733398 17.90452003479 15.1125040054321 10.5482063293457 7.55508041381836 6.374840259552 5.62225198745728 5.16335153579712 4.86862468719482 4.63729095458984 4.5541090965271 4.49707126617432 4.5361499786377 4.58217239379883 4.66851854324341 4.74621105194092 4.79584312438965 4.83149147033691 4.8427357673645 4.83198690414429 4.79860734939575 4.78183555603027 4.77518177032471 4.74370765686035 4.70395994186401 4.6748251914978 4.64698171615601 4.59477615356445 4.54104804992676 4.47762250900269 4.42333936691284 4.39450550079346 4.37333059310913 4.36399126052856 4.35769462585449 4.35419034957886 4.31770133972168
-9999 -9999 -9999 -9999 19.8892364501953 19.8021774291992 19.7603607177734 19.7323379516602 19.7528591156006 19.9486751556396 19.900577545166 18.918888092041 16.407356262207 10.8686981201172 7.37720155715942 6.24780654907227 5.50951051712036 5.03979969024658 4.76514911651611 4.56581878662109 4.49032640457153 4.43668842315674 4.45202493667603 4.47003698348999 4.49775314331055 4.52877378463745 4.57050800323486 4.60326719284058 4.62036323547363 4.62154245376587 4.60634326934814 4.59652376174927 4.5899806022644 4.54111671447754 4.47814607620239 4.47475624084473 4.47944021224976 4.46180295944214 4.44030332565308 4.39420509338379 4.3535361289978 4.3279824256897 4.31206321716309 4.31103515625 4.30491161346436 4.29411125183105 4.26397037506104
-9999 -9999 -9999 -9999 -9999 19.7400455474854 19.7251625061035 19.7098789215088 19.7072257995605 19.8853569030762 20.0318222045898 20.057092666626 17.8698444366455 11.3046493530273 7.31009674072266 6.28166151046753 5.55925178527832 5.0470027923584 4.74505376815796 4.52431011199951 4.44642066955566 4.3937406539917 4.3747091293335 4.3527512550354 4.30027198791504 4.26808595657349 4.30169725418091 4.33382320404053 4.363356590271 4.40303754806519 4.45316123962402 4.45939874649048 4.43890190124512 4.3764476776123 4.30000782012939 4.31279373168945 4.3378963470459 4.36077833175659 4.37583875656128 4.34108829498291 4.3070855140686 4.27516460418701 4.25730037689209 4.26116037368774 4.25261831283569 4.23269414901733 4.21272230148315
-9999 -9999 -9999 -9999 -9999 19.7543125152588 19.7346153259277 19.733268737793 19.7439804077148 19.9165992736816 20.0971813201904 20.3082523345947 18.1830158233643 11.4348917007446 7.37284278869629 6.4101037979126 5.69839763641357 5.15908575057983 4.79812335968018 4.50602865219116 4.39807033538818 4.32260704040527 4.28469944000244 4.24643039703369 4.19829320907593 4.16656446456909 4.18803977966309 4.20914077758789 4.22958850860596 4.26106405258179 4.30388641357422 4.31228923797607 4.29972362518311 4.25499677658081 4.19954919815063 4.21296882629395 4.23595428466797 4.26558589935303 4.2891526222229 4.27409648895264 4.25617074966431 4.23025798797607 4.21508884429932 4.21652317047119 4.20860910415649 4.19211483001709 4.18079900741577
-9999 -9999 -9999 -9999 -9999 19.8282241821289 19.8031597137451 19.7606983184814 19.7977809906006 19.9674072265625 20.1489105224609 20.3758811950684 18.258394241333 11.5018825531006 7.46245527267456 6.55811643600464 5.85604095458984 5.29286861419678 4.86633110046387 4.49255275726318 4.34880065917969 4.24564123153687 4.19206380844116 4.1423773765564 4.11607313156128 4.09797477722168 4.10648345947266 4.11440944671631 4.12131881713867 4.13492441177368 4.15542030334473 4.16311359405518 4.1630072593689 4.14248752593994 4.11516284942627 4.12599992752075 4.14220666885376 4.17159986495972 4.19786834716797 4.20423364639282 4.20433282852173 4.18698835372925 4.17547416687012 4.17296981811523 4.16631364822388 4.15584754943848 4.15287446975708
-9999 -9999 -9999 -9999 -9999 -9999 19.9468955993652 19.9155120849609 19.9281063079834 20.0701484680176 20.2141857147217 20.365852355957 18.2124156951904 11.4978218078613 7.52299690246582 6.7094349861145 6.03262853622437 5.44973850250244 4.93865442276001 4.45529699325562 4.28669357299805 4.17363500595093 4.13818597793579 4.10667514801025 4.0938196182251 4.0849027633667 4.08875703811646 4.09237575531006 4.09558439254761 4.10198974609375 4.11168336868286 4.11549139022827 4.11571359634399 4.10648632049561 4.09410905838013 4.09964036941528 4.10770559310913 4.12402582168579 4.13903617858887 4.14570903778076 4.14874315261841 4.14164733886719 4.1363410949707 4.13380193710327 4.12910795211792 4.12243700027466 4.12017059326172
-9999 -9999 -9999 -9999 -9999 -9999 20.1228275299072 20.164478302002 20.0717811584473 20.1932888031006 20.296968460083 20.332405090332 18.1180763244629 11.4521007537842 7.54732894897461 6.82855272293091 6.18415927886963 5.59084701538086 5.00302028656006 4.41731119155884 4.22710752487183 4.10669803619385 4.08987712860107 4.07679080963135 4.0759220123291 4.07524442672729 4.07518625259399 4.07523059844971 4.07545280456543 4.07570266723633 4.0759801864624 4.07609891891479 4.07611989974976 4.07666301727295 4.07737970352173 4.07793188095093 4.07848358154297 4.08213376998901 4.0860800743103 4.09191131591797 4.09679794311523 4.09905481338501 4.09952688217163 4.09724044799805 4.09450531005859 4.09135770797729 4.08946228027344
-9999 -9999 -9999 -9999 -9999 -9999 20.6264228820801 20.2884941101074 20.3213024139404 20.5092163085938 20.5600547790527 20.0862236022949 17.565845489502 10.9959230422974 7.19929170608521 6.60260391235352 6.05935478210449 5.55280447006226 4.98054075241089 4.3829026222229 4.20054054260254 4.09146213531494 4.08245325088501 4.07631540298462 4.07584619522095 4.07548189163208 4.07545900344849 4.07550144195557 4.07565927505493 4.07580852508545 4.07594966888428 4.07598209381104 4.0759482383728 4.07619142532349 4.0765266418457 4.07689046859741 4.07726573944092 4.07868766784668 4.08029890060425 4.08311414718628 4.08551740646362 4.08677244186401 4.08721256256104 4.08639240264893 4.08523750305176 4.08377504348755 4.08231639862061
-9999 -9999 -9999 -9999 -9999 22.2635192871094 21.4197101593018 21.4262962341309 20.6331958770752 20.8742847442627 20.7970104217529 19.5011749267578 16.5733852386475 10.4164190292358 6.87209320068359 6.34234428405762 5.86571598052979 5.42556810379028 4.89601039886475 4.33192873001099 4.17005348205566 4.07915496826172 4.07656621932983 4.07596397399902 4.07580423355103 4.07569265365601 4.07573890686035 4.07580947875977 4.07592248916626 4.07599449157715 4.0760235786438 4.07597827911377 4.07588768005371 4.07588291168213 4.07590675354004 4.07607889175415 4.07626867294312 4.07602643966675 4.07587146759033 4.07627296447754 4.07667398452759 4.077073097229 4.07741403579712 4.07766437530518 4.07769823074341 4.07753419876099 4.0765495300293
-9999 -9999 -9999 -9999 23.105297088623 22.5857353210449 22.2635192871094 21.700532913208 21.1737880706787 21.4195384979248 20.9381504058838 17.673583984375 13.9667301177979 9.38471412658691 6.62130308151245 5.95627641677856 5.41968011856079 4.97128295898438 4.58395767211914 4.22021484375 4.12518978118896 4.07758569717407 4.07631540298462 4.07606744766235 4.07588672637939 4.0758056640625 4.07604789733887 4.07625341415405 4.07639455795288 4.07647180557251 4.07648324966431 4.07639074325562 4.07623386383057 4.07617282867432 4.07614326477051 4.07611131668091 4.07608032226562 4.07624197006226 4.07640838623047 4.07660388946533 4.07676792144775 4.07684326171875 4.07683849334717 4.07671070098877 4.07649993896484 4.07621335983276 4.07583665847778
