Ecospace-environmental-drivers/Outputs/ASCII-for-ecospace/MOM6-ISIMIP3a/tob/1990-07_tob_MOM6-ISIMIP3a.asc
NCOLS 131 
NROWS 53 
XLLCORNER -98 
YLLCORNER 23.9265270233154 
CELLSIZE 0.133587792515755 
NODATA_value -9999 
[rows 21 to 41 of 53, columns 47 to 93 of 131]
21.9273929595947 21.8232936859131 21.7583999633789 21.8569278717041 21.966968536377 21.9362640380859 21.8402614593506 21.4120922088623 20.3935718536377 17.9495887756348 16.2525501251221 15.5809631347656 13.9970350265503 11.666654586792 9.69941902160645 7.90419626235962 7.03843641281128 6.39475584030151 6.14854192733765 5.90357351303101 5.27930784225464 4.73395824432373 4.51887989044189 4.35016012191772 4.27930736541748 4.22415351867676 4.18818807601929 4.15978670120239 4.13689565658569 4.12245559692383 4.11151552200317 4.1108341217041 4.11216926574707 4.14509296417236 4.18644618988037 4.29872035980225 4.47294473648071 4.86499071121216 5.26858568191528 5.69362783432007 6.26418209075928 6.99327564239502 7.79927253723145 8.655029296875 9.51497650146484 10.376428604126 11.6765642166138
18.4037609100342 18.0198154449463 17.654333114624 17.6475639343262 17.6660327911377 17.3746013641357 17.0320339202881 16.4293460845947 15.4885158538818 13.7312059402466 12.5475568771362 12.1514673233032 11.1405029296875 9.62646389007568 8.36620807647705 7.2261643409729 6.5115761756897 5.89864301681519 5.66679716110229 5.44799661636353 5.03801393508911 4.66798686981201 4.4651780128479 4.30697774887085 4.24295043945312 4.19534492492676 4.16781091690063 4.14483690261841 4.12518358230591 4.11338710784912 4.10484457015991 4.10116815567017 4.09844827651978 4.10655832290649 4.11886262893677 4.16822099685669 4.24801254272461 4.43481016159058 4.63844347000122 4.87334251403809 5.20698165893555 5.64820146560669 6.13446998596191 6.6498875617981 7.54980087280273 8.58783054351807 9.79998588562012
14.635009765625 13.9838171005249 13.3307094573975 13.2152156829834 13.1375932693481 12.5966815948486 12.0218572616577 11.2745208740234 10.4679555892944 9.5183744430542 8.92831707000732 8.83183860778809 8.37914085388184 7.6349925994873 7.05593347549438 6.55507326126099 6.01888227462769 5.47424936294556 5.2464485168457 5.0399432182312 4.8265962600708 4.61685943603516 4.42223310470581 4.27109241485596 4.21175384521484 4.16946744918823 4.14802360534668 4.12980222702026 4.11392831802368 4.10493516921997 4.09879207611084 4.09422302246094 4.08996295928955 4.08904600143433 4.08848142623901 4.09014654159546 4.09223127365112 4.09579038619995 4.11699295043945 4.17096042633057 4.26674270629883 4.40808343887329 4.571120262146 4.7481951713562 5.67003297805786 6.85940027236938 7.99128341674805
10.8792142868042 10.4793157577515 10.1064720153809 9.94833087921143 9.80410194396973 9.44217300415039 9.0789213180542 8.7089376449585 8.3204402923584 7.88724040985107 7.61206388473511 7.55383062362671 7.2628607749939 6.78147125244141 6.32356071472168 5.87677145004272 5.44597387313843 5.01899719238281 4.86940765380859 4.73903465270996 4.61099290847778 4.48717498779297 4.3810338973999 4.28573036193848 4.21330547332764 4.16229677200317 4.1374626159668 4.12000036239624 4.10790872573853 4.10017681121826 4.09425067901611 4.09037733078003 4.08690690994263 4.08673477172852 4.08678197860718 4.08778095245361 4.08901453018188 4.09107351303101 4.100914478302 4.12520837783813 4.16841459274292 4.23222732543945 4.30669021606445 4.38804483413696 4.84124517440796 5.42801809310913 6.66238451004028
7.59590721130371 7.39941692352295 7.25099849700928 7.06688451766968 6.87942361831665 6.70026350021362 6.54235553741455 6.49255657196045 6.45416021347046 6.44329738616943 6.42558288574219 6.39846181869507 6.23400163650513 5.9571738243103 5.61017370223999 5.22993469238281 4.911696434021 4.60827159881592 4.53540849685669 4.47826099395752 4.41932106018066 4.36536169052124 4.33225011825562 4.28554630279541 4.21014881134033 4.15622901916504 4.12855911254883 4.11165189743042 4.10258483886719 4.09593534469604 4.09028673171997 4.08709335327148 4.08438205718994 4.08481168746948 4.08534574508667 4.08576726913452 4.0862717628479 4.08706760406494 4.0876579284668 4.08786582946777 4.08828258514404 4.08892774581909 4.09089231491089 4.09371042251587 4.15819978713989 4.24484252929688 5.47072315216064
6.38432741165161 6.18128108978271 6.01244783401489 5.87548208236694 5.74727487564087 5.76748132705688 5.7876091003418 5.8073353767395 5.82102394104004 5.82013416290283 5.80811977386475 5.78083276748657 5.58845853805542 5.26101493835449 4.98003482818604 4.72106409072876 4.54680442810059 4.3927845954895 4.39013290405273 4.39346790313721 4.33257913589478 4.2780613899231 4.25020837783813 4.22037124633789 4.18634557723999 4.15499830245972 4.12692451477051 4.10967636108398 4.10031318664551 4.09396076202393 4.08885526657104 4.08627367019653 4.08418893814087 4.08459186553955 4.08506298065186 4.08529710769653 4.08560657501221 4.08618211746216 4.08677339553833 4.08739519119263 4.08793354034424 4.08838081359863 4.0883321762085 4.08796262741089 4.11419630050659 4.14998626708984 4.88080787658691
5.40305185317993 5.21209383010864 5.03784227371216 4.95370817184448 4.88647890090942 5.02662992477417 5.15444707870483 5.21952629089355 5.26538372039795 5.26482915878296 5.24199390411377 5.18857145309448 4.99422550201416 4.68458032608032 4.48532724380493 4.3383641242981 4.27474451065063 4.23103857040405 4.26939296722412 4.30719041824341 4.25483465194702 4.20839071273804 4.18668937683105 4.16938257217407 4.16135406494141 4.14580202102661 4.12105560302734 4.10583162307739 4.09754419326782 4.09210538864136 4.08784627914429 4.08573436737061 4.08404493331909 4.08438062667847 4.08476400375366 4.08487749099731 4.08506679534912 4.08552169799805 4.0861382484436 4.08705472946167 4.08746099472046 4.08731174468994 4.08594369888306 4.08378648757935 4.0838475227356 4.0847053527832 4.4113564491272
4.92426586151123 4.78607606887817 4.63912630081177 4.62022399902344 4.61773586273193 4.70454263687134 4.78656578063965 4.84425687789917 4.87882900238037 4.85757923126221 4.78787755966187 4.6516580581665 4.51194286346436 4.3693675994873 4.28610992431641 4.23094940185547 4.20523118972778 4.18654775619507 4.20218420028687 4.21767473220825 4.19672107696533 4.17718553543091 4.16358327865601 4.14934635162354 4.13376951217651 4.11922693252563 4.10594749450684 4.09791040420532 4.09369134902954 4.09051084518433 4.08776092529297 4.08580636978149 4.08400821685791 4.08418750762939 4.08442974090576 4.0845685005188 4.08479881286621 4.08535289764404 4.08604574203491 4.08699750900269 4.08672046661377 4.0851035118103 4.08392858505249 4.08303928375244 4.08329105377197 4.08395290374756 4.20473957061768
4.58745050430298 4.49821710586548 4.3932933807373 4.41116857528687 4.44199275970459 4.48306131362915 4.52421379089355 4.56579494476318 4.58073902130127 4.53136491775513 4.44228458404541 4.29869318008423 4.21349191665649 4.17606449127197 4.16114568710327 4.15688896179199 4.15286636352539 4.14890003204346 4.15180397033691 4.15497827529907 4.15521574020386 4.15368747711182 4.1447696685791 4.13299942016602 4.11520671844482 4.10262537002563 4.09641313552856 4.09282827377319 4.09115791320801 4.08947467803955 4.08778715133667 4.08590030670166 4.08397436141968 4.08392810821533 4.0839729309082 4.08422803878784 4.08458662033081 4.08530950546265 4.08610057830811 4.08701610565186 4.08632755279541 4.08389139175415 4.08277082443237 4.08250141143799 4.08279895782471 4.08330059051514 4.08797216415405
4.42924690246582 4.38417387008667 4.33980131149292 4.35865497589111 4.38325119018555 4.38815021514893 4.39462661743164 4.40912580490112 4.39394521713257 4.30710029602051 4.23322343826294 4.1771502494812 4.14631700515747 4.13613414764404 4.12959861755371 4.12479114532471 4.12207651138306 4.11986207962036 4.12259531021118 4.12602233886719 4.13460350036621 4.13988494873047 4.13135671615601 4.1212944984436 4.10799360275269 4.09857130050659 4.0938892364502 4.09131813049316 4.09028482437134 4.08914184570312 4.08795404434204 4.086021900177 4.08394384384155 4.08358526229858 4.08336305618286 4.08384799957275 4.08444309234619 4.08542537689209 4.08633995056152 4.08712959289551 4.0863733291626 4.08393239974976 4.08269166946411 4.08222675323486 4.08238792419434 4.08277368545532 4.08424377441406
4.32513904571533 4.30194997787476 4.28835296630859 4.307936668396 4.32943773269653 4.31100654602051 4.2945499420166 4.28813648223877 4.25988912582397 4.17892217636108 4.12698030471802 4.11488580703735 4.10993146896362 4.1108193397522 4.10901784896851 4.1059422492981 4.10465955734253 4.10380506515503 4.10685634613037 4.1105899810791 4.1203465461731 4.12690544128418 4.12008094787598 4.11237239837646 4.10279655456543 4.09594488143921 4.09242343902588 4.09052658081055 4.08981275558472 4.08891487121582 4.08794021606445 4.08602952957153 4.08393526077271 4.08344411849976 4.08310699462891 4.08369588851929 4.08438730239868 4.08543920516968 4.08637046813965 4.08707761764526 4.08641767501831 4.08426856994629 4.08291292190552 4.08207178115845 4.08204936981201 4.08232116699219 4.08248901367188
4.26160287857056 4.24359130859375 4.23843765258789 4.25856447219849 4.27931976318359 4.24718809127808 4.21660614013672 4.19390726089478 4.16538667678833 4.12281036376953 4.09785175323486 4.09708118438721 4.09663915634155 4.09646654129028 4.09666109085083 4.09703016281128 4.09727239608765 4.09748506546021 4.10122108459473 4.10530042648315 4.11085557937622 4.11454200744629 4.11040782928467 4.10553693771362 4.09911108016968 4.09438943862915 4.09175109863281 4.09027338027954 4.08964204788208 4.08876657485962 4.08779096603394 4.08595180511475 4.08394336700439 4.08345365524292 4.08311605453491 4.08371353149414 4.08439636230469 4.08537721633911 4.08624505996704 4.0869026184082 4.08646202087402 4.08482503890991 4.08336019515991 4.08200645446777 4.08176517486572 4.08192348480225 4.08221578598022
4.22007274627686 4.20395946502686 4.19780206680298 4.20919990539551 4.22080898284912 4.18959760665894 4.15986251831055 4.13763761520386 4.11629295349121 4.09707498550415 4.08675575256348 4.08865404129028 4.0893292427063 4.0890040397644 4.08987760543823 4.09131860733032 4.09228277206421 4.09313249588013 4.09641313552856 4.09987115859985 4.10348320007324 4.10599851608276 4.10392379760742 4.1011266708374 4.09680461883545 4.09344625473022 4.09126615524292 4.08982753753662 4.08892917633057 4.08792400360107 4.08687448501587 4.08555459976196 4.08418226242065 4.08384943008423 4.08362007141113 4.08402538299561 4.08450651168823 4.08525371551514 4.08595705032349 4.08658027648926 4.08635234832764 4.08519792556763 4.0836763381958 4.08191776275635 4.08157014846802 4.08172988891602 4.0820369720459
4.1879734992981 4.17235279083252 4.16114282608032 4.15983867645264 4.15870094299316 4.13467597961426 4.11220502853394 4.09763669967651 4.08666086196899 4.08435869216919 4.08338832855225 4.08424615859985 4.0845832824707 4.08449459075928 4.08548212051392 4.08697938919067 4.08832025527954 4.08962392807007 4.09196043014526 4.09438228607178 4.09701871871948 4.09909200668335 4.09880685806274 4.09775590896606 4.09508895874023 4.09276533126831 4.09086132049561 4.08929872512817 4.08798456192017 4.08678340911865 4.08562850952148 4.08502101898193 4.08452081680298 4.08441114425659 4.08433628082275 4.08446311950684 4.08466005325317 4.0851035118103 4.08560037612915 4.08619499206543 4.08617734909058 4.08549165725708 4.08393669128418 4.08181858062744 4.08141374588013 4.08162450790405 4.08189916610718
4.16282176971436 4.14793491363525 4.13436651229858 4.1286826133728 4.1233959197998 4.1070499420166 4.09216260910034 4.08469581604004 4.07954025268555 4.07996463775635 4.08038330078125 4.08079481124878 4.08129692077637 4.08187341690063 4.08320140838623 4.08488655090332 4.08636283874512 4.0877890586853 4.08935785293579 4.09092903137207 4.09239816665649 4.09359502792358 4.09365367889404 4.09319543838501 4.09164619445801 4.09015798568726 4.08874559402466 4.0875940322876 4.0866322517395 4.08586883544922 4.08518695831299 4.08450222015381 4.08381700515747 4.08375215530396 4.08376502990723 4.08431243896484 4.0848126411438 4.0851469039917 4.08552217483521 4.08597421646118 4.08565187454224 4.08448648452759 4.08311367034912 4.08160734176636 4.08136796951294 4.08158445358276 4.08183097839355
4.13910722732544 4.12500476837158 4.10963487625122 4.10129308700562 4.09363651275635 4.08507108688354 4.07783365249634 4.07735347747803 4.07707738876343 4.07729196548462 4.07745361328125 4.07754182815552 4.07831287384033 4.0796422958374 4.08135843276978 4.08325815200806 4.08481979370117 4.08630037307739 4.08713817596436 4.08789730072021 4.08815908432007 4.08838987350464 4.08849287033081 4.08838844299316 4.08784580230713 4.08715295791626 4.08627605438232 4.08564615249634 4.08519554138184 4.08500099182129 4.08491182327271 4.08398675918579 4.08289766311646 4.08284091949463 4.08292722702026 4.08403968811035 4.08496427536011 4.08522987365723 4.08550262451172 4.08578729629517 4.08505439758301 4.08321285247803 4.08206701278687 4.08137226104736 4.0813455581665 4.08155870437622 4.08177709579468
4.11157274246216 4.1025767326355 4.09299468994141 4.08817195892334 4.08384990692139 4.07988595962524 4.07653379440308 4.07629108428955 4.07610940933228 4.07607412338257 4.07612037658691 4.07627964019775 4.07693767547607 4.0780029296875 4.07955741882324 4.08134412765503 4.08295440673828 4.08452272415161 4.08506441116333 4.08550214767456 4.08546018600464 4.08540201187134 4.08527660369873 4.08504247665405 4.0845775604248 4.08412313461304 4.08368158340454 4.08336305618286 4.08313322067261 4.08289909362793 4.08266305923462 4.0821099281311 4.08149480819702 4.08147287368774 4.0815372467041 4.08223247528076 4.08281469345093 4.08300113677979 4.08322334289551 4.0835132598877 4.08345222473145 4.08300924301147 4.08224821090698 4.08128118515015 4.08116579055786 4.08135652542114 4.0815896987915
4.08576345443726 4.08179521560669 4.07801818847656 4.07672262191772 4.07572269439697 4.07584381103516 4.07589626312256 4.075599193573 4.07531023025513 4.07504081726074 4.07497310638428 4.07518100738525 4.07570314407349 4.07648277282715 4.07783508300781 4.07945919036865 4.08107423782349 4.08268690109253 4.08297920227051 4.0831503868103 4.08287668228149 4.08259057998657 4.08225202560425 4.08188438415527 4.08145523071289 4.08120203018188 4.08116340637207 4.08112764358521 4.08109426498413 4.08082294464111 4.08045244216919 4.08028554916382 4.08015871047974 4.08016300201416 4.08019971847534 4.08050489425659 4.08076333999634 4.08085918426514 4.08101606369019 4.08128690719604 4.08185338973999 4.08274173736572 4.08236598968506 4.08117198944092 4.08098602294922 4.08116245269775 4.08141040802002
4.0801830291748 4.07833194732666 4.0769248008728 4.07628726959229 4.07575559616089 4.07596588134766 4.07610177993774 4.07586002349854 4.07559823989868 4.07529020309448 4.07504034042358 4.07487154006958 4.07520627975464 4.07595300674438 4.07693290710449 4.07802248001099 4.07918787002563 4.08037090301514 4.0807056427002 4.08095359802246 4.08078622817993 4.08060073852539 4.0803394317627 4.08003425598145 4.0796365737915 4.07944774627686 4.079514503479 4.07956504821777 4.07960367202759 4.07960748672485 4.07959651947021 4.07967519760132 4.07977151870728 4.07969379425049 4.0796799659729 4.08035469055176 4.08085680007935 4.08075046539307 4.08065319061279 4.08057260513306 4.08077383041382 4.08128309249878 4.08122539520264 4.08080101013184 4.08087730407715 4.0811333656311 4.08137702941895
4.07584810256958 4.07564115524292 4.07598114013672 4.07592058181763 4.07583284378052 4.07612085342407 4.07631397247314 4.07602167129517 4.07572221755981 4.07540559768677 4.07505702972412 4.07466459274292 4.0748348236084 4.07546424865723 4.07607126235962 4.07666778564453 4.07740354537964 4.07817316055298 4.07850790023804 4.07878732681274 4.07868957519531 4.07857370376587 4.07838296890259 4.07814645767212 4.07781410217285 4.07769250869751 4.07782888412476 4.07796812057495 4.07810926437378 4.0783896446228 4.07872867584229 4.07905149459839 4.0793719291687 4.07932186126709 4.07935380935669 4.08031845092773 4.08100938796997 4.08073616027832 4.0804328918457 4.08007335662842 4.07997274398804 4.08015441894531 4.0803337097168 4.08051252365112 4.08079814910889 4.08112192153931 4.08135747909546
4.07607841491699 4.07578229904175 4.07558488845825 4.07580614089966 4.07607269287109 4.07639837265015 4.07655048370361 4.0758204460144 4.0752420425415 4.07502937316895 4.07488536834717 4.0748348236084 4.07492303848267 4.0751256942749 4.07536029815674 4.07561111450195 4.07599401473999 4.07640838623047 4.07658863067627 4.07673168182373 4.07656908035278 4.07640981674194 4.07626247406006 4.07611751556396 4.07597637176514 4.07593250274658 4.07600784301758 4.07624530792236 4.07660007476807 4.07716512680054 4.07781648635864 4.0783805847168 4.0789270401001 4.07930755615234 4.07973623275757 4.0806999206543 4.08138084411621 4.08106756210327 4.08073425292969 4.08036422729492 4.08019208908081 4.08023548126221 4.08035564422607 4.08052539825439 4.0808253288269 4.08117246627808 4.08139038085938
