Ecospace-environmental-drivers/Outputs/ASCII-for-ecospace/MOM6-ISIMIP3a/tob/1990-02_tob_MOM6-ISIMIP3a.asc
NCOLS 131 
NROWS 53 
XLLCORNER -98 
YLLCORNER 23.9265270233154 
CELLSIZE 0.133587792515755 
NODATA_value -9999 
[rows 21 to 41 of 53, columns 0 to 46 of 131]
-9999 -9999 -9999 -9999 -9999 -9999 17.5196323394775 17.4836902618408 17.4094924926758 17.276683807373 17.3140525817871 17.0863971710205 17.1864948272705 17.4846572875977 17.6679153442383 17.7185935974121 17.8595371246338 18.0624656677246 18.5304737091064 19.1008377075195 19.2566719055176 19.33935546875 19.2656993865967 19.2110805511475 19.3436470031738 19.4646129608154 19.5479640960693 19.6744403839111 19.8761806488037 20.0648212432861 20.2399826049805 20.3444042205811 20.4057292938232 20.4662456512451 20.5264911651611 20.6054782867432 20.6870079040527 20.7622756958008 20.8281860351562 20.8345203399658 20.8750324249268 21.010684967041 21.126558303833 21.2118682861328 21.2784118652344 21.327730178833 21.3113250732422
-9999 -9999 -9999 -9999 -9999 -9999 17.5285587310791 17.5196323394775 17.4477500915527 17.3939056396484 17.276683807373 17.5790786743164 17.9535751342773 18.470739364624 18.7982654571533 18.9069747924805 19.0503215789795 19.2174549102783 19.4552364349365 19.7202987670898 19.2504711151123 18.6509590148926 18.387264251709 18.1648006439209 18.224630355835 18.322790145874 18.5452365875244 18.848669052124 19.2934322357178 19.7290573120117 20.1552772521973 20.4280471801758 20.6073360443115 20.7235202789307 20.8186702728271 20.8917579650879 20.9559936523438 20.2140941619873 19.4491500854492 18.5374507904053 17.9356880187988 18.1967105865479 18.4118099212646 18.5559368133545 18.6909790039062 18.8176822662354 18.4734287261963
-9999 -9999 -9999 -9999 17.5746250152588 17.5531406402588 17.5309276580811 17.5351142883301 17.5196323394775 17.3758659362793 17.4034442901611 18.0868606567383 18.78102684021 19.4964637756348 19.9330368041992 20.0478439331055 20.1036739349365 20.1190032958984 20.0558013916016 19.9622783660889 18.861349105835 17.5826454162598 17.1471557617188 16.7741527557373 16.767993927002 16.8477821350098 17.2062454223633 17.6798496246338 18.3543910980225 19.0279293060303 19.7004356384277 20.1579761505127 20.4845600128174 20.684045791626 20.8411655426025 20.9097118377686 20.9542083740234 19.3575572967529 17.7351932525635 15.9490833282471 14.7328510284424 15.1030168533325 15.4045495986938 15.6000118255615 15.7986440658569 16.0001850128174 15.3353395462036
-9999 -9999 -9999 -9999 17.6185302734375 17.5959033966064 17.5753555297852 17.5309276580811 17.554780960083 17.8583602905273 18.2577018737793 19.0235767364502 19.7172775268555 20.2681636810303 20.2593479156494 19.6047210693359 18.2163124084473 16.3239822387695 15.2505598068237 14.4933471679688 13.4955177307129 12.4552268981934 12.4179735183716 12.4147615432739 12.5122022628784 12.6240587234497 12.782660484314 12.9890031814575 13.278657913208 13.6622371673584 14.1424646377563 14.8294095993042 15.6422853469849 16.3098678588867 16.9290218353271 17.001335144043 16.9831981658936 14.8981447219849 12.979211807251 12.1181812286377 11.5006666183472 11.5610380172729 11.6084213256836 11.6357316970825 11.7036809921265 11.8089265823364 11.314658164978
-9999 -9999 -9999 -9999 -9999 17.6185302734375 17.6588020324707 17.6197814941406 17.6744041442871 18.3541603088379 19.0577812194824 19.8527393341064 20.4310913085938 20.5808372497559 19.9762287139893 18.5012092590332 15.9626121520996 12.6936092376709 10.9117231369019 9.70406818389893 8.85130786895752 8.06117534637451 8.33226871490479 8.61346530914307 8.78520774841309 8.90854263305664 8.87491989135742 8.84965229034424 8.83896636962891 8.99916172027588 9.33519268035889 10.1649322509766 11.2954349517822 12.251127243042 13.1485500335693 13.2044448852539 13.1282138824463 10.8536338806152 8.87242412567139 8.75948619842529 8.62844085693359 8.44699001312256 8.29838275909424 8.20053291320801 8.15672016143799 8.16250228881836 7.81880283355713
-9999 -9999 -9999 -9999 -9999 17.7645092010498 17.6185302734375 17.8659725189209 18.1644229888916 18.9083061218262 19.6203117370605 20.2103099822998 20.1695785522461 18.8808059692383 17.0209255218506 14.5020732879639 12.1026191711426 9.78516006469727 8.61793994903564 7.89486932754517 7.37120819091797 6.88273620605469 7.06803750991821 7.25925636291504 7.37684631347656 7.42137384414673 7.22900438308716 7.1284556388855 7.18814182281494 7.41686630249023 7.81952810287476 8.41229724884033 9.12087917327881 9.57548522949219 9.9454345703125 9.89639377593994 9.78196620941162 8.62834739685059 7.61217260360718 7.47128391265869 7.33453273773193 7.20930004119873 7.11970996856689 7.08520317077637 7.01259899139404 6.905029296875 6.6241602897644
-9999 -9999 18.0817775726318 18.0451126098633 18.0073699951172 17.9106616973877 17.7643356323242 18.1657028198242 18.6229820251465 19.3979263305664 20.0635776519775 20.310905456543 19.5989723205566 16.9889297485352 14.2072429656982 11.227502822876 9.10223960876465 7.56378412246704 6.85803699493408 6.47382926940918 6.20663833618164 5.96009683609009 6.06898069381714 6.18109941482544 6.25531721115112 6.25007915496826 5.98721265792847 5.8555850982666 5.95298099517822 6.21870946884155 6.65764808654785 7.0437183380127 7.39758157730103 7.49008846282959 7.49547719955444 7.3653826713562 7.21524524688721 6.88195753097534 6.57186937332153 6.40952730178833 6.2611870765686 6.15182542800903 6.0783863067627 6.06046342849731 5.97160530090332 5.8176417350769 5.61583280563354
-9999.000000000000000 -9999 -9999 -9999 18.217306137085 18.1040782928467 18.1932163238525 18.5822429656982 19.0129051208496 19.7467670440674 20.2466239929199 19.8508186340332 18.3539733886719 14.6784791946411 11.7025556564331 9.53382587432861 7.97741174697876 6.84150266647339 6.26298332214355 5.89969253540039 5.73050785064697 5.59557628631592 5.64849853515625 5.70524787902832 5.75961542129517 5.76797485351562 5.6271595954895 5.56089735031128 5.62473726272583 5.85868644714355 6.26767492294312 6.5130934715271 6.65886640548706 6.69252109527588 6.68880367279053 6.52976179122925 6.34933567047119 6.18044948577881 6.0114631652832 5.84184169769287 5.66907501220703 5.48755264282227 5.33673763275146 5.23337841033936 5.15561962127686 5.10135698318481 5.01401710510254
-9999 -9999 -9999 -9999 18.4989356994629 18.6371803283691 18.5661602020264 18.9040603637695 19.2892627716064 19.9767818450928 20.2525844573975 18.952507019043 16.7341938018799 12.6989431381226 9.80208492279053 8.21875190734863 7.09154415130615 6.27757740020752 5.78286123275757 5.41141986846924 5.29353618621826 5.22039794921875 5.24540662765503 5.27566337585449 5.33174467086792 5.36545753479004 5.32664346694946 5.31511497497559 5.35120344161987 5.52988338470459 5.85528659820557 5.97928428649902 5.98058700561523 5.98057270050049 5.98012018203735 5.82588052749634 5.65105962753296 5.56983184814453 5.47886037826538 5.32583808898926 5.1646876335144 4.98091077804565 4.8216290473938 4.70020198822021 4.64233064651489 4.6427903175354 4.61648750305176
-9999 -9999 -9999 -9999 18.6963653564453 18.7555503845215 18.8286285400391 19.1067123413086 19.4227447509766 20.0573081970215 20.0357570648193 17.5028762817383 14.6429080963135 11.1357259750366 8.66176986694336 7.37999391555786 6.50630855560303 5.91287755966187 5.44733285903931 5.03116989135742 4.90582990646362 4.83181142807007 4.86419439315796 4.90428638458252 4.98921155929565 5.0630669593811 5.10103034973145 5.13086080551147 5.14649963378906 5.2403564453125 5.41469812393188 5.44146871566772 5.37834072113037 5.37634038925171 5.39471578598022 5.28773832321167 5.16367959976196 5.073561668396 4.98123645782471 4.87485361099243 4.77066421508789 4.67258167266846 4.5915265083313 4.53678750991821 4.50985908508301 4.5084547996521 4.4759669303894
-9999 -9999 -9999 -9999 18.7555503845215 18.8440132141113 18.9478588104248 19.2087440490723 19.5106010437012 20.131929397583 20.0548706054688 17.3046817779541 14.2096862792969 10.4324188232422 7.88017463684082 6.74141597747803 5.99979400634766 5.53090476989746 5.14530515670776 4.79186725616455 4.67947626113892 4.60962295532227 4.64246320724487 4.68342065811157 4.77328491210938 4.85772800445557 4.92459487915039 4.96902799606323 4.9743127822876 5.00593709945679 5.0646653175354 5.04537391662598 4.9785532951355 4.96620607376099 4.97201633453369 4.90768957138062 4.83363008499146 4.75411033630371 4.67549753189087 4.60265827178955 4.53606843948364 4.48687505722046 4.44970512390137 4.43111753463745 4.42184209823608 4.42111444473267 4.3856897354126
-9999 -9999 -9999 -9999 18.8491401672363 18.9478588104248 19.2970027923584 19.2353096008301 19.5642337799072 20.2021198272705 20.2509422302246 18.0450763702393 15.0200290679932 10.3740520477295 7.36762285232544 6.25297546386719 5.55232191085815 5.13597679138184 4.86840343475342 4.65827608108521 4.57413816452026 4.51223421096802 4.54034471511841 4.57543992996216 4.65231370925903 4.72517824172974 4.78504323959351 4.82401180267334 4.82651329040527 4.8128490447998 4.78255081176758 4.75557041168213 4.73061180114746 4.70164680480957 4.67134666442871 4.64621305465698 4.62158012390137 4.56727457046509 4.51367378234863 4.46455669403076 4.42104482650757 4.39313697814941 4.37409543991089 4.36875581741333 4.3671669960022 4.36902141571045 4.33309507369995
-9999 -9999 -9999 -9999 18.9478588104248 19.4941139221191 19.6643829345703 19.7960987091064 19.8101825714111 20.4714126586914 20.6981086730957 19.2615966796875 16.3956890106201 10.7014064788818 7.15910005569458 6.09983348846436 5.42440032958984 5.01256227493286 4.76651430130005 4.58448362350464 4.5051097869873 4.44385099411011 4.44794893264771 4.45547533035278 4.47964239120483 4.50930881500244 4.55680513381958 4.5919132232666 4.60540294647217 4.60288333892822 4.58388996124268 4.56537818908691 4.54715967178345 4.50873422622681 4.46357297897339 4.45942974090576 4.46080732345581 4.44152402877808 4.41965246200562 4.38129758834839 4.34658622741699 4.32201719284058 4.30817317962646 4.31090545654297 4.31143522262573 4.30994415283203 4.28006362915039
-9999 -9999 -9999 -9999 -9999 20.0243110656738 20.0672092437744 19.961742401123 20.1385517120361 20.8260345458984 21.2528896331787 20.6821746826172 18.0136299133301 11.194073677063 7.08087730407715 6.09039306640625 5.43343067169189 5.00551271438599 4.73963212966919 4.53632020950317 4.45164203643799 4.38789892196655 4.35972023010254 4.33037424087524 4.28481340408325 4.25773048400879 4.29055786132812 4.32249355316162 4.3528733253479 4.3856840133667 4.42099618911743 4.41787719726562 4.3913459777832 4.34652709960938 4.29561281204224 4.30465888977051 4.32201051712036 4.34195280075073 4.3546895980835 4.32154273986816 4.28951263427734 4.26059007644653 4.24640321731567 4.25498867034912 4.25525045394897 4.24787378311157 4.2268443107605
-9999 -9999 -9999 -9999 -9999 20.3635311126709 20.3413410186768 20.4437866210938 20.4788570404053 21.1562881469727 21.6234245300293 21.2856426239014 18.6435432434082 11.4418478012085 7.14192581176758 6.19019460678101 5.54369831085205 5.10681962966919 4.78763341903687 4.51389217376709 4.39942216873169 4.31305837631226 4.27022409439087 4.2284255027771 4.1873140335083 4.16052103042603 4.1801552772522 4.20021057128906 4.22100114822388 4.24742746353149 4.27965402603149 4.28225231170654 4.26680183410645 4.23443984985352 4.19644117355347 4.20573091506958 4.22164392471313 4.24976491928101 4.27160787582397 4.25346899032593 4.23425054550171 4.21202754974365 4.20113182067871 4.20774173736572 4.20690107345581 4.19922161102295 4.18658113479614
-9999 -9999 -9999 -9999 -9999 20.6566162109375 20.6820449829102 20.6184921264648 20.8216323852539 21.4814987182617 21.9558353424072 21.7200508117676 19.0690326690674 11.6389532089233 7.23178958892822 6.31259870529175 5.67491149902344 5.23054599761963 4.85112810134888 4.4967885017395 4.34745979309082 4.23430967330933 4.18046617507935 4.13126754760742 4.10995149612427 4.09525060653687 4.10199689865112 4.10837030410767 4.11409282684326 4.12550449371338 4.14277029037476 4.14908456802368 4.14872741699219 4.1327223777771 4.11150169372559 4.11835622787476 4.12922811508179 4.15910482406616 4.1847767829895 4.18367338180542 4.17936325073242 4.1661262512207 4.15927410125732 4.16228914260864 4.16017246246338 4.15334558486938 4.14899826049805
-9999 -9999 -9999 -9999 -9999 -9999 20.946460723877 20.9838542938232 21.0355949401855 21.6658401489258 22.072790145874 21.6250705718994 18.8880443572998 11.6211252212524 7.34742498397827 6.52743196487427 5.88848304748535 5.37386560440063 4.90214061737061 4.44697856903076 4.2819709777832 4.1681661605835 4.13320827484131 4.10235357284546 4.09130573272705 4.08357810974121 4.08661413192749 4.08947944641113 4.09204626083374 4.09739828109741 4.10561513900757 4.10889863967896 4.10917568206787 4.10170221328735 4.09164524078369 4.09520769119263 4.10073804855347 4.11817932128906 4.13351440429688 4.13543796539307 4.1351466178894 4.12869024276733 4.12515163421631 4.12612104415894 4.1242618560791 4.11980533599854 4.11696338653564
-9999 -9999 -9999 -9999 -9999 -9999 21.1722564697266 21.2370376586914 21.2353992462158 21.831937789917 22.1526565551758 21.4176635742188 18.5667037963867 11.528847694397 7.42595386505127 6.70954656600952 6.07687473297119 5.50170803070068 4.94551229476929 4.39664220809937 4.21904563903809 4.10696744918823 4.09111166000366 4.07862377166748 4.07664012908936 4.07512807846069 4.07514381408691 4.07521390914917 4.07537889480591 4.07555246353149 4.07573556900024 4.07596063613892 4.07621192932129 4.07621669769287 4.07613897323608 4.07664155960083 4.07725715637207 4.08248281478882 4.08753824234009 4.09150886535645 4.0943489074707 4.09404373168945 4.09352779388428 4.09268665313721 4.09118223190308 4.08906888961792 4.08736801147461
-9999 -9999 -9999 -9999 -9999 -9999 21.2352752685547 21.295877456665 21.3456897735596 21.8707180023193 21.9398212432861 20.2638397216797 17.037914276123 10.7450857162476 7.09635400772095 6.49849414825439 5.95732831954956 5.45509624481201 4.91333484649658 4.35630893707275 4.1899299621582 4.09248781204224 4.0837721824646 4.07759571075439 4.07638549804688 4.07545280456543 4.07542133331299 4.07544136047363 4.07555198669434 4.07567882537842 4.07582235336304 4.07592964172363 4.07601499557495 4.07599973678589 4.07595062255859 4.07628059387207 4.0766749382019 4.07881164550781 4.08096361160278 4.08321332931519 4.08491849899292 4.08510589599609 4.08486890792847 4.08397674560547 4.08313655853271 4.08234357833862 4.08114862442017
-9999 -9999 -9999 -9999 -9999 20.8843841552734 21.1654243469238 21.172908782959 21.4880924224854 21.9378128051758 21.7439136505127 19.0865173339844 15.4739923477173 9.97153472900391 6.77872705459595 6.250892162323 5.77285099029541 5.32900476455688 4.82738161087036 4.30344915390015 4.15859460830688 4.0806360244751 4.07782602310181 4.07672595977783 4.07616853713989 4.07573556900024 4.07570695877075 4.07571697235107 4.07579326629639 4.07588958740234 4.0760064125061 4.07601976394653 4.07597017288208 4.07593059539795 4.07589435577393 4.07605361938477 4.07623672485352 4.07603549957275 4.0759654045105 4.07673263549805 4.07743644714355 4.07796478271484 4.07793712615967 4.07704973220825 4.07671213150024 4.07687950134277 4.07616853713989
-9999 -9999 -9999 -9999 20.7245655059814 20.8873252868652 20.8843841552734 21.3085289001465 21.7482395172119 22.1087226867676 21.6100730895996 17.8230361938477 13.7812595367432 9.23542404174805 6.50499963760376 5.86927366256714 5.35029125213623 4.91148090362549 4.54424905776978 4.20465612411499 4.11912202835083 4.07842206954956 4.07698726654053 4.0764365196228 4.07609033584595 4.07586336135864 4.0760235786438 4.07616853713989 4.07628536224365 4.07641124725342 4.07654571533203 4.07655239105225 4.07648134231567 4.07640409469604 4.07632493972778 4.07631874084473 4.07632446289062 4.07654142379761 4.07674932479858 4.07690286636353 4.07709884643555 4.07741260528564 4.07733678817749 4.07665777206421 4.07623291015625 4.07604074478149 4.07573366165161
