Ecospace-environmental-drivers/Outputs/ASCII-for-ecospace/MOM6-ISIMIP3a/tob/1990-06_tob_MOM6-ISIMIP3a.asc
NCOLS 131 
NROWS 53 
XLLCORNER -98 
YLLCORNER 23.9265270233154 
CELLSIZE 0.133587792515755 
NODATA_value -9999 
[rows 21 to 41 of 53, columns 0 to 46 of 131]
-9999 -9999 -9999 -9999 -9999 -9999 24.6477355957031 24.7040176391602 24.826602935791 25.0671977996826 25.3322105407715 26.3242835998535 25.9672546386719 24.9037628173828 24.075325012207 23.5180988311768 23.1010398864746 22.7802352905273 22.5230102539062 22.2903366088867 22.1538925170898 22.0344314575195 22.0322399139404 22.0408344268799 22.1179027557373 22.1796016693115 22.1914710998535 22.2117519378662 22.246711730957 22.2564392089844 22.2402019500732 22.2179641723633 22.1920738220215 22.1836547851562 22.181058883667 22.1743431091309 22.1671314239502 22.1702041625977 22.1680755615234 22.1328372955322 22.1186141967773 22.1628913879395 22.2026443481445 22.2354030609131 22.2455463409424 22.234935760498 22.1327018737793
-9999 -9999 -9999 -9999 -9999 -9999 24.6307678222656 24.6477355957031 24.7603015899658 24.8311805725098 25.0671977996826 24.605152130127 24.0597438812256 23.34938621521 22.867769241333 22.6500835418701 22.4534740447998 22.2713394165039 22.0057830810547 21.7080135345459 21.0934028625488 20.4228782653809 20.1621799468994 19.9181499481201 19.7382278442383 19.6856098175049 20.0457572937012 20.4450550079346 20.9126777648926 21.2968807220459 21.5952453613281 21.7528285980225 21.8246479034424 21.8870658874512 21.9463500976562 21.9112224578857 21.8582572937012 21.1398086547852 20.3552093505859 19.149341583252 18.3171577453613 18.5252132415771 18.6365146636963 18.5982875823975 18.6993541717529 18.9282646179199 18.669075012207
-9999 -9999 -9999 -9999 25.3224353790283 24.8220272064209 24.6300468444824 24.6145191192627 24.6477355957031 24.8728675842285 24.7369174957275 23.2188987731934 22.1223983764648 21.8599624633789 21.7531776428223 21.8259887695312 21.7530384063721 21.5799865722656 21.253870010376 20.86865234375 19.7548980712891 18.512580871582 18.0073795318604 17.5247821807861 17.0960445404053 16.9322872161865 17.6277046203613 18.3879222869873 19.2612228393555 20.0050926208496 20.6157760620117 20.965784072876 21.1569919586182 21.3117332458496 21.4543170928955 21.3883800506592 21.283935546875 19.8329830169678 18.2615489959717 15.9228372573853 14.2964296340942 14.6529026031494 14.825855255127 14.7151880264282 14.9010696411133 15.3591251373291 14.9486284255981
-9999 -9999 -9999 -9999 26.4849128723145 25.3527545928955 25.0140075683594 24.6300468444824 24.5657768249512 23.747802734375 22.9418659210205 22.1820049285889 21.6363830566406 21.5146865844727 21.1687145233154 20.56396484375 19.0472087860107 16.9041347503662 15.9284706115723 15.4035873413086 14.3090953826904 13.1140842437744 12.9887895584106 12.8785200119019 12.6982660293579 12.6573076248169 13.068000793457 13.4499187469482 13.7816200256348 14.2057285308838 14.7249231338501 15.252758026123 15.7858572006226 16.2963066101074 16.7992057800293 16.6989059448242 16.5062084197998 15.0588655471802 13.6191663742065 12.2281455993652 11.2209138870239 11.2820596694946 11.2818832397461 11.1869354248047 11.2602281570435 11.4879312515259 11.1801052093506
-9999 -9999 -9999 -9999 -9999 26.4849128723145 25.2820491790771 25.3979663848877 24.2234153747559 22.6923999786377 21.4513492584229 21.3201541900635 21.14333152771 20.8762245178223 20.1069049835205 18.7581157684326 16.1195659637451 12.5952835083008 11.1625747680664 10.5375003814697 9.54736995697021 8.49281787872314 8.6614875793457 8.83831119537354 8.85988330841064 8.90985774993896 9.05192089080811 9.11051940917969 9.02346515655518 9.19849491119385 9.6432056427002 10.2879486083984 11.0545501708984 11.7815189361572 12.4952774047852 12.3647546768188 12.1098365783691 10.7837657928467 9.5588960647583 8.97850036621094 8.50534057617188 8.33069705963135 8.19443130493164 8.11747550964355 8.09048175811768 8.10934162139893 7.88487958908081
-9999 -9999 -9999 -9999 -9999 26.1271076202393 26.4849128723145 24.615270614624 22.7392539978027 21.942455291748 21.2961444854736 21.2258338928223 20.6194229125977 18.9522190093994 16.9520645141602 14.5677337646484 12.2193431854248 9.89563274383545 8.84995174407959 8.29776477813721 7.78513526916504 7.27948713302612 7.36528825759888 7.45547580718994 7.47429704666138 7.47547960281372 7.41947031021118 7.39582538604736 7.42865896224976 7.66452836990356 8.10931777954102 8.60386180877686 9.12871646881104 9.46189403533936 9.73117923736572 9.58860301971436 9.38560771942139 8.6967248916626 8.05101776123047 7.68026208877563 7.36801385879517 7.21863746643066 7.10869359970093 7.05969047546387 6.98635482788086 6.89068651199341 6.66492652893066
-9999 -9999 25.364185333252 25.4489097595215 25.5318374633789 25.7688770294189 26.1275310516357 23.8724994659424 21.6497344970703 21.4185791015625 21.1924877166748 20.9857769012451 19.8509883880615 16.8798007965088 13.992335319519 11.2014713287354 9.23050212860107 7.82258987426758 7.07482767105103 6.58197450637817 6.40791988372803 6.290123462677 6.31402969360352 6.34086894989014 6.366295337677 6.34376621246338 6.16574811935425 6.08967304229736 6.19149780273438 6.46161985397339 6.90491724014282 7.25710678100586 7.55379438400269 7.60099411010742 7.5650315284729 7.41764640808105 7.25439929962158 7.02695274353027 6.80054950714111 6.58078813552856 6.37997722625732 6.23191976547241 6.12401247024536 6.07815551757812 5.97951412200928 5.83242750167847 5.63757991790771
-9999.000000000000000 -9999 -9999 -9999 25.0460166931152 25.2947959899902 25.0763092041016 23.216833114624 21.4212608337402 21.3879528045654 21.2013053894043 20.4277400970459 18.5490341186523 14.4835615158081 11.4583120346069 9.63331604003906 8.23016452789307 7.11671161651611 6.47244882583618 6.00935792922974 5.87075805664062 5.78942060470581 5.797194480896 5.8114972114563 5.86394119262695 5.87242221832275 5.73835563659668 5.67489957809448 5.73466491699219 5.98103189468384 6.41940832138062 6.64635848999023 6.74450969696045 6.74096536636353 6.7035231590271 6.56713533401489 6.41707611083984 6.26759958267212 6.11171102523804 5.91498994827271 5.71766948699951 5.51868057250977 5.35982275009155 5.26298570632935 5.18493604660034 5.12412881851196 5.03047275543213
-9999 -9999 -9999 -9999 24.4020156860352 24.0743751525879 24.2168769836426 22.7783031463623 21.3790912628174 21.4173603057861 21.092658996582 19.3786640167236 16.7950630187988 12.4907598495483 9.61121845245361 8.37562847137451 7.36871290206909 6.51883888244629 5.95925855636597 5.51177167892456 5.38910722732544 5.32376384735107 5.33221197128296 5.34953927993774 5.42739105224609 5.46847677230835 5.39034986495972 5.35075426101685 5.37840032577515 5.5712251663208 5.93401527404785 6.05404806137085 6.02619457244873 5.99539089202881 5.96360397338867 5.84724378585815 5.71940994262695 5.62144374847412 5.51428699493408 5.34860324859619 5.17443990707397 4.97667169570923 4.81854677200317 4.72168779373169 4.67036581039429 4.66083765029907 4.62581443786621
-9999 -9999 -9999 -9999 23.9556255340576 23.8368759155273 23.6902465820312 22.6129455566406 21.5713062286377 21.5222969055176 20.8362369537354 17.7118167877197 14.4724206924438 11.0055150985718 8.62833786010742 7.50853490829468 6.68199300765991 6.05684566497803 5.558274269104 5.10857820510864 4.97729301452637 4.90219736099243 4.93246412277222 4.97239398956299 5.07362747192383 5.1493239402771 5.14221906661987 5.14062786102295 5.14865875244141 5.25046586990356 5.44876670837402 5.4849328994751 5.42232751846313 5.39380931854248 5.37665414810181 5.29168272018433 5.19744253158569 5.11769914627075 5.03186988830566 4.90728330612183 4.78101921081543 4.65008449554443 4.55771398544312 4.52494287490845 4.50806903839111 4.50578594207764 4.47585201263428
-9999 -9999 -9999 -9999 23.8368759155273 23.6593799591064 23.4510192871094 22.6404209136963 21.8486061096191 21.777400970459 21.0012130737305 17.5266494750977 14.0137023925781 10.4248037338257 7.98774337768555 6.879723072052 6.13427543640137 5.63782215118408 5.22604084014893 4.84695434570312 4.72745418548584 4.65376281738281 4.69667339324951 4.74809551239014 4.84916925430298 4.93329811096191 4.96248626708984 4.98090887069702 4.98054599761963 5.01481151580811 5.08471012115479 5.07730484008789 5.02280759811401 4.99228620529175 4.96975660324097 4.91198062896729 4.84930658340454 4.78287935256958 4.71361064910889 4.62624454498291 4.54161548614502 4.46460580825806 4.41575574874878 4.41042423248291 4.4072265625 4.40598726272583 4.37785816192627
-9999 -9999 -9999 -9999 23.6490917205811 23.4510192871094 22.8519268035889 22.8125190734863 22.18971824646 22.1451301574707 21.4822406768799 18.4527549743652 14.9529457092285 10.5225019454956 7.60386753082275 6.42962503433228 5.69081115722656 5.25102615356445 4.94537115097046 4.69150876998901 4.59909820556641 4.53517913818359 4.58385276794434 4.6384334564209 4.7216911315918 4.79461860656738 4.83405208587646 4.85899639129639 4.85865592956543 4.84298753738403 4.81154775619507 4.79079389572144 4.77655029296875 4.74080801010132 4.69789981842041 4.66417503356934 4.63154602050781 4.57475519180298 4.51847171783447 4.46541786193848 4.41772556304932 4.38495969772339 4.36295366287231 4.35757684707642 4.35247611999512 4.34762859344482 4.31884145736694
-9999 -9999 -9999 -9999 23.4510192871094 22.9173831939697 22.6499691009521 22.5037460327148 22.4821376800537 22.5851097106934 22.1872406005859 19.8723545074463 16.4765949249268 10.9420948028564 7.44678115844727 6.30437040328979 5.57546472549438 5.13053178787231 4.83798408508301 4.60427761077881 4.52157831192017 4.46552753448486 4.48856401443481 4.5127329826355 4.53190183639526 4.5557279586792 4.59465503692627 4.62473154067993 4.63936233520508 4.6394190788269 4.62448024749756 4.6085467338562 4.59200716018677 4.54386615753174 4.485191822052 4.47547578811646 4.47235727310181 4.44574403762817 4.41769552230835 4.38051080703735 4.34692001342773 4.32333374023438 4.30776786804199 4.30459690093994 4.29804134368896 4.28837919235229 4.26357269287109
-9999 -9999 -9999 -9999 -9999 22.7662048339844 22.7166213989258 22.6336402893066 22.7536888122559 23.0560550689697 22.9882259368896 21.503454208374 18.2507095336914 11.49964427948 7.38689184188843 6.31833648681641 5.60074234008789 5.12416839599609 4.80486154556274 4.54628133773804 4.46584558486938 4.41684722900391 4.40078926086426 4.38015842437744 4.31540727615356 4.27388906478882 4.307701587677 4.34231424331665 4.37832355499268 4.42224597930908 4.47431039810181 4.47098398208618 4.43391370773315 4.37029790878296 4.29783344268799 4.31210803985596 4.3382716178894 4.3506383895874 4.35736131668091 4.32814168930054 4.29886531829834 4.26943159103394 4.2515606880188 4.2515606880188 4.24374198913574 4.22874784469604 4.20990991592407
-9999 -9999 -9999 -9999 -9999 22.9716396331787 22.9320259094238 23.0124797821045 23.0267086029053 23.3896560668945 23.3975620269775 22.0465278625488 18.775785446167 11.706485748291 7.44685745239258 6.42914962768555 5.71779537200928 5.21682739257812 4.84785938262939 4.52986097335815 4.41699457168579 4.34032678604126 4.30282258987427 4.26383352279663 4.20532941818237 4.16602945327759 4.1889967918396 4.21268606185913 4.23763561248779 4.27248239517212 4.31751394271851 4.31953144073486 4.29534578323364 4.24844455718994 4.19397115707397 4.21023893356323 4.23624038696289 4.25630044937134 4.27230596542358 4.2624888420105 4.24843597412109 4.22259044647217 4.2069354057312 4.20702886581421 4.20119285583496 4.18991565704346 4.17859315872192
-9999 -9999 -9999 -9999 -9999 23.2680530548096 23.2662715911865 23.1499576568604 23.3000335693359 23.6948394775391 23.7258644104004 22.3644866943359 19.0424346923828 11.8407649993896 7.53162097930908 6.5600004196167 5.85383653640747 5.32997417449951 4.90660619735718 4.52204322814941 4.36956691741943 4.25804662704468 4.20274686813354 4.15087080001831 4.11726951599121 4.09416675567627 4.1051025390625 4.11466979980469 4.12184762954712 4.13666582107544 4.15934562683105 4.16520547866821 4.16081762313843 4.13729095458984 4.10738468170166 4.12109375 4.14084148406982 4.16212129592896 4.18213510513306 4.19408750534058 4.19751501083374 4.17721080780029 4.16470670700073 4.16425657272339 4.16107511520386 4.15538740158081 4.15189981460571
-9999 -9999 -9999 -9999 -9999 -9999 23.6058616638184 23.6363773345947 23.6528911590576 23.8126087188721 23.6237926483154 22.1009464263916 18.7396106719971 11.7404279708862 7.59228610992432 6.73379898071289 6.0450553894043 5.47288227081299 4.96420764923096 4.48005199432373 4.30380964279175 4.18190431594849 4.14457368850708 4.11111402511597 4.0944766998291 4.08293771743774 4.0879282951355 4.09228610992432 4.09553909301758 4.10248422622681 4.11322832107544 4.1163215637207 4.11475419998169 4.10388326644897 4.08991146087646 4.09684705734253 4.10668516159058 4.11834001541138 4.12985610961914 4.14048957824707 4.14577388763428 4.1361665725708 4.13002490997314 4.12923955917358 4.12658977508545 4.12222957611084 4.11966323852539
-9999 -9999 -9999 -9999 -9999 -9999 23.9154968261719 24.0312519073486 23.9856033325195 23.9042110443115 23.4826316833496 21.7589588165283 18.3446063995361 11.5848751068115 7.61959362030029 6.87867069244385 6.21509504318237 5.60463714599609 5.01720476150513 4.43866300582886 4.24125337600708 4.11110162734985 4.09236907958984 4.07767343521118 4.0762882232666 4.07518482208252 4.07499313354492 4.07495164871216 4.07517242431641 4.0754075050354 4.07565832138062 4.07594108581543 4.07624292373657 4.07648992538452 4.07671928405762 4.07727241516113 4.07788276672363 4.08017063140869 4.08325052261353 4.09137725830078 4.09745359420776 4.09782123565674 4.09765958786011 4.09667825698853 4.09454822540283 4.09136343002319 4.08938360214233
-9999 -9999 -9999 -9999 -9999 -9999 24.1031455993652 24.0788631439209 24.0654239654541 23.8062171936035 23.1300525665283 20.857946395874 17.2383365631104 10.9523973464966 7.30258941650391 6.69446325302124 6.13285827636719 5.60320138931274 5.02163171768188 4.42001581192017 4.22159481048584 4.09432554244995 4.08380937576294 4.07663822174072 4.07603597640991 4.07554388046265 4.07540845870972 4.07535648345947 4.07544946670532 4.07557821273804 4.07574415206909 4.07589387893677 4.07603359222412 4.07611799240112 4.07618427276611 4.07653856277466 4.0769362449646 4.07779216766357 4.07907056808472 4.08304071426392 4.08601140975952 4.08619785308838 4.08639430999756 4.0866060256958 4.08587789535522 4.08428621292114 4.08263635635376
-9999 -9999 -9999 -9999 -9999 24.3048648834229 24.1585559844971 24.1993198394775 24.0656108856201 23.6667366027832 22.7349128723145 19.7631874084473 15.897087097168 10.2612705230713 6.99291849136353 6.45624780654907 5.96399450302124 5.50224447250366 4.95642995834351 4.37815570831299 4.19456768035889 4.08062934875488 4.07695722579956 4.07583522796631 4.07584381103516 4.07583856582642 4.0757884979248 4.07575559616089 4.07575273513794 4.07580423355103 4.0759129524231 4.07596111297607 4.07597208023071 4.07592868804932 4.07586717605591 4.07602882385254 4.07621812820435 4.07600212097168 4.07590293884277 4.07654809951782 4.07701778411865 4.07699966430664 4.07738494873047 4.07839488983154 4.07870101928711 4.07836103439331 4.07714176177979
-9999 -9999 -9999 -9999 26.0556545257568 24.8850688934326 24.3048648834229 24.051176071167 23.7737941741943 23.3751316070557 22.1837215423584 17.9580154418945 13.6942300796509 9.35509204864502 6.71013641357422 6.02000093460083 5.47749328613281 5.03636837005615 4.63591957092285 4.25117683410645 4.14051866531372 4.07822799682617 4.07636642456055 4.07588481903076 4.07587337493896 4.07589721679688 4.07603740692139 4.07613277435303 4.07615184783936 4.0762357711792 4.07638597488403 4.07644653320312 4.07645225524902 4.07640981674194 4.07635164260864 4.07634019851685 4.07633590698242 4.07636880874634 4.07644748687744 4.07681560516357 4.07700443267822 4.07669305801392 4.07664585113525 4.07700634002686 4.07700109481812 4.07665967941284 4.07624101638794
