Ecospace-environmental-drivers/Outputs/ASCII-for-ecospace/MOM6-ISIMIP3a/tob/1991-06_tob_MOM6-ISIMIP3a.asc
NCOLS 131 
NROWS 53 
XLLCORNER -98 
YLLCORNER 23.9265270233154 
CELLSIZE 0.133587792515755 
NODATA_value -9999 
[rows 0 to 20 of 53, columns 47 to 93 of 131]
-9999 -9999 -9999 -9999 -9999 -9999 -9999 -9999 -9999 -9999 -9999 -9999 -9999 -9999 -9999 -9999 -9999 -9999 -9999 -9999 -9999 -9999 -9999 -9999 -9999 -9999 -9999 -9999 -9999 -9999 -9999 -9999 -9999 -9999 -9999 -9999 -9999 -9999 -9999 -9999 -9999 -9999 -9999 -9999 -9999 -9999 -9999
-9999 -9999 -9999 -9999 -9999 -9999 -9999 -9999 -9999 -9999 -9999 -9999 -9999 -9999 -9999 -9999 -9999 -9999 -9999 -9999 -9999 -9999 -9999 -9999 -9999 -9999 -9999 -9999 -9999 -9999 -9999 -9999 -9999 -9999 -9999 -9999 -9999 -9999 -9999 -9999 -9999 -9999 -9999 -9999 -9999 -9999 -9999
-9999 -9999 -9999 -9999 -9999 -9999 -9999 -9999 -9999 -9999 -9999 -9999 -9999 -9999 -9999 -9999 -9999 -9999 -9999 -9999 -9999 -9999 -9999 -9999 -9999 -9999 -9999 26.3409881591797 26.4334125518799 -9999 -9999 -9999 -9999 -9999 -9999 -9999 -9999 -9999 -9999 -9999 -9999 -9999 -9999 -9999 -9999 -9999 -9999
-9999 -9999 -9999 -9999 -9999 -9999 -9999 -9999 -9999 -9999 -9999 -9999 -9999 -9999 -9999 -9999 -9999 -9999 -9999 -9999 -9999 -9999 -9999 -9999 -9999 -9999 -9999 26.3463497161865 26.4582042694092 -9999 -9999 -9999 -9999 -9999 -9999 -9999 -9999 -9999 -9999 -9999 -9999 -9999 -9999 -9999 -9999 -9999 -9999
-9999 -9999 -9999 -9999 -9999 -9999 -9999 -9999 -9999 -9999 -9999 -9999 -9999 -9999 -9999 -9999 -9999 -9999 27.1983985900879 27.148754119873 27.109037399292 26.8773632049561 26.6748104095459 26.3311862945557 26.1288375854492 26.1005764007568 26.1930694580078 26.3615798950195 26.4843997955322 26.5286350250244 -9999 -9999 25.9488086700439 25.2035026550293 24.270357131958 23.5302925109863 23.2137813568115 23.2066307067871 23.4647998809814 23.8454895019531 24.4337940216064 25.1870040893555 -9999 -9999 -9999 -9999 -9999
-9999 -9999 -9999 -9999 -9999 -9999 -9999 -9999 -9999 -9999 -9999 -9999 -9999 -9999 27.6095581054688 -9999 27.6445140838623 27.6727848052979 27.4306011199951 27.1983985900879 27.1388244628906 27.109037399292 26.6456890106201 26.2697067260742 26.0781631469727 26.0386409759521 26.1849231719971 26.3556461334229 26.54416847229 26.5533866882324 26.4883499145508 26.3803176879883 26.2638339996338 25.2022743225098 24.1443977355957 23.4643974304199 22.982084274292 23.1948623657227 23.4429454803467 23.7565898895264 24.336935043335 25.2078590393066 26.0162200927734 26.7840957641602 -9999 -9999 -9999
-9999 -9999 -9999 -9999 -9999 -9999 -9999 -9999 -9999 -9999 27.3140735626221 27.3251495361328 27.332405090332 27.350133895874 27.4831199645996 27.604606628418 27.6145114898682 27.6462440490723 27.6727848052979 27.420618057251 27.1983985900879 27.109037399292 26.6456890106201 26.2697067260742 26.0781631469727 26.0386409759521 26.1849231719971 26.3556461334229 26.54416847229 26.5533866882324 26.4883499145508 26.3803176879883 26.2638339996338 25.2022743225098 24.1443977355957 23.4643974304199 22.982084274292 23.1948623657227 23.4429454803467 23.7565898895264 24.336935043335 25.2078590393066 26.0162200927734 26.7840957641602 26.9870319366455 26.6303462982178 -9999
-9999 -9999 -9999 -9999 -9999 -9999 -9999 -9999 -9999 -9999 27.2546882629395 27.3140735626221 27.3362255096436 -9999 27.3672580718994 27.4823036193848 27.5946998596191 27.6145114898682 27.6514377593994 27.6727848052979 27.3906707763672 27.0527782440186 26.4814453125 25.9834213256836 25.6401653289795 25.4896869659424 25.5748271942139 25.7247123718262 25.9217586517334 25.9555397033691 25.9217090606689 25.3080673217773 24.5804481506348 23.3281078338623 22.1315574645996 21.6698131561279 21.3649635314941 21.6117610931396 21.9790344238281 22.57004737854 23.3184127807617 24.2382183074951 25.0960311889648 25.9137344360352 26.321647644043 26.5823593139648 26.8869743347168
-9999 -9999 -9999 -9999 -9999 -9999 -9999 -9999 -9999 -9999 -9999 -9999 -9999 -9999 27.3683032989502 27.3750953674316 27.4589061737061 27.5748901367188 27.6145114898682 27.6670150756836 27.3655643463135 26.9885444641113 26.295259475708 25.660493850708 25.1492691040039 24.8782157897949 24.9006996154785 25.0283584594727 25.2326240539551 25.286283493042 25.2775726318359 24.1087436676025 22.7118663787842 21.244213104248 19.890172958374 19.6715927124023 19.5664596557617 19.8602237701416 20.3646926879883 21.260461807251 22.1955528259277 23.1734848022461 24.0867862701416 24.9582653045654 25.7473316192627 26.5067920684814 27.0023250579834
29.1678771972656 -9999 -9999 -9999 -9999 -9999 -9999 -9999 -9999 -9999 27.3633899688721 27.1938171386719 -9999 -9999 -9999 27.3881530761719 27.334451675415 27.3825263977051 27.5352687835693 27.5110034942627 27.2480201721191 26.8656406402588 25.9835815429688 25.1733112335205 24.5145931243896 24.2150573730469 24.3545169830322 24.4913921356201 24.6263847351074 24.44775390625 24.1392383575439 22.639856338501 20.9063777923584 19.1100788116455 17.4828128814697 17.5295295715332 17.7103862762451 18.3628902435303 19.1663494110107 20.2501449584961 21.3731956481934 22.5390167236328 23.5260791778564 24.3974742889404 25.2985134124756 26.2102012634277 26.8538284301758
29.1880435943604 29.1910209655762 -9999 -9999 -9999 -9999 -9999 -9999 -9999 -9999 27.3673629760742 27.1026725769043 27.1938171386719 -9999 -9999 27.4912910461426 27.359094619751 27.1529674530029 27.2507915496826 27.3413867950439 27.0228614807129 26.5549068450928 25.4615821838379 24.4862155914307 23.7598705291748 23.4462814331055 23.6371612548828 23.7429752349854 23.786828994751 23.3046379089355 22.6045913696289 20.7777042388916 18.7293090820312 16.7719402313232 15.0244426727295 15.2941961288452 15.7282409667969 16.7399387359619 17.8362102508545 19.0895442962646 20.3952941894531 21.7581481933594 22.8580646514893 23.7878437042236 24.780647277832 25.7960872650146 26.5551052093506
29.1880435943604 29.1969738006592 29.0575218200684 29.0288105010986 -9999 -9999 -9999 -9999 -9999 -9999 -9999 26.9760856628418 26.9167060852051 27.1938171386719 27.3140735626221 27.4912910461426 27.359094619751 27.1529674530029 27.1474857330322 27.0987892150879 26.2204780578613 25.236686706543 23.8114528656006 22.7268257141113 22.3612461090088 22.1109809875488 22.0016555786133 21.8603706359863 21.6958065032959 20.5277805328369 18.944185256958 16.8061599731445 14.5591478347778 13.3395671844482 12.2924652099609 12.5585851669312 13.0698738098145 14.443190574646 15.799147605896 17.1228637695312 18.5830783843994 20.1920127868652 21.614465713501 22.916259765625 23.8924140930176 24.751594543457 25.4505882263184
29.1005096435547 29.045654296875 28.9614734649658 29.0259838104248 -9999 -9999 -9999 -9999 28.3119106292725 27.7883777618408 27.3054828643799 26.8783779144287 26.7443943023682 26.8502311706543 27.0366973876953 27.2613525390625 27.2062549591064 27.0843162536621 26.9956970214844 26.8125228881836 25.2197875976562 23.6325206756592 22.06813621521 20.8397941589355 20.3208713531494 19.7968616485596 19.2666339874268 18.7503318786621 18.2441711425781 16.6961441040039 14.716646194458 12.7195863723755 10.7190752029419 10.2630729675293 9.93970966339111 10.3533134460449 11.0277709960938 12.61940574646 14.1153831481934 15.4337129592896 16.9155807495117 18.5756282806396 20.1772289276123 21.7410125732422 22.7733478546143 23.6147766113281 24.3581771850586
28.7941417694092 28.8703308105469 28.9465770721436 29.0259838104248 29.0989742279053 28.9899883270264 28.8608360290527 28.6291007995605 28.3119106292725 27.7883777618408 27.3054828643799 26.8783779144287 26.4259586334229 25.9528293609619 26.0658645629883 26.4565544128418 26.6713104248047 26.844030380249 26.7226982116699 26.4170837402344 23.7233200073242 21.3134727478027 20.0918426513672 18.6336574554443 16.6760864257812 15.0356349945068 13.782769203186 12.571647644043 11.3909339904785 10.2275085449219 9.07124423980713 8.34543132781982 7.70423603057861 8.07629203796387 8.53502464294434 9.47391891479492 10.5263624191284 11.9780530929565 13.3148813247681 14.4384002685547 15.6098833084106 16.8336219787598 18.2558841705322 19.8066005706787 21.077184677124 22.2471408843994 23.296028137207
28.1310329437256 28.3372478485107 28.5685653686523 28.6864910125732 28.7845325469971 28.6590843200684 28.5191478729248 28.3055248260498 27.9942646026611 27.4472484588623 26.8939304351807 26.331958770752 25.6163425445557 24.7750186920166 24.7168769836426 25.0297107696533 25.4050521850586 25.7953281402588 25.2071990966797 24.3838157653809 21.1146850585938 18.2476139068604 17.0631999969482 15.4466705322266 12.917914390564 10.8687572479248 9.40576934814453 8.04183197021484 6.75004053115845 5.98822498321533 5.44589042663574 5.52424907684326 5.72462129592896 6.64751052856445 7.62274551391602 8.84795665740967 10.1008281707764 11.4509563446045 12.6762809753418 13.6698312759399 14.6292886734009 15.5516023635864 16.7749156951904 18.1929912567139 19.5848350524902 20.9672565460205 22.2105693817139
26.9635639190674 27.2983570098877 27.6771717071533 27.8670177459717 28.0255298614502 27.8603420257568 27.6943798065186 27.5244731903076 27.2275257110596 26.6238250732422 25.9005165100098 25.0130023956299 24.112283706665 23.2007617950439 22.8332462310791 22.7234134674072 23.104850769043 23.6036682128906 21.9350299835205 20.0349578857422 16.9336490631104 14.1259002685547 12.5467262268066 10.8729429244995 8.99943161010742 7.54217863082886 6.59367704391479 5.84321355819702 5.23699760437012 4.90083742141724 4.67651605606079 4.89868593215942 5.20862483978271 6.2903995513916 7.40663623809814 8.58030033111572 9.78256702423096 11.0853996276855 12.2665786743164 13.2218332290649 14.1083316802979 14.9199171066284 15.9165592193604 17.0329418182373 18.3806438446045 19.8114395141602 21.092155456543
25.9438724517822 26.2559585571289 26.6089687347412 26.8370780944824 27.0396308898926 26.8973426818848 26.7486381530762 26.5672931671143 26.2636756896973 25.6648216247559 24.8481273651123 23.7323722839355 22.5316715240479 21.2614688873291 20.5923767089844 20.2080154418945 20.3984909057617 20.7263164520264 18.5317687988281 16.1321334838867 13.2696104049683 10.6702356338501 9.17216491699219 7.75888156890869 6.52459096908569 5.59590005874634 5.04071474075317 4.67498350143433 4.4472484588623 4.33983182907104 4.28224277496338 4.57091665267944 4.92765712738037 6.02885007858276 7.15306425094604 8.23284435272217 9.3430871963501 10.5604419708252 11.6916751861572 12.662971496582 13.5473823547363 14.3371295928955 15.216890335083 16.1548938751221 17.3979969024658 18.750696182251 20.0418586730957
25.0486297607422 25.2106056213379 25.3918704986572 25.629903793335 25.8626594543457 25.7960205078125 25.7010250091553 25.4617938995361 25.1338386535645 24.5916423797607 23.7460746765137 22.4840183258057 20.8865928649902 19.0147743225098 18.0506706237793 17.5165309906006 17.3500995635986 17.2715263366699 15.0181083679199 12.6049213409424 10.040943145752 7.77546405792236 6.7592306137085 5.87403440475464 5.26546812057495 4.81199884414673 4.5480899810791 4.37446355819702 4.26659870147705 4.22210216522217 4.20384836196899 4.49392509460449 4.84461164474487 5.84777498245239 6.86794328689575 7.81818580627441 8.80152893066406 9.9012508392334 10.977653503418 12.0107469558716 12.9527549743652 13.7955207824707 14.6508560180664 15.5143241882324 16.6019153594971 17.7700138092041 19.0489234924316
24.2660007476807 24.3102436065674 24.3620223999023 24.5481739044189 24.7405109405518 24.7285690307617 24.6822547912598 24.4610919952393 24.1583709716797 23.6587219238281 22.924596786499 21.8685665130615 19.8681678771973 17.0951099395752 15.3442373275757 14.0775508880615 13.7160425186157 13.5708122253418 11.9075126647949 10.123327255249 8.09758377075195 6.32216739654541 5.59439468383789 5.0040807723999 4.70395421981812 4.47453355789185 4.33153009414673 4.24221897125244 4.19201707839966 4.17274904251099 4.16629123687744 4.37768173217773 4.63189554214478 5.41535806655884 6.21449089050293 6.97524070739746 7.8016242980957 8.85878086090088 9.88394355773926 10.8496866226196 11.7650089263916 12.6253967285156 13.4943981170654 14.368971824646 15.3908195495605 16.4655685424805 17.7567577362061
23.538480758667 23.4808368682861 23.4238109588623 23.5278301239014 23.6451892852783 23.6776962280273 23.6776008605957 23.5116748809814 23.258451461792 22.7944412231445 22.2404232025146 21.562837600708 19.1564083099365 15.3354845046997 12.5571899414062 10.2727670669556 9.79537868499756 9.74975204467773 8.99416542053223 8.15342712402344 6.78321504592896 5.57428598403931 5.04034090042114 4.63078641891479 4.48382997512817 4.35554122924805 4.25006818771362 4.19232320785522 4.16934299468994 4.15685749053955 4.14871883392334 4.24222946166992 4.35572195053101 4.85994148254395 5.38078784942627 5.92270374298096 6.57741975784302 7.62874603271484 8.60442447662354 9.43961620330811 10.2870092391968 11.1476955413818 12.0490036010742 12.9765939712524 13.9766283035278 15.002685546875 16.3181552886963
23.0078353881836 22.8823070526123 22.7556400299072 22.8429832458496 22.937370300293 22.6305503845215 22.3275947570801 22.0442924499512 21.5398597717285 20.5014820098877 19.6007022857666 18.8888206481934 16.8166904449463 13.6316404342651 11.0616054534912 8.7828893661499 8.12501621246338 7.85441732406616 7.41419696807861 6.93016576766968 5.97807693481445 5.13684558868408 4.75956392288208 4.47294902801514 4.37774038314819 4.29153251647949 4.21632528305054 4.1735897064209 4.15450620651245 4.14226531982422 4.13285779953003 4.17176246643066 4.22016382217407 4.49385786056519 4.77920913696289 5.09693574905396 5.51469898223877 6.28419637680054 7.00288915634155 7.62723207473755 8.35403060913086 9.19245910644531 10.0631246566772 10.9546480178833 11.9346952438354 12.9465408325195 14.2611083984375
