Ecospace-environmental-drivers/Outputs/ASCII-for-ecospace/MOM6-ISIMIP3a/tob/1991-04_tob_MOM6-ISIMIP3a.asc
NCOLS 131 
NROWS 53 
XLLCORNER -98 
YLLCORNER 23.9265270233154 
CELLSIZE 0.133587792515755 
NODATA_value -9999 
[rows 21 to 41 of 53, columns 47 to 93 of 131]
21.7904033660889 21.7508277893066 21.7340660095215 21.8994617462158 22.0687675476074 21.8402538299561 21.615571975708 21.4103775024414 20.5792751312256 18.2368450164795 16.553991317749 15.7766466140747 14.1834239959717 11.9226713180542 9.87864875793457 7.93728637695312 7.00278282165527 6.30885171890259 6.05531406402588 5.81081581115723 5.25753355026245 4.7670750617981 4.53954315185547 4.36450910568237 4.30030345916748 4.24286317825317 4.19369125366211 4.16033458709717 4.1384973526001 4.12788057327271 4.12191104888916 4.12095832824707 4.1209921836853 4.16676568984985 4.21788644790649 4.30469131469727 4.46222448348999 4.86844444274902 5.27499198913574 5.6821494102478 6.27274370193481 7.06319904327393 7.86012411117554 8.66123390197754 9.554368019104 10.4805574417114 11.7585411071777
18.252067565918 17.9912853240967 17.8288478851318 17.7922744750977 17.7524738311768 17.2777481079102 16.793758392334 16.2626323699951 15.4171266555786 13.8125247955322 12.6787729263306 12.1914339065552 11.1810531616211 9.74273300170898 8.42613792419434 7.16720056533813 6.43392705917358 5.82625198364258 5.59735679626465 5.38430118560791 5.02304315567017 4.69179105758667 4.4861159324646 4.3261661529541 4.26274585723877 4.20972919464111 4.1694278717041 4.14274168014526 4.12597274780273 4.1165566444397 4.11018657684326 4.10649633407593 4.10333347320557 4.11789846420288 4.13514280319214 4.17215251922607 4.24435520172119 4.44029712677002 4.64643716812134 4.87151765823364 5.21582794189453 5.69004344940186 6.18205499649048 6.68558168411255 7.63481998443604 8.74416542053223 9.94291210174561
14.4371871948242 13.9670877456665 13.6691913604736 13.4302759170532 13.180835723877 12.4842300415039 11.7652864456177 10.932710647583 10.1260852813721 9.38211917877197 8.88171768188477 8.71569728851318 8.27750968933105 7.61664390563965 7.00442743301392 6.41525602340698 5.90832853317261 5.42105197906494 5.20325422286987 5.0048131942749 4.81865739822388 4.63211917877197 4.44397735595703 4.29530000686646 4.22993421554565 4.17922830581665 4.14643955230713 4.12581968307495 4.11406230926514 4.10588312149048 4.09918546676636 4.09524822235107 4.09185409545898 4.09078502655029 4.09009218215942 4.09222793579102 4.09495162963867 4.09973955154419 4.12062740325928 4.17141580581665 4.26887941360474 4.41719770431519 4.59974670410156 4.80444526672363 5.79032468795776 7.05681705474854 8.1942138671875
10.6467895507812 10.3324022293091 10.1512041091919 9.95898056030273 9.75714778900146 9.32632160186768 8.89962100982666 8.4939022064209 8.10878276824951 7.77340078353882 7.52691316604614 7.4024658203125 7.11914539337158 6.70583868026733 6.25705528259277 5.79146718978882 5.40526294708252 5.03802585601807 4.8729248046875 4.72393226623535 4.60727548599243 4.49418592453003 4.39602470397949 4.30485534667969 4.22844648361206 4.17242336273193 4.14131689071655 4.12132692337036 4.10943460464478 4.10138940811157 4.09493780136108 4.09111785888672 4.08781480789185 4.08755016326904 4.08754873275757 4.08902406692505 4.09070301055908 4.09309911727905 4.10266733169556 4.12555503845215 4.16961860656738 4.23675441741943 4.32073402404785 4.415611743927 4.90124940872192 5.5272536277771 6.77619791030884
7.36511611938477 7.17544507980347 7.07784366607666 6.92299127578735 6.76168775558472 6.58444261550903 6.42984580993652 6.39045763015747 6.36087083816528 6.35494995117188 6.31465291976929 6.22716188430786 6.06802606582642 5.85027313232422 5.54271364212036 5.19261455535889 4.92462635040283 4.67625665664673 4.57054138183594 4.47714757919312 4.42045068740845 4.36954498291016 4.34287643432617 4.29971742630005 4.22174739837646 4.16564512252808 4.13626956939697 4.11706209182739 4.10526084899902 4.09744882583618 4.09128856658936 4.08764219284058 4.0844898223877 4.08486700057983 4.08540773391724 4.08627462387085 4.08705282211304 4.08752250671387 4.08790922164917 4.08814382553101 4.0887246131897 4.08968257904053 4.09289884567261 4.09757614135742 4.16810750961304 4.26229429244995 5.49813747406006
6.31405925750732 6.11319637298584 5.95404577255249 5.7956919670105 5.6438889503479 5.66673564910889 5.69594097137451 5.75748872756958 5.79416131973267 5.77077102661133 5.72740936279297 5.65662908554077 5.48714971542358 5.23691701889038 4.97320175170898 4.70309972763062 4.54233503341675 4.40769481658936 4.39069080352783 4.37986326217651 4.34130239486694 4.30318880081177 4.26694822311401 4.23015594482422 4.19220018386841 4.15898180007935 4.13155317306519 4.11379480361938 4.10308027267456 4.09593439102173 4.09026575088501 4.08704090118408 4.08429622650146 4.08460330963135 4.08503007888794 4.08551931381226 4.08602905273438 4.08661079406738 4.08719444274902 4.08778190612793 4.08836221694946 4.08893346786499 4.08946418762207 4.08996915817261 4.11869096755981 4.15754890441895 4.83374452590942
5.43521070480347 5.24506282806396 5.05801057815552 4.92715311050415 4.81145763397217 4.94982624053955 5.08474779129028 5.2021312713623 5.27469444274902 5.23903560638428 5.18757343292236 5.11441612243652 4.95116138458252 4.71419191360474 4.51545906066895 4.33483791351318 4.2592306137085 4.20871496200562 4.24660396575928 4.28639984130859 4.26555728912354 4.24160575866699 4.20464563369751 4.17587804794312 4.16440439224243 4.14763355255127 4.12438869476318 4.1094183921814 4.1004753112793 4.0944652557373 4.08966970443726 4.0867486000061 4.08419609069824 4.08439540863037 4.08468961715698 4.0849142074585 4.08523511886597 4.08589506149292 4.08661508560181 4.08744621276855 4.08782958984375 4.08772563934326 4.086501121521 4.08455181121826 4.08464670181274 4.08547592163086 4.32985925674438
4.93209552764893 4.80046033859253 4.65892028808594 4.62319040298462 4.6016583442688 4.67102766036987 4.74129247665405 4.81611061096191 4.85830402374268 4.82172298431396 4.7511739730835 4.63399171829224 4.51311254501343 4.38920879364014 4.30157995223999 4.23113298416138 4.19253778457642 4.16155290603638 4.18054723739624 4.20127391815186 4.19723749160767 4.19043779373169 4.1720724105835 4.154944896698 4.14042997360229 4.12606477737427 4.11188268661499 4.10262155532837 4.0969443321228 4.09309530258179 4.090003490448 4.08713006973267 4.08429908752441 4.08430910110474 4.08443212509155 4.08463668823242 4.08494281768799 4.08560800552368 4.08633279800415 4.08716678619385 4.08692693710327 4.08551692962646 4.08456611633301 4.08391141891479 4.08414125442505 4.08468866348267 4.17617797851562
4.58711528778076 4.50446701049805 4.41030073165894 4.42818593978882 4.45711803436279 4.47464466094971 4.49515962600708 4.53087472915649 4.54316091537476 4.49887371063232 4.42478799819946 4.30979299545288 4.23282432556152 4.1869683265686 4.16680860519409 4.15882110595703 4.14484691619873 4.12944173812866 4.13760280609131 4.14705657958984 4.15175676345825 4.15421056747437 4.14726495742798 4.13764381408691 4.12237501144409 4.11035490036011 4.10230588912964 4.09707880020142 4.09390687942505 4.09177780151367 4.09008026123047 4.08737134933472 4.08446311950684 4.08423519134521 4.08414173126221 4.08439779281616 4.08476209640503 4.0855073928833 4.08627939224243 4.08710098266602 4.08648109436035 4.08428955078125 4.08340072631836 4.08335399627686 4.08361482620239 4.08398580551147 4.08887243270874
4.44108247756958 4.39543724060059 4.35098600387573 4.37025928497314 4.39467906951904 4.38194751739502 4.37146663665771 4.37243509292603 4.35539436340332 4.29486751556396 4.23680925369263 4.18213844299316 4.15101146697998 4.13914728164673 4.13156223297119 4.12600421905518 4.1210618019104 4.11626625061035 4.1237359046936 4.1317253112793 4.13500928878784 4.13678121566772 4.13222646713257 4.12491083145142 4.11176633834839 4.10201597213745 4.09641408920288 4.09311389923096 4.09149026870728 4.09052562713623 4.08983373641968 4.08743619918823 4.08470344543457 4.08417701721191 4.08381032943726 4.0842080116272 4.08472108840942 4.0856409072876 4.08651494979858 4.08730411529541 4.08660888671875 4.08429670333862 4.08320426940918 4.08290147781372 4.08306217193604 4.08338928222656 4.08507251739502
4.34580755233765 4.31823396682739 4.29754447937012 4.31540584564209 4.33536338806152 4.30538129806519 4.27763557434082 4.26126480102539 4.23344373703003 4.17797327041626 4.13719463348389 4.11658477783203 4.10848379135132 4.11061668395996 4.10925197601318 4.10623025894165 4.10564994812012 4.10565280914307 4.11182832717896 4.11822414398193 4.12164926528931 4.12377071380615 4.12043285369873 4.11484003067017 4.10448503494263 4.09705829620361 4.09321022033691 4.09111642837524 4.09030103683472 4.08977031707764 4.08935832977295 4.08730745315552 4.08493423461914 4.0842809677124 4.0837869644165 4.084228515625 4.08478260040283 4.08573198318481 4.08660268783569 4.08732748031616 4.08666133880615 4.08447933197021 4.08321332931519 4.0825400352478 4.08255958557129 4.08282852172852 4.08319091796875
4.28860139846802 4.26490020751953 4.2485089302063 4.26285743713379 4.27838945388794 4.24091339111328 4.20620107650757 4.18554735183716 4.16085529327393 4.12641334533691 4.10385417938232 4.09760761260986 4.09542036056519 4.09655475616455 4.09664392471313 4.0962381362915 4.09651756286621 4.09696102142334 4.10138988494873 4.10609483718872 4.11083078384399 4.11407423019409 4.11107349395752 4.10676574707031 4.0996994972229 4.09463691711426 4.09202241897583 4.09059524536133 4.09003257751465 4.08938837051392 4.08871030807495 4.08703279495239 4.08515787124634 4.08450651168823 4.08399534225464 4.08440732955933 4.08492088317871 4.08579063415527 4.08657932281494 4.08721590042114 4.08665704727173 4.08479452133179 4.08337688446045 4.08224678039551 4.0820951461792 4.08229446411133 4.08274793624878
4.24497365951538 4.22566366195679 4.21138572692871 4.21786546707153 4.22488355636597 4.18907880783081 4.15604734420776 4.13712549209595 4.11838150024414 4.10006713867188 4.08898401260376 4.08782720565796 4.08786010742188 4.08886575698853 4.08951807022095 4.090003490448 4.09066677093506 4.09137296676636 4.09435129165649 4.09757328033447 4.10206985473633 4.10545778274536 4.10420417785645 4.10182619094849 4.09707546234131 4.09354019165039 4.09149122238159 4.09025478363037 4.08961057662964 4.08872985839844 4.08775091171265 4.08663415908813 4.08549022674561 4.08502292633057 4.08464097976685 4.08484745025635 4.08514261245728 4.08574771881104 4.08633995056152 4.08690690994263 4.08637475967407 4.08464574813843 4.08323669433594 4.08203458786011 4.08186435699463 4.08206462860107 4.08247756958008
4.20716619491577 4.19246864318848 4.17936849594116 4.17611169815063 4.17286443710327 4.14265823364258 4.11501407623291 4.10040235519409 4.08881425857544 4.08452701568604 4.08202934265137 4.08198833465576 4.08265781402588 4.08390808105469 4.08474206924438 4.08537912368774 4.08622217178345 4.0871148109436 4.08876895904541 4.09059715270996 4.09419059753418 4.09730339050293 4.09840154647827 4.09822988510132 4.09537744522095 4.0930118560791 4.09124135971069 4.0899920463562 4.08912324905396 4.08795261383057 4.08665752410889 4.08618259429932 4.08586931228638 4.08566379547119 4.08547401428223 4.08540010452271 4.08540010452271 4.0856614112854 4.08600759506226 4.08651256561279 4.08597373962402 4.08429765701294 4.08296585083008 4.08185625076294 4.08173322677612 4.08196449279785 4.0822811126709
4.18308639526367 4.16649532318115 4.1476526260376 4.14112091064453 4.13526248931885 4.11357307434082 4.09419584274292 4.08658313751221 4.08090829849243 4.07991218566895 4.07936477661133 4.07943344116211 4.08006715774536 4.08116340637207 4.0822434425354 4.08331632614136 4.08432340621948 4.08531522750854 4.08664798736572 4.08804702758789 4.09007406234741 4.09201192855835 4.09357833862305 4.09415578842163 4.09264612197876 4.09121561050415 4.08988237380981 4.0889253616333 4.08824253082275 4.08736753463745 4.08641290664673 4.08601760864258 4.08573293685913 4.08564043045044 4.08556699752808 4.08560371398926 4.08566474914551 4.08580875396729 4.08600044250488 4.08627986907959 4.08554267883301 4.08369779586792 4.08256053924561 4.08188199996948 4.08183526992798 4.08201551437378 4.08225011825562
4.16184711456299 4.14201641082764 4.1159987449646 4.10752868652344 4.10064363479614 4.08807420730591 4.07755994796753 4.07750272750854 4.07748365402222 4.07755756378174 4.07758760452271 4.07755756378174 4.07801675796509 4.07887601852417 4.08021593093872 4.08178377151489 4.08295154571533 4.08402395248413 4.0852427482605 4.08641290664673 4.08673524856567 4.08731269836426 4.08895683288574 4.08998250961304 4.08970022201538 4.08915710449219 4.08829402923584 4.08769226074219 4.08728075027466 4.08682203292847 4.08634376525879 4.08591222763062 4.08548974990845 4.08548021316528 4.08550691604614 4.08573579788208 4.08593034744263 4.08600473403931 4.08606004714966 4.08608055114746 4.08510541915894 4.08304500579834 4.08212804794312 4.08195018768311 4.08198547363281 4.08209800720215 4.08225297927856
4.12579298019409 4.11302709579468 4.09630107879639 4.09136486053467 4.08755779266357 4.08167600631714 4.07676410675049 4.07678556442261 4.07674646377563 4.07655954360962 4.07647895812988 4.07654333114624 4.07684803009033 4.07734966278076 4.07839107513428 4.07968807220459 4.0808277130127 4.0819296836853 4.08288526535034 4.08380031585693 4.08427381515503 4.08488178253174 4.08605146408081 4.08681869506836 4.08673620223999 4.08646869659424 4.08597612380981 4.08554887771606 4.08516979217529 4.08481121063232 4.0844612121582 4.0839056968689 4.08330917358398 4.08328247070312 4.08329057693481 4.08343362808228 4.08358430862427 4.08376216888428 4.08392143249512 4.08404636383057 4.0840163230896 4.08381700515747 4.08313274383545 4.08213424682617 4.08191204071045 4.08196783065796 4.082115650177
4.09146356582642 4.08586120605469 4.07868957519531 4.07727766036987 4.07648897171021 4.07662534713745 4.07670307159424 4.07648372650146 4.07618951797485 4.07571315765381 4.07549238204956 4.07562112808228 4.07577800750732 4.07595729827881 4.07668018341064 4.07766056060791 4.07872819900513 4.07981729507446 4.08051204681396 4.08118009567261 4.08186101913452 4.08254384994507 4.08323335647583 4.08371639251709 4.08376121520996 4.0837254524231 4.08359050750732 4.08333539962769 4.08299350738525 4.08273077011108 4.08250093460083 4.08186149597168 4.08114194869995 4.08108186721802 4.08105945587158 4.08116245269775 4.08129978179932 4.0815577507019 4.08180141448975 4.08201932907104 4.08287143707275 4.0844144821167 4.08398056030273 4.08226633071899 4.08182382583618 4.08183813095093 4.08198213577271
4.08260631561279 4.08029747009277 4.0776195526123 4.07701969146729 4.07665252685547 4.07682466506958 4.07691812515259 4.07661151885986 4.0762677192688 4.07583379745483 4.07549047470093 4.07527208328247 4.0753378868103 4.07563543319702 4.07609415054321 4.07662868499756 4.0772500038147 4.07789278030396 4.07842111587524 4.07894706726074 4.07954835891724 4.08011436462402 4.08053541183472 4.08078813552856 4.08068513870239 4.08069229125977 4.08083391189575 4.08081102371216 4.08066749572754 4.08060550689697 4.08057689666748 4.08032989501953 4.0800404548645 4.07982349395752 4.07969331741333 4.08038282394409 4.08092069625854 4.08092594146729 4.08093214035034 4.08093976974487 4.0814380645752 4.08247137069702 4.08246469497681 4.08178424835205 4.08169031143188 4.08180665969849 4.08195304870605
4.07573747634888 4.07597255706787 4.07670068740845 4.07679843902588 4.07683610916138 4.07699871063232 4.07706737518311 4.07666063308716 4.07626056671143 4.07587814331055 4.07547807693481 4.0750527381897 4.07504463195801 4.07537841796875 4.07559299468994 4.07575082778931 4.07598400115967 4.07623529434204 4.07659912109375 4.07697725296021 4.07745313644409 4.07787370681763 4.07806253433228 4.07813167572021 4.07794857025146 4.07800388336182 4.07834959030151 4.07850027084351 4.07850885391235 4.07862710952759 4.07879018783569 4.07893705368042 4.0790810585022 4.07890033721924 4.07883024215698 4.07995939254761 4.08079051971436 4.08057355880737 4.08036279678345 4.080162525177 4.08033132553101 4.08090162277222 4.08121633529663 4.08136510848999 4.08155965805054 4.08176946640015 4.08192253112793
4.07615947723389 4.07619094848633 4.0763373374939 4.07671070098877 4.07709312438965 4.07707786560059 4.07697486877441 4.07642030715942 4.07594203948975 4.07564640045166 4.07542562484741 4.07530736923218 4.07529163360596 4.07536029815674 4.07540464401245 4.07543802261353 4.07549476623535 4.07555723190308 4.07576084136963 4.07597208023071 4.0761570930481 4.07632350921631 4.07641363143921 4.07647085189819 4.07645750045776 4.07657766342163 4.07686138153076 4.07697486877441 4.07696485519409 4.07718801498413 4.07750749588013 4.07805347442627 4.07864427566528 4.07920503616333 4.07980871200562 4.0808424949646 4.08157444000244 4.08124446868896 4.08089113235474 4.08049488067627 4.08042144775391 4.0806999206543 4.08094930648804 4.08117961883545 4.08143997192383 4.08171081542969 4.08188772201538
