Ecospace-environmental-drivers/Outputs/ASCII-for-ecospace/MOM6-ISIMIP3a/tob/1991-02_tob_MOM6-ISIMIP3a.asc
NCOLS 131 
NROWS 53 
XLLCORNER -98 
YLLCORNER 23.9265270233154 
CELLSIZE 0.133587792515755 
NODATA_value -9999 
[rows 0 to 20 of 53, columns 47 to 93 of 131]
-9999 -9999 -9999 -9999 -9999 -9999 -9999 -9999 -9999 -9999 -9999 -9999 -9999 -9999 -9999 -9999 -9999 -9999 -9999 -9999 -9999 -9999 -9999 -9999 -9999 -9999 -9999 -9999 -9999 -9999 -9999 -9999 -9999 -9999 -9999 -9999 -9999 -9999 -9999 -9999 -9999 -9999 -9999 -9999 -9999 -9999 -9999
-9999 -9999 -9999 -9999 -9999 -9999 -9999 -9999 -9999 -9999 -9999 -9999 -9999 -9999 -9999 -9999 -9999 -9999 -9999 -9999 -9999 -9999 -9999 -9999 -9999 -9999 -9999 -9999 -9999 -9999 -9999 -9999 -9999 -9999 -9999 -9999 -9999 -9999 -9999 -9999 -9999 -9999 -9999 -9999 -9999 -9999 -9999
-9999 -9999 -9999 -9999 -9999 -9999 -9999 -9999 -9999 -9999 -9999 -9999 -9999 -9999 -9999 -9999 -9999 -9999 -9999 -9999 -9999 -9999 -9999 -9999 -9999 -9999 -9999 15.6823701858521 15.5430755615234 -9999 -9999 -9999 -9999 -9999 -9999 -9999 -9999 -9999 -9999 -9999 -9999 -9999 -9999 -9999 -9999 -9999 -9999
-9999 -9999 -9999 -9999 -9999 -9999 -9999 -9999 -9999 -9999 -9999 -9999 -9999 -9999 -9999 -9999 -9999 -9999 -9999 -9999 -9999 -9999 -9999 -9999 -9999 -9999 -9999 15.6778001785278 15.5155057907104 -9999 -9999 -9999 -9999 -9999 -9999 -9999 -9999 -9999 -9999 -9999 -9999 -9999 -9999 -9999 -9999 -9999 -9999
-9999 -9999 -9999 -9999 -9999 -9999 -9999 -9999 -9999 -9999 -9999 -9999 -9999 -9999 -9999 -9999 -9999 -9999 15.3337917327881 15.3682498931885 15.3958158493042 15.5566177368164 15.6961069107056 15.9300937652588 16.0503158569336 16.0200748443604 15.8772439956665 15.664098739624 15.4920568466187 15.3903608322144 -9999 -9999 15.8548965454102 16.262279510498 16.733606338501 17.1484470367432 17.420051574707 17.5463371276855 17.4883327484131 17.2852954864502 16.9199905395508 16.5035095214844 -9999 -9999 -9999 -9999 -9999
-9999 -9999 -9999 -9999 -9999 -9999 -9999 -9999 -9999 -9999 -9999 -9999 -9999 -9999 16.7785701751709 -9999 16.4762344360352 16.222225189209 15.8378963470459 15.3337917327881 15.3751411437988 15.3958158493042 15.7174186706543 15.9750852584839 16.0977764129639 16.0780830383301 15.8843650817871 15.6692848205566 15.438645362854 15.3682413101196 15.3641967773438 15.5436010360718 15.7590665817261 16.2620220184326 16.7657527923584 17.1730461120605 17.5065422058105 17.58056640625 17.5519008636475 17.3325290679932 16.9714546203613 16.4559879302979 16.0830879211426 15.8024349212646 -9999 -9999 -9999
-9999 -9999 -9999 -9999 -9999 -9999 -9999 -9999 -9999 -9999 19.5148773193359 19.4997882843018 19.4926280975342 19.4827518463135 18.1422805786133 16.8128070831299 16.7443351745605 16.4621429443359 16.222225189209 15.9576721191406 15.3337917327881 15.3958158493042 15.7174186706543 15.9750852584839 16.0977764129639 16.0780830383301 15.8843650817871 15.6692848205566 15.438645362854 15.3682413101196 15.3641967773438 15.5436010360718 15.7590665817261 16.2620220184326 16.7657527923584 17.1730461120605 17.5065422058105 17.58056640625 17.5519008636475 17.3325290679932 16.9714546203613 16.4559879302979 16.0830879211426 15.8024349212646 15.7282638549805 16.0900726318359 -9999
-9999 -9999 -9999 -9999 -9999 -9999 -9999 -9999 -9999 -9999 19.5957775115967 19.5148773193359 19.4846992492676 -9999 19.4852504730225 18.1907062530518 16.8812770843506 16.7443351745605 16.4198684692383 16.222225189209 16.3169994354248 16.4743270874023 16.8934440612793 17.2013626098633 17.2745265960693 17.1759738922119 16.8675441741943 16.5441722869873 16.2099151611328 16.1278533935547 16.1502323150635 16.3421039581299 16.5672931671143 16.9314575195312 17.3003234863281 17.6648197174072 17.9709224700928 18.0717010498047 18.0698394775391 17.8773632049561 17.5290031433105 17.0108013153076 16.6212997436523 16.3150768280029 16.2560749053955 16.2858791351318 16.2669429779053
-9999 -9999 -9999 -9999 -9999 -9999 -9999 -9999 -9999 -9999 -9999 -9999 -9999 -9999 19.4655246734619 19.5357074737549 18.3266830444336 17.0182189941406 16.7443351745605 16.2930431365967 17.0025424957275 17.6759948730469 18.1985874176025 18.5567932128906 18.567964553833 18.3795490264893 17.9471988677979 17.5099353790283 17.0690937042236 16.9765815734863 17.0283222198486 17.2293319702148 17.4596862792969 17.6410522460938 17.8338394165039 18.1559429168701 18.4401321411133 18.5910167694092 18.6337203979492 18.4755229949951 18.1461963653564 17.6304168701172 17.2251873016357 16.8914890289307 16.6079769134521 16.342493057251 16.2514972686768
15.3852920532227 -9999 -9999 -9999 -9999 -9999 -9999 -9999 -9999 -9999 19.2971992492676 19.6787014007568 -9999 -9999 -9999 19.4875335693359 19.7254219055176 18.6579074859619 17.2921047210693 17.3965110778809 18.2294082641602 18.9904308319092 19.4506664276123 19.670524597168 19.382926940918 19.028528213501 18.5924873352051 18.2601490020752 18.0033493041992 17.9855270385742 18.06667137146 18.1165409088135 18.1602630615234 17.1867446899414 16.3117027282715 16.7666778564453 17.3188533782959 18.2127933502197 18.8028011322021 18.8283748626709 18.6849327087402 18.3573436737061 18.0287399291992 17.6994800567627 17.3266353607178 16.9381351470947 16.5630664825439
15.4198322296143 15.4249305725098 -9999 -9999 -9999 -9999 -9999 -9999 -9999 -9999 19.268856048584 19.8080730438232 19.6787014007568 -9999 -9999 19.2734527587891 19.6742706298828 20.2285442352295 19.350284576416 18.4965705871582 19.4324779510498 20.2560997009277 20.6098003387451 20.6748676300049 20.1306056976318 19.6425304412842 19.2231216430664 18.9899673461914 18.8924770355225 18.8222122192383 18.763219833374 18.4490585327148 18.08473777771 16.2465801239014 14.5809545516968 15.1339588165283 15.906078338623 17.4486179351807 18.5565929412842 18.857536315918 19.0021724700928 18.9765090942383 18.7794780731201 18.4715633392334 18.024621963501 17.527738571167 16.9327716827393
15.4198322296143 15.4351282119751 16.056324005127 16.4337596893311 -9999 -9999 -9999 -9999 -9999 -9999 -9999 20.0498600006104 20.1360645294189 19.6787014007568 19.5148773193359 19.2734527587891 19.6742706298828 20.2285442352295 19.8913726806641 19.5783348083496 20.5079116821289 21.2601795196533 21.2703914642334 21.092472076416 20.5173931121826 20.0689086914062 19.7751522064209 19.6103763580322 19.5395488739014 18.7349243164062 17.626407623291 15.8063182830811 13.8463506698608 12.7003707885742 11.7312536239624 12.1953945159912 12.9297647476196 14.6142730712891 16.0828685760498 17.1504917144775 18.13134765625 19.0176677703857 19.2469310760498 19.0510501861572 18.611722946167 18.0849456787109 17.6143054962158
15.621883392334 15.9623374938965 16.382640838623 16.4451904296875 -9999 -9999 -9999 -9999 17.3334293365479 18.4214878082275 19.4122104644775 20.2693042755127 20.4680633544922 20.1281909942627 19.8753719329834 19.6637878417969 19.9723320007324 20.4051513671875 20.4205570220947 20.4590530395508 21.2510089874268 21.8159809112549 21.4309940338135 20.8712596893311 19.9426212310791 19.1897411346436 18.6516742706299 18.2783489227295 18.0250205993652 16.7660789489746 15.0906820297241 12.6364345550537 10.0290842056274 9.6140308380127 9.35949897766113 9.87996959686279 10.6652555465698 12.3816442489624 14.0440473556519 15.6061944961548 17.130199432373 18.6126480102539 19.2895889282227 19.4453258514404 19.1560859680176 18.7070026397705 18.3385429382324
16.3290729522705 16.3710651397705 16.4173679351807 16.4451904296875 16.4734497070312 16.5645542144775 16.6735324859619 16.8734283447266 17.3334293365479 18.4214878082275 19.4122104644775 20.2693042755127 20.8180561065674 21.1145305633545 21.1371212005615 21.0299797058105 21.0155582427979 21.0232925415039 20.9199848175049 20.8371448516846 21.1632499694824 21.2510623931885 20.3415966033936 19.0529689788818 16.963903427124 15.0466356277466 13.3393421173096 12.0651350021362 11.1063814163208 10.0932502746582 9.05760097503662 8.14866638183594 7.26464080810547 7.67738628387451 8.18263721466064 9.1224250793457 10.1802921295166 11.6533336639404 13.0925054550171 14.4687776565552 15.8032445907593 17.0921649932861 18.2702312469482 19.3765716552734 19.5936050415039 19.4911823272705 19.1695461273193
17.4559803009033 17.2532272338867 16.9897575378418 16.9385318756104 16.9136714935303 17.0140342712402 17.1400718688965 17.3967170715332 17.8802490234375 18.9116134643555 19.8369522094727 20.6167335510254 21.2638149261475 21.8023242950439 21.9627113342285 21.9439907073975 21.7637214660645 21.5448551177979 21.1159725189209 20.657018661499 19.9703826904297 19.1296329498291 17.6439056396484 15.8461618423462 13.3897323608398 11.1329383850098 9.12014102935791 7.61875534057617 6.48987436294556 5.78860759735107 5.2644305229187 5.31908559799194 5.48752546310425 6.42980527877808 7.42020988464355 8.60078811645508 9.80514717102051 11.0931253433228 12.3619909286499 13.5953645706177 14.7857799530029 15.9293918609619 17.3365249633789 18.9141693115234 19.5974388122559 19.959436416626 19.7884063720703
19.176290512085 18.8047389984131 18.322301864624 18.1293697357178 17.9762840270996 18.0989933013916 18.2662124633789 18.6598453521729 19.2001667022705 20.0946846008301 20.8622016906738 21.4553604125977 21.8449668884277 22.0680294036865 22.1716537475586 22.2187004089355 22.0947208404541 21.929874420166 20.8829517364502 19.687671661377 17.2150917053223 14.8075799942017 12.6723804473877 10.6762495040894 8.9737024307251 7.54358339309692 6.4464282989502 5.67035818099976 5.12816143035889 4.83214664459229 4.63808441162109 4.83387899398804 5.10631036758423 6.15643262863159 7.24371671676636 8.41268062591553 9.58526611328125 10.770580291748 11.9439678192139 13.0952043533325 14.2058782577515 15.2723579406738 16.5239124298096 17.8952178955078 18.9881248474121 19.9810276031494 20.1073360443115
20.3677234649658 20.0683288574219 19.675666809082 19.4746189117432 19.3039779663086 19.4247360229492 19.5853443145752 19.9486694335938 20.394645690918 21.0401935577393 21.5722179412842 21.9483909606934 21.8307304382324 21.3090286254883 21.0422439575195 20.8962078094482 20.8217811584473 20.7644672393799 18.9378700256348 16.9193305969238 13.8762092590332 11.0428895950317 9.08761215209961 7.41554498672485 6.34135723114014 5.51285743713379 4.98463773727417 4.63795328140259 4.42349624633789 4.33700180053711 4.30350017547607 4.57543420791626 4.90740919113159 5.95878982543945 7.03468990325928 8.08986282348633 9.1464786529541 10.2081689834595 11.2896127700806 12.4077386856079 13.4982147216797 14.5585641860962 15.7080545425415 16.9152221679688 18.2232685089111 19.5675506591797 20.0487461090088
21.1137790679932 21.0894527435303 21.0465621948242 20.9499015808105 20.8548984527588 20.9532451629639 21.0669994354248 21.2591342926025 21.4834899902344 21.78564453125 22.0167694091797 22.1503849029541 21.3151054382324 19.687105178833 18.7857856750488 18.2286777496338 18.1981372833252 18.2934131622314 15.5510272979736 12.6360177993774 10.0458707809448 7.74756669998169 6.67065668106079 5.76261949539185 5.21108770370483 4.79468250274658 4.54342937469482 4.37692260742188 4.27214384078979 4.23033905029297 4.21461391448975 4.5079493522644 4.86203861236572 5.82492017745972 6.79826641082764 7.65360116958618 8.52334690093994 9.44376182556152 10.4362382888794 11.5625400543213 12.6829595565796 13.796971321106 14.8894634246826 15.9680318832397 17.3274250030518 18.7876968383789 19.6722412109375
21.504976272583 21.5882568359375 21.6729831695557 21.6608467102051 21.6423263549805 21.7191677093506 21.7990837097168 21.8946342468262 21.9964046478271 22.1131896972656 22.1576156616211 22.1027011871338 20.5600204467773 17.8000888824463 15.9311151504517 14.4841690063477 14.2977981567383 14.4126224517822 12.2036876678467 9.86149597167969 7.90330934524536 6.19444179534912 5.52900171279907 4.98380041122437 4.69243335723877 4.47250604629517 4.33989286422729 4.25371026992798 4.20134735107422 4.17978286743164 4.170973777771 4.39693307876587 4.66904211044312 5.41815853118896 6.17621850967407 6.84907674789429 7.57128810882568 8.46703052520752 9.39056873321533 10.3657264709473 11.3886251449585 12.4635400772095 13.504638671875 14.5238571166992 15.8734312057495 17.3416728973389 18.545446395874
21.7225151062012 21.8314533233643 21.9350814819336 21.997745513916 22.0561199188232 22.1119041442871 22.1643524169922 22.1998252868652 22.2274742126465 22.2362232208252 22.1498336791992 21.9328327178955 19.6877479553223 15.7833433151245 12.7836980819702 10.2126178741455 9.77268218994141 9.84194850921631 8.87567806243896 7.82533168792725 6.5866961479187 5.49389743804932 5.01144123077393 4.63274240493774 4.47308492660522 4.34411954879761 4.25266647338867 4.19794273376465 4.16997241973877 4.15668392181396 4.14947509765625 4.26461315155029 4.40380096435547 4.87785196304321 5.36545753479004 5.86433506011963 6.4582633972168 7.38639402389526 8.25079536437988 8.9968433380127 9.85984325408936 10.8502674102783 11.8427152633667 12.8364734649658 14.1462936401367 15.5696468353271 17.0514812469482
21.7707347869873 21.8302936553955 21.8833103179932 21.9651584625244 22.0451622009277 21.9957122802734 21.9157466888428 21.6805534362793 21.2596111297607 20.3901615142822 19.6795597076416 19.1870288848877 17.1183490753174 13.760103225708 11.0505952835083 8.64837837219238 7.98010778427124 7.72613477706909 7.2298412322998 6.69530582427979 5.84646940231323 5.09401178359985 4.74490880966187 4.47406339645386 4.36842584609985 4.28021001815796 4.21328592300415 4.17253923416138 4.15085887908936 4.13973474502563 4.13298273086548 4.18602705001831 4.25082588195801 4.50635051727295 4.77193737030029 5.06681871414185 5.45133829116821 6.15103101730347 6.80306434631348 7.36659002304077 8.08893775939941 8.9843282699585 9.88312339782715 10.7841205596924 11.9293489456177 13.1623077392578 14.6492052078247
