Ecospace-environmental-drivers/Outputs/ASCII-for-ecospace/MOM6-ISIMIP3a/tob/1992-02_tob_MOM6-ISIMIP3a.asc
NCOLS 131 
NROWS 53 
XLLCORNER -98 
YLLCORNER 23.9265270233154 
CELLSIZE 0.133587792515755 
NODATA_value -9999 
[rows 0 to 20 of 53, columns 47 to 93 of 131]
-9999 -9999 -9999 -9999 -9999 -9999 -9999 -9999 -9999 -9999 -9999 -9999 -9999 -9999 -9999 -9999 -9999 -9999 -9999 -9999 -9999 -9999 -9999 -9999 -9999 -9999 -9999 -9999 -9999 -9999 -9999 -9999 -9999 -9999 -9999 -9999 -9999 -9999 -9999 -9999 -9999 -9999 -9999 -9999 -9999 -9999 -9999
-9999 -9999 -9999 -9999 -9999 -9999 -9999 -9999 -9999 -9999 -9999 -9999 -9999 -9999 -9999 -9999 -9999 -9999 -9999 -9999 -9999 -9999 -9999 -9999 -9999 -9999 -9999 -9999 -9999 -9999 -9999 -9999 -9999 -9999 -9999 -9999 -9999 -9999 -9999 -9999 -9999 -9999 -9999 -9999 -9999 -9999 -9999
-9999 -9999 -9999 -9999 -9999 -9999 -9999 -9999 -9999 -9999 -9999 -9999 -9999 -9999 -9999 -9999 -9999 -9999 -9999 -9999 -9999 -9999 -9999 -9999 -9999 -9999 -9999 15.1282005310059 14.958384513855 -9999 -9999 -9999 -9999 -9999 -9999 -9999 -9999 -9999 -9999 -9999 -9999 -9999 -9999 -9999 -9999 -9999 -9999
-9999 -9999 -9999 -9999 -9999 -9999 -9999 -9999 -9999 -9999 -9999 -9999 -9999 -9999 -9999 -9999 -9999 -9999 -9999 -9999 -9999 -9999 -9999 -9999 -9999 -9999 -9999 15.1198921203613 14.9178810119629 -9999 -9999 -9999 -9999 -9999 -9999 -9999 -9999 -9999 -9999 -9999 -9999 -9999 -9999 -9999 -9999 -9999 -9999
-9999 -9999 -9999 -9999 -9999 -9999 -9999 -9999 -9999 -9999 -9999 -9999 -9999 -9999 -9999 -9999 -9999 -9999 14.2486047744751 14.3082942962646 14.3560466766357 14.634593963623 14.8837776184082 15.3201532363892 15.5755023956299 15.5695943832397 15.3764371871948 15.0944547653198 14.888783454895 14.7704048156738 -9999 -9999 15.5585613250732 16.087589263916 16.6103096008301 17.0368270874023 17.2489986419678 17.2789688110352 17.1140575408936 16.8239288330078 16.3770751953125 15.8449726104736 -9999 -9999 -9999 -9999 -9999
-9999 -9999 -9999 -9999 -9999 -9999 -9999 -9999 -9999 -9999 -9999 -9999 -9999 -9999 16.1792068481445 -9999 15.6586532592773 15.2228746414185 14.7967901229858 14.2486047744751 14.3202323913574 14.3560466766357 14.9131422042847 15.3821439743042 15.6651725769043 15.6791906356812 15.3644199371338 15.0857019424438 14.8332433700562 14.7474040985107 14.7305679321289 15.0808782577515 15.5033597946167 16.0914459228516 16.6679611206055 17.0715236663818 17.3709964752197 17.3044776916504 17.1614322662354 16.8762626647949 16.4340934753418 15.8208713531494 15.2799530029297 14.7858209609985 -9999 -9999 -9999
-9999 -9999 -9999 -9999 -9999 -9999 -9999 -9999 -9999 -9999 20.0104484558105 20.0073719024658 20.0122509002686 20.0434513092041 18.1487255096436 16.237663269043 16.1207504272461 15.6323356628418 15.2228746414185 14.918890953064 14.2486047744751 14.3560466766357 14.9131422042847 15.3821439743042 15.6651725769043 15.6791906356812 15.3644199371338 15.0857019424438 14.8332433700562 14.7474040985107 14.7305679321289 15.0808782577515 15.5033597946167 16.0914459228516 16.6679611206055 17.0715236663818 17.3709964752197 17.3044776916504 17.1614322662354 16.8762626647949 16.4340934753418 15.8208713531494 15.2799530029297 14.7858209609985 14.6552305221558 15.0063152313232 -9999
-9999 -9999 -9999 -9999 -9999 -9999 -9999 -9999 -9999 -9999 20.0269470214844 20.0104484558105 20.0042934417725 -9999 20.1040515899658 18.2591514587402 16.3545742034912 16.1207504272461 15.5533819198608 15.2228746414185 15.2851943969727 15.4774923324585 16.2137584686279 16.8112678527832 17.1158542633057 17.1455345153809 16.8392200469971 16.4979419708252 16.131196975708 15.9015207290649 15.728609085083 16.0820846557617 16.5390357971191 16.8596363067627 17.173454284668 17.4703273773193 17.6970539093018 17.6771373748779 17.5842361450195 17.3557949066162 16.9058036804199 16.214427947998 15.6408567428589 15.1435117721558 15.1131591796875 15.2505569458008 15.4361343383789
-9999 -9999 -9999 -9999 -9999 -9999 -9999 -9999 -9999 -9999 -9999 -9999 -9999 -9999 20.0574436187744 20.25657081604 18.5064239501953 16.5883979797363 16.1207504272461 15.316520690918 16.0042819976807 16.7380809783936 17.6645526885986 18.396900177002 18.7194328308105 18.7640361785889 18.4689559936523 18.0637531280518 17.5783367156982 17.192325592041 16.8474788665771 17.1932487487793 17.6747741699219 17.6742458343506 17.6750469207764 17.8632316589355 18.0207328796387 18.0703449249268 18.0458793640137 17.8838386535645 17.4320640563965 16.6646118164062 16.0583076477051 15.5562705993652 15.3703594207764 15.2980041503906 15.484447479248
14.6945514678955 -9999 -9999 -9999 -9999 -9999 -9999 -9999 -9999 -9999 19.2836589813232 20.0438594818115 -9999 -9999 -9999 20.1760520935059 20.6078300476074 19.0390853881836 17.0560474395752 17.1838645935059 17.8212051391602 18.4928092956543 19.3078022003174 19.9046115875244 20.0408134460449 20.0161018371582 19.7947196960449 19.5154991149902 19.1941509246826 18.7703151702881 18.3040351867676 18.2603950500488 18.2998371124268 17.1646671295166 16.1339530944824 16.5485897064209 17.0314559936523 17.754222869873 18.2306423187256 18.2495651245117 18.0309143066406 17.5534210205078 17.0349941253662 16.4900798797607 16.1913967132568 15.9811601638794 15.8420295715332
14.6882171630859 14.6872816085815 -9999 -9999 -9999 -9999 -9999 -9999 -9999 -9999 19.093074798584 19.8833522796631 20.0438594818115 -9999 -9999 19.9612102508545 20.5564975738525 21.3057804107666 20.1563491821289 18.995174407959 19.5615978240967 20.1467952728271 20.8105659484863 21.2532367706299 21.2291488647461 21.1415271759033 20.9762573242188 20.787576675415 20.5818481445312 20.0258178710938 19.3247146606445 18.7303142547607 18.156888961792 16.1880836486816 14.4092464447021 14.9909744262695 15.7357921600342 17.0540428161621 18.0168914794922 18.3197193145752 18.4261875152588 18.3187141418457 17.9493579864502 17.410551071167 17.0015563964844 16.6391887664795 16.2193756103516
14.6882171630859 14.6854114532471 15.2276954650879 15.5478706359863 -9999 -9999 -9999 -9999 -9999 -9999 -9999 20.0025367736816 20.2848777770996 20.0438594818115 20.0104484558105 19.9612102508545 20.5564975738525 21.3057804107666 20.9175415039062 20.5059261322021 20.8914852142334 21.2604179382324 21.5597763061523 21.7485466003418 21.7038516998291 21.5876922607422 21.3841857910156 21.0959358215332 20.7459602355957 19.5515575408936 18.0074481964111 15.9968194961548 13.8944845199585 12.7065782546997 11.6996717453003 12.1301002502441 12.7967290878296 14.293848991394 15.6655864715576 16.8044776916504 17.7294979095459 18.4214935302734 18.5294418334961 18.2594833374023 17.7533721923828 17.1624317169189 16.702730178833
14.8901414871216 15.158221244812 15.511004447937 15.5561456680298 -9999 -9999 -9999 -9999 16.8202075958252 18.1279773712158 19.2754764556885 20.2029457092285 20.5291862487793 20.3635158538818 20.3059043884277 20.2994766235352 20.7968597412109 21.4146194458008 21.532995223999 21.6214275360107 21.7733669281006 21.8711318969727 21.7421684265137 21.4930152893066 20.9901351928711 20.4689311981201 19.9253368377686 19.3567695617676 18.7700157165527 17.237361907959 15.3129768371582 12.7558393478394 10.0743169784546 9.68633270263672 9.45104026794434 9.87763595581055 10.5584030151367 12.1328449249268 13.7304525375366 15.3710784912109 16.8238201141357 18.0718536376953 18.6621875762939 18.8269557952881 18.4134426116943 17.792200088501 17.3168182373047
15.5968885421753 15.5632066726685 15.5454139709473 15.5561456680298 15.5764617919922 15.7767333984375 15.9873924255371 16.2508869171143 16.8202075958252 18.1279773712158 19.2754764556885 20.2029457092285 20.8032245635986 21.1358051300049 21.3400173187256 21.4834251403809 21.6381416320801 21.795560836792 21.7840938568115 21.7487812042236 21.5352172851562 21.2245483398438 20.5074806213379 19.3603458404541 17.3053016662598 15.4377765655518 13.7994384765625 12.4986839294434 11.4438209533691 10.3232297897339 9.17541885375977 8.24611473083496 7.35976457595825 7.81925773620605 8.35478782653809 9.14622592926025 10.0719528198242 11.4698505401611 12.835765838623 14.1422872543335 15.3956642150879 16.5911388397217 17.6765575408936 18.6907615661621 18.8441352844238 18.6882839202881 18.2577438354492
16.6821937561035 16.4020023345947 16.0792846679688 16.0197334289551 15.9956588745117 16.2021675109863 16.4254474639893 16.7340431213379 17.3267250061035 18.6053581237793 19.6815910339355 20.4799537658691 21.1090831756592 21.5997505187988 21.9034271240234 22.1185302734375 22.0684852600098 21.9550857543945 21.6158065795898 21.2177410125732 20.1899147033691 19.0976543426514 17.7357349395752 15.9683990478516 13.3451986312866 11.0352439880371 9.10813999176025 7.66297292709351 6.5688419342041 5.85888004302979 5.30801582336426 5.39057350158691 5.59764671325684 6.58900594711304 7.60960149765015 8.6320686340332 9.70328235626221 10.945897102356 12.1360893249512 13.2289276123047 14.3326148986816 15.4481210708618 16.7684726715088 18.2213687896729 18.90065574646 19.3020534515381 19.0266780853271
18.3027095794678 17.8541278839111 17.3193016052246 17.1387481689453 17.0075244903564 17.2290859222412 17.4828319549561 17.900297164917 18.5493659973145 19.7576713562012 20.6618785858154 21.1485996246338 21.4599285125732 21.6277561187744 21.8013496398926 21.9776763916016 21.9178371429443 21.801570892334 20.8545799255371 19.7558555603027 17.2792987823486 14.8778696060181 12.790864944458 10.7960643768311 8.99591445922852 7.5214695930481 6.44510316848755 5.68653154373169 5.15943622589111 4.85807418823242 4.65019655227661 4.87374305725098 5.18209743499756 6.25910615921021 7.36075830459595 8.42506694793701 9.50113010406494 10.6185216903687 11.7121200561523 12.7615327835083 13.7857580184937 14.7825422286987 15.9700222015381 17.280891418457 18.4281673431396 19.5166797637939 19.5524463653564
19.3744773864746 19.0024185180664 18.5468692779541 18.3699626922607 18.2350578308105 18.46409034729 18.7265090942383 19.1587581634521 19.7270812988281 20.6239604949951 21.2490253448486 21.5009250640869 21.338306427002 20.836540222168 20.5988178253174 20.4861660003662 20.445520401001 20.4220790863037 18.7023391723633 16.7970218658447 13.8867673873901 11.1589727401733 9.19478607177734 7.50139904022217 6.37969064712524 5.52247095108032 4.98851156234741 4.64138126373291 4.43033456802368 4.34030246734619 4.30038642883301 4.59844064712524 4.96293163299561 6.02525758743286 7.10575771331787 8.11134815216064 9.11423587799072 10.1076211929321 11.1126136779785 12.1391611099243 13.1283340454102 14.0767869949341 15.1703615188599 16.357837677002 17.7624912261963 19.2451591491699 19.6644687652588
19.9841346740723 19.8948440551758 19.7639541625977 19.6956634521484 19.6442089080811 19.8743267059326 20.1270656585693 20.494873046875 20.8669605255127 21.249382019043 21.5051002502441 21.5868701934814 20.8188076019287 19.3554401397705 18.4695682525635 17.8572444915771 17.8602027893066 18.0101718902588 15.378698348999 12.5775756835938 10.0884065628052 7.86188125610352 6.7345495223999 5.78795480728149 5.22290945053101 4.79909420013428 4.54788970947266 4.38048934936523 4.27413034439087 4.22930192947388 4.20995569229126 4.52653312683105 4.90914487838745 5.87229490280151 6.84557199478149 7.70775890350342 8.5717658996582 9.44217109680176 10.3652839660645 11.3862810134888 12.3777990341187 13.337197303772 14.3696823120117 15.4494581222534 16.9341297149658 18.5642471313477 19.4280681610107
20.3235569000244 20.3595333099365 20.3677024841309 20.3643913269043 20.3667049407959 20.5525646209717 20.7530002593994 21.0275745391846 21.2712211608887 21.4401912689209 21.5260047912598 21.4976539611816 20.1161823272705 17.6276245117188 15.7862863540649 14.2515201568604 14.0910148620605 14.2588663101196 12.1123533248901 9.83355522155762 7.94350433349609 6.27994585037231 5.56428241729736 4.98590183258057 4.69733762741089 4.47926044464111 4.3473334312439 4.25956153869629 4.20395135879517 4.17875528335571 4.16615533828735 4.40587425231934 4.69519281387329 5.44677066802979 6.20794582366943 6.89563989639282 7.6215386390686 8.481764793396 9.3637170791626 10.286018371582 11.1922807693481 12.0810699462891 13.0716428756714 14.1280746459961 15.4746417999268 16.9254302978516 18.1588859558105
20.5307350158691 20.6149005889893 20.6713008880615 20.7116184234619 20.753173828125 20.8725833892822 20.9998550415039 21.1671085357666 21.3154926300049 21.4183120727539 21.4318218231201 21.3227195739746 19.3239402770996 15.7790756225586 12.8318777084351 10.167778968811 9.74247741699219 9.85209941864014 8.87404727935791 7.81156301498413 6.60775566101074 5.53735685348511 5.02528762817383 4.62985706329346 4.4806604385376 4.35690927505493 4.26425790786743 4.20712757110596 4.17587089538574 4.1577935218811 4.14517402648926 4.26135778427124 4.40286064147949 4.88786315917969 5.38561105728149 5.88359880447388 6.47176790237427 7.37701606750488 8.2377347946167 9.01575660705566 9.79389572143555 10.5721635818481 11.5302095413208 12.6045789718628 13.706298828125 14.8178434371948 16.3842887878418
20.7214832305908 20.7768650054932 20.8071899414062 20.8697166442871 20.9264678955078 20.7382907867432 20.5760326385498 20.5456256866455 20.3569259643555 19.7860088348389 19.2452507019043 18.7459030151367 16.85329246521 13.8207559585571 11.1636800765991 8.68445205688477 8.01872634887695 7.78630781173706 7.25791120529175 6.69105958938599 5.86044645309448 5.11940765380859 4.75324487686157 4.47408103942871 4.37857723236084 4.2955756187439 4.22785472869873 4.18387985229492 4.15720081329346 4.14147424697876 4.13028383255005 4.18149614334106 4.24497604370117 4.50977849960327 4.78420877456665 5.07985734939575 5.45961856842041 6.13512372970581 6.78550004959106 7.38920974731445 8.06237983703613 8.81122970581055 9.68259716033936 10.6332378387451 11.594518661499 12.5596218109131 14.0698690414429
