Ecospace-environmental-drivers/Outputs/ASCII-for-ecospace/MOM6-ISIMIP3a/tob/1992-06_tob_MOM6-ISIMIP3a.asc
NCOLS 131 
NROWS 53 
XLLCORNER -98 
YLLCORNER 23.9265270233154 
CELLSIZE 0.133587792515755 
NODATA_value -9999 
[rows 21 to 41 of 53, columns 47 to 93 of 131]
21.2185401916504 21.231164932251 21.2713012695312 21.3985404968262 21.509786605835 20.9485626220703 20.4400691986084 20.1998100280762 19.5481033325195 17.9029140472412 16.5647678375244 15.6481494903564 14.0277938842773 11.8316593170166 9.78500461578369 7.80915403366089 6.93575859069824 6.32577657699585 6.0908088684082 5.85821723937988 5.28524017333984 4.77934885025024 4.5542197227478 4.38018655776978 4.31402158737183 4.25731039047241 4.21215295791626 4.17215538024902 4.1359167098999 4.12122869491577 4.11546564102173 4.11755180358887 4.12118101119995 4.17514085769653 4.23353672027588 4.31706142425537 4.47661685943604 4.9035005569458 5.31495952606201 5.69777297973633 6.33464241027832 7.24831438064575 8.03496551513672 8.739426612854 9.65871429443359 10.6551713943481 12.1228675842285
18.0580863952637 17.8103179931641 17.6648025512695 17.6200218200684 17.5606212615967 16.8281230926514 16.1237735748291 15.562614440918 14.8304138183594 13.6852149963379 12.766806602478 12.1597490310669 11.1154108047485 9.71330165863037 8.38968563079834 7.1032509803772 6.40078020095825 5.8378381729126 5.61603307723999 5.4069242477417 5.04151344299316 4.70681762695312 4.5006685256958 4.33888816833496 4.27077293395996 4.21750211715698 4.18237447738647 4.15177536010742 4.12447500228882 4.11313533782959 4.10840511322021 4.10604810714722 4.10415697097778 4.12249326705933 4.14311695098877 4.17877149581909 4.25186061859131 4.45657157897949 4.66410064697266 4.87686252593994 5.25014543533325 5.79832220077515 6.28648233413696 6.73580932617188 7.69066858291626 8.82712268829346 10.1808214187622
14.637017250061 14.1370420455933 13.8113842010498 13.5918245315552 13.3598346710205 12.4990243911743 11.6397638320923 10.7883863449097 10.0229778289795 9.46514797210693 9.03325271606445 8.77424812316895 8.30102252960205 7.65252685546875 7.02591800689697 6.40967607498169 5.90413522720337 5.42504453659058 5.20376539230347 5.00202941894531 4.82695245742798 4.64883327484131 4.45798254013062 4.30513525009155 4.23251581192017 4.18033838272095 4.15314531326294 4.13147640228271 4.11383104324341 4.10587310791016 4.10192775726318 4.09806537628174 4.09421873092651 4.09250688552856 4.09129476547241 4.09419202804565 4.09737348556519 4.10155248641968 4.12161254882812 4.17116641998291 4.27822399139404 4.4479341506958 4.63373041152954 4.82993507385254 5.80346775054932 7.05622911453247 8.30146312713623
10.800576210022 10.4651107788086 10.2591991424561 10.0836658477783 9.89869976043701 9.37508869171143 8.86945724487305 8.45528411865234 8.08829021453857 7.83521795272827 7.60324144363403 7.40022611618042 7.10686302185059 6.73957967758179 6.28601264953613 5.79157447814941 5.39583110809326 5.02366924285889 4.8629035949707 4.71924829483032 4.6132640838623 4.5089225769043 4.41145753860474 4.31744813919067 4.23073482513428 4.17103624343872 4.14435577392578 4.12454080581665 4.1097264289856 4.10172462463379 4.09654474258423 4.09273529052734 4.08919525146484 4.08859634399414 4.08830738067627 4.08997631072998 4.0917911529541 4.09411859512329 4.10344171524048 4.12575769424438 4.17410469055176 4.25081300735474 4.33685445785522 4.42893552780151 4.90964317321777 5.52995204925537 6.84773111343384
7.46840333938599 7.26841354370117 7.15359592437744 7.00978899002075 6.86082935333252 6.65286827087402 6.47216081619263 6.43009185791016 6.39894771575928 6.39418363571167 6.32963228225708 6.18300151824951 6.03204870223999 5.87755966186523 5.57461404800415 5.20134782791138 4.91605615615845 4.65178442001343 4.5560564994812 4.47419738769531 4.4256763458252 4.38188314437866 4.35787534713745 4.31285381317139 4.22347068786621 4.16266918182373 4.13680028915405 4.1186351776123 4.10608148574829 4.09801435470581 4.09180545806885 4.08818101882935 4.08506393432617 4.08537483215332 4.08582973480225 4.08645296096802 4.08711290359497 4.08790302276611 4.08849573135376 4.08872318267822 4.0892505645752 4.09010553359985 4.0943284034729 4.10073137283325 4.17226696014404 4.26719903945923 5.5381965637207
6.34729862213135 6.15548801422119 6.0061297416687 5.84011745452881 5.67886209487915 5.69205331802368 5.71040391921997 5.7549991607666 5.78537178039551 5.78140306472778 5.74180364608765 5.6532883644104 5.48052787780762 5.23884105682373 4.9882116317749 4.73334646224976 4.56137418746948 4.40920782089233 4.39835643768311 4.39458322525024 4.35253477096558 4.31128072738647 4.27335071563721 4.2341251373291 4.19216442108154 4.15840148925781 4.13465738296509 4.11724805831909 4.10445308685303 4.09622573852539 4.08989000320435 4.08702754974365 4.08484840393066 4.08517408370972 4.0855884552002 4.08596563339233 4.08639907836914 4.08702850341797 4.08768844604492 4.08840465545654 4.08886957168579 4.08906126022339 4.09011077880859 4.09171533584595 4.1208701133728 4.15992116928101 4.86092281341553
5.42457914352417 5.25256299972534 5.08872413635254 4.94089365005493 4.80493974685669 4.94538259506226 5.0789532661438 5.17756652832031 5.24462747573853 5.23550271987915 5.20281505584717 5.13777875900269 4.96452188491821 4.70272254943848 4.51946401596069 4.37340879440308 4.29211568832397 4.22629594802856 4.26742649078369 4.31078910827637 4.27969455718994 4.24661111831665 4.20520401000977 4.17373895645142 4.16326189041138 4.14842224121094 4.12825059890747 4.1131854057312 4.10184049606323 4.09444856643677 4.08869361877441 4.08639049530029 4.08476591110229 4.08504056930542 4.085373878479 4.08559274673462 4.08588409423828 4.08643198013306 4.08715152740479 4.08819103240967 4.08842658996582 4.08778715133667 4.08669281005859 4.08530426025391 4.08551025390625 4.08628845214844 4.34582042694092
4.93470764160156 4.8078293800354 4.67327737808228 4.63174819946289 4.60312747955322 4.66594362258911 4.73181295394897 4.81321382522583 4.86279010772705 4.83552503585815 4.77038812637329 4.65325880050659 4.52600336074829 4.39046192169189 4.30742216110229 4.24925088882446 4.20923805236816 4.17356443405151 4.19490623474121 4.21787452697754 4.20751190185547 4.19488716125488 4.17279195785522 4.1533727645874 4.13960313796997 4.12598133087158 4.11254072189331 4.1032862663269 4.09708118438721 4.09269714355469 4.08906698226929 4.08687877655029 4.08497428894043 4.08505439758301 4.08521747589111 4.08546876907349 4.08580541610718 4.08644008636475 4.08720350265503 4.08820486068726 4.08784770965576 4.08601045608521 4.08502006530762 4.0845775604248 4.08513975143433 4.08606290817261 4.18455266952515
4.59309196472168 4.51044464111328 4.41658926010132 4.43443822860718 4.46299886703491 4.47205400466919 4.48842716217041 4.5420241355896 4.56578063964844 4.51748418807983 4.44081687927246 4.32520055770874 4.24655151367188 4.19814825057983 4.17592239379883 4.16609621047974 4.15253973007202 4.13809156417847 4.14734411239624 4.15758466720581 4.15851593017578 4.15738391876221 4.1476149559021 4.13631200790405 4.12176990509033 4.10995531082153 4.10147428512573 4.09635496139526 4.09368419647217 4.09125661849976 4.08892965316772 4.08698320388794 4.08511161804199 4.0849986076355 4.08498811721802 4.0853385925293 4.08577680587769 4.08652496337891 4.08731412887573 4.08817911148071 4.08741092681885 4.08486318588257 4.08388566970825 4.08392524719238 4.08464097976685 4.08560037612915 4.09240627288818
4.43799448013306 4.3984375 4.35963249206543 4.37782669067383 4.40047264099121 4.38579273223877 4.37557315826416 4.38804197311401 4.37549066543579 4.30252742767334 4.24064683914185 4.19398212432861 4.16721868515015 4.15673780441284 4.145751953125 4.13452768325806 4.12877559661865 4.12433099746704 4.13118171691895 4.13833999633789 4.13869047164917 4.13777160644531 4.13154125213623 4.12341022491455 4.11126518249512 4.10199880599976 4.09625053405762 4.09315872192383 4.09200191497803 4.09020757675171 4.0881495475769 4.08660411834717 4.08515930175781 4.08485507965088 4.08466720581055 4.08519983291626 4.08581256866455 4.08670616149902 4.08749866485596 4.0881028175354 4.0871524810791 4.08450746536255 4.08342981338501 4.08336591720581 4.08398056030273 4.08483934402466 4.08721971511841
4.33838558197021 4.31783866882324 4.30348920822144 4.32016515731812 4.33825922012329 4.30889940261841 4.28272104263306 4.27272653579712 4.24601125717163 4.17892217636108 4.13519144058228 4.12352991104126 4.12092399597168 4.12572860717773 4.12190103530884 4.11398458480835 4.11277055740356 4.11315822601318 4.1183032989502 4.1234974861145 4.12465620040894 4.12465810775757 4.11981821060181 4.11345815658569 4.10388898849487 4.09699821472168 4.09338140487671 4.09165382385254 4.09130191802979 4.08994626998901 4.08817481994629 4.08668804168701 4.08525800704956 4.08487844467163 4.08462333679199 4.08520269393921 4.08585023880005 4.08673763275146 4.08746719360352 4.08790349960327 4.08699989318848 4.08463668823242 4.0834321975708 4.08297729492188 4.08336877822876 4.08406448364258 4.08454513549805
4.28039455413818 4.26079607009888 4.24795627593994 4.26171636581421 4.27627992630005 4.23903131484985 4.20487022399902 4.18641185760498 4.16214036941528 4.1238317489624 4.10077333450317 4.09865188598633 4.0994086265564 4.10251998901367 4.1027889251709 4.1017107963562 4.10258531570435 4.10392618179321 4.10788774490356 4.11195659637451 4.11496639251709 4.11641931533813 4.11135816574097 4.1057186126709 4.09885883331299 4.09421491622925 4.09227848052979 4.09141731262207 4.09133958816528 4.09027576446533 4.0888032913208 4.08711957931519 4.08539485931396 4.08502674102783 4.08478736877441 4.08531141281128 4.08588981628418 4.08665704727173 4.0872745513916 4.08761215209961 4.08692789077759 4.085129737854 4.08377838134766 4.08271646499634 4.08279371261597 4.08327960968018 4.08375453948975
4.23339796066284 4.2160472869873 4.20397186279297 4.21133661270142 4.2190990447998 4.18387079238892 4.15156078338623 4.13409376144409 4.11606693267822 4.09668827056885 4.08589029312134 4.08687210083008 4.08854913711548 4.09079504013062 4.09211730957031 4.0930027961731 4.0944881439209 4.09611701965332 4.0992226600647 4.10244607925415 4.1058988571167 4.10814237594604 4.10532522201538 4.10192251205444 4.0972843170166 4.09406089782715 4.0925669670105 4.0917706489563 4.09148216247559 4.09029293060303 4.08873081207275 4.08731031417847 4.08591794967651 4.08557987213135 4.08533477783203 4.08562278747559 4.08596992492676 4.08652400970459 4.08699655532837 4.08731842041016 4.08684206008911 4.08549642562866 4.08407878875732 4.08261394500732 4.08250904083252 4.08289194107056 4.08334398269653
4.19111299514771 4.17656755447388 4.16493701934814 4.16441535949707 4.16397428512573 4.13501310348511 4.10876941680908 4.0963454246521 4.08619213104248 4.08152198791504 4.07937955856323 4.08070611953735 4.08225679397583 4.08399105072021 4.08506345748901 4.08582258224487 4.0872859954834 4.08891725540161 4.09130811691284 4.09380578994751 4.09709787368774 4.09984827041626 4.10033273696899 4.09981679916382 4.09719038009644 4.09503412246704 4.09345197677612 4.09237670898438 4.09167051315308 4.09017705917358 4.08835744857788 4.08739805221558 4.08660745620728 4.08630609512329 4.08604669570923 4.08602094650269 4.08606767654419 4.08636856079102 4.08668279647827 4.08702325820923 4.08675050735474 4.08580923080444 4.08435916900635 4.08257961273193 4.08234882354736 4.08267450332642 4.08309555053711
4.17025566101074 4.15331649780273 4.13509654998779 4.13151931762695 4.12879085540771 4.1085147857666 4.09052324295044 4.08414936065674 4.07931137084961 4.07818078994751 4.07795429229736 4.07896852493286 4.08027124404907 4.08180999755859 4.08277940750122 4.0834789276123 4.0846848487854 4.08601236343384 4.08784055709839 4.08971452713013 4.09174871444702 4.09370040893555 4.09530639648438 4.09601640701294 4.09483575820923 4.09361028671265 4.09233045578003 4.09145307540894 4.09086942672729 4.08975315093994 4.08841609954834 4.08689737319946 4.08534240722656 4.08530712127686 4.08533906936646 4.08547782897949 4.08566570281982 4.0860276222229 4.08638095855713 4.08671855926514 4.08626508712769 4.08494997024536 4.08371305465698 4.08252716064453 4.0824236869812 4.08270883560181 4.08306169509888
4.15383100509644 4.13342332839966 4.10715818405151 4.1015248298645 4.09773302078247 4.08664274215698 4.07735538482666 4.07724094390869 4.07718801498413 4.07728624343872 4.07758140563965 4.07814788818359 4.079176902771 4.08058547973633 4.08148193359375 4.08213567733765 4.08303594589233 4.08399534225464 4.08529329299927 4.0865650177002 4.08711385726929 4.08799600601196 4.09027290344238 4.09186553955078 4.09201335906982 4.09169101715088 4.09079360961914 4.09021329879761 4.0898642539978 4.08926582336426 4.08856391906738 4.08627462387085 4.08367347717285 4.08395195007324 4.08433818817139 4.08473968505859 4.08516025543213 4.08564853668213 4.08608150482178 4.08641195297241 4.08569860458374 4.08384799957275 4.08287572860718 4.08247137069702 4.08254671096802 4.08279466629028 4.0830717086792
4.12177515029907 4.10845851898193 4.09166765213013 4.08841323852539 4.08642959594727 4.08135032653809 4.07708024978638 4.0769305229187 4.07684326171875 4.07690858840942 4.07716941833496 4.07769918441772 4.07837152481079 4.07916164398193 4.07967233657837 4.08005142211914 4.08079957962036 4.08163642883301 4.08237409591675 4.08308410644531 4.08348035812378 4.08407306671143 4.0854868888855 4.08649492263794 4.08664703369141 4.08654022216797 4.08611822128296 4.08581256866455 4.08559226989746 4.08509349822998 4.08447980880737 4.08320569992065 4.0818018913269 4.08203983306885 4.08233404159546 4.08258867263794 4.08286237716675 4.08320236206055 4.08352899551392 4.08383083343506 4.08402156829834 4.08409023284912 4.08344173431396 4.08232879638672 4.08226823806763 4.08258581161499 4.08288955688477
4.09113264083862 4.08501768112183 4.07796716690063 4.07711267471313 4.07691049575806 4.07720375061035 4.07737588882446 4.07693147659302 4.07661151885986 4.07659006118774 4.0767765045166 4.07724857330322 4.07757186889648 4.0777735710144 4.07791423797607 4.07802581787109 4.07861804962158 4.07932567596436 4.07953977584839 4.07972860336304 4.08003520965576 4.08038949966431 4.08094167709351 4.08135271072388 4.08146524429321 4.08153867721558 4.08156490325928 4.08151245117188 4.08140277862549 4.08100605010986 4.080491065979 4.08027362823486 4.08011436462402 4.08029079437256 4.08047437667847 4.08060932159424 4.08074998855591 4.0809121131897 4.08109951019287 4.08133411407471 4.08234071731567 4.08418846130371 4.08386564254761 4.08213901519775 4.08197498321533 4.08237266540527 4.08270740509033
4.08303117752075 4.08025550842285 4.07741785049438 4.07706689834595 4.07698774337769 4.07736587524414 4.07760095596313 4.07710552215576 4.07673168182373 4.07665300369263 4.07660579681396 4.07660150527954 4.07669115066528 4.07685852050781 4.07694053649902 4.0769829750061 4.07730531692505 4.0776948928833 4.07778930664062 4.0778751373291 4.07812404632568 4.07841062545776 4.07885217666626 4.07922983169556 4.07947063446045 4.07966947555542 4.07981586456299 4.07979440689087 4.07965087890625 4.07957935333252 4.0795373916626 4.07996511459351 4.08048486709595 4.08054780960083 4.08063554763794 4.08112812042236 4.08146810531616 4.08127355575562 4.08106184005737 4.08081865310669 4.08115005493164 4.08210754394531 4.08210611343384 4.08148384094238 4.08171844482422 4.0822606086731 4.08261203765869
4.07666921615601 4.07650852203369 4.07688522338867 4.07698774337769 4.07707405090332 4.07747364044189 4.07771778106689 4.07716989517212 4.07674837112427 4.07663154602051 4.07642555236816 4.07609748840332 4.076012134552 4.0761251449585 4.0761513710022 4.07613611221313 4.07622480392456 4.07633829116821 4.07632541656494 4.07631683349609 4.07648801803589 4.07669353485107 4.07704544067383 4.07739925384521 4.07775688171387 4.07807064056396 4.07833003997803 4.07839250564575 4.0783109664917 4.07856178283691 4.07895040512085 4.07984209060669 4.08083248138428 4.08081674575806 4.08083915710449 4.08160257339478 4.08209419250488 4.08163022994995 4.08111524581909 4.08050537109375 4.08028268814087 4.08048057556152 4.08071041107178 4.08096027374268 4.08150815963745 4.08216285705566 4.08252191543579
4.07668542861938 4.0764856338501 4.07641458511353 4.07678556442261 4.07719326019287 4.0773811340332 4.07743883132935 4.0768346786499 4.07638311386108 4.07630062103271 4.07621335983276 4.07611894607544 4.07607078552246 4.07605981826782 4.07603693008423 4.07600784301758 4.07599449157715 4.07598495483398 4.07591247558594 4.07584142684937 4.07585859298706 4.07593679428101 4.07627391815186 4.07664060592651 4.07707118988037 4.07746410369873 4.0778112411499 4.07814884185791 4.07848024368286 4.07904577255249 4.07970857620239 4.08039999008179 4.08109760284424 4.08112812042236 4.08119964599609 4.0819149017334 4.08238077163696 4.08196878433228 4.08150291442871 4.08093595504761 4.08060073852539 4.08051729202271 4.08064842224121 4.08091831207275 4.08146810531616 4.08211803436279 4.08245229721069
