Ecospace-environmental-drivers/Outputs/ASCII-for-ecospace/MOM6-ISIMIP3a/tob/1992-05_tob_MOM6-ISIMIP3a.asc
NCOLS 131 
NROWS 53 
XLLCORNER -98 
YLLCORNER 23.9265270233154 
CELLSIZE 0.133587792515755 
NODATA_value -9999 
[rows 21 to 41 of 53, columns 47 to 93 of 131]
20.8923530578613 20.916675567627 20.9833812713623 21.1442165374756 21.2919273376465 20.8251991271973 20.3730735778809 19.9952354431152 19.2922267913818 17.8040618896484 16.5761051177979 15.705379486084 14.0682249069214 11.8039979934692 9.74093437194824 7.77315807342529 6.93169784545898 6.35935258865356 6.09828758239746 5.83892822265625 5.29314804077148 4.80523633956909 4.55951118469238 4.37248134613037 4.30936193466187 4.25417041778564 4.20866870880127 4.17022466659546 4.13692140579224 4.12256002426147 4.11604309082031 4.11808156967163 4.12180137634277 4.17186260223389 4.22699308395386 4.3148775100708 4.47525453567505 4.8905177116394 5.29333400726318 5.67303419113159 6.28377294540405 7.14623594284058 7.92205333709717 8.64180660247803 9.59083080291748 10.6222124099731 11.9965238571167
17.8548736572266 17.6193046569824 17.4852867126465 17.4831676483154 17.4699974060059 16.7939014434814 16.1145820617676 15.4188814163208 14.6222009658813 13.5816984176636 12.7488193511963 12.200982093811 11.1466960906982 9.67804908752441 8.34549617767334 7.0774097442627 6.40706825256348 5.8795485496521 5.64535474777222 5.42185688018799 5.06074094772339 4.72671842575073 4.5060863494873 4.33506679534912 4.26878356933594 4.21528005599976 4.17739582061768 4.14794540405273 4.12463808059692 4.11366415023804 4.10779809951782 4.10507965087891 4.10297966003418 4.11993217468262 4.13949346542358 4.17764472961426 4.25170230865479 4.45201015472412 4.65623474121094 4.86773347854614 5.22530460357666 5.74202585220337 6.22912788391113 6.69706535339355 7.64403915405273 8.76309013366699 10.0668897628784
14.562255859375 14.0738182067871 13.743504524231 13.5727281570435 13.3935499191284 12.5466661453247 11.6790943145752 10.7062911987305 9.86875629425049 9.35784244537354 8.98294925689697 8.79479312896729 8.31941604614258 7.6090407371521 6.98334789276123 6.39776706695557 5.92443656921387 5.47792673110962 5.25409889221191 5.04667901992798 4.85540246963501 4.66263580322266 4.46363306045532 4.30538654327393 4.23317813873291 4.17906856536865 4.14707899093628 4.12608528137207 4.11310052871704 4.10551691055298 4.10017061233521 4.09605741500854 4.09218692779541 4.09090709686279 4.09010982513428 4.09308433532715 4.09651517868042 4.10155153274536 4.12196779251099 4.17094564437866 4.27428388595581 4.43684959411621 4.63419961929321 4.85405778884888 5.78432941436768 6.96979284286499 8.21813011169434
10.7221517562866 10.3940324783325 10.1949987411499 10.0391311645508 9.87525653839111 9.37593173980713 8.88154125213623 8.41225719451904 8.00908184051514 7.7655348777771 7.56147193908691 7.41161584854126 7.11991500854492 6.71216058731079 6.26139307022095 5.79025173187256 5.42034912109375 5.07463598251343 4.90531921386719 4.75056314468384 4.63136720657349 4.51568937301636 4.41473531723022 4.3183069229126 4.23143291473389 4.17017412185669 4.14022397994995 4.12074995040894 4.10890674591064 4.10150623321533 4.09594583511353 4.09191417694092 4.08818340301514 4.08781099319458 4.08774662017822 4.08947896957397 4.09142589569092 4.09413003921509 4.10361528396606 4.12569379806519 4.17235231399536 4.24579095840454 4.33720731735229 4.44025611877441 4.899733543396 5.48724508285522 6.81335783004761
7.39671277999878 7.19961547851562 7.09833383560181 6.95074844360352 6.79752016067505 6.61991310119629 6.46432828903198 6.42076778411865 6.38306951522827 6.35952663421631 6.29960680007935 6.18974590301514 6.04345512390137 5.86735773086548 5.56704187393188 5.20788669586182 4.94095039367676 4.69604825973511 4.5885157585144 4.49299716949463 4.43498229980469 4.38352108001709 4.3594856262207 4.31423425674438 4.22419548034668 4.16216421127319 4.13436365127563 4.11624622344971 4.1051812171936 4.0979175567627 4.09222745895386 4.08838176727295 4.08489894866943 4.08525991439819 4.08577871322632 4.08644914627075 4.0871434211731 4.0879225730896 4.08852195739746 4.08878755569458 4.08928966522217 4.09004878997803 4.09457731246948 4.1015453338623 4.17010879516602 4.26079845428467 5.54830026626587
6.32793569564819 6.13340377807617 5.98286056518555 5.81450366973877 5.65150165557861 5.68230724334717 5.71479606628418 5.75584888458252 5.78159666061401 5.77038955688477 5.73759508132935 5.67516326904297 5.50649213790894 5.25089836120605 4.99372291564941 4.73579788208008 4.5698037147522 4.42577409744263 4.41192197799683 4.40445995330811 4.35983753204346 4.31615114212036 4.2763843536377 4.23565101623535 4.19287824630737 4.15803003311157 4.13286685943604 4.11538934707642 4.10350942611694 4.09617853164673 4.09073066711426 4.08752870559692 4.08476829528809 4.0851001739502 4.08554267883301 4.08594226837158 4.08639526367188 4.08703708648682 4.08771848678589 4.08847427368164 4.08896160125732 4.08915662765503 4.09031009674072 4.09208393096924 4.11998987197876 4.15728282928467 4.89585256576538
5.43644380569458 5.26026248931885 5.08881521224976 4.93994235992432 4.80404758453369 4.95616102218628 5.09771966934204 5.18558645248413 5.24518442153931 5.23652601242065 5.21103954315186 5.16245174407959 4.99303388595581 4.72475528717041 4.53126811981201 4.37320804595947 4.29024171829224 4.22521734237671 4.26846885681152 4.31402969360352 4.28493309020996 4.25291776657104 4.20868730545044 4.17495489120483 4.1633825302124 4.14762401580811 4.12674856185913 4.11167240142822 4.10081911087036 4.09426975250244 4.08950233459473 4.08690309524536 4.08473014831543 4.08499193191528 4.08533191680908 4.08555841445923 4.085862159729 4.08643817901611 4.08719444274902 4.08828401565552 4.08856725692749 4.08797168731689 4.08683490753174 4.08534812927246 4.08547735214233 4.08618783950806 4.38923311233521
4.93176126480103 4.80837249755859 4.67789220809937 4.6363353729248 4.60801792144775 4.69138956069946 4.7696418762207 4.82185077667236 4.85072612762451 4.82326078414917 4.76184558868408 4.65382242202759 4.5308575630188 4.39566850662231 4.31070280075073 4.24952793121338 4.21050405502319 4.17677307128906 4.1973237991333 4.21946954727173 4.2105541229248 4.19870853424072 4.17460155487061 4.15328550338745 4.13786029815674 4.12353324890137 4.11054706573486 4.10171461105347 4.09590673446655 4.09199094772339 4.08885860443115 4.08677339553833 4.08489370346069 4.08499479293823 4.08517742156982 4.08544254302979 4.08579730987549 4.08646583557129 4.08727931976318 4.08836221694946 4.08802700042725 4.08614778518677 4.08508777618408 4.08455848693848 4.08501672744751 4.08582925796509 4.2007908821106
4.58478784561157 4.50816774368286 4.42224311828613 4.43994665145874 4.46826648712158 4.49683332443237 4.52473640441895 4.54926109313965 4.55213785171509 4.50274276733398 4.42696285247803 4.31496095657349 4.23982572555542 4.19485330581665 4.17471075057983 4.16632986068726 4.1545205116272 4.1418924331665 4.14959096908569 4.15825605392456 4.16066980361938 4.16043615341187 4.14912414550781 4.13623428344727 4.12001514434814 4.10760688781738 4.09985637664795 4.09517431259155 4.09272766113281 4.09049367904663 4.08834791183472 4.08665227890015 4.085045337677 4.08495569229126 4.08495950698853 4.08532190322876 4.08577871322632 4.08656597137451 4.08741807937622 4.08839178085327 4.0877366065979 4.08530616760254 4.08419132232666 4.08392858505249 4.08445501327515 4.08526563644409 4.09314012527466
4.43622493743896 4.39879608154297 4.36194181442261 4.37844610214233 4.39931726455688 4.3906135559082 4.3844690322876 4.39134120941162 4.37416219711304 4.29890823364258 4.23589324951172 4.18968152999878 4.1641058921814 4.15541505813599 4.14511871337891 4.13406133651733 4.12842130661011 4.12407636642456 4.13131189346313 4.1389946937561 4.14160203933716 4.14221429824829 4.13447618484497 4.12499332427979 4.11182737350464 4.10195207595825 4.09609842300415 4.09293413162231 4.09172868728638 4.08997964859009 4.08800506591797 4.08654260635376 4.08518123626709 4.08486413955688 4.08466100692749 4.08519506454468 4.08581876754761 4.08675670623779 4.08762454986572 4.08836126327515 4.08775997161865 4.08570051193237 4.08436489105225 4.08349847793579 4.08376741409302 4.08444356918335 4.08713150024414
4.33763313293457 4.31760263442993 4.30260896682739 4.31738424301147 4.33355188369751 4.30504608154297 4.28016901016235 4.27375078201294 4.24924039840698 4.18104457855225 4.13612604141235 4.12316370010376 4.12033081054688 4.1257848739624 4.12159872055054 4.11284589767456 4.11111879348755 4.11107015609741 4.11728668212891 4.12373638153076 4.12730932235718 4.12913417816162 4.12364292144775 4.1164870262146 4.1058177947998 4.09807205200195 4.09390020370483 4.09180116653442 4.09121227264404 4.08982276916504 4.08810186386108 4.08664178848267 4.08523273468018 4.08483982086182 4.08457279205322 4.08516788482666 4.08584117889404 4.08678817749023 4.08760070800781 4.08816289901733 4.08784055709839 4.08655309677124 4.08499908447266 4.0832724571228 4.08320426940918 4.08373165130615 4.08417987823486
4.27652025222778 4.25754308700562 4.24400234222412 4.25665044784546 4.27017450332642 4.2349681854248 4.20284557342529 4.18640756607056 4.1641092300415 4.12766075134277 4.10483694076538 4.10071849822998 4.10051393508911 4.10351085662842 4.10263395309448 4.09992122650146 4.10041332244873 4.10167121887207 4.10645151138306 4.11148023605347 4.1165976524353 4.11991024017334 4.11567068099976 4.11003255844116 4.10144186019897 4.09552335739136 4.09287118911743 4.09149789810181 4.09105682373047 4.08993434906006 4.08852910995483 4.08689737319946 4.08522129058838 4.08486652374268 4.08464241027832 4.08521556854248 4.08584976196289 4.08669948577881 4.08740377426147 4.08783864974976 4.08796310424805 4.08774995803833 4.08597850799561 4.08319902420044 4.08273458480835 4.08310174942017 4.08352136611938
4.22919940948486 4.21195936203003 4.19891786575317 4.20544338226318 4.2125129699707 4.18020439147949 4.15061235427856 4.13483715057373 4.11859941482544 4.10124397277832 4.09089088439941 4.0901517868042 4.09081220626831 4.09261751174927 4.09284114837646 4.09231519699097 4.09343385696411 4.09494543075562 4.09847593307495 4.10220766067505 4.10684490203857 4.11021614074707 4.10829067230225 4.10507965087891 4.09915494918823 4.0949854850769 4.09296178817749 4.09148073196411 4.09039545059204 4.08913803100586 4.08780956268311 4.08656406402588 4.08533430099487 4.08509206771851 4.08494281768799 4.08534288406372 4.08579969406128 4.08645582199097 4.08702707290649 4.08744049072266 4.08775663375854 4.08796739578247 4.08617448806763 4.08308601379395 4.08249807357788 4.08280849456787 4.08320426940918
4.18778944015503 4.17257976531982 4.15962839126587 4.15831899642944 4.15730142593384 4.13200426101685 4.10913228988647 4.09859848022461 4.09007024765015 4.08638477325439 4.08437776565552 4.08467578887939 4.08544588088989 4.08660221099854 4.08697986602783 4.08698844909668 4.08805084228516 4.08936500549316 4.09172534942627 4.09421300888062 4.09750270843506 4.10032081604004 4.10116529464722 4.10077142715454 4.0977635383606 4.09530925750732 4.09353256225586 4.09158611297607 4.08951663970947 4.08795309066772 4.08659887313843 4.08597803115845 4.08550119400024 4.08540296554565 4.0853419303894 4.08550405502319 4.08572387695312 4.08614587783813 4.08657360076904 4.08701086044312 4.08740901947021 4.08776426315308 4.08603477478027 4.08295631408691 4.08236169815063 4.08265972137451 4.08303308486938
4.16558170318604 4.14883041381836 4.13099670410156 4.1270866394043 4.1240668296814 4.10659790039062 4.09112024307251 4.08577156066895 4.08179998397827 4.08115434646606 4.08103704452515 4.0816445350647 4.08262872695923 4.08392095565796 4.08455371856689 4.08487462997437 4.08593320846558 4.08716869354248 4.0888614654541 4.09059762954712 4.09250974655151 4.09436225891113 4.09596633911133 4.0965747833252 4.09508085250854 4.09359836578369 4.09213018417358 4.09040641784668 4.08849668502808 4.08725738525391 4.08629608154297 4.08546924591064 4.08466863632202 4.08438014984131 4.08415174484253 4.08432722091675 4.08463287353516 4.08539342880249 4.08606624603271 4.08657503128052 4.08663654327393 4.08621072769165 4.08479738235474 4.08274555206299 4.08240365982056 4.08267545700073 4.08299160003662
4.14734697341919 4.12831449508667 4.10456991195679 4.09914302825928 4.09537982940674 4.08590793609619 4.07796335220337 4.07778787612915 4.077721118927 4.07791662216187 4.07835292816162 4.07911920547485 4.08033895492554 4.08192920684814 4.08283853530884 4.08342504501343 4.08449172973633 4.0856728553772 4.08680152893066 4.08788824081421 4.08841609954834 4.08921813964844 4.09116649627686 4.09240198135376 4.09213161468506 4.09146642684937 4.09031915664673 4.08896017074585 4.08744668960571 4.08666324615479 4.08618116378784 4.08497667312622 4.0836296081543 4.08308124542236 4.08263301849365 4.08287382125854 4.08333158493042 4.08454990386963 4.08554792404175 4.08613777160645 4.08577585220337 4.08437728881836 4.08333301544189 4.08251857757568 4.0824818611145 4.08272552490234 4.08297729492188
4.11787700653076 4.1055121421814 4.09038352966309 4.08729219436646 4.0853419303894 4.08092355728149 4.07719850540161 4.07699584960938 4.07688140869141 4.076979637146 4.07732725143433 4.07801723480225 4.0789213180542 4.07999992370605 4.08066511154175 4.08113431930542 4.08217000961304 4.08334112167358 4.08404779434204 4.08471632003784 4.08528614044189 4.08599090576172 4.08725786209106 4.08804273605347 4.08780908584595 4.08743715286255 4.08689641952515 4.08610391616821 4.08512878417969 4.0842809677124 4.08348560333252 4.08268022537231 4.08187198638916 4.08147382736206 4.08113670349121 4.08124923706055 4.08152437210083 4.0823712348938 4.08309888839722 4.08360576629639 4.08390712738037 4.08398532867432 4.08338594436646 4.08234786987305 4.08226346969604 4.08252143859863 4.08278369903564
4.08983707427979 4.0841965675354 4.07786798477173 4.07711505889893 4.07694292068481 4.07703924179077 4.07704734802246 4.07660627365112 4.07628202438354 4.07623958587646 4.07645225524902 4.0770149230957 4.07758522033691 4.07816219329834 4.07857179641724 4.07890272140503 4.07987499237061 4.08100032806396 4.08131980895996 4.08160924911499 4.08226346969604 4.08290529251099 4.08349227905273 4.08381748199463 4.08358955383301 4.08348369598389 4.08352708816528 4.08327531814575 4.08280849456787 4.08190727233887 4.08082580566406 4.08043479919434 4.0801796913147 4.07993745803833 4.0797233581543 4.0797758102417 4.07991552352905 4.08036279678345 4.08078765869141 4.08117198944092 4.08207607269287 4.08354663848877 4.08337688446045 4.08214616775513 4.08203029632568 4.08231496810913 4.08259057998657
4.08242034912109 4.079833984375 4.07733011245728 4.07710313796997 4.07711887359619 4.0773811340332 4.07752561569214 4.07707071304321 4.07669258117676 4.07650136947632 4.07639169692993 4.07639360427856 4.07670402526855 4.07726716995239 4.07755327224731 4.07770872116089 4.07828569412231 4.07896327972412 4.07919692993164 4.07941961288452 4.07992506027222 4.08041334152222 4.08083009719849 4.08111572265625 4.08112382888794 4.08124351501465 4.08150053024292 4.08141279220581 4.08107423782349 4.08047819137573 4.0797758102417 4.07959842681885 4.07952499389648 4.07930994033813 4.079185962677 4.07999992370605 4.08066415786743 4.08080339431763 4.08086776733398 4.08079242706299 4.08113050460815 4.08191967010498 4.08198356628418 4.08157920837402 4.08178043365479 4.08219957351685 4.08248853683472
4.07658004760742 4.0763955116272 4.07681035995483 4.07705545425415 4.0772876739502 4.07765197753906 4.07787466049194 4.07737922668457 4.07694101333618 4.07664203643799 4.07631921768188 4.07596302032471 4.07606267929077 4.07653522491455 4.07669162750244 4.07669925689697 4.0769305229187 4.07721567153931 4.07736539840698 4.07751750946045 4.07783651351929 4.07814121246338 4.07838678359985 4.07861661911011 4.0788140296936 4.07910537719727 4.07951164245605 4.07956647872925 4.07936525344849 4.07907867431641 4.0787558555603 4.07879638671875 4.07890796661377 4.07883739471436 4.07889795303345 4.08030223846436 4.08136940002441 4.08124971389771 4.08102560043335 4.08060693740845 4.08048343658447 4.08068084716797 4.08090114593506 4.08113622665405 4.08158302307129 4.08210563659668 4.0824031829834
4.07651901245117 4.07634544372559 4.07635641098022 4.07687425613403 4.07743167877197 4.07766008377075 4.07774686813354 4.0771164894104 4.07659578323364 4.07633972167969 4.0762038230896 4.07623338699341 4.07630157470703 4.0764012336731 4.07640600204468 4.07636594772339 4.07643365859985 4.07652759552002 4.0766019821167 4.07666969299316 4.07666683197021 4.07667684555054 4.076744556427 4.07686042785645 4.0770788192749 4.07734251022339 4.07766246795654 4.07778024673462 4.07775115966797 4.07778549194336 4.07784652709961 4.07811737060547 4.07843017578125 4.07893371582031 4.07952451705933 4.08089447021484 4.08191633224487 4.08171558380127 4.08146810531616 4.0811333656311 4.08092927932739 4.08086681365967 4.08095741271973 4.08114624023438 4.08157444000244 4.08208847045898 4.08237886428833
