Ecospace-environmental-drivers/Outputs/ASCII-for-ecospace/MOM6-ISIMIP3a/tob/1993-11_tob_MOM6-ISIMIP3a.asc
NCOLS 131 
NROWS 53 
XLLCORNER -98 
YLLCORNER 23.9265270233154 
CELLSIZE 0.133587792515755 
NODATA_value -9999 
[rows 21 to 41 of 53, columns 47 to 93 of 131]
22.968391418457 22.5904922485352 22.2574596405029 22.3697872161865 22.4910163879395 21.6218070983887 20.8408908843994 20.5091094970703 19.8633918762207 18.459644317627 17.1613445281982 16.0078067779541 14.174108505249 11.7839241027832 9.7176342010498 7.80476760864258 6.95490217208862 6.35902309417725 6.09520959854126 5.83341598510742 5.26898622512817 4.77003812789917 4.54513597488403 4.37078762054443 4.30316352844238 4.24642848968506 4.20300149917603 4.16797494888306 4.13906764984131 4.12471485137939 4.11638927459717 4.11780261993408 4.12112951278687 4.17185211181641 4.22742366790771 4.31321620941162 4.47115135192871 4.88274526596069 5.29608106613159 5.7126522064209 6.3174843788147 7.12743282318115 7.93348407745361 8.73701286315918 9.66701221466064 10.6424417495728 11.9909324645996
18.9104385375977 18.4304714202881 18.0035915374756 17.9734477996826 17.9521312713623 17.0727367401123 16.2549591064453 15.7506294250488 15.0620727539062 13.9286823272705 12.9753751754761 12.2692975997925 11.1351947784424 9.65089321136475 8.33655071258545 7.10271263122559 6.41804075241089 5.86458349227905 5.62490606307983 5.39714097976685 5.02901363372803 4.69286346435547 4.49053955078125 4.33195638656616 4.26571273803711 4.21388149261475 4.17966413497925 4.15156984329224 4.1279354095459 4.11546039581299 4.10760688781738 4.10483455657959 4.10306167602539 4.12054967880249 4.14055061340332 4.17812824249268 4.25106382369995 4.4483208656311 4.65687942504883 4.88642501831055 5.23708248138428 5.7196946144104 6.22108125686646 6.73461580276489 7.66843414306641 8.75322532653809 10.0209846496582
14.6405544281006 14.0801153182983 13.58078956604 13.4025611877441 13.2326564788818 12.4001293182373 11.5981130599976 10.9513025283813 10.2630195617676 9.47459506988525 8.92105579376221 8.68998050689697 8.23171234130859 7.58756017684937 6.98979043960571 6.41399097442627 5.91879224777222 5.44285202026367 5.21498250961304 5.00567770004272 4.81852006912231 4.63181352615356 4.44699144363403 4.29991388320923 4.23251724243164 4.18356847763062 4.15716600418091 4.1355447769165 4.11740589141846 4.10684013366699 4.09941101074219 4.09554100036621 4.09237098693848 4.09181880950928 4.09168529510498 4.0947003364563 4.09801435470581 4.10238122940063 4.12375402450562 4.17670822143555 4.27523136138916 4.42340230941772 4.61628389358521 4.83809471130371 5.75633192062378 6.92473602294922 8.11073970794678
10.7614603042603 10.3994436264038 10.1176710128784 9.94669151306152 9.77564525604248 9.29664707183838 8.84212684631348 8.51211929321289 8.16604328155518 7.78116846084595 7.48712110519409 7.31776762008667 7.04619550704956 6.69099044799805 6.26616811752319 5.80836915969849 5.41973066329956 5.04761648178101 4.87982606887817 4.72859477996826 4.61407661437988 4.50221490859985 4.40146923065186 4.30790853500366 4.22951459884644 4.17572593688965 4.15201091766357 4.13164329528809 4.11371326446533 4.10298681259155 4.09524345397949 4.09162044525146 4.08880710601807 4.08879137039185 4.08904361724854 4.09090900421143 4.09284496307373 4.09503173828125 4.10480260848999 4.12865877151489 4.17318201065063 4.24022340774536 4.32939004898071 4.43287229537964 4.88896608352661 5.47172355651855 6.75339269638062
7.397132396698 7.1977391242981 7.08704662322998 6.92036390304565 6.74855136871338 6.59297895431519 6.45445203781128 6.40263032913208 6.34883737564087 6.290283203125 6.20905351638794 6.09669351577759 5.97374439239502 5.8421311378479 5.566575050354 5.2228364944458 4.94250583648682 4.6773247718811 4.57474517822266 4.48569011688232 4.43089818954468 4.38050985336304 4.34854936599731 4.30113935470581 4.22111463546753 4.16729545593262 4.14550495147705 4.12662839889526 4.10987377166748 4.09945392608643 4.0916576385498 4.0883412361145 4.0859055519104 4.08631181716919 4.08685541152954 4.08770990371704 4.08847045898438 4.08890056610107 4.08926916122437 4.08952331542969 4.09007740020752 4.09095764160156 4.09508848190308 4.10132265090942 4.17317581176758 4.26860094070435 5.53121280670166
6.28991317749023 6.09617757797241 5.95278596878052 5.77746105194092 5.60652685165405 5.64238119125366 5.68171644210815 5.73875856399536 5.7583441734314 5.68748712539673 5.61442184448242 5.53832387924194 5.39705514907837 5.20246553421021 4.97234201431274 4.72538757324219 4.5610294342041 4.41640663146973 4.40153884887695 4.39264488220215 4.34096050262451 4.29341506958008 4.26319169998169 4.22963714599609 4.18904972076416 4.15628337860107 4.13307666778564 4.11673307418823 4.10538911819458 4.09732627868652 4.09062242507935 4.08787488937378 4.0859055519104 4.08623552322388 4.08665466308594 4.08710765838623 4.08757829666138 4.08811044692993 4.08871984481812 4.08947420120239 4.09003686904907 4.09039163589478 4.09139013290405 4.09280586242676 4.12200021743774 4.16117334365845 4.90170049667358
5.3800253868103 5.20679044723511 5.05151176452637 4.904212474823 4.76798343658447 4.90857887268066 5.04624938964844 5.16904020309448 5.23464012145996 5.16214561462402 5.09151792526245 5.0234522819519 4.87854146957397 4.67075777053833 4.50126981735229 4.34992170333862 4.27731418609619 4.22352027893066 4.26232671737671 4.30192089080811 4.26038408279419 4.22178792953491 4.1954984664917 4.17319679260254 4.15931463241577 4.14201736450195 4.1205472946167 4.10756254196167 4.10075807571411 4.0950288772583 4.08974504470825 4.08755588531494 4.0859751701355 4.08619499206543 4.08647108078003 4.08664989471436 4.08692455291748 4.08753728866577 4.08831930160522 4.08941507339478 4.08978033065796 4.08934926986694 4.08820867538452 4.08660840988159 4.08662891387939 4.08723211288452 4.4073805809021
4.90068531036377 4.78033590316772 4.65858125686646 4.61931133270264 4.59159278869629 4.64779376983643 4.71028184890747 4.80475187301636 4.85666036605835 4.80579853057861 4.72511434555054 4.60348749160767 4.48695755004883 4.37459802627563 4.29891538619995 4.2406063079834 4.20689821243286 4.17906808853149 4.19728517532349 4.21626091003418 4.20023202896118 4.18390703201294 4.16634511947632 4.14962005615234 4.13466167449951 4.12065124511719 4.10779905319214 4.09997272491455 4.09580755233765 4.092360496521 4.08921098709106 4.08755731582642 4.08619785308838 4.08623218536377 4.08632612228394 4.08650636672974 4.08679008483887 4.08743810653687 4.0882420539856 4.08933544158936 4.08905220031738 4.08726835250854 4.08615398406982 4.08547210693359 4.08574104309082 4.08635139465332 4.20802927017212
4.5720796585083 4.49604606628418 4.41206550598145 4.43308734893799 4.46375799179077 4.46474313735962 4.47526741027832 4.53431510925293 4.5619649887085 4.51380205154419 4.43477773666382 4.31338453292847 4.23399353027344 4.18896770477295 4.17061996459961 4.16490840911865 4.15588474273682 4.14607000350952 4.15185499191284 4.15819644927979 4.15704441070557 4.15405654907227 4.143385887146 4.13157176971436 4.11734390258789 4.10631370544434 4.09919118881226 4.09494590759277 4.09279632568359 4.09079313278198 4.0888500213623 4.08751010894775 4.0862889289856 4.0861382484436 4.08606338500977 4.08633899688721 4.08672094345093 4.08747529983521 4.08832120895386 4.08933687210083 4.08872270584106 4.08633279800415 4.08513355255127 4.08470487594604 4.08501672744751 4.08559513092041 4.09414052963257
4.43311023712158 4.39061069488525 4.34975242614746 4.37100839614868 4.3970103263855 4.37948894500732 4.36725997924805 4.38195085525513 4.37204837799072 4.30276393890381 4.24013996124268 4.18665885925293 4.15542507171631 4.14239311218262 4.13549566268921 4.13150358200073 4.12928152084351 4.12748193740845 4.13109636306763 4.13484907150269 4.13520002365112 4.13430881500244 4.12821960449219 4.12047958374023 4.10925483703613 4.10081911087036 4.09579277038574 4.09314298629761 4.09222555160522 4.09061050415039 4.08870697021484 4.08740139007568 4.0862135887146 4.08587980270386 4.08565139770508 4.08614253997803 4.08673524856567 4.08768367767334 4.08859586715698 4.089439868927 4.08889484405518 4.08683681488037 4.08541393280029 4.08440208435059 4.08449935913086 4.08499479293823 4.08777046203613
4.33886766433716 4.31176519393921 4.29102563858032 4.31010913848877 4.33139896392822 4.30219745635986 4.27641153335571 4.2679967880249 4.24365901947021 4.18087196350098 4.13732767105103 4.12020015716553 4.11267614364624 4.11300897598267 4.11177110671997 4.10978889465332 4.11089086532593 4.11273002624512 4.11580657958984 4.11885070800781 4.12019824981689 4.12061452865601 4.11713171005249 4.11222696304321 4.10432004928589 4.0983681678772 4.0948052406311 4.0928692817688 4.09211921691895 4.09061813354492 4.08880567550659 4.08737230300903 4.08601331710815 4.08567953109741 4.08547115325928 4.08611822128296 4.08684587478638 4.08785629272461 4.08875226974487 4.08943605422974 4.08915996551514 4.08783864974976 4.08616161346436 4.08425426483154 4.08404350280762 4.08444213867188 4.08477830886841
4.27817058563232 4.25286197662354 4.23498868942261 4.25009536743164 4.26664018630981 4.2308783531189 4.19843149185181 4.18285131454468 4.16141510009766 4.12584018707275 4.10338544845581 4.09894275665283 4.09679269790649 4.09651803970337 4.09659624099731 4.09684133529663 4.09866046905518 4.10085582733154 4.10461759567261 4.10836458206177 4.11032915115356 4.11146068572998 4.10910367965698 4.10610485076904 4.10175180435181 4.09819984436035 4.09562635421753 4.09374284744263 4.09236192703247 4.09076833724976 4.08908653259277 4.08740282058716 4.08571910858154 4.08552265167236 4.08546495437622 4.08622312545776 4.08702898025513 4.08800172805786 4.08881998062134 4.08935165405273 4.08949422836304 4.0892128944397 4.08725929260254 4.08422327041626 4.08363437652588 4.08392429351807 4.08431959152222
4.23381328582764 4.21306180953979 4.19764471054077 4.20355176925659 4.21021795272827 4.17844343185425 4.14928913116455 4.13346433639526 4.11717844009399 4.09978103637695 4.08969736099243 4.08965492248535 4.08947896957397 4.08919382095337 4.08961248397827 4.0903639793396 4.09205389022827 4.09396839141846 4.0971360206604 4.10031986236572 4.10247659683228 4.1040153503418 4.10296773910522 4.10147666931152 4.09905052185059 4.09677743911743 4.09469175338745 4.09290361404419 4.09133148193359 4.08979654312134 4.08827590942383 4.08699750900269 4.08576631546021 4.08575057983398 4.08583211898804 4.08641767501831 4.08703851699829 4.08778524398804 4.08843469619751 4.08890342712402 4.08913087844849 4.0890965461731 4.087158203125 4.08398818969727 4.0833477973938 4.08361625671387 4.08402299880981
4.19645881652832 4.18144845962524 4.16831207275391 4.16278123855591 4.15736818313599 4.13410234451294 4.11250591278076 4.0994029045105 4.08923149108887 4.08613872528076 4.08468961715698 4.08549690246582 4.08583831787109 4.0857982635498 4.08613920211792 4.08665990829468 4.08785820007324 4.08921813964844 4.09124374389648 4.09332132339478 4.09548759460449 4.09730195999146 4.09764242172241 4.09748888015747 4.09629201889038 4.09481811523438 4.09300518035889 4.09133005142212 4.08975553512573 4.08834314346313 4.08699798583984 4.08640480041504 4.08595991134644 4.0861439704895 4.08635902404785 4.08664989471436 4.08697366714478 4.08741426467896 4.08785533905029 4.08829879760742 4.08846855163574 4.0883412361145 4.08654403686523 4.08366584777832 4.08311414718628 4.08339834213257 4.08379650115967
4.16591453552246 4.15239191055298 4.13903856277466 4.13166427612305 4.12457942962646 4.10876941680908 4.0943865776062 4.08726263046265 4.08213424682617 4.08182287216187 4.08185768127441 4.08236789703369 4.08284282684326 4.08328819274902 4.08393430709839 4.08467531204224 4.08578300476074 4.08697843551636 4.08870220184326 4.09045457839966 4.09209060668945 4.09352493286133 4.09411382675171 4.09427833557129 4.09354591369629 4.09240674972534 4.09077072143555 4.08938455581665 4.08817958831787 4.08727884292603 4.08650350570679 4.08622217178345 4.08603811264038 4.08578872680664 4.08555793762207 4.08552742004395 4.0855598449707 4.08581209182739 4.08629894256592 4.08721971511841 4.08734226226807 4.086594581604 4.08517217636108 4.08331298828125 4.08302068710327 4.08329105377197 4.08365440368652
4.13677930831909 4.12386417388916 4.10977697372437 4.1025447845459 4.09594106674194 4.08736944198608 4.08012914657593 4.07965850830078 4.07935094833374 4.07943677902222 4.07947635650635 4.07945251464844 4.07998085021973 4.08096122741699 4.08199214935303 4.08304643630981 4.08414697647095 4.0852575302124 4.08685398101807 4.08844232559204 4.08943653106689 4.09035539627075 4.0909571647644 4.09122848510742 4.09080219268799 4.0899019241333 4.08842325210571 4.08736181259155 4.08660411834717 4.08629465103149 4.08617115020752 4.08612442016602 4.08609294891357 4.08527898788452 4.08448171615601 4.08412456512451 4.08386659622192 4.08395576477051 4.08453989028931 4.08604288101196 4.08611965179443 4.08464288711548 4.08364343643188 4.08295345306396 4.08295583724976 4.08320713043213 4.08352994918823
4.11047744750977 4.10211515426636 4.09338903427124 4.0894832611084 4.08605051040649 4.08207273483276 4.07871007919312 4.07847881317139 4.07827568054199 4.07813882827759 4.07808923721313 4.07815790176392 4.07858467102051 4.07930517196655 4.08010959625244 4.08095407485962 4.08200263977051 4.08309984207153 4.08496141433716 4.08681011199951 4.08771228790283 4.08853340148926 4.08901500701904 4.0892505645752 4.08896636962891 4.08839893341064 4.08748531341553 4.086745262146 4.08613157272339 4.08540010452271 4.08461999893188 4.08437490463257 4.08423471450806 4.08357048034668 4.08292007446289 4.08259201049805 4.08236217498779 4.08248090744019 4.08298349380493 4.08419847488403 4.08468341827393 4.08437252044678 4.08369255065918 4.08277368545532 4.08271026611328 4.08295297622681 4.08326721191406
4.08612394332886 4.08226633071899 4.07888031005859 4.07817840576172 4.07777118682861 4.07789039611816 4.07794427871704 4.07766819000244 4.07736921310425 4.07701587677002 4.07687520980835 4.07702732086182 4.07734489440918 4.07779788970947 4.07835960388184 4.07897329330444 4.07994365692139 4.08099889755249 4.08305835723877 4.08510494232178 4.08595514297485 4.0867133140564 4.08708667755127 4.08729696273804 4.08716344833374 4.08692789077759 4.0865683555603 4.08613634109497 4.08565139770508 4.08451890945435 4.0831184387207 4.08266973495483 4.0824089050293 4.08188772201538 4.081383228302 4.08113956451416 4.08098173141479 4.08112764358521 4.0815315246582 4.0824146270752 4.08326482772827 4.08407926559448 4.08371639251709 4.08259201049805 4.08247184753418 4.08271217346191 4.08301639556885
4.08119678497314 4.07944250106812 4.07826471328735 4.07794570922852 4.07772970199585 4.07790946960449 4.07801151275635 4.07771778106689 4.07744741439819 4.07723379135132 4.07704019546509 4.07687520980835 4.07706737518311 4.07755279541016 4.07798910140991 4.07840251922607 4.07903242111206 4.07971429824829 4.0810661315918 4.08243608474731 4.08340263366699 4.08427095413208 4.08472633361816 4.08509397506714 4.08527755737305 4.08532381057739 4.08520269393921 4.08493518829346 4.08456087112427 4.08373641967773 4.0827260017395 4.08223342895508 4.08184242248535 4.08104801177979 4.0803394317627 4.08060932159424 4.08083248138428 4.08088970184326 4.08109951019287 4.08159255981445 4.0821385383606 4.08274221420288 4.08272361755371 4.0823016166687 4.08240365982056 4.08269357681274 4.08295297622681
4.0773401260376 4.07721376419067 4.07764959335327 4.07769060134888 4.07769870758057 4.07789468765259 4.07800340652466 4.07766771316528 4.07739877700806 4.0772910118103 4.07707834243774 4.07672071456909 4.07680988311768 4.07726383209229 4.07756280899048 4.07778787612915 4.07810974121094 4.07845497131348 4.07917547225952 4.0799355506897 4.080894947052 4.08176183700562 4.08224105834961 4.08269309997559 4.08308744430542 4.08333158493042 4.08339214324951 4.08329248428345 4.08307647705078 4.08260536193848 4.08202838897705 4.0815691947937 4.08113288879395 4.0802206993103 4.07943630218506 4.08007287979126 4.08057737350464 4.08061695098877 4.08071899414062 4.08093786239624 4.08125734329224 4.08168601989746 4.08194780349731 4.08210134506226 4.08238410949707 4.08271312713623 4.08292436599731
4.07741022109985 4.07716655731201 4.07703590393066 4.07735443115234 4.07770776748657 4.07775640487671 4.07771968841553 4.0772500038147 4.07688236236572 4.07676076889038 4.07665205001831 4.07656145095825 4.07662534713745 4.07681608200073 4.07693147659302 4.0770115852356 4.07714366912842 4.07728815078735 4.07765865325928 4.07805204391479 4.07855129241943 4.07901000976562 4.07929944992065 4.07956504821777 4.0797815322876 4.07991600036621 4.07994985580444 4.0800313949585 4.0801477432251 4.0801944732666 4.08021211624146 4.08007144927979 4.07989931106567 4.07943677902222 4.07905054092407 4.07951307296753 4.07993507385254 4.08021688461304 4.08052921295166 4.08089828491211 4.08127403259277 4.08165740966797 4.08196830749512 4.08223152160645 4.08254289627075 4.08287143707275 4.0830225944519
