Ecospace-environmental-drivers/Outputs/ASCII-for-ecospace/MOM6-ISIMIP3a/tob/1993-12_tob_MOM6-ISIMIP3a.asc
NCOLS 131 
NROWS 53 
XLLCORNER -98 
YLLCORNER 23.9265270233154 
CELLSIZE 0.133587792515755 
NODATA_value -9999 
[rows 21 to 41 of 53, columns 0 to 46 of 131]
-9999 -9999 -9999 -9999 -9999 -9999 19.5757999420166 19.592170715332 19.6343727111816 19.6698589324951 19.4688758850098 18.8989105224609 19.1113681793213 19.7442169189453 20.3362693786621 20.8812465667725 21.3299407958984 21.7125129699707 22.0538730621338 22.3793201446533 22.5698528289795 22.7365779876709 22.7711353302002 22.7953681945801 22.7576694488525 22.7365627288818 22.7692584991455 22.8437442779541 22.9911556243896 23.1482543945312 23.3153209686279 23.4273777008057 23.5059242248535 23.5449695587158 23.5708484649658 23.5660343170166 23.556957244873 23.5449657440186 23.5285549163818 23.4840126037598 23.4492702484131 23.4418144226074 23.4549465179443 23.4998989105225 23.5161571502686 23.5060787200928 23.1967296600342
-9999 -9999 -9999 -9999 -9999 -9999 19.5782604217529 19.5757999420166 19.6085433959961 19.683292388916 19.6698589324951 19.8378582000732 20.2023296356201 20.9555644989014 21.5509052276611 21.9640598297119 22.264009475708 22.4862174987793 22.3455715179443 22.0648136138916 21.2856292724609 20.4184875488281 20.2475681304932 20.1028175354004 20.0491008758545 20.0513687133789 20.2351722717285 20.4716701507568 20.8001289367676 21.2612953186035 21.8590183258057 22.1900043487549 22.3584976196289 22.4250144958496 22.4575424194336 22.232084274292 21.9694175720215 21.4908847808838 20.966796875 20.1525821685791 19.5875854492188 19.7163562774658 19.798210144043 19.8075580596924 19.855842590332 19.9398632049561 19.5117111206055
-9999 -9999 -9999 -9999 19.5230941772461 19.5680656433105 19.5706539154053 19.5883255004883 19.5757999420166 19.641284942627 19.8462238311768 20.5849285125732 21.3517475128174 22.1741943359375 22.6960792541504 22.8711605072021 22.923397064209 22.8912715911865 22.2280292510986 21.3210906982422 19.5871086120605 17.707181930542 17.3556499481201 17.0647716522217 17.0004482269287 17.029541015625 17.3615245819092 17.7537822723389 18.2512264251709 19.0031700134277 20.0169887542725 20.584867477417 20.8810863494873 21.0070152282715 21.0761795043945 20.6460189819336 20.1434097290039 19.1633796691895 18.1052474975586 16.5497264862061 15.4728918075562 15.7286052703857 15.8720273971558 15.8419103622437 15.918848991394 16.0940418243408 15.5657749176025
-9999 -9999 -9999 -9999 19.4123153686523 19.5413379669189 19.5654773712158 19.5706539154053 19.6185245513916 20.2277736663818 20.8663902282715 21.6174125671387 22.3228168487549 22.9379558563232 22.5113468170166 20.8827285766602 19.2657375335693 17.6567363739014 16.3718395233154 15.2120914459229 13.9340600967407 12.6351547241211 12.6826438903809 12.7555131912231 12.7941999435425 12.8726816177368 13.0801916122437 13.2838945388794 13.4809532165527 13.8845300674438 14.5006103515625 15.2597961425781 16.1061592102051 16.6901073455811 17.1865825653076 16.9704151153564 16.6467800140381 15.0759735107422 13.5897960662842 12.6425552368164 11.9433755874634 11.9347410202026 11.893162727356 11.8006725311279 11.7936429977417 11.8650493621826 11.4321994781494
-9999 -9999 -9999 -9999 -9999 19.4123153686523 19.6169052124023 19.5603008270264 19.7848606109619 20.8160648345947 21.7822322845459 22.4994716644287 22.9951934814453 23.0525951385498 21.6475009918213 18.5549163818359 15.6483030319214 12.86940574646 11.1699390411377 9.88727951049805 9.04305553436279 8.27620124816895 8.62283802032471 8.96633148193359 9.08044719696045 9.1849479675293 9.25827312469482 9.29282093048096 9.25969886779785 9.39793109893799 9.71248435974121 10.5810012817383 11.7869882583618 12.6570148468018 13.4150543212891 13.3595161437988 13.1792421340942 11.2907209396362 9.60146427154541 9.18118953704834 8.81635093688965 8.60583114624023 8.42667484283447 8.29598999023438 8.21679401397705 8.18485641479492 7.84197044372559
-9999 -9999 -9999 -9999 -9999 19.4825992584229 19.4123153686523 19.924352645874 20.4932022094727 21.4122581481934 22.2406368255615 22.7219486236572 22.357873916626 20.3210144042969 17.8059234619141 14.7390241622925 12.2072410583496 10.0429458618164 8.83691501617432 8.00090599060059 7.49340152740479 7.04386854171753 7.25173854827881 7.4575400352478 7.52614498138428 7.55419588088989 7.45075654983521 7.40121841430664 7.44574308395386 7.68265819549561 8.11753940582275 8.73595523834229 9.46617889404297 9.86837005615234 10.1612186431885 10.0323247909546 9.83927059173584 8.83032703399658 7.92440462112427 7.67455959320068 7.45413684844971 7.31561899185181 7.20681953430176 7.14394950866699 7.04433488845825 6.91099691390991 6.63415956497192
-9999 -9999 19.6453094482422 19.6241798400879 19.5995254516602 19.5529651641846 19.482515335083 20.235912322998 21.0373954772949 21.8943119049072 22.5439872741699 22.400426864624 21.131950378418 17.6375789642334 14.4384784698486 11.5800762176514 9.45795726776123 7.84147596359253 7.02850246429443 6.52579307556152 6.27418899536133 6.06689691543579 6.16083002090454 6.25545167922974 6.30084753036499 6.28738355636597 6.08307123184204 5.98566627502441 6.07482290267944 6.36486387252808 6.86161041259766 7.26320934295654 7.60684490203857 7.67556762695312 7.65265274047852 7.47505140304565 7.27488660812378 6.91012048721313 6.57653188705444 6.441490650177 6.31380891799927 6.20661592483521 6.12799310684204 6.09352350234985 5.9878306388855 5.81676912307739 5.6174840927124
-9999.000000000000000 -9999 -9999 -9999 19.7200450897217 19.6460876464844 19.6890048980713 20.4329395294189 21.2234382629395 22.1273365020752 22.5090370178223 20.8919830322266 18.6217823028564 15.0591812133789 12.1055212020874 9.85448265075684 8.21803092956543 7.00364398956299 6.36471509933472 5.94799184799194 5.77594947814941 5.64708518981934 5.68125629425049 5.72254467010498 5.79339122772217 5.81463289260864 5.67503452301025 5.60878658294678 5.67054224014282 5.91431045532227 6.34536552429199 6.60276794433594 6.75438213348389 6.78280210494995 6.77015829086304 6.59762907028198 6.40271949768066 6.16852521896362 5.94689655303955 5.80529069900513 5.65760326385498 5.49298620223999 5.35687112808228 5.26480531692505 5.18432235717773 5.11447048187256 5.01783895492554
-9999 -9999 -9999 -9999 19.8869438171387 19.9610824584961 19.9055347442627 20.6275310516357 21.4040870666504 22.3405799865723 22.4761428833008 19.5460796356201 16.4225444793701 12.9161777496338 10.2254943847656 8.47598171234131 7.24010848999023 6.35697364807129 5.83494567871094 5.4523549079895 5.32807636260986 5.24938249588013 5.2589168548584 5.2785849571228 5.36659717559814 5.41787672042847 5.35005474090576 5.31991052627563 5.35551738739014 5.53396844863892 5.85940265655518 5.99168300628662 6.0062952041626 6.00717258453369 6.00347185134888 5.85677289962769 5.69045734405518 5.54453563690186 5.40104246139526 5.27302026748657 5.13481473922729 4.96826267242432 4.8266453742981 4.72356367111206 4.66812515258789 4.65641403198242 4.61948919296265
-9999 -9999 -9999 -9999 20.0073699951172 20.0536594390869 20.1108169555664 20.8190593719482 21.5779495239258 22.528938293457 22.4458351135254 18.4046649932861 14.6144828796387 11.3209352493286 8.91529273986816 7.53415298461914 6.59180736541748 5.95080089569092 5.47378349304199 5.06008815765381 4.94356966018677 4.87949323654175 4.90858268737793 4.94652891159058 5.04128217697144 5.11672735214233 5.12956666946411 5.14174890518188 5.15278387069702 5.2419581413269 5.41153717041016 5.44269323348999 5.38952255249023 5.37890958786011 5.38248205184937 5.28772974014282 5.17936944961548 5.06850337982178 4.96059226989746 4.87150096893311 4.77987623214722 4.6811990737915 4.59948635101318 4.54399061203003 4.51338863372803 4.50563383102417 4.4743857383728
-9999 -9999 -9999 -9999 20.0536594390869 20.1228485107422 20.2040672302246 20.9445400238037 21.7352085113525 22.6574935913086 22.4950771331787 18.1808853149414 14.1174983978271 10.5503873825073 8.07118129730225 6.84724807739258 6.0530161857605 5.55387878417969 5.163818359375 4.81587648391724 4.71471071243286 4.65709352493286 4.69219732284546 4.7352123260498 4.82723236083984 4.90915870666504 4.95835781097412 4.99167823791504 4.99729013442993 5.02388191223145 5.07206201553345 5.05629444122314 5.00157070159912 4.98045682907104 4.97054624557495 4.91373634338379 4.85030698776245 4.76788234710693 4.6876072883606 4.62102222442627 4.55774927139282 4.50369739532471 4.46060848236084 4.43446397781372 4.41771030426025 4.40957593917847 4.3800482749939
-9999 -9999 -9999 -9999 20.1268577575684 20.2040672302246 20.9959335327148 21.020486831665 21.8800163269043 22.7411937713623 22.6039791107178 18.6453399658203 14.6038360595703 10.3983697891235 7.57664442062378 6.35153865814209 5.59635782241821 5.16389513015747 4.89225244522095 4.68270778656006 4.60259008407593 4.54531240463257 4.57627582550049 4.61445236206055 4.69663190841675 4.77177572250366 4.82410764694214 4.86267614364624 4.87722682952881 4.86125659942627 4.813880443573 4.79184103012085 4.78523635864258 4.75436449050903 4.71540307998657 4.68603229522705 4.65776586532593 4.59882211685181 4.54022359848022 4.48382568359375 4.43523263931274 4.40836763381958 4.38794279098511 4.37747192382812 4.36632585525513 4.35455989837646 4.32378578186035
-9999 -9999 -9999 -9999 20.2040672302246 21.1236324310303 21.5410938262939 21.8146438598633 21.8827934265137 22.6730499267578 22.6839065551758 19.7115459442139 15.9785003662109 10.7402696609497 7.38767385482788 6.2108039855957 5.47752332687378 5.04887580871582 4.79747152328491 4.61450719833374 4.53570747375488 4.4752893447876 4.48200511932373 4.49210739135742 4.51818227767944 4.54873704910278 4.59381484985352 4.63274717330933 4.66095495223999 4.66159439086914 4.63386726379395 4.61864185333252 4.61103296279907 4.56511354446411 4.50642347335815 4.50034523010254 4.50134086608887 4.47486925125122 4.44582414627075 4.400390625 4.36092948913574 4.33809375762939 4.32296991348267 4.31976366043091 4.31059980392456 4.29596757888794 4.26956558227539
-9999 -9999 -9999 -9999 -9999 21.6586627960205 21.7534332275391 21.7881488800049 21.8246974945068 22.5398273468018 22.7514152526855 21.0356521606445 17.7338829040527 11.2938528060913 7.32966279983521 6.22220277786255 5.50347232818604 5.0516996383667 4.77845668792725 4.57415056228638 4.48821258544922 4.42316341400146 4.39701271057129 4.36908292770386 4.31922578811646 4.28898763656616 4.32236051559448 4.35956335067749 4.40345001220703 4.44605922698975 4.48735475540161 4.48455238342285 4.45488595962524 4.39165210723877 4.31722927093506 4.33266639709473 4.36039447784424 4.37024879455566 4.37413263320923 4.33999729156494 4.30729007720947 4.2785587310791 4.26129341125488 4.26174879074097 4.25301313400269 4.23584222793579 4.21622085571289
-9999 -9999 -9999 -9999 -9999 21.685546875 21.6814613342285 21.6575088500977 21.7182083129883 22.413013458252 22.7344627380371 21.6268634796143 18.5567302703857 11.6032915115356 7.39005184173584 6.33857250213623 5.62840175628662 5.15262222290039 4.82400321960449 4.5522084236145 4.43654012680054 4.34842348098755 4.30280637741089 4.25794172286987 4.21158885955811 4.18126583099365 4.20291757583618 4.22728872299194 4.25640392303467 4.29008150100708 4.328453540802 4.33013105392456 4.30945444107056 4.26296901702881 4.20788049697876 4.22506809234619 4.25218820571899 4.27145767211914 4.28587579727173 4.26940107345581 4.2509446144104 4.22697257995605 4.21246719360352 4.21259307861328 4.20582008361816 4.19271469116211 4.1804141998291
-9999 -9999 -9999 -9999 -9999 21.6721725463867 21.6217441558838 21.598726272583 21.6017074584961 22.2875232696533 22.7000331878662 22.0664386749268 19.1866340637207 11.8622150421143 7.47493743896484 6.47666072845459 5.77380990982056 5.27384090423584 4.88290786743164 4.53407669067383 4.38400316238403 4.26900434494019 4.20669364929199 4.14925909042358 4.12284564971924 4.10499858856201 4.1149263381958 4.12416791915894 4.13221168518066 4.1464262008667 4.16698932647705 4.1715030670166 4.16623973846436 4.14355039596558 4.11505222320557 4.12990045547485 4.15075635910034 4.17387294769287 4.19419193267822 4.19669389724731 4.19403982162476 4.17703104019165 4.16629981994629 4.16527032852173 4.16077709197998 4.15310430526733 4.14823627471924
-9999 -9999 -9999 -9999 -9999 -9999 21.7133140563965 21.6089973449707 21.671365737915 22.4557418823242 22.8598480224609 21.8084487915039 18.7521572113037 11.7287511825562 7.5530743598938 6.66323041915894 5.97155427932739 5.41596937179565 4.93800926208496 4.49002313613892 4.31649303436279 4.19139575958252 4.14883899688721 4.11107349395752 4.09817457199097 4.08938217163086 4.09390449523926 4.09810972213745 4.1017632484436 4.10853338241577 4.1185097694397 4.12095260620117 4.11880588531494 4.10852146148682 4.09552383422852 4.10305023193359 4.11343193054199 4.1263861656189 4.13827514648438 4.14337921142578 4.14510345458984 4.13742065429688 4.13207244873047 4.13033390045166 4.12676477432251 4.12151575088501 4.11822414398193
-9999 -9999 -9999 -9999 -9999 -9999 21.911262512207 21.9322204589844 21.7863349914551 22.6614322662354 23.0289993286133 21.4539527893066 18.1736068725586 11.5189504623413 7.59351444244385 6.81717109680176 6.14500188827515 5.54437351226807 4.98647832870483 4.44508409500122 4.25124597549438 4.11874055862427 4.09661960601807 4.07894563674927 4.07818269729614 4.07756328582764 4.07740688323975 4.07742071151733 4.07773017883301 4.07816505432129 4.07872772216797 4.07905960083008 4.07925033569336 4.07981634140015 4.0805082321167 4.08111715316772 4.08173131942749 4.08465957641602 4.08807611465454 4.09460544586182 4.09964752197266 4.10054779052734 4.10022687911987 4.09801912307739 4.09538888931274 4.09237051010132 4.09032535552979
-9999 -9999 -9999 -9999 -9999 -9999 22.1813774108887 22.192569732666 22.295726776123 23.1265640258789 23.2049446105957 20.4032382965088 16.5666427612305 10.6822910308838 7.23506641387939 6.5999059677124 6.03427267074585 5.51638746261597 4.96601009368896 4.40308618545532 4.21729516983032 4.09805631637573 4.08623790740967 4.07775831222534 4.07750082015991 4.0772819519043 4.07719039916992 4.07719087600708 4.07735300064087 4.07753992080688 4.0777530670166 4.07788848876953 4.07797718048096 4.07826137542725 4.07861137390137 4.07900142669678 4.07940149307251 4.08044338226318 4.08178234100342 4.0850133895874 4.08750677108765 4.08794689178467 4.08808326721191 4.0877513885498 4.08686113357544 4.08545827865601 4.08393383026123
-9999 -9999 -9999 -9999 -9999 22.0677375793457 22.3499374389648 22.4193420410156 22.818531036377 23.5587291717529 23.3201236724854 19.3350772857666 14.9766893386841 9.87955951690674 6.89189100265503 6.33820915222168 5.84691667556763 5.39847040176392 4.88458442687988 4.34542989730835 4.18036651611328 4.08131885528564 4.07797765731812 4.0768780708313 4.07699537277222 4.07708644866943 4.07709121704102 4.07710742950439 4.07714366912842 4.07712841033936 4.07706069946289 4.07703018188477 4.07702302932739 4.07706880569458 4.07713222503662 4.07731485366821 4.07751035690308 4.07714366912842 4.07690668106079 4.07749795913696 4.07793140411377 4.07792615890503 4.07833957672119 4.07940006256104 4.07982540130615 4.07966804504395 4.07869243621826
-9999 -9999 -9999 -9999 21.6969604492188 21.9952278137207 22.0677375793457 22.7200984954834 23.3905143737793 23.8700103759766 23.2124881744385 18.2029399871826 13.4491004943848 9.20123481750488 6.60471677780151 5.91359519958496 5.37859058380127 4.95079755783081 4.57964181900024 4.23035621643066 4.13251781463623 4.07905197143555 4.07749652862549 4.07712411880493 4.07713937759399 4.07720279693604 4.07742309570312 4.07755994796753 4.07755088806152 4.07749938964844 4.07740354537964 4.077317237854 4.07723712921143 4.07720279693604 4.07718372344971 4.07720375061035 4.07722854614258 4.07720518112183 4.07723474502563 4.07759857177734 4.07776260375977 4.07736778259277 4.07739591598511 4.07807636260986 4.07826137542725 4.07799196243286 4.07767057418823
