Ecospace-environmental-drivers/Outputs/ASCII-for-ecospace/MOM6-ISIMIP3a/tob/1993-06_tob_MOM6-ISIMIP3a.asc
NCOLS 131 
NROWS 53 
XLLCORNER -98 
YLLCORNER 23.9265270233154 
CELLSIZE 0.133587792515755 
NODATA_value -9999 
[rows 21 to 41 of 53, columns 47 to 93 of 131]
21.6513175964355 21.5140705108643 21.3613796234131 21.4461231231689 21.5373382568359 21.1471710205078 20.7605514526367 20.3919658660889 19.5667705535889 17.6390476226807 16.2219161987305 15.5057601928711 13.9053049087524 11.5813426971436 9.59232234954834 7.76195669174194 6.90502405166626 6.28067684173584 6.06067276000977 5.84557962417603 5.29766607284546 4.80877017974854 4.56686878204346 4.38142776489258 4.31517934799194 4.25718069076538 4.20926475524902 4.17826986312866 4.15959930419922 4.14386367797852 4.12934303283691 4.12883901596069 4.13109016418457 4.18139457702637 4.23707294464111 4.32785797119141 4.48914861679077 4.89833879470825 5.30815839767456 5.71914720535278 6.30658197402954 7.08626174926758 7.88053560256958 8.68425273895264 9.63875865936279 10.6474313735962 11.9409952163696
18.1212387084961 17.8238201141357 17.5996112823486 17.5553970336914 17.5097541809082 16.9281635284424 16.3388080596924 15.7099676132202 14.8702096939087 13.5211687088013 12.5381565093994 12.0576553344727 11.0305128097534 9.55612277984619 8.27027320861816 7.07373094558716 6.39043807983398 5.82977867126465 5.6218729019165 5.42682027816772 5.06612586975098 4.7329626083374 4.5150203704834 4.34469366073608 4.27488660812378 4.22120141983032 4.18722009658813 4.16234159469604 4.14409351348877 4.13032579421997 4.11841344833374 4.11362028121948 4.11022663116455 4.12660360336304 4.14582633972168 4.18569803237915 4.26078510284424 4.45969200134277 4.66822052001953 4.89461946487427 5.23626279830933 5.70346879959106 6.20002031326294 6.71555948257446 7.67465686798096 8.79308795928955 10.1068468093872
14.3386125564575 13.89195728302 13.6064186096191 13.4339218139648 13.2522649765015 12.5108871459961 11.7503719329834 10.8925113677979 10.0892667770386 9.41789817810059 8.93745040893555 8.71911144256592 8.25264072418213 7.58315658569336 6.97748470306396 6.40204000473022 5.92104911804199 5.46262645721436 5.25101327896118 5.05655193328857 4.86494588851929 4.67212820053101 4.47424077987671 4.31557416915894 4.23970603942871 4.18804121017456 4.1659574508667 4.14644861221313 4.12881565093994 4.11719417572021 4.10806179046631 4.10277223587036 4.09823799133301 4.09482622146606 4.09211254119873 4.09580898284912 4.10054922103882 4.10896110534668 4.13137817382812 4.17980575561523 4.27592706680298 4.42401218414307 4.61923742294312 4.84496402740479 5.78305578231812 6.97704076766968 8.32198238372803
10.647289276123 10.3582725524902 10.187066078186 10.0293502807617 9.86145973205566 9.38159084320068 8.91062831878662 8.4849681854248 8.09275150299072 7.7812876701355 7.53337812423706 7.37271928787231 7.0951452255249 6.72191381454468 6.28278398513794 5.81243896484375 5.44039392471313 5.09183692932129 4.95084047317505 4.82246589660645 4.670250415802 4.52724361419678 4.42277431488037 4.32425260543823 4.23828649520874 4.18013381958008 4.15597629547119 4.13626527786255 4.11979293823242 4.10886478424072 4.10023212432861 4.095383644104 4.09127855300903 4.0898494720459 4.08883953094482 4.09096002578735 4.09355974197388 4.09784269332886 4.10829877853394 4.13021802902222 4.17364025115967 4.24049043655396 4.33069038391113 4.43599939346313 4.90325021743774 5.50051593780518 6.87577962875366
7.43379163742065 7.27324104309082 7.18947076797485 7.0460262298584 6.89357852935791 6.66297245025635 6.4608325958252 6.40349912643433 6.35806322097778 6.3413553237915 6.28742790222168 6.18240261077881 6.05249261856079 5.90222263336182 5.60719442367554 5.24359846115112 4.97943496704102 4.73902940750122 4.66744565963745 4.60417747497559 4.49314165115356 4.39743518829346 4.36588096618652 4.31665420532227 4.23011875152588 4.17114400863647 4.14585399627686 4.12654590606689 4.11159467697144 4.10152435302734 4.09347534179688 4.08915853500366 4.08557510375977 4.085777759552 4.08616018295288 4.08693552017212 4.08773756027222 4.0886344909668 4.08935785293579 4.08976030349731 4.090247631073 4.09082698822021 4.09492969512939 4.10131216049194 4.17687940597534 4.27729892730713 5.56836605072021
6.31542921066284 6.15542602539062 6.04116344451904 5.90975761413574 5.78010177612305 5.74505758285522 5.72085094451904 5.75177192687988 5.77140951156616 5.76380062103271 5.73480129241943 5.67643642425537 5.51339817047119 5.26471900939941 5.01540422439575 4.76578807830811 4.60483598709106 4.46506881713867 4.45761442184448 4.45515871047974 4.39314651489258 4.33373260498047 4.28519153594971 4.23768520355225 4.19236373901367 4.15740585327148 4.13511419296265 4.11886262893677 4.10701084136963 4.09852075576782 4.09142303466797 4.08803462982178 4.08537626266479 4.08567380905151 4.08608436584473 4.08652305603027 4.08703374862671 4.08779811859131 4.0885648727417 4.08933544158936 4.08970069885254 4.08962392807007 4.09062051773071 4.0923113822937 4.1232795715332 4.16476488113403 4.86950206756592
5.40418481826782 5.25437259674072 5.12113952636719 5.02188491821289 4.93275022506714 5.02292823791504 5.11158990859985 5.19254064559937 5.24756622314453 5.23999214172363 5.21679925918579 5.1721625328064 5.00049924850464 4.7249059677124 4.53879070281982 4.39505910873413 4.31831216812134 4.25756978988647 4.28871822357178 4.32226514816284 4.29885053634644 4.26957082748413 4.21574544906616 4.17379903793335 4.15693092346191 4.13987398147583 4.12258529663086 4.11041593551636 4.10197448730469 4.09551095962524 4.08986616134644 4.08732032775879 4.08538341522217 4.08568477630615 4.08605146408081 4.0862398147583 4.08653354644775 4.08719635009766 4.08798885345459 4.08902311325073 4.08917236328125 4.08835697174072 4.08723115921021 4.08590507507324 4.08622646331787 4.08713912963867 4.34084844589233
4.94484186172485 4.8262619972229 4.69919538497925 4.67597436904907 4.66604471206665 4.72797298431396 4.78754377365112 4.83512163162231 4.86076641082764 4.83345222473145 4.77434301376343 4.67158317565918 4.54475593566895 4.39823818206787 4.31347608566284 4.25796604156494 4.2239556312561 4.19508171081543 4.20913362503052 4.22455549240112 4.21698999404907 4.20440816879272 4.17083072662354 4.14282083511353 4.12656450271606 4.11406373977661 4.10615253448486 4.10030174255371 4.09595108032227 4.09248781204224 4.08939218521118 4.0874981880188 4.08584022521973 4.08594560623169 4.08611249923706 4.0862398147583 4.08647727966309 4.08710432052612 4.08788633346558 4.08895587921143 4.08868408203125 4.08694982528687 4.08584976196289 4.08515977859497 4.08527421951294 4.08567762374878 4.18356895446777
4.61831617355347 4.53589010238647 4.43697214126587 4.45421886444092 4.48340654373169 4.51395463943481 4.54310750961304 4.56516075134277 4.56600284576416 4.51562738418579 4.44029474258423 4.33069801330566 4.25047159194946 4.19427537918091 4.17249917984009 4.16702795028687 4.15915727615356 4.15071392059326 4.15548610687256 4.16085243225098 4.16164541244507 4.1587986946106 4.14072132110596 4.12374687194824 4.10910129547119 4.09968900680542 4.0966739654541 4.0943546295166 4.09254217147827 4.09095001220703 4.08944892883301 4.0878210067749 4.08616828918457 4.08603620529175 4.08598375320435 4.08616542816162 4.08646059036255 4.08715534210205 4.08796072006226 4.08897161483765 4.08848810195923 4.08637619018555 4.08518886566162 4.08459901809692 4.08452129364014 4.08462715148926 4.09313344955444
4.45888662338257 4.41880416870117 4.37568950653076 4.38865995407104 4.40653228759766 4.40176153182983 4.39882659912109 4.40522956848145 4.38702774047852 4.30941390991211 4.24263286590576 4.19072246551514 4.15931606292725 4.14468479156494 4.13762712478638 4.13415718078613 4.13154697418213 4.12914228439331 4.1344690322876 4.13993215560913 4.13965940475464 4.13778972625732 4.12923812866211 4.11964893341064 4.10787057876587 4.09970140457153 4.09594392776489 4.09364986419678 4.0924220085144 4.09127998352051 4.09017276763916 4.0883264541626 4.08633470535278 4.08591175079346 4.08561563491821 4.08599805831909 4.08649349212646 4.08738613128662 4.08825826644897 4.08909177780151 4.08866024017334 4.08685064315796 4.08543395996094 4.08427095413208 4.08401870727539 4.08409357070923 4.0867919921875
4.35453081130981 4.33449125289917 4.31713771820068 4.32751417160034 4.33940839767456 4.31563663482666 4.29452562332153 4.28694486618042 4.2606258392334 4.18906164169312 4.13964414596558 4.12063121795654 4.11349821090698 4.11608552932739 4.11562585830688 4.11372232437134 4.11357116699219 4.11383867263794 4.11887359619141 4.12388324737549 4.12375783920288 4.12298154830933 4.11947917938232 4.11437606811523 4.10589504241943 4.0995135307312 4.09569931030273 4.09329795837402 4.09192562103271 4.09090518951416 4.0900297164917 4.08818531036377 4.08615016937256 4.08566284179688 4.08532571792603 4.08589458465576 4.08655643463135 4.0875449180603 4.08842849731445 4.08911657333374 4.08890342712402 4.08770799636841 4.08607482910156 4.08415842056274 4.08368444442749 4.0837287902832 4.08398675918579
4.29148149490356 4.27475881576538 4.26063394546509 4.26967906951904 4.27959728240967 4.24906396865845 4.22020959854126 4.19989538192749 4.17365503311157 4.13310575485229 4.10766124725342 4.10295343399048 4.10168504714966 4.10323047637939 4.10327768325806 4.10261535644531 4.10282182693481 4.10323572158813 4.10734462738037 4.11148691177368 4.11241960525513 4.11282348632812 4.11101293563843 4.10822200775146 4.10336017608643 4.09917545318604 4.09581851959229 4.09321022033691 4.09114694595337 4.09000158309937 4.08923625946045 4.08755922317505 4.08570241928101 4.0853214263916 4.08509492874146 4.08583974838257 4.08664226531982 4.08764886856079 4.08850240707397 4.08907032012939 4.08920049667358 4.0888524055481 4.08701229095459 4.08420658111572 4.08347606658936 4.08349084854126 4.08383369445801
4.23744583129883 4.22314500808716 4.21124458312988 4.21666240692139 4.2225341796875 4.19279718399048 4.1647162437439 4.14505910873413 4.12520217895508 4.10486364364624 4.09296751022339 4.09266233444214 4.09313106536865 4.09423303604126 4.09446907043457 4.09429502487183 4.09484958648682 4.09557771682739 4.09885168075562 4.1021990776062 4.10406064987183 4.10536670684814 4.10434865951538 4.1028003692627 4.10013341903687 4.09734964370728 4.09442329406738 4.09182786941528 4.08947420120239 4.08831453323364 4.08764982223511 4.0866003036499 4.0854754447937 4.08533382415771 4.0853009223938 4.08597421646118 4.08668899536133 4.08755111694336 4.08828449249268 4.08877897262573 4.08889102935791 4.08858633041382 4.08676052093506 4.08395004272461 4.08326053619385 4.08333253860474 4.08367872238159
4.1872730255127 4.1750111579895 4.16490411758423 4.16571140289307 4.16664886474609 4.1409478187561 4.11729001998901 4.10402870178223 4.09325742721558 4.08849906921387 4.08568429946899 4.08553695678711 4.08597373962402 4.08688831329346 4.08717727661133 4.08716917037964 4.08806705474854 4.08918142318726 4.0916600227356 4.09424257278442 4.09697818756104 4.09906768798828 4.09845638275146 4.09769296646118 4.09661054611206 4.094886302948 4.09237813949585 4.0898904800415 4.08741760253906 4.08629179000854 4.08572340011597 4.08549928665161 4.08534288406372 4.08549737930298 4.08569431304932 4.08618974685669 4.08671903610229 4.08736610412598 4.08794116973877 4.08838224411011 4.08832216262817 4.0877161026001 4.08599853515625 4.08356237411499 4.08304166793823 4.0832085609436 4.08352327346802
4.16071510314941 4.14712238311768 4.13332223892212 4.13151407241821 4.13030242919922 4.11206197738647 4.09568214416504 4.08877038955688 4.08354949951172 4.08241081237793 4.08179521560669 4.08189868927002 4.08238983154297 4.08319902420044 4.08392429351807 4.0846095085144 4.08566093444824 4.08680057525635 4.08888721466064 4.09104013442993 4.09320306777954 4.09488439559937 4.09454917907715 4.09412288665771 4.09350347518921 4.09223604202271 4.09017658233643 4.088294506073 4.08654165267944 4.08578491210938 4.08544063568115 4.08550977706909 4.08566045761108 4.08570718765259 4.08576917648315 4.08600854873657 4.0862889289856 4.08671379089355 4.08719444274902 4.08777952194214 4.08746957778931 4.08618354797363 4.08472347259521 4.08315086364746 4.08289480209351 4.08311176300049 4.08339548110962
4.13904333114624 4.12342309951782 4.1047945022583 4.1007833480835 4.09799814224243 4.08792686462402 4.07941627502441 4.07884502410889 4.07844257354736 4.07844877243042 4.07860946655273 4.07898139953613 4.07954502105713 4.08026599884033 4.08150672912598 4.08299493789673 4.08416080474854 4.08524990081787 4.08702898025513 4.08882141113281 4.09011316299438 4.09113883972168 4.09105348587036 4.09087038040161 4.09048271179199 4.0895471572876 4.08794260025024 4.08676958084106 4.08590984344482 4.0855917930603 4.08549785614014 4.08575057983398 4.0860710144043 4.08592700958252 4.085777759552 4.08574485778809 4.08576393127441 4.08596420288086 4.08636426925659 4.08713436126709 4.08655786514282 4.08451414108276 4.0833420753479 4.08273410797119 4.08276319503784 4.08302068710327 4.08327388763428
4.11469507217407 4.10378932952881 4.09076070785522 4.08826923370361 4.08673667907715 4.08198881149292 4.07797861099243 4.07772064208984 4.07753753662109 4.07753658294678 4.07767200469971 4.07799482345581 4.07838296890259 4.07882452011108 4.07975578308105 4.08091926574707 4.08196926116943 4.08299207687378 4.08467721939087 4.08640003204346 4.08800220489502 4.08933687210083 4.08955144882202 4.08966779708862 4.08957767486572 4.08903837203979 4.08795118331909 4.08703899383545 4.08625411987305 4.08571481704712 4.08527755737305 4.08503246307373 4.08482551574707 4.08459186553955 4.0843653678894 4.08421468734741 4.08410978317261 4.0841646194458 4.08450984954834 4.08539438247681 4.08564805984497 4.08521556854248 4.08416271209717 4.08270883560181 4.0825047492981 4.08274936676025 4.08301448822021
4.09163951873779 4.08559989929199 4.07847595214844 4.07756662368774 4.07730436325073 4.07732391357422 4.07730531692505 4.07708883285522 4.07691717147827 4.0768518447876 4.07691287994385 4.07714796066284 4.07735681533813 4.07754516601562 4.07813882827759 4.07892417907715 4.07982540130615 4.08075380325317 4.08231067657471 4.08392858505249 4.08581209182739 4.08742618560791 4.08791255950928 4.0883092880249 4.08851623535156 4.08838367462158 4.08783674240112 4.0871958732605 4.08648633956909 4.08574867248535 4.08499956130981 4.0842661857605 4.08353614807129 4.08318138122559 4.08285284042358 4.08264398574829 4.08246612548828 4.08239841461182 4.08268594741821 4.08363389968872 4.08465719223022 4.08576202392578 4.08486032485962 4.08265972137451 4.08225202560425 4.08248805999756 4.08276557922363
4.08364772796631 4.08087635040283 4.07792043685913 4.0774884223938 4.0773286819458 4.07754802703857 4.07770013809204 4.07750988006592 4.07732152938843 4.07713985443115 4.07698392868042 4.07686328887939 4.07697772979736 4.0772852897644 4.07763385772705 4.07800197601318 4.07851505279541 4.07906341552734 4.08001804351807 4.08102035522461 4.08230495452881 4.08342599868774 4.08386373519897 4.08431005477905 4.08477449417114 4.08512735366821 4.08534336090088 4.08529710769653 4.08505964279175 4.0846791267395 4.08423948287964 4.08343696594238 4.08256340026855 4.08170366287231 4.08095169067383 4.08124542236328 4.08147668838501 4.08148813247681 4.08167457580566 4.08218383789062 4.08279609680176 4.08352088928223 4.08318710327148 4.08216857910156 4.0821213722229 4.08242321014404 4.08269596099854
4.07734060287476 4.07712936401367 4.0773663520813 4.07738542556763 4.07739400863647 4.0777268409729 4.07797050476074 4.07775974273682 4.07753467559814 4.07727384567261 4.07697629928589 4.0766282081604 4.07665729522705 4.07699584960938 4.07711982727051 4.07714223861694 4.07732152938843 4.07753753662109 4.07796239852905 4.07841920852661 4.07912969589233 4.07977151870728 4.08012533187866 4.08056640625 4.08118963241577 4.08187675476074 4.0826416015625 4.08305644989014 4.08321571350098 4.08314895629883 4.08298873901367 4.08222484588623 4.0813422203064 4.08021402359009 4.07924747467041 4.07994890213013 4.08053159713745 4.08069849014282 4.08086585998535 4.08103370666504 4.0813102722168 4.08170509338379 4.08182811737061 4.0817756652832 4.08202600479126 4.08238554000854 4.08265209197998
4.07721042633057 4.07696437835693 4.07681798934937 4.07719087600708 4.07760667800903 4.07773780822754 4.07778215408325 4.07738542556763 4.07704544067383 4.07684326171875 4.07668161392212 4.076575756073 4.07655334472656 4.07659912109375 4.07657384872437 4.07651424407959 4.07655429840088 4.07661867141724 4.07677602767944 4.07694435119629 4.07717227935791 4.07738351821899 4.0775260925293 4.07775783538818 4.0781774520874 4.07864618301392 4.07917499542236 4.07956027984619 4.07984066009521 4.0799298286438 4.07993984222412 4.07960891723633 4.07921171188354 4.07868099212646 4.07826519012451 4.07902669906616 4.07975149154663 4.08034992218018 4.08080244064331 4.0809850692749 4.08119964599609 4.08144950866699 4.08162212371826 4.08174419403076 4.08206129074097 4.08244848251343 4.08270025253296
