Ecospace-environmental-drivers/Outputs/ASCII-for-ecospace/MOM6-ISIMIP3a/tob/1993-08_tob_MOM6-ISIMIP3a.asc
NCOLS 131 
NROWS 53 
XLLCORNER -98 
YLLCORNER 23.9265270233154 
CELLSIZE 0.133587792515755 
NODATA_value -9999 
[rows 21 to 41 of 53, columns 47 to 93 of 131]
22.2980155944824 22.4021377563477 22.5832805633545 22.5066909790039 22.3770046234131 21.526050567627 20.6720104217529 19.802267074585 18.7973213195801 17.4659099578857 16.3790168762207 15.6278133392334 13.9743003845215 11.5825433731079 9.60771465301514 7.83037614822388 6.94124746322632 6.26434230804443 6.04464483261108 5.83235883712769 5.27077770233154 4.77492475509644 4.55414915084839 4.38227844238281 4.31365156173706 4.25596904754639 4.21166276931763 4.1777458190918 4.15139627456665 4.13432168960571 4.12108850479126 4.12278842926025 4.1274242401123 4.17795324325562 4.23309898376465 4.31673717498779 4.47196292877197 4.87889432907104 5.27921581268311 5.66726350784302 6.26043319702148 7.07709074020386 7.89491987228394 8.71350765228271 9.70748519897461 10.7644662857056 11.981240272522
18.3396797180176 18.2482471466064 18.2881603240967 18.1323051452637 17.9325656890869 17.0890731811523 16.2317771911621 15.3042736053467 14.3647241592407 13.3960847854614 12.6434516906738 12.18736743927 11.1338710784912 9.59158706665039 8.29428863525391 7.11303424835205 6.40018177032471 5.79924631118774 5.58908319473267 5.39452457427979 5.03636598587036 4.70814371109009 4.50520944595337 4.3446798324585 4.27367162704468 4.2212700843811 4.19160985946655 4.16453218460083 4.13933658599854 4.12405347824097 4.11287546157837 4.11104536056519 4.11105298995972 4.12586212158203 4.14319658279419 4.17983961105347 4.25144863128662 4.44600105285645 4.64778757095337 4.86301040649414 5.20745038986206 5.69267702102661 6.20337057113647 6.73054313659668 7.70351266860962 8.83661937713623 10.0634613037109
14.139931678772 13.8498840332031 13.7412433624268 13.5167188644409 13.2610569000244 12.4849681854248 11.6855354309082 10.7673587799072 9.95532894134521 9.39960289001465 9.01791858673096 8.87516784667969 8.39684391021729 7.64396381378174 6.9999942779541 6.40761280059814 5.9012393951416 5.41541576385498 5.19940805435181 5.00352907180786 4.83082437515259 4.65505695343018 4.46647119522095 4.31423139572144 4.23872089385986 4.18934965133667 4.17192506790161 4.15106058120728 4.12768983840942 4.11439800262451 4.10527992248535 4.10250091552734 4.10096788406372 4.0955662727356 4.09091520309448 4.09499454498291 4.09926319122314 4.10419511795044 4.12493896484375 4.17504787445068 4.26989459991455 4.4134840965271 4.61002826690674 4.84083604812622 5.76594543457031 6.94045925140381 8.17577457427979
10.5860710144043 10.3673067092896 10.2919874191284 10.0880947113037 9.86087512969971 9.3591947555542 8.86719608306885 8.4244499206543 8.03780364990234 7.78661918640137 7.60924196243286 7.53319358825684 7.22894477844238 6.73798942565918 6.26147270202637 5.7917947769165 5.40741491317749 5.04341602325439 4.87856197357178 4.73015880584717 4.6220588684082 4.51572227478027 4.41676425933838 4.32226419448853 4.23717594146729 4.18036317825317 4.15810775756836 4.13790321350098 4.11919164657593 4.10737466812134 4.09841203689575 4.09499835968018 4.09267520904541 4.09036111831665 4.08847713470459 4.09078502655029 4.0931544303894 4.09573793411255 4.10533285140991 4.12794876098633 4.17081499099731 4.23574447631836 4.32668256759644 4.43445014953613 4.89269018173218 5.47682523727417 6.75014209747314
7.47616243362427 7.31243562698364 7.25345230102539 7.0728611946106 6.87830352783203 6.64272403717041 6.43910884857178 6.39808893203735 6.36813831329346 6.36491298675537 6.35259628295898 6.32779741287231 6.16182470321655 5.88034725189209 5.55271625518799 5.20322322845459 4.93777513504028 4.69240856170654 4.58647346496582 4.49284029006958 4.43884611129761 4.38973236083984 4.36104440689087 4.31434679031372 4.22962951660156 4.1717848777771 4.14678287506104 4.12731790542603 4.11188507080078 4.10120582580566 4.09249544143677 4.08870697021484 4.08588647842407 4.08610153198242 4.0864725112915 4.08726978302002 4.08803749084473 4.08869981765747 4.08924007415771 4.08955383300781 4.09010028839111 4.09090042114258 4.0952296257019 4.10184240341187 4.17220163345337 4.26546049118042 5.47304391860962
6.31285905838013 6.1329345703125 6.0158109664917 5.87023019790649 5.72683000564575 5.72092866897583 5.72216415405273 5.75970268249512 5.78526496887207 5.78190898895264 5.7625617980957 5.72126007080078 5.53659343719482 5.23462915420532 4.97447395324707 4.73412275314331 4.57417869567871 4.43344736099243 4.42047643661499 4.41359996795654 4.36767339706421 4.3222541809082 4.27895784378052 4.23648929595947 4.19576835632324 4.16499662399292 4.14638471603394 4.12800884246826 4.10980415344238 4.09878730773926 4.09074687957764 4.08772563934326 4.08569145202637 4.08598518371582 4.08636999130249 4.08679819107056 4.08726787567139 4.08788347244263 4.0885534286499 4.08932304382324 4.08990955352783 4.09029626846313 4.09131002426147 4.09272956848145 4.12155389785767 4.16022205352783 4.84722995758057
5.37587547302246 5.19910526275635 5.04653596878052 4.95081615447998 4.86888980865479 5.00224733352661 5.12723064422607 5.20961380004883 5.26539945602417 5.25696182250977 5.22249698638916 5.15229940414429 4.96981239318848 4.69545412063599 4.51299524307251 4.37406826019287 4.29952192306519 4.24035835266113 4.28322505950928 4.32773780822754 4.29419469833374 4.25813436508179 4.21153688430786 4.17623615264893 4.1647834777832 4.15234565734863 4.13870477676392 4.12309789657593 4.1060585975647 4.09637975692749 4.08974981307983 4.0873064994812 4.08568620681763 4.08595561981201 4.08627891540527 4.08644771575928 4.08670854568481 4.0872950553894 4.08805274963379 4.08912801742554 4.08954763412476 4.08925199508667 4.08803081512451 4.08621072769165 4.08654642105103 4.08765697479248 4.36367607116699
4.9326868057251 4.80129671096802 4.66279697418213 4.64933919906616 4.65139484405518 4.72673082351685 4.79850769042969 4.85217714309692 4.88300657272339 4.85868692398071 4.79145908355713 4.66532421112061 4.53056192398071 4.38874101638794 4.3062801361084 4.25193691253662 4.21891784667969 4.19099378585815 4.20869064331055 4.22742748260498 4.21568536758423 4.20134210586548 4.17611408233643 4.15439319610596 4.14007425308228 4.12690401077271 4.11513662338257 4.10596370697021 4.09868097305298 4.09399795532227 4.09039115905762 4.08811330795288 4.08609676361084 4.08611440658569 4.08621215820312 4.08636045455933 4.08660745620728 4.08720254898071 4.08795881271362 4.08901262283325 4.08881282806396 4.08724737167358 4.08614778518677 4.08534955978394 4.08566474914551 4.0863790512085 4.19051218032837
4.61654710769653 4.5272068977356 4.42163181304932 4.45107507705688 4.49383687973022 4.52305603027344 4.55214548110962 4.58057641983032 4.58664226531982 4.53870677947998 4.45930528640747 4.33670473098755 4.25241374969482 4.19946670532227 4.17734241485596 4.16981840133667 4.16181039810181 4.1536865234375 4.15717506408691 4.16120672225952 4.16153335571289 4.15977048873901 4.14926290512085 4.13721895217896 4.12193155288696 4.10941982269287 4.10030078887939 4.09558439254761 4.09407567977905 4.09221839904785 4.09021663665771 4.08821964263916 4.08622360229492 4.08604192733765 4.08596086502075 4.08621120452881 4.08655977249146 4.08725452423096 4.08804750442505 4.08902072906494 4.0884222984314 4.08611011505127 4.08500814437866 4.08468914031982 4.0849232673645 4.08535671234131 4.09177780151367
4.46024560928345 4.40876531600952 4.35983562469482 4.38266086578369 4.41168451309204 4.40976333618164 4.40940046310425 4.41696453094482 4.39850950241089 4.31722784042358 4.25155448913574 4.20730876922607 4.17694520950317 4.15793943405151 4.14625549316406 4.13803911209106 4.13426351547241 4.13154888153076 4.13461875915527 4.13787269592285 4.13802576065063 4.13734769821167 4.13319444656372 4.1259183883667 4.11204957962036 4.10194778442383 4.09645080566406 4.09370279312134 4.09295701980591 4.09119606018066 4.08901453018188 4.08744382858276 4.08599328994751 4.08567810058594 4.08547735214233 4.08598327636719 4.08657884597778 4.08748817443848 4.08836603164673 4.08918523788452 4.08846426010132 4.0860652923584 4.08480453491211 4.08428001403809 4.08435964584351 4.08465576171875 4.0866813659668
4.35350847244263 4.32151460647583 4.2997932434082 4.31861591339111 4.34004926681519 4.31994152069092 4.30174922943115 4.29329824447632 4.26521635055542 4.18973398208618 4.14321041107178 4.13644504547119 4.13151550292969 4.12808895111084 4.12285661697388 4.1167688369751 4.11554193496704 4.11547613143921 4.11846208572388 4.12145280838013 4.12146425247192 4.12123203277588 4.11997699737549 4.11582612991333 4.10556125640869 4.09832954406738 4.09480476379395 4.09295701980591 4.09233045578003 4.0906662940979 4.08857202529907 4.08707857131958 4.08570289611816 4.08539533615112 4.08521366119385 4.08587503433228 4.08661508560181 4.08762979507446 4.08852672576904 4.08920431137085 4.08851957321167 4.08635139465332 4.08494281768799 4.08402633666992 4.08393001556396 4.08412837982178 4.08434152603149
4.28394603729248 4.25765752792358 4.24106645584106 4.25784778594971 4.27630233764648 4.24772357940674 4.22041797637939 4.1995906829834 4.17305374145508 4.13272905349731 4.10942316055298 4.10948038101196 4.10861539840698 4.10699558258057 4.10522365570068 4.10337972640991 4.10343837738037 4.10395097732544 4.10710430145264 4.1102180480957 4.11011362075806 4.10984659194946 4.10889768600464 4.10663938522339 4.10161828994751 4.09760141372681 4.09481239318848 4.09306383132935 4.0920729637146 4.09050512313843 4.088698387146 4.08702039718628 4.08536767959595 4.08517360687256 4.0851149559021 4.08585643768311 4.08666372299194 4.08770275115967 4.08856916427612 4.08911418914795 4.08858489990234 4.08688545227051 4.08533811569214 4.08388900756836 4.08360147476196 4.08373117446899 4.084068775177
4.23488855361938 4.21355772018433 4.19877147674561 4.20655679702759 4.21533870697021 4.18866634368896 4.16305303573608 4.14282894134521 4.12304878234863 4.10434007644653 4.09417152404785 4.09572839736938 4.09605407714844 4.09537220001221 4.09490346908569 4.09453582763672 4.09511423110962 4.09591913223267 4.0987696647644 4.10162925720215 4.10257625579834 4.10332059860229 4.1032190322876 4.10229778289795 4.09964561462402 4.09718322753906 4.09495306015015 4.09301376342773 4.09128665924072 4.08961534500122 4.08796739578247 4.0866641998291 4.0854287147522 4.08536005020142 4.08539009094238 4.08596706390381 4.08660936355591 4.08748149871826 4.08823347091675 4.08876276016235 4.08842134475708 4.0871319770813 4.08552885055542 4.0837230682373 4.08335590362549 4.08350563049316 4.08387422561646
4.19461965560913 4.17792558670044 4.16351938247681 4.15932703018188 4.15556764602661 4.13524961471558 4.11596012115479 4.10190153121948 4.0911111831665 4.08821439743042 4.08686447143555 4.08763885498047 4.08792400360107 4.08780813217163 4.08771753311157 4.08763933181763 4.08841037750244 4.08938455581665 4.09173107147217 4.09417533874512 4.09667253494263 4.09887742996216 4.09985542297363 4.10003232955933 4.09851741790771 4.09689807891846 4.09515142440796 4.09289693832397 4.09027290344238 4.08841276168823 4.08686923980713 4.08618021011353 4.08565998077393 4.08572149276733 4.08582496643066 4.08613300323486 4.086510181427 4.08713340759277 4.08773612976074 4.08829927444458 4.08816003799438 4.08725500106812 4.08563232421875 4.08354520797729 4.08314609527588 4.08335399627686 4.08371305465698
4.16492891311646 4.150794506073 4.13709497451782 4.12948560714722 4.12224817276001 4.10821104049683 4.09527254104614 4.08792066574097 4.08271932601929 4.0827112197876 4.08280897140503 4.08305263519287 4.08340454101562 4.08384561538696 4.08425426483154 4.08464765548706 4.08557653427124 4.08663368225098 4.08872509002686 4.09088277816772 4.09297704696655 4.09487295150757 4.09593677520752 4.09639549255371 4.09557676315308 4.0945258140564 4.09318923950195 4.0913348197937 4.08910322189331 4.08770513534546 4.08665227890015 4.08591079711914 4.08523082733154 4.08514547348022 4.08512306213379 4.08550119400024 4.08595085144043 4.08665323257446 4.08729934692383 4.08784246444702 4.08751583099365 4.08624219894409 4.08483505249023 4.08334255218506 4.08308553695679 4.0832724571228 4.08358716964722
4.13742733001709 4.12542295455933 4.11249732971191 4.10324192047119 4.09440183639526 4.08663034439087 4.08004760742188 4.07951498031616 4.07919836044312 4.07940578460693 4.07942628860474 4.07919120788574 4.07963275909424 4.08062791824341 4.08156061172485 4.08246326446533 4.08354330062866 4.08466577529907 4.0865535736084 4.08845138549805 4.08973836898804 4.09095907211304 4.09190273284912 4.09247446060181 4.09226179122925 4.09172105789185 4.09077978134155 4.08947324752808 4.08790111541748 4.08709955215454 4.08661794662476 4.08568572998047 4.08466529846191 4.08437538146973 4.08418560028076 4.08470439910889 4.08529663085938 4.08614492416382 4.08687543869019 4.08738660812378 4.08679246902466 4.08499383926392 4.08385181427002 4.08313465118408 4.08305549621582 4.0832052230835 4.08346843719482
4.11173963546753 4.10398149490356 4.09589290618896 4.09033966064453 4.08510971069336 4.08159732818604 4.07861042022705 4.07829666137695 4.07806062698364 4.07801103591919 4.07801103591919 4.07807922363281 4.07850503921509 4.0792236328125 4.08000946044922 4.08082628250122 4.08181571960449 4.08284616470337 4.08419322967529 4.0855393409729 4.08655977249146 4.08750772476196 4.0881495475769 4.08850288391113 4.08824682235718 4.08790588378906 4.08746194839478 4.08675670623779 4.08586120605469 4.08516550064087 4.08455228805542 4.08368873596191 4.08277654647827 4.08246278762817 4.08222723007202 4.08254098892212 4.08292102813721 4.08353614807129 4.08414125442505 4.08472633361816 4.08494091033936 4.08475208282471 4.08405208587646 4.08302068710327 4.08284139633179 4.08296823501587 4.08322048187256
4.08782196044922 4.08420181274414 4.08088254928589 4.07901334762573 4.07736539840698 4.07767200469971 4.07786655426025 4.07749223709106 4.07713842391968 4.0768346786499 4.07680654525757 4.07715559005737 4.07755374908447 4.07799243927002 4.07859754562378 4.0792818069458 4.08014822006226 4.08105850219727 4.08187246322632 4.08267831802368 4.08346366882324 4.08416700363159 4.08452463150024 4.08466863632202 4.08436298370361 4.08420562744141 4.08423089981079 4.08408451080322 4.08381319046021 4.08320713043213 4.08246231079102 4.08170032501221 4.08093500137329 4.0805983543396 4.08032369613647 4.08049488067627 4.0807089805603 4.08107233047485 4.08152389526367 4.0821385383606 4.08309602737427 4.08442687988281 4.08416748046875 4.0828800201416 4.08262348175049 4.08273792266846 4.08298063278198
4.08191251754761 4.08026885986328 4.07906818389893 4.07813262939453 4.07727098464966 4.07765579223633 4.0779333114624 4.07766199111938 4.07738161087036 4.0770788192749 4.07691192626953 4.07693099975586 4.07722187042236 4.07773447036743 4.07812929153442 4.07846832275391 4.07898330688477 4.07954072952271 4.08006429672241 4.08059215545654 4.08121824264526 4.08178997039795 4.08213329315186 4.08232831954956 4.08221054077148 4.08221101760864 4.08235645294189 4.08229112625122 4.08207321166992 4.08162593841553 4.08108425140381 4.08064746856689 4.08023166656494 4.07979822158813 4.07948541641235 4.08035850524902 4.08105945587158 4.08115530014038 4.08126020431519 4.08138275146484 4.08186101913452 4.08272743225098 4.08281707763672 4.08240365982056 4.08244705200195 4.08265447616577 4.08288526535034
4.07726144790649 4.07715225219727 4.07751893997192 4.07738876342773 4.07723045349121 4.07767629623413 4.07800531387329 4.07774066925049 4.07747220993042 4.07719469070435 4.07695198059082 4.07675695419312 4.07693815231323 4.07742786407471 4.0776252746582 4.0776834487915 4.07789516448975 4.07814264297485 4.07841014862061 4.07869005203247 4.07913875579834 4.07955694198608 4.07984924316406 4.0800518989563 4.08006715774536 4.08017730712891 4.08040380477905 4.08043575286865 4.08032608032227 4.08008098602295 4.07978057861328 4.07965326309204 4.07956075668335 4.0791802406311 4.0789589881897 4.08039665222168 4.08148860931396 4.08136653900146 4.08118295669556 4.08088493347168 4.08094263076782 4.08138847351074 4.08173036575317 4.08200550079346 4.08228969573975 4.08257722854614 4.08280038833618
4.07722187042236 4.07702922821045 4.0769419670105 4.07714605331421 4.07738780975342 4.07782983779907 4.07809829711914 4.07748365402222 4.07700204849243 4.07684087753296 4.07675266265869 4.07676601409912 4.07683181762695 4.07694053649902 4.07698822021484 4.07700634002686 4.07708692550659 4.07718229293823 4.07731819152832 4.07746124267578 4.07766675949097 4.07785272598267 4.07795667648315 4.07801008224487 4.07795572280884 4.07799959182739 4.07816410064697 4.07835054397583 4.07855319976807 4.07866954803467 4.07874965667725 4.07887506484985 4.07900857925415 4.07923221588135 4.07957649230957 4.08107471466064 4.08220624923706 4.08204984664917 4.08178901672363 4.08133506774902 4.08118629455566 4.08136892318726 4.08161163330078 4.08189296722412 4.08220338821411 4.08252477645874 4.0827522277832
