Ecospace-environmental-drivers/Outputs/ASCII-for-ecospace/MOM6-ISIMIP3a/tob/1994-01_tob_MOM6-ISIMIP3a.asc
NCOLS 131 
NROWS 53 
XLLCORNER -98 
YLLCORNER 23.9265270233154 
CELLSIZE 0.133587792515755 
NODATA_value -9999 
[rows 0 to 20 of 53, columns 47 to 93 of 131]
-9999 -9999 -9999 -9999 -9999 -9999 -9999 -9999 -9999 -9999 -9999 -9999 -9999 -9999 -9999 -9999 -9999 -9999 -9999 -9999 -9999 -9999 -9999 -9999 -9999 -9999 -9999 -9999 -9999 -9999 -9999 -9999 -9999 -9999 -9999 -9999 -9999 -9999 -9999 -9999 -9999 -9999 -9999 -9999 -9999 -9999 -9999
-9999 -9999 -9999 -9999 -9999 -9999 -9999 -9999 -9999 -9999 -9999 -9999 -9999 -9999 -9999 -9999 -9999 -9999 -9999 -9999 -9999 -9999 -9999 -9999 -9999 -9999 -9999 -9999 -9999 -9999 -9999 -9999 -9999 -9999 -9999 -9999 -9999 -9999 -9999 -9999 -9999 -9999 -9999 -9999 -9999 -9999 -9999
-9999 -9999 -9999 -9999 -9999 -9999 -9999 -9999 -9999 -9999 -9999 -9999 -9999 -9999 -9999 -9999 -9999 -9999 -9999 -9999 -9999 -9999 -9999 -9999 -9999 -9999 -9999 13.3331871032715 13.0041618347168 -9999 -9999 -9999 -9999 -9999 -9999 -9999 -9999 -9999 -9999 -9999 -9999 -9999 -9999 -9999 -9999 -9999 -9999
-9999 -9999 -9999 -9999 -9999 -9999 -9999 -9999 -9999 -9999 -9999 -9999 -9999 -9999 -9999 -9999 -9999 -9999 -9999 -9999 -9999 -9999 -9999 -9999 -9999 -9999 -9999 13.2852249145508 12.9246215820312 -9999 -9999 -9999 -9999 -9999 -9999 -9999 -9999 -9999 -9999 -9999 -9999 -9999 -9999 -9999 -9999 -9999 -9999
-9999 -9999 -9999 -9999 -9999 -9999 -9999 -9999 -9999 -9999 -9999 -9999 -9999 -9999 -9999 -9999 -9999 -9999 13.5902070999146 13.6671504974365 13.7287044525146 14.0877647399902 14.3653955459595 14.7487497329712 14.7678022384644 14.3683576583862 13.7937631607056 13.2070207595825 12.8548898696899 12.7119550704956 -9999 -9999 13.82799243927 14.7493839263916 15.817310333252 16.7204704284668 17.1522636413574 17.1478099822998 16.7146377563477 16.110523223877 15.325475692749 14.536060333252 -9999 -9999 -9999 -9999 -9999
-9999 -9999 -9999 -9999 -9999 -9999 -9999 -9999 -9999 -9999 -9999 -9999 -9999 -9999 13.9149799346924 -9999 13.614070892334 13.3632211685181 13.5445489883423 13.5902070999146 13.6825389862061 13.7287044525146 14.4468259811401 14.9206562042236 14.8787679672241 14.503981590271 13.7223234176636 13.1549844741821 12.7437543869019 12.6659297943115 12.7261810302734 13.1311130523682 13.6038007736206 14.7490634918213 15.8952875137329 16.807580947876 17.4585456848145 17.1906642913818 16.7942218780518 16.1590270996094 15.378321647644 14.4390773773193 13.7907829284668 13.3307476043701 -9999 -9999 -9999
-9999 -9999 -9999 -9999 -9999 -9999 -9999 -9999 -9999 -9999 17.2552337646484 17.2427635192871 17.2428493499756 17.2661399841309 15.6257801055908 13.9513988494873 13.8785610198975 13.6004304885864 13.3632211685181 13.6802186965942 13.5902070999146 13.7287044525146 14.4468259811401 14.9206562042236 14.8787679672241 14.503981590271 13.7223234176636 13.1549844741821 12.7437543869019 12.6659297943115 12.7261810302734 13.1311130523682 13.6038007736206 14.7490634918213 15.8952875137329 16.807580947876 17.4585456848145 17.1906642913818 16.7942218780518 16.1590270996094 15.378321647644 14.4390773773193 13.7907829284668 13.3307476043701 13.2091684341431 13.8868761062622 -9999
-9999 -9999 -9999 -9999 -9999 -9999 -9999 -9999 -9999 -9999 17.3220920562744 17.2552337646484 17.2302932739258 -9999 17.3251037597656 15.7308139801025 14.0242366790771 13.8785610198975 13.5595083236694 13.3632211685181 14.0872268676758 14.8627347946167 15.8537845611572 16.5344371795654 16.5598163604736 16.1717414855957 15.2783374786377 14.5830373764038 14.0320339202881 13.9429903030396 14.0452604293823 14.6026077270508 15.2494125366211 16.1094551086426 16.9557628631592 17.5907363891602 18.0126819610596 17.6856060028076 17.2892150878906 16.7641010284424 16.0977668762207 15.2775726318359 14.723069190979 14.3404808044434 14.2312488555908 14.2202110290527 14.0350980758667
-9999 -9999 -9999 -9999 -9999 -9999 -9999 -9999 -9999 -9999 -9999 -9999 -9999 -9999 17.2684783935547 17.5014781951904 15.9813165664673 14.1699123382568 13.8785610198975 13.4367418289185 14.7864952087402 16.1233005523682 17.4059200286865 18.3070507049561 18.4028301239014 18.0023403167725 16.9953079223633 16.1647262573242 15.46266746521 15.3641157150269 15.5154972076416 16.2313747406006 17.0582160949707 17.5684814453125 18.0523338317871 18.3927154541016 18.5761699676514 18.2078533172607 17.8286437988281 17.4292049407959 16.894437789917 16.2122249603271 15.76096534729 15.4591426849365 14.9309024810791 14.321328163147 13.9603805541992
12.9930992126465 -9999 -9999 -9999 -9999 -9999 -9999 -9999 -9999 -9999 17.1076717376709 17.3906211853027 -9999 -9999 -9999 17.3947277069092 17.9542331695557 16.5091514587402 14.4612636566162 14.606725692749 16.0277614593506 17.4017066955566 18.5785751342773 19.383092880249 19.4015483856201 19.0685997009277 18.3061656951904 17.5748710632324 16.8662586212158 16.8587913513184 17.141695022583 17.6480808258057 18.1983966827393 17.241231918335 16.3693237304688 16.8756141662598 17.3638229370117 17.788444519043 18.0086898803711 17.8493881225586 17.5986881256104 17.2484092712402 16.8674335479736 16.4665946960449 15.8001403808594 15.0382738113403 14.33509349823
13.0084476470947 13.0107135772705 -9999 -9999 -9999 -9999 -9999 -9999 -9999 -9999 17.147741317749 17.8087310791016 17.3906211853027 -9999 -9999 17.0557155609131 17.8732318878174 18.9337539672852 17.3989429473877 15.8898258209229 17.3497047424316 18.719970703125 19.7151947021484 20.3761596679688 20.3314800262451 20.0707664489746 19.5460186004639 18.9279975891113 18.242036819458 18.1831321716309 18.3839130401611 18.4233589172363 18.4310913085938 16.3586368560791 14.4677286148071 15.1028509140015 15.848313331604 16.9817352294922 17.7912998199463 17.9994201660156 18.119665145874 18.1441669464111 17.8697395324707 17.4018955230713 16.6266384124756 15.7409543991089 14.7765712738037
13.0084476470947 13.0152444839478 13.4680776596069 13.7462615966797 -9999 -9999 -9999 -9999 -9999 -9999 -9999 18.2714729309082 18.3589706420898 17.3906211853027 17.2552337646484 17.0557155609131 17.8732318878174 18.9337539672852 18.3482112884521 17.7796649932861 19.1043968200684 20.2520370483398 20.6585292816162 20.9241676330566 20.8924541473389 20.7291488647461 20.4050121307373 19.9752807617188 19.4686393737793 18.593822479248 17.5665340423584 15.7581396102905 13.796199798584 12.4972591400146 11.3936853408813 11.95876121521 12.7067060470581 14.0976314544678 15.4421329498291 16.7004222869873 17.6575965881348 18.2866973876953 18.3133506774902 17.9501895904541 17.2238826751709 16.3671283721924 15.5761642456055
13.1750831604004 13.4059715270996 13.6982831954956 13.7528104782104 -9999 -9999 -9999 -9999 14.9331979751587 15.860424041748 17.0800514221191 18.7011032104492 19.0332641601562 18.3108901977539 17.9499931335449 17.7603206634521 18.3854007720947 19.205150604248 19.2742595672607 19.3592491149902 20.4259223937988 21.2526569366455 21.0752296447754 20.8105430603027 20.3616485595703 19.8750381469727 19.3423290252686 18.8131408691406 18.2865123748779 16.9312324523926 15.23277759552 12.5850114822388 9.75063323974609 9.24249172210693 8.9154634475708 9.51613807678223 10.3237047195435 11.8587160110474 13.5170640945435 15.4044628143311 16.9247665405273 18.045108795166 18.4405174255371 18.3668594360352 17.8469181060791 17.1666641235352 16.5254573822021
13.7583141326904 13.7394170761108 13.7266149520874 13.7528104782104 13.787691116333 13.9492645263672 14.1349782943726 14.4434900283813 14.9331979751587 15.860424041748 17.0800514221191 18.7011032104492 19.7410545349121 20.3055629730225 20.3816890716553 20.2264804840088 20.178014755249 20.1550540924072 20.142261505127 20.1631774902344 20.6645069122314 20.9246368408203 20.1753196716309 19.0428066253662 17.1013374328613 15.2396154403687 13.4753637313843 12.1273212432861 11.0824394226074 10.0853290557861 9.10800075531006 8.14208221435547 7.17840719223022 7.50428056716919 7.92682600021362 8.8272180557251 9.83725547790527 11.2328090667725 12.6522626876831 14.1161022186279 15.5150203704834 16.843204498291 17.7765655517578 18.4544563293457 18.534423828125 18.3996105194092 17.8490123748779
14.7704315185547 14.5670671463013 14.320839881897 14.2500638961792 14.2060890197754 14.4008264541626 14.6296014785767 15.0315141677856 15.6249761581421 16.6809520721436 17.8892955780029 19.3068180084229 20.5271911621094 21.5862636566162 21.8584632873535 21.7579383850098 21.3928413391113 20.964527130127 20.6557312011719 20.3349723815918 19.7205772399902 18.9481544494629 17.514368057251 15.7572202682495 13.3174333572388 11.0417098999023 8.96650505065918 7.45083999633789 6.3427357673645 5.70301151275635 5.25725984573364 5.33111953735352 5.50712299346924 6.38485622406006 7.30512714385986 8.38707065582275 9.51212501525879 10.7887573242188 12.0280342102051 13.1979370117188 14.4468278884888 15.7817802429199 17.0189685821533 18.1928997039795 18.784969329834 19.1680240631104 18.8299694061279
16.3889141082764 16.0934314727783 15.7151365280151 15.4503421783447 15.2160234451294 15.4908151626587 15.8235311508179 16.4508972167969 17.2948017120361 18.6615562438965 19.8426628112793 20.7688999176025 21.4240970611572 21.857536315918 21.9851512908936 21.967903137207 21.7907810211182 21.57546043396 20.6679553985596 19.6130466461182 17.1047878265381 14.6410465240479 12.3636255264282 10.3256750106812 8.79326725006104 7.4623703956604 6.37775993347168 5.61519336700439 5.08719825744629 4.80375528335571 4.62158918380737 4.82745838165283 5.10960531234741 6.14028310775757 7.2022123336792 8.29864025115967 9.41506862640381 10.6018171310425 11.743932723999 12.8031587600708 13.8615303039551 14.9189720153809 16.128978729248 17.4377040863037 18.4177265167236 19.2796764373779 19.3265514373779
17.9052314758301 17.7245025634766 17.4703350067139 17.1027927398682 16.7477684020996 17.0440139770508 17.4037742614746 18.0866241455078 18.909200668335 20.0691623687744 20.9765090942383 21.5370540618896 21.541187286377 21.0900783538818 20.8220119476318 20.6406497955322 20.5768070220947 20.5410423278809 18.8253173828125 16.9130268096924 13.8195142745972 10.9141073226929 8.79593658447266 7.06946659088135 6.16990566253662 5.45375919342041 4.96178388595581 4.63463401794434 4.42754125595093 4.333740234375 4.28685760498047 4.55898952484131 4.89383125305176 5.95036554336548 7.02467441558838 8.01153373718262 9.01454544067383 10.0743532180786 11.1262331008911 12.1633911132812 13.1665744781494 14.1327409744263 15.281831741333 16.5492820739746 17.765832901001 18.9641017913818 19.3887329101562
19.3355121612549 19.4437522888184 19.5294532775879 19.136022567749 18.718936920166 18.9872894287109 19.3093376159668 19.9045372009277 20.4769268035889 20.994234085083 21.4202213287354 21.7208385467529 21.001579284668 19.447883605957 18.5726852416992 18.0188751220703 18.0054054260254 18.1210422515869 15.4206647872925 12.5472145080566 9.970458984375 7.67573928833008 6.56136846542358 5.64515018463135 5.14724636077881 4.76788854598999 4.53341817855835 4.3741602897644 4.2696852684021 4.22519779205322 4.20555305480957 4.48858070373535 4.8311071395874 5.80647563934326 6.78429508209229 7.5571174621582 8.3584680557251 9.26012706756592 10.2276048660278 11.3173141479492 12.3792734146118 13.4109992980957 14.4707622528076 15.5486660003662 16.8742294311523 18.2887535095215 19.0851001739502
20.1921195983887 20.3617210388184 20.5216999053955 20.2798614501953 20.0140075683594 20.2101955413818 20.4397449493408 20.8389987945557 21.1879749298096 21.4155445098877 21.6137428283691 21.7716217041016 20.3394050598145 17.6062183380127 15.7449655532837 14.2967309951782 14.1206760406494 14.2485866546631 12.0525884628296 9.72567462921143 7.81697177886963 6.14936351776123 5.49075651168823 4.95316457748413 4.67104387283325 4.46087408065796 4.33864259719849 4.25479984283447 4.19891881942749 4.17499113082886 4.16429662704468 4.37699699401855 4.63361167907715 5.39279985427856 6.15322732925415 6.74394750595093 7.39949083328247 8.282958984375 9.19520568847656 10.1608991622925 11.1404724121094 12.1351680755615 13.1526641845703 14.1849117279053 15.4740123748779 16.8553791046143 17.9088726043701
20.7679882049561 20.8875675201416 20.9918460845947 20.9884567260742 20.9782180786133 21.0805759429932 21.1908111572266 21.3411235809326 21.4797897338867 21.5903263092041 21.6848297119141 21.7573165893555 19.6172504425049 15.666934967041 12.6341981887817 10.0360984802246 9.59323978424072 9.6653413772583 8.70241260528564 7.65985536575317 6.49324655532837 5.46078634262085 4.98975086212158 4.61956024169922 4.46226167678833 4.33926057815552 4.2581787109375 4.20449638366699 4.17077112197876 4.15333271026611 4.14263916015625 4.24526357650757 4.37016296386719 4.84709882736206 5.33096837997437 5.75521326065063 6.2922830581665 7.22605037689209 8.09734344482422 8.85261535644531 9.6807222366333 10.5881834030151 11.5864410400391 12.6434478759766 13.824896812439 15.0510473251343 16.3056259155273
21.1508369445801 21.2170543670654 21.2728672027588 21.3027477264404 21.3200244903564 21.0686874389648 20.8459911346436 20.7689895629883 20.5302925109863 19.9011650085449 19.385721206665 19.0263500213623 17.011266708374 13.6415271759033 10.9254846572876 8.51908397674561 7.85203456878662 7.60057401657104 7.11011600494385 6.58440494537354 5.78455591201782 5.07355928421021 4.73441743850708 4.47086572647095 4.36689043045044 4.28328704833984 4.22458267211914 4.18284702301025 4.15347146987915 4.13806581497192 4.12844562530518 4.17360687255859 4.22953701019287 4.48323202133179 4.74374866485596 4.99935340881348 5.35182619094849 6.04489040374756 6.69579601287842 7.26840972900391 7.97224998474121 8.81906604766846 9.72706317901611 10.6746492385864 11.6988229751587 12.7505083084106 14.0865430831909
