Ecospace-environmental-drivers/Outputs/ASCII-for-ecospace/MOM6-ISIMIP3a/tob/1994-09_tob_MOM6-ISIMIP3a.asc
NCOLS 131 
NROWS 53 
XLLCORNER -98 
YLLCORNER 23.9265270233154 
CELLSIZE 0.133587792515755 
NODATA_value -9999 
[rows 21 to 41 of 53, columns 0 to 46 of 131]
-9999 -9999 -9999 -9999 -9999 -9999 29.4203853607178 29.4218215942383 29.401912689209 29.3985137939453 29.2921028137207 29.5667514801025 29.4977645874023 29.2922706604004 29.0463428497314 28.7537574768066 28.3703231811523 27.9245014190674 27.2846584320068 26.569896697998 25.9792041778564 25.4104080200195 25.1156101226807 24.8438529968262 24.7140998840332 24.5736503601074 24.3985137939453 24.2378635406494 24.1024951934814 24.0048561096191 23.9460391998291 23.8813209533691 23.8130054473877 23.6639347076416 23.4879455566406 23.4134140014648 23.3531398773193 23.3254470825195 23.289794921875 23.203462600708 23.1264209747314 23.0752429962158 23.0353698730469 23.0129680633545 22.9778060913086 22.93092918396 22.7886867523193
-9999 -9999 -9999 -9999 -9999 -9999 29.4145679473877 29.4203853607178 29.4232597351074 29.3654918670654 29.3985137939453 28.9110450744629 28.3811893463135 27.7674560546875 27.3641929626465 27.2037792205811 26.9118824005127 26.5296878814697 25.6135501861572 24.4912376403809 23.2714958190918 22.0345611572266 21.5738391876221 21.156229019165 20.956226348877 20.8388843536377 20.989559173584 21.2328681945801 21.6378402709961 22.0533695220947 22.4797668457031 22.7213573455811 22.8503665924072 22.8970527648926 22.9162979125977 22.8494739532471 22.7628879547119 21.5830764770508 20.4737110137939 19.8129806518555 19.3433780670166 19.4058265686035 19.44801902771 19.4589023590088 19.500675201416 19.5707969665527 19.3069763183594
-9999 -9999 -9999 -9999 29.480447769165 29.4323291778564 29.4199333190918 29.4033832550049 29.4203853607178 29.4261322021484 29.2169342041016 28.1850242614746 27.1613960266113 26.1541519165039 25.5694007873535 25.4721393585205 25.2054882049561 24.8225116729736 23.6213512420654 22.1042633056641 20.2750358581543 18.3907260894775 17.7833194732666 17.2374687194824 16.9715538024902 16.8770446777344 17.3383026123047 17.9666328430176 18.8865222930908 19.7972202301025 20.6984615325928 21.2636623382568 21.6241474151611 21.8980445861816 22.1430816650391 22.0878276824951 21.9750099182129 19.6301975250244 17.43869972229 16.2235469818115 15.3720026016235 15.5326623916626 15.6446294784546 15.6813440322876 15.7950143814087 15.9793128967285 15.6002902984619
-9999 -9999 -9999 -9999 29.5948371887207 29.4746932983398 29.4447250366211 29.4199333190918 29.3698310852051 28.7321662902832 27.9657955169678 26.7067928314209 25.6060180664062 24.8183326721191 23.6667499542236 22.0952892303467 20.4226093292236 18.6804218292236 17.1549816131592 15.7132349014282 14.3298492431641 12.9567613601685 12.8937034606934 12.854907989502 12.7792587280273 12.7792568206787 13.0245332717896 13.335244178772 13.7601442337036 14.2990646362305 14.9553108215332 15.6883926391602 16.468282699585 17.0839290618896 17.6448287963867 17.6319999694824 17.5248413085938 15.3283748626709 13.3351411819458 12.636157989502 12.0954532623291 11.995361328125 11.9017686843872 11.8182191848755 11.8179712295532 11.8941783905029 11.5318622589111
-9999 -9999 -9999 -9999 -9999 29.5948371887207 29.4392738342285 29.469518661499 29.247537612915 27.9693145751953 26.6694602966309 25.2868061065674 24.0701503753662 23.1819553375244 21.4261493682861 18.6692562103271 15.8938550949097 13.1057443618774 11.404881477356 10.1238441467285 9.17737579345703 8.28994941711426 8.64164638519287 8.98878479003906 9.07181739807129 9.14260387420654 9.17368221282959 9.20391368865967 9.23266887664795 9.47583675384521 9.93963146209717 10.7686738967896 11.8202219009399 12.6382026672363 13.3783273696899 13.3922262191772 13.2926359176636 11.3699531555176 9.67213249206543 9.40630054473877 9.13428020477295 8.84503078460693 8.6063175201416 8.44570541381836 8.34980487823486 8.31329727172852 7.97381496429443
-9999 -9999 -9999 -9999 -9999 29.579553604126 29.5948371887207 29.2728080749512 28.8106861114502 26.904411315918 25.1749420166016 24.1222095489502 22.6198291778564 20.227725982666 17.7037391662598 15.0275793075562 12.479362487793 10.0190095901489 8.79542827606201 8.04940986633301 7.500732421875 6.98687887191772 7.18511343002319 7.3870906829834 7.49031829833984 7.52789258956909 7.35259008407593 7.26519632339478 7.33120965957642 7.61197519302368 8.11371612548828 8.72336196899414 9.39874362945557 9.80776119232178 10.1279907226562 10.099796295166 10.0161399841309 8.9172534942627 7.94080877304077 7.74412059783936 7.55594301223755 7.39145660400391 7.27263498306274 7.22438478469849 7.11291694641113 6.94342708587646 6.65364551544189
-9999 -9999 29.5459327697754 29.5499114990234 29.554126739502 29.5642528533936 29.5795726776123 28.9772205352783 28.2162265777588 25.9760265350342 23.9856491088867 22.9514770507812 21.0557880401611 17.4553985595703 14.3776693344116 11.9030075073242 9.68792629241943 7.65111112594604 6.81550645828247 6.44373464584351 6.19662809371948 5.97152090072632 6.05116748809814 6.14016246795654 6.25145244598389 6.270432472229 5.99010515213013 5.84278249740601 5.92756652832031 6.21794891357422 6.71988868713379 7.12782526016235 7.47849655151367 7.59010124206543 7.62201833724976 7.55049467086792 7.46196603775024 6.99698781967163 6.57404184341431 6.41877222061157 6.27907657623291 6.18273448944092 6.12417697906494 6.12401342391968 6.00990104675293 5.79120683670044 5.57334518432617
-9999.000000000000000 -9999 -9999 -9999 29.5313568115234 29.544002532959 29.5346698760986 28.465892791748 27.2778835296631 25.3455066680908 23.4623107910156 21.7673587799072 19.2436218261719 15.0799531936646 11.916356086731 9.90668296813965 8.25590801239014 6.8516058921814 6.20912933349609 5.86082172393799 5.70535039901733 5.58390855789185 5.62105894088745 5.66728115081787 5.76016187667847 5.79244184494019 5.62823104858398 5.54686880111694 5.61008405685425 5.84903478622437 6.26881408691406 6.51362991333008 6.65185976028442 6.70944023132324 6.74013757705688 6.62259149551392 6.48378992080688 6.23841714859009 6.00268459320068 5.82834196090698 5.65997505187988 5.50824451446533 5.37985420227051 5.28753566741943 5.19897603988647 5.11386680603027 5.0164041519165
-9999 -9999 -9999 -9999 29.5005970001221 29.4858150482178 29.494119644165 28.1520919799805 26.7095603942871 24.921854019165 22.9605560302734 20.334831237793 17.1881904602051 13.0108060836792 10.0185413360596 8.39371681213379 7.18189191818237 6.25369310379028 5.74060344696045 5.3878026008606 5.27609300613403 5.20692825317383 5.22568702697754 5.25366687774658 5.34243869781494 5.39512538909912 5.33080816268921 5.30319356918335 5.33962726593018 5.5133204460144 5.82825183868408 5.94318723678589 5.93628740310669 5.9580602645874 5.98939037322998 5.86380004882812 5.71673440933228 5.59919023513794 5.4755539894104 5.31312322616577 5.15294504165649 4.99903631210327 4.85973167419434 4.74299669265747 4.68201065063477 4.67219114303589 4.64176893234253
-9999 -9999 -9999 -9999 29.4788932800293 29.4719734191895 29.4634284973145 28.0867919921875 26.6067485809326 24.7584552764893 22.4859561920166 18.5897827148438 14.8267107009888 11.3270072937012 8.8296537399292 7.48885536193848 6.55827140808105 5.90939950942993 5.44550561904907 5.05303859710693 4.92486190795898 4.84332418441772 4.87401723861694 4.91461515426636 5.01727056503296 5.09930324554443 5.1144700050354 5.12523889541626 5.12833261489868 5.2193751335144 5.40091466903687 5.42778921127319 5.36044311523438 5.3693265914917 5.40362024307251 5.31776523590088 5.21528482437134 5.11010646820068 5.00406503677368 4.89252758026123 4.78690910339355 4.69776678085327 4.62167167663574 4.56574058532715 4.53487014770508 4.52699995040894 4.49649000167847
-9999 -9999 -9999 -9999 29.4719734191895 29.4616298675537 29.4494857788086 28.3404121398926 27.1063480377197 25.0910453796387 22.6111354827881 18.3528995513916 14.294451713562 10.6313276290894 8.08849239349365 6.838294506073 6.03734445571899 5.54491281509399 5.16205024719238 4.82149648666382 4.70179796218872 4.62107372283936 4.66014385223389 4.70769119262695 4.80402374267578 4.88917922973633 4.93809223175049 4.96895456314087 4.96831703186035 5.00006246566772 5.06513071060181 5.04702806472778 4.97825908660889 4.97000312805176 4.98191785812378 4.93132162094116 4.87193155288696 4.79116058349609 4.71061849594116 4.63153553009033 4.560546875 4.51209115982056 4.47402858734131 4.45202779769897 4.4388632774353 4.43380928039551 4.40267086029053
-9999 -9999 -9999 -9999 29.4610290527344 29.4494857788086 28.8449363708496 28.8332271575928 28.0577621459961 25.7956352233887 23.1861553192139 19.2471542358398 15.1341276168823 10.6767482757568 7.68312978744507 6.3784613609314 5.59343862533569 5.16528034210205 4.88732624053955 4.66737127304077 4.5748610496521 4.50484085083008 4.5496187210083 4.59986352920532 4.674720287323 4.74333000183105 4.79168558120728 4.82892370223999 4.84676074981689 4.83672618865967 4.79801225662231 4.76724624633789 4.74132251739502 4.71273851394653 4.68326807022095 4.66457271575928 4.64715147018433 4.59981966018677 4.55070686340332 4.49024772644043 4.43894100189209 4.4131121635437 4.39419889450073 4.38597202301025 4.38120746612549 4.37962007522583 4.34744739532471
-9999 -9999 -9999 -9999 29.4494857788086 29.010404586792 28.8298225402832 28.7566223144531 28.5704536437988 26.6171226501465 24.3329620361328 20.7825260162354 16.5642509460449 11.0245122909546 7.47599124908447 6.225022315979 5.4644341468811 5.04061317443848 4.77909135818481 4.58023929595947 4.50389051437378 4.44915962219238 4.46397304534912 4.4813117980957 4.50700521469116 4.53533315658569 4.57220268249512 4.60849905014038 4.64379644393921 4.64450120925903 4.60961055755615 4.58300352096558 4.56144285202026 4.52627849578857 4.48657941818237 4.48424100875854 4.48690700531006 4.46746063232422 4.44497060775757 4.40310192108154 4.36571788787842 4.3408203125 4.32521963119507 4.32398843765259 4.32115936279297 4.31686353683472 4.28828954696655
-9999 -9999 -9999 -9999 -9999 28.9285659790039 28.9173698425293 28.8996200561523 28.8951187133789 27.488712310791 25.7248268127441 22.5926628112793 18.2474250793457 11.5018539428711 7.35380697250366 6.20289659500122 5.47038984298706 5.02521896362305 4.74221038818359 4.5218186378479 4.45690584182739 4.41942977905273 4.38899040222168 4.35816335678101 4.32282829284668 4.30070114135742 4.32140016555786 4.35361957550049 4.40594244003296 4.43989515304565 4.45494508743286 4.43970680236816 4.40601682662964 4.37016344070435 4.33358907699585 4.34094572067261 4.35432100296021 4.36037921905518 4.36245346069336 4.33915996551514 4.31323099136353 4.2799654006958 4.26089143753052 4.26374959945679 4.26008558273315 4.2504358291626 4.22744560241699
-9999 -9999 -9999 -9999 -9999 29.0268440246582 29.0385036468506 29.0958652496338 28.9997234344482 27.8080768585205 26.2406940460205 23.2351589202881 18.8475551605225 11.7252244949341 7.4035325050354 6.31333589553833 5.58973598480225 5.11789417266846 4.78184127807617 4.4982213973999 4.40540790557861 4.34626579284668 4.29741382598877 4.25034046173096 4.21620798110962 4.19317770004272 4.2061448097229 4.22696781158447 4.26149845123291 4.28794193267822 4.30606365203857 4.29992055892944 4.27899503707886 4.25446128845215 4.22872495651245 4.23653936386108 4.2490382194519 4.26803016662598 4.2830023765564 4.27237319946289 4.25684499740601 4.22768115997314 4.21064615249634 4.21235466003418 4.20808792114258 4.19833707809448 4.18195486068726
-9999 -9999 -9999 -9999 -9999 29.0929832458496 29.1246604919434 29.1200275421143 29.0587978363037 28.01318359375 26.5753173828125 23.6360683441162 19.2236003875732 11.8960494995117 7.48882579803467 6.45120286941528 5.73254299163818 5.23292970657349 4.83730268478394 4.48182916641235 4.35297632217407 4.26411485671997 4.20240449905396 4.14568758010864 4.12563371658325 4.11195230484009 4.11893463134766 4.12684631347656 4.13638162612915 4.14688301086426 4.15837907791138 4.16086053848267 4.15784978866577 4.14712047576904 4.13381767272949 4.14017963409424 4.14940404891968 4.17872953414917 4.20418548583984 4.20499706268311 4.19965267181396 4.17717027664185 4.16331434249878 4.1627893447876 4.15796756744385 4.14920282363892 4.13964080810547
-9999 -9999 -9999 -9999 -9999 -9999 29.1157855987549 29.1580867767334 29.044002532959 27.5898857116699 25.8567142486572 23.05544090271 18.8300380706787 11.7866811752319 7.58081245422363 6.64896011352539 5.93528270721436 5.37143564224243 4.8927788734436 4.44701719284058 4.29388475418091 4.19239282608032 4.14897489547729 4.11024570465088 4.09998559951782 4.09289789199829 4.0960955619812 4.0996675491333 4.10389423370361 4.10879850387573 4.11440134048462 4.11606216430664 4.11532163619995 4.11040353775024 4.10409212112427 4.10762166976929 4.11260509490967 4.13055372238159 4.14672994613647 4.15161752700806 4.15180110931396 4.13888931274414 4.13038349151611 4.1286883354187 4.12496709823608 4.11938667297363 4.11294174194336
-9999 -9999 -9999 -9999 -9999 -9999 29.0640926361084 29.069242477417 29.0085220336914 27.1414051055908 25.0940189361572 22.3566398620605 18.2899856567383 11.5930700302124 7.62801599502563 6.81510066986084 6.11641454696655 5.49617481231689 4.94219446182251 4.41379928588867 4.23841094970703 4.12531805038452 4.1008243560791 4.08053541183472 4.07912397384644 4.07800626754761 4.07784223556519 4.07780170440674 4.0779767036438 4.07817935943604 4.07841205596924 4.07890844345093 4.07956600189209 4.07962656021118 4.0794882774353 4.0803394317627 4.08136606216431 4.08770322799683 4.09426641464233 4.10226535797119 4.10712957382202 4.10326623916626 4.09990501403809 4.09731912612915 4.0947904586792 4.09231424331665 4.08869075775146
-9999 -9999 -9999 -9999 -9999 -9999 28.9970474243164 28.9649505615234 28.7876682281494 26.7244644165039 24.3640575408936 20.8660907745361 16.5549278259277 10.6346797943115 7.19432497024536 6.61537885665894 6.03843116760254 5.46285533905029 4.92695760726929 4.40638065338135 4.22470664978027 4.10283851623535 4.08911561965942 4.07891225814819 4.07830333709717 4.07782316207886 4.07776117324829 4.07776737213135 4.07789182662964 4.07800388336182 4.07810354232788 4.07827711105347 4.07849550247192 4.0784797668457 4.07838582992554 4.07885599136353 4.07941818237305 4.08201599121094 4.0848503112793 4.089186668396 4.09191370010376 4.09015989303589 4.08870410919189 4.08770751953125 4.08656072616577 4.08527565002441 4.08308982849121
-9999 -9999 -9999 -9999 -9999 29.3935260772705 28.9171600341797 28.9569492340088 28.3666248321533 26.2427349090576 23.6769905090332 19.4200191497803 14.8725395202637 9.75022888183594 6.803635597229 6.36747932434082 5.87758922576904 5.35079765319824 4.85634469985962 4.37437915802002 4.20208787918091 4.08444452285767 4.07967519760132 4.07762575149536 4.07764673233032 4.07767534255981 4.0777268409729 4.07779026031494 4.0778751373291 4.07791996002197 4.07792282104492 4.07783365249634 4.07768821716309 4.07759141921997 4.07751035690308 4.07764101028442 4.07779741287231 4.07751035690308 4.07744264602661 4.07876873016357 4.07970571517944 4.07955932617188 4.0795750617981 4.07984256744385 4.07979345321655 4.07945346832275 4.07853126525879
-9999 -9999 -9999 -9999 29.3336029052734 29.3121814727783 29.3935260772705 28.3532104492188 27.2115478515625 25.5234489440918 23.1472034454346 18.1370296478271 13.3832740783691 9.13689613342285 6.57062196731567 5.94292449951172 5.41292905807495 4.95003032684326 4.58268594741821 4.25223875045776 4.14678287506104 4.08103036880493 4.07855081558228 4.07757568359375 4.07759380340576 4.07765626907349 4.07786273956299 4.07802486419678 4.0781102180481 4.07817268371582 4.07821130752563 4.07808017730713 4.07784605026245 4.07764959335327 4.07746505737305 4.07741117477417 4.07737493515015 4.07733631134033 4.07739925384521 4.07810640335083 4.07852602005005 4.07814455032349 4.07804489135742 4.07838153839111 4.07838773727417 4.07809019088745 4.07779598236084
