Ecospace-environmental-drivers/Outputs/ASCII-for-ecospace/MOM6-ISIMIP3a/tob/1994-05_tob_MOM6-ISIMIP3a.asc
NCOLS 131 
NROWS 53 
XLLCORNER -98 
YLLCORNER 23.9265270233154 
CELLSIZE 0.133587792515755 
NODATA_value -9999 
[rows 21 to 41 of 53, columns 0 to 46 of 131]
-9999 -9999 -9999 -9999 -9999 -9999 22.2378082275391 22.2261581420898 22.2005310058594 22.1839771270752 22.4309520721436 22.9744281768799 22.7890605926514 22.2369041442871 21.833028793335 21.600248336792 21.4725666046143 21.417064666748 21.3031826019287 21.1667613983154 21.0288829803467 20.8907508850098 20.8047752380371 20.7379207611084 20.8208885192871 20.8913059234619 20.9210205078125 20.9464435577393 20.9643726348877 20.9749031066895 20.9778232574463 20.991641998291 21.0121002197266 21.1021213531494 21.21533203125 21.310733795166 21.4028835296631 21.3850574493408 21.3617687225342 21.3036994934082 21.2652339935303 21.2813472747803 21.300594329834 21.3246803283691 21.3596343994141 21.40456199646 21.372386932373
-9999 -9999 -9999 -9999 -9999 -9999 22.2361717224121 22.2378082275391 22.2145080566406 22.1658306121826 22.1839771270752 22.1344509124756 22.020055770874 21.777307510376 21.6385650634766 21.6198272705078 21.5977668762207 21.5734272003174 21.3639430999756 21.0829677581787 20.1955165863037 19.2010440826416 19.0139446258545 18.8598022460938 18.832971572876 18.8610019683838 19.066915512085 19.3352317810059 19.7124443054199 20.07373046875 20.4186248779297 20.6719646453857 20.8695297241211 21.0109977722168 21.133768081665 21.192569732666 21.2372283935547 20.5452365875244 19.8004856109619 18.7197513580322 17.9927845001221 18.2506160736084 18.3782272338867 18.3045883178711 18.3942642211914 18.6338329315186 18.3254909515381
-9999 -9999 -9999 -9999 22.6262149810791 22.3499221801758 22.2414703369141 22.2292385101318 22.2378082275391 22.1912078857422 22.0503273010254 21.5485744476318 21.255672454834 21.3760280609131 21.4929599761963 21.6059417724609 21.5945816040039 21.4978294372559 21.1497650146484 20.7046566009521 19.0793190002441 17.2457084655762 16.9544811248779 16.7102375030518 16.5760631561279 16.5611476898193 16.932918548584 17.4304218292236 18.1473369598389 18.8453998565674 19.5240592956543 20.0257778167725 20.4197044372559 20.6424770355225 20.808198928833 20.8237342834473 20.8086223602295 19.418888092041 17.9369316101074 15.86767578125 14.473762512207 14.9598398208618 15.1888122558594 15.0204448699951 15.1614961624146 15.5865316390991 15.0126934051514
-9999 -9999 -9999 -9999 23.2670040130615 22.646463394165 22.4583740234375 22.2414703369141 22.2084350585938 21.7879981994629 21.4282150268555 21.300594329834 21.2593784332275 21.3891296386719 20.9345378875732 19.8057079315186 18.3720874786377 16.7291564941406 15.8255891799927 15.2075166702271 13.9949016571045 12.6773681640625 12.5306444168091 12.4252700805664 12.4508361816406 12.5184469223022 12.7223844528198 12.9547634124756 13.2367744445801 13.6140937805176 14.0894842147827 14.7024068832397 15.3991136550903 16.1559982299805 16.9329414367676 16.8599090576172 16.6592292785645 15.0447902679443 13.4787521362305 12.2209386825562 11.33522605896 11.4853525161743 11.5205526351929 11.3781404495239 11.4021139144897 11.5787963867188 11.1771745681763
-9999 -9999 -9999 -9999 -9999 23.2670040130615 22.6190032958984 22.6752777099609 22.0507984161377 21.4074249267578 20.9351921081543 21.1180152893066 21.1893615722656 21.0401287078857 19.9215240478516 17.684419631958 15.1425123214722 12.3912839889526 11.0925750732422 10.3547372817993 9.53973388671875 8.71111297607422 8.68308258056641 8.6892261505127 8.83407402038574 8.9551830291748 8.99931716918945 9.00672912597656 8.95005702972412 9.07582473754883 9.38931941986084 10.0627317428589 10.9554023742676 12.0371026992798 13.181812286377 13.0376586914062 12.7058916091919 11.0567169189453 9.5563907623291 9.00397396087646 8.5654125213623 8.44379806518555 8.32462692260742 8.2092342376709 8.1336784362793 8.09468650817871 7.83886194229126
-9999 -9999 -9999 -9999 -9999 23.0323467254639 23.2670040130615 22.2922630310059 21.3307571411133 21.1261157989502 21.0081939697266 21.2221984863281 20.7960987091064 19.1034107208252 16.9152545928955 14.155403137207 11.8818826675415 9.94234752655029 8.95163536071777 8.32729816436768 7.84365272521973 7.38483572006226 7.36232805252075 7.36005544662476 7.44678926467896 7.49411344528198 7.41365528106689 7.37217855453491 7.39872789382935 7.57632207870483 7.90933799743652 8.42086791992188 9.04114818572998 9.5299596786499 9.97494792938232 9.83617782592773 9.61221504211426 8.76125335693359 7.98343706130981 7.67143869400024 7.41234588623047 7.30053091049194 7.19975662231445 7.11604499816895 7.01790761947632 6.90652990341187 6.68065595626831
-9999 -9999 22.5405120849609 22.5931072235107 22.6419563293457 22.7974128723145 23.0326251983643 21.9295501708984 20.8584613800049 20.9884986877441 21.0976676940918 21.1269683837891 20.1152210235596 17.0435352325439 14.077787399292 11.2342777252197 9.30479717254639 8.00302314758301 7.26295518875122 6.73978281021118 6.50213050842285 6.31486320495605 6.29277276992798 6.28234243392944 6.33893442153931 6.34496212005615 6.18704175949097 6.11338376998901 6.18677091598511 6.40200471878052 6.76319599151611 7.1234188079834 7.48305082321167 7.54629135131836 7.51073551177979 7.37314653396606 7.22057628631592 6.94589948654175 6.6893744468689 6.54844856262207 6.41233730316162 6.28962993621826 6.18574619293213 6.11095237731934 6.00371646881104 5.86670398712158 5.68773508071899
-9999.000000000000000 -9999 -9999 -9999 22.3399486541748 22.4865016937256 22.3432140350342 21.611141204834 20.9267101287842 21.1643943786621 21.2230834960938 20.5966453552246 18.8068103790283 14.7149438858032 11.6086273193359 9.63948059082031 8.21910572052002 7.17559623718262 6.5610408782959 6.11212015151978 5.93420314788818 5.80411005020142 5.77129697799683 5.75327444076538 5.84075498580933 5.87637042999268 5.74382019042969 5.67443370819092 5.71527290344238 5.93719339370728 6.34544277191162 6.57742881774902 6.70203590393066 6.70477151870728 6.66688299179077 6.52130317687988 6.36068153381348 6.17807579040527 6.0038104057312 5.88265514373779 5.74627923965454 5.56753206253052 5.41361618041992 5.29807424545288 5.21115779876709 5.15051412582397 5.05544185638428
-9999 -9999 -9999 -9999 21.9443340301514 21.735933303833 21.8111553192139 21.4158725738525 21.0528411865234 21.3584423065186 21.2544765472412 19.5828647613525 17.0259246826172 12.7171697616577 9.76313781738281 8.37224102020264 7.32392072677612 6.51086330413818 5.98710489273071 5.57505559921265 5.42990875244141 5.33186197280884 5.30994176864624 5.30319738388062 5.40902614593506 5.47065830230713 5.38898801803589 5.34218502044678 5.35622692108154 5.5410623550415 5.90163946151733 6.02070426940918 5.99264097213745 5.96019315719604 5.92628383636475 5.79693174362183 5.65458631515503 5.53975486755371 5.42626094818115 5.32128715515137 5.1970853805542 5.0193567276001 4.86755895614624 4.75583600997925 4.69367170333862 4.67699289321899 4.63318157196045
-9999 -9999 -9999 -9999 21.6732501983643 21.6105670928955 21.533166885376 21.375524520874 21.2517967224121 21.575325012207 21.1675853729248 17.9608573913574 14.6506271362305 11.1355924606323 8.70227718353271 7.51709413528442 6.66840934753418 6.05081224441528 5.57417631149292 5.15197038650513 5.00566911697388 4.90805673599243 4.92422389984131 4.9524974822998 5.06089735031128 5.14405298233032 5.14535713195801 5.14417505264282 5.13865518569946 5.23133563995361 5.42506313323975 5.45047426223755 5.3733491897583 5.33757591247559 5.31558609008789 5.23293018341064 5.1419849395752 5.0643572807312 4.9846019744873 4.89129543304443 4.79491758346558 4.68999004364014 4.60592031478882 4.55408430099487 4.52224826812744 4.50876951217651 4.47516059875488
-9999 -9999 -9999 -9999 21.6105670928955 21.5168743133545 21.406888961792 21.3844146728516 21.3911247253418 21.7539520263672 21.2722930908203 17.5583038330078 13.9119453430176 10.3994035720825 8.0022439956665 6.89206027984619 6.14155864715576 5.63806676864624 5.23555421829224 4.87203359603882 4.73870277404785 4.64599323272705 4.68239593505859 4.72800350189209 4.82676029205322 4.91170072555542 4.95184326171875 4.97693920135498 4.97577619552612 5.00703620910645 5.07165765762329 5.04977703094482 4.97520017623901 4.93715620040894 4.91128969192505 4.86033916473389 4.80591821670532 4.75094413757324 4.6935133934021 4.62043809890747 4.55178451538086 4.49544191360474 4.45304536819458 4.43220281600952 4.41527986526489 4.40195369720459 4.37393188476562
-9999 -9999 -9999 -9999 21.5114440917969 21.406888961792 21.435583114624 21.430233001709 21.4857292175293 21.9038829803467 21.5207023620605 18.0703544616699 14.4007406234741 10.2972650527954 7.57283639907837 6.439612865448 5.71120452880859 5.26080083847046 4.9526629447937 4.69945859909058 4.58969259262085 4.50523853302002 4.54848766326904 4.59816551208496 4.6781177520752 4.75003862380981 4.79591798782349 4.83278322219849 4.85391759872437 4.84680700302124 4.81063270568848 4.77623176574707 4.74291038513184 4.70338678359985 4.66179513931274 4.63130855560303 4.60225439071655 4.55902099609375 4.5153546333313 4.46893310546875 4.42792987823486 4.40200853347778 4.38174486160278 4.37022495269775 4.35665225982666 4.34119558334351 4.31529760360718
-9999 -9999 -9999 -9999 21.406888961792 21.4865188598633 21.4990768432617 21.5207958221436 21.553394317627 22.04221534729 21.8944263458252 19.3099575042725 15.8560056686401 10.6815881729126 7.40423059463501 6.31578350067139 5.60000991821289 5.14016771316528 4.84385919570923 4.6106972694397 4.51314067840576 4.43951463699341 4.45429277420044 4.47199153900146 4.49789524078369 4.52708101272583 4.5669093132019 4.60681200027466 4.64684391021729 4.65355253219604 4.62597274780273 4.59806776046753 4.56996440887451 4.52393007278442 4.47191858291626 4.46448564529419 4.46306848526001 4.44146490097046 4.41835308074951 4.3856348991394 4.35593509674072 4.33463621139526 4.31871843338013 4.31111669540405 4.29946422576904 4.28409433364868 4.2625527381897
-9999 -9999 -9999 -9999 -9999 21.6055355072021 21.604528427124 21.5462036132812 21.6095142364502 22.1755771636963 22.3218536376953 20.8613758087158 17.7254791259766 11.2743978500366 7.34739875793457 6.33279323577881 5.62560033798218 5.12952136993408 4.80966520309448 4.55785608291626 4.46764326095581 4.4059476852417 4.3771185874939 4.34738731384277 4.30413722991943 4.27785301208496 4.30657863616943 4.34577608108521 4.40324831008911 4.44614410400391 4.47404146194458 4.46078205108643 4.42245101928711 4.36775016784668 4.30759239196777 4.32432317733765 4.35151624679565 4.35578107833862 4.35613346099854 4.33156824111938 4.30616569519043 4.27843236923218 4.25923776626587 4.2532377243042 4.24289321899414 4.22855997085571 4.21233177185059
-9999 -9999 -9999 -9999 -9999 21.7614593505859 21.7130012512207 21.7465858459473 21.7801284790039 22.3388042449951 22.5987377166748 21.7152118682861 18.7466735839844 11.6524848937988 7.40497970581055 6.44210052490234 5.74199914932251 5.2223596572876 4.84973287582397 4.53387260437012 4.41683101654053 4.33487558364868 4.28865814208984 4.24358749389648 4.20154476165771 4.1738600730896 4.19272899627686 4.21811532974243 4.25487327575684 4.28866052627563 4.31939077377319 4.3153018951416 4.29000091552734 4.24915599822998 4.20312976837158 4.22244071960449 4.25066375732422 4.2624945640564 4.27163171768188 4.2636194229126 4.25174522399902 4.22912120819092 4.21388673782349 4.21007347106934 4.20114326477051 4.18751668930054 4.17718029022217
-9999 -9999 -9999 -9999 -9999 22.0071296691895 21.9668502807617 21.8462142944336 21.9744338989258 22.5082130432129 22.8444747924805 22.4247150421143 19.592357635498 11.9861450195312 7.48623275756836 6.5705041885376 5.87718677520752 5.33660984039307 4.90516471862793 4.51585960388184 4.36491966247559 4.25604343414307 4.19786262512207 4.14409160614014 4.11781406402588 4.09991598129272 4.10918712615967 4.11804962158203 4.12619924545288 4.14150619506836 4.16417741775513 4.16812562942505 4.16066741943359 4.13833856582642 4.11105298995972 4.12847805023193 4.15202522277832 4.1676344871521 4.18251991271973 4.19279813766479 4.19636201858521 4.18123531341553 4.17145967483521 4.1699538230896 4.1624608039856 4.14947175979614 4.14514636993408
-9999 -9999 -9999 -9999 -9999 -9999 22.3415393829346 22.3077507019043 22.3447589874268 22.7637424468994 22.9257431030273 22.1041297912598 19.1126861572266 11.8277559280396 7.54651117324829 6.73104810714722 6.05818653106689 5.48325634002686 4.96782875061035 4.47537803649902 4.30158185958862 4.18401765823364 4.14464712142944 4.10959196090698 4.09622621536255 4.08704137802124 4.09141397476196 4.09548664093018 4.09903621673584 4.1062912940979 4.11735963821411 4.11964178085327 4.1165714263916 4.10620498657227 4.09340620040894 4.10220527648926 4.11396741867065 4.12264108657837 4.13129186630249 4.13979959487915 4.14413452148438 4.13685464859009 4.13184309005737 4.13033676147461 4.12552118301392 4.11766815185547 4.11532163619995
-9999 -9999 -9999 -9999 -9999 -9999 22.7516422271729 22.8706531524658 22.7240123748779 23.0178241729736 22.9801254272461 21.6735458374023 18.4916038513184 11.5988473892212 7.57541751861572 6.86273860931396 6.21702194213867 5.61729192733765 5.02473926544189 4.43495845794678 4.24099254608154 4.11687612533569 4.09671115875244 4.08056640625 4.07895278930664 4.07774066925049 4.07782983779907 4.07800006866455 4.07831144332886 4.0786190032959 4.07892322540283 4.07927083969116 4.07964515686035 4.07993316650391 4.08019256591797 4.08080625534058 4.08147716522217 4.08326292037964 4.08559608459473 4.09141445159912 4.0956768989563 4.09560823440552 4.09496355056763 4.09342956542969 4.09122180938721 4.08839654922485 4.08769750595093
-9999 -9999 -9999 -9999 -9999 -9999 23.2019004821777 23.0765228271484 23.1144046783447 23.2153453826904 22.8262691497803 20.561616897583 16.9951457977295 10.8527450561523 7.27970314025879 6.6712965965271 6.11754703521729 5.60133361816406 5.01681756973267 4.40592813491821 4.21518325805664 4.09858083724976 4.08713960647583 4.07888746261597 4.07802152633667 4.07739019393921 4.07751798629761 4.07764673233032 4.07777690887451 4.07793235778809 4.07811307907104 4.07829570770264 4.0784797668457 4.07860708236694 4.07871627807617 4.07906055450439 4.07943820953369 4.07996654510498 4.08081865310669 4.08373355865479 4.08592796325684 4.08611536026001 4.08593511581421 4.08518648147583 4.08425617218018 4.08315992355347 4.0824933052063
-9999 -9999 -9999 -9999 -9999 23.8875312805176 23.576961517334 23.6585254669189 23.4309005737305 23.3608264923096 22.626371383667 19.3489475250244 15.3911504745483 10.0870904922485 6.98809289932251 6.43339157104492 5.93884611129761 5.48561143875122 4.93955993652344 4.35766792297363 4.18456220626831 4.08359479904175 4.07944869995117 4.07760953903198 4.07733011245728 4.07715702056885 4.07732820510864 4.07742881774902 4.07740497589111 4.07743167877197 4.07750940322876 4.07754898071289 4.07756567001343 4.07755708694458 4.07753992080688 4.07764339447021 4.07776069641113 4.07739639282227 4.07715702056885 4.07771492004395 4.07821846008301 4.07857084274292 4.07872867584229 4.07858610153198 4.07862567901611 4.07883262634277 4.07828807830811
-9999 -9999 -9999 -9999 24.9669189453125 24.2511177062988 23.8875312805176 23.6852645874023 23.4764366149902 23.3154888153076 22.2576484680176 17.7668933868408 13.3928470611572 9.24973964691162 6.71153020858765 6.02512073516846 5.46964359283447 5.00408411026001 4.6080641746521 4.23889589309692 4.13629913330078 4.08074378967285 4.07865476608276 4.07780408859253 4.07751798629761 4.07735443115234 4.07758808135986 4.07770776748657 4.07762813568115 4.07761192321777 4.07766056060791 4.07763862609863 4.07757425308228 4.07751798629761 4.07746505737305 4.07743406295776 4.07740688323975 4.0774884223938 4.07758665084839 4.07778930664062 4.07798671722412 4.07816886901855 4.0782036781311 4.07801008224487 4.07789134979248 4.07784175872803 4.07774686813354
