Ecospace-environmental-drivers/Outputs/ASCII-for-ecospace/MOM6-ISIMIP3a/tob/1995-07_tob_MOM6-ISIMIP3a.asc
NCOLS 131 
NROWS 53 
XLLCORNER -98 
YLLCORNER 23.9265270233154 
CELLSIZE 0.133587792515755 
NODATA_value -9999 
[rows 21 to 41 of 53, columns 0 to 46 of 131]
-9999 -9999 -9999 -9999 -9999 -9999 24.8852844238281 24.9080696105957 24.9649753570557 25.098840713501 25.5909194946289 26.7127456665039 26.3763217926025 25.3742065429688 24.6865901947021 24.3618545532227 24.0930080413818 23.8625411987305 23.6095905303955 23.347957611084 23.2134323120117 23.1013374328613 23.1053047180176 23.1169013977051 23.1709003448486 23.2069969177246 23.1850452423096 23.1434860229492 23.0677089691162 22.9007091522217 22.6398448944092 22.4250984191895 22.2384452819824 22.1617240905762 22.1216468811035 22.1489562988281 22.1855125427246 22.2127418518066 22.230936050415 22.1915912628174 22.1731567382812 22.212926864624 22.2398414611816 22.2468872070312 22.2483196258545 22.2446022033691 22.2087078094482
-9999 -9999 -9999 -9999 -9999 -9999 24.8756790161133 24.8852844238281 24.9308547973633 24.9449253082275 25.098840713501 24.9611701965332 24.6595039367676 24.0333404541016 23.636869430542 23.5054302215576 23.3601169586182 23.2052764892578 22.8381462097168 22.3890419006348 21.6999759674072 20.968563079834 20.7863273620605 20.6315765380859 20.6056575775146 20.6264266967773 20.7985763549805 21.0116729736328 21.2962303161621 21.5313911437988 21.7157230377197 21.7451515197754 21.6802158355713 21.7419471740723 21.8459014892578 21.9148254394531 21.9724884033203 21.1377792358398 20.2854022979736 19.3205108642578 18.6643810272217 18.8677635192871 19.0133152008057 19.0694961547852 19.1566314697266 19.2721786499023 18.9906177520752
-9999 -9999 -9999 -9999 25.4709720611572 25.0477981567383 24.8781223297119 24.8636283874512 24.8852844238281 24.9764251708984 24.819149017334 23.7110366821289 22.9197864532471 22.7555179595947 22.6633186340332 22.6542739868164 22.5369167327881 22.345178604126 21.8151912689209 21.1545944213867 19.9026794433594 18.5464172363281 18.1876125335693 17.8750038146973 17.7653465270996 17.7648639678955 18.1183700561523 18.5693264007568 19.1903381347656 19.816333770752 20.4474582672119 20.7470550537109 20.844690322876 21.0747776031494 21.3490142822266 21.4580936431885 21.531436920166 19.8104839324951 18.0707588195801 16.2114772796631 14.9359445571899 15.2854290008545 15.5360527038574 15.6338930130005 15.8004837036133 16.0301723480225 15.5069122314453
-9999 -9999 -9999 -9999 26.4508743286133 25.5070896148682 25.2174758911133 24.8781223297119 24.8274784088135 24.1829166412354 23.5494251251221 22.9583148956299 22.5109596252441 22.3480587005615 21.8060817718506 20.8267078399658 19.2964630126953 17.3879070281982 16.2063617706299 15.3055429458618 14.2172422409058 13.0958576202393 13.0390720367432 13.0081701278687 12.998703956604 13.0492696762085 13.2944841384888 13.5311613082886 13.7529382705688 14.1148462295532 14.6209468841553 15.2696008682251 16.0050964355469 16.7006492614746 17.3828887939453 17.4469661712646 17.4120006561279 15.4861497879028 13.6747674942017 12.5923643112183 11.8000402450562 11.815224647522 11.8058977127075 11.7586917877197 11.7874746322632 11.8859996795654 11.4783067703247
-9999 -9999 -9999 -9999 -9999 26.4508743286133 25.4818859100342 25.5568294525146 24.598804473877 23.4422607421875 22.4867401123047 22.3006401062012 22.0444374084473 21.6495189666748 20.5500144958496 18.6375293731689 15.9901609420776 12.8381156921387 11.2129182815552 10.1772937774658 9.28305149078369 8.41375923156738 8.59281635284424 8.78064250946045 8.85025310516357 8.9317741394043 9.05191707611084 9.096360206604 9.00869846343994 9.17283153533936 9.59605693817139 10.4783916473389 11.6404132843018 12.6167869567871 13.5312795639038 13.5498123168945 13.4314613342285 11.4989585876465 9.77214050292969 9.35519218444824 8.98380184173584 8.73923683166504 8.53343772888184 8.38754844665527 8.30027103424072 8.2667875289917 7.95944023132324
-9999 -9999 -9999 -9999 -9999 26.1838359832764 26.4508743286133 25.0417175292969 23.6209182739258 22.9333591461182 22.3318538665771 22.0597286224365 21.3249416351318 19.6746730804443 17.5451927185059 14.8627786636353 12.3951444625854 10.0750102996826 8.91776561737061 8.20955753326416 7.64286375045776 7.10114336013794 7.2258768081665 7.35628747940063 7.41239833831787 7.43677806854248 7.35827159881592 7.30713844299316 7.3037748336792 7.56089401245117 8.08604621887207 8.69617748260498 9.35807800292969 9.8056526184082 10.1817846298218 10.1524028778076 10.0599412918091 8.99005126953125 8.03278160095215 7.79271745681763 7.56920671463013 7.39177703857422 7.26783561706543 7.22655773162842 7.11858034133911 6.94938516616821 6.67563486099243
-9999 -9999 25.6453113555908 25.6977653503418 25.739574432373 25.916482925415 26.1841526031494 24.5306434631348 22.8865509033203 22.5387058258057 22.1531848907471 21.6234683990479 20.325569152832 17.5076560974121 14.6319360733032 11.6895160675049 9.52750778198242 7.90144205093384 7.11557006835938 6.65412759780884 6.35294771194458 6.08004903793335 6.15227174758911 6.22850370407104 6.27517127990723 6.26540517807007 6.07265710830688 5.96944046020508 6.02246475219727 6.32316398620605 6.87871503829956 7.25592184066772 7.52448225021362 7.59880971908569 7.60839414596558 7.54306077957153 7.46487426757812 7.03937721252441 6.65428304672241 6.52648544311523 6.39231872558594 6.24042177200317 6.15032148361206 6.15572595596313 6.0440502166748 5.82491827011108 5.61105012893677
-9999.000000000000000 -9999 -9999 -9999 25.4372406005859 25.5626678466797 25.3996067047119 24.0283813476562 22.6835060119629 22.3933277130127 21.92262840271 20.7609825134277 18.7155494689941 14.9213495254517 11.9184589385986 9.82861518859863 8.24690723419189 7.01416015625 6.38893175125122 5.99828910827637 5.82727193832397 5.69501209259033 5.71867847442627 5.74779462814331 5.79386901855469 5.80013132095337 5.67730712890625 5.61690044403076 5.66541767120361 5.90189790725708 6.33178853988647 6.56177043914795 6.66997003555298 6.71044588088989 6.72834777832031 6.65316867828369 6.56391620635986 6.30668878555298 6.06312894821167 5.90661096572876 5.7340726852417 5.51693820953369 5.35591411590576 5.28160619735718 5.20332813262939 5.12140607833862 5.02477312088013
-9999 -9999 -9999 -9999 25.0536079406738 24.8325691223145 24.8727588653564 23.7270641326904 22.5903453826904 22.2908535003662 21.6354236602783 19.6176204681396 16.9032249450684 12.8104610443115 9.91123962402344 8.38917636871338 7.23745727539062 6.34006929397583 5.82450103759766 5.45636796951294 5.35268259048462 5.29566431045532 5.30103349685669 5.31374025344849 5.3762092590332 5.41131496429443 5.35769844055176 5.33567047119141 5.36876773834229 5.53373050689697 5.83437919616699 5.94471597671509 5.93911695480347 5.95953321456909 5.98862171173096 5.9081015586853 5.81209564208984 5.66932392120361 5.52465534210205 5.36790704727173 5.19667911529541 4.98514223098755 4.81850242614746 4.72124910354614 4.67194557189941 4.66664934158325 4.6343994140625
-9999 -9999 -9999 -9999 24.7990798950195 24.765588760376 24.724235534668 23.6785469055176 22.6354293823242 22.2423553466797 21.276948928833 18.1208934783936 14.8363790512085 11.2976865768433 8.79254913330078 7.47997331619263 6.56913614273071 5.93419075012207 5.46414136886597 5.05776453018188 4.94236421585083 4.87831258773804 4.90345239639282 4.93838167190552 5.03861808776855 5.11868906021118 5.13337850570679 5.14415502548218 5.14810371398926 5.23236513137817 5.39926624298096 5.42465543746948 5.36383628845215 5.3815450668335 5.42542934417725 5.34523630142212 5.24790334701538 5.15188503265381 5.05245780944824 4.93132257461548 4.81132698059082 4.694504737854 4.60441303253174 4.55563116073608 4.52973651885986 4.52484750747681 4.49048852920532
-9999 -9999 -9999 -9999 24.765588760376 24.7155303955078 24.6567687988281 23.7570762634277 22.8456172943115 22.3514938354492 21.2493934631348 17.8202247619629 14.2979135513306 10.5912981033325 8.03946781158447 6.8200798034668 6.03350591659546 5.54416418075562 5.15682125091553 4.80886363983154 4.69980955123901 4.63291454315186 4.66757917404175 4.7117486000061 4.81659650802612 4.90711402893066 4.95116662979126 4.97825193405151 4.97572803497314 5.00192499160767 5.05767440795898 5.04150247573853 4.98151636123657 4.9835057258606 5.00615358352661 4.9475245475769 4.87771606445312 4.81538438796997 4.74891948699951 4.65613508224487 4.57204389572144 4.51215171813965 4.4682149887085 4.44893598556519 4.43783569335938 4.43424224853516 4.39814043045044
-9999 -9999 -9999 -9999 24.7126293182373 24.6567687988281 24.0150909423828 23.9308910369873 23.1796398162842 22.578857421875 21.4700298309326 18.4166164398193 14.9057474136353 10.489706993103 7.56059741973877 6.34717226028442 5.59739542007446 5.1660270690918 4.88928127288818 4.6722412109375 4.58307886123657 4.51648283004761 4.55298805236816 4.59666156768799 4.68125438690186 4.75632762908936 4.80053615570068 4.83155822753906 4.83956956863403 4.82467937469482 4.78622436523438 4.76103210449219 4.74391889572144 4.72043037414551 4.69481658935547 4.67368030548096 4.65303421020508 4.61458921432495 4.57187795639038 4.50199699401855 4.4423131942749 4.41101312637329 4.39043712615967 4.38643407821655 4.3836669921875 4.38203430175781 4.34446477890015
-9999 -9999 -9999 -9999 24.6567687988281 24.1416530609131 23.8674354553223 23.7156295776367 23.6127548217773 23.0022449493408 22.0104598999023 19.5593128204346 16.1303901672363 10.7667303085327 7.36494398117065 6.2268533706665 5.50010013580322 5.05583095550537 4.78970289230347 4.59236192703247 4.51361894607544 4.45580530166626 4.46396446228027 4.47526407241821 4.50069189071655 4.52958822250366 4.56973171234131 4.60205984115601 4.62074995040894 4.61900568008423 4.59623432159424 4.57938385009766 4.56614017486572 4.52765703201294 4.48076057434082 4.4804539680481 4.48646831512451 4.47612428665161 4.4606351852417 4.41238307952881 4.36995649337769 4.34374713897705 4.32811164855957 4.32881736755371 4.32554769515991 4.31862831115723 4.28775691986084
-9999 -9999 -9999 -9999 -9999 24.0637512207031 24.0273151397705 23.9557838439941 24.0883388519287 23.5096435546875 22.6879463195801 20.9361438751221 17.619384765625 11.206018447876 7.29067087173462 6.25764656066895 5.54801368713379 5.0604681968689 4.76210880279541 4.5368013381958 4.46441888809204 4.41902303695679 4.38589859008789 4.35116195678711 4.3007493019104 4.27029705047607 4.30456590652466 4.33707237243652 4.36650371551514 4.40114831924438 4.4411563873291 4.44008922576904 4.4139986038208 4.36501359939575 4.30839729309082 4.32177877426147 4.34480953216553 4.36437225341797 4.37759256362915 4.35042238235474 4.32218933105469 4.29099798202515 4.27240896224976 4.27329540252686 4.26573514938354 4.25042295455933 4.22974967956543
-9999 -9999 -9999 -9999 -9999 24.2762336730957 24.2965068817139 24.410530090332 24.354398727417 23.7890453338623 23.0239200592041 21.4941539764404 18.2060718536377 11.4387798309326 7.35212707519531 6.35851049423218 5.66075944900513 5.16619157791138 4.8183388710022 4.52713823318481 4.4187216758728 4.34256029129028 4.29286766052246 4.24407577514648 4.19796657562256 4.16812944412231 4.19105434417725 4.21253681182861 4.23150205612183 4.2592887878418 4.29615354537964 4.29982948303223 4.28328657150269 4.24771785736084 4.20580768585205 4.2188286781311 4.2394700050354 4.26399183273315 4.28429985046387 4.27777290344238 4.26668500900269 4.24290084838867 4.2280387878418 4.226966381073 4.21889495849609 4.20440101623535 4.19249629974365
-9999 -9999 -9999 -9999 -9999 24.4363574981689 24.5048770904541 24.5232048034668 24.5771083831787 24.021276473999 23.289234161377 21.8827476501465 18.6060695648193 11.6288108825684 7.44166564941406 6.47387218475342 5.78691816329956 5.29282903671265 4.89191198348999 4.52697134017944 4.37374877929688 4.257887840271 4.1967396736145 4.14051055908203 4.11528635025024 4.09847068786621 4.10892009735107 4.11706066131592 4.12117195129395 4.13315391540527 4.15323543548584 4.15936994552612 4.15700769424438 4.13980484008789 4.11765432357788 4.12740850448608 4.14164447784424 4.16596412658691 4.18888664245605 4.20291185379028 4.20957946777344 4.19576549530029 4.18601369857788 4.18253946304321 4.17473888397217 4.16296863555908 4.15953779220581
-9999 -9999 -9999 -9999 -9999 -9999 24.5076885223389 24.5808982849121 24.5331611633301 23.9326000213623 23.1446075439453 21.6392040252686 18.3592624664307 11.5680112838745 7.53114223480225 6.67239761352539 5.99194669723511 5.43393802642822 4.948410987854 4.49087190628052 4.31226444244385 4.18287992477417 4.14281702041626 4.10746717453003 4.0950984954834 4.08676624298096 4.09152221679688 4.09517908096313 4.09691858291626 4.10254764556885 4.11217927932739 4.11531543731689 4.11449384689331 4.10664319992065 4.0964503288269 4.10134363174438 4.10836935043335 4.12195014953613 4.13513278961182 4.14577627182007 4.15200519561768 4.1459436416626 4.14138126373291 4.13913679122925 4.13447427749634 4.12759351730347 4.12547063827515
-9999 -9999 -9999 -9999 -9999 -9999 24.4347915649414 24.4189605712891 24.4630279541016 23.8230266571045 22.9717121124268 21.3115749359131 18.0053558349609 11.4419984817505 7.58122062683105 6.83879709243774 6.17333078384399 5.560715675354 4.99777936935425 4.454026222229 4.25338125228882 4.11328411102295 4.0945200920105 4.08004188537598 4.07914209365845 4.07841634750366 4.07825422286987 4.07817840576172 4.07825326919556 4.07844924926758 4.07876920700073 4.07893085479736 4.07899522781372 4.07931232452393 4.07971334457397 4.08009052276611 4.08048439025879 4.0836501121521 4.08724117279053 4.09354305267334 4.09841442108154 4.09930562973022 4.09948825836182 4.09857606887817 4.09699487686157 4.09479856491089 4.09360122680664
-9999 -9999 -9999 -9999 -9999 -9999 24.5096817016602 24.304515838623 24.2409477233887 23.6438140869141 22.6930885314941 20.3889694213867 16.8179664611816 10.740161895752 7.21106719970703 6.62278318405151 6.06483268737793 5.52771377563477 4.97924137115479 4.42638444900513 4.23012685775757 4.09679746627808 4.08607864379883 4.07886362075806 4.0784740447998 4.07816457748413 4.07811641693115 4.07808399200439 4.07807970046997 4.07813835144043 4.07826232910156 4.07831382751465 4.07832098007202 4.07846593856812 4.0786566734314 4.07895088195801 4.07926559448242 4.0804967880249 4.0819878578186 4.08513498306274 4.08754825592041 4.08791923522949 4.08805990219116 4.08784484863281 4.08736324310303 4.08663702011108 4.08570051193237
-9999 -9999 -9999 -9999 -9999 25.5789566040039 24.840913772583 24.805570602417 24.012035369873 23.4595355987549 22.3947830200195 19.369348526001 15.5190305709839 10.0365018844604 6.86728954315186 6.36728239059448 5.88282680511475 5.4090518951416 4.89978313446045 4.37680959701538 4.19952392578125 4.08324146270752 4.07928848266602 4.07795429229736 4.07794380187988 4.07795381546021 4.07803010940552 4.07805824279785 4.07800436019897 4.07796144485474 4.07793092727661 4.07788181304932 4.07782125473022 4.07781076431274 4.0778169631958 4.07800149917603 4.07820796966553 4.07805633544922 4.07800149917603 4.07856225967407 4.07896566390991 4.07893133163452 4.07901811599731 4.07929229736328 4.0796103477478 4.07996892929077 4.07932996749878
-9999 -9999 -9999 -9999 27.3182735443115 26.121150970459 25.5789566040039 24.6746120452881 23.7580718994141 23.2566814422607 22.0243034362793 17.9940090179443 13.8110847473145 9.32615280151367 6.62022686004639 5.96699333190918 5.43128871917725 4.97629594802856 4.59694862365723 4.24681091308594 4.14197731018066 4.08043241500854 4.07855367660522 4.07803058624268 4.07792091369629 4.07789325714111 4.07813024520874 4.07828283309937 4.07828950881958 4.07827615737915 4.07824325561523 4.07812833786011 4.07796430587769 4.07785940170288 4.07777404785156 4.07775163650513 4.07774209976196 4.07823133468628 4.07866144180298 4.07871961593628 4.07875728607178 4.07874011993408 4.07872915267944 4.07872819900513 4.07874584197998 4.07878065109253 4.07856893539429
