Ecospace-environmental-drivers/Outputs/ASCII-for-ecospace/MOM6-ISIMIP3a/tob/1995-06_tob_MOM6-ISIMIP3a.asc
NCOLS 131 
NROWS 53 
XLLCORNER -98 
YLLCORNER 23.9265270233154 
CELLSIZE 0.133587792515755 
NODATA_value -9999 
[rows 21 to 41 of 53, columns 0 to 46 of 131]
-9999 -9999 -9999 -9999 -9999 -9999 25.2821636199951 25.26123046875 25.1976413726807 25.1432971954346 25.3704891204834 26.1938781738281 25.8768177032471 24.9323825836182 24.2603721618652 23.9026947021484 23.6688594818115 23.5200691223145 23.3142375946045 23.0863800048828 22.9033393859863 22.7282047271729 22.6334476470947 22.5417709350586 22.4611129760742 22.3682804107666 22.2359752655029 22.1073818206787 21.9852657318115 21.8793983459473 21.7902526855469 21.7049312591553 21.6219367980957 21.6100120544434 21.6217765808105 21.6626758575439 21.7075824737549 21.7494659423828 21.7920875549316 21.8393955230713 21.8883228302002 21.9417629241943 21.9753589630127 21.9782905578613 21.9786701202393 21.9767074584961 21.8943862915039
-9999 -9999 -9999 -9999 -9999 -9999 25.2779273986816 25.2821636199951 25.2402992248535 25.1248092651367 25.1432971954346 24.7742900848389 24.3265590667725 23.7230587005615 23.3319816589355 23.1860084533691 23.0708026885986 22.9767246246338 22.6394844055176 22.2083511352539 21.5106506347656 20.7659091949463 20.5146141052246 20.2871589660645 20.1683368682861 20.0981845855713 20.185848236084 20.3279972076416 20.5652332305908 20.8366222381592 21.1431560516357 21.2871036529541 21.3320045471191 21.4168586730957 21.5150318145752 21.531587600708 21.5323867797852 20.9106750488281 20.2372646331787 19.2346134185791 18.5565929412842 18.7822647094727 18.9336414337158 18.9701995849609 19.044620513916 19.1537914276123 18.8381195068359
-9999 -9999 -9999 -9999 25.6373767852783 25.3753929138184 25.2887420654297 25.2628784179688 25.2821636199951 25.1984329223633 24.8753395080566 23.6360626220703 22.7481670379639 22.5555553436279 22.4556350708008 22.46266746521 22.3728332519531 22.2164764404297 21.6959991455078 21.0349216461182 19.8142127990723 18.4947471618652 18.0980930328369 17.7454776763916 17.5914516448975 17.5448665618896 17.8466358184814 18.2489337921143 18.8266639709473 19.4636898040771 20.1617298126221 20.5577659606934 20.7698230743408 20.9810752868652 21.1920585632324 21.1838455200195 21.1361598968506 19.813159942627 18.3961143493652 16.3801670074463 14.9977293014526 15.3788290023804 15.6352262496948 15.6989040374756 15.8417654037476 16.057300567627 15.5136289596558
-9999 -9999 -9999 -9999 26.2519378662109 25.6334342956543 25.462043762207 25.2887420654297 25.2177314758301 24.3139724731445 23.4602222442627 22.7978801727295 22.3067607879639 22.1544437408447 21.6510486602783 20.7425632476807 19.2422409057617 17.3354778289795 16.111457824707 15.151068687439 14.0856971740723 13.0017995834351 12.9617509841919 12.9445781707764 12.927565574646 12.966420173645 13.1864233016968 13.4007120132446 13.6050310134888 13.973240852356 14.5100908279419 15.215521812439 16.0236492156982 16.6906757354736 17.3106689453125 17.2958946228027 17.1812076568604 15.3736419677734 13.6648235321045 12.5848617553711 11.8060417175293 11.8655309677124 11.8708524703979 11.792462348938 11.8039445877075 11.8979120254517 11.4619016647339
-9999 -9999 -9999 -9999 -9999 26.2519378662109 25.5310134887695 25.6353454589844 24.9223518371582 23.4594173431396 22.2603549957275 22.0712718963623 21.8302688598633 21.4865264892578 20.4560680389404 18.6332454681396 16.0043029785156 12.8217573165894 11.1263971328735 10.0052938461304 9.1287784576416 8.29542541503906 8.5295467376709 8.76922512054443 8.86042976379395 8.95694923400879 9.07069873809814 9.11284255981445 9.03002834320068 9.19463729858398 9.6138391494751 10.5180959701538 11.7178421020508 12.6626949310303 13.5225839614868 13.4955654144287 13.3325653076172 11.306848526001 9.51488780975342 9.21156597137451 8.93802738189697 8.74739837646484 8.56374073028564 8.39085578918457 8.29264068603516 8.26295757293701 7.9258451461792
-9999 -9999 -9999 -9999 -9999 26.033275604248 26.2519378662109 24.9480304718018 23.6143264770508 22.7359924316406 22.004301071167 21.8338928222656 21.1999340057373 19.6487350463867 17.54931640625 14.8173398971558 12.2956743240356 9.9184398651123 8.7698917388916 8.09578609466553 7.55509901046753 7.03795671463013 7.18479061126709 7.33671379089355 7.40988540649414 7.44226932525635 7.34240484237671 7.28196287155151 7.29031658172607 7.53727388381958 8.02974891662598 8.64801597595215 9.34291362762451 9.78534317016602 10.1436166763306 10.0794382095337 9.95006275177002 8.87434482574463 7.91403293609619 7.68866634368896 7.4892258644104 7.36195707321167 7.26159286499023 7.20280694961548 7.08996295928955 6.9275050163269 6.65085887908936
-9999 -9999 25.564868927002 25.6174049377441 25.6694946289062 25.8143539428711 26.0335350036621 24.3037700653076 22.5828037261963 22.1679420471191 21.7644309997559 21.4043674468994 20.2589683532715 17.5596122741699 14.6879529953003 11.6174831390381 9.36857128143311 7.68386030197144 6.95305871963501 6.5905966758728 6.31387329101562 6.05228042602539 6.12455463409424 6.20195341110229 6.26113843917847 6.25502920150757 6.03720760345459 5.92243957519531 5.98750925064087 6.2743091583252 6.78926610946655 7.16415977478027 7.45372772216797 7.53754568099976 7.5527811050415 7.45125436782837 7.33184242248535 6.96947336196899 6.63304853439331 6.46184301376343 6.30705308914185 6.19795846939087 6.12886476516724 6.12159061431885 6.00795221328735 5.79669284820557 5.5960111618042
-9999.000000000000000 -9999 -9999 -9999 25.3683643341064 25.5246353149414 25.39111328125 23.7534523010254 22.1545753479004 21.9388961791992 21.5598659515381 20.5556011199951 18.640251159668 14.9221248626709 11.9256210327148 9.76175689697266 8.14663982391357 6.90837049484253 6.31371116638184 5.96757316589355 5.79801321029663 5.65961408615112 5.68509769439697 5.7168436050415 5.77087211608887 5.78221321105957 5.65514612197876 5.59134912490845 5.63796234130859 5.87186574935913 6.29848623275757 6.52298784255981 6.62436056137085 6.66334581375122 6.68153524398804 6.5422511100769 6.38117218017578 6.21581745147705 6.049973487854 5.88101482391357 5.70662498474121 5.51711511611938 5.36578750610352 5.27346706390381 5.18921804428101 5.11237621307373 5.02147483825684
-9999 -9999 -9999 -9999 24.967981338501 24.7661018371582 24.8578395843506 23.3578548431396 21.890926361084 21.7940864562988 21.3292369842529 19.4558124542236 16.8476963043213 12.7858352661133 9.88865852355957 8.33534526824951 7.18069362640381 6.29982233047485 5.79836845397949 5.44342088699341 5.33463144302368 5.2692813873291 5.27610921859741 5.2905125617981 5.35487508773804 5.39293670654297 5.34571838378906 5.32468461990356 5.34934663772583 5.51743030548096 5.833092212677 5.93490600585938 5.90644454956055 5.91689538955688 5.94031620025635 5.80239677429199 5.64292049407959 5.58655738830566 5.5170955657959 5.36421680450439 5.20041084289551 5.00618457794189 4.84368944168091 4.73023080825806 4.67338609695435 4.6685004234314 4.63666343688965
-9999 -9999 -9999 -9999 24.6896533966064 24.6132049560547 24.5188083648682 23.1569080352783 21.8343315124512 21.7552490234375 21.0658168792725 18.0402164459229 14.8364391326904 11.2800951004028 8.7642707824707 7.4490442276001 6.53679990768433 5.90130138397217 5.4390344619751 5.04365825653076 4.93727207183838 4.88188409805298 4.90545129776001 4.93812847137451 5.03231620788574 5.10875940322876 5.1276683807373 5.13907432556152 5.13738679885864 5.22339344024658 5.39963674545288 5.41361474990845 5.32874298095703 5.33116388320923 5.36268186569214 5.27534484863281 5.17190742492676 5.11379766464233 5.04737091064453 4.92797517776489 4.81272554397583 4.70901870727539 4.62476253509521 4.57056760787964 4.53862905502319 4.52711772918701 4.49054145812988
-9999 -9999 -9999 -9999 24.6132049560547 24.4989376068115 24.3647994995117 23.144983291626 21.9531574249268 21.8424739837646 21.072509765625 17.7790870666504 14.3296737670898 10.5716028213501 7.99758672714233 6.78978490829468 6.00487899780273 5.51039505004883 5.13363265991211 4.80232715606689 4.70859527587891 4.65678787231445 4.68560028076172 4.72322559356689 4.81957960128784 4.90412139892578 4.9503607749939 4.97642135620117 4.96726751327515 4.99351692199707 5.05619478225708 5.03084421157837 4.9518666267395 4.94238615036011 4.95607042312622 4.90706443786621 4.849449634552 4.79953289031982 4.74397706985474 4.65250492095947 4.57187986373901 4.52144861221313 4.48208379745483 4.45982122421265 4.44480419158936 4.43643617630005 4.39801931381226
-9999 -9999 -9999 -9999 24.4923133850098 24.3647994995117 23.3326206207275 23.2748279571533 22.2035503387451 22.0242462158203 21.2817878723145 18.3838157653809 14.9512948989868 10.4610557556152 7.49918413162231 6.30080890655518 5.55693960189819 5.12519931793213 4.86868095397949 4.6798210144043 4.60643148422241 4.55341863632202 4.57885551452637 4.61143445968628 4.68921089172363 4.75913763046265 4.80360984802246 4.83098649978638 4.82852983474731 4.81176090240479 4.78026485443115 4.7519645690918 4.72561120986938 4.70132493972778 4.67772817611694 4.65786409378052 4.63840913772583 4.60414123535156 4.56533336639404 4.49761581420898 4.44116497039795 4.41607713699341 4.3965916633606 4.38576316833496 4.38167762756348 4.38378047943115 4.3456974029541
-9999 -9999 -9999 -9999 24.3647994995117 23.3282718658447 22.841007232666 22.5458736419678 22.4924087524414 22.2671642303467 21.6360950469971 19.4517002105713 16.1776237487793 10.7473726272583 7.30898094177246 6.16888189315796 5.45192098617554 5.02554702758789 4.78090906143188 4.6064453125 4.53590679168701 4.48370838165283 4.48505449295044 4.48935079574585 4.50846385955811 4.53278064727783 4.5739688873291 4.60332441329956 4.61203050613403 4.60721683502197 4.58849096298218 4.57038354873657 4.55265283584595 4.51612949371338 4.47334289550781 4.47411584854126 4.48078346252441 4.4700026512146 4.45404767990112 4.40513896942139 4.36348581314087 4.34203195571899 4.32743263244629 4.32342720031738 4.32140207290649 4.32119512557983 4.29010772705078
-9999 -9999 -9999 -9999 -9999 22.8687496185303 22.7746562957764 22.7023220062256 22.7977504730225 22.5362854003906 22.0525550842285 20.7180824279785 17.6631164550781 11.2037773132324 7.25086545944214 6.18997859954834 5.49387073516846 5.04827260971069 4.76907253265381 4.55412483215332 4.47894239425659 4.4284234046936 4.39680004119873 4.36285591125488 4.30612516403198 4.2715482711792 4.30880308151245 4.34042167663574 4.36220455169678 4.39290618896484 4.43278503417969 4.43050241470337 4.40253591537476 4.35487699508667 4.30065393447876 4.31841850280762 4.34604930877686 4.36211633682251 4.37163019180298 4.33941030502319 4.30853700637817 4.28141164779663 4.2652735710144 4.26611471176147 4.26234865188599 4.25435400009155 4.23311710357666
-9999 -9999 -9999 -9999 -9999 23.0054950714111 22.9905834197998 23.0757751464844 23.0391178131104 22.7284736633301 22.263765335083 21.2093658447266 18.2281093597412 11.4341449737549 7.32049226760864 6.29950094223022 5.61293792724609 5.15604162216187 4.82302284240723 4.53783798217773 4.42682790756226 4.34655380249023 4.29914855957031 4.25203466415405 4.20135164260864 4.16859722137451 4.19397687911987 4.21535539627075 4.22975158691406 4.25492286682129 4.2911810874939 4.29378175735474 4.27587795257568 4.24069547653198 4.1997537612915 4.21631813049316 4.24079132080078 4.25996065139771 4.2754430770874 4.26745176315308 4.25584840774536 4.23419094085693 4.22078990936279 4.22014808654785 4.21475315093994 4.20499610900879 4.19315910339355
-9999 -9999 -9999 -9999 -9999 23.2169780731201 23.2512435913086 23.1936511993408 23.2672481536865 22.9047412872314 22.4325084686279 21.5402793884277 18.6026496887207 11.6177444458008 7.41654920578003 6.42731857299805 5.74796056747437 5.28140592575073 4.89058446884155 4.52900648117065 4.37571668624878 4.25918388366699 4.1995530128479 4.14445686340332 4.11676406860352 4.09839487075806 4.11025619506836 4.11880731582642 4.12158298492432 4.13273143768311 4.15249538421631 4.15771436691284 4.1540732383728 4.13625335693359 4.11370706558228 4.12530660629272 4.14163255691528 4.15899038314819 4.17640781402588 4.19420385360718 4.20362758636475 4.18974256515503 4.17996311187744 4.17652893066406 4.16952896118164 4.15925598144531 4.15672588348389
-9999 -9999 -9999 -9999 -9999 -9999 23.4091053009033 23.4843063354492 23.4480972290039 22.9619274139404 22.3607158660889 21.3191814422607 18.3472309112549 11.5555286407471 7.5058126449585 6.6199164390564 5.94630813598633 5.41848707199097 4.9454402923584 4.49354362487793 4.31405401229858 4.18263578414917 4.14351558685303 4.10895538330078 4.09555053710938 4.08659648895264 4.0920729637146 4.09598159790039 4.09715414047241 4.1024055480957 4.11185312271118 4.11454439163208 4.11312007904053 4.10503005981445 4.09471845626831 4.10042858123779 4.10836124420166 4.11736154556274 4.12705993652344 4.14120197296143 4.15014982223511 4.1446385383606 4.14047050476074 4.13837862014771 4.1337103843689 4.12667846679688 4.12439393997192
-9999 -9999 -9999 -9999 -9999 -9999 23.4909381866455 23.5493583679199 23.5932903289795 22.996057510376 22.2627124786377 21.0083866119385 17.9758377075195 11.4246864318848 7.55518341064453 6.7798810005188 6.12067413330078 5.54119539260864 4.99321508407593 4.4573974609375 4.25511169433594 4.11168432235718 4.09335517883301 4.07936429977417 4.0787034034729 4.07818269729614 4.07811832427979 4.07811737060547 4.07822751998901 4.07840824127197 4.07866191864014 4.07882165908813 4.07892465591431 4.07939529418945 4.07998895645142 4.08027410507202 4.08052158355713 4.0815486907959 4.08368301391602 4.09287071228027 4.10017871856689 4.10225486755371 4.10327386856079 4.10265922546387 4.10042285919189 4.09669828414917 4.09432172775269
-9999 -9999 -9999 -9999 -9999 -9999 23.7064743041992 23.439151763916 23.3807239532471 22.8411464691162 21.9999828338623 20.004467010498 16.6682643890381 10.6792211532593 7.18226909637451 6.56079912185669 6.00897932052612 5.50499105453491 4.97152709960938 4.42668104171753 4.23023176193237 4.09526443481445 4.08507394790649 4.07839012145996 4.07815456390381 4.07797193527222 4.07796096801758 4.07796335220337 4.07799053192139 4.07804155349731 4.07811737060547 4.07816505432129 4.0781946182251 4.07839965820312 4.07866334915161 4.07890939712524 4.07915306091309 4.07942628860474 4.0802640914917 4.08469486236572 4.08821630477905 4.08920526504517 4.08993482589722 4.09026384353638 4.08963823318481 4.08813667297363 4.08639001846313
-9999 -9999 -9999 -9999 -9999 25.1176795959473 24.1580467224121 24.1309146881104 23.1359958648682 22.6545143127441 21.7002277374268 18.9362545013428 15.3015584945679 9.94395065307617 6.82987451553345 6.30448198318481 5.82857894897461 5.38666248321533 4.89099836349487 4.37458038330078 4.19822788238525 4.08188581466675 4.07847595214844 4.07764720916748 4.07772445678711 4.07779884338379 4.0778636932373 4.07789421081543 4.07786560058594 4.07782125473022 4.07776117324829 4.07771110534668 4.07766771316528 4.07764720916748 4.07763481140137 4.07780742645264 4.07800245285034 4.07777547836304 4.07766246795654 4.07827281951904 4.07874250411987 4.07881927490234 4.07924652099609 4.08021450042725 4.08078241348267 4.08098316192627 4.07989311218262
-9999 -9999 -9999 -9999 26.619909286499 25.5860214233398 25.1176795959473 23.9444389343262 22.773344039917 22.3515567779541 21.2647075653076 17.632287979126 13.7180204391479 9.24606227874756 6.5527229309082 5.91163301467896 5.39625358581543 4.96720504760742 4.59471750259399 4.24407052993774 4.14010047912598 4.07966089248657 4.07804679870605 4.0777530670166 4.07772922515869 4.07776355743408 4.07798767089844 4.07813596725464 4.07815217971802 4.07813835144043 4.07809400558472 4.0780029296875 4.07788372039795 4.07778644561768 4.07769632339478 4.0776686668396 4.0776515007019 4.07785415649414 4.07805967330933 4.07828235626221 4.07839441299438 4.078200340271 4.07827615737915 4.07876825332642 4.0789999961853 4.07899284362793 4.07865476608276
