Ecospace-environmental-drivers/Outputs/ASCII-for-ecospace/MOM6-ISIMIP3a/tob/1995-01_tob_MOM6-ISIMIP3a.asc
NCOLS 131 
NROWS 53 
XLLCORNER -98 
YLLCORNER 23.9265270233154 
CELLSIZE 0.133587792515755 
NODATA_value -9999 
[rows 21 to 41 of 53, columns 47 to 93 of 131]
21.5349235534668 21.415075302124 21.3025283813477 21.3380069732666 21.3669948577881 20.8117218017578 20.3118991851807 20.0941429138184 19.4852886199951 17.9320907592773 16.6282653808594 15.6667957305908 14.0239677429199 11.8236713409424 9.78890228271484 7.83253955841064 6.94049453735352 6.30275058746338 6.0766716003418 5.85556840896606 5.29525518417358 4.79820251464844 4.56590366363525 4.38405752182007 4.30872249603271 4.2489128112793 4.20807838439941 4.17096710205078 4.13656759262085 4.12208032608032 4.1158390045166 4.11832666397095 4.12252998352051 4.17274761199951 4.22778606414795 4.31326961517334 4.46439027786255 4.84629392623901 5.24271869659424 5.6661114692688 6.25179195404053 7.01428985595703 7.77179718017578 8.52607536315918 9.5386905670166 10.6441040039062 12.0835876464844
18.0414237976074 17.6984920501709 17.4071445465088 17.3301086425781 17.256441116333 16.6814842224121 16.1091327667236 15.5500259399414 14.8083028793335 13.6256313323975 12.6914510726929 12.0984163284302 11.0608329772949 9.65953254699707 8.36025333404541 7.109299659729 6.41943120956421 5.86362504959106 5.645836353302 5.43974113464355 5.06585597991943 4.72267389297485 4.50798749923706 4.33947134017944 4.26842403411865 4.21453809738159 4.18162775039673 4.15262365341187 4.12646484375 4.11437177658081 4.10810327529907 4.10565710067749 4.10396146774292 4.12136888504028 4.14117336273193 4.17748785018921 4.24646711349487 4.43029546737671 4.63152837753296 4.86508321762085 5.20389032363892 5.65737438201904 6.12255096435547 6.59529304504395 7.5449914932251 8.66602039337158 10.0066471099854
14.2691717147827 13.7198095321655 13.2663984298706 13.07399559021 12.8942947387695 12.3362169265747 11.7272930145264 10.8597192764282 10.0363187789917 9.31957626342773 8.82803153991699 8.64565181732178 8.20703125 7.55876207351685 6.96898174285889 6.40690612792969 5.94298648834229 5.50251960754395 5.27830266952515 5.06926298141479 4.86490440368652 4.66129875183105 4.46084499359131 4.30250263214111 4.23306035995483 4.18263673782349 4.15545797348022 4.13412141799927 4.11704063415527 4.10742473602295 4.10090017318726 4.09715795516968 4.0939621925354 4.09274625778198 4.09185028076172 4.09336376190186 4.09586381912231 4.1018328666687 4.12495231628418 4.17992210388184 4.27500009536743 4.41377782821655 4.585120677948 4.7775354385376 5.64711093902588 6.75993299484253 7.99237442016602
10.5174169540405 10.1768980026245 9.92956447601318 9.72697925567627 9.52444458007812 9.19957256317139 8.85790634155273 8.43081092834473 8.02632808685303 7.67644548416138 7.42112827301025 7.29563760757446 7.04551458358765 6.69341993331909 6.26940774917603 5.81132984161377 5.44604730606079 5.1029372215271 4.93779373168945 4.78579711914062 4.64720392227173 4.51565217971802 4.41357135772705 4.31733226776123 4.23342609405518 4.17325019836426 4.14207696914673 4.12220525741577 4.11056518554688 4.10275936126709 4.09654092788696 4.09304666519165 4.09008836746216 4.08969259262085 4.08952236175537 4.0906286239624 4.09217643737793 4.09527635574341 4.10600996017456 4.13091993331909 4.17392063140869 4.23663187026978 4.31573104858398 4.40543365478516 4.83513164520264 5.38696098327637 6.63632392883301
7.27705478668213 7.10338544845581 7.01273822784424 6.80512142181396 6.58961772918701 6.48443365097046 6.38823080062866 6.33771181106567 6.28742456436157 6.23769855499268 6.17764091491699 6.10339832305908 6.00002717971802 5.87282466888428 5.59107255935669 5.23611354827881 4.97050714492798 4.72624969482422 4.62437105178833 4.53306102752686 4.45321035385132 4.38403367996216 4.35952806472778 4.31472492218018 4.2270712852478 4.16371583938599 4.13005685806274 4.11178112030029 4.10471057891846 4.09856367111206 4.0927996635437 4.08960771560669 4.08692073822021 4.08718585968018 4.08759260177612 4.08831644058228 4.08905124664307 4.08982515335083 4.09049606323242 4.09097576141357 4.09147977828979 4.09201049804688 4.09550619125366 4.1009202003479 4.16542196273804 4.25114870071411 5.42580986022949
6.27900218963623 6.08805274963379 5.93752861022949 5.74746036529541 5.5622501373291 5.61748075485229 5.67117214202881 5.71703720092773 5.73715925216675 5.69512176513672 5.65068531036377 5.60295486450195 5.46329736709595 5.24842834472656 5.00585985183716 4.75017023086548 4.58879280090332 4.44995021820068 4.42971324920654 4.41506576538086 4.36316633224487 4.31392431259155 4.27580308914185 4.23566007614136 4.19124889373779 4.15353345870972 4.12400197982788 4.10789966583252 4.10157871246338 4.09643077850342 4.09176921844482 4.08911371231079 4.08685255050659 4.08707857131958 4.08740901947021 4.08785772323608 4.08838987350464 4.08921813964844 4.09001398086548 4.09074926376343 4.09076595306396 4.08999967575073 4.09085607528687 4.09276342391968 4.1195240020752 4.15521287918091 4.85343313217163
5.42981004714966 5.2475733757019 5.07351493835449 4.92934608459473 4.79838275909424 4.94134378433228 5.07725429534912 5.17730140686035 5.23737192153931 5.20091581344604 5.15930986404419 5.11063385009766 4.95693159103394 4.71730041503906 4.53379440307617 4.3768744468689 4.29937744140625 4.24085760116577 4.27173709869385 4.30468225479126 4.27830076217651 4.24894189834595 4.20711851119995 4.17382431030273 4.15853643417358 4.13964939117432 4.11636400222778 4.10362243652344 4.09856128692627 4.09465408325195 4.09122514724731 4.08896493911743 4.0869345664978 4.08705854415894 4.0872654914856 4.08750343322754 4.0878734588623 4.08871078491211 4.08955049514771 4.09039449691772 4.08999109268188 4.08822822570801 4.08728313446045 4.0868673324585 4.0876259803772 4.08880662918091 4.40026044845581
4.90540742874146 4.78859806060791 4.67029762268066 4.63388586044312 4.60943269729614 4.68153953552246 4.75201082229614 4.81416130065918 4.84772157669067 4.81224775314331 4.74556446075439 4.63603544235229 4.51681661605835 4.38966941833496 4.30860090255737 4.24935817718506 4.21134376525879 4.17840099334717 4.19379329681396 4.21090602874756 4.20473432540894 4.19514465332031 4.17125034332275 4.14958143234253 4.13260984420776 4.11768817901611 4.1052713394165 4.09848308563232 4.09579420089722 4.0936541557312 4.09174203872681 4.08956956863403 4.08734560012817 4.08722877502441 4.08720922470093 4.08737754821777 4.08767366409302 4.08842086791992 4.08912754058838 4.08975982666016 4.08908319473267 4.08698034286499 4.0860595703125 4.08590412139893 4.08627223968506 4.08682870864868 4.20717334747314
4.55418539047241 4.48764562606812 4.41706943511963 4.43971681594849 4.47146940231323 4.49141073226929 4.51317262649536 4.54419469833374 4.55266761779785 4.50669240951538 4.43097686767578 4.31443214416504 4.23461198806763 4.18483829498291 4.16628313064575 4.16251564025879 4.15072870254517 4.13702535629272 4.14366245269775 4.15145921707153 4.15580081939697 4.15703773498535 4.14528131484985 4.13198757171631 4.1154465675354 4.10374689102173 4.0979642868042 4.09491920471191 4.09386730194092 4.09296798706055 4.0921311378479 4.09002065658569 4.08765935897827 4.08730268478394 4.08706378936768 4.08724594116211 4.08755302429199 4.08829927444458 4.08895301818848 4.08943557739258 4.08858919143677 4.08629560470581 4.08530855178833 4.08516693115234 4.08526229858398 4.08544254302979 4.0960807800293
4.42083883285522 4.385498046875 4.3525390625 4.37298059463501 4.39765167236328 4.38893938064575 4.3830394744873 4.39144802093506 4.37662363052368 4.30569982528687 4.24113798141479 4.18530988693237 4.15107202529907 4.13449859619141 4.12823057174683 4.12684345245361 4.12460803985596 4.12216997146606 4.12852191925049 4.1352014541626 4.13785791397095 4.13867092132568 4.1317663192749 4.12275791168213 4.10930776596069 4.09989595413208 4.09542036056519 4.09333753585815 4.09299755096436 4.09267473220825 4.09235954284668 4.09027814865112 4.08785009384155 4.08725595474243 4.0868067741394 4.08710765838623 4.08753156661987 4.08838939666748 4.0890908241272 4.08950233459473 4.08861684799194 4.08631944656372 4.08515119552612 4.08471345901489 4.08468389511108 4.084801197052 4.08814430236816
4.32892084121704 4.30765390396118 4.29115867614746 4.30907249450684 4.32892322540283 4.30599546432495 4.2854266166687 4.27685880661011 4.25175952911377 4.18674230575562 4.14013004302979 4.11878442764282 4.10811710357666 4.10618734359741 4.10558176040649 4.10560369491577 4.10734033584595 4.10948657989502 4.11532354354858 4.12118148803711 4.12364673614502 4.12484169006348 4.12071895599365 4.11472272872925 4.10476970672607 4.09779834747314 4.09447002410889 4.09294080734253 4.09272146224976 4.09232473373413 4.09185457229614 4.08998107910156 4.08783197402954 4.08718776702881 4.08668899536133 4.08707141876221 4.08755970001221 4.08842086791992 4.08910083770752 4.08944463729858 4.08865594863892 4.0866322517395 4.0853066444397 4.08443355560303 4.08427715301514 4.08437824249268 4.08462429046631
4.26807498931885 4.24803686141968 4.23214149475098 4.24728536605835 4.26401233673096 4.23769807815552 4.2122049331665 4.19088840484619 4.16528081893921 4.12931156158447 4.10574579238892 4.09920740127563 4.09560203552246 4.09439659118652 4.09448575973511 4.09518766403198 4.0967116355896 4.09843158721924 4.10358238220215 4.10884046554565 4.11223363876343 4.11441516876221 4.11152315139771 4.10758352279663 4.10143327713013 4.09701538085938 4.09471559524536 4.09343290328979 4.09289121627808 4.09193181991577 4.0907998085022 4.08926820755005 4.0876579284668 4.08710336685181 4.0866756439209 4.08711194992065 4.08762502670288 4.08840799331665 4.08901453018188 4.08929443359375 4.08870267868042 4.08716154098511 4.08569765090942 4.08428287506104 4.08399820327759 4.08411884307861 4.08441638946533
4.2227725982666 4.20581960678101 4.19143629074097 4.19855928421021 4.20668840408325 4.18254089355469 4.15893650054932 4.13809537887573 4.11832427978516 4.10113620758057 4.09072685241699 4.08962392807007 4.0888500213623 4.08834648132324 4.08870506286621 4.08947277069092 4.09061622619629 4.0918493270874 4.09556865692139 4.09944295883179 4.10308694839478 4.10571384429932 4.10408449172974 4.10183334350586 4.09826946258545 4.09566020965576 4.09421682357788 4.09315633773804 4.09237384796143 4.09116411209106 4.08977699279785 4.08869934082031 4.08768272399902 4.08732223510742 4.08704423904419 4.08733654022217 4.0876932144165 4.0882773399353 4.08876037597656 4.08905601501465 4.08854293823242 4.08714818954468 4.0856761932373 4.08415412902832 4.08385992050171 4.08400678634644 4.08426904678345
4.18413209915161 4.17106008529663 4.15857887268066 4.15543079376221 4.15261650085449 4.13301515579224 4.11421918869019 4.09952163696289 4.08830595016479 4.08549928665161 4.08400821685791 4.08432340621948 4.0845685005188 4.08475589752197 4.08520269393921 4.08577251434326 4.08646392822266 4.08718490600586 4.08915281295776 4.09130620956421 4.09491109848022 4.09775257110596 4.09739875793457 4.09667778015137 4.09518003463745 4.09405946731567 4.09339952468872 4.09255027770996 4.09156227111816 4.09023523330688 4.08876800537109 4.0881929397583 4.08779287338257 4.08767175674438 4.08757638931274 4.08763980865479 4.0877628326416 4.08809614181519 4.08843421936035 4.08877992630005 4.088294506073 4.08690214157104 4.08547878265381 4.08403491973877 4.08378219604492 4.08395767211914 4.08414697647095
4.15470790863037 4.14304351806641 4.13122987747192 4.12587833404541 4.12087059020996 4.10728454589844 4.09467554092407 4.08703660964966 4.08160734176636 4.08151388168335 4.08156871795654 4.08182811737061 4.08231163024902 4.08297920227051 4.08367776870728 4.08439111709595 4.08499145507812 4.08556461334229 4.08695220947266 4.08844757080078 4.09069347381592 4.09259462356567 4.09305191040039 4.09319639205933 4.09268045425415 4.09227275848389 4.09199619293213 4.09140634536743 4.09058856964111 4.08954858779907 4.08841705322266 4.08806085586548 4.08785724639893 4.08761548995972 4.08741426467896 4.08762168884277 4.08783960342407 4.08809471130371 4.08831548690796 4.08847188949585 4.0877833366394 4.08617353439331 4.08496141433716 4.08400630950928 4.08384084701538 4.08395910263062 4.08407354354858
4.12719106674194 4.11642169952393 4.10502052307129 4.09913492202759 4.09374380111694 4.08647727966309 4.08034038543701 4.07994937896729 4.07973337173462 4.0799388885498 4.08001518249512 4.07991313934326 4.08047389984131 4.08157730102539 4.08256149291992 4.08348989486694 4.08407354354858 4.08457469940186 4.0856237411499 4.08668041229248 4.0872950553894 4.08801746368408 4.08918857574463 4.09006118774414 4.09030294418335 4.09044694900513 4.09047079086304 4.09015130996704 4.08958101272583 4.08891248703003 4.08820295333862 4.0880069732666 4.08791208267212 4.08747577667236 4.08710861206055 4.08753681182861 4.08791780471802 4.08813047409058 4.0882396697998 4.08815717697144 4.08721780776978 4.08534526824951 4.08437824249268 4.08399677276611 4.08392763137817 4.08397102355957 4.08401012420654
4.10488557815552 4.09824752807617 4.09137296676636 4.08807563781738 4.085129737854 4.08179807662964 4.07898998260498 4.07884645462036 4.07875823974609 4.07880210876465 4.07887506484985 4.07898712158203 4.07948684692383 4.08030366897583 4.08104848861694 4.08175849914551 4.08226442337036 4.08272171020508 4.08367824554443 4.08463048934937 4.08502388000488 4.08550786972046 4.08637094497681 4.08705615997314 4.08736515045166 4.087730884552 4.08816576004028 4.08828449249268 4.0881724357605 4.08761978149414 4.08688449859619 4.08639001846313 4.08594274520874 4.08556413650513 4.08524560928345 4.08548593521118 4.08574485778809 4.08606910705566 4.08651781082153 4.08719873428345 4.0868558883667 4.08539724349976 4.08444404602051 4.08381748199463 4.08367013931274 4.08369445800781 4.08378219604492
4.08437871932983 4.08177995681763 4.07935047149658 4.07858467102051 4.07801723480225 4.07818698883057 4.07829570770264 4.07809257507324 4.07791185379028 4.07778596878052 4.07784032821655 4.07814168930054 4.07856512069702 4.07908916473389 4.07958126068115 4.08005905151367 4.08048295974731 4.08089399337769 4.08175468444824 4.08260488510132 4.08285570144653 4.08315944671631 4.08368396759033 4.08415079116821 4.08449411392212 4.08504152297974 4.08583736419678 4.08635425567627 4.08666706085205 4.08623933792114 4.08550453186035 4.08475971221924 4.08401250839233 4.08367681503296 4.08339405059814 4.08347415924072 4.08362722396851 4.08403873443604 4.08478403091431 4.08615112304688 4.08637857437134 4.08536577224731 4.08445405960083 4.08360719680786 4.08339929580688 4.083420753479 4.08356237411499
4.08056831359863 4.07947874069214 4.07865858078003 4.07833480834961 4.0780782699585 4.07827043533325 4.07839822769165 4.07820224761963 4.07801389694214 4.07784557342529 4.07772970199585 4.07768630981445 4.07794094085693 4.07843923568726 4.07880067825317 4.07909727096558 4.07942008972168 4.079749584198 4.08036184310913 4.08097076416016 4.08125019073486 4.08154344558716 4.08189392089844 4.08224725723267 4.08260536193848 4.0830602645874 4.08363342285156 4.08403921127319 4.08432340621948 4.08423662185669 4.08399629592896 4.08373498916626 4.08346939086914 4.08289432525635 4.08240127563477 4.08281850814819 4.08317899703979 4.08334016799927 4.08370685577393 4.08445501327515 4.08457946777344 4.08402490615845 4.08355808258057 4.08314800262451 4.08315372467041 4.08330869674683 4.08350372314453
4.07762098312378 4.07768869400024 4.07804775238037 4.07811641693115 4.07816123962402 4.07836008071899 4.07848596572876 4.07823753356934 4.0780029296875 4.07780170440674 4.07757377624512 4.07731008529663 4.07742118835449 4.07783842086792 4.07806491851807 4.07820177078247 4.07843065261841 4.07868146896362 4.07908344268799 4.07948732376099 4.07978057861328 4.08005952835083 4.08028030395508 4.08054876327515 4.08091831207275 4.08129215240479 4.08167219161987 4.0819787979126 4.08223247528076 4.08243608474731 4.08261919021606 4.08276319503784 4.0829005241394 4.0822286605835 4.0816502571106 4.08227872848511 4.082763671875 4.08274459838867 4.08281803131104 4.08306360244751 4.08310842514038 4.08293390274048 4.08283805847168 4.08279371261597 4.0829815864563 4.08325338363647 4.08348703384399
4.07783699035645 4.07777261734009 4.07773494720459 4.07801532745361 4.07832288742065 4.07847499847412 4.0785174369812 4.07800102233887 4.07757759094238 4.07737827301025 4.07725191116333 4.07722568511963 4.0772852897644 4.07741498947144 4.07749319076538 4.07754707336426 4.07770776748657 4.07789373397827 4.07822322845459 4.07855653762817 4.07880878448486 4.07906055450439 4.07931137084961 4.07960081100464 4.07997179031372 4.08030843734741 4.08060312271118 4.08085250854492 4.08106899261475 4.08137702941895 4.0817232131958 4.08198833465576 4.08223724365234 4.08199167251587 4.08178758621216 4.08216381072998 4.08246946334839 4.08252668380737 4.08262252807617 4.0827898979187 4.08283853530884 4.08275699615479 4.08276224136353 4.08282327651978 4.08307933807373 4.08340549468994 4.08362293243408
