Ecospace-environmental-drivers/Outputs/ASCII-for-ecospace/MOM6-ISIMIP3a/tob/1995-11_tob_MOM6-ISIMIP3a.asc
NCOLS 131 
NROWS 53 
XLLCORNER -98 
YLLCORNER 23.9265270233154 
CELLSIZE 0.133587792515755 
NODATA_value -9999 
[rows 21 to 41 of 53, columns 47 to 93 of 131]
23.0954551696777 22.8379821777344 22.5926189422607 22.6246566772461 22.6589622497559 21.9879474639893 21.3778171539307 21.0773944854736 20.2817268371582 18.2902355194092 16.6983337402344 15.6550121307373 13.9648246765137 11.7453880310059 9.7018871307373 7.74172353744507 6.8396167755127 6.19031524658203 5.96902942657471 5.75672626495361 5.24718523025513 4.79198789596558 4.56422185897827 4.38387584686279 4.30363750457764 4.23865127563477 4.19230556488037 4.16345739364624 4.14735412597656 4.13616132736206 4.12700176239014 4.12710571289062 4.12903070449829 4.18554449081421 4.24674463272095 4.33397960662842 4.48522329330444 4.86152696609497 5.2594256401062 5.69742822647095 6.30810594558716 7.10691928863525 7.87884569168091 8.63337516784668 9.65997219085693 10.7842998504639 12.2206134796143
18.9248943328857 18.528678894043 18.1943035125732 18.0642127990723 17.9350700378418 17.2670230865479 16.6066856384277 15.9855680465698 15.1443738937378 13.7717866897583 12.7171516418457 12.099024772644 11.0347833633423 9.60554313659668 8.30141067504883 7.05653858184814 6.34536409378052 5.76170825958252 5.54780769348145 5.35037231445312 5.02287101745605 4.7185959815979 4.51152420043945 4.34576606750488 4.26722431182861 4.20665979385376 4.16806697845459 4.14454174041748 4.13199090957642 4.1229510307312 4.11536550521851 4.11097049713135 4.10720252990723 4.12858152389526 4.15229225158691 4.18968057632446 4.25923538208008 4.44188928604126 4.64643144607544 4.89162302017212 5.24412059783936 5.71353149414062 6.18799638748169 6.66573143005371 7.63692426681519 8.78537464141846 10.1020126342773
14.546160697937 14.0258092880249 13.6153020858765 13.3242225646973 13.0331783294678 12.4130477905273 11.7450838088989 10.8337926864624 9.99094676971436 9.31336784362793 8.85126876831055 8.6849946975708 8.2293586730957 7.53697299957275 6.94127130508423 6.39136600494385 5.89719581604004 5.41634225845337 5.19319343566895 4.99048328399658 4.8275728225708 4.65951776504517 4.46993255615234 4.31558418273926 4.23562431335449 4.17725706100464 4.14527893066406 4.12643814086914 4.11716556549072 4.11021280288696 4.10422039031982 4.09939956665039 4.09480857849121 4.09476280212402 4.09503269195557 4.09675121307373 4.09998559951782 4.10855197906494 4.13541698455811 4.19626379013062 4.29361581802368 4.43074131011963 4.60806512832642 4.81139945983887 5.70700454711914 6.85128402709961 8.04752540588379
10.6440944671631 10.3005151748657 10.0545539855957 9.82723903656006 9.59774780273438 9.25797462463379 8.896315574646 8.42332935333252 7.98589181900024 7.63428926467896 7.38842058181763 7.28771114349365 7.03614950180054 6.66116428375244 6.23951148986816 5.79575300216675 5.42866659164429 5.07989978790283 4.92378091812134 4.78155755996704 4.64895439147949 4.52189922332764 4.41806411743164 4.31998348236084 4.23405122756958 4.17296981811523 4.14226150512695 4.12321901321411 4.11267471313477 4.10508441925049 4.09871768951416 4.09456348419189 4.09084463119507 4.09104919433594 4.09149169921875 4.09284257888794 4.09481382369995 4.09896516799927 4.11130571365356 4.13885450363159 4.18284940719604 4.24476337432861 4.32650470733643 4.42107486724854 4.87033176422119 5.44699764251709 6.73718976974487
7.28089237213135 7.08207035064697 6.96206998825073 6.78494691848755 6.60551500320435 6.52158880233765 6.43630647659302 6.34412860870361 6.25439834594727 6.17057752609253 6.10237836837769 6.05562591552734 5.96430397033691 5.83651685714722 5.56449222564697 5.22414588928223 4.97728538513184 4.75276184082031 4.66447162628174 4.58410596847534 4.48286294937134 4.39442729949951 4.35959196090698 4.30921745300293 4.22603893280029 4.16738271713257 4.1386981010437 4.11994409561157 4.10842323303223 4.10045146942139 4.09395027160645 4.09047174453735 4.08758735656738 4.08798933029175 4.08855485916138 4.08953237533569 4.09041500091553 4.09096479415894 4.09148406982422 4.09194564819336 4.09240674972534 4.09286689758301 4.09628868103027 4.10162687301636 4.17893886566162 4.28210496902466 5.55769634246826
6.28046607971191 6.08601856231689 5.92279243469238 5.73634910583496 5.55657529830933 5.62103128433228 5.68089818954468 5.71741962432861 5.72239255905151 5.65118646621704 5.59157752990723 5.54788875579834 5.42460346221924 5.2361946105957 5.00672149658203 4.75779628753662 4.60109090805054 4.46641969680786 4.44946050643921 4.43696308135986 4.37169790267944 4.31144380569458 4.27216148376465 4.23195314407349 4.18978977203369 4.15609264373779 4.1327428817749 4.11642169952393 4.10521984100342 4.09799146652222 4.09240818023682 4.0896430015564 4.08743143081665 4.08779716491699 4.08826923370361 4.08884525299072 4.0894079208374 4.08992290496826 4.09047079086304 4.09108018875122 4.09107685089111 4.09040641784668 4.09120416641235 4.09295272827148 4.12455749511719 4.1668872833252 4.95190620422363
5.43074750900269 5.25947713851929 5.08628463745117 4.93211269378662 4.79030561447144 4.92976713180542 5.06428384780884 5.17364740371704 5.23389530181885 5.1755485534668 5.11906337738037 5.06513404846191 4.92829513549805 4.72362184524536 4.55194759368896 4.39590406417847 4.31400108337402 4.24981260299683 4.27735376358032 4.3068151473999 4.27250480651855 4.23764514923096 4.20048522949219 4.17093753814697 4.15746021270752 4.1419825553894 4.12405872344971 4.11105871200562 4.10164451599121 4.095787525177 4.09140396118164 4.08918190002441 4.0873851776123 4.08766603469849 4.08801698684692 4.08829545974731 4.08862161636353 4.08911657333374 4.08967876434326 4.09036684036255 4.08994770050049 4.08832216262817 4.08733510971069 4.08676099777222 4.08708000183105 4.08772039413452 4.46292686462402
4.90985250473022 4.80278348922729 4.69219160079956 4.66103887557983 4.64078140258789 4.69514989852905 4.75049829483032 4.81083059310913 4.84032821655273 4.79537296295166 4.73008680343628 4.63688850402832 4.52666234970093 4.40250396728516 4.32189798355103 4.26192235946655 4.2213249206543 4.18535804748535 4.19885635375977 4.21374607086182 4.19943237304688 4.18388557434082 4.16318082809448 4.14537334442139 4.13368272781372 4.1217188835144 4.10942220687866 4.10168027877808 4.09725570678711 4.09414291381836 4.0915732383728 4.08952474594116 4.08757829666138 4.08766889572144 4.0878381729126 4.08804559707642 4.08831882476807 4.08882474899292 4.08936929702759 4.08998537063599 4.08925580978394 4.08705997467041 4.08611726760864 4.08598613739014 4.08648538589478 4.08721208572388 4.22881126403809
4.56486845016479 4.50611734390259 4.44465494155884 4.47474241256714 4.51281261444092 4.51339244842529 4.51803350448608 4.54333209991455 4.54699850082397 4.49842929840088 4.43030261993408 4.33532667160034 4.2591700553894 4.19841146469116 4.17502641677856 4.16934442520142 4.15589904785156 4.1405987739563 4.14669227600098 4.1536169052124 4.15125131607056 4.14726877212524 4.13652038574219 4.12609624862671 4.11635541915894 4.10752391815186 4.09980344772339 4.09579038619995 4.09447717666626 4.09313297271729 4.09177589416504 4.08981370925903 4.08773231506348 4.08761310577393 4.08759164810181 4.08781862258911 4.08811807632446 4.08867168426514 4.08921384811401 4.08973455429077 4.08886337280273 4.08647584915161 4.08549976348877 4.08543729782104 4.08592557907104 4.08661127090454 4.09543561935425
4.44119453430176 4.41077995300293 4.38149785995483 4.395103931427 4.41196298599243 4.39813661575317 4.38787603378296 4.39575290679932 4.3797755241394 4.30619859695435 4.24273109436035 4.19314193725586 4.16043710708618 4.14154577255249 4.13279867172241 4.12885618209839 4.12475633621216 4.12061834335327 4.12765789031982 4.13492822647095 4.13438606262207 4.13221883773804 4.12325048446655 4.11472749710083 4.10714435577393 4.10096406936646 4.09649801254272 4.09428882598877 4.09372425079346 4.0929217338562 4.0920205116272 4.0900354385376 4.08783721923828 4.08748388290405 4.08725929260254 4.08762073516846 4.08804607391357 4.08869361877441 4.08925294876099 4.08964824676514 4.08884763717651 4.08674478530884 4.08563709259033 4.08517360687256 4.08540868759155 4.0858941078186 4.08879947662354
4.35238075256348 4.33438539505005 4.31918907165527 4.32523918151855 4.33233737945557 4.30903005599976 4.28848218917847 4.28197145462036 4.25744819641113 4.1894326210022 4.14110040664673 4.11979007720947 4.10979175567627 4.10904836654663 4.10745143890381 4.10545015335083 4.1059455871582 4.10703754425049 4.11316204071045 4.11927843093872 4.12024736404419 4.11981534957886 4.11352396011353 4.10752153396606 4.10213088989258 4.09796714782715 4.09530258178711 4.09389591217041 4.09340572357178 4.09262466430664 4.09172344207764 4.08986520767212 4.08781862258911 4.08737421035767 4.08706474304199 4.08749294281006 4.08797597885132 4.08865118026733 4.08920240402222 4.08952331542969 4.08897018432617 4.08746433258057 4.08617448806763 4.08502531051636 4.08495330810547 4.08526849746704 4.08563899993896
4.28971338272095 4.27219820022583 4.25751686096191 4.26270484924316 4.26862955093384 4.23953580856323 4.21216201782227 4.19353866577148 4.16879320144653 4.12926578521729 4.10392618179321 4.09806346893311 4.09521341323853 4.09482717514038 4.09476518630981 4.09485626220703 4.09638452529907 4.09825658798218 4.10207033157349 4.10590791702271 4.10815286636353 4.10939741134644 4.10645437240601 4.10343837738037 4.100266456604 4.09764289855957 4.09569025039673 4.0943341255188 4.09341335296631 4.09226417541504 4.09102058410645 4.08940124511719 4.08770799636841 4.08727931976318 4.08697414398193 4.08741807937622 4.08790826797485 4.08856058120728 4.08908462524414 4.08937072753906 4.08919668197632 4.08852195739746 4.08701276779175 4.08496332168579 4.08454370498657 4.08471012115479 4.08508539199829
4.2386679649353 4.22162199020386 4.20669984817505 4.20865678787231 4.21123838424683 4.1840353012085 4.15827226638794 4.13983201980591 4.12097501754761 4.10111093521118 4.08939218521118 4.08885669708252 4.08853435516357 4.08838701248169 4.08872032165527 4.08928108215332 4.09085702896118 4.09267568588257 4.09514427185059 4.09765768051147 4.100172996521 4.10203790664673 4.10118293762207 4.1000542640686 4.09834766387939 4.09670972824097 4.09515523910522 4.09383010864258 4.0926718711853 4.09141969680786 4.09012794494629 4.08889007568359 4.08766269683838 4.08733367919922 4.0870943069458 4.08740568161011 4.08776426315308 4.08828830718994 4.08874702453613 4.08908319473267 4.08908605575562 4.08872509002686 4.08717632293701 4.08485984802246 4.0843358039856 4.08445596694946 4.08479642868042
4.19260358810425 4.17602157592773 4.16053533554077 4.15824604034424 4.15655517578125 4.1345329284668 4.11399555206299 4.10100889205933 4.09065914154053 4.08667516708374 4.08456182479858 4.08501529693604 4.08524131774902 4.08528184890747 4.08552217483521 4.08585691452026 4.08705806732178 4.08846664428711 4.09000396728516 4.09160184860229 4.09395599365234 4.09598970413208 4.09668159484863 4.09696960449219 4.09640598297119 4.09551572799683 4.09422540664673 4.09292221069336 4.09160947799683 4.09036731719971 4.08915376663208 4.0883584022522 4.08764553070068 4.08745241165161 4.08730554580688 4.08742046356201 4.08758735656738 4.08793830871582 4.0883150100708 4.08873796463013 4.08882999420166 4.08856153488159 4.08705139160156 4.08473825454712 4.0842137336731 4.08433198928833 4.0846209526062
4.16543912887573 4.14883327484131 4.1311674118042 4.12694215774536 4.12364959716797 4.10837936401367 4.09450817108154 4.08775186538696 4.08282375335693 4.08230924606323 4.08222150802612 4.08271932601929 4.08313894271851 4.08349466323853 4.08405447006226 4.08471155166626 4.08572292327881 4.08681917190552 4.08819150924683 4.08960628509521 4.09135437011719 4.09293794631958 4.09383392333984 4.09436845779419 4.09414100646973 4.0935230255127 4.09242820739746 4.09136581420898 4.09032726287842 4.08944702148438 4.08863306045532 4.08802080154419 4.08744812011719 4.08707904815674 4.08675861358643 4.08683776855469 4.0869345664978 4.08709192276001 4.08747386932373 4.08827352523804 4.08825302124023 4.08733987808228 4.08604860305786 4.08451271057129 4.08419370651245 4.08431196212769 4.08454036712646
4.14218473434448 4.12545490264893 4.10527467727661 4.09959125518799 4.09524965286255 4.08705711364746 4.08015012741089 4.07978487014771 4.07963991165161 4.08002710342407 4.08039665222168 4.08074331283569 4.08128309249878 4.08198070526123 4.08294582366943 4.08403730392456 4.0848970413208 4.08570146560669 4.0870680809021 4.08845043182373 4.08950042724609 4.09050607681274 4.09132814407349 4.09186744689941 4.09180927276611 4.09136533737183 4.09045076370239 4.08967447280884 4.08899927139282 4.08855485916138 4.08820629119873 4.08772277832031 4.08721303939819 4.08660364151001 4.08605432510376 4.08613204956055 4.08618354797363 4.08614253997803 4.08654880523682 4.08778429031372 4.08760976791382 4.08589935302734 4.08486413955688 4.08426570892334 4.08419513702393 4.08431339263916 4.08447933197021
4.11452198028564 4.10404062271118 4.0915060043335 4.08828783035278 4.08597087860107 4.08221817016602 4.07906293869019 4.07894325256348 4.07888603210449 4.07897806167603 4.07916975021362 4.07949829101562 4.07992076873779 4.08042001724243 4.08121204376221 4.08214235305786 4.08293914794922 4.08370399475098 4.08497953414917 4.08627653121948 4.08737850189209 4.08843564987183 4.08930540084839 4.08990335464478 4.08992910385132 4.08972501754761 4.08924007415771 4.08876800537109 4.08830499649048 4.08769559860229 4.08702516555786 4.08651161193848 4.08602905273438 4.0855450630188 4.08509826660156 4.08501863479614 4.08494281768799 4.08487892150879 4.08519649505615 4.08622360229492 4.08658361434937 4.08621644973755 4.08533716201782 4.08412551879883 4.08392000198364 4.08407592773438 4.08426761627197
4.08854341506958 4.08423852920532 4.07936716079712 4.0785927772522 4.07825803756714 4.07846879959106 4.07862043380737 4.07847499847412 4.07830667495728 4.07808399200439 4.07807445526123 4.07835817337036 4.07865428924561 4.07896089553833 4.0795636177063 4.08030605316162 4.08102989196777 4.08174896240234 4.08290004730225 4.08407926559448 4.08523654937744 4.08634567260742 4.08725500106812 4.08791255950928 4.08804035186768 4.08808517456055 4.08802843093872 4.08785104751587 4.08758497238159 4.08682441711426 4.08585929870605 4.08532524108887 4.08487606048584 4.0844988822937 4.08414173126221 4.08395290374756 4.08378744125366 4.08370304107666 4.08391618728638 4.08468008041382 4.08551645278931 4.0864315032959 4.08572387695312 4.08396530151367 4.08364629745483 4.08384370803833 4.08406400680542
4.08263969421387 4.08069753646851 4.07882642745972 4.07838869094849 4.07812023162842 4.07845973968506 4.07872009277344 4.07857894897461 4.07842779159546 4.0782527923584 4.07810306549072 4.0779881477356 4.07817316055298 4.07860374450684 4.0791187286377 4.07967281341553 4.08017301559448 4.08065986633301 4.08137655258179 4.08211851119995 4.08300161361694 4.08387088775635 4.08468103408813 4.08537817001343 4.08583736419678 4.08620071411133 4.08644676208496 4.08645105361938 4.08628034591675 4.08580780029297 4.08521032333374 4.08483743667603 4.08450841903687 4.08386898040771 4.08330488204956 4.08358860015869 4.08377552032471 4.08362054824829 4.08360052108765 4.08382987976074 4.08419752120972 4.08471536636353 4.08440113067627 4.08354806900024 4.08351755142212 4.08378267288208 4.08402061462402
4.07802104949951 4.07791900634766 4.07830667495728 4.07819890975952 4.0780611038208 4.07846593856812 4.07877540588379 4.07859706878662 4.07843208312988 4.07829999923706 4.07807064056396 4.07770729064941 4.07780122756958 4.07826900482178 4.0786657333374 4.07902908325195 4.07932138442993 4.07959747314453 4.07993984222412 4.08030319213867 4.080894947052 4.08149862289429 4.08215236663818 4.0828070640564 4.08346557617188 4.08403396606445 4.0844931602478 4.0846700668335 4.084641456604 4.0844841003418 4.08427333831787 4.08409643173218 4.0839262008667 4.0831995010376 4.08258152008057 4.0832314491272 4.08370018005371 4.08353042602539 4.08335399627686 4.08316659927368 4.08315658569336 4.08334064483643 4.08334493637085 4.08323335647583 4.08343935012817 4.08375883102417 4.08400583267212
4.07811641693115 4.07793712615967 4.07786226272583 4.07806301116943 4.07829189300537 4.07853078842163 4.07866907119751 4.07829904556274 4.07800626754761 4.07789993286133 4.07781267166138 4.07775163650513 4.07782793045044 4.07801532745361 4.07818508148193 4.07834672927856 4.07849168777466 4.07863283157349 4.07882213592529 4.07901811599731 4.07925605773926 4.07950353622437 4.07978868484497 4.08010149002075 4.08047246932983 4.08083200454712 4.08117818832397 4.0814905166626 4.08177852630615 4.08203601837158 4.08228158950806 4.08242845535278 4.08255624771118 4.08238410949707 4.082275390625 4.08290004730225 4.08339023590088 4.08341073989868 4.0833625793457 4.08318662643433 4.08313465118408 4.08321762084961 4.08326721191406 4.0832953453064 4.08354377746582 4.08387136459351 4.08409738540649
