Ecospace-environmental-drivers/Outputs/ASCII-for-ecospace/MOM6-ISIMIP3a/tob/1996-12_tob_MOM6-ISIMIP3a.asc
NCOLS 131 
NROWS 53 
XLLCORNER -98 
YLLCORNER 23.9265270233154 
CELLSIZE 0.133587792515755 
NODATA_value -9999 
[rows 21 to 41 of 53, columns 0 to 46 of 131]
-9999 -9999 -9999 -9999 -9999 -9999 20.1007785797119 20.1247787475586 20.1923484802246 20.2712440490723 20.1443748474121 19.6728172302246 19.7905616760254 20.1412906646729 20.4865264892578 20.8254261016846 21.1607074737549 21.4935073852539 21.7786827087402 22.0454692840576 22.2579879760742 22.4609317779541 22.5503749847412 22.630916595459 22.6579990386963 22.6959056854248 22.7689113616943 22.8340702056885 22.8855381011963 22.9353713989258 22.9835262298584 22.9834423065186 22.953971862793 22.7953414916992 22.5936584472656 22.5304756164551 22.4864559173584 22.4452705383301 22.397123336792 22.3046264648438 22.2317314147949 22.2133979797363 22.2047843933105 22.2111930847168 22.2023258209229 22.1794357299805 22.0073776245117
-9999 -9999 -9999 -9999 -9999 -9999 20.1012439727783 20.1007785797119 20.1487770080566 20.248592376709 20.2712440490723 20.4890651702881 20.7757987976074 21.1988868713379 21.5402240753174 21.7872333526611 22.0177021026611 22.2368144989014 22.1196041107178 21.8725261688232 21.1885051727295 20.4273777008057 20.3551139831543 20.3004169464111 20.2663822174072 20.3108520507812 20.6098594665527 20.8737087249756 21.076208114624 21.3442134857178 21.6796245574951 21.8466968536377 21.9112205505371 21.887523651123 21.8344211578369 21.6613082885742 21.4705619812012 21.1342296600342 20.6982040405273 19.6272983551025 18.8901462554932 19.0820865631104 19.1740894317627 19.1116504669189 19.1493225097656 19.2788772583008 18.9283447265625
-9999 -9999 -9999 -9999 19.9966278076172 20.0750408172607 20.0932369232178 20.1097183227539 20.1007785797119 20.1967754364014 20.425573348999 21.1626815795898 21.7987079620361 22.2347278594971 22.5080032348633 22.5934944152832 22.6359024047852 22.6487236022949 22.0864067077637 21.3020076751709 19.7263031005859 18.0109558105469 17.7891540527344 17.6107997894287 17.5219879150391 17.5759410858154 18.0927982330322 18.5467395782471 18.8908805847168 19.3745288848877 20.00172996521 20.3577651977539 20.5486125946045 20.6988735198975 20.8356056213379 20.5574970245361 20.2195987701416 19.5405712127686 18.680965423584 16.6713981628418 15.2953453063965 15.6828470230103 15.8658781051636 15.7329120635986 15.8126211166382 16.0875244140625 15.5680799484253
-9999 -9999 -9999 -9999 19.8093605041504 20.0088729858398 20.0568428039551 20.0932369232178 20.135139465332 20.6684513092041 21.2363681793213 21.9367427825928 22.4241771697998 22.4902629852295 21.9475212097168 20.7022933959961 19.2294101715088 17.6001873016357 16.337682723999 15.2167825698853 13.9509773254395 12.6596002578735 12.7131814956665 12.7937021255493 12.8532981872559 12.9712228775024 13.2782697677612 13.5082120895386 13.6035976409912 13.9340562820435 14.5063991546631 15.152533531189 15.8436193466187 16.5143547058105 17.1783046722412 16.9474201202393 16.5847454071045 15.0943098068237 13.6525888442993 12.5210990905762 11.7072467803955 11.7776212692261 11.7743434906006 11.6572399139404 11.6627883911133 11.7809057235718 11.3597450256348
-9999 -9999 -9999 -9999 -9999 19.8093605041504 20.0760478973389 20.020450592041 20.2944488525391 21.1759014129639 21.9945220947266 22.5726413726807 22.7963752746582 22.3188781738281 20.9226741790771 18.4664249420166 15.7774658203125 12.928692817688 11.2014904022217 9.90736675262451 8.96448135375977 8.08357906341553 8.34410285949707 8.6174144744873 8.78901100158691 8.94145584106445 9.03180408477783 9.05875492095947 8.97507572174072 9.18730545043945 9.70402050018311 10.5449256896973 11.5833253860474 12.5798492431641 13.5624160766602 13.3706121444702 13.0049438476562 11.0334272384644 9.27624702453613 8.88402557373047 8.54754066467285 8.36621475219727 8.21959781646729 8.12662220001221 8.06959915161133 8.04557418823242 7.72121953964233
-9999 -9999 -9999 -9999 -9999 19.9932689666748 19.8093605041504 20.3811454772949 21.0016250610352 21.8402233123779 22.5218639373779 22.6027297973633 22.0580463409424 20.2755737304688 17.8617000579834 14.7192907333374 12.1262235641479 9.91041564941406 8.75106620788574 7.99965572357178 7.43678283691406 6.90718078613281 7.07455348968506 7.25090074539185 7.37485980987549 7.43269538879395 7.27613401412964 7.19220638275146 7.235032081604 7.48233413696289 7.94003820419312 8.55774021148682 9.27291011810303 9.74158954620361 10.1281070709229 9.93968296051025 9.66653537750244 8.66232204437256 7.75889444351196 7.49729776382446 7.26621294021606 7.12006521224976 7.01852130889893 6.98591089248657 6.91713523864746 6.81516742706299 6.58114433288574
-9999 -9999 20.3733615875244 20.3340187072754 20.2992324829102 20.177396774292 19.9930515289307 20.8284282684326 21.7074718475342 22.4692153930664 22.9393005371094 22.2930507659912 20.9051208496094 18.0496158599854 14.9585094451904 11.5955533981323 9.25365447998047 7.61296129226685 6.88888168334961 6.51874017715454 6.24681091308594 5.99221229553223 6.077552318573 6.16930389404297 6.25246047973633 6.24963092803955 5.96799993515015 5.82919311523438 5.93962717056274 6.19677591323853 6.60489177703857 7.01811742782593 7.43445634841919 7.51963186264038 7.49442052841187 7.31240701675415 7.10803508758545 6.80820274353027 6.52743148803711 6.36804723739624 6.2156286239624 6.08260059356689 5.99489307403564 5.97722578048706 5.89824056625366 5.7629771232605 5.61208820343018
-9999.000000000000000 -9999 -9999 -9999 20.5254287719727 20.421070098877 20.5333709716797 21.4646320343018 22.41042137146 23.0211200714111 23.116943359375 21.2420425415039 18.8476028442383 15.425142288208 12.3995809555054 9.83197784423828 8.08003330230713 6.88823843002319 6.31014728546143 5.96902990341187 5.79370927810669 5.6476469039917 5.67521142959595 5.70935344696045 5.76662302017212 5.77718925476074 5.63632345199585 5.56481981277466 5.61435985565186 5.82631778717041 6.20540142059326 6.45501375198364 6.62575340270996 6.64235401153564 6.60757541656494 6.4385871887207 6.25118160247803 6.08206987380981 5.91973686218262 5.80057334899902 5.66849279403687 5.50045680999756 5.35843086242676 5.25660181045532 5.17077302932739 5.09962892532349 5.01616907119751
-9999 -9999 -9999 -9999 20.8185806274414 20.977819442749 20.93039894104 21.8897953033447 22.8615417480469 23.3566780090332 23.1184883117676 20.0734367370605 16.8265705108643 13.180365562439 10.3414907455444 8.43414688110352 7.1591215133667 6.31833791732788 5.83621311187744 5.49257898330688 5.37000942230225 5.28645133972168 5.2903881072998 5.30188846588135 5.36045265197754 5.39640378952026 5.35903310775757 5.33783292770386 5.34485197067261 5.49776220321655 5.80079221725464 5.91763591766357 5.92105627059937 5.89943695068359 5.86947107315063 5.73382520675659 5.5839991569519 5.4933614730835 5.40187215805054 5.30496168136597 5.19173336029053 5.0330810546875 4.88919162750244 4.76811790466309 4.69526720046997 4.66667556762695 4.62329530715942
-9999 -9999 -9999 -9999 21.0173377990723 21.0568542480469 21.1056499481201 22.0494556427002 22.9958400726318 23.4200496673584 22.8984832763672 18.7568855285645 14.8514423370361 11.4132814407349 8.91349697113037 7.49645137786865 6.55613803863525 5.94321727752686 5.4941258430481 5.10829401016235 4.98329925537109 4.90433359146118 4.92760229110718 4.96045398712158 5.05451059341431 5.13093042373657 5.15016460418701 5.1578803062439 5.14549398422241 5.221923828125 5.38974332809448 5.41262340545654 5.34720754623413 5.32555675506592 5.31849431991577 5.24175119400024 5.15543842315674 5.07754373550415 4.99702072143555 4.89975929260254 4.80351257324219 4.71009206771851 4.63033246994019 4.57168483734131 4.53674983978271 4.52357721328735 4.48586845397949
-9999 -9999 -9999 -9999 21.0568542480469 21.1159210205078 21.1852607727051 22.0684623718262 22.9601955413818 23.4068374633789 22.8595867156982 18.5081424713135 14.3540172576904 10.5903387069702 8.01957416534424 6.8252477645874 6.05300283432007 5.5706205368042 5.19274759292603 4.85522890090942 4.74473428726196 4.67430257797241 4.70502996444702 4.74496078491211 4.84312200546265 4.92874336242676 4.97370672225952 4.99775362014771 4.98529958724976 5.00841569900513 5.06813383102417 5.04689168930054 4.97632932662964 4.94934701919556 4.93689107894897 4.89380407333374 4.8463921546936 4.78626823425293 4.72288799285889 4.63877439498901 4.56323671340942 4.51157283782959 4.47088575363159 4.44716262817383 4.43302297592163 4.42767858505249 4.39204120635986
-9999 -9999 -9999 -9999 21.1193447113037 21.1852607727051 21.9321174621582 21.9819793701172 22.7970924377441 23.3361854553223 22.9565258026123 19.0602626800537 14.9648847579956 10.4755096435547 7.52621030807495 6.35391521453857 5.62475538253784 5.19991683959961 4.9219012260437 4.70057964324951 4.61728000640869 4.55833721160889 4.58761978149414 4.62392473220825 4.70264959335327 4.77402210235596 4.82155704498291 4.85249710083008 4.8544774055481 4.84165620803833 4.8136043548584 4.78562164306641 4.75768184661865 4.7213921546936 4.68231964111328 4.65395355224609 4.62698364257812 4.58840036392212 4.5467963218689 4.48595476150513 4.43392133712769 4.40640687942505 4.38599920272827 4.37657403945923 4.37038993835449 4.36717987060547 4.33091402053833
-9999 -9999 -9999 -9999 21.1852607727051 21.92604637146 22.2787857055664 22.492769241333 22.5725727081299 23.2065887451172 23.0901851654053 20.101490020752 16.2758522033691 10.7941379547119 7.34285449981689 6.2343692779541 5.52625131607056 5.09308338165283 4.82374286651611 4.61766147613525 4.53699398040771 4.47845840454102 4.48633050918579 4.49680233001709 4.51682186126709 4.54161310195923 4.58187532424927 4.61556339263916 4.63777923583984 4.64196825027466 4.62760782241821 4.60810041427612 4.58545827865601 4.53900480270386 4.48461437225342 4.47510766983032 4.47172212600708 4.45697116851807 4.4386134147644 4.3972864151001 4.3599910736084 4.3339204788208 4.31716156005859 4.31479358673096 4.31055498123169 4.30459976196289 4.27440118789673
-9999 -9999 -9999 -9999 -9999 22.2416458129883 22.3080234527588 22.3616065979004 22.3217315673828 23.0517292022705 23.2395820617676 21.3523368835449 17.8868675231934 11.2985363006592 7.29236221313477 6.26559114456177 5.56906747817993 5.0993390083313 4.79959440231323 4.56548643112183 4.47692346572876 4.41404485702515 4.39194965362549 4.3670711517334 4.31155633926392 4.27590894699097 4.30467891693115 4.33933877944946 4.38427686691284 4.42816829681396 4.47098302841187 4.46647167205811 4.43313074111938 4.37614631652832 4.31128120422363 4.32240724563599 4.34395313262939 4.35401630401611 4.359534740448 4.33611154556274 4.30979824066162 4.27544021606445 4.25520277023315 4.25678777694702 4.25191926956177 4.24112796783447 4.2198657989502
-9999 -9999 -9999 -9999 -9999 22.1576118469238 22.138126373291 22.0696964263916 22.140718460083 22.9300727844238 23.2639503479004 21.8544540405273 18.5690822601318 11.5718812942505 7.36224412918091 6.36902046203613 5.67768001556396 5.19365692138672 4.84197187423706 4.54138803482056 4.42074918746948 4.33186531066895 4.29251003265381 4.25303316116333 4.20350408554077 4.16985177993774 4.18767786026001 4.21016454696655 4.24078369140625 4.27570629119873 4.31505727767944 4.31623649597168 4.29416131973267 4.25244951248169 4.20419216156006 4.21805667877197 4.24048042297363 4.25923442840576 4.2743992805481 4.26671028137207 4.25357007980347 4.22525262832642 4.20857191085815 4.20987558364868 4.20524454116821 4.19516706466675 4.18165588378906
-9999 -9999 -9999 -9999 -9999 22.0914993286133 22.0266876220703 21.9830760955811 21.9741535186768 22.8152866363525 23.2624492645264 22.2016582489014 19.0591278076172 11.797420501709 7.45703220367432 6.487389087677 5.7999062538147 5.30619478225708 4.89811420440674 4.52309846878052 4.36538124084473 4.24601030349731 4.19202375411987 4.14224195480347 4.11556529998779 4.09682607650757 4.10382175445557 4.11141538619995 4.12005138397217 4.13593530654907 4.15927696228027 4.16422033309937 4.15795660018921 4.1368556022644 4.11080980300903 4.12371015548706 4.14203500747681 4.1661434173584 4.18801069259644 4.19560766220093 4.19609260559082 4.17678070068359 4.16511297225952 4.16525888442993 4.16104507446289 4.15282964706421 4.14682292938232
-9999 -9999 -9999 -9999 -9999 -9999 22.1096820831299 22.0272884368896 22.0950355529785 22.9393215179443 23.3281860351562 21.9738826751709 18.7232894897461 11.7204713821411 7.5530161857605 6.65712308883667 5.97808885574341 5.44798183441162 4.95462942123413 4.4754695892334 4.29820013046265 4.17420482635498 4.13893127441406 4.10777759552002 4.09477376937866 4.08559131622314 4.08879709243774 4.0922474861145 4.09612417221069 4.10357999801636 4.1147198677063 4.11730241775513 4.11467170715332 4.10499334335327 4.09296560287476 4.09951019287109 4.10865640640259 4.12249946594238 4.1353907585144 4.1422176361084 4.14495325088501 4.1363000869751 4.13078927993774 4.13013553619385 4.12695598602295 4.12145853042603 4.11748600006104
-9999 -9999 -9999 -9999 -9999 -9999 22.2778511047363 22.3186817169189 22.2449626922607 23.0789585113525 23.3811893463135 21.6480503082275 18.2518177032471 11.5647954940796 7.60605573654175 6.79532527923584 6.13535642623901 5.57892179489136 5.00645923614502 4.42780828475952 4.23391532897949 4.10792064666748 4.09174156188965 4.07935237884521 4.07850551605225 4.07786655426025 4.0779013633728 4.07800579071045 4.07823133468628 4.07841110229492 4.0785436630249 4.07870435714722 4.07888174057007 4.07924842834473 4.07967758178711 4.08017110824585 4.08069610595703 4.08432722091675 4.0881781578064 4.093430519104 4.09759664535522 4.09873914718628 4.09892082214355 4.09761714935303 4.09550809860229 4.09266090393066 4.0903844833374
-9999 -9999 -9999 -9999 -9999 -9999 22.4563293457031 22.4875831604004 22.5674304962158 23.2709350585938 23.2662467956543 20.5508995056152 16.728063583374 10.7138195037842 7.2004337310791 6.57264709472656 6.04278755187988 5.58017873764038 5.00812864303589 4.39382028579712 4.20617294311523 4.09381818771362 4.08488798141479 4.07888603210449 4.07841014862061 4.07806968688965 4.07816886901855 4.07829713821411 4.07847499847412 4.07858848571777 4.07863521575928 4.07865142822266 4.07864856719971 4.0787615776062 4.07891368865967 4.07917356491089 4.07945728302002 4.08089780807495 4.08251762390137 4.08527851104736 4.08756017684937 4.08850717544556 4.08887386322021 4.08834457397461 4.08739900588989 4.0860710144043 4.08450317382812
-9999 -9999 -9999 -9999 -9999 22.2749881744385 22.5124130249023 22.56272315979 22.8856067657471 23.4430713653564 23.1290264129639 19.4792098999023 15.2626514434814 9.92467212677002 6.82998085021973 6.3236927986145 5.88067865371704 5.48111820220947 4.9389705657959 4.34176397323608 4.17426586151123 4.08259773254395 4.07959461212158 4.07862234115601 4.07839632034302 4.07826519012451 4.07844352722168 4.07860517501831 4.07873678207397 4.07879734039307 4.07878494262695 4.07868480682373 4.07853174209595 4.07841968536377 4.07832098007202 4.07836246490479 4.07842111587524 4.07821035385132 4.078125 4.07883787155151 4.0795431137085 4.08022594451904 4.08067083358765 4.08074760437012 4.08071279525757 4.08057498931885 4.0797004699707
-9999 -9999 -9999 -9999 21.8802452087402 22.2038726806641 22.2749881744385 22.7243537902832 23.1880493164062 23.5424633026123 22.9101161956787 18.5008716583252 14.0111627578735 9.36223793029785 6.58848524093628 5.97838878631592 5.46358442306519 5.01422214508057 4.61010503768921 4.22345876693726 4.12708902359009 4.08194398880005 4.0800199508667 4.07910251617432 4.07868194580078 4.07843351364136 4.07874345779419 4.07897329330444 4.07906484603882 4.07912254333496 4.07914638519287 4.07903480529785 4.07884073257446 4.07860612869263 4.07835721969604 4.07823276519775 4.07812738418579 4.07824325561523 4.07838249206543 4.07867050170898 4.07892799377441 4.07909965515137 4.0792293548584 4.07929372787476 4.07924461364746 4.07909250259399 4.07885360717773
