Ecospace-environmental-drivers/Outputs/ASCII-for-ecospace/MOM6-ISIMIP3a/tob/1996-11_tob_MOM6-ISIMIP3a.asc
NCOLS 131 
NROWS 53 
XLLCORNER -98 
YLLCORNER 23.9265270233154 
CELLSIZE 0.133587792515755 
NODATA_value -9999 
[rows 21 to 41 of 53, columns 47 to 93 of 131]
22.421443939209 22.2049770355225 22.0478057861328 22.1383399963379 22.2277984619141 21.6036186218262 21.0490417480469 20.8485202789307 20.2326755523682 18.6139907836914 17.1887493133545 16.0290756225586 14.2601871490479 11.9928522109985 9.89012050628662 7.86535930633545 6.93467855453491 6.26540994644165 6.0585150718689 5.85942125320435 5.3115406036377 4.82049703598022 4.56731986999512 4.36855792999268 4.28467226028442 4.22017002105713 4.179358959198 4.1506552696228 4.13077116012573 4.12108707427979 4.11562776565552 4.11859321594238 4.12321519851685 4.1758017539978 4.23448753356934 4.33539915084839 4.49585247039795 4.86565732955933 5.24939107894897 5.65899324417114 6.25200605392456 7.04485082626343 7.88864469528198 8.76540374755859 9.8160285949707 10.9291076660156 12.3390598297119
18.7394771575928 18.3375835418701 17.9745769500732 17.9072132110596 17.8491477966309 17.225118637085 16.6079711914062 16.0258388519287 15.2479619979858 13.9974422454834 12.9853143692017 12.3004684448242 11.1931066513062 9.74005317687988 8.40404033660889 7.12346839904785 6.41744518280029 5.84870147705078 5.63953065872192 5.443528175354 5.07964849472046 4.73944473266602 4.49832582473755 4.31250095367432 4.24340581893921 4.1912636756897 4.1598424911499 4.13757276535034 4.12196779251099 4.11393785476685 4.10904407501221 4.10731506347656 4.10620832443237 4.1248984336853 4.14668273925781 4.19153165817261 4.26544570922852 4.44155263900757 4.63579130172729 4.86370229721069 5.20358085632324 5.66545248031616 6.17171859741211 6.70671033859253 7.71210050582886 8.88646507263184 10.2393207550049
14.8500623703003 14.2751111984253 13.7195158004761 13.4913625717163 13.2828216552734 12.6988878250122 12.0571966171265 11.1216993331909 10.2272052764893 9.43172073364258 8.89414405822754 8.7106409072876 8.24989128112793 7.56230592727661 6.96396255493164 6.40789127349854 5.9497184753418 5.51493740081787 5.28688430786133 5.07406759262085 4.87629747390747 4.67218017578125 4.44150018692017 4.26629686355591 4.20820903778076 4.16552114486694 4.1416540145874 4.12505769729614 4.11375761032104 4.10731554031372 4.10288524627686 4.10027170181274 4.09801578521729 4.09689092636108 4.09612989425659 4.09851264953613 4.10140514373779 4.10608959197998 4.12927389144897 4.1868143081665 4.27868032455444 4.40794563293457 4.57663202285767 4.77082586288452 5.70468807220459 6.90425109863281 8.1896800994873
10.8081207275391 10.4216022491455 10.0816049575806 9.89141273498535 9.71071910858154 9.37244129180908 9.00829601287842 8.51256275177002 8.05175304412842 7.67526769638062 7.41174983978271 7.30332136154175 7.05595779418945 6.69492197036743 6.27493858337402 5.82703304290771 5.46470785140991 5.12283039093018 4.96688175201416 4.82323932647705 4.67279529571533 4.52676153182983 4.3991847038269 4.28877782821655 4.21461820602417 4.16293811798096 4.13873338699341 4.12185430526733 4.11031150817871 4.10358953475952 4.09886455535889 4.09576892852783 4.09299373626709 4.09260511398315 4.09247493743896 4.09400796890259 4.09569454193115 4.09792280197144 4.1085147857666 4.13463973999023 4.17617750167847 4.23450708389282 4.3121542930603 4.4023003578186 4.86528396606445 5.46219635009766 6.75803279876709
7.32578945159912 7.09858989715576 6.93413162231445 6.77678203582764 6.62169599533081 6.50807094573975 6.39517879486084 6.28601217269897 6.19732141494751 6.15807008743286 6.11511039733887 6.06705808639526 5.98490190505981 5.87484312057495 5.60425615310669 5.25763130187988 4.9921178817749 4.74598503112793 4.66224908828735 4.58758974075317 4.48265075683594 4.38983488082886 4.34775257110596 4.29355382919312 4.21377515792847 4.15917921066284 4.13536167144775 4.11865377426147 4.10712385177612 4.10027742385864 4.09537029266357 4.0919394493103 4.08879852294922 4.08901834487915 4.08940267562866 4.09017562866211 4.09083127975464 4.09107398986816 4.0914249420166 4.09197759628296 4.09244918823242 4.09283351898193 4.09589862823486 4.10069894790649 4.17238569259644 4.26809883117676 5.48831129074097
6.29719400405884 6.10164976119995 5.93709564208984 5.79013872146606 5.65084362030029 5.66977739334106 5.69285202026367 5.73698949813843 5.7504734992981 5.68994092941284 5.63295269012451 5.58082914352417 5.45262813568115 5.26218271255493 5.01399755477905 4.73846197128296 4.5739917755127 4.43605804443359 4.42500877380371 4.41849184036255 4.35107517242432 4.29014205932617 4.25634479522705 4.22069549560547 4.18113422393799 4.15026235580444 4.13001108169556 4.11546325683594 4.10506963729858 4.09877872467041 4.09418630599976 4.09106206893921 4.08822631835938 4.08849763870239 4.08888626098633 4.08929252624512 4.08968067169189 4.09000539779663 4.09042501449585 4.09102201461792 4.0910439491272 4.09043979644775 4.09108638763428 4.09254264831543 4.12187576293945 4.16122198104858 4.9285888671875
5.43085289001465 5.27132272720337 5.11755657196045 5.00694751739502 4.90805292129517 5.00615787506104 5.10934543609619 5.23838424682617 5.30934047698975 5.24005031585693 5.17019081115723 5.09955072402954 4.9496545791626 4.73491382598877 4.53700733184814 4.34707498550415 4.26534795761108 4.20947456359863 4.24331188201904 4.27850103378296 4.24366903305054 4.21058368682861 4.18480825424194 4.16358041763306 4.15195322036743 4.1383318901062 4.12227344512939 4.11071538925171 4.10243463516235 4.09727478027344 4.09340715408325 4.09054803848267 4.08788776397705 4.08812236785889 4.08844518661499 4.08858442306519 4.0887770652771 4.08915948867798 4.08962535858154 4.09024667739868 4.08987951278687 4.08843517303467 4.0874719619751 4.08682012557983 4.08718681335449 4.08791971206665 4.46938562393188
4.91852712631226 4.80451917648315 4.68528890609741 4.66765928268433 4.6628589630127 4.72365188598633 4.78508615493774 4.84978246688843 4.88067722320557 4.82995271682739 4.74974918365479 4.62907409667969 4.51061058044434 4.39395618438721 4.30715274810791 4.23448944091797 4.19557952880859 4.16473388671875 4.18280267715454 4.20201730728149 4.18899869918823 4.17495632171631 4.15662717819214 4.14081621170044 4.13032150268555 4.11982583999634 4.1093282699585 4.10256910324097 4.09853267669678 4.09576034545898 4.0935115814209 4.09082841873169 4.08806037902832 4.08806276321411 4.0881667137146 4.0882568359375 4.08841276168823 4.08879947662354 4.08926200866699 4.08986473083496 4.08924055099487 4.08727884292603 4.08647012710571 4.08640766143799 4.08701801300049 4.0878701210022 4.22950124740601
4.57198572158813 4.49714279174805 4.41466474533081 4.44562816619873 4.48763275146484 4.51423645019531 4.53971290588379 4.55945873260498 4.55876684188843 4.50872659683228 4.42952108383179 4.31027555465698 4.23027563095093 4.18238496780396 4.16267585754395 4.15631580352783 4.14474487304688 4.13192939758301 4.1408519744873 4.15063142776489 4.15115261077881 4.14910364151001 4.13629865646362 4.12460947036743 4.11527729034424 4.10723352432251 4.10076570510864 4.09723997116089 4.09585809707642 4.09469747543335 4.09362888336182 4.09115171432495 4.08839750289917 4.08806896209717 4.08785963058472 4.08794116973877 4.08810663223267 4.08856725692749 4.08906412124634 4.08963012695312 4.08892488479614 4.08683490753174 4.08609104156494 4.08621835708618 4.08683204650879 4.08762073516846 4.09375810623169
4.43401432037354 4.39033889770508 4.34740257263184 4.37111663818359 4.40043210983276 4.39677429199219 4.39358425140381 4.39277601242065 4.37116146087646 4.29930782318115 4.23537015914917 4.18230009078979 4.14960956573486 4.13359308242798 4.12561130523682 4.12143516540527 4.11773204803467 4.1141414642334 4.12224817276001 4.13082075119019 4.13447189331055 4.13554811477661 4.1258487701416 4.11665296554565 4.10852003097534 4.1020827293396 4.09771680831909 4.09545564651489 4.09472799301147 4.09420299530029 4.09376192092896 4.09152841567993 4.08894205093384 4.08815717697144 4.08751726150513 4.08764123916626 4.08787488937378 4.08849477767944 4.08907461166382 4.08957958221436 4.08901596069336 4.08728742599487 4.08649587631226 4.08631038665771 4.08662509918213 4.08711957931519 4.08903217315674
4.34061336517334 4.31145668029785 4.28753471374512 4.3078465461731 4.33096885681152 4.30772829055786 4.28608798980713 4.27259016036987 4.24425363540649 4.18008899688721 4.13548231124878 4.11772680282593 4.10863447189331 4.10662937164307 4.10443449020386 4.10214900970459 4.10224533081055 4.10291004180908 4.10940933227539 4.11617183685303 4.12092685699463 4.12352705001831 4.11711168289185 4.11065673828125 4.10411834716797 4.09920597076416 4.09628057479858 4.0947904586792 4.09434509277344 4.0939154624939 4.09349250793457 4.09160470962524 4.08942937850952 4.08838224411011 4.08748006820679 4.08758401870728 4.08780574798584 4.08843803405762 4.08900737762451 4.08945941925049 4.08913278579712 4.08795738220215 4.08700513839722 4.0861964225769 4.08618021011353 4.08644914627075 4.08660984039307
4.28064107894897 4.25351667404175 4.23321342468262 4.25300741195679 4.27480840682983 4.23999452590942 4.2075662612915 4.18727684020996 4.16286945343018 4.12852048873901 4.10629224777222 4.10070562362671 4.0974268913269 4.0960373878479 4.09517383575439 4.09455966949463 4.09540319442749 4.09659576416016 4.1008939743042 4.10539484024048 4.10973310470581 4.11265659332275 4.10965871810913 4.10613059997559 4.10148286819458 4.09803533554077 4.0960545539856 4.09496450424194 4.09452247619629 4.09378337860107 4.09292078018188 4.09145641326904 4.08987379074097 4.08870935440063 4.08767080307007 4.08770942687988 4.08785820007324 4.08839321136475 4.08888244628906 4.08928680419922 4.08926868438721 4.08879041671753 4.08759260177612 4.08592796325684 4.08555698394775 4.08565092086792 4.08591556549072
4.23429727554321 4.21178674697876 4.19457340240479 4.205894947052 4.21846485137939 4.18588495254517 4.1555962562561 4.13696241378784 4.11893701553345 4.10238218307495 4.09244203567505 4.09158229827881 4.09078025817871 4.09002637863159 4.08980846405029 4.08984470367432 4.0908670425415 4.09212493896484 4.0949764251709 4.09797954559326 4.10159873962402 4.10430812835693 4.1032075881958 4.10153436660767 4.0986533164978 4.09646654129028 4.09512853622437 4.094322681427 4.09390449523926 4.09301376342773 4.09192752838135 4.09085416793823 4.08978319168091 4.08888053894043 4.08805894851685 4.08796501159668 4.08796977996826 4.08832359313965 4.08869123458862 4.0890851020813 4.08911657333374 4.08875322341919 4.08747529983521 4.08560514450073 4.08517599105835 4.08526420593262 4.08554124832153
4.19379425048828 4.17700386047363 4.16265344619751 4.16209363937378 4.16204309463501 4.13761472702026 4.1150050163269 4.10164737701416 4.09105539321899 4.0871434211731 4.08516550064087 4.08584356307983 4.08608865737915 4.08597946166992 4.08611297607422 4.0863618850708 4.08731889724731 4.08844470977783 4.090172290802 4.09200525283813 4.09477567672729 4.09703969955444 4.0971851348877 4.09690856933594 4.09574031829834 4.0947265625 4.09390211105347 4.0933313369751 4.09294509887695 4.0919713973999 4.09075355529785 4.09005737304688 4.08946323394775 4.08898496627808 4.08853101730347 4.08827543258667 4.08810663223267 4.08824253082275 4.08847093582153 4.08887052536011 4.0888409614563 4.08834218978882 4.08705568313599 4.08525896072388 4.08489894866943 4.08505487442017 4.08530378341675
4.16697788238525 4.15158033370972 4.13573455810547 4.13143920898438 4.12783861160278 4.11107730865479 4.09590101242065 4.0887885093689 4.08347511291504 4.08250617980957 4.08217191696167 4.08270931243896 4.08316564559937 4.08355569839478 4.08414316177368 4.0848240852356 4.08577919006348 4.08679962158203 4.08822298049927 4.08969593048096 4.09147787094116 4.0930290222168 4.09361505508423 4.09384632110596 4.09332656860352 4.09278726577759 4.09222364425659 4.09180736541748 4.09149789810181 4.09084415435791 4.09004735946655 4.08962678909302 4.08927965164185 4.08895969390869 4.08865213394165 4.08845901489258 4.0883207321167 4.08837461471558 4.08850812911987 4.08878993988037 4.08843421936035 4.08738327026367 4.08625555038452 4.08507823944092 4.0848822593689 4.08503866195679 4.08522987365723
4.14299345016479 4.12809276580811 4.10985040664673 4.1035041809082 4.09823083877563 4.089035987854 4.08124256134033 4.08057641983032 4.0800952911377 4.08006238937378 4.08006429672241 4.08011341094971 4.08060836791992 4.08146715164185 4.08253002166748 4.08368921279907 4.08465528488159 4.08557510375977 4.08686494827271 4.08814525604248 4.08890914916992 4.08969211578369 4.09055280685425 4.09110736846924 4.09101629257202 4.09080648422241 4.09045219421387 4.09017324447632 4.08994913101196 4.08969926834106 4.08943796157837 4.08927202224731 4.08912420272827 4.08890724182129 4.08870029449463 4.08861589431763 4.08855009078979 4.08855056762695 4.08859920501709 4.08873701095581 4.08800029754639 4.08631086349487 4.08537673950195 4.08493185043335 4.08491945266724 4.0850625038147 4.08518981933594
4.11485385894775 4.10562133789062 4.09432315826416 4.09064769744873 4.08770322799683 4.08342742919922 4.07979583740234 4.07944250106812 4.07915496826172 4.07902669906616 4.07901906967163 4.07917547225952 4.07957601547241 4.08017587661743 4.08101892471313 4.08197784423828 4.08286476135254 4.08373498916626 4.08504199981689 4.08634614944458 4.08717203140259 4.08793592453003 4.08844089508057 4.08874177932739 4.08861207962036 4.08859062194824 4.08870124816895 4.08870220184326 4.08862400054932 4.08829975128174 4.08787393569946 4.08745574951172 4.08703947067261 4.08691740036011 4.08681392669678 4.08678960800171 4.08678483963013 4.08685064315796 4.08713960647583 4.08784437179565 4.08761072158813 4.08635473251343 4.08547067642212 4.0848274230957 4.08474540710449 4.0848650932312 4.08500862121582
4.08846807479858 4.08480501174927 4.08046388626099 4.07946872711182 4.07884359359741 4.07896852493286 4.07902097702026 4.07870435714722 4.07840824127197 4.07816123962402 4.07812452316284 4.07837677001953 4.07867860794067 4.07902097702026 4.07962799072266 4.08036041259766 4.08114385604858 4.08193969726562 4.08322525024414 4.08451747894287 4.08541774749756 4.08617353439331 4.08632373809814 4.08637142181396 4.08620309829712 4.08635663986206 4.08690309524536 4.08717679977417 4.08725261688232 4.08686923980713 4.08629560470581 4.0856614112854 4.08501482009888 4.08494853973389 4.08491373062134 4.08497476577759 4.08504867553711 4.08517026901245 4.08566808700562 4.08686542510986 4.08711624145508 4.08633518218994 4.08553028106689 4.08470964431763 4.08456802368164 4.08467054367065 4.08483362197876
4.08277130126953 4.08115816116333 4.07945013046265 4.07898187637329 4.07866144180298 4.07892465591431 4.07909679412842 4.0788049697876 4.07856130599976 4.07843351364136 4.07833385467529 4.07827234268188 4.07849168777466 4.07894134521484 4.07946443557739 4.08002233505249 4.08048152923584 4.08091640472412 4.08169794082642 4.08248996734619 4.08308696746826 4.08358907699585 4.0836968421936 4.08377361297607 4.08378601074219 4.08404016494751 4.08458995819092 4.08499097824097 4.08528327941895 4.08522701263428 4.08502674102783 4.08479404449463 4.08455514907837 4.08413314819336 4.08378505706787 4.08422756195068 4.08457612991333 4.08459329605103 4.08480262756348 4.08536863327026 4.08548545837402 4.08511209487915 4.08475923538208 4.0844202041626 4.08445119857788 4.0846152305603 4.08479022979736
4.07834434509277 4.07831811904907 4.07859420776367 4.07858514785767 4.07856035232544 4.07888460159302 4.07910680770874 4.07881307601929 4.07859325408936 4.07855319976807 4.07842206954956 4.07816457748413 4.07832336425781 4.07882213592529 4.07923555374146 4.07960796356201 4.07977771759033 4.07989883422852 4.08023834228516 4.08059072494507 4.08090877532959 4.08118057250977 4.08125734329224 4.08135843276978 4.08150959014893 4.08182048797607 4.08232641220093 4.08280420303345 4.08326196670532 4.08349561691284 4.08363723754883 4.08375358581543 4.08386421203613 4.0832986831665 4.08282899856567 4.08354473114014 4.08410024642944 4.08409404754639 4.08410739898682 4.08415555953979 4.08416557312012 4.08413314819336 4.08414936065674 4.0841965675354 4.08436632156372 4.08458042144775 4.08476257324219
4.07857370376587 4.07843446731567 4.07831573486328 4.07852077484131 4.07875394821167 4.07885694503784 4.0788779258728 4.07848072052002 4.07818031311035 4.07811450958252 4.07806730270386 4.07804679870605 4.07822227478027 4.07855892181396 4.07876634597778 4.07891225814819 4.07892227172852 4.07889986038208 4.07902574539185 4.07916164398193 4.07929182052612 4.07941484451294 4.079505443573 4.07961225509644 4.07975149154663 4.07995653152466 4.08024168014526 4.08061361312866 4.0810489654541 4.08143711090088 4.08180665969849 4.08207559585571 4.08232545852661 4.08239412307739 4.08250570297241 4.08309459686279 4.08361291885376 4.08388090133667 4.0840368270874 4.08398389816284 4.08398723602295 4.08405113220215 4.08412885665894 4.08421516418457 4.08440017700195 4.0846209526062 4.08479166030884
