Ecospace-environmental-drivers/Outputs/ASCII-for-ecospace/MOM6-ISIMIP3a/tob/1996-10_tob_MOM6-ISIMIP3a.asc
NCOLS 131 
NROWS 53 
XLLCORNER -98 
YLLCORNER 23.9265270233154 
CELLSIZE 0.133587792515755 
NODATA_value -9999 
[rows 0 to 20 of 53, columns 47 to 93 of 131]
-9999 -9999 -9999 -9999 -9999 -9999 -9999 -9999 -9999 -9999 -9999 -9999 -9999 -9999 -9999 -9999 -9999 -9999 -9999 -9999 -9999 -9999 -9999 -9999 -9999 -9999 -9999 -9999 -9999 -9999 -9999 -9999 -9999 -9999 -9999 -9999 -9999 -9999 -9999 -9999 -9999 -9999 -9999 -9999 -9999 -9999 -9999
-9999 -9999 -9999 -9999 -9999 -9999 -9999 -9999 -9999 -9999 -9999 -9999 -9999 -9999 -9999 -9999 -9999 -9999 -9999 -9999 -9999 -9999 -9999 -9999 -9999 -9999 -9999 -9999 -9999 -9999 -9999 -9999 -9999 -9999 -9999 -9999 -9999 -9999 -9999 -9999 -9999 -9999 -9999 -9999 -9999 -9999 -9999
-9999 -9999 -9999 -9999 -9999 -9999 -9999 -9999 -9999 -9999 -9999 -9999 -9999 -9999 -9999 -9999 -9999 -9999 -9999 -9999 -9999 -9999 -9999 -9999 -9999 -9999 -9999 24.3797397613525 24.3290748596191 -9999 -9999 -9999 -9999 -9999 -9999 -9999 -9999 -9999 -9999 -9999 -9999 -9999 -9999 -9999 -9999 -9999 -9999
-9999 -9999 -9999 -9999 -9999 -9999 -9999 -9999 -9999 -9999 -9999 -9999 -9999 -9999 -9999 -9999 -9999 -9999 -9999 -9999 -9999 -9999 -9999 -9999 -9999 -9999 -9999 24.3949394226074 24.3164939880371 -9999 -9999 -9999 -9999 -9999 -9999 -9999 -9999 -9999 -9999 -9999 -9999 -9999 -9999 -9999 -9999 -9999 -9999
-9999 -9999 -9999 -9999 -9999 -9999 -9999 -9999 -9999 -9999 -9999 -9999 -9999 -9999 -9999 -9999 -9999 -9999 23.1364326477051 23.177059173584 23.2095603942871 23.3991508483887 23.5820922851562 23.9339485168457 24.2243156433105 24.4099617004395 24.4665298461914 24.4068737030029 24.3114166259766 24.2311897277832 -9999 -9999 24.7663555145264 25.0518856048584 24.6724452972412 23.8461666107178 23.4872817993164 24.0652904510498 25.0480213165283 25.4954948425293 25.4670581817627 25.2714920043945 -9999 -9999 -9999 -9999 -9999
-9999 -9999 -9999 -9999 -9999 -9999 -9999 -9999 -9999 -9999 -9999 -9999 -9999 -9999 23.5440349578857 -9999 23.406177520752 23.2909526824951 23.2306213378906 23.1364326477051 23.1851844787598 23.2095603942871 23.5887393951416 23.9479789733887 24.2651271820068 24.4598407745361 24.5049152374268 24.4348335266113 24.2808723449707 24.218542098999 24.1941566467285 24.4415798187256 24.7424335479736 25.1150531768799 25.298168182373 23.6041145324707 22.6362152099609 24.2215137481689 25.3381443023682 25.5844078063965 25.5639324188232 25.2528324127197 24.9977130889893 24.7788143157959 -9999 -9999 -9999
-9999 -9999 -9999 -9999 -9999 -9999 -9999 -9999 -9999 -9999 26.013240814209 26.0086898803711 26.004695892334 25.9921016693115 24.7652931213379 23.5597343444824 23.5283355712891 23.3992462158203 23.2909526824951 23.2644805908203 23.1364326477051 23.2095603942871 23.5887393951416 23.9479789733887 24.2651271820068 24.4598407745361 24.5049152374268 24.4348335266113 24.2808723449707 24.218542098999 24.1941566467285 24.4415798187256 24.7424335479736 25.1150531768799 25.298168182373 23.6041145324707 22.6362152099609 24.2215137481689 25.3381443023682 25.5844078063965 25.5639324188232 25.2528324127197 24.9977130889893 24.7788143157959 24.7209644317627 25.140308380127 -9999
-9999 -9999 -9999 -9999 -9999 -9999 -9999 -9999 -9999 -9999 26.0376377105713 26.013240814209 26.0041408538818 -9999 25.975456237793 24.7662334442139 23.5911312103271 23.5283355712891 23.3784503936768 23.2909526824951 23.3660564422607 23.5265407562256 24.0443668365479 24.4883632659912 24.7765007019043 24.9480514526367 24.9771099090576 24.918004989624 24.7946815490723 24.7667617797852 24.7783508300781 24.9234352111816 25.094762802124 24.1774635314941 23.178337097168 21.7736740112305 20.9721603393555 22.2913513183594 23.4656028747559 24.3706893920898 25.0408954620361 25.455192565918 25.5035667419434 25.3151741027832 25.3157520294189 25.3842105865479 25.0330905914307
-9999 -9999 -9999 -9999 -9999 -9999 -9999 -9999 -9999 -9999 -9999 -9999 -9999 -9999 25.9818382263184 25.9494915008545 24.7803726196289 23.6539268493652 23.5283355712891 23.3160648345947 23.5585403442383 23.8826541900635 24.5484390258789 25.0813884735107 25.3339061737061 25.4780368804932 25.4896926879883 25.4435482025146 25.3553028106689 25.3644790649414 25.4140014648438 25.4093799591064 25.3941173553467 23.0839252471924 20.8116989135742 19.7405853271484 19.1345653533936 20.1638355255127 21.3950347900391 23.0012359619141 24.4275665283203 25.6579208374023 26.0499458312988 25.8995342254639 25.6774349212646 25.4295845031738 24.9292640686035
24.1938972473145 -9999 -9999 -9999 -9999 -9999 -9999 -9999 -9999 -9999 25.9867210388184 26.0626430511475 -9999 -9999 -9999 25.9554328918457 25.9162006378174 24.8479690551758 23.77952003479 23.8183689117432 24.0598621368408 24.3717479705811 24.9782371520996 25.422534942627 25.524435043335 25.5839023590088 25.5915107727051 25.584300994873 25.5662975311279 25.5738983154297 25.5921020507812 24.2137069702148 22.5607757568359 20.2299308776855 18.0621738433838 17.7328395843506 17.6834774017334 18.618522644043 19.6659526824951 20.9220962524414 22.7201347351074 25.108585357666 26.06298828125 26.0894947052002 25.8547687530518 25.5262069702148 24.9753684997559
24.2864513397217 24.3001136779785 -9999 -9999 -9999 -9999 -9999 -9999 -9999 -9999 26.0329265594482 26.2302570343018 26.0626430511475 -9999 -9999 25.9404392242432 25.912618637085 25.895544052124 25.1238288879395 24.3689136505127 24.6130676269531 24.9013671875 25.3744144439697 25.6885662078857 25.6672763824463 25.6078777313232 25.5019054412842 25.4016971588135 25.305685043335 25.1503219604492 24.9703788757324 22.4331493377686 19.4325332641602 17.2140712738037 15.2551698684692 15.5489044189453 15.9900407791138 16.9494476318359 17.9188919067383 18.9069805145264 20.9484519958496 24.1376247406006 25.6829605102539 26.1646556854248 26.0256538391113 25.663688659668 25.0995769500732
24.2864513397217 24.3274383544922 24.4870300292969 24.6175842285156 -9999 -9999 -9999 -9999 -9999 -9999 -9999 26.4016590118408 26.3611278533936 26.0626430511475 26.013240814209 25.9404392242432 25.912618637085 25.895544052124 25.5277671813965 25.1782112121582 25.4445648193359 25.648344039917 25.5902557373047 25.5516872406006 25.5543327331543 25.1926078796387 24.3855514526367 23.484676361084 22.5154647827148 21.3314838409424 20.058557510376 17.5153789520264 14.7224998474121 13.3299942016602 12.1398506164551 12.4199361801147 12.9966897964478 14.6165437698364 16.0754013061523 17.2352695465088 18.8321418762207 20.9051456451416 23.1945819854736 25.624059677124 26.1619472503662 26.0203418731689 25.642728805542
24.3267345428467 24.4463787078857 24.5552539825439 24.619047164917 -9999 -9999 -9999 -9999 25.0310401916504 25.6337299346924 26.1398067474365 26.5132484436035 26.5519218444824 26.3166980743408 26.1725997924805 26.0716667175293 26.0179901123047 25.975606918335 25.8454685211182 25.7243556976318 25.8223323822021 25.7434329986572 24.9242877960205 24.2419528961182 23.8484363555908 23.0049018859863 21.6113529205322 20.1079254150391 18.5244617462158 16.7496376037598 14.895565032959 12.7325744628906 10.5088586807251 9.9752779006958 9.5833740234375 9.96404457092285 10.7088499069214 12.7339687347412 14.4920978546143 15.7544002532959 16.9932460784912 18.2065372467041 20.7532596588135 24.1627788543701 25.2096214294434 25.4077568054199 25.6055774688721
24.4677333831787 24.516227722168 24.5611877441406 24.619047164917 24.6784496307373 24.7439384460449 24.8035697937012 24.8334255218506 25.0310401916504 25.6337299346924 26.1398067474365 26.5132484436035 26.7354831695557 26.834005355835 26.7303657531738 26.5309658050537 26.3867988586426 26.2558269500732 25.9475803375244 25.6125984191895 25.0657577514648 24.2087650299072 22.0537509918213 20.0000133514404 18.1600761413574 16.3860149383545 14.6924648284912 13.0817747116089 11.5314378738403 10.2602367401123 9.10463428497314 8.28719139099121 7.53622245788574 7.94399356842041 8.42403602600098 9.19088268280029 10.1848239898682 11.977237701416 13.5592803955078 14.7506437301636 15.8479013442993 16.8426303863525 18.4295825958252 20.399730682373 21.5356998443604 22.3720188140869 24.1176338195801
24.9572525024414 24.8959999084473 24.8280696868896 24.8395538330078 24.8620567321777 24.9625110626221 25.056661605835 25.1187438964844 25.3325500488281 25.9127082824707 26.3638114929199 26.6377429962158 26.7737674713135 26.7969627380371 26.6461963653564 26.4130306243896 26.2306308746338 26.0603618621826 25.2759246826172 24.3974895477295 22.7650547027588 20.9221973419189 18.1987018585205 15.5728321075439 13.1530590057373 11.091835975647 9.46883773803711 8.05886077880859 6.80404663085938 6.00982284545898 5.40634489059448 5.4600076675415 5.6428484916687 6.63259744644165 7.6515064239502 8.66336250305176 9.79554462432861 11.3507976531982 12.7686386108398 13.9312877655029 14.9505758285522 15.8136682510376 16.806188583374 17.882453918457 19.0042362213135 20.1423683166504 22.5400695800781
25.9395160675049 25.7139434814453 25.4638805389404 25.3718204498291 25.305248260498 25.4901065826416 25.6675758361816 25.8074531555176 26.0603427886963 26.586109161377 26.9045181274414 26.9382495880127 26.6066589355469 25.9761734008789 25.6544513702393 25.4789867401123 25.3322467803955 25.1923694610596 23.5103054046631 21.622444152832 18.2812366485596 15.1587657928467 12.9517335891724 10.8837566375732 9.10933685302734 7.67055702209473 6.64199876785278 5.86815643310547 5.27984476089478 4.92492771148682 4.66666746139526 4.92066192626953 5.27535343170166 6.33899116516113 7.42585515975952 8.48313426971436 9.59677124023438 10.9085664749146 12.1790056228638 13.3726396560669 14.4039039611816 15.2582597732544 16.1728706359863 17.1264667510986 18.0879974365234 19.052375793457 20.8357982635498
26.7341156005859 26.5061454772949 26.2524662017822 26.0866184234619 25.9410667419434 26.1008071899414 26.2579212188721 26.4016647338867 26.6063404083252 26.9581451416016 27.0490913391113 26.7819194793701 25.6805877685547 23.8967666625977 23.1621150970459 22.9244289398193 22.7434616088867 22.5760459899902 20.2727947235107 17.7473068237305 14.122859954834 10.8800020217896 9.23413753509521 7.74024057388306 6.56715822219849 5.65719985961914 5.06883335113525 4.69304895401001 4.47210645675659 4.35511207580566 4.28116703033447 4.62733364105225 5.05608463287354 6.09779119491577 7.15844440460205 8.18243980407715 9.23377895355225 10.3812589645386 11.5375652313232 12.7102642059326 13.7502670288086 14.6456937789917 15.5360050201416 16.4230060577393 17.3279037475586 18.2392330169678 19.5087604522705
27.370677947998 27.2766723632812 27.1697082519531 26.9551258087158 26.7391014099121 26.781494140625 26.8309459686279 26.9162998199463 26.9992504119873 27.0763931274414 26.8600769042969 26.2408790588379 24.1153774261475 20.7574577331543 19.406099319458 19.0052070617676 18.7311611175537 18.4874210357666 15.7957715988159 12.9457635879517 10.2385454177856 7.85150718688965 6.80445671081543 5.89827013015747 5.28945875167847 4.82948160171509 4.55140972137451 4.37319564819336 4.26771545410156 4.21905469894409 4.19392538070679 4.54118156433105 4.96164083480835 5.90072298049927 6.85586738586426 7.78029870986938 8.73249340057373 9.78230571746826 10.8524971008301 11.9605369567871 13.0065546035767 13.98499584198 14.8961534500122 15.7637748718262 16.6993045806885 17.6592292785645 18.4993953704834
27.1731109619141 27.0736923217773 26.9756965637207 26.8488006591797 26.7238845825195 26.7322769165039 26.7398223876953 26.743049621582 26.6801013946533 26.4573631286621 25.9851951599121 25.1705932617188 22.4742584228516 18.238338470459 16.0399150848389 14.8066091537476 14.4049510955811 14.202000617981 12.1516265869141 9.98967170715332 8.05092239379883 6.34794425964355 5.63169431686401 5.04136037826538 4.71684551239014 4.47224140167236 4.32530403137207 4.23418235778809 4.1837158203125 4.16235446929932 4.15304613113403 4.41040992736816 4.72019481658936 5.45008993148804 6.19668531417847 6.95443820953369 7.76884365081787 8.78244304656982 9.78716373443604 10.7753982543945 11.7467012405396 12.6995582580566 13.6471834182739 14.591423034668 15.5564126968384 16.5288543701172 17.3835144042969
26.5673446655273 26.3943061828613 26.2378730773926 26.2654190063477 26.3106861114502 26.3258686065674 26.3236846923828 26.2331695556641 26.0124931335449 25.4775314331055 24.7746715545654 23.8413105010986 20.7959899902344 16.0227241516113 12.864501953125 10.4712934494019 9.925124168396 9.82027339935303 8.91506671905518 7.9366888999939 6.69360971450806 5.59063816070557 5.07403087615967 4.66651010513306 4.48928070068359 4.34523916244507 4.24176025390625 4.18366718292236 4.15863227844238 4.14448881149292 4.13485622406006 4.25780248641968 4.40681076049805 4.87537002563477 5.36299133300781 5.9212212562561 6.57892560958862 7.58638668060303 8.53573989868164 9.37718105316162 10.2342643737793 11.1083908081055 12.1001281738281 13.1679639816284 14.1618394851685 15.1291475296021 16.2155075073242
25.1522064208984 24.902214050293 24.6826305389404 24.7153720855713 24.7582187652588 24.3765773773193 24.018856048584 23.7828025817871 23.3020896911621 22.2306232452393 21.1896820068359 20.1906452178955 17.6915225982666 13.9650716781616 11.1725988388062 8.82253170013428 8.11231708526611 7.79391860961914 7.3110876083374 6.79319381713867 5.92938280105591 5.15943670272827 4.78232479095459 4.48891019821167 4.37218761444092 4.27643632888794 4.20631504058838 4.16460371017456 4.14358568191528 4.13166522979736 4.12351274490356 4.17819738388062 4.24523496627808 4.49884939193726 4.7663049697876 5.10147142410278 5.52458810806274 6.25694131851196 6.96172761917114 7.61531972885132 8.34720134735107 9.16438102722168 10.085618019104 11.0741853713989 12.0677251815796 13.0630502700806 14.3043870925903
