Ecospace-environmental-drivers/Outputs/ASCII-for-ecospace/MOM6-ISIMIP3a/tob/1997-12_tob_MOM6-ISIMIP3a.asc
NCOLS 131 
NROWS 53 
XLLCORNER -98 
YLLCORNER 23.9265270233154 
CELLSIZE 0.133587792515755 
NODATA_value -9999 
[rows 21 to 41 of 53, columns 47 to 93 of 131]
22.3795204162598 22.3771877288818 22.4259033203125 22.4957160949707 22.5312023162842 21.5816593170166 20.7373485565186 20.4283542633057 19.713809967041 18.0200233459473 16.6580123901367 15.7514839172363 13.9645509719849 11.4572944641113 9.43989944458008 7.654541015625 6.87384986877441 6.33320760726929 6.09402084350586 5.85449934005737 5.30868101119995 4.81774139404297 4.5564751625061 4.35562658309937 4.28232383728027 4.22398281097412 4.18392753601074 4.15566062927246 4.13597965240479 4.12555408477783 4.11896181106567 4.11927795410156 4.12095212936401 4.16296863555908 4.2125186920166 4.32107591629028 4.48453283309937 4.84102010726929 5.21030139923096 5.60334348678589 6.18952178955078 6.98612785339355 7.74104309082031 8.46898174285889 9.3036642074585 10.1766920089722 11.6123332977295
18.5841064453125 18.326732635498 18.1566791534424 18.0775146484375 17.9763031005859 17.0286998748779 16.1367988586426 15.5282373428345 14.7469263076782 13.548490524292 12.6330671310425 12.1061840057373 11.0098457336426 9.44759368896484 8.17236328125 7.03308773040771 6.40529441833496 5.8997106552124 5.68462228775024 5.47733020782471 5.09304285049438 4.73547506332397 4.48973178863525 4.30328845977783 4.24203014373779 4.19439506530762 4.16340970993042 4.14187622070312 4.12722682952881 4.11848592758179 4.11219215393066 4.10884046554565 4.10606718063354 4.11868715286255 4.13514184951782 4.18348121643066 4.25923824310303 4.43139457702637 4.62130498886108 4.84418630599976 5.18715810775757 5.66097164154053 6.11886167526245 6.56644868850708 7.45333433151245 8.49802303314209 9.74824714660645
14.495662689209 13.9927816390991 13.6101951599121 13.3829774856567 13.1478729248047 12.2704753875732 11.3944425582886 10.5253486633301 9.73330402374268 9.12730121612549 8.72755527496338 8.61097049713135 8.18635749816895 7.50972461700439 6.94370937347412 6.43009090423584 5.97559261322021 5.53521919250488 5.32852840423584 5.13513660430908 4.90164804458618 4.66827154159546 4.43536472320557 4.26032495498657 4.20744800567627 4.16768550872803 4.14395189285278 4.12839555740356 4.1187949180603 4.11174297332764 4.10574722290039 4.101478099823 4.0975489616394 4.09606790542603 4.09496116638184 4.09662389755249 4.09884786605835 4.10304737091064 4.12675142288208 4.18667650222778 4.28707838058472 4.43158102035522 4.5912823677063 4.76081800460815 5.68413925170898 6.8782320022583 7.94873666763306
10.6112394332886 10.3036041259766 10.1017923355103 9.90287017822266 9.69443702697754 9.22121810913086 8.75355339050293 8.31414604187012 7.91670608520508 7.62060451507568 7.40579080581665 7.30257415771484 7.0543999671936 6.68762540817261 6.29025983810425 5.87840366363525 5.49161386489868 5.11081314086914 4.96237707138062 4.82836675643921 4.67198133468628 4.5205283164978 4.38971996307373 4.2792854309082 4.21185970306396 4.16312789916992 4.13724374771118 4.121657371521 4.1135721206665 4.10712051391602 4.10134601593018 4.09699153900146 4.09291648864746 4.09230136871338 4.09195375442505 4.09296226501465 4.09421920776367 4.09634733200073 4.1071925163269 4.13422679901123 4.17960119247437 4.24495840072632 4.3179235458374 4.39581108093262 4.84884786605835 5.43664407730103 6.66866159439087
7.26958036422729 7.12055587768555 7.05785036087036 6.88295984268188 6.69901466369629 6.58064365386963 6.47043657302856 6.40176057815552 6.34122037887573 6.30032587051392 6.23873901367188 6.14874505996704 6.03557205200195 5.90343523025513 5.64323377609253 5.32237100601196 5.01516819000244 4.71122884750366 4.62367296218872 4.54996061325073 4.46138048171997 4.38122272491455 4.33631324768066 4.28259181976318 4.21026754379272 4.15831708908081 4.13126802444458 4.11585760116577 4.1089243888855 4.10298585891724 4.0974588394165 4.09313821792603 4.08905458450317 4.08915853500366 4.08943271636963 4.08985376358032 4.09027481079102 4.09069585800171 4.09107208251953 4.09136533737183 4.09189653396606 4.09268665313721 4.09468650817871 4.0974702835083 4.16060829162598 4.24542665481567 5.51368427276611
6.30778884887695 6.15674495697021 6.05044555664062 5.88088417053223 5.7118558883667 5.73203182220459 5.75604915618896 5.79960680007935 5.82294034957886 5.79743909835815 5.75006151199341 5.67265033721924 5.51278781890869 5.28546619415283 5.02437448501587 4.74728679656982 4.57175254821777 4.42048263549805 4.40531730651855 4.39591979980469 4.33437967300415 4.27891445159912 4.24887084960938 4.21726226806641 4.18234968185425 4.15239572525024 4.12850284576416 4.11416912078857 4.10679864883423 4.10098886489868 4.09582567214966 4.09206104278564 4.08857107162476 4.08874940872192 4.08904600143433 4.08916807174683 4.08933162689209 4.08964157104492 4.09002542495728 4.09054708480835 4.09088850021362 4.09103298187256 4.09122228622437 4.09143924713135 4.11714744567871 4.15201187133789 4.90722417831421
5.48184061050415 5.33918237686157 5.20739507675171 5.07288646697998 4.94667768478394 5.05205965042114 5.15830516815186 5.26894426345825 5.34063100814819 5.3182635307312 5.26847887039185 5.18105268478394 5.00304985046387 4.75094032287598 4.5295991897583 4.32283210754395 4.24953699111938 4.20813322067261 4.23810863494873 4.26845026016235 4.23274612426758 4.20033121109009 4.18168306350708 4.16591024398804 4.15620708465576 4.14226961135864 4.12315654754639 4.11111068725586 4.10421276092529 4.0990571975708 4.09462308883667 4.09137630462646 4.08836317062378 4.08852338790894 4.08876514434814 4.08865547180176 4.08862161636353 4.0888557434082 4.08925151824951 4.08994674682617 4.09003400802612 4.08945894241333 4.08847427368164 4.08722400665283 4.08734130859375 4.08795022964478 4.42483186721802
4.95228481292725 4.84071111679077 4.72294330596924 4.68833923339844 4.6658296585083 4.74003458023071 4.81506061553955 4.89426279067993 4.93680381774902 4.89082336425781 4.80237674713135 4.65563011169434 4.52177762985229 4.3984751701355 4.30555582046509 4.22702836990356 4.19176292419434 4.16683435440063 4.18249559402466 4.19895601272583 4.1864595413208 4.17351388931274 4.15868854522705 4.14505577087402 4.13394021987915 4.12297010421753 4.11217880249023 4.10506248474121 4.10062313079834 4.09726667404175 4.09435892105103 4.09154796600342 4.0887565612793 4.08869647979736 4.08871507644653 4.08852005004883 4.08842039108276 4.08865547180176 4.08907079696655 4.08982181549072 4.08951568603516 4.08805751800537 4.08728981018066 4.08696889877319 4.08732795715332 4.08793210983276 4.21313810348511
4.58927774429321 4.51078653335571 4.42185926437378 4.44301652908325 4.47570419311523 4.51546669006348 4.5561580657959 4.60157537460327 4.61435890197754 4.54834270477295 4.45017623901367 4.30787086486816 4.22275733947754 4.18443632125854 4.16724252700806 4.16005563735962 4.14893484115601 4.13687372207642 4.1442551612854 4.15246152877808 4.15323925018311 4.15157794952393 4.13970851898193 4.12824201583862 4.11762428283691 4.10934543609619 4.10392570495605 4.10021877288818 4.09776020050049 4.09592914581299 4.09435844421387 4.09197044372559 4.08942174911499 4.08903217315674 4.08872842788696 4.08847999572754 4.08834934234619 4.08863067626953 4.08906984329224 4.08980321884155 4.08930063247681 4.08745193481445 4.08677911758423 4.08686637878418 4.08731508255005 4.08789396286011 4.09348630905151
4.43580293655396 4.39290761947632 4.3514666557312 4.37285089492798 4.39971590042114 4.40092706680298 4.40336513519287 4.41204357147217 4.39429807662964 4.31274843215942 4.24127292633057 4.18362712860107 4.15302467346191 4.14454936981201 4.13678407669067 4.12935447692871 4.1249098777771 4.121178150177 4.12787103652954 4.13490343093872 4.13645792007446 4.13578367233276 4.12577962875366 4.11651086807251 4.10879564285278 4.10285997390747 4.0991005897522 4.09689140319824 4.09581232070923 4.0951623916626 4.09469079971313 4.09270811080933 4.0904278755188 4.08957290649414 4.0888204574585 4.0885591506958 4.08844089508057 4.08882665634155 4.08929538726807 4.08991765975952 4.08946704864502 4.08784818649292 4.08711528778076 4.08695602416992 4.08730268478394 4.08783197402954 4.08963108062744
4.33539485931396 4.30976486206055 4.29135513305664 4.31182289123535 4.33467578887939 4.31447649002075 4.29539585113525 4.28200483322144 4.2518630027771 4.18127584457397 4.13422393798828 4.11948442459106 4.11478090286255 4.11828851699829 4.1158618927002 4.11062431335449 4.10965967178345 4.10971641540527 4.11558628082275 4.12160873413086 4.12403154373169 4.12445211410522 4.11649513244629 4.10921382904053 4.10335922241211 4.09902381896973 4.0965461730957 4.09533071517944 4.09503555297852 4.09479236602783 4.09457159042358 4.09299802780151 4.09115886688232 4.09012317657471 4.08919048309326 4.08897256851196 4.08887195587158 4.08918428421021 4.08953857421875 4.08997058868408 4.08961248397827 4.08839273452759 4.08752393722534 4.08688259124756 4.08702373504639 4.0874457359314 4.08764791488647
4.27478790283203 4.25267505645752 4.23895454406738 4.25764799118042 4.27784585952759 4.2490930557251 4.22104549407959 4.19658660888672 4.16764831542969 4.12789487838745 4.10356760025024 4.10041904449463 4.10015344619751 4.10224723815918 4.10209226608276 4.10087203979492 4.10099077224731 4.10142993927002 4.10637664794922 4.11151123046875 4.11487054824829 4.11646842956543 4.11069440841675 4.1052417755127 4.10046672821045 4.09717464447021 4.09569501876831 4.09509515762329 4.09513664245605 4.09472036361694 4.09411430358887 4.09295320510864 4.09168338775635 4.09068155288696 4.08976936340332 4.08963680267334 4.08955717086792 4.08966302871704 4.08979511260986 4.08997774124146 4.08974123001099 4.08904886245728 4.08798742294312 4.0866870880127 4.08654451370239 4.08681726455688 4.08706951141357
4.23109102249146 4.21148681640625 4.19810819625854 4.20866966247559 4.22020435333252 4.19186735153198 4.1644811630249 4.14193391799927 4.12025737762451 4.10068416595459 4.08958005905151 4.09010219573975 4.09127759933472 4.09298801422119 4.09368801116943 4.09390926361084 4.09438610076904 4.09492349624634 4.09900999069214 4.10326385498047 4.10640430450439 4.10839891433716 4.10559606552124 4.10256576538086 4.09905576705933 4.09673500061035 4.09586811065674 4.09530353546143 4.0949592590332 4.09414291381836 4.09313106536865 4.09224367141724 4.09138107299805 4.09069204330444 4.09006834030151 4.09001874923706 4.08997917175293 4.08997583389282 4.08998966217041 4.09003400802612 4.08982944488525 4.08935260772705 4.0881233215332 4.08640623092651 4.08611345291138 4.08633232116699 4.08659982681274
4.19464111328125 4.17711400985718 4.16221380233765 4.16191816329956 4.16221475601196 4.13813781738281 4.11553955078125 4.10046625137329 4.08864784240723 4.08468961715698 4.08273601531982 4.08353471755981 4.08486700057983 4.08663463592529 4.08758306503296 4.08814239501953 4.08866596221924 4.08918046951294 4.0924334526062 4.09580945968628 4.09823608398438 4.10029220581055 4.10079860687256 4.10044527053833 4.09827899932861 4.09689903259277 4.09647989273071 4.09570217132568 4.09466218948364 4.09334945678711 4.09192276000977 4.09124994277954 4.09072494506836 4.09046840667725 4.090247631073 4.09027910232544 4.0902886390686 4.09021806716919 4.09015655517578 4.09011125564575 4.08989953994751 4.08950614929199 4.08811855316162 4.08608865737915 4.08570337295532 4.08590888977051 4.08617639541626
4.1679368019104 4.15160083770752 4.13482475280762 4.13080835342407 4.12759113311768 4.11067724227905 4.09524631500244 4.08735752105713 4.08157539367676 4.08087968826294 4.08067226409912 4.08113574981689 4.08216238021851 4.08364868164062 4.08466005325317 4.08544683456421 4.08611106872559 4.08674573898315 4.08904266357422 4.09139966964722 4.09296464920044 4.09450006484985 4.09591341018677 4.09653282165527 4.09547662734985 4.09477663040161 4.09451103210449 4.0938720703125 4.09296083450317 4.09197473526001 4.0909571647644 4.08990955352783 4.08885622024536 4.08866691589355 4.08856344223022 4.08898544311523 4.08937740325928 4.08966445922852 4.08986854553223 4.089919090271 4.08946943283081 4.0884747505188 4.08724451065063 4.08586168289185 4.0856499671936 4.08585929870605 4.0860767364502
4.14324855804443 4.12792062759399 4.1091947555542 4.10293483734131 4.09780216217041 4.08865213394165 4.08087968826294 4.08011627197266 4.07957935333252 4.07959032058716 4.07959747314453 4.07959938049316 4.08022451400757 4.08135890960693 4.08239555358887 4.08338594436646 4.08421087265015 4.08499622344971 4.08631181716919 4.08761978149414 4.08829212188721 4.08918619155884 4.09101009368896 4.09224939346313 4.09225559234619 4.09218072891235 4.09200763702393 4.09158039093018 4.09096908569336 4.09047985076904 4.09004211425781 4.08849811553955 4.08673667907715 4.08653926849365 4.08649396896362 4.08736991882324 4.08821392059326 4.0889458656311 4.08948659896851 4.08967113494873 4.08893585205078 4.08719825744629 4.08618974685669 4.08565282821655 4.08567047119141 4.08588743209839 4.08604383468628
4.11557579040527 4.10583734512329 4.0942440032959 4.09055137634277 4.08761978149414 4.08339262008667 4.07979488372803 4.07939672470093 4.07907915115356 4.07895851135254 4.07898855209351 4.07922554016113 4.0797004699707 4.08036947250366 4.08107805252075 4.08180618286133 4.08251476287842 4.08321952819824 4.08406686782837 4.08490514755249 4.08547163009644 4.08613681793213 4.08721685409546 4.08794355392456 4.08792400360107 4.08792018890381 4.08793640136719 4.08785676956177 4.08770751953125 4.08746385574341 4.08718156814575 4.08621883392334 4.08512210845947 4.08508396148682 4.08513593673706 4.08568477630615 4.08622169494629 4.08671903610229 4.08711910247803 4.08733749389648 4.08742332458496 4.08736371994019 4.08667087554932 4.08556842803955 4.08545064926147 4.08568620681763 4.08587169647217
4.0896463394165 4.08540391921997 4.08093214035034 4.07982730865479 4.07910013198853 4.07926464080811 4.07934665679932 4.07901239395142 4.07869577407837 4.07842445373535 4.07845878601074 4.07891368865967 4.07925176620483 4.07949447631836 4.07988262176514 4.0803394317627 4.0809121131897 4.08151197433472 4.08193492889404 4.08235025405884 4.08283996582031 4.08330106735229 4.08364486694336 4.08385467529297 4.08378124237061 4.08383178710938 4.08403396606445 4.08428430557251 4.08457040786743 4.08456516265869 4.08443975448608 4.08409357070923 4.08370399475098 4.08380079269409 4.08392715454102 4.08416795730591 4.08440542221069 4.08463144302368 4.08485412597656 4.08507108688354 4.08590745925903 4.08741998672485 4.08704566955566 4.08545064926147 4.08522176742554 4.08548402786255 4.08570194244385
4.08373641967773 4.08180570602417 4.08000421524048 4.07940626144409 4.07895708084106 4.07919263839722 4.07934665679932 4.07908773422241 4.07883977890015 4.07861804962158 4.07855367660522 4.07870483398438 4.078932762146 4.0792236328125 4.07953405380249 4.07985305786133 4.08020067214966 4.08055448532104 4.08077573776245 4.0809965133667 4.08133983612061 4.08166265487671 4.08189868927002 4.0820894241333 4.0821852684021 4.08237457275391 4.08267879486084 4.08301258087158 4.08336734771729 4.08364343643188 4.08388614654541 4.08402013778687 4.08413314819336 4.08402633666992 4.0839695930481 4.08448076248169 4.0848560333252 4.08474969863892 4.0846381187439 4.0845160484314 4.08483028411865 4.08562088012695 4.08554935455322 4.08491992950439 4.08501720428467 4.08537530899048 4.08562231063843
4.07904720306396 4.07892084121704 4.07914304733276 4.07900238037109 4.07884073257446 4.07911825180054 4.07931280136108 4.07908344268799 4.07887411117554 4.07871246337891 4.07859659194946 4.0785436630249 4.07868671417236 4.07898998260498 4.07922649383545 4.07943201065063 4.0795841217041 4.07972383499146 4.07977342605591 4.07982635498047 4.08002138137817 4.08020830154419 4.08036184310913 4.08054494857788 4.08079051971436 4.08110475540161 4.08150196075439 4.08192300796509 4.08236169815063 4.08288431167603 4.08344173431396 4.08394575119019 4.08443880081177 4.08421277999878 4.08405017852783 4.08476877212524 4.0852484703064 4.084885597229 4.08451557159424 4.08413124084473 4.08402156829834 4.08421087265015 4.08436441421509 4.08449554443359 4.08484697341919 4.08527755737305 4.08554601669312
4.07883453369141 4.07864999771118 4.07852840423584 4.07866096496582 4.07882165908813 4.07903671264648 4.07915592193604 4.07878637313843 4.07850646972656 4.07844161987305 4.07844972610474 4.07855892181396 4.07870817184448 4.07889080047607 4.07907104492188 4.07925033569336 4.07931756973267 4.07935810089111 4.07934427261353 4.07932996749878 4.07936811447144 4.07943105697632 4.07959318161011 4.07980871200562 4.08013582229614 4.08052158355713 4.08097887039185 4.08150386810303 4.0820779800415 4.08272361755371 4.08339929580688 4.08386468887329 4.08428907394409 4.08425426483154 4.0842719078064 4.08496522903442 4.08542919158936 4.08508539199829 4.08473539352417 4.08437252044678 4.08419704437256 4.08422565460205 4.08432054519653 4.0844578742981 4.08480167388916 4.08521938323975 4.08548164367676
