Ecospace-environmental-drivers/Outputs/ASCII-for-ecospace/MOM6-ISIMIP3a/tob/1998-09_tob_MOM6-ISIMIP3a.asc
NCOLS 131 
NROWS 53 
XLLCORNER -98 
YLLCORNER 23.9265270233154 
CELLSIZE 0.133587792515755 
NODATA_value -9999 
[rows 21 to 41 of 53, columns 0 to 46 of 131]
-9999 -9999 -9999 -9999 -9999 -9999 29.440502166748 29.4382286071777 29.4256172180176 29.4136486053467 29.3854503631592 29.4521179199219 29.3967914581299 29.2319889068604 29.0884780883789 28.9695377349854 28.8094654083252 28.6211490631104 28.3362827301025 28.0141353607178 27.6047801971436 27.1800365447998 26.8061714172363 26.4671459197998 26.4091453552246 26.3021297454834 26.0361843109131 25.7897911071777 25.5775146484375 25.4026470184326 25.2662677764893 25.1517238616943 25.0504817962646 24.9404945373535 24.8275947570801 24.7199840545654 24.613073348999 24.5020732879639 24.3785934448242 24.1756572723389 24.00368309021 23.9179019927979 23.8486785888672 23.805046081543 23.7333908081055 23.6360130310059 23.4971790313721
-9999 -9999 -9999 -9999 -9999 -9999 29.4395999908447 29.440502166748 29.4359550476074 29.4123649597168 29.4136486053467 29.290584564209 29.0634326934814 28.6303176879883 28.36083984375 28.2801780700684 27.9826946258545 27.5363121032715 26.5803737640381 25.427677154541 24.5864677429199 23.8002281188965 22.8181324005127 21.9094219207764 21.6479797363281 21.5605449676514 22.0373115539551 22.484411239624 22.8797378540039 23.1694622039795 23.350528717041 23.4400272369385 23.4737434387207 23.5330467224121 23.6008777618408 23.584379196167 23.5477542877197 22.3337020874023 21.1837596893311 20.4420986175537 19.900239944458 19.9145793914795 19.9498291015625 20.0173931121826 20.0594577789307 20.0781211853027 19.6673469543457
-9999 -9999 -9999 -9999 29.4954261779785 29.4564647674561 29.4412174224854 29.4370803833008 29.440502166748 29.4314079284668 29.3638973236084 29.0727996826172 28.6387233734131 27.9217319488525 27.4843730926514 27.3696613311768 26.8593215942383 26.0772876739502 24.4356842041016 22.4621696472168 21.2014350891113 20.0664825439453 18.5275936126709 17.0971775054932 16.6443862915039 16.582498550415 17.7880687713623 18.91188621521 19.8930377960205 20.6359710693359 21.1337795257568 21.4536743164062 21.6651840209961 21.9241466522217 22.1989269256592 22.2785224914551 22.3139820098877 19.9643249511719 17.7627239227295 16.5039806365967 15.6046333312988 15.7057580947876 15.8334655761719 16.002254486084 16.1522045135498 16.2848606109619 15.6114225387573
-9999 -9999 -9999 -9999 29.5858039855957 29.4982147216797 29.4717121124268 29.4412174224854 29.4295234680176 29.2806816101074 28.971736907959 28.0499897003174 27.0809516906738 26.0183429718018 24.7902412414551 23.3711891174316 21.5323123931885 19.4051246643066 17.5879344940186 15.8904447555542 14.7782135009766 13.7692613601685 13.1494855880737 12.5881690979004 12.4430017471313 12.4838838577271 13.1280107498169 13.6885938644409 14.1033849716187 14.5209894180298 14.9414873123169 15.6522607803345 16.539867401123 17.2192535400391 17.8292350769043 17.9480037689209 17.9801387786865 15.4077558517456 13.095401763916 12.4389944076538 11.94762134552 11.9156627655029 11.8995752334595 11.9080190658569 11.9464244842529 12.0123291015625 11.5121774673462
-9999 -9999 -9999 -9999 -9999 29.5858039855957 29.4941272735596 29.5022068023682 29.3936290740967 29.0437183380127 28.4540920257568 26.9469413757324 25.422046661377 23.8620433807373 21.8477554321289 19.3092956542969 16.4523448944092 13.376672744751 11.5312547683716 10.1608829498291 9.25111293792725 8.4226245880127 8.54342555999756 8.6801929473877 8.7767972946167 8.88408756256104 9.02602100372314 9.10490798950195 9.07377147674561 9.24065017700195 9.61128425598145 10.5777578353882 11.9072122573853 12.83851146698 13.6370935440063 13.7635450363159 13.778826713562 11.2545528411865 9.05113887786865 8.89106369018555 8.73697757720947 8.5995626449585 8.47179794311523 8.35894584655762 8.30128479003906 8.29427814483643 7.9493556022644
-9999 -9999 -9999 -9999 -9999 29.5644378662109 29.5858039855957 29.4472789764404 29.2485008239746 28.4286327362061 27.3862323760986 25.4920749664307 23.3197002410889 20.5968055725098 17.8162994384766 14.9693183898926 12.4555835723877 10.1707067489624 8.94319248199463 8.12396621704102 7.65325021743774 7.24403524398804 7.32258653640747 7.4075756072998 7.4572114944458 7.47146701812744 7.37100553512573 7.32571792602539 7.37671327590942 7.61998319625854 8.0610990524292 8.69055366516113 9.43474102020264 9.87907314300537 10.2234554290771 10.2195272445679 10.1586246490479 8.87000274658203 7.73882150650024 7.61027383804321 7.48352909088135 7.3618049621582 7.26318216323853 7.20026111602783 7.1143970489502 7.00747632980347 6.73859548568726
-9999 -9999 29.5202255249023 29.5248165130615 29.5288925170898 29.5430469512939 29.5644645690918 29.3873825073242 29.1116485595703 27.8015155792236 26.2806949615479 23.9534492492676 21.1827964782715 17.5347709655762 14.2708530426025 11.4501314163208 9.35214519500732 7.7504940032959 6.99129009246826 6.55738687515259 6.39575147628784 6.2821626663208 6.32292747497559 6.36529970169067 6.3929009437561 6.35807752609253 6.12084865570068 6.00260400772095 6.0919976234436 6.37022018432617 6.84274482727051 7.20356750488281 7.49634313583374 7.5901198387146 7.61756467819214 7.5238184928894 7.41129541397095 7.0169939994812 6.66016340255737 6.54196310043335 6.42198610305786 6.29706192016602 6.20531702041626 6.16484880447388 6.06217765808105 5.90241670608521 5.71051168441772
-9999.000000000000000 -9999 -9999 -9999 29.5025081634521 29.5147380828857 29.5016918182373 29.3166465759277 28.9928569793701 27.1481494903564 25.0929489135742 22.232063293457 18.9704971313477 14.9160938262939 11.7858018875122 9.7217903137207 8.19780540466309 7.04468059539795 6.42739343643188 6.01701307296753 5.88087558746338 5.7931342124939 5.80585098266602 5.82559490203857 5.88556432723999 5.89756536483765 5.75403499603271 5.67458248138428 5.70695066452026 5.92971563339233 6.34839487075806 6.58980178833008 6.72321605682373 6.76406526565552 6.77405977249146 6.67899703979492 6.56844854354858 6.32373046875 6.09131526947021 5.93725252151489 5.77915191650391 5.60981130599976 5.47636699676514 5.39839887619019 5.30378437042236 5.19389200210571 5.08099937438965
-9999 -9999 -9999 -9999 29.4682807922363 29.4497394561768 29.4553661346436 29.2617855072021 28.8979206085205 26.6600399017334 24.1466541290283 20.5787544250488 16.8415145874023 12.7692070007324 9.88631629943848 8.37582683563232 7.28170108795166 6.47351121902466 5.95157527923584 5.5401725769043 5.41249704360962 5.33489036560059 5.34613466262817 5.36739444732666 5.45590162277222 5.51087713241577 5.45712900161743 5.41889095306396 5.40771865844727 5.56196546554565 5.88642549514771 6.02893543243408 6.06060361862183 6.06550741195679 6.06149005889893 5.96623992919922 5.85814380645752 5.71709108352661 5.57320594787598 5.41127920150757 5.24769401550293 5.07949209213257 4.94467115402222 4.86143922805786 4.7873330116272 4.72160196304321 4.66031742095947
-9999 -9999 -9999 -9999 29.4450531005859 29.4403648376465 29.4345760345459 29.2268981933594 28.8329963684082 26.3798370361328 23.50412940979 19.0110855102539 14.8173532485962 11.2158727645874 8.72351932525635 7.51092529296875 6.66531705856323 6.0717339515686 5.58656692504883 5.14326286315918 5.00261497497559 4.91537666320801 4.95858240127563 5.0117335319519 5.12396001815796 5.21706533432007 5.24817323684692 5.25419759750366 5.21644830703735 5.2857460975647 5.4651927947998 5.5346212387085 5.53702783584595 5.52735137939453 5.51364755630493 5.41963148117065 5.3145866394043 5.21943283081055 5.11892986297607 4.98436403274536 4.85635662078857 4.74660539627075 4.66113710403442 4.61319780349731 4.57526350021362 4.54651308059692 4.50236129760742
-9999 -9999 -9999 -9999 29.4403648376465 29.4333572387695 29.4251308441162 29.2431335449219 28.887170791626 26.6034374237061 23.7835960388184 18.9117660522461 14.3777723312378 10.5122632980347 7.94283103942871 6.86886835098267 6.15533065795898 5.68931293487549 5.27289295196533 4.87562465667725 4.7449803352356 4.66138648986816 4.71440935134888 4.77652883529663 4.88952589035034 4.99381399154663 5.06986618041992 5.10255861282349 5.05958461761475 5.06825494766235 5.13006639480591 5.14876937866211 5.14121150970459 5.11518955230713 5.0830135345459 5.01345109939575 4.93880176544189 4.87522077560425 4.80611085891724 4.70179271697998 4.60740375518799 4.54065561294556 4.49034690856934 4.46544456481934 4.44894695281982 4.44016313552856 4.40311670303345
-9999 -9999 -9999 -9999 29.4329509735107 29.4251308441162 29.2993621826172 29.2977123260498 29.0306701660156 27.2048931121826 24.754566192627 19.9137210845947 15.1266441345215 10.4459562301636 7.44872760772705 6.39394617080688 5.72514295578003 5.32140874862671 4.99772071838379 4.70494174957275 4.60153198242188 4.5315408706665 4.57777214050293 4.63166761398315 4.72822332382202 4.82348394393921 4.91454648971558 4.96071147918701 4.92852592468262 4.89481067657471 4.85952091217041 4.84426641464233 4.84121608734131 4.79752445220947 4.74028635025024 4.71259355545044 4.68884754180908 4.64609527587891 4.59938621520996 4.5274806022644 4.46524095535278 4.42991018295288 4.40411567687988 4.39305877685547 4.38694524765015 4.38536882400513 4.3479061126709
-9999 -9999 -9999 -9999 29.4251308441162 29.3094921112061 29.2587566375732 29.2314739227295 29.1354293823242 27.9584789276123 26.0760593414307 21.4934139251709 16.522346496582 10.7826995849609 7.24957132339478 6.26242017745972 5.61945581436157 5.21285963058472 4.89408206939697 4.60921382904053 4.51819324493408 4.46138048171997 4.47993230819702 4.50173044204712 4.53682899475098 4.57922744750977 4.64529514312744 4.69050121307373 4.69930171966553 4.690833568573 4.66459512710571 4.64423513412476 4.6274561882019 4.57479619979858 4.51017570495605 4.50521373748779 4.50836563110352 4.49326419830322 4.47430086135864 4.43074083328247 4.38981437683105 4.3562183380127 4.33409929275513 4.32971858978271 4.32558536529541 4.32167863845825 4.2903790473938
-9999 -9999 -9999 -9999 -9999 29.2634677886963 29.2547206878662 29.2470817565918 29.2235832214355 28.7772617340088 27.5477828979492 23.3207130432129 18.1952648162842 11.2921800613403 7.17682313919067 6.27806615829468 5.65284204483032 5.21546459197998 4.86395883560181 4.5456109046936 4.46061563491821 4.41679954528809 4.39871978759766 4.37818908691406 4.33253812789917 4.30328750610352 4.32721471786499 4.36527729034424 4.42800664901733 4.47377061843872 4.50207757949829 4.48897838592529 4.45065450668335 4.39275503158569 4.32833051681519 4.33789682388306 4.35765838623047 4.37313175201416 4.38420343399048 4.36724710464478 4.34298944473267 4.29840612411499 4.27103233337402 4.27025508880615 4.2645001411438 4.25417613983154 4.23185873031616
-9999 -9999 -9999 -9999 -9999 29.2780113220215 29.2769260406494 29.2856044769287 29.2636451721191 29.0006847381592 27.9533538818359 23.9037857055664 18.7735366821289 11.5049304962158 7.22402000427246 6.39044141769409 5.77313423156738 5.30435132980347 4.89888000488281 4.51785564422607 4.40924215316772 4.34870100021362 4.3072681427002 4.26584005355835 4.22096347808838 4.18953227996826 4.20169734954834 4.22631978988647 4.27268314361572 4.30938243865967 4.33613872528076 4.33056831359863 4.30530548095703 4.26498174667358 4.21963834762573 4.23028326034546 4.24871635437012 4.27410936355591 4.29565763473511 4.29271936416626 4.28097867965698 4.2447361946106 4.22221231460571 4.22089004516602 4.21422863006592 4.20266771316528 4.18660163879395
-9999 -9999 -9999 -9999 -9999 29.2988147735596 29.3023891448975 29.2980918884277 29.2937564849854 29.1009292602539 28.1383380889893 24.2294254302979 19.1253242492676 11.6562881469727 7.29603433609009 6.52282905578613 5.91140747070312 5.41108989715576 4.94725894927979 4.49751710891724 4.35915279388428 4.27573680877686 4.21369791030884 4.15580654144287 4.1285719871521 4.10933303833008 4.11602067947388 4.125901222229 4.14135408401489 4.15589284896851 4.1694917678833 4.17150640487671 4.16646337509155 4.14843654632568 4.12608194351196 4.13502264022827 4.14841556549072 4.17945528030396 4.20743274688721 4.21590805053711 4.2158260345459 4.19192314147949 4.17634010314941 4.17361402511597 4.16619491577148 4.15446901321411 4.14408826828003
-9999 -9999 -9999 -9999 -9999 -9999 29.3171310424805 29.3234729766846 29.2949657440186 28.9302234649658 27.8406352996826 23.9766540527344 18.95827293396 11.6556606292725 7.4063196182251 6.67997360229492 6.06567335128784 5.52831983566284 4.99257183074951 4.45744371414185 4.2927188873291 4.19335794448853 4.15231943130493 4.11534738540649 4.10162258148193 4.09188938140869 4.09509801864624 4.09971809387207 4.10680055618286 4.11362409591675 4.12018156051636 4.12145090103149 4.11949825286865 4.11133432388306 4.10109949111938 4.10570096969604 4.11244058609009 4.1313214302063 4.14864110946655 4.15601968765259 4.15831089019775 4.1464409828186 4.13835859298706 4.13613033294678 4.13093233108521 4.12300968170166 4.11578178405762
-9999 -9999 -9999 -9999 -9999 -9999 29.3254127502441 29.3298282623291 29.2900981903076 28.7121162414551 27.4581928253174 23.6170425415039 18.6843852996826 11.5919361114502 7.47896862030029 6.80385398864746 6.19487524032593 5.6313157081604 5.03117322921753 4.41690540313721 4.22888088226318 4.11607503890991 4.09671068191528 4.08108997344971 4.07961320877075 4.0785117149353 4.07862663269043 4.07882404327393 4.07916593551636 4.07951021194458 4.07985830307007 4.08009004592896 4.08025074005127 4.08057975769043 4.08096504211426 4.08147668838501 4.08205032348633 4.08875322341919 4.0953106880188 4.10094261169434 4.10486698150635 4.10403633117676 4.10290431976318 4.10130643844604 4.09840059280396 4.09429454803467 4.09000587463379
-9999 -9999 -9999 -9999 -9999 -9999 29.3272686004639 29.3229351043701 29.2342147827148 28.1178112030029 26.4023666381836 22.3940467834473 17.5186958312988 10.9277410507202 7.13186931610107 6.56108522415161 6.04908657073975 5.57745838165283 4.99964475631714 4.38082885742188 4.20054197311401 4.09764194488525 4.08727645874023 4.07975387573242 4.07904005050659 4.0785346031189 4.07870578765869 4.07889175415039 4.07910203933716 4.07925653457642 4.07935333251953 4.07940816879272 4.07943677902222 4.07959079742432 4.07978630065918 4.08012962341309 4.08051061630249 4.08333253860474 4.08616971969604 4.08910369873047 4.09119844436646 4.09095621109009 4.09063100814819 4.09017705917358 4.08889436721802 4.08685159683228 4.08444023132324
-9999 -9999 -9999 -9999 -9999 29.4069271087646 29.3127746582031 29.3290405273438 29.1216487884521 27.4436073303223 25.2295875549316 20.9640636444092 16.1407489776611 10.2137184143066 6.80386638641357 6.29844379425049 5.84953308105469 5.43943119049072 4.90815019607544 4.33007717132568 4.16957998275757 4.08277177810669 4.07978820800781 4.07875108718872 4.07863569259644 4.07860231399536 4.0788369178772 4.07902097702026 4.07911682128906 4.07911682128906 4.07901811599731 4.0789270401001 4.07884168624878 4.07884216308594 4.07887125015259 4.07904243469238 4.07923030853271 4.07904577255249 4.07898712158203 4.07972955703735 4.08031463623047 4.08046102523804 4.0807204246521 4.08115386962891 4.08114814758301 4.08073949813843 4.07992792129517
-9999 -9999 -9999 -9999 29.443265914917 29.4127063751221 29.4069271087646 29.1921920776367 28.8012523651123 26.4764404296875 23.6279640197754 18.7751216888428 13.9844970703125 9.31698894500732 6.54588460922241 5.96293306350708 5.45283794403076 4.99277591705322 4.59677648544312 4.22551345825195 4.1289963722229 4.08096313476562 4.07943725585938 4.07897138595581 4.07884979248047 4.07883310317993 4.07915782928467 4.07937908172607 4.07941913604736 4.07939434051514 4.0793023109436 4.07918357849121 4.07904863357544 4.07897520065308 4.07892179489136 4.07890796661377 4.07889938354492 4.07891607284546 4.07898569107056 4.07939338684082 4.07964086532593 4.07944297790527 4.07947206497192 4.07985210418701 4.07985401153564 4.07950878143311 4.07927799224854
