Ecospace-environmental-drivers/Outputs/ASCII-for-ecospace/MOM6-ISIMIP3a/tob/1999-06_tob_MOM6-ISIMIP3a.asc
NCOLS 131 
NROWS 53 
XLLCORNER -98 
YLLCORNER 23.9265270233154 
CELLSIZE 0.133587792515755 
NODATA_value -9999 
[rows 21 to 41 of 53, columns 0 to 46 of 131]
-9999 -9999 -9999 -9999 -9999 -9999 24.6616973876953 24.6396160125732 24.5810737609863 24.5283851623535 24.839822769165 25.6594352722168 25.3889980316162 24.583438873291 23.9384250640869 23.4786548614502 23.1511173248291 22.9143867492676 22.6454524993896 22.3640804290771 22.2272472381592 22.1159210205078 22.139497756958 22.1685409545898 22.2185230255127 22.2568092346191 22.2571640014648 22.2585163116455 22.2616081237793 22.269458770752 22.2822074890137 22.3011779785156 22.3239402770996 22.3463764190674 22.3687038421631 22.4061069488525 22.4454650878906 22.4670429229736 22.4827728271484 22.4612426757812 22.4572982788086 22.5023136138916 22.5445346832275 22.5824356079102 22.6080551147461 22.6223983764648 22.5660057067871
-9999 -9999 -9999 -9999 -9999 -9999 24.6594104766846 24.6616973876953 24.6175346374512 24.5166759490967 24.5283851623535 24.3316459655762 24.0037422180176 23.4163017272949 22.9897785186768 22.7489337921143 22.5340442657471 22.3369770050049 22.0006294250488 21.610502243042 20.9733619689941 20.2926349639893 20.0648822784424 19.8639354705811 19.8037147521973 19.7998199462891 19.9785556793213 20.2729034423828 20.7690029144287 21.1819038391113 21.5091972351074 21.7158660888672 21.8490543365479 21.929573059082 21.9925346374512 21.9452152252197 21.8782711029053 21.2024898529053 20.4863433837891 19.5131359100342 18.8576793670654 19.0867576599121 19.2294120788574 19.23850440979 19.3393039703369 19.5242729187012 19.2545185089111
-9999 -9999 -9999 -9999 25.1234512329102 24.7954292297363 24.6686382293701 24.6478958129883 24.6616973876953 24.573371887207 24.3032474517822 23.3372783660889 22.5994091033936 22.3128833770752 22.1203498840332 22.0362663269043 21.8444557189941 21.5786609649658 21.1238269805908 20.5960006713867 19.446475982666 18.1872406005859 17.7179336547852 17.2969951629639 17.135009765625 17.0934829711914 17.442533493042 18.0153751373291 18.9787540435791 19.7804718017578 20.4158496856689 20.8252086639404 21.0968818664551 21.2626361846924 21.393087387085 21.2602043151855 21.0822067260742 19.6928215026855 18.2333869934082 16.3278522491455 15.0306768417358 15.4270191192627 15.6578540802002 15.6329069137573 15.8021450042725 16.1496047973633 15.6724424362183
-9999 -9999 -9999 -9999 25.8850574493408 25.144681930542 24.9222221374512 24.6686382293701 24.6133518218994 23.9097213745117 23.2318878173828 22.6528034210205 22.2084579467773 22.0307159423828 21.4850692749023 20.5149116516113 19.0103282928467 17.1387271881104 15.9995651245117 15.1432266235352 14.0918979644775 13.006160736084 12.8523874282837 12.7406139373779 12.8087854385376 12.9088315963745 13.1122255325317 13.3993253707886 13.832498550415 14.2808666229248 14.7448711395264 15.3632545471191 16.07568359375 16.6951198577881 17.2835578918457 17.1725559234619 16.9557914733887 15.4752407073975 14.0158205032349 12.6909656524658 11.7342901229858 11.8025341033936 11.8061513900757 11.7098913192749 11.7514915466309 11.919620513916 11.5668649673462
-9999 -9999 -9999 -9999 -9999 25.8850574493408 25.1028079986572 25.1758060455322 24.3988819122314 23.2660980224609 22.3156280517578 22.0629825592041 21.7843055725098 21.4541187286377 20.4288921356201 18.6016960144043 16.0439167022705 12.984411239624 11.3745050430298 10.3243417739868 9.42978477478027 8.56268692016602 8.65709972381592 8.78498458862305 9.01635265350342 9.20346927642822 9.24710273742676 9.28230857849121 9.30280780792236 9.48376083374023 9.82981872558594 10.5764970779419 11.5672311782837 12.4648532867432 13.3314380645752 13.2431001663208 13.0140552520752 11.5721454620361 10.2202596664429 9.44167995452881 8.81748962402344 8.62308120727539 8.44982624053955 8.30926036834717 8.24149703979492 8.24055099487305 7.99133777618408
-9999 -9999 -9999 -9999 -9999 25.6419506072998 25.8850574493408 24.6817302703857 23.4560012817383 22.7102909088135 22.0794353485107 21.8881912231445 21.2145843505859 19.5865211486816 17.5271968841553 14.970269203186 12.4974746704102 10.0824584960938 8.938307762146 8.28488636016846 7.80393218994141 7.35341310501099 7.40070772171021 7.46348524093628 7.56444692611694 7.59965896606445 7.4216833114624 7.3534107208252 7.47657918930054 7.76692056655884 8.22927951812744 8.75028610229492 9.3070182800293 9.71333694458008 10.0695180892944 10.007269859314 9.88209056854248 9.0479793548584 8.27507019042969 7.89191770553589 7.56507062911987 7.39496612548828 7.26558685302734 7.19914579391479 7.10214424133301 6.9770941734314 6.73993444442749
-9999 -9999 25.1340103149414 25.1879367828369 25.2375030517578 25.3985557556152 25.6422386169434 24.176778793335 22.7095317840576 22.2762718200684 21.8696060180664 21.5647258758545 20.4077987670898 17.5649089813232 14.7288541793823 11.9006881713867 9.67991352081299 7.87626171112061 7.08791446685791 6.69161462783813 6.5021800994873 6.34925079345703 6.3611888885498 6.37753486633301 6.40052795410156 6.3496880531311 6.05945253372192 5.93672847747803 6.10632705688477 6.44669342041016 6.96277666091919 7.29017162322998 7.50262022018433 7.56335639953613 7.57352256774902 7.51366186141968 7.44205570220947 7.0831880569458 6.75518798828125 6.62376117706299 6.48413324356079 6.32167530059814 6.21001005172729 6.176842212677 6.06413555145264 5.87842798233032 5.68106174468994
-9999.000000000000000 -9999 -9999 -9999 24.9277515411377 25.0764484405518 24.92799949646 23.6480979919434 22.3916034698486 22.1079750061035 21.7172985076904 20.9168834686279 19.083776473999 15.2072610855103 12.1560049057007 10.0569686889648 8.45266056060791 7.18810415267944 6.51565885543823 6.07185029983521 5.90756797790527 5.7926139831543 5.79485654830933 5.80551815032959 5.86495351791382 5.87174320220947 5.70783185958862 5.63762760162354 5.7309513092041 5.99181985855103 6.42508840560913 6.62882900238037 6.69274234771729 6.72583723068237 6.74866008758545 6.63947105407715 6.51171207427979 6.33887100219727 6.16326189041138 5.97002744674683 5.77734231948853 5.5861873626709 5.4351544380188 5.34612798690796 5.24724292755127 5.13930988311768 5.04226112365723
-9999 -9999 -9999 -9999 24.5229358673096 24.3082523345947 24.382740020752 23.3025512695312 22.237133026123 22.0576248168945 21.5555591583252 19.8188800811768 17.2670612335205 13.1023063659668 10.1565704345703 8.61738967895508 7.47424507141113 6.60307502746582 6.01652097702026 5.53986787796021 5.39039039611816 5.29864978790283 5.30748653411865 5.32755756378174 5.42289447784424 5.48338556289673 5.4308910369873 5.40407705307007 5.42207765579224 5.59480810165405 5.92675352096558 6.02159452438354 5.9719934463501 5.99128007888794 6.03352832794189 5.90946674346924 5.76299381256104 5.69627475738525 5.61087131500244 5.40647792816162 5.21012353897095 5.03614664077759 4.89185237884521 4.79343032836914 4.71806669235229 4.66386651992798 4.62346124649048
-9999 -9999 -9999 -9999 24.2461795806885 24.1841068267822 24.1074619293213 23.1874027252197 22.28830909729 22.1556625366211 21.3819541931152 18.154541015625 14.8304986953735 11.3152599334717 8.87853717803955 7.68625211715698 6.80888652801514 6.14779090881348 5.60937118530273 5.11832189559937 4.97063112258911 4.88353252410889 4.91945791244507 4.9679274559021 5.0984845161438 5.20773601531982 5.2479043006897 5.25299406051636 5.19686841964722 5.27059173583984 5.47792720794678 5.4824333190918 5.36337661743164 5.38625574111938 5.45644664764404 5.36086130142212 5.24277400970459 5.18165254592896 5.10821962356567 4.9563889503479 4.81849813461304 4.71941423416138 4.63986301422119 4.59049940109253 4.55086040496826 4.5201473236084 4.48144006729126
-9999 -9999 -9999 -9999 24.1841068267822 24.0913276672363 23.9824142456055 23.2387466430664 22.5058345794678 22.3580703735352 21.4934558868408 17.8850479125977 14.2491502761841 10.5588569641113 8.08030700683594 6.99991703033447 6.24592256546021 5.71607828140259 5.27227020263672 4.86168336868286 4.73045206069946 4.64851856231689 4.69473552703857 4.75179624557495 4.87583875656128 4.99250078201294 5.08523273468018 5.11299991607666 5.02739715576172 5.02652311325073 5.11283302307129 5.07753562927246 4.96815586090088 4.97387456893921 5.01795959472656 4.95669460296631 4.88101434707642 4.82543468475342 4.76332378387451 4.65961742401123 4.56969022750854 4.51812124252319 4.4774112701416 4.45348358154297 4.43308544158936 4.41592645645142 4.38117218017578
-9999 -9999 -9999 -9999 24.0859489440918 23.9824142456055 23.4584121704102 23.4149589538574 22.8481216430664 22.6387577056885 21.8187923431396 18.6617088317871 15.0592308044434 10.5754480361938 7.64193344116211 6.49718618392944 5.75975465774536 5.3020453453064 4.98770666122437 4.72872829437256 4.62496089935303 4.54858350753784 4.59249401092529 4.64329051971436 4.72951602935791 4.82257652282715 4.93779802322388 4.98132228851318 4.89972925186157 4.84256553649902 4.81053829193115 4.77333736419678 4.73298406600952 4.70597743988037 4.68341970443726 4.66085863113403 4.63810014724731 4.58802270889282 4.53674602508545 4.47783613204956 4.42799711227417 4.40340948104858 4.38211393356323 4.36590576171875 4.35238456726074 4.34132957458496 4.31222057342529
-9999 -9999 -9999 -9999 23.9824142456055 23.5421676635742 23.3174476623535 23.1975250244141 23.14723777771 22.9213981628418 22.2567405700684 19.9124851226807 16.5019950866699 10.9817323684692 7.49818897247314 6.36470031738281 5.6335711479187 5.17876005172729 4.88492059707642 4.65323829650879 4.55709362030029 4.48486757278442 4.49931907653809 4.51569414138794 4.53228425979614 4.56549406051636 4.65259027481079 4.6960563659668 4.66338491439819 4.63599061965942 4.61402797698975 4.58770227432251 4.55871915817261 4.51423168182373 4.46457576751709 4.46659374237061 4.47551012039185 4.45057153701782 4.4235692024231 4.38342571258545 4.34783363342285 4.32491207122803 4.3061261177063 4.29373121261597 4.28292369842529 4.27357292175293 4.25311708450317
-9999 -9999 -9999 -9999 -9999 23.4473819732666 23.4103984832764 23.3398590087891 23.4278507232666 23.2048740386963 22.7429542541504 21.3664569854736 18.2159118652344 11.5550308227539 7.48071575164795 6.39089345932007 5.66166877746582 5.18008184432983 4.86004018783569 4.60237646102905 4.50535202026367 4.43667507171631 4.41002941131592 4.37991571426392 4.31323385238647 4.27105712890625 4.30833625793457 4.34496641159058 4.38046312332153 4.41972303390503 4.46285486221313 4.45288181304932 4.41055727005005 4.35512208938599 4.29531669616699 4.31586027145386 4.34734439849854 4.35596179962158 4.3589940071106 4.32646036148071 4.29403972625732 4.26193523406982 4.23841428756714 4.22815752029419 4.21827936172485 4.20874786376953 4.19823455810547
-9999 -9999 -9999 -9999 -9999 23.6400184631348 23.6142978668213 23.693811416626 23.6668891906738 23.4768943786621 23.0860939025879 21.9266834259033 18.8052883148193 11.8016777038574 7.57593965530396 6.55543231964111 5.83267068862915 5.31438446044922 4.9230809211731 4.58080959320068 4.44766855239868 4.35143184661865 4.30821943283081 4.26434659957886 4.20530080795288 4.16461896896362 4.18348026275635 4.20617628097534 4.23556280136108 4.27184534072876 4.31522369384766 4.31300973892212 4.28302097320557 4.24160528182983 4.19638013839722 4.21678686141968 4.24618053436279 4.2638087272644 4.27681589126587 4.26039123535156 4.2412576675415 4.21458196640015 4.19648790359497 4.19165706634521 4.18601846694946 4.17963886260986 4.17463397979736
-9999 -9999 -9999 -9999 -9999 23.8910026550293 23.895357131958 23.8092231750488 23.8973236083984 23.7465438842773 23.3996315002441 22.3019943237305 19.161994934082 11.9807405471802 7.69448137283325 6.74859476089478 6.03323936462402 5.47620058059692 5.00431251525879 4.56530380249023 4.38875579833984 4.25852346420288 4.20381879806519 4.15295886993408 4.12035846710205 4.0970778465271 4.10401821136475 4.1113109588623 4.1192193031311 4.13811779022217 4.16832542419434 4.17209243774414 4.159752368927 4.13752126693726 4.11199283599854 4.12840223312378 4.15060329437256 4.17216491699219 4.19099617004395 4.19243907928467 4.18868494033813 4.17046070098877 4.15989685058594 4.16117095947266 4.16045761108398 4.15791940689087 4.15750551223755
-9999 -9999 -9999 -9999 -9999 -9999 24.1633548736572 24.1830348968506 24.169864654541 23.9647941589355 23.5037841796875 22.0631523132324 18.7907943725586 11.8939666748047 7.79725933074951 6.93145227432251 6.22682619094849 5.63289022445679 5.06960153579712 4.51814651489258 4.31951427459717 4.18314456939697 4.1466588973999 4.11430549621582 4.09816217422485 4.08655691146851 4.08966636657715 4.09294652938843 4.09652423858643 4.10560083389282 4.12033462524414 4.12234973907471 4.11661577224731 4.10639762878418 4.09468460083008 4.10294485092163 4.11397361755371 4.12602806091309 4.1370325088501 4.14134788513184 4.14223766326904 4.13359022140503 4.12882137298584 4.13004589080811 4.12969398498535 4.12789487838745 4.12697553634644
-9999 -9999 -9999 -9999 -9999 -9999 24.4119167327881 24.4978046417236 24.4299240112305 24.1651859283447 23.5712490081787 21.7172813415527 18.28635597229 11.7350807189941 7.86227369308472 7.07999849319458 6.39450836181641 5.77548503875732 5.12832689285278 4.47030544281006 4.25304317474365 4.11356163024902 4.09562301635742 4.08182811737061 4.08038806915283 4.07927274703979 4.07920980453491 4.07928085327148 4.07958507537842 4.07997131347656 4.08044195175171 4.08053541183472 4.08039855957031 4.08085012435913 4.08149766921997 4.08211755752563 4.08274841308594 4.08541250228882 4.08853816986084 4.09460401535034 4.0991039276123 4.09924411773682 4.0997052192688 4.10066270828247 4.10050392150879 4.09932088851929 4.09774541854858
-9999 -9999 -9999 -9999 -9999 -9999 24.6990280151367 24.5549087524414 24.5367336273193 24.1996593475342 23.3473701477051 20.5230560302734 16.7083511352539 10.9339504241943 7.53199243545532 6.86746263504028 6.28919792175293 5.77017545700073 5.12465715408325 4.43029403686523 4.22105741500854 4.09743118286133 4.08734750747681 4.08049154281616 4.07981300354004 4.07927703857422 4.07920503616333 4.07919931411743 4.07930946350098 4.07947015762329 4.07968282699585 4.0797438621521 4.07971286773682 4.0799298286438 4.08022880554199 4.08061599731445 4.08101892471313 4.08195400238037 4.08317089080811 4.08617877960205 4.08838415145874 4.08835649490356 4.08885478973389 4.09016752243042 4.09058809280396 4.09019041061401 4.08878135681152
-9999 -9999 -9999 -9999 -9999 25.4838523864746 25.0120410919189 25.0443725585938 24.5872459411621 24.1944198608398 23.1049327850342 19.348913192749 15.1723403930664 10.1636066436768 7.20267629623413 6.60458755493164 6.09633207321167 5.64976930618286 5.04224252700806 4.37256240844727 4.18580675125122 4.08427238464355 4.08072566986084 4.07946395874023 4.07936668395996 4.07928228378296 4.07923936843872 4.07919645309448 4.07915258407593 4.07913446426392 4.07914161682129 4.07916831970215 4.07920694351196 4.07922697067261 4.07924032211304 4.07940769195557 4.07959270477295 4.07924556732178 4.07902097702026 4.07957792282104 4.07993412017822 4.07973146438599 4.08017444610596 4.08161449432373 4.08239221572876 4.08256196975708 4.08143758773804
-9999 -9999 -9999 -9999 26.7538375854492 25.8837108612061 25.4838523864746 24.9650287628174 24.4313411712646 24.0435638427734 22.79443359375 18.2484111785889 13.7903022766113 9.50615215301514 6.87689685821533 6.15713119506836 5.58242416381836 5.10733509063721 4.67109489440918 4.24985599517822 4.13858366012573 4.0820107460022 4.08016490936279 4.07956743240356 4.0793924331665 4.07928848266602 4.07941722869873 4.07948064804077 4.07943201065063 4.07940483093262 4.07940006256104 4.07938385009766 4.0793604850769 4.07932138442993 4.07927751541138 4.07927560806274 4.07927894592285 4.07928562164307 4.07933616638184 4.07966756820679 4.07980537414551 4.07940483093262 4.07945013046265 4.08018493652344 4.08050298690796 4.0804386138916 4.08003616333008
