Ecospace-environmental-drivers/Outputs/ASCII-for-ecospace/MOM6-ISIMIP3a/tob/2000-04_tob_MOM6-ISIMIP3a.asc
NCOLS 131 
NROWS 53 
XLLCORNER -98 
YLLCORNER 23.9265270233154 
CELLSIZE 0.133587792515755 
NODATA_value -9999 
[rows 21 to 41 of 53, columns 0 to 46 of 131]
-9999 -9999 -9999 -9999 -9999 -9999 21.0376434326172 21.0213222503662 20.9848480224609 20.9345321655273 21.0531215667725 21.2471981048584 21.1786041259766 20.9742813110352 20.8046493530273 20.6750450134277 20.6091804504395 20.5870895385742 20.6067180633545 20.6424579620361 20.6885395050049 20.7364463806152 20.8137588500977 20.8980388641357 21.0349903106689 21.1643981933594 21.2693347930908 21.3702030181885 21.4639644622803 21.5588645935059 21.6549377441406 21.7430744171143 21.8263740539551 21.8774719238281 21.9178352355957 21.9128437042236 21.9012451171875 21.8424167633057 21.7756633758545 21.6584453582764 21.5853614807129 21.6351318359375 21.6837863922119 21.7307147979736 21.7872562408447 21.8526229858398 21.8145942687988
-9999 -9999 -9999 -9999 -9999 -9999 21.039514541626 21.0376434326172 21.0050010681152 20.962215423584 20.9345321655273 20.9776363372803 20.9914608001709 20.9473457336426 20.9146385192871 20.8950901031494 20.8857402801514 20.8833961486816 20.8030300140381 20.6925354003906 20.0676612854004 19.3520164489746 19.1086940765381 18.9010009765625 18.9040298461914 18.982385635376 19.3049793243408 19.7398071289062 20.3704967498779 20.8506698608398 21.1759624481201 21.3733291625977 21.4927635192871 21.5731239318848 21.6404590606689 21.6582317352295 21.6630191802979 20.8154907226562 19.9657802581787 19.1021747589111 18.5055923461914 18.6523361206055 18.7807636260986 18.8808860778809 19.003532409668 19.1468524932861 18.7844486236572
-9999 -9999 -9999 -9999 21.317907333374 21.1276836395264 21.0427722930908 21.0381259918213 21.0376434326172 20.9723567962646 20.9043273925781 20.8257961273193 20.8204936981201 20.9600944519043 21.0512809753418 21.0866050720215 21.0463352203369 20.9541511535645 20.7119522094727 20.4118270874023 19.1170921325684 17.6468391418457 17.101037979126 16.6179103851318 16.4883575439453 16.5134773254395 17.0401039123535 17.789041519165 18.9259357452393 19.775806427002 20.3303375244141 20.6568145751953 20.8443603515625 20.9881420135498 21.1173362731934 21.1574630737305 21.1730976104736 19.4959487915039 17.8327312469482 16.258228302002 15.1622323989868 15.3982858657837 15.6008062362671 15.7515029907227 15.9381036758423 16.157657623291 15.483925819397
-9999 -9999 -9999 -9999 21.7546806335449 21.3464946746826 21.2125949859619 21.0427722930908 21.0339622497559 20.9218349456787 20.8496074676514 20.9300956726074 21.0208587646484 21.1319522857666 20.8515911102295 20.1195507049561 18.7280750274658 16.883731842041 15.7511157989502 14.8933229446411 13.7812776565552 12.6243648529053 12.4608993530273 12.3326606750488 12.3166942596436 12.3735008239746 12.6662712097168 13.0315837860107 13.523491859436 14.0042018890381 14.4733896255493 15.1032943725586 15.8311071395874 16.5647430419922 17.3003196716309 17.3433609008789 17.275577545166 15.1078863143921 13.119481086731 12.2728357315063 11.659273147583 11.6945562362671 11.7169933319092 11.7195806503296 11.7720355987549 11.8702583312988 11.4025468826294
-9999 -9999 -9999 -9999 -9999 21.7546806335449 21.3759326934814 21.382417678833 21.0115528106689 20.8868637084961 20.8300971984863 21.0333156585693 21.1140995025635 20.9526252746582 20.1455860137939 18.5936679840088 16.1326866149902 13.0474128723145 11.2917022705078 10.0493869781494 9.16202926635742 8.33731079101562 8.46948337554932 8.61378860473633 8.68459320068359 8.75524234771729 8.82539081573486 8.86295318603516 8.84364986419678 9.03381633758545 9.43952083587646 10.2674121856689 11.3524971008301 12.4534130096436 13.5596055984497 13.5876092910767 13.4507255554199 11.1080188751221 9.0504846572876 8.80902099609375 8.59759330749512 8.46978187561035 8.35004806518555 8.24279880523682 8.18549156188965 8.17401885986328 7.87923812866211
-9999 -9999 -9999 -9999 -9999 21.664831161499 21.7546806335449 21.3238620758057 20.9070262908936 20.9200744628906 20.9649753570557 21.1317958831787 20.7376346588135 19.2334480285645 17.2195320129395 14.6174716949463 12.3221769332886 10.2375516891479 9.0308895111084 8.16324138641357 7.68472146987915 7.27487087249756 7.32253837585449 7.37832880020142 7.41832447052002 7.42456436157227 7.32135438919067 7.27616024017334 7.33220815658569 7.57654428482056 8.01462554931641 8.57816886901855 9.21814441680908 9.71041965484619 10.1534624099731 10.0877046585083 9.94449615478516 8.81028366088867 7.80636167526245 7.63217496871948 7.47080087661743 7.34509325027466 7.24941682815552 7.20015144348145 7.13999843597412 7.06985330581665 6.80290842056274
-9999 -9999 21.4920883178711 21.5067844390869 21.5153503417969 21.5748748779297 21.6649360656738 21.25758934021 20.8664951324463 20.9730052947998 21.043342590332 20.9752140045166 20.0076446533203 17.2603359222412 14.3800926208496 11.3464651107788 9.34647560119629 8.0563325881958 7.27502584457397 6.69019985198975 6.49918937683105 6.37767505645752 6.36735200881958 6.36423826217651 6.4009108543396 6.38158845901489 6.18070793151855 6.08736610412598 6.18168878555298 6.44862842559814 6.89318704605103 7.23898887634277 7.52462863922119 7.58639717102051 7.57354259490967 7.45156526565552 7.31343793869019 7.02689409255981 6.76097393035889 6.62639141082764 6.49045944213867 6.3507719039917 6.25593948364258 6.23042774200439 6.16261291503906 6.0559720993042 5.84052801132202
-9999.000000000000000 -9999 -9999 -9999 21.4301280975342 21.4558258056641 21.4009609222412 21.1744823455811 20.96559715271 21.0689697265625 20.9984130859375 20.2621212005615 18.5063133239746 14.7331743240356 11.7296304702759 9.6140775680542 8.19220542907715 7.2467155456543 6.62088632583618 6.11849021911621 5.95026874542236 5.84101867675781 5.83055543899536 5.83314323425293 5.9264612197876 5.96633529663086 5.832923412323 5.76694631576538 5.8186502456665 6.03931903839111 6.4338493347168 6.66359424591064 6.79295349121094 6.81287670135498 6.79632234573364 6.70003366470337 6.5918755531311 6.36573314666748 6.14919710159302 5.99383974075317 5.82965421676636 5.64089345932007 5.49625730514526 5.41981410980225 5.33382654190063 5.23907899856567 5.12676811218262
-9999 -9999 -9999 -9999 21.3276214599609 21.2596836090088 21.2550792694092 21.1615924835205 21.0762348175049 21.1410465240479 20.8401679992676 19.1395874023438 16.6514453887939 12.6049375534058 9.75891494750977 8.29806137084961 7.29120969772339 6.59614181518555 6.0714955329895 5.61265516281128 5.45544862747192 5.35147094726562 5.35384321212769 5.37169742584229 5.49916076660156 5.58339786529541 5.52747869491577 5.49491548538208 5.50311040878296 5.65814685821533 5.96428060531616 6.09778070449829 6.12611389160156 6.11959934234619 6.10146856307983 6.01868534088135 5.92645311355591 5.76297664642334 5.60081911087036 5.44706344604492 5.28410387039185 5.09552383422852 4.94645881652832 4.85846281051636 4.78194952011108 4.71597528457642 4.66450786590576
-9999 -9999 -9999 -9999 21.2635192871094 21.2673568725586 21.2720947265625 21.2370471954346 21.2013835906982 21.183069229126 20.5393657684326 17.5019454956055 14.3517942428589 10.9785804748535 8.64337635040283 7.50587320327759 6.70885324478149 6.14565849304199 5.6538872718811 5.18969535827637 5.02869129180908 4.92119073867798 4.95272254943848 4.99787616729736 5.13117742538452 5.24111557006836 5.27530193328857 5.28376150131226 5.24732732772827 5.31237316131592 5.48184013366699 5.544020652771 5.54084396362305 5.52727365493774 5.51023960113525 5.42563343048096 5.33165979385376 5.23369836807251 5.13220310211182 5.0081992149353 4.88355302810669 4.75712060928345 4.66071176528931 4.6107029914856 4.57844686508179 4.56248331069946 4.51865530014038
-9999 -9999 -9999 -9999 21.2673568725586 21.2730922698975 21.2798252105713 21.326379776001 21.367883682251 21.3214378356934 20.594274520874 17.2616100311279 13.8535394668579 10.2962656021118 7.92782211303711 6.93110084533691 6.238205909729 5.75396156311035 5.32060766220093 4.90690517425537 4.76584672927856 4.67290163040161 4.71483993530273 4.76771640777588 4.88712453842163 4.99795198440552 5.08095741271973 5.11506271362305 5.06383371353149 5.06521701812744 5.12073850631714 5.134850025177 5.12373495101929 5.09808921813965 5.06759977340698 5.00430727005005 4.93653535842896 4.87624597549438 4.81081247329712 4.71262311935425 4.6201491355896 4.54358530044556 4.48738527297974 4.46265554428101 4.45183420181274 4.45377779006958 4.41451358795166
-9999 -9999 -9999 -9999 21.2734241485596 21.2798252105713 21.5019302368164 21.4261207580566 21.5653972625732 21.5320701599121 20.9159698486328 18.0692672729492 14.7063493728638 10.3219938278198 7.51225996017456 6.51939344406128 5.85134172439575 5.4063549041748 5.05057573318481 4.72924375534058 4.62593841552734 4.56110811233521 4.59938859939575 4.64530372619629 4.7360200881958 4.82912731170654 4.92998790740967 4.97820568084717 4.93455696105957 4.89202499389648 4.85064220428467 4.83412218093872 4.8327488899231 4.79126167297363 4.73640298843384 4.7117772102356 4.69116497039795 4.64766359329224 4.59984302520752 4.52451515197754 4.45960664749146 4.42370271682739 4.39837503433228 4.38939332962036 4.38289022445679 4.37866258621216 4.34165525436401
-9999 -9999 -9999 -9999 21.2798252105713 21.7485675811768 21.8645534515381 21.9753952026367 21.9299488067627 21.9822158813477 21.5711460113525 19.3866157531738 16.1150856018066 10.6926822662354 7.34984111785889 6.40648889541626 5.75103282928467 5.29328727722168 4.94392871856689 4.63642168045044 4.54301404953003 4.48738861083984 4.49921846389771 4.51403903961182 4.54146766662598 4.58031845092773 4.6562032699585 4.70303583145142 4.69916915893555 4.68319225311279 4.65475463867188 4.63653039932251 4.62452793121338 4.57372522354126 4.50998878479004 4.50803232192993 4.51444578170776 4.49750757217407 4.47599077224731 4.42532062530518 4.37973880767822 4.34832143783569 4.32864427566528 4.32711029052734 4.32040977478027 4.30896711349487 4.27959585189819
-9999 -9999 -9999 -9999 -9999 22.3157501220703 22.3479595184326 22.1921424865723 22.3660869598389 22.5350112915039 22.3692436218262 20.9224090576172 17.762077331543 11.2112131118774 7.29591417312622 6.42164516448975 5.77353525161743 5.28073835372925 4.90730428695679 4.57996034622192 4.48451280593872 4.42998743057251 4.40559768676758 4.37898015975952 4.32829427719116 4.29722929000854 4.32978343963623 4.36858892440796 4.41830396652222 4.45908451080322 4.49067211151123 4.48314094543457 4.45177888870239 4.39445686340332 4.32848167419434 4.34233856201172 4.36714935302734 4.38096237182617 4.38947486877441 4.36423206329346 4.33444595336914 4.2920126914978 4.26717567443848 4.26953268051147 4.2606987953186 4.2415943145752 4.22216463088989
-9999 -9999 -9999 -9999 -9999 22.7594890594482 22.7347373962402 22.8763427734375 22.861385345459 23.0141010284424 22.8595104217529 21.528678894043 18.3310146331787 11.4394149780273 7.35889291763306 6.52191305160522 5.87893629074097 5.36919021606445 4.94440126419067 4.55241680145264 4.42793273925781 4.35065460205078 4.30717945098877 4.26388454437256 4.2159252166748 4.18349313735962 4.20140743255615 4.22646045684814 4.26396989822388 4.29802417755127 4.32852172851562 4.32698678970337 4.30593729019165 4.26557731628418 4.21878147125244 4.23248481750488 4.25456237792969 4.27833366394043 4.29787540435791 4.29048490524292 4.27599048614502 4.2417197227478 4.22117328643799 4.22183752059937 4.2139892578125 4.19832754135132 4.18572044372559
-9999 -9999 -9999 -9999 -9999 23.1379814147949 23.1957683563232 23.1357288360596 23.3689231872559 23.4779396057129 23.2860851287842 21.942626953125 18.6769008636475 11.6075477600098 7.44605922698975 6.6397910118103 6.00149011611938 5.47853946685791 4.996750831604 4.53085565567017 4.37175035476685 4.26678419113159 4.20776796340942 4.15291929244995 4.12441253662109 4.10479640960693 4.11400747299194 4.12412261962891 4.13581562042236 4.15000772476196 4.16677188873291 4.17026090621948 4.16566276550293 4.14712333679199 4.12393760681152 4.13418483734131 4.14915752410889 4.17858362197876 4.20522356033325 4.21411848068237 4.21481132507324 4.19267082214355 4.1783709526062 4.17618751525879 4.16996955871582 4.16004800796509 4.15361881256104
-9999 -9999 -9999 -9999 -9999 -9999 23.4834384918213 23.5752334594727 23.5798377990723 23.6110553741455 23.3302764892578 21.8553047180176 18.5386276245117 11.5777311325073 7.49968433380127 6.74799299240112 6.11652612686157 5.56762266159058 5.0250072479248 4.48481893539429 4.30551958084106 4.18990612030029 4.15016651153564 4.11464786529541 4.10045766830444 4.09062576293945 4.09492683410645 4.09961032867432 4.10496044158936 4.1116623878479 4.11975526809692 4.12167739868164 4.11984014511108 4.11145162582397 4.10087966918945 4.10575199127197 4.11283349990845 4.13036060333252 4.14645004272461 4.15338325500488 4.15573930740356 4.14535188674927 4.13835859298706 4.13661050796509 4.13282775878906 4.12717723846436 4.12286281585693
-9999 -9999 -9999 -9999 -9999 -9999 23.6764526367188 23.7393550872803 23.7562046051025 23.7126998901367 23.3400630950928 21.7076549530029 18.3298454284668 11.4983816146851 7.51827383041382 6.82818508148193 6.21048974990845 5.64251041412354 5.04552459716797 4.43733787536621 4.2414288520813 4.11827421188354 4.09838056564331 4.08250284194946 4.08124303817749 4.08027410507202 4.080246925354 4.08035469055176 4.08069801330566 4.08104801177979 4.08140516281128 4.08160924911499 4.08172035217285 4.08211231231689 4.08259773254395 4.08248805999756 4.08233785629272 4.08798408508301 4.09343671798706 4.09766006469727 4.10086345672607 4.10122871398926 4.10098648071289 4.09980583190918 4.09835004806519 4.0966420173645 4.09417819976807
-9999 -9999 -9999 -9999 -9999 -9999 23.7392654418945 23.714771270752 23.7057609558105 23.6366081237793 23.1655082702637 21.1559219360352 17.6002216339111 10.9852027893066 7.17915439605713 6.61421632766724 6.0832633972168 5.57564926147461 4.99499654769897 4.38614177703857 4.20496845245361 4.09926795959473 4.08866119384766 4.08097982406616 4.08032751083374 4.07983827590942 4.07987785339355 4.08000469207764 4.08028411865234 4.08051347732544 4.08069133758545 4.08071756362915 4.08065128326416 4.08077907562256 4.08097124099731 4.08099508285522 4.08101272583008 4.0833568572998 4.0856876373291 4.08793020248413 4.08974504470825 4.09036874771118 4.09044408798218 4.08967113494873 4.08900690078735 4.08844137191772 4.0869517326355
-9999 -9999 -9999 -9999 -9999 23.870777130127 23.7703151702881 23.763671875 23.6505451202393 23.532901763916 22.8997592926025 20.2935085296631 16.503885269165 10.3727073669434 6.85914182662964 6.36589050292969 5.8896632194519 5.42512607574463 4.88797283172607 4.32277870178223 4.16722679138184 4.0839638710022 4.08095932006836 4.07982444763184 4.07962036132812 4.07949447631836 4.07962274551392 4.07978487014771 4.08000612258911 4.08013534545898 4.08016872406006 4.08004665374756 4.07982969284058 4.0797381401062 4.07968854904175 4.07978773117065 4.07990550994873 4.07973670959473 4.07967376708984 4.08028364181519 4.08092975616455 4.0816764831543 4.08196020126343 4.0815281867981 4.08145999908447 4.08172607421875 4.08110380172729
-9999 -9999 -9999 -9999 24.2432270050049 23.9813938140869 23.870777130127 23.7320384979248 23.5778369903564 23.3279323577881 22.2996253967285 18.2919158935547 14.062915802002 9.3960428237915 6.60919046401978 5.99158525466919 5.45268630981445 4.96783876419067 4.57379102706909 4.21480417251587 4.1247878074646 4.08223676681519 4.08065795898438 4.08001327514648 4.07967710494995 4.07949018478394 4.07978630065918 4.08004236221313 4.08022880554199 4.08033037185669 4.08034515380859 4.08018350601196 4.07991361618042 4.0797700881958 4.07966804504395 4.07962846755981 4.07959842681885 4.0798077583313 4.08002328872681 4.08027601242065 4.08056020736694 4.08093166351318 4.08102464675903 4.08068704605103 4.08050155639648 4.0804557800293 4.08030891418457
