Ecospace-environmental-drivers/Outputs/ASCII-for-ecospace/MOM6-ISIMIP3a/tob/2001-10_tob_MOM6-ISIMIP3a.asc
NCOLS 131 
NROWS 53 
XLLCORNER -98 
YLLCORNER 23.9265270233154 
CELLSIZE 0.133587792515755 
NODATA_value -9999 
[rows 0 to 20 of 53, columns 47 to 93 of 131]
-9999 -9999 -9999 -9999 -9999 -9999 -9999 -9999 -9999 -9999 -9999 -9999 -9999 -9999 -9999 -9999 -9999 -9999 -9999 -9999 -9999 -9999 -9999 -9999 -9999 -9999 -9999 -9999 -9999 -9999 -9999 -9999 -9999 -9999 -9999 -9999 -9999 -9999 -9999 -9999 -9999 -9999 -9999 -9999 -9999 -9999 -9999
-9999 -9999 -9999 -9999 -9999 -9999 -9999 -9999 -9999 -9999 -9999 -9999 -9999 -9999 -9999 -9999 -9999 -9999 -9999 -9999 -9999 -9999 -9999 -9999 -9999 -9999 -9999 -9999 -9999 -9999 -9999 -9999 -9999 -9999 -9999 -9999 -9999 -9999 -9999 -9999 -9999 -9999 -9999 -9999 -9999 -9999 -9999
-9999 -9999 -9999 -9999 -9999 -9999 -9999 -9999 -9999 -9999 -9999 -9999 -9999 -9999 -9999 -9999 -9999 -9999 -9999 -9999 -9999 -9999 -9999 -9999 -9999 -9999 -9999 23.6915817260742 23.683521270752 -9999 -9999 -9999 -9999 -9999 -9999 -9999 -9999 -9999 -9999 -9999 -9999 -9999 -9999 -9999 -9999 -9999 -9999
-9999 -9999 -9999 -9999 -9999 -9999 -9999 -9999 -9999 -9999 -9999 -9999 -9999 -9999 -9999 -9999 -9999 -9999 -9999 -9999 -9999 -9999 -9999 -9999 -9999 -9999 -9999 23.68701171875 23.6642379760742 -9999 -9999 -9999 -9999 -9999 -9999 -9999 -9999 -9999 -9999 -9999 -9999 -9999 -9999 -9999 -9999 -9999 -9999
-9999 -9999 -9999 -9999 -9999 -9999 -9999 -9999 -9999 -9999 -9999 -9999 -9999 -9999 -9999 -9999 -9999 -9999 23.0063419342041 23.0384979248047 23.0642242431641 23.2142868041992 23.3465270996094 23.5733871459961 23.7162952423096 23.758228302002 23.7357292175293 23.6765213012695 23.6487865447998 23.667407989502 -9999 -9999 24.1920852661133 24.3623962402344 24.0564727783203 23.433479309082 23.024694442749 23.2245235443115 23.8597221374512 24.3430919647217 24.5853538513184 24.6019248962402 -9999 -9999 -9999 -9999 -9999
-9999 -9999 -9999 -9999 -9999 -9999 -9999 -9999 -9999 -9999 -9999 -9999 -9999 -9999 22.8931159973145 -9999 22.8499622344971 22.8142700195312 22.9209518432617 23.0063419342041 23.0449295043945 23.0642242431641 23.3643493652344 23.6110095977783 23.7448043823242 23.7930717468262 23.7368087768555 23.6773071289062 23.6154479980469 23.6536026000977 23.73317527771 23.9584579467773 24.2123832702637 24.4054164886475 24.469388961792 23.2946128845215 22.536434173584 23.2430362701416 23.894100189209 24.4420280456543 24.6931476593018 24.6208839416504 24.4917411804199 24.3257961273193 -9999 -9999 -9999
-9999 -9999 -9999 -9999 -9999 -9999 -9999 -9999 -9999 -9999 25.0139923095703 24.9798145294189 24.9526710510254 24.873067855835 23.8522071838379 22.8986663818359 22.887565612793 22.848051071167 22.8142700195312 22.9422416687012 23.0063419342041 23.0642242431641 23.3643493652344 23.6110095977783 23.7448043823242 23.7930717468262 23.7368087768555 23.6773071289062 23.6154479980469 23.6536026000977 23.73317527771 23.9584579467773 24.2123832702637 24.4054164886475 24.469388961792 23.2946128845215 22.536434173584 23.2430362701416 23.894100189209 24.4420280456543 24.6931476593018 24.6208839416504 24.4917411804199 24.3257961273193 24.2819404602051 24.6300792694092 -9999
-9999 -9999 -9999 -9999 -9999 -9999 -9999 -9999 -9999 -9999 25.1972408294678 25.0139923095703 24.9456367492676 -9999 24.775182723999 23.801233291626 22.9097671508789 22.887565612793 22.8423194885254 22.8142700195312 23.0061130523682 23.2472190856934 23.6945018768311 24.0699481964111 24.2937488555908 24.3944892883301 24.3448257446289 24.2865543365479 24.222017288208 24.2540550231934 24.3260898590088 24.2987041473389 24.2517757415771 23.5468711853027 22.7979965209961 21.8575916290283 21.2701835632324 21.9239234924316 22.5875663757324 23.2695980072021 23.9262504577637 24.5552520751953 24.7794857025146 24.741813659668 24.7748985290527 24.8334007263184 24.4553031921387
-9999 -9999 -9999 -9999 -9999 -9999 -9999 -9999 -9999 -9999 -9999 -9999 -9999 -9999 24.803882598877 24.6443881988525 23.7605628967285 22.9319667816162 22.887565612793 22.8251247406006 23.1068897247314 23.4517040252686 24.0603885650635 24.5748500823975 24.89040184021 25.0456199645996 25.0048732757568 24.9491004943848 24.8823795318604 24.9039554595947 24.9620971679688 24.6346702575684 24.2314472198486 22.5441932678223 20.9083118438721 20.2388191223145 19.8523273468018 20.4608764648438 21.1450023651123 21.9694843292236 23.0659427642822 24.4587306976318 25.0749702453613 25.1887493133545 25.0704956054688 24.8688907623291 24.3460826873779
23.7768516540527 -9999 -9999 -9999 -9999 -9999 -9999 -9999 -9999 -9999 25.0740337371826 25.3850688934326 -9999 -9999 -9999 24.6570873260498 24.5355072021484 23.7906913757324 22.9763679504395 23.0044059753418 23.3122787475586 23.6954765319824 24.3939228057861 24.9085674285889 25.0351905822754 25.1147747039795 25.1368637084961 25.1219234466553 25.0800094604492 24.9664402008057 24.8231983184814 23.5394515991211 22.0315093994141 19.8842334747314 17.9110107421875 17.8693771362305 18.0636978149414 19.0876483917236 20.0136222839355 20.757640838623 21.9269981384277 23.5597801208496 24.5465126037598 25.1152210235596 25.1014518737793 24.8784465789795 24.3496627807617
23.8838291168213 23.899621963501 -9999 -9999 -9999 -9999 -9999 -9999 -9999 -9999 24.9647674560547 25.3539505004883 25.3850688934326 -9999 -9999 24.4671440124512 24.4901237487793 24.6492538452148 23.9501419067383 23.2628803253174 23.6062412261963 24.0116596221924 24.6767959594727 25.1074600219727 25.0431308746338 24.9942626953125 24.9642925262451 24.9006366729736 24.8124465942383 24.4846611022949 24.0576515197754 21.907787322998 19.4192523956299 17.022497177124 14.8948431015015 15.3627614974976 16.0435409545898 17.4727535247803 18.6688957214355 19.4321975708008 20.6961803436279 22.5056705474854 23.8638114929199 24.9299068450928 25.0834941864014 24.9092960357666 24.419397354126
23.8838291168213 23.9312057495117 24.105770111084 24.2332057952881 -9999 -9999 -9999 -9999 -9999 -9999 -9999 25.4397506713867 25.6410465240479 25.3850688934326 25.0139923095703 24.4671440124512 24.4901237487793 24.6492538452148 24.2890110015869 23.9461326599121 24.3752975463867 24.7162342071533 24.687931060791 24.5831813812256 24.3170433044434 23.8564262390137 23.1581115722656 22.5654239654541 22.0496730804443 21.0835437774658 19.9308967590332 17.3987331390381 14.5953893661499 13.0784730911255 11.7774782180786 12.1203813552856 12.7815217971802 14.5616025924683 16.1798191070557 17.4974365234375 18.9725666046143 20.6193141937256 22.3537731170654 24.1449890136719 24.8031768798828 25.0543651580811 24.8439807891846
23.9327392578125 24.0677223205566 24.1881504058838 24.2360057830811 -9999 -9999 -9999 -9999 24.2884845733643 24.408031463623 24.8173351287842 25.6244373321533 25.877477645874 25.6772003173828 25.2451610565186 24.7033405303955 24.6583614349365 24.7320938110352 24.5936336517334 24.4654388427734 24.698802947998 24.7367782592773 23.9570350646973 23.1890563964844 22.4459133148193 21.4428291320801 20.1220417022705 19.0491886138916 18.1569271087646 16.8097877502441 15.2742671966553 12.9068441390991 10.3758878707886 9.73130321502686 9.24536991119385 9.62685489654541 10.3513278961182 12.2817602157593 14.1079092025757 15.7403926849365 17.2964820861816 18.7693405151367 20.6816730499268 22.8783664703369 23.8915824890137 24.4796752929688 24.7702102661133
24.1039276123047 24.1551132202148 24.1955757141113 24.2360057830811 24.275463104248 24.2887306213379 24.295747756958 24.2709865570068 24.2884845733643 24.408031463623 24.8173351287842 25.6244373321533 26.1117610931396 26.3374500274658 26.0542659759521 25.5300369262695 25.247200012207 25.0220413208008 24.8126430511475 24.5748748779297 23.908411026001 23.047212600708 21.3710269927979 19.6202774047852 17.7121143341064 15.8397626876831 14.0111789703369 12.5803318023682 11.439190864563 10.3543901443481 9.2929220199585 8.45786666870117 7.66731977462769 7.87629747390747 8.17643642425537 9.00550365447998 10.0007381439209 11.5802211761475 13.0789346694946 14.4276504516602 15.7392234802246 17.0103302001953 18.6044044494629 20.4074573516846 21.4017658233643 22.1055583953857 23.4505348205566
24.5871734619141 24.5182361602783 24.4248638153076 24.3963623046875 24.3753986358643 24.3786735534668 24.3852386474609 24.4085330963135 24.5067081451416 24.7856922149658 25.1929798126221 25.7764129638672 26.1486530303955 26.3481025695801 26.0797176361084 25.589729309082 25.2871608734131 25.0293750762939 24.3035354614258 23.4839401245117 21.7677745819092 19.9562511444092 17.7456378936768 15.5096797943115 13.2202196121216 11.1347999572754 9.29876232147217 7.91067361831665 6.8488655090332 6.09759187698364 5.47492074966431 5.59319591522217 5.85712337493896 6.65581035614014 7.49991798400879 8.59427070617676 9.73502445220947 11.0389308929443 12.2961263656616 13.4665727615356 14.6020154953003 15.6993188858032 17.0507545471191 18.5666255950928 19.5980319976807 20.4554100036621 22.1749114990234
25.5116138458252 25.2711982727051 24.9678230285645 24.7834281921387 24.6166210174561 24.5957832336426 24.6012554168701 24.7405490875244 25.0334606170654 25.6972980499268 26.0997200012207 26.1432514190674 25.9064712524414 25.4403457641602 24.9972324371338 24.5650196075439 24.5511093139648 24.6371459960938 22.7650032043457 20.6959037780762 17.7181415557861 14.8839712142944 12.6507530212402 10.6330528259277 9.07033061981201 7.69959020614624 6.5634913444519 5.78475284576416 5.26630973815918 4.94920921325684 4.715491771698 4.96844291687012 5.31706094741821 6.33241558074951 7.37820529937744 8.48010540008545 9.58931064605713 10.7242031097412 11.8613510131836 13.002685546875 14.0586824417114 15.0216979980469 16.2374038696289 17.6166114807129 18.7642974853516 19.8288154602051 20.9615669250488
26.3095989227295 26.0769958496094 25.7831840515137 25.5032825469971 25.2332878112793 25.1923236846924 25.1951179504395 25.4204978942871 25.7572422027588 26.3628921508789 26.4598236083984 25.8583526611328 24.7975044250488 23.360803604126 22.5874404907227 22.1282844543457 22.1415863037109 22.2677745819092 19.7463912963867 17.0122623443604 13.8289890289307 10.9053506851196 9.06831169128418 7.50179958343506 6.50638961791992 5.67707920074463 5.0507755279541 4.66353845596313 4.45043420791626 4.35807275772095 4.31571578979492 4.6406307220459 5.03774261474609 6.09869718551636 7.17832088470459 8.20016860961914 9.2137336730957 10.1981773376465 11.2258071899414 12.3336391448975 13.3575773239136 14.2901105880737 15.4114580154419 16.6549758911133 17.8959655761719 19.1360473632812 20.0225448608398
27.001091003418 26.9272880554199 26.8279399871826 26.503381729126 26.1661262512207 26.1083908081055 26.1071720123291 26.3934459686279 26.6469478607178 26.8213157653809 26.3595962524414 25.0246143341064 22.9586029052734 20.2944812774658 19.0598964691162 18.5024547576904 18.3227996826172 18.2334136962891 15.4813756942749 12.5744171142578 10.0749835968018 7.84772157669067 6.75952911376953 5.8403582572937 5.27800607681274 4.84422874450684 4.56759595870972 4.38840675354004 4.28019428253174 4.23620367050171 4.21880960464478 4.56287860870361 4.97800207138062 5.94049692153931 6.91260719299316 7.78063249588013 8.64458465576172 9.49421310424805 10.4211931228638 11.4918241500854 12.5236110687256 13.5130767822266 14.5749063491821 15.6835584640503 16.9985027313232 18.3875503540039 19.3145332336426
26.5658760070801 26.5187320709229 26.4730377197266 26.2866878509521 26.0928421020508 26.0852966308594 26.1070404052734 26.2777824401855 26.35325050354 26.1986713409424 25.503625869751 24.0665912628174 21.465311050415 17.9114780426025 15.8645057678223 14.5313005447388 14.1834173202515 14.0709619522095 12.005443572998 9.82888221740723 7.9889817237854 6.36427783966064 5.64019298553467 5.04629564285278 4.72723484039307 4.48937511444092 4.35075950622559 4.26117515563965 4.20730352401733 4.18395090103149 4.17323780059814 4.43329334259033 4.74657535552979 5.49645614624023 6.25545167922974 6.9455418586731 7.67406225204468 8.53770637512207 9.42390441894531 10.3519878387451 11.2760896682739 12.1958541870117 13.2304859161377 14.3394422531128 15.5752878189087 16.8567142486572 18.0034294128418
25.5792846679688 25.4941329956055 25.4331836700439 25.4745330810547 25.5271949768066 25.6026058197021 25.6605129241943 25.6293830871582 25.4804286956787 25.0469837188721 24.2778148651123 23.0477466583252 20.1411533355713 15.8628730773926 12.8316602706909 10.3911542892456 9.88714408874512 9.84582710266113 8.91566371917725 7.9115138053894 6.71925258636475 5.65119409561157 5.1029372215271 4.67670249938965 4.50806713104248 4.36843872070312 4.26426410675049 4.20632076263428 4.18205261230469 4.16576719284058 4.15278768539429 4.27834272384644 4.43112993240356 4.91253328323364 5.40673637390137 5.90709066390991 6.50712060928345 7.45761394500732 8.33232688903809 9.06630802154541 9.82618522644043 10.6142778396606 11.6375293731689 12.8129396438599 13.8947868347168 14.9430236816406 16.3971881866455
24.1990985870361 24.0299835205078 23.9036884307861 23.9644012451172 24.033842086792 23.8221092224121 23.6100673675537 23.3964653015137 22.9306735992432 21.8559398651123 20.7796154022217 19.7011013031006 17.3205451965332 13.8746900558472 11.1778717041016 8.83585453033447 8.15154075622559 7.86330699920654 7.35265207290649 6.80609226226807 5.95934724807739 5.20130681991577 4.81450414657593 4.51432323455811 4.39700746536255 4.29968166351318 4.22678756713867 4.18460702896118 4.16479825973511 4.15003108978271 4.13735246658325 4.19336986541748 4.26289081573486 4.52563667297363 4.79781293869019 5.09221363067627 5.47926998138428 6.19210910797119 6.85384130477905 7.42066335678101 8.08955478668213 8.86965370178223 9.7904109954834 10.8021812438965 11.7986841201782 12.789701461792 14.1779556274414
