Ecospace-environmental-drivers/Outputs/ASCII-for-ecospace/MOM6-ISIMIP3a/tob/2001-02_tob_MOM6-ISIMIP3a.asc
NCOLS 131 
NROWS 53 
XLLCORNER -98 
YLLCORNER 23.9265270233154 
CELLSIZE 0.133587792515755 
NODATA_value -9999 
[rows 21 to 41 of 53, columns 47 to 93 of 131]
20.756872177124 20.7348575592041 20.7254257202148 20.8141021728516 20.890438079834 20.3624782562256 19.8778533935547 19.6136817932129 19.031774520874 17.6826553344727 16.5234203338623 15.624870300293 14.0282735824585 11.8605537414551 9.87501907348633 7.97578239440918 7.09099769592285 6.44859981536865 6.15927362442017 5.87608909606934 5.32926511764526 4.83972501754761 4.58992576599121 4.39330577850342 4.30895185470581 4.2433934211731 4.20080852508545 4.16816234588623 4.14275598526001 4.13112306594849 4.12519454956055 4.12771797180176 4.13190317153931 4.18527507781982 4.24372673034668 4.33400392532349 4.48893356323242 4.87118291854858 5.2550573348999 5.64194822311401 6.23162984848022 7.04225873947144 7.81229972839355 8.55607795715332 9.46639919281006 10.4365453720093 11.8828010559082
17.8185882568359 17.5172157287598 17.2584285736084 17.2224445343018 17.1852741241455 16.5002918243408 15.8405084609985 15.3089056015015 14.6289196014404 13.5906467437744 12.7451801300049 12.1644105911255 11.1254787445068 9.71169185638428 8.45278263092041 7.26723718643188 6.55869483947754 5.96412515640259 5.70788621902466 5.46598291397095 5.09443616867065 4.75046682357788 4.52191162109375 4.34227561950684 4.26591157913208 4.20929765701294 4.17682218551636 4.15154218673706 4.13150310516357 4.12152624130249 4.1157169342041 4.11348819732666 4.11196279525757 4.13068008422852 4.15192794799805 4.19057273864746 4.26150751113892 4.44597673416138 4.64261960983276 4.86187124252319 5.20416164398193 5.68050718307495 6.15569257736206 6.63012647628784 7.53384447097778 8.59176731109619 9.91714668273926
14.5849275588989 14.0196905136108 13.528226852417 13.3670425415039 13.2156534194946 12.4159927368164 11.621413230896 10.8526802062988 10.1192064285278 9.47086715698242 9.00361442565918 8.78496837615967 8.31227874755859 7.63173818588257 7.07401609420776 6.57447052001953 6.06596755981445 5.55532455444336 5.31692600250244 5.09788370132446 4.88834762573242 4.67834424972534 4.466383934021 4.29963493347168 4.2283296585083 4.17812538146973 4.15371084213257 4.13518619537354 4.12095260620117 4.11269664764404 4.1069164276123 4.10378074645996 4.10116481781006 4.09952545166016 4.09818696975708 4.09943532943726 4.10138511657715 4.10580253601074 4.12939548492432 4.18859910964966 4.28638315200806 4.42620277404785 4.60708284378052 4.81453084945679 5.69886207580566 6.82633972167969 8.03400707244873
10.7164363861084 10.3516817092896 10.0699462890625 9.9202823638916 9.77295207977295 9.32365989685059 8.88580226898193 8.50610542297363 8.14616584777832 7.83393049240112 7.6001296043396 7.47400951385498 7.19308042526245 6.78549098968506 6.36336278915405 5.93434762954712 5.531081199646 5.13396692276001 4.97103404998779 4.82402801513672 4.67466735839844 4.5316858291626 4.41540336608887 4.31070947647095 4.23048067092896 4.1737756729126 4.14582204818726 4.12751436233521 4.11623287200928 4.10852909088135 4.1023063659668 4.0986385345459 4.09547281265259 4.0949559211731 4.09468221664429 4.09582185745239 4.09715938568115 4.09919452667236 4.10987138748169 4.13659715652466 4.18072462081909 4.243812084198 4.32711791992188 4.42350482940674 4.86159610748291 5.42243194580078 6.69960641860962
7.37493658065796 7.17475414276123 7.05762958526611 6.91881322860718 6.7779803276062 6.64266157150269 6.52169036865234 6.47370052337646 6.42976808547974 6.39563035964966 6.35562086105347 6.30755043029785 6.17580652236938 5.97560405731201 5.6698579788208 5.31411838531494 5.02002763748169 4.74066638946533 4.65277814865112 4.57670259475708 4.48110389709473 4.39655303955078 4.35823678970337 4.30651187896729 4.22648048400879 4.16894769668579 4.13891220092773 4.12103414535522 4.11201143264771 4.10478401184082 4.09829998016357 4.09427118301392 4.09072542190552 4.09110879898071 4.09167909622192 4.09265661239624 4.09344863891602 4.09358978271484 4.09379291534424 4.0941104888916 4.09451246261597 4.09500598907471 4.0983510017395 4.10354089736938 4.17084980010986 4.26047277450562 5.50478267669678
6.34414577484131 6.15107822418213 6.00073623657227 5.86982011795044 5.74617862701416 5.76525020599365 5.78650188446045 5.81884336471558 5.83867502212524 5.82829809188843 5.80817794799805 5.77468156814575 5.60544347763062 5.32514524459839 5.05154418945312 4.78111600875854 4.6134729385376 4.47038888931274 4.45569705963135 4.44570541381836 4.3757495880127 4.31195497512817 4.27394580841064 4.23534822463989 4.19550895690918 4.16202020645142 4.13629388809204 4.11977910995483 4.10997343063354 4.10289287567139 4.09694051742554 4.09330272674561 4.09012031555176 4.09042739868164 4.09087753295898 4.09145641326904 4.09199380874634 4.09238433837891 4.09282207489014 4.09334850311279 4.09356927871704 4.09345674514771 4.09407377243042 4.0951623916626 4.12255191802979 4.15938901901245 4.92196941375732
5.47072982788086 5.29898452758789 5.13824987411499 5.03865575790405 4.95273447036743 5.06697130203247 5.17499685287476 5.2514271736145 5.30492115020752 5.30303430557251 5.28261280059814 5.23674583435059 5.05695009231567 4.767578125 4.55429887771606 4.3770637512207 4.30722999572754 4.26305770874023 4.29463768005371 4.32623624801636 4.28236103057861 4.24038457870483 4.20635509490967 4.1792426109314 4.16673421859741 4.15080213546753 4.13068580627441 4.11678218841553 4.10740423202515 4.10109233856201 4.09604978561401 4.09277582168579 4.0898494720459 4.08999252319336 4.09025144577026 4.09053564071655 4.09087944030762 4.09143161773682 4.09202671051025 4.09270048141479 4.09264898300171 4.09180736541748 4.09059619903564 4.08914613723755 4.08920001983643 4.08979463577271 4.45211029052734
4.94068098068237 4.82125806808472 4.6999306678772 4.68276166915894 4.67935085296631 4.75953388214111 4.83335208892822 4.87479305267334 4.89627361297607 4.86955785751343 4.80478143692017 4.68775320053101 4.55617237091064 4.41268539428711 4.32120656967163 4.25436353683472 4.21985197067261 4.19306612014771 4.21217203140259 4.23191690444946 4.21507930755615 4.19723844528198 4.17520189285278 4.15599298477173 4.14275407791138 4.13022136688232 4.11855268478394 4.10998487472534 4.10367584228516 4.09948968887329 4.09618234634399 4.09321260452271 4.09030914306641 4.09009408950806 4.09000873565674 4.09022331237793 4.0905065536499 4.09103202819824 4.09161424636841 4.09230136871338 4.09177875518799 4.08993768692017 4.08886384963989 4.08828544616699 4.08845949172974 4.08890390396118 4.22870016098022
4.57901287078857 4.50506591796875 4.42564916610718 4.45181369781494 4.48902702331543 4.53276395797729 4.57198858261108 4.58826351165771 4.58463048934937 4.53292608261108 4.45084428787231 4.3270583152771 4.24475288391113 4.19638538360596 4.17690420150757 4.17110633850098 4.15964984893799 4.14684152603149 4.15667104721069 4.16727638244629 4.16653537750244 4.16352415084839 4.15101194381714 4.1385064125061 4.12601661682129 4.11626052856445 4.10984516143799 4.10475778579712 4.10063791275024 4.09804010391235 4.09607315063477 4.09344720840454 4.09069156646729 4.09012937545776 4.0897159576416 4.08996295928955 4.0902853012085 4.0908727645874 4.09148502349854 4.09214353561401 4.09141254425049 4.08916711807251 4.0881028175354 4.08780288696289 4.08799314498901 4.08835887908936 4.10046720504761
4.42918157577515 4.39209699630737 4.35773992538452 4.37805795669556 4.40319967269897 4.40747928619385 4.41162586212158 4.41509342193604 4.39502668380737 4.31813335418701 4.25277662277222 4.20325803756714 4.17156171798706 4.15444660186768 4.14430713653564 4.1374716758728 4.13363647460938 4.13051843643188 4.13509464263916 4.13997316360474 4.14156579971313 4.14167594909668 4.13558197021484 4.12827062606812 4.11839151382446 4.11062717437744 4.10544729232788 4.10150623321533 4.09846830368042 4.09678316116333 4.09565830230713 4.09342670440674 4.09097766876221 4.09008169174194 4.08935880661011 4.089768409729 4.09025573730469 4.09101581573486 4.09171199798584 4.09228944778442 4.09168004989624 4.08977794647217 4.08856391906738 4.08779573440552 4.08787107467651 4.08824920654297 4.09197568893433
4.33090209960938 4.31078624725342 4.29690933227539 4.31342744827271 4.3318247795105 4.3169641494751 4.3026876449585 4.29138469696045 4.26316213607788 4.19408702850342 4.14914417266846 4.13733148574829 4.13041496276855 4.12750387191772 4.12255716323853 4.11664581298828 4.11640071868896 4.11750888824463 4.11998271942139 4.12253999710083 4.12495136260986 4.12641096115112 4.12388610839844 4.11983251571655 4.11255073547363 4.10667610168457 4.10252094268799 4.09936237335205 4.0969295501709 4.09556341171265 4.09463930130005 4.09268522262573 4.09052801132202 4.08972215652466 4.0890851020813 4.08960914611816 4.09019899368286 4.0910177230835 4.09173345565796 4.09225702285767 4.09195280075073 4.09074592590332 4.08935737609863 4.08785200119019 4.08770275115967 4.08804082870483 4.08824968338013
4.27128744125366 4.25322008132935 4.24138736724854 4.25564050674438 4.27128934860229 4.25252532958984 4.23231887817383 4.20477247238159 4.17460346221924 4.13810205459595 4.11633968353271 4.11481142044067 4.11330223083496 4.11180830001831 4.10894298553467 4.10542726516724 4.10574722290039 4.10698366165161 4.10971879959106 4.11250925064087 4.11460304260254 4.11608266830444 4.11499166488647 4.11274290084839 4.10804891586304 4.10398721694946 4.10069847106934 4.0980486869812 4.09586429595947 4.09437227249146 4.09316682815552 4.09140205383301 4.08952713012695 4.08912897109985 4.08887338638306 4.08947658538818 4.09012174606323 4.09091377258301 4.09160041809082 4.09209156036377 4.09222888946533 4.09198141098022 4.09040021896362 4.08795547485352 4.08749961853027 4.08775806427002 4.08809852600098
4.22714185714722 4.21036624908447 4.19801044464111 4.20535945892334 4.21371603012085 4.19480133056641 4.17490386962891 4.15000581741333 4.12744092941284 4.11050891876221 4.10118913650513 4.10231971740723 4.10229063034058 4.1013126373291 4.09974670410156 4.09790229797363 4.09859895706177 4.09990262985229 4.10222959518433 4.10459327697754 4.10647583007812 4.10789680480957 4.10738706588745 4.10611009597778 4.10321378707886 4.10052156448364 4.09807777404785 4.09595632553101 4.094069480896 4.09272193908691 4.09159803390503 4.09044218063354 4.08928060531616 4.08912754058838 4.08906507492065 4.08952569961548 4.09002780914307 4.09067583084106 4.09127283096313 4.09177589416504 4.09199523925781 4.09190607070923 4.09035730361938 4.0878643989563 4.08738613128662 4.0876317024231 4.08798122406006
4.18962574005127 4.17381763458252 4.15983915328979 4.15829563140869 4.15741157531738 4.13995456695557 4.12304019927979 4.10888767242432 4.09801959991455 4.09508371353149 4.09360456466675 4.09412622451782 4.09389400482178 4.09304523468018 4.09244394302368 4.09195995330811 4.09295272827148 4.09429836273193 4.09592914581299 4.09758377075195 4.09929990768433 4.10062885284424 4.10033464431763 4.0996732711792 4.09823608398438 4.09672212600708 4.09511470794678 4.09353017807007 4.0919623374939 4.09087562561035 4.08998775482178 4.08962106704712 4.08935737609863 4.08937931060791 4.08942937850952 4.08965253829956 4.08992624282837 4.09037971496582 4.09086132049561 4.09139633178711 4.09154367446899 4.09126853942871 4.0898494720459 4.08769035339355 4.08731126785278 4.08757209777832 4.08787870407104
4.16005039215088 4.14671230316162 4.13415241241455 4.1297721862793 4.12591314315796 4.11351537704468 4.10196018218994 4.09469032287598 4.08943033218384 4.08902359008789 4.08882856369019 4.08892393112183 4.08888673782349 4.08874034881592 4.08880996704102 4.08898210525513 4.09012365341187 4.09149742126465 4.09308290481567 4.09465551376343 4.0958309173584 4.09675884246826 4.09664916992188 4.09620571136475 4.09505748748779 4.09388208389282 4.09267282485962 4.09162855148315 4.0907039642334 4.09018087387085 4.08982419967651 4.08980178833008 4.08984518051147 4.08975219726562 4.08966827392578 4.08971881866455 4.08983182907104 4.09016370773315 4.09055471420288 4.09105587005615 4.09090042114258 4.0900297164917 4.08887243270874 4.08752918243408 4.08735370635986 4.08759689331055 4.08784818649292
4.1321177482605 4.12156057357788 4.11104917526245 4.10508489608765 4.09954738616943 4.0929536819458 4.08724880218506 4.08606338500977 4.08515167236328 4.08490180969238 4.08463335037231 4.08434057235718 4.0845799446106 4.08525514602661 4.08593511581421 4.0866174697876 4.08787822723389 4.08927726745605 4.09095191955566 4.09257221221924 4.09312868118286 4.09359121322632 4.0936598777771 4.09335231781006 4.09225130081177 4.09123992919922 4.09033918380737 4.08983564376831 4.08962154388428 4.08972501754761 4.08995962142944 4.0901894569397 4.09041786193848 4.09015035629272 4.08988094329834 4.08977270126343 4.08973836898804 4.08996391296387 4.09027004241943 4.09072399139404 4.09021854400635 4.0886664390564 4.08779764175415 4.08737134933472 4.08741998672485 4.08763933181763 4.0878324508667
4.11011743545532 4.10344314575195 4.09680557250977 4.09314012527466 4.08978891372681 4.08671569824219 4.08403635025024 4.08336067199707 4.08279323577881 4.0824875831604 4.08229875564575 4.08226919174194 4.08252620697021 4.08301734924316 4.08359050750732 4.0842022895813 4.08534479141235 4.08661413192749 4.08867120742798 4.09069204330444 4.0913987159729 4.09200811386108 4.09221076965332 4.09215116500854 4.09153747558594 4.09088945388794 4.09019947052002 4.08981037139893 4.08964061737061 4.08933925628662 4.08898401260376 4.08892822265625 4.08893156051636 4.08874416351318 4.08855628967285 4.08843374252319 4.08837985992432 4.08856821060181 4.08885669708252 4.08933067321777 4.08923244476318 4.08850955963135 4.08785247802734 4.08723783493042 4.08724117279053 4.0874662399292 4.08767509460449
4.08980989456177 4.08686923980713 4.08399629592896 4.08265066146851 4.08150625228882 4.0815634727478 4.08154106140137 4.08111476898193 4.0807089805603 4.08035230636597 4.08023548126221 4.08044672012329 4.08070135116577 4.08099222183228 4.08143091201782 4.08193969726562 4.082932472229 4.08404111862183 4.08637094497681 4.08868408203125 4.08954191207886 4.09029865264893 4.09063148498535 4.09082365036011 4.09071731567383 4.09045505523682 4.09000205993652 4.08972549438477 4.08957767486572 4.0888843536377 4.08796548843384 4.08763456344604 4.08741903305054 4.08728456497192 4.08715772628784 4.08707237243652 4.08704042434692 4.08719491958618 4.08746004104614 4.08793067932129 4.08822202682495 4.08831739425659 4.08787965774536 4.08709669113159 4.08706331253052 4.08729982376099 4.08752584457397
4.08473110198975 4.08340072631836 4.08224964141846 4.08160257339478 4.08103275299072 4.08115243911743 4.08120441436768 4.08091068267822 4.08062887191772 4.08037328720093 4.08018255233765 4.08008146286011 4.08025026321411 4.08064031600952 4.08099174499512 4.0813250541687 4.081946849823 4.08263731002808 4.08392715454102 4.08521461486816 4.08587074279785 4.08648586273193 4.08692693710327 4.08735656738281 4.08776187896729 4.08803462982178 4.08814573287964 4.08816242218018 4.08811140060425 4.08765125274658 4.08702230453491 4.08677673339844 4.08660697937012 4.08611583709717 4.08570051193237 4.08614253997803 4.08651304244995 4.0866322517395 4.08677625656128 4.08696603775024 4.08709955215454 4.08717250823975 4.08707237243652 4.08685970306396 4.08701705932617 4.08730792999268 4.08752965927124
4.08079195022583 4.08069705963135 4.08080911636353 4.08074808120728 4.08067750930786 4.08082246780396 4.08090400695801 4.08066368103027 4.08044672012329 4.08028602600098 4.08007335662842 4.0797905921936 4.07988834381104 4.08029747009277 4.08054351806641 4.08071279525757 4.08099126815796 4.08129644393921 4.08170747756958 4.08212614059448 4.08255338668823 4.0829873085022 4.08345174789429 4.08400201797485 4.0847339630127 4.08537483215332 4.08590459823608 4.08617544174194 4.08625841140747 4.08606386184692 4.08575439453125 4.08560562133789 4.08548784255981 4.08480596542358 4.0842456817627 4.08508396148682 4.08578300476074 4.08599328994751 4.0861349105835 4.08614921569824 4.08619022369385 4.08626127243042 4.08644342422485 4.08669805526733 4.08700847625732 4.08733940124512 4.0875506401062
4.0810284614563 4.08079671859741 4.08049201965332 4.0806040763855 4.08075428009033 4.08078813552856 4.08073806762695 4.08025789260864 4.0798921585083 4.07980298995972 4.07975721359253 4.07977199554443 4.07985305786133 4.0799880027771 4.08006286621094 4.08010864257812 4.08014822006226 4.08018684387207 4.08030843734741 4.08043336868286 4.08053112030029 4.08064365386963 4.08081912994385 4.0810604095459 4.08144092559814 4.08183717727661 4.08225345611572 4.08263349533081 4.08298778533936 4.08317708969116 4.08329772949219 4.08328485488892 4.08324527740479 4.08297920227051 4.08280086517334 4.0835542678833 4.08431053161621 4.08507394790649 4.08564901351929 4.08587551116943 4.08606147766113 4.08620405197144 4.08646869659424 4.0868124961853 4.0871376991272 4.08745670318604 4.08763265609741
