Ecospace-environmental-drivers/Outputs/ASCII-for-ecospace/MOM6-ISIMIP3a/tob/2001-11_tob_MOM6-ISIMIP3a.asc
NCOLS 131 
NROWS 53 
XLLCORNER -98 
YLLCORNER 23.9265270233154 
CELLSIZE 0.133587792515755 
NODATA_value -9999 
[rows 21 to 41 of 53, columns 0 to 46 of 131]
-9999 -9999 -9999 -9999 -9999 -9999 24.1172199249268 24.1051483154297 24.0863933563232 24.0404300689697 23.9749813079834 23.6439151763916 23.815372467041 24.3260955810547 24.6380825042725 24.7207565307617 24.8683967590332 25.0606517791748 25.161828994751 25.227840423584 25.327449798584 25.4329872131348 25.4221572875977 25.4071102142334 25.3781757354736 25.3506603240967 25.3277473449707 25.3074321746826 25.2916526794434 25.2772350311279 25.2642154693604 25.2304668426514 25.1840877532959 25.0431270599365 24.8706398010254 24.671365737915 24.4693088531494 24.3946151733398 24.3023853302002 24.0984725952148 23.9306335449219 23.8632164001465 23.8030204772949 23.7539806365967 23.6562805175781 23.5139198303223 23.2621440887451
-9999 -9999 -9999 -9999 -9999 -9999 24.1214923858643 24.1172199249268 24.0930786132812 24.0948448181152 24.0404300689697 24.2405967712402 24.5120410919189 24.9245147705078 25.1474342346191 25.1516342163086 25.1953258514404 25.266134262085 24.7734870910645 24.0632648468018 23.3342475891113 22.6019115447998 22.233943939209 21.8978996276855 21.7614135742188 21.7254276275635 22.015308380127 22.3110523223877 22.6170234680176 22.9437198638916 23.2917404174805 23.4686603546143 23.5413475036621 23.4628295898438 23.333911895752 23.0902442932129 22.8289279937744 22.3186454772949 21.7262496948242 20.6109180450439 19.8063011169434 19.8666324615479 19.8765869140625 19.8086814880371 19.7758007049561 19.7750663757324 19.4717845916748
-9999 -9999 -9999 -9999 24.1147594451904 24.1248149871826 24.1210136413574 24.1262454986572 24.1172199249268 24.0689353942871 24.1527900695801 24.7424144744873 25.2127876281738 25.4471950531006 25.5103912353516 25.3760356903076 25.235387802124 25.0904197692871 23.9675827026367 22.467155456543 20.9172248840332 19.3585586547852 18.6676959991455 18.0428695678711 17.8099708557129 17.7720527648926 18.366340637207 18.9663925170898 19.5764999389648 20.2339668273926 20.9401664733887 21.34987449646 21.5789623260498 21.6003036499023 21.5523986816406 21.2783946990967 20.9683284759521 19.9893531799316 18.8732681274414 16.8840179443359 15.4685945510864 15.6505680084229 15.7273960113525 15.6417255401611 15.6756000518799 15.8191919326782 15.475136756897
-9999 -9999 -9999 -9999 24.0881080627441 24.1251010894775 24.1286163330078 24.1210136413574 24.1405029296875 24.3885517120361 24.6840305328369 25.1610450744629 25.2887325286865 24.7252006530762 23.8163681030273 22.5091171264648 20.8983516693115 19.0791492462158 17.4718647003174 15.9464092254639 14.6638336181641 13.4241180419922 13.2469320297241 13.1039161682129 13.051778793335 13.0937423706055 13.440824508667 13.7335472106934 13.9314088821411 14.2995500564575 14.84290599823 15.5480337142944 16.3517112731934 16.9111213684082 17.3891067504883 17.2175807952881 16.9475135803223 15.4582767486572 14.0037860870361 12.7705736160278 11.8582859039307 11.839376449585 11.7795925140381 11.6566381454468 11.6237306594849 11.6734676361084 11.3753118515015
-9999 -9999 -9999 -9999 -9999 24.0881080627441 24.162670135498 24.1362190246582 24.2218151092529 24.7172985076904 25.1496505737305 25.3403625488281 25.0129146575928 23.6601734161377 21.8260269165039 19.4364166259766 16.6560306549072 13.6072845458984 11.7143468856812 10.26771068573 9.28752422332764 8.38965129852295 8.60607242584229 8.83052730560303 8.91859722137451 9.01069164276123 9.11583518981934 9.14341163635254 9.03562450408936 9.18642520904541 9.60330581665039 10.4919881820679 11.6680870056152 12.5733842849731 13.3884143829346 13.3008413314819 13.0775051116943 11.3235740661621 9.73025798797607 9.1598014831543 8.69305992126465 8.51503658294678 8.35152244567871 8.2104320526123 8.1222562789917 8.08264541625977 7.82417345046997
-9999 -9999 -9999 -9999 -9999 24.1217498779297 24.0881080627441 24.3053379058838 24.5575618743896 25.0860767364502 25.3275527954102 24.4703712463379 23.1947212219238 21.09104347229 18.5364036560059 15.4614229202271 12.8290214538574 10.500560760498 9.19363212585449 8.28115558624268 7.7569727897644 7.30131196975708 7.38488340377808 7.47545003890991 7.52591180801392 7.53768157958984 7.42399406433105 7.37138080596924 7.42534685134888 7.67443609237671 8.12430381774902 8.70604038238525 9.36810970306396 9.77664279937744 10.1006650924683 10.0158185958862 9.86874294281006 8.9268627166748 8.06982707977295 7.75310850143433 7.47939682006836 7.32540369033813 7.20233964920044 7.12707376480103 7.03411436080933 6.9249153137207 6.67886686325073
-9999 -9999 24.1889781951904 24.1825847625732 24.1777172088623 24.1554298400879 24.1217098236084 24.4699974060059 24.849925994873 25.3651313781738 25.3850154876709 23.5090198516846 21.3005771636963 18.4343147277832 15.376296043396 12.0970182418823 9.77390670776367 8.1074390411377 7.26035737991333 6.72967052459717 6.52775049209595 6.38384771347046 6.3757209777832 6.37473678588867 6.4084997177124 6.37853956222534 6.14196062088013 6.04333209991455 6.18543767929077 6.48575210571289 6.94886016845703 7.28593158721924 7.54622268676758 7.60272884368896 7.59130764007568 7.50728940963745 7.41140508651733 7.06087636947632 6.73834705352783 6.59412527084351 6.44698286056519 6.2917103767395 6.18017530441284 6.13623237609863 6.04144048690796 5.89997911453247 5.69363975524902
-9999.000000000000000 -9999 -9999 -9999 24.2146072387695 24.2000045776367 24.2205467224121 24.6249217987061 25.0476303100586 25.4484214782715 25.1796951293945 22.3483371734619 19.2407188415527 15.586462020874 12.4987773895264 10.0648288726807 8.40295314788818 7.27129459381104 6.60878944396973 6.12744283676147 5.95598268508911 5.83920860290527 5.82916975021362 5.82900953292847 5.89169359207153 5.90421104431152 5.75406742095947 5.6839861869812 5.75362014770508 6.00247240066528 6.43573617935181 6.66403102874756 6.76746082305908 6.78773260116577 6.78028535842896 6.69295406341553 6.59356546401978 6.35285472869873 6.12459230422974 5.97560739517212 5.81002759933472 5.59825372695923 5.43514585494995 5.34724950790405 5.25706577301025 5.16478204727173 5.05768251419067
-9999 -9999 -9999 -9999 24.26100730896 24.2883853912354 24.2846393585205 24.7191295623779 25.1602401733398 25.4084796905518 24.8144264221191 20.9964275360107 17.1406097412109 13.2099514007568 10.2902545928955 8.53704738616943 7.36790037155151 6.59985399246216 6.05920124053955 5.60635328292847 5.45355415344238 5.35370492935181 5.35534000396729 5.36817789077759 5.45585918426514 5.50847244262695 5.44738149642944 5.41172552108765 5.42045640945435 5.59625387191772 5.94396018981934 6.06945323944092 6.05957698822021 6.05682325363159 6.05644369125366 5.97163581848145 5.87474393844604 5.72021055221558 5.56765699386597 5.42771244049072 5.27081298828125 5.06671476364136 4.90601491928101 4.81238317489624 4.73986911773682 4.68673610687256 4.63991928100586
-9999 -9999 -9999 -9999 24.2915077209473 24.2946300506592 24.2984848022461 24.7369499206543 25.1657905578613 25.2134990692139 24.2479267120361 19.4039402008057 14.9898567199707 11.4264278411865 8.92338180541992 7.64385032653809 6.75543880462646 6.1356258392334 5.63791084289551 5.18734216690063 5.03836011886597 4.94259929656982 4.97299909591675 5.01415205001831 5.12189340591431 5.2116060256958 5.24286031723022 5.24902534484863 5.21140718460083 5.28698539733887 5.47904062271118 5.50925016403198 5.44086408615112 5.43170309066772 5.44228363037109 5.36733961105347 5.28049421310425 5.18239736557007 5.08220434188843 4.96866655349731 4.85456275939941 4.73888301849365 4.6485013961792 4.59721708297729 4.55880546569824 4.53220844268799 4.49666213989258
-9999 -9999 -9999 -9999 24.2946300506592 24.299295425415 24.3047733306885 24.7222728729248 25.1318206787109 25.1904621124268 24.1848621368408 19.105806350708 14.4564752578735 10.6574468612671 8.10824584960938 7.00114870071411 6.24191284179688 5.7215690612793 5.30047464370728 4.9177041053772 4.78510332107544 4.6966495513916 4.73472785949707 4.78271293640137 4.89016580581665 4.99169540405273 5.07401943206787 5.10677242279053 5.05302000045776 5.05741214752197 5.12163400650024 5.1048903465271 5.0388240814209 5.01900196075439 5.01459503173828 4.95789909362793 4.89396858215332 4.8289966583252 4.76120615005493 4.67546796798706 4.59652137756348 4.53648042678833 4.48976755142212 4.46365165710449 4.44355869293213 4.42899417877197 4.39879703521729
-9999 -9999 -9999 -9999 24.2995662689209 24.3047733306885 24.7002983093262 24.683219909668 25.0682125091553 25.2963829040527 24.4993801116943 19.7784538269043 15.1361398696899 10.6493825912476 7.70691680908203 6.54631996154785 5.80259037017822 5.34514188766479 5.02593088150024 4.76009798049927 4.65330076217651 4.57456874847412 4.60451078414917 4.64321565628052 4.73511791229248 4.82950353622437 4.93193960189819 4.97985553741455 4.93262958526611 4.88761043548584 4.84486198425293 4.81741571426392 4.79929113388062 4.76561832427979 4.7267632484436 4.69460248947144 4.66323852539062 4.61390781402588 4.56355047225952 4.50665664672852 4.45713806152344 4.42815208435059 4.4051194190979 4.3912878036499 4.37767601013184 4.36426544189453 4.33497714996338
-9999 -9999 -9999 -9999 24.3047733306885 24.7854404449463 24.9682369232178 25.0909271240234 25.1051349639893 25.4013118743896 24.8406143188477 21.0001792907715 16.588623046875 11.0469741821289 7.54867267608643 6.40807294845581 5.67619895935059 5.22501564025879 4.92075967788696 4.6732382774353 4.57395601272583 4.50083303451538 4.50601863861084 4.51529741287231 4.5443959236145 4.58482456207275 4.66199064254761 4.70857381820679 4.7017879486084 4.68280649185181 4.65127563476562 4.63094997406006 4.61744976043701 4.57093095779419 4.51340627670288 4.50393295288086 4.50094842910767 4.4766902923584 4.45053815841675 4.41232395172119 4.37755107879639 4.35235834121704 4.33467960357666 4.32861375808716 4.31807422637939 4.3034291267395 4.27710771560669
-9999 -9999 -9999 -9999 -9999 25.1302261352539 25.1684532165527 25.1305656433105 25.1851444244385 25.5058135986328 25.1932983398438 22.4572315216064 18.3723182678223 11.6184196472168 7.49460887908936 6.40550518035889 5.68392324447632 5.21473455429077 4.88817882537842 4.61669874191284 4.51709270477295 4.44781732559204 4.42112350463867 4.39234161376953 4.3383846282959 4.30479383468628 4.33723974227905 4.37542057037354 4.42360877990723 4.46300029754639 4.49334096908569 4.48777484893799 4.46033430099487 4.40140008926392 4.3319673538208 4.34438991546631 4.36799049377441 4.37284660339355 4.37380170822144 4.34991121292114 4.3235912322998 4.29050827026367 4.27032899856567 4.27009201049805 4.26116466522217 4.24426126480103 4.22178936004639
-9999 -9999 -9999 -9999 -9999 25.2648410797119 25.2539882659912 25.2838668823242 25.3034000396729 25.6362133026123 25.4238872528076 23.1250019073486 19.1614608764648 11.9040336608887 7.54095506668091 6.5174994468689 5.80678844451904 5.31085395812988 4.92669153213501 4.58568906784058 4.45933628082275 4.37086296081543 4.32386302947998 4.27710342407227 4.22477579116821 4.18890476226807 4.20639324188232 4.23071384429932 4.26695585250854 4.30074977874756 4.3320255279541 4.33219146728516 4.31340646743774 4.27034091949463 4.21918249130249 4.23454284667969 4.25903129577637 4.27445507049561 4.28678512573242 4.27941703796387 4.26677465438843 4.2394495010376 4.22244024276733 4.22137355804443 4.21321105957031 4.19853639602661 4.18362188339233
-9999 -9999 -9999 -9999 -9999 25.3708744049072 25.3720798492432 25.3475322723389 25.4295692443848 25.77197265625 25.6292152404785 23.6294708251953 19.7448291778564 12.1305093765259 7.60807609558105 6.65319633483887 5.95347690582275 5.42898797988892 4.97991418838501 4.55996179580688 4.40139532089233 4.28895568847656 4.22404384613037 4.16346168518066 4.13028478622437 4.10697650909424 4.11566591262817 4.12499666213989 4.13544654846191 4.1504077911377 4.17001056671143 4.17404127120972 4.16858625411987 4.14724206924438 4.12060165405273 4.1349778175354 4.15503787994385 4.17719125747681 4.19764184951782 4.20725107192993 4.20936679840088 4.19062376022339 4.17795753479004 4.1746826171875 4.16710996627808 4.155592918396 4.14900350570679
-9999 -9999 -9999 -9999 -9999 -9999 25.4865531921387 25.484842300415 25.5145225524902 25.8813743591309 25.6968803405762 23.4020652770996 19.3952808380127 12.0009832382202 7.64725160598755 6.80185413360596 6.11871242523193 5.54699850082397 5.02089977264404 4.51241445541382 4.33090782165527 4.20710229873657 4.16150951385498 4.12053442001343 4.10376310348511 4.09189128875732 4.09590530395508 4.10016536712646 4.10485458374023 4.11190986633301 4.12140035629272 4.12360525131226 4.12137174606323 4.11184167861938 4.0998797416687 4.10727071762085 4.11735677719116 4.13033246994019 4.14269590377808 4.15116214752197 4.15526151657104 4.14720296859741 4.14126253128052 4.13859558105469 4.13334321975708 4.12571859359741 4.12115049362183
-9999 -9999 -9999 -9999 -9999 -9999 25.6024227142334 25.6272830963135 25.6019287109375 25.991304397583 25.7445487976074 23.0629634857178 18.8981952667236 11.7986240386963 7.65502691268921 6.92216157913208 6.2620701789856 5.65195655822754 5.05561113357544 4.46458196640015 4.26303768157959 4.13022613525391 4.10481977462769 4.08403968811035 4.08221578598022 4.08080196380615 4.08071756362915 4.08074998855591 4.08098602294922 4.08125352859497 4.08155250549316 4.08184289932251 4.0821270942688 4.08295822143555 4.08397150039673 4.08470392227173 4.08542013168335 4.08916091918945 4.09326410293579 4.0996732711792 4.10484600067139 4.10657787322998 4.10689735412598 4.10503387451172 4.102135181427 4.09828615188599 4.09538412094116
-9999 -9999 -9999 -9999 -9999 -9999 25.6538906097412 25.6951446533203 25.7352085113525 26.1194553375244 25.6446876525879 21.8819789886475 17.2729740142822 10.989387512207 7.34120225906372 6.73385906219482 6.16320419311523 5.61774444580078 5.0292444229126 4.4241247177124 4.22908592224121 4.10641384124756 4.09265947341919 4.08238744735718 4.08126497268677 4.080406665802 4.08040714263916 4.08046865463257 4.0806360244751 4.08081436157227 4.08100414276123 4.08115196228027 4.08127403259277 4.08169746398926 4.08222103118896 4.08265113830566 4.08307600021362 4.0845832824707 4.08632564544678 4.08956575393677 4.09220838546753 4.09318828582764 4.09366130828857 4.09335041046143 4.09233140945435 4.09066200256348 4.08865356445312
-9999 -9999 -9999 -9999 -9999 25.4161148071289 25.6244430541992 25.6392421722412 25.8806819915771 26.1991577148438 25.4519691467285 20.6258640289307 15.6000995635986 10.1792650222778 7.02687406539917 6.49191188812256 5.98210096359253 5.48956203460693 4.93898820877075 4.36600494384766 4.19143152236938 4.08716440200806 4.08299970626831 4.08117294311523 4.08056259155273 4.08012008666992 4.08022165298462 4.08032131195068 4.08041715621948 4.08051300048828 4.08060884475708 4.08063125610352 4.08060884475708 4.08069133758545 4.08080816268921 4.08096408843994 4.08112335205078 4.08096408843994 4.08091592788696 4.08157777786255 4.08214950561523 4.08247137069702 4.08299112319946 4.08381795883179 4.08422231674194 4.0842399597168 4.08310508728027
-9999 -9999 -9999 -9999 25.2924137115479 25.4009876251221 25.4161148071289 25.7472743988037 26.0708599090576 26.1012134552002 24.9187698364258 19.0942649841309 13.7524871826172 9.36589431762695 6.71069860458374 6.05326366424561 5.49945735931396 5.01681661605835 4.61446714401245 4.24312114715576 4.14019870758057 4.08464479446411 4.0825080871582 4.08156061172485 4.08077335357666 4.08023309707642 4.08049297332764 4.08066463470459 4.08068084716797 4.08071756362915 4.08077526092529 4.08073472976685 4.08063459396362 4.08061933517456 4.08063173294067 4.08062028884888 4.08060693740845 4.08085870742798 4.08111000061035 4.08136129379272 4.08154773712158 4.08155345916748 4.08172988891602 4.08217096328735 4.08232927322388 4.08222723007202 4.08189058303833
