Ecospace-environmental-drivers/Outputs/ASCII-for-ecospace/MOM6-ISIMIP3a/tob/2002-03_tob_MOM6-ISIMIP3a.asc
NCOLS 131 
NROWS 53 
XLLCORNER -98 
YLLCORNER 23.9265270233154 
CELLSIZE 0.133587792515755 
NODATA_value -9999 
[rows 0 to 20 of 53, columns 47 to 93 of 131]
-9999 -9999 -9999 -9999 -9999 -9999 -9999 -9999 -9999 -9999 -9999 -9999 -9999 -9999 -9999 -9999 -9999 -9999 -9999 -9999 -9999 -9999 -9999 -9999 -9999 -9999 -9999 -9999 -9999 -9999 -9999 -9999 -9999 -9999 -9999 -9999 -9999 -9999 -9999 -9999 -9999 -9999 -9999 -9999 -9999 -9999 -9999
-9999 -9999 -9999 -9999 -9999 -9999 -9999 -9999 -9999 -9999 -9999 -9999 -9999 -9999 -9999 -9999 -9999 -9999 -9999 -9999 -9999 -9999 -9999 -9999 -9999 -9999 -9999 -9999 -9999 -9999 -9999 -9999 -9999 -9999 -9999 -9999 -9999 -9999 -9999 -9999 -9999 -9999 -9999 -9999 -9999 -9999 -9999
-9999 -9999 -9999 -9999 -9999 -9999 -9999 -9999 -9999 -9999 -9999 -9999 -9999 -9999 -9999 -9999 -9999 -9999 -9999 -9999 -9999 -9999 -9999 -9999 -9999 -9999 -9999 15.1266078948975 15.2562923431396 -9999 -9999 -9999 -9999 -9999 -9999 -9999 -9999 -9999 -9999 -9999 -9999 -9999 -9999 -9999 -9999 -9999 -9999
-9999 -9999 -9999 -9999 -9999 -9999 -9999 -9999 -9999 -9999 -9999 -9999 -9999 -9999 -9999 -9999 -9999 -9999 -9999 -9999 -9999 -9999 -9999 -9999 -9999 -9999 -9999 15.1126546859741 15.2273368835449 -9999 -9999 -9999 -9999 -9999 -9999 -9999 -9999 -9999 -9999 -9999 -9999 -9999 -9999 -9999 -9999 -9999 -9999
-9999 -9999 -9999 -9999 -9999 -9999 -9999 -9999 -9999 -9999 -9999 -9999 -9999 -9999 -9999 -9999 -9999 -9999 14.7315711975098 14.7334499359131 14.7349529266357 14.7437210083008 14.7639484405518 14.8285989761353 14.9133100509644 14.9875631332397 15.0392322540283 15.0927038192749 15.2060260772705 15.3832788467407 -9999 -9999 16.6426162719727 17.1558933258057 17.5376319885254 17.7849407196045 17.8698997497559 17.8601837158203 17.6857833862305 17.3982601165771 17.0543727874756 16.7888088226318 -9999 -9999 -9999 -9999 -9999
-9999 -9999 -9999 -9999 -9999 -9999 -9999 -9999 -9999 -9999 -9999 -9999 -9999 -9999 15.12806224823 -9999 14.9886913299561 14.8723154067993 14.8110208511353 14.7315711975098 14.7338256835938 14.7349529266357 14.7524881362915 14.804404258728 14.9289035797119 15.0066213607788 15.0271635055542 15.0839128494263 15.1670351028442 15.3671312332153 15.6156711578369 16.1092472076416 16.650993347168 17.167610168457 17.6490745544434 17.7962131500244 17.9095344543457 17.9039516448975 17.7670650482178 17.3863334655762 17.0413799285889 16.7354068756104 16.5896377563477 16.5475292205811 -9999 -9999 -9999
-9999 -9999 -9999 -9999 -9999 -9999 -9999 -9999 -9999 -9999 18.5231246948242 18.5145168304443 18.5104904174805 18.5051670074463 16.8228225708008 15.1436738967896 15.1124505996704 14.9813089370728 14.8723154067993 14.8291759490967 14.7315711975098 14.7349529266357 14.7524881362915 14.804404258728 14.9289035797119 15.0066213607788 15.0271635055542 15.0839128494263 15.1670351028442 15.3671312332153 15.6156711578369 16.1092472076416 16.650993347168 17.167610168457 17.6490745544434 17.7962131500244 17.9095344543457 17.9039516448975 17.7670650482178 17.3863334655762 17.0413799285889 16.7354068756104 16.5896377563477 16.5475292205811 16.5364017486572 16.6718444824219 -9999
-9999 -9999 -9999 -9999 -9999 -9999 -9999 -9999 -9999 -9999 18.5692806243896 18.5231246948242 18.5059089660645 -9999 18.5071544647217 16.8483943939209 15.1748971939087 15.1124505996704 14.9591598510742 14.8723154067993 14.883641242981 14.9117546081543 15.0101232528687 15.1304407119751 15.2970933914185 15.3790130615234 15.3573703765869 15.3491306304932 15.3506517410278 15.5691499710083 15.8775062561035 16.4718952178955 17.1225128173828 17.559642791748 17.9633827209473 18.118185043335 18.252067565918 18.3124027252197 18.2230243682861 17.8556156158447 17.4577407836914 17.0266723632812 16.8119335174561 16.7371692657471 16.7306003570557 16.7485313415527 16.8551082611084
-9999 -9999 -9999 -9999 -9999 -9999 -9999 -9999 -9999 -9999 -9999 -9999 -9999 -9999 18.4955024719238 18.5372695922852 16.9218521118164 15.2373447418213 15.1124505996704 14.8927145004272 14.9993629455566 15.1215839385986 15.3089752197266 15.5039415359497 15.714900970459 15.8036193847656 15.7429342269897 15.6672458648682 15.5806293487549 15.8151340484619 16.1826248168945 16.8763217926025 17.6341400146484 17.9577617645264 18.252311706543 18.4199542999268 18.5848388671875 18.7400341033936 18.7196426391602 18.3731689453125 17.9258518218994 17.3686656951904 17.0806007385254 16.9666728973389 16.8683567047119 16.7756500244141 16.8803043365479
16.0341987609863 -9999 -9999 -9999 -9999 -9999 -9999 -9999 -9999 -9999 18.1969032287598 18.6165885925293 -9999 -9999 -9999 18.5091247558594 18.6484241485596 17.1019153594971 15.3622379302979 15.3975553512573 15.5861463546753 15.7864685058594 16.0358924865723 16.2595252990723 16.4287147521973 16.5966987609863 16.7632083892822 16.7820472717285 16.693323135376 16.7928371429443 16.9703102111816 17.3311634063721 17.7280654907227 17.0815677642822 16.4904766082764 16.8181018829346 17.2913284301758 18.2765045166016 18.8759422302246 18.7590255737305 18.5805511474609 18.3350086212158 18.0861892700195 17.8352470397949 17.5400714874268 17.2290058135986 17.1083354949951
16.0730895996094 16.0788307189941 -9999 -9999 -9999 -9999 -9999 -9999 -9999 -9999 18.0423202514648 18.4779720306396 18.6165885925293 -9999 -9999 18.3853912353516 18.618860244751 18.9410209655762 17.475004196167 16.0044574737549 16.2559623718262 16.511697769165 16.7851371765137 17.0107173919678 17.1352596282959 17.3515892028809 17.6800994873047 17.7662391662598 17.6758365631104 17.6185283660889 17.5749244689941 17.3991889953613 17.1974792480469 15.8188905715942 14.5691499710083 15.0038461685181 15.7142887115479 17.3942718505859 18.5762481689453 18.833366394043 19.0319862365723 19.1668663024902 19.0092468261719 18.6623668670654 18.1945419311523 17.6832695007324 17.3562622070312
16.0730895996094 16.0903129577637 16.4509162902832 16.6955032348633 -9999 -9999 -9999 -9999 -9999 -9999 -9999 18.4919719696045 18.7661914825439 18.6165885925293 18.5231246948242 18.3853912353516 18.618860244751 18.9410209655762 18.0534343719482 17.1587944030762 17.3711566925049 17.5606021881104 17.654146194458 17.7383441925049 17.8028182983398 17.901647567749 18.0424652099609 18.0498695373535 17.9600963592529 17.6288471221924 17.1975955963135 15.3924036026001 13.3171291351318 12.4831829071045 11.7923336029053 12.0502958297729 12.6164474487305 14.2662019729614 15.8306846618652 17.2368049621582 18.3931503295898 19.2773590087891 19.489631652832 19.2671279907227 18.7565135955811 18.1424083709717 17.7108955383301
16.1750106811523 16.3829116821289 16.6297054290771 16.7007350921631 -9999 -9999 -9999 -9999 17.2868614196777 17.5437870025635 17.9629096984863 18.6047077178955 18.908296585083 18.9351749420166 18.8602313995361 18.737060546875 18.9098377227783 19.1533260345459 18.6377983093262 18.1139850616455 18.2285194396973 18.2993507385254 18.1872844696045 18.0065822601318 17.6809883117676 17.3590793609619 17.0416717529297 16.7722263336182 16.537712097168 15.9561834335327 15.2309436798096 12.7178783416748 9.85336780548096 9.6072416305542 9.49481105804443 9.74118900299072 10.2706651687622 11.7955255508423 13.526141166687 15.6388645172119 17.4068756103516 18.7993125915527 19.453540802002 19.6301136016846 19.2720432281494 18.7219219207764 18.2160816192627
16.53173828125 16.588228225708 16.6471500396729 16.7007350921631 16.7560710906982 16.8735275268555 16.992748260498 17.1209564208984 17.2868614196777 17.5437870025635 17.9629096984863 18.6047077178955 19.2448959350586 19.8837661743164 20.0401229858398 19.9679222106934 19.9282760620117 19.8964061737061 19.237003326416 18.5712947845459 18.4412879943848 18.2626895904541 17.880729675293 17.1263217926025 15.5856475830078 14.0848875045776 12.6329107284546 11.5913133621216 10.8486309051514 10.0759754180908 9.29090690612793 8.37396430969238 7.43109798431396 7.88073825836182 8.39554786682129 9.04322147369385 9.8050708770752 10.9683666229248 12.3241691589355 14.0374765396118 15.5519819259644 16.8498840332031 18.1262397766113 19.388650894165 19.6714572906494 19.6023750305176 19.0976505279541
17.044979095459 17.0130519866943 16.95751953125 16.9658908843994 16.9848556518555 17.113208770752 17.2455863952637 17.3984222412109 17.5997829437256 17.9183101654053 18.3806667327881 19.0404796600342 19.769718170166 20.555757522583 20.7896385192871 20.7619743347168 20.5745410919189 20.3489360809326 19.44846534729 18.5152111053467 17.7795963287354 17.0042591094971 16.0626773834229 14.7788572311401 12.7725477218628 10.8447265625 9.01283264160156 7.73382472991943 6.85753011703491 6.13768911361694 5.48264122009277 5.55515193939209 5.77068328857422 6.70979976654053 7.66827392578125 8.5540771484375 9.44471454620361 10.3523454666138 11.4456186294556 12.8836517333984 14.2190942764282 15.4427614212036 16.9842739105225 18.7314453125 19.5802993774414 20.1064624786377 19.7567329406738
17.7794990539551 17.7482242584229 17.6820278167725 17.6059303283691 17.5370960235596 17.6917591094971 17.8558883666992 18.0681705474854 18.3551158905029 18.822338104248 19.3890533447266 20.0923557281494 20.5606555938721 20.8366851806641 20.9306812286377 20.9384536743164 20.6946258544922 20.3906803131104 19.1117286682129 17.7332801818848 15.8815784454346 14.0184726715088 12.1076412200928 10.3570337295532 8.94466876983643 7.6526780128479 6.50781059265137 5.74741458892822 5.26706218719482 4.94492530822754 4.68831157684326 4.89255475997925 5.18739223480225 6.3243293762207 7.46692705154419 8.36017322540283 9.23314476013184 10.0348339080811 11.0243282318115 12.3626003265381 13.6242303848267 14.802357673645 16.1043357849121 17.4864540100098 18.795560836792 20.0784397125244 20.1012649536133
18.6295261383057 18.626522064209 18.5825347900391 18.430980682373 18.279956817627 18.4405212402344 18.6158542633057 18.8663311004639 19.1839866638184 19.663854598999 20.1621036529541 20.6855907440186 20.6641159057617 20.1967716217041 19.921854019165 19.7380847930908 19.4863471984863 19.2183704376221 17.4372005462646 15.5258769989014 13.2332210540771 11.0072784423828 9.0605297088623 7.44086170196533 6.51168394088745 5.71550464630127 5.08187627792358 4.68009853363037 4.44719743728638 4.33954286575317 4.28375673294067 4.55971574783325 4.90088844299316 6.05980730056763 7.22033643722534 8.10076427459717 8.94686985015869 9.67229747772217 10.5567979812622 11.7367124557495 12.8947153091431 14.028844833374 15.2153902053833 16.4358520507812 17.9807186126709 19.6421146392822 20.0599021911621
19.5768260955811 19.6253528594971 19.631254196167 19.4118347167969 19.1833438873291 19.3326206207275 19.5018577575684 19.7726287841797 20.0747871398926 20.4527282714844 20.7369747161865 20.8925952911377 20.1886386871338 18.7814025878906 17.9446983337402 17.3782444000244 17.1594314575195 17.0236797332764 14.6360912322998 12.1180553436279 9.9529914855957 7.9746880531311 6.77799892425537 5.79262828826904 5.25336742401123 4.83508491516113 4.56466197967529 4.38676881790161 4.27627277374268 4.22880458831787 4.20743894577026 4.50457239151001 4.86431455612183 5.89713764190674 6.93564558029175 7.78619337081909 8.59768390655518 9.27184677124023 10.0503273010254 11.0225400924683 12.0518074035645 13.143238067627 14.3188571929932 15.5489501953125 17.1405258178711 18.8619518280029 19.6935691833496
20.1206951141357 20.1787204742432 20.2028503417969 20.0495910644531 19.8882865905762 20.0000877380371 20.1289024353027 20.3442516326904 20.5641479492188 20.7950286865234 20.9227085113525 20.9087085723877 19.5580101013184 17.1136608123779 15.3956613540649 14.0217180252075 13.7173910140991 13.6686315536499 11.7719221115112 9.765944480896 8.01734638214111 6.45200300216675 5.65359687805176 5.01146125793457 4.69922351837158 4.46970510482788 4.34128618240356 4.25618267059326 4.20262861251831 4.17883968353271 4.16737794876099 4.3941798210144 4.66781902313232 5.45572662353516 6.25569343566895 6.9874153137207 7.72560024261475 8.48650646209717 9.26612091064453 10.0804786682129 10.9646520614624 11.9248914718628 13.0043210983276 14.1608724594116 15.5329790115356 16.982515335083 18.2969837188721
20.4671363830566 20.5140895843506 20.540958404541 20.5194435119629 20.4961185455322 20.5576267242432 20.6292190551758 20.7520923614502 20.8570594787598 20.9187908172607 20.9180088043213 20.8314056396484 18.8514537811279 15.3224143981934 12.5667610168457 10.1774435043335 9.72964382171631 9.74573707580566 8.87689208984375 7.93046569824219 6.73970174789429 5.66822099685669 5.09594917297363 4.6546106338501 4.48968124389648 4.35637140274048 4.26170682907104 4.20523834228516 4.17659091949463 4.15861558914185 4.14506006240845 4.25675058364868 4.39306211471558 4.87790822982788 5.38231229782104 5.95168113708496 6.59762525558472 7.51281309127808 8.34599876403809 9.02689552307129 9.75796890258789 10.5437116622925 11.4852275848389 12.5275354385376 13.5499124526978 14.5651302337646 16.3962268829346
20.6522998809814 20.650993347168 20.6407032012939 20.6530590057373 20.6658229827881 20.6270389556885 20.5919094085693 20.5753688812256 20.3085803985596 19.4375457763672 18.7537002563477 18.3268413543701 16.474292755127 13.4552822113037 10.9879856109619 8.78202247619629 8.138840675354 7.86906051635742 7.38131809234619 6.85467958450317 5.97985553741455 5.19722890853882 4.80045747756958 4.49595308303833 4.38623142242432 4.29565763473511 4.22848701477051 4.18521213531494 4.15934181213379 4.14314222335815 4.13094711303711 4.18144559860229 4.24426794052124 4.50129461288452 4.7729320526123 5.11704635620117 5.54154443740845 6.24867677688599 6.90146398544312 7.4533257484436 8.13766002655029 8.96632862091064 9.78851699829102 10.6065130233765 11.4990701675415 12.4184112548828 14.0471162796021
