Ecospace-environmental-drivers/Outputs/ASCII-for-ecospace/MOM6-ISIMIP3a/tob/2002-05_tob_MOM6-ISIMIP3a.asc
NCOLS 131 
NROWS 53 
XLLCORNER -98 
YLLCORNER 23.9265270233154 
CELLSIZE 0.133587792515755 
NODATA_value -9999 
[rows 21 to 41 of 53, columns 0 to 46 of 131]
-9999 -9999 -9999 -9999 -9999 -9999 22.4187698364258 22.4243640899658 22.4333515167236 22.4657745361328 22.6350879669189 23.0845069885254 22.9022216796875 22.359245300293 21.945858001709 21.6819915771484 21.6172046661377 21.689136505127 21.7440776824951 21.7924575805664 21.9284782409668 22.0799617767334 22.1259536743164 22.1598587036133 22.1122875213623 22.0661506652832 22.0246696472168 21.9950771331787 21.9862289428711 21.9920597076416 22.0129909515381 22.0366668701172 22.0620136260986 22.0594253540039 22.0475254058838 21.9979934692383 21.9432411193848 21.8858089447021 21.8318023681641 21.7996158599854 21.7826118469238 21.8078708648682 21.8372535705566 21.8730068206787 21.8896522521973 21.8887596130371 21.7453937530518
-9999 -9999 -9999 -9999 -9999 -9999 22.4155521392822 22.4187698364258 22.4299583435059 22.4189052581787 22.4657745361328 22.3549823760986 22.1916637420654 21.9244117736816 21.76540184021 21.7312850952148 21.7675914764404 21.8522624969482 21.770450592041 21.6243515014648 21.1029033660889 20.5152168273926 20.2945861816406 20.0912342071533 19.9648971557617 19.925594329834 20.1684913635254 20.4407501220703 20.7642459869385 21.043212890625 21.2763595581055 21.4204559326172 21.5103054046631 21.558666229248 21.5931987762451 21.5443744659424 21.4810485839844 21.0036926269531 20.4193153381348 19.153392791748 18.2751617431641 18.4761734008789 18.5718326568604 18.5046787261963 18.5719966888428 18.7627353668213 18.4729404449463
-9999 -9999 -9999 -9999 22.5367622375488 22.4497337341309 22.4170112609863 22.4108772277832 22.4187698364258 22.4411468505859 22.3499317169189 21.8239307403564 21.4933853149414 21.5495910644531 21.6478958129883 21.7947750091553 21.8273944854736 21.7815475463867 21.4990863800049 21.1252574920654 19.9394817352295 18.6104221343994 18.135892868042 17.7079467773438 17.5122604370117 17.484884262085 18.0032405853271 18.565954208374 19.206075668335 19.7498188018799 20.1943912506104 20.4732646942139 20.651195526123 20.778169631958 20.8881549835205 20.8384552001953 20.7606601715088 19.8456211090088 18.7206115722656 16.2584381103516 14.5440244674683 14.9111938476562 15.0671215057373 14.8965902328491 15.0111618041992 15.3874025344849 14.9595470428467
-9999 -9999 -9999 -9999 22.7392196655273 22.5410842895508 22.4824562072754 22.4170112609863 22.3968486785889 22.1402320861816 21.9022960662842 21.7358646392822 21.6193332672119 21.6015338897705 21.3606376647949 20.8623199462891 19.4158420562744 17.3182239532471 16.18505859375 15.4243040084839 14.3513441085815 13.2232885360718 13.024941444397 12.8668413162231 12.8744745254517 12.9496793746948 13.2439785003662 13.5335721969604 13.8149557113647 14.1376295089722 14.5027904510498 14.9892206192017 15.5495262145996 16.1359024047852 16.7309684753418 16.6220016479492 16.408863067627 15.2413063049316 14.0238571166992 12.4886770248413 11.3922672271729 11.5172891616821 11.527624130249 11.3607168197632 11.3785696029663 11.565993309021 11.2451477050781
-9999 -9999 -9999 -9999 -9999 22.7392196655273 22.5256462097168 22.5479011535645 22.3272762298584 21.8810367584229 21.5482959747314 21.6499767303467 21.6255397796631 21.3515548706055 20.5938415527344 19.277982711792 16.6547374725342 13.1336498260498 11.4184312820435 10.4005241394043 9.49575424194336 8.61094951629639 8.63454437255859 8.69092750549316 8.85478973388672 8.9956226348877 9.06178569793701 9.10777854919434 9.11857128143311 9.28196907043457 9.60239505767822 10.2320909500122 11.0501918792725 11.9204740524292 12.8081502914429 12.6587686538696 12.3590173721313 11.0810508728027 9.87922477722168 9.16228485107422 8.61350631713867 8.53284645080566 8.42627048492432 8.27964115142822 8.21743392944336 8.23270988464355 7.99499034881592
-9999 -9999 -9999 -9999 -9999 22.6063957214355 22.7392196655273 22.3984527587891 22.0487651824951 21.8047790527344 21.6048641204834 21.5736331939697 21.1067237854004 19.7777271270752 17.7244091033936 14.8353357315063 12.3609390258789 10.1713171005249 9.05199813842773 8.34596252441406 7.85218954086304 7.39587497711182 7.40357542037964 7.43169498443604 7.54530477523804 7.58974027633667 7.40988636016846 7.34170579910278 7.46840524673462 7.74347448348999 8.1712121963501 8.66227912902832 9.19192409515381 9.57661151885986 9.91297912597656 9.80584239959717 9.63314437866211 8.8678731918335 8.15549278259277 7.77994441986084 7.47023010253906 7.34378051757812 7.2460560798645 7.19272518157959 7.12351036071777 7.03971767425537 6.78039836883545
-9999 -9999 22.3124465942383 22.3476486206055 22.3854217529297 22.4734153747559 22.6065540313721 22.1927833557129 21.7803115844727 21.7206058502197 21.6061897277832 21.2823715209961 20.2536869049072 17.8302707672119 14.8716650009155 11.2955312728882 9.12210464477539 7.91197919845581 7.22141695022583 6.73147678375244 6.52974653244019 6.37887668609619 6.37636661529541 6.3859977722168 6.46973085403442 6.46021795272827 6.14836311340332 6.01666021347046 6.19933795928955 6.53216218948364 7.01948356628418 7.37589693069458 7.65256214141846 7.69606447219849 7.66184663772583 7.58216524124146 7.49415016174316 7.12125253677368 6.77876615524292 6.6299467086792 6.47526788711548 6.30427646636963 6.19505453109741 6.18129253387451 6.10532903671265 5.97227716445923 5.73894548416138
-9999.000000000000000 -9999 -9999 -9999 22.1841087341309 22.2974300384521 22.2163238525391 21.8644485473633 21.5337963104248 21.6191596984863 21.4869899749756 20.5221900939941 18.6714305877686 15.0676126480103 12.0553331375122 9.7255973815918 8.18505001068115 7.18647336959839 6.55998468399048 6.07717275619507 5.90794372558594 5.79405212402344 5.79373455047607 5.80620527267456 5.90451765060425 5.93367147445679 5.73858451843262 5.65387153625488 5.76177072525024 6.03471374511719 6.47748422622681 6.70792007446289 6.8090033531189 6.82640361785889 6.81590986251831 6.73141765594482 6.63563871383667 6.39259386062622 6.15915441513062 5.9868860244751 5.80390405654907 5.59109687805176 5.42597675323486 5.33455419540405 5.25240707397461 5.17877244949341 5.07525777816772
-9999 -9999 -9999 -9999 21.9112796783447 21.7814788818359 21.8574085235596 21.6118965148926 21.3818168640137 21.5311164855957 21.2716865539551 19.4478130340576 16.8731994628906 12.8130836486816 9.95591735839844 8.48676586151123 7.40406656265259 6.58676052093506 6.00716304779053 5.51935291290283 5.37335014343262 5.28766584396362 5.29860210418701 5.3218092918396 5.4296441078186 5.49238681793213 5.40892505645752 5.3720908164978 5.41662454605103 5.61230802536011 5.9635214805603 6.07941246032715 6.05194759368896 6.05891275405884 6.07735443115234 5.9886040687561 5.88476085662842 5.74237489700317 5.59630966186523 5.42681312561035 5.25016355514526 5.05360126495361 4.89083623886108 4.78030300140381 4.71168613433838 4.68154001235962 4.64836263656616
-9999 -9999 -9999 -9999 21.718204498291 21.6549282073975 21.5767974853516 21.4546871185303 21.3487739562988 21.4599304199219 20.935474395752 17.9781551361084 14.8032550811768 11.1978244781494 8.7584400177002 7.66448879241943 6.81943273544312 6.14530515670776 5.59098100662231 5.0829176902771 4.94847393035889 4.87996196746826 4.91355133056641 4.95743036270142 5.06842470169067 5.15836906433105 5.18006181716919 5.19222354888916 5.18775129318237 5.28431129455566 5.48483085632324 5.50056123733521 5.40371990203857 5.41996002197266 5.47389316558838 5.38157892227173 5.26929569244385 5.19084119796753 5.10488367080688 4.97114515304565 4.84440183639526 4.7371301651001 4.65000772476196 4.59402465820312 4.56374073028564 4.55704307556152 4.51937198638916
-9999 -9999 -9999 -9999 21.6549282073975 21.5603504180908 21.4493274688721 21.4243698120117 21.4035968780518 21.4472904205322 20.833101272583 17.7008056640625 14.3447904586792 10.5460910797119 8.03590106964111 7.01245021820068 6.26096963882446 5.69626379013062 5.23749399185181 4.81963062286377 4.70853519439697 4.65157461166382 4.69192934036255 4.74067449569702 4.84157943725586 4.93525838851929 5.0055079460144 5.04124975204468 5.01677322387695 5.04249334335327 5.11986589431763 5.09343290328979 5.00376319885254 5.00647354125977 5.03997707366943 4.96948909759521 4.88487529754639 4.83460807800293 4.77732086181641 4.67532968521118 4.58638095855713 4.53373670578003 4.49275779724121 4.46980571746826 4.46004295349121 4.4623851776123 4.42322492599487
-9999 -9999 -9999 -9999 21.5548686981201 21.4493274688721 21.4844150543213 21.489221572876 21.5243225097656 21.4785614013672 20.9061069488525 18.3177013397217 15.0949516296387 10.6170110702515 7.66957187652588 6.48809242248535 5.72213411331177 5.24153280258179 4.93102931976318 4.68620634078979 4.60730171203613 4.55767679214478 4.5928807258606 4.63463687896729 4.71551561355591 4.79532861709595 4.87168598175049 4.91194677352905 4.88921642303467 4.86531066894531 4.84019613265991 4.81509876251221 4.79001188278198 4.76208972930908 4.73322153091431 4.70360136032104 4.67374038696289 4.62485218048096 4.57265758514404 4.49940586090088 4.43916702270508 4.41515302658081 4.39819192886353 4.39213132858276 4.38953113555908 4.39010667800903 4.3517107963562
-9999 -9999 -9999 -9999 21.4493274688721 21.5302448272705 21.5479984283447 21.574743270874 21.5675506591797 21.4913902282715 21.0622444152832 19.2820243835449 16.3016681671143 10.9465770721436 7.53496074676514 6.36580753326416 5.60046052932739 5.11242628097534 4.82260751724243 4.60932683944702 4.53743839263916 4.49050092697144 4.50146341323853 4.5142126083374 4.53128623962402 4.55892324447632 4.62081241607666 4.66036510467529 4.66093778610229 4.65714168548584 4.648850440979 4.63615083694458 4.620765209198 4.57180261611938 4.51164722442627 4.50721788406372 4.51028728485107 4.48517942428589 4.45677900314331 4.40741014480591 4.36588907241821 4.34621524810791 4.33376455307007 4.3324761390686 4.32809257507324 4.32086849212646 4.28872108459473
-9999 -9999 -9999 -9999 -9999 21.6410789489746 21.6392402648926 21.5800304412842 21.5775661468506 21.4963150024414 21.2540073394775 20.3952465057373 17.7040519714355 11.3869953155518 7.49965906143188 6.41584157943726 5.65757369995117 5.12287521362305 4.79906272888184 4.55668115615845 4.48101902008057 4.43477773666382 4.41331720352173 4.38762283325195 4.32212734222412 4.28116989135742 4.31977319717407 4.35637712478638 4.38949203491211 4.43569231033325 4.49535846710205 4.49979734420776 4.47059202194214 4.40470027923584 4.32657957077026 4.34062147140503 4.36726903915405 4.37554264068604 4.37895202636719 4.35138416290283 4.32429885864258 4.29855537414551 4.28225326538086 4.28054285049438 4.27054214477539 4.25293302536011 4.22938442230225
-9999 -9999 -9999 -9999 -9999 21.7887325286865 21.7360000610352 21.7629489898682 21.7409057617188 21.5953731536865 21.3532829284668 20.7416019439697 18.1235771179199 11.5355672836304 7.5545449256897 6.58157873153687 5.8416543006897 5.26177072525024 4.86693954467773 4.5435643196106 4.4291090965271 4.35152196884155 4.31154346466064 4.27046775817871 4.21338415145874 4.1749529838562 4.19700050354004 4.2203221321106 4.24586868286133 4.2842116355896 4.33572101593018 4.34254503250122 4.32214736938477 4.27276802062988 4.21372890472412 4.22977066040039 4.25614452362061 4.27632617950439 4.29264163970947 4.28433847427368 4.27268838882446 4.25172281265259 4.23777103424072 4.23465871810913 4.22430610656738 4.20730781555176 4.19248199462891
-9999 -9999 -9999 -9999 -9999 22.0247688293457 21.9909572601318 21.8650207519531 21.9359683990479 21.7139091491699 21.433422088623 20.9292907714844 18.3397464752197 11.6237564086914 7.62809085845947 6.77125453948975 6.05200433731079 5.42724180221558 4.95373153686523 4.53862524032593 4.37813138961792 4.26256942749023 4.20695066452026 4.15526485443115 4.12541723251343 4.10422706604004 4.11111068725586 4.1190128326416 4.12869262695312 4.14720678329468 4.17481231689453 4.18096923828125 4.17405986785889 4.14811325073242 4.11582040786743 4.13045358657837 4.15161848068237 4.17926549911499 4.20457649230957 4.21501207351685 4.21900510787964 4.20506143569946 4.19474267959595 4.19002628326416 4.18041086196899 4.16629886627197 4.16022157669067
-9999 -9999 -9999 -9999 -9999 -9999 22.3473491668701 22.3449039459229 22.3192901611328 21.9389934539795 21.4889240264893 20.771800994873 18.0963802337646 11.5460367202759 7.68890571594238 6.93931722640991 6.24036312103271 5.57618141174316 5.01873016357422 4.50249099731445 4.31501054763794 4.18554592132568 4.14859819412231 4.11585330963135 4.10125064849854 4.09078216552734 4.0937180519104 4.09723949432373 4.10178279876709 4.11055469512939 4.12367725372314 4.12680244445801 4.12383842468262 4.11184358596802 4.09683847427368 4.10436630249023 4.11504602432251 4.13092231750488 4.14578104019165 4.15415954589844 4.15875053405762 4.15279626846313 4.14791774749756 4.14470052719116 4.138991355896 4.13099384307861 4.12746477127075
-9999 -9999 -9999 -9999 -9999 -9999 22.7076873779297 22.8321228027344 22.69580078125 22.1560382843018 21.5267200469971 20.5546169281006 17.7765083312988 11.424825668335 7.72144842147827 7.07379961013794 6.40003871917725 5.70834493637085 5.07532358169556 4.46495771408081 4.25433588027954 4.11425685882568 4.09645366668701 4.08282995223999 4.08172178268433 4.08082485198975 4.08061361312866 4.08058071136475 4.08085966110229 4.08112859725952 4.08138799667358 4.08163595199585 4.08187675476074 4.08223676681519 4.08263635635376 4.08340883255005 4.08425664901733 4.08837127685547 4.09266376495361 4.09808874130249 4.10243368148804 4.10377264022827 4.10394525527954 4.10231590270996 4.10040998458862 4.09825038909912 4.0968337059021
-9999 -9999 -9999 -9999 -9999 -9999 23.0884323120117 22.9460334777832 22.9097080230713 22.2364654541016 21.3874320983887 19.8655395507812 16.8600444793701 10.918924331665 7.45849657058716 6.86039781570435 6.26425457000732 5.66945457458496 5.05266952514648 4.42739582061768 4.22555541992188 4.09843778610229 4.08844709396362 4.08175563812256 4.08118581771851 4.0807089805603 4.08053302764893 4.08048820495605 4.08067083358765 4.08085155487061 4.08102893829346 4.08116817474365 4.0812840461731 4.08148670196533 4.08171844482422 4.08218669891357 4.08269643783569 4.08432865142822 4.08612585067749 4.08897304534912 4.0912618637085 4.09199619293213 4.09221315383911 4.09162998199463 4.09092426300049 4.0901050567627 4.08911371231079
-9999 -9999 -9999 -9999 -9999 23.8551998138428 23.4386863708496 23.4871406555176 23.0678081512451 22.2743625640869 21.191987991333 19.0037040710449 15.7401838302612 10.3490753173828 7.1867995262146 6.59624576568604 6.04913234710693 5.53185129165649 4.961585521698 4.37086009979248 4.19188117980957 4.08556318283081 4.0820631980896 4.08093166351318 4.08077239990234 4.08062744140625 4.08052730560303 4.0804967880249 4.08058929443359 4.0806884765625 4.0807957649231 4.08083534240723 4.08083295822144 4.08089447021484 4.08097648620605 4.08116960525513 4.08137559890747 4.08115911483765 4.08107233047485 4.08180713653564 4.0824089050293 4.08263826370239 4.08286046981812 4.08307123184204 4.08325862884521 4.08342504501343 4.08285617828369
-9999 -9999 -9999 -9999 25.0972709655762 24.2792892456055 23.8551998138428 23.4663677215576 23.0212688446045 22.1563110351562 20.7906341552734 17.5084133148193 13.8745155334473 9.54474544525146 6.8830361366272 6.14600610733032 5.54309701919556 5.03229522705078 4.6195855140686 4.24475240707397 4.1402645111084 4.08348417282104 4.08163166046143 4.08102750778198 4.080810546875 4.08067274093628 4.08079242706299 4.08087635040283 4.08089780807495 4.08094692230225 4.08102321624756 4.08099508285522 4.08090305328369 4.08087968826294 4.08087921142578 4.08090400695801 4.08093404769897 4.0811915397644 4.08145952224731 4.08179140090942 4.08205890655518 4.08214712142944 4.08223104476929 4.08230924606323 4.08226728439331 4.08211660385132 4.08196067810059
