Ecospace-environmental-drivers/Outputs/ASCII-for-ecospace/MOM6-ISIMIP3a/tob/2002-09_tob_MOM6-ISIMIP3a.asc
NCOLS 131 
NROWS 53 
XLLCORNER -98 
YLLCORNER 23.9265270233154 
CELLSIZE 0.133587792515755 
NODATA_value -9999 
[rows 0 to 20 of 53, columns 47 to 93 of 131]
-9999 -9999 -9999 -9999 -9999 -9999 -9999 -9999 -9999 -9999 -9999 -9999 -9999 -9999 -9999 -9999 -9999 -9999 -9999 -9999 -9999 -9999 -9999 -9999 -9999 -9999 -9999 -9999 -9999 -9999 -9999 -9999 -9999 -9999 -9999 -9999 -9999 -9999 -9999 -9999 -9999 -9999 -9999 -9999 -9999 -9999 -9999
-9999 -9999 -9999 -9999 -9999 -9999 -9999 -9999 -9999 -9999 -9999 -9999 -9999 -9999 -9999 -9999 -9999 -9999 -9999 -9999 -9999 -9999 -9999 -9999 -9999 -9999 -9999 -9999 -9999 -9999 -9999 -9999 -9999 -9999 -9999 -9999 -9999 -9999 -9999 -9999 -9999 -9999 -9999 -9999 -9999 -9999 -9999
-9999 -9999 -9999 -9999 -9999 -9999 -9999 -9999 -9999 -9999 -9999 -9999 -9999 -9999 -9999 -9999 -9999 -9999 -9999 -9999 -9999 -9999 -9999 -9999 -9999 -9999 -9999 28.9357376098633 28.9517612457275 -9999 -9999 -9999 -9999 -9999 -9999 -9999 -9999 -9999 -9999 -9999 -9999 -9999 -9999 -9999 -9999 -9999 -9999
-9999 -9999 -9999 -9999 -9999 -9999 -9999 -9999 -9999 -9999 -9999 -9999 -9999 -9999 -9999 -9999 -9999 -9999 -9999 -9999 -9999 -9999 -9999 -9999 -9999 -9999 -9999 28.9356307983398 28.9560985565186 -9999 -9999 -9999 -9999 -9999 -9999 -9999 -9999 -9999 -9999 -9999 -9999 -9999 -9999 -9999 -9999 -9999 -9999
-9999 -9999 -9999 -9999 -9999 -9999 -9999 -9999 -9999 -9999 -9999 -9999 -9999 -9999 -9999 -9999 -9999 -9999 28.9616394042969 28.965726852417 28.9689979553223 28.9880752563477 28.9935188293457 28.9756317138672 28.9328651428223 28.900276184082 28.9077205657959 28.938455581665 28.9607124328613 28.9691295623779 -9999 -9999 28.8053283691406 28.4920330047607 27.5651187896729 26.3380546569824 25.5310039520264 25.6366729736328 26.5601501464844 27.5060539245605 28.2867050170898 28.7613468170166 -9999 -9999 -9999 -9999 -9999
-9999 -9999 -9999 -9999 -9999 -9999 -9999 -9999 -9999 -9999 -9999 -9999 -9999 -9999 28.8295288085938 -9999 28.8303050994873 28.8312473297119 28.8917999267578 28.9616394042969 28.9665451049805 28.9689979553223 29.0071506500244 29.0044097900391 28.9153347015381 28.878849029541 28.9066429138184 28.937671661377 28.9710540771484 28.9734115600586 28.9629211425781 28.9461345672607 28.9281120300293 28.5417366027832 28.0062484741211 26.1473693847656 24.8605461120605 25.5850982666016 26.4643726348877 27.6309776306152 28.4228134155273 28.806324005127 29.0549049377441 29.216178894043 -9999 -9999 -9999
-9999 -9999 -9999 -9999 -9999 -9999 -9999 -9999 -9999 -9999 29.1139602661133 29.111307144165 29.109302520752 29.1036586761475 28.9645118713379 28.8295154571533 28.8295421600342 28.8301239013672 28.8312473297119 28.8825149536133 28.9616394042969 28.9689979553223 29.0071506500244 29.0044097900391 28.9153347015381 28.878849029541 28.9066429138184 28.937671661377 28.9710540771484 28.9734115600586 28.9629211425781 28.9461345672607 28.9281120300293 28.5417366027832 28.0062484741211 26.1473693847656 24.8605461120605 25.5850982666016 26.4643726348877 27.6309776306152 28.4228134155273 28.806324005127 29.0549049377441 29.216178894043 29.2588005065918 29.3119926452637 -9999
-9999 -9999 -9999 -9999 -9999 -9999 -9999 -9999 -9999 -9999 29.1281833648682 29.1139602661133 29.1086540222168 -9999 29.0970287322998 28.9611835479736 28.8294906616211 28.8295421600342 28.8295803070068 28.8312473297119 28.8546581268311 28.8810539245605 28.9199409484863 28.9152717590332 28.8186550140381 28.7827739715576 28.8211269378662 28.8555774688721 28.8871879577637 28.8799667358398 28.8566627502441 28.4160709381104 27.8934478759766 26.3545551300049 24.7871322631836 23.3086700439453 22.3441677093506 23.1867752075195 24.2279739379883 25.6379871368408 26.9470691680908 28.1461868286133 28.7835788726807 29.0575084686279 29.254150390625 29.4230289459229 29.299129486084
-9999 -9999 -9999 -9999 -9999 -9999 -9999 -9999 -9999 -9999 -9999 -9999 -9999 -9999 29.0985698699951 29.0891647338867 28.9591503143311 28.8294372558594 28.8295421600342 28.8279495239258 28.8002319335938 28.7851467132568 28.8229293823242 28.814847946167 28.709939956665 28.6744995117188 28.7239608764648 28.7605953216553 28.7878875732422 28.7631893157959 28.7169589996338 27.7874412536621 26.6842918395996 23.903039932251 21.2265186309814 20.180154800415 19.5801029205322 20.5493030548096 21.7623386383057 23.428201675415 25.2964267730713 27.3851299285889 28.4585399627686 28.8750057220459 29.1639862060547 29.4071712493896 29.2773532867432
28.7481803894043 -9999 -9999 -9999 -9999 -9999 -9999 -9999 -9999 -9999 29.1268348693848 29.1427612304688 -9999 -9999 -9999 29.0890121459961 29.0857429504395 28.9620113372803 28.8293342590332 28.8268070220947 28.7877883911133 28.7507743835449 28.7221584320068 28.6673488616943 28.557243347168 28.5144176483154 28.553825378418 28.5375499725342 28.4807205200195 28.2061195373535 27.8413352966309 25.8100109100342 23.4510841369629 20.7272453308105 18.216760635376 17.9225330352783 17.9016399383545 18.8418083190918 19.951732635498 21.3769092559814 23.2744464874268 25.6866340637207 27.3321475982666 28.4815845489502 28.9633331298828 29.2052383422852 29.168586730957
28.8417091369629 28.8555164337158 -9999 -9999 -9999 -9999 -9999 -9999 -9999 -9999 29.123025894165 29.1360321044922 29.1427612304688 -9999 -9999 29.0715160369873 29.0815620422363 29.1041488647461 28.9654731750488 28.8215961456299 28.7632617950439 28.6851463317871 28.5242500305176 28.3670654296875 28.2177200317383 28.0950317382812 28.0049209594727 27.846134185791 27.6373252868652 27.0261363983154 26.2483081817627 23.3214588165283 19.9721622467041 17.4266605377197 15.1772871017456 15.5299367904663 16.0247688293457 17.0195236206055 18.1023712158203 19.3488121032715 21.2365055084229 23.822868347168 25.9910659790039 27.8886871337891 28.627462387085 28.9499626159668 29.031681060791
28.8417091369629 28.883129119873 28.8847122192383 28.9343128204346 -9999 -9999 -9999 -9999 -9999 -9999 -9999 29.1388187408447 29.1361122131348 29.1427612304688 29.1139602661133 29.0715160369873 29.0815620422363 29.1041488647461 28.9539546966553 28.7945575714111 28.6739311218262 28.4518737792969 27.8053245544434 27.2472858428955 26.8761024475098 26.2847709655762 25.4243774414062 24.642463684082 23.9177131652832 22.5049533843994 20.8072643280029 18.0913467407227 15.1752691268921 13.4567394256592 11.9784135818481 12.4133634567261 13.0836753845215 14.5815296173096 16.0451316833496 17.445125579834 19.1129627227783 21.0726280212402 23.4984283447266 26.2258415222168 27.5663146972656 28.408576965332 28.7438449859619
28.8129901885986 28.8572273254395 28.8657722473145 28.9327201843262 -9999 -9999 -9999 -9999 29.0801792144775 29.1042594909668 29.1270313262939 29.1480102539062 29.141414642334 29.1122627258301 29.0757865905762 29.0358409881592 29.0436210632324 29.0628051757812 28.8697280883789 28.6464138031006 28.1952438354492 27.5825614929199 26.2939376831055 25.1481304168701 24.3038215637207 23.1559391021729 21.6370296478271 20.3111572265625 19.1258888244629 17.3034133911133 15.2170457839966 13.0440473556519 10.8540201187134 10.0196285247803 9.36456775665283 9.97092533111572 10.8433122634888 12.6510734558105 14.3348255157471 15.7882785797119 17.2348289489746 18.6738624572754 21.0542297363281 24.0436859130859 25.7396259307861 26.9709148406982 27.8633003234863
28.7124671936035 28.7906837463379 28.8601188659668 28.9327201843262 29.0044460296631 29.043815612793 29.0764007568359 29.07448387146 29.0801792144775 29.1042594909668 29.1270313262939 29.1480102539062 29.1004028320312 28.9966831207275 28.9421730041504 28.9109745025635 28.9108295440674 28.9181041717529 28.6037254333496 28.1955089569092 26.7431488037109 25.1231136322021 22.8013553619385 20.6004867553711 18.6548233032227 16.7306118011475 14.832615852356 13.1607065200806 11.6534757614136 10.4009389877319 9.25387859344482 8.45378971099854 7.72190809249878 7.91457509994507 8.2133207321167 9.21385669708252 10.354811668396 11.9894895553589 13.4918651580811 14.7485408782959 15.9702320098877 17.1538047790527 18.7311305999756 20.563232421875 21.9990539550781 23.2925243377686 25.5009517669678
28.6337051391602 28.7233734130859 28.8178043365479 28.8799858093262 28.9379920959473 28.9724445343018 29.0029335021973 29.0132637023926 29.0328636169434 29.0748424530029 29.0513172149658 28.9378623962402 28.6719379425049 28.2812671661377 28.0889415740967 27.9905700683594 28.078405380249 28.2107315063477 27.3116416931152 26.2457294464111 23.7830867767334 21.2673645019531 18.5294971466064 15.9107885360718 13.5436382293701 11.4301614761353 9.6267261505127 8.06466770172119 6.67842388153076 5.92836380004883 5.44176816940308 5.51936912536621 5.70787668228149 6.56584024429321 7.47830057144165 8.68094062805176 9.9481840133667 11.4425745010376 12.8057174682617 13.9251165390015 14.9862308502197 15.9838438034058 17.0545120239258 18.1724529266357 19.3886909484863 20.6402397155762 23.2848510742188
28.5857048034668 28.654972076416 28.7236557006836 28.7526931762695 28.7775859832764 28.8001689910889 28.8255977630615 28.8654937744141 28.9186515808105 29.003833770752 28.8685531616211 28.4306087493896 27.695686340332 26.7177867889404 26.218297958374 25.9454193115234 26.2568321228027 26.7078475952148 24.5688667297363 22.1768112182617 18.6910381317139 15.4374990463257 13.1558837890625 11.0202569961548 9.19282150268555 7.72008323669434 6.68085765838623 5.8731894493103 5.23418426513672 4.89122104644775 4.67085886001587 4.92599773406982 5.27460813522339 6.28640174865723 7.33174705505371 8.46493530273438 9.65730857849121 11.0577812194824 12.341272354126 13.4075164794922 14.3989429473877 15.3088531494141 16.2919006347656 17.3222732543945 18.3762397766113 19.4386806488037 21.2755184173584
28.2245464324951 28.3356704711914 28.4461727142334 28.525484085083 28.6002712249756 28.6391220092773 28.6767349243164 28.7080554962158 28.7287635803223 28.7238464355469 28.3520278930664 27.4765033721924 26.0011253356934 24.0349655151367 23.1897716522217 22.8755569458008 23.0962734222412 23.444803237915 20.7325191497803 17.7693920135498 14.215799331665 11.0203714370728 9.32389640808105 7.77234601974487 6.5267391204834 5.59821176528931 5.05721998214722 4.69598484039307 4.46568202972412 4.34698867797852 4.27451610565186 4.61004257202148 5.02577114105225 6.06420469284058 7.12133359909058 8.13581657409668 9.20904731750488 10.4888353347778 11.6917858123779 12.7520389556885 13.7344388961792 14.6320161819458 15.5872755050659 16.5798568725586 17.5711460113525 18.5619697570801 19.841796875
27.5996685028076 27.8050785064697 28.0142993927002 28.21413230896 28.4087181091309 28.4875297546387 28.551851272583 28.54248046875 28.4751491546631 28.2678718566895 27.5544319152832 26.1460952758789 23.7016620635986 20.4095230102539 19.1861724853516 18.9427604675293 18.8081321716309 18.6994953155518 15.9752521514893 13.0769147872925 10.25998878479 7.7929368019104 6.79014158248901 5.90771627426147 5.27940320968628 4.81379842758179 4.54705715179443 4.3729190826416 4.26623106002808 4.21784496307373 4.193603515625 4.52770471572876 4.93224716186523 5.890212059021 6.85714244842529 7.71144390106201 8.62824726104736 9.76481246948242 10.8864717483521 11.980450630188 13.0049095153809 13.9536237716675 14.9314785003662 15.9281892776489 16.9406719207764 17.9588222503662 18.8928089141846
26.4846630096436 26.6714363098145 26.8730049133301 27.1190319061279 27.3648223876953 27.4814548492432 27.5737705230713 27.5424041748047 27.4197235107422 27.0765571594238 26.2058792114258 24.6109962463379 21.7542247772217 17.8650093078613 15.8983669281006 14.8424053192139 14.4651908874512 14.250150680542 12.2443132400513 10.1201229095459 8.06393623352051 6.27548122406006 5.60751295089722 5.04908990859985 4.72192573547363 4.4750509262085 4.32630681991577 4.23447704315186 4.18410205841064 4.16320323944092 4.15451097488403 4.40066003799438 4.69690465927124 5.4451961517334 6.20310306549072 6.89139652252197 7.65746021270752 8.69696712493896 9.73124980926514 10.7558269500732 11.7146921157837 12.6019601821899 13.5871686935425 14.6357479095459 15.7167024612427 16.8092861175537 17.7856502532959
25.1298007965088 25.24267578125 25.38454246521 25.6403846740723 25.9038162231445 26.057222366333 26.1781616210938 26.1339492797852 25.9719161987305 25.5253887176514 24.5877056121826 22.9757270812988 19.9790554046631 15.8494672775269 12.9608497619629 10.6600532531738 10.0954332351685 9.94564437866211 9.01562976837158 8.01272487640381 6.7290563583374 5.59483814239502 5.08608531951904 4.6827712059021 4.50204467773438 4.35439920425415 4.24718618392944 4.1863842010498 4.15938806533813 4.14502048492432 4.13588380813599 4.25173664093018 4.39215993881226 4.86755037307739 5.35828304290771 5.87771797180176 6.49582481384277 7.46086740493774 8.40479278564453 9.30950164794922 10.1500902175903 10.9208183288574 11.9059200286865 13.0297327041626 14.2022924423218 15.3923635482788 16.6010875701904
24.0071983337402 23.9793109893799 23.9860954284668 24.1931285858154 24.3992023468018 24.0259494781494 23.6710567474365 23.409553527832 22.9798355102539 22.143949508667 21.0551795959473 19.6192359924316 17.1824378967285 13.9267683029175 11.3172616958618 9.01382732391357 8.25748729705811 7.87080097198486 7.36671686172485 6.83076953887939 5.94843769073486 5.16571378707886 4.79985904693604 4.51171541213989 4.38762617111206 4.28587341308594 4.21141910552979 4.16643190383911 4.14290714263916 4.13149452209473 4.12509727478027 4.17684268951416 4.24001789093018 4.4949779510498 4.76207780838013 5.07838535308838 5.47711372375488 6.16563844680786 6.85723161697388 7.55452299118042 8.27530574798584 9.02168369293213 9.92632293701172 10.9333639144897 12.0222187042236 13.1404609680176 14.5053424835205
