Ecospace-environmental-drivers/Outputs/ASCII-for-ecospace/MOM6-ISIMIP3a/tob/2002-07_tob_MOM6-ISIMIP3a.asc
NCOLS 131 
NROWS 53 
XLLCORNER -98 
YLLCORNER 23.9265270233154 
CELLSIZE 0.133587792515755 
NODATA_value -9999 
[rows 0 to 20 of 53, columns 47 to 93 of 131]
-9999 -9999 -9999 -9999 -9999 -9999 -9999 -9999 -9999 -9999 -9999 -9999 -9999 -9999 -9999 -9999 -9999 -9999 -9999 -9999 -9999 -9999 -9999 -9999 -9999 -9999 -9999 -9999 -9999 -9999 -9999 -9999 -9999 -9999 -9999 -9999 -9999 -9999 -9999 -9999 -9999 -9999 -9999 -9999 -9999 -9999 -9999
-9999 -9999 -9999 -9999 -9999 -9999 -9999 -9999 -9999 -9999 -9999 -9999 -9999 -9999 -9999 -9999 -9999 -9999 -9999 -9999 -9999 -9999 -9999 -9999 -9999 -9999 -9999 -9999 -9999 -9999 -9999 -9999 -9999 -9999 -9999 -9999 -9999 -9999 -9999 -9999 -9999 -9999 -9999 -9999 -9999 -9999 -9999
-9999 -9999 -9999 -9999 -9999 -9999 -9999 -9999 -9999 -9999 -9999 -9999 -9999 -9999 -9999 -9999 -9999 -9999 -9999 -9999 -9999 -9999 -9999 -9999 -9999 -9999 -9999 27.9174308776855 28.1070384979248 -9999 -9999 -9999 -9999 -9999 -9999 -9999 -9999 -9999 -9999 -9999 -9999 -9999 -9999 -9999 -9999 -9999 -9999
-9999 -9999 -9999 -9999 -9999 -9999 -9999 -9999 -9999 -9999 -9999 -9999 -9999 -9999 -9999 -9999 -9999 -9999 -9999 -9999 -9999 -9999 -9999 -9999 -9999 -9999 -9999 27.9307441711426 28.1518383026123 -9999 -9999 -9999 -9999 -9999 -9999 -9999 -9999 -9999 -9999 -9999 -9999 -9999 -9999 -9999 -9999 -9999 -9999
-9999 -9999 -9999 -9999 -9999 -9999 -9999 -9999 -9999 -9999 -9999 -9999 -9999 -9999 -9999 -9999 -9999 -9999 29.6761379241943 29.5600070953369 29.4671020507812 28.9251670837402 28.4717254638672 27.7516613006592 27.3935718536377 27.4148769378662 27.6323413848877 27.9619197845459 28.1979732513428 28.2956199645996 -9999 -9999 27.6244354248047 26.9057998657227 25.9453735351562 25.0920791625977 24.6686859130859 24.6724052429199 25.0536708831787 25.5661449432373 26.2637176513672 27.0624008178711 -9999 -9999 -9999 -9999 -9999
-9999 -9999 -9999 -9999 -9999 -9999 -9999 -9999 -9999 -9999 -9999 -9999 -9999 -9999 30.2622528076172 -9999 30.2763805389404 30.2871780395508 29.9680194854736 29.6761379241943 29.5367813110352 29.4671020507812 28.3832302093506 27.5648422241211 27.3069133758545 27.3089618682861 27.6287536621094 27.9593067169189 28.2976970672607 28.3369178771973 28.2522449493408 28.076831817627 27.8835792541504 26.9128952026367 25.9209270477295 25.0022983551025 24.3530120849609 24.650749206543 25.0134525299072 25.4968090057373 26.1881732940674 27.1061687469482 27.892858505249 28.5945873260498 -9999 -9999 -9999
-9999 -9999 -9999 -9999 -9999 -9999 -9999 -9999 -9999 -9999 29.5216064453125 29.5326023101807 29.539701461792 29.5567455291748 29.912618637085 30.2590599060059 30.2654457092285 30.2765159606934 30.2871780395508 29.9407405853271 29.6761379241943 29.4671020507812 28.3832302093506 27.5648422241211 27.3069133758545 27.3089618682861 27.6287536621094 27.9593067169189 28.2976970672607 28.3369178771973 28.2522449493408 28.076831817627 27.8835792541504 26.9128952026367 25.9209270477295 25.0022983551025 24.3530120849609 24.650749206543 25.0134525299072 25.4968090057373 26.1881732940674 27.1061687469482 27.892858505249 28.5945873260498 28.7800407409668 28.5211906433105 -9999
-9999 -9999 -9999 -9999 -9999 -9999 -9999 -9999 -9999 -9999 29.4626483917236 29.5216064453125 29.5436000823975 -9999 29.5727386474609 29.9119529724121 30.2526741027832 30.2654457092285 30.2769222259521 30.2871780395508 29.858907699585 29.2471885681152 27.8677139282227 26.7970371246338 26.3782558441162 26.2950458526611 26.6219749450684 26.9533920288086 27.2880802154541 27.3495273590088 27.2978172302246 26.7333431243896 26.0680694580078 24.6823139190674 23.3384323120117 22.6642723083496 22.2435932159424 22.7141666412354 23.2887840270996 24.0566272735596 24.9774570465088 26.0649681091309 26.9674243927002 27.7501411437988 28.2158489227295 28.5676822662354 28.9353332519531
-9999 -9999 -9999 -9999 -9999 -9999 -9999 -9999 -9999 -9999 -9999 -9999 -9999 -9999 29.5744895935059 29.5781326293945 29.8890228271484 30.2399005889893 30.2654457092285 30.2781429290771 29.7547397613525 29.0039234161377 27.301362991333 25.9565677642822 25.3670482635498 25.1935024261475 25.5283660888672 25.8575630187988 26.1826324462891 26.2604846954346 26.2359561920166 25.2401466369629 24.0534057617188 22.2086696624756 20.4761066436768 20.0773658752441 19.9131965637207 20.573787689209 21.3827075958252 22.4670867919922 23.6404418945312 24.9107360839844 25.9441051483154 26.8241691589355 27.6652393341064 28.492301940918 29.0708885192871
30.394193649292 -9999 -9999 -9999 -9999 -9999 -9999 -9999 -9999 -9999 29.4292507171631 29.4022159576416 -9999 -9999 -9999 29.5922832489014 29.5325374603271 29.8149490356445 30.21435546875 30.1733169555664 29.6087608337402 28.7975769042969 26.9542274475098 25.5463314056396 25.0577049255371 24.9432964324951 25.2862548828125 25.5050296783447 25.6333503723145 25.4456825256348 25.1271514892578 23.7325820922852 22.1264877319336 19.8980121612549 17.8560733795166 17.8615303039551 18.0389194488525 18.8208236694336 19.8245754241943 21.240327835083 22.5833511352539 23.8471374511719 25.0889949798584 26.3166656494141 27.2631874084473 28.108715057373 28.8658027648926
30.4174690246582 30.4209041595459 -9999 -9999 -9999 -9999 -9999 -9999 -9999 -9999 29.3694362640381 29.1683483123779 29.4022159576416 -9999 -9999 29.6975517272949 29.557689666748 29.3423728942871 29.6948776245117 30.0132274627686 29.2667102813721 28.3020305633545 26.4243144989014 25.0270385742188 24.6440086364746 24.5601787567139 24.8420352935791 24.9094371795654 24.8206329345703 24.287109375 23.5694122314453 21.770902633667 19.7599315643311 17.3501319885254 15.1824970245361 15.5247993469238 16.0031394958496 16.959789276123 18.1718463897705 19.8582210540771 21.3624057769775 22.6680908203125 24.1215915679932 25.6707382202148 26.7341632843018 27.6231117248535 28.5077743530273
30.4174690246582 30.4277763366699 30.5256118774414 30.653039932251 -9999 -9999 -9999 -9999 -9999 -9999 -9999 28.9710731506348 28.9685153961182 29.4022159576416 29.5216064453125 29.6975517272949 29.557689666748 29.3423728942871 29.4967441558838 29.5567111968994 27.8729667663574 26.2552738189697 24.9140129089355 23.9228019714355 23.6705722808838 23.4641609191895 23.3137512207031 23.0101261138916 22.5949001312256 21.2846240997314 19.6036758422852 17.3734474182129 15.0352439880371 13.5298328399658 12.2217121124268 12.5396003723145 13.1010904312134 14.5190992355347 16.0117073059082 17.642858505249 19.2625675201416 20.8698139190674 22.5518665313721 24.282320022583 25.5240917205811 26.5903205871582 27.3293876647949
30.3795757293701 30.4637031555176 30.5562801361084 30.6546897888184 -9999 -9999 -9999 -9999 30.2741222381592 29.8080101013184 29.3348236083984 28.8519268035889 28.7264671325684 28.8934516906738 29.1033821105957 29.3336563110352 29.2951107025146 29.1923370361328 29.2008609771729 29.0520324707031 26.50172996521 24.2347412109375 23.1534538269043 22.259428024292 21.7607288360596 21.1767921447754 20.4886779785156 19.7373275756836 18.9399166107178 17.2080955505371 15.0893020629883 12.9410200119019 10.786940574646 10.1780786514282 9.71963214874268 10.1715536117554 10.8977012634277 12.5880374908447 14.221004486084 15.7474298477173 17.3556575775146 19.0530128479004 20.7899341583252 22.5524559020996 23.9426155090332 25.1990146636963 26.0266742706299
30.2469520568848 30.3898086547852 30.5500011444092 30.6546897888184 30.7481498718262 30.691915512085 30.6243515014648 30.4991569519043 30.2741222381592 29.8080101013184 29.3348236083984 28.8519268035889 28.2583389282227 27.5741882324219 27.639575958252 28.0600032806396 28.3760719299316 28.6672077178955 28.6605930328369 28.4269561767578 25.1867656707764 22.2797737121582 20.767240524292 19.1981868743896 17.5098190307617 15.9109811782837 14.4215669631958 13.0307445526123 11.7117338180542 10.446403503418 9.20330429077148 8.42115688323975 7.72962093353271 7.99771022796631 8.36433982849121 9.34642124176025 10.4409914016724 11.9310750961304 13.353910446167 14.6518573760986 15.931077003479 17.1898918151855 18.5474739074707 19.9689598083496 21.4326114654541 22.9114074707031 24.4131393432617
29.5990371704102 29.8724308013916 30.1774368286133 30.3475437164307 30.4954433441162 30.4164962768555 30.3256340026855 30.1741600036621 29.902853012085 29.3421974182129 28.7502994537354 28.1155071258545 27.1983909606934 26.0502834320068 25.9193592071533 26.2702503204346 26.772045135498 27.3098926544189 26.8221416473389 26.0709209442139 22.5104446411133 19.286205291748 17.4691524505615 15.5236291885376 13.3068895339966 11.3289861679077 9.64298725128174 8.1642484664917 6.83647489547729 6.03170204162598 5.44352197647095 5.52354764938354 5.73492622375488 6.59782028198242 7.51815032958984 8.76386451721191 10.0333471298218 11.386399269104 12.6614627838135 13.791693687439 14.8494005203247 15.8280916213989 16.9179267883301 18.0796775817871 19.4760494232178 20.9567031860352 22.798713684082
28.2225933074951 28.7280464172363 29.2870082855225 29.6061534881592 29.8854541778564 29.7516860961914 29.6045875549316 29.3896751403809 29.0066757202148 28.2178115844727 27.3393611907959 26.3379230499268 25.3017139434814 24.2370548248291 23.8366260528564 23.7508316040039 24.1995677947998 24.7760219573975 23.1482944488525 21.2676277160645 17.9094104766846 14.8242473602295 12.8818445205688 10.9819507598877 9.17179393768311 7.71378040313721 6.68615627288818 5.89930248260498 5.28782224655151 4.93521642684937 4.6898193359375 4.919508934021 5.24258947372437 6.30138397216797 7.3917407989502 8.52426528930664 9.69507122039795 11.0004749298096 12.2159337997437 13.2643547058105 14.2525291442871 15.1750640869141 16.1549263000488 17.1718826293945 18.3019580841064 19.4726657867432 21.1830291748047
26.61354637146 27.1343326568604 27.7181224822998 28.1870002746582 28.6236267089844 28.5071506500244 28.3704719543457 28.1310348510742 27.7428970336914 26.9957046508789 26.0502090454102 24.8324737548828 23.4461307525635 21.9218406677246 21.2391757965088 20.955171585083 21.2070960998535 21.5870685577393 19.3382339477539 16.8703327178955 13.8425273895264 11.077317237854 9.41109657287598 7.86893653869629 6.58867740631104 5.63023138046265 5.0651068687439 4.69737815856934 4.47342920303345 4.36161470413208 4.29623889923096 4.6058874130249 4.98925733566284 6.0865592956543 7.19903898239136 8.20150470733643 9.25104904174805 10.4661273956299 11.609338760376 12.6190843582153 13.585223197937 14.503851890564 15.4380388259888 16.3822937011719 17.3753852844238 18.386022567749 19.8485488891602
24.8086223602295 25.1622276306152 25.5778961181641 26.1970863342285 26.8128776550293 26.7744178771973 26.7042942047119 26.4731025695801 26.1695556640625 25.6913032531738 24.8636131286621 23.5561943054199 21.6251564025879 19.183895111084 18.2082710266113 17.926887512207 17.8609371185303 17.8464603424072 15.413462638855 12.8149375915527 10.2254629135132 7.93252515792847 6.88062429428101 5.95902681350708 5.31251096725464 4.83651971817017 4.56894493103027 4.39064455032349 4.2773699760437 4.22834348678589 4.20592403411865 4.53683185577393 4.93719530105591 5.94046211242676 6.95051193237305 7.80871057510376 8.71797561645508 9.80679130554199 10.8671083450317 11.8745012283325 12.8586025238037 13.817325592041 14.7599830627441 15.6922454833984 16.6572570800781 17.634033203125 18.7508754730225
23.7201480865479 23.9168701171875 24.16237449646 24.6370830535889 25.1186408996582 25.1517028808594 25.1574211120605 25.0240478515625 24.8309745788574 24.4937515258789 23.793815612793 22.59592628479 20.3265361785889 17.1804752349854 15.4528684616089 14.3971529006958 14.0546445846558 13.8825445175171 12.0861806869507 10.1720600128174 8.16812896728516 6.40942859649658 5.67704582214355 5.07360696792603 4.74237966537476 4.49368524551392 4.345862865448 4.25252628326416 4.19887638092041 4.17517280578613 4.16387128829956 4.41445064544678 4.71651029586792 5.49594116210938 6.28290462493896 6.97075223922729 7.73894691467285 8.78964424133301 9.79672145843506 10.7227907180786 11.6343326568604 12.530047416687 13.4668083190918 14.4301271438599 15.4343385696411 16.4532375335693 17.5402164459229
22.9822845458984 23.0271625518799 23.1015014648438 23.2874641418457 23.481424331665 23.5828266143799 23.6689319610596 23.6772136688232 23.6072807312012 23.3484897613525 22.7811756134033 21.79030418396 19.2835388183594 15.5365114212036 12.8322906494141 10.6220245361328 10.0231771469116 9.80935096740723 9.05129146575928 8.22042846679688 6.87408113479614 5.67994260787964 5.12280988693237 4.68954181671143 4.51776170730591 4.37149715423584 4.25641822814941 4.19692373275757 4.17791604995728 4.16120147705078 4.14543628692627 4.2659740447998 4.41330575942993 4.9053807258606 5.41021203994751 5.91494369506836 6.54168081283569 7.59739685058594 8.56574535369873 9.3718433380127 10.1665287017822 10.9487791061401 11.8726119995117 12.8880548477173 13.9643898010254 15.0625972747803 16.274263381958
22.6199436187744 22.576545715332 22.5594482421875 22.6421165466309 22.7190608978271 22.3657474517822 22.0410327911377 21.8617935180664 21.5182991027832 20.7781944274902 19.9511375427246 19.0047035217285 16.8766002655029 13.7816858291626 11.2882089614868 9.07961845397949 8.30156803131104 7.86532115936279 7.44776439666748 6.99752187728882 6.05284547805786 5.21465444564819 4.8221116065979 4.51782321929932 4.39984655380249 4.29915380477905 4.21958637237549 4.17605400085449 4.15876865386963 4.14478635787964 4.13217115402222 4.18621063232422 4.25335311889648 4.51831483840942 4.79283666610718 5.08917570114136 5.49097061157227 6.26355266571045 6.98469305038452 7.61030197143555 8.31013107299805 9.09082508087158 9.94925689697266 10.8579883575439 11.8460445404053 12.8625955581665 14.1336269378662
