Ecospace-environmental-drivers/Outputs/ASCII-for-ecospace/MOM6-ISIMIP3a/tob/2003-12_tob_MOM6-ISIMIP3a.asc
NCOLS 131 
NROWS 53 
XLLCORNER -98 
YLLCORNER 23.9265270233154 
CELLSIZE 0.133587792515755 
NODATA_value -9999 
[rows 21 to 41 of 53, columns 47 to 93 of 131]
21.485279083252 21.0954627990723 20.7337131500244 20.6779823303223 20.6442108154297 20.3575782775879 20.094762802124 19.9531059265137 19.4120979309082 17.9068126678467 16.5927753448486 15.5412940979004 13.8475227355957 11.628246307373 9.67244052886963 7.84143352508545 6.99139070510864 6.37573289871216 6.13378286361694 5.89694786071777 5.36088800430298 4.87921190261841 4.62513828277588 4.42165946960449 4.32499074935913 4.2525463104248 4.20970916748047 4.17624139785767 4.14959812164307 4.13316011428833 4.12094879150391 4.12253999710083 4.12684440612793 4.1804027557373 4.23862218856812 4.32455492019653 4.483473777771 4.89901351928711 5.31492137908936 5.73151254653931 6.32581949234009 7.11375427246094 7.8880820274353 8.65360546112061 9.58240413665771 10.5698537826538 11.9451541900635
18.1147441864014 17.6400108337402 17.2433528900146 17.0343475341797 16.8341464996338 16.3531112670898 15.8753175735474 15.4140071868896 14.7641677856445 13.6591024398804 12.7416439056396 12.0817432403564 10.9929933547974 9.55337047576904 8.31240940093994 7.16554880142212 6.49123096466064 5.92981958389282 5.70900201797485 5.50054216384888 5.13137722015381 4.7878155708313 4.55140829086304 4.36363887786865 4.27854871749878 4.21713829040527 4.18466949462891 4.15853023529053 4.13700103759766 4.12335729598999 4.11297988891602 4.11061954498291 4.10983562469482 4.12849426269531 4.14942836761475 4.18555784225464 4.25827169418335 4.45961713790894 4.67237186431885 4.90631628036499 5.25730419158936 5.73581600189209 6.21114730834961 6.68442106246948 7.6179986000061 8.7169246673584 10.0342330932617
14.4962787628174 13.9563636779785 13.5410461425781 13.1857929229736 12.8259506225586 12.1762170791626 11.5091819763184 10.7541351318359 10.0381565093994 9.41651153564453 8.95819854736328 8.72411727905273 8.23775672912598 7.54498815536499 6.9933009147644 6.50844049453735 6.03119277954102 5.55576419830322 5.34103012084961 5.14303493499756 4.92800092697144 4.71169757843018 4.49008226394653 4.31492280960083 4.23783302307129 4.18455410003662 4.16037654876709 4.14096879959106 4.12503528594971 4.11434078216553 4.10581541061401 4.10302543640137 4.10136270523071 4.09944295883179 4.09780073165894 4.09895801544189 4.10100317001343 4.10616779327393 4.13062191009521 4.19089889526367 4.29814100265503 4.45655393600464 4.62990856170654 4.81293106079102 5.74499607086182 6.94612884521484 8.2044849395752
10.6292133331299 10.3013334274292 10.0725498199463 9.83367824554443 9.58863067626953 9.20472526550293 8.82104301452637 8.43849849700928 8.07716083526611 7.76702737808228 7.51268625259399 7.33493995666504 7.04863500595093 6.67351007461548 6.30021142959595 5.92777729034424 5.54441928863525 5.15845108032227 5.01050567626953 4.87678813934326 4.71215677261353 4.55526208877563 4.43074464797974 4.31928873062134 4.23540687561035 4.1768479347229 4.14923858642578 4.13080835342407 4.11906480789185 4.1100697517395 4.10221242904663 4.09860754013062 4.09583902359009 4.0948634147644 4.09412527084351 4.09505558013916 4.09634637832642 4.09890604019165 4.11009502410889 4.13731002807617 4.18578481674194 4.25742197036743 4.33704900741577 4.42184543609619 4.88061237335205 5.47371530532837 6.7816367149353
7.30095911026001 7.14670562744141 7.06470584869385 6.91956043243408 6.76851606369019 6.63270282745361 6.50868988037109 6.44470405578613 6.38390636444092 6.33080434799194 6.24806070327759 6.12462186813354 5.99374103546143 5.85677194595337 5.62639617919922 5.35177659988403 5.06701326370239 4.77982616424561 4.69931507110596 4.62978792190552 4.51348161697388 4.41093873977661 4.36599445343018 4.30920457839966 4.22740888595581 4.16921758651733 4.13987588882446 4.1225004196167 4.11384153366089 4.10623407363892 4.0990629196167 4.09486675262451 4.0912561416626 4.09107875823975 4.0910964012146 4.09177398681641 4.09239816665649 4.09283399581909 4.0932354927063 4.09357452392578 4.09413528442383 4.09493780136108 4.09784555435181 4.10211563110352 4.16825819015503 4.25662612915039 5.51316356658936
6.3352427482605 6.18619775772095 6.07669591903687 5.925940990448 5.77773141860962 5.81224346160889 5.84404993057251 5.86209583282471 5.86462163925171 5.82967185974121 5.77657222747803 5.69855403900146 5.52740240097046 5.28005170822144 5.03709411621094 4.79621839523315 4.63068199157715 4.48314619064331 4.47289752960205 4.46717643737793 4.39008617401123 4.31972312927246 4.27751302719116 4.23576164245605 4.19498014450073 4.16192102432251 4.1382999420166 4.12231492996216 4.11189222335815 4.10430908203125 4.09790229797363 4.09409475326538 4.09079837799072 4.09078025817871 4.09090328216553 4.09121704101562 4.09155511856079 4.09197902679443 4.09245777130127 4.09303903579712 4.09327745437622 4.09314298629761 4.093909740448 4.09525966644287 4.12250804901123 4.15905904769897 4.92158365249634
5.51167917251587 5.37389135360718 5.24689340591431 5.12682294845581 5.01638507843018 5.14687633514404 5.26666784286499 5.33202934265137 5.37026929855347 5.34302186965942 5.30015182495117 5.23583459854126 5.05265378952026 4.77222299575806 4.55870866775513 4.37689113616943 4.3042688369751 4.257737159729 4.29174566268921 4.32604074478149 4.28396224975586 4.24294567108154 4.20637035369873 4.17760181427002 4.16531372070312 4.15064096450806 4.13305282592773 4.11962509155273 4.10922718048096 4.1024317741394 4.09712839126587 4.09375047683716 4.09075117111206 4.09074592590332 4.09084367752075 4.0908637046814 4.09097194671631 4.09139060974121 4.09191656112671 4.09264230728149 4.09258556365967 4.09167528152466 4.09101247787476 4.09050989151001 4.0910587310791 4.09198570251465 4.44548320770264
4.99827337265015 4.88493776321411 4.76227617263794 4.75207805633545 4.75564002990723 4.819899559021 4.87966966629028 4.91660213470459 4.93031692504883 4.88796997070312 4.81297159194946 4.69314622879028 4.55955743789673 4.41470670700073 4.32232666015625 4.25479984283447 4.21768188476562 4.18782901763916 4.20935821533203 4.23176240921021 4.21552324295044 4.19766902923584 4.1730580329895 4.15278577804565 4.14167404174805 4.13066959381104 4.11979627609253 4.1114706993103 4.10500049591064 4.10065841674805 4.09719800949097 4.09433937072754 4.09159898757935 4.09128856658936 4.09107732772827 4.09095525741577 4.09095525741577 4.09138441085815 4.09189319610596 4.09254884719849 4.0922532081604 4.09092140197754 4.09038162231445 4.09035396575928 4.09081172943115 4.09144353866577 4.22134160995483
4.63980007171631 4.55687141418457 4.45981073379517 4.50293397903442 4.55895853042603 4.57590007781982 4.59280014038086 4.60949087142944 4.6026029586792 4.53878211975098 4.45087099075317 4.32988691329956 4.24691963195801 4.19505643844604 4.1756420135498 4.17159748077393 4.15806293487549 4.14226055145264 4.15372276306152 4.16625595092773 4.16712045669556 4.16461992263794 4.14803647994995 4.13373613357544 4.12425518035889 4.11615133285522 4.10973072052002 4.10502243041992 4.10156202316284 4.09926843643188 4.0974588394165 4.09512758255005 4.09269380569458 4.09198522567749 4.09137868881226 4.091139793396 4.09105587005615 4.09151744842529 4.09202766418457 4.09262800216675 4.09219741821289 4.09064483642578 4.09011697769165 4.09025239944458 4.09056520462036 4.09094142913818 4.09499931335449
4.47624492645264 4.43121433258057 4.38650846481323 4.41180562973022 4.44287395477295 4.43629217147827 4.43190050125122 4.43864965438843 4.4160943031311 4.3227801322937 4.2461314201355 4.19236278533936 4.16131353378296 4.14885330200195 4.14180469512939 4.13731956481934 4.13237142562866 4.12731266021729 4.13174295425415 4.13694667816162 4.14392566680908 4.14695358276367 4.13344621658325 4.12194108963013 4.11466264724731 4.10849332809448 4.10367870330811 4.10072040557861 4.09911394119263 4.09836101531982 4.09796190261841 4.09616756439209 4.0940990447998 4.09287595748901 4.0917649269104 4.09144115447998 4.09130477905273 4.09182643890381 4.09236192703247 4.09292411804199 4.09248971939087 4.09096813201904 4.09031343460083 4.09021902084351 4.09031915664673 4.09048891067505 4.09169673919678
4.36377000808716 4.33765363693237 4.31823968887329 4.33486652374268 4.3536901473999 4.33221960067749 4.31318330764771 4.3065299987793 4.27739000320435 4.19395589828491 4.13868379592896 4.12207508087158 4.11660146713257 4.12023782730103 4.11926460266113 4.11610841751099 4.11549854278564 4.11549711227417 4.11761617660522 4.12023019790649 4.12792348861694 4.13250112533569 4.12403774261475 4.11632204055786 4.11018562316895 4.10511445999146 4.10134553909302 4.09932851791382 4.09858703613281 4.09826517105103 4.09811782836914 4.09658861160278 4.09478807449341 4.09346008300781 4.09223604202271 4.09185791015625 4.09166240692139 4.09211158752441 4.09258604049683 4.0931077003479 4.09278964996338 4.09155607223511 4.09070873260498 4.09011173248291 4.08997774124146 4.09001016616821 4.09008073806763
4.28960609436035 4.26816463470459 4.25374603271484 4.2685694694519 4.28468227386475 4.25479888916016 4.22610330581665 4.20345163345337 4.17454051971436 4.13051605224609 4.10420608520508 4.10221576690674 4.1025595664978 4.10481309890747 4.10519790649414 4.10469722747803 4.1052393913269 4.10602998733521 4.10937976837158 4.11295890808105 4.11731672286987 4.12045907974243 4.1185154914856 4.11533546447754 4.10954523086548 4.10494565963745 4.10180234909058 4.10011911392212 4.09950017929077 4.09877824783325 4.09801387786865 4.0965461730957 4.09494018554688 4.09381437301636 4.09277057647705 4.092360496521 4.09210252761841 4.09237957000732 4.09272766113281 4.09320688247681 4.09309577941895 4.09234237670898 4.09125375747681 4.0899486541748 4.08956480026245 4.08951139450073 4.08972883224487
4.23922681808472 4.21922969818115 4.20407629013062 4.212646484375 4.22219276428223 4.19253921508789 4.16431665420532 4.14337682723999 4.12263870239258 4.10238790512085 4.09143924713135 4.09326124191284 4.09488868713379 4.09635734558105 4.09708642959595 4.09746551513672 4.09828424453735 4.09920835494995 4.10270166397095 4.10632991790771 4.10935401916504 4.11198043823242 4.11294412612915 4.11217880249023 4.10776376724243 4.10423135757446 4.10177707672119 4.10019874572754 4.09925842285156 4.09811115264893 4.09687852859497 4.09572076797485 4.09457731246948 4.09375953674316 4.09299325942993 4.09260845184326 4.09233379364014 4.092444896698 4.0926685333252 4.09310150146484 4.0931715965271 4.09284639358521 4.09163045883179 4.08983707427979 4.08932971954346 4.08928346633911 4.08951902389526
4.19904136657715 4.17910289764404 4.16075992584229 4.16117000579834 4.16249752044678 4.13677740097046 4.11337089538574 4.10173320770264 4.09257221221924 4.0893931388855 4.08797693252563 4.08898067474365 4.08994913101196 4.09088802337646 4.09152746200562 4.09202527999878 4.09274578094482 4.09351968765259 4.09669065475464 4.09997606277466 4.1025242805481 4.10502910614014 4.10735130310059 4.10809230804443 4.10549354553223 4.1032829284668 4.10154581069946 4.09997367858887 4.09852170944214 4.0969386100769 4.09530210494995 4.09455966949463 4.09399318695068 4.09352970123291 4.09308195114136 4.09274768829346 4.09247589111328 4.09242343902588 4.0925235748291 4.09290838241577 4.09314823150635 4.09323024749756 4.09193468093872 4.08974742889404 4.08917045593262 4.08917188644409 4.0893702507019
4.16936159133911 4.15201377868652 4.13345527648926 4.13060331344604 4.12878465652466 4.11145401000977 4.09603357315063 4.09032869338989 4.08629083633423 4.08627605438232 4.0865216255188 4.08712291717529 4.08787679672241 4.08875513076782 4.08966732025146 4.09059619903564 4.09132623672485 4.09200954437256 4.09402370452881 4.09608602523804 4.09751510620117 4.09903860092163 4.10095548629761 4.10183715820312 4.1005334854126 4.09931135177612 4.09819030761719 4.09706974029541 4.09595012664795 4.0948805809021 4.09383201599121 4.09309148788452 4.09241104125977 4.0921106338501 4.09186601638794 4.09202337265015 4.09216165542603 4.09223175048828 4.09238910675049 4.09270811080933 4.09264707565308 4.09217262268066 4.09107637405396 4.08957719802856 4.08919858932495 4.0892219543457 4.08934783935547
4.14185571670532 4.1276216506958 4.10946369171143 4.10436344146729 4.10044765472412 4.09242820739746 4.08564949035645 4.08518123626709 4.08492994308472 4.08520317077637 4.0854811668396 4.08576679229736 4.08639812469482 4.0873122215271 4.08857250213623 4.08999681472778 4.09075927734375 4.09136390686035 4.09204864501953 4.09270572662354 4.09288311004639 4.0932469367981 4.09439325332642 4.09513378143311 4.09501647949219 4.09471464157104 4.09418821334839 4.09361171722412 4.09299850463867 4.09263896942139 4.09238433837891 4.09155941009521 4.09062242507935 4.09044599533081 4.09038019180298 4.09112024307251 4.09175252914429 4.09200525283813 4.09225702285767 4.09250640869141 4.09204769134521 4.09081697463989 4.0899772644043 4.08939027786255 4.08926486968994 4.08930635452271 4.08935117721558
4.11576318740845 4.10714530944824 4.09620523452759 4.09316873550415 4.09089422225952 4.08733892440796 4.08431959152222 4.08402681350708 4.08381128311157 4.08378171920776 4.08398580551147 4.08451080322266 4.08523035049438 4.08610916137695 4.0873122215271 4.08866882324219 4.08947992324829 4.09016132354736 4.09046411514282 4.09071922302246 4.09065675735474 4.09071159362793 4.09125947952271 4.0916051864624 4.09152412414551 4.09140396118164 4.09123659133911 4.09101915359497 4.09076499938965 4.09054660797119 4.0903434753418 4.08977365493774 4.08913230895996 4.08904933929443 4.08903408050537 4.08947563171387 4.08986234664917 4.09005737304688 4.09024238586426 4.09040975570679 4.09040927886963 4.09022521972656 4.08976078033447 4.08911418914795 4.08899450302124 4.08906412124634 4.08914041519165
4.09154081344604 4.08830690383911 4.08443307876587 4.08350229263306 4.0829062461853 4.08322668075562 4.08343935012817 4.08310556411743 4.08277463912964 4.08245134353638 4.08257341384888 4.08330774307251 4.08408975601196 4.08491086959839 4.08601474761963 4.08725261688232 4.08810710906982 4.08886957168579 4.08887386322021 4.08881425857544 4.08858871459961 4.08840894699097 4.08842039108276 4.08839702606201 4.0883002281189 4.08831644058228 4.08847045898438 4.08857917785645 4.08865451812744 4.08855247497559 4.08837699890137 4.08806324005127 4.08772230148315 4.08771562576294 4.08773612976074 4.08790493011475 4.08806371688843 4.08818483352661 4.08829021453857 4.08836507797241 4.08879566192627 4.08961296081543 4.08951187133789 4.08881664276123 4.08870983123779 4.08881425857544 4.08892726898193
4.08659601211548 4.08507061004639 4.08339405059814 4.08294773101807 4.08264684677124 4.0828857421875 4.0830397605896 4.08276176452637 4.08249473571777 4.0822548866272 4.08226537704468 4.08261871337891 4.0830864906311 4.08364820480347 4.08440256118774 4.08524799346924 4.0860743522644 4.08689594268799 4.08703279495239 4.08711385726929 4.08705949783325 4.08702659606934 4.08708524703979 4.08708906173706 4.08697652816772 4.08699703216553 4.08718109130859 4.08735275268555 4.08751583099365 4.08753395080566 4.08749198913574 4.08727598190308 4.08702564239502 4.08692121505737 4.08688640594482 4.0874810218811 4.08794450759888 4.08794403076172 4.08790159225464 4.08778095245361 4.0879430770874 4.08841276168823 4.08849763870239 4.08833265304565 4.08843564987183 4.0886344909668 4.08879709243774
4.08269166946411 4.08249378204346 4.08248043060303 4.08245801925659 4.08244132995605 4.08260107040405 4.08268785476685 4.08240270614624 4.08215522766113 4.08199977874756 4.0819411277771 4.08201599121094 4.08222150802612 4.08253383636475 4.08296155929565 4.0834436416626 4.08417081832886 4.08495664596558 4.08520078659058 4.08540010452271 4.08548307418823 4.08557033538818 4.08567714691162 4.08571434020996 4.08560466766357 4.08562850952148 4.08581495285034 4.08603763580322 4.08628749847412 4.0864429473877 4.0865592956543 4.0864691734314 4.08633804321289 4.08621978759766 4.0862021446228 4.0871639251709 4.08789157867432 4.0877947807312 4.08763647079468 4.08736371994019 4.08730554580688 4.0874810218811 4.08769798278809 4.08794212341309 4.08820915222168 4.08848428726196 4.08868503570557
4.08260107040405 4.08233451843262 4.08202505111694 4.0822057723999 4.08243179321289 4.08252239227295 4.08251190185547 4.08198833465576 4.08159732818604 4.08152675628662 4.08155822753906 4.08172988891602 4.081862449646 4.08196353912354 4.08214855194092 4.08237361907959 4.08274221420288 4.08314514160156 4.0834002494812 4.08363580703735 4.08373260498047 4.08384132385254 4.08400011062622 4.08409547805786 4.08405828475952 4.08407735824585 4.08416557312012 4.08439588546753 4.08472919464111 4.08508539199829 4.08545064926147 4.08558893203735 4.08568239212036 4.08586025238037 4.08612775802612 4.08723831176758 4.08808135986328 4.08798265457153 4.08782529830933 4.08756065368652 4.08745765686035 4.08753156661987 4.08768701553345 4.08789539337158 4.08815860748291 4.08844137191772 4.08864068984985
