Ecospace-environmental-drivers/Outputs/ASCII-for-ecospace/MOM6-ISIMIP3a/tob/2003-06_tob_MOM6-ISIMIP3a.asc
NCOLS 131 
NROWS 53 
XLLCORNER -98 
YLLCORNER 23.9265270233154 
CELLSIZE 0.133587792515755 
NODATA_value -9999 
[rows 0 to 20 of 53, columns 47 to 93 of 131]
-9999 -9999 -9999 -9999 -9999 -9999 -9999 -9999 -9999 -9999 -9999 -9999 -9999 -9999 -9999 -9999 -9999 -9999 -9999 -9999 -9999 -9999 -9999 -9999 -9999 -9999 -9999 -9999 -9999 -9999 -9999 -9999 -9999 -9999 -9999 -9999 -9999 -9999 -9999 -9999 -9999 -9999 -9999 -9999 -9999 -9999 -9999
-9999 -9999 -9999 -9999 -9999 -9999 -9999 -9999 -9999 -9999 -9999 -9999 -9999 -9999 -9999 -9999 -9999 -9999 -9999 -9999 -9999 -9999 -9999 -9999 -9999 -9999 -9999 -9999 -9999 -9999 -9999 -9999 -9999 -9999 -9999 -9999 -9999 -9999 -9999 -9999 -9999 -9999 -9999 -9999 -9999 -9999 -9999
-9999 -9999 -9999 -9999 -9999 -9999 -9999 -9999 -9999 -9999 -9999 -9999 -9999 -9999 -9999 -9999 -9999 -9999 -9999 -9999 -9999 -9999 -9999 -9999 -9999 -9999 -9999 24.9423313140869 25.1471672058105 -9999 -9999 -9999 -9999 -9999 -9999 -9999 -9999 -9999 -9999 -9999 -9999 -9999 -9999 -9999 -9999 -9999 -9999
-9999 -9999 -9999 -9999 -9999 -9999 -9999 -9999 -9999 -9999 -9999 -9999 -9999 -9999 -9999 -9999 -9999 -9999 -9999 -9999 -9999 -9999 -9999 -9999 -9999 -9999 -9999 24.9627418518066 25.1981735229492 -9999 -9999 -9999 -9999 -9999 -9999 -9999 -9999 -9999 -9999 -9999 -9999 -9999 -9999 -9999 -9999 -9999 -9999
-9999 -9999 -9999 -9999 -9999 -9999 -9999 -9999 -9999 -9999 -9999 -9999 -9999 -9999 -9999 -9999 -9999 -9999 27.0868740081787 26.9328708648682 26.8096675872803 26.0909957885742 25.509069442749 24.6338977813721 24.2643623352051 24.3617477416992 24.6348533630371 25.0016384124756 25.2517375946045 25.3411445617676 -9999 -9999 24.6468276977539 23.9614028930664 23.094913482666 22.3595504760742 22.002628326416 22.0132026672363 22.4200267791748 23.0248260498047 23.8253993988037 24.6900272369385 -9999 -9999 -9999 -9999 -9999
-9999 -9999 -9999 -9999 -9999 -9999 -9999 -9999 -9999 -9999 -9999 -9999 -9999 -9999 28.934362411499 -9999 28.9122791290283 28.8907432556152 27.9744930267334 27.0868740081787 26.9020690917969 26.8096675872803 25.3723239898682 24.3452167510986 24.184154510498 24.2637157440186 24.6373710632324 25.0034713745117 25.3640727996826 25.3876667022705 25.2716941833496 25.0872650146484 24.8893775939941 23.9638423919678 23.0309906005859 22.2899074554443 21.757755279541 21.9602222442627 22.3216323852539 22.9782238006592 23.7746238708496 24.7233505249023 25.5721073150635 26.3561782836914 -9999 -9999 -9999
-9999 -9999 -9999 -9999 -9999 -9999 -9999 -9999 -9999 -9999 28.3594493865967 28.3696022033691 28.375020980835 28.3848133087158 28.6581687927246 28.9329833984375 28.9357414245605 28.9103527069092 28.8907432556152 27.9458599090576 27.0868740081787 26.8096675872803 25.3723239898682 24.3452167510986 24.184154510498 24.2637157440186 24.6373710632324 25.0034713745117 25.3640727996826 25.3876667022705 25.2716941833496 25.0872650146484 24.8893775939941 23.9638423919678 23.0309906005859 22.2899074554443 21.757755279541 21.9602222442627 22.3216323852539 22.9782238006592 23.7746238708496 24.7233505249023 25.5721073150635 26.3561782836914 26.5633945465088 26.1412315368652 -9999
-9999 -9999 -9999 -9999 -9999 -9999 -9999 -9999 -9999 -9999 28.3050117492676 28.3594493865967 28.3797569274902 -9999 28.3888244628906 28.6474304199219 28.9302272796631 28.9357414245605 28.9045753479004 28.8907432556152 27.8599605560303 26.6831207275391 24.8950157165527 23.5629253387451 23.1935253143311 23.1217460632324 23.4137229919434 23.7290134429932 24.0612869262695 24.1077308654785 24.0358028411865 23.6840229034424 23.2772312164307 22.3507785797119 21.4462699890137 20.9441318511963 20.6033477783203 20.829891204834 21.2253093719482 21.9343509674072 22.7605304718018 23.7143383026123 24.4836654663086 25.1336269378662 25.677360534668 26.1829376220703 26.8790550231934
-9999 -9999 -9999 -9999 -9999 -9999 -9999 -9999 -9999 -9999 -9999 -9999 -9999 -9999 28.398063659668 28.3683471679688 28.6047744750977 28.9247131347656 28.9357414245605 28.8872413635254 27.8216152191162 26.5428733825684 24.3722286224365 22.708703994751 22.1157455444336 21.8802967071533 22.0817966461182 22.3396492004395 22.6385478973389 22.7065544128418 22.6789379119873 22.138542175293 21.4973449707031 20.5572052001953 19.6724853515625 19.4372882843018 19.3122577667236 19.5745811462402 20.0138301849365 20.7816562652588 21.6423244476318 22.6041488647461 23.2938690185547 23.8075275421143 24.8446598052979 26.0698337554932 27.1202430725098
29.4144821166992 -9999 -9999 -9999 -9999 -9999 -9999 -9999 -9999 -9999 28.5553970336914 28.2492122650146 -9999 -9999 -9999 28.3940658569336 28.2702980041504 28.4990539550781 28.9136848449707 28.841157913208 27.7448921203613 26.4148616790771 24.1065120697021 22.364372253418 21.8175411224365 21.5709915161133 21.6914463043213 21.8584880828857 22.0594596862793 22.0188426971436 21.878173828125 21.0583324432373 20.1049842834473 18.7204036712646 17.4574203491211 17.5383167266846 17.735279083252 18.3403434753418 19.0289573669434 19.8727321624756 20.8154850006104 21.8660774230957 22.7702827453613 23.5797672271729 24.5413112640381 25.5574779510498 26.8292465209961
29.4161586761475 29.4164066314697 -9999 -9999 -9999 -9999 -9999 -9999 -9999 -9999 28.6509571075439 28.2423992156982 28.2492122650146 -9999 -9999 28.5219039916992 28.3008422851562 27.9881477355957 28.3568515777588 28.6643562316895 27.3997955322266 25.9373874664307 23.6469573974609 21.9389190673828 21.4603481292725 21.2095851898193 21.2372455596924 21.2847709655762 21.3467674255371 21.1273288726807 20.7913398742676 19.6110610961914 18.2648162841797 16.5919208526611 15.0952520370483 15.4382963180542 15.923394203186 16.9079647064209 17.8840942382812 18.8445472717285 19.8968238830566 21.0491485595703 22.1703281402588 23.2713584899902 24.183162689209 25.0269966125488 26.3990535736084
29.4161586761475 29.4169025421143 29.540641784668 29.6676540374756 -9999 -9999 -9999 -9999 -9999 -9999 -9999 28.1519432067871 27.9121761322021 28.2492122650146 28.3594493865967 28.5219039916992 28.3008422851562 27.9881477355957 27.9470157623291 27.7864036560059 25.6152019500732 23.5854549407959 22.1476936340332 21.07834815979 20.7867546081543 20.5687103271484 20.4405536651611 20.2146148681641 19.9174518585205 19.1426677703857 18.1700859069824 16.1949348449707 14.0227012634277 12.8989181518555 11.9440412521362 12.2598867416382 12.8515129089355 14.4127950668335 15.881085395813 17.1766777038574 18.4856586456299 19.8092269897461 21.1607532501221 22.5303707122803 23.5310840606689 24.3992805480957 25.2222423553467
29.3817253112793 29.4789028167725 29.5964984893799 29.6702671051025 -9999 -9999 -9999 -9999 29.4868965148926 29.2062549591064 28.7408294677734 28.0217170715332 27.6932830810547 27.6844940185547 27.8290748596191 28.0463008880615 27.9232044219971 27.7187900543213 27.4517688751221 27.0070266723633 24.0382232666016 21.4819755554199 20.6523132324219 19.9378108978271 19.4664211273193 18.9761219024658 18.4627170562744 17.8517379760742 17.1696891784668 16.0442008972168 14.7350702285767 12.582950592041 10.2651205062866 9.75475025177002 9.39047050476074 9.79943656921387 10.5338115692139 12.4123411178589 14.1617851257324 15.671501159668 17.1199607849121 18.5016765594482 19.9715919494629 21.4985771179199 22.5400142669678 23.4070339202881 24.0238056182861
29.2612056732178 29.4184951782227 29.591365814209 29.6702671051025 29.736198425293 29.7117118835449 29.6805229187012 29.6152458190918 29.4868965148926 29.2062549591064 28.7408294677734 28.0217170715332 27.1094818115234 26.0392398834229 25.9727306365967 26.3816680908203 26.601448059082 26.776029586792 26.7429828643799 26.474100112915 22.9802875518799 19.9996433258057 19.1666469573975 18.0973491668701 16.5291996002197 15.004204750061 13.5319519042969 12.2569952011108 11.1257467269897 10.1611652374268 9.26560592651367 8.48131656646729 7.71889925003052 7.98269748687744 8.33103084564209 9.13391876220703 10.1016006469727 11.6487054824829 13.1517744064331 14.5730628967285 15.8679265975952 17.0250453948975 18.3334522247314 19.7397518157959 20.7014541625977 21.5034503936768 22.7713031768799
28.5906925201416 28.9219741821289 29.2639770507812 29.4130420684814 29.5365924835205 29.5044689178467 29.462833404541 29.3728008270264 29.1850452423096 28.7613258361816 28.1135292053223 27.1581077575684 25.8770427703857 24.3295459747314 24.055814743042 24.3854370117188 24.6976356506348 25.0056705474854 24.74045753479 24.2286701202393 20.7012557983398 17.6455039978027 16.5637054443359 15.1769142150879 13.1462564468384 11.2350282669067 9.46976757049561 8.06050586700439 6.91054821014404 6.20410537719727 5.68133687973022 5.75282669067383 5.94113349914551 6.77581167221069 7.64968824386597 8.67264461517334 9.7611665725708 11.0802240371704 12.3965520858765 13.7078132629395 14.8788833618164 15.8972120285034 17.052453994751 18.2962837219238 19.2484893798828 20.0959415435791 21.5959148406982
27.1425914764404 27.8088722229004 28.4809741973877 28.7921485900879 29.0547790527344 29.004222869873 28.9373664855957 28.7875862121582 28.4564342498779 27.6873455047607 26.5993423461914 25.0735092163086 23.7275466918945 22.5287456512451 22.0532569885254 21.9203872680664 21.9709053039551 22.0652389526367 20.908821105957 19.5620784759521 16.6958141326904 14.0587882995605 12.3811464309692 10.7295999526978 9.13314247131348 7.75249052047729 6.63559675216675 5.84089040756226 5.28086042404175 4.97002363204956 4.7623872756958 4.96571254730225 5.24982309341431 6.36796855926514 7.50290393829346 8.50013256072998 9.5504903793335 10.7876539230347 12.0015525817871 13.1722478866577 14.261661529541 15.2625141143799 16.2763824462891 17.2986736297607 18.3406925201416 19.3897972106934 20.5295524597168
25.4995994567871 26.2268371582031 26.9638347625732 27.4432010650635 27.878942489624 27.8488502502441 27.7903347015381 27.5872383117676 27.1949195861816 26.3457012176514 25.1799468994141 23.5796318054199 22.0785064697266 20.6585388183594 19.8991527557373 19.4526710510254 19.359561920166 19.350887298584 17.5587520599365 15.6086177825928 13.1421346664429 10.8380308151245 9.21349334716797 7.74437808990479 6.60337162017822 5.69280958175659 5.06389856338501 4.66826438903809 4.44254589080811 4.34326314926147 4.29634189605713 4.56490182876587 4.89547777175903 6.09259176254272 7.29494428634644 8.23499488830566 9.21446418762207 10.3325309753418 11.4301061630249 12.4896297454834 13.5188236236572 14.5149736404419 15.4962158203125 16.4678134918213 17.5484638214111 18.668285369873 19.6022834777832
23.6924877166748 24.249906539917 24.8284645080566 25.481143951416 26.1186561584473 26.1417808532715 26.1198711395264 25.8688774108887 25.4846363067627 24.7786521911621 23.8403797149658 22.5832061767578 20.8509101867676 18.7298831939697 17.6174278259277 16.9827098846436 16.8453922271729 16.8269214630127 14.6142158508301 12.2556962966919 9.96889209747314 7.92545127868652 6.90051126480103 5.99041223526001 5.32275152206421 4.83134365081787 4.55535221099854 4.37732791900635 4.27066230773926 4.22793865203857 4.21169567108154 4.48940515518188 4.82489776611328 5.92876720428467 7.03546810150146 7.89185619354248 8.7728796005249 9.74051856994629 10.7100706100464 11.6831741333008 12.6702032089233 13.6724042892456 14.7125997543335 15.7773790359497 16.8535575866699 17.9338340759277 18.7921504974365
22.6680812835693 23.0195083618164 23.3850154876709 23.8959827423096 24.4059925079346 24.4881477355957 24.5259952545166 24.3384494781494 24.0522212982178 23.5277118682861 22.8266429901123 21.8831806182861 19.8621253967285 16.9594173431396 15.1032724380493 13.742862701416 13.4845132827759 13.4894828796387 11.733057975769 9.85905933380127 8.03502464294434 6.42605018615723 5.717125415802 5.1171178817749 4.7470440864563 4.47978639602661 4.33819103240967 4.24957132339478 4.19953727722168 4.17944574356079 4.17175388336182 4.3821907043457 4.63550615310669 5.48690891265869 6.3445725440979 7.04702758789062 7.80914354324341 8.78102970123291 9.70714664459229 10.5482664108276 11.4384937286377 12.3822240829468 13.4094924926758 14.4908123016357 15.5695943832397 16.6474628448486 17.6767101287842
22.0267066955566 22.1544437408447 22.2801704406738 22.4952602386475 22.7166328430176 22.8606662750244 22.9695987701416 22.8999900817871 22.755786895752 22.4314651489258 21.9723567962646 21.3282012939453 18.9902076721191 15.2663640975952 12.4753751754761 10.1262588500977 9.70928001403809 9.75395393371582 8.88291358947754 7.93039989471436 6.70767068862915 5.61821603775024 5.08652973175049 4.67479801177979 4.51629972457886 4.37776374816895 4.26362609863281 4.20166969299316 4.17772102355957 4.16365814208984 4.15368938446045 4.25945472717285 4.38797092437744 4.90898895263672 5.44255352020264 5.95668649673462 6.58988237380981 7.64170742034912 8.56578540802002 9.25262451171875 10.0193119049072 10.8729963302612 11.8521614074707 12.9125185012817 13.9973621368408 15.0910024642944 16.4118595123291
21.6911525726318 21.7220764160156 21.7539157867432 21.868579864502 21.9802646636963 21.7826404571533 21.6017570495605 21.506046295166 21.1587104797363 20.2038078308105 19.347448348999 18.6263790130615 16.5897350311279 13.4767227172852 10.9771127700806 8.76805877685547 8.1496696472168 7.91134357452393 7.40346908569336 6.85319519042969 5.95532751083374 5.15925550460815 4.78921031951904 4.5054349899292 4.40378189086914 4.31140947341919 4.2303786277771 4.1835618019104 4.16166591644287 4.14830780029297 4.13848543167114 4.18570280075073 4.24413299560547 4.5181450843811 4.80235862731934 5.10823392868042 5.52036333084106 6.30608654022217 7.00356101989746 7.53714895248413 8.24040603637695 9.12852478027344 10.0199537277222 10.9135236740112 11.9141206741333 12.953161239624 14.3139152526855
