Ecospace-environmental-drivers/Outputs/ASCII-for-ecospace/MOM6-ISIMIP3a/tob/2004-03_tob_MOM6-ISIMIP3a.asc
NCOLS 131 
NROWS 53 
XLLCORNER -98 
YLLCORNER 23.9265270233154 
CELLSIZE 0.133587792515755 
NODATA_value -9999 
[rows 21 to 41 of 53, columns 47 to 93 of 131]
20.8955383300781 20.8274917602539 20.7570247650146 20.7675743103027 20.7737770080566 20.4387340545654 20.1166076660156 19.8601913452148 19.2072849273682 17.5970134735107 16.2898731231689 15.3988914489746 13.8668394088745 11.8102798461914 9.85165405273438 7.93941593170166 7.11471319198608 6.54985952377319 6.32951688766479 6.10409021377563 5.4601845741272 4.88842391967773 4.61859655380249 4.40596961975098 4.31409740447998 4.24468612670898 4.20272636413574 4.16808938980103 4.13878679275513 4.12610054016113 4.12029552459717 4.12286520004272 4.12708139419556 4.1802077293396 4.239013671875 4.33560752868652 4.50137233734131 4.91034650802612 5.33125162124634 5.77431488037109 6.38779354095459 7.18694496154785 7.96063280105591 8.71784496307373 9.69503974914551 10.7512550354004 12.11962890625
17.8857479095459 17.5872287750244 17.3361873626709 17.1397857666016 16.9378719329834 16.4362316131592 15.9534473419189 15.5665760040283 14.9205169677734 13.6486253738403 12.6621561050415 12.0675325393677 11.0974311828613 9.82012557983398 8.55056190490723 7.28466558456421 6.62438821792603 6.10881328582764 5.87692260742188 5.6488823890686 5.19322824478149 4.77956199645996 4.54161930084229 4.35378742218018 4.27174282073975 4.2120885848999 4.17979907989502 4.15261459350586 4.12914752960205 4.11841773986816 4.11296272277832 4.11087083816528 4.10943984985352 4.12741994857788 4.14827966690063 4.19024276733398 4.26628160476685 4.4621319770813 4.67636442184448 4.92473602294922 5.28393983840942 5.76389980316162 6.23740434646606 6.70673179626465 7.69478225708008 8.86916637420654 10.1760339736938
14.5982427597046 14.0796957015991 13.6580801010132 13.2601499557495 12.855975151062 12.2177228927612 11.603627204895 11.1124114990234 10.5198202133179 9.68244552612305 9.08917903900146 8.83104038238525 8.41582870483398 7.87210273742676 7.27636003494263 6.65597820281982 6.17561817169189 5.72871398925781 5.47433662414551 5.23084831237793 4.95333433151245 4.68881368637085 4.4786696434021 4.3115291595459 4.2351713180542 4.1820650100708 4.15737628936768 4.13718461990356 4.12026834487915 4.11151266098022 4.10613679885864 4.10296010971069 4.10021591186523 4.09882164001465 4.09777116775513 4.09959268569946 4.10186338424683 4.10571241378784 4.13019180297852 4.19298601150513 4.29681777954102 4.44536209106445 4.61348533630371 4.79427814483643 5.77384471893311 7.04034376144409 8.29284000396729
10.8238849639893 10.5002613067627 10.2516031265259 9.96030139923096 9.66172218322754 9.284499168396 8.92917156219482 8.68521785736084 8.39273357391357 7.98306894302368 7.68568468093872 7.54244661331177 7.29485273361206 6.96187782287598 6.55254983901978 6.10705614089966 5.66790008544922 5.23025846481323 5.06962442398071 4.92463350296021 4.73034048080444 4.55016899108887 4.42909574508667 4.31964874267578 4.23474550247192 4.17490911483765 4.14570903778076 4.12650442123413 4.11457967758179 4.1073145866394 4.10197830200195 4.0983943939209 4.09515476226807 4.09467458724976 4.09444046020508 4.09561491012573 4.09695339202881 4.09886646270752 4.11003065109253 4.13837432861328 4.18529987335205 4.25247097015381 4.32984399795532 4.413818359375 4.89658164978027 5.52259683609009 6.87186622619629
7.55342531204224 7.38877201080322 7.27840232849121 7.07773685455322 6.87062501907349 6.73901033401489 6.62413740158081 6.59442806243896 6.5563325881958 6.4979887008667 6.44489479064941 6.39900922775269 6.27696514129639 6.09260940551758 5.83276081085205 5.53715324401855 5.16432571411133 4.77304792404175 4.70090436935425 4.64622068405151 4.52655458450317 4.42059230804443 4.37198162078857 4.31166934967041 4.22665357589722 4.16577625274658 4.13440084457397 4.11683225631714 4.10931921005249 4.1035008430481 4.09838390350342 4.09455680847168 4.09098339080811 4.09124183654785 4.09166049957275 4.09225749969482 4.09280061721802 4.09315299987793 4.09350538253784 4.0938572883606 4.09439897537231 4.09514760971069 4.09819936752319 4.10274171829224 4.17323875427246 4.26742792129517 5.59939193725586
6.49241733551025 6.32908725738525 6.20499277114868 6.02484607696533 5.84725666046143 5.89362478256226 5.93890857696533 5.97867679595947 5.99450778961182 5.95253896713257 5.91752052307129 5.8920431137085 5.71108818054199 5.40292596817017 5.13060283660889 4.8752555847168 4.67892026901245 4.49668502807617 4.49000024795532 4.48971128463745 4.4069881439209 4.33077573776245 4.28180885314941 4.23310327529907 4.18494892120361 4.1479754447937 4.12466764450073 4.11157941818237 4.10593509674072 4.10137414932251 4.09726238250732 4.09391355514526 4.09071397781372 4.09094333648682 4.09129619598389 4.09162092208862 4.09196949005127 4.09240245819092 4.0929217338562 4.09360218048096 4.09389972686768 4.09378051757812 4.09454870223999 4.09589052200317 4.12479114532471 4.1635913848877 4.97805070877075
5.58616495132446 5.43465280532837 5.30460643768311 5.17444229125977 5.05414533615112 5.2005763053894 5.33719253540039 5.42388296127319 5.4728798866272 5.43086194992065 5.39092063903809 5.35382986068726 5.1510214805603 4.81262683868408 4.57425165176392 4.38325309753418 4.31702089309692 4.28059959411621 4.31540536880493 4.34947109222412 4.30154752731323 4.25415897369385 4.20901203155518 4.17168092727661 4.15084981918335 4.13229084014893 4.11650800704956 4.10741519927979 4.10319519042969 4.09974431991577 4.09661102294922 4.09368848800659 4.09080696105957 4.09091234207153 4.09111642837524 4.09120893478394 4.09138822555542 4.09187364578247 4.09250545501709 4.09341049194336 4.09345579147339 4.09256410598755 4.09178161621094 4.09106922149658 4.09140586853027 4.09211921691895 4.47533464431763
5.0175666809082 4.90076971054077 4.78173065185547 4.76583576202393 4.76342105865479 4.83990430831909 4.91768836975098 5.00208806991577 5.03895616531372 4.96105289459229 4.86601114273071 4.74744176864624 4.60363101959229 4.43916940689087 4.33602952957153 4.2619366645813 4.22459363937378 4.19603157043457 4.22003412246704 4.24472808837891 4.22692537307739 4.20634269714355 4.17412567138672 4.14766216278076 4.1333441734314 4.1212215423584 4.11178207397461 4.10562610626221 4.10186290740967 4.09919738769531 4.09698629379272 4.09437704086304 4.09168910980225 4.09146547317505 4.0913405418396 4.09128761291504 4.09135150909424 4.09182739257812 4.09245347976685 4.09335803985596 4.09313249588013 4.09167623519897 4.0909423828125 4.09067583084106 4.09088325500488 4.09126091003418 4.23144006729126
4.6310076713562 4.54843616485596 4.45686531066895 4.4970850944519 4.54985046386719 4.5771164894104 4.61118841171265 4.67988061904907 4.69740009307861 4.59135961532593 4.47531461715698 4.34553575515747 4.2589430809021 4.20768451690674 4.18564796447754 4.17745351791382 4.16083860397339 4.14221239089966 4.1563925743103 4.17192220687866 4.17429256439209 4.17202758789062 4.15036344528198 4.13225555419922 4.12165451049805 4.11337566375732 4.10793399810791 4.10387706756592 4.10082864761353 4.09895801544189 4.09757518768311 4.09518384933472 4.09259462356567 4.09192657470703 4.09137916564941 4.09130811691284 4.0913724899292 4.09191226959229 4.09256172180176 4.09341382980347 4.09304332733154 4.09134149551392 4.09056520462036 4.09038782119751 4.09044504165649 4.09058713912964 4.0942268371582
4.47346878051758 4.4245080947876 4.38111400604248 4.40428447723389 4.43334531784058 4.43747520446777 4.44685840606689 4.48296117782593 4.47205066680908 4.34762048721313 4.25346899032593 4.20088577270508 4.16927099227905 4.15481328964233 4.14577722549438 4.13930940628052 4.13315582275391 4.12707757949829 4.13266944885254 4.13929653167725 4.14932346343994 4.15469694137573 4.14059591293335 4.12768363952637 4.11728143692017 4.10958337783813 4.10519075393677 4.10217761993408 4.10016965866089 4.0991063117981 4.09843397140503 4.09614038467407 4.09352874755859 4.09227228164673 4.09118461608887 4.0912561416626 4.09146595001221 4.09216213226318 4.09287166595459 4.09360504150391 4.09324789047241 4.09170246124268 4.09076881408691 4.09023094177246 4.09011268615723 4.09014511108398 4.09122705459595
4.36303997039795 4.33400535583496 4.31577634811401 4.33028554916382 4.34723949432373 4.33973789215088 4.33478736877441 4.34281206130981 4.31643533706665 4.20699214935303 4.13820314407349 4.12522745132446 4.12017631530762 4.12160873413086 4.11933660507202 4.11531019210815 4.11461782455444 4.11472177505493 4.11750507354736 4.1209979057312 4.13213300704956 4.1395902633667 4.13165378570557 4.12329959869385 4.11406421661377 4.10730075836182 4.1035590171814 4.10117101669312 4.09976816177368 4.09885168075562 4.09813690185547 4.09588670730591 4.09333515167236 4.09199094772339 4.09083890914917 4.09112596511841 4.09152460098267 4.09231662750244 4.09305000305176 4.09367322921753 4.09346628189087 4.09235382080078 4.09121465682983 4.09005784988403 4.08975028991699 4.0897479057312 4.0898289680481
4.28794479370117 4.26857280731201 4.25824928283691 4.27038717269897 4.28393411636353 4.27342891693115 4.26191091537476 4.24524116516113 4.21312141418457 4.1436972618103 4.1028733253479 4.10131454467773 4.10151481628418 4.10315465927124 4.10296964645386 4.10191965103149 4.10293817520142 4.10445070266724 4.10876035690308 4.11344432830811 4.12077713012695 4.12615156173706 4.12333059310913 4.11905670166016 4.11171388626099 4.10615015029907 4.10276079177856 4.10068273544312 4.09956026077271 4.09829568862915 4.09697294235229 4.09472513198853 4.09229516983032 4.0912389755249 4.09037923812866 4.09093618392944 4.09155654907227 4.09240007400513 4.09312963485718 4.09364891052246 4.09369421005249 4.09322309494019 4.09184169769287 4.08987188339233 4.08936548233032 4.08938503265381 4.08963203430176
4.23525142669678 4.21946382522583 4.20975780487061 4.21676588058472 4.22461795806885 4.20907974243164 4.19264507293701 4.17164945602417 4.14623737335205 4.11016035079956 4.08996534347534 4.09157514572144 4.09298753738403 4.09423828125 4.0946307182312 4.09461641311646 4.09570550918579 4.09705781936646 4.10119962692261 4.10558319091797 4.11069774627686 4.11480617523193 4.11470127105713 4.11310958862305 4.1083779335022 4.10444974899292 4.10150241851807 4.09950637817383 4.09820365905762 4.09672737121582 4.09517908096313 4.0935378074646 4.09187793731689 4.09119749069214 4.09066104888916 4.09117698669434 4.09173679351807 4.09245109558105 4.09307146072388 4.09351873397827 4.09366703033447 4.09348964691162 4.09199476242065 4.08964776992798 4.08910799026489 4.08921766281128 4.08950328826904
4.19215869903564 4.17735052108765 4.16513967514038 4.16583395004272 4.16701173782349 4.14557075500488 4.12492656707764 4.10833501815796 4.09496593475342 4.08937692642212 4.08666706085205 4.08791065216064 4.0888032913208 4.08940887451172 4.08973264694214 4.0899224281311 4.09037828445435 4.09089851379395 4.09414577484131 4.09758949279785 4.10116624832153 4.10435771942139 4.10594034194946 4.10643196105957 4.1046199798584 4.10251331329346 4.10004615783691 4.09803485870361 4.09635543823242 4.09472513198853 4.09311580657959 4.09233951568604 4.09172773361206 4.09146022796631 4.09126091003418 4.09160184860229 4.09197950363159 4.09248828887939 4.09295463562012 4.09334278106689 4.09352970123291 4.09349727630615 4.09194421768188 4.08940744400024 4.0889048576355 4.08913373947144 4.08940410614014
4.17106151580811 4.15471363067627 4.13699436187744 4.13407850265503 4.1321325302124 4.11547470092773 4.10011196136475 4.09133911132812 4.08512258529663 4.08507871627808 4.08536291122437 4.08609819412231 4.08681154251099 4.0875072479248 4.08808469772339 4.08860635757446 4.08907890319824 4.08954000473022 4.0916314125061 4.09383821487427 4.09610176086426 4.0983510017395 4.10054063796997 4.10180568695068 4.10111904144287 4.0999698638916 4.09825611114502 4.09663534164429 4.09508323669434 4.09385061264038 4.09275102615356 4.09239959716797 4.09219551086426 4.09185409545898 4.09154319763184 4.09158372879028 4.09170055389404 4.09208297729492 4.09248924255371 4.0929388999939 4.09286689758301 4.09222555160522 4.09091711044312 4.08917760848999 4.08891153335571 4.0891752243042 4.08938503265381
4.1545147895813 4.13610649108887 4.1122579574585 4.10629034042358 4.10195589065552 4.09229183197021 4.08417463302612 4.08392667770386 4.0838508605957 4.08419132232666 4.08447170257568 4.08466911315918 4.08527374267578 4.08621072769165 4.08710908889771 4.08798885345459 4.08861303329468 4.0891752243042 4.0900559425354 4.09096431732178 4.09196186065674 4.09326362609863 4.0958366394043 4.09760427474976 4.09767150878906 4.0973014831543 4.09639692306519 4.09525108337402 4.0939302444458 4.09320974349976 4.09273767471313 4.09272003173828 4.09279155731201 4.09227466583252 4.09175968170166 4.09147453308105 4.09131336212158 4.09158658981323 4.09195184707642 4.09248828887939 4.09209489822388 4.09068870544434 4.08968830108643 4.08895063400269 4.08896207809448 4.08924245834351 4.08938264846802
4.12447643280029 4.11282730102539 4.09766578674316 4.09405374526978 4.09154796600342 4.08699417114258 4.08317947387695 4.08312463760376 4.08310747146606 4.08317995071411 4.08334732055664 4.0836443901062 4.08418321609497 4.08492040634155 4.08566474914551 4.08641242980957 4.08698463439941 4.08751535415649 4.08822059631348 4.0889573097229 4.0899715423584 4.09112977981567 4.09288835525513 4.09415817260742 4.09439611434937 4.09448289871216 4.09438562393188 4.09408617019653 4.09363985061646 4.09302234649658 4.09233379364014 4.09181356430054 4.09132623672485 4.09088039398193 4.09045076370239 4.09015703201294 4.09000587463379 4.09035587310791 4.09094285964966 4.09196853637695 4.09187126159668 4.09055089950562 4.08961200714111 4.08891916275024 4.08890199661255 4.08912706375122 4.0892391204834
4.0958366394043 4.0909628868103 4.0846700668335 4.08347511291504 4.0828275680542 4.0828709602356 4.0828709602356 4.08264923095703 4.08243417739868 4.08223485946655 4.08228206634521 4.08266830444336 4.08313941955566 4.08367967605591 4.08424520492554 4.08482217788696 4.08532667160034 4.08581399917603 4.08639717102051 4.08701705932617 4.08807754516602 4.08911371231079 4.09004735946655 4.09079933166504 4.09116744995117 4.09165477752686 4.09228706359863 4.09278106689453 4.09317350387573 4.09266376495361 4.0917797088623 4.09080648422241 4.08981513977051 4.08943367004395 4.08908653259277 4.08884906768799 4.08875942230225 4.08918905258179 4.08996677398682 4.09138965606689 4.09157180786133 4.0904016494751 4.08953952789307 4.08887624740601 4.08882999420166 4.08900499343872 4.08909463882446
4.08856534957886 4.08642673492432 4.08385753631592 4.08315372467041 4.0826621055603 4.0827317237854 4.08274841308594 4.08249950408936 4.08226203918457 4.08205318450928 4.08195877075195 4.08202075958252 4.08237457275391 4.08296632766724 4.08331298828125 4.08354377746582 4.08390426635742 4.08429574966431 4.08482313156128 4.08537673950195 4.08618068695068 4.08693933486938 4.08750867843628 4.08800745010376 4.08835649490356 4.08879232406616 4.08933401107788 4.08987522125244 4.09041595458984 4.09026050567627 4.08981657028198 4.08931732177734 4.08880758285522 4.088294506073 4.08786249160767 4.08822250366211 4.0886025428772 4.08905076980591 4.08956861495972 4.09021377563477 4.09019756317139 4.0894603729248 4.08895969390869 4.08861255645752 4.08868169784546 4.08890104293823 4.0890040397644
4.08283996582031 4.08282279968262 4.08309364318848 4.08283042907715 4.0825252532959 4.08257150650024 4.08256006240845 4.08225584030151 4.08197975158691 4.08177042007446 4.08158683776855 4.08143854141235 4.08167934417725 4.08223915100098 4.08240556716919 4.0823860168457 4.08262825012207 4.08293294906616 4.08340215682983 4.0838885307312 4.08445072174072 4.08495616912842 4.08522510528564 4.08550882339478 4.08582401275635 4.08619213104248 4.08662509918213 4.08717107772827 4.08779954910278 4.08797025680542 4.08795070648193 4.08790016174316 4.08784294128418 4.08733081817627 4.08692312240601 4.08769607543945 4.08840465545654 4.08888578414917 4.08920764923096 4.08923292160034 4.08906173706055 4.08867597579956 4.08846998214722 4.08838033676147 4.08854532241821 4.08880233764648 4.08892202377319
4.08278226852417 4.0826358795166 4.08250856399536 4.08249759674072 4.08249282836914 4.08233547210693 4.08212900161743 4.08166885375977 4.08129215240479 4.08111667633057 4.08103847503662 4.08109426498413 4.0812406539917 4.08145999908447 4.08158826828003 4.08167314529419 4.08189010620117 4.08213901519775 4.08254480361938 4.08295869827271 4.08333158493042 4.08367204666138 4.08387613296509 4.08408784866333 4.08431434631348 4.08455514907837 4.08481311798096 4.08520746231079 4.08570051193237 4.08609342575073 4.08644485473633 4.08674478530884 4.08703470230103 4.08701181411743 4.08702802658081 4.08753633499146 4.08805751800537 4.08862209320068 4.08898401260376 4.08896827697754 4.08880043029785 4.08846664428711 4.08830833435059 4.08826351165771 4.08845138549805 4.08872222900391 4.08887052536011
