Ecospace-environmental-drivers/Outputs/ASCII-for-ecospace/MOM6-ISIMIP3a/tob/2004-07_tob_MOM6-ISIMIP3a.asc
NCOLS 131 
NROWS 53 
XLLCORNER -98 
YLLCORNER 23.9265270233154 
CELLSIZE 0.133587792515755 
NODATA_value -9999 
[rows 21 to 41 of 53, columns 0 to 46 of 131]
-9999 -9999 -9999 -9999 -9999 -9999 24.1282234191895 24.176399230957 24.2992076873779 24.5295467376709 25.0646381378174 26.1734924316406 25.8797454833984 25.004753112793 24.3801288604736 24.0443897247314 23.7470531463623 23.4760894775391 23.0883693695068 22.6555652618408 22.4413375854492 22.2656841278076 22.216272354126 22.1722393035889 22.1499996185303 22.1156749725342 22.0421752929688 21.9729042053223 21.9110145568848 21.8631896972656 21.8298397064209 21.8252220153809 21.8381061553955 21.8512268066406 21.8644275665283 21.8454990386963 21.8223934173584 21.8356800079346 21.842264175415 21.8061485290527 21.7843704223633 21.8025093078613 21.8177242279053 21.8284225463867 21.8324928283691 21.8304843902588 21.6907138824463
-9999 -9999 -9999 -9999 -9999 -9999 24.1162815093994 24.1282234191895 24.2245769500732 24.3144817352295 24.5295467376709 24.4908752441406 24.2880306243896 23.7603378295898 23.4300689697266 23.3275966644287 23.1635227203369 22.9571437835693 22.4041614532471 21.7173404693604 21.1660690307617 20.6387157440186 20.37087059021 20.1133060455322 19.8940372467041 19.8132705688477 20.1815738677979 20.4751052856445 20.6381492614746 20.8077774047852 20.9841842651367 21.1416645050049 21.2876148223877 21.3558788299561 21.3982448577881 21.3647193908691 21.317081451416 20.765775680542 20.1327419281006 18.9792423248291 18.1846599578857 18.3892211914062 18.544059753418 18.6220531463623 18.723690032959 18.8470268249512 18.5234851837158
-9999 -9999 -9999 -9999 24.6675357818604 24.2776145935059 24.1130828857422 24.1075401306152 24.1282234191895 24.320930480957 24.2792263031006 23.3402996063232 22.6838130950928 22.5861911773682 22.5605525970459 22.6179714202881 22.4894943237305 22.2333545684814 21.4689445495605 20.5082721710205 19.6012954711914 18.7037963867188 18.2327995300293 17.7772808074951 17.3729209899902 17.2502861022949 18.0411109924316 18.6805877685547 19.0559482574463 19.4366664886475 19.8228988647461 20.1589584350586 20.4644508361816 20.6222705841064 20.7308673858643 20.6834373474121 20.6067428588867 19.4603500366211 18.1656150817871 15.9261875152588 14.3767366409302 14.7480087280273 15.0270261764526 15.1634674072266 15.3557367324829 15.5992431640625 15.1015481948853
-9999 -9999 -9999 -9999 25.5669231414795 24.7125244140625 24.4421482086182 24.1130828857422 24.0813159942627 23.6770095825195 23.2585124969482 22.7856979370117 22.433256149292 22.3189964294434 21.7979850769043 20.8076457977295 19.2189521789551 17.2193450927734 15.9333553314209 14.9229192733765 13.9964237213135 13.0847415924072 13.01145362854 12.9522390365601 12.8573169708252 12.8825645446777 13.2974519729614 13.6112194061279 13.7485256195068 13.9835329055786 14.319073677063 14.8623008728027 15.5320491790771 16.2079982757568 16.8860130310059 16.8068504333496 16.6136379241943 15.1140565872192 13.6374883651733 12.3074750900269 11.3527488708496 11.4427318572998 11.5041790008545 11.5215244293213 11.5928382873535 11.7136840820312 11.3287572860718
-9999 -9999 -9999 -9999 -9999 25.5669231414795 24.7279434204102 24.7712135314941 23.9345588684082 23.1088676452637 22.4310970306396 22.3194942474365 22.108980178833 21.7027454376221 20.5693950653076 18.5970630645752 15.8715658187866 12.6288375854492 11.0122337341309 10.0235376358032 9.15622997283936 8.31034278869629 8.53697490692139 8.77574253082275 8.91994476318359 9.04745388031006 9.12083911895752 9.15365600585938 9.11567687988281 9.25316047668457 9.57119178771973 10.2523145675659 11.1546297073364 12.151556968689 13.1800212860107 13.0793437957764 12.81263256073 11.1594905853271 9.65717315673828 9.11535167694092 8.67951583862305 8.53871631622314 8.42624092102051 8.35754013061523 8.32786273956299 8.3340015411377 8.04858684539795
-9999 -9999 -9999 -9999 -9999 25.413236618042 25.5669231414795 24.4605579376221 23.3499889373779 22.8730010986328 22.451244354248 22.2409000396729 21.4614715576172 19.5559902191162 17.2974300384521 14.6314725875854 12.187237739563 9.89527034759521 8.78538513183594 8.13194561004639 7.66893196105957 7.23952341079712 7.3372950553894 7.44293546676636 7.51795387268066 7.54768228530884 7.43056201934814 7.37868118286133 7.44064903259277 7.69189834594727 8.13791370391846 8.65318870544434 9.21065616607666 9.66411304473877 10.0829010009766 10.0055084228516 9.85392665863037 8.92253684997559 8.07885265350342 7.79370784759521 7.54424571990967 7.39411640167236 7.29910516738892 7.2892746925354 7.24614143371582 7.17244291305542 6.9284234046936
-9999 -9999 25.119327545166 25.1439189910889 25.1575508117676 25.2593669891357 25.4134178161621 24.1762351989746 22.9496402740479 22.7059173583984 22.4059467315674 21.8906955718994 20.4730415344238 17.2697887420654 14.2240705490112 11.3601236343384 9.30694198608398 7.81054830551147 7.08638620376587 6.6604118347168 6.47663402557373 6.33559656143188 6.34401178359985 6.35952234268188 6.40688943862915 6.38973522186279 6.16337919235229 6.06143665313721 6.17660760879517 6.48361778259277 6.98802614212036 7.34921884536743 7.62316608428955 7.69222640991211 7.69299125671387 7.63296365737915 7.56219530105591 7.16639471054077 6.80778980255127 6.68606042861938 6.55087280273438 6.37821817398071 6.27724742889404 6.28705978393555 6.22913599014282 6.10904359817505 5.92068958282471
-9999.000000000000000 -9999 -9999 -9999 25.0148372650146 25.055736541748 24.9618911743164 23.9493656158447 22.9512348175049 22.6889114379883 22.2178592681885 20.9478797912598 18.7407684326172 14.6793346405029 11.5840377807617 9.6035099029541 8.18092727661133 7.14150857925415 6.53907823562622 6.105384349823 5.92798089981079 5.79580450057983 5.80105590820312 5.82025289535522 5.93058347702026 5.97760009765625 5.81932592391968 5.74289274215698 5.80927896499634 6.04549217224121 6.45645427703857 6.68923616409302 6.81347227096558 6.84520769119263 6.84610939025879 6.79053544998169 6.72570514678955 6.45931339263916 6.20711755752563 6.04532384872437 5.8670973777771 5.64312601089478 5.48509120941162 5.42895936965942 5.35333204269409 5.25981283187866 5.1582612991333
-9999 -9999 -9999 -9999 24.844425201416 24.7294082641602 24.7181758880615 23.8690242767334 23.0195388793945 22.6833362579346 21.9548225402832 19.7247009277344 16.812707901001 12.5514869689941 9.64039325714111 8.28713703155518 7.30557298660278 6.57926797866821 6.05704927444458 5.61363649368286 5.44307422637939 5.32066249847412 5.33128833770752 5.35857152938843 5.50039339065552 5.59161710739136 5.51878118515015 5.47699928283691 5.48940896987915 5.64741325378418 5.95523166656494 6.08925914764404 6.11741495132446 6.12203168869019 6.11880207061768 6.05669116973877 5.98578548431396 5.82367038726807 5.66023969650269 5.48843097686768 5.30543231964111 5.09128332138062 4.93129110336304 4.85499429702759 4.78813600540161 4.72994136810303 4.67664861679077
-9999 -9999 -9999 -9999 24.73876953125 24.7481288909912 24.7596874237061 23.9730224609375 23.1717720031738 22.6921424865723 21.5974941253662 18.1488018035889 14.638334274292 11.005633354187 8.57286262512207 7.52462148666382 6.74557209014893 6.15138864517212 5.6571478843689 5.20149850845337 5.03836631774902 4.92685413360596 4.95359659194946 4.99450302124023 5.1282205581665 5.23853588104248 5.27297449111938 5.27734518051147 5.22924518585205 5.29971551895142 5.49219179153442 5.56477546691895 5.56432151794434 5.55465936660767 5.5419282913208 5.45945453643799 5.36736106872559 5.27790260314941 5.18103981018066 5.03702020645142 4.8973913192749 4.76998424530029 4.67736101150513 4.63849496841431 4.61371040344238 4.60184955596924 4.5483250617981
-9999 -9999 -9999 -9999 24.7481288909912 24.7621192932129 24.77854347229 24.0984878540039 23.3951950073242 22.8391342163086 21.6235427856445 17.8835487365723 14.1351127624512 10.3699731826782 7.90686464309692 6.94609546661377 6.25675678253174 5.75382089614868 5.33037137985229 4.93761444091797 4.79927635192871 4.70583581924438 4.73550987243652 4.77610015869141 4.88519334793091 4.99117851257324 5.08708715438843 5.12329339981079 5.0553126335144 5.05769634246826 5.13248348236084 5.15795803070068 5.15339136123657 5.12668037414551 5.09258794784546 5.02578496932983 4.95463085174561 4.90712451934814 4.85028171539307 4.7339825630188 4.62991666793823 4.55990505218506 4.51095581054688 4.49455738067627 4.48880767822266 4.49283170700073 4.44219779968262
-9999 -9999 -9999 -9999 24.7629299163818 24.77854347229 24.2696876525879 24.2400531768799 23.6720104217529 23.0897636413574 21.9371299743652 18.6012954711914 14.8852739334106 10.4169664382935 7.54202127456665 6.50556421279907 5.82133150100708 5.37898778915405 5.0584397315979 4.78492212295532 4.68440198898315 4.61441135406494 4.63712930679321 4.66694831848145 4.73902654647827 4.82311391830444 4.9461407661438 5.00344371795654 4.94605398178101 4.89493703842163 4.85027456283569 4.83939123153687 4.84908580780029 4.80324745178223 4.73889827728271 4.7147912979126 4.69617414474487 4.66758966445923 4.63085651397705 4.54222679138184 4.4678692817688 4.43324279785156 4.41019535064697 4.40504217147827 4.40104866027832 4.39811944961548 4.35271787643433
-9999 -9999 -9999 -9999 24.77854347229 24.3012390136719 24.0876903533936 23.9616680145264 23.8993835449219 23.3967361450195 22.4557266235352 19.8368530273438 16.2670497894287 10.815616607666 7.42245435714722 6.40421390533447 5.72246313095093 5.27179479598999 4.95980548858643 4.70136451721191 4.60431814193726 4.53575325012207 4.53229379653931 4.53201007843018 4.54630851745605 4.57808113098145 4.66651105880737 4.72010374069214 4.71290254592896 4.69214105606079 4.65742588043213 4.64174175262451 4.63765096664429 4.5830774307251 4.51167678833008 4.50903606414795 4.51578378677368 4.50655174255371 4.49027299880981 4.42911815643311 4.37707567214966 4.35040140151978 4.33392715454102 4.33321619033813 4.32811546325684 4.31898546218872 4.28364562988281
-9999 -9999 -9999 -9999 -9999 24.1009311676025 24.0690307617188 24.061351776123 24.1055679321289 23.727855682373 23.0621852874756 21.2943344116211 17.9195213317871 11.3649778366089 7.40800809860229 6.44822978973389 5.76783561706543 5.27930688858032 4.9354419708252 4.64743709564209 4.53914499282837 4.46256637573242 4.42469263076782 4.38602113723755 4.33364009857178 4.30006122589111 4.32744455337524 4.36669492721558 4.42665338516235 4.47218608856201 4.50287437438965 4.49591445922852 4.46601915359497 4.40716409683228 4.33865594863892 4.34838390350342 4.36885166168213 4.37915563583374 4.38347911834717 4.34971618652344 4.31682062149048 4.28634071350098 4.26815605163574 4.26897192001343 4.26153659820557 4.24652814865112 4.2233190536499
-9999 -9999 -9999 -9999 -9999 24.1209754943848 24.1460742950439 24.1840705871582 24.1564750671387 23.8168125152588 23.2289333343506 21.6909866333008 18.3794345855713 11.5584211349487 7.48929309844971 6.59540987014771 5.92505979537964 5.40821981430054 4.99082851409912 4.61183738708496 4.47079706192017 4.37174797058105 4.31861925125122 4.2670202255249 4.21978712081909 4.18638896942139 4.19784736633301 4.2218017578125 4.26756191253662 4.30683755874634 4.33944082260132 4.33785057067871 4.31543064117432 4.27490615844727 4.228346824646 4.23929357528687 4.25820112228394 4.27891111373901 4.29473495483398 4.27944469451904 4.26162624359131 4.23676919937134 4.22166442871094 4.22163152694702 4.21505260467529 4.20246458053589 4.1860933303833
-9999 -9999 -9999 -9999 -9999 24.1095905303955 24.1478233337402 24.1928024291992 24.1752548217773 23.8556652069092 23.3047046661377 21.8681507110596 18.5926074981689 11.6782236099243 7.59038496017456 6.76393508911133 6.10542631149292 5.56225109100342 5.06271505355835 4.58002996444702 4.40179300308228 4.27728176116943 4.21286249160767 4.15360307693481 4.12637948989868 4.10672044754028 4.11158990859985 4.12005090713501 4.13477993011475 4.15278768539429 4.17416906356812 4.17725515365601 4.16919612884521 4.1516809463501 4.1310133934021 4.14087152481079 4.15505695343018 4.18428373336792 4.20972537994385 4.21106290817261 4.20747900009155 4.19019460678101 4.1791615486145 4.17778873443604 4.17272567749023 4.16427564620972 4.15364742279053
-9999 -9999 -9999 -9999 -9999 -9999 24.034875869751 24.0665969848633 24.0400085449219 23.7206897735596 23.1353778839111 21.5319480895996 18.2270393371582 11.5553827285767 7.63648557662964 6.89383888244629 6.25002527236938 5.67408514022827 5.09847116470337 4.52298307418823 4.32544708251953 4.19460821151733 4.15311193466187 4.11632776260376 4.10251045227051 4.09248208999634 4.09473896026611 4.09858798980713 4.10521650314331 4.11371088027954 4.12412548065186 4.12593746185303 4.12250852584839 4.11461877822876 4.10524225234985 4.11039352416992 4.11763668060303 4.13656282424927 4.15336656570435 4.15665102005005 4.15722370147705 4.15024900436401 4.14533948898315 4.14362144470215 4.13973188400269 4.13384914398193 4.12589931488037
-9999 -9999 -9999 -9999 -9999 -9999 23.8888301849365 23.8452262878418 23.8947315216064 23.5745258331299 22.942850112915 21.1189937591553 17.7637577056885 11.3783521652222 7.65206480026245 6.99398326873779 6.37082052230835 5.77163791656494 5.12811231613159 4.46746492385864 4.25336027145386 4.11805629730225 4.09961223602295 4.08523988723755 4.08347272872925 4.08212900161743 4.08215713500977 4.0822319984436 4.08238792419434 4.0826563835144 4.0830397605896 4.08342409133911 4.08380889892578 4.08415460586548 4.08448696136475 4.08516454696655 4.08594369888306 4.09427881240845 4.10206604003906 4.10636043548584 4.11017370223999 4.11264610290527 4.11340665817261 4.11152172088623 4.10883951187134 4.1054253578186 4.10001945495605
-9999 -9999 -9999 -9999 -9999 -9999 23.7345409393311 23.7546653747559 23.7160320281982 23.3920307159424 22.6199073791504 20.1325569152832 16.5346298217773 10.7391786575317 7.36834287643433 6.79513311386108 6.25478410720825 5.73700189590454 5.10978651046753 4.44031524658203 4.2302131652832 4.10117530822754 4.09081506729126 4.08377552032471 4.08275032043457 4.08196544647217 4.08196258544922 4.08199787139893 4.08209991455078 4.08225440979004 4.08246374130249 4.08262920379639 4.08276748657227 4.08291101455688 4.08305549621582 4.08347463607788 4.08395433425903 4.08758306503296 4.09103536605835 4.09336280822754 4.09545040130615 4.09686994552612 4.09748554229736 4.09685707092285 4.09590435028076 4.09465503692627 4.09182262420654
-9999 -9999 -9999 -9999 -9999 23.6362609863281 23.6323394775391 23.6037311553955 23.5468368530273 23.2243118286133 22.2975025177002 19.0577507019043 15.1880664825439 10.0719203948975 7.0853967666626 6.55612468719482 6.06675148010254 5.6047797203064 5.02079963684082 4.38970804214478 4.19970607757568 4.08754301071167 4.08388042449951 4.08268070220947 4.0822057723999 4.0818452835083 4.08185434341431 4.08188247680664 4.08194303512573 4.08200550079346 4.08207130432129 4.0820574760437 4.08199453353882 4.08197212219238 4.08196258544922 4.08214569091797 4.08235359191895 4.08234214782715 4.08242702484131 4.08312273025513 4.08376359939575 4.08425235748291 4.08467721939087 4.08500480651855 4.08536005020142 4.08574104309082 4.08504486083984
-9999 -9999 -9999 -9999 24.7996387481689 24.0262718200684 23.6362609863281 23.5346965789795 23.4124813079834 23.1107730865479 21.9770812988281 17.6589183807373 13.4109001159668 9.30168056488037 6.80529451370239 6.16986465454102 5.61472940444946 5.11473560333252 4.67271900177002 4.25308895111084 4.14221286773682 4.08582162857056 4.08377313613892 4.08293962478638 4.08231544494629 4.08188104629517 4.08206462860107 4.08220434188843 4.08226776123047 4.08231735229492 4.08235263824463 4.08230447769165 4.0822057723999 4.08215093612671 4.08211088180542 4.08213996887207 4.0821795463562 4.08243656158447 4.08269882202148 4.08299541473389 4.08321332931519 4.08321475982666 4.08328533172607 4.08346462249756 4.08358001708984 4.08363676071167 4.08346891403198
