Ecospace-environmental-drivers/Outputs/ASCII-for-ecospace/MOM6-ISIMIP3a/tob/2004-11_tob_MOM6-ISIMIP3a.asc
NCOLS 131 
NROWS 53 
XLLCORNER -98 
YLLCORNER 23.9265270233154 
CELLSIZE 0.133587792515755 
NODATA_value -9999 
[rows 0 to 20 of 53, columns 47 to 93 of 131]
-9999 -9999 -9999 -9999 -9999 -9999 -9999 -9999 -9999 -9999 -9999 -9999 -9999 -9999 -9999 -9999 -9999 -9999 -9999 -9999 -9999 -9999 -9999 -9999 -9999 -9999 -9999 -9999 -9999 -9999 -9999 -9999 -9999 -9999 -9999 -9999 -9999 -9999 -9999 -9999 -9999 -9999 -9999 -9999 -9999 -9999 -9999
-9999 -9999 -9999 -9999 -9999 -9999 -9999 -9999 -9999 -9999 -9999 -9999 -9999 -9999 -9999 -9999 -9999 -9999 -9999 -9999 -9999 -9999 -9999 -9999 -9999 -9999 -9999 -9999 -9999 -9999 -9999 -9999 -9999 -9999 -9999 -9999 -9999 -9999 -9999 -9999 -9999 -9999 -9999 -9999 -9999 -9999 -9999
-9999 -9999 -9999 -9999 -9999 -9999 -9999 -9999 -9999 -9999 -9999 -9999 -9999 -9999 -9999 -9999 -9999 -9999 -9999 -9999 -9999 -9999 -9999 -9999 -9999 -9999 -9999 22.6616554260254 22.5709037780762 -9999 -9999 -9999 -9999 -9999 -9999 -9999 -9999 -9999 -9999 -9999 -9999 -9999 -9999 -9999 -9999 -9999 -9999
-9999 -9999 -9999 -9999 -9999 -9999 -9999 -9999 -9999 -9999 -9999 -9999 -9999 -9999 -9999 -9999 -9999 -9999 -9999 -9999 -9999 -9999 -9999 -9999 -9999 -9999 -9999 22.6518535614014 22.552131652832 -9999 -9999 -9999 -9999 -9999 -9999 -9999 -9999 -9999 -9999 -9999 -9999 -9999 -9999 -9999 -9999 -9999 -9999
-9999 -9999 -9999 -9999 -9999 -9999 -9999 -9999 -9999 -9999 -9999 -9999 -9999 -9999 -9999 -9999 -9999 -9999 22.1110363006592 22.1717357635498 22.2202968597412 22.5035591125488 22.7175407409668 22.9992485046387 23.05126953125 22.9255828857422 22.7800579071045 22.6373043060303 22.5381965637207 22.4808921813965 -9999 -9999 22.8110027313232 23.052526473999 23.0240154266357 22.7552547454834 22.5616149902344 22.7060546875 23.0496463775635 23.2308807373047 23.1996459960938 23.0298633575439 -9999 -9999 -9999 -9999 -9999
-9999 -9999 -9999 -9999 -9999 -9999 -9999 -9999 -9999 -9999 -9999 -9999 -9999 -9999 22.3233909606934 -9999 22.1955013275146 22.0888404846191 22.1217842102051 22.1110363006592 22.1838760375977 22.2202968597412 22.7868194580078 23.1455039978027 23.0654220581055 22.9428806304932 22.7684478759766 22.6288471221924 22.5146179199219 22.4711265563965 22.4569320678711 22.593225479126 22.7591018676758 23.0806789398193 23.317798614502 22.6735687255859 22.2743988037109 22.7368793487549 23.1068878173828 23.3051700592041 23.2805862426758 23.0131816864014 22.7958221435547 22.61083984375 -9999 -9999 -9999
-9999 -9999 -9999 -9999 -9999 -9999 -9999 -9999 -9999 -9999 23.9323787689209 23.9249267578125 23.9235363006592 23.929895401001 23.1406288146973 22.3384799957275 22.3083000183105 22.1893615722656 22.0888404846191 22.1654739379883 22.1110363006592 22.2202968597412 22.7868194580078 23.1455039978027 23.0654220581055 22.9428806304932 22.7684478759766 22.6288471221924 22.5146179199219 22.4711265563965 22.4569320678711 22.593225479126 22.7591018676758 23.0806789398193 23.317798614502 22.6735687255859 22.2743988037109 22.7368793487549 23.1068878173828 23.3051700592041 23.2805862426758 23.0131816864014 22.7958221435547 22.61083984375 22.5619525909424 22.933650970459 -9999
-9999 -9999 -9999 -9999 -9999 -9999 -9999 -9999 -9999 -9999 23.9723300933838 23.9323787689209 23.9174766540527 -9999 23.9514579772949 23.1841506958008 22.3686599731445 22.3083000183105 22.1709423065186 22.0888404846191 22.2965450286865 22.5936088562012 23.2646522521973 23.7140254974365 23.6954345703125 23.6166801452637 23.4643974304199 23.3500633239746 23.2633686065674 23.2083549499512 23.1664600372314 23.1861801147461 23.2180137634277 22.7951889038086 22.3511238098145 21.864049911499 21.5875377655029 22.051362991333 22.4909648895264 22.8855800628662 23.1589660644531 23.3002643585205 23.2701892852783 23.129222869873 23.1083602905273 23.1306381225586 22.8387680053711
-9999 -9999 -9999 -9999 -9999 -9999 -9999 -9999 -9999 -9999 -9999 -9999 -9999 -9999 23.9273109436035 24.0244903564453 23.2919921875 22.4290199279785 22.3083000183105 22.115686416626 22.5264110565186 23.0086135864258 23.7899570465088 24.3352088928223 24.3820552825928 24.3508205413818 24.224157333374 24.138162612915 24.0817928314209 24.013916015625 23.9412746429443 23.8121109008789 23.6718349456787 22.4228744506836 21.2241249084473 20.9169521331787 20.7833251953125 21.2598934173584 21.7850761413574 22.4005432128906 23.0051574707031 23.5979461669922 23.7778797149658 23.6906776428223 23.4585723876953 23.1744136810303 22.7488765716553
22.5007400512695 -9999 -9999 -9999 -9999 -9999 -9999 -9999 -9999 -9999 23.7079563140869 24.0132808685303 -9999 -9999 -9999 23.97678565979 24.2239189147949 23.5219326019287 22.5497398376465 22.5970611572266 22.9844379425049 23.4308071136475 24.1240692138672 24.5990219116211 24.6131076812744 24.5908451080322 24.5241565704346 24.4755878448486 24.4402160644531 24.3575096130371 24.2552013397217 23.318868637085 22.2185859680176 20.176830291748 18.2979011535645 18.350191116333 18.5839347839355 19.455680847168 20.3471794128418 21.2753639221191 22.216344833374 23.171272277832 23.6263751983643 23.7580661773682 23.564697265625 23.2545604705811 22.790111541748
22.5583820343018 22.5668907165527 -9999 -9999 -9999 -9999 -9999 -9999 -9999 -9999 23.5937099456787 23.9022045135498 24.0132808685303 -9999 -9999 23.8131561279297 24.1848220825195 24.6737766265869 23.8930282592773 23.1045169830322 23.4726009368896 23.8787422180176 24.4441547393799 24.8185081481934 24.7895183563232 24.7314052581787 24.6376991271973 24.5490608215332 24.4641094207764 24.2017917633057 23.8660182952881 22.1486282348633 20.1596450805664 17.6299476623535 15.3502359390259 15.7082052230835 16.262752532959 17.508472442627 18.7451553344727 19.9650535583496 21.2309112548828 22.5468425750732 23.327564239502 23.7619819641113 23.6696968078613 23.3882141113281 22.9184036254883
22.5583820343018 22.5839080810547 22.7899780273438 22.9458885192871 -9999 -9999 -9999 -9999 -9999 -9999 -9999 23.904857635498 24.0958213806152 24.0132808685303 23.9323787689209 23.8131561279297 24.1848220825195 24.6737766265869 24.2166271209717 23.7518711090088 24.122407913208 24.4647369384766 24.6890163421631 24.8002490997314 24.6728401184082 24.3384628295898 23.751127243042 23.2067451477051 22.6936492919922 21.3678588867188 19.7055015563965 17.3471050262451 14.851881980896 13.469425201416 12.2875661849976 12.6627368927002 13.2883014678955 14.7942628860474 16.2627792358398 17.6617546081543 19.1908397674561 20.8616847991943 22.2386474609375 23.4254550933838 23.7686710357666 23.80885887146 23.5136604309082
22.610710144043 22.7422256469727 22.8845767974854 22.9492034912109 -9999 -9999 -9999 -9999 23.0367679595947 23.2524261474609 23.5550556182861 23.977087020874 24.1824321746826 24.2104892730713 24.1388473510742 24.0199794769287 24.3159294128418 24.710994720459 24.4755783081055 24.229024887085 24.4508094787598 24.5594329833984 24.1944675445557 23.7490215301514 23.1336688995361 22.2933940887451 21.1782169342041 20.178035736084 19.2616119384766 17.3573017120361 15.0438709259033 12.6708383560181 10.2860898971558 9.93233013153076 9.72714138031006 10.2385625839233 11.004111289978 12.6631889343262 14.2513771057129 15.7079181671143 17.3250064849854 19.1170196533203 20.8634586334229 22.5804080963135 23.3494186401367 23.7779140472412 23.8264942169189
22.7938632965088 22.8392868041992 22.8928241729736 22.9492034912109 23.0038833618164 23.0047912597656 23.0027446746826 22.9856777191162 23.0367679595947 23.2524261474609 23.5550556182861 23.977087020874 24.3945655822754 24.8083209991455 24.8614959716797 24.7438697814941 24.7748165130615 24.8412628173828 24.5729026794434 24.2806663513184 23.9756774902344 23.425853729248 21.8513660430908 20.1153163909912 18.0381927490234 16.1179294586182 14.3893766403198 12.9332485198975 11.6755485534668 10.4051237106323 9.12942790985107 8.30772495269775 7.57526540756226 7.95383262634277 8.42235088348389 9.36765289306641 10.4456090927124 11.9899816513062 13.4174346923828 14.6277542114258 15.8947801589966 17.2235889434814 18.7725811004639 20.464038848877 21.6345691680908 22.6179733276367 23.4332599639893
23.221134185791 23.1478176116943 23.0733795166016 23.0762958526611 23.0870761871338 23.0964012145996 23.1057968139648 23.115550994873 23.208028793335 23.5002536773682 23.8308753967285 24.2142143249512 24.5987243652344 24.9841957092285 25.0378894805908 24.9344291687012 24.8351535797119 24.7368812561035 24.0980644226074 23.379301071167 22.0373992919922 20.5233287811279 18.2887077331543 15.9325942993164 13.3199996948242 11.079047203064 9.29231834411621 7.84660196304321 6.64927339553833 5.91732454299927 5.37810564041138 5.52197313308716 5.80011940002441 6.67764568328857 7.6043381690979 8.79448795318604 10.0334415435791 11.4439868927002 12.734299659729 13.8013257980347 14.8362302780151 15.8361377716064 17.1695499420166 18.7187557220459 20.101692199707 21.4249038696289 22.7471923828125
23.9935493469238 23.7553329467773 23.4975490570068 23.3830718994141 23.2878894805908 23.317533493042 23.3545455932617 23.4290390014648 23.6214218139648 24.0984630584717 24.4966526031494 24.7865924835205 24.7916049957275 24.563497543335 24.4419803619385 24.3709545135498 24.3320178985596 24.3007507324219 22.8142929077148 21.130558013916 18.0305004119873 15.1198387145996 13.0018224716187 10.9736661911011 9.13521289825439 7.64708662033081 6.5871319770813 5.8111720085144 5.24206972122192 4.91370630264282 4.68504190444946 4.96632480621338 5.34785127639771 6.3943977355957 7.4745397567749 8.64228057861328 9.82816600799561 11.0778474807739 12.2643785476685 13.3336334228516 14.303165435791 15.1640453338623 16.2562446594238 17.498119354248 18.8260936737061 20.1849956512451 21.6471118927002
24.7217502593994 24.4562721252441 24.1608467102051 23.9683380126953 23.7940330505371 23.826732635498 23.8700294494629 23.9672355651855 24.1662216186523 24.610969543457 24.8693447113037 24.8718566894531 24.1925888061523 22.955509185791 22.4083461761475 22.1879825592041 22.1183395385742 22.0847072601318 19.9398174285889 17.5730209350586 14.0874881744385 10.9497928619385 9.26783275604248 7.74617004394531 6.56290769577026 5.65369129180908 5.07941484451294 4.71016073226929 4.49024152755737 4.38115358352661 4.31796455383301 4.66928100585938 5.10207939147949 6.17128849029541 7.26379203796387 8.3536205291748 9.44515609741211 10.5426969528198 11.6308336257935 12.7015056610107 13.6654224395752 14.5130224227905 15.4698734283447 16.4974155426025 17.7776126861572 19.148567199707 20.5258178710938
25.4127235412598 25.2358875274658 25.0255184173584 24.7881259918213 24.5573024749756 24.578519821167 24.6101379394531 24.6946640014648 24.8216819763184 25.051305770874 24.9952239990234 24.546911239624 22.9267024993896 20.3476810455322 19.1639747619629 18.6412010192871 18.4641780853271 18.3697681427002 15.7257766723633 12.9133253097534 10.1982774734497 7.81845188140869 6.84156608581543 5.97674560546875 5.34850406646729 4.87173938751221 4.58011054992676 4.39604187011719 4.29031801223755 4.24529361724854 4.22540664672852 4.59001350402832 5.03020286560059 5.99882364273071 6.98487663269043 7.95005130767822 8.91247367858887 9.86521911621094 10.8594970703125 11.9309043884277 12.9395265579224 13.8797407150269 14.7903928756714 15.6819171905518 16.920389175415 18.2834892272949 19.386661529541
25.3582038879395 25.2254238128662 25.0736598968506 24.9103717803955 24.7523517608643 24.7684307098389 24.7863788604736 24.8138332366943 24.8291645050049 24.8152160644531 24.5238056182861 23.8514728546143 21.6310405731201 18.1439914703369 16.0654048919678 14.6539745330811 14.3161954879761 14.2349491119385 12.2098827362061 10.0623512268066 8.07599258422852 6.34564304351807 5.68671798706055 5.1269793510437 4.77663040161133 4.51234292984009 4.35323905944824 4.25726079940796 4.20726251602173 4.18749237060547 4.18024110794067 4.45248651504517 4.77967500686646 5.52497148513794 6.28657102584839 7.05616760253906 7.86482572555542 8.81082534790039 9.76848983764648 10.7478170394897 11.6998291015625 12.6220808029175 13.5405721664429 14.4566297531128 15.6301612854004 16.8961811065674 18.0179328918457
24.9388618469238 24.8283214569092 24.7222137451172 24.6912612915039 24.6693344116211 24.6833763122559 24.6866779327393 24.6353397369385 24.5195446014404 24.2481060028076 23.7600860595703 22.9747295379639 20.3208084106445 16.1380767822266 13.0381841659546 10.451208114624 9.92655181884766 9.8946533203125 9.03563976287842 8.09651279449463 6.81838893890381 5.68447017669678 5.15406465530396 4.72726678848267 4.51919269561768 4.35973262786865 4.25968837738037 4.20428562164307 4.18139934539795 4.16789150238037 4.15826749801636 4.28644943237305 4.44172048568726 4.90363025665283 5.38302850723267 5.92233800888062 6.56516790390015 7.57197856903076 8.52104473114014 9.36287117004395 10.2086925506592 11.0588684082031 12.0116424560547 13.0308027267456 14.1280345916748 15.2533102035522 16.5368614196777
24.0580177307129 23.8988304138184 23.7553787231445 23.7829742431641 23.8112525939941 23.3853225708008 22.9856948852539 22.719856262207 22.3150081634521 21.5745010375977 20.7451839447021 19.7939453125 17.4927940368652 14.0871820449829 11.3427581787109 8.91152477264404 8.18795871734619 7.87241172790527 7.4123067855835 6.91586589813232 6.03510284423828 5.24794864654541 4.85255813598633 4.53904867172241 4.39839506149292 4.2902717590332 4.22190570831299 4.18203687667847 4.16292476654053 4.15083980560303 4.14166498184204 4.19830226898193 4.26787662506104 4.51485443115234 4.77409076690674 5.08890247344971 5.50037622451782 6.25172090530396 6.96525239944458 7.60856056213379 8.33956623077393 9.16611957550049 10.0541372299194 10.9819250106812 12.0632829666138 13.1998043060303 14.4889478683472
