Ecospace-environmental-drivers/Outputs/ASCII-for-ecospace/MOM6-ISIMIP3a/tob/2005-07_tob_MOM6-ISIMIP3a.asc
NCOLS 131 
NROWS 53 
XLLCORNER -98 
YLLCORNER 23.9265270233154 
CELLSIZE 0.133587792515755 
NODATA_value -9999 
[rows 0 to 20 of 53, columns 47 to 93 of 131]
-9999 -9999 -9999 -9999 -9999 -9999 -9999 -9999 -9999 -9999 -9999 -9999 -9999 -9999 -9999 -9999 -9999 -9999 -9999 -9999 -9999 -9999 -9999 -9999 -9999 -9999 -9999 -9999 -9999 -9999 -9999 -9999 -9999 -9999 -9999 -9999 -9999 -9999 -9999 -9999 -9999 -9999 -9999 -9999 -9999 -9999 -9999
-9999 -9999 -9999 -9999 -9999 -9999 -9999 -9999 -9999 -9999 -9999 -9999 -9999 -9999 -9999 -9999 -9999 -9999 -9999 -9999 -9999 -9999 -9999 -9999 -9999 -9999 -9999 -9999 -9999 -9999 -9999 -9999 -9999 -9999 -9999 -9999 -9999 -9999 -9999 -9999 -9999 -9999 -9999 -9999 -9999 -9999 -9999
-9999 -9999 -9999 -9999 -9999 -9999 -9999 -9999 -9999 -9999 -9999 -9999 -9999 -9999 -9999 -9999 -9999 -9999 -9999 -9999 -9999 -9999 -9999 -9999 -9999 -9999 -9999 27.5992240905762 27.6682682037354 -9999 -9999 -9999 -9999 -9999 -9999 -9999 -9999 -9999 -9999 -9999 -9999 -9999 -9999 -9999 -9999 -9999 -9999
-9999 -9999 -9999 -9999 -9999 -9999 -9999 -9999 -9999 -9999 -9999 -9999 -9999 -9999 -9999 -9999 -9999 -9999 -9999 -9999 -9999 -9999 -9999 -9999 -9999 -9999 -9999 27.6161499023438 27.7097587585449 -9999 -9999 -9999 -9999 -9999 -9999 -9999 -9999 -9999 -9999 -9999 -9999 -9999 -9999 -9999 -9999 -9999 -9999
-9999 -9999 -9999 -9999 -9999 -9999 -9999 -9999 -9999 -9999 -9999 -9999 -9999 -9999 -9999 -9999 -9999 -9999 29.2567977905273 29.1602592468262 29.083028793335 28.6325263977051 28.2545852661133 27.6518821716309 27.3389377593994 27.3214302062988 27.4458637237549 27.6479892730713 27.7546005249023 27.7266864776611 -9999 -9999 26.8469562530518 26.0832080841064 24.9365367889404 23.8121166229248 23.2600040435791 23.4123439788818 24.1635589599609 24.958381652832 25.7445755004883 26.4302616119385 -9999 -9999 -9999 -9999 -9999
-9999 -9999 -9999 -9999 -9999 -9999 -9999 -9999 -9999 -9999 -9999 -9999 -9999 -9999 29.7729740142822 -9999 29.8217144012451 29.8614063262939 29.5390930175781 29.2567977905273 29.1409511566162 29.083028793335 28.1820240020752 27.4987010955811 27.2749214172363 27.2431888580322 27.4461803436279 27.6482200622559 27.8495655059814 27.7660160064697 27.5644798278809 27.3356761932373 27.1015129089355 26.1036796569824 25.0444297790527 23.6614990234375 22.7304229736328 23.388090133667 24.1185188293457 24.9840660095215 25.7725601196289 26.4771022796631 27.0411224365234 27.5142211914062 -9999 -9999 -9999
-9999 -9999 -9999 -9999 -9999 -9999 -9999 -9999 -9999 -9999 29.4207725524902 29.4328308105469 29.4401569366455 29.456449508667 29.6156005859375 29.7657032012939 29.7802448272705 29.8234939575195 29.8614063262939 29.4990768432617 29.2567977905273 29.083028793335 28.1820240020752 27.4987010955811 27.2749214172363 27.2431888580322 27.4461803436279 27.6482200622559 27.8495655059814 27.7660160064697 27.5644798278809 27.3356761932373 27.1015129089355 26.1036796569824 25.0444297790527 23.6614990234375 22.7304229736328 23.388090133667 24.1185188293457 24.9840660095215 25.7725601196289 26.4771022796631 27.0411224365234 27.5142211914062 27.6392517089844 27.3327503204346 -9999
-9999 -9999 -9999 -9999 -9999 -9999 -9999 -9999 -9999 -9999 29.3561191558838 29.4207725524902 29.4448890686035 -9999 29.4696521759033 29.6075954437256 29.751163482666 29.7802448272705 29.8288326263428 29.8614063262939 29.3790264129639 28.7947235107422 27.7838726043701 26.9588069915771 26.5259475708008 26.3689575195312 26.5491390228271 26.7416534423828 26.943151473999 26.9017734527588 26.7598133087158 26.0645561218262 25.2605323791504 23.9673194885254 22.6869335174561 21.7088165283203 21.0671806335449 21.6086273193359 22.3162593841553 23.3325157165527 24.4058647155762 25.5414199829102 26.3047351837158 26.8271961212158 27.0928192138672 27.2661800384521 27.4702491760254
-9999 -9999 -9999 -9999 -9999 -9999 -9999 -9999 -9999 -9999 -9999 -9999 -9999 -9999 29.474645614624 29.4653053283691 29.5666179656982 29.7220802307129 29.7802448272705 29.8448448181152 29.2082347869873 28.4765148162842 27.3467483520508 26.3666572570801 25.7025413513184 25.4076709747314 25.564094543457 25.7450466156006 25.9438648223877 25.9391288757324 25.8500938415527 24.6421298980713 23.2142086029053 21.5941390991211 20.0692520141602 19.5436897277832 19.2272281646729 19.6459732055664 20.3311958312988 21.511302947998 22.8927516937256 24.4935684204102 25.480541229248 26.0703296661377 26.6393260955811 27.2008514404297 27.5494194030762
30.8855838775635 -9999 -9999 -9999 -9999 -9999 -9999 -9999 -9999 -9999 29.4552936553955 29.2898502349854 -9999 -9999 -9999 29.4859218597412 29.392749786377 29.4520950317383 29.6639156341553 29.6118221282959 28.9695281982422 28.2308444976807 27.0887546539307 26.037504196167 25.1780223846436 24.7893180847168 24.9759979248047 25.1121082305908 25.2113876342773 24.895845413208 24.4085102081299 22.8775520324707 21.1414413452148 19.2401580810547 17.5118160247803 17.5326385498047 17.6628513336182 18.1776885986328 18.9398193359375 20.1612033843994 21.5647945404053 23.1669082641602 24.452938079834 25.5344505310059 26.2188911437988 26.7607002258301 27.3111038208008
30.9093608856201 30.9128704071045 -9999 -9999 -9999 -9999 -9999 -9999 -9999 -9999 29.450984954834 29.0958194732666 29.2898502349854 -9999 -9999 29.6137104034424 29.423282623291 29.1412582397461 29.2517776489258 29.3351383209229 28.6306781768799 27.8270111083984 26.608154296875 25.4667720794678 24.4889526367188 24.0137596130371 24.1528835296631 24.1931190490723 24.1613216400146 23.5136661529541 22.6109619140625 20.7402057647705 18.6791553497314 16.6598339080811 14.8760538101196 15.378119468689 15.9209260940552 16.6069774627686 17.4908218383789 18.7419891357422 20.1629638671875 21.768949508667 23.3279590606689 24.8565692901611 25.6690464019775 26.2242794036865 26.954475402832
30.9093608856201 30.9198894500732 30.9971675872803 31.083459854126 -9999 -9999 -9999 -9999 -9999 -9999 -9999 28.8816528320312 28.786548614502 29.2898502349854 29.4207725524902 29.6137104034424 29.423282623291 29.1412582397461 29.00807762146 28.8242645263672 27.7546710968018 26.5748195648193 24.9335346221924 23.6002674102783 22.9172554016113 22.3949928283691 22.0691947937012 21.7397937774658 21.4077682495117 20.3137226104736 18.9041004180908 16.6034107208252 14.1275577545166 12.8654441833496 11.8201704025269 12.4540681838989 13.2266530990601 14.4868669509888 15.732759475708 16.9520568847656 18.3648853302002 19.9885673522949 21.6806640625 23.4170265197754 24.4250755310059 25.1715030670166 25.9632320404053
30.8853549957275 30.9548835754395 31.0282230377197 31.08567237854 -9999 -9999 -9999 -9999 30.5538177490234 30.0937423706055 29.4906673431396 28.6912727355957 28.4630165100098 28.7020530700684 28.9331531524658 29.160493850708 29.0732593536377 28.9108600616455 28.6124496459961 28.2178058624268 26.5584964752197 24.861888885498 23.0091896057129 21.4992370605469 20.7128562927246 19.8831901550293 19.0006198883057 18.2405605316162 17.5697364807129 16.2444705963135 14.6481781005859 12.4416351318359 10.1151323318481 9.62779808044434 9.32049942016602 10.1065740585327 11.082106590271 12.7237815856934 14.2133817672729 15.420560836792 16.7734775543213 18.285177230835 19.9734668731689 21.7760181427002 22.9374465942383 23.8685741424561 24.8204765319824
30.8013381958008 30.9097023010254 31.0243835449219 31.08567237854 31.1364860534668 31.0519886016846 30.9556674957275 30.7992000579834 30.5538177490234 30.0937423706055 29.4906673431396 28.6912727355957 27.9374160766602 27.220817565918 27.2264614105225 27.5742149353027 27.8481540679932 28.104455947876 27.8369960784912 27.3723793029785 24.5618896484375 21.9970874786377 20.4605178833008 18.8118801116943 16.926664352417 15.1387567520142 13.4697818756104 12.1265029907227 11.0204572677612 10.0018997192383 9.01957416534424 8.21741008758545 7.45066118240356 7.78203964233398 8.21138668060303 9.20050239562988 10.3119049072266 11.8532781600952 13.2907228469849 14.5351629257202 15.6987600326538 16.7742767333984 18.116512298584 19.6313304901123 20.8406581878662 21.9402523040771 23.2989311218262
30.2655735015869 30.4684619903564 30.6737651824951 30.7827243804932 30.8741035461426 30.7570819854736 30.6290035247803 30.4446773529053 30.1408939361572 29.5486736297607 28.8145427703857 27.8855857849121 26.8123416900635 25.6210498809814 25.3993625640869 25.6369552612305 26.1031494140625 26.6239643096924 25.9137439727783 24.9526138305664 21.5704402923584 18.5480041503906 17.0310878753662 15.2732448577881 13.0067882537842 10.9498147964478 9.14887428283691 7.73948192596436 6.61528635025024 5.92872381210327 5.42339992523193 5.51363945007324 5.72095203399658 6.58840322494507 7.50057411193848 8.61078643798828 9.79183197021484 11.2219314575195 12.5778551101685 13.7960224151611 14.8414545059204 15.6986837387085 16.7550754547119 17.9403324127197 19.1501121520996 20.3687019348145 21.8825550079346
29.091121673584 29.467264175415 29.8328609466553 30.0514621734619 30.2407608032227 30.0452346801758 29.8404998779297 29.588924407959 29.1441745758057 28.2329788208008 27.1824989318848 25.940803527832 24.8397274017334 23.8537006378174 23.4020328521729 23.2034759521484 23.6231060028076 24.1904411315918 22.3677158355713 20.3070182800293 17.1724700927734 14.2728490829468 12.3564262390137 10.5310554504395 8.89790534973145 7.54623460769653 6.53859043121338 5.79417514801025 5.24149179458618 4.92267465591431 4.70070934295654 4.95951366424561 5.31282615661621 6.31674909591675 7.35288524627686 8.46833992004395 9.62539291381836 10.9287099838257 12.1615915298462 13.2636642456055 14.2915277481079 15.2385368347168 16.0942039489746 16.8907699584961 18.0339164733887 19.3015594482422 20.6148719787598
27.4074268341064 27.8417339324951 28.2755832672119 28.6319561004639 28.9605617523193 28.7536468505859 28.5308609008789 28.227352142334 27.7458057403564 26.8343658447266 25.7411937713623 24.3985271453857 23.0597476959229 21.7241458892822 20.9466361999512 20.4334831237793 20.688102722168 21.1261730194092 18.7408714294434 16.1447162628174 13.3026866912842 10.6812534332275 8.98304271697998 7.48368120193481 6.40410470962524 5.58240842819214 5.07589530944824 4.73090934753418 4.503577709198 4.38924217224121 4.32170295715332 4.66041898727417 5.07899522781372 6.09311294555664 7.13104963302612 8.18621921539307 9.26224994659424 10.4116306304932 11.5275421142578 12.5812997817993 13.6125526428223 14.619288444519 15.433349609375 16.1227416992188 17.1562938690186 18.3134746551514 19.5001049041748
25.2948875427246 25.6904392242432 26.1150341033936 26.6328678131104 27.1356315612793 26.9738483428955 26.7823657989502 26.4398193359375 26.0092010498047 25.3659286499023 24.4605140686035 23.1952114105225 21.4419918060303 19.289571762085 18.1054954528809 17.3801021575928 17.3699722290039 17.5307426452637 15.045970916748 12.3894062042236 9.87770080566406 7.66529512405396 6.705491065979 5.86354207992554 5.27039480209351 4.83102607727051 4.5796070098877 4.41042757034302 4.30114936828613 4.25380897521973 4.23211860656738 4.57608985900879 4.99194145202637 5.90991401672363 6.84677267074585 7.78647518157959 8.73345756530762 9.70603561401367 10.7100925445557 11.7726106643677 12.8249034881592 13.8660554885864 14.7725076675415 15.5918016433716 16.4795818328857 17.3919658660889 18.5141143798828
23.9949779510498 24.2437553405762 24.5209846496582 24.9414043426514 25.3588485717773 25.3003063201904 25.2060451507568 24.9300899505615 24.601146697998 24.1442604064941 23.4435405731201 22.4080677032471 20.2843799591064 17.2703437805176 15.29283618927 13.8063077926636 13.6042575836182 13.7091121673584 11.8366317749023 9.83413505554199 7.91639089584351 6.2469744682312 5.61683368682861 5.08063983917236 4.74277544021606 4.49497890472412 4.35726356506348 4.26954364776611 4.21823978424072 4.19683599472046 4.18781471252441 4.44141674041748 4.74664449691772 5.46100473403931 6.19230842590332 6.94112300872803 7.72928619384766 8.65579986572266 9.59351348876953 10.5520267486572 11.5422983169556 12.5671710968018 13.5293760299683 14.4510316848755 15.3586196899414 16.2611541748047 17.3653888702393
23.0927467346191 23.1418895721436 23.2041645050049 23.4004802703857 23.6056289672852 23.6787643432617 23.713981628418 23.5563087463379 23.353874206543 23.0433540344238 22.5556182861328 21.8245887756348 19.3519515991211 15.4543752670288 12.4941139221191 9.97783660888672 9.61950778961182 9.7767858505249 8.86491298675537 7.86612558364868 6.6713604927063 5.6104907989502 5.10998582839966 4.70745611190796 4.51175928115845 4.36218452453613 4.26898002624512 4.21654987335205 4.19381856918335 4.17825889587402 4.16566944122314 4.28210687637329 4.42390775680542 4.88206434249878 5.35668563842773 5.87770318984985 6.49247789382935 7.43690776824951 8.33055019378662 9.12987232208252 10.0174751281738 11.001259803772 12.0012893676758 13.0118293762207 14.0202522277832 15.0279150009155 16.1370258331299
22.672327041626 22.6333923339844 22.6028308868408 22.7048454284668 22.8039398193359 22.4577770233154 22.1349411010742 21.9307518005371 21.5151767730713 20.589183807373 19.7460956573486 19.0168285369873 16.868616104126 13.5594625473022 10.9125986099243 8.57944774627686 8.00541019439697 7.85168361663818 7.32268238067627 6.75086641311646 5.93112707138062 5.19785022735596 4.82642555236816 4.53179502487183 4.39928150177002 4.29694223403931 4.23148155212402 4.19324779510498 4.17484664916992 4.16015863418579 4.14700841903687 4.19711637496948 4.25965881347656 4.50906991958618 4.76977252960205 5.07317543029785 5.4630069732666 6.15672397613525 6.82405662536621 7.44238901138306 8.20240783691406 9.11679744720459 10.0193309783936 10.9141941070557 11.9069080352783 12.9347715377808 14.156683921814
