Ecospace-environmental-drivers/Outputs/ASCII-for-ecospace/MOM6-ISIMIP3a/tob/2005-01_tob_MOM6-ISIMIP3a.asc
NCOLS 131 
NROWS 53 
XLLCORNER -98 
YLLCORNER 23.9265270233154 
CELLSIZE 0.133587792515755 
NODATA_value -9999 
[rows 21 to 41 of 53, columns 0 to 46 of 131]
-9999 -9999 -9999 -9999 -9999 -9999 17.7928314208984 17.8099746704102 17.8590202331543 17.9103717803955 17.7742729187012 17.311429977417 17.4877643585205 18.0130138397217 18.4784927368164 18.8750057220459 19.3466758728027 19.8699607849121 20.2929172515869 20.6771354675293 20.9110488891602 21.1184387207031 21.1757984161377 21.2235927581787 21.2190322875977 21.229097366333 21.2865753173828 21.343864440918 21.4008197784424 21.4663925170898 21.540828704834 21.6192741394043 21.700159072876 21.7740039825439 21.8455009460449 21.8929996490479 21.9369659423828 21.9507141113281 21.9642105102539 21.9760990142822 21.9951324462891 22.0340442657471 22.0525608062744 22.0395526885986 22.0287265777588 22.0199031829834 22.0317039489746
-9999 -9999 -9999 -9999 -9999 -9999 17.7941017150879 17.7928314208984 17.8271160125732 17.9057636260986 17.9103717803955 18.101016998291 18.4422130584717 19.0813102722168 19.6217975616455 20.0485038757324 20.4901065826416 20.9419441223145 21.1993389129639 21.3816528320312 20.5044212341309 19.4402122497559 19.3275032043457 19.2397346496582 19.1861743927002 19.1917285919189 19.3889484405518 19.6179962158203 19.9025859832764 20.3888034820557 21.0824909210205 21.4844455718994 21.7086753845215 21.8832225799561 22.0412063598633 21.9022617340088 21.7175464630127 20.8750610351562 20.0155429840088 19.0475654602051 18.3995418548584 18.6421947479248 18.7914752960205 18.7964572906494 18.8882465362549 19.0597076416016 18.7972259521484
-9999 -9999 -9999 -9999 17.7424850463867 17.7819576263428 17.7874431610107 17.8020286560059 17.7928314208984 17.861400604248 18.0584526062012 18.7472820281982 19.4480419158936 20.1724033355713 20.7315692901611 21.1001224517822 21.4052829742432 21.6669082641602 21.6992473602295 21.6430511474609 19.6696624755859 17.3579483032227 17.0921516418457 16.884786605835 16.7910480499268 16.7980499267578 17.131685256958 17.5268383026123 18.0293407440186 18.923698425293 20.2212657928467 20.9548683166504 21.3449096679688 21.6437320709229 21.9121494293213 21.5920829772949 21.181266784668 19.4620780944824 17.716968536377 15.8067874908447 14.5154933929443 14.9470319747925 15.217134475708 15.2377471923828 15.4267587661743 15.7703266143799 15.2378015518188
-9999 -9999 -9999 -9999 17.6466369628906 17.7539043426514 17.7764739990234 17.7874431610107 17.8258094787598 18.3141174316406 18.8478126525879 19.555233001709 20.2633190155029 20.9727210998535 20.8683223724365 19.8249282836914 18.4440593719482 16.831428527832 15.9197444915771 15.2787227630615 13.8938541412354 12.3777198791504 12.4331159591675 12.5181121826172 12.563006401062 12.646538734436 12.8553504943848 13.0599403381348 13.2571592330933 13.7373332977295 14.5086612701416 15.2325744628906 15.9276008605957 16.5859260559082 17.2320156097412 17.0501747131348 16.7426300048828 14.867995262146 13.1059169769287 12.0606365203857 11.3176889419556 11.4163579940796 11.4636011123657 11.4313688278198 11.4941453933716 11.6441202163696 11.2228622436523
-9999 -9999 -9999 -9999 -9999 17.6466369628906 17.8050651550293 17.7655029296875 17.9462757110596 18.7796783447266 19.5892601013184 20.3076667785645 20.9022026062012 21.2516345977783 20.3693714141846 18.0659236907959 15.3619518280029 12.3829212188721 10.8028192520142 9.76289558410645 8.92544651031494 8.1237268447876 8.41576671600342 8.71350860595703 8.85918521881104 8.98573780059814 9.05027770996094 9.08220672607422 9.05722713470459 9.21675968170166 9.56615161895752 10.2501316070557 11.1379384994507 12.0042171478271 12.863320350647 12.7868642807007 12.5694732666016 10.7355546951294 9.10647392272949 8.7818660736084 8.49930858612061 8.3338041305542 8.20682334899902 8.13937950134277 8.09214210510254 8.06345081329346 7.74637889862061
-9999 -9999 -9999 -9999 -9999 17.765100479126 17.6466369628906 18.0206737518311 18.4503421783447 19.3015575408936 20.1206302642822 20.8166675567627 20.7676410675049 19.244348526001 17.0830326080322 14.1855373382568 11.7498054504395 9.63118743896484 8.59111595153809 7.96751117706299 7.49726247787476 7.0540771484375 7.21202564239502 7.37342882156372 7.45392847061157 7.47655868530273 7.31155490875244 7.24932622909546 7.3664493560791 7.61549758911133 8.00029468536377 8.51173496246338 9.10032558441162 9.51007080078125 9.86020183563232 9.74512481689453 9.5603666305542 8.62728500366211 7.78876304626465 7.55242586135864 7.34459733963013 7.21612977981567 7.12817764282227 7.1028413772583 7.01671886444092 6.87480735778809 6.63087129592896
-9999 -9999 18.0405559539795 18.0045185089111 17.9621829986572 17.8837032318115 17.7649593353271 18.326099395752 18.942232131958 19.7836418151855 20.5205879211426 20.8576927185059 20.0561428070068 17.0015087127686 13.9865427017212 11.0173454284668 8.96495151519775 7.54216814041138 6.90026426315308 6.55988645553589 6.35697031021118 6.17831182479858 6.23129272460938 6.28740453720093 6.32734155654907 6.29173135757446 6.01116561889648 5.89985084533691 6.08389234542847 6.37867546081543 6.78740978240967 7.14201259613037 7.46363925933838 7.54420375823975 7.54441452026367 7.39885711669922 7.23238515853882 6.95913887023926 6.69944429397583 6.52604961395264 6.36620616912842 6.24408626556396 6.1629204750061 6.14504718780518 6.03623819351196 5.84396839141846 5.67263698577881
-9999.000000000000000 -9999 -9999 -9999 18.1676712036133 18.0406627655029 18.1129989624023 18.7411766052246 19.4075584411621 20.1788959503174 20.6338214874268 19.8776664733887 18.085844039917 14.2447280883789 11.3042783737183 9.40305805206299 7.98512887954712 6.89909839630127 6.34583711624146 5.99829769134521 5.84481430053711 5.72557544708252 5.7371301651001 5.75569105148315 5.80877256393433 5.81458950042725 5.66715669631958 5.60509443283081 5.69201231002808 5.93700742721558 6.34466171264648 6.57668590545654 6.7017183303833 6.73096418380737 6.72828149795532 6.57000780105591 6.3905200958252 6.25127744674683 6.1084418296814 5.94272899627686 5.77251863479614 5.58978796005249 5.44505882263184 5.35906028747559 5.2629075050354 5.15743494033813 5.05754995346069
-9999 -9999 -9999 -9999 18.4527683258057 18.5786476135254 18.4824390411377 19.0977382659912 19.7581787109375 20.5088214874268 20.703649520874 18.7710666656494 16.1402397155762 12.127781867981 9.40560340881348 8.17220401763916 7.19028568267822 6.38107013702393 5.89057111740112 5.52313995361328 5.39296007156372 5.30464792251587 5.30587387084961 5.31659698486328 5.39013004302979 5.43498182296753 5.38683986663818 5.36207437515259 5.37810468673706 5.55696678161621 5.90337991714478 6.02547311782837 6.01091146469116 6.00966024398804 6.01284503936768 5.8652515411377 5.69758892059326 5.63685894012451 5.5642786026001 5.41623163223267 5.2593035697937 5.07765436172485 4.92813062667847 4.82825422286987 4.75454235076904 4.70484399795532 4.64993762969971
-9999 -9999 -9999 -9999 18.658821105957 18.7389945983887 18.8379917144775 19.3806838989258 19.9644889831543 20.7565574645996 20.7188701629639 17.5052299499512 14.2257032394409 10.8158006668091 8.4927453994751 7.42374134063721 6.62816143035889 6.02035474777222 5.56005764007568 5.15672016143799 5.01697158813477 4.92373847961426 4.95375871658325 4.99402666091919 5.09720325469971 5.1780800819397 5.18665266036987 5.18414258956909 5.16229200363159 5.25445747375488 5.46394348144531 5.49201631546021 5.40957307815552 5.40401887893677 5.42409467697144 5.31661462783813 5.1920280456543 5.1399998664856 5.07904243469238 4.96122217178345 4.84733104705811 4.74437713623047 4.66399192810059 4.61848592758179 4.57952547073364 4.54657220840454 4.50334405899048
-9999 -9999 -9999 -9999 18.7389945983887 18.8588314056396 18.9995059967041 19.5758953094482 20.1989345550537 21.0132904052734 20.9131908416748 17.3129367828369 13.7467679977417 10.2480421066284 7.89627599716187 6.867919921875 6.16031742095947 5.6729907989502 5.27606058120728 4.9140362739563 4.78439664840698 4.69576549530029 4.73125028610229 4.77642345428467 4.8796854019165 4.96767282485962 5.00613403320312 5.02093553543091 4.99444913864136 5.02352523803711 5.10977363586426 5.09202909469604 5.01093339920044 4.9958963394165 5.00287866592407 4.93458890914917 4.85613346099854 4.81066703796387 4.75948429107666 4.6719012260437 4.59326553344727 4.53953790664673 4.50000429153442 4.4824070930481 4.46270656585693 4.44107532501221 4.40483045578003
-9999 -9999 -9999 -9999 18.8657779693604 18.9995059967041 19.7111015319824 19.70530128479 20.4544792175293 21.2767715454102 21.2418384552002 17.9258117675781 14.3445491790771 10.2384586334229 7.53710031509399 6.45658206939697 5.76318454742432 5.33563995361328 5.02695083618164 4.76415634155273 4.65938329696655 4.58249616622925 4.60594844818115 4.6375470161438 4.71872568130493 4.79213762283325 4.84036684036255 4.86877250671387 4.86258459091187 4.84627628326416 4.81955432891846 4.79214572906494 4.76431894302368 4.73591375350952 4.70731544494629 4.67752313613892 4.64749050140381 4.6069803237915 4.56418657302856 4.50684881210327 4.45763301849365 4.43102884292603 4.41112995147705 4.40159511566162 4.38953590393066 4.37516069412231 4.34237623214722
-9999 -9999 -9999 -9999 18.9995059967041 19.9037113189697 20.2977561950684 20.5637035369873 20.6134376525879 21.4226264953613 21.5725288391113 19.19895362854 15.8745946884155 10.6689043045044 7.39042615890503 6.33564758300781 5.651686668396 5.22238349914551 4.92266321182251 4.67297983169556 4.57571601867676 4.50534915924072 4.50377035140991 4.50618839263916 4.52935743331909 4.55641937255859 4.59610414505005 4.62794208526611 4.64608764648438 4.64461088180542 4.62294292449951 4.60020685195923 4.576819896698 4.53937101364136 4.49723529815674 4.4909553527832 4.48949241638184 4.46879291534424 4.44530916213989 4.40409469604492 4.36857032775879 4.34888648986816 4.33563470840454 4.33232307434082 4.32431650161743 4.31200122833252 4.28567218780518
-9999 -9999 -9999 -9999 -9999 20.5073833465576 20.606481552124 20.6242637634277 20.7309970855713 21.5180702209473 21.9040946960449 20.755069732666 17.8041877746582 11.2879371643066 7.33482503890991 6.33917284011841 5.66260576248169 5.20516920089722 4.88044357299805 4.60696268081665 4.50976848602295 4.44368362426758 4.41150331497192 4.3780517578125 4.32781410217285 4.29490804672241 4.318199634552 4.34911060333252 4.39331912994385 4.43248081207275 4.46645021438599 4.45453023910522 4.4146556854248 4.37001705169678 4.32379102706909 4.33460140228271 4.35320043563843 4.35867691040039 4.35918378829956 4.328040599823 4.29946708679199 4.27804517745972 4.26587343215942 4.26799726486206 4.26250505447388 4.25002241134644 4.23143243789673
-9999 -9999 -9999 -9999 -9999 20.6093883514404 20.6179122924805 20.631477355957 20.6980667114258 21.5012683868408 22.0543804168701 21.6502685546875 18.9513244628906 11.7115564346313 7.38965702056885 6.43451929092407 5.76583766937256 5.29387760162354 4.91603374481201 4.57453155517578 4.44821929931641 4.3598804473877 4.31197118759155 4.26496648788452 4.21812582015991 4.18562269210815 4.19960737228394 4.21982955932617 4.25093698501587 4.2830171585083 4.3160982131958 4.31137609481812 4.28362464904785 4.25123167037964 4.21729230880737 4.22960901260376 4.24830150604248 4.26465559005737 4.27644872665405 4.25919771194458 4.24223518371582 4.22607612609863 4.21678018569946 4.21809196472168 4.21328592300415 4.20286512374878 4.19049215316772
-9999 -9999 -9999 -9999 -9999 20.6203460693359 20.6037712097168 20.5979957580566 20.6339988708496 21.4612407684326 22.1671619415283 22.4087219238281 19.9365692138672 12.0947456359863 7.46733808517456 6.54886388778687 5.88816833496094 5.40450143814087 4.96772289276123 4.54904985427856 4.38757944107056 4.27149772644043 4.21093559265137 4.15499591827393 4.12744283676147 4.10783290863037 4.11397695541382 4.12149095535278 4.13139390945435 4.14651918411255 4.16701698303223 4.16874361038208 4.15903472900391 4.14290952682495 4.1246452331543 4.13524341583252 4.14989805221558 4.17396402359009 4.19441509246826 4.19184589385986 4.18745946884155 4.17801141738892 4.17196369171143 4.17117023468018 4.16667222976685 4.15877437591553 4.15230321884155
-9999 -9999 -9999 -9999 -9999 -9999 20.6393566131592 20.5818424224854 20.6537837982178 21.5671825408936 22.2074661254883 21.8023738861084 19.0963039398193 11.8372411727905 7.55906963348389 6.72037887573242 6.06802558898926 5.54363775253296 5.02163791656494 4.50056028366089 4.31664943695068 4.19223833084106 4.15266990661621 4.11752033233643 4.10371065139771 4.0938138961792 4.09660387039185 4.09999370574951 4.10443067550659 4.11155223846436 4.12143611907959 4.12266159057617 4.11861181259155 4.11127376556396 4.10283946990967 4.10832071304321 4.1157751083374 4.13020038604736 4.14285326004028 4.14421892166138 4.14419078826904 4.14028358459473 4.13751602172852 4.13650894165039 4.13331270217896 4.12810659408569 4.12357711791992
-9999 -9999 -9999 -9999 -9999 -9999 20.7334442138672 20.7382297515869 20.6985607147217 21.6840190887451 22.2268486022949 21.0754852294922 18.0956172943115 11.4976511001587 7.61464309692383 6.86427164077759 6.22766542434692 5.66918611526489 5.06875658035278 4.45212841033936 4.24890661239624 4.11863851547241 4.10034656524658 4.08605098724365 4.08462858200073 4.08352136611938 4.08343601226807 4.08341360092163 4.08350086212158 4.08366966247559 4.08392190933228 4.08438348770142 4.08497285842896 4.08534622192383 4.08564758300781 4.08629369735718 4.0870156288147 4.09168148040771 4.09630489349365 4.10065937042236 4.10414505004883 4.10521411895752 4.1054573059082 4.10442399978638 4.10257339477539 4.09997177124023 4.09714555740356
-9999 -9999 -9999 -9999 -9999 -9999 20.8774299621582 20.8802623748779 20.9698696136475 21.8473320007324 22.0576953887939 19.714693069458 16.2557010650635 10.5884790420532 7.27780103683472 6.68620586395264 6.1441707611084 5.63617134094238 5.04231548309326 4.41530752182007 4.22007989883423 4.10104846954346 4.090980052948 4.08402967453003 4.08317518234253 4.08252239227295 4.08252382278442 4.08257293701172 4.08270597457886 4.08285284042358 4.08301448822021 4.08323621749878 4.08349514007568 4.08367586135864 4.08383083343506 4.08427381515503 4.08476638793945 4.08668947219849 4.0886754989624 4.09106636047363 4.0929799079895 4.09356451034546 4.09393215179443 4.09396314620972 4.09345388412476 4.09244823455811 4.09067344665527
-9999 -9999 -9999 -9999 -9999 20.781867980957 20.9923133850098 21.0137996673584 21.2977237701416 22.0482063293457 21.9274578094482 18.4720096588135 14.5644960403442 9.76247692108154 6.96015977859497 6.46518421173096 5.98283576965332 5.50915861129761 4.95099973678589 4.36021900177002 4.18669271469116 4.08679866790771 4.08354043960571 4.08247566223145 4.0820574760437 4.08176231384277 4.08186531066895 4.08198690414429 4.08214044570923 4.08226013183594 4.0823450088501 4.08237218856812 4.08236408233643 4.08238887786865 4.08242464065552 4.08267068862915 4.08294296264648 4.08277988433838 4.08274078369141 4.0834903717041 4.08408117294312 4.08422946929932 4.08462715148926 4.08540964126587 4.08589124679565 4.08609580993652 4.08527612686157
-9999 -9999 -9999 -9999 20.5211715698242 20.7400703430176 20.781867980957 21.2933254241943 21.8329200744629 22.3868083953857 21.9399032592773 17.662389755249 13.4185743331909 9.24143600463867 6.71292018890381 6.08665704727173 5.5360803604126 5.03748035430908 4.62180519104004 4.23814964294434 4.13658332824707 4.08479738235474 4.08316278457642 4.08263444900513 4.0821704864502 4.08187675476074 4.08213710784912 4.08233308792114 4.0824179649353 4.08248901367188 4.08254623413086 4.08254432678223 4.08250617980957 4.0825080871582 4.08252334594727 4.08259677886963 4.08267879486084 4.08284044265747 4.08301973342896 4.08331108093262 4.08349561691284 4.08338165283203 4.08346462249756 4.08385181427002 4.08403778076172 4.08403873443604 4.08382081985474
