Ecospace-environmental-drivers/Outputs/ASCII-for-ecospace/MOM6-ISIMIP3a/tob/2006-08_tob_MOM6-ISIMIP3a.asc
NCOLS 131 
NROWS 53 
XLLCORNER -98 
YLLCORNER 23.9265270233154 
CELLSIZE 0.133587792515755 
NODATA_value -9999 
[rows 0 to 20 of 53, columns 47 to 93 of 131]
-9999 -9999 -9999 -9999 -9999 -9999 -9999 -9999 -9999 -9999 -9999 -9999 -9999 -9999 -9999 -9999 -9999 -9999 -9999 -9999 -9999 -9999 -9999 -9999 -9999 -9999 -9999 -9999 -9999 -9999 -9999 -9999 -9999 -9999 -9999 -9999 -9999 -9999 -9999 -9999 -9999 -9999 -9999 -9999 -9999 -9999 -9999
-9999 -9999 -9999 -9999 -9999 -9999 -9999 -9999 -9999 -9999 -9999 -9999 -9999 -9999 -9999 -9999 -9999 -9999 -9999 -9999 -9999 -9999 -9999 -9999 -9999 -9999 -9999 -9999 -9999 -9999 -9999 -9999 -9999 -9999 -9999 -9999 -9999 -9999 -9999 -9999 -9999 -9999 -9999 -9999 -9999 -9999 -9999
-9999 -9999 -9999 -9999 -9999 -9999 -9999 -9999 -9999 -9999 -9999 -9999 -9999 -9999 -9999 -9999 -9999 -9999 -9999 -9999 -9999 -9999 -9999 -9999 -9999 -9999 -9999 28.3851490020752 28.5507049560547 -9999 -9999 -9999 -9999 -9999 -9999 -9999 -9999 -9999 -9999 -9999 -9999 -9999 -9999 -9999 -9999 -9999 -9999
-9999 -9999 -9999 -9999 -9999 -9999 -9999 -9999 -9999 -9999 -9999 -9999 -9999 -9999 -9999 -9999 -9999 -9999 -9999 -9999 -9999 -9999 -9999 -9999 -9999 -9999 -9999 28.3862552642822 28.5827541351318 -9999 -9999 -9999 -9999 -9999 -9999 -9999 -9999 -9999 -9999 -9999 -9999 -9999 -9999 -9999 -9999 -9999 -9999
-9999 -9999 -9999 -9999 -9999 -9999 -9999 -9999 -9999 -9999 -9999 -9999 -9999 -9999 -9999 -9999 -9999 -9999 30.9089488983154 30.7784748077393 30.6740970611572 30.0652313232422 29.537712097168 28.6543979644775 28.1303558349609 28.0140361785889 28.1397151947021 28.4055614471436 28.613489151001 28.729211807251 -9999 -9999 28.1042766571045 27.2286415100098 25.9656009674072 24.808084487915 24.2712383270264 24.3906688690186 25.0503978729248 25.8087253570557 26.7150077819824 27.6724224090576 -9999 -9999 -9999 -9999 -9999
-9999 -9999 -9999 -9999 -9999 -9999 -9999 -9999 -9999 -9999 -9999 -9999 -9999 -9999 31.2590293884277 -9999 31.2042808532715 31.1583042144775 31.0303916931152 30.9089488983154 30.7523803710938 30.6740970611572 29.4563655853271 28.4826717376709 28.0241565704346 27.8842391967773 28.1337146759033 28.4011917114258 28.6817798614502 28.7574939727783 28.7483596801758 28.61399269104 28.4550094604492 27.2438297271729 25.9870853424072 24.6658897399902 23.771276473999 24.3765506744385 25.0241794586182 25.7504653930664 26.6515312194824 27.7430286407471 28.622709274292 29.3653392791748 -9999 -9999 -9999
-9999 -9999 -9999 -9999 -9999 -9999 -9999 -9999 -9999 -9999 31.3023777008057 31.309045791626 31.3156108856201 31.3377876281738 31.3107261657715 31.2645587921143 31.2534999847412 31.2010364532471 31.1583042144775 31.0239219665527 30.9089488983154 30.6740970611572 29.4563655853271 28.4826717376709 28.0241565704346 27.8842391967773 28.1337146759033 28.4011917114258 28.6817798614502 28.7574939727783 28.7483596801758 28.61399269104 28.4550094604492 27.2438297271729 25.9870853424072 24.6658897399902 23.771276473999 24.3765506744385 25.0241794586182 25.7504653930664 26.6515312194824 27.7430286407471 28.622709274292 29.3653392791748 29.5616016387939 29.2866439819336 -9999
-9999 -9999 -9999 -9999 -9999 -9999 -9999 -9999 -9999 -9999 31.2666244506836 31.3023777008057 31.3157157897949 -9999 31.3689098358154 31.3379249572754 31.2756175994873 31.2534999847412 31.1913032531738 31.1583042144775 31.0045127868652 30.5713481903076 28.9689807891846 27.620418548584 26.8076648712158 26.4787254333496 26.7411041259766 27.0388793945312 27.3624362945557 27.4888439178467 27.5336074829102 26.9429588317871 26.2274055480957 24.8262500762939 23.4389343261719 22.4348449707031 21.7671604156494 22.2822875976562 22.9227981567383 23.7961540222168 24.9170703887939 26.3077125549316 27.3683547973633 28.2154731750488 28.8619575500488 29.436372756958 29.971736907959
-9999 -9999 -9999 -9999 -9999 -9999 -9999 -9999 -9999 -9999 -9999 -9999 -9999 -9999 31.3547897338867 31.422887802124 31.3828296661377 31.2977333068848 31.2534999847412 31.1621074676514 30.9888458251953 30.4588413238525 28.4358386993408 26.6785907745361 25.4823760986328 24.9486541748047 25.2246284484863 25.5518989562988 25.9165306091309 26.0895519256592 26.183219909668 25.0927486419678 23.7695045471191 22.150032043457 20.6108684539795 19.9633884429932 19.5530700683594 19.976619720459 20.6141090393066 21.6489067077637 23.0090980529785 24.7238159179688 25.9873695373535 26.9590015411377 28.1141166687012 29.3351440429688 30.1703834533691
30.9665946960449 -9999 -9999 -9999 -9999 -9999 -9999 -9999 -9999 -9999 31.0368900299072 31.2299766540527 -9999 -9999 -9999 31.4062652587891 31.5066699981689 31.4499797821045 31.341968536377 31.3323059082031 31.0542221069336 30.4027080535889 28.1883487701416 26.2888317108154 25.0539684295654 24.4937801361084 24.7581825256348 24.9731483459473 25.1521072387695 25.0413303375244 24.8105640411377 23.4636478424072 21.8973236083984 19.8136596679688 17.8925666809082 17.7467803955078 17.7714347839355 18.3953647613525 19.1961154937744 20.3252449035645 21.7545166015625 23.5108051300049 25.0399627685547 26.422155380249 27.6687088012695 28.8665370941162 29.9165000915527
30.9877815246582 30.990909576416 -9999 -9999 -9999 -9999 -9999 -9999 -9999 -9999 30.921875 30.9203281402588 31.2299766540527 -9999 -9999 31.4090747833252 31.5073413848877 31.6035938262939 31.543493270874 31.4424495697021 30.9018115997314 30.0174465179443 27.6945552825928 25.7316074371338 24.5285205841064 23.9579048156738 24.1602954864502 24.2249584197998 24.189302444458 23.7088489532471 23.0441913604736 21.38840675354 19.5377883911133 17.2076301574707 15.1039638519287 15.3863153457642 15.8031988143921 16.6931018829346 17.6964511871338 18.9104862213135 20.3992176055908 22.1872406005859 23.9648380279541 25.7356872558594 27.0816822052002 28.2750625610352 29.4712142944336
30.9877815246582 30.9971656799316 31.1205101013184 31.2396087646484 -9999 -9999 -9999 -9999 -9999 -9999 -9999 30.7245712280273 30.8009262084961 31.2299766540527 31.3023777008057 31.4090747833252 31.5073413848877 31.6035938262939 31.4731483459473 31.2304859161377 29.5812225341797 27.866792678833 25.8796291351318 24.2761268615723 23.4825630187988 22.9875392913818 22.8573913574219 22.5679244995117 22.1624145507812 20.8516578674316 19.1660079956055 16.9201526641846 14.5641756057739 13.1552295684814 11.9382743835449 12.2542238235474 12.8340673446655 14.3417720794678 15.7587156295776 17.0071067810059 18.5036926269531 20.2706909179688 22.2046604156494 24.2466697692871 25.7350463867188 27.0245513916016 27.9992809295654
30.9843482971191 31.0717830657959 31.1713390350342 31.2417526245117 -9999 -9999 -9999 -9999 31.1785469055176 31.1683311462402 30.9987640380859 30.6104278564453 30.5645198822021 30.7987766265869 30.9839000701904 31.1457500457764 31.2884559631348 31.4265880584717 31.2367725372314 30.8637542724609 28.1521263122559 25.6264972686768 23.8793029785156 22.4299182891846 21.6092300415039 20.8473033905029 20.1571941375732 19.4136981964111 18.6313152313232 16.8983840942383 14.7717971801758 12.5181922912598 10.2396183013916 9.72580909729004 9.36033916473389 9.80552864074707 10.5629549026489 12.4182233810425 14.0668087005615 15.3315591812134 16.78000831604 18.4286041259766 20.3541049957275 22.458776473999 23.9710807800293 25.270601272583 26.3304042816162
30.9723320007324 31.0658626556396 31.1708374023438 31.2417526245117 31.305736541748 31.2767505645752 31.2462940216064 31.2083606719971 31.1785469055176 31.1683311462402 30.9987640380859 30.6104278564453 30.1984214782715 29.7670478820801 29.8692111968994 30.2241020202637 30.522346496582 30.8070545196533 30.5853214263916 30.1100978851318 26.4517478942871 23.1620960235596 21.4154739379883 19.6068706512451 17.6674156188965 15.7823314666748 13.9636974334717 12.5164108276367 11.3396081924438 10.2048473358154 9.08749771118164 8.28196811676025 7.53773641586304 7.85387134552002 8.25181770324707 9.06535720825195 10.0369281768799 11.5641508102417 12.9894847869873 14.2256002426147 15.4859409332275 16.7726745605469 18.2775917053223 19.9236831665039 21.1637763977051 22.2580280303955 24.1691551208496
30.717586517334 30.8548717498779 31.0000648498535 31.0979824066162 31.1865501403809 31.153284072876 31.1173610687256 31.0679187774658 31.0007266998291 30.8906745910645 30.5618648529053 29.9327278137207 29.1316909790039 28.1900100708008 28.1406288146973 28.5139141082764 28.888500213623 29.2633991241455 28.519359588623 27.4880046844482 23.393669128418 19.7226982116699 17.8235530853271 15.7962675094604 13.4984703063965 11.2991380691528 9.22015190124512 7.67211437225342 6.51081228256226 5.87433195114136 5.45519828796387 5.5444540977478 5.73364686965942 6.61070346832275 7.52520847320557 8.55669212341309 9.63608741760254 10.8839426040649 12.1141357421875 13.3115272521973 14.4568023681641 15.5452938079834 16.7334175109863 17.9860076904297 19.0750179290771 20.1052684783936 22.2559566497803
30.1196670532227 30.3539428710938 30.5885639190674 30.7509517669678 30.898853302002 30.8552589416504 30.8061408996582 30.7289161682129 30.5715026855469 30.2204627990723 29.5072689056396 28.2968864440918 27.0743980407715 25.842004776001 25.5441131591797 25.6888751983643 26.0278377532959 26.4132022857666 24.4535331726074 22.2242794036865 18.4160461425781 14.9048385620117 12.6367139816284 10.5894403457642 9.00839996337891 7.63847351074219 6.52657175064087 5.73037195205688 5.16412401199341 4.88469743728638 4.72405385971069 4.92584037780762 5.19887161254883 6.25650119781494 7.33855295181274 8.37533664703369 9.4122371673584 10.4495487213135 11.5243434906006 12.6687488555908 13.8022270202637 14.9238014221191 15.9418706893921 16.8929672241211 18.0021553039551 19.1681327819824 20.6934490203857
28.8583583831787 29.2012634277344 29.5581035614014 29.8680553436279 30.1629428863525 30.1806449890137 30.1717338562012 30.0274467468262 29.771427154541 29.2456207275391 28.3001899719238 26.7786712646484 25.0411853790283 23.1270046234131 22.4596252441406 22.3828315734863 22.6141948699951 22.919189453125 20.2698459625244 17.3865089416504 14.0514812469482 10.981671333313 9.02182197570801 7.36671495437622 6.35494232177734 5.56438541412354 5.04419994354248 4.69131803512573 4.46029806137085 4.36937046051025 4.33646011352539 4.60540294647217 4.93368339538574 6.01807832717896 7.11669588088989 8.08071613311768 9.02713298797607 9.91165733337402 10.8692617416382 11.9625864028931 13.0848159790039 14.2385406494141 15.2129211425781 16.0712585449219 17.1537609100342 18.3167896270752 19.4722347259521
27.0383949279785 27.4997329711914 28.0064029693604 28.533899307251 29.0495853424072 29.1888961791992 29.2651634216309 29.0207347869873 28.6590480804443 28.0142383575439 26.9646968841553 25.3595123291016 23.0282554626465 20.1029491424561 18.9642066955566 18.671724319458 18.7348804473877 18.8830108642578 15.9869041442871 12.9074420928955 10.2031841278076 7.81194019317627 6.73069477081299 5.81483840942383 5.24813079833984 4.8263840675354 4.58180856704712 4.41243553161621 4.29783868789673 4.25346660614014 4.23817682266235 4.53606605529785 4.89551830291748 5.87715482711792 6.86519575119019 7.69071435928345 8.50623607635498 9.28660869598389 10.1591987609863 11.2030467987061 12.314489364624 13.4995794296265 14.5366859436035 15.4780387878418 16.4943962097168 17.5376930236816 18.5384273529053
25.4728946685791 25.8453121185303 26.2712478637695 26.7724838256836 27.2703723907471 27.4697036743164 27.6040859222412 27.4080829620361 27.0941009521484 26.495246887207 25.5596408843994 24.1617202758789 21.5122661590576 17.8388404846191 15.8206005096436 14.5863838195801 14.4250087738037 14.5199718475342 12.3404893875122 10.0268859863281 8.035400390625 6.29895973205566 5.62990999221802 5.07193946838379 4.74846601486206 4.50981140136719 4.37482166290283 4.28555488586426 4.22959184646606 4.20326042175293 4.18919992446899 4.41836881637573 4.69535112380981 5.45549774169922 6.22179412841797 6.87337255477905 7.56075763702393 8.37403964996338 9.21796989440918 10.1188144683838 11.117600440979 12.2230987548828 13.2539091110229 14.2363948822021 15.2407817840576 16.2530345916748 17.3564128875732
24.0319213867188 24.2139434814453 24.4463119506836 24.8019828796387 25.1653079986572 25.3945217132568 25.5737762451172 25.4989013671875 25.3076763153076 24.835506439209 24.1205444335938 23.0722599029541 20.2394638061523 15.946629524231 12.8491592407227 10.3179063796997 9.90443706512451 9.99697780609131 9.00557041168213 7.92859411239624 6.69001054763794 5.59674406051636 5.11164331436157 4.72492980957031 4.54592084884644 4.39947319030762 4.29282236099243 4.23305988311768 4.20745038986206 4.18520450592041 4.16435194015503 4.27700614929199 4.4159049987793 4.8964581489563 5.3866081237793 5.84690380096436 6.40750169754028 7.32076787948608 8.16361522674561 8.87568664550781 9.71196556091309 10.6835708618164 11.6743106842041 12.6774301528931 13.6963605880737 14.7209692001343 16.0529365539551
23.5219841003418 23.5987434387207 23.7024478912354 23.8881187438965 24.0589790344238 23.6034317016602 23.197359085083 23.0429649353027 22.6532230377197 21.6952133178711 20.7283229827881 19.7492408752441 17.3991622924805 13.9273672103882 11.1775016784668 8.76959609985352 8.13228607177734 7.91803073883057 7.37645483016968 6.79312133789062 5.92930126190186 5.16799354553223 4.83571004867554 4.56754207611084 4.43472623825073 4.32832098007202 4.25419425964355 4.20977354049683 4.18699026107788 4.16523122787476 4.14389610290527 4.19391584396362 4.25796270370483 4.52144050598145 4.79225015640259 5.06252861022949 5.4244384765625 6.1085262298584 6.74713850021362 7.30129766464233 8.01408290863037 8.89969825744629 9.78786945343018 10.6776933670044 11.6290740966797 12.6025657653809 14.0083303451538
