Ecospace-environmental-drivers/Outputs/ASCII-for-ecospace/MOM6-ISIMIP3a/tob/2006-05_tob_MOM6-ISIMIP3a.asc
NCOLS 131 
NROWS 53 
XLLCORNER -98 
YLLCORNER 23.9265270233154 
CELLSIZE 0.133587792515755 
NODATA_value -9999 
[rows 21 to 41 of 53, columns 0 to 46 of 131]
-9999 -9999 -9999 -9999 -9999 -9999 22.2918720245361 22.333044052124 22.4478950500488 22.6414241790771 23.0050239562988 23.5734386444092 23.4374942779541 23.0325546264648 22.6916236877441 22.4245491027832 22.2262439727783 22.0751647949219 22.0592060089111 22.0954189300537 22.105712890625 22.1114311218262 22.1326236724854 22.1551666259766 22.1861305236816 22.2134876251221 22.2291526794434 22.2401714324951 22.2430801391602 22.2658748626709 22.3091316223145 22.3532466888428 22.3978862762451 22.4196548461914 22.4338035583496 22.4434680938721 22.4524250030518 22.4491882324219 22.440860748291 22.4001045227051 22.376558303833 22.4009284973145 22.4387245178223 22.4972686767578 22.5171318054199 22.5014896392822 22.3087730407715
-9999 -9999 -9999 -9999 -9999 -9999 22.2843742370605 22.2918720245361 22.3742179870605 22.4840660095215 22.6414241790771 22.8002071380615 22.8346939086914 22.6232280731201 22.4472751617432 22.3123016357422 22.1936645507812 22.0862464904785 21.9571685791016 21.8197250366211 20.9897422790527 20.0375480651855 19.8785228729248 19.7481422424316 19.7117137908936 19.7266941070557 19.9083633422852 20.1454372406006 20.4791965484619 20.8650245666504 21.3044338226318 21.5875110626221 21.7753486633301 21.8768692016602 21.9496154785156 21.8088550567627 21.6347827911377 20.9321041107178 20.2038021087646 19.3123359680176 18.7185382843018 18.9533805847168 19.0763130187988 19.0262985229492 19.0757808685303 19.2165794372559 18.9031791687012
-9999 -9999 -9999 -9999 22.6701583862305 22.3976707458496 22.2789325714111 22.2823181152344 22.2918720245361 22.4565620422363 22.5464019775391 22.3497428894043 22.2279300689697 22.2542152404785 22.2274646759033 22.139518737793 22.0096893310547 21.851095199585 21.5509071350098 21.196044921875 19.5333366394043 17.639835357666 17.3148555755615 17.045072555542 16.9490451812744 16.9565811157227 17.299919128418 17.7552165985107 18.4058933258057 19.1442642211914 19.9728698730469 20.5070991516113 20.8619956970215 21.0667209625244 21.2213859558105 20.9287872314453 20.5667934417725 19.1513328552246 17.6943244934082 15.9727249145508 14.8196182250977 15.2490539550781 15.446813583374 15.2865295410156 15.3624887466431 15.6552724838257 15.2314605712891
-9999 -9999 -9999 -9999 23.2970581054688 22.7069721221924 22.5164108276367 22.2789325714111 22.2761516571045 22.2407569885254 22.1968460083008 22.1203346252441 22.0520286560059 21.9999580383301 21.3488273620605 20.0064754486084 18.5859870910645 17.1118392944336 16.1424522399902 15.3679714202881 14.1277923583984 12.8054313659668 12.7411766052246 12.7130441665649 12.7563629150391 12.8352766036987 13.0296039581299 13.2597808837891 13.5525169372559 13.9904432296753 14.5777673721313 15.2608394622803 16.0022411346436 16.6162261962891 17.1877384185791 16.9376373291016 16.5661888122559 15.1120557785034 13.698094367981 12.5399551391602 11.7112989425659 11.799840927124 11.7865839004517 11.6160020828247 11.597957611084 11.7199115753174 11.3648405075073
-9999 -9999 -9999 -9999 -9999 23.2970581054688 22.7354907989502 22.7538890838623 22.2131538391113 22.0362319946289 21.8964900970459 21.8990535736084 21.771167755127 21.385160446167 20.0556011199951 17.6373310089111 15.2031841278076 12.7581357955933 11.3061113357544 10.2375297546387 9.41470336914062 8.63524532318115 8.77212429046631 8.92787170410156 9.07364463806152 9.19374847412109 9.23062038421631 9.25916290283203 9.27317047119141 9.47936248779297 9.88330745697021 10.6582679748535 11.6592473983765 12.5175409317017 13.3282747268677 13.121787071228 12.7672843933105 11.3807220458984 10.0953521728516 9.4544095993042 8.93441390991211 8.75110626220703 8.57623958587646 8.41441631317139 8.31924057006836 8.28523254394531 7.99007415771484
-9999 -9999 -9999 -9999 -9999 23.1468067169189 23.2970581054688 22.61208152771 21.9428596496582 21.8811683654785 21.811861038208 21.713399887085 21.0300788879395 19.1894817352295 16.944507598877 14.2329454421997 11.9997129440308 10.094970703125 8.97833251953125 8.16601085662842 7.73784160614014 7.37746381759644 7.45419073104858 7.5405068397522 7.62697315216064 7.65590476989746 7.49828624725342 7.42817735671997 7.5107798576355 7.78651094436646 8.26096820831299 8.87808513641357 9.58210945129395 9.96144771575928 10.2325572967529 10.0745849609375 9.85276508331299 8.99962711334229 8.2179479598999 7.89134407043457 7.61077642440796 7.45836114883423 7.3385157585144 7.26900482177734 7.17067575454712 7.04589796066284 6.77194881439209
-9999 -9999 22.8788414001465 22.8961162567139 22.8968372344971 22.9963760375977 23.1469841003418 22.4519996643066 21.7716007232666 21.7841739654541 21.7136325836182 21.3249568939209 20.0380916595459 16.9739589691162 14.091121673584 11.4174737930298 9.47116279602051 8.02434730529785 7.18232154846191 6.57382678985596 6.41910409927368 6.34445905685425 6.37534427642822 6.41087770462036 6.46589279174805 6.44530534744263 6.17958211898804 6.05300426483154 6.16924810409546 6.47716379165649 6.98230648040771 7.43326711654663 7.85122013092041 7.89683866500854 7.81834697723389 7.70164585113525 7.57736349105835 7.13337564468384 6.73318338394165 6.61189222335815 6.48417282104492 6.33855819702148 6.24022960662842 6.21497821807861 6.11764287948608 5.9541482925415 5.73323917388916
-9999.000000000000000 -9999 -9999 -9999 22.7951335906982 22.7972984313965 22.7055511474609 22.2520408630371 21.8164215087891 21.8138809204102 21.5857315063477 20.4940567016602 18.4986801147461 14.7151317596436 11.8000135421753 9.88692569732666 8.41519546508789 7.24656629562378 6.54654979705811 6.02748203277588 5.88174247741699 5.80188417434692 5.81814956665039 5.84358882904053 5.92793226242065 5.94870519638062 5.76335668563843 5.67234802246094 5.74596977233887 6.00456714630127 6.45350027084351 6.72016620635986 6.8757963180542 6.90458011627197 6.89108180999756 6.79985237121582 6.69642210006714 6.39043855667114 6.10510063171387 5.95124387741089 5.78747034072876 5.59609127044678 5.44617605209351 5.36034154891968 5.27304458618164 5.18440628051758 5.08598709106445
-9999 -9999 -9999 -9999 22.6894264221191 22.5917263031006 22.5392074584961 22.227123260498 21.9228992462158 21.8710327148438 21.410285949707 19.3845081329346 16.7111797332764 12.7565240859985 9.99796009063721 8.6194953918457 7.52223300933838 6.61808443069458 6.02558755874634 5.55343151092529 5.41316747665405 5.33147144317627 5.34449243545532 5.36896228790283 5.47155857086182 5.52888298034668 5.43941736221313 5.39104795455933 5.41439533233643 5.5989146232605 5.94927549362183 6.06649208068848 6.0416784286499 6.06237554550171 6.09824323654175 6.0191068649292 5.92339849472046 5.73358583450317 5.54841613769531 5.39281415939331 5.23074674606323 5.05068206787109 4.90494155883789 4.81224679946899 4.74778890609741 4.70924615859985 4.67377090454102
-9999 -9999 -9999 -9999 22.6354904174805 22.679256439209 22.7332954406738 22.4224224090576 22.1069450378418 21.9627170562744 21.1750202178955 17.9243984222412 14.6115608215332 11.1756162643433 8.81117916107178 7.68309020996094 6.83434343338013 6.17743349075317 5.64906549453735 5.17033290863037 5.03113079071045 4.95184564590454 4.97593116760254 5.01091194152832 5.11782836914062 5.20565414428711 5.23158073425293 5.23474645614624 5.19819211959839 5.27748346328735 5.47597599029541 5.4875807762146 5.38533449172974 5.40895175933838 5.47452306747437 5.39064884185791 5.28614377975464 5.18503475189209 5.08155584335327 4.96298360824585 4.85012865066528 4.75318717956543 4.68177270889282 4.64980840682983 4.62429189682007 4.60469388961792 4.55724906921387
-9999 -9999 -9999 -9999 22.679256439209 22.7446708679199 22.8214626312256 22.5838890075684 22.3387432098389 22.1514530181885 21.2586040496826 17.6651763916016 14.0731134414673 10.4837484359741 8.05886745452881 6.97761821746826 6.24584341049194 5.75406837463379 5.32912683486938 4.92999219894409 4.80859518051147 4.73620939254761 4.75852584838867 4.79073810577393 4.88813543319702 4.98381519317627 5.07392501831055 5.10914134979248 5.04856204986572 5.05027341842651 5.11608028411865 5.08412742614746 4.99262046813965 4.99844264984131 5.03670835494995 4.97308015823364 4.8955283164978 4.84009456634521 4.77982997894287 4.68880271911621 4.60926961898804 4.56173276901245 4.53050231933594 4.52447128295898 4.5151162147522 4.50271129608154 4.45632266998291
-9999 -9999 -9999 -9999 22.748462677002 22.8214626312256 22.7568893432617 22.7199802398682 22.6063556671143 22.4129772186279 21.5813255310059 18.3066349029541 14.7055616378784 10.4586696624756 7.63241338729858 6.44534921646118 5.73188638687134 5.34366798400879 5.05162620544434 4.79672193527222 4.70568609237671 4.64356756210327 4.65448951721191 4.67397260665894 4.75147151947021 4.83801937103271 4.95390605926514 5.00655889511108 4.94886207580566 4.89373064041138 4.84123802185059 4.81226921081543 4.79763174057007 4.77012252807617 4.73832368850708 4.71368026733398 4.6898946762085 4.64786386489868 4.60195589065552 4.53135967254639 4.47323083877563 4.44981002807617 4.43315601348877 4.42696046829224 4.41668224334717 4.40265655517578 4.36709308624268
-9999 -9999 -9999 -9999 22.8214626312256 22.8868503570557 22.882999420166 22.9022254943848 22.8622665405273 22.7161655426025 22.0709266662598 19.5152149200439 16.0595474243164 10.8231210708618 7.47337770462036 6.30057001113892 5.59747171401978 5.21694469451904 4.94830226898193 4.7228627204895 4.63182973861694 4.56451559066772 4.5487847328186 4.5381236076355 4.56029319763184 4.59750461578369 4.68348932266235 4.7330846786499 4.71917772293091 4.69198560714722 4.651123046875 4.633864402771 4.63098478317261 4.58609533309937 4.52720212936401 4.52566528320312 4.53184652328491 4.5090651512146 4.48290586471558 4.43523693084717 4.39447736740112 4.37295198440552 4.35848236083984 4.35491704940796 4.34334468841553 4.32442283630371 4.29698467254639
-9999 -9999 -9999 -9999 -9999 23.0765514373779 23.0860538482666 23.0267906188965 23.1131629943848 23.0372085571289 22.6320514678955 20.9668502807617 17.7227668762207 11.3545179367065 7.42895174026489 6.32186031341553 5.62572050094604 5.21179914474487 4.91962671279907 4.67446613311768 4.57042503356934 4.49128770828247 4.4423656463623 4.39409589767456 4.34575080871582 4.31639575958252 4.34861516952515 4.3863697052002 4.43378496170044 4.4708685874939 4.49732065200806 4.49551105499268 4.47648477554321 4.42105054855347 4.35347986221313 4.36824369430542 4.39419269561768 4.39316606521606 4.38906621932983 4.36539459228516 4.34027433395386 4.31112194061279 4.29352569580078 4.29378843307495 4.28076267242432 4.25554132461548 4.23507118225098
-9999 -9999 -9999 -9999 -9999 23.2684516906738 23.2606048583984 23.3291435241699 23.3120803833008 23.2228412628174 22.8730602264404 21.5260353088379 18.3570747375488 11.5830154418945 7.48802423477173 6.48425722122192 5.79024934768677 5.30896663665771 4.94705963134766 4.63124799728394 4.49712181091309 4.39505767822266 4.33275604248047 4.27308750152588 4.22810363769531 4.19761562347412 4.2141261100769 4.23742198944092 4.27255821228027 4.3052830696106 4.33552694320679 4.33817386627197 4.32400894165039 4.28476810455322 4.2371678352356 4.25299501419067 4.2775092124939 4.2910418510437 4.30166339874268 4.29374361038208 4.28160238265991 4.25770950317383 4.24309968948364 4.24283599853516 4.23195266723633 4.21132230758667 4.19821834564209
-9999 -9999 -9999 -9999 -9999 23.4380397796631 23.4586963653564 23.4258804321289 23.5002403259277 23.3804588317871 23.0478382110596 21.9005699157715 18.7784976959229 11.7488422393799 7.56851005554199 6.67584896087646 5.98297452926636 5.42730236053467 4.9861011505127 4.58910131454468 4.42135667800903 4.29406833648682 4.22248649597168 4.15684127807617 4.1305046081543 4.1124210357666 4.12109708786011 4.12939214706421 4.1370210647583 4.1511869430542 4.17207956314087 4.17690896987915 4.17195224761963 4.15443658828735 4.13273429870605 4.14647197723389 4.16516447067261 4.19176769256592 4.21559190750122 4.22171831130981 4.22200536727905 4.20603847503662 4.19568014144897 4.19398975372314 4.18599224090576 4.17220592498779 4.16655015945435
-9999 -9999 -9999 -9999 -9999 -9999 23.594820022583 23.6210632324219 23.608793258667 23.4379692077637 23.0232582092285 21.6750602722168 18.4858665466309 11.6538648605347 7.62547636032104 6.83201599121094 6.14901733398438 5.54187679290771 5.02173519134521 4.53518724441528 4.34467077255249 4.20639514923096 4.15973711013794 4.11847734451294 4.10548448562622 4.09645795822144 4.10029363632202 4.10392141342163 4.10718488693237 4.11387872695923 4.12410259246826 4.126633644104 4.12447786331177 4.11660242080688 4.10682106018066 4.11381530761719 4.12318229675293 4.1400318145752 4.15527105331421 4.16025447845459 4.16238975524902 4.15659713745117 4.15232038497925 4.15038633346558 4.14584827423096 4.13891935348511 4.13529825210571
-9999 -9999 -9999 -9999 -9999 -9999 23.7039260864258 23.7375144958496 23.7067413330078 23.4796600341797 22.9629421234131 21.3376159667969 18.0542469024658 11.4900798797607 7.6501317024231 6.95350313186646 6.28656339645386 5.64001321792603 5.05033349990845 4.4826135635376 4.27230644226074 4.12507200241089 4.10343599319458 4.08646821975708 4.08548831939697 4.08463191986084 4.08417463302612 4.08396291732788 4.08417987823486 4.0844874382019 4.08488893508911 4.08512544631958 4.08526182174683 4.08568716049194 4.08620929718018 4.08683300018311 4.08751344680786 4.09417963027954 4.10037517547607 4.10357189178467 4.10683917999268 4.11030149459839 4.11162185668945 4.10963344573975 4.10837554931641 4.10778760910034 4.10585784912109
-9999 -9999 -9999 -9999 -9999 -9999 23.7754096984863 23.7531986236572 23.7296180725098 23.4004402160645 22.6166496276855 20.0927982330322 16.4811096191406 10.7168979644775 7.34135770797729 6.72197103500366 6.13288450241089 5.56460666656494 5.00551223754883 4.44996356964111 4.24648284912109 4.10513067245483 4.09321641921997 4.08504247665405 4.08441877365112 4.0838623046875 4.08352422714233 4.08337354660034 4.08354949951172 4.08375835418701 4.08400011062622 4.08412742614746 4.08418464660645 4.08439111709595 4.08464765548706 4.08509254455566 4.08557987213135 4.08838224411011 4.09104824066162 4.09285020828247 4.09466171264648 4.09649896621704 4.09737777709961 4.09677600860596 4.09661674499512 4.09686422348022 4.09554433822632
-9999 -9999 -9999 -9999 -9999 23.9074935913086 23.8246059417725 23.8355159759521 23.7296924591064 23.2714061737061 22.2036228179932 18.8029537200928 14.8867092132568 9.95028591156006 7.03375911712646 6.44787645339966 5.91189670562744 5.41018724441528 4.90313577651978 4.39402198791504 4.21252489089966 4.08884191513062 4.08500051498413 4.08387470245361 4.08351421356201 4.08319759368896 4.08302450180054 4.08296823501587 4.0831151008606 4.08324527740479 4.0833592414856 4.08339881896973 4.08339309692383 4.08341503143311 4.08344554901123 4.08369493484497 4.08397150039673 4.08384561538696 4.08381938934326 4.08442878723145 4.08501052856445 4.08551359176636 4.08598375320435 4.08640336990356 4.08701610565186 4.08780717849731 4.08706855773926
-9999 -9999 -9999 -9999 25.4378929138184 24.4212608337402 23.9074935913086 23.8022155761719 23.646167755127 22.9597225189209 21.5459022521973 17.3480014801025 13.2143335342407 9.20776271820068 6.73046875 6.01771926879883 5.44410800933838 4.96604871749878 4.58972024917603 4.2526741027832 4.14874172210693 4.08594703674316 4.08413076400757 4.08365392684937 4.08321475982666 4.08291721343994 4.08307695388794 4.08323669433594 4.08339691162109 4.08352756500244 4.08362865447998 4.08366060256958 4.08365106582642 4.08361196517944 4.08356332778931 4.08355474472046 4.08355522155762 4.08393383026123 4.08428239822388 4.08444309234619 4.08462333679199 4.08485794067383 4.08504009246826 4.08514165878296 4.08532810211182 4.08559274673462 4.08532953262329
