Ecospace-environmental-drivers/Outputs/ASCII-for-ecospace/MOM6-ISIMIP3a/tob/2006-02_tob_MOM6-ISIMIP3a.asc
NCOLS 131 
NROWS 53 
XLLCORNER -98 
YLLCORNER 23.9265270233154 
CELLSIZE 0.133587792515755 
NODATA_value -9999 
[rows 21 to 41 of 53, columns 0 to 46 of 131]
-9999 -9999 -9999 -9999 -9999 -9999 17.7495746612549 17.7612361907959 17.7915954589844 17.812614440918 17.6669597625732 17.2083168029785 17.3506965637207 17.7748031616211 18.1857738494873 18.5815868377686 18.9224586486816 19.2255973815918 19.5278797149658 19.8298320770264 20.0876216888428 20.3376197814941 20.3688430786133 20.3860340118408 20.3262042999268 20.2899494171143 20.3301296234131 20.3767051696777 20.4344348907471 20.4876384735107 20.5361862182617 20.5385150909424 20.5126876831055 20.5131416320801 20.5223560333252 20.5559749603271 20.5925102233887 20.5660362243652 20.5269241333008 20.4073371887207 20.3370742797852 20.404125213623 20.4339618682861 20.4062881469727 20.4088382720947 20.4391288757324 20.4411964416504
-9999 -9999 -9999 -9999 -9999 -9999 17.7524566650391 17.7495746612549 17.7728996276855 17.8312931060791 17.812614440918 17.9799499511719 18.2824420928955 18.8523731231689 19.3415985107422 19.7377052307129 20.0140705108643 20.2082004547119 20.3145427703857 20.3869857788086 19.7312889099121 18.9470958709717 18.7762699127197 18.6176357269287 18.4486999511719 18.3940582275391 18.7100009918213 19.0850944519043 19.5634078979492 20.0725231170654 20.6133365631104 20.8626937866211 20.9344997406006 20.9773941040039 21.0106506347656 21.0482883453369 21.0776557922363 19.8734340667725 18.7384586334229 18.0444812774658 17.5867309570312 17.7865905761719 17.9195537567139 17.9491348266602 18.0323486328125 18.1647872924805 17.8721256256104
-9999 -9999 -9999 -9999 17.7854766845703 17.7704029083252 17.7459087371826 17.7618865966797 17.7495746612549 17.7962226867676 17.9667587280273 18.611478805542 19.2686195373535 19.9503364562988 20.4631938934326 20.7812156677246 20.8981018066406 20.8768577575684 20.7319583892822 20.5393085479736 18.9779224395752 17.1749954223633 16.8170833587646 16.497537612915 16.2340259552002 16.1698989868164 16.7522525787354 17.4428634643555 18.322395324707 19.2723121643066 20.2946586608887 20.8077087402344 21.0105037689209 21.1230335235596 21.2054767608643 21.247371673584 21.2662334442139 18.8630924224854 16.6178150177002 15.3778686523438 14.5494470596313 14.8666105270386 15.092698097229 15.1780319213867 15.3427839279175 15.5804243087769 15.0039758682251
-9999 -9999 -9999 -9999 17.8124523162842 17.8131465911865 17.7948989868164 17.7459087371826 17.7901763916016 18.3535766601562 18.9280281066895 19.5447769165039 20.1278629302979 20.6443405151367 20.5024147033691 19.600793838501 18.1852416992188 16.4167499542236 15.4000043869019 14.6735343933105 13.5179271697998 12.2865896224976 12.2278718948364 12.195384979248 12.1675148010254 12.2195386886597 12.5306100845337 12.875955581665 13.2811145782471 13.819972038269 14.4964046478271 15.2130317687988 15.9541454315186 16.5373458862305 17.0679092407227 17.1490058898926 17.1503353118896 14.6993827819824 12.4942035675049 11.8541784286499 11.3959798812866 11.4439420700073 11.4574422836304 11.4176797866821 11.4658679962158 11.5947751998901 11.1522188186646
-9999 -9999 -9999 -9999 -9999 17.8124523162842 17.8993244171143 17.8438873291016 17.9512805938721 18.9300556182861 19.8223190307617 20.3834552764893 20.7816734313965 20.8575248718262 19.9660758972168 17.9585132598877 15.3343477249146 12.2867336273193 10.6582546234131 9.57775497436523 8.80818653106689 8.09348773956299 8.27312660217285 8.46734142303467 8.61983585357666 8.74832630157471 8.79898738861084 8.84154319763184 8.86995792388916 9.085205078125 9.49270057678223 10.3271007537842 11.4215679168701 12.3023271560669 13.1118507385254 13.2101221084595 13.1936855316162 10.8972806930542 8.8928861618042 8.74810028076172 8.59867286682129 8.43632507324219 8.28833961486816 8.16255187988281 8.11120700836182 8.12818431854248 7.80180788040161
-9999 -9999 -9999 -9999 -9999 17.9335899353027 17.8124523162842 18.1950511932373 18.6407585144043 19.5903987884521 20.4229335784912 20.807243347168 20.5347023010254 18.9624423980713 16.9060688018799 14.2911043167114 11.8782033920288 9.60406970977783 8.50438022613525 7.85818576812744 7.38810300827026 6.94909858703613 7.10033845901489 7.25660848617554 7.34709072113037 7.3780403137207 7.21596050262451 7.1419734954834 7.22171545028687 7.4967942237854 7.97287082672119 8.54882621765137 9.18562602996826 9.60489654541016 9.95165824890137 9.97052383422852 9.93529605865479 8.68072128295898 7.58168029785156 7.47313642501831 7.36303234100342 7.2485876083374 7.16319179534912 7.12269067764282 7.04648780822754 6.9375171661377 6.64965438842773
-9999 -9999 18.2137222290039 18.1774101257324 18.135124206543 18.0548725128174 17.9334468841553 18.5708904266357 19.264705657959 20.1512184143066 20.8522415161133 20.8432941436768 19.835132598877 16.8498134613037 13.9663219451904 11.200325012207 9.13565635681152 7.55261993408203 6.85393953323364 6.49674224853516 6.25714015960693 6.03829002380371 6.14828729629517 6.25854063034058 6.31092166900635 6.28753328323364 6.01847124099731 5.88476085662842 5.98725128173828 6.28374052047729 6.77985000610352 7.13474798202515 7.40362119674683 7.49262428283691 7.5216703414917 7.47779607772827 7.42084836959839 6.94768285751343 6.52563142776489 6.4290885925293 6.32934999465942 6.22071504592896 6.15397787094116 6.15198945999146 6.06203413009644 5.89134168624878 5.66871690750122
-9999.000000000000000 -9999 -9999 -9999 18.3422336578369 18.2153759002686 18.2893466949463 19.0005645751953 19.7456722259521 20.49489402771 20.9077854156494 20.0333576202393 18.1480579376221 14.262526512146 11.2889633178711 9.36766910552979 7.95007181167603 6.87838506698608 6.30191946029663 5.91667652130127 5.75699710845947 5.637122631073 5.67785167694092 5.72447681427002 5.79092693328857 5.80746459960938 5.66216659545898 5.59270668029785 5.65559053421021 5.88966035842896 6.29987621307373 6.51529359817505 6.61204051971436 6.65707969665527 6.68488311767578 6.61463260650635 6.52957153320312 6.26961994171143 6.02629661560059 5.88886642456055 5.73631000518799 5.54164505004883 5.39771318435669 5.3321852684021 5.25270700454712 5.16042423248291 5.06134748458862
-9999 -9999 -9999 -9999 18.6289081573486 18.7564544677734 18.6613883972168 19.4261817932129 20.220703125 20.8331394195557 20.9188861846924 18.9886856079102 16.3250732421875 12.2102432250977 9.3745698928833 8.0148401260376 7.04227876663208 6.33560228347778 5.85222768783569 5.455078125 5.33725929260254 5.26873350143433 5.27598810195923 5.29202604293823 5.36742687225342 5.41323566436768 5.36309289932251 5.34094429016113 5.36764621734619 5.53300762176514 5.84104633331299 5.93890571594238 5.90872526168823 5.92596006393433 5.95900011062622 5.87917709350586 5.78357934951782 5.66352272033691 5.54013347625732 5.39552068710327 5.2359790802002 5.03487825393677 4.88075828552246 4.79924392700195 4.73924779891968 4.6990008354187 4.66685819625854
-9999 -9999 -9999 -9999 18.8356742858887 18.9148960113525 19.012716293335 19.8466911315918 20.6882610321045 21.1645565032959 20.8740749359131 17.6486930847168 14.3310985565186 10.8310384750366 8.42004871368408 7.26567316055298 6.48396921157837 5.95819568634033 5.53127336502075 5.14252090454102 5.01867771148682 4.94158315658569 4.96039390563965 4.98741245269775 5.06532573699951 5.12700033187866 5.13602018356323 5.13987112045288 5.13470077514648 5.22344160079956 5.40881586074829 5.41669893264771 5.31645488739014 5.3262152671814 5.37264347076416 5.30438852310181 5.22036647796631 5.1479640007019 5.0705418586731 4.96114921569824 4.8522834777832 4.74488306045532 4.66487503051758 4.62719964981079 4.59801483154297 4.57662296295166 4.54018974304199
-9999 -9999 -9999 -9999 18.9148960113525 19.0333080291748 19.1723117828369 20.086483001709 21.0046443939209 21.405366897583 20.979154586792 17.3877830505371 13.7933797836304 10.1929798126221 7.7642617225647 6.68748092651367 6.00692129135132 5.59846353530884 5.2521505355835 4.92983436584473 4.81753492355347 4.74229717254639 4.75914335250854 4.78347396850586 4.85337018966675 4.91621112823486 4.95617389678955 4.97819471359253 4.9689040184021 4.99840259552002 5.06781387329102 5.03988075256348 4.95264625549316 4.94895458221436 4.97311019897461 4.92512464523315 4.8672308921814 4.81808042526245 4.76455116271973 4.6831374168396 4.60954332351685 4.55771827697754 4.51940441131592 4.50197076797485 4.48626613616943 4.47214794158936 4.43724870681763
-9999 -9999 -9999 -9999 19.0401725769043 19.1723117828369 20.1276264190674 20.1907329559326 21.2076416015625 21.5782222747803 21.1966552734375 17.9361934661865 14.3478670120239 10.1107873916626 7.33252906799316 6.23752212524414 5.59081935882568 5.25198698043823 5.00440168380737 4.79205083847046 4.70447158813477 4.6389102935791 4.64365148544312 4.65504264831543 4.70902490615845 4.76200723648071 4.81174802780151 4.84606599807739 4.85347032546997 4.83675909042358 4.79523372650146 4.7721061706543 4.76018571853638 4.73855924606323 4.71369695663452 4.69250631332397 4.67165565490723 4.62745428085327 4.58126306533813 4.52239656448364 4.47252178192139 4.44767808914185 4.42674493789673 4.41185474395752 4.39663076400757 4.38110065460205 4.35210371017456
-9999 -9999 -9999 -9999 19.1723117828369 20.2283325195312 20.7337474822998 21.060977935791 21.121789932251 21.5714550018311 21.4342098236084 19.05051612854 15.705394744873 10.4578771591187 7.15775108337402 6.10460901260376 5.47866678237915 5.14610195159912 4.91035413742065 4.71199131011963 4.6266565322876 4.5612678527832 4.53985595703125 4.52285766601562 4.53461885452271 4.55324745178223 4.59414196014404 4.62863397598267 4.65195322036743 4.64721488952637 4.61360597610474 4.5988130569458 4.59548282623291 4.56110954284668 4.51638889312744 4.51208972930908 4.51317739486694 4.48650455474854 4.45788526535034 4.41686916351318 4.38178968429565 4.3632378578186 4.34762191772461 4.33654260635376 4.32333183288574 4.3081636428833 4.28489446640015
-9999 -9999 -9999 -9999 -9999 20.7700958251953 20.8796443939209 20.9495334625244 20.9121417999268 21.4877090454102 21.6803607940674 20.407377243042 17.4070873260498 10.9889488220215 7.09309864044189 6.10757493972778 5.49678039550781 5.14332914352417 4.88217926025391 4.65667009353638 4.56394815444946 4.49465894699097 4.44107294082642 4.38906383514404 4.34732961654663 4.32110595703125 4.34517240524292 4.37464237213135 4.4135422706604 4.44571256637573 4.4709587097168 4.46601343154907 4.44267606735229 4.39777994155884 4.34569787979126 4.35404491424561 4.37059783935547 4.36684465408325 4.36018323898315 4.33500480651855 4.31089687347412 4.28976964950562 4.27430009841919 4.26757526397705 4.2570333480835 4.24298810958862 4.22537183761597
-9999 -9999 -9999 -9999 -9999 20.7092590332031 20.6968955993652 20.6284236907959 20.6937122344971 21.3716278076172 21.755672454834 21.0149059295654 18.2030239105225 11.2929849624634 7.1535849571228 6.21106624603271 5.60044813156128 5.21776103973389 4.90417814254761 4.61727857589722 4.49225282669067 4.39579296112061 4.33155822753906 4.2707085609436 4.23218727111816 4.20628786087036 4.22131252288818 4.24052572250366 4.26704740524292 4.2939624786377 4.3212833404541 4.32021045684814 4.30184078216553 4.26929044723511 4.23201322555542 4.24210453033447 4.25868797302246 4.26763248443604 4.27391386032104 4.26323366165161 4.25085783004761 4.23376226425171 4.22150707244873 4.21673250198364 4.20898389816284 4.19850492477417 4.18751811981201
-9999 -9999 -9999 -9999 -9999 20.6178092956543 20.5512371063232 20.512731552124 20.4734649658203 21.2488555908203 21.7956371307373 21.4673976898193 18.8115577697754 11.5500478744507 7.23996257781982 6.33535671234131 5.72181797027588 5.30816745758057 4.93655824661255 4.5811824798584 4.41869831085205 4.29025316238403 4.21982288360596 4.15554714202881 4.13197231292725 4.11574411392212 4.12333822250366 4.1312108039856 4.13956928253174 4.15250635147095 4.17015409469604 4.17171716690063 4.16348171234131 4.14800882339478 4.13012313842773 4.13970327377319 4.1531229019165 4.17265129089355 4.19000959396362 4.19355010986328 4.19306373596191 4.18136787414551 4.17296171188354 4.1696400642395 4.16471004486084 4.15830326080322 4.15414714813232
-9999 -9999 -9999 -9999 -9999 -9999 20.6052951812744 20.5125541687012 20.5752830505371 21.3580799102783 21.8132076263428 21.0141582489014 18.1974964141846 11.3885450363159 7.36458921432495 6.55408048629761 5.92964315414429 5.43299007415771 4.97402429580688 4.52961158752441 4.34326839447021 4.20246696472168 4.1579213142395 4.1187629699707 4.10693216323853 4.09865760803223 4.10191535949707 4.10535192489624 4.10910177230835 4.1152081489563 4.12373924255371 4.1246542930603 4.12093019485474 4.11378288269043 4.10549449920654 4.11040925979614 4.11718702316284 4.12938070297241 4.14058303833008 4.14547300338745 4.14758634567261 4.14197158813477 4.13785123825073 4.13604068756104 4.13326215744019 4.12959575653076 4.12678861618042
-9999 -9999 -9999 -9999 -9999 -9999 20.7552318572998 20.790599822998 20.7096519470215 21.4835529327393 21.818675994873 20.4743461608887 17.4647655487061 11.1601190567017 7.45184183120728 6.73936653137207 6.11267709732056 5.54490041732788 5.00601387023926 4.47828245162964 4.27152347564697 4.12140560150146 4.10255098342896 4.08815574645996 4.08697032928467 4.08593034744263 4.08535957336426 4.08502912521362 4.08511877059937 4.08526802062988 4.08547878265381 4.08565759658813 4.08581686019897 4.08591747283936 4.08599853515625 4.08646726608276 4.08701848983765 4.09155035018921 4.0961971282959 4.10157251358032 4.1055212020874 4.10549879074097 4.10533952713013 4.10496950149536 4.10419702529907 4.10305547714233 4.1013011932373
-9999 -9999 -9999 -9999 -9999 -9999 20.948766708374 20.9625415802002 21.0373840332031 21.6715393066406 21.7057628631592 19.4437046051025 16.0501689910889 10.4177570343018 7.12215518951416 6.52286529541016 5.98995923995972 5.50264167785645 4.97715377807617 4.43692684173584 4.23997449874878 4.10359907150269 4.09304046630859 4.0859956741333 4.08527183532715 4.08461093902588 4.08415508270264 4.08389377593994 4.08397150039673 4.08406829833984 4.08418416976929 4.08425140380859 4.08428907394409 4.08431768417358 4.08434343338013 4.08469724655151 4.08510732650757 4.0870509147644 4.08911037445068 4.09190607070923 4.09397220611572 4.09400653839111 4.09414005279541 4.09442615509033 4.09441900253296 4.09414339065552 4.09289979934692
-9999 -9999 -9999 -9999 -9999 20.8565406799316 21.0421943664551 21.0931568145752 21.3611316680908 21.8508186340332 21.58083152771 18.403133392334 14.6353902816772 9.70011615753174 6.80835151672363 6.27447414398193 5.80459880828857 5.37867641448975 4.88974237442017 4.37647676467896 4.20278596878052 4.08901977539062 4.08535146713257 4.08418893814087 4.08381986618042 4.08346843719482 4.08317518234253 4.0830135345459 4.08308172225952 4.08314228057861 4.08319425582886 4.08317756652832 4.08311891555786 4.08308506011963 4.08305931091309 4.08327627182007 4.08352422714233 4.08348846435547 4.08354997634888 4.08423089981079 4.08474826812744 4.0848126411438 4.08513689041138 4.08586311340332 4.08639049530029 4.08673620223999 4.08600425720215
-9999 -9999 -9999 -9999 20.4614448547363 20.7442741394043 20.8565406799316 21.2565383911133 21.6702709197998 21.9981727600098 21.4118309020996 17.3261451721191 13.2199373245239 9.07312202453613 6.55278539657593 5.90914964675903 5.38954496383667 4.95511817932129 4.58763980865479 4.24601268768311 4.14491939544678 4.08627319335938 4.08433961868286 4.08367872238159 4.0832724571228 4.08297252655029 4.08301782608032 4.08307027816772 4.08313608169556 4.08321952819824 4.08332109451294 4.08332252502441 4.08326196670532 4.08319997787476 4.08313751220703 4.08313608169556 4.0831446647644 4.0833625793457 4.08358716964722 4.08385562896729 4.08405113220215 4.08404445648193 4.08418750762939 4.08456182479858 4.08477735519409 4.08484697341919 4.08462953567505
