Ecospace-environmental-drivers/Outputs/ASCII-for-ecospace/MOM6-ISIMIP3a/tob/2006-01_tob_MOM6-ISIMIP3a.asc
NCOLS 131 
NROWS 53 
XLLCORNER -98 
YLLCORNER 23.9265270233154 
CELLSIZE 0.133587792515755 
NODATA_value -9999 
[rows 21 to 41 of 53, columns 0 to 46 of 131]
-9999 -9999 -9999 -9999 -9999 -9999 18.1801357269287 18.1912689208984 18.2238903045654 18.2506484985352 18.1653137207031 17.7867889404297 17.9709663391113 18.5195770263672 18.981107711792 19.3421649932861 19.6710338592529 19.9778003692627 20.3505325317383 20.7487373352051 21.0514907836914 21.3373985290527 21.3683261871338 21.3810634613037 21.2887344360352 21.2070922851562 21.1600952148438 21.1366271972656 21.154224395752 21.1864719390869 21.2337970733643 21.2723598480225 21.3055858612061 21.3476181030273 21.3925857543945 21.452600479126 21.5143661499023 21.5305728912354 21.5331230163574 21.4487037658691 21.3829860687256 21.3693351745605 21.3312034606934 21.2552394866943 21.2191276550293 21.2195873260498 21.3040733337402
-9999 -9999 -9999 -9999 -9999 -9999 18.1828575134277 18.1801357269287 18.2024021148682 18.262378692627 18.2506484985352 18.4585037231445 18.8175106048584 19.475606918335 20.0106716156006 20.4037818908691 20.6592617034912 20.8202247619629 20.8616409301758 20.8568954467773 20.2150993347168 19.460880279541 19.2911415100098 19.1366596221924 19.0026798248291 18.9446487426758 19.1328716278076 19.3625984191895 19.6647472381592 20.0574531555176 20.543342590332 20.8716812133789 21.1040420532227 21.2763290405273 21.4285926818848 21.3647880554199 21.2655200958252 20.3875007629395 19.5188522338867 18.7098560333252 18.165771484375 18.3591365814209 18.4742755889893 18.4685249328613 18.52809715271 18.6476249694824 18.4082317352295
-9999 -9999 -9999 -9999 18.2190380096436 18.206335067749 18.1766376495361 18.191801071167 18.1801357269287 18.2246685028076 18.3940601348877 19.0413570404053 19.7144680023193 20.4386520385742 20.9840469360352 21.3231449127197 21.4118747711182 21.3286628723145 20.9999027252197 20.5763263702393 18.9977836608887 17.2154216766357 16.8593215942383 16.5514144897461 16.3848495483398 16.3563861846924 16.7757015228271 17.2512531280518 17.8249416351318 18.5676002502441 19.4841289520264 20.1118221282959 20.5635604858398 20.8864860534668 21.1664752960205 20.9788455963135 20.7155380249023 18.9167766571045 17.1582927703857 15.6563100814819 14.6528425216675 15.0371227264404 15.2947425842285 15.3566179275513 15.5102081298828 15.7479734420776 15.1896858215332
-9999 -9999 -9999 -9999 18.2378749847412 18.2553005218506 18.2360305786133 18.1766376495361 18.2186279296875 18.7530403137207 19.311092376709 19.9596252441406 20.5725250244141 21.1149158477783 20.9038314819336 19.823356628418 18.3277435302734 16.5470371246338 15.573335647583 14.911247253418 13.6767158508301 12.3411645889282 12.2740125656128 12.23766040802 12.2265243530273 12.2791156768799 12.5383358001709 12.7955207824707 13.0491571426392 13.494460105896 14.1369848251343 14.8582324981689 15.6274366378784 16.3075523376465 16.9579734802246 16.8646240234375 16.655725479126 14.6749668121338 12.8588447570801 12.0911893844604 11.5365228652954 11.5747680664062 11.572772026062 11.5085887908936 11.5424108505249 11.666184425354 11.2439632415771
-9999 -9999 -9999 -9999 -9999 18.2378749847412 18.3706607818604 18.2954254150391 18.4238777160645 19.3483123779297 20.2070465087891 20.814302444458 21.232572555542 21.2768859863281 20.2229919433594 17.9019336700439 15.1771297454834 12.1750526428223 10.7546272277832 9.94493675231934 9.06130027770996 8.16461372375488 8.32599353790283 8.50215625762939 8.60843944549561 8.71071338653564 8.79998779296875 8.85772895812988 8.86044120788574 9.07082653045654 9.49490451812744 10.2530527114868 11.2147150039673 12.099142074585 12.9578247070312 12.9337797164917 12.7748003005981 10.8184614181519 9.1054162979126 8.94173908233643 8.76021957397461 8.52903366088867 8.32953929901123 8.17902660369873 8.11021995544434 8.11640357971191 7.81300926208496
-9999 -9999 -9999 -9999 -9999 18.4626407623291 18.2378749847412 18.7727031707764 19.3603210449219 20.2369194030762 21.0105686187744 21.3901596069336 21.0244083404541 19.1838340759277 16.9085807800293 14.1317749023438 11.7350063323975 9.59922695159912 8.6012134552002 8.04253387451172 7.53996896743774 7.04730701446533 7.17231130599976 7.30210971832275 7.35915279388428 7.37355518341064 7.24969720840454 7.19095706939697 7.24585247039795 7.49509859085083 7.94432687759399 8.49097633361816 9.09697341918945 9.51537132263184 9.87123775482178 9.80700016021729 9.67823791503906 8.65140914916992 7.7461256980896 7.61488771438599 7.47479677200317 7.31006240844727 7.18543815612793 7.12280225753784 7.02651071548462 6.899329662323 6.63916921615601
-9999 -9999 18.9457550048828 18.8911819458008 18.8365745544434 18.687671661377 18.4623737335205 19.3463306427002 20.2769088745117 21.0695533752441 21.6488666534424 21.4116382598877 20.1531677246094 16.8739433288574 13.8225193023682 11.0339422225952 9.0555248260498 7.63348150253296 6.95299434661865 6.5588493347168 6.33669567108154 6.14489316940308 6.2264552116394 6.30771780014038 6.33660411834717 6.30306720733643 6.06712961196899 5.94522666931152 6.0223240852356 6.28594398498535 6.74149179458618 7.10011100769043 7.39968156814575 7.48358154296875 7.49559164047241 7.39382314682007 7.27475786209106 6.93733930587769 6.63016653060913 6.51560735702515 6.39483833312988 6.25678300857544 6.16477727890015 6.14393949508667 6.03493928909302 5.84502410888672 5.64809131622314
-9999.000000000000000 -9999 -9999 -9999 19.1493015289307 18.9854793548584 19.1227283477783 20.130184173584 21.1501750946045 21.7800598144531 21.9266757965088 20.2235507965088 17.8351898193359 14.0909414291382 11.2346839904785 9.40302848815918 8.04001522064209 6.99884176254272 6.40703630447388 5.98874855041504 5.82737636566162 5.71134185791016 5.73404502868652 5.76203441619873 5.80876207351685 5.81441354751587 5.68687915802002 5.61814737319946 5.65203094482422 5.87659931182861 6.29737854003906 6.51917457580566 6.6197509765625 6.65613269805908 6.67111587524414 6.53762149810791 6.38347864151001 6.21161317825317 6.04512119293213 5.91285419464111 5.76317310333252 5.56501770019531 5.4134464263916 5.33386898040771 5.24440097808838 5.14585638046265 5.05577516555786
-9999 -9999 -9999 -9999 19.5659942626953 19.774751663208 19.6769504547119 20.7062149047852 21.7482376098633 22.2442207336426 22.0226593017578 19.0546493530273 15.8049240112305 11.9977645874023 9.38257598876953 8.14273643493652 7.19820547103882 6.45647621154785 5.94662380218506 5.52630662918091 5.39398622512817 5.3124885559082 5.3097505569458 5.31557846069336 5.37842082977295 5.41593885421753 5.37134599685669 5.34350490570068 5.34489583969116 5.51354122161865 5.85428857803345 5.95652914047241 5.91347408294678 5.91911506652832 5.94098806381226 5.81204223632812 5.66283798217773 5.59510040283203 5.51869201660156 5.38706254959106 5.23912715911865 5.04580163955688 4.89224195480347 4.80013847351074 4.735182762146 4.69514274597168 4.66480541229248
-9999 -9999 -9999 -9999 19.8562507629395 19.9377517700195 20.038387298584 21.0207920074463 22.0000705718994 22.3984565734863 21.8898887634277 17.9098873138428 14.136625289917 10.772442817688 8.45607376098633 7.34871816635132 6.57492351531982 6.03020000457764 5.593834400177 5.19930934906006 5.05612182617188 4.95728778839111 4.97115135192871 4.99395942687988 5.0707426071167 5.13091611862183 5.13723278045654 5.13483190536499 5.11721801757812 5.20871496200562 5.41248464584351 5.41689586639404 5.29985952377319 5.29586791992188 5.32955741882324 5.25079536437988 5.15687322616577 5.11598825454712 5.06600618362427 4.95809507369995 4.8504753112793 4.74366617202759 4.66055536270142 4.61406755447388 4.57988882064819 4.55700588226318 4.52714681625366
-9999 -9999 -9999 -9999 19.9377517700195 20.0595703125 20.2025737762451 21.1071586608887 22.0157451629639 22.4129333496094 21.8578414916992 17.6578254699707 13.6913509368896 10.186990737915 7.81565046310425 6.75163745880127 6.07129764556885 5.65444278717041 5.30038118362427 4.97056674957275 4.84303665161133 4.7512035369873 4.76298952102661 4.78333377838135 4.85609197616577 4.91953945159912 4.95279836654663 4.96812295913696 4.95215082168579 4.98422002792358 5.06572389602661 5.03242492675781 4.92918920516968 4.91594505310059 4.93269777297974 4.88819789886475 4.83538866043091 4.80437803268433 4.76620626449585 4.68243360519409 4.60617589950562 4.55083703994751 4.50760650634766 4.48308944702148 4.46426725387573 4.4506721496582 4.42320108413696
-9999 -9999 -9999 -9999 20.0666313171387 20.2025737762451 20.9285221099854 21.022367477417 21.8542995452881 22.3225898742676 21.9013385772705 18.0752964019775 14.1633567810059 10.0814485549927 7.38978958129883 6.30226182937622 5.65741443634033 5.316575050354 5.05143117904663 4.81551647186279 4.72353744506836 4.65695905685425 4.6526575088501 4.65595483779907 4.71121215820312 4.76339817047119 4.80562305450439 4.83288669586182 4.83404159545898 4.81997537612915 4.79024600982666 4.76432752609253 4.74072980880737 4.71851873397827 4.69676923751831 4.67458915710449 4.65226650238037 4.61839628219604 4.58107233047485 4.52175331115723 4.47014236450195 4.43998861312866 4.41371250152588 4.39343070983887 4.3784008026123 4.36819076538086 4.34454011917114
-9999 -9999 -9999 -9999 20.2025737762451 20.845142364502 21.1821975708008 21.381986618042 21.4874114990234 22.131555557251 22.0141887664795 18.9820823669434 15.3074436187744 10.3614168167114 7.23070001602173 6.1945652961731 5.56594324111938 5.2171778678894 4.95670509338379 4.73032569885254 4.64348459243774 4.58126735687256 4.55255222320557 4.528564453125 4.53785705566406 4.55356407165527 4.59006786346436 4.62018442153931 4.63915491104126 4.63559627532959 4.6088547706604 4.59137582778931 4.57953977584839 4.54732608795166 4.50831937789917 4.50421237945557 4.50476932525635 4.48310518264771 4.45862865447998 4.4162425994873 4.37885284423828 4.35536909103394 4.33602142333984 4.32306528091431 4.31148529052734 4.3011679649353 4.28047943115234
-9999 -9999 -9999 -9999 -9999 21.0141353607178 21.0672740936279 21.142240524292 21.0324726104736 21.897367477417 22.1567668914795 20.0985774993896 16.7395687103271 10.8066082000732 7.18594264984131 6.23330545425415 5.61265087127686 5.21998405456543 4.92807626724243 4.6750750541687 4.5803370475769 4.51352739334106 4.4568305015564 4.4011697769165 4.35229825973511 4.32071828842163 4.34520626068115 4.37428188323975 4.41136312484741 4.44258785247803 4.46778678894043 4.45920181274414 4.4300365447998 4.38737630844116 4.34021759033203 4.35236358642578 4.37253952026367 4.36953830718994 4.36305284500122 4.3343768119812 4.30673885345459 4.28199100494385 4.26527404785156 4.26096868515015 4.25269222259521 4.24077081680298 4.22267532348633
-9999 -9999 -9999 -9999 -9999 20.8526554107666 20.7929363250732 20.6775970458984 20.7659530639648 21.7335548400879 22.1735744476318 20.5942287445068 17.4157333374023 11.0729703903198 7.26506233215332 6.38197946548462 5.75564002990723 5.3056173324585 4.95021677017212 4.6313533782959 4.50458335876465 4.41171216964722 4.3441309928894 4.27953720092773 4.23521947860718 4.20514059066772 4.22122955322266 4.24105596542358 4.26740312576294 4.29428386688232 4.32171392440796 4.31800985336304 4.29533910751343 4.26322460174561 4.22796249389648 4.2415018081665 4.26171159744263 4.27164506912231 4.27818393707275 4.26310539245605 4.24697923660278 4.22793388366699 4.21543455123901 4.21305084228516 4.20682239532471 4.1970648765564 4.18546485900879
-9999 -9999 -9999 -9999 -9999 20.8201103210449 20.6977558135986 20.5589694976807 20.5384159088135 21.5843029022217 22.1643619537354 20.96142578125 17.9354858398438 11.3023328781128 7.36981248855591 6.55339908599854 5.91854953765869 5.40838766098022 4.98286199569702 4.59001731872559 4.42622184753418 4.30284595489502 4.22791910171509 4.15909719467163 4.13230991363525 4.11382579803467 4.12226438522339 4.13114261627197 4.14078807830811 4.15522956848145 4.17460632324219 4.17495203018188 4.16370439529419 4.14647960662842 4.12726211547852 4.13911962509155 4.15531158447266 4.17699384689331 4.19552946090698 4.19402647018433 4.18977546691895 4.17787456512451 4.16992044448853 4.16806697845459 4.1636266708374 4.15681219100952 4.15251541137695
-9999 -9999 -9999 -9999 -9999 -9999 20.9696407318115 20.8567028045654 20.9359703063965 21.8865966796875 22.310905456543 20.7207012176514 17.5392875671387 11.2093172073364 7.46696472167969 6.71031713485718 6.07607269287109 5.52588748931885 5.02205228805542 4.53611516952515 4.34788370132446 4.21218824386597 4.16355133056641 4.12039709091187 4.10704565048218 4.09775161743164 4.10161209106445 4.10569858551025 4.11017990112305 4.11707353591919 4.12644958496094 4.12677907943726 4.12159776687622 4.11355113983154 4.10454893112183 4.11075782775879 4.11910676956177 4.13266754150391 4.14461040496826 4.14625072479248 4.14611387252808 4.14103221893311 4.13749599456787 4.13634920120239 4.13371992111206 4.12972974777222 4.12705087661743
-9999 -9999 -9999 -9999 -9999 -9999 21.3600959777832 21.4932479858398 21.3639526367188 22.2061233520508 22.4489822387695 20.397928237915 17.0284519195557 11.0501880645752 7.52625560760498 6.83423757553101 6.20917892456055 5.63010406494141 5.05544471740723 4.48249101638794 4.27326965332031 4.12823581695557 4.10586643218994 4.08816432952881 4.08697271347046 4.08601474761963 4.08581495285034 4.085768699646 4.0859899520874 4.08617544174194 4.08632373809814 4.08646631240845 4.08660459518433 4.08670997619629 4.08680486679077 4.08766222000122 4.0886549949646 4.09372758865356 4.09864711761475 4.10258913040161 4.10578107833862 4.10688447952271 4.1073842048645 4.10695028305054 4.10604381561279 4.10470294952393 4.10328483581543
-9999 -9999 -9999 -9999 -9999 -9999 21.6318836212158 21.7303371429443 21.8179359436035 22.4938106536865 22.4223346710205 19.4903202056885 15.7322912216187 10.3398103713989 7.18531131744385 6.61309289932251 6.08439826965332 5.58559274673462 5.02386426925659 4.43783950805664 4.23836851119995 4.10711240768433 4.09470224380493 4.08587121963501 4.08518266677856 4.08460760116577 4.08439970016479 4.08430480957031 4.08440685272217 4.08450651168823 4.08460330963135 4.0846734046936 4.08472728729248 4.08477115631104 4.0848126411438 4.08538436889648 4.08604001998901 4.08820819854736 4.09038877487183 4.0926456451416 4.09448671340942 4.09516859054565 4.09568643569946 4.09594917297363 4.09581470489502 4.09531593322754 4.09406328201294
-9999 -9999 -9999 -9999 -9999 21.1291847229004 21.5904846191406 21.6720638275146 22.2382488250732 22.7426948547363 22.3539791107178 18.5466232299805 14.4176359176636 9.65222835540771 6.86411142349243 6.35747623443604 5.89211654663086 5.45510196685791 4.93196821212769 4.37558078765869 4.19914436340332 4.08975791931152 4.0856032371521 4.08392143249512 4.08364582061768 4.08339834213257 4.08323955535889 4.0831446647644 4.08316135406494 4.08320188522339 4.0832667350769 4.08327579498291 4.08325004577637 4.08323383331299 4.08322095870972 4.08351373672485 4.08384656906128 4.0837869644165 4.08385038375854 4.08469581604004 4.08539295196533 4.08567762374878 4.08614253997803 4.08688688278198 4.08730888366699 4.08743476867676 4.08645105361938
-9999 -9999 -9999 -9999 20.5460643768311 20.9599208831787 21.1291847229004 21.8303508758545 22.5351142883301 22.8493041992188 22.1326904296875 17.4705944061279 13.0351629257202 9.04823398590088 6.61530876159668 5.97546005249023 5.45232772827148 5.00934934616089 4.6189112663269 4.24876070022583 4.1440691947937 4.08622360229492 4.08407831192017 4.08323097229004 4.08303785324097 4.08291435241699 4.08301496505737 4.08309888839722 4.08315229415894 4.0832314491272 4.08333778381348 4.08332586288452 4.08324193954468 4.08316802978516 4.08309745788574 4.08313941955566 4.08319759368896 4.0833911895752 4.08361768722534 4.08405494689941 4.08436965942383 4.08434295654297 4.08449840545654 4.0849347114563 4.085120677948 4.08507585525513 4.08474111557007
