Ecospace-environmental-drivers/Outputs/ASCII-for-ecospace/MOM6-ISIMIP3a/tob/2007-10_tob_MOM6-ISIMIP3a.asc
NCOLS 131 
NROWS 53 
XLLCORNER -98 
YLLCORNER 23.9265270233154 
CELLSIZE 0.133587792515755 
NODATA_value -9999 
[rows 21 to 41 of 53, columns 0 to 46 of 131]
-9999 -9999 -9999 -9999 -9999 -9999 28.0892505645752 28.0936622619629 28.0991668701172 28.1077690124512 28.0334529876709 27.9512786865234 27.9507999420166 27.9493732452393 27.9611988067627 27.988317489624 27.9850749969482 27.9609832763672 27.6627826690674 27.2587356567383 26.7039260864258 26.1225109100342 25.9988460540771 25.9012546539307 25.9373989105225 25.9119892120361 25.6869964599609 25.4621925354004 25.237720489502 24.9726829528809 24.6659030914307 24.5079708099365 24.4407157897949 24.3917579650879 24.3488998413086 24.3163719177246 24.2852840423584 24.2561531066895 24.213207244873 24.0822868347168 23.9504890441895 23.8162384033203 23.7359657287598 23.739107131958 23.7263259887695 23.6989307403564 23.4629440307617
-9999 -9999 -9999 -9999 -9999 -9999 28.0885829925537 28.0892505645752 28.0980758666992 28.1015739440918 28.1077690124512 28.0413131713867 27.9017925262451 27.6176891326904 27.4602088928223 27.4488258361816 27.2541351318359 26.933557510376 26.1016139984131 25.0722103118896 23.8141841888428 22.515811920166 22.0962333679199 21.7274360656738 21.6214427947998 21.5750160217285 21.7217216491699 21.9116859436035 22.1771392822266 22.427303314209 22.6617336273193 22.847936630249 23.0047569274902 23.0991687774658 23.172779083252 23.015209197998 22.8207015991211 21.9331893920898 21.0678806304932 20.3439598083496 19.8015613555908 19.7644805908203 19.729248046875 19.6968746185303 19.7519760131836 19.8873634338379 19.6504821777344
-9999 -9999 -9999 -9999 28.1300868988037 28.1024780273438 28.0878639221191 28.0886325836182 28.0892505645752 28.1069011688232 28.1023769378662 28.0129833221436 27.7565059661865 27.1694202423096 26.798095703125 26.6757259368896 26.2189979553223 25.5326538085938 24.1573448181152 22.5160007476807 20.5904808044434 18.6148128509521 17.9247493743896 17.3081302642822 17.0689468383789 17.0081214904785 17.525598526001 18.1241836547852 18.8643169403076 19.6217575073242 20.3970069885254 20.9479179382324 21.3621635437012 21.6258106231689 21.8392581939697 21.5653305053711 21.2138786315918 19.4497833251953 17.7480297088623 16.4432849884033 15.4960765838623 15.5441665649414 15.5445375442505 15.4711627960205 15.5876655578613 15.8784379959106 15.6468629837036
-9999 -9999 -9999 -9999 28.1924991607666 28.1375102996826 28.1170921325684 28.0878639221191 28.0887813568115 28.1004486083984 27.9177551269531 26.9911308288574 26.1397686004639 25.4373302459717 24.3569850921631 22.8405933380127 21.1008319854736 19.2076759338379 17.6057586669922 16.1162967681885 14.6622371673584 13.2144231796265 13.0008306503296 12.8356084823608 12.848256111145 12.9256649017334 13.2130556106567 13.5124530792236 13.8328008651733 14.2853260040283 14.8738574981689 15.6088533401489 16.4330749511719 17.0025272369385 17.487060546875 17.3822708129883 17.1842288970947 15.3458194732666 13.6327095031738 12.7175512313843 12.0103816986084 11.8822021484375 11.7509860992432 11.6150789260864 11.6223850250244 11.7611312866211 11.5388422012329
-9999 -9999 -9999 -9999 -9999 28.1924991607666 28.1525840759277 28.1463184356689 28.0911502838135 27.9591064453125 27.5224208831787 25.9196968078613 24.5066318511963 23.4688472747803 21.6763668060303 19.0130844116211 16.2730655670166 13.4803495407104 11.7782526016235 10.4972839355469 9.51584720611572 8.58726978302002 8.74635696411133 8.93094444274902 9.12956714630127 9.29582977294922 9.35716819763184 9.39552307128906 9.39377117156982 9.61046886444092 10.0519485473633 10.8978157043457 11.9900312423706 12.7343330383301 13.3626642227173 13.3814449310303 13.3038787841797 11.5448169708252 9.94961643218994 9.39794063568115 8.92377662658691 8.66538906097412 8.4422664642334 8.27364444732666 8.193772315979 8.19535446166992 7.97780847549438
-9999 -9999 -9999 -9999 -9999 28.2018337249756 28.1924991607666 28.1836585998535 28.1059684753418 27.2263107299805 26.2031745910645 24.6308631896973 22.8015880584717 20.4638500213623 17.9455833435059 15.2190113067627 12.7186193466187 10.3735542297363 9.12563800811768 8.30137157440186 7.79766988754272 7.35053825378418 7.42720937728882 7.51617574691772 7.61202001571655 7.6506142616272 7.50358057022095 7.4481635093689 7.55262613296509 7.83643293380737 8.30478096008301 8.94049453735352 9.67816543579102 10.0230979919434 10.237117767334 10.1796598434448 10.0781726837158 9.0722188949585 8.16171455383301 7.85905885696411 7.5870680809021 7.40043926239014 7.25939512252808 7.1887993812561 7.11829710006714 7.04788064956665 6.81516265869141
-9999 -9999 28.2222099304199 28.2198333740234 28.2173614501953 28.2111778259277 28.2018222808838 28.1961555480957 28.0729579925537 26.5691375732422 25.0233860015869 23.3171234130859 21.0458889007568 17.6567306518555 14.6340808868408 12.0343265533447 9.86666679382324 7.99574422836304 7.11701011657715 6.62139654159546 6.45190477371216 6.33996343612671 6.35599422454834 6.37711381912231 6.41728639602661 6.38648080825806 6.12553453445435 6.01705408096313 6.17464017868042 6.48657464981079 6.95733022689819 7.39518690109253 7.81300210952759 7.86912775039673 7.80469083786011 7.69650602340698 7.57995128631592 7.1405029296875 6.74185514450073 6.60304307937622 6.46038675308228 6.30703067779541 6.20701503753662 6.18943309783936 6.12337589263916 6.01282787322998 5.80326366424561
-9999.000000000000000 -9999 -9999 -9999 28.2309627532959 28.2235450744629 28.2292442321777 28.1544456481934 27.9355869293213 26.0769653320312 24.1478729248047 21.9490432739258 19.1796703338623 15.2813520431519 12.2373962402344 10.1792402267456 8.54745388031006 7.20847511291504 6.51346778869629 6.0671215057373 5.91868925094604 5.822829246521 5.8257303237915 5.83960342407227 5.92688512802124 5.95381307601929 5.7850513458252 5.71232748031616 5.80719804763794 6.06220960617065 6.48200368881226 6.74883365631104 6.92247867584229 6.93102931976318 6.88454866409302 6.78129863739014 6.66899538040161 6.3889102935791 6.12501239776611 5.96419858932495 5.79195594787598 5.58790111541748 5.43934726715088 5.37656879425049 5.30421113967896 5.22306156158447 5.12027454376221
-9999 -9999 -9999 -9999 28.2492580413818 28.2581672668457 28.2534294128418 28.0898876190186 27.7684860229492 25.6938381195068 23.4323444366455 20.4556846618652 17.1558589935303 13.2165746688843 10.3483362197876 8.71591758728027 7.50092840194702 6.57260751724243 6.00430536270142 5.57501983642578 5.44006013870239 5.35703945159912 5.36168575286865 5.37973165512085 5.49344539642334 5.56379079818726 5.49351978302002 5.45970487594604 5.48950910568237 5.67231178283691 6.01254653930664 6.15058088302612 6.16543626785278 6.14695119857788 6.11735200881958 6.01377296447754 5.89961624145508 5.73635864257812 5.57369709014893 5.41483020782471 5.24705410003662 5.05447435379028 4.90982580184937 4.83925151824951 4.77978801727295 4.73052167892456 4.68472671508789
-9999 -9999 -9999 -9999 28.2621154785156 28.2660636901855 28.270938873291 27.9965839385986 27.5639820098877 25.4478988647461 22.9180908203125 18.8047142028809 14.9337778091431 11.5425577163696 9.0979118347168 7.74546432495117 6.79746389389038 6.12721538543701 5.61388158798218 5.16113758087158 5.03010559082031 4.95584535598755 4.98094987869263 5.01753616333008 5.13166809082031 5.22741937637329 5.26357269287109 5.27263307571411 5.23441410064697 5.32577562332153 5.55047273635864 5.61284255981445 5.57632446289062 5.55664253234863 5.54257249832153 5.43204212188721 5.30835151672363 5.20840740203857 5.10481977462769 4.97803115844727 4.8575611114502 4.75467872619629 4.67991161346436 4.64859533309937 4.62617444992065 4.6119179725647 4.56048011779785
-9999 -9999 -9999 -9999 28.2660636901855 28.2719650268555 28.2788925170898 28.0665187835693 27.7008743286133 25.6688842773438 23.1161785125732 18.5703964233398 14.3500661849976 10.7737150192261 8.28816699981689 7.06123685836792 6.24625015258789 5.71416330337524 5.29123592376709 4.9104585647583 4.79818964004517 4.73330402374268 4.76261854171753 4.80140018463135 4.90188694000244 5.00096321105957 5.0954647064209 5.13271760940552 5.07006597518921 5.08494138717651 5.17959117889404 5.19356918334961 5.15840196609497 5.12920379638672 5.10199546813965 5.01846313476562 4.92736577987671 4.86684274673462 4.80058860778809 4.69783639907837 4.6085786819458 4.55688571929932 4.52114915847778 4.51007223129272 4.50463628768921 4.5043773651123 4.45617485046387
-9999 -9999 -9999 -9999 28.2723064422607 28.2788925170898 28.2554206848145 28.2588806152344 28.0938186645508 26.2400684356689 23.8485336303711 19.3985805511475 14.9951457977295 10.6837596893311 7.80893659591675 6.59168148040771 5.80922555923462 5.32536602020264 5.01942443847656 4.78218412399292 4.69980430603027 4.64475345611572 4.666090965271 4.69481039047241 4.77110385894775 4.85694408416748 4.97373723983765 5.02817010879517 4.97377824783325 4.92338418960571 4.87710428237915 4.8631443977356 4.86887407302856 4.82391977310181 4.76207160949707 4.73099851608276 4.70409154891968 4.66507005691528 4.61984300613403 4.53509616851807 4.4649806022644 4.43559598922729 4.4157509803772 4.41064929962158 4.40715408325195 4.4051342010498 4.36682605743408
-9999 -9999 -9999 -9999 28.2788925170898 28.3430480957031 28.377872467041 28.4173889160156 28.3043804168701 26.9823513031006 25.0839366912842 20.979362487793 16.4400310516357 11.0404376983643 7.61099433898926 6.45479536056519 5.6973729133606 5.2138090133667 4.9253101348877 4.71213340759277 4.62933731079102 4.56954956054688 4.5689868927002 4.57082414627075 4.58184909820557 4.61015844345093 4.69451284408569 4.74725770950317 4.74484252929688 4.72257375717163 4.67987632751465 4.66486358642578 4.6667160987854 4.6092472076416 4.53200483322144 4.52920484542847 4.53651714324951 4.51923847198486 4.49637699127197 4.43796300888062 4.3873291015625 4.35835313796997 4.33991289138794 4.33775520324707 4.33242177963257 4.32417440414429 4.29378032684326
-9999 -9999 -9999 -9999 -9999 28.4427070617676 28.4600105285645 28.457347869873 28.4367771148682 27.7979640960693 26.5349388122559 22.8826942443848 18.2276954650879 11.5885324478149 7.53360605239868 6.46048402786255 5.72488260269165 5.22107172012329 4.90735340118408 4.66703701019287 4.57083559036255 4.50006580352783 4.47163581848145 4.43938159942627 4.36753416061401 4.3193302154541 4.34778833389282 4.39075946807861 4.45905685424805 4.50494003295898 4.52776002883911 4.52321624755859 4.50200271606445 4.43340826034546 4.34902048110962 4.36412811279297 4.39281368255615 4.39738178253174 4.39745998382568 4.36894798278809 4.33794116973877 4.29998826980591 4.27674388885498 4.27623081207275 4.26743936538696 4.25104951858521 4.22772169113159
-9999 -9999 -9999 -9999 -9999 28.485860824585 28.4902400970459 28.5052947998047 28.4750728607178 28.0941143035889 27.0760192871094 23.6192417144775 18.9411792755127 11.8465394973755 7.58471298217773 6.59150838851929 5.87368488311768 5.34497833251953 4.95984601974487 4.6301531791687 4.50185585021973 4.40909910202026 4.35950565338135 4.30916357040405 4.24470281600952 4.19843721389771 4.21116590499878 4.23828363418579 4.29051208496094 4.33005952835083 4.35655927658081 4.3567214012146 4.34083890914917 4.29245090484619 4.23322820663452 4.25008201599121 4.27737617492676 4.29442691802979 4.30779838562012 4.29773807525635 4.28183221817017 4.24965286254883 4.22943115234375 4.22768926620483 4.2189564704895 4.20380735397339 4.18771266937256
-9999 -9999 -9999 -9999 -9999 28.5021781921387 28.5073318481445 28.50807762146 28.4938983917236 28.2827854156494 27.4288349151611 24.1143817901611 19.4324150085449 12.0445280075073 7.66240549087524 6.74846506118774 6.04758310317993 5.49301862716675 5.02691459655762 4.59496831893921 4.43070840835571 4.31368732452393 4.24431848526001 4.17919921875 4.14079999923706 4.11270380020142 4.11801385879517 4.12802076339722 4.14622449874878 4.1640248298645 4.18141031265259 4.18508577346802 4.18040895462036 4.15871047973633 4.13133811950684 4.14659357070923 4.16778707504272 4.19538307189941 4.22005128860474 4.22607421875 4.2243332862854 4.20097923278809 4.18539953231812 4.18183422088623 4.17388772964478 4.16192007064819 4.15309381484985
-9999 -9999 -9999 -9999 -9999 -9999 28.508960723877 28.5086250305176 28.4762859344482 28.0649967193604 27.0445499420166 23.6925106048584 19.0808200836182 11.9766330718994 7.76624441146851 6.89484548568726 6.19712114334106 5.61866664886475 5.07585430145264 4.5468053817749 4.35531425476074 4.22339200973511 4.17398500442505 4.12944650650024 4.11042356491089 4.09642696380615 4.0987286567688 4.10327100753784 4.11172246932983 4.12025308609009 4.12886428833008 4.13088178634644 4.12888240814209 4.11907386779785 4.10666275024414 4.11454486846924 4.12527942657471 4.14268112182617 4.15859603881836 4.16504526138306 4.16685676574707 4.15575790405273 4.14784049987793 4.14484071731567 4.13941669464111 4.13176774978638 4.12575006484985
-9999 -9999 -9999 -9999 -9999 -9999 28.5108699798584 28.5101795196533 28.4561042785645 27.8059139251709 26.580078125 23.1509227752686 18.6018047332764 11.8365964889526 7.83132123947144 7.01057577133179 6.32435321807861 5.73051404953003 5.1185245513916 4.49952554702759 4.28355550765991 4.13870668411255 4.11031484603882 4.0870795249939 4.08556509017944 4.08434820175171 4.08409643173218 4.0841236114502 4.08463716506958 4.08518266677856 4.08576011657715 4.0860390663147 4.08613538742065 4.08657598495483 4.08713102340698 4.08800649642944 4.08896923065186 4.09586334228516 4.10263156890869 4.10860013961792 4.11305618286133 4.11330032348633 4.11256980895996 4.11033296585083 4.10745096206665 4.10397624969482 4.10045576095581
-9999 -9999 -9999 -9999 -9999 -9999 28.5177898406982 28.5138053894043 28.4259052276611 27.3004779815674 25.612325668335 21.7703037261963 17.166166305542 11.0540199279785 7.4704327583313 6.80440664291382 6.22528839111328 5.70585298538208 5.10297203063965 4.4678692817688 4.25260353088379 4.11142587661743 4.09629964828491 4.08518028259277 4.08444738388062 4.08387184143066 4.08380699157715 4.0838885307312 4.08422517776489 4.08453464508057 4.08481502532959 4.08496046066284 4.08502435684204 4.08527278900146 4.08558225631714 4.08613014221191 4.08672761917114 4.08968114852905 4.09268045425415 4.09596920013428 4.09844875335693 4.09867477416992 4.09861326217651 4.09810733795166 4.09714412689209 4.09576177597046 4.09353876113892
-9999 -9999 -9999 -9999 -9999 28.6453952789307 28.4934463500977 28.5293865203857 28.295129776001 26.7457695007324 24.6247978210449 20.3159503936768 15.6475162506104 10.2675666809082 7.12109231948853 6.5516996383667 6.04479455947876 5.58080244064331 5.01590299606323 4.41203880310059 4.21481227874756 4.08934497833252 4.08512687683105 4.08371639251709 4.08357954025269 4.0835018157959 4.08361721038818 4.0837607383728 4.08395481109619 4.08407783508301 4.08412933349609 4.08416604995728 4.08419370651245 4.08427476882935 4.08437347412109 4.08461809158325 4.08488082885742 4.0847806930542 4.08483934402466 4.08590841293335 4.08673048019409 4.08686351776123 4.08725833892822 4.08805847167969 4.08855009078979 4.08875846862793 4.08771085739136
-9999 -9999 -9999 -9999 28.6031646728516 28.621919631958 28.6453952789307 28.2851943969727 27.7955646514893 26.0103893280029 23.5647678375244 18.5912322998047 13.824481010437 9.46689605712891 6.81409597396851 6.12834882736206 5.56572341918945 5.08765125274658 4.66660070419312 4.26756858825684 4.15194320678711 4.08633089065552 4.08437490463257 4.08384943008423 4.08362770080566 4.0835223197937 4.08379316329956 4.08402872085571 4.08420181274414 4.08432531356812 4.08439683914185 4.08441114425659 4.08439064025879 4.08439588546753 4.08441019058228 4.08444452285767 4.08448171615601 4.0845799446106 4.0847373008728 4.08527135848999 4.08560276031494 4.08537006378174 4.08544445037842 4.08599233627319 4.08623456954956 4.08619594573975 4.08587503433228
