Ecospace-environmental-drivers/Outputs/ASCII-for-ecospace/MOM6-ISIMIP3a/tob/2008-05_tob_MOM6-ISIMIP3a.asc
NCOLS 131 
NROWS 53 
XLLCORNER -98 
YLLCORNER 23.9265270233154 
CELLSIZE 0.133587792515755 
NODATA_value -9999 
[rows 0 to 20 of 53, columns 47 to 93 of 131]
-9999 -9999 -9999 -9999 -9999 -9999 -9999 -9999 -9999 -9999 -9999 -9999 -9999 -9999 -9999 -9999 -9999 -9999 -9999 -9999 -9999 -9999 -9999 -9999 -9999 -9999 -9999 -9999 -9999 -9999 -9999 -9999 -9999 -9999 -9999 -9999 -9999 -9999 -9999 -9999 -9999 -9999 -9999 -9999 -9999 -9999 -9999
-9999 -9999 -9999 -9999 -9999 -9999 -9999 -9999 -9999 -9999 -9999 -9999 -9999 -9999 -9999 -9999 -9999 -9999 -9999 -9999 -9999 -9999 -9999 -9999 -9999 -9999 -9999 -9999 -9999 -9999 -9999 -9999 -9999 -9999 -9999 -9999 -9999 -9999 -9999 -9999 -9999 -9999 -9999 -9999 -9999 -9999 -9999
-9999 -9999 -9999 -9999 -9999 -9999 -9999 -9999 -9999 -9999 -9999 -9999 -9999 -9999 -9999 -9999 -9999 -9999 -9999 -9999 -9999 -9999 -9999 -9999 -9999 -9999 -9999 21.598352432251 21.7385902404785 -9999 -9999 -9999 -9999 -9999 -9999 -9999 -9999 -9999 -9999 -9999 -9999 -9999 -9999 -9999 -9999 -9999 -9999
-9999 -9999 -9999 -9999 -9999 -9999 -9999 -9999 -9999 -9999 -9999 -9999 -9999 -9999 -9999 -9999 -9999 -9999 -9999 -9999 -9999 -9999 -9999 -9999 -9999 -9999 -9999 21.6043510437012 21.7687473297119 -9999 -9999 -9999 -9999 -9999 -9999 -9999 -9999 -9999 -9999 -9999 -9999 -9999 -9999 -9999 -9999 -9999 -9999
-9999 -9999 -9999 -9999 -9999 -9999 -9999 -9999 -9999 -9999 -9999 -9999 -9999 -9999 -9999 -9999 -9999 -9999 23.8306484222412 23.6978187561035 23.5915546417236 22.9716949462891 22.4605083465576 21.6675586700439 21.2761173248291 21.2550106048584 21.3883361816406 21.6225280761719 21.8021850585938 21.8815288543701 -9999 -9999 21.6306552886963 21.4415168762207 21.2234020233154 21.0545082092285 21.0274925231934 21.1182880401611 21.2972965240479 21.49241065979 21.7281188964844 22.0439472198486 -9999 -9999 -9999 -9999 -9999
-9999 -9999 -9999 -9999 -9999 -9999 -9999 -9999 -9999 -9999 -9999 -9999 -9999 -9999 24.9436359405518 -9999 24.9463386535645 24.9466648101807 24.3781661987305 23.8306484222412 23.6712532043457 23.5915546417236 22.3518333435059 21.4381370544434 21.2127056121826 21.1775093078613 21.3748188018799 21.6126823425293 21.8800849914551 21.9137897491455 21.8507099151611 21.7684364318848 21.6823883056641 21.44114112854 21.2010192871094 21.0280475616455 20.9344577789307 21.1199741363525 21.3004302978516 21.4714851379395 21.7053184509277 22.0075511932373 22.4189701080322 22.9010391235352 -9999 -9999 -9999
-9999 -9999 -9999 -9999 -9999 -9999 -9999 -9999 -9999 -9999 24.9195499420166 24.9242401123047 24.9262161254883 24.9279804229736 24.9326496124268 24.9408988952637 24.9463729858398 24.9459762573242 24.9466648101807 24.3571872711182 23.8306484222412 23.5915546417236 22.3518333435059 21.4381370544434 21.2127056121826 21.1775093078613 21.3748188018799 21.6126823425293 21.8800849914551 21.9137897491455 21.8507099151611 21.7684364318848 21.6823883056641 21.44114112854 21.2010192871094 21.0280475616455 20.9344577789307 21.1199741363525 21.3004302978516 21.4714851379395 21.7053184509277 22.0075511932373 22.4189701080322 22.9010391235352 23.0284404754639 22.7660789489746 -9999
-9999 -9999 -9999 -9999 -9999 -9999 -9999 -9999 -9999 -9999 24.894401550293 24.9195499420166 24.9289302825928 -9999 24.924840927124 24.9209690093994 24.9354228973389 24.9463729858398 24.9448890686035 24.9466648101807 24.2942485809326 23.4869823455811 22.0316581726074 20.9541473388672 20.6742343902588 20.5734634399414 20.6916446685791 20.8905506134033 21.1482543945312 21.2554168701172 21.3002319335938 21.2442684173584 21.168493270874 20.8898658752441 20.6215972900391 20.5279159545898 20.4998302459717 20.7023811340332 20.9213829040527 21.1709403991699 21.4291610717773 21.6968250274658 21.9841957092285 22.2843189239502 22.5251388549805 22.7446556091309 23.2053279876709
-9999 -9999 -9999 -9999 -9999 -9999 -9999 -9999 -9999 -9999 -9999 -9999 -9999 -9999 24.9326477050781 24.903564453125 24.8868408203125 24.9244728088379 24.9463729858398 24.94162940979 24.249813079834 23.3662967681885 21.6804866790771 20.4279842376709 20.0902328491211 19.9193572998047 19.9524421691895 20.1088161468506 20.3549880981445 20.5398807525635 20.6993923187256 20.6666164398193 20.5960388183594 20.2486610412598 19.9239139556885 19.9203834533691 19.9716415405273 20.2155418395996 20.4928302764893 20.832124710083 21.1218872070312 21.3576850891113 21.5137310028076 21.6181735992432 22.0867080688477 22.6860275268555 23.3552284240723
25.3077125549316 -9999 -9999 -9999 -9999 -9999 -9999 -9999 -9999 -9999 24.9924297332764 24.8686256408691 -9999 -9999 -9999 24.9213180541992 24.8323020935059 24.8097400665283 24.9025726318359 24.8471240997314 24.047887802124 23.0927467346191 21.4851245880127 20.2965564727783 19.9926490783691 19.8453502655029 19.8894577026367 20.0289173126221 20.2378311157227 20.3681659698486 20.4659576416016 20.2507991790771 19.9741230010986 18.6324234008789 17.3940563201904 17.5504016876221 17.9041423797607 18.9519309997559 19.813060760498 20.3275451660156 20.7999420166016 21.2264804840088 21.47243309021 21.6015396118164 21.9830741882324 22.4552841186523 23.2217674255371
25.3192138671875 25.3209114074707 -9999 -9999 -9999 -9999 -9999 -9999 -9999 -9999 25.0127849578857 24.8140316009521 24.8686256408691 -9999 -9999 24.9945945739746 24.8498096466064 24.6525020599365 24.6974411010742 24.6934356689453 23.7348461151123 22.6805572509766 21.2257537841797 20.153621673584 19.8893394470215 19.7635192871094 19.8069286346436 19.9188537597656 20.0806865692139 20.0258960723877 19.8813953399658 19.3567562103271 18.7573909759521 16.7123775482178 14.8339385986328 15.1057233810425 15.7021389007568 17.4399719238281 18.8138389587402 19.5117874145508 20.2284240722656 20.9654235839844 21.3724555969238 21.5659828186035 21.8769702911377 22.2301502227783 23.0306987762451
25.3192138671875 25.3243064880371 25.5017280578613 25.661304473877 -9999 -9999 -9999 -9999 -9999 -9999 -9999 24.7325973510742 24.6533355712891 24.8686256408691 24.9195499420166 24.9945945739746 24.8498096466064 24.6525020599365 24.4759540557861 24.2223110198975 22.8257961273193 21.5247192382812 20.6230583190918 19.9489727020264 19.7553176879883 19.6397361755371 19.6195755004883 19.6469860076904 19.7090473175049 18.7687969207764 17.4134521484375 15.8975877761841 14.3501691818237 13.1627569198608 12.1115264892578 12.2603797912598 12.7786684036255 14.5959100723267 16.1011371612549 17.0269165039062 18.3182487487793 20.0078659057617 20.9577255249023 21.4289302825928 21.7576179504395 22.0351142883301 22.5306358337402
25.3061637878418 25.4328899383545 25.5850276947021 25.6646881103516 -9999 -9999 -9999 -9999 25.5610237121582 25.3234844207764 25.0280570983887 24.6531581878662 24.5165767669678 24.5749816894531 24.6593742370605 24.7560749053955 24.6788768768311 24.5601291656494 24.2421264648438 23.816577911377 22.0249462127686 20.4727439880371 19.9225807189941 19.3829154968262 18.8654117584229 18.4345722198486 18.1096534729004 17.8447341918945 17.6235198974609 16.1571769714355 14.1751852035522 12.2857475280762 10.4145030975342 10.0606956481934 9.8096170425415 10.013129234314 10.5682401657104 12.3595924377441 13.9069890975952 15.0013303756714 16.5878829956055 18.7107200622559 20.0938758850098 20.9984245300293 21.4737930297852 21.7949962615967 22.1007061004639
25.2604885101318 25.412727355957 25.5833129882812 25.6646881103516 25.7341957092285 25.729850769043 25.7178249359131 25.6667251586914 25.5610237121582 25.3234844207764 25.0280570983887 24.6531581878662 24.2338314056396 23.7781562805176 23.7487449645996 23.9212474822998 24.080602645874 24.2368183135986 23.9774417877197 23.5743236541748 21.4945945739746 19.6804256439209 18.9776477813721 17.9133262634277 16.0857524871826 14.525897026062 13.2932462692261 12.2164506912231 11.2531785964966 10.1591901779175 9.01106929779053 8.29221820831299 7.65775156021118 8.07755088806152 8.55898761749268 9.26114273071289 10.140456199646 11.6426649093628 13.0092525482178 14.1239767074585 15.3070487976074 16.5645866394043 18.10719871521 19.834264755249 20.7787742614746 21.4421787261963 21.8461112976074
24.8538284301758 25.1066474914551 25.3801021575928 25.4995880126953 25.5994415283203 25.5947799682617 25.579797744751 25.512321472168 25.3752307891846 25.0700511932373 24.7084922790527 24.26953125 23.6885528564453 22.9913806915283 22.9037418365479 23.1048278808594 23.3279113769531 23.5562515258789 22.9984111785889 22.2680606842041 19.8129253387451 17.6344947814941 16.6140995025635 15.1764144897461 12.857798576355 10.8941640853882 9.36439037322998 8.046799659729 6.88375997543335 6.16793775558472 5.6373233795166 5.68191432952881 5.83957624435425 6.77822399139404 7.74796676635742 8.73893165588379 9.79757881164551 11.094199180603 12.3272037506104 13.4420671463013 14.3789663314819 15.1219692230225 16.5461540222168 18.4110984802246 19.7412624359131 20.8793258666992 21.4686298370361
23.9368000030518 24.396333694458 24.8920078277588 25.1010646820068 25.2741680145264 25.268741607666 25.2466259002686 25.1396217346191 24.9267635345459 24.4583110809326 23.9371223449707 23.3435306549072 22.7721042633057 22.2188148498535 22.1515235900879 22.3144397735596 22.3569030761719 22.3705883026123 21.0094242095947 19.457483291626 16.5034980773926 13.8161811828613 12.2448873519897 10.647744178772 8.99603462219238 7.6539740562439 6.69036960601807 5.9393892288208 5.34328126907349 5.01383876800537 4.79483222961426 5.0272364616394 5.3483772277832 6.44568967819214 7.55847120285034 8.54158115386963 9.57474517822266 10.7839069366455 11.9500951766968 13.0364770889282 13.9496126174927 14.6739902496338 15.5868797302246 16.6217460632324 18.2195301055908 20.0195236206055 20.9174098968506
23.2113666534424 23.661600112915 24.1461982727051 24.4129219055176 24.6490936279297 24.6624546051025 24.653356552124 24.5300121307373 24.3109931945801 23.860954284668 23.3502597808838 22.7562961578369 21.9061641693115 20.8464431762695 20.506326675415 20.5070705413818 20.4178619384766 20.3071594238281 18.3043632507324 16.1200885772705 13.1863050460815 10.529224395752 9.03017711639404 7.66273355484009 6.57311820983887 5.72365283966064 5.16769886016846 4.78263425827026 4.52204275131226 4.40595674514771 4.34971570968628 4.68216466903687 5.0910210609436 6.18432188034058 7.28852891921997 8.25166702270508 9.24590015411377 10.3494653701782 11.429141998291 12.4644556045532 13.3731918334961 14.1440181732178 14.8741035461426 15.5778255462646 17.0916404724121 18.8964519500732 20.0570793151855
22.6472759246826 22.9062995910645 23.1833572387695 23.4808883666992 23.7715492248535 23.8201637268066 23.8410511016846 23.7208957672119 23.5543308258057 23.275707244873 22.9187755584717 22.4543418884277 21.0827579498291 18.9689655303955 18.1091365814209 17.843282699585 17.6636199951172 17.5045490264893 14.9962844848633 12.3390512466431 9.86256980895996 7.68973541259766 6.78769540786743 5.97766733169556 5.36188364028931 4.89639663696289 4.61460304260254 4.42644500732422 4.30649042129517 4.25805473327637 4.2392373085022 4.59781837463379 5.0305871963501 5.98288488388062 6.95083999633789 7.88380432128906 8.82778072357178 9.81047439575195 10.7870540618896 11.7522783279419 12.6729230880737 13.5449991226196 14.3689079284668 15.1616506576538 16.2954120635986 17.5516719818115 18.9364433288574
22.3975467681885 22.5411815643311 22.6915130615234 22.9272766113281 23.1659564971924 23.2473239898682 23.3026790618896 23.2257061004639 23.110445022583 22.9027271270752 22.5984134674072 22.1614856719971 20.219409942627 17.045862197876 15.2933597564697 14.2139739990234 13.9407711029053 13.8601913452148 11.9047536849976 9.83409786224365 7.96114683151245 6.3272533416748 5.69383955001831 5.14747953414917 4.78489589691162 4.51745843887329 4.36630868911743 4.27133750915527 4.21728563308716 4.19637155532837 4.18918037414551 4.46199417114258 4.78985071182251 5.51960182189941 6.26725244522095 7.04436588287354 7.86549043655396 8.84135913848877 9.78347015380859 10.6628885269165 11.5219488143921 12.358829498291 13.2231893539429 14.1053304672241 15.069317817688 16.0627059936523 17.5032176971436
22.3016586303711 22.3670082092285 22.4301605224609 22.5588512420654 22.6934471130371 22.8063468933105 22.8983631134033 22.8841457366943 22.8196220397949 22.6336269378662 22.3324317932129 21.8730812072754 19.3365154266357 15.1004323959351 12.2727384567261 10.1121673583984 9.74391460418701 9.80390644073486 8.91919422149658 7.95362186431885 6.75576162338257 5.687575340271 5.16208696365356 4.73564338684082 4.5182900428772 4.35791397094727 4.26717519760132 4.21463298797607 4.18991184234619 4.17688131332397 4.16869258880615 4.3009786605835 4.46087884902954 4.9281792640686 5.41439199447632 5.9741530418396 6.63690042495728 7.66175508499146 8.60298156738281 9.38890171051025 10.150411605835 10.885326385498 11.7640180587769 12.7357416152954 13.6328601837158 14.5031795501709 15.9170207977295
22.1219329833984 22.1189823150635 22.1185760498047 22.21164894104 22.3067474365234 22.1981678009033 22.0788497924805 21.9049034118652 21.4900321960449 20.4934234619141 19.6684627532959 19.0791568756104 16.8546981811523 13.2924013137817 10.7238636016846 8.62604808807373 8.07631206512451 7.89646482467651 7.42408275604248 6.90739583969116 6.03837203979492 5.26068067550659 4.86522626876831 4.5491099357605 4.40048360824585 4.29077863693237 4.2286434173584 4.19091081619263 4.17095232009888 4.15970468521118 4.15206432342529 4.21190071105957 4.28500127792358 4.53869152069092 4.80510711669922 5.13050174713135 5.55392456054688 6.32201910018921 7.03755617141724 7.65548610687256 8.33619022369385 9.08528900146484 9.90968990325928 10.7828149795532 11.6200113296509 12.4443016052246 13.7836780548096
