Ecospace-environmental-drivers/Outputs/ASCII-for-ecospace/MOM6-ISIMIP3a/tob/2010-10_tob_MOM6-ISIMIP3a.asc
NCOLS 131 
NROWS 53 
XLLCORNER -98 
YLLCORNER 23.9265270233154 
CELLSIZE 0.133587792515755 
NODATA_value -9999 
[rows 21 to 41 of 53, columns 0 to 46 of 131]
-9999 -9999 -9999 -9999 -9999 -9999 27.3131790161133 27.3055877685547 27.2797470092773 27.2403583526611 27.0688648223877 26.8682289123535 26.9381484985352 27.1464157104492 27.3354530334473 27.5022983551025 27.5854740142822 27.6111869812012 27.4560966491699 27.2311897277832 26.2992286682129 25.2424945831299 25.1878967285156 25.1733474731445 25.3096561431885 25.3636379241943 25.1506881713867 24.8855991363525 24.5295219421387 24.12158203125 23.6602764129639 23.4003467559814 23.263090133667 23.1708946228027 23.0937175750732 23.0259189605713 22.9602203369141 23.006326675415 23.0289916992188 22.9023761749268 22.8068771362305 22.7979946136475 22.7956485748291 22.8034038543701 22.7467288970947 22.6309146881104 22.3540840148926
-9999 -9999 -9999 -9999 -9999 -9999 27.3133316040039 27.3131790161133 27.2979965209961 27.2674522399902 27.2403583526611 27.0980072021484 26.8664970397949 26.4585666656494 26.3038673400879 26.4413566589355 26.2896690368652 25.9393901824951 25.2691307067871 24.4753150939941 23.422571182251 22.3241348266602 22.2119007110596 22.1315822601318 22.1372814178467 22.1499309539795 22.1851119995117 22.1917362213135 22.1485290527344 22.1060352325439 22.0642757415771 22.0784454345703 22.1266860961914 22.1199340820312 22.0948486328125 22.0166358947754 21.9287567138672 21.517993927002 21.0205535888672 19.9711093902588 19.211332321167 19.2579154968262 19.3094120025635 19.3684959411621 19.4195575714111 19.4632606506348 19.0767459869385
-9999 -9999 -9999 -9999 27.2006816864014 27.2831802368164 27.3155651092529 27.3112525939941 27.3131790161133 27.2828121185303 27.2334594726562 27.1114406585693 26.6761417388916 25.6209487915039 25.0894165039062 25.1621036529541 24.7163143157959 23.9144630432129 22.7092514038086 21.3482875823975 20.2196292877197 19.131965637207 18.9772987365723 18.8439121246338 18.7175998687744 18.6888580322266 18.9764804840088 19.257152557373 19.5256958007812 19.849946975708 20.2315235137939 20.5485420227051 20.8262310028076 20.9441394805908 21.0087909698486 20.9243087768555 20.8133239746094 19.883638381958 18.8179130554199 16.8858547210693 15.4879217147827 15.5768642425537 15.6722192764282 15.7774810791016 15.9329862594604 16.1346054077148 15.6467332839966
-9999 -9999 -9999 -9999 27.0093479156494 27.1946334838867 27.2507972717285 27.3155651092529 27.3050155639648 27.1707382202148 26.8467407226562 25.7965660095215 24.760066986084 23.7506217956543 22.8721179962158 22.1446952819824 20.5704708099365 18.4147109985352 16.7756500244141 15.3361072540283 14.3444805145264 13.4318981170654 13.5209884643555 13.6194438934326 13.6131725311279 13.6500186920166 13.8266687393188 13.9861764907837 14.1157712936401 14.3806390762329 14.7847023010254 15.4657258987427 16.3154716491699 16.9284343719482 17.4624671936035 17.4643497467041 17.3796043395996 15.4774580001831 13.7063751220703 12.7699546813965 12.0598249435425 11.9796390533447 11.9249200820923 11.9095621109009 11.9532346725464 12.0510854721069 11.5997304916382
-9999 -9999 -9999 -9999 -9999 27.0093479156494 27.2028255462646 27.1860275268555 27.3242664337158 26.9026794433594 26.2073783874512 24.4644184112549 22.9463481903076 21.8732719421387 20.5661163330078 18.9888687133789 16.4886741638184 13.3546514511108 11.4696702957153 10.066990852356 9.26013088226318 8.55841445922852 8.82051658630371 9.08285331726074 9.17127323150635 9.24976062774658 9.29604244232178 9.3383903503418 9.37387371063232 9.60504913330078 10.0375852584839 10.961745262146 12.1853981018066 13.112943649292 13.9417867660522 13.9959363937378 13.9256296157837 11.4392032623291 9.27454948425293 9.15904903411865 9.01851367950439 8.80828666687012 8.64244842529297 8.54520893096924 8.49604034423828 8.49099159240723 8.08252906799316
-9999 -9999 -9999 -9999 -9999 27.096887588501 27.0093479156494 27.3003597259521 27.4637355804443 25.950662612915 24.4602432250977 23.056526184082 21.5814380645752 19.965124130249 17.8711757659912 15.226110458374 12.6876964569092 10.222526550293 8.91563415527344 8.05599594116211 7.64320755004883 7.30927515029907 7.43419218063354 7.56240701675415 7.63437461853027 7.6495099067688 7.48037338256836 7.4231128692627 7.5610876083374 7.87121343612671 8.35847854614258 8.99579429626465 9.72451877593994 10.175347328186 10.5335445404053 10.4904623031616 10.3828439712524 9.01419925689697 7.82306814193726 7.76240348815918 7.6731424331665 7.50427532196045 7.39811134338379 7.38885116577148 7.33011722564697 7.22597646713257 6.88836288452148
-9999 -9999 27.2897205352783 27.2668342590332 27.2425270080566 27.1845321655273 27.0967845916748 27.3783111572266 27.4745121002197 25.1694450378418 23.0797462463379 21.8143844604492 20.1782150268555 17.8083209991455 15.1084403991699 12.0278043746948 9.68234539031982 7.8417649269104 6.98905181884766 6.51779127120972 6.37719917297363 6.2949595451355 6.32161855697632 6.35496664047241 6.42419004440308 6.41078519821167 6.12946701049805 6.02012395858765 6.21089124679565 6.55050849914551 7.043288230896 7.4387731552124 7.774986743927 7.88422870635986 7.91781330108643 7.80154418945312 7.66175603866577 7.13169240951538 6.66899871826172 6.63533449172974 6.56510162353516 6.39307022094727 6.30018329620361 6.32960939407349 6.26255321502686 6.1069450378418 5.85408401489258
-9999.000000000000000 -9999 -9999 -9999 27.3734436035156 27.3005199432373 27.3539752960205 27.3768787384033 27.2045021057129 24.7608833312988 22.4991989135742 20.9338836669922 18.6914005279541 15.1089897155762 12.1977863311768 10.0610513687134 8.41293239593506 7.10036945343018 6.43148326873779 6.01114463806152 5.87683343887329 5.79299688339233 5.80632781982422 5.83045816421509 5.92684888839722 5.96085929870605 5.79260730743408 5.73487234115601 5.86999940872192 6.1311936378479 6.52210807800293 6.77397727966309 6.94114065170288 7.00362873077393 7.03122472763062 6.89423513412476 6.73349142074585 6.43283557891846 6.16383647918701 6.09644031524658 5.97488021850586 5.70254135131836 5.52169942855835 5.48226022720337 5.40959358215332 5.30642938613892 5.16865491867065
-9999 -9999 -9999 -9999 27.5504188537598 27.6352787017822 27.5871734619141 27.361011505127 26.9467163085938 24.4360275268555 22.0011100769043 19.8562183380127 17.0590648651123 12.9712734222412 10.0768384933472 8.55935192108154 7.4067759513855 6.50480031967163 5.96458435058594 5.56405687332153 5.43487167358398 5.35356998443604 5.36728096008301 5.39326620101929 5.50419759750366 5.57433176040649 5.5121865272522 5.49655818939209 5.56210517883301 5.74186992645264 6.03916215896606 6.17994260787964 6.22537803649902 6.24990463256836 6.26746225357056 6.13583850860596 5.98354291915894 5.82387733459473 5.67378520965576 5.58465957641602 5.4455943107605 5.16751146316528 4.97432088851929 4.91232776641846 4.85285329818726 4.79569101333618 4.72632455825806
-9999 -9999 -9999 -9999 27.6753673553467 27.7154560089111 27.7649555206299 27.3269844055176 26.7043113708496 24.2164840698242 21.6067638397217 18.5305023193359 15.2436532974243 11.5401153564453 8.94940757751465 7.64273071289062 6.7318172454834 6.09269285202026 5.61175441741943 5.19189739227295 5.06638622283936 4.99281787872314 5.02415418624878 5.06592559814453 5.17551183700562 5.26756572723389 5.30277156829834 5.31729507446289 5.29572534561157 5.39027786254883 5.60431814193726 5.6749324798584 5.65817356109619 5.65580177307129 5.65822553634644 5.56478548049927 5.45793056488037 5.3280200958252 5.20274543762207 5.10698938369751 4.99296998977661 4.82811117172241 4.71769237518311 4.69140768051147 4.66878223419189 4.6495156288147 4.58983278274536
-9999 -9999 -9999 -9999 27.7154560089111 27.7753753662109 27.8457164764404 27.4613189697266 26.8930854797363 24.4062118530273 21.7295341491699 18.3263607025146 14.7616720199585 10.8773899078369 8.22646236419678 6.99863338470459 6.20942354202271 5.72143316268921 5.32055807113647 4.95332145690918 4.83836221694946 4.76792192459106 4.80206680297852 4.84557628631592 4.94803905487061 5.0467586517334 5.13334083557129 5.16893243789673 5.11554145812988 5.13678789138794 5.23483514785767 5.25594282150269 5.23017883300781 5.20693302154541 5.18452596664429 5.12871932983398 5.06801176071167 4.96776628494263 4.86889123916626 4.77873945236206 4.68947553634644 4.6026816368103 4.54638433456421 4.53721857070923 4.53261947631836 4.5322117805481 4.48435735702515
-9999 -9999 -9999 -9999 27.7788486480713 27.8457164764404 27.7271614074707 27.7219276428223 27.4052467346191 24.9029006958008 22.2401447296143 18.9634132385254 15.2797775268555 10.790994644165 7.80688524246216 6.55893230438232 5.80145502090454 5.38080978393555 5.07558727264404 4.81493425369263 4.71568536758423 4.64491987228394 4.67076015472412 4.70547199249268 4.79647731781006 4.89042234420776 4.99389886856079 5.04374599456787 5.00000524520874 4.95687532424927 4.91437435150146 4.90146923065186 4.90659332275391 4.86699151992798 4.81248092651367 4.79389381408691 4.77986478805542 4.70921659469604 4.63792753219604 4.56255674362183 4.49782943725586 4.46273040771484 4.43906736373901 4.43307781219482 4.4323878288269 4.43656206130981 4.40214443206787
-9999 -9999 -9999 -9999 27.8457164764404 27.8453350067139 27.8527717590332 27.8796844482422 27.7100391387939 25.7750358581543 23.561990737915 20.2847232818604 16.3260383605957 11.0190172195435 7.61978912353516 6.42185354232788 5.69014120101929 5.27860450744629 4.98394727706909 4.73442125320435 4.63326549530029 4.55829286575317 4.56157493591309 4.56870412826538 4.59361267089844 4.63055276870728 4.70650339126587 4.75517702102661 4.75624990463257 4.73764705657959 4.69879817962646 4.68404006958008 4.68395805358887 4.62904691696167 4.55585908889771 4.55964994430542 4.57372522354126 4.53855752944946 4.50126123428345 4.45041084289551 4.40550422668457 4.37714290618896 4.35876512527466 4.35581684112549 4.35486555099487 4.35574817657471 4.32938385009766
-9999 -9999 -9999 -9999 -9999 27.9375820159912 27.9556922912598 27.9567012786865 27.9259586334229 26.8080768585205 25.2315120697021 21.8992919921875 17.5986557006836 11.3817920684814 7.5323281288147 6.4144721031189 5.70596647262573 5.27857971191406 4.95802116394043 4.67871189117432 4.56809902191162 4.48725509643555 4.46186971664429 4.4333667755127 4.36876106262207 4.32631158828735 4.35569858551025 4.39658641815186 4.45754289627075 4.50156879425049 4.52817344665527 4.52534580230713 4.50458812713623 4.43481588363647 4.34870576858521 4.36851263046265 4.40273237228394 4.40556621551514 4.4050087928772 4.38285303115845 4.35574579238892 4.31485366821289 4.29004049301147 4.29007530212402 4.28707599639893 4.28129196166992 4.26067447662354
-9999 -9999 -9999 -9999 -9999 27.9926452636719 28.004280090332 28.0306930541992 27.9798908233643 27.3263854980469 26.0773429870605 22.5488338470459 18.0285587310791 11.5458602905273 7.58998203277588 6.54965877532959 5.84923648834229 5.382239818573 4.99403619766235 4.63625764846802 4.50118732452393 4.40541887283325 4.3568286895752 4.30780267715454 4.24653577804565 4.20311975479126 4.21758270263672 4.24305009841919 4.28772211074829 4.32456922531128 4.35336446762085 4.35512113571167 4.34040498733521 4.29067516326904 4.22927379608154 4.24960041046143 4.28111171722412 4.29726266860962 4.31077194213867 4.30745458602905 4.29548406600952 4.25942277908325 4.23709440231323 4.23598909378052 4.23143196105957 4.22370672225952 4.21103191375732
-9999 -9999 -9999 -9999 -9999 27.996524810791 28.0179615020752 28.025447845459 28.0003108978271 27.7381954193115 26.7527523040771 22.9987087249756 18.2841033935547 11.668815612793 7.67765998840332 6.71434259414673 6.01887512207031 5.50735235214233 5.04286766052246 4.59654521942139 4.43391513824463 4.32134819030762 4.25068378448486 4.18426132202148 4.14554405212402 4.11738729476929 4.12347221374512 4.13194036483765 4.14456844329834 4.15979337692261 4.17769050598145 4.18251085281372 4.17936420440674 4.156898021698 4.12799167633057 4.14563131332397 4.16970586776733 4.19406700134277 4.21695184707642 4.23043394088745 4.23304891586304 4.20541095733643 4.18741321563721 4.18431425094604 4.17830038070679 4.16961193084717 4.16533422470093
-9999 -9999 -9999 -9999 -9999 -9999 27.9673328399658 27.997745513916 27.9425983428955 27.2439384460449 25.9676952362061 22.4807071685791 18.0117263793945 11.5996618270874 7.76585006713867 6.90693998336792 6.21872520446777 5.64773368835449 5.09633302688599 4.55249738693237 4.36170864105225 4.23322200775146 4.18114948272705 4.13403558731079 4.11429929733276 4.09982013702393 4.10238838195801 4.10605764389038 4.11164903640747 4.1187801361084 4.12749433517456 4.13007211685181 4.12891054153442 4.11878252029419 4.10566520690918 4.11484909057617 4.12713289260864 4.14188718795776 4.15603637695312 4.16633462905884 4.17073106765747 4.15869760513306 4.15032815933228 4.14761972427368 4.14331912994385 4.13755655288696 4.1341724395752
-9999 -9999 -9999 -9999 -9999 -9999 27.8859844207764 27.8788051605225 27.8663158416748 26.6853542327881 25.0885486602783 21.9000663757324 17.6988906860352 11.4938774108887 7.81977415084839 7.06594467163086 6.39224338531494 5.77357006072998 5.14381217956543 4.50977373123169 4.29297018051147 4.14979600906372 4.11764478683472 4.09085035324097 4.08843898773193 4.08649492263794 4.08606624603271 4.08585929870605 4.0860390663147 4.08631610870361 4.08669233322144 4.08699131011963 4.08724403381348 4.08776092529297 4.08836650848389 4.08954381942749 4.09082698822021 4.09582424163818 4.10099935531616 4.10730838775635 4.11259412765503 4.11503028869629 4.11568117141724 4.11357402801514 4.1111159324646 4.10833501815796 4.10553693771362
-9999 -9999 -9999 -9999 -9999 -9999 27.7585773468018 27.7814025878906 27.6292686462402 25.8733825683594 23.9033355712891 21.1135768890381 17.2066402435303 11.0891246795654 7.50793695449829 6.85327434539795 6.27045106887817 5.73696374893188 5.12521648406982 4.4832501411438 4.26358699798584 4.11844730377197 4.10096406936646 4.08773899078369 4.08670139312744 4.08586120605469 4.08565855026245 4.0855860710144 4.08573913574219 4.08592844009399 4.08615493774414 4.08633232116699 4.08647966384888 4.08671712875366 4.08698511123657 4.08769941329956 4.08848571777344 4.09064149856567 4.09294986724854 4.09622478485107 4.09899568557739 4.10036134719849 4.10103130340576 4.10062456130981 4.09987497329712 4.09880971908569 4.09689903259277
-9999 -9999 -9999 -9999 -9999 27.7813987731934 27.6026172637939 27.6155261993408 27.2816143035889 25.0794696807861 22.7794742584229 20.1049385070801 16.3815078735352 10.5826120376587 7.19638729095459 6.59400749206543 6.0700478553772 5.59994268417358 5.03390407562256 4.43082189559937 4.22672271728516 4.0930323600769 4.08763074874878 4.08531808853149 4.08533620834351 4.08535289764404 4.085364818573 4.08541679382324 4.08553981781006 4.08565616607666 4.08576631546021 4.08584356307983 4.08590078353882 4.08590412139893 4.08588981628418 4.08618116378784 4.08651161193848 4.08647108078003 4.08654689788818 4.08736228942871 4.08807182312012 4.0884861946106 4.08907127380371 4.08991956710815 4.09045171737671 4.09069395065308 4.08963203430176
-9999 -9999 -9999 -9999 27.5334529876709 27.671501159668 27.7813987731934 27.2321434020996 26.5283889770508 24.35178565979 21.8805770874023 18.2817478179932 14.3357944488525 9.70297527313232 6.88589239120483 6.16388463973999 5.58139848709106 5.09472799301147 4.67595815658569 4.28340768814087 4.162428855896 4.08937406539917 4.08656930923462 4.08542823791504 4.08533525466919 4.08530712127686 4.08548736572266 4.08562994003296 4.08570766448975 4.08580493927002 4.08592319488525 4.0859808921814 4.08600187301636 4.0859375 4.08584403991699 4.08585739135742 4.08588552474976 4.08601140975952 4.08618259429932 4.08664274215698 4.08695459365845 4.08685350418091 4.08697557449341 4.08744382858276 4.08769464492798 4.08774566650391 4.08739233016968
