Ecospace-environmental-drivers/Outputs/ASCII-for-ecospace/MOM6-ISIMIP3a/tob/2010-12_tob_MOM6-ISIMIP3a.asc
NCOLS 131 
NROWS 53 
XLLCORNER -98 
YLLCORNER 23.9265270233154 
CELLSIZE 0.133587792515755 
NODATA_value -9999 
[rows 21 to 41 of 53, columns 47 to 93 of 131]
21.6340312957764 21.4290466308594 21.2566261291504 21.2896194458008 21.3169822692871 20.6246662139893 20.0120162963867 19.8046131134033 19.1922836303711 17.6022262573242 16.2966537475586 15.381646156311 13.7719497680664 11.5938768386841 9.6772985458374 7.88458442687988 7.0660343170166 6.4802451133728 6.20858287811279 5.936683177948 5.34722518920898 4.82663679122925 4.59427547454834 4.40856981277466 4.32135772705078 4.25527238845825 4.21500730514526 4.18326377868652 4.15772771835327 4.14023017883301 4.12606143951416 4.12664890289307 4.13013744354248 4.18152856826782 4.2386794090271 4.33476972579956 4.50368499755859 4.92865610122681 5.36029481887817 5.80431604385376 6.43143939971924 7.25805902481079 8.06133651733398 8.84951114654541 9.78267669677734 10.7679243087769 12.1493883132935
18.1391925811768 17.7888832092285 17.5114688873291 17.435661315918 17.354866027832 16.5822734832764 15.8528642654419 15.3431177139282 14.6446161270142 13.4903469085693 12.5938034057617 12.0510845184326 11.0135068893433 9.57104969024658 8.34134292602539 7.21241140365601 6.54480409622192 5.98742246627808 5.74760293960571 5.51758861541748 5.11275291442871 4.74423885345459 4.52773189544678 4.35590839385986 4.27841567993164 4.22219181060791 4.19196319580078 4.16703844070435 4.14597702026367 4.130690574646 4.11779594421387 4.11453056335449 4.11315774917603 4.13149690628052 4.15258550643921 4.19339799880981 4.27024126052856 4.47376918792725 4.6937780380249 4.94439506530762 5.31523513793945 5.81706237792969 6.31454038619995 6.8092041015625 7.75005722045898 8.85118865966797 10.2327260971069
14.3709506988525 13.8868398666382 13.514835357666 13.3233251571655 13.1278266906738 12.3258819580078 11.5285272598267 10.7545204162598 10.0253086090088 9.40425968170166 8.98058128356934 8.82786560058594 8.34997463226318 7.606032371521 7.04109764099121 6.56095457077026 6.06634902954102 5.56828832626343 5.34808492660522 5.14469194412231 4.90812873840332 4.67776346206665 4.47333526611328 4.31188774108887 4.24117469787598 4.19217014312744 4.16969680786133 4.15091705322266 4.13482713699341 4.12196683883667 4.11044454574585 4.10679388046265 4.10469007492065 4.10432004928589 4.10412406921387 4.10500431060791 4.10672521591187 4.11140155792236 4.13702487945557 4.2015495300293 4.31370067596436 4.47774314880371 4.66515970230103 4.86770009994507 5.79828310012817 6.99039030075073 8.36271190643311
10.6085119247437 10.2969923019409 10.1050577163696 9.94100666046143 9.76930046081543 9.31386566162109 8.87193870544434 8.49872207641602 8.15030956268311 7.86178970336914 7.63451671600342 7.49132823944092 7.17791080474854 6.72521591186523 6.32768821716309 5.95629167556763 5.55762481689453 5.15244150161743 4.99700975418091 4.85715293884277 4.69426918029785 4.54053020477295 4.4250659942627 4.32114887237549 4.24160861968994 4.18595552444458 4.15949773788452 4.14089012145996 4.12800073623657 4.11717510223389 4.10720348358154 4.10370588302612 4.10148096084595 4.10038423538208 4.0995044708252 4.10033273696899 4.1015157699585 4.10394620895386 4.11569929122925 4.14476585388184 4.19543504714966 4.26964044570923 4.35597515106201 4.45015811920166 4.90932083129883 5.4995903968811 6.85451126098633
7.35911417007446 7.18678522109985 7.13160991668701 6.99129676818848 6.84253358840942 6.70091342926025 6.57757377624512 6.54722499847412 6.52026033401489 6.50146579742432 6.43800163269043 6.31321144104004 6.12875986099243 5.89549589157104 5.63367891311646 5.35833740234375 5.06144189834595 4.75939559936523 4.67196273803711 4.59765958786011 4.49987459182739 4.41266489028931 4.36971139907837 4.31517362594604 4.2361798286438 4.1796088218689 4.15044355392456 4.13217163085938 4.12183427810669 4.11284351348877 4.10441017150879 4.10111951828003 4.09883975982666 4.09713125228882 4.09566783905029 4.09639406204224 4.09708976745605 4.09767866134644 4.09814834594727 4.09839630126953 4.098952293396 4.09984397888184 4.1033935546875 4.10866260528564 4.17652368545532 4.26686859130859 5.51193189620972
6.35926294326782 6.17966556549072 6.07134294509888 5.93845272064209 5.80891370773315 5.83774328231812 5.87145566940308 5.93000364303589 5.96424722671509 5.93980503082275 5.89721870422363 5.8297233581543 5.61854887008667 5.28981971740723 5.02473497390747 4.78979730606079 4.62024831771851 4.46632289886475 4.4610424041748 4.46113681793213 4.39083194732666 4.32587385177612 4.28328990936279 4.24239063262939 4.20504713058472 4.17268466949463 4.14640951156616 4.12918710708618 4.11855840682983 4.11053133010864 4.10358095169067 4.10073328018188 4.09869146347046 4.0968713760376 4.09526491165161 4.09566926956177 4.09609985351562 4.09662055969238 4.09714841842651 4.09768772125244 4.09798192977905 4.09800815582275 4.09899759292603 4.10061025619507 4.12846612930298 4.16574859619141 4.8955545425415
5.51128530502319 5.33978748321533 5.19917631149292 5.09922218322754 5.01141262054443 5.13912963867188 5.26415777206421 5.37550592422485 5.44304227828979 5.40478897094727 5.36233854293823 5.31412601470947 5.10532188415527 4.76512622833252 4.53794956207275 4.36430788040161 4.29382419586182 4.2479887008667 4.29240131378174 4.33700752258301 4.29419469833374 4.25235939025879 4.21461391448975 4.18546533584595 4.17446327209473 4.15907907485962 4.1383376121521 4.12419176101685 4.11485004425049 4.10833692550659 4.10299491882324 4.10059547424316 4.09877395629883 4.09680700302124 4.09503078460693 4.09517192840576 4.09538698196411 4.09586048126221 4.09642839431763 4.09717035293579 4.09718799591064 4.09641647338867 4.09568548202515 4.09498071670532 4.09546089172363 4.09636688232422 4.41149044036865
4.99467420578003 4.86480665206909 4.73741769790649 4.72606515884399 4.729088306427 4.79955339431763 4.87247085571289 4.95786237716675 4.99778318405151 4.92790937423706 4.8403377532959 4.72846984863281 4.58551502227783 4.41712665557861 4.31769752502441 4.2509331703186 4.21780920028687 4.1927227973938 4.21600723266602 4.2399206161499 4.22462463378906 4.20781230926514 4.18465662002563 4.1631383895874 4.14507722854614 4.13089561462402 4.12145614624023 4.1148099899292 4.11019849777222 4.10640048980713 4.10293960571289 4.10099983215332 4.0993595123291 4.09716939926147 4.09516477584839 4.09517002105713 4.09527826309204 4.09575033187866 4.09631967544556 4.09706878662109 4.09677934646606 4.09535789489746 4.0947380065918 4.09463739395142 4.09529876708984 4.09623384475708 4.21611642837524
4.64641380310059 4.55489015579224 4.45552349090576 4.48763370513916 4.53259754180908 4.56124353408813 4.59484767913818 4.65367555618286 4.66573715209961 4.56487655639648 4.45681142807007 4.3388557434082 4.25560426712036 4.2007474899292 4.17915868759155 4.1733283996582 4.16403102874756 4.15390539169312 4.16323375701904 4.17336368560791 4.17570161819458 4.17495393753052 4.16129064559937 4.14572191238403 4.12613153457642 4.11388921737671 4.1106276512146 4.10830116271973 4.10665607452393 4.10483837127686 4.1029486656189 4.10149383544922 4.10012435913086 4.09768581390381 4.0954270362854 4.09530925750732 4.09532690048218 4.09582042694092 4.09637832641602 4.09705543518066 4.09659337997437 4.09488916397095 4.09431409835815 4.09447050094604 4.09516096115112 4.09604358673096 4.10451602935791
4.50995206832886 4.45263671875 4.39991474151611 4.41869878768921 4.44409275054932 4.45033407211304 4.4607253074646 4.49222612380981 4.47612285614014 4.34507369995117 4.24749851226807 4.19587850570679 4.16459798812866 4.14995861053467 4.14342260360718 4.14072513580322 4.13822889328003 4.13578081130981 4.14017772674561 4.14521646499634 4.15275526046753 4.15679931640625 4.14621686935425 4.13448333740234 4.12032079696655 4.11094331741333 4.10741472244263 4.10540819168091 4.10451030731201 4.10374689102173 4.1030387878418 4.10209941864014 4.10111427307129 4.09839582443237 4.09585046768188 4.09562635421753 4.09557247161865 4.09611654281616 4.09664726257324 4.09715366363525 4.09668779373169 4.0951623916626 4.09454870223999 4.09452486038208 4.09505319595337 4.09577989578247 4.09830951690674
4.41462182998657 4.37638759613037 4.34705305099487 4.359459400177 4.37519311904907 4.3653998374939 4.35788726806641 4.36197805404663 4.33062934875488 4.21370935440063 4.13932609558105 4.12334012985229 4.11759328842163 4.12022352218628 4.12073135375977 4.1202335357666 4.12089443206787 4.1218318939209 4.12478256225586 4.12818098068237 4.13607120513916 4.14111518859863 4.13424777984619 4.12630081176758 4.11607503890991 4.10908269882202 4.10604333877563 4.10448789596558 4.10401296615601 4.10349798202515 4.10296678543091 4.10210943222046 4.10118770599365 4.09877967834473 4.096519947052 4.09624576568604 4.09613037109375 4.09657096862793 4.09695672988892 4.09724092483521 4.09682083129883 4.0956335067749 4.09488534927368 4.09442138671875 4.09471702575684 4.09528493881226 4.09533023834229
4.35014057159424 4.31964111328125 4.29625225067139 4.30749273300171 4.32099771499634 4.29994678497314 4.27851295471191 4.25513029098511 4.21822690963745 4.14867448806763 4.10700988769531 4.1036319732666 4.10359048843384 4.10627889633179 4.10782337188721 4.10882616043091 4.1099100112915 4.11101388931274 4.11513423919678 4.11947965621948 4.12408351898193 4.12728357315063 4.1246075630188 4.12041091918945 4.11300325393677 4.10803699493408 4.10605382919312 4.10504722595215 4.10475206375122 4.1038818359375 4.10277318954468 4.1016731262207 4.1005744934082 4.09891986846924 4.09737396240234 4.097092628479 4.09692239761353 4.09714460372925 4.09729671478271 4.09732007980347 4.09698247909546 4.09625291824341 4.09529876708984 4.09419965744019 4.09420871734619 4.09461641311646 4.09477186203003
4.2904372215271 4.26563739776611 4.2458701133728 4.25178861618042 4.25908088684082 4.23248243331909 4.20583343505859 4.17892694473267 4.14968729019165 4.11481380462646 4.09479093551636 4.09515571594238 4.09648323059082 4.09859848022461 4.09998416900635 4.10102415084839 4.10219383239746 4.10339546203613 4.10744380950928 4.11163330078125 4.11502027511597 4.11768293380737 4.11731243133545 4.11546564102173 4.11050033569336 4.10714149475098 4.10574674606323 4.10488080978394 4.10440063476562 4.10323429107666 4.10178422927856 4.10076141357422 4.09982252120972 4.09879398345947 4.09783124923706 4.0975489616394 4.09733057022095 4.09733772277832 4.09731578826904 4.09723949432373 4.09695243835449 4.096435546875 4.09536266326904 4.09392976760864 4.09379911422729 4.0941367149353 4.09436702728271
4.2327823638916 4.21280908584595 4.19566822052002 4.19448328018188 4.19385480880737 4.16415596008301 4.13602352142334 4.11585664749146 4.09994649887085 4.094313621521 4.09118461608887 4.09149265289307 4.09233093261719 4.09360265731812 4.0943169593811 4.09476709365845 4.09587860107422 4.09714794158936 4.10059309005737 4.10415267944336 4.10721015930176 4.10989570617676 4.11102294921875 4.11092519760132 4.10824108123779 4.10631084442139 4.1053032875061 4.10440301895142 4.10358190536499 4.10214519500732 4.10045433044434 4.09964609146118 4.09901142120361 4.0985541343689 4.09811925888062 4.09783792495728 4.09757375717163 4.09736728668213 4.09719657897949 4.09709072113037 4.09684038162231 4.09643125534058 4.09527683258057 4.0936393737793 4.09343194961548 4.09373760223389 4.09402847290039
4.19344472885132 4.17557764053345 4.15742969512939 4.15369939804077 4.15072870254517 4.12840700149536 4.1080060005188 4.09737491607666 4.08980894088745 4.08964490890503 4.08968687057495 4.090012550354 4.09074544906616 4.09181118011475 4.09254169464111 4.09311246871948 4.09410572052002 4.09519958496094 4.09755373001099 4.09996604919434 4.10196876525879 4.10386896133423 4.10533905029297 4.10591220855713 4.10459136962891 4.10351848602295 4.10274934768677 4.1019983291626 4.1012601852417 4.10023784637451 4.09909725189209 4.09817361831665 4.09729194641113 4.09694290161133 4.09664392471313 4.09664916992188 4.09665393829346 4.09665822982788 4.09669303894043 4.09678411483765 4.09642648696899 4.09557962417603 4.09457874298096 4.09347772598267 4.09337377548218 4.0936279296875 4.09390449523926
4.15789699554443 4.14157295227051 4.121666431427 4.11633443832397 4.11217498779297 4.09939813613892 4.08863544464111 4.08811855316162 4.08786582946777 4.0882511138916 4.08862543106079 4.08898401260376 4.08969068527222 4.09068298339844 4.09157133102417 4.09241008758545 4.09327268600464 4.09414052963257 4.09530258178711 4.09646081924438 4.09725904464722 4.09820652008057 4.09978008270264 4.10080051422119 4.10065412521362 4.10032081604004 4.09975862503052 4.09919452667236 4.09862804412842 4.09816074371338 4.0977349281311 4.09662675857544 4.09538507461548 4.09504747390747 4.09480381011963 4.09515428543091 4.09549427032471 4.09579610824585 4.09610986709595 4.09644460678101 4.09595012664795 4.09455251693726 4.09375381469727 4.09334325790405 4.09337997436523 4.09357786178589 4.09382486343384
4.12737607955933 4.11681509017944 4.10412549972534 4.10084438323975 4.09839487075806 4.09240007400513 4.08736419677734 4.08720922470093 4.08716535568237 4.08739042282104 4.08772134780884 4.08819675445557 4.08878469467163 4.08946514129639 4.09020185470581 4.09096527099609 4.09178161621094 4.09261035919189 4.09327983856201 4.09393072128296 4.09447479248047 4.09509658813477 4.09604167938232 4.09666395187378 4.09660482406616 4.09652757644653 4.09642887115479 4.09628629684448 4.09611225128174 4.09576320648193 4.09534168243408 4.09446334838867 4.09349489212036 4.09335279464722 4.09327459335327 4.09352159500122 4.09376811981201 4.09401273727417 4.09430551528931 4.09468603134155 4.09478902816772 4.09458923339844 4.09405565261841 4.09330606460571 4.09325742721558 4.09346103668213 4.0936918258667
4.09912729263306 4.09421873092651 4.0887451171875 4.08753490447998 4.0867919921875 4.08688545227051 4.08692741394043 4.08670806884766 4.08656644821167 4.08661317825317 4.08687448501587 4.08742952346802 4.08789205551147 4.08827781677246 4.08885145187378 4.08951425552368 4.09026861190796 4.09104490280151 4.09128665924072 4.09150123596191 4.09185171127319 4.09219932556152 4.09253454208374 4.09275913238525 4.09275054931641 4.09289598464966 4.09323024749756 4.09348440170288 4.09367990493774 4.09344577789307 4.09303379058838 4.09242296218872 4.09177303314209 4.09180355072021 4.09187030792236 4.09204149246216 4.09220933914185 4.09236717224121 4.09260225296021 4.09298229217529 4.09362459182739 4.09455299377441 4.09428453445435 4.09324216842651 4.09312868118286 4.09334850311279 4.09356594085693
4.09270858764648 4.09025812149048 4.08770799636841 4.08703660964966 4.08657836914062 4.08668279647827 4.08674287796021 4.08657550811768 4.08646011352539 4.08647060394287 4.08656167984009 4.08676385879517 4.08706712722778 4.08745384216309 4.08789253234863 4.08835554122925 4.08883666992188 4.08932209014893 4.08950185775757 4.08967304229736 4.09002113342285 4.09035491943359 4.09062767028809 4.09086465835571 4.09102725982666 4.09126615524292 4.09159898757935 4.09186458587646 4.09208059310913 4.09213733673096 4.09212779998779 4.09199237823486 4.09183216094971 4.09171152114868 4.09165906906128 4.09225463867188 4.09270191192627 4.09262704849243 4.0925669670105 4.09253406524658 4.09274673461914 4.09322643280029 4.09319925308228 4.09284448623657 4.09298753738403 4.09330940246582 4.09354066848755
4.0875391960144 4.08704900741577 4.0867748260498 4.08658075332642 4.08640384674072 4.08648252487183 4.08652210235596 4.08636140823364 4.08624267578125 4.08622741699219 4.08619594573975 4.08614301681519 4.08631420135498 4.08666849136353 4.08697938919067 4.08726978302002 4.08750772476196 4.08773326873779 4.08784627914429 4.08796358108521 4.08826637268066 4.08855152130127 4.08876180648804 4.08899974822998 4.08929586410522 4.08961057662964 4.08994913101196 4.09025001525879 4.0905237197876 4.0908522605896 4.0912036895752 4.09148216247559 4.09174585342407 4.09160232543945 4.09154462814331 4.09247159957886 4.09313488006592 4.09287357330322 4.0925817489624 4.09223461151123 4.09210348129272 4.09220838546753 4.09235715866089 4.09253406524658 4.09287261962891 4.09326982498169 4.09351015090942
4.08695268630981 4.08659362792969 4.08622360229492 4.08627843856812 4.08637046813965 4.08629035949707 4.08617067337036 4.08584785461426 4.08561897277832 4.08561611175537 4.08563709259033 4.08568954467773 4.08582353591919 4.08602380752563 4.08623456954956 4.08644962310791 4.08655643463135 4.08663654327393 4.08666229248047 4.08668947219849 4.08678913116455 4.08689832687378 4.08704805374146 4.08724308013916 4.08753442764282 4.08786058425903 4.08822870254517 4.08865404129028 4.08912086486816 4.08965396881104 4.09021520614624 4.09067916870117 4.09112405776978 4.09142923355103 4.09178638458252 4.09270095825195 4.09335088729858 4.09307050704956 4.09278249740601 4.09248018264771 4.09232234954834 4.09232234954834 4.09240531921387 4.09254121780396 4.09285306930542 4.09322786331177 4.09346151351929
