Ecospace-environmental-drivers/Outputs/ASCII-for-ecospace/MOM6-ISIMIP3a/tob/2010-11_tob_MOM6-ISIMIP3a.asc
NCOLS 131 
NROWS 53 
XLLCORNER -98 
YLLCORNER 23.9265270233154 
CELLSIZE 0.133587792515755 
NODATA_value -9999 
[rows 21 to 41 of 53, columns 47 to 93 of 131]
22.3529186248779 22.0420875549316 21.7649593353271 21.8433074951172 21.9389095306396 21.5179634094238 21.1171188354492 20.8185386657715 20.0050659179688 17.9483280181885 16.3364219665527 15.3352079391479 13.7331972122192 11.6396293640137 9.71836853027344 7.8787260055542 7.06091642379761 6.48725700378418 6.20492839813232 5.92350673675537 5.36398029327393 4.86647462844849 4.62853193283081 4.43421268463135 4.3319845199585 4.25620651245117 4.21275520324707 4.18110370635986 4.15804672241211 4.14180946350098 4.12839698791504 4.12927293777466 4.13295745849609 4.18968868255615 4.25131034851074 4.34151411056519 4.50580549240112 4.93059253692627 5.36448764801025 5.81529951095581 6.44643497467041 7.27403974533081 8.05556869506836 8.80728626251221 9.75735569000244 10.77867603302 12.1993217468262
18.4837322235107 18.0493564605713 17.6959953308105 17.6197261810303 17.5536041259766 16.9957389831543 16.4400768280029 15.8956251144409 15.0969753265381 13.6845369338989 12.6166982650757 12.0219478607178 10.9966583251953 9.61911296844482 8.38446426391602 7.21750259399414 6.54876852035522 5.99907779693604 5.74561595916748 5.50294065475464 5.12105798721313 4.77106666564941 4.55454206466675 4.37782192230225 4.28513193130493 4.22030210494995 4.18952322006226 4.16513299942017 4.14539575576782 4.13121747970581 4.1193413734436 4.11603355407715 4.11440944671631 4.13510465621948 4.15817642211914 4.19638967514038 4.27129554748535 4.47521305084229 4.69695997238159 4.95181894302368 5.32400035858154 5.82400846481323 6.30898904800415 6.78424644470215 7.73876810073853 8.86544895172119 10.2702779769897
14.428111076355 13.8855876922607 13.4703073501587 13.2406663894653 13.0141372680664 12.3585977554321 11.6851024627686 10.9202747344971 10.1793823242188 9.49628448486328 9.02194595336914 8.83420562744141 8.35905075073242 7.64874362945557 7.08048677444458 6.57951641082764 6.08152389526367 5.58424234390259 5.34795141220093 5.12946701049805 4.90918111801147 4.69286584854126 4.49316740036011 4.33003616333008 4.24410104751587 4.18768310546875 4.16734170913696 4.14947891235352 4.13342094421387 4.12144088745117 4.11114978790283 4.10741662979126 4.10497283935547 4.10393524169922 4.1031641960144 4.10447883605957 4.10669803619385 4.11209678649902 4.13893795013428 4.20560073852539 4.31694173812866 4.47696113586426 4.66219711303711 4.8637490272522 5.80488872528076 7.01169967651367 8.39011573791504
10.6569499969482 10.3230094909668 10.1182584762573 9.92305374145508 9.72197151184082 9.33583641052246 8.95223045349121 8.5814962387085 8.2270040512085 7.9117317199707 7.66725921630859 7.51998472213745 7.20790100097656 6.7609748840332 6.36135149002075 5.98413372039795 5.5800666809082 5.16958427429199 5.00794172286987 4.8622727394104 4.70027828216553 4.54791736602783 4.43587398529053 4.33150005340576 4.2433180809021 4.18358564376831 4.15862464904785 4.14025402069092 4.12668418884277 4.11630630493164 4.10725069046021 4.10368156433105 4.10119104385376 4.09995317459106 4.09897422790527 4.10006618499756 4.10152244567871 4.10425996780396 4.11658668518066 4.14672040939331 4.19703006744385 4.26932191848755 4.35475587844849 4.44869375228882 4.9139461517334 5.51258039474487 6.91049718856812
7.39853477478027 7.2327733039856 7.18863964080811 7.0254955291748 6.8515419960022 6.71462869644165 6.5948224067688 6.56203889846802 6.53380584716797 6.51655864715576 6.46165895462036 6.35506677627563 6.1710844039917 5.92378330230713 5.66214084625244 5.39370536804199 5.09019708633423 4.77830839157104 4.69201564788818 4.61880254745483 4.51037549972534 4.4148736000061 4.37346506118774 4.31900119781494 4.236976146698 4.17929840087891 4.15137815475464 4.13273906707764 4.12086009979248 4.11181592941284 4.10394525527954 4.10057067871094 4.09807920455933 4.09667062759399 4.09550666809082 4.09634399414062 4.09712076187134 4.09768342971802 4.09819793701172 4.09862327575684 4.09919023513794 4.09991264343262 4.10358572006226 4.1091685295105 4.17920637130737 4.27239751815796 5.58529758453369
6.38836908340454 6.21362447738647 6.11125612258911 5.96976184844971 5.83031034469604 5.85412216186523 5.88371610641479 5.94272089004517 5.97704315185547 5.95176553726196 5.90976285934448 5.84479856491089 5.63558626174927 5.30835485458374 5.05029535293579 4.82500171661377 4.65113401412964 4.48955345153809 4.48168897628784 4.47935342788696 4.40377998352051 4.33402585983276 4.28862714767456 4.24527931213379 4.20626068115234 4.1741795539856 4.15057849884033 4.13271856307983 4.11904001235962 4.11014986038208 4.10324239730835 4.10019540786743 4.09790658950806 4.09645366668701 4.09520530700684 4.09565210342407 4.09611511230469 4.09663248062134 4.09718561172485 4.09780502319336 4.09812927246094 4.09813165664673 4.09914922714233 4.10082387924194 4.12937355041504 4.16757774353027 4.93718385696411
5.53086376190186 5.36234331130981 5.2237811088562 5.12706089019775 5.04205274581909 5.15761661529541 5.2729344367981 5.38699913024902 5.45552396774292 5.41408824920654 5.36828851699829 5.31649780273438 5.11057710647583 4.77855157852173 4.55985164642334 4.39483118057251 4.32190036773682 4.27097320556641 4.31072568893433 4.35089159011841 4.3064022064209 4.26231002807617 4.21987819671631 4.18735933303833 4.17576599121094 4.16142320632935 4.14371919631958 4.12884283065796 4.11602544784546 4.10830497741699 4.10269546508789 4.10008382797241 4.09806156158447 4.09645700454712 4.0950288772583 4.09517049789429 4.09538984298706 4.09588241577148 4.09646892547607 4.09722948074341 4.0972785949707 4.0965518951416 4.09578275680542 4.09498643875122 4.09519243240356 4.09575796127319 4.42814207077026
5.00643968582153 4.87732601165771 4.75065755844116 4.74916553497314 4.7621111869812 4.81893730163574 4.88104677200317 4.9700345993042 5.01090145111084 4.93557405471802 4.84955358505249 4.74885225296021 4.60845232009888 4.43557119369507 4.33428812026978 4.26691913604736 4.23229932785034 4.20550441741943 4.22564697265625 4.24640226364136 4.22913646697998 4.21051740646362 4.1862325668335 4.16391611099243 4.14575433731079 4.13200187683105 4.12363719940186 4.11655473709106 4.11040496826172 4.10607099533081 4.10248851776123 4.10054779052734 4.09893035888672 4.09694051742554 4.0951247215271 4.09514665603638 4.09527730941772 4.09578943252563 4.09639739990234 4.09718370437622 4.09688663482666 4.09540939331055 4.09475040435791 4.09462118148804 4.09516000747681 4.09593868255615 4.22253561019897
4.65153980255127 4.5606632232666 4.46238040924072 4.50485849380493 4.56032562255859 4.57746028900146 4.60234928131104 4.66668510437012 4.68070220947266 4.5732216835022 4.46824741363525 4.36671447753906 4.28545999526978 4.22079753875732 4.19212913513184 4.18050956726074 4.16985273361206 4.15942525863647 4.16735219955444 4.17597627639771 4.17640113830566 4.17411804199219 4.16050434112549 4.14515447616577 4.12613916397095 4.11417675018311 4.1108341217041 4.10827875137329 4.10629653930664 4.10436725616455 4.10245990753174 4.10111093521118 4.09987115859985 4.09749889373779 4.09530115127563 4.09521865844727 4.09527635574341 4.09582805633545 4.0964469909668 4.09719038009644 4.09675693511963 4.09504127502441 4.09438896179199 4.09442377090454 4.09505081176758 4.09589052200317 4.10502195358276
4.50991439819336 4.45580434799194 4.40665435791016 4.42861747741699 4.45686531066895 4.45827150344849 4.46605396270752 4.50627183914185 4.49445867538452 4.35701131820679 4.25983905792236 4.21795988082886 4.18783187866211 4.16731834411621 4.15489912033081 4.14631319046021 4.14156770706177 4.13773965835571 4.1427526473999 4.1484055519104 4.1545262336731 4.15708541870117 4.14473724365234 4.13228273391724 4.11960411071777 4.1109414100647 4.10718774795532 4.1050500869751 4.10408973693848 4.10333108901978 4.10265588760376 4.10179758071899 4.10090303421021 4.09815216064453 4.09557867050171 4.09540987014771 4.0954155921936 4.09603357315063 4.09665012359619 4.09726333618164 4.09695720672607 4.09564828872681 4.09487152099609 4.0944390296936 4.09484529495239 4.09555339813232 4.09833717346191
4.41295957565308 4.37853670120239 4.35342216491699 4.36507272720337 4.37954521179199 4.36862373352051 4.36134004592896 4.37255907058716 4.3450608253479 4.2240743637085 4.14939975738525 4.13830423355103 4.13308954238892 4.13268566131592 4.12912464141846 4.12406778335571 4.12284708023071 4.12254285812378 4.12656021118164 4.13105583190918 4.13818740844727 4.14218664169312 4.13307905197144 4.12407922744751 4.11530828475952 4.10900688171387 4.10572290420532 4.10405349731445 4.10355997085571 4.10309219360352 4.10263538360596 4.10181570053101 4.10092496871948 4.09843063354492 4.09609365463257 4.09586763381958 4.09580612182617 4.09632396697998 4.09681558609009 4.09725713729858 4.09715938568115 4.09647417068481 4.09550046920776 4.09434080123901 4.09444379806519 4.09499979019165 4.0951361656189
4.34950733184814 4.32196283340454 4.30206060409546 4.3110499382019 4.32183074951172 4.30113220214844 4.28031206130981 4.25887203216553 4.22329807281494 4.15359449386597 4.1124382019043 4.11047410964966 4.11051177978516 4.11218738555908 4.11194181442261 4.11078596115112 4.11129951477051 4.11221265792847 4.1166729927063 4.12137174606323 4.12599992752075 4.1288890838623 4.12450265884399 4.11937761306763 4.11269235610962 4.10804748535156 4.10589504241943 4.10473155975342 4.10428810119629 4.1034517288208 4.10245227813721 4.10133266448975 4.10018920898438 4.09842872619629 4.0967869758606 4.09652423858643 4.09638500213623 4.09667825698853 4.09695243835449 4.09719181060791 4.09736394882202 4.09746408462524 4.09623956680298 4.09415817260742 4.09389448165894 4.09428405761719 4.09454822540283
4.29052495956421 4.26756048202515 4.24984931945801 4.25283002853394 4.25683116912842 4.23121690750122 4.20558071136475 4.1798357963562 4.15159320831299 4.11732006072998 4.09775924682617 4.09839725494385 4.09965801239014 4.1014289855957 4.10208463668823 4.10221242904663 4.10339832305908 4.10483741760254 4.10900831222534 4.11330556869507 4.11671590805054 4.11917924880981 4.11767864227295 4.11514329910278 4.11042308807373 4.10703897476196 4.1052885055542 4.10429716110229 4.10385894775391 4.102783203125 4.10144376754761 4.10033750534058 4.09927701950073 4.09817886352539 4.09715461730957 4.09686899185181 4.09666347503662 4.09673929214478 4.0968451499939 4.09700536727905 4.09723472595215 4.09753799438477 4.09624338150024 4.09391450881958 4.0935320854187 4.09384918212891 4.09416484832764
4.23345851898193 4.21408843994141 4.19727468490601 4.19281101226807 4.18870973587036 4.16026258468628 4.13354873657227 4.11565017700195 4.10134267807007 4.09570503234863 4.09262990951538 4.09307193756104 4.09382915496826 4.09484434127808 4.09536743164062 4.09565687179565 4.09706020355225 4.09872913360596 4.10229587554932 4.10593175888062 4.10867643356323 4.11100721359253 4.11160612106323 4.11110973358154 4.10830163955688 4.1060094833374 4.10434770584106 4.10338592529297 4.10293388366699 4.10167503356934 4.10008192062378 4.09912347793579 4.09828948974609 4.09782266616821 4.09738349914551 4.09707975387573 4.09681272506714 4.09667491912842 4.09663248062134 4.09676790237427 4.09696197509766 4.09721994400024 4.0959324836731 4.0936450958252 4.09324979782104 4.09353446960449 4.09386968612671
4.19545841217041 4.1781063079834 4.16011095046997 4.15313291549683 4.14674234390259 4.12574529647827 4.10667324066162 4.0973916053772 4.09072923660278 4.09039211273193 4.09032964706421 4.09064531326294 4.0913200378418 4.09228897094727 4.09305143356323 4.09371566772461 4.09499216079712 4.0964150428772 4.09894847869873 4.10150671005249 4.10331583023071 4.10495758056641 4.10589933395386 4.10606813430786 4.10460615158081 4.10318756103516 4.10182189941406 4.10101127624512 4.10060501098633 4.09972858428955 4.09865713119507 4.09765720367432 4.09667110443115 4.09627771377563 4.09593725204468 4.09589624404907 4.09587001800537 4.09589624404907 4.09604167938232 4.09640741348267 4.09643173217773 4.09608364105225 4.09501600265503 4.09348249435425 4.09326267242432 4.09351539611816 4.09380722045898
4.16140365600586 4.14574241638184 4.12613534927368 4.11766386032104 4.1101861000061 4.09876728057861 4.08914089202881 4.08863496780396 4.08831691741943 4.08845138549805 4.08861541748047 4.08881855010986 4.0894980430603 4.09056711196899 4.09164571762085 4.09272861480713 4.09380769729614 4.09488582611084 4.09629678726196 4.09769105911255 4.09850931167603 4.09934711456299 4.10026788711548 4.10081815719604 4.10058450698853 4.09999418258667 4.09896755218506 4.09833335876465 4.09798574447632 4.09760856628418 4.09721946716309 4.0961389541626 4.09492206573486 4.09448671340942 4.09414386749268 4.09442377090454 4.09470129013062 4.09497022628784 4.09537220001221 4.09602117538452 4.09584808349609 4.09477853775024 4.09397411346436 4.09334182739258 4.093337059021 4.0935583114624 4.09379291534424
4.12957572937012 4.11950206756592 4.10713386535645 4.10200262069702 4.09757614135742 4.0921573638916 4.08759450912476 4.08738470077515 4.08723640441895 4.08723545074463 4.0874400138855 4.08792686462402 4.08859157562256 4.0894021987915 4.09027671813965 4.09118223190308 4.09214544296265 4.09312152862549 4.09407567977905 4.09500694274902 4.09563398361206 4.09622812271118 4.09668493270874 4.09688711166382 4.09655141830444 4.09615659713745 4.09568881988525 4.09541416168213 4.09527969360352 4.09499025344849 4.09463691711426 4.09390544891357 4.09310054779053 4.09287929534912 4.09271764755249 4.09292125701904 4.09313583374023 4.0933895111084 4.09387826919556 4.09480381011963 4.09506034851074 4.09458780288696 4.09395503997803 4.09321928024292 4.09319305419922 4.09342193603516 4.09365463256836
4.09998846054077 4.09538793563843 4.090247631073 4.08843326568604 4.08700895309448 4.08693408966064 4.08682489395142 4.0865421295166 4.08629989624023 4.08615446090698 4.08638000488281 4.08711433410645 4.08774948120117 4.08830308914185 4.08895063400269 4.08964252471924 4.09047651290894 4.09134435653687 4.09189367294312 4.09241819381714 4.09290313720703 4.09329795837402 4.09331607818604 4.09317922592163 4.09271478652954 4.09248304367065 4.09253597259521 4.09260034561157 4.09267377853394 4.09247493743896 4.09216356277466 4.09180927276611 4.09144639968872 4.09141540527344 4.09141206741333 4.09156656265259 4.09173345565796 4.09194231033325 4.09246873855591 4.09358596801758 4.09423065185547 4.09435987472534 4.09391021728516 4.09308528900146 4.09304523468018 4.09328746795654 4.09352016448975
4.0932445526123 4.09103298187256 4.08877944946289 4.08771133422852 4.0867977142334 4.0867714881897 4.08670854568481 4.08646106719971 4.08626127243042 4.08617687225342 4.08629703521729 4.08669853210449 4.08715057373047 4.08764362335205 4.08805894851685 4.0884370803833 4.08896923065186 4.08953809738159 4.08992958068848 4.09031534194946 4.09079170227051 4.09118938446045 4.09125757217407 4.09122467041016 4.09097814559937 4.09086751937866 4.09092235565186 4.09102916717529 4.09117460250854 4.09129524230957 4.09140586853027 4.09151363372803 4.09162092208862 4.0913872718811 4.09121894836426 4.09180736541748 4.0922589302063 4.09222841262817 4.09235191345215 4.09276151657104 4.09305095672607 4.0932092666626 4.09310054779053 4.09281921386719 4.09295892715454 4.09325075149536 4.09348583221436
4.08778762817383 4.08745431900024 4.08740425109863 4.08701372146606 4.08660411834717 4.08661556243896 4.08658027648926 4.08630609512329 4.08610820770264 4.08609390258789 4.08615398406982 4.08631706237793 4.08661127090454 4.08701276779175 4.08722639083862 4.08735132217407 4.08761072158813 4.0879020690918 4.08813858032227 4.08838272094727 4.08878755569458 4.08913135528564 4.08921957015991 4.08925485610962 4.08917951583862 4.08916759490967 4.08923244476318 4.08940839767456 4.08966493606567 4.09008455276489 4.09057235717773 4.09107875823975 4.09158897399902 4.09132671356201 4.091148853302 4.09207439422607 4.09274578094482 4.0925235748291 4.0923228263855 4.09216260910034 4.09215974807739 4.09232902526855 4.09248352050781 4.09262847900391 4.09290504455566 4.09322834014893 4.0934591293335
4.08704948425293 4.0867223739624 4.08637189865112 4.08640480041504 4.08647489547729 4.08648490905762 4.08640670776367 4.08587884902954 4.08553266525269 4.0856237411499 4.08579063415527 4.08606004714966 4.08628940582275 4.08648586273193 4.08661127090454 4.08670330047607 4.08679676055908 4.08689069747925 4.0869836807251 4.08707666397095 4.08717775344849 4.08725881576538 4.08725786209106 4.08723163604736 4.08715343475342 4.087158203125 4.08726406097412 4.08760499954224 4.08811664581299 4.08876085281372 4.08945989608765 4.09013366699219 4.0908031463623 4.09114646911621 4.09153127670288 4.09243869781494 4.09309196472168 4.09285116195679 4.09261560440063 4.09239053726196 4.09232664108276 4.09243869781494 4.09257125854492 4.09271717071533 4.09296894073486 4.09325838088989 4.09345817565918
