Ecospace-environmental-drivers/Outputs/ASCII-for-ecospace/MOM6-ISIMIP3a/tob/2011_mo06_avg31y_tob_MOM6-ISIMIP3a.asc
NCOLS 131 
NROWS 53 
XLLCORNER -98 
YLLCORNER 23.9265270233154 
CELLSIZE 0.133587792515755 
NODATA_value -9999 
[rows 0 to 20 of 53, columns 47 to 93 of 131]
-9999 -9999 -9999 -9999 -9999 -9999 -9999 -9999 -9999 -9999 -9999 -9999 -9999 -9999 -9999 -9999 -9999 -9999 -9999 -9999 -9999 -9999 -9999 -9999 -9999 -9999 -9999 -9999 -9999 -9999 -9999 -9999 -9999 -9999 -9999 -9999 -9999 -9999 -9999 -9999 -9999 -9999 -9999 -9999 -9999 -9999 -9999
-9999 -9999 -9999 -9999 -9999 -9999 -9999 -9999 -9999 -9999 -9999 -9999 -9999 -9999 -9999 -9999 -9999 -9999 -9999 -9999 -9999 -9999 -9999 -9999 -9999 -9999 -9999 -9999 -9999 -9999 -9999 -9999 -9999 -9999 -9999 -9999 -9999 -9999 -9999 -9999 -9999 -9999 -9999 -9999 -9999 -9999 -9999
-9999 -9999 -9999 -9999 -9999 -9999 -9999 -9999 -9999 -9999 -9999 -9999 -9999 -9999 -9999 -9999 -9999 -9999 -9999 -9999 -9999 -9999 -9999 -9999 -9999 -9999 -9999 24.4585583594538 24.5281693243211 -9999 -9999 -9999 -9999 -9999 -9999 -9999 -9999 -9999 -9999 -9999 -9999 -9999 -9999 -9999 -9999 -9999 -9999
-9999 -9999 -9999 -9999 -9999 -9999 -9999 -9999 -9999 -9999 -9999 -9999 -9999 -9999 -9999 -9999 -9999 -9999 -9999 -9999 -9999 -9999 -9999 -9999 -9999 -9999 -9999 24.4731418240455 24.5679811662243 -9999 -9999 -9999 -9999 -9999 -9999 -9999 -9999 -9999 -9999 -9999 -9999 -9999 -9999 -9999 -9999 -9999 -9999
-9999 -9999 -9999 -9999 -9999 -9999 -9999 -9999 -9999 -9999 -9999 -9999 -9999 -9999 -9999 -9999 -9999 -9999 27.293703140751 27.1426699238439 27.0218433257072 26.3170336446454 25.725709730579 24.7826381191131 24.2765993918142 24.1967371048466 24.3014868459394 24.5054314521051 24.6125068664551 24.5860057338592 -9999 -9999 23.8592890462568 23.2751784786101 22.5732311125725 22.0129306547103 21.7969658759332 21.8576303912747 22.1648596486738 22.5745141429286 23.1364735634096 23.8657465288716 -9999 -9999 -9999 -9999 -9999
-9999 -9999 -9999 -9999 -9999 -9999 -9999 -9999 -9999 -9999 -9999 -9999 -9999 -9999 28.3188559624457 -9999 28.3290396659605 28.3357240000079 27.8037285958567 27.293703140751 27.112463243546 27.0218433257072 25.6122241481658 24.5430614102271 24.1926291065831 24.0941079662692 24.3034739340505 24.5068790066627 24.70594123102 24.6247003001551 24.427375793457 24.2428505189957 24.060840852799 23.2741755208661 22.4905189391105 21.9549988162133 21.593274024225 21.842624725834 22.1369923007104 22.51496161184 23.0715888238722 23.822870316044 24.7027805697533 25.665919703822 -9999 -9999 -9999
-9999 -9999 -9999 -9999 -9999 -9999 -9999 -9999 -9999 -9999 27.7327278506371 27.7433222493818 27.7487642226681 27.7578698435137 28.0357023669827 28.3154033537834 28.3223084480532 28.3290861191288 28.3357240000079 27.7817584622291 27.293703140751 27.0218433257072 25.6122241481658 24.5430614102271 24.1926291065831 24.0941079662692 24.3034739340505 24.5068790066627 24.70594123102 24.6247003001551 24.427375793457 24.2428505189957 24.060840852799 23.2741755208661 22.4905189391105 21.9549988162133 21.593274024225 21.842624725834 22.1369923007104 22.51496161184 23.0715888238722 23.822870316044 24.7027805697533 25.665919703822 25.9204594396776 25.4495947437902 -9999
-9999 -9999 -9999 -9999 -9999 -9999 -9999 -9999 -9999 -9999 27.6759246087843 27.7327278506371 27.7539168327085 -9999 27.7600444670646 28.0211073352445 28.308498321041 28.3223084480532 28.3292264015444 28.3357240000079 27.7158486150926 26.8791696486935 25.1351452489053 23.7755259852256 23.2274163769137 22.982020162767 23.106602391889 23.2618408203125 23.4394088868172 23.427240187122 23.3364949380198 23.0596115358414 22.7461378651281 21.9341732763475 21.147114969069 20.7836981127339 20.5623984183035 20.8407912715789 21.1973327513664 21.699004942371 22.3059050652289 23.0274549914945 23.7580325218939 24.4944515228271 25.0016993245771 25.4266254055885 26.1785688707905
-9999 -9999 -9999 -9999 -9999 -9999 -9999 -9999 -9999 -9999 -9999 -9999 -9999 -9999 27.7711102885585 27.7339171132734 27.969702136132 28.2946883170835 28.3223084480532 28.3296462643531 27.6643258986935 26.7206162483461 24.6118210208031 22.9369131518948 22.177975562311 21.7752667088662 21.8079423596782 21.909995725078 22.0625825697376 22.1220143225885 22.1428675497732 21.7586876038582 21.2948877888341 20.4356595316241 19.6272117860856 19.4578769437728 19.3977482703424 19.7215938568115 20.156137527958 20.7962594186106 21.4616897952172 22.1546947110084 22.7276859898721 23.223023199266 24.1859981782975 25.316955689461 26.4301466172741
29.0019816121747 -9999 -9999 -9999 -9999 -9999 -9999 -9999 -9999 -9999 27.7726962797103 27.6177010690012 -9999 -9999 -9999 27.7631190515334 27.6211483247818 27.8472461085166 28.2670681245865 28.2183710528958 27.5406791933121 26.5611786380891 24.318578597038 22.581455907514 21.9114347888577 21.5514525751914 21.5704012840025 21.6306006523871 21.7208461146201 21.6768539182601 21.5772695849019 20.9267800854098 20.1679962527367 18.6101918989612 17.1815184316327 17.3033578934208 17.5792644254623 18.3968792576944 19.2127455434492 20.0253644758655 20.8401551400461 21.6573123931885 22.3563197966545 22.9788786980414 23.8675781373055 24.8518792429278 26.1691475529825
29.0246181488037 29.0279598236084 -9999 -9999 -9999 -9999 -9999 -9999 -9999 -9999 27.767063940725 27.454098116967 27.6177010690012 -9999 -9999 27.902240445537 27.6543892275903 27.3068155473278 27.6856493796072 28.0327184738651 27.1911226703275 26.0843039481871 23.8675002436484 22.1840603736139 21.6265941127654 21.314279494747 21.3015893505466 21.2984221673781 21.3021910267491 21.0540017774028 20.7014683754213 19.6852231794788 18.5385085690406 16.5092381200483 14.6724867359284 15.0356933532223 15.6013627206126 16.8789011432279 18.0578860621298 19.0538451902328 20.0537157981626 21.0578476075203 21.9157335835118 22.6789916869133 23.5012205800702 24.3446329793622 25.7541941981162
29.0246181488037 29.0346431116904 29.0950778838127 29.1980048764137 -9999 -9999 -9999 -9999 -9999 -9999 -9999 27.2725961131434 27.1935371275871 27.6177010690012 27.7327278506371 27.902240445537 27.6543892275903 27.3068155473278 27.4247452520555 27.448121347735 25.6298281146634 23.9047549463088 22.5698174507387 21.5617176178963 21.2435978304955 21.0054502794819 20.8650458551222 20.6831231886341 20.4709595095727 19.4780449405793 18.1617949085851 16.2463821595715 14.2131888481878 12.9306293302967 11.8237195784046 12.1611381653816 12.7683728433424 14.3242943056168 15.7687538823774 17.0062173412692 18.3827588481288 19.9108302208685 21.1038643621629 22.0801133186586 22.877736368487 23.6111942414315 24.513459544028
28.9667041532455 29.0367014485021 29.109804584134 29.1991622063421 -9999 -9999 -9999 -9999 28.8181322159306 28.3134782237391 27.7565018438524 27.1276929916874 26.9335935654179 27.095161068824 27.2972241063272 27.5184688568115 27.3749753890499 27.1443334394886 27.0975445778139 26.8960741719892 24.2594079048403 21.9855398977956 21.2300175697573 20.5456965046544 20.0116873095112 19.4957252010222 19.0018202873968 18.4879640763806 17.9595757761309 16.5332669596518 14.7350981004777 12.5699864972022 10.3327427833311 9.82216465857721 9.45750802563083 9.89367423519012 10.6081701094104 12.3012870050246 13.8786126413653 15.2409014548025 16.7962997498051 18.5620971187468 19.9910827759774 21.2021349014774 22.0465010366132 22.759147644043 23.3715339783699
28.7640007388207 28.9245765439926 29.1002778084047 29.1991622063421 29.2850475926553 29.2322792545442 29.1686691161125 29.0499066383608 28.8181322159306 28.3134782237391 27.7565018438524 27.1276929916874 26.4495041139664 25.7309139005599 25.7729380207677 26.1752486075124 26.3970130797355 26.5756391094577 26.6046001065162 26.4254047024635 23.3661839269823 20.7171717612974 19.7849225690288 18.5454608548072 16.6574485840336 14.9836973067253 13.5718168135612 12.3430734757454 11.247724933009 10.1663652543099 9.09079896250079 8.29969250771307 7.56450411581224 7.88908436990553 8.29771023411905 9.14396947430026 10.1299699044997 11.6073071879725 12.9859692665838 14.1813805795485 15.4210900952739 16.7090638683688 18.1260041882915 19.6263918107556 20.6958775674143 21.6105770603303 22.4766372557609
28.0355204920615 28.361667202365 28.7183116789787 28.8814862774264 29.0172940531085 28.9489151739305 28.8681017967962 28.7240366781912 28.4458198547363 27.8436796126827 27.1703454909786 26.3992722419 25.426666813512 24.2891731262207 24.1775828330748 24.551940794914 24.9231454787716 25.2935961446454 24.9837397913779 24.4396895747031 21.1672410042055 18.2854070971089 17.0383342004591 15.4222757585587 13.0272594574959 10.9531821589316 9.27135848999023 7.88137677408034 6.70396801733202 5.98879426525485 5.46504779015818 5.53798003350535 5.72820495790051 6.6177502447559 7.54849253931353 8.62868875072848 9.75906621256182 11.0658826828003 12.2918689789311 13.3677447842013 14.397330745574 15.3764823175246 16.6819046082035 18.1984396288472 19.4278921311901 20.5542209379135 21.5951112931774
26.5636868630686 27.1614309126331 27.8097840586016 28.1146747219947 28.3709866308397 28.2649259874898 28.1425876002158 27.9374469018752 27.54712652391 26.7096712050899 25.755471444899 24.6409973021476 23.6421373428837 22.7378699394964 22.4817490116242 22.5326410108997 22.7481579319123 23.0030095500331 21.7682128414031 20.3119776941115 17.1222506492369 14.2088126520957 12.4516720925608 10.7114457161196 9.00692662885112 7.60343823894378 6.56787121680475 5.79940806665728 5.22549927619196 4.90653597924017 4.69315433502197 4.90912585104665 5.20949791323754 6.2820040487474 7.37975989618609 8.44484083114132 9.53986001783802 10.7401434067757 11.8784724820045 12.9017457346762 13.8704577107583 14.7797234442926 15.8329919076735 16.979436935917 18.2767421353248 19.6282384933964 20.7324902319139
25.1613817522603 25.7628436550017 26.4133245406612 26.8219222407187 27.188816624303 27.098237991333 26.981665518976 26.7328664102862 26.315342134045 25.4904144041 24.517603535806 23.3417682032431 22.1471686209402 20.9372164818548 20.3975464605516 20.1753742464127 20.2543192832701 20.4052117255426 18.4623386013892 16.323254000756 13.42189902644 10.7600518503497 9.10056809456118 7.61647207506241 6.50263329475157 5.63228634865053 5.05953656473467 4.68395613085839 4.45199083512829 4.34657796736686 4.29357479464623 4.58048163690875 4.9342067010941 6.03667599155057 7.15471233860139 8.15394946067564 9.17026876634167 10.2466504496913 11.2949894628217 12.2912503519366 13.2409376021354 14.1398814109064 15.0779510005828 16.0413367978988 17.3170248462308 18.704896127024 19.8393829714867
23.8176276299261 24.1972213868172 24.6059682292323 25.0862651332732 25.5553863279281 25.5250598538306 25.45407812057 25.1762880509899 24.8030558555357 24.1993683845766 23.4287951684767 22.4291104347475 20.8960446388491 18.9265808597688 17.9862912085748 17.5334991332023 17.4919698776737 17.5487051933042 15.0803815472511 12.45157506389 10.0117742784562 7.84000135237171 6.78995101682601 5.88224169515794 5.27502549079157 4.82207307507915 4.55766257932109 4.38242613884711 4.27214281020626 4.22645888790008 4.20752783744566 4.50465003905758 4.86390064608666 5.86749062999602 6.88224101835682 7.7729146711288 8.67403553378198 9.61188882397067 10.568273298202 11.5590718177057 12.5249764842372 13.4637582225184 14.4019613881265 15.3397901288925 16.5185162636542 17.7837768062468 18.9206029215167
22.9859771728516 23.1862687141665 23.4015461706346 23.7628340567312 24.1265495054183 24.1523038802608 24.139704673521 23.9320073896839 23.6560793845884 23.2154018648209 22.6343281038346 21.8605095032723 19.9272185910133 17.0452795336323 15.2808833276072 14.0458423860611 13.8339744383289 13.8665767177459 11.9409375959827 9.8929925733997 8.02295512537802 6.37399282763081 5.65025192691434 5.05283669502504 4.72210531850015 4.47754696876772 4.33830965718915 4.24938386486423 4.19710411563996 4.17567342327487 4.16701852121661 4.38817613355575 4.65450932902675 5.43353076134959 6.22457665781821 6.94761314699727 7.7158563675419 8.64304859407486 9.55767314664779 10.4489579046926 11.3428752037787 12.2396603861163 13.1638842551939 14.1058620637463 15.2237900149438 16.4049216854957 17.6240778276997
22.4049349138814 22.4467552554223 22.4921822701731 22.641134262085 22.7978343963623 22.8776282648886 22.9296722412109 22.8405559908959 22.6878751324069 22.3817110984556 21.9839029619771 21.4602789725027 19.0965406356319 15.2272712338355 12.431525691863 10.1442851097353 9.7376761282644 9.78041322769657 8.92017216836252 7.97700079025761 6.72968090734174 5.61954948979039 5.08356541972007 4.6662265869879 4.49935739271102 4.36091443031065 4.25721428471227 4.19879445722026 4.17335605621338 4.15881790653352 4.14879394346668 4.2518131502213 4.37705387607698 4.86999817817442 5.37841026244625 5.90490056622413 6.53161458046206 7.51071991459016 8.40814836563603 9.15389359381891 9.93265868771461 10.7474000684677 11.6507380393244 12.6114022347235 13.686228967482 14.8020648648662 16.1426949962493
22.0634372465072 22.0312038544686 22.0067659808743 22.0964234875095 22.1891779745779 22.0502418395012 21.8986728422103 21.6828440389326 21.2326514336371 20.2165626402824 19.3644663287747 18.7375087122763 16.6688181969427 13.4205411172682 10.8865664082189 8.69094150297103 8.07317673775458 7.83241571918611 7.3644492549281 6.85477402902419 5.96521848247897 5.17372783537834 4.79264899223082 4.4987862494684 4.38904377721971 4.29564585224275 4.2222242816802 4.17851071203909 4.1564359664917 4.14328018311531 4.1338180265119 4.17859638890912 4.23403710703696 4.49883410238451 4.7750065095963 5.0865635102795 5.49029744055963 6.21812943489321 6.89490765909995 7.4768732747724 8.16226980763097 8.96035788136144 9.80171117474956 10.6710591162405 11.6588690357824 12.6892322109592 14.0259376341297
