Ecospace-environmental-drivers/Outputs/ASCII-for-ecospace/MOM6-ISIMIP3a/tob/2014_mo05_avg31y_tob_MOM6-ISIMIP3a.asc
NCOLS 131 
NROWS 53 
XLLCORNER -98 
YLLCORNER 23.9265270233154 
CELLSIZE 0.133587792515755 
NODATA_value -9999 
[rows 21 to 41 of 53, columns 47 to 93 of 131]
21.5768470148886 21.5247081018263 21.4844557239163 21.5284673013995 21.5645907617384 21.1548978744015 20.746087351153 20.3417656190934 19.5209039257419 17.6942631506151 16.2870013944564 15.4554906352874 13.8686675717754 11.6638685041858 9.69806997237667 7.84548113423009 7.01184112794938 6.42166222295453 6.17424354245586 5.92653882118963 5.33194526549309 4.80623105264479 4.56878383698002 4.38274000537011 4.30521269767515 4.24233152020362 4.19735085579657 4.16437752016129 4.14015023939071 4.12739899850661 4.11940039357831 4.12106340162216 4.12462560592159 4.17412556371381 4.22902490246681 4.32005111632809 4.48089698053175 4.88723230361938 5.29704023176624 5.71329702869538 6.31369581530171 7.11472368240356 7.88542747497559 8.63651020296158 9.5203114171182 10.4517872718073 11.7386751482564
18.0826912541543 17.79837313006 17.5904421652517 17.5176173794654 17.4414587328511 16.9019252407935 16.3495577535322 15.7319077214887 14.9053358262585 13.5743001814811 12.5843168074085 12.0625524828511 11.048028146067 9.63034094533613 8.36732119898642 7.1775638211158 6.50084797028572 5.94671498575518 5.71438157173895 5.49179118679416 5.08924158157841 4.72289534538023 4.50806391623712 4.33862523109682 4.2650141562185 4.20875212454027 4.17369419528592 4.14782368752264 4.12864497400099 4.11802628732497 4.11095260804699 4.10845888814618 4.1068654829456 4.12318451173844 4.14220391550372 4.18112279522804 4.25483689769622 4.45089290988061 4.65932160039102 4.8907276891893 5.24189243009014 5.72353832183346 6.20080920188658 6.67524925354988 7.58923373683806 8.66110937057003 9.88869547074841
14.335572027391 13.8295041361163 13.4626546367522 13.2722263951455 13.0831654763991 12.4434843678628 11.7779714215186 10.9810560287968 10.2013420904836 9.46316306821762 8.95904079560311 8.77624708606351 8.32257507693383 7.64727775512203 7.06452205104213 6.52560123320549 6.02927866289693 5.54313433554865 5.31338734780588 5.10045860659692 4.87594361459055 4.65669887296615 4.45951069554975 4.30241607850598 4.22996222588324 4.17797537772886 4.15100328383907 4.13162588304089 4.11778034702424 4.10934254430955 4.10314424576298 4.0996121129682 4.09660408573766 4.09489079444639 4.09354469853063 4.09531724068426 4.09800806353169 4.10392818143291 4.12694411123953 4.18170885885915 4.28304220015003 4.43511373766007 4.614447393725 4.81142100980205 5.73767937383344 6.92590808868408 8.10578815398678
10.6632995913106 10.3336362838745 10.1082188698553 9.92916703993274 9.74673163506293 9.34481485428349 8.9443844210717 8.55151527158676 8.17214376695694 7.82536395903557 7.57355883813673 7.45214128494263 7.17976233267015 6.78387086622177 6.35619592666626 5.91346583827849 5.50811118464316 5.11168679883403 4.95458968993156 4.81319082936933 4.66097353350732 4.51740274121684 4.41001822871547 4.31081164267755 4.22886931511664 4.17128918247838 4.14348479240171 4.12483086124543 4.11284199068623 4.10496624054447 4.09879395269579 4.09507628410093 4.09184119009203 4.09104391836351 4.09051189114971 4.09168870987431 4.0932576117977 4.0962052037639 4.10678335928148 4.13153237681235 4.17727650365522 4.24589546265141 4.32833328554707 4.41971263577861 4.87749147415161 5.46688662805865 6.76119226024997
7.47111166677167 7.28550935560657 7.17016536958756 7.00126312625024 6.82694708916449 6.65447845766621 6.50232528871106 6.45351397606634 6.41144626371322 6.38566144820183 6.34200639109458 6.27381784685196 6.14175785741498 5.95744003788117 5.66232129066221 5.31471858486052 5.00810944649481 4.71129498943206 4.62690404153639 4.55591620168378 4.46760606765747 4.38953667302285 4.35432581747732 4.30403001846806 4.22188881904848 4.16417495666012 4.13631631482032 4.11860164519279 4.10827553656793 4.10100044742707 4.09498883831886 4.09121619501422 4.08788373393397 4.08783391214186 4.08795888962284 4.08860300433251 4.08922136983564 4.08974938238821 4.090217298077 4.09057346467049 4.09101421602311 4.09154692003804 4.09462771877166 4.09935742039834 4.16809648083102 4.25982879823254 5.54746463221888
6.38395990863923 6.20060057793894 6.05783204109438 5.8936990153405 5.73405227353496 5.75456833070324 5.77700631849227 5.80922054475354 5.82804922903738 5.81455693706389 5.78539162297403 5.7347092628479 5.56330834665606 5.29313873475598 5.03181243711902 4.77467506162582 4.60091361691875 4.44707352115262 4.43563556671143 4.43015293921194 4.36895978066229 4.31178834361415 4.27144827381257 4.23070069282286 4.18909272839946 4.15518323836788 4.13068277605118 4.11485336672875 4.10533985014885 4.09883437618133 4.09357464698053 4.09031929508332 4.08745794911538 4.08741646428262 4.08750960134691 4.08789719304731 4.0883168712739 4.08884979063465 4.08941256615423 4.09003113162133 4.0902690118359 4.09009204372283 4.09071860774871 4.09186497042256 4.11988622911515 4.15756140985797 4.90755754901517
5.47527956193493 5.3069369716029 5.15261479346983 5.02350747200751 4.90623843285345 5.0388997754743 5.16328867020146 5.24559656266243 5.3005085299092 5.28926992416382 5.25806096292311 5.19943541865195 5.01674030673119 4.73253488540649 4.53004118704027 4.36625268382411 4.29539279014833 4.24673675721692 4.28037354253954 4.31486055927892 4.27943623450495 4.2432947004995 4.20415169192899 4.17301321029663 4.15877280696746 4.14217795095136 4.12270556726763 4.1099446973493 4.10207233121318 4.09674079956547 4.0924614321801 4.08971261978149 4.08726464548419 4.08715194271457 4.08714623605051 4.0873415700851 4.08761319806499 4.08815326998311 4.08878057233749 4.08956989165275 4.08953535941339 4.08860309662357 4.08757312836186 4.08647981766731 4.08662086917508 4.08720554844026 4.40600313678865
4.95599760547761 4.83054234904628 4.69929456710815 4.67122822423135 4.65679270221341 4.725219480453 4.79306902423982 4.85798172796926 4.89483821007513 4.86394980645949 4.79462386715797 4.67252831305227 4.53973300995365 4.39818357652234 4.30915663319249 4.24500859168268 4.21171211427258 4.18578712401851 4.20367247058499 4.22241437050604 4.20981728646063 4.19499348055932 4.17085075378418 4.14945434754895 4.13385546591974 4.12041571832472 4.10961487985426 4.10250408418717 4.09808103499874 4.09480530215848 4.09200477600098 4.08973921498945 4.08757877349854 4.0872209764296 4.08697028313914 4.08711361115979 4.08734759976787 4.08790008483394 4.08852527987572 4.08928552750618 4.08882668710524 4.08703976292764 4.08609390258789 4.0856922365004 4.08596326458839 4.08647578762424 4.20631413305959
4.59956841314993 4.51507960596392 4.41934105657762 4.44483001770512 4.48212277504706 4.50308127557078 4.52767347520398 4.57075000578357 4.58519591054609 4.53050990258494 4.44585392552037 4.32005323902253 4.23756490215178 4.19051381080381 4.1702847173137 4.16276071917626 4.15328438051285 4.14334164896319 4.15161414300242 4.16061916658955 4.16207296617569 4.16059018719581 4.1468176534099 4.1326021686677 4.11745180622224 4.10661569718392 4.10105260725944 4.09746248491349 4.09530945747129 4.09348978534822 4.09180827294627 4.08989028007753 4.08792575713127 4.0872657375951 4.08672681931526 4.08689823458272 4.0871701394358 4.08779539600495 4.08844913974885 4.08915598161759 4.088477488487 4.08628949811382 4.08532804058444 4.08516014775922 4.08543917440599 4.08587872597479 4.09280600086335
4.44802122731363 4.40208232018255 4.35749716912546 4.37680042943647 4.40152691256615 4.39611031932216 4.39415536388274 4.40980852803876 4.39636470425514 4.31266286296229 4.24134475954117 4.18702782354047 4.15535885287869 4.14221988185759 4.13459139485513 4.12957305292929 4.12662695300194 4.12417602539062 4.13055852151686 4.13738542987454 4.14184876411192 4.14367168180404 4.13444411370062 4.1241876386827 4.11175895506336 4.10283290186236 4.09818749273977 4.09543914179648 4.09407234191895 4.09295408187374 4.09193884941839 4.09019785542642 4.08831425636045 4.08727996580062 4.08639817084036 4.08669857825002 4.08710381292528 4.08787736585063 4.08859825134277 4.08922129292642 4.0885802853492 4.08656217205909 4.08545952458535 4.08494940111714 4.08508319239463 4.08544838813043 4.0877204556619
4.34703007052022 4.32004408682546 4.29971347316619 4.31521820252942 4.33296326668032 4.3121621224188 4.29403812654557 4.28953232303742 4.26383461490754 4.18696678838422 4.13549355537661 4.11888368668095 4.11202333819482 4.11313972165508 4.11170776428715 4.10906867058046 4.10941700781545 4.11047920103996 4.11584243466777 4.12147380459693 4.12670556960567 4.12983503649312 4.12416610410137 4.11717724031018 4.10740175554829 4.10032473841021 4.09654578854961 4.09437710239041 4.0933814356404 4.09248165930471 4.09162150659869 4.08998778558546 4.08820195351877 4.08713772989088 4.08623312365624 4.08662703729445 4.08711381112376 4.08792683386034 4.08864870379048 4.08920111194734 4.08875268505466 4.08721373158116 4.08593742309078 4.08483129932034 4.08475317493562 4.08504438400269 4.08535355906333
4.28395658923734 4.26122557732367 4.24497479777182 4.25847127360682 4.27342382554085 4.24548109116093 4.21897194462438 4.19975557634907 4.17353107083228 4.1303848912639 4.1036368185474 4.09940136632612 4.09784118590816 4.09847001106508 4.09843154107371 4.09807692804644 4.09929280127248 4.10088394534203 4.10588112185078 4.11105369752453 4.11537319614041 4.11830991314303 4.11545985744845 4.11121997525615 4.10404629861155 4.09877272575132 4.0958214729063 4.09403624073152 4.09310028629918 4.09205662819647 4.09096847041961 4.08938955491589 4.087714241397 4.08687808436732 4.08619070053101 4.08665164824455 4.08718118359966 4.08795189088391 4.08862503113285 4.08911688097062 4.08897716768326 4.08814931684925 4.08667507479268 4.08478266193021 4.08444260012719 4.08466009939871 4.08502574120798
4.23547890878493 4.21681233375303 4.20277374021469 4.20953201478527 4.21711174134285 4.18939875018212 4.16303802305652 4.14355604110226 4.12359943697529 4.1024969316298 4.09022571194556 4.09007879995531 4.09029220765637 4.09080037763042 4.09121505675777 4.09158537464757 4.09289495406612 4.09442890844037 4.09844510785995 4.10259159149662 4.10615179615636 4.10882652959516 4.1077951769675 4.10559298915248 4.10091903132777 4.09728054846487 4.09490757603799 4.09326324155254 4.0921496729697 4.09098445215533 4.08979791210544 4.08860966467088 4.0874209865447 4.08692427604429 4.08652903956752 4.08687543869019 4.08727868910759 4.08788193425825 4.08844095660794 4.08891796296643 4.08889352121661 4.08832274713824 4.08680405155305 4.08467195880028 4.0842624633543 4.08447182563043 4.08481825551679
4.19325676271992 4.17857303927022 4.1659460067749 4.16393889150312 4.16218291559527 4.13785886764526 4.11530370097007 4.10174694368916 4.09097031624086 4.086906479251 4.08471998091667 4.08511066436768 4.08558610177809 4.08613084977673 4.08659564295123 4.08702256602626 4.08809414217549 4.08931976749051 4.09209142192717 4.0949685958124 4.09783518698908 4.1002181114689 4.10057703141243 4.10010762368479 4.09788962333433 4.09581398194836 4.09391235536145 4.09230507573774 4.09091220363494 4.08963495685208 4.08840567065823 4.08775186538696 4.08721119357694 4.08710141335764 4.08703053382135 4.08718469066005 4.08738922303723 4.08777118498279 4.08818812524119 4.08866982306204 4.08867769856607 4.08816951321017 4.0866721676242 4.084534798899 4.08413842416579 4.08436750596569 4.08466240667528
4.16833674523138 4.15321813091155 4.13725249998031 4.13229603921213 4.12798380082653 4.11063869537846 4.09498854606382 4.08795993558822 4.08284019654797 4.08232931936941 4.08217140936082 4.08249821201448 4.08304551339919 4.08377307461154 4.08448143928282 4.08518059022965 4.08616127506379 4.08720934775568 4.08922609206169 4.09130048751831 4.09324438341202 4.09495865914129 4.09571212337863 4.09585309797718 4.09470112093033 4.09343422612836 4.09202691047422 4.09080373087237 4.08971469633041 4.08883144009498 4.08803341465612 4.08750624810496 4.08703234887892 4.08690169549757 4.08680812774166 4.08695153267153 4.08713542261431 4.08746137926655 4.08783191250217 4.08828512314827 4.08803698324388 4.08702478101177 4.08577655976818 4.08437575063398 4.08416069707563 4.08437142833587 4.08460678592805
4.14699646734422 4.1305290806678 4.11024199762652 4.10353955914897 4.0980736824774 4.08845035491451 4.08034633821057 4.0799707289665 4.07977891737415 4.0800307643029 4.08023485060661 4.0803732410554 4.08095290583949 4.08189369017078 4.08288546531431 4.08390152838922 4.08482182410456 4.0857193393092 4.08708247830791 4.08845057026033 4.08942436402844 4.09039203582271 4.09133405070151 4.09185320331204 4.09147973214426 4.09086550435712 4.08995732953472 4.0891900062561 4.08852535678494 4.08814076454409 4.08787213602374 4.08738733107044 4.08685996455531 4.08662408398044 4.08643588712139 4.08660624104161 4.08680631268409 4.08711041173627 4.08745433438209 4.08787221293296 4.0873083606843 4.08567487039874 4.08472304190359 4.0842122262524 4.08421308763566 4.08439773128879 4.08457188452444
4.1182827641887 4.10757057128414 4.09449591175202 4.09050106233166 4.08738494688465 4.08289735547958 4.07912102053242 4.07896272597774 4.07887057335146 4.07893846881005 4.0790733368166 4.07930021901285 4.07974718463036 4.08037427163893 4.08115311591856 4.08200370111773 4.08287746675553 4.08375673909341 4.08502572582614 4.08629678910778 4.08720851713611 4.0880739919601 4.08874622468025 4.08915627387262 4.0890126382151 4.08873839532175 4.08830424278013 4.08789806981241 4.08751233931511 4.08700316952121 4.08644293200585 4.08594576005013 4.08546093971499 4.08528821699081 4.08514650406376 4.08519411087036 4.08527720359064 4.08548516611899 4.08580769262006 4.08634273467525 4.08637046813965 4.08584547042847 4.08506664153068 4.0841234730136 4.08400675558275 4.08418693850117 4.08437715038176
4.09111319818804 4.0861859936868 4.08047160794658 4.07918934668264 4.0783943822307 4.07850348564886 4.07855810657624 4.07833565435102 4.0781365517647 4.07799399283624 4.07803327806534 4.07832213371031 4.07863218553605 4.07895964960898 4.07951181165634 4.08017044682657 4.08097893191922 4.08182308750768 4.08299133854528 4.08416146616782 4.08503486264137 4.08581766005485 4.08622095661779 4.08651302706811 4.08657018599972 4.08660965581094 4.08662739107686 4.08656372562532 4.08644065549297 4.08581952125795 4.08499199344266 4.08450609637845 4.0840873102988 4.08395794899233 4.0838476304085 4.08381862025107 4.08381972774383 4.08392626239407 4.08420930370208 4.08481999366514 4.08539661284416 4.08593619254328 4.08534129973381 4.08401243148311 4.0837958089767 4.08397866833595 4.08418749224755
4.08393852172359 4.08171987533569 4.07943293356126 4.07878895728819 4.0783369464259 4.07852729674309 4.07865142822266 4.07843852812244 4.07823421109107 4.0780506749307 4.0779180372915 4.0778553716598 4.07806234975015 4.07849010344475 4.07890859726937 4.07932263035928 4.07985893372566 4.0804245702682 4.08115413112025 4.08188949092742 4.08254558809342 4.08314501854681 4.0835078916242 4.08382098905502 4.084028890056 4.08425318810248 4.08449746716407 4.08462215239002 4.08465980714367 4.0843577846404 4.08391515670284 4.08371809990175 4.08356934209024 4.08319254844419 4.08288586524225 4.08334547473538 4.08369965707102 4.08368296777048 4.08373206661594 4.08390334344679 4.08413974700435 4.0844473069714 4.08421313378119 4.08362857757076 4.08365904900336 4.08391037294942 4.08412791836646
4.07830941292547 4.07820370889479 4.07852092865975 4.07843968176073 4.0783298553959 4.07854789303195 4.07868948290425 4.07844189674624 4.07820644686299 4.07800029939221 4.0777645111084 4.07748782250189 4.07760700102775 4.07804999812957 4.07832616375339 4.07852348204582 4.07881076874272 4.07911960540279 4.07947271100936 4.07983390746578 4.08026804462556 4.08067757083524 4.08098391563662 4.08129330604307 4.08160926449683 4.08196381599672 4.08236562052081 4.08264609306089 4.08283819690827 4.08285430169875 4.08279760422245 4.08287180623701 4.08297186513101 4.08249062876548 4.0821105587867 4.08292848833146 4.08354653081586 4.08346168456539 4.08334818193989 4.0831815965714 4.08314907935358 4.08326255121539 4.08331548013995 4.08332921612647 4.08355846712666 4.08386511956492 4.08408655658845
4.07834791368054 4.07817073022166 4.07807340929585 4.07827809549147 4.07850706961847 4.07855635304605 4.07852454339304 4.0780802388345 4.07771881165043 4.07755770221833 4.07747041025469 4.07748430005966 4.07757105365876 4.07771745804817 4.07782048563803 4.077903116903 4.07802563328897 4.07815767103626 4.0783624341411 4.07857135034377 4.07876719197919 4.07896204917662 4.07915310705862 4.07936860669044 4.07963552782612 4.07992030728248 4.08022686742967 4.08054351806641 4.08086762889739 4.08119798475696 4.08153083247523 4.08181185876169 4.08208282532231 4.08202139023812 4.08201939059842 4.08271761863462 4.08327202643118 4.08332097145819 4.08330669710713 4.08317512081515 4.08313449736564 4.08319316371795 4.08326285885226 4.08333981421686 4.08359079976236 4.08390420483005 4.08411159823018
