Ecospace-environmental-drivers/Outputs/ASCII-for-ecospace/MOM6-ISIMIP3a/tob/2015_mo10_avg31y_tob_MOM6-ISIMIP3a.asc
NCOLS 131 
NROWS 53 
XLLCORNER -98 
YLLCORNER 23.9265270233154 
CELLSIZE 0.133587792515755 
NODATA_value -9999 
[rows 21 to 41 of 53, columns 0 to 46 of 131]
-9999 -9999 -9999 -9999 -9999 -9999 27.2122799042732 27.2083518735824 27.1958407125165 27.1713359586654 27.0699902811358 26.8906038961103 26.9387965048513 27.0823491619479 27.2192941481067 27.3486149695612 27.4279951280163 27.473078943068 27.4142017364502 27.3151813014861 27.028355567686 26.7083880516791 26.6294461527178 26.5649837370842 26.5772021508986 26.5357654325424 26.3203577226208 26.0856355851696 25.817208197809 25.5397012772099 25.2528522860619 25.0457187775643 24.8871475342781 24.7543132535873 24.6300577963552 24.5365165587394 24.4476469101444 24.4180659017255 24.3781442334575 24.272368461855 24.1810377797773 24.1299189290693 24.0873066071541 24.0578409010364 23.9860332242904 23.8753637498425 23.5808353424072
-9999 -9999 -9999 -9999 -9999 -9999 27.2134774115778 27.2122799042732 27.2044237198368 27.195323328818 27.1713359586654 27.1480308040496 27.115872844573 27.0661971184515 27.0839172486336 27.179401213123 27.1347440288913 26.993845662763 26.182213506391 25.1115863553939 23.9739970545615 22.8245909906203 22.4969427662511 22.2118100197084 22.1310216226885 22.0883155330535 22.1690853488061 22.2952800258513 22.5007441736037 22.7475361977854 23.0368534826463 23.1877508471089 23.2543237132411 23.2662850656817 23.2600423136065 23.0506946194556 22.8089010792394 21.9591303179341 21.1255100619408 20.394740627658 19.8781703210646 19.9578795279226 19.9930728174025 19.9594694568265 19.9587935786093 19.9883387780959 19.6262834610478
-9999 -9999 -9999 -9999 27.1909600534747 27.2089956345097 27.2135143895303 27.2146376948203 27.2122799042732 27.1965673508183 27.2011090555499 27.2831751300443 27.2390994410361 26.9454248489872 26.7778973117951 26.755923486525 26.5090457547096 26.1077167757096 24.530239166752 22.4986072663338 20.5388039004418 18.5916763428719 18.038385329708 17.5537557294292 17.3869619677144 17.3489656140727 17.7285813977641 18.2137648059476 18.8831740963844 19.6489920462331 20.5140129827684 21.0454706991872 21.3737248451479 21.564305889991 21.708996188256 21.3928810242684 21.0036910887687 19.310033675163 17.6644985445084 16.3254181646532 15.3920531426707 15.5881012332055 15.6900095785818 15.646430600074 15.7131804189374 15.8811904230425 15.4629981133246
-9999 -9999 -9999 -9999 27.1480306194675 27.193299693446 27.204476879489 27.2135143895303 27.2181186060752 27.2767168475736 27.2462708873134 26.8750037531699 26.338402840399 25.4746540438744 24.2777503228957 22.6964385740219 21.0495330441383 19.3575816000662 17.6690985156644 15.9819546976397 14.5395956039429 13.1404337729177 13.0082620497673 12.9155146075833 12.9201091335666 12.9770292466687 13.2036091281522 13.4459381411153 13.7157506635112 14.1527433703023 14.7617611423615 15.4766544526623 16.2560464489845 16.8771394298923 17.4454668721845 17.2708077584544 16.9820027505198 15.1008064823766 13.3594100706039 12.5083023501981 11.8769191926525 11.8571956080775 11.803553950402 11.6974943222538 11.6840532056747 11.7556178800521 11.4000659450408
-9999 -9999 -9999 -9999 -9999 27.1480306194675 27.2071768852972 27.1954391848656 27.2452508864864 27.2939857359855 27.1543788909912 26.2938813855571 25.2089988954606 23.6801216371598 21.5352156854445 18.6795098704676 15.9433136601602 13.2891905999953 11.6011208872641 10.2860801758305 9.34431346770256 8.46841799828314 8.66392166383805 8.87374456467167 9.0073933447561 9.12538103903494 9.19258935989872 9.22176957899524 9.18458750940138 9.367416966346 9.77663427783597 10.597621087105 11.6694543284755 12.552970640121 13.3737151238226 13.3083704979189 13.108509032957 11.2339770717006 9.55658506578015 9.13464444683444 8.77456105139948 8.58667296748007 8.41674220177435 8.27456331253052 8.19344086800852 8.16835629555487 7.87110339441607
-9999 -9999 -9999 -9999 -9999 27.1775414866786 27.1480306194675 27.2717230396886 27.3657499744046 27.0355412883143 26.4615424371535 24.9544181208457 23.0767766890987 20.4659863748858 17.7298801791283 14.8491781296269 12.3861873995873 10.2100575354791 9.01094184383269 8.18908760624547 7.67402084412113 7.21309277319139 7.326546407515 7.44733245911137 7.52441330878965 7.55505198817099 7.43510672353929 7.38138949486517 7.44324594928372 7.69928510727421 8.15513427795902 8.7430912140877 9.41152726450274 9.82044463003835 10.142856536373 10.0458908081055 9.8848088787448 8.86846606962142 7.95604416631883 7.70542443183161 7.48210880833287 7.33480125857938 7.22072833584201 7.15801783530943 7.06406461038897 6.94143695216025 6.68344849924887
-9999 -9999 27.2435010479343 27.2354529596144 27.2266378095073 27.2070872399115 27.1775066621842 27.3427166477326 27.447825893279 26.7278899531211 25.7152286652596 23.5821378154139 20.9923027407738 17.4986985729587 14.373323317497 11.672826643913 9.56148649031116 7.85474646476007 7.04066534965269 6.571272911564 6.36411683790145 6.20323744127827 6.25095133627615 6.30267392435382 6.34973976689 6.33318099667949 6.11032550565658 6.01047292832405 6.12527142801592 6.41573384500319 6.88695078511392 7.27123695804227 7.60256548850767 7.67220434065788 7.65461400247389 7.53488214554325 7.39925413746988 7.01636675865419 6.66675704525363 6.52906988513085 6.39180117268716 6.25569749647571 6.16249564386183 6.13559582925612 6.03681768909577 5.87206966646256 5.67202769556353
-9999 -9999 -9999 -9999 27.2726336448423 27.246188194521 27.2642082091301 27.4021683354532 27.446068363805 26.3128764244818 24.8522350557389 22.1382564421623 19.0120084208827 15.0699945880521 11.995936762902 9.92336368560791 8.33483056099184 7.07870921780986 6.42292537996846 5.99895400385703 5.84052765753961 5.72896185228902 5.74652234969601 5.77276011436216 5.84774601844049 5.87159456745271 5.72963531555668 5.6638570139485 5.73102143503005 5.97128106701759 6.38965223681542 6.63432444295576 6.77318074626307 6.79879030104606 6.78665121140019 6.66347299083587 6.52422488120294 6.28445686832551 6.05658011282644 5.90443069704117 5.74254345124768 5.5535487051933 5.40488118510092 5.31853743522398 5.23240197089411 5.14645774902836 5.04512380784558
-9999 -9999 -9999 -9999 27.335292139361 27.3646255616219 27.3463631906817 27.4513658708142 27.4394120247133 25.9798049311484 24.0970438065067 20.5946302106304 16.9393693862423 12.9816664418867 10.1233167033042 8.533447757844 7.35487193446006 6.45874934042654 5.9144769483997 5.50606698374594 5.37454203636416 5.29187876178372 5.30201953457248 5.32306572698778 5.41805548821726 5.47650840205531 5.41649404648812 5.38712767631777 5.41124486923218 5.5853251487978 5.91371427043792 6.04311770777548 6.05130069486557 6.04858052346014 6.04222591461674 5.92664926282821 5.79590409801852 5.65502243657266 5.51334311885218 5.36658367033928 5.20933495798419 5.02288699919178 4.87159636712843 4.7746393142208 4.71047667534121 4.67641279774327 4.63286984351373
-9999 -9999 -9999 -9999 27.3798442348357 27.3950628465222 27.4138546605264 27.4876628998787 27.4265933498259 25.7498238471247 23.4774774735974 18.925517112978 14.7505529157577 11.3215589215679 8.88573446581441 7.59587158695344 6.68527883098971 6.03514766693115 5.54352635722007 5.11311151135352 4.98102629569269 4.90158699404809 4.93290871958579 4.97429378571049 5.07932841393255 5.16508502344931 5.18833483419111 5.19832126555904 5.18516205203149 5.27296287782731 5.46464980033136 5.50941261168449 5.46467039662023 5.45337181706582 5.45322092117802 5.35914493376209 5.25215490402714 5.15451072877453 5.05432193509994 4.93792807671332 4.82212581942158 4.70797045000138 4.62053657347156 4.57439920979161 4.54394746595813 4.52789197429534 4.49066314389629
-9999 -9999 -9999 -9999 27.3950628465222 27.4178102554813 27.4445131978681 27.5364205145067 27.5015867910077 25.9237076543993 23.6455812146587 18.6872062067832 14.1824260834725 10.5751827609154 8.09700876666654 6.9216037565662 6.1427732898343 5.63628831986458 5.22825385678199 4.85823471315445 4.74107242399646 4.66853151013774 4.70718542222054 4.75460547785605 4.85478750351937 4.94631399646882 5.00977563858032 5.04155392800608 5.01804208755493 5.04143091940111 5.11307959402761 5.11065306202058 5.06310046103693 5.03982011733517 5.02463043889692 4.96116887369464 4.89104070971089 4.82161434235111 4.74960919349424 4.66118135759907 4.57915756779332 4.51496102732997 4.46864541884392 4.44996364655033 4.43662105068084 4.42817871032223 4.39392308265932
-9999 -9999 -9999 -9999 27.4191289717151 27.4445131978681 27.596109267204 27.5945237067438 27.6424404882616 26.4004945447368 24.4044457097207 19.5220121568249 14.8298329691733 10.5141142260644 7.64493010121007 6.44481985030636 5.6955847278718 5.25598595219274 4.95474047814646 4.7069183780301 4.61629153836158 4.55340485418997 4.58900400900072 4.63173123328917 4.71588742348456 4.79703295615412 4.8684169092486 4.90881629143992 4.89514500094998 4.87052231450235 4.83463108924127 4.81310410653391 4.8003276548078 4.7625130684145 4.71635238585934 4.69034064200617 4.66690461866317 4.61443116587977 4.56062929091915 4.49836777102563 4.44437142341368 4.41338329930459 4.39113173946258 4.38238225444671 4.37369726550194 4.36507145051033 4.33128355395409
-9999 -9999 -9999 -9999 27.4445131978681 27.6546107261412 27.7446729598507 27.8089799573345 27.7443234228319 26.9840913588001 25.4598795367825 21.0114776857438 16.2526865928404 10.8797236411802 7.46379758465675 6.30598534307172 5.57575650368967 5.13916841630013 4.85375065957346 4.62670535425986 4.54248083791425 4.48345987258419 4.49344941108458 4.50623449202507 4.52972272134596 4.56093032898441 4.61716721134801 4.65798368761616 4.67189033569828 4.66590133790047 4.6394401058074 4.62109259636171 4.60768793475243 4.55905789713706 4.4986861905744 4.49454321399812 4.49798374791299 4.47533266005977 4.44997549057007 4.40738438021752 4.36910546210504 4.34283071948636 4.32554026572935 4.32213451016334 4.31409920415571 4.30181489452239 4.27329849427746
-9999 -9999 -9999 -9999 -9999 27.8097153940508 27.8331473565871 27.8305152154738 27.8295045668079 27.6134646631056 26.6424162464757 22.7815160443706 18.0078798724759 11.4281976146083 7.39878659094534 6.31198855369322 5.59622769201956 5.13527470250284 4.82670064126292 4.57696567043181 4.49051484754009 4.43287872499035 4.40759217354559 4.37961383019724 4.3233014845079 4.28761786799277 4.31882059958673 4.3565381726911 4.405624728049 4.44683188776816 4.47993140066824 4.47431213625016 4.44510570649178 4.38725413045576 4.31985424410912 4.33090226880966 4.35272685943111 4.3654138811173 4.37289047241211 4.3471857347796 4.31934855061193 4.28557485149753 4.26505833287393 4.26502979955366 4.25592645522087 4.2384941808639 4.21730824439756
-9999 -9999 -9999 -9999 -9999 27.8503964331842 27.85132574266 27.8599470200077 27.8538775290212 27.7813514586418 26.9910715164677 23.4535355106477 18.7420189149918 11.7075256839875 7.46047758286999 6.42970368169969 5.72205948060559 5.23632287979126 4.87017926862163 4.55021509047477 4.43473320622598 4.35533638923399 4.31075233028781 4.26603377249933 4.21384294571415 4.17836089288035 4.19705563206827 4.22151574780864 4.2560368814776 4.28926737077775 4.32116982244676 4.32134368342738 4.30218873485442 4.2607313740638 4.21183989124913 4.22403363258608 4.24468032775387 4.26678874415736 4.2846607700471 4.27555362639889 4.26164367122035 4.23436360205373 4.21755347713347 4.21692412899387 4.20879882381808 4.19379377365112 4.17970288184381
-9999 -9999 -9999 -9999 -9999 27.86474609375 27.8667160772508 27.8635153001355 27.8656694965978 27.8537559509277 27.1671955970026 23.8983736345845 19.2649005151564 11.9311670487927 7.5483832359314 6.57053216811149 5.86969046438894 5.35908352944159 4.9282504973873 4.52822100731634 4.37816223021477 4.27221568938225 4.21164012724353 4.15515195169757 4.12444608442245 4.10304724785589 4.11182565073813 4.12092644168485 4.13058991586008 4.14442837622858 4.16256278561008 4.1670948766893 4.16334052239695 4.14357728342856 4.11847779058641 4.12891103375343 4.14433259348715 4.17050030923659 4.19412514471239 4.20155588273079 4.20229434967041 4.18440295803931 4.17273367604902 4.17068043062764 4.16395648833244 4.15294593380344 4.14590131082842
-9999 -9999 -9999 -9999 -9999 -9999 27.8761964613392 27.8766859116093 27.8669484661471 27.7416304926718 26.9391632080078 23.544856286818 18.9116586254489 11.827045717547 7.62288499647571 6.74231426177486 6.05369360216202 5.49689348282353 4.98188112628075 4.48300461615286 4.3096005070594 4.19363234120031 4.15225999586044 4.1151327010124 4.09976905392062 4.08896823083201 4.0929621419599 4.09706617170765 4.10136232068462 4.10784342981154 4.1165727953757 4.11903693599086 4.117684348937 4.10866472798009 4.09708942905549 4.1023857824264 4.11006667537074 4.12506840305944 4.13899447841029 4.14607037267377 4.14911805429766 4.14095215643606 4.13523861669725 4.13331505560106 4.12889662096577 4.12218839891495 4.11752557754517
-9999 -9999 -9999 -9999 -9999 -9999 27.8852083144649 27.8883882338001 27.8659146831882 27.6025812702794 26.655064059842 23.0887809261199 18.4417716610816 11.6563097123177 7.66007892547115 6.88218347487911 6.21376008372153 5.62051610023745 5.02887765822872 4.43785908914381 4.24400331128028 4.12023450482276 4.09869550889538 4.0812999509996 4.07977859435543 4.07857842599192 4.07841968536377 4.0783864144356 4.07857221172702 4.0788132913651 4.07911131458898 4.07940590766168 4.07969834727626 4.08003402525379 4.0803840544916 4.08083032792614 4.08131504058838 4.08528001846806 4.0894969201857 4.09531773290326 4.09979314188803 4.10052301037696 4.10031304820891 4.09865031703826 4.09648552248555 4.09385984174667 4.09126369414791
-9999 -9999 -9999 -9999 -9999 -9999 27.8751026891893 27.8905507979854 27.8452342864006 27.2644775759789 25.9659429365589 21.9200587118826 17.1461163182412 10.9315516256517 7.30571014650406 6.66684912097069 6.10111993358981 5.58561372756958 5.00722814375354 4.40456238100606 4.21575644708449 4.09998409209713 4.08818864822388 4.07961011702015 4.07886592803463 4.07829170842325 4.07826835878434 4.07831665777391 4.07848974966234 4.07866118031163 4.07883074975783 4.07894116063272 4.07901550108387 4.07912794236214 4.07925311980709 4.07952204058247 4.0798199407516 4.08139948691091 4.0831762590716 4.08620894339777 4.08860252749535 4.08921715521043 4.08929749458067 4.08855236730268 4.08765605188185 4.08662091532061 4.08495898400584
-9999 -9999 -9999 -9999 -9999 27.8346496705086 27.832882542764 27.8463697125835 27.7814868188673 26.81103515625 25.1029773219939 20.5716768695462 15.7075117172733 10.1847009658813 6.96781046159806 6.41159003780734 5.91516413227204 5.45980170465285 4.92227483564807 4.35302122177616 4.18310271539996 4.08365466517787 4.07986522489978 4.07833493140436 4.07817529862927 4.07808091563563 4.07819798684889 4.07833102441603 4.0784917031565 4.07860708236694 4.07867597764538 4.07863360066568 4.07852337437291 4.07844568067981 4.07837886195029 4.07847569065709 4.07859280801588 4.07838172297324 4.0783000146189 4.07904197323707 4.07970436157719 4.08014489758399 4.08040271266814 4.08037825553648 4.0804495657644 4.08060861402942 4.07980112875662
-9999 -9999 -9999 -9999 27.6959456782187 27.7889278165756 27.8346496705086 27.7599593747047 27.559824789724 25.9346765087497 23.6025707490983 18.5645316954582 13.7447511919083 9.35684302545363 6.69029860342703 6.00993782474149 5.46037938517909 5.00064865235359 4.60520387464954 4.23458230110907 4.1342901568259 4.08170290916197 4.07954826662617 4.0785803487224 4.07829883021693 4.07814867265763 4.07842463831748 4.07865422771823 4.07880275480209 4.07891265807613 4.07898283004761 4.07890245991368 4.07873029093589 4.0785836865825 4.07844560377059 4.07839016760549 4.07834774448026 4.07852781972577 4.07872070804719 4.07899547392322 4.07921126581007 4.0792625334955 4.07928372967628 4.07925824196108 4.07919376127182 4.07909347165015 4.07884834658715
