Ecospace-environmental-drivers/Outputs/ASCII-for-ecospace/MOM6-ISIMIP3a/tob/2016_mo01_avg50y_tob_MOM6-ISIMIP3a.asc
NCOLS 131 
NROWS 53 
XLLCORNER -98 
YLLCORNER 23.9265270233154 
CELLSIZE 0.133587792515755 
NODATA_value -9999 
[rows 0 to 20 of 53, columns 48 to 95 of 131]
-9999 -9999 -9999 -9999 -9999 -9999 -9999 -9999 -9999 -9999 -9999 -9999 -9999 -9999 -9999 -9999 -9999 -9999 -9999 -9999 -9999 -9999 -9999 -9999 -9999 -9999 -9999 -9999 -9999 -9999 -9999 -9999 -9999 -9999 -9999 -9999 -9999 -9999 -9999 -9999 -9999 -9999 -9999 -9999 -9999 -9999 -9999 -9999
-9999 -9999 -9999 -9999 -9999 -9999 -9999 -9999 -9999 -9999 -9999 -9999 -9999 -9999 -9999 -9999 -9999 -9999 -9999 -9999 -9999 -9999 -9999 -9999 -9999 -9999 -9999 -9999 -9999 -9999 -9999 -9999 -9999 -9999 -9999 -9999 -9999 -9999 -9999 -9999 -9999 -9999 -9999 -9999 -9999 -9999 -9999 -9999
-9999 -9999 -9999 -9999 -9999 -9999 -9999 -9999 -9999 -9999 -9999 -9999 -9999 -9999 -9999 -9999 -9999 -9999 -9999 -9999 -9999 -9999 -9999 -9999 -9999 -9999 -9999 -9999 -9999 -9999 -9999 -9999 -9999 -9999 -9999 -9999 -9999 -9999 -9999 -9999 -9999 -9999 -9999 -9999 -9999 -9999 -9999 -9999
-9999 -9999 -9999 -9999 -9999 -9999 -9999 -9999 -9999 -9999 -9999 -9999 -9999 -9999 -9999 -9999 -9999 -9999 -9999 -9999 -9999 -9999 -9999 -9999 -9999 -9999 -9999 -9999 -9999 -9999 -9999 -9999 -9999 -9999 -9999 -9999 -9999 -9999 -9999 -9999 -9999 -9999 -9999 -9999 -9999 -9999 -9999 -9999
-9999 -9999 -9999 -9999 -9999 -9999 -9999 -9999 -9999 -9999 -9999 -9999 -9999 -9999 -9999 -9999 -9999 -9999 -9999 -9999 -9999 -9999 -9999 -9999 -9999 -9999 -9999 -9999 -9999 -9999 -9999 -9999 -9999 -9999 -9999 -9999 -9999 -9999 -9999 -9999 -9999 -9999 -9999 -9999 -9999 -9999 -9999 -9999
-9999 -9999 -9999 -9999 -9999 -9999 -9999 -9999 -9999 -9999 -9999 -9999 -9999 -9999 -9999 -9999 -9999 -9999 -9999 -9999 13.8439543151855 14.5477533149719 15.0847704124451 15.2696975135803 15.2151124954224 14.8677945709229 14.5573500061035 14.2737637901306 14.2770080947876 14.3990387916565 14.919681224823 15.5186811828613 16.4278195571899 17.3081920814514 17.7953587341309 18.1461088180542 18.0172114181519 17.7851362228394 17.3614489173889 16.8150769424438 16.1350366401672 15.5437207794189 15.0098139762878 -9999 -9999 -9999 -9999 -9999
-9999 -9999 -9999 -9999 -9999 -9999 -9999 -9999 -9999 -9999 -9999 -9999 -9999 -9999 -9999 -9999 -9999 -9999 -9999 13.7082193756104 13.8439543151855 14.5477533149719 15.0847704124451 15.2696975135803 15.2151124954224 14.8677945709229 14.5573500061035 14.2737637901306 14.2770080947876 14.3990387916565 14.919681224823 15.5186811828613 16.4278195571899 17.3081920814514 17.7953587341309 18.1461088180542 18.0172114181519 17.7851362228394 17.3614489173889 16.8150769424438 16.1350366401672 15.5437207794189 15.0098139762878 14.868712310791 -9999 -9999 -9999 -9999
-9999 -9999 -9999 -9999 -9999 -9999 -9999 -9999 -9999 -9999 -9999 -9999 -9999 -9999 -9999 -9999 -9999 -9999 13.9461869049072 14.2806014633179 14.7305819892883 15.6642178726196 16.3710301399231 16.5989996337891 16.5489595031738 16.1591345214844 15.7835008811951 15.418203830719 15.390467338562 15.5025261116028 16.0367282676697 16.653913974762 17.3162709236145 17.9546034622192 18.3419039916992 18.6322840881348 18.5818869400024 18.423558807373 18.0647915649414 17.5870849609375 16.9797908973694 16.4192226409912 15.8888883781433 15.7036784362793 15.6424423027039 -9999 -9999 -9999
-9999 -9999 -9999 -9999 -9999 -9999 -9999 -9999 -9999 -9999 -9999 -9999 -9999 -9999 -9999 -9999 -9999 14.5423635864258 14.014135684967 14.8362115287781 15.7268447875977 16.9043982505798 17.7905328559875 18.0614597129822 18.0153853034973 17.5818707084656 17.1372891235352 16.6846467208862 16.6236024856567 16.7247330284119 17.2671450424194 17.8963025474548 18.2539859390259 18.5956825256348 18.8794159698486 19.1121701431274 19.1656774139404 19.1046125030518 18.8307741546631 18.4379875183105 17.915602722168 17.3905146598816 16.8636776161194 16.3049925804138 15.7348671150208 15.4985461235046 15.3146386146545 -9999
-9999 -9999 -9999 -9999 -9999 -9999 -9999 -9999 -9999 -9999 -9999 -9999 -9999 -9999 -9999 -9999 -9999 15.1829232025146 15.2994162750244 16.1862843132019 17.1011106681824 18.1329451560974 18.8808017539978 19.0291589736938 18.9501862716675 18.5933698272705 18.1983463096619 17.7754937934875 17.7190925788879 17.8144512748718 18.1319073867798 18.4930226135254 17.5098612594605 16.6129231452942 17.044594039917 17.5411452484131 18.265818862915 18.8230279541016 19.0692366790772 19.0546441268921 18.7558990478516 18.3110428237915 17.7716456985474 17.1755179595947 16.5590119171143 15.9386850738525 15.3177582931519 -9999
-9999 -9999 -9999 -9999 -9999 -9999 -9999 -9999 -9999 -9999 -9999 -9999 -9999 18.63108543396 18.4500481414795 18.9648476791382 19.6459059906006 18.1484141159058 16.666625919342 17.591728553772 18.500040473938 19.3380825614929 19.9160258674622 19.944879283905 19.8297872161865 19.5387637329102 19.1872808456421 18.7917604064941 18.6218276977539 18.5453184890747 18.4250575256348 18.2961958312988 16.3019643974304 14.4809273910522 15.0266229248047 15.7434704208374 17.0620967102051 18.1904504013062 18.9654470062256 19.3935501480103 19.443701210022 19.1528760528564 18.6414236831665 18.0256019973755 17.3722889137268 16.4544570350647 15.4950908088684 16.0176749229431
13.778992061615 -9999 -9999 -9999 -9999 -9999 -9999 -9999 -9999 -9999 -9999 -9999 18.7539326095581 18.63108543396 18.4500481414795 18.9648476791382 19.6459059906006 19.0550979995728 18.4732877922058 19.294174079895 20.0312642288208 20.4176583099365 20.6560009384155 20.5817939376831 20.413305015564 20.1295841217041 19.7893643951416 19.4079917526245 18.4906635284424 17.3513776016235 15.6521876144409 13.8429338264465 12.6064796829224 11.548457069397 12.0262748718262 12.7300872039795 14.2285077667236 15.6752140617371 17.0258813858032 18.2426569366455 19.3135525894165 19.5726059341431 19.3063584136963 18.7660414123535 18.1272744750977 17.3759109306335 16.6068677902222 16.5402511978149
14.1048161697388 14.3685658073425 14.4297386932373 14.4734307861328 14.604995136261 14.7554300689697 15.0018571662903 15.4356303596497 16.3217697525024 17.4094266891479 18.7737398910522 19.3380262374878 19.2477523803711 19.1159552764893 18.9644890213013 19.3677468109131 19.903546333313 19.9207927322388 19.9432643127441 20.5602927780151 21.0369107437134 20.9258959579468 20.6687944793701 20.1032915878296 19.5302400970459 18.9479625701904 18.408498878479 17.9002198791504 16.5468503952026 14.8434996032715 12.4516639900208 9.92448900222778 9.45596176147461 9.14875690460205 9.67272369384766 10.4302705955505 12.009097366333 13.6201139640808 15.2909109115601 16.9833481407166 18.6993635177612 19.4868751525879 19.6736003494263 19.3716015625 18.8940456771851 18.3171436309814 17.7246426010132 17.2463688468933
14.3510583877563 14.389487991333 14.4297386932373 14.4734307861328 14.604995136261 14.7554300689697 15.0018571662903 15.4356303596497 16.3217697525024 17.4094266891479 18.7737398910522 19.8161445999146 20.5951728439331 20.8130244445801 20.7650590896606 20.77791431427 20.8053017044067 20.684012298584 20.5715107345581 20.7355720901489 20.7285873794556 20.005758934021 18.8635971832275 16.836190071106 14.980643119812 13.3351448822021 12.0701586341858 11.0823317909241 10.0713218307495 9.05071100234985 8.18198427200317 7.3431144618988 7.66788911819458 8.08101005554199 8.93619802474976 9.91440713882446 11.3251646614075 12.7153778648376 14.0674381637573 15.4529950332642 16.8750476837158 18.137466468811 19.296594619751 19.6399561309814 19.69028175354 19.3078244781494 18.8574117660522 18.4113491821289
14.9480898475647 14.8063369369507 14.7916573905945 14.7958441352844 14.958223323822 15.1462172698975 15.4645102882385 15.9709122848511 16.9315234375 18.0186094474792 19.2793290710449 20.4205419540405 21.4639774703979 21.8246607971191 21.8619394302368 21.6829011917114 21.4521774291992 21.0095130157471 20.5283729553223 19.6991427612305 18.7687922286987 17.4152435684204 15.6848348236084 13.1588435935974 10.9074340248108 8.99161964416504 7.57532385826111 6.52286985397339 5.86250084877014 5.36450759887695 5.4475340461731 5.64477507591248 6.50092283248901 7.39695693016052 8.44426132202148 9.54128377914429 10.8131176185608 12.038861618042 13.1790111541748 14.334327545166 15.5061688613892 16.9558163070679 18.5852174758911 19.451558265686 20.043796043396 19.9524681854248 19.7538076019287 19.3914405441284
16.0410731887817 15.7829542541504 15.6652624893188 15.5740913963318 15.8108518600464 16.0895063400269 16.5812699699402 17.2629851913452 18.4033571815491 19.4890658187866 20.4997291946411 21.2034743118286 21.6561074447632 21.8672206878662 21.9639315032959 21.8736545944214 21.7387002944946 20.716159362793 19.5360208129883 16.9495790481567 14.4741174316406 12.4631196975708 10.5641028213501 8.9014861869812 7.50775030136108 6.44264170646667 5.68686814308167 5.15640940666199 4.85838939666748 4.65663019180298 4.88361745834351 5.1948859500885 6.21208740234375 7.25537665367126 8.29812841415405 9.36996866226196 10.5440856933594 11.685006275177 12.7642772102356 13.7977081871033 14.781194858551 16.0113458824158 17.4011004257202 18.6173959732056 19.771382484436 20.1078790283203 20.3160138320923 20.1101323699951
17.3280323982239 17.096547832489 16.9034771156311 16.7305652427673 16.9957482910156 17.3067387390137 17.8507445526123 18.5344787979126 19.5556018066406 20.458789024353 21.2000657272339 21.2905381393433 20.8485400390625 20.651072769165 20.5694345092773 20.5280601882935 20.4963061141968 18.7211599349976 16.7501657104492 13.6718574714661 10.8266748428345 8.95714561462402 7.36154558181763 6.34423181533813 5.54697861671448 5.01868463516235 4.6645752620697 4.43733927726746 4.33562943458557 4.28590436935425 4.58352687835693 4.94942957878113 5.9957287311554 7.05669829368591 8.01483413696289 8.99180309295654 10.0349904632568 11.0808598899841 12.131710319519 13.1263159942627 14.0596411705017 15.1557963371277 16.357310333252 17.7279677581787 19.1593843841553 19.8649221801758 20.4564832305908 20.4684499359131
18.7783430480957 18.6939156913757 18.4487357711792 18.2055507850647 18.4604537391663 18.7546639823914 19.2488229560852 19.7886427307129 20.4387148284912 21.0068353271484 21.4624473953247 20.7915980529785 19.1991086578369 18.3749431228638 17.9147158050537 17.8886780166626 17.96638256073 15.2931728744507 12.4539678001404 9.94936441421509 7.72427861213684 6.6690018081665 5.77431985855103 5.21866622924805 4.79794191360474 4.54212882995605 4.37169448852539 4.26344866752625 4.21822468757629 4.19910031318665 4.50560929298401 4.87613001823425 5.84040416717529 6.80993646621704 7.61603358268738 8.43944482803345 9.32373338699341 10.2659387969971 11.3157020568848 12.3414290618896 13.3409677314758 14.3751288986206 15.4316925048828 16.7919993972778 18.2614157104492 19.286492767334 20.2417999649048 20.5232893371582
19.7743881607056 19.764988861084 19.5937819671631 19.4196378707886 19.6133518981934 19.8355801773071 20.2028567123413 20.5782964706421 20.9734468841553 21.300957069397 21.5356063842773 20.126018447876 17.3711603927612 15.5785624313354 14.2417663192749 14.0596546936035 14.1534359169006 11.9984921264648 9.71814935684204 7.86114500045776 6.23311841011047 5.56338645935059 5.00911157608032 4.69857604980469 4.46614011764526 4.32915802955627 4.2406930065155 4.18756711006165 4.1655632686615 4.15644824028015 4.38508140563965 4.6604501247406 5.41475759506226 6.17494394302368 6.81929513931274 7.51161742210388 8.37260837554932 9.25422128677368 10.1741316223145 11.1094130325317 12.0614419937134 13.0520623970032 14.067653465271 15.3621426773071 16.7568166732788 17.9887195587158 19.1950646591187 19.9511576080322
20.54812915802 20.5785092544556 20.542975769043 20.5060492706299 20.6136605072021 20.7368928146362 20.9395880508423 21.1406327438355 21.3376915359497 21.4708156967163 21.5161656570435 19.3788904953003 15.4558510017395 12.5275864028931 10.0705246543884 9.64845623016357 9.71261589050293 8.76904750823975 7.74593447685242 6.57269090652466 5.53044951438904 5.03646554946899 4.64617450714111 4.47478759765625 4.33852075576782 4.24517792701721 4.18891048431396 4.15964822769165 4.14458528518677 4.13540286064148 4.2437013053894 4.37509363174438 4.85682341575623 5.34996275901794 5.82781761169434 6.40004650115967 7.30409901618957 8.14619751930237 8.87324068069458 9.65858535766602 10.5074517440796 11.4635618782043 12.489063911438 13.6905915260315 14.955350227356 16.3389211082458 17.7411477279663 19.0722052764893
21.0239089584351 21.036922492981 21.0395417785645 21.0326382827759 20.7973600769043 20.5954851531982 20.5635284805298 20.3486743927002 19.6921956253052 19.1649122238159 18.8149964904785 16.8136466217041 13.4611387252808 10.8405112457275 8.56655944824219 7.93251111030579 7.69029070854187 7.2013415145874 6.67522175788879 5.8547952747345 5.12290502548218 4.76154802322388 4.47979472160339 4.36609113693237 4.27383778572083 4.20780108451843 4.16627996444702 4.14261561393738 4.12992237091064 4.12177255630493 4.1692887878418 4.22774754524231 4.48776454925537 4.7570140171051 5.04353637695313 5.41663840293884 6.09415908813477 6.72955688476562 7.28672775268555 7.96123208999634 8.76357501983643 9.62918500900269 10.535731754303 11.5850169944763 12.6855759239197 14.0658020019531 15.4899410057068 17.1022917556763
