Ecospace-environmental-drivers/Outputs/ASCII-for-ecospace/MOM6-ISIMIP3a/tob/2016_mo06_avg50y_tob_MOM6-ISIMIP3a.asc
NCOLS 131 
NROWS 53 
XLLCORNER -98 
YLLCORNER 23.9265270233154 
CELLSIZE 0.133587792515755 
NODATA_value -9999 
[rows 21 to 41 of 53, columns 0 to 47 of 131]
-9999 -9999 -9999 -9999 -9999 -9999 -9999 -9999 -9999 -9999 -9999 25.1836575317383 24.9275382995605 24.1646309280395 23.5932195281982 23.2427643966675 22.978736038208 22.7740606689453 22.5530112075806 22.3256386566162 22.1848648452759 22.0593729782104 22.033864440918 22.0133471298218 22.016178817749 22.0116663360596 21.9833406066895 21.955754776001 21.9294602966309 21.9006435394287 21.8692312240601 21.8455606460571 21.8266061401367 21.8165509033203 21.8094620132446 21.8090120697021 21.8094869995117 21.8109135055542 21.8083909606934 21.780718460083 21.7732753753662 21.822145690918 21.8672922134399 21.9066837692261 21.9335946273804 21.9490501022339 21.8664400863647 21.7310263061523
-9999 -9999 -9999 -9999 -9999 -9999 -9999 -9999 -9999 -9999 24.050207901001 23.937947769165 23.695401725769 23.1950566482544 22.8553681945801 22.7010522842407 22.54644115448 22.3916261672974 22.0603471755981 21.6609287261963 20.9963891220093 20.2850637817383 20.0613653564453 19.8627233886719 19.7839046096802 19.7708835601807 19.9712061309814 20.2270526123047 20.5797928237915 20.8875746154785 21.1490945053101 21.3006566238403 21.3852332305908 21.4417610168457 21.4889393997192 21.467572479248 21.4320970535278 20.7525411987305 20.0292527770996 19.0274592590332 18.3433010101318 18.5433609390259 18.6837773132324 18.7320179367065 18.8352428817749 18.9889324951172 18.6606072235107 18.0727382278442
-9999 -9999 -9999 -9999 -9999 -9999 -9999 -9999 23.8469388961792 23.9414288330078 23.8489416503906 23.0407837677002 22.4478612136841 22.2808288574219 22.1790566635132 22.1525843048096 22.0145159912109 21.7998092651367 21.3058876800537 20.7041509628296 19.509186706543 18.2095361709595 17.7989739227295 17.4331536483765 17.2779470443726 17.2585739135742 17.6796274185181 18.2069723892212 18.9198048019409 19.5537815093994 20.1066174316406 20.4518243408203 20.6705458068848 20.8212679290771 20.9493238067627 20.9074983215332 20.8327354431152 19.4436246109009 17.9792064666748 16.0352082252502 14.6936482810974 15.0291297721863 15.252908039093 15.3040557479858 15.4777405929565 15.7638903427124 15.1985395240784 14.1746928596497
-9999 -9999 -9999 -9999 -9999 -9999 -9999 23.8395145797729 23.8049712371826 23.3653303527832 22.9235118865967 22.4733591079712 22.1246581268311 21.9767012786865 21.448963470459 20.4830178451538 18.9881401824951 17.130020866394 15.9722015953064 15.0847943878174 14.0346180343628 12.9557180786133 12.8547880172729 12.7842274475098 12.7882919311523 12.8509613037109 13.1036519050598 13.3708658218384 13.6634244728088 14.0356527519226 14.4898591995239 15.0997890663147 15.8045844078064 16.4060797309875 16.9731422424316 16.943001499176 16.818960723877 15.1161087226868 13.4899047470093 12.3518211364746 11.5275923919678 11.5770602416992 11.5879075431824 11.5390691757202 11.5865632820129 11.7224713897705 11.3068421363831 10.594234046936
-9999 -9999 -9999 -9999 -9999 -9999 -9999 24.2510362243652 23.6379669952393 22.8238590240479 22.1434812927246 21.9749667358398 21.7360441970825 21.3578046417236 20.2814440155029 18.3995606231689 15.8351078224182 12.8019037628174 11.1936201095581 10.1355508232117 9.27292356491089 8.44478587150574 8.58574869155884 8.74389381408691 8.86839042663574 8.9820902633667 9.0607825088501 9.09864297866821 9.06524814605713 9.23935010910034 9.62696224212647 10.4119779968262 11.4390886116028 12.3197407150269 13.151573677063 13.1245564651489 12.9669791412354 11.161388053894 9.54007806777954 9.09232919692993 8.71565473556519 8.53683416366577 8.38216951370239 8.26483654022217 8.20589026451111 8.20053154945374 7.91267889022827 7.47271559715271
-9999 -9999 -9999 -9999 -9999 -9999 24.8171664810181 23.8749618530273 22.9227129364014 22.434220085144 22.0009860610962 21.7792594146729 21.0606210708618 19.3587342071533 17.1959329223633 14.5013092803955 12.1267227935791 9.97192018508911 8.84901582717895 8.12456568717957 7.63698298454285 7.19120012283325 7.27703741073608 7.37206745147705 7.44669870376587 7.47544898986816 7.35543451309204 7.29889112472534 7.35311025619507 7.60805252075195 8.06953495025635 8.63660329818726 9.26799388885498 9.67531177520752 10.0079393768311 9.94650701522827 9.82441562652588 8.84127031326294 7.95569766998291 7.69149951934814 7.45642548561096 7.30242597579956 7.19016882896423 7.14242202758789 7.06363596916199 6.95636197090149 6.70006340026855 6.36352153778076
-9999 -9999 -9999 -9999 -9999 24.4103090667725 24.6140992355347 23.5005028915405 22.3911570739746 22.1447716903687 21.8526428604126 21.3854276275635 20.1032828521729 17.208623008728 14.2781702232361 11.3064181900024 9.23960224151611 7.79424657821655 7.04353137969971 6.56104261398315 6.34754011154175 6.18150546073914 6.22079549789429 6.26495239257812 6.31219975471497 6.29421465873718 6.06471952438354 5.95598702430725 6.05799599647522 6.35257574081421 6.84530704498291 7.21877593040466 7.51959115028381 7.58931372642517 7.58200601577759 7.49121898651123 7.3869774723053 7.01635663032532 6.67661329269409 6.53350769042969 6.38812483787537 6.23640259742737 6.1357960319519 6.11418570518494 6.0248330116272 5.87330626487732 5.67207416534424 5.44407801628113
-9999 -9999 -9999 -9999 -9999 24.1409327697754 24.0167866516113 23.1295688247681 22.2604036331177 22.0739242172241 21.6915399932861 20.5593160247803 18.5308475494385 14.7289640045166 11.726409740448 9.6461563873291 8.14436075210571 7.03981786727905 6.41432727813721 5.97381649017334 5.81410462379456 5.70394514083862 5.71540498733521 5.73539847373962 5.80431330680847 5.82297068595886 5.67867315292358 5.60985798835754 5.67276619911194 5.91708493232727 6.34807140350342 6.58106397628784 6.69344025611877 6.72172994613647 6.72199097633362 6.61289082527161 6.488019323349 6.27190564155579 6.06363988876343 5.90535250663757 5.73640248298645 5.5377702999115 5.3817071723938 5.29143214225769 5.21174565315247 5.14177742958069 5.04691276550293 4.93864245414734
-9999 -9999 -9999 -9999 -9999 23.5472134780884 23.5916718292236 22.8988027954102 22.211063041687 22.0385665512085 21.4785948181152 19.4355335617065 16.7169038772583 12.6615146064758 9.80676124572754 8.33735311508179 7.25196899414062 6.43031142234802 5.89687768936157 5.47473775863647 5.34371878623962 5.26407377243042 5.26998303413391 5.28631618499756 5.37390275001526 5.42636509895325 5.36494037628174 5.33505276679993 5.36020016670227 5.53764382362366 5.87179730415344 5.98675563812256 5.96818211555481 5.97136855125427 5.98180827140808 5.87315252304077 5.7481036567688 5.63235754013062 5.51180795669556 5.36066882133484 5.19911322593689 5.00856063842773 4.85219449996948 4.74866138458252 4.68878383636475 4.66897340774536 4.63310683250427 4.5885945892334
-9999 -9999 -9999 -9999 -9999 23.4731168746948 23.4273706817627 22.8443792724609 22.264146156311 22.0478573608398 21.2004275131226 17.9372567367554 14.5991229248047 11.112659034729 8.68236112594604 7.47071319580078 6.61477893829346 6.00312910079956 5.52002443313599 5.08655577659607 4.95265465736389 4.87161797523499 4.90000643730164 4.93847371101379 5.0409632396698 5.12366074562073 5.14218412399292 5.14997880935669 5.13905103683472 5.22871779441834 5.42189445495606 5.44705258369446 5.36985525131226 5.36848247528076 5.39238442420959 5.30777171134949 5.20827641487122 5.12478585243225 5.03689712524414 4.92099928855896 4.80579016685486 4.69249857902527 4.60521687507629 4.5581320476532 4.53082372665405 4.52166627883911 4.4852032661438 4.43403736114502
-9999 -9999 -9999 -9999 -9999 -9999 23.3527348709106 22.8854837036133 22.4125678253174 22.1616173553467 21.2259498977661 17.6694751358032 14.0821401023865 10.4337409591675 7.95681934356689 6.83159888267517 6.08539702415466 5.59948425292969 5.20042475700378 4.83490248680115 4.71644638061523 4.64158986091614 4.67862466812134 4.72430076599121 4.82156984329224 4.90910591125488 4.96508367538452 4.99363605499268 4.97432861328125 4.99896834373474 5.06882888793945 5.04940453529358 4.97558873176575 4.96308456420898 4.97101755142212 4.91535244941711 4.85091284751892 4.78859808921814 4.72321195602417 4.63826648712158 4.55945916175842 4.49773888587952 4.45289343833923 4.43412719726563 4.42290622711182 4.41861029624939 4.38344815254211 4.33166589736939
-9999 -9999 -9999 -9999 -9999 -9999 -9999 22.9982350921631 22.6324943161011 22.3537300491333 21.47924243927 18.3245778274536 14.7657721328735 10.4072850036621 7.53042526245117 6.36313099861145 5.63687243461609 5.21349275588989 4.92376582145691 4.68564707756043 4.59638157844543 4.53338412284851 4.5686905670166 4.61038136482239 4.68733701705933 4.76066408157349 4.82222557067871 4.85884199142456 4.85192690849304 4.82860217094421 4.78839220046997 4.75829923629761 4.73436943054199 4.70580472946167 4.67569504737854 4.65265619277954 4.63039889335632 4.58094993591309 4.53044772148132 4.47323791503906 4.4233736038208 4.39395719528198 4.37156165122986 4.36001643180847 4.35252120018005 4.34874298095703 4.31630477905273 4.26843433380127
-9999 -9999 -9999 -9999 -9999 -9999 -9999 22.8944398117065 22.8517407608032 22.6221815109253 21.932970123291 19.4844070053101 16.0693732643127 10.7419668197632 7.36617046356201 6.24222589492798 5.52994922637939 5.10038331031799 4.82394701957703 4.60663966178894 4.52497709274292 4.46725160598755 4.47499398231506 4.48520212173462 4.50401167869568 4.53025911331177 4.58062293052673 4.61837187767029 4.63410661697388 4.62706315994263 4.59658135414124 4.57382007598877 4.55576204299927 4.51600855827332 4.46902323722839 4.46722308158875 4.4714633846283 4.44729284286499 4.42091958045959 4.38051892280579 4.34478806495667 4.3220569896698 4.30543127059937 4.29824085235596 4.29099481582642 4.28369777679443 4.25777532577515 4.22182398796082
-9999 -9999 -9999 -9999 -9999 -9999 -9999 23.0023098373413 23.070696105957 22.923349609375 22.4725999832153 20.8605506896973 17.6386794281006 11.2314242744446 7.31426274299622 6.27027851104736 5.56942885398865 5.10422510147095 4.79991793632507 4.55773891448975 4.47442728042602 4.41915084838867 4.38825655937195 4.35519715309143 4.29964638710022 4.2647264957428 4.2967005443573 4.33261135101318 4.37539207458496 4.41216421127319 4.44275363922119 4.43503852844238 4.40398869514465 4.35513437271118 4.30034526824951 4.31490317344666 4.33891896247864 4.34534664154053 4.34706459999085 4.31879008293152 4.29084575653076 4.26382057189941 4.2458159160614 4.24175187110901 4.23326507568359 4.22071913719177 4.20293766021728 4.1823371219635
-9999 -9999 -9999 -9999 -9999 -9999 -9999 23.2427485275269 23.2261464691162 23.1093539047241 22.7378010177612 21.3911339950562 18.2253479003906 11.4600373077393 7.37791220664978 6.39176206588745 5.69831826210022 5.20588907241821 4.84501461029053 4.53493831634522 4.41991869926453 4.33932060241699 4.29240020751953 4.24582175254822 4.1959476852417 4.16241545677185 4.18186991691589 4.20491655349731 4.2342317199707 4.26484705924988 4.29680037498474 4.2958798789978 4.27493306159973 4.23920712471008 4.19855467796326 4.21373097419739 4.23657309532166 4.25242991447449 4.26458209991455 4.25314208030701 4.23901550292969 4.2174100112915 4.20313279151916 4.20018102645874 4.19292115211487 4.18170727729797 4.17035449028015 4.15892699241638
-9999 -9999 -9999 -9999 -9999 -9999 -9999 23.3141979980469 23.3684577560425 23.2715305709839 22.9462228393555 21.7467697525024 18.6087071990967 11.6346813011169 7.46547060966492 6.53257651329041 5.845706615448 5.32779260635376 4.9044135093689 4.51753781318665 4.36459100723267 4.25292552947998 4.19465718269348 4.14071466445923 4.11307713508606 4.09387512207031 4.10202459335327 4.10992568016052 4.11739347457886 4.13151270866394 4.15247624397278 4.15664319992065 4.15057783126831 4.13257937431335 4.11060321807861 4.12314131736755 4.14047533988953 4.16138138771057 4.18031458854675 4.18668320655823 4.18762221336365 4.17344617843628 4.16395297050476 4.1616968536377 4.1561743927002 4.14765416145325 4.142375831604 4.13884318351746
-9999 -9999 -9999 -9999 -9999 -9999 -9999 23.4869955062866 23.4756578063965 23.316485824585 22.9040212631226 21.5220603561401 18.3315676879883 11.5625003623962 7.5473796081543 6.7098811340332 6.03373126983643 5.46838665008545 4.9590007019043 4.47122245788574 4.29775440216064 4.17975247383118 4.14094501495361 4.10636046409607 4.09251505851746 4.08280114173889 4.08648313522339 4.0900156879425 4.0932874584198 4.0999439907074 4.1100834941864 4.11233311653137 4.1097762298584 4.1014855670929 4.09128364562988 4.09753661155701 4.10609025001526 4.11832534790039 4.12975967407227 4.13609489440918 4.13917420387268 4.1331899356842 4.12876176834106 4.12673848152161 4.12320294380188 4.11827940940857 4.1147399520874 4.11194571495056
-9999 -9999 -9999 -9999 -9999 -9999 -9999 23.5894149017334 23.5717850494385 23.3467770767212 22.8331925201416 21.2150595092773 17.9507991790771 11.4293174362183 7.59296970367432 6.85484565734863 6.19714071273804 5.59466327667236 5.00694535255432 4.42492661476135 4.23391121864319 4.1118959236145 4.09285949707031 4.077713098526 4.07619246482849 4.07500303268433 4.07488781929016 4.07487211227417 4.07503002166748 4.07522994995117 4.07547315597534 4.07567329406738 4.07584730148315 4.07608926773071 4.0763538646698 4.07670146942139 4.07708340644836 4.08063859939575 4.08443729400635 4.08978674888611 4.09411394119263 4.09559536933899 4.09581871032715 4.09409776687622 4.09248567581177 4.09097351074219 4.08889097213745 4.08650127410889
-9999 -9999 -9999 -9999 -9999 -9999 -9999 23.5893550872803 23.5665665054321 23.2766391372681 22.5767089080811 20.3074620437622 16.7801098060608 10.7633213424683 7.25384226799011 6.63740481376648 6.07856755256653 5.55928689956665 4.98633159637451 4.3926505279541 4.20749641418457 4.09443483352661 4.08376087188721 4.07614501953125 4.07532989501953 4.07469984054565 4.07467005729675 4.07470831871033 4.07486538887024 4.07502547264099 4.0751886177063 4.0752767086029 4.07531895637512 4.07538817405701 4.07546628952026 4.07570250511169 4.07596823692322 4.07730330467224 4.07882724761963 4.08155439376831 4.08378267288208 4.08462220191956 4.08495226860046 4.08449504852295 4.08401082992554 4.08350191116333 4.08193960189819 4.0798101234436
-9999 -9999 -9999 -9999 -9999 -9999 -9999 23.8600036239624 23.5323077774048 23.1792280197144 22.2790225982666 19.2846529769897 15.4816464614868 10.0785760688782 6.92953006744385 6.38127458572388 5.88877017021179 5.4345524597168 4.90342715263367 4.34260501861572 4.17657051086426 4.08020391464233 4.07648774147034 4.07495189666748 4.074679479599 4.07449032783508 4.07457119941711 4.07467992782593 4.07483742713928 4.07496544837952 4.07506328582764 4.07505549430847 4.07498341560364 4.07490879058838 4.07483344078064 4.07494630813599 4.07508195877075 4.07476775169373 4.07457387924194 4.07514640808105 4.07563908576965 4.07590927124023 4.07625840187073 4.07672945022583 4.07706372261047 4.07727246284485 4.07625901222229 4.07458751678467
-9999 -9999 -9999 -9999 -9999 -9999 24.1692580795288 23.7908193206787 23.3915673828125 22.9818137741089 21.8302569198608 17.839393081665 13.7146713638306 9.32508249282837 6.65954134941101 5.98328093528748 5.43781295776367 4.98216600418091 4.59211954116821 4.22740386009216 4.12910356521606 4.0778173828125 4.07590819358826 4.07513394355774 4.07480711936951 4.07462420463562 4.0749081993103 4.07514789581299 4.07531049728394 4.07543538093567 4.07552139282227 4.07547756195068 4.07535469055176 4.07524270057678 4.07513436317444 4.07508027076721 4.07503502845764 4.07516480445862 4.07529498100281 4.07542790412903 4.07551699638367 4.07548413276672 4.07553074836731 4.07570029258728 4.07571840286255 4.07559746742249 4.07523790359497 4.07474994659424
