Ecospace-environmental-drivers/Outputs/ASCII-for-ecospace/MOM6-ISIMIP3a/tob/2016_mo02_avg50y_tob_MOM6-ISIMIP3a.asc
NCOLS 131 
NROWS 53 
XLLCORNER -98 
YLLCORNER 23.9265270233154 
CELLSIZE 0.133587792515755 
NODATA_value -9999 
[rows 0 to 20 of 53, columns 48 to 95 of 131]
-9999 -9999 -9999 -9999 -9999 -9999 -9999 -9999 -9999 -9999 -9999 -9999 -9999 -9999 -9999 -9999 -9999 -9999 -9999 -9999 -9999 -9999 -9999 -9999 -9999 -9999 -9999 -9999 -9999 -9999 -9999 -9999 -9999 -9999 -9999 -9999 -9999 -9999 -9999 -9999 -9999 -9999 -9999 -9999 -9999 -9999 -9999 -9999
-9999 -9999 -9999 -9999 -9999 -9999 -9999 -9999 -9999 -9999 -9999 -9999 -9999 -9999 -9999 -9999 -9999 -9999 -9999 -9999 -9999 -9999 -9999 -9999 -9999 -9999 -9999 -9999 -9999 -9999 -9999 -9999 -9999 -9999 -9999 -9999 -9999 -9999 -9999 -9999 -9999 -9999 -9999 -9999 -9999 -9999 -9999 -9999
-9999 -9999 -9999 -9999 -9999 -9999 -9999 -9999 -9999 -9999 -9999 -9999 -9999 -9999 -9999 -9999 -9999 -9999 -9999 -9999 -9999 -9999 -9999 -9999 -9999 -9999 -9999 -9999 -9999 -9999 -9999 -9999 -9999 -9999 -9999 -9999 -9999 -9999 -9999 -9999 -9999 -9999 -9999 -9999 -9999 -9999 -9999 -9999
-9999 -9999 -9999 -9999 -9999 -9999 -9999 -9999 -9999 -9999 -9999 -9999 -9999 -9999 -9999 -9999 -9999 -9999 -9999 -9999 -9999 -9999 -9999 -9999 -9999 -9999 -9999 -9999 -9999 -9999 -9999 -9999 -9999 -9999 -9999 -9999 -9999 -9999 -9999 -9999 -9999 -9999 -9999 -9999 -9999 -9999 -9999 -9999
-9999 -9999 -9999 -9999 -9999 -9999 -9999 -9999 -9999 -9999 -9999 -9999 -9999 -9999 -9999 -9999 -9999 -9999 -9999 -9999 -9999 -9999 -9999 -9999 -9999 -9999 -9999 -9999 -9999 -9999 -9999 -9999 -9999 -9999 -9999 -9999 -9999 -9999 -9999 -9999 -9999 -9999 -9999 -9999 -9999 -9999 -9999 -9999
-9999 -9999 -9999 -9999 -9999 -9999 -9999 -9999 -9999 -9999 -9999 -9999 -9999 -9999 -9999 -9999 -9999 -9999 -9999 -9999 14.623775844574 15.2137135124207 15.6514330291748 15.7678079795837 15.6744973564148 15.3249080657959 14.9853466033936 14.6530896186829 14.5524919319153 14.5478323173523 14.9025588226318 15.3279320907593 15.9213474655151 16.5003847885132 16.8781741333008 17.1624297904968 17.1178155899048 16.9732224082947 16.6429570770264 16.2187073326111 15.6920583152771 15.2342430877686 14.8209667015076 -9999 -9999 -9999 -9999 -9999
-9999 -9999 -9999 -9999 -9999 -9999 -9999 -9999 -9999 -9999 -9999 -9999 -9999 -9999 -9999 -9999 -9999 -9999 -9999 14.5100003051758 14.623775844574 15.2137135124207 15.6514330291748 15.7678079795837 15.6744973564148 15.3249080657959 14.9853466033936 14.6530896186829 14.5524919319153 14.5478323173523 14.9025588226318 15.3279320907593 15.9213474655151 16.5003847885132 16.8781741333008 17.1624297904968 17.1178155899048 16.9732224082947 16.6429570770264 16.2187073326111 15.6920583152771 15.2342430877686 14.8209667015076 14.7117454528809 -9999 -9999 -9999 -9999
-9999 -9999 -9999 -9999 -9999 -9999 -9999 -9999 -9999 -9999 -9999 -9999 -9999 -9999 -9999 -9999 -9999 -9999 14.9401021957397 15.1976622772217 15.5486945152283 16.2909169960022 16.833374786377 16.9541136169434 16.8392593765259 16.4364617919922 16.0231800842285 15.6022619056702 15.4628078079224 15.4399176597595 15.822419052124 16.284610748291 16.7100979423523 17.1221265792847 17.4159587669373 17.6422276115417 17.6309394454956 17.5253339004517 17.2445712280273 16.8326887702942 16.2779470443726 15.8093428421021 15.3964738845825 15.3014234161377 15.3205381584167 -9999 -9999 -9999
-9999 -9999 -9999 -9999 -9999 -9999 -9999 -9999 -9999 -9999 -9999 -9999 -9999 -9999 -9999 -9999 -9999 15.5215612983704 15.0087364768982 15.7827373886108 16.5816395950317 17.4847568702698 18.1367835044861 18.2587377166748 18.1198483276367 17.6621542930603 17.1712579154968 16.6561773872375 16.4742635917664 16.4303252792358 16.8363839530945 17.3309007835388 17.543272857666 17.7458550262451 17.9548745727539 18.1276518249512 18.1729989242554 18.1252946090698 17.9047834396362 17.5129012298584 16.9343049430847 16.4561814498901 16.0430689048767 15.7017342758179 15.3861834144592 15.3878279685974 15.4392785263062 -9999
-9999 -9999 -9999 -9999 -9999 -9999 -9999 -9999 -9999 -9999 -9999 -9999 -9999 -9999 -9999 -9999 -9999 16.1417341041565 16.2488960266113 17.0200655937195 17.7932036781311 18.5745798301697 19.1046741294861 19.104291934967 18.9380526351929 18.5691017150879 18.1467220878601 17.6854256629944 17.4853361129761 17.3934215354919 17.5746581077576 17.8095896530151 16.9067689704895 16.0878540229797 16.5001992607117 16.991453742981 17.7601592636108 18.2661883163452 18.2843977355957 18.1253496551514 17.7731735610962 17.3694823265076 16.9324584197998 16.5160082054138 16.1069484710693 15.7688897132874 15.4419793891907 -9999
-9999 -9999 -9999 -9999 -9999 -9999 -9999 -9999 -9999 -9999 -9999 -9999 -9999 18.852506942749 18.7800574874878 19.2569022750854 19.8649921035767 18.6848783302307 17.5140312194824 18.2660797691345 18.9925434684753 19.6119308853149 19.9975723266602 19.889757232666 19.6971286010742 19.400839805603 19.0318060684204 18.6097859954834 18.3185911560059 18.0815754699707 17.8315202331543 17.5789019775391 15.8386479187012 14.2624552345276 14.8271257209778 15.5762247085571 16.9737833404541 18.0079751586914 18.3673548126221 18.5361851501465 18.4974052810669 18.2230990219116 17.7963959121704 17.32054895401 16.827048664093 16.2067880058289 15.5666234970093 15.7809441947937
14.219621181488 -9999 -9999 -9999 -9999 -9999 -9999 -9999 -9999 -9999 -9999 -9999 18.9016692733765 18.852506942749 18.7800574874878 19.2569022750854 19.8649921035767 19.3878535842896 18.9131309509277 19.5586837768555 20.1263138580322 20.3678308105469 20.4882244110107 20.3529177093506 20.1390510177612 19.8291682434082 19.4321073913574 18.9715476226807 18.1980648803711 17.2949899673462 15.5061799240112 13.5432555389404 12.4554133796692 11.5391653633118 11.9826082038879 12.6643258285522 14.1838291168213 15.6090294456482 16.8590988540649 17.8656065750122 18.6067459106445 18.7565812301636 18.5238147354126 18.0728826141357 17.5435820007324 16.9495471763611 16.3453478622437 16.1466471290588
14.5554023551941 14.8304347419739 14.889186706543 14.9297249794006 15.076225605011 15.2392770576477 15.4865192604065 15.9274882125855 16.8362301254272 17.8198963737488 18.9064235687256 19.3491004943848 19.2649969100952 19.200704498291 19.1457963180542 19.5361670303345 20.0329300308228 20.0325616836548 20.0293542480469 20.4819058609009 20.8121745300293 20.6306776428223 20.3331578826904 19.7907056808472 19.217186164856 18.6056962966919 17.9962717056274 17.3883517074585 16.3145813560486 15.0478867530823 12.603370513916 9.92732276916504 9.52391660690308 9.27704467773438 9.73715244293213 10.4403179740906 11.9980864906311 13.6302096176147 15.4004175758362 16.9475399017334 18.2516023635864 18.8582492828369 19.0136351394653 18.7237364578247 18.2738846588135 17.7259564208984 17.1626283454895 16.6840271377563
14.8040411376953 14.851560382843 14.889186706543 14.9297249794006 15.076225605011 15.2392770576477 15.4865192604065 15.9274882125855 16.8362301254272 17.8198963737488 18.9064235687256 19.6950286102295 20.2398823165894 20.4194138717651 20.4259008026123 20.513607749939 20.6207209396362 20.5315979385376 20.4383729171753 20.4816554641724 20.3782378768921 19.6608664321899 18.5637618637085 16.6650099563599 14.8857824707031 13.2526383018494 11.9699989891052 10.9426620101929 10.0236146354675 9.14941360473633 8.25685873985291 7.36069603919983 7.72178749084473 8.16787030220032 8.98938180923462 9.93607332229614 11.3229035377502 12.7017258071899 14.065676612854 15.4107396125793 16.7352240180969 17.8803593826294 18.9094473648071 19.1208850479126 19.0386102676392 18.5864920806885 18.0763014984131 17.6506080436707
15.3819186592102 15.2637868118286 15.2588748550415 15.2713437461853 15.4401755523682 15.6301028442383 15.9273392677307 16.4082382774353 17.3326098251343 18.281711139679 19.2647633361816 20.1238875961304 20.8816170501709 21.1623091888428 21.2170390701294 21.1428490447998 21.0378559112549 20.6571305084229 20.2295352554321 19.3954640960693 18.4665137863159 17.1404851913452 15.4763363647461 13.0983888435364 10.9387240600586 9.04584600448608 7.63754674911499 6.58220748901367 5.90838871002197 5.39257074356079 5.4671396446228 5.65776443481445 6.53542639732361 7.45041444778442 8.48148454666138 9.56009855270386 10.8058799934387 12.0024455451965 13.1076119422913 14.2761486625671 15.5137294769287 16.9207501602173 18.437406578064 19.1172817230225 19.4965724563599 19.238620300293 18.8806090164185 18.5250979995728
16.4252793884277 16.2289579200745 16.1512344932556 16.095948638916 16.3186840438843 16.5734848403931 16.9913980865478 17.5686810493469 18.5307793045044 19.3964472961426 20.1297298049927 20.6699951171875 21.0523384857178 21.232490234375 21.3168677520752 21.2797996520996 21.2137141418457 20.254596824646 19.1471628952026 16.7739513778687 14.4654685401917 12.4278816986084 10.5254593849182 8.90837980270386 7.53505975723267 6.45966387748718 5.69984727859497 5.16989379882812 4.86926248550415 4.66360144615173 4.87844047546387 5.17593974113464 6.21964872360229 7.28677668571472 8.31272399902344 9.36547428131104 10.5124649810791 11.6272172355652 12.6820993041992 13.7102081871033 14.7091465759277 15.9869863891602 17.4452885055542 18.5470883560181 19.5208268356323 19.5960980606079 19.5302928161621 19.2693878173828
17.57076795578 17.4161351013184 17.2864009857178 17.1720764732361 17.4049775695801 17.6706338119507 18.1029124069214 18.6446334075928 19.4506146621704 20.1334299087524 20.6471541595459 20.6896712112427 20.3466590881348 20.1523951339722 20.0285896682739 20.0153470993042 20.0285217285156 18.3323014068604 16.4518893623352 13.5998203659058 10.9285907745361 9.01419170379639 7.38779088020325 6.3693772315979 5.56371599197388 5.0180818271637 4.65754487991333 4.43182991981506 4.3319712638855 4.28423409461975 4.56860014915466 4.91824976921082 5.98947582244873 7.07371726989746 8.02406030654907 8.99111494064331 10.0169284820557 11.0431925201416 12.0702934455872 13.0440986824036 13.9598364830017 15.1096159934998 16.4108318328857 17.7547685623169 19.114051361084 19.5671234130859 19.877903137207 19.7435566711426
18.8022602844238 18.790267829895 18.6260395812988 18.4600168037415 18.6662505722046 18.8972727775574 19.2543900680542 19.649434967041 20.1360600280762 20.5522986221313 20.8719065093994 20.2660293960571 18.9029460144043 18.1036308670044 17.5713603210449 17.57074634552 17.6971627426147 15.1301859283447 12.398360710144 9.96031896591187 7.78259724617004 6.69434131622314 5.77705971717834 5.22071844100952 4.798556432724 4.54038908958435 4.36927334785461 4.26156454086304 4.21728472709656 4.19927302360535 4.49359208106995 4.84930798530579 5.83139224052429 6.81903898239136 7.63442381858826 8.46539739608765 9.35118169784546 10.2833365249634 11.3016065979004 12.2936350250244 13.25707239151 14.2797356414795 15.3407205581665 16.775391998291 18.3442972946167 19.2127097320557 19.9711315536499 19.9902515792847
19.5823724365234 19.6231785964966 19.5133804321289 19.3982191848755 19.5544722366333 19.7281095123291 19.9901776123047 20.260315246582 20.5499374771118 20.7905810165405 20.963982963562 19.6827067184448 17.2112524414062 15.4703818511963 14.0755729484558 13.9070309829712 14.0314854812622 11.9550560951233 9.75136312484741 7.89603264808655 6.26516631126404 5.57370478630066 5.0048998260498 4.69503249168396 4.46360927581787 4.32806088447571 4.2402273273468 4.18714853286743 4.16563021659851 4.15718218803406 4.37713003158569 4.64197498321533 5.40666563034058 6.1781942653656 6.83569337844849 7.54066826820373 8.41257026672363 9.29459268569946 10.1954097747803 11.1032071495056 12.0186097717285 12.9760665130615 13.9607341003418 15.3173696899414 16.8076215553284 17.9772100067139 19.0964482498169 19.6430865859985
20.1415925598145 20.1912319564819 20.1793803024292 20.1652702713013 20.2601337432861 20.3652524185181 20.5225386810303 20.678422164917 20.8309178924561 20.9404894256592 20.9911320114136 19.0212409973145 15.3982045936584 12.5511034011841 10.0715456581116 9.64671710968017 9.71283222198486 8.79313226699829 7.79268008232117 6.60261004447937 5.5447057056427 5.0399280166626 4.64311188697815 4.4742111492157 4.33919544219971 4.24559423446655 4.18910165786743 4.15963837623596 4.14482179641724 4.13607078552246 4.24038154602051 4.3669174861908 4.85145176887512 5.34837105751038 5.8367644405365 6.42067468643188 7.34042700767517 8.19383792877197 8.92404567718506 9.69747365951538 10.5179919815063 11.4405391693115 12.4291040420532 13.6251120948791 14.8956369972229 16.3105329704285 17.7480977249146 19.00530418396
20.5385740280151 20.5688712310791 20.5827138519287 20.5904627990723 20.4791646575928 20.3689715576172 20.2643992996216 19.9962969207764 19.3333346176147 18.8097370147705 18.4774687957764 16.5992977142334 13.4563106536865 10.8913081741333 8.60008434295654 7.96136364936829 7.71748148918152 7.23387139320374 6.71209466934204 5.87451356887817 5.12792116165161 4.76212585449219 4.47803454399109 4.36642719268799 4.275143699646 4.2087001991272 4.16679268836975 4.14275700569153 4.13010437011719 4.12216590881348 4.16799055099487 4.22438380241394 4.48441710472107 4.7543306350708 5.04709137916565 5.42753161430359 6.11625703811645 6.76130646705627 7.32524476051331 7.99711943626404 8.78659467697144 9.63424596786499 10.5195398902893 11.5563594055176 12.6476092147827 14.0368334197998 15.4728452110291 17.0765967178345
