Ecospace-environmental-drivers/Outputs/ASCII-for-ecospace/MOM6-ISIMIP3a/tos/1980-12_tos_MOM6-ISIMIP3a.asc
NCOLS 131 
NROWS 53 
XLLCORNER -98 
YLLCORNER 23.9265270233154 
CELLSIZE 0.133587792515755 
NODATA_value -9999 
[rows 21 to 41 of 53, columns 0 to 46 of 131]
-9999 -9999 -9999 -9999 -9999 -9999 18.9790477752686 18.9628715515137 18.9254951477051 18.8429546356201 18.7168922424316 18.2838249206543 18.4728412628174 19.0358657836914 19.5456123352051 19.9938850402832 20.3712348937988 20.699878692627 20.9659805297852 21.207935333252 21.3706588745117 21.519401550293 21.6215877532959 21.7101173400879 21.6933422088623 21.7025318145752 21.7958984375 21.9084072113037 22.0543212890625 22.1807060241699 22.2869987487793 22.3452320098877 22.3741855621338 22.4142971038818 22.4581279754639 22.5005435943604 22.5428352355957 22.5951194763184 22.6482219696045 22.7065486907959 22.7595233917236 22.7976016998291 22.8244171142578 22.8338241577148 22.852725982666 22.8803443908691 22.9148902893066
-9999 -9999 -9999 -9999 -9999 -9999 18.9860076904297 18.9790477752686 18.9466972351074 18.9332809448242 18.8429546356201 19.0238971710205 19.3454513549805 19.9452323913574 20.456750869751 20.8664264678955 21.2360801696777 21.5782489776611 21.8383636474609 22.0667953491211 22.2086753845215 22.3352813720703 22.4203472137451 22.4921741485596 22.4612445831299 22.4454917907715 22.4789371490479 22.5254344940186 22.594705581665 22.6583404541016 22.7161769866943 22.7480487823486 22.7641048431396 22.7927494049072 22.8255882263184 22.8529872894287 22.879695892334 22.9149837493896 22.9507141113281 22.9892501831055 23.0252380371094 23.0541305541992 23.0738353729248 23.0793361663818 23.0909996032715 23.1083221435547 23.136194229126
-9999 -9999 -9999 -9999 18.8712978363037 18.9628143310547 18.984130859375 18.9948425292969 18.9790477752686 18.9143466949463 18.9967765808105 19.642370223999 20.2733497619629 20.8754138946533 21.3687591552734 21.7366619110107 22.0901470184326 22.4337310791016 22.6801242828369 22.888988494873 23.0060615539551 23.1069374084473 23.174201965332 23.2294826507568 23.1910419464111 23.156042098999 23.1322021484375 23.1144237518311 23.1072196960449 23.107816696167 23.1164379119873 23.1216945648193 23.1249027252197 23.1420860290527 23.1639289855957 23.1775798797607 23.1901550292969 23.210262298584 23.2302837371826 23.2497501373291 23.269495010376 23.290018081665 23.3032417297363 23.3051815032959 23.3098239898682 23.3169460296631 23.3371810913086
-9999 -9999 -9999 -9999 18.6527671813965 18.88547706604 18.941499710083 18.984130859375 19.0213508605957 19.4950637817383 19.9967231750488 20.6053524017334 21.2116413116455 21.813304901123 22.2804679870605 22.5924415588379 22.8453044891357 23.0575771331787 23.2018051147461 23.3197593688965 23.38210105896 23.4346294403076 23.4651794433594 23.4888782501221 23.4594802856445 23.4292774200439 23.3964595794678 23.3672580718994 23.344367980957 23.3295822143555 23.3231353759766 23.3216323852539 23.3231430053711 23.3324928283691 23.3444557189941 23.3545665740967 23.3644733428955 23.3817348480225 23.3988132476807 23.4147243499756 23.4321727752686 23.4539070129395 23.4706287384033 23.479606628418 23.4889984130859 23.4987678527832 23.5162906646729
-9999 -9999 -9999 -9999 -9999 18.6527671813965 18.9635124206543 18.898868560791 19.2090530395508 20.11887550354 20.9592037200928 21.5335292816162 22.1066036224365 22.6772022247314 23.098331451416 23.3469944000244 23.5068759918213 23.6057891845703 23.6633358001709 23.7049083709717 23.7211208343506 23.7328586578369 23.7314548492432 23.7274398803711 23.7040615081787 23.6765232086182 23.635498046875 23.5961437225342 23.559700012207 23.5314674377441 23.511682510376 23.5041828155518 23.5041694641113 23.5078315734863 23.5127182006836 23.5208511352539 23.5294818878174 23.544713973999 23.5596408843994 23.5726222991943 23.5881614685059 23.6108226776123 23.6301898956299 23.6444644927979 23.6583003997803 23.6717338562012 23.6887168884277
-9999 -9999 -9999 -9999 -9999 18.7740478515625 18.6527671813965 19.3182792663574 20.0342845916748 20.9316463470459 21.7574062347412 22.3090972900391 22.8115730285645 23.2166652679443 23.504711151123 23.6577014923096 23.758092880249 23.8223648071289 23.8611145019531 23.8900089263916 23.8978157043457 23.9019031524658 23.8894119262695 23.8746547698975 23.8440265655518 23.8098106384277 23.7639656066895 23.7200164794922 23.6793727874756 23.6461753845215 23.6206398010254 23.6104927062988 23.6097202301025 23.6170997619629 23.627197265625 23.6402225494385 23.6536750793457 23.6704597473145 23.6867008209229 23.6994876861572 23.7148056030273 23.7371711730957 23.7554378509521 23.767370223999 23.7843227386475 23.8058815002441 23.8318405151367
-9999 -9999 19.0143527984619 18.9920234680176 18.9758186340332 18.895471572876 18.7739028930664 19.7452011108398 20.7628307342529 21.649263381958 22.4555034637451 22.9548015594482 23.3735027313232 23.6327266693115 23.8090972900391 23.8898677825928 23.9471397399902 23.9882736206055 24.0152263641357 24.0367050170898 24.039831161499 24.0397186279297 24.0208320617676 23.9998760223389 23.9650917053223 23.9274635314941 23.8806056976318 23.8349723815918 23.7914791107178 23.7546558380127 23.7246990203857 23.7121238708496 23.7101345062256 23.7202987670898 23.7345142364502 23.7527732849121 23.7715892791748 23.7898368835449 23.8074321746826 23.8208637237549 23.837085723877 23.8610649108887 23.8806343078613 23.8933868408203 23.9137096405029 23.9409809112549 23.9726982116699
-9999.000000000000000 -9999 -9999 -9999 19.1047821044922 19.0561637878418 19.130220413208 20.1885089874268 21.2804260253906 22.1592674255371 22.9351863861084 23.3171577453613 23.6233386993408 23.7795448303223 23.8909549713135 23.9506740570068 24.0005378723145 24.0436344146729 24.0740661621094 24.099609375 24.1061782836914 24.1093978881836 24.0943508148193 24.0771102905273 24.0449256896973 24.0110034942627 23.9714412689209 23.9304809570312 23.8870792388916 23.8495559692383 23.818078994751 23.8035488128662 23.7993431091309 23.8102550506592 23.8262023925781 23.8504524230957 23.8758068084717 23.8953227996826 23.9143486022949 23.9302673339844 23.9498443603516 23.979606628418 24.0057201385498 24.0261898040771 24.0504379272461 24.0781574249268 24.1086139678955
-9999 -9999 -9999 -9999 19.2655754089355 19.3627109527588 19.3536262512207 20.4450359344482 21.5745296478271 22.4713954925537 23.2453765869141 23.548999786377 23.7823905944824 23.8768062591553 23.9506587982178 24.0007801055908 24.0480861663818 24.0934562683105 24.1262531280518 24.1541938781738 24.1632118225098 24.1688919067383 24.1576728820801 24.1441993713379 24.1150360107422 24.0842628479004 24.0482711791992 24.0093460083008 23.9652996063232 23.9271335601807 23.8950157165527 23.8805847167969 23.876932144165 23.8924674987793 23.9144020080566 23.9447326660156 23.976167678833 23.9994773864746 24.0223121643066 24.0421199798584 24.066577911377 24.1039810180664 24.1381359100342 24.1672706604004 24.1960372924805 24.2244625091553 24.2539176940918
-9999 -9999 -9999 -9999 19.3702812194824 19.3778514862061 19.3872013092041 20.4665775299072 21.5874557495117 22.5345802307129 23.3423328399658 23.616641998291 23.8272285461426 23.9117240905762 23.982494354248 24.037425994873 24.0882701873779 24.1363067626953 24.1700649261475 24.1983108520508 24.2085304260254 24.2155685424805 24.2081623077393 24.1985244750977 24.1729125976562 24.1445922851562 24.1074829101562 24.0672760009766 24.021656036377 23.9829196929932 23.951265335083 23.9395179748535 23.9398975372314 23.9649410247803 23.9982070922852 24.0347385406494 24.0716743469238 24.1019592285156 24.131591796875 24.1570568084717 24.1883125305176 24.235689163208 24.2797737121582 24.3187694549561 24.3527927398682 24.3822555541992 24.4110336303711
-9999 -9999 -9999 -9999 19.3778514862061 19.3891677856445 19.4024524688721 20.4533348083496 21.5502014160156 22.5377044677734 23.3784961700439 23.6577415466309 23.8689613342285 23.9455718994141 24.013843536377 24.0724906921387 24.125244140625 24.1739521026611 24.2066135406494 24.233081817627 24.2431373596191 24.2502975463867 24.2444267272949 24.2365760803223 24.2146034240723 24.1891860961914 24.1525974273682 24.1125259399414 24.0663719177246 24.0271492004395 23.9950580596924 23.9901275634766 24.0017471313477 24.0391426086426 24.0851306915283 24.1277256011963 24.1698207855225 24.2072238922119 24.2441349029541 24.2778987884521 24.3169689178467 24.3708095550537 24.421724319458 24.4681148529053 24.5060520172119 24.5362339019775 24.5651111602783
-9999 -9999 -9999 -9999 19.3898239135742 19.4024524688721 20.4246845245361 20.4140014648438 21.4753093719482 22.4957828521729 23.3690605163574 23.67893409729 23.9083652496338 23.9786186218262 24.0448265075684 24.1063690185547 24.1598110198975 24.207691192627 24.2377147674561 24.2608413696289 24.2697105407715 24.2760639190674 24.27001953125 24.2624244689941 24.2441539764404 24.2219791412354 24.1871376037598 24.148265838623 24.1023578643799 24.0627098083496 24.029504776001 24.0344982147217 24.0627593994141 24.1146392822266 24.1743907928467 24.2229518890381 24.269947052002 24.3145771026611 24.3591270446777 24.403169631958 24.4508152008057 24.508487701416 24.563907623291 24.6158447265625 24.6566886901855 24.687349319458 24.7169094085693
-9999 -9999 -9999 -9999 19.4024524688721 20.6053485870361 21.1024684906006 21.4289512634277 21.4995555877686 22.5014553070068 23.3632736206055 23.6889247894287 23.9310169219971 24.0077648162842 24.0778656005859 24.1402950286865 24.1918830871582 24.2360248565674 24.2622299194336 24.2815113067627 24.28932762146 24.2951202392578 24.2889938354492 24.2815189361572 24.265007019043 24.2444286346436 24.2106590270996 24.1725616455078 24.1269130706787 24.0910720825195 24.0653247833252 24.0825119018555 24.1258563995361 24.1872520446777 24.2546653747559 24.3080101013184 24.359395980835 24.4085350036621 24.4583625793457 24.5125789642334 24.5677547454834 24.6256046295166 24.6820297241211 24.7362537384033 24.7777233123779 24.8074893951416 24.8369216918945
-9999 -9999 -9999 -9999 -9999 21.3840866088867 21.4917888641357 21.4644508361816 21.5662937164307 22.5275230407715 23.3590488433838 23.69411277771 23.9464874267578 24.0352401733398 24.1117839813232 24.1742420196533 24.2228851318359 24.2620429992676 24.2839260101318 24.2991390228271 24.3059616088867 24.3113021850586 24.3051300048828 24.297721862793 24.282133102417 24.2624435424805 24.229455947876 24.1919536590576 24.1465702056885 24.1163501739502 24.1017322540283 24.1320896148682 24.1898460388184 24.2586288452148 24.3310852050781 24.3887138366699 24.4442710876465 24.4967517852783 24.5508441925049 24.6151885986328 24.6774482727051 24.7339096069336 24.7898406982422 24.84494972229 24.8860702514648 24.9143524169922 24.9433078765869
-9999 -9999 -9999 -9999 -9999 21.5545825958252 21.5580024719238 21.5819664001465 21.6509532928467 22.5893173217773 23.3994598388672 23.7188243865967 23.9641418457031 24.0629367828369 24.1432991027832 24.2023887634277 24.2459545135498 24.2788600921631 24.2976303100586 24.310941696167 24.3169441223145 24.3216590881348 24.31467628479 24.3067054748535 24.2926425933838 24.2736434936523 24.2386379241943 24.2009181976318 24.1584663391113 24.1376609802246 24.1391277313232 24.180383682251 24.2458782196045 24.3173809051514 24.3908882141113 24.4537925720215 24.515193939209 24.5712413787842 24.6281032562256 24.6901435852051 24.7508697509766 24.8079433441162 24.8641357421875 24.918966293335 24.9608497619629 24.9908485412598 25.0187492370605
-9999 -9999 -9999 -9999 -9999 21.6164207458496 21.6139545440674 21.6275901794434 21.7393226623535 22.6585006713867 23.449104309082 23.7475738525391 23.9822463989258 24.0906810760498 24.1743144989014 24.2293338775635 24.2673816680908 24.2937717437744 24.3096790313721 24.3215370178223 24.3267593383789 24.3308086395264 24.3228588104248 24.3141956329346 24.3017845153809 24.2834358215332 24.24582862854 24.2077255249023 24.1687564849854 24.1581497192383 24.1767311096191 24.2284145355225 24.3002643585205 24.3735218048096 24.4472503662109 24.5156364440918 24.5832271575928 24.6428909301758 24.7022151947021 24.7593784332275 24.8167877197266 24.874885559082 24.9314956665039 24.9858074188232 25.0286827087402 25.0610637664795 25.0877895355225
-9999 -9999 -9999 -9999 -9999 -9999 21.6773071289062 21.6323051452637 21.7058181762695 22.6469097137451 23.4578666687012 23.770715713501 24.0152492523193 24.124605178833 24.2043170928955 24.2498245239258 24.2801399230957 24.3000240325928 24.3133678436279 24.3241863250732 24.3291206359863 24.3330173492432 24.3266983032227 24.3192195892334 24.30393409729 24.2826404571533 24.2418613433838 24.2062911987305 24.1798114776611 24.1824798583984 24.215145111084 24.2715854644775 24.34250831604 24.4146385192871 24.4871711730957 24.5585784912109 24.6297740936279 24.6929779052734 24.7552299499512 24.8114166259766 24.8673820495605 24.9227313995361 24.977087020874 25.0299110412598 25.0717735290527 25.1035766601562 25.1294536590576
-9999 -9999 -9999 -9999 -9999 -9999 21.7850131988525 21.7720260620117 21.6995639801025 22.6521911621094 23.4746036529541 23.7986145019531 24.050256729126 24.1587047576904 24.2334365844727 24.26926612854 24.2918472290039 24.3053340911865 24.3160247802734 24.3256359100342 24.3302669525146 24.3340187072754 24.3291969299316 24.3227214813232 24.3040027618408 24.279655456543 24.2370491027832 24.2051410675049 24.1919059753418 24.2078533172607 24.2538299560547 24.3143901824951 24.3838310241699 24.4546070098877 24.5258255004883 24.5997314453125 24.6739540100098 24.7406578063965 24.8058738708496 24.8616027832031 24.9165134429932 24.9691467285156 25.0210723876953 25.0719089508057 25.1123962402344 25.1433849334717 25.1684303283691
-9999 -9999 -9999 -9999 -9999 -9999 21.9363327026367 21.9507064819336 22.04221534729 22.8760318756104 23.5959587097168 23.8799629211426 24.0995616912842 24.1917285919189 24.2536277770996 24.2806053161621 24.2964763641357 24.3047161102295 24.3116493225098 24.318078994751 24.32200050354 24.3254814147949 24.3194885253906 24.3111743927002 24.285228729248 24.2583713531494 24.2285614013672 24.2109756469727 24.2147274017334 24.2425079345703 24.295015335083 24.3556022644043 24.4211120605469 24.4894981384277 24.5588417053223 24.6308193206787 24.7031421661377 24.7729663848877 24.8413124084473 24.9002361297607 24.9573516845703 25.0094318389893 25.0583362579346 25.102331161499 25.1385269165039 25.1675643920898 25.1918201446533
-9999 -9999 -9999 -9999 -9999 21.7825450897217 22.0520057678223 22.0862636566162 22.4350891113281 23.125415802002 23.7223281860352 23.96169090271 24.1461429595947 24.2219409942627 24.2714004516602 24.290470123291 24.3001728057861 24.3034420013428 24.3063182830811 24.3090438842773 24.3113632202148 24.3136100769043 24.306324005127 24.2964611053467 24.26686668396 24.2402248382568 24.2231578826904 24.2195320129395 24.2393608093262 24.2775955200195 24.3347663879395 24.3950347900391 24.4571914672852 24.5239200592041 24.5921726226807 24.6623020172119 24.7326965332031 24.8041954040527 24.87428855896 24.9354228973389 24.9939289093018 25.0451145172119 25.0910720825195 25.1289463043213 25.1612586975098 25.1884632110596 25.2121677398682
-9999 -9999 -9999 -9999 21.1291236877441 21.6278896331787 21.7825450897217 22.3885097503662 23.0121059417725 23.4684505462646 23.8670825958252 24.0448207855225 24.1827354431152 24.241849899292 24.2803039550781 24.2949237823486 24.3004589080811 24.2997550964355 24.2974796295166 24.2945976257324 24.292028427124 24.289514541626 24.2804851531982 24.2701416015625 24.2500247955322 24.233585357666 24.2290725708008 24.2380714416504 24.2706432342529 24.314266204834 24.3692588806152 24.427942276001 24.4888763427734 24.5566291809082 24.6266555786133 24.6952285766602 24.763599395752 24.8314647674561 24.898229598999 24.9579753875732 25.0148868560791 25.0639171600342 25.1072044372559 25.1416130065918 25.1715316772461 25.1973285675049 25.2213573455811
