Ecospace-environmental-drivers/Outputs/ASCII-for-ecospace/MOM6-ISIMIP3a/tos/1980-09_tos_MOM6-ISIMIP3a.asc
NCOLS 131 
NROWS 53 
XLLCORNER -98 
YLLCORNER 23.9265270233154 
CELLSIZE 0.133587792515755 
NODATA_value -9999 
[rows 0 to 20 of 53, columns 47 to 93 of 131]
-9999 -9999 -9999 -9999 -9999 -9999 -9999 -9999 -9999 -9999 -9999 -9999 -9999 -9999 -9999 -9999 -9999 -9999 -9999 -9999 -9999 -9999 -9999 -9999 -9999 -9999 -9999 -9999 -9999 -9999 -9999 -9999 -9999 -9999 -9999 -9999 -9999 -9999 -9999 -9999 -9999 -9999 -9999 -9999 -9999 -9999 -9999
-9999 -9999 -9999 -9999 -9999 -9999 -9999 -9999 -9999 -9999 -9999 -9999 -9999 -9999 -9999 -9999 -9999 -9999 -9999 -9999 -9999 -9999 -9999 -9999 -9999 -9999 -9999 -9999 -9999 -9999 -9999 -9999 -9999 -9999 -9999 -9999 -9999 -9999 -9999 -9999 -9999 -9999 -9999 -9999 -9999 -9999 -9999
-9999 -9999 -9999 -9999 -9999 -9999 -9999 -9999 -9999 -9999 -9999 -9999 -9999 -9999 -9999 -9999 -9999 -9999 -9999 -9999 -9999 -9999 -9999 -9999 -9999 -9999 -9999 29.1803016662598 29.2263717651367 -9999 -9999 -9999 -9999 -9999 -9999 -9999 -9999 -9999 -9999 -9999 -9999 -9999 -9999 -9999 -9999 -9999 -9999
-9999 -9999 -9999 -9999 -9999 -9999 -9999 -9999 -9999 -9999 -9999 -9999 -9999 -9999 -9999 -9999 -9999 -9999 -9999 -9999 -9999 -9999 -9999 -9999 -9999 -9999 -9999 29.181812286377 29.2287902832031 -9999 -9999 -9999 -9999 -9999 -9999 -9999 -9999 -9999 -9999 -9999 -9999 -9999 -9999 -9999 -9999 -9999 -9999
-9999 -9999 -9999 -9999 -9999 -9999 -9999 -9999 -9999 -9999 -9999 -9999 -9999 -9999 -9999 -9999 -9999 -9999 29.0848007202148 29.0785655975342 29.0735778808594 29.0444831848145 29.0255870819092 29.009334564209 29.028284072876 29.076473236084 29.1301612854004 29.184268951416 29.2310047149658 29.2710990905762 -9999 -9999 29.3428630828857 29.3413028717041 29.3284530639648 29.3184490203857 29.3172264099121 29.322603225708 29.3318099975586 29.3478832244873 29.3808937072754 29.4593696594238 -9999 -9999 -9999 -9999 -9999
-9999 -9999 -9999 -9999 -9999 -9999 -9999 -9999 -9999 -9999 -9999 -9999 -9999 -9999 29.1687831878662 -9999 29.1567707061768 29.1467151641846 29.1110897064209 29.0848007202148 29.0773181915283 29.0735778808594 29.0153865814209 28.9877986907959 29.0248165130615 29.0722370147705 29.1323680877686 29.1858768463135 29.2345638275146 29.2725734710693 29.3061599731445 29.3315811157227 29.3553981781006 29.341609954834 29.3269023895264 29.3168487548828 29.311595916748 29.3232345581055 29.3329811096191 29.3392162322998 29.3714504241943 29.4320125579834 29.5746459960938 29.7703819274902 -9999 -9999 -9999
-9999 -9999 -9999 -9999 -9999 -9999 -9999 -9999 -9999 -9999 29.6024875640869 29.6005973815918 29.5979518890381 29.5875511169434 29.372013092041 29.1698398590088 29.167724609375 29.1558723449707 29.1467151641846 29.1017551422119 29.0848007202148 29.0735778808594 29.0153865814209 28.9877986907959 29.0248165130615 29.0722370147705 29.1323680877686 29.1858768463135 29.2345638275146 29.2725734710693 29.3061599731445 29.3315811157227 29.3553981781006 29.341609954834 29.3269023895264 29.3168487548828 29.311595916748 29.3232345581055 29.3329811096191 29.3392162322998 29.3714504241943 29.4320125579834 29.5746459960938 29.7703819274902 29.8221111297607 29.8906059265137 -9999
-9999 -9999 -9999 -9999 -9999 -9999 -9999 -9999 -9999 -9999 29.612621307373 29.6024875640869 29.5987071990967 -9999 29.5712890625 29.3585567474365 29.1719551086426 29.167724609375 29.1531753540039 29.1467151641846 29.073751449585 29.0036525726318 28.9455375671387 28.9177646636963 28.9540519714355 28.9983177185059 29.0523319244385 29.1005039215088 29.1444187164307 29.1891231536865 29.2341537475586 29.269344329834 29.3026008605957 29.3077564239502 29.3118629455566 29.3158760070801 29.3221225738525 29.3362159729004 29.3475704193115 29.3538303375244 29.3765659332275 29.4172496795654 29.5212993621826 29.6663455963135 29.835765838623 30.0139408111572 30.0573234558105
-9999 -9999 -9999 -9999 -9999 -9999 -9999 -9999 -9999 -9999 -9999 -9999 -9999 -9999 29.5805644989014 29.5383720397949 29.3341617584229 29.1761875152588 29.167724609375 29.1450862884521 29.0317554473877 28.9290676116943 28.8709163665771 28.842845916748 28.8782844543457 28.9191570281982 28.9666709899902 29.0093612670898 29.0485401153564 29.1005477905273 29.1578693389893 29.2033004760742 29.2463970184326 29.271821975708 29.2960643768311 29.3151435852051 29.3336715698242 29.3502731323242 29.3632965087891 29.3696727752686 29.3822078704834 29.4014568328857 29.4634914398193 29.5532150268555 29.7563800811768 30.0002956390381 30.0803604125977
29.9400825500488 -9999 -9999 -9999 -9999 -9999 -9999 -9999 -9999 -9999 29.7271766662598 29.6230068206787 -9999 -9999 -9999 29.5518398284912 29.4759082794189 29.2991504669189 29.1846504211426 29.1788692474365 29.0644931793213 28.9601745605469 28.8979434967041 28.8664360046387 28.8997917175293 28.9411067962646 28.9921474456787 29.0446834564209 29.0983066558838 29.1530017852783 29.2081432342529 29.242977142334 29.2738208770752 29.2929954528809 29.311372756958 29.3262023925781 29.3402996063232 29.3518180847168 29.3625984191895 29.3720092773438 29.386438369751 29.4063415527344 29.4556102752686 29.5238819122314 29.6701488494873 29.8444328308105 29.9913959503174
30.0315437316895 30.0450458526611 -9999 -9999 -9999 -9999 -9999 -9999 -9999 -9999 29.7549858093262 29.6448364257812 29.6230068206787 -9999 -9999 29.5722484588623 29.4807834625244 29.3746910095215 29.2879028320312 29.2007102966309 29.0883083343506 28.9854373931885 28.9224548339844 28.8896255493164 28.9204521179199 28.961633682251 29.0154762268066 29.075252532959 29.1393508911133 29.1964302062988 29.2506008148193 29.276891708374 29.2977027893066 29.3112239837646 29.3241577148438 29.3339672088623 29.3430309295654 29.349458694458 29.3579864501953 29.3704109191895 29.3859729766846 29.4049549102783 29.4412136077881 29.4886493682861 29.5823497772217 29.6926670074463 29.88498878479
30.0315437316895 30.0720481872559 30.064998626709 30.0981922149658 -9999 -9999 -9999 -9999 -9999 -9999 -9999 29.6274948120117 29.5853729248047 29.6230068206787 29.6024875640869 29.5722484588623 29.4807834625244 29.3746910095215 29.2662181854248 29.1585063934326 29.0642681121826 28.9793548583984 28.9334716796875 28.9106636047363 28.9365673065186 28.9745445251465 29.0272769927979 29.0803318023682 29.1336212158203 29.1914386749268 29.2511310577393 29.2798957824707 29.3025798797607 29.3136711120605 29.3234043121338 29.3240661621094 29.3248653411865 29.3261528015137 29.3323631286621 29.3477115631104 29.3603172302246 29.3699321746826 29.3918685913086 29.4217758178711 29.486141204834 29.5628833770752 29.6850414276123
30.0021286010742 30.0429248809814 30.0478477478027 30.0971717834473 -9999 -9999 -9999 -9999 30.0457534790039 29.8934783935547 29.7427558898926 29.5941677093506 29.5455627441406 29.5787582397461 29.5681819915771 29.5368709564209 29.4526271820068 29.3557395935059 29.2401885986328 29.1257343292236 29.0458564758301 28.9752521514893 28.9434547424316 28.928674697876 28.9498138427734 28.9837951660156 29.0334739685059 29.0803680419922 29.1252346038818 29.1807136535645 29.2405872344971 29.2729892730713 29.299991607666 29.3112716674805 29.3205127716064 29.3155307769775 29.3107738494873 29.3068027496338 29.3094539642334 29.3243999481201 29.3331813812256 29.3352451324463 29.3451881408691 29.3602275848389 29.3982162475586 29.4444484710693 29.5101699829102
29.8991737365723 29.9755630493164 30.0421257019043 30.0971717834473 30.1495590209961 30.161922454834 30.1650638580322 30.1212978363037 30.0457534790039 29.8934783935547 29.7427558898926 29.5941677093506 29.511022567749 29.4814205169678 29.4481105804443 29.4130477905273 29.3540840148926 29.2894096374512 29.2033061981201 29.1165390014648 29.0415191650391 28.9760990142822 28.950855255127 28.9391174316406 28.9558868408203 28.9839038848877 29.0256633758545 29.067798614502 29.1102046966553 29.1556491851807 29.2023544311523 29.2413101196289 29.2787418365479 29.2967567443848 29.3122749328613 29.3104152679443 29.3068580627441 29.2973403930664 29.2933330535889 29.2995548248291 29.3023452758789 29.301399230957 29.3051681518555 29.311990737915 29.3310012817383 29.3543872833252 29.3979988098145
29.7660884857178 29.8552932739258 29.9496688842773 29.9999103546143 30.0441455841064 30.0481700897217 30.044116973877 29.9989643096924 29.9269886016846 29.7902393341064 29.6533451080322 29.5162544250488 29.4178524017334 29.3511028289795 29.3033752441406 29.2646560668945 29.2252979278564 29.1857852935791 29.1284523010254 29.0699062347412 29.0115051269531 28.9602737426758 28.9390544891357 28.9297752380371 28.9456977844238 28.9716815948486 29.0099658966064 29.0513305664062 29.0949401855469 29.1359615325928 29.175910949707 29.216854095459 29.2579898834229 29.279613494873 29.2988224029541 29.301513671875 29.3009147644043 29.2887592315674 29.2800617218018 29.2777862548828 29.274730682373 29.270824432373 29.2714004516602 29.2748794555664 29.2824954986572 29.2915954589844 29.3154945373535
29.5903987884521 29.6602191925049 29.7345886230469 29.7651386260986 29.7896957397461 29.7735939025879 29.7521686553955 29.7036743164062 29.6403102874756 29.5410385131836 29.4375247955322 29.3281879425049 29.2417907714844 29.1741638183594 29.1237659454346 29.0815296173096 29.0537548065186 29.0294322967529 28.9999160766602 28.9703464508057 28.9451885223389 28.9208755493164 28.9001064300537 28.8924598693848 28.9125137329102 28.9420318603516 28.9831161499023 29.029354095459 29.0793476104736 29.1238746643066 29.1661376953125 29.2026119232178 29.2379474639893 29.258752822876 29.2779979705811 29.287260055542 29.292106628418 29.2814235687256 29.2708225250244 29.2603721618652 29.2516708374023 29.244873046875 29.2464694976807 29.2534980773926 29.2604446411133 29.2673625946045 29.2749347686768
29.415340423584 29.4639225006104 29.5156154632568 29.5373840332031 29.5546627044678 29.5334148406982 29.5087070465088 29.4664039611816 29.4172229766846 29.3514270782471 29.2781105041504 29.194465637207 29.1214656829834 29.0571784973145 29.0105266571045 28.9722270965576 28.9542770385742 28.9411869049072 28.9272136688232 28.9134883880615 28.9042320251465 28.8941535949707 28.8806228637695 28.8786010742188 28.9008750915527 28.932596206665 28.975866317749 29.0256538391113 29.0801868438721 29.1238899230957 29.1631088256836 29.190221786499 29.2149543762207 29.2293796539307 29.2434883117676 29.2582454681396 29.2685050964355 29.2629585266113 29.254264831543 29.2397327423096 29.2282676696777 29.2201461791992 29.2215557098389 29.2291316986084 29.2388572692871 29.2493534088135 29.2529277801514
29.2408123016357 29.2665958404541 29.2933673858643 29.3155422210693 29.3359794616699 29.3222007751465 29.3060722351074 29.2779941558838 29.2476863861084 29.2119979858398 29.1661949157715 29.1065063476562 29.0480804443359 28.9906845092773 28.9531784057617 28.9250926971436 28.9154853820801 28.9102935791016 28.9015312194824 28.8925914764404 28.8846340179443 28.878101348877 28.8775291442871 28.8844928741455 28.9073753356934 28.9401836395264 28.9851226806641 29.0373420715332 29.0948638916016 29.1340980529785 29.1657600402832 29.1793918609619 29.1894779205322 29.1928386688232 29.1974563598633 29.2168006896973 29.2324504852295 29.2351207733154 29.2315464019775 29.2163772583008 29.2045764923096 29.1964473724365 29.1966533660889 29.2022533416748 29.217658996582 29.2365856170654 29.2465400695801
29.1360702514648 29.1486263275146 29.1613636016846 29.1776885986328 29.1935882568359 29.1880626678467 29.1808567047119 29.1651134490967 29.1481952667236 29.1284427642822 29.1011943817139 29.0636558532715 29.023380279541 28.980863571167 28.9542942047119 28.9352779388428 28.9330043792725 28.9347286224365 28.9296169281006 28.9238471984863 28.9153232574463 28.9089508056641 28.9115772247314 28.919397354126 28.9381847381592 28.9667320251465 29.0072078704834 29.0536613464355 29.1044673919678 29.1361923217773 29.1600170135498 29.1615142822266 29.1586227416992 29.153865814209 29.1513805389404 29.1717720031738 29.1894359588623 29.1975059509277 29.1986312866211 29.1868572235107 29.1772193908691 29.1699066162109 29.1686172485352 29.1712226867676 29.1902236938477 29.2151145935059 29.2381229400635
29.0654811859131 29.0694923400879 29.073522567749 29.0809383392334 29.0885334014893 29.0916423797607 29.0935287475586 29.0891952514648 29.0829830169678 29.0722332000732 29.0591564178467 29.0428791046143 29.0225067138672 28.998779296875 28.9840221405029 28.9735145568848 28.9780769348145 28.9862403869629 28.984016418457 28.9806232452393 28.9706211090088 28.9627513885498 28.9638004302979 28.9684963226318 28.9808902740479 29.0025615692139 29.0355739593506 29.0722465515137 29.1115894317627 29.1343173980713 29.1501636505127 29.1401882171631 29.1251335144043 29.1137027740479 29.1052837371826 29.1249904632568 29.1430130004883 29.1551074981689 29.1607284545898 29.1543235778809 29.1480693817139 29.1419773101807 29.139045715332 29.1381607055664 29.1597385406494 29.1893882751465 29.2287082672119
29.0512447357178 29.0511817932129 29.0512828826904 29.0545597076416 29.058177947998 29.0621719360352 29.0651798248291 29.0631656646729 29.0595035552979 29.0518627166748 29.043212890625 29.0331783294678 29.0208797454834 29.0067329406738 28.9988422393799 28.99391746521 28.9985771179199 29.0055274963379 29.0042037963867 29.0018825531006 28.9933319091797 28.9860877990723 28.984317779541 28.9856376647949 28.9934787750244 29.0089092254639 29.0336151123047 29.0626430511475 29.094820022583 29.1135005950928 29.126594543457 29.1169662475586 29.1028728485107 29.0853061676025 29.0705318450928 29.0842781066895 29.0979480743408 29.1113433837891 29.119649887085 29.1185035705566 29.1157379150391 29.1112098693848 29.1089172363281 29.1080722808838 29.1299076080322 29.1598873138428 29.2092876434326
