Ecospace-environmental-drivers/Outputs/ASCII-for-ecospace/MOM6-ISIMIP3a/tos/1980-02_tos_MOM6-ISIMIP3a.asc
NCOLS 131 
NROWS 53 
XLLCORNER -98 
YLLCORNER 23.9265270233154 
CELLSIZE 0.133587792515755 
NODATA_value -9999 
[rows 21 to 41 of 53, columns 0 to 46 of 131]
-9999 -9999 -9999 -9999 -9999 -9999 16.5356273651123 16.498592376709 16.4022369384766 16.2345027923584 16.0667533874512 15.6858015060425 15.7390670776367 15.8977317810059 16.0827312469482 16.29811668396 16.606372833252 16.9784069061279 17.3998699188232 17.8404178619385 18.3091163635254 18.7827816009521 19.1407623291016 19.4686737060547 19.5671119689941 19.6677875518799 19.7757167816162 19.8718280792236 19.9473133087158 20.0003604888916 20.0303192138672 20.0722064971924 20.1213626861572 20.15309715271 20.1790256500244 20.2038040161133 20.2281951904297 20.221134185791 20.2089099884033 20.1638240814209 20.1253185272217 20.1051330566406 20.1000556945801 20.1183223724365 20.1648216247559 20.237232208252 20.2838039398193
-9999 -9999 -9999 -9999 -9999 -9999 16.544469833374 16.5356273651123 16.4615592956543 16.3772621154785 16.2345027923584 16.2799549102783 16.3775997161865 16.5785160064697 16.7920551300049 17.0201606750488 17.4184455871582 17.9336013793945 18.4334163665771 18.9273052215576 19.4129524230957 19.8971424102783 20.173267364502 20.4222354888916 20.4828701019287 20.5425643920898 20.5991973876953 20.6501731872559 20.6912708282471 20.7180366516113 20.7300567626953 20.7567481994629 20.7923793792725 20.8245677947998 20.8556079864502 20.8893394470215 20.9233474731445 20.9442672729492 20.9575977325439 20.9225978851318 20.8896331787109 20.8623294830322 20.848482131958 20.8554286956787 20.8775825500488 20.9136924743652 20.9382953643799
-9999 -9999 -9999 -9999 16.6440811157227 16.5881958007812 16.5472660064697 16.55051612854 16.5356273651123 16.3874893188477 16.3514270782471 16.7443370819092 17.0854167938232 17.3239364624023 17.5635452270508 17.8044128417969 18.2809581756592 18.9193553924561 19.4776515960693 20.0050201416016 20.4882946014404 20.9637908935547 21.1501235961914 21.313648223877 21.3398838043213 21.3616065979004 21.368709564209 21.3763046264648 21.3847637176514 21.3877849578857 21.3852119445801 21.398717880249 21.4220161437988 21.4558029174805 21.4930839538574 21.5355052947998 21.5786724090576 21.6266021728516 21.6651248931885 21.6437511444092 21.620023727417 21.5897464752197 21.5700435638428 21.5666809082031 21.5644092559814 21.5631370544434 21.5649757385254
-9999 -9999 -9999 -9999 16.765531539917 16.6753330230713 16.6291236877441 16.5472660064697 16.5686569213867 16.8408908843994 17.1696701049805 17.7148742675781 18.2014408111572 18.571985244751 18.9320888519287 19.2801456451416 19.7089195251465 20.1931285858154 20.5699996948242 20.905424118042 21.1644477844238 21.4099903106689 21.489990234375 21.5583629608154 21.5600490570068 21.560230255127 21.5555267333984 21.553617477417 21.5565814971924 21.5614166259766 21.5681762695312 21.5862712860107 21.6112728118896 21.6476306915283 21.6877746582031 21.7300434112549 21.7725944519043 21.8137474060059 21.8493900299072 21.8499412536621 21.848388671875 21.8409805297852 21.8362922668457 21.8358039855957 21.8331279754639 21.8284435272217 21.8266162872314
-9999 -9999 -9999 -9999 -9999 16.765531539917 16.7594127655029 16.7109832763672 16.7069530487061 17.3290386199951 17.9639205932617 18.6477832794189 19.2665901184082 19.756664276123 20.2117652893066 20.6265106201172 20.9892463684082 21.3162651062012 21.5230598449707 21.6834316253662 21.7505435943604 21.801197052002 21.7926979064941 21.781831741333 21.7620620727539 21.7434253692627 21.7284679412842 21.7184677124023 21.7171173095703 21.7236213684082 21.738208770752 21.7608070373535 21.7882862091064 21.8265151977539 21.8683261871338 21.9089775085449 21.9494190216064 21.9828872680664 22.0142593383789 22.0322856903076 22.0484256744385 22.0593147277832 22.066535949707 22.0680923461914 22.0650177001953 22.0576934814453 22.0530471801758
-9999 -9999 -9999 -9999 -9999 16.8494491577148 16.765531539917 17.0138721466064 17.3068161010742 17.9695301055908 18.6529655456543 19.4157104492188 20.1086540222168 20.663480758667 21.1017837524414 21.4056339263916 21.6222305297852 21.7789058685303 21.8653907775879 21.9247722625732 21.9417629241943 21.9512710571289 21.9324684143066 21.9121589660645 21.8844738006592 21.8589744567871 21.8405647277832 21.8286800384521 21.8281784057617 21.8357219696045 21.8515396118164 21.8782596588135 21.9116172790527 21.9486351013184 21.9868717193604 22.019495010376 22.0512714385986 22.0730724334717 22.0940837860107 22.110071182251 22.1242485046387 22.1333847045898 22.1389141082764 22.1388664245605 22.1354141235352 22.1288375854492 22.1251049041748
-9999 -9999 17.0261421203613 17.0070533752441 16.9890594482422 16.9334659576416 16.8493499755859 17.3117656707764 17.8195171356201 18.5215854644775 19.248592376709 20.0710468292236 20.8076362609863 21.3743171691895 21.7712306976318 21.9722557067871 22.075138092041 22.1106204986572 22.1139507293701 22.104866027832 22.0882549285889 22.0703163146973 22.0463981628418 22.0217933654785 21.9925632476807 21.9659805297852 21.9479885101318 21.9368934631348 21.9378356933594 21.9465293884277 21.9632015228271 21.9920787811279 22.0283889770508 22.0625305175781 22.095947265625 22.1214656829834 22.1458072662354 22.1581764221191 22.1707420349121 22.1845703125 22.1967449188232 22.2043209075928 22.2080554962158 22.2058506011963 22.2015571594238 22.1953430175781 22.1919593811035
-9999.000000000000000 -9999 -9999 -9999 17.0986328125 17.0446529388428 17.0958957672119 17.5987567901611 18.1420459747314 18.8806838989258 19.6403884887695 20.4807281494141 21.1944313049316 21.6575527191162 21.9594230651855 22.0752353668213 22.1351470947266 22.1566734313965 22.1579151153564 22.1513252258301 22.1371631622314 22.1216621398926 22.1039485931396 22.0862808227539 22.0693988800049 22.0543460845947 22.0452136993408 22.0407485961914 22.0444240570068 22.0545177459717 22.071216583252 22.0979690551758 22.1308460235596 22.1584777832031 22.1843605041504 22.2047882080078 22.2243804931641 22.2321929931641 22.2404956817627 22.2518997192383 22.2619895935059 22.2684192657471 22.2701358795166 22.2645664215088 22.2584114074707 22.2517223358154 22.2474613189697
-9999 -9999 -9999 -9999 17.2426376342773 17.317777633667 17.2891540527344 17.7755565643311 18.3100490570068 19.0906200408936 19.8875846862793 20.7473087310791 21.4510478973389 21.8461360931396 22.0867176055908 22.1490211486816 22.182014465332 22.1948795318604 22.1949825286865 22.1901569366455 22.1788597106934 22.1664218902588 22.1546058654785 22.1434116363525 22.1372909545898 22.1326732635498 22.1329288482666 22.1357498168945 22.143045425415 22.1537284851074 22.1678943634033 22.1909942626953 22.2195339202881 22.2430362701416 22.2648601531982 22.2817535400391 22.2978706359863 22.300651550293 22.3044624328613 22.3148441314697 22.3238754272461 22.3291435241699 22.3293418884277 22.3217086791992 22.3145122528076 22.3077201843262 22.303617477417
-9999 -9999 -9999 -9999 17.3416290283203 17.3654823303223 17.3949337005615 17.8137264251709 18.2836513519287 19.1128978729248 19.9528636932373 20.833854675293 21.543888092041 21.915641784668 22.1373977661133 22.1860809326172 22.212345123291 22.2232151031494 22.2233695983887 22.2193870544434 22.2114868164062 22.2028942108154 22.1965923309326 22.191291809082 22.1939258575439 22.1983699798584 22.2086811065674 22.2196178436279 22.2316436767578 22.2418918609619 22.2503108978271 22.2678318023682 22.2908992767334 22.313268661499 22.3354072570801 22.3507213592529 22.3649711608887 22.3621139526367 22.3611545562744 22.3722743988037 22.381534576416 22.3856201171875 22.3849334716797 22.3768711090088 22.3696632385254 22.3632392883301 22.360595703125
-9999 -9999 -9999 -9999 17.3654823303223 17.4011344909668 17.442985534668 17.8316268920898 18.2737884521484 19.1037445068359 19.9489612579346 20.8525867462158 21.5784111022949 21.9524116516113 22.1722869873047 22.2143249511719 22.2386798858643 22.2508869171143 22.2531681060791 22.251615524292 22.2485237121582 22.2451591491699 22.2447662353516 22.245397567749 22.2540473937988 22.2643966674805 22.2802581787109 22.2950210571289 22.3078670501709 22.3164558410645 22.3206653594971 22.3351364135742 22.3558578491211 22.3787059783936 22.4022617340088 22.4178085327148 22.4321212768555 22.4284610748291 22.4268741607666 22.4384918212891 22.4477615356445 22.4505004882812 22.4482612609863 22.4383277893066 22.4294338226318 22.4214878082275 22.4203128814697
-9999 -9999 -9999 -9999 17.4032001495361 17.442985534668 17.8453044891357 17.8343238830566 18.2763328552246 19.0710163116455 19.8931694030762 20.8204593658447 21.5691967010498 21.9646301269531 22.1953315734863 22.2359580993652 22.2620124816895 22.2780590057373 22.2840213775635 22.2860908508301 22.2888679504395 22.2917671203613 22.2975788116455 22.3041763305664 22.3167819976807 22.3306674957275 22.3487014770508 22.3640747070312 22.3748092651367 22.3808212280273 22.3819732666016 22.3952884674072 22.4160118103027 22.440544128418 22.4663467407227 22.4834861755371 22.4993076324463 22.4984703063965 22.4993667602539 22.5112991333008 22.520414352417 22.5216827392578 22.517391204834 22.5045070648193 22.4926681518555 22.4817867279053 22.482084274292
-9999 -9999 -9999 -9999 17.442985534668 17.9407386779785 18.1380729675293 18.2722835540771 18.3215084075928 19.0508213043213 19.8312034606934 20.8070678710938 21.5889415740967 21.9869594573975 22.2176170349121 22.2551689147949 22.2833232879639 22.305025100708 22.3164119720459 22.3238162994385 22.3324317932129 22.3412609100342 22.3517837524414 22.3627319335938 22.3769435882568 22.392219543457 22.4109439849854 22.4272155761719 22.4392051696777 22.4471397399902 22.4509029388428 22.4652938842773 22.4861602783203 22.5113735198975 22.5380363464355 22.5584716796875 22.5779342651367 22.5817432403564 22.586597442627 22.5980987548828 22.6066741943359 22.6071014404297 22.6001281738281 22.5817203521729 22.5635890960693 22.5457172393799 22.5450172424316
-9999 -9999 -9999 -9999 -9999 18.2933139801025 18.3365917205811 18.3076133728027 18.3849582672119 19.0359954833984 19.7665920257568 20.8017082214355 21.6210975646973 22.0136241912842 22.2395801544189 22.2733402252197 22.3037662506104 22.3318996429443 22.349458694458 22.3629322052002 22.3773765563965 22.3919925689697 22.4065818786621 22.4211940765381 22.4360027313232 22.4517478942871 22.4705295562744 22.4878215789795 22.5025100708008 22.5142974853516 22.523099899292 22.5395221710205 22.5605888366699 22.5860557556152 22.6129875183105 22.6374492645264 22.6614646911621 22.6707019805908 22.6801452636719 22.6908950805664 22.6987648010254 22.6986217498779 22.6886978149414 22.6636600494385 22.6378059387207 22.6112060546875 22.6084480285645
-9999 -9999 -9999 -9999 -9999 18.4263610839844 18.4052791595459 18.4298782348633 18.4758281707764 19.1247520446777 19.8580303192139 20.9141902923584 21.7292957305908 22.067419052124 22.262170791626 22.2914962768555 22.3249893188477 22.3613471984863 22.3865966796875 22.4075584411621 22.4265289306641 22.4451484680176 22.4644069671631 22.4834899902344 22.5009956359863 22.5190582275391 22.5389347076416 22.5572319030762 22.5727710723877 22.5856685638428 22.5958461761475 22.611722946167 22.6310729980469 22.6556968688965 22.6820774078369 22.7103080749512 22.7386665344238 22.7493667602539 22.7600593566895 22.7707004547119 22.779577255249 22.7835445404053 22.7761764526367 22.7512893676758 22.7205104827881 22.6843242645264 22.680700302124
-9999 -9999 -9999 -9999 -9999 18.56907081604 18.5372123718262 18.478343963623 18.5723724365234 19.2349376678467 19.9817562103271 21.0510540008545 21.8532257080078 22.1268291473389 22.2848930358887 22.3096485137939 22.3463745117188 22.3913249969482 22.42458152771 22.4533233642578 22.4765510559082 22.4988059997559 22.5228595733643 22.5465793609619 22.5672149658203 22.5879802703857 22.6091651916504 22.6284656524658 22.644474029541 22.6579132080078 22.6687068939209 22.6835041046143 22.7007369995117 22.724292755127 22.7499561309814 22.7819004058838 22.8145580291748 22.8259029388428 22.8371543884277 22.8478202819824 22.8580570220947 22.8671016693115 22.8634281158447 22.8400974273682 22.8049716949463 22.7590217590332 22.7547779083252
-9999 -9999 -9999 -9999 -9999 -9999 18.7647190093994 18.7034130096436 18.767183303833 19.5534210205078 20.3702697753906 21.3042964935303 21.9906024932861 22.1867408752441 22.3036613464355 22.3291778564453 22.3667545318604 22.4126129150391 22.4504852294922 22.4852733612061 22.5137939453125 22.5412082672119 22.5695858001709 22.5974750518799 22.6211338043213 22.6444149017334 22.6664695739746 22.6861515045166 22.7016944885254 22.7145214080811 22.724552154541 22.7367897033691 22.7503700256348 22.7699012756348 22.7914161682129 22.8280982971191 22.866870880127 22.9045276641846 22.9389266967773 22.9525775909424 22.9669284820557 22.9832286834717 22.9806842803955 22.9490127563477 22.9116706848145 22.8691234588623 22.8522987365723
-9999 -9999 -9999 -9999 -9999 -9999 19.0546321868896 19.1124019622803 18.9892864227295 19.8952960968018 20.7762413024902 21.5612468719482 22.123441696167 22.2447643280029 22.3220195770264 22.3484344482422 22.3863143920898 22.4320678710938 22.47389793396 22.5142135620117 22.5479679107666 22.5805625915527 22.6132411956787 22.6452560424805 22.6717300415039 22.6973819732666 22.7203731536865 22.7406597137451 22.7562255859375 22.7688503265381 22.7784519195557 22.788423538208 22.7986183166504 22.8141937255859 22.8315601348877 22.8738746643066 22.9197597503662 22.9825611114502 23.0391006469727 23.055757522583 23.074146270752 23.0973606109619 23.0965614318848 23.0586528778076 23.0207366943359 22.9828109741211 22.9534473419189
-9999 -9999 -9999 -9999 -9999 -9999 19.437162399292 19.3480815887451 19.4555702209473 20.3872261047363 21.2419395446777 21.8021545410156 22.2014656066895 22.282398223877 22.3379135131836 22.3640995025635 22.3976001739502 22.4361228942871 22.4765300750732 22.5176639556885 22.5555229187012 22.5928039550781 22.6297492980957 22.6656322479248 22.6927356719971 22.7193126678467 22.7441825866699 22.7677383422852 22.7889957427979 22.8063583374023 22.8197116851807 22.8312530517578 22.8416881561279 22.8554420471191 22.8703002929688 22.9272747039795 22.9900722503662 23.0532875061035 23.1104335784912 23.1289100646973 23.1492195129395 23.1746253967285 23.1833877563477 23.1664237976074 23.1444339752197 23.1178283691406 23.0820999145508
-9999 -9999 -9999 -9999 -9999 19.7909564971924 19.8062629699707 19.8510055541992 19.9803428649902 20.8851776123047 21.6748828887939 22.0239315032959 22.2716884613037 22.3190231323242 22.3563079833984 22.3819980621338 22.4104900360107 22.4409065246582 22.4779472351074 22.5175437927246 22.558219909668 22.5990867614746 22.6404361724854 22.6804542541504 22.7092895507812 22.7376194000244 22.764310836792 22.7907943725586 22.8169097900391 22.8391132354736 22.8572902679443 22.871675491333 22.8837509155273 22.8973960876465 22.9115657806396 22.9807605743408 23.0574741363525 23.1218242645264 23.18044090271 23.2025375366211 23.2256736755371 23.2517013549805 23.2678890228271 23.2688694000244 23.2606410980225 23.2439632415771 23.2049427032471
-9999 -9999 -9999 -9999 19.7570724487305 19.8425979614258 19.7909564971924 20.2350063323975 20.7195720672607 21.4052047729492 21.9877223968506 22.1755599975586 22.3133068084717 22.3519382476807 22.3838710784912 22.408073425293 22.4292583465576 22.4483699798584 22.4749164581299 22.5043315887451 22.5431060791016 22.583532333374 22.6297874450684 22.6749095916748 22.7095108032227 22.7426319122314 22.7709426879883 22.7991065979004 22.8270130157471 22.8544368743896 22.881368637085 22.9032745361328 22.9221210479736 22.9419422149658 22.9620914459229 23.0345726013184 23.1142044067383 23.1823291778564 23.2455940246582 23.2779026031494 23.3071937561035 23.3280792236328 23.3438720703125 23.3517894744873 23.3493938446045 23.3375301361084 23.306489944458
