Ecospace-environmental-drivers/Outputs/ASCII-for-ecospace/MOM6-ISIMIP3a/tos/1981-04_tos_MOM6-ISIMIP3a.asc
NCOLS 131 
NROWS 53 
XLLCORNER -98 
YLLCORNER 23.9265270233154 
CELLSIZE 0.133587792515755 
NODATA_value -9999 
[rows 21 to 41 of 53, columns 0 to 46 of 131]
-9999 -9999 -9999 -9999 -9999 -9999 21.1308822631836 21.1123504638672 21.0664100646973 20.993782043457 20.9956245422363 20.9832725524902 20.9566097259521 20.8771896362305 20.9017028808594 21.0461349487305 21.2270431518555 21.4330005645752 21.6482963562012 21.8671970367432 22.123950958252 22.3873825073242 22.5304546356201 22.6605339050293 22.7042961120605 22.747896194458 22.7909698486328 22.8260059356689 22.8470153808594 22.866003036499 22.8829097747803 22.9056015014648 22.9318161010742 22.9461402893066 22.9565010070801 22.9577598571777 22.9574375152588 22.9122695922852 22.8706932067871 22.8519878387451 22.8403263092041 22.8482666015625 22.8599872589111 22.8775520324707 22.8973159790039 22.9191036224365 22.9546737670898
-9999 -9999 -9999 -9999 -9999 -9999 21.1340847015381 21.1308822631836 21.0938186645508 21.047155380249 20.993782043457 21.0098209381104 21.0527744293213 21.1489868164062 21.2967586517334 21.504020690918 21.7066497802734 21.9060955047607 22.0821952819824 22.2492809295654 22.4167823791504 22.584358215332 22.675386428833 22.7585620880127 22.7902812957764 22.8239841461182 22.8641223907471 22.9038467407227 22.9428482055664 22.9762096405029 23.0037727355957 23.0292263031006 23.053394317627 23.0719966888428 23.0887470245361 23.0934200286865 23.096061706543 23.0480365753174 23.0038928985596 22.9844627380371 22.9715900421143 22.9769725799561 22.9854412078857 22.9986801147461 23.017822265625 23.0423812866211 23.0770015716553
-9999 -9999 -9999 -9999 21.4340019226074 21.2333869934082 21.1367073059082 21.1346664428711 21.1308822631836 21.0567531585693 21.0072059631348 21.0517501831055 21.1762275695801 21.4588737487793 21.7279682159424 21.9814224243164 22.1930274963379 22.3758926391602 22.5038070678711 22.6105003356934 22.6831188201904 22.7497253417969 22.7902660369873 22.8281955718994 22.8491325378418 22.8738899230957 22.9110336303711 22.9552555084229 23.0118293762207 23.0598754882812 23.0991458892822 23.128662109375 23.1522369384766 23.1747264862061 23.1968555450439 23.2035369873047 23.2076663970947 23.1542625427246 23.1058578491211 23.089298248291 23.0785789489746 23.0841255187988 23.0921154022217 23.1038875579834 23.1247119903564 23.1538486480713 23.1869525909424
-9999 -9999 -9999 -9999 21.891565322876 21.4743461608887 21.3300666809082 21.1367073059082 21.1364097595215 21.1326103210449 21.168981552124 21.3591041564941 21.578857421875 21.8572406768799 22.1052074432373 22.3180751800537 22.4874591827393 22.6269779205322 22.7161178588867 22.7858028411865 22.8330955505371 22.8764381408691 22.8974189758301 22.9170246124268 22.9292278289795 22.9440650939941 22.9674415588379 22.9925804138184 23.0207977294922 23.0583896636963 23.1056270599365 23.1484298706055 23.1885280609131 23.2140636444092 23.2347469329834 23.2305736541748 23.2223567962646 23.1295013427734 23.0514221191406 23.0674247741699 23.0838203430176 23.1013069152832 23.1218605041504 23.1471557617188 23.1858692169189 23.2368946075439 23.2699756622314
-9999 -9999 -9999 -9999 -9999 21.891565322876 21.5390472412109 21.5234279632568 21.1716632843018 21.239128112793 21.3582973480225 21.6753559112549 21.9759712219238 22.2440433502197 22.4667091369629 22.6369857788086 22.7670860290527 22.8695983886719 22.9264011383057 22.9655513763428 22.9929256439209 23.0182189941406 23.0223560333252 23.0259227752686 23.0286159515381 23.0321006774902 23.0381660461426 23.042085647583 23.0422611236572 23.0665912628174 23.1157722473145 23.1680946350098 23.2223320007324 23.2485504150391 23.2654266357422 23.2531967163086 23.2362823486328 23.1275272369385 23.0392875671387 23.0817108154297 23.1195678710938 23.1447048187256 23.1729621887207 23.2060394287109 23.2533302307129 23.313663482666 23.3424472808838
-9999 -9999 -9999 -9999 -9999 21.9192028045654 21.891565322876 21.6044883728027 21.3372669219971 21.4800853729248 21.6683597564697 22.0306186676025 22.3488941192627 22.580135345459 22.7592105865479 22.8780956268311 22.9818077087402 23.075101852417 23.1277885437012 23.1647968292236 23.1959495544434 23.2260684967041 23.2252578735352 23.2228336334229 23.2126007080078 23.1984615325928 23.1716613769531 23.1449851989746 23.1185188293457 23.1172714233398 23.1419734954834 23.1873188018799 23.2452411651611 23.2617626190186 23.2644844055176 23.2564601898193 23.2468681335449 23.225456237793 23.2126369476318 23.2545413970947 23.2890682220459 23.3030529022217 23.3177051544189 23.3333854675293 23.3484363555908 23.362907409668 23.3686618804932
-9999 -9999 22.0052280426025 21.989221572876 21.9651851654053 21.9468746185303 21.9191703796387 21.7325077056885 21.5697402954102 21.7853183746338 22.0319347381592 22.3973484039307 22.7010536193848 22.8826503753662 23.0134773254395 23.0857200622559 23.1673698425293 23.2554779052734 23.3069190979004 23.3442039489746 23.3754196166992 23.4055671691895 23.4000778198242 23.3923988342285 23.3729858398438 23.346248626709 23.2957553863525 23.2459602355957 23.197380065918 23.1724090576172 23.1717281341553 23.2081527709961 23.2671794891357 23.2743396759033 23.2642078399658 23.2708377838135 23.2799835205078 23.3168659210205 23.3538112640381 23.3911437988281 23.4196701049805 23.4236831665039 23.42698097229 23.4291725158691 23.4227676391602 23.4084758758545 23.4017143249512
-9999.000000000000000 -9999 -9999 -9999 22.0556049346924 21.9834957122803 22.0003719329834 21.962984085083 21.948112487793 22.2307968139648 22.5122680664062 22.789098739624 23.007905960083 23.1119041442871 23.1843185424805 23.220287322998 23.2893085479736 23.3810291290283 23.4374847412109 23.4803256988525 23.5035018920898 23.5232086181641 23.5136241912842 23.5023040771484 23.4818840026855 23.4535083770752 23.3993339538574 23.3427391052246 23.2819232940674 23.2372646331787 23.2092342376709 23.232494354248 23.2870044708252 23.2855281829834 23.2653903961182 23.3094615936279 23.3622550964355 23.3940505981445 23.4247760772705 23.4486999511719 23.465404510498 23.4620189666748 23.4588737487793 23.4560985565186 23.451774597168 23.4460258483887 23.4496841430664
-9999 -9999 -9999 -9999 22.1905155181885 22.236442565918 22.1673450469971 22.2384796142578 22.3339195251465 22.6278324127197 22.8999843597412 23.0888442993164 23.2355899810791 23.2990016937256 23.3477725982666 23.3796539306641 23.4371280670166 23.5121822357178 23.5535087585449 23.5818138122559 23.5922679901123 23.5995712280273 23.5875568389893 23.5743618011475 23.5548534393311 23.5279846191406 23.4772548675537 23.420581817627 23.3535346984863 23.2987785339355 23.2566699981689 23.2676334381104 23.3109302520752 23.3089504241943 23.2918796539307 23.3500423431396 23.4183101654053 23.4462909698486 23.4726581573486 23.48876953125 23.4986572265625 23.4912223815918 23.4839515686035 23.4769325256348 23.4741497039795 23.4752559661865 23.4874706268311
-9999 -9999 -9999 -9999 22.2940254211426 22.3516063690186 22.4227066040039 22.570613861084 22.7290782928467 22.963924407959 23.1711826324463 23.2728443145752 23.3636703491211 23.4330596923828 23.5019359588623 23.5702209472656 23.6175098419189 23.6503810882568 23.651237487793 23.6397323608398 23.6315727233887 23.624002456665 23.6116542816162 23.5988006591797 23.5826168060303 23.5612163543701 23.5228977203369 23.4745979309082 23.4088840484619 23.3560924530029 23.3166007995605 23.3163547515869 23.3400173187256 23.3477668762207 23.3502101898193 23.3930835723877 23.4413833618164 23.4671497344971 23.4915008544922 23.5068416595459 23.5162048339844 23.5089340209961 23.500452041626 23.4900970458984 23.4881839752197 23.4940147399902 23.5124473571777
-9999 -9999 -9999 -9999 22.3516063690186 22.4376735687256 22.5387058258057 22.7518939971924 22.9727573394775 23.152042388916 23.3112525939941 23.3936309814453 23.47385597229 23.5498161315918 23.6256828308105 23.7014408111572 23.7253303527832 23.7136001586914 23.689037322998 23.6595211029053 23.6463661193848 23.6360969543457 23.6259460449219 23.6156272888184 23.6038837432861 23.5878734588623 23.5580253601074 23.5163497924805 23.4540348052979 23.4031105041504 23.3639049530029 23.3552169799805 23.3651180267334 23.3795394897461 23.3954696655273 23.427303314209 23.4612693786621 23.4859161376953 23.5092506408691 23.5242118835449 23.5334873199463 23.5269336700439 23.5184154510498 23.506856918335 23.5048503875732 23.5116100311279 23.5322036743164
-9999 -9999 -9999 -9999 22.4426612854004 22.5387058258057 22.8228378295898 22.820032119751 23.1028251647949 23.2291774749756 23.3529777526855 23.4670104980469 23.5706176757812 23.6535911560059 23.7266139984131 23.7881507873535 23.7787303924561 23.7205810546875 23.6818885803223 23.6507129669189 23.6427764892578 23.6389408111572 23.6328868865967 23.6267471313477 23.6202793121338 23.6096019744873 23.5852661132812 23.548900604248 23.4915409088135 23.4424095153809 23.4017429351807 23.3866844177246 23.3872261047363 23.4060306549072 23.4309253692627 23.454906463623 23.4787654876709 23.5031147003174 23.5261783599854 23.5410537719727 23.5505676269531 23.5451507568359 23.5374755859375 23.5263080596924 23.5234909057617 23.5283336639404 23.5480461120605
-9999 -9999 -9999 -9999 22.5387058258057 22.9160003662109 23.0703506469727 23.1807193756104 23.1814193725586 23.276403427124 23.3777027130127 23.5031814575195 23.6170616149902 23.7079906463623 23.7826747894287 23.8386154174805 23.806734085083 23.714542388916 23.6757965087891 23.6576881408691 23.6519184112549 23.6483268737793 23.6383228302002 23.6290664672852 23.627197265625 23.6214466094971 23.6031055450439 23.5730037689209 23.5223751068115 23.4773044586182 23.4379539489746 23.4221820831299 23.4207744598389 23.4348258972168 23.4540328979492 23.4730644226074 23.4921092987061 23.5162162780762 23.5390110015869 23.5534362792969 23.5631408691406 23.5597114562988 23.5538177490234 23.5441131591797 23.5407695770264 23.5432643890381 23.5596179962158
-9999 -9999 -9999 -9999 -9999 23.1960639953613 23.2321033477783 23.2103004455566 23.2379550933838 23.3108100891113 23.3951416015625 23.5234031677246 23.6419372558594 23.7412281036377 23.819507598877 23.8735446929932 23.8238525390625 23.7029247283936 23.6701564788818 23.6714286804199 23.6665191650391 23.6605167388916 23.6431121826172 23.627613067627 23.630054473877 23.629056930542 23.6169166564941 23.59348487854 23.5503520965576 23.5103149414062 23.4734668731689 23.4594039916992 23.4592247009277 23.4646091461182 23.4718475341797 23.4871730804443 23.5036716461182 23.5275650024414 23.5500888824463 23.5639038085938 23.5737838745117 23.5727062225342 23.5689945220947 23.5612106323242 23.5574645996094 23.5574264526367 23.5693626403809
-9999 -9999 -9999 -9999 -9999 23.2923107147217 23.2857360839844 23.305290222168 23.3062610626221 23.366662979126 23.4386177062988 23.5547885894775 23.6666049957275 23.769811630249 23.8510227203369 23.906852722168 23.8765239715576 23.7870292663574 23.7392807006836 23.7076530456543 23.6831932067871 23.6599998474121 23.6297645568848 23.6025657653809 23.6019458770752 23.6030807495117 23.6099052429199 23.602087020874 23.5687122344971 23.5350303649902 23.501033782959 23.4881248474121 23.4880619049072 23.4857730865479 23.4827423095703 23.4973373413086 23.5144195556641 23.5386333465576 23.5612869262695 23.57399559021 23.5837345123291 23.5852069854736 23.5832691192627 23.576057434082 23.5711040496826 23.5682201385498 23.5755367279053
-9999 -9999 -9999 -9999 -9999 23.3588523864746 23.359094619751 23.3416175842285 23.3770027160645 23.4269561767578 23.4874820709229 23.5884819030762 23.6912288665771 23.7974338531494 23.8814373016357 23.9398231506348 23.9365520477295 23.8909397125244 23.8238773345947 23.7485294342041 23.7003002166748 23.6568546295166 23.612663269043 23.5726356506348 23.5674304962158 23.5701541900635 23.5985870361328 23.6082305908203 23.5850849151611 23.5580310821533 23.5269565582275 23.5150852203369 23.5149097442627 23.5051555633545 23.4922065734863 23.5066833496094 23.5249977111816 23.5496444702148 23.5725078582764 23.5840072631836 23.593542098999 23.5976047515869 23.597354888916 23.5904388427734 23.5841102600098 23.5783195495605 23.5809707641602
-9999 -9999 -9999 -9999 -9999 -9999 23.4317302703857 23.4303741455078 23.436243057251 23.503231048584 23.5774669647217 23.6794490814209 23.7744274139404 23.8555507659912 23.9218769073486 23.9711265563965 23.9771556854248 23.9535007476807 23.8746871948242 23.7745761871338 23.7278861999512 23.6906223297119 23.6442909240723 23.5966644287109 23.5399208068848 23.5085582733154 23.5594902038574 23.591215133667 23.5894203186035 23.5747718811035 23.546895980835 23.5349464416504 23.5327014923096 23.5143070220947 23.4905300140381 23.5091133117676 23.5335636138916 23.5592041015625 23.582670211792 23.5922832489014 23.6007175445557 23.605863571167 23.6069488525391 23.6017551422119 23.5959815979004 23.5896778106689 23.5902118682861
-9999 -9999 -9999 -9999 -9999 -9999 23.5056247711182 23.5231971740723 23.4968128204346 23.5818614959717 23.6703033447266 23.7717342376709 23.8578262329102 23.9135627746582 23.9620456695557 24.0021629333496 24.0157833099365 24.0112056732178 23.924409866333 23.8058624267578 23.7624225616455 23.7322368621826 23.6812057495117 23.6238498687744 23.5175838470459 23.4517402648926 23.516960144043 23.5663452148438 23.588098526001 23.5877990722656 23.5648078918457 23.5530834197998 23.5482215881348 23.5216121673584 23.487756729126 23.5114307403564 23.5430164337158 23.5690822601318 23.5926647186279 23.6004371643066 23.6078300476074 23.6141681671143 23.6166172027588 23.61305809021 23.6078128814697 23.6010189056396 23.5995311737061
-9999 -9999 -9999 -9999 -9999 -9999 23.5910358428955 23.563304901123 23.5770683288574 23.6779899597168 23.7739181518555 23.8507347106934 23.9153614044189 23.9558639526367 23.9945449829102 24.0311241149902 24.0426158905029 24.0368804931641 23.978645324707 23.9001369476318 23.8661003112793 23.8399085998535 23.7512760162354 23.6589336395264 23.5470733642578 23.4595756530762 23.4510803222656 23.468770980835 23.5321655273438 23.5642032623291 23.5639762878418 23.5561943054199 23.5438098907471 23.514102935791 23.4786262512207 23.5158405303955 23.5629081726074 23.5830612182617 23.601390838623 23.6081066131592 23.6155300140381 23.6249217987061 23.6292266845703 23.6256732940674 23.6197280883789 23.6115875244141 23.6078758239746
-9999 -9999 -9999 -9999 -9999 23.7164001464844 23.6789169311523 23.6866054534912 23.666296005249 23.775598526001 23.8732070922852 23.9260540008545 23.97043800354 23.9980716705322 24.0281887054443 24.0611667633057 24.0696258544922 24.0612468719482 24.0199069976807 23.965841293335 23.9391822814941 23.9173622131348 23.8100147247314 23.6997089385986 23.5803546905518 23.4710597991943 23.3943862915039 23.3758697509766 23.4588394165039 23.5161266326904 23.5469856262207 23.5456123352051 23.5245990753174 23.4973487854004 23.4680194854736 23.5205173492432 23.5839576721191 23.596248626709 23.607593536377 23.6129131317139 23.6203842163086 23.6338424682617 23.6408996582031 23.6380672454834 23.6313095092773 23.6209526062012 23.6141605377197
-9999 -9999 -9999 -9999 23.8387203216553 23.7707557678223 23.7164001464844 23.749361038208 23.7884197235107 23.8786334991455 23.9566307067871 23.9878730773926 24.0164985656738 24.039945602417 24.0660343170166 24.0951690673828 24.0972747802734 24.0808181762695 24.013599395752 23.9267807006836 23.900089263916 23.8840084075928 23.8272037506104 23.7613544464111 23.6275463104248 23.4959239959717 23.3713836669922 23.3000984191895 23.3217449188232 23.3782920837402 23.4707450866699 23.4848136901855 23.4511318206787 23.4466953277588 23.4520072937012 23.5261840820312 23.6092624664307 23.6065368652344 23.6045455932617 23.6072216033936 23.614803314209 23.6360454559326 23.6491432189941 23.6496524810791 23.6416721343994 23.6258983612061 23.612886428833
