Ecospace-environmental-drivers/Outputs/ASCII-for-ecospace/MOM6-ISIMIP3a/tos/1981-11_tos_MOM6-ISIMIP3a.asc
NCOLS 131 
NROWS 53 
XLLCORNER -98 
YLLCORNER 23.9265270233154 
CELLSIZE 0.133587792515755 
NODATA_value -9999 
[rows 21 to 41 of 53, columns 0 to 46 of 131]
-9999 -9999 -9999 -9999 -9999 -9999 23.7994365692139 23.7998294830322 23.8050651550293 23.7932472229004 23.6622219085693 23.2595157623291 23.3866271972656 23.7652587890625 24.0925312042236 24.3605403900146 24.5895137786865 24.7916774749756 24.969217300415 25.1372489929199 25.2434577941895 25.3387565612793 25.304874420166 25.2681121826172 25.230920791626 25.1788883209229 25.0787410736084 24.9798965454102 24.8833274841309 24.8413581848145 24.8555736541748 24.8376865386963 24.8002433776855 24.7418880462646 24.6765632629395 24.6265659332275 24.5788955688477 24.5600204467773 24.5475578308105 24.5759391784668 24.6092166900635 24.6561317443848 24.7100849151611 24.7749176025391 24.8318347930908 24.8814926147461 24.899881362915
-9999 -9999 -9999 -9999 -9999 -9999 23.8024959564209 23.7994365692139 23.800220489502 23.8273582458496 23.7932472229004 23.9339046478271 24.1380500793457 24.4678173065186 24.7270469665527 24.9048881530762 25.0409469604492 25.1483154296875 25.2485237121582 25.3459701538086 25.4010562896729 25.4486675262451 25.4196662902832 25.3878383636475 25.3464603424072 25.2983379364014 25.2283496856689 25.1582431793213 25.0879230499268 25.0378513336182 25.0086116790771 24.9643535614014 24.910945892334 24.8714866638184 24.8366756439209 24.8233909606934 24.8131217956543 24.8083934783936 24.8086318969727 24.8405113220215 24.8747520446777 24.9155578613281 24.9624195098877 25.0186386108398 25.066650390625 25.1071300506592 25.1227283477783
-9999 -9999 -9999 -9999 23.6812915802002 23.7705612182617 23.7993125915527 23.8087368011475 23.7994365692139 23.8010063171387 23.9157428741455 24.4636344909668 24.9092235565186 25.1523876190186 25.3257274627686 25.4185028076172 25.4642753601074 25.4777698516846 25.5019378662109 25.5302257537842 25.5351257324219 25.5358982086182 25.5137786865234 25.4887504577637 25.4436473846436 25.4004211425781 25.36328125 25.3256702423096 25.2872352600098 25.2327690124512 25.1618118286133 25.0923328399658 25.0237560272217 25.0038566589355 25.0001850128174 25.0266227722168 25.0570831298828 25.0686836242676 25.0832252502441 25.1165142059326 25.1497325897217 25.1827640533447 25.2207679748535 25.2664546966553 25.3043060302734 25.3349666595459 25.347505569458
-9999 -9999 -9999 -9999 23.4715480804443 23.6837425231934 23.7418098449707 23.7993125915527 23.8274612426758 24.1857070922852 24.5492630004883 24.9331436157227 25.2390804290771 25.3907852172852 25.5004730224609 25.5616779327393 25.5855388641357 25.5837535858154 25.590970993042 25.6016635894775 25.5906600952148 25.5758266448975 25.5535640716553 25.5293769836426 25.4905223846436 25.455192565918 25.4312934875488 25.4133377075195 25.4057464599609 25.3808574676514 25.3381671905518 25.275936126709 25.2017993927002 25.1770782470703 25.1688289642334 25.2392539978027 25.3202896118164 25.3651523590088 25.4076194763184 25.4348392486572 25.4616069793701 25.4871139526367 25.5142555236816 25.5439281463623 25.5697593688965 25.5920677185059 25.6010494232178
-9999 -9999 -9999 -9999 -9999 23.4715480804443 23.7222995758057 23.6843090057373 23.9399318695068 24.5669097900391 25.1124782562256 25.346435546875 25.5262298583984 25.5988445281982 25.6530265808105 25.6859436035156 25.6929206848145 25.6820831298828 25.6768283843994 25.6737308502197 25.6502304077148 25.6231307983398 25.6009178161621 25.5774765014648 25.5429134368896 25.5125904083252 25.4960174560547 25.4915561676025 25.508228302002 25.5087432861328 25.4926357269287 25.4411354064941 25.3680763244629 25.3404083251953 25.3278694152832 25.429500579834 25.5466060638428 25.6215839385986 25.6898193359375 25.7151393890381 25.7387752532959 25.757719039917 25.7752265930176 25.7905101776123 25.8051128387451 25.8190937042236 25.8246326446533
-9999 -9999 -9999 -9999 -9999 23.5838947296143 23.4715480804443 23.9340286254883 24.422679901123 24.9327812194824 25.3674240112305 25.5132312774658 25.6261215209961 25.6738758087158 25.7082824707031 25.7272872924805 25.7394256591797 25.74684715271 25.7487678527832 25.7485618591309 25.7275066375732 25.7027702331543 25.6814632415771 25.6583442687988 25.6194953918457 25.5815105438232 25.5463218688965 25.5283489227295 25.5404186248779 25.5480537414551 25.5511283874512 25.5256462097168 25.4827651977539 25.4603691101074 25.4448013305664 25.5216007232666 25.611177444458 25.7024593353271 25.7870121002197 25.8287029266357 25.8637676239014 25.8803787231445 25.8936157226562 25.9016437530518 25.9084892272949 25.9142532348633 25.9168357849121
-9999 -9999 23.8222522735596 23.7960662841797 23.7708015441895 23.6963729858398 23.58376121521 24.2096157073975 24.852954864502 25.2455253601074 25.5740451812744 25.6574039459229 25.7221012115479 25.7498741149902 25.771993637085 25.7875900268555 25.8114204406738 25.8409023284912 25.8554210662842 25.8641605377197 25.8479881286621 25.8274211883545 25.8032512664795 25.7768211364746 25.7322101593018 25.6844177246094 25.626314163208 25.5872707366943 25.5814914703369 25.5838508605957 25.5945854187012 25.5875339508057 25.5696449279785 25.5533981323242 25.5376987457275 25.5916500091553 25.6554508209229 25.7506523132324 25.84010887146 25.8929767608643 25.9361248016357 25.9522171020508 25.9635620117188 25.9675674438477 25.9700374603271 25.971097946167 25.9743270874023
-9999.000000000000000 -9999 -9999 -9999 23.9210224151611 23.8452281951904 23.9138298034668 24.5416431427002 25.1687450408936 25.4423503875732 25.6752281188965 25.7522201538086 25.8095512390137 25.8279800415039 25.8541526794434 25.8892612457275 25.9390296936035 25.9988651275635 26.0378150939941 26.0687026977539 26.0627460479736 26.0502891540527 26.0150260925293 25.9773540496826 25.9237575531006 25.8614826202393 25.7710800170898 25.6944751739502 25.6419486999512 25.6119842529297 25.6052341461182 25.6000633239746 25.595853805542 25.5876693725586 25.578161239624 25.6135883331299 25.6554431915283 25.7275352478027 25.7969970703125 25.8497047424316 25.8936443328857 25.913179397583 25.927806854248 25.934850692749 25.9403209686279 25.9443492889404 25.9560737609863
-9999 -9999 -9999 -9999 24.1194953918457 24.2214660644531 24.1792697906494 24.7854404449463 25.3911781311035 25.591667175293 25.7648487091064 25.8335018157959 25.8849411010742 25.9023132324219 25.9364242553711 25.9898452758789 26.0592365264893 26.1395969390869 26.1928768157959 26.2357006072998 26.2405605316162 26.2387218475342 26.2057971954346 26.1703281402588 26.1193237304688 26.056697845459 25.9563846588135 25.8592567443848 25.7676868438721 25.7009296417236 25.659704208374 25.6389064788818 25.6305541992188 25.6222648620605 25.6139965057373 25.633394241333 25.6568202972412 25.7084465026855 25.7596321105957 25.808012008667 25.8497200012207 25.8728656768799 25.8911437988281 25.9018974304199 25.9109573364258 25.9184665679932 25.9403610229492
-9999 -9999 -9999 -9999 24.2566299438477 24.2917919158936 24.3352108001709 24.9182376861572 25.4961643218994 25.6812171936035 25.8399200439453 25.8977584838867 25.9451580047607 25.97190284729 26.018835067749 26.0890617370605 26.1701335906982 26.2586555480957 26.3135509490967 26.3554611206055 26.3718967437744 26.3838367462158 26.3701438903809 26.3537921905518 26.3199501037598 26.2747440338135 26.1926918029785 26.0964794158936 25.9755516052246 25.8663806915283 25.7693042755127 25.7108554840088 25.6759395599365 25.6572685241699 25.6440124511719 25.6505184173584 25.6599388122559 25.6944255828857 25.7294979095459 25.7683029174805 25.8039798736572 25.8309478759766 25.8533344268799 25.8686428070068 25.8820362091064 25.8936729431152 25.9278430938721
-9999 -9999 -9999 -9999 24.2917919158936 24.3443508148193 24.4060478210449 24.9633026123047 25.519006729126 25.7125720977783 25.8794078826904 25.943941116333 25.9986610412598 26.0339660644531 26.0904026031494 26.1712265014648 26.2562446594238 26.3441467285156 26.3985366821289 26.4399871826172 26.4626178741455 26.4819278717041 26.4802913665771 26.4762916564941 26.456413269043 26.4275379180908 26.3694839477539 26.291877746582 26.1801509857178 26.062967300415 25.9401702880859 25.851806640625 25.7844200134277 25.7419319152832 25.7077445983887 25.6982860565186 25.6924152374268 25.7099323272705 25.7288761138916 25.7568988800049 25.784387588501 25.8103942871094 25.8330554962158 25.8505535125732 25.8692989349365 25.8891887664795 25.9377918243408
-9999 -9999 -9999 -9999 24.3473968505859 24.4060478210449 24.9182929992676 24.9425678253174 25.4802398681641 25.7002773284912 25.8922100067139 25.9765663146973 26.0471267700195 26.0903835296631 26.1538391113281 26.2406044006348 26.3237686157227 26.4044589996338 26.4567546844482 26.4980869293213 26.5228786468506 26.5447521209717 26.5497875213623 26.5530643463135 26.5447540283203 26.5313873291016 26.501636505127 26.4559078216553 26.3822994232178 26.2829074859619 26.1569843292236 26.0445079803467 25.9402198791504 25.8638401031494 25.7967643737793 25.7690353393555 25.7469081878662 25.7475852966309 25.7503852844238 25.7667198181152 25.7844066619873 25.8058605194092 25.8259239196777 25.8438396453857 25.8687000274658 25.8999366760254 25.9645900726318
-9999 -9999 -9999 -9999 24.4060478210449 24.9549674987793 25.203145980835 25.3612537384033 25.395227432251 25.6657104492188 25.9018669128418 26.0066299438477 26.0912170410156 26.1358795166016 26.2004642486572 26.2880363464355 26.3700695037842 26.4483032226562 26.5005226135254 26.5426979064941 26.5692443847656 26.5930328369141 26.6011409759521 26.6077728271484 26.6049728393555 26.5986270904541 26.58078956604 26.5522346496582 26.5049819946289 26.4321327209473 26.3329486846924 26.2260456085205 26.1144409179688 26.0201320648193 25.9315872192383 25.8845920562744 25.8435192108154 25.8276958465576 25.8144416809082 25.8175582885742 25.8233242034912 25.8364658355713 25.8511791229248 25.8683166503906 25.9019031524658 25.9505863189697 26.0237503051758
-9999 -9999 -9999 -9999 -9999 25.2436027526855 25.2923831939697 25.3056144714355 25.2903938293457 25.6215972900391 25.9101753234863 26.0355949401855 26.1334342956543 26.1766948699951 26.2398834228516 26.3260612487793 26.4072780609131 26.48508644104 26.5380954742432 26.5815277099609 26.609655380249 26.635082244873 26.6447162628174 26.6530246734619 26.6531410217285 26.6501789093018 26.6372261047363 26.6195430755615 26.5936050415039 26.5510520935059 26.4914016723633 26.4027996063232 26.2965602874756 26.1911582946777 26.0860366821289 26.0193500518799 25.9581813812256 25.9260025024414 25.8967304229736 25.8859729766846 25.8789100646973 25.8821315765381 25.8903141021729 25.9061622619629 25.949592590332 26.0183372497559 26.0967788696289
-9999 -9999 -9999 -9999 -9999 25.2492427825928 25.2352809906006 25.2102813720703 25.2424869537354 25.6254901885986 25.9537944793701 26.0727348327637 26.1655464172363 26.2066535949707 26.2696151733398 26.357795715332 26.439489364624 26.5167274475098 26.569486618042 26.6127948760986 26.6394309997559 26.6631240844727 26.6715488433838 26.6788520812988 26.679594039917 26.677906036377 26.6683311462402 26.6549873352051 26.6350631713867 26.6047782897949 26.5638332366943 26.4976615905762 26.4161186218262 26.3215961456299 26.2227439880371 26.1503582000732 26.0818271636963 26.0405330657959 26.0016593933105 25.9782028198242 25.9596824645996 25.9549045562744 25.9613075256348 25.984992980957 26.0331630706787 26.1038093566895 26.1776657104492
-9999 -9999 -9999 -9999 -9999 25.2512512207031 25.220064163208 25.1899490356445 25.2063579559326 25.6393165588379 26.0047206878662 26.1115665435791 26.1955680847168 26.2343654632568 26.2973461151123 26.3882274627686 26.4706649780273 26.5473022460938 26.5995979309082 26.6424961090088 26.6670055389404 26.6882667541504 26.6949138641357 26.7006607055664 26.7015552520752 26.700704574585 26.6941967010498 26.683837890625 26.6667613983154 26.6450157165527 26.6184673309326 26.5755786895752 26.5227336883545 26.4436340332031 26.3557796478271 26.2805919647217 26.2073287963867 26.1584205627441 26.1112747192383 26.0753612518311 26.0456676483154 26.0332870483398 26.0388946533203 26.072301864624 26.1241569519043 26.1929492950439 26.2601776123047
-9999 -9999 -9999 -9999 -9999 -9999 25.2984085083008 25.2599620819092 25.2945690155029 25.7223529815674 26.0771884918213 26.1528129577637 26.216423034668 26.2562618255615 26.3218402862549 26.4171237945557 26.4991970062256 26.5721988677979 26.6216602325439 26.6620311737061 26.6831951141357 26.7009696960449 26.7046794891357 26.70751953125 26.705680847168 26.7031059265137 26.6981506347656 26.6900157928467 26.6763324737549 26.6578464508057 26.6344184875488 26.5997066497803 26.5581245422363 26.4950046539307 26.4247055053711 26.358081817627 26.2920875549316 26.2428855895996 26.195463180542 26.1593742370605 26.1299209594727 26.118932723999 26.1246185302734 26.1560745239258 26.2009029388428 26.2580070495605 26.3223571777344
-9999 -9999 -9999 -9999 -9999 -9999 25.4164428710938 25.4453163146973 25.3964424133301 25.8104114532471 26.1479015350342 26.1926612854004 26.2363147735596 26.2777767181396 26.34619140625 26.4456996917725 26.5271778106689 26.5962715148926 26.6427001953125 26.6803798675537 26.6982192993164 26.7125568389893 26.7133140563965 26.7132358551025 26.7086601257324 26.7043075561523 26.7006759643555 26.6945381164551 26.6840305328369 26.668363571167 26.647388458252 26.6197147369385 26.5879592895508 26.5402164459229 26.4871425628662 26.4296932220459 26.3717041015625 26.3229961395264 26.2760448455811 26.2402839660645 26.2115211486816 26.2022457122803 26.208044052124 26.2371425628662 26.2752838134766 26.3217258453369 26.3836879730225
-9999 -9999 -9999 -9999 -9999 -9999 25.4730415344238 25.5440483093262 25.5846786499023 25.9189739227295 26.1895847320557 26.216438293457 26.250301361084 26.2980327606201 26.3705234527588 26.471586227417 26.55051612854 26.6142463684082 26.6567001342773 26.6909370422363 26.7062339782715 26.7181854248047 26.7163963317871 26.7138957977295 26.7079658508301 26.7024745941162 26.6984119415283 26.6922130584717 26.6822853088379 26.6672801971436 26.6470527648926 26.6214542388916 26.592586517334 26.5534973144531 26.5109996795654 26.4637718200684 26.4159240722656 26.3726139068604 26.3302993774414 26.2943382263184 26.2656517028809 26.2572135925293 26.2630786895752 26.2910442352295 26.331241607666 26.382661819458 26.445686340332
-9999 -9999 -9999 -9999 -9999 25.1029090881348 25.397668838501 25.4297580718994 25.7666912078857 26.0201740264893 26.2236919403076 26.2359619140625 26.2626438140869 26.3178424835205 26.3946094512939 26.4962596893311 26.5722064971924 26.6305046081543 26.6691093444824 26.7001113891602 26.7131271362305 26.7229671478271 26.7192344665527 26.7148895263672 26.7079391479492 26.7015380859375 26.6969223022461 26.6903743743896 26.6804637908936 26.6657428741455 26.6460742950439 26.6226100921631 26.5968322753906 26.5658092498779 26.5330410003662 26.4948596954346 26.455924987793 26.4162826538086 26.3771839141846 26.3415546417236 26.3138389587402 26.3081531524658 26.3160572052002 26.3449649810791 26.3882446289062 26.4447193145752 26.5082550048828
-9999 -9999 -9999 -9999 24.6968441009521 24.9978656768799 25.1029090881348 25.5139598846436 25.9258880615234 26.0943813323975 26.230016708374 26.2398834228516 26.2689533233643 26.3360214233398 26.4177780151367 26.5164833068848 26.587854385376 26.6404571533203 26.6756896972656 26.704216003418 26.7159118652344 26.7246379852295 26.721170425415 26.717113494873 26.7103710174561 26.7038917541504 26.698263168335 26.6903247833252 26.6783561706543 26.6625328063965 26.6427440643311 26.6216163635254 26.5996742248535 26.5745792388916 26.5484313964844 26.5149726867676 26.4804458618164 26.4381370544434 26.397045135498 26.3636913299561 26.3402328491211 26.3443183898926 26.3615074157715 26.398946762085 26.4490909576416 26.5108966827393 26.5729084014893
