Ecospace-environmental-drivers/Outputs/ASCII-for-ecospace/MOM6-ISIMIP3a/tos/1981-08_tos_MOM6-ISIMIP3a.asc
NCOLS 131 
NROWS 53 
XLLCORNER -98 
YLLCORNER 23.9265270233154 
CELLSIZE 0.133587792515755 
NODATA_value -9999 
[rows 21 to 41 of 53, columns 0 to 46 of 131]
-9999 -9999 -9999 -9999 -9999 -9999 29.8748874664307 29.8869018554688 29.9212741851807 29.9785671234131 30.0809783935547 30.2312107086182 30.2060508728027 30.1311073303223 30.1048450469971 30.1347560882568 30.1602420806885 30.182689666748 30.1962547302246 30.2063884735107 30.2192630767822 30.2326183319092 30.2604999542236 30.288932800293 30.3193244934082 30.3495235443115 30.3790950775146 30.4065761566162 30.4304084777832 30.4495677947998 30.4639186859131 30.4718933105469 30.475980758667 30.4777679443359 30.4787864685059 30.4819393157959 30.4853820800781 30.4884567260742 30.4912910461426 30.4925880432129 30.4934482574463 30.4930896759033 30.4922046661377 30.4905071258545 30.4878482818604 30.4843082427979 30.4789199829102
-9999 -9999 -9999 -9999 -9999 -9999 29.8727016448975 29.8748874664307 29.8989181518555 29.9327278137207 29.9785671234131 30.0331554412842 30.0572204589844 30.0208854675293 30.0117454528809 30.0339851379395 30.0527076721191 30.0690155029297 30.0831050872803 30.0963401794434 30.1105327606201 30.1248970031738 30.1497802734375 30.1753940582275 30.2051620483398 30.2356281280518 30.2683563232422 30.3008594512939 30.3329696655273 30.3609752655029 30.3847579956055 30.4022064208984 30.4157962799072 30.424165725708 30.4307956695557 30.4350852966309 30.4390506744385 30.442497253418 30.4460887908936 30.4506053924561 30.4552135467529 30.4600772857666 30.4645690917969 30.46848487854 30.4714775085449 30.4736194610596 30.4742832183838
-9999 -9999 -9999 -9999 29.8709411621094 29.8697738647461 29.8711109161377 29.872106552124 29.8748874664307 29.9229469299316 29.9545078277588 29.922924041748 29.9053211212158 29.9153823852539 29.9262104034424 29.9379253387451 29.9487762451172 29.9590320587158 29.9728736877441 29.9881000518799 30.002815246582 30.0174388885498 30.0393772125244 30.0622425079346 30.0915050506592 30.1221885681152 30.1574764251709 30.1942958831787 30.2337913513184 30.269847869873 30.3023662567139 30.3289642333984 30.351957321167 30.3673038482666 30.3801021575928 30.3862857818604 30.3915481567383 30.3960647583008 30.4010601043701 30.4091110229492 30.4177227020264 30.427906036377 30.4377994537354 30.4472503662109 30.4557437896729 30.4633617401123 30.4698925018311
-9999 -9999 -9999 -9999 29.8744201660156 29.8684577941895 29.8684349060059 29.8711109161377 29.8703231811523 29.8603096008301 29.8516712188721 29.8482913970947 29.8487205505371 29.8566837310791 29.8618717193604 29.8638591766357 29.8704624176025 29.8802375793457 29.8963928222656 29.9150123596191 29.9349346160889 29.9550876617432 29.9798469543457 30.005199432373 30.0346641540527 30.0644702911377 30.0953903198242 30.1273403167725 30.1610908508301 30.192476272583 30.2214336395264 30.2470664978027 30.2706756591797 30.2898597717285 30.3075695037842 30.3218727111816 30.335693359375 30.347728729248 30.3599109649658 30.3730182647705 30.386251449585 30.3998317718506 30.4128952026367 30.4251613616943 30.4366054534912 30.4472942352295 30.4566345214844
-9999 -9999 -9999 -9999 -9999 29.8744201660156 29.8598651885986 29.865758895874 29.8533496856689 29.8023166656494 29.7654304504395 29.7826919555664 29.7947883605957 29.7966651916504 29.7955074310303 29.7908515930176 29.7965927124023 29.809476852417 29.8305950164795 29.8548946380615 29.8804359436035 29.9061985015869 29.932767868042 29.9595794677734 29.9882678985596 30.0165691375732 30.0436096191406 30.0712394714355 30.0998935699463 30.1270332336426 30.1526165008545 30.1771125793457 30.2009468078613 30.2231693267822 30.2448577880859 30.2659549713135 30.2869529724121 30.3052177429199 30.3232879638672 30.3401107788086 30.3566150665283 30.3722305297852 30.3872108459473 30.4012050628662 30.414608001709 30.4274654388428 30.4387397766113
-9999 -9999 -9999 -9999 -9999 29.8319110870361 29.8744201660156 29.8281726837158 29.7819576263428 29.7646808624268 29.7519626617432 29.7566947937012 29.7525539398193 29.7308559417725 29.7202644348145 29.7224922180176 29.7422142028809 29.7739505767822 29.8116474151611 29.8516464233398 29.884614944458 29.9163436889648 29.9402904510498 29.9640502929688 29.9876766204834 30.0117015838623 30.0370178222656 30.0627307891846 30.0891380310059 30.1138858795166 30.1369304656982 30.1595325469971 30.1818656921387 30.2036304473877 30.2252044677734 30.2472839355469 30.2694091796875 30.2882423400879 30.3065071105957 30.3211574554443 30.3350238800049 30.3467063903809 30.3581027984619 30.3690567016602 30.3800754547119 30.3911552429199 30.4005069732666
-9999 -9999 29.7480812072754 29.7557697296143 29.7611904144287 29.7893524169922 29.8319606781006 29.7789344787598 29.7262363433838 29.7364063262939 29.7415981292725 29.7277317047119 29.7060947418213 29.669075012207 29.6565380096436 29.6722507476807 29.7105808258057 29.7644424438477 29.8162651062012 29.8673000335693 29.902214050293 29.9342823028564 29.9526824951172 29.9706993103027 29.9880104064941 30.0065021514893 30.0288257598877 30.0519466400146 30.0764598846436 30.0997219085693 30.121696472168 30.1436920166016 30.1657028198242 30.1876773834229 30.2096385955811 30.2319049835205 30.2541847229004 30.2724170684814 30.2896499633789 30.3005313873291 30.3102169036865 30.316577911377 30.323278427124 30.3305072784424 30.3382682800293 30.3465213775635 30.3532314300537
-9999.000000000000000 -9999 -9999 -9999 29.7167644500732 29.7330284118652 29.7070713043213 29.7042827606201 29.7047119140625 29.7285575866699 29.7379989624023 29.6923007965088 29.6504173278809 29.6160850524902 29.6179370880127 29.6615447998047 29.7285785675049 29.8117008209229 29.8722972869873 29.9241962432861 29.9490947723389 29.9692268371582 29.9757061004639 29.9821071624756 29.990364074707 30.0005779266357 30.0171432495117 30.0361957550049 30.0595874786377 30.0833358764648 30.1074504852295 30.131649017334 30.1559009552002 30.1795463562012 30.2029876708984 30.2237110137939 30.2440204620361 30.2591018676758 30.2726287841797 30.2762546539307 30.2783946990967 30.2764015197754 30.2759799957275 30.2779922485352 30.2805919647217 30.2837314605713 30.2862281799316
-9999 -9999 -9999 -9999 29.6616554260254 29.6279125213623 29.6302452087402 29.6599445343018 29.6903381347656 29.7119750976562 29.7148895263672 29.6461410522461 29.5926456451416 29.5693321228027 29.5897369384766 29.6605834960938 29.7502574920654 29.8528614044189 29.9156551361084 29.9630794525146 29.9790458679199 29.9894618988037 29.9870491027832 29.9848575592041 29.9868450164795 29.9914035797119 30.0042953491211 30.0208301544189 30.0437202453613 30.0680389404297 30.0938282012939 30.120569229126 30.147891998291 30.1727924346924 30.1968860626221 30.2150096893311 30.2322635650635 30.2435207366943 30.2527866363525 30.2493667602539 30.2443714141846 30.2349834442139 30.2276573181152 30.2235202789307 30.2209720611572 30.2198829650879 30.2195072174072
-9999 -9999 -9999 -9999 29.6259689331055 29.6240272521973 29.6216297149658 29.6537418365479 29.6849613189697 29.6844024658203 29.6672325134277 29.586483001709 29.5322360992432 29.5304298400879 29.5746212005615 29.6718845367432 29.7765693664551 29.8863506317139 29.9430713653564 29.9793014526367 29.9877014160156 29.9911918640137 29.983699798584 29.9767150878906 29.9759387969971 29.9781379699707 29.9899806976318 30.0059490203857 30.0291175842285 30.0541133880615 30.0809898376465 30.1107006072998 30.1421375274658 30.1677742004395 30.191478729248 30.2056713104248 30.218505859375 30.2250862121582 30.2293910980225 30.2191963195801 30.2075786590576 30.1920032501221 30.1780452728271 30.1665878295898 30.1589107513428 30.1547050476074 30.1531391143799
-9999 -9999 -9999 -9999 29.6240272521973 29.6211242675781 29.6177158355713 29.6444683074951 29.6686229705811 29.6457862854004 29.6116409301758 29.5342063903809 29.4869289398193 29.4993286132812 29.5585155487061 29.6716899871826 29.7862892150879 29.9018650054932 29.9564342498779 29.9874458312988 29.9946880340576 29.9977359771729 29.9890594482422 29.9808197021484 29.978364944458 29.9791851043701 29.9906139373779 30.006420135498 30.0298595428467 30.0554103851318 30.0831317901611 30.1134872436523 30.1454486846924 30.168981552124 30.1897029876709 30.1973304748535 30.2030868530273 30.2003765106201 30.1958789825439 30.1799812316895 30.1636428833008 30.1460742950439 30.130184173584 30.1168918609619 30.1099033355713 30.1087017059326 30.1097774505615
-9999 -9999 -9999 -9999 29.6209564208984 29.6177158355713 29.6284294128418 29.6328907012939 29.6440601348877 29.5988864898682 29.5500965118408 29.4874649047852 29.452953338623 29.4740791320801 29.5416717529297 29.6628761291504 29.7835636138916 29.9038963317871 29.9592590332031 29.9895324707031 30.0004234313965 30.0078945159912 30.0009479522705 29.9941101074219 29.9907932281494 29.990966796875 30.0024585723877 30.0184020996094 30.0421123504639 30.0681266784668 30.0965099334717 30.125768661499 30.1555633544922 30.1748580932617 30.19065284729 30.1897373199463 30.1864242553711 30.1709613800049 30.1547737121582 30.1339836120605 30.1143493652344 30.0979328155518 30.0836391448975 30.0726222991943 30.0706844329834 30.0770778656006 30.0836715698242
-9999 -9999 -9999 -9999 29.6177158355713 29.6155586242676 29.618803024292 29.6186408996582 29.6168918609619 29.5545978546143 29.4948921203613 29.44508934021 29.4207344055176 29.4467277526855 29.5172653198242 29.6391983032227 29.7644004821777 29.8918476104736 29.9519309997559 29.9860038757324 30.0029487609863 30.0168724060059 30.0152053833008 30.0132904052734 30.0121612548828 30.0140609741211 30.0257930755615 30.0414981842041 30.0641345977783 30.0880794525146 30.1133689880371 30.1364994049072 30.1583156585693 30.1675510406494 30.1725940704346 30.1618309020996 30.1488189697266 30.1266479492188 30.1047115325928 30.0842666625977 30.0668544769287 30.05788230896 30.0514221191406 30.0488433837891 30.0554752349854 30.0705585479736 30.0823841094971
-9999 -9999 -9999 -9999 -9999 29.5974826812744 29.5972862243652 29.6048755645752 29.5886077880859 29.5114269256592 29.4424018859863 29.4045848846436 29.3892688751221 29.4184761047363 29.4896202087402 29.60915184021 29.7381935119629 29.8737640380859 29.9402542114258 29.9800701141357 30.0041007995605 30.0253486633301 30.0304775238037 30.0349960327148 30.0373592376709 30.0420036315918 30.0540523529053 30.069356918335 30.0903453826904 30.1111354827881 30.131721496582 30.1465663909912 30.1579132080078 30.1545944213867 30.1463871002197 30.1252193450928 30.102237701416 30.0759525299072 30.0508098602295 30.0329551696777 30.0201282501221 30.0212993621826 30.0253486633301 30.0338459014893 30.0505542755127 30.0747985839844 30.0917339324951
-9999 -9999 -9999 -9999 -9999 29.5717067718506 29.576358795166 29.5683441162109 29.5623092651367 29.4689979553223 29.3897552490234 29.3643684387207 29.358549118042 29.3914546966553 29.4612083435059 29.5734806060791 29.7016792297363 29.8408126831055 29.9140739440918 29.9619026184082 29.9917240142822 30.0183696746826 30.0315475463867 30.0438690185547 30.0515041351318 30.0602035522461 30.0723533630371 30.0858631134033 30.101749420166 30.1152667999268 30.1263465881348 30.1302108764648 30.1296806335449 30.1166553497314 30.0994644165039 30.0738506317139 30.047082901001 30.0217552185059 29.9985675811768 29.9890060424805 29.985595703125 29.9993133544922 30.0146465301514 30.0324783325195 30.0552940368652 30.0826854705811 30.1019649505615
-9999 -9999 -9999 -9999 -9999 29.5370941162109 29.5414733886719 29.5558567047119 29.5364246368408 29.426721572876 29.3370780944824 29.3242111206055 29.3279857635498 29.364688873291 29.4326400756836 29.5366458892822 29.6630306243896 29.8047828674316 29.8848934173584 29.9412021636963 29.9765472412109 30.0081939697266 30.0296783447266 30.050085067749 30.063362121582 30.0763854980469 30.0885944366455 30.1000213623047 30.1100921630859 30.1154823303223 30.116060256958 30.1083869934082 30.0956897735596 30.0735454559326 30.0482559204102 30.0194263458252 29.9901504516602 29.966833114624 29.9466686248779 29.9465808868408 29.9535884857178 29.9803466796875 30.0071239471436 30.0339298248291 30.062032699585 30.0913257598877 30.1123790740967
-9999 -9999 -9999 -9999 -9999 -9999 29.4934501647949 29.5002212524414 29.4908390045166 29.3776416778564 29.2876815795898 29.2866592407227 29.2998294830322 29.3410797119141 29.4073009490967 29.5023307800293 29.6219635009766 29.7584896087646 29.8430805206299 29.9076194763184 29.9434413909912 29.9741973876953 29.996374130249 30.0177555084229 30.0340766906738 30.0494632720947 30.0618228912354 30.0715885162354 30.076831817627 30.0761337280273 30.0693225860596 30.0550098419189 30.0361270904541 30.011137008667 29.9841079711914 29.9583415985107 29.9328155517578 29.9163627624512 29.9038105010986 29.9160919189453 29.9344654083252 29.9698047637939 30.0035228729248 30.0347347259521 30.0650463104248 30.0945358276367 30.1164302825928
-9999 -9999 -9999 -9999 -9999 -9999 29.4384517669678 29.4242725372314 29.4428329467773 29.3284759521484 29.2399234771729 29.2501373291016 29.2723255157471 29.3182067871094 29.3828258514404 29.4690628051758 29.5813636779785 29.7115650177002 29.8000450134277 29.8724155426025 29.9085655212402 29.938325881958 29.960506439209 29.9821186065674 30.0003604888916 30.0171604156494 30.0292835235596 30.0372467041016 30.0379505157471 30.0316886901855 30.0182590484619 29.9982147216797 29.9741401672363 29.9471759796143 29.919246673584 29.8972129821777 29.8760814666748 29.8670215606689 29.8624992370605 29.8868846893311 29.9162559509277 29.9595031738281 29.9996528625488 30.0350170135498 30.0674419403076 30.09716796875 30.1199016571045
-9999 -9999 -9999 -9999 -9999 -9999 29.3691062927246 29.3908615112305 29.378396987915 29.2816200256348 29.2080554962158 29.2233428955078 29.2506294250488 29.301664352417 29.3660182952881 29.4457416534424 29.5469207763672 29.6628322601318 29.75 29.8260688781738 29.8633689880371 29.8938293457031 29.9123096466064 29.9295883178711 29.9390277862549 29.9480571746826 29.9557628631592 29.9602088928223 29.9589672088623 29.951774597168 29.938455581665 29.9200267791748 29.8984832763672 29.8758926391602 29.8529529571533 29.8387928009033 29.8259506225586 29.8275737762451 29.8333606719971 29.8656711578369 29.9016265869141 29.9477348327637 29.9910507202148 30.0300445556641 30.064998626709 30.0962429046631 30.1202087402344
-9999 -9999 -9999 -9999 -9999 29.2660331726074 29.3004016876221 29.2921848297119 29.3115139007568 29.2347145080566 29.1781063079834 29.1987915039062 29.2313594818115 29.2874374389648 29.351863861084 29.4259223937988 29.5162887573242 29.6178531646729 29.7022113800049 29.7799243927002 29.8175430297852 29.848087310791 29.8638534545898 29.8778915405273 29.8802242279053 29.882661819458 29.8854331970215 29.8858833312988 29.8822803497314 29.8741302490234 29.8613052368164 29.8449230194092 29.8263721466064 29.8085689544678 29.7910137176514 29.7846794128418 29.7800121307373 29.7910461425781 29.8059024810791 29.8451099395752 29.8867111206055 29.9349842071533 29.9809417724609 30.0233249664307 30.0608291625977 30.0938568115234 30.1193332672119
-9999 -9999 -9999 -9999 29.3833160400391 29.2965526580811 29.2660331726074 29.2525291442871 29.2356586456299 29.1876220703125 29.1551876068115 29.1824684143066 29.2209758758545 29.2817001342773 29.3474311828613 29.4189357757568 29.4996299743652 29.5866355895996 29.6626930236816 29.7345218658447 29.7694129943848 29.7977848052979 29.8144397735596 29.8292369842529 29.830696105957 29.8308563232422 29.8267974853516 29.8214912414551 29.8140048980713 29.8048191070557 29.7938823699951 29.7811260223389 29.767261505127 29.7557544708252 29.7450351715088 29.7463626861572 29.7494449615479 29.7652225494385 29.7846069335938 29.8269443511963 29.8707466125488 29.9186248779297 29.9653205871582 30.0101928710938 30.0503253936768 30.0861129760742 30.1141128540039
