Ecospace-environmental-drivers/Outputs/ASCII-for-ecospace/MOM6-ISIMIP3a/tos/1981-07_tos_MOM6-ISIMIP3a.asc
NCOLS 131 
NROWS 53 
XLLCORNER -98 
YLLCORNER 23.9265270233154 
CELLSIZE 0.133587792515755 
NODATA_value -9999 
[rows 21 to 41 of 53, columns 0 to 46 of 131]
-9999 -9999 -9999 -9999 -9999 -9999 29.1580715179443 29.1549644470215 29.1510162353516 29.1484889984131 29.2292957305908 29.349084854126 29.3182201385498 29.2262859344482 29.1916027069092 29.2229766845703 29.2663135528564 29.3178653717041 29.3594837188721 29.3972682952881 29.4277801513672 29.457010269165 29.4825286865234 29.506799697876 29.5213508605957 29.5342922210693 29.5420246124268 29.5475921630859 29.5493812561035 29.5526256561279 29.5573711395264 29.5639152526855 29.5715560913086 29.5820827484131 29.5935688018799 29.6097087860107 29.626501083374 29.6450176239014 29.6631450653076 29.6787948608398 29.6926956176758 29.701732635498 29.706470489502 29.704568862915 29.6973114013672 29.6851367950439 29.6728839874268
-9999 -9999 -9999 -9999 -9999 -9999 29.1581764221191 29.1580715179443 29.1518592834473 29.1456413269043 29.1484889984131 29.190315246582 29.2073097229004 29.1751670837402 29.1767292022705 29.2171840667725 29.2587547302246 29.3010921478271 29.3348808288574 29.3653678894043 29.3909873962402 29.4157466888428 29.4385948181152 29.4607524871826 29.4775066375732 29.4935340881348 29.5072078704834 29.5195121765137 29.529426574707 29.5400238037109 29.551326751709 29.5643272399902 29.5783634185791 29.5946006774902 29.6115741729736 29.630500793457 29.6496829986572 29.6671161651611 29.6841564178467 29.6986885070801 29.711935043335 29.7216033935547 29.7282390594482 29.730188369751 29.7284889221191 29.7234382629395 29.7174282073975
-9999 -9999 -9999 -9999 29.1716384887695 29.1620197296143 29.1590480804443 29.1574096679688 29.1580715179443 29.1456470489502 29.1303615570068 29.1041374206543 29.099437713623 29.1373310089111 29.1780567169189 29.2220516204834 29.2587146759033 29.2903442382812 29.3146381378174 29.3360977172852 29.3553028106689 29.3741073608398 29.3936767578125 29.413215637207 29.4323616027832 29.4516639709473 29.4714794158936 29.4907302856445 29.5089893341064 29.5270881652832 29.5450191497803 29.5645217895508 29.584981918335 29.6070041656494 29.629545211792 29.6511917114258 29.6726779937744 29.688943862915 29.7048187255859 29.7182102203369 29.7307415008545 29.7408752441406 29.749174118042 29.7546367645264 29.7581882476807 29.7599868774414 29.7601356506348
-9999 -9999 -9999 -9999 29.1942958831787 29.1711921691895 29.1649894714355 29.1590480804443 29.1551094055176 29.1049861907959 29.0707530975342 29.0973453521729 29.1303539276123 29.1760635375977 29.2132034301758 29.2404556274414 29.2613754272461 29.277946472168 29.2913818359375 29.3036060333252 29.3174438476562 29.3315658569336 29.3501605987549 29.3691329956055 29.3904476165771 29.4118690490723 29.4336280822754 29.455228805542 29.4765529632568 29.4976806640625 29.5186100006104 29.5405540466309 29.5631198883057 29.5870361328125 29.6114044189453 29.6329174041748 29.6539993286133 29.6702499389648 29.6861362457275 29.6997013092041 29.712064743042 29.7210807800293 29.7292346954346 29.7360553741455 29.7415313720703 29.7457752227783 29.7477531433105
-9999 -9999 -9999 -9999 -9999 29.1942958831787 29.1664371490479 29.1709327697754 29.1427364349365 29.072301864624 29.0304565429688 29.0980415344238 29.1587657928467 29.2059211730957 29.2362957000732 29.2473068237305 29.2533950805664 29.2561016082764 29.259635925293 29.2634906768799 29.272518157959 29.2824592590332 29.3001155853271 29.3185520172119 29.3420810699463 29.3658313751221 29.3902912139893 29.4149646759033 29.440013885498 29.4646224975586 29.4887828826904 29.5132350921631 29.5378646850586 29.5634098052979 29.5892581939697 29.6105937957764 29.631275177002 29.6476440429688 29.6635589599609 29.6765823364258 29.6882057189941 29.695930480957 29.7036914825439 29.7115058898926 29.7186069488525 29.7250537872314 29.7288799285889
-9999 -9999 -9999 -9999 -9999 29.1509208679199 29.1942958831787 29.1414737701416 29.0891017913818 29.0746002197266 29.0748519897461 29.1315727233887 29.1761913299561 29.1968669891357 29.2065334320068 29.2034969329834 29.1987533569336 29.1928367614746 29.1906700134277 29.1899490356445 29.1966094970703 29.2045707702637 29.22145652771 29.2394847869873 29.2654209136963 29.2924270629883 29.3229064941406 29.3538208007812 29.3854923248291 29.4155597686768 29.4439754486084 29.4712162017822 29.4977416992188 29.5237369537354 29.5495529174805 29.5705280303955 29.5908107757568 29.6078872680664 29.6239109039307 29.6332454681396 29.6416149139404 29.6472988128662 29.6535816192627 29.660795211792 29.6682033538818 29.6757907867432 29.6815605163574
-9999 -9999 29.0669040679932 29.07421875 29.0787620544434 29.1074962615967 29.150972366333 29.1006088256836 29.0520896911621 29.0831451416016 29.1162700653076 29.157320022583 29.1835803985596 29.1805801391602 29.1728458404541 29.1596488952637 29.1483573913574 29.1383743286133 29.1346187591553 29.1332683563232 29.139123916626 29.1462497711182 29.1610507965088 29.1771011352539 29.2021865844727 29.2291622161865 29.262264251709 29.2965335845947 29.3328380584717 29.3674430847168 29.4003009796143 29.4310417175293 29.4604930877686 29.4873886108398 29.5134296417236 29.5343341827393 29.5545120239258 29.5724620819092 29.5890274047852 29.5967674255371 29.6036128997803 29.607967376709 29.6131820678711 29.619722366333 29.627140045166 29.6353607177734 29.6428260803223
-9999.000000000000000 -9999 -9999 -9999 29.0363960266113 29.0500259399414 29.0235404968262 29.034854888916 29.0513534545898 29.1053218841553 29.151195526123 29.1660823822021 29.1690692901611 29.1485061645508 29.1305847167969 29.1157150268555 29.1072235107422 29.1031131744385 29.1067447662354 29.1133689880371 29.1218338012695 29.1306247711182 29.1404724121094 29.1511192321777 29.1682472229004 29.1880149841309 29.2163352966309 29.2476654052734 29.2842502593994 29.3213901519775 29.3591003417969 29.3948917388916 29.4295139312744 29.4582920074463 29.4851226806641 29.5065879821777 29.5272998809814 29.5464954376221 29.5645389556885 29.5752544403076 29.5843505859375 29.5889320373535 29.5939617156982 29.5996780395508 29.6064567565918 29.6142063140869 29.6228275299072
-9999 -9999 -9999 -9999 28.9849414825439 28.9516677856445 28.9507884979248 29.0044479370117 29.0613746643066 29.1229801177979 29.1700458526611 29.1614608764648 29.1451282501221 29.1134700775146 29.0916576385498 29.0812091827393 29.078031539917 29.0798473358154 29.0907096862793 29.1050624847412 29.1167144775391 29.1278877258301 29.1350994110107 29.1427345275879 29.1546306610107 29.1694660186768 29.1938304901123 29.2225017547607 29.2586860656738 29.2964725494385 29.3359069824219 29.3736324310303 29.4103164672852 29.4393634796143 29.4658660888672 29.4884738922119 29.5105438232422 29.5326652526855 29.5534591674805 29.5658130645752 29.5757904052734 29.579158782959 29.5827369689941 29.5866374969482 29.5919494628906 29.5985546112061 29.6058654785156
-9999 -9999 -9999 -9999 28.9524002075195 28.9531307220459 28.9540348052979 29.0185089111328 29.0849304199219 29.1349506378174 29.1686706542969 29.1399974822998 29.1093273162842 29.07470703125 29.0569229125977 29.0585651397705 29.0638656616211 29.0716762542725 29.089563369751 29.1113414764404 29.1268997192383 29.1413631439209 29.1488552093506 29.1564903259277 29.1665802001953 29.1793479919434 29.200798034668 29.2271595001221 29.2620906829834 29.2981491088867 29.3353691101074 29.3711051940918 29.4059371948242 29.4332256317139 29.4579982757568 29.482479095459 29.5069389343262 29.5341033935547 29.5592517852783 29.5715560913086 29.5806980133057 29.5810356140137 29.5815715789795 29.5824089050293 29.5852146148682 29.5898265838623 29.5927219390869
-9999 -9999 -9999 -9999 28.9531307220459 28.9542255401611 28.955509185791 29.0222225189209 29.0901279449463 29.1308078765869 29.1538906097412 29.1096229553223 29.0700511932373 29.0397720336914 29.0288906097412 29.0403900146484 29.0519733428955 29.0636138916016 29.0883483886719 29.1181373596191 29.1376724243164 29.1553955078125 29.1650638580322 29.1747589111328 29.1861515045166 29.1994857788086 29.2191200256348 29.2429332733154 29.2740421295166 29.3056964874268 29.3379154205322 29.3703784942627 29.4029903411865 29.4312953948975 29.4581642150879 29.4839935302734 29.5096797943115 29.5351619720459 29.5585193634033 29.5683250427246 29.5750274658203 29.5730934143066 29.5709571838379 29.5685081481934 29.5675983428955 29.5681056976318 29.5642395019531
-9999 -9999 -9999 -9999 28.954288482666 28.955509185791 29.0134544372559 29.0181770324707 29.0815544128418 29.1145763397217 29.129056930542 29.0725650787354 29.028169631958 29.0077095031738 29.0058841705322 29.0255641937256 29.0417861938477 29.0556354522705 29.0870819091797 29.1253261566162 29.1488819122314 29.1698474884033 29.1831111907959 29.1964111328125 29.2114372253418 29.2273139953613 29.2459545135498 29.2670421600342 29.2924041748047 29.3176498413086 29.3427772521973 29.3710021972656 29.4011173248291 29.4325218200684 29.46435546875 29.4911422729492 29.5171775817871 29.5359363555908 29.5528907775879 29.5583629608154 29.5614261627197 29.5577850341797 29.5532569885254 29.5473537445068 29.5418243408203 29.5366401672363 29.5242519378662
-9999 -9999 -9999 -9999 28.955509185791 29.0132808685303 29.0407981872559 29.0579128265381 29.0622272491455 29.0833797454834 29.0877590179443 29.0279426574707 28.9856967926025 28.9782161712646 28.9853630065918 29.0093898773193 29.0273323059082 29.0410976409912 29.0762271881104 29.1196060180664 29.1469211578369 29.1713981628418 29.1874008178711 29.2034225463867 29.221134185791 29.2390995025635 29.2578887939453 29.2777156829834 29.2993507385254 29.3215942382812 29.34446144104 29.3700695037842 29.3973484039307 29.4255886077881 29.4541473388672 29.4760704040527 29.4970207214355 29.5101928710938 29.5216979980469 29.5225791931152 29.5212154388428 29.5136051177979 29.5042209625244 29.4920959472656 29.4808731079102 29.4704761505127 29.4555530548096
-9999 -9999 -9999 -9999 -9999 29.0384387969971 29.0433597564697 29.0463066101074 29.0382919311523 29.0457668304443 29.0394058227539 28.9800796508789 28.9429702758789 28.9498252868652 28.9659080505371 28.9926357269287 29.0110473632812 29.0237503051758 29.0612640380859 29.1083564758301 29.1393127441406 29.1674194335938 29.1857948303223 29.2041549682617 29.2241497039795 29.2440090179443 29.2634372711182 29.2826290130615 29.3014049530029 29.3221035003662 29.3447856903076 29.3684711456299 29.3927688598633 29.4151592254639 29.4369125366211 29.4514789581299 29.4650096893311 29.4730854034424 29.4795455932617 29.4757270812988 29.4696006774902 29.4570503234863 29.4417572021484 29.4222240447998 29.4048442840576 29.3894367218018 29.3745517730713
-9999 -9999 -9999 -9999 -9999 29.0288200378418 29.0311546325684 29.0258617401123 29.0247573852539 29.0046615600586 28.9792652130127 28.9335765838623 28.9088573455811 28.925630569458 28.9473552703857 28.9747943878174 28.9920635223389 29.002347946167 29.0351448059082 29.0766353607178 29.1119270324707 29.1461219787598 29.1658668518066 29.1854019165039 29.2058410644531 29.2263011932373 29.2468299865723 29.2665920257568 29.2850131988525 29.3041477203369 29.3240184783936 29.3430671691895 29.3616142272949 29.3773212432861 29.3920803070068 29.4001731872559 29.4073104858398 29.4096088409424 29.4103393554688 29.4011001586914 29.3901271820068 29.374324798584 29.3569030761719 29.3369789123535 29.3211841583252 29.3091812133789 29.3025417327881
-9999 -9999 -9999 -9999 -9999 29.0077476501465 29.0119457244873 29.021297454834 29.0133743286133 28.962833404541 28.9166870117188 28.8873558044434 28.8765239715576 28.9023017883301 28.9289894104004 28.9567279815674 28.9725189208984 28.9801063537598 29.0067176818848 29.040678024292 29.0804481506348 29.121244430542 29.1421451568604 29.1626167297363 29.1831207275391 29.2039127349854 29.2256393432617 29.2462215423584 29.2648048400879 29.2823696136475 29.2988872528076 29.3127365112305 29.3249626159668 29.333812713623 29.3415374755859 29.3433418273926 29.344295501709 29.3406753540039 29.3355350494385 29.320728302002 29.3048896789551 29.2861843109131 29.2674160003662 29.2485504150391 29.2359466552734 29.2290878295898 29.2323932647705
-9999 -9999 -9999 -9999 -9999 -9999 28.9801387786865 28.9886779785156 28.9835186004639 28.9218807220459 28.8697967529297 28.8542881011963 28.8536739349365 28.8825340270996 28.9105052947998 28.9374523162842 28.9538116455078 28.9628982543945 28.9774188995361 28.9940395355225 29.0324058532715 29.0746078491211 29.1005153656006 29.1254978179932 29.1457500457764 29.1657447814941 29.1849060058594 29.2025680541992 29.2176132202148 29.2313213348389 29.24365234375 29.2535743713379 29.2620296478271 29.2678298950195 29.2727451324463 29.2712535858154 29.2688446044922 29.2616691589355 29.2533760070801 29.2379703521729 29.2232494354248 29.2104320526123 29.198543548584 29.1880912780762 29.1844501495361 29.1870574951172 29.1984100341797
-9999 -9999 -9999 -9999 -9999 -9999 28.9395847320557 28.9304428100586 28.9503650665283 28.8806552886963 28.8249053955078 28.8225898742676 28.8316287994385 28.8631286621094 28.8920269012451 28.9179229736328 28.9350814819336 28.9462394714355 28.9491119384766 28.9487838745117 28.9844226837158 29.0264091491699 29.05739402771 29.0870361328125 29.1074886322021 29.1270198822021 29.1435546875 29.1582164764404 29.1696109771729 29.1793613433838 29.1874217987061 29.1933841705322 29.1980686187744 29.2008857727051 29.2030811309814 29.1986904144287 29.1933517456055 29.1831836700439 29.172327041626 29.1570701599121 29.1441612243652 29.1377849578857 29.1331672668457 29.1312637329102 29.1364860534668 29.1482524871826 29.1671333312988
-9999 -9999 -9999 -9999 -9999 -9999 28.8972034454346 28.8996334075928 28.8908500671387 28.8361110687256 28.793830871582 28.7992382049561 28.8136539459229 28.8458995819092 28.8736724853516 28.8962821960449 28.9157428741455 28.9330425262451 28.9317874908447 28.9233684539795 28.9450054168701 28.9719467163086 29.0069465637207 29.0410976409912 29.0667152404785 29.0898532867432 29.1049499511719 29.117561340332 29.1258392333984 29.1316623687744 29.1349639892578 29.1360130310059 29.1356925964355 29.1344356536865 29.132869720459 29.1283416748047 29.1233806610107 29.1150798797607 29.1066150665283 29.0970993041992 29.0905723571777 29.0923709869385 29.0952491760254 29.099796295166 29.1101036071777 29.1256980895996 29.1474609375
-9999 -9999 -9999 -9999 -9999 28.8899478912354 28.8701725006104 28.8615341186523 28.8309192657471 28.7920169830322 28.7639293670654 28.7772388458252 28.7970237731934 28.8296279907227 28.8559532165527 28.875036239624 28.8962631225586 28.9189624786377 28.9155731201172 28.9021129608154 28.9103984832764 28.9225234985352 28.9595355987549 28.9963512420654 29.0269813537598 29.0538558959961 29.0685577392578 29.0798988342285 29.085376739502 29.0878028869629 29.0870914459229 29.0840091705322 29.0794849395752 29.0748195648193 29.0701065063477 29.0651988983154 29.0602569580078 29.0540809631348 29.048210144043 29.0442790985107 29.0435791015625 29.0518779754639 29.0606079101562 29.0699996948242 29.0843276977539 29.1031894683838 29.1274566650391
-9999 -9999 -9999 -9999 29.1203670501709 28.9592018127441 28.8899478912354 28.8295764923096 28.7694568634033 28.7495708465576 28.7383327484131 28.7602024078369 28.7853202819824 28.8168659210205 28.840576171875 28.8552494049072 28.8762664794922 28.9016399383545 28.9034252166748 28.8961029052734 28.8934326171875 28.8915824890137 28.9232711791992 28.9559803009033 28.9910621643066 29.0221500396729 29.0402755737305 29.053201675415 29.0570487976074 29.0580196380615 29.0560321807861 29.0516815185547 29.0458908081055 29.0402507781982 29.0346622467041 29.0284786224365 29.0222358703613 29.0191326141357 29.0165977478027 29.0176773071289 29.0207633972168 29.0294303894043 29.037971496582 29.0463180541992 29.0607795715332 29.0808544158936 29.1062355041504
