Ecospace-environmental-drivers/Outputs/ASCII-for-ecospace/MOM6-ISIMIP3a/tos/1982-03_tos_MOM6-ISIMIP3a.asc
NCOLS 131 
NROWS 53 
XLLCORNER -98 
YLLCORNER 23.9265270233154 
CELLSIZE 0.133587792515755 
NODATA_value -9999 
[rows 0 to 20 of 53, columns 47 to 93 of 131]
-9999 -9999 -9999 -9999 -9999 -9999 -9999 -9999 -9999 -9999 -9999 -9999 -9999 -9999 -9999 -9999 -9999 -9999 -9999 -9999 -9999 -9999 -9999 -9999 -9999 -9999 -9999 -9999 -9999 -9999 -9999 -9999 -9999 -9999 -9999 -9999 -9999 -9999 -9999 -9999 -9999 -9999 -9999 -9999 -9999 -9999 -9999
-9999 -9999 -9999 -9999 -9999 -9999 -9999 -9999 -9999 -9999 -9999 -9999 -9999 -9999 -9999 -9999 -9999 -9999 -9999 -9999 -9999 -9999 -9999 -9999 -9999 -9999 -9999 -9999 -9999 -9999 -9999 -9999 -9999 -9999 -9999 -9999 -9999 -9999 -9999 -9999 -9999 -9999 -9999 -9999 -9999 -9999 -9999
-9999 -9999 -9999 -9999 -9999 -9999 -9999 -9999 -9999 -9999 -9999 -9999 -9999 -9999 -9999 -9999 -9999 -9999 -9999 -9999 -9999 -9999 -9999 -9999 -9999 -9999 -9999 18.2259864807129 18.1218528747559 -9999 -9999 -9999 -9999 -9999 -9999 -9999 -9999 -9999 -9999 -9999 -9999 -9999 -9999 -9999 -9999 -9999 -9999
-9999 -9999 -9999 -9999 -9999 -9999 -9999 -9999 -9999 -9999 -9999 -9999 -9999 -9999 -9999 -9999 -9999 -9999 -9999 -9999 -9999 -9999 -9999 -9999 -9999 -9999 -9999 18.2379913330078 18.1193561553955 -9999 -9999 -9999 -9999 -9999 -9999 -9999 -9999 -9999 -9999 -9999 -9999 -9999 -9999 -9999 -9999 -9999 -9999
-9999 -9999 -9999 -9999 -9999 -9999 -9999 -9999 -9999 -9999 -9999 -9999 -9999 -9999 -9999 -9999 -9999 -9999 17.8262596130371 17.847713470459 17.8648777008057 17.9650001525879 18.0557193756104 18.2173099517822 18.3279132843018 18.3703632354736 18.3422775268555 18.2492008209229 18.1224956512451 17.9863758087158 -9999 -9999 18.054723739624 18.2681369781494 18.5135059356689 18.717903137207 18.8558902740479 18.9550876617432 19.0137920379639 19.032787322998 18.9891719818115 18.9073486328125 -9999 -9999 -9999 -9999 -9999
-9999 -9999 -9999 -9999 -9999 -9999 -9999 -9999 -9999 -9999 -9999 -9999 -9999 -9999 18.6540050506592 -9999 18.5171241760254 18.4018516540527 18.1374912261963 17.8262596130371 17.8520050048828 17.8648777008057 18.0651206970215 18.2371578216553 18.3496513366699 18.3969326019287 18.3645057678223 18.2653923034668 18.1177024841309 17.9843902587891 17.8570327758789 17.9058418273926 17.9892845153809 18.2690467834473 18.5460777282715 18.7253952026367 18.8822345733643 18.9600391387939 19.0229892730713 19.0583477020264 19.0170230865479 18.892147064209 18.812873840332 18.7631092071533 -9999 -9999 -9999
-9999 -9999 -9999 -9999 -9999 -9999 -9999 -9999 -9999 -9999 19.9838886260986 19.9844417572021 19.9851875305176 19.9880847930908 19.3256454467773 18.6690540313721 18.6389579772949 18.5105648040771 18.4018516540527 18.1843643188477 17.8262596130371 17.8648777008057 18.0651206970215 18.2371578216553 18.3496513366699 18.3969326019287 18.3645057678223 18.2653923034668 18.1177024841309 17.9843902587891 17.8570327758789 17.9058418273926 17.9892845153809 18.2690467834473 18.5460777282715 18.7253952026367 18.8822345733643 18.9600391387939 19.0229892730713 19.0583477020264 19.0170230865479 18.892147064209 18.812873840332 18.7631092071533 18.7499580383301 19.0624809265137 -9999
-9999 -9999 -9999 -9999 -9999 -9999 -9999 -9999 -9999 -9999 19.980920791626 19.9838886260986 19.9849948883057 -9999 19.9925765991211 19.3409595489502 18.6991500854492 18.6389579772949 18.4908866882324 18.4018516540527 18.3249797821045 18.3070945739746 18.536075592041 18.7222003936768 18.8178558349609 18.8280849456787 18.7339019775391 18.5800018310547 18.382604598999 18.2251148223877 18.0841522216797 18.1188678741455 18.188117980957 18.4454402923584 18.7071781158447 18.9440288543701 19.1510677337646 19.2532901763916 19.3296527862549 19.3579959869385 19.3309631347656 19.2435989379883 19.1881904602051 19.1534614562988 19.1886138916016 19.2488689422607 19.2006778717041
-9999 -9999 -9999 -9999 -9999 -9999 -9999 -9999 -9999 -9999 -9999 -9999 -9999 -9999 19.9900512695312 20.0015754699707 19.3750648498535 18.7593421936035 18.6389579772949 18.4318504333496 18.6076488494873 18.7994327545166 19.0581245422363 19.2581882476807 19.3344764709473 19.3030834197998 19.1400775909424 18.9260997772217 18.6749954223633 18.4925537109375 18.3385486602783 18.3584136962891 18.4124565124512 18.6455879211426 18.8908519744873 19.1898555755615 19.451000213623 19.5790271759033 19.6692600250244 19.689302444458 19.6775417327881 19.6311283111572 19.6021575927734 19.58447265625 19.4563541412354 19.2885646820068 19.1814403533936
18.0379428863525 -9999 -9999 -9999 -9999 -9999 -9999 -9999 -9999 -9999 19.9297733306885 19.9778804779053 -9999 -9999 -9999 19.9979496002197 20.018461227417 19.4606151580811 18.8797245025635 18.9152088165283 19.1194343566895 19.325325012207 19.538179397583 19.6937351226807 19.7283344268799 19.6399421691895 19.4012279510498 19.1542415618896 18.9012317657471 18.758861541748 18.6623115539551 18.6948852539062 18.7528419494629 18.9870567321777 19.2333812713623 19.5342350006104 19.7925777435303 19.9014472961426 19.9703369140625 19.9649791717529 19.9477310180664 19.9175281524658 19.9123020172119 19.9232387542725 19.7869319915771 19.5977344512939 19.3462600708008
18.0755977630615 18.0811557769775 -9999 -9999 -9999 -9999 -9999 -9999 -9999 -9999 19.9352951049805 20.0367431640625 19.9778804779053 -9999 -9999 19.9927425384521 20.0172176361084 20.0454254150391 19.7217502593994 19.4103374481201 19.6292362213135 19.8378982543945 20.0037097930908 20.11403465271 20.1072158813477 19.969539642334 19.6719264984131 19.4027500152588 19.1542873382568 19.0547771453857 19.0169563293457 19.0643615722656 19.1285228729248 19.3522129058838 19.5871467590332 19.8741912841797 20.1177825927734 20.2085914611816 20.2581424713135 20.2310733795166 20.2096195220947 20.1942825317383 20.2104225158691 20.2469253540039 20.1087093353271 19.9077281951904 19.5368804931641
18.0755977630615 18.0922737121582 18.7243690490723 19.1380138397217 -9999 -9999 -9999 -9999 -9999 -9999 -9999 20.1046733856201 20.1179695129395 19.9778804779053 19.9838886260986 19.9927425384521 20.0172176361084 20.0454254150391 20.0027809143066 19.9685974121094 20.1283950805664 20.2790355682373 20.3913536071777 20.4525337219238 20.4057598114014 20.2601852416992 19.9938564300537 19.7605075836182 19.5511817932129 19.5095024108887 19.5372524261475 19.6108741760254 19.6935138702393 19.8444175720215 20.0011749267578 20.1904239654541 20.3551769256592 20.4338073730469 20.4747676849365 20.4457740783691 20.4269847869873 20.4193153381348 20.4440479278564 20.48974609375 20.3832778930664 20.2221488952637 19.8658828735352
18.2274627685547 18.5989513397217 19.0562477111816 19.1500053405762 -9999 -9999 -9999 -9999 19.5932559967041 19.7420463562012 19.9289875030518 20.168306350708 20.2167282104492 20.1089611053467 20.0865631103516 20.1046028137207 20.1331081390381 20.1641159057617 20.3272075653076 20.495138168335 20.6014385223389 20.6985473632812 20.7571907043457 20.7705307006836 20.6882362365723 20.53688621521 20.3011341094971 20.1062259674072 19.9410667419434 19.9480838775635 20.026403427124 20.1196060180664 20.2157382965088 20.301830291748 20.3888454437256 20.4885234832764 20.5794372558594 20.6395378112793 20.6689414978027 20.64133644104 20.6260967254639 20.6243305206299 20.6547889709473 20.7060985565186 20.6400451660156 20.5318336486816 20.2259540557861
18.7589988708496 18.9068412780762 19.0824069976807 19.1500053405762 19.2077865600586 19.2988758087158 19.3903350830078 19.4836769104004 19.5932559967041 19.7420463562012 19.9289875030518 20.168306350708 20.3159332275391 20.3885383605957 20.445930480957 20.4961185455322 20.5387306213379 20.579532623291 20.7601222991943 20.9423847198486 21.0091953277588 21.0639934539795 21.0685119628906 21.0372714996338 20.9305400848389 20.7787189483643 20.5717849731445 20.4218502044678 20.3134307861328 20.3463039398193 20.4376907348633 20.5338897705078 20.6310329437256 20.6722583770752 20.7106246948242 20.7412929534912 20.7708606719971 20.7965564727783 20.8069839477539 20.7890529632568 20.7795734405518 20.7793025970459 20.8083152770996 20.8562793731689 20.8523082733154 20.8296852111816 20.663703918457
19.3749618530273 19.3776054382324 19.3721351623535 19.410135269165 19.453763961792 19.529167175293 19.6056365966797 19.6875267028809 19.7842655181885 19.9168567657471 20.0900783538818 20.3190822601318 20.5128421783447 20.6777687072754 20.7786521911621 20.8491992950439 20.9032135009766 20.9532794952393 21.1193237304688 21.2842922210693 21.3176116943359 21.3401317596436 21.3174514770508 21.2651443481445 21.1502933502197 21.0063457489014 20.8268413543701 20.7102031707764 20.6393585205078 20.6833057403564 20.7747936248779 20.8670043945312 20.9593563079834 20.9750938415527 20.9848079681396 20.9633922576904 20.9462184906006 20.9439601898193 20.9386653900146 20.9277267456055 20.9237899780273 20.9274826049805 20.9538440704346 20.9948749542236 21.0244445800781 21.0498962402344 20.9868259429932
20.1102905273438 20.0786361694336 20.0344982147217 20.0380420684814 20.0475063323975 20.0850505828857 20.125337600708 20.1795825958252 20.2453231811523 20.3388195037842 20.4789257049561 20.6830253601074 20.8478889465332 20.9806480407715 21.0736980438232 21.1479396820068 21.2095355987549 21.2681121826172 21.3743076324463 21.4772701263428 21.4855785369873 21.4900054931641 21.4781970977783 21.4380702972412 21.3381614685059 21.2138900756836 21.0598449707031 20.9600009918213 20.8996353149414 20.9337596893311 21.0070114135742 21.0853633880615 21.1647167205811 21.1823654174805 21.1917018890381 21.1421318054199 21.0988655090332 21.0777721405029 21.0613536834717 21.0536117553711 21.0549125671387 21.0660629272461 21.0880661010742 21.1170921325684 21.1398448944092 21.160343170166 21.1478862762451
20.606632232666 20.5682010650635 20.5166835784912 20.5057506561279 20.4999504089355 20.5205326080322 20.5448703765869 20.5883007049561 20.6398487091064 20.710994720459 20.8175735473633 20.9727916717529 21.0984058380127 21.199800491333 21.2802028656006 21.3506660461426 21.4114265441895 21.4698715209961 21.5411777496338 21.6086692810059 21.6077728271484 21.6055030822754 21.5974826812744 21.5667591094971 21.488109588623 21.3858127593994 21.2546119689941 21.1711101531982 21.1223487854004 21.1445693969727 21.1961860656738 21.261266708374 21.3289947509766 21.3524589538574 21.367073059082 21.3112659454346 21.2588596343994 21.2184200286865 21.1888637542725 21.1795196533203 21.1841049194336 21.2038688659668 21.2261142730713 21.2499656677246 21.2671432495117 21.281925201416 21.2901668548584
20.9017181396484 20.8796863555908 20.8471393585205 20.8385562896729 20.833402633667 20.8546257019043 20.8800487518311 20.9268360137939 20.978343963623 21.0412464141846 21.1139450073242 21.2000885009766 21.2777404785156 21.3484420776367 21.412145614624 21.4725379943848 21.5253753662109 21.5764102935791 21.633846282959 21.6882095336914 21.6914215087891 21.6920490264893 21.6818542480469 21.6581974029541 21.6061267852783 21.5277366638184 21.4171772003174 21.3496360778809 21.3134269714355 21.3219966888428 21.3491115570068 21.4014205932617 21.4586811065674 21.4912414550781 21.5159034729004 21.4723110198975 21.4250392913818 21.3648242950439 21.3204364776611 21.3054428100586 21.3116722106934 21.3410224914551 21.3673839569092 21.3918113708496 21.4044647216797 21.4128856658936 21.416633605957
21.1274223327637 21.1206531524658 21.10791015625 21.1061458587646 21.1063117980957 21.1282863616943 21.1533622741699 21.1942043304443 21.2365074157715 21.2823314666748 21.3274822235107 21.3717098236084 21.414119720459 21.4550437927246 21.5016498565674 21.5509471893311 21.5976963043213 21.6438331604004 21.6892642974854 21.73215675354 21.7388534545898 21.7442512512207 21.7442035675049 21.7358245849609 21.7098503112793 21.6591243743896 21.5781440734863 21.5240612030029 21.4895725250244 21.4873676300049 21.4985332489014 21.5367317199707 21.5802459716797 21.6170215606689 21.6473159790039 21.6167278289795 21.5795764923096 21.519344329834 21.4695777893066 21.4392509460449 21.4383888244629 21.4696311950684 21.5041370391846 21.54075050354 21.5657825469971 21.5866546630859 21.5893154144287
21.3191719055176 21.3271083831787 21.3345775604248 21.3418197631836 21.3495922088623 21.3723754882812 21.3964023590088 21.4267463684082 21.4553565979004 21.4797801971436 21.5004863739014 21.5160846710205 21.5294799804688 21.541072845459 21.570384979248 21.6080894470215 21.6496429443359 21.6921157836914 21.7264499664307 21.7586879730225 21.7685623168945 21.7796440124512 21.7957782745361 21.8066921234131 21.8065795898438 21.7853565216064 21.7383289337158 21.6964817047119 21.6584072113037 21.6468353271484 21.646240234375 21.669677734375 21.6978397369385 21.7364368438721 21.7702045440674 21.7530078887939 21.7284164428711 21.6778354644775 21.6273174285889 21.5769138336182 21.5646896362305 21.5940608978271 21.6386775970459 21.6931610107422 21.7388477325439 21.7813739776611 21.7846164703369
21.6250438690186 21.6176662445068 21.6112174987793 21.6086940765381 21.6069850921631 21.6163635253906 21.6290664672852 21.6586780548096 21.6825637817383 21.6926193237305 21.6969509124756 21.6934204101562 21.6835594177246 21.6685218811035 21.6756343841553 21.6932392120361 21.717716217041 21.7438373565674 21.769702911377 21.7954483032227 21.8196849822998 21.846508026123 21.8841552734375 21.9164810180664 21.937572479248 21.9396095275879 21.9183578491211 21.8867931365967 21.8477172851562 21.8244934082031 21.8078346252441 21.8219566345215 21.8421306610107 21.8769989013672 21.9077472686768 21.8929271697998 21.8705654144287 21.8216915130615 21.7687072753906 21.7080936431885 21.6920986175537 21.7247219085693 21.7886047363281 21.8727169036865 21.9464340209961 22.0164184570312 22.0225143432617
