Ecospace-environmental-drivers/Outputs/ASCII-for-ecospace/MOM6-ISIMIP3a/tos/1982-12_tos_MOM6-ISIMIP3a.asc
NCOLS 131 
NROWS 53 
XLLCORNER -98 
YLLCORNER 23.9265270233154 
CELLSIZE 0.133587792515755 
NODATA_value -9999 
[rows 0 to 20 of 53, columns 47 to 93 of 131]
-9999 -9999 -9999 -9999 -9999 -9999 -9999 -9999 -9999 -9999 -9999 -9999 -9999 -9999 -9999 -9999 -9999 -9999 -9999 -9999 -9999 -9999 -9999 -9999 -9999 -9999 -9999 -9999 -9999 -9999 -9999 -9999 -9999 -9999 -9999 -9999 -9999 -9999 -9999 -9999 -9999 -9999 -9999 -9999 -9999 -9999 -9999
-9999 -9999 -9999 -9999 -9999 -9999 -9999 -9999 -9999 -9999 -9999 -9999 -9999 -9999 -9999 -9999 -9999 -9999 -9999 -9999 -9999 -9999 -9999 -9999 -9999 -9999 -9999 -9999 -9999 -9999 -9999 -9999 -9999 -9999 -9999 -9999 -9999 -9999 -9999 -9999 -9999 -9999 -9999 -9999 -9999 -9999 -9999
-9999 -9999 -9999 -9999 -9999 -9999 -9999 -9999 -9999 -9999 -9999 -9999 -9999 -9999 -9999 -9999 -9999 -9999 -9999 -9999 -9999 -9999 -9999 -9999 -9999 -9999 -9999 17.944408416748 18.1010093688965 -9999 -9999 -9999 -9999 -9999 -9999 -9999 -9999 -9999 -9999 -9999 -9999 -9999 -9999 -9999 -9999 -9999 -9999
-9999 -9999 -9999 -9999 -9999 -9999 -9999 -9999 -9999 -9999 -9999 -9999 -9999 -9999 -9999 -9999 -9999 -9999 -9999 -9999 -9999 -9999 -9999 -9999 -9999 -9999 -9999 17.9315166473389 18.0738182067871 -9999 -9999 -9999 -9999 -9999 -9999 -9999 -9999 -9999 -9999 -9999 -9999 -9999 -9999 -9999 -9999 -9999 -9999
-9999 -9999 -9999 -9999 -9999 -9999 -9999 -9999 -9999 -9999 -9999 -9999 -9999 -9999 -9999 -9999 -9999 -9999 17.1956653594971 17.2109279632568 17.2231369018555 17.2943572998047 17.364709854126 17.5035839080811 17.6315059661865 17.7392520904541 17.83030128479 17.9141082763672 18.050142288208 18.2572040557861 -9999 -9999 19.5436973571777 20.1668605804443 20.742504119873 21.1664924621582 21.3439750671387 21.3683471679688 21.2320804595947 20.972972869873 20.5391750335693 20.0025482177734 -9999 -9999 -9999 -9999 -9999
-9999 -9999 -9999 -9999 -9999 -9999 -9999 -9999 -9999 -9999 -9999 -9999 -9999 -9999 17.9783229827881 -9999 17.8208522796631 17.6885643005371 17.4680690765381 17.1956653594971 17.2139797210693 17.2231369018555 17.3655776977539 17.5054149627686 17.6397609710693 17.7493419647217 17.8286533355713 17.9129085540771 18.0007648468018 18.2367534637451 18.5340919494629 18.9863452911377 19.469051361084 20.1756973266602 20.8558330535889 21.1959819793701 21.4476623535156 21.3882808685303 21.2690982818604 21.0388603210449 20.6109600067139 19.9677028656006 19.4289817810059 18.9578971862793 -9999 -9999 -9999
-9999 -9999 -9999 -9999 -9999 -9999 -9999 -9999 -9999 -9999 19.5619220733643 19.5641708374023 19.5659770965576 19.5713233947754 18.7803649902344 17.9959106445312 17.9607353210449 17.8132553100586 17.6885643005371 17.5199756622314 17.1956653594971 17.2231369018555 17.3655776977539 17.5054149627686 17.6397609710693 17.7493419647217 17.8286533355713 17.9129085540771 18.0007648468018 18.2367534637451 18.5340919494629 18.9863452911377 19.469051361084 20.1756973266602 20.8558330535889 21.1959819793701 21.4476623535156 21.3882808685303 21.2690982818604 21.0388603210449 20.6109600067139 19.9677028656006 19.4289817810059 18.9578971862793 18.8333988189697 19.2620220184326 -9999
-9999 -9999 -9999 -9999 -9999 -9999 -9999 -9999 -9999 -9999 19.5498638153076 19.5619220733643 19.5664215087891 -9999 19.5779590606689 18.7976303100586 18.0310840606689 17.9607353210449 17.7904682159424 17.6885643005371 17.6756992340088 17.7000141143799 17.8799362182617 18.060375213623 18.2419090270996 18.3977279663086 18.5221195220947 18.6525077819824 18.7872638702393 19.0306396484375 19.3190002441406 19.7798919677734 20.2747020721436 20.8965969085693 21.4946174621582 21.8134231567383 22.0612812042236 22.0596866607666 21.9921798706055 21.8022651672363 21.4347133636475 20.8736171722412 20.3302459716797 19.7983417510986 19.549747467041 19.4029197692871 19.2739410400391
-9999 -9999 -9999 -9999 -9999 -9999 -9999 -9999 -9999 -9999 -9999 -9999 -9999 -9999 19.5759334564209 19.5870227813721 18.8333759307861 18.101432800293 17.9607353210449 17.7221050262451 17.980863571167 18.232250213623 18.4527854919434 18.677209854126 18.9098491668701 19.1161613464355 19.2902965545654 19.4702186584473 19.6543560028076 19.9046115875244 20.1822490692139 20.6515064239502 21.1584300994873 21.6847400665283 22.1901702880859 22.4846458435059 22.7275238037109 22.788990020752 22.7784652709961 22.6342449188232 22.3351440429688 21.8672904968262 21.3217658996582 20.725980758667 20.1096096038818 19.48583984375 19.2126026153564
18.0377578735352 -9999 -9999 -9999 -9999 -9999 -9999 -9999 -9999 -9999 19.4335079193115 19.5375022888184 -9999 -9999 -9999 19.5859603881836 19.595193862915 18.9235572814941 18.242130279541 18.2865753173828 18.5714874267578 18.8450527191162 19.0711212158203 19.301233291626 19.5398807525635 19.7666053771973 19.9787578582764 20.1495361328125 20.2901763916016 20.5021686553955 20.743709564209 21.1793384552002 21.6531219482422 22.0355167388916 22.4024791717529 22.6517391204834 22.8647174835205 22.9501247406006 22.9817638397217 22.9135551452637 22.7304763793945 22.4222412109375 21.9769611358643 21.4430046081543 20.8050632476807 20.129768371582 19.5553798675537
18.0544357299805 18.0568981170654 -9999 -9999 -9999 -9999 -9999 -9999 -9999 -9999 19.4178428649902 19.5545635223389 19.5375022888184 -9999 -9999 19.5979099273682 19.5980491638184 19.58962059021 19.2272491455078 18.8851280212402 19.1916370391846 19.4816493988037 19.7026233673096 19.9296264648438 20.1693572998047 20.4112434387207 20.6557655334473 20.8167018890381 20.9167556762695 21.0916328430176 21.2974987030029 21.6867179870605 22.1119804382324 22.3611431121826 22.6001873016357 22.8040904998779 22.9863719940186 23.0926418304443 23.1622486114502 23.1637687683105 23.0883522033691 22.929105758667 22.5896797180176 22.1336669921875 21.4965019226074 20.7942657470703 19.9745025634766
18.0544357299805 18.0618209838867 18.4512901306152 18.6747283935547 -9999 -9999 -9999 -9999 -9999 -9999 -9999 19.6026344299316 19.6423206329346 19.5375022888184 19.5619220733643 19.5979099273682 19.5980491638184 19.58962059021 19.6180229187012 19.6664905548096 19.9701557159424 20.2458934783936 20.4047565460205 20.5814666748047 20.7958583831787 21.0247402191162 21.2713356018066 21.4186897277832 21.4937610626221 21.6376934051514 21.8101406097412 22.0843887329102 22.3786487579346 22.5518703460693 22.7195911407471 22.8773517608643 23.0246753692627 23.1352996826172 23.2203521728516 23.2579135894775 23.2453098297119 23.1780490875244 22.9745674133301 22.6829452514648 22.166410446167 21.5690841674805 20.8031272888184
18.1829242706299 18.3964977264404 18.6641654968262 18.6826782226562 -9999 -9999 -9999 -9999 18.9897518157959 19.2170429229736 19.4384803771973 19.651876449585 19.7175483703613 19.662353515625 19.6904640197754 19.7580318450928 19.7699489593506 19.7685718536377 20.0636215209961 20.3764781951904 20.6521415710449 20.8965187072754 21.0099601745605 21.1503410339355 21.3475914001465 21.5647850036621 21.8063507080078 21.9427070617676 22.0024280548096 22.1178131103516 22.2562522888184 22.4316654205322 22.6143493652344 22.7266654968262 22.8370914459229 22.9545040130615 23.0709533691406 23.1840133666992 23.2806644439697 23.3468379974365 23.3829116821289 23.3861865997314 23.2990207672119 23.1533317565918 22.7803707122803 22.3257694244385 21.6542625427246
18.6326389312744 18.6546020507812 18.6860961914062 18.6826782226562 18.6773433685303 18.7167453765869 18.7649059295654 18.8576240539551 18.9897518157959 19.2170429229736 19.4384803771973 19.651876449585 19.8277282714844 19.9728584289551 20.1403617858887 20.3184642791748 20.3716144561768 20.3949069976807 20.6462802886963 20.9080295562744 21.092794418335 21.263090133667 21.3728427886963 21.5117988586426 21.7124042510986 21.9211940765381 22.1399822235107 22.2717895507812 22.3402404785156 22.433084487915 22.5360336303711 22.6529579162598 22.7726287841797 22.8616333007812 22.9498424530029 23.041389465332 23.1371765136719 23.2478637695312 23.3464889526367 23.4227142333984 23.4721221923828 23.4923114776611 23.4723796844482 23.4264869689941 23.2544612884521 23.0371246337891 22.5616722106934
19.2100982666016 19.0966510772705 18.9655799865723 18.9340133666992 18.9147109985352 18.9515228271484 18.9974212646484 19.0895347595215 19.2114353179932 19.4052581787109 19.6037311553955 19.8085880279541 20.034008026123 20.2762508392334 20.5065670013428 20.7312335968018 20.8425045013428 20.9266815185547 21.1416816711426 21.3593368530273 21.4848098754883 21.6060218811035 21.7094039916992 21.8420925140381 22.0366554260254 22.2293224334717 22.4196701049805 22.5433559417725 22.6184902191162 22.6972141265869 22.7774276733398 22.86057472229 22.944299697876 23.0192546844482 23.0932502746582 23.1610660552979 23.2347431182861 23.3290309906006 23.4160175323486 23.4894466400146 23.5417499542236 23.5710372924805 23.5923233032227 23.6084327697754 23.572114944458 23.5169639587402 23.2284088134766
19.9681663513184 19.7987632751465 19.6091976165771 19.5406913757324 19.4876728057861 19.5182361602783 19.5586719512939 19.6493263244629 19.7465362548828 19.8595752716064 20.0026206970215 20.186861038208 20.3761577606201 20.5695896148682 20.7544441223145 20.9352321624756 21.1285057067871 21.3247623443604 21.5137195587158 21.6971893310547 21.8080615997314 21.9155292510986 22.0087451934814 22.128324508667 22.3035583496094 22.4691925048828 22.6230926513672 22.7336101531982 22.8125286102295 22.8890380859375 22.9645500183105 23.0488624572754 23.1349048614502 23.2089061737061 23.2800045013428 23.3271026611328 23.3766250610352 23.4346828460693 23.4907817840576 23.5432510375977 23.5836925506592 23.6110324859619 23.6367511749268 23.6614227294922 23.6685962677002 23.6694831848145 23.554874420166
20.5312614440918 20.3723087310791 20.1980171203613 20.1303958892822 20.0765380859375 20.0995082855225 20.1306648254395 20.2034645080566 20.2727851867676 20.3337059020996 20.4319305419922 20.5813732147217 20.7280387878418 20.8724327087402 21.0345478057861 21.205057144165 21.4249153137207 21.6565628051758 21.808521270752 21.9525165557861 22.0602779388428 22.1658611297607 22.2623233795166 22.3786392211914 22.5368690490723 22.6819095611572 22.8108291625977 22.9124011993408 22.9940547943115 23.0715293884277 23.1472721099854 23.2344245910645 23.3238201141357 23.3982925415039 23.4688606262207 23.5066871643066 23.5427322387695 23.5725135803223 23.6002807617188 23.6243133544922 23.6444454193115 23.660327911377 23.6815853118896 23.7063217163086 23.7347183227539 23.7644329071045 23.7493743896484
20.9301643371582 20.8375816345215 20.7406902313232 20.7058067321777 20.6787967681885 20.693042755127 20.7117042541504 20.7528419494629 20.7915782928467 20.824520111084 20.8868598937988 20.989559173584 21.08811378479 21.183277130127 21.3417911529541 21.5303153991699 21.7300872802734 21.932544708252 22.0382785797119 22.1383476257324 22.2526760101318 22.366361618042 22.4773597717285 22.5987033843994 22.7418880462646 22.8717594146729 22.9853553771973 23.0815410614014 23.1650466918945 23.2461624145508 23.3262901306152 23.4176921844482 23.5113124847412 23.5874557495117 23.6594867706299 23.6976852416992 23.7292404174805 23.7374439239502 23.7390289306641 23.7283306121826 23.7210388183594 23.7174587249756 23.7267646789551 23.74440574646 23.775276184082 23.8108978271484 23.8327465057373
21.2725353240967 21.2180652618408 21.1629619598389 21.1519069671631 21.1465034484863 21.1719493865967 21.1975708007812 21.2240905761719 21.2469654083252 21.2610397338867 21.2978515625 21.3658847808838 21.4332904815674 21.5001831054688 21.6580848693848 21.8590984344482 22.0407810211182 22.217845916748 22.3245944976807 22.4272861480713 22.5412292480469 22.6550407409668 22.7683010101318 22.8853950500488 23.0105800628662 23.1209564208984 23.2132301330566 23.2963523864746 23.3728103637695 23.4517993927002 23.5318355560303 23.6181621551514 23.7057247161865 23.7771759033203 23.8448333740234 23.8812656402588 23.9087734222412 23.9049034118652 23.8921527862549 23.8629131317139 23.8369007110596 23.8144035339355 23.806339263916 23.8076114654541 23.8294887542725 23.8587665557861 23.8934307098389
21.5872402191162 21.557056427002 21.5263137817383 21.5347270965576 21.5483627319336 21.5947608947754 21.6368618011475 21.6571063995361 21.6713237762451 21.6709880828857 21.6873455047607 21.726619720459 21.7711753845215 21.8200550079346 21.9788074493408 22.189603805542 22.3541774749756 22.5077075958252 22.6385879516602 22.7666816711426 22.8768367767334 22.9868698120117 23.0963878631592 23.2046909332275 23.3104305267334 23.3991947174072 23.4672107696533 23.5335140228271 23.5985698699951 23.672607421875 23.7503662109375 23.8270492553711 23.9035224914551 23.9671688079834 24.0275974273682 24.0612182617188 24.0848941802979 24.073600769043 24.0523090362549 24.0124530792236 23.9719791412354 23.9308319091797 23.9027462005615 23.8831100463867 23.8903846740723 23.9073257446289 23.9430122375488
21.8521766662598 21.8383007049561 21.826997756958 21.860200881958 21.8979759216309 21.9361629486084 21.9715366363525 21.9926071166992 22.0119476318359 22.0271129608154 22.0485363006592 22.0785522460938 22.1311111450195 22.202112197876 22.3445110321045 22.5207290649414 22.6701240539551 22.8131103515625 22.9411506652832 23.0672569274902 23.1801490783691 23.2896213531494 23.3847827911377 23.4775886535645 23.5654239654541 23.6437587738037 23.7104816436768 23.7746620178223 23.8369884490967 23.9017696380615 23.9675674438477 24.0286064147949 24.0887069702148 24.1393241882324 24.1873817443848 24.2138767242432 24.2311668395996 24.2160968780518 24.1920509338379 24.1513366699219 24.1067581176758 24.0579700469971 24.0173377990723 23.9819869995117 23.973274230957 23.9741306304932 24.0017604827881
