Ecospace-environmental-drivers/Outputs/ASCII-for-ecospace/MOM6-ISIMIP3a/tos/1982-07_tos_MOM6-ISIMIP3a.asc
NCOLS 131 
NROWS 53 
XLLCORNER -98 
YLLCORNER 23.9265270233154 
CELLSIZE 0.133587792515755 
NODATA_value -9999 
[rows 0 to 20 of 53, columns 47 to 93 of 131]
-9999 -9999 -9999 -9999 -9999 -9999 -9999 -9999 -9999 -9999 -9999 -9999 -9999 -9999 -9999 -9999 -9999 -9999 -9999 -9999 -9999 -9999 -9999 -9999 -9999 -9999 -9999 -9999 -9999 -9999 -9999 -9999 -9999 -9999 -9999 -9999 -9999 -9999 -9999 -9999 -9999 -9999 -9999 -9999 -9999 -9999 -9999
-9999 -9999 -9999 -9999 -9999 -9999 -9999 -9999 -9999 -9999 -9999 -9999 -9999 -9999 -9999 -9999 -9999 -9999 -9999 -9999 -9999 -9999 -9999 -9999 -9999 -9999 -9999 -9999 -9999 -9999 -9999 -9999 -9999 -9999 -9999 -9999 -9999 -9999 -9999 -9999 -9999 -9999 -9999 -9999 -9999 -9999 -9999
-9999 -9999 -9999 -9999 -9999 -9999 -9999 -9999 -9999 -9999 -9999 -9999 -9999 -9999 -9999 -9999 -9999 -9999 -9999 -9999 -9999 -9999 -9999 -9999 -9999 -9999 -9999 29.5474452972412 29.5529327392578 -9999 -9999 -9999 -9999 -9999 -9999 -9999 -9999 -9999 -9999 -9999 -9999 -9999 -9999 -9999 -9999 -9999 -9999
-9999 -9999 -9999 -9999 -9999 -9999 -9999 -9999 -9999 -9999 -9999 -9999 -9999 -9999 -9999 -9999 -9999 -9999 -9999 -9999 -9999 -9999 -9999 -9999 -9999 -9999 -9999 29.5420341491699 29.5515289306641 -9999 -9999 -9999 -9999 -9999 -9999 -9999 -9999 -9999 -9999 -9999 -9999 -9999 -9999 -9999 -9999 -9999 -9999
-9999 -9999 -9999 -9999 -9999 -9999 -9999 -9999 -9999 -9999 -9999 -9999 -9999 -9999 -9999 -9999 -9999 -9999 30.1666641235352 30.1395893096924 30.1179294586182 29.9915809631348 29.8852214813232 29.7147083282471 29.6128101348877 29.5673847198486 29.5425262451172 29.5364055633545 29.5471725463867 29.5710105895996 -9999 -9999 29.4756946563721 29.364185333252 29.2422122955322 29.1396903991699 29.0657291412354 29.0076675415039 28.9690189361572 28.9600200653076 28.9990539550781 29.1224155426025 -9999 -9999 -9999 -9999 -9999
-9999 -9999 -9999 -9999 -9999 -9999 -9999 -9999 -9999 -9999 -9999 -9999 -9999 -9999 30.7289428710938 -9999 30.7102680206299 30.6937942504883 30.4267959594727 30.1666641235352 30.1341743469238 30.1179294586182 29.8652305603027 29.6725063323975 29.6063899993896 29.5595359802246 29.536226272583 29.5318164825439 29.5411739349365 29.5685272216797 29.6033306121826 29.560697555542 29.5028400421143 29.3635482788086 29.226167678833 29.1369190216064 29.0559844970703 29.0042839050293 28.9627342224121 28.9400386810303 28.9772853851318 29.0798377990723 29.3101234436035 29.6230564117432 -9999 -9999 -9999
-9999 -9999 -9999 -9999 -9999 -9999 -9999 -9999 -9999 -9999 30.3110618591309 30.3128967285156 30.3138732910156 30.3156242370605 30.5222301483154 30.7299289703369 30.727954864502 30.709056854248 30.6937942504883 30.4199275970459 30.1666641235352 30.1179294586182 29.8652305603027 29.6725063323975 29.6063899993896 29.5595359802246 29.536226272583 29.5318164825439 29.5411739349365 29.5685272216797 29.6033306121826 29.560697555542 29.5028400421143 29.3635482788086 29.226167678833 29.1369190216064 29.0559844970703 29.0042839050293 28.9627342224121 28.9400386810303 28.9772853851318 29.0798377990723 29.3101234436035 29.6230564117432 29.7057590484619 29.7278823852539 -9999
-9999 -9999 -9999 -9999 -9999 -9999 -9999 -9999 -9999 -9999 30.3012199401855 30.3110618591309 30.314733505249 -9999 30.3163108825684 30.5211353302002 30.7319030761719 30.727954864502 30.7054195404053 30.6937942504883 30.3993263244629 30.1167850494385 29.8841667175293 29.7046451568604 29.6372203826904 29.5825614929199 29.5435066223145 29.5201377868652 29.5081920623779 29.5164203643799 29.5330047607422 29.4975605010986 29.4518871307373 29.3430233001709 29.2345542907715 29.1527919769287 29.0755996704102 29.0144729614258 28.9618511199951 28.9250221252441 28.9359302520752 28.9988498687744 29.1687316894531 29.4078216552734 29.6305313110352 29.8473567962646 29.9334678649902
-9999 -9999 -9999 -9999 -9999 -9999 -9999 -9999 -9999 -9999 -9999 -9999 -9999 -9999 30.3180084228516 30.312520980835 30.5152835845947 30.7358512878418 30.727954864502 30.6945095062256 30.3971366882324 30.1165390014648 29.9061508178711 29.7411727905273 29.6720581054688 29.6088542938232 29.5528736114502 29.5091018676758 29.4742240905762 29.4615249633789 29.4580135345459 29.4300308227539 29.39723777771 29.321361541748 29.2442569732666 29.1707572937012 29.097770690918 29.0265808105469 28.9621677398682 28.9103355407715 28.8928642272949 28.9128322601318 29.0166072845459 29.1746101379395 29.4737930297852 29.8236923217773 29.9726867675781
30.9682769775391 -9999 -9999 -9999 -9999 -9999 -9999 -9999 -9999 -9999 30.5101089477539 30.291130065918 -9999 -9999 -9999 30.3172149658203 30.2945995330811 30.5008010864258 30.7437496185303 30.7260723114014 30.428279876709 30.1511192321777 29.960298538208 29.8054981231689 29.7267360687256 29.6592845916748 29.605655670166 29.564115524292 29.5313777923584 29.5086669921875 29.4901103973389 29.4517078399658 29.40940284729 29.3385334014893 29.2670516967773 29.1999340057373 29.1327667236328 29.0654201507568 29.00661277771 28.9636573791504 28.9479160308838 28.9618244171143 29.0337829589844 29.1433029174805 29.3699016571045 29.6385555267334 29.8671188354492
30.9781246185303 30.9795780181885 -9999 -9999 -9999 -9999 -9999 -9999 -9999 -9999 30.570779800415 30.3602695465088 30.291130065918 -9999 -9999 30.3404350280762 30.3001480102539 30.2432155609131 30.4889335632324 30.7201194763184 30.4371566772461 30.1760787963867 30.0065879821777 29.8636589050293 29.776798248291 29.7060985565186 29.6551494598389 29.6157150268555 29.5846672058105 29.5530586242676 29.52121925354 29.4737854003906 29.4232883453369 29.3573036193848 29.2911682128906 29.2291851043701 29.1667938232422 29.1029682159424 29.0494594573975 29.0151100158691 29.0017414093018 29.0112323760986 29.0557594299316 29.1229572296143 29.2803401947021 29.470121383667 29.7470436096191
30.9781246185303 30.9824867248535 31.1557006835938 31.3672142028809 -9999 -9999 -9999 -9999 -9999 -9999 -9999 30.3464622497559 30.2587184906006 30.291130065918 30.3110618591309 30.3404350280762 30.3001480102539 30.2432155609131 30.3822345733643 30.5129356384277 30.3265972137451 30.1494445800781 30.0107383728027 29.8887615203857 29.8021030426025 29.7335109710693 29.6870002746582 29.6490116119385 29.6172294616699 29.5827045440674 29.5470409393311 29.4980297088623 29.4463958740234 29.3846454620361 29.3223876953125 29.2588405609131 29.1956253051758 29.1335830688477 29.0837345123291 29.0565299987793 29.0489902496338 29.0628776550293 29.1034908294678 29.1613941192627 29.2676544189453 29.3912830352783 29.5491600036621
30.9650211334229 31.0712623596191 31.2008571624756 31.3681983947754 -9999 -9999 -9999 -9999 31.131420135498 30.8067893981934 30.5251121520996 30.3024044036865 30.2118682861328 30.2294731140137 30.2516479492188 30.2759857177734 30.2517852783203 30.2159900665283 30.2826538085938 30.3447647094727 30.2382068634033 30.1301746368408 30.0159664154053 29.911153793335 29.8261699676514 29.7596015930176 29.7155380249023 29.6778163909912 29.6447162628174 29.6078681945801 29.5694694519043 29.5201225280762 29.4686241149902 29.4119663238525 29.3545360565186 29.2914257049561 29.2288074493408 29.1679153442383 29.1196155548096 29.0947017669678 29.0887794494629 29.1035461425781 29.1402492523193 29.1911449432373 29.2583198547363 29.3313407897949 29.4002590179443
30.9191551208496 31.046480178833 31.198751449585 31.3681983947754 31.532585144043 31.5128936767578 31.4727382659912 31.3284931182861 31.131420135498 30.8067893981934 30.5251121520996 30.3024044036865 30.1542682647705 30.0671424865723 30.0436935424805 30.0504055023193 30.08251953125 30.1207027435303 30.2008609771729 30.274133682251 30.2052459716797 30.1293125152588 30.0238952636719 29.9267711639404 29.847146987915 29.7823848724365 29.7357921600342 29.6953945159912 29.6595134735107 29.6218338012695 29.5834083557129 29.5368347167969 29.4886569976807 29.4392337799072 29.3890037536621 29.3313388824463 29.2728633880615 29.2115421295166 29.159517288208 29.1247596740723 29.1099166870117 29.1167736053467 29.1495780944824 29.1991729736328 29.2573661804199 29.3186492919922 29.3738193511963
30.7644519805908 30.9097213745117 31.0795574188232 31.2417125701904 31.3965511322021 31.3751029968262 31.3331260681152 31.1867218017578 30.9948043823242 30.6929912567139 30.4335403442383 30.2322483062744 30.0741920471191 29.951509475708 29.9123287200928 29.9127006530762 29.9737110137939 30.0492115020752 30.1295051574707 30.2026538848877 30.1670417785645 30.1212768554688 30.033016204834 29.9494132995605 29.8756408691406 29.8129386901855 29.763765335083 29.7191143035889 29.6777572631836 29.6360340118408 29.5941600799561 29.5489253997803 29.5030307769775 29.4623279571533 29.4209690093994 29.3713340759277 29.3196220397949 29.2606163024902 29.2075233459473 29.1654186248779 29.1420955657959 29.1392364501953 29.16379737854 29.2061004638672 29.2575435638428 29.3122711181641 29.3617000579834
30.4558753967285 30.6146430969238 30.7948246002197 30.9363975524902 31.068187713623 31.042501449585 30.9961280822754 30.8445110321045 30.6650371551514 30.4183025360107 30.2125034332275 30.0629062652588 29.962345123291 29.9019012451172 29.8892478942871 29.8992309570312 29.9503803253174 30.0113658905029 30.072904586792 30.1299724578857 30.1214294433594 30.1031017303467 30.0438213348389 29.9819889068604 29.9147663116455 29.8544750213623 29.8026542663574 29.7515163421631 29.7008781433105 29.6505718231201 29.6004028320312 29.5544853210449 29.5094032287598 29.4795188903809 29.4493980407715 29.4114456176758 29.3702049255371 29.3173942565918 29.2669925689697 29.2210655212402 29.1898803710938 29.1747608184814 29.1849346160889 29.2114753723145 29.2593231201172 29.3148212432861 29.3698310852051
30.2240142822266 30.3646278381348 30.5220565795898 30.6308326721191 30.7302093505859 30.7102317810059 30.672908782959 30.547342300415 30.4046936035156 30.2207927703857 30.0674343109131 29.9560031890869 29.8933792114258 29.8706893920898 29.8743629455566 29.8905239105225 29.9338436126709 29.9836521148682 30.0287265777588 30.0711612701416 30.0798835754395 30.0806617736816 30.0481910705566 30.008638381958 29.9541397094727 29.9010639190674 29.8497276306152 29.7944107055664 29.7361965179443 29.6779479980469 29.6196880340576 29.5747661590576 29.5324668884277 29.5128288269043 29.4931659698486 29.4650573730469 29.4329795837402 29.3869438171387 29.3408813476562 29.2947654724121 29.2591991424561 29.2351264953613 29.2317123413086 29.2416667938232 29.2763977050781 29.3200302124023 29.3699474334717
30.0567588806152 30.1525573730469 30.2593669891357 30.3250579833984 30.3841323852539 30.3782405853271 30.361291885376 30.2881050109863 30.2028102874756 30.0882797241211 29.9863376617432 29.9016799926758 29.8605270385742 29.8549671173096 29.8663787841797 29.8858280181885 29.9230289459229 29.964469909668 29.9950122833252 30.0240287780762 30.0417613983154 30.054630279541 30.04714012146 30.0303001403809 29.9937229156494 29.9519081115723 29.9036922454834 29.8461399078369 29.7817878723145 29.7161407470703 29.6499576568604 29.6074466705322 29.5695877075195 29.5597114562988 29.5498542785645 29.5300369262695 29.5060253143311 29.4672527313232 29.4269142150879 29.3836688995361 29.3466491699219 29.3164138793945 29.300085067749 29.2927532196045 29.3063564300537 29.3274784088135 29.3633155822754
29.9682216644287 30.0272846221924 30.0935173034668 30.1341514587402 30.1709403991699 30.1746368408203 30.171724319458 30.1352024078369 30.0899639129639 30.0236835479736 29.9610347747803 29.9033718109131 29.8776054382324 29.8779392242432 29.8899383544922 29.9074649810791 29.9353694915771 29.9657516479492 29.9843425750732 30.0020713806152 30.0190505981445 30.0330200195312 30.0344009399414 30.0286026000977 30.0076427459717 29.979211807251 29.9416446685791 29.8900451660156 29.8282222747803 29.7619037628174 29.6937255859375 29.6527557373047 29.6171340942383 29.6126899719238 29.6086044311523 29.5967502593994 29.5812759399414 29.5530681610107 29.5212326049805 29.4826583862305 29.4473915100098 29.4157295227051 29.3932857513428 29.3768062591553 29.3729152679443 29.3735466003418 29.3887042999268
29.9182109832764 29.9444847106934 29.9750576019287 29.9994583129883 30.0227756500244 30.0338611602783 30.0418853759766 30.0343341827393 30.0206890106201 29.9923267364502 29.9630374908447 29.9324760437012 29.9191207885742 29.9198436737061 29.92893409729 29.941987991333 29.959041595459 29.9770488739014 29.9849510192871 29.992431640625 30.0038795471191 30.0135746002197 30.015941619873 30.0154705047607 30.0090045928955 29.9949951171875 29.9717636108398 29.9301204681396 29.8750705718994 29.8113746643066 29.7440986633301 29.7042446136475 29.6697807312012 29.6686496734619 29.6683673858643 29.6643123626709 29.6576061248779 29.6415786743164 29.6196041107178 29.5865821838379 29.5546379089355 29.5238647460938 29.4986343383789 29.4769916534424 29.4573860168457 29.4385108947754 29.4297657012939
29.9029750823975 29.9175186157227 29.9342613220215 29.9503269195557 29.9661827087402 29.9781646728516 29.988697052002 29.9918613433838 29.9917545318604 29.9837474822998 29.974458694458 29.9634132385254 29.95969581604 29.9619731903076 29.9693470001221 29.979133605957 29.9912872314453 30.0040054321289 30.0087089538574 30.0130271911621 30.0197792053223 30.0251369476318 30.0246486663818 30.0220584869385 30.0150260925293 30.0056285858154 29.9933433532715 29.9634819030762 29.9208183288574 29.8632736206055 29.7995662689209 29.7564678192139 29.7174205780029 29.7114734649658 29.7073020935059 29.7084922790527 29.7090606689453 29.7074432373047 29.6981163024902 29.6744709014893 29.651330947876 29.6287403106689 29.6082649230957 29.5891609191895 29.5636196136475 29.5357666015625 29.5059967041016
