Ecospace-environmental-drivers/Outputs/ASCII-for-ecospace/MOM6-ISIMIP3a/tos/1983-12_tos_MOM6-ISIMIP3a.asc
NCOLS 131 
NROWS 53 
XLLCORNER -98 
YLLCORNER 23.9265270233154 
CELLSIZE 0.133587792515755 
NODATA_value -9999 
[rows 21 to 41 of 53, columns 0 to 46 of 131]
-9999 -9999 -9999 -9999 -9999 -9999 20.1839447021484 20.1985492706299 20.2365856170654 20.264440536499 20.0512676239014 19.4496726989746 19.6147480010986 20.1064624786377 20.5664196014404 20.9897346496582 21.3679294586182 21.7151412963867 21.9914932250977 22.2404842376709 22.4498767852783 22.6522846221924 22.7511234283447 22.8389301300049 22.8536796569824 22.8810005187988 22.9490814208984 23.0126190185547 23.0682315826416 23.1169548034668 23.1585884094238 23.1844997406006 23.2008304595947 23.2176151275635 23.2345485687256 23.2339878082275 23.2308902740479 23.2115497589111 23.1910762786865 23.1633892059326 23.1344261169434 23.1019096374512 23.064266204834 23.0187034606934 22.9965305328369 22.9958248138428 23.0146389007568
-9999 -9999 -9999 -9999 -9999 -9999 20.1868476867676 20.1839447021484 20.2131538391113 20.2848072052002 20.264440536499 20.4396877288818 20.7201995849609 21.2090034484863 21.6190338134766 21.9381675720215 22.2303810119629 22.5041065216064 22.7127132415771 22.8961772918701 23.0533313751221 23.2058410644531 23.2765426635742 23.3386573791504 23.3441352844238 23.3583278656006 23.4007778167725 23.4418754577637 23.4806118011475 23.519006729126 23.5570507049561 23.5770874023438 23.5861530303955 23.5943603515625 23.6022815704346 23.5977821350098 23.5915012359619 23.5760688781738 23.5595359802246 23.5359764099121 23.5109233856201 23.48171043396 23.4474277496338 23.405309677124 23.3764171600342 23.3596611022949 23.3594665527344
-9999 -9999 -9999 -9999 20.0472507476807 20.1533336639404 20.1793556213379 20.1972427368164 20.1839447021484 20.2423610687256 20.4484806060791 21.2199516296387 21.8794422149658 22.3173580169678 22.6523685455322 22.8686428070068 23.0715274810791 23.2652168273926 23.402982711792 23.5191516876221 23.6197986602783 23.7177028656006 23.7580718994141 23.792797088623 23.7910175323486 23.793888092041 23.8118305206299 23.8312377929688 23.8531970977783 23.8810424804688 23.9149475097656 23.9287605285645 23.9303340911865 23.9302234649658 23.9295501708984 23.9221668243408 23.9138431549072 23.9037303924561 23.8924922943115 23.8741035461426 23.8540306091309 23.8292655944824 23.7999610900879 23.7636413574219 23.729362487793 23.6969585418701 23.6766796112061
-9999 -9999 -9999 -9999 19.7945041656494 20.0618076324463 20.127311706543 20.1793556213379 20.2284259796143 20.8529510498047 21.4930629730225 22.1928310394287 22.7627277374268 23.0756435394287 23.3148918151855 23.4691410064697 23.5873241424561 23.6807403564453 23.7362442016602 23.7771091461182 23.8097686767578 23.8409824371338 23.8580856323242 23.8725357055664 23.8674716949463 23.8674144744873 23.8835926055908 23.898868560791 23.9125690460205 23.9311351776123 23.9547061920166 23.9681262969971 23.9753589630127 23.9808502197266 23.9857597351074 23.9817352294922 23.9764537811279 23.9682006835938 23.9588661193848 23.9426536560059 23.9253559112549 23.9050388336182 23.8825416564941 23.8566761016846 23.8311042785645 23.8057994842529 23.7886695861816
-9999 -9999 -9999 -9999 -9999 19.7945041656494 20.1460590362549 20.0752658843994 20.4307708740234 21.4895267486572 22.4553833007812 23.0656661987305 23.5381832122803 23.7381019592285 23.8901233673096 23.9868793487549 24.0314540863037 24.0401935577393 24.0275382995605 24.0066184997559 23.9822673797607 23.957311630249 23.9524383544922 23.9475250244141 23.9386100769043 23.934419631958 23.9455432891846 23.9552707672119 23.9625625610352 23.9733409881592 23.9877052307129 24.000337600708 24.0119132995605 24.0214233398438 24.0302429199219 24.0289497375488 24.0262355804443 24.0203895568848 24.0135135650635 24.0000762939453 23.9858303070068 23.9693260192871 23.9524002075195 23.9348220825195 23.9161281585693 23.896411895752 23.8813629150391
-9999 -9999 -9999 -9999 -9999 19.9813747406006 19.7945041656494 20.5351085662842 21.3253116607666 22.2400417327881 23.0570163726807 23.4998264312744 23.8408317565918 23.9803943634033 24.0826148986816 24.1417446136475 24.1613502502441 24.1538124084473 24.1348209381104 24.1114044189453 24.0781555175781 24.0431690216064 24.0219745635986 24.0016860961914 23.9864463806152 23.9728317260742 23.9644832611084 23.9624500274658 23.971435546875 23.9809684753418 23.9910640716553 24.0011863708496 24.011323928833 24.0179119110107 24.0233135223389 24.0219993591309 24.0197658538818 24.0187282562256 24.0167427062988 24.0087203979492 23.9987297058105 23.9832572937012 23.9664783477783 23.9476833343506 23.9278602600098 23.9070930480957 23.8894329071045
-9999 -9999 20.369909286499 20.3291244506836 20.2922668457031 20.1684684753418 19.9811534881592 21.0253047943115 22.1072235107422 22.8719520568848 23.5412864685059 23.845495223999 24.0789279937744 24.1723079681396 24.236629486084 24.2674198150635 24.2688331604004 24.250072479248 24.2254009246826 24.1984481811523 24.1587314605713 24.1167640686035 24.0820159912109 24.0487937927246 24.026985168457 24.0050487518311 23.9826965332031 23.9721775054932 23.9823055267334 23.9925308227539 24.002857208252 24.0123233795166 24.0212688446045 24.0261535644531 24.0296840667725 24.0316905975342 24.0335311889648 24.04150390625 24.0483150482178 24.0477123260498 24.0433769226074 24.0286521911621 24.0095386505127 23.9836483001709 23.9558353424072 23.9262580871582 23.9005737304688
-9999.000000000000000 -9999 -9999 -9999 20.5266380310059 20.4160652160645 20.5301742553711 21.5817279815674 22.6433982849121 23.2450790405273 23.7694835662842 23.9980926513672 24.1761798858643 24.254301071167 24.3066959381104 24.3294086456299 24.3274173736572 24.3084621429443 24.2795448303223 24.2467803955078 24.2059078216553 24.1636028289795 24.1213397979736 24.0805072784424 24.0515995025635 24.0237483978271 23.9993228912354 23.9874610900879 23.9975261688232 24.012674331665 24.0330543518066 24.0459175109863 24.05419921875 24.0600414276123 24.0650691986084 24.0776863098145 24.0914421081543 24.1176013946533 24.1417274475098 24.1529178619385 24.1572933197021 24.1426982879639 24.1158351898193 24.0700187683105 24.0192489624023 23.9639320373535 23.9184150695801
-9999 -9999 -9999 -9999 20.8318099975586 20.9953804016113 20.9422168731689 21.9732646942139 23.0146160125732 23.507640838623 23.9355792999268 24.1143989562988 24.2564487457275 24.325740814209 24.3707847595215 24.3878517150879 24.3826599121094 24.3621826171875 24.3305778503418 24.2946739196777 24.2477416992188 24.1988620758057 24.149393081665 24.1016807556152 24.0687408447266 24.039192199707 24.0206394195557 24.0135688781738 24.0265369415283 24.0452575683594 24.0698986053467 24.0869312286377 24.0993309020996 24.1169242858887 24.1362495422363 24.1668739318848 24.1991024017334 24.2373123168945 24.272481918335 24.2882843017578 24.2953319549561 24.2779998779297 24.2432327270508 24.1815204620361 24.1073513031006 24.0217514038086 23.9517860412598
-9999 -9999 -9999 -9999 21.0396842956543 21.0839862823486 21.1386890411377 22.157356262207 23.1783084869385 23.6310958862305 24.0235462188721 24.1850490570068 24.3153495788574 24.3839054107666 24.4273548126221 24.4418354034424 24.4337005615234 24.4100341796875 24.3776969909668 24.3420143127441 24.2828559875488 24.2195529937744 24.1632633209229 24.1095943450928 24.0764789581299 24.050537109375 24.0478534698486 24.0532913208008 24.0728969573975 24.0934906005859 24.1151027679443 24.1372852325439 24.1598148345947 24.2027397155762 24.252462387085 24.3104000091553 24.3693542480469 24.4118976593018 24.4502124786377 24.461597442627 24.463716506958 24.4400444030762 24.3971748352051 24.3246383666992 24.2265167236328 24.1049156188965 24.0046977996826
-9999 -9999 -9999 -9999 21.0839862823486 21.1502056121826 21.2279396057129 22.2084274291992 23.1952381134033 23.6510028839111 24.0473575592041 24.2163238525391 24.3542518615723 24.4307632446289 24.4779739379883 24.4913749694824 24.4808940887451 24.4540138244629 24.4185047149658 24.3796653747559 24.3087940216064 24.2322673797607 24.1695880889893 24.1112098693848 24.0861721038818 24.0695667266846 24.0802936553955 24.096700668335 24.1230220794678 24.1513366699219 24.1817016601562 24.2197933197021 24.2625904083252 24.3246002197266 24.3930130004883 24.4584560394287 24.5232639312744 24.5572490692139 24.5870780944824 24.5904350280762 24.5848903656006 24.5545692443848 24.50510597229 24.4260578155518 24.3195915222168 24.1879653930664 24.0748710632324
-9999 -9999 -9999 -9999 21.1540431976318 21.2279396057129 22.1121063232422 22.1597328186035 23.1020927429199 23.5932445526123 24.0230522155762 24.2180652618408 24.37815284729 24.4691390991211 24.5241279602051 24.5375804901123 24.5252056121826 24.4950904846191 24.4545783996582 24.4100494384766 24.3278484344482 24.2390003204346 24.1702499389648 24.1081047058105 24.0973358154297 24.0943584442139 24.1166496276855 24.1428775787354 24.1759719848633 24.2163906097412 24.264347076416 24.3264179229736 24.3970890045166 24.4734973907471 24.5518188476562 24.6099071502686 24.6649150848389 24.6806755065918 24.6932926177979 24.6859169006348 24.6706562042236 24.6334552764893 24.5785274505615 24.4962005615234 24.3930988311768 24.2709274291992 24.1579933166504
-9999 -9999 -9999 -9999 21.2279396057129 22.1591339111328 22.5836429595947 22.8523292541504 22.9217567443848 23.4752082824707 23.9635314941406 24.2025775909424 24.3970737457275 24.5034236907959 24.5648956298828 24.5745830535889 24.5568599700928 24.5203151702881 24.4727764129639 24.4209938049316 24.334545135498 24.2419776916504 24.1767807006836 24.119571685791 24.1239318847656 24.1350994110107 24.1683368682861 24.2080764770508 24.2591648101807 24.3184070587158 24.3860359191895 24.4613304138184 24.5412921905518 24.6117248535156 24.6789817810059 24.7274074554443 24.7729473114014 24.779411315918 24.783374786377 24.7714385986328 24.7514953613281 24.709264755249 24.6501007080078 24.5647659301758 24.4626636505127 24.3451709747314 24.2353935241699
-9999 -9999 -9999 -9999 -9999 22.6314659118652 22.7128448486328 22.7388687133789 22.7040481567383 23.331335067749 23.8889179229736 24.1797065734863 24.4138603210449 24.5359554290771 24.6033535003662 24.6076412200928 24.5830936431885 24.538745880127 24.4833164215088 24.4236087799072 24.3359451293945 24.2433471679688 24.185827255249 24.1372833251953 24.1571445465088 24.1826763153076 24.2265911102295 24.2814273834229 24.3553199768066 24.4362621307373 24.5244579315186 24.608362197876 24.6896533966064 24.7453804016113 24.7925872802734 24.830358505249 24.8665714263916 24.8675651550293 24.8665428161621 24.8526935577393 24.8302230834961 24.7837562561035 24.7208843231201 24.6326560974121 24.53053855896 24.4156761169434 24.3103427886963
-9999 -9999 -9999 -9999 -9999 22.6168365478516 22.5979099273682 22.5473346710205 22.6032199859619 23.2618179321289 23.8534183502197 24.1885757446289 24.4516258239746 24.5719947814941 24.6357345581055 24.6341285705566 24.6032581329346 24.5522918701172 24.4933910369873 24.4314308166504 24.3564643859863 24.279203414917 24.2352104187012 24.2000637054443 24.2325534820557 24.2723484039307 24.3358268737793 24.4049797058105 24.484037399292 24.5665874481201 24.6527290344238 24.7331199645996 24.8100090026855 24.8619842529297 24.9056568145752 24.9346294403076 24.9613475799561 24.9570007324219 24.9510345458984 24.9347438812256 24.9103813171387 24.8635482788086 24.800745010376 24.7132606506348 24.6112270355225 24.4958381652832 24.3873691558838
-9999 -9999 -9999 -9999 -9999 22.587085723877 22.5397548675537 22.5075283050537 22.5265712738037 23.2076854705811 23.8260116577148 24.2040138244629 24.4937305450439 24.6087608337402 24.6668567657471 24.6592578887939 24.6221675872803 24.5648250579834 24.5033721923828 24.4403285980225 24.3809394836426 24.322193145752 24.2929420471191 24.2721710205078 24.3166923522949 24.3707275390625 24.4556083679199 24.5389194488525 24.6194934844971 24.6994934082031 24.7788982391357 24.8532676696777 24.9245700836182 24.975061416626 25.0186157226562 25.0391750335693 25.0563621520996 25.046703338623 25.0357990264893 25.016960144043 24.990837097168 24.9444370269775 24.8824844360352 24.7964973449707 24.6945667266846 24.5779991149902 24.464822769165
-9999 -9999 -9999 -9999 -9999 -9999 22.6235904693604 22.5644016265869 22.6170825958252 23.2741470336914 23.8755702972412 24.2640228271484 24.553768157959 24.6482028961182 24.693286895752 24.6814308166504 24.6420421600342 24.5837478637695 24.5295066833496 24.4768314361572 24.4423351287842 24.4110469818115 24.4066562652588 24.4085102081299 24.4575023651123 24.5132846832275 24.5910816192627 24.6680088043213 24.7434215545654 24.8204917907715 24.8992691040039 24.9679889678955 25.0305786132812 25.0760135650635 25.1157283782959 25.1272602081299 25.1347541809082 25.1225662231445 25.1090621948242 25.0871677398682 25.0592575073242 25.0145969390869 24.9549789428711 24.8722438812256 24.771785736084 24.6550598144531 24.5401573181152
-9999 -9999 -9999 -9999 -9999 -9999 22.7683181762695 22.7988414764404 22.7303829193115 23.358211517334 23.937183380127 24.3291511535645 24.614143371582 24.6874656677246 24.7193470001221 24.7034130096436 24.6623039245605 24.6039066314697 24.5579032897949 24.5166835784912 24.5070419311523 24.5029716491699 24.5230312347412 24.5470886230469 24.6000366210938 24.6569137573242 24.7265319824219 24.7965221405029 24.8671607971191 24.9413642883301 25.0192375183105 25.0817451477051 25.134895324707 25.1742706298828 25.2090549468994 25.2118434906006 25.2101192474365 25.1958198547363 25.1800956726074 25.1553058624268 25.1257133483887 25.0827465057373 25.0255641937256 24.9464168548584 24.8478755950928 24.7315349578857 24.6153945922852
-9999 -9999 -9999 -9999 -9999 -9999 22.9213905334473 22.9417114257812 23.006929397583 23.5724430084229 24.090612411499 24.4275798797607 24.6695461273193 24.7235317230225 24.7436828613281 24.724796295166 24.6862602233887 24.6342334747314 24.6027030944824 24.5790863037109 24.5894203186035 24.6057453155518 24.6410598754883 24.6788558959961 24.7338695526123 24.7908592224121 24.8542575836182 24.9212245941162 24.9944171905518 25.066577911377 25.1376781463623 25.1878356933594 25.2252368927002 25.2495803833008 25.2695713043213 25.2669429779053 25.2611331939697 25.2478466033936 25.2328681945801 25.2071132659912 25.1769618988037 25.1345710754395 25.0802230834961 25.0073928833008 24.9148445129395 24.80419921875 24.6905994415283
-9999 -9999 -9999 -9999 -9999 22.7916469573975 22.9836387634277 23.0236206054688 23.2882385253906 23.7924728393555 24.2496604919434 24.526782989502 24.72287940979 24.7586517333984 24.7676544189453 24.7457675933838 24.7106552124023 24.6664581298828 24.6498928070068 24.6439933776855 24.6730346679688 24.7082424163818 24.7569351196289 24.8068675994873 24.864673614502 24.9225635528564 24.9807147979736 25.0445861816406 25.1184329986572 25.1862468719482 25.2478523254395 25.28537940979 25.3082370758057 25.3193111419678 25.3264541625977 25.3189659118652 25.3094310760498 25.2965488433838 25.2818737030029 25.2557716369629 25.2255115509033 25.1836814880371 25.1320152282715 25.0651512145996 24.978572845459 24.8738975524902 24.7633113861084
-9999 -9999 -9999 -9999 22.3763675689697 22.6997890472412 22.7916469573975 23.1775798797607 23.5870094299316 24.0337696075439 24.4293117523193 24.6288166046143 24.7686233520508 24.7903022766113 24.7902870178223 24.7652378082275 24.7366561889648 24.7056484222412 24.705846786499 24.7180938720703 24.7611885070801 24.8097267150879 24.8649196624756 24.9211101531982 24.9843769073486 25.0460433959961 25.1025199890137 25.1630268096924 25.2305679321289 25.2855834960938 25.3277168273926 25.3515796661377 25.3643131256104 25.3685760498047 25.3700160980225 25.3597183227539 25.3477783203125 25.3330669403076 25.3170700073242 25.2928867340088 25.2641677856445 25.222827911377 25.1732997894287 25.1111164093018 25.0304145812988 24.9327163696289 24.8268718719482
