Ecospace-environmental-drivers/Outputs/ASCII-for-ecospace/MOM6-ISIMIP3a/tos/1983-04_tos_MOM6-ISIMIP3a.asc
NCOLS 131 
NROWS 53 
XLLCORNER -98 
YLLCORNER 23.9265270233154 
CELLSIZE 0.133587792515755 
NODATA_value -9999 
[rows 0 to 20 of 53, columns 47 to 93 of 131]
-9999 -9999 -9999 -9999 -9999 -9999 -9999 -9999 -9999 -9999 -9999 -9999 -9999 -9999 -9999 -9999 -9999 -9999 -9999 -9999 -9999 -9999 -9999 -9999 -9999 -9999 -9999 -9999 -9999 -9999 -9999 -9999 -9999 -9999 -9999 -9999 -9999 -9999 -9999 -9999 -9999 -9999 -9999 -9999 -9999 -9999 -9999
-9999 -9999 -9999 -9999 -9999 -9999 -9999 -9999 -9999 -9999 -9999 -9999 -9999 -9999 -9999 -9999 -9999 -9999 -9999 -9999 -9999 -9999 -9999 -9999 -9999 -9999 -9999 -9999 -9999 -9999 -9999 -9999 -9999 -9999 -9999 -9999 -9999 -9999 -9999 -9999 -9999 -9999 -9999 -9999 -9999 -9999 -9999
-9999 -9999 -9999 -9999 -9999 -9999 -9999 -9999 -9999 -9999 -9999 -9999 -9999 -9999 -9999 -9999 -9999 -9999 -9999 -9999 -9999 -9999 -9999 -9999 -9999 -9999 -9999 18.4076404571533 18.3662109375 -9999 -9999 -9999 -9999 -9999 -9999 -9999 -9999 -9999 -9999 -9999 -9999 -9999 -9999 -9999 -9999 -9999 -9999
-9999 -9999 -9999 -9999 -9999 -9999 -9999 -9999 -9999 -9999 -9999 -9999 -9999 -9999 -9999 -9999 -9999 -9999 -9999 -9999 -9999 -9999 -9999 -9999 -9999 -9999 -9999 18.4151039123535 18.3718109130859 -9999 -9999 -9999 -9999 -9999 -9999 -9999 -9999 -9999 -9999 -9999 -9999 -9999 -9999 -9999 -9999 -9999 -9999
-9999 -9999 -9999 -9999 -9999 -9999 -9999 -9999 -9999 -9999 -9999 -9999 -9999 -9999 -9999 -9999 -9999 -9999 18.4158840179443 18.413330078125 18.4112873077393 18.3993721008301 18.394063949585 18.3973922729492 18.4168758392334 18.4405307769775 18.4438705444336 18.4236164093018 18.3778228759766 18.3139934539795 -9999 -9999 18.1067314147949 18.0407867431641 17.9991569519043 17.9842071533203 17.9952640533447 18.0127201080322 18.0439147949219 18.0907611846924 18.1529750823975 18.2482872009277 -9999 -9999 -9999 -9999 -9999
-9999 -9999 -9999 -9999 -9999 -9999 -9999 -9999 -9999 -9999 -9999 -9999 -9999 -9999 19.0287075042725 -9999 18.935094833374 18.8561820983887 18.65114402771 18.4158840179443 18.4128189086914 18.4112873077393 18.3874568939209 18.3834457397461 18.4212760925293 18.4459075927734 18.4544105529785 18.4312934875488 18.3851470947266 18.3170261383057 18.2398090362549 18.1731700897217 18.1086101531982 18.0384159088135 17.9753322601318 17.9837226867676 17.9935646057129 18.0085048675537 18.0360889434814 18.0871524810791 18.1490421295166 18.222728729248 18.3730907440186 18.5730667114258 -9999 -9999 -9999
-9999 -9999 -9999 -9999 -9999 -9999 -9999 -9999 -9999 -9999 19.6977443695068 19.7002544403076 19.7025184631348 19.709789276123 19.3746032714844 19.0388813018799 19.0185356140137 18.9305648803711 18.8561820983887 18.6813640594482 18.4158840179443 18.4112873077393 18.3874568939209 18.3834457397461 18.4212760925293 18.4459075927734 18.4544105529785 18.4312934875488 18.3851470947266 18.3170261383057 18.2398090362549 18.1731700897217 18.1086101531982 18.0384159088135 17.9753322601318 17.9837226867676 17.9935646057129 18.0085048675537 18.0360889434814 18.0871524810791 18.1490421295166 18.222728729248 18.3730907440186 18.5730667114258 18.6259174346924 18.7971248626709 -9999
-9999 -9999 -9999 -9999 -9999 -9999 -9999 -9999 -9999 -9999 19.684289932251 19.6977443695068 19.7027626037598 -9999 19.719554901123 19.3889961242676 19.0592250823975 19.0185356140137 18.9169769287109 18.8561820983887 18.7720279693604 18.6959705352783 18.6537952423096 18.6215724945068 18.6103553771973 18.5941734313965 18.5719242095947 18.5313282012939 18.4773693084717 18.4139823913574 18.3466911315918 18.3066635131836 18.2719993591309 18.2270488739014 18.188455581665 18.2156848907471 18.2391242980957 18.2492408752441 18.2570171356201 18.2604484558105 18.2833290100098 18.3274040222168 18.4375476837158 18.5904426574707 18.7808113098145 18.9846439361572 19.0071926116943
-9999 -9999 -9999 -9999 -9999 -9999 -9999 -9999 -9999 -9999 -9999 -9999 -9999 -9999 19.7156200408936 19.7352619171143 19.4163360595703 19.0999145507812 19.0185356140137 18.8762149810791 18.9590225219727 19.0138683319092 18.9516830444336 18.8885650634766 18.8234786987305 18.7624473571777 18.7063694000244 18.6463737487793 18.5835247039795 18.5255718231201 18.4696464538574 18.4587841033936 18.4567813873291 18.4385528564453 18.4259185791016 18.4737911224365 18.5123386383057 18.5180931091309 18.5045433044434 18.4551372528076 18.4347724914551 18.446044921875 18.5120429992676 18.6134490966797 18.7859020233154 18.9838771820068 19.023021697998
18.8517627716064 -9999 -9999 -9999 -9999 -9999 -9999 -9999 -9999 -9999 19.5594215393066 19.6704978942871 -9999 -9999 -9999 19.7312965393066 19.7566699981689 19.4752578735352 19.1812953948975 19.2033653259277 19.311580657959 19.3855171203613 19.3159847259521 19.2374286651611 19.1398239135742 19.0508899688721 18.9725494384766 18.8938751220703 18.8149566650391 18.7684459686279 18.7353553771973 18.7398376464844 18.7517051696777 18.7150707244873 18.6856670379639 18.7444648742676 18.7980690002441 18.8334121704102 18.8216781616211 18.7225227355957 18.6621494293213 18.6440353393555 18.6842956542969 18.7623310089111 18.8510189056396 18.9435329437256 18.9936065673828
18.8537502288818 18.8540439605713 -9999 -9999 -9999 -9999 -9999 -9999 -9999 -9999 19.5136890411377 19.6162414550781 19.6704978942871 -9999 -9999 19.7378978729248 19.7582473754883 19.7738666534424 19.6443424224854 19.5219707489014 19.6488246917725 19.737398147583 19.6657581329346 19.5784244537354 19.4579601287842 19.348913192749 19.2538223266602 19.1599807739258 19.0670490264893 19.02734375 19.0096797943115 19.0226554870605 19.041654586792 18.9884395599365 18.9437084197998 19.0079975128174 19.0702629089355 19.1254043579102 19.1131553649902 18.9757556915283 18.8865985870361 18.8499984741211 18.8687915802002 18.9234218597412 18.9312038421631 18.9221591949463 18.961799621582
18.8537502288818 18.8546314239502 19.0670433044434 19.2236385345459 -9999 -9999 -9999 -9999 -9999 -9999 -9999 19.6071262359619 19.6775608062744 19.6704978942871 19.6977443695068 19.7378978729248 19.7582473754883 19.7738666534424 19.7812938690186 19.7947387695312 19.903923034668 19.9832496643066 19.9376049041748 19.8772144317627 19.7856941223145 19.6983280181885 19.616039276123 19.5258712768555 19.4299621582031 19.372184753418 19.3302001953125 19.3149337768555 19.3049221038818 19.2449188232422 19.1925811767578 19.2332229614258 19.2698345184326 19.2922763824463 19.2669944763184 19.1530857086182 19.0953273773193 19.0987434387207 19.1189403533936 19.1499938964844 19.0922222137451 19.0025424957275 18.9171581268311
18.8886680603027 19.0139579772949 19.1722240447998 19.2273578643799 -9999 -9999 -9999 -9999 19.3755435943604 19.4085636138916 19.4883708953857 19.6324081420898 19.7005996704102 19.7067356109619 19.7415409088135 19.789924621582 19.8151569366455 19.8348598480225 19.9394073486328 20.0479278564453 20.1294288635254 20.1906299591064 20.1668834686279 20.1287040710449 20.06005859375 19.9906749725342 19.9203872680664 19.8382301330566 19.7474269866943 19.6802310943604 19.6228122711182 19.5877456665039 19.5570735931396 19.4953460693359 19.4394111633301 19.4512920379639 19.4587593078613 19.4507007598877 19.4142894744873 19.3252201080322 19.2950782775879 19.3291397094727 19.3580150604248 19.3835353851318 19.292444229126 19.1594657897949 18.984935760498
19.0108776092529 19.0877532958984 19.1784934997559 19.2273578643799 19.2713317871094 19.2990608215332 19.3260650634766 19.3493843078613 19.3755435943604 19.4085636138916 19.4883708953857 19.6324081420898 19.7399044036865 19.8175029754639 19.8948268890381 19.9720211029053 20.0143451690674 20.04833984375 20.150426864624 20.25217628479 20.280948638916 20.3018379211426 20.2897338867188 20.2619323730469 20.2009906768799 20.1403427124023 20.0800514221191 20.0167598724365 19.9512805938721 19.8962936401367 19.8456554412842 19.8118877410889 19.7814388275146 19.730640411377 19.6811237335205 19.6514720916748 19.6210651397705 19.5880088806152 19.5452213287354 19.4843673706055 19.4723873138428 19.5136585235596 19.5694007873535 19.6345024108887 19.5906829833984 19.5077342987061 19.3337688446045
19.1168880462646 19.1724605560303 19.2300720214844 19.2754440307617 19.3188953399658 19.3443202972412 19.3704738616943 19.4003429412842 19.4313373565674 19.4650535583496 19.5403137207031 19.672607421875 19.7925548553467 19.902400970459 19.9945030212402 20.0781993865967 20.1308135986328 20.1759986877441 20.2680110931396 20.3578777313232 20.3696937561035 20.3807487487793 20.3886260986328 20.3773021697998 20.3254413604736 20.2720203399658 20.2166919708252 20.1652736663818 20.1167087554932 20.0716667175293 20.0280857086182 19.995906829834 19.965970993042 19.9301891326904 19.8923454284668 19.836462020874 19.7807598114014 19.725700378418 19.675142288208 19.6329479217529 19.6308479309082 19.6724338531494 19.7416820526123 19.8288288116455 19.8305435180664 19.801570892334 19.6582698822021
19.1999931335449 19.2725963592529 19.3457088470459 19.3915157318115 19.4337024688721 19.4535636901855 19.4776668548584 19.5233459472656 19.5660152435303 19.6014137268066 19.6656970977783 19.7696418762207 19.8640747070312 19.9507236480713 20.0183849334717 20.0770492553711 20.1303291320801 20.1823234558105 20.2534980773926 20.3242530822754 20.3696842193604 20.4139976501465 20.4536418914795 20.4674167633057 20.4265880584717 20.3782615661621 20.3207740783691 20.271354675293 20.2278118133545 20.189510345459 20.153377532959 20.123197555542 20.0941867828369 20.0791969299316 20.0604553222656 19.9999752044678 19.9367599487305 19.8639373779297 19.8036346435547 19.7665882110596 19.762659072876 19.7948131561279 19.8586807250977 19.9430694580078 19.9878711700439 20.0184497833252 19.9483661651611
19.3570098876953 19.4254455566406 19.4924774169922 19.5320320129395 19.5680561065674 19.5847015380859 19.6073818206787 19.6607608795166 19.7115440368652 19.7560577392578 19.8158664703369 19.8966751098633 19.9708671569824 20.039644241333 20.0921649932861 20.1369857788086 20.1872310638428 20.2387733459473 20.2932758331299 20.3480854034424 20.4043750762939 20.4600677490234 20.5132637023926 20.5390796661377 20.5070972442627 20.4645595550537 20.409122467041 20.3648376464844 20.3286762237549 20.3014316558838 20.2778778076172 20.2529411315918 20.2277317047119 20.2293930053711 20.2275676727295 20.181978225708 20.1269302368164 20.0386199951172 19.9667778015137 19.9255142211914 19.910228729248 19.9232444763184 19.9710369110107 20.0413303375244 20.1023082733154 20.1599388122559 20.1470775604248
19.5762691497803 19.6226806640625 19.6654644012451 19.6931324005127 19.7188701629639 19.7342758178711 19.7560634613037 19.8103084564209 19.8662090301514 19.9261016845703 19.9869079589844 20.0489730834961 20.107364654541 20.1627502441406 20.2079658508301 20.2483654022217 20.2924575805664 20.3374347686768 20.3787727355957 20.4203052520752 20.4682884216309 20.5169315338135 20.5683441162109 20.5952033996582 20.5702285766602 20.5340614318848 20.4842166900635 20.4477100372314 20.4209175109863 20.4083652496338 20.4017105102539 20.3847503662109 20.3657665252686 20.3805866241455 20.3938407897949 20.3795547485352 20.3458728790283 20.2439975738525 20.1590995788574 20.10573387146 20.0710678100586 20.0567722320557 20.0794830322266 20.1261348724365 20.180627822876 20.2379379272461 20.2688293457031
19.7963676452637 19.8350028991699 19.8702125549316 19.892068862915 19.9125232696533 19.9320106506348 19.9561977386475 20.0042991638184 20.0530090332031 20.1031856536865 20.1566696166992 20.2146873474121 20.2671985626221 20.3152008056641 20.3546600341797 20.3900699615479 20.4272003173828 20.4647426605225 20.492618560791 20.5199508666992 20.5490303039551 20.5789051055908 20.6121120452881 20.6291275024414 20.6119632720947 20.5856380462646 20.54811668396 20.5240383148193 20.5097484588623 20.5118999481201 20.5208587646484 20.5147476196289 20.5056743621826 20.5344562530518 20.5629425048828 20.5748615264893 20.5615921020508 20.4597644805908 20.3731842041016 20.314920425415 20.2667350769043 20.2295341491699 20.2187366485596 20.2250232696533 20.2570819854736 20.298397064209 20.339958190918
20.0168762207031 20.0547103881836 20.090503692627 20.1095237731934 20.1271438598633 20.1533107757568 20.1815090179443 20.2200355529785 20.2555332183838 20.2837181091309 20.3258018493652 20.3869686126709 20.4384517669678 20.4820137023926 20.5164699554443 20.5466136932373 20.5763854980469 20.6060676574707 20.6203365325928 20.6330184936523 20.6380081176758 20.6433811187744 20.6503429412842 20.6521873474121 20.6432266235352 20.6284408569336 20.6065406799316 20.5971641540527 20.5969104766846 20.61376953125 20.637716293335 20.6438579559326 20.6464996337891 20.6896343231201 20.7334308624268 20.7690582275391 20.7757320404053 20.6806144714355 20.5979156494141 20.5382804870605 20.4794502258301 20.4214935302734 20.373067855835 20.3308067321777 20.3326225280762 20.3502712249756 20.3863105773926
20.1667900085449 20.2104797363281 20.2538204193115 20.2788219451904 20.3025436401367 20.3423709869385 20.3832092285156 20.4291915893555 20.4667854309082 20.4841289520264 20.5158615112305 20.5673542022705 20.6130428314209 20.653980255127 20.6888008117676 20.720724105835 20.7387161254883 20.753381729126 20.744270324707 20.7327861785889 20.7105445861816 20.6914310455322 20.6854038238525 20.6806507110596 20.6785888671875 20.6744022369385 20.6676235198975 20.6722030639648 20.6850605010986 20.710636138916 20.7414817810059 20.7605876922607 20.7773857116699 20.8225059509277 20.8680610656738 20.9075908660889 20.9216537475586 20.846170425415 20.7753467559814 20.7131729125977 20.6560611724854 20.6044654846191 20.5391540527344 20.4649677276611 20.4275646209717 20.4033756256104 20.4323768615723
