Ecospace-environmental-drivers/Outputs/ASCII-for-ecospace/MOM6-ISIMIP3a/tos/1985-09_tos_MOM6-ISIMIP3a.asc
NCOLS 131 
NROWS 53 
XLLCORNER -98 
YLLCORNER 23.9265270233154 
CELLSIZE 0.133587792515755 
NODATA_value -9999 
[rows 0 to 20 of 53, columns 47 to 93 of 131]
-9999 -9999 -9999 -9999 -9999 -9999 -9999 -9999 -9999 -9999 -9999 -9999 -9999 -9999 -9999 -9999 -9999 -9999 -9999 -9999 -9999 -9999 -9999 -9999 -9999 -9999 -9999 -9999 -9999 -9999 -9999 -9999 -9999 -9999 -9999 -9999 -9999 -9999 -9999 -9999 -9999 -9999 -9999 -9999 -9999 -9999 -9999
-9999 -9999 -9999 -9999 -9999 -9999 -9999 -9999 -9999 -9999 -9999 -9999 -9999 -9999 -9999 -9999 -9999 -9999 -9999 -9999 -9999 -9999 -9999 -9999 -9999 -9999 -9999 -9999 -9999 -9999 -9999 -9999 -9999 -9999 -9999 -9999 -9999 -9999 -9999 -9999 -9999 -9999 -9999 -9999 -9999 -9999 -9999
-9999 -9999 -9999 -9999 -9999 -9999 -9999 -9999 -9999 -9999 -9999 -9999 -9999 -9999 -9999 -9999 -9999 -9999 -9999 -9999 -9999 -9999 -9999 -9999 -9999 -9999 -9999 27.3698463439941 27.3667221069336 -9999 -9999 -9999 -9999 -9999 -9999 -9999 -9999 -9999 -9999 -9999 -9999 -9999 -9999 -9999 -9999 -9999 -9999
-9999 -9999 -9999 -9999 -9999 -9999 -9999 -9999 -9999 -9999 -9999 -9999 -9999 -9999 -9999 -9999 -9999 -9999 -9999 -9999 -9999 -9999 -9999 -9999 -9999 -9999 -9999 27.3709659576416 27.3664093017578 -9999 -9999 -9999 -9999 -9999 -9999 -9999 -9999 -9999 -9999 -9999 -9999 -9999 -9999 -9999 -9999 -9999 -9999
-9999 -9999 -9999 -9999 -9999 -9999 -9999 -9999 -9999 -9999 -9999 -9999 -9999 -9999 -9999 -9999 -9999 -9999 27.2772750854492 27.2813663482666 27.2846393585205 27.3037300109863 27.3200149536133 27.3466491699219 27.3631763458252 27.3707313537598 27.3736438751221 27.3721218109131 27.367130279541 27.3599739074707 -9999 -9999 27.4068241119385 27.4505615234375 27.4904079437256 27.5154323577881 27.5218162536621 27.5199890136719 27.507381439209 27.4869556427002 27.4588832855225 27.447172164917 -9999 -9999 -9999 -9999 -9999
-9999 -9999 -9999 -9999 -9999 -9999 -9999 -9999 -9999 -9999 -9999 -9999 -9999 -9999 27.2339935302734 -9999 27.2155437469482 27.2003688812256 27.2354698181152 27.2772750854492 27.2821846008301 27.2846393585205 27.3228225708008 27.3525810241699 27.3645458221436 27.3724040985107 27.3752422332764 27.3732852935791 27.3678379058838 27.3602676391602 27.3518180847168 27.3717403411865 27.3972415924072 27.4514904022217 27.502950668335 27.5167827606201 27.5265636444092 27.522102355957 27.511302947998 27.4887390136719 27.4608249664307 27.4270839691162 27.4536056518555 27.5191230773926 -9999 -9999 -9999
-9999 -9999 -9999 -9999 -9999 -9999 -9999 -9999 -9999 -9999 27.8801975250244 27.8757343292236 27.8713436126709 27.8565216064453 27.5381031036377 27.2360725402832 27.2319145202637 27.2143459320068 27.2003688812256 27.2287635803223 27.2772750854492 27.2846393585205 27.3228225708008 27.3525810241699 27.3645458221436 27.3724040985107 27.3752422332764 27.3732852935791 27.3678379058838 27.3602676391602 27.3518180847168 27.3717403411865 27.3972415924072 27.4514904022217 27.502950668335 27.5167827606201 27.5265636444092 27.522102355957 27.511302947998 27.4887390136719 27.4608249664307 27.4270839691162 27.4536056518555 27.5191230773926 27.5364379882812 27.6741237640381 -9999
-9999 -9999 -9999 -9999 -9999 -9999 -9999 -9999 -9999 -9999 27.9041290283203 27.8801975250244 27.8712711334229 -9999 27.835729598999 27.5242309570312 27.2402305603027 27.2319145202637 27.2107524871826 27.2003688812256 27.208646774292 27.2318172454834 27.317310333252 27.3827323913574 27.4057865142822 27.4229526519775 27.4329223632812 27.4408836364746 27.4473857879639 27.4526519775391 27.4574089050293 27.4769821166992 27.4994678497314 27.5266780853271 27.5506782531738 27.5416069030762 27.5338516235352 27.5307331085205 27.5219612121582 27.5026912689209 27.4843826293945 27.4671211242676 27.5019073486328 27.5703716278076 27.6804523468018 27.8054828643799 27.568042755127
-9999 -9999 -9999 -9999 -9999 -9999 -9999 -9999 -9999 -9999 -9999 -9999 -9999 -9999 27.8451538085938 27.799690246582 27.5041694641113 27.2485466003418 27.2319145202637 27.19997215271 27.1725044250488 27.1766490936279 27.3130855560303 27.4170341491699 27.4524002075195 27.4798736572266 27.4977054595947 27.5163383483887 27.5355567932129 27.5544605255127 27.5732364654541 27.5918827056885 27.6105041503906 27.607795715332 27.6014556884766 27.5673313140869 27.5403938293457 27.5387229919434 27.5324687957764 27.5176982879639 27.510368347168 27.5111484527588 27.5544452667236 27.6252555847168 27.7119159698486 27.804271697998 27.5091762542725
28.6993579864502 -9999 -9999 -9999 -9999 -9999 -9999 -9999 -9999 -9999 28.1178188323975 27.9286575317383 -9999 -9999 -9999 27.8107719421387 27.7438087463379 27.4858093261719 27.2651786804199 27.2664661407471 27.2384262084961 27.2413063049316 27.3735809326172 27.4785423278809 27.5258407592773 27.5624885559082 27.5861206054688 27.603515625 27.6163673400879 27.6276187896729 27.638204574585 27.6375999450684 27.6347961425781 27.6064395904541 27.5756149291992 27.5299091339111 27.4939517974854 27.4922733306885 27.4975681304932 27.5158176422119 27.529914855957 27.5394878387451 27.568510055542 27.6101188659668 27.6203498840332 27.6193103790283 27.4028148651123
28.7759666442871 28.7872753143311 -9999 -9999 -9999 -9999 -9999 -9999 -9999 -9999 28.1831531524658 28.0230560302734 27.9286575317383 -9999 -9999 27.8087825775146 27.7433338165283 27.6793117523193 27.5093040466309 27.3418292999268 27.3172073364258 27.32080078125 27.4424896240234 27.5428447723389 27.5981693267822 27.640157699585 27.665843963623 27.6800594329834 27.6859188079834 27.6882286071777 27.6890659332275 27.6699447631836 27.646900177002 27.5967178344727 27.5451011657715 27.4892768859863 27.4454879760742 27.4440231323242 27.4596424102783 27.5069885253906 27.5421447753906 27.5640163421631 27.5825443267822 27.5989055633545 27.5458068847656 27.4677581787109 27.3291034698486
28.7759666442871 28.8098926544189 28.7433013916016 28.730619430542 -9999 -9999 -9999 -9999 -9999 -9999 -9999 28.0404167175293 27.9532527923584 27.9286575317383 27.8801975250244 27.8087825775146 27.7433338165283 27.6793117523193 27.5699768066406 27.4647693634033 27.4649543762207 27.4798851013184 27.5565204620361 27.6221504211426 27.6645450592041 27.6913051605225 27.69895362854 27.699577331543 27.6950836181641 27.6815376281738 27.6642436981201 27.6305465698242 27.5936260223389 27.5421295166016 27.4895286560059 27.4314212799072 27.3861713409424 27.3861255645752 27.4054851531982 27.4608860015869 27.5151309967041 27.568115234375 27.5964183807373 27.6087512969971 27.5625839233398 27.4953994750977 27.4305191040039
28.7488288879395 28.7413597106934 28.6934585571289 28.7284908294678 -9999 -9999 -9999 -9999 28.5259799957275 28.3317356109619 28.1597232818604 28.0182285308838 27.9432964324951 27.9228267669678 27.8733081817627 27.8100299835205 27.747766494751 27.6857452392578 27.6216926574707 27.5630397796631 27.5850429534912 27.6100978851318 27.6479244232178 27.6822566986084 27.7092189788818 27.7196788787842 27.7099666595459 27.6972007751465 27.6822109222412 27.65744972229 27.6286430358887 27.5870628356934 27.5429725646973 27.4925441741943 27.4411277770996 27.3823528289795 27.3357429504395 27.3318977355957 27.3493595123291 27.4063911437988 27.4712944030762 27.5447692871094 27.5816612243652 27.594877243042 27.5641765594482 27.5176982879639 27.5064182281494
28.653844833374 28.67751121521 28.6880340576172 28.7284908294678 28.7699069976807 28.7544994354248 28.7276878356934 28.6428546905518 28.5259799957275 28.3317356109619 28.1597232818604 28.0182285308838 27.9305324554443 27.8868522644043 27.8491973876953 27.814395904541 27.7632808685303 27.7082691192627 27.6510181427002 27.5996398925781 27.6359825134277 27.6681365966797 27.6827602386475 27.6943740844727 27.6996383666992 27.6911144256592 27.6657390594482 27.6400928497314 27.6142501831055 27.5898685455322 27.5660934448242 27.5333633422852 27.4988708496094 27.4554691314697 27.4106521606445 27.3552532196045 27.3075370788574 27.28684425354 27.2883071899414 27.3309154510498 27.3853969573975 27.4528160095215 27.4953193664551 27.5217018127441 27.5278129577637 27.5266456604004 27.5185356140137
28.5703163146973 28.5913372039795 28.6138362884521 28.6412773132324 28.6675243377686 28.6478443145752 28.6188678741455 28.5426158905029 28.440616607666 28.2764453887939 28.12819480896 28.0017986297607 27.9154758453369 27.8619403839111 27.8327903747559 27.8151874542236 27.7769374847412 27.7337532043457 27.6902351379395 27.6516075134277 27.6845016479492 27.7096080780029 27.7021198272705 27.6937599182129 27.6835556030273 27.6613349914551 27.6244297027588 27.5895462036133 27.5561370849609 27.5316276550293 27.5108070373535 27.4841403961182 27.4563236236572 27.4203834533691 27.3829174041748 27.3335018157959 27.2875556945801 27.2538070678711 27.2397174835205 27.2621402740479 27.300313949585 27.3556537628174 27.3996391296387 27.4362773895264 27.4656505584717 27.4924125671387 27.5033130645752
28.5029830932617 28.4736003875732 28.4424057006836 28.4307632446289 28.4203948974609 28.3903942108154 28.3561992645264 28.3006591796875 28.2345657348633 28.1429862976074 28.0520935058594 27.9621429443359 27.8971843719482 27.8526725769043 27.8272724151611 27.8109245300293 27.7879657745361 27.763427734375 27.7434387207031 27.7253036499023 27.7295970916748 27.727653503418 27.6996040344238 27.6751480102539 27.6582813262939 27.6298370361328 27.5872421264648 27.5482730865479 27.5119457244873 27.48659324646 27.465784072876 27.4412441253662 27.4159717559814 27.3881092071533 27.3590564727783 27.3193168640137 27.2791996002197 27.2377548217773 27.2087478637695 27.2028350830078 27.2163829803467 27.2511310577393 27.2907581329346 27.3335399627686 27.3670101165771 27.3971328735352 27.44944190979
28.4548225402832 28.4048748016357 28.3518886566162 28.3194274902344 28.2888450622559 28.2522068023682 28.2143783569336 28.1704883575439 28.1231288909912 28.0673847198486 28.0073986053467 27.9415855407715 27.8889961242676 27.8472232818604 27.8227939605713 27.8065776824951 27.7913093566895 27.7762680053711 27.7666606903076 27.7572193145752 27.7447528839111 27.7281398773193 27.6941757202148 27.6637840270996 27.6409320831299 27.6086025238037 27.5646915435791 27.5249137878418 27.4881439208984 27.4594612121582 27.4341239929199 27.4096183776855 27.385274887085 27.3615970611572 27.3373603820801 27.3074378967285 27.2752208709717 27.234935760498 27.2002239227295 27.1758632659912 27.1676139831543 27.1769218444824 27.2027816772461 27.2393550872803 27.2756195068359 27.3117752075195 27.3752613067627
28.4228076934814 28.3774261474609 28.3295116424561 28.2916145324707 28.2546253204346 28.2144508361816 28.1743278503418 28.1344566345215 28.0913677215576 28.0405082702637 27.9891510009766 27.9371128082275 27.8893165588379 27.8449935913086 27.8191909790039 27.8021621704102 27.7881832122803 27.7749347686768 27.7646350860596 27.7539520263672 27.7346935272217 27.7138366699219 27.6862964630127 27.6585216522217 27.6302547454834 27.5960121154785 27.5544681549072 27.516637802124 27.4815139770508 27.4474048614502 27.4137153625488 27.3874797821045 27.3627090454102 27.3399333953857 27.3174858093262 27.2974987030029 27.2749271392822 27.243257522583 27.2106037139893 27.1761169433594 27.148458480835 27.1282405853271 27.1324138641357 27.1523704528809 27.1903343200684 27.234769821167 27.2839756011963
28.4239025115967 28.3811111450195 28.3363132476807 28.2941646575928 28.2523078918457 28.2110023498535 28.1697463989258 28.128734588623 28.0862045288086 28.0400047302246 27.9959697723389 27.9549083709717 27.9141292572021 27.8735809326172 27.8474788665771 27.828218460083 27.807373046875 27.7861480712891 27.7701683044434 27.7541065216064 27.7316131591797 27.7090682983398 27.68630027771 27.6606178283691 27.6287841796875 27.5934886932373 27.5539608001709 27.5173225402832 27.4827899932861 27.446403503418 27.4092464447021 27.381420135498 27.3554267883301 27.3382740020752 27.321605682373 27.3064842224121 27.2886219024658 27.261116027832 27.2314758300781 27.1978664398193 27.1658248901367 27.1354923248291 27.1244659423828 27.1259326934814 27.1497440338135 27.1815814971924 27.2118911743164
28.4412021636963 28.4000339508057 28.3573951721191 28.3115730285645 28.2656021118164 28.2243404388428 28.1825199127197 28.137845993042 28.0940551757812 28.0524063110352 28.0150527954102 27.9836025238037 27.950927734375 27.9172496795654 27.8913726806641 27.8691864013672 27.8374824523926 27.803503036499 27.7793979644775 27.7559356689453 27.7319507598877 27.7089653015137 27.6901607513428 27.6663131713867 27.6318206787109 27.5958919525146 27.5582065582275 27.5223922729492 27.4879360198975 27.4508113861084 27.4125804901123 27.383228302002 27.3556232452393 27.3464012145996 27.3374691009521 27.3247318267822 27.3091621398926 27.2836418151855 27.2574806213379 27.2301330566406 27.2010631561279 27.1701164245605 27.147066116333 27.1291255950928 27.1310253143311 27.1400508880615 27.149206161499
28.4924907684326 28.456127166748 28.4190349578857 28.3771286010742 28.3347969055176 28.2942867279053 28.2530136108398 28.2078628540039 28.1647758483887 28.1266746520996 28.09401512146 28.0688228607178 28.0450401306152 28.0224132537842 27.9986934661865 27.9744548797607 27.9326286315918 27.8866004943848 27.8529529571533 27.8202171325684 27.788366317749 27.756814956665 27.7265224456787 27.6927623748779 27.651683807373 27.611780166626 27.5733127593994 27.5360107421875 27.4995594024658 27.4617443084717 27.4233646392822 27.397102355957 27.3732204437256 27.3649845123291 27.3563556671143 27.3382244110107 27.3181304931641 27.291145324707 27.2678661346436 27.2514724731445 27.2361068725586 27.2218627929688 27.2067604064941 27.191104888916 27.1804904937744 27.1716861724854 27.1594905853271
