Ecospace-environmental-drivers/Outputs/ASCII-for-ecospace/MOM6-ISIMIP3a/tos/1985-07_tos_MOM6-ISIMIP3a.asc
NCOLS 131 
NROWS 53 
XLLCORNER -98 
YLLCORNER 23.9265270233154 
CELLSIZE 0.133587792515755 
NODATA_value -9999 
[rows 21 to 41 of 53, columns 0 to 46 of 131]
-9999 -9999 -9999 -9999 -9999 -9999 28.5553588867188 28.5505867004395 28.5437870025635 28.5371170043945 28.6380271911621 28.778377532959 28.746675491333 28.6522445678711 28.606029510498 28.6154518127441 28.642110824585 28.6806106567383 28.7161846160889 28.7506275177002 28.7793598175049 28.8070831298828 28.8177280426025 28.8270397186279 28.8283672332764 28.8299236297607 28.8322257995605 28.835994720459 28.8423252105713 28.8500709533691 28.8592681884766 28.8661518096924 28.8716259002686 28.8774681091309 28.8834362030029 28.8919143676758 28.9007301330566 28.9080848693848 28.9150142669678 28.9192390441895 28.9219608306885 28.9205017089844 28.9171199798584 28.9107685089111 28.9053859710693 28.9008941650391 28.9015941619873
-9999 -9999 -9999 -9999 -9999 -9999 28.5557594299316 28.5553588867188 28.5458145141602 28.5368537902832 28.5371170043945 28.5985889434814 28.6276149749756 28.5924434661865 28.5854473114014 28.6109657287598 28.6431732177734 28.6799736022949 28.7127723693848 28.744026184082 28.7707538604736 28.7966823577881 28.8115921020508 28.8254413604736 28.8324718475342 28.8391876220703 28.8448848724365 28.851541519165 28.8598709106445 28.8694152832031 28.8802108764648 28.8909168243408 28.9015712738037 28.9131088256836 28.9249420166016 28.938045501709 28.951301574707 28.9612674713135 28.970552444458 28.9754848480225 28.9788951873779 28.9780616760254 28.9754676818848 28.9701557159424 28.9656085968018 28.9617652893066 28.9619884490967
-9999 -9999 -9999 -9999 28.5794830322266 28.5630054473877 28.5568580627441 28.5550632476807 28.5553588867188 28.5362701416016 28.5186710357666 28.5067691802979 28.5104579925537 28.5450057983398 28.5807437896729 28.6178607940674 28.6528167724609 28.6862907409668 28.7147750854492 28.7413311004639 28.7647132873535 28.7875328063965 28.8059463500977 28.8236560821533 28.8362903594971 28.8481292724609 28.8573780059814 28.8670558929443 28.877477645874 28.8888473510742 28.9011917114258 28.9157848358154 28.9317474365234 28.949146270752 28.9670219421387 28.9848232269287 29.0025768280029 29.0150089263916 29.026517868042 29.0321426391602 29.0362720489502 29.0362319946289 29.0346031188965 29.0305233001709 29.0269432067871 29.0238227844238 29.0235118865967
-9999 -9999 -9999 -9999 28.6178340911865 28.5802326202393 28.5691528320312 28.5568580627441 28.5529727935791 28.5035247802734 28.4691677093506 28.4925842285156 28.5257587432861 28.578239440918 28.6250247955322 28.6652336120605 28.6994285583496 28.7294902801514 28.7538604736328 28.7760334014893 28.7932758331299 28.8096485137939 28.8230152130127 28.8359775543213 28.8461036682129 28.8559761047363 28.865026473999 28.8752365112305 28.8874683380127 28.9010467529297 28.9160099029541 28.9330539703369 28.9513645172119 28.970085144043 28.9889430999756 29.007152557373 29.0252151489258 29.0354900360107 29.0448513031006 29.0484008789062 29.0506477355957 29.0492649078369 29.0473537445068 29.0446243286133 29.0425930023193 29.041202545166 29.0407104492188
-9999 -9999 -9999 -9999 -9999 28.6178340911865 28.5770816802979 28.5814476013184 28.5410957336426 28.4767150878906 28.4366512298584 28.4896583557129 28.546911239624 28.6125621795654 28.6674175262451 28.7098159790039 28.7428245544434 28.7693843841553 28.7894840240479 28.8070888519287 28.8185405731201 28.8289051055908 28.8377532958984 28.8464870452881 28.8545398712158 28.8628273010254 28.8718795776367 28.8826923370361 28.8965721130371 28.9121112823486 28.9293556213379 28.9483470916748 28.9684028625488 28.9880180358887 29.0074844360352 29.0252552032471 29.0427207946777 29.0502872467041 29.0570030212402 29.0583076477051 29.0585441589355 29.0558032989502 29.0534038543701 29.0515327453613 29.0504913330078 29.0502109527588 29.0494079589844
-9999 -9999 -9999 -9999 -9999 28.5863208770752 28.6178340911865 28.552188873291 28.4876022338867 28.4759426116943 28.478609085083 28.5361003875732 28.5937328338623 28.6516437530518 28.701530456543 28.7421588897705 28.7721290588379 28.7947807312012 28.8099231719971 28.8221664428711 28.8293437957764 28.8356266021729 28.8422718048096 28.8490581512451 28.8569450378418 28.8653144836426 28.8752555847168 28.8869686126709 28.9017791748047 28.9181880950928 28.9362449645996 28.9549865722656 28.9741439819336 28.9927673339844 29.0112113952637 29.0248355865479 29.0377178192139 29.040168762207 29.0420570373535 29.0403652191162 29.0380210876465 29.033863067627 29.030086517334 29.0269050598145 29.0243968963623 29.0225028991699 29.0208168029785
-9999 -9999 28.5243701934814 28.5300006866455 28.5338916778564 28.5547695159912 28.5863571166992 28.5186862945557 28.4540233612061 28.4858989715576 28.5228900909424 28.579460144043 28.6335468292236 28.6827220916748 28.7277908325195 28.7681255340576 28.7952289581299 28.8132457733154 28.8225994110107 28.8286094665527 28.8306713104248 28.8320350646973 28.8364334106445 28.841272354126 28.8492107391357 28.8580379486084 28.8697509765625 28.8832664489746 28.8999271392822 28.9181079864502 28.9378528594971 28.9571151733398 28.9760856628418 28.9934368133545 29.0102462768555 29.0192489624023 29.0271167755127 29.0269374847412 29.0265331268311 29.0246906280518 29.0223941802979 29.018835067749 29.01535987854 29.0120124816895 29.0091133117676 29.0066242218018 29.0049133300781
-9999.000000000000000 -9999 -9999 -9999 28.5013408660889 28.5130138397217 28.4937705993652 28.475923538208 28.4638957977295 28.5192584991455 28.5722370147705 28.616096496582 28.6580753326416 28.6963348388672 28.7369174957275 28.7801780700684 28.8047847747803 28.8165836334229 28.818338394165 28.8162155151367 28.8113212585449 28.8059368133545 28.8079986572266 28.8108901977539 28.8193550109863 28.8294563293457 28.8448696136475 28.8621482849121 28.8826751708984 28.9045925140381 28.9279346466064 28.9494094848633 28.9697437286377 28.9852066040039 28.999044418335 29.0023937225342 29.004301071167 29.0069160461426 29.0097484588623 29.0139636993408 29.0174465179443 29.0188941955566 29.0193729400635 29.0183563232422 29.0174179077148 29.0165500640869 29.0166912078857
-9999 -9999 -9999 -9999 28.4611034393311 28.4362373352051 28.4375457763672 28.4574890136719 28.4819240570068 28.5475101470947 28.605541229248 28.634651184082 28.6659526824951 28.7015914916992 28.7430114746094 28.7911033630371 28.8129615783691 28.816801071167 28.8123893737793 28.8047943115234 28.7959575653076 28.786901473999 28.7874717712402 28.7891063690186 28.7978572845459 28.8084869384766 28.8252048492432 28.8444747924805 28.8681983947754 28.8930587768555 28.9190921783447 28.9417285919189 28.9622974395752 28.9744052886963 28.9836940765381 28.9853401184082 28.9859924316406 28.9952068328857 29.0046005249023 29.0151329040527 29.0240821838379 29.0286312103271 29.031717300415 29.0325489044189 29.033561706543 29.0347442626953 29.0369548797607
-9999 -9999 -9999 -9999 28.4351482391357 28.4340591430664 28.4327144622803 28.4696636199951 28.5102100372314 28.5693378448486 28.6186599731445 28.6304569244385 28.6528797149658 28.6963310241699 28.7452926635742 28.8006134033203 28.8193969726562 28.8130912780762 28.8043212890625 28.7945995330811 28.7856101989746 28.7767505645752 28.7768955230713 28.7781391143799 28.7868785858154 28.7970943450928 28.8121013641357 28.8311386108398 28.8572120666504 28.8840236663818 28.9115982055664 28.93408203125 28.953462600708 28.9603729248047 28.9631271362305 28.96803855896 28.9733581542969 28.9939575195312 29.0140933990479 29.0312671661377 29.0452919006348 29.0505409240723 29.0545425415039 29.0566139221191 29.0595703125 29.0633392333984 29.067892074585
-9999 -9999 -9999 -9999 28.4340591430664 28.4324321746826 28.4305210113525 28.4724197387695 28.517162322998 28.5693969726562 28.6118125915527 28.6166496276855 28.6373882293701 28.6895942687988 28.7458610534668 28.806812286377 28.8240852355957 28.8113574981689 28.8002223968506 28.7896995544434 28.7815551757812 28.7738285064697 28.7742462158203 28.775764465332 28.7849655151367 28.7954730987549 28.8102188110352 28.8291072845459 28.8552227020264 28.8811569213867 28.9069023132324 28.9261627197266 28.9414710998535 28.9465637207031 28.9482536315918 28.9599323272705 28.9730949401855 29.0006256103516 29.0268974304199 29.0451545715332 29.0600242614746 29.0654640197754 29.0702133178711 29.0738906860352 29.079309463501 29.0863265991211 29.0944957733154
-9999 -9999 -9999 -9999 28.432336807251 28.4305210113525 28.4613151550293 28.468111038208 28.5081081390381 28.553129196167 28.5899925231934 28.595630645752 28.6200771331787 28.6817455291748 28.7451419830322 28.8105316162109 28.8274593353271 28.811107635498 28.7991027832031 28.7887725830078 28.7822189331055 28.776330947876 28.7775402069092 28.7798328399658 28.789852142334 28.8011798858643 28.8167552947998 28.8355560302734 28.8599853515625 28.8829174041748 28.9043083190918 28.918041229248 28.9271087646484 28.9329223632812 28.937650680542 28.9587211608887 28.9821071624756 29.0132293701172 29.0421886444092 29.0573558807373 29.0699024200439 29.0751495361328 29.0805187225342 29.0860786437988 29.0943489074707 29.1051063537598 29.1178512573242
-9999 -9999 -9999 -9999 28.4305210113525 28.4520378112793 28.4664077758789 28.4742088317871 28.481388092041 28.5224189758301 28.5574474334717 28.5694885253906 28.6005725860596 28.6693305969238 28.7390613555908 28.8099155426025 28.8293476104736 28.8134670257568 28.8022289276123 28.7927837371826 28.789270401001 28.7868041992188 28.7886581420898 28.7914562225342 28.8013114929199 28.8124103546143 28.8275356292725 28.8446788787842 28.8653411865234 28.8840293884277 28.9006843566895 28.9124240875244 28.9211692810059 28.9312171936035 28.9416961669922 28.9660606384277 28.992359161377 29.0207614898682 29.0470714569092 29.0600528717041 29.0713939666748 29.0781707763672 29.0856552124023 29.09423828125 29.1051349639893 29.1181545257568 29.1330070495605
-9999 -9999 -9999 -9999 -9999 28.4479751586914 28.4499073028564 28.4569034576416 28.4470958709717 28.4855194091797 28.5203037261963 28.5411529541016 28.5801239013672 28.654956817627 28.7306823730469 28.8074417114258 28.8305988311768 28.8169422149658 28.8071746826172 28.7989101409912 28.7990608215332 28.8006954193115 28.8031311035156 28.8063144683838 28.8155899047852 28.8260097503662 28.8401374816895 28.8549480438232 28.8709526062012 28.8848628997803 28.8966178894043 28.9078788757324 28.9188404083252 28.934627532959 28.9520225524902 28.9770660400391 29.0031433105469 29.0261211395264 29.0474948883057 29.0586757659912 29.0692920684814 29.0783367156982 29.0885791778564 29.1006736755371 29.1140995025635 29.1287479400635 29.1446495056152
-9999 -9999 -9999 -9999 -9999 28.4266128540039 28.4276084899902 28.4186115264893 28.4220523834229 28.4509010314941 28.4804039001465 28.512414932251 28.5596160888672 28.6368732452393 28.7168254852295 28.7998867034912 28.829870223999 28.8234024047852 28.8158798217773 28.8079471588135 28.810375213623 28.8146305084229 28.8173141479492 28.8206119537354 28.8292865753174 28.8388347625732 28.8512096405029 28.8639621734619 28.8773708343506 28.8901653289795 28.9023246765137 28.9157257080078 28.9298839569092 28.9469470977783 28.9649791717529 28.9864826202393 29.0084419250488 29.0269985198975 29.0446815490723 29.0568161010742 29.0688591003418 29.0806503295898 29.0928401947021 29.105640411377 29.1184978485107 29.1314067840576 29.1453742980957
-9999 -9999 -9999 -9999 -9999 28.4029293060303 28.4023208618164 28.4073104858398 28.39892578125 28.4167537689209 28.4399318695068 28.4835929870605 28.5390930175781 28.6180229187012 28.7018337249756 28.79128074646 28.8287334442139 28.8304786682129 28.8253593444824 28.8175888061523 28.8220062255859 28.8285732269287 28.8314399719238 28.8347911834717 28.8428630828857 28.8514995574951 28.861967086792 28.8727169036865 28.8839588165283 28.896390914917 28.9100513458252 28.9261360168457 28.9436950683594 28.9611110687256 28.978479385376 28.9955711364746 29.0126056671143 29.026948928833 29.0411987304688 29.0548572540283 29.0687732696533 29.0834121704102 29.0973777770996 29.1103057861328 29.1219520568848 29.1324234008789 29.1438388824463
-9999 -9999 -9999 -9999 -9999 -9999 28.3788566589355 28.3810386657715 28.3818073272705 28.3937931060791 28.4135875701904 28.4632835388184 28.5222187042236 28.599437713623 28.6831512451172 28.774356842041 28.8208980560303 28.8367652893066 28.8355045318604 28.8276309967041 28.8328189849854 28.8403129577637 28.8451099395752 28.8501663208008 28.8578834533691 28.8662796020508 28.8768749237061 28.8876209259033 28.898624420166 28.9109306335449 28.9245719909668 28.939474105835 28.9551448822021 28.9706249237061 28.9860420227051 29.0006828308105 29.0152149200439 29.0293483734131 29.0435237884521 29.0579586029053 29.0724143981934 29.0869255065918 29.0997657775879 29.1100234985352 29.1200294494629 29.1298046112061 29.1393718719482
-9999 -9999 -9999 -9999 -9999 -9999 28.3532409667969 28.3482227325439 28.3634910583496 28.3714332580566 28.3891277313232 28.4441528320312 28.5059700012207 28.581226348877 28.6642818450928 28.7563362121582 28.811975479126 28.8426036834717 28.8455047607422 28.8376979827881 28.8433437347412 28.8513641357422 28.8583488464355 28.865364074707 28.8728122711182 28.8810138702393 28.8916606903076 28.9023056030273 28.9129467010498 28.9248809814453 28.9381484985352 28.9516639709473 28.9653282165527 28.978946685791 28.9925479888916 29.0051155090332 29.0175552368164 29.0316410064697 29.0458507537842 29.0608539581299 29.0756301879883 29.0897808074951 29.1014423370361 29.1092586517334 29.1178646087646 29.1271953582764 29.1351089477539
-9999 -9999 -9999 -9999 -9999 -9999 28.3211536407471 28.3304615020752 28.3295001983643 28.3501510620117 28.3780269622803 28.4335441589355 28.4946556091309 28.5668392181396 28.6451683044434 28.7305908203125 28.7946548461914 28.8440532684326 28.8536396026611 28.8478546142578 28.8511848449707 28.8561248779297 28.8672199249268 28.878101348877 28.8860855102539 28.8942794799805 28.9031620025635 28.9117221832275 28.9197216033936 28.9286136627197 28.9384250640869 28.9501781463623 28.9631118774414 28.9767456054688 28.9906120300293 29.0042018890381 29.0177555084229 29.0315952301025 29.0454177856445 29.0591144561768 29.0725479125977 29.0852508544922 29.0965518951416 29.1056861877441 29.1156673431396 29.1264247894287 29.1344318389893
-9999 -9999 -9999 -9999 -9999 28.2755146026611 28.2899589538574 28.2847766876221 28.2963619232178 28.3294715881348 28.3674468994141 28.42405128479 28.4848880767822 28.5540981292725 28.6275234222412 28.7058162689209 28.7766895294189 28.8424701690674 28.8588848114014 28.8562335968018 28.8574962615967 28.8594493865967 28.8734169006348 28.8870449066162 28.8956604003906 28.9039192199707 28.9110221862793 28.9174861907959 28.9228286743164 28.9289436340332 28.9358501434326 28.9461917877197 28.958625793457 28.9723854064941 28.9865856170654 29.0008316040039 29.0150814056396 29.0286312103271 29.0420703887939 29.054817199707 29.0673408508301 29.079252243042 29.0908546447754 29.1019840240479 29.1137142181396 29.125997543335 29.1342811584473
-9999 -9999 -9999 -9999 28.5052337646484 28.3487491607666 28.2755146026611 28.2690830230713 28.2663536071777 28.3109893798828 28.3587837219238 28.4186553955078 28.4807872772217 28.547384262085 28.6152591705322 28.6846027374268 28.7563610076904 28.829776763916 28.8535289764404 28.8581066131592 28.8582019805908 28.8575077056885 28.8698139190674 28.8820838928223 28.8916835784912 28.9002647399902 28.90553855896 28.9098529815674 28.9124946594238 28.9168033599854 28.9228267669678 28.9330463409424 28.9458179473877 28.9601001739502 28.9748859405518 28.9884624481201 29.0018711090088 29.0149536132812 29.0280380249023 29.0411396026611 29.054349899292 29.0678653717041 29.0822010040283 29.0978088378906 29.1126613616943 29.1268215179443 29.1360454559326
