Ecospace-environmental-drivers/Outputs/ASCII-for-ecospace/MOM6-ISIMIP3a/tos/1985-10_tos_MOM6-ISIMIP3a.asc
NCOLS 131 
NROWS 53 
XLLCORNER -98 
YLLCORNER 23.9265270233154 
CELLSIZE 0.133587792515755 
NODATA_value -9999 
[rows 21 to 41 of 53, columns 0 to 46 of 131]
-9999 -9999 -9999 -9999 -9999 -9999 26.7894020080566 26.7841320037842 26.767333984375 26.736722946167 26.6411380767822 26.4905624389648 26.5174198150635 26.5974178314209 26.6642322540283 26.7158393859863 26.7490139007568 26.7695350646973 26.7941951751709 26.8204574584961 26.8575782775879 26.896614074707 26.9044208526611 26.9087333679199 26.8896160125732 26.8678455352783 26.8374652862549 26.8064079284668 26.7741641998291 26.7397975921631 26.7032413482666 26.6880378723145 26.6858425140381 26.6852397918701 26.6851673126221 26.6653938293457 26.642936706543 26.6257610321045 26.6066360473633 26.5750827789307 26.541109085083 26.5003871917725 26.4598979949951 26.4197616577148 26.3980407714844 26.3932189941406 26.3869552612305
-9999 -9999 -9999 -9999 -9999 -9999 26.7906665802002 26.7894020080566 26.7788619995117 26.764347076416 26.736722946167 26.6961307525635 26.6893138885498 26.7493286132812 26.7907447814941 26.8107013702393 26.8289031982422 26.8458995819092 26.8683052062988 26.8927974700928 26.9233551025391 26.954984664917 26.9533405303955 26.9489555358887 26.9278144836426 26.9061641693115 26.8828620910645 26.85618019104 26.8235950469971 26.7962398529053 26.7742652893066 26.7720355987549 26.781831741333 26.789026260376 26.795352935791 26.7773284912109 26.7559108734131 26.7305793762207 26.7040691375732 26.6700592041016 26.6369285583496 26.6062507629395 26.5787506103516 26.5561618804932 26.5451641082764 26.5448055267334 26.5373249053955
-9999 -9999 -9999 -9999 26.7801151275635 26.7894077301025 26.7910575866699 26.791540145874 26.7894020080566 26.7683219909668 26.762939453125 26.8176460266113 26.8628692626953 26.889331817627 26.9010028839111 26.8956089019775 26.9019680023193 26.9163970947266 26.9353218078613 26.9559841156006 26.9789772033691 27.0023822784424 26.993501663208 26.9826469421387 26.9612350463867 26.9413166046143 26.9262428283691 26.9050464630127 26.8731651306152 26.8539810180664 26.847864151001 26.8586883544922 26.8798294067383 26.8935661315918 26.9048328399658 26.8877906799316 26.8667430877686 26.8326530456543 26.7983264923096 26.762487411499 26.7306880950928 26.7101402282715 26.6957950592041 26.6910362243652 26.6909599304199 26.6951789855957 26.6862754821777
-9999 -9999 -9999 -9999 26.7577056884766 26.7822914123535 26.7877578735352 26.7910575866699 26.7941608428955 26.8336544036865 26.8704643249512 26.8969955444336 26.9183177947998 26.9293346405029 26.9391059875488 26.9474449157715 26.9589519500732 26.9726371765137 26.9860363006592 26.9993267059326 27.0093021392822 27.0186939239502 27.0036430358887 26.9878273010254 26.9700965881348 26.9543151855469 26.9448528289795 26.9315090179443 26.9113922119141 26.9031200408936 26.9070358276367 26.9228782653809 26.945987701416 26.9573040008545 26.9646911621094 26.9480590820312 26.928035736084 26.8978290557861 26.8678798675537 26.8395767211914 26.8139190673828 26.7956199645996 26.7838134765625 26.782039642334 26.7848014831543 26.7917232513428 26.7844657897949
-9999 -9999 -9999 -9999 -9999 26.7577056884766 26.7926445007324 26.784460067749 26.8169898986816 26.900764465332 26.9673709869385 26.9682636260986 26.9688014984131 26.9686393737793 26.9778671264648 26.997932434082 27.0157623291016 27.0320568084717 27.0427207946777 27.0512084960938 27.0513572692871 27.0500373840332 27.0295486450195 27.008996963501 26.9914226531982 26.9762210845947 26.9687175750732 26.9605236053467 26.9511222839355 26.9532527923584 26.967248916626 26.9882144927979 27.0134296417236 27.0239219665527 27.0295066833496 27.0135517120361 26.9945545196533 26.9664440155029 26.9391269683838 26.916862487793 26.8961067199707 26.8795585632324 26.8697376251221 26.8703174591064 26.8745250701904 26.8820571899414 26.8754329681396
-9999 -9999 -9999 -9999 -9999 26.7792568206787 26.7577056884766 26.8373527526855 26.9190521240234 26.9756641387939 27.0177268981934 27.0040969848633 26.9975166320801 27.0048847198486 27.019510269165 27.0425128936768 27.0718078613281 27.1054229736328 27.1255722045898 27.1405220031738 27.1448421478271 27.1472873687744 27.1245670318604 27.1002655029297 27.0673904418945 27.0371837615967 27.0156269073486 27.0007266998291 26.9974460601807 27.0077476501465 27.0320281982422 27.0585784912109 27.0865077972412 27.1031627655029 27.116060256958 27.1019439697266 27.0839786529541 27.0501441955566 27.0178070068359 26.9950008392334 26.9737339019775 26.9567470550537 26.9464931488037 26.946647644043 26.9461879730225 26.9451656341553 26.9347305297852
-9999 -9999 26.8254699707031 26.820276260376 26.815113067627 26.8008346557617 26.7792320251465 26.8981494903564 27.0168495178223 27.046257019043 27.0642795562744 27.0387325286865 27.0272693634033 27.0436744689941 27.0653533935547 27.0931186676025 27.1307907104492 27.1752624511719 27.2006301879883 27.2186183929443 27.2254199981689 27.2302474975586 27.2093334197998 27.1859436035156 27.1466236114502 27.1088695526123 27.0761947631836 27.0551471710205 27.0543937683105 27.0690269470215 27.0994930267334 27.1294059753418 27.1589813232422 27.1806774139404 27.1997489929199 27.1906909942627 27.1775894165039 27.1428890228271 27.1095142364502 27.0845832824707 27.0611515045166 27.0418891906738 27.0288677215576 27.0254878997803 27.0196075439453 27.0114326477051 26.9979476928711
-9999.000000000000000 -9999 -9999 -9999 26.8448810577393 26.8293895721436 26.84255027771 26.9761924743652 27.1053447723389 27.1074466705322 27.1025314331055 27.0707473754883 27.0592823028564 27.0880165100098 27.1203632354736 27.1568756103516 27.1961841583252 27.2374114990234 27.2586822509766 27.2722454071045 27.2778377532959 27.2820205688477 27.271728515625 27.2594242095947 27.2329788208008 27.2039546966553 27.1665630340576 27.1405849456787 27.1345233917236 27.1451053619385 27.1728096008301 27.2012462615967 27.230131149292 27.2544250488281 27.2771873474121 27.280216217041 27.2803344726562 27.25537109375 27.2296524047852 27.1991329193115 27.1699295043945 27.1443881988525 27.1235027313232 27.1098079681396 27.0968589782715 27.0845947265625 27.0697154998779
-9999 -9999 -9999 -9999 26.884485244751 26.9044170379639 26.8952789306641 27.0493297576904 27.1977558135986 27.1794834136963 27.1566772460938 27.1165142059326 27.1014080047607 27.1358776092529 27.1732749938965 27.2140483856201 27.2527656555176 27.2900733947754 27.3070259094238 27.3161201477051 27.3185043334961 27.3197040557861 27.3152713775635 27.3095893859863 27.2945117950439 27.2750263214111 27.2412452697754 27.2167053222656 27.2082862854004 27.2161388397217 27.2407341003418 27.2678165435791 27.2964134216309 27.322961807251 27.3488273620605 27.3622894287109 27.3738460540771 27.3587055206299 27.3414249420166 27.310510635376 27.2797298431396 27.2493171691895 27.222074508667 27.199728012085 27.1807537078857 27.1648750305176 27.1498832702637
-9999 -9999 -9999 -9999 26.9120330810547 26.9196491241455 26.9290523529053 27.1162929534912 27.295093536377 27.2651653289795 27.2308216094971 27.1795825958252 27.1562576293945 27.1881656646729 27.2235488891602 27.2629413604736 27.2982654571533 27.3307971954346 27.3431568145752 27.3477268218994 27.344388961792 27.3396549224854 27.3350944519043 27.3304252624512 27.3248176574707 27.3158893585205 27.2961940765381 27.2811012268066 27.2740383148193 27.2808284759521 27.3018741607666 27.327751159668 27.3565711975098 27.3849449157715 27.4131698608398 27.4349918365479 27.4557418823242 27.4505367279053 27.4426765441895 27.4179000854492 27.3908157348633 27.3573017120361 27.3255977630615 27.2966938018799 27.273006439209 27.2541122436523 27.2406177520752
-9999 -9999 -9999 -9999 26.9196491241455 26.9310321807861 26.9443950653076 27.1657886505127 27.3780860900879 27.3470706939697 27.3104572296143 27.2524166107178 27.222469329834 27.2481117248535 27.2779998779297 27.3127918243408 27.3427295684814 27.3693351745605 27.3761329650879 27.3752822875977 27.3660697937012 27.3553810119629 27.3503360748291 27.3459281921387 27.3457775115967 27.3436870574951 27.3353061676025 27.3289222717285 27.3260250091553 27.3346881866455 27.3552494049072 27.3826789855957 27.4142932891846 27.4488048553467 27.4842834472656 27.5141983032227 27.5431423187256 27.5440425872803 27.5417308807373 27.5189552307129 27.4922389984131 27.4545497894287 27.419132232666 27.3872241973877 27.3627490997314 27.3450965881348 27.3356304168701
-9999 -9999 -9999 -9999 26.9316921234131 26.9443950653076 27.2063617706299 27.2021808624268 27.4503154754639 27.4261455535889 27.3942127227783 27.332576751709 27.2972030639648 27.3137989044189 27.3355865478516 27.3633594512939 27.3864154815674 27.4062328338623 27.4067459106445 27.3998012542725 27.3845977783203 27.3679351806641 27.3621425628662 27.3574275970459 27.3597259521484 27.3616828918457 27.3625392913818 27.3643131256104 27.3676853179932 27.3804225921631 27.4027996063232 27.4338512420654 27.4701862335205 27.5140724182129 27.560474395752 27.5982837677002 27.634672164917 27.6388053894043 27.6391372680664 27.6152610778809 27.5864181518555 27.5437450408936 27.5051708221436 27.4729290008545 27.4506072998047 27.4373893737793 27.4338512420654
-9999 -9999 -9999 -9999 26.9443950653076 27.2802066802979 27.417610168457 27.5130825042725 27.5069580078125 27.5002460479736 27.4809188842773 27.4133071899414 27.3709716796875 27.3786506652832 27.3946151733398 27.4201393127441 27.4390964508057 27.4535427093506 27.4431667327881 27.4232082366943 27.4018802642822 27.3803119659424 27.3741016387939 27.3693561553955 27.3740062713623 27.3791236877441 27.3857612609863 27.3936309814453 27.4036521911621 27.4220027923584 27.4489212036133 27.4873542785645 27.5328006744385 27.5853252410889 27.640209197998 27.6808261871338 27.7192287445068 27.7237415313721 27.7238178253174 27.6956481933594 27.6609764099121 27.6082057952881 27.5641822814941 27.5336799621582 27.5162220001221 27.5107402801514 27.5129833221436
-9999 -9999 -9999 -9999 -9999 27.5206470489502 27.5524559020996 27.5375671386719 27.5569190979004 27.5722160339355 27.5688915252686 27.4942855834961 27.4443283081055 27.4431419372559 27.4542617797852 27.4795799255371 27.4956283569336 27.505313873291 27.4820804595947 27.4461364746094 27.4186305999756 27.3926124572754 27.3861293792725 27.3814678192139 27.388427734375 27.3963260650635 27.407262802124 27.4203472137451 27.4371814727783 27.4618015289307 27.4944324493408 27.5418567657471 27.5982933044434 27.6591415405273 27.7214622497559 27.7627086639404 27.8007965087891 27.8044662475586 27.8030471801758 27.769214630127 27.7271270751953 27.6620655059814 27.6116123199463 27.5837364196777 27.5723056793213 27.5759696960449 27.5839309692383
-9999 -9999 -9999 -9999 -9999 27.5975780487061 27.5918731689453 27.6067199707031 27.6063442230225 27.6341228485107 27.6403560638428 27.5641174316406 27.5101985931396 27.5004405975342 27.5072631835938 27.5332202911377 27.5485935211182 27.5566959381104 27.5266876220703 27.4819641113281 27.4500350952148 27.4203624725342 27.4137725830078 27.4092025756836 27.4172515869141 27.4267864227295 27.4411373138428 27.4589099884033 27.4826583862305 27.514518737793 27.5547256469727 27.6073513031006 27.6675415039062 27.7272338867188 27.7867603302002 27.8229713439941 27.8557243347168 27.855827331543 27.850679397583 27.812084197998 27.7655830383301 27.697078704834 27.6454181671143 27.6197814941406 27.6104145050049 27.6159763336182 27.6240367889404
-9999 -9999 -9999 -9999 -9999 27.6501560211182 27.648401260376 27.6313343048096 27.6556606292725 27.6939487457275 27.7084045410156 27.6316452026367 27.574520111084 27.5562477111816 27.5588893890381 27.5856609344482 27.6008186340332 27.6079998016357 27.5724754333496 27.5204582214355 27.4844703674316 27.4513092041016 27.4446487426758 27.4401702880859 27.4490528106689 27.4599876403809 27.4775714874268 27.4999256134033 27.5306072235107 27.5699081420898 27.6180782318115 27.6751194000244 27.7375679016113 27.7941417694092 27.8487567901611 27.8787593841553 27.9051399230957 27.9011135101318 27.8917770385742 27.8486022949219 27.7983093261719 27.7281932830811 27.6764030456543 27.6529293060303 27.6448020935059 27.6507625579834 27.6577587127686
-9999 -9999 -9999 -9999 -9999 -9999 27.7101917266846 27.7071495056152 27.7097511291504 27.735424041748 27.7418994903564 27.6749076843262 27.6239910125732 27.604887008667 27.6080341339111 27.6368560791016 27.6534576416016 27.6616706848145 27.633373260498 27.5909748077393 27.5562019348145 27.5227737426758 27.5115756988525 27.5026817321777 27.508939743042 27.5179882049561 27.5360889434814 27.5591888427734 27.5910110473633 27.6306400299072 27.6783046722412 27.7320003509521 27.7893695831299 27.839448928833 27.8870983123779 27.9089221954346 27.9269752502441 27.917049407959 27.9027366638184 27.8604774475098 27.8128929138184 27.7504844665527 27.7029209136963 27.6782970428467 27.6680374145508 27.6709613800049 27.6736030578613
-9999 -9999 -9999 -9999 -9999 -9999 27.7750968933105 27.7920932769775 27.7650012969971 27.776481628418 27.7737045288086 27.7163505554199 27.6717376708984 27.6523342132568 27.6562957763672 27.6872138977051 27.7053775787354 27.7147789001465 27.6944255828857 27.6625843048096 27.6301651000977 27.5976467132568 27.5821571350098 27.5689868927002 27.5720100402832 27.578540802002 27.5964412689209 27.6195526123047 27.6517581939697 27.6911182403564 27.7378406524658 27.7877750396729 27.8396701812744 27.882869720459 27.9231719970703 27.9368438720703 27.9466514587402 27.9311008453369 27.9120635986328 27.8708229064941 27.8260917663574 27.7716407775879 27.7285118103027 27.702880859375 27.6903476715088 27.6898345947266 27.688138961792
-9999 -9999 -9999 -9999 -9999 -9999 27.8199920654297 27.8260498046875 27.8303241729736 27.8218555450439 27.8039627075195 27.7499885559082 27.7081928253174 27.6904926300049 27.6963138580322 27.7292728424072 27.7494125366211 27.7607517242432 27.7499237060547 27.7305393218994 27.710111618042 27.6895027160645 27.6745071411133 27.6606903076172 27.6556587219238 27.6544818878174 27.6658039093018 27.6829452514648 27.7102451324463 27.7463436126709 27.7915000915527 27.8369789123535 27.8826541900635 27.9164772033691 27.9463481903076 27.953088760376 27.956485748291 27.9390811920166 27.9183750152588 27.8766345977783 27.8331718444824 27.7849140167236 27.7463626861572 27.7228183746338 27.7081184387207 27.7015380859375 27.6972312927246
-9999 -9999 -9999 -9999 -9999 27.7869968414307 27.8309783935547 27.8418350219727 27.8928813934326 27.8655910491943 27.8332042694092 27.7813091278076 27.7418231964111 27.7268943786621 27.7344856262207 27.7680625915527 27.7898845672607 27.8036308288574 27.8018417358398 27.7940521240234 27.784740447998 27.7751598358154 27.7622623443604 27.7495460510254 27.7389488220215 27.7322578430176 27.7382354736328 27.7506198883057 27.7741889953613 27.8069324493408 27.8491172790527 27.8883781433105 27.9258594512939 27.9496669769287 27.9689178466797 27.9685668945312 27.9653911590576 27.9458866119385 27.9234104156494 27.8820018768311 27.840259552002 27.7975940704346 27.7632369995117 27.7417221069336 27.7257347106934 27.7148208618164 27.7095928192139
-9999 -9999 -9999 -9999 27.6614818572998 27.7560482025146 27.7869968414307 27.8690280914307 27.945291519165 27.9033126831055 27.8587207794189 27.8041324615479 27.7651023864746 27.7568531036377 27.76589012146 27.7948741912842 27.8172798156738 27.8351707458496 27.8406295776367 27.8412857055664 27.8398704528809 27.8380889892578 27.8331661224365 27.8279552459717 27.8209209442139 27.8167610168457 27.8219242095947 27.8340034484863 27.8581485748291 27.8871822357178 27.9212436676025 27.9478321075439 27.9698696136475 27.9813327789307 27.9892692565918 27.9812297821045 27.9708919525146 27.9483833312988 27.9237670898438 27.8857326507568 27.8473701477051 27.8080997467041 27.7765235900879 27.7568378448486 27.7427787780762 27.73388671875 27.7339324951172
