Ecospace-environmental-drivers/Outputs/ASCII-for-ecospace/MOM6-ISIMIP3a/tos/1985-12_tos_MOM6-ISIMIP3a.asc
NCOLS 131 
NROWS 53 
XLLCORNER -98 
YLLCORNER 23.9265270233154 
CELLSIZE 0.133587792515755 
NODATA_value -9999 
[rows 21 to 41 of 53, columns 47 to 93 of 131]
22.1539421081543 22.1581535339355 22.1868572235107 22.1332092285156 22.0726184844971 22.0522308349609 22.0386066436768 22.0593891143799 22.1093826293945 22.2299118041992 22.274974822998 22.2164325714111 22.1812038421631 22.1650485992432 22.238302230835 22.3539066314697 22.3968353271484 22.422399520874 22.4114017486572 22.3948078155518 22.3333282470703 22.2785301208496 22.2516860961914 22.2586803436279 22.3371105194092 22.4192943572998 22.5060634613037 22.5938911437988 22.6824913024902 22.787769317627 22.8999557495117 23.0227355957031 23.1475963592529 23.267219543457 23.3837718963623 23.4722232818604 23.553804397583 23.611234664917 23.6599597930908 23.6925258636475 23.7162132263184 23.7302284240723 23.7369861602783 23.7390460968018 23.730110168457 23.7172241210938 23.6998538970947
22.4269847869873 22.4528541564941 22.5009803771973 22.4676132202148 22.4262371063232 22.3938980102539 22.369758605957 22.3873291015625 22.4177780151367 22.4793243408203 22.5055084228516 22.4831447601318 22.4679698944092 22.4586753845215 22.5203704833984 22.6156921386719 22.656436920166 22.6841430664062 22.6442432403564 22.5987148284912 22.5388431549072 22.4807548522949 22.4301300048828 22.4169502258301 22.482816696167 22.5589351654053 22.6475830078125 22.7453479766846 22.8497543334961 22.9707717895508 23.098669052124 23.2255516052246 23.3522357940674 23.4563369750977 23.5572261810303 23.6349143981934 23.7079639434814 23.764705657959 23.8139476776123 23.8492603302002 23.8762760162354 23.8942527770996 23.9036350250244 23.9074554443359 23.8983707427979 23.8846492767334 23.8643035888672
22.7038288116455 22.7454452514648 22.8066234588623 22.7900238037109 22.7646884918213 22.7183856964111 22.6821002960205 22.6967830657959 22.7080230712891 22.7109527587891 22.7206478118896 22.7396297454834 22.7484149932861 22.7488594055176 22.7974414825439 22.868824005127 22.9095211029053 22.9428825378418 22.8778400421143 22.8070888519287 22.7516689300537 22.6928043365479 22.6195220947266 22.5858860015869 22.6359424591064 22.7037010192871 22.7931003570557 22.8994674682617 23.018196105957 23.152774810791 23.2939205169678 23.423131942749 23.5499954223633 23.63818359375 23.7231864929199 23.791051864624 23.8564376831055 23.9131126403809 23.9635334014893 24.0023384094238 24.0334949493408 24.0563163757324 24.0691204071045 24.0754432678223 24.0670871734619 24.0534591674805 24.0311717987061
23.0818977355957 23.0795097351074 23.0853519439697 23.0461025238037 23.0019798278809 22.9508590698242 22.9093647003174 22.9168491363525 22.9217643737793 22.9204788208008 22.9311943054199 22.9583854675293 22.9895114898682 23.0238571166992 23.0617847442627 23.1014080047607 23.1283416748047 23.1522426605225 23.1016311645508 23.0460071563721 22.9919242858887 22.9327831268311 22.8524627685547 22.7987384796143 22.8011608123779 22.8395442962646 22.9218807220459 23.0236968994141 23.1396999359131 23.2687511444092 23.403205871582 23.5248985290527 23.6440830230713 23.7270545959473 23.8080215454102 23.8825168609619 23.9549942016602 24.0203762054443 24.0797863006592 24.1281108856201 24.1677017211914 24.1977787017822 24.2159481048584 24.2264137268066 24.2211475372314 24.2102298736572 24.183708190918
23.4454441070557 23.4091548919678 23.3709983825684 23.3112030029297 23.2492656707764 23.1892757415771 23.1385231018066 23.1347522735596 23.1309089660645 23.1268901824951 23.1392345428467 23.1740417480469 23.2232933044434 23.2843647003174 23.3143081665039 23.3295078277588 23.3449096679688 23.3603610992432 23.3229961395264 23.2814159393311 23.231273651123 23.1747512817383 23.0915203094482 23.0206604003906 22.9759120941162 22.9814109802246 23.0483264923096 23.1394100189209 23.2481002807617 23.3687858581543 23.4944381713867 23.6082954406738 23.7198314666748 23.7990112304688 23.8773918151855 23.9596996307373 24.0405044555664 24.1160335540771 24.1858100891113 24.2449016571045 24.2942714691162 24.3330516815186 24.3572826385498 24.3721008300781 24.3697052001953 24.3611240386963 24.3319091796875
23.7453060150146 23.7194194793701 23.6869735717773 23.6158618927002 23.5403804779053 23.4537601470947 23.3759803771973 23.3431720733643 23.3198947906494 23.3196353912354 23.3362693786621 23.3760948181152 23.4249973297119 23.4813270568848 23.5149993896484 23.5379390716553 23.5515956878662 23.5630321502686 23.5337238311768 23.5014419555664 23.4666481018066 23.4254417419434 23.357400894165 23.2823390960693 23.192455291748 23.1496925354004 23.1645221710205 23.2177829742432 23.2990398406982 23.3989238739014 23.5065250396729 23.6111392974854 23.7151660919189 23.7967987060547 23.8789501190186 23.974250793457 24.0688190460205 24.1608104705811 24.2469730377197 24.3223114013672 24.3873558044434 24.4411869049072 24.4745330810547 24.4946250915527 24.4941368103027 24.486255645752 24.4610939025879
23.9701137542725 23.9548740386963 23.9311027526855 23.8610954284668 23.7855491638184 23.6881980895996 23.5979385375977 23.5437545776367 23.507755279541 23.5156574249268 23.5411338806152 23.5907344818115 23.6431083679199 23.6977481842041 23.7346935272217 23.7632579803467 23.7759532928467 23.7848587036133 23.7622947692871 23.7374801635742 23.7113399505615 23.679500579834 23.6238059997559 23.5465507507324 23.4237804412842 23.3376541137695 23.296314239502 23.3071594238281 23.3560123443604 23.4328899383545 23.5213737487793 23.6156692504883 23.7111053466797 23.7923240661621 23.875280380249 23.9803409576416 24.0859222412109 24.1933364868164 24.2958660125732 24.3893280029297 24.4720039367676 24.5429286956787 24.5870037078857 24.6137065887451 24.6154479980469 24.6082248687744 24.5855369567871
24.0311641693115 24.0271015167236 24.0184688568115 23.9766731262207 23.9304752349854 23.8570785522461 23.786075592041 23.7272434234619 23.6931571960449 23.7188243865967 23.7630748748779 23.8328342437744 23.8970127105713 23.9566230773926 23.9958515167236 24.0254249572754 24.0388774871826 24.0484771728516 24.029806137085 24.0084552764893 23.9763641357422 23.9409046173096 23.8913555145264 23.8162879943848 23.6873531341553 23.5685520172119 23.4621353149414 23.4205379486084 23.4261569976807 23.4752082824707 23.5422477722168 23.6238765716553 23.7083721160889 23.7829132080078 23.8602027893066 23.9679641723633 24.0785617828369 24.1991329193115 24.3179912567139 24.4336738586426 24.5382461547852 24.6307163238525 24.6890449523926 24.7252807617188 24.7299556732178 24.7232913970947 24.6996307373047
24.0926074981689 24.0895729064941 24.08420753479 24.0580558776855 24.0290412902832 23.9801769256592 23.9336166381836 23.8987903594971 23.8892364501953 23.9407081604004 24.0032939910889 24.0811424255371 24.1466083526611 24.2019481658936 24.2406845092773 24.271556854248 24.2910442352295 24.3078117370605 24.2944984436035 24.2778034210205 24.2419815063477 24.2034034729004 24.1532974243164 24.0796127319336 23.9561462402344 23.8222599029541 23.6756381988525 23.5899810791016 23.5487327575684 23.5633754730225 23.6011619567871 23.6656112670898 23.7353000640869 23.8035945892334 23.8753547668457 23.9814758300781 24.0918388366699 24.2171192169189 24.3454780578613 24.4795551300049 24.6039505004883 24.7177982330322 24.7915782928467 24.8394317626953 24.849702835083 24.846471786499 24.8234004974365
24.1545505523682 24.1397705078125 24.1227397918701 24.0964221954346 24.0692863464355 24.04567527771 24.030086517334 24.0553169250488 24.0987491607666 24.1861362457275 24.2665119171143 24.3372573852539 24.3907833099365 24.4302196502686 24.4649753570557 24.4975147247314 24.5296802520752 24.5617561340332 24.5556411743164 24.5451011657715 24.5083446502686 24.4672794342041 24.4081878662109 24.334867477417 24.2315101623535 24.1046695709229 23.9491291046143 23.8299579620361 23.7372760772705 23.7092227935791 23.707935333252 23.7495250701904 23.7995433807373 23.8621368408203 23.9285354614258 24.0275573730469 24.13108253479 24.2504405975342 24.3797054290771 24.5273704528809 24.6689796447754 24.8039875030518 24.8947296142578 24.9568252563477 24.9760437011719 24.9798603057861 24.9593448638916
24.1996650695801 24.1757354736328 24.1502132415771 24.1283550262451 24.1078948974609 24.115062713623 24.1328144073486 24.2043895721436 24.2826366424561 24.3769912719727 24.4564037322998 24.5152988433838 24.5604877471924 24.5944576263428 24.6329803466797 24.6736602783203 24.7173366546631 24.7617263793945 24.764087677002 24.7615146636963 24.7292079925537 24.6918525695801 24.6333751678467 24.5656814575195 24.4785346984863 24.3663940429688 24.2237071990967 24.0950183868408 23.9765224456787 23.9209747314453 23.8914966583252 23.9165019989014 23.9522151947021 24.0041351318359 24.0592803955078 24.1401062011719 24.2259693145752 24.3295516967773 24.4503364562988 24.6030712127686 24.7526512145996 24.8987922668457 25.0021018981934 25.0776977539062 25.1080417633057 25.1221313476562 25.1069965362549
24.2321548461914 24.2010250091553 24.1693954467773 24.1554622650146 24.1452770233154 24.187370300293 24.2402324676514 24.3478736877441 24.4473056793213 24.5269165039062 24.5913028717041 24.6347846984863 24.6743354797363 24.7106704711914 24.7587718963623 24.8124465942383 24.866756439209 24.9212169647217 24.9330062866211 24.9397640228271 24.9159450531006 24.8869495391846 24.8362865447998 24.7781658172607 24.7043037414551 24.6126041412354 24.4991016387939 24.3788909912109 24.2537956237793 24.1821556091309 24.1326522827148 24.1457767486572 24.1712112426758 24.2087230682373 24.2482013702393 24.3025035858154 24.3625888824463 24.4430065155029 24.5482730865479 24.6996879577637 24.850305557251 25.000057220459 25.1126441955566 25.2011814117432 25.2442855834961 25.2710666656494 25.2634315490723
24.2354221343994 24.2096920013428 24.1846580505371 24.197546005249 24.2163600921631 24.2903385162354 24.3702335357666 24.4802207946777 24.5770454406738 24.6420860290527 24.69846534729 24.7429542541504 24.7868633270264 24.8302993774414 24.8861312866211 24.9478340148926 25.0015640258789 25.0533905029297 25.0675582885742 25.0772018432617 25.0586490631104 25.0354652404785 24.9929084777832 24.9437065124512 24.8804817199707 24.8050289154053 24.714635848999 24.6123313903809 24.5013484954834 24.4382247924805 24.3949203491211 24.4081382751465 24.432466506958 24.4573535919189 24.4823398590088 24.5081157684326 24.5402965545654 24.5949935913086 24.6809024810791 24.824779510498 24.9695129394531 25.115177154541 25.2324542999268 25.3313636779785 25.3868618011475 25.4267654418945 25.4234313964844
24.2261638641357 24.2112369537354 24.1982402801514 24.2460498809814 24.3018856048584 24.4064483642578 24.5099143981934 24.607795715332 24.6918163299561 24.742359161377 24.7937412261963 24.8462734222412 24.8988246917725 24.9513893127441 25.01416015625 25.0817642211914 25.1301097869873 25.1738567352295 25.1873798370361 25.1971492767334 25.1824798583984 25.1640186309814 25.1296920776367 25.0891304016113 25.0354022979736 24.9744033813477 24.9045162200928 24.8241558074951 24.7361660003662 24.6921043395996 24.6662368774414 24.6846790313721 24.7118339538574 24.7248573303223 24.735860824585 24.7322483062744 24.7356109619141 24.7634925842285 24.8284015655518 24.9620780944824 25.0979557037354 25.2362327575684 25.356237411499 25.4644165039062 25.5321521759033 25.5853614807129 25.5849609375
24.2339057922363 24.2512683868408 24.2758541107178 24.3498592376709 24.4298534393311 24.5349750518799 24.6356391906738 24.7136173248291 24.7848072052002 24.8396034240723 24.8972759246826 24.9589023590088 25.0183773040771 25.0760917663574 25.1377143859863 25.2011890411377 25.2437076568604 25.2812194824219 25.2946872711182 25.304931640625 25.292329788208 25.2761993408203 25.245304107666 25.208065032959 25.1574382781982 25.1005840301514 25.0361156463623 24.9640560150146 24.8864688873291 24.8533058166504 24.8385391235352 24.8627834320068 24.8946933746338 24.9060935974121 24.9142665863037 24.8983287811279 24.8902378082275 24.9097309112549 24.9691562652588 25.1027374267578 25.2379474639893 25.3749313354492 25.495813369751 25.6062755584717 25.6800422668457 25.7406253814697 25.7411060333252
24.2451629638672 24.2992649078369 24.3667144775391 24.4651107788086 24.5666007995605 24.6660709381104 24.7584762573242 24.8149394989014 24.8732948303223 24.9362201690674 25.0025196075439 25.0734558105469 25.1394996643066 25.2015399932861 25.2603416442871 25.3176116943359 25.354211807251 25.385871887207 25.3994026184082 25.4101963043213 25.3992881774902 25.3849925994873 25.3565330505371 25.3215198516846 25.272668838501 25.2178249359131 25.1556549072266 25.0890769958496 25.019287109375 24.9953308105469 24.9903583526611 25.0205192565918 25.0575866699219 25.0694828033447 25.0771331787109 25.0523986816406 25.0364456176758 25.0513648986816 25.1085147857666 25.2440910339355 25.3803253173828 25.5172805786133 25.6386585235596 25.7499599456787 25.8284683227539 25.8952007293701 25.8961391448975
24.3363227844238 24.4086399078369 24.4911003112793 24.5860042572021 24.6816101074219 24.7618312835693 24.8387222290039 24.8986759185791 24.9627742767334 25.0368747711182 25.1104526519775 25.1833152770996 25.2492866516113 25.3096218109131 25.362678527832 25.4122886657715 25.4448509216309 25.4733390808105 25.4847049713135 25.493558883667 25.482931137085 25.4696979522705 25.4455604553223 25.4147148132324 25.3697090148926 25.3168296813965 25.2543239593506 25.1825981140137 25.104154586792 25.0773887634277 25.072021484375 25.1064262390137 25.1486473083496 25.1639842987061 25.1752300262451 25.1562404632568 25.1456699371338 25.1646938323975 25.2241954803467 25.3588638305664 25.4999618530273 25.648063659668 25.7736301422119 25.8846168518066 25.9651260375977 26.0346870422363 26.0359992980957
24.4328308105469 24.5191783905029 24.6119995117188 24.7017078399658 24.790153503418 24.8530807495117 24.9164047241211 24.981761932373 25.0527057647705 25.1371421813965 25.217170715332 25.291145324707 25.3564281463623 25.4146003723145 25.4616527557373 25.503438949585 25.531831741333 25.5570240020752 25.566089630127 25.5728797912598 25.5626621246338 25.5505924224854 25.5307750701904 25.5041408538818 25.4631175994873 25.4124660491943 25.3500461578369 25.2733020782471 25.1861228942871 25.1556663513184 25.14870262146 25.186616897583 25.2333526611328 25.2526340484619 25.2680854797363 25.2560577392578 25.2518520355225 25.2751522064209 25.3370628356934 25.470682144165 25.6165828704834 25.7758636474609 25.9058704376221 26.0169353485107 26.0996170043945 26.1721019744873 26.174144744873
24.5482387542725 24.6128044128418 24.6796894073486 24.7593898773193 24.8401165008545 24.9131011962891 24.9871044158936 25.0662879943848 25.146993637085 25.2313652038574 25.3096466064453 25.3795680999756 25.4407424926758 25.4947605133057 25.5344467163086 25.5673446655273 25.5892715454102 25.6085758209229 25.6149444580078 25.619571685791 25.6117897033691 25.6023464202881 25.5859527587891 25.5630645751953 25.5264682769775 25.4808807373047 25.4243068695068 25.3489971160889 25.2600402832031 25.2222881317139 25.2057418823242 25.2401504516602 25.2845764160156 25.3117713928223 25.3359508514404 25.3369216918945 25.34326171875 25.3684825897217 25.4312305450439 25.5636672973633 25.7119064331055 25.8773651123047 26.0127258300781 26.1286106109619 26.2166366577148 26.2946548461914 26.3012390136719
24.6485900878906 24.6931819915771 24.7378158569336 24.8108978271484 24.8872013092041 24.9719123840332 25.057638168335 25.1485290527344 25.2371025085449 25.3200740814209 25.3960113525391 25.4622898101807 25.5187873840332 25.5672855377197 25.5990982055664 25.6230068206787 25.6388263702393 25.6527118682861 25.656946182251 25.6599578857422 25.6548461914062 25.6482086181641 25.6351947784424 25.6160659790039 25.5840339660645 25.5435314178467 25.49267578125 25.4197311401367 25.3306941986084 25.2861862182617 25.2601165771484 25.2910175323486 25.3331184387207 25.3667850494385 25.3982448577881 25.4111824035645 25.4276905059814 25.4567489624023 25.5221729278564 25.6551342010498 25.8059215545654 25.976131439209 26.1175899505615 26.2404479980469 26.332893371582 26.4144115447998 26.4282188415527
24.6937389373779 24.7249774932861 24.7608737945557 24.8397617340088 24.9237403869629 25.0262870788574 25.1275653839111 25.2223834991455 25.3118877410889 25.3885650634766 25.4599609375 25.5241088867188 25.5738525390625 25.6118125915527 25.6338882446289 25.6484413146973 25.6594696044922 25.6696548461914 25.6738185882568 25.677225112915 25.6756401062012 25.6724700927734 25.6626663208008 25.6473503112793 25.6203937530518 25.5850467681885 25.5394439697266 25.4722671508789 25.3893756866455 25.3400936126709 25.3047294616699 25.3321113586426 25.371826171875 25.4066886901855 25.4401111602783 25.461238861084 25.4865245819092 25.5264339447021 25.6012897491455 25.7410411834717 25.8951377868652 26.0648632049561 26.215160369873 26.3528881072998 26.4463558197021 26.52392578125 26.5547828674316
