Ecospace-environmental-drivers/Outputs/ASCII-for-ecospace/MOM6-ISIMIP3a/tos/1986-09_tos_MOM6-ISIMIP3a.asc
NCOLS 131 
NROWS 53 
XLLCORNER -98 
YLLCORNER 23.9265270233154 
CELLSIZE 0.133587792515755 
NODATA_value -9999 
[rows 21 to 41 of 53, columns 0 to 46 of 131]
-9999 -9999 -9999 -9999 -9999 -9999 29.1218757629395 29.1421604156494 29.1915340423584 29.2703590393066 29.2830772399902 29.333553314209 29.3150749206543 29.2600345611572 29.2228317260742 29.2062129974365 29.1848392486572 29.1602001190186 29.136604309082 29.1134128570557 29.1026477813721 29.0940761566162 29.0811424255371 29.0684127807617 29.0581760406494 29.0492267608643 29.0444583892822 29.0399627685547 29.0359382629395 29.0319137573242 29.0278911590576 29.0248985290527 29.0225353240967 29.0210666656494 29.0198955535889 29.0168399810791 29.0135231018066 29.0100784301758 29.00705909729 29.006742477417 29.0067615509033 29.0077133178711 29.0102100372314 29.0150928497314 29.0237884521484 29.0359840393066 29.0536022186279
-9999 -9999 -9999 -9999 -9999 -9999 29.118371963501 29.1218757629395 29.1624450683594 29.2114524841309 29.2703590393066 29.2453174591064 29.2085971832275 29.1487731933594 29.1011657714844 29.0676498413086 29.0439567565918 29.0270080566406 29.0151176452637 29.0051822662354 29.0031414031982 29.0024929046631 28.9970607757568 28.9916610717773 28.9873752593994 28.9840602874756 28.9838886260986 28.9839363098145 28.9843673706055 28.9846706390381 28.9848480224609 28.9857368469238 28.987060546875 28.9886302947998 28.9902820587158 28.9896335601807 28.9886722564697 28.9885025024414 28.9888172149658 28.9922142028809 28.9962043762207 29.0018501281738 29.0084762573242 29.0166168212891 29.0266513824463 29.038423538208 29.0543079376221
-9999 -9999 -9999 -9999 29.1457748413086 29.1239433288574 29.11549949646 29.1177425384521 29.1218757629395 29.2030162811279 29.2505588531494 29.1695003509521 29.0948638916016 29.03293800354 28.9783267974854 28.9321556091309 28.9089412689209 28.9014873504639 28.9004917144775 28.9019870758057 28.907413482666 28.9135322570801 28.915168762207 28.9166851043701 28.918025970459 28.9199409484863 28.9237174987793 28.9277076721191 28.9320697784424 28.9363498687744 28.940544128418 28.9453773498535 28.9505996704102 28.9554500579834 28.9601764678955 28.9621887207031 28.9638385772705 28.9676170349121 28.9720077514648 28.9803066253662 28.9893531799316 29.0004825592041 29.0118408203125 29.0235538482666 29.0351619720459 29.0466728210449 29.0610637664795
-9999 -9999 -9999 -9999 29.1964588165283 29.1471939086914 29.1323871612549 29.11549949646 29.115852355957 29.1203422546387 29.1103210449219 29.0447578430176 28.986270904541 28.9417877197266 28.9076080322266 28.8853130340576 28.8773918151855 28.8793411254883 28.8846969604492 28.8913707733154 28.8976078033447 28.9037685394287 28.9034652709961 28.9028339385986 28.9006519317627 28.8988361358643 28.8982105255127 28.8983402252197 28.899787902832 28.9024524688721 28.9063720703125 28.9115104675293 28.9173946380615 28.9237060546875 28.9301605224609 28.9376449584961 28.9453277587891 28.960657119751 28.9771366119385 29.0009441375732 29.0246925354004 29.0482749938965 29.0696601867676 29.0876560211182 29.1035671234131 29.1175670623779 29.1323394775391
-9999 -9999 -9999 -9999 -9999 29.1964588165283 29.1444339752197 29.1492748260498 29.0989570617676 29.0410118103027 28.9847164154053 28.9347229003906 28.8926200866699 28.8661289215088 28.8518657684326 28.8517093658447 28.8591842651367 28.8718967437744 28.8847541809082 28.8976650238037 28.9057445526123 28.9129695892334 28.9108562469482 28.9081039428711 28.9017524719238 28.8954448699951 28.8892784118652 28.8844375610352 28.8819103240967 28.8820362091064 28.8848972320557 28.8898601531982 28.8961029052734 28.9043216705322 28.913200378418 28.9280071258545 28.9437217712402 28.9716472625732 29.0008983612061 29.038595199585 29.075216293335 29.1088485717773 29.1381378173828 29.160717010498 29.1795539855957 29.1949577331543 29.209358215332
-9999 -9999 -9999 -9999 -9999 29.1621227264404 29.1964588165283 29.1165008544922 29.0343856811523 28.9763450622559 28.923267364502 28.8891887664795 28.8644981384277 28.8583889007568 28.8617858886719 28.8761520385742 28.8994693756104 28.9289302825928 28.9543132781982 28.978120803833 28.9925518035889 29.0053291320801 29.0019702911377 28.9972248077393 28.9838638305664 28.9697170257568 28.9530200958252 28.9383430480957 28.9271926879883 28.9207344055176 28.9191074371338 28.9217739105225 28.927059173584 28.9391422271729 28.9534912109375 28.9837226867676 29.0162410736084 29.0613441467285 29.1063613891602 29.1508369445801 29.1923179626465 29.225471496582 29.2533416748047 29.2730503082275 29.2887687683105 29.3008289337158 29.3115558624268
-9999 -9999 29.0910472869873 29.0984306335449 29.1049995422363 29.1277465820312 29.1621627807617 29.0740413665771 28.9825382232666 28.9269866943359 28.8788414001465 28.859037399292 28.8490104675293 28.8583335876465 28.8767051696777 28.9055156707764 28.943883895874 28.9888191223145 29.0245838165283 29.0568103790283 29.0750026702881 29.0907192230225 29.0866374969482 29.0807132720947 29.0630645751953 29.043851852417 29.0195693969727 28.9973926544189 28.9788932800293 28.9662761688232 28.9597110748291 28.9603576660156 28.9653930664062 28.9830532073975 29.004919052124 29.0483150482178 29.0947494506836 29.1501903533936 29.2043495178223 29.2503566741943 29.291971206665 29.3213558197021 29.3454055786133 29.3612155914307 29.3734607696533 29.3824367523193 29.390172958374
-9999.000000000000000 -9999 -9999 -9999 29.0625476837158 29.0822525024414 29.0612850189209 29.0104560852051 28.9584465026855 28.9110355377197 28.8715591430664 28.8624496459961 28.8610858917236 28.8750495910645 28.9025325775146 28.945613861084 28.997314453125 29.054931640625 29.0964069366455 29.1316471099854 29.14794921875 29.16090965271 29.1572360992432 29.1519165039062 29.135913848877 29.1176834106445 29.0922412872314 29.0676651000977 29.0446033477783 29.0267543792725 29.014274597168 29.0134868621826 29.0198249816895 29.0468006134033 29.0806522369385 29.1322746276855 29.1863307952881 29.2371807098389 29.2860260009766 29.3221206665039 29.3535499572754 29.3719882965088 29.3869800567627 29.3966484069824 29.4046421051025 29.4111003875732 29.4173431396484
-9999 -9999 -9999 -9999 29.0074596405029 28.9776439666748 28.9867401123047 28.9669857025146 28.9443664550781 28.9059581756592 28.8743228912354 28.8686141967773 28.871150970459 28.8900089263916 28.9269275665283 28.9846820831299 29.046422958374 29.1108989715576 29.1525058746338 29.1852798461914 29.1981067657471 29.2074108123779 29.2042579650879 29.199821472168 29.1869602203369 29.1714363098145 29.147289276123 29.1225833892822 29.0969047546387 29.0763320922852 29.0610122680664 29.0619716644287 29.0728454589844 29.1079082489014 29.1510334014893 29.2050437927246 29.2604694366455 29.3034915924072 29.3441772460938 29.3699760437012 29.3914279937744 29.4007759094238 29.4083995819092 29.4133605957031 29.4182682037354 29.423131942749 29.42897605896
-9999 -9999 -9999 -9999 28.9700622558594 28.9624824523926 28.9531211853027 28.948823928833 28.9428825378418 28.9145603179932 28.8897247314453 28.8782367706299 28.8786849975586 28.9027576446533 28.9495182037354 29.0224533081055 29.0900955200195 29.1541004180908 29.1888236999512 29.2122421264648 29.2195949554443 29.2241134643555 29.2216167449951 29.218412399292 29.2105770111084 29.19993019104 29.1801643371582 29.1581840515137 29.1323394775391 29.1121940612793 29.0979099273682 29.1046085357666 29.1240901947021 29.165699005127 29.2146835327148 29.2637329101562 29.3126621246338 29.3437900543213 29.372730255127 29.3877487182617 29.3994846343994 29.4020805358887 29.4044628143311 29.4065170288086 29.4098091125488 29.4142379760742 29.4210586547852
-9999 -9999 -9999 -9999 28.9624824523926 28.951150894165 28.9378509521484 28.9439373016357 28.9481678009033 28.926872253418 28.9058952331543 28.8861389160156 28.8837146759033 28.9155826568604 28.9721450805664 29.0571994781494 29.127067565918 29.1865062713623 29.2136993408203 29.2284393310547 29.2321491241455 29.2339096069336 29.2317733764648 29.2292652130127 29.2243728637695 29.2165813446045 29.1993923187256 29.1794872283936 29.1548500061035 29.1384868621826 29.1306400299072 29.1448707580566 29.1725540161133 29.21510887146 29.2626209259033 29.3034858703613 29.3432941436768 29.3637046813965 29.3821182250977 29.3878192901611 29.3916130065918 29.3900928497314 29.3895988464355 29.3906879425049 29.3936710357666 29.3983955383301 29.4060649871826
-9999 -9999 -9999 -9999 28.9504947662354 28.9378509521484 28.953052520752 28.9490089416504 28.9585285186768 28.9419651031494 28.9226417541504 28.8927536010742 28.8868637084961 28.9284629821777 28.9947967529297 29.0896759033203 29.1590156555176 29.2108192443848 29.2299919128418 29.2365665435791 29.238000869751 29.2385292053223 29.2365283966064 29.234317779541 29.2308025360107 29.2243537902832 29.2083854675293 29.190071105957 29.1676692962646 29.1576061248779 29.1602439880371 29.1833534240723 29.2189311981201 29.2582321166992 29.2987728118896 29.3290386199951 29.3577556610107 29.3683319091797 29.3771305084229 29.3746128082275 29.3717956542969 29.3681373596191 29.3665370941162 29.3681182861328 29.3717765808105 29.3773403167725 29.3857650756836
-9999 -9999 -9999 -9999 28.9378509521484 28.9663486480713 28.9744663238525 28.9814128875732 28.9774322509766 28.9603996276855 28.9384803771973 28.8978519439697 28.8884773254395 28.9409446716309 29.0154438018799 29.1153659820557 29.1814785003662 29.2243728637695 29.2373561859131 29.2387886047363 29.2394962310791 29.2400760650635 29.2375545501709 29.2346897125244 29.2295227050781 29.2222537994385 29.2081775665283 29.1944007873535 29.1811485290527 29.1809062957764 29.1940517425537 29.2203464508057 29.2546482086182 29.2868919372559 29.3184509277344 29.3379058837891 29.3555755615234 29.3575477600098 29.3585300445557 29.3532009124756 29.3488540649414 29.3472423553467 29.3480224609375 29.3525009155273 29.3582191467285 29.3650722503662 29.3731651306152
-9999 -9999 -9999 -9999 -9999 28.9977188110352 29.0000247955322 28.9929752349854 28.9999942779541 28.9802665710449 28.9539318084717 28.9023036956787 28.8894348144531 28.9532585144043 29.0352325439453 29.1381454467773 29.1998729705811 29.2333164215088 29.2408924102783 29.2384796142578 29.2391242980957 29.240306854248 29.2369823455811 29.2330570220947 29.2249355316162 29.2159252166748 29.2040271759033 29.1960487365723 29.1949100494385 29.2059955596924 29.2296600341797 29.2567005157471 29.2857971191406 29.3093566894531 29.3310680389404 29.3396224975586 29.3462657928467 29.340160369873 29.3340950012207 29.3282718658447 29.3245754241943 29.3268032073975 29.3314571380615 29.339864730835 29.3482322692871 29.3565673828125 29.3638648986816
-9999 -9999 -9999 -9999 -9999 29.0190277099609 29.0186672210693 29.0256862640381 29.0218029022217 28.9878005981445 28.9501838684082 28.8987236022949 28.8896884918213 28.9646034240723 29.0520992279053 29.154109954834 29.2112121582031 29.2374744415283 29.2414321899414 29.2367782592773 29.2360649108887 29.236047744751 29.2315940856934 29.2268180847168 29.2201538085938 29.2139682769775 29.2093467712402 29.2091083526611 29.2165222167969 29.230899810791 29.2524433135986 29.2738246917725 29.2951107025146 29.3105983734131 29.3241519927979 29.3254489898682 29.3250064849854 29.3183727264404 29.3126392364502 29.3126449584961 29.3152332305908 29.3250179290771 29.3358154296875 29.3481788635254 29.3586730957031 29.3674564361572 29.3733310699463
-9999 -9999 -9999 -9999 -9999 29.034252166748 29.0383892059326 29.0373420715332 29.0434551239014 28.9927845001221 28.9424629211426 28.893482208252 28.889799118042 28.9757480621338 29.0683612823486 29.168664932251 29.2210922241211 29.2406425476074 29.2413520812988 29.2347888946533 29.2324504852295 29.2308578491211 29.2252082824707 29.2196254730225 29.2153282165527 29.2129192352295 29.2166233062744 29.2245273590088 29.2397575378418 29.2557640075684 29.2725715637207 29.2869720458984 29.2999057769775 29.3074493408203 29.313196182251 29.3079891204834 29.3012752532959 29.2956733703613 29.2917995452881 29.298942565918 29.3089828491211 29.3270931243896 29.3445014953613 29.3608264923096 29.3733406066895 29.3823585510254 29.3866806030273
-9999 -9999 -9999 -9999 -9999 -9999 29.0457000732422 29.0521411895752 29.0459518432617 28.9666309356689 28.898962020874 28.8758869171143 28.8924369812012 28.9873943328857 29.0826358795166 29.1781997680664 29.2264270782471 29.2421436309814 29.2411842346191 29.2337875366211 29.2312240600586 29.2295112609863 29.2249240875244 29.2206707000732 29.2197341918945 29.2204608917236 29.2265872955322 29.2346096038818 29.245943069458 29.2573547363281 29.2688426971436 29.2785015106201 29.2870445251465 29.2909450531006 29.2932968139648 29.289623260498 29.2851448059082 29.2846450805664 29.2864627838135 29.3030414581299 29.3211288452148 29.3434085845947 29.3627834320068 29.3776702880859 29.3882007598877 29.3947353363037 29.3973960876465
-9999 -9999 -9999 -9999 -9999 -9999 29.0463848114014 29.0476150512695 29.0460033416748 28.9392471313477 28.8553657531738 28.8590354919434 28.8961296081543 28.9993534088135 29.0967235565186 29.1873378753662 29.2314033508301 29.2435054779053 29.2409477233887 29.2327289581299 29.2300815582275 29.2284183502197 29.2248954772949 29.2219352722168 29.2239952087402 29.2274322509766 29.2353248596191 29.2428913116455 29.249885559082 29.2566089630127 29.263053894043 29.2684326171875 29.2731609344482 29.2740592956543 29.2736797332764 29.2720603942871 29.2703170776367 29.2750587463379 29.2826519012451 29.3084011077881 29.3341426849365 29.35986328125 29.380615234375 29.393684387207 29.4019660949707 29.4058532714844 29.4068756103516
-9999 -9999 -9999 -9999 -9999 -9999 29.0420169830322 29.0393962860107 29.029125213623 28.913610458374 28.8278617858887 28.8560428619385 28.9098567962646 29.0143966674805 29.1097888946533 29.1946258544922 29.2347507476807 29.2441673278809 29.2399978637695 29.2305812835693 29.2287197113037 29.2281932830811 29.2247104644775 29.2216205596924 29.2223358154297 29.2241878509521 29.2297210693359 29.2345161437988 29.2380237579346 29.242073059082 29.2466831207275 29.2516384124756 29.2568073272705 29.2594757080078 29.2613124847412 29.2634868621826 29.2657623291016 29.2752914428711 29.2877292633057 29.3186855316162 29.3476371765137 29.3710060119629 29.3890476226807 29.3988609313965 29.4039611816406 29.4047374725342 29.4044322967529
-9999 -9999 -9999 -9999 -9999 29.0693092346191 29.0373382568359 29.0390396118164 29.0006580352783 28.8858394622803 28.8054027557373 28.8565578460693 28.9256916046143 29.0304012298584 29.1231498718262 29.2020950317383 29.238151550293 29.2447547912598 29.2384853363037 29.2272472381592 29.2257614135742 29.2259960174561 29.2225704193115 29.2193984985352 29.21901512146 29.2195148468018 29.2228813171387 29.2251319885254 29.2254314422607 29.2271308898926 29.2302722930908 29.2352275848389 29.2412910461426 29.2458744049072 29.2499656677246 29.2555599212646 29.2614212036133 29.2755451202393 29.2925395965576 29.3278198242188 29.3593635559082 29.3805027008057 29.3959102630615 29.4024620056152 29.4044895172119 29.4023666381836 29.4009189605713
-9999 -9999 -9999 -9999 29.0979290008545 29.0646953582764 29.0693092346191 29.0016078948975 28.9296989440918 28.8502388000488 28.8014316558838 28.8699378967285 28.9492492675781 29.0499382019043 29.1375999450684 29.21022605896 29.2417545318604 29.245059967041 29.2349090576172 29.2195644378662 29.2169456481934 29.2165756225586 29.213264465332 29.2101879119873 29.209602355957 29.2096042633057 29.2115173339844 29.2120456695557 29.2101593017578 29.2106914520264 29.2137145996094 29.2202186584473 29.2288455963135 29.2358722686768 29.2423629760742 29.2499980926514 29.2578620910645 29.2758674621582 29.2963676452637 29.3327407836914 29.364616394043 29.3839664459229 29.3970050811768 29.4002838134766 29.39963722229 29.3953857421875 29.3934898376465
