Ecospace-environmental-drivers/Outputs/ASCII-for-ecospace/MOM6-ISIMIP3a/tos/1987-09_tos_MOM6-ISIMIP3a.asc
NCOLS 131 
NROWS 53 
XLLCORNER -98 
YLLCORNER 23.9265270233154 
CELLSIZE 0.133587792515755 
NODATA_value -9999 
[rows 21 to 41 of 53, columns 0 to 46 of 131]
-9999 -9999 -9999 -9999 -9999 -9999 29.2706661224365 29.2790870666504 29.3015956878662 29.3399429321289 29.3922176361084 29.4876117706299 29.4671401977539 29.4061584472656 29.3603267669678 29.3319721221924 29.3032379150391 29.2742404937744 29.2538795471191 29.2368545532227 29.2154636383057 29.1933040618896 29.1753787994385 29.1585502624512 29.1500873565674 29.1427326202393 29.1389656066895 29.1352005004883 29.131441116333 29.1289405822754 29.1277351379395 29.1288433074951 29.1313591003418 29.1362552642822 29.1419467926025 29.141092300415 29.1393070220947 29.1338596343994 29.1301517486572 29.1375160217285 29.1472473144531 29.1635665893555 29.1765556335449 29.184398651123 29.1930084228516 29.2023220062256 29.2169075012207
-9999 -9999 -9999 -9999 -9999 -9999 29.2689189910889 29.2706661224365 29.2875061035156 29.3082695007324 29.3399429321289 29.349100112915 29.3381233215332 29.2873096466064 29.2465496063232 29.2173862457275 29.1917705535889 29.1685943603516 29.1536922454834 29.1419887542725 29.1273345947266 29.1121597290039 29.1057929992676 29.0999889373779 29.0972557067871 29.0958557128906 29.0987796783447 29.1021614074707 29.1063404083252 29.1123199462891 29.1201515197754 29.1302375793457 29.141695022583 29.1531200408936 29.1645374298096 29.1687240600586 29.1718883514404 29.1716766357422 29.1726627349854 29.1812839508057 29.1918258666992 29.2077140808105 29.2208423614502 29.2297058105469 29.2385940551758 29.2475070953369 29.2603054046631
-9999 -9999 -9999 -9999 29.2759304046631 29.2692584991455 29.2680206298828 29.2680721282959 29.2706661224365 29.3043479919434 29.3181209564209 29.2556838989258 29.2015514373779 29.163854598999 29.1310424804688 29.1038665771484 29.0828475952148 29.0660591125488 29.0558280944824 29.0481300354004 29.039924621582 29.0316276550293 29.036792755127 29.0419616699219 29.044713973999 29.0490341186523 29.0584354400635 29.0687294006348 29.0805835723877 29.0948181152344 29.1115036010742 29.1305122375488 29.150936126709 29.1691646575928 29.1866607666016 29.1967220306396 29.2057361602783 29.2119674682617 29.2187442779541 29.2289962768555 29.2405261993408 29.2556056976318 29.2685070037842 29.2780342102051 29.2868843078613 29.2951107025146 29.3055820465088
-9999 -9999 -9999 -9999 29.2919960021973 29.2744426727295 29.2704963684082 29.2680206298828 29.2655296325684 29.233829498291 29.1966991424561 29.1387939453125 29.0909023284912 29.0628261566162 29.0397968292236 29.0225944519043 29.0077247619629 28.9944610595703 28.9876804351807 28.9834041595459 28.9803943634033 28.9776077270508 28.9845485687256 28.9917469024658 28.9993190765381 29.0080108642578 29.0203285217285 29.0336418151855 29.0486907958984 29.0657749176025 29.0849494934082 29.1061687469482 29.1286334991455 29.1512565612793 29.1739330291748 29.1925239562988 29.2105350494385 29.2265110015869 29.2426166534424 29.2595443725586 29.276725769043 29.294620513916 29.3108692169189 29.324577331543 29.3367805480957 29.3476009368896 29.3584861755371
-9999 -9999 -9999 -9999 -9999 29.2919960021973 29.267261505127 29.272970199585 29.2479801177979 29.1647911071777 29.0880470275879 29.0359649658203 28.9948749542236 28.9755344390869 28.9600963592529 28.9491577148438 28.9385471343994 28.9281578063965 28.9251365661621 28.9249610900879 28.9274520874023 28.9304141998291 28.93918800354 28.948335647583 28.9595680236816 28.9715328216553 28.9858837127686 29.0014514923096 29.0191440582275 29.0388145446777 29.0605201721191 29.0843982696533 29.1096000671387 29.1368618011475 29.1648120880127 29.1914939880371 29.2179946899414 29.2434539794922 29.2687225341797 29.2927722930908 29.3161010742188 29.3374195098877 29.3573188781738 29.3750228881836 29.3903980255127 29.403636932373 29.4148712158203
-9999 -9999 -9999 -9999 -9999 29.2588195800781 29.2919960021973 29.2360591888428 29.1760120391846 29.102258682251 29.0353736877441 28.994779586792 28.9629535675049 28.9484767913818 28.9310073852539 28.910083770752 28.8954277038574 28.8850746154785 28.8871612548828 28.8940505981445 28.9033870697021 28.9131565093994 28.9240016937256 28.9347553253174 28.9445533752441 28.9549903869629 28.9674911499023 28.9819660186768 28.999885559082 29.0210037231445 29.0454177856445 29.0739116668701 29.1048946380615 29.1378650665283 29.1714973449707 29.2043552398682 29.2371139526367 29.2709102630615 29.3046169281006 29.3377590179443 29.3693923950195 29.3968200683594 29.4216823577881 29.4425811767578 29.4603424072266 29.4752216339111 29.486515045166
-9999 -9999 29.1887893676758 29.1963977813721 29.2036247253418 29.2256031036377 29.2588577270508 29.1896896362305 29.1159973144531 29.0524749755859 28.9960441589355 28.9667415618896 28.9415912628174 28.9246520996094 28.9030933380127 28.8761978149414 28.8624687194824 28.8577823638916 28.8677158355713 28.8832988739014 28.8993549346924 28.9154930114746 28.9280834197998 28.9401016235352 28.9479846954346 28.9561805725098 28.9653873443604 28.9771270751953 28.9932823181152 29.0142154693604 29.0400619506836 29.0719165802002 29.1074275970459 29.1448822021484 29.1829872131348 29.2216567993164 29.2604274749756 29.3022022247314 29.3437557220459 29.3838958740234 29.4217395782471 29.4531898498535 29.4809494018555 29.503002166748 29.5209674835205 29.5351810455322 29.5458526611328
-9999.000000000000000 -9999 -9999 -9999 29.1599655151367 29.1816444396973 29.1613864898682 29.1226787567139 29.082067489624 29.0305137634277 28.9858207702637 28.9673881530762 28.943265914917 28.9078845977783 28.8777408599854 28.8536357879639 28.8516826629639 28.8649444580078 28.888708114624 28.9165287017822 28.9390277862549 28.9605884552002 28.9742088317871 28.9867420196533 28.9916591644287 28.9960670471191 28.9988288879395 29.0042457580566 29.0142974853516 29.03147315979 29.0559787750244 29.0884399414062 29.1257495880127 29.1650257110596 29.2049579620361 29.248649597168 29.292896270752 29.341869354248 29.3899745941162 29.4325389862061 29.4720268249512 29.5029525756836 29.5290946960449 29.5478458404541 29.56125831604 29.5697746276855 29.5783443450928
-9999 -9999 -9999 -9999 29.1024894714355 29.0726509094238 29.0843372344971 29.0748081207275 29.0617752075195 29.0207443237305 28.984899520874 28.9689044952393 28.941219329834 28.8903999328613 28.8560848236084 28.8408126831055 28.8509006500244 28.8784046173096 28.9120578765869 28.9480857849121 28.9753837585449 29.0011386871338 29.0161190032959 29.0297355651855 29.0339698791504 29.0371398925781 29.0368518829346 29.0388298034668 29.0447616577148 29.0591506958008 29.0822448730469 29.114294052124 29.1517963409424 29.1930961608887 29.2356605529785 29.283145904541 29.3313598632812 29.3863391876221 29.4396667480469 29.4824829101562 29.5212364196777 29.5486793518066 29.5707015991211 29.5843448638916 29.5925483703613 29.5957622528076 29.6028156280518
-9999 -9999 -9999 -9999 29.0629119873047 29.0531711578369 29.0411434173584 29.0510196685791 29.0586414337158 29.0263137817383 28.995677947998 28.9715175628662 28.9344921112061 28.8720111846924 28.8390789031982 28.840238571167 28.862699508667 28.899787902832 28.9383735656738 28.9775390625 29.0075607299805 29.0359706878662 29.0527210235596 29.0681400299072 29.0745716094971 29.0797061920166 29.0806407928467 29.0828037261963 29.0871105194092 29.0999393463135 29.1215362548828 29.1518840789795 29.1875648498535 29.2311401367188 29.2773475646973 29.3270797729492 29.3773651123047 29.4368476867676 29.4937324523926 29.534065246582 29.5690879821777 29.5893306732178 29.6040821075439 29.6103439331055 29.6125144958496 29.6109275817871 29.6172008514404
-9999 -9999 -9999 -9999 29.0531711578369 29.0386123657227 29.0215225219727 29.0412635803223 29.0584239959717 29.0331153869629 29.0058784484863 28.9712505340576 28.9256019592285 28.8581428527832 28.8284873962402 28.8424530029297 28.8729228973389 28.9147281646729 28.9542808532715 28.9929618835449 29.0237445831299 29.0531349182129 29.0720806121826 29.0898628234863 29.0998592376709 29.1086254119873 29.1134090423584 29.1188468933105 29.1254253387451 29.1394863128662 29.1612491607666 29.1912536621094 29.2262802124023 29.2688884735107 29.3140239715576 29.3656635284424 29.4182643890381 29.4794425964355 29.5369873046875 29.5713977813721 29.600549697876 29.615062713623 29.6251525878906 29.6284027099609 29.6299285888672 29.6298713684082 29.6380214691162
-9999 -9999 -9999 -9999 29.037769317627 29.0215225219727 29.0396614074707 29.0420341491699 29.0603904724121 29.0408401489258 29.0156421661377 28.9688262939453 28.9150905609131 28.8476638793945 28.8227081298828 28.8467559814453 28.8819637298584 28.9248371124268 28.9623794555664 28.9978656768799 29.0279350280762 29.0570487976074 29.0785064697266 29.0990772247314 29.1136627197266 29.1273078918457 29.1379108428955 29.1489391326904 29.1607131958008 29.1781044006348 29.2012786865234 29.2319564819336 29.2672061920166 29.3064136505127 29.3469409942627 29.4002361297607 29.4553337097168 29.5160980224609 29.5721321105957 29.5980434417725 29.6197185516357 29.6296062469482 29.6369876861572 29.6405029296875 29.6454296112061 29.6516494750977 29.663667678833
-9999 -9999 -9999 -9999 29.0215225219727 29.0381259918213 29.0481185913086 29.0538234710693 29.0539951324463 29.0406913757324 29.0179653167725 28.9591827392578 28.8991203308105 28.8365268707275 28.8176708221436 28.8492774963379 28.888843536377 28.933874130249 28.9706077575684 29.0041351318359 29.0318794250488 29.0586051940918 29.0798645019531 29.1005477905273 29.1174507141113 29.1345119476318 29.1520881652832 29.1698799133301 29.1880416870117 29.2095241546631 29.2344207763672 29.2644424438477 29.2975826263428 29.3321876525879 29.367280960083 29.4230823516846 29.4817276000977 29.5380477905273 29.5895214080811 29.6101226806641 29.6278743743896 29.6376934051514 29.6470375061035 29.655647277832 29.6667594909668 29.6801662445068 29.6973133087158
-9999 -9999 -9999 -9999 -9999 29.0408973693848 29.0431995391846 29.0485000610352 29.0440158843994 29.0371646881104 29.0170974731445 28.9464454650879 28.8808116912842 28.8251094818115 28.812952041626 28.8510341644287 28.8947944641113 28.9424533843994 28.978889465332 29.0109901428223 29.0357208251953 29.0591526031494 29.0790500640869 29.0987033843994 29.1169471740723 29.1367950439453 29.1618423461914 29.186897277832 29.2119598388672 29.2378578186035 29.264612197876 29.2934036254883 29.3234367370605 29.3529243469238 29.3822288513184 29.4409027099609 29.5035457611084 29.5536937713623 29.5992984771729 29.6159591674805 29.6313095092773 29.6430149078369 29.6563205718994 29.67209815979 29.6905879974365 29.7115688323975 29.7343864440918
-9999 -9999 -9999 -9999 -9999 29.0289249420166 29.0313758850098 29.0272731781006 29.0277271270752 29.0216884613037 29.0005149841309 28.921407699585 28.8550128936768 28.8137760162354 28.8124237060547 28.8570957183838 28.9059028625488 28.9575519561768 28.9956455230713 29.0285034179688 29.0523719787598 29.0746536254883 29.0938453674316 29.1123332977295 29.1255283355713 29.1413555145264 29.1657180786133 29.1924819946289 29.2234344482422 29.2537860870361 29.283519744873 29.3114109039307 29.3381824493408 29.3658638000488 29.3938484191895 29.4541320800781 29.5187358856201 29.5634384155273 29.6044158935547 29.6216773986816 29.6384792327881 29.6539993286133 29.6719932556152 29.693811416626 29.7176074981689 29.7432174682617 29.7690086364746
-9999 -9999 -9999 -9999 -9999 29.0108242034912 29.0122013092041 29.0183563232422 29.0101318359375 29.0037422180176 28.9806823730469 28.8938236236572 28.8276615142822 28.8024578094482 28.81276512146 28.8640460968018 28.9180774688721 28.9739990234375 29.0141563415527 29.048225402832 29.0716724395752 29.0932464599609 29.1118679046631 29.1291675567627 29.135986328125 29.1463832855225 29.1683788299561 29.1957035064697 29.2323360443115 29.2671489715576 29.3000907897949 29.3271522521973 29.3506298065186 29.3771915435791 29.4047794342041 29.4664096832275 29.5325527191162 29.5719604492188 29.6085720062256 29.6273727416992 29.6464195251465 29.6661529541016 29.6889877319336 29.7166137695312 29.7452850341797 29.7749176025391 29.8031215667725
-9999 -9999 -9999 -9999 -9999 -9999 28.9888916015625 28.9909744262695 28.9893398284912 28.971227645874 28.9403533935547 28.8606262207031 28.8052845001221 28.798189163208 28.8224468231201 28.8828792572021 28.9431648254395 29.0033512115479 29.045654296875 29.0810527801514 29.1041488647461 29.125072479248 29.1447734832764 29.1629238128662 29.1683959960938 29.1757755279541 29.1893424987793 29.20947265625 29.2410564422607 29.2738437652588 29.3078670501709 29.3347587585449 29.3573055267334 29.3860893249512 29.4169521331787 29.4770069122314 29.5409126281738 29.5795955657959 29.6158905029297 29.6369781494141 29.6585445404053 29.6814441680908 29.7075119018555 29.7384719848633 29.7683238983154 29.7971591949463 29.8265762329102
-9999 -9999 -9999 -9999 -9999 -9999 28.9634685516357 28.9573459625244 28.96750831604 28.9367561340332 28.8977489471436 28.8271465301514 28.7840805053711 28.7954978942871 28.834056854248 28.9039363861084 28.9704990386963 29.0347862243652 29.0789489746094 29.1153430938721 29.137866973877 29.1579437255859 29.1785297393799 29.1973991394043 29.2018604278564 29.2065296173096 29.211877822876 29.2246799468994 29.2504959106445 29.2805938720703 29.3150997161865 29.3417549133301 29.3636245727539 29.3949298858643 29.4293804168701 29.4876899719238 29.549129486084 29.5872936248779 29.6234359741211 29.6467151641846 29.6706809997559 29.6965579986572 29.7256202697754 29.7595996856689 29.7905368804932 29.8186798095703 29.849292755127
-9999 -9999 -9999 -9999 -9999 -9999 28.9288005828857 28.9420871734619 28.9361133575439 28.8883457183838 28.8406658172607 28.7933235168457 28.7730331420898 28.8062744140625 28.861795425415 28.9430255889893 29.0156269073486 29.0823020935059 29.1252212524414 29.1589698791504 29.1785430908203 29.1956176757812 29.2142581939697 29.2314319610596 29.2360897064209 29.240177154541 29.24241065979 29.2501945495605 29.2676677703857 29.2911281585693 29.3207511901855 29.3461246490479 29.3689079284668 29.4043121337891 29.4439239501953 29.5001010894775 29.5584201812744 29.5960903167725 29.6319160461426 29.6560077667236 29.6809558868408 29.708288192749 29.7385635375977 29.7733917236328 29.8061580657959 29.8370323181152 29.8692245483398
-9999 -9999 -9999 -9999 -9999 28.8695430755615 28.8890552520752 28.8869667053223 28.8992309570312 28.8402538299561 28.7886047363281 28.7650032043457 28.7679634094238 28.8234806060791 28.8958473205566 28.9876556396484 29.0651531219482 29.1328239440918 29.1732769012451 29.2032203674316 29.2194557189941 29.2332706451416 29.2495498657227 29.2646408081055 29.2693862915039 29.272855758667 29.272180557251 29.2753582000732 29.2852573394775 29.3026237487793 29.3276748657227 29.3521900177002 29.3763790130615 29.4157543182373 29.4601917266846 29.5139141082764 29.5687866210938 29.6049556732178 29.6396083831787 29.6645965576172 29.6905937194824 29.7193927764893 29.7509250640869 29.7866802215576 29.8213195800781 29.8549327850342 29.8886318206787
-9999 -9999 -9999 -9999 28.9820594787598 28.9018955230713 28.8695430755615 28.8576259613037 28.8422260284424 28.7933311462402 28.7549591064453 28.7568664550781 28.7848091125488 28.8642654418945 28.9530506134033 29.0525989532471 29.1308135986328 29.1943778991699 29.2278747558594 29.2497596740723 29.2612209320068 29.2708435058594 29.2832355499268 29.2948265075684 29.299259185791 29.30198097229 29.2991561889648 29.2992362976074 29.3043842315674 29.3176460266113 29.3392562866211 29.3644676208496 29.3918724060059 29.434741973877 29.4827690124512 29.5328559875488 29.5830898284912 29.6140804290771 29.6444187164307 29.6706104278564 29.6978931427002 29.7282104492188 29.7611465454102 29.7981281280518 29.8347969055176 29.8711795806885 29.9061050415039
