Ecospace-environmental-drivers/Outputs/ASCII-for-ecospace/MOM6-ISIMIP3a/tos/1987-10_tos_MOM6-ISIMIP3a.asc
NCOLS 131 
NROWS 53 
XLLCORNER -98 
YLLCORNER 23.9265270233154 
CELLSIZE 0.133587792515755 
NODATA_value -9999 
[rows 21 to 41 of 53, columns 47 to 93 of 131]
25.9629383087158 25.9719982147217 25.9791011810303 25.9977912902832 26.0164489746094 26.0021667480469 25.9874000549316 25.9701538085938 25.9554748535156 25.9469928741455 25.952356338501 25.9767227172852 25.9673767089844 25.9304466247559 25.9496822357178 25.9955215454102 26.0204467773438 26.0403747558594 26.0121479034424 25.9821224212646 25.9741153717041 25.9675617218018 25.9670848846436 25.9569835662842 25.9265670776367 25.8810844421387 25.8171844482422 25.74391746521 25.6638278961182 25.6717262268066 25.716064453125 25.7789192199707 25.8454132080078 25.8934345245361 25.9397048950195 25.9755554199219 26.0084075927734 26.0307083129883 26.0478210449219 26.0552959442139 26.0506381988525 26.0327606201172 25.9932670593262 25.939790725708 25.8718242645264 25.7986526489258 25.8318557739258
26.0704002380371 26.0806865692139 26.0889625549316 26.1059131622314 26.1224174499512 26.1028728485107 26.0823841094971 26.057092666626 26.0332794189453 26.013032913208 26.0059604644775 26.016975402832 26.0170269012451 26.0081062316895 26.036922454834 26.0836162567139 26.118579864502 26.1507396697998 26.1244487762451 26.0948886871338 26.0761871337891 26.0625171661377 26.069896697998 26.0692024230957 26.0514583587646 26.0253448486328 25.9890022277832 25.9288597106934 25.8513813018799 25.8595809936523 25.9032649993896 25.9780902862549 26.0590381622314 26.1088733673096 26.1557025909424 26.184398651123 26.2103824615479 26.2268295288086 26.2373790740967 26.2369689941406 26.2241363525391 26.1977653503418 26.1557693481445 26.1036643981934 26.0227603912354 25.9315090179443 25.9066123962402
26.1731853485107 26.1833553314209 26.1914463043213 26.2056331634521 26.219087600708 26.195951461792 26.1713829040527 26.1395359039307 26.1082305908203 26.0782337188721 26.0613117218018 26.0623378753662 26.0727043151855 26.0907154083252 26.1289043426514 26.1766510009766 26.2217388153076 26.2661876678467 26.2416324615479 26.2121982574463 26.1807975769043 26.1576557159424 26.1690769195557 26.1746501922607 26.1678733825684 26.1601257324219 26.1511898040771 26.1077117919922 26.0390739440918 26.0486125946045 26.0905284881592 26.1752548217773 26.2683982849121 26.3186206817627 26.3647117614746 26.3859519958496 26.4049205780029 26.4159049987793 26.4204254150391 26.4129447937012 26.3926601409912 26.3584232330322 26.3151206970215 26.2659549713135 26.175573348999 26.0703868865967 25.9891052246094
26.2688140869141 26.2737827301025 26.2785625457764 26.2889289855957 26.2991371154785 26.2895774841309 26.2784252166748 26.2591857910156 26.2391490936279 26.2171974182129 26.2119388580322 26.2296047210693 26.2562236785889 26.290168762207 26.3317089080811 26.3768463134766 26.4142208099365 26.4497375488281 26.4270820617676 26.3994636535645 26.3578033447266 26.3178825378418 26.2852382659912 26.2585124969482 26.2442817687988 26.2320785522461 26.2223510742188 26.2124137878418 26.2023239135742 26.2261657714844 26.2640571594238 26.3392868041992 26.421854019165 26.4638404846191 26.5023326873779 26.521369934082 26.5384006500244 26.5483627319336 26.5522441864014 26.5448265075684 26.5237293243408 26.4877262115479 26.4451675415039 26.3983669281006 26.3155078887939 26.2196979522705 26.1086044311523
26.3844795227051 26.383617401123 26.3839054107666 26.3898792266846 26.39626121521 26.3979034423828 26.3978614807129 26.3892498016357 26.3792591094971 26.3659324645996 26.3737964630127 26.4107532501221 26.4552955627441 26.5060424804688 26.5525245666504 26.5969905853271 26.6277465820312 26.6552276611328 26.63303565979 26.6056613922119 26.5525379180908 26.494909286499 26.4184246063232 26.3572998046875 26.3286037445068 26.307315826416 26.2950820922852 26.3136138916016 26.3545532226562 26.3960590362549 26.437801361084 26.5035285949707 26.5739707946777 26.6061725616455 26.6357440948486 26.6534481048584 26.6700572967529 26.6828155517578 26.6892166137695 26.6838073730469 26.6624183654785 26.6236152648926 26.5787868499756 26.5300598144531 26.4532165527344 26.3662719726562 26.2310638427734
26.5879993438721 26.5785465240479 26.569164276123 26.568229675293 26.5682506561279 26.5706844329834 26.571626663208 26.5649871826172 26.5596618652344 26.5575160980225 26.5848846435547 26.6527729034424 26.7225589752197 26.7939014434814 26.8523139953613 26.9046001434326 26.9335479736328 26.9569187164307 26.9288959503174 26.8948802947998 26.8250026702881 26.7455883026123 26.6262664794922 26.5215377807617 26.4476222991943 26.3969554901123 26.3747043609619 26.3994617462158 26.4584579467773 26.5323791503906 26.6124801635742 26.6686916351318 26.7202033996582 26.7358455657959 26.7507019042969 26.7708778381348 26.7937316894531 26.8260097503662 26.8487892150879 26.853931427002 26.8345241546631 26.7883682250977 26.7280673980713 26.6586112976074 26.5811595916748 26.5008373260498 26.3665046691895
26.7788715362549 26.7633380889893 26.74733543396 26.7416763305664 26.7372608184814 26.7378711700439 26.7368793487549 26.7277488708496 26.7233180999756 26.7302284240723 26.7730522155762 26.8651790618896 26.9546165466309 27.0418510437012 27.1087474822998 27.1660079956055 27.1936435699463 27.2141971588135 27.1848201751709 27.1492652893066 27.07373046875 26.9845752716064 26.8384189605713 26.6989822387695 26.57373046875 26.4900798797607 26.4572772979736 26.4863929748535 26.5606098175049 26.6595249176025 26.768669128418 26.815803527832 26.8507499694824 26.8543529510498 26.858980178833 26.8849792480469 26.9163703918457 26.9667167663574 27.0043811798096 27.0184917449951 27.0020847320557 26.952428817749 26.8798446655273 26.792423248291 26.7090969085693 26.6272392272949 26.4939613342285
26.9421482086182 26.9260120391846 26.9100399017334 26.9044170379639 26.8997707366943 26.8928489685059 26.8835563659668 26.8622074127197 26.8504276275635 26.8617610931396 26.9112071990967 27.0129795074463 27.1098537445068 27.2027225494385 27.2705898284912 27.3266143798828 27.3540172576904 27.3745803833008 27.3536052703857 27.3276443481445 27.2706642150879 27.1980476379395 27.0599803924561 26.9052410125732 26.7152996063232 26.5908012390137 26.5462856292725 26.5756931304932 26.6589431762695 26.7666606903076 26.8845081329346 26.9235363006592 26.9470691680908 26.9484996795654 26.9526882171631 26.9918251037598 27.0367469787598 27.1020050048828 27.1512908935547 27.1709117889404 27.159725189209 27.1149749755859 27.037073135376 26.9377174377441 26.8370132446289 26.7358245849609 26.6039981842041
27.0862140655518 27.0725288391113 27.0595245361328 27.0558032989502 27.0526924133301 27.0403804779053 27.0248508453369 26.9929523468018 26.9729175567627 26.9815311431885 27.0292949676514 27.1308040618896 27.2287254333496 27.323709487915 27.390115737915 27.4429836273193 27.4686698913574 27.4878635406494 27.4677219390869 27.4432544708252 27.3951721191406 27.3320045471191 27.2057018280029 27.050464630127 26.8341426849365 26.6922740936279 26.6413993835449 26.6705436706543 26.7579727172852 26.8678607940674 26.9870510101318 27.0173664093018 27.0302124023438 27.0289096832275 27.0319957733154 27.0830879211426 27.1391677856445 27.2127876281738 27.2693634033203 27.2942848205566 27.2892742156982 27.2516479492188 27.1774082183838 27.0794792175293 26.9666595458984 26.8484897613525 26.7072257995605
27.2061100006104 27.1987228393555 27.1923751831055 27.1929016113281 27.1935520172119 27.1785411834717 27.1593704223633 27.119026184082 27.0895938873291 27.0865039825439 27.1221332550049 27.2109184265137 27.3018436431885 27.3945198059082 27.4564037322998 27.5037002563477 27.5258045196533 27.5418891906738 27.5130615234375 27.4799003601074 27.428560256958 27.3659248352051 27.256010055542 27.1189022064209 26.9243927001953 26.7946891784668 26.7441902160645 26.7723770141602 26.8578777313232 26.961597442627 27.0728626251221 27.0937061309814 27.0967769622803 27.0920372009277 27.093189239502 27.1547451019287 27.2189979553223 27.2927379608154 27.3511562347412 27.3811187744141 27.3834800720215 27.355770111084 27.2964954376221 27.216796875 27.0984783172607 26.9662837982178 26.8018856048584
27.3312683105469 27.3284111022949 27.3259677886963 27.3274192810059 27.3286514282227 27.3131275177002 27.2933788299561 27.2521362304688 27.2171688079834 27.1973533630371 27.2117404937744 27.2730827331543 27.3464298248291 27.4295959472656 27.4878215789795 27.5342330932617 27.5580425262451 27.5764541625977 27.5461959838867 27.5106086730957 27.4461154937744 27.3745460510254 27.2733516693115 27.1520748138428 26.9884090423584 26.8782348632812 26.833438873291 26.8628749847412 26.9463806152344 27.0449676513672 27.1498031616211 27.1639709472656 27.1603145599365 27.1503829956055 27.1472339630127 27.2126197814941 27.2802581787109 27.3558120727539 27.4174690246582 27.4533157348633 27.4651126861572 27.4507083892822 27.4094829559326 27.3509006500244 27.2408561706543 27.112325668335 26.9231224060059
27.4603710174561 27.4607200622559 27.4601154327393 27.4600028991699 27.4594306945801 27.4450302124023 27.427001953125 27.3905200958252 27.3529186248779 27.3126125335693 27.2989253997803 27.3217849731445 27.3696136474609 27.4378719329834 27.4930858612061 27.5421257019043 27.5716094970703 27.5964202880859 27.5701732635498 27.5368633270264 27.4517974853516 27.3641929626465 27.2659664154053 27.1587982177734 27.032751083374 26.9476299285889 26.9125308990479 26.9448699951172 27.026330947876 27.1205654144287 27.2200927734375 27.229679107666 27.2215843200684 27.2051429748535 27.1959133148193 27.260160446167 27.3275928497314 27.406229019165 27.4721698760986 27.514533996582 27.5373134613037 27.5387592315674 27.517894744873 27.482593536377 27.3911571502686 27.2795543670654 27.0642929077148
27.57248878479 27.573429107666 27.5724105834961 27.5692596435547 27.565523147583 27.5518493652344 27.53542137146 27.5049953460693 27.4703197479248 27.4253902435303 27.396203994751 27.388635635376 27.4085025787354 27.4508190155029 27.4965629577637 27.5439281463623 27.5771617889404 27.6070156097412 27.5912837982178 27.5676612854004 27.4747428894043 27.3806686401367 27.2817478179932 27.1814746856689 27.0783424377441 27.0086059570312 26.9796848297119 27.0183162689209 27.1061477661133 27.1960468292236 27.2868003845215 27.2951641082764 27.2873306274414 27.2685985565186 27.2565650939941 27.3139171600342 27.375373840332 27.451265335083 27.5173778533936 27.5653266906738 27.5966014862061 27.609712600708 27.6036586761475 27.5852069854736 27.5185489654541 27.4345760345459 27.2279453277588
27.6773262023926 27.6777381896973 27.6753425598145 27.6685199737549 27.6610355377197 27.6479167938232 27.6330394744873 27.6092224121094 27.5798587799072 27.5371036529541 27.4978084564209 27.4632625579834 27.454122543335 27.4657707214355 27.4992713928223 27.5431232452393 27.5792770385742 27.6135940551758 27.6111660003662 27.6004047393799 27.5050888061523 27.4086418151855 27.3074569702148 27.2109870910645 27.1244678497314 27.0659713745117 27.0417232513428 27.0880966186523 27.1859092712402 27.2714767456055 27.3519706726074 27.3605537414551 27.3549995422363 27.3357830047607 27.3223476409912 27.3703384399414 27.4233455657959 27.4939956665039 27.5585155487061 27.6116504669189 27.6503562927246 27.6733360290527 27.6797180175781 27.6753559112549 27.6361236572266 27.5843658447266 27.4012336730957
27.7539710998535 27.7520408630371 27.7471961975098 27.7368907928467 27.7259292602539 27.7123737335205 27.6977691650391 27.6778335571289 27.6535758972168 27.6188831329346 27.5834312438965 27.5469360351562 27.5253391265869 27.5159320831299 27.5318508148193 27.5597667694092 27.5922966003418 27.6259288787842 27.6342964172363 27.6348304748535 27.5465831756592 27.4556827545166 27.3536777496338 27.2588329315186 27.1791076660156 27.1302738189697 27.1191940307617 27.1701545715332 27.2663021087646 27.3463954925537 27.4198398590088 27.4345989227295 27.4378223419189 27.4280776977539 27.4229221343994 27.4673099517822 27.5155048370361 27.5770931243896 27.634370803833 27.6836452484131 27.7200584411621 27.7424621582031 27.7508087158203 27.7500591278076 27.7237281799316 27.6882095336914 27.5505790710449
27.824779510498 27.8201332092285 27.8126182556152 27.7988700866699 27.7844905853271 27.7702922821045 27.7556953430176 27.7390766143799 27.7198829650879 27.6944675445557 27.6657447814941 27.6324825286865 27.6018524169922 27.5733776092529 27.5706100463867 27.580020904541 27.6075687408447 27.6394519805908 27.6581001281738 27.6696033477783 27.5903854370117 27.5066699981689 27.4041423797607 27.310474395752 27.2355079650879 27.1960105895996 27.1998596191406 27.254753112793 27.3468246459961 27.4212093353271 27.4882678985596 27.5104370117188 27.5237827301025 27.5255680084229 27.5306968688965 27.5726718902588 27.6168079376221 27.6685428619385 27.7174091339111 27.760950088501 27.793062210083 27.8127250671387 27.820873260498 27.8215675354004 27.8051338195801 27.7825469970703 27.6949710845947
27.8552398681641 27.8458671569824 27.8340797424316 27.8177471160889 27.8009948730469 27.7855358123779 27.7705669403076 27.7580871582031 27.7439746856689 27.7259178161621 27.7053852081299 27.6814556121826 27.6570320129395 27.6322021484375 27.6198139190674 27.6133155822754 27.6319770812988 27.6566505432129 27.6786308288574 27.6947402954102 27.6281242370605 27.5567150115967 27.4652404785156 27.3813495635986 27.3134613037109 27.2824840545654 27.2966232299805 27.349609375 27.4308967590332 27.502103805542 27.5691375732422 27.603141784668 27.630651473999 27.6508159637451 27.6730766296387 27.7184829711914 27.7642078399658 27.8110485076904 27.8537750244141 27.888858795166 27.9123001098633 27.9230556488037 27.9236316680908 27.9176235198975 27.8999252319336 27.8780288696289 27.8122482299805
27.8798770904541 27.8658466339111 27.8499355316162 27.831371307373 27.8126220703125 27.7961673736572 27.7810325622559 27.7726154327393 27.763500213623 27.7527027130127 27.740406036377 27.7260494232178 27.7085418701172 27.6884517669678 27.6677722930908 27.6468124389648 27.6566429138184 27.6738300323486 27.6982173919678 27.7180461883545 27.6643390655518 27.6055908203125 27.5257511138916 27.4523849487305 27.3926868438721 27.3705863952637 27.3944320678711 27.4453964233398 27.5161113739014 27.5844326019287 27.6517639160156 27.697639465332 27.7392978668213 27.7770156860352 27.8156223297119 27.8643245697021 27.9115734100342 27.9537124633789 27.9904766082764 28.0172519683838 28.0323104858398 28.0346012115479 28.0279235839844 28.0154418945312 27.9959373474121 27.9739112854004 27.9270324707031
27.861686706543 27.8446922302246 27.8269920349121 27.8095760345459 27.7922973632812 27.7779750823975 27.7650852203369 27.759485244751 27.7544574737549 27.7508125305176 27.7465381622314 27.7414016723633 27.7310943603516 27.7165546417236 27.6974582672119 27.6762027740479 27.6796760559082 27.689058303833 27.709300994873 27.7264175415039 27.6871681213379 27.6424560546875 27.5748882293701 27.5159473419189 27.4752140045166 27.4661312103271 27.4957313537598 27.5461826324463 27.6118202209473 27.6791458129883 27.7471675872803 27.8032150268555 27.8569087982178 27.9001312255859 27.9434242248535 27.9911689758301 28.036563873291 28.0736923217773 28.1052932739258 28.1266288757324 28.1384754180908 28.139986038208 28.1329345703125 28.1203422546387 28.0985679626465 28.0734958648682 28.0281791687012
27.8390636444092 27.8196773529053 27.8006858825684 27.7849826812744 27.7697410583496 27.7578887939453 27.7475490570068 27.7449035644531 27.7438507080078 27.7466430664062 27.7496204376221 27.7528553009033 27.7494850158691 27.7407073974609 27.7237586975098 27.702938079834 27.7011032104492 27.7038059234619 27.719202041626 27.7326812744141 27.7055473327637 27.6732196807861 27.6191635131836 27.5754108428955 27.5534057617188 27.5572872161865 27.5928077697754 27.6444492340088 27.7078342437744 27.7747478485107 27.8431205749512 27.9064483642578 27.968786239624 28.0153675079346 28.0614204406738 28.1079940795898 28.1515636444092 28.1845645904541 28.2117786407471 28.2282390594482 28.2371768951416 28.237922668457 28.2307434082031 28.2184371948242 28.195405960083 28.1685218811035 28.1248760223389
27.8001956939697 27.7805118560791 27.7620506286621 27.7501354217529 27.7390003204346 27.7308559417725 27.7241840362549 27.7249889373779 27.7274971008301 27.7341117858887 27.7415218353271 27.7500190734863 27.752613067627 27.7503757476807 27.7376403808594 27.7199306488037 27.7166366577148 27.7167892456055 27.7247638702393 27.7312126159668 27.7076034545898 27.6816062927246 27.6456069946289 27.6198444366455 27.6156940460205 27.6323375701904 27.6743965148926 27.7334804534912 27.8049659729004 27.8736114501953 27.9410820007324 28.0010929107666 28.0596370697021 28.1017074584961 28.1434631347656 28.1880798339844 28.2299308776855 28.2620468139648 28.2877044677734 28.3013648986816 28.3085079193115 28.3085460662842 28.3021469116211 28.2915821075439 28.2710056304932 28.2468299865723 28.205249786377
