Ecospace-environmental-drivers/Outputs/ASCII-for-ecospace/MOM6-ISIMIP3a/tos/1988-10_tos_MOM6-ISIMIP3a.asc
NCOLS 131 
NROWS 53 
XLLCORNER -98 
YLLCORNER 23.9265270233154 
CELLSIZE 0.133587792515755 
NODATA_value -9999 
[rows 21 to 41 of 53, columns 0 to 46 of 131]
-9999 -9999 -9999 -9999 -9999 -9999 26.9473323822021 26.9459247589111 26.9411849975586 26.9302577972412 26.8759746551514 26.7746181488037 26.7922096252441 26.8446140289307 26.885124206543 26.9119148254395 26.9130191802979 26.896484375 26.8453693389893 26.7809047698975 26.7262191772461 26.6732578277588 26.6427574157715 26.617259979248 26.6293601989746 26.6378498077393 26.6346416473389 26.6252422332764 26.6050357818604 26.6132469177246 26.6507034301758 26.6799392700195 26.7041702270508 26.6958160400391 26.6765975952148 26.6512393951416 26.6250495910645 26.6012077331543 26.5755367279053 26.5382061004639 26.5017681121826 26.4678230285645 26.4350242614746 26.4040031433105 26.3933544158936 26.401403427124 26.3983211517334
-9999 -9999 -9999 -9999 -9999 -9999 26.94797706604 26.9473323822021 26.9445152282715 26.9426326751709 26.9302577972412 26.9230480194092 26.9241046905518 26.941520690918 26.9492740631104 26.9458789825439 26.9268093109131 26.8969745635986 26.8347015380859 26.7599029541016 26.7207298278809 26.6878452301025 26.6729125976562 26.6614475250244 26.6756134033203 26.6870307922363 26.6895351409912 26.6890735626221 26.6834354400635 26.6904163360596 26.7103786468506 26.728889465332 26.7465171813965 26.7422828674316 26.7307586669922 26.7029609680176 26.6729335784912 26.6454124450684 26.6178970336914 26.5904026031494 26.5654258728027 26.5474624633789 26.5283660888672 26.5075244903564 26.5057601928711 26.521505355835 26.51877784729
-9999 -9999 -9999 -9999 26.9352874755859 26.945613861084 26.947774887085 26.9488220214844 26.9473323822021 26.9416999816895 26.9512405395508 27.018856048584 27.0536670684814 27.0235710144043 26.994457244873 26.9664783477783 26.9316558837891 26.8921337127686 26.8224620819092 26.7411499023438 26.7179927825928 26.7051010131836 26.7055912017822 26.7079563140869 26.7235050201416 26.7370185852051 26.7439308166504 26.7515048980713 26.7602272033691 26.7659225463867 26.7685012817383 26.7766380310059 26.7881622314453 26.7885971069336 26.7853355407715 26.7562446594238 26.7235984802246 26.6924743652344 26.6630706787109 26.6446228027344 26.6300811767578 26.6264190673828 26.6195735931396 26.6078109741211 26.6147384643555 26.6388187408447 26.6367073059082
-9999 -9999 -9999 -9999 26.9105243682861 26.9372386932373 26.9434547424316 26.947774887085 26.9513607025146 26.9969959259033 27.0359134674072 27.0491104125977 27.0372085571289 26.975643157959 26.9291362762451 26.9000034332275 26.8747825622559 26.8522491455078 26.8072986602783 26.7536926269531 26.735912322998 26.7244529724121 26.7215175628662 26.7217864990234 26.7471923828125 26.7694606781006 26.781551361084 26.7949447631836 26.8106098175049 26.8200168609619 26.8229866027832 26.8320217132568 26.8447513580322 26.8543109893799 26.862813949585 26.843729019165 26.82080078125 26.7933216094971 26.7668552398682 26.7468376159668 26.7281322479248 26.7130794525146 26.6951427459717 26.6727447509766 26.6793766021729 26.7126483917236 26.7181453704834
-9999 -9999 -9999 -9999 -9999 26.9105243682861 26.9472007751465 26.9391345977783 26.9731407165527 27.0527515411377 27.1082077026367 27.0712127685547 27.0184936523438 26.9346675872803 26.8770904541016 26.8498020172119 26.8339252471924 26.8258819580078 26.8022537231445 26.7726058959961 26.7591876983643 26.7486343383789 26.7420024871826 26.739387512207 26.7695236206055 26.7961463928223 26.811372756958 26.8283271789551 26.8482971191406 26.8607635498047 26.8655109405518 26.8770961761475 26.8928470611572 26.9126243591309 26.9337425231934 26.9243450164795 26.9106693267822 26.8884506225586 26.8667144775391 26.8480548858643 26.8283653259277 26.8058090209961 26.7791347503662 26.7460975646973 26.7494449615479 26.7861843109131 26.7971515655518
-9999 -9999 -9999 -9999 -9999 26.9269466400146 26.9105243682861 26.9913730621338 27.0727577209473 27.1105117797852 27.1262245178223 27.0575695037842 26.989896774292 26.924165725708 26.8832511901855 26.8709659576416 26.8632946014404 26.8587913513184 26.84157371521 26.8194465637207 26.8059577941895 26.7939929962158 26.782470703125 26.7735176086426 26.7859039306641 26.79758644104 26.8069915771484 26.81760597229 26.8303260803223 26.8429908752441 26.8556003570557 26.8769779205322 26.903694152832 26.9384822845459 26.9759578704834 26.9748439788818 26.9683723449707 26.9585018157959 26.9493637084961 26.9449024200439 26.938175201416 26.9251403808594 26.9000587463379 26.8563594818115 26.8433284759521 26.8584423065186 26.8655033111572
-9999 -9999 26.9691581726074 26.9627571105957 26.9542694091797 26.9433898925781 26.9269275665283 27.0477275848389 27.1654853820801 27.1628551483154 27.1418590545654 27.0505714416504 26.9739551544189 26.9263744354248 26.900520324707 26.8997383117676 26.9008884429932 26.9033641815186 26.8926734924316 26.8768997192383 26.8621921539307 26.8476753234863 26.8317642211914 26.8172149658203 26.8142642974854 26.8126258850098 26.8152446746826 26.8191947937012 26.8254680633545 26.8387794494629 26.8593292236328 26.8913993835449 26.9304866790771 26.9751625061035 27.0217037200928 27.0278072357178 27.0283126831055 27.0274028778076 27.0272312164307 27.0317726135254 27.0338115692139 27.0288887023926 27.0081310272217 26.9629020690918 26.9407348632812 26.9397354125977 26.9422092437744
-9999.000000000000000 -9999 -9999 -9999 26.9906101226807 26.9651508331299 26.9751796722412 27.1130619049072 27.2431812286377 27.2033729553223 27.1522922515869 27.058069229126 26.9856338500977 26.9563102722168 26.9420318603516 26.9451122283936 26.9564228057861 26.9733848571777 26.9694728851318 26.9575004577637 26.9390773773193 26.9195156097412 26.9003124237061 26.881778717041 26.868766784668 26.8573417663574 26.8510646820068 26.8476486206055 26.8492279052734 26.8641548156738 26.8928184509277 26.9375457763672 26.9920616149902 27.0354595184326 27.0751514434814 27.0861473083496 27.093132019043 27.0937938690186 27.0946636199951 27.0968723297119 27.0985260009766 27.0986366271973 27.0881633758545 27.0613307952881 27.0458354949951 27.0407447814941 27.0371379852295
-9999 -9999 -9999 -9999 27.0427799224854 27.0632915496826 27.0413303375244 27.1857280731201 27.3209686279297 27.2461433410645 27.1672420501709 27.0727405548096 27.0047359466553 26.9891681671143 26.9849624633789 26.9938697814941 27.0148448944092 27.0441093444824 27.0483512878418 27.042932510376 27.0240364074707 27.0027637481689 26.979154586792 26.9557056427002 26.9339923858643 26.9141445159912 26.9003467559814 26.8923587799072 26.8945045471191 26.9118556976318 26.9448509216309 26.9925937652588 27.0493221282959 27.0887699127197 27.1224575042725 27.1372489929199 27.1493663787842 27.1525592803955 27.1554012298584 27.1560020446777 27.1571388244629 27.1597709655762 27.1557884216309 27.141580581665 27.1317939758301 27.1260662078857 27.1200904846191
-9999 -9999 -9999 -9999 27.0815925598145 27.0998954772949 27.1224937438965 27.2676181793213 27.3988666534424 27.2917461395264 27.1878719329834 27.0964336395264 27.0331783294678 27.0256977081299 27.0296783447266 27.0468826293945 27.0769004821777 27.1157188415527 27.129846572876 27.1344413757324 27.1191577911377 27.1003646850586 27.070951461792 27.0414066314697 27.0127067565918 26.9861545562744 26.9665679931641 26.95751953125 26.9668560028076 26.9876441955566 27.0202159881592 27.0588397979736 27.1011524200439 27.1332893371582 27.1620349884033 27.1792449951172 27.1947975158691 27.201732635498 27.2077140808105 27.2076206207275 27.2080764770508 27.2100658416748 27.207799911499 27.1989593505859 27.1936740875244 27.1916522979736 27.1879749298096
-9999 -9999 -9999 -9999 27.0998954772949 27.1272506713867 27.1593627929688 27.3121719360352 27.4510116577148 27.3317222595215 27.2197093963623 27.135555267334 27.0774250030518 27.0707893371582 27.0773239135742 27.0990505218506 27.1314277648926 27.1711196899414 27.1897010803223 27.2001304626465 27.191011428833 27.1784439086914 27.1467895507812 27.1149063110352 27.0845985412598 27.0570430755615 27.0384044647217 27.0311698913574 27.043830871582 27.0636882781982 27.0909538269043 27.1206588745117 27.1518516540527 27.1773529052734 27.2009544372559 27.2175598144531 27.2331295013428 27.2394504547119 27.244665145874 27.2428207397461 27.2417373657227 27.2427787780762 27.2427234649658 27.2409763336182 27.2405986785889 27.24147605896 27.2410869598389
-9999 -9999 -9999 -9999 27.1288356781006 27.1593627929688 27.3214454650879 27.3287200927734 27.4838390350342 27.3674774169922 27.259952545166 27.1862487792969 27.1335220336914 27.1223030090332 27.1271667480469 27.1505851745605 27.1803092956543 27.2143630981445 27.2333202362061 27.2464504241943 27.2454166412354 27.2418842315674 27.2106609344482 27.1792545318604 27.1513748168945 27.1270885467529 27.1144542694092 27.1111888885498 27.1242733001709 27.1399250030518 27.1582202911377 27.1791572570801 27.2017040252686 27.2210731506348 27.2393798828125 27.2531147003174 27.2661399841309 27.2685775756836 27.2700901031494 27.2657051086426 27.2624435424805 27.2623062133789 27.2648334503174 27.2714729309082 27.2763061523438 27.2794818878174 27.2831211090088
-9999 -9999 -9999 -9999 27.1593627929688 27.3448085784912 27.4296836853027 27.4855251312256 27.4811458587646 27.3941993713379 27.3111915588379 27.2432556152344 27.1904144287109 27.1674404144287 27.1648483276367 27.18577003479 27.2096900939941 27.235668182373 27.2547264099121 27.2711124420166 27.2745189666748 27.275634765625 27.2471008300781 27.2186336517334 27.196138381958 27.1771373748779 27.1694641113281 27.1693172454834 27.1823101043701 27.1961498260498 27.2108631134033 27.2276153564453 27.2456111907959 27.2590465545654 27.2709617614746 27.278736114502 27.2858772277832 27.2844638824463 27.2826042175293 27.2779083251953 27.2753124237061 27.2785625457764 27.285852432251 27.2993907928467 27.3105163574219 27.3194313049316 27.3292465209961
-9999 -9999 -9999 -9999 -9999 27.4502105712891 27.4687423706055 27.4748039245605 27.4632263183594 27.417049407959 27.3671436309814 27.3029689788818 27.2476482391357 27.209846496582 27.1973171234131 27.2139472961426 27.230712890625 27.2475700378418 27.2666091918945 27.286491394043 27.2927761077881 27.2966594696045 27.2717838287354 27.2473125457764 27.2314682006836 27.2186126708984 27.2154541015625 27.2180652618408 27.2307434082031 27.2437973022461 27.2572383880615 27.2717704772949 27.2869701385498 27.2945594787598 27.2996101379395 27.3001022338867 27.2999267578125 27.2946720123291 27.2895832061768 27.2855339050293 27.2848262786865 27.2934150695801 27.3064060211182 27.3262004852295 27.3440837860107 27.3602142333984 27.377124786377
-9999 -9999 -9999 -9999 -9999 27.4516220092773 27.4522075653076 27.4458999633789 27.4452056884766 27.4231548309326 27.3941020965576 27.3382434844971 27.2851467132568 27.2375087738037 27.2178058624268 27.2303333282471 27.2419528961182 27.2529468536377 27.2711029052734 27.2920227050781 27.3001556396484 27.3060340881348 27.2867641448975 27.2679843902588 27.2578926086426 27.2503986358643 27.2513332366943 27.2563953399658 27.2686576843262 27.2810611724854 27.2936115264893 27.3038349151611 27.3126392364502 27.315746307373 27.3169555664062 27.3159599304199 27.3146476745605 27.311408996582 27.309024810791 27.312084197998 27.3180885314941 27.3322868347168 27.3497486114502 27.3722457885742 27.3929328918457 27.4119548797607 27.4298458099365
-9999 -9999 -9999 -9999 -9999 27.4362030029297 27.4339160919189 27.4359169006348 27.4271640777588 27.4257965087891 27.415060043335 27.3684635162354 27.3185615539551 27.2621212005615 27.2358150482178 27.2442779541016 27.2511672973633 27.2569732666016 27.2740650177002 27.2955150604248 27.3052864074707 27.3129978179932 27.2997360229492 27.2870006561279 27.2824745178223 27.280179977417 27.285120010376 27.2925682067871 27.3043956756592 27.3161773681641 27.327917098999 27.3333950042725 27.3350601196289 27.3339691162109 27.3319606781006 27.3306789398193 27.3295097351074 27.329496383667 27.3310470581055 27.34255027771 27.3562622070312 27.3761291503906 27.3978023529053 27.4222717285156 27.4449424743652 27.4659633636475 27.4835662841797
-9999 -9999 -9999 -9999 -9999 -9999 27.4224872589111 27.4199333190918 27.41943359375 27.4140033721924 27.4019069671631 27.3642921447754 27.3216686248779 27.2691326141357 27.2444190979004 27.2518081665039 27.2556076049805 27.2569389343262 27.269998550415 27.2875881195068 27.2997798919678 27.3110198974609 27.3025341033936 27.2946338653564 27.2952098846436 27.2976951599121 27.3063774108887 27.3170375823975 27.3311519622803 27.3423175811768 27.3504505157471 27.3521881103516 27.3500270843506 27.3493137359619 27.3490810394287 27.3520126342773 27.3554096221924 27.36279296875 27.3717632293701 27.39084815979 27.4113807678223 27.4359397888184 27.4610195159912 27.4869041442871 27.5092678070068 27.5284023284912 27.5420513153076
-9999 -9999 -9999 -9999 -9999 -9999 27.4137210845947 27.4116096496582 27.4124183654785 27.4018039703369 27.3873424530029 27.3581504821777 27.3228073120117 27.2752914428711 27.2527885437012 27.2591457366943 27.2599468231201 27.256929397583 27.2655067443848 27.2785625457764 27.2930030822754 27.307689666748 27.3041038513184 27.3011093139648 27.3063812255859 27.3133087158203 27.325611114502 27.3393535614014 27.3556041717529 27.3661994934082 27.3709774017334 27.3696460723877 27.3645935058594 27.3646106719971 27.3663177490234 27.3734436035156 27.3813705444336 27.3962173461914 27.4126434326172 27.4391269683838 27.4662342071533 27.4950695037842 27.5231475830078 27.5500602722168 27.5717735290527 27.5887184143066 27.5982894897461
-9999 -9999 -9999 -9999 -9999 -9999 27.3706722259521 27.4096202850342 27.4080791473389 27.392162322998 27.3740310668945 27.3474254608154 27.3174362182617 27.2807502746582 27.263126373291 27.2674922943115 27.265495300293 27.259126663208 27.2598342895508 27.2632732391357 27.2777557373047 27.2941856384277 27.297420501709 27.3006763458252 27.3065319061279 27.3144874572754 27.329252243042 27.3442802429199 27.3597717285156 27.3702983856201 27.3757152557373 27.3780212402344 27.3784332275391 27.3807849884033 27.3837795257568 27.3927783966064 27.4026870727539 27.4237499237061 27.4463424682617 27.4786815643311 27.5101737976074 27.5393104553223 27.5664501190186 27.5905055999756 27.6089897155762 27.6223621368408 27.6283092498779
-9999 -9999 -9999 -9999 -9999 27.1687068939209 27.2917232513428 27.2907886505127 27.407657623291 27.3880405426025 27.3669548034668 27.3402538299561 27.3132820129395 27.2857780456543 27.2724838256836 27.2755851745605 27.2718906402588 27.2635326385498 27.2570838928223 27.2513732910156 27.2651119232178 27.282283782959 27.2914428710938 27.3001937866211 27.306999206543 27.3160419464111 27.3323364257812 27.3476638793945 27.361307144165 27.3709888458252 27.3765926361084 27.3819942474365 27.3872699737549 27.3922443389893 27.3971176147461 27.4082546234131 27.4203586578369 27.4466648101807 27.47434425354 27.5107746124268 27.5450801849365 27.5734729766846 27.5989780426025 27.6200199127197 27.6353302001953 27.645378112793 27.6482887268066
-9999 -9999 -9999 -9999 27.087646484375 27.1526012420654 27.1687068939209 27.2977752685547 27.4215927124023 27.4041538238525 27.382740020752 27.3461093902588 27.3135948181152 27.2892208099365 27.2782497406006 27.2827415466309 27.2813911437988 27.276029586792 27.2650451660156 27.2518882751465 27.2620162963867 27.276252746582 27.2880573272705 27.299524307251 27.3086204528809 27.3189697265625 27.3333835601807 27.3453884124756 27.3531894683838 27.3591861724854 27.3633232116699 27.3698215484619 27.3777561187744 27.3864212036133 27.3953285217285 27.4095802307129 27.4246635437012 27.4526500701904 27.4814586639404 27.5155067443848 27.546854019165 27.5706806182861 27.592004776001 27.6094589233398 27.6217918395996 27.6294212341309 27.6314582824707
