Ecospace-environmental-drivers/Outputs/ASCII-for-ecospace/MOM6-ISIMIP3a/tos/1988-04_tos_MOM6-ISIMIP3a.asc
NCOLS 131 
NROWS 53 
XLLCORNER -98 
YLLCORNER 23.9265270233154 
CELLSIZE 0.133587792515755 
NODATA_value -9999 
[rows 21 to 41 of 53, columns 0 to 46 of 131]
-9999 -9999 -9999 -9999 -9999 -9999 20.3863372802734 20.3608894348145 20.295597076416 20.1940536499023 20.1774787902832 20.1629066467285 20.1615524291992 20.1575222015381 20.1668834686279 20.1916980743408 20.2392272949219 20.3023567199707 20.4369506835938 20.599142074585 20.6839733123779 20.7551536560059 20.8560028076172 20.9474067687988 20.9546966552734 20.9638385772705 20.9789752960205 21.013952255249 21.0835514068604 21.1489105224609 21.2099075317383 21.2862873077393 21.3720378875732 21.4583835601807 21.5449275970459 21.5905780792236 21.6302089691162 21.6189498901367 21.5992984771729 21.526195526123 21.4646968841553 21.4354991912842 21.4143810272217 21.4057445526123 21.4010753631592 21.4000434875488 21.4391689300537
-9999 -9999 -9999 -9999 -9999 -9999 20.3903770446777 20.3863372802734 20.3354415893555 20.2665519714355 20.1940536499023 20.1754779815674 20.1964492797852 20.2956809997559 20.3821544647217 20.4539051055908 20.5456199645996 20.6510467529297 20.8552875518799 21.0976848602295 21.2110023498535 21.3015384674072 21.370512008667 21.4345378875732 21.4612579345703 21.4813270568848 21.4798355102539 21.4939479827881 21.5352897644043 21.5698184967041 21.5973377227783 21.6355094909668 21.6801719665527 21.7449703216553 21.8164806365967 21.8901023864746 21.9639301300049 22.0257835388184 22.0752716064453 22.0460205078125 22.0181636810303 21.9941844940186 21.9675388336182 21.9367733001709 21.9152851104736 21.9023094177246 21.9281482696533
-9999 -9999 -9999 -9999 20.6071796417236 20.4631996154785 20.3943347930908 20.3904571533203 20.3863372802734 20.2845458984375 20.2012710571289 20.1888694763184 20.2539825439453 20.4724712371826 20.6427326202393 20.7573471069336 20.8870544433594 21.0271282196045 21.2909927368164 21.6026573181152 21.7431774139404 21.8534984588623 21.8882122039795 21.9224796295166 21.9668159484863 21.9970569610596 21.9815902709961 21.9765968322754 21.9898738861084 21.9946308135986 21.9906234741211 21.9906005859375 21.9930038452148 22.0335998535156 22.0869274139404 22.1841907501221 22.2877311706543 22.419584274292 22.5359287261963 22.5534973144531 22.562427520752 22.5473213195801 22.5184097290039 22.468168258667 22.4319629669189 22.4086418151855 22.4208431243896
-9999 -9999 -9999 -9999 20.9357967376709 20.6353893280029 20.5320644378662 20.3943347930908 20.3906993865967 20.3444290161133 20.327112197876 20.4206104278564 20.5989437103271 20.9451389312744 21.2153797149658 21.3979835510254 21.5116691589355 21.5780258178711 21.7543163299561 21.9730548858643 22.1117858886719 22.2363986968994 22.2462482452393 22.2566585540771 22.2926712036133 22.3247413635254 22.3440341949463 22.3581504821777 22.3632297515869 22.3798656463623 22.4083919525146 22.4230117797852 22.4291572570801 22.4604816436768 22.5001983642578 22.5670032501221 22.6376552581787 22.7227478027344 22.7991542816162 22.8202476501465 22.8354988098145 22.834493637085 22.8214683532715 22.7898693084717 22.7702922821045 22.7617454528809 22.7711448669434
-9999 -9999 -9999 -9999 -9999 20.9357967376709 20.6793594360352 20.6697940826416 20.4133853912354 20.4336833953857 20.4920654296875 20.696216583252 20.9842834472656 21.4384021759033 21.7898235321045 22.0227489471436 22.1205062866211 22.1254348754883 22.219539642334 22.3480758666992 22.4722328186035 22.5956192016602 22.5807361602783 22.5669956207275 22.5880126953125 22.6146965026855 22.6597537994385 22.6892242431641 22.6914978027344 22.7216892242432 22.7806072235107 22.8098526000977 22.8210201263428 22.8431282043457 22.8688831329346 22.9055004119873 22.9436492919922 22.9859027862549 23.0254764556885 23.0479831695557 23.0674819946289 23.0786151885986 23.0796642303467 23.0651302337646 23.0611133575439 23.0667476654053 23.0768852233887
-9999 -9999 -9999 -9999 -9999 20.945671081543 20.9357967376709 20.7175102233887 20.5164184570312 20.6517162322998 20.8285140991211 21.1641502380371 21.5466747283936 22.0219745635986 22.3721408843994 22.5779247283936 22.6601600646973 22.6575508117676 22.6930904388428 22.7433586120605 22.7968921661377 22.851001739502 22.8119583129883 22.7727909088135 22.7495651245117 22.7392120361328 22.7705974578857 22.7989654541016 22.8220691680908 22.8731708526611 22.9530792236328 22.9968738555908 23.0186710357666 23.0318164825439 23.0420799255371 23.0496978759766 23.0570182800293 23.0736331939697 23.0899848937988 23.1046504974365 23.1193141937256 23.1339702606201 23.1411437988281 23.1367530822754 23.1436252593994 23.1608352661133 23.1872291564941
-9999 -9999 20.9856605529785 20.9767093658447 20.9620971679688 20.9555568695068 20.9456596374512 20.7842960357666 20.6473655700684 20.8904476165771 21.1771278381348 21.6306896209717 22.0815353393555 22.5270042419434 22.8430309295654 23.0097007751465 23.0749702453613 23.0706005096436 23.0659713745117 23.0612411499023 23.0619449615479 23.0636100769043 23.0079612731934 22.9506950378418 22.8904209136963 22.8474464416504 22.8605690002441 22.8857593536377 22.9320106506348 23.0012054443359 23.0940074920654 23.145112991333 23.1708183288574 23.1745452880859 23.1709461212158 23.1569423675537 23.1416130065918 23.1416263580322 23.1434326171875 23.1566467285156 23.1709365844727 23.1882266998291 23.1989250183105 23.1994400024414 23.2116298675537 23.2345371246338 23.2788829803467
-9999.000000000000000 -9999 -9999 -9999 21.0124740600586 20.9686393737793 20.9746685028076 20.8926906585693 20.8392181396484 21.1743354797363 21.5522861480713 22.0941829681396 22.5563278198242 22.8606624603271 23.0707988739014 23.1722393035889 23.2173843383789 23.2238674163818 23.2192077636719 23.2102470397949 23.1969528198242 23.1828956604004 23.1271133422852 23.0677452087402 22.9861145019531 22.9201526641846 22.9050006866455 22.9224891662598 22.9969387054443 23.0780830383301 23.1661167144775 23.2087326049805 23.2236824035645 23.2169952392578 23.2030944824219 23.1835632324219 23.1634178161621 23.1665515899658 23.1727485656738 23.1984481811523 23.2221069335938 23.240083694458 23.2486381530762 23.2426338195801 23.2479858398438 23.2637596130371 23.3297595977783
-9999 -9999 -9999 -9999 21.089771270752 21.113224029541 21.0686893463135 21.0502166748047 21.0647754669189 21.4506072998047 21.8711853027344 22.4247589111328 22.8649311065674 23.0807189941406 23.2260627746582 23.2901248931885 23.3231945037842 23.3349761962891 23.3309898376465 23.3209133148193 23.299165725708 23.2753601074219 23.2234783172607 23.1661071777344 23.0681190490723 22.9824562072754 22.9367656707764 22.9453201293945 23.0485401153564 23.1429500579834 23.2282943725586 23.2650623321533 23.27223777771 23.257043838501 23.2343940734863 23.211820602417 23.1894302368164 23.1907978057861 23.196741104126 23.2318248748779 23.2640476226807 23.2882995605469 23.3006820678711 23.2947177886963 23.2994003295898 23.3138561248779 23.3889141082764
-9999 -9999 -9999 -9999 21.1503372192383 21.1874485015869 21.2332725524902 21.269552230835 21.3327350616455 21.7172927856445 22.1193027496338 22.5881118774414 22.9644603729248 23.1578502655029 23.2901096343994 23.3518333435059 23.3829517364502 23.3930511474609 23.3906173706055 23.3833446502686 23.3601188659668 23.334077835083 23.2911739349365 23.2409572601318 23.1329002380371 23.0316715240479 22.9525928497314 22.9506645202637 23.0833740234375 23.1927051544189 23.2779750823975 23.312219619751 23.3153762817383 23.2940769195557 23.2646255493164 23.2421417236328 23.2207298278809 23.2141857147217 23.2140350341797 23.254602432251 23.294376373291 23.3319396972656 23.3556594848633 23.3579864501953 23.3697643280029 23.3902168273926 23.4584827423096
-9999 -9999 -9999 -9999 21.1874485015869 21.242919921875 21.3080368041992 21.4486770629883 21.6133060455322 21.9724426269531 22.3400039672852 22.7398071289062 23.0650653839111 23.242826461792 23.3620948791504 23.413875579834 23.4389190673828 23.4456024169922 23.4426784515381 23.4360427856445 23.4126300811768 23.3862590789795 23.3476543426514 23.3011360168457 23.1908988952637 23.0866374969482 23.0017547607422 23.0002117156982 23.1441020965576 23.2547016143799 23.3310432434082 23.3597145080566 23.3593444824219 23.3388938903809 23.3117485046387 23.2900886535645 23.2692451477051 23.2565135955811 23.2495098114014 23.278980255127 23.3125476837158 23.3575267791748 23.3905410766602 23.405065536499 23.4288940429688 23.4612598419189 23.5258808135986
-9999 -9999 -9999 -9999 21.2461357116699 21.3080368041992 21.6273384094238 21.5976448059082 21.9033393859863 22.2189445495605 22.5401439666748 22.882755279541 23.1664810180664 23.333683013916 23.4400329589844 23.476167678833 23.4920444488525 23.494010925293 23.4890613555908 23.4814395904541 23.4588108062744 23.4335327148438 23.3957233428955 23.3503093719482 23.2438106536865 23.1459159851074 23.0759201049805 23.0829124450684 23.224250793457 23.3258800506592 23.3866481781006 23.4074630737305 23.4039363861084 23.3895492553711 23.3715400695801 23.3512535095215 23.3306751251221 23.3130493164062 23.2986221313477 23.3045539855957 23.3215980529785 23.3695735931396 23.4103507995605 23.4400043487549 23.4795970916748 23.5283164978027 23.5916519165039
-9999 -9999 -9999 -9999 21.3080368041992 21.8170738220215 22.0082759857178 22.1549911499023 22.1507740020752 22.4381618499756 22.727108001709 23.0220241546631 23.2665958404541 23.411548614502 23.5005874633789 23.5251121520996 23.5330963134766 23.5297222137451 23.5239200592041 23.5171794891357 23.4956912994385 23.4716033935547 23.4354667663574 23.3923110961914 23.2928352355957 23.2039928436279 23.1496162414551 23.1631107330322 23.2950439453125 23.3890056610107 23.4438972473145 23.4619178771973 23.4574794769287 23.4489936828613 23.4391593933105 23.4122867584229 23.3831329345703 23.364465713501 23.3480434417725 23.3459148406982 23.3542022705078 23.3914909362793 23.4280662536621 23.4635353088379 23.5117206573486 23.5715751647949 23.6372776031494
-9999 -9999 -9999 -9999 -9999 22.27219581604 22.3246440887451 22.2721939086914 22.379955291748 22.6456851959229 22.9084243774414 23.1597156524658 23.3661556243896 23.4838447570801 23.5536918640137 23.5683364868164 23.5689735412598 23.5599918365479 23.5538387298584 23.5487785339355 23.5285873413086 23.5057258605957 23.471643447876 23.4312362670898 23.3401966094971 23.2615528106689 23.2231101989746 23.2422370910645 23.3618278503418 23.4486808776855 23.5018482208252 23.5192489624023 23.5148582458496 23.51220703125 23.5101337432861 23.4732627868652 23.4317493438721 23.413688659668 23.3975963592529 23.3940372467041 23.396900177002 23.4176368713379 23.444881439209 23.4821796417236 23.5358810424805 23.6046352386475 23.6742706298828
-9999 -9999 -9999 -9999 -9999 22.4951763153076 22.48366355896 22.5467491149902 22.556209564209 22.7894229888916 23.0204181671143 23.2429294586182 23.4268074035645 23.5342407226562 23.5945987701416 23.600643157959 23.5962181091309 23.584602355957 23.5797214508057 23.5774402618408 23.5594711303711 23.5387344360352 23.5048179626465 23.46533203125 23.3818435668945 23.3129062652588 23.291145324707 23.3153057098389 23.4195995330811 23.4979724884033 23.5496711730957 23.5704879760742 23.5724945068359 23.5682506561279 23.5619258880615 23.5237770080566 23.4813899993896 23.461254119873 23.4434852600098 23.4407825469971 23.4433670043945 23.4606704711914 23.4851760864258 23.5208168029785 23.571756362915 23.6367378234863 23.7055377960205
-9999 -9999 -9999 -9999 -9999 22.6680335998535 22.6772193908691 22.6320495605469 22.7215118408203 22.9199619293213 23.118070602417 23.3148727416992 23.4794101715088 23.5801048278809 23.6329822540283 23.6306896209717 23.621675491333 23.6080455780029 23.6047687530518 23.6054935455322 23.589937210083 23.5715084075928 23.5373706817627 23.4984283447266 23.4223098754883 23.3629741668701 23.3580513000488 23.3871192932129 23.4755077362061 23.5451164245605 23.5953979492188 23.6204681396484 23.6301822662354 23.6228141784668 23.609748840332 23.5721282958984 23.5312423706055 23.5084781646729 23.4886169433594 23.4872417449951 23.4906120300293 23.5071964263916 23.530330657959 23.5635929107666 23.6100578308105 23.6686420440674 23.7356224060059
-9999 -9999 -9999 -9999 -9999 -9999 22.8432197570801 22.8528575897217 22.8676052093506 23.0354785919189 23.2060642242432 23.3870315551758 23.5370788574219 23.6259479522705 23.6661434173584 23.6501808166504 23.6375217437744 23.6271305084229 23.6286487579346 23.6347694396973 23.6226291656494 23.6072654724121 23.5701084136963 23.5294570922852 23.4636669158936 23.4157009124756 23.4255218505859 23.4592800140381 23.5348148345947 23.5948829650879 23.6390380859375 23.6624221801758 23.673152923584 23.6620597839355 23.6436920166016 23.6093635559082 23.5729427337646 23.5522594451904 23.5348167419434 23.5380191802979 23.5444030761719 23.5596446990967 23.5803890228271 23.60964012146 23.650016784668 23.7006072998047 23.7625141143799
-9999 -9999 -9999 -9999 -9999 -9999 22.9993686676025 23.0447521209717 23.0096912384033 23.1483917236328 23.2926864624023 23.4584007263184 23.5943069458008 23.6712265014648 23.6983165740967 23.6679134368896 23.6520347595215 23.6461296081543 23.6527671813965 23.6642456054688 23.6555328369141 23.6432552337646 23.6029224395752 23.5604553222656 23.5053100585938 23.4688110351562 23.4927730560303 23.531156539917 23.5947074890137 23.6453971862793 23.6828517913818 23.7037963867188 23.7146854400635 23.700065612793 23.6769390106201 23.6458930969238 23.6138515472412 23.5956230163574 23.5808925628662 23.5884304046631 23.5976619720459 23.6116046905518 23.6298904418945 23.6548862457275 23.6889610290527 23.7313709259033 23.7877902984619
-9999 -9999 -9999 -9999 -9999 -9999 23.1273803710938 23.1004962921143 23.1182308197021 23.2407054901123 23.369291305542 23.5212669372559 23.6444091796875 23.7104969024658 23.7224502563477 23.6719436645508 23.6569366455078 23.6663074493408 23.679967880249 23.6952857971191 23.6896419525146 23.6802978515625 23.6364803314209 23.5921230316162 23.549560546875 23.5247364044189 23.5574264526367 23.5998477935791 23.6592502593994 23.7026176452637 23.7294826507568 23.7428150177002 23.7479057312012 23.7321338653564 23.7094097137451 23.6802043914795 23.6502170562744 23.6362056732178 23.6251430511475 23.6328620910645 23.6420860290527 23.6555004119873 23.6710872650146 23.6900329589844 23.7162933349609 23.749267578125 23.7973346710205
-9999 -9999 -9999 -9999 -9999 23.2585544586182 23.220645904541 23.2368946075439 23.2244892120361 23.3339691162109 23.4490375518799 23.5855045318604 23.6946067810059 23.7495594024658 23.7456340789795 23.6737747192383 23.6594257354736 23.6845741271973 23.7058029174805 23.7255172729492 23.7225666046143 23.7156143188477 23.6689262390137 23.6233024597168 23.5938034057617 23.5806674957275 23.6205883026123 23.6661624908447 23.7215995788574 23.7580184936523 23.7748680114746 23.780782699585 23.7800369262695 23.7627124786377 23.7398643493652 23.712984085083 23.6856670379639 23.6752605438232 23.6672706604004 23.6746692657471 23.6834259033203 23.6959629058838 23.7088680267334 23.7223415374756 23.741189956665 23.7649688720703 23.8046569824219
-9999 -9999 -9999 -9999 23.4133396148682 23.321928024292 23.2585544586182 23.2866401672363 23.3223915100098 23.4307117462158 23.54030418396 23.6547756195068 23.745153427124 23.7878532409668 23.7653274536133 23.6675395965576 23.6530799865723 23.6958446502686 23.7266311645508 23.7527923583984 23.751148223877 23.7446002960205 23.6972942352295 23.6526889801025 23.6380138397217 23.6366176605225 23.6782779693604 23.7237586975098 23.7759037017822 23.8067531585693 23.8156890869141 23.8148975372314 23.8081798553467 23.7878265380859 23.7629318237305 23.7401561737061 23.7177696228027 23.7087268829346 23.7016201019287 23.7068557739258 23.713451385498 23.7238349914551 23.7341194152832 23.7442474365234 23.7571544647217 23.772611618042 23.803825378418
