Ecospace-environmental-drivers/Outputs/ASCII-for-ecospace/MOM6-ISIMIP3a/tos/1989-12_tos_MOM6-ISIMIP3a.asc
NCOLS 131 
NROWS 53 
XLLCORNER -98 
YLLCORNER 23.9265270233154 
CELLSIZE 0.133587792515755 
NODATA_value -9999 
[rows 21 to 41 of 53, columns 0 to 46 of 131]
-9999 -9999 -9999 -9999 -9999 -9999 18.1139869689941 18.1598854064941 18.2794914245605 18.4248580932617 18.1659240722656 17.3974304199219 17.5919513702393 18.1713771820068 18.738260269165 19.2906742095947 19.8424549102783 20.3938007354736 20.8500995635986 21.2696952819824 21.5886611938477 21.8898696899414 21.9309520721436 21.9599285125732 21.9354591369629 21.9314861297607 21.9939670562744 22.0621013641357 22.1400985717773 22.2191696166992 22.2993469238281 22.3290042877197 22.3278846740723 22.329719543457 22.3325386047363 22.3365573883057 22.3409385681152 22.3726196289062 22.407320022583 22.461254119873 22.5088768005371 22.5389347076416 22.5522766113281 22.5397834777832 22.5293025970459 22.5206642150879 22.5308418273926
-9999 -9999 -9999 -9999 -9999 -9999 18.1133079528809 18.1139869689941 18.2057838439941 18.3733348846436 18.4248580932617 18.6754856109619 19.0382690429688 19.6229724884033 20.1570224761963 20.632625579834 21.0724716186523 21.4877605438232 21.8140316009521 22.1059322357178 22.3444728851318 22.5735950469971 22.6016216278076 22.6198997497559 22.5936298370361 22.579231262207 22.6033210754395 22.6320972442627 22.6690464019775 22.7091732025146 22.7525672912598 22.7687397003174 22.7683296203613 22.7724056243896 22.7779750823975 22.7857131958008 22.7938194274902 22.8113689422607 22.8299674987793 22.855224609375 22.8776435852051 22.8921489715576 22.8989486694336 22.8938369750977 22.8909683227539 22.8901557922363 22.9057598114014
-9999 -9999 -9999 -9999 18.1368675231934 18.1333427429199 18.0995616912842 18.1263732910156 18.1139869689941 18.2975826263428 18.6569137573242 19.6888866424561 20.5519371032715 21.080738067627 21.5506153106689 21.9525051116943 22.2775821685791 22.5499076843262 22.7427043914795 22.9047927856445 23.0570907592773 23.2076644897461 23.222375869751 23.2300891876221 23.2042655944824 23.1815986633301 23.16916847229 23.1602783203125 23.157564163208 23.1593933105469 23.1658935546875 23.1671466827393 23.1652011871338 23.1690578460693 23.1748485565186 23.185338973999 23.1964378356934 23.2017841339111 23.2061862945557 23.2045726776123 23.2034568786621 23.2037315368652 23.2048492431641 23.2072677612305 23.2116222381592 23.2177562713623 23.2353191375732
-9999 -9999 -9999 -9999 18.1311149597168 18.1834487915039 18.167121887207 18.0995616912842 18.1655712127686 19.0056991577148 19.8767604827881 20.8662185668945 21.6769847869873 22.1341667175293 22.5022354125977 22.7674808502197 22.963249206543 23.1113014221191 23.2045192718506 23.2765598297119 23.3454704284668 23.4138298034668 23.4174060821533 23.4172286987305 23.3975868225098 23.37890625 23.3633327484131 23.3492107391357 23.3376216888428 23.327262878418 23.3181705474854 23.3073749542236 23.2955417633057 23.2884616851807 23.2829685211182 23.2804374694824 23.278284072876 23.2714004516602 23.2640342712402 23.2536010742188 23.2455596923828 23.2441787719727 23.2465953826904 23.2548809051514 23.2674503326416 23.2839508056641 23.3087825775146
-9999 -9999 -9999 -9999 -9999 18.1311149597168 18.335994720459 18.2346839904785 18.4410362243652 19.7888317108154 21.0472679138184 21.9636764526367 22.6969413757324 23.0678195953369 23.3308849334717 23.4695472717285 23.5502605438232 23.5911769866943 23.6002464294434 23.5970191955566 23.5959968566895 23.595365524292 23.5883884429932 23.5803565979004 23.5647106170654 23.5482711791992 23.529260635376 23.5101108551025 23.49072265625 23.4699211120605 23.4476699829102 23.4268169403076 23.4068183898926 23.3903961181641 23.3751659393311 23.3605632781982 23.3460178375244 23.3271789550781 23.3084506988525 23.2904148101807 23.2768745422363 23.2758502960205 23.2811908721924 23.2963638305664 23.3178672790527 23.3451747894287 23.3771533966064
-9999 -9999 -9999 -9999 -9999 18.2862434387207 18.1311149597168 18.8786220550537 19.698148727417 20.90087890625 22.0014343261719 22.7108993530273 23.2561073303223 23.4762954711914 23.62034034729 23.6765289306641 23.7046928405762 23.7136116027832 23.7062072753906 23.6925010681152 23.6805477142334 23.6689033508301 23.653923034668 23.6382064819336 23.6169586181641 23.5951194763184 23.5713748931885 23.5480976104736 23.525634765625 23.5020408630371 23.4772815704346 23.4551086425781 23.4345111846924 23.4157333374023 23.3975620269775 23.3750400543213 23.3518714904785 23.3222942352295 23.2939739227295 23.2736740112305 23.260892868042 23.26904296875 23.2844219207764 23.3109741210938 23.3445606231689 23.3846015930176 23.423189163208
-9999 -9999 18.5908527374268 18.5632572174072 18.5443267822266 18.441556930542 18.286060333252 19.5113716125488 20.7904624938965 21.8479900360107 22.7923412322998 23.3034934997559 23.6781673431396 23.7827892303467 23.8385562896729 23.8379554748535 23.8297424316406 23.8162994384766 23.797534942627 23.7767124176025 23.7548141479492 23.7327270507812 23.7101955413818 23.6872425079346 23.6608638763428 23.6340942382812 23.6060638427734 23.5789012908936 23.5532569885254 23.5269908905029 23.5000839233398 23.4770603179932 23.4564037322998 23.4346599578857 23.4125518798828 23.3823642730713 23.3510208129883 23.3140869140625 23.2796497344971 23.2611045837402 23.2520732879639 23.2695274353027 23.2951335906982 23.3333396911621 23.3777751922607 23.4279308319092 23.4729766845703
-9999.000000000000000 -9999 -9999 -9999 18.7038841247559 18.6470985412598 18.7418251037598 20.1197052001953 21.5232105255127 22.4352340698242 23.2270412445068 23.5587100982666 23.801082611084 23.8667678833008 23.901330947876 23.8999824523926 23.8906764984131 23.8759059906006 23.8569316864014 23.8363342285156 23.8066463470459 23.775354385376 23.7462501525879 23.7170429229736 23.6865673065186 23.6558895111084 23.624547958374 23.5940361022949 23.5649738311768 23.5362987518311 23.5080242156982 23.4851779937744 23.4656352996826 23.4395942687988 23.4113864898682 23.3740863800049 23.3355407714844 23.2986373901367 23.2656517028809 23.2576313018799 23.2588768005371 23.2859210968018 23.3221645355225 23.3726196289062 23.4252147674561 23.479772567749 23.5309448242188
-9999 -9999 -9999 -9999 18.9008598327637 19.0229988098145 19.0173110961914 20.508918762207 22.0196533203125 22.8305339813232 23.5177040100098 23.7313632965088 23.8878974914551 23.9313983917236 23.9529647827148 23.9492206573486 23.938024520874 23.9217071533203 23.9038410186768 23.8853721618652 23.8516445159912 23.8152256011963 23.7786693572998 23.7422618865967 23.7071113586426 23.6720676422119 23.6373710632324 23.6034240722656 23.570779800415 23.5401744842529 23.5116691589355 23.4889049530029 23.4696407318115 23.4404792785645 23.4080181121826 23.3691463470459 23.3294506072998 23.2984352111816 23.2722587585449 23.2768936157227 23.2898063659668 23.3257598876953 23.3708057403564 23.4299011230469 23.4899864196777 23.5509796142578 23.6123142242432
-9999 -9999 -9999 -9999 19.0277404785156 19.0324821472168 19.0383358001709 20.6224594116211 22.2188053131104 22.9843521118164 23.6271553039551 23.8001461029053 23.929292678833 23.9716815948486 23.9905776977539 23.9823665618896 23.9682769775391 23.9501457214355 23.935037612915 23.9210968017578 23.8880481719971 23.8516292572021 23.8065147399902 23.7617206573486 23.7211608886719 23.6811809539795 23.6430778503418 23.605583190918 23.5691528320312 23.5372180938721 23.5099067687988 23.4871120452881 23.4670696258545 23.4362640380859 23.4018745422363 23.3684043884277 23.3351726531982 23.317419052124 23.3047866821289 23.3247604370117 23.3510856628418 23.395092010498 23.4466342926025 23.5098247528076 23.5765628814697 23.6465549468994 23.723123550415
-9999 -9999 -9999 -9999 19.0324821472168 19.0395679473877 19.0478858947754 20.6217784881592 22.2096576690674 22.9901523590088 23.6466960906982 23.8288040161133 23.9629592895508 24.0022296905518 24.017749786377 24.0058708190918 23.9896183013916 23.970365524292 23.956521987915 23.944766998291 23.9115943908691 23.874641418457 23.8211574554443 23.7681179046631 23.7217845916748 23.6768779754639 23.6365871429443 23.5971069335938 23.5590419769287 23.5284729003906 23.5056209564209 23.4842109680176 23.4636821746826 23.4368839263916 23.407995223999 23.3877639770508 23.3688545227051 23.3673458099365 23.3702487945557 23.4012622833252 23.4376239776611 23.4888744354248 23.546407699585 23.613655090332 23.6864070892334 23.7642078399658 23.8480987548828
-9999 -9999 -9999 -9999 19.0399780273438 19.0478858947754 20.4648723602295 20.5354290008545 22.0442848205566 22.8849411010742 23.598804473877 23.8273658752441 23.9908256530762 24.0254745483398 24.0370922088623 24.0221405029297 24.0042781829834 23.9844207763672 23.9707202911377 23.9593963623047 23.9254951477051 23.8876094818115 23.8258991241455 23.764720916748 23.7123413085938 23.6625118255615 23.6209506988525 23.5806541442871 23.5425662994385 23.5153903961182 23.4994411468506 23.4804782867432 23.4596824645996 23.441125869751 23.4233150482178 23.4222011566162 23.4235076904297 23.4404754638672 23.4604110717773 23.4992408752441 23.5431079864502 23.6009960174561 23.6641426086426 23.7354164123535 23.81369972229 23.8984203338623 23.9836978912354
-9999 -9999 -9999 -9999 19.0478858947754 20.5379276275635 21.2248382568359 21.6543941497803 21.7653579711914 22.6838092803955 23.4763526916504 23.7869682312012 24.005256652832 24.0408573150635 24.0520782470703 24.0351696014404 24.0160427093506 23.9953937530518 23.9811153411865 23.9692974090576 23.9337711334229 23.8940620422363 23.8232154846191 23.7532024383545 23.6958179473877 23.6421699523926 23.6006259918213 23.5624618530273 23.5301933288574 23.5087642669678 23.4984874725342 23.4862995147705 23.4729499816895 23.4699268341064 23.4703464508057 23.4884300231934 23.5090007781982 23.5359325408936 23.5650615692139 23.6081714630127 23.6558303833008 23.7161521911621 23.7810802459717 23.8531284332275 23.9302291870117 24.0119667053223 24.0925693511963
-9999 -9999 -9999 -9999 -9999 21.2770900726318 21.4141139984131 21.484691619873 21.4377632141113 22.4415702819824 23.3219451904297 23.7298736572266 24.0139293670654 24.0528697967529 24.0651950836182 24.0468082427979 24.0265655517578 24.0050449371338 23.9898796081543 23.9771709442139 23.9396362304688 23.8977222442627 23.8173503875732 23.7382011413574 23.6762619018555 23.6192646026611 23.5782928466797 23.5435218811035 23.5195770263672 23.5049057006836 23.4997730255127 23.4962158203125 23.4936180114746 23.5092525482178 23.5309658050537 23.5682830810547 23.6077117919922 23.6409587860107 23.6759204864502 23.7217960357666 23.771656036377 23.8326091766357 23.8976764678955 23.9691047668457 24.042142868042 24.1166553497314 24.1899852752686
-9999 -9999 -9999 -9999 -9999 21.1884574890137 21.1923217773438 21.1032543182373 21.1994190216064 22.27223777771 23.2209243774414 23.694486618042 24.0225296020508 24.0626316070557 24.0746192932129 24.0541687011719 24.0322570800781 24.0093402862549 23.9930324554443 23.9792766571045 23.9417018890381 23.8999252319336 23.8139476776123 23.7290706634521 23.661434173584 23.6008014678955 23.5628719329834 23.5340175628662 23.5209941864014 23.514986038208 23.5161933898926 23.5254173278809 23.5395278930664 23.5746402740479 23.6167526245117 23.6595973968506 23.7024822235107 23.7373237609863 23.7739009857178 23.8215389251709 23.8724575042725 23.932502746582 23.995418548584 24.0627689361572 24.1308517456055 24.1996078491211 24.2679023742676
-9999 -9999 -9999 -9999 -9999 21.0085277557373 20.9589405059814 20.9890174865723 20.9795398712158 22.1179885864258 23.1309490203857 23.6635894775391 24.0311164855957 24.0719261169434 24.0832786560059 24.0606422424316 24.0369491577148 24.0125293731689 23.9950256347656 23.9801902770996 23.9429817199707 23.9018249511719 23.8110523223877 23.7211532592773 23.6475849151611 23.5832557678223 23.5488834381104 23.5264625549316 23.5249004364014 23.5279502868652 23.5357437133789 23.5586109161377 23.5906600952148 23.6454181671143 23.7077484130859 23.7532825469971 23.7964401245117 23.8318958282471 23.8692169189453 23.9184112548828 23.9701480865479 24.0289707183838 24.0892581939697 24.1518135070801 24.2147598266602 24.2780647277832 24.3417854309082
-9999 -9999 -9999 -9999 -9999 -9999 20.8743228912354 20.7845497131348 20.8776302337646 22.0758819580078 23.1382293701172 23.6803951263428 24.0516967773438 24.0849056243896 24.089376449585 24.0606918334961 24.0339889526367 24.0086498260498 23.9914894104004 23.9774875640869 23.9421081542969 23.9029560089111 23.8128261566162 23.7226982116699 23.6418933868408 23.5740489959717 23.5482177734375 23.5339908599854 23.5400085449219 23.5510120391846 23.5671405792236 23.6023540496826 23.6491947174072 23.7153816223145 23.7880191802979 23.837043762207 23.8827533721924 23.9217185974121 23.9619846343994 24.0105476379395 24.0606937408447 24.1152477264404 24.1701984405518 24.2257614135742 24.2810916900635 24.3362064361572 24.3909225463867
-9999 -9999 -9999 -9999 -9999 -9999 20.8809909820557 20.8494033813477 20.8157691955566 22.0625152587891 23.1631927490234 23.7047805786133 24.0728549957275 24.0975952148438 24.0946636199951 24.0598030090332 24.0303173065186 24.0045223236084 23.9879379272461 23.974910736084 23.9413185119629 23.9040966033936 23.8151721954346 23.7253646850586 23.6376190185547 23.5664463043213 23.5490055084229 23.5427780151367 23.556116104126 23.5748691558838 23.5991897583008 23.6462135314941 23.707067489624 23.7836513519287 23.865478515625 23.9180679321289 23.9665718078613 24.0088882446289 24.0519275665283 24.0995769500732 24.1478309631348 24.1977767944336 24.2471027374268 24.2954711914062 24.3430290222168 24.3898448944092 24.4358348846436
-9999 -9999 -9999 -9999 -9999 -9999 20.9693260192871 21.0090217590332 21.1247539520264 22.3021602630615 23.3303203582764 23.7872295379639 24.0944366455078 24.105432510376 24.0925102233887 24.0519943237305 24.022705078125 24.0011234283447 23.9868564605713 23.975414276123 23.9424571990967 23.9057006835938 23.8214092254639 23.7354755401611 23.6445465087891 23.5719738006592 23.5589122772217 23.5578002929688 23.5775337219238 23.6023921966553 23.6325244903564 23.6862487792969 23.7543449401855 23.834228515625 23.9180393218994 23.9746341705322 24.0273952484131 24.0700378417969 24.1129684448242 24.15771484375 24.2020454406738 24.2452125549316 24.2871494293213 24.3271808624268 24.3664989471436 24.405158996582 24.4474925994873
-9999 -9999 -9999 -9999 -9999 20.6591930389404 21.0299987792969 21.0495510101318 21.512638092041 22.5876712799072 23.5144863128662 23.8739757537842 24.1119747161865 24.1095790863037 24.0876522064209 24.0431880950928 24.0152320861816 23.9986095428467 23.9866313934326 23.9764499664307 23.9437980651855 23.9071807861328 23.8271350860596 23.7448654174805 23.6519813537598 23.5787868499756 23.569429397583 23.572717666626 23.5980758666992 23.6281661987305 23.663122177124 23.7219524383545 23.7953224182129 23.8776054382324 23.9628582000732 24.0228366851807 24.0792255401611 24.121997833252 24.1645679473877 24.2058658599854 24.2459774017334 24.2827854156494 24.3181190490723 24.3511734008789 24.3838176727295 24.4160804748535 24.4566459655762
-9999 -9999 -9999 -9999 20.1089630126953 20.5622444152832 20.6591930389404 21.4022254943848 22.1898193359375 23.0413589477539 23.7611198425293 23.9764804840088 24.1146774291992 24.1001930236816 24.072868347168 24.0307292938232 24.0082740783691 23.9993362426758 23.9895458221436 23.9794292449951 23.9458808898926 23.9081993103027 23.8309955596924 23.7516136169434 23.6612777709961 23.5903167724609 23.5821743011475 23.5872535705566 23.6154079437256 23.6475162506104 23.6836929321289 23.7417755126953 23.8131999969482 23.8945808410645 23.9792804718018 24.0403690338135 24.0980834960938 24.1402473449707 24.1815547943115 24.2173938751221 24.2522144317627 24.2841911315918 24.3158092498779 24.3468704223633 24.3785858154297 24.4109001159668 24.4566173553467
