Ecospace-environmental-drivers/Outputs/ASCII-for-ecospace/MOM6-ISIMIP3a/tos/1989-09_tos_MOM6-ISIMIP3a.asc
NCOLS 131 
NROWS 53 
XLLCORNER -98 
YLLCORNER 23.9265270233154 
CELLSIZE 0.133587792515755 
NODATA_value -9999 
[rows 21 to 41 of 53, columns 0 to 46 of 131]
-9999 -9999 -9999 -9999 -9999 -9999 29.1059856414795 29.1226539611816 29.1624565124512 29.2247276306152 29.2157440185547 29.2228088378906 29.2126922607422 29.182559967041 29.1692638397217 29.1753921508789 29.1658420562744 29.1455268859863 29.1097831726074 29.0680847167969 29.0195083618164 28.9697151184082 28.944787979126 28.9232692718506 28.925630569458 28.9299640655518 28.9406871795654 28.9474353790283 28.9472427368164 28.948860168457 28.9523410797119 28.9612255096436 28.9734020233154 28.9796447753906 28.9839115142822 28.9810161590576 28.9772300720215 28.98681640625 28.9962043762207 29.004337310791 29.0133399963379 29.0247669219971 29.0310039520264 29.0292263031006 29.0289554595947 29.0300693511963 29.0276222229004
-9999 -9999 -9999 -9999 -9999 -9999 29.1032981872559 29.1059856414795 29.1393222808838 29.1797924041748 29.2247276306152 29.1996936798096 29.1709957122803 29.1350536346436 29.1053123474121 29.082727432251 29.0586853027344 29.0336437225342 29.00927734375 28.9851703643799 28.9484348297119 28.9094715118408 28.9019012451172 28.8963317871094 28.9017276763916 28.9084072113037 28.9192485809326 28.9291858673096 28.9375419616699 28.9467086791992 28.9567089080811 28.9675979614258 28.9790267944336 28.9902019500732 29.001293182373 29.0063171386719 29.0105895996094 29.0270977020264 29.0420398712158 29.0470333099365 29.054084777832 29.0668659210205 29.0740795135498 29.0726928710938 29.0728816986084 29.0745162963867 29.0727844238281
-9999 -9999 -9999 -9999 29.143684387207 29.1140766143799 29.1007461547852 29.1031627655029 29.1059856414795 29.1726589202881 29.2157955169678 29.1688442230225 29.1228561401367 29.0787715911865 29.0337467193604 28.9876365661621 28.9528388977051 28.9258117675781 28.9137439727783 28.9074516296387 28.8840789794922 28.8576908111572 28.8678970336914 28.8786067962646 28.8868408203125 28.8955669403076 28.905891418457 28.9184875488281 28.9350490570068 28.9513053894043 28.967248916626 28.9797763824463 28.9902248382568 29.0061702728271 29.023946762085 29.0368614196777 29.0491828918457 29.0720558166504 29.0920391082764 29.0936279296875 29.0982685089111 29.1113986968994 29.118803024292 29.1173572540283 29.117488861084 29.1190719604492 29.117862701416
-9999 -9999 -9999 -9999 29.2116184234619 29.1482982635498 29.1274070739746 29.1007461547852 29.1027565002441 29.1283473968506 29.1376457214355 29.0845775604248 29.0336494445801 28.9869537353516 28.947380065918 28.9160232543945 28.8958549499512 28.8833675384521 28.8807754516602 28.8820056915283 28.8737697601318 28.8638648986816 28.8768901824951 28.8902053833008 28.9017524719238 28.9138107299805 28.9275188446045 28.9442825317383 28.9663772583008 28.9872722625732 29.006929397583 29.0242786407471 29.040225982666 29.0616683959961 29.0849437713623 29.103099822998 29.1205615997314 29.1398506164551 29.1567668914795 29.1585540771484 29.1612033843994 29.1662559509277 29.1683101654053 29.1657276153564 29.164134979248 29.1634521484375 29.1613712310791
-9999 -9999 -9999 -9999 -9999 29.2116184234619 29.1534194946289 29.1540679931641 29.0972919464111 29.0851020812988 29.0631217956543 29.0036678314209 28.9495334625244 28.9059200286865 28.8756256103516 28.8606986999512 28.8552703857422 28.8563613891602 28.8613185882568 28.8677711486816 28.8719749450684 28.8757820129395 28.8908309936523 28.9060134887695 28.9202766418457 28.9349689483643 28.9510612487793 28.9708118438721 28.9969501495361 29.0214328765869 29.0442161560059 29.0656967163086 29.0863857269287 29.1117572784424 29.1386890411377 29.1603507995605 29.1812438964844 29.19651222229 29.2098655700684 29.2110385894775 29.2113704681396 29.2093658447266 29.2066841125488 29.2029552459717 29.1999835968018 29.1977081298828 29.1954669952393
-9999 -9999 -9999 -9999 -9999 29.1958522796631 29.2116184234619 29.1472415924072 29.0820140838623 29.0465221405029 29.0044994354248 28.9374866485596 28.8877449035645 28.8721733093262 28.86794090271 28.8767910003662 28.8865947723389 28.8970565795898 28.9011135101318 28.9026985168457 28.9075031280518 28.9128742218018 28.9264602661133 28.9402885437012 28.9546318054199 28.9689159393311 28.9830074310303 29.0005741119385 29.0242080688477 29.0476875305176 29.0710067749023 29.0935878753662 29.1157207489014 29.138126373291 29.160623550415 29.1781921386719 29.1950263977051 29.204345703125 29.2119903564453 29.2089786529541 29.2055530548096 29.2009696960449 29.1962547302246 29.191333770752 29.1884994506836 29.1875782012939 29.1882858276367
-9999 -9999 29.1609573364258 29.1651382446289 29.1696243286133 29.1800689697266 29.1958713531494 29.1360778808594 29.0730037689209 29.0181140899658 28.9600963592529 28.8901081085205 28.8465099334717 28.8551235198975 28.8731842041016 28.9021434783936 28.9244995117188 28.9423236846924 28.9464721679688 28.9453372955322 28.9490261077881 28.9535655975342 28.9643669128418 28.9755554199219 28.988826751709 29.0018901824951 29.0142860412598 29.0297832489014 29.0506954193115 29.0726661682129 29.0957317352295 29.1182842254639 29.1405239105225 29.1594982147217 29.1773834228516 29.1900806427002 29.2019996643066 29.205623626709 29.207914352417 29.2017097473145 29.1954822540283 29.1891899108887 29.1834316253662 29.1784973144531 29.1766338348389 29.1775932312012 29.1820411682129
-9999.000000000000000 -9999 -9999 -9999 29.1457195281982 29.1591796875 29.1495532989502 29.1154479980469 29.0776691436768 29.0118980407715 28.9467105865479 28.8837547302246 28.850118637085 28.8745059967041 28.9066371917725 28.9477024078369 28.9767589569092 28.9975662231445 29.003963470459 29.0047950744629 29.003625869751 29.0021057128906 29.0072383880615 29.0129890441895 29.0226650238037 29.0327415466309 29.0441112518311 29.0577907562256 29.0754985809326 29.0948696136475 29.1159515380859 29.1360111236572 29.1554470062256 29.1699676513672 29.1828498840332 29.1889762878418 29.1941223144531 29.1926040649414 29.1903095245361 29.1830711364746 29.1761322021484 29.1700267791748 29.1653861999512 29.1630077362061 29.1639423370361 29.1679210662842 29.1778392791748
-9999 -9999 -9999 -9999 29.1133193969727 29.0979080200195 29.1069316864014 29.1008052825928 29.0888404846191 29.0177707672119 28.9493579864502 28.89111328125 28.8644752502441 28.9003734588623 28.9408321380615 28.9865531921387 29.0179443359375 29.0394954681396 29.0473251342773 29.0498580932617 29.0465450286865 29.042200088501 29.0435218811035 29.04563331604 29.0532875061035 29.0617141723633 29.0726528167725 29.0852031707764 29.100564956665 29.1171627044678 29.1350345611572 29.1509685516357 29.1657218933105 29.1750450134277 29.1825580596924 29.1843433380127 29.1853046417236 29.1818065643311 29.1777667999268 29.1702766418457 29.16330909729 29.1577911376953 29.1551704406738 29.1570262908936 29.1633968353271 29.1739158630371 29.1909217834473
-9999 -9999 -9999 -9999 29.090389251709 29.0828685760498 29.0735836029053 29.0936908721924 29.1081962585449 29.0388507843018 28.9721755981445 28.9157295227051 28.8923492431641 28.9344024658203 28.9759654998779 29.0169639587402 29.0452003479004 29.0646743774414 29.0729122161865 29.0768127441406 29.0747661590576 29.0716686248779 29.0715179443359 29.0722560882568 29.0798625946045 29.0883274078369 29.0995788574219 29.1118659973145 29.1259574890137 29.1395683288574 29.1526851654053 29.1624431610107 29.1701526641846 29.1733436584473 29.1750259399414 29.1752700805664 29.1753044128418 29.173807144165 29.171594619751 29.1648349761963 29.1586933135986 29.1542682647705 29.1548042297363 29.1630039215088 29.1781330108643 29.1996192932129 29.2257480621338
-9999 -9999 -9999 -9999 29.0828685760498 29.0716285705566 29.0584354400635 29.0931301116943 29.1220607757568 29.0619678497314 29.0032825469971 28.9499893188477 28.9277038574219 28.9667739868164 29.0049934387207 29.042236328125 29.0688896179199 29.0882720947266 29.0980606079102 29.1041431427002 29.1043357849121 29.1034889221191 29.1028861999512 29.1030216217041 29.109281539917 29.1164131164551 29.1263694763184 29.1368961334229 29.1484222412109 29.1587104797363 29.1677265167236 29.1733531951904 29.1769123077393 29.1774597167969 29.1770038604736 29.1775207519531 29.178165435791 29.1776256561279 29.1763973236084 29.1707801818848 29.1659278869629 29.1632022857666 29.1663055419922 29.1784210205078 29.1985893249512 29.2261486053467 29.2556648254395
-9999 -9999 -9999 -9999 29.0709781646729 29.0584354400635 29.0985412597656 29.097484588623 29.1318092346191 29.086612701416 29.0406036376953 28.9914817810059 28.9686660766602 28.9979019165039 29.0294456481934 29.0636539459229 29.0899028778076 29.1106853485107 29.1228771209717 29.1317520141602 29.134916305542 29.1370716094971 29.1367816925049 29.1368961334229 29.1408348083496 29.1456031799316 29.15305519104 29.1607036590576 29.1686935424805 29.175407409668 29.1808090209961 29.183837890625 29.1854190826416 29.185941696167 29.1861114501953 29.1882629394531 29.1906681060791 29.1903095245361 29.189432144165 29.185266494751 29.1820507049561 29.1814765930176 29.186710357666 29.2009162902832 29.2233390808105 29.2532978057861 29.2819042205811
-9999 -9999 -9999 -9999 29.0584354400635 29.1099052429199 29.130729675293 29.1451187133789 29.1411075592041 29.1030578613281 29.0638866424561 29.0204181671143 28.9986209869385 29.0197048187256 29.047679901123 29.0836048126221 29.1096897125244 29.129020690918 29.1426620483398 29.1541080474854 29.1596450805664 29.1641426086426 29.1654663085938 29.1669921875 29.1707592010498 29.1751747131348 29.1816959381104 29.1880340576172 29.1940612792969 29.1985378265381 29.2014217376709 29.2023048400879 29.2019672393799 29.2016620635986 29.2013683319092 29.2040996551514 29.2072410583496 29.2092361450195 29.2107391357422 29.2091007232666 29.2076988220215 29.2069511413574 29.2108173370361 29.2218132019043 29.2413463592529 29.2687149047852 29.2948322296143
-9999 -9999 -9999 -9999 -9999 29.147045135498 29.151912689209 29.1495876312256 29.1502113342285 29.1159896850586 29.0811557769775 29.0439701080322 29.0238552093506 29.0375137329102 29.06325340271 29.1029281616211 29.1289539337158 29.1456069946289 29.1602897644043 29.1742095947266 29.1818675994873 29.188419342041 29.1919193267822 29.1954669952393 29.1999835968018 29.2049121856689 29.2111721038818 29.2168769836426 29.2216148376465 29.2244281768799 29.2252616882324 29.2241916656494 29.2219619750977 29.2204856872559 29.219259262085 29.2221202850342 29.2255592346191 29.2308406829834 29.2355880737305 29.2369403839111 29.2374267578125 29.2355098724365 29.2365112304688 29.2420253753662 29.2564678192139 29.2791061401367 29.3020534515381
-9999 -9999 -9999 -9999 -9999 29.1588973999023 29.1584911346436 29.1610336303711 29.1580581665039 29.1252212524414 29.0932502746582 29.0645847320557 29.0474147796631 29.0529880523682 29.0770854949951 29.1225566864014 29.1501274108887 29.1654033660889 29.1791362762451 29.1922702789307 29.2000312805176 29.206844329834 29.2095184326172 29.2121257781982 29.2149486541748 29.2182521820068 29.2231063842773 29.2272167205811 29.2300300598145 29.230396270752 29.2282485961914 29.2243614196777 29.2194118499756 29.2159042358398 29.2128753662109 29.2140846252441 29.2159175872803 29.2231578826904 29.2306060791016 29.2393836975098 29.2471351623535 29.2520313262939 29.2571201324463 29.262508392334 29.2742786407471 29.2919082641602 29.3113250732422
-9999 -9999 -9999 -9999 -9999 29.1656627655029 29.1662883758545 29.1648502349854 29.1656436920166 29.1336879730225 29.1042747497559 29.0845928192139 29.070629119873 29.0679779052734 29.0905570983887 29.1422481536865 29.1716957092285 29.1858654022217 29.1982345581055 29.2099075317383 29.2173557281494 29.2240581512451 29.225284576416 29.22633934021 29.2269649505615 29.2282009124756 29.2314109802246 29.2337284088135 29.2344837188721 29.2322444915771 29.226921081543 29.2200355529785 29.2121982574463 29.2064800262451 29.2014675140381 29.2006568908691 29.2004928588867 29.209415435791 29.2194499969482 29.2365703582764 29.2526988983154 29.2660617828369 29.2766761779785 29.2830467224121 29.2926483154297 29.305212020874 29.3210182189941
-9999 -9999 -9999 -9999 -9999 -9999 29.1722106933594 29.1729831695557 29.1704444885254 29.1375026702881 29.1074390411377 29.0883884429932 29.0742988586426 29.0700244903564 29.09348487854 29.148946762085 29.1850147247314 29.207763671875 29.2233009338379 29.2360534667969 29.2451858520508 29.25368309021 29.2540416717529 29.2538585662842 29.2506618499756 29.2476863861084 29.2454414367676 29.2423038482666 29.2376136779785 29.2305583953857 29.2210674285889 29.2116317749023 29.2022285461426 29.1950912475586 29.1887073516846 29.1855945587158 29.1829776763916 29.1867866516113 29.1920185089111 29.2063255310059 29.2220439910889 29.2416877746582 29.2598133087158 29.2755889892578 29.2915668487549 29.307731628418 29.3252487182617
-9999 -9999 -9999 -9999 -9999 -9999 29.1773357391357 29.1788005828857 29.1749134063721 29.1403751373291 29.1090259552002 29.0898876190186 29.0756301879883 29.0710353851318 29.095760345459 29.1543140411377 29.1967525482178 29.2281188964844 29.2470779418945 29.2612419128418 29.2723121643066 29.2828330993652 29.2828712463379 29.281982421875 29.2752742767334 29.2682933807373 29.260425567627 29.2516021728516 29.2411117553711 29.2290573120117 29.2153949737549 29.203519821167 29.1927337646484 29.1843376159668 29.1767406463623 29.1715602874756 29.1667404174805 29.165491104126 29.1658763885498 29.176685333252 29.1911907196045 29.2159938812256 29.2408142089844 29.2656650543213 29.2880973815918 29.3083114624023 29.3279800415039
-9999 -9999 -9999 -9999 -9999 -9999 29.1791400909424 29.1802234649658 29.1771507263184 29.1354007720947 29.0975494384766 29.0746231079102 29.0613479614258 29.0671691894531 29.0961036682129 29.1517009735107 29.1955451965332 29.231315612793 29.2542343139648 29.2721862792969 29.28688621521 29.3010120391846 29.3062858581543 29.3101711273193 29.3040962219238 29.2962894439697 29.2828712463379 29.267614364624 29.2491474151611 29.2312049865723 29.2138023376465 29.2004737854004 29.1896286010742 29.1813182830811 29.1738510131836 29.1692790985107 29.1651191711426 29.1626758575439 29.1612854003906 29.1666069030762 29.1755409240723 29.1945381164551 29.2164363861084 29.2428150177002 29.2684326171875 29.2933483123779 29.3173351287842
-9999 -9999 -9999 -9999 -9999 29.1807022094727 29.1755981445312 29.1783981323242 29.1725730895996 29.1268653869629 29.0854148864746 29.0602436065674 29.0490913391113 29.0656757354736 29.0986652374268 29.150577545166 29.1947460174561 29.2335948944092 29.2598743438721 29.2812976837158 29.2989273071289 29.3158855438232 29.3256435394287 29.3336791992188 29.3286800384521 29.3206481933594 29.3027801513672 29.2819766998291 29.2560443878174 29.2327423095703 29.2121467590332 29.1976585388184 29.1868915557861 29.1787738800049 29.1715393066406 29.1678009033203 29.1645469665527 29.1615142822266 29.1589813232422 29.1596221923828 29.1636810302734 29.1772556304932 29.1960372924805 29.2228698730469 29.2506122589111 29.2791881561279 29.306770324707
-9999 -9999 -9999 -9999 29.1836128234863 29.180004119873 29.1807022094727 29.1630687713623 29.1430015563965 29.1052799224854 29.0708675384521 29.0491142272949 29.0442695617676 29.0728778839111 29.1093578338623 29.1549167633057 29.1954402923584 29.2325057983398 29.259952545166 29.2836856842041 29.3016681671143 29.3186378479004 29.3301200866699 29.3400211334229 29.3377342224121 29.3316745758057 29.3133869171143 29.2902812957764 29.2587661743164 29.2320461273193 29.2102584838867 29.1956844329834 29.1855049133301 29.1779804229736 29.1713428497314 29.1692657470703 29.167818069458 29.1664180755615 29.1650619506836 29.1639862060547 29.1657180786133 29.1752662658691 29.1902313232422 29.2135696411133 29.2395553588867 29.2679710388184 29.2964935302734
