Ecospace-environmental-drivers/Outputs/ASCII-for-ecospace/MOM6-ISIMIP3a/tos/1991-07_tos_MOM6-ISIMIP3a.asc
NCOLS 131 
NROWS 53 
XLLCORNER -98 
YLLCORNER 23.9265270233154 
CELLSIZE 0.133587792515755 
NODATA_value -9999 
[rows 21 to 41 of 53, columns 47 to 93 of 131]
29.8699932098389 29.8722629547119 29.8757400512695 29.8818855285645 29.8882713317871 29.8937377929688 29.8987503051758 29.9014472961426 29.9029216766357 29.9014358520508 29.9006271362305 29.9007511138916 29.9001941680908 29.8990802764893 29.89111328125 29.8799018859863 29.8754024505615 29.8725090026855 29.87131690979 29.8699817657471 29.8648567199707 29.8584461212158 29.8466567993164 29.833309173584 29.8166790008545 29.7963619232178 29.7715396881104 29.7450122833252 29.7172412872314 29.690845489502 29.6650161743164 29.6473598480225 29.6313076019287 29.6170616149902 29.6002140045166 29.5572872161865 29.5097389221191 29.4459342956543 29.3845291137695 29.3275833129883 29.2761058807373 29.2305870056152 29.1871757507324 29.1451282501221 29.1028823852539 29.0605621337891 29.0352687835693
29.9073619842529 29.9086780548096 29.910472869873 29.9131946563721 29.9159870147705 29.9181804656982 29.9202938079834 29.9220066070557 29.922945022583 29.9220142364502 29.9214630126953 29.9214324951172 29.921085357666 29.9204788208008 29.913236618042 29.9028511047363 29.892749786377 29.8827152252197 29.8766860961914 29.8707809448242 29.8626804351807 29.8540153503418 29.8429946899414 29.8310508728027 29.8171520233154 29.7999439239502 29.7786884307861 29.7534351348877 29.7252712249756 29.6921977996826 29.6570911407471 29.6328468322754 29.6107387542725 29.594181060791 29.575611114502 29.5353679656982 29.4920120239258 29.437707901001 29.3860492706299 29.3393039703369 29.2975006103516 29.261079788208 29.2243404388428 29.1873912811279 29.1432666778564 29.0965633392334 29.0620460510254
29.9453907012939 29.945707321167 29.9457664489746 29.9450836181641 29.9443130493164 29.9432792663574 29.9424724578857 29.942834854126 29.94287109375 29.9421272277832 29.9414901733398 29.9410018920898 29.9405364990234 29.940092086792 29.9336700439453 29.9244155883789 29.9090919494629 29.8923168182373 29.8815269470215 29.8711242675781 29.860372543335 29.8497581481934 29.8397197723389 29.8293609619141 29.8183345794678 29.8044052124023 29.7869281768799 29.7633075714111 29.7352104187012 29.6956443786621 29.6513290405273 29.6202030181885 29.5916690826416 29.5726871490479 29.5523548126221 29.5153751373291 29.4767551422119 29.4323616027832 29.3907508850098 29.3543014526367 29.3223628997803 29.2953414916992 29.2656326293945 29.2341842651367 29.1882724761963 29.1371631622314 29.0929641723633
29.964183807373 29.9615879058838 29.9586620330811 29.9545211791992 29.9502639770508 29.9462127685547 29.9423961639404 29.9397792816162 29.9376049041748 29.9364948272705 29.9365577697754 29.9382305145264 29.9385013580322 29.9376239776611 29.9332294464111 29.9271678924561 29.9156589508057 29.9028472900391 29.8915424346924 29.8804168701172 29.8703880310059 29.8605651855469 29.8516006469727 29.8422355651855 29.8320293426514 29.818941116333 29.8023319244385 29.7799510955811 29.7533664703369 29.7102584838867 29.660306930542 29.6216011047363 29.5851039886475 29.5645389556885 29.5436420440674 29.5137367248535 29.4829158782959 29.4488697052002 29.4174709320068 29.3909873962402 29.3696956634521 29.3540592193604 29.3350315093994 29.3138065338135 29.2704257965088 29.2190895080566 29.1582908630371
29.9751892089844 29.9693965911865 29.9632053375244 29.9559364318848 29.9486103057861 29.9426956176758 29.9370365142822 29.9326858520508 29.9293842315674 29.9286212921143 29.9295978546143 29.9329605102539 29.9340782165527 29.9333591461182 29.9313850402832 29.9288196563721 29.9216709136963 29.9134273529053 29.9028072357178 29.8921318054199 29.8830242156982 29.873966217041 29.8651180267334 29.8555850982666 29.8446063995361 29.8312091827393 29.8148574829102 29.7934455871582 29.768346786499 29.7232074737549 29.6697692871094 29.6244678497314 29.5807666778564 29.5580463409424 29.5359020233154 29.5117816925049 29.4875087738037 29.4626941680908 29.4408073425293 29.4243564605713 29.4138698577881 29.4098834991455 29.4015579223633 29.3904285430908 29.3507061004639 29.3007144927979 29.2246513366699
29.9520378112793 29.9418106079102 29.9311275482178 29.9221706390381 29.9136047363281 29.9108905792236 29.9085178375244 29.9078807830811 29.9082202911377 29.9109230041504 29.9137420654297 29.9167232513428 29.9191799163818 29.9212055206299 29.9233875274658 29.9256420135498 29.9252490997314 29.924222946167 29.9195518493652 29.9144744873047 29.907154083252 29.8987522125244 29.8858184814453 29.8710193634033 29.8522796630859 29.8335266113281 29.8147602081299 29.7931270599365 29.7694053649902 29.7288627624512 29.6813545227051 29.6337833404541 29.5861988067627 29.5588188171387 29.5324306488037 29.5084362030029 29.485221862793 29.4647521972656 29.4493045806885 29.4431858062744 29.4442081451416 29.453010559082 29.4554996490479 29.4539012908936 29.4227676391602 29.3810214996338 29.2955455780029
29.9248886108398 29.9124011993408 29.8993911743164 29.8906955718994 29.8828029632568 29.884614944458 29.8867435455322 29.8904781341553 29.8947925567627 29.9005107879639 29.9051609039307 29.9083404541016 29.9120101928711 29.9160823822021 29.920970916748 29.926248550415 29.9300098419189 29.9334106445312 29.9317169189453 29.9292697906494 29.9209308624268 29.9109287261963 29.8939609527588 29.8748073577881 29.8510437011719 29.8285083770752 29.8074798583984 29.7848796844482 29.761137008667 29.7245540618896 29.6826553344727 29.6346340179443 29.5854091644287 29.5544681549072 29.5248184204102 29.5011405944824 29.4791812896729 29.4632740020752 29.4540939331055 29.4574089050293 29.4692115783691 29.4902610778809 29.5036964416504 29.5122032165527 29.4885845184326 29.4534282684326 29.3606796264648
29.8890113830566 29.8790149688721 29.8683967590332 29.8642272949219 29.8611698150635 29.8704013824463 29.8796844482422 29.8892250061035 29.8982448577881 29.9060001373291 29.912446975708 29.9170951843262 29.9217090606689 29.9262962341309 29.9307384490967 29.9351100921631 29.9373512268066 29.9390850067139 29.933895111084 29.9275989532471 29.9121208190918 29.8955974578857 29.8747043609619 29.8531894683838 29.8303680419922 29.8074855804443 29.7845287322998 29.7593383789062 29.7325210571289 29.6985092163086 29.6615161895752 29.6170139312744 29.5710353851318 29.5389442443848 29.5081672668457 29.4852237701416 29.4649524688721 29.4540824890137 29.4507923126221 29.4615802764893 29.482572555542 29.5146865844727 29.5393581390381 29.5592174530029 29.5407848358154 29.5085945129395 29.4132423400879
29.8572235107422 29.8498344421387 29.8419609069824 29.8432292938232 29.8459529876709 29.8627033233643 29.8791522979736 29.8940677642822 29.907377243042 29.9168033599854 29.9242057800293 29.9288272857666 29.9327983856201 29.9362392425537 29.9383163452148 29.9397487640381 29.9383907318115 29.9363651275635 29.9285774230957 29.9198532104492 29.9032707214355 29.8861045837402 29.8665008544922 29.8468265533447 29.8270034790039 29.8057594299316 29.7827777862549 29.7562828063965 29.7272262573242 29.6942195892334 29.659574508667 29.6172027587891 29.5733127593994 29.5401248931885 29.5083427429199 29.4864311218262 29.4677963256836 29.4606800079346 29.4615440368652 29.4772262573242 29.5049095153809 29.5456714630127 29.5774211883545 29.603343963623 29.5871677398682 29.5558662414551 29.4599552154541
29.8305778503418 29.8259468078613 29.8212604522705 29.8291206359863 29.8388080596924 29.8632011413574 29.8868312835693 29.9065761566162 29.9236545562744 29.9342918395996 29.9415912628174 29.9443054199219 29.9456367492676 29.9458351135254 29.9431419372559 29.9390773773193 29.9314994812012 29.9230804443359 29.9138298034668 29.9044704437256 29.8943710327148 29.8839530944824 29.8722038269043 29.8596534729004 29.8454170227051 29.828311920166 29.8077011108398 29.78151512146 29.7512722015381 29.7172985076904 29.6817817687988 29.6397953033447 29.5965347290039 29.5623207092285 29.5296840667725 29.509183883667 29.4921207427979 29.4871425628662 29.4899730682373 29.5073089599609 29.538537979126 29.5849094390869 29.6185035705566 29.6438331604004 29.6262321472168 29.5932064056396 29.4993133544922
29.8049087524414 29.8030853271484 29.8016567230225 29.8167037963867 29.8339252471924 29.8643131256104 29.8928565979004 29.9120044708252 29.92848777771 29.9385414123535 29.9449405670166 29.9463214874268 29.9459705352783 29.9442043304443 29.9406204223633 29.9361763000488 29.9289112091064 29.9209690093994 29.915548324585 29.9104194641113 29.9070053100586 29.9030532836914 29.8968544006348 29.8893203735352 29.8789730072021 29.8653831481934 29.8478317260742 29.8241100311279 29.7958946228027 29.7631683349609 29.7285766601562 29.6889934539795 29.6484298706055 29.6140766143799 29.5812129974365 29.5606632232666 29.5433673858643 29.5375003814697 29.5395469665527 29.5562896728516 29.5880661010742 29.6362247467041 29.6675987243652 29.6881160736084 29.6664543151855 29.6296405792236 29.536319732666
29.7799758911133 29.7809944152832 29.7828769683838 29.8055572509766 29.8307361602783 29.8658866882324 29.8976421356201 29.9121208190918 29.9247379302979 29.932861328125 29.9377632141113 29.9382419586182 29.9369297027588 29.9341506958008 29.9325885772705 29.9316062927246 29.9295501708984 29.9272365570068 29.9296169281006 29.9323654174805 29.9357891082764 29.9380931854248 29.9357147216797 29.9316177368164 29.923885345459 29.9133453369141 29.8993721008301 29.8797264099121 29.8559494018555 29.8261318206787 29.7938117980957 29.7581481933594 29.721830368042 29.6880016326904 29.6553821563721 29.6336879730225 29.6148014068604 29.6057796478271 29.6049785614014 29.6194438934326 29.6495170593262 29.6965980529785 29.7227039337158 29.7352409362793 29.7075443267822 29.6653938293457 29.5715656280518
29.7560119628906 29.7605266571045 29.7665367126465 29.7948970794678 29.8257007598877 29.8607559204102 29.891773223877 29.9022541046143 29.9117641448975 29.9189395904541 29.9244136810303 29.9275493621826 29.9299030303955 29.9316120147705 29.9358768463135 29.9413528442383 29.9464664459229 29.9514923095703 29.9597644805908 29.9680080413818 29.9725894927979 29.9754276275635 29.97096824646 29.9646224975586 29.9542961120605 29.9421043395996 29.9276313781738 29.9102821350098 29.8908367156982 29.8667278289795 29.8406848907471 29.8120822906494 29.7829742431641 29.7532978057861 29.7243003845215 29.7021522521973 29.6823043823242 29.6705436706543 29.6666774749756 29.67746925354 29.7043361663818 29.7487182617188 29.7704067230225 29.7774105072021 29.7446460723877 29.6975975036621 29.6031894683838
29.7324619293213 29.7407550811768 29.7512435913086 29.7844429016113 29.8198738098145 29.8527526855469 29.8813400268555 29.8881072998047 29.8948383331299 29.9014854431152 29.9084167480469 29.9157371520996 29.9237384796143 29.9322929382324 29.9440155029297 29.957239151001 29.9703598022461 29.9834575653076 29.9968032836914 30.0095176696777 30.0128269195557 30.0137462615967 30.004674911499 29.9936466217041 29.9784927368164 29.9626331329346 29.945915222168 29.9300975799561 29.9149398803711 29.8977375030518 29.8796920776367 29.859489440918 29.8388652801514 29.8148956298828 29.7909679412842 29.7686614990234 29.7481212615967 29.7338008880615 29.7267742156982 29.7332954406738 29.7563133239746 29.7973022460938 29.8149356842041 29.8174533843994 29.7800388336182 29.7282772064209 29.6332626342773
29.7087249755859 29.7201614379883 29.7341499328613 29.768611907959 29.805025100708 29.8375434875488 29.8660411834717 29.8740997314453 29.8813209533691 29.8865165710449 29.8934383392334 29.9027309417725 29.9149284362793 29.9295043945312 29.9474811553955 29.9670696258545 29.9851913452148 30.002965927124 30.0145606994629 30.0247402191162 30.0205230712891 30.0136795043945 29.9958457946777 29.9769668579102 29.9558792114258 29.9355373382568 29.9161071777344 29.8993644714355 29.8845748901367 29.8724594116211 29.8614482879639 29.8514022827148 29.8415451049805 29.8282165527344 29.8144569396973 29.7977256774902 29.7820205688477 29.7699203491211 29.7634334564209 29.7673683166504 29.7865390777588 29.8223094940186 29.8396110534668 29.8449649810791 29.8067932128906 29.7529888153076 29.6590995788574
29.6849498748779 29.6993961334229 29.7166843414307 29.7516670227051 29.7883110046387 29.8208427429199 29.8497371673584 29.8601226806641 29.8685073852539 29.8720626831055 29.8786716461182 29.889476776123 29.9055709838867 29.9259967803955 29.9499778747559 29.9756469726562 29.9981498718262 30.0198955535889 30.0283279418945 30.0345249176025 30.0214881896973 30.0056705474854 29.9782180786133 29.9508304595947 29.9235801696777 29.8985862731934 29.876350402832 29.8581695556641 29.8429431915283 29.8355331420898 29.8313579559326 29.8318290710449 29.8332138061523 29.8315486907959 29.8290100097656 29.8190441131592 29.8093166351318 29.8004283905029 29.7952442169189 29.7969417572021 29.8122653961182 29.842435836792 29.860179901123 29.8698825836182 29.8317623138428 29.7764644622803 29.6840629577637
29.6564540863037 29.6706600189209 29.6877727508545 29.7222843170166 29.7586345672607 29.7965545654297 29.8312149047852 29.8492870330811 29.8640174865723 29.8706741333008 29.8784847259521 29.8878746032715 29.901195526123 29.9177303314209 29.9381675720215 29.9604530334473 29.9789981842041 29.9966506958008 29.9972667694092 29.995491027832 29.975944519043 29.9544982910156 29.9251003265381 29.8974342346191 29.8734264373779 29.8525943756104 29.8356456756592 29.8241024017334 29.8164978027344 29.8154602050781 29.8171405792236 29.8208026885986 29.8248538970947 29.8252639770508 29.8250465393066 29.8200054168701 29.8147296905518 29.8086280822754 29.8054790496826 29.8078174591064 29.8220291137695 29.8491821289062 29.8682765960693 29.8821582794189 29.8484649658203 29.797679901123 29.7088813781738
29.6275997161865 29.6408977508545 29.6570739746094 29.6905059814453 29.7259902954102 29.7692451477051 29.8097286224365 29.836109161377 29.8579273223877 29.8687210083008 29.8785457611084 29.887035369873 29.8977966308594 29.9104175567627 29.9267997741699 29.9449653625488 29.9586505889893 29.9712657928467 29.9634857177734 29.9532737731934 29.928050994873 29.9018383026123 29.8714694976807 29.8444347381592 29.8244323730469 29.8085556030273 29.7977180480957 29.7936363220215 29.7944755554199 29.8000297546387 29.8075389862061 29.813928604126 29.8201007843018 29.8216094970703 29.8227138519287 29.8215618133545 29.819803237915 29.8159027099609 29.8144111633301 29.8173961639404 29.8306045532227 29.8549537658691 29.8754196166992 29.8933715820312 29.8643436431885 29.8184413909912 29.7335319519043
29.5971832275391 29.6039810180664 29.6127738952637 29.639123916626 29.6678867340088 29.7133331298828 29.7576808929443 29.7964477539062 29.8307971954346 29.8544902801514 29.8742961883545 29.8887634277344 29.9024677276611 29.9155521392822 29.9270076751709 29.9376945495605 29.9408740997314 29.9422607421875 29.9221286773682 29.9004230499268 29.8773212432861 29.853931427002 29.8293361663818 29.8086814880371 29.7963409423828 29.7896537780762 29.7898788452148 29.7981815338135 29.8123722076416 29.8260879516602 29.8396072387695 29.8473033905029 29.8538551330566 29.8505897521973 29.8466091156006 29.8391742706299 29.8316745758057 29.8239440917969 29.8197364807129 29.8220710754395 29.8341121673584 29.8567295074463 29.8783302307129 29.8992729187012 29.8754081726074 29.8354473114014 29.7564544677734
29.5667476654053 29.5669956207275 29.568380355835 29.5860748291016 29.6063270568848 29.6504993438721 29.6954555511475 29.7443981170654 29.7898445129395 29.8268489837646 29.8576946258545 29.8800811767578 29.8985958099365 29.9139423370361 29.922664642334 29.9282512664795 29.9223899841309 29.9137935638428 29.8828830718994 29.8512058258057 29.8306503295898 29.8102779388428 29.7906646728516 29.7756423950195 29.7703170776367 29.772819519043 29.7848873138428 29.8050899505615 29.8312187194824 29.8518924713135 29.8703079223633 29.8787460327148 29.8852252960205 29.878116607666 29.8699855804443 29.8567562103271 29.8439331054688 29.8325309753418 29.8256320953369 29.8270874023438 29.8378448486328 29.858736038208 29.881290435791 29.9049186706543 29.8860511779785 29.8519172668457 29.7783527374268
29.5362529754639 29.5297546386719 29.5236377716064 29.5269203186035 29.5320930480957 29.5622863769531 29.5959014892578 29.6469326019287 29.6981983184814 29.7500324249268 29.7957992553711 29.8332366943359 29.8633975982666 29.8875999450684 29.90163230896 29.9108467102051 29.9013118743896 29.8872966766357 29.851375579834 29.8152980804443 29.798864364624 29.7822189331055 29.764684677124 29.7525672912598 29.7518844604492 29.7635593414307 29.790340423584 29.8206577301025 29.8535499572754 29.8767757415771 29.8959999084473 29.9031143188477 29.9078502655029 29.9003086090088 29.8914566040039 29.8742275238037 29.857608795166 29.8431262969971 29.8336200714111 29.8333568572998 29.8424034118652 29.8615894317627 29.884428024292 29.9096279144287 29.895149230957 29.866418838501 29.7964935302734
