Ecospace-environmental-drivers/Outputs/ASCII-for-ecospace/MOM6-ISIMIP3a/tos/1991-09_tos_MOM6-ISIMIP3a.asc
NCOLS 131 
NROWS 53 
XLLCORNER -98 
YLLCORNER 23.9265270233154 
CELLSIZE 0.133587792515755 
NODATA_value -9999 
[rows 21 to 41 of 53, columns 0 to 46 of 131]
-9999 -9999 -9999 -9999 -9999 -9999 29.2995586395264 29.3105545043945 29.3351917266846 29.3749618530273 29.355749130249 29.364896774292 29.3558483123779 29.328893661499 29.3109817504883 29.303503036499 29.2790718078613 29.2429981231689 29.2086200714111 29.174898147583 29.155574798584 29.1387920379639 29.1225337982178 29.106538772583 29.0926532745361 29.0820484161377 29.0820732116699 29.0826206207275 29.0840816497803 29.0882434844971 29.0951881408691 29.1023960113525 29.1097621917725 29.1177806854248 29.1260166168213 29.1314105987549 29.1363563537598 29.1334934234619 29.1295013427734 29.1183261871338 29.1065483093262 29.0930881500244 29.09006690979 29.1031761169434 29.1093273162842 29.1090965270996 29.1098194122314
-9999 -9999 -9999 -9999 -9999 -9999 29.2975006103516 29.2995586395264 29.3215503692627 29.3446979522705 29.3749618530273 29.3273868560791 29.2808971405029 29.2365531921387 29.1997623443604 29.1716861724854 29.1460609436035 29.1221199035645 29.1024703979492 29.0844783782959 29.0806159973145 29.0792446136475 29.0774555206299 29.0755271911621 29.0725364685059 29.0730953216553 29.0851669311523 29.0944862365723 29.0990028381348 29.1110782623291 29.1309375762939 29.1481990814209 29.1638793945312 29.1810989379883 29.1988334655762 29.2149696350098 29.2308349609375 29.2395153045654 29.2469291687012 29.2462882995605 29.2442321777344 29.2382354736328 29.2387790679932 29.2494297027588 29.2565727233887 29.2604961395264 29.2591533660889
-9999 -9999 -9999 -9999 29.3053932189941 29.2981452941895 29.2961025238037 29.296838760376 29.2995586395264 29.343542098999 29.3607273101807 29.2753448486328 29.1975975036621 29.1349601745605 29.082052230835 29.0403690338135 29.0178394317627 29.0084609985352 29.0037631988525 29.0008697509766 29.0127468109131 29.0272312164307 29.0396327972412 29.0514430999756 29.0587062835693 29.0697059631348 29.0928211212158 29.11012840271 29.117301940918 29.1364707946777 29.1679840087891 29.194299697876 29.2174491882324 29.2430381774902 29.269437789917 29.296049118042 29.3226470947266 29.3434238433838 29.3628120422363 29.3733406066895 29.3815441131592 29.383279800415 29.3872184753418 29.3945579528809 29.4018363952637 29.4090614318848 29.4052124023438
-9999 -9999 -9999 -9999 29.322546005249 29.3047771453857 29.3001880645752 29.2961025238037 29.2948532104492 29.2789649963379 29.2475605010986 29.1567783355713 29.0832653045654 29.0439300537109 29.0185680389404 29.0093326568604 29.0085563659668 29.0135860443115 29.0180244445801 29.0222301483154 29.0383682250977 29.0566120147705 29.0716190338135 29.085241317749 29.087911605835 29.0946598052979 29.1146259307861 29.1313705444336 29.1424961090088 29.1612930297852 29.1879844665527 29.2122039794922 29.234920501709 29.262113571167 29.2908000946045 29.3240795135498 29.3579902648926 29.3914566040039 29.4230575561523 29.4427947998047 29.4590473175049 29.4656085968018 29.4707450866699 29.4736785888672 29.4756507873535 29.4767379760742 29.4704742431641
-9999 -9999 -9999 -9999 -9999 29.322546005249 29.3002700805664 29.3042736053467 29.28125 29.2137851715088 29.1418476104736 29.0527935028076 28.988941192627 28.9749546051025 28.9760627746582 28.9945888519287 29.0132122039795 29.0319023132324 29.0459690093994 29.0582504272461 29.0780754089355 29.0992317199707 29.1152191162109 29.1291751861572 29.1271438598633 29.1289978027344 29.1434421539307 29.1573162078857 29.1701965332031 29.1873435974121 29.2088851928711 29.2308139801025 29.2529735565186 29.2816886901855 29.3125858306885 29.3525333404541 29.3937568664551 29.4381828308105 29.4801597595215 29.5065269470215 29.5284080505371 29.5377960205078 29.542537689209 29.5400981903076 29.535717010498 29.5295543670654 29.519552230835
-9999 -9999 -9999 -9999 -9999 29.3063125610352 29.322546005249 29.2781620025635 29.2286205291748 29.1459636688232 29.0688152313232 29.012752532959 28.9823417663574 29.002685546875 29.0255374908447 29.0512828826904 29.0789909362793 29.1080493927002 29.1339149475098 29.1585464477539 29.1795463562012 29.1999053955078 29.2097454071045 29.2175540924072 29.2103385925293 29.204475402832 29.2030010223389 29.2038879394531 29.2088928222656 29.2187976837158 29.2337436676025 29.2525024414062 29.2735824584961 29.30344581604 29.3362350463867 29.3828506469727 29.4313735961914 29.4791965484619 29.5234756469727 29.5451774597168 29.5620594024658 29.5655212402344 29.5628833770752 29.550817489624 29.5355091094971 29.5172233581543 29.4976654052734
-9999 -9999 29.2684459686279 29.2734260559082 29.2793045043945 29.290060043335 29.3063316345215 29.2488651275635 29.1851615905762 29.0938453674316 29.0159683227539 28.98952293396 28.986177444458 29.0285377502441 29.0663890838623 29.0990352630615 29.1373748779297 29.1796245574951 29.2183532714844 29.2557220458984 29.2787303924561 29.299201965332 29.3036441802979 29.3060836791992 29.2947597503662 29.2827281951904 29.2684059143066 29.257884979248 29.253999710083 29.2558441162109 29.2635860443115 29.2781600952148 29.2968921661377 29.3275356292725 29.3621482849121 29.4142303466797 29.4686794281006 29.5162811279297 29.559606552124 29.5757026672363 29.5860614776611 29.5804443359375 29.568883895874 29.5481376647949 29.5247230529785 29.4988613128662 29.4730968475342
-9999.000000000000000 -9999 -9999 -9999 29.2509117126465 29.2685508728027 29.258638381958 29.212610244751 29.1617107391357 29.0759944915771 29.0071640014648 29.0029773712158 29.0127868652344 29.05029296875 29.0884246826172 29.1272811889648 29.1796226501465 29.2412223815918 29.2951412200928 29.3460922241211 29.3729228973389 29.3954982757568 29.3961734771729 29.394947052002 29.3818607330322 29.3670330047607 29.3465614318848 29.3280868530273 29.3130893707275 29.3050975799561 29.3043098449707 29.3124771118164 29.3260974884033 29.3567161560059 29.3929996490479 29.4479274749756 29.5053024291992 29.5447883605957 29.5800609588623 29.5885028839111 29.5890102386475 29.5674304962158 29.5435810089111 29.5162239074707 29.4908618927002 29.4673328399658 29.4426746368408
-9999 -9999 -9999 -9999 29.2114639282227 29.1941223144531 29.2075653076172 29.180757522583 29.1479721069336 29.0699329376221 29.0098857879639 29.0187091827393 29.0353260040283 29.0673637390137 29.106086730957 29.1525211334229 29.2168273925781 29.2934074401855 29.357063293457 29.4157257080078 29.4430637359619 29.4648742675781 29.4622650146484 29.4579963684082 29.4443492889404 29.4286842346191 29.4064750671387 29.3848094940186 29.3640956878662 29.3499984741211 29.3427085876465 29.3465232849121 29.3571033477783 29.3888168334961 29.4275760650635 29.4821605682373 29.5387477874756 29.5698280334473 29.596212387085 29.5926914215088 29.5822010040283 29.5523109436035 29.5233516693115 29.4958343505859 29.4709205627441 29.4483947753906 29.4243659973145
-9999 -9999 -9999 -9999 29.1829204559326 29.1717185974121 29.157886505127 29.1544418334961 29.146448135376 29.0787029266357 29.0271053314209 29.0373039245605 29.0527420043945 29.0785446166992 29.1182441711426 29.1739768981934 29.2476902008057 29.3337497711182 29.4002819061279 29.4592761993408 29.482946395874 29.5003814697266 29.4950923919678 29.4885654449463 29.4758739471436 29.4618358612061 29.443431854248 29.4245758056641 29.4049282073975 29.3894233703613 29.3781795501709 29.3802280426025 29.3903713226318 29.4245910644531 29.4668369293213 29.5170669555664 29.5681953430176 29.5905055999756 29.6069526672363 29.5860462188721 29.5631122589111 29.534538269043 29.5095043182373 29.4899444580078 29.4684886932373 29.445291519165 29.4212913513184
-9999 -9999 -9999 -9999 29.1717185974121 29.1549758911133 29.1353206634521 29.14670753479 29.1532573699951 29.0960578918457 29.0517272949219 29.0566501617432 29.0666961669922 29.0868816375732 29.1266212463379 29.1889247894287 29.2679500579834 29.3584613800049 29.4268360137939 29.4866638183594 29.5080738067627 29.5227031707764 29.5155239105225 29.5073471069336 29.494836807251 29.4816360473633 29.4662075042725 29.4503498077393 29.4337463378906 29.4198246002197 29.4086608886719 29.4131774902344 29.4272480010986 29.4636192321777 29.5074253082275 29.5508670806885 29.5940055847168 29.6017951965332 29.6043663024902 29.5737133026123 29.5453777313232 29.523494720459 29.5041618347168 29.48876953125 29.469554901123 29.4468326568604 29.4244155883789
-9999 -9999 -9999 -9999 29.1540050506592 29.1353206634521 29.1567535400391 29.1529102325439 29.1663208007812 29.11985206604 29.0819034576416 29.0765571594238 29.078052520752 29.0930843353271 29.1321640014648 29.1989898681641 29.2802600860596 29.3714504241943 29.4408893585205 29.5019283294678 29.5221328735352 29.5351314544678 29.5266590118408 29.5172882080078 29.5043773651123 29.4914264678955 29.4783420562744 29.4656257629395 29.4535503387451 29.4434547424316 29.4353981018066 29.4455623626709 29.4668273925781 29.5050849914551 29.5490093231201 29.5838375091553 29.6170902252197 29.6060390472412 29.5917835235596 29.5571136474609 29.528657913208 29.5174980163574 29.5051975250244 29.4911289215088 29.4732456207275 29.4518566131592 29.432186126709
-9999 -9999 -9999 -9999 29.1353206634521 29.1715106964111 29.1828422546387 29.1920738220215 29.1862812042236 29.1459293365479 29.1103668212891 29.0931243896484 29.0851287841797 29.0954246520996 29.1321277618408 29.1992988586426 29.279504776001 29.3686656951904 29.4402751922607 29.5051078796387 29.5285224914551 29.5446262359619 29.5365657806396 29.5275421142578 29.5148906707764 29.502420425415 29.4905471801758 29.4800395965576 29.4719200134277 29.4677295684814 29.4675846099854 29.4847736358643 29.5125217437744 29.5467987060547 29.583251953125 29.6078071594238 29.6303462982178 29.6011180877686 29.5718727111816 29.5425186157227 29.519458770752 29.5139255523682 29.5053310394287 29.4920063018799 29.4753608703613 29.4556655883789 29.4384136199951
-9999 -9999 -9999 -9999 -9999 29.2081718444824 29.2111263275146 29.203540802002 29.2091979980469 29.1729869842529 29.1380958557129 29.1082611083984 29.090368270874 29.0961112976074 29.1297016143799 29.1954231262207 29.2731494903564 29.3591194152832 29.4333763122559 29.5031108856201 29.5316219329834 29.5528602600098 29.5459480285645 29.5379276275635 29.5258178710938 29.5139312744141 29.502779006958 29.494083404541 29.489673614502 29.492280960083 29.5021057128906 29.5269088745117 29.5608367919922 29.5886173248291 29.6143474578857 29.6279201507568 29.6393890380859 29.5922679901123 29.5488204956055 29.5287799835205 29.5134811401367 29.5113906860352 29.5050792694092 29.4922466278076 29.4767990112305 29.4589519500732 29.4439830780029
-9999 -9999 -9999 -9999 -9999 29.2323760986328 29.2305507659912 29.2377624511719 29.233154296875 29.1911487579346 29.1497631072998 29.1107482910156 29.0867767333984 29.0925731658936 29.1240825653076 29.1852626800537 29.2572326660156 29.3366146087646 29.4121532440186 29.4862079620361 29.5242195129395 29.5558681488037 29.554271697998 29.5512676239014 29.5426025390625 29.5341472625732 29.5263690948486 29.5216445922852 29.5222492218018 29.5308151245117 29.5475749969482 29.5715026855469 29.599796295166 29.6195697784424 29.6365032196045 29.6346893310547 29.6299591064453 29.580057144165 29.5350437164307 29.5211620330811 29.5106716156006 29.5096244812012 29.5037078857422 29.4902687072754 29.4752559661865 29.458797454834 29.4456005096436
-9999 -9999 -9999 -9999 -9999 29.2530727386475 29.2554531097412 29.2503471374512 29.2573261260986 29.2074718475342 29.1581077575684 29.1106204986572 29.0813598632812 29.0881614685059 29.1178035736084 29.1737995147705 29.2393379211426 29.3114280700684 29.3879661560059 29.4662246704102 29.5146427154541 29.5577945709229 29.5623760223389 29.5652179718018 29.5606002807617 29.5561618804932 29.5523090362549 29.5520038604736 29.5578899383545 29.5722427368164 29.595308303833 29.6166019439697 29.6368198394775 29.6482753753662 29.6568088531494 29.6386985778809 29.6167068481445 29.5671520233154 29.5231857299805 29.5148105621338 29.5085144042969 29.5080165863037 29.5021057128906 29.4878330230713 29.4730949401855 29.4579296112061 29.4464015960693
-9999 -9999 -9999 -9999 -9999 -9999 29.27321434021 29.2782516479492 29.2732849121094 29.2078170776367 29.1456966400146 29.0963878631592 29.0673503875732 29.0784206390381 29.1083602905273 29.1600761413574 29.2193584442139 29.2838382720947 29.3553695678711 29.4296245574951 29.4872856140137 29.5420188903809 29.5595474243164 29.5747261047363 29.5771389007568 29.5798473358154 29.5835151672363 29.5894565582275 29.5993614196777 29.6141700744629 29.6340198516846 29.6486339569092 29.6600570678711 29.6632957458496 29.6638050079346 29.6361751556396 29.6045570373535 29.5588932037354 29.5184669494629 29.5113773345947 29.5062084197998 29.5063762664795 29.5008907318115 29.4866733551025 29.4720859527588 29.4571590423584 29.4462375640869
-9999 -9999 -9999 -9999 -9999 -9999 29.2858467102051 29.2910461425781 29.2869701385498 29.2056770324707 29.1309394836426 29.0812835693359 29.053394317627 29.0685729980469 29.0988292694092 29.1464786529541 29.199800491333 29.2570171356201 29.3230018615723 29.392370223999 29.4583358764648 29.5237007141113 29.554500579834 29.5823440551758 29.5918636322021 29.6018161773682 29.6131744384766 29.6254062652588 29.6391677856445 29.6541709899902 29.6704502105713 29.6786003112793 29.6817970275879 29.6771850585938 29.6699695587158 29.6336498260498 29.5932941436768 29.5512065887451 29.5139770507812 29.5076732635498 29.5032749176025 29.5041770935059 29.4993286132812 29.4855861663818 29.4713859558105 29.4567623138428 29.446346282959
-9999 -9999 -9999 -9999 -9999 -9999 29.2969970703125 29.2882442474365 29.2803211212158 29.1846694946289 29.1010761260986 29.063627243042 29.0441284179688 29.0601482391357 29.0898456573486 29.1353225708008 29.1857357025146 29.2395401000977 29.297082901001 29.3560695648193 29.4208793640137 29.4867172241211 29.5310306549072 29.571891784668 29.587926864624 29.6046905517578 29.6238117218018 29.641960144043 29.6584129333496 29.6733837127686 29.6868305206299 29.6927680969238 29.6941318511963 29.6855392456055 29.6736259460449 29.634204864502 29.5909805297852 29.5474071502686 29.5085391998291 29.4996566772461 29.4937343597412 29.4960479736328 29.4938507080078 29.4846820831299 29.4734401702881 29.4602947235107 29.4498481750488
-9999 -9999 -9999 -9999 -9999 29.3502578735352 29.3100280761719 29.3116989135742 29.2660598754883 29.1611747741699 29.0725536346436 29.0461826324463 29.0344352722168 29.0516185760498 29.081449508667 29.1258678436279 29.174409866333 29.2257843017578 29.275972366333 29.3257026672363 29.3867702484131 29.4498405456543 29.5050563812256 29.5567150115967 29.5801448822021 29.6039142608643 29.6287784576416 29.6515655517578 29.6707324981689 29.6860408782959 29.697380065918 29.7020854949951 29.7027492523193 29.6915950775146 29.6765022277832 29.6355304718018 29.590970993042 29.544807434082 29.5033550262451 29.4918994903564 29.4841709136963 29.4868183135986 29.4865531921387 29.4817867279053 29.4738140106201 29.4628963470459 29.4528274536133
-9999 -9999 -9999 -9999 29.289981842041 29.3231964111328 29.3502578735352 29.2899112701416 29.2238903045654 29.1285591125488 29.0489501953125 29.0295257568359 29.0231781005859 29.0427074432373 29.0752029418945 29.1226577758789 29.1731300354004 29.2256774902344 29.2724895477295 29.3170852661133 29.364933013916 29.4133529663086 29.4699077606201 29.5242099761963 29.5582675933838 29.5897617340088 29.6129455566406 29.6356887817383 29.6576614379883 29.6746654510498 29.6865520477295 29.6936111450195 29.6977272033691 29.68922996521 29.6765270233154 29.6396789550781 29.5994052886963 29.5466156005859 29.4990882873535 29.4850902557373 29.4745330810547 29.4735565185547 29.4725780487061 29.4715957641602 29.4680290222168 29.4620876312256 29.4538860321045
