Ecospace-environmental-drivers/Outputs/ASCII-for-ecospace/MOM6-ISIMIP3a/tos/1991-01_tos_MOM6-ISIMIP3a.asc
NCOLS 131 
NROWS 53 
XLLCORNER -98 
YLLCORNER 23.9265270233154 
CELLSIZE 0.133587792515755 
NODATA_value -9999 
[rows 21 to 41 of 53, columns 47 to 93 of 131]
21.1081638336182 21.098331451416 21.0990619659424 21.0859279632568 21.0713443756104 21.0558986663818 21.0465908050537 21.0685176849365 21.119499206543 21.2406425476074 21.3464298248291 21.4311351776123 21.4557933807373 21.431324005127 21.4849948883057 21.5756759643555 21.6799297332764 21.7874279022217 21.9307746887207 22.0756530761719 22.2069892883301 22.3314666748047 22.4272327423096 22.4878158569336 22.4741249084473 22.4378471374512 22.3739643096924 22.2924289703369 22.1980361938477 22.0589580535889 21.9013767242432 21.796838760376 21.7027263641357 21.7004718780518 21.7039585113525 21.7303009033203 21.7574443817139 21.7874069213867 21.835901260376 21.9188079833984 21.9900016784668 22.048433303833 22.1072025299072 22.1661911010742 22.2211608886719 22.2746868133545 22.3140678405762
21.4900951385498 21.5016689300537 21.5186805725098 21.508695602417 21.4958362579346 21.4800262451172 21.4729194641113 21.5100803375244 21.5558681488037 21.6224880218506 21.6852416992188 21.7426853179932 21.7635612487793 21.7545166015625 21.8192100524902 21.9188289642334 21.9945735931396 22.0646133422852 22.1836566925049 22.3062877655029 22.4321022033691 22.5459403991699 22.6096458435059 22.6378955841064 22.5912914276123 22.5343647003174 22.4648189544678 22.385326385498 22.298583984375 22.1705570220947 22.0254306793213 21.9363307952881 21.8582439422607 21.8820648193359 21.9103126525879 21.9449253082275 21.9792785644531 22.0127124786377 22.0631427764893 22.1451320648193 22.2114429473877 22.260669708252 22.2946605682373 22.3187961578369 22.3503856658936 22.3846530914307 22.4177417755127
21.8547019958496 21.8875064849854 21.9207172393799 21.9154720306396 21.9060840606689 21.8911094665527 21.887149810791 21.9392261505127 21.9787292480469 21.9878711700439 22.0059375762939 22.0362567901611 22.0550422668457 22.0643882751465 22.1425514221191 22.2533111572266 22.3023281097412 22.3365917205811 22.4305896759033 22.5300941467285 22.6500358581543 22.7529315948486 22.7845020294189 22.7808265686035 22.7027473449707 22.6261463165283 22.5513496398926 22.4739532470703 22.3946628570557 22.2792816162109 22.1489543914795 22.0778331756592 22.0183525085449 22.0701084136963 22.1249084472656 22.1692008972168 22.2120742797852 22.2499542236328 22.3014678955078 22.3783054351807 22.4360408782959 22.4729709625244 22.4810237884521 22.4703941345215 22.4785900115967 22.4935474395752 22.5200080871582
22.0941429138184 22.1460723876953 22.2020626068115 22.2269802093506 22.2477588653564 22.242603302002 22.2443294525146 22.2810535430908 22.306999206543 22.3069114685059 22.3125534057617 22.3260536193848 22.3404750823975 22.3556461334229 22.4065933227539 22.4744853973389 22.5074329376221 22.5320320129395 22.6102104187012 22.6933288574219 22.7947959899902 22.8810291290283 22.9035015106201 22.8885269165039 22.7944984436035 22.6984729766846 22.6000061035156 22.511999130249 22.4316101074219 22.3344173431396 22.2302627563477 22.2084407806396 22.2028064727783 22.2941665649414 22.3866901397705 22.4554843902588 22.5193119049072 22.5656623840332 22.6052913665771 22.6324310302734 22.6477642059326 22.6502323150635 22.6431045532227 22.6297721862793 22.6240978240967 22.6211776733398 22.6344509124756
22.3591804504395 22.4278469085693 22.5026206970215 22.551061630249 22.5952854156494 22.5984268188477 22.604471206665 22.6252861022949 22.6376132965088 22.629451751709 22.6245594024658 22.6241550445557 22.6332588195801 22.6501407623291 22.6750431060791 22.703742980957 22.720739364624 22.7349376678467 22.794605255127 22.8587398529053 22.9424705505371 23.0133209228516 23.0302734375 23.0096263885498 22.9096069335938 22.7999935150146 22.6786556243896 22.5770454406738 22.4898071289062 22.4122295379639 22.3386554718018 22.3643016815186 22.4094505310059 22.5330772399902 22.6558113098145 22.7414436340332 22.8186817169189 22.8663921356201 22.8920841217041 22.8768882751465 22.8562107086182 22.8295650482178 22.8073081970215 22.7878894805908 22.7686309814453 22.7494277954102 22.7511177062988
22.7364444732666 22.8113746643066 22.8874206542969 22.9302654266357 22.9684734344482 22.9732322692871 22.977611541748 22.9800567626953 22.9785099029541 22.967321395874 22.9602031707764 22.9586715698242 22.9582786560059 22.9588146209717 22.9628105163574 22.9684448242188 22.9699974060059 22.9705753326416 22.9999313354492 23.0337009429932 23.1029109954834 23.1640014648438 23.1911220550537 23.1894836425781 23.1271343231201 23.0295257568359 22.8888244628906 22.7604904174805 22.6411666870117 22.5894794464111 22.565803527832 22.630880355835 22.7134056091309 22.8371143341064 22.9571151733398 23.0259780883789 23.0835514068604 23.1014308929443 23.1042060852051 23.0789356231689 23.0502948760986 23.0179843902588 22.9808101654053 22.940486907959 22.9088764190674 22.8803939819336 22.8775424957275
23.0452404022217 23.1205463409424 23.193021774292 23.2323989868164 23.2674903869629 23.2783546447754 23.2869243621826 23.2838249206543 23.2793788909912 23.2716770172119 23.2675628662109 23.2683753967285 23.2635498046875 23.2541103363037 23.2433967590332 23.2320785522461 23.223783493042 23.2162132263184 23.2211723327637 23.2298984527588 23.2809352874756 23.327672958374 23.3564186096191 23.3659114837646 23.3347625732422 23.2546539306641 23.1147060394287 22.9782390594482 22.8443088531494 22.809440612793 22.8155975341797 22.8985424041748 22.99658203125 23.1059436798096 23.2101268768311 23.2596302032471 23.2977657318115 23.295934677124 23.2849216461182 23.256856918335 23.2241821289062 23.186487197876 23.1412124633789 23.0910358428955 23.054573059082 23.0230369567871 23.0146446228027
23.204647064209 23.2674865722656 23.3258171081543 23.3663692474365 23.4046764373779 23.4314403533936 23.4569835662842 23.4763126373291 23.4929084777832 23.5029048919678 23.5132102966309 23.5239391326904 23.5257301330566 23.5202083587646 23.5083065032959 23.4933834075928 23.4874534606934 23.4836711883545 23.4771289825439 23.4724311828613 23.4973278045654 23.5196857452393 23.5314178466797 23.534854888916 23.5207843780518 23.4701633453369 23.3748741149902 23.2708396911621 23.1604347229004 23.1225910186768 23.1147975921631 23.1685619354248 23.2344264984131 23.2979507446289 23.3577709197998 23.3822631835938 23.4014530181885 23.4020004272461 23.3971138000488 23.382137298584 23.35400390625 23.3115329742432 23.2730369567871 23.237117767334 23.2121658325195 23.1911544799805 23.1750450134277
23.3161678314209 23.3757762908936 23.4296550750732 23.4722862243652 23.5135898590088 23.5500869750977 23.5861434936523 23.6199550628662 23.6511421203613 23.6759967803955 23.6979446411133 23.7159004211426 23.7235774993896 23.722843170166 23.7151832580566 23.7042446136475 23.7017860412598 23.7013568878174 23.6902675628662 23.6795444488525 23.6848297119141 23.6893444061279 23.6906490325928 23.689245223999 23.6821308135986 23.6483154296875 23.5818672180176 23.5042533874512 23.4185047149658 23.3757190704346 23.3507232666016 23.3773365020752 23.4140949249268 23.4451351165771 23.4742050170898 23.4860820770264 23.4965076446533 23.5018329620361 23.503547668457 23.4985599517822 23.4802284240723 23.4473571777344 23.4234390258789 23.4053134918213 23.3859767913818 23.3662052154541 23.3385944366455
23.3674449920654 23.4354343414307 23.4970626831055 23.5429077148438 23.5869331359863 23.6254062652588 23.6638526916504 23.7021465301514 23.7398109436035 23.7759475708008 23.8060455322266 23.8278465270996 23.8404865264893 23.845630645752 23.8490467071533 23.8516445159912 23.8540554046631 23.8564205169678 23.8495330810547 23.8421001434326 23.8359832763672 23.830883026123 23.8300437927246 23.8253288269043 23.8124351501465 23.7794666290283 23.7219638824463 23.6632061004639 23.6035346984863 23.5533294677734 23.507043838501 23.5090599060059 23.5205707550049 23.5359306335449 23.5513706207275 23.5662288665771 23.5806999206543 23.593822479248 23.6027374267578 23.6038360595703 23.6019268035889 23.5967445373535 23.5972118377686 23.6013355255127 23.5801944732666 23.549976348877 23.5061054229736
23.412166595459 23.4884757995605 23.5593719482422 23.6072998046875 23.6526432037354 23.6917495727539 23.7309646606445 23.7707366943359 23.8107299804688 23.8512649536133 23.885139465332 23.9098701477051 23.9257831573486 23.9344844818115 23.9439830780029 23.9538631439209 23.9606971740723 23.9668025970459 23.964958190918 23.9620628356934 23.9518489837646 23.9430503845215 23.9401760101318 23.9331550598145 23.9173793792725 23.8851623535156 23.8328514099121 23.7803916931152 23.7278232574463 23.6747055053711 23.6213607788086 23.607967376709 23.6024265289307 23.6161670684814 23.6312828063965 23.6528720855713 23.6742763519287 23.695032119751 23.7117328643799 23.7208995819092 23.7360363006592 23.7576770782471 23.7799301147461 23.8025779724121 23.7813854217529 23.7444438934326 23.6886196136475
23.4519729614258 23.5365505218506 23.6178588867188 23.6670188903809 23.7126331329346 23.7513618469238 23.7901344299316 23.829122543335 23.8683395385742 23.9081077575684 23.9424800872803 23.9694499969482 23.9873695373535 23.9978866577148 24.0097274780273 24.02219581604 24.0331192016602 24.0436744689941 24.0474987030029 24.0500774383545 24.0412464141846 24.0331878662109 24.0283603668213 24.0197868347168 24.0033016204834 23.9717655181885 23.9218311309814 23.8662509918213 23.8065567016602 23.75390625 23.704174041748 23.6822605133057 23.6658153533936 23.6884841918945 23.7132549285889 23.7443885803223 23.7748870849609 23.8031578063965 23.8280849456787 23.8468055725098 23.879451751709 23.9272708892822 23.9693584442139 24.0077381134033 23.9878082275391 23.9469318389893 23.8823852539062
23.5088958740234 23.5924396514893 23.6742839813232 23.7233715057373 23.768871307373 23.8080101013184 23.8470420837402 23.8855228424072 23.9243335723877 23.963939666748 23.9989070892334 24.0275058746338 24.0477161407471 24.0610637664795 24.0750141143799 24.0892486572266 24.1029319763184 24.1164817810059 24.1243686676025 24.1309700012207 24.1245307922363 24.1181392669678 24.1119537353516 24.1008777618408 24.0794773101807 24.0427436828613 23.9872665405273 23.9284267425537 23.8671379089355 23.8185424804688 23.7752017974854 23.7590217590332 23.7481822967529 23.7847728729248 23.8231506347656 23.8618030548096 23.8988819122314 23.9304237365723 23.9590129852295 23.9821186065674 24.0251274108887 24.089822769165 24.1489524841309 24.2044830322266 24.1928386688232 24.1570625305176 24.0924625396729
23.5731582641602 23.6516742706299 23.7298259735107 23.7782821655273 23.8235015869141 23.8633899688721 23.902982711792 23.9410724639893 23.9796352386475 24.0193405151367 24.0549411773682 24.0849075317383 24.1075305938721 24.1241455078125 24.1401042938232 24.1557540893555 24.1716251373291 24.1875514984131 24.1988067626953 24.2088069915771 24.205192565918 24.2008686065674 24.1935768127441 24.1795921325684 24.1514759063721 24.107027053833 24.0426139831543 23.9804553985596 23.9199409484863 23.8769340515137 23.8411750793457 23.8368396759033 23.8386821746826 23.8913345336914 23.9450130462646 23.9903182983398 24.0328960418701 24.0658931732178 24.0961875915527 24.1214637756348 24.1717739105225 24.2493553161621 24.324333190918 24.3976230621338 24.397274017334 24.3704719543457 24.3095283508301
23.6505889892578 23.7193737030029 23.7870178222656 23.8339862823486 23.8786926269531 23.9194850921631 23.9600620269775 23.9995365142822 24.0390949249268 24.0788536071777 24.1157398223877 24.1486778259277 24.1756458282471 24.1977272033691 24.2158718109131 24.2321548461914 24.2500953674316 24.2684345245361 24.2814655303955 24.2929439544678 24.2871017456055 24.2808876037598 24.2731189727783 24.2566413879395 24.2217807769775 24.1761951446533 24.117504119873 24.0643978118896 24.0153579711914 23.9845294952393 23.9612426757812 23.9659824371338 23.9762306213379 24.0332164764404 24.0907878875732 24.1371726989746 24.1797218322754 24.2087745666504 24.2390804290771 24.2717151641846 24.3305969238281 24.4180774688721 24.4980449676514 24.573148727417 24.5814533233643 24.5657634735107 24.5085544586182
23.7307434082031 23.7888240814209 23.8445491790771 23.8898525238037 23.9340000152588 23.9757289886475 24.0173759460449 24.0586032867432 24.0994148254395 24.1392192840576 24.1775226593018 24.2137660980225 24.2454776763916 24.2734794616699 24.2938499450684 24.310604095459 24.3305892944336 24.3513469696045 24.3658256530762 24.3783836364746 24.3692684173584 24.3603439331055 24.3522281646729 24.333345413208 24.2917346954346 24.2463760375977 24.196439743042 24.1549415588379 24.1195907592773 24.1023063659668 24.0925006866455 24.1057415008545 24.123514175415 24.1824054718018 24.2415103912354 24.2878246307373 24.329195022583 24.3531875610352 24.3831558227539 24.4242210388184 24.4919414520264 24.5887012481689 24.6714115142822 24.7450313568115 24.7614440917969 24.7573089599609 24.7038478851318
23.7937717437744 23.8473281860352 23.8989658355713 23.942684173584 23.9856014251709 24.0287189483643 24.0716724395752 24.1137886047363 24.1562385559082 24.1994972229004 24.2418022155762 24.2827930450439 24.3189792633057 24.3512363433838 24.3755722045898 24.3961563110352 24.4193153381348 24.4430866241455 24.4532794952393 24.4610176086426 24.4466400146484 24.4350738525391 24.4352760314941 24.4238910675049 24.3880405426025 24.3519134521484 24.3154449462891 24.2822284698486 24.2513828277588 24.2381439208984 24.2321968078613 24.2404937744141 24.2515926361084 24.3117580413818 24.3723030090332 24.4187908172607 24.461576461792 24.4913330078125 24.5274314880371 24.5753040313721 24.647045135498 24.7447910308838 24.8200645446777 24.8807945251465 24.90234375 24.9098167419434 24.8679809570312
23.8546009063721 23.9041557312012 23.952320098877 23.9947700500488 24.0367279052734 24.0811347961426 24.1253070831299 24.1682796478271 24.2124137878418 24.2593555450439 24.3057823181152 24.3515033721924 24.3920307159424 24.4283084869385 24.4578437805176 24.4841823577881 24.5112342834473 24.5384540557861 24.5428371429443 24.5442199707031 24.5247821807861 24.5107860565186 24.5195732116699 24.5158882141113 24.4858741760254 24.4587135314941 24.4350471496582 24.4098205566406 24.3834590911865 24.373929977417 24.3713703155518 24.3736152648926 24.376802444458 24.4374217987061 24.4986305236816 24.5448246002197 24.5887699127197 24.6248035430908 24.6671810150146 24.7213401794434 24.7963562011719 24.8940963745117 24.961856842041 25.0102195739746 25.0369567871094 25.0559272766113 25.0268077850342
23.9001750946045 23.9483261108398 23.9958248138428 24.0403575897217 24.0845928192139 24.1289825439453 24.1732978820801 24.217227935791 24.2633495330811 24.3147583007812 24.3653907775879 24.4149570465088 24.4585056304932 24.4971332550049 24.5441722869873 24.5951976776123 24.6332836151123 24.6682815551758 24.6533718109131 24.6348361968994 24.6134338378906 24.5992565155029 24.6153202056885 24.6167755126953 24.5873889923096 24.5621166229248 24.5418701171875 24.523099899292 24.5054016113281 24.5005187988281 24.5009460449219 24.4917182922363 24.4805927276611 24.5331935882568 24.5868396759033 24.6276206970215 24.6688041687012 24.7113914489746 24.7585620880127 24.8142414093018 24.8868656158447 24.9779491424561 25.0422687530518 25.0892753601074 25.1232051849365 25.152437210083 25.1439247131348
23.9429340362549 23.9895706176758 24.0362529754639 24.0832080841064 24.1301116943359 24.1749038696289 24.2197551727295 24.2648906707764 24.3130302429199 24.3684234619141 24.42333984375 24.4776020050049 24.5246505737305 24.5657997131348 24.6273994445801 24.6986885070801 24.7452487945557 24.7859001159668 24.7598304748535 24.7298240661621 24.7092685699463 24.6962718963623 24.7149200439453 24.7191963195801 24.6931381225586 24.6716079711914 24.6556129455566 24.6425228118896 24.6315479278564 24.629035949707 24.6300277709961 24.6078624725342 24.5811462402344 24.62375831604 24.6680011749268 24.7030715942383 24.7407817840576 24.7877750396729 24.8383522033691 24.8955841064453 24.9659214019775 25.050537109375 25.1126518249512 25.1602096557617 25.2021083831787 25.2419757843018 25.2532653808594
23.9753818511963 24.0200786590576 24.0653972625732 24.1160202026367 24.167028427124 24.2137699127197 24.2605934143066 24.3078346252441 24.3581104278564 24.4157104492188 24.4752006530762 24.5372848510742 24.5895862579346 24.6338844299316 24.6992492675781 24.7745952606201 24.8202266693115 24.858757019043 24.8513431549072 24.8408470153809 24.8314361572266 24.8246154785156 24.8286418914795 24.8272476196289 24.8144130706787 24.8034343719482 24.7947254180908 24.7844791412354 24.7731151580811 24.7646160125732 24.757303237915 24.7168273925781 24.6698322296143 24.6952247619629 24.7233142852783 24.7515811920166 24.7832260131836 24.8267478942871 24.8756504058838 24.9345455169678 25.0029830932617 25.0818195343018 25.1462516784668 25.2013645172119 25.2540893554688 25.3059558868408 25.3340950012207
