Ecospace-environmental-drivers/Outputs/ASCII-for-ecospace/MOM6-ISIMIP3a/tos/1991-12_tos_MOM6-ISIMIP3a.asc
NCOLS 131 
NROWS 53 
XLLCORNER -98 
YLLCORNER 23.9265270233154 
CELLSIZE 0.133587792515755 
NODATA_value -9999 
[rows 21 to 41 of 53, columns 0 to 46 of 131]
-9999 -9999 -9999 -9999 -9999 -9999 20.1438465118408 20.1318302154541 20.1000461578369 20.0312557220459 19.8997497558594 19.5401992797852 19.6391181945801 19.9337692260742 20.2165946960449 20.4857749938965 20.6898059844971 20.8490982055664 20.986930847168 21.1164798736572 21.333948135376 21.5669345855713 21.7206592559814 21.8519916534424 21.8111972808838 21.7923393249512 21.8446025848389 21.9362182617188 22.0965042114258 22.2630004882812 22.4358882904053 22.5798473358154 22.706184387207 22.7908325195312 22.8615837097168 22.905948638916 22.9464645385742 22.9585819244385 22.9706077575684 22.9820404052734 22.9907264709473 22.9917736053467 22.9789295196533 22.9446220397949 22.902473449707 22.8531284332275 22.8029441833496
-9999 -9999 -9999 -9999 -9999 -9999 20.1493148803711 20.1438465118408 20.1198139190674 20.1052722930908 20.0312557220459 20.1277942657471 20.2934913635254 20.5960350036621 20.8923645019531 21.181526184082 21.4194393157959 21.6221561431885 21.7759876251221 21.9109401702881 22.0881004333496 22.2727088928223 22.4314136505127 22.5702934265137 22.5487117767334 22.5370388031006 22.557487487793 22.6093902587891 22.7161846160889 22.8262519836426 22.9396896362305 23.0359268188477 23.1216850280762 23.183708190918 23.2378196716309 23.2721080780029 23.3035049438477 23.314058303833 23.3236694335938 23.327278137207 23.3283615112305 23.3224067687988 23.3062305450439 23.2742614746094 23.2358512878418 23.1915340423584 23.135082244873
-9999 -9999 -9999 -9999 19.9871654510498 20.1072463989258 20.1476230621338 20.15647315979 20.1438465118408 20.0957813262939 20.150203704834 20.59690284729 20.9903430938721 21.2783985137939 21.5742225646973 21.8790149688721 22.1463241577148 22.3878936767578 22.5523815155029 22.687105178833 22.8207664489746 22.9542427062988 23.1119365692139 23.2535076141357 23.2562942504883 23.2566833496094 23.2492980957031 23.2638854980469 23.3168163299561 23.3687973022461 23.4197998046875 23.4651679992676 23.5071086883545 23.5438461303711 23.5788516998291 23.6023006439209 23.6240730285645 23.6348209381104 23.6439170837402 23.6424884796143 23.6384696960449 23.6272430419922 23.6092090606689 23.5806541442871 23.5466976165771 23.5077800750732 23.4450416564941
-9999 -9999 -9999 -9999 19.7057647705078 19.9880294799805 20.0668716430664 20.1476230621338 20.1779499053955 20.5639266967773 20.9499835968018 21.3363380432129 21.6793575286865 21.9366321563721 22.1897830963135 22.4381790161133 22.6646595001221 22.8760871887207 22.9760360717773 23.03293800354 23.1247673034668 23.2227630615234 23.3184432983398 23.4067153930664 23.4336605072021 23.4584007263184 23.4759922027588 23.5037269592285 23.5491638183594 23.5853252410889 23.6119384765625 23.6341667175293 23.6537246704102 23.6690845489502 23.6830444335938 23.6930751800537 23.7025279998779 23.7069664001465 23.7104625701904 23.7079448699951 23.7035846710205 23.6940860748291 23.6805992126465 23.6609477996826 23.6364822387695 23.6075992584229 23.5634918212891
-9999 -9999 -9999 -9999 -9999 19.7057647705078 20.0318622589111 19.9861183166504 20.3161888122559 21.0562591552734 21.7095012664795 22.0304069519043 22.3196125030518 22.5460929870605 22.7594432830811 22.9576396942139 23.1376972198486 23.3052997589111 23.3459281921387 23.3375282287598 23.3891620635986 23.4513893127441 23.4925689697266 23.5335350036621 23.5765800476074 23.6182479858398 23.655460357666 23.6932029724121 23.7318706512451 23.756067276001 23.7653751373291 23.7700271606445 23.7718448638916 23.7702121734619 23.7674293518066 23.7667369842529 23.7663326263428 23.7659950256348 23.7653255462646 23.7625522613525 23.7585964202881 23.751350402832 23.7423419952393 23.7306060791016 23.7142677307129 23.6937046051025 23.6659908294678
-9999 -9999 -9999 -9999 -9999 19.8411521911621 19.7057647705078 20.2879409790039 20.9110355377197 21.654634475708 22.2924823760986 22.5255603790283 22.7460689544678 22.9417037963867 23.1278343200684 23.3030033111572 23.4121246337891 23.4758930206299 23.4800853729248 23.461275100708 23.479887008667 23.5051021575928 23.5247077941895 23.5446529388428 23.568452835083 23.5945053100586 23.6278610229492 23.6618423461914 23.6969108581543 23.7260570526123 23.7491092681885 23.7605857849121 23.7650089263916 23.765625 23.7649726867676 23.7653579711914 23.7658939361572 23.7675037384033 23.7689781188965 23.769588470459 23.769323348999 23.7666206359863 23.7617816925049 23.7536392211914 23.7394390106201 23.7196750640869 23.6985511779785
-9999 -9999 20.1376609802246 20.1028671264648 20.0663948059082 19.9767017364502 19.840991973877 20.6161918640137 21.4332580566406 22.1790637969971 22.804012298584 22.9663772583008 23.1288032531738 23.2913494110107 23.4422492980957 23.5797080993652 23.6290588378906 23.6179027557373 23.5946559906006 23.566743850708 23.5570468902588 23.5505657196045 23.5526256561279 23.5555744171143 23.5643539428711 23.5777359008789 23.6060333251953 23.6354560852051 23.6668453216553 23.6985836029053 23.7306823730469 23.7480144500732 23.7563533782959 23.7623081207275 23.7674674987793 23.7731437683105 23.7789001464844 23.7857780456543 23.792407989502 23.7974681854248 23.8019123077393 23.8046474456787 23.804895401001 23.8012981414795 23.7904682159424 23.7729969024658 23.7575798034668
-9999.000000000000000 -9999 -9999 -9999 20.2655067443848 20.1560878753662 20.2387599945068 21.002103805542 21.7970275878906 22.5421504974365 23.1596450805664 23.2886371612549 23.416145324707 23.540714263916 23.6388912200928 23.7066135406494 23.7205505371094 23.6975479125977 23.6664905548096 23.63232421875 23.6046104431152 23.5780353546143 23.5713367462158 23.5660629272461 23.5690460205078 23.5761833190918 23.5967922210693 23.6199264526367 23.6474628448486 23.6766529083252 23.707540512085 23.7286205291748 23.743724822998 23.7617568969727 23.7807674407959 23.8009281158447 23.8212413787842 23.8406314849854 23.8589954376221 23.8708229064941 23.8822002410889 23.8923225402832 23.899658203125 23.9026870727539 23.8979187011719 23.8859977722168 23.8743534088135
-9999 -9999 -9999 -9999 20.5338001251221 20.6637325286865 20.5930252075195 21.3107280731201 22.0681838989258 22.8051872253418 23.4140491485596 23.5324249267578 23.6421375274658 23.7347030639648 23.7933597564697 23.8128910064697 23.7949352264404 23.7512359619141 23.7067699432373 23.6620121002197 23.6248760223389 23.5890865325928 23.5779933929443 23.5688896179199 23.5718650817871 23.5783805847168 23.5963764190674 23.6185150146484 23.647876739502 23.6792087554932 23.7125682830811 23.7410202026367 23.7664813995361 23.7979927062988 23.8315200805664 23.86403465271 23.896390914917 23.9258441925049 23.9537239074707 23.9715957641602 23.9885673522949 24.0030422210693 24.013952255249 24.0193557739258 24.0172290802002 24.0081920623779 23.9982776641846
-9999 -9999 -9999 -9999 20.72265625 20.7815799713135 20.8543357849121 21.5221176147461 22.2228221893311 22.9423580169678 23.5410976409912 23.6774921417236 23.7909488677979 23.8590240478516 23.8947696685791 23.893217086792 23.8478012084961 23.7722625732422 23.7073516845703 23.6465435028076 23.6108016967773 23.5794868469238 23.5694885253906 23.5620765686035 23.5723285675049 23.5852947235107 23.607063293457 23.6348648071289 23.6731948852539 23.7125759124756 23.7530364990234 23.7934188842773 23.8337554931641 23.8805046081543 23.9293899536133 23.9715824127197 24.0128154754639 24.0492496490479 24.0838623046875 24.1068592071533 24.1277446746826 24.1427516937256 24.1528186798096 24.1552505493164 24.1514587402344 24.1419544219971 24.1311912536621
-9999 -9999 -9999 -9999 20.7815799713135 20.8696517944336 20.9730396270752 21.6145286560059 22.2917079925537 22.9915180206299 23.5812683105469 23.7497501373291 23.8830871582031 23.9468803405762 23.9716510772705 23.9514026641846 23.8811416625977 23.7765350341797 23.7030944824219 23.6416893005371 23.6122436523438 23.588436126709 23.5817680358887 23.5782070159912 23.5974349975586 23.6196384429932 23.6514892578125 23.6896991729736 23.7390041351318 23.789342880249 23.8407459259033 23.8932132720947 23.9463310241699 24.0020618438721 24.058666229248 24.1037979125977 24.1472778320312 24.1817359924316 24.2140884399414 24.2330284118652 24.2494163513184 24.2587051391602 24.2637710571289 24.2623100280762 24.2568416595459 24.2476902008057 24.2365951538086
-9999 -9999 -9999 -9999 20.8747577667236 20.9730396270752 21.5971088409424 21.6177005767822 22.2962779998779 22.9746704101562 23.5562744140625 23.7674045562744 23.9327220916748 24.0073871612549 24.0301361083984 23.9929809570312 23.8998374938965 23.7682399749756 23.6952114105225 23.64479637146 23.6253185272217 23.6113014221191 23.6096343994141 23.6115474700928 23.6410274505615 23.6745567321777 23.7212219238281 23.7733955383301 23.83518409729 23.8986644744873 23.963888168335 24.0285549163818 24.0928840637207 24.1529064178467 24.2114944458008 24.2545108795166 24.2952690124512 24.3210334777832 24.3443851470947 24.3523769378662 24.3579597473145 24.356840133667 24.3537864685059 24.3477458953857 24.3405895233154 24.332405090332 24.3213672637939
-9999 -9999 -9999 -9999 20.9730396270752 21.6691265106201 21.9818897247314 22.1831684112549 22.2448062896729 22.9176483154297 23.5078792572021 23.7819042205811 23.9900722503662 24.0679302215576 24.0841503143311 24.0292491912842 23.9228649139404 23.7811241149902 23.7163124084473 23.6812038421631 23.6732749938965 23.6701412200928 23.6808776855469 23.6945724487305 23.7304039001465 23.7714176177979 23.8292427062988 23.8919486999512 23.9631748199463 24.0348834991455 24.107084274292 24.1753997802734 24.2413463592529 24.2950019836426 24.3445606231689 24.3774452209473 24.4079132080078 24.4227085113525 24.4357891082764 24.4379463195801 24.4386558532715 24.4353294372559 24.4310665130615 24.4253578186035 24.4182357788086 24.4098167419434 24.3977394104004
-9999 -9999 -9999 -9999 -9999 22.0579261779785 22.1244659423828 22.1447982788086 22.169319152832 22.8434085845947 23.4494533538818 23.7950496673584 24.0507297515869 24.1284885406494 24.1362476348877 24.0632400512695 23.9477500915527 23.8030853271484 23.7498359680176 23.7318859100342 23.7361793518066 23.7444000244141 23.7707080841064 23.7988929748535 23.8394031524658 23.8862552642822 23.9536724090576 24.0254402160645 24.1048011779785 24.1826286315918 24.2588768005371 24.3271751403809 24.3906288146973 24.4333477020264 24.4691562652588 24.4884738922119 24.5054111480713 24.5082626342773 24.5105266571045 24.5090408325195 24.5074157714844 24.5053997039795 24.5028896331787 24.4996185302734 24.4932708740234 24.4841003417969 24.4705104827881
-9999 -9999 -9999 -9999 -9999 22.0783386230469 22.0674247741699 22.0454330444336 22.1012897491455 22.7680492401123 23.382438659668 23.79638671875 24.0980529785156 24.1775398254395 24.1818370819092 24.0993747711182 23.9839210510254 23.8458080291748 23.8063564300537 23.8050022125244 23.8242645263672 23.84716796875 23.8797340393066 23.9137287139893 23.9578628540039 24.0087985992432 24.0817928314209 24.1571235656738 24.2365283966064 24.3113460540771 24.3814487457275 24.4394721984863 24.4901351928711 24.5210571289062 24.5453987121582 24.5608177185059 24.574914932251 24.5766887664795 24.5781764984131 24.5778465270996 24.5773849487305 24.5765590667725 24.574426651001 24.5702724456787 24.56227684021 24.5507545471191 24.5351657867432
-9999 -9999 -9999 -9999 -9999 22.0828952789307 22.0431251525879 22.0120449066162 22.0348033905029 22.6924571990967 23.313648223877 23.7952823638916 24.1426181793213 24.2242107391357 24.2260780334473 24.1359558105469 24.0224285125732 23.8928279876709 23.8676357269287 23.8827590942383 23.9175605773926 23.9558353424072 23.9927310943604 24.0307388305664 24.0782775878906 24.1329345703125 24.2106781005859 24.2884330749512 24.3662071228027 24.436128616333 24.497974395752 24.5436000823975 24.579345703125 24.5982913970947 24.6116352081299 24.6251564025879 24.6386260986328 24.6415691375732 24.6443614959717 24.6461772918701 24.6476039886475 24.6479454040527 24.6459045410156 24.6401805877686 24.6300354003906 24.6158313751221 24.5981426239014
-9999 -9999 -9999 -9999 -9999 -9999 22.1381340026855 22.0718994140625 22.1250915527344 22.789083480835 23.4112758636475 23.8734703063965 24.2041835784912 24.2747364044189 24.2711696624756 24.1820850372314 24.0723896026611 23.9485397338867 23.9287109375 23.949047088623 23.9902572631836 24.0351505279541 24.0815086364746 24.128734588623 24.182933807373 24.2406730651855 24.3098926544189 24.3779315948486 24.4439163208008 24.5030517578125 24.5551414489746 24.596752166748 24.6319789886475 24.654935836792 24.6737995147705 24.6918296813965 24.7096500396729 24.7146263122559 24.719633102417 24.7248458862305 24.7286529541016 24.7285461425781 24.7248401641846 24.7155723571777 24.7021427154541 24.6848926544189 24.6652965545654
-9999 -9999 -9999 -9999 -9999 -9999 22.3010101318359 22.3304557800293 22.2427139282227 22.9120483398438 23.5318508148193 23.9620552062988 24.2672939300537 24.3252620697021 24.3162460327148 24.2299385070801 24.1245498657227 24.0060539245605 23.9895496368408 24.0124263763428 24.0597057342529 24.1112899780273 24.1669826507568 24.223201751709 24.283052444458 24.3429756164551 24.4031410217285 24.4611930847168 24.5155544281006 24.5645637512207 24.6080646514893 24.6469802856445 24.6831016540527 24.710807800293 24.7357082366943 24.7583274841309 24.7805233001709 24.787727355957 24.7950592041016 24.8031978607178 24.8089179992676 24.8078994750977 24.8021392822266 24.7890529632568 24.7723522186279 24.7523384094238 24.7309818267822
-9999 -9999 -9999 -9999 -9999 -9999 22.498592376709 22.5006732940674 22.5770320892334 23.2336940765381 23.8177127838135 24.1236820220947 24.338752746582 24.3739624023438 24.3607330322266 24.2916145324707 24.1946830749512 24.0786533355713 24.0479774475098 24.0502624511719 24.1043510437012 24.1675777435303 24.2287940979004 24.2891101837158 24.3422889709473 24.3951435089111 24.4469547271729 24.4978790283203 24.5472564697266 24.5959892272949 24.6440620422363 24.6903495788574 24.7355537414551 24.7682704925537 24.7968235015869 24.8218421936035 24.8462753295898 24.8574047088623 24.8677673339844 24.8732509613037 24.8756694793701 24.8695526123047 24.8584098815918 24.8395023345947 24.8202362060547 24.8006420135498 24.7789974212646
-9999 -9999 -9999 -9999 -9999 22.4548358917236 22.6181411743164 22.6646499633789 22.9173603057861 23.5436401367188 24.0797023773193 24.270450592041 24.4025001525879 24.4184036254883 24.4028606414795 24.3510322570801 24.2649974822998 24.1554698944092 24.1102771759033 24.0899257659912 24.1466503143311 24.2169761657715 24.2821521759033 24.345386505127 24.3933944702148 24.4407405853271 24.4859466552734 24.5314655303955 24.5775279998779 24.6273498535156 24.681037902832 24.734317779541 24.7873497009277 24.8246936798096 24.8568077087402 24.8832550048828 24.9088363647461 24.9230327606201 24.9357013702393 24.9386386871338 24.9380397796631 24.9275875091553 24.9120330810547 24.8885917663574 24.8671703338623 24.847599029541 24.8255157470703
-9999 -9999 -9999 -9999 22.0644721984863 22.3686351776123 22.4548358917236 22.8524036407471 23.2797317504883 23.8106937408447 24.2541599273682 24.3627319335938 24.4379653930664 24.4472351074219 24.436336517334 24.4021682739258 24.3359642028809 24.2477607727051 24.186767578125 24.1362819671631 24.1803512573242 24.2411060333252 24.3045101165771 24.3663539886475 24.4146881103516 24.4622421264648 24.5072631835938 24.5536880493164 24.6025619506836 24.6584644317627 24.7216033935547 24.7804737091064 24.8367443084717 24.877311706543 24.9126453399658 24.9369621276855 24.9596920013428 24.9738140106201 24.9861278533936 24.9869194030762 24.9843368530273 24.9723567962646 24.9559497833252 24.9326953887939 24.9106178283691 24.8896179199219 24.8665428161621
