Ecospace-environmental-drivers/Outputs/ASCII-for-ecospace/MOM6-ISIMIP3a/tos/1992-10_tos_MOM6-ISIMIP3a.asc
NCOLS 131 
NROWS 53 
XLLCORNER -98 
YLLCORNER 23.9265270233154 
CELLSIZE 0.133587792515755 
NODATA_value -9999 
[rows 21 to 41 of 53, columns 47 to 93 of 131]
26.3099594116211 26.2969932556152 26.2824363708496 26.2731742858887 26.2648277282715 26.2665328979492 26.2679290771484 26.267749786377 26.2596225738525 26.2323055267334 26.1970024108887 26.1507396697998 26.1181221008301 26.0966701507568 26.1046447753906 26.126558303833 26.1646175384521 26.2065353393555 26.2376804351807 26.2686042785645 26.3071002960205 26.348316192627 26.4009265899658 26.4482898712158 26.4845809936523 26.5261497497559 26.5741710662842 26.6182479858398 26.6594524383545 26.6858081817627 26.7060146331787 26.6873149871826 26.6609649658203 26.6384124755859 26.6170825958252 26.6063289642334 26.5957107543945 26.5855560302734 26.5753135681152 26.5649013519287 26.5654926300049 26.578067779541 26.595630645752 26.6164169311523 26.6307334899902 26.642728805542 26.6563415527344
26.4139194488525 26.391565322876 26.36842918396 26.357931137085 26.3489875793457 26.347074508667 26.3448486328125 26.3410377502441 26.3290348052979 26.2972469329834 26.2633476257324 26.2265529632568 26.2102241516113 26.2106418609619 26.2284622192383 26.254524230957 26.2912788391113 26.330587387085 26.3538093566895 26.377103805542 26.4175758361816 26.4590721130371 26.5048580169678 26.5453357696533 26.5746097564697 26.6095886230469 26.6515426635742 26.6906452178955 26.727668762207 26.7413272857666 26.7453098297119 26.7215385437012 26.6923122406006 26.6676025390625 26.644006729126 26.6296672821045 26.6157512664795 26.6033229827881 26.593189239502 26.5873126983643 26.5931529998779 26.611759185791 26.6322345733643 26.6539211273193 26.6670475006104 26.6770973205566 26.6827297210693
26.5262279510498 26.4938106536865 26.4610958099365 26.4485282897949 26.4381446838379 26.431079864502 26.4236583709717 26.4144172668457 26.3974685668945 26.3619117736816 26.3303489685059 26.3042697906494 26.3050231933594 26.3277320861816 26.3563613891602 26.3877964019775 26.4246711730957 26.4628486633301 26.4787311553955 26.494758605957 26.5351467132568 26.5745296478271 26.6096973419189 26.6404991149902 26.6620788574219 26.6904392242432 26.7270832061768 26.7616100311279 26.7945919036865 26.7954921722412 26.7831039428711 26.755184173584 26.7242107391357 26.6974010467529 26.6715183258057 26.6532020568848 26.6356067657471 26.6205501556396 26.6103916168213 26.6093292236328 26.6205043792725 26.6450138092041 26.6683750152588 26.6909923553467 26.703275680542 26.7118453979492 26.7099800109863
26.7393951416016 26.6974925994873 26.6515216827393 26.6282405853271 26.6071605682373 26.5827960968018 26.5569362640381 26.523473739624 26.4914455413818 26.4628791809082 26.4449844360352 26.4417419433594 26.4586868286133 26.4921531677246 26.5395584106445 26.5935668945312 26.6515674591064 26.7105236053467 26.7263488769531 26.7387676239014 26.7447299957275 26.7470226287842 26.7339553833008 26.7268619537354 26.7323780059814 26.7549991607666 26.7985229492188 26.8316192626953 26.8571224212646 26.8480224609375 26.8245906829834 26.7928123474121 26.7593936920166 26.7301692962646 26.7018146514893 26.6804180145264 26.6596126556396 26.6408786773682 26.6294136047363 26.6314449310303 26.6463413238525 26.6752548217773 26.7006530761719 26.7237758636475 26.736909866333 26.7464580535889 26.7457981109619
26.9348487854004 26.8886985778809 26.8359031677246 26.8050708770752 26.7761669158936 26.7386093139648 26.6990489959717 26.6493148803711 26.6092777252197 26.5926570892334 26.5917110443115 26.6122875213623 26.6468753814697 26.6929244995117 26.7569198608398 26.8294162750244 26.9022350311279 26.9751319885254 26.9897747039795 26.9981899261475 26.9742336273193 26.9428386688232 26.8803234100342 26.8309955596924 26.8095169067383 26.818675994873 26.8652820587158 26.8961296081543 26.9154968261719 26.8987808227539 26.8671226501465 26.8327445983887 26.7978324890137 26.7672290802002 26.7372894287109 26.712272644043 26.6879844665527 26.666259765625 26.6538677215576 26.6588020324707 26.6767635345459 26.7089214324951 26.735725402832 26.7590675354004 26.772928237915 26.7833824157715 26.7835712432861
27.0526275634766 27.025203704834 26.9937858581543 26.9692707061768 26.945140838623 26.9123859405518 26.8798942565918 26.8487491607666 26.8317165374756 26.8487644195557 26.8791542053223 26.9278621673584 26.9864406585693 27.0530910491943 27.1240901947021 27.197151184082 27.2571334838867 27.3139896392822 27.3225154876709 27.3251934051514 27.2910804748535 27.2409229278564 27.1236248016357 27.0130443572998 26.9166412353516 26.8784866333008 26.9115238189697 26.9365196228027 26.955659866333 26.941780090332 26.9142246246338 26.8827705383301 26.8505516052246 26.8231010437012 26.7954769134521 26.7644557952881 26.7355003356934 26.7138004302979 26.7021446228027 26.7091388702393 26.7272891998291 26.7575988769531 26.7830543518066 26.8053665161133 26.8193950653076 26.8304481506348 26.8299217224121
27.1490573883057 27.1373538970947 27.1237735748291 27.1077556610107 27.0912647247314 27.0687065124512 27.0484600067139 27.0399532318115 27.0472583770752 27.0927391052246 27.1480770111084 27.2169513702393 27.2901268005371 27.3668251037598 27.4375648498535 27.5054817199707 27.5522365570068 27.5939331054688 27.5986270904541 27.5982933044434 27.5617923736572 27.5052318572998 27.3647174835205 27.2175121307373 27.0561809539795 26.9658203125 26.9622001647949 26.9705715179443 26.9876747131348 26.9791736602783 26.9600715637207 26.9341888427734 26.9069728851318 26.8823947906494 26.8574161529541 26.8275547027588 26.7996978759766 26.7788906097412 26.7678565979004 26.774974822998 26.790864944458 26.8163146972656 26.8380260467529 26.8573150634766 26.8706684112549 26.8818893432617 26.8803291320801
27.1989135742188 27.196361541748 27.192892074585 27.1901378631592 27.1875324249268 27.1869430541992 27.1902256011963 27.2132053375244 27.2477550506592 27.3102416992188 27.3765926361084 27.4482460021973 27.5155334472656 27.5792484283447 27.6338768005371 27.6842002868652 27.7168769836426 27.7453365325928 27.7511768341064 27.7537784576416 27.7318439483643 27.6958465576172 27.6009845733643 27.4708976745605 27.2664451599121 27.1132049560547 27.022554397583 26.9907875061035 27.0019111633301 27.0043430328369 27.0031757354736 26.9886360168457 26.9714698791504 26.949161529541 26.9275379180908 26.9144630432129 26.9002914428711 26.8822689056396 26.8716125488281 26.8746299743652 26.8829116821289 26.8969287872314 26.9096736907959 26.9215927124023 26.9324283599854 26.9428749084473 26.9395942687988
27.2510452270508 27.2556266784668 27.2599773406982 27.2696990966797 27.2802829742432 27.299295425415 27.322452545166 27.3666915893555 27.4182071685791 27.4872932434082 27.5555057525635 27.6225204467773 27.6810684204102 27.7326889038086 27.7753219604492 27.8136959075928 27.8378810882568 27.8586750030518 27.8664169311523 27.8721313476562 27.8613986968994 27.8418159484863 27.7851810455322 27.6839046478271 27.4883842468262 27.3067760467529 27.1421718597412 27.0594482421875 27.0363674163818 27.0336284637451 27.0393180847168 27.0341930389404 27.0269412994385 27.0083866119385 26.99098777771 26.9889812469482 26.984447479248 26.9710254669189 26.9624347686768 26.9628105163574 26.9655685424805 26.9709224700928 26.9797286987305 26.9907684326172 27.0039024353027 27.0177898406982 27.0105400085449
27.3060398101807 27.3152141571045 27.3245010375977 27.3457088470459 27.3686084747314 27.4042472839355 27.4426765441895 27.4953098297119 27.5508594512939 27.613452911377 27.6720180511475 27.7250537872314 27.7712745666504 27.811918258667 27.8477363586426 27.8812675476074 27.9039859771729 27.9241218566895 27.9347114562988 27.9437656402588 27.9400043487549 27.9316177368164 27.9038715362549 27.8461170196533 27.7250099182129 27.5584545135498 27.3363494873047 27.189058303833 27.0962581634521 27.0680961608887 27.0666999816895 27.0685596466064 27.0710601806641 27.0581226348877 27.0460395812988 27.0479106903076 27.0479221343994 27.0413875579834 27.0369892120361 27.0365581512451 27.0364151000977 27.0365867614746 27.047779083252 27.0661029815674 27.0875949859619 27.1102275848389 27.0961818695068
27.373363494873 27.3916683197021 27.4106941223145 27.4406757354736 27.472110748291 27.5125255584717 27.5543193817139 27.6031265258789 27.6530151367188 27.7055110931396 27.7543144226074 27.7980499267578 27.8373470306396 27.8730144500732 27.9056911468506 27.936954498291 27.9597797393799 27.9805889129639 27.9933567047119 28.0048561096191 28.0059204101562 28.0043525695801 27.9917621612549 27.961311340332 27.893159866333 27.7627811431885 27.5563507080078 27.3799934387207 27.2255420684814 27.1529731750488 27.1143131256104 27.1082324981689 27.1085548400879 27.0996913909912 27.0917816162109 27.0965099334717 27.0995063781738 27.0964260101318 27.0945262908936 27.0948162078857 27.1006832122803 27.1126270294189 27.1384716033936 27.1733093261719 27.2046413421631 27.2347145080566 27.2136878967285
27.4499320983887 27.4807739257812 27.5131416320801 27.5498600006104 27.5869922637939 27.6232986450195 27.6595230102539 27.6953430175781 27.7322978973389 27.7719955444336 27.8109512329102 27.8488883972168 27.8853168487549 27.9205074310303 27.9528026580811 27.9837284088135 28.0078372955322 28.0303173065186 28.0447635650635 28.0580387115479 28.0623226165771 28.0642871856689 28.0565509796143 28.0412425994873 28.0099487304688 27.9315948486328 27.7957229614258 27.6169281005859 27.4068698883057 27.2756576538086 27.1770992279053 27.1518802642822 27.141077041626 27.1351356506348 27.130542755127 27.137357711792 27.1421775817871 27.1399745941162 27.1392974853516 27.1414546966553 27.1600170135498 27.1964511871338 27.2461452484131 27.3044185638428 27.346700668335 27.3832378387451 27.3550910949707
27.5417766571045 27.5793037414551 27.6172790527344 27.6514167785645 27.6848659515381 27.7103633880615 27.7353191375732 27.7575187683105 27.782413482666 27.8138179779053 27.848087310791 27.8862934112549 27.9237499237061 27.9605922698975 27.9939384460449 28.0256290435791 28.0506134033203 28.07399559021 28.0887603759766 28.1023921966553 28.1081275939941 28.1119918823242 28.1080150604248 28.1000270843506 28.083568572998 28.036693572998 27.9526424407959 27.8062171936035 27.6143608093262 27.4500370025635 27.2971172332764 27.2336578369141 27.1877861022949 27.1793212890625 27.1735610961914 27.1806907653809 27.1869773864746 27.190299987793 27.1991786956787 27.2183742523193 27.2551174163818 27.3109817504883 27.3700714111328 27.431245803833 27.473747253418 27.50954246521 27.4912929534912
27.6401691436768 27.6818714141846 27.7221412658691 27.7497043609619 27.7754516601562 27.7872695922852 27.7985134124756 27.8068199157715 27.8200283050537 27.8450698852539 27.8768672943115 27.9179420471191 27.9580974578857 27.9974994659424 28.0325126647949 28.0654430389404 28.0911273956299 28.1150798797607 28.1295833587646 28.1429615020752 28.1493949890137 28.1544532775879 28.1537685394287 28.1497478485107 28.1386871337891 28.1144866943359 28.0742244720459 27.9750862121582 27.8330631256104 27.6465721130371 27.4416618347168 27.3317775726318 27.2405738830566 27.2272510528564 27.2184047698975 27.2250881195068 27.2326908111572 27.2435302734375 27.2655334472656 27.3082695007324 27.3655490875244 27.4386749267578 27.5009632110596 27.5562400817871 27.5943622589111 27.6263236999512 27.6252670288086
27.7198047637939 27.7586479187012 27.7949695587158 27.814998626709 27.8327980041504 27.83544921875 27.8377494812012 27.8382587432861 27.8461284637451 27.8717727661133 27.9048366546631 27.9480819702148 27.9908351898193 28.0331878662109 28.0685882568359 28.1006984710693 28.1242351531982 28.1457252502441 28.1583423614502 28.1698760986328 28.1744918823242 28.178150177002 28.1777973175049 28.1752700805664 28.1681518554688 28.1537475585938 28.1304397583008 28.0652809143066 27.9696388244629 27.8053665161133 27.6126728057861 27.470531463623 27.3383293151855 27.3025417327881 27.274356842041 27.2855453491211 27.3011245727539 27.3321285247803 27.371021270752 27.4245662689209 27.4835624694824 27.5485000610352 27.6027641296387 27.6501235961914 27.6876430511475 27.7216281890869 27.7272796630859
27.795560836792 27.8300876617432 27.8611698150635 27.8734645843506 27.8832683563232 27.877685546875 27.8720302581787 27.8659992218018 27.8698444366455 27.8975353240967 27.9326362609863 27.9779090881348 28.0232410430908 28.0686225891113 28.1041488647461 28.1350078582764 28.1558113098145 28.1742115020752 28.1846046447754 28.193962097168 28.1962451934814 28.1979656219482 28.1973323822021 28.1957836151123 28.1923065185547 28.1850357055664 28.1731300354004 28.1391983032227 28.0892200469971 27.9563522338867 27.7891578674316 27.6176948547363 27.4453907012939 27.3834934234619 27.3326053619385 27.3493270874023 27.3742561340332 27.4280433654785 27.4846057891846 27.5463256835938 27.6031455993652 27.6546268463135 27.6985454559326 27.73756980896 27.7752685546875 27.8124923706055 27.8226795196533
27.8414859771729 27.8698120117188 27.8943176269531 27.9013290405273 27.9060382843018 27.8969554901123 27.8886661529541 27.8844127655029 27.890495300293 27.9215335845947 27.9586238861084 28.004020690918 28.0499782562256 28.0963973999023 28.130256652832 28.158166885376 28.1758632659912 28.1911201477051 28.1971836090088 28.2020874023438 28.1992874145508 28.1965160369873 28.1938610076904 28.1918182373047 28.1910724639893 28.1880378723145 28.1822071075439 28.1614170074463 28.1297302246094 28.0314655303955 27.9056301116943 27.7368297576904 27.5595836639404 27.4778079986572 27.4089736938477 27.4320373535156 27.4638233184814 27.5262680053711 27.587028503418 27.6446552276611 27.6981086730957 27.7470149993896 27.7907199859619 27.8310623168945 27.8670082092285 27.9013767242432 27.907678604126
27.8843803405762 27.9064254760742 27.9243450164795 27.9262619018555 27.9261035919189 27.914155960083 27.903865814209 27.9020118713379 27.9107112884521 27.9448986053467 27.9839057922363 28.0295314788818 28.0759677886963 28.1230697631836 28.1550998687744 28.1799869537354 28.1945362091064 28.2066135406494 28.2081165313721 28.2083282470703 28.2002925872803 28.1928958892822 28.1881771087646 28.1856021881104 28.1875514984131 28.1885929107666 28.1885242462158 28.1795692443848 28.1641407012939 28.0991287231445 28.0135822296143 27.8495788574219 27.6701545715332 27.5703048706055 27.4851131439209 27.5143566131592 27.5526313781738 27.622673034668 27.6870727539062 27.7409934997559 27.7917728424072 27.8391284942627 27.8827953338623 27.9240741729736 27.9576625823975 27.9884872436523 27.9906997680664
27.9091815948486 27.9250335693359 27.9368801116943 27.9345588684082 27.9305553436279 27.920259475708 27.9121780395508 27.9153652191162 27.9277515411377 27.9623470306396 28.0025386810303 28.0504169464111 28.0966892242432 28.1416511535645 28.170955657959 28.1928443908691 28.2039833068848 28.2125549316406 28.2080497741699 28.2021198272705 28.1884994506836 28.1762752532959 28.169885635376 28.1670589447021 28.1717510223389 28.1765403747559 28.1814479827881 28.1790237426758 28.1712589263916 28.1235580444336 28.0593204498291 27.9075965881348 27.7386741638184 27.6370296478271 27.5501728057861 27.5834484100342 27.6255264282227 27.6985626220703 27.7670993804932 27.8272857666016 27.8833408355713 27.9348983764648 27.975528717041 28.0090866088867 28.0347709655762 28.0576286315918 28.0575866699219
27.931001663208 27.9408664703369 27.946849822998 27.9407405853271 27.9333686828613 27.9252815246582 27.9197998046875 27.9275779724121 27.943359375 27.9784736633301 28.0200099945068 28.0703620910645 28.116340637207 28.1587409973145 28.1851425170898 28.2039680480957 28.2116069793701 28.21657371521 28.2066192626953 28.1951656341553 28.1768341064453 28.1606388092041 28.1533794403076 28.1507759094238 28.1579971313477 28.1660194396973 28.1750202178955 28.178129196167 28.1769428253174 28.1441307067871 28.0982208251953 27.9579811096191 27.7992000579834 27.6981658935547 27.6120262145996 27.6505184173584 27.6969318389893 27.7711963653564 27.8427028656006 27.9090824127197 27.9688243865967 28.0213317871094 28.0578231811523 28.0839519500732 28.1027202606201 28.1188468933105 28.1183567047119
27.9418773651123 27.9465160369873 27.9474143981934 27.9391632080078 27.9301681518555 27.9263439178467 27.9249038696289 27.935604095459 27.9537220001221 27.9897575378418 28.0332164764404 28.0868682861328 28.1320724487305 28.1703643798828 28.1932106018066 28.2087383270264 28.2125453948975 28.2135524749756 28.2001876831055 28.1854820251465 28.1656322479248 28.148609161377 28.1434173583984 28.1427764892578 28.1517391204834 28.1611061096191 28.1709671020508 28.1759471893311 28.1773738861084 28.1505603790283 28.1120529174805 27.9803905487061 27.830415725708 27.7388038635254 27.6621208190918 27.7101745605469 27.7628726959229 27.831901550293 27.9020824432373 27.9743976593018 28.0319862365723 28.0735282897949 28.1018466949463 28.1216087341309 28.1370830535889 28.1510200500488 28.156702041626
