Ecospace-environmental-drivers/Outputs/ASCII-for-ecospace/MOM6-ISIMIP3a/tos/1993-02_tos_MOM6-ISIMIP3a.asc
NCOLS 131 
NROWS 53 
XLLCORNER -98 
YLLCORNER 23.9265270233154 
CELLSIZE 0.133587792515755 
NODATA_value -9999 
[rows 21 to 41 of 53, columns 0 to 46 of 131]
-9999 -9999 -9999 -9999 -9999 -9999 17.356954574585 17.326789855957 17.2470169067383 17.1105766296387 17.0395202636719 16.8430404663086 16.9102478027344 17.1104412078857 17.3876609802246 17.753755569458 18.1415233612061 18.5441761016846 18.832447052002 19.0765476226807 19.2925071716309 19.5034999847412 19.7000961303711 19.8987655639648 20.1173191070557 20.3204288482666 20.4734668731689 20.6166858673096 20.742769241333 20.8483905792236 20.9329528808594 20.9891262054443 21.028003692627 20.995979309082 20.9403228759766 20.7998924255371 20.6481666564941 20.5546894073486 20.4757690429688 20.489559173584 20.5071144104004 20.5351428985596 20.5541019439697 20.5590438842773 20.5493278503418 20.5261554718018 20.5148506164551
-9999 -9999 -9999 -9999 -9999 -9999 17.3645420074463 17.356954574585 17.2966232299805 17.2239112854004 17.1105766296387 17.1649417877197 17.283411026001 17.5287265777588 17.8510246276855 18.262149810791 18.7522296905518 19.2965316772461 19.7154312133789 20.0859088897705 20.3304500579834 20.5527667999268 20.700813293457 20.8461532592773 20.9824848175049 21.1087551116943 21.2024040222168 21.2905941009521 21.3692588806152 21.4312572479248 21.4761085510254 21.5144233703613 21.548755645752 21.5160884857178 21.4610862731934 21.2645683288574 21.0490627288818 20.9130325317383 20.7940788269043 20.7838859558105 20.77512550354 20.7703590393066 20.7687931060791 20.7721710205078 20.7727756500244 20.7708339691162 20.7678337097168
-9999 -9999 -9999 -9999 17.4059028625488 17.3880767822266 17.3664360046387 17.3702335357666 17.356954574585 17.2362937927246 17.1918163299561 17.4389343261719 17.6978187561035 17.9799861907959 18.3400611877441 18.7900314331055 19.3695755004883 20.0381050109863 20.5769081115723 21.065616607666 21.337703704834 21.5715637207031 21.671106338501 21.7630004882812 21.8156814575195 21.8639965057373 21.898157119751 21.9313430786133 21.9628295898438 21.9818115234375 21.9879264831543 22.0096263885498 22.0408210754395 22.0113010406494 21.9615421295166 21.7167587280273 21.4457340240479 21.2736034393311 21.1202297210693 21.0863227844238 21.0509986877441 21.0117340087891 20.987512588501 20.9865417480469 20.9954586029053 21.0134506225586 21.0166149139404
-9999 -9999 -9999 -9999 17.4409503936768 17.4281482696533 17.4097175598145 17.3664360046387 17.3873100280762 17.652982711792 17.9093818664551 18.1302852630615 18.4050540924072 18.7864093780518 19.2214756011963 19.7185134887695 20.2533588409424 20.8141670227051 21.2392921447754 21.6120223999023 21.7904243469238 21.9345321655273 21.9833812713623 22.0278091430664 22.0527896881104 22.0762691497803 22.0948791503906 22.1127166748047 22.1292057037354 22.1363410949707 22.1338500976562 22.1541404724121 22.1883106231689 22.1813316345215 22.1606369018555 21.9853134155273 21.7890701293945 21.6557083129883 21.533447265625 21.4818592071533 21.427433013916 21.365104675293 21.3118019104004 21.2724533081055 21.2574405670166 21.2647609710693 21.2608509063721
-9999 -9999 -9999 -9999 -9999 17.4409503936768 17.4954872131348 17.4529991149902 17.5121231079102 18.1158714294434 18.6442756652832 18.8843059539795 19.1967277526855 19.652400970459 20.1387271881104 20.6604251861572 21.1324653625488 21.570405960083 21.8742542266846 22.1263217926025 22.2169857025146 22.2791652679443 22.2825336456299 22.2840881347656 22.28125 22.2794094085693 22.280797958374 22.2819442749023 22.2826652526855 22.2780151367188 22.2678413391113 22.2870330810547 22.3241157531738 22.3393402099609 22.3472805023193 22.240234375 22.11745262146 22.0161037445068 21.9192848205566 21.85129737854 21.7794303894043 21.6967601776123 21.6185512542725 21.5472373962402 21.510950088501 21.5068073272705 21.4958934783936
-9999 -9999 -9999 -9999 -9999 17.5288276672363 17.4409503936768 17.7215595245361 18.0511035919189 18.7813301086426 19.4551563262939 19.9131183624268 20.3586483001709 20.779577255249 21.2131195068359 21.6612148284912 21.9910697937012 22.239725112915 22.3889789581299 22.4998512268066 22.528844833374 22.5433902740479 22.5241470336914 22.502965927124 22.471794128418 22.4425086975098 22.4193458557129 22.3979091644287 22.3794841766357 22.3633327484131 22.3495178222656 22.3689670562744 22.4086837768555 22.4446315765381 22.4793224334717 22.4353885650635 22.3802738189697 22.2813034057617 22.1850757598877 22.1063022613525 22.0242805480957 21.9332084655762 21.8483867645264 21.7732257843018 21.7273082733154 21.7082328796387 21.6906280517578
-9999 -9999 17.7253074645996 17.7013187408447 17.6750259399414 17.6168098449707 17.5287246704102 17.9956493377686 18.5197086334229 19.3712196350098 20.1766872406006 20.8059329986572 21.3479137420654 21.7172183990479 22.076623916626 22.4246082305908 22.626522064209 22.7281188964844 22.7637157440186 22.7738285064697 22.7602577209473 22.7425079345703 22.7104473114014 22.6765327453613 22.6297855377197 22.5846462249756 22.544713973999 22.5076580047607 22.4756259918213 22.4518547058105 22.4365844726562 22.4566631317139 22.4982719421387 22.5468769073486 22.5978126525879 22.6034202575684 22.6021995544434 22.5226154327393 22.4428367614746 22.3618297576904 22.2760066986084 22.1767864227295 22.0847053527832 22.003662109375 21.9435806274414 21.9027347564697 21.8704566955566
-9999.000000000000000 -9999 -9999 -9999 17.8121204376221 17.7332439422607 17.7869052886963 18.2818031311035 18.8347606658936 19.7962265014648 20.7032737731934 21.4020175933838 21.960470199585 22.2413196563721 22.4800052642822 22.6700382232666 22.7750835418701 22.8217658996582 22.8330211639404 22.8305988311768 22.8161468505859 22.7995700836182 22.7760581970215 22.7512359619141 22.7167587280273 22.6810474395752 22.6413230895996 22.6038436889648 22.5702819824219 22.5473690032959 22.5354175567627 22.5569248199463 22.5988159179688 22.6424770355225 22.6867294311523 22.712272644043 22.7348976135254 22.7118072509766 22.6830825805664 22.6184921264648 22.5427398681641 22.4359226226807 22.3351745605469 22.2438068389893 22.1596565246582 22.0821304321289 22.0177593231201
-9999 -9999 -9999 -9999 17.998908996582 18.0863075256348 18.0317878723145 18.5255584716797 19.0877475738525 20.1138820648193 21.0712356567383 21.7653255462646 22.3081359863281 22.5516109466553 22.727575302124 22.8256416320801 22.8719577789307 22.8827362060547 22.8767261505127 22.8642330169678 22.8472499847412 22.829475402832 22.8110046386719 22.7918758392334 22.767370223999 22.7406539916992 22.7067680358887 22.6760959625244 22.6510372161865 22.636043548584 22.6314086914062 22.6558055877686 22.6978874206543 22.7356433868408 22.7719573974609 22.8054904937744 22.8384895324707 22.8508491516113 22.8562984466553 22.8177452087402 22.7651081085205 22.6732711791992 22.5814552307129 22.4896678924561 22.3925952911377 22.2906723022461 22.2007236480713
-9999 -9999 -9999 -9999 18.1317405700684 18.1771755218506 18.2332763671875 18.715970993042 19.2626571655273 20.296480178833 21.2396392822266 21.8357772827148 22.3225479125977 22.5929088592529 22.7791194915771 22.868236541748 22.9038028717041 22.9025974273682 22.8882217407227 22.8687610626221 22.8471736907959 22.8252124786377 22.8073749542236 22.7896633148193 22.7722339630127 22.7539710998535 22.7330055236816 22.7182426452637 22.7143039703369 22.7161083221436 22.7238254547119 22.7529468536377 22.7951068878174 22.8257446289062 22.8525409698486 22.8790397644043 22.9054584503174 22.9267997741699 22.9451866149902 22.9447708129883 22.9316596984863 22.8832092285156 22.8224658966064 22.7427215576172 22.64674949646 22.5358810424805 22.4285564422607
-9999 -9999 -9999 -9999 18.1771755218506 18.2450847625732 18.3248043060303 18.8289794921875 19.3939876556396 20.3612098693848 21.2437381744385 21.8020973205566 22.2815895080566 22.6050224304199 22.8182277679443 22.9042472839355 22.9327011108398 22.9216232299805 22.8985023498535 22.8707332611084 22.8435096740723 22.8163814544678 22.8020191192627 22.7886657714844 22.7813758850098 22.7745723724365 22.7693405151367 22.7709197998047 22.7843799591064 22.798978805542 22.8147487640381 22.8444309234619 22.88258934021 22.9099063873291 22.9336109161377 22.9577484130859 22.9819393157959 23.0050220489502 23.0268821716309 23.0409603118896 23.0454635620117 23.023307800293 22.9887790679932 22.9351272583008 22.8599033355713 22.7648811340332 22.6605224609375
-9999 -9999 -9999 -9999 18.2490215301514 18.3248043060303 18.8767471313477 18.8839359283447 19.4926357269287 20.3375396728516 21.1246089935303 21.6903171539307 22.1991004943848 22.5952472686768 22.8480072021484 22.9353199005127 22.9593868255615 22.9400196075439 22.9078712463379 22.8707885742188 22.8371524810791 22.8041248321533 22.7953701019287 22.7885799407959 22.7937278747559 22.8006343841553 22.8132495880127 22.8314952850342 22.8595657348633 22.8839511871338 22.9045505523682 22.9316711425781 22.9627685546875 22.9896144866943 23.0150451660156 23.0403289794922 23.0655498504639 23.0849456787109 23.1031799316406 23.1140213012695 23.1197052001953 23.111026763916 23.0990695953369 23.0820446014404 23.0423069000244 22.9817237854004 22.8955917358398
-9999 -9999 -9999 -9999 18.3248043060303 18.9914932250977 19.2763442993164 19.4692687988281 19.5254039764404 20.2589244842529 20.9714469909668 21.6036052703857 22.1735343933105 22.6203308105469 22.8945751190186 22.9697170257568 22.9846591949463 22.9582595825195 22.9195995330811 22.8762054443359 22.8418979644775 22.8091945648193 22.8118667602539 22.8168869018555 22.8350276947021 22.8547878265381 22.8797931671143 22.9073925018311 22.9395179748535 22.9662933349609 22.9875621795654 23.0128993988037 23.040714263916 23.0739879608154 23.1090812683105 23.1401290893555 23.1704998016357 23.1845149993896 23.1973037719727 23.2022705078125 23.2040214538574 23.1968212127686 23.1911735534668 23.1879234313965 23.1662406921387 23.1276378631592 23.0645446777344
-9999 -9999 -9999 -9999 -9999 19.4253559112549 19.4880752563477 19.4758262634277 19.5299377441406 20.156759262085 20.8036975860596 21.5276355743408 22.17236328125 22.6603565216064 22.9483375549316 23.0055351257324 23.0093231201172 22.976432800293 22.9323387145996 22.8839206695557 22.8514022827148 22.8216915130615 22.8382816314697 22.8573608398438 22.8887367248535 22.9209804534912 22.9560356140137 22.9898529052734 23.0215167999268 23.0475082397461 23.0676651000977 23.0915489196777 23.1177043914795 23.1603603363037 23.208517074585 23.2473087310791 23.2845935821533 23.2925052642822 23.2990646362305 23.2970275878906 23.2926559448242 23.2817897796631 23.2754802703857 23.276216506958 23.265115737915 23.2431526184082 23.2051620483398
-9999 -9999 -9999 -9999 -9999 19.531229019165 19.5116500854492 19.5191287994385 19.562967300415 20.1485080718994 20.7809047698975 21.5926456451416 22.2868423461914 22.7484474182129 23.010425567627 23.0420627593994 23.0329532623291 22.9958629608154 22.9517078399658 22.9048252105713 22.8801860809326 22.8594722747803 22.88600730896 22.914400100708 22.9496269226074 22.9853267669678 23.0225658416748 23.0582408905029 23.0911884307861 23.1206836700439 23.1466293334961 23.18337059021 23.2266883850098 23.2719116210938 23.3177680969238 23.349100112915 23.3782539367676 23.3839702606201 23.3882846832275 23.3836727142334 23.37721824646 23.3656272888184 23.3572597503662 23.353874206543 23.3408527374268 23.3189888000488 23.2855949401855
-9999 -9999 -9999 -9999 -9999 19.6281909942627 19.5939598083496 19.5399971008301 19.6018943786621 20.159688949585 20.7881031036377 21.686824798584 22.4252490997314 22.8464832305908 23.0742359161377 23.0787353515625 23.0563697814941 23.015552520752 22.972448348999 22.9284591674805 22.9129581451416 22.9024829864502 22.9381446838379 22.9748649597168 23.0120010375977 23.0492935180664 23.0870895385742 23.1237182617188 23.1583099365234 23.192195892334 23.2253570556641 23.2779159545898 23.3422946929932 23.388671875 23.4290504455566 23.4497756958008 23.4676876068115 23.472017288208 23.4749088287354 23.4686412811279 23.4609375 23.4492301940918 23.4385147094727 23.4293308258057 23.4118022918701 23.3866157531738 23.3535766601562
-9999 -9999 -9999 -9999 -9999 -9999 19.7789611816406 19.7227535247803 19.7687816619873 20.3314838409424 20.9664287567139 21.8778991699219 22.5979785919189 22.9393520355225 23.1185626983643 23.1106624603271 23.0832195281982 23.0423545837402 23.0053024291992 22.9697227478027 22.9599685668945 22.9547729492188 22.9871253967285 23.02028465271 23.0533256530762 23.087423324585 23.1249561309814 23.1669120788574 23.216588973999 23.2652130126953 23.3127536773682 23.3620166778564 23.4123287200928 23.4532203674316 23.4909706115723 23.5087223052979 23.52366065979 23.5317325592041 23.5381622314453 23.5341339111328 23.5281829833984 23.5168762207031 23.5051021575928 23.4926071166992 23.4732246398926 23.4475193023682 23.409460067749
-9999 -9999 -9999 -9999 -9999 -9999 20.0215072631836 20.0741348266602 19.9595050811768 20.5309276580811 21.172119140625 22.0803604125977 22.7707843780518 23.0302085876465 23.1605739593506 23.1420269012451 23.1105155944824 23.0701007843018 23.0394077301025 23.0124702453613 23.0081882476807 23.0079040527344 23.0365161895752 23.0656547546387 23.0938930511475 23.1240768432617 23.1605758666992 23.2074871063232 23.2725639343262 23.3356113433838 23.3965702056885 23.441967010498 23.4778861999512 23.5138149261475 23.549747467041 23.5656127929688 23.5786914825439 23.5903167724609 23.6001167297363 23.5982990264893 23.5941371917725 23.5834465026855 23.5708503723145 23.5553150177002 23.5341625213623 23.5078563690186 23.4646835327148
-9999 -9999 -9999 -9999 -9999 -9999 20.3070487976074 20.2676334381104 20.3433399200439 20.9485874176025 21.5879707336426 22.3580131530762 22.9279861450195 23.1020736694336 23.1871910095215 23.1696510314941 23.1409282684326 23.1045303344727 23.0810832977295 23.0626373291016 23.0624961853027 23.0655860900879 23.0918083190918 23.1176815032959 23.1364440917969 23.1573028564453 23.184965133667 23.2307529449463 23.3081741333008 23.3773555755615 23.4380588531494 23.4826622009277 23.5174560546875 23.5571918487549 23.598575592041 23.620491027832 23.6396560668945 23.6503658294678 23.6593818664551 23.6576137542725 23.6541881561279 23.6461544036865 23.6346492767334 23.6177787780762 23.5945014953613 23.5653400421143 23.5186290740967
-9999 -9999 -9999 -9999 -9999 20.4294719696045 20.5406589508057 20.5793800354004 20.7741603851318 21.4026699066162 22.0271396636963 22.6361484527588 23.0728626251221 23.1686458587646 23.2125644683838 23.1966361999512 23.1713256835938 23.1395702362061 23.1228942871094 23.1120414733887 23.1160850524902 23.1227588653564 23.1483097076416 23.172721862793 23.1841697692871 23.1969184875488 23.2138786315918 23.2565383911133 23.344051361084 23.4192962646484 23.481912612915 23.527286529541 23.5621547698975 23.6044654846191 23.6492557525635 23.6781978607178 23.7048149108887 23.712854385376 23.7194881439209 23.7171745300293 23.7139320373535 23.7081069946289 23.6971035003662 23.6780948638916 23.6524868011475 23.6208267211914 23.5715217590332
-9999 -9999 -9999 -9999 20.4436569213867 20.5084056854248 20.4294719696045 20.8861503601074 21.3772621154785 21.9902992248535 22.5518016815186 22.9160575866699 23.1725482940674 23.2158069610596 23.2333698272705 23.2212867736816 23.2016563415527 23.1768436431885 23.1652011871338 23.1586437225342 23.1670303344727 23.1780529022217 23.2092552185059 23.2388019561768 23.2508735656738 23.2599639892578 23.2593822479248 23.2915592193604 23.3809070587158 23.4619464874268 23.5344371795654 23.5863208770752 23.6256523132324 23.6660194396973 23.7067317962646 23.7462692260742 23.7853565216064 23.7842826843262 23.7826709747314 23.7776393890381 23.7725486755371 23.7672920227051 23.7546310424805 23.7305221557617 23.7018489837646 23.6689834594727 23.6205425262451
