Ecospace-environmental-drivers/Outputs/ASCII-for-ecospace/MOM6-ISIMIP3a/tos/1995-08_tos_MOM6-ISIMIP3a.asc
NCOLS 131 
NROWS 53 
XLLCORNER -98 
YLLCORNER 23.9265270233154 
CELLSIZE 0.133587792515755 
NODATA_value -9999 
[rows 0 to 20 of 53, columns 47 to 93 of 131]
-9999 -9999 -9999 -9999 -9999 -9999 -9999 -9999 -9999 -9999 -9999 -9999 -9999 -9999 -9999 -9999 -9999 -9999 -9999 -9999 -9999 -9999 -9999 -9999 -9999 -9999 -9999 -9999 -9999 -9999 -9999 -9999 -9999 -9999 -9999 -9999 -9999 -9999 -9999 -9999 -9999 -9999 -9999 -9999 -9999 -9999 -9999
-9999 -9999 -9999 -9999 -9999 -9999 -9999 -9999 -9999 -9999 -9999 -9999 -9999 -9999 -9999 -9999 -9999 -9999 -9999 -9999 -9999 -9999 -9999 -9999 -9999 -9999 -9999 -9999 -9999 -9999 -9999 -9999 -9999 -9999 -9999 -9999 -9999 -9999 -9999 -9999 -9999 -9999 -9999 -9999 -9999 -9999 -9999
-9999 -9999 -9999 -9999 -9999 -9999 -9999 -9999 -9999 -9999 -9999 -9999 -9999 -9999 -9999 -9999 -9999 -9999 -9999 -9999 -9999 -9999 -9999 -9999 -9999 -9999 -9999 29.8845348358154 29.8852577209473 -9999 -9999 -9999 -9999 -9999 -9999 -9999 -9999 -9999 -9999 -9999 -9999 -9999 -9999 -9999 -9999 -9999 -9999
-9999 -9999 -9999 -9999 -9999 -9999 -9999 -9999 -9999 -9999 -9999 -9999 -9999 -9999 -9999 -9999 -9999 -9999 -9999 -9999 -9999 -9999 -9999 -9999 -9999 -9999 -9999 29.8844795227051 29.8857002258301 -9999 -9999 -9999 -9999 -9999 -9999 -9999 -9999 -9999 -9999 -9999 -9999 -9999 -9999 -9999 -9999 -9999 -9999
-9999 -9999 -9999 -9999 -9999 -9999 -9999 -9999 -9999 -9999 -9999 -9999 -9999 -9999 -9999 -9999 -9999 -9999 30.0194568634033 30.0102977752686 30.0029697418213 29.9602241516113 29.9280281066895 29.8859157562256 29.8747806549072 29.8818073272705 29.8843784332275 29.8840961456299 29.8849620819092 29.8880386352539 -9999 -9999 29.8350505828857 29.7929191589355 29.74338722229 29.6948223114014 29.6542816162109 29.6214599609375 29.5926628112793 29.5710315704346 29.5683040618896 29.6274662017822 -9999 -9999 -9999 -9999 -9999
-9999 -9999 -9999 -9999 -9999 -9999 -9999 -9999 -9999 -9999 -9999 -9999 -9999 -9999 30.2149982452393 -9999 30.1964168548584 30.1807098388672 30.0956897735596 30.0194568634033 30.0084648132324 30.0029697418213 29.9174766540527 29.863639831543 29.8766307830811 29.884069442749 29.8847217559814 29.8843460083008 29.8832225799561 29.8873195648193 29.893575668335 29.8704280853271 29.8414993286133 29.7932243347168 29.7440338134766 29.6929016113281 29.6475296020508 29.6224155426025 29.5944366455078 29.5611362457275 29.5575218200684 29.5862522125244 29.7386226654053 29.9709949493408 -9999 -9999 -9999
-9999 -9999 -9999 -9999 -9999 -9999 -9999 -9999 -9999 -9999 30.5614185333252 30.5614757537842 30.5606689453125 30.5563316345215 30.3826007843018 30.2166137695312 30.2133808135986 30.1951599121094 30.1807098388672 30.0869045257568 30.0194568634033 30.0029697418213 29.9174766540527 29.863639831543 29.8766307830811 29.884069442749 29.8847217559814 29.8843460083008 29.8832225799561 29.8873195648193 29.893575668335 29.8704280853271 29.8414993286133 29.7932243347168 29.7440338134766 29.6929016113281 29.6475296020508 29.6224155426025 29.5944366455078 29.5611362457275 29.5575218200684 29.5862522125244 29.7386226654053 29.9709949493408 30.0324077606201 30.0837955474854 -9999
-9999 -9999 -9999 -9999 -9999 -9999 -9999 -9999 -9999 -9999 30.561107635498 30.5614185333252 30.5615348815918 -9999 30.5484085083008 30.3755435943604 30.2198486328125 30.2133808135986 30.1913909912109 30.1807098388672 30.0605449676514 29.9498596191406 29.8788433074951 29.8362998962402 29.8538570404053 29.8620300292969 29.8587284088135 29.8558082580566 29.8531665802002 29.8550891876221 29.8589000701904 29.8375396728516 29.8112316131592 29.7574520111084 29.7023887634277 29.6447429656982 29.5941600799561 29.5684051513672 29.5429725646973 29.5181331634521 29.51491355896 29.5352535247803 29.6475963592529 29.8194675445557 30.01051902771 30.208459854126 30.1691379547119
-9999 -9999 -9999 -9999 -9999 -9999 -9999 -9999 -9999 -9999 -9999 -9999 -9999 -9999 30.5540924072266 30.5294818878174 30.3609161376953 30.2263164520264 30.2133808135986 30.180082321167 30.027172088623 29.8931446075439 29.8381481170654 29.8080310821533 29.830436706543 29.8393688201904 29.8318328857422 29.8260154724121 29.8214530944824 29.8205947875977 29.821268081665 29.8013305664062 29.7773418426514 29.7175121307373 29.6560363769531 29.5914745330811 29.5353736877441 29.5090217590332 29.4865245819092 29.4711875915527 29.4686946868896 29.4801940917969 29.5489711761475 29.6548099517822 29.8976650238037 30.1897411346436 30.172233581543
30.9542503356934 -9999 -9999 -9999 -9999 -9999 -9999 -9999 -9999 -9999 30.5857486724854 30.5607872009277 -9999 -9999 -9999 30.5389785766602 30.4875831604004 30.3383235931396 30.2392520904541 30.2306900024414 30.0601329803467 29.9145164489746 29.8732795715332 29.8515644073486 29.8710613250732 29.8788909912109 29.8724594116211 29.8613986968994 29.8469696044922 29.8309135437012 29.8141822814941 29.7764453887939 29.7345771789551 29.6710014343262 29.6069736480713 29.5463695526123 29.4940624237061 29.47092628479 29.4550590515137 29.4526920318604 29.460578918457 29.4796352386475 29.5358905792236 29.6162128448486 29.7883396148682 29.993444442749 30.0602436065674
31.0035972595215 31.0108814239502 -9999 -9999 -9999 -9999 -9999 -9999 -9999 -9999 30.5754547119141 30.5239181518555 30.5607872009277 -9999 -9999 30.5623474121094 30.4931678771973 30.4072360992432 30.3385848999023 30.2641105651855 30.0876293182373 29.9389743804932 29.906774520874 29.8901214599609 29.9062976837158 29.9134044647217 29.909423828125 29.8941192626953 29.870569229126 29.8408355712891 29.8085403442383 29.7556953430176 29.6988105773926 29.6317577362061 29.5651683807373 29.5067710876465 29.4565448760986 29.4350471496582 29.4241676330566 29.4330081939697 29.450231552124 29.4765892028809 29.522554397583 29.5812072753906 29.6905765533447 29.8181629180908 29.9476490020752
31.0035972595215 31.0254497528076 31.053050994873 31.0988388061523 -9999 -9999 -9999 -9999 -9999 -9999 -9999 30.483829498291 30.4891357421875 30.5607872009277 30.5614185333252 30.5623474121094 30.4931678771973 30.4072360992432 30.3073692321777 30.2053413391113 30.0858192443848 29.9799957275391 29.9314937591553 29.9020023345947 29.9126415252686 29.9210548400879 29.9267482757568 29.9125595092773 29.8838863372803 29.8486251831055 29.8106346130371 29.7571258544922 29.7005653381348 29.6314811706543 29.5623016357422 29.4967193603516 29.4393844604492 29.4110450744629 29.3963356018066 29.4069385528564 29.4279117584229 29.4601860046387 29.5078525543213 29.5654754638672 29.6548328399658 29.7555866241455 29.8318138122559
30.9805603027344 31.027099609375 31.0600910186768 31.0995655059814 -9999 -9999 -9999 -9999 30.8108291625977 30.6757507324219 30.5552501678467 30.4547653198242 30.4414730072021 30.4995212554932 30.5175838470459 30.5167083740234 30.4568653106689 30.3829326629639 30.269214630127 30.1553955078125 30.0798683166504 30.0069217681885 29.9447746276855 29.9040107727051 29.908390045166 29.9170875549316 29.9310646057129 29.9198894500732 29.8903923034668 29.8525295257568 29.8112010955811 29.7578983306885 29.7022399902344 29.6317691802979 29.5606231689453 29.4882469177246 29.4240226745605 29.3884525299072 29.369176864624 29.3801555633545 29.4027671813965 29.4380512237549 29.4850673675537 29.5396766662598 29.609977722168 29.6859169006348 29.7252235412598
30.8999328613281 30.977970123291 31.0559158325195 31.0995655059814 31.1368618011475 31.0974674224854 31.0457439422607 30.9313106536865 30.8108291625977 30.6757507324219 30.5552501678467 30.4547653198242 30.3976440429688 30.3760032653809 30.364164352417 30.3569679260254 30.3298034667969 30.2978668212891 30.213716506958 30.1275081634521 30.0635604858398 29.9986095428467 29.9294528961182 29.8813419342041 29.8776569366455 29.8840789794922 29.9028568267822 29.8994445800781 29.8798675537109 29.8467178344727 29.8079471588135 29.7570266723633 29.7037162780762 29.6334667205811 29.5619125366211 29.4837245941162 29.413158416748 29.3693828582764 29.3436946868896 29.3515968322754 29.3705615997314 29.4015808105469 29.4420776367188 29.4887065887451 29.542350769043 29.5985126495361 29.6417465209961
30.7551689147949 30.8433303833008 30.9389553070068 30.9774627685547 31.0075283050537 30.9675598144531 30.917142868042 30.8135757446289 30.7050800323486 30.5846843719482 30.4767322540283 30.3858661651611 30.3129272460938 30.2546520233154 30.2273197174072 30.2146415710449 30.2051429748535 30.196403503418 30.138858795166 30.0787410736084 30.0299644470215 29.9772758483887 29.908224105835 29.8573398590088 29.8448104858398 29.8458251953125 29.8633937835693 29.8637313842773 29.8515186309814 29.8237915039062 29.7896385192871 29.7424793243408 29.6927623748779 29.6252098083496 29.5560646057129 29.4777984619141 29.406343460083 29.3588333129883 29.3287181854248 29.330904006958 29.3441429138184 29.3694267272949 29.4022216796875 29.4398746490479 29.4757423400879 29.5109710693359 29.549295425415
30.5197296142578 30.5877990722656 30.6625366210938 30.6827297210693 30.6953430175781 30.6539878845215 30.6067237854004 30.5293846130371 30.4498157501221 30.3648662567139 30.2872066497803 30.2195587158203 30.1703987121582 30.1363697052002 30.1139106750488 30.0969333648682 30.0838756561279 30.0717525482178 30.0366287231445 30.0004501342773 29.9719219207764 29.937536239624 29.87864112854 29.8314533233643 29.8089790344238 29.8001556396484 29.8080177307129 29.806432723999 29.7979679107666 29.7766647338867 29.7500438690186 29.7085990905762 29.6642379760742 29.6028785705566 29.5401210784912 29.4698867797852 29.4052562713623 29.3603286743164 29.3285884857178 29.3213348388672 29.3259105682373 29.3433742523193 29.366792678833 29.3940601348877 29.4105777740479 29.4232330322266 29.4441585540771
30.3223838806152 30.3698120117188 30.4223670959473 30.4338417053223 30.4396362304688 30.4055805206299 30.3683204650879 30.3147678375244 30.2602500915527 30.2033958435059 30.1503410339355 30.102502822876 30.0686225891113 30.04616355896 30.0259761810303 30.0068683624268 29.9924240112305 29.9790954589844 29.9591217041016 29.9390411376953 29.92405128479 29.9028072357178 29.8553867340088 29.8140354156494 29.7854976654053 29.7693538665771 29.7683601379395 29.7641220092773 29.7575187683105 29.7386627197266 29.7147350311279 29.6758899688721 29.6341133117676 29.5764617919922 29.5178260803223 29.4553089141846 29.3975620269775 29.3565902709961 29.3250503540039 29.3110275268555 29.3087539672852 29.3192844390869 29.3336887359619 29.3505992889404 29.3505706787109 29.3444576263428 29.3483695983887
30.1571197509766 30.1834449768066 30.2127265930176 30.223560333252 30.2314910888672 30.2120456695557 30.1905670166016 30.1587448120117 30.1260070800781 30.0910606384277 30.0578212738037 30.0269241333008 30.0011615753174 29.9796009063721 29.9594955444336 29.9400787353516 29.926082611084 29.9133815765381 29.9024333953857 29.8918476104736 29.8847484588623 29.8722991943359 29.837459564209 29.803747177124 29.7724170684814 29.7510738372803 29.7419414520264 29.7344303131104 29.728099822998 29.708345413208 29.683032989502 29.6441688537598 29.6026401519775 29.54660987854 29.4901828765869 29.435115814209 29.3843021392822 29.3484420776367 29.3186416625977 29.3000984191895 29.2925052642822 29.2968444824219 29.3025417327881 29.3091201782227 29.2949066162109 29.2732257843018 29.2604503631592
30.0301952362061 30.0436820983887 30.0595989227295 30.068920135498 30.0769462585449 30.0682182312012 30.0584659576416 30.0435066223145 30.0277900695801 30.0102462768555 29.9926719665527 29.9750556945801 29.9568309783936 29.9381065368652 29.9197292327881 29.9015140533447 29.8869934082031 29.8733539581299 29.8646335601807 29.8565139770508 29.8522300720215 29.8440284729004 29.8194370269775 29.7934074401855 29.7643394470215 29.7423152923584 29.7289009094238 29.7183170318604 29.7097949981689 29.6873950958252 29.6592502593994 29.6177673339844 29.5736637115479 29.5175857543945 29.4617443084717 29.412540435791 29.3665409088135 29.3318023681641 29.3015899658203 29.2797775268555 29.2698497772217 29.2728691101074 29.2762603759766 29.2798919677734 29.2622833251953 29.2370414733887 29.2151069641113
29.9220352172852 29.9267253875732 29.9341259002686 29.9415092468262 29.9486312866211 29.9487152099609 29.9487075805664 29.9482288360596 29.9472045898438 29.9448566436768 29.94091796875 29.9347915649414 29.9238166809082 29.9088802337646 29.8930358886719 29.8767623901367 29.8612403869629 29.8458957672119 29.8360748291016 29.8269844055176 29.8230285644531 29.8168506622314 29.8013687133789 29.7830429077148 29.7587108612061 29.7382125854492 29.7224063873291 29.7088470458984 29.696928024292 29.6710300445557 29.6393394470215 29.5939693450928 29.5459098815918 29.4889678955078 29.4329166412354 29.3887996673584 29.3465766906738 29.3110084533691 29.2793273925781 29.254861831665 29.2440586090088 29.248140335083 29.2523574829102 29.2566623687744 29.2409324645996 29.2180061340332 29.1905994415283
29.8941097259521 29.8918018341064 29.8921051025391 29.8951511383057 29.8983726501465 29.898754119873 29.8988800048828 29.8977146148682 29.8970432281494 29.8975620269775 29.8974685668945 29.8965377807617 29.89111328125 29.8820152282715 29.8699836730957 29.856559753418 29.8427314758301 29.8288040161133 29.8198719024658 29.8114986419678 29.8062400817871 29.7995758056641 29.7870388031006 29.7721157073975 29.7521553039551 29.7335586547852 29.7166328430176 29.699104309082 29.6811351776123 29.650520324707 29.6146678924561 29.5675678253174 29.5182571411133 29.4641876220703 29.4112644195557 29.371265411377 29.3319873809814 29.2952365875244 29.2602558135986 29.2285614013672 29.2129783630371 29.2149505615234 29.2204284667969 29.2281703948975 29.2208671569824 29.208158493042 29.1830234527588
