Ecospace-environmental-drivers/Outputs/ASCII-for-ecospace/MOM6-ISIMIP3a/tos/1995-01_tos_MOM6-ISIMIP3a.asc
NCOLS 131 
NROWS 53 
XLLCORNER -98 
YLLCORNER 23.9265270233154 
CELLSIZE 0.133587792515755 
NODATA_value -9999 
[rows 0 to 20 of 53, columns 47 to 93 of 131]
-9999 -9999 -9999 -9999 -9999 -9999 -9999 -9999 -9999 -9999 -9999 -9999 -9999 -9999 -9999 -9999 -9999 -9999 -9999 -9999 -9999 -9999 -9999 -9999 -9999 -9999 -9999 -9999 -9999 -9999 -9999 -9999 -9999 -9999 -9999 -9999 -9999 -9999 -9999 -9999 -9999 -9999 -9999 -9999 -9999 -9999 -9999
-9999 -9999 -9999 -9999 -9999 -9999 -9999 -9999 -9999 -9999 -9999 -9999 -9999 -9999 -9999 -9999 -9999 -9999 -9999 -9999 -9999 -9999 -9999 -9999 -9999 -9999 -9999 -9999 -9999 -9999 -9999 -9999 -9999 -9999 -9999 -9999 -9999 -9999 -9999 -9999 -9999 -9999 -9999 -9999 -9999 -9999 -9999
-9999 -9999 -9999 -9999 -9999 -9999 -9999 -9999 -9999 -9999 -9999 -9999 -9999 -9999 -9999 -9999 -9999 -9999 -9999 -9999 -9999 -9999 -9999 -9999 -9999 -9999 -9999 14.7242221832275 14.7600288391113 -9999 -9999 -9999 -9999 -9999 -9999 -9999 -9999 -9999 -9999 -9999 -9999 -9999 -9999 -9999 -9999 -9999 -9999
-9999 -9999 -9999 -9999 -9999 -9999 -9999 -9999 -9999 -9999 -9999 -9999 -9999 -9999 -9999 -9999 -9999 -9999 -9999 -9999 -9999 -9999 -9999 -9999 -9999 -9999 -9999 14.7006502151489 14.7031288146973 -9999 -9999 -9999 -9999 -9999 -9999 -9999 -9999 -9999 -9999 -9999 -9999 -9999 -9999 -9999 -9999 -9999 -9999
-9999 -9999 -9999 -9999 -9999 -9999 -9999 -9999 -9999 -9999 -9999 -9999 -9999 -9999 -9999 -9999 -9999 -9999 13.9856662750244 14.0226078033447 14.0521612167358 14.224552154541 14.3791418075562 14.6507387161255 14.8218679428101 14.8552312850952 14.7876758575439 14.6637496948242 14.6505260467529 14.795111656189 -9999 -9999 16.3799819946289 17.0697040557861 17.677906036377 18.1496429443359 18.3767147064209 18.4362106323242 18.3294219970703 18.0810852050781 17.6078395843506 16.9882717132568 -9999 -9999 -9999 -9999 -9999
-9999 -9999 -9999 -9999 -9999 -9999 -9999 -9999 -9999 -9999 -9999 -9999 -9999 -9999 14.8262758255005 -9999 14.6130084991455 14.4343795776367 14.2341613769531 13.9856662750244 14.0299959182739 14.0521612167358 14.3969440460205 14.6883211135864 14.8669509887695 14.9103326797485 14.7884111404419 14.6642847061157 14.538553237915 14.748740196228 15.0980424880981 15.7030544281006 16.3583316802979 17.0785579681396 17.7722244262695 18.1829357147217 18.4937705993652 18.4534397125244 18.3614196777344 18.1734066009521 17.7084274291992 16.941686630249 16.3147010803223 15.7781438827515 -9999 -9999 -9999
-9999 -9999 -9999 -9999 -9999 -9999 -9999 -9999 -9999 -9999 17.0181560516357 17.021577835083 17.0245094299316 17.0336017608643 15.9385414123535 14.8501033782959 14.8024492263794 14.6021976470947 14.4343795776367 14.2824373245239 13.9856662750244 14.0521612167358 14.3969440460205 14.6883211135864 14.8669509887695 14.9103326797485 14.7884111404419 14.6642847061157 14.538553237915 14.748740196228 15.0980424880981 15.7030544281006 16.3583316802979 17.0785579681396 17.7722244262695 18.1829357147217 18.4937705993652 18.4534397125244 18.3614196777344 18.1734066009521 17.7084274291992 16.941686630249 16.3147010803223 15.7781438827515 15.636342048645 16.1008129119873 -9999
-9999 -9999 -9999 -9999 -9999 -9999 -9999 -9999 -9999 -9999 16.9998073577881 17.0181560516357 17.0249996185303 -9999 17.045431137085 15.9643526077271 14.8977565765381 14.8024492263794 14.5697641372681 14.4343795776367 14.4272651672363 14.5013036727905 14.9149789810181 15.2707147598267 15.5041360855103 15.5803480148315 15.4644155502319 15.3291311264038 15.1797494888306 15.4418973922729 15.8744745254517 16.516393661499 17.199462890625 17.834300994873 18.4435157775879 18.8198623657227 19.1235408782959 19.1717147827148 19.1610908508301 19.0412769317627 18.6879272460938 18.0801372528076 17.5031108856201 16.9459915161133 16.521484375 16.1446113586426 15.9991645812988
-9999 -9999 -9999 -9999 -9999 -9999 -9999 -9999 -9999 -9999 -9999 -9999 -9999 -9999 17.0411186218262 17.0633277893066 16.017110824585 14.9930648803711 14.8024492263794 14.4724636077881 14.7189302444458 15.0113010406494 15.4957866668701 15.9181957244873 16.2095546722412 16.320915222168 16.2122783660889 16.0653743743896 15.8905973434448 16.2094879150391 16.7328243255615 17.4122791290283 18.1224212646484 18.6622009277344 19.177490234375 19.5151481628418 19.809986114502 19.9542598724365 20.0322303771973 19.9870643615723 19.7570724487305 19.3257102966309 18.806489944458 18.2304248809814 17.3080272674561 16.2612228393555 15.9140634536743
14.3869590759277 -9999 -9999 -9999 -9999 -9999 -9999 -9999 -9999 -9999 16.9925746917725 16.9810009002686 -9999 -9999 -9999 17.0596694946289 17.0847797393799 16.1455955505371 15.1836795806885 15.2398633956909 15.5631675720215 15.893590927124 16.2538089752197 16.578369140625 16.8276538848877 16.9289512634277 16.8493785858154 16.7173671722412 16.5471572875977 16.889066696167 17.4430599212646 18.0419788360596 18.649730682373 19.0881977081299 19.5064296722412 19.7882232666016 20.044002532959 20.208309173584 20.3120021820068 20.3031311035156 20.1735172271729 19.9123439788818 19.5289897918701 19.0665740966797 18.1873016357422 17.1582851409912 16.3981304168701
14.4137563705444 14.4177122116089 -9999 -9999 -9999 -9999 -9999 -9999 -9999 -9999 17.1047534942627 17.315055847168 16.9810009002686 -9999 -9999 17.0729103088379 17.0879421234131 17.09348487854 16.5604190826416 16.0509281158447 16.4231147766113 16.7684211730957 17.0012168884277 17.2241516113281 17.4262638092041 17.5153865814209 17.4664115905762 17.363187789917 17.2204494476318 17.5702438354492 18.1240119934082 18.6288795471191 19.1241359710693 19.4662227630615 19.7932968139648 20.0291328430176 20.2537174224854 20.4387397766113 20.5683097839355 20.594898223877 20.5586051940918 20.4538021087646 20.2042255401611 19.8609752655029 19.054162979126 18.08083152771 16.9936981201172
14.4137563705444 14.4256238937378 14.8720350265503 15.1456937789917 -9999 -9999 -9999 -9999 -9999 -9999 -9999 17.603271484375 17.5025520324707 16.9810009002686 17.0181560516357 17.0729103088379 17.0879421234131 17.09348487854 17.0863094329834 17.0962066650391 17.3673305511475 17.6032276153564 17.6916980743408 17.79274559021 17.9203433990479 17.985954284668 17.9758071899414 17.9759140014648 17.9834880828857 18.2600021362305 18.6478958129883 18.9862060546875 19.314769744873 19.5869293212891 19.8544902801514 20.097505569458 20.333080291748 20.5424919128418 20.6987533569336 20.756311416626 20.7755165100098 20.7529335021973 20.6259613037109 20.4314403533936 19.8544540405273 19.1400775909424 18.1873416900635
14.5486755371094 14.7994565963745 15.1091938018799 15.1538648605347 -9999 -9999 -9999 -9999 15.88747215271 16.543607711792 17.1816730499268 17.7949275970459 17.8332118988037 17.4010696411133 17.3087215423584 17.3773250579834 17.375467300415 17.3567714691162 17.692964553833 18.040454864502 18.197509765625 18.3216247558594 18.3078765869141 18.3180751800537 18.3788223266602 18.4241142272949 18.4505138397217 18.5263576507568 18.6382179260254 18.8471565246582 19.0962982177734 19.3094482421875 19.5155220031738 19.7351684570312 19.9572334289551 20.1980075836182 20.4339275360107 20.6527824401855 20.825626373291 20.9130210876465 20.9791107177734 21.0219860076904 20.9985866546631 20.9323062896729 20.5874366760254 20.1424942016602 19.3838863372803
15.0209007263184 15.0706415176392 15.1322355270386 15.1538648605347 15.1740226745605 15.2648859024048 15.3719425201416 15.5613670349121 15.88747215271 16.543607711792 17.1816730499268 17.7949275970459 18.1224346160889 18.2161483764648 18.3257179260254 18.442798614502 18.381814956665 18.2782859802246 18.5015392303467 18.7321186065674 18.7425975799561 18.7489910125732 18.7382946014404 18.7352352142334 18.7483005523682 18.7812461853027 18.8384876251221 18.9210910797119 19.0221691131592 19.1777896881104 19.3559970855713 19.5474796295166 19.741569519043 19.9522361755371 20.1638565063477 20.3788299560547 20.5884799957275 20.7794208526611 20.9435729980469 21.0579776763916 21.1494159698486 21.2158336639404 21.248441696167 21.2591705322266 21.1521472930908 21.0028247833252 20.5876865386963
15.7407970428467 15.6398515701294 15.5222721099854 15.5027990341187 15.4969940185547 15.5890693664551 15.7031888961792 15.929443359375 16.2827682495117 16.9429149627686 17.5869445800781 18.2088451385498 18.6631622314453 18.9803657531738 19.1342430114746 19.2107582092285 19.1154289245605 18.9790420532227 19.1119155883789 19.2500667572021 19.1958351135254 19.1500453948975 19.1395893096924 19.1267890930176 19.1090431213379 19.1300373077393 19.1983776092529 19.281831741333 19.3762950897217 19.5011234283447 19.6385269165039 19.8207550048828 20.0117931365967 20.2157764434814 20.4188938140869 20.6088752746582 20.7931518554688 20.9573726654053 21.1083889007568 21.2348823547363 21.3367748260498 21.4118595123291 21.4770545959473 21.535852432251 21.5773067474365 21.6125316619873 21.4407577514648
16.8108558654785 16.6304149627686 16.431173324585 16.345064163208 16.2765884399414 16.3715877532959 16.502758026123 16.8179130554199 17.2369403839111 17.9067707061768 18.5651969909668 19.2079658508301 19.5594730377197 19.6726741790771 19.6480293273926 19.5580902099609 19.4634494781494 19.3676853179932 19.4420719146729 19.5224094390869 19.5192165374756 19.5139026641846 19.4997100830078 19.4821395874023 19.4574375152588 19.4670372009277 19.5185604095459 19.5945129394531 19.6882572174072 19.8141403198242 19.9533309936523 20.143856048584 20.3444728851318 20.5450248718262 20.7423801422119 20.9085140228271 21.0686817169189 21.2078742980957 21.339469909668 21.4569606781006 21.5482387542725 21.6109619140625 21.6756401062012 21.7415866851807 21.8051662445068 21.8678970336914 21.7979621887207
17.8773307800293 17.6952705383301 17.499324798584 17.3924560546875 17.3012962341309 17.3880558013916 17.5123291015625 17.8274307250977 18.2188587188721 18.7945919036865 19.3674983978271 19.9365215301514 20.1981410980225 20.208251953125 20.0988349914551 19.9328022003174 19.8493595123291 19.7856521606445 19.824649810791 19.8673152923584 19.8606643676758 19.8518218994141 19.8338108062744 19.8130149841309 19.7863349914551 19.7972183227539 19.8540153503418 19.9326076507568 20.0270748138428 20.15256690979 20.2909088134766 20.4873485565186 20.6952114105225 20.8775520324707 21.0551567077637 21.1957187652588 21.3310260772705 21.4478626251221 21.5606498718262 21.6659164428711 21.747974395752 21.8047485351562 21.8643493652344 21.9257831573486 21.9904193878174 22.0562076568604 22.0367660522461
18.940788269043 18.8226890563965 18.7015838623047 18.6125926971436 18.5324192047119 18.6015357971191 18.6987495422363 18.9388828277588 19.2241458892822 19.6183853149414 20.0216274261475 20.4372291564941 20.6198463439941 20.6118412017822 20.496603012085 20.3305721282959 20.2671813964844 20.2283153533936 20.251371383667 20.2733249664307 20.2173233032227 20.1678981781006 20.1460018157959 20.1232776641846 20.0988101959229 20.1216583251953 20.2023315429688 20.292106628418 20.3885116577148 20.5123958587646 20.6476593017578 20.8480129241943 21.0611610412598 21.2128410339355 21.3589153289795 21.4724521636963 21.5822677612305 21.6789989471436 21.7734909057617 21.8638229370117 21.9378337860107 21.9940567016602 22.0447425842285 22.0918445587158 22.1397953033447 22.1880493164062 22.1758632659912
19.7930221557617 19.7157402038574 19.6350288391113 19.57546043396 19.521614074707 19.563850402832 19.6240692138672 19.7757701873779 19.9596405029297 20.2211933135986 20.4898548126221 20.7682781219482 20.8998928070068 20.9113903045654 20.8268032073975 20.6967029571533 20.6567001342773 20.6382236480713 20.6598720550537 20.678674697876 20.6159477233887 20.5564289093018 20.5103359222412 20.4691982269287 20.4385223388672 20.4643402099609 20.5592041015625 20.6687278747559 20.7889251708984 20.934061050415 21.0895252227783 21.2797317504883 21.476770401001 21.5792140960693 21.6758327484131 21.7497539520264 21.8245754241943 21.9025573730469 21.9806709289551 22.0590267181396 22.1257152557373 22.1796875 22.2231731414795 22.2598724365234 22.2921810150146 22.3229141235352 22.3077144622803
20.5418891906738 20.4940986633301 20.4369239807129 20.4124279022217 20.3924198150635 20.4032516479492 20.4216156005859 20.4782943725586 20.5631065368652 20.7158546447754 20.8671054840088 21.0163040161133 21.11061668396 21.1600246429443 21.1239376068115 21.0473518371582 21.0323696136475 21.0321044921875 21.059455871582 21.0837020874023 21.0351085662842 20.9804153442383 20.9001865386963 20.8325672149658 20.791561126709 20.8159503936768 20.9202651977539 21.0537261962891 21.2084159851074 21.3859901428223 21.5730400085449 21.746223449707 21.9166812896729 21.9608001708984 21.9991893768311 22.0273361206055 22.0625133514404 22.1224098205566 22.1850814819336 22.252908706665 22.312629699707 22.3635196685791 22.4006443023682 22.4288635253906 22.4460430145264 22.4592571258545 22.4360179901123
21.035551071167 21.016939163208 20.9859008789062 20.9574661254883 20.9301509857178 20.9258670806885 20.9266262054443 20.9530429840088 20.9991683959961 21.092887878418 21.1830539703369 21.2683429718018 21.3428287506104 21.4084777832031 21.40895652771 21.3785667419434 21.3880233764648 21.4069995880127 21.418737411499 21.4273319244385 21.3974266052246 21.3655014038086 21.3251209259033 21.2921695709229 21.2749080657959 21.3032169342041 21.3872222900391 21.514684677124 21.6738014221191 21.831356048584 21.9882659912109 22.1076736450195 22.2197113037109 22.246545791626 22.2688255310059 22.2774505615234 22.2938823699951 22.3377590179443 22.3857231140137 22.4412822723389 22.4929828643799 22.5404834747314 22.5740795135498 22.5986766815186 22.6086177825928 22.6132965087891 22.583833694458
