Ecospace-environmental-drivers/Outputs/ASCII-for-ecospace/MOM6-ISIMIP3a/tos/1995-10_tos_MOM6-ISIMIP3a.asc
NCOLS 131 
NROWS 53 
XLLCORNER -98 
YLLCORNER 23.9265270233154 
CELLSIZE 0.133587792515755 
NODATA_value -9999 
[rows 21 to 41 of 53, columns 47 to 93 of 131]
26.8492450714111 26.8427658081055 26.8354454040527 26.8272800445557 26.8183727264404 26.7918376922607 26.7672595977783 26.752628326416 26.7404403686523 26.7341442108154 26.7315979003906 26.734203338623 26.7296085357666 26.719123840332 26.7431182861328 26.7834453582764 26.8294334411621 26.8767776489258 26.9078979492188 26.9379138946533 26.9681091308594 26.997730255127 27.0249519348145 27.040657043457 27.032054901123 27.0048751831055 26.9549903869629 26.8929672241211 26.8221035003662 26.7616882324219 26.7056007385254 26.6761684417725 26.6519775390625 26.6450080871582 26.6392002105713 26.6384944915771 26.6375350952148 26.635669708252 26.6330261230469 26.6289386749268 26.6275043487549 26.6289596557617 26.6509037017822 26.6861038208008 26.7620849609375 26.8527126312256 26.9964733123779
26.8962478637695 26.8905277252197 26.8844108581543 26.8796997070312 26.874475479126 26.8515739440918 26.830638885498 26.8197021484375 26.8122959136963 26.8134155273438 26.8177719116211 26.8265724182129 26.8285980224609 26.8250789642334 26.8462963104248 26.8792304992676 26.9101428985596 26.9405727386475 26.9621906280518 26.9833145141602 27.0060901641846 27.0276908874512 27.0443801879883 27.0489597320557 27.0279750823975 26.9939785003662 26.9440822601318 26.8902568817139 26.833568572998 26.7903327941895 26.7526683807373 26.7362594604492 26.7240314483643 26.7239513397217 26.7244567871094 26.7262592315674 26.7274761199951 26.7266368865967 26.7238426208496 26.7174205780029 26.7098026275635 26.7008781433105 26.7081432342529 26.7258834838867 26.7777404785156 26.841854095459 26.9549789428711
26.9426326751709 26.93674659729 26.930871963501 26.928560256958 26.9260082244873 26.9070796966553 26.8901348114014 26.8832664489746 26.8808326721191 26.8891010284424 26.9000282287598 26.914608001709 26.9225234985352 26.9249877929688 26.9424438476562 26.9670009613037 26.9824504852295 26.9957237243652 27.0086498260498 27.0217628479004 27.0379104614258 27.0523281097412 27.0595054626465 27.0541076660156 27.0221614837646 26.983003616333 26.9350280761719 26.8912696838379 26.8505821228027 26.8255825042725 26.8070831298828 26.8038501739502 26.8036193847656 26.8098812103271 26.816125869751 26.8198699951172 26.822811126709 26.8229293823242 26.8199882507324 26.8113651275635 26.7980003356934 26.7794723510742 26.7729015350342 26.7740707397461 26.8021984100342 26.8400115966797 26.9210948944092
27.0019302368164 27.0005168914795 26.9991779327393 26.9950637817383 26.990255355835 26.9744625091553 26.9607200622559 26.9574146270752 26.9580497741699 26.9681968688965 26.9744663238525 26.975414276123 26.9765033721924 26.9777069091797 26.9870452880859 27.0002346038818 27.0061054229736 27.0102310180664 27.0193252563477 27.0291366577148 27.0443935394287 27.0575180053711 27.0617218017578 27.0568618774414 27.0328750610352 27.0060405731201 26.9757232666016 26.9535884857178 26.9374141693115 26.9354457855225 26.9393615722656 26.9487113952637 26.9591293334961 26.9658279418945 26.9718418121338 26.9724960327148 26.9730358123779 26.9731674194336 26.9692573547363 26.9578380584717 26.9423637390137 26.9224700927734 26.9095230102539 26.9010715484619 26.9031791687012 26.9090805053711 26.952054977417
27.062141418457 27.0640316009521 27.06614112854 27.0612411499023 27.0554046630859 27.043607711792 27.0336360931396 27.0329418182373 27.0352191925049 27.0446720123291 27.0456829071045 27.0351066589355 27.0299968719482 27.0293636322021 27.0307598114014 27.0331172943115 27.0316143035889 27.0291881561279 27.0368347167969 27.0456600189209 27.0615940093994 27.0752563476562 27.0794200897217 27.0779075622559 27.0644111633301 27.0520935058594 27.0412158966064 27.0413856506348 27.0496044158936 27.0692939758301 27.0937366485596 27.1130828857422 27.1314258575439 27.1370582580566 27.1414184570312 27.1379680633545 27.1349449157715 27.1334266662598 27.1277256011963 27.1142635345459 27.0978622436523 27.0782566070557 27.0608596801758 27.0448913574219 27.0234088897705 26.9999485015869 27.0033473968506
27.1263637542725 27.126428604126 27.1272010803223 27.125997543335 27.1244983673096 27.1204853057861 27.1167640686035 27.1145191192627 27.1121921539307 27.1096630096436 27.1027793884277 27.089916229248 27.0813694000244 27.0763530731201 27.0705890655518 27.064474105835 27.0652465820312 27.0676651000977 27.0843048095703 27.1022987365723 27.1257820129395 27.1480159759521 27.1650123596191 27.1791477203369 27.1872444152832 27.1990661621094 27.2154445648193 27.2409019470215 27.2729721069336 27.3083057403564 27.3449935913086 27.3630027770996 27.3773422241211 27.3752937316895 27.371768951416 27.3597621917725 27.3480968475342 27.3376274108887 27.326545715332 27.3143215179443 27.302173614502 27.290111541748 27.2767143249512 27.2624568939209 27.2280406951904 27.1863861083984 27.1437854766846
27.2008514404297 27.2004508972168 27.2016792297363 27.2043552398682 27.2071342468262 27.2087593078613 27.2090187072754 27.2023334503174 27.1934623718262 27.1793174743652 27.164945602417 27.1502571105957 27.1406345367432 27.1351547241211 27.1287231445312 27.1218414306641 27.1283302307129 27.1380157470703 27.1641731262207 27.1917858123779 27.2241096496582 27.2558288574219 27.2850112915039 27.3131637573242 27.3391399383545 27.3699188232422 27.4065647125244 27.4490776062012 27.4958648681641 27.5392227172852 27.5811614990234 27.5975036621094 27.608814239502 27.60231590271 27.5942249298096 27.5770130157471 27.5599880218506 27.5436172485352 27.5298404693604 27.5208740234375 27.5147190093994 27.511625289917 27.5023021697998 27.4889507293701 27.4415588378906 27.3819389343262 27.2952098846436
27.2977447509766 27.299840927124 27.3054294586182 27.3123836517334 27.3193130493164 27.3218975067139 27.3211917877197 27.3037528991699 27.2841110229492 27.259147644043 27.2381725311279 27.2226696014404 27.2171268463135 27.2197341918945 27.2267932891846 27.2359600067139 27.2556743621826 27.2779064178467 27.3147277832031 27.3529453277588 27.3969249725342 27.440128326416 27.4800834655762 27.5186901092529 27.5544490814209 27.592866897583 27.6345329284668 27.6761474609375 27.7177238464355 27.752477645874 27.7844066619873 27.7983570098877 27.8087730407715 27.8048763275146 27.7994594573975 27.7843475341797 27.7691249847412 27.7535057067871 27.7429008483887 27.7416038513184 27.7452278137207 27.7542133331299 27.7491245269775 27.7349262237549 27.6744651794434 27.5973854064941 27.4706077575684
27.400691986084 27.4085159301758 27.4200325012207 27.4277324676514 27.4347057342529 27.4325866699219 27.4265365600586 27.400505065918 27.3738803863525 27.3458251953125 27.3267459869385 27.3199882507324 27.3260173797607 27.3425045013428 27.3628692626953 27.3850708007812 27.4135570526123 27.443546295166 27.4830951690674 27.523624420166 27.56884765625 27.6131992340088 27.6538963317871 27.693416595459 27.7304458618164 27.769229888916 27.8101558685303 27.8488464355469 27.8859062194824 27.9154758453369 27.9419441223145 27.955924987793 27.9674530029297 27.9670944213867 27.9652729034424 27.9534740447998 27.9412670135498 27.9276256561279 27.9203090667725 27.9247417449951 27.935037612915 27.9517230987549 27.9490165710449 27.9337615966797 27.8601913452148 27.7656764984131 27.6104259490967
27.5112552642822 27.5288772583008 27.5482883453369 27.5522956848145 27.554141998291 27.5401916503906 27.5232906341553 27.4913806915283 27.4625415802002 27.4411144256592 27.4346256256104 27.4486446380615 27.4756641387939 27.5133209228516 27.546760559082 27.5782012939453 27.60986328125 27.6415767669678 27.6738739013672 27.7062797546387 27.7396507263184 27.7721424102783 27.8009624481201 27.8293895721436 27.8569850921631 27.88698387146 27.919921875 27.9531402587891 27.9865627288818 28.015251159668 28.0419788360596 28.0590381622314 28.074197769165 28.0785541534424 28.0814971923828 28.0745315551758 28.0668678283691 28.0567436218262 28.0528659820557 28.0605850219727 28.0736427307129 28.0925178527832 28.0898685455322 28.0732917785645 27.9865646362305 27.874641418457 27.7054824829102
27.5984916687012 27.620677947998 27.6425151824951 27.6443881988525 27.6435508728027 27.6247043609619 27.6041717529297 27.5750579833984 27.5521125793457 27.5440578460693 27.5519351959229 27.5816802978516 27.6203479766846 27.6663188934326 27.7044486999512 27.7388648986816 27.76784324646 27.7955207824707 27.8166332244873 27.8371829986572 27.856086730957 27.8745765686035 27.8913307189941 27.9097690582275 27.9317665100098 27.9574184417725 27.9875354766846 28.0194053649902 28.0525493621826 28.0822811126709 28.1105995178223 28.1308269500732 28.1494617462158 28.1576766967773 28.1644630432129 28.1610794067383 28.1567344665527 28.1490135192871 28.1463012695312 28.1528873443604 28.1649055480957 28.18284034729 28.1785907745361 28.159984588623 28.065013885498 27.9426116943359 27.7735538482666
27.66823387146 27.6910591125488 27.7112197875977 27.7121257781982 27.7104377746582 27.6919002532959 27.673152923584 27.6533374786377 27.6423645019531 27.6527423858643 27.6763153076172 27.7180004119873 27.7613124847412 27.8059520721436 27.8424835205078 27.8751735687256 27.8970756530762 27.9163990020752 27.9233779907227 27.929271697998 27.9317512512207 27.9346294403076 27.939172744751 27.9484519958496 27.9677295684814 27.992359161377 28.0235347747803 28.0571460723877 28.0925331115723 28.1247520446777 28.1556606292725 28.1791191101074 28.2011165618896 28.2125453948975 28.2224884033203 28.2217426300049 28.219799041748 28.2136459350586 28.2103958129883 28.2125339508057 28.2206592559814 28.2353096008301 28.2282161712646 28.207052230835 28.1075191497803 27.9798336029053 27.821382522583
27.7060451507568 27.7303314208984 27.7515983581543 27.7560424804688 27.7582416534424 27.7463397979736 27.7349967956543 27.726490020752 27.7259883880615 27.744815826416 27.7729053497314 27.8137035369873 27.8546447753906 27.8957004547119 27.9285926818848 27.9576168060303 27.9731063842773 27.9853591918945 27.983304977417 27.9799938201904 27.9727077484131 27.9666175842285 27.9655323028564 27.9714603424072 27.9921913146973 28.0198822021484 28.0560741424561 28.0943260192871 28.1340770721436 28.1698532104492 28.2039833068848 28.2301559448242 28.2547645568848 28.2668304443359 28.2773685455322 28.2775230407715 28.2761745452881 28.2695426940918 28.2639923095703 28.2604522705078 28.2633285522461 28.273193359375 28.2657527923584 28.2471141815186 28.1485824584961 28.0213489532471 27.8690738677979
27.7301731109619 27.7562675476074 27.7798366546631 27.7897472381592 27.7978649139404 27.7953128814697 27.7937812805176 27.7974433898926 27.806770324707 27.8297729492188 27.8575839996338 27.8920001983643 27.927562713623 27.9640655517578 27.9924449920654 28.016975402832 28.0263347625732 28.0320682525635 28.0231685638428 28.0129871368408 27.9987888336182 27.9865779876709 27.9826850891113 27.9877490997314 28.0117282867432 28.0442237854004 28.0871315002441 28.1312637329102 28.176290512085 28.2160816192627 28.2537040710449 28.2823657989502 28.3092670440674 28.3208656311035 28.3309001922607 28.3312110900879 28.329683303833 28.3216934204102 28.3130893707275 28.3033466339111 28.3003883361816 28.3048248291016 28.2981071472168 28.2841739654541 28.1890258789062 28.0647048950195 27.9167041778564
27.7380504608154 27.7658290863037 27.7917785644531 27.8079662322998 27.8228302001953 27.8288745880127 27.8352737426758 27.8434715270996 27.855827331543 27.8782253265381 27.9039058685303 27.9340953826904 27.9647846221924 27.9958820343018 28.0186443328857 28.0374603271484 28.0426921844482 28.044677734375 28.0346183776855 28.0234756469727 28.0086135864258 27.9966011047363 27.9965152740479 28.0071792602539 28.0405349731445 28.0816230773926 28.1321620941162 28.1824817657471 28.2326393127441 28.2753944396973 28.3150825500488 28.3436584472656 28.3700504302979 28.3802242279053 28.388843536377 28.3881244659424 28.385440826416 28.3758544921875 28.3645629882812 28.3501033782959 28.3411712646484 28.3382625579834 28.3305034637451 28.3196086883545 28.2327842712402 28.1186847686768 27.9696731567383
27.7425632476807 27.7719993591309 27.8003482818604 27.8229827880859 27.8447608947754 27.8592472076416 27.8731861114502 27.8843383789062 27.8983192443848 27.9191246032715 27.9422912597656 27.9687004089355 27.9946193695068 28.0201358795166 28.0370559692383 28.0499019622803 28.051420211792 28.0502300262451 28.0401878356934 28.0293064117432 28.0150718688965 28.004566192627 28.0096588134766 28.0272598266602 28.0712604522705 28.1217231750488 28.1800842285156 28.2366523742676 28.2919120788574 28.3374137878418 28.3788738250732 28.4068298339844 28.4321327209473 28.4406871795654 28.4476985931396 28.4457035064697 28.4416656494141 28.4304332733154 28.4165287017822 28.3976612091064 28.3827247619629 28.3720741271973 28.362907409668 28.3547058105469 28.2772274017334 28.1748638153076 28.0237483978271
27.7250823974609 27.7521266937256 27.7789573669434 27.8044471740723 27.8297214508057 27.8529071807861 27.8752613067627 27.8933906555176 27.9120941162109 27.9321937561035 27.9529838562012 27.9747295379639 27.9956302642822 28.0158405303955 28.0270462036133 28.0339889526367 28.0333728790283 28.0309524536133 28.0228538513184 28.0144424438477 28.0071697235107 28.0045223236084 28.0212383270264 28.0516586303711 28.1110076904297 28.17214012146 28.2354526519775 28.2954368591309 28.3529949188232 28.3980312347412 28.4378795623779 28.4611701965332 28.4812049865723 28.4871253967285 28.4918212890625 28.4896564483643 28.4857120513916 28.4754981994629 28.4621849060059 28.4431133270264 28.4253616333008 28.409049987793 28.3965702056885 28.3865699768066 28.314962387085 28.2212257385254 28.0695877075195
27.7053756713867 27.7294807434082 27.7542037963867 27.7819271087646 27.810079574585 27.8415470123291 27.8720188140869 27.8974304199219 27.9212474822998 27.9412097930908 27.9600734710693 27.9774284362793 27.993501663208 28.0085277557373 28.0142230987549 28.0154972076416 28.0129795074463 28.0095558166504 28.0037269592285 27.9981384277344 27.9984264373779 28.0042972564697 28.0335178375244 28.0772895812988 28.1517791748047 28.2232093811035 28.2908992767334 28.3537712097168 28.4131317138672 28.4571590423584 28.4948348999023 28.5131740570068 28.5277099609375 28.5308780670166 28.5331535339355 28.5308303833008 28.5270500183105 28.5181484222412 28.5058078765869 28.4870853424072 28.4670639038086 28.445629119873 28.4298706054688 28.4177856445312 28.3513450622559 28.2653827667236 28.1135177612305
27.6724224090576 27.6897106170654 27.707893371582 27.7329406738281 27.7590255737305 27.794189453125 27.8291721343994 27.8632373809814 27.89479637146 27.9203033447266 27.9419460296631 27.9582786560059 27.9716777801514 27.9826755523682 27.9849376678467 27.9830646514893 27.9803314208984 27.9773960113525 27.9764232635498 27.9763622283936 27.9875926971436 28.0059299468994 28.0540065765381 28.1140022277832 28.1991577148438 28.2762928009033 28.3436241149902 28.405101776123 28.4623146057129 28.5010757446289 28.5321941375732 28.5444660186768 28.5530338287354 28.5526695251465 28.5517692565918 28.5488624572754 28.5453224182129 28.5395545959473 28.5307464599609 28.5162868499756 28.4982929229736 28.4764461517334 28.4587020874023 28.4436130523682 28.3764953613281 28.2906875610352 28.1410350799561
27.6416606903076 27.6509742736816 27.6612586975098 27.6823024749756 27.7049865722656 27.7422313690186 27.7801418304443 27.8214435577393 27.8598079681396 27.8910789489746 27.9161548614502 27.9327201843262 27.9446144104004 27.9526863098145 27.9529266357422 27.9494590759277 27.9476432800293 27.9462223052979 27.9504261016846 27.9561672210693 27.9786682128906 28.0096092224121 28.0758743286133 28.151252746582 28.2458686828613 28.3277835845947 28.3941783905029 28.4535655975342 28.507848739624 28.5409812927246 28.5653553009033 28.5711879730225 28.5733776092529 28.5689754486084 28.5644702911377 28.5613288879395 28.5583782196045 28.5560913085938 28.5511798858643 28.541389465332 28.5260429382324 28.5046405792236 28.4852905273438 28.4672718048096 28.3984756469727 28.3114414215088 28.1643867492676
27.6189365386963 27.616024017334 27.6134281158447 27.6256065368652 27.6400012969971 27.6734027862549 27.7084350585938 27.751781463623 27.793514251709 27.8313541412354 27.8622646331787 27.8836612701416 27.8983421325684 27.9075298309326 27.9109191894531 27.9115619659424 27.9148025512695 27.918664932251 27.9292163848877 27.9417667388916 27.9767436981201 28.020788192749 28.1027946472168 28.1904735565186 28.2901248931885 28.3734359741211 28.4367790222168 28.4915218353271 28.540002822876 28.5661773681641 28.5831127166748 28.581148147583 28.5754661560059 28.5651702880859 28.5554828643799 28.5533905029297 28.5523071289062 28.5547695159912 28.5550975799561 28.5514602661133 28.5410346984863 28.5232124328613 28.5036544799805 28.4829750061035 28.4088401794434 28.3155059814453 28.1724758148193
