Ecospace-environmental-drivers/Outputs/ASCII-for-ecospace/MOM6-ISIMIP3a/tos/1996-09_tos_MOM6-ISIMIP3a.asc
NCOLS 131 
NROWS 53 
XLLCORNER -98 
YLLCORNER 23.9265270233154 
CELLSIZE 0.133587792515755 
NODATA_value -9999 
[rows 21 to 41 of 53, columns 47 to 93 of 131]
29.4081497192383 29.4083766937256 29.4111938476562 29.4224338531494 29.4346408843994 29.449743270874 29.4640846252441 29.474552154541 29.4875736236572 29.5067577362061 29.5202884674072 29.5260562896729 29.5270214080811 29.5240573883057 29.522876739502 29.5225429534912 29.511302947998 29.4974555969238 29.4690761566162 29.4412021636963 29.435230255127 29.4325141906738 29.4434299468994 29.4518089294434 29.454833984375 29.4532318115234 29.445972442627 29.4334926605225 29.4172134399414 29.3916282653809 29.3621921539307 29.3406620025635 29.3206882476807 29.3011112213135 29.2811965942383 29.2578525543213 29.2304706573486 29.1888885498047 29.1464996337891 29.1026134490967 29.0787925720215 29.076831817627 29.0905094146729 29.1143054962158 29.1363220214844 29.1576957702637 29.1822204589844
29.4135189056396 29.414363861084 29.4165992736816 29.4255027770996 29.4352798461914 29.4502925872803 29.465202331543 29.4795818328857 29.4966011047363 29.5199890136719 29.5379753112793 29.5485458374023 29.5515022277832 29.5482273101807 29.5465469360352 29.5456199645996 29.5388565063477 29.5306987762451 29.5110034942627 29.491662979126 29.4890613555908 29.489688873291 29.503833770752 29.5153141021729 29.5211734771729 29.5198230743408 29.5096626281738 29.4919719696045 29.4687938690186 29.4340801239014 29.3945903778076 29.3663654327393 29.3403549194336 29.3195648193359 29.2985382080078 29.2732925415039 29.2457962036133 29.2103862762451 29.1761932373047 29.1442642211914 29.1263236999512 29.1236267089844 29.1335582733154 29.1516590118408 29.1696643829346 29.1876354217529 29.2085208892822
29.4203948974609 29.4217758178711 29.423412322998 29.4297504425049 29.4368419647217 29.4513130187988 29.466365814209 29.4843654632568 29.5050296783447 29.5321216583252 29.5544338226318 29.5701847076416 29.5756340026855 29.5726528167725 29.5705451965332 29.5688514709473 29.5664196014404 29.5638103485107 29.5528583526611 29.5421199798584 29.5428314208984 29.5465793609619 29.5630264282227 29.5767345428467 29.584659576416 29.5833740234375 29.5708332061768 29.548620223999 29.5193653106689 29.4763946533203 29.4277458190918 29.3935127258301 29.3621158599854 29.3407001495361 29.3191318511963 29.2924556732178 29.2652244567871 29.2360401153564 29.2097473144531 29.1888179779053 29.1761722564697 29.172550201416 29.1789817810059 29.191915512085 29.2060604095459 29.2206401824951 29.2374572753906
29.4331588745117 29.4338455200195 29.4348564147949 29.4374961853027 29.4405994415283 29.4516448974609 29.463752746582 29.4812641143799 29.5013942718506 29.5278453826904 29.552755355835 29.5755443572998 29.5882167816162 29.5926094055176 29.5936126708984 29.5930118560791 29.5920829772949 29.5910739898682 29.5866432189941 29.5823936462402 29.5841674804688 29.5884914398193 29.6034965515137 29.615873336792 29.6227054595947 29.6210498809814 29.6090240478516 29.587028503418 29.5577716827393 29.514835357666 29.466236114502 29.4320125579834 29.4006118774414 29.3801212310791 29.3597316741943 29.3363742828369 29.3128471374512 29.2887287139893 29.266918182373 29.2493953704834 29.2378902435303 29.2329368591309 29.236177444458 29.2447185516357 29.2544364929199 29.2645778656006 29.2765216827393
29.4479999542236 29.4467105865479 29.4458045959473 29.4447002410889 29.4438934326172 29.4516468048096 29.460880279541 29.4776496887207 29.4970054626465 29.5226058959961 29.549503326416 29.5781803131104 29.5977001190186 29.6097297668457 29.6152019500732 29.6175689697266 29.6186218261719 29.6193580627441 29.6200981140137 29.6209659576416 29.623685836792 29.6283950805664 29.6414337158203 29.65207862854 29.6576728820801 29.6554374694824 29.6436328887939 29.6214866638184 29.5918064117432 29.5488681793213 29.5004386901855 29.4661197662354 29.4345741271973 29.4146595001221 29.3951969146729 29.3759460449219 29.3567962646484 29.3379917144775 29.3208637237549 29.3068466186523 29.2965850830078 29.2904148101807 29.2904510498047 29.2945003509521 29.2997932434082 29.3055324554443 29.3128509521484
29.4719581604004 29.4630603790283 29.4545764923096 29.449520111084 29.4451637268066 29.4502010345459 29.4568634033203 29.4717884063721 29.489315032959 29.5131320953369 29.5393524169922 29.5688724517822 29.5936012268066 29.6144123077393 29.6303024291992 29.6438617706299 29.6490001678467 29.6521244049072 29.652099609375 29.6520767211914 29.6552429199219 29.6594905853271 29.668270111084 29.6754207611084 29.6791381835938 29.6753940582275 29.6625328063965 29.6386280059814 29.6066799163818 29.5635681152344 29.515832901001 29.480978012085 29.4486560821533 29.4277801513672 29.4081420898438 29.396463394165 29.3846302032471 29.3722457885742 29.360668182373 29.3505840301514 29.3420276641846 29.3351364135742 29.3319034576416 29.3310375213623 29.3319072723389 29.3333988189697 29.3371868133545
29.4956588745117 29.4809417724609 29.4665851593018 29.4587631225586 29.4520282745361 29.4565391540527 29.4627361297607 29.4775142669678 29.494758605957 29.5179634094238 29.5437870025635 29.5732021331787 29.601053237915 29.6276226043701 29.6491870880127 29.6683788299561 29.6762428283691 29.681396484375 29.6809177398682 29.6802825927734 29.6830501556396 29.6864624023438 29.6925735473633 29.6970634460449 29.6981372833252 29.6915016174316 29.6754455566406 29.6485500335693 29.6137619018555 29.5708560943604 29.5245895385742 29.4907875061035 29.4594383239746 29.4397964477539 29.4217529296875 29.4150638580322 29.4082584381104 29.4010486602783 29.3938751220703 29.3867740631104 29.3797855377197 29.3729228973389 29.36767578125 29.3634738922119 29.3609886169434 29.3591194152832 29.3605651855469
29.5188026428223 29.5021629333496 29.485652923584 29.4776573181152 29.4710998535156 29.4798545837402 29.4901847839355 29.5085201263428 29.5288524627686 29.5540065765381 29.580041885376 29.607292175293 29.6337051391602 29.6594352722168 29.6763229370117 29.689022064209 29.6966400146484 29.7030448913574 29.7027893066406 29.7021560668945 29.7026824951172 29.704439163208 29.7113494873047 29.714994430542 29.7117519378662 29.6992073059082 29.6752986907959 29.6427268981934 29.6038455963135 29.5619716644287 29.5188617706299 29.4895782470703 29.4630146026611 29.4494075775146 29.4368171691895 29.4294776916504 29.4227104187012 29.4179534912109 29.412691116333 29.406494140625 29.4007740020752 29.3955764770508 29.3910503387451 29.3869609832764 29.3834571838379 29.3801612854004 29.3818550109863
29.5438938140869 29.526346206665 29.5092716217041 29.5042152404785 29.5010223388672 29.5149822235107 29.5301818847656 29.5516834259033 29.5743789672852 29.5999565124512 29.6247310638428 29.648401260376 29.6707382202148 29.6919841766357 29.7034568786621 29.7102966308594 29.7160377502441 29.7215137481689 29.7216205596924 29.7214031219482 29.7218551635742 29.7232303619385 29.7284774780273 29.7286071777344 29.7179374694824 29.6981334686279 29.6671676635742 29.6304321289062 29.5894947052002 29.5518131256104 29.5154800415039 29.4929618835449 29.4731597900391 29.4632549285889 29.4538249969482 29.4454727172852 29.4379844665527 29.4335250854492 29.4285259246826 29.4225234985352 29.41770362854 29.4141731262207 29.4109745025635 29.4079895019531 29.4052867889404 29.4026870727539 29.405424118042
29.5714378356934 29.5542545318604 29.5386142730713 29.5404148101807 29.5446014404297 29.5649700164795 29.5859622955322 29.6101379394531 29.6342868804932 29.6583728790283 29.6800270080566 29.6983432769775 29.7132835388184 29.7254619598389 29.7305850982666 29.7323684692383 29.7341747283936 29.7359867095947 29.7366256713867 29.7373466491699 29.7404499053955 29.7430458068848 29.7435321807861 29.7367858886719 29.7147750854492 29.6860122680664 29.6489963531494 29.6100025177002 29.5695667266846 29.5400485992432 29.5150527954102 29.5021228790283 29.4915637969971 29.4824314117432 29.4732818603516 29.4634590148926 29.4542903900146 29.4474220275879 29.4406108856201 29.4339065551758 29.4295234680176 29.4276695251465 29.4265556335449 29.4259204864502 29.4263134002686 29.427074432373 29.4318618774414
29.6056613922119 29.5856189727783 29.5673923492432 29.5717449188232 29.5790672302246 29.6041564941406 29.6295356750488 29.6563968658447 29.6820735931396 29.7048854827881 29.724178314209 29.7386379241943 29.7482471466064 29.7538871765137 29.7547130584717 29.7532558441162 29.7529315948486 29.7528762817383 29.7544422149658 29.7561798095703 29.7588291168213 29.7592735290527 29.7504825592041 29.7344379425049 29.7030773162842 29.6684055328369 29.6296901702881 29.5935020446777 29.5591526031494 29.5396270751953 29.5262393951416 29.5206089019775 29.5165023803711 29.5066814422607 29.4964714050293 29.4845237731934 29.4730472564697 29.4632205963135 29.4539699554443 29.4457893371582 29.4406871795654 29.4389343261719 29.4387340545654 29.4395389556885 29.4422988891602 29.4457607269287 29.4529857635498
29.6448955535889 29.6195755004883 29.5957489013672 29.599422454834 29.6066989898682 29.6352443695068 29.6639556884766 29.693510055542 29.7207660675049 29.7424716949463 29.7599716186523 29.7716999053955 29.7775268554688 29.7785263061523 29.7765884399414 29.7732582092285 29.7721538543701 29.7715816497803 29.7743663787842 29.7771797180176 29.7770500183105 29.7728061676025 29.7513580322266 29.7241973876953 29.6849765777588 29.6466865539551 29.6095333099365 29.579948425293 29.5558757781982 29.5477123260498 29.5461387634277 29.5460891723633 29.5463409423828 29.5347366333008 29.5224609375 29.5079002380371 29.4936408996582 29.4804439544678 29.468282699585 29.4580478668213 29.4513549804688 29.4485244750977 29.4483623504639 29.4499244689941 29.4545040130615 29.460168838501 29.4701232910156
29.6946392059326 29.6657485961914 29.636157989502 29.6286716461182 29.6245632171631 29.6505718231201 29.6778182983398 29.711368560791 29.7423629760742 29.7671871185303 29.7863388061523 29.7977085113525 29.8027935028076 29.8027420043945 29.8000507354736 29.7961082458496 29.7942810058594 29.7929573059082 29.7928256988525 29.7922496795654 29.7840042114258 29.7715511322021 29.7414855957031 29.7083797454834 29.6688575744629 29.6338424682617 29.6043395996094 29.5845050811768 29.5717144012451 29.5703392028809 29.573694229126 29.5735015869141 29.5726127624512 29.5599517822266 29.546745300293 29.5324573516846 29.5181655883789 29.5038661956787 29.4904708862305 29.4787578582764 29.4698696136475 29.4640579223633 29.4609680175781 29.4596424102783 29.4618949890137 29.4654350280762 29.4758758544922
29.7488880157471 29.7171573638916 29.6817321777344 29.6585941314697 29.6382427215576 29.659143447876 29.6828727722168 29.7209739685059 29.7566318511963 29.7863845825195 29.808666229248 29.8206939697266 29.826343536377 29.8267765045166 29.8241920471191 29.8201789855957 29.8176536560059 29.8154811859131 29.8106594085693 29.8047771453857 29.7861309051514 29.7639541625977 29.7270050048828 29.6901741027832 29.6535873413086 29.6248035430908 29.6055583953857 29.5968227386475 29.5957469940186 29.5991992950439 29.604528427124 29.6017417907715 29.5973567962646 29.5839519500732 29.5702991485596 29.5575199127197 29.5443744659424 29.5299434661865 29.5160350799561 29.5030918121338 29.4917469024658 29.4821376800537 29.474853515625 29.4690742492676 29.4672222137451 29.4667835235596 29.4767513275146
29.7827301025391 29.7600917816162 29.7342739105225 29.7029685974121 29.6724166870117 29.6773357391357 29.6874446868896 29.7239532470703 29.7605056762695 29.7971668243408 29.8248310089111 29.8401393890381 29.8480167388916 29.8498153686523 29.8476619720459 29.8436374664307 29.8360958099365 29.8277130126953 29.8155918121338 29.8024597167969 29.7783756256104 29.7521152496338 29.716739654541 29.6836338043213 29.6553134918213 29.6351718902588 29.6250247955322 29.6225700378418 29.6257152557373 29.6257057189941 29.6243877410889 29.6184177398682 29.6115341186523 29.6002655029297 29.5890216827393 29.5795936584473 29.5697059631348 29.558198928833 29.5466022491455 29.5348415374756 29.5236225128174 29.5129909515381 29.5025959014893 29.4923553466797 29.4849529266357 29.4785690307617 29.4817123413086
29.8123512268066 29.8012752532959 29.7882556915283 29.7503337860107 29.7108345031738 29.6975173950195 29.691915512085 29.7255592346191 29.7622299194336 29.806209564209 29.8397178649902 29.8588523864746 29.8693027496338 29.8726501464844 29.8709926605225 29.8669681549072 29.8535175323486 29.837818145752 29.8178558349609 29.7970714569092 29.7685775756836 29.7393970489502 29.7073459625244 29.6795082092285 29.6605548858643 29.6495532989502 29.6482696533203 29.6510944366455 29.6569137573242 29.6517238616943 29.6419773101807 29.6327037811279 29.6235237121582 29.6149921417236 29.6067428588867 29.6010494232178 29.5948543548584 29.5869026184082 29.5782051086426 29.5681247711182 29.5575656890869 29.5464859008789 29.5332069396973 29.5185031890869 29.5052490234375 29.4925155639648 29.4875183105469
29.8149528503418 29.8100090026855 29.8046607971191 29.7799835205078 29.7534236907959 29.7294788360596 29.7130298614502 29.7346973419189 29.7634181976318 29.8091716766357 29.8459053039551 29.8702526092529 29.8830795288086 29.8864784240723 29.8822364807129 29.8743743896484 29.8550281524658 29.8329410552979 29.8107986450195 29.7884788513184 29.7636051177979 29.7388935089111 29.7148609161377 29.6950016021729 29.6839561462402 29.6791553497314 29.6819858551025 29.6800537109375 29.6746520996094 29.6609859466553 29.6438980102539 29.6330127716064 29.623348236084 29.6151142120361 29.6072235107422 29.6021575927734 29.5970802307129 29.5919628143311 29.5865898132324 29.5807495117188 29.573616027832 29.5650787353516 29.5546703338623 29.5430545806885 29.529369354248 29.5149402618408 29.503547668457
29.816385269165 29.8166828155518 29.8179664611816 29.8068180084229 29.7936592102051 29.7606601715088 29.7346782684326 29.7443962097168 29.7650623321533 29.812162399292 29.8517112731934 29.8808937072754 29.8958034515381 29.8990364074707 29.8920269012451 29.8801670074463 29.8552875518799 29.827299118042 29.8037014007568 29.7805767059326 29.759952545166 29.7402400970459 29.7243423461914 29.7124195098877 29.7088832855225 29.7094841003418 29.7151374816895 29.7076187133789 29.6905040740967 29.668493270874 29.6444568634033 29.6320705413818 29.6219749450684 29.6140441894531 29.6065483093262 29.6025371551514 29.5990104675293 29.5971965789795 29.5954933166504 29.5939960479736 29.5903091430664 29.5842380523682 29.5765151977539 29.5677242279053 29.5537395477295 29.5378894805908 29.5204982757568
29.8182315826416 29.8168640136719 29.816162109375 29.8120956420898 29.8068084716797 29.7778759002686 29.754093170166 29.7565116882324 29.7718448638916 29.8183670043945 29.8576259613037 29.8869171142578 29.9008903503418 29.9023303985596 29.8921031951904 29.876350402832 29.8497982025146 29.8206672668457 29.8006267547607 29.7815895080566 29.7680816650391 29.7554950714111 29.7467613220215 29.7409801483154 29.7414245605469 29.7402992248535 29.7372493743896 29.7200870513916 29.6926441192627 29.6652812957764 29.6379528045654 29.6244373321533 29.6136360168457 29.6072025299072 29.6017932891846 29.6048393249512 29.6087284088135 29.6155815124512 29.6209983825684 29.6237468719482 29.6223926544189 29.616569519043 29.6067752838135 29.5944118499756 29.5789642333984 29.5624084472656 29.5423965454102
29.8204288482666 29.8172855377197 29.8145160675049 29.8159427642822 29.8168525695801 29.7922344207764 29.7711544036865 29.7680740356445 29.7793388366699 29.8252429962158 29.863941192627 29.8927440643311 29.9054756164551 29.9050559997559 29.891996383667 29.8729476928711 29.8455047607422 29.8160552978516 29.7999095916748 29.7851963043213 29.7780418395996 29.7717170715332 29.7688655853271 29.7678546905518 29.7707252502441 29.7671871185303 29.7558135986328 29.7301826477051 29.6941661834717 29.6623401641846 29.6322498321533 29.6172542572021 29.6052265167236 29.6018657684326 29.6001949310303 29.6118965148926 29.6245021820068 29.6402816772461 29.6530685424805 29.6603031158447 29.6615562438965 29.6562938690186 29.6445960998535 29.6287307739258 29.6103458404541 29.5910549163818 29.567533493042
29.8239135742188 29.81858253479 29.8134517669678 29.8145389556885 29.8155078887939 29.7961158752441 29.7795867919922 29.7776165008545 29.7894439697266 29.8345909118652 29.8717231750488 29.8978519439697 29.9082221984863 29.9056987762451 29.8912181854248 29.871072769165 29.8456001281738 29.8188533782959 29.8078384399414 29.7983112335205 29.7947196960449 29.7914962768555 29.78981590271 29.7885456085205 29.788143157959 29.7796802520752 29.7613639831543 29.731575012207 29.6934261322021 29.6603984832764 29.6294898986816 29.6117267608643 29.596549987793 29.6020488739014 29.6101684570312 29.6363830566406 29.6624755859375 29.6881294250488 29.7092113494873 29.7218036651611 29.7266750335693 29.7231311798096 29.7101383209229 29.6910285949707 29.6643047332764 29.6348457336426 29.6045551300049
