Ecospace-environmental-drivers/Outputs/ASCII-for-ecospace/MOM6-ISIMIP3a/tos/1996-01_tos_MOM6-ISIMIP3a.asc
NCOLS 131 
NROWS 53 
XLLCORNER -98 
YLLCORNER 23.9265270233154 
CELLSIZE 0.133587792515755 
NODATA_value -9999 
[rows 21 to 41 of 53, columns 0 to 46 of 131]
-9999 -9999 -9999 -9999 -9999 -9999 16.9420337677002 16.9609069824219 17.0252838134766 17.0935115814209 17.0873737335205 16.6583786010742 16.8602981567383 17.4617614746094 17.8859786987305 18.1056823730469 18.4100456237793 18.7725467681885 19.2014636993408 19.6560230255127 20.094274520874 20.5296459197998 20.6665878295898 20.7825489044189 20.7781467437744 20.769947052002 20.7494297027588 20.7327728271484 20.7228527069092 20.7064342498779 20.6833267211914 20.6508026123047 20.6125431060791 20.5966930389404 20.5883140563965 20.6193790435791 20.6556282043457 20.6551475524902 20.6456108093262 20.5784034729004 20.5008296966553 20.3944034576416 20.3321266174316 20.3380756378174 20.3949527740479 20.498571395874 20.5790042877197
-9999 -9999 -9999 -9999 -9999 -9999 16.9451274871826 16.9420337677002 16.9797821044922 17.0858116149902 17.0935115814209 17.5102291107178 18.0380001068115 18.7855110168457 19.3040161132812 19.5582828521729 19.8255786895752 20.1018199920654 20.4212112426758 20.7572631835938 21.0790157318115 21.3982429504395 21.4870338439941 21.5610027313232 21.5535163879395 21.541316986084 21.5138301849365 21.4867076873779 21.46022605896 21.4283084869385 21.3907985687256 21.3554592132568 21.321439743042 21.3046550750732 21.2936153411865 21.3186454772949 21.3485355377197 21.3612041473389 21.3668632507324 21.3278884887695 21.2801876068115 21.2081928253174 21.1598949432373 21.1482124328613 21.1606769561768 21.1952991485596 21.20680809021
-9999 -9999 -9999 -9999 16.8376770019531 16.9235935211182 16.9361019134521 16.9572486877441 16.9420337677002 17.0175285339355 17.2901725769043 18.3174285888672 19.2804622650146 20.1164169311523 20.6993064880371 20.9901943206787 21.2208232879639 21.4100685119629 21.6175765991211 21.8321361541748 22.0290946960449 22.2229480743408 22.2594966888428 22.2878265380859 22.2763805389404 22.2599353790283 22.2272853851318 22.1919536590576 22.1519374847412 22.1077327728271 22.0592155456543 22.0220241546631 21.991735458374 21.9723377227783 21.9565734863281 21.9719123840332 21.9915809631348 22.01589012146 22.0355968475342 22.0259914398193 22.0100536346436 21.9764881134033 21.9456768035889 21.9191226959229 21.8879737854004 21.8526039123535 21.7943630218506
-9999 -9999 -9999 -9999 16.6292972564697 16.8617172241211 16.9110851287842 16.9361019134521 16.9936103820801 17.7255382537842 18.5119190216064 19.5067310333252 20.4090270996094 21.1282653808594 21.6214542388916 21.853816986084 22.0082569122314 22.1091804504395 22.2097873687744 22.3102722167969 22.3930740356445 22.4727573394775 22.4820537567139 22.4874439239502 22.4731121063232 22.454626083374 22.4226722717285 22.3899192810059 22.3557720184326 22.3212032318115 22.2862014770508 22.2589740753174 22.2364807128906 22.2217788696289 22.2096729278564 22.213415145874 22.2193813323975 22.2298603057861 22.2377052307129 22.2287731170654 22.2154083251953 22.1897048950195 22.1601734161377 22.1247253417969 22.0836639404297 22.0374526977539 21.9782676696777
-9999 -9999 -9999 -9999 -9999 16.6292972564697 16.9703826904297 16.8860683441162 17.2345390319824 18.4999141693115 19.696985244751 20.6326122283936 21.448673248291 22.0281505584717 22.4176712036133 22.5880107879639 22.6731433868408 22.6997566223145 22.7112369537354 22.7168750762939 22.7047786712646 22.6895542144775 22.6749134063721 22.6598892211914 22.641580581665 22.6195411682129 22.5854091644287 22.5522766113281 22.5208873748779 22.4928817749023 22.4683570861816 22.4490737915039 22.4329814910889 22.4223098754883 22.413444519043 22.4079551696777 22.402961730957 22.4019660949707 22.4000682830811 22.3924293518066 22.3817005157471 22.3623676300049 22.3338050842285 22.2909755706787 22.2421550750732 22.1878356933594 22.1309700012207
-9999 -9999 -9999 -9999 -9999 16.7650756835938 16.6292972564697 17.4300632476807 18.3057136535645 19.5652923583984 20.7212200164795 21.4804134368896 22.0984363555908 22.4371166229248 22.6617202758789 22.7546939849854 22.8006935119629 22.814432144165 22.8147277832031 22.8098297119141 22.7872695922852 22.7615928649902 22.7375469207764 22.7132091522217 22.6861190795898 22.6538887023926 22.6049880981445 22.558500289917 22.516227722168 22.4813022613525 22.4539375305176 22.4337501525879 22.4179344177246 22.4083881378174 22.4009323120117 22.3965759277344 22.3926620483398 22.3905143737793 22.3881664276123 22.3845386505127 22.3767166137695 22.3572177886963 22.3282604217529 22.2846908569336 22.2375373840332 22.1870937347412 22.1468601226807
-9999 -9999 17.0701694488525 17.0325756072998 16.990966796875 16.9010162353516 16.7649154663086 17.9930572509766 19.2861099243164 20.4983711242676 21.5782909393311 22.1516571044922 22.5849609375 22.7411231994629 22.8415908813477 22.877799987793 22.8949127197266 22.8989086151123 22.8911743164062 22.8789081573486 22.8491058349609 22.8162078857422 22.7848148345947 22.7527828216553 22.715145111084 22.6711769104004 22.6066703796387 22.547700881958 22.4983901977539 22.4596500396729 22.4317874908447 22.4122524261475 22.3977928161621 22.3889980316162 22.3820896148682 22.3785228729248 22.3754234313965 22.3734436035156 22.3717727661133 22.3720817565918 22.3674430847168 22.3490352630615 22.3223400115967 22.2828426361084 22.2436943054199 22.2048664093018 22.1844520568848
-9999.000000000000000 -9999 -9999 -9999 17.2057437896729 17.0809173583984 17.1638278961182 18.5974979400635 20.0684432983398 21.1427955627441 22.0706329345703 22.437671661377 22.7153263092041 22.8161163330078 22.8814353942871 22.9058303833008 22.9164066314697 22.9174976348877 22.908618927002 22.8958911895752 22.8658790588379 22.8328151702881 22.7985553741455 22.7623691558838 22.7103252410889 22.651237487793 22.5693111419678 22.4997596740723 22.4518051147461 22.4160232543945 22.3927669525146 22.3772811889648 22.3665313720703 22.3576679229736 22.3494338989258 22.3459014892578 22.3430480957031 22.344108581543 22.3455791473389 22.3496589660645 22.3488101959229 22.3342380523682 22.3155994415283 22.290678024292 22.2733631134033 22.263032913208 22.2693996429443
-9999 -9999 -9999 -9999 17.4991073608398 17.6352977752686 17.5478134155273 19.0733261108398 20.6312770843506 21.5740737915039 22.3722152709961 22.6166725158691 22.801778793335 22.8694458007812 22.9132881164551 22.9296398162842 22.9333801269531 22.9284591674805 22.9162464141846 22.9012203216553 22.8720817565918 22.8404541015625 22.8042621612549 22.7649192810059 22.7001514434814 22.6301574707031 22.5432071685791 22.4731311798096 22.4324951171875 22.4035396575928 22.3866004943848 22.3749542236328 22.3665351867676 22.3566417694092 22.3462543487549 22.3413467407227 22.3372459411621 22.3399887084961 22.3432083129883 22.3494472503662 22.3515014648438 22.3419055938721 22.332332611084 22.3227977752686 22.3258895874023 22.3405723571777 22.3704967498779
-9999 -9999 -9999 -9999 17.7082023620605 17.7811050415039 17.8711261749268 19.3873443603516 20.9179649353027 21.7371997833252 22.4338054656982 22.6610374450684 22.8329792022705 22.8955173492432 22.9350833892822 22.9481430053711 22.9446659088135 22.9298267364502 22.9115238189697 22.8918838500977 22.8649883270264 22.8368129730225 22.7998600006104 22.758617401123 22.6832447052002 22.6076354980469 22.5312690734863 22.473316192627 22.4475002288818 22.430233001709 22.4217662811279 22.4136981964111 22.4058742523193 22.3937377929688 22.3801651000977 22.3721027374268 22.364875793457 22.3675956726074 22.3708095550537 22.37717628479 22.3810195922852 22.3778324127197 22.3785972595215 22.3854713439941 22.4071731567383 22.4424858093262 22.491907119751
-9999 -9999 -9999 -9999 17.7811050415039 17.8900756835938 18.017993927002 19.4855098724365 20.9687557220459 21.7307052612305 22.3894634246826 22.6532516479492 22.8496246337891 22.9126052856445 22.9513645172119 22.9621810913086 22.953893661499 22.932487487793 22.9062442779541 22.8781318664551 22.8539428710938 22.8304443359375 22.7931213378906 22.750883102417 22.6702175140381 22.5949726104736 22.5373077392578 22.4969425201416 22.4867649078369 22.4825439453125 22.4844532012939 22.4821910858154 22.4773902893066 22.4638042449951 22.4472923278809 22.4362316131592 22.4260177612305 22.428882598877 22.4327392578125 22.4429130554199 22.4519290924072 22.4577198028564 22.4692287445068 22.4895763397217 22.5233364105225 22.569408416748 22.6248416900635
-9999 -9999 -9999 -9999 17.896390914917 18.017993927002 19.2879238128662 19.421781539917 20.8426208496094 21.5969944000244 22.2656745910645 22.606351852417 22.855354309082 22.9229545593262 22.9635143280029 22.9728698730469 22.9615821838379 22.9361171722412 22.9005451202393 22.8610687255859 22.8399314880371 22.8220291137695 22.7846298217773 22.7420749664307 22.6601028442383 22.5897045135498 22.5568313598633 22.5381469726562 22.544225692749 22.5540657043457 22.567777633667 22.5729961395264 22.5730381011963 22.5585994720459 22.5393371582031 22.5253887176514 22.5122928619385 22.5154323577881 22.5204181671143 22.5371570587158 22.5538845062256 22.57057762146 22.5931358337402 22.6247577667236 22.6656608581543 22.7150859832764 22.7664184570312
-9999 -9999 -9999 -9999 18.017993927002 19.2344398498535 19.850528717041 20.226411819458 20.3695049285889 21.2507629394531 22.0464935302734 22.5148582458496 22.8519592285156 22.9293327331543 22.9750709533691 22.9843063354492 22.974723815918 22.9522151947021 22.9108028411865 22.8620891571045 22.8369598388672 22.8159923553467 22.7792434692383 22.7380180358887 22.6623611450195 22.599723815918 22.5792999267578 22.5730972290039 22.5917072296143 22.6134338378906 22.6383628845215 22.6522846221924 22.6595001220703 22.6477375030518 22.6296501159668 22.6172027587891 22.6056575775146 22.6112365722656 22.6189155578613 22.6399707794189 22.6620044708252 22.6867599487305 22.7166709899902 22.7545490264893 22.7981910705566 22.8471221923828 22.893045425415
-9999 -9999 -9999 -9999 -9999 19.6700992584229 19.7813091278076 19.903392791748 19.7476806640625 20.8134498596191 21.7864303588867 22.4042510986328 22.8446559906006 22.9340057373047 22.9863739013672 22.9960651397705 22.9902038574219 22.9736576080322 22.9278984069824 22.8708610534668 22.8387203216553 22.8109741210938 22.7751865386963 22.7359981536865 22.669921875 22.6162929534912 22.6030311584473 22.6053638458252 22.6349124908447 22.6675891876221 22.7034873962402 22.7266387939453 22.7420234680176 22.7344512939453 22.7192230224609 22.7101535797119 22.7020587921143 22.7110042572021 22.7220497131348 22.7464580535889 22.7727680206299 22.8043670654297 22.8400459289551 22.8820285797119 22.9265213012695 22.9733142852783 23.0132656097412
-9999 -9999 -9999 -9999 -9999 19.418285369873 19.3784618377686 19.2141246795654 19.3307704925537 20.5557727813721 21.670015335083 22.3603172302246 22.849925994873 22.942419052124 22.9964160919189 23.0059909820557 23.0053253173828 22.9976234436035 22.9557418823242 22.9006595611572 22.8566932678223 22.8146877288818 22.7809314727783 22.7447948455811 22.6873111724854 22.6395301818848 22.6232070922852 22.6230030059814 22.6509304046631 22.6876544952393 22.733434677124 22.7679080963135 22.7954959869385 22.7980937957764 22.7923641204834 22.7874355316162 22.7827453613281 22.7954921722412 22.8102169036865 22.837553024292 22.8669414520264 22.9020442962646 22.9405517578125 22.9843215942383 23.0297374725342 23.0766620635986 23.1174621582031
-9999 -9999 -9999 -9999 -9999 19.236722946167 19.0950870513916 19.0178661346436 18.9562587738037 20.335262298584 21.5833206176758 22.3301792144775 22.8577976226807 22.9516067504883 23.006196975708 23.0155372619629 23.0203723907471 23.0221118927002 22.9858074188232 22.9348087310791 22.8780193328857 22.8202075958252 22.788703918457 22.7558307647705 22.7067356109619 22.6641445159912 22.6426467895508 22.6376171112061 22.6613216400146 22.7006664276123 22.756103515625 22.8023338317871 22.8429565429688 22.8569660186768 22.8621044158936 22.8614768981934 22.860179901123 22.8768157958984 22.8952884674072 22.9254627227783 22.9576835632324 22.9955978393555 23.0363273620605 23.0814037322998 23.127758026123 23.1752834320068 23.2183418273926
-9999 -9999 -9999 -9999 -9999 -9999 19.2366180419922 19.0532703399658 19.1644039154053 20.5473365783691 21.7784118652344 22.4282398223877 22.8864974975586 22.9656963348389 23.0126991271973 23.0225505828857 23.0294151306152 23.0342292785645 23.0079612731934 22.969690322876 22.910717010498 22.8480892181396 22.8106098175049 22.7732925415039 22.7327556610107 22.6957263946533 22.6700706481934 22.6578235626221 22.6689777374268 22.6992530822754 22.7492008209229 22.7997074127197 22.8505573272705 22.877311706543 22.8960361480713 22.9045581817627 22.9117622375488 22.931791305542 22.9537811279297 22.9882583618164 23.0248928070068 23.0675296783447 23.1120090484619 23.1593341827393 23.2080211639404 23.2579593658447 23.3060436248779
-9999 -9999 -9999 -9999 -9999 -9999 19.5672702789307 19.6387176513672 19.439624786377 20.7996520996094 21.9904174804688 22.5333118438721 22.9154987335205 22.9796886444092 23.0189247131348 23.029369354248 23.0380477905273 23.0455188751221 23.0294132232666 23.004207611084 22.9442367553711 22.8781299591064 22.8342056274414 22.7919216156006 22.7592716217041 22.727466583252 22.6984024047852 22.6794357299805 22.6780872344971 22.6985607147217 22.7414875030518 22.7947273254395 22.8542461395264 22.8932056427002 22.9253120422363 22.9432544708252 22.9592971801758 22.9830055236816 23.0087871551514 23.0477638244629 23.0889873504639 23.1364612579346 23.1848430633545 23.2346286773682 23.2859764099121 23.3387546539307 23.3922500610352
-9999 -9999 -9999 -9999 -9999 -9999 19.974609375 20.009822845459 20.1520156860352 21.274585723877 22.2482471466064 22.6519508361816 22.9377593994141 22.9902877807617 23.0237846374512 23.0353221893311 23.0451774597168 23.0538730621338 23.0471649169922 23.0345077514648 22.9811038970947 22.9205093383789 22.869083404541 22.8199157714844 22.7878856658936 22.757532119751 22.7326164245605 22.7133712768555 22.7040195465088 22.7124767303467 22.7392616271973 22.7823066711426 22.8352584838867 22.8800144195557 22.9220371246338 22.9499797821045 22.9760093688965 23.0066890716553 23.0392951965332 23.0841770172119 23.1311054229736 23.1837348937988 23.2369251251221 23.290979385376 23.3477802276611 23.4071006774902 23.468822479248
-9999 -9999 -9999 -9999 -9999 19.7586135864258 20.1616096496582 20.2752895355225 20.8457508087158 21.7280826568604 22.484842300415 22.7609634399414 22.9586162567139 23.0010032653809 23.0294952392578 23.041955947876 23.0527439117432 23.0623817443848 23.0637626647949 23.0619564056396 23.0155811309814 22.9613418579102 22.9035816192627 22.848445892334 22.8158359527588 22.7859439849854 22.7648544311523 22.7460193634033 22.7311191558838 22.7297592163086 22.7423343658447 22.7753486633301 22.8208160400391 22.86936378479 22.9189357757568 22.9564247131348 22.9922580718994 23.030424118042 23.0702648162842 23.1207809448242 23.1731014251709 23.2304515838623 23.2883033752441 23.3469333648682 23.409704208374 23.4762763977051 23.5454616546631
-9999 -9999 -9999 -9999 18.899658203125 19.5374412536621 19.7586135864258 20.602710723877 21.4710731506348 22.1029815673828 22.6435794830322 22.834680557251 22.9743251800537 23.0121536254883 23.0383358001709 23.051082611084 23.0619220733643 23.0714511871338 23.076135635376 23.0789489746094 23.041296005249 22.9965019226074 22.9366760253906 22.8789386749268 22.8413505554199 22.808277130127 22.7898426055908 22.7739543914795 22.762508392334 22.7593898773193 22.7648391723633 22.7884178161621 22.8230400085449 22.8680267333984 22.9164695739746 22.9618377685547 23.0068016052246 23.0543441772461 23.1029205322266 23.1580848693848 23.2146511077881 23.2751216888428 23.3371047973633 23.4014301300049 23.4720668792725 23.5484981536865 23.6223468780518
