Ecospace-environmental-drivers/Outputs/ASCII-for-ecospace/MOM6-ISIMIP3a/tos/1997-02_tos_MOM6-ISIMIP3a.asc
NCOLS 131 
NROWS 53 
XLLCORNER -98 
YLLCORNER 23.9265270233154 
CELLSIZE 0.133587792515755 
NODATA_value -9999 
[rows 0 to 20 of 53, columns 47 to 93 of 131]
-9999 -9999 -9999 -9999 -9999 -9999 -9999 -9999 -9999 -9999 -9999 -9999 -9999 -9999 -9999 -9999 -9999 -9999 -9999 -9999 -9999 -9999 -9999 -9999 -9999 -9999 -9999 -9999 -9999 -9999 -9999 -9999 -9999 -9999 -9999 -9999 -9999 -9999 -9999 -9999 -9999 -9999 -9999 -9999 -9999 -9999 -9999
-9999 -9999 -9999 -9999 -9999 -9999 -9999 -9999 -9999 -9999 -9999 -9999 -9999 -9999 -9999 -9999 -9999 -9999 -9999 -9999 -9999 -9999 -9999 -9999 -9999 -9999 -9999 -9999 -9999 -9999 -9999 -9999 -9999 -9999 -9999 -9999 -9999 -9999 -9999 -9999 -9999 -9999 -9999 -9999 -9999 -9999 -9999
-9999 -9999 -9999 -9999 -9999 -9999 -9999 -9999 -9999 -9999 -9999 -9999 -9999 -9999 -9999 -9999 -9999 -9999 -9999 -9999 -9999 -9999 -9999 -9999 -9999 -9999 -9999 15.6417837142944 15.4734649658203 -9999 -9999 -9999 -9999 -9999 -9999 -9999 -9999 -9999 -9999 -9999 -9999 -9999 -9999 -9999 -9999 -9999 -9999
-9999 -9999 -9999 -9999 -9999 -9999 -9999 -9999 -9999 -9999 -9999 -9999 -9999 -9999 -9999 -9999 -9999 -9999 -9999 -9999 -9999 -9999 -9999 -9999 -9999 -9999 -9999 15.6594524383545 15.4715385437012 -9999 -9999 -9999 -9999 -9999 -9999 -9999 -9999 -9999 -9999 -9999 -9999 -9999 -9999 -9999 -9999 -9999 -9999
-9999 -9999 -9999 -9999 -9999 -9999 -9999 -9999 -9999 -9999 -9999 -9999 -9999 -9999 -9999 -9999 -9999 -9999 14.3875894546509 14.4486141204834 14.4974336624146 14.7822093963623 15.037088394165 15.4837284088135 15.7788352966309 15.8807811737061 15.8308057785034 15.6714954376221 15.4760570526123 15.2670640945435 -9999 -9999 15.242621421814 15.609471321106 16.1328048706055 16.6147785186768 16.9462070465088 17.1405639648438 17.2225666046143 17.2294464111328 17.0904903411865 16.8077011108398 -9999 -9999 -9999 -9999 -9999
-9999 -9999 -9999 -9999 -9999 -9999 -9999 -9999 -9999 -9999 -9999 -9999 -9999 -9999 15.2173614501953 -9999 15.0064039230347 14.8295955657959 14.6423425674438 14.3875894546509 14.4608192443848 14.4974336624146 15.0669860839844 15.5468454360962 15.8373546600342 15.9523048400879 15.8526830673218 15.6874303817749 15.4743728637695 15.2663669586182 15.060453414917 15.048433303833 15.0745277404785 15.6049022674561 16.148983001709 16.64453125 17.0508193969727 17.1432723999023 17.2275981903076 17.2968311309814 17.1639099121094 16.8107318878174 16.4484615325928 16.0803050994873 -9999 -9999 -9999
-9999 -9999 -9999 -9999 -9999 -9999 -9999 -9999 -9999 -9999 16.9084358215332 16.9107303619385 16.9130306243896 16.9208812713623 16.077730178833 15.2412891387939 15.193434715271 14.9961805343628 14.8295955657959 14.7098426818848 14.3875894546509 14.4974336624146 15.0669860839844 15.5468454360962 15.8373546600342 15.9523048400879 15.8526830673218 15.6874303817749 15.4743728637695 15.2663669586182 15.060453414917 15.048433303833 15.0745277404785 15.6049022674561 16.148983001709 16.64453125 17.0508193969727 17.1432723999023 17.2275981903076 17.2968311309814 17.1639099121094 16.8107318878174 16.4484615325928 16.0803050994873 15.9830083847046 16.4638710021973 -9999
-9999 -9999 -9999 -9999 -9999 -9999 -9999 -9999 -9999 -9999 16.8961372375488 16.9084358215332 16.9130229949951 -9999 16.9319877624512 16.1043071746826 15.2891435623169 15.193434715271 14.9655103683472 14.8295955657959 14.9123439788818 15.1144208908081 15.8158979415894 16.3917770385742 16.702507019043 16.8475036621094 16.7899398803711 16.6600780487061 16.4775581359863 16.2773361206055 16.0697841644287 15.9939422607422 15.9439907073975 16.3520412445068 16.7729911804199 17.1542625427246 17.465747833252 17.5318622589111 17.6163482666016 17.7349510192871 17.6705760955811 17.4068393707275 17.1263942718506 16.8351383209229 16.726095199585 16.6825084686279 16.5438594818115
-9999 -9999 -9999 -9999 -9999 -9999 -9999 -9999 -9999 -9999 -9999 -9999 -9999 -9999 16.9268455505371 16.9515037536621 16.1606101989746 15.3848524093628 15.193434715271 14.8735017776489 15.2989749908447 15.8048858642578 16.6474342346191 17.325553894043 17.656551361084 17.8334693908691 17.8220691680908 17.7318000793457 17.5840835571289 17.3950271606445 17.1888523101807 17.0445785522461 16.9124717712402 17.1842041015625 17.467809677124 17.7213134765625 17.926664352417 17.9627075195312 18.0460777282715 18.2173366546631 18.2272872924805 18.0614891052246 17.8706073760986 17.6634979248047 17.247766494751 16.7570972442627 16.4861431121826
14.6559677124023 -9999 -9999 -9999 -9999 -9999 -9999 -9999 -9999 -9999 16.8268203735352 16.8835315704346 -9999 -9999 -9999 16.9453144073486 16.9824123382568 16.2970371246338 15.5762701034546 15.6426420211792 16.1221141815186 16.6626644134521 17.4588375091553 18.0879650115967 18.3644523620605 18.5234756469727 18.5389366149902 18.4973087310791 18.4141006469727 18.3218040466309 18.2257423400879 18.0974349975586 17.9627876281738 18.0844955444336 18.2126922607422 18.3115177154541 18.3836822509766 18.3621063232422 18.4003047943115 18.5495109558105 18.5713596343994 18.4544448852539 18.3070755004883 18.1400032043457 17.7348670959473 17.244213104248 16.7482929229736
14.6867294311523 14.6912698745728 -9999 -9999 -9999 -9999 -9999 -9999 -9999 -9999 16.86350440979 17.0488452911377 16.8835315704346 -9999 -9999 16.9451370239258 16.9823703765869 17.0197296142578 16.7133808135986 16.4381160736084 16.9589366912842 17.5207424163818 18.2540702819824 18.8223667144775 19.0422649383545 19.179630279541 19.2161254882812 19.2181301116943 19.1950092315674 19.1870040893555 19.1852588653564 19.071418762207 18.935546875 18.9145851135254 18.8958930969238 18.8578052520752 18.812967300415 18.7443943023682 18.7449226379395 18.8737831115723 18.9063529968262 18.8340091705322 18.7277812957764 18.5996265411377 18.2176322937012 17.744457244873 17.0767822265625
14.6867294311523 14.7003517150879 15.1126041412354 15.4179906845093 -9999 -9999 -9999 -9999 -9999 -9999 -9999 17.2136688232422 17.2037372589111 16.8835315704346 16.9084358215332 16.9451370239258 16.9823703765869 17.0197296142578 17.1825981140137 17.3748416900635 17.869161605835 18.3804225921631 18.9625816345215 19.4065246582031 19.5586853027344 19.654203414917 19.6804904937744 19.6992454528809 19.7125091552734 19.721923828125 19.7297420501709 19.622350692749 19.4923095703125 19.3681182861328 19.2482528686523 19.1685371398926 19.0935001373291 19.0349102020264 19.0380058288574 19.1556587219238 19.1926498413086 19.1417579650879 19.0639324188232 18.9686832427979 18.6771583557129 18.315128326416 17.761100769043
14.7797327041626 15.0176734924316 15.3084316253662 15.4239597320557 -9999 -9999 -9999 -9999 16.1136302947998 16.4641590118408 16.86940574646 17.3497714996338 17.4218292236328 17.1598167419434 17.1170463562012 17.1781234741211 17.235445022583 17.2918663024902 17.7825336456299 18.2964382171631 18.7143840789795 19.1360549926758 19.5733203887939 19.9013957977295 19.9989681243896 20.0617389678955 20.0819797515869 20.1113319396973 20.1473236083984 20.159351348877 20.1614570617676 20.0508842468262 19.9181632995605 19.7252941131592 19.5389728546143 19.4383773803711 19.3489990234375 19.2990646362305 19.3019371032715 19.4028835296631 19.4453125 19.4239845275879 19.3813362121582 19.3248920440674 19.1339282989502 18.8946437835693 18.4751453399658
15.1052513122559 15.2035579681396 15.3242254257202 15.4239597320557 15.5215797424316 15.619969367981 15.729302406311 15.8942985534668 16.1136302947998 16.4641590118408 16.86940574646 17.3497714996338 17.6194000244141 17.7166061401367 17.8471927642822 17.9935894012451 18.1212177276611 18.2443618774414 18.7092723846436 19.1802082061768 19.3970909118652 19.6315593719482 19.9396209716797 20.1730442047119 20.2488994598389 20.3016834259033 20.3262710571289 20.3508472442627 20.3754177093506 20.353048324585 20.3112392425537 20.1734218597412 20.016731262207 19.84157371521 19.6755981445312 19.6059837341309 19.5419101715088 19.497314453125 19.4929943084717 19.5634746551514 19.6138801574707 19.6424140930176 19.6518707275391 19.6489849090576 19.5838165283203 19.4962787628174 19.2635078430176
15.5468301773071 15.5493059158325 15.5562171936035 15.6507778167725 15.7547950744629 15.8718929290771 16.0003566741943 16.1866436004639 16.4174022674561 16.7555465698242 17.1407032012939 17.5904064178467 17.9523143768311 18.2423934936523 18.4711627960205 18.6708908081055 18.8571853637695 19.0402717590332 19.4464359283447 19.846508026123 19.9348621368408 20.0441398620605 20.2409820556641 20.3943195343018 20.4558219909668 20.5015316009521 20.5279426574707 20.543571472168 20.5513458251953 20.5030727386475 20.4315872192383 20.2897319793701 20.1340446472168 19.9947929382324 19.8632545471191 19.8011302947998 19.7426700592041 19.6970920562744 19.682300567627 19.7246780395508 19.7752227783203 19.8346672058105 19.8824920654297 19.9227962493896 19.9463348388672 19.9638481140137 19.8717575073242
16.1524982452393 16.1210746765137 16.0938720703125 16.1982746124268 16.3177337646484 16.4799900054932 16.654634475708 16.8923091888428 17.1506519317627 17.4589023590088 17.7955703735352 18.1712532043457 18.4765815734863 18.7243518829346 18.9450225830078 19.1528568267822 19.3813571929932 19.6147937774658 19.9155693054199 20.2053470611572 20.2677211761475 20.3394813537598 20.4505252838135 20.544376373291 20.6019325256348 20.6446914672852 20.669361114502 20.6701412200928 20.6535205841064 20.5913524627686 20.5103206634521 20.3972415924072 20.2778625488281 20.2002334594727 20.1230602264404 20.035213470459 19.9545288085938 19.8990345001221 19.8691291809082 19.8867454528809 19.9263515472412 19.9899139404297 20.0566825866699 20.125524520874 20.18532371521 20.2418746948242 20.2253589630127
16.8318710327148 16.798282623291 16.7694339752197 16.8684215545654 16.9830856323242 17.1676807403564 17.3622589111328 17.6076278686523 17.859884262085 18.1287708282471 18.408935546875 18.7045803070068 18.9670085906982 19.2022590637207 19.4203033447266 19.6301956176758 19.8564338684082 20.0865783691406 20.2812080383301 20.4639949798584 20.5098972320557 20.559741973877 20.6260890960693 20.6865081787109 20.734411239624 20.7696800231934 20.7895069122314 20.7761173248291 20.7385292053223 20.6691055297852 20.586498260498 20.5072822570801 20.4287357330322 20.3963928222656 20.359992980957 20.2672519683838 20.1804599761963 20.1145915985107 20.0732135772705 20.077320098877 20.1073875427246 20.1657390594482 20.2331657409668 20.306468963623 20.38037109375 20.4544868469238 20.4856224060059
17.5733108520508 17.5642833709717 17.561128616333 17.6418552398682 17.7346820831299 17.9223976135254 18.1148052215576 18.3310775756836 18.5488948822021 18.7704429626465 18.9873504638672 19.1978893280029 19.42893409729 19.6767597198486 19.8967819213867 20.1036357879639 20.2901668548584 20.4718437194824 20.5596942901611 20.6382732391357 20.675708770752 20.716775894165 20.7730407714844 20.8219680786133 20.8554096221924 20.8793697357178 20.8917427062988 20.8647499084473 20.8090839385986 20.7379951477051 20.6605186462402 20.619457244873 20.5855541229248 20.5847320556641 20.5776615142822 20.4975681304932 20.4182415008545 20.3416137695312 20.2918300628662 20.2919044494629 20.3136119842529 20.3588905334473 20.4115810394287 20.469066619873 20.5384101867676 20.6120128631592 20.6672821044922
18.2910060882568 18.3020191192627 18.3189392089844 18.3681221008301 18.4243831634521 18.5825462341309 18.7413597106934 18.9034824371338 19.0711116790771 19.2520408630371 19.4291725158691 19.6010913848877 19.8109436035156 20.0518321990967 20.2636089324951 20.4615955352783 20.6061115264893 20.7378520965576 20.7779083251953 20.8111763000488 20.8373012542725 20.8659782409668 20.9053249359131 20.9379043579102 20.9561977386475 20.9651145935059 20.962574005127 20.9300727844238 20.8757495880127 20.8212699890137 20.7667255401611 20.7520160675049 20.7451362609863 20.7568702697754 20.7634372711182 20.7128009796143 20.6560153961182 20.5776081085205 20.5194110870361 20.4987449645996 20.5056495666504 20.542594909668 20.5836391448975 20.6273365020752 20.6992778778076 20.781364440918 20.860710144043
18.9970798492432 19.0259208679199 19.0601692199707 19.071310043335 19.0837955474854 19.1964168548584 19.3062591552734 19.401969909668 19.5117073059082 19.6553039550781 19.8041496276855 19.9601955413818 20.1538429260254 20.3782501220703 20.5767765045166 20.7630405426025 20.8644123077393 20.9455013275146 20.9666271209717 20.9834060668945 20.9968318939209 21.0113487243652 21.0304336547852 21.0442867279053 21.0470962524414 21.0391445159912 21.0180377960205 20.9839878082275 20.9405117034912 20.911584854126 20.8886814117432 20.8945503234863 20.9060745239258 20.9210796356201 20.9336051940918 20.920654296875 20.8937873840332 20.8179950714111 20.7513771057129 20.7017955780029 20.6907444000244 20.7216739654541 20.7525882720947 20.7834911346436 20.8615303039551 20.9565010070801 21.0598945617676
19.7921905517578 19.7929420471191 19.7855663299561 19.7664566040039 19.7496299743652 19.8268089294434 19.902364730835 19.9696750640869 20.0443840026855 20.1369571685791 20.2327651977539 20.3330173492432 20.4677333831787 20.6306476593018 20.7891426086426 20.9455432891846 21.0162220001221 21.0664176940918 21.0756244659424 21.082368850708 21.0942573547363 21.106086730957 21.1176719665527 21.1238040924072 21.1184272766113 21.1059951782227 21.0849380493164 21.060079574585 21.03244972229 21.0202312469482 21.0143928527832 21.0270080566406 21.043249130249 21.0552883148193 21.0661430358887 21.0669269561768 21.0544700622559 20.9954662322998 20.9332714080811 20.8651561737061 20.8375606536865 20.8541145324707 20.8867321014404 20.9297428131104 21.0383892059326 21.1706123352051 21.2831764221191
