Ecospace-environmental-drivers/Outputs/ASCII-for-ecospace/MOM6-ISIMIP3a/tos/1997-08_tos_MOM6-ISIMIP3a.asc
NCOLS 131 
NROWS 53 
XLLCORNER -98 
YLLCORNER 23.9265270233154 
CELLSIZE 0.133587792515755 
NODATA_value -9999 
[rows 21 to 41 of 53, columns 47 to 93 of 131]
30.2064514160156 30.2087535858154 30.2120170593262 30.217342376709 30.2227802276611 30.2255458831787 30.2281551361084 30.2299671173096 30.2297191619873 30.224494934082 30.2206001281738 30.2185287475586 30.2177200317383 30.217945098877 30.2176151275635 30.2170238494873 30.2129592895508 30.2080631256104 30.1852912902832 30.1602172851562 30.1195468902588 30.07666015625 30.024507522583 29.9715309143066 29.9168090820312 29.872896194458 29.8421974182129 29.8229675292969 29.8120918273926 29.7922115325928 29.7686042785645 29.736946105957 29.7037048339844 29.6792888641357 29.6564598083496 29.6459331512451 29.636661529541 29.6318092346191 29.6296653747559 29.6325531005859 29.6388244628906 29.6487846374512 29.6593532562256 29.670316696167 29.6685447692871 29.6621952056885 29.6563110351562
30.227144241333 30.2331733703613 30.2396850585938 30.2473373413086 30.2550086975098 30.2600078582764 30.2645988464355 30.267110824585 30.26784324646 30.2642784118652 30.2613143920898 30.2591743469238 30.2567481994629 30.2540855407715 30.2514228820801 30.2487602233887 30.2424907684326 30.2353610992432 30.2098960876465 30.1820507049561 30.1378917694092 30.0918979644775 30.0382251739502 29.9845523834229 29.9308795928955 29.887716293335 29.8573970794678 29.8370151519775 29.8238677978516 29.8029136657715 29.7787246704102 29.7496681213379 29.7196559906006 29.7022476196289 29.6869316101074 29.6874942779541 29.6891193389893 29.6944828033447 29.7004203796387 29.707426071167 29.7162780761719 29.7271404266357 29.7377128601074 29.7480983734131 29.7441082000732 29.734956741333 29.7206783294678
30.2487373352051 30.2583904266357 30.2681541442871 30.2782554626465 30.2882766723633 30.2952060699463 30.3014659881592 30.3043098449707 30.3056716918945 30.3034477233887 30.3010215759277 30.2983169555664 30.2938556671143 30.287956237793 30.2827339172363 30.2778339385986 30.269214630127 30.2597064971924 30.2317295074463 30.2013301849365 30.1541538238525 30.1054859161377 30.0505752563477 29.9964847564697 29.9441261291504 29.9019451141357 29.8722076416016 29.8509368896484 29.8358345031738 29.8144397735596 29.7904376983643 29.7646713256836 29.7385559082031 29.7281932830811 29.7203426361084 29.7313404083252 29.7432346343994 29.7582931518555 29.7717304229736 29.7821655273438 29.7929019927979 29.8039703369141 29.8140430450439 29.8234729766846 29.8178043365479 29.806713104248 29.7852611541748
30.2744979858398 30.2849349975586 30.2952079772949 30.3051700592041 30.31494140625 30.3204479217529 30.3253364562988 30.3270702362061 30.327262878418 30.3237361907959 30.3195762634277 30.3145523071289 30.3078746795654 30.2998428344727 30.2925243377686 30.2855453491211 30.2740154266357 30.2614002227783 30.2318496704102 30.1999702453613 30.1511173248291 30.1005916595459 30.0430660247803 29.9881496429443 29.93874168396 29.900426864624 29.8756732940674 29.8578872680664 29.8451747894287 29.8285217285156 29.8102378845215 29.7911624908447 29.7719326019287 29.7662792205811 29.762809753418 29.7757434844971 29.7900104522705 29.8089618682861 29.8252830505371 29.8367176055908 29.8472957611084 29.8569412231445 29.8646507263184 29.8711071014404 29.8650321960449 29.854455947876 29.8319549560547
30.2956790924072 30.3057880401611 30.3155784606934 30.3247108459473 30.3335971832275 30.3376789093018 30.3411903381348 30.3417911529541 30.3408489227295 30.3361797332764 30.3304996490479 30.323429107666 30.3148384094238 30.305004119873 30.2958106994629 30.286922454834 30.272912979126 30.2576789855957 30.2266750335693 30.193431854248 30.1433715820312 30.0917549133301 30.0336265563965 29.9796733856201 29.9345321655273 29.9006366729736 29.8804836273193 29.8659610748291 29.8555393218994 29.843318939209 29.8303546905518 29.8177757263184 29.8052749633789 29.803804397583 29.8041534423828 29.8182907104492 29.8340702056885 29.8556213378906 29.8742122650146 29.887300491333 29.8984222412109 29.9074020385742 29.9134120941162 29.917501449585 29.9101715087891 29.8987407684326 29.8749008178711
30.2967700958252 30.301685333252 30.3066501617432 30.3119201660156 30.3171272277832 30.3197822570801 30.3218975067139 30.3212699890137 30.3193321228027 30.3142337799072 30.3079490661621 30.3000354766846 30.2908706665039 30.2806816101074 30.270580291748 30.2605209350586 30.2459125518799 30.2302169799805 30.1982879638672 30.1642036437988 30.1149845123291 30.0656337738037 30.0157318115234 29.9705867767334 29.9354801177979 29.9084167480469 29.891185760498 29.8789672851562 29.870397567749 29.8612480163574 29.8518562316895 29.8449211120605 29.8384666442871 29.8388614654541 29.840576171875 29.8526935577393 29.8662185668945 29.8846969604492 29.9028739929199 29.9204864501953 29.9352283477783 29.9468421936035 29.954065322876 29.9584445953369 29.9461536407471 29.9278755187988 29.9014148712158
30.2912120819092 30.2916736602783 30.2924766540527 30.294303894043 30.2961769104004 30.2964859008789 30.2963809967041 30.2941818237305 30.291109085083 30.2859325408936 30.2795448303223 30.2714920043945 30.2623100280762 30.2522029876709 30.2416877746582 30.230978012085 30.2161769866943 30.2003993988037 30.1693229675293 30.1363735198975 30.0914440155029 30.0471496582031 30.0055065155029 29.9683971405029 29.9408588409424 29.9185619354248 29.9026718139648 29.8915672302246 29.8839492797852 29.8766250610352 29.869421005249 29.8655471801758 29.8623275756836 29.8643493652344 29.8673400878906 29.8779067993164 29.8897953033447 29.9063262939453 29.9244384765625 29.9454879760742 29.9641456604004 29.9801979064941 29.9901161193848 29.9960689544678 29.9807834625244 29.9578704833984 29.9288158416748
30.2711410522461 30.268762588501 30.2668590545654 30.2661552429199 30.2654514312744 30.2614097595215 30.257287979126 30.2527656555176 30.248254776001 30.2437686920166 30.2383689880371 30.2317123413086 30.2237281799316 30.2146587371826 30.2048072814941 30.1945838928223 30.1804733276367 30.1654357910156 30.1390991210938 30.1115989685059 30.078483581543 30.0453281402588 30.0120105743408 29.9812564849854 29.9559078216553 29.9338665008545 29.9158630371094 29.903284072876 29.8946533203125 29.8864364624023 29.8783893585205 29.8719520568848 29.8658294677734 29.8689517974854 29.8730278015137 29.8830738067627 29.8946685791016 29.9117050170898 29.9305191040039 29.95263671875 29.9758548736572 30.0002727508545 30.0161304473877 30.0264472961426 30.0124626159668 29.9897499084473 29.9581451416016
30.2461566925049 30.2424812316895 30.2392978668213 30.2374324798584 30.2355709075928 30.2301139831543 30.2247886657715 30.2201328277588 30.2160053253174 30.2131538391113 30.209529876709 30.2048454284668 30.1984310150146 30.1906032562256 30.1812343597412 30.1711349487305 30.1572971343994 30.1425666809082 30.1198902130127 30.0965881347656 30.0721321105957 30.0473117828369 30.0209712982178 29.9955883026123 29.9722309112549 29.9507846832275 29.9316749572754 29.9174823760986 29.9068698883057 29.8973731994629 29.8883361816406 29.8801307678223 29.8720893859863 29.8742904663086 29.8774490356445 29.8862781524658 29.8968353271484 29.9134616851807 29.9323863983154 29.9555721282959 29.9818229675293 30.0114097595215 30.0317363739014 30.046070098877 30.0365695953369 30.0185050964355 29.9873104095459
30.2149848937988 30.2119560241699 30.2092933654785 30.2079887390137 30.206750869751 30.2035751342773 30.2005863189697 30.1985473632812 30.1970996856689 30.1970710754395 30.1962146759033 30.194221496582 30.1898460388184 30.1835193634033 30.1744079589844 30.1639766693115 30.149881362915 30.1349124908447 30.1145401000977 30.0938606262207 30.0740966796875 30.0540828704834 30.0330181121826 30.011775970459 29.9901561737061 29.9697380065918 29.9507827758789 29.9348049163818 29.920991897583 29.909725189209 29.8995132446289 29.8905448913574 29.8818187713623 29.8805541992188 29.8802814483643 29.8870143890381 29.8955955505371 29.910665512085 29.9289531707764 29.9532089233398 29.9805660247803 30.0113010406494 30.0342502593994 30.0521621704102 30.0511474609375 30.0433368682861 30.0162696838379
30.1972618103027 30.1956844329834 30.1943969726562 30.19504737854 30.1958885192871 30.1965293884277 30.1973743438721 30.1992664337158 30.2015419006348 30.2047462463379 30.2065315246582 30.2063694000244 30.2023830413818 30.1952705383301 30.183874130249 30.1704483032227 30.1546058654785 30.1381855010986 30.1194629669189 30.1006259918213 30.0824146270752 30.0637378692627 30.0431175231934 30.0211791992188 29.996452331543 29.9741859436035 29.954927444458 29.9390392303467 29.9256019592285 29.9159965515137 29.9079761505127 29.9012107849121 29.8946933746338 29.8920669555664 29.8901462554932 29.893726348877 29.8993816375732 29.9123306274414 29.9291076660156 29.9529933929443 29.9798221588135 30.0098571777344 30.0354900360107 30.0582733154297 30.0639343261719 30.0634460449219 30.0405330657959
30.1896209716797 30.1901016235352 30.1908321380615 30.1944828033447 30.1984920501709 30.2041015625 30.2099075317383 30.2167129516602 30.2234992980957 30.2302417755127 30.2345733642578 30.2355918884277 30.2307624816895 30.2211475372314 30.2055587768555 30.1871433258057 30.1684322357178 30.1496524810791 30.1320877075195 30.1145076751709 30.095495223999 30.0755596160889 30.0517578125 30.0254936218262 29.994026184082 29.9677600860596 29.9478492736816 29.9334545135498 29.9230785369873 29.91770362854 29.9144020080566 29.9120674133301 29.9099235534668 29.9075164794922 29.9052886962891 29.9049186706543 29.9069347381592 29.9173412322998 29.9319553375244 29.9543876647949 29.9794597625732 30.0074119567871 30.035774230957 30.0643997192383 30.0753765106201 30.0800132751465 30.0612754821777
30.1972579956055 30.2002716064453 30.2036380767822 30.2107219696045 30.2182674407959 30.2279968261719 30.2377624511719 30.2477188110352 30.2569179534912 30.2642860412598 30.268461227417 30.268253326416 30.2610149383545 30.2480220794678 30.2293815612793 30.208065032959 30.1877040863037 30.1675720214844 30.1497573852539 30.1317653656006 30.108865737915 30.0857334136963 30.0616264343262 30.0343608856201 30.0004234313965 29.9742450714111 29.9575462341309 29.9485664367676 29.9452095031738 29.9468631744385 29.950590133667 29.9534530639648 29.956148147583 29.9528465270996 29.9490337371826 29.9424095153809 29.9375877380371 29.9391098022461 29.9460906982422 29.9632091522217 29.9844970703125 30.0103244781494 30.0426177978516 30.0790920257568 30.092679977417 30.0980434417725 30.0813312530518
30.2114410400391 30.2171936035156 30.2234630584717 30.2341651916504 30.2454032897949 30.2588844299316 30.2721824645996 30.284538269043 30.2952499389648 30.3019924163818 30.3048553466797 30.3023891448975 30.2920703887939 30.2753276824951 30.2541217803955 30.2308006286621 30.2093105316162 30.1882572174072 30.1695919036865 30.1504726409912 30.1223602294922 30.0951995849609 30.072021484375 30.0451793670654 30.0106029510498 29.9862632751465 29.9744300842285 29.9725456237793 29.9779109954834 29.9877853393555 29.9995288848877 30.0079231262207 30.0156574249268 30.0109844207764 30.0050392150879 29.9911708831787 29.978141784668 29.9680614471436 29.9650630950928 29.9752159118652 29.9918460845947 30.0155334472656 30.0522727966309 30.0974578857422 30.1124935150146 30.1167011260986 30.1010913848877
30.22802734375 30.2360706329346 30.2447376251221 30.2581214904785 30.2720527648926 30.2876567840576 30.302547454834 30.3137969970703 30.3226051330566 30.3255195617676 30.3248653411865 30.319314956665 30.3068199157715 30.2886447906494 30.2687873840332 30.2481307983398 30.2283592224121 30.2088012695312 30.1946105957031 30.1799030303955 30.1522789001465 30.1254367828369 30.1018695831299 30.0735950469971 30.0353870391846 30.0111713409424 30.0040550231934 30.0104560852051 30.0267009735107 30.047082901001 30.0691757202148 30.0863647460938 30.1025867462158 30.0978145599365 30.0908451080322 30.0699939727783 30.048864364624 30.0267581939697 30.0105648040771 30.0053482055664 30.0104999542236 30.0269470214844 30.0619659423828 30.109001159668 30.1258983612061 30.1319713592529 30.1198863983154
30.2451114654541 30.255350112915 30.2663116455078 30.2821865081787 30.2986011505127 30.3159923553467 30.3320732116699 30.3414916992188 30.3476886749268 30.3461112976074 30.3414859771729 30.3326778411865 30.3181953430176 30.2990684509277 30.2813682556152 30.2643413543701 30.2468814849854 30.2293148040771 30.220703125 30.2115516662598 30.1855945587158 30.1599712371826 30.1357440948486 30.1056537628174 30.0631942749023 30.038745880127 30.0363178253174 30.0512466430664 30.078821182251 30.1101818084717 30.1431083679199 30.1697635650635 30.1951885223389 30.1905822753906 30.1828155517578 30.1550350189209 30.1258296966553 30.091609954834 30.0615539550781 30.0392303466797 30.0314922332764 30.039644241333 30.0716667175293 30.1191329956055 30.1379776000977 30.1465396881104 30.1384792327881
30.2472305297852 30.2598495483398 30.272705078125 30.289098739624 30.3059349060059 30.32493019104 30.3428859710693 30.3555545806885 30.3643703460693 30.3638858795166 30.3595066070557 30.3497791290283 30.3339214324951 30.3130474090576 30.2958908081055 30.28049659729 30.265869140625 30.2514247894287 30.2517890930176 30.2512912750244 30.2234554290771 30.1938037872314 30.1565456390381 30.1171455383301 30.073221206665 30.0528621673584 30.0613021850586 30.091236114502 30.1368255615234 30.1845302581787 30.2331085205078 30.2697525024414 30.3040523529053 30.3009548187256 30.29372215271 30.259635925293 30.2226676940918 30.1755638122559 30.1322078704834 30.0958080291748 30.0730228424072 30.0650730133057 30.0864391326904 30.1267757415771 30.1466388702393 30.1591453552246 30.1568050384521
30.2464275360107 30.2614231109619 30.2761917114258 30.2929878234863 30.3101119995117 30.330545425415 30.3503646850586 30.3670635223389 30.3794765472412 30.3815383911133 30.3782558441162 30.3676357269287 30.3499431610107 30.3264598846436 30.309497833252 30.2956275939941 30.2839126586914 30.2727146148682 30.2817687988281 30.2896137237549 30.259614944458 30.2256774902344 30.1752624511719 30.12668800354 30.0819988250732 30.0663204193115 30.0860996246338 30.131420135498 30.1953449249268 30.2591571807861 30.3229236602783 30.3687171936035 30.4109783172607 30.4095802307129 30.403169631958 30.3635787963867 30.3195743560791 30.2600479125977 30.2038307189941 30.1537570953369 30.1161289215088 30.09206199646 30.102388381958 30.1349716186523 30.1554794311523 30.1716480255127 30.1751384735107
30.2216129302979 30.2388229370117 30.2559299468994 30.2728271484375 30.2898216247559 30.3099880218506 30.3312168121338 30.3578414916992 30.3817806243896 30.3992252349854 30.4041175842285 30.3917770385742 30.3670330047607 30.3321418762207 30.3124141693115 30.2998695373535 30.2916622161865 30.2844924926758 30.2975749969482 30.3089637756348 30.275447845459 30.2370109558105 30.1779747009277 30.1252708435059 30.0859355926514 30.079216003418 30.1123638153076 30.1740589141846 30.2565479278564 30.3313999176025 30.4030914306641 30.4488315582275 30.4894695281982 30.491189956665 30.4880218505859 30.4511699676514 30.4077129364014 30.3410453796387 30.2763938903809 30.2154922485352 30.1662178039551 30.1296157836914 30.1284561157227 30.1502323150635 30.1678619384766 30.1840019226074 30.1936893463135
30.2003974914551 30.2186050415039 30.2369384765625 30.2531185150146 30.2691555023193 30.2873229980469 30.3081703186035 30.3426418304443 30.376781463623 30.4101104736328 30.4250526428223 30.4147529602051 30.3849010467529 30.3390502929688 30.315299987793 30.3020210266113 30.2961921691895 30.2921447753906 30.3081111907959 30.3220767974854 30.286865234375 30.2456073760986 30.1790370941162 30.1228713989258 30.0886688232422 30.0904674530029 30.1362628936768 30.2133121490479 30.3131256103516 30.3974647521973 30.4753952026367 30.5198802947998 30.5577926635742 30.5619983673096 30.5616245269775 30.5287075042725 30.4872665405273 30.4158535003662 30.3447437286377 30.2742042541504 30.2148246765137 30.1676025390625 30.1556167602539 30.166431427002 30.1810073852539 30.1969337463379 30.212495803833
30.1923713684082 30.2071323394775 30.2226028442383 30.2350559234619 30.2471179962158 30.2569313049316 30.2708320617676 30.3055229187012 30.3450050354004 30.3960571289062 30.4279289245605 30.4334659576416 30.4056167602539 30.350456237793 30.3180847167969 30.2965068817139 30.2889156341553 30.2846660614014 30.2993221282959 30.3123073577881 30.2820892333984 30.2441749572754 30.1740550994873 30.116870880127 30.0869960784912 30.095682144165 30.1514949798584 30.2401580810547 30.3527507781982 30.4408702850342 30.518856048584 30.5576915740967 30.5888290405273 30.5931968688965 30.5939769744873 30.5693950653076 30.5353374481201 30.4679641723633 30.3976402282715 30.3218383789062 30.2579936981201 30.2071781158447 30.1867847442627 30.1860790252686 30.1969547271729 30.2119922637939 30.2322387695312
