Ecospace-environmental-drivers/Outputs/ASCII-for-ecospace/MOM6-ISIMIP3a/tos/1997-12_tos_MOM6-ISIMIP3a.asc
NCOLS 131 
NROWS 53 
XLLCORNER -98 
YLLCORNER 23.9265270233154 
CELLSIZE 0.133587792515755 
NODATA_value -9999 
[rows 21 to 41 of 53, columns 0 to 46 of 131]
-9999 -9999 -9999 -9999 -9999 -9999 19.0767860412598 19.0814685821533 19.0957202911377 19.0918846130371 18.9139423370361 18.4055347442627 18.556001663208 19.0042037963867 19.4247913360596 19.8135166168213 20.2614440917969 20.7500286102295 21.1216087341309 21.4480094909668 21.654993057251 21.8409023284912 21.9051570892334 21.9643402099609 22.0034408569336 22.0530967712402 22.1369781494141 22.214563369751 22.2811603546143 22.3355388641357 22.3773422241211 22.4035453796387 22.4202423095703 22.4480133056641 22.4794731140137 22.5102043151855 22.5406436920166 22.5447406768799 22.5502796173096 22.5650081634521 22.5753307342529 22.5733890533447 22.5628070831299 22.5388679504395 22.5351142883301 22.5498867034912 22.5913410186768
-9999 -9999 -9999 -9999 -9999 -9999 19.0802192687988 19.0767860412598 19.0861511230469 19.1280632019043 19.0918846130371 19.2444095611572 19.5214900970459 20.0450305938721 20.4913387298584 20.8485317230225 21.227970123291 21.6226863861084 21.9187240600586 22.1766567230225 22.3409748077393 22.4887714385986 22.5347118377686 22.575511932373 22.5920352935791 22.6155452728271 22.6617088317871 22.709285736084 22.7593307495117 22.8011856079102 22.8346099853516 22.8561935424805 22.8705635070801 22.8891925811768 22.9092426300049 22.9356536865234 22.9628314971924 22.9743824005127 22.985746383667 22.9959125518799 23.0029163360596 23.0011081695557 22.9931564331055 22.9757099151611 22.9690246582031 22.9722118377686 22.9903545379639
-9999 -9999 -9999 -9999 19.033145904541 19.0753231048584 19.0753135681152 19.0885601043701 19.0767860412598 19.0955142974854 19.2480640411377 19.91282081604 20.5435619354248 21.1069927215576 21.5608158111572 21.8881683349609 22.1910305023193 22.477071762085 22.6883792877197 22.8708305358887 22.9874229431152 23.0923957824707 23.1184997558594 23.1396350860596 23.1337604522705 23.1312294006348 23.1395435333252 23.1565265655518 23.1886405944824 23.2176284790039 23.2433986663818 23.2610397338867 23.2737274169922 23.2838134765625 23.2930316925049 23.3152675628662 23.3392715454102 23.3590221405029 23.3770141601562 23.3838043212891 23.3888893127441 23.3892230987549 23.3864707946777 23.3789443969727 23.371898651123 23.365291595459 23.3615913391113
-9999 -9999 -9999 -9999 18.928201675415 19.0537414550781 19.0753326416016 19.0753135681152 19.1135787963867 19.6005821228027 20.1320419311523 20.8336582183838 21.4786281585693 22.011510848999 22.4273567199707 22.7081604003906 22.9184169769287 23.0802268981934 23.1814002990723 23.259162902832 23.2989692687988 23.3320789337158 23.3298377990723 23.3252239227295 23.307300567627 23.2919940948486 23.2851734161377 23.2837505340576 23.2917442321777 23.3039989471436 23.3206329345703 23.3372402191162 23.3538284301758 23.371524810791 23.389591217041 23.41188621521 23.4347229003906 23.4513263702393 23.4667701721191 23.4748249053955 23.4828395843506 23.490743637085 23.4969253540039 23.5004405975342 23.5013313293457 23.4998092651367 23.5028285980225
-9999 -9999 -9999 -9999 -9999 18.928201675415 19.136116027832 19.0753536224365 19.2862796783447 20.1543006896973 20.9915103912354 21.7107963562012 22.3511257171631 22.83522605896 23.1967830657959 23.4169502258301 23.5367469787598 23.5876178741455 23.5937118530273 23.5825176239014 23.5584697723389 23.532154083252 23.5069923400879 23.4816570281982 23.4546604156494 23.4295997619629 23.4108142852783 23.3945617675781 23.3827285766602 23.3810348510742 23.3897686004639 23.4058704376221 23.4264602661133 23.4509944915771 23.476842880249 23.4991111755371 23.5208225250244 23.5341911315918 23.5470848083496 23.5569534301758 23.5681667327881 23.5831241607666 23.5973587036133 23.6104736328125 23.6182270050049 23.6210613250732 23.6312446594238
-9999 -9999 -9999 -9999 -9999 19.1150455474854 18.928201675415 19.46559715271 20.0549049377441 20.9213314056396 21.7435092926025 22.3963375091553 22.9492950439453 23.3046417236328 23.5403919219971 23.6381492614746 23.6768951416016 23.6751194000244 23.652135848999 23.620964050293 23.5897617340088 23.5585517883301 23.5342655181885 23.5102500915527 23.4872341156006 23.4656677246094 23.448802947998 23.4334049224854 23.4205665588379 23.4171390533447 23.4233913421631 23.441312789917 23.4663429260254 23.4943237304688 23.5232849121094 23.5451393127441 23.5659313201904 23.5756702423096 23.5860023498535 23.6000957489014 23.6156845092773 23.6354312896729 23.6538562774658 23.6702423095703 23.6801643371582 23.6841526031494 23.7034568786621
-9999 -9999 19.5064487457275 19.4646472930908 19.4258918762207 19.3021106719971 19.1148242950439 19.9445953369141 20.8254508972168 21.6776523590088 22.4658508300781 23.0090713500977 23.4458293914795 23.671932220459 23.7947387695312 23.7983570098877 23.7730255126953 23.7278137207031 23.6796245574951 23.6302890777588 23.5918197631836 23.555269241333 23.5327129364014 23.5110950469971 23.4947338104248 23.4798240661621 23.4696197509766 23.459888458252 23.450984954834 23.4506359100342 23.4590892791748 23.4813594818115 23.5120449066162 23.5440769195557 23.5765552520752 23.5980453491211 23.6179180145264 23.6242332458496 23.6322822570801 23.6513767242432 23.6719436645508 23.6966094970703 23.7194671630859 23.7395362854004 23.7517948150635 23.7568855285645 23.7841014862061
-9999.000000000000000 -9999 -9999 -9999 19.6659412384033 19.5496711730957 19.6637630462646 20.6172409057617 21.6001853942871 22.4106121063232 23.1234836578369 23.4629535675049 23.7206134796143 23.8163967132568 23.8543243408203 23.8254909515381 23.7731151580811 23.7045669555664 23.6396236419678 23.5760688781738 23.5300960540771 23.4872264862061 23.4682693481445 23.4513969421387 23.4475288391113 23.4461727142334 23.4529685974121 23.4594058990479 23.4652156829834 23.4784469604492 23.4993133544922 23.5314464569092 23.5704441070557 23.6078472137451 23.6447200775146 23.6659564971924 23.6849212646484 23.6882495880127 23.6946258544922 23.7204093933105 23.7472743988037 23.7771453857422 23.8049621582031 23.829610824585 23.8445739746094 23.8506526947021 23.8831424713135
-9999 -9999 -9999 -9999 19.9802684783936 20.1460418701172 20.0866107940674 21.104154586792 22.1530017852783 22.9042015075684 23.5429229736328 23.7511291503906 23.8953838348389 23.9130973815918 23.8976898193359 23.8440628051758 23.7705574035645 23.6834011077881 23.6072750091553 23.5354099273682 23.4882392883301 23.445426940918 23.4315242767334 23.420431137085 23.4274673461914 23.4378185272217 23.4589290618896 23.4789276123047 23.4969902038574 23.5218925476074 23.5538349151611 23.5946617126465 23.6409015655518 23.6817989349365 23.7209167480469 23.74169921875 23.7598323822021 23.7617588043213 23.7679290771484 23.801118850708 23.8347091674805 23.8694114685059 23.9025230407715 23.933177947998 23.9522686004639 23.9607486724854 23.9959926605225
-9999 -9999 -9999 -9999 20.1955680847168 20.2450923919678 20.3062438964844 21.3574028015137 22.4266242980957 23.0966415405273 23.6626968383789 23.83083152771 23.9443264007568 23.9497051239014 23.9206504821777 23.8518619537354 23.7646732330322 23.6648502349854 23.5845584869385 23.5118103027344 23.4713764190674 23.4366455078125 23.4296264648438 23.425609588623 23.4415531158447 23.4612922668457 23.493335723877 23.5236225128174 23.5508365631104 23.5850105285645 23.6263427734375 23.6743907928467 23.7265319824219 23.7685604095459 23.8072166442871 23.8272933959961 23.8446922302246 23.8472099304199 23.855016708374 23.8965148925781 23.937370300293 23.9764366149902 24.0152645111084 24.0537204742432 24.078727722168 24.0913887023926 24.1262111663818
-9999 -9999 -9999 -9999 20.2450923919678 20.3191165924072 20.4060153961182 21.4334201812744 22.481819152832 23.1422996520996 23.7018527984619 23.8751068115234 23.9895648956299 23.9876842498779 23.9484767913818 23.8662033081055 23.7680740356445 23.6590557098389 23.5811862945557 23.515344619751 23.4900493621826 23.4719104766846 23.4755783081055 23.4816875457764 23.5041751861572 23.5303707122803 23.5685901641846 23.6040382385254 23.634651184082 23.6713581085205 23.7143363952637 23.7651119232178 23.8206405639648 23.8640842437744 23.9034976959229 23.9271907806396 23.9486122131348 23.9562568664551 23.968807220459 24.0125961303711 24.0555000305176 24.0959377288818 24.1373138427734 24.180139541626 24.211519241333 24.2323913574219 24.2662868499756
-9999 -9999 -9999 -9999 20.3234081268311 20.4060153961182 21.3078117370605 21.3765106201172 22.3731861114502 23.0778675079346 23.6805458068848 23.8928108215332 24.0320243835449 24.0266895294189 23.9799556732178 23.8854503631592 23.7784366607666 23.6628303527832 23.5923233032227 23.5392303466797 23.5353775024414 23.5402126312256 23.5574150085449 23.5759372711182 23.6031970977783 23.6336536407471 23.6744785308838 23.7112483978271 23.7409400939941 23.7751293182373 23.8139457702637 23.8640785217285 23.921106338501 23.966178894043 24.0072631835938 24.0378170013428 24.0668239593506 24.0830001831055 24.1026229858398 24.1441917419434 24.1852321624756 24.224796295166 24.2663459777832 24.3109664916992 24.3490619659424 24.3811664581299 24.4137554168701
-9999 -9999 -9999 -9999 20.4060153961182 21.3104019165039 21.746618270874 22.0153026580811 22.1155090332031 22.9041652679443 23.5894374847412 23.8790016174316 24.0690956115723 24.062370300293 24.0104541778564 23.9063949584961 23.7935218811035 23.6745986938477 23.6168842315674 23.5828056335449 23.5943584442139 23.6139640808105 23.6373748779297 23.6617374420166 23.6933364868164 23.7283344268799 23.7743549346924 23.8164157867432 23.8515682220459 23.8876037597656 23.9245529174805 23.9725303649902 24.027229309082 24.0725917816162 24.1148433685303 24.1495494842529 24.1831436157227 24.2072715759277 24.2334957122803 24.2730560302734 24.3121280670166 24.3498420715332 24.389066696167 24.4306297302246 24.4690818786621 24.5046787261963 24.5361938476562
-9999 -9999 -9999 -9999 -9999 21.6981925964355 21.7811641693115 21.8480415344238 21.7939548492432 22.6836338043213 23.4684143066406 23.8516845703125 24.1038589477539 24.0966262817383 24.0405330657959 23.9280643463135 23.8106327056885 23.6897945404053 23.6471996307373 23.6348171234131 23.6591892242432 23.6900501251221 23.7165298461914 23.7439155578613 23.7796669006348 23.8193264007568 23.871654510498 23.9207096099854 23.964054107666 24.0038089752197 24.0398731231689 24.0850505828857 24.135778427124 24.1808586120605 24.2240562438965 24.261754989624 24.2986545562744 24.3304862976074 24.3631057739258 24.400749206543 24.4378128051758 24.4732532501221 24.5090808868408 24.5455074310303 24.5815925598145 24.6173629760742 24.6479053497314
-9999 -9999 -9999 -9999 -9999 21.595365524292 21.5667972564697 21.4801502227783 21.5665626525879 22.5235786437988 23.37717628479 23.8349323272705 24.1355438232422 24.1252174377441 24.0655918121338 23.9490814208984 23.8298721313477 23.7088069915771 23.6772289276123 23.6802062988281 23.7138786315918 23.7529678344727 23.7864608764648 23.8206233978271 23.8613700866699 23.9056148529053 23.9611988067627 24.0145988464355 24.0641841888428 24.108678817749 24.1479396820068 24.1905345916748 24.2351627349854 24.2767524719238 24.3173313140869 24.3533821105957 24.388801574707 24.4234981536865 24.459020614624 24.499813079834 24.5395679473877 24.57643699646 24.612756729126 24.6482315063477 24.6838245391846 24.7195281982422 24.7509593963623
-9999 -9999 -9999 -9999 -9999 21.5334243774414 21.4381370544434 21.372200012207 21.3586540222168 22.3760375976562 23.2921028137207 23.8203620910645 24.1665916442871 24.1526355743408 24.0896091461182 23.9699649810791 23.849552154541 23.7286109924316 23.7072010040283 23.7242259979248 23.7664680480957 23.8131618499756 23.8544864654541 23.8961982727051 23.9421138763428 23.990930557251 24.0491409301758 24.1063346862793 24.1617565155029 24.2112045288086 24.2545032501221 24.294563293457 24.3326511383057 24.3700866699219 24.4073066711426 24.4407520294189 24.4736995697021 24.5102615356445 24.547966003418 24.5929527282715 24.6363716125488 24.6754341125488 24.7130527496338 24.748441696167 24.7839317321777 24.8195152282715 24.852222442627
-9999 -9999 -9999 -9999 -9999 -9999 21.5953407287598 21.4620609283447 21.542594909668 22.540283203125 23.4271202087402 23.8896789550781 24.190523147583 24.1713809967041 24.1088123321533 23.9961318969727 23.8769721984863 23.7533626556396 23.7355442047119 23.7585754394531 23.808500289917 23.8631725311279 23.9102878570557 23.9576816558838 24.0087757110596 24.0613098144531 24.1185092926025 24.1748542785645 24.2297077178955 24.2797527313232 24.3248519897461 24.3652629852295 24.4028167724609 24.439416885376 24.4756984710693 24.506477355957 24.5365657806396 24.5760631561279 24.6169013977051 24.6662673950195 24.7143878936768 24.7590465545654 24.8007106781006 24.8377475738525 24.8751277923584 24.9128246307373 24.9476203918457
-9999 -9999 -9999 -9999 -9999 -9999 21.8897647857666 21.9517631530762 21.7769527435303 22.738842010498 23.5811576843262 23.9658031463623 24.2132606506348 24.1892623901367 24.1280460357666 24.0238857269287 23.9065036773682 23.7800464630127 23.7640419006348 23.7906875610352 23.8476181030273 23.90989112854 23.9625625610352 24.0154151916504 24.0715351104736 24.1277027130127 24.1840267181396 24.2396125793457 24.2939071655273 24.3445224761963 24.3913516998291 24.4323673248291 24.4698429107666 24.5059814453125 24.541675567627 24.5701923370361 24.5978240966797 24.6405372619629 24.6847515106201 24.7385311126709 24.7913703918457 24.8415870666504 24.8873443603516 24.926212310791 24.9656314849854 25.005558013916 25.0424747467041
-9999 -9999 -9999 -9999 -9999 -9999 22.2451496124268 22.2554702758789 22.361930847168 23.1545124053955 23.8329524993896 24.0744972229004 24.2266845703125 24.2020626068115 24.1499195098877 24.0660209655762 23.95485496521 23.8249645233154 23.7949676513672 23.8035430908203 23.8606700897217 23.9263648986816 23.9830532073975 24.0398693084717 24.0993957519531 24.158712387085 24.2173519134521 24.2753582000732 24.3322563171387 24.3852024078369 24.4340782165527 24.4770584106445 24.5164451599121 24.5545387268066 24.5922012329102 24.6227645874023 24.6524810791016 24.7008514404297 24.7505931854248 24.8090591430664 24.8662776947021 24.9200172424316 24.9690780639648 25.0109043121338 25.0529956817627 25.0953273773193 25.1343555450439
-9999 -9999 -9999 -9999 -9999 22.1659641265869 22.4345188140869 22.5282154083252 22.9277839660645 23.5413703918457 24.0520000457764 24.1685619354248 24.2377853393555 24.2133388519287 24.1704978942871 24.1064319610596 24.0042610168457 23.8759231567383 23.8310623168945 23.8184337615967 23.8722667694092 23.9378280639648 23.9982452392578 24.0588226318359 24.1216907501221 24.1841220855713 24.2451438903809 24.3055057525635 24.3647232055664 24.42014503479 24.4716644287109 24.5174312591553 24.5596961975098 24.6003303527832 24.6404190063477 24.6738891601562 24.7066020965576 24.7612934112549 24.8172073364258 24.8808898925781 24.9425830841064 24.9987316131592 25.0504016876221 25.0951480865479 25.1396713256836 25.1839942932129 25.2237586975098
-9999 -9999 -9999 -9999 21.4455738067627 21.9708805084229 22.1659641265869 22.7884254455566 23.4235191345215 23.8225727081299 24.1509799957275 24.2089939117432 24.2403678894043 24.2190284729004 24.1863269805908 24.1405200958252 24.0575408935547 23.949031829834 23.8861103057861 23.8407917022705 23.8785305023193 23.9309272766113 23.9940128326416 24.0576133728027 24.1235771179199 24.1889934539795 24.2526397705078 24.3151340484619 24.3756198883057 24.4340591430664 24.4903926849365 24.5419769287109 24.5906639099121 24.6359825134277 24.6801776885986 24.7197036743164 24.7587604522705 24.8222026824951 24.8866519927979 24.957498550415 25.0240173339844 25.0784873962402 25.1302261352539 25.1777381896973 25.2238273620605 25.2686100006104 25.3040733337402
