Ecospace-environmental-drivers/Outputs/ASCII-for-ecospace/MOM6-ISIMIP3a/tos/1997-11_tos_MOM6-ISIMIP3a.asc
NCOLS 131 
NROWS 53 
XLLCORNER -98 
YLLCORNER 23.9265270233154 
CELLSIZE 0.133587792515755 
NODATA_value -9999 
[rows 21 to 41 of 53, columns 0 to 46 of 131]
-9999 -9999 -9999 -9999 -9999 -9999 22.9404373168945 22.9379825592041 22.9277038574219 22.889533996582 22.6565608978271 22.1509170532227 22.2930393218994 22.716381072998 23.1583156585693 23.6217021942139 23.9372634887695 24.1513061523438 24.2988243103027 24.4206562042236 24.555025100708 24.6916046142578 24.7084941864014 24.7203636169434 24.712230682373 24.7047271728516 24.6992664337158 24.6896190643311 24.6726608276367 24.6502552032471 24.6222438812256 24.6015930175781 24.5854263305664 24.5820083618164 24.582836151123 24.5990447998047 24.6170196533203 24.585277557373 24.5582885742188 24.5615634918213 24.5636215209961 24.5622901916504 24.566219329834 24.5782775878906 24.5994758605957 24.6290645599365 24.6345329284668
-9999 -9999 -9999 -9999 -9999 -9999 22.9441699981689 22.9404373168945 22.9355278015137 22.9453163146973 22.889533996582 22.9292335510254 23.0851135253906 23.4708843231201 23.840311050415 24.1908798217773 24.4168014526367 24.5571231842041 24.654878616333 24.736198425293 24.8310394287109 24.9282665252686 24.9359092712402 24.9393329620361 24.9239368438721 24.9104251861572 24.9030303955078 24.891300201416 24.8720073699951 24.8493022918701 24.8230857849121 24.8050155639648 24.7919082641602 24.7923679351807 24.7973518371582 24.8129863739014 24.8298225402832 24.8091888427734 24.7910823822021 24.7890682220459 24.7871570587158 24.7855377197266 24.7853374481201 24.7873344421387 24.799711227417 24.8216094970703 24.8373489379883
-9999 -9999 -9999 -9999 22.8365383148193 22.9199504852295 22.9412078857422 22.9508628845215 22.9404373168945 22.9306182861328 23.020679473877 23.4930381774902 23.9108715057373 24.2208118438721 24.4967937469482 24.7335929870605 24.8699436187744 24.937313079834 24.9860897064209 25.0276851654053 25.0813865661621 25.1372261047363 25.1372241973877 25.1338768005371 25.1128463745117 25.0946292877197 25.0855312347412 25.0719928741455 25.0507030487061 25.0288028717041 25.0062770843506 24.9917602539062 24.9821224212646 24.9864311218262 24.9953880310059 25.0099601745605 25.025146484375 25.0176639556885 25.0103015899658 25.0037040710449 24.9982357025146 24.9959011077881 24.991189956665 24.9828014373779 24.9842948913574 24.9948577880859 25.0164394378662
-9999 -9999 -9999 -9999 22.6381492614746 22.8468456268311 22.8986930847168 22.9412078857422 22.9709453582764 23.3494205474854 23.7330474853516 24.1363906860352 24.4863357543945 24.7306270599365 24.9317302703857 25.0830039978027 25.1572723388672 25.1786575317383 25.1831855773926 25.1812057495117 25.1912422180176 25.2033977508545 25.1951198577881 25.184513092041 25.1582202911377 25.1343307495117 25.1182403564453 25.1014156341553 25.083309173584 25.0690650939941 25.0587978363037 25.0504341125488 25.0432281494141 25.0436496734619 25.0466156005859 25.0582637786865 25.0710277557373 25.0723266601562 25.0731067657471 25.0705986022949 25.0687046051025 25.0685195922852 25.0654296875 25.0578536987305 25.0541515350342 25.0540027618408 25.0626392364502
-9999 -9999 -9999 -9999 -9999 22.6381492614746 22.9093360900879 22.8561782836914 23.1199913024902 23.7861480712891 24.3836574554443 24.7184200286865 25.0014400482178 25.1820793151855 25.3116016387939 25.3821449279785 25.398551940918 25.3777809143066 25.3430595397949 25.3029537200928 25.2756805419922 25.2506732940674 25.2347011566162 25.2175121307373 25.1885299682617 25.1615257263184 25.1409454345703 25.1225032806396 25.1077899932861 25.0999336242676 25.0991325378418 25.0971565246582 25.0944652557373 25.0928916931152 25.0916881561279 25.0997848510742 25.1091442108154 25.1155109405518 25.1209526062012 25.1204967498779 25.1202430725098 25.1205615997314 25.1181716918945 25.1115970611572 25.1044616699219 25.0968132019043 25.0959339141846
-9999 -9999 -9999 -9999 -9999 22.7752285003662 22.6381492614746 23.2018051147461 23.7887897491455 24.301456451416 24.763463973999 25.0315704345703 25.2518844604492 25.3776302337646 25.4500255584717 25.4608631134033 25.4379196166992 25.3917770385742 25.3397254943848 25.2853908538818 25.248685836792 25.2150917053223 25.1939716339111 25.1731739044189 25.1527824401855 25.1338748931885 25.1197891235352 25.1070461273193 25.096643447876 25.0896034240723 25.0860233306885 25.0914783477783 25.1024379730225 25.1071491241455 25.1097755432129 25.111572265625 25.1132049560547 25.1083736419678 25.1032009124756 25.0958614349365 25.088773727417 25.0823879241943 25.0766468048096 25.0718994140625 25.0690727233887 25.0680046081543 25.0726451873779
-9999 -9999 23.0560894012451 23.0276203155518 23.0032844543457 22.9124717712402 22.7750663757324 23.5548286437988 24.3482913970947 24.7363376617432 25.0868873596191 25.2939205169678 25.456844329834 25.5324878692627 25.555814743042 25.5187816619873 25.4600410461426 25.3863925933838 25.3165054321289 25.2480716705322 25.2030296325684 25.1621131896973 25.1387958526611 25.1171340942383 25.106071472168 25.0961475372314 25.089916229248 25.0850257873535 25.0824718475342 25.0808086395264 25.0800609588623 25.0920448303223 25.1117839813232 25.1190719604492 25.1222076416016 25.1160697937012 25.1085929870605 25.0929889678955 25.0774536132812 25.0623569488525 25.0482997894287 25.0371322631836 25.0305824279785 25.0311679840088 25.0375480651855 25.0492477416992 25.0663890838623
-9999.000000000000000 -9999 -9999 -9999 23.167106628418 23.0940971374512 23.1778030395508 23.9239940643311 24.6693286895752 24.995735168457 25.2872867584229 25.4454345703125 25.5625686645508 25.5985527038574 25.5903987884521 25.5313205718994 25.4445323944092 25.3387145996094 25.2499008178711 25.167652130127 25.1166553497314 25.071174621582 25.052095413208 25.0355606079102 25.0354404449463 25.0364303588867 25.0410289764404 25.0486907958984 25.061695098877 25.0753593444824 25.0897006988525 25.1062450408936 25.1241340637207 25.125904083252 25.1222991943359 25.1046676635742 25.0850563049316 25.0596141815186 25.0342636108398 25.00950050354 24.9881763458252 24.9764251708984 24.9746170043945 24.9881725311279 25.0144538879395 25.0524158477783 25.0972957611084
-9999 -9999 -9999 -9999 23.3779220581055 23.4947509765625 23.4646511077881 24.1791496276855 24.896089553833 25.1821022033691 25.4350242614746 25.5612945556641 25.6474761962891 25.6543388366699 25.6189861297607 25.5349235534668 25.424430847168 25.2957859039307 25.1984100341797 25.1131076812744 25.0623474121094 25.0176830291748 25.0024585723877 24.9903144836426 24.998477935791 25.0086879730225 25.0255336761475 25.0457744598389 25.0719432830811 25.0959529876709 25.1177368164062 25.1330223083496 25.1443481445312 25.1394596099854 25.1291656494141 25.103609085083 25.0759220123291 25.0454521179199 25.0156097412109 24.98974609375 24.9696559906006 24.9656391143799 24.9752616882324 25.0059661865234 25.0528984069824 25.1147232055664 25.186092376709
-9999 -9999 -9999 -9999 23.5198345184326 23.5449180603027 23.575891494751 24.2908725738525 25.0042457580566 25.2765922546387 25.516508102417 25.6323013305664 25.7061977386475 25.6971950531006 25.6400260925293 25.5272808074951 25.3985462188721 25.2588291168213 25.1659336090088 25.0911178588867 25.0483798980713 25.011302947998 24.9994506835938 24.9907665252686 25.0038738250732 25.021167755127 25.0520439147949 25.0849018096924 25.121223449707 25.1493091583252 25.1689186096191 25.1756210327148 25.1744575500488 25.1614780426025 25.1445579528809 25.1155643463135 25.0849113464355 25.0554676055908 25.0278224945068 25.0116367340088 25.0034770965576 25.0176525115967 25.0471267700195 25.1002407073975 25.1687641143799 25.2514324188232 25.3477191925049
-9999 -9999 -9999 -9999 23.5449180603027 23.5824108123779 23.6264228820801 24.3291149139404 25.0324726104736 25.3099155426025 25.5558624267578 25.6812553405762 25.7581958770752 25.7392616271973 25.667121887207 25.5335922241211 25.3939342498779 25.2500667572021 25.1627388000488 25.0972442626953 25.0623626708984 25.0328826904297 25.0282535552979 25.0267772674561 25.0470352172852 25.0718326568604 25.1113471984863 25.1496868133545 25.1859722137451 25.2118148803711 25.2269077301025 25.2321929931641 25.231502532959 25.2252826690674 25.2172203063965 25.1981353759766 25.1775321960449 25.1574001312256 25.1392307281494 25.1335468292236 25.1366138458252 25.1640396118164 25.2065544128418 25.2723941802979 25.3509750366211 25.4412536621094 25.5417289733887
-9999 -9999 -9999 -9999 23.5845832824707 23.6264228820801 24.2810955047607 24.3122463226318 25.0007476806641 25.2973613739014 25.5636157989502 25.7136726379395 25.805154800415 25.7807350158691 25.6987590789795 25.5503692626953 25.4052772521973 25.262451171875 25.1815052032471 25.1244564056396 25.0973052978516 25.0754299163818 25.0809135437012 25.0894603729248 25.118522644043 25.1511325836182 25.1952476501465 25.233715057373 25.2623233795166 25.2811794281006 25.290002822876 25.2992458343506 25.3087482452393 25.3204288482666 25.3328342437744 25.3336696624756 25.332878112793 25.328275680542 25.3250350952148 25.330472946167 25.3442420959473 25.3812046051025 25.4316577911377 25.5029602050781 25.5829467773438 25.6709060668945 25.7600231170654
-9999 -9999 -9999 -9999 23.6264228820801 24.3305397033691 24.6521549224854 24.856595993042 24.8993186950684 25.242374420166 25.5519695281982 25.733491897583 25.8456726074219 25.8206405639648 25.7346973419189 25.5784664154053 25.4326419830322 25.2939624786377 25.2193775177002 25.1695423126221 25.1509265899658 25.1378192901611 25.1523494720459 25.1695594787598 25.2040538787842 25.2402095794678 25.2817478179932 25.3179988861084 25.3450222015381 25.3693866729736 25.3910121917725 25.4167575836182 25.4450092315674 25.4692783355713 25.4922199249268 25.5019283294678 25.5097789764404 25.5133037567139 25.5178775787354 25.5291347503662 25.5477771759033 25.5869770050049 25.6365623474121 25.7021980285645 25.7722816467285 25.8464431762695 25.9203090667725
-9999 -9999 -9999 -9999 -9999 24.6975288391113 24.7624893188477 24.7876224517822 24.7680168151855 25.1692008972168 25.5320072174072 25.7479133605957 25.8834285736084 25.8598747253418 25.7724781036377 25.6114158630371 25.4668731689453 25.3336715698242 25.2654361724854 25.2222881317139 25.212553024292 25.2087116241455 25.2318305969238 25.2571220397949 25.2956047058105 25.333475112915 25.3693618774414 25.4023933410645 25.4304428100586 25.4656658172607 25.5082740783691 25.5558929443359 25.6065616607666 25.6411457061768 25.6703662872314 25.6842136383057 25.695915222168 25.7043972015381 25.7137355804443 25.7285423278809 25.7495574951172 25.78786277771 25.8328075408936 25.888011932373 25.9433422088623 25.9987850189209 26.055736541748
-9999 -9999 -9999 -9999 -9999 24.6880741119385 24.677942276001 24.6432476043701 24.6826725006104 25.1311359405518 25.535758972168 25.7725734710693 25.9222240447998 25.8994045257568 25.8130531311035 25.653392791748 25.5107116699219 25.3796882629395 25.3176651000977 25.2822856903076 25.278636932373 25.2805881500244 25.3067398071289 25.3348789215088 25.3751792907715 25.4155368804932 25.4560775756836 25.4967784881592 25.5377578735352 25.5852088928223 25.6393222808838 25.6888008117676 25.7354583740234 25.7630481719971 25.7842826843262 25.7954273223877 25.8051929473877 25.8169364929199 25.8294372558594 25.8467655181885 25.8690166473389 25.9049758911133 25.9462261199951 25.9956550598145 26.0449600219727 26.0941524505615 26.1438732147217
-9999 -9999 -9999 -9999 -9999 24.6598148345947 24.6237926483154 24.602954864502 24.6068363189697 25.1003360748291 25.5444164276123 25.7993507385254 25.9612331390381 25.9389953613281 25.8542041778564 25.6972370147705 25.5565376281738 25.4270076751709 25.3711681365967 25.3437824249268 25.3456439971924 25.352668762207 25.3807010650635 25.4106044769287 25.4522762298584 25.4952812194824 25.5426082611084 25.5932292938232 25.6496028900146 25.709566116333 25.7732219696045 25.8204212188721 25.8575973510742 25.8746147155762 25.8849105834961 25.8919372558594 25.8985691070557 25.9132232666016 25.9285545349121 25.9481925964355 25.9714431762695 26.0047550201416 26.0425071716309 26.0871238708496 26.132209777832 26.1777286529541 26.222225189209
-9999 -9999 -9999 -9999 -9999 -9999 24.677713394165 24.6251754760742 24.6650981903076 25.1646118164062 25.610013961792 25.8482933044434 25.9985198974609 25.9745197296143 25.8937969207764 25.7476234436035 25.6092357635498 25.4761962890625 25.4225521087646 25.3995666503906 25.4068813323975 25.4195461273193 25.4471817016602 25.4767665863037 25.5198669433594 25.5648441314697 25.6159152984619 25.6697673797607 25.7284717559814 25.7865085601807 25.8438625335693 25.8854751586914 25.9174976348877 25.9328556060791 25.9426574707031 25.9468803405762 25.9503993988037 25.9630470275879 25.9763050079346 25.9934539794922 26.0142230987549 26.0450763702393 26.0809135437012 26.1244583129883 26.1711025238037 26.2205924987793 26.2694892883301
-9999 -9999 -9999 -9999 -9999 -9999 24.785572052002 24.8050079345703 24.7440166473389 25.2428722381592 25.683277130127 25.8999614715576 26.0352020263672 26.0092849731445 25.9330139160156 25.7986431121826 25.6627998352051 25.5259456634521 25.4736576080322 25.4540271759033 25.466236114502 25.4840621948242 25.5112953186035 25.5405311584473 25.5847320556641 25.6312808990479 25.6854476928711 25.7416839599609 25.80153465271 25.856861114502 25.9075355529785 25.943920135498 25.9715995788574 25.9857692718506 25.9954357147217 25.9963130950928 25.9960479736328 26.0057754516602 26.0162258148193 26.0312843322754 26.050106048584 26.0794010162354 26.1144409179688 26.1583595275879 26.207763671875 26.2622013092041 26.3163356781006
-9999 -9999 -9999 -9999 -9999 -9999 24.9003124237061 24.9265308380127 24.9792251586914 25.4248561859131 25.8111152648926 25.9701251983643 26.066234588623 26.037878036499 25.9689788818359 25.8532981872559 25.7222919464111 25.5807609558105 25.5228004455566 25.4971103668213 25.5082473754883 25.5258827209473 25.5537395477295 25.583288192749 25.625072479248 25.6692218780518 25.7210330963135 25.773853302002 25.8284339904785 25.8795509338379 25.9271049499512 25.963680267334 25.9935703277588 26.0073299407959 26.0157127380371 26.0068130493164 25.9956016540527 25.9950065612793 25.9971466064453 26.0166893005371 26.0409126281738 26.0781688690186 26.1235542297363 26.1815052032471 26.243724822998 26.3098602294922 26.3735675811768
-9999 -9999 -9999 -9999 -9999 24.7385444641113 24.9370937347412 24.9693965911865 25.2232322692871 25.604133605957 25.9279651641846 26.0333614349365 26.0932159423828 26.0629501342773 26.0013866424561 25.9037094116211 25.7797508239746 25.6377468109131 25.5743236541748 25.5412445068359 25.5499782562256 25.5660915374756 25.5937633514404 25.6228828430176 25.6619548797607 25.7032356262207 25.7516708374023 25.8003807067871 25.8495635986328 25.8962554931641 25.9403800964355 25.9759616851807 26.0063381195068 26.0182113647461 26.0239162445068 26.0059394836426 25.9847831726074 25.9764537811279 25.9729118347168 25.9998664855957 26.0325355529785 26.081111907959 26.1388301849365 26.2106800079346 26.285062789917 26.3617725372314 26.4329624176025
-9999 -9999 -9999 -9999 24.2843856811523 24.6207599639893 24.7385444641113 25.1139030456543 25.4995002746582 25.7734832763672 26.0045261383057 26.0712032318115 26.1053447723389 26.0751037597656 26.0207443237305 25.9385566711426 25.829761505127 25.7026920318604 25.6345806121826 25.5892353057861 25.5906848907471 25.6003913879395 25.6249179840088 25.6508865356445 25.6861553192139 25.7228507995605 25.7641639709473 25.8062133789062 25.8495426177979 25.8910160064697 25.9305782318115 25.9608173370361 25.985372543335 25.9899425506592 25.9878520965576 25.9633655548096 25.9359321594238 25.9293441772461 25.9297714233398 25.9748783111572 26.0271492004395 26.099365234375 26.1767024993896 26.2619552612305 26.3461170196533 26.4292793273926 26.5002861022949
