Ecospace-environmental-drivers/Outputs/ASCII-for-ecospace/MOM6-ISIMIP3a/tos/1998-10_tos_MOM6-ISIMIP3a.asc
NCOLS 131 
NROWS 53 
XLLCORNER -98 
YLLCORNER 23.9265270233154 
CELLSIZE 0.133587792515755 
NODATA_value -9999 
[rows 0 to 20 of 53, columns 47 to 93 of 131]
-9999 -9999 -9999 -9999 -9999 -9999 -9999 -9999 -9999 -9999 -9999 -9999 -9999 -9999 -9999 -9999 -9999 -9999 -9999 -9999 -9999 -9999 -9999 -9999 -9999 -9999 -9999 -9999 -9999 -9999 -9999 -9999 -9999 -9999 -9999 -9999 -9999 -9999 -9999 -9999 -9999 -9999 -9999 -9999 -9999 -9999 -9999
-9999 -9999 -9999 -9999 -9999 -9999 -9999 -9999 -9999 -9999 -9999 -9999 -9999 -9999 -9999 -9999 -9999 -9999 -9999 -9999 -9999 -9999 -9999 -9999 -9999 -9999 -9999 -9999 -9999 -9999 -9999 -9999 -9999 -9999 -9999 -9999 -9999 -9999 -9999 -9999 -9999 -9999 -9999 -9999 -9999 -9999 -9999
-9999 -9999 -9999 -9999 -9999 -9999 -9999 -9999 -9999 -9999 -9999 -9999 -9999 -9999 -9999 -9999 -9999 -9999 -9999 -9999 -9999 -9999 -9999 -9999 -9999 -9999 -9999 25.4581146240234 25.4820976257324 -9999 -9999 -9999 -9999 -9999 -9999 -9999 -9999 -9999 -9999 -9999 -9999 -9999 -9999 -9999 -9999 -9999 -9999
-9999 -9999 -9999 -9999 -9999 -9999 -9999 -9999 -9999 -9999 -9999 -9999 -9999 -9999 -9999 -9999 -9999 -9999 -9999 -9999 -9999 -9999 -9999 -9999 -9999 -9999 -9999 25.4579792022705 25.475679397583 -9999 -9999 -9999 -9999 -9999 -9999 -9999 -9999 -9999 -9999 -9999 -9999 -9999 -9999 -9999 -9999 -9999 -9999
-9999 -9999 -9999 -9999 -9999 -9999 -9999 -9999 -9999 -9999 -9999 -9999 -9999 -9999 -9999 -9999 -9999 -9999 25.0729923248291 25.0851078033447 25.0948009490967 25.1513442993164 25.2036819458008 25.2994804382324 25.3737087249756 25.4201908111572 25.4454803466797 25.4563770294189 25.4720840454102 25.4985790252686 -9999 -9999 25.8406276702881 26.0291042327881 26.1761016845703 26.2538871765137 26.2482891082764 26.2237339019775 26.1966381072998 26.1805305480957 26.1631984710693 26.1381759643555 -9999 -9999 -9999 -9999 -9999
-9999 -9999 -9999 -9999 -9999 -9999 -9999 -9999 -9999 -9999 -9999 -9999 -9999 -9999 24.9287128448486 -9999 24.9200458526611 24.9131202697754 24.9932327270508 25.0729923248291 25.087532043457 25.0948009490967 25.2078857421875 25.3083572387695 25.3822002410889 25.4305686950684 25.4478015899658 25.4580688476562 25.4632587432861 25.4949245452881 25.5375518798828 25.6692199707031 25.8183898925781 26.034273147583 26.2346477508545 26.2593860626221 26.2676258087158 26.2178535461426 26.1857204437256 26.1863403320312 26.1695308685303 26.1337261199951 26.1112689971924 26.0974464416504 -9999 -9999 -9999
-9999 -9999 -9999 -9999 -9999 -9999 -9999 -9999 -9999 -9999 25.3293647766113 25.3275337219238 25.3260822296143 25.3218269348145 25.1238250732422 24.9299812316895 24.9274444580078 24.9195709228516 24.9131202697754 24.9935836791992 25.0729923248291 25.0948009490967 25.2078857421875 25.3083572387695 25.3822002410889 25.4305686950684 25.4478015899658 25.4580688476562 25.4632587432861 25.4949245452881 25.5375518798828 25.6692199707031 25.8183898925781 26.034273147583 26.2346477508545 26.2593860626221 26.2676258087158 26.2178535461426 26.1857204437256 26.1863403320312 26.1695308685303 26.1337261199951 26.1112689971924 26.0974464416504 26.0937938690186 26.3828163146973 -9999
-9999 -9999 -9999 -9999 -9999 -9999 -9999 -9999 -9999 -9999 25.3391780853271 25.3293647766113 25.325704574585 -9999 25.3165988922119 25.1219215393066 24.9325180053711 24.9274444580078 24.9181499481201 24.9131202697754 24.9946365356445 25.0964050292969 25.2829265594482 25.4481048583984 25.5682258605957 25.6518020629883 25.6907157897949 25.7254371643066 25.75710105896 25.8150615692139 25.8839130401611 25.9969062805176 26.1185760498047 26.2603950500488 26.3945369720459 26.4463768005371 26.4748153686523 26.4209804534912 26.3767833709717 26.3504867553711 26.3183174133301 26.279748916626 26.2801666259766 26.3058109283447 26.4404392242432 26.6142158508301 26.405216217041
-9999 -9999 -9999 -9999 -9999 -9999 -9999 -9999 -9999 -9999 -9999 -9999 -9999 -9999 25.3181266784668 25.309627532959 25.1218929290771 24.9375896453857 24.9274444580078 24.9138851165771 24.9892768859863 25.1014995574951 25.3678684234619 25.6032257080078 25.7731151580811 25.8945579528809 25.9567909240723 26.0180263519287 26.0785350799561 26.1650619506836 26.2623634338379 26.355016708374 26.446756362915 26.5076656341553 26.5694026947021 26.6503982543945 26.7007656097412 26.6434364318848 26.5869960784912 26.532205581665 26.483491897583 26.4414005279541 26.4656276702881 26.5327663421631 26.5842971801758 26.6302223205566 26.3524894714355
25.8686256408691 -9999 -9999 -9999 -9999 -9999 -9999 -9999 -9999 -9999 25.5583572387695 25.349235534668 -9999 -9999 -9999 25.3102912902832 25.3038711547852 25.1302738189697 24.9477348327637 24.9569835662842 25.0715389251709 25.2192974090576 25.5060195922852 25.7531318664551 25.916618347168 26.033239364624 26.0925827026367 26.1580238342285 26.2279052734375 26.3208160400391 26.4232616424561 26.5095615386963 26.5926895141602 26.6196403503418 26.6494102478027 26.727029800415 26.7817077636719 26.7557239532471 26.7264881134033 26.6912155151367 26.6436805725098 26.5827903747559 26.5761528015137 26.604621887207 26.6032047271729 26.5910549163818 26.327169418335
25.939546585083 25.9500160217285 -9999 -9999 -9999 -9999 -9999 -9999 -9999 -9999 25.6378040313721 25.4815845489502 25.349235534668 -9999 -9999 25.3000793457031 25.3014297485352 25.3101024627686 25.1646556854248 25.0287380218506 25.1855945587158 25.3690872192383 25.6640491485596 25.9123592376709 26.062183380127 26.1687564849854 26.2224636077881 26.2887687683105 26.3642501831055 26.4591999053955 26.5622158050537 26.6410350799561 26.7151012420654 26.7163963317871 26.721773147583 26.793327331543 26.849760055542 26.8530216217041 26.8500232696533 26.8353977203369 26.7937278747559 26.7225933074951 26.6904449462891 26.6835250854492 26.636682510376 26.5754985809326 26.3394889831543
25.939546585083 25.9709529876709 26.0267353057861 26.0837516784668 -9999 -9999 -9999 -9999 -9999 -9999 -9999 25.5242462158203 25.4268817901611 25.349235534668 25.3293647766113 25.3000793457031 25.3014297485352 25.3101024627686 25.2754821777344 25.2541904449463 25.4701824188232 25.690465927124 25.9286975860596 26.121603012085 26.218822479248 26.2873001098633 26.3206481933594 26.3698921203613 26.4307117462158 26.5044212341309 26.5834655761719 26.6487560272217 26.7113418579102 26.7315216064453 26.7531433105469 26.8042068481445 26.848669052124 26.8699131011963 26.8879528045654 26.9000473022461 26.8893737792969 26.8538970947266 26.8249473571777 26.8002243041992 26.7482967376709 26.686595916748 26.5537071228027
25.9492034912109 26.0061473846436 26.0456485748291 26.084192276001 -9999 -9999 -9999 -9999 25.9280490875244 25.7515392303467 25.6099815368652 25.5164089202881 25.4463500976562 25.3955307006836 25.369758605957 25.3558502197266 25.3630428314209 25.3752784729004 25.4299850463867 25.4997749328613 25.7466468811035 25.9799289703369 26.1563396453857 26.2932567596436 26.3467960357666 26.3848667144775 26.40403175354 26.4398727416992 26.4878635406494 26.5418357849121 26.5982856750488 26.651123046875 26.7032527923584 26.7339363098145 26.7642364501953 26.7985458374023 26.8337459564209 26.8720760345459 26.9099807739258 26.9471015930176 26.9657611846924 26.9643096923828 26.9467582702637 26.9187927246094 26.8700466156006 26.8138389587402 26.7514629364014
25.9830017089844 26.0152225494385 26.0464191436768 26.084192276001 26.1214122772217 26.1255359649658 26.1158809661865 26.0361347198486 25.9280490875244 25.7515392303467 25.6099815368652 25.5164089202881 25.4771690368652 25.482385635376 25.5111446380615 25.5510540008545 25.5786914825439 25.6033954620361 25.6936817169189 25.7956924438477 26.0027961730957 26.1896018981934 26.2914714813232 26.3709354400635 26.4031047821045 26.4299869537354 26.4504070281982 26.4820003509521 26.5217323303223 26.5597362518311 26.5970249176025 26.6401100158691 26.6843357086182 26.7045803070068 26.7246379852295 26.7515277862549 26.7842388153076 26.8374156951904 26.8922519683838 26.9501686096191 26.9940013885498 27.0224933624268 27.0368404388428 27.0420341491699 27.0171432495117 26.9814491271973 26.9080638885498
26.0986671447754 26.0809783935547 26.0684871673584 26.0838394165039 26.1014194488525 26.1021614074707 26.0917682647705 26.0247249603271 25.9338073730469 25.7852439880371 25.6692237854004 25.5978813171387 25.5922393798828 25.6403503417969 25.7056617736816 25.7791194915771 25.8287887573242 25.8727741241455 25.9743480682373 26.082447052002 26.2279434204102 26.3539562225342 26.3984336853027 26.4337215423584 26.449613571167 26.4665927886963 26.4849052429199 26.5115432739258 26.544246673584 26.5721969604492 26.598180770874 26.6328296661377 26.6691818237305 26.6852626800537 26.7012767791748 26.7239532470703 26.7534217834473 26.8067722320557 26.8653831481934 26.9337615966797 26.9952449798584 27.0492115020752 27.0909080505371 27.1246662139893 27.1229877471924 27.1085815429688 27.039571762085
26.3300724029541 26.2268714904785 26.1206665039062 26.0829887390137 26.0531558990479 26.0457401275635 26.0335636138916 25.9971828460693 25.9477043151855 25.8666000366211 25.8122215270996 25.7945404052734 25.8264217376709 25.898853302002 25.9752998352051 26.0536499023438 26.127592086792 26.2004833221436 26.2790031433105 26.3562450408936 26.4092597961426 26.4542350769043 26.4655704498291 26.4754505157471 26.4822654724121 26.4911632537842 26.5026111602783 26.5232944488525 26.5507068634033 26.5769672393799 26.6027526855469 26.6308269500732 26.659351348877 26.6801376342773 26.700870513916 26.7238636016846 26.7490234375 26.7818050384521 26.8255939483643 26.8898277282715 26.9583168029785 27.0314426422119 27.0940628051758 27.1498832702637 27.1705074310303 27.17848777771 27.1355972290039
26.5264892578125 26.4077453613281 26.284351348877 26.2210807800293 26.1654148101807 26.1489028930664 26.1309394836426 26.1055889129639 26.0747489929199 26.0306549072266 26.0111618041992 26.0254402160645 26.0607471466064 26.1132583618164 26.1789245605469 26.2508239746094 26.3298568725586 26.4105949401855 26.4647598266602 26.5139331817627 26.5170288085938 26.519100189209 26.5168762207031 26.5165691375732 26.5203151702881 26.526439666748 26.535472869873 26.5509967803955 26.5712471008301 26.5938549041748 26.6174392700195 26.6415920257568 26.6658554077148 26.6912307739258 26.7162437438965 26.7373046875 26.7579917907715 26.7773628234863 26.8093929290771 26.864933013916 26.9303302764893 27.0064716339111 27.0783557891846 27.1474876403809 27.1885013580322 27.2194156646729 27.2074527740479
26.6934375762939 26.6180782318115 26.5419387817383 26.4761791229248 26.4128494262695 26.3864574432373 26.3593311309814 26.3284778594971 26.2970771789551 26.2643527984619 26.2572078704834 26.285177230835 26.2951946258545 26.2905254364014 26.3269577026367 26.3828563690186 26.4508247375488 26.5216770172119 26.5503883361816 26.5738410949707 26.5628643035889 26.554141998291 26.5548496246338 26.5571727752686 26.5629100799561 26.5707302093506 26.5810966491699 26.5921287536621 26.6036472320557 26.6209487915039 26.6406440734863 26.663106918335 26.6861133575439 26.7159824371338 26.7449073791504 26.7621421813965 26.7782154083252 26.7902069091797 26.8130569458008 26.8560733795166 26.909875869751 26.975435256958 27.0467662811279 27.1218338012695 27.1816291809082 27.2359390258789 27.2589530944824
26.8634338378906 26.8193531036377 26.776517868042 26.7211532592773 26.6651592254639 26.6268062591553 26.5878791809082 26.5460395812988 26.5051307678223 26.4664764404297 26.4488353729248 26.4600391387939 26.4479084014893 26.4166831970215 26.4327583312988 26.4712371826172 26.5275135040283 26.588041305542 26.6082286834717 26.6239070892334 26.6143188476562 26.6078033447266 26.6141510009766 26.6210174560547 26.6289710998535 26.6369514465332 26.644962310791 26.6509304046631 26.6554126739502 26.6661949157715 26.6795883178711 26.69944190979 26.7205657958984 26.7527294158936 26.7835502624512 26.7972545623779 26.8102169036865 26.8205661773682 26.8395843505859 26.8747024536133 26.9190845489502 26.9735641479492 27.0384540557861 27.1100807189941 27.1773509979248 27.2430553436279 27.2886295318604
27.0349235534668 27.0161972045898 26.9998378753662 26.9611740112305 26.9198551177979 26.868522644043 26.8165035247803 26.7609920501709 26.7061996459961 26.653148651123 26.6138324737549 26.5933685302734 26.5606212615967 26.5178279876709 26.5178909301758 26.5382537841797 26.5825309753418 26.6325225830078 26.6524677276611 26.6691589355469 26.6685218811035 26.6705760955811 26.6838932037354 26.6962337493896 26.7065162658691 26.7139053344727 26.7177543640137 26.7183799743652 26.7166557312012 26.7203273773193 26.7262325286865 26.7430267333984 26.761962890625 26.7953472137451 26.827075958252 26.8373966217041 26.8479824066162 26.8594989776611 26.8773021697998 26.9067840576172 26.9428100585938 26.9859657287598 27.0415325164795 27.1051292419434 27.1743392944336 27.2455654144287 27.3076229095459
27.1348114013672 27.1226005554199 27.112361907959 27.0835514068604 27.0522346496582 27.0045585632324 26.9555969238281 26.9000873565674 26.843318939209 26.7835159301758 26.7327613830566 26.694429397583 26.6538963317871 26.6115627288818 26.6051902770996 26.6158504486084 26.6453876495361 26.6794338226318 26.7003154754639 26.7198944091797 26.7336750030518 26.7486572265625 26.7686748504639 26.7863273620605 26.7989845275879 26.8047790527344 26.8021850585938 26.7931079864502 26.7793121337891 26.7746524810791 26.7737770080566 26.7892818450928 26.8080062866211 26.8403644561768 26.8711280822754 26.8813915252686 26.8921012878418 26.904390335083 26.9213638305664 26.9470386505127 26.9777450561523 27.01393699646 27.0609264373779 27.1149024963379 27.1780948638916 27.2445964813232 27.3110942840576
