Ecospace-environmental-drivers/Outputs/ASCII-for-ecospace/MOM6-ISIMIP3a/tos/1998-12_tos_MOM6-ISIMIP3a.asc
NCOLS 131 
NROWS 53 
XLLCORNER -98 
YLLCORNER 23.9265270233154 
CELLSIZE 0.133587792515755 
NODATA_value -9999 
[rows 21 to 41 of 53, columns 0 to 46 of 131]
-9999 -9999 -9999 -9999 -9999 -9999 21.5496578216553 21.5417327880859 21.5197677612305 21.4633121490479 21.2367839813232 20.7271842956543 20.8222713470459 21.1055107116699 21.4138526916504 21.7511596679688 22.0186462402344 22.2381820678711 22.4242210388184 22.5973262786865 22.7766742706299 22.9571228027344 23.0631237030029 23.1681232452393 23.2783679962158 23.3984355926514 23.5503559112549 23.6938209533691 23.8225269317627 23.9263305664062 24.004508972168 24.0484046936035 24.0714168548584 24.0710945129395 24.0629940032959 24.0419521331787 24.0191688537598 24.0031833648682 23.9839935302734 23.944408416748 23.9077110290527 23.8790473937988 23.8677845001221 23.8834114074707 23.8937911987305 23.8993549346924 23.8813018798828
-9999 -9999 -9999 -9999 -9999 -9999 21.5541305541992 21.5496578216553 21.5338077545166 21.5322933197021 21.4633121490479 21.5198574066162 21.6645469665527 21.9836444854736 22.272310256958 22.5258617401123 22.7263069152832 22.8902816772461 23.0363330841064 23.175464630127 23.3348693847656 23.4978523254395 23.588508605957 23.674243927002 23.7321586608887 23.7962455749512 23.8803443908691 23.9615631103516 24.0377521514893 24.1029777526855 24.1569213867188 24.1922473907471 24.2162342071533 24.2260303497314 24.2310962677002 24.2085018157959 24.1821117401123 24.1595420837402 24.1338081359863 24.0879230499268 24.0394287109375 23.9836673736572 23.9471035003662 23.9402084350586 23.9358139038086 23.9337158203125 23.9076690673828
-9999 -9999 -9999 -9999 21.4908924102783 21.5442237854004 21.5521488189697 21.5605850219727 21.5496578216553 21.5179576873779 21.5982475280762 22.1071949005127 22.5528793334961 22.8733825683594 23.124605178833 23.2958889007568 23.4287376403809 23.5351905822754 23.6390380859375 23.7418804168701 23.8751201629639 24.0137252807617 24.0855083465576 24.1490135192871 24.1557273864746 24.1649570465088 24.1823444366455 24.2021255493164 24.2260894775391 24.2526245117188 24.2818069458008 24.308048248291 24.3324928283691 24.3529853820801 24.3721618652344 24.3501796722412 24.322509765625 24.2947406768799 24.2640151977539 24.2144565582275 24.1567993164062 24.0765953063965 24.016185760498 23.9863700866699 23.9667797088623 23.9565773010254 23.9222564697266
-9999 -9999 -9999 -9999 21.3616123199463 21.5055828094482 21.5362968444824 21.5521488189697 21.579948425293 21.9337615966797 22.3267269134521 22.8695468902588 23.3220882415771 23.5959930419922 23.7884006500244 23.8867664337158 23.9537677764893 23.9992275238037 24.0423831939697 24.0846519470215 24.1515445709229 24.2227821350098 24.2630138397217 24.3000164031982 24.3157596588135 24.3288707733154 24.3334465026855 24.3374004364014 24.3402709960938 24.3444061279297 24.3498420715332 24.3600273132324 24.3731098175049 24.3884544372559 24.4045562744141 24.3928985595703 24.3772659301758 24.342191696167 24.3050022125244 24.254337310791 24.1996021270752 24.1335334777832 24.0795650482178 24.0442943572998 24.0172710418701 23.9978160858154 23.9575614929199
-9999 -9999 -9999 -9999 -9999 21.3616123199463 21.5722732543945 21.5204448699951 21.7268753051758 22.3934917449951 23.0356044769287 23.5839290618896 24.0196056365967 24.2323875427246 24.360523223877 24.3909893035889 24.3978042602539 24.3883762359619 24.3789577484131 24.3695449829102 24.3793964385986 24.3926486968994 24.405647277832 24.4197788238525 24.4433841705322 24.4604091644287 24.4560890197754 24.4483757019043 24.4347400665283 24.4217376708984 24.409387588501 24.4071273803711 24.4110164642334 24.4206886291504 24.4322929382324 24.4282112121582 24.4217262268066 24.3823089599609 24.3414936065674 24.29176902771 24.241096496582 24.1877880096436 24.1405258178711 24.102611541748 24.0716609954834 24.0471038818359 24.0044136047363
-9999 -9999 -9999 -9999 -9999 21.4884452819824 21.3616123199463 21.8548831939697 22.3852233886719 23.0458183288574 23.6585350036621 24.0879821777344 24.4027862548828 24.4907379150391 24.5306854248047 24.5152397155762 24.4866981506348 24.449161529541 24.4227561950684 24.4006519317627 24.3942756652832 24.3906784057617 24.3953762054443 24.4025554656982 24.4289054870605 24.4499778747559 24.4539432525635 24.4528064727783 24.4427661895752 24.4357089996338 24.4317207336426 24.4328308105469 24.4370441436768 24.4387435913086 24.4396057128906 24.4310512542725 24.4210453033447 24.3902778625488 24.3582820892334 24.3184700012207 24.2768650054932 24.2302665710449 24.1908798217773 24.1626377105713 24.1431446075439 24.1316814422607 24.1019039154053
-9999 -9999 21.7469158172607 21.7210636138916 21.6994552612305 21.6154289245605 21.4882946014404 22.2329406738281 23.0105609893799 23.6368179321289 24.1958866119385 24.4977874755859 24.6953411102295 24.6864204406738 24.6560802459717 24.6010246276855 24.5407772064209 24.4769649505615 24.4366111755371 24.4053173065186 24.3893547058105 24.3760986328125 24.3794231414795 24.3857593536377 24.4141712188721 24.4380950927734 24.4474601745605 24.4516277313232 24.4467220306396 24.4455146789551 24.448112487793 24.4515361785889 24.4554634094238 24.4495830535889 24.4404296875 24.4271965026855 24.4133682250977 24.3953132629395 24.3778820037842 24.3644142150879 24.3491897583008 24.3290786743164 24.3129577636719 24.3030014038086 24.3005466461182 24.3049755096436 24.2905387878418
-9999.000000000000000 -9999 -9999 -9999 21.8483066558838 21.7834796905518 21.8609275817871 22.7061614990234 23.5638732910156 24.0940074920654 24.5465240478516 24.7019500732422 24.7901611328125 24.7453708648682 24.6838035583496 24.6028785705566 24.5188941955566 24.4328079223633 24.3851337432861 24.3522930145264 24.3412284851074 24.3340072631836 24.3510723114014 24.3698902130127 24.3988838195801 24.4230422973633 24.4315166473389 24.4382095336914 24.4417915344238 24.4462280273438 24.4515380859375 24.4549808502197 24.4572849273682 24.4446754455566 24.4270915985107 24.4087333679199 24.3904266357422 24.3939533233643 24.4036159515381 24.4523391723633 24.5012760162354 24.5508041381836 24.5915298461914 24.6186542510986 24.645414352417 24.671838760376 24.6780395507812
-9999 -9999 -9999 -9999 22.0389747619629 22.1460094451904 22.121150970459 23.0315437316895 23.9514179229736 24.4052658081055 24.7781791687012 24.8413105010986 24.8604068756104 24.7923717498779 24.7090854644775 24.6082057952881 24.5053520202637 24.40114402771 24.3506355285645 24.3208637237549 24.3199672698975 24.3241672515869 24.3505859375 24.3773536682129 24.4029693603516 24.4240875244141 24.430627822876 24.4367237091064 24.4420394897461 24.4465312957764 24.4501762390137 24.4501304626465 24.4478378295898 24.4338397979736 24.4159393310547 24.4120178222656 24.4103832244873 24.4583206176758 24.5134334564209 24.6142349243164 24.7117176055908 24.7999649047852 24.8710517883301 24.9156169891357 24.9559192657471 24.9923095703125 25.0112400054932
-9999 -9999 -9999 -9999 22.1667232513428 22.1874370574951 22.2130146026611 23.1709270477295 24.1304149627686 24.5329322814941 24.8601493835449 24.8991394042969 24.899730682373 24.8243408203125 24.7313022613525 24.6179008483887 24.5023040771484 24.3851985931396 24.3374996185303 24.3166007995605 24.3325061798096 24.354907989502 24.385160446167 24.4141731262207 24.4314250946045 24.4453868865967 24.4486827850342 24.4502506256104 24.4488010406494 24.4463233947754 24.4427871704102 24.4348449707031 24.4242153167725 24.415548324585 24.4075355529785 24.4426574707031 24.4843120574951 24.6053791046143 24.7290382385254 24.8691902160645 24.9955768585205 25.083646774292 25.1517696380615 25.1890678405762 25.2231960296631 25.2544136047363 25.2761287689209
-9999 -9999 -9999 -9999 22.1874370574951 22.2183990478516 22.2547454833984 23.1915531158447 24.1326885223389 24.5463733673096 24.8837947845459 24.9293117523193 24.9345226287842 24.8599815368652 24.7647533416748 24.6456546783447 24.5231552124023 24.3983211517334 24.3509216308594 24.3334217071533 24.3571662902832 24.3881874084473 24.4174633026123 24.444616317749 24.4544105529785 24.4615421295166 24.4600448608398 24.4556846618652 24.446325302124 24.4383277893066 24.4317321777344 24.4315547943115 24.4352874755859 24.4601745605469 24.4921112060547 24.5790157318115 24.6738967895508 24.8218555450439 24.9666290283203 25.0911197662354 25.2016906738281 25.2735042572021 25.3292827606201 25.360279083252 25.3895435333252 25.4172191619873 25.4401874542236
-9999 -9999 -9999 -9999 22.220193862915 22.2547454833984 23.0791816711426 23.1231079101562 24.0024185180664 24.474142074585 24.8636951446533 24.9387397766113 24.9659156799316 24.8983783721924 24.8066310882568 24.6869506835938 24.5619297027588 24.4332447052002 24.3842620849609 24.3660564422607 24.3909168243408 24.4233741760254 24.4480609893799 24.4702739715576 24.4732913970947 24.4738388061523 24.4663887023926 24.4550495147705 24.4369220733643 24.4244937896729 24.4179267883301 24.4372634887695 24.4723815917969 24.5519886016846 24.6464252471924 24.7946643829346 24.9502296447754 25.0903949737549 25.2207088470459 25.2882804870605 25.3494911193848 25.3929901123047 25.4293880462646 25.4548072814941 25.4801940917969 25.5055503845215 25.528621673584
-9999 -9999 -9999 -9999 22.2547454833984 23.1118984222412 23.5024280548096 23.7473220825195 23.8152980804443 24.3590240478516 24.8157482147217 24.9394721984863 24.9993686676025 24.9329624176025 24.844783782959 24.7314777374268 24.6078815460205 24.4772167205811 24.4142189025879 24.3773498535156 24.3908462524414 24.4132289886475 24.4362831115723 24.457275390625 24.4609565734863 24.4620056152344 24.4545192718506 24.4480667114258 24.4434185028076 24.457052230835 24.4894943237305 24.5546855926514 24.6398296356201 24.7573986053467 24.885778427124 25.0286121368408 25.1731395721436 25.2753086090088 25.3689250946045 25.4080791473389 25.4446544647217 25.4740505218506 25.5016174316406 25.5263557434082 25.5518684387207 25.5780906677246 25.6034088134766
-9999 -9999 -9999 -9999 -9999 23.537525177002 23.6112403869629 23.6368560791016 23.603816986084 24.2255268096924 24.7558670043945 24.9364795684814 25.0337009429932 24.965913772583 24.8813381195068 24.7773914337158 24.6569080352783 24.5250682830811 24.4427261352539 24.3794975280762 24.3762798309326 24.3836536407471 24.406343460083 24.4277076721191 24.4352436065674 24.4398288726807 24.4348430633545 24.4383640289307 24.456729888916 24.5094928741455 24.5976486206055 24.7199840545654 24.8631420135498 25.0114936828613 25.1615772247314 25.2704029083252 25.3731555938721 25.4243793487549 25.4717674255371 25.4947204589844 25.5172595977783 25.5386409759521 25.5618991851807 25.5880565643311 25.6154117584229 25.6438636779785 25.6723480224609
-9999 -9999 -9999 -9999 -9999 23.5160446166992 23.4989032745361 23.4495449066162 23.5058059692383 24.1699466705322 24.7392158508301 24.9453620910645 25.058464050293 24.9874591827393 24.9071083068848 24.815975189209 24.7109508514404 24.5963878631592 24.5016059875488 24.4144649505615 24.38525390625 24.3662643432617 24.3856964111328 24.4056377410889 24.4228019714355 24.4403705596924 24.45924949646 24.4997215270996 24.5778751373291 24.6810264587402 24.8098964691162 24.9450168609619 25.0839424133301 25.2074222564697 25.3257503509521 25.4017486572266 25.471607208252 25.5015392303467 25.5292854309082 25.543119430542 25.5580291748047 25.5759353637695 25.5982265472412 25.6272964477539 25.6580715179443 25.6904125213623 25.7220325469971
-9999 -9999 -9999 -9999 -9999 23.4812965393066 23.4379863739014 23.4103107452393 23.4312705993652 24.130485534668 24.7315101623535 24.9567012786865 25.0812473297119 25.0066432952881 24.9306468963623 24.8530426025391 24.7660331726074 24.6725616455078 24.5667705535889 24.4562244415283 24.3990955352783 24.3513946533203 24.3669738769531 24.3851184844971 24.413106918335 24.445613861084 24.4927768707275 24.5757827758789 24.7213325500488 24.8771991729736 25.04368019104 25.1824073791504 25.3042240142822 25.3913135528564 25.4668292999268 25.5102424621582 25.5490455627441 25.5638179779053 25.5774269104004 25.5836048126221 25.592212677002 25.6075801849365 25.6295948028564 25.66188621521 25.6964092254639 25.732982635498 25.7677326202393
-9999 -9999 -9999 -9999 -9999 -9999 23.5069961547852 23.4541053771973 23.5093860626221 24.2014331817627 24.7909145355225 24.9878082275391 25.0938129425049 25.0199680328369 24.9468746185303 24.8746471405029 24.8031902313232 24.7322597503662 24.640811920166 24.5414447784424 24.4681701660156 24.3994979858398 24.4033622741699 24.413236618042 24.4599628448486 24.5164432525635 24.6045475006104 24.7217884063721 24.8898696899414 25.0422687530518 25.1785297393799 25.2913856506348 25.3899822235107 25.4598827362061 25.5202178955078 25.5552940368652 25.5866985321045 25.5929775238037 25.5988368988037 25.6020259857178 25.6095676422119 25.6292324066162 25.6553936004639 25.6915950775146 25.7295303344727 25.7690601348877 25.8055973052979
-9999 -9999 -9999 -9999 -9999 -9999 23.630443572998 23.6565742492676 23.607536315918 24.2853507995605 24.8566474914551 25.0202312469482 25.1045589447021 25.0320568084717 24.9619312286377 24.8945446014404 24.8375549316406 24.7877063751221 24.7124214172363 24.6273155212402 24.5407447814941 24.4539165496826 24.4463195800781 24.4480571746826 24.5131282806396 24.5924377441406 24.7179164886475 24.8651351928711 25.05029296875 25.1959972381592 25.3011054992676 25.3884372711182 25.464937210083 25.5195350646973 25.5668296813965 25.5946292877197 25.6195449829102 25.6182823181152 25.6173419952393 25.618465423584 25.6257190704346 25.6500377655029 25.6805858612061 25.7207584381104 25.7621116638184 25.8045501708984 25.8427581787109
-9999 -9999 -9999 -9999 -9999 -9999 23.7519474029541 23.7806529998779 23.846508026123 24.4548931121826 24.9578456878662 25.0572395324707 25.1007652282715 25.0337448120117 24.9679584503174 24.9035968780518 24.8507080078125 24.8056945800781 24.753849029541 24.6993637084961 24.6243057250977 24.5456199645996 24.5330238342285 24.5311527252197 24.6065807342529 24.6922168731689 24.8109512329102 24.9467086791992 25.1121730804443 25.2436065673828 25.3400230407715 25.4196033477783 25.4889278411865 25.5391578674316 25.5830230712891 25.603271484375 25.6201229095459 25.6182918548584 25.6176204681396 25.6243152618408 25.6370468139648 25.6665859222412 25.7019882202148 25.7464466094971 25.7914295196533 25.8368911743164 25.876184463501
-9999 -9999 -9999 -9999 -9999 23.5724544525146 23.787036895752 23.8186149597168 24.0984268188477 24.6209411621094 25.0439376831055 25.0860271453857 25.0931301116943 25.0310020446777 24.9691257476807 24.9075393676758 24.8582077026367 24.8172912597656 24.7861614227295 24.758810043335 24.6982460021973 24.6318206787109 24.615837097168 24.6112232208252 24.6921539306641 24.7799530029297 24.8900165557861 25.0137195587158 25.1612224578857 25.2804126739502 25.3704681396484 25.4435367584229 25.5062618255615 25.5522537231445 25.5926685333252 25.6067638397217 25.6171321868896 25.615213394165 25.6152801513672 25.6279792785645 25.6466312408447 25.6818580627441 25.7223854064941 25.7711048126221 25.819881439209 25.868709564209 25.9092330932617
-9999 -9999 -9999 -9999 22.9780006408691 23.4158039093018 23.5724544525146 23.9764289855957 24.3978233337402 24.7741756439209 25.0746459960938 25.0846786499023 25.0714054107666 25.0120182037354 24.9524707794189 24.8927383422852 24.8449802398682 24.8054466247559 24.7850551605225 24.7720546722412 24.7369060516357 24.6978492736816 24.6843776702881 24.6802024841309 24.7488422393799 24.8235378265381 24.9178695678711 25.0273399353027 25.1632308959961 25.2776050567627 25.3698425292969 25.4409484863281 25.4991855621338 25.5414180755615 25.5783157348633 25.5913696289062 25.6010570526123 25.60080909729 25.6033458709717 25.6236267089844 25.6498146057129 25.6924419403076 25.7390995025635 25.7919845581055 25.8451671600342 25.8986225128174 25.9409008026123
