Ecospace-environmental-drivers/Outputs/ASCII-for-ecospace/MOM6-ISIMIP3a/tos/1998-04_tos_MOM6-ISIMIP3a.asc
NCOLS 131 
NROWS 53 
XLLCORNER -98 
YLLCORNER 23.9265270233154 
CELLSIZE 0.133587792515755 
NODATA_value -9999 
[rows 0 to 20 of 53, columns 47 to 93 of 131]
-9999 -9999 -9999 -9999 -9999 -9999 -9999 -9999 -9999 -9999 -9999 -9999 -9999 -9999 -9999 -9999 -9999 -9999 -9999 -9999 -9999 -9999 -9999 -9999 -9999 -9999 -9999 -9999 -9999 -9999 -9999 -9999 -9999 -9999 -9999 -9999 -9999 -9999 -9999 -9999 -9999 -9999 -9999 -9999 -9999 -9999 -9999
-9999 -9999 -9999 -9999 -9999 -9999 -9999 -9999 -9999 -9999 -9999 -9999 -9999 -9999 -9999 -9999 -9999 -9999 -9999 -9999 -9999 -9999 -9999 -9999 -9999 -9999 -9999 -9999 -9999 -9999 -9999 -9999 -9999 -9999 -9999 -9999 -9999 -9999 -9999 -9999 -9999 -9999 -9999 -9999 -9999 -9999 -9999
-9999 -9999 -9999 -9999 -9999 -9999 -9999 -9999 -9999 -9999 -9999 -9999 -9999 -9999 -9999 -9999 -9999 -9999 -9999 -9999 -9999 -9999 -9999 -9999 -9999 -9999 -9999 20.2205467224121 20.1513938903809 -9999 -9999 -9999 -9999 -9999 -9999 -9999 -9999 -9999 -9999 -9999 -9999 -9999 -9999 -9999 -9999 -9999 -9999
-9999 -9999 -9999 -9999 -9999 -9999 -9999 -9999 -9999 -9999 -9999 -9999 -9999 -9999 -9999 -9999 -9999 -9999 -9999 -9999 -9999 -9999 -9999 -9999 -9999 -9999 -9999 20.2189979553223 20.1539821624756 -9999 -9999 -9999 -9999 -9999 -9999 -9999 -9999 -9999 -9999 -9999 -9999 -9999 -9999 -9999 -9999 -9999 -9999
-9999 -9999 -9999 -9999 -9999 -9999 -9999 -9999 -9999 -9999 -9999 -9999 -9999 -9999 -9999 -9999 -9999 -9999 20.8936614990234 20.8766479492188 20.863037109375 20.7836399078369 20.7096214294434 20.5729389190674 20.4575786590576 20.3637657165527 20.2843627929688 20.2178554534912 20.1547794342041 20.0893154144287 -9999 -9999 19.7394046783447 19.5851039886475 19.4782104492188 19.4294891357422 19.4385147094727 19.462043762207 19.5148830413818 19.6022415161133 19.72607421875 19.8932418823242 -9999 -9999 -9999 -9999 -9999
-9999 -9999 -9999 -9999 -9999 -9999 -9999 -9999 -9999 -9999 -9999 -9999 -9999 -9999 21.285472869873 -9999 21.251916885376 21.2233657836914 21.0598907470703 20.8936614990234 20.8732452392578 20.863037109375 20.7042427062988 20.5615844726562 20.4529914855957 20.3581600189209 20.280143737793 20.2147827148438 20.1586399078369 20.090913772583 20.0183906555176 19.8892021179199 19.7488746643066 19.5801391601562 19.4262962341309 19.4281978607178 19.4339733123779 19.4533748626709 19.4987850189209 19.5924911499023 19.7154502868652 19.8702793121338 20.0939979553223 20.3622913360596 -9999 -9999 -9999
-9999 -9999 -9999 -9999 -9999 -9999 -9999 -9999 -9999 -9999 21.6338367462158 21.6348991394043 21.6352939605713 21.6354179382324 21.4602375030518 21.2886581420898 21.2822895050049 21.250093460083 21.2233657836914 21.0626449584961 20.8936614990234 20.863037109375 20.7042427062988 20.5615844726562 20.4529914855957 20.3581600189209 20.280143737793 20.2147827148438 20.1586399078369 20.090913772583 20.0183906555176 19.8892021179199 19.7488746643066 19.5801391601562 19.4262962341309 19.4281978607178 19.4339733123779 19.4533748626709 19.4987850189209 19.5924911499023 19.7154502868652 19.8702793121338 20.0939979553223 20.3622913360596 20.4331970214844 20.4936408996582 -9999
-9999 -9999 -9999 -9999 -9999 -9999 -9999 -9999 -9999 -9999 21.6281452178955 21.6338367462158 21.6359596252441 -9999 21.6342105865479 21.4599456787109 21.2950248718262 21.2822895050049 21.2446250915527 21.2233657836914 21.0709095001221 20.9113216400146 20.7218818664551 20.5531539916992 20.428150177002 20.319860458374 20.2319984436035 20.1537551879883 20.0825157165527 20.0164203643799 19.9524574279785 19.8671436309814 19.7776355743408 19.6995735168457 19.633659362793 19.6822814941406 19.7202816009521 19.7209358215332 19.7328395843506 19.7656383514404 19.8318672180176 19.9345226287842 20.0985546112061 20.302303314209 20.4560031890869 20.5917224884033 20.5200004577637
-9999 -9999 -9999 -9999 -9999 -9999 -9999 -9999 -9999 -9999 -9999 -9999 -9999 -9999 21.6363296508789 21.6282215118408 21.4578609466553 21.3077602386475 21.2822895050049 21.2282199859619 21.1059951782227 20.9643821716309 20.7416381835938 20.5445575714111 20.4016609191895 20.2788925170898 20.1807289123535 20.0890827178955 20.0021820068359 19.9384460449219 19.8843021392822 19.8474216461182 19.8139343261719 19.8349208831787 19.8649711608887 19.9638652801514 20.0365200042725 20.0169105529785 19.9925136566162 19.9592304229736 19.9636116027832 20.0090293884277 20.1070327758789 20.2390632629395 20.4044513702393 20.581823348999 20.5091781616211
21.1886520385742 -9999 -9999 -9999 -9999 -9999 -9999 -9999 -9999 -9999 21.637378692627 21.6223125457764 -9999 -9999 -9999 21.6328239440918 21.6095142364502 21.4569129943848 21.33323097229 21.3277912139893 21.1695938110352 20.9974060058594 20.7666759490967 20.5621509552002 20.4129524230957 20.291841506958 20.2050590515137 20.1310482025146 20.0663394927979 20.0235157012939 19.9897556304932 19.9904632568359 19.9979476928711 20.0601444244385 20.1270771026611 20.2204914093018 20.2886714935303 20.2681331634521 20.2390022277832 20.1939144134521 20.1766910552979 20.1898231506348 20.2315883636475 20.2918796539307 20.3665542602539 20.4463920593262 20.4291706085205
21.1997184753418 21.2013530731201 -9999 -9999 -9999 -9999 -9999 -9999 -9999 -9999 21.6396903991699 21.62575340271 21.6223125457764 -9999 -9999 21.6508197784424 21.6138134002686 21.5639095306396 21.4913215637207 21.4098682403564 21.2220802307129 21.0264568328857 20.7980289459229 20.5956993103027 20.44846534729 20.3341121673584 20.2599506378174 20.2034320831299 20.1597652435303 20.1365509033203 20.1218090057373 20.1532516479492 20.1937713623047 20.2850856781006 20.3775997161865 20.4634780883789 20.5260143280029 20.5064697265625 20.4756450653076 20.4238758087158 20.3905506134033 20.3773231506348 20.3664741516113 20.3571662902832 20.3441524505615 20.3298072814941 20.3437252044678
21.1997184753418 21.2046203613281 21.3872566223145 21.5369510650635 -9999 -9999 -9999 -9999 -9999 -9999 -9999 21.6231880187988 21.6235599517822 21.6223125457764 21.6338367462158 21.6508197784424 21.6138134002686 21.5639095306396 21.4852962493896 21.3981170654297 21.2149696350098 21.0341815948486 20.863260269165 20.7148323059082 20.6138935089111 20.533670425415 20.4787635803223 20.4389686584473 20.4101829528809 20.3995895385742 20.3965301513672 20.4219455718994 20.4529571533203 20.508508682251 20.5659790039062 20.633321762085 20.6839275360107 20.6756839752197 20.6594848632812 20.6285076141357 20.6086082458496 20.6007766723633 20.5567607879639 20.489330291748 20.4048728942871 20.3142986297607 20.2291088104248
21.214282989502 21.3313541412354 21.4733867645264 21.5396671295166 -9999 -9999 -9999 -9999 21.7058238983154 21.6552200317383 21.6247444152832 21.6219005584717 21.6229209899902 21.627103805542 21.6389293670654 21.6543750762939 21.6222591400146 21.5787773132324 21.5005321502686 21.4142589569092 21.2459011077881 21.0875873565674 20.9712963104248 20.8736877441406 20.8155212402344 20.7659378051758 20.7268447875977 20.6993293762207 20.6802425384521 20.6771068572998 20.6805763244629 20.6997318267822 20.7219715118408 20.7474308013916 20.7749271392822 20.8211574554443 20.8550052642822 20.8453140258789 20.8311042785645 20.8084945678711 20.7968311309814 20.7970905303955 20.7378940582275 20.6402282714844 20.5163288116455 20.3830089569092 20.2302074432373
21.2652606964111 21.3643608093262 21.4761924743652 21.5396671295166 21.5977973937988 21.645191192627 21.6879463195801 21.7070999145508 21.7058238983154 21.6552200317383 21.6247444152832 21.6219005584717 21.6292324066162 21.6448917388916 21.6567535400391 21.6668186187744 21.6518135070801 21.6308193206787 21.5689239501953 21.5001373291016 21.3719425201416 21.2551956176758 21.186351776123 21.131856918335 21.10764503479 21.0799827575684 21.0480995178223 21.0217418670654 20.9994087219238 20.9908237457275 20.9879341125488 21.0002536773682 21.0155639648438 21.0251045227051 21.0352993011475 21.0539722442627 21.058988571167 21.015983581543 20.9721736907959 20.9268741607666 20.9104690551758 20.9255504608154 20.8961448669434 20.8379535675049 20.7546253204346 20.6622676849365 20.5205955505371
21.2585124969482 21.3570671081543 21.4627094268799 21.5322799682617 21.5973224639893 21.6398181915283 21.6766929626465 21.6849670410156 21.6760787963867 21.6257495880127 21.6006660461426 21.6102390289307 21.6289539337158 21.6551475524902 21.669225692749 21.6775646209717 21.6752662658691 21.6704273223877 21.6292247772217 21.5826530456543 21.4942626953125 21.4172267913818 21.3877105712891 21.3678512573242 21.3683776855469 21.3570804595947 21.3313331604004 21.3051128387451 21.2785491943359 21.2652435302734 21.2574291229248 21.2652206420898 21.2760791778564 21.2768611907959 21.2770957946777 21.2756175994873 21.2597198486328 21.1931285858154 21.1244850158691 21.0520286560059 21.0177955627441 21.025203704834 21.0194835662842 21.0052680969238 20.9636039733887 20.9120788574219 20.7840595245361
21.1701526641846 21.2928009033203 21.4262027740479 21.5144481658936 21.5961799621582 21.6268520355225 21.649528503418 21.6315441131592 21.6042804718018 21.554615020752 21.5425453186035 21.5820922851562 21.6193561553955 21.6547527313232 21.6741256713867 21.6859092712402 21.690092086792 21.6924591064453 21.6780910491943 21.6604137420654 21.6113204956055 21.5713748931885 21.5697059631348 21.5725002288818 21.5847244262695 21.5819396972656 21.5608100891113 21.5332851409912 21.5011005401611 21.4841041564941 21.4733963012695 21.4799194335938 21.4898300170898 21.491979598999 21.4926319122314 21.4814701080322 21.4558563232422 21.379430770874 21.2926845550537 21.186767578125 21.1161956787109 21.0841312408447 21.0934658050537 21.1295871734619 21.1311321258545 21.1202564239502 21.0094585418701
21.1224899291992 21.232515335083 21.3529624938965 21.4395942687988 21.5207691192627 21.5480651855469 21.5680274963379 21.550687789917 21.5300559997559 21.5014743804932 21.5051078796387 21.5529689788818 21.5982608795166 21.6414527893066 21.6679363250732 21.6865062713623 21.6954441070557 21.7020816802979 21.7107524871826 21.7176818847656 21.6972274780273 21.6842422485352 21.702522277832 21.7205562591553 21.7380695343018 21.7402858734131 21.7238063812256 21.6989822387695 21.6680774688721 21.6517467498779 21.6414546966553 21.6475009918213 21.6567611694336 21.6596508026123 21.6602764129639 21.6410808563232 21.6078205108643 21.5251064300537 21.4279842376709 21.304105758667 21.2115783691406 21.1532096862793 21.1599750518799 21.2088832855225 21.2368240356445 21.2572345733643 21.1841449737549
21.1091022491455 21.1755847930908 21.2487869262695 21.3167190551758 21.3828144073486 21.4138488769531 21.4407653808594 21.4467315673828 21.4537906646729 21.4634895324707 21.4850902557373 21.5230274200439 21.5674858093262 21.6172828674316 21.6524047851562 21.6805782318115 21.6928195953369 21.7012519836426 21.7297687530518 21.7576904296875 21.7568988800049 21.7623500823975 21.7939300537109 21.8209533691406 21.8383598327637 21.8426208496094 21.8308181762695 21.8120651245117 21.7882518768311 21.7762603759766 21.7691669464111 21.7754058837891 21.7842655181885 21.7873668670654 21.7875881195068 21.7617473602295 21.722583770752 21.636568069458 21.5355796813965 21.4067897796631 21.3044204711914 21.2308368682861 21.2201900482178 21.25026512146 21.2904453277588 21.3342552185059 21.3161239624023
21.1836109161377 21.2132663726807 21.2488822937012 21.2973499298096 21.3464393615723 21.3768005371094 21.4045143127441 21.4187622070312 21.4350490570068 21.4562511444092 21.4837589263916 21.5199222564697 21.5679187774658 21.6255950927734 21.6689949035645 21.7056331634521 21.7248554229736 21.7399158477783 21.7753047943115 21.810338973999 21.8198890686035 21.8340549468994 21.8675384521484 21.8967132568359 21.9167938232422 21.9223194122314 21.9100551605225 21.8959445953369 21.8804912567139 21.8751201629639 21.8739223480225 21.8802261352539 21.8880043029785 21.8866901397705 21.8808345794678 21.8338985443115 21.780460357666 21.7041625976562 21.6149768829346 21.5018520355225 21.4015693664551 21.3152770996094 21.2878932952881 21.2986278533936 21.3318176269531 21.3730735778809 21.3920078277588
21.3011360168457 21.2972469329834 21.3000011444092 21.3286304473877 21.3597736358643 21.387300491333 21.4127979278564 21.4279804229736 21.4444580078125 21.4640598297119 21.4915733337402 21.5299510955811 21.5836219787598 21.6498050689697 21.7013034820557 21.7458457946777 21.7738513946533 21.7979068756104 21.8338222503662 21.8691749572754 21.8845062255859 21.9026298522949 21.9324359893799 21.9604148864746 21.9845333099365 21.9909400939941 21.975700378418 21.9655342102051 21.9590606689453 21.9614219665527 21.9674434661865 21.9737510681152 21.9801139831543 21.9721202850342 21.9574108123779 21.8823051452637 21.8104991912842 21.7502937316895 21.6805725097656 21.5931873321533 21.5008277893066 21.4030494689941 21.359260559082 21.3504066467285 21.3671970367432 21.3931980133057 21.4404373168945
21.6280860900879 21.5910549163818 21.5573062896729 21.5397109985352 21.5240039825439 21.5146102905273 21.5067806243896 21.5069179534912 21.5096664428711 21.5187206268311 21.5388126373291 21.5740566253662 21.6225986480713 21.6820201873779 21.7323799133301 21.7784461975098 21.8121852874756 21.8429794311523 21.8805160522461 21.9174556732178 21.9389801025391 21.9615135192871 21.9882736206055 22.0154991149902 22.0437049865723 22.0549507141113 22.0454692840576 22.0390758514404 22.0349273681641 22.0385570526123 22.0454082489014 22.0338382720947 22.0186500549316 21.9914321899414 21.9601383209229 21.8933906555176 21.8310775756836 21.7843532562256 21.7229690551758 21.6343669891357 21.5461826324463 21.4584579467773 21.4113178253174 21.390438079834 21.4045581817627 21.4312534332275 21.4779739379883
