Ecospace-environmental-drivers/Outputs/ASCII-for-ecospace/MOM6-ISIMIP3a/tos/1998-03_tos_MOM6-ISIMIP3a.asc
NCOLS 131 
NROWS 53 
XLLCORNER -98 
YLLCORNER 23.9265270233154 
CELLSIZE 0.133587792515755 
NODATA_value -9999 
[rows 21 to 41 of 53, columns 47 to 93 of 131]
20.5768394470215 20.5056381225586 20.4318962097168 20.331413269043 20.2295112609863 20.1632556915283 20.1078014373779 20.1073036193848 20.0883693695068 20.0249156951904 19.987813949585 19.9868907928467 20.0114727020264 20.0569229125977 20.1263771057129 20.207202911377 20.2496147155762 20.2828483581543 20.2868099212646 20.2848110198975 20.225341796875 20.1805095672607 20.1969337463379 20.2347545623779 20.3177433013916 20.3941955566406 20.4626579284668 20.5473766326904 20.6439361572266 20.753568649292 20.8686141967773 20.9179210662842 20.9543075561523 20.9476089477539 20.9359149932861 20.8910236358643 20.8578300476074 20.8657760620117 20.8455028533936 20.7728290557861 20.715970993042 20.6763477325439 20.6702308654785 20.6857967376709 20.746280670166 20.8229026794434 20.9078922271729
20.885705947876 20.7705173492432 20.6573657989502 20.5565528869629 20.4580459594727 20.3877105712891 20.3257846832275 20.3066368103027 20.2749061584473 20.2127838134766 20.1775798797607 20.1793327331543 20.1926250457764 20.2153568267822 20.2607383728027 20.3168487548828 20.3633270263672 20.4075031280518 20.428861618042 20.4446659088135 20.4024467468262 20.3748359680176 20.4083690643311 20.4657115936279 20.5733184814453 20.6764030456543 20.7739601135254 20.8522033691406 20.9163799285889 21.0024871826172 21.0976810455322 21.1362266540527 21.1636371612549 21.1619548797607 21.1546096801758 21.1024494171143 21.0577239990234 21.0391483306885 21.0006484985352 20.9251480102539 20.8749618530273 20.8523559570312 20.8523178100586 20.8668785095215 20.9301872253418 21.0110054016113 21.0873603820801
21.1649494171143 21.0099620819092 20.8619060516357 20.7657279968262 20.6755561828613 20.6040954589844 20.5384292602539 20.5022525787354 20.4594764709473 20.4007606506348 20.3688163757324 20.3736248016357 20.3762683868408 20.3771419525146 20.3970947265625 20.4260845184326 20.4772624969482 20.5337409973145 20.573787689209 20.6089458465576 20.5893783569336 20.5838451385498 20.6370601654053 20.7153911590576 20.8467464447021 20.9754161834717 21.1007995605469 21.1714401245117 21.2022075653076 21.2628974914551 21.3359775543213 21.3642673492432 21.383752822876 21.3879318237305 21.3856601715088 21.3259010314941 21.2681884765625 21.2176704406738 21.1579399108887 21.0811061859131 21.038948059082 21.0345687866211 21.0412979125977 21.0552139282227 21.1207237243652 21.2047672271729 21.2719898223877
21.369556427002 21.2485370635986 21.1334285736084 21.0591659545898 20.9886932373047 20.9076251983643 20.8319530487061 20.7837257385254 20.7304821014404 20.6651248931885 20.6203632354736 20.6038761138916 20.5879783630371 20.5725612640381 20.5917358398438 20.6272945404053 20.7310962677002 20.851203918457 20.9049186706543 20.9529132843018 20.984016418457 21.0218143463135 21.0876350402832 21.1723289489746 21.2968635559082 21.4171409606934 21.5322151184082 21.593225479126 21.6148567199707 21.6862964630127 21.7783622741699 21.7895641326904 21.7848720550537 21.7893123626709 21.7870006561279 21.7154178619385 21.6407260894775 21.5550899505615 21.4723873138428 21.395133972168 21.3470420837402 21.3307247161865 21.3299942016602 21.3393497467041 21.392110824585 21.4604625701904 21.5051860809326
21.5695419311523 21.4823055267334 21.3995494842529 21.3464870452881 21.2952136993408 21.21018409729 21.130298614502 21.0765819549561 21.0185642242432 20.9501609802246 20.8968334197998 20.8642063140869 20.8322372436523 20.8008079528809 20.8203468322754 20.8640308380127 21.0179290771484 21.1981601715088 21.2623481750488 21.3200187683105 21.3988418579102 21.4769191741943 21.5518779754639 21.6402587890625 21.7569713592529 21.8677787780762 21.9713668823242 22.0228061676025 22.0362606048584 22.1142120361328 22.2188739776611 22.2176570892334 22.1956253051758 22.1949424743652 22.1873073577881 22.1040363311768 22.0135440826416 21.8976707458496 21.7961559295654 21.7213096618652 21.6698036193848 21.6437301635742 21.6330280303955 21.6322708129883 21.6668910980225 21.7142200469971 21.733943939209
21.7492542266846 21.6949882507324 21.6419792175293 21.6069850921631 21.5727252960205 21.5084781646729 21.4497871398926 21.4193572998047 21.3815269470215 21.3258285522461 21.2825794219971 21.256420135498 21.2192192077637 21.1729850769043 21.1979084014893 21.2565364837646 21.4494457244873 21.6744365692139 21.7350883483887 21.7885799407959 21.9021854400635 22.0071659088135 22.0760478973389 22.1563816070557 22.2608909606934 22.3574924468994 22.4444313049316 22.4865570068359 22.4960403442383 22.5619297027588 22.6511783599854 22.6580009460449 22.6486186981201 22.6192035675049 22.5830841064453 22.4887027740479 22.3876037597656 22.2628803253174 22.160795211792 22.1007499694824 22.0568790435791 22.030632019043 21.9989337921143 21.9637088775635 21.9565563201904 21.9594879150391 21.9432487487793
21.8940410614014 21.8681831359863 21.841329574585 21.8254528045654 21.809965133667 21.7746067047119 21.7436847686768 21.7353420257568 21.7178649902344 21.6783409118652 21.6505336761475 21.6388111114502 21.6103687286377 21.568244934082 21.596960067749 21.6592292785645 21.8672637939453 22.1101264953613 22.1719818115234 22.2262306213379 22.3507633209229 22.4631271362305 22.5245685577393 22.5960941314697 22.6889057159424 22.7707271575928 22.8391151428223 22.8734874725342 22.8830814361572 22.9294185638428 22.9909725189209 23.0044326782227 23.0084362030029 22.9548740386963 22.8950042724609 22.7943382263184 22.6917552947998 22.5824337005615 22.4925003051758 22.4385757446289 22.3977909088135 22.3713226318359 22.3190841674805 22.250171661377 22.2003059387207 22.157283782959 22.1119384765625
21.9626274108887 21.9552249908447 21.9466876983643 21.9522190093994 21.959342956543 21.9705543518066 21.9817504882812 21.9928703308105 21.9961109161377 21.9803295135498 21.9796695709229 21.9997673034668 22.0106067657471 22.0138721466064 22.0429039001465 22.0841426849365 22.2551937103271 22.4572620391846 22.5306663513184 22.5964412689209 22.6798458099365 22.757007598877 22.808032989502 22.8690872192383 22.9513130187988 23.0170955657959 23.0627841949463 23.0928039550781 23.1114120483398 23.1218585968018 23.1289234161377 23.1459617614746 23.1649608612061 23.0972537994385 23.0239677429199 22.9275379180908 22.8433799743652 22.8023662567139 22.752347946167 22.6856021881104 22.6379795074463 22.6111907958984 22.5394039154053 22.4385013580322 22.3438739776611 22.2515029907227 22.1920127868652
22.0260391235352 22.0315265655518 22.0358371734619 22.0504207611084 22.067081451416 22.1114730834961 22.1537761688232 22.1854667663574 22.2085456848145 22.2108345031738 22.2304306030273 22.2737846374512 22.3182201385498 22.3635387420654 22.4017734527588 22.436653137207 22.5645618438721 22.7146987915039 22.7926540374756 22.8650856018066 22.9293098449707 22.9900913238525 23.0364646911621 23.0955715179443 23.1815567016602 23.2401332855225 23.2652053833008 23.2901496887207 23.314998626709 23.3017749786377 23.2727832794189 23.297721862793 23.3332614898682 23.2547378540039 23.1720218658447 23.0896167755127 23.0242080688477 23.0185565948486 22.98974609375 22.9179229736328 22.867000579834 22.8388500213623 22.7494087219238 22.6203117370605 22.4863033294678 22.3505344390869 22.2759742736816
22.0829410552979 22.0943202972412 22.1045951843262 22.1126842498779 22.1224384307861 22.1831607818604 22.2427215576172 22.2963752746582 22.3381881713867 22.3514099121094 22.3825912475586 22.4384288787842 22.5093021392822 22.5924758911133 22.6510925292969 22.6980781555176 22.7750930786133 22.8592834472656 22.9329891204834 23.0059547424316 23.0786075592041 23.146692276001 23.1956634521484 23.263542175293 23.3713397979736 23.4338150024414 23.440896987915 23.4598522186279 23.487455368042 23.4659385681152 23.4240760803223 23.4623508453369 23.51637840271 23.431224822998 23.3440952301025 23.2880249023438 23.241771697998 23.2300357818604 23.1989002227783 23.1317386627197 23.0819683074951 23.0511493682861 22.9464378356934 22.7939167022705 22.6273002624512 22.4556198120117 22.3648262023926
22.135669708252 22.1534748077393 22.1707153320312 22.1766471862793 22.1834583282471 22.2453022003174 22.3095855712891 22.3862762451172 22.448392868042 22.4753170013428 22.5179996490479 22.5823154449463 22.6619491577148 22.754114151001 22.8193283081055 22.8717746734619 22.9276447296143 22.9843311309814 23.0528888702393 23.1236057281494 23.2138805389404 23.2994194030762 23.3651390075684 23.4466209411621 23.5613803863525 23.6242542266846 23.6237144470215 23.6403579711914 23.6695156097412 23.6437740325928 23.5952930450439 23.6358947753906 23.6940078735352 23.593822479248 23.4955234527588 23.47292137146 23.451509475708 23.4342765808105 23.4096221923828 23.371187210083 23.3295478820801 23.2844200134277 23.170825958252 23.0129299163818 22.8126029968262 22.5970344543457 22.4829368591309
22.1852684020996 22.2098999023438 22.2348556518555 22.2418804168701 22.2487258911133 22.3002834320068 22.3598861694336 22.4604244232178 22.5440235137939 22.5867214202881 22.6408405303955 22.7106342315674 22.7857704162598 22.8652763366699 22.9267482757568 22.9796772003174 23.0367126464844 23.0947303771973 23.1574611663818 23.2238426208496 23.3386363983154 23.4492416381836 23.5423221588135 23.6410293579102 23.751615524292 23.8122634887695 23.8118782043457 23.8289642333984 23.8587779998779 23.8318634033203 23.7814540863037 23.8161277770996 23.867525100708 23.7460041046143 23.6314659118652 23.64768409729 23.6553764343262 23.6330890655518 23.6215190887451 23.6298580169678 23.601583480835 23.5334205627441 23.4157314300537 23.265998840332 23.0311374664307 22.7656955718994 22.6229915618896
22.2206649780273 22.2501754760742 22.2821674346924 22.3018188476562 22.3215656280518 22.377986907959 22.4409618377686 22.5372734069824 22.618185043335 22.6619167327881 22.7154369354248 22.7824001312256 22.8504772186279 22.919469833374 22.9779167175293 23.0313682556152 23.0974617004395 23.1665744781494 23.2408809661865 23.3190040588379 23.44748878479 23.5725917816162 23.6835384368896 23.7944030761719 23.9050979614258 23.9709930419922 23.9821300506592 24.0074272155762 24.0430393218994 24.0349140167236 24.0086765289307 24.0330619812012 24.0673980712891 23.9573822021484 23.8549480438232 23.8787975311279 23.8896636962891 23.8548812866211 23.843936920166 23.8772659301758 23.8487129211426 23.7527332305908 23.6062641143799 23.4271221160889 23.1661624908447 22.8758106231689 22.7088184356689
22.2499771118164 22.2835292816162 22.322265625 22.3594875335693 22.3976516723633 22.4654312133789 22.5352268218994 22.6152801513672 22.6831493377686 22.7215900421143 22.7693576812744 22.8299293518066 22.8898506164551 22.9492454528809 23.0049743652344 23.0589694976807 23.1375007629395 23.2218971252441 23.3152351379395 23.4119892120361 23.549524307251 23.6845932006836 23.8093376159668 23.9301910400391 24.0428295135498 24.1171722412109 24.1447086334229 24.1815452575684 24.2251567840576 24.2443771362305 24.2534961700439 24.2657241821289 24.278564453125 24.1941299438477 24.1159496307373 24.1340599060059 24.1369857788086 24.0865230560303 24.0708656311035 24.1198482513428 24.0851650238037 23.9593238830566 23.7734928131104 23.5488414764404 23.2653980255127 22.9608345031738 22.7714023590088
22.2710552215576 22.2993412017822 22.33473777771 22.3803043365479 22.4280776977539 22.5073013305664 22.5835475921631 22.6446495056152 22.7037220001221 22.7579002380371 22.8102493286133 22.8600921630859 22.9121551513672 22.9660339355469 23.0201740264893 23.0744380950928 23.1601390838623 23.2533512115479 23.3562335968018 23.462085723877 23.6015300750732 23.7431659698486 23.8939743041992 24.0347080230713 24.1541690826416 24.2415599822998 24.2897567749023 24.3359889984131 24.3807888031006 24.4114761352539 24.4363193511963 24.4383487701416 24.4358959197998 24.3832950592041 24.3338088989258 24.3328971862793 24.32275390625 24.2801494598389 24.2608127593994 24.2846794128418 24.2313842773438 24.0940170288086 23.8834667205811 23.6255588531494 23.3405666351318 23.0458450317383 22.8526439666748
22.2904300689697 22.3115253448486 22.3414936065674 22.3934955596924 22.4490547180176 22.5397415161133 22.6223621368408 22.6639537811279 22.7151126861572 22.7893733978271 22.8484439849854 22.8866634368896 22.9309272766113 22.9801349639893 23.0329189300537 23.0873985290527 23.1791763305664 23.2798690795898 23.3903293609619 23.5033111572266 23.6431846618652 23.7906837463379 23.9700946807861 24.1327533721924 24.260046005249 24.3614387512207 24.4311790466309 24.4863624572754 24.5309410095215 24.5698089599609 24.6063137054443 24.5985507965088 24.5820865631104 24.562614440918 24.5427417755127 24.5200595855713 24.4957847595215 24.465913772583 24.4431076049805 24.4334239959717 24.3589344024658 24.2138347625732 23.9815940856934 23.6929664611816 23.4107570648193 23.1308517456055 22.9377460479736
22.3133735656738 22.3282222747803 22.3529472351074 22.4060935974121 22.4635581970215 22.5590515136719 22.6449909210205 22.6823272705078 22.7292327880859 22.7992420196533 22.8609657287598 22.9113178253174 22.964262008667 23.0193309783936 23.0767688751221 23.1353282928467 23.2231578826904 23.3179817199707 23.4182605743408 23.5212993621826 23.6590614318848 23.8092575073242 24.0114936828613 24.1962394714355 24.3440589904785 24.4645824432373 24.5517444610596 24.6111907958984 24.650447845459 24.6805553436279 24.7068729400635 24.698637008667 24.6836109161377 24.6651573181152 24.6458034515381 24.6188945770264 24.5906562805176 24.5577449798584 24.5288314819336 24.5073490142822 24.4272975921631 24.2834320068359 24.0801391601562 23.8383960723877 23.5784435272217 23.3119525909424 23.0800437927246
22.336633682251 22.345983505249 22.3660850524902 22.4189052581787 22.4766311645508 22.5763702392578 22.6653366088867 22.6995143890381 22.7425842285156 22.8071174621582 22.8709812164307 22.9339218139648 22.9962787628174 23.0581588745117 23.1209869384766 23.1842670440674 23.2682685852051 23.3572216033936 23.4474411010742 23.5406455993652 23.6760196685791 23.8283729553223 24.0517902374268 24.2574863433838 24.4257793426514 24.5649929046631 24.6686668395996 24.7317199707031 24.7651863098145 24.7857074737549 24.8008708953857 24.791898727417 24.7781848907471 24.7586784362793 24.73801612854 24.7081565856934 24.6769237518311 24.6408557891846 24.6065540313721 24.5755310058594 24.4930477142334 24.3544998168945 24.1816825866699 23.9866886138916 23.746919631958 23.4910659790039 23.2211093902588
22.3615741729736 22.3729286193848 22.3949298858643 22.4342861175537 22.4775638580322 22.5787220001221 22.6690807342529 22.7044925689697 22.7464160919189 22.8040561676025 22.8665161132812 22.9355926513672 23.0072708129883 23.0810794830322 23.1543025970459 23.2272472381592 23.3134899139404 23.4029102325439 23.4928874969482 23.5855579376221 23.7168369293213 23.8671188354492 24.0969181060791 24.3113842010498 24.4934787750244 24.6442317962646 24.7566814422607 24.8185920715332 24.8436908721924 24.8539428710938 24.8580455780029 24.8410720825195 24.8199558258057 24.7926349639893 24.7650814056396 24.7374935150146 24.7087306976318 24.6758346557617 24.6450500488281 24.6181888580322 24.5592212677002 24.4652690887451 24.3149890899658 24.1282615661621 23.8772239685059 23.6030864715576 23.3217220306396
22.3876514434814 22.401741027832 22.4266319274902 22.4566974639893 22.4896354675293 22.5858688354492 22.6722965240479 22.7088508605957 22.7493553161621 22.7993984222412 22.8574886322021 22.9266262054443 23.0058517456055 23.0933322906494 23.1770992279053 23.259105682373 23.3495044708252 23.4419078826904 23.5366077423096 23.6337814331055 23.7646865844727 23.9155368804932 24.1498584747314 24.3717060089111 24.5672264099121 24.7273197174072 24.8441162109375 24.9009132385254 24.914005279541 24.9136753082275 24.907787322998 24.8822689056396 24.8528938293457 24.8177165985107 24.7832832336426 24.7581977844238 24.7323036193848 24.7035598754883 24.6781139373779 24.6587924957275 24.6223793029785 24.567346572876 24.4374179840088 24.2590293884277 24.0038356781006 23.7210540771484 23.4317245483398
22.4179000854492 22.4374027252197 22.4688243865967 22.5048923492432 22.5425624847412 22.6105880737305 22.6735763549805 22.7109336853027 22.7490253448486 22.7888889312744 22.8317317962646 22.8786659240723 22.958927154541 23.0664596557617 23.1613235473633 23.250186920166 23.3517589569092 23.4563674926758 23.5739898681641 23.6941547393799 23.838321685791 23.9994297027588 24.2314414978027 24.4555931091309 24.6631507873535 24.8245182037354 24.9294338226318 24.966552734375 24.9542903900146 24.9422378540039 24.930269241333 24.8942222595215 24.8534393310547 24.8102531433105 24.7689781188965 24.7472476959229 24.7256851196289 24.7047004699707 24.6912670135498 24.6918563842773 24.6744899749756 24.6375579833984 24.519962310791 24.3501739501953 24.1169033050537 23.8608303070068 23.5761585235596
