Ecospace-environmental-drivers/Outputs/ASCII-for-ecospace/MOM6-ISIMIP3a/tos/1999-12_tos_MOM6-ISIMIP3a.asc
NCOLS 131 
NROWS 53 
XLLCORNER -98 
YLLCORNER 23.9265270233154 
CELLSIZE 0.133587792515755 
NODATA_value -9999 
[rows 21 to 41 of 53, columns 0 to 46 of 131]
-9999 -9999 -9999 -9999 -9999 -9999 20.6105880737305 20.6214656829834 20.6465930938721 20.6574611663818 20.3932037353516 19.7767467498779 19.8876609802246 20.2180423736572 20.5951175689697 21.0260753631592 21.4395065307617 21.8409042358398 22.1554298400879 22.436408996582 22.6252307891846 22.7977867126465 22.8505954742432 22.8954124450684 22.8954963684082 22.9116725921631 22.9800300598145 23.0455493927002 23.1061134338379 23.1494369506836 23.1750221252441 23.1301956176758 23.0424709320068 22.9512596130371 22.8588848114014 22.8249454498291 22.7992286682129 22.7935810089111 22.7926158905029 22.8214778900146 22.8514938354492 22.8847255706787 22.9033069610596 22.8992519378662 22.890079498291 22.8762130737305 22.8895893096924
-9999 -9999 -9999 -9999 -9999 -9999 20.6130981445312 20.6105880737305 20.6323432922363 20.6859817504883 20.6574611663818 20.7454032897949 20.9270992279053 21.2943058013916 21.6324081420898 21.9369239807129 22.2331886291504 22.5237865447998 22.7668590545654 22.9915828704834 23.1358261108398 23.2658672332764 23.2999935150146 23.328670501709 23.3294239044189 23.3399620056152 23.3822174072266 23.4218559265137 23.4569282531738 23.4786777496338 23.4867191314697 23.4523124694824 23.3920459747314 23.3258056640625 23.2575721740723 23.2256851196289 23.1988010406494 23.1693115234375 23.1424694061279 23.132495880127 23.1275329589844 23.1365165710449 23.1392002105713 23.1321468353271 23.1228294372559 23.1114311218262 23.12109375
-9999 -9999 -9999 -9999 20.3971481323242 20.5522956848145 20.6071701049805 20.6215362548828 20.6105880737305 20.6540985107422 20.82177734375 21.4647235870361 22.0139904022217 22.3778877258301 22.6546783447266 22.8309593200684 23.0043678283691 23.1758041381836 23.3419456481934 23.5060424804688 23.6039237976074 23.6901226043701 23.7058258056641 23.7186717987061 23.7205810546875 23.7259273529053 23.7424144744873 23.757022857666 23.7683544158936 23.7705192565918 23.763256072998 23.7421722412109 23.7126693725586 23.6743698120117 23.6331386566162 23.6041355133057 23.57666015625 23.5264930725098 23.4768447875977 23.4305038452148 23.3922271728516 23.3764038085938 23.362756729126 23.3524703979492 23.3417377471924 23.3305931091309 23.3338146209717
-9999 -9999 -9999 -9999 20.0347385406494 20.3943920135498 20.4974193572998 20.6071701049805 20.6468505859375 21.1518802642822 21.6772766113281 22.2806339263916 22.7835998535156 23.0879154205322 23.299934387207 23.405460357666 23.4903335571289 23.5610256195068 23.6364307403564 23.7136554718018 23.7568244934082 23.7939834594727 23.8019886016846 23.8080234527588 23.8029766082764 23.799633026123 23.8018131256104 23.8056659698486 23.8124351501465 23.8172378540039 23.8200206756592 23.8194980621338 23.8169631958008 23.8035526275635 23.7865180969238 23.7629203796387 23.7383327484131 23.7023391723633 23.665584564209 23.6239852905273 23.5862274169922 23.5591602325439 23.5379276275635 23.5257148742676 23.5128993988037 23.4995307922363 23.491081237793
-9999 -9999 -9999 -9999 -9999 20.0347385406494 20.4382381439209 20.3876686096191 20.7984008789062 21.6691627502441 22.4725112915039 23.0178260803223 23.4614868164062 23.7039966583252 23.8536357879639 23.8961143493652 23.9059619903564 23.8934020996094 23.892147064209 23.8952560424805 23.8906536102295 23.8846912384033 23.8843364715576 23.882869720459 23.8711223602295 23.8597183227539 23.8494262695312 23.8438816070557 23.8466129302979 23.8539543151855 23.8660411834717 23.8827323913574 23.9022274017334 23.9093818664551 23.9124202728271 23.8950424194336 23.8748321533203 23.852876663208 23.8291530609131 23.7941741943359 23.7592639923096 23.7245388031006 23.6983108520508 23.685209274292 23.6710338592529 23.6558742523193 23.6367607116699
-9999 -9999 -9999 -9999 -9999 20.1365699768066 20.0347385406494 20.7233734130859 21.4554500579834 22.2719535827637 23.0034999847412 23.4098587036133 23.7371921539307 23.9081535339355 24.0058841705322 24.0191192626953 24.0131778717041 23.9940662384033 23.9778709411621 23.9628009796143 23.9408664703369 23.9177188873291 23.9061069488525 23.8941097259521 23.8767776489258 23.8600654602051 23.8453598022461 23.8363742828369 23.8373699188232 23.8468170166016 23.8649597167969 23.8841819763184 23.9040622711182 23.9128074645996 23.9178447723389 23.9102668762207 23.900951385498 23.8924427032471 23.8823585510254 23.862232208252 23.8403797149658 23.8137283325195 23.7938423156738 23.7844123840332 23.7720508575439 23.7569999694824 23.7316455841064
-9999 -9999 20.3428115844727 20.3225002288818 20.3059825897217 20.2385215759277 20.1364479064941 21.0722064971924 22.0445213317871 22.8049602508545 23.4661540985107 23.7474746704102 23.9704647064209 24.078031539917 24.1328792572021 24.1268997192383 24.1112689971924 24.0890102386475 24.0624866485596 24.0343132019043 23.9987754821777 23.9619369506836 23.9367256164551 23.9116802215576 23.885892868042 23.8613948822021 23.8410701751709 23.8273525238037 23.8251628875732 23.8347663879395 23.8565082550049 23.8781223297119 23.899658203125 23.9103984832764 23.9175415039062 23.9172401428223 23.9159259796143 23.9166698455811 23.9162864685059 23.9087448120117 23.8990287780762 23.8832588195801 23.8716049194336 23.8663177490234 23.8556308746338 23.8399906158447 23.812463760376
-9999.000000000000000 -9999 -9999 -9999 20.4229965209961 20.3734436035156 20.4356231689453 21.449686050415 22.4852695465088 23.1857070922852 23.7797145843506 23.9663639068604 24.1111545562744 24.1731185913086 24.2047748565674 24.2014579772949 24.1894493103027 24.1714725494385 24.1446800231934 24.1144828796387 24.0734767913818 24.0305652618408 23.9866409301758 23.9430637359619 23.9025554656982 23.8648624420166 23.8362922668457 23.8150215148926 23.8064861297607 23.8120021820068 23.8319778442383 23.855676651001 23.8816432952881 23.8952541351318 23.9047470092773 23.9062175750732 23.9065837860107 23.9074211120605 23.9081592559814 23.9082565307617 23.908655166626 23.9098930358887 23.9105987548828 23.9104824066162 23.9011688232422 23.8834114074707 23.8625926971436
-9999 -9999 -9999 -9999 20.5720634460449 20.6570243835449 20.6398067474365 21.701078414917 22.7820415496826 23.4282493591309 23.9691791534424 24.1071472167969 24.2121467590332 24.2519054412842 24.2735996246338 24.2744522094727 24.267692565918 24.2557048797607 24.231559753418 24.2027206420898 24.1586647033691 24.1119251251221 24.0544586181641 23.9969158172607 23.9407005310059 23.8876342773438 23.8447761535645 23.8113384246826 23.7943420410156 23.7942123413086 23.8114376068115 23.8351058959961 23.8626976013184 23.8782272338867 23.8897342681885 23.8940658569336 23.8973999023438 23.8997573852539 23.902379989624 23.9066867828369 23.9127235412598 23.9235725402832 23.9320774078369 23.9369564056396 23.9314384460449 23.916374206543 23.9050388336182
-9999 -9999 -9999 -9999 20.6713714599609 20.6857204437256 20.7034378051758 21.7938442230225 22.8976802825928 23.4969215393066 24.0025157928467 24.1496677398682 24.2631931304932 24.3101806640625 24.3385639190674 24.34547996521 24.3460121154785 24.3421611785889 24.324333190918 24.3011093139648 24.257043838501 24.209300994873 24.1447982788086 24.0790386199951 24.0058727264404 23.9346904754639 23.8699417114258 23.8185367584229 23.7904167175293 23.782678604126 23.7959175109863 23.8168926239014 23.8425807952881 23.858829498291 23.8719310760498 23.8804950714111 23.8884143829346 23.8940868377686 23.8995590209961 23.9037609100342 23.9097995758057 23.920955657959 23.9315204620361 23.9411754608154 23.9425010681152 23.9361839294434 23.9378204345703
-9999 -9999 -9999 -9999 20.6857204437256 20.7071666717529 20.7323417663574 21.7873210906982 22.8569297790527 23.4469585418701 23.9555492401123 24.1524353027344 24.3019523620605 24.3577442169189 24.3917484283447 24.4006156921387 24.4043025970459 24.4044361114502 24.3923473358154 24.3755416870117 24.3362770080566 24.2930488586426 24.2315044403076 24.168041229248 24.0919151306152 24.0146713256836 23.9338054656982 23.8648490905762 23.8166751861572 23.7937602996826 23.7968349456787 23.8112831115723 23.8326606750488 23.8484916687012 23.8624744415283 23.8759937286377 23.8894176483154 23.8986320495605 23.9067306518555 23.9077320098877 23.9114379882812 23.9226703643799 23.934549331665 23.9474258422852 23.9559841156006 23.9605770111084 23.9748802185059
-9999 -9999 -9999 -9999 20.7084102630615 20.7323417663574 21.6480293273926 21.7063312530518 22.6988868713379 23.3080177307129 23.8483562469482 24.1253871917725 24.3314971923828 24.3972721099854 24.4361000061035 24.4438323974609 24.4475727081299 24.4485702514648 24.4417896270752 24.4320068359375 24.4011478424072 24.3665733337402 24.315486907959 24.2622032165527 24.1936111450195 24.1193447113037 24.0266933441162 23.9404983520508 23.8655757904053 23.8218021392822 23.810079574585 23.8151264190674 23.8303890228271 23.84494972229 23.8592758178711 23.8782939910889 23.897912979126 23.9108409881592 23.9213981628418 23.9168796539307 23.9165000915527 23.9276390075684 23.9402694702148 23.9552040100098 23.9712829589844 23.988410949707 24.0151519775391
-9999 -9999 -9999 -9999 20.7323417663574 21.6616706848145 22.0970420837402 22.3661231994629 22.4521312713623 23.1177024841309 23.7207298278809 24.0843620300293 24.3505249023438 24.4238300323486 24.4669189453125 24.4751453399658 24.4801998138428 24.4830741882324 24.4816932678223 24.478666305542 24.4575004577637 24.4331321716309 24.3919620513916 24.3484268188477 24.2882499694824 24.2214851379395 24.1333656311035 24.0433902740479 23.9501724243164 23.8852844238281 23.8495464324951 23.8383903503418 23.8422088623047 23.8529663085938 23.8660373687744 23.8906002044678 23.9166698455811 23.9313793182373 23.9428901672363 23.9340286254883 23.9301013946533 23.9399089813232 23.9531326293945 23.9716396331787 23.9960346221924 24.0258350372314 24.0617542266846
-9999 -9999 -9999 -9999 -9999 22.0872192382812 22.1692695617676 22.2186717987061 22.1673526763916 22.9053707122803 23.5843486785889 24.0373458862305 24.365047454834 24.4448261260986 24.4919376373291 24.5013561248779 24.508264541626 24.5134506225586 24.517505645752 24.521125793457 24.5101985931396 24.4967079162598 24.4652194976807 24.431245803833 24.3798637390137 24.3225383758545 24.2459487915039 24.1579570770264 24.0500679016113 23.9639549255371 23.9002513885498 23.8699779510498 23.8600692749023 23.8659381866455 23.8770656585693 23.9071922302246 23.9398250579834 23.9554901123047 23.967306137085 23.9546070098877 23.9473628997803 23.9553089141846 23.9690589904785 23.9917869567871 24.0248394012451 24.0673675537109 24.1110725402832
-9999 -9999 -9999 -9999 -9999 22.0113182067871 21.9953479766846 21.9230136871338 21.9954967498779 22.8139820098877 23.5633640289307 24.0482482910156 24.3944492340088 24.4662342071533 24.5099239349365 24.5211982727051 24.5312747955322 24.54052734375 24.5502586364746 24.5601768493652 24.5572566986084 24.5520706176758 24.5293369293213 24.5037078857422 24.4571647644043 24.4056720733643 24.3381309509277 24.2583866119385 24.1573505401611 24.0649356842041 23.9813919067383 23.9319381713867 23.9032497406006 23.9034900665283 23.9133720397949 23.9482669830322 23.9864120483398 23.995964050293 24.0016002655029 23.982307434082 23.9695720672607 23.9750995635986 23.9901924133301 24.0200710296631 24.0597820281982 24.1085166931152 24.1593532562256
-9999 -9999 -9999 -9999 -9999 21.934684753418 21.8693351745605 21.8443584442139 21.8470058441162 22.747615814209 23.566255569458 24.0711364746094 24.4269313812256 24.4877243041992 24.5264549255371 24.5397262573242 24.5532398223877 24.5669231414795 24.5823802947998 24.5985240936279 24.6031455993652 24.60573387146 24.5915641784668 24.5740280151367 24.5315055847168 24.4850978851318 24.4260902404785 24.3558921813965 24.2661609649658 24.1705303192139 24.0688285827637 24.0001811981201 23.9516716003418 23.9461288452148 23.9549121856689 23.99440574646 24.0378475189209 24.0398216247559 24.0379371643066 24.0114803314209 23.9928073883057 23.9958000183105 24.0124034881592 24.0500411987305 24.0959949493408 24.1495838165283 24.2074184417725
-9999 -9999 -9999 -9999 -9999 -9999 21.9393730163574 21.8406352996826 21.9144058227539 22.8432292938232 23.6744709014893 24.1322135925293 24.4533233642578 24.5040721893311 24.538501739502 24.5541000366211 24.5723514556885 24.5924243927002 24.6138572692871 24.6358165740967 24.6462574005127 24.6546669006348 24.6456317901611 24.6330070495605 24.5936431884766 24.5502777099609 24.4939441680908 24.4291400909424 24.3495502471924 24.2587852478027 24.1565189361572 24.0799789428711 24.0191078186035 24.0080471038818 24.0135879516602 24.0476951599121 24.0854148864746 24.0766487121582 24.0647850036621 24.033203125 24.0115356445312 24.0174655914307 24.038444519043 24.0826797485352 24.1343803405762 24.1929302215576 24.2538566589355
-9999 -9999 -9999 -9999 -9999 -9999 22.1104927062988 22.1331233978271 22.0219860076904 22.9641513824463 23.7945652008057 24.1972389221191 24.4785614013672 24.5197639465332 24.5502548217773 24.5683841705322 24.5915660858154 24.6182155609131 24.6456127166748 24.6732959747314 24.6893081665039 24.7032585144043 24.6987953186035 24.6905326843262 24.6539821624756 24.6132793426514 24.5591106414795 24.4991416931152 24.4290504455566 24.3434677124023 24.241943359375 24.1587734222412 24.086784362793 24.0703754425049 24.0724925994873 24.1002540588379 24.1311950683594 24.1114940643311 24.0895862579346 24.0536155700684 24.0296382904053 24.0390434265137 24.0646419525146 24.1152667999268 24.1725006103516 24.2357997894287 24.2992973327637
-9999 -9999 -9999 -9999 -9999 -9999 22.3084831237793 22.3577194213867 22.4550323486328 23.2776870727539 23.9910545349121 24.2861251831055 24.4943923950195 24.5309009552002 24.5609893798828 24.583667755127 24.6132316589355 24.6475200653076 24.6806297302246 24.7132816314697 24.7330284118652 24.7504978179932 24.7461853027344 24.7379474639893 24.7009773254395 24.6598415374756 24.6052055358887 24.5461006164551 24.4791965484619 24.3983249664307 24.3030796051025 24.2213840484619 24.1479396820068 24.1278781890869 24.1256141662598 24.1415996551514 24.1597537994385 24.1285724639893 24.0970783233643 24.063591003418 24.0431842803955 24.0591907501221 24.0906524658203 24.1460037231445 24.2067642211914 24.2724876403809 24.3348808288574
-9999 -9999 -9999 -9999 -9999 22.0233535766602 22.3691139221191 22.4346084594727 22.887731552124 23.5779991149902 24.1664428710938 24.3651542663574 24.5082912445068 24.5414638519287 24.5721206665039 24.59987449646 24.635778427124 24.6772785186768 24.7152843475342 24.7519435882568 24.7745590209961 24.79469871521 24.790246963501 24.7817859649658 24.7443904876709 24.702693939209 24.6470642089844 24.588285446167 24.5240154266357 24.4475326538086 24.3584823608398 24.2792568206787 24.206018447876 24.1828384399414 24.1763477325439 24.1802177429199 24.1851806640625 24.1429195404053 24.1023502349854 24.0725517272949 24.0565395355225 24.0789012908936 24.1158924102783 24.1754894256592 24.2389087677002 24.3058395385742 24.3667049407959
-9999 -9999 -9999 -9999 21.52952003479 21.9144153594971 22.0233535766602 22.6607761383057 23.3191509246826 23.8298263549805 24.2644577026367 24.4080295562744 24.5150947570801 24.549919128418 24.5847091674805 24.6194591522217 24.6615543365479 24.7086906433105 24.7486133575439 24.7857475280762 24.8080596923828 24.8277549743652 24.8221054077148 24.8125114440918 24.7746696472168 24.7319431304932 24.6733856201172 24.6129684448242 24.5493068695068 24.4760303497314 24.3928623199463 24.3197727203369 24.2528228759766 24.2284698486328 24.218318939209 24.2088298797607 24.1991291046143 24.1472568511963 24.0994815826416 24.0777969360352 24.0691967010498 24.097017288208 24.138298034668 24.2003784179688 24.2632884979248 24.3269634246826 24.3847389221191
