Ecospace-environmental-drivers/Outputs/ASCII-for-ecospace/MOM6-ISIMIP3a/tos/1999-05_tos_MOM6-ISIMIP3a.asc
NCOLS 131 
NROWS 53 
XLLCORNER -98 
YLLCORNER 23.9265270233154 
CELLSIZE 0.133587792515755 
NODATA_value -9999 
[rows 21 to 41 of 53, columns 0 to 46 of 131]
-9999 -9999 -9999 -9999 -9999 -9999 24.9471015930176 24.9405670166016 24.923583984375 24.9027099609375 24.9373073577881 25.0426406860352 24.989875793457 24.8327007293701 24.7439022064209 24.7339992523193 24.7400703430176 24.7571144104004 24.7648525238037 24.7689952850342 24.7708396911621 24.7722797393799 24.7788200378418 24.7845821380615 24.7829189300537 24.7833633422852 24.7906532287598 24.8015823364258 24.8188705444336 24.8397464752197 24.8643131256104 24.8904304504395 24.9174900054932 24.947904586792 24.9794368743896 25.0040817260742 25.0278053283691 25.0558528900146 25.0840702056885 25.1133766174316 25.140869140625 25.16330909729 25.1793193817139 25.1853885650635 25.1949901580811 25.2078304290771 25.2244091033936
-9999 -9999 -9999 -9999 -9999 -9999 24.9472026824951 24.9471015930176 24.9340324401855 24.9104881286621 24.9027099609375 24.8665714263916 24.8128452301025 24.7243175506592 24.6804161071777 24.688009262085 24.7002029418945 24.7155570983887 24.7333889007568 24.7521781921387 24.7644367218018 24.7755451202393 24.784875869751 24.7936496734619 24.7981109619141 24.8027019500732 24.8077239990234 24.8168392181396 24.8330993652344 24.8485202789307 24.8630790710449 24.8874588012695 24.9178199768066 24.9527740478516 24.9892597198486 25.0195713043213 25.049108505249 25.0894718170166 25.1304817199707 25.1756210327148 25.216760635376 25.2467555999756 25.267707824707 25.2746810913086 25.2870655059814 25.3044166564941 25.3181095123291
-9999 -9999 -9999 -9999 25.1342639923096 25.0056095123291 24.9491558074951 24.945348739624 24.9471015930176 24.9209651947021 24.8711738586426 24.7308464050293 24.6361179351807 24.6316242218018 24.6387138366699 24.6591701507568 24.6752815246582 24.6884117126465 24.7134475708008 24.7430839538574 24.763578414917 24.7824592590332 24.7957382202148 24.8087177276611 24.820219039917 24.8296680450439 24.832462310791 24.8395500183105 24.854133605957 24.8636455535889 24.8679389953613 24.88991355896 24.9226570129395 24.9611339569092 25.001522064209 25.0370311737061 25.0719966888428 25.1250400543213 25.1791877746582 25.2403564453125 25.2953586578369 25.3331928253174 25.3599433898926 25.3695659637451 25.3862838745117 25.4095134735107 25.4218482971191
-9999 -9999 -9999 -9999 25.4300861358643 25.1522045135498 25.0620613098145 24.9491558074951 24.9397888183594 24.8205661773682 24.712797164917 24.6488704681396 24.6147441864014 24.6395835876465 24.6737842559814 24.7187843322754 24.7463054656982 24.7618236541748 24.7792263031006 24.7973575592041 24.8111133575439 24.8240966796875 24.8549022674561 24.8845767974854 24.9015960693359 24.9142608642578 24.9127998352051 24.9122276306152 24.913200378418 24.9164428710938 24.9220199584961 24.9392833709717 24.9636688232422 24.9947814941406 25.0281391143799 25.0643844604492 25.1012516021729 25.1689033508301 25.2366752624512 25.3051986694336 25.3668231964111 25.4092407226562 25.4469680786133 25.4774494171143 25.5123996734619 25.5514507293701 25.5824203491211
-9999 -9999 -9999 -9999 -9999 25.4300861358643 25.1675128936768 25.1749687194824 24.9130725860596 24.7291278839111 24.5841541290283 24.5883369445801 24.6098403930664 24.6656150817871 24.7280578613281 24.7981910705566 24.8387184143066 24.8589115142822 24.870641708374 24.8791027069092 24.885892868042 24.892391204834 24.9334087371826 24.9728317260742 24.9926528930664 25.0062961578369 24.9999084472656 24.9905223846436 24.9758987426758 24.9729900360107 24.9821300506592 24.9962005615234 25.0132751464844 25.0399627685547 25.0698566436768 25.1076488494873 25.1468029022217 25.2233428955078 25.2995529174805 25.3736667633057 25.4408588409424 25.4887733459473 25.5375499725342 25.5876617431641 25.6397514343262 25.6936550140381 25.7406120300293
-9999 -9999 -9999 -9999 -9999 25.3691310882568 25.4300861358643 25.1158428192139 24.8012828826904 24.6769886016846 24.5858860015869 24.6218242645264 24.6771621704102 24.7708873748779 24.8665313720703 24.9643859863281 25.0249176025391 25.0598201751709 25.0744647979736 25.0812854766846 25.0801296234131 25.077564239502 25.0967388153076 25.1154308319092 25.1261444091797 25.1309680938721 25.1166973114014 25.0934448242188 25.0545253753662 25.0459785461426 25.0686874389648 25.0862102508545 25.1005725860596 25.1357192993164 25.1777954101562 25.2206878662109 25.2638168334961 25.324146270752 25.386058807373 25.4580307006836 25.526159286499 25.5835838317871 25.6437320709229 25.7080841064453 25.7725200653076 25.8370304107666 25.8883666992188
-9999 -9999 25.2481842041016 25.2594661712646 25.2677230834961 25.3081035614014 25.3692035675049 25.040168762207 24.7127628326416 24.64524269104 24.6066360473633 24.6786937713623 24.7685585021973 24.8936538696289 25.0173587799072 25.1394557952881 25.2173175811768 25.2647972106934 25.2823905944824 25.2884426116943 25.2767448425293 25.2619152069092 25.2599182128906 25.2580795288086 25.2552185058594 25.2468166351318 25.2204532623291 25.1864166259766 25.1389904022217 25.1307315826416 25.1627788543701 25.1841678619385 25.1990623474121 25.2457942962646 25.3031368255615 25.3489532470703 25.3931732177734 25.4369621276855 25.4831485748291 25.5445976257324 25.6058177947998 25.6664085388184 25.7317008972168 25.8042621612549 25.8752670288086 25.9448413848877 25.9980506896973
-9999.000000000000000 -9999 -9999 -9999 25.2025737762451 25.2273406982422 25.1901206970215 24.928394317627 24.6750068664551 24.6579875946045 24.6688766479492 24.7865829467773 24.9124813079834 25.0545883178711 25.1951389312744 25.3338966369629 25.4232406616211 25.4786529541016 25.4992713928223 25.5064525604248 25.4785575866699 25.4444713592529 25.4227695465088 25.4008312225342 25.3746509552002 25.343412399292 25.2957763671875 25.2576713562012 25.2361946105957 25.2411518096924 25.2733135223389 25.2994709014893 25.3219738006592 25.3871097564697 25.4664554595947 25.5104484558105 25.5494632720947 25.575984954834 25.6033363342285 25.6359710693359 25.6731700897217 25.7230777740479 25.7799377441406 25.8475399017334 25.9125080108643 25.9750595092773 26.0246677398682
-9999 -9999 -9999 -9999 25.121223449707 25.0722751617432 25.077205657959 24.8618812561035 24.654764175415 24.6798439025879 24.7315578460693 24.8852195739746 25.0400447845459 25.197172164917 25.3495388031006 25.4964122772217 25.5931549072266 25.6554718017578 25.6774768829346 25.6839160919189 25.6490917205811 25.6069850921631 25.5683078765869 25.5280494689941 25.473991394043 25.4163818359375 25.3472671508789 25.3040409088135 25.3059902191162 25.326904296875 25.3673305511475 25.4071083068848 25.4464912414551 25.5244083404541 25.6151714324951 25.65749168396 25.692943572998 25.7044048309326 25.7153911590576 25.7233486175537 25.7388477325439 25.7753410339355 25.8215312957764 25.8827018737793 25.9415760040283 25.9983463287354 26.043436050415
-9999 -9999 -9999 -9999 25.0681648254395 25.0640563964844 25.0589828491211 24.8523139953613 24.6565532684326 24.7131576538086 24.7947883605957 24.9722156524658 25.147029876709 25.3166732788086 25.4745235443115 25.6187648773193 25.7177658081055 25.7856960296631 25.8070297241211 25.8103694915771 25.7802772521973 25.7442874908447 25.6920642852783 25.6357269287109 25.5480556488037 25.4596328735352 25.3687725067139 25.3191032409668 25.34130859375 25.3816223144531 25.4405689239502 25.5050983428955 25.5730266571045 25.6566543579102 25.7455139160156 25.7863540649414 25.8203086853027 25.8194885253906 25.8172168731689 25.8056983947754 25.802417755127 25.8220653533936 25.8547687530518 25.9076499938965 25.9603595733643 26.0129089355469 26.0523300170898
-9999 -9999 -9999 -9999 25.0640563964844 25.0579147338867 25.0507049560547 24.864673614502 24.6901683807373 24.765645980835 24.8670406341553 25.0676345825195 25.2612609863281 25.4411010742188 25.6003742218018 25.7359142303467 25.8289127349854 25.8926963806152 25.9094161987305 25.9079608917236 25.8792324066162 25.8456916809082 25.7817459106445 25.7125625610352 25.6052837371826 25.5014457702637 25.4087600708008 25.3587379455566 25.3831653594971 25.4284973144531 25.4953365325928 25.5727634429932 25.6566371917725 25.7414436340332 25.8265571594238 25.8694705963135 25.9062671661377 25.9033985137939 25.8982162475586 25.8782901763916 25.8652095794678 25.8711738586426 25.8912944793701 25.9332904815674 25.978479385376 26.0265979766846 26.0639495849609
-9999 -9999 -9999 -9999 25.0575580596924 25.0507049560547 24.9148406982422 24.8934803009033 24.7476539611816 24.8325176239014 24.9460601806641 25.1693706512451 25.3809280395508 25.5692253112793 25.7268733978271 25.8491592407227 25.9299621582031 25.9822788238525 25.9914264678955 25.9839057922363 25.9540138244629 25.9201755523682 25.8458709716797 25.7662658691406 25.6498851776123 25.542179107666 25.4626083374023 25.416805267334 25.4299297332764 25.4694900512695 25.5362510681152 25.6176853179932 25.7080554962158 25.7906398773193 25.870626449585 25.9182777404785 25.9611701965332 25.9639282226562 25.9635944366455 25.9435653686523 25.9274158477783 25.9220733642578 25.9302883148193 25.959451675415 25.9961032867432 26.0396308898926 26.0776100158691
-9999 -9999 -9999 -9999 25.0507049560547 24.9513568878174 24.88401222229 24.8505077362061 24.8444137573242 24.9342670440674 25.0558280944824 25.2987480163574 25.5217304229736 25.7052612304688 25.847806930542 25.9430561065674 26.0048141479492 26.043571472168 26.0470199584961 26.0368366241455 25.9999408721924 25.9583301544189 25.8898582458496 25.8177032470703 25.7197532653809 25.6274299621582 25.5533466339111 25.5045185089111 25.4997634887695 25.5232086181641 25.5756721496582 25.6461849212646 25.7276935577393 25.8033866882324 25.8771419525146 25.9294376373291 25.9785079956055 25.9917907714844 26.0014934539795 25.9883918762207 25.9761047363281 25.9660816192627 25.9667835235596 25.9840641021729 26.0121917724609 26.0502796173096 26.0881576538086
-9999 -9999 -9999 -9999 -9999 24.9695358276367 24.9558696746826 24.9080467224121 24.9580039978027 25.0509643554688 25.1787738800049 25.4399700164795 25.6715888977051 25.8446884155273 25.9663505554199 26.0286617279053 26.0684394836426 26.0927391052246 26.0912933349609 26.0799026489258 26.0334987640381 25.9809150695801 25.9252166748047 25.8681678771973 25.8004531860352 25.7317600250244 25.6598968505859 25.6049385070801 25.5794849395752 25.5823822021484 25.6144523620605 25.6676483154297 25.7337112426758 25.8005142211914 25.8675651550293 25.9244613647461 25.9797439575195 26.0056495666504 26.0276126861572 26.0244560241699 26.0189990997314 26.0071334838867 26.0022087097168 26.0080108642578 26.0276222229004 26.0599040985107 26.0973720550537
-9999 -9999 -9999 -9999 -9999 25.0897693634033 25.0687255859375 25.1090545654297 25.1079998016357 25.2004241943359 25.326774597168 25.5829772949219 25.7998542785645 25.9389190673828 26.0339603424072 26.0782089233398 26.1065044403076 26.1238479614258 26.1174507141113 26.1018867492676 26.0569000244141 26.0067195892334 25.9649505615234 25.9228363037109 25.8763217926025 25.8265705108643 25.7663154602051 25.7125759124756 25.6702060699463 25.653434753418 25.6630077362061 25.6959934234619 25.7432441711426 25.7976341247559 25.8544063568115 25.9112491607666 25.9679584503174 26.0047492980957 26.0372428894043 26.0423717498779 26.043909072876 26.0354537963867 26.0297718048096 26.028377532959 26.0408115386963 26.0659370422363 26.1013679504395
-9999 -9999 -9999 -9999 -9999 25.2504100799561 25.2447166442871 25.1890735626221 25.2655296325684 25.3566627502441 25.4799575805664 25.7263526916504 25.9236507415771 26.023796081543 26.0910320281982 26.1202926635742 26.1392841339111 26.1512203216553 26.1398620605469 26.1195087432861 26.0781993865967 26.0331916809082 26.0055885314941 25.9783725738525 25.951192855835 25.9194107055664 25.872709274292 25.8217086791992 25.7632026672363 25.7269477844238 25.7135848999023 25.7257652282715 25.7535018920898 25.7947540283203 25.8405075073242 25.8963317871094 25.9534759521484 26.0007934570312 26.0434627532959 26.0565299987793 26.0650978088379 26.0611400604248 26.0557098388672 26.0480003356934 26.0535354614258 26.0712261199951 26.1042861938477
-9999 -9999 -9999 -9999 -9999 -9999 25.4377899169922 25.4360198974609 25.4450016021729 25.5350685119629 25.6477088928223 25.8467540740967 26.0053253173828 26.0838108062744 26.1354522705078 26.1561183929443 26.1704292297363 26.1803760528564 26.1665191650391 26.1434707641602 26.109188079834 26.072925567627 26.0480003356934 26.0235767364502 26.0012760162354 25.9755554199219 25.9387454986572 25.8958282470703 25.8422527313232 25.7991409301758 25.7667961120605 25.7597694396973 25.7681655883789 25.8006286621094 25.8411140441895 25.8935508728027 25.9475994110107 25.9959487915039 26.0405902862549 26.0616245269775 26.0767841339111 26.0755920410156 26.0712852478027 26.0621604919434 26.0628776550293 26.0726299285889 26.099817276001
-9999 -9999 -9999 -9999 -9999 -9999 25.6328105926514 25.6882743835449 25.624361038208 25.7118587493896 25.8124160766602 25.9629688262939 26.0826110839844 26.1410884857178 26.1784362792969 26.19140625 26.2011394500732 26.2086486816406 26.192663192749 26.1676044464111 26.140100479126 26.1121654510498 26.0892066955566 26.0668697357178 26.0488224029541 26.0287055969238 26.0018882751465 25.9675178527832 25.9199657440186 25.8712310791016 25.8212738037109 25.7956562042236 25.7848663330078 25.8087291717529 25.8441429138184 25.8931293487549 25.9439792633057 25.9927921295166 26.0387897491455 26.0668563842773 26.0877933502197 26.0888843536377 26.0855960845947 26.0755443572998 26.0718460083008 26.0739822387695 26.0949821472168
-9999 -9999 -9999 -9999 -9999 -9999 25.8340530395508 25.7741355895996 25.7920322418213 25.8608264923096 25.9377021789551 26.0455207824707 26.1332035064697 26.181037902832 26.2121524810791 26.2239799499512 26.2279968261719 26.2266540527344 26.2113075256348 26.1905555725098 26.1655502319336 26.1397953033447 26.1167163848877 26.0947074890137 26.0811462402344 26.0674705505371 26.0534343719482 26.0299777984619 25.9900817871094 25.9428291320801 25.8880081176758 25.8496055603027 25.8212070465088 25.836389541626 25.8661022186279 25.9120788574219 25.960298538208 26.0080661773682 26.0527648925781 26.0779113769531 26.0961494445801 26.0951499938965 26.0913581848145 26.083251953125 26.0784454345703 26.0766677856445 26.0897636413574
-9999 -9999 -9999 -9999 -9999 26.1468982696533 26.0097885131836 26.0397510528564 25.9400806427002 25.9942016601562 26.0518245697021 26.1228580474854 26.1826210021973 26.2200889587402 26.2445430755615 26.2539768218994 26.252384185791 26.2432174682617 26.2272720336914 26.2087097167969 26.1849327087402 26.1602344512939 26.1387405395508 26.1186981201172 26.1101856231689 26.1025543212891 26.0977821350098 26.0828399658203 26.0501537322998 26.0060138702393 25.9500904083252 25.9035148620605 25.8626365661621 25.8695316314697 25.8923492431641 25.9345855712891 25.9795074462891 26.0245895385742 26.066463470459 26.0879211425781 26.1031169891357 26.1008834838867 26.0969352722168 26.0903358459473 26.084415435791 26.0791168212891 26.0847549438477
-9999 -9999 -9999 -9999 26.3893241882324 26.2304267883301 26.1468982696533 26.0783729553223 26.0161685943604 26.0704040527344 26.1250152587891 26.1810665130615 26.2277393341064 26.2558536529541 26.2720623016357 26.2745361328125 26.2677116394043 26.2544994354248 26.2334117889404 26.2092838287354 26.1820640563965 26.154296875 26.1406497955322 26.1285915374756 26.1271877288818 26.1241340637207 26.1157264709473 26.1005058288574 26.0733947753906 26.0383415222168 25.9951171875 25.9572830200195 25.9227333068848 25.9227619171143 25.9343185424805 25.9701499938965 26.0093154907227 26.0456848144531 26.0791473388672 26.0940971374512 26.1050052642822 26.1046695709229 26.1018314361572 26.0951290130615 26.088077545166 26.0807037353516 26.0805206298828
