Ecospace-environmental-drivers/Outputs/ASCII-for-ecospace/MOM6-ISIMIP3a/tos/2000-02_tos_MOM6-ISIMIP3a.asc
NCOLS 131 
NROWS 53 
XLLCORNER -98 
YLLCORNER 23.9265270233154 
CELLSIZE 0.133587792515755 
NODATA_value -9999 
[rows 0 to 20 of 53, columns 47 to 93 of 131]
-9999 -9999 -9999 -9999 -9999 -9999 -9999 -9999 -9999 -9999 -9999 -9999 -9999 -9999 -9999 -9999 -9999 -9999 -9999 -9999 -9999 -9999 -9999 -9999 -9999 -9999 -9999 -9999 -9999 -9999 -9999 -9999 -9999 -9999 -9999 -9999 -9999 -9999 -9999 -9999 -9999 -9999 -9999 -9999 -9999 -9999 -9999
-9999 -9999 -9999 -9999 -9999 -9999 -9999 -9999 -9999 -9999 -9999 -9999 -9999 -9999 -9999 -9999 -9999 -9999 -9999 -9999 -9999 -9999 -9999 -9999 -9999 -9999 -9999 -9999 -9999 -9999 -9999 -9999 -9999 -9999 -9999 -9999 -9999 -9999 -9999 -9999 -9999 -9999 -9999 -9999 -9999 -9999 -9999
-9999 -9999 -9999 -9999 -9999 -9999 -9999 -9999 -9999 -9999 -9999 -9999 -9999 -9999 -9999 -9999 -9999 -9999 -9999 -9999 -9999 -9999 -9999 -9999 -9999 -9999 -9999 15.2515306472778 15.1006660461426 -9999 -9999 -9999 -9999 -9999 -9999 -9999 -9999 -9999 -9999 -9999 -9999 -9999 -9999 -9999 -9999 -9999 -9999
-9999 -9999 -9999 -9999 -9999 -9999 -9999 -9999 -9999 -9999 -9999 -9999 -9999 -9999 -9999 -9999 -9999 -9999 -9999 -9999 -9999 -9999 -9999 -9999 -9999 -9999 -9999 15.2477493286133 15.0760202407837 -9999 -9999 -9999 -9999 -9999 -9999 -9999 -9999 -9999 -9999 -9999 -9999 -9999 -9999 -9999 -9999 -9999 -9999
-9999 -9999 -9999 -9999 -9999 -9999 -9999 -9999 -9999 -9999 -9999 -9999 -9999 -9999 -9999 -9999 -9999 -9999 15.065333366394 15.092095375061 15.11350440979 15.2383909225464 15.3480081558228 15.5350065231323 15.6313705444336 15.5996570587158 15.4570589065552 15.2357473373413 15.050443649292 14.9418706893921 -9999 -9999 15.281346321106 15.7893075942993 16.503490447998 17.1692447662354 17.6222820281982 17.8666687011719 17.9355754852295 17.8758029937744 17.5729331970215 17.0279445648193 -9999 -9999 -9999 -9999 -9999
-9999 -9999 -9999 -9999 -9999 -9999 -9999 -9999 -9999 -9999 -9999 -9999 -9999 -9999 16.23171043396 -9999 16.0610790252686 15.9169769287109 15.5330333709717 15.065333366394 15.0974473953247 15.11350440979 15.3632774353027 15.5672416687012 15.6745004653931 15.6523704528809 15.4721012115479 15.2467041015625 14.9884357452393 14.9161911010742 14.9209861755371 14.9899396896362 15.0715055465698 15.7825937271118 16.513822555542 17.2140579223633 17.7798519134521 17.8729381561279 17.9472179412842 17.986572265625 17.6936187744141 17.0386066436768 16.3516082763672 15.6439142227173 -9999 -9999 -9999
-9999 -9999 -9999 -9999 -9999 -9999 -9999 -9999 -9999 -9999 17.7361373901367 17.7408103942871 17.7446365356445 17.7561225891113 17.0023765563965 16.2506771087646 16.2127437591553 16.0535163879395 15.9169769287109 15.6167898178101 15.065333366394 15.11350440979 15.3632774353027 15.5672416687012 15.6745004653931 15.6523704528809 15.4721012115479 15.2467041015625 14.9884357452393 14.9161911010742 14.9209861755371 14.9899396896362 15.0715055465698 15.7825937271118 16.513822555542 17.2140579223633 17.7798519134521 17.8729381561279 17.9472179412842 17.986572265625 17.6936187744141 17.0386066436768 16.3516082763672 15.6439142227173 15.456883430481 15.9794721603394 -9999
-9999 -9999 -9999 -9999 -9999 -9999 -9999 -9999 -9999 -9999 17.7110824584961 17.7361373901367 17.7454833984375 -9999 17.7705917358398 17.0255794525146 16.2886085510254 16.2127437591553 16.0308265686035 15.9169769287109 15.8680601119995 15.8778352737427 16.1332454681396 16.3461875915527 16.4694728851318 16.4734020233154 16.3314552307129 16.1192684173584 15.8559217453003 15.8163986206055 15.8695688247681 16.0278453826904 16.2067852020264 16.7367687225342 17.2844161987305 17.8776035308838 18.3808422088623 18.5678119659424 18.7093086242676 18.766357421875 18.5247783660889 17.957836151123 17.3196792602539 16.635440826416 16.3272914886475 16.1542415618896 15.8271026611328
-9999 -9999 -9999 -9999 -9999 -9999 -9999 -9999 -9999 -9999 -9999 -9999 -9999 -9999 17.7658977508545 17.7910480499268 17.0695972442627 16.3644752502441 16.2127437591553 15.9627590179443 16.3562812805176 16.7243614196777 16.985969543457 17.2088737487793 17.3500690460205 17.3829898834229 17.283576965332 17.0877475738525 16.8216915130615 16.8186092376709 16.9244346618652 17.1793098449707 17.4634857177734 17.7937850952148 18.1388778686523 18.6117820739746 19.0432415008545 19.3289794921875 19.5407485961914 19.6151504516602 19.4297657012939 18.9613342285156 18.3790073394775 17.7229843139648 17.0005798339844 16.2543315887451 15.7076120376587
14.9401054382324 -9999 -9999 -9999 -9999 -9999 -9999 -9999 -9999 -9999 17.6043643951416 17.6854000091553 -9999 -9999 -9999 17.7880344390869 17.8115882873535 17.1711463928223 16.5162048339844 16.5746936798096 17.0461730957031 17.4779357910156 17.7434730529785 17.9759044647217 18.1384429931641 18.2015914916992 18.1432666778564 18.0208644866943 17.8517913818359 17.8879909515381 18.009204864502 18.2705631256104 18.5594692230225 18.7425384521484 18.9335613250732 19.2405624389648 19.5229587554932 19.7188415527344 19.8508281707764 19.8641529083252 19.7046928405762 19.3569774627686 18.8836688995361 18.3290958404541 17.6915798187256 17.0242710113525 16.1277332305908
14.9706087112427 14.9751110076904 -9999 -9999 -9999 -9999 -9999 -9999 -9999 -9999 17.6713981628418 17.9324054718018 17.6854000091553 -9999 -9999 17.8109092712402 17.8170547485352 17.8068027496338 17.5029220581055 17.2331256866455 17.7530403137207 18.2234535217285 18.4867000579834 18.7249412536621 18.9103889465332 19.0016193389893 18.9776973724365 18.9214572906494 18.8416767120361 18.9066257476807 19.0315132141113 19.2829074859619 19.5591716766357 19.6178340911865 19.6781902313232 19.8338050842285 19.9793395996094 20.0894260406494 20.1460018157959 20.1032028198242 19.9683532714844 19.7332134246826 19.3745346069336 18.9359169006348 18.3882579803467 17.8014297485352 16.6421012878418
14.9706087112427 14.9841165542603 15.3326826095581 15.5809535980225 -9999 -9999 -9999 -9999 -9999 -9999 -9999 18.1774768829346 18.1291732788086 17.6854000091553 17.7361373901367 17.8109092712402 17.8170547485352 17.8068027496338 17.960376739502 18.1409645080566 18.5509605407715 18.9257736206055 19.1533527374268 19.3774547576904 19.5942192077637 19.7020206451416 19.6766452789307 19.6475963592529 19.6158695220947 19.6530590057373 19.7187881469727 19.8720092773438 20.0424270629883 20.0991134643555 20.1543388366699 20.2364311218262 20.310546875 20.3566036224365 20.361213684082 20.2888526916504 20.1715717315674 20.0053462982178 19.7913875579834 19.5465431213379 19.1153926849365 18.617317199707 17.6619968414307
15.0530061721802 15.2566022872925 15.5038442611694 15.5861682891846 -9999 -9999 -9999 -9999 16.4440650939941 17.1061668395996 17.7472076416016 18.3593349456787 18.4258880615234 18.0460662841797 17.9931640625 18.0951175689697 18.0992622375488 18.0800380706787 18.5172004699707 18.9763622283936 19.2993717193604 19.5949649810791 19.7758083343506 19.9669208526611 20.1797142028809 20.2874450683594 20.2667713165283 20.2602005004883 20.2639007568359 20.2788047790527 20.2983474731445 20.3672904968262 20.4459438323975 20.4964370727539 20.5437469482422 20.5701389312744 20.5915603637695 20.595495223999 20.5672206878662 20.4791278839111 20.3835144042969 20.2797088623047 20.1837844848633 20.092960357666 19.7892303466797 19.4090194702148 18.6914157867432
15.3414011001587 15.420093536377 15.5177354812622 15.5861682891846 15.6528491973877 15.7529582977295 15.8729238510132 16.093900680542 16.4440650939941 17.1061668395996 17.7472076416016 18.3593349456787 18.6713027954102 18.7376918792725 18.8927726745605 19.089864730835 19.0870056152344 19.0363712310791 19.3224506378174 19.6306438446045 19.9240093231201 20.1813259124756 20.2877769470215 20.3987712860107 20.5193576812744 20.5854187011719 20.5848350524902 20.5889644622803 20.5965251922607 20.6028270721436 20.6086082458496 20.6280155181885 20.6501026153564 20.6838645935059 20.7163009643555 20.7315444946289 20.7470874786377 20.7636737823486 20.7502155303955 20.6809616088867 20.6172733306885 20.5596466064453 20.5150375366211 20.478853225708 20.3298263549805 20.1402645111084 19.7446403503418
15.719554901123 15.716911315918 15.7226657867432 15.8007202148438 15.8877620697021 16.0176296234131 16.1706466674805 16.4414081573486 16.8092670440674 17.4115715026855 17.9989814758301 18.5659446716309 18.9969863891602 19.3168201446533 19.5707149505615 19.7933769226074 19.821813583374 19.8038425445557 19.9849681854248 20.1820087432861 20.4116287231445 20.6095943450928 20.6750812530518 20.7382049560547 20.7963409423828 20.8341007232666 20.8469581604004 20.8590965270996 20.8707122802734 20.8744640350342 20.8749580383301 20.8658714294434 20.8549003601074 20.8734550476074 20.8911514282227 20.8897876739502 20.8919162750244 20.9063167572021 20.898021697998 20.8475799560547 20.810546875 20.7881240844727 20.7807464599609 20.7831058502197 20.7337512969971 20.6658210754395 20.4866962432861
16.2246131896973 16.2022266387939 16.1976909637451 16.3186111450195 16.4547996520996 16.6565017700195 16.8892917633057 17.2802295684814 17.6907958984375 18.1487598419189 18.6067161560059 19.0646648406982 19.4361515045166 19.7368984222412 19.9352626800537 20.085132598877 20.1990146636963 20.3043003082275 20.4456844329834 20.5878658294678 20.7055320739746 20.8143501281738 20.8861351013184 20.9469814300537 20.9847316741943 21.0130996704102 21.0299949645996 21.0463371276855 21.06227684021 21.0720329284668 21.0792274475098 21.0713901519775 21.0605983734131 21.0660972595215 21.0692481994629 21.0435581207275 21.0216178894043 21.0128574371338 20.9960784912109 20.9644050598145 20.9465808868408 20.9438457489014 20.9537906646729 20.9719390869141 20.944450378418 20.9005718231201 20.7888126373291
16.8099422454834 16.7867202758789 16.7870788574219 16.9392433166504 17.1100845336914 17.3656616210938 17.6447715759277 18.0435771942139 18.4260902404785 18.7692584991455 19.1128749847412 19.4571018218994 19.7494297027588 19.9992923736572 20.1689300537109 20.3005695343018 20.4432334899902 20.588529586792 20.7037220001221 20.8142890930176 20.8876152038574 20.960880279541 21.0338897705078 21.0932598114014 21.1238422393799 21.151050567627 21.1741409301758 21.1962623596191 21.2176780700684 21.230001449585 21.2385597229004 21.2317161560059 21.2218418121338 21.2215347290039 21.2180023193359 21.1794872283936 21.1451148986816 21.1253032684326 21.1086196899414 21.0977401733398 21.0997867584229 21.1159172058105 21.1393241882324 21.1674385070801 21.1498699188232 21.1158885955811 21.0365810394287
17.462869644165 17.4547348022461 17.4727764129639 17.6463966369629 17.8396854400635 18.1340160369873 18.431266784668 18.7433662414551 19.0382328033447 19.2914924621582 19.5334930419922 19.7600383758545 19.9566955566406 20.1288967132568 20.2923812866211 20.4517364501953 20.57546043396 20.6906700134277 20.7910823822021 20.8896102905273 20.9755325317383 21.0583763122559 21.1283359527588 21.1869106292725 21.2214488983154 21.2544384002686 21.2855339050293 21.3147621154785 21.3426265716553 21.3546257019043 21.3600521087646 21.3539810180664 21.3456516265869 21.3456420898438 21.3420448303223 21.3003921508789 21.2633857727051 21.2427234649658 21.2333583831787 21.2449779510498 21.2674522399902 21.3017520904541 21.3353748321533 21.3685550689697 21.3508396148682 21.3148422241211 21.2385787963867
18.0824565887451 18.0671195983887 18.0711421966553 18.239143371582 18.4284896850586 18.7410640716553 19.0459594726562 19.3118019104004 19.5547161102295 19.7422637939453 19.9161758422852 20.0713691711426 20.1951160430908 20.2931327819824 20.4341297149658 20.5954856872559 20.7173862457275 20.8298587799072 20.92649269104 21.0212345123291 21.1042881011963 21.1823482513428 21.2395057678223 21.2893657684326 21.3238162994385 21.3598041534424 21.3976764678955 21.4319686889648 21.4636573791504 21.4765510559082 21.4816608428955 21.4792671203613 21.4753952026367 21.4738349914551 21.4686012268066 21.4266395568848 21.3915252685547 21.3804874420166 21.3828506469727 21.4100971221924 21.4454383850098 21.4896011352539 21.5264263153076 21.5585041046143 21.5440883636475 21.5129699707031 21.4425010681152
18.6857299804688 18.6522827148438 18.6267719268799 18.775899887085 18.9483947753906 19.2691707611084 19.5765762329102 19.8159580230713 20.0243854522705 20.1580638885498 20.280294418335 20.3868083953857 20.4487838745117 20.4743175506592 20.5848350524902 20.7356052398682 20.8640575408936 20.9871768951416 21.0854187011719 21.1804122924805 21.2530288696289 21.3192749023438 21.3588619232178 21.3961315155029 21.4285125732422 21.4661407470703 21.5101833343506 21.5485439300537 21.5827674865723 21.5971565246582 21.603328704834 21.6060276031494 21.6080455780029 21.6040287017822 21.5963859558105 21.5555019378662 21.5244941711426 21.5282096862793 21.544454574585 21.5839672088623 21.6284770965576 21.6784324645996 21.715030670166 21.7429885864258 21.7335567474365 21.7106952667236 21.647367477417
19.8015384674072 19.7240676879883 19.6366729736328 19.6820964813232 19.7478561401367 19.9956893920898 20.2352886199951 20.4330139160156 20.5954475402832 20.6726627349854 20.7401599884033 20.7943153381348 20.8016185760498 20.7705936431885 20.8446865081787 20.9685726165771 21.0813484191895 21.1914672851562 21.2738494873047 21.3529300689697 21.4117012023926 21.4650459289551 21.4956703186035 21.5287628173828 21.5670680999756 21.6133041381836 21.6692333221436 21.7157535552979 21.7554206848145 21.7762832641602 21.7893619537354 21.796365737915 21.8021755218506 21.7926464080811 21.780143737793 21.7441291809082 21.7178173065186 21.7256240844727 21.7437267303467 21.7809467315674 21.8179168701172 21.8546142578125 21.877893447876 21.8924903869629 21.8810214996338 21.8601913452148 21.8087520599365
