Ecospace-environmental-drivers/Outputs/ASCII-for-ecospace/MOM6-ISIMIP3a/tos/2000-06_tos_MOM6-ISIMIP3a.asc
NCOLS 131 
NROWS 53 
XLLCORNER -98 
YLLCORNER 23.9265270233154 
CELLSIZE 0.133587792515755 
NODATA_value -9999 
[rows 21 to 41 of 53, columns 48 to 95 of 131]
28.0867290496826 28.0902709960938 28.0873928070068 28.0839557647705 28.083158493042 28.0834789276123 28.0894966125488 28.092529296875 28.0883522033691 28.0775356292725 28.0575981140137 28.0185642242432 27.9639072418213 27.934440612793 27.9169101715088 27.9272766113281 27.9443111419678 27.9778747558594 28.0125122070312 28.0462207794189 28.0780563354492 28.1020393371582 28.1215019226074 28.1314258575439 28.1366882324219 28.1362552642822 28.1319980621338 28.1249542236328 28.1116333007812 28.0957145690918 28.0719184875488 28.0465755462646 28.0164070129395 27.985933303833 27.9542179107666 27.9230690002441 27.8939075469971 27.864595413208 27.8350067138672 27.7947044372559 27.7427310943604 27.6788349151611 27.6072273254395 27.5540065765381 27.5073890686035 27.487340927124 27.4714622497559 27.4786510467529
28.1499767303467 28.1556758880615 28.1536388397217 28.1508464813232 28.1490364074707 28.1481742858887 28.1521339416504 28.1534576416016 28.1484107971191 28.1390724182129 28.1238403320312 28.0931015014648 28.049674987793 28.0193157196045 27.9951477050781 27.9982452392578 28.0078582763672 28.0336418151855 28.060676574707 28.0897274017334 28.1171035766602 28.1374816894531 28.1537780761719 28.1614570617676 28.1651973724365 28.1641235351562 28.1598339080811 28.153205871582 28.1412353515625 28.1270523071289 28.1045837402344 28.0804862976074 28.0507640838623 28.0205364227295 27.9874210357666 27.9544734954834 27.9221134185791 27.889986038208 27.8582916259766 27.8205986022949 27.7763710021973 27.7239284515381 27.6661701202393 27.6158504486084 27.5682010650635 27.5396537780762 27.5141067504883 27.5094337463379
28.2160320281982 28.2236862182617 28.2223777770996 28.2201080322266 28.216667175293 28.2139778137207 28.2151145935059 28.2141914367676 28.2082901000977 28.200382232666 28.1897220611572 28.1678562164307 28.1368255615234 28.1068382263184 28.0773487091064 28.0734577178955 28.0756816864014 28.0929889678955 28.1116695404053 28.1352424621582 28.1573944091797 28.1735992431641 28.1862335205078 28.1913280487061 28.1931610107422 28.191011428833 28.1863117218018 28.1797523498535 28.1688098907471 28.1560497283936 28.1344299316406 28.1110668182373 28.0815353393555 28.0513381958008 28.0168762207031 27.9822597503662 27.9470996856689 27.9125175476074 27.8790092468262 27.8442459106445 27.8081169128418 27.7680149078369 27.7253437042236 27.6791095733643 27.6315975189209 27.5948753356934 27.5598487854004 27.542667388916
28.2753925323486 28.2793636322021 28.2764911651611 28.2728538513184 28.2674465179443 28.2622623443604 28.2582187652588 28.253360748291 28.2465438842773 28.2381439208984 28.2275714874268 28.2118625640869 28.191951751709 28.1716899871826 28.1512622833252 28.1469421386719 28.1464710235596 28.1570434570312 28.1687278747559 28.1855945587158 28.2014923095703 28.2133331298828 28.2217674255371 28.2230091094971 28.2201519012451 28.2122859954834 28.2026062011719 28.1916046142578 28.1761112213135 28.1587581634521 28.1307468414307 28.1006412506104 28.0671977996826 28.0334568023682 27.9980125427246 27.9634990692139 27.9322528839111 27.9033145904541 27.8786602020264 27.8564796447754 27.8369903564453 27.8121242523193 27.7837791442871 27.7441234588623 27.7004051208496 27.6593284606934 27.6186676025391 27.5880222320557
28.3270111083984 28.3275165557861 28.3229885101318 28.3178672790527 28.3107013702393 28.3033294677734 28.2949142456055 28.2867279052734 28.2790946960449 28.2704830169678 28.2605323791504 28.2504730224609 28.2403259277344 28.2289257049561 28.2169284820557 28.2128753662109 28.2107219696045 28.2163372039795 28.222864151001 28.2348976135254 28.2462596893311 28.2548007965088 28.2597789764404 28.2572345733643 28.2500228881836 28.2371063232422 28.223072052002 28.2082195281982 28.1886119842529 28.1670341491699 28.1335620880127 28.0977535247803 28.0614204406738 28.0251865386963 27.990104675293 27.957239151001 27.9321727752686 27.9115791320801 27.8992900848389 27.8918876647949 27.8898048400879 27.87841796875 27.8610095977783 27.8235893249512 27.778980255127 27.7296943664551 27.6796722412109 27.6348342895508
28.3446788787842 28.3426780700684 28.3360843658447 28.328987121582 28.3209686279297 28.3127498626709 28.3035182952881 28.2946472167969 28.286642074585 28.2790565490723 28.272045135498 28.2654151916504 28.2590980529785 28.2527656555176 28.2464256286621 28.2456932067871 28.2462978363037 28.2547626495361 28.264181137085 28.2796020507812 28.2939624786377 28.3038730621338 28.3086566925049 28.302619934082 28.2925262451172 28.2774810791016 28.2618217468262 28.2457141876221 28.2239017486572 28.1997241973877 28.1648731231689 28.1279239654541 28.0931777954102 28.0590534210205 28.0302219390869 28.0057926177979 27.9968338012695 27.9964275360107 28.011905670166 28.0289154052734 28.0475959777832 28.0419826507568 28.0206470489502 27.9664249420166 27.9003868103027 27.8259868621826 27.7502727508545 27.6880283355713
28.3560771942139 28.3528232574463 28.346097946167 28.3389930725098 28.331169128418 28.3230361938477 28.3133144378662 28.3042221069336 28.2966442108154 28.2905006408691 28.2863254547119 28.2829246520996 28.280158996582 28.2782573699951 28.2767658233643 28.2801513671875 28.284704208374 28.297737121582 28.3116798400879 28.3303756713867 28.3474216461182 28.3575592041016 28.3623065948486 28.3556747436523 28.3458766937256 28.3322105407715 28.318115234375 28.3037090301514 28.2833786010742 28.2605972290039 28.2280750274658 28.1936378479004 28.1618099212646 28.1307563781738 28.1063365936279 28.0872650146484 28.0869941711426 28.097354888916 28.1274566650391 28.1571636199951 28.1864414215088 28.1841430664062 28.161413192749 28.09694480896 28.0174827575684 27.9205760955811 27.820930480957 27.7418746948242
28.353796005249 28.3520240783691 28.34938621521 28.346565246582 28.3412284851074 28.3352088928223 28.3257102966309 28.3174114227295 28.3120021820068 28.3082103729248 28.3066425323486 28.3060359954834 28.3062171936035 28.3073539733887 28.3089427947998 28.3181972503662 28.3292808532715 28.3506336212158 28.372673034668 28.3943901062012 28.4134368896484 28.4213085174561 28.4263610839844 28.4254665374756 28.4228916168213 28.4182624816895 28.4126892089844 28.4064311981201 28.3956356048584 28.382963180542 28.3608589172363 28.3368988037109 28.3108959197998 28.2850074768066 28.2609844207764 28.2405624389648 28.2327919006348 28.233362197876 28.249418258667 28.2662582397461 28.2839527130127 28.2796077728271 28.2610054016113 28.2005939483643 28.1251659393311 28.0114440917969 27.8917083740234 27.79714012146
28.3598899841309 28.3621444702148 28.3636798858643 28.3649711608887 28.3616104125977 28.3572998046875 28.3481502532959 28.3402690887451 28.3354549407959 28.3327026367188 28.33278465271 28.3342533111572 28.3368530273438 28.3415031433105 28.3471240997314 28.3622760772705 28.3797035217285 28.4061851501465 28.4329376220703 28.4545803070068 28.4731788635254 28.4790439605713 28.483980178833 28.4869556427002 28.4891033172607 28.4902381896973 28.4899787902832 28.4887027740479 28.4835205078125 28.4767208099365 28.4624919891357 28.4468002319336 28.4270133972168 28.4069328308105 28.385461807251 28.3658599853516 28.3528213500977 28.3450756072998 28.3471603393555 28.3515758514404 28.3585300445557 28.3521003723145 28.3370094299316 28.284309387207 28.2180976867676 28.0971221923828 27.9675483703613 27.8575210571289
28.3765182495117 28.3859977722168 28.3918228149414 28.3970069885254 28.3949813842773 28.3918685913086 28.3832225799561 28.3752937316895 28.3690929412842 28.3657283782959 28.3662567138672 28.3688907623291 28.3732490539551 28.3820114135742 28.392858505249 28.4139461517334 28.4374809265137 28.4650726318359 28.4922885894775 28.5099620819092 28.525032043457 28.5292148590088 28.5334987640381 28.5380001068115 28.54172706604 28.5445079803467 28.5455226898193 28.5452480316162 28.5407428741455 28.5344848632812 28.5249328613281 28.5147342681885 28.5016555786133 28.4881896972656 28.4719829559326 28.4559307098389 28.4404315948486 28.4262294769287 28.414436340332 28.406982421875 28.404260635376 28.3956928253174 28.3833408355713 28.3429431915283 28.2924671173096 28.17626953125 28.0497512817383 27.9243392944336
28.3940143585205 28.4081230163574 28.4164924621582 28.4240131378174 28.4244861602783 28.4237670898438 28.4169654846191 28.4101028442383 28.4030952453613 28.3994026184082 28.4002571105957 28.4044246673584 28.4113025665283 28.4240341186523 28.4395389556885 28.4633693695068 28.4891891479492 28.5131950378418 28.5364151000977 28.5500469207764 28.5613441467285 28.562873840332 28.5649452209473 28.5681610107422 28.5706462860107 28.5722351074219 28.5714359283447 28.5688953399658 28.5629558563232 28.5556087493896 28.5478706359863 28.5400562286377 28.5312728881836 28.5222263336182 28.5109596252441 28.4995136260986 28.4874324798584 28.4747486114502 28.4609470367432 28.4504432678223 28.4435348510742 28.4351387023926 28.4257774353027 28.3961181640625 28.3591651916504 28.2553825378418 28.1411037445068 28.0011425018311
28.4121627807617 28.4289531707764 28.4385547637939 28.4472427368164 28.4510917663574 28.4536590576172 28.44970703125 28.444751739502 28.4373741149902 28.4335651397705 28.4346580505371 28.4406318664551 28.4505977630615 28.4671955108643 28.486930847168 28.5111083984375 28.5363464355469 28.5532379150391 28.5691223144531 28.5786609649658 28.5860023498535 28.5841522216797 28.5828399658203 28.5826606750488 28.5817832946777 28.5800533294678 28.5751266479492 28.5678691864014 28.558910369873 28.5492477416992 28.5411796569824 28.5334224700928 28.5271224975586 28.520845413208 28.5142803192139 28.5082263946533 28.5039749145508 28.4987926483154 28.491886138916 28.4849452972412 28.4779682159424 28.4714756011963 28.4652938842773 28.4451999664307 28.420108795166 28.3344669342041 28.2393169403076 28.0854358673096
28.4136161804199 28.4307556152344 28.4429149627686 28.4544410705566 28.4626541137695 28.4696750640869 28.4706420898438 28.4699535369873 28.4652709960938 28.4633884429932 28.4653472900391 28.4732475280762 28.4860057830811 28.5038223266602 28.5240364074707 28.5448169708252 28.5657367706299 28.5786933898926 28.5908222198486 28.5988292694092 28.6043796539307 28.599645614624 28.5947704315186 28.5895957946777 28.5842895507812 28.5788230895996 28.5699520111084 28.5585994720459 28.5477256774902 28.5370483398438 28.5298347473145 28.5233020782471 28.5190582275391 28.5149154663086 28.5109176635742 28.5073890686035 28.505500793457 28.5036811828613 28.5019950866699 28.4996032714844 28.4964466094971 28.4933109283447 28.4901866912842 28.4779891967773 28.4625339508057 28.3976631164551 28.3250331878662 28.1693248748779
28.4079151153564 28.4244041442871 28.4396877288818 28.4547691345215 28.4677677154541 28.4797420501709 28.4865169525146 28.4911079406738 28.4904346466064 28.4913482666016 28.4944477081299 28.5043239593506 28.5197448730469 28.5376510620117 28.5567321777344 28.5725154876709 28.5875110626221 28.5978965759277 28.6078052520752 28.6153812408447 28.6200656890869 28.6126613616943 28.6041450500488 28.5932884216309 28.5830955505371 28.5737133026123 28.560977935791 28.5457992553711 28.5334796905518 28.522346496582 28.5164966583252 28.5116863250732 28.5093193054199 28.5070343017578 28.5046920776367 28.5024547576904 28.5005893707275 28.5003623962402 28.5031757354736 28.5057582855225 28.5080871582031 28.5089302062988 28.5088119506836 28.5037975311279 28.4970245361328 28.4540519714355 28.4053936004639 28.2530403137207
28.3776302337646 28.3969268798828 28.4176712036133 28.4385375976562 28.4587249755859 28.477689743042 28.4904232025146 28.5005512237549 28.5043964385986 28.5090732574463 28.514892578125 28.5269012451172 28.5439739227295 28.5603618621826 28.5764255523682 28.589937210083 28.6028366088867 28.6158695220947 28.6286792755127 28.638126373291 28.6427440643311 28.6271495819092 28.6102046966553 28.5904064178467 28.573356628418 28.5596675872803 28.5441513061523 28.5273056030273 28.5161609649658 28.5073738098145 28.5054340362549 28.5048389434814 28.5060062408447 28.5070247650146 28.5059661865234 28.5044956207275 28.5015659332275 28.5002136230469 28.5017929077148 28.5046920776367 28.5090312957764 28.5120868682861 28.5143089294434 28.5139236450195 28.5125999450684 28.485143661499 28.4535827636719 28.3196296691895
28.3422584533691 28.3650798797607 28.3917675018311 28.4188785552979 28.4467544555664 28.4731273651123 28.4918518066406 28.5075721740723 28.516040802002 28.52467918396 28.5335464477539 28.5477199554443 28.5662326812744 28.580774307251 28.5934314727783 28.6052322387695 28.616828918457 28.6335849761963 28.6503562927246 28.6621532440186 28.6668682098389 28.6419429779053 28.6155757904053 28.5861644744873 28.5618534088135 28.5437717437744 28.5257015228271 28.5076370239258 28.4982032775879 28.4923458099365 28.4948406219482 28.4989757537842 28.5040225982666 28.5086441040039 28.5087947845459 28.5079784393311 28.5037593841553 28.5007228851318 28.4998779296875 28.5021324157715 28.5077629089355 28.5126647949219 28.5170917510986 28.5208053588867 28.5242614746094 28.5110015869141 28.4951171875 28.3826770782471
28.2807216644287 28.3072166442871 28.3429870605469 28.3797206878662 28.4168148040771 28.4526386260986 28.4820003509521 28.5068645477295 28.5208644866943 28.5332527160645 28.5434265136719 28.5574760437012 28.5746936798096 28.5890731811523 28.602108001709 28.6168346405029 28.6319675445557 28.652904510498 28.6736431121826 28.6856651306152 28.6883106231689 28.6517181396484 28.6141185760498 28.5743999481201 28.5430068969727 28.521785736084 28.5042877197266 28.489501953125 28.4862098693848 28.4876766204834 28.5 28.5144577026367 28.5266914367676 28.5376224517822 28.5366134643555 28.533842086792 28.5248737335205 28.5161781311035 28.5079917907715 28.5044460296631 28.5059566497803 28.5096111297607 28.5146522521973 28.519998550415 28.5254516601562 28.5178718566895 28.5082454681396 28.4199123382568
28.2179317474365 28.2472591400146 28.2912883758545 28.3368530273438 28.3832626342773 28.4287147521973 28.4693012237549 28.5039348602295 28.5242004394531 28.5407905578613 28.552339553833 28.5662231445312 28.5820217132568 28.596399307251 28.6101055145264 28.627986907959 28.6468639373779 28.6713047027588 28.6953182220459 28.7075710296631 28.7083053588867 28.6608352661133 28.6124744415283 28.5622367858887 28.523811340332 28.4998245239258 28.4832782745361 28.4721508026123 28.4755058288574 28.4848575592041 28.5075740814209 28.5329170227051 28.5523490905762 28.5695686340332 28.5673027038574 28.5624828338623 28.5486907958984 28.5341606140137 28.5182571411133 28.5083827972412 28.5050735473633 28.5069351196289 28.5121402740479 28.5187511444092 28.5258655548096 28.5232620239258 28.5191307067871 28.4542770385742
28.154275894165 28.1773815155029 28.2193717956543 28.2637271881104 28.3197803497314 28.375789642334 28.4315872192383 28.4809856414795 28.5149269104004 28.5406551361084 28.555103302002 28.5694961547852 28.5838432312012 28.5991268157959 28.6148509979248 28.6360721588135 28.6586055755615 28.6791191101074 28.6990528106689 28.712610244751 28.7141418457031 28.6653499603271 28.6120910644531 28.5494079589844 28.504415512085 28.4810428619385 28.4679775238037 28.462423324585 28.4757194519043 28.4968242645264 28.5333805084229 28.5729751586914 28.5981159210205 28.6201133728027 28.6166591644287 28.6100444793701 28.5923252105713 28.5719623565674 28.546688079834 28.5272979736328 28.5143222808838 28.5100231170654 28.5113391876221 28.5164909362793 28.523021697998 28.5219287872314 28.5196361541748 28.4703197479248
28.095775604248 28.1132373809814 28.1515331268311 28.1927146911621 28.25417137146 28.3168029785156 28.3854160308838 28.4481410980225 28.4966506958008 28.5336685180664 28.5549087524414 28.5721416473389 28.5860939025879 28.6022148132324 28.6193656921387 28.6424770355225 28.667013168335 28.6838340759277 28.7000389099121 28.7149391174316 28.7172603607178 28.6669406890869 28.6092681884766 28.5360736846924 28.4857578277588 28.4634017944336 28.4538249969482 28.4535598754883 28.4766311645508 28.5093669891357 28.5591602325439 28.6123065948486 28.6409568786621 28.6656875610352 28.6609783172607 28.6527690887451 28.6322593688965 28.6074314117432 28.5745887756348 28.5469951629639 28.5251197814941 28.5147132873535 28.5117321014404 28.5148887634277 28.5202541351318 28.5202350616455 28.5193710327148 28.4836483001709
28.056173324585 28.0701084136963 28.0986480712891 28.1294460296631 28.1807708740234 28.235595703125 28.3082313537598 28.379020690918 28.4453582763672 28.5015678405762 28.543872833252 28.5724906921387 28.5899105072021 28.6066341400146 28.623025894165 28.6427116394043 28.6631851196289 28.6771945953369 28.6909408569336 28.7073287963867 28.7104110717773 28.6578102111816 28.5974922180176 28.5208835601807 28.4698104858398 28.4499435424805 28.4438800811768 28.447868347168 28.4800987243652 28.5240230560303 28.5848407745361 28.6489810943604 28.6730842590332 28.6930294036865 28.6868267059326 28.6777610778809 28.6586227416992 28.6343517303467 28.600549697876 28.5695476531982 28.541597366333 28.5252857208252 28.5165061950684 28.5156993865967 28.5177593231201 28.5172176361084 28.5162677764893 28.487024307251
