Ecospace-environmental-drivers/Outputs/ASCII-for-ecospace/MOM6-ISIMIP3a/tos/2000-11_tos_MOM6-ISIMIP3a.asc
NCOLS 131 
NROWS 53 
XLLCORNER -98 
YLLCORNER 23.9265270233154 
CELLSIZE 0.133587792515755 
NODATA_value -9999 
[rows 21 to 41 of 53, columns 0 to 46 of 131]
-9999 -9999 -9999 -9999 -9999 -9999 23.267406463623 23.2672595977783 23.2603244781494 23.2312850952148 22.9869155883789 22.5226535797119 22.5889091491699 22.7862644195557 23.0181865692139 23.2899932861328 23.4963836669922 23.6578502655029 23.7903652191162 23.9116992950439 24.0336856842041 24.1557846069336 24.2534656524658 24.3464641571045 24.4049015045166 24.4653663635254 24.5324020385742 24.5922336578369 24.6394939422607 24.6759738922119 24.701358795166 24.7067813873291 24.7000408172607 24.7020301818848 24.7069301605225 24.7151584625244 24.7239093780518 24.7410755157471 24.7584800720215 24.7774105072021 24.7929954528809 24.7992725372314 24.8074741363525 24.8186550140381 24.8386421203613 24.8667125701904 24.9101314544678
-9999 -9999 -9999 -9999 -9999 -9999 23.2698764801025 23.267406463623 23.2671127319336 23.2754917144775 23.2312850952148 23.2068061828613 23.2622394561768 23.4757995605469 23.6834182739258 23.8841819763184 24.0313911437988 24.1418228149414 24.2416362762451 24.3373470306396 24.4196186065674 24.4995193481445 24.5665073394775 24.6309776306152 24.6768417358398 24.7241878509521 24.7763328552246 24.8209476470947 24.8524208068848 24.8766479492188 24.8934211730957 24.8952445983887 24.88796043396 24.8818912506104 24.8762283325195 24.8746185302734 24.8736801147461 24.8882904052734 24.9029560089111 24.9179782867432 24.9307346343994 24.9371814727783 24.9440307617188 24.9515018463135 24.9644565582275 24.9824466705322 25.0124759674072
-9999 -9999 -9999 -9999 23.1730690002441 23.2450408935547 23.2674522399902 23.2747688293457 23.267406463623 23.2668190002441 23.3364582061768 23.6748962402344 23.9678821563721 24.170934677124 24.3402843475342 24.4707469940186 24.5581398010254 24.6159572601318 24.681661605835 24.7504119873047 24.7926120758057 24.8301277160645 24.8673439025879 24.9042263031006 24.9383792877197 24.9731101989746 25.0097122192383 25.0387001037598 25.0543994903564 25.0667171478271 25.0755558013916 25.0747089385986 25.0679588317871 25.0546760559082 25.0392150878906 25.0284252166748 25.0184459686279 25.0312118530273 25.0437602996826 25.0549221038818 25.0648651123047 25.0714130401611 25.0764293670654 25.0790748596191 25.0832920074463 25.0889549255371 25.1029281616211
-9999 -9999 -9999 -9999 23.00364112854 23.1761436462402 23.2226295471191 23.2674522399902 23.2894477844238 23.5693874359131 23.8633880615234 24.2112007141113 24.5011196136475 24.6764812469482 24.8107051849365 24.8974647521973 24.9427680969238 24.9596061706543 24.9805679321289 25.0031223297119 25.0232429504395 25.0429363250732 25.0700626373291 25.0971202850342 25.1222248077393 25.1466445922852 25.1688480377197 25.1867637634277 25.1972026824951 25.2054824829102 25.2115421295166 25.2101249694824 25.2041530609131 25.1925048828125 25.1789646148682 25.1692428588867 25.1601982116699 25.1716594696045 25.1829299926758 25.1929874420166 25.2012882232666 25.2047004699707 25.2048988342285 25.2001285552979 25.1959609985352 25.192346572876 25.1937294006348
-9999 -9999 -9999 -9999 -9999 23.00364112854 23.2108497619629 23.1778049468994 23.3866138458252 23.8942394256592 24.3683681488037 24.7142925262451 24.9903945922852 25.1283340454102 25.2236804962158 25.2698822021484 25.2788696289062 25.2623023986816 25.2478179931641 25.2341365814209 25.2364196777344 25.2415199279785 25.2597827911377 25.2779178619385 25.2926044464111 25.3058261871338 25.3142948150635 25.3218078613281 25.3276519775391 25.3325786590576 25.3365631103516 25.335729598999 25.331958770752 25.3220825195312 25.3101692199707 25.3006858825684 25.2916660308838 25.3006038665771 25.3094081878662 25.3173713684082 25.3234272003174 25.3241691589355 25.3206825256348 25.3106555938721 25.300479888916 25.290168762207 25.2820205688477
-9999 -9999 -9999 -9999 -9999 23.063907623291 23.00364112854 23.3945045471191 23.8131809234619 24.3167877197266 24.7771091461182 25.071756362915 25.2869052886963 25.3447513580322 25.384765625 25.4042053222656 25.4021892547607 25.3854370117188 25.3762664794922 25.3700218200684 25.3730602264404 25.3777370452881 25.3924961090088 25.4056854248047 25.4039421081543 25.4020595550537 25.3997268676758 25.3997592926025 25.403923034668 25.4085025787354 25.4135093688965 25.4183101654053 25.4229850769043 25.4154796600342 25.4039134979248 25.3910121917725 25.3780288696289 25.3790969848633 25.3802280426025 25.3817710876465 25.3829364776611 25.3830509185791 25.3808326721191 25.3750152587891 25.3692626953125 25.3635692596436 25.359302520752
-9999 -9999 23.1918907165527 23.1778011322021 23.1641731262207 23.12424659729 23.0638370513916 23.6112003326416 24.1842079162598 24.682825088501 25.127628326416 25.3664512634277 25.5233173370361 25.5180187225342 25.5127372741699 25.5074768066406 25.4929790496826 25.4721374511719 25.4645023345947 25.4619655609131 25.4663772583008 25.472017288208 25.4847831726074 25.4952964782715 25.4857578277588 25.4761447906494 25.4662990570068 25.4619045257568 25.4670257568359 25.4752902984619 25.4867916107178 25.4997158050537 25.5135040283203 25.5076370239258 25.4952144622803 25.4762935638428 25.4565620422363 25.4489192962646 25.4417114257812 25.4372730255127 25.4340476989746 25.4342002868652 25.4345035552979 25.435037612915 25.4362239837646 25.4380073547363 25.440559387207
-9999.000000000000000 -9999 -9999 -9999 23.244987487793 23.2040977478027 23.2409000396729 23.8278865814209 24.4340534210205 24.9255638122559 25.3511142730713 25.5241966247559 25.6286087036133 25.5971393585205 25.5684604644775 25.5429992675781 25.5127983093262 25.4793434143066 25.4649963378906 25.4580307006836 25.4651699066162 25.4747982025146 25.4888610839844 25.5016632080078 25.5031585693359 25.5019016265869 25.4917221069336 25.4895610809326 25.5013942718506 25.5221462249756 25.5520763397217 25.5785522460938 25.6029243469238 25.5970897674561 25.5811862945557 25.5505638122559 25.518009185791 25.4998245239258 25.4828224182129 25.4733600616455 25.4668369293213 25.4684867858887 25.4740352630615 25.4856014251709 25.4992160797119 25.5147094726562 25.5304927825928
-9999 -9999 -9999 -9999 23.3518257141113 23.4066162109375 23.3837280273438 23.9840049743652 24.6052722930908 25.0880928039551 25.498104095459 25.6294384002686 25.7008438110352 25.6536655426025 25.6101188659668 25.5707607269287 25.5299415588379 25.4881191253662 25.4661979675293 25.4519634246826 25.4567394256592 25.4648723602295 25.4793663024902 25.4935665130615 25.5041637420654 25.5113639831543 25.5075454711914 25.5144100189209 25.5399188995361 25.5765228271484 25.6245460510254 25.662088394165 25.693244934082 25.6889514923096 25.6728420257568 25.6362037658691 25.596830368042 25.5718116760254 25.5487003326416 25.5377597808838 25.5306339263916 25.5341281890869 25.5446739196777 25.5661182403564 25.5907382965088 25.6182727813721 25.6448287963867
-9999 -9999 -9999 -9999 23.4256896972656 23.4447631835938 23.4683151245117 24.0639247894287 24.6775760650635 25.149715423584 25.5488605499268 25.6686248779297 25.7314872741699 25.6817626953125 25.6340827941895 25.5887622833252 25.5437202453613 25.4988689422607 25.4682865142822 25.4432125091553 25.4392261505127 25.4389591217041 25.4527950286865 25.4672737121582 25.4845447540283 25.5003299713135 25.5112915039062 25.5357246398926 25.5836696624756 25.6403617858887 25.7060565948486 25.7515354156494 25.7846984863281 25.783842086792 25.7716464996338 25.7361488342285 25.6975135803223 25.6703224182129 25.6457405090332 25.6377754211426 25.6334419250488 25.6392135620117 25.6544513702393 25.6843166351318 25.7181529998779 25.7556304931641 25.7898693084717
-9999 -9999 -9999 -9999 23.4447631835938 23.4732723236084 23.5067386627197 24.1045455932617 24.7209568023682 25.186559677124 25.5811290740967 25.7038135528564 25.7697982788086 25.7235870361328 25.6775970458984 25.6318645477295 25.5830154418945 25.5320243835449 25.4920597076416 25.4563541412354 25.4450836181641 25.4381256103516 25.4529552459717 25.4693012237549 25.4942989349365 25.5202178955078 25.549129486084 25.5918369293213 25.6586170196533 25.7276439666748 25.7989826202393 25.845235824585 25.8762073516846 25.8783626556396 25.8709106445312 25.8425979614258 25.8114490509033 25.7870121002197 25.7654876708984 25.7624988555908 25.7626800537109 25.7716827392578 25.7897701263428 25.8218994140625 25.857400894165 25.8959941864014 25.9311408996582
-9999 -9999 -9999 -9999 23.4749240875244 23.5067386627197 24.1008224487305 24.1156902313232 24.7426433563232 25.2048187255859 25.5995292663574 25.7360076904297 25.8138599395752 25.7757053375244 25.7357749938965 25.6937942504883 25.6414451599121 25.5819797515869 25.532096862793 25.4859161376953 25.4684715270996 25.4561004638672 25.4731674194336 25.4925708770752 25.5260810852051 25.5632991790771 25.6125373840332 25.6740455627441 25.7569618225098 25.8325099945068 25.9004707336426 25.9421272277832 25.9677562713623 25.9726028442383 25.9705200195312 25.9539241790771 25.9353256225586 25.9173393249512 25.9022655487061 25.9057521820068 25.9117412567139 25.9246883392334 25.9442462921143 25.9740200042725 26.005521774292 26.0386123657227 26.0695838928223
-9999 -9999 -9999 -9999 23.5067386627197 24.1851577758789 24.4818496704102 24.6763134002686 24.7187900543213 25.19313621521 25.6025447845459 25.763391494751 25.8596878051758 25.8282585144043 25.7905788421631 25.7456836700439 25.6924648284912 25.6335277557373 25.5871181488037 25.5455474853516 25.5319786071777 25.5233497619629 25.548957824707 25.5771198272705 25.6203289031982 25.6677551269531 25.7288513183594 25.7968902587891 25.8770523071289 25.9461803436279 26.0039539337158 26.0391139984131 26.0604972839355 26.0651741027832 26.064281463623 26.0531997680664 26.040714263916 26.0286178588867 26.0192031860352 26.0268611907959 26.0363960266113 26.0511589050293 26.0721702575684 26.1028385162354 26.1335830688477 26.164400100708 26.1929550170898
-9999 -9999 -9999 -9999 -9999 24.58860206604 24.6512241363525 24.6535453796387 24.6754188537598 25.1686229705811 25.5989665985107 25.7887134552002 25.9062747955322 25.8809967041016 25.8439350128174 25.7932739257812 25.740306854248 25.6857566833496 25.6485614776611 25.6180667877197 25.6126766204834 25.6117191314697 25.648567199707 25.687931060791 25.7413482666016 25.7985153198242 25.8678359985352 25.9371528625488 26.0064601898193 26.0636234283447 26.1082897186279 26.1361408233643 26.1537494659424 26.1570301055908 26.1555366516113 26.1473121643066 26.1381778717041 26.1317348480225 26.1276397705078 26.1384773254395 26.1505908966064 26.1662559509277 26.1887149810791 26.2216701507568 26.2530479431152 26.2829761505127 26.3098659515381
-9999 -9999 -9999 -9999 -9999 24.6452445983887 24.6327323913574 24.6238136291504 24.6636657714844 25.1669330596924 25.6079864501953 25.8109035491943 25.9377975463867 25.9142646789551 25.8787708282471 25.829475402832 25.7863216400146 25.7473888397217 25.727668762207 25.7153644561768 25.7273921966553 25.7437114715576 25.7890186309814 25.8360614776611 25.892297744751 25.9500026702881 26.0124664306641 26.0714454650879 26.1243457794189 26.1664810180664 26.1975402832031 26.2161560058594 26.2271900177002 26.2268695831299 26.2227611541748 26.2163200378418 26.2095928192139 26.2081260681152 26.2089748382568 26.2245750427246 26.2413082122803 26.2611999511719 26.2876529693604 26.3242473602295 26.3561573028564 26.383768081665 26.4067611694336
-9999 -9999 -9999 -9999 -9999 24.6757564544678 24.6517753601074 24.6208381652832 24.6584510803223 25.1699676513672 25.6196117401123 25.8324432373047 25.9662055969238 25.9435043334961 25.9097766876221 25.8633193969727 25.8319606781006 25.8109683990479 25.8104305267334 25.8177890777588 25.8491439819336 25.8847312927246 25.9379177093506 25.9919128417969 26.0494403839111 26.1057796478271 26.1582622528076 26.2045021057129 26.2398452758789 26.266321182251 26.2836723327637 26.292652130127 26.2965335845947 26.2921524047852 26.2850170135498 26.2801342010498 26.2756214141846 26.2789878845215 26.284704208374 26.3053913116455 26.3271675109863 26.3519725799561 26.3829498291016 26.4234619140625 26.455883026123 26.4808788299561 26.4995155334473
-9999 -9999 -9999 -9999 -9999 -9999 24.7427597045898 24.71067237854 24.7510643005371 25.2519989013672 25.6876163482666 25.8732318878174 25.9882926940918 25.9637470245361 25.9345970153809 25.9001350402832 25.8830604553223 25.8779277801514 25.8914260864258 25.9121208190918 25.9545631408691 26.0008411407471 26.0523929595947 26.1039924621582 26.1550483703613 26.2038078308105 26.2451190948486 26.2801399230957 26.304178237915 26.3220500946045 26.3335742950439 26.3388824462891 26.340404510498 26.3367118835449 26.3312797546387 26.3304328918457 26.330286026001 26.3390140533447 26.3500022888184 26.3753604888916 26.4021167755127 26.4327640533447 26.4660530090332 26.5034275054932 26.5314598083496 26.5509166717529 26.563159942627
-9999 -9999 -9999 -9999 -9999 -9999 24.8668060302734 24.8967685699463 24.8556652069092 25.3420372009277 25.7598819732666 25.9154434204102 26.0100574493408 25.984073638916 25.9598827362061 25.9377574920654 25.9342594146729 25.9435482025146 25.9697113037109 26.0023899078369 26.0544910430908 26.1100177764893 26.1596298217773 26.2086048126221 26.2533302307129 26.2947845458984 26.3256320953369 26.3503017425537 26.3641834259033 26.3744125366211 26.3808841705322 26.3831672668457 26.3828983306885 26.3801746368408 26.3766307830811 26.3798484802246 26.3840713500977 26.3981285095215 26.4142971038818 26.4439220428467 26.4752159118652 26.5111541748047 26.5461483001709 26.5796794891357 26.6028423309326 26.6164875030518 26.6221389770508
-9999 -9999 -9999 -9999 -9999 -9999 24.9388027191162 24.9929752349854 25.0414123535156 25.479736328125 25.8506698608398 25.963659286499 26.0314064025879 26.0096244812012 25.9930744171143 25.9825630187988 25.9838695526123 25.9932956695557 26.019926071167 26.053201675415 26.1036434173584 26.1571140289307 26.206127166748 26.2544727325439 26.2980690002441 26.3381080627441 26.3666210174561 26.3894729614258 26.4024505615234 26.4119338989258 26.4178218841553 26.4211368560791 26.4228820800781 26.4218521118164 26.4198970794678 26.4262924194336 26.4339199066162 26.4526557922363 26.4728851318359 26.5026378631592 26.5337619781494 26.5687065124512 26.5999526977539 26.62548828125 26.6410007476807 26.6473159790039 26.6452350616455
-9999 -9999 -9999 -9999 -9999 24.6484432220459 24.8977489471436 24.9266624450684 25.2267684936523 25.6118354797363 25.9328079223633 26.0084495544434 26.0537033081055 26.0388278961182 26.0311717987061 26.0318470001221 26.0371608734131 26.0456619262695 26.0710964202881 26.1030731201172 26.1504936218262 26.2006416320801 26.248514175415 26.2958106994629 26.3387050628662 26.3779411315918 26.4053115844727 26.4272365570068 26.4396629333496 26.4485034942627 26.4536571502686 26.457986831665 26.4618186950684 26.4625988006592 26.4623622894287 26.4711532592773 26.4812850952148 26.5039806365967 26.5275745391846 26.556884765625 26.5871505737305 26.6200828552246 26.6468830108643 26.6642093658447 26.6715602874756 26.6697597503662 26.66042137146
-9999 -9999 -9999 -9999 24.2796535491943 24.5551948547363 24.6484432220459 25.022912979126 25.4106922149658 25.7234001159668 25.9832324981689 26.040678024292 26.0794868469238 26.0814247131348 26.087251663208 26.097562789917 26.103946685791 26.1076335906982 26.1257743835449 26.1494941711426 26.1889057159424 26.231086730957 26.2758369445801 26.3205318450928 26.3643035888672 26.404972076416 26.4355812072754 26.4598388671875 26.4730110168457 26.4815883636475 26.4854373931885 26.4907341003418 26.4969120025635 26.4999237060547 26.501880645752 26.5102157592773 26.5195388793945 26.5435638427734 26.567964553833 26.5947418212891 26.6216297149658 26.6488189697266 26.6686038970947 26.6769466400146 26.6742649078369 26.6614627838135 26.6466026306152
