Ecospace-environmental-drivers/Outputs/ASCII-for-ecospace/MOM6-ISIMIP3a/tos/2002-07_tos_MOM6-ISIMIP3a.asc
NCOLS 131 
NROWS 53 
XLLCORNER -98 
YLLCORNER 23.9265270233154 
CELLSIZE 0.133587792515755 
NODATA_value -9999 
[rows 21 to 41 of 53, columns 47 to 93 of 131]
29.1618976593018 29.1581020355225 29.1544609069824 29.1522884368896 29.15061378479 29.1582984924316 29.1669178009033 29.1802940368652 29.193000793457 29.2040958404541 29.2127704620361 29.2181224822998 29.2234001159668 29.2286205291748 29.231653213501 29.2336502075195 29.2379283905029 29.2427520751953 29.2471485137939 29.2512588500977 29.2516136169434 29.2505016326904 29.2432460784912 29.2305145263672 29.2062244415283 29.1795520782471 29.1499691009521 29.1241836547852 29.1011638641357 29.0894355773926 29.0823802947998 29.0875129699707 29.0950393676758 29.1099662780762 29.1242904663086 29.1300468444824 29.1276149749756 29.0963973999023 29.0454940795898 28.958028793335 28.8740577697754 28.7938976287842 28.7367000579834 28.6943626403809 28.667760848999 28.6468124389648 28.6386604309082
29.1776504516602 29.172119140625 29.1667175292969 29.162410736084 29.1585140228271 29.1626720428467 29.168176651001 29.1805286407471 29.1933765411377 29.2074184417725 29.2196235656738 29.2293014526367 29.2382469177246 29.2465915679932 29.2533359527588 29.2593193054199 29.2656784057617 29.2721290588379 29.2769947052002 29.2815456390381 29.283088684082 29.2833232879639 29.2780857086182 29.2687339782715 29.2507019042969 29.2299385070801 29.2058391571045 29.1847362518311 29.1658153533936 29.1563014984131 29.1506824493408 29.1547050476074 29.1606216430664 29.1704902648926 29.1796932220459 29.1809501647949 29.1766700744629 29.1529273986816 29.1108245849609 29.0346221923828 28.9518947601318 28.8620548248291 28.7912693023682 28.7328109741211 28.6934013366699 28.6608352661133 28.646240234375
29.1974678039551 29.1917476654053 29.1862449645996 29.1810550689697 29.1761264801025 29.1774501800537 29.1804141998291 29.1917209625244 29.2045135498047 29.2208938598633 29.2359428405762 29.2491588592529 29.2608604431152 29.2713203430176 29.2806873321533 29.2895374298096 29.2972354888916 29.3046550750732 29.3094635009766 29.3139457702637 29.316291809082 29.3175411224365 29.3142108917236 29.3081722259521 29.2964153289795 29.2816848754883 29.2633171081543 29.247091293335 29.2324256896973 29.2252998352051 29.2212982177734 29.2243804931641 29.2288551330566 29.2336845397949 29.2376728057861 29.2333011627197 29.2260475158691 29.2086582183838 29.1751003265381 29.1115207672119 29.0312805175781 28.9328918457031 28.8489685058594 28.7744045257568 28.7219715118408 28.677490234375 28.6562213897705
29.2293014526367 29.2334480285645 29.2380962371826 29.2418537139893 29.2456436157227 29.2527980804443 29.2605075836182 29.271032333374 29.2816219329834 29.2923603057861 29.3016662597656 29.3090019226074 29.3151187896729 29.3202419281006 29.3251476287842 29.3299503326416 29.3348236083984 29.3397121429443 29.3433742523193 29.3467845916748 29.3477268218994 29.3478507995605 29.344539642334 29.3397445678711 29.3318138122559 29.3222427368164 29.3106632232666 29.3008213043213 29.2922458648682 29.2894325256348 29.2890033721924 29.2924480438232 29.2966537475586 29.299861907959 29.3017482757568 29.2910785675049 29.2778434753418 29.25559425354 29.2217845916748 29.1665096282959 29.0910396575928 28.9935665130615 28.9048938751221 28.8219146728516 28.7609348297119 28.7078552246094 28.6784019470215
29.2655448913574 29.2785415649414 29.2919254302979 29.3023891448975 29.3125610351562 29.3228759765625 29.3328628540039 29.3411808013916 29.3484916687012 29.3533668518066 29.3568515777588 29.3584270477295 29.3592109680176 29.3593444824219 29.3603649139404 29.3618049621582 29.3647747039795 29.3681106567383 29.3713512420654 29.3744277954102 29.3751964569092 29.375431060791 29.3734340667725 29.3706474304199 29.3661956787109 29.3613395690918 29.3559875488281 29.3518161773682 29.348503112793 29.3490161895752 29.3511161804199 29.3545417785645 29.3582305908203 29.3595314025879 29.3591804504395 29.3435459136963 29.3254871368408 29.2989063262939 29.2648105621338 29.2167568206787 29.1451358795166 29.0478343963623 28.9549598693848 28.8649520874023 28.7967510223389 28.7363834381104 28.7000389099121
29.3211307525635 29.3385105133057 29.3544292449951 29.3617782592773 29.3680801391602 29.3698425292969 29.3712902069092 29.3711433410645 29.3704643249512 29.3685035705566 29.3658332824707 29.3621864318848 29.358715057373 29.3553829193115 29.3550510406494 29.3561382293701 29.3612461090088 29.3673152923584 29.3733139038086 29.3793067932129 29.3852691650391 29.3910427093506 29.3960285186768 29.3986110687256 29.3961200714111 29.3940372467041 29.3924541473389 29.3908157348633 29.3891372680664 29.3886699676514 29.3887023925781 29.3904399871826 29.3925151824951 29.3906669616699 29.3874912261963 29.3727378845215 29.3549194335938 29.3263263702393 29.2917881011963 29.2462100982666 29.1744003295898 29.0740070343018 28.9793395996094 28.8883743286133 28.8187732696533 28.7568473815918 28.7193069458008
29.3675537109375 29.3843154907227 29.3981304168701 29.4011325836182 29.4027767181396 29.3976020812988 29.3925743103027 29.3882923126221 29.3840618133545 29.3799591064453 29.3753871917725 29.3701686859131 29.3653831481934 29.3609485626221 29.3601016998291 29.360954284668 29.3665199279785 29.3732109069824 29.3798694610596 29.3866539001465 29.3952903747559 29.4038600921631 29.4121551513672 29.4172325134277 29.4155178070068 29.4150295257568 29.4160423278809 29.4164962768555 29.4165458679199 29.4163684844971 29.4160995483398 29.4172439575195 29.418664932251 29.4149799346924 29.410177230835 29.3962917327881 29.3789100646973 29.3492336273193 29.3141632080078 29.2690773010254 29.1953372955322 29.0903835296631 28.9941215515137 28.9034843444824 28.833854675293 28.7717704772949 28.7356090545654
29.393985748291 29.3992099761963 29.4008026123047 29.3967800140381 29.3920421600342 29.3834590911865 29.3764553070068 29.3774852752686 29.3793849945068 29.3833789825439 29.3861865997314 29.3873653411865 29.3876838684082 29.3872985839844 29.3877696990967 29.3886432647705 29.3910007476807 29.3937110900879 29.3964519500732 29.399393081665 29.4051971435547 29.4105758666992 29.4141616821289 29.4154644012451 29.4119434356689 29.4104804992676 29.4115314483643 29.4131164550781 29.4150905609131 29.4179878234863 29.4212703704834 29.4242038726807 29.4270668029785 29.4244041442871 29.4205932617188 29.4075450897217 29.3910255432129 29.3622970581055 29.3264961242676 29.27756690979 29.1981067657471 29.0853824615479 28.987964630127 28.9004535675049 28.8337879180908 28.7746086120605 28.7454357147217
29.4039497375488 29.4006671905518 29.3943061828613 29.3892459869385 29.3842639923096 29.3777923583984 29.3734149932861 29.3797054290771 29.3867835998535 29.3957672119141 29.4033298492432 29.4089469909668 29.4130840301514 29.4160118103027 29.4176120758057 29.4185848236084 29.4187870025635 29.4188041687012 29.4180698394775 29.4174823760986 29.4198169708252 29.4216442108154 29.421350479126 29.4196834564209 29.4151248931885 29.4128150939941 29.4132537841797 29.4146480560303 29.4167385101318 29.4199619293213 29.4236545562744 29.4260158538818 29.4281139373779 29.4250507354736 29.4210052490234 29.4092407226562 29.3941307067871 29.3672618865967 29.3309173583984 29.2769794464111 29.1913299560547 29.0711288452148 28.973949432373 28.8916645050049 28.8308506011963 28.7777500152588 28.7543315887451
29.3931999206543 29.3852138519287 29.376277923584 29.3777084350586 29.3802051544189 29.3827857971191 29.3868312835693 29.3983135223389 29.4093780517578 29.41943359375 29.4284515380859 29.4360466003418 29.4423847198486 29.447696685791 29.4501953125 29.4513626098633 29.4507331848145 29.4496765136719 29.4460201263428 29.4423065185547 29.4403648376465 29.4381923675537 29.4350547790527 29.4314346313477 29.4268016815186 29.423807144165 29.4228172302246 29.4223613739014 29.4222927093506 29.4223804473877 29.4225292205811 29.421350479126 29.4199085235596 29.4146518707275 29.4088344573975 29.3989086151123 29.3858966827393 29.3620376586914 29.3253841400146 29.2649688720703 29.1725425720215 29.0452346801758 28.9500427246094 28.8756294250488 28.8243045806885 28.7812728881836 28.7620525360107
29.3895702362061 29.3790836334229 29.3678760528564 29.3717174530029 29.3771591186523 29.3842239379883 29.3921356201172 29.4043521881104 29.4156970977783 29.424934387207 29.4334297180176 29.4409027099609 29.4484252929688 29.4559841156006 29.4608135223389 29.4643478393555 29.466423034668 29.4681491851807 29.4659156799316 29.4633102416992 29.4592704772949 29.4548873901367 29.4490661621094 29.443567276001 29.43874168396 29.4360313415527 29.4359035491943 29.4354572296143 29.4347801208496 29.4309730529785 29.4258670806885 29.4203224182129 29.4146919250488 29.4061622619629 29.3972091674805 29.3851661682129 29.3707981109619 29.3482551574707 29.3098907470703 29.2421436309814 29.1439590454102 29.0126094818115 28.9236030578613 28.8619918823242 28.8225231170654 28.7910041809082 28.7736701965332
29.3912830352783 29.3799476623535 29.3666954040527 29.3698844909668 29.3748722076416 29.3829936981201 29.391357421875 29.4009647369385 29.4098072052002 29.4168109893799 29.4232978820801 29.4290771484375 29.4370174407959 29.4467277526855 29.4549598693848 29.4624919891357 29.4699192047119 29.4773216247559 29.4797687530518 29.4814510345459 29.4769458770752 29.4716930389404 29.4633121490479 29.4559841156006 29.4508819580078 29.4491786956787 29.4516315460205 29.4525928497314 29.4524688720703 29.4441967010498 29.4325504302979 29.4220237731934 29.4117183685303 29.3991050720215 29.3859939575195 29.3688659667969 29.350549697876 29.3280506134033 29.2869262695312 29.2112064361572 29.1080284118652 28.9749355316162 28.8952617645264 28.8501529693604 28.824312210083 28.8053932189941 28.7882118225098
29.3966808319092 29.3868560791016 29.3733558654785 29.3743553161621 29.3769874572754 29.3836402893066 29.39013671875 29.3958473205566 29.401008605957 29.4048538208008 29.4087047576904 29.4125690460205 29.419807434082 29.4298038482666 29.4381275177002 29.4456577301025 29.4535255432129 29.4614734649658 29.4662857055664 29.4705066680908 29.4692344665527 29.4672679901123 29.4623908996582 29.4576625823975 29.4532508850098 29.4518375396729 29.4540920257568 29.4545631408691 29.4537372589111 29.4448413848877 29.4326019287109 29.4226379394531 29.4131183624268 29.3999900817871 29.3858642578125 29.3633117675781 29.3391704559326 29.3094387054443 29.2607345581055 29.1768016815186 29.0731964111328 28.9481620788574 28.8835887908936 28.8581390380859 28.8432025909424 28.8320407867432 28.8144969940186
29.4036560058594 29.396354675293 29.3833789825439 29.3815307617188 29.3809928894043 29.3850917816162 29.3887271881104 29.3899879455566 29.3909645080566 29.3912525177002 29.3922004699707 29.3940563201904 29.4001083374023 29.409595489502 29.4165878295898 29.4224014282227 29.4286041259766 29.4349021911621 29.4410877227783 29.4470958709717 29.4506435394287 29.453742980957 29.4549694061279 29.4547386169434 29.4514312744141 29.4500026702881 29.4508666992188 29.4500350952148 29.4479713439941 29.4400959014893 29.4298133850098 29.4227828979492 29.4163932800293 29.4042778015137 29.3904838562012 29.362361907959 29.3315906524658 29.2915058135986 29.2331619262695 29.1409111022949 29.0388355255127 28.9260578155518 28.8790588378906 28.8746223449707 28.8694190979004 28.863941192627 28.8458137512207
29.4017925262451 29.4014339447021 29.395149230957 29.3935985565186 29.3926334381104 29.3944301605225 29.3956642150879 29.3940353393555 29.3921756744385 29.3897571563721 29.3891983032227 29.3911895751953 29.396203994751 29.4036922454834 29.4081573486328 29.411190032959 29.4143352508545 29.4175071716309 29.4204902648926 29.4233779907227 29.42506980896 29.4275054931641 29.4330539703369 29.4376239776611 29.4401206970215 29.4422798156738 29.4440231323242 29.4430503845215 29.4400978088379 29.4322757720947 29.422435760498 29.4169006347656 29.4122104644775 29.402904510498 29.3920135498047 29.3673267364502 29.3382949829102 29.293981552124 29.2313938140869 29.1348648071289 29.0367736816406 28.9369792938232 28.9027118682861 28.9108409881592 28.908275604248 28.9018650054932 28.8801364898682
29.398099899292 29.4055976867676 29.4072799682617 29.4066772460938 29.4058570861816 29.4053993225098 29.4043273925781 29.4001312255859 29.395715713501 29.3907661437988 29.388988494873 29.3915596008301 29.3955669403076 29.400749206543 29.402437210083 29.4024696350098 29.4022674560547 29.4020118713379 29.4008445739746 29.3995952606201 29.3980503082275 29.3986377716064 29.4081401824951 29.4175720214844 29.4268455505371 29.4333381652832 29.4364318847656 29.4355564117432 29.4317893981934 29.4238204956055 29.4141101837158 29.4097690582275 29.4064846038818 29.4003582000732 29.3929042816162 29.3735179901123 29.3479557037354 29.3006801605225 29.2349624633789 29.1349945068359 29.0413951873779 28.9547348022461 28.9321956634521 28.9511451721191 28.9497451782227 28.9410343170166 28.9150810241699
29.3823871612549 29.3928413391113 29.3988990783691 29.4012050628662 29.4030895233154 29.4039134979248 29.4043827056885 29.403039932251 29.4014053344727 29.3990612030029 29.3981628417969 29.3992462158203 29.4013938903809 29.404411315918 29.4043960571289 29.402946472168 29.399715423584 29.3960590362549 29.3921356201172 29.3882236480713 29.3847198486328 29.383716583252 29.3931827545166 29.4037666320801 29.4167098999023 29.4265995025635 29.4327545166016 29.4342842102051 29.4324436187744 29.4248523712158 29.4148788452148 29.4084396362305 29.4026947021484 29.3972949981689 29.3910064697266 29.3759059906006 29.3556442260742 29.3172397613525 29.2598838806152 29.1673355102539 29.0797023773193 28.9974269866943 28.9755420684814 28.992733001709 28.988374710083 28.9762744903564 28.9445514678955
29.3655033111572 29.3782005310059 29.3879089355469 29.3930530548096 29.3976440429688 29.399938583374 29.4021644592285 29.404052734375 29.4056873321533 29.4067077636719 29.4071674346924 29.4068546295166 29.4072647094727 29.4082641601562 29.4065017700195 29.4034328460693 29.397310256958 29.3904571533203 29.3840637207031 29.3777866363525 29.3727588653564 29.3704967498779 29.3798084259033 29.3912181854248 29.4070529937744 29.4198341369629 29.428882598877 29.4328727722168 29.4331741333008 29.4261684417725 29.4161338806152 29.4075603485107 29.3992748260498 29.3943748474121 29.3890247344971 29.3780250549316 29.3629894256592 29.3337593078613 29.2852554321289 29.200963973999 29.1195449829102 29.0412521362305 29.0192699432373 29.0337219238281 29.0262107849121 29.0108127593994 28.9734592437744
29.3418617248535 29.3515319824219 29.3588962554932 29.3651695251465 29.3712577819824 29.375337600708 29.3798217773438 29.386360168457 29.3939208984375 29.4039440155029 29.4098587036133 29.4101295471191 29.4105205535889 29.4110069274902 29.4064960479736 29.3996162414551 29.3919315338135 29.38405418396 29.3775386810303 29.3713665008545 29.3688774108887 29.3687629699707 29.3785972595215 29.3890991210938 29.401008605957 29.411750793457 29.421070098877 29.4269924163818 29.43044090271 29.4259738922119 29.4182243347168 29.4087219238281 29.3988761901855 29.3932399749756 29.3874893188477 29.3791065216064 29.3676052093506 29.3451404571533 29.3052406311035 29.2329559326172 29.1596565246582 29.0852527618408 29.0604305267334 29.0676898956299 29.0569515228271 29.0397472381592 28.9989929199219
29.3180885314941 29.3252716064453 29.3308219909668 29.3387584686279 29.3468685150146 29.3530673980713 29.3600082397461 29.3707084655762 29.3833293914795 29.4005794525146 29.4109230041504 29.4117813110352 29.4124393463135 29.4129314422607 29.4062633514404 29.396203994751 29.3875923156738 29.3793277740479 29.3728523254395 29.3668594360352 29.3660869598389 29.3674163818359 29.3775386810303 29.3869724273682 29.3949489593506 29.4035701751709 29.4129810333252 29.4204692840576 29.4265556335449 29.4242534637451 29.418478012085 29.4083480834961 29.3973636627197 29.3911190032959 29.3850936889648 29.3794784545898 29.3716812133789 29.3562107086182 29.3247661590576 29.2636623382568 29.1982040405273 29.128002166748 29.1006736755371 29.1010837554932 29.0875282287598 29.0689544677734 29.0251026153564
29.2938385009766 29.3005065917969 29.3061904907227 29.3177394866943 29.329797744751 29.3393478393555 29.3494739532471 29.3625392913818 29.3770408630371 29.3950099945068 29.4060249328613 29.4074878692627 29.4094581604004 29.4118461608887 29.4051971435547 29.39426612854 29.3870620727539 29.3807487487793 29.3749179840088 29.3693599700928 29.367301940918 29.3674850463867 29.3770446777344 29.384822845459 29.3888320922852 29.3950271606445 29.4038925170898 29.4115924835205 29.4184455871582 29.4169464111328 29.4119892120361 29.4023380279541 29.3917655944824 29.3853912353516 29.3795375823975 29.3772602081299 29.3737926483154 29.3661308288574 29.3426151275635 29.2896556854248 29.2310085296631 29.1661682128906 29.1375541687012 29.1323776245117 29.1175079345703 29.0991554260254 29.0533199310303
