Ecospace-environmental-drivers/Outputs/ASCII-for-ecospace/MOM6-ISIMIP3a/tos/2002-06_tos_MOM6-ISIMIP3a.asc
NCOLS 131 
NROWS 53 
XLLCORNER -98 
YLLCORNER 23.9265270233154 
CELLSIZE 0.133587792515755 
NODATA_value -9999 
[rows 21 to 41 of 53, columns 0 to 46 of 131]
-9999 -9999 -9999 -9999 -9999 -9999 27.8599109649658 27.8571758270264 27.8507328033447 27.8449935913086 27.8682155609131 27.9399871826172 27.9077625274658 27.8117733001709 27.7612190246582 27.7630920410156 27.764009475708 27.7642688751221 27.7483310699463 27.7261371612549 27.7054233551025 27.6849727630615 27.6535148620605 27.6226615905762 27.5988712310791 27.5761184692383 27.5567245483398 27.540901184082 27.5313148498535 27.526762008667 27.5273933410645 27.5328407287598 27.5412216186523 27.5436000823975 27.5439758300781 27.5344352722168 27.5234851837158 27.5071334838867 27.4904098510742 27.4712982177734 27.4540100097656 27.4417877197266 27.4327354431152 27.428581237793 27.4252433776855 27.4226531982422 27.4205932617188
-9999 -9999 -9999 -9999 -9999 -9999 27.8594818115234 27.8599109649658 27.8544387817383 27.8435859680176 27.8449935913086 27.8196678161621 27.7842197418213 27.7287464141846 27.7028656005859 27.7111320495605 27.7141742706299 27.7136306762695 27.7056541442871 27.6948089599609 27.6851444244385 27.6756896972656 27.6570930480957 27.6387348175049 27.6240348815918 27.6093254089355 27.5945835113525 27.5820636749268 27.5734252929688 27.5691528320312 27.5693759918213 27.5752983093262 27.5846920013428 27.5918025970459 27.5981502532959 27.5957946777344 27.5921993255615 27.5834465026855 27.5740127563477 27.5602340698242 27.5467395782471 27.5340385437012 27.5227108001709 27.5135078430176 27.5065631866455 27.5016899108887 27.496997833252
-9999 -9999 -9999 -9999 27.9582004547119 27.8891181945801 27.8607711791992 27.8577613830566 27.8599109649658 27.8489685058594 27.8204727172852 27.7247905731201 27.6599063873291 27.6559638977051 27.6587543487549 27.6693134307861 27.673095703125 27.6722202301025 27.6706314086914 27.6687679290771 27.6686897277832 27.6689262390137 27.663122177124 27.6572093963623 27.6515140533447 27.6447353363037 27.6344413757324 27.6249084472656 27.6167049407959 27.6121025085449 27.6112041473389 27.616662979126 27.6259956359863 27.6368465423584 27.6482028961182 27.6526851654053 27.6561908721924 27.6558170318604 27.654541015625 27.6475276947021 27.639196395874 27.6271953582764 27.614652633667 27.6012783050537 27.5915241241455 27.5850925445557 27.5786628723145
-9999 -9999 -9999 -9999 28.1178874969482 27.9650230407715 27.9174652099609 27.8607711791992 27.8526039123535 27.7486457824707 27.6611003875732 27.6363716125488 27.626745223999 27.6470031738281 27.66477394104 27.6796779632568 27.6897392272949 27.6964740753174 27.6997680664062 27.701732635498 27.7016887664795 27.7012920379639 27.6970920562744 27.6929092407227 27.6895503997803 27.6854553222656 27.6789722442627 27.6729049682617 27.6675643920898 27.6648559570312 27.6648597717285 27.6682186126709 27.6736240386963 27.6793079376221 27.6850872039795 27.6864128112793 27.6871528625488 27.6922187805176 27.6968460083008 27.6986808776855 27.6982917785645 27.6917133331299 27.6845588684082 27.6765155792236 27.6726131439209 27.672513961792 27.6756935119629
-9999 -9999 -9999 -9999 -9999 28.1178874969482 27.9639663696289 27.9741611480713 27.8216686248779 27.655101776123 27.5300350189209 27.5638084411621 27.5999984741211 27.6409759521484 27.6723861694336 27.6927623748779 27.709997177124 27.7250709533691 27.7331867218018 27.7386150360107 27.7382278442383 27.73681640625 27.7332172393799 27.7297096252441 27.7273540496826 27.7247467041016 27.721321105957 27.7183723449707 27.7162494659424 27.7156753540039 27.7166957855225 27.7182846069336 27.7202224731445 27.7212181091309 27.7218990325928 27.7208137512207 27.7195606231689 27.7291049957275 27.7386112213135 27.7478828430176 27.7542304992676 27.7524375915527 27.7501945495605 27.7472553253174 27.7494144439697 27.7562522888184 27.7700328826904
-9999 -9999 -9999 -9999 -9999 28.0508861541748 28.1178874969482 27.9030475616455 27.6871376037598 27.5912799835205 27.5230846405029 27.5607643127441 27.6013793945312 27.6478061676025 27.6869812011719 27.7177867889404 27.7461032867432 27.7727069854736 27.7853813171387 27.7926731109619 27.7902889251709 27.7861938476562 27.7787857055664 27.771333694458 27.7641334533691 27.7577705383301 27.7541122436523 27.7527523040771 27.755407333374 27.7580070495605 27.7605533599854 27.7618198394775 27.7623081207275 27.7606983184814 27.7583885192871 27.7581729888916 27.7583160400391 27.7681102752686 27.778003692627 27.7885227203369 27.7963180541992 27.7965259552002 27.7971096038818 27.7982711791992 27.8074016571045 27.823844909668 27.8525829315186
-9999 -9999 27.9161586761475 27.9291839599609 27.9394187927246 27.9838066101074 28.0509662628174 27.8137550354004 27.5775585174561 27.541130065918 27.5208168029785 27.5621814727783 27.6064529418945 27.65647315979 27.7020130157471 27.7423858642578 27.7797374725342 27.8150177001953 27.8320789337158 27.8421096801758 27.8390274047852 27.8336334228516 27.8227252960205 27.8116016387939 27.7996997833252 27.7893486022949 27.7840251922607 27.7826900482178 27.7883205413818 27.7929935455322 27.7966823577881 27.7980937957764 27.7981185913086 27.7951583862305 27.7912063598633 27.7918071746826 27.7930946350098 27.8026351928711 27.8123531341553 27.8232097625732 27.8317489624023 27.8338489532471 27.8367881774902 27.8410263061523 27.8552532196045 27.8786468505859 27.9181632995605
-9999.000000000000000 -9999 -9999 -9999 27.8643226623535 27.8950328826904 27.8541202545166 27.6847953796387 27.5224208831787 27.5208053588867 27.5287570953369 27.5733337402344 27.6195831298828 27.6691417694092 27.7180023193359 27.766056060791 27.8079814910889 27.8457012176514 27.8667907714844 27.8814563751221 27.8805255889893 27.8768424987793 27.8631114959717 27.8489093780518 27.8326148986816 27.817777633667 27.8076629638672 27.8029346466064 27.8076076507568 27.8119506835938 27.8159523010254 27.8185253143311 27.8202304840088 27.8186664581299 27.816011428833 27.8173084259033 27.8191967010498 27.8273792266846 27.8357009887695 27.8449001312256 27.8526592254639 27.8564071655273 27.8606758117676 27.8657493591309 27.8809871673584 27.9055500030518 27.9467258453369
-9999 -9999 -9999 -9999 27.7692928314209 27.7141304016113 27.7233791351318 27.5978736877441 27.477575302124 27.5015335083008 27.5307579040527 27.5801486968994 27.6298370361328 27.6801166534424 27.731538772583 27.7842750549316 27.8296318054199 27.8699188232422 27.8958854675293 27.9163208007812 27.9200801849365 27.9208946228027 27.9069156646729 27.892126083374 27.8732833862305 27.8555278778076 27.8412895202637 27.8321971893311 27.8320827484131 27.8329849243164 27.8349323272705 27.8368892669678 27.8388519287109 27.838264465332 27.8368263244629 27.8391361236572 27.8419952392578 27.8492050170898 27.8564071655273 27.8635501861572 27.8699493408203 27.8742713928223 27.8791732788086 27.8849697113037 27.9003868103027 27.9246349334717 27.9653720855713
-9999 -9999 -9999 -9999 27.7064228057861 27.6987152099609 27.6891975402832 27.563835144043 27.4456825256348 27.4835872650146 27.5252857208252 27.5815048217773 27.6364727020264 27.6889610290527 27.7419891357422 27.7956409454346 27.8429851531982 27.8859996795654 27.9179153442383 27.9455451965332 27.9571857452393 27.966007232666 27.9550151824951 27.9427719116211 27.9237060546875 27.9050025939941 27.887487411499 27.8728084564209 27.8630809783936 27.8566303253174 27.8535480499268 27.8526496887207 27.853084564209 27.8529491424561 27.8526210784912 27.8563423156738 27.8606376647949 27.8673610687256 27.8737926483154 27.8783760070801 27.882682800293 27.8862266540527 27.8908863067627 27.8972663879395 27.9118213653564 27.9338798522949 27.9715442657471
-9999 -9999 -9999 -9999 27.6987152099609 27.6871948242188 27.6736717224121 27.5503616333008 27.4338932037354 27.4737701416016 27.5174865722656 27.5759029388428 27.6327705383301 27.6865768432617 27.7409572601318 27.7959976196289 27.8477935791016 27.8973579406738 27.9379234313965 27.9750118255615 27.9936714172363 28.0090789794922 28.0026874542236 27.9946460723877 27.9768333435059 27.9586524963379 27.9392776489258 27.9212608337402 27.9056129455566 27.893482208252 27.884973526001 27.8798198699951 27.8767108917236 27.8749732971191 27.8736934661865 27.8766975402832 27.8803081512451 27.8856525421143 27.8906097412109 27.8931140899658 27.8954067230225 27.8971214294434 27.9004383087158 27.9062385559082 27.9194202423096 27.9393730163574 27.9742450714111
-9999 -9999 -9999 -9999 27.6865272521973 27.6736717224121 27.5567874908447 27.5523109436035 27.4371814727783 27.4700508117676 27.5079479217529 27.5650806427002 27.6213150024414 27.6757736206055 27.7313137054443 27.7881011962891 27.84619140625 27.9051742553711 27.9564151763916 28.0046653747559 28.029691696167 28.0506191253662 28.0500373840332 28.0474395751953 28.0319919586182 28.0154304504395 27.9952659606934 27.9755954742432 27.9567928314209 27.9402408599854 27.9260063171387 27.9155464172363 27.9073829650879 27.9025039672852 27.8987197875977 27.8994178771973 27.9007472991943 27.9040470123291 27.90700340271 27.907787322998 27.9081230163574 27.9072151184082 27.9083728790283 27.9127178192139 27.9241390228271 27.9420528411865 27.9743423461914
-9999 -9999 -9999 -9999 27.6736717224121 27.5448417663574 27.4877605438232 27.4508037567139 27.4503536224365 27.4718627929688 27.4994106292725 27.5500583648682 27.6026439666748 27.6590576171875 27.7180805206299 27.7801094055176 27.8452663421631 27.9125728607178 27.9722099304199 28.0288848876953 28.0616626739502 28.0902214050293 28.0955562591553 28.0985546112061 28.0863342285156 28.0724334716797 28.0530967712402 28.0333080291748 28.012731552124 27.993480682373 27.9755916595459 27.9614772796631 27.9496631622314 27.9413661956787 27.9342403411865 27.9310703277588 27.9284610748291 27.9277153015137 27.9266777038574 27.9237995147705 27.920524597168 27.916145324707 27.9145374298096 27.9172115325928 27.926887512207 27.9429874420166 27.973201751709
-9999 -9999 -9999 -9999 -9999 27.4725685119629 27.4611492156982 27.4601669311523 27.4677581787109 27.4760456085205 27.4913024902344 27.5332355499268 27.5808773040771 27.6398105621338 27.7033081054688 27.7720756530762 27.844633102417 27.919792175293 27.9868488311768 28.0507774353027 28.0918979644775 28.1289920806885 28.1402912139893 28.1489524841309 28.1403255462646 28.1295337677002 28.1117172241211 28.0924644470215 28.0707111358643 28.0494976043701 28.0288410186768 28.0117835998535 27.9969177246094 27.9850826263428 27.9742565155029 27.9665546417236 27.9592933654785 27.9536418914795 27.9477577209473 27.9403877258301 27.9327926635742 27.9245777130127 27.9199466705322 27.9208564758301 27.9287929534912 27.9431762695312 27.9715328216553
-9999 -9999 -9999 -9999 -9999 27.4649219512939 27.4687957763672 27.4724750518799 27.4719123840332 27.4664363861084 27.4705123901367 27.5111503601074 27.5601196289062 27.6255722045898 27.695384979248 27.7702236175537 27.8492813110352 27.9312343597412 28.0051517486572 28.0759677886963 28.1234607696533 28.1668395996094 28.180419921875 28.191104888916 28.1831169128418 28.1726856231689 28.1543407440186 28.1342620849609 28.111156463623 28.0882892608643 28.0656681060791 28.0464420318604 28.0292816162109 28.0151901245117 28.0021228790283 27.9913902282715 27.9809913635254 27.9720821380615 27.9629878997803 27.9527149200439 27.9423542022705 27.9317531585693 27.9248180389404 27.9235420227051 27.9295291900635 27.9421806335449 27.9685859680176
-9999 -9999 -9999 -9999 -9999 27.4583778381348 27.4648208618164 27.4737434387207 27.4733238220215 27.4539737701416 27.4470977783203 27.4879741668701 27.5395679473877 27.6123714447021 27.6888771057129 27.7696514129639 27.8550224304199 27.9435501098633 28.0242137908936 28.1018390655518 28.1553001403809 28.2044944763184 28.2195930480957 28.2315540313721 28.2235889434814 28.2129516601562 28.1936569213867 28.1724662780762 28.1479740142822 28.1235179901123 28.099100112915 28.0778617858887 28.0585632324219 28.0424823760986 28.027473449707 28.0140247344971 28.0007991790771 27.9889717102051 27.9770069122314 27.9641609191895 27.9513568878174 27.9386711120605 27.9295768737793 27.9260311126709 27.930025100708 27.940938949585 27.9653720855713
-9999 -9999 -9999 -9999 -9999 -9999 27.4415187835693 27.4482460021973 27.4458656311035 27.4193668365479 27.4093036651611 27.4621410369873 27.5246906280518 27.6064567565918 27.6907787322998 27.7780456542969 27.8708686828613 27.9675064086914 28.0538959503174 28.1363277435303 28.1872882843018 28.2326946258545 28.2402076721191 28.2447700500488 28.2316665649414 28.2167148590088 28.1957683563232 28.1735897064209 28.1492652893066 28.125186920166 28.1013622283936 28.0803775787354 28.0611190795898 28.0456409454346 28.031421661377 28.0196151733398 28.0081539154053 27.9986057281494 27.9886913299561 27.9764385223389 27.9638652801514 27.9504051208496 27.9395713806152 27.9327983856201 27.933723449707 27.9417095184326 27.9626979827881
-9999 -9999 -9999 -9999 -9999 -9999 27.4112224578857 27.4025688171387 27.4162750244141 27.3838386535645 27.3716850280762 27.4371719360352 27.5110969543457 27.6017265319824 27.6939239501953 27.7879333496094 27.8883686065674 27.9932174682617 28.0847835540771 28.1712188720703 28.2181529998779 28.258113861084 28.2577247619629 28.25465965271 28.236686706543 28.2177238464355 28.1955547332764 28.172737121582 28.1487941741943 28.1252403259277 28.1020908355713 28.0815258026123 28.0625381469727 28.0478000640869 28.0344753265381 28.0245914459229 28.0151977539062 28.0080986022949 28.0004119873047 27.9889831542969 27.9768352508545 27.9626884460449 27.9501800537109 27.9402027130127 27.9379768371582 27.9428615570068 27.9601726531982
-9999 -9999 -9999 -9999 -9999 -9999 27.3902683258057 27.3828506469727 27.3777275085449 27.3490295410156 27.3428211212158 27.4226932525635 27.5085201263428 27.6061344146729 27.7063179016113 27.8094673156738 27.9186992645264 28.0321044921875 28.1234550476074 28.2062854766846 28.2369384765625 28.2583847045898 28.2510662078857 28.242094039917 28.224573135376 28.2068214416504 28.1883106231689 28.1685199737549 28.1464920043945 28.124095916748 28.1013202667236 28.0819320678711 28.0646076202393 28.0508213043213 28.038215637207 28.0311508178711 28.0248603820801 28.0195465087891 28.0136413574219 28.003978729248 27.993034362793 27.9785308837891 27.9648246765137 27.9523468017578 27.9466285705566 27.9471168518066 27.9589881896973
-9999 -9999 -9999 -9999 -9999 27.4355506896973 27.3897476196289 27.385383605957 27.3353633880615 27.3180446624756 27.3235645294189 27.4165115356445 27.5129508972168 27.6162967681885 27.7234230041504 27.8349113464355 27.9514408111572 28.0714340209961 28.1595630645752 28.2353897094727 28.2514533996582 28.2569694519043 28.244800567627 28.2318477630615 28.2155570983887 28.1995658874512 28.1845455169678 28.1678142547607 28.1480960845947 28.1274394989014 28.1058158874512 28.0876865386963 28.071683883667 28.058349609375 28.0459041595459 28.0402908325195 28.0356292724609 28.0317363739014 28.0272445678711 28.0189476013184 28.0089931488037 27.9944229125977 27.9798564910889 27.9652976989746 27.9564895629883 27.9529628753662 27.9596347808838
-9999 -9999 -9999 -9999 27.8259735107422 27.5608444213867 27.4355506896973 27.35520362854 27.2790050506592 27.3010730743408 27.3395366668701 27.4407577514648 27.5430736541748 27.6475620269775 27.7578029632568 27.874683380127 27.9930286407471 28.1123790740967 28.186279296875 28.2426319122314 28.2502994537354 28.2493762969971 28.2399768829346 28.2301082611084 28.2178936004639 28.2056903839111 28.1935272216797 28.1799812316895 28.1640205383301 28.1472434997559 28.1296272277832 28.1130561828613 28.0971221923828 28.0823936462402 28.0680675506592 28.0588874816895 28.0504512786865 28.0466461181641 28.0422191619873 28.0338249206543 28.0240631103516 28.0104885101318 27.9963130950928 27.9812107086182 27.9707851409912 27.9646549224854 27.9669895172119
