Ecospace-environmental-drivers/Outputs/ASCII-for-ecospace/MOM6-ISIMIP3a/tos/2002-09_tos_MOM6-ISIMIP3a.asc
NCOLS 131 
NROWS 53 
XLLCORNER -98 
YLLCORNER 23.9265270233154 
CELLSIZE 0.133587792515755 
NODATA_value -9999 
[rows 0 to 20 of 53, columns 47 to 93 of 131]
-9999 -9999 -9999 -9999 -9999 -9999 -9999 -9999 -9999 -9999 -9999 -9999 -9999 -9999 -9999 -9999 -9999 -9999 -9999 -9999 -9999 -9999 -9999 -9999 -9999 -9999 -9999 -9999 -9999 -9999 -9999 -9999 -9999 -9999 -9999 -9999 -9999 -9999 -9999 -9999 -9999 -9999 -9999 -9999 -9999 -9999 -9999
-9999 -9999 -9999 -9999 -9999 -9999 -9999 -9999 -9999 -9999 -9999 -9999 -9999 -9999 -9999 -9999 -9999 -9999 -9999 -9999 -9999 -9999 -9999 -9999 -9999 -9999 -9999 -9999 -9999 -9999 -9999 -9999 -9999 -9999 -9999 -9999 -9999 -9999 -9999 -9999 -9999 -9999 -9999 -9999 -9999 -9999 -9999
-9999 -9999 -9999 -9999 -9999 -9999 -9999 -9999 -9999 -9999 -9999 -9999 -9999 -9999 -9999 -9999 -9999 -9999 -9999 -9999 -9999 -9999 -9999 -9999 -9999 -9999 -9999 28.9974422454834 28.9993648529053 -9999 -9999 -9999 -9999 -9999 -9999 -9999 -9999 -9999 -9999 -9999 -9999 -9999 -9999 -9999 -9999 -9999 -9999
-9999 -9999 -9999 -9999 -9999 -9999 -9999 -9999 -9999 -9999 -9999 -9999 -9999 -9999 -9999 -9999 -9999 -9999 -9999 -9999 -9999 -9999 -9999 -9999 -9999 -9999 -9999 28.9997177124023 29.0015544891357 -9999 -9999 -9999 -9999 -9999 -9999 -9999 -9999 -9999 -9999 -9999 -9999 -9999 -9999 -9999 -9999 -9999 -9999
-9999 -9999 -9999 -9999 -9999 -9999 -9999 -9999 -9999 -9999 -9999 -9999 -9999 -9999 -9999 -9999 -9999 -9999 28.887882232666 28.8903293609619 28.8922863006592 28.9037055969238 28.9150238037109 28.9374370574951 28.9587078094482 28.9779300689697 28.992826461792 29.0024013519287 29.0039234161377 28.9983406066895 -9999 -9999 28.968074798584 28.9597644805908 28.9543361663818 28.9515228271484 28.9523582458496 28.9559574127197 28.9640731811523 28.9840526580811 29.0241470336914 29.0879020690918 -9999 -9999 -9999 -9999 -9999
-9999 -9999 -9999 -9999 -9999 -9999 -9999 -9999 -9999 -9999 -9999 -9999 -9999 -9999 28.7211589813232 -9999 28.7211074829102 28.7214374542236 28.7992687225342 28.887882232666 28.8908176422119 28.8922863006592 28.9151268005371 28.9376564025879 28.959529876709 28.9789352416992 28.9953231811523 29.0042209625244 29.007661819458 28.9998874664307 28.9874706268311 28.9772453308105 28.9674472808838 28.9595336914062 28.9523105621338 28.9511623382568 28.9510936737061 28.9548187255859 28.9619598388672 28.9754390716553 29.0147609710693 29.0822410583496 29.1667041778564 29.2621574401855 -9999 -9999 -9999
-9999 -9999 -9999 -9999 -9999 -9999 -9999 -9999 -9999 -9999 28.8280830383301 28.8279247283936 28.827579498291 28.8260536193848 28.7725982666016 28.7212791442871 28.721040725708 28.7208442687988 28.7214374542236 28.7884883880615 28.887882232666 28.8922863006592 28.9151268005371 28.9376564025879 28.959529876709 28.9789352416992 28.9953231811523 29.0042209625244 29.007661819458 28.9998874664307 28.9874706268311 28.9772453308105 28.9674472808838 28.9595336914062 28.9523105621338 28.9511623382568 28.9510936737061 28.9548187255859 28.9619598388672 28.9754390716553 29.0147609710693 29.0822410583496 29.1667041778564 29.2621574401855 29.2873840332031 29.3688545227051 -9999
-9999 -9999 -9999 -9999 -9999 -9999 -9999 -9999 -9999 -9999 28.828929901123 28.8280830383301 28.827766418457 -9999 28.82350730896 28.7702770233154 28.7215156555176 28.721040725708 28.7200565338135 28.7214374542236 28.7561473846436 28.7943553924561 28.847188949585 28.8926467895508 28.9225330352783 28.9425868988037 28.9506244659424 28.9509716033936 28.9457149505615 28.9371013641357 28.9270992279053 28.9176597595215 28.9083290100098 28.8957557678223 28.8829555511475 28.8691139221191 28.856014251709 28.8455238342285 28.8492126464844 28.8792304992676 28.9356384277344 29.0208015441895 29.1203708648682 29.2292613983154 29.3482685089111 29.4709091186523 29.344554901123
-9999 -9999 -9999 -9999 -9999 -9999 -9999 -9999 -9999 -9999 -9999 -9999 -9999 -9999 28.8251247406006 28.8179454803467 28.7657585144043 28.7219924926758 28.721040725708 28.7176933288574 28.6924629211426 28.6885318756104 28.7737445831299 28.8438682556152 28.882137298584 28.9025287628174 28.9010715484619 28.8918857574463 28.8770713806152 28.8675117492676 28.8601264953613 28.8514423370361 28.8425006866455 28.8243942260742 28.8050594329834 28.7770309448242 28.7495021820068 28.7237281799316 28.7239208221436 28.7723369598389 28.8476276397705 28.9521999359131 29.0680046081543 29.1910762786865 29.3254299163818 29.4638347625732 29.317346572876
28.7424736022949 -9999 -9999 -9999 -9999 -9999 -9999 -9999 -9999 -9999 28.8633899688721 28.829797744751 -9999 -9999 -9999 28.8204689025879 28.806547164917 28.7587413787842 28.7229442596436 28.7212295532227 28.6917953491211 28.6844844818115 28.7697582244873 28.8369541168213 28.8659934997559 28.8736915588379 28.8553104400635 28.8355617523193 28.8148193359375 28.8038158416748 28.7968463897705 28.7848796844482 28.7719287872314 28.7361431121826 28.6987361907959 28.6537590026855 28.6134910583496 28.5897846221924 28.5980434417725 28.6656589508057 28.75634765625 28.8721771240234 28.9855651855469 29.097375869751 29.1988430023193 29.2965927124023 29.2243747711182
28.8358421325684 28.8496246337891 -9999 -9999 -9999 -9999 -9999 -9999 -9999 -9999 28.866626739502 28.8262195587158 28.829797744751 -9999 -9999 28.8255577087402 28.8077640533447 28.7863216400146 28.7556343078613 28.7244739532471 28.6956806182861 28.6880130767822 28.7687644958496 28.8294124603271 28.8476257324219 28.8422794342041 28.808141708374 28.778694152832 28.7526626586914 28.7400360107422 28.7329597473145 28.7173271179199 28.7000122070312 28.6489276885986 28.596076965332 28.5381813049316 28.4885520935059 28.4679870605469 28.4833526611328 28.5654487609863 28.6675643920898 28.7914943695068 28.9027557373047 29.0058212280273 29.0814914703369 29.1473178863525 29.1414623260498
28.8358421325684 28.8771896362305 28.876579284668 28.9254283905029 -9999 -9999 -9999 -9999 -9999 -9999 -9999 28.8110179901123 28.8077640533447 28.829797744751 28.8280830383301 28.8255577087402 28.8077640533447 28.7863216400146 28.7556209564209 28.7261600494385 28.7239894866943 28.7321949005127 28.7838287353516 28.8184928894043 28.8173332214355 28.7970600128174 28.7534255981445 28.7189044952393 28.6910228729248 28.6757984161377 28.6658172607422 28.6444683074951 28.6208820343018 28.5672740936279 28.5130672454834 28.4638824462891 28.4230060577393 28.4113349914551 28.4286861419678 28.4999332427979 28.5921726226807 28.7072811126709 28.8179626464844 28.9257793426514 29.0136775970459 29.0944232940674 29.1125240325928
28.8081188201904 28.8498840332031 28.8555183410645 28.9237270355225 -9999 -9999 -9999 -9999 29.0262641906738 28.9252071380615 28.8462085723877 28.7974910736084 28.7893524169922 28.814416885376 28.8205471038818 28.8177108764648 28.7999820709229 28.778694152832 28.752779006958 28.7295513153076 28.750093460083 28.7708873748779 28.7927303314209 28.8018474578857 28.7840957641602 28.752124786377 28.7027721405029 28.66530418396 28.6364974975586 28.6179733276367 28.6037082672119 28.5778942108154 28.5498085021973 28.4970970153809 28.4446601867676 28.4038124084473 28.3709678649902 28.3662700653076 28.3845272064209 28.4454212188721 28.5259532928467 28.6278820037842 28.7307834625244 28.8343143463135 28.9281845092773 29.0185852050781 29.0620670318604
28.7110843658447 28.7851104736328 28.8500137329102 28.9237270355225 28.9970417022705 29.0352783203125 29.0662364959717 29.0601577758789 29.0262641906738 28.9252071380615 28.8462085723877 28.7974910736084 28.7818183898926 28.7931804656982 28.7941722869873 28.7902488708496 28.7727470397949 28.7520008087158 28.7428588867188 28.7372035980225 28.7706928253174 28.795862197876 28.7862224578857 28.7708778381348 28.7434921264648 28.7078971862793 28.6622676849365 28.62717628479 28.5997581481934 28.5761756896973 28.5541820526123 28.5270347595215 28.4988746643066 28.4556159973145 28.4127597808838 28.3793087005615 28.3527050018311 28.3501758575439 28.3666496276855 28.4184131622314 28.4826641082764 28.5605163574219 28.6376419067383 28.7142944335938 28.7984886169434 28.8853912353516 28.9578170776367
28.6569004058838 28.7261238098145 28.8003368377686 28.8610000610352 28.9193344116211 28.952320098877 28.9797992706299 28.97926902771 28.9563579559326 28.8794097900391 28.8188953399658 28.7809429168701 28.7655239105225 28.7685432434082 28.7655582427979 28.7597332000732 28.7467517852783 28.7320613861084 28.7368431091309 28.744743347168 28.7785758972168 28.800142288208 28.7703800201416 28.739673614502 28.706974029541 28.6721153259277 28.6346225738525 28.606372833252 28.5848541259766 28.5625286102295 28.5398712158203 28.5115623474121 28.4821434020996 28.4407577514648 28.3999462127686 28.3690605163574 28.3446102142334 28.3427906036377 28.3568096160889 28.4002418518066 28.451114654541 28.5100936889648 28.5671081542969 28.6228485107422 28.6942253112793 28.77121925354 28.854362487793
28.6632976531982 28.6753196716309 28.6882057189941 28.7095851898193 28.7317657470703 28.7520732879639 28.7711582183838 28.7840137481689 28.7876129150391 28.7688579559326 28.752965927124 28.7409992218018 28.7368488311768 28.7390918731689 28.7337856292725 28.7249031066895 28.7225093841553 28.7216663360596 28.7363414764404 28.7521228790283 28.768482208252 28.7751636505127 28.7413425445557 28.708137512207 28.6762294769287 28.6482772827148 28.6251544952393 28.6100635528564 28.6008186340332 28.5886840820312 28.5753498077393 28.54612159729 28.513765335083 28.4635410308838 28.4141159057617 28.378963470459 28.3508930206299 28.3477191925049 28.3583354949951 28.3945617675781 28.436164855957 28.4836254119873 28.5285396575928 28.5718040466309 28.6259231567383 28.6839427947998 28.7520313262939
28.6671085357666 28.6540069580078 28.6400756835938 28.6431045532227 28.6482486724854 28.663631439209 28.6789684295654 28.6940822601318 28.7070426940918 28.7148036956787 28.7196445465088 28.7204761505127 28.7214050292969 28.7224159240723 28.7197513580322 28.7153453826904 28.7214164733887 28.7299900054932 28.744987487793 28.7595233917236 28.7609329223633 28.7553882598877 28.7207317352295 28.6868534088135 28.6546192169189 28.6317901611328 28.6204566955566 28.6196403503418 28.6264877319336 28.6289577484131 28.62961769104 28.6047077178955 28.5747699737549 28.5182819366455 28.4620361328125 28.4177989959717 28.3813972473145 28.3725490570068 28.3761940002441 28.4030342102051 28.4344139099121 28.4707374572754 28.5064144134521 28.5416774749756 28.5852565765381 28.6318225860596 28.6878414154053
28.6687412261963 28.6575317382812 28.6458377838135 28.6481437683105 28.6523551940918 28.6693382263184 28.6848449707031 28.6928424835205 28.7007217407227 28.7083225250244 28.7137832641602 28.7163066864014 28.7171058654785 28.716495513916 28.7206535339355 28.7270698547363 28.7398166656494 28.7540760040283 28.7613353729248 28.7669448852539 28.7555294036865 28.7399959564209 28.707218170166 28.6742057800293 28.6407012939453 28.6214981079102 28.6197738647461 28.6341781616211 28.6603260040283 28.6811218261719 28.6997032165527 28.6835269927979 28.6605186462402 28.5999317169189 28.5383796691895 28.4809951782227 28.4322986602783 28.4141387939453 28.4078025817871 28.4234237670898 28.443775177002 28.4692821502686 28.498140335083 28.5291652679443 28.5678615570068 28.6093120574951 28.6557674407959
28.6627407073975 28.6581192016602 28.6537342071533 28.6584911346436 28.6645698547363 28.6811141967773 28.6960296630859 28.7026672363281 28.7097682952881 28.717981338501 28.7237720489502 28.7262344360352 28.7270164489746 28.7264270782471 28.732702255249 28.7422313690186 28.7566432952881 28.7722225189209 28.7776851654053 28.7811412811279 28.7654762268066 28.7464866638184 28.7135848999023 28.6800537109375 28.6451892852783 28.6287708282471 28.634895324707 28.6621475219727 28.7047863006592 28.7428150177002 28.7789325714111 28.7774276733398 28.7685241699219 28.7142944335938 28.6572189331055 28.5887393951416 28.5277709960938 28.4932193756104 28.4700965881348 28.468204498291 28.4733142852783 28.4860515594482 28.5056552886963 28.5297012329102 28.562780380249 28.5991039276123 28.6383953094482
28.6530075073242 28.6572685241699 28.6626739501953 28.6714344024658 28.6807537078857 28.695858001709 28.7098121643066 28.7179088592529 28.7263317108154 28.7355403900146 28.7415161132812 28.7430591583252 28.7438812255859 28.7441139221191 28.7502059936523 28.7590732574463 28.7726993560791 28.7874603271484 28.7940368652344 28.7986526489258 28.7829341888428 28.7636890411377 28.7296829223633 28.6949501037598 28.6586856842041 28.6446399688721 28.6577491760254 28.6966896057129 28.7544460296631 28.8091697692871 28.8626384735107 28.8787078857422 28.8874244689941 28.844669342041 28.7968578338623 28.7182807922363 28.645055770874 28.5906429290771 28.5474071502686 28.524923324585 28.5127258300781 28.5117378234863 28.5208969116211 28.53662109375 28.5637245178223 28.594913482666 28.6282157897949
28.6512184143066 28.6554546356201 28.6619930267334 28.6740951538086 28.6869049072266 28.7034530639648 28.7189826965332 28.7293167114258 28.7389430999756 28.7468566894531 28.7521362304688 28.7537937164307 28.7549495697021 28.7556972503662 28.7624740600586 28.7721099853516 28.7863883972168 28.801778793335 28.8117809295654 28.8202743530273 28.8122081756592 28.7995376586914 28.7675952911377 28.7340183258057 28.6969928741455 28.6818180084229 28.6933517456055 28.7328338623047 28.7926750183105 28.8531551361084 28.9138984680176 28.9437294006348 28.9674835205078 28.9463081359863 28.9195346832275 28.8543453216553 28.7891235351562 28.7237873077393 28.6671962738037 28.6268405914307 28.5965824127197 28.5773239135742 28.5696182250977 28.5693874359131 28.5837802886963 28.6034259796143 28.6285266876221
