Ecospace-environmental-drivers/Outputs/ASCII-for-ecospace/MOM6-ISIMIP3a/tos/2002-12_tos_MOM6-ISIMIP3a.asc
NCOLS 131 
NROWS 53 
XLLCORNER -98 
YLLCORNER 23.9265270233154 
CELLSIZE 0.133587792515755 
NODATA_value -9999 
[rows 21 to 41 of 53, columns 47 to 93 of 131]
23.1903209686279 23.1347064971924 23.0618782043457 22.939453125 22.8104591369629 22.6412525177002 22.5022850036621 22.5171432495117 22.5281963348389 22.5300598144531 22.5648250579834 22.6447620391846 22.6675872802734 22.6436862945557 22.63307762146 22.6287651062012 22.6542415618896 22.6868362426758 22.7671031951904 22.847692489624 22.8852634429932 22.9212131500244 22.9503726959229 22.9655513763428 22.9512100219727 22.9675197601318 23.0212879180908 23.0621738433838 23.093677520752 23.1175289154053 23.1382122039795 23.135368347168 23.1279010772705 23.0947551727295 23.0608158111572 23.0284233093262 22.9953346252441 22.9597969055176 22.9195442199707 22.8705387115479 22.8251285552979 22.7836380004883 22.756986618042 22.7399387359619 22.7296657562256 22.7218227386475 22.7221336364746
23.4584140777588 23.4242630004883 23.3816223144531 23.294807434082 23.2006664276123 23.0308666229248 22.8857936859131 22.8664932250977 22.8394603729248 22.7937564849854 22.7764625549316 22.7981719970703 22.7879505157471 22.7516059875488 22.7451000213623 22.7527275085449 22.80126953125 22.8595867156982 22.9599094390869 23.0586566925049 23.0924968719482 23.1218395233154 23.132360458374 23.137825012207 23.1326160430908 23.1510486602783 23.1983757019043 23.2383937835693 23.2730865478516 23.3008155822754 23.3256587982178 23.3300018310547 23.3303146362305 23.3012981414795 23.2720394134521 23.2510070800781 23.2281684875488 23.1989860534668 23.1589317321777 23.0986919403076 23.045015335083 22.9984912872314 22.9627666473389 22.9340324401855 22.9093322753906 22.8860816955566 22.8693733215332
23.684497833252 23.6668548583984 23.6488914489746 23.5950508117676 23.5336589813232 23.3676300048828 23.2204742431641 23.1693286895752 23.10764503479 23.0205192565918 22.9575061798096 22.9276008605957 22.8915882110596 22.8505802154541 22.8548812866211 22.8806457519531 22.955057144165 23.0410919189453 23.1587734222412 23.2729568481445 23.3045825958252 23.3290157318115 23.3233585357666 23.321605682373 23.3280963897705 23.3500061035156 23.3907623291016 23.4299507141113 23.4679985046387 23.4999351501465 23.5293426513672 23.540620803833 23.5483341217041 23.5228042602539 23.4975280761719 23.486743927002 23.4730110168457 23.4489040374756 23.408145904541 23.3364639282227 23.2749767303467 23.2245998382568 23.1797370910645 23.1384449005127 23.0988178253174 23.0597877502441 23.0255641937256
23.7049293518066 23.6879615783691 23.6719703674316 23.6341457366943 23.5907382965088 23.4569511413574 23.3324508666992 23.255199432373 23.1700382232666 23.0657787322998 22.9852313995361 22.9372406005859 22.9176445007324 22.9212818145752 22.978199005127 23.0603542327881 23.1795673370361 23.3076362609863 23.4220027923584 23.5308742523193 23.5734462738037 23.6121006011963 23.6343650817871 23.6584739685059 23.6864814758301 23.7162818908691 23.7482776641846 23.7763710021973 23.8016204833984 23.8266563415527 23.8516063690186 23.8564491271973 23.8573360443115 23.8290729522705 23.8007354736328 23.7822418212891 23.7604236602783 23.7269134521484 23.6799373626709 23.6079559326172 23.5505409240723 23.5089988708496 23.4517822265625 23.3844242095947 23.3261909484863 23.2712364196777 23.2212696075439
23.7113914489746 23.6952056884766 23.6815185546875 23.656702041626 23.6279964447021 23.5251140594482 23.4226398468018 23.3222484588623 23.2168426513672 23.0993309020996 23.0073204040527 22.9503154754639 22.9511795043945 22.9993877410889 23.1119270324707 23.2549381256104 23.4144897460938 23.5779933929443 23.6900177001953 23.7949237823486 23.8476829528809 23.8988647460938 23.943431854248 23.9876384735107 24.0310821533203 24.0668869018555 24.0933570861816 24.1122188568115 24.1255416870117 24.1448497772217 24.1666355133057 24.1652584075928 24.1593284606934 24.1293125152588 24.0989761352539 24.0742053985596 24.0461940765381 24.0067882537842 23.9563083648682 23.8852596282959 23.8301544189453 23.7924213409424 23.7209167480469 23.6275577545166 23.5514221191406 23.4814720153809 23.4172286987305
23.6565990447998 23.6416606903076 23.6317367553711 23.6067314147949 23.57834815979 23.500509262085 23.4172973632812 23.3067626953125 23.1952896118164 23.0815486907959 23.0046901702881 22.9784660339355 23.0175113677979 23.1099624633789 23.2913036346436 23.5147514343262 23.6950645446777 23.8650722503662 23.9790134429932 24.0858573913574 24.145486831665 24.2017631530762 24.2440071105957 24.2830276489258 24.3152446746826 24.3487720489502 24.383903503418 24.4017219543457 24.4069328308105 24.4256420135498 24.4499416351318 24.443302154541 24.4305801391602 24.4031295776367 24.3754329681396 24.3506622314453 24.3247509002686 24.2948322296143 24.252742767334 24.1880493164062 24.127534866333 24.0715732574463 23.9772911071777 23.8582172393799 23.7672538757324 23.6863899230957 23.6143054962158
23.5980644226074 23.5822677612305 23.5732727050781 23.5488357543945 23.5216293334961 23.4622497558594 23.394359588623 23.2831687927246 23.1747989654541 23.0732402801514 23.0159072875977 23.0192947387695 23.0952930450439 23.2307014465332 23.4679336547852 23.753396987915 23.9512729644775 24.1282215118408 24.2403831481934 24.3453044891357 24.4096050262451 24.4695987701416 24.5115718841553 24.5484523773193 24.5745792388916 24.6099758148193 24.6566982269287 24.6778049468994 24.6802501678467 24.6987476348877 24.7238922119141 24.7147235870361 24.6988105773926 24.6737079620361 24.6487789154053 24.6288719177246 24.6082305908203 24.5850028991699 24.5490322113037 24.4893894195557 24.4239635467529 24.3522319793701 24.2409000396729 24.103946685791 23.9988079071045 23.9050960540771 23.8197383880615
23.5313739776611 23.5101184844971 23.4958629608154 23.4736557006836 23.44948387146 23.3942031860352 23.3330307006836 23.241886138916 23.1566333770752 23.0856037139893 23.0573406219482 23.0877914428711 23.198055267334 23.3736228942871 23.6385688781738 23.9458560943604 24.1543159484863 24.3391628265381 24.4414825439453 24.5360450744629 24.600227355957 24.6609363555908 24.7071170806885 24.7484970092773 24.779748916626 24.8260555267334 24.8907642364502 24.9246025085449 24.9359550476074 24.9550857543945 24.9774379730225 24.9717044830322 24.96044921875 24.9372215270996 24.9153366088867 24.91090965271 24.9024524688721 24.8798141479492 24.8449974060059 24.7875671386719 24.7183132171631 24.6361808776855 24.5202903747559 24.3825607299805 24.2646636962891 24.1538925170898 24.0434055328369
23.4611759185791 23.4354991912842 23.419002532959 23.4009056091309 23.3815937042236 23.3339462280273 23.2817096710205 23.2061328887939 23.1399364471436 23.0963897705078 23.0967769622803 23.1574764251709 23.3068809509277 23.5288619995117 23.8084087371826 24.1152248382568 24.3210277557373 24.5026950836182 24.5994853973389 24.6890544891357 24.7583541870117 24.8248729705811 24.8797492980957 24.9294376373291 24.9681720733643 25.0239906311035 25.1006908416748 25.1454944610596 25.167064666748 25.1887226104736 25.2104187011719 25.2150573730469 25.216344833374 25.1993980407715 25.1844882965088 25.1960716247559 25.2007331848145 25.1810569763184 25.1496429443359 25.096435546875 25.0277099609375 24.9420776367188 24.8235969543457 24.6838607788086 24.5519886016846 24.4229412078857 24.284553527832
23.3865642547607 23.3577709197998 23.3428325653076 23.3312091827393 23.3190593719482 23.2834892272949 23.2429790496826 23.1773376464844 23.1250896453857 23.1051902770996 23.1336975097656 23.2286605834961 23.4233379364014 23.6996021270752 23.9772472381592 24.2555484771729 24.4420356750488 24.6065845489502 24.7032718658447 24.7945899963379 24.8755970001221 24.9543323516846 25.0235576629639 25.0863418579102 25.1355266571045 25.1990985870361 25.280252456665 25.3337955474854 25.3672294616699 25.393798828125 25.4175243377686 25.4412689208984 25.465015411377 25.4598941802979 25.4569053649902 25.4851608276367 25.5041217803955 25.4903926849365 25.4652099609375 25.4187545776367 25.3560314178467 25.2755870819092 25.1569900512695 25.0137062072754 24.8663234710693 24.7174663543701 24.5476970672607
23.3328590393066 23.3008651733398 23.2853622436523 23.2776622772217 23.2700691223145 23.2437381744385 23.2139644622803 23.1666812896729 23.1346569061279 23.139476776123 23.2008609771729 23.3399028778076 23.5654258728027 23.8617038726807 24.1234245300293 24.3687763214111 24.5400829315186 24.693696975708 24.7943801879883 24.8909339904785 24.980297088623 25.0683631896973 25.151008605957 25.2269554138184 25.2887573242188 25.3595333099365 25.4412727355957 25.5023784637451 25.5484523773193 25.5871391296387 25.622766494751 25.6585464477539 25.694356918335 25.6975002288818 25.7025890350342 25.7385196685791 25.765193939209 25.7593193054199 25.7417049407959 25.7022933959961 25.6452445983887 25.5689792633057 25.4533729553223 25.3123092651367 25.1554107666016 24.9928226470947 24.7977619171143
23.2948322296143 23.2595767974854 23.2419147491455 23.2362251281738 23.2312355041504 23.2120132446289 23.1922340393066 23.1696300506592 23.1625308990479 23.1928730010986 23.2907066345215 23.4811916351318 23.7267360687256 24.0173263549805 24.2526035308838 24.4616813659668 24.6209087371826 24.7682247161865 24.8759803771973 24.9803848266602 25.0755863189697 25.1708202362061 25.2661914825439 25.3553504943848 25.431396484375 25.5089626312256 25.5883903503418 25.6561698913574 25.7154693603516 25.7716789245605 25.8266105651855 25.8691272735596 25.9092044830322 25.9179344177246 25.92822265625 25.9650802612305 25.9945316314697 25.9979362487793 25.9888954162598 25.9567470550537 25.9051246643066 25.8322849273682 25.7219982147217 25.5874805450439 25.4255619049072 25.2537975311279 25.0380191802979
23.2793579101562 23.2500171661377 23.2382564544678 23.2394332885742 23.2415409088135 23.2330875396729 23.2260303497314 23.2260875701904 23.2467460632324 23.3171443939209 23.4503936767578 23.6699237823486 23.9066619873047 24.1574802398682 24.362865447998 24.5467319488525 24.6961154937744 24.8372631072998 24.9480514526367 25.0562725067139 25.1574535369873 25.2593936920166 25.3645133972168 25.4628295898438 25.5467777252197 25.6277256011963 25.7050075531006 25.773962020874 25.8368492126465 25.9072456359863 25.9807529449463 26.0320281982422 26.0789318084717 26.0985088348389 26.1183338165283 26.1504650115967 26.1763248443604 26.1801376342773 26.1736927032471 26.1482028961182 26.1038684844971 26.039005279541 25.9390678405762 25.8164386749268 25.6525402069092 25.4738178253174 25.2578182220459
23.2735481262207 23.254056930542 23.2516498565674 23.2617721557617 23.2729072570801 23.2767887115479 23.2836227416992 23.3054790496826 23.3551063537598 23.4717922210693 23.6400146484375 23.8789901733398 24.0945701599121 24.2910060882568 24.4650211334229 24.6284160614014 24.7689170837402 24.9039459228516 25.0160388946533 25.1263465881348 25.2335662841797 25.3420162200928 25.4556102752686 25.5613422393799 25.6504764556885 25.7333450317383 25.8085536956787 25.8763217926025 25.9386711120605 26.0218238830566 26.1135940551758 26.1744918823242 26.2293224334717 26.261999130249 26.2932186126709 26.3182010650635 26.3377437591553 26.3381614685059 26.331750869751 26.3126583099365 26.2764091491699 26.221471786499 26.1340427398682 26.0255889892578 25.8610172271729 25.6762847900391 25.4688472747803
23.2974395751953 23.2939872741699 23.3055324554443 23.3259334564209 23.3472461700439 23.3687267303467 23.3968944549561 23.4590950012207 23.5471706390381 23.6977348327637 23.8683471679688 24.0664863586426 24.2423076629639 24.3998718261719 24.5471458435059 24.6895446777344 24.8217811584473 24.9515895843506 25.0632362365723 25.1738147735596 25.2869987487793 25.4002323150635 25.5136680603027 25.6198272705078 25.7106246948242 25.7975559234619 25.879768371582 25.9543704986572 26.0234317779541 26.1118621826172 26.2083129882812 26.2763996124268 26.3389091491699 26.3726215362549 26.4036102294922 26.4184188842773 26.4292984008789 26.426362991333 26.41916847229 26.4040603637695 26.3766822814941 26.3359355926514 26.2716426849365 26.1921138763428 26.0515747070312 25.8891220092773 25.681640625
23.3274745941162 23.341344833374 23.3677921295166 23.3987483978271 23.430477142334 23.4706439971924 23.5216884613037 23.6280670166016 23.756555557251 23.9384307861328 24.1046924591064 24.2495174407959 24.3817348480225 24.5036354064941 24.6251258850098 24.7464218139648 24.8705215454102 24.9952926635742 25.1061305999756 25.2166080474854 25.3357410430908 25.4533996582031 25.5648918151855 25.6700325012207 25.7617588043213 25.8532009124756 25.9442920684814 26.0273895263672 26.1046619415283 26.1968212127686 26.2951431274414 26.3699150085449 26.440055847168 26.4723052978516 26.500659942627 26.5046691894531 26.5064010620117 26.5001201629639 26.4919700622559 26.4803504943848 26.4620037078857 26.4363307952881 26.3973731994629 26.349817276001 26.2384262084961 26.1041049957275 25.8947982788086
23.4024505615234 23.4298820495605 23.4649314880371 23.5018520355225 23.54026222229 23.6136989593506 23.6977710723877 23.8359432220459 23.9781589508057 24.1301364898682 24.2630786895752 24.3698921203613 24.4723587036133 24.571268081665 24.6761627197266 24.7838916778564 24.8995094299316 25.0170116424561 25.1266040802002 25.2363128662109 25.3556461334229 25.4736518859863 25.5860996246338 25.6966724395752 25.8032817840576 25.9070529937744 26.0073528289795 26.1028308868408 26.1947975158691 26.2887306213379 26.3834781646729 26.4504261016846 26.5119113922119 26.5311813354492 26.5469455718994 26.5437164306641 26.5391368865967 26.5298137664795 26.5198268890381 26.5086078643799 26.4946193695068 26.4776172637939 26.4505100250244 26.4168663024902 26.3374099731445 26.2414970397949 26.0545234680176
23.4832038879395 23.523120880127 23.5657005310059 23.6076068878174 23.6517143249512 23.7570476531982 23.872501373291 24.0394344329834 24.1925983428955 24.3125114440918 24.4121398925781 24.4839248657227 24.5588321685791 24.6362934112549 24.7253437042236 24.8198795318604 24.9268169403076 25.0367183685303 25.1449661254883 25.253812789917 25.373010635376 25.491189956665 25.605110168457 25.7216262817383 25.8436145782471 25.9602394104004 26.0703086853027 26.1779937744141 26.2839431762695 26.3790588378906 26.4696884155273 26.527759552002 26.5794296264648 26.5854339599609 26.5883769989014 26.5779342651367 26.5670566558838 26.5546550750732 26.5428142547607 26.532018661499 26.5221099853516 26.513162612915 26.4967632293701 26.4755401611328 26.4264965057373 26.3674602508545 26.2049961090088
23.6041526794434 23.6468486785889 23.6885242462158 23.7271766662598 23.7682819366455 23.8838882446289 24.0083065032959 24.177562713623 24.3247756958008 24.4187602996826 24.4989585876465 24.560230255127 24.6243438720703 24.6907844543457 24.7675952911377 24.8493213653564 24.9456386566162 25.0454406738281 25.1515502929688 25.2588424682617 25.3770351409912 25.4954872131348 25.6150245666504 25.7398548126221 25.875862121582 26.0072040557861 26.1328449249268 26.2490119934082 26.3582820892334 26.4491996765137 26.5325183868408 26.5773849487305 26.6146907806396 26.6098537445068 26.6022777557373 26.5831890106201 26.5647811889648 26.548770904541 26.5353393554688 26.5266952514648 26.520092010498 26.5157089233398 26.5042381286621 26.4881839752197 26.4519920349121 26.4085655212402 26.2822971343994
23.7368011474609 23.7843036651611 23.8275756835938 23.8626766204834 23.8998699188232 24.0161304473877 24.1401500701904 24.3036365509033 24.440788269043 24.5143547058105 24.5793952941895 24.6327247619629 24.6881141662598 24.7451877593994 24.8109970092773 24.8809471130371 24.9662761688232 25.0552787780762 25.1567306518555 25.259916305542 25.3758811950684 25.4937286376953 25.6194553375244 25.7531147003174 25.9035243988037 26.0499839782715 26.1916179656982 26.3163280487061 26.4287109375 26.5155048370361 26.5917015075684 26.6239032745361 26.6474571228027 26.6316738128662 26.6134567260742 26.5857067108154 26.5597248077393 26.5399551391602 26.5245628356934 26.5173015594482 26.5137042999268 26.5140972137451 26.5081386566162 26.498067855835 26.4735736846924 26.4438991546631 26.349536895752
23.9123592376709 23.9720973968506 24.0261325836182 24.056583404541 24.0865364074707 24.1681938171387 24.2574691772461 24.3855037689209 24.4975242614746 24.5708770751953 24.6364212036133 24.6912460327148 24.7454948425293 24.7992763519287 24.8586101531982 24.9205760955811 24.9935760498047 25.0692100524902 25.1567687988281 25.246488571167 25.35573387146 25.4697589874268 25.60378074646 25.7481536865234 25.9143714904785 26.0774173736572 26.2365913391113 26.370059967041 26.4848079681396 26.5677452087402 26.6375102996826 26.6590347290039 26.6710758209229 26.6439590454102 26.6146583557129 26.5781936645508 26.544469833374 26.5203838348389 26.5016822814941 26.4929828643799 26.4912967681885 26.4972496032715 26.4989242553711 26.4978351593018 26.4808139801025 26.4580726623535 26.3798904418945
