Ecospace-environmental-drivers/Outputs/ASCII-for-ecospace/MOM6-ISIMIP3a/tos/2003-11_tos_MOM6-ISIMIP3a.asc
NCOLS 131 
NROWS 53 
XLLCORNER -98 
YLLCORNER 23.9265270233154 
CELLSIZE 0.133587792515755 
NODATA_value -9999 
[rows 0 to 20 of 53, columns 47 to 93 of 131]
-9999 -9999 -9999 -9999 -9999 -9999 -9999 -9999 -9999 -9999 -9999 -9999 -9999 -9999 -9999 -9999 -9999 -9999 -9999 -9999 -9999 -9999 -9999 -9999 -9999 -9999 -9999 -9999 -9999 -9999 -9999 -9999 -9999 -9999 -9999 -9999 -9999 -9999 -9999 -9999 -9999 -9999 -9999 -9999 -9999 -9999 -9999
-9999 -9999 -9999 -9999 -9999 -9999 -9999 -9999 -9999 -9999 -9999 -9999 -9999 -9999 -9999 -9999 -9999 -9999 -9999 -9999 -9999 -9999 -9999 -9999 -9999 -9999 -9999 -9999 -9999 -9999 -9999 -9999 -9999 -9999 -9999 -9999 -9999 -9999 -9999 -9999 -9999 -9999 -9999 -9999 -9999 -9999 -9999
-9999 -9999 -9999 -9999 -9999 -9999 -9999 -9999 -9999 -9999 -9999 -9999 -9999 -9999 -9999 -9999 -9999 -9999 -9999 -9999 -9999 -9999 -9999 -9999 -9999 -9999 -9999 21.8286418914795 21.8550720214844 -9999 -9999 -9999 -9999 -9999 -9999 -9999 -9999 -9999 -9999 -9999 -9999 -9999 -9999 -9999 -9999 -9999 -9999
-9999 -9999 -9999 -9999 -9999 -9999 -9999 -9999 -9999 -9999 -9999 -9999 -9999 -9999 -9999 -9999 -9999 -9999 -9999 -9999 -9999 -9999 -9999 -9999 -9999 -9999 -9999 21.8220691680908 21.8324012756348 -9999 -9999 -9999 -9999 -9999 -9999 -9999 -9999 -9999 -9999 -9999 -9999 -9999 -9999 -9999 -9999 -9999 -9999
-9999 -9999 -9999 -9999 -9999 -9999 -9999 -9999 -9999 -9999 -9999 -9999 -9999 -9999 -9999 -9999 -9999 -9999 21.0237121582031 21.0576171875 21.0847415924072 21.2429656982422 21.3830280303955 21.6248111724854 21.7830047607422 21.8426723480225 21.8423690795898 21.8093318939209 21.8145084381104 21.873363494873 -9999 -9999 22.6710033416748 23.08762550354 23.4499263763428 23.7050399780273 23.8253955841064 23.8903007507324 23.8906402587891 23.8076705932617 23.5929527282715 23.2840614318848 -9999 -9999 -9999 -9999 -9999
-9999 -9999 -9999 -9999 -9999 -9999 -9999 -9999 -9999 -9999 -9999 -9999 -9999 -9999 21.0844116210938 -9999 21.0197124481201 20.965856552124 21.0038089752197 21.0237121582031 21.0643978118896 21.0847415924072 21.4011917114258 21.6631526947021 21.8100872039795 21.8757743835449 21.8421573638916 21.809175491333 21.7766609191895 21.8576889038086 21.9857406616211 22.2896556854248 22.6281414031982 23.0952110290527 23.5395259857178 23.7150402069092 23.8605537414551 23.9005928039551 23.9097537994385 23.8615741729736 23.651683807373 23.2656021118164 22.9348983764648 22.6400260925293 -9999 -9999 -9999
-9999 -9999 -9999 -9999 -9999 -9999 -9999 -9999 -9999 -9999 22.1907539367676 22.1931610107422 22.1945400238037 22.1973571777344 21.6424961090088 21.0920600891113 21.0767650604248 21.0165157318115 20.965856552124 21.0218563079834 21.0237121582031 21.0847415924072 21.4011917114258 21.6631526947021 21.8100872039795 21.8757743835449 21.8421573638916 21.809175491333 21.7766609191895 21.8576889038086 21.9857406616211 22.2896556854248 22.6281414031982 23.0952110290527 23.5395259857178 23.7150402069092 23.8605537414551 23.9005928039551 23.9097537994385 23.8615741729736 23.651683807373 23.2656021118164 22.9348983764648 22.6400260925293 22.5620975494385 22.9912452697754 -9999
-9999 -9999 -9999 -9999 -9999 -9999 -9999 -9999 -9999 -9999 22.1778507232666 22.1907539367676 22.1955680847168 -9999 22.1992092132568 21.6471500396729 21.1073551177979 21.0767650604248 21.0069255828857 20.965856552124 21.076000213623 21.2572231292725 21.7359256744385 22.1404056549072 22.3881950378418 22.5155448913574 22.4956932067871 22.4849109649658 22.4807357788086 22.5795478820801 22.7210102081299 22.9914207458496 23.2871799468994 23.6193199157715 23.9349155426025 24.075740814209 24.1974544525146 24.2519683837891 24.2827339172363 24.2693977355957 24.1312141418457 23.857006072998 23.576753616333 23.2925910949707 23.210542678833 23.2010936737061 22.9368782043457
-9999 -9999 -9999 -9999 -9999 -9999 -9999 -9999 -9999 -9999 -9999 -9999 -9999 -9999 22.2007598876953 22.1964836120605 21.654390335083 21.1379451751709 21.0767650604248 20.9781551361084 21.1708335876465 21.452579498291 22.1070804595947 22.6659107208252 23.0227737426758 23.2173099517822 23.213451385498 23.2277870178223 23.2553749084473 23.3729133605957 23.5277042388916 23.7594795227051 24.0063896179199 24.1904125213623 24.3647270202637 24.4669380187988 24.5619697570801 24.6317577362061 24.686092376709 24.7117290496826 24.6529121398926 24.502082824707 24.2776565551758 24.0056095123291 23.6477947235107 23.2591724395752 22.8498878479004
21.5825233459473 -9999 -9999 -9999 -9999 -9999 -9999 -9999 -9999 -9999 22.378101348877 22.1646251678467 -9999 -9999 -9999 22.2015209197998 22.1779251098633 21.677791595459 21.199125289917 21.2253570556641 21.4566650390625 21.7740917205811 22.4519233703613 23.0289726257324 23.3932552337646 23.6097679138184 23.6456775665283 23.700511932373 23.7691287994385 23.8703117370605 23.9849796295166 24.1302280426025 24.2814865112305 24.3788623809814 24.471061706543 24.5321941375732 24.5925407409668 24.6501216888428 24.7132148742676 24.7865467071533 24.7966251373291 24.7377872467041 24.5612564086914 24.308572769165 23.9258632659912 23.4964485168457 22.9746036529541
21.6250247955322 21.6312980651855 -9999 -9999 -9999 -9999 -9999 -9999 -9999 -9999 22.4990844726562 22.398458480835 22.1646251678467 -9999 -9999 22.2292594909668 22.1845512390137 22.1199626922607 21.8085536956787 21.5190925598145 21.7958908081055 22.1482791900635 22.8170223236084 23.385814666748 23.743595123291 23.9714756011963 24.0405902862549 24.1254177093506 24.2216892242432 24.3024368286133 24.3767547607422 24.4429550170898 24.5075607299805 24.5265617370605 24.5441856384277 24.5648651123047 24.5920238494873 24.6419620513916 24.7169780731201 24.838565826416 24.9156455993652 24.9442291259766 24.8230762481689 24.6050338745117 24.2188987731934 23.7723808288574 23.1802215576172
21.6250247955322 21.6438465118408 21.9914951324463 22.2257976531982 -9999 -9999 -9999 -9999 -9999 -9999 -9999 22.5280990600586 22.382230758667 22.1646251678467 22.1907539367676 22.2292594909668 22.1845512390137 22.1199626922607 22.0775756835938 22.0624237060547 22.4214973449707 22.805004119873 23.2907657623291 23.7092971801758 23.9859027862549 24.1682357788086 24.2353515625 24.293830871582 24.3460178375244 24.3844566345215 24.4172058105469 24.4444828033447 24.4706859588623 24.455696105957 24.4391860961914 24.4227619171143 24.4247608184814 24.4915409088135 24.5954456329346 24.7683010101318 24.9022178649902 24.9937114715576 24.9680652618408 24.8666248321533 24.5922031402588 24.2556457519531 23.8197917938232
21.7211227416992 21.9242839813232 22.1657085418701 22.2321395874023 -9999 -9999 -9999 -9999 22.3611640930176 22.4589195251465 22.5307464599609 22.5669746398926 22.4865741729736 22.3107509613037 22.2972431182861 22.3606224060059 22.3116321563721 22.2357959747314 22.3852767944336 22.5652084350586 22.9630126953125 23.3469352722168 23.672758102417 23.958927154541 24.1613807678223 24.3027725219727 24.3695316314697 24.4088287353516 24.4281234741211 24.4330024719238 24.4319133758545 24.4268226623535 24.4209461212158 24.3833904266357 24.3449096679688 24.30885887146 24.297492980957 24.3729190826416 24.4919395446777 24.6919212341309 24.8661708831787 25.0123825073242 25.0724639892578 25.0768165588379 24.9215888977051 24.7090358734131 24.4251880645752
22.057466506958 22.1132850646973 22.1817665100098 22.2321395874023 22.2795467376709 22.296895980835 22.3132495880127 22.3245468139648 22.3611640930176 22.4589195251465 22.5307464599609 22.5669746398926 22.5787506103516 22.5705242156982 22.6699619293213 22.8204021453857 22.7564239501953 22.6412143707275 22.7896823883057 22.9666194915771 23.2942962646484 23.601879119873 23.8253726959229 24.0239162445068 24.1697845458984 24.2817420959473 24.3522510528564 24.390287399292 24.4046726226807 24.3978595733643 24.382266998291 24.3611927032471 24.3390426635742 24.307487487793 24.2774333953857 24.2654571533203 24.2702121734619 24.3337993621826 24.4334983825684 24.6002540588379 24.7735652923584 24.9540195465088 25.0753841400146 25.1585140228271 25.1411685943604 25.0877323150635 24.9451446533203
22.5144691467285 22.4370288848877 22.3533782958984 22.3557567596436 22.3668632507324 22.375789642334 22.3870010375977 22.4098320007324 22.4579010009766 22.5669021606445 22.65110206604 22.7012538909912 22.7720584869385 22.8597583770752 22.9897403717041 23.1397476196289 23.0952339172363 23.0042419433594 23.1509590148926 23.319637298584 23.5702571868896 23.8026275634766 23.9586181640625 24.1024513244629 24.2206192016602 24.3169612884521 24.3866271972656 24.4181518554688 24.4218940734863 24.4027137756348 24.3740386962891 24.3440818786621 24.313871383667 24.2999229431152 24.2894535064697 24.3070621490479 24.3321361541748 24.3834533691406 24.4568824768066 24.5713748931885 24.7124423980713 24.8824653625488 25.0324211120605 25.1693935394287 25.2551498413086 25.3225078582764 25.2995109558105
23.1420593261719 22.9512710571289 22.7449111938477 22.654146194458 22.5776271820068 22.5662269592285 22.5650234222412 22.6156978607178 22.6914043426514 22.8275527954102 22.9416236877441 23.0253829956055 23.1083431243896 23.1906509399414 23.2346668243408 23.2605495452881 23.2842063903809 23.3073329925537 23.4512615203857 23.6042327880859 23.7680015563965 23.9267501831055 24.0644760131836 24.2001399993896 24.3314437866211 24.4317092895508 24.4940395355225 24.5116233825684 24.4966163635254 24.4641151428223 24.4243679046631 24.3955631256104 24.3689117431641 24.3889808654785 24.4138641357422 24.4688549041748 24.5201797485352 24.5586128234863 24.5959529876709 24.6312656402588 24.6958274841309 24.7922592163086 24.9245891571045 25.080150604248 25.2198314666748 25.3538093566895 25.4197673797607
23.6730422973633 23.4644966125488 23.2407836914062 23.1049995422363 22.9816455841064 22.9508609771729 22.9339561462402 22.9876651763916 23.0588264465332 23.1721267700195 23.2764949798584 23.3686046600342 23.4391174316406 23.4919586181641 23.4862670898438 23.4528503417969 23.5149097442627 23.5997829437256 23.7398109436035 23.8822956085205 24.0054130554199 24.1308841705322 24.2662124633789 24.3963794708252 24.5156517028809 24.5947246551514 24.6246643066406 24.6128349304199 24.5705814361572 24.5289764404297 24.487642288208 24.4799919128418 24.4789619445801 24.5413074493408 24.6081771850586 24.6962947845459 24.7724151611328 24.8063526153564 24.822473526001 24.8055114746094 24.803861618042 24.8188991546631 24.8922557830811 25.0033493041992 25.1427688598633 25.2923641204834 25.4178142547607
24.1226692199707 23.9768676757812 23.8245239257812 23.6842460632324 23.5484046936035 23.4990310668945 23.4636573791504 23.4995098114014 23.5390224456787 23.5873718261719 23.648717880249 23.7279052734375 23.7652492523193 23.7683563232422 23.7434864044189 23.7053642272949 23.7807579040527 23.8832721710205 24.018461227417 24.1548595428467 24.2762260437012 24.4023971557617 24.5486888885498 24.6756134033203 24.7616539001465 24.7983818054199 24.7748394012451 24.7205657958984 24.6439075469971 24.5967540740967 24.5618190765381 24.5921611785889 24.6353378295898 24.7469158172607 24.8613548278809 24.9790172576904 25.078706741333 25.1152114868164 25.1226348876953 25.0760536193848 25.0168647766113 24.9439353942871 24.9234981536865 24.9370231628418 25.0305519104004 25.1528186798096 25.3129463195801
24.5046939849854 24.399435043335 24.2897872924805 24.1723155975342 24.0562038421631 23.9984378814697 23.9506969451904 23.9539661407471 23.9543609619141 23.9478206634521 23.9620399475098 24.0047569274902 24.0081081390381 23.9792518615723 23.9625968933105 23.9517230987549 24.0589370727539 24.1943683624268 24.34521484375 24.4956455230713 24.6245956420898 24.7546195983887 24.8891410827637 24.9884586334229 25.0134525299072 24.9882411956787 24.9016647338867 24.8059577941895 24.7035980224609 24.6671123504639 24.6579074859619 24.728479385376 24.814733505249 24.9560127258301 25.098669052124 25.2348957061768 25.3517780303955 25.4006404876709 25.4149990081787 25.3652744293213 25.2896900177002 25.1859302520752 25.1065921783447 25.0430583953857 25.0570411682129 25.0988712310791 25.2290267944336
24.8536338806152 24.7780532836914 24.6970729827881 24.6157684326172 24.5351505279541 24.4739799499512 24.4168586730957 24.3803367614746 24.3379611968994 24.2814559936523 24.2465381622314 24.2412605285645 24.2102165222168 24.1580905914307 24.1630592346191 24.1950721740723 24.3431549072266 24.518970489502 24.6955089569092 24.869815826416 25.0109195709229 25.1463394165039 25.2579669952393 25.3177528381348 25.2680892944336 25.1713466644287 25.0170669555664 24.8804187774658 24.7566146850586 24.738733291626 24.7647190093994 24.8766136169434 25.0053958892822 25.1668148040771 25.328218460083 25.4776382446289 25.6085891723633 25.6746044158936 25.7035446166992 25.6636333465576 25.5917911529541 25.4851589202881 25.3639984130859 25.2334384918213 25.1514110565186 25.0868148803711 25.1553554534912
25.1033058166504 25.0465679168701 24.9814472198486 24.9137592315674 24.8459415435791 24.7817401885986 24.7169437408447 24.649112701416 24.5799789428711 24.5076999664307 24.4546432495117 24.427978515625 24.3961372375488 24.3600635528564 24.4044132232666 24.4868545532227 24.6605701446533 24.8560943603516 25.0314426422119 25.2019329071045 25.3218822479248 25.4348945617676 25.5188732147217 25.5504322052002 25.4713287353516 25.3396148681641 25.1436004638672 24.9767532348633 24.8311519622803 24.8156108856201 24.8539333343506 24.9776973724365 25.118257522583 25.2848930358887 25.4527130126953 25.6226997375488 25.7755031585693 25.8678894042969 25.9233837127686 25.9103698730469 25.8632717132568 25.7790393829346 25.6644554138184 25.5302333831787 25.4055995941162 25.2844104766846 25.2548999786377
