Ecospace-environmental-drivers/Outputs/ASCII-for-ecospace/MOM6-ISIMIP3a/tos/2003-10_tos_MOM6-ISIMIP3a.asc
NCOLS 131 
NROWS 53 
XLLCORNER -98 
YLLCORNER 23.9265270233154 
CELLSIZE 0.133587792515755 
NODATA_value -9999 
[rows 21 to 41 of 53, columns 0 to 46 of 131]
-9999 -9999 -9999 -9999 -9999 -9999 27.1203308105469 27.1069564819336 27.0672626495361 27.0032043457031 26.8796463012695 26.7282085418701 26.7373161315918 26.7644443511963 26.7838668823242 26.7943935394287 26.7810802459717 26.7513961791992 26.7193775177002 26.6864566802979 26.6526260375977 26.6186332702637 26.5936851501465 26.5698280334473 26.553394317627 26.538459777832 26.5283813476562 26.520601272583 26.5168323516846 26.5116100311279 26.5048885345459 26.4993381500244 26.4944972991943 26.4865608215332 26.4775905609131 26.4894466400146 26.5041561126709 26.5153121948242 26.5241889953613 26.5185546875 26.5100708007812 26.4936504364014 26.4686603546143 26.4304294586182 26.3982601165771 26.3716564178467 26.3485069274902
-9999 -9999 -9999 -9999 -9999 -9999 27.1223125457764 27.1203308105469 27.0935802459717 27.0519371032715 27.0032043457031 26.9075241088867 26.8425159454346 26.8381996154785 26.8273983001709 26.8091087341309 26.7842197418213 26.7547988891602 26.7242374420166 26.6932353973389 26.6577587127686 26.6214942932129 26.5993881225586 26.5788917541504 26.5692119598389 26.5611724853516 26.5584468841553 26.5574245452881 26.5593776702881 26.5615901947021 26.5640678405762 26.5635623931885 26.561243057251 26.558277130127 26.5550975799561 26.5635185241699 26.5735397338867 26.5828609466553 26.5914440155029 26.5953216552734 26.5984554290771 26.5995082855225 26.5881538391113 26.5576248168945 26.5234508514404 26.485933303833 26.4541320800781
-9999 -9999 -9999 -9999 27.128568649292 27.1267204284668 27.1245346069336 27.1220722198486 27.1203308105469 27.0668296813965 27.0173835754395 26.9834594726562 26.9455680847168 26.8998279571533 26.8564796447754 26.8158893585205 26.7832107543945 26.7559661865234 26.7281455993652 26.700101852417 26.6639251708984 26.626314163208 26.60813331604 26.5920066833496 26.5894432067871 26.5884456634521 26.5925254821777 26.5977420806885 26.604944229126 26.6141738891602 26.6254920959473 26.6295261383057 26.6291236877441 26.6308860778809 26.6333694458008 26.6379776000977 26.6428928375244 26.6496067047119 26.6571063995361 26.6696090698242 26.6837062835693 26.7022438049316 26.7048053741455 26.6826763153076 26.6470260620117 26.5989665985107 26.559211730957
-9999 -9999 -9999 -9999 27.1322269439697 27.1307945251465 27.1289081573486 27.1245346069336 27.1213512420654 27.0808238983154 27.0378570556641 26.9855499267578 26.9355697631836 26.890193939209 26.8515758514404 26.8207569122314 26.7936916351318 26.7692050933838 26.751049041748 26.7353401184082 26.7059783935547 26.6742076873779 26.6614894866943 26.6513442993164 26.6591415405273 26.6654644012451 26.6669940948486 26.6720180511475 26.6831321716309 26.6949043273926 26.7073535919189 26.7116584777832 26.7110004425049 26.7143268585205 26.7189826965332 26.7203330993652 26.7212543487549 26.7258052825928 26.7309627532959 26.7399768829346 26.7529277801514 26.7768402099609 26.7850646972656 26.7690391540527 26.7348747253418 26.684061050415 26.6473770141602
-9999 -9999 -9999 -9999 -9999 27.1322269439697 27.137508392334 27.1332817077637 27.1314754486084 27.0954551696777 27.0535125732422 26.9888954162598 26.9313545227051 26.8878173828125 26.8550472259521 26.8347015380859 26.8137378692627 26.7923488616943 26.7827453613281 26.7776947021484 26.7552223205566 26.7296772003174 26.7209644317627 26.7150382995605 26.7292556762695 26.7402229309082 26.7406463623047 26.7465496063232 26.7620220184326 26.7761707305908 26.7889595031738 26.7930927276611 26.7919540405273 26.7959060668945 26.8015537261963 26.8010444641113 26.7997131347656 26.8021583557129 26.805326461792 26.8130855560303 26.8255805969238 26.8512592315674 26.8620548248291 26.8498516082764 26.817066192627 26.7653884887695 26.7323055267334
-9999 -9999 -9999 -9999 -9999 27.1522369384766 27.1322269439697 27.1599922180176 27.1815280914307 27.1128845214844 27.0480403900146 26.9977378845215 26.9524955749512 26.9172706604004 26.8952465057373 26.8884563446045 26.8757266998291 26.8589191436768 26.8529891967773 26.851261138916 26.836009979248 26.8183708190918 26.8072681427002 26.7978401184082 26.8011932373047 26.805082321167 26.8107070922852 26.8222160339355 26.8439884185791 26.8597927093506 26.8694515228271 26.8714790344238 26.8688545227051 26.869312286377 26.8707981109619 26.8745574951172 26.878604888916 26.8791923522949 26.8819141387939 26.8982162475586 26.9132785797119 26.9248905181885 26.9247150421143 26.9063243865967 26.8744506835938 26.8301982879639 26.8030414581299
-9999 -9999 27.1902561187744 27.187141418457 27.185525894165 27.172269821167 27.1522121429443 27.1896705627441 27.2200126647949 27.1313934326172 27.0536136627197 27.01731300354 26.9856605529785 26.9632015228271 26.9509925842285 26.950611114502 26.9435558319092 26.9319171905518 26.9283657073975 26.9279365539551 26.9186992645264 26.9079074859619 26.893985748291 26.8807621002197 26.8739261627197 26.8707065582275 26.8792095184326 26.8940544128418 26.9199619293213 26.936731338501 26.944091796875 26.9442043304443 26.9399032592773 26.9378051757812 26.9364433288574 26.941987991333 26.9484558105469 26.9506816864014 26.9553260803223 26.9753837585449 26.9905242919922 26.9919757843018 26.9833507537842 26.9591503143311 26.9284362792969 26.8917427062988 26.8721294403076
-9999.000000000000000 -9999 -9999 -9999 27.2036266326904 27.1987819671631 27.2109985351562 27.225830078125 27.2332592010498 27.1522655487061 27.0832901000977 27.0603103637695 27.0450572967529 27.0450859069824 27.0406589508057 27.0310897827148 27.0241241455078 27.0189456939697 27.0149459838867 27.0114002227783 27.005542755127 26.9992771148682 26.9816112518311 26.9639472961426 26.9484004974365 26.9380035400391 26.9443111419678 26.9575424194336 26.9828605651855 26.9990882873535 27.0059661865234 27.0045871734619 26.9981803894043 26.9955749511719 26.9942378997803 26.9961528778076 26.9985828399658 27.0100688934326 27.0218105316162 27.035177230835 27.0449638366699 27.0447826385498 27.0332088470459 27.0040225982666 26.9750099182129 26.9461574554443 26.9376239776611
-9999 -9999 -9999 -9999 27.225040435791 27.2398281097412 27.2418174743652 27.2488174438477 27.2502212524414 27.1829166412354 27.1268577575684 27.1138477325439 27.1108169555664 27.1275272369385 27.132417678833 27.1236667633057 27.1188678741455 27.1167812347412 27.1112079620361 27.1042919158936 27.0984077453613 27.0927066802979 27.069860458374 27.0467720031738 27.0247898101807 27.0083675384521 27.0099716186523 27.0190238952637 27.0410747528076 27.0555267333984 27.0621585845947 27.0601387023926 27.0528507232666 27.0504474639893 27.0496711730957 27.0529384613037 27.0568447113037 27.072114944458 27.0862426757812 27.0930976867676 27.096887588501 27.0921459197998 27.0784816741943 27.0510311126709 27.0296516418457 27.0138416290283 27.0188369750977
-9999 -9999 -9999 -9999 27.2381706237793 27.2365131378174 27.2344665527344 27.2552318572998 27.2718563079834 27.2258682250977 27.1879043579102 27.1806468963623 27.1845836639404 27.2106704711914 27.226806640625 27.2314643859863 27.2314453125 27.228214263916 27.2196559906006 27.209041595459 27.1988468170166 27.1887283325195 27.158899307251 27.1291446685791 27.1035900115967 27.0825862884521 27.0763320922852 27.0779762268066 27.0933990478516 27.1045150756836 27.1112003326416 27.1096134185791 27.1029834747314 27.1016731262207 27.1021347045898 27.1130199432373 27.1253433227539 27.1375026702881 27.1480903625488 27.1486625671387 27.1456489562988 27.1326541900635 27.1179866790771 27.1007308959961 27.0944423675537 27.0982208251953 27.1198253631592
-9999 -9999 -9999 -9999 27.2365131378174 27.2340354919434 27.2311267852783 27.2783584594727 27.3212871551514 27.2845840454102 27.2540664672852 27.2472229003906 27.2539577484131 27.2875633239746 27.3138103485107 27.3315658569336 27.3371429443359 27.334358215332 27.3232173919678 27.3088474273682 27.2923374176025 27.275447845459 27.2403564453125 27.2055053710938 27.1759796142578 27.1503238677979 27.1372051239014 27.1324882507324 27.1424293518066 27.149393081665 27.1532917022705 27.1532516479492 27.1508140563965 27.1539707183838 27.158992767334 27.1728839874268 27.1879386901855 27.1944465637207 27.1995105743408 27.1953907012939 27.1893501281738 27.1779689788818 27.1707649230957 27.170015335083 27.1806697845459 27.2017879486084 27.2403011322021
-9999 -9999 -9999 -9999 27.2338924407959 27.2311267852783 27.3207550048828 27.314022064209 27.3915615081787 27.3551197052002 27.3240661621094 27.3136310577393 27.3200378417969 27.3597717285156 27.3952732086182 27.4258937835693 27.4376811981201 27.4365367889404 27.4231109619141 27.4049434661865 27.3806133270264 27.3551921844482 27.316125869751 27.2773551940918 27.2435607910156 27.2131977081299 27.193962097168 27.1836719512939 27.1889915466309 27.1911849975586 27.19016456604 27.1925144195557 27.1969165802002 27.2070732116699 27.2191486358643 27.2325859069824 27.2461071014404 27.2450542449951 27.2431087493896 27.2354888916016 27.2292556762695 27.2268848419189 27.2334976196289 27.2539920806885 27.2829723358154 27.3197422027588 27.3753929138184
-9999 -9999 -9999 -9999 27.2311267852783 27.3678169250488 27.4201431274414 27.4595127105713 27.4501438140869 27.4105491638184 27.3774433135986 27.3691730499268 27.3778266906738 27.4199695587158 27.4606094360352 27.4995098114014 27.5162811279297 27.5178565979004 27.5028057098389 27.4813365936279 27.4529438018799 27.4233303070068 27.3838958740234 27.3444519042969 27.306713104248 27.27170753479 27.2455635070801 27.2286262512207 27.2277584075928 27.2265243530273 27.2249126434326 27.2319030761719 27.2441329956055 27.2583656311035 27.2732620239258 27.2844429016113 27.2950172424316 27.2928504943848 27.2909336090088 27.290620803833 27.2946472167969 27.310754776001 27.3359851837158 27.3753147125244 27.4179630279541 27.4636554718018 27.526403427124
-9999 -9999 -9999 -9999 -9999 27.4853076934814 27.4992408752441 27.4868927001953 27.5037136077881 27.4595012664795 27.4236946105957 27.4200553894043 27.4320621490479 27.4750232696533 27.5190315246582 27.5642490386963 27.5854797363281 27.5902366638184 27.5738430023193 27.5492839813232 27.5184421539307 27.4864921569824 27.4482383728027 27.4095096588135 27.3679695129395 27.3283500671387 27.2949562072754 27.2709140777588 27.2631855010986 27.2590961456299 27.2587490081787 27.2713470458984 27.2918262481689 27.3088779449463 27.3247871398926 27.3329372406006 27.3399600982666 27.3394393920898 27.3405685424805 27.3521938323975 27.3709602355957 27.4096050262451 27.4555110931396 27.5126438140869 27.5669612884521 27.6186943054199 27.6842346191406
-9999 -9999 -9999 -9999 -9999 27.5401763916016 27.5365409851074 27.5513191223145 27.5459136962891 27.5037117004395 27.4695739746094 27.4663124084473 27.4782276153564 27.520170211792 27.5633983612061 27.6081085205078 27.6311283111572 27.6392478942871 27.6255168914795 27.603343963623 27.5762557983398 27.5482978820801 27.5122451782227 27.475471496582 27.4341678619385 27.3926639556885 27.3505096435547 27.3175067901611 27.3004741668701 27.2933826446533 27.2965221405029 27.3126239776611 27.3366203308105 27.3541584014893 27.3695430755615 27.3784599304199 27.3864784240723 27.3937473297119 27.4038639068604 27.4320964813232 27.4673519134521 27.5221614837646 27.5809803009033 27.6459999084473 27.7054691314697 27.7598438262939 27.8193473815918
-9999 -9999 -9999 -9999 -9999 27.5848369598389 27.5847492218018 27.5714111328125 27.5857620239258 27.5469379425049 27.5153770446777 27.5116119384766 27.5227222442627 27.5632667541504 27.6048545837402 27.647647857666 27.6719036102295 27.6834259033203 27.6731815338135 27.6545333862305 27.6324787139893 27.6098213195801 27.5761833190918 27.5416221618652 27.5013904571533 27.4585647583008 27.4073352813721 27.364990234375 27.3381462097168 27.3280258178711 27.3351097106934 27.3542804718018 27.3808116912842 27.3983535766602 27.4128971099854 27.4233684539795 27.4333229064941 27.4496536254883 27.4699840545654 27.5157909393311 27.5678997039795 27.6375541687012 27.7076778411865 27.7785320281982 27.8418045043945 27.898120880127 27.9497604370117
-9999 -9999 -9999 -9999 -9999 -9999 27.6332225799561 27.6315155029297 27.6287860870361 27.5882263183594 27.5553970336914 27.5521450042725 27.561616897583 27.5962715148926 27.6325798034668 27.6707973480225 27.6969203948975 27.7147369384766 27.7153129577637 27.7092304229736 27.6953125 27.6800117492676 27.652853012085 27.6241264343262 27.5844879150391 27.541482925415 27.4875679016113 27.4384136199951 27.3975696563721 27.3777256011963 27.379487991333 27.3961162567139 27.4218044281006 27.4398593902588 27.4553699493408 27.4693470001221 27.4831809997559 27.5067100524902 27.5338001251221 27.5835704803467 27.638277053833 27.7067203521729 27.7750988006592 27.8433723449707 27.9041748046875 27.9581203460693 28.0030574798584
-9999 -9999 -9999 -9999 -9999 -9999 27.683443069458 27.696741104126 27.672571182251 27.6307640075684 27.5969581604004 27.593770980835 27.6012134552002 27.6296882629395 27.6603813171387 27.6936378479004 27.7212162017822 27.74489402771 27.7561149597168 27.762523651123 27.7566814422607 27.7486801147461 27.7284183502197 27.7059898376465 27.667724609375 27.6253070831299 27.5694236755371 27.5140838623047 27.45969581604 27.4298305511475 27.425199508667 27.4386920928955 27.4632225036621 27.4816722869873 27.4980945587158 27.5154628753662 27.5330486297607 27.562915802002 27.5958156585693 27.6480159759521 27.7038459777832 27.7697772979736 27.8352832794189 27.9001350402832 27.9577445983887 28.0087032318115 28.0472049713135
-9999 -9999 -9999 -9999 -9999 -9999 27.7437324523926 27.7220726013184 27.722972869873 27.6875457763672 27.6577205657959 27.6493396759033 27.6509456634521 27.6723117828369 27.69557762146 27.7210388183594 27.7453575134277 27.7688961029053 27.7853775024414 27.7991371154785 27.799259185791 27.7969760894775 27.7861156463623 27.7732124328613 27.7448711395264 27.7106590270996 27.6574192047119 27.6013298034668 27.5402679443359 27.5004177093506 27.4823970794678 27.4890441894531 27.5107192993164 27.5280475616455 27.5439300537109 27.5625400543213 27.5815925598145 27.6095008850098 27.6396999359131 27.6844997406006 27.7325630187988 27.7897148132324 27.8466014862061 27.9030799865723 27.9527645111084 27.9962139129639 28.0305919647217
-9999 -9999 -9999 -9999 -9999 27.8528118133545 27.8047752380371 27.812385559082 27.7707099914551 27.7393398284912 27.7120494842529 27.7003707885742 27.6983528137207 27.7154502868652 27.7335147857666 27.7526950836182 27.7741584777832 27.797191619873 27.8170871734619 27.8357734680176 27.8402347564697 27.8421840667725 27.8385276794434 27.8330783843994 27.8137130737305 27.7876377105713 27.7398090362549 27.6855640411377 27.6201171875 27.5722179412842 27.5423736572266 27.5421752929688 27.5600357055664 27.5760135650635 27.5913639068604 27.6105766296387 27.6303596496582 27.6553230285645 27.68190574646 27.7187976837158 27.758472442627 27.8059024810791 27.8532257080078 27.900390625 27.9420375823975 27.9786243438721 28.010404586792
-9999 -9999 -9999 -9999 27.8060703277588 27.8418064117432 27.8528118133545 27.8318347930908 27.8086738586426 27.7728519439697 27.7427864074707 27.7347621917725 27.7372341156006 27.7604732513428 27.7814979553223 27.7999610900879 27.8200435638428 27.8412342071533 27.8577651977539 27.8724937438965 27.8753318786621 27.876070022583 27.8715667724609 27.8659591674805 27.8521041870117 27.8339080810547 27.8016376495361 27.7587451934814 27.6973133087158 27.6484603881836 27.612548828125 27.6054992675781 27.6160316467285 27.6298084259033 27.6446647644043 27.6621227264404 27.6799449920654 27.6983585357666 27.7179546356201 27.745080947876 27.7740879058838 27.8083343505859 27.8426418304443 27.8770484924316 27.9102458953857 27.9423332214355 27.9771194458008
