Ecospace-environmental-drivers/Outputs/ASCII-for-ecospace/MOM6-ISIMIP3a/tos/2004-08_tos_MOM6-ISIMIP3a.asc
NCOLS 131 
NROWS 53 
XLLCORNER -98 
YLLCORNER 23.9265270233154 
CELLSIZE 0.133587792515755 
NODATA_value -9999 
[rows 0 to 20 of 53, columns 47 to 93 of 131]
-9999 -9999 -9999 -9999 -9999 -9999 -9999 -9999 -9999 -9999 -9999 -9999 -9999 -9999 -9999 -9999 -9999 -9999 -9999 -9999 -9999 -9999 -9999 -9999 -9999 -9999 -9999 -9999 -9999 -9999 -9999 -9999 -9999 -9999 -9999 -9999 -9999 -9999 -9999 -9999 -9999 -9999 -9999 -9999 -9999 -9999 -9999
-9999 -9999 -9999 -9999 -9999 -9999 -9999 -9999 -9999 -9999 -9999 -9999 -9999 -9999 -9999 -9999 -9999 -9999 -9999 -9999 -9999 -9999 -9999 -9999 -9999 -9999 -9999 -9999 -9999 -9999 -9999 -9999 -9999 -9999 -9999 -9999 -9999 -9999 -9999 -9999 -9999 -9999 -9999 -9999 -9999 -9999 -9999
-9999 -9999 -9999 -9999 -9999 -9999 -9999 -9999 -9999 -9999 -9999 -9999 -9999 -9999 -9999 -9999 -9999 -9999 -9999 -9999 -9999 -9999 -9999 -9999 -9999 -9999 -9999 29.260555267334 29.2438068389893 -9999 -9999 -9999 -9999 -9999 -9999 -9999 -9999 -9999 -9999 -9999 -9999 -9999 -9999 -9999 -9999 -9999 -9999
-9999 -9999 -9999 -9999 -9999 -9999 -9999 -9999 -9999 -9999 -9999 -9999 -9999 -9999 -9999 -9999 -9999 -9999 -9999 -9999 -9999 -9999 -9999 -9999 -9999 -9999 -9999 29.2607727050781 29.2458820343018 -9999 -9999 -9999 -9999 -9999 -9999 -9999 -9999 -9999 -9999 -9999 -9999 -9999 -9999 -9999 -9999 -9999 -9999
-9999 -9999 -9999 -9999 -9999 -9999 -9999 -9999 -9999 -9999 -9999 -9999 -9999 -9999 -9999 -9999 -9999 -9999 29.6550006866455 29.6386432647705 29.6255569458008 29.5492248535156 29.4847373962402 29.380765914917 29.3180923461914 29.2903156280518 29.2729148864746 29.2617969512939 29.2476081848145 29.2282390594482 -9999 -9999 29.1284561157227 29.1065673828125 29.106164932251 29.1176013946533 29.1421737670898 29.1686782836914 29.193567276001 29.2263298034668 29.2817268371582 29.3896808624268 -9999 -9999 -9999 -9999 -9999
-9999 -9999 -9999 -9999 -9999 -9999 -9999 -9999 -9999 -9999 -9999 -9999 -9999 -9999 29.9526481628418 -9999 29.9298725128174 29.9104900360107 29.7791328430176 29.6550006866455 29.6353721618652 29.6255569458008 29.4728927612305 29.3557605743408 29.3136425018311 29.284875869751 29.2724266052246 29.2614421844482 29.251522064209 29.2298603057861 29.2033348083496 29.1621341705322 29.1180477142334 29.105188369751 29.0964641571045 29.1168403625488 29.139497756958 29.1701812744141 29.1963577270508 29.2141628265381 29.2684688568115 29.362548828125 29.5380229949951 29.7661666870117 -9999 -9999 -9999
-9999 -9999 -9999 -9999 -9999 -9999 -9999 -9999 -9999 -9999 30.2144680023193 30.2161235809326 30.2169818878174 30.2184410095215 30.0856170654297 29.9545860290527 29.9507083892822 29.9284191131592 29.9104900360107 29.7719078063965 29.6550006866455 29.6255569458008 29.4728927612305 29.3557605743408 29.3136425018311 29.284875869751 29.2724266052246 29.2614421844482 29.251522064209 29.2298603057861 29.2033348083496 29.1621341705322 29.1180477142334 29.105188369751 29.0964641571045 29.1168403625488 29.139497756958 29.1701812744141 29.1963577270508 29.2141628265381 29.2684688568115 29.362548828125 29.5380229949951 29.7661666870117 29.8264598846436 29.9062519073486 -9999
-9999 -9999 -9999 -9999 -9999 -9999 -9999 -9999 -9999 -9999 30.2055912017822 30.2144680023193 30.2177791595459 -9999 30.2188453674316 30.0852508544922 29.9584636688232 29.9507083892822 29.9240589141846 29.9104900360107 29.7502326965332 29.5956039428711 29.4645366668701 29.3644676208496 29.3298397064209 29.3048667907715 29.2916946411133 29.2779788970947 29.2638683319092 29.2391967773438 29.2101497650146 29.1783294677734 29.1459655761719 29.1373691558838 29.1322002410889 29.1519184112549 29.174825668335 29.2089538574219 29.2366714477539 29.2524871826172 29.2906703948975 29.3532218933105 29.4817905426025 29.6530723571777 29.8458786010742 30.0464172363281 30.1179943084717
-9999 -9999 -9999 -9999 -9999 -9999 -9999 -9999 -9999 -9999 -9999 -9999 -9999 -9999 30.2205276489258 30.2149181365967 30.0816383361816 29.9662208557129 29.9507083892822 29.9109783172607 29.7307262420654 29.5644912719727 29.4569110870361 29.3754196166992 29.3490028381348 29.3283672332764 29.3147983551025 29.2983951568604 29.2799263000488 29.2522239685059 29.2206935882568 29.1990795135498 29.1794147491455 29.175199508667 29.1736297607422 29.1923046112061 29.2151927947998 29.252893447876 29.282262802124 29.2961578369141 29.3169059753418 29.3451232910156 29.4221801757812 29.5308380126953 29.7596683502197 30.0316677093506 30.1499004364014
30.227388381958 -9999 -9999 -9999 -9999 -9999 -9999 -9999 -9999 -9999 30.2449989318848 30.1964931488037 -9999 -9999 -9999 30.2194042205811 30.1976356506348 30.0742206573486 29.9817314147949 29.9723148345947 29.7810554504395 29.6071262359619 29.5057353973389 29.4298496246338 29.4078063964844 29.395658493042 29.3956069946289 29.3882503509521 29.3755741119385 29.355489730835 29.3323364257812 29.3134670257568 29.2954406738281 29.2835350036621 29.2735958099365 29.2806701660156 29.2934131622314 29.3260917663574 29.354959487915 29.3767509460449 29.3964862823486 29.4139842987061 29.4602394104004 29.5251026153564 29.6796607971191 29.8664398193359 30.0547561645508
30.2951240539551 30.3051223754883 -9999 -9999 -9999 -9999 -9999 -9999 -9999 -9999 30.2408981323242 30.1654777526855 30.1964931488037 -9999 -9999 30.2409591674805 30.2027854919434 30.1491603851318 30.0867214202881 30.0151634216309 29.8197193145752 29.6440258026123 29.5509834289551 29.4819583892822 29.4636287689209 29.4587707519531 29.4703731536865 29.4712829589844 29.4644050598145 29.4519462585449 29.4371757507324 29.4219646453857 29.4066677093506 29.3887786865234 29.3720798492432 29.3679447174072 29.3704872131348 29.396505355835 29.4233493804932 29.451732635498 29.4708137512207 29.4797649383545 29.4990425109863 29.5250034332275 29.613094329834 29.7235050201416 29.9566249847412
30.2951240539551 30.3251209259033 30.5489616394043 30.7341976165771 -9999 -9999 -9999 -9999 -9999 -9999 -9999 30.1212768554688 30.1211585998535 30.1964931488037 30.2144680023193 30.2409591674805 30.2027854919434 30.1491603851318 30.0575160980225 29.9588394165039 29.7958221435547 29.6501483917236 29.5770587921143 29.5216274261475 29.5034713745117 29.4994525909424 29.512716293335 29.5177059173584 29.5166702270508 29.5118827819824 29.5055389404297 29.4988822937012 29.4921607971191 29.4774475097656 29.4626045227051 29.4493713378906 29.4414100646973 29.4519863128662 29.4686508178711 29.4966239929199 29.5169715881348 29.5290126800537 29.5418281555176 29.5551452636719 29.6186332702637 29.7001438140869 29.8424701690674
30.3060455322266 30.4753665924072 30.6566944122314 30.7386646270752 -9999 -9999 -9999 -9999 30.5510406494141 30.3712100982666 30.2130603790283 30.0846710205078 30.0660991668701 30.1373748779297 30.1769485473633 30.2015037536621 30.1729183197021 30.1316337585449 30.0282611846924 29.9188690185547 29.7839260101318 29.6643562316895 29.6091251373291 29.5663013458252 29.5496692657471 29.5454406738281 29.5563716888428 29.5605773925781 29.559886932373 29.557430267334 29.5542449951172 29.5532150268555 29.5526084899902 29.5419616699219 29.5302314758301 29.5115718841553 29.4969539642334 29.4965534210205 29.5056552886963 29.5324001312256 29.5529232025146 29.5666656494141 29.5722312927246 29.5725040435791 29.6116313934326 29.6647167205811 29.7354278564453
30.344274520874 30.4939022064209 30.6582679748535 30.7386646270752 30.8072319030762 30.7885570526123 30.7580909729004 30.6676559448242 30.5510406494141 30.3712100982666 30.2130603790283 30.0846710205078 30.0288543701172 30.0324115753174 30.0456256866455 30.0634136199951 30.0683822631836 30.0702857971191 29.9988784790039 29.9197807312012 29.8020305633545 29.6987724304199 29.6561622619629 29.6234836578369 29.6117630004883 29.6046924591064 29.603307723999 29.5945701599121 29.5804805755615 29.5670108795166 29.5538005828857 29.5510883331299 29.5504398345947 29.5460815429688 29.5406169891357 29.5257053375244 29.5140495300293 29.5138359069824 29.5219135284424 29.545389175415 29.5633583068848 29.5753288269043 29.5716724395752 29.5579032897949 29.573278427124 29.59912109375 29.6461639404297
30.317512512207 30.4430103302002 30.5841636657715 30.6495876312256 30.7041606903076 30.6750202178955 30.6347064971924 30.537540435791 30.422981262207 30.2664260864258 30.1317520141602 30.0271167755127 29.9620304107666 29.9293003082275 29.9230079650879 29.9292373657227 29.9519805908203 29.9786701202393 29.9372386932373 29.8885402679443 29.8021812438965 29.726131439209 29.6932334899902 29.6668434143066 29.6541900634766 29.6424045562744 29.6316776275635 29.6142845153809 29.5920372009277 29.5708026885986 29.5499897003174 29.5438270568848 29.5405464172363 29.539234161377 29.5372104644775 29.5275135040283 29.5206623077393 29.523811340332 29.5337867736816 29.5564422607422 29.5727844238281 29.5822505950928 29.5714282989502 29.547477722168 29.5460605621338 29.5527381896973 29.5811500549316
30.1988658905029 30.2939567565918 30.4030628204346 30.4345760345459 30.4553623199463 30.4009666442871 30.3368740081787 30.223461151123 30.1138687133789 30.0134963989258 29.9354915618896 29.8881893157959 29.853385925293 29.8288097381592 29.8126983642578 29.8005981445312 29.8188056945801 29.8442573547363 29.8299884796143 29.8118419647217 29.7769470214844 29.7435188293457 29.7162132263184 29.6906623840332 29.668815612793 29.6496620178223 29.6338024139404 29.6138134002686 29.5908164978027 29.5664100646973 29.5414161682129 29.5293083190918 29.5197315216064 29.516881942749 29.5142993927002 29.5118961334229 29.5124588012695 29.5234565734863 29.5394592285156 29.5647563934326 29.5807838439941 29.586706161499 29.5716247558594 29.5429515838623 29.5345878601074 29.533519744873 29.5504245758057
30.0729789733887 30.1334133148193 30.2032070159912 30.2132263183594 30.2150440216064 30.1606178283691 30.0999851226807 30.0077819824219 29.9270133972168 29.8738594055176 29.8354244232178 29.8171977996826 29.7997760772705 29.7830104827881 29.765567779541 29.747802734375 29.7594604492188 29.7781467437744 29.7732543945312 29.7662906646729 29.7527389526367 29.7370128631592 29.7121849060059 29.6869144439697 29.6607131958008 29.6382503509521 29.6203575134277 29.6001319885254 29.5782089233398 29.5542755126953 29.5295104980469 29.5163249969482 29.5054130554199 29.5033721923828 29.5022430419922 29.5068130493164 29.5142135620117 29.5315628051758 29.5517139434814 29.5770702362061 29.5916309356689 29.5944309234619 29.5768241882324 29.5460147857666 29.532247543335 29.524600982666 29.532600402832
29.9409961700439 29.963191986084 29.9875545501709 29.986536026001 29.9818630218506 29.9486541748047 29.914421081543 29.8749656677246 29.8431167602539 29.8296279907227 29.8163661956787 29.8034191131592 29.7925090789795 29.7832698822021 29.7716407775879 29.7588787078857 29.7622852325439 29.7695560455322 29.7590618133545 29.7469711303711 29.7293930053711 29.7103881835938 29.6854114532471 29.6599521636963 29.6334743499756 29.611120223999 29.5938034057617 29.5753288269043 29.5560092926025 29.5356254577637 29.514799118042 29.5046367645264 29.4965667724609 29.4973087310791 29.499324798584 29.5106048583984 29.5243549346924 29.5467929840088 29.5695114135742 29.5927505493164 29.6048793792725 29.604907989502 29.5862369537354 29.5554656982422 29.5375938415527 29.5243549346924 29.5256404876709
29.8764915466309 29.8858451843262 29.8949317932129 29.8938388824463 29.8911685943604 29.8739814758301 29.8572578430176 29.8428955078125 29.8334465026855 29.8358592987061 29.8351554870605 29.8301773071289 29.8269939422607 29.8252811431885 29.8199291229248 29.8128547668457 29.8126068115234 29.8139915466309 29.7965717315674 29.7770156860352 29.7451820373535 29.7127552032471 29.6778392791748 29.6446800231934 29.6152324676514 29.591365814209 29.5743160247803 29.5584754943848 29.5435161590576 29.5298614501953 29.5167465209961 29.5121002197266 29.5091190338135 29.5140476226807 29.5201358795166 29.5346870422363 29.5509490966797 29.5732307434082 29.5940837860107 29.6122894287109 29.6208343505859 29.6188526153564 29.6010513305664 29.5730133056641 29.5537033081055 29.5375289916992 29.5324382781982
29.8450088500977 29.8539505004883 29.862512588501 29.8667144775391 29.8702030181885 29.8664932250977 29.8629322052002 29.86012840271 29.8601016998291 29.8667850494385 29.8724670410156 29.8767757415771 29.8819122314453 29.8877239227295 29.8888778686523 29.8878231048584 29.886173248291 29.8843784332275 29.8593845367432 29.8312187194824 29.7801246643066 29.7293071746826 29.6796607971191 29.6351280212402 29.6013946533203 29.5752201080322 29.5582847595215 29.5455131530762 29.5357723236084 29.530403137207 29.5268440246582 29.528938293457 29.5321426391602 29.5419445037842 29.5525569915771 29.5686988830566 29.5855941772461 29.6051502227783 29.6219711303711 29.6337184906006 29.6381130218506 29.6344966888428 29.6185131072998 29.5945262908936 29.5750827789307 29.5572719573975 29.545970916748
29.8712100982666 29.8821125030518 29.8928394317627 29.902795791626 29.9124393463135 29.9158153533936 29.9186954498291 29.9190559387207 29.9208564758301 29.9261341094971 29.9321784973145 29.9392776489258 29.9459209442139 29.9521903991699 29.9529247283936 29.9510364532471 29.9442653656006 29.9363288879395 29.9046936035156 29.8695526123047 29.8070545196533 29.7454700469971 29.6877059936523 29.6368179321289 29.6004467010498 29.5733585357666 29.5576152801514 29.5491180419922 29.5458984375 29.5461845397949 29.5479259490967 29.5527114868164 29.5580940246582 29.5692863464355 29.5809211730957 29.5947895050049 29.6089477539062 29.624116897583 29.6361045837402 29.6421794891357 29.6434059143066 29.6393489837646 29.6267490386963 29.6086177825928 29.5927391052246 29.5776691436768 29.5642528533936
