Ecospace-environmental-drivers/Outputs/ASCII-for-ecospace/MOM6-ISIMIP3a/tos/2004-03_tos_MOM6-ISIMIP3a.asc
NCOLS 131 
NROWS 53 
XLLCORNER -98 
YLLCORNER 23.9265270233154 
CELLSIZE 0.133587792515755 
NODATA_value -9999 
[rows 21 to 41 of 53, columns 47 to 93 of 131]
20.4672336578369 20.5806636810303 20.7029895782471 20.7956886291504 20.8843402862549 20.9455394744873 21.00319480896 21.0428314208984 21.0662384033203 21.0504589080811 21.035961151123 21.0232238769531 20.9980945587158 20.9628295898438 20.9243392944336 20.8843193054199 20.8424205780029 20.8000717163086 20.8534450531006 20.9124698638916 20.9580497741699 21.0027503967285 21.0437679290771 21.1008052825928 21.1916618347168 21.2981967926025 21.4238967895508 21.5258369445801 21.6104755401611 21.6416854858398 21.6507720947266 21.5649566650391 21.4604873657227 21.3608055114746 21.2775268554688 21.3527393341064 21.4435863494873 21.5893993377686 21.6975860595703 21.7359027862549 21.7144432067871 21.627857208252 21.5520915985107 21.4833297729492 21.4633674621582 21.4609355926514 21.4444370269775
20.5876502990723 20.701452255249 20.8293361663818 20.9384117126465 21.0447616577148 21.1294403076172 21.213623046875 21.295280456543 21.354211807251 21.3582706451416 21.3423824310303 21.2991161346436 21.2545032501221 21.2087879180908 21.1784992218018 21.155517578125 21.1266403198242 21.0963535308838 21.170072555542 21.2517471313477 21.3452167510986 21.4374961853027 21.5247840881348 21.6286659240723 21.7675800323486 21.910436630249 22.0581130981445 22.1564331054688 22.2188014984131 22.209056854248 22.1694488525391 22.0683212280273 21.9551010131836 21.7909164428711 21.6414604187012 21.6543121337891 21.6937484741211 21.8266620635986 21.9300708770752 21.9786834716797 21.9761810302734 21.9179859161377 21.8593940734863 21.8005447387695 21.767749786377 21.7443141937256 21.703088760376
20.7175922393799 20.82861328125 20.9587993621826 21.083251953125 21.2066249847412 21.3167057037354 21.4292182922363 21.5541019439697 21.6506538391113 21.6788024902344 21.6649112701416 21.5933036804199 21.5316867828369 21.4782409667969 21.4589538574219 21.455846786499 21.4427356719971 21.4272346496582 21.520227432251 21.6232032775879 21.7630023956299 21.901647567749 22.0354671478271 22.1852931976318 22.3689117431641 22.5436458587646 22.70751953125 22.7974224090576 22.8334465026855 22.7791748046875 22.6875114440918 22.5714702606201 22.4506378173828 22.2262802124023 22.0145587921143 21.9637393951416 21.9500370025635 22.0668430328369 22.1621131896973 22.2173900604248 22.2314453125 22.2005844116211 22.1588497161865 22.1100807189941 22.0658092498779 22.0231533050537 21.9593276977539
20.984375 21.0695552825928 21.1752109527588 21.2993850708008 21.4259719848633 21.5665645599365 21.7076206207275 21.8510303497314 21.9772396087646 22.0619201660156 22.0995464324951 22.0725727081299 22.0465793609619 22.0213890075684 22.0302314758301 22.0551948547363 22.0841178894043 22.1139869689941 22.2196006774902 22.3332195281982 22.4876575469971 22.639196395874 22.7786045074463 22.9147491455078 23.044002532959 23.1517028808594 23.2330646514893 23.2598419189453 23.2468643188477 23.1584186553955 23.0387191772461 22.9063472747803 22.771484375 22.5708408355713 22.3788089752197 22.2947254180908 22.2469081878662 22.326602935791 22.39577293396 22.4453964233398 22.4583396911621 22.4313201904297 22.3875255584717 22.332878112793 22.2826862335205 22.2340927124023 22.1597423553467
21.2696628570557 21.3332424163818 21.4185943603516 21.5413227081299 21.6691093444824 21.8301677703857 21.9897117614746 22.1415596008301 22.2865371704102 22.4149265289307 22.4959278106689 22.5118713378906 22.5212707519531 22.5253143310547 22.5613288879395 22.6124877929688 22.6768856048584 22.7444438934326 22.8569393157959 22.9753131866455 23.1343078613281 23.2893753051758 23.4280052185059 23.548318862915 23.6299686431885 23.6802978515625 23.6923522949219 23.6676216125488 23.6160984039307 23.5038871765137 23.3665447235107 23.2237243652344 23.0798282623291 22.9055862426758 22.7364730834961 22.62841796875 22.5539608001709 22.5976276397705 22.6405334472656 22.6820278167725 22.6911315917969 22.6649475097656 22.6163864135742 22.5533466339111 22.4937324523926 22.4353523254395 22.3490676879883
21.6360874176025 21.6966724395752 21.780237197876 21.896411895752 22.016565322876 22.1540336608887 22.2879829406738 22.4040355682373 22.5200328826904 22.6358985900879 22.724573135376 22.7759189605713 22.8196868896484 22.8572540283203 22.9162502288818 22.9853954315186 23.0564918518066 23.1280555725098 23.2222805023193 23.3195762634277 23.4389228820801 23.556453704834 23.666389465332 23.7614612579346 23.8251533508301 23.8604717254639 23.8611164093018 23.835807800293 23.791597366333 23.7012691497803 23.5918426513672 23.4643688201904 23.333345413208 23.1973075866699 23.065258026123 22.9739837646484 22.9056625366211 22.9180431365967 22.9339714050293 22.956485748291 22.9497871398926 22.9112606048584 22.8460578918457 22.7635974884033 22.6792259216309 22.5941696166992 22.489767074585
21.9686965942383 22.0180187225342 22.0884323120117 22.1907768249512 22.2968406677246 22.4150352478027 22.5280933380127 22.615026473999 22.7067565917969 22.8100738525391 22.9038162231445 22.9844131469727 23.0578117370605 23.1253185272217 23.2019634246826 23.2829341888428 23.3577461242676 23.4310855865479 23.5112571716309 23.592643737793 23.6848907470703 23.7778415679932 23.8737411499023 23.9568958282471 24.0131416320801 24.0414352416992 24.0355663299561 24.0112686157227 23.9735507965088 23.9048004150391 23.8232002258301 23.7158699035645 23.6034832000732 23.5017318725586 23.4027919769287 23.3274745941162 23.2651996612549 23.2487812042236 23.2368965148926 23.2334289550781 23.2039680480957 23.1461849212646 23.0656890869141 22.9704971313477 22.8727836608887 22.7741661071777 22.6541595458984
22.2275276184082 22.2475490570068 22.2800121307373 22.3526515960693 22.4305324554443 22.5388717651367 22.6413040161133 22.7136821746826 22.791431427002 22.8821430206299 22.9752674102783 23.0717010498047 23.1643905639648 23.2540187835693 23.3366756439209 23.4160327911377 23.4880428314209 23.5582981109619 23.6336193084717 23.7103710174561 23.8028984069824 23.8995380401611 24.0133838653564 24.1136951446533 24.1854343414307 24.2241230010986 24.2224178314209 24.2025985717773 24.1695861816406 24.1217517852783 24.0677795410156 23.9910659790039 23.9098815917969 23.8338737487793 23.7594203948975 23.6982593536377 23.6418304443359 23.6020393371582 23.5605201721191 23.5157947540283 23.4483852386475 23.3562602996826 23.26340675354 23.1700820922852 23.0839385986328 23.000373840332 22.8702526092529
22.4393520355225 22.4464626312256 22.4613170623779 22.5128974914551 22.5693607330322 22.6561660766602 22.73854637146 22.7984199523926 22.8661308288574 22.952766418457 23.0470924377441 23.1519794464111 23.25465965271 23.3555355072021 23.4423160552979 23.5224170684814 23.596305847168 23.6687088012695 23.7439270019531 23.8203830718994 23.9120750427246 24.010721206665 24.1384792327881 24.2529392242432 24.3393268585205 24.3887996673584 24.3931560516357 24.3770313262939 24.3459892272949 24.3149642944336 24.2839450836182 24.232982635498 24.1780967712402 24.1201801300049 24.0629138946533 24.0131015777588 23.9629573822021 23.911657333374 23.8511486053467 23.7735366821289 23.6775550842285 23.5615577697754 23.4612522125244 23.3710975646973 23.2930183410645 23.2192783355713 23.0732383728027
22.5920352935791 22.6068572998047 22.6296977996826 22.6710929870605 22.7146472930908 22.7652263641357 22.8157024383545 22.8656444549561 22.9282817840576 23.0215702056885 23.1193923950195 23.2234382629395 23.324405670166 23.4228534698486 23.5113754272461 23.5951957702637 23.6768474578857 23.7579803466797 23.8390674591064 23.9206886291504 24.0101375579834 24.108678817749 24.2452716827393 24.370096206665 24.4700736999512 24.5308208465576 24.5436210632324 24.5302047729492 24.4976921081543 24.4783115386963 24.4643669128418 24.4330291748047 24.3982734680176 24.348819732666 24.2995624542236 24.2575626373291 24.2142581939697 24.166374206543 24.1002635955811 24.0002994537354 23.8875427246094 23.7608470916748 23.6592559814453 23.5739059448242 23.4994869232178 23.4289932250977 23.2597370147705
22.6874370574951 22.7001075744629 22.7213077545166 22.7558193206787 22.7916412353516 22.8260955810547 22.8638916015625 22.9186782836914 22.9873790740967 23.0896682739258 23.1890258789062 23.2843532562256 23.3785247802734 23.4717483520508 23.5590991973877 23.6436653137207 23.7319393157959 23.8210983276367 23.9141578674316 24.0077266693115 24.1047916412354 24.2102603912354 24.3508987426758 24.48264503479 24.5956249237061 24.6710414886475 24.7005481719971 24.6961727142334 24.6671180725098 24.6593456268311 24.6603908538818 24.6419887542725 24.6197643280029 24.5779972076416 24.5359802246094 24.4985942840576 24.4596347808838 24.4151401519775 24.3509330749512 24.2501182556152 24.1387615203857 24.0159187316895 23.904748916626 23.8011302947998 23.6987247467041 23.5967540740967 23.4091243743896
22.7398777008057 22.7430000305176 22.7553424835205 22.7854423522949 22.8174133300781 22.8508186340332 22.8903541564941 22.9610710144043 23.0441856384277 23.1572380065918 23.2566566467285 23.3373603820801 23.4209251403809 23.5068283081055 23.5908184051514 23.6739025115967 23.7679443359375 23.8646049499512 23.9742126464844 24.0848121643066 24.1968879699707 24.3145580291748 24.4556484222412 24.5917415618896 24.7172813415527 24.8099117279053 24.8623218536377 24.8717365264893 24.84983253479 24.8536491394043 24.8681144714355 24.8576316833496 24.8422431945801 24.8075828552246 24.7722263336182 24.7370548248291 24.7005653381348 24.6594409942627 24.6027698516846 24.5172271728516 24.4209022521973 24.3128280639648 24.1858596801758 24.046667098999 23.892541885376 23.7330532073975 23.5306777954102
22.7925567626953 22.7835826873779 22.7824840545654 22.8051738739014 22.8307991027832 22.869930267334 22.9171714782715 23.005672454834 23.097484588623 23.1972961425781 23.2862014770508 23.3601360321045 23.4377002716064 23.5182304382324 23.5996932983398 23.6815967559814 23.7798175811768 23.8819351196289 24.0113410949707 24.1427612304688 24.2762012481689 24.4109783172607 24.5513477325439 24.686544418335 24.8108215332031 24.913537979126 24.9899024963379 25.0211505889893 25.0195388793945 25.0347328186035 25.0568885803223 25.0532207489014 25.0444774627686 25.0152626037598 24.9849071502686 24.9508113861084 24.9161720275879 24.8796215057373 24.8314151763916 24.761568069458 24.6768493652344 24.5759258270264 24.4324073791504 24.261323928833 24.0691261291504 23.8693408966064 23.6660118103027
22.8453407287598 22.8231735229492 22.8066711425781 22.8206672668457 22.8388786315918 22.8866367340088 22.9441413879395 23.0512218475342 23.1492824554443 23.2255611419678 23.2994213104248 23.3699550628662 23.4434909820557 23.5194835662842 23.5987758636475 23.6796321868896 23.7813491821289 23.8880481719971 24.0386447906494 24.1925086975098 24.3500366210938 24.504020690918 24.6431655883789 24.7752208709717 24.8923110961914 25.0020580291748 25.1028289794922 25.1593589782715 25.1836681365967 25.2101516723633 25.2375373840332 25.2402153015137 25.2380352020264 25.2135543823242 25.1874885559082 25.1539783477783 25.120922088623 25.0894622802734 25.0501232147217 24.9961528778076 24.9215717315674 24.824535369873 24.6641407012939 24.4627494812012 24.2383251190186 24.0056247711182 23.8072509765625
22.8981590270996 22.8668479919434 22.8356285095215 22.8364391326904 22.842041015625 22.888463973999 22.946590423584 23.0642471313477 23.1664886474609 23.2315044403076 23.2966423034668 23.3619499206543 23.4295444488525 23.4990081787109 23.5754642486572 23.6552314758301 23.7635383605957 23.8786640167236 24.0363368988037 24.1974239349365 24.3656597137451 24.5329418182373 24.6962394714355 24.8445892333984 24.9613857269287 25.0759181976318 25.1876811981201 25.2587432861328 25.300163269043 25.326208114624 25.3458843231201 25.3466148376465 25.3436222076416 25.3177604675293 25.2906608581543 25.2597236633301 25.2282772064209 25.1950454711914 25.1565074920654 25.1081161499023 25.0461158752441 24.9692916870117 24.830883026123 24.6526260375977 24.4300270080566 24.1914958953857 23.9408645629883
22.9509868621826 22.9113693237305 22.865571975708 22.8522682189941 22.8441848754883 22.8872108459473 22.9439659118652 23.0705451965332 23.1765403747559 23.2328281402588 23.2905559539795 23.3502578735352 23.4115123748779 23.4740352630615 23.5475177764893 23.6261901855469 23.7417278289795 23.8660736083984 24.0279026031494 24.1930637359619 24.3692359924316 24.5485973358154 24.7412967681885 24.9099617004395 25.0278930664062 25.1467456817627 25.2667255401611 25.3500957489014 25.4068012237549 25.4299793243408 25.4392719268799 25.4363422393799 25.4310073852539 25.4025001525879 25.3732662200928 25.3453121185303 25.3154830932617 25.2790584564209 25.239652633667 25.1947078704834 25.1457958221436 25.0925617218018 24.9841785430908 24.8401126861572 24.6263828277588 24.3876266479492 24.0729026794434
22.9871635437012 22.9417610168457 22.8847064971924 22.8638401031494 22.848970413208 22.8960151672363 22.9544868469238 23.0710964202881 23.1699295043945 23.2258415222168 23.2824192047119 23.3399066925049 23.3973598480225 23.4547863006592 23.5267143249512 23.6055107116699 23.7263679504395 23.8572750091553 24.0193138122559 24.1844730377197 24.3639392852783 24.5455646514893 24.7362289428711 24.9046688079834 25.0261917114258 25.1589221954346 25.3053531646729 25.4051380157471 25.4709434509277 25.4966793060303 25.5058212280273 25.4980545043945 25.4869613647461 25.4558639526367 25.4241962432861 25.3941841125488 25.3625984191895 25.3254737854004 25.2853050231934 25.2394847869873 25.1932792663574 25.146656036377 25.059778213501 24.9468555450439 24.7671585083008 24.5634765625 24.224552154541
23.0205097198486 22.9693069458008 22.9018859863281 22.8719100952148 22.8486175537109 22.9022979736328 22.9645576477051 23.0704708099365 23.1618709564209 23.218225479126 23.2741966247559 23.3296413421631 23.3837223052979 23.4366855621338 23.5078449249268 23.5876216888428 23.7120227813721 23.8470840454102 24.0083808898926 24.1727237701416 24.3551864624023 24.5388259887695 24.7273979187012 24.8962230682373 25.0233688354492 25.1708564758301 25.3432025909424 25.4584140777588 25.5320110321045 25.5606880187988 25.570764541626 25.5576839447021 25.5400524139404 25.5059814453125 25.4715042114258 25.4390277862549 25.405424118042 25.3678646087646 25.3272457122803 25.2809505462646 25.2370128631592 25.1956443786621 25.1289405822754 25.0458431243896 24.8993988037109 24.7301979064941 24.3738784790039
23.0316257476807 22.9732265472412 22.9033832550049 22.8446846008301 22.7922077178955 22.8769035339355 22.9635391235352 23.0600490570068 23.1463165283203 23.2078514099121 23.2660446166992 23.3196468353271 23.3736934661865 23.4281005859375 23.506196975708 23.595516204834 23.705415725708 23.8202304840088 23.9725151062012 24.129280090332 24.313814163208 24.5014915466309 24.7023410797119 24.8878974914551 25.0411739349365 25.2082004547119 25.3920345306396 25.5102195739746 25.580587387085 25.6137046813965 25.6313934326172 25.6084957122803 25.5776195526123 25.5364418029785 25.4953174591064 25.458423614502 25.4216499328613 25.3852977752686 25.3475151062012 25.3070774078369 25.2656745910645 25.2232208251953 25.1665573120117 25.100700378418 24.9671382904053 24.8092555999756 24.4890785217285
23.0398406982422 22.9817848205566 22.9191551208496 22.8347034454346 22.7548580169678 22.859619140625 22.9614887237549 23.0486507415771 23.1295566558838 23.1953468322754 23.2552967071533 23.3072261810303 23.3607769012451 23.4156513214111 23.5003967285156 23.5992889404297 23.6944236755371 23.7886619567871 23.9303760528564 24.0780544281006 24.2651042938232 24.4580154418945 24.6754722595215 24.8810062408447 25.0613746643066 25.2478523254395 25.4417915344238 25.5616798400879 25.627628326416 25.6639804840088 25.6880741119385 25.6547565460205 25.6101551055908 25.5601596832275 25.5108585357666 25.470287322998 25.4311447143555 25.3970241546631 25.3628692626953 25.3286457061768 25.290225982666 25.2472343444824 25.1995944976807 25.1489429473877 25.0285167694092 24.8830261230469 24.6036262512207
23.0374221801758 23.0073509216309 22.9872646331787 22.8879566192627 22.7873973846436 22.8720703125 22.9556503295898 23.0336723327637 23.1083679199219 23.1750316619873 23.2350387573242 23.2859039306641 23.3372707366943 23.389045715332 23.4793682098389 23.5879516601562 23.6673583984375 23.7397956848145 23.8652267456055 23.998291015625 24.1894912719727 24.3920192718506 24.6419525146484 24.879373550415 25.0903701782227 25.2959613800049 25.4949398040771 25.6118679046631 25.6690330505371 25.7042102813721 25.730281829834 25.6843395233154 25.6242408752441 25.5591487884521 25.4960746765137 25.4545364379883 25.4159660339355 25.3878345489502 25.3602027893066 25.3335018157959 25.2997093200684 25.2581958770752 25.2158374786377 25.1729316711426 25.0665721893311 24.9374160766602 24.7157936096191
