Ecospace-environmental-drivers/Outputs/ASCII-for-ecospace/MOM6-ISIMIP3a/tos/2005-03_tos_MOM6-ISIMIP3a.asc
NCOLS 131 
NROWS 53 
XLLCORNER -98 
YLLCORNER 23.9265270233154 
CELLSIZE 0.133587792515755 
NODATA_value -9999 
[rows 21 to 41 of 53, columns 47 to 93 of 131]
20.7043113708496 20.6832733154297 20.6612586975098 20.680627822876 20.7045822143555 20.737964630127 20.7634754180908 20.7489261627197 20.7323627471924 20.7109355926514 20.7134456634521 20.7488174438477 20.7718257904053 20.7847156524658 20.7849464416504 20.7791805267334 20.7933921813965 20.8123779296875 20.8454627990723 20.8790473937988 20.9057941436768 20.9321918487549 20.9571418762207 20.9745426177979 20.976001739502 20.9632320404053 20.9330749511719 20.9047870635986 20.8778648376465 20.8491592407227 20.8197174072266 20.8066730499268 20.796854019165 20.785551071167 20.7686805725098 20.6979370117188 20.6333999633789 20.5906848907471 20.5633907318115 20.5647373199463 20.5933418273926 20.651647567749 20.7061023712158 20.7580642700195 20.8058605194092 20.8521595001221 20.9101181030273
20.8446578979492 20.8336811065674 20.8206787109375 20.8457813262939 20.8750648498535 20.9119873046875 20.9433288574219 20.9462966918945 20.9447383880615 20.9322528839111 20.934757232666 20.9578437805176 20.9687995910645 20.9698333740234 20.9798259735107 20.9940643310547 21.0219287872314 21.0530490875244 21.0872020721436 21.1193237304688 21.1188735961914 21.1166667938232 21.1071071624756 21.0936374664307 21.0719203948975 21.0435600280762 21.0070858001709 20.9723987579346 20.9390144348145 20.9047660827637 20.8701572418213 20.8502769470215 20.8332920074463 20.8200740814209 20.8038349151611 20.7567253112793 20.7126884460449 20.6794509887695 20.6569423675537 20.654354095459 20.6749877929688 20.7209243774414 20.7798519134521 20.8471851348877 20.9158573150635 20.9850120544434 21.051420211792
20.987865447998 20.9874839782715 20.9840660095215 21.0120983123779 21.0435619354248 21.0807647705078 21.1153507232666 21.1366233825684 21.1513843536377 21.1504173278809 21.1545963287354 21.1658382415771 21.1666679382324 21.1589794158936 21.1831359863281 21.2223796844482 21.2642211914062 21.3066825866699 21.3396739959717 21.3681526184082 21.3404197692871 21.3097038269043 21.2665176391602 21.2223987579346 21.1763114929199 21.1311111450195 21.0869922637939 21.0448513031006 21.004150390625 20.9635620117188 20.9230194091797 20.8956604003906 20.8708915710449 20.8543167114258 20.8373680114746 20.813793182373 20.7903785705566 20.7675189971924 20.7511825561523 20.7469539642334 20.7605476379395 20.7935581207275 20.8563480377197 20.9384059906006 21.0282669067383 21.1209297180176 21.1949863433838
21.1670017242432 21.1823844909668 21.1969699859619 21.2063064575195 21.2152271270752 21.2274379730225 21.2432727813721 21.2775592803955 21.3079357147217 21.3288669586182 21.3495025634766 21.3697357177734 21.4015369415283 21.4428024291992 21.5171127319336 21.6070747375488 21.6274642944336 21.6312294006348 21.6332969665527 21.6319484710693 21.5825748443604 21.5342330932617 21.4902038574219 21.4401893615723 21.3775444030762 21.3123111724854 21.2439155578613 21.1841773986816 21.1307430267334 21.0803413391113 21.031192779541 20.9971122741699 20.9659938812256 20.951416015625 20.9379901885986 20.9298133850098 20.9223213195801 20.9172401428223 20.9195899963379 20.9357433319092 20.9487400054932 20.9582958221436 21.0053997039795 21.0767955780029 21.1854038238525 21.3073787689209 21.3862819671631
21.3492679595947 21.3766078948975 21.4055042266846 21.3956928253174 21.3821601867676 21.3751373291016 21.3764114379883 21.4198799133301 21.4623107910156 21.5022354125977 21.5398693084717 21.5743618011475 21.6362133026123 21.7204475402832 21.8304481506348 21.9526538848877 21.9584903717041 21.9365234375 21.9192676544189 21.8989067077637 21.8286762237549 21.7632713317871 21.718074798584 21.6624813079834 21.5849380493164 21.5035076141357 21.4173259735107 21.3489990234375 21.29368019104 21.2405757904053 21.1883907318115 21.1510639190674 21.1166591644287 21.1064376831055 21.099308013916 21.1136436462402 21.1278038024902 21.1413478851318 21.1618041992188 21.1950931549072 21.2035694122314 21.1850090026855 21.208625793457 21.2595348358154 21.3742752075195 21.5119457244873 21.5873374938965
21.5452613830566 21.5678558349609 21.5948791503906 21.5639305114746 21.5283317565918 21.5273494720459 21.5324172973633 21.5682621002197 21.6071357727051 21.6533260345459 21.7103328704834 21.7821884155273 21.8700466156006 21.9710006713867 22.053279876709 22.1267108917236 22.1482524871826 22.1573944091797 22.1716785430908 22.1797409057617 22.0920658111572 22.0120849609375 21.9643001556396 21.904504776001 21.8193550109863 21.7385368347168 21.663013458252 21.6256065368652 21.6159629821777 21.5913524627686 21.560546875 21.5352115631104 21.5109519958496 21.5154247283936 21.5267677307129 21.5948085784912 21.6557331085205 21.6916255950928 21.7276287078857 21.7638378143311 21.7505893707275 21.6834545135498 21.6493949890137 21.6367359161377 21.7022933959961 21.7959480285645 21.8311920166016
21.7377223968506 21.7498950958252 21.7679309844971 21.7228107452393 21.6731338500977 21.6749629974365 21.6806716918945 21.7061061859131 21.7379512786865 21.7852687835693 21.8532962799072 21.9497528076172 22.054838180542 22.1669826507568 22.2389755249023 22.2919521331787 22.3381843566895 22.3828029632568 22.431131362915 22.4701347351074 22.3697128295898 22.2793846130371 22.2313003540039 22.1713752746582 22.086462020874 22.012020111084 21.9503803253174 21.9578609466553 22.0156879425049 22.0399055480957 22.0502052307129 22.0457439422607 22.0383796691895 22.0536022186279 22.0774383544922 22.17724609375 22.2651405334473 22.3111476898193 22.3501415252686 22.3761119842529 22.3386268615723 22.2320041656494 22.1453285217285 22.0715618133545 22.0651721954346 22.0829830169678 22.0836429595947
21.9224758148193 21.9118404388428 21.9053649902344 21.861270904541 21.8149547576904 21.8125495910645 21.81201171875 21.8209609985352 21.8381938934326 21.8754272460938 21.9362564086914 22.0294780731201 22.132625579834 22.2438945770264 22.3436527252197 22.4379577636719 22.5284881591797 22.6181163787842 22.7059421539307 22.7813892364502 22.6784648895264 22.5870208740234 22.5436248779297 22.4924583435059 22.4248905181885 22.3694038391113 22.3286838531494 22.4115295410156 22.5843811035156 22.7017917633057 22.7962436676025 22.8320331573486 22.8562927246094 22.8736534118652 22.8969421386719 22.9806423187256 23.0523262023926 23.081750869751 23.0963363647461 23.0833644866943 23.0161590576172 22.8898677825928 22.7616233825684 22.6321144104004 22.5041084289551 22.3766422271729 22.3548450469971
22.0919284820557 22.0613765716553 22.0329532623291 21.985445022583 21.9375705718994 21.9325485229492 21.9273109436035 21.9209766387939 21.9232177734375 21.9461650848389 21.9943141937256 22.0770606994629 22.1725997924805 22.2786083221436 22.3985710144043 22.5251445770264 22.6593036651611 22.7952766418457 22.9273509979248 23.047082901001 22.9910430908203 22.9419250488281 22.9217872619629 22.8926429748535 22.8444881439209 22.8151264190674 22.8087368011475 22.9384613037109 23.1673336029053 23.3203735351562 23.4420070648193 23.4882106781006 23.5195846557617 23.5345916748047 23.5538368225098 23.6203899383545 23.6760120391846 23.6931915283203 23.6906661987305 23.6515464782715 23.564640045166 23.4256687164307 23.2704658508301 23.10475730896 22.8944988250732 22.6682357788086 22.6173229217529
22.2421283721924 22.1953010559082 22.1481552124023 22.0916442871094 22.0360279083252 22.0304222106934 22.0224323272705 22.0023212432861 21.9890899658203 21.9924697875977 22.0210437774658 22.0842056274414 22.1650047302246 22.2602291107178 22.3908882141113 22.5383338928223 22.7152786254883 22.8992729187012 23.0815753936768 23.2554550170898 23.3084335327148 23.3563022613525 23.3827800750732 23.3923454284668 23.3661994934082 23.3719863891602 23.4167976379395 23.5575656890869 23.7682266235352 23.8844738006592 23.9616203308105 23.98069190979 23.9883480072021 23.9953556060791 24.0061569213867 24.0542545318604 24.0940017700195 24.1043930053711 24.0939350128174 24.0447635650635 23.9507579803467 23.8079051971436 23.6441230773926 23.4668006896973 23.2238121032715 22.9572315216064 22.868824005127
22.3874912261963 22.3237476348877 22.2622947692871 22.1969242095947 22.133020401001 22.1195411682129 22.1039733886719 22.0777893066406 22.0560836791992 22.0451908111572 22.0577068328857 22.1023616790771 22.1700477600098 22.2565803527832 22.393928527832 22.5553493499756 22.7617130279541 22.9788150787354 23.200740814209 23.4169902801514 23.5457916259766 23.6632747650146 23.7333984375 23.7812004089355 23.7818832397461 23.8094711303711 23.869945526123 23.9956436157227 24.1688480377197 24.2540512084961 24.3028087615967 24.3075752258301 24.3036956787109 24.3094596862793 24.3186435699463 24.3577270507812 24.3898315429688 24.397403717041 24.3831253051758 24.3282737731934 24.2315273284912 24.0891361236572 23.9283542633057 23.7556743621826 23.509895324707 23.2378597259521 23.1007804870605
22.529224395752 22.4480838775635 22.375638961792 22.301513671875 22.228910446167 22.2020931243896 22.1753311157227 22.1488513946533 22.1239204406738 22.1027240753174 22.1018199920654 22.1287746429443 22.1845741271973 22.2639770507812 22.4050102233887 22.5752353668213 22.8009910583496 23.0400142669678 23.2936134338379 23.543399810791 23.7231216430664 23.8896923065186 24.0012321472168 24.0869216918945 24.1180438995361 24.1574287414551 24.2069091796875 24.2979507446289 24.4192638397217 24.4777336120605 24.5101757049561 24.5102577209473 24.503978729248 24.5135707855225 24.5262546539307 24.5634021759033 24.5940380096436 24.601770401001 24.5867576599121 24.5295009613037 24.4332828521729 24.2946109771729 24.1455116271973 23.9896659851074 23.763557434082 23.5122089385986 23.3180751800537
22.7299613952637 22.621452331543 22.5202255249023 22.4300918579102 22.3430423736572 22.3085651397705 22.2747268676758 22.2441329956055 22.2138290405273 22.1842193603516 22.1725654602051 22.1855640411377 22.2295761108398 22.2989635467529 22.4494113922119 22.6382579803467 22.8875846862793 23.1513633728027 23.4205436706543 23.6849803924561 23.8750057220459 24.0509605407715 24.168025970459 24.2671756744385 24.3285083770752 24.3817977905273 24.4252548217773 24.4988117218018 24.5942897796631 24.6453762054443 24.6780796051025 24.6886463165283 24.6948623657227 24.7075748443604 24.7217388153076 24.7477207183838 24.7678890228271 24.7676200866699 24.7473850250244 24.6900768280029 24.6010723114014 24.4775371551514 24.340763092041 24.195426940918 23.9805240631104 23.7406330108643 23.5071201324463
22.9559879302979 22.8158359527588 22.678201675415 22.5689544677734 22.4649925231934 22.4252891540527 22.386137008667 22.3497943878174 22.313196182251 22.2759819030762 22.2547245025635 22.2553749084473 22.2876396179199 22.3457717895508 22.5080947875977 22.7197685241699 22.9944591522217 23.2842063903809 23.562068939209 23.833065032959 24.0159854888916 24.1843070983887 24.2915153503418 24.3936576843262 24.4851016998291 24.553201675415 24.5927658081055 24.656192779541 24.737003326416 24.7890014648438 24.8290710449219 24.8566246032715 24.8817176818848 24.8972492218018 24.9120254516602 24.9228839874268 24.928731918335 24.9169597625732 24.8895835876465 24.8332271575928 24.7543067932129 24.6507987976074 24.5266265869141 24.3890857696533 24.1817646026611 23.9493770599365 23.6840591430664
23.1754360198975 23.0409507751465 22.901819229126 22.7846736907959 22.6716384887695 22.6088562011719 22.5473442077637 22.4923076629639 22.4425601959229 22.4055881500244 22.3803272247314 22.3711471557617 22.3918800354004 22.4370861053467 22.6095771789551 22.8423614501953 23.1543750762939 23.4853191375732 23.7404117584229 23.9848728179932 24.1504535675049 24.3036155700684 24.4047966003418 24.505392074585 24.6047554016113 24.68772315979 24.7506580352783 24.8183517456055 24.8895130157471 24.9397029876709 24.9812068939209 25.0111808776855 25.0388889312744 25.0512161254883 25.0620498657227 25.0638599395752 25.0614337921143 25.044116973877 25.0164680480957 24.9696254730225 24.9049987792969 24.8209953308105 24.7059726715088 24.5708808898926 24.377986907959 24.1643314361572 23.8837928771973
23.3935241699219 23.272424697876 23.1390171051025 23.0162925720215 22.895809173584 22.8062534332275 22.7188549041748 22.6424446105957 22.5781288146973 22.5430221557617 22.5149173736572 22.4964294433594 22.505672454834 22.5376071929932 22.7199153900146 22.9734554290771 23.3252658843994 23.7005577087402 23.9263706207275 24.137451171875 24.2835731506348 24.4200191497803 24.5159645080566 24.6140766143799 24.7167625427246 24.8146171569824 24.9065608978271 24.9815006256104 25.0440521240234 25.0918674468994 25.1335792541504 25.1629600524902 25.1899166107178 25.1977939605713 25.203742980957 25.1977615356445 25.1883144378662 25.1666870117188 25.1401824951172 25.1046276092529 25.0551681518555 24.9905586242676 24.8839702606201 24.7502193450928 24.5731716156006 24.3805694580078 24.0882434844971
23.5151405334473 23.4199142456055 23.3118419647217 23.2375411987305 23.1657943725586 23.0697135925293 22.9714813232422 22.8623180389404 22.7635288238525 22.6897888183594 22.6369075775146 22.6126613616943 22.6172161102295 22.6453323364258 22.8228740692139 23.0711936950684 23.4261684417725 23.8066272735596 24.0117607116699 24.2017307281494 24.3462753295898 24.4826011657715 24.5845317840576 24.6888408660889 24.7981662750244 24.9011611938477 24.9964218139648 25.0708808898926 25.1301918029785 25.1750335693359 25.2138843536377 25.2411670684814 25.2661762237549 25.2713088989258 25.274356842041 25.2642269134521 25.2513732910156 25.2289409637451 25.2032794952393 25.1716175079346 25.1324615478516 25.0851440429688 24.9992713928223 24.8884525299072 24.731861114502 24.5588302612305 24.2568435668945
23.6278114318848 23.5581359863281 23.4755840301514 23.4498710632324 23.4271469116211 23.3280124664307 23.222484588623 23.0844230651855 22.9532680511475 22.838794708252 22.759256362915 22.7276859283447 22.7275352478027 22.7530956268311 22.9261589050293 23.1690902709961 23.5231170654297 23.9036884307861 24.0900745391846 24.2611885070801 24.4042091369629 24.5403900146484 24.6479396820068 24.7578983306885 24.8729400634766 24.9801807403564 25.0778884887695 25.1522445678711 25.2095928192139 25.2520847320557 25.2884254455566 25.3135948181152 25.3365688323975 25.3388347625732 25.3388633728027 25.3245010375977 25.308177947998 25.2849559783936 25.2599086761475 25.2314701080322 25.2016448974609 25.1703128814697 25.1054039001465 25.0187702178955 24.8833446502686 24.7303924560547 24.4201889038086
23.6911220550537 23.6376361846924 23.5731792449951 23.5720405578613 23.5745182037354 23.4997158050537 23.4174194335938 23.2970218658447 23.1655235290527 23.0072212219238 22.8914661407471 22.8341236114502 22.8258762359619 22.8577976226807 23.036449432373 23.2846050262451 23.6113300323486 23.9568271636963 24.1409091949463 24.3113670349121 24.4449157714844 24.5727462768555 24.676643371582 24.7822933197021 24.891637802124 24.998197555542 25.101354598999 25.1832904815674 25.2497730255127 25.2968597412109 25.3359146118164 25.3595218658447 25.380090713501 25.3773651123047 25.3721389770508 25.350923538208 25.3287506103516 25.3032131195068 25.276517868042 25.2476768493652 25.2191143035889 25.1908569335938 25.1436882019043 25.084285736084 24.9753608703613 24.8486461639404 24.5445652008057
23.7511081695557 23.7150745391846 23.6702442169189 23.6847667694092 23.7027702331543 23.6507453918457 23.5905055999756 23.4884586334229 23.3616600036621 23.1750907897949 23.0317230224609 22.9476585388184 22.9304866790771 22.9680442810059 23.151346206665 23.4036846160889 23.701452255249 24.0100765228271 24.1881313323975 24.3542423248291 24.4770946502686 24.5951690673828 24.6932544708252 24.7930774688721 24.8965663909912 25.0038738250732 25.1158466339111 25.2082138061523 25.2862968444824 25.339262008667 25.3818244934082 25.4037666320801 25.4216575622559 25.4137058258057 25.4030284881592 25.3750820159912 25.3470001220703 25.3184413909912 25.2897109985352 25.2606601715088 25.2332515716553 25.207633972168 25.1756725311279 25.1396026611328 25.0550632476807 24.9531116485596 24.6641082763672
23.7988986968994 23.7849559783936 23.7653636932373 23.7628688812256 23.7609062194824 23.7259845733643 23.683464050293 23.602294921875 23.4986915588379 23.3409194946289 23.2014789581299 23.0872058868408 23.0580806732178 23.0986175537109 23.2831287384033 23.5358352661133 23.7985877990723 24.06374168396 24.2221031188965 24.3703422546387 24.4780025482178 24.5811672210693 24.6655235290527 24.7539615631104 24.8510189056396 24.9643096923828 25.0974407196045 25.2106761932373 25.3094177246094 25.3729667663574 25.4219417572021 25.4418544769287 25.4560546875 25.4420204162598 25.4251613616943 25.3909320831299 25.3567218780518 25.3225708007812 25.2903785705566 25.2618179321289 25.2351703643799 25.2106056213379 25.1845455169678 25.1575202941895 25.0896129608154 25.0070209503174 24.7659244537354
