Ecospace-environmental-drivers/Outputs/ASCII-for-ecospace/MOM6-ISIMIP3a/tos/2005-06_tos_MOM6-ISIMIP3a.asc
NCOLS 131 
NROWS 53 
XLLCORNER -98 
YLLCORNER 23.9265270233154 
CELLSIZE 0.133587792515755 
NODATA_value -9999 
[rows 0 to 20 of 53, columns 47 to 93 of 131]
-9999 -9999 -9999 -9999 -9999 -9999 -9999 -9999 -9999 -9999 -9999 -9999 -9999 -9999 -9999 -9999 -9999 -9999 -9999 -9999 -9999 -9999 -9999 -9999 -9999 -9999 -9999 -9999 -9999 -9999 -9999 -9999 -9999 -9999 -9999 -9999 -9999 -9999 -9999 -9999 -9999 -9999 -9999 -9999 -9999 -9999 -9999
-9999 -9999 -9999 -9999 -9999 -9999 -9999 -9999 -9999 -9999 -9999 -9999 -9999 -9999 -9999 -9999 -9999 -9999 -9999 -9999 -9999 -9999 -9999 -9999 -9999 -9999 -9999 -9999 -9999 -9999 -9999 -9999 -9999 -9999 -9999 -9999 -9999 -9999 -9999 -9999 -9999 -9999 -9999 -9999 -9999 -9999 -9999
-9999 -9999 -9999 -9999 -9999 -9999 -9999 -9999 -9999 -9999 -9999 -9999 -9999 -9999 -9999 -9999 -9999 -9999 -9999 -9999 -9999 -9999 -9999 -9999 -9999 -9999 -9999 27.8609638214111 27.8044548034668 -9999 -9999 -9999 -9999 -9999 -9999 -9999 -9999 -9999 -9999 -9999 -9999 -9999 -9999 -9999 -9999 -9999 -9999
-9999 -9999 -9999 -9999 -9999 -9999 -9999 -9999 -9999 -9999 -9999 -9999 -9999 -9999 -9999 -9999 -9999 -9999 -9999 -9999 -9999 -9999 -9999 -9999 -9999 -9999 -9999 27.8618793487549 27.8089904785156 -9999 -9999 -9999 -9999 -9999 -9999 -9999 -9999 -9999 -9999 -9999 -9999 -9999 -9999 -9999 -9999 -9999 -9999
-9999 -9999 -9999 -9999 -9999 -9999 -9999 -9999 -9999 -9999 -9999 -9999 -9999 -9999 -9999 -9999 -9999 -9999 28.5977611541748 28.5720176696777 28.5514240264893 28.4312953948975 28.3267955780029 28.1507892608643 28.031270980835 27.9622268676758 27.9094905853271 27.8643436431885 27.8118057250977 27.7508239746094 -9999 -9999 27.4327507019043 27.3151569366455 27.224853515625 27.1584129333496 27.1254367828369 27.1090831756592 27.10888671875 27.1224689483643 27.1584873199463 27.2568168640137 -9999 -9999 -9999 -9999 -9999
-9999 -9999 -9999 -9999 -9999 -9999 -9999 -9999 -9999 -9999 -9999 -9999 -9999 -9999 28.8628311157227 -9999 28.8773708343506 28.8890190124512 28.7362537384033 28.5977611541748 28.5668697357178 28.5514240264893 28.3111667633057 28.1177940368652 28.0234069824219 27.9526138305664 27.9106616973877 27.8651962280273 27.8171730041504 27.7530460357666 27.6822528839111 27.5592479705811 27.4259815216064 27.3130226135254 27.2064647674561 27.1550731658936 27.1136989593506 27.107536315918 27.106014251709 27.1131076812744 27.148286819458 27.2140655517578 27.4080982208252 27.6851196289062 -9999 -9999 -9999
-9999 -9999 -9999 -9999 -9999 -9999 -9999 -9999 -9999 -9999 28.8816814422607 28.8820133209229 28.8810539245605 28.8754253387451 28.8640880584717 28.8604145050049 28.8652458190918 28.8778457641602 28.8890190124512 28.7219829559326 28.5977611541748 28.5514240264893 28.3111667633057 28.1177940368652 28.0234069824219 27.9526138305664 27.9106616973877 27.8651962280273 27.8171730041504 27.7530460357666 27.6822528839111 27.5592479705811 27.4259815216064 27.3130226135254 27.2064647674561 27.1550731658936 27.1136989593506 27.107536315918 27.106014251709 27.1131076812744 27.148286819458 27.2140655517578 27.4080982208252 27.6851196289062 27.7583312988281 27.7415218353271 -9999
-9999 -9999 -9999 -9999 -9999 -9999 -9999 -9999 -9999 -9999 28.879903793335 28.8816814422607 28.882345199585 -9999 28.8647937774658 28.85085105896 28.8555850982666 28.8652458190918 28.8792743682861 28.8890190124512 28.6791687011719 28.4684085845947 28.2538414001465 28.0800132751465 27.9921913146973 27.9136924743652 27.8465881347656 27.780445098877 27.7150001525879 27.6539039611816 27.5946102142334 27.5029010772705 27.4048194885254 27.314546585083 27.2294425964355 27.1920127868652 27.1625061035156 27.1608600616455 27.1610794067383 27.1647605895996 27.1796531677246 27.2067604064941 27.3218383789062 27.4938354492188 27.654691696167 27.811544418335 27.8095359802246
-9999 -9999 -9999 -9999 -9999 -9999 -9999 -9999 -9999 -9999 -9999 -9999 -9999 -9999 28.8727226257324 28.8386497497559 28.8220558166504 28.8459243774414 28.8652458190918 28.8835563659668 28.6230812072754 28.3769512176514 28.190860748291 28.0385494232178 27.9575500488281 27.8705310821533 27.7761573791504 27.687931060791 27.6041831970215 27.5467147827148 27.5001316070557 27.4425144195557 27.3827285766602 27.3171844482422 27.2554397583008 27.2329082489014 27.2160453796387 27.2191181182861 27.2213039398193 27.2218418121338 27.2152290344238 27.2008209228516 27.2297382354736 27.2866897583008 27.5076084136963 27.7874298095703 27.8217182159424
29.8369636535645 -9999 -9999 -9999 -9999 -9999 -9999 -9999 -9999 -9999 28.9291744232178 28.878080368042 -9999 -9999 -9999 28.8521518707275 28.7794628143311 28.7674980163574 28.8266010284424 28.8065223693848 28.5500164031982 28.3121356964111 28.1522006988525 28.0146331787109 27.9242858886719 27.8302345275879 27.731653213501 27.6517295837402 27.5853977203369 27.540470123291 27.5044097900391 27.4577503204346 27.409008026123 27.3519401550293 27.2972469329834 27.2687568664551 27.2460460662842 27.2436542510986 27.2489109039307 27.2683658599854 27.275390625 27.268871307373 27.2650203704834 27.2628974914551 27.3814945220947 27.5434589385986 27.6818141937256
29.8638515472412 29.8678207397461 -9999 -9999 -9999 -9999 -9999 -9999 -9999 -9999 28.9119453430176 28.8159828186035 28.878080368042 -9999 -9999 28.8869876861572 28.7877864837646 28.6636123657227 28.6942481994629 28.7170715332031 28.471399307251 28.247049331665 28.1119441986084 27.9887466430664 27.8906860351562 27.7922172546387 27.6932525634766 27.6234378814697 27.5748558044434 27.5414886474609 27.5144214630127 27.4769992828369 27.4375419616699 27.3869609832764 27.3373317718506 27.3010234832764 27.2706928253174 27.2613906860352 27.2679004669189 27.3037757873535 27.3241424560547 27.3276119232178 27.2984809875488 27.2482566833496 27.2742443084717 27.3276081085205 27.5365200042725
29.8638515472412 29.8757591247559 29.8586349487305 29.8666362762451 -9999 -9999 -9999 -9999 -9999 -9999 -9999 28.7451152801514 28.7574424743652 28.878080368042 28.8816814422607 28.8869876861572 28.7877864837646 28.6636123657227 28.6146831512451 28.5610065460205 28.3629894256592 28.1805229187012 28.0631294250488 27.9522876739502 27.8552761077881 27.7664375305176 27.6875896453857 27.6375637054443 27.6085319519043 27.5814533233643 27.5551834106445 27.5177669525146 27.478157043457 27.4233951568604 27.368185043335 27.3140735626221 27.2666339874268 27.2426509857178 27.2406749725342 27.2795677185059 27.3116836547852 27.3364143371582 27.3221664428711 27.2826995849609 27.2681674957275 27.2625904083252 27.3623161315918
29.8234977722168 29.8419570922852 29.849458694458 29.8673629760742 -9999 -9999 -9999 -9999 29.3686676025391 29.0917892456055 28.8618240356445 28.6962623596191 28.6772594451904 28.7781677246094 28.8098201751709 28.808666229248 28.7205963134766 28.611759185791 28.5111713409424 28.4078254699707 28.2560520172119 28.1142730712891 28.0143222808838 27.9166107177734 27.8236274719238 27.7440738677979 27.6809349060059 27.6455669403076 27.6304264068604 27.6072254180908 27.5806846618652 27.5443954467773 27.5061874389648 27.4491748809814 27.3903217315674 27.3203029632568 27.2574100494385 27.2195777893066 27.2075901031494 27.2435989379883 27.2835788726807 27.3278865814209 27.3330402374268 27.312858581543 27.2760543823242 27.2332782745361 27.2458152770996
29.6822624206543 29.7609310150146 29.8425731658936 29.8673629760742 29.8830871582031 29.8111324310303 29.7245559692383 29.5635833740234 29.3686676025391 29.0917892456055 28.8618240356445 28.6962623596191 28.6078491210938 28.5825576782227 28.5583000183105 28.5345325469971 28.4854278564453 28.430269241333 28.3477916717529 28.261848449707 28.1527900695801 28.0487213134766 27.9655361175537 27.8828907012939 27.801383972168 27.7302532196045 27.671802520752 27.6382598876953 27.622859954834 27.597505569458 27.5680313110352 27.5356750488281 27.5027542114258 27.4483165740967 27.3906707763672 27.3094787597656 27.2352809906006 27.1856784820557 27.1598644256592 27.1782283782959 27.2163639068604 27.2760372161865 27.311882019043 27.3323059082031 27.3188495635986 27.2932262420654 27.2735767364502
29.4088611602783 29.5251617431641 29.6530838012695 29.685583114624 29.7048568725586 29.6307392120361 29.5431575775146 29.3870830535889 29.2037467956543 28.9545841217041 28.7458114624023 28.5924873352051 28.4752902984619 28.3876533508301 28.333963394165 28.296350479126 28.2705001831055 28.2474594116211 28.1852397918701 28.1199417114258 28.0490436553955 27.9800701141357 27.9191493988037 27.8574504852295 27.7941112518311 27.7394199371338 27.6953029632568 27.669548034668 27.6571731567383 27.6319274902344 27.6013507843018 27.5634784698486 27.524169921875 27.4590606689453 27.3904991149902 27.2975578308105 27.2119808197021 27.1523017883301 27.1143093109131 27.1165924072266 27.1475467681885 27.20973777771 27.2661647796631 27.3188629150391 27.3324298858643 27.331937789917 27.3050270080566
28.9486064910889 29.0706176757812 29.2054214477539 29.2467994689941 29.2746448516846 29.1953029632568 29.1052951812744 28.9610404968262 28.8056564331055 28.6233978271484 28.4657802581787 28.3419933319092 28.2534523010254 28.1937503814697 28.1480560302734 28.1089973449707 28.0841884613037 28.0627841949463 28.0238590240479 27.9837913513184 27.9446144104004 27.9070358276367 27.8761520385742 27.8437156677246 27.8080005645752 27.7810916900635 27.7649402618408 27.755407333374 27.7506980895996 27.7287521362305 27.699670791626 27.642915725708 27.5807209014893 27.4862079620361 27.3895893096924 27.284086227417 27.1870288848877 27.119665145874 27.0718250274658 27.0602378845215 27.0764675140381 27.1230049133301 27.1857280731201 27.2589225769043 27.3046989440918 27.3406295776367 27.3416957855225
28.5792942047119 28.6756801605225 28.7821483612061 28.8179397583008 28.8431396484375 28.7777004241943 28.7048530578613 28.5943241119385 28.4811573028564 28.3616161346436 28.255126953125 28.1665515899658 28.1064548492432 28.0696582794189 28.0339012145996 27.9986381530762 27.9729595184326 27.9495735168457 27.9221591949463 27.8950042724609 27.875675201416 27.858434677124 27.8499221801758 27.8406352996826 27.8297119140625 27.8260593414307 27.8312969207764 27.8351058959961 27.8378734588623 27.8194389343262 27.7922248840332 27.7202796936035 27.6395397186279 27.5143127441406 27.3881568908691 27.2690162658691 27.1611366271973 27.0928535461426 27.0416011810303 27.02197265625 27.0267944335938 27.058256149292 27.1179695129395 27.1959667205811 27.2589359283447 27.3165092468262 27.337589263916
28.2865695953369 28.330940246582 28.3794116973877 28.3974342346191 28.4105434417725 28.3751163482666 28.3359222412109 28.2775650024414 28.2186279296875 28.1582851409912 28.102897644043 28.0543155670166 28.0224838256836 28.0043563842773 27.9801731109619 27.9531173706055 27.9249629974365 27.8965435028076 27.8707122802734 27.8460998535156 27.8366260528564 27.8304061889648 27.8378143310547 27.846529006958 27.8580074310303 27.8738079071045 27.894889831543 27.9096126556396 27.9197025299072 27.904956817627 27.8799247741699 27.7958965301514 27.7002716064453 27.5432243347168 27.3862838745117 27.2525997161865 27.1344547271729 27.0709476470947 27.0217018127441 26.9989433288574 26.9951477050781 27.0120162963867 27.0608921051025 27.1304740905762 27.1979885101318 27.2647571563721 27.2991466522217
28.1180553436279 28.1382160186768 28.1606311798096 28.1703319549561 28.1778659820557 28.1620044708252 28.1444339752197 28.1181621551514 28.0904903411865 28.0594387054443 28.031322479248 28.0072383880615 27.99387550354 27.9892845153809 27.9792041778564 27.9665203094482 27.9478626251221 27.9277763366699 27.9040508270264 27.8807601928711 27.8674182891846 27.8589992523193 27.8711853027344 27.8863964080811 27.907995223999 27.9310855865479 27.9559936523438 27.9724388122559 27.9827156066895 27.9671821594238 27.9409580230713 27.8450222015381 27.7353801727295 27.5560760498047 27.3788013458252 27.2465686798096 27.1313152313232 27.0757656097412 27.0314598083496 27.00803565979 26.9982986450195 27.0034713745117 27.039493560791 27.0954780578613 27.1585884094238 27.2242565155029 27.263147354126
28.010326385498 28.0198841094971 28.0318717956543 28.0378742218018 28.0430202484131 28.0416145324707 28.0397796630859 28.0357646942139 28.0281219482422 28.0117244720459 27.9992160797119 27.9920482635498 27.9923610687256 27.9987926483154 28.0040531158447 28.0087604522705 28.0054588317871 28.000244140625 27.9788799285889 27.9563121795654 27.9323902130127 27.9153022766113 27.9268131256104 27.9428901672363 27.968599319458 27.9930267333984 28.0158824920654 28.0295486450195 28.0365180969238 28.0180072784424 27.9889430999756 27.8811817169189 27.7579498291016 27.5610675811768 27.3685741424561 27.2456169128418 27.1396942138672 27.0936603546143 27.0557308197021 27.0328502655029 27.0184764862061 27.0133724212646 27.0355587005615 27.0754070281982 27.1297340393066 27.1892604827881 27.2283420562744
28.0027694702148 28.0019550323486 28.0041809082031 28.0096626281738 28.0155849456787 28.0243625640869 28.0330791473389 28.0414752960205 28.0454196929932 28.0386180877686 28.0331592559814 28.0295448303223 28.0335121154785 28.0436820983887 28.0575637817383 28.0732021331787 28.0823669433594 28.0899848937988 28.0770454406738 28.0620994567871 28.0385265350342 28.0203552246094 28.0247955322266 28.0339431762695 28.0530300140381 28.0700225830078 28.084451675415 28.0896835327148 28.0882148742676 28.0641269683838 28.030668258667 27.9104404449463 27.7731552124023 27.5720062255859 27.3777179718018 27.2735595703125 27.1865921020508 27.1600742340088 27.1359329223633 27.1162052154541 27.0963287353516 27.0762939453125 27.0815258026123 27.1031055450439 27.142707824707 27.1887855529785 27.2157135009766
