Ecospace-environmental-drivers/Outputs/ASCII-for-ecospace/MOM6-ISIMIP3a/tos/2005-11_tos_MOM6-ISIMIP3a.asc
NCOLS 131 
NROWS 53 
XLLCORNER -98 
YLLCORNER 23.9265270233154 
CELLSIZE 0.133587792515755 
NODATA_value -9999 
[rows 21 to 41 of 53, columns 0 to 46 of 131]
-9999 -9999 -9999 -9999 -9999 -9999 24.5308265686035 24.5065517425537 24.4439468383789 24.3275699615479 24.1169395446777 23.6524677276611 23.7605590820312 24.0825366973877 24.3717041015625 24.6230163574219 24.8327255249023 25.0138664245605 25.1565208435059 25.2843132019043 25.3629951477051 25.4330101013184 25.4741954803467 25.5059032440186 25.4638977050781 25.4214153289795 25.3773918151855 25.3578929901123 25.381196975708 25.4031448364258 25.423698425293 25.4304618835449 25.4288215637207 25.4117088317871 25.3894386291504 25.3730697631836 25.3575534820557 25.3471946716309 25.3353462219238 25.3140048980713 25.2919769287109 25.268030166626 25.2385864257812 25.2006454467773 25.1516971588135 25.092643737793 25.0101585388184
-9999 -9999 -9999 -9999 -9999 -9999 24.5373287200928 24.5308265686035 24.4822769165039 24.4351119995117 24.3275699615479 24.3707790374756 24.4908008575439 24.7628231048584 24.990177154541 25.1659965515137 25.3122997283936 25.4383316040039 25.5068435668945 25.5531425476074 25.5863285064697 25.6171989440918 25.6489791870117 25.6737804412842 25.6402606964111 25.6070499420166 25.5748386383057 25.5623226165771 25.5841770172119 25.5955410003662 25.5961112976074 25.5854511260986 25.5679531097412 25.5375385284424 25.5028209686279 25.4733390808105 25.4446105957031 25.4202613830566 25.39524269104 25.3659477233887 25.336986541748 25.3089485168457 25.2775402069092 25.2409229278564 25.1944637298584 25.138973236084 25.0648651123047
-9999 -9999 -9999 -9999 24.348611831665 24.4868831634521 24.5384559631348 24.5427055358887 24.5308265686035 24.4337253570557 24.4483242034912 24.8904609680176 25.2450618743896 25.426456451416 25.5710639953613 25.673225402832 25.7584972381592 25.8321743011475 25.8301467895508 25.7988891601562 25.7881259918213 25.7809810638428 25.8005180358887 25.8156795501709 25.7894992828369 25.7649230957031 25.7455501556396 25.7408905029297 25.761905670166 25.7635517120361 25.7452659606934 25.7176208496094 25.6842708587646 25.6404991149902 25.5932540893555 25.5507259368896 25.5088787078857 25.4709377288818 25.433198928833 25.3967399597168 25.3615379333496 25.3298301696777 25.2970161437988 25.2624969482422 25.2191677093506 25.1677532196045 25.1025238037109
-9999 -9999 -9999 -9999 24.026762008667 24.342342376709 24.4353103637695 24.5384559631348 24.5588340759277 24.8181934356689 25.0922756195068 25.4227237701416 25.6699523925781 25.7525177001953 25.8146648406982 25.8532543182373 25.8872966766357 25.9182186126709 25.908655166626 25.8834552764893 25.8566951751709 25.8296585083008 25.8254070281982 25.8190116882324 25.7905921936035 25.767240524292 25.7603187561035 25.7638053894043 25.7854537963867 25.7877025604248 25.7699909210205 25.7402839660645 25.7032680511475 25.6532497406006 25.59889793396 25.5496349334717 25.5011234283447 25.4593715667725 25.417818069458 25.377534866333 25.3391551971436 25.3060741424561 25.2733898162842 25.2413215637207 25.2007751464844 25.1524448394775 25.0974273681641
-9999 -9999 -9999 -9999 -9999 24.026762008667 24.3688430786133 24.3321666717529 24.6702423095703 25.2029361724854 25.6706447601318 25.8896179199219 26.0333671569824 26.0282745361328 26.0167655944824 25.9978504180908 25.9863700866699 25.9799919128418 25.9638843536377 25.9440212249756 25.90549659729 25.8636798858643 25.8391971588135 25.8147602081299 25.7875232696533 25.7675323486328 25.7710342407227 25.7811546325684 25.802827835083 25.8059215545654 25.7898979187012 25.7603149414062 25.7224712371826 25.6688632965088 25.6099987030029 25.5561904907227 25.5031337738037 25.4572296142578 25.4116249084473 25.3679237365723 25.3265781402588 25.2917976379395 25.2589550018311 25.2291107177734 25.191722869873 25.1474075317383 25.1028747558594
-9999 -9999 -9999 -9999 -9999 24.1129913330078 24.026762008667 24.5779914855957 25.1473369598389 25.5888919830322 25.9614429473877 26.0698833465576 26.1272239685059 26.0834560394287 26.0368881225586 25.9870929718018 25.9551010131836 25.9353351593018 25.9170513153076 25.899341583252 25.8676261901855 25.8334407806396 25.8043308258057 25.7772541046143 25.7662048339844 25.7589435577393 25.7639656066895 25.7740936279297 25.7931270599365 25.7981243133545 25.7886791229248 25.7688064575195 25.7425842285156 25.6970252990723 25.6450214385986 25.596284866333 25.5479755401611 25.4964218139648 25.4457111358643 25.400369644165 25.356990814209 25.3190765380859 25.2848167419434 25.2562026977539 25.2236251831055 25.1874084472656 25.1545505523682
-9999 -9999 24.3028430938721 24.2803325653076 24.2564487457275 24.1993236541748 24.1128902435303 24.8268203735352 25.5514087677002 25.9070072174072 26.1922206878662 26.2080383300781 26.1930751800537 26.1172065734863 26.0434455871582 25.9721145629883 25.9225597381592 25.8879566192627 25.8636932373047 25.8434219360352 25.8174667358398 25.790506362915 25.7622470855713 25.7372570037842 25.7397403717041 25.743824005127 25.7531051635742 25.765567779541 25.7835826873779 25.7910785675049 25.787748336792 25.7757568359375 25.758487701416 25.7217063903809 25.6784191131592 25.6380310058594 25.5979557037354 25.5460548400879 25.4949607849121 25.4490222930908 25.4047069549561 25.3649101257324 25.3295402526855 25.3010158538818 25.270336151123 25.2376804351807 25.2114028930664
-9999.000000000000000 -9999 -9999 -9999 24.3852252960205 24.3135738372803 24.3662300109863 25.0822010040283 25.7961597442627 26.0771064758301 26.2920436859131 26.2543106079102 26.1978168487549 26.1042003631592 26.0204029083252 25.9479351043701 25.8872451782227 25.834644317627 25.7960968017578 25.762975692749 25.7404861450195 25.7198734283447 25.7044200897217 25.6918201446533 25.7020473480225 25.7144603729248 25.7339649200439 25.7538433074951 25.7743759155273 25.7856693267822 25.7874526977539 25.7793426513672 25.7652053833008 25.7387866973877 25.70827293396 25.6833820343018 25.6591491699219 25.618465423584 25.5772972106934 25.5330371856689 25.4901790618896 25.4512233734131 25.4154205322266 25.3844871520996 25.3493537902832 25.3103637695312 25.2795429229736
-9999 -9999 -9999 -9999 24.5592594146729 24.6427803039551 24.5955924987793 25.2936878204346 25.9898490905762 26.2033424377441 26.3588981628418 26.2926921844482 26.2150592803955 26.1148147583008 26.026683807373 25.9525337219238 25.8803424835205 25.809497833252 25.7540912628174 25.7046451568604 25.6799831390381 25.6596946716309 25.6549339294434 25.652717590332 25.6688804626465 25.687629699707 25.7147579193115 25.7405281066895 25.7639293670654 25.7790870666504 25.7857608795166 25.7820148468018 25.7719211578369 25.754711151123 25.73512840271 25.7221183776855 25.7098960876465 25.6811599731445 25.651050567627 25.6121997833252 25.57373046875 25.5363254547119 25.5016040802002 25.4710292816162 25.4372653961182 25.4005756378174 25.3660507202148
-9999 -9999 -9999 -9999 24.6821022033691 24.7214260101318 24.7699813842773 25.4499530792236 26.1193046569824 26.2743911743164 26.38427734375 26.3211441040039 26.2480239868164 26.155143737793 26.069860458374 25.9933395385742 25.9091854095459 25.8197860717773 25.7442798614502 25.6741352081299 25.6402072906494 25.6126689910889 25.6159381866455 25.6215839385986 25.6414108276367 25.6639842987061 25.6954689025879 25.725212097168 25.7519226074219 25.7710304260254 25.7823162078857 25.7835388183594 25.7786312103271 25.7691783905029 25.7582130432129 25.7525310516357 25.747501373291 25.7316284179688 25.7140064239502 25.6852588653564 25.6548690795898 25.6199016571045 25.5881690979004 25.561429977417 25.5363674163818 25.5128440856934 25.4756717681885
-9999 -9999 -9999 -9999 24.7214260101318 24.7802028656006 24.8491992950439 25.5156097412109 26.1731071472168 26.3147296905518 26.4170475006104 26.3689231872559 26.3091430664062 26.2263031005859 26.1445941925049 26.0641860961914 25.9637050628662 25.8494358062744 25.7468376159668 25.6487445831299 25.6071453094482 25.5755157470703 25.585844039917 25.5984802246094 25.6226787567139 25.6493091583252 25.6838188171387 25.7161979675293 25.7448577880859 25.7672863006592 25.7833080291748 25.7907123565674 25.7928714752197 25.7899951934814 25.7854423522949 25.782341003418 25.7793979644775 25.7706851959229 25.7605972290039 25.7417526245117 25.720531463623 25.6927032470703 25.6673698425293 25.6458950042725 25.6286888122559 25.615406036377 25.5851497650146
-9999 -9999 -9999 -9999 24.7836093902588 24.8491992950439 25.477783203125 25.513313293457 26.1701698303223 26.3320331573486 26.4553623199463 26.4311962127686 26.3913764953613 26.3205852508545 26.2429943084717 26.1575622558594 26.0374813079834 25.8936080932617 25.758674621582 25.6271934509277 25.5791206359863 25.545768737793 25.562427520752 25.5813980102539 25.610502243042 25.6413593292236 25.6779003143311 25.7119102478027 25.7415008544922 25.7667808532715 25.7876243591309 25.8021240234375 25.8127593994141 25.8155746459961 25.8157825469971 25.8116970062256 25.8070087432861 25.8011817932129 25.7949123382568 25.7858180999756 25.7745914459229 25.7574234008789 25.7410526275635 25.7259063720703 25.7159271240234 25.7106876373291 25.6945209503174
-9999 -9999 -9999 -9999 24.8491992950439 25.5230579376221 25.8342590332031 26.0330123901367 26.067361831665 26.2817363739014 26.4548892974854 26.4702529907227 26.4596347808838 26.3976001739502 26.320951461792 26.2274417877197 26.0917491912842 25.9270858764648 25.7732410430908 25.6235733032227 25.5747833251953 25.5437965393066 25.5665817260742 25.5914726257324 25.624116897583 25.6576499938965 25.6940612792969 25.7284317016602 25.7592430114746 25.7874526977539 25.8129844665527 25.8334484100342 25.8508243560791 25.8570899963379 25.8596515655518 25.8546581268311 25.8486251831055 25.8429431915283 25.8371963500977 25.8310317993164 25.8236656188965 25.812952041626 25.8027362823486 25.7932891845703 25.7890434265137 25.789571762085 25.7847118377686
-9999 -9999 -9999 -9999 -9999 25.8687419891357 25.9309864044189 25.956449508667 25.9217491149902 26.2024669647217 26.4377899169922 26.4993629455566 26.5219039916992 26.4672164916992 26.3901462554932 26.2872543334961 26.1376552581787 25.955982208252 25.7889766693115 25.6276359558105 25.5805969238281 25.5537300109863 25.5825519561768 25.613187789917 25.6487865447998 25.6843299865723 25.7196846008301 25.7538719177246 25.7860260009766 25.8171997070312 25.8473663330078 25.8733081817627 25.8966789245605 25.9054336547852 25.9093170166016 25.9034519195557 25.896240234375 25.8895301818848 25.8828964233398 25.8767375946045 25.87060546875 25.8645401000977 25.8592777252197 25.8552570343018 25.856107711792 25.8614292144775 25.8666858673096
-9999 -9999 -9999 -9999 -9999 25.8563938140869 25.8409786224365 25.8034992218018 25.8341484069824 26.1706466674805 26.4545478820801 26.5371227264404 26.5752410888672 26.5253944396973 26.4473190307617 26.3366718292236 26.1875190734863 26.0119209289551 25.8552684783936 25.7059326171875 25.6587905883789 25.6296806335449 25.6583080291748 25.6887397766113 25.7236824035645 25.7593460083008 25.797342300415 25.8338470458984 25.8677501678467 25.8987064361572 25.9266319274902 25.9506683349609 25.9723358154297 25.9804878234863 25.9841365814209 25.97483253479 25.9637336730957 25.9518051147461 25.9403877258301 25.932222366333 25.9244270324707 25.9176616668701 25.9134826660156 25.9133052825928 25.9162883758545 25.9221706390381 25.9294319152832
-9999 -9999 -9999 -9999 -9999 25.8415489196777 25.7972164154053 25.7629852294922 25.7585506439209 26.148645401001 26.4783096313477 26.5766735076904 26.6267318725586 26.5812072753906 26.5020046234131 26.383939743042 26.2381992340088 26.0734539031982 25.9320201873779 25.7995891571045 25.7519588470459 25.7192916870117 25.7464351654053 25.7754325866699 25.8089694976807 25.8443603515625 25.8857650756836 25.9251041412354 25.9608402252197 25.9909229278564 26.0151863098145 26.0357875823975 26.0541572570801 26.0610675811768 26.0641593933105 26.0508880615234 26.0353393554688 26.0173263549805 26.0003204345703 25.9897308349609 25.9796733856201 25.9711017608643 25.9672069549561 25.9705448150635 25.9750442504883 25.9806118011475 25.9882030487061
-9999 -9999 -9999 -9999 -9999 -9999 25.88645362854 25.8251628875732 25.8581027984619 26.2630653381348 26.5993461608887 26.6727485656738 26.7016792297363 26.6426105499268 26.5557193756104 26.4367294311523 26.2976036071777 26.1446495056152 26.0341625213623 25.9400749206543 25.9167671203613 25.9059524536133 25.9415550231934 25.9775581359863 26.008430480957 26.0391712188721 26.0694789886475 26.0969734191895 26.1195545196533 26.1359920501709 26.1461086273193 26.1555881500244 26.1646823883057 26.1687355041504 26.1711082458496 26.159236907959 26.1452693939209 26.1140594482422 26.0837726593018 26.0593643188477 26.0385665893555 26.0278224945068 26.0220928192139 26.0241165161133 26.0273723602295 26.0317630767822 26.0385684967041
-9999 -9999 -9999 -9999 -9999 -9999 26.0387554168701 26.0712127685547 25.9808139801025 26.3903465270996 26.724458694458 26.7698841094971 26.775390625 26.7019138336182 26.607234954834 26.488094329834 26.3565464019775 26.2164764404297 26.1375694274902 26.0822811126709 26.0843830108643 26.0966129302979 26.1401538848877 26.1825714111328 26.2099227905273 26.235164642334 26.253568649292 26.2684993743896 26.2773723602295 26.2800312042236 26.276294708252 26.2749042510986 26.2749462127686 26.2761478424072 26.2777366638184 26.2676296234131 26.255687713623 26.2134494781494 26.1717681884766 26.1336288452148 26.101619720459 26.0866775512695 26.0776195526123 26.0776500701904 26.0792064666748 26.082160949707 26.088062286377
-9999 -9999 -9999 -9999 -9999 -9999 26.2032718658447 26.2198905944824 26.2668838500977 26.5896816253662 26.8465957641602 26.8513259887695 26.8247318267822 26.7361488342285 26.6357250213623 26.521635055542 26.4064102172852 26.2904071807861 26.2423343658447 26.2204933166504 26.2477130889893 26.2835922241211 26.3247756958008 26.3632850646973 26.3785457611084 26.3913383483887 26.3961315155029 26.3978748321533 26.3943004608154 26.3878345489502 26.3783931732178 26.3724765777588 26.368709564209 26.3678951263428 26.3680667877197 26.3610954284668 26.3530044555664 26.3262748718262 26.2969951629639 26.2514934539795 26.2073001861572 26.1667442321777 26.1394214630127 26.13254737854 26.1288223266602 26.1279888153076 26.132266998291
-9999 -9999 -9999 -9999 -9999 26.1068630218506 26.2721633911133 26.3187122344971 26.5424823760986 26.7752914428711 26.9531898498535 26.9209136962891 26.8657417297363 26.7652645111084 26.6624851226807 26.5570487976074 26.4608821868896 26.3710823059082 26.3497371673584 26.3548259735107 26.3986473083496 26.4493045806885 26.4848670959473 26.5168170928955 26.5214233398438 26.5234470367432 26.5170955657959 26.5082054138184 26.4948844909668 26.4813404083252 26.4675674438477 26.4581871032715 26.4514827728271 26.4489345550537 26.4477710723877 26.44309425354 26.4378700256348 26.4239540100098 26.4056072235107 26.3590278625488 26.3090057373047 26.2493953704834 26.2061672210693 26.1882553100586 26.1770496368408 26.172004699707 26.1742343902588
-9999 -9999 -9999 -9999 25.6335048675537 25.98655128479 26.1068630218506 26.4431896209717 26.7796840667725 26.910572052002 27.0027961730957 26.9470310211182 26.8762111663818 26.7755966186523 26.682897567749 26.5993328094482 26.5322494506836 26.4764842987061 26.4668102264404 26.4749355316162 26.5041217803955 26.5370273590088 26.5550060272217 26.5706844329834 26.5699043273926 26.5673141479492 26.5588645935059 26.548698425293 26.5355396270752 26.522424697876 26.509349822998 26.5004043579102 26.4939708709717 26.4907131195068 26.4885139465332 26.4830360412598 26.4770698547363 26.4661083221436 26.4532928466797 26.4286823272705 26.3961410522461 26.3415279388428 26.2910423278809 26.2469348907471 26.2201881408691 26.2093734741211 26.2080059051514
