Ecospace-environmental-drivers/Outputs/ASCII-for-ecospace/MOM6-ISIMIP3a/tos/2005-08_tos_MOM6-ISIMIP3a.asc
NCOLS 131 
NROWS 53 
XLLCORNER -98 
YLLCORNER 23.9265270233154 
CELLSIZE 0.133587792515755 
NODATA_value -9999 
[rows 21 to 41 of 53, columns 0 to 46 of 131]
-9999 -9999 -9999 -9999 -9999 -9999 30.4327011108398 30.4439525604248 30.4743385314941 30.5263023376465 30.6078052520752 30.7523441314697 30.706226348877 30.5688533782959 30.4908256530762 30.4812698364258 30.4889793395996 30.5085430145264 30.5095748901367 30.5034523010254 30.5059757232666 30.5100269317627 30.5089912414551 30.5079498291016 30.5077991485596 30.5099067687988 30.5193328857422 30.5291118621826 30.5395069122314 30.5519790649414 30.5665874481201 30.5851707458496 30.6061744689941 30.6272239685059 30.6482887268066 30.6615772247314 30.6737194061279 30.6756381988525 30.6765899658203 30.6713771820068 30.6652412414551 30.6565265655518 30.6464061737061 30.6341075897217 30.6186790466309 30.6003799438477 30.5813159942627
-9999 -9999 -9999 -9999 -9999 -9999 30.4303874969482 30.4327011108398 30.4552040100098 30.4831466674805 30.5263023376465 30.5447692871094 30.5303955078125 30.4510345458984 30.4095630645752 30.4118041992188 30.422908782959 30.4400978088379 30.4452095031738 30.4456577301025 30.4471950531006 30.4489231109619 30.4477710723877 30.4468593597412 30.4484901428223 30.4523887634277 30.4636325836182 30.4755573272705 30.4886684417725 30.5024547576904 30.5169353485107 30.5345191955566 30.5539932250977 30.5743675231934 30.5950412750244 30.6100215911865 30.6241626739502 30.6313133239746 30.6375293731689 30.6377773284912 30.6370182037354 30.6334457397461 30.6284961700439 30.6214141845703 30.6127681732178 30.6026840209961 30.5909690856934
-9999 -9999 -9999 -9999 30.3746376037598 30.4096794128418 30.4291648864746 30.4292964935303 30.4327011108398 30.4777050018311 30.4958801269531 30.4113636016846 30.3518104553223 30.341646194458 30.3417015075684 30.3535480499268 30.3661479949951 30.3792629241943 30.3864364624023 30.3913135528564 30.3907413482666 30.3892059326172 30.3878650665283 30.3870487213135 30.3905792236328 30.3963260650635 30.4092674255371 30.4232788085938 30.4391613006592 30.4546089172363 30.469612121582 30.4869422912598 30.5056934356689 30.5256843566895 30.5460872650146 30.5625438690186 30.5784282684326 30.5903549194336 30.6013946533203 30.6067924499512 30.6111278533936 30.6125049591064 30.6125659942627 30.6105937957764 30.6086559295654 30.6067504882812 30.6025848388672
-9999 -9999 -9999 -9999 30.2958335876465 30.3638744354248 30.390193939209 30.4291648864746 30.4260215759277 30.3860149383545 30.3476104736328 30.3153343200684 30.2948627471924 30.2977561950684 30.3033599853516 30.3120918273926 30.3216209411621 30.3317012786865 30.3388252258301 30.3448085784912 30.346794128418 30.3480758666992 30.349781036377 30.3518924713135 30.3573150634766 30.3642196655273 30.3759250640869 30.3894271850586 30.4060688018799 30.4232883453369 30.4411067962646 30.4605522155762 30.4809894561768 30.5019512176514 30.5230884552002 30.5423126220703 30.561243057251 30.5764408111572 30.590799331665 30.5998287200928 30.6075210571289 30.6114921569824 30.6137828826904 30.6134777069092 30.6129875183105 30.612325668335 30.6109676361084
-9999 -9999 -9999 -9999 -9999 30.2958335876465 30.3403053283691 30.3512210845947 30.397253036499 30.2994155883789 30.2239608764648 30.2341690063477 30.2446708679199 30.2557544708252 30.2638378143311 30.2684631347656 30.2746524810791 30.2819156646729 30.2894191741943 30.2970161437988 30.302209854126 30.306978225708 30.3124656677246 30.3182353973389 30.3262119293213 30.3350658416748 30.3467578887939 30.3606796264648 30.3784885406494 30.3977088928223 30.4183826446533 30.4400615692139 30.4623546600342 30.4844512939453 30.5064811706543 30.5280570983887 30.5495452880859 30.56760597229 30.5848274230957 30.5966930389404 30.6069450378418 30.6127090454102 30.6164989471436 30.6172409057617 30.6176700592041 30.6178092956543 30.6182518005371
-9999 -9999 -9999 -9999 -9999 30.2384490966797 30.2958335876465 30.285005569458 30.2716331481934 30.2351341247559 30.208251953125 30.218189239502 30.2240962982178 30.2220287322998 30.219144821167 30.2153224945068 30.2169742584229 30.2223854064941 30.2321434020996 30.2435779571533 30.2548217773438 30.2660312652588 30.278528213501 30.2911491394043 30.304573059082 30.3188533782959 30.3359031677246 30.3543128967285 30.3750896453857 30.3973064422607 30.4210033416748 30.445442199707 30.4703311920166 30.4942684173584 30.5178871154785 30.5400066375732 30.5618991851807 30.5810470581055 30.5991191864014 30.6103363037109 30.6196594238281 30.623706817627 30.6257953643799 30.6248531341553 30.6238861083984 30.6228981018066 30.6207256317139
-9999 -9999 30.1241340637207 30.1349143981934 30.1429824829102 30.1809978485107 30.2385177612305 30.2086410522461 30.177604675293 30.1869277954102 30.1954383850098 30.2008380889893 30.199800491333 30.1860256195068 30.1742782592773 30.1648712158203 30.1639442443848 30.1688404083252 30.1818733215332 30.1980495452881 30.2157516479492 30.2337226867676 30.2523174285889 30.2708778381348 30.2890357971191 30.3081340789795 30.3302822113037 30.3531322479248 30.3772029876709 30.4029197692871 30.4303283691406 30.4575786590576 30.484733581543 30.5095996856689 30.5337009429932 30.5550327301025 30.5759677886963 30.5948848724365 30.6124782562256 30.6216297149658 30.628662109375 30.6297969818115 30.6293182373047 30.626350402832 30.6240901947021 30.6224803924561 30.6184101104736
-9999.000000000000000 -9999 -9999 -9999 30.0807628631592 30.1049671173096 30.0699272155762 30.1101341247559 30.1525039672852 30.1738014221191 30.1889381408691 30.1804943084717 30.1673889160156 30.1450576782227 30.129035949707 30.1202926635742 30.1210556030273 30.1283512115479 30.1468925476074 30.1697769165039 30.1948261260986 30.2202548980713 30.2429656982422 30.2654762268066 30.2868099212646 30.3094043731689 30.3360824584961 30.3632698059082 30.3913459777832 30.4216594696045 30.454273223877 30.4844551086426 30.5131530761719 30.536958694458 30.5591316223145 30.5767707824707 30.5937728881836 30.6095886230469 30.62380027771 30.6277942657471 30.6295700073242 30.6251773834229 30.6202545166016 30.6145114898682 30.6111755371094 30.6100463867188 30.6056442260742
-9999 -9999 -9999 -9999 30.0027503967285 29.9563236236572 29.9619407653809 30.0510635375977 30.1390075683594 30.161548614502 30.1749668121338 30.1534671783447 30.1309585571289 30.1064548492432 30.0901889801025 30.0834331512451 30.0874176025391 30.0987796783447 30.12428855896 30.1552562713623 30.188533782959 30.2222194671631 30.2475204467773 30.2722854614258 30.2941055297852 30.3178195953369 30.3476791381836 30.3781452178955 30.4096717834473 30.4424953460693 30.476655960083 30.5065898895264 30.5339488983154 30.5559215545654 30.5760974884033 30.5906372070312 30.6043872833252 30.6165637969971 30.6270904541016 30.6271190643311 30.6252307891846 30.6180038452148 30.6110286712646 30.6044387817383 30.600793838501 30.5998516082764 30.5953998565674
-9999 -9999 -9999 -9999 29.9516429901123 29.9469623565674 29.94118309021 30.0416107177734 30.1401062011719 30.1503944396973 30.1515979766846 30.118034362793 30.0894775390625 30.0708236694336 30.0593891143799 30.0562839508057 30.0654144287109 30.0829429626465 30.1172523498535 30.1580390930176 30.2006549835205 30.243595123291 30.2695693969727 30.294454574585 30.3133735656738 30.3352222442627 30.366569519043 30.398983001709 30.4332599639893 30.465970993042 30.4970703125 30.5227584838867 30.5451507568359 30.5643196105957 30.5824165344238 30.5946063995361 30.6059551239014 30.6138114929199 30.6202716827393 30.6178398132324 30.6142883300781 30.6076183319092 30.6016006469727 30.5965919494629 30.5936031341553 30.5924682617188 30.5883293151855
-9999 -9999 -9999 -9999 29.9469623565674 29.9399662017822 29.9317531585693 30.0294780731201 30.1245098114014 30.1276035308838 30.1221313476562 30.0838584899902 30.0539875030518 30.0407409667969 30.0330810546875 30.0318641662598 30.0453853607178 30.0690288543701 30.1114158630371 30.161039352417 30.2105579376221 30.2600555419922 30.2867946624756 30.3124561309814 30.3332862854004 30.356632232666 30.3881397247314 30.4196968078613 30.4513359069824 30.4799270629883 30.5053806304932 30.5261859893799 30.5441608428955 30.5608806610107 30.5771808624268 30.5882263183594 30.5985069274902 30.603157043457 30.6067199707031 30.6033401489258 30.5992221832275 30.5930461883545 30.5876903533936 30.5835990905762 30.5809631347656 30.5796585083008 30.5757656097412
-9999 -9999 -9999 -9999 29.9395599365234 29.9317531585693 30.0099449157715 30.0153388977051 30.0963878631592 30.0960884094238 30.0880908966064 30.0506229400635 30.0229892730713 30.014820098877 30.010139465332 30.0094871520996 30.0268402099609 30.0565567016602 30.1064796447754 30.1642036437988 30.2187938690186 30.2728290557861 30.3004055023193 30.3273315429688 30.3536777496338 30.3810443878174 30.4117221832275 30.4403171539307 30.4652805328369 30.4867458343506 30.5046100616455 30.520055770874 30.5340270996094 30.5485610961914 30.5632801055908 30.5740871429443 30.5842971801758 30.5865783691406 30.5881175994873 30.584924697876 30.5810623168945 30.5753345489502 30.5704154968262 30.5667514801025 30.5642375946045 30.5627784729004 30.5590839385986
-9999 -9999 -9999 -9999 29.9317531585693 30.0062789916992 30.0420970916748 30.0632057189941 30.0663070678711 30.060791015625 30.0500297546387 30.0191917419434 29.9968013763428 29.9911308288574 29.9881477355957 29.9882621765137 30.0089569091797 30.0437850952148 30.0995845794678 30.1634788513184 30.221227645874 30.2778911590576 30.3103771209717 30.3421440124512 30.3723487854004 30.4015655517578 30.4275817871094 30.4502449035645 30.4670524597168 30.4812068939209 30.4926300048828 30.5025577545166 30.5115756988525 30.5225715637207 30.5342273712158 30.5440864562988 30.5536327362061 30.5539798736572 30.5536861419678 30.5493106842041 30.5445041656494 30.5384979248047 30.5329647064209 30.5281639099121 30.5255184173584 30.5248508453369 30.5229110717773
-9999 -9999 -9999 -9999 -9999 30.0348434448242 30.041316986084 30.0477485656738 30.0353851318359 30.0238723754883 30.0102462768555 29.9885330200195 29.9726734161377 29.9683990478516 29.9665603637695 29.9675331115723 29.9913597106934 30.0308856964111 30.0918483734131 30.1610889434814 30.2211761474609 30.2796478271484 30.3187885284424 30.3569297790527 30.3902797698975 30.4204158782959 30.4401302337646 30.4555854797363 30.4636077880859 30.4703731536865 30.4758434295654 30.480188369751 30.4838447570801 30.4907245635986 30.4986782073975 30.507287979126 30.5159149169922 30.5145149230957 30.51247215271 30.5063247680664 30.5000591278076 30.493465423584 30.4868679046631 30.4802627563477 30.4773750305176 30.4779014587402 30.4783840179443
-9999 -9999 -9999 -9999 -9999 30.0195121765137 30.0211124420166 30.0129985809326 30.0123443603516 29.9902591705322 29.969596862793 29.9543895721436 29.9429988861084 29.9391593933105 29.9387664794922 29.9423503875732 29.969820022583 30.013692855835 30.0798206329346 30.154541015625 30.2173500061035 30.2780590057373 30.3210372924805 30.3627700805664 30.3973503112793 30.4277019500732 30.4443397521973 30.4549160003662 30.4549140930176 30.4550018310547 30.4551792144775 30.4546165466309 30.4536037445068 30.4551239013672 30.4574909210205 30.4618473052979 30.4664287567139 30.4641628265381 30.461217880249 30.453950881958 30.4463443756104 30.4377899169922 30.4296264648438 30.4220695495605 30.4206714630127 30.4249305725098 30.4311027526855
-9999 -9999 -9999 -9999 -9999 29.9958686828613 29.9961051940918 30.0025901794434 29.9909343719482 29.9573287963867 29.9287700653076 29.919527053833 29.9121780395508 29.9085731506348 29.9096870422363 29.9162464141846 29.9474639892578 29.9956130981445 30.0669040679932 30.1471309661865 30.2127437591553 30.2757778167725 30.3220119476318 30.3667602539062 30.4021739959717 30.432596206665 30.4468231201172 30.4530010223389 30.4451351165771 30.4386920928955 30.4337120056152 30.4283828735352 30.4228401184082 30.4187469482422 30.4151382446289 30.4146213531494 30.4145107269287 30.4115581512451 30.407886505127 30.3996353149414 30.3907108306885 30.3799114227295 30.370080947876 30.3617458343506 30.3621978759766 30.3707141876221 30.3832511901855
-9999 -9999 -9999 -9999 -9999 -9999 29.9703903198242 29.9727249145508 29.9697113037109 29.9341945648193 29.9034519195557 29.8909797668457 29.8806972503662 29.8747482299805 29.8766651153564 29.887659072876 29.9243602752686 29.9787178039551 30.0538444519043 30.1369895935059 30.2066688537598 30.2739734649658 30.3209838867188 30.3662662506104 30.4008407592773 30.4297103881836 30.4400806427002 30.4435043334961 30.4348068237305 30.424919128418 30.4138107299805 30.404821395874 30.3971252441406 30.3912944793701 30.3860874176025 30.3818950653076 30.3778476715088 30.3741512298584 30.3698558807373 30.3617534637451 30.3531379699707 30.3430995941162 30.3332214355469 30.3235950469971 30.3258895874023 30.3391284942627 30.357458114624
-9999 -9999 -9999 -9999 -9999 -9999 29.9423236846924 29.9358577728271 29.9473876953125 29.9108276367188 29.8784637451172 29.8621559143066 29.8486232757568 29.8405799865723 29.8437271118164 29.8597869873047 29.9022789001465 29.9629211425781 30.0414733886719 30.1269397735596 30.2006855010986 30.2723636627197 30.3198223114014 30.3653106689453 30.398796081543 30.4260196685791 30.4329357147217 30.433967590332 30.4247226715088 30.4116649627686 30.3946800231934 30.3822441101074 30.372579574585 30.3650493621826 30.3582324981689 30.3507919311523 30.3432865142822 30.3387966156006 30.3338279724121 30.3258094787598 30.3174629211426 30.3082084655762 30.2984485626221 30.2879085540771 30.2921981811523 30.3100967407227 30.3340702056885
-9999 -9999 -9999 -9999 -9999 -9999 29.9119396209717 29.9183883666992 29.913257598877 29.880298614502 29.8495712280273 29.8273773193359 29.8105373382568 29.8042831420898 29.8135585784912 29.8407573699951 29.8914489746094 29.9582748413086 30.0365238189697 30.1191825866699 30.1963748931885 30.2726001739502 30.3181915283203 30.3615684509277 30.3921031951904 30.4174404144287 30.4259281158447 30.427640914917 30.4175262451172 30.4027042388916 30.3830375671387 30.3688812255859 30.3580799102783 30.3474102020264 30.336784362793 30.3300476074219 30.3238525390625 30.31809425354 30.3118705749512 30.3026866912842 30.2933826446533 30.2837505340576 30.2750911712646 30.267936706543 30.2758159637451 30.297492980957 30.3258171081543
-9999 -9999 -9999 -9999 -9999 29.8886318206787 29.884204864502 29.8815746307373 29.8724555969238 29.8435249328613 29.8153133392334 29.7898426055908 29.7722473144531 29.770227432251 29.786808013916 29.8248481750488 29.8822002410889 29.9528141021729 30.0310039520264 30.1121196746826 30.1923122406006 30.2723407745361 30.3161849975586 30.3575305938721 30.3846454620361 30.4077262878418 30.4177284240723 30.4204635620117 30.410514831543 30.3947944641113 30.3731307983398 30.357385635376 30.3452434539795 30.3321132659912 30.3186550140381 30.3117218017578 30.305685043335 30.2987079620361 30.2912578582764 30.2808055877686 30.2703876495361 30.2600727081299 30.2524471282959 30.2489795684814 30.2609577178955 30.2871170043945 30.3195762634277
-9999 -9999 -9999 -9999 30.1485195159912 29.9702816009521 29.8886318206787 29.8482208251953 29.8071899414062 29.7838554382324 29.7613792419434 29.7422008514404 29.7332134246826 29.7443923950195 29.7725772857666 29.820384979248 29.8787498474121 29.9443664550781 30.0233917236328 30.1075973510742 30.1891651153564 30.2702655792236 30.3128108978271 30.3524017333984 30.3743839263916 30.3938484191895 30.4051532745361 30.4101657867432 30.4041938781738 30.3907413482666 30.3695907592773 30.3527393341064 30.3385105133057 30.3254070281982 30.3126792907715 30.3022575378418 30.2921695709229 30.2841548919678 30.2755832672119 30.2634792327881 30.2513694763184 30.2392501831055 30.2324123382568 30.2337379455566 30.2516937255859 30.2849159240723 30.320707321167
