Ecospace-environmental-drivers/Outputs/ASCII-for-ecospace/MOM6-ISIMIP3a/tos/2006-06_tos_MOM6-ISIMIP3a.asc
NCOLS 131 
NROWS 53 
XLLCORNER -98 
YLLCORNER 23.9265270233154 
CELLSIZE 0.133587792515755 
NODATA_value -9999 
[rows 21 to 41 of 53, columns 47 to 93 of 131]
28.0475521087646 28.0547256469727 28.0639781951904 28.0716533660889 28.0792369842529 28.0887222290039 28.0987148284912 28.1112728118896 28.1224193572998 28.1301517486572 28.141242980957 28.156946182251 28.1728954315186 28.1890506744385 28.185525894165 28.1726779937744 28.1561794281006 28.1388092041016 28.1484508514404 28.1607131958008 28.1841259002686 28.2054195404053 28.2178401947021 28.2273216247559 28.2306003570557 28.2354164123535 28.2421112060547 28.2536754608154 28.2687854766846 28.2790813446045 28.2873840332031 28.2785606384277 28.2663726806641 28.2399349212646 28.2126064300537 28.1817111968994 28.1462020874023 28.094482421875 28.033670425415 27.9559764862061 27.8820190429688 27.8121356964111 27.7630939483643 27.7275390625 27.6911907196045 27.6545600891113 27.6094188690186
28.0899715423584 28.0934562683105 28.098087310791 28.0964813232422 28.0944328308105 28.0976848602295 28.1023235321045 28.1140174865723 28.125883102417 28.1381587982178 28.152172088623 28.168571472168 28.1787605285645 28.1838665008545 28.1747989654541 28.1590137481689 28.1533279418945 28.150053024292 28.1714420318604 28.1944961547852 28.2171020507812 28.2372188568115 28.2469120025635 28.2542533874512 28.2566337585449 28.2602882385254 28.265495300293 28.2737293243408 28.2841682434082 28.2893676757812 28.2923965454102 28.2771339416504 28.2582740783691 28.2228622436523 28.1866474151611 28.1485843658447 28.1068801879883 28.0523738861084 27.9915828704834 27.919116973877 27.8531074523926 27.7941284179688 27.752685546875 27.7225914001465 27.6912479400635 27.6594543457031 27.6191883087158
28.1334953308105 28.1337776184082 28.1343441009521 28.1244850158691 28.1138553619385 28.1112613677979 28.11083984375 28.1214637756348 28.1337413787842 28.1500034332275 28.165714263916 28.1806640625 28.1835308074951 28.1765155792236 28.162223815918 28.1444854736328 28.1505584716797 28.1623210906982 28.1949119567871 28.2280902862549 28.2490158081055 28.2672252655029 28.274076461792 28.2791442871094 28.2804546356201 28.2828521728516 28.2865810394287 28.2913837432861 28.2969665527344 28.2973098754883 28.295482635498 28.2745571136475 28.2498741149902 28.2058029174805 28.1609649658203 28.1156692504883 28.0678672790527 28.011251449585 27.951078414917 27.8843059539795 27.8265972137451 27.7787609100342 27.7449188232422 27.7201328277588 27.6938018798828 27.6669178009033 27.6316566467285
28.1362972259521 28.1355857849121 28.1349430084229 28.129035949707 28.1228637695312 28.1240787506104 28.1269092559814 28.1379547119141 28.1488647460938 28.1594524383545 28.1657218933105 28.1660594940186 28.1587810516357 28.1452674865723 28.1375064849854 28.1324691772461 28.1520862579346 28.1775932312012 28.2117385864258 28.245267868042 28.2612476348877 28.2752437591553 28.2809276580811 28.2843742370605 28.2830905914307 28.2836952209473 28.2866039276123 28.2890720367432 28.2912178039551 28.2916297912598 28.2913208007812 28.2736625671387 28.2525939941406 28.2057857513428 28.1575489044189 28.104679107666 28.0510940551758 27.9950008392334 27.9378910064697 27.8788967132568 27.8307151794434 27.7943153381348 27.7684154510498 27.7493076324463 27.7271766662598 27.7039604187012 27.6668281555176
28.1388111114502 28.1376037597656 28.1363410949707 28.1342582702637 28.13232421875 28.1366806030273 28.1420040130615 28.1522560119629 28.1606750488281 28.1646671295166 28.1617450714111 28.1493244171143 28.1342029571533 28.1168746948242 28.1157741546631 28.1223621368408 28.1532382965088 28.1899147033691 28.2242126464844 28.2569370269775 28.269172668457 28.2800827026367 28.2854442596436 28.2883739471436 28.2861614227295 28.2860870361328 28.2886238098145 28.289363861084 28.2887954711914 28.2884330749512 28.288158416748 28.2731685638428 28.2552890777588 28.2077522277832 28.1581764221191 28.0993995666504 28.0413341522217 27.9857711791992 27.9317264556885 27.8805046081543 27.8413486480713 27.8153381347656 27.7967300415039 27.7829132080078 27.7650184631348 27.7456607818604 27.7061710357666
28.1400661468506 28.1405506134033 28.141242980957 28.142427444458 28.1437797546387 28.1483421325684 28.1528339385986 28.1569671630859 28.1579475402832 28.1513195037842 28.1402931213379 28.1232318878174 28.110387802124 28.1009960174561 28.1071357727051 28.1206340789795 28.1527404785156 28.1892910003662 28.2176036834717 28.2444496154785 28.2582035064697 28.2709884643555 28.2797222137451 28.2869815826416 28.2911319732666 28.2952747344971 28.299409866333 28.3010807037354 28.3009548187256 28.2961311340332 28.2893657684326 28.2744216918945 28.2578678131104 28.2184181213379 28.1765365600586 28.1191692352295 28.0623245239258 28.0073204040527 27.9563522338867 27.9128799438477 27.8805408477783 27.860330581665 27.8461780548096 27.8359432220459 27.8224544525146 27.8077964782715 27.7638149261475
28.1443672180176 28.1466598510742 28.1491813659668 28.151927947998 28.1547183990479 28.1580295562744 28.160587310791 28.1592998504639 28.1543254852295 28.1404514312744 28.1246719360352 28.1062774658203 28.0966701507568 28.0942516326904 28.10573387146 28.1237964630127 28.1552696228027 28.1899452209473 28.2133598327637 28.2355403900146 28.2510204315186 28.2659168243408 28.2783699035645 28.2901916503906 28.3006839752197 28.3097095489502 28.3169403076172 28.3204174041748 28.3211612701416 28.3129615783691 28.301061630249 28.2840003967285 28.265926361084 28.2311420440674 28.193883895874 28.1384963989258 28.0838069915771 28.0315799713135 27.9850368499756 27.9490528106689 27.9228687286377 27.9073600769043 27.8975658416748 27.8914699554443 27.8824481964111 27.8723773956299 27.8232574462891
28.1553173065186 28.1596717834473 28.1637382507324 28.1643371582031 28.1645317077637 28.1634159088135 28.1616306304932 28.1564464569092 28.1487522125244 28.1350002288818 28.121768951416 28.1092548370361 28.1049785614014 28.107442855835 28.1201190948486 28.1376304626465 28.1644039154053 28.1933898925781 28.2142791748047 28.2344398498535 28.2520980834961 28.2696170806885 28.2865505218506 28.3034400939941 28.320240020752 28.3355941772461 28.3491840362549 28.3563823699951 28.3589267730713 28.3497180938721 28.3356399536133 28.3117523193359 28.2859382629395 28.2483558654785 28.2090244293213 28.1568584442139 28.1063632965088 28.06174659729 28.022575378418 27.9935111999512 27.9720363616943 27.9588279724121 27.9531879425049 27.9524459838867 27.9480304718018 27.9422950744629 27.886625289917
28.1670837402344 28.1726493835449 28.177640914917 28.1769714355469 28.175651550293 28.172384262085 28.1686553955078 28.162576675415 28.1549530029297 28.1436080932617 28.1341419219971 28.1272525787354 28.1271896362305 28.1327095031738 28.1454048156738 28.1615009307861 28.1836490631104 28.2072429656982 28.2259178161621 28.2443237304688 28.2637557983398 28.2833213806152 28.3034515380859 28.3238945007324 28.3449993133545 28.3647041320801 28.3827018737793 28.3931331634521 28.3980541229248 28.3904266357422 28.3776035308838 28.3532981872559 28.3267364501953 28.2906303405762 28.2531032562256 28.2051181793213 28.159029006958 28.1196136474609 28.0851192474365 28.0597629547119 28.0401248931885 28.0267200469971 28.0227031707764 28.0247611999512 28.0224456787109 28.0185623168945 27.9514961242676
28.1798782348633 28.1855850219727 28.1907176971436 28.1898918151855 28.1884155273438 28.185863494873 28.1832046508789 28.1800079345703 28.1759700775146 28.1699066162109 28.1657314300537 28.1641483306885 28.1668891906738 28.173168182373 28.1844081878662 28.197998046875 28.215612411499 28.2341899871826 28.2510395050049 28.2680263519287 28.2887191772461 28.3096084594727 28.3313217163086 28.3534126281738 28.3763008117676 28.3978691101074 28.4178199768066 28.4308700561523 28.4388942718506 28.4361133575439 28.4288578033447 28.4121971130371 28.3936862945557 28.3644351959229 28.3335857391357 28.2909889221191 28.2495784759521 28.2123317718506 28.179126739502 28.1534290313721 28.1320171356201 28.1152763366699 28.1096973419189 28.1113414764404 28.1079750061035 28.1028118133545 28.0182571411133
28.188591003418 28.1943664550781 28.1996059417725 28.2003307342529 28.2005767822266 28.2003440856934 28.2002773284912 28.2010364532471 28.2012214660645 28.2000102996826 28.2000846862793 28.2019233703613 28.2066040039062 28.2136116027832 28.224178314209 28.2364330291748 28.2513370513916 28.2668724060059 28.2833957672119 28.300313949585 28.3219680786133 28.343713760376 28.3658485412598 28.3881053924561 28.4106178283691 28.4321155548096 28.4523773193359 28.4665241241455 28.4762191772461 28.4774036407471 28.4750671386719 28.4658279418945 28.4552345275879 28.4362525939941 28.4159030914307 28.3852386474609 28.3547515869141 28.3248901367188 28.2969646453857 28.2726306915283 28.2506046295166 28.2310886383057 28.2203350067139 28.2152519226074 28.2039089202881 28.1903190612793 28.0872821807861
28.1942405700684 28.2000312805176 28.2053527832031 28.2089099884033 28.2122859954834 28.2155799865723 28.2192401885986 28.2247657775879 28.2296466827393 28.2329692840576 28.2365131378174 28.2403564453125 28.2463283538818 28.2540435791016 28.2645263671875 28.2763214111328 28.2898807525635 28.3038597106934 28.3211784362793 28.3390369415283 28.3614292144775 28.3836860656738 28.4053688049316 28.4266777038574 28.447193145752 28.4671764373779 28.4865112304688 28.5006160736084 28.5109081268311 28.5153999328613 28.5174903869629 28.515510559082 28.512731552124 28.5065765380859 28.4995975494385 28.4857711791992 28.4708957672119 28.4523334503174 28.4326763153076 28.4109878540039 28.3892116546631 28.3673419952393 28.348705291748 28.332160949707 28.3076477050781 28.2802734375 28.1580009460449
28.1858444213867 28.191987991333 28.1979866027832 28.2034168243408 28.2087841033936 28.2139949798584 28.2195377349854 28.226770401001 28.2336616516113 28.2397327423096 28.2457962036133 28.2518501281738 28.26047706604 28.2712097167969 28.2848281860352 28.2998142242432 28.316089630127 28.3326721191406 28.3530044555664 28.3737354278564 28.3965072631836 28.4187812805176 28.4389591217041 28.4585018157959 28.4767017364502 28.4944667816162 28.511697769165 28.5244255065918 28.5338687896729 28.5393009185791 28.5430717468262 28.5433235168457 28.5428848266602 28.540111541748 28.5368576049805 28.5297603607178 28.5216732025146 28.5100955963135 28.4975147247314 28.4830646514893 28.4673480987549 28.450252532959 28.4325199127197 28.4143733978271 28.3866939544678 28.3555889129639 28.2243041992188
28.1714267730713 28.178071975708 28.185001373291 28.1918907165527 28.1987609863281 28.2052001953125 28.2118339538574 28.2194633483887 28.2272148132324 28.2352695465088 28.2434482574463 28.2517986297607 28.2636642456055 28.2784061431885 28.2965412139893 28.3162822723389 28.3370113372803 28.3579788208008 28.3822784423828 28.4067096710205 28.429708480835 28.4517860412598 28.4700088500977 28.4874362945557 28.5031833648682 28.518424987793 28.5330505371094 28.5438270568848 28.5518054962158 28.5571613311768 28.5614337921143 28.5617637634277 28.5613193511963 28.5578765869141 28.5542163848877 28.5495185852051 28.5444355010986 28.5379962921143 28.5319766998291 28.5267372131348 28.519567489624 28.5102996826172 28.4972362518311 28.4817180633545 28.4551582336426 28.4246311187744 28.2887153625488
28.1454010009766 28.1514472961426 28.1579933166504 28.1636829376221 28.1693344116211 28.1763439178467 28.1838607788086 28.1939544677734 28.2045993804932 28.2165832519531 28.2297344207764 28.2444915771484 28.2622756958008 28.2825317382812 28.3060436248779 28.3310947418213 28.3566913604736 28.3824157714844 28.4087429046631 28.4349155426025 28.458251953125 28.4807243347168 28.499568939209 28.5168285369873 28.5307426452637 28.5426902770996 28.5522327423096 28.5603446960449 28.5674133300781 28.5718860626221 28.5752811431885 28.5754489898682 28.5749835968018 28.5721797943115 28.5692157745361 28.5655174255371 28.5612812042236 28.5551471710205 28.5494823455811 28.5446910858154 28.5376167297363 28.5280590057373 28.5153903961182 28.5007095336914 28.4824180603027 28.4628314971924 28.3456764221191
28.1169719696045 28.1221923828125 28.1280841827393 28.1320209503174 28.1358909606934 28.1433391571045 28.1516952514648 28.164680480957 28.1786403656006 28.1949520111084 28.2136688232422 28.2356853485107 28.2599391937256 28.2860221862793 28.3150882720947 28.3455677032471 28.3761119842529 28.4066715240479 28.4346237182617 28.4621353149414 28.4858341217041 28.5088195800781 28.5288200378418 28.5463161468506 28.5585231781006 28.5670166015625 28.5709667205811 28.5762634277344 28.582540512085 28.5859603881836 28.5881958007812 28.5881500244141 28.5876579284668 28.5857677459717 28.5837268829346 28.5807399749756 28.5769023895264 28.5700721740723 28.5634784698486 28.5573234558105 28.5485973358154 28.5370693206787 28.5239105224609 28.5096969604492 28.5011539459229 28.4946479797363 28.4010963439941
28.0959396362305 28.0995616912842 28.1036720275879 28.1081237792969 28.1128406524658 28.1237659454346 28.1358165740967 28.1535816192627 28.1723155975342 28.1933917999268 28.2162189483643 28.241455078125 28.2689800262451 28.2983798980713 28.3301658630371 28.3630828857422 28.3963851928711 28.429780960083 28.4611434936523 28.4917869567871 28.5140018463135 28.5350399017334 28.5511646270752 28.564359664917 28.5713748931885 28.5760383605957 28.577823638916 28.5836563110352 28.5924339294434 28.5950222015381 28.5950489044189 28.5939083099365 28.5925388336182 28.5898494720459 28.5870761871338 28.5839538574219 28.5803070068359 28.5748176574707 28.5687770843506 28.561710357666 28.5536270141602 28.5444316864014 28.5300331115723 28.5122680664062 28.5048198699951 28.5010776519775 28.4287414550781
28.0761413574219 28.0783863067627 28.080940246582 28.0860004425049 28.0916347503662 28.105936050415 28.1215667724609 28.1439571380615 28.1672916412354 28.1928977966309 28.2195949554443 28.2477874755859 28.2783279418945 28.310791015625 28.3449974060059 28.3800315856934 28.4159088134766 28.4519863128662 28.4864921569824 28.5200138092041 28.5407810211182 28.5598583221436 28.5718727111816 28.5805606842041 28.5822296142578 28.5832614898682 28.583517074585 28.5902805328369 28.6017837524414 28.6034774780273 28.6011085510254 28.5987033843994 28.5962905883789 28.5924587249756 28.5886001586914 28.5850048065186 28.5813274383545 28.577356338501 28.572193145752 28.564811706543 28.5578136444092 28.551233291626 28.5359706878662 28.5150947570801 28.5081176757812 28.5061359405518 28.4538021087646
28.0659923553467 28.0695877075195 28.0734901428223 28.0790691375732 28.0851554870605 28.1002750396729 28.1169300079346 28.1413955688477 28.1667423248291 28.1942195892334 28.22287940979 28.2531604766846 28.2855110168457 28.3195552825928 28.3543453216553 28.3894882202148 28.4270114898682 28.4651012420654 28.4990520477295 28.5318756103516 28.5524673461914 28.5705986022949 28.5784282684326 28.5825634002686 28.5789012908936 28.5786190032959 28.5824680328369 28.5928058624268 28.6078681945801 28.6078395843506 28.6015625 28.5965309143066 28.5917453765869 28.5838813781738 28.5759716033936 28.5687122344971 28.5627269744873 28.5612182617188 28.5596923828125 28.5581302642822 28.5558605194092 28.5528182983398 28.541072845459 28.5236930847168 28.5146789550781 28.5086727142334 28.4645824432373
28.0564727783203 28.0616722106934 28.0671672821045 28.0726547241211 28.0784912109375 28.0937347412109 28.110767364502 28.1369018554688 28.1639614105225 28.1932621002197 28.2237167358398 28.2557582855225 28.2898292541504 28.3255634307861 28.3605308532715 28.3951358795166 28.4336795806885 28.473165512085 28.5066509246826 28.5389194488525 28.5594596862793 28.5769443511963 28.5816383361816 28.5824966430664 28.5752620697021 28.5747909545898 28.5825862884521 28.5961780548096 28.6139965057373 28.6121196746826 28.602087020874 28.594310760498 28.5869789123535 28.5743560791016 28.5616855621338 28.5504722595215 28.5417861938477 28.5419902801514 28.5435409545898 28.5475845336914 28.5503559112549 28.5517406463623 28.5441589355469 28.5307769775391 28.5204257965088 28.5111656188965 28.4745025634766
28.0492649078369 28.0569953918457 28.0649738311768 28.0681304931641 28.0711536407471 28.0839691162109 28.0990028381348 28.1253242492676 28.1530017852783 28.1839466094971 28.2155818939209 28.2481689453125 28.2836380004883 28.3214664459229 28.3551273345947 28.386812210083 28.4240894317627 28.4627056121826 28.4960689544678 28.5282955169678 28.5492343902588 28.567174911499 28.5725784301758 28.5748443603516 28.570484161377 28.5739498138428 28.5869808197021 28.6026649475098 28.6202831268311 28.6160907745361 28.6028671264648 28.591911315918 28.5813980102539 28.5613479614258 28.5413303375244 28.525089263916 28.5122623443604 28.5114326477051 28.5140018463135 28.5228824615479 28.5318431854248 28.5408935546875 28.5398616790771 28.5323085784912 28.5231857299805 28.5134963989258 28.4812679290771
