Ecospace-environmental-drivers/Outputs/ASCII-for-ecospace/MOM6-ISIMIP3a/tos/2006-03_tos_MOM6-ISIMIP3a.asc
NCOLS 131 
NROWS 53 
XLLCORNER -98 
YLLCORNER 23.9265270233154 
CELLSIZE 0.133587792515755 
NODATA_value -9999 
[rows 0 to 20 of 53, columns 47 to 93 of 131]
-9999 -9999 -9999 -9999 -9999 -9999 -9999 -9999 -9999 -9999 -9999 -9999 -9999 -9999 -9999 -9999 -9999 -9999 -9999 -9999 -9999 -9999 -9999 -9999 -9999 -9999 -9999 -9999 -9999 -9999 -9999 -9999 -9999 -9999 -9999 -9999 -9999 -9999 -9999 -9999 -9999 -9999 -9999 -9999 -9999 -9999 -9999
-9999 -9999 -9999 -9999 -9999 -9999 -9999 -9999 -9999 -9999 -9999 -9999 -9999 -9999 -9999 -9999 -9999 -9999 -9999 -9999 -9999 -9999 -9999 -9999 -9999 -9999 -9999 -9999 -9999 -9999 -9999 -9999 -9999 -9999 -9999 -9999 -9999 -9999 -9999 -9999 -9999 -9999 -9999 -9999 -9999 -9999 -9999
-9999 -9999 -9999 -9999 -9999 -9999 -9999 -9999 -9999 -9999 -9999 -9999 -9999 -9999 -9999 -9999 -9999 -9999 -9999 -9999 -9999 -9999 -9999 -9999 -9999 -9999 -9999 17.9810314178467 17.8698768615723 -9999 -9999 -9999 -9999 -9999 -9999 -9999 -9999 -9999 -9999 -9999 -9999 -9999 -9999 -9999 -9999 -9999 -9999
-9999 -9999 -9999 -9999 -9999 -9999 -9999 -9999 -9999 -9999 -9999 -9999 -9999 -9999 -9999 -9999 -9999 -9999 -9999 -9999 -9999 -9999 -9999 -9999 -9999 -9999 -9999 17.9925384521484 17.8736343383789 -9999 -9999 -9999 -9999 -9999 -9999 -9999 -9999 -9999 -9999 -9999 -9999 -9999 -9999 -9999 -9999 -9999 -9999
-9999 -9999 -9999 -9999 -9999 -9999 -9999 -9999 -9999 -9999 -9999 -9999 -9999 -9999 -9999 -9999 -9999 -9999 17.9030570983887 17.9116897583008 17.9185943603516 17.9588737487793 17.997278213501 18.0701293945312 18.1213264465332 18.1334114074707 18.0932292938232 18.0041351318359 17.8802490234375 17.7365169525146 -9999 -9999 17.4810276031494 17.4690055847168 17.5463905334473 17.6842632293701 17.8310642242432 17.9164428710938 17.9443950653076 17.9373683929443 17.8762493133545 17.7790374755859 -9999 -9999 -9999 -9999 -9999
-9999 -9999 -9999 -9999 -9999 -9999 -9999 -9999 -9999 -9999 -9999 -9999 -9999 -9999 18.5622444152832 -9999 18.4518146514893 18.3588161468506 18.1513671875 17.9030570983887 17.9134159088135 17.9185943603516 17.999153137207 18.0740871429443 18.1371459960938 18.1527462005615 18.1103401184082 18.0165996551514 17.8854675292969 17.7386779785156 17.5854053497314 17.5167293548584 17.4646835327148 17.4616718292236 17.4806594848633 17.6968421936035 17.8752899169922 17.9210624694824 17.952974319458 17.9591503143311 17.8999805450439 17.7696151733398 17.6675148010254 17.5837001800537 -9999 -9999 -9999
-9999 -9999 -9999 -9999 -9999 -9999 -9999 -9999 -9999 -9999 19.5249366760254 19.5279388427734 19.530143737793 19.5362014770508 19.0536251068115 18.5744552612305 18.5500335693359 18.4465942382812 18.3588161468506 18.1922283172607 17.9030570983887 17.9185943603516 17.999153137207 18.0740871429443 18.1371459960938 18.1527462005615 18.1103401184082 18.0165996551514 17.8854675292969 17.7386779785156 17.5854053497314 17.5167293548584 17.4646835327148 17.4616718292236 17.4806594848633 17.6968421936035 17.8752899169922 17.9210624694824 17.952974319458 17.9591503143311 17.8999805450439 17.7696151733398 17.6675148010254 17.5837001800537 17.5615501403809 17.8024215698242 -9999
-9999 -9999 -9999 -9999 -9999 -9999 -9999 -9999 -9999 -9999 19.5088443756104 19.5249366760254 19.5309391021729 -9999 19.5431079864502 19.0659732818604 18.598876953125 18.5500335693359 18.4309310913086 18.3588161468506 18.314811706543 18.2946643829346 18.3743667602539 18.4480209350586 18.5089015960693 18.5218677520752 18.4762725830078 18.3639106750488 18.2029132843018 18.032018661499 17.8570251464844 17.8472156524658 17.8698768615723 17.9519424438477 18.0497455596924 18.27978515625 18.4639282226562 18.4866886138916 18.4935703277588 18.4709587097168 18.3823375701904 18.221794128418 18.0590343475342 17.8948402404785 17.8939628601074 17.9517498016357 17.9483051300049
-9999 -9999 -9999 -9999 -9999 -9999 -9999 -9999 -9999 -9999 -9999 -9999 -9999 -9999 19.541784286499 19.5505981445312 19.0885753631592 18.6477184295654 18.5500335693359 18.3839416503906 18.5571537017822 18.712329864502 18.792028427124 18.8649387359619 18.9235210418701 18.9335060119629 18.8840942382812 18.7515182495117 18.5583686828613 18.3624744415283 18.1654453277588 18.220308303833 18.3246879577637 18.4983596801758 18.680850982666 18.9244213104248 19.1135005950928 19.1109809875488 19.0904769897461 19.0365676879883 18.9161949157715 18.7234077453613 18.4946479797363 18.2426147460938 18.0927639007568 17.9796199798584 17.9431438446045
18.7428703308105 -9999 -9999 -9999 -9999 -9999 -9999 -9999 -9999 -9999 19.5247249603271 19.4923496246338 -9999 -9999 -9999 19.5514698028564 19.5513782501221 19.1422786712646 18.7454032897949 18.7751617431641 18.9558944702148 19.123363494873 19.2353191375732 19.330696105957 19.3910675048828 19.3961429595947 19.3336315155029 19.1971569061279 19.0068073272705 18.8466205596924 18.6989250183105 18.7935562133789 18.9358215332031 19.1015472412109 19.2706508636475 19.4642486572266 19.6109809875488 19.5929317474365 19.5595722198486 19.4977779388428 19.3787803649902 19.1974544525146 18.9502944946289 18.6605377197266 18.404634475708 18.1608905792236 18.0311603546143
18.754825592041 18.7565898895264 -9999 -9999 -9999 -9999 -9999 -9999 -9999 -9999 19.562162399292 19.6018505096436 19.4923496246338 -9999 -9999 19.5729579925537 19.5565128326416 19.5246620178223 19.3347778320312 19.1586952209473 19.3415374755859 19.5164394378662 19.6581058502197 19.7732429504395 19.8323764801025 19.8330955505371 19.7624187469482 19.6314487457275 19.4565620422363 19.3342761993408 19.2337760925293 19.3561325073242 19.5222988128662 19.6683177947998 19.8135738372803 19.9586486816406 20.0651435852051 20.0359992980957 19.9946308135986 19.9305667877197 19.8183288574219 19.6536064147949 19.3983020782471 19.0843830108643 18.7350006103516 18.3728790283203 18.1353378295898
18.754825592041 18.7601203918457 19.0472869873047 19.226432800293 -9999 -9999 -9999 -9999 -9999 -9999 -9999 19.6870574951172 19.654821395874 19.4923496246338 19.5249366760254 19.5729579925537 19.5565128326416 19.5246620178223 19.5067901611328 19.5009880065918 19.6569175720215 19.8131885528564 19.9708976745605 20.0912990570068 20.1329460144043 20.1322822570801 20.0799045562744 20.0048828125 19.9133682250977 19.8407554626465 19.7759704589844 19.8614711761475 19.9765167236328 20.0397510528564 20.1050624847412 20.2093830108643 20.2869625091553 20.2705097198486 20.2471351623535 20.2108993530273 20.1343173980713 20.0137767791748 19.805326461792 19.5399951934814 19.164587020874 18.7496376037598 18.3262157440186
18.816089630127 18.9901428222656 19.2059764862061 19.2329082489014 -9999 -9999 -9999 -9999 19.3050518035889 19.4154148101807 19.5582962036133 19.7458190917969 19.7570552825928 19.624059677124 19.6130809783936 19.6598968505859 19.6483535766602 19.6228675842285 19.7324695587158 19.8514595031738 19.9720191955566 20.1000061035156 20.2590713500977 20.3762226104736 20.4048900604248 20.404146194458 20.36745262146 20.3366947174072 20.3102588653564 20.2790679931641 20.245906829834 20.2929973602295 20.355863571167 20.3577747344971 20.3633975982666 20.4273376464844 20.4758796691895 20.4702777862549 20.4625797271729 20.4509887695312 20.4134864807129 20.3477516174316 20.2007999420166 20.0013008117676 19.6530227661133 19.2513046264648 18.7214202880859
19.0305156707764 19.1168308258057 19.216739654541 19.2329082489014 19.2404155731201 19.2455577850342 19.2518634796143 19.2640857696533 19.3050518035889 19.4154148101807 19.5582962036133 19.7458190917969 19.8485679626465 19.8819541931152 19.9215908050537 19.9641876220703 19.9698047637939 19.9665870666504 20.0923175811768 20.2223720550537 20.2864303588867 20.3619918823242 20.4856967926025 20.5783061981201 20.6052684783936 20.6077041625977 20.5801582336426 20.5644454956055 20.5573539733887 20.5469589233398 20.5351982116699 20.5399875640869 20.5480308532715 20.5422668457031 20.5388488769531 20.5633373260498 20.5825443267822 20.5831813812256 20.585376739502 20.5904712677002 20.6006050109863 20.6162338256836 20.5673904418945 20.4768333435059 20.2885856628418 20.0652465820312 19.6274585723877
19.2465114593506 19.2872867584229 19.3250064849854 19.3390045166016 19.3504734039307 19.3591823577881 19.3699951171875 19.3915176391602 19.4348754882812 19.5309600830078 19.6579132080078 19.8272457122803 19.9683361053467 20.0863170623779 20.1577033996582 20.2070198059082 20.2363567352295 20.2609214782715 20.3916473388672 20.5232582092285 20.5615711212158 20.6101360321045 20.7016105651855 20.7704887390137 20.7916622161865 20.7943649291992 20.7744941711426 20.7677955627441 20.7706928253174 20.768383026123 20.7639179229736 20.7404727935791 20.7132987976074 20.6965026855469 20.6812515258789 20.6773414611816 20.6775169372559 20.6920547485352 20.7083911895752 20.728063583374 20.7701778411865 20.8367404937744 20.8580722808838 20.8501358032227 20.7890739440918 20.708927154541 20.3860950469971
19.4647312164307 19.519624710083 19.5711250305176 19.5951042175293 19.6161308288574 19.6334495544434 19.6551475524902 19.6991119384766 19.7482452392578 19.8098621368408 19.8983707427979 20.023796081543 20.1280555725098 20.2149963378906 20.2914600372314 20.3629627227783 20.4252948760986 20.4854335784912 20.6054153442383 20.7251358032227 20.7811889648438 20.8387126922607 20.902379989624 20.9486713409424 20.9582786560059 20.9571380615234 20.9428577423096 20.9366455078125 20.9363079071045 20.9241104125977 20.9069995880127 20.8752117156982 20.8405361175537 20.8079586029053 20.7769260406494 20.7602462768555 20.7559566497803 20.7952327728271 20.8317089080811 20.8629875183105 20.9149398803711 20.9894180297852 21.041431427002 21.0789089202881 21.0985927581787 21.1118869781494 20.9363327026367
19.770092010498 19.8134880065918 19.8510570526123 19.8740653991699 19.895580291748 19.917049407959 19.9419498443604 19.9843235015869 20.0281581878662 20.0755271911621 20.1444892883301 20.2430992126465 20.3059597015381 20.3395729064941 20.4229335784912 20.5298595428467 20.6311111450195 20.7310066223145 20.8405723571777 20.9477806091309 21.0109939575195 21.0705051422119 21.1145153045654 21.1438980102539 21.1424026489258 21.1304740905762 21.1057910919189 21.087251663208 21.073184967041 21.0490398406982 21.0207233428955 20.9844226837158 20.9465522766113 20.9112586975098 20.8778190612793 20.8615646362305 20.865421295166 20.9399833679199 21.0043468475342 21.0497703552246 21.1052207946777 21.1715984344482 21.225980758667 21.2726058959961 21.3311386108398 21.3939514160156 21.3118495941162
20.1488361358643 20.1591625213623 20.1594638824463 20.1722755432129 20.1866455078125 20.2085037231445 20.2301464080811 20.2506866455078 20.2798976898193 20.3300437927246 20.395378112793 20.4815616607666 20.4991779327393 20.460693359375 20.5524845123291 20.705982208252 20.8511428833008 20.994312286377 21.0937404632568 21.187915802002 21.2493782043457 21.305004119873 21.3362216949463 21.353479385376 21.3412685394287 21.3127040863037 21.2641506195068 21.2224941253662 21.1858615875244 21.1480388641357 21.1097221374512 21.072135925293 21.0346946716309 21.0076904296875 20.9831066131592 20.9783935546875 21.0010147094727 21.1197471618652 21.2185211181641 21.2802257537842 21.3338356018066 21.3786239624023 21.4115352630615 21.4367637634277 21.4988632202148 21.5742073059082 21.5402278900146
20.6133499145508 20.6142959594727 20.6009006500244 20.6050186157227 20.6114292144775 20.6313495635986 20.6489562988281 20.6547832489014 20.6659049987793 20.6898097991943 20.7320404052734 20.7994270324707 20.7690582275391 20.6587047576904 20.7476673126221 20.9310436248779 21.0908374786377 21.2449951171875 21.3319702148438 21.4123649597168 21.4641704559326 21.5077419281006 21.5168495178223 21.5139465332031 21.4856853485107 21.4408302307129 21.3756885528564 21.3260707855225 21.2877635955811 21.2470836639404 21.2054214477539 21.167501449585 21.1303195953369 21.1302280426025 21.1324291229248 21.1435871124268 21.1888084411621 21.3537998199463 21.489767074585 21.571834564209 21.6270027160645 21.6528663635254 21.6596622467041 21.6541194915771 21.682731628418 21.7236099243164 21.6954689025879
21.1198387145996 21.1229953765869 21.1074352264404 21.1035957336426 21.1016502380371 21.1184959411621 21.131685256958 21.1262836456299 21.1176204681396 21.1010837554932 21.1106796264648 21.1561508178711 21.076452255249 20.8943424224854 20.9749717712402 21.1800556182861 21.3401546478271 21.489501953125 21.5628890991211 21.6291389465332 21.6674213409424 21.6949329376221 21.677375793457 21.6503791809082 21.603458404541 21.5424785614014 21.4643096923828 21.4141521453857 21.384391784668 21.3461513519287 21.3043994903564 21.2666110992432 21.2296028137207 21.2655410766602 21.3033008575439 21.3324508666992 21.4021492004395 21.6144199371338 21.7889442443848 21.893367767334 21.9517612457275 21.9600009918213 21.9384078979492 21.8975105285645 21.8745002746582 21.8579158782959 21.8149185180664
21.6530570983887 21.6703758239746 21.671667098999 21.6755275726318 21.6799583435059 21.6927108764648 21.7020568847656 21.6940765380859 21.6722869873047 21.6171588897705 21.5781154632568 21.561149597168 21.441234588623 21.2370910644531 21.3072662353516 21.5073776245117 21.6436824798584 21.7647438049316 21.7867069244385 21.8008632659912 21.8004512786865 21.7934036254883 21.7585945129395 21.7194404602051 21.6711158752441 21.614221572876 21.546854019165 21.5162506103516 21.5124282836914 21.4756011962891 21.4251079559326 21.4063529968262 21.3938369750977 21.4763622283936 21.5610847473145 21.6329021453857 21.7330989837646 21.9330768585205 22.0932369232178 22.1794509887695 22.2218761444092 22.2165927886963 22.1829261779785 22.130895614624 22.0767440795898 22.0218315124512 21.9667339324951
