Ecospace-environmental-drivers/Outputs/ASCII-for-ecospace/MOM6-ISIMIP3a/tos/2006-09_tos_MOM6-ISIMIP3a.asc
NCOLS 131 
NROWS 53 
XLLCORNER -98 
YLLCORNER 23.9265270233154 
CELLSIZE 0.133587792515755 
NODATA_value -9999 
[rows 21 to 41 of 53, columns 0 to 46 of 131]
-9999 -9999 -9999 -9999 -9999 -9999 29.6170997619629 29.6167621612549 29.6139392852783 29.6124839782715 29.6076602935791 29.6431369781494 29.6178131103516 29.5423793792725 29.492805480957 29.473072052002 29.4478664398193 29.4189014434814 29.3860301971436 29.3516521453857 29.3275299072266 29.3052177429199 29.2820510864258 29.2590427398682 29.2375068664551 29.2177391052246 29.2036972045898 29.191047668457 29.1808242797852 29.1738204956055 29.1701278686523 29.1704387664795 29.1731872558594 29.1771621704102 29.181547164917 29.1840476989746 29.186315536499 29.1919555664062 29.1974983215332 29.2024173736572 29.2066287994385 29.2088718414307 29.2137393951416 29.2226657867432 29.2287464141846 29.2322177886963 29.2387676239014
-9999 -9999 -9999 -9999 -9999 -9999 29.6165637969971 29.6170997619629 29.6164245605469 29.6097469329834 29.6124839782715 29.5673599243164 29.5147399902344 29.4472827911377 29.4000911712646 29.3762798309326 29.3557510375977 29.3374767303467 29.3174381256104 29.2967166900635 29.2830791473389 29.2706909179688 29.2567329406738 29.2427940368652 29.2293090820312 29.2168369293213 29.2076454162598 29.2002067565918 29.1958236694336 29.19309425354 29.1920642852783 29.1953201293945 29.2011890411377 29.2099437713623 29.2196598052979 29.2282218933105 29.236629486084 29.2456684112549 29.2545127868652 29.2621154785156 29.2689571380615 29.2736778259277 29.2799911499023 29.288761138916 29.2972164154053 29.3053798675537 29.3173484802246
-9999 -9999 -9999 -9999 29.5975685119629 29.6095905303955 29.6172065734863 29.615385055542 29.6170997619629 29.6157512664795 29.5936508178711 29.4921188354492 29.4053840637207 29.34792137146 29.3060436248779 29.2821502685547 29.268497467041 29.2618808746338 29.2539672851562 29.2455501556396 29.2418308258057 29.238941192627 29.2342300415039 29.2294292449951 29.2242050170898 29.2191982269287 29.214900970459 29.2127437591553 29.2143211364746 29.2160568237305 29.2179508209229 29.224328994751 29.2334384918213 29.246997833252 29.2620391845703 29.2766456604004 29.2911739349365 29.3035869598389 29.3157444000244 29.3262767791748 29.3360061645508 29.3435039520264 29.3512630462646 29.359432220459 29.3699321746826 29.3825740814209 29.3996200561523
-9999 -9999 -9999 -9999 29.5709285736084 29.5925464630127 29.6019744873047 29.6172065734863 29.6118488311768 29.5436496734619 29.4720611572266 29.3875007629395 29.3186435699463 29.2808609008789 29.2555885314941 29.2447547912598 29.2385559082031 29.2355403900146 29.2314300537109 29.2268943786621 29.2266006469727 29.2270526885986 29.2272663116455 29.2273864746094 29.2267723083496 29.2262878417969 29.2262287139893 29.2278308868408 29.2323322296143 29.2371864318848 29.2424011230469 29.2509937286377 29.2616443634033 29.2766666412354 29.2931461334229 29.3104763031006 29.3279209136963 29.3449230194092 29.3617324829102 29.3773174285889 29.3918800354004 29.4035949707031 29.4147891998291 29.4251766204834 29.4369220733643 29.4499168395996 29.4649314880371
-9999 -9999 -9999 -9999 -9999 29.5709285736084 29.5800724029541 29.5867443084717 29.5927963256836 29.4745655059814 29.3668727874756 29.2995166778564 29.2486972808838 29.2305946350098 29.2212524414062 29.2220153808594 29.2228240966797 29.2236614227295 29.222900390625 29.2215232849121 29.2231349945068 29.2252731323242 29.2283496856689 29.2313671112061 29.2337188720703 29.2362403869629 29.2393093109131 29.2437362670898 29.2505340576172 29.257984161377 29.2661075592041 29.2766761779785 29.2887344360352 29.3048458099365 29.3223056793213 29.3417415618896 29.361457824707 29.3819694519043 29.4023418426514 29.4218235015869 29.4401016235352 29.4550285339355 29.4688835144043 29.4810810089111 29.4938106536865 29.5070304870605 29.52024269104
-9999 -9999 -9999 -9999 -9999 29.5346126556396 29.5709285736084 29.54541015625 29.5132331848145 29.4187126159668 29.3335952758789 29.2844734191895 29.2523803710938 29.2539749145508 29.2575874328613 29.2635269165039 29.2693881988525 29.2751960754395 29.2758007049561 29.2743949890137 29.2712593078613 29.2678146362305 29.2647190093994 29.2617568969727 29.2598705291748 29.2587413787842 29.2600727081299 29.2632293701172 29.2695713043213 29.2773303985596 29.286548614502 29.2980499267578 29.3109436035156 29.3264942169189 29.3429279327393 29.3617515563965 29.3809070587158 29.4002113342285 29.419376373291 29.4376754760742 29.4547672271729 29.4685001373291 29.4816360473633 29.4938468933105 29.5064067840576 29.5192852020264 29.5317001342773
-9999 -9999 29.4638652801514 29.4701290130615 29.474193572998 29.4982528686523 29.5346546173096 29.4964580535889 29.4519634246826 29.3796806335449 29.3162250518799 29.2865467071533 29.2708282470703 29.2827243804932 29.2931747436523 29.3019599914551 29.311408996582 29.3213176727295 29.3212928771973 29.3174304962158 29.308536529541 29.2987537384033 29.2906379699707 29.28293800354 29.2784080505371 29.2751445770264 29.2759971618652 29.2790088653564 29.2857913970947 29.2946662902832 29.3056907653809 29.3188610076904 29.3333377838135 29.3491535186768 29.3654136657715 29.3842582702637 29.4034538269043 29.4221363067627 29.4406108856201 29.4577560424805 29.473783493042 29.4866962432861 29.4995079040527 29.5121631622314 29.5251903533936 29.5385589599609 29.551383972168
-9999.000000000000000 -9999 -9999 -9999 29.4379386901855 29.4501361846924 29.4279594421387 29.4308795928955 29.4306011199951 29.3773555755615 29.3335647583008 29.3259658813477 29.3214874267578 29.3231868743896 29.3271331787109 29.3336715698242 29.3435153961182 29.3556308746338 29.350622177124 29.3390026092529 29.3221492767334 29.3043727874756 29.2937602996826 29.284029006958 29.2803344726562 29.2782459259033 29.2813606262207 29.2866859436035 29.2958641052246 29.3076095581055 29.32200050354 29.3384418487549 29.3561325073242 29.3740196228027 29.3919715881348 29.4122104644775 29.4327564239502 29.4521045684814 29.4710063934326 29.4870643615723 29.502290725708 29.5152015686035 29.5285530090332 29.5425853729248 29.5574741363525 29.5731449127197 29.5890140533447
-9999 -9999 -9999 -9999 29.3935928344727 29.3654270172119 29.3655548095703 29.3957271575928 29.4222145080566 29.3869380950928 29.3596305847168 29.3628253936768 29.3618488311768 29.3526134490967 29.3507041931152 29.3572425842285 29.3681488037109 29.3820514678955 29.3719997406006 29.3526954650879 29.3303833007812 29.3075408935547 29.2987003326416 29.2910327911377 29.290599822998 29.2917518615723 29.2980461120605 29.3064517974854 29.3185405731201 29.3334350585938 29.3512210845947 29.3709354400635 29.3918266296387 29.4120540618896 29.432056427002 29.4526538848877 29.4733142852783 29.4915733337402 29.5093154907227 29.5237483978271 29.5377883911133 29.5507297515869 29.5646953582764 29.5802402496338 29.5970420837402 29.6149978637695 29.6330852508545
-9999 -9999 -9999 -9999 29.3653221130371 29.3652153015137 29.3650856018066 29.3988552093506 29.4301490783691 29.4114990234375 29.3966693878174 29.3964672088623 29.3892517089844 29.3681583404541 29.3612060546875 29.3705711364746 29.3833770751953 29.3985443115234 29.3833713531494 29.3564796447754 29.3318519592285 29.3076229095459 29.3059234619141 29.305477142334 29.311351776123 29.3183460235596 29.3289737701416 29.3414306640625 29.3570747375488 29.3754653930664 29.3966846466064 29.419677734375 29.4437522888184 29.4666538238525 29.489164352417 29.508810043335 29.5280284881592 29.5429973602295 29.5575790405273 29.5697135925293 29.5820808410645 29.5950946807861 29.6097660064697 29.6269912719727 29.6457767486572 29.665994644165 29.6852550506592
-9999 -9999 -9999 -9999 29.3652153015137 29.3650569915771 29.3648719787598 29.4088840484619 29.4509544372559 29.4430828094482 29.434383392334 29.422513961792 29.4049797058105 29.3762340545654 29.367395401001 29.3815212249756 29.3974418640137 29.4145927429199 29.3991966247559 29.3712348937988 29.3477439880371 29.3250408172607 29.3293380737305 29.3348655700684 29.3457336425781 29.357234954834 29.3707962036133 29.3860282897949 29.404182434082 29.4245853424072 29.4473075866699 29.4708461761475 29.4948844909668 29.5170764923096 29.5386505126953 29.5559043884277 29.5725364685059 29.5858993530273 29.5991306304932 29.6115341186523 29.6243591308594 29.638355255127 29.6540470123291 29.6723575592041 29.6920204162598 29.7129249572754 29.7320861816406
-9999 -9999 -9999 -9999 29.365047454834 29.3648719787598 29.4304656982422 29.4240894317627 29.4814109802246 29.4799327850342 29.4726009368896 29.4428653717041 29.4119510650635 29.3787117004395 29.3703479766846 29.3906879425049 29.4106330871582 29.430305480957 29.4183654785156 29.3942203521729 29.3744525909424 29.3554592132568 29.3648929595947 29.375467300415 29.3903388977051 29.4053440093994 29.4207859039307 29.4378433227539 29.4577198028564 29.479024887085 29.5017986297607 29.5238380432129 29.5454254150391 29.5643653869629 29.5824222564697 29.5962009429932 29.6093883514404 29.6224098205566 29.6356449127197 29.6502475738525 29.6651268005371 29.6807861328125 29.6977367401123 29.7166843414307 29.7363948822021 29.7568054199219 29.7749099731445
-9999 -9999 -9999 -9999 29.3648719787598 29.4615478515625 29.4976558685303 29.5240173339844 29.5188179016113 29.5133056640625 29.4991512298584 29.4519271850586 29.4097175598145 29.3774299621582 29.3715572357178 29.3961620330811 29.4200305938721 29.4433937072754 29.4378356933594 29.4211101531982 29.4039535522461 29.3867206573486 29.3982524871826 29.411003112793 29.4286785125732 29.4461441040039 29.4629306793213 29.4805965423584 29.4997901916504 29.5196533203125 29.5402050018311 29.5597648620605 29.5787200927734 29.5957870483398 29.6122245788574 29.6264724731445 29.6404361724854 29.657299041748 29.6743717193604 29.6927871704102 29.7107925415039 29.7276496887207 29.7449493408203 29.7629356384277 29.7815723419189 29.8008060455322 29.8195648193359
-9999 -9999 -9999 -9999 -9999 29.543586730957 29.5531959533691 29.5448589324951 29.5592060089111 29.54518699646 29.5207004547119 29.4561538696289 29.4035396575928 29.3745403289795 29.3720188140869 29.4000511169434 29.4278011322021 29.4553565979004 29.4574337005615 29.449670791626 29.4346485137939 29.4183444976807 29.4306678771973 29.4443702697754 29.4643325805664 29.4838123321533 29.5017147064209 29.5194644927979 29.5369472503662 29.5543651580811 29.5717163085938 29.58837890625 29.6046237945557 29.6204090118408 29.6360416412354 29.6524448394775 29.6689987182617 29.6914920806885 29.7140445709229 29.7369689941406 29.7585544586182 29.7764110565186 29.7936725616455 29.8100090026855 29.8270931243896 29.8448581695557 29.8650035858154
-9999 -9999 -9999 -9999 -9999 29.5799255371094 29.5799121856689 29.5907096862793 29.5870933532715 29.5588550567627 29.5212593078613 29.4478435516357 29.3916683197021 29.3696098327637 29.3715324401855 29.4011306762695 29.4311637878418 29.461498260498 29.4716396331787 29.4739837646484 29.463939666748 29.4517097473145 29.4611434936523 29.4720134735107 29.4908866882324 29.5095405578613 29.5274829864502 29.5450210571289 29.5618534088135 29.5780143737793 29.5934867858887 29.6085948944092 29.6234836578369 29.6386432647705 29.6538944244385 29.6724433898926 29.6915054321289 29.7186431884766 29.745792388916 29.7730026245117 29.7985401153564 29.8194217681885 29.8388271331787 29.8559513092041 29.8742218017578 29.8935413360596 29.9160099029541
-9999 -9999 -9999 -9999 -9999 29.6017589569092 29.6066722869873 29.6041660308838 29.6123924255371 29.5687561035156 29.5174770355225 29.4369411468506 29.3786201477051 29.3642559051514 29.370849609375 29.4016265869141 29.433614730835 29.4664325714111 29.4847297668457 29.4974212646484 29.4929428100586 29.4854335784912 29.4912185668945 29.4984741210938 29.5155563354492 29.5327987670898 29.55055809021 29.5678234100342 29.5842227935791 29.5993747711182 29.6132411956787 29.6270732879639 29.6408843994141 29.6555557250977 29.6705150604248 29.6912059783936 29.7127590179443 29.7443370819092 29.7758979797363 29.8073501586914 29.8369159698486 29.8612403869629 29.883243560791 29.9016590118408 29.9216823577881 29.9431800842285 29.968168258667
-9999 -9999 -9999 -9999 -9999 -9999 29.6186923980713 29.6251392364502 29.6203784942627 29.5586166381836 29.4938812255859 29.4177551269531 29.3650760650635 29.3587894439697 29.3697719573975 29.4006805419922 29.4329719543457 29.4662132263184 29.4886913299561 29.5070133209229 29.5111198425293 29.5127182006836 29.5185203552246 29.525239944458 29.5388526916504 29.553165435791 29.5697536468506 29.5861434936523 29.6021842956543 29.6171493530273 29.6310062408447 29.6448020935059 29.658561706543 29.6726322174072 29.6868057250977 29.7066669464111 29.7273845672607 29.7581844329834 29.7892570495605 29.8220672607422 29.8534603118896 29.8809013366699 29.9063377380371 29.9286689758301 29.9521331787109 29.9766368865967 30.0014667510986
-9999 -9999 -9999 -9999 -9999 -9999 29.6240921020508 29.6267719268799 29.6258239746094 29.5465526580811 29.4690570831299 29.3983554840088 29.3519477844238 29.3536071777344 29.3689098358154 29.3999500274658 29.4324951171875 29.4660739898682 29.4921226501465 29.5152626037598 29.5276660919189 29.5381755828857 29.5446166992188 29.5514354705811 29.5621585845947 29.5739612579346 29.5892715454102 29.6046733856201 29.6202335357666 29.6349620819092 29.6488342285156 29.66259765625 29.6762962341309 29.6898097991943 29.7032623291016 29.7220268249512 29.7415981292725 29.7710494995117 29.8010692596436 29.8347187042236 29.8674774169922 29.8977565765381 29.9264488220215 29.9526824951172 29.9797058105469 30.0074520111084 30.0321807861328
-9999 -9999 -9999 -9999 -9999 -9999 29.622838973999 29.6203651428223 29.6124477386475 29.5235328674316 29.4406127929688 29.3806324005127 29.34348487854 29.3515224456787 29.3705368041992 29.4022159576416 29.4352703094482 29.4692687988281 29.4942665100098 29.5157909393311 29.5319728851318 29.5472145080566 29.5591831207275 29.5713977813721 29.5862350463867 29.6007213592529 29.6140747070312 29.627571105957 29.6413249969482 29.6548919677734 29.6682662963867 29.6814479827881 29.6945114135742 29.7080020904541 29.7216358184814 29.7379055023193 29.7545948028564 29.779088973999 29.8043727874756 29.8346824645996 29.8649826049805 29.8952503204346 29.9249248504639 29.9536781311035 29.9847049713135 30.0178165435791 30.0443325042725
-9999 -9999 -9999 -9999 -9999 29.646821975708 29.6198978424072 29.6213798522949 29.5892581939697 29.4944915771484 29.4096755981445 29.3629531860352 29.3367767333984 29.3512516021729 29.374080657959 29.4065456390381 29.4400024414062 29.4741363525391 29.4982967376709 29.5186023712158 29.537036895752 29.5551414489746 29.5718727111816 29.5888843536377 29.6085052490234 29.6267356872559 29.6404571533203 29.6534767150879 29.6652698516846 29.6772556304932 29.6894397735596 29.7015247344971 29.7135524749756 29.7266635894775 29.7401371002197 29.7543354034424 29.768669128418 29.7881526947021 29.8085517883301 29.8347759246826 29.8619041442871 29.8915557861328 29.9219417572021 29.9534606933594 29.988353729248 30.0263442993164 30.0546569824219
-9999 -9999 -9999 -9999 29.6696300506592 29.6415576934814 29.646821975708 29.5910243988037 29.5300922393799 29.4433650970459 29.3695983886719 29.3454418182373 29.3364925384521 29.3576316833496 29.3846492767334 29.4184455871582 29.4519119262695 29.4851474761963 29.5092353820801 29.5297889709473 29.5448760986328 29.5589981079102 29.5776691436768 29.5973052978516 29.6241588592529 29.650016784668 29.6726417541504 29.6904029846191 29.6996784210205 29.7085437774658 29.7169876098633 29.7261028289795 29.7356262207031 29.747049331665 29.7591075897217 29.7727909088135 29.7866992950439 29.8009796142578 29.8159523010254 29.835334777832 29.8566818237305 29.8835029602051 29.9136085510254 29.9487934112549 29.9870491027832 30.0281257629395 30.0582809448242
