Ecospace-environmental-drivers/Outputs/ASCII-for-ecospace/MOM6-ISIMIP3a/tos/2006-12_tos_MOM6-ISIMIP3a.asc
NCOLS 131 
NROWS 53 
XLLCORNER -98 
YLLCORNER 23.9265270233154 
CELLSIZE 0.133587792515755 
NODATA_value -9999 
[rows 21 to 41 of 53, columns 47 to 93 of 131]
21.7561588287354 21.692663192749 21.6597785949707 21.709716796875 21.7694091796875 21.8635711669922 21.9539489746094 22.0250797271729 22.0836391448975 22.1118412017822 22.1424827575684 22.1764736175537 22.1979026794434 22.2090549468994 22.2947235107422 22.4156894683838 22.562858581543 22.716287612915 22.9185733795166 23.1192245483398 23.247241973877 23.3627166748047 23.4256935119629 23.4832534790039 23.5293750762939 23.5752334594727 23.6207752227783 23.649019241333 23.6646671295166 23.6803379058838 23.6960201263428 23.7000198364258 23.7017230987549 23.6949024200439 23.6856784820557 23.6560554504395 23.6227035522461 23.5762367248535 23.536060333252 23.5075664520264 23.5065383911133 23.5354328155518 23.5497016906738 23.5545082092285 23.5219402313232 23.4759464263916 23.4340934753418
22.2062454223633 22.1296977996826 22.077335357666 22.1032161712646 22.1389865875244 22.2254848480225 22.3082790374756 22.3722267150879 22.4214706420898 22.435209274292 22.4445514678955 22.4478569030762 22.4516181945801 22.4557495117188 22.5246868133545 22.6243228912354 22.7636756896973 22.9125194549561 23.0817050933838 23.2473583221436 23.3412685394287 23.4298114776611 23.4959049224854 23.5596828460693 23.6185760498047 23.6726360321045 23.7207908630371 23.7566986083984 23.7836875915527 23.8066940307617 23.8280506134033 23.8405475616455 23.8513050079346 23.8498420715332 23.8442707061768 23.8029689788818 23.7597522735596 23.7097969055176 23.6694068908691 23.6467819213867 23.6453113555908 23.6668891906738 23.6775569915771 23.6811656951904 23.6429004669189 23.5895957946777 23.5500545501709
22.6322021484375 22.545690536499 22.4760932922363 22.4786224365234 22.4909286499023 22.5679016113281 22.6419696807861 22.7012691497803 22.7445106506348 22.7489700317383 22.7425765991211 22.7212810516357 22.711238861084 22.7104034423828 22.7622146606445 22.8389625549316 22.9674015045166 23.108190536499 23.240364074707 23.3675422668457 23.4306221008301 23.4952373504639 23.5662689208984 23.637378692627 23.7086505889893 23.7706737518311 23.8213958740234 23.8652725219727 23.9041652679443 23.9355163574219 23.9637432098389 23.9857597351074 24.0065574645996 24.0106182098389 24.0086555480957 23.9539051055908 23.8995876312256 23.846794128418 23.8065185546875 23.7894916534424 23.786735534668 23.799524307251 23.8057346343994 23.8076877593994 23.763614654541 23.703010559082 23.6650772094727
23.0036029815674 22.9384670257568 22.8786869049072 22.863374710083 22.8536853790283 22.8728656768799 22.8944931030273 22.9285640716553 22.9589920043945 22.9806232452393 22.9966831207275 23.0050983428955 23.0165157318115 23.0303897857666 23.0746688842773 23.1333522796631 23.2181911468506 23.3092784881592 23.3908348083496 23.4705448150635 23.5329132080078 23.5976123809814 23.6720695495605 23.7453231811523 23.8160285949707 23.8798694610596 23.9353199005127 23.9856376647949 24.0322151184082 24.0761299133301 24.1189441680908 24.1553249359131 24.1904411315918 24.1954288482666 24.1911506652832 24.1072635650635 24.0335845947266 23.9957962036133 23.9688053131104 23.9618682861328 23.9607753753662 23.9660491943359 23.9631462097168 23.9549522399902 23.9019813537598 23.8329257965088 23.789005279541
23.3309860229492 23.2889270782471 23.2430877685547 23.2153301239014 23.1892986297607 23.1599521636963 23.137378692627 23.1492614746094 23.1676445007324 23.2017269134521 23.2348251342773 23.2665729522705 23.2950286865234 23.3207912445068 23.3570289611816 23.398229598999 23.4467868804932 23.4971027374268 23.5368614196777 23.5773944854736 23.6397361755371 23.7049446105957 23.7821407318115 23.8569755554199 23.926830291748 23.9924411773682 24.0528697967529 24.1096172332764 24.1636867523193 24.2192516326904 24.2754364013672 24.3255023956299 24.3743648529053 24.379114151001 24.3718948364258 24.2637348175049 24.1747741699219 24.1533298492432 24.1396236419678 24.1402931213379 24.1400165557861 24.1387138366699 24.1268501281738 24.1081562042236 24.046178817749 23.9686527252197 23.9179706573486
23.4653644561768 23.4538459777832 23.4400291442871 23.4234733581543 23.4059085845947 23.3686466217041 23.3380012512207 23.3410224914551 23.3507270812988 23.3765697479248 23.4029560089111 23.4300861358643 23.4561977386475 23.4814758300781 23.5074291229248 23.5337028503418 23.5780715942383 23.626766204834 23.6634006500244 23.7011070251465 23.7664375305176 23.8340034484863 23.9109268188477 23.984899520874 24.052640914917 24.1198196411133 24.1863098144531 24.2494564056396 24.3101673126221 24.3733673095703 24.4375972747803 24.4983711242676 24.558464050293 24.557861328125 24.544958114624 24.4338512420654 24.3475151062012 24.3482761383057 24.3478565216064 24.3452415466309 24.3420696258545 24.3382892608643 24.3181419372559 24.2874031066895 24.2159423828125 24.1298542022705 24.0690116882324
23.5846118927002 23.5937595367432 23.6021137237549 23.5924949645996 23.5799980163574 23.5394382476807 23.5050258636475 23.5018768310547 23.5049419403076 23.5230026245117 23.5426216125488 23.5643787384033 23.5892372131348 23.6166324615479 23.6381130218506 23.6567935943604 23.7008171081543 23.7508964538574 23.7889213562012 23.8280010223389 23.8944988250732 23.9627246856689 24.038179397583 24.111307144165 24.1795234680176 24.250452041626 24.3246955871582 24.3940906524658 24.4599552154541 24.5261669158936 24.5925216674805 24.6618156433105 24.7316837310791 24.7317962646484 24.7200298309326 24.6174621582031 24.5401554107666 24.5516700744629 24.5568790435791 24.5503768920898 24.5433902740479 24.5358810424805 24.5084247589111 24.4680576324463 24.3891181945801 24.2963199615479 24.2244071960449
23.6708488464355 23.6791133880615 23.6881446838379 23.676155090332 23.6613140106201 23.6275367736816 23.5987415313721 23.5953006744385 23.5961685180664 23.607442855835 23.6201801300049 23.6349239349365 23.6609058380127 23.6960849761963 23.7257766723633 23.7528705596924 23.8049297332764 23.8629531860352 23.9122142791748 23.9618377685547 24.0255317687988 24.090705871582 24.1620807647705 24.2344074249268 24.3087482452393 24.3881912231445 24.4738693237305 24.5491905212402 24.61696434021 24.6760997772217 24.7316570281982 24.8046932220459 24.8811664581299 24.895227432251 24.8994827270508 24.8305130004883 24.7762126922607 24.7734966278076 24.7676315307617 24.7559185028076 24.7431221008301 24.7291431427002 24.6965007781982 24.6517810821533 24.569730758667 24.474271774292 24.3893032073975
23.7559967041016 23.761116027832 23.768238067627 23.7487106323242 23.7262439727783 23.6981353759766 23.6743125915527 23.6723041534424 23.6736106872559 23.6829280853271 23.6932353973389 23.7049045562744 23.7335929870605 23.7762031555176 23.81569480896 23.8537063598633 23.9117565155029 23.9745960235596 24.0303630828857 24.0861644744873 24.1495265960693 24.2141494750977 24.2840595245361 24.3570976257324 24.4367370605469 24.5233497619629 24.6184864044189 24.6988906860352 24.7685661315918 24.8250560760498 24.8760871887207 24.9514179229736 25.0315246582031 25.0579433441162 25.0767364501953 25.0404510498047 25.0091762542725 24.9955139160156 24.9807796478271 24.9640560150146 24.94455909729 24.9220409393311 24.8819313049316 24.8304386138916 24.7437477111816 24.6444129943848 24.5498275756836
23.839771270752 23.8389053344727 23.8408584594727 23.8072910308838 23.7705631256104 23.7467193603516 23.7270545959473 23.7286491394043 23.7337112426758 23.7471466064453 23.7606296539307 23.7741794586182 23.8075580596924 23.8571624755859 23.908447265625 23.9605293273926 24.0219993591309 24.08571434021 24.1420421600342 24.1985263824463 24.2646675109863 24.3318881988525 24.403621673584 24.4792671203613 24.5631694793701 24.6552639007568 24.7573699951172 24.8418025970459 24.9133625030518 24.972785949707 25.0271816253662 25.1029815673828 25.1829891204834 25.2197608947754 25.2512245178223 25.2464733123779 25.2382431030273 25.2177715301514 25.1969432830811 25.1754589080811 25.1481456756592 25.1144828796387 25.0640335083008 25.002721786499 24.9094638824463 24.8047294616699 24.7048530578613
23.925910949707 23.915678024292 23.9072113037109 23.8571357727051 23.8040943145752 23.7859439849854 23.7716598510742 23.7770538330078 23.7860622406006 23.8037967681885 23.823169708252 23.8447875976562 23.8850498199463 23.9405651092529 23.9996719360352 24.0604801177979 24.1260185241699 24.1926879882812 24.2534523010254 24.3144302368164 24.3844051361084 24.4550971984863 24.5288009643555 24.6067161560059 24.6935272216797 24.7893104553223 24.8960609436035 24.983907699585 25.0579853057861 25.1272621154785 25.1945495605469 25.2703971862793 25.3479251861572 25.3876724243164 25.4239807128906 25.4403629302979 25.4483013153076 25.4265594482422 25.4047527313232 25.3828239440918 25.3521366119385 25.3119068145752 25.253812789917 25.1841564178467 25.0874729156494 24.9810791015625 24.8756313323975
24.0138244628906 23.9916877746582 23.968864440918 23.9004306793213 23.829532623291 23.8181457519531 23.8101615905762 23.8194999694824 23.8325977325439 23.854772567749 23.8820705413818 23.9163990020752 23.9651870727539 24.0258045196533 24.0897521972656 24.1552791595459 24.2253704071045 24.2965545654297 24.3646621704102 24.432991027832 24.5075874328613 24.5824127197266 24.6581916809082 24.7381267547607 24.8268280029297 24.9249572753906 25.034610748291 25.1254100799561 25.2024784088135 25.2867984771729 25.3741226196289 25.4497013092041 25.522970199585 25.5601558685303 25.5954360961914 25.6251487731934 25.6441059112549 25.6252479553223 25.606294631958 25.587158203125 25.5564289093018 25.5130672454834 25.449348449707 25.3724575042725 25.2747020721436 25.169454574585 25.0582237243652
24.10671043396 24.0704708099365 24.0305328369141 23.9490032196045 23.8660278320312 23.8590049743652 23.8559436798096 23.8730278015137 23.8926773071289 23.9185180664062 23.9510860443115 23.9928874969482 24.0468673706055 24.1108112335205 24.1779670715332 24.2466430664062 24.3198909759521 24.394229888916 24.4680004119873 24.5422840118408 24.6245822906494 24.7074012756348 24.7924060821533 24.880184173584 24.973819732666 25.0758514404297 25.1881427764893 25.2814712524414 25.3609848022461 25.4491863250732 25.5409870147705 25.6153774261475 25.6863460540771 25.7237148284912 25.7599449157715 25.7971992492676 25.8225021362305 25.8057842254639 25.7889881134033 25.772045135498 25.7420043945312 25.6976928710938 25.6318416595459 25.5520496368408 25.4574527740479 25.3575382232666 25.2400875091553
24.2017288208008 24.1504421234131 24.0922107696533 23.9998359680176 23.9072608947754 23.9035758972168 23.9048442840576 23.9313068389893 23.9585628509521 23.9877376556396 24.024435043335 24.0714645385742 24.1292095184326 24.1957187652588 24.265380859375 24.3365364074707 24.4123401641846 24.4892539978027 24.5679664611816 24.6476058959961 24.7389240264893 24.8313941955566 24.9286842346191 25.0268058776855 25.1266784667969 25.2332782745361 25.3480987548828 25.4437713623047 25.5254974365234 25.6127967834473 25.7024040222168 25.7752151489258 25.8447227478027 25.8834495544434 25.9214744567871 25.9637908935547 25.9934387207031 25.9785404205322 25.9636039733887 25.9485950469971 25.9195556640625 25.8752326965332 25.8087425231934 25.7279109954834 25.6382827758789 25.5454940795898 25.4216403961182
24.2872447967529 24.2262535095215 24.1565494537354 24.058780670166 23.9615898132324 23.9575576782227 23.9593734741211 23.990930557251 24.0222663879395 24.0530681610107 24.0916042327881 24.1407604217529 24.200159072876 24.2679386138916 24.3383522033691 24.4100112915039 24.4845561981201 24.5597915649414 24.6421031951904 24.7263202667236 24.8312129974365 24.9374179840088 25.049108505249 25.1583557128906 25.2624473571777 25.3707523345947 25.4842128753662 25.584774017334 25.6759414672852 25.7657527923584 25.8550052642822 25.9261512756348 25.9937400817871 26.0318183898926 26.0689811706543 26.1078777313232 26.1358451843262 26.1253757476807 26.1134300231934 26.0987358093262 26.0704669952393 26.0274085998535 25.9625415802002 25.8835620880127 25.7970294952393 25.7077827453613 25.5799427032471
24.3707962036133 24.3012027740479 24.2214393615723 24.1194019317627 24.018627166748 24.0134868621826 24.0150680541992 24.0508346557617 24.085521697998 24.1175956726074 24.1574935913086 24.2081336975098 24.2687511444092 24.3375339508057 24.408332824707 24.4800891876221 24.5525875091553 24.6252632141113 24.7108936309814 24.7995300292969 24.9189395904541 25.039722442627 25.1662521362305 25.2867889404297 25.3946762084961 25.5040988922119 25.6153964996338 25.7213726043701 25.8234729766846 25.91650390625 26.0057792663574 26.0752468109131 26.1408214569092 26.1778354644775 26.2135848999023 26.2473087310791 26.272346496582 26.2668495178223 26.2581272125244 26.2434139251709 26.2158679962158 26.1743392944336 26.1115608215332 26.0350322723389 25.9512062072754 25.8647613525391 25.7334365844727
24.449333190918 24.3791027069092 24.2987518310547 24.190450668335 24.0828456878662 24.0712604522705 24.067174911499 24.1012344360352 24.1350135803223 24.1681098937988 24.2085113525391 24.2589378356934 24.3181324005127 24.38450050354 24.4525547027588 24.5214080810547 24.5959491729736 24.6718482971191 24.7669982910156 24.8651294708252 24.9873752593994 25.1127395629883 25.2511501312256 25.3825283050537 25.4990539550781 25.6151676177979 25.7307739257812 25.8415431976318 25.9487895965576 26.0410671234131 26.1271476745605 26.1960105895996 26.2614898681641 26.3033676147461 26.3428230285645 26.3671436309814 26.3844833374023 26.3772792816162 26.3658504486084 26.3465747833252 26.3180828094482 26.2795524597168 26.2221279144287 26.1524791717529 26.0736694335938 25.9915676116943 25.8694458007812
24.5270366668701 24.456636428833 24.3762607574463 24.2619247436523 24.1476593017578 24.1291313171387 24.1188850402832 24.1507682800293 24.183162689209 24.2168006896973 24.257230758667 24.3069896697998 24.3644371032715 24.4281787872314 24.4937572479248 24.560209274292 24.6380367279053 24.7185802459717 24.8231067657471 24.9304161071777 25.0542488098145 25.1830406188965 25.3325901031494 25.4745044708252 25.6003017425537 25.7239036560059 25.8448257446289 25.9607124328613 26.0729331970215 26.1640529632568 26.2464332580566 26.3148155212402 26.380443572998 26.4259700775146 26.4679470062256 26.4825420379639 26.4918155670166 26.4823703765869 26.4679431915283 26.444263458252 26.4149265289307 26.3794231414795 26.3274173736572 26.2647323608398 26.1909828186035 26.113260269165 26.0011386871338
24.598237991333 24.5288486480713 24.4499473571777 24.3329658508301 24.2153930664062 24.1871490478516 24.1680679321289 24.195592880249 24.2235908508301 24.2527294158936 24.2885608673096 24.3335781097412 24.3870964050293 24.4475727081299 24.5150661468506 24.5858840942383 24.6783199310303 24.7759208679199 24.8853149414062 24.996000289917 25.1136722564697 25.2383785247803 25.3925285339355 25.5419673919678 25.6814613342285 25.818416595459 25.9522705078125 26.0770454406738 26.1952056884766 26.2827301025391 26.3575687408447 26.426248550415 26.4937171936035 26.5270748138428 26.556510925293 26.559986114502 26.5595417022705 26.5453224182129 26.5276145935059 26.5034294128418 26.4751052856445 26.442268371582 26.3947887420654 26.3378353118896 26.2685394287109 26.1948089599609 26.0951328277588
24.6684226989746 24.6004390716553 24.5233726501465 24.4048957824707 24.2852249145508 24.2477264404297 24.2201957702637 24.2433776855469 24.2668876647949 24.2911834716797 24.3219604492188 24.3616313934326 24.4109325408936 24.4681091308594 24.5394134521484 24.6174068450928 24.7207641601562 24.8301811218262 24.9428615570068 25.0558338165283 25.1698131561279 25.2923336029053 25.450590133667 25.6071243286133 25.7600269317627 25.9100532531738 26.056568145752 26.1895484924316 26.3126659393311 26.3975620269775 26.4666290283203 26.5316104888916 26.5957889556885 26.6182174682617 26.6365547180176 26.6300277709961 26.6207981109619 26.6020660400391 26.5810279846191 26.5557079315186 26.5277919769287 26.497049331665 26.4540977478027 26.403247833252 26.338960647583 26.269847869873 26.1814918518066
24.7348728179932 24.669750213623 24.5958347320557 24.4800930023193 24.3627471923828 24.3176822662354 24.2831249237061 24.3020191192627 24.3207054138184 24.3388919830322 24.3629474639893 24.3950614929199 24.4390811920166 24.4928398132324 24.5749034881592 24.670373916626 24.7711277008057 24.8731441497803 24.983304977417 25.0945816040039 25.2139282226562 25.3412208557129 25.5017681121826 25.6638259887695 25.8290767669678 25.9911441802979 26.1493225097656 26.2880077362061 26.4124927520752 26.4982967376709 26.5680847167969 26.6147117614746 26.6567878723145 26.6728286743164 26.6853504180908 26.6729221343994 26.6583156585693 26.6360492706299 26.6115016937256 26.5827217102051 26.5530033111572 26.5222625732422 26.4838447570801 26.4404602050781 26.3832244873047 26.3210124969482 26.2398624420166
