Ecospace-environmental-drivers/Outputs/ASCII-for-ecospace/MOM6-ISIMIP3a/tos/2006-04_tos_MOM6-ISIMIP3a.asc
NCOLS 131 
NROWS 53 
XLLCORNER -98 
YLLCORNER 23.9265270233154 
CELLSIZE 0.133587792515755 
NODATA_value -9999 
[rows 0 to 20 of 53, columns 47 to 93 of 131]
-9999 -9999 -9999 -9999 -9999 -9999 -9999 -9999 -9999 -9999 -9999 -9999 -9999 -9999 -9999 -9999 -9999 -9999 -9999 -9999 -9999 -9999 -9999 -9999 -9999 -9999 -9999 -9999 -9999 -9999 -9999 -9999 -9999 -9999 -9999 -9999 -9999 -9999 -9999 -9999 -9999 -9999 -9999 -9999 -9999 -9999 -9999
-9999 -9999 -9999 -9999 -9999 -9999 -9999 -9999 -9999 -9999 -9999 -9999 -9999 -9999 -9999 -9999 -9999 -9999 -9999 -9999 -9999 -9999 -9999 -9999 -9999 -9999 -9999 -9999 -9999 -9999 -9999 -9999 -9999 -9999 -9999 -9999 -9999 -9999 -9999 -9999 -9999 -9999 -9999 -9999 -9999 -9999 -9999
-9999 -9999 -9999 -9999 -9999 -9999 -9999 -9999 -9999 -9999 -9999 -9999 -9999 -9999 -9999 -9999 -9999 -9999 -9999 -9999 -9999 -9999 -9999 -9999 -9999 -9999 -9999 21.7355728149414 21.6603317260742 -9999 -9999 -9999 -9999 -9999 -9999 -9999 -9999 -9999 -9999 -9999 -9999 -9999 -9999 -9999 -9999 -9999 -9999
-9999 -9999 -9999 -9999 -9999 -9999 -9999 -9999 -9999 -9999 -9999 -9999 -9999 -9999 -9999 -9999 -9999 -9999 -9999 -9999 -9999 -9999 -9999 -9999 -9999 -9999 -9999 21.7431011199951 21.6703014373779 -9999 -9999 -9999 -9999 -9999 -9999 -9999 -9999 -9999 -9999 -9999 -9999 -9999 -9999 -9999 -9999 -9999 -9999
-9999 -9999 -9999 -9999 -9999 -9999 -9999 -9999 -9999 -9999 -9999 -9999 -9999 -9999 -9999 -9999 -9999 -9999 21.9755058288574 21.9681987762451 21.9623527526855 21.9282493591309 21.9013500213623 21.8627548217773 21.8426342010498 21.8289833068848 21.7991886138916 21.751781463623 21.6783351898193 21.5807838439941 -9999 -9999 21.0786399841309 20.8772716522217 20.7274188995361 20.6415271759033 20.641056060791 20.6693172454834 20.7088165283203 20.7373790740967 20.7651119232178 20.8516998291016 -9999 -9999 -9999 -9999 -9999
-9999 -9999 -9999 -9999 -9999 -9999 -9999 -9999 -9999 -9999 -9999 -9999 -9999 -9999 22.4722366333008 -9999 22.4139575958252 22.3646812438965 22.1747531890869 21.9755058288574 21.9667377471924 21.9623527526855 21.8941478729248 21.8475513458252 21.8465633392334 21.8337860107422 21.8066005706787 21.7571792602539 21.6915645599365 21.5862636566162 21.4645252227783 21.2801837921143 21.0835361480713 20.8721981048584 20.6760807037354 20.6339797973633 20.6145191192627 20.6746711730957 20.7187595367432 20.7330169677734 20.7603588104248 20.8019599914551 20.9927825927734 21.280158996582 -9999 -9999 -9999
-9999 -9999 -9999 -9999 -9999 -9999 -9999 -9999 -9999 -9999 23.1188812255859 23.1209316253662 23.1221961975098 23.1250667572021 22.8002300262451 22.4781875610352 22.466287612915 22.4109039306641 22.3646812438965 22.1840705871582 21.9755058288574 21.9623527526855 21.8941478729248 21.8475513458252 21.8465633392334 21.8337860107422 21.8066005706787 21.7571792602539 21.6915645599365 21.5862636566162 21.4645252227783 21.2801837921143 21.0835361480713 20.8721981048584 20.6760807037354 20.6339797973633 20.6145191192627 20.6746711730957 20.7187595367432 20.7330169677734 20.7603588104248 20.8019599914551 20.9927825927734 21.280158996582 21.356107711792 21.4318866729736 -9999
-9999 -9999 -9999 -9999 -9999 -9999 -9999 -9999 -9999 -9999 23.1078910827637 23.1188812255859 23.1229820251465 -9999 23.1274929046631 22.8044528961182 22.4900856018066 22.466287612915 22.401741027832 22.3646812438965 22.2120246887207 22.0708465576172 21.9777069091797 21.9088134765625 21.8911075592041 21.8605499267578 21.8142871856689 21.7475242614746 21.665828704834 21.5525093078613 21.4260959625244 21.278205871582 21.1260948181152 20.9825267791748 20.8503475189209 20.8263549804688 20.8270530700684 20.9145679473877 20.9792366027832 21.0014762878418 20.9953441619873 20.9582996368408 21.0596981048584 21.250675201416 21.4015445709229 21.5380077362061 21.5350914001465
-9999 -9999 -9999 -9999 -9999 -9999 -9999 -9999 -9999 -9999 -9999 -9999 -9999 -9999 23.1282119750977 23.1271858215332 22.8104953765869 22.5138854980469 22.466287612915 22.3742561340332 22.2859535217285 22.1915435791016 22.071569442749 21.9785690307617 21.9425106048584 21.8923892974854 21.8250789642334 21.7391376495361 21.639627456665 21.5178680419922 21.3868923187256 21.2795658111572 21.176887512207 21.1083946228027 21.0470275878906 21.0428924560547 21.0655670166016 21.182502746582 21.2694320678711 21.3006362915039 21.2579097747803 21.1346282958984 21.1383285522461 21.2241916656494 21.3671722412109 21.5306701660156 21.5420799255371
23.148307800293 -9999 -9999 -9999 -9999 -9999 -9999 -9999 -9999 -9999 23.1391906738281 23.0966243743896 -9999 -9999 -9999 23.1304759979248 23.1157970428467 22.8260326385498 22.5614833831787 22.5624027252197 22.4392147064209 22.3172035217285 22.2001247406006 22.1056327819824 22.0588226318359 21.9956092834473 21.9123497009277 21.8104438781738 21.6949596405029 21.5805244445801 21.4665241241455 21.4018325805664 21.3468341827393 21.345832824707 21.3473663330078 21.3541469573975 21.3844432830811 21.4974250793457 21.586051940918 21.6294498443604 21.5704612731934 21.3999195098877 21.3625030517578 21.4112243652344 21.4242343902588 21.4244155883789 21.4729690551758
23.1605834960938 23.1623954772949 -9999 -9999 -9999 -9999 -9999 -9999 -9999 -9999 23.1502208709717 23.11669921875 23.0966243743896 -9999 -9999 23.1516819000244 23.1208648681641 23.0748462677002 22.9066772460938 22.7314147949219 22.5750408172607 22.4275970458984 22.3175239562988 22.2244873046875 22.1674118041992 22.0925559997559 21.9959697723389 21.8819599151611 21.7552604675293 21.6523036956787 21.5591773986816 21.5360774993896 21.5267448425293 21.5849952697754 21.6417827606201 21.6598491668701 21.6971206665039 21.8019237518311 21.8877067565918 21.9381637573242 21.8681144714355 21.6667652130127 21.5963344573975 21.6106128692627 21.504280090332 21.3546199798584 21.4031391143799
23.1605834960938 23.1660194396973 23.308780670166 23.4068546295166 -9999 -9999 -9999 -9999 -9999 -9999 -9999 23.1200847625732 23.1071491241455 23.0966243743896 23.1188812255859 23.1516819000244 23.1208648681641 23.0748462677002 22.9406433105469 22.7977981567383 22.6173572540283 22.4560928344727 22.3750858306885 22.2993106842041 22.2345848083496 22.155855178833 22.0600109100342 21.9545993804932 21.8422203063965 21.7730083465576 21.7216739654541 21.7345714569092 21.7600936889648 21.8334083557129 21.9044303894043 21.93577003479 21.9765472412109 22.0505104064941 22.1090850830078 22.1390800476074 22.0858535766602 21.9419555664062 21.8819694519043 21.8762760162354 21.7076034545898 21.4803848266602 21.3294372558594
23.1787414550781 23.2730350494385 23.3857326507568 23.4103355407715 -9999 -9999 -9999 -9999 23.2535781860352 23.1786975860596 23.1306533813477 23.119457244873 23.110143661499 23.1023731231689 23.1191749572754 23.1476154327393 23.1202850341797 23.0796279907227 22.9734535217285 22.8577976226807 22.6696853637695 22.5054054260254 22.4408779144287 22.3744583129883 22.3040466308594 22.2250003814697 22.1353988647461 22.0451240539551 21.9543590545654 21.9170341491699 21.9018383026123 21.9382247924805 21.9847507476807 22.0619525909424 22.1372470855713 22.1828117370605 22.2273349761963 22.2681903839111 22.2991275787354 22.3116436004639 22.276496887207 22.1894207000732 22.1438102722168 22.1250305175781 21.9393692016602 21.6937618255615 21.4149017333984
23.2422981262207 23.3124237060547 23.3890781402588 23.4103355407715 23.4244976043701 23.4002056121826 23.3707408905029 23.3149566650391 23.2535781860352 23.1786975860596 23.1306533813477 23.119457244873 23.113489151001 23.1117973327637 23.1201992034912 23.1333789825439 23.1182518005371 23.096363067627 23.0033760070801 22.9018421173096 22.7470417022705 22.6067600250244 22.527250289917 22.45041847229 22.3792324066162 22.3087596893311 22.2391548156738 22.1803646087646 22.1294498443604 22.1193580627441 22.1261730194092 22.1547870635986 22.1876850128174 22.2408256530762 22.2954845428467 22.3576564788818 22.4065227508545 22.4085998535156 22.4108257293701 22.4133243560791 22.3993949890137 22.3675651550293 22.3461647033691 22.3315086364746 22.2422389984131 22.1261672973633 21.8982944488525
23.2413864135742 23.3063297271729 23.3731670379639 23.399600982666 23.4203701019287 23.3997993469238 23.3735008239746 23.3180637359619 23.2565116882324 23.1802005767822 23.1318759918213 23.1219711303711 23.1208171844482 23.1268215179443 23.1299438476562 23.1317024230957 23.1185626983643 23.101863861084 23.0235118865967 22.9382438659668 22.8139610290527 22.6956367492676 22.6022453308105 22.5179843902588 22.4530010223389 22.3985443115234 22.3569564819336 22.3321113586426 22.3194618225098 22.3283023834229 22.3460426330566 22.3644390106201 22.3829650878906 22.4189014434814 22.4585018157959 22.5275840759277 22.5756340026855 22.549732208252 22.5276565551758 22.5126895904541 22.5054092407227 22.5065002441406 22.5002861022949 22.4893455505371 22.4630260467529 22.4311847686768 22.2778244018555
23.1493320465088 23.2359294891357 23.3300247192383 23.3736915588379 23.4104080200195 23.3988189697266 23.3801651000977 23.3255615234375 23.2635917663574 23.1838321685791 23.1348266601562 23.1280403137207 23.1337776184082 23.1497611999512 23.1520214080811 23.1477813720703 23.1221809387207 23.0914783477783 23.0298099517822 22.9638347625732 22.8661251068115 22.7668704986572 22.6611518859863 22.5736885070801 22.5247669219971 22.4968528747559 22.4946174621582 22.5071964263916 22.5305671691895 22.5466022491455 22.5595970153809 22.5643253326416 22.5674266815186 22.595853805542 22.6282787322998 22.6905632019043 22.7305030822754 22.6918830871582 22.6517429351807 22.6087779998779 22.5875473022461 22.5899963378906 22.586217880249 22.5784091949463 22.5677623748779 22.5560970306396 22.5105133056641
23.1050319671631 23.1850090026855 23.2730560302734 23.3237075805664 23.368782043457 23.3666019439697 23.357702255249 23.3146228790283 23.2650928497314 23.1999912261963 23.1605682373047 23.156400680542 23.1640701293945 23.1814231872559 23.1831531524658 23.1774826049805 23.1542110443115 23.1267337799072 23.0872764587402 23.0442733764648 22.9616279602051 22.8732490539551 22.7608776092529 22.6711101531982 22.6290588378906 22.613452911377 22.6301670074463 22.6606121063232 22.7010593414307 22.7238521575928 22.7393321990967 22.7407207489014 22.7393417358398 22.7655181884766 22.7951164245605 22.8481578826904 22.8782482147217 22.8276424407959 22.7687282562256 22.6943874359131 22.6537780761719 22.6499195098877 22.6455020904541 22.6407222747803 22.6415767669678 22.6444549560547 22.6541748046875
23.1009483337402 23.1504917144775 23.204439163208 23.2534503936768 23.3004951477051 23.3080806732178 23.3107147216797 23.2881546020508 23.2618942260742 23.2266979217529 23.2055053710938 23.2035331726074 23.2089557647705 23.2204303741455 23.2219085693359 23.2186527252197 23.2101631164551 23.2004222869873 23.1878318786621 23.1708984375 23.0936260223389 23.0092239379883 22.8949813842773 22.8036632537842 22.7607440948486 22.745454788208 22.7639408111572 22.7957801818848 22.8373489379883 22.8665313720703 22.8905849456787 22.8973388671875 22.900691986084 22.9290447235107 22.9594821929932 23.0012226104736 23.0199947357178 22.9580173492432 22.8797340393066 22.7711715698242 22.7066135406494 22.6899948120117 22.6823482513428 22.6805076599121 22.6893482208252 22.7020263671875 22.7228660583496
23.1429061889648 23.1707153320312 23.1993007659912 23.2408542633057 23.2828788757324 23.3017921447754 23.3163566589355 23.3088035583496 23.2987251281738 23.2825527191162 23.2733154296875 23.2736015319824 23.2746143341064 23.2762184143066 23.2744483947754 23.2710800170898 23.2797393798828 23.2912731170654 23.296350479126 23.296293258667 23.2279644012451 23.1519508361816 23.0437755584717 22.9553050994873 22.9084396362305 22.8869647979736 22.8965244293213 22.9221477508545 22.95947265625 22.9907398223877 23.0195007324219 23.0361804962158 23.0504875183105 23.085973739624 23.1227912902832 23.1649513244629 23.18603515625 23.1330184936523 23.05495262146 22.9303684234619 22.8394775390625 22.7852973937988 22.7566623687744 22.744556427002 22.7565135955811 22.7771129608154 22.8067893981934
23.2073936462402 23.2177276611328 23.225227355957 23.2564754486084 23.290060043335 23.3210620880127 23.3477535247803 23.3525104522705 23.3551483154297 23.352668762207 23.3523216247559 23.3548965454102 23.350435256958 23.340217590332 23.3337326049805 23.3290138244629 23.3559818267822 23.3905200958252 23.408763885498 23.4210834503174 23.3634471893311 23.2979831695557 23.1997585296631 23.1162891387939 23.0639705657959 23.0331249237061 23.0285263061523 23.0442085266113 23.0746612548828 23.1059074401855 23.1374855041504 23.1663265228271 23.1946277618408 23.239673614502 23.2855854034424 23.3338985443115 23.3639640808105 23.3298606872559 23.2615966796875 23.1298942565918 23.0115070343018 22.9076290130615 22.8493137359619 22.8204803466797 22.8331680297852 22.8607730865479 22.8981647491455
23.3439426422119 23.3625297546387 23.3729019165039 23.3907680511475 23.4095726013184 23.4330406188965 23.450611114502 23.4381828308105 23.4259834289551 23.4143371582031 23.4142570495605 23.4300575256348 23.4320259094238 23.4226779937744 23.4246120452881 23.4318904876709 23.4617786407471 23.4970684051514 23.5089473724365 23.5152931213379 23.4645004272461 23.4073314666748 23.3234767913818 23.2509822845459 23.2024707794189 23.1704330444336 23.1585254669189 23.1723079681396 23.2047996520996 23.2393283843994 23.2746982574463 23.3138771057129 23.3538017272949 23.4071807861328 23.4601192474365 23.5038833618164 23.5311050415039 23.500171661377 23.4393672943115 23.3230953216553 23.207088470459 23.0913734436035 23.0161590576172 22.9671497344971 22.9686908721924 22.9883899688721 23.0209140777588
