Ecospace-environmental-drivers/Outputs/ASCII-for-ecospace/MOM6-ISIMIP3a/tos/2006-10_tos_MOM6-ISIMIP3a.asc
NCOLS 131 
NROWS 53 
XLLCORNER -98 
YLLCORNER 23.9265270233154 
CELLSIZE 0.133587792515755 
NODATA_value -9999 
[rows 0 to 20 of 53, columns 47 to 93 of 131]
-9999 -9999 -9999 -9999 -9999 -9999 -9999 -9999 -9999 -9999 -9999 -9999 -9999 -9999 -9999 -9999 -9999 -9999 -9999 -9999 -9999 -9999 -9999 -9999 -9999 -9999 -9999 -9999 -9999 -9999 -9999 -9999 -9999 -9999 -9999 -9999 -9999 -9999 -9999 -9999 -9999 -9999 -9999 -9999 -9999 -9999 -9999
-9999 -9999 -9999 -9999 -9999 -9999 -9999 -9999 -9999 -9999 -9999 -9999 -9999 -9999 -9999 -9999 -9999 -9999 -9999 -9999 -9999 -9999 -9999 -9999 -9999 -9999 -9999 -9999 -9999 -9999 -9999 -9999 -9999 -9999 -9999 -9999 -9999 -9999 -9999 -9999 -9999 -9999 -9999 -9999 -9999 -9999 -9999
-9999 -9999 -9999 -9999 -9999 -9999 -9999 -9999 -9999 -9999 -9999 -9999 -9999 -9999 -9999 -9999 -9999 -9999 -9999 -9999 -9999 -9999 -9999 -9999 -9999 -9999 -9999 25.4523658752441 25.4705562591553 -9999 -9999 -9999 -9999 -9999 -9999 -9999 -9999 -9999 -9999 -9999 -9999 -9999 -9999 -9999 -9999 -9999 -9999
-9999 -9999 -9999 -9999 -9999 -9999 -9999 -9999 -9999 -9999 -9999 -9999 -9999 -9999 -9999 -9999 -9999 -9999 -9999 -9999 -9999 -9999 -9999 -9999 -9999 -9999 -9999 25.4489135742188 25.4623317718506 -9999 -9999 -9999 -9999 -9999 -9999 -9999 -9999 -9999 -9999 -9999 -9999 -9999 -9999 -9999 -9999 -9999 -9999
-9999 -9999 -9999 -9999 -9999 -9999 -9999 -9999 -9999 -9999 -9999 -9999 -9999 -9999 -9999 -9999 -9999 -9999 25.1213684082031 25.1363525390625 25.1483402252197 25.2182674407959 25.2778663635254 25.3752613067627 25.4318180084229 25.4472236633301 25.4471626281738 25.4431610107422 25.4564151763916 25.487419128418 -9999 -9999 25.8491630554199 26.0945262908936 26.3294734954834 26.4917545318604 26.5652694702148 26.6076717376709 26.6156883239746 26.5798397064209 26.4724426269531 26.2953910827637 -9999 -9999 -9999 -9999 -9999
-9999 -9999 -9999 -9999 -9999 -9999 -9999 -9999 -9999 -9999 -9999 -9999 -9999 -9999 25.3070068359375 -9999 25.267068862915 25.2335681915283 25.1821594238281 25.1213684082031 25.1393489837646 25.1483402252197 25.2881946563721 25.3970642089844 25.440523147583 25.4578647613525 25.4432849884033 25.4403381347656 25.4458618164062 25.4830474853516 25.5333461761475 25.6559276580811 25.7927207946777 26.0988388061523 26.392017364502 26.4975624084473 26.5856857299805 26.6125602722168 26.6247673034668 26.6097373962402 26.5050163269043 26.3025760650635 26.0785827636719 25.8406410217285 -9999 -9999 -9999
-9999 -9999 -9999 -9999 -9999 -9999 -9999 -9999 -9999 -9999 26.1434631347656 26.1476078033447 26.1494522094727 26.1515235900879 25.7282047271729 25.3114242553711 25.3025913238525 25.2650489807129 25.2335681915283 25.1915397644043 25.1213684082031 25.1483402252197 25.2881946563721 25.3970642089844 25.440523147583 25.4578647613525 25.4432849884033 25.4403381347656 25.4458618164062 25.4830474853516 25.5333461761475 25.6559276580811 25.7927207946777 26.0988388061523 26.392017364502 26.4975624084473 26.5856857299805 26.6125602722168 26.6247673034668 26.6097373962402 26.5050163269043 26.3025760650635 26.0785827636719 25.8406410217285 25.7777576446533 26.2364292144775 -9999
-9999 -9999 -9999 -9999 -9999 -9999 -9999 -9999 -9999 -9999 26.1212406158447 26.1434631347656 26.1517524719238 -9999 26.1496753692627 25.7241954803467 25.320255279541 25.3025913238525 25.2589855194092 25.2335681915283 25.2196807861328 25.2489166259766 25.4586296081543 25.639289855957 25.7586193084717 25.8358287811279 25.8615550994873 25.8833179473877 25.902193069458 25.9380378723145 25.9809131622314 26.0719909667969 26.1725444793701 26.3772964477539 26.5739040374756 26.6532573699951 26.721923828125 26.7530155181885 26.7725105285645 26.7704677581787 26.7138919830322 26.5978965759277 26.4725074768066 26.3410396575928 26.4012393951416 26.5302886962891 26.2455787658691
-9999 -9999 -9999 -9999 -9999 -9999 -9999 -9999 -9999 -9999 -9999 -9999 -9999 -9999 26.1559181213379 26.1330680847168 25.7091445922852 25.3379192352295 25.3025913238525 25.2407989501953 25.2765808105469 25.3605899810791 25.6464328765869 25.9051876068115 26.1067581176758 26.2488861083984 26.3183670043945 26.3669319152832 26.4002647399902 26.4344158172607 26.4689064025879 26.5257091522217 26.5868988037109 26.6814231872559 26.7729892730713 26.8235969543457 26.8708553314209 26.9063358306885 26.9336833953857 26.9459266662598 26.9417495727539 26.9196834564209 26.9009246826172 26.8843059539795 26.7507724761963 26.5752449035645 26.1630611419678
25.5860042572021 -9999 -9999 -9999 -9999 -9999 -9999 -9999 -9999 -9999 26.1944961547852 26.0984630584717 -9999 -9999 -9999 26.1476669311523 26.0749130249023 25.6826324462891 25.3732471466064 25.3808326721191 25.3967761993408 25.4696712493896 25.7809085845947 26.0608043670654 26.2745361328125 26.427225112915 26.5053043365479 26.5584716796875 26.5934925079346 26.6189479827881 26.6404418945312 26.6878395080566 26.7403297424316 26.8062381744385 26.8696327209473 26.9036045074463 26.9366436004639 26.9664039611816 26.9932918548584 27.0148468017578 27.0259094238281 27.0255393981934 27.0137195587158 26.9944915771484 26.8670558929443 26.7007484436035 26.2312774658203
25.6558570861816 25.6661682128906 -9999 -9999 -9999 -9999 -9999 -9999 -9999 -9999 26.2370376586914 26.1781520843506 26.0984630584717 -9999 -9999 26.2097816467285 26.0897541046143 25.9252052307129 25.7223606109619 25.5310249328613 25.5454616546631 25.6185932159424 25.9373683929443 26.2237663269043 26.4418106079102 26.6016216278076 26.690258026123 26.7495231628418 26.7873973846436 26.8052196502686 26.8147373199463 26.852108001709 26.8949546813965 26.9351959228516 26.9732646942139 26.9910430908203 27.0097427368164 27.031681060791 27.055347442627 27.0822238922119 27.1039962768555 27.1202125549316 27.1139869689941 27.0932426452637 26.977855682373 26.8284702301025 26.3467082977295
25.6558570861816 25.6867923736572 26.0054664611816 26.2416744232178 -9999 -9999 -9999 -9999 -9999 -9999 -9999 26.2127990722656 26.1664447784424 26.0984630584717 26.1434631347656 26.2097816467285 26.0897541046143 25.9252052307129 25.8215866088867 25.7357006072998 25.846960067749 25.9812240600586 26.2117614746094 26.4261341094971 26.6063823699951 26.7548770904541 26.8645610809326 26.9379577636719 26.9849243164062 27.0008087158203 27.0038223266602 27.0278396606445 27.0559864044189 27.0863647460938 27.1143684387207 27.1183319091797 27.122049331665 27.1248970031738 27.1305236816406 27.1413097381592 27.1495132446289 27.1549034118652 27.1470603942871 27.1306552886963 27.0592460632324 26.9680767059326 26.7153949737549
25.7207641601562 25.9278907775879 26.1598205566406 26.2473621368408 -9999 -9999 -9999 -9999 26.3026313781738 26.2589073181152 26.2287101745605 26.2170810699463 26.1926078796387 26.1576251983643 26.1922664642334 26.2598876953125 26.1432361602783 25.9825553894043 25.9580936431885 25.9555187225342 26.1353092193604 26.3111267089844 26.4703178405762 26.6252536773682 26.771203994751 26.9063873291016 27.0284061431885 27.1117782592773 27.1669998168945 27.1827449798584 27.1821422576904 27.1943206787109 27.2090110778809 27.2295742034912 27.2478885650635 27.2421207427979 27.2344627380371 27.2201595306396 27.2098274230957 27.2068672180176 27.2015705108643 27.1937274932861 27.180591583252 27.1640319824219 27.1286067962646 27.086404800415 27.0100421905518
25.947940826416 26.0515956878662 26.1703319549561 26.2473621368408 26.3178424835205 26.3267612457275 26.3325672149658 26.32253074646 26.3026313781738 26.2589073181152 26.2287101745605 26.2170810699463 26.2418994903564 26.296537399292 26.3630790710449 26.4352607727051 26.3304233551025 26.1832885742188 26.1878070831299 26.2132015228271 26.3907871246338 26.5592098236084 26.6892852783203 26.8162498474121 26.936653137207 27.0535316467285 27.1661033630371 27.249059677124 27.3104419708252 27.3305435180664 27.3335475921631 27.3376750946045 27.3420238494873 27.3528823852539 27.3624572753906 27.3571624755859 27.3471488952637 27.3205451965332 27.2994537353516 27.2885990142822 27.2699775695801 27.2428932189941 27.215274810791 27.1873111724854 27.1678886413574 27.1515350341797 27.1195907592773
26.2645053863525 26.263313293457 26.2671680450439 26.3118171691895 26.3591785430908 26.3670902252197 26.3728141784668 26.3674011230469 26.3560256958008 26.3302555084229 26.3150329589844 26.3142929077148 26.3675975799561 26.4651222229004 26.5331192016602 26.5871315002441 26.518985748291 26.42165184021 26.4573307037354 26.5087089538574 26.6555805206299 26.7929592132568 26.8906078338623 26.9899845123291 27.0930061340332 27.1943359375 27.2935981750488 27.3701705932617 27.4302177429199 27.4527053833008 27.4596385955811 27.4609851837158 27.4612312316895 27.4669227600098 27.4718647003174 27.4675045013428 27.4561996459961 27.4204769134521 27.3892230987549 27.3662719726562 27.3353404998779 27.295711517334 27.2549896240234 27.2135581970215 27.1972618103027 27.1899929046631 27.1864585876465
26.7074508666992 26.599458694458 26.4860553741455 26.4673976898193 26.4589557647705 26.4644393920898 26.4699630737305 26.4757061004639 26.4849128723145 26.502477645874 26.5234050750732 26.5489444732666 26.6013221740723 26.6756610870361 26.7020683288574 26.7057723999023 26.709493637085 26.7132186889648 26.7831401824951 26.8576965332031 26.9335441589355 27.006441116333 27.0669898986816 27.1393146514893 27.2365055084229 27.3261775970459 27.406665802002 27.4684219360352 27.5165348052979 27.5386257171631 27.5499420166016 27.5559539794922 27.5609226226807 27.5678653717041 27.5739727020264 27.5711994171143 27.5601081848145 27.5197658538818 27.4791984558105 27.4382095336914 27.3964004516602 27.3536968231201 27.3018169403076 27.2439975738525 27.2126197814941 27.1907405853271 27.1929836273193
27.0078468322754 26.8851566314697 26.7548694610596 26.7116985321045 26.6788082122803 26.6827564239502 26.6878566741943 26.6988124847412 26.714168548584 26.7401561737061 26.7673358917236 26.7961578369141 26.8283138275146 26.8632011413574 26.8700008392334 26.8634967803955 26.9044780731201 26.9568023681641 27.0309410095215 27.1042079925537 27.1429557800293 27.1837062835693 27.2328433990479 27.2952098846436 27.3855037689209 27.4642028808594 27.5287284851074 27.5778179168701 27.6156635284424 27.633321762085 27.6426219940186 27.6451835632324 27.6464195251465 27.6466674804688 27.6462116241455 27.6392250061035 27.6251449584961 27.5861225128174 27.5440216064453 27.4962100982666 27.4504985809326 27.4070777893066 27.3499202728271 27.2838726043701 27.2402000427246 27.2045631408691 27.2048625946045
27.1881980895996 27.1283702850342 27.0657272338867 27.0307064056396 26.99977684021 27.0029449462891 27.0074272155762 27.018590927124 27.0279502868652 27.0329532623291 27.0412158966064 27.0539493560791 27.0496349334717 27.0313758850098 27.0370788574219 27.0541343688965 27.1032295227051 27.1599788665771 27.2130546569824 27.2644233703613 27.2946395874023 27.3304748535156 27.3898334503174 27.4566326141357 27.5391387939453 27.6074352264404 27.6583671569824 27.6965980529785 27.7255783081055 27.7354068756104 27.7373065948486 27.7295818328857 27.7199649810791 27.7068271636963 27.6932983398438 27.677209854126 27.6574440002441 27.6247406005859 27.58766746521 27.5424728393555 27.4987354278564 27.4565849304199 27.399097442627 27.3316898345947 27.2780685424805 27.229398727417 27.221248626709
27.332088470459 27.3070220947266 27.2821559906006 27.263614654541 27.2464866638184 27.2500915527344 27.2539920806885 27.2594089508057 27.2626476287842 27.2606258392334 27.257532119751 27.2529678344727 27.231014251709 27.1948337554932 27.1921463012695 27.2053241729736 27.2489070892334 27.2997570037842 27.3444423675537 27.3879470825195 27.4204063415527 27.4581356048584 27.5179271697998 27.5808544158936 27.6504001617432 27.7087154388428 27.753303527832 27.7848300933838 27.8068447113037 27.8063068389893 27.7964305877686 27.7782649993896 27.7584686279297 27.7386569976807 27.7186946868896 27.6972732543945 27.6745853424072 27.6474342346191 27.6165504455566 27.5787334442139 27.5404491424561 27.5016536712646 27.4480724334717 27.3849220275879 27.3281688690186 27.2737140655518 27.2546615600586
27.4581356048584 27.4540824890137 27.4523735046387 27.4543838500977 27.4568557739258 27.4614906311035 27.4648303985596 27.4615879058838 27.4586448669434 27.456428527832 27.4456806182861 27.4232234954834 27.3928451538086 27.3559837341309 27.3413352966309 27.3372097015381 27.3686122894287 27.4085063934326 27.4510078430176 27.4935150146484 27.5334911346436 27.5764465332031 27.6318778991699 27.6868686676025 27.7409286499023 27.7894668579102 27.8312568664551 27.8581123352051 27.8740921020508 27.861946105957 27.83815574646 27.8094692230225 27.779821395874 27.7566204071045 27.7334766387939 27.708568572998 27.6843090057373 27.66233253479 27.6382083892822 27.6100959777832 27.5789699554443 27.5445537567139 27.4969482421875 27.4408054351807 27.384256362915 27.3275604248047 27.296407699585
27.5500583648682 27.550666809082 27.5535717010498 27.555793762207 27.5579357147217 27.5598125457764 27.5602588653564 27.5534152984619 27.5485877990723 27.5486259460449 27.5423259735107 27.5273284912109 27.5061225891113 27.4798393249512 27.4695415496826 27.4668159484863 27.4950485229492 27.5306777954102 27.5673503875732 27.6038665771484 27.6370735168457 27.6718673706055 27.7132968902588 27.7556171417236 27.7998161315918 27.8408088684082 27.8778800964355 27.8986511230469 27.9075450897217 27.88916015625 27.8594799041748 27.8304061889648 27.8014526367188 27.7827911376953 27.7644271850586 27.7452259063721 27.7273254394531 27.713996887207 27.697925567627 27.6767616271973 27.6509227752686 27.6199932098389 27.5773582458496 27.5271472930908 27.4718208312988 27.4146575927734 27.3688373565674
