Ecospace-environmental-drivers/Outputs/ASCII-for-ecospace/MOM6-ISIMIP3a/tos/2007-08_tos_MOM6-ISIMIP3a.asc
NCOLS 131 
NROWS 53 
XLLCORNER -98 
YLLCORNER 23.9265270233154 
CELLSIZE 0.133587792515755 
NODATA_value -9999 
[rows 21 to 41 of 53, columns 47 to 93 of 131]
29.5132446289062 29.5234203338623 29.5333652496338 29.5428256988525 29.5521354675293 29.558723449707 29.5653247833252 29.5719871520996 29.5788879394531 29.5863647460938 29.5959815979004 29.6085357666016 29.6216087341309 29.6351051330566 29.6505393981934 29.6668930053711 29.6608085632324 29.6493606567383 29.5960521697998 29.54225730896 29.5232181549072 29.5140838623047 29.5463981628418 29.5741577148438 29.5923004150391 29.5957374572754 29.581205368042 29.5673980712891 29.5541191101074 29.5628662109375 29.5807342529297 29.5992889404297 29.6179809570312 29.6233215332031 29.6271743774414 29.6213188171387 29.6137561798096 29.6001834869385 29.5860176086426 29.5707492828369 29.5575561523438 29.5466251373291 29.5415954589844 29.5403823852539 29.5395431518555 29.53883934021 29.5416984558105
29.5296421051025 29.5381355285645 29.5463256835938 29.5559139251709 29.565544128418 29.572395324707 29.579174041748 29.5855960845947 29.5920696258545 29.5986671447754 29.6070289611816 29.6178112030029 29.6291389465332 29.6409149169922 29.6563453674316 29.6735057830811 29.6625747680664 29.6449337005615 29.589714050293 29.5346450805664 29.5193328857422 29.5112190246582 29.5332298278809 29.5509281158447 29.5595264434814 29.5584602355957 29.545581817627 29.5362396240234 29.5294723510742 29.54075050354 29.5594997406006 29.5794239044189 29.5995807647705 29.6047515869141 29.6085433959961 29.6042995452881 29.5989055633545 29.5894718170166 29.5789623260498 29.5664539337158 29.5544013977051 29.5428447723389 29.5364933013916 29.5335083007812 29.5328369140625 29.5329971313477 29.5344505310059
29.5497417449951 29.5567798614502 29.5635185241699 29.5734176635742 29.5835189819336 29.5903797149658 29.5970268249512 29.6025829315186 29.607967376709 29.6129341125488 29.6192932128906 29.6275653839111 29.6365203857422 29.6460342407227 29.6605682373047 29.6774826049805 29.6616535186768 29.6380004882812 29.5822982788086 29.5273761749268 29.5158767700195 29.508768081665 29.5200366973877 29.5276336669922 29.5274848937988 29.5227031707764 29.5122547149658 29.5078067779541 29.5077285766602 29.521125793457 29.5401039123535 29.5610675811768 29.5824203491211 29.5876560211182 29.5916385650635 29.5892028808594 29.5861358642578 29.5808372497559 29.5739936828613 29.5642871856689 29.5532855987549 29.5408744812012 29.5328426361084 29.5276432037354 29.5267734527588 29.5274600982666 29.5276489257812
29.5897464752197 29.5962696075439 29.6027679443359 29.6090888977051 29.6152877807617 29.6186676025391 29.6215763092041 29.6220798492432 29.6226329803467 29.6233043670654 29.625732421875 29.6305713653564 29.635856628418 29.6415042877197 29.6530818939209 29.6674652099609 29.6533756256104 29.6324806213379 29.5811042785645 29.5303611755371 29.5193176269531 29.5107574462891 29.5125961303711 29.5128040313721 29.5095691680908 29.5041980743408 29.4962120056152 29.4949684143066 29.4986362457275 29.5114593505859 29.5280723571777 29.5490550994873 29.5708980560303 29.5831165313721 29.5940761566162 29.5962181091309 29.5974044799805 29.5952434539795 29.5909862518311 29.5828304290771 29.5717430114746 29.5574645996094 29.5458450317383 29.5359439849854 29.528902053833 29.5228862762451 29.5200748443604
29.6287746429443 29.6341342926025 29.6397075653076 29.6424808502197 29.6448726654053 29.6446113586426 29.6436824798584 29.6393642425537 29.6352519989014 29.6316375732422 29.6300144195557 29.6311283111572 29.6327991485596 29.6349258422852 29.6441040039062 29.656623840332 29.6451663970947 29.6279792785645 29.580961227417 29.5343437194824 29.5233612060547 29.5132675170898 29.5068950653076 29.5007667541504 29.4951572418213 29.4898872375488 29.4850311279297 29.4872360229492 29.4945850372314 29.5070095062256 29.5215339660645 29.5416870117188 29.5629482269287 29.5804882049561 29.5969219207764 29.6038932800293 29.6095275878906 29.6104640960693 29.608528137207 29.6012630462646 29.5899505615234 29.5742321014404 29.5595645904541 29.5455799102783 29.5330200195312 29.5209712982178 29.5145130157471
29.6635055541992 29.6648769378662 29.6665077209473 29.6658782958984 29.6648826599121 29.6602725982666 29.6550827026367 29.6469402313232 29.6388816833496 29.6310272216797 29.6248397827148 29.6209411621094 29.6192474365234 29.6193599700928 29.6286010742188 29.6421699523926 29.637264251709 29.6279449462891 29.585428237915 29.5426998138428 29.5300559997559 29.5180683135986 29.5088176727295 29.5009746551514 29.4961051940918 29.493968963623 29.4951725006104 29.501895904541 29.5126399993896 29.5254383087158 29.5390853881836 29.5546875 29.570671081543 29.5862369537354 29.6015434265137 29.6144714355469 29.6253890991211 29.6292362213135 29.6284923553467 29.6192150115967 29.6070613861084 29.5917739868164 29.57643699646 29.5610637664795 29.5458526611328 29.5307006835938 29.5177841186523
29.6952896118164 29.6923789978027 29.6896533966064 29.6855220794678 29.681116104126 29.6732425689697 29.6648502349854 29.6538162231445 29.642671585083 29.6312580108643 29.6211891174316 29.6129703521729 29.6084861755371 29.6070594787598 29.6160049438477 29.6298637390137 29.629861831665 29.6265468597412 29.5889778137207 29.550708770752 29.5365219116211 29.5232830047607 29.5140151977539 29.5069923400879 29.5047092437744 29.5062847137451 29.5125751495361 29.5226631164551 29.5355167388916 29.5481796264648 29.5607624053955 29.5726470947266 29.5843944549561 29.5974140167236 29.6107387542725 29.6265773773193 29.6403770446777 29.6470127105713 29.6480674743652 29.6387596130371 29.6262645721436 29.6102962493896 29.5938205718994 29.5770206451416 29.5607414245605 29.5446510314941 29.5269107818604
29.720645904541 29.7128105163574 29.7048263549805 29.6969757080078 29.6891059875488 29.6803398132324 29.6710605621338 29.6591682434082 29.6468086242676 29.6333236694336 29.6208724975586 29.6098384857178 29.6038131713867 29.6018867492676 29.6097469329834 29.622241973877 29.6235485076904 29.6221790313721 29.5905208587646 29.5579586029053 29.5424842834473 29.5294055938721 29.5263557434082 29.5256805419922 29.5300178527832 29.5365676879883 29.5458202362061 29.5567569732666 29.5689163208008 29.5803318023682 29.591438293457 29.6014289855957 29.6112022399902 29.6204319000244 29.6299114227295 29.642017364502 29.6534671783447 29.6626091003418 29.6667938232422 29.6617774963379 29.6500301361084 29.6309490203857 29.6123275756836 29.5940017700195 29.5801105499268 29.5678119659424 29.5488128662109
29.7456665039062 29.733118057251 29.7203330993652 29.7107620239258 29.7015838623047 29.6941967010498 29.6859531402588 29.6733570098877 29.6591701507568 29.6411399841309 29.6244106292725 29.6094627380371 29.6010303497314 29.5979290008545 29.6046848297119 29.6161136627197 29.6187515258789 29.6192893981934 29.5953330993652 29.5705718994141 29.5586223602295 29.5494384765625 29.5518264770508 29.5559844970703 29.5638790130615 29.5719909667969 29.5803699493408 29.5890426635742 29.5979309082031 29.6062908172607 29.6144313812256 29.6221084594727 29.6296920776367 29.6366062164307 29.6437282562256 29.6531162261963 29.6627292633057 29.6731281280518 29.6798286437988 29.6796588897705 29.6711769104004 29.6536388397217 29.6351146697998 29.6159496307373 29.6037483215332 29.594051361084 29.5759258270264
29.770263671875 29.753267288208 29.7362651824951 29.727481842041 29.7197132110596 29.7165565490723 29.7117652893066 29.6986656188965 29.6818790435791 29.6561908721924 29.6327972412109 29.6125564575195 29.6006259918213 29.595495223999 29.6011276245117 29.6118583679199 29.6158638000488 29.6182632446289 29.6042537689209 29.589937210083 29.5875663757324 29.586971282959 29.5938148498535 29.600902557373 29.6084995269775 29.6138820648193 29.6165580749512 29.6190567016602 29.6214256286621 29.6244583129883 29.6277637481689 29.6325912475586 29.6377182006836 29.6441688537598 29.6508045196533 29.6587524414062 29.6671733856201 29.6772594451904 29.6856994628906 29.6910800933838 29.6890335083008 29.6788921356201 29.6632881164551 29.6441459655762 29.6327610015869 29.6241645812988 29.6096000671387
29.7953128814697 29.7756729125977 29.7567596435547 29.7502136230469 29.7451496124268 29.7459487915039 29.7439918518066 29.7280197143555 29.7068576812744 29.6731567382812 29.6439094543457 29.6207790374756 29.6076107025146 29.6025924682617 29.6082458496094 29.618953704834 29.625675201416 29.6314468383789 29.6280651092529 29.6245136260986 29.6276569366455 29.6313056945801 29.6370639801025 29.6414451599121 29.6429233551025 29.6419906616211 29.638111114502 29.6358280181885 29.634708404541 29.6354961395264 29.6370735168457 29.6409893035889 29.6453647613525 29.6520309448242 29.6588439941406 29.6662845611572 29.6740989685059 29.6832313537598 29.6916332244873 29.6986770629883 29.6999797821045 29.6950283050537 29.6836490631104 29.6681118011475 29.6573276519775 29.6482486724854 29.6370544433594
29.8207015991211 29.799768447876 29.7806777954102 29.7774524688721 29.7760696411133 29.7806167602539 29.7810287475586 29.7604103088379 29.7335357666016 29.6915588378906 29.6570663452148 29.632848739624 29.6201362609863 29.6168384552002 29.6233711242676 29.6345596313477 29.6450119018555 29.6552886962891 29.6630439758301 29.6704978942871 29.6761112213135 29.6807403564453 29.6812572479248 29.6787109375 29.66969871521 29.659761428833 29.6486892700195 29.6426696777344 29.6403293609619 29.641185760498 29.643367767334 29.6478233337402 29.6527271270752 29.6601142883301 29.6676063537598 29.675235748291 29.68288230896 29.690580368042 29.6976127624512 29.703405380249 29.7057437896729 29.7043228149414 29.6981525421143 29.6889057159424 29.6785564422607 29.6678104400635 29.6598491668701
29.8478031158447 29.8278026580811 29.8104991912842 29.810863494873 29.8131427764893 29.8182106018066 29.8182983398438 29.7930564880371 29.7617321014404 29.7157211303711 29.6793212890625 29.6561126708984 29.6460361480713 29.6467018127441 29.6573925018311 29.6728324890137 29.6868190765381 29.7004585266113 29.7088375091553 29.7163333892822 29.7162570953369 29.7143573760986 29.7048358917236 29.6928062438965 29.675479888916 29.6601104736328 29.6471328735352 29.6415119171143 29.6412487030029 29.643575668335 29.6469745635986 29.6529941558838 29.6595287322998 29.6676578521729 29.6758518218994 29.6841011047363 29.6922702789307 29.7001571655273 29.707145690918 29.712459564209 29.7144069671631 29.712682723999 29.7082805633545 29.7021446228027 29.6920604705811 29.6805553436279 29.674654006958
29.8756408691406 29.8575229644775 29.8428497314453 29.846923828125 29.8528518676758 29.8570594787598 29.8556709289551 29.825813293457 29.7905769348145 29.7423515319824 29.7054748535156 29.684175491333 29.6776657104492 29.6832580566406 29.6995143890381 29.7208232879639 29.7382583618164 29.7547702789307 29.7592658996582 29.7621059417725 29.7528438568115 29.7411975860596 29.7195816040039 29.6969718933105 29.6722621917725 29.6529922485352 29.6403732299805 29.6369228363037 29.6401519775391 29.6445503234863 29.6494312286377 29.6574516296387 29.6660919189453 29.6749706268311 29.683874130249 29.692928314209 29.7019176483154 29.7106876373291 29.7181987762451 29.7233695983887 29.724308013916 29.7206382751465 29.7165336608887 29.7121467590332 29.7022514343262 29.6903781890869 29.68603515625
29.9055233001709 29.8897323608398 29.8776378631592 29.8824939727783 29.8887538909912 29.8860092163086 29.8779048919678 29.8425388336182 29.8052024841309 29.7631168365479 29.7334060668945 29.720682144165 29.7221088409424 29.7351131439209 29.751163482666 29.7686538696289 29.7789421081543 29.7875099182129 29.7831935882568 29.7773914337158 29.7628383636475 29.7451190948486 29.7141437530518 29.6839199066162 29.6552867889404 29.6340961456299 29.6220016479492 29.622953414917 29.6334075927734 29.6434898376465 29.6534175872803 29.666431427002 29.6800518035889 29.6904888153076 29.7004890441895 29.7073822021484 29.7139129638672 29.7191753387451 29.72434425354 29.7293395996094 29.7307205200195 29.7281627655029 29.7241859436035 29.7192878723145 29.7089233398438 29.6965942382812 29.6923236846924
29.935827255249 29.922456741333 29.9129295349121 29.9179649353027 29.9238662719727 29.9129104614258 29.897008895874 29.8559436798096 29.8168849945068 29.7826690673828 29.7617053985596 29.7589359283447 29.7692031860352 29.7901363372803 29.8047828674316 29.8164501190186 29.8173980712891 29.8157844543457 29.8016376495361 29.7863693237305 29.767333984375 29.7442989349365 29.7045269012451 29.6673049926758 29.6354656219482 29.6127624511719 29.6012268066406 29.6070423126221 29.6254940032959 29.6420078277588 29.6577205657959 29.6763439178467 29.6955413818359 29.7077026367188 29.718879699707 29.7229995727539 29.7263946533203 29.7272415161133 29.7294750213623 29.7342872619629 29.7364101409912 29.7355976104736 29.7317123413086 29.7258377075195 29.714864730835 29.7020626068115 29.6975574493408
29.96950340271 29.9574584960938 29.9485092163086 29.9473457336426 29.9460582733154 29.9199810028076 29.891881942749 29.8534889221191 29.8200302124023 29.7984828948975 29.7878284454346 29.7921257019043 29.8026905059814 29.818380355835 29.8233680725098 29.8232841491699 29.8167552947998 29.8086891174316 29.794527053833 29.7796897888184 29.7611083984375 29.7376041412354 29.693489074707 29.6542587280273 29.6253395080566 29.6053485870361 29.5962696075439 29.607982635498 29.634838104248 29.6597938537598 29.6839637756348 29.7087020874023 29.7335529327393 29.7489051818848 29.7627868652344 29.765718460083 29.7665481567383 29.7599906921387 29.7543334960938 29.7503490447998 29.7470932006836 29.7446308135986 29.7399139404297 29.7337417602539 29.7216911315918 29.7075309753418 29.7007141113281
30.0019264221191 29.9914131164551 29.9831066131592 29.975378036499 29.9665222167969 29.9256019592285 29.8856315612793 29.8505001068115 29.8229446411133 29.8136825561523 29.8127384185791 29.8232192993164 29.8332386016846 29.8428802490234 29.8381938934326 29.8267211914062 29.8134708404541 29.7997932434082 29.7861862182617 29.7722969055176 29.7542514801025 29.7305030822754 29.6828937530518 29.6423625946045 29.6167755126953 29.5998363494873 29.5934658050537 29.6109924316406 29.645923614502 29.6791400909424 29.7116451263428 29.7422657012939 29.7725162506104 29.7908535003662 29.8072757720947 29.8092746734619 29.8078422546387 29.7943420410156 29.7810115814209 29.7680015563965 29.7589645385742 29.7542533874512 29.7484169006348 29.7418518066406 29.7286472320557 29.7130603790283 29.7037887573242
30.019380569458 30.0131149291992 30.007080078125 29.9919662475586 29.9747276306152 29.9252166748047 29.8789806365967 29.8494071960449 29.8274974822998 29.8240871429443 29.8257465362549 29.8343677520752 29.8389415740967 29.8402080535889 29.8296604156494 29.8135166168213 29.8006610870361 29.788595199585 29.7769107818604 29.764778137207 29.7457447052002 29.7218647003174 29.6776924133301 29.6410350799561 29.620246887207 29.6079635620117 29.6060752868652 29.6280288696289 29.6673488616943 29.7059116363525 29.7441635131836 29.7779598236084 29.8108787536621 29.8292922973633 29.8457889556885 29.8488254547119 29.8480663299561 29.8339729309082 29.8176822662354 29.7973117828369 29.7811050415039 29.7694320678711 29.7598114013672 29.7515201568604 29.7365741729736 29.7192363739014 29.706958770752
30.0290641784668 30.0279960632324 30.0251312255859 30.0047550201416 29.981372833252 29.925199508667 29.8741245269775 29.8489742279053 29.831672668457 29.8333148956299 29.836841583252 29.8429527282715 29.8420906066895 29.835521697998 29.8202171325684 29.8007717132568 29.7887763977051 29.7785606384277 29.768367767334 29.7575492858887 29.7376155853271 29.7136764526367 29.6729679107666 29.6399593353271 29.6232051849365 29.6151371002197 29.6176853179932 29.6441287994385 29.6879806518555 29.7314739227295 29.7748184204102 29.8109645843506 29.8456935882568 29.8633041381836 29.879056930542 29.8828353881836 29.8827419281006 29.8690357208252 29.8509712219238 29.8248100280762 29.8024559020996 29.7842483520508 29.7710647583008 29.7611312866211 29.7443218231201 29.7250442504883 29.7097301483154
30.0102519989014 30.0178661346436 30.0214710235596 30.0036239624023 29.9823055267334 29.9265365600586 29.8758411407471 29.850959777832 29.8344669342041 29.8382244110107 29.8409175872803 29.8421440124512 29.835865020752 29.8234481811523 29.8074378967285 29.7897262573242 29.7802772521973 29.7728042602539 29.7625141143799 29.7513847351074 29.7308712005615 29.7071495056152 29.6699962615967 29.6397972106934 29.6242771148682 29.6188068389893 29.6256217956543 29.6567935943604 29.7057056427002 29.7525959014893 29.7986469268799 29.8341121673584 29.8674983978271 29.8810958862305 29.893087387085 29.8965377807617 29.8970680236816 29.8873386383057 29.8718509674072 29.8456630706787 29.8209171295166 29.7977409362793 29.7817916870117 29.7705230712891 29.7514228820801 29.7295112609863 29.7110366821289
