Ecospace-environmental-drivers/Outputs/ASCII-for-ecospace/MOM6-ISIMIP3a/tos/2008-04_tos_MOM6-ISIMIP3a.asc
NCOLS 131 
NROWS 53 
XLLCORNER -98 
YLLCORNER 23.9265270233154 
CELLSIZE 0.133587792515755 
NODATA_value -9999 
[rows 0 to 20 of 53, columns 47 to 93 of 131]
-9999 -9999 -9999 -9999 -9999 -9999 -9999 -9999 -9999 -9999 -9999 -9999 -9999 -9999 -9999 -9999 -9999 -9999 -9999 -9999 -9999 -9999 -9999 -9999 -9999 -9999 -9999 -9999 -9999 -9999 -9999 -9999 -9999 -9999 -9999 -9999 -9999 -9999 -9999 -9999 -9999 -9999 -9999 -9999 -9999 -9999 -9999
-9999 -9999 -9999 -9999 -9999 -9999 -9999 -9999 -9999 -9999 -9999 -9999 -9999 -9999 -9999 -9999 -9999 -9999 -9999 -9999 -9999 -9999 -9999 -9999 -9999 -9999 -9999 -9999 -9999 -9999 -9999 -9999 -9999 -9999 -9999 -9999 -9999 -9999 -9999 -9999 -9999 -9999 -9999 -9999 -9999 -9999 -9999
-9999 -9999 -9999 -9999 -9999 -9999 -9999 -9999 -9999 -9999 -9999 -9999 -9999 -9999 -9999 -9999 -9999 -9999 -9999 -9999 -9999 -9999 -9999 -9999 -9999 -9999 -9999 20.7560806274414 20.7042102813721 -9999 -9999 -9999 -9999 -9999 -9999 -9999 -9999 -9999 -9999 -9999 -9999 -9999 -9999 -9999 -9999 -9999 -9999
-9999 -9999 -9999 -9999 -9999 -9999 -9999 -9999 -9999 -9999 -9999 -9999 -9999 -9999 -9999 -9999 -9999 -9999 -9999 -9999 -9999 -9999 -9999 -9999 -9999 -9999 -9999 20.7575187683105 20.7047672271729 -9999 -9999 -9999 -9999 -9999 -9999 -9999 -9999 -9999 -9999 -9999 -9999 -9999 -9999 -9999 -9999 -9999 -9999
-9999 -9999 -9999 -9999 -9999 -9999 -9999 -9999 -9999 -9999 -9999 -9999 -9999 -9999 -9999 -9999 -9999 -9999 21.1026382446289 21.092716217041 21.0847797393799 21.0384788513184 20.9983806610107 20.9312858581543 20.8836040496826 20.8492603302002 20.8092918395996 20.7593154907227 20.703950881958 20.6510372161865 -9999 -9999 20.4888076782227 20.4766597747803 20.5148983001709 20.5709400177002 20.6341934204102 20.6866073608398 20.7286319732666 20.7686786651611 20.8084392547607 20.8665161132812 -9999 -9999 -9999 -9999 -9999
-9999 -9999 -9999 -9999 -9999 -9999 -9999 -9999 -9999 -9999 -9999 -9999 -9999 -9999 21.4432525634766 -9999 21.388298034668 21.3421058654785 21.2236557006836 21.1026382446289 21.0907325744629 21.0847797393799 20.9921760559082 20.9181880950928 20.8834953308105 20.8491287231445 20.8151588439941 20.7635879516602 20.699197769165 20.6490688323975 20.6048450469971 20.5342254638672 20.4584159851074 20.4737815856934 20.49778175354 20.5731334686279 20.6419048309326 20.6875438690186 20.7303714752197 20.7679824829102 20.8076801300049 20.8496551513672 20.942211151123 21.0674953460693 -9999 -9999 -9999
-9999 -9999 -9999 -9999 -9999 -9999 -9999 -9999 -9999 -9999 22.2139072418213 22.2172698974609 22.2193069458008 22.2238235473633 21.8352336883545 21.4489860534668 21.4375190734863 21.3852691650391 21.3421058654785 21.226224899292 21.1026382446289 21.0847797393799 20.9921760559082 20.9181880950928 20.8834953308105 20.8491287231445 20.8151588439941 20.7635879516602 20.699197769165 20.6490688323975 20.6048450469971 20.5342254638672 20.4584159851074 20.4737815856934 20.49778175354 20.5731334686279 20.6419048309326 20.6875438690186 20.7303714752197 20.7679824829102 20.8076801300049 20.8496551513672 20.942211151123 21.0674953460693 21.1006050109863 21.17063331604 -9999
-9999 -9999 -9999 -9999 -9999 -9999 -9999 -9999 -9999 -9999 22.1958808898926 22.2139072418213 22.220630645752 -9999 22.2274551391602 21.8388271331787 21.4604530334473 21.4375190734863 21.3761806488037 21.3421058654785 21.2339286804199 21.1226825714111 20.9985980987549 20.8970432281494 20.843053817749 20.7944469451904 20.7524185180664 20.6999816894531 20.639965057373 20.5982360839844 20.5640811920166 20.5241756439209 20.4831390380859 20.5121250152588 20.5478172302246 20.6237030029297 20.6969928741455 20.7611541748047 20.8181591033936 20.8618717193604 20.8979568481445 20.9257335662842 20.9862194061279 21.0678653717041 21.1586284637451 21.25266456604 21.1808414459229
-9999 -9999 -9999 -9999 -9999 -9999 -9999 -9999 -9999 -9999 -9999 -9999 -9999 -9999 22.2288818359375 22.226131439209 21.8411464691162 21.4833869934082 21.4375190734863 21.3489189147949 21.2652015686035 21.1669902801514 21.0081195831299 20.8759956359863 20.8003311157227 20.7357196807861 20.6846199035645 20.6312770843506 20.5763034820557 20.5439128875732 20.5208740234375 20.5145950317383 20.5116119384766 20.555477142334 20.6039161682129 20.6800746917725 20.7580089569092 20.8421878814697 20.9147605895996 20.9657745361328 20.998556137085 21.0114727020264 21.0368843078613 21.0703811645508 21.1513786315918 21.2494411468506 21.1663818359375
22.0044784545898 -9999 -9999 -9999 -9999 -9999 -9999 -9999 -9999 -9999 22.211877822876 22.1774044036865 -9999 -9999 -9999 22.2319355010986 22.2056560516357 21.847240447998 21.5292549133301 21.5303554534912 21.4149932861328 21.2858123779297 21.0987949371338 20.9380702972412 20.8328456878662 20.7460632324219 20.6818218231201 20.629524230957 20.5859260559082 20.5629844665527 20.5485973358154 20.5590057373047 20.5742874145508 20.6243591308594 20.6770343780518 20.7425651550293 20.8124256134033 20.897518157959 20.9794387817383 21.0554714202881 21.1090698242188 21.1382236480713 21.1476821899414 21.1443920135498 21.1535530090332 21.1671848297119 21.1159477233887
22.0326042175293 22.0367565155029 -9999 -9999 -9999 -9999 -9999 -9999 -9999 -9999 22.2263145446777 22.209659576416 22.1774044036865 -9999 -9999 22.2676982879639 22.2142009735107 22.135066986084 21.9201583862305 21.7009506225586 21.5549335479736 21.3969688415527 21.1890029907227 21.0053215026855 20.8729095458984 20.7665023803711 20.6918811798096 20.6445369720459 20.6170635223389 20.6054935455322 20.6005115509033 20.6264190673828 20.6583995819092 20.7140636444092 20.77024269104 20.822868347168 20.8815135955811 20.9613170623779 21.0465087890625 21.1417102813721 21.213285446167 21.2591247558594 21.2581062316895 21.226770401001 21.1731395721436 21.1114978790283 21.078763961792
22.0326042175293 22.0450592041016 22.1902885437012 22.2947273254395 -9999 -9999 -9999 -9999 -9999 -9999 -9999 22.226203918457 22.2113208770752 22.1774044036865 22.2139072418213 22.2676982879639 22.2142009735107 22.135066986084 21.9771919250488 21.8133869171143 21.6420269012451 21.4670104980469 21.2766952514648 21.1003437042236 20.9534645080566 20.8410968780518 20.7709064483643 20.749490737915 20.763599395752 20.773717880249 20.7821807861328 20.8172225952148 20.8574886322021 20.9154605865479 20.9711990356445 20.9987239837646 21.0292873382568 21.0705394744873 21.1264038085938 21.2094039916992 21.2837409973145 21.3486366271973 21.3665390014648 21.3540306091309 21.2861251831055 21.1983203887939 21.1126461029053
22.0529174804688 22.1529121398926 22.2653293609619 22.2978515625 -9999 -9999 -9999 -9999 22.2506923675537 22.2221374511719 22.2142524719238 22.2347431182861 22.2296142578125 22.203519821167 22.2303123474121 22.2821559906006 22.2365760803223 22.1677169799805 22.0612773895264 21.9473762512207 21.7624168395996 21.5788631439209 21.4011898040771 21.2289505004883 21.0681819915771 20.9514274597168 20.8884716033936 20.8871955871582 20.9308471679688 20.9620742797852 20.9881572723389 21.038459777832 21.0935249328613 21.1539878845215 21.2089786529541 21.2085552215576 21.2074241638184 21.2037982940674 21.2234210968018 21.2862167358398 21.3540592193604 21.4273986816406 21.4629001617432 21.4739208221436 21.4138832092285 21.3283195495605 21.2168617248535
22.1240196228027 22.1944618225098 22.2688598632812 22.2978515625 22.3209991455078 22.3118572235107 22.3002510070801 22.2761211395264 22.2506923675537 22.2221374511719 22.2142524719238 22.2347431182861 22.2478504180908 22.2549133300781 22.2877368927002 22.3327579498291 22.3148899078369 22.2819919586182 22.2129993438721 22.1352443695068 21.9660530090332 21.7952480316162 21.6176853179932 21.441520690918 21.2683029174805 21.1511096954346 21.1023864746094 21.1067848205566 21.1498775482178 21.2007732391357 21.2549018859863 21.335786819458 21.421932220459 21.4853477478027 21.5388164520264 21.5033340454102 21.4614677429199 21.3971500396729 21.3632469177246 21.3858280181885 21.4240379333496 21.4792766571045 21.5290870666504 21.5753879547119 21.5785675048828 21.5662593841553 21.4969120025635
22.1715641021729 22.2259883880615 22.2799510955811 22.3071479797363 22.3303813934326 22.3206157684326 22.3082256317139 22.2824840545654 22.255802154541 22.2268486022949 22.2214012145996 22.2482261657715 22.2736492156982 22.2979259490967 22.3314418792725 22.3693332672119 22.3758392333984 22.3748474121094 22.3422050476074 22.3010787963867 22.1681156158447 22.0295562744141 21.8675765991211 21.6989231109619 21.516185760498 21.3976554870605 21.3576011657715 21.3652229309082 21.4075698852539 21.4710903167725 21.5433807373047 21.6403884887695 21.7422542572021 21.80202293396 21.8489055633545 21.7851467132568 21.7100849151611 21.595272064209 21.5140571594238 21.4952354431152 21.5009899139404 21.5335216522217 21.5835018157959 21.6447715759277 21.6943988800049 21.7398433685303 21.7144775390625
22.1858062744141 22.2433433532715 22.3017311096191 22.3295860290527 22.3530311584473 22.3417587280273 22.3274688720703 22.2978420257568 22.2681312561035 22.2382183074951 22.2386589050293 22.2807674407959 22.3101387023926 22.3290863037109 22.3557529449463 22.3860740661621 22.4122409820557 22.4374160766602 22.4395790100098 22.4357624053955 22.3679542541504 22.2892074584961 22.164680480957 22.0197105407715 21.8315906524658 21.7104606628418 21.6712093353271 21.6785850524902 21.7199268341064 21.786111831665 21.862585067749 21.9552726745605 22.0511493682861 22.097936630249 22.1310729980469 22.0486278533936 21.9510288238525 21.8001403808594 21.6803970336914 21.6184921264648 21.5877990722656 21.5911083221436 21.6212673187256 21.6688003540039 21.7411594390869 21.8224391937256 21.8437004089355
22.213098526001 22.2666263580322 22.3209171295166 22.3490238189697 22.3733367919922 22.3675708770752 22.3586463928223 22.3336505889893 22.3100509643555 22.2898197174072 22.2967510223389 22.3409767150879 22.3732528686523 22.3957557678223 22.4291515350342 22.4677066802979 22.5042781829834 22.5403728485107 22.5664176940918 22.5881729125977 22.5575714111328 22.5165901184082 22.4321632385254 22.3192863464355 22.1463451385498 22.0296306610107 21.9816379547119 21.9868545532227 22.0308303833008 22.0953102111816 22.1682834625244 22.2456874847412 22.3239612579346 22.3538837432861 22.3705921173096 22.2756938934326 22.1627292633057 21.9862365722656 21.8382205963135 21.7430896759033 21.6818542480469 21.6575489044189 21.6688785552979 21.7032661437988 21.7832908630371 21.8797092437744 21.9491729736328
22.2513809204102 22.2948989868164 22.3379192352295 22.3659343719482 22.3916721343994 22.3973178863525 22.3998699188232 22.3866806030273 22.3768863677979 22.3752956390381 22.389232635498 22.4244823455811 22.4587898254395 22.4923267364502 22.543888092041 22.6039886474609 22.6431636810303 22.6773414611816 22.7180709838867 22.7555122375488 22.738582611084 22.7167987823486 22.6747055053711 22.6009979248047 22.4605541229248 22.3541603088379 22.2893886566162 22.2908325195312 22.3405055999756 22.3996067047119 22.462610244751 22.5154914855957 22.5663833618164 22.5761756896973 22.5741958618164 22.472095489502 22.3498039245605 22.1565265655518 21.9888763427734 21.8688182830811 21.7820148468018 21.7314434051514 21.7247791290283 21.746524810791 21.8215255737305 21.9156532287598 22.0346450805664
22.376615524292 22.4129123687744 22.4445991516113 22.4722328186035 22.4993724822998 22.524320602417 22.5430660247803 22.5302658081055 22.5229110717773 22.5287036895752 22.55149269104 22.5976104736328 22.6350193023682 22.66530418396 22.7253341674805 22.7994556427002 22.8568725585938 22.9102993011475 22.9637584686279 23.012544631958 22.9932956695557 22.9721641540527 22.9431571960449 22.8938980102539 22.8018894195557 22.7150211334229 22.6344394683838 22.6116180419922 22.6308689117432 22.6695728302002 22.7163314819336 22.7499313354492 22.7809429168701 22.7801475524902 22.7687892913818 22.6657218933105 22.5401515960693 22.3354606628418 22.1526527404785 22.0104904174805 21.9028072357178 21.8326873779297 21.8163452148438 21.8348026275635 21.9130535125732 22.0127830505371 22.1448574066162
22.5443992614746 22.5748424530029 22.5951652526855 22.6222743988037 22.6508045196533 22.698917388916 22.7361679077148 22.7181701660156 22.7076873779297 22.7153549194336 22.7479000091553 22.8145961761475 22.8556327819824 22.8756732940674 22.9394264221191 23.0238857269287 23.1071968078613 23.1902332305908 23.255464553833 23.3134670257568 23.2840766906738 23.254524230957 23.2242889404297 23.1922740936279 23.1564998626709 23.0936622619629 22.9977416992188 22.9406280517578 22.9117794036865 22.9227390289307 22.9501819610596 22.96706199646 22.9818668365479 22.9751567840576 22.9589710235596 22.8579902648926 22.7321014404297 22.5186233520508 22.3228530883789 22.159969329834 22.0336952209473 21.9473133087158 21.925365447998 21.9451122283936 22.0306625366211 22.1398544311523 22.2671775817871
22.8121795654297 22.8456058502197 22.8693103790283 22.9050769805908 22.9439277648926 23.0327987670898 23.1072463989258 23.1083335876465 23.1092262268066 23.1096477508545 23.1318492889404 23.1839504241943 23.2141628265381 23.2264633178711 23.2894515991211 23.3764495849609 23.4830684661865 23.5943794250488 23.6606044769287 23.7166957855225 23.6703701019287 23.6206874847412 23.5569534301758 23.5089149475098 23.4940166473389 23.4457092285156 23.3565673828125 23.2781715393066 23.2075996398926 23.1919040679932 23.1989326477051 23.2085075378418 23.2185821533203 23.2127552032471 23.1970462799072 23.0905666351318 22.9584789276123 22.736349105835 22.5254554748535 22.3354225158691 22.1891231536865 22.0904750823975 22.081392288208 22.1302623748779 22.2367668151855 22.3639736175537 22.4569816589355
