Ecospace-environmental-drivers/Outputs/ASCII-for-ecospace/MOM6-ISIMIP3a/tos/2008-11_tos_MOM6-ISIMIP3a.asc
NCOLS 131 
NROWS 53 
XLLCORNER -98 
YLLCORNER 23.9265270233154 
CELLSIZE 0.133587792515755 
NODATA_value -9999 
[rows 21 to 41 of 53, columns 47 to 93 of 131]
24.3673038482666 24.229455947876 24.0965747833252 24.0728397369385 24.0629634857178 24.1256198883057 24.1869373321533 24.2414455413818 24.278263092041 24.2723636627197 24.2588596343994 24.2349147796631 24.2201862335205 24.2130012512207 24.1973190307617 24.1776123046875 24.2062549591064 24.2464485168457 24.2688102722168 24.2889862060547 24.2951679229736 24.294994354248 24.2682342529297 24.2335567474365 24.182165145874 24.1355495452881 24.0947704315186 24.0835418701172 24.0938377380371 24.1526412963867 24.2315330505371 24.3265037536621 24.424633026123 24.508373260498 24.5877838134766 24.6301097869873 24.6688747406006 24.6951198577881 24.7058753967285 24.687858581543 24.6569042205811 24.6118545532227 24.5990200042725 24.6070308685303 24.6471786499023 24.6988716125488 24.76025390625
24.4145030975342 24.3029308319092 24.1981201171875 24.1862411499023 24.186595916748 24.2604179382324 24.3314018249512 24.3879566192627 24.4309024810791 24.4409866333008 24.4401416778564 24.4242897033691 24.4154949188232 24.4124755859375 24.3971939086914 24.376106262207 24.3760814666748 24.3810901641846 24.3718776702881 24.3615913391113 24.3498554229736 24.3348655700684 24.3062572479248 24.2718048095703 24.2250099182129 24.1869888305664 24.159688949585 24.1705932617188 24.2093257904053 24.2800979614258 24.3641414642334 24.4684619903564 24.5767688751221 24.6571674346924 24.7330341339111 24.774730682373 24.8123302459717 24.8355388641357 24.8441753387451 24.8257484436035 24.7910823822021 24.7387180328369 24.6932106018066 24.6521396636963 24.6544647216797 24.6723747253418 24.7313213348389
24.4489841461182 24.3631973266602 24.2856540679932 24.2849884033203 24.294942855835 24.3792133331299 24.4597320556641 24.521167755127 24.5730075836182 24.601676940918 24.6155414581299 24.6090812683105 24.606388092041 24.6067752838135 24.5913848876953 24.5685195922852 24.5399017333984 24.5099105834961 24.4677600860596 24.4255790710449 24.3950996398926 24.3646831512451 24.3345317840576 24.3015155792236 24.2624492645264 24.236364364624 24.2261447906494 24.2618942260742 24.3311233520508 24.4144916534424 24.5037136077881 24.6172924041748 24.7356586456299 24.8116760253906 24.8829364776611 24.9230480194092 24.9585838317871 24.9780406951904 24.9842433929443 24.9658260345459 24.9291801452637 24.8726711273193 24.7966194152832 24.7079219818115 24.6702136993408 24.6508235931396 24.7038249969482
24.4950408935547 24.4323883056641 24.3793258666992 24.3940353393555 24.4177589416504 24.4975299835205 24.5747318267822 24.6388740539551 24.6939010620117 24.7269172668457 24.7480392456055 24.7528305053711 24.7586688995361 24.7653675079346 24.7492733001709 24.7223834991455 24.6665515899658 24.6038036346436 24.5338096618652 24.4647426605225 24.416410446167 24.3718776702881 24.3432445526123 24.3210601806641 24.3124885559082 24.3185939788818 24.3426418304443 24.4075527191162 24.5022277832031 24.606861114502 24.7156181335449 24.8337516784668 24.9537258148193 25.0188522338867 25.0786037445068 25.1057262420654 25.1285209655762 25.1361026763916 25.1323699951172 25.1076221466064 25.0693969726562 25.0164890289307 24.9424705505371 24.8547897338867 24.7842350006104 24.7198295593262 24.7313003540039
24.5531482696533 24.5132217407227 24.4840049743652 24.5120010375977 24.5471820831299 24.6182403564453 24.6881656646729 24.7523231506348 24.8087139129639 24.8463592529297 24.8747367858887 24.8903923034668 24.9061336517334 24.921947479248 24.9085540771484 24.881326675415 24.8041305541992 24.714994430542 24.622730255127 24.5322914123535 24.4715347290039 24.4176921844482 24.3927841186523 24.3824806213379 24.4030055999756 24.4393615722656 24.4950656890869 24.5853252410889 24.7007522583008 24.819314956665 24.9391765594482 25.0540351867676 25.1679096221924 25.2212810516357 25.2690200805664 25.2835998535156 25.2940521240234 25.2899913787842 25.2766952514648 25.2462501525879 25.2067642211914 25.1574268341064 25.0866737365723 25.0020637512207 24.9069213867188 24.8079929351807 24.7798271179199
24.6641025543213 24.6451168060303 24.6369533538818 24.6690635681152 24.7055683135986 24.7494564056396 24.7947368621826 24.8471012115479 24.8968677520752 24.9403648376465 24.9759960174561 25.000825881958 25.0324802398682 25.0697154998779 25.0739440917969 25.0625400543213 24.989631652832 24.9020309448242 24.8119411468506 24.7243099212646 24.6749286651611 24.6328525543213 24.6213455200195 24.6275196075439 24.6710166931152 24.7291069030762 24.8050308227539 24.9039058685303 25.0194969177246 25.1198272705078 25.2138366699219 25.2910938262939 25.3650588989258 25.4029083251953 25.4364013671875 25.4404048919678 25.4402675628662 25.4255809783936 25.4043579101562 25.3709983825684 25.3316345214844 25.2857284545898 25.2236518859863 25.1511135101318 25.0676040649414 24.9801559448242 24.920654296875
24.7780857086182 24.7718887329102 24.7759666442871 24.8079929351807 24.8425426483154 24.8679599761963 24.8963851928711 24.9401187896729 24.9852962493896 25.03395652771 25.075740814209 25.1080875396729 25.1509208679199 25.2023372650146 25.2206649780273 25.2233180999756 25.1605453491211 25.0821418762207 25.0031890869141 24.9268913269043 24.8898048400879 24.8606281280518 24.8645572662354 24.8864231109619 24.946159362793 25.0170421600342 25.1015529632568 25.1978588104248 25.3027572631836 25.3814716339111 25.4493408203125 25.4965171813965 25.539623260498 25.5639495849609 25.5850219726562 25.5811214447021 25.5732860565186 25.5516147613525 25.525484085083 25.4910717010498 25.4527912139893 25.4102916717529 25.356201171875 25.2946090698242 25.2229385375977 25.1476497650146 25.0696659088135
24.8986778259277 24.8874912261963 24.884578704834 24.9073638916016 24.9327964782715 24.9587230682373 24.9872932434082 25.0293025970459 25.0743274688721 25.1266422271729 25.1721820831299 25.2084255218506 25.2521209716797 25.3019142150879 25.3266487121582 25.3395137786865 25.2996292114258 25.2471408843994 25.1988792419434 25.1525268554688 25.129732131958 25.1159248352051 25.1397285461426 25.1755771636963 25.2368583679199 25.3010330200195 25.3687477111816 25.4380798339844 25.5085906982422 25.5583076477051 25.5994129180908 25.6329116821289 25.6649150848389 25.6800746917725 25.6927051544189 25.6867389678955 25.6775074005127 25.6567993164062 25.6323490142822 25.6009464263916 25.5658378601074 25.5266952514648 25.4790802001953 25.4259834289551 25.3666038513184 25.3049640655518 25.2365322113037
25.0154418945312 24.9944763183594 24.9786262512207 24.9901866912842 25.0049057006836 25.0291709899902 25.056432723999 25.0989265441895 25.1450786590576 25.2000637054443 25.2482852935791 25.2872257232666 25.3292121887207 25.3736896514893 25.4017143249512 25.4219455718994 25.4036769866943 25.3762073516846 25.3536682128906 25.3324756622314 25.325963973999 25.3275871276855 25.363260269165 25.4055957794189 25.4619979858398 25.5165195465088 25.5687408447266 25.6177310943604 25.6643676757812 25.6967144012451 25.72314453125 25.7472400665283 25.7708759307861 25.7809257507324 25.7890625 25.7834434509277 25.7751026153564 25.7571868896484 25.7359828948975 25.708667755127 25.6772861480713 25.6414756774902 25.5988254547119 25.5517501831055 25.5000152587891 25.446605682373 25.3851909637451
25.1273937225342 25.0906181335449 25.0543479919434 25.0521926879883 25.0541896820068 25.0740623474121 25.0981864929199 25.1439476013184 25.1928291320801 25.24924659729 25.2987995147705 25.3389263153076 25.3759708404541 25.4104900360107 25.4378814697266 25.4618988037109 25.4636421203613 25.4600677490234 25.4569988250732 25.4549503326416 25.4672222137451 25.484354019165 25.5218276977539 25.5612182617188 25.6046619415283 25.6458225250244 25.6841907501221 25.7211818695068 25.7571678161621 25.7867755889893 25.8137378692627 25.8338069915771 25.8525199890137 25.8625602722168 25.8711681365967 25.8689403533936 25.8643646240234 25.8515396118164 25.8355503082275 25.8136825561523 25.7867221832275 25.7542114257812 25.7146224975586 25.6704559326172 25.6205291748047 25.568531036377 25.5109405517578
25.2160339355469 25.1735324859619 25.1287689208984 25.1137161254883 25.1024894714355 25.1123962402344 25.1280498504639 25.172924041748 25.2211990356445 25.2776832580566 25.3290195465088 25.3732852935791 25.411111831665 25.4436721801758 25.4732551574707 25.5014305114746 25.5160884857178 25.5275173187256 25.5380439758301 25.5491981506348 25.5703811645508 25.5943832397461 25.630184173584 25.66650390625 25.7039184570312 25.738862991333 25.770788192749 25.8013610839844 25.8309516906738 25.858606338501 25.885461807251 25.9056930541992 25.9246234893799 25.9372234344482 25.9486293792725 25.9506530761719 25.9503326416016 25.9417705535889 25.9301433563232 25.9128227233887 25.8892135620117 25.8587512969971 25.8206653594971 25.7776470184326 25.7284870147705 25.6771221160889 25.6225490570068
25.2871913909912 25.2465267181396 25.2022113800049 25.1748809814453 25.1500492095947 25.1458168029785 25.1489925384521 25.189868927002 25.235034942627 25.2905597686768 25.34401512146 25.3946323394775 25.4375400543213 25.4741382598877 25.5080337524414 25.5406494140625 25.5628929138184 25.5826587677002 25.6023731231689 25.6222763061523 25.6449642181396 25.6693572998047 25.7008838653564 25.7340354919434 25.7706203460693 25.804708480835 25.8357448577881 25.8640880584717 25.8904705047607 25.9167671203613 25.9430313110352 25.9665679931641 25.9895687103271 26.0066585540771 26.0226039886475 26.0295314788818 26.0338344573975 26.0289134979248 26.0210056304932 26.0075569152832 25.9864978790283 25.957145690918 25.9193916320801 25.8762035369873 25.8270301818848 25.7757091522217 25.7235527038574
25.3527183532715 25.3124122619629 25.2689476013184 25.2299690246582 25.1923656463623 25.179515838623 25.1741008758545 25.2065105438232 25.2446880340576 25.2967929840088 25.3507499694824 25.4072437286377 25.457462310791 25.5025463104248 25.5380382537842 25.5689888000488 25.5928974151611 25.6151237487793 25.6411457061768 25.6672916412354 25.6914882659912 25.7165336608887 25.7451343536377 25.7763404846191 25.8130531311035 25.8489456176758 25.8838348388672 25.9152584075928 25.9441547393799 25.9734973907471 26.0030250549316 26.0308437347412 26.05832862854 26.0793170928955 26.0990772247314 26.1091594696045 26.1164722442627 26.1140422821045 26.1083698272705 26.0966739654541 26.0768070220947 26.0480365753174 26.0105667114258 25.967472076416 25.917516708374 25.8650970458984 25.8155040740967
25.4158344268799 25.3752517700195 25.3328075408936 25.2824535369873 25.2324333190918 25.2133350372314 25.2009944915771 25.2230205535889 25.2525463104248 25.3001823425293 25.3539428710938 25.416109085083 25.4745941162109 25.5300693511963 25.5659980773926 25.5926666259766 25.615701675415 25.6378688812256 25.6689624786377 25.7002830505371 25.7259845733643 25.7517948150635 25.7780475616455 25.8078365325928 25.845085144043 25.8839206695557 25.9246959686279 25.9614734649658 25.9953365325928 26.0296115875244 26.0640563964844 26.0965766906738 26.128719329834 26.1533584594727 26.1766185760498 26.1891098022461 26.1987400054932 26.1983070373535 26.1942310333252 26.1833820343018 26.1641273498535 26.1357097625732 26.0985069274902 26.0556182861328 26.0045509338379 25.9505443572998 25.9035739898682
25.4850330352783 25.4298820495605 25.3711948394775 25.3144626617432 25.2594795227051 25.2463607788086 25.2378997802734 25.2531318664551 25.2754211425781 25.3147525787354 25.3635005950928 25.4251728057861 25.487585067749 25.5506019592285 25.5902671813965 25.6188678741455 25.6411209106445 25.6618537902832 25.6936626434326 25.7257976531982 25.7516078948975 25.7779941558838 25.8067760467529 25.8407135009766 25.8855323791504 25.9314022064209 25.9785556793213 26.0211143493652 26.0603256225586 26.100772857666 26.1417331695557 26.1786937713623 26.2148685455322 26.2419300079346 26.2673797607422 26.280387878418 26.290355682373 26.2896270751953 26.285213470459 26.2739543914795 26.2552719116211 26.2285003662109 26.1917743682861 26.1486072540283 26.0949840545654 26.0376052856445 25.9876441955566
25.5554885864258 25.4828128814697 25.4043121337891 25.3422355651855 25.2838306427002 25.2792224884033 25.276876449585 25.2860546112061 25.3014011383057 25.331636428833 25.3743743896484 25.4342765808105 25.4997177124023 25.5696887969971 25.6137733459473 25.6455936431885 25.6670799255371 25.6860961914062 25.7177181243896 25.7497634887695 25.7753963470459 25.802318572998 25.8346385955811 25.8738765716553 25.9277210235596 25.9814701080322 26.0351028442383 26.083532333374 26.1281719207764 26.175048828125 26.2228527069092 26.2641983032227 26.3042755126953 26.3335056304932 26.360876083374 26.3740100860596 26.3839054107666 26.3824062347412 26.3772563934326 26.3653259277344 26.3472080230713 26.3223495483398 26.2861442565918 26.2425975799561 26.1861209869385 26.1249980926514 26.0708885192871
25.5892105102539 25.4982204437256 25.4034194946289 25.3582973480225 25.3199443817139 25.3270778656006 25.3339099884033 25.3392066955566 25.3483562469482 25.3668060302734 25.4001369476318 25.4538955688477 25.5141677856445 25.5797672271729 25.6249656677246 25.6605014801025 25.6892948150635 25.7164764404297 25.7484359741211 25.7803955078125 25.8076057434082 25.8377723693848 25.8803234100342 25.9293117523193 25.9918880462646 26.0515689849854 26.1077098846436 26.1602611541748 26.2101955413818 26.262451171875 26.3156661987305 26.359992980957 26.4025745391846 26.4288902282715 26.4531707763672 26.4634456634521 26.4708633422852 26.468240737915 26.4621963500977 26.449800491333 26.4321155548096 26.408670425415 26.3744373321533 26.3332214355469 26.27756690979 26.216724395752 26.1556358337402
25.6164436340332 25.5101642608643 25.4032020568848 25.3772888183594 25.3609313964844 25.3785915374756 25.3935546875 25.3948020935059 25.3976421356201 25.4043216705322 25.427906036377 25.4746971130371 25.5289325714111 25.5892581939697 25.6353416442871 25.6746768951416 25.7109851837158 25.7465705871582 25.7791538238525 25.8113327026367 25.840612411499 25.8745002746582 25.927677154541 25.9865093231201 26.0572814941406 26.1225776672363 26.1811771392822 26.2379760742188 26.2934665679932 26.3507595062256 26.4087963104248 26.4551811218262 26.4992733001709 26.5220527648926 26.5426712036133 26.5499076843262 26.5547161102295 26.5509967803955 26.5441341400146 26.531436920166 26.5143070220947 26.4923477172852 26.4602737426758 26.42165184021 26.367280960083 26.3072509765625 26.2396850585938
25.5920181274414 25.503080368042 25.4264106750488 25.4331130981445 25.4482936859131 25.4619541168213 25.4724445343018 25.4668083190918 25.4617595672607 25.4581356048584 25.4699821472168 25.5030670166016 25.5459270477295 25.5967845916748 25.6428756713867 25.686710357666 25.7288837432861 25.7706623077393 25.8066921234131 25.8423347473145 25.8781089782715 25.9194889068604 25.9843196868896 26.0518989562988 26.1252784729004 26.1937255859375 26.2561416625977 26.3193988800049 26.3832721710205 26.4424667358398 26.4997234344482 26.5389709472656 26.5746765136719 26.5896873474121 26.602954864502 26.6066665649414 26.6085929870605 26.6042404174805 26.5974426269531 26.5861034393311 26.570873260498 26.5514049530029 26.5228004455566 26.4882850646973 26.4383754730225 26.3829383850098 26.3155708312988
25.574592590332 25.5073947906494 25.4636058807373 25.4980278015137 25.5392951965332 25.549201965332 25.5552959442139 25.5419979095459 25.5287055969238 25.5154228210449 25.516242980957 25.5364189147949 25.568920135498 25.6115074157715 25.6571617126465 25.7042675018311 25.7506275177002 25.7968063354492 25.8355445861816 25.8740768432617 25.917085647583 25.9663753509521 26.0419502258301 26.1174373626709 26.1927337646484 26.2639560699463 26.3301982879639 26.3989944458008 26.4696521759033 26.529052734375 26.5837917327881 26.6153240203857 26.6422939300537 26.6496868133545 26.6557292938232 26.655647277832 26.654317855835 26.6485958099365 26.6413497924805 26.6312713623047 26.6181888580322 26.6018314361572 26.5772762298584 26.5474166870117 26.5024242401123 26.451997756958 26.3855228424072
25.5828266143799 25.5534973144531 25.5520725250244 25.5962696075439 25.6436424255371 25.6506938934326 25.6526756286621 25.6288738250732 25.6060161590576 25.5854434967041 25.5778369903564 25.5880336761475 25.6139144897461 25.6526279449463 25.6962070465088 25.7420883178711 25.7864627838135 25.8304786682129 25.8692207336426 25.9085388183594 25.961483001709 26.0202217102051 26.1032104492188 26.1835250854492 26.2582035064697 26.3308219909668 26.4009246826172 26.4718856811523 26.5434703826904 26.5968589782715 26.6427097320557 26.6644153594971 26.6813735961914 26.6816883087158 26.680965423584 26.6761112213135 26.6701622009277 26.6603698730469 26.6507930755615 26.6416130065918 26.6315803527832 26.6206169128418 26.6022319793701 26.5790424346924 26.5406360626221 26.4967632293701 26.4337215423584
