Ecospace-environmental-drivers/Outputs/ASCII-for-ecospace/MOM6-ISIMIP3a/tos/2012_mo03_avg50y_tos_MOM6-ISIMIP3a.asc
NCOLS 131 
NROWS 53 
XLLCORNER -98 
YLLCORNER 23.9265270233154 
CELLSIZE 0.133587792515755 
NODATA_value -9999 
[rows 21 to 41 of 53, columns 0 to 47 of 131]
-9999 -9999 -9999 -9999 -9999 -9999 -9999 -9999 -9999 -9999 -9999 17.6406692504883 17.658868637085 17.7130793571472 17.8011492156982 17.9282871627808 18.1122002983093 18.3351033401489 18.6387894439697 18.9736693191528 19.2674320983887 19.5539390945435 19.7830712890625 20.0007420349121 20.133373336792 20.2568553161621 20.3506712341309 20.4357843780518 20.5057098770142 20.5623073577881 20.6051905822754 20.6474234008789 20.6892598342896 20.7360308074951 20.7844466018677 20.8373934936523 20.8908206176758 20.923948059082 20.954614982605 20.9696101379395 20.9784417724609 20.9701145172119 20.9623891067505 20.9555929946899 20.9552178192139 20.9607358932495 20.9774505615234 21.0001944351196
-9999 -9999 -9999 -9999 -9999 -9999 -9999 -9999 -9999 -9999 17.8449318122864 17.9069918251038 18.0292920684814 18.2707901763916 18.513621635437 18.7579922103882 19.0158741378784 19.2830352783203 19.5992699813843 19.9344538497925 20.1866940307617 20.4242972183228 20.5957329559326 20.7575085449219 20.8508575820923 20.937219581604 21.0009272003174 21.0573914718628 21.1012163162231 21.1367347717285 21.1637059783936 21.1910400390625 21.2185947036743 21.2529662704468 21.2896100997925 21.335655670166 21.3828645706177 21.4111444854736 21.436030921936 21.4393058776855 21.437449798584 21.4213095092773 21.4038534545898 21.38436378479 21.3675610733032 21.3532246780396 21.3494667053223 21.351404914856
-9999 -9999 -9999 -9999 -9999 -9999 -9999 -9999 18.0072694015503 17.9238797569275 17.9070885276794 18.1452090072632 18.4486791419983 18.8814581298828 19.276867980957 19.6291600036621 19.9497630691528 20.2486037063599 20.5627458953857 20.8827961730957 21.0841445922852 21.2645457458496 21.3742153930664 21.4764451599121 21.5295847320557 21.5781455612183 21.6118616104126 21.6399945068359 21.6583846664429 21.6736901473999 21.6858219146729 21.6991019439697 21.7130811691284 21.7352630615234 21.7601789474487 21.7987118148804 21.8390043258667 21.8623373794556 21.881575012207 21.8747299575806 21.8641653823853 21.8432472991943 21.8191199493408 21.7900325393677 21.7593103790283 21.7270873641968 21.7038317871094 21.685404548645
-9999 -9999 -9999 -9999 -9999 -9999 -9999 18.0138215637207 18.0261437225342 18.182970905304 18.3899604988098 18.7889513397217 19.2244303512573 19.732109413147 20.1630599594116 20.5054775619507 20.7739361572266 20.9916039276123 21.1989454269409 21.4022994232178 21.5233128356934 21.6297957229614 21.6963502883911 21.7585971832275 21.7922327423096 21.8235021591187 21.8470991134644 21.8664199066162 21.8782778549194 21.8891041564941 21.8988690567017 21.9093954467773 21.9203857040405 21.9369495010376 21.9553712081909 21.9822282028198 22.0101670837402 22.0264683151245 22.0399714279175 22.035657081604 22.0286561965942 22.0141777801514 21.9968138885498 21.9749909591675 21.9510447311401 21.9251498031616 21.9040419769287 21.8855117034912
-9999 -9999 -9999 -9999 -9999 -9999 -9999 18.2241529083252 18.1035555267334 18.4832867050171 18.8963555908203 19.4370269393921 19.980390663147 20.5290814208984 20.9704521560669 21.2879928207397 21.5031178665161 21.6479090881348 21.7612073135376 21.8623453140259 21.9135199356079 21.9558773422241 21.9845212554932 22.0115774536133 22.0279047012329 22.0437721252441 22.0581486129761 22.0696278762817 22.0760515975952 22.0831483078003 22.0909380340576 22.0992141342163 22.1077861785889 22.1198151779175 22.1329964828491 22.1499552154541 22.1673861312866 22.1778624725342 22.1867287063599 22.1853418731689 22.1820989990234 22.1736888504028 22.1625684356689 22.1472591400146 22.1297397994995 22.1101921463013 22.0918146133423 22.0740670394897
-9999 -9999 -9999 -9999 -9999 -9999 18.3792514419556 18.3878813552856 18.4376372528076 18.9643606567383 19.5058917617798 20.1041012954712 20.6495708847046 21.0906837463379 21.4323316574097 21.6592126846313 21.8157876586914 21.924080581665 21.999274559021 22.0616877746582 22.089045753479 22.1102175140381 22.1237696075439 22.1366468811035 22.1452928161621 22.154044418335 22.1631391525269 22.1710346603394 22.1768375015259 22.1834927749634 22.191025352478 22.199256401062 22.2079133224487 22.2201567077637 22.2335950088501 22.2484506225586 22.2634656524658 22.2734098815918 22.2824501037598 22.2857320404053 22.2870975875854 22.283129234314 22.2759711456299 22.2638836288452 22.2512602615356 22.2381451034546 22.2250517272949 22.2119702911377
-9999 -9999 -9999 -9999 -9999 18.4882394790649 18.4336487197876 18.5783209228516 18.7720938110352 19.418691444397 20.0602563476562 20.6825595474243 21.2112456512451 21.5546913146973 21.8098274230957 21.963067779541 22.071176071167 22.1482897949219 22.1938109588623 22.2271326446533 22.2377428817749 22.2443452835083 22.2466131210327 22.2487965011597 22.2510680770874 22.2539920806885 22.2590319442749 22.2639489364624 22.2686515808105 22.2743037414551 22.2809331893921 22.2889409255981 22.2977880477905 22.3108086776733 22.325220375061 22.3392972183228 22.3532964706421 22.362977104187 22.3721640396118 22.3782069778442 22.3826531219482 22.3826533126831 22.3793292617798 22.3708669281006 22.3626223754883 22.3545774841309 22.3463660812378 22.3380652236938
-9999 -9999 -9999 -9999 -9999 18.5603992843628 18.5936552429199 18.8270404052734 19.1073677062988 19.8146722793579 20.4942447280884 21.0676703643799 21.5383592987061 21.8057613754272 22.0032099151611 22.1199433898926 22.2015840911865 22.2591253662109 22.2933697509766 22.3186186981201 22.3279039382935 22.3343719863892 22.3336638641357 22.3327571868896 22.3315063095093 22.3314130783081 22.3350746536255 22.3383333969116 22.3408896636963 22.3443139648437 22.3486315155029 22.3560255813599 22.3652935791016 22.3803210067749 22.3972677993774 22.4134545516968 22.4294929885864 22.4394953155518 22.4487701797485 22.4534130096436 22.4576052474976 22.460542678833 22.460771522522 22.4568140411377 22.4518196105957 22.4458732223511 22.4416659164429 22.4383954238892
-9999 -9999 -9999 -9999 -9999 18.8182334518433 18.770157585144 19.0519232177734 19.3853591537476 20.1211645889282 20.8146293640137 21.346032371521 21.7732040023804 21.9941310882568 22.155565032959 22.2483534622192 22.3118256759644 22.3551649093628 22.381123085022 22.4003698730469 22.4079550552368 22.4134822463989 22.411283493042 22.4087646865845 22.4049886703491 22.4025423431396 22.4044058227539 22.4058778381348 22.4066656112671 22.408770866394 22.4122312164307 22.4196245956421 22.4294139099121 22.4453360366821 22.4633019638062 22.4803243637085 22.4971708297729 22.5077721405029 22.5175486755371 22.5220729446411 22.5267085266113 22.5316543197632 22.5345126724243 22.5341446685791 22.5325706481934 22.5298891067505 22.5299519348145 22.5314921569824
-9999 -9999 -9999 -9999 -9999 18.8983589553833 18.9478274536133 19.2468169021606 19.5912845230103 20.3150730514526 20.9920917510986 21.4900957489014 21.8919667053223 22.1036187744141 22.256304359436 22.3409524154663 22.3966961288452 22.4325901794434 22.4540238571167 22.4698735809326 22.4752867507935 22.4788580322266 22.4770379257202 22.4747666931152 22.4697206115723 22.4657551193237 22.4652933883667 22.4648161315918 22.4643119049072 22.4662414550781 22.4706748199463 22.4788385772705 22.4892750930786 22.5046929931641 22.5217712020874 22.5380249404907 22.5541318511963 22.5656809616089 22.5764794921875 22.5824976348877 22.5884543228149 22.5942389678955 22.5985647201538 22.6006351470947 22.6026955413818 22.6047464752197 22.6094131851196 22.6154884719849
-9999 -9999 -9999 -9999 -9999 -9999 19.0285358047485 19.3633373260498 19.7423710632324 20.4334832763672 21.0843099975586 21.5809424591064 21.981464881897 22.191812286377 22.3409143066406 22.4193489074707 22.4700586700439 22.5017283248901 22.5203519821167 22.533938369751 22.5375559616089 22.5394144058228 22.5375547027588 22.5351421737671 22.5288011169434 22.5233962249756 22.5210260009766 22.5190287780762 22.5176818084717 22.5201069259644 22.5264133453369 22.5358140945435 22.547099609375 22.5614113616943 22.5767317581177 22.5919666290283 22.6071697235107 22.6196060180664 22.6313848114014 22.6389754486084 22.6465043258667 22.653860244751 22.6597538757324 22.6633870697022 22.6678338623047 22.673027381897 22.6798199462891 22.6874736404419
-9999 -9999 -9999 -9999 -9999 -9999 -9999 19.4210765838623 19.8523283004761 20.4952688217163 21.1125944900513 21.6318769454956 22.0490141296387 22.2640351486206 22.4134273147583 22.4870941162109 22.5347901535034 22.5646509933472 22.5817509460449 22.5939236831665 22.5960282897949 22.59635597229 22.5941432952881 22.5912976455688 22.5836429214478 22.5768577957153 22.5728924179077 22.5696966171265 22.5678441619873 22.5712689590454 22.5801232910156 22.5911103820801 22.6033965682983 22.6161504364014 22.6290609359741 22.6430892181397 22.657265663147 22.6705435180664 22.6832711410522 22.6924930953979 22.7017822647095 22.7112593078613 22.7187962722778 22.7233349990845 22.7292322158813 22.7363757324219 22.7434354782105 22.7504502487183
-9999 -9999 -9999 -9999 -9999 -9999 -9999 19.9061368560791 19.9451242446899 20.5683950805664 21.1726047897339 21.7038558959961 22.1274766921997 22.3381268692017 22.4825932312012 22.550693359375 22.594434967041 22.6214490127563 22.6364640045166 22.6468458557129 22.6479454803467 22.6474070739746 22.6448083114624 22.6415967559814 22.6336527633667 22.626477355957 22.6217932510376 22.618335723877 22.6170185089111 22.6215793228149 22.6321886825562 22.6439855957031 22.6565059661865 22.6682802963257 22.6798056411743 22.6931522750854 22.7067467880249 22.7197794342041 22.7324374389648 22.7427075195313 22.7531024169922 22.7638428115845 22.7725497436523 22.7781139755249 22.7848209381104 22.7925770568848 22.8001231765747 22.8075563812256
-9999 -9999 -9999 -9999 -9999 -9999 -9999 19.9498070907593 20.0305653381348 20.6463817596436 21.2462121582031 21.7848542785645 22.2106160354614 22.4130196380615 22.5503245162964 22.6125160598755 22.6519004058838 22.675622215271 22.6883115768433 22.6967408370972 22.6970533752441 22.695933380127 22.6929347610474 22.6893854522705 22.6815916442871 22.6744500350952 22.6694234848022 22.6661053085327 22.6657690429688 22.6715247344971 22.6835491943359 22.6958232498169 22.7082493591309 22.719291229248 22.7298715209961 22.7427614593506 22.7559643554687 22.7682862091064 22.7804379272461 22.791506729126 22.8027256774902 22.8143627548218 22.8240369796753 22.8306775283813 22.8379201126099 22.8457151794434 22.8538417816162 22.8621464538574
-9999 -9999 -9999 -9999 -9999 -9999 -9999 20.1566868972778 20.1957642364502 20.8148192596436 21.4103688430786 21.9159499359131 22.3127906036377 22.4944645309448 22.6170542526245 22.6714694595337 22.7052792739868 22.7249382781982 22.7346441268921 22.7405074691772 22.7406709671021 22.7398288726807 22.7361399459839 22.7319856643677 22.7244732666016 22.7180686950684 22.715255241394 22.7139935684204 22.7154401779175 22.7216428756714 22.732739906311 22.7440775299072 22.7555618667603 22.766707649231 22.7777407073975 22.7917799758911 22.8062191390991 22.8184531021118 22.8303823852539 22.8403708648682 22.850758895874 22.8622597503662 22.8715269470215 22.8773427200317 22.8846398925781 22.8932970428467 22.9035863113403 22.9147542190552
-9999 -9999 -9999 -9999 -9999 -9999 -9999 20.2487070465088 20.377465057373 21.0019710159302 21.5932604598999 22.0574108886719 22.4189036941528 22.5772653961182 22.6835765075684 22.7298294830322 22.7578126525879 22.7732494354248 22.7798363494873 22.7830058288574 22.7831528091431 22.7827663803101 22.7783269119263 22.7735122299194 22.7663085174561 22.7607861709595 22.7607147979736 22.7619063568115 22.7653014755249 22.7717969512939 22.781481552124 22.7915904998779 22.8019577407837 22.8133805847168 22.8251551437378 22.8406762695313 22.8566878509521 22.8689632797241 22.8807289886475 22.8892485427856 22.8984634780884 22.9096138763428 22.9181899642944 22.9227874755859 22.9300399398804 22.9397290802002 22.9525085830688 22.9669520568848
-9999 -9999 -9999 -9999 -9999 -9999 -9999 20.6021711730957 20.6532120132446 21.2650896835327 21.8322679901123 22.2283547592163 22.5339670944214 22.6605554962158 22.745399017334 22.7820752334595 22.8038670349121 22.8154368209839 22.8202914428711 22.8225527191162 22.8224640274048 22.8219608688355 22.8170576477051 22.8121076202393 22.8075699996948 22.8044498443604 22.8059259796143 22.8084101867676 22.8126538467407 22.8190465164185 22.827650642395 22.8374238586426 22.8479095077515 22.8613519668579 22.8757803726196 22.8915015792847 22.9073764419556 22.9197213745117 22.9314213180542 22.9390142440796 22.9472219467163 22.9571411132812 22.9654364395142 22.9712222290039 22.9798916625977 22.9912080383301 23.0048652648926 23.0197830200195
-9999 -9999 -9999 -9999 -9999 -9999 -9999 21.0416847229004 20.9392821121216 21.5334545135498 22.0721669006348 22.3986003494263 22.6473380661011 22.7423374176025 22.8058919906616 22.833164100647 22.8489462661743 22.8568375778198 22.8601169967651 22.8616157150269 22.8613245773315 22.8607176971436 22.8554693984985 22.8504803848267 22.8484992599487 22.8476847076416 22.8506534957886 22.8544096374512 22.8595404434204 22.8659527587891 22.8736839294434 22.8833528518677 22.8942021179199 22.9095218276978 22.9263314437866 22.9420766448975 22.9576513671875 22.9699735641479 22.9815483093262 22.9883666992188 22.9957218933105 23.0045712661743 23.0127553939819 23.0199115371704 23.0299854278564 23.0427372741699 23.0570872879028 23.0722978210449
-9999 -9999 -9999 -9999 -9999 -9999 -9999 21.2225203323364 21.2905467224121 21.8214934158325 22.2947709274292 22.5473152160645 22.738380279541 22.8077954483032 22.8544462966919 22.8748305130005 22.8867164611816 22.8927661514282 22.895488319397 22.8969256210327 22.8968901062012 22.8965946578979 22.8921297073364 22.8878777313232 22.8861603546143 22.8858955383301 22.8903414154053 22.8957024765015 22.9026601791382 22.9105827713013 22.919497833252 22.931102180481 22.944344329834 22.959186630249 22.9745624542236 22.9890590286255 23.003412399292 23.0147116851807 23.0254823684692 23.032887840271 23.0409590148926 23.0508822631836 23.0605675506592 23.0698854064941 23.0805309677124 23.0923951339722 23.1062334823608 23.1211350250244
-9999 -9999 -9999 -9999 -9999 -9999 -9999 21.5096042633057 21.6422759628296 22.1009978866577 22.5026152038574 22.6856607055664 22.8228580093384 22.869334564209 22.9009788131714 22.9155085754395 22.9240711975098 22.928535194397 22.9307415008545 22.9320760726929 22.9322157287598 22.9321446228027 22.9284140777588 22.9248208618164 22.923039894104 22.9229589080811 22.9283902359009 22.9352061462402 22.9444380950928 22.9543273544312 22.9648936843872 22.9783256530762 22.9935040283203 23.0079423904419 23.0221340179443 23.0353196716309 23.0483487701416 23.0589257049561 23.0691463470459 23.07709815979 23.0857404327393 23.096304473877 23.1071004486084 23.1182552719116 23.1296332168579 23.1412158203125 23.1546812057495 23.1691602325439
-9999 -9999 -9999 -9999 -9999 -9999 21.409979019165 21.6932151412964 21.9957077789307 22.3492085266113 22.656339263916 22.7859851837158 22.8832659912109 22.9165048599243 22.9400984573364 22.9525625610352 22.9599006652832 22.9637186431885 22.9655615997314 22.9666416168213 22.9666618728638 22.9664952087402 22.9633195495605 22.9600989532471 22.9570543670654 22.9558152008057 22.9604293441772 22.9681505966187 22.9812942123413 22.9948249053955 23.008754196167 23.0236215591431 23.0390604019165 23.0533638000488 23.0672888946533 23.078934135437 23.0902618408203 23.1012180709839 23.1118204116821 23.1201679611206 23.1288510131836 23.1384679794312 23.1489428329468 23.160743522644 23.1734424591064 23.1869662475586 23.2005667495728 23.2142089080811
