Ecospace-environmental-drivers/Outputs/ASCII-for-ecospace/MOM6-ISIMIP3a/tos/2015_mo11_avg50y_tos_MOM6-ISIMIP3a.asc
NCOLS 131 
NROWS 53 
XLLCORNER -98 
YLLCORNER 23.9265270233154 
CELLSIZE 0.133587792515755 
NODATA_value -9999 
[rows 21 to 41 of 53, columns 0 to 47 of 131]
-9999 -9999 -9999 -9999 -9999 -9999 -9999 -9999 -9999 -9999 -9999 23.1746015548706 23.2810596847534 23.5981684875488 23.8810466766357 24.1244276046753 24.3037683486938 24.4391292953491 24.538045539856 24.622889251709 24.7003140640259 24.7764294052124 24.8126612854004 24.8451501846313 24.8537231063843 24.8606628799438 24.8623078918457 24.8645448303223 24.8678144454956 24.8701463317871 24.8715131378174 24.866897277832 24.8586362075806 24.8412004089355 24.8207061004639 24.8050859832764 24.7901573562622 24.7776845932007 24.7657979202271 24.7576414108276 24.7486991882324 24.7375693511963 24.7236882019043 24.7055544281006 24.6825140762329 24.6549705886841 24.6278894042969 24.6010575866699
-9999 -9999 -9999 -9999 -9999 -9999 -9999 -9999 -9999 -9999 23.7154343795776 23.7831327819824 23.9162702178955 24.1788934707642 24.3958074951172 24.5599803161621 24.6807135009766 24.7716147994995 24.835897064209 24.8899005126953 24.93742603302 24.9838083267212 25.0079830932617 25.0295384979248 25.0333185195923 25.0350766372681 25.0302800750732 25.0263608551025 25.0239725494385 25.0207778549194 25.016753578186 25.0081879806519 24.9968556213379 24.978823890686 24.9585589599609 24.9416734313965 24.9252717208862 24.9112301635742 24.897612991333 24.8866973495483 24.8753530883789 24.8628154373169 24.8481239700317 24.8301035690308 24.8088729858398 24.7846952438355 24.7608551025391 24.7371966552734
-9999 -9999 -9999 -9999 -9999 -9999 -9999 -9999 23.7966488647461 23.7617782211304 23.8204094696045 24.2369258499146 24.5723162841797 24.7471811294556 24.8818909835815 24.9702681350708 25.0344539642334 25.0820264816284 25.1130986022949 25.1377993011475 25.1558610916138 25.1727515029907 25.1854710006714 25.1967461013794 25.196743888855 25.1943751144409 25.1843337249756 25.1754236984253 25.1684880447388 25.1607759857178 25.1522647476196 25.1404019927979 25.1264970016479 25.1087540435791 25.0897316741943 25.0725724411011 25.0556845474243 25.0407331848145 25.0259955978394 25.0126222991943 24.9991417694092 24.9853639221191 24.9698218536377 24.9515524291992 24.9316311264038 24.9101945114136 24.8887794494629 24.8673756790161
-9999 -9999 -9999 -9999 -9999 -9999 -9999 23.7993888092041 23.820690612793 24.091803855896 24.3721673202515 24.6879381942749 24.9319324874878 25.0339017486572 25.111326713562 25.1604314422607 25.1942222595215 25.2174962615967 25.2307150268555 25.2400514602661 25.2445530700684 25.2482012939453 25.2539041900635 25.2589629364014 25.2582806015015 25.256400642395 25.2506371307373 25.2454971313477 25.2414451599121 25.2366745758057 25.2311646270752 25.2213855743408 25.2090056991577 25.1953042602539 25.1811622238159 25.169827003479 25.1588745117188 25.1472055053711 25.1356251144409 25.1246086502075 25.1133055496216 25.1012044906616 25.086379737854 25.067345085144 25.0473642349243 25.0265149307251 25.0060687255859 24.9858394241333
-9999 -9999 -9999 -9999 -9999 -9999 -9999 23.7016200637817 23.9247075653076 24.4288843536377 24.8737317657471 25.091491394043 25.2490419387817 25.2874561691284 25.3150191879272 25.3300619125366 25.3374153137207 25.3394881057739 25.337021484375 25.3328018951416 25.3258499908447 25.3184160232544 25.3177211380005 25.31702003479 25.3150390625 25.312972946167 25.3106321716309 25.3086794662476 25.3074045562744 25.3054642868042 25.3028389358521 25.2954421234131 25.2851385498047 25.2753594589233 25.2657549285889 25.2598014068604 25.2543346786499 25.2464386367798 25.2385284042358 25.2305275726318 25.2219577026367 25.2118027877808 25.1983362197876 25.179750213623 25.1608395767212 25.1416311264038 25.1231237411499 25.1049939346313
-9999 -9999 -9999 -9999 -9999 -9999 23.5124571990967 23.9358912277222 24.3793942260742 24.7968996429443 25.155210609436 25.2869505310059 25.3797720336914 25.3955861663818 25.4058344268799 25.4096611785889 25.4079307937622 25.4023839187622 25.393736038208 25.3838903808594 25.3747225952148 25.3656745529175 25.3612976837158 25.3568393325806 25.3508459854126 25.3456363296509 25.3429663467407 25.3416460037231 25.3426804733276 25.3430822753906 25.3428330230713 25.3391269683838 25.3333153915405 25.3269359588623 25.3203667068481 25.3178542709351 25.3159023284912 25.3139289474487 25.3119389343262 25.3098421096802 25.306442565918 25.2994161605835 25.2901155090332 25.2773007202148 25.2644161987305 25.2514674377441 25.2391518783569 25.2271770858765
-9999 -9999 -9999 -9999 -9999 23.6705400466919 23.5913581848145 24.172526435852 24.7665397644043 25.1036171722412 25.3840632247925 25.4477484130859 25.4902177047729 25.490707321167 25.4896026992798 25.4866589355469 25.4791341400146 25.4684630584717 25.4548754882812 25.4401612854004 25.4279800033569 25.4162459564209 25.4079389190674 25.3995439147949 25.389789390564 25.3813065719605 25.3769478225708 25.3749472808838 25.3770620727539 25.3790095901489 25.3807844924927 25.3805596923828 25.3791162490845 25.3764224624634 25.3733115386963 25.3744110870361 25.3761039733887 25.3793975448608 25.3826139831543 25.3853400039673 25.3863830947876 25.3827420425415 25.3777450561523 25.3706532287598 25.3637535095215 25.3570302963257 25.3508494186401 25.3449603652954
-9999 -9999 -9999 -9999 -9999 23.7752054214478 23.823441734314 24.4143189239502 25.0063212966919 25.2765927505493 25.4980934143066 25.5329211807251 25.5564056015015 25.5574452590942 25.557995223999 25.5579804992676 25.5518381500244 25.5414878082275 25.5256689453125 25.507738571167 25.4908042144775 25.4740458297729 25.4612660980225 25.4485438156128 25.4355752182007 25.4235384368896 25.4145234680176 25.4089793777466 25.4094926071167 25.4112476730347 25.4142802810669 25.4170779800415 25.4197328186035 25.4213496017456 25.4226204681396 25.4277038192749 25.4333246231079 25.4404545211792 25.4473206329346 25.4525104522705 25.4564093017578 25.4567139816284 25.4563199615479 25.4548455429077 25.4538416290283 25.4532693862915 25.453098564148 25.4531441116333
-9999 -9999 -9999 -9999 -9999 24.0389682388306 24.0095854949951 24.5925082778931 25.1769923019409 25.401863822937 25.5842816543579 25.604206237793 25.6184867858887 25.6215999603271 25.6242960739136 25.6265101623535 25.6210836410522 25.6104097366333 25.5918630599976 25.5702765274048 25.5490479278564 25.5278824996948 25.5117177581787 25.4958486938477 25.4815315246582 25.4679137802124 25.4565637969971 25.4490567016602 25.4482558059692 25.4498962783813 25.4540482330322 25.4595737457275 25.4659359359741 25.471875038147 25.4776736068726 25.4864227676392 25.495591583252 25.5063842010498 25.5168449401855 25.5251945114136 25.5325425720215 25.5371036911011 25.5410383605957 25.5440044021606 25.5472431182861 25.5507325744629 25.5541666793823 25.5575713348389
-9999 -9999 -9999 -9999 -9999 24.0879392623901 24.1181734085083 24.6906792068481 25.2607175827026 25.4671189498901 25.6354423522949 25.6580193328857 25.6754016876221 25.6825056838989 25.6879652786255 25.69152759552 25.685977897644 25.6741702270508 25.6522708511353 25.6264743804932 25.6015285110474 25.576732673645 25.5585514068604 25.5410203552246 25.527702331543 25.5149858856201 25.5042210006714 25.4967390060425 25.4949864959717 25.496609916687 25.5017071914673 25.5095891571045 25.5191672897339 25.5294439697266 25.5399534606934 25.5519688796997 25.5642070770264 25.5784443283081 25.5924298858643 25.6048141860962 25.6163592147827 25.6255670928955 25.6334856033325 25.6394111633301 25.6448133087158 25.6497355270386 25.6537487411499 25.6572727203369
-9999 -9999 -9999 -9999 -9999 -9999 24.1675006484985 24.7299074554443 25.2919641876221 25.5027857971191 25.6767813873291 25.7098221969604 25.7348106002808 25.7438655853271 25.7503694534302 25.7539298248291 25.7478015899658 25.73501953125 25.7110852813721 25.6828447723389 25.6557825469971 25.6289284515381 25.6106906890869 25.5933491897583 25.5819040679932 25.5713185882568 25.5635208129883 25.5584250640869 25.5580451965332 25.5606493759155 25.5663245391846 25.5753379440308 25.5863849258423 25.5993285369873 25.612904624939 25.6272501373291 25.6417171096802 25.6582604217529 25.6745404052734 25.6891428756714 25.7030335998535 25.7149424362183 25.7251728057861 25.7328089141846 25.7394456481934 25.7451649856567 25.7495236587524 25.7531497573853
-9999 -9999 -9999 -9999 -9999 -9999 -9999 24.7249280548096 25.2838511276245 25.516261138916 25.7107540512085 25.760117225647 25.7960899353027 25.805566444397 25.8118251419067 25.8143710327148 25.8073225784302 25.7936853790283 25.7687047958374 25.7393441772461 25.7113666915894 25.6836333084106 25.6668092346191 25.6510456848145 25.6421290969849 25.6345967483521 25.6315526199341 25.6306140518188 25.6333498001099 25.6376833724976 25.6436608505249 25.6528870010376 25.6640922927856 25.6784503555298 25.6938593292236 25.7098329162598 25.7258982467651 25.7438937759399 25.7615452575684 25.7770029830933 25.791851272583 25.805001411438 25.8162897872925 25.8247003173828 25.8318744659424 25.8379141235352 25.8424431991577 25.8461586761475
-9999 -9999 -9999 -9999 -9999 -9999 -9999 25.2089366531372 25.237758102417 25.507354927063 25.7356916046143 25.8061018753052 25.8555292510986 25.863437461853 25.8677550506592 25.8679294586182 25.8597719955444 25.8458923339844 25.8231662750244 25.7970244598389 25.7720738983154 25.7473336029053 25.7333718109131 25.720484046936 25.7145835113525 25.7102555847168 25.7110278320312 25.713709526062 25.7197236251831 25.7265159225464 25.7341083145142 25.7439891052246 25.7552635192871 25.7682666778564 25.7818462753296 25.7961728668213 25.8106211471558 25.8276016235352 25.844264831543 25.8589068222046 25.8732321929932 25.8866773986816 25.8983319473267 25.9072199249268 25.9145812606812 25.920541343689 25.9251545715332 25.9290424346924
-9999 -9999 -9999 -9999 -9999 -9999 -9999 25.1755253219604 25.1753876495361 25.4888568878174 25.7567572021484 25.8502391052246 25.9141798400879 25.9196671295166 25.9213166809082 25.9185384750366 25.9091906356812 25.8953311920166 25.8762742233276 25.855210609436 25.8349765396118 25.8148889923096 25.8044100189209 25.7949550628662 25.7922789001465 25.7912206268311 25.7954074859619 25.8014794921875 25.8108414077759 25.8204048538208 25.8301750564575 25.8408996582031 25.8522052383423 25.8626666641235 25.8728465270996 25.8841231918335 25.895576133728 25.9104842376709 25.9251480484009 25.9382578277588 25.9514265441895 25.9647602844238 25.9764849090576 25.9857228469849 25.9931211090088 25.9988305282593 26.0034911727905 26.0075870132446
-9999 -9999 -9999 -9999 -9999 -9999 -9999 25.1212478637695 25.1495202255249 25.4954610061646 25.7912724304199 25.8952088546753 25.9648913192749 25.9667946243286 25.9654109954834 25.9602349472046 25.9509747314453 25.9389097213745 25.925023651123 25.910433807373 25.8969464874268 25.8836538314819 25.8769320678711 25.871047668457 25.8709449386597 25.8726120758057 25.880018081665 25.8888018417358 25.8999896240234 25.9104318237305 25.9201070785522 25.9302327728272 25.9406331253052 25.9483324432373 25.9551314163208 25.9629640960693 25.9709680557251 25.982897567749 25.9946842575073 26.0055627822876 26.016639251709 26.0282678222656 26.0391453933716 26.048862953186 26.0567484664917 26.0629527282715 26.067859916687 26.0720683288574
-9999 -9999 -9999 -9999 -9999 -9999 -9999 25.1107495117188 25.1312051010132 25.5072589492798 25.8285703659058 25.9403508758545 26.0139601516724 26.0120391845703 26.0075469970703 26.0000875473022 25.9911793136597 25.9812758636475 25.9728706741333 25.9650440597534 25.9587236785889 25.952668838501 25.9497605895996 25.9474760055542 25.9498115539551 25.9540919113159 25.9646766662598 25.9760313415527 25.9887298583984 25.9996599960327 26.0087696838379 26.0179983520508 26.0272993469238 26.0321911239624 26.0356129837036 26.039920463562 26.0443811416626 26.0531448364258 26.0618730163574 26.0703755187988 26.0791662216187 26.0887596893311 26.0986006164551 26.1088242340088 26.1172903823853 26.1241435623169 26.1293383407593 26.1336403656006
-9999 -9999 -9999 -9999 -9999 -9999 -9999 25.1671353912354 25.1976826095581 25.577050743103 25.8978158569336 25.9942740249634 26.0563466262817 26.0503800582886 26.043614692688 26.0359281921387 26.0287942504883 26.0220392990112 26.0182871246338 26.0156943511963 26.0153043365479 26.0153034591675 26.0167458724976 26.0185889434814 26.0235093688965 26.0297593688965 26.0403210830688 26.0509658432007 26.0617553710937 26.0707013702393 26.0777502822876 26.0843626785278 26.0907096099854 26.0941788482666 26.0966890716553 26.1000383758545 26.1035194396973 26.109225769043 26.1148987197876 26.1203603744507 26.1265230560303 26.1346371841431 26.1437906646729 26.1545510101318 26.1637742614746 26.1715865325928 26.1776956558228 26.1828879165649
-9999 -9999 -9999 -9999 -9999 -9999 -9999 25.318528175354 25.2763203048706 25.6534663009644 25.9689512634277 26.0484232330322 26.0978805160522 26.087946434021 26.0790361022949 26.0713068771362 26.0659759521484 26.0622918319702 26.0629510116577 26.0652876663208 26.0705556106567 26.0763409423828 26.0819629669189 26.0877655410767 26.0951027679443 26.10313331604 26.1134122848511 26.123129234314 26.1318648147583 26.1387601470947 26.1437617874146 26.1477856826782 26.1512134552002 26.1534112167358 26.1551989746094 26.1577990341187 26.1605124664307 26.1634226226807 26.1662782669067 26.1687878799438 26.1724024581909 26.179094543457 26.1875694274902 26.1987999725342 26.20872631073 26.217455329895 26.2244658279419 26.2305508804321
-9999 -9999 -9999 -9999 -9999 -9999 -9999 25.4056675720215 25.4441693496704 25.7728380203247 26.0449851608276 26.1007906341553 26.1335099411011 26.1205470275879 26.1104542922974 26.1036725234985 26.0997766876221 26.0978629302979 26.1007527542114 26.1054973220825 26.1141044616699 26.1233932876587 26.1311140441895 26.1388232421875 26.1467197036743 26.154818572998 26.1635738754272 26.171605758667 26.1783750915527 26.1836885070801 26.1875035858154 26.1900505065918 26.191824836731 26.1936984634399 26.1956052017212 26.1984587860107 26.2014421463013 26.2042893600464 26.2068613815308 26.2076814651489 26.2097694015503 26.2153865432739 26.2231084442139 26.2340830612183 26.2440529251099 26.2531007766724 26.2605727767944 26.2671963882446
-9999 -9999 -9999 -9999 -9999 -9999 -9999 25.4157114028931 25.6191140365601 25.892465057373 26.116064491272 26.1492362213135 26.1661484527588 26.1508875656128 26.1401417160034 26.1346050643921 26.1321808242798 26.1318936920166 26.1365920639038 26.1432155609131 26.1546776580811 26.1669933700562 26.1763038635254 26.1854233551025 26.1935020828247 26.2014328765869 26.2088834381104 26.2154834747314 26.2205994796753 26.2245278930664 26.2272343444824 26.2285903167725 26.2291236877441 26.2307763290405 26.2328018951416 26.2358421325684 26.2390208816528 26.2419518661499 26.2444519424438 26.244207611084 26.2452849197388 26.2500414657593 26.2571095657349 26.2677494812012 26.2776430511475 26.2868521118164 26.2947659683228 26.3019825744629
-9999 -9999 -9999 -9999 -9999 -9999 25.2281454467773 25.5209337615967 25.8200769805908 26.0130281448364 26.1689776229858 26.1833012008667 26.1878203964233 26.1729391860962 26.1634825897217 26.160284614563 26.1594641113281 26.1602764892578 26.1652372360229 26.1717997360229 26.1843403625488 26.1979356765747 26.2069678115845 26.2156800460815 26.2225583267212 26.229453086853 26.2364013290405 26.2424981307983 26.2471084976196 26.2503746414185 26.25225730896 26.253471031189 26.2542769622803 26.256086807251 26.2582307052612 26.2612121582031 26.2643124771118 26.2678657150269 26.2710702133179 26.2720524597168 26.2740120315552 26.2786936569214 26.2854712295532 26.2954881668091 26.3048666000366 26.3136587905884 26.3219423294067 26.3299517822266
