Ecospace-environmental-drivers/Outputs/ASCII-for-ecospace/Temp-avg/Temp-avg_X1984_mo09_avg28y.asc
NCOLS 131 
NROWS 53 
XLLCORNER -98 
YLLCORNER 23.9265270233154 
CELLSIZE 0.133587792515755 
NODATA_value -9999 
[rows 0 to 20 of 53, columns 47 to 93 of 131]
-9999 -9999 -9999 -9999 -9999 -9999 -9999 -9999 -9999 -9999 -9999 -9999 -9999 -9999 -9999 -9999 -9999 -9999 -9999 -9999 -9999 -9999 -9999 -9999 -9999 -9999 -9999 -9999 -9999 -9999 -9999 -9999 -9999 -9999 -9999 -9999 -9999 -9999 -9999 -9999 -9999 -9999 -9999 -9999 -9999 -9999 -9999
-9999 -9999 -9999 -9999 -9999 -9999 -9999 -9999 -9999 -9999 -9999 -9999 -9999 -9999 -9999 -9999 -9999 -9999 -9999 -9999 -9999 -9999 -9999 -9999 -9999 -9999 -9999 -9999 -9999 -9999 -9999 -9999 -9999 -9999 -9999 -9999 -9999 -9999 -9999 -9999 -9999 -9999 -9999 -9999 -9999 -9999 -9999
-9999 -9999 -9999 -9999 -9999 -9999 -9999 -9999 -9999 -9999 -9999 -9999 -9999 -9999 -9999 -9999 -9999 -9999 -9999 -9999 -9999 -9999 -9999 -9999 -9999 -9999 -9999 29.336156640734 29.3541526794434 -9999 -9999 -9999 -9999 -9999 -9999 -9999 -9999 -9999 -9999 -9999 -9999 -9999 -9999 -9999 -9999 -9999 -9999
-9999 -9999 -9999 -9999 -9999 -9999 -9999 -9999 -9999 -9999 -9999 -9999 -9999 -9999 -9999 -9999 -9999 -9999 -9999 -9999 -9999 -9999 -9999 -9999 -9999 -9999 -9999 29.3333137375968 29.3411826406206 -9999 -9999 -9999 -9999 -9999 -9999 -9999 -9999 -9999 -9999 -9999 -9999 -9999 -9999 -9999 -9999 -9999 -9999
-9999 -9999 -9999 -9999 -9999 -9999 -9999 -9999 -9999 29.5505915369306 29.5509326798575 29.5523866925921 29.5627944128854 -9999 -9999 -9999 -9999 -9999 29.4271484102522 29.3926323481968 29.3442980902536 29.3571805953979 29.3828002384731 29.4936056137085 29.5038857460022 29.4483049256461 29.3727893829346 29.2821435247149 29.4108973230634 29.6425199508667 -9999 -9999 29.3063272748675 29.2639055252075 29.363475390843 29.2650945527213 29.1485569817679 29.2321801866804 29.3016859463283 29.1953184945243 29.2564217703683 29.1524300575256 -9999 -9999 -9999 -9999 -9999
-9999 -9999 -9999 -9999 -9999 -9999 -9999 -9999 29.5507915360587 29.5505487578256 29.5500933783395 29.5509326798575 29.5502570016044 29.5582665034703 29.5759560040065 -9999 29.5349607467651 29.5110143252781 29.4355285508292 29.3525023460388 29.2364746502468 29.2228642191206 29.270368712289 29.3465376581464 29.3472430365426 29.2959581102644 29.2390143530709 29.3117212568011 29.5016010829381 29.6510250227792 29.3746717316764 29.3495842388698 29.3462742396763 29.223123550415 29.1227488517761 29.0001972062247 28.98318365642 28.955952508109 28.9421715055193 28.9790679386684 29.0083580698286 29.1101935250419 29.1935411180769 29.3309295518058 -9999 -9999 -9999
-9999 -9999 -9999 -9999 -9999 -9999 -9999 -9999 29.5557201249259 29.5507915360587 29.5503059795925 29.5483432497297 29.5464443479265 29.5494935853141 29.5614611080715 29.5782807895115 29.5423680033003 29.500161920275 29.3991396086557 29.3122220720564 29.0953788757324 29.0336413383484 29.0170931134905 29.059561593192 29.0883962767465 29.0705752372742 29.058164528438 29.1125411306109 29.1610232761928 29.1737598010472 29.1291471208845 29.0440766470773 29.0109940256391 28.9260767527989 28.7925729751587 28.2858701433454 27.7039381435939 27.9944471631731 28.2844591140747 28.3419806616647 28.4156985964094 28.6328026907785 28.8700691631862 29.0591088022505 29.1935342379979 29.1512542452131 -9999
-9999 -9999 -9999 -9999 -9999 -9999 -9999 -9999 -9999 -9999 29.5553875650678 29.5515943254743 29.5510593141828 -9999 29.5539454051426 29.5587535585676 29.5590900012425 29.5660557065691 29.5214515413557 29.4075018337795 29.2117603846959 29.1550106321062 28.9961259024484 28.9111380577087 28.8361077308655 28.8119737761361 28.8282061985561 28.9054703031267 28.9323457309178 28.8892587934222 28.8408994674683 28.8079237256731 28.7987136159624 28.4942202568054 27.7830996513367 26.0636308533805 25.5891163008554 26.1912743023464 27.1009248324803 27.462377343859 27.7408579417637 28.1565834454128 28.5266346250262 28.7385860851833 28.9907039914812 29.1563712528774 29.254576751164
-9999 -9999 -9999 -9999 -9999 -9999 -9999 -9999 -9999 -9999 -9999 -9999 -9999 -9999 29.5348907198225 29.5265056065151 29.5834463664464 29.611454146249 29.5769976207188 29.5252455983843 29.3888436044965 29.2941538265773 29.0043559074402 28.8200463567461 28.5271947043283 28.4679496628898 28.5405368804932 28.6062256949288 28.6523373467582 28.6357850347246 28.5985233443124 28.5183963775635 28.3311223983765 27.1109318052019 25.695284639086 24.9082063947405 25.0079179491316 25.4951690265111 26.0087422643389 26.7183266367231 27.1677849633353 27.7865112168448 28.2236548151289 28.4149034363883 28.7020394461496 28.9554931776864 29.1590081623622
29.6782946586609 -9999 -9999 -9999 -9999 -9999 -9999 -9999 -9999 -9999 29.6854517800467 29.6520648002625 -9999 -9999 -9999 29.5651688575745 29.6429341179984 29.6622360093253 29.6152174132211 29.5621860367911 29.4895702770778 29.2540095874241 28.9893330846514 28.7156038965498 28.208345753806 28.1322569165911 28.2291272708348 28.3279911449977 28.3623077528817 28.3337570599147 28.3219725063869 28.1001482009888 27.2046154567174 25.160534449986 24.5104293823242 24.5647121156965 24.7998567308698 25.0446160180228 25.3970393453326 25.8390801293509 26.5830458913531 27.6925679615566 28.0419085366385 28.2777172497341 28.5760538237435 28.840430532183 29.0707227161952
29.5970186505999 29.5981817245483 -9999 -9999 -9999 -9999 -9999 -9999 -9999 -9999 29.7338235718863 29.7363117762974 29.7402242251805 -9999 -9999 29.5600937434605 29.6135494368417 29.7095990862165 29.674558367048 29.5968475341797 29.4334634372166 29.1651451247079 28.9469506399972 28.4974239894322 27.8920815331595 27.939594405038 28.117692061833 28.0701315062387 28.1773113523211 28.1085610389709 27.9335319655282 27.3810260636466 26.2843176977975 24.1675773348127 23.8214911733355 23.9263136727469 24.291132245745 24.5589174543108 24.9651098251343 25.3221800667899 25.9318517957415 27.0056177548 27.7437761170524 28.2502099445888 28.589914049421 28.8170032501221 29.0335171563285
29.5535162517003 29.5876329966954 29.6529806000846 29.7102649552482 -9999 -9999 -9999 -9999 -9999 -9999 -9999 29.7233903748649 29.745087827955 29.7399820600237 29.636698450361 29.6109628677368 29.7563956805638 29.7466843468802 29.6962402207511 29.5006373269217 29.1786819866725 28.8965863500323 28.5865019389561 27.7616079194205 27.4624630383083 27.5517637389047 27.7122857911246 27.7222074099949 27.5713224411011 27.4638269969395 27.1949763298035 26.2822922297886 24.2733745574951 23.0786035401481 22.6966981206621 22.5898927279881 22.9718777111598 23.6976223673139 24.3483449390956 24.8032933643886 25.266339642661 25.9298039163862 27.1573887552534 27.9922617503575 28.3996692384992 28.8062060901097 28.9823359761919
29.4763471058437 29.5661403111049 29.6810098375593 29.8001508712769 -9999 -9999 -9999 -9999 29.7720175470625 29.7690009389605 29.6941473824637 29.6658677373614 29.7622951780047 29.7314207213266 29.5118097577776 29.4786624227251 29.6447691917419 29.6848349571228 29.7528901781355 29.3803346497672 28.7326274599348 28.0849298068455 27.5199240275792 27.2934184755598 27.2468434742519 27.2080905778067 26.8134944098336 26.1904698780605 25.976970400129 25.6756819316319 24.5119329861232 23.086093221392 22.0159032685416 21.8917152541024 21.7229266847883 21.539357321603 22.4881832259042 22.9228472709656 23.5561159678868 24.160585130964 24.637317112514 25.0839668001447 25.8944497789655 26.8830870219639 27.2845679010664 27.906924860818 28.2047717911857
29.449759551457 29.4476803370884 29.4761722428458 29.5708865438189 29.7065232821873 29.6847476278033 29.6814096995762 29.68753692082 29.7082415989467 29.6904645647321 29.6981930051531 29.6725522450038 29.5118127550398 29.3725068228585 29.193331854684 29.3152281216213 29.6108087812151 29.7107234682356 29.6496765954154 29.0186952182225 28.6489798682077 27.1204578535897 26.885865347726 26.3812682288034 25.4966135025024 25.1573216574533 24.4104105404445 23.4589723178319 22.6683215413775 21.7979467936925 20.7279177393232 20.1622003827776 20.1101469993591 20.7565398897443 20.9877345221383 21.4219035421099 22.3127068110875 22.8051318441119 23.25947366442 23.6673953873771 24.1291555677141 24.5283196313041 24.9035113198417 25.3222620146615 25.8572356360299 26.4359579086304 27.0416059494019
29.4008461407253 29.3665667261396 29.3927555765424 29.5196080207825 29.6427057129996 29.5881030900138 29.603581905365 29.6067460605076 29.6026355198451 29.581165926797 29.5724601745605 29.2950439453125 29.1683374813625 28.9126381192889 28.6979500225612 28.7955744607108 29.0802077565874 29.9058701651437 29.8451662063599 29.2132861954825 27.467762538365 25.8751380784171 25.4494652066912 24.1625662531172 23.0899735859462 22.3990375655038 21.1157885278974 20.3833341598511 19.8921636853899 19.3917697497777 19.1690436771938 19.0964959689549 19.3340941837856 20.0045981407166 20.6586738313947 21.5602788925171 22.2257466316223 22.8631792749677 23.0560393333435 23.430274282183 23.7958385603768 24.1817186219352 24.4944366046361 24.7389351981027 25.0754616601127 25.3736322266715 26.4827886990138
29.3176560401917 29.3239123480661 29.3243233816964 29.4191334588187 29.4797391210284 29.4322135107858 29.4014069012233 29.4190690176828 29.3904912812369 29.3057827268328 29.2076197351728 29.0307773862566 28.7832601411002 28.4258954865592 27.9880895614624 27.7825651850019 28.0739045143127 28.7921002932957 27.8236116000584 27.2735373633248 25.683286190033 24.1329496928624 23.3027627127511 22.3154133387974 21.1448004586356 20.2372838429042 19.6616725240435 19.1053799220494 18.8258656774248 18.6674523694175 18.6334746565138 18.6430404186249 19.0547248295375 19.8885235105242 20.8138602120536 21.7370262145996 22.2997864314488 22.730990750449 22.9506116594587 23.3502447264535 23.6872995240348 23.8706028802054 24.224073273795 24.5425671849932 24.8710949080331 24.9683825629098 25.5646228790283
29.171087878091 29.2180698258536 29.2589545249939 29.3193252427237 29.3805664607457 29.3513852528163 29.2856813158308 29.240119934082 29.1928863525391 29.1168755803789 28.959986277989 28.6651602472578 28.2939528737749 27.7838070052011 27.2906184877668 26.9496978351048 26.8193460191999 26.831868989127 25.840015411377 24.7322453090123 23.193660395486 21.7815297671727 21.0078090940203 20.4011421203613 19.7304020609174 19.3351155008589 19.0357614244734 18.6087759222303 18.4798900740487 18.3771539075034 18.2562989166805 18.5467026574271 19.1311649935586 19.9001925332206 20.815196786608 21.6002220426287 22.2416314397539 22.6153163909912 22.9757152966091 23.2543869699751 23.5300859723772 23.7693045479911 24.0760401317051 24.3240422521319 24.6245918273926 24.9520707130432 25.1433260781424
28.939056124006 28.9788805416652 29.0643659319196 29.1497740745544 29.2238954816546 29.2296045848301 29.1908572060721 29.1384142466954 29.0756139074053 28.9664502825056 28.6878167561122 27.8698102406093 26.3251488549369 25.4450028964451 25.6977606500898 26.1459168706621 26.0142166273934 25.6196605818612 24.850720678057 23.0775010245187 21.2968127386911 20.1609797477722 19.7674775804792 19.3013757296971 18.9564101355416 18.7496303830828 18.6082914216178 18.3694408621107 18.1685157503401 18.1876010554177 18.2035792555128 18.5868616444724 19.1712423052107 19.8839814322335 20.657641683306 21.4426003864833 21.9657500811986 22.430497782571 22.814026083265 23.0409780911037 23.3792990956988 23.7062700816563 23.899292741503 24.2183519090925 24.5391266686576 24.7969965253557 25.0113045828683
28.3992791857038 28.5052292006356 28.6089042936053 28.7431992122105 28.8219718933105 28.858133997236 28.8842082704817 28.8084132330758 28.6538518496922 28.4039511680603 28.0739116668701 27.5356941223145 26.0883842195783 23.7242033822196 22.9885277748108 23.6238897187369 23.8546212741307 24.1003407750811 23.5066989489964 22.1983711378915 20.9503552573068 19.8171033178057 19.2008906773158 18.8250607081822 18.5543161119734 18.4960938521794 18.1361484868186 18.121440070016 18.119975396565 18.1568716594151 18.1105725765228 18.3919958387102 19.0447432654245 19.7595639910017 20.3205129078456 21.082176889692 21.5492912020002 22.0098309516907 22.4060463224139 22.7525882720947 23.0475731577192 23.2569862093244 23.6455865587507 23.937527520316 24.3184832164219 24.6135631288801 24.8812468392508
27.9059925079346 27.9071754728045 27.9882943289621 28.0105660983494 28.1866611753191 28.3402327810015 28.3309335708618 28.2807728903634 28.1508622850691 27.9561360904149 27.6727830341884 27.2863684381757 26.3907222747803 24.2601206643241 22.7264293261937 21.6907689911979 21.6836357116699 22.1345626967294 22.044841493879 21.250011920929 19.9736133302961 19.4176320348467 19.0191187177386 18.6300389085497 18.4975890432085 18.4090026787349 18.0895987238203 18.0982443945748 18.1224710260119 18.1589279515403 17.9455999987466 18.0002235344478 18.5917527335031 19.3272408076695 19.8939769608634 20.4528311320714 20.9483252934047 21.4064279964992 21.8814763341631 22.2319418362209 22.5384573255266 22.9191618646894 23.1518441608974 23.4855989047459 23.853853566306 24.2375696727208 24.5863025529044
27.5058019501822 27.4287421362741 27.4673607689994 27.559782573155 27.5882846968515 27.6116086414882 27.6029460770743 27.5594126837594 27.5182826178414 27.4332088061741 26.9762354578291 26.6393523897443 25.8408284868513 24.3530259132385 22.6779701369149 21.0025376592364 20.4735200745719 20.6896298953465 20.8730239186968 20.1290409224374 19.6575374603271 19.1211137771606 18.6848603657314 18.5778663499015 18.5397348744529 18.3815338952201 18.1128583295005 18.1355603081839 18.1561460494995 18.18047445161 17.9307220663343 17.8733452388218 17.9982862813132 18.3919180461339 18.9500904764448 19.4088603428432 19.7683112961905 20.3908971377781 21.0484465871538 21.4673659460885 21.7856059074402 22.1705910137721 22.4966253553118 22.8267238480704 23.022038936615 23.5476774488177 23.9474569729396
