Ecospace-environmental-drivers/Outputs/ASCII-for-ecospace/Temp-avg/Temp-avg_X1996.07.asc
NCOLS 131 
NROWS 53 
XLLCORNER -98 
YLLCORNER 23.9265270233154 
CELLSIZE 0.133587792515755 
NODATA_value -3.4e+38 
[rows 0 to 20 of 53, columns 47 to 93 of 131]
-3.4e+38 -3.4e+38 -3.4e+38 -3.4e+38 -3.4e+38 -3.4e+38 -3.4e+38 -3.4e+38 -3.4e+38 -3.4e+38 -3.4e+38 -3.4e+38 -3.4e+38 -3.4e+38 -3.4e+38 -3.4e+38 -3.4e+38 -3.4e+38 -3.4e+38 -3.4e+38 -3.4e+38 -3.4e+38 -3.4e+38 -3.4e+38 -3.4e+38 -3.4e+38 -3.4e+38 -3.4e+38 -3.4e+38 -3.4e+38 -3.4e+38 -3.4e+38 -3.4e+38 -3.4e+38 -3.4e+38 -3.4e+38 -3.4e+38 -3.4e+38 -3.4e+38 -3.4e+38 -3.4e+38 -3.4e+38 -3.4e+38 -3.4e+38 -3.4e+38 -3.4e+38 -3.4e+38
-3.4e+38 -3.4e+38 -3.4e+38 -3.4e+38 -3.4e+38 -3.4e+38 -3.4e+38 -3.4e+38 -3.4e+38 -3.4e+38 -3.4e+38 -3.4e+38 -3.4e+38 -3.4e+38 -3.4e+38 -3.4e+38 -3.4e+38 -3.4e+38 -3.4e+38 -3.4e+38 -3.4e+38 -3.4e+38 -3.4e+38 -3.4e+38 -3.4e+38 -3.4e+38 -3.4e+38 -3.4e+38 -3.4e+38 -3.4e+38 -3.4e+38 -3.4e+38 -3.4e+38 -3.4e+38 -3.4e+38 -3.4e+38 -3.4e+38 -3.4e+38 -3.4e+38 -3.4e+38 -3.4e+38 -3.4e+38 -3.4e+38 -3.4e+38 -3.4e+38 -3.4e+38 -3.4e+38
-3.4e+38 -3.4e+38 -3.4e+38 -3.4e+38 -3.4e+38 -3.4e+38 -3.4e+38 -3.4e+38 -3.4e+38 -3.4e+38 -3.4e+38 -3.4e+38 -3.4e+38 -3.4e+38 -3.4e+38 -3.4e+38 -3.4e+38 -3.4e+38 -3.4e+38 -3.4e+38 -3.4e+38 -3.4e+38 -3.4e+38 -3.4e+38 -3.4e+38 -3.4e+38 -3.4e+38 32.6877975463867 32.6787757873535 -3.4e+38 -3.4e+38 -3.4e+38 -3.4e+38 -3.4e+38 -3.4e+38 -3.4e+38 -3.4e+38 -3.4e+38 -3.4e+38 -3.4e+38 -3.4e+38 -3.4e+38 -3.4e+38 -3.4e+38 -3.4e+38 -3.4e+38 -3.4e+38
-3.4e+38 -3.4e+38 -3.4e+38 -3.4e+38 -3.4e+38 -3.4e+38 -3.4e+38 -3.4e+38 -3.4e+38 -3.4e+38 -3.4e+38 -3.4e+38 -3.4e+38 -3.4e+38 -3.4e+38 -3.4e+38 -3.4e+38 -3.4e+38 -3.4e+38 -3.4e+38 -3.4e+38 -3.4e+38 -3.4e+38 -3.4e+38 -3.4e+38 -3.4e+38 -3.4e+38 32.7132301330566 32.6245422363281 -3.4e+38 -3.4e+38 -3.4e+38 -3.4e+38 -3.4e+38 -3.4e+38 -3.4e+38 -3.4e+38 -3.4e+38 -3.4e+38 -3.4e+38 -3.4e+38 -3.4e+38 -3.4e+38 -3.4e+38 -3.4e+38 -3.4e+38 -3.4e+38
-3.4e+38 -3.4e+38 -3.4e+38 -3.4e+38 -3.4e+38 -3.4e+38 -3.4e+38 -3.4e+38 -3.4e+38 32.7185363769531 32.7185363769531 32.7197265625 32.714298248291 -3.4e+38 -3.4e+38 -3.4e+38 -3.4e+38 -3.4e+38 32.556022644043 32.5371131896973 32.5997047424316 32.6539878845215 32.6631011962891 32.8219795227051 32.8369674682617 32.8961143493652 32.8212356567383 32.6881446838379 32.7519683837891 33.0354995727539 -3.4e+38 -3.4e+38 29.0626029968262 28.903263092041 29.7201671600342 28.7202224731445 28.4023303985596 29.3890895843506 29.6260166168213 29.041784286499 29.4339122772217 29.2867469787598 -3.4e+38 -3.4e+38 -3.4e+38 -3.4e+38 -3.4e+38
-3.4e+38 -3.4e+38 -3.4e+38 -3.4e+38 -3.4e+38 -3.4e+38 -3.4e+38 -3.4e+38 32.7185363769531 32.7185363769531 32.7185363769531 32.7185363769531 32.7209205627441 32.7120513916016 32.7056846618652 -3.4e+38 32.666561126709 32.6893730163574 32.5472183227539 32.4503784179688 32.3927421569824 32.3476829528809 32.4098930358887 32.4333152770996 32.424186706543 32.3815155029297 32.2684326171875 32.4655990600586 32.7192077636719 32.9627532958984 30.4494476318359 29.5619564056396 29.2014865875244 28.4243640899658 28.2670307159424 28.0069675445557 28.2769317626953 28.3886299133301 28.4354953765869 28.5789852142334 28.7752456665039 29.2339916229248 29.7038383483887 30.1351203918457 -3.4e+38 -3.4e+38 -3.4e+38
-3.4e+38 -3.4e+38 -3.4e+38 -3.4e+38 -3.4e+38 -3.4e+38 -3.4e+38 -3.4e+38 32.7190017700195 32.7185363769531 32.7185363769531 32.7185363769531 32.7185363769531 32.7233047485352 32.70068359375 32.7056846618652 32.6650848388672 32.6060981750488 32.4967918395996 32.5382995605469 32.061767578125 31.194637298584 29.7670955657959 29.4277305603027 29.5486297607422 29.3901023864746 29.1180419921875 29.5935821533203 29.570405960083 29.3719501495361 28.7774963378906 28.0323753356934 28.1113834381104 28.0242977142334 28.0319995880127 27.4294815063477 26.8232765197754 27.3281402587891 27.7382164001465 27.7678470611572 27.8876075744629 28.3061408996582 28.7849578857422 29.3439655303955 29.8937530517578 29.9655590057373 -3.4e+38
-3.4e+38 -3.4e+38 -3.4e+38 -3.4e+38 -3.4e+38 -3.4e+38 -3.4e+38 -3.4e+38 -3.4e+38 -3.4e+38 32.7185363769531 32.7185363769531 32.7185363769531 -3.4e+38 32.7280693054199 32.6504402160645 32.6588096618652 32.6469841003418 32.6176300048828 32.5348052978516 32.2749099731445 31.9039497375488 29.1085968017578 28.0250225067139 28.051944732666 28.3464183807373 28.567403793335 28.7806720733643 28.7822818756104 28.4337749481201 28.2208290100098 28.2050323486328 28.3276844024658 27.8767852783203 27.0355281829834 25.0461616516113 24.7806797027588 25.4441032409668 26.5211925506592 26.957311630249 27.2822074890137 27.9208393096924 28.4509582519531 28.793119430542 29.3412952423096 29.9687175750732 30.65846824646
-3.4e+38 -3.4e+38 -3.4e+38 -3.4e+38 -3.4e+38 -3.4e+38 -3.4e+38 -3.4e+38 -3.4e+38 -3.4e+38 -3.4e+38 -3.4e+38 -3.4e+38 -3.4e+38 32.7050018310547 32.5954666137695 32.6494255065918 32.6603164672852 32.5971221923828 32.6070671081543 32.4634819030762 32.1206665039062 28.8549690246582 27.9766502380371 27.7707195281982 28.077091217041 28.3092823028564 28.449821472168 28.5037441253662 28.4882774353027 28.405647277832 28.1732196807861 27.90553855896 26.2109966278076 24.6688461303711 24.2513446807861 24.4581127166748 25.0396919250488 25.4750537872314 26.2579689025879 26.8456687927246 27.621561050415 28.1706428527832 28.4506320953369 28.837064743042 29.3250617980957 30.2057685852051
32.691162109375 -3.4e+38 -3.4e+38 -3.4e+38 -3.4e+38 -3.4e+38 -3.4e+38 -3.4e+38 -3.4e+38 -3.4e+38 32.7047309875488 32.7310791015625 -3.4e+38 -3.4e+38 -3.4e+38 32.6100807189941 32.6550331115723 32.6789360046387 32.675651550293 32.679328918457 32.5672035217285 31.0571250915527 28.2958717346191 27.7112102508545 27.2281703948975 27.3608589172363 27.7060451507568 28.0401153564453 28.1835098266602 28.1683025360107 28.1192455291748 27.7302112579346 26.492561340332 24.1639709472656 23.7853202819824 24.0366973876953 24.2689609527588 24.5007820129395 24.7834014892578 25.2392883300781 26.2382850646973 27.6408023834229 28.0514240264893 28.2984867095947 28.7264175415039 29.079517364502 29.7160472869873
32.4962539672852 32.5022010803223 -3.4e+38 -3.4e+38 -3.4e+38 -3.4e+38 -3.4e+38 -3.4e+38 -3.4e+38 -3.4e+38 32.6782379150391 32.7088737487793 32.7436218261719 -3.4e+38 -3.4e+38 32.5140724182129 32.5808296203613 32.8005676269531 32.7625198364258 32.4871063232422 31.5932598114014 28.9600257873535 27.741584777832 27.1818752288818 26.519416809082 27.0474987030029 27.8642044067383 28.0315399169922 28.3882160186768 28.2427749633789 27.7585182189941 26.8453788757324 25.656457901001 23.3807525634766 23.1399574279785 23.2806835174561 23.5481338500977 23.7535934448242 24.201810836792 24.566385269165 25.3487548828125 26.6542282104492 27.7046756744385 28.3625469207764 28.7757816314697 29.0863189697266 29.5054683685303
32.393482208252 32.3946495056152 32.5097503662109 32.5990104675293 -3.4e+38 -3.4e+38 -3.4e+38 -3.4e+38 -3.4e+38 -3.4e+38 -3.4e+38 32.6869812011719 32.7365684509277 32.7436218261719 32.5213928222656 32.5072250366211 32.8104362487793 32.9142837524414 32.0196380615234 30.649938583374 28.5884189605713 27.1967849731445 26.4964942932129 25.6474380493164 26.0318851470947 26.958683013916 27.851583480835 28.0643901824951 27.7824630737305 27.4962577819824 26.9789524078369 25.7018451690674 23.2490100860596 22.2682914733887 21.8975105285645 21.7623081207275 22.0912666320801 22.6801109313965 23.3004264831543 23.8525333404541 24.41037940979 25.4001045227051 27.0385818481445 28.0676326751709 28.6704654693604 29.1310043334961 29.292423248291
32.0132675170898 32.295166015625 32.5252304077148 32.7620506286621 -3.4e+38 -3.4e+38 -3.4e+38 -3.4e+38 32.7016067504883 32.7244567871094 32.6121788024902 32.5007514953613 32.7617835998535 32.7043037414551 32.1235694885254 31.6678276062012 32.1537857055664 32.1364250183105 31.0266075134277 28.8211574554443 26.1954174041748 25.2685852050781 25.0259628295898 25.8130130767822 26.6547336578369 27.2456436157227 26.9937744140625 26.2037010192871 25.9194660186768 25.4430503845215 23.8672103881836 22.2169380187988 21.2533740997314 21.2370758056641 21.0956325531006 20.9387607574463 21.9096031188965 22.1724853515625 22.5408954620361 23.0591812133789 23.5355758666992 24.1960525512695 25.2755222320557 26.6034336090088 27.3661708831787 27.8219223022461 28.1651306152344
31.6590843200684 31.7068271636963 31.9020175933838 32.2411231994629 32.5056495666504 32.4655799865723 32.5155067443848 32.552188873291 32.5620079040527 32.5253257751465 32.533145904541 32.6285858154297 31.9680633544922 31.1349353790283 30.3774604797363 31.0622386932373 31.9654369354248 32.0339050292969 31.0284824371338 28.2018280029297 25.7529277801514 24.1681365966797 25.3716144561768 25.7807445526123 25.0812606811523 24.8646869659424 24.0882225036621 23.0698280334473 22.1863174438477 21.1373043060303 20.1150588989258 19.6247043609619 19.6447486877441 20.3616371154785 20.6268348693848 21.1337604522705 21.9173927307129 22.3040084838867 22.5681419372559 22.6667861938477 22.9741630554199 23.3397426605225 23.8037872314453 24.3662929534912 25.2662220001221 26.1341361999512 27.1133880615234
31.4499435424805 31.4450092315674 31.5766220092773 31.9449768066406 32.2506561279297 32.2853050231934 32.3920974731445 32.4206428527832 32.3386764526367 32.2135009765625 32.0261001586914 31.2133865356445 30.0072650909424 29.2005558013916 28.676872253418 29.242359161377 30.2712802886963 32.328483581543 31.6367168426514 29.2160835266113 24.7638874053955 24.4438381195068 24.6595878601074 23.4611854553223 22.5576877593994 21.8626899719238 20.4958972930908 19.8171577453613 19.4292469024658 19.0977001190186 19.0132160186768 19.0276660919189 19.2340316772461 19.8297901153564 20.516565322876 21.4506053924561 21.9895877838135 22.5218715667725 22.5213146209717 22.6090450286865 22.7257232666016 22.9963436126709 23.271541595459 23.6548805236816 24.1596832275391 24.7482490539551 26.3062801361084
30.1586933135986 30.5141277313232 30.9813327789307 31.3869323730469 31.4807567596436 31.4312572479248 31.4333934783936 31.3832130432129 31.1746406555176 30.6985893249512 30.1993999481201 29.5206146240234 28.8151588439941 28.000825881958 27.1027126312256 26.7858257293701 27.517370223999 29.0037384033203 26.8493213653564 25.89723777771 24.3492069244385 23.2644348144531 22.5712051391602 21.782356262207 20.6235809326172 19.7465171813965 19.3354244232178 18.8614101409912 18.7041187286377 18.674976348877 18.6830654144287 18.7155418395996 19.0987491607666 19.8230819702148 20.7298812866211 21.5940284729004 22.0783386230469 22.410083770752 22.4875221252441 22.5881652832031 22.6870861053467 22.6287975311279 22.8893337249756 23.2782516479492 23.8018436431885 24.1314468383789 24.8472423553467
29.5956020355225 29.6278266906738 29.9089965820312 30.4563674926758 30.8020191192627 30.776912689209 30.5264530181885 30.2776126861572 30.0622501373291 29.7925834655762 29.3255653381348 28.4875965118408 27.694652557373 26.828893661499 26.1512546539307 25.8171348571777 25.6835708618164 25.5456600189209 24.6823139190674 23.5208129882812 22.1479625701904 20.9141330718994 20.2672443389893 19.8189888000488 19.2907733917236 19.0242385864258 18.8328723907471 18.5377902984619 18.449743270874 18.3621883392334 18.2773361206055 18.6011924743652 19.148998260498 19.7943954467773 20.66188621521 21.4144630432129 21.9945106506348 22.2669105529785 22.5069160461426 22.4455795288086 22.504358291626 22.4918041229248 22.6962547302246 22.9933815002441 23.3765525817871 23.9834327697754 24.3054981231689
29.2143802642822 29.1846656799316 29.3610210418701 29.4655685424805 29.6750068664551 29.7694778442383 29.7314739227295 29.6748542785645 29.587121963501 29.2405872344971 28.5051250457764 26.7489051818848 24.6976108551025 23.7334651947021 24.3023910522461 25.010274887085 25.011604309082 24.6460475921631 23.9933948516846 22.182933807373 20.4448738098145 19.434440612793 19.2476863861084 18.8225593566895 18.5965614318848 18.4420413970947 18.4171581268311 18.2532329559326 18.0744495391846 18.1238212585449 18.1794261932373 18.5630016326904 19.1051578521729 19.7084941864014 20.4729061126709 21.2420253753662 21.6996555328369 22.1030921936035 22.2736644744873 22.1690120697021 22.3671970367432 22.483907699585 22.5179042816162 22.9266910552979 23.3637771606445 23.7129802703857 24.1332054138184
28.0294609069824 28.2343044281006 28.3879661560059 28.6606292724609 28.8175735473633 28.8273086547852 28.9879302978516 28.8251495361328 28.4248008728027 27.914623260498 27.4152278900146 26.5402717590332 24.9522609710693 22.2794704437256 21.5066261291504 22.0573997497559 22.3558101654053 22.8118114471436 22.4346599578857 21.3793525695801 20.2980518341064 19.3719501495361 18.8355731964111 18.5376243591309 18.3596782684326 18.3095607757568 17.9606170654297 17.9724884033203 17.9928436279297 18.0212097167969 17.977897644043 18.2442455291748 18.8494548797607 19.4698162078857 19.9946517944336 20.7971515655518 21.2316036224365 21.5997695922852 21.7680511474609 21.9212341308594 21.9340000152588 21.9704246520996 22.3447589874268 22.7139110565186 23.2038307189941 23.5703678131104 23.9351787567139
27.2295379638672 27.1808738708496 27.286060333252 27.3213024139404 27.6267566680908 27.8921298980713 27.8758430480957 27.8318309783936 27.7014675140381 27.5274066925049 27.1569271087646 26.6525077819824 25.6590805053711 23.3616542816162 21.6200046539307 20.1931495666504 20.0545635223389 20.453182220459 20.7211303710938 20.2934303283691 19.2597980499268 18.9886531829834 18.6855373382568 18.4012966156006 18.2824077606201 18.1848926544189 17.849157333374 17.8755168914795 17.9172821044922 17.9394226074219 17.6913032531738 17.7220802307129 18.2630844116211 18.9361610412598 19.45068359375 19.9844932556152 20.4211406707764 20.8378868103027 21.1775245666504 21.3232841491699 21.4214324951172 21.6782569885254 21.9425888061523 22.3653697967529 22.8416633605957 23.2271118164062 23.5633850097656
26.8993053436279 26.7389354705811 26.7251148223877 26.8305931091309 26.8635425567627 26.8128681182861 26.7983646392822 26.8129348754883 26.8687782287598 26.9370040893555 26.3846797943115 25.9737071990967 25.0651512145996 23.6135444641113 21.5802383422852 19.8773670196533 19.1822719573975 19.2431659698486 19.5333938598633 19.0469284057617 19.0384693145752 18.6485900878906 18.2869148254395 18.2196979522705 18.1668510437012 18.0060653686523 17.7113647460938 17.7231826782227 17.7749137878418 17.8316249847412 17.609842300415 17.5831527709961 17.6431694030762 17.9123554229736 18.4359722137451 18.8495635986328 19.1332015991211 19.6843109130859 20.2214050292969 20.5028400421143 20.7128448486328 21.1143131256104 21.4927139282227 21.84716796875 22.0245552062988 22.5194873809814 22.8321056365967
