Ecospace-environmental-drivers/Outputs/ASCII-for-ecospace/Temp-avg/Temp-avg_X2019.10.asc
NCOLS 131 
NROWS 53 
XLLCORNER -98 
YLLCORNER 23.9265270233154 
CELLSIZE 0.133587792515755 
NODATA_value -3.4e+38 
[rows 21 to 41 of 53, columns 0 to 46 of 131]
-3.4e+38 -3.4e+38 -3.4e+38 -3.4e+38 -3.4e+38 -3.4e+38 26.7057361602783 26.6718902587891 26.6605930328369 26.3709621429443 26.8048076629639 26.935037612915 27.017993927002 27.1721649169922 27.3242454528809 27.4868106842041 27.6598033905029 27.8061637878418 27.8915023803711 27.9499359130859 27.9945392608643 28.0092144012451 28.0061054229736 28.0258560180664 28.0542755126953 28.0782566070557 28.0658378601074 28.0342235565186 27.9957237243652 27.9078197479248 27.8342227935791 27.722599029541 27.7385406494141 27.6590976715088 27.5578632354736 27.4170742034912 27.2962684631348 27.3417835235596 27.3175716400146 27.2285232543945 27.2287521362305 27.2857418060303 27.2513866424561 27.2265949249268 27.2268943786621 27.3095302581787 27.2604370117188
-3.4e+38 -3.4e+38 -3.4e+38 -3.4e+38 -3.4e+38 -3.4e+38 26.6616096496582 26.7837066650391 26.6718902587891 26.9389247894287 27.0239086151123 27.1314163208008 27.3369922637939 27.5576934814453 27.7124290466309 27.8118228912354 27.9181976318359 27.9632434844971 27.9722309112549 28.0040874481201 27.9093399047852 27.7388210296631 27.5377197265625 27.4954261779785 27.6053409576416 27.6223258972168 27.5376625061035 27.4118671417236 27.4921855926514 27.5122013092041 27.494327545166 27.3365383148193 27.1859855651855 27.1137142181396 26.9444599151611 26.9079704284668 26.8566303253174 26.8197784423828 26.78297996521 26.5889835357666 26.6462726593018 26.7152843475342 26.4500865936279 26.5370044708252 26.5302467346191 26.5712203979492 26.5782432556152
-3.4e+38 -3.4e+38 -3.4e+38 -3.4e+38 26.6575736999512 26.6840934753418 26.801570892334 26.6616096496582 27.0176181793213 27.1059913635254 27.2505035400391 27.4862632751465 27.7146873474121 27.9219570159912 27.9782466888428 28.0224113464355 28.0381488800049 28.0367183685303 27.9465026855469 27.4551525115967 26.9048919677734 26.4520130157471 26.0755367279053 25.7724952697754 25.8945178985596 25.728874206543 25.7986087799072 26.0183753967285 26.3876781463623 26.2940406799316 26.5987701416016 26.6766471862793 26.6880702972412 26.3164653778076 26.6784362792969 26.4878215789795 26.2060298919678 26.2012481689453 25.912561416626 24.9298801422119 25.210090637207 25.1746139526367 25.7712879180908 25.2906055450439 25.5989170074463 25.6869964599609 25.8323802947998
-3.4e+38 -3.4e+38 -3.4e+38 -3.4e+38 26.5575389862061 26.731086730957 26.6840934753418 27.059009552002 27.2094879150391 27.3240528106689 27.564697265625 27.7715339660645 27.914041519165 27.9105663299561 27.7228298187256 27.6669387817383 27.4257869720459 26.6480770111084 26.0936241149902 25.2648849487305 24.3149452209473 23.7255344390869 23.8461570739746 23.8750553131104 24.0324573516846 24.0138359069824 24.3331203460693 24.0634632110596 24.376594543457 24.2499923706055 24.5775241851807 25.2298679351807 25.4439010620117 25.6346244812012 25.9821472167969 25.8539638519287 26.0853862762451 25.7240371704102 24.8347873687744 23.5550518035889 23.7735939025879 23.9465026855469 24.1018867492676 23.8702220916748 23.6185569763184 23.89235496521 23.442928314209
-3.4e+38 -3.4e+38 -3.4e+38 -3.4e+38 -3.4e+38 26.5575389862061 26.9516296386719 27.2784576416016 27.3809185028076 27.5990371704102 27.8073635101318 27.9026641845703 27.7815589904785 27.3532886505127 26.9895973205566 26.4123802185059 25.223030090332 23.9074840545654 23.5252418518066 22.929967880249 22.2289733886719 22.0422782897949 22.206859588623 22.3619976043701 22.7126579284668 22.509937286377 22.6981182098389 22.7766895294189 22.5787010192871 22.5654411315918 22.7258224487305 23.3250274658203 23.7036457061768 24.6383361816406 24.6658687591553 24.8459701538086 24.6935405731201 23.8096790313721 22.6492900848389 22.5434017181396 23.1242408752441 22.9334926605225 22.6257400512695 22.5996627807617 22.5877685546875 22.8278141021729 22.4589080810547
-3.4e+38 -3.4e+38 -3.4e+38 -3.4e+38 -3.4e+38 26.7902641296387 27.2455673217773 27.4292278289795 27.5654144287109 27.8341464996338 27.9963321685791 27.78466796875 27.3071136474609 26.749002456665 26.0522232055664 25.069652557373 23.5609226226807 22.5232963562012 22.2406806945801 21.642162322998 21.1221694946289 21.0759391784668 21.1275691986084 21.4966640472412 21.3112106323242 21.4913444519043 21.3812122344971 21.1136779785156 21.5210762023926 21.0798931121826 21.8159847259521 22.4481678009033 23.1046848297119 23.3523578643799 22.9799060821533 23.2060012817383 22.8993186950684 22.0484027862549 21.8051643371582 21.5358695983887 22.0677967071533 21.5755653381348 22.0138626098633 22.1368541717529 22.1858386993408 22.2259483337402 21.5103588104248
-3.4e+38 -3.4e+38 25.2783946990967 25.6250801086426 26.468074798584 27.0626010894775 27.4025192260742 27.5548896789551 27.735221862793 27.983362197876 27.9785804748535 27.3979930877686 26.8492431640625 26.0491275787354 24.7838230133057 24.0323524475098 22.9039173126221 21.6904621124268 21.1535682678223 21.0174865722656 20.932580947876 20.8665866851807 20.8252735137939 20.8336639404297 20.8938331604004 21.005880355835 20.7069492340088 20.6617031097412 20.7372169494629 20.9937591552734 21.6209316253662 21.8599662780762 22.0680313110352 22.0749855041504 22.0815868377686 21.8836917877197 21.7642993927002 21.7306041717529 21.4423503875732 21.2034435272217 21.3341999053955 21.1990852355957 21.0882396697998 21.0532760620117 21.3179626464844 21.3634834289551 21.0510959625244
-339999999999999996128486808808066248288.000000000000000 -3.4e+38 -3.4e+38 -3.4e+38 25.9717655181885 27.2373466491699 27.5032558441162 27.6574592590332 27.8682270050049 28.0554389953613 27.7314167022705 27.0820941925049 26.2167110443115 24.8075180053711 24.047981262207 23.4078826904297 22.1730556488037 21.4222984313965 21.1864585876465 21.0573902130127 21.0306835174561 20.8646583557129 20.7971706390381 20.8168601989746 20.9793586730957 21.0406093597412 20.7895183563232 20.9266262054443 20.599645614624 20.8485164642334 21.1199645996094 20.9547958374023 21.5045795440674 21.6656227111816 21.591646194458 21.3615474700928 21.1730861663818 21.0069026947021 21.0262317657471 20.9497318267822 20.7783851623535 20.7947883605957 20.6824951171875 20.7372245788574 20.7232627868652 20.8074207305908 20.9044017791748
-3.4e+38 -3.4e+38 -3.4e+38 -3.4e+38 26.1150093078613 27.4097023010254 27.579122543335 27.7364082336426 27.9772911071777 28.0975875854492 27.5656833648682 26.8226070404053 25.5495510101318 24.1562519073486 23.3039150238037 22.6632480621338 22.3123645782471 21.6989135742188 21.2873916625977 21.2228736877441 20.8845500946045 20.6072196960449 20.5250072479248 20.5012836456299 20.5987491607666 20.8463439941406 20.6692008972168 20.6427211761475 20.4290676116943 20.9102687835693 20.9353561401367 20.8622169494629 20.6450099945068 20.8321285247803 20.7304878234863 20.3519630432129 20.5346870422363 20.5443515777588 20.5247268676758 20.5242595672607 20.5918731689453 20.6111469268799 20.5192642211914 20.3667640686035 20.6323051452637 20.4792022705078 20.5745887756348
-3.4e+38 -3.4e+38 -3.4e+38 -3.4e+38 26.2367343902588 27.4984741210938 27.6266784667969 27.776834487915 28.0088882446289 28.0684642791748 27.4596614837646 26.4649200439453 24.6557159423828 23.7636795043945 22.814037322998 22.4070377349854 21.7943286895752 21.5029907226562 20.88547706604 20.8066539764404 20.5218715667725 20.5559997558594 20.5704383850098 20.5364570617676 20.399227142334 20.6427536010742 20.858039855957 20.3270378112793 20.2854232788086 20.5280952453613 20.8589496612549 20.5554027557373 20.41921043396 20.4314842224121 20.301549911499 20.2807197570801 20.316032409668 20.4122009277344 20.4211883544922 20.5333271026611 20.4434394836426 20.3861713409424 20.3028450012207 20.4400539398193 20.4125499725342 20.5071907043457 20.6110801696777
-3.4e+38 -3.4e+38 -3.4e+38 -3.4e+38 26.2268905639648 27.5217704772949 27.682897567749 27.7752857208252 28.0259304046631 28.0993728637695 27.4818592071533 26.4733734130859 24.5470504760742 23.6353416442871 22.5077571868896 21.4751358032227 21.2328929901123 21.1048736572266 20.8495407104492 20.4506759643555 20.3176116943359 20.2352447509766 20.445240020752 20.4925498962402 20.4916801452637 20.6431255340576 20.9997749328613 20.8407192230225 20.3866405487061 20.4728527069092 20.2392082214355 20.1405467987061 20.2492198944092 20.1850833892822 20.2121429443359 20.235372543335 20.2647914886475 20.2703189849854 20.1090316772461 20.0563411712646 20.1679592132568 20.2609596252441 20.3151721954346 20.3580513000488 20.4474411010742 20.5560417175293 20.671422958374
-3.4e+38 -3.4e+38 -3.4e+38 -3.4e+38 26.0187950134277 27.4587593078613 27.7506828308105 27.764928817749 27.9974365234375 28.1914691925049 27.8507556915283 27.0765953063965 24.9865303039551 23.4419975280762 22.4203567504883 21.2560596466064 20.8509674072266 20.8567752838135 20.7747364044189 20.3499641418457 20.2864570617676 20.2043361663818 20.123706817627 20.105354309082 20.5723323822021 20.5919494628906 20.5748195648193 20.526948928833 20.4545078277588 20.3841686248779 20.0296516418457 20.2127380371094 20.143253326416 19.8415699005127 19.6837272644043 19.8419208526611 19.791597366333 19.8320789337158 19.9019680023193 20.0076179504395 20.137601852417 20.2611808776855 20.0053043365479 20.3889751434326 20.4828910827637 20.5989208221436 20.7325553894043
-3.4e+38 -3.4e+38 -3.4e+38 -3.4e+38 25.8915576934814 27.1188774108887 27.7778854370117 27.7729911804199 27.9059314727783 28.1732482910156 28.197151184082 27.7022666931152 25.871395111084 23.2495193481445 21.9009265899658 21.2659435272217 20.8664474487305 20.7907772064209 20.5106735229492 20.2872657775879 20.2275295257568 20.1570491790771 20.0999908447266 20.0914134979248 20.0656433105469 19.7894554138184 19.796012878418 19.9918060302734 19.9335498809814 19.921854019165 19.802827835083 19.8984088897705 19.6812648773193 19.5304317474365 19.5475177764893 19.6145496368408 19.7003421783447 19.7706184387207 19.8426456451416 19.77805519104 20.0751209259033 20.1419925689697 19.9993476867676 19.9624443054199 20.248722076416 20.6410160064697 20.650899887085
-3.4e+38 -3.4e+38 -3.4e+38 -3.4e+38 -3.4e+38 27.5889415740967 27.7461090087891 27.8043174743652 27.8677749633789 28.1135997772217 28.3151664733887 28.1394062042236 26.7843284606934 23.4628391265869 21.9195785522461 21.2266407012939 20.874153137207 20.7030601501465 20.425365447998 20.1979789733887 20.1591415405273 20.1157264709473 20.0822067260742 20.069149017334 20.0101470947266 19.5280361175537 19.6028461456299 19.9127559661865 19.8349056243896 19.7407264709473 19.6263027191162 19.5298519134521 19.459300994873 19.4032859802246 19.2541675567627 19.4969692230225 19.6427478790283 19.7226543426514 19.7919807434082 19.90700340271 19.9195079803467 19.8931179046631 19.9978923797607 20.3777313232422 20.1875762939453 20.307933807373 20.375617980957
-3.4e+38 -3.4e+38 -3.4e+38 -3.4e+38 -3.4e+38 25.8387451171875 27.6809368133545 27.8273468017578 27.9023666381836 28.1191844940186 28.3016262054443 28.2575244903564 26.8750972747803 23.6176815032959 22.1104774475098 21.1539745330811 21.0098533630371 20.6054058074951 20.3158798217773 20.0899963378906 20.0608654022217 19.9906196594238 19.704647064209 19.7730960845947 19.5730476379395 19.0871906280518 19.1820163726807 19.395580291748 19.3085289001465 19.4565658569336 19.5003929138184 19.4189281463623 19.3631591796875 19.3115367889404 18.7640895843506 19.0510902404785 19.501501083374 19.6548252105713 19.7378387451172 19.8701667785645 20.0215282440186 19.7871055603027 19.8426399230957 20.0791358947754 20.2217063903809 20.2604808807373 20.413387298584
-3.4e+38 -3.4e+38 -3.4e+38 -3.4e+38 -3.4e+38 25.8502826690674 27.4761753082275 27.8423767089844 27.9366092681885 28.1306991577148 28.2907257080078 28.1944675445557 26.4406852722168 23.2776947021484 21.7639808654785 21.0580711364746 21.0158042907715 20.8170051574707 20.0948104858398 19.9794654846191 19.9446868896484 19.6919746398926 19.4291286468506 19.1637630462646 18.9406642913818 18.9020385742188 18.8663291931152 18.8598308563232 18.8228206634521 18.646598815918 18.5711154937744 18.5284633636475 18.6482429504395 18.6628971099854 18.456241607666 18.5898265838623 18.9545650482178 19.2849254608154 19.3024845123291 19.4651966094971 19.5466327667236 19.6790447235107 19.8173160552979 19.9569396972656 20.1193523406982 20.2798919677734 20.4115562438965
-3.4e+38 -3.4e+38 -3.4e+38 -3.4e+38 -3.4e+38 -3.4e+38 27.6816349029541 27.8758411407471 27.9729900360107 28.154088973999 28.2923030853271 28.0658302307129 26.4424858093262 23.4554405212402 21.7271938323975 21.0284061431885 21.284553527832 20.7256355285645 19.8990821838379 19.8023662567139 19.7500076293945 19.4587650299072 19.1193084716797 18.8170127868652 18.5632381439209 18.5236301422119 18.6189479827881 18.415657043457 18.2606430053711 18.2245998382568 18.1851043701172 18.1412410736084 18.1091346740723 18.1151599884033 18.1489486694336 18.1962547302246 18.3110408782959 18.6931018829346 19.0497570037842 19.2961044311523 19.5080833435059 19.643518447876 19.7915897369385 19.9207801818848 20.0097942352295 20.2534027099609 20.4887714385986
-3.4e+38 -3.4e+38 -3.4e+38 -3.4e+38 -3.4e+38 -3.4e+38 27.7495765686035 27.9570369720459 28.045825958252 28.2337226867676 28.277587890625 27.8073272705078 26.0509395599365 23.5145282745361 21.9495639801025 21.2354354858398 21.3619441986084 20.7261161804199 19.8328247070312 19.612850189209 19.2410221099854 19.0236988067627 18.7429370880127 18.533411026001 18.3079376220703 18.2858600616455 18.2570934295654 18.2295722961426 18.2054214477539 18.1773471832275 18.1574592590332 18.1327857971191 18.1183280944824 18.1196975708008 18.1410942077637 18.1766967773438 18.2336368560791 18.3098125457764 18.421142578125 18.7222442626953 19.085880279541 19.3227863311768 19.5219306945801 19.5378494262695 19.7053699493408 19.9370517730713 20.3176746368408
-3.4e+38 -3.4e+38 -3.4e+38 -3.4e+38 -3.4e+38 -3.4e+38 27.7638664245605 28.0488529205322 28.1732692718506 28.3305397033691 28.1958389282227 27.5145244598389 25.7882823944092 23.0041770935059 21.5804004669189 20.8139305114746 20.9620914459229 20.3435859680176 19.8022632598877 19.3288726806641 18.9030895233154 18.601053237915 18.3676300048828 18.2726249694824 18.2421474456787 18.2244033813477 18.2163505554199 18.2164897918701 18.2059116363525 18.1873588562012 18.1733989715576 18.1690807342529 18.1680946350098 18.173770904541 18.1815795898438 18.188850402832 18.2184677124023 18.2832851409912 18.3838901519775 18.5283699035645 18.6696758270264 18.8446407318115 19.0502433776855 19.3970336914062 19.5572414398193 19.6230964660645 19.8138484954834
-3.4e+38 -3.4e+38 -3.4e+38 -3.4e+38 -3.4e+38 27.5041275024414 27.9680423736572 28.1559028625488 28.2938690185547 28.3929882049561 28.0727252960205 27.1798973083496 25.3135814666748 22.3370475769043 20.9041919708252 20.4883804321289 20.4431266784668 20.1681327819824 19.7483043670654 19.2372264862061 18.7105617523193 18.288293838501 18.1891307830811 18.2017917633057 18.2151622772217 18.2202453613281 18.2235984802246 18.2274322509766 18.2380847930908 18.2354774475098 18.2330856323242 18.2335624694824 18.2351760864258 18.238374710083 18.2346115112305 18.2341632843018 18.2495498657227 18.2945728302002 18.3837738037109 18.514232635498 18.6676788330078 18.8216857910156 18.9784774780273 19.1750240325928 19.3916435241699 19.6078567504883 19.7969551086426
-3.4e+38 -3.4e+38 -3.4e+38 -3.4e+38 27.5046081542969 27.6667327880859 28.1403942108154 28.2665843963623 28.4026412963867 28.3967132568359 27.7030944824219 26.7642402648926 24.473705291748 21.7652282714844 20.7100677490234 20.4388275146484 20.3056049346924 19.937463760376 19.4609107971191 19.1001281738281 18.384391784668 18.1260089874268 18.1671104431152 18.2048015594482 18.2246284484863 18.2395362854004 18.2615871429443 18.2805633544922 18.2951374053955 18.31005859375 18.3163681030273 18.3192710876465 18.3189907073975 18.3097743988037 18.2797355651855 18.283317565918 18.3073959350586 18.3473873138428 18.41721534729 18.5257167816162 18.6792526245117 18.8556995391846 19.0365257263184 19.2391929626465 19.4599552154541 19.6763877868652 19.8656673431396
