Ecospace-environmental-drivers/Outputs/ASCII-for-ecospace/Temp-avg/Temp-avg_X1999.06.asc
NCOLS 131 
NROWS 53 
XLLCORNER -98 
YLLCORNER 23.9265270233154 
CELLSIZE 0.133587792515755 
NODATA_value -3.4e+38 
[rows 21 to 41 of 53, columns 47 to 93 of 131]
25.4263610839844 25.2486572265625 25.250638961792 25.2653980255127 25.3009738922119 25.4502906799316 25.2885799407959 25.3204040527344 25.3346729278564 24.8513278961182 24.1074295043945 23.7657680511475 22.9780883789062 21.8933658599854 21.2428455352783 20.3151149749756 19.3108940124512 19.1703720092773 19.4150295257568 19.418737411499 19.1603736877441 18.946720123291 18.89626121521 18.9672565460205 18.7921333312988 18.6272888183594 18.6337051391602 18.6314888000488 18.5504360198975 18.2950286865234 18.2625045776367 18.2870292663574 18.3303394317627 18.3981056213379 18.4654903411865 18.5349197387695 18.7200336456299 19.157808303833 20.2143383026123 20.9070262908936 21.2297668457031 21.4652061462402 21.7848320007324 22.162618637085 22.5187015533447 22.7574996948242 23.002010345459
24.7549152374268 24.6468276977539 24.6512680053711 24.6423492431641 24.7837429046631 24.6122074127197 23.8210334777832 24.1523361206055 23.6989059448242 22.8374481201172 22.3528499603271 21.990535736084 21.7465534210205 21.1513175964355 20.537727355957 20.2971839904785 19.3659343719482 19.2548809051514 19.0513458251953 19.2276344299316 19.1897525787354 18.9176235198975 18.8790893554688 18.621280670166 18.5759754180908 18.599967956543 18.622465133667 18.655294418335 18.468957901001 18.2866744995117 18.3126659393311 18.3650302886963 18.4292106628418 18.4952392578125 18.5699710845947 18.6408138275146 18.6952171325684 18.7400569915771 18.8225746154785 19.2015018463135 19.6846504211426 20.0442905426025 20.4545516967773 21.1159229278564 21.6585521697998 22.010311126709 22.3893032073975
23.5280818939209 23.3650493621826 23.5929622650146 23.1058883666992 22.7089309692383 22.2920455932617 22.3881492614746 21.8431243896484 21.3097877502441 21.1001949310303 21.1258335113525 21.4157981872559 20.8654670715332 20.4317321777344 19.7922668457031 19.5686702728271 19.4041404724121 19.1535987854004 19.0898818969727 19.1880779266357 19.2648677825928 19.0508365631104 18.9209613800049 18.5705986022949 18.5964088439941 18.6167488098145 18.6555995941162 18.6580657958984 18.3610191345215 18.364013671875 18.4078540802002 18.4901943206787 18.581428527832 18.6708030700684 18.7449703216553 18.8096542358398 18.8541202545166 18.817985534668 18.5324096679688 18.5462436676025 18.5637283325195 18.574462890625 18.945161819458 19.6362762451172 20.4417400360107 21.3108024597168 21.7776165008545
21.6675510406494 21.6691093444824 21.2531414031982 21.5272331237793 21.3641109466553 21.1173133850098 20.6562652587891 20.4158744812012 20.0256195068359 20.4232273101807 20.4305839538574 20.6302795410156 20.0253849029541 19.7600784301758 19.6274585723877 19.5541687011719 19.2582454681396 19.2085399627686 19.1784210205078 19.0518226623535 19.030668258667 19.033597946167 19.0362815856934 18.7743892669678 18.6784267425537 18.6614990234375 18.4465312957764 18.4203605651855 18.4616947174072 18.5335159301758 18.6293563842773 18.7255668640137 18.8128528594971 18.8906745910645 18.7134799957275 18.6890525817871 18.6572551727295 18.6897125244141 18.6556644439697 18.6593341827393 18.6414051055908 18.6054286956787 18.5551948547363 18.5946464538574 19.119815826416 20.0528678894043 21.0020503997803
20.6606140136719 20.4567527770996 20.3452892303467 20.1476287841797 19.8959217071533 20.2708549499512 19.6921539306641 19.9211959838867 19.6700344085693 19.7986793518066 19.7858009338379 19.8039951324463 19.794641494751 19.7665157318115 19.7423915863037 19.4418430328369 19.0780162811279 19.0452404022217 19.0458126068115 19.0159664154053 19.09401512146 19.1660308837891 19.2265644073486 19.2343921661377 18.9094562530518 18.9174098968506 18.9086723327637 18.6898612976074 18.7361888885498 18.8230438232422 18.9255104064941 19.0127105712891 19.0921516418457 19.077880859375 18.8090476989746 18.8272686004639 18.8271827697754 18.8267421722412 18.8180503845215 18.806848526001 18.7764778137207 18.7294654846191 18.6663227081299 18.5874099731445 18.5102405548096 18.9016036987305 20.0118103027344
19.8213920593262 19.8691558837891 19.8059005737305 19.2613506317139 19.3652477264404 19.5734767913818 19.6021995544434 19.4167079925537 19.739709854126 19.7066783905029 19.872407913208 19.8233127593994 19.9267654418945 19.6480693817139 19.3777141571045 19.0713233947754 19.0152397155762 19.0435352325439 19.107702255249 19.2029857635498 19.2888412475586 19.3662624359131 19.1101169586182 19.1104640960693 19.1797771453857 19.2759284973145 19.3634586334229 19.1845893859863 19.1304359436035 19.2180633544922 19.3013725280762 19.3755226135254 19.4302921295166 19.2106552124023 19.0937461853027 19.0985851287842 19.0781021118164 19.0565700531006 19.0145282745361 18.9711837768555 18.9141139984131 18.8514099121094 18.7732696533203 18.6832752227783 18.5883407592773 18.4974517822266 19.1849269866943
19.4591979980469 19.4448833465576 19.1859493255615 18.9088191986084 19.0545310974121 19.1266326904297 19.1367645263672 19.4602298736572 19.6198558807373 19.4876022338867 19.556941986084 19.6047306060791 19.6180801391602 19.4613971710205 19.0662670135498 18.9635524749756 18.7960968017578 18.8391132354736 19.0754928588867 19.2444915771484 19.4938335418701 19.23046875 19.2590885162354 19.3865814208984 19.5126419067383 19.6346530914307 19.7539005279541 19.518970489502 19.5579872131348 19.6452865600586 19.7114696502686 19.7576179504395 19.7959327697754 19.8268299102783 19.7031497955322 19.4145793914795 19.3865509033203 19.3393611907959 19.2743072509766 19.1757259368896 19.0766201019287 18.9835071563721 18.8825187683105 18.7760848999023 18.6642284393311 18.543025970459 18.6953735351562
19.3013191223145 19.0118637084961 18.772554397583 18.9448833465576 18.9507789611816 18.7269287109375 18.8828887939453 19.2603168487549 19.3451290130615 19.5194816589355 19.4892063140869 19.3056488037109 19.0751399993896 18.981502532959 18.9017238616943 18.9548816680908 19.0018291473389 19.0454730987549 19.0916137695312 19.1676425933838 19.2857570648193 19.4186973571777 19.5759048461914 19.7250480651855 19.8218898773193 19.7674407958984 19.7636775970459 19.8695125579834 19.9559764862061 20.0339870452881 20.1045608520508 20.1536273956299 20.1856384277344 20.1945762634277 20.075813293457 19.9869766235352 19.6958999633789 19.6156139373779 19.5390090942383 19.4228496551514 19.2855472564697 19.135913848877 19.0077571868896 18.8647117614746 18.7228488922119 18.5827236175537 18.4563407897949
18.8672428131104 18.8164768218994 18.7893657684326 18.7437362670898 18.7265281677246 18.7445697784424 18.8005542755127 18.8936214447021 18.9798717498779 19.0319881439209 18.8358058929443 18.8178100585938 18.8796062469482 18.9207820892334 18.9802551269531 19.0508117675781 19.0979537963867 19.1400260925293 19.233980178833 19.3630809783936 19.5203094482422 19.7089805603027 19.8905181884766 20.0820865631104 19.9115753173828 19.9824619293213 20.1195526123047 20.236665725708 20.3375720977783 20.4175548553467 20.4752101898193 20.5035991668701 20.5119915008545 20.4989757537842 20.4782619476318 20.4289855957031 20.0073318481445 19.8536891937256 19.7560138702393 19.6405735015869 19.4974670410156 19.3143882751465 19.1337871551514 18.9526348114014 18.7757129669189 18.6086368560791 18.4330177307129
18.7666282653809 18.739673614502 18.4455871582031 18.4862155914307 18.7478179931641 18.677360534668 18.8402481079102 18.8936443328857 18.942195892334 18.6935405731201 18.6855087280273 18.6668663024902 18.6181335449219 18.8011913299561 18.8796558380127 18.9631576538086 18.8573322296143 18.8708610534668 19.0216770172119 19.3660297393799 19.7996501922607 19.9994087219238 20.215461730957 20.4277744293213 20.2407360076904 20.3074436187744 20.44553565979 20.5706958770752 20.67409324646 20.746187210083 20.7906227111816 20.8024864196777 20.7985496520996 20.775899887085 20.7407512664795 20.6877288818359 20.2888298034668 20.0692157745361 19.9451637268066 19.8067016601562 19.6493129730225 19.4544906616211 19.2392883300781 19.0204944610596 18.8170528411865 18.6161823272705 18.4195213317871
18.4422512054443 18.7189807891846 18.5553798675537 18.5728912353516 18.8191967010498 18.8506126403809 18.8716621398926 18.8985710144043 18.8888206481934 18.5530948638916 18.4834785461426 18.3368492126465 18.4244365692139 18.5288753509521 18.6451587677002 18.7642364501953 18.8879947662354 19.014928817749 19.202392578125 19.4296169281006 19.8669891357422 20.2779560089111 20.5197696685791 20.7230682373047 20.6475811004639 20.6082191467285 20.7523307800293 20.8769149780273 20.9698352813721 21.0317821502686 21.0567321777344 21.070068359375 21.0603637695312 21.0249404907227 20.9689083099365 20.8974132537842 20.444580078125 20.2587738037109 20.1165180206299 19.9500217437744 19.7695999145508 19.5644569396973 19.3193740844727 19.0643615722656 18.8325901031494 18.6081695556641 18.3936405181885
18.6743221282959 18.7109107971191 18.7272682189941 18.4962387084961 18.8291759490967 18.5880012512207 18.4697875976562 18.4808750152588 18.5042152404785 18.2080497741699 18.2109279632568 18.2956790924072 18.4153003692627 18.5602569580078 18.7207584381104 18.8590450286865 19.010814666748 19.206262588501 19.4377975463867 19.6632976531982 19.8874568939209 20.2846279144287 20.7812976837158 20.9735260009766 21.018533706665 20.8819942474365 21.0268402099609 21.1587181091309 21.2514915466309 21.3033885955811 21.3279781341553 21.3236389160156 21.3055324554443 21.2540245056152 21.1817455291748 21.0809192657471 20.5962619781494 20.3956317901611 20.2448272705078 20.0687351226807 19.8692092895508 19.64870262146 19.3741283416748 19.0943813323975 18.8289737701416 18.5854663848877 18.3641338348389
18.2945899963379 18.2531051635742 18.2330532073975 18.2992076873779 18.4474620819092 18.3729667663574 18.3173484802246 18.182430267334 18.0034065246582 18.0617198944092 18.1550350189209 18.282283782959 18.4372806549072 18.6087093353271 18.7894420623779 18.9676189422607 19.1825866699219 19.423002243042 19.6383609771729 19.8732528686523 20.1147747039795 20.3502426147461 20.6346817016602 20.8570404052734 20.9974708557129 21.1514415740967 21.2905921936035 21.4112720489502 21.4875984191895 21.5479297637939 21.5740337371826 21.5680847167969 21.5255718231201 21.4594402313232 21.3627281188965 21.0525531768799 20.6540203094482 20.504077911377 20.3314247131348 20.1470165252686 19.9351634979248 19.6940078735352 19.398193359375 19.0966720581055 18.8090286254883 18.5532779693604 18.3302783966064
18.0607986450195 18.0702991485596 18.0853977203369 18.11745262146 18.1912479400635 18.2418422698975 17.9491424560547 17.8417816162109 17.9069519042969 17.9486961364746 17.8449401855469 17.9036674499512 18.1889629364014 18.3237533569336 18.5568008422852 18.9434967041016 19.2853736877441 19.5753383636475 19.8111572265625 20.0644912719727 20.3036594390869 20.5296993255615 20.7514953613281 20.9643402099609 21.1658992767334 21.3462505340576 21.4966735839844 21.6066989898682 21.6901264190674 21.7458896636963 21.7564220428467 21.7120990753174 21.5611057281494 21.3418960571289 21.0976104736328 20.8972949981689 20.7460765838623 20.5812397003174 20.3859424591064 20.1879119873047 19.9661693572998 19.7031059265137 19.3961505889893 19.0719871520996 18.7708702087402 18.5156517028809 18.2931137084961
17.8776569366455 17.8995380401611 17.9375228881836 17.9873390197754 18.0703163146973 18.1385440826416 17.5566253662109 17.4731845855713 17.536319732666 17.6167182922363 17.7541484832764 17.9202251434326 18.117467880249 18.3427562713623 18.5966129302979 18.842887878418 19.0863609313965 19.3131256103516 19.7288799285889 20.2151775360107 20.4443893432617 20.6652545928955 20.8853015899658 21.0866088867188 21.2973937988281 21.4794139862061 21.6286144256592 21.744930267334 21.8251647949219 21.8674869537354 21.7299823760986 21.4179267883301 21.3450355529785 21.244010925293 21.121898651123 20.967113494873 20.7911205291748 20.6181697845459 20.4106674194336 20.1985054016113 19.9556484222412 19.6754722595215 19.3570404052734 19.0164985656738 18.7194995880127 18.4713249206543 18.2404861450195
17.7277507781982 17.788553237915 17.8450927734375 17.7838611602783 17.7654933929443 17.4985637664795 17.4145526885986 17.4627990722656 17.5296115875244 17.6298942565918 17.7735404968262 17.9494647979736 18.1753845214844 18.4262733459473 18.6918830871582 18.9381732940674 19.1467323303223 19.3885860443115 19.6401691436768 19.9436283111572 20.3857307434082 20.7368068695068 20.9410495758057 21.1371669769287 21.3536491394043 21.5276908874512 21.6763744354248 21.7947635650635 21.8538341522217 21.7164783477783 21.4889335632324 21.4574394226074 21.4030494689941 21.2854175567627 21.1451988220215 20.9744091033936 20.7908267974854 20.606782913208 20.3913536071777 20.1634464263916 19.9018325805664 19.6133651733398 19.2778701782227 18.9422149658203 18.6558647155762 18.3921279907227 18.1590347290039
17.6431922912598 17.7104434967041 17.4973163604736 17.1919898986816 17.2327156066895 17.3264694213867 17.4071426391602 17.4895896911621 17.5668201446533 17.6654777526855 17.8002815246582 17.9916934967041 18.2271461486816 18.4971218109131 18.7600059509277 18.9734554290771 19.1980304718018 19.448709487915 19.6823177337646 19.9106330871582 20.1197967529297 20.4106578826904 20.7883396148682 20.8536415100098 21.0597076416016 21.3017978668213 21.364652633667 21.4724025726318 21.4476470947266 21.4517154693604 21.4556484222412 21.4343070983887 21.3810405731201 21.2594356536865 21.1056137084961 20.9412269592285 20.7560501098633 20.55495262146 20.33669090271 20.0921611785889 19.8329925537109 19.5293464660645 19.1803722381592 18.8624038696289 18.5660762786865 18.3029136657715 18.1247482299805
17.4540786743164 17.3477458953857 17.1274948120117 17.1528015136719 17.2363014221191 17.3281497955322 17.4182929992676 17.5126419067383 17.5959014892578 17.6783714294434 17.8229465484619 18.015682220459 18.2621307373047 18.5008716583252 18.7542762756348 18.9856700897217 19.2201614379883 19.4596099853516 19.6819286346436 19.8907623291016 20.092565536499 20.2687282562256 20.4462108612061 20.6350421905518 20.8243789672852 20.991340637207 21.1303482055664 21.2463912963867 21.3297882080078 21.3765182495117 21.3674144744873 21.3330211639404 21.2743892669678 21.1634426116943 21.0297336578369 20.862964630127 20.6705722808838 20.4735069274902 20.247049331665 20.0094223022461 19.7358837127686 19.4158153533936 19.0817165374756 18.769250869751 18.4553718566895 18.237247467041 18.0828018188477
16.9919662475586 17.0266189575195 17.1242256164551 17.1890735626221 17.2574672698975 17.3465175628662 17.4533157348633 17.546802520752 17.6189651489258 17.6965675354004 17.8510227203369 18.0508003234863 18.2351779937744 18.4623737335205 18.7176342010498 18.9605083465576 19.1901111602783 19.4222621917725 19.6249027252197 19.8208045959473 20.0150032043457 20.1738719940186 20.3495922088623 20.5317630767822 20.6979217529297 20.8574867248535 21.0020561218262 21.1121654510498 21.1860637664795 21.222038269043 21.220064163208 21.1896228790283 21.1213874816895 21.0281639099121 20.9069900512695 20.7445983886719 20.5658092498779 20.3656597137451 20.1439514160156 19.8940448760986 19.6031360626221 19.3050708770752 18.9780902862549 18.6597118377686 18.344554901123 18.1868057250977 18.044807434082
16.9602470397949 17.0597629547119 17.1639614105225 17.2326545715332 17.302547454834 17.3889503479004 17.4981460571289 17.5909557342529 17.6433715820312 17.7330551147461 17.8834285736084 18.03537940979 18.1945457458496 18.4102764129639 18.6541996002197 18.89768409729 19.1132049560547 19.329345703125 19.5241012573242 19.7141647338867 19.8873252868652 20.042236328125 20.2098007202148 20.3702926635742 20.53244972229 20.6789951324463 20.8096580505371 20.9104137420654 20.9808082580566 21.017707824707 21.0207252502441 20.9993095397949 20.947774887085 20.8626346588135 20.7488384246826 20.6068019866943 20.4439830780029 20.2479667663574 20.0274028778076 19.7617225646973 19.4760684967041 19.1849555969238 18.8606491088867 18.5382251739502 18.2674598693848 18.1339817047119 18.0274066925049
17.0340213775635 17.1258163452148 17.2273902893066 17.2902126312256 17.3596019744873 17.4491558074951 17.55588722229 17.638542175293 17.6833839416504 17.7719078063965 17.8893947601318 18.002368927002 18.1532917022705 18.3400382995605 18.5485992431641 18.7801303863525 18.9885807037354 19.2011947631836 19.3957862854004 19.5798320770264 19.7382774353027 19.8873176574707 20.0343112945557 20.169303894043 20.3117218017578 20.4503612518311 20.5614376068115 20.6505165100098 20.7255744934082 20.7690563201904 20.7913055419922 20.7859516143799 20.7500400543213 20.6697463989258 20.575065612793 20.4510021209717 20.2948722839355 20.1065044403076 19.8861865997314 19.6400718688965 19.3746070861816 19.0881767272949 18.7576885223389 18.431957244873 18.2291049957275 18.1016025543213 18.0117702484131
