Ecospace-environmental-drivers/Outputs/ASCII-for-ecospace/Temp-avg/Temp-avg_X2003.04.asc
NCOLS 131 
NROWS 53 
XLLCORNER -98 
YLLCORNER 23.9265270233154 
CELLSIZE 0.133587792515755 
NODATA_value -3.4e+38 
[rows 0 to 20 of 53, columns 47 to 93 of 131]
-3.4e+38 -3.4e+38 -3.4e+38 -3.4e+38 -3.4e+38 -3.4e+38 -3.4e+38 -3.4e+38 -3.4e+38 -3.4e+38 -3.4e+38 -3.4e+38 -3.4e+38 -3.4e+38 -3.4e+38 -3.4e+38 -3.4e+38 -3.4e+38 -3.4e+38 -3.4e+38 -3.4e+38 -3.4e+38 -3.4e+38 -3.4e+38 -3.4e+38 -3.4e+38 -3.4e+38 -3.4e+38 -3.4e+38 -3.4e+38 -3.4e+38 -3.4e+38 -3.4e+38 -3.4e+38 -3.4e+38 -3.4e+38 -3.4e+38 -3.4e+38 -3.4e+38 -3.4e+38 -3.4e+38 -3.4e+38 -3.4e+38 -3.4e+38 -3.4e+38 -3.4e+38 -3.4e+38
-3.4e+38 -3.4e+38 -3.4e+38 -3.4e+38 -3.4e+38 -3.4e+38 -3.4e+38 -3.4e+38 -3.4e+38 -3.4e+38 -3.4e+38 -3.4e+38 -3.4e+38 -3.4e+38 -3.4e+38 -3.4e+38 -3.4e+38 -3.4e+38 -3.4e+38 -3.4e+38 -3.4e+38 -3.4e+38 -3.4e+38 -3.4e+38 -3.4e+38 -3.4e+38 -3.4e+38 -3.4e+38 -3.4e+38 -3.4e+38 -3.4e+38 -3.4e+38 -3.4e+38 -3.4e+38 -3.4e+38 -3.4e+38 -3.4e+38 -3.4e+38 -3.4e+38 -3.4e+38 -3.4e+38 -3.4e+38 -3.4e+38 -3.4e+38 -3.4e+38 -3.4e+38 -3.4e+38
-3.4e+38 -3.4e+38 -3.4e+38 -3.4e+38 -3.4e+38 -3.4e+38 -3.4e+38 -3.4e+38 -3.4e+38 -3.4e+38 -3.4e+38 -3.4e+38 -3.4e+38 -3.4e+38 -3.4e+38 -3.4e+38 -3.4e+38 -3.4e+38 -3.4e+38 -3.4e+38 -3.4e+38 -3.4e+38 -3.4e+38 -3.4e+38 -3.4e+38 -3.4e+38 -3.4e+38 23.214183807373 23.2185173034668 -3.4e+38 -3.4e+38 -3.4e+38 -3.4e+38 -3.4e+38 -3.4e+38 -3.4e+38 -3.4e+38 -3.4e+38 -3.4e+38 -3.4e+38 -3.4e+38 -3.4e+38 -3.4e+38 -3.4e+38 -3.4e+38 -3.4e+38 -3.4e+38
-3.4e+38 -3.4e+38 -3.4e+38 -3.4e+38 -3.4e+38 -3.4e+38 -3.4e+38 -3.4e+38 -3.4e+38 -3.4e+38 -3.4e+38 -3.4e+38 -3.4e+38 -3.4e+38 -3.4e+38 -3.4e+38 -3.4e+38 -3.4e+38 -3.4e+38 -3.4e+38 -3.4e+38 -3.4e+38 -3.4e+38 -3.4e+38 -3.4e+38 -3.4e+38 -3.4e+38 23.1676692962646 23.0596103668213 -3.4e+38 -3.4e+38 -3.4e+38 -3.4e+38 -3.4e+38 -3.4e+38 -3.4e+38 -3.4e+38 -3.4e+38 -3.4e+38 -3.4e+38 -3.4e+38 -3.4e+38 -3.4e+38 -3.4e+38 -3.4e+38 -3.4e+38 -3.4e+38
-3.4e+38 -3.4e+38 -3.4e+38 -3.4e+38 -3.4e+38 -3.4e+38 -3.4e+38 -3.4e+38 -3.4e+38 23.1054992675781 23.1054992675781 23.111385345459 23.1030406951904 -3.4e+38 -3.4e+38 -3.4e+38 -3.4e+38 -3.4e+38 23.0815658569336 23.0703964233398 23.2595844268799 23.2045249938965 23.0529232025146 23.1969375610352 23.2164134979248 23.3803462982178 23.3035221099854 23.1061515808105 23.2950801849365 23.728889465332 -3.4e+38 -3.4e+38 21.4568023681641 21.2321109771729 21.4957275390625 20.9240417480469 20.8287086486816 21.2483692169189 21.4329280853271 20.9334106445312 21.1724243164062 21.051155090332 -3.4e+38 -3.4e+38 -3.4e+38 -3.4e+38 -3.4e+38
-3.4e+38 -3.4e+38 -3.4e+38 -3.4e+38 -3.4e+38 -3.4e+38 -3.4e+38 -3.4e+38 23.1054992675781 23.1054992675781 23.1054992675781 23.1054992675781 23.1172695159912 23.1091938018799 23.0801982879639 -3.4e+38 23.1373157501221 23.14892578125 23.0387763977051 23.0681629180908 22.877103805542 22.7152919769287 22.8000259399414 22.8011074066162 22.6991577148438 22.5956611633301 22.5649509429932 22.8546142578125 23.1182899475098 23.638126373291 21.9744853973389 21.7418899536133 21.5617046356201 21.0668106079102 20.8042011260986 20.5950756072998 20.6232929229736 20.575813293457 20.5398712158203 20.5489730834961 20.6959857940674 20.9970569610596 21.3391513824463 21.5827522277832 -3.4e+38 -3.4e+38 -3.4e+38
-3.4e+38 -3.4e+38 -3.4e+38 -3.4e+38 -3.4e+38 -3.4e+38 -3.4e+38 -3.4e+38 23.1109600067139 23.1054992675781 23.1054992675781 23.1054992675781 23.1054992675781 23.1290397644043 23.1220397949219 23.0801982879639 23.164176940918 23.1559600830078 23.2331714630127 23.0629692077637 22.2882442474365 21.7560291290283 21.2518749237061 21.1411190032959 21.0928153991699 20.9351749420166 20.8791179656982 21.0896835327148 21.1430473327637 21.2106647491455 21.1698131561279 20.8903293609619 20.6846790313721 20.4818134307861 20.3482036590576 19.9583549499512 19.712760925293 19.8041534423828 19.8954524993896 19.9241027832031 20.0050849914551 20.2121238708496 20.5561008453369 20.9553165435791 21.3288326263428 21.3795509338379 -3.4e+38
-3.4e+38 -3.4e+38 -3.4e+38 -3.4e+38 -3.4e+38 -3.4e+38 -3.4e+38 -3.4e+38 -3.4e+38 -3.4e+38 23.1054992675781 23.1054992675781 23.1054992675781 -3.4e+38 23.1525802612305 23.1498832702637 23.3326778411865 23.4212169647217 23.4154453277588 23.3048362731934 22.8904762268066 22.3281936645508 20.9101257324219 20.5638160705566 20.4016189575195 20.3503227233887 20.3659038543701 20.4661846160889 20.543363571167 20.5718746185303 20.4962959289551 20.3566761016846 20.3207225799561 20.1425495147705 19.8184700012207 19.3095874786377 19.5944080352783 19.8049259185791 19.8648929595947 19.7946262359619 19.8443260192871 19.9681739807129 20.093147277832 20.3733825683594 20.7561111450195 21.3584423065186 22.0748138427734
-3.4e+38 -3.4e+38 -3.4e+38 -3.4e+38 -3.4e+38 -3.4e+38 -3.4e+38 -3.4e+38 -3.4e+38 -3.4e+38 -3.4e+38 -3.4e+38 -3.4e+38 -3.4e+38 23.1699542999268 23.1987724304199 23.3703269958496 23.4497032165527 23.4571380615234 23.4676895141602 23.2835292816162 22.570255279541 20.8417472839355 20.4837741851807 20.220027923584 20.1951370239258 20.2696990966797 20.3268699645996 20.3123626708984 20.3052997589111 20.2706832885742 20.1795330047607 20.068920135498 19.771448135376 19.6331100463867 19.7789077758789 19.9457511901855 20.1898059844971 20.2917823791504 20.3538990020752 20.2440872192383 20.1459846496582 19.9793262481689 20.0562133789062 20.3330421447754 20.7316932678223 21.5646896362305
23.253849029541 -3.4e+38 -3.4e+38 -3.4e+38 -3.4e+38 -3.4e+38 -3.4e+38 -3.4e+38 -3.4e+38 -3.4e+38 23.2871952056885 23.2529220581055 -3.4e+38 -3.4e+38 -3.4e+38 23.3375911712646 23.4487209320068 23.5913124084473 23.5405559539795 23.4636135101318 23.2017230987549 21.9509506225586 20.7407550811768 20.4577217102051 20.2158260345459 20.2466716766357 20.3548755645752 20.3551559448242 20.2730140686035 20.2255458831787 20.2290496826172 20.1423206329346 19.9966678619385 19.6503257751465 19.6419811248779 19.7728157043457 19.9395027160645 20.0415954589844 20.1964683532715 20.3696670532227 20.4794692993164 20.394079208374 20.02907371521 19.9676570892334 20.2244071960449 20.554557800293 21.1578273773193
23.1834735870361 23.1516704559326 -3.4e+38 -3.4e+38 -3.4e+38 -3.4e+38 -3.4e+38 -3.4e+38 -3.4e+38 -3.4e+38 23.3446998596191 23.3808269500732 23.4003429412842 -3.4e+38 -3.4e+38 23.3860321044922 23.4844741821289 23.7177982330322 23.621997833252 23.3620758056641 22.5618858337402 21.3202705383301 20.7278881072998 20.5116958618164 20.4348278045654 20.5370998382568 20.5372772216797 20.3546142578125 20.3072528839111 20.2234420776367 20.2250080108643 20.1566944122314 20.1820755004883 19.4873485565186 19.3402767181396 19.4260196685791 19.6614894866943 19.773265838623 19.9086799621582 20.048412322998 20.2205429077148 20.2820472717285 20.0630702972412 20.0364646911621 20.2354431152344 20.5163822174072 20.9158058166504
23.2565898895264 23.2327136993408 23.2973556518555 23.3325595855713 -3.4e+38 -3.4e+38 -3.4e+38 -3.4e+38 -3.4e+38 -3.4e+38 -3.4e+38 23.3518600463867 23.4322528839111 23.4003429412842 23.2192306518555 23.3030967712402 23.7265186309814 23.6086101531982 23.4358711242676 22.8158588409424 21.5720024108887 20.8884143829346 20.6839752197266 20.48268699646 20.4680843353271 20.3980045318604 20.3225727081299 20.236930847168 20.1298542022705 20.177906036377 20.2966651916504 20.0877895355225 19.3139019012451 18.8662376403809 18.5922622680664 18.5264453887939 18.8405208587646 19.2695713043213 19.5688076019287 19.7298545837402 19.9022750854492 20.1431655883789 20.2693500518799 20.0930233001709 20.1943187713623 20.4987144470215 20.7185497283936
22.8305168151855 23.2133674621582 23.2902812957764 23.410041809082 -3.4e+38 -3.4e+38 -3.4e+38 -3.4e+38 23.3524780273438 23.3952121734619 23.2824859619141 23.1939792633057 23.4212322235107 23.4751853942871 22.6153659820557 22.591480255127 22.9929752349854 22.807258605957 23.1893081665039 22.2813930511475 20.6206912994385 20.3924732208252 20.441499710083 20.4893074035645 20.4189834594727 20.3852729797363 20.0955142974854 19.8332576751709 19.814302444458 19.7709197998047 19.252326965332 18.448335647583 17.9375514984131 18.0049858093262 17.9065570831299 17.7791767120361 18.5803184509277 18.8368682861328 19.1692123413086 19.4933242797852 19.7499351501465 19.9212532043457 20.0719909667969 20.0208129882812 19.9426345825195 19.9954204559326 20.0500431060791
22.3910522460938 22.6009654998779 22.8837547302246 23.2217712402344 23.4593067169189 23.2833805084229 23.2733364105225 23.2942409515381 23.294563293457 23.2101154327393 23.147705078125 23.2046737670898 22.9137954711914 22.262393951416 21.7174777984619 22.0767936706543 22.8212471008301 22.917423248291 22.9250926971436 21.7863998413086 20.6532707214355 20.2059230804443 20.5817050933838 20.3619689941406 20.1284503936768 19.9985008239746 19.4756469726562 18.8013954162598 18.1931228637695 17.458948135376 16.7549819946289 16.4523639678955 16.5544281005859 17.1781272888184 17.3899383544922 17.8442230224609 18.5077838897705 18.8519134521484 19.1269645690918 19.4275035858154 19.7705459594727 19.9365711212158 19.9552822113037 19.8941974639893 19.8777751922607 19.9001865386963 19.8790340423584
22.0898933410645 22.163330078125 22.5260753631592 22.954870223999 23.1954078674316 23.2191390991211 23.2927856445312 23.2178840637207 23.0091876983643 22.8419494628906 22.4478454589844 21.870849609375 21.6156482696533 21.3171157836914 21.172327041626 21.2516059875488 21.6745262145996 23.6844234466553 23.410831451416 22.1850109100342 20.1642932891846 20.1321601867676 20.2263584136963 19.5775260925293 19.003324508667 18.4503593444824 17.3471584320068 16.7406482696533 16.352144241333 16.0282440185547 15.9466161727905 15.976203918457 16.2038249969482 16.7164669036865 17.2369899749756 18.0570125579834 18.5272789001465 18.9401378631592 19.0023918151855 19.4162635803223 19.7287921905518 19.9734840393066 20.1343688964844 20.1890525817871 20.197473526001 20.1906871795654 20.2955188751221
21.3387584686279 21.5767974853516 21.980167388916 22.3383312225342 22.2115077972412 22.0433197021484 22.0201587677002 21.9474639892578 21.7387065887451 21.5399227142334 21.4413318634033 21.3014545440674 21.1594734191895 20.9864196777344 20.7413330078125 20.6212863922119 20.8118476867676 21.4906616210938 20.7670059204102 20.3720378875732 19.8766803741455 19.4538745880127 19.0888538360596 18.5140113830566 17.5891361236572 16.8706207275391 16.5330009460449 16.1343173980713 15.955961227417 15.8433856964111 15.8098621368408 15.8280334472656 16.1673755645752 16.7975158691406 17.4878883361816 18.2002372741699 18.6096649169922 18.8627109527588 18.9813594818115 19.3902759552002 19.7504863739014 19.8850498199463 20.1928215026855 20.4212532043457 20.5840606689453 20.5252017974854 20.5953426361084
21.0476913452148 21.1879901885986 21.3671684265137 21.7073249816895 21.7635536193848 21.4043464660645 21.2502994537354 21.2418842315674 21.2031421661377 21.1983661651611 21.169340133667 21.0556449890137 20.9486637115479 20.6986122131348 20.4779529571533 20.3351287841797 20.2982730865479 20.2876529693604 20.0490055084229 19.5068016052246 18.7119922637939 17.944787979126 17.3853435516357 16.8948993682861 16.44504737854 16.2533168792725 16.1682167053223 15.9597301483154 15.8841915130615 15.7608795166016 15.655725479126 15.8819131851196 16.3491535186768 16.8946857452393 17.5451431274414 18.1725597381592 18.6069049835205 18.7993946075439 19.0540904998779 19.2940578460693 19.5917625427246 19.8535900115967 20.171365737915 20.4040832519531 20.6006240844727 20.780345916748 20.8187465667725
20.8247108459473 20.9394435882568 21.0848846435547 21.2138843536377 21.3204784393311 21.2851543426514 21.2164859771729 21.2388744354248 21.2358169555664 21.1677303314209 21.0716991424561 20.7684955596924 20.1201457977295 19.7538814544678 19.9473438262939 20.1466579437256 20.1684837341309 20.1154441833496 19.910343170166 18.8922863006592 17.6000633239746 16.7413444519043 16.5015296936035 16.0585174560547 15.8442602157593 15.7362966537476 15.7858419418335 15.7329339981079 15.6667823791504 15.7627611160278 15.7601470947266 16.0388202667236 16.51047706604 16.9928283691406 17.6186428070068 18.2211532592773 18.4658679962158 18.7298431396484 18.9231605529785 19.0821914672852 19.3998622894287 19.7342338562012 19.9740734100342 20.3231086730957 20.5614891052246 20.7361850738525 20.8763561248779
20.63134765625 20.7067451477051 20.7906913757324 20.9225368499756 21.0341186523438 21.1052436828613 21.1675300598145 21.1728019714355 21.1084995269775 21.0397434234619 20.9795742034912 20.8132190704346 20.3089542388916 19.0887680053711 18.5830612182617 18.8450717926025 19.104793548584 19.476167678833 19.2913265228271 18.5299072265625 17.6002635955811 16.7506580352783 16.1978244781494 15.8766317367554 15.7184228897095 15.7335586547852 15.445538520813 15.468409538269 15.5580825805664 15.6606397628784 15.6515245437622 15.9251546859741 16.4757423400879 17.0128726959229 17.4942626953125 18.0955295562744 18.3521938323975 18.5647525787354 18.7432651519775 18.9636478424072 19.1636810302734 19.3931655883789 19.8079853057861 20.1470241546631 20.4346866607666 20.6731071472168 20.8020477294922
20.6707363128662 20.6786117553711 20.6932907104492 20.7207107543945 20.7931518554688 20.8566780090332 20.9040756225586 20.9404106140137 20.9460105895996 20.9094409942627 20.8512878417969 20.8258285522461 20.5482025146484 19.7264785766602 18.7869472503662 17.8334121704102 17.891695022583 18.2948608398438 18.3752422332764 17.8062286376953 16.8077487945557 16.4857292175293 16.1797313690186 15.9151601791382 15.8198862075806 15.7823095321655 15.5205268859863 15.4767370223999 15.4523859024048 15.5150117874146 15.4275054931641 15.5835161209106 16.1310749053955 16.7493419647217 17.1810855865479 17.614221572876 17.9832019805908 18.3309783935547 18.6187305450439 18.7575244903564 18.9276275634766 19.2269401550293 19.4895458221436 19.8477039337158 20.1736831665039 20.4710731506348 20.6906795501709
20.5542163848877 20.5936946868896 20.6487693786621 20.759729385376 20.8297252655029 20.8453559875488 20.8509902954102 20.8023128509521 20.7423400878906 20.7468681335449 20.6734809875488 20.7408008575439 20.5118999481201 19.9623069763184 18.8711395263672 17.690938949585 17.2688694000244 17.4030647277832 17.6076908111572 17.0127029418945 16.7810363769531 16.4189643859863 16.1110420227051 16.0656890869141 15.9969205856323 15.8605337142944 15.6344003677368 15.6748733520508 15.6457843780518 15.5962247848511 15.434606552124 15.4707183837891 15.6614389419556 15.912618637085 16.3633823394775 16.7553615570068 17.0379486083984 17.6265125274658 18.2138671875 18.5017700195312 18.6392059326172 18.8606243133545 19.0994186401367 19.4316234588623 19.6519966125488 20.0777645111084 20.4436912536621
