Ecospace-environmental-drivers/Outputs/ASCII-for-ecospace/Temp-avg/Temp-avg_X2013.11.asc
NCOLS 131 
NROWS 53 
XLLCORNER -98 
YLLCORNER 23.9265270233154 
CELLSIZE 0.133587792515755 
NODATA_value -3.4e+38 
[rows 0 to 20 of 53, columns 47 to 93 of 131]
-3.4e+38 -3.4e+38 -3.4e+38 -3.4e+38 -3.4e+38 -3.4e+38 -3.4e+38 -3.4e+38 -3.4e+38 -3.4e+38 -3.4e+38 -3.4e+38 -3.4e+38 -3.4e+38 -3.4e+38 -3.4e+38 -3.4e+38 -3.4e+38 -3.4e+38 -3.4e+38 -3.4e+38 -3.4e+38 -3.4e+38 -3.4e+38 -3.4e+38 -3.4e+38 -3.4e+38 -3.4e+38 -3.4e+38 -3.4e+38 -3.4e+38 -3.4e+38 -3.4e+38 -3.4e+38 -3.4e+38 -3.4e+38 -3.4e+38 -3.4e+38 -3.4e+38 -3.4e+38 -3.4e+38 -3.4e+38 -3.4e+38 -3.4e+38 -3.4e+38 -3.4e+38 -3.4e+38
-3.4e+38 -3.4e+38 -3.4e+38 -3.4e+38 -3.4e+38 -3.4e+38 -3.4e+38 -3.4e+38 -3.4e+38 -3.4e+38 -3.4e+38 -3.4e+38 -3.4e+38 -3.4e+38 -3.4e+38 -3.4e+38 -3.4e+38 -3.4e+38 -3.4e+38 -3.4e+38 -3.4e+38 -3.4e+38 -3.4e+38 -3.4e+38 -3.4e+38 -3.4e+38 -3.4e+38 -3.4e+38 -3.4e+38 -3.4e+38 -3.4e+38 -3.4e+38 -3.4e+38 -3.4e+38 -3.4e+38 -3.4e+38 -3.4e+38 -3.4e+38 -3.4e+38 -3.4e+38 -3.4e+38 -3.4e+38 -3.4e+38 -3.4e+38 -3.4e+38 -3.4e+38 -3.4e+38
-3.4e+38 -3.4e+38 -3.4e+38 -3.4e+38 -3.4e+38 -3.4e+38 -3.4e+38 -3.4e+38 -3.4e+38 -3.4e+38 -3.4e+38 -3.4e+38 -3.4e+38 -3.4e+38 -3.4e+38 -3.4e+38 -3.4e+38 -3.4e+38 -3.4e+38 -3.4e+38 -3.4e+38 -3.4e+38 -3.4e+38 -3.4e+38 -3.4e+38 -3.4e+38 -3.4e+38 18.6384963989258 18.6384963989258 -3.4e+38 -3.4e+38 -3.4e+38 -3.4e+38 -3.4e+38 -3.4e+38 -3.4e+38 -3.4e+38 -3.4e+38 -3.4e+38 -3.4e+38 -3.4e+38 -3.4e+38 -3.4e+38 -3.4e+38 -3.4e+38 -3.4e+38 -3.4e+38
-3.4e+38 -3.4e+38 -3.4e+38 -3.4e+38 -3.4e+38 -3.4e+38 -3.4e+38 -3.4e+38 -3.4e+38 -3.4e+38 -3.4e+38 -3.4e+38 -3.4e+38 -3.4e+38 -3.4e+38 -3.4e+38 -3.4e+38 -3.4e+38 -3.4e+38 -3.4e+38 -3.4e+38 -3.4e+38 -3.4e+38 -3.4e+38 -3.4e+38 -3.4e+38 -3.4e+38 18.5983848571777 18.6786060333252 -3.4e+38 -3.4e+38 -3.4e+38 -3.4e+38 -3.4e+38 -3.4e+38 -3.4e+38 -3.4e+38 -3.4e+38 -3.4e+38 -3.4e+38 -3.4e+38 -3.4e+38 -3.4e+38 -3.4e+38 -3.4e+38 -3.4e+38 -3.4e+38
-3.4e+38 -3.4e+38 -3.4e+38 -3.4e+38 -3.4e+38 -3.4e+38 -3.4e+38 -3.4e+38 -3.4e+38 19.2498035430908 19.0652656555176 19.0652656555176 19.0652656555176 -3.4e+38 -3.4e+38 -3.4e+38 -3.4e+38 -3.4e+38 18.7360744476318 18.7644023895264 18.7957935333252 18.7991638183594 18.8379020690918 18.9092617034912 18.9915294647217 19.0186576843262 18.7066802978516 18.5586585998535 18.4612560272217 18.5296058654785 -3.4e+38 -3.4e+38 19.5707664489746 19.5174331665039 18.731689453125 18.508092880249 19.7702884674072 19.7373008728027 19.0044651031494 19.6536521911621 19.0062885284424 20.1176490783691 -3.4e+38 -3.4e+38 -3.4e+38 -3.4e+38 -3.4e+38
-3.4e+38 -3.4e+38 -3.4e+38 -3.4e+38 -3.4e+38 -3.4e+38 -3.4e+38 -3.4e+38 19.384614944458 19.3298225402832 19.2195129394531 19.0652656555176 19.0418968200684 18.9414253234863 18.8984985351562 -3.4e+38 18.7322654724121 18.6862468719482 18.692777633667 18.7793712615967 18.8210563659668 18.7869529724121 18.7894821166992 18.9372730255127 19.0010280609131 19.0362873077393 19.2833385467529 18.6333885192871 18.5292625427246 18.4492988586426 19.6553745269775 19.2631645202637 19.4185733795166 20.0305614471436 19.8889102935791 20.4544773101807 20.9617404937744 20.9140205383301 20.9073162078857 21.1609363555908 20.6739482879639 20.6727085113525 21.1745376586914 20.9067516326904 -3.4e+38 -3.4e+38 -3.4e+38
-3.4e+38 -3.4e+38 -3.4e+38 -3.4e+38 -3.4e+38 -3.4e+38 -3.4e+38 -3.4e+38 19.4049263000488 19.384614944458 19.2750282287598 19.1531429290771 19.0219306945801 18.9272518157959 18.875093460083 18.8931484222412 18.708101272583 18.5955486297607 18.7485599517822 18.9929637908936 19.339771270752 19.5838222503662 19.5778961181641 19.7967281341553 19.9912395477295 19.9942970275879 19.8541774749756 19.6232204437256 19.5336151123047 19.439962387085 20.3480854034424 20.7763595581055 21.2431182861328 21.7605476379395 21.9867534637451 22.2180328369141 22.4372386932373 22.3801498413086 22.2239151000977 22.0972728729248 21.9966220855713 21.7989501953125 21.3765354156494 20.8499526977539 20.493766784668 20.731954574585 -3.4e+38
-3.4e+38 -3.4e+38 -3.4e+38 -3.4e+38 -3.4e+38 -3.4e+38 -3.4e+38 -3.4e+38 -3.4e+38 -3.4e+38 19.370138168335 19.2534103393555 19.1281986236572 -3.4e+38 18.988260269165 18.9507541656494 18.7578315734863 18.6903247833252 18.6994895935059 19.0522804260254 19.569917678833 20.2638244628906 20.7849941253662 21.2556838989258 21.3715953826904 21.4199619293213 21.42014503479 21.418270111084 21.4989528656006 21.729118347168 21.9938068389893 22.279842376709 22.512186050415 22.797908782959 22.9969692230225 22.9581985473633 22.9516334533691 23.0748329162598 23.0289478302002 22.814754486084 22.642650604248 22.4265670776367 22.1358814239502 21.740177154541 21.0342578887939 20.6678371429443 20.7963981628418
-3.4e+38 -3.4e+38 -3.4e+38 -3.4e+38 -3.4e+38 -3.4e+38 -3.4e+38 -3.4e+38 -3.4e+38 -3.4e+38 -3.4e+38 -3.4e+38 -3.4e+38 -3.4e+38 18.9994564056396 19.0106143951416 18.6292705535889 18.5267124176025 18.5908718109131 19.0723972320557 19.7786960601807 20.3713207244873 21.2493762969971 22.0405082702637 22.5634860992432 22.6563549041748 22.6200637817383 22.6193618774414 22.6438598632812 22.7772789001465 22.9103660583496 23.1021633148193 23.1763935089111 23.3919334411621 23.4224014282227 22.6369533538818 22.7311458587646 22.9741535186768 23.3347320556641 23.3505840301514 23.0921573638916 22.8157367706299 22.4487609863281 22.1776599884033 21.8272151947021 21.2348289489746 20.4865303039551
19.2185401916504 -3.4e+38 -3.4e+38 -3.4e+38 -3.4e+38 -3.4e+38 -3.4e+38 -3.4e+38 -3.4e+38 -3.4e+38 19.3386669158936 19.2795848846436 -3.4e+38 -3.4e+38 -3.4e+38 18.9721870422363 18.871467590332 18.7672576904297 18.6887645721436 19.1657485961914 19.7271900177002 20.3716640472412 21.5584564208984 22.4998664855957 22.9913520812988 23.1222229003906 23.1496334075928 23.1491165161133 23.1895236968994 23.2824230194092 23.4066467285156 23.5005111694336 23.3960781097412 23.0410137176514 22.4553489685059 22.3180751800537 22.4562435150146 22.6619911193848 23.101016998291 23.3786239624023 23.3588161468506 23.1339092254639 22.655933380127 22.3774681091309 22.098762512207 21.5734252929688 20.828088760376
19.2569332122803 19.238697052002 -3.4e+38 -3.4e+38 -3.4e+38 -3.4e+38 -3.4e+38 -3.4e+38 -3.4e+38 -3.4e+38 19.3356647491455 19.4211540222168 19.4631881713867 -3.4e+38 -3.4e+38 19.1809787750244 19.1977844238281 18.8922367095947 18.8451652526855 19.3368072509766 20.0540409088135 20.8840599060059 21.926778793335 22.8117942810059 23.1899585723877 23.3724575042725 23.464017868042 23.5194759368896 23.5335998535156 23.5682830810547 23.6349296569824 23.7491321563721 23.1385555267334 22.210132598877 21.9498805999756 21.9910907745361 22.2684440612793 22.4281463623047 22.752347946167 23.1292171478271 23.4061088562012 23.4669132232666 22.9485988616943 22.5966358184814 22.2089996337891 21.7137718200684 21.0210628509521
19.1943054199219 19.2648506164551 19.3464584350586 19.387378692627 -3.4e+38 -3.4e+38 -3.4e+38 -3.4e+38 -3.4e+38 -3.4e+38 -3.4e+38 19.9925804138184 19.8974609375 19.8974609375 19.6033630371094 19.3092632293701 19.2446823120117 19.03515625 19.2002620697021 19.605131149292 20.8178596496582 21.6411380767822 22.4450492858887 23.0605792999268 23.421028137207 23.5941410064697 23.652961730957 23.6466236114502 23.6710300445557 23.7648067474365 23.8403167724609 23.7780361175537 23.1337833404541 21.574764251709 21.3607082366943 21.4654521942139 21.7075748443604 22.033878326416 22.4019069671631 22.7812919616699 23.2242679595947 23.343074798584 23.1473407745361 22.8265247344971 22.4998989105225 21.8949947357178 21.3462791442871
19.3576259613037 19.3462200164795 19.3650856018066 19.4096736907959 -3.4e+38 -3.4e+38 -3.4e+38 -3.4e+38 20.2816505432129 20.3169803619385 20.3911762237549 20.3064918518066 20.0877017974854 19.8974609375 20.2240753173828 19.9196758270264 19.4087314605713 19.2003936767578 19.4766941070557 20.0307922363281 21.4756889343262 22.3617782592773 23.0169582366943 23.3836097717285 23.559663772583 23.5747985839844 23.5635185241699 23.5675277709961 23.6463508605957 23.7343044281006 23.470703125 22.7531833648682 21.3193912506104 20.617733001709 20.4717998504639 20.176176071167 20.6386032104492 21.2346706390381 21.85817527771 22.3896827697754 22.9052562713623 23.1560382843018 23.2780818939209 23.0934867858887 22.784725189209 22.1340160369873 21.6703414916992
19.9083480834961 19.8251609802246 19.5965995788574 19.5136623382568 19.775806427002 20.0447082519531 20.1202545166016 20.221923828125 20.3304405212402 20.2925853729248 20.327917098999 20.5530242919922 20.666353225708 20.2779426574707 20.8868236541748 20.7488822937012 20.2027416229248 19.3397617340088 19.4589138031006 19.8278942108154 21.4027576446533 22.8431453704834 23.329948425293 23.4535617828369 23.4992713928223 23.6085872650146 23.4807510375977 22.9851856231689 22.6794662475586 22.5806179046631 21.3611240386963 20.2378673553467 19.5160217285156 19.5057945251465 19.4380989074707 19.1971607208252 20.3278465270996 20.884105682373 21.3317546844482 21.7854194641113 22.3437194824219 22.8801460266113 23.0788421630859 23.1984462738037 23.257984161377 22.8547744750977 22.4211673736572
20.3070278167725 20.1911067962646 19.9958572387695 19.8662815093994 19.9691600799561 20.1202545166016 20.5356178283691 20.7203216552734 20.221923828125 20.4389572143555 20.2168769836426 21.1725826263428 20.8891716003418 21.6008377075195 21.9434204101562 21.5171337127686 21.0015487670898 20.6944332122803 20.4501838684082 20.1072635650635 20.8523006439209 22.8338088989258 23.4267539978027 23.3277988433838 22.6556987762451 22.3763885498047 21.8273983001709 20.9452800750732 19.954065322876 18.6556377410889 17.7227573394775 17.1621322631836 17.4647312164307 18.3236598968506 18.5404758453369 19.0073375701904 19.9699153900146 20.7199268341064 21.2440299987793 21.4162368774414 21.8110427856445 22.2695388793945 22.6109104156494 22.7537422180176 23.1088752746582 23.2711143493652 23.4871959686279
20.9690799713135 20.8181266784668 20.6453285217285 20.6212768554688 20.7082366943359 20.6165218353271 20.6904563903809 20.7152404785156 21.2536697387695 21.2688255310059 21.1452484130859 21.5365219116211 22.0750942230225 22.4108352661133 22.4962768554688 22.362642288208 21.9653263092041 20.6086730957031 21.7923755645752 22.0164108276367 22.07204246521 22.6368770599365 22.5321712493896 21.5403347015381 20.5593585968018 19.6189785003662 18.1758403778076 17.2174186706543 16.4015617370605 15.7164783477783 15.6015014648438 15.5594091415405 16.1154766082764 17.426887512207 18.2488059997559 19.2772617340088 20.008171081543 20.6155109405518 20.9340724945068 21.3218269348145 21.4999523162842 22.0030708312988 22.3351516723633 22.555793762207 22.8031730651855 23.019193649292 23.6643295288086
22.0100402832031 21.7160339355469 21.3726043701172 21.3597087860107 21.568395614624 21.6607303619385 21.7396774291992 22.0595397949219 22.3143749237061 22.3543643951416 22.4103469848633 22.5583209991455 22.6688079833984 22.7021980285645 22.8783073425293 22.8545341491699 22.5708312988281 21.9848823547363 22.6419448852539 22.62819480896 22.4746894836426 21.443660736084 20.7358932495117 19.7045917510986 18.3245735168457 17.2635746002197 16.3667697906494 15.329568862915 15.1262760162354 15.079288482666 14.8906631469727 15.013708114624 15.7490730285645 17.2396850585938 18.3929424285889 19.2874851226807 20.0366363525391 20.5725917816162 20.7101287841797 21.1379451751709 21.3336277008057 21.5783805847168 21.9833908081055 22.2589550018311 22.6965370178223 22.9640064239502 23.2839221954346
22.8106937408447 22.5544681549072 22.2610645294189 22.135814666748 22.2976169586182 22.4848747253418 22.646577835083 22.8133907318115 22.9290790557861 23.0046195983887 23.0569305419922 23.1400852203369 23.2464027404785 23.3486576080322 23.3884944915771 23.2124671936035 23.0007286071777 22.9964294433594 22.62180519104 21.8036289215088 20.6507263183594 19.3935012817383 18.2464981079102 17.7702388763428 16.8037929534912 16.3308048248291 15.5336065292358 14.9385194778442 14.7960653305054 14.7989473342896 14.6817560195923 15.0082492828369 15.842700958252 17.3128814697266 18.3310489654541 19.2839622497559 19.8934535980225 20.1679000854492 20.5340118408203 20.9147262573242 21.1986255645752 21.3459777832031 21.8107299804688 22.0517063140869 22.5165042877197 22.9697551727295 23.1685066223145
23.5007362365723 23.2609119415283 23.0329856872559 22.8927402496338 22.89111328125 22.9894065856934 23.1070938110352 23.2371349334717 23.3577175140381 23.4567756652832 23.5062160491943 23.591329574585 23.2872066497803 22.7138843536377 22.6746520996094 23.2250232696533 23.0897655487061 22.8171310424805 22.1976928710938 20.5606479644775 19.0841827392578 17.2388172149658 16.4520130157471 15.799750328064 15.0961055755615 15.0194835662842 14.7660751342773 14.6779384613037 14.5989036560059 14.6739721298218 14.6851053237915 15.0384359359741 15.9703693389893 17.3287220001221 18.2533855438232 18.8618507385254 19.3808269500732 19.8238925933838 20.1367893218994 20.3601131439209 20.982536315918 21.1819267272949 21.4163761138916 21.808952331543 22.3827114105225 22.758996963501 23.1246814727783
24.1916084289551 23.9848728179932 23.7753047943115 23.6254863739014 23.5460681915283 23.5617828369141 23.678503036499 23.8168182373047 23.9279022216797 24.0021667480469 23.9983386993408 23.988712310791 23.4549331665039 21.4092998504639 20.7318134307861 21.3872375488281 21.3845672607422 21.7703227996826 21.03515625 19.7853984832764 18.192497253418 16.3487854003906 15.5404186248779 14.7220735549927 14.5705614089966 14.5424270629883 14.4512758255005 14.5100612640381 14.6084804534912 14.6855669021606 14.716420173645 14.9458360671997 15.7150497436523 16.9441547393799 17.9250621795654 18.5625476837158 19.1135101318359 19.3517074584961 19.6505680084229 20.0254211425781 20.3974876403809 20.9221801757812 21.1588687896729 21.5004196166992 21.9727039337158 22.4669361114502 22.9017753601074
24.5455455780029 24.5023441314697 24.4586296081543 24.3647899627686 24.2431106567383 24.2097415924072 24.2761821746826 24.3671627044678 24.4712238311768 24.5347881317139 24.5158824920654 24.355411529541 23.9639225006104 21.8378753662109 20.7411918640137 19.1496887207031 19.0143203735352 19.4708213806152 19.2045555114746 18.3227691650391 16.6738147735596 15.5806350708008 14.9268856048584 14.5536460876465 14.5038118362427 14.3533897399902 14.3156776428223 14.4667625427246 14.5861158370972 14.6777830123901 14.5662260055542 14.60413646698 15.1402025222778 16.3056335449219 17.1343879699707 17.7937870025635 18.2927150726318 18.6941452026367 19.0295238494873 19.374605178833 19.7929077148438 20.1467781066895 20.6832485198975 21.0844688415527 21.4485282897949 21.9882888793945 22.5417366027832
