Ecospace-environmental-drivers/Outputs/ASCII-for-ecospace/Temp-avg/Temp-avg_X2011.02.asc
NCOLS 131 
NROWS 53 
XLLCORNER -98 
YLLCORNER 23.9265270233154 
CELLSIZE 0.133587792515755 
NODATA_value -3.4e+38 
[rows 0 to 20 of 53, columns 47 to 93 of 131]
-3.4e+38 -3.4e+38 -3.4e+38 -3.4e+38 -3.4e+38 -3.4e+38 -3.4e+38 -3.4e+38 -3.4e+38 -3.4e+38 -3.4e+38 -3.4e+38 -3.4e+38 -3.4e+38 -3.4e+38 -3.4e+38 -3.4e+38 -3.4e+38 -3.4e+38 -3.4e+38 -3.4e+38 -3.4e+38 -3.4e+38 -3.4e+38 -3.4e+38 -3.4e+38 -3.4e+38 -3.4e+38 -3.4e+38 -3.4e+38 -3.4e+38 -3.4e+38 -3.4e+38 -3.4e+38 -3.4e+38 -3.4e+38 -3.4e+38 -3.4e+38 -3.4e+38 -3.4e+38 -3.4e+38 -3.4e+38 -3.4e+38 -3.4e+38 -3.4e+38 -3.4e+38 -3.4e+38
-3.4e+38 -3.4e+38 -3.4e+38 -3.4e+38 -3.4e+38 -3.4e+38 -3.4e+38 -3.4e+38 -3.4e+38 -3.4e+38 -3.4e+38 -3.4e+38 -3.4e+38 -3.4e+38 -3.4e+38 -3.4e+38 -3.4e+38 -3.4e+38 -3.4e+38 -3.4e+38 -3.4e+38 -3.4e+38 -3.4e+38 -3.4e+38 -3.4e+38 -3.4e+38 -3.4e+38 -3.4e+38 -3.4e+38 -3.4e+38 -3.4e+38 -3.4e+38 -3.4e+38 -3.4e+38 -3.4e+38 -3.4e+38 -3.4e+38 -3.4e+38 -3.4e+38 -3.4e+38 -3.4e+38 -3.4e+38 -3.4e+38 -3.4e+38 -3.4e+38 -3.4e+38 -3.4e+38
-3.4e+38 -3.4e+38 -3.4e+38 -3.4e+38 -3.4e+38 -3.4e+38 -3.4e+38 -3.4e+38 -3.4e+38 -3.4e+38 -3.4e+38 -3.4e+38 -3.4e+38 -3.4e+38 -3.4e+38 -3.4e+38 -3.4e+38 -3.4e+38 -3.4e+38 -3.4e+38 -3.4e+38 -3.4e+38 -3.4e+38 -3.4e+38 -3.4e+38 -3.4e+38 -3.4e+38 14.1397972106934 14.0949192047119 -3.4e+38 -3.4e+38 -3.4e+38 -3.4e+38 -3.4e+38 -3.4e+38 -3.4e+38 -3.4e+38 -3.4e+38 -3.4e+38 -3.4e+38 -3.4e+38 -3.4e+38 -3.4e+38 -3.4e+38 -3.4e+38 -3.4e+38 -3.4e+38
-3.4e+38 -3.4e+38 -3.4e+38 -3.4e+38 -3.4e+38 -3.4e+38 -3.4e+38 -3.4e+38 -3.4e+38 -3.4e+38 -3.4e+38 -3.4e+38 -3.4e+38 -3.4e+38 -3.4e+38 -3.4e+38 -3.4e+38 -3.4e+38 -3.4e+38 -3.4e+38 -3.4e+38 -3.4e+38 -3.4e+38 -3.4e+38 -3.4e+38 -3.4e+38 -3.4e+38 14.1532821655273 13.9140157699585 -3.4e+38 -3.4e+38 -3.4e+38 -3.4e+38 -3.4e+38 -3.4e+38 -3.4e+38 -3.4e+38 -3.4e+38 -3.4e+38 -3.4e+38 -3.4e+38 -3.4e+38 -3.4e+38 -3.4e+38 -3.4e+38 -3.4e+38 -3.4e+38
-3.4e+38 -3.4e+38 -3.4e+38 -3.4e+38 -3.4e+38 -3.4e+38 -3.4e+38 -3.4e+38 -3.4e+38 14.6563882827759 14.6563882827759 14.6629953384399 14.6093654632568 -3.4e+38 -3.4e+38 -3.4e+38 -3.4e+38 -3.4e+38 14.1889457702637 14.1787815093994 14.3553190231323 14.2852687835693 14.1430206298828 14.3648376464844 14.358323097229 14.6473083496094 14.6025505065918 14.3083181381226 14.6717052459717 15.3888931274414 -3.4e+38 -3.4e+38 14.6646957397461 14.6667022705078 14.6042537689209 15.0461645126343 15.193359375 15.2248287200928 15.1609659194946 14.8582420349121 14.7801513671875 14.7916097640991 -3.4e+38 -3.4e+38 -3.4e+38 -3.4e+38 -3.4e+38
-3.4e+38 -3.4e+38 -3.4e+38 -3.4e+38 -3.4e+38 -3.4e+38 -3.4e+38 -3.4e+38 14.6563882827759 14.6563882827759 14.6563882827759 14.6563882827759 14.669602394104 14.616660118103 14.4948110580444 -3.4e+38 14.4355840682983 14.3898210525513 14.1635131835938 14.0236692428589 13.8377046585083 13.7795524597168 13.8291082382202 13.8396224975586 13.6639842987061 13.6259632110596 13.5605812072754 13.9791879653931 14.4076070785522 15.2810115814209 14.6396808624268 14.6525030136108 14.6910533905029 14.6505317687988 14.7209692001343 15.0817317962646 15.3967008590698 15.5501079559326 15.414701461792 15.1682453155518 15.0063953399658 14.7908897399902 14.5890035629272 14.4284791946411 -3.4e+38 -3.4e+38 -3.4e+38
-3.4e+38 -3.4e+38 -3.4e+38 -3.4e+38 -3.4e+38 -3.4e+38 -3.4e+38 -3.4e+38 14.6743068695068 14.6563882827759 14.6563882827759 14.6563882827759 14.6563882827759 14.6828155517578 14.632625579834 14.4948110580444 14.50377368927 14.3539304733276 14.2839813232422 13.8179492950439 13.4101610183716 13.4965686798096 13.8105506896973 14.2834186553955 14.2374801635742 14.0183238983154 13.6607484817505 13.3574657440186 13.4397392272949 13.7829523086548 13.9741945266724 14.1646327972412 14.4547967910767 14.6605796813965 15.2447147369385 15.9997005462646 16.4212284088135 16.4502735137939 16.1925487518311 16.0372505187988 15.9853668212891 15.7174549102783 15.1686582565308 14.5643548965454 14.2318315505981 14.3569421768188 -3.4e+38
-3.4e+38 -3.4e+38 -3.4e+38 -3.4e+38 -3.4e+38 -3.4e+38 -3.4e+38 -3.4e+38 -3.4e+38 -3.4e+38 14.6563882827759 14.6563882827759 14.6563882827759 -3.4e+38 14.7092437744141 14.6700572967529 14.788872718811 14.8270416259766 14.6093664169312 14.2777080535889 14.0785541534424 14.1254043579102 14.334300994873 15.2088747024536 15.6799983978271 15.6296253204346 15.2197303771973 14.5896596908569 14.116138458252 14.168270111084 14.2516937255859 14.2460269927979 14.8704452514648 15.4666585922241 16.1154918670654 16.6603908538818 16.9478702545166 17.0751609802246 16.9929542541504 16.6724853515625 16.529956817627 16.4445552825928 15.939769744873 15.1994714736938 14.4155254364014 14.2791423797607 14.5012693405151
-3.4e+38 -3.4e+38 -3.4e+38 -3.4e+38 -3.4e+38 -3.4e+38 -3.4e+38 -3.4e+38 -3.4e+38 -3.4e+38 -3.4e+38 -3.4e+38 -3.4e+38 -3.4e+38 14.7244520187378 14.8078804016113 14.9153890609741 14.9243068695068 14.9044618606567 14.7550592422485 14.5267457962036 14.3144302368164 14.7830352783203 15.7884483337402 16.5722160339355 16.7699909210205 16.4333457946777 15.8191375732422 15.1962604522705 14.8209218978882 14.9474954605103 15.0143938064575 15.6110668182373 16.4527835845947 16.8342189788818 17.063835144043 17.1949443817139 17.3237934112549 17.3511734008789 17.2818126678467 17.0011692047119 16.9017372131348 16.6141338348389 15.8436975479126 14.8873281478882 14.5873050689697 14.5074996948242
14.3875818252563 -3.4e+38 -3.4e+38 -3.4e+38 -3.4e+38 -3.4e+38 -3.4e+38 -3.4e+38 -3.4e+38 -3.4e+38 15.3721752166748 15.1401958465576 -3.4e+38 -3.4e+38 -3.4e+38 14.9770803451538 15.1715574264526 15.2180080413818 15.0855731964111 14.8959579467773 14.5644826889038 14.4856224060059 15.3451280593872 16.3317966461182 17.1726608276367 17.350004196167 17.2488250732422 16.8723487854004 16.286901473999 15.7151556015015 15.6531066894531 15.8108968734741 16.2443351745605 16.6874580383301 16.8685874938965 17.0688438415527 17.3003311157227 17.3363800048828 17.4252548217773 17.4230079650879 17.2541408538818 17.2262268066406 17.0046901702881 16.2367343902588 15.7086610794067 15.5074052810669 14.7630929946899
14.5370740890503 14.6370258331299 -3.4e+38 -3.4e+38 -3.4e+38 -3.4e+38 -3.4e+38 -3.4e+38 -3.4e+38 -3.4e+38 15.6883401870728 15.6684074401855 15.624002456665 -3.4e+38 -3.4e+38 15.0164642333984 15.1650495529175 15.4260597229004 15.2298917770386 14.8639430999756 14.5330801010132 15.2420082092285 16.0618286132812 16.927713394165 17.5185585021973 17.699499130249 17.5406398773193 17.2099781036377 16.9085578918457 16.5689506530762 16.4795379638672 16.5217247009277 16.8122272491455 16.6646308898926 16.7644481658936 16.8967895507812 17.0558242797852 17.1778812408447 17.3478145599365 17.3719444274902 17.3210506439209 17.294620513916 17.060941696167 16.8266925811768 16.8013954162598 16.346097946167 15.047155380249
14.6767826080322 14.8821506500244 15.0514936447144 15.0282754898071 -3.4e+38 -3.4e+38 -3.4e+38 -3.4e+38 -3.4e+38 -3.4e+38 -3.4e+38 15.6603965759277 15.6824789047241 15.624002456665 15.4273910522461 15.191424369812 15.2753124237061 15.0349960327148 15.0790748596191 14.7765436172485 15.4360446929932 16.423303604126 17.1287937164307 17.4991207122803 17.7943248748779 18.0047740936279 17.9257488250732 17.6621398925781 17.3206024169922 17.0762691497803 16.9721870422363 16.8508644104004 16.5442714691162 16.2869625091553 16.2495365142822 16.202241897583 16.3314247131348 16.6859359741211 17.0459461212158 17.2323837280273 17.3546543121338 17.4319972991943 17.5130081176758 17.4749984741211 17.243185043335 16.6386127471924 15.3025970458984
14.1983757019043 14.6429309844971 14.9215974807739 15.1117343902588 -3.4e+38 -3.4e+38 -3.4e+38 -3.4e+38 15.6801071166992 15.7559204101562 15.6575841903687 15.4978847503662 15.6632089614868 15.7602252960205 15.3088712692261 15.3907985687256 15.1775159835815 14.4537677764893 15.0533304214478 15.1735286712646 16.3172359466553 17.0543174743652 17.4246578216553 18.018590927124 18.4807205200195 18.654712677002 18.5538444519043 18.2723197937012 18.1151485443115 17.9019317626953 17.1721229553223 16.2952442169189 15.8135862350464 15.8111619949341 15.7213373184204 15.6335115432739 16.2485275268555 16.4224720001221 16.6968078613281 16.9767532348633 17.2125911712646 17.5938358306885 17.7650527954102 17.7664890289307 17.669885635376 17.5262756347656 17.1233863830566
13.9897861480713 14.115608215332 14.4791030883789 15.0914335250854 15.4714794158936 15.4248695373535 15.5385684967041 15.6595401763916 15.7039432525635 15.6849822998047 15.6658248901367 15.5313215255737 14.9714832305908 15.3287334442139 15.5883474349976 15.3830013275146 15.3984613418579 15.5195550918579 16.0432415008545 16.4170589447021 16.1342182159424 16.9291687011719 17.9132308959961 18.6843509674072 18.7466659545898 18.7566223144531 18.3473701477051 17.7482128143311 17.2041149139404 16.485933303833 15.7423295974731 15.2953233718872 15.157618522644 15.5205593109131 15.5646953582764 15.8246240615845 16.2849082946777 16.5156688690186 16.7174510955811 16.8385257720947 16.9230575561523 17.1780471801758 17.6193408966064 17.8513145446777 18.0841503143311 18.2252998352051 18.2471885681152
13.7971897125244 13.9206161499023 14.3089370727539 14.775580406189 15.1228885650635 15.3421411514282 15.5426626205444 15.5830907821655 15.6158380508423 15.4750366210938 15.1698064804077 14.5266380310059 15.5924415588379 16.534008026123 16.8079929351807 16.5680236816406 15.9292182922363 16.6058654785156 17.7243824005127 17.7722568511963 16.7444553375244 17.4638519287109 18.3831520080566 18.1439514160156 17.7587661743164 17.4224548339844 16.5287036895752 16.056791305542 15.7735261917114 15.5037498474121 15.3879594802856 15.3107786178589 15.3515567779541 15.6222381591797 15.94704246521 16.4900970458984 16.7637138366699 17.0483360290527 16.9634399414062 16.9715347290039 16.886157989502 16.8969345092773 17.3237361907959 17.6327266693115 17.8972911834717 18.0666389465332 18.2401905059814
14.0184993743896 13.9236450195312 13.9688158035278 14.2265243530273 14.6021223068237 15.0757141113281 15.279914855957 15.3889617919922 15.6839466094971 15.9260540008545 16.0621032714844 16.3320274353027 16.8820362091064 17.1895618438721 17.3618507385254 17.4368591308594 17.0810699462891 16.8844203948975 17.3611602783203 17.52490234375 17.6754837036133 17.7926635742188 17.7754306793213 17.4676761627197 16.8003730773926 16.2420387268066 15.9962301254272 15.6798229217529 15.5746450424194 15.523325920105 15.4622220993042 15.4103813171387 15.6102018356323 16.0436344146729 16.5603771209717 17.0216178894043 17.2823696136475 17.4351997375488 17.3776702880859 17.3522911071777 17.1672630310059 16.829216003418 17.0688400268555 17.3522148132324 17.6593799591064 17.8333129882812 18.0264911651611
14.7965269088745 14.4694957733154 14.0747108459473 13.9066753387451 14.4894380569458 15.3536319732666 15.7805805206299 16.0624504089355 16.4414882659912 16.8186912536621 17.0176639556885 17.1022720336914 17.2047443389893 17.3329238891602 17.5586338043213 17.873119354248 17.892053604126 17.9011611938477 17.9575099945068 17.8463726043701 17.3942642211914 16.8431491851807 16.5671443939209 16.3713264465332 16.0728912353516 15.9396114349365 15.8758230209351 15.6822052001953 15.6137218475342 15.4688291549683 15.3131694793701 15.4906225204468 15.8523006439209 16.2792320251465 16.808048248291 17.2334842681885 17.5585517883301 17.6651096343994 17.785135269165 17.6710262298584 17.4591960906982 17.0916862487793 17.0728511810303 17.1124229431152 17.2512702941895 17.6362991333008 17.8446445465088
16.0600337982178 15.7545137405396 15.1724863052368 14.6261806488037 14.6674795150757 15.4632577896118 16.2268981933594 16.699577331543 16.9371509552002 17.0712852478027 17.1906394958496 17.2813053131104 16.9307117462158 16.8597221374512 17.3708152770996 17.9506187438965 18.1719570159912 18.3063983917236 18.408727645874 17.6091690063477 16.6674537658691 16.0856609344482 16.0558319091797 15.828821182251 15.7256011962891 15.6722564697266 15.7430753707886 15.6446504592896 15.5036067962646 15.4245166778564 15.3774404525757 15.5945692062378 15.9422216415405 16.3158416748047 16.7944755554199 17.2759532928467 17.541166305542 17.7656936645508 17.8712520599365 17.7977428436279 17.6897716522217 17.4420928955078 17.1473636627197 17.0514545440674 17.009407043457 17.1679401397705 17.4991073608398
17.0576324462891 16.9993171691895 16.7478275299072 16.1819305419922 15.5988245010376 15.6036796569824 16.0220012664795 16.3719539642334 16.5956230163574 16.9141311645508 17.4279479980469 17.8270263671875 17.5130710601807 16.5521697998047 16.3159065246582 16.8214111328125 17.304895401001 17.9567489624023 18.000057220459 17.4782199859619 16.8479862213135 16.2594509124756 15.9260091781616 15.7478723526001 15.6642913818359 15.7095861434937 15.4953966140747 15.5449886322021 15.5293846130371 15.4564847946167 15.304594039917 15.3874702453613 15.7826490402222 16.2164764404297 16.554801940918 17.0841236114502 17.3383617401123 17.5979843139648 17.7408905029297 17.8244438171387 17.7358283996582 17.4263286590576 17.2749977111816 17.0744953155518 16.9743366241455 17.0558300018311 17.2790050506592
17.7978534698486 17.7921943664551 17.7823581695557 17.7147769927979 17.5324268341064 17.2426433563232 17.0679149627686 17.0052089691162 17.129955291748 17.5162792205811 18.0046234130859 18.3239879608154 18.2079048156738 17.4397563934326 16.7558479309082 16.1287155151367 16.4282569885254 17.0523433685303 17.3240795135498 17.0181503295898 16.2621421813965 16.1229114532471 15.9364442825317 15.7413892745972 15.7188472747803 15.7405652999878 15.494104385376 15.5003623962402 15.5055131912231 15.4983978271484 15.2190008163452 15.1509847640991 15.5169248580933 15.9744844436646 16.3257083892822 16.6848831176758 16.9765567779541 17.283712387085 17.5378551483154 17.5965251922607 17.5849933624268 17.5137348175049 17.2190551757812 17.0626621246338 16.9770088195801 17.0689220428467 17.2443313598633
18.4122333526611 18.428186416626 18.4031085968018 18.4342365264893 18.4525890350342 18.4515190124512 18.4344120025635 18.4203357696533 18.4131717681885 18.4779510498047 18.5598278045654 18.6888408660889 18.6012325286865 18.2406673431396 17.3706512451172 16.4226093292236 16.1618251800537 16.4114456176758 16.7564392089844 16.3331775665283 16.2417316436768 15.978569984436 15.7133407592773 15.723464012146 15.7669563293457 15.7058763504028 15.4879398345947 15.4467601776123 15.4348030090332 15.485894203186 15.2836790084839 15.236834526062 15.2905883789062 15.4969882965088 15.8949527740479 16.2061290740967 16.4105854034424 16.8339595794678 17.2484016418457 17.3645420074463 17.3321723937988 17.3416023254395 17.1324768066406 16.9940223693848 16.8418369293213 16.9834213256836 17.1096305847168
