Ecospace-environmental-drivers/Outputs/ASCII-for-ecospace/Temp-avg/Temp-avg_X2012.07.asc
NCOLS 131 
NROWS 53 
XLLCORNER -98 
YLLCORNER 23.9265270233154 
CELLSIZE 0.133587792515755 
NODATA_value -3.4e+38 
[rows 0 to 20 of 53, columns 47 to 93 of 131]
-3.4e+38 -3.4e+38 -3.4e+38 -3.4e+38 -3.4e+38 -3.4e+38 -3.4e+38 -3.4e+38 -3.4e+38 -3.4e+38 -3.4e+38 -3.4e+38 -3.4e+38 -3.4e+38 -3.4e+38 -3.4e+38 -3.4e+38 -3.4e+38 -3.4e+38 -3.4e+38 -3.4e+38 -3.4e+38 -3.4e+38 -3.4e+38 -3.4e+38 -3.4e+38 -3.4e+38 -3.4e+38 -3.4e+38 -3.4e+38 -3.4e+38 -3.4e+38 -3.4e+38 -3.4e+38 -3.4e+38 -3.4e+38 -3.4e+38 -3.4e+38 -3.4e+38 -3.4e+38 -3.4e+38 -3.4e+38 -3.4e+38 -3.4e+38 -3.4e+38 -3.4e+38 -3.4e+38
-3.4e+38 -3.4e+38 -3.4e+38 -3.4e+38 -3.4e+38 -3.4e+38 -3.4e+38 -3.4e+38 -3.4e+38 -3.4e+38 -3.4e+38 -3.4e+38 -3.4e+38 -3.4e+38 -3.4e+38 -3.4e+38 -3.4e+38 -3.4e+38 -3.4e+38 -3.4e+38 -3.4e+38 -3.4e+38 -3.4e+38 -3.4e+38 -3.4e+38 -3.4e+38 -3.4e+38 -3.4e+38 -3.4e+38 -3.4e+38 -3.4e+38 -3.4e+38 -3.4e+38 -3.4e+38 -3.4e+38 -3.4e+38 -3.4e+38 -3.4e+38 -3.4e+38 -3.4e+38 -3.4e+38 -3.4e+38 -3.4e+38 -3.4e+38 -3.4e+38 -3.4e+38 -3.4e+38
-3.4e+38 -3.4e+38 -3.4e+38 -3.4e+38 -3.4e+38 -3.4e+38 -3.4e+38 -3.4e+38 -3.4e+38 -3.4e+38 -3.4e+38 -3.4e+38 -3.4e+38 -3.4e+38 -3.4e+38 -3.4e+38 -3.4e+38 -3.4e+38 -3.4e+38 -3.4e+38 -3.4e+38 -3.4e+38 -3.4e+38 -3.4e+38 -3.4e+38 -3.4e+38 -3.4e+38 32.7815437316895 32.9133148193359 -3.4e+38 -3.4e+38 -3.4e+38 -3.4e+38 -3.4e+38 -3.4e+38 -3.4e+38 -3.4e+38 -3.4e+38 -3.4e+38 -3.4e+38 -3.4e+38 -3.4e+38 -3.4e+38 -3.4e+38 -3.4e+38 -3.4e+38 -3.4e+38
-3.4e+38 -3.4e+38 -3.4e+38 -3.4e+38 -3.4e+38 -3.4e+38 -3.4e+38 -3.4e+38 -3.4e+38 -3.4e+38 -3.4e+38 -3.4e+38 -3.4e+38 -3.4e+38 -3.4e+38 -3.4e+38 -3.4e+38 -3.4e+38 -3.4e+38 -3.4e+38 -3.4e+38 -3.4e+38 -3.4e+38 -3.4e+38 -3.4e+38 -3.4e+38 -3.4e+38 32.6669120788574 32.7685279846191 -3.4e+38 -3.4e+38 -3.4e+38 -3.4e+38 -3.4e+38 -3.4e+38 -3.4e+38 -3.4e+38 -3.4e+38 -3.4e+38 -3.4e+38 -3.4e+38 -3.4e+38 -3.4e+38 -3.4e+38 -3.4e+38 -3.4e+38 -3.4e+38
-3.4e+38 -3.4e+38 -3.4e+38 -3.4e+38 -3.4e+38 -3.4e+38 -3.4e+38 -3.4e+38 -3.4e+38 32.8964042663574 32.8964042663574 32.8979606628418 32.8542060852051 -3.4e+38 -3.4e+38 -3.4e+38 -3.4e+38 -3.4e+38 32.439380645752 32.436710357666 32.6611328125 32.6723365783691 32.534610748291 32.5388412475586 32.5349502563477 32.6042098999023 32.4936904907227 32.3638687133789 32.4943237304688 32.8037490844727 -3.4e+38 -3.4e+38 29.8458976745605 29.6457824707031 30.1288375854492 29.3365058898926 29.0118255615234 29.6339206695557 29.7249965667725 29.2300357818604 29.4674434661865 29.3480644226074 -3.4e+38 -3.4e+38 -3.4e+38 -3.4e+38 -3.4e+38
-3.4e+38 -3.4e+38 -3.4e+38 -3.4e+38 -3.4e+38 -3.4e+38 -3.4e+38 -3.4e+38 32.8964042663574 32.8964042663574 32.8964042663574 32.8964042663574 32.8995132446289 32.8470001220703 32.7739067077637 -3.4e+38 32.6556243896484 32.6980056762695 32.4286193847656 32.1941833496094 32.0054893493652 31.9026851654053 32.056827545166 31.9026584625244 31.9028987884521 31.8139801025391 31.8342723846436 31.9834518432617 32.3628387451172 32.7442626953125 30.5740566253662 30.1389827728271 30.0354614257812 29.3632469177246 29.0555877685547 28.7392158508301 28.8724403381348 28.9586658477783 28.9633483886719 29.0100364685059 29.0560836791992 29.2753582000732 29.5933742523193 29.97292137146 -3.4e+38 -3.4e+38 -3.4e+38
-3.4e+38 -3.4e+38 -3.4e+38 -3.4e+38 -3.4e+38 -3.4e+38 -3.4e+38 -3.4e+38 32.8898429870605 32.8964042663574 32.8964042663574 32.8964042663574 32.8964042663574 32.9026260375977 32.8150596618652 32.7739067077637 32.6437301635742 32.5068626403809 32.2521209716797 32.012149810791 31.2594718933105 30.892671585083 30.2672748565674 29.9606227874756 29.9795913696289 29.8141040802002 29.5850505828857 29.7826251983643 29.8520965576172 29.7626304626465 29.5386905670166 29.095853805542 28.9862480163574 28.8131351470947 28.6509799957275 28.08203125 27.5394611358643 27.9362125396729 28.272611618042 28.3331623077393 28.392614364624 28.6852741241455 29.0110378265381 29.3309516906738 29.6620025634766 29.6997814178467 -3.4e+38
-3.4e+38 -3.4e+38 -3.4e+38 -3.4e+38 -3.4e+38 -3.4e+38 -3.4e+38 -3.4e+38 -3.4e+38 -3.4e+38 32.8964042663574 32.8964042663574 32.8964042663574 -3.4e+38 32.9088439941406 32.6810836791992 32.6268920898438 32.5549774169922 32.3616638183594 32.0054168701172 31.5113048553467 31.2091617584229 29.8621215820312 29.1219348907471 28.917013168335 28.8341178894043 28.8020725250244 28.9350032806396 28.9914093017578 28.8436756134033 28.7783679962158 28.7797870635986 28.8149452209473 28.3892860412598 27.6431541442871 25.956148147583 25.6660556793213 26.268627166748 27.2812843322754 27.5928001403809 27.7810707092285 28.2346267700195 28.7164649963379 28.9257755279541 29.2174015045166 29.6118812561035 30.30784034729
-3.4e+38 -3.4e+38 -3.4e+38 -3.4e+38 -3.4e+38 -3.4e+38 -3.4e+38 -3.4e+38 -3.4e+38 -3.4e+38 -3.4e+38 -3.4e+38 -3.4e+38 -3.4e+38 32.8130798339844 32.6848831176758 32.5947189331055 32.5473289489746 32.3012619018555 32.1627655029297 31.8789310455322 31.583911895752 29.7163009643555 28.979772567749 28.4394512176514 28.2352523803711 28.2615013122559 28.3537998199463 28.4603157043457 28.4898376464844 28.5414352416992 28.5364379882812 28.3157482147217 26.9267864227295 25.4463558197021 24.8424739837646 24.9777183532715 25.6259117126465 26.2412452697754 26.9906387329102 27.2829170227051 27.7742023468018 28.3610591888428 28.6373195648193 28.8618545532227 29.1016540527344 29.7656269073486
32.1119918823242 -3.4e+38 -3.4e+38 -3.4e+38 -3.4e+38 -3.4e+38 -3.4e+38 -3.4e+38 -3.4e+38 -3.4e+38 32.5500564575195 32.7192344665527 -3.4e+38 -3.4e+38 -3.4e+38 32.5194702148438 32.5705223083496 32.4973526000977 32.3403701782227 32.2275390625 32.0773696899414 31.0645217895508 29.3945293426514 28.7425098419189 28.1549301147461 28.0391330718994 28.1838798522949 28.3087615966797 28.3547439575195 28.3251342773438 28.3863735198975 28.1462306976318 27.1122589111328 24.9535064697266 24.3934326171875 24.4302577972412 24.6640548706055 25.0565242767334 25.5605907440186 26.059778213501 26.7692413330078 27.7193717956543 28.0768890380859 28.4094753265381 28.7325668334961 28.9264469146729 29.3100624084473
31.9018440246582 31.9929676055908 -3.4e+38 -3.4e+38 -3.4e+38 -3.4e+38 -3.4e+38 -3.4e+38 -3.4e+38 -3.4e+38 32.352237701416 32.4443664550781 32.542064666748 -3.4e+38 -3.4e+38 32.1759338378906 32.3529319763184 32.5940170288086 32.467903137207 32.213996887207 31.528148651123 29.9378700256348 28.9963073730469 28.5357151031494 28.1122169494629 28.2815437316895 28.4792327880859 28.3956890106201 28.4335708618164 28.2290210723877 27.9680824279785 27.2943935394287 26.1999855041504 24.0129165649414 23.6593589782715 23.6973686218262 24.0232105255127 24.4002475738525 24.9603290557861 25.4264526367188 26.056676864624 26.9553375244141 27.7406330108643 28.3094997406006 28.7321300506592 28.8849430084229 29.1312446594238
31.8092594146729 31.9047031402588 31.9622211456299 32.0468826293945 -3.4e+38 -3.4e+38 -3.4e+38 -3.4e+38 -3.4e+38 -3.4e+38 -3.4e+38 32.4066390991211 32.5116424560547 32.542064666748 32.1672897338867 32.1599044799805 32.6100120544434 32.6258316040039 32.1232643127441 31.0963306427002 29.5878257751465 28.8371734619141 28.5310230255127 28.0516567230225 27.9811229705811 28.0494956970215 28.1153106689453 27.9812622070312 27.6181144714355 27.3415126800537 26.9740028381348 25.9169921875 23.7396659851074 22.7813606262207 22.4007759094238 22.2550659179688 22.6437358856201 23.444278717041 24.1866817474365 24.7802982330322 25.3139572143555 26.0038242340088 27.1807498931885 28.0335960388184 28.570873260498 28.9108409881592 29.0168991088867
31.437141418457 31.7888774871826 31.9761028289795 32.202320098877 -3.4e+38 -3.4e+38 -3.4e+38 -3.4e+38 32.3646621704102 32.3633880615234 32.2708396911621 32.1365547180176 32.5424385070801 32.4504241943359 31.5007419586182 31.2011642456055 31.7807865142822 31.846508026123 31.4268684387207 29.7387084960938 28.2180938720703 27.7477874755859 27.633903503418 27.7700634002686 27.7196063995361 27.4968662261963 26.8830718994141 26.0659294128418 25.7208003997803 25.2811450958252 23.9652118682861 22.458179473877 21.5162925720215 21.4688568115234 21.3239498138428 21.1756439208984 22.2044639587402 22.6613216400146 23.3902397155762 24.0981464385986 24.62619972229 25.1054248809814 25.8185119628906 26.8362483978271 27.429328918457 27.8528709411621 28.0324115753174
31.035587310791 31.1890983581543 31.4391555786133 31.8158473968506 32.1157875061035 32.0995025634766 32.200065612793 32.2660293579102 32.2551345825195 32.2082061767578 32.2084922790527 32.3526306152344 31.30837059021 30.5825309753418 29.9576930999756 30.430908203125 31.5064697265625 31.6649932861328 31.1912078857422 29.4460678100586 27.9890117645264 26.8528289794922 27.1549777984619 26.6538581848145 25.5062713623047 25.0181331634521 24.0904312133789 23.0656032562256 22.1556816101074 21.0983982086182 20.0855369567871 19.5765743255615 19.5948390960693 20.2952404022217 20.5416145324707 21.0675048828125 21.9314460754395 22.4630699157715 23.0767688751221 23.5919227600098 24.1146030426025 24.4847431182861 24.7911148071289 25.1241092681885 25.7490119934082 26.4020614624023 27.130542755127
30.9622230529785 30.9410591125488 31.0933876037598 31.5306529998779 31.9097309112549 31.9734630584717 32.098690032959 32.1266136169434 32.0014953613281 31.8358001708984 31.5580043792725 30.2815933227539 29.7158470153809 29.2868957519531 28.9235134124756 29.1753559112549 29.7998657226562 31.8583831787109 31.7706966400146 30.0322933197021 26.946798324585 25.7323455810547 25.3401508331299 23.9678974151611 22.9498043060303 22.135383605957 20.6634502410889 19.8926773071289 19.4276504516602 19.0182113647461 18.8649063110352 18.8357353210449 19.0407524108887 19.6036128997803 20.27174949646 21.1945838928223 21.7999210357666 22.4446296691895 22.7314929962158 23.2719535827637 23.7581558227539 24.1703205108643 24.4430980682373 24.6666984558105 24.9641132354736 25.3217582702637 26.5548686981201
30.2095756530762 30.4010181427002 30.645414352417 31.0227203369141 31.1995887756348 31.1483993530273 31.1195545196533 31.0361461639404 30.7011566162109 30.1700477600098 29.8927898406982 29.5261650085449 29.1125774383545 28.5369033813477 27.9293823242188 27.6593627929688 28.0725421905518 29.187837600708 27.2388668060303 26.6933746337891 25.136157989502 23.8310775756836 23.0688037872314 22.2081108093262 21.0258483886719 20.0644035339355 19.5396766662598 18.9664669036865 18.7041778564453 18.5946636199951 18.5485076904297 18.5389728546143 18.8569488525391 19.5228652954102 20.3915462493896 21.2347717285156 21.7771320343018 22.2224807739258 22.4971141815186 23.0392379760742 23.5290489196777 23.7598323822021 24.1369876861572 24.4781494140625 24.859037399292 24.9965019226074 25.5033397674561
29.7523593902588 29.8239898681641 29.9737071990967 30.347713470459 30.7154483795166 30.6623859405518 30.2827987670898 29.9823989868164 29.7730617523193 29.7467403411865 29.5442028045654 28.9617881774902 28.3641033172607 27.7069759368896 27.2597732543945 26.9114685058594 26.7018032073975 26.4211559295654 25.3907527923584 24.2186126708984 22.795431137085 21.5007762908936 20.7864074707031 20.3354454040527 19.7435035705566 19.3720722198486 19.051441192627 18.6572647094727 18.4848251342773 18.3487873077393 18.2240695953369 18.4667682647705 18.9295597076416 19.4976177215576 20.2830200195312 20.9939785003662 21.6099720001221 21.9872264862061 22.4246406555176 22.8019161224365 23.236026763916 23.6122894287109 24.0076694488525 24.309196472168 24.6211128234863 25.0108985900879 25.1455230712891
29.2786178588867 29.3973789215088 29.5399475097656 29.6110687255859 29.7652225494385 29.8673496246338 29.8224239349365 29.7149200439453 29.6428451538086 29.4991073608398 29.0205821990967 27.7413311004639 25.917854309082 24.9376983642578 25.484992980957 26.141414642334 26.0577049255371 25.6105785369873 24.8986339569092 22.9985694885254 21.1424331665039 20.0132293701172 19.7506256103516 19.3868961334229 19.1189880371094 18.8412418365479 18.6887245178223 18.4366779327393 18.1950626373291 18.1998767852783 18.1506061553955 18.4452018737793 18.9019336700439 19.3973159790039 20.0523796081543 20.7464122772217 21.2316150665283 21.7444305419922 22.166332244873 22.4572429656982 22.9595184326172 23.4631462097168 23.7705326080322 24.1710777282715 24.5097312927246 24.7683258056641 25.0102062225342
28.4315795898438 28.6664752960205 28.8485260009766 28.9842414855957 29.0529937744141 29.0775451660156 29.2061614990234 29.1638298034668 28.9626750946045 28.6180534362793 28.1609535217285 27.474760055542 26.1142196655273 23.5712871551514 22.7717323303223 23.3758525848389 23.6915283203125 24.0405254364014 23.4846668243408 22.2665958404541 21.0699253082275 20.0572395324707 19.485107421875 19.2168579101562 18.998477935791 18.8229427337646 18.3302135467529 18.2449512481689 18.2034130096436 18.1745777130127 18.016637802124 18.1795959472656 18.6989002227783 19.2220058441162 19.6601963043213 20.3942127227783 20.8198280334473 21.2856750488281 21.6837215423584 22.1090755462646 22.4676246643066 22.8175582885742 23.3794441223145 23.7492809295654 24.1480827331543 24.4979820251465 24.828893661499
27.7897796630859 27.8330039978027 28.0022792816162 28.0475807189941 28.2252960205078 28.4044876098633 28.4101943969727 28.4072875976562 28.3227996826172 28.1170768737793 27.7272567749023 27.3744049072266 26.6787357330322 24.6633834838867 22.9285297393799 21.5253887176514 21.5250949859619 21.9694480895996 22.0532493591309 21.3687610626221 20.1672401428223 19.8451747894287 19.5294799804688 19.2417163848877 19.0905742645264 18.8965702056885 18.4142627716064 18.3037853240967 18.2396240234375 18.1885738372803 17.8518600463867 17.7878265380859 18.2542953491211 18.840799331665 19.2899913787842 19.7721652984619 20.2223739624023 20.6980838775635 21.1827144622803 21.5301971435547 21.8721408843994 22.3164348602295 22.6874027252197 23.1501178741455 23.5952930450439 24.0307083129883 24.4585494995117
27.2704620361328 27.3591270446777 27.4715003967285 27.5716457366943 27.6188945770264 27.5856609344482 27.5165424346924 27.5039920806885 27.4913845062256 27.3559951782227 26.8596134185791 26.6015224456787 25.8426780700684 24.5766925811768 22.6781616210938 21.021821975708 20.4871006011963 20.7079410552979 21.0299625396729 20.336009979248 20.0762157440186 19.6427116394043 19.2470073699951 19.2250747680664 19.1689319610596 18.948371887207 18.5358772277832 18.4277954101562 18.3334197998047 18.2791290283203 17.9693756103516 17.8434162139893 17.8152637481689 17.998815536499 18.4276657104492 18.7936820983887 19.1033401489258 19.7277946472168 20.3604011535645 20.7629299163818 21.0891456604004 21.5368785858154 21.9229755401611 22.3753795623779 22.6760444641113 23.2794933319092 23.7631740570068
