Ecospace-environmental-drivers/Outputs/ASCII-for-ecospace/Temp-avg/Temp-avg_X2013.03.asc
NCOLS 131 
NROWS 53 
XLLCORNER -98 
YLLCORNER 23.9265270233154 
CELLSIZE 0.133587792515755 
NODATA_value -3.4e+38 
[rows 21 to 41 of 53, columns 0 to 46 of 131]
-3.4e+38 -3.4e+38 -3.4e+38 -3.4e+38 -3.4e+38 -3.4e+38 19.9726486206055 19.9369430541992 19.7219676971436 19.8530311584473 19.3140964508057 18.4228057861328 17.991397857666 17.7530822753906 17.7178726196289 17.71630859375 17.7560596466064 17.8825435638428 18.0483226776123 18.2027606964111 18.3995838165283 18.557788848877 18.7522449493408 19.02610206604 19.2586688995361 19.4296131134033 19.5732841491699 19.6957664489746 19.8150787353516 19.9039287567139 19.98779296875 20.0100154876709 19.964376449585 19.9082412719727 19.8773765563965 19.8652153015137 19.8841342926025 19.9022521972656 19.912618637085 19.9159297943115 19.9227466583252 19.853609085083 19.746545791626 19.6945037841797 19.5942668914795 19.5435829162598 19.5292377471924
-3.4e+38 -3.4e+38 -3.4e+38 -3.4e+38 -3.4e+38 -3.4e+38 19.9934749603271 19.9518222808838 19.8655300140381 19.0819606781006 18.2357044219971 17.8874225616455 17.8385124206543 17.9773826599121 18.1079044342041 18.2564105987549 18.4281692504883 18.6661434173584 18.8768653869629 18.9769954681396 19.0795650482178 19.2034912109375 19.3717288970947 19.5618133544922 19.7046985626221 19.85964012146 19.9945240020752 20.1059093475342 20.1653537750244 20.1770343780518 20.1913299560547 20.1691970825195 20.1131649017334 20.0716915130615 20.0505695343018 20.0453357696533 20.0602550506592 20.0947284698486 20.1093978881836 20.1053409576416 20.1105918884277 20.0931930541992 20.0608539581299 20.0323028564453 20.0386924743652 20.0204887390137 20.0032234191895
-3.4e+38 -3.4e+38 -3.4e+38 -3.4e+38 20.064826965332 20.0382499694824 19.9615821838379 19.9633865356445 19.1266040802002 18.1438865661621 17.9153480529785 17.9946308135986 18.2463893890381 18.5149230957031 18.7627601623535 18.9984569549561 19.2169971466064 19.4383811950684 19.663948059082 19.6641616821289 19.6159744262695 19.7493515014648 20.0130748748779 20.1287307739258 20.1451797485352 20.2470111846924 20.2536125183105 20.2119464874268 20.2490348815918 20.2060489654541 20.179479598999 20.1323623657227 20.1130752563477 20.1077747344971 20.0247230529785 20.0213356018066 20.0234298706055 20.0347557067871 20.0730648040771 19.9375610351562 20.0071582794189 20.1106948852539 19.9854412078857 19.8791217803955 19.9129066467285 20.0023822784424 19.9570293426514
-3.4e+38 -3.4e+38 -3.4e+38 -3.4e+38 20.1618423461914 19.967809677124 20.1065444946289 18.9240970611572 18.2273292541504 18.0045280456543 18.116268157959 18.3449077606201 18.5977153778076 18.8620567321777 19.1725177764893 19.4515972137451 19.6676921844482 19.8410987854004 20.0013160705566 19.8819522857666 19.7944850921631 19.802526473999 19.7671585083008 19.6896629333496 19.7865180969238 19.9373664855957 19.8509063720703 19.9000701904297 20.0576629638672 19.9435806274414 20.009349822998 20.0395774841309 20.0096244812012 19.8735256195068 19.9635772705078 19.9772777557373 19.7644214630127 19.7509326934814 19.6108818054199 19.0335788726807 19.255802154541 19.3481578826904 19.7202091217041 19.4077625274658 19.5327415466309 19.7195491790771 19.7124481201172
-3.4e+38 -3.4e+38 -3.4e+38 -3.4e+38 -3.4e+38 19.8634071350098 19.7996196746826 18.3822059631348 18.0736999511719 18.149621963501 18.359094619751 18.6274147033691 18.9283123016357 19.2378845214844 19.5284557342529 19.6938095092773 19.7889976501465 19.7395095825195 19.6480865478516 19.369665145874 19.0570907592773 18.6230964660645 18.2995147705078 18.4382228851318 18.4680614471436 18.4765281677246 18.6139755249023 18.830924987793 19.1372928619385 18.9285755157471 19.3107738494873 19.5429210662842 19.6975994110107 19.5835361480713 19.7603740692139 19.7535362243652 19.8276348114014 19.7460994720459 19.4650936126709 18.3696537017822 18.4279556274414 18.457670211792 18.6397037506104 18.5666751861572 18.4485626220703 18.5287094116211 18.2703800201416
-3.4e+38 -3.4e+38 -3.4e+38 -3.4e+38 -3.4e+38 19.9765663146973 18.6517601013184 18.1582698822021 18.1697845458984 18.3859729766846 18.6545066833496 19.0111141204834 19.386360168457 19.6425952911377 19.7211475372314 19.6158771514893 19.28151512146 18.5832538604736 17.9495048522949 17.2027282714844 16.7537479400635 16.4396667480469 16.4375190734863 16.7244358062744 16.8533878326416 16.7103042602539 16.7686634063721 16.7897071838379 16.9656257629395 17.7586917877197 17.7055034637451 18.2332363128662 18.4684906005859 19.2396621704102 19.6263446807861 19.3890399932861 19.5419502258301 19.173957824707 17.9298801422119 17.3154907226562 17.9134407043457 18.035737991333 17.7575511932373 17.7391624450684 17.3426361083984 17.2032489776611 17.3464050292969
-3.4e+38 -3.4e+38 20.3198471069336 19.9220733642578 19.7967758178711 19.4977684020996 18.3378849029541 18.1796855926514 18.3670177459717 18.699462890625 19.0751209259033 19.4690189361572 19.7450847625732 19.7518768310547 19.5937366485596 19.2005252838135 18.4674587249756 17.7439212799072 16.8598594665527 16.4000587463379 16.088041305542 15.8064966201782 15.9292726516724 16.0033283233643 16.0165920257568 16.0275611877441 16.0462398529053 15.8625783920288 15.9578189849854 16.2350788116455 16.8310222625732 17.5328598022461 17.9602432250977 18.554615020752 18.4387149810791 18.685525894165 18.50146484375 17.7650489807129 17.2349071502686 16.822639465332 17.5034465789795 16.9332370758057 16.7551002502441 16.8264827728271 17.1055526733398 17.0640773773193 16.2349147796631
-339999999999999996128486808808066248288.000000000000000 -3.4e+38 -3.4e+38 -3.4e+38 19.6495952606201 18.8971939086914 18.242696762085 18.2868175506592 18.6326694488525 19.0389652252197 19.4565410614014 19.7499504089355 19.7829761505127 19.5599403381348 19.1628589630127 18.5433216094971 17.85471534729 16.9572277069092 16.222599029541 15.9507999420166 15.7326183319092 15.5113325119019 15.5319299697876 15.6454401016235 15.6346921920776 15.630012512207 15.6078929901123 15.5676860809326 15.4615068435669 15.7771310806274 16.4019241333008 17.1108722686768 17.5431938171387 17.7004432678223 17.7747421264648 17.6108798980713 17.3861999511719 17.361213684082 17.216968536377 16.370885848999 16.5896625518799 16.5109806060791 16.4383640289307 16.2998790740967 16.5861530303955 16.2655334472656 15.2380924224854
-3.4e+38 -3.4e+38 -3.4e+38 -3.4e+38 19.4066886901855 18.5589275360107 18.2593593597412 18.4522533416748 18.8981170654297 19.3029193878174 19.6984882354736 19.7416534423828 19.559009552002 19.3139667510986 18.7116584777832 18.20703125 17.458911895752 16.5865631103516 15.8811511993408 15.4755258560181 15.4326505661011 15.2923069000244 15.255542755127 15.2301540374756 15.2286691665649 15.2368116378784 15.3604154586792 15.4619255065918 15.0491914749146 15.4315366744995 16.3016948699951 16.465991973877 17.0270347595215 17.0450859069824 17.251163482666 17.1302108764648 17.0632991790771 16.8524436950684 16.879955291748 16.2311000823975 16.1910419464111 16.0656394958496 15.51136302948 15.0912017822266 15.0119724273682 15.2115678787231 14.6332130432129
-3.4e+38 -3.4e+38 -3.4e+38 -3.4e+38 19.2553806304932 18.6203994750977 18.3058280944824 18.5650062561035 19.0478515625 19.44993019104 19.7072696685791 19.4996433258057 19.2286930084229 18.798412322998 18.3063774108887 17.6379261016846 16.8949604034424 16.3612117767334 15.6741094589233 15.2501049041748 15.1518278121948 14.865122795105 14.7840375900269 14.729603767395 14.8786010742188 15.0335216522217 15.2756185531616 15.3264608383179 15.1699142456055 15.372350692749 16.0405120849609 16.3894557952881 16.0747737884521 16.6133670806885 16.7236728668213 15.9769077301025 16.1458759307861 16.2524166107178 16.1099815368652 15.8646364212036 15.698353767395 15.3348150253296 15.1379251480103 15.0235862731934 14.8837509155273 14.7070302963257 14.6148700714111
-3.4e+38 -3.4e+38 -3.4e+38 -3.4e+38 19.3911952972412 18.7426586151123 18.383659362793 18.6470050811768 19.1150035858154 19.4865570068359 19.617639541626 19.2543144226074 19.0106086730957 18.5128765106201 17.9903125762939 17.1852531433105 16.6117286682129 16.2599067687988 15.4596786499023 15.0602951049805 14.8240776062012 14.6815090179443 14.6793699264526 14.6513185501099 14.6251993179321 14.810905456543 15.2344398498535 15.0843839645386 14.4195756912231 15.1184453964233 16.0288429260254 15.9188079833984 15.8312187194824 16.1267433166504 15.9849624633789 15.6394863128662 15.5516166687012 16.0277423858643 15.4437828063965 15.5035724639893 15.1782455444336 15.0204830169678 14.6845779418945 14.8087673187256 14.5007829666138 14.6442680358887 14.6232852935791
-3.4e+38 -3.4e+38 -3.4e+38 -3.4e+38 19.5098419189453 18.9465007781982 18.5029926300049 18.7095127105713 19.1301040649414 19.4453277587891 19.5920028686523 19.2595691680908 18.9147453308105 18.5213298797607 17.7200679779053 16.9628009796143 16.0755310058594 15.7581558227539 15.452244758606 14.9682464599609 14.6623964309692 14.5286407470703 14.5630130767822 14.7800064086914 14.7568836212158 14.77405834198 15.0693292617798 14.9218654632568 14.7615432739258 15.4964427947998 15.7387714385986 15.4162101745605 15.5575723648071 15.5370063781738 16.0019207000732 15.7659187316895 15.8238296508789 15.5143728256226 15.3252449035645 15.2564687728882 15.033670425415 14.9728479385376 14.7770948410034 14.5984210968018 14.7404718399048 14.4294672012329 14.2963495254517
-3.4e+38 -3.4e+38 -3.4e+38 -3.4e+38 19.757022857666 19.2081203460693 18.6636199951172 18.77223777771 19.1359405517578 19.3813400268555 19.5230464935303 19.3290100097656 19.1971054077148 18.6493396759033 17.5632266998291 16.5578937530518 15.6485977172852 15.4502925872803 15.1608390808105 14.8781328201294 14.7025012969971 14.6675968170166 14.6344575881958 14.6576232910156 14.7901000976562 14.9039964675903 15.0883731842041 15.1211624145508 15.2578067779541 15.4322166442871 15.3925943374634 15.3686857223511 15.4621286392212 15.3312540054321 15.2789964675903 15.337306022644 15.2795715332031 15.155933380127 15.1245899200439 14.8821334838867 14.727484703064 14.6932954788208 14.4816389083862 14.5603828430176 14.4577856063843 14.3420257568359 14.2369556427002
-3.4e+38 -3.4e+38 -3.4e+38 -3.4e+38 -3.4e+38 19.5350074768066 18.8249702453613 18.861177444458 19.1830253601074 19.4474010467529 19.4703750610352 19.4430637359619 19.6244564056396 18.7047748565674 17.5972537994385 16.4560413360596 15.7225685119629 15.4340124130249 15.0877285003662 14.8524360656738 14.849308013916 14.8414926528931 14.8451528549194 14.8282852172852 14.7969884872437 14.6266222000122 14.6185541152954 14.7414436340332 14.9957704544067 15.0770883560181 15.2060670852661 15.4222602844238 15.4133243560791 15.2120046615601 15.1839008331299 15.15846824646 15.0517692565918 15.1122131347656 14.9931898117065 14.7935695648193 14.7811737060547 14.7424173355103 14.571891784668 14.4183397293091 14.3529167175293 14.3443231582642 14.1284942626953
-3.4e+38 -3.4e+38 -3.4e+38 -3.4e+38 -3.4e+38 19.8666915893555 19.0721645355225 18.9225254058838 19.2145900726318 19.5318489074707 19.5483264923096 19.6194629669189 19.8248481750488 19.0663909912109 17.7200355529785 16.721643447876 15.9240808486938 15.418251991272 15.0096549987793 14.9119205474854 14.9615478515625 14.9986753463745 15.0283584594727 14.7444543838501 14.6564407348633 14.3877973556519 14.364595413208 14.5773735046387 14.9184474945068 15.214714050293 15.295449256897 15.3338403701782 15.3533563613892 15.0923385620117 15.0166501998901 15.0143871307373 14.9963760375977 14.9606122970581 14.9327068328857 14.8497114181519 14.8656492233276 14.613597869873 14.4777708053589 14.5043449401855 14.2163782119751 14.1552314758301 13.907883644104
-3.4e+38 -3.4e+38 -3.4e+38 -3.4e+38 -3.4e+38 20.539722442627 19.4078388214111 18.9832096099854 19.1811981201172 19.4203948974609 19.5531578063965 19.9111518859863 20.3763332366943 19.2104740142822 17.8276119232178 16.79638671875 16.1506881713867 15.5815353393555 15.1565008163452 14.9574794769287 15.007716178894 15.0047006607056 14.6842079162598 14.6434679031372 14.5729579925537 14.1660671234131 14.2590751647949 14.6534852981567 14.7843894958496 15.0189971923828 15.0496311187744 15.106424331665 15.0659580230713 15.0441102981567 14.6203603744507 14.7242593765259 15.0057210922241 15.0140428543091 14.9150772094727 14.9760446548462 14.9430274963379 14.6469602584839 14.4804830551147 14.4233121871948 14.3214387893677 14.0355052947998 13.8759603500366
-3.4e+38 -3.4e+38 -3.4e+38 -3.4e+38 -3.4e+38 -3.4e+38 19.9400672912598 19.0570850372314 19.1288433074951 19.3077964782715 19.6292819976807 20.2620697021484 20.5447978973389 19.0083637237549 17.7856369018555 16.7871246337891 16.3049545288086 15.8403358459473 15.1672859191895 14.9202575683594 14.8323450088501 14.6628475189209 14.3769083023071 14.3075771331787 14.1368913650513 14.1124773025513 14.1852760314941 14.3455619812012 14.3642253875732 14.5247716903687 14.6639518737793 14.6341638565063 14.7729988098145 14.7644166946411 14.4656219482422 14.5123949050903 14.6778287887573 14.7070722579956 14.6871662139893 14.799126625061 14.674370765686 14.5856828689575 14.5018043518066 14.3753433227539 14.2124891281128 14.0252323150635 13.7826156616211
-3.4e+38 -3.4e+38 -3.4e+38 -3.4e+38 -3.4e+38 -3.4e+38 20.0273952484131 19.1783428192139 19.2335910797119 19.5076599121094 19.9757556915283 20.6606941223145 20.8260955810547 19.2181053161621 17.7465496063232 16.8608913421631 16.4367027282715 15.8316440582275 14.9398241043091 14.7886571884155 14.5422983169556 14.518762588501 14.3021926879883 14.0856008529663 13.9998178482056 14.0591697692871 14.2409029006958 14.087329864502 14.0895824432373 14.1508073806763 14.1895360946655 14.2008285522461 14.2144708633423 14.2316770553589 14.2215547561646 14.2075910568237 14.3005886077881 14.5851984024048 14.7240028381348 14.6983623504639 14.6831846237183 14.6052103042603 14.508261680603 14.3765344619751 14.2160720825195 14.0372095108032 13.8938484191895
-3.4e+38 -3.4e+38 -3.4e+38 -3.4e+38 -3.4e+38 -3.4e+38 20.3764667510986 19.3120727539062 19.4478302001953 19.8576679229736 20.4278869628906 21.0028953552246 20.8767528533936 19.387487411499 17.7724952697754 16.9154396057129 16.5678215026855 16.100793838501 14.8092794418335 14.4635992050171 14.3408193588257 14.1331224441528 13.9267911911011 13.8915023803711 13.7966012954712 13.8779954910278 13.9775381088257 14.1335802078247 14.130256652832 14.1785707473755 14.2202730178833 14.2457580566406 14.2583036422729 14.266185760498 14.262638092041 14.2480640411377 14.2325811386108 14.2541074752808 14.3157615661621 14.4842071533203 14.5921001434326 14.5159826278687 14.4406309127808 14.1829891204834 13.9771957397461 13.8993949890137 13.9300661087036
-3.4e+38 -3.4e+38 -3.4e+38 -3.4e+38 -3.4e+38 20.3923683166504 20.364616394043 19.4604072570801 19.7126083374023 20.2426147460938 20.8145542144775 21.2381706237793 20.834056854248 19.3042430877686 17.6016387939453 16.7474575042725 16.4154853820801 15.9382953643799 15.0612487792969 14.1052894592285 14.0977163314819 14.0326118469238 13.8959045410156 13.787202835083 13.7868642807007 13.8799428939819 13.986837387085 14.0724840164185 14.1400985717773 14.2000951766968 14.2495527267456 14.2750854492188 14.2834196090698 14.2928686141968 14.2919816970825 14.2808074951172 14.2624683380127 14.2326698303223 14.1905603408813 14.1467514038086 14.0993051528931 14.0471258163452 14.0404510498047 14.028847694397 13.8911027908325 13.742486000061 13.5220699310303
-3.4e+38 -3.4e+38 -3.4e+38 -3.4e+38 21.3625164031982 20.5823631286621 20.4360218048096 19.6582260131836 20.0451164245605 20.6137447357178 21.1160755157471 21.3174438476562 20.6128520965576 18.7550830841064 17.1647605895996 16.3597812652588 16.2062816619873 15.6951866149902 15.1388349533081 14.2413368225098 13.8876819610596 13.7565422058105 13.6388883590698 13.6890544891357 13.7569627761841 13.8528995513916 13.9571380615234 14.0539875030518 14.1268939971924 14.1883716583252 14.2446441650391 14.2801942825317 14.2961139678955 14.3056659698486 14.3087949752808 14.2956743240356 14.2717161178589 14.2364702224731 14.1940021514893 14.1534481048584 14.0936822891235 14.0124292373657 13.9112157821655 13.7988882064819 13.7575130462646 13.5692768096924 13.4511442184448
