Ecospace-environmental-drivers/Outputs/ASCII-for-ecospace/Temp-avg/Temp-avg_X1996.04.asc
NCOLS 131 
NROWS 53 
XLLCORNER -98 
YLLCORNER 23.9265270233154 
CELLSIZE 0.133587792515755 
NODATA_value -3.4e+38 
[rows 21 to 41 of 53, columns 47 to 93 of 131]
20.0768489837646 20.0058765411377 20.0253887176514 20.0500049591064 20.0349025726318 19.9833068847656 19.8110828399658 19.7926464080811 19.8416652679443 19.7076435089111 19.3851718902588 19.2079906463623 18.8218879699707 18.1060390472412 17.6082744598389 16.9478740692139 16.1545429229736 15.9470348358154 16.0524482727051 15.9143753051758 15.6035585403442 15.4552278518677 15.3948955535889 15.4169187545776 15.3409051895142 15.309289932251 15.4143562316895 15.4993391036987 15.468542098999 15.2994003295898 15.3181648254395 15.3336067199707 15.3509311676025 15.3630485534668 15.3875198364258 15.4237203598022 15.557092666626 15.8574552536011 16.619010925293 17.086877822876 17.2586688995361 17.3548278808594 17.5762062072754 17.8730640411377 18.1304912567139 18.2931823730469 18.4790325164795
19.9272842407227 19.8941268920898 19.9364624023438 19.9728527069092 20.0339870452881 19.8868198394775 19.3392925262451 19.4269466400146 19.0707035064697 18.4822311401367 18.1406707763672 17.8848743438721 17.7432460784912 17.3055438995361 16.9013671875 16.7701015472412 16.049861907959 15.8769969940186 15.6626958847046 15.7136917114258 15.6261711120605 15.438286781311 15.4055166244507 15.1730690002441 15.1953210830688 15.2687387466431 15.376317024231 15.4664602279663 15.3332538604736 15.1923789978027 15.2132635116577 15.2211389541626 15.2592639923096 15.2811727523804 15.3088884353638 15.3520393371582 15.4468650817871 15.5291728973389 15.6139373779297 15.9170875549316 16.2739143371582 16.5194854736328 16.7978210449219 17.2529182434082 17.6274871826172 17.8468685150146 18.0866985321045
19.3264141082764 19.2715473175049 19.5140953063965 19.2423000335693 19.0040912628174 18.7014198303223 18.7751598358154 18.3317184448242 17.871545791626 17.6153259277344 17.5331954956055 17.7066822052002 17.2740612030029 16.9033718109131 16.3763236999512 16.1399459838867 16.0029392242432 15.7653961181641 15.665358543396 15.6836023330688 15.7022485733032 15.534556388855 15.4643497467041 15.1539621353149 15.1788949966431 15.2441854476929 15.2974367141724 15.3239116668701 15.1335372924805 15.1423063278198 15.1558275222778 15.1726274490356 15.192084312439 15.2185468673706 15.2486391067505 15.2733745574951 15.3195314407349 15.3600292205811 15.2038507461548 15.2502136230469 15.29896068573 15.3345279693604 15.650915145874 16.1854858398438 16.7567138671875 17.3282737731934 17.6585559844971
18.092357635498 18.1500225067139 17.8988075256348 18.1722145080566 18.111400604248 17.9917373657227 17.6996402740479 17.5340518951416 17.1824169158936 17.4003620147705 17.3294734954834 17.4386138916016 16.9260730743408 16.688268661499 16.521842956543 16.3663063049316 16.0090618133545 15.8698415756226 15.7718982696533 15.6023044586182 15.5285596847534 15.4845190048218 15.4944200515747 15.3055906295776 15.1819791793823 15.1994676589966 14.9914102554321 14.9370107650757 14.9398279190063 14.9561643600464 14.9501399993896 14.9338121414185 14.9268970489502 14.9369688034058 14.8046998977661 14.8079175949097 14.8059015274048 14.9196615219116 14.998836517334 15.0576086044312 15.1126556396484 15.1461238861084 15.1561918258667 15.2268581390381 15.66077709198 16.3946075439453 17.1329898834229
17.4323024749756 17.2833995819092 17.2236843109131 17.1145153045654 17.0423145294189 17.5014724731445 17.0807876586914 17.2730388641357 17.0256576538086 17.047550201416 16.9912033081055 16.9579582214355 16.9164810180664 16.8771419525146 16.8100719451904 16.5016975402832 16.1006088256836 15.9092769622803 15.7617530822754 15.6076707839966 15.5628509521484 15.5363311767578 15.5397281646729 15.5478324890137 15.2556972503662 15.213677406311 15.1704988479614 14.8439111709595 14.7521619796753 14.7358093261719 14.6992120742798 14.6452054977417 14.6006326675415 14.5291013717651 14.3452939987183 14.4078187942505 14.4557867050171 14.5630760192871 14.7241039276123 14.8710794448853 14.9671716690063 15.0501041412354 15.1191291809082 15.169020652771 15.214919090271 15.5970678329468 16.5317897796631
16.8686351776123 16.9190254211426 16.875 16.5501689910889 16.7540740966797 16.9940376281738 17.0295696258545 16.8650913238525 17.060209274292 16.9971389770508 17.1124114990234 17.0346755981445 17.0881118774414 16.850284576416 16.6250839233398 16.334005355835 16.2163486480713 16.1102466583252 15.981632232666 15.8760871887207 15.7688684463501 15.660795211792 15.3665103912354 15.3244771957397 15.3171510696411 15.2348108291626 15.2048387527466 14.9175090789795 14.6810960769653 14.6192445755005 14.5728158950806 14.5259742736816 14.5031795501709 14.3210353851318 14.2054624557495 14.2435855865479 14.3342657089233 14.4084491729736 14.4784507751465 14.5891389846802 14.7548761367798 14.8754281997681 14.9673318862915 15.0763759613037 15.1494789123535 15.2023830413818 15.8647613525391
16.6224460601807 16.6273288726807 16.5107078552246 16.3874244689941 16.5313701629639 16.6044101715088 16.6098766326904 16.8329849243164 16.9201126098633 16.8205280303955 16.8909091949463 16.9424114227295 16.976900100708 16.8590278625488 16.5051231384277 16.3653106689453 16.1373062133789 16.0436019897461 16.0488452911377 15.9975452423096 16.0127391815186 15.6427946090698 15.4676666259766 15.3821058273315 15.3531560897827 15.3198623657227 15.2201442718506 14.8996181488037 14.7324247360229 14.6012029647827 14.5490226745605 14.4959659576416 14.4640130996704 14.45046043396 14.346622467041 14.1642446517944 14.30908203125 14.4355564117432 14.4913158416748 14.5089063644409 14.5471296310425 14.6253662109375 14.7163028717041 14.7960987091064 14.8794679641724 14.936559677124 15.2344551086426
16.5227069854736 16.3842258453369 16.3052368164062 16.4329986572266 16.4311466217041 16.2303867340088 16.3366794586182 16.651086807251 16.754861831665 16.9749946594238 17.0241222381592 16.95068359375 16.8321781158447 16.8092842102051 16.735523223877 16.7018432617188 16.6006679534912 16.4485855102539 16.2580604553223 16.0745716094971 15.9258642196655 15.822193145752 15.699161529541 15.5472822189331 15.382716178894 15.1595239639282 14.9836225509644 14.8770227432251 14.7970066070557 14.6729459762573 14.6049222946167 14.5559425354004 14.5006713867188 14.4590587615967 14.3830976486206 14.412899017334 14.4203319549561 14.6127500534058 14.6332416534424 14.5966854095459 14.5501432418823 14.5130949020386 14.5183792114258 14.5967588424683 14.7020978927612 14.76513671875 14.8289728164673
16.2845039367676 16.3553466796875 16.3375930786133 16.2595500946045 16.2043151855469 16.2057590484619 16.2963428497314 16.4677658081055 16.6429138183594 16.7830696105957 16.6904392242432 16.7401714324951 16.8682994842529 16.9925136566162 17.0817356109619 17.1205291748047 17.099910736084 17.000072479248 16.8014392852783 16.5501289367676 16.2830066680908 16.047571182251 15.8981895446777 15.7593421936035 15.3458881378174 15.1282806396484 15.026026725769 14.9334497451782 14.860463142395 14.7785596847534 14.6867914199829 14.6404218673706 14.6054391860962 14.6172866821289 14.7298440933228 14.909158706665 14.7415199279785 14.8165235519409 14.8882350921631 14.8414535522461 14.7695379257202 14.6927738189697 14.6366662979126 14.5958166122437 14.5880947113037 14.6791915893555 14.7062740325928
16.3242130279541 16.3457717895508 16.0449981689453 16.019193649292 16.218297958374 16.1836624145508 16.3982334136963 16.5396785736084 16.711540222168 16.6347751617432 16.720401763916 16.8030261993408 16.8702507019043 17.1193904876709 17.2273807525635 17.2900314331055 17.1272792816162 16.9914875030518 16.8804225921631 16.8078441619873 16.7123870849609 16.4063510894775 16.1304988861084 15.9345016479492 15.5027275085449 15.274619102478 15.1059513092041 14.9791784286499 14.902889251709 14.8514642715454 14.8025379180908 14.7905702590942 14.8453798294067 14.9589824676514 15.0385389328003 15.0932521820068 14.9737987518311 14.9943723678589 15.0753898620605 15.1088218688965 15.0939569473267 15.0436201095581 14.9656457901001 14.8788909912109 14.783504486084 14.7090826034546 14.7122611999512
16.132137298584 16.3412628173828 16.1315956115723 16.0731868743896 16.2606048583984 16.3322830200195 16.4455718994141 16.5786304473877 16.7338924407959 16.6202068328857 16.6917209625244 16.6950931549072 16.8883514404297 17.0416603088379 17.1591949462891 17.2252082824707 17.2445964813232 17.2007579803467 17.09641456604 16.931324005127 16.8750076293945 16.7157497406006 16.4168357849121 16.1173324584961 15.7218923568726 15.4054174423218 15.202467918396 15.0312061309814 14.9314889907837 14.8740015029907 14.8891773223877 15.0016689300537 15.1197957992554 15.1737003326416 15.2501249313354 15.3735256195068 15.2571401596069 15.3125476837158 15.3900117874146 15.4324340820312 15.4521350860596 15.4676942825317 15.432578086853 15.349045753479 15.2341957092285 15.0791349411011 14.8999443054199
16.3684864044189 16.3321762084961 16.2744522094727 16.0182151794434 16.2658672332764 16.1235446929932 16.1601753234863 16.2930583953857 16.4900703430176 16.4185047149658 16.5660629272461 16.8016376495361 17.0148830413818 17.163158416748 17.2912902832031 17.3732948303223 17.4028358459473 17.3693408966064 17.2744998931885 17.1233711242676 16.9154186248779 16.7402820587158 16.6418323516846 16.3072185516357 15.9166994094849 15.4883222579956 15.2634506225586 15.0670394897461 14.9692716598511 14.9576282501221 15.1249904632568 15.2327823638916 15.2979297637939 15.3933048248291 15.5114727020264 15.6582231521606 15.5387582778931 15.6119318008423 15.7372961044312 15.8670997619629 15.9543056488037 15.9899272918701 15.9693002700806 15.8971691131592 15.7540855407715 15.5669374465942 15.3488893508911
16.1240749359131 16.0216789245605 15.9656782150269 15.9565200805664 16.0592918395996 16.0618324279785 16.1551456451416 16.158727645874 16.2050094604492 16.4011878967285 16.6163444519043 16.8704090118408 17.0789260864258 17.2522602081299 17.4054775238037 17.4865989685059 17.5050449371338 17.4708080291748 17.3908843994141 17.2619476318359 17.0735206604004 16.7945384979248 16.5128135681152 16.1687316894531 15.8071336746216 15.5368671417236 15.2838449478149 15.0847454071045 15.0493936538696 15.2153577804565 15.3208360671997 15.3707523345947 15.4420804977417 15.5885438919067 15.7716665267944 15.8482446670532 15.8653335571289 16.0587158203125 16.251766204834 16.3918590545654 16.4583530426025 16.478271484375 16.4488964080811 16.3756484985352 16.2690753936768 16.1010036468506 15.8781442642212
16.0560245513916 16.0225925445557 15.9924058914185 15.974292755127 16.0093631744385 16.1107311248779 15.9629240036011 15.9928188323975 16.2254886627197 16.3747844696045 16.4110488891602 16.5666370391846 16.8834095001221 17.0251026153564 17.1804008483887 17.4036693572998 17.5126132965088 17.5333576202393 17.447774887085 17.3319664001465 17.1530151367188 16.8886699676514 16.5532875061035 16.1732616424561 15.8120813369751 15.5227937698364 15.2399711608887 15.1106128692627 15.2289924621582 15.3388805389404 15.3697023391724 15.4274082183838 15.5199117660522 15.653546333313 15.8121042251587 16.0213661193848 16.2613277435303 16.5069026947021 16.7262763977051 16.8775081634521 16.9771671295166 17.0299835205078 17.0261840820312 16.9601211547852 16.8347053527832 16.6581420898438 16.4145679473877
16.0772247314453 16.0612754821777 16.0240783691406 16.0088729858398 16.0206871032715 16.1335372924805 15.6953582763672 15.7414445877075 15.9311323165894 16.1049766540527 16.3077659606934 16.5594520568848 16.8029727935791 17.0108737945557 17.1219062805176 17.1951923370361 17.2353916168213 17.2179145812988 17.2738151550293 17.3477973937988 17.1655254364014 16.9126892089844 16.5992088317871 16.1850929260254 15.7854661941528 15.4517278671265 15.153507232666 15.2433643341064 15.3495531082153 15.3779277801514 15.3640556335449 15.2939949035645 15.5345087051392 15.8323659896851 16.1339435577393 16.4443416595459 16.7804718017578 17.1060562133789 17.3662643432617 17.5376853942871 17.6463775634766 17.6882648468018 17.6794357299805 17.6086578369141 17.4873905181885 17.308235168457 17.0493412017822
16.0889301300049 16.0917663574219 16.0752544403076 15.9652309417725 15.870062828064 15.6620826721191 15.6169700622559 15.7132902145386 15.8948612213135 16.0787830352783 16.2694778442383 16.5178833007812 16.7623252868652 16.9591884613037 17.0726413726807 17.1521949768066 17.1851711273193 17.1627979278564 17.0859775543213 17.0168628692627 17.0339126586914 16.8901386260986 16.5606861114502 16.120906829834 15.7061653137207 15.3439750671387 15.2147188186646 15.3483285903931 15.3441953659058 15.2819747924805 15.2914400100708 15.5622720718384 15.8709421157837 16.2085819244385 16.5910339355469 17.0228290557861 17.4436531066895 17.7544956207275 17.9602184295654 18.0654983520508 18.1214065551758 18.1394290924072 18.1286506652832 18.0811042785645 17.9922275543213 17.8444366455078 17.6427040100098
16.0836620330811 16.0675392150879 15.8266410827637 15.5108327865601 15.4529809951782 15.5625467300415 15.6220502853394 15.6972332000732 15.8591070175171 16.0453701019287 16.2318496704102 16.4392948150635 16.6510124206543 16.8568477630615 16.9838390350342 17.063793182373 17.1024265289307 17.0770874023438 17.004035949707 16.8900508880615 16.733606338501 16.5492115020752 16.3484668731689 15.8165445327759 15.4178218841553 15.1881761550903 15.1729803085327 15.157883644104 15.1145248413086 15.2223215103149 15.5283908843994 15.8667030334473 16.2463073730469 16.6800003051758 17.1349697113037 17.6061553955078 17.9802665710449 18.2175960540771 18.3389568328857 18.3962802886963 18.4235038757324 18.4242649078369 18.4000129699707 18.3568058013916 18.2915802001953 18.1881980895996 18.0414390563965
15.9141082763672 15.7605304718018 15.4958190917969 15.4591274261475 15.4488201141357 15.5513639450073 15.6213092803955 15.7020282745361 15.8425970077515 16.0145874023438 16.1801567077637 16.3298301696777 16.4848308563232 16.6941909790039 16.8362865447998 16.9263572692871 16.9695644378662 16.9582633972168 16.8927173614502 16.7812347412109 16.6105098724365 16.3142185211182 15.9698057174683 15.6152629852295 15.2723569869995 15.1234149932861 15.0946016311646 15.1300134658813 15.2139158248901 15.4499578475952 15.8003396987915 16.225154876709 16.6793670654297 17.1438102722168 17.5837650299072 18.0426216125488 18.3394107818604 18.4993495941162 18.5881080627441 18.6107082366943 18.6117668151855 18.6045074462891 18.5823097229004 18.5552539825439 18.5046234130859 18.405122756958 18.277811050415
15.4564943313599 15.4198665618896 15.4266176223755 15.4312229156494 15.4347333908081 15.4988775253296 15.602915763855 15.7036199569702 15.8213624954224 15.9791784286499 16.143404006958 16.2825202941895 16.3552875518799 16.4854965209961 16.6187000274658 16.7079200744629 16.7533721923828 16.7514095306396 16.6967353820801 16.5921306610107 16.4098205566406 16.1511096954346 15.8853921890259 15.6146621704102 15.3364667892456 15.23903465271 15.2148323059082 15.2800693511963 15.4097146987915 15.7148303985596 16.1488475799561 16.6067047119141 17.055513381958 17.463659286499 17.9287033081055 18.3278255462646 18.5428047180176 18.6668071746826 18.7217807769775 18.7209777832031 18.7160472869873 18.7137756347656 18.6876888275146 18.6585388183594 18.6103572845459 18.5517826080322 18.4478206634521
15.3787508010864 15.4171943664551 15.4343328475952 15.442551612854 15.4537925720215 15.5082578659058 15.6212730407715 15.7338562011719 15.8357124328613 15.9232339859009 16.0577297210693 16.2009410858154 16.284574508667 16.3697624206543 16.4588432312012 16.5355186462402 16.5834865570068 16.5879135131836 16.5423622131348 16.4339351654053 16.2629146575928 16.0647029876709 15.8586845397949 15.6148433685303 15.3861351013184 15.3054618835449 15.3542680740356 15.4485292434692 15.6633825302124 16.0528526306152 16.4896621704102 16.9075527191162 17.3197345733643 17.7370758056641 18.1990032196045 18.5129356384277 18.6752738952637 18.7602615356445 18.7908096313477 18.7853031158447 18.7953567504883 18.7965564727783 18.7615642547607 18.7363414764404 18.6846580505371 18.6391010284424 18.5725326538086
15.4558706283569 15.4989624023438 15.5372047424316 15.564133644104 15.5642404556274 15.5805950164795 15.6571598052979 15.7753686904907 15.8641624450684 15.8934288024902 15.948751449585 16.0660743713379 16.1399993896484 16.2114200592041 16.3013935089111 16.3762397766113 16.4013690948486 16.3953495025635 16.3497524261475 16.2600879669189 16.1371402740479 16.0019989013672 15.8465166091919 15.6570177078247 15.469108581543 15.4014654159546 15.5061101913452 15.6535520553589 15.9572868347168 16.4063816070557 16.7488594055176 17.1220092773438 17.5241374969482 17.9577808380127 18.3744964599609 18.6210308074951 18.7500228881836 18.808967590332 18.8256340026855 18.8426952362061 18.85471534729 18.8413581848145 18.8258686065674 18.8053970336914 18.7594795227051 18.6977062225342 18.638011932373
