Ecospace-environmental-drivers/Outputs/ASCII-for-ecospace/Temp-avg/Temp-avg_X1995.12.asc
NCOLS 131 
NROWS 53 
XLLCORNER -98 
YLLCORNER 23.9265270233154 
CELLSIZE 0.133587792515755 
NODATA_value -3.4e+38 
[rows 0 to 20 of 53, columns 47 to 93 of 131]
-3.4e+38 -3.4e+38 -3.4e+38 -3.4e+38 -3.4e+38 -3.4e+38 -3.4e+38 -3.4e+38 -3.4e+38 -3.4e+38 -3.4e+38 -3.4e+38 -3.4e+38 -3.4e+38 -3.4e+38 -3.4e+38 -3.4e+38 -3.4e+38 -3.4e+38 -3.4e+38 -3.4e+38 -3.4e+38 -3.4e+38 -3.4e+38 -3.4e+38 -3.4e+38 -3.4e+38 -3.4e+38 -3.4e+38 -3.4e+38 -3.4e+38 -3.4e+38 -3.4e+38 -3.4e+38 -3.4e+38 -3.4e+38 -3.4e+38 -3.4e+38 -3.4e+38 -3.4e+38 -3.4e+38 -3.4e+38 -3.4e+38 -3.4e+38 -3.4e+38 -3.4e+38 -3.4e+38
-3.4e+38 -3.4e+38 -3.4e+38 -3.4e+38 -3.4e+38 -3.4e+38 -3.4e+38 -3.4e+38 -3.4e+38 -3.4e+38 -3.4e+38 -3.4e+38 -3.4e+38 -3.4e+38 -3.4e+38 -3.4e+38 -3.4e+38 -3.4e+38 -3.4e+38 -3.4e+38 -3.4e+38 -3.4e+38 -3.4e+38 -3.4e+38 -3.4e+38 -3.4e+38 -3.4e+38 -3.4e+38 -3.4e+38 -3.4e+38 -3.4e+38 -3.4e+38 -3.4e+38 -3.4e+38 -3.4e+38 -3.4e+38 -3.4e+38 -3.4e+38 -3.4e+38 -3.4e+38 -3.4e+38 -3.4e+38 -3.4e+38 -3.4e+38 -3.4e+38 -3.4e+38 -3.4e+38
-3.4e+38 -3.4e+38 -3.4e+38 -3.4e+38 -3.4e+38 -3.4e+38 -3.4e+38 -3.4e+38 -3.4e+38 -3.4e+38 -3.4e+38 -3.4e+38 -3.4e+38 -3.4e+38 -3.4e+38 -3.4e+38 -3.4e+38 -3.4e+38 -3.4e+38 -3.4e+38 -3.4e+38 -3.4e+38 -3.4e+38 -3.4e+38 -3.4e+38 -3.4e+38 -3.4e+38 14.1522789001465 14.175386428833 -3.4e+38 -3.4e+38 -3.4e+38 -3.4e+38 -3.4e+38 -3.4e+38 -3.4e+38 -3.4e+38 -3.4e+38 -3.4e+38 -3.4e+38 -3.4e+38 -3.4e+38 -3.4e+38 -3.4e+38 -3.4e+38 -3.4e+38 -3.4e+38
-3.4e+38 -3.4e+38 -3.4e+38 -3.4e+38 -3.4e+38 -3.4e+38 -3.4e+38 -3.4e+38 -3.4e+38 -3.4e+38 -3.4e+38 -3.4e+38 -3.4e+38 -3.4e+38 -3.4e+38 -3.4e+38 -3.4e+38 -3.4e+38 -3.4e+38 -3.4e+38 -3.4e+38 -3.4e+38 -3.4e+38 -3.4e+38 -3.4e+38 -3.4e+38 -3.4e+38 14.2275152206421 14.2942266464233 -3.4e+38 -3.4e+38 -3.4e+38 -3.4e+38 -3.4e+38 -3.4e+38 -3.4e+38 -3.4e+38 -3.4e+38 -3.4e+38 -3.4e+38 -3.4e+38 -3.4e+38 -3.4e+38 -3.4e+38 -3.4e+38 -3.4e+38 -3.4e+38
-3.4e+38 -3.4e+38 -3.4e+38 -3.4e+38 -3.4e+38 -3.4e+38 -3.4e+38 -3.4e+38 -3.4e+38 14.1303386688232 14.1303386688232 14.139102935791 14.2151174545288 -3.4e+38 -3.4e+38 -3.4e+38 -3.4e+38 -3.4e+38 14.5504131317139 14.5110969543457 14.3507776260376 14.3594837188721 14.4289875030518 14.6398754119873 14.712589263916 14.7101755142212 14.5999603271484 14.3880434036255 14.6886167526245 14.9486780166626 -3.4e+38 -3.4e+38 18.4460926055908 18.7404689788818 18.3053398132324 18.8677215576172 19.1622867584229 18.8423023223877 18.7935695648193 19.1850662231445 19.1034049987793 19.2209510803223 -3.4e+38 -3.4e+38 -3.4e+38 -3.4e+38 -3.4e+38
-3.4e+38 -3.4e+38 -3.4e+38 -3.4e+38 -3.4e+38 -3.4e+38 -3.4e+38 -3.4e+38 14.1303386688232 14.1303386688232 14.1303386688232 14.1303386688232 14.1478672027588 14.2311391830444 14.3511266708374 -3.4e+38 14.4146642684937 14.364387512207 14.499285697937 14.8268804550171 15.1845760345459 15.4458484649658 14.7642917633057 15.0838375091553 15.2588691711426 15.633617401123 15.4155187606812 15.304181098938 15.539249420166 15.0885257720947 17.5101928710938 17.9909019470215 18.478645324707 18.8687286376953 19.3091621398926 19.6721725463867 19.9089260101318 19.9246921539307 19.7914905548096 19.679874420166 19.5725383758545 19.28830909729 18.9195537567139 18.6549854278564 -3.4e+38 -3.4e+38 -3.4e+38
-3.4e+38 -3.4e+38 -3.4e+38 -3.4e+38 -3.4e+38 -3.4e+38 -3.4e+38 -3.4e+38 14.1539630889893 14.1303386688232 14.1303386688232 14.1303386688232 14.1303386688232 14.16539478302 14.2776975631714 14.3511266708374 14.4086456298828 14.5344982147217 14.810619354248 15.2062559127808 15.8434143066406 16.4182968139648 16.8232154846191 17.167552947998 17.230842590332 17.3914756774902 17.4609222412109 17.3578815460205 17.6069068908691 17.9766521453857 18.5141143798828 19.3243293762207 19.8254547119141 20.0801105499268 20.4531478881836 20.6856288909912 20.8888893127441 20.913272857666 20.7356929779053 20.5289077758789 20.4015731811523 20.1688709259033 19.6939868927002 19.052677154541 18.4712924957275 18.3900394439697 -3.4e+38
-3.4e+38 -3.4e+38 -3.4e+38 -3.4e+38 -3.4e+38 -3.4e+38 -3.4e+38 -3.4e+38 -3.4e+38 -3.4e+38 14.1303386688232 14.1303386688232 14.1303386688232 -3.4e+38 14.2004508972168 14.4288740158081 14.5771341323853 14.7166261672974 14.870888710022 15.4567260742188 16.0852527618408 16.7987003326416 17.611946105957 18.4167098999023 18.7425518035889 18.8581142425537 18.874605178833 18.8904304504395 19.0807514190674 19.4792728424072 19.8096904754639 20.3425827026367 20.635612487793 20.7452430725098 20.9666843414307 20.9548645019531 21.0615940093994 21.2145233154297 21.1959648132324 21.0327339172363 20.9380397796631 20.7306671142578 20.3530445098877 19.8130970001221 19.1421070098877 18.370325088501 17.5764331817627
-3.4e+38 -3.4e+38 -3.4e+38 -3.4e+38 -3.4e+38 -3.4e+38 -3.4e+38 -3.4e+38 -3.4e+38 -3.4e+38 -3.4e+38 -3.4e+38 -3.4e+38 -3.4e+38 14.215012550354 14.4801254272461 14.7209453582764 14.760106086731 14.9493885040283 15.4531545639038 15.8219890594482 16.4367370605469 18.0487518310547 19.2088603973389 19.6922988891602 19.56032371521 19.4333667755127 19.4996223449707 19.6757698059082 19.8684577941895 20.285192489624 20.8650321960449 21.0879707336426 21.1543159484863 20.970739364624 20.8329696655273 20.8907566070557 21.1075000762939 21.2265472412109 21.2494468688965 21.1864433288574 21.0879173278809 20.7635822296143 20.3967533111572 19.9278430938721 19.2224292755127 18.167064666748
14.5806789398193 -3.4e+38 -3.4e+38 -3.4e+38 -3.4e+38 -3.4e+38 -3.4e+38 -3.4e+38 -3.4e+38 -3.4e+38 14.9895362854004 14.7681999206543 -3.4e+38 -3.4e+38 -3.4e+38 14.7688360214233 15.0008277893066 15.0829238891602 15.1421327590942 15.3995361328125 15.542516708374 16.5824489593506 18.8350162506104 20.1457099914551 20.6771392822266 20.4475574493408 19.9861373901367 19.8150539398193 19.9518184661865 20.2890739440918 20.6856937408447 21.1145496368408 21.3260917663574 20.8491630554199 20.6288318634033 20.7070617675781 20.8027362823486 20.8768749237061 21.006477355957 21.1371593475342 21.1911392211914 21.1621837615967 20.9743499755859 20.7617359161377 20.3695964813232 19.7174434661865 18.7167816162109
14.6991167068481 14.5568065643311 -3.4e+38 -3.4e+38 -3.4e+38 -3.4e+38 -3.4e+38 -3.4e+38 -3.4e+38 -3.4e+38 15.3219232559204 15.4382629394531 15.406060218811 -3.4e+38 -3.4e+38 15.0296201705933 15.118595123291 15.2105665206909 15.2263765335083 15.2775926589966 15.7014760971069 17.8201560974121 19.7716045379639 20.8916187286377 21.27321434021 21.089900970459 20.6605930328369 20.285005569458 20.4382152557373 20.8659992218018 20.9600734710693 21.1763954162598 21.2676105499268 20.4021224975586 20.2097129821777 20.3342437744141 20.5541610717773 20.6838493347168 20.8572864532471 20.9547500610352 21.0824165344238 21.1708450317383 21.1468391418457 21.037296295166 20.6632823944092 19.9780750274658 19.1021270751953
15.1514835357666 14.9484157562256 15.0718002319336 15.3560009002686 -3.4e+38 -3.4e+38 -3.4e+38 -3.4e+38 -3.4e+38 -3.4e+38 -3.4e+38 15.3769092559814 15.664116859436 15.406060218811 15.8932285308838 15.6088695526123 15.2751722335815 15.1181173324585 15.2488012313843 15.8383798599243 17.9001636505127 19.8775482177734 21.0339298248291 21.6060962677002 21.6479377746582 21.5104084014893 21.277795791626 20.8587207794189 20.8318138122559 20.9946441650391 21.1679782867432 21.0472202301025 20.1654376983643 19.5233955383301 19.3146533966064 19.3032932281494 19.5905494689941 20.1516590118408 20.5681743621826 20.7846279144287 20.9198627471924 21.1446723937988 21.2782001495361 21.1297512054443 20.8905029296875 20.2739276885986 19.5139141082764
16.3979034423828 15.934663772583 15.6429586410522 15.3532428741455 -3.4e+38 -3.4e+38 -3.4e+38 -3.4e+38 15.2367630004883 15.3192577362061 15.292670249939 15.5674171447754 15.4611482620239 16.1251430511475 17.012092590332 17.3506774902344 16.419376373291 15.4158039093018 16.0646572113037 16.9778594970703 19.4625663757324 21.1838912963867 21.8074111938477 21.9097347259521 21.7193870544434 21.6325645446777 21.5605144500732 21.1906471252441 21.059455871582 20.896728515625 20.1732158660889 19.1665115356445 18.5057678222656 18.5646209716797 18.552318572998 18.4837512969971 19.2751350402832 19.5530300140381 20.0220432281494 20.4539985656738 20.7427997589111 20.8785667419434 21.0987644195557 21.2543907165527 21.2874774932861 21.1621913909912 20.8579177856445
17.3486938476562 17.1940670013428 16.6635570526123 16.054256439209 15.7172403335571 15.4739408493042 15.3835639953613 15.4126720428467 15.4639682769775 15.7082672119141 15.9191274642944 15.1828060150146 15.9813356399536 17.8385372161865 18.9779891967773 18.2491188049316 17.2390193939209 17.2190322875977 17.5073986053467 18.7394256591797 18.8385696411133 21.2873439788818 21.9879360198975 21.8799457550049 21.3745040893555 21.1198825836182 20.6370162963867 20.0274753570557 19.4202919006348 18.5747814178467 17.7189559936523 17.270881652832 17.2303714752197 17.7778759002686 18.0227184295654 18.4382438659668 19.0911083221436 19.4689788818359 19.8622303009033 20.2103652954102 20.5931053161621 20.8029460906982 20.9550132751465 21.0998916625977 21.3504581451416 21.4847602844238 21.5050582885742
18.134313583374 18.1582145690918 17.3772659301758 16.7983169555664 16.5237903594971 16.359504699707 16.3579177856445 16.5243625640869 16.9105968475342 17.1623554229736 17.4336681365967 17.6241054534912 18.9171009063721 20.0344581604004 20.6886768341064 20.5047302246094 19.2569065093994 18.0072765350342 19.0032081604004 19.8639583587646 20.9651584625244 21.5699157714844 21.6455001831055 20.7190837860107 19.9756355285645 19.3893451690674 18.2785301208496 17.7528038024902 17.4285984039307 17.0922031402588 16.9353866577148 16.8500652313232 16.9338455200195 17.358039855957 17.8461818695068 18.4622135162354 18.9038238525391 19.4399871826172 19.6614513397217 20.101390838623 20.4423179626465 20.7390975952148 20.9405632019043 21.0592937469482 21.2242050170898 21.4035129547119 21.6733207702637
19.2780113220215 18.9469032287598 18.2054977416992 17.7709255218506 17.9797458648682 18.1325435638428 18.1338653564453 18.2661399841309 18.6995468139648 18.9756031036377 19.3024425506592 19.9158687591553 20.5686378479004 21.075345993042 21.4720878601074 21.3840923309326 20.9259281158447 20.1337471008301 21.1686019897461 21.4218215942383 21.5272998809814 20.7688388824463 20.1896781921387 19.5070533752441 18.5299053192139 17.7928371429443 17.4983501434326 17.1414890289307 16.996223449707 16.9024639129639 16.7912178039551 16.6980438232422 16.9115581512451 17.4236011505127 18.0042018890381 18.5275096893311 18.8355541229248 19.1766662597656 19.4771022796631 19.9814968109131 20.3887062072754 20.5077438354492 20.7645778656006 20.9743518829346 21.2083320617676 21.2678108215332 21.4832992553711
19.8935413360596 19.4671077728271 19.0152606964111 18.7712707519531 18.9927368164062 19.2807502746582 19.3428821563721 19.4674072265625 19.7992973327637 20.2140159606934 20.6651630401611 21.1227588653564 21.3868865966797 21.6890163421631 21.9665107727051 21.8535079956055 21.7407722473145 21.7088890075684 21.6196346282959 21.0128536224365 19.9995403289795 18.9349308013916 18.3050346374512 17.8884105682373 17.4649486541748 17.2809906005859 17.2032833099365 16.9734954833984 16.8892288208008 16.7760982513428 16.5920505523682 16.7196750640869 17.0685596466064 17.4946117401123 17.980339050293 18.372501373291 18.7106857299805 18.9571628570557 19.3918972015381 19.8492279052734 20.2263679504395 20.4854869842529 20.7208518981934 20.857006072998 21.0590648651123 21.2949123382568 21.3484287261963
20.7148723602295 20.3258419036865 19.935245513916 19.7551765441895 19.7729682922363 19.8767890930176 20.0273551940918 20.2241020202637 20.5282363891602 21.0013694763184 21.5293464660645 21.8241310119629 21.5196914672852 21.2393608093262 21.5526695251465 21.8854122161865 21.8487796783447 21.6433925628662 21.3261909484863 19.980806350708 18.5050449371338 17.5717525482178 17.376407623291 17.0318965911865 16.9013576507568 16.855655670166 16.9275226593018 16.8216552734375 16.6675834655762 16.6728115081787 16.6327438354492 16.8051662445068 17.0983409881592 17.4702663421631 17.8817005157471 18.2563762664795 18.466646194458 18.7915935516357 19.1975212097168 19.6598682403564 20.1287078857422 20.467601776123 20.6066379547119 20.869234085083 21.0894908905029 21.1919593811035 21.3127021789551
21.7487926483154 21.4718685150146 21.2045001983643 21.0225296020508 20.970344543457 21.0239181518555 21.1986885070801 21.3641223907471 21.5697708129883 21.8841915130615 22.2383632659912 22.3348960876465 21.8703117370605 20.3412933349609 19.6309871673584 20.0853214263916 20.3330039978027 20.6218528747559 20.2153263092041 19.256196975708 18.270715713501 17.4644756317139 17.0058555603027 16.7750835418701 16.6938247680664 16.7481822967529 16.5403366088867 16.5953216552734 16.6418781280518 16.6475315093994 16.5291976928711 16.6204433441162 16.9633560180664 17.3286228179932 17.5777263641357 17.9905986785889 18.1626853942871 18.4971160888672 18.9689769744873 19.5719738006592 19.9069290161133 20.1009502410889 20.4461231231689 20.6861248016357 20.9871711730957 21.1308708190918 21.214786529541
22.4565601348877 22.3848552703857 22.2822895050049 22.148796081543 22.0607967376709 22.0623836517334 22.1809730529785 22.3333911895752 22.4607219696045 22.5525398254395 22.5383682250977 22.41921043396 22.1963596343994 21.1136493682861 19.749906539917 18.6405582427979 18.5917148590088 18.8833332061768 18.894458770752 18.2998161315918 17.3103084564209 17.0846328735352 16.8749618530273 16.6828269958496 16.6305999755859 16.6491947174072 16.4316062927246 16.5172691345215 16.5701656341553 16.5943450927734 16.316032409668 16.2218914031982 16.5541553497314 16.9390735626221 17.1883583068848 17.4443054199219 17.7117595672607 18.193775177002 18.7849311828613 19.229700088501 19.5259399414062 19.8402767181396 20.0674304962158 20.384880065918 20.7181358337402 20.94655418396 21.0440902709961
22.6388511657715 22.663143157959 22.6730766296387 22.6499347686768 22.6113262176514 22.5672473907471 22.5758800506592 22.6309871673584 22.660285949707 22.6133003234863 22.4219169616699 22.2953186035156 21.8890495300293 21.0275840759277 19.5728702545166 18.1961288452148 17.6453990936279 17.7254028320312 17.8759670257568 17.2722434997559 17.0912837982178 16.770788192749 16.5052852630615 16.5389499664307 16.5922737121582 16.5281543731689 16.3220405578613 16.3682823181152 16.4440898895264 16.4761371612549 16.1982231140137 16.0537147521973 16.0047435760498 16.0830879211426 16.3687362670898 16.6100444793701 16.9186916351318 17.6071853637695 18.3148746490479 18.6816005706787 18.9400100708008 19.2690963745117 19.5268497467041 19.8647575378418 20.0592555999756 20.4473514556885 20.611349105835
