Ecospace-environmental-drivers/Outputs/ASCII-for-ecospace/Temp-avg/Temp-avg_X2007.06.asc
NCOLS 131 
NROWS 53 
XLLCORNER -98 
YLLCORNER 23.9265270233154 
CELLSIZE 0.133587792515755 
NODATA_value -3.4e+38 
[rows 0 to 20 of 53, columns 47 to 93 of 131]
-3.4e+38 -3.4e+38 -3.4e+38 -3.4e+38 -3.4e+38 -3.4e+38 -3.4e+38 -3.4e+38 -3.4e+38 -3.4e+38 -3.4e+38 -3.4e+38 -3.4e+38 -3.4e+38 -3.4e+38 -3.4e+38 -3.4e+38 -3.4e+38 -3.4e+38 -3.4e+38 -3.4e+38 -3.4e+38 -3.4e+38 -3.4e+38 -3.4e+38 -3.4e+38 -3.4e+38 -3.4e+38 -3.4e+38 -3.4e+38 -3.4e+38 -3.4e+38 -3.4e+38 -3.4e+38 -3.4e+38 -3.4e+38 -3.4e+38 -3.4e+38 -3.4e+38 -3.4e+38 -3.4e+38 -3.4e+38 -3.4e+38 -3.4e+38 -3.4e+38 -3.4e+38 -3.4e+38
-3.4e+38 -3.4e+38 -3.4e+38 -3.4e+38 -3.4e+38 -3.4e+38 -3.4e+38 -3.4e+38 -3.4e+38 -3.4e+38 -3.4e+38 -3.4e+38 -3.4e+38 -3.4e+38 -3.4e+38 -3.4e+38 -3.4e+38 -3.4e+38 -3.4e+38 -3.4e+38 -3.4e+38 -3.4e+38 -3.4e+38 -3.4e+38 -3.4e+38 -3.4e+38 -3.4e+38 -3.4e+38 -3.4e+38 -3.4e+38 -3.4e+38 -3.4e+38 -3.4e+38 -3.4e+38 -3.4e+38 -3.4e+38 -3.4e+38 -3.4e+38 -3.4e+38 -3.4e+38 -3.4e+38 -3.4e+38 -3.4e+38 -3.4e+38 -3.4e+38 -3.4e+38 -3.4e+38
-3.4e+38 -3.4e+38 -3.4e+38 -3.4e+38 -3.4e+38 -3.4e+38 -3.4e+38 -3.4e+38 -3.4e+38 -3.4e+38 -3.4e+38 -3.4e+38 -3.4e+38 -3.4e+38 -3.4e+38 -3.4e+38 -3.4e+38 -3.4e+38 -3.4e+38 -3.4e+38 -3.4e+38 -3.4e+38 -3.4e+38 -3.4e+38 -3.4e+38 -3.4e+38 -3.4e+38 30.9838619232178 30.978443145752 -3.4e+38 -3.4e+38 -3.4e+38 -3.4e+38 -3.4e+38 -3.4e+38 -3.4e+38 -3.4e+38 -3.4e+38 -3.4e+38 -3.4e+38 -3.4e+38 -3.4e+38 -3.4e+38 -3.4e+38 -3.4e+38 -3.4e+38 -3.4e+38
-3.4e+38 -3.4e+38 -3.4e+38 -3.4e+38 -3.4e+38 -3.4e+38 -3.4e+38 -3.4e+38 -3.4e+38 -3.4e+38 -3.4e+38 -3.4e+38 -3.4e+38 -3.4e+38 -3.4e+38 -3.4e+38 -3.4e+38 -3.4e+38 -3.4e+38 -3.4e+38 -3.4e+38 -3.4e+38 -3.4e+38 -3.4e+38 -3.4e+38 -3.4e+38 -3.4e+38 30.9358329772949 30.832691192627 -3.4e+38 -3.4e+38 -3.4e+38 -3.4e+38 -3.4e+38 -3.4e+38 -3.4e+38 -3.4e+38 -3.4e+38 -3.4e+38 -3.4e+38 -3.4e+38 -3.4e+38 -3.4e+38 -3.4e+38 -3.4e+38 -3.4e+38 -3.4e+38
-3.4e+38 -3.4e+38 -3.4e+38 -3.4e+38 -3.4e+38 -3.4e+38 -3.4e+38 -3.4e+38 -3.4e+38 31.4660568237305 31.4660568237305 31.4611930847168 31.3923664093018 -3.4e+38 -3.4e+38 -3.4e+38 -3.4e+38 -3.4e+38 31.0200347900391 30.9917640686035 31.0287990570068 31.0858478546143 31.0838470458984 31.196590423584 31.1492977142334 31.1669597625732 31.0699462890625 30.8944110870361 30.9918651580811 31.3745193481445 -3.4e+38 -3.4e+38 27.9912071228027 27.6362056732178 28.150806427002 26.9564838409424 26.4298439025879 27.1669960021973 27.3605937957764 26.5794048309326 26.873514175415 26.7627639770508 -3.4e+38 -3.4e+38 -3.4e+38 -3.4e+38 -3.4e+38
-3.4e+38 -3.4e+38 -3.4e+38 -3.4e+38 -3.4e+38 -3.4e+38 -3.4e+38 -3.4e+38 31.4660568237305 31.4660568237305 31.4660568237305 31.4660568237305 31.4563293457031 31.3819637298584 31.2651176452637 -3.4e+38 31.2091217041016 31.2275772094727 31.0213832855225 30.8394145965576 30.5809154510498 30.5328197479248 30.6917533874512 30.6415138244629 30.600700378418 30.4996509552002 30.5027332305908 30.7042961120605 31.001220703125 31.2957725524902 29.1983680725098 28.5398273468018 28.1522006988525 27.2815914154053 26.9602222442627 26.5073375701904 26.5363388061523 26.4846096038818 26.4366626739502 26.4040508270264 26.4358673095703 26.6938495635986 27.0478229522705 27.4971046447754 -3.4e+38 -3.4e+38 -3.4e+38
-3.4e+38 -3.4e+38 -3.4e+38 -3.4e+38 -3.4e+38 -3.4e+38 -3.4e+38 -3.4e+38 31.4646701812744 31.4660568237305 31.4660568237305 31.4660568237305 31.4660568237305 31.4466018676758 31.350076675415 31.2651176452637 31.2283306121826 31.11545753479 30.9758262634277 30.8135223388672 30.0235004425049 29.571720123291 28.5573539733887 28.124828338623 28.1449337005615 27.9510307312012 27.660852432251 27.9629249572754 28.0018100738525 27.8877830505371 27.60791015625 26.9710750579834 26.8970737457275 26.8061714172363 26.6313133239746 25.9191951751709 25.3822650909424 25.7234230041504 26.0303401947021 25.9688110351562 25.8954601287842 26.064868927002 26.333911895752 26.6864356994629 27.0955810546875 27.3414573669434 -3.4e+38
-3.4e+38 -3.4e+38 -3.4e+38 -3.4e+38 -3.4e+38 -3.4e+38 -3.4e+38 -3.4e+38 -3.4e+38 -3.4e+38 31.4660568237305 31.4660568237305 31.4660568237305 -3.4e+38 31.4271488189697 31.2419815063477 31.2439670562744 31.2143936157227 31.1366539001465 30.9120693206787 30.4578762054443 30.1625938415527 28.10329246521 27.1055068969727 27.0355453491211 27.0895214080811 27.1030235290527 27.2123355865479 27.2499847412109 27.0090560913086 26.877498626709 26.8658847808838 26.9047813415527 26.4835224151611 25.593807220459 24.0608615875244 23.8447685241699 24.303783416748 25.0720138549805 25.3454685211182 25.4849052429199 25.7517986297607 26.0498485565186 26.2316379547119 26.6333599090576 27.2483901977539 28.3885021209717
-3.4e+38 -3.4e+38 -3.4e+38 -3.4e+38 -3.4e+38 -3.4e+38 -3.4e+38 -3.4e+38 -3.4e+38 -3.4e+38 -3.4e+38 -3.4e+38 -3.4e+38 -3.4e+38 31.4170093536377 31.2528781890869 31.221960067749 31.22607421875 31.0611343383789 30.9888668060303 30.7404174804688 30.4664268493652 27.8987007141113 27.0252113342285 26.75852394104 26.8015899658203 26.8864612579346 26.9338703155518 27.0044441223145 27.0316696166992 26.9785594940186 26.7600269317627 26.3617095947266 24.9613246917725 23.7480735778809 23.3436412811279 23.5657062530518 24.0279083251953 24.3684349060059 24.8530311584473 25.1617851257324 25.5721626281738 25.8683624267578 25.9920310974121 26.2639579772949 26.5912609100342 27.6111621856689
31.466121673584 -3.4e+38 -3.4e+38 -3.4e+38 -3.4e+38 -3.4e+38 -3.4e+38 -3.4e+38 -3.4e+38 -3.4e+38 31.4346485137939 31.4286079406738 -3.4e+38 -3.4e+38 -3.4e+38 31.202033996582 31.1848335266113 31.1895942687988 31.0707035064697 30.9800033569336 30.8597068786621 29.6860771179199 27.5068264007568 26.8608989715576 26.4243068695068 26.4606552124023 26.6072235107422 26.728271484375 26.8081474304199 26.7927894592285 26.6802883148193 26.1634864807129 25.0389385223389 23.2342758178711 22.8265419006348 23.0864086151123 23.5270500183105 23.8369121551514 24.1261405944824 24.3737945556641 24.8260402679443 25.6106452941895 25.8127555847168 25.889612197876 26.1891746520996 26.41965675354 26.9670143127441
31.2930698394775 31.3370666503906 -3.4e+38 -3.4e+38 -3.4e+38 -3.4e+38 -3.4e+38 -3.4e+38 -3.4e+38 -3.4e+38 31.4254608154297 31.4041919708252 31.3911609649658 -3.4e+38 -3.4e+38 31.0725746154785 31.0828762054443 31.2347984313965 31.1423664093018 30.9180793762207 30.2218532562256 28.2309532165527 27.2320575714111 26.5251884460449 25.8282318115234 25.9115600585938 26.1245307922363 26.0568027496338 26.2071399688721 26.120002746582 25.7805500030518 25.0446014404297 24.1078338623047 22.221809387207 22.0377101898193 22.4714889526367 23.0932292938232 23.5071659088135 23.9614372253418 24.2114524841309 24.506950378418 25.065372467041 25.6179790496826 25.985876083374 26.2413501739502 26.4214248657227 26.7371692657471
31.2619686126709 31.2747611999512 31.360652923584 31.4381084442139 -3.4e+38 -3.4e+38 -3.4e+38 -3.4e+38 -3.4e+38 -3.4e+38 -3.4e+38 31.4135665893555 31.3904418945312 31.3911609649658 30.9584465026855 30.8640613555908 31.2395515441895 31.2427883148193 30.836462020874 29.8181610107422 27.9082202911377 27.0077114105225 26.4585819244385 25.1932411193848 24.8103790283203 24.9062633514404 25.1819972991943 25.2617530822754 25.125789642334 25.0430564880371 24.7549285888672 23.8893775939941 22.040111541748 21.1781978607178 21.0072784423828 21.2371578216553 21.8264904022217 22.6783847808838 23.3611125946045 23.8109169006348 24.1298961639404 24.4291648864746 25.2168312072754 25.9393119812012 26.302604675293 26.5507164001465 26.5997085571289
30.759334564209 31.1621608734131 31.3913307189941 31.5623397827148 -3.4e+38 -3.4e+38 -3.4e+38 -3.4e+38 31.4804553985596 31.4874267578125 31.3557720184326 31.1496200561523 31.4713592529297 31.3088035583496 30.0612449645996 29.7073955535889 30.3621292114258 30.4311809539795 30.2501621246338 28.5290660858154 26.2947273254395 25.4443378448486 24.7096424102783 24.6891040802002 24.9070167541504 25.117317199707 24.9550743103027 24.4812412261963 24.343240737915 24.0154838562012 22.7907810211182 21.3662071228027 20.4815406799316 20.5015830993652 20.4778366088867 20.4637660980225 21.5444679260254 21.9670944213867 22.5791244506836 23.152811050415 23.579273223877 23.9028167724609 24.3015899658203 24.9427528381348 25.3102130889893 25.5808238983154 25.5798377990723
30.0379791259766 30.2013263702393 30.566068649292 31.0086059570312 31.2971878051758 31.2551536560059 31.3003425598145 31.3522720336914 31.3722019195557 31.3061428070068 31.287504196167 31.3720207214355 30.2614459991455 29.1992225646973 28.3098945617676 28.8485126495361 30.0777740478516 30.3329620361328 29.8666801452637 27.75954246521 26.0091152191162 23.9517803192139 24.4636535644531 24.7599487304688 24.2206153869629 24.029821395874 23.3736705780029 22.4502658843994 21.6094264984131 20.5883007049561 19.6175174713135 19.145658493042 19.134973526001 19.806266784668 20.0829448699951 20.5612640380859 21.3906192779541 21.8756008148193 22.3694000244141 22.7591552734375 23.1395473480225 23.4362411499023 23.6422328948975 23.6860942840576 23.9917449951172 24.3806819915771 24.8154487609863
29.5254821777344 29.5136890411377 29.8301906585693 30.4546222686768 30.9146213531494 31.0463180541992 31.1793193817139 31.2115306854248 31.1018486022949 30.8590717315674 30.4260749816895 28.7454948425293 28.067102432251 27.5079593658447 27.0730972290039 27.4139595031738 28.2738971710205 30.7192077636719 30.266206741333 28.5379753112793 24.4295444488525 23.8476104736328 24.1678905487061 23.1393165588379 22.2667827606201 21.6040439605713 20.2771682739258 19.5894832611084 19.1732902526855 18.7922019958496 18.6705856323242 18.6366596221924 18.7861995697021 19.3124046325684 19.9614677429199 20.8108730316162 21.3717365264893 21.9934902191162 22.1902923583984 22.6264896392822 22.9495849609375 23.2032070159912 23.4027004241943 23.4851055145264 23.5722198486328 23.7500095367432 24.6865673065186
28.2094421386719 28.3855648040771 28.805700302124 29.5462856292725 29.7815284729004 29.6869716644287 29.6333808898926 29.5109443664551 29.1525363922119 28.4255180358887 28.0397396087646 27.6665344238281 27.2935104370117 26.7988128662109 26.1937084197998 25.8210792541504 26.3048782348633 27.7118091583252 25.7094783782959 25.3073024749756 24.0394401550293 23.0684242248535 22.4355449676514 21.7089061737061 20.6439514160156 19.8337287902832 19.4595642089844 18.9500789642334 18.7305297851562 18.6183834075928 18.551643371582 18.5095844268799 18.8163738250732 19.4491233825684 20.2695426940918 21.0032291412354 21.453634262085 21.8153190612793 22.0736637115479 22.488395690918 22.847993850708 22.9213275909424 23.1307773590088 23.3509407043457 23.5920600891113 23.6403522491455 24.0219402313232
27.7175636291504 27.7987003326416 27.9133205413818 28.4117298126221 28.9203853607178 28.7570610046387 28.3872718811035 28.0707015991211 27.7511730194092 27.7341709136963 27.5431213378906 27.1088886260986 26.6037616729736 26.0382957458496 25.5329742431641 25.2855396270752 25.2708988189697 25.1719207763672 24.5454502105713 23.5492191314697 22.2105541229248 21.0473728179932 20.4467830657959 20.0572280883789 19.6246681213379 19.3903713226318 19.2241230010986 18.8826236724854 18.693998336792 18.5120143890381 18.3398990631104 18.5779113769531 19.0417041778564 19.5740966796875 20.3028945922852 20.8970966339111 21.3825778961182 21.6224002838135 21.9909000396729 22.2025299072266 22.5069274902344 22.7661094665527 22.9931354522705 23.1638565063477 23.3957824707031 23.7351093292236 23.8705387115479
27.2732028961182 27.3816699981689 27.5569820404053 27.6662998199463 27.8832702636719 28.0034809112549 27.9805221557617 27.8571491241455 27.7932243347168 27.6435661315918 27.1187210083008 25.9036617279053 24.341459274292 23.7304935455322 24.3225002288818 25.063591003418 25.0826282501221 24.7252445220947 24.157995223999 22.3831615447998 20.7369728088379 19.7848224639893 19.6719017028809 19.3507118225098 19.2101249694824 19.0642528533936 19.0218391418457 18.8186740875244 18.5580959320068 18.4868431091309 18.4360752105713 18.7280349731445 19.1465873718262 19.596076965332 20.1713962554932 20.7578468322754 21.0428276062012 21.367826461792 21.6471080780029 21.8476600646973 22.2181568145752 22.6069679260254 22.7548999786377 23.1053771972656 23.430025100708 23.6325588226318 23.8395652770996
26.44748878479 26.6353874206543 26.7985534667969 27.0264415740967 27.1601657867432 27.2124252319336 27.3553619384766 27.2935066223145 27.0420513153076 26.6458835601807 26.2764415740967 25.8046436309814 24.8489437103271 22.7115745544434 21.9459037780762 22.46506690979 22.7543525695801 23.1519260406494 22.7337379455566 21.701265335083 20.7013359069824 19.8615074157715 19.4144058227539 19.2109413146973 19.1284770965576 19.1555290222168 18.8274269104004 18.8012218475342 18.7594776153564 18.7025833129883 18.4750347137451 18.6056041717529 19.0532474517822 19.4964714050293 19.8344879150391 20.3781757354736 20.5778388977051 20.8622665405273 21.103235244751 21.4416751861572 21.7149143218994 21.9707374572754 22.4376049041748 22.7847957611084 23.1926784515381 23.4881134033203 23.7092685699463
25.9304084777832 25.9851169586182 26.1105556488037 26.1351261138916 26.315845489502 26.4803428649902 26.4694786071777 26.4383888244629 26.261812210083 26.1281108856201 25.9626293182373 25.897985458374 25.3880748748779 23.5750904083252 21.8946285247803 20.5470523834229 20.5840587615967 21.1059818267822 21.2881603240967 20.7725143432617 19.7537860870361 19.5842933654785 19.3923263549805 19.2353363037109 19.2705154418945 19.3118495941162 19.0284996032715 19.0480155944824 19.0232791900635 18.9232063293457 18.4703235626221 18.2768611907959 18.6611309051514 19.1133880615234 19.4249153137207 19.6849460601807 19.8793849945068 20.1882705688477 20.5237159729004 20.7729187011719 21.0989036560059 21.5120544433594 21.8465042114258 22.2563438415527 22.6792392730713 23.078670501709 23.4031639099121
25.5828056335449 25.6179981231689 25.6996994018555 25.8239231109619 25.854513168335 25.7718734741211 25.6502418518066 25.5290813446045 25.5254459381104 25.6199817657471 25.2996807098389 25.0702590942383 24.4240303039551 23.3272705078125 21.5801296234131 20.0366344451904 19.5610237121582 19.8221740722656 20.2275791168213 19.6895923614502 19.611385345459 19.3736476898193 19.1845932006836 19.3282737731934 19.4733276367188 19.4463443756104 19.2297477722168 19.2509822845459 19.2455463409424 19.1706218719482 18.703857421875 18.3564929962158 18.1727962493896 18.2044811248779 18.5036430358887 18.6397590637207 18.6767387390137 19.0993499755859 19.6075172424316 19.9448642730713 20.2340908050537 20.633996963501 21.0115852355957 21.4271507263184 21.7293395996094 22.3307933807373 22.750617980957
