Ecospace-environmental-drivers/Outputs/ASCII-for-ecospace/Temp-avg/Temp-avg_X2001.02.asc
NCOLS 131 
NROWS 53 
XLLCORNER -98 
YLLCORNER 23.9265270233154 
CELLSIZE 0.133587792515755 
NODATA_value -3.4e+38 
[rows 21 to 41 of 53, columns 47 to 93 of 131]
20.0049495697021 19.9127101898193 19.9635906219482 20.0685882568359 20.1613941192627 20.2485504150391 20.1721839904785 20.1956081390381 20.2061100006104 19.9911308288574 19.6475524902344 19.5474090576172 19.2615852355957 18.7731246948242 18.6521301269531 18.3460636138916 17.7628383636475 17.710262298584 17.844066619873 17.6980476379395 17.400411605835 17.1762294769287 17.1015186309814 17.0823421478271 16.8232116699219 16.5766143798828 16.4518356323242 16.2728538513184 16.0578536987305 15.7642641067505 15.8014183044434 15.8897943496704 15.9995145797729 16.1356830596924 16.2833671569824 16.3650608062744 16.50612449646 16.8280944824219 17.6719665527344 18.2250556945801 18.4665660858154 18.6430072784424 18.9042224884033 19.2180633544922 19.5002517700195 19.6404914855957 19.7397022247314
20.004337310791 19.9623394012451 20.0349617004395 20.1249694824219 20.2834205627441 20.2000904083252 19.6850261688232 19.9203777313232 19.6082706451416 19.033130645752 18.7674083709717 18.6447601318359 18.7453842163086 18.6588497161865 18.543025970459 18.564546585083 17.8418312072754 17.7145500183105 17.4396743774414 17.5614471435547 17.5037269592285 17.2452011108398 17.1874027252197 16.8077354431152 16.6472320556641 16.5398082733154 16.3898143768311 16.1721343994141 15.9141578674316 15.7273254394531 15.8193988800049 15.9156036376953 16.048210144043 16.2309837341309 16.3505001068115 16.4043350219727 16.4393310546875 16.4817810058594 16.5658874511719 16.9141273498535 17.3576011657715 17.7108879089355 18.1042060852051 18.6589946746826 19.0762119293213 19.3345050811768 19.5941638946533
19.4061832427979 19.4337596893311 19.7704029083252 19.5841312408447 19.4210472106934 19.1545295715332 19.2309970855713 18.8042907714844 18.3826103210449 18.216381072998 18.2646636962891 18.618185043335 18.4669589996338 18.3210945129395 17.974494934082 17.8885440826416 17.7839393615723 17.5279579162598 17.4094791412354 17.5133399963379 17.5546817779541 17.3022365570068 17.107873916626 16.6491279602051 16.5195178985596 16.3740863800049 16.2015838623047 16.0753402709961 15.754376411438 15.7458305358887 15.8375034332275 15.9774475097656 16.1310958862305 16.2824993133545 16.3617000579834 16.3927040100098 16.4305934906006 16.4387493133545 16.2632446289062 16.341817855835 16.4405746459961 16.5321998596191 16.9226531982422 17.5777587890625 18.2830410003662 18.9767818450928 19.3190402984619
18.1912593841553 18.3634052276611 18.2159461975098 18.6287136077881 18.6717872619629 18.6001625061035 18.2720355987549 18.1036529541016 17.7596817016602 18.0165939331055 17.9997444152832 18.2885646820068 17.9434070587158 17.8288326263428 17.8255310058594 17.819299697876 17.5777740478516 17.4809684753418 17.3915939331055 17.2464389801025 17.1339988708496 17.0303630828857 16.9548301696777 16.6527004241943 16.490837097168 16.3666725158691 16.0641269683838 15.9322557449341 15.8572216033936 15.8781614303589 15.9679250717163 16.0404529571533 16.1285533905029 16.2452373504639 16.0970134735107 16.0682201385498 16.0595455169678 16.1313171386719 16.1849308013916 16.3053169250488 16.4303073883057 16.5296001434326 16.5782566070557 16.6748809814453 17.1791706085205 18.0034332275391 18.7833614349365
17.5439739227295 17.561954498291 17.7606773376465 17.8782501220703 17.8324775695801 18.2321071624756 17.7444896697998 17.9164924621582 17.6383056640625 17.6965942382812 17.6911106109619 17.760124206543 17.7639064788818 17.811429977417 17.8644008636475 17.6615447998047 17.3491840362549 17.2313423156738 17.1293907165527 16.9579429626465 16.9982376098633 17.0285015106201 17.0274562835693 16.9498729705811 16.5727577209473 16.4199066162109 16.2683963775635 15.967791557312 15.9478006362915 15.9947185516357 15.9733514785767 15.9739027023315 16.0451984405518 16.0823402404785 15.8647527694702 15.8837442398071 15.9247913360596 15.9877424240112 16.0850868225098 16.2192077636719 16.40212059021 16.5413379669189 16.6156845092773 16.6474914550781 16.6659355163574 17.0484943389893 17.9869689941406
17.0903034210205 17.3955936431885 17.6210384368896 17.3272876739502 17.4583625793457 17.6735229492188 17.6536846160889 17.4636516571045 17.6795806884766 17.6084423065186 17.7645454406738 17.7370681762695 17.8440265655518 17.6685371398926 17.4908638000488 17.2726974487305 17.1698589324951 17.1138916015625 17.0555858612061 17.028450012207 16.9960384368896 16.972526550293 16.6875915527344 16.5568943023682 16.4696884155273 16.3768291473389 16.3050880432129 16.0267848968506 15.9094324111938 15.9363832473755 15.9666929244995 15.963436126709 15.9571409225464 15.8350143432617 15.7712268829346 15.7839126586914 15.8200273513794 15.8815364837646 15.9880151748657 16.1365795135498 16.3656520843506 16.5351734161377 16.6214256286621 16.6851119995117 16.738166809082 16.7341442108154 17.3313026428223
16.9757499694824 17.1471271514893 17.2024974822998 17.0839653015137 17.2526245117188 17.3206043243408 17.2822208404541 17.5077819824219 17.5506572723389 17.3932018280029 17.4631996154785 17.5052947998047 17.5672950744629 17.4901676177979 17.175199508667 17.0677280426025 16.8356304168701 16.7951049804688 16.8938255310059 16.9748039245605 17.0495452880859 16.6603393554688 16.5290546417236 16.4838085174561 16.4102764129639 16.3250122070312 16.2604789733887 15.9414958953857 15.8656711578369 15.880539894104 15.9222259521484 15.9850625991821 16.0300769805908 16.0363082885742 15.9575834274292 15.7600536346436 15.7697496414185 15.8353939056396 15.945839881897 16.0890216827393 16.3345355987549 16.5386028289795 16.6210441589355 16.7177219390869 16.7858257293701 16.777738571167 16.9516544342041
16.9361667633057 16.8681774139404 16.944263458252 17.2473125457764 17.3327255249023 17.1096725463867 17.1593933105469 17.3977031707764 17.3910827636719 17.4630336761475 17.4387950897217 17.2865238189697 17.1331233978271 17.1537132263184 17.0682125091553 17.0168533325195 16.957332611084 16.9078998565674 16.8620929718018 16.8447303771973 16.7909336090088 16.7083225250244 16.6123561859131 16.5064239501953 16.3977584838867 16.1589412689209 15.9842205047607 15.960301399231 15.9295806884766 15.9418039321899 15.9895858764648 16.0521793365479 16.1097888946533 16.16845703125 16.1007900238037 16.0380554199219 15.8567094802856 15.8849124908447 15.9896850585938 16.1148357391357 16.3348731994629 16.5488872528076 16.6283683776855 16.7373447418213 16.8087215423584 16.7987651824951 16.7590770721436
16.7215213775635 16.8419132232666 17.1008453369141 17.2449684143066 17.2727890014648 17.2308006286621 17.1998996734619 17.1997528076172 17.2008800506592 17.2140960693359 17.050630569458 17.0743980407715 17.1743984222412 17.2488746643066 17.2598457336426 17.2374248504639 17.2230682373047 17.215311050415 17.1700496673584 17.1080932617188 17.0344944000244 16.9694843292236 16.8967971801758 16.8157939910889 16.4415664672852 16.2894496917725 16.250919342041 16.2077255249023 16.1908779144287 16.1963558197021 16.2300224304199 16.2785530090332 16.3096828460693 16.3414630889893 16.3915042877197 16.3909683227539 16.0797004699707 16.0429496765137 16.101001739502 16.2112941741943 16.3911724090576 16.5773811340332 16.647590637207 16.7416191101074 16.802604675293 16.7971305847168 16.7359523773193
16.8392543792725 16.9366054534912 16.8954238891602 17.0951709747314 17.3683891296387 17.2738418579102 17.3650817871094 17.3973960876465 17.431266784668 17.1920623779297 17.1913585662842 17.1853008270264 17.1536331176758 17.3524017333984 17.4303646087646 17.4800834655762 17.322639465332 17.2529449462891 17.2586650848389 17.3687362670898 17.5081901550293 17.4471702575684 17.3749294281006 17.2883110046387 16.9340572357178 16.8065567016602 16.7480220794678 16.7106056213379 16.6811141967773 16.6826782226562 16.6882190704346 16.6950874328613 16.6944141387939 16.6712493896484 16.6541194915771 16.6800651550293 16.4622974395752 16.3597869873047 16.3570804595947 16.4053859710693 16.517406463623 16.6598148345947 16.6985034942627 16.7471313476562 16.7861785888672 16.7778606414795 16.700834274292
16.7173767089844 17.0187015533447 17.0024909973145 17.1956348419189 17.4206371307373 17.4174880981445 17.4487571716309 17.5057544708252 17.5205917358398 17.2698802947998 17.250114440918 17.1438236236572 17.2610321044922 17.3903484344482 17.4953365325928 17.5733509063721 17.6192569732666 17.6442565917969 17.6524505615234 17.6393566131592 17.8038845062256 17.9528636932373 17.9512825012207 17.9397659301758 17.7091846466064 17.495677947998 17.4430274963379 17.3950901031494 17.3416557312012 17.2918834686279 17.2457733154297 17.2149085998535 17.2002906799316 17.1900959014893 17.1584091186523 17.143180847168 16.8494071960449 16.7602252960205 16.7012100219727 16.667667388916 16.7051467895508 16.7824192047119 16.7671909332275 16.7625160217285 16.7637672424316 16.7303371429443 16.6340599060059
17.0563507080078 17.1084327697754 17.1701812744141 17.1344585418701 17.4362869262695 17.2066078186035 17.1448612213135 17.2324638366699 17.3294887542725 17.1571273803711 17.2551898956299 17.4009017944336 17.5707511901855 17.7215957641602 17.8386001586914 17.9252643585205 17.9854946136475 18.0407829284668 18.0853252410889 18.1242828369141 18.1507625579834 18.3065509796143 18.5794219970703 18.5938625335693 18.4513778686523 18.1476821899414 18.0847511291504 18.0311508178711 17.9800243377686 17.9198932647705 17.8689308166504 17.831615447998 17.8006401062012 17.7629299163818 17.7151279449463 17.6675395965576 17.2930660247803 17.1494274139404 17.0575828552246 16.964427947998 16.9325485229492 16.9463768005371 16.8556156158447 16.7828636169434 16.7346954345703 16.659330368042 16.5573539733887
16.9354782104492 16.8700981140137 16.8488330841064 17.0198402404785 17.1801300048828 17.1268157958984 17.1481456756592 17.0968132019043 17.0272178649902 17.1947441101074 17.3999671936035 17.6576747894287 17.8882484436035 18.0530624389648 18.174976348877 18.2644844055176 18.341329574585 18.3924617767334 18.4368209838867 18.4789352416992 18.5226211547852 18.5566387176514 18.6304798126221 18.6438140869141 18.5902767181396 18.5563926696777 18.5397453308105 18.5007305145264 18.4432125091553 18.3844738006592 18.3353748321533 18.2848377227783 18.2413291931152 18.1950016021729 18.134464263916 17.9221668243408 17.6115913391113 17.4755458831787 17.3450088500977 17.2254009246826 17.1589794158936 17.1262245178223 16.9876022338867 16.831823348999 16.714937210083 16.6053905487061 16.4820308685303
16.9653701782227 16.8921489715576 16.8643188476562 16.9550590515137 17.0782928466797 17.1236343383789 16.9008312225342 16.8808536529541 17.0941352844238 17.2819919586182 17.3531951904297 17.559009552002 17.8828353881836 17.9951725006104 18.1237373352051 18.3597431182861 18.5266227722168 18.6377468109131 18.6682548522949 18.7060623168945 18.7535228729248 18.7854290008545 18.8007469177246 18.8059940338135 18.8014030456543 18.7974720001221 18.7852325439453 18.7610168457031 18.7274608612061 18.6910724639893 18.6505260467529 18.5853309631348 18.447244644165 18.2740135192871 18.0817775726318 17.9500331878662 17.8651676177979 17.7279663085938 17.5690174102783 17.4173946380615 17.329553604126 17.2719173431396 17.112491607666 16.9122676849365 16.7118759155273 16.5608558654785 16.4075565338135
17.005823135376 16.9078598022461 16.8638515472412 16.9189109802246 17.00244140625 17.0653686523438 16.5422859191895 16.6062088012695 16.8471336364746 17.1173629760742 17.438850402832 17.737060546875 17.9541320800781 18.120138168335 18.224178314209 18.2988166809082 18.384822845459 18.4479217529297 18.6275901794434 18.8609867095947 18.8922214508057 18.9331703186035 18.9418678283691 18.9468078613281 18.9414176940918 18.927059173584 18.9065265655518 18.8794136047363 18.8540153503418 18.8324012756348 18.6894207000732 18.410249710083 18.3451347351074 18.284912109375 18.205659866333 18.1201000213623 18.0337371826172 17.9018650054932 17.7326831817627 17.5504608154297 17.4325714111328 17.3505764007568 17.1667366027832 16.9641551971436 16.7339992523193 16.5380401611328 16.3411598205566
17.0209579467773 16.9011211395264 16.8080463409424 16.7408237457275 16.7102355957031 16.4510841369629 16.4086437225342 16.6015930175781 16.8746566772461 17.2021656036377 17.5500469207764 17.849250793457 18.0705966949463 18.2235527038574 18.3250865936279 18.4099388122559 18.4828071594238 18.5185146331787 18.5301494598389 18.5978603363037 18.8130035400391 18.9440422058105 18.9523983001709 18.9579734802246 18.9532451629639 18.9427108764648 18.9313526153564 18.9162998199463 18.8788623809814 18.7010917663574 18.4785671234131 18.4400901794434 18.4021873474121 18.3605270385742 18.3000793457031 18.2290229797363 18.1479225158691 18.0273876190186 17.8660774230957 17.664514541626 17.5087413787842 17.4047317504883 17.1961708068848 16.9708023071289 16.7235507965088 16.537769317627 16.3049907684326
16.9967441558838 16.8292865753174 16.4605960845947 16.175256729126 16.2017784118652 16.2769470214844 16.4115371704102 16.6312255859375 16.9240379333496 17.2759971618652 17.6274547576904 17.9253826141357 18.1404094696045 18.2897472381592 18.3997669219971 18.4778347015381 18.5256233215332 18.5606689453125 18.578031539917 18.5878353118896 18.5874443054199 18.6672897338867 18.8371696472168 18.7263031005859 18.7125835418701 18.7641410827637 18.6796073913574 18.6716365814209 18.5758304595947 18.5161914825439 18.496862411499 18.471830368042 18.4365921020508 18.4020404815674 18.3566398620605 18.303581237793 18.2329273223877 18.1221237182617 17.97678565979 17.7743148803711 17.5878047943115 17.4564971923828 17.2360191345215 16.9831104278564 16.6919326782227 16.4670391082764 16.2185134887695
16.7562465667725 16.434757232666 16.0773792266846 16.0848369598389 16.1849098205566 16.2629680633545 16.4184761047363 16.6328220367432 16.9224376678467 17.2836170196533 17.6400623321533 17.9321613311768 18.1577854156494 18.3155708312988 18.4263973236084 18.4983367919922 18.5451908111572 18.5813407897949 18.6049327850342 18.6301574707031 18.6490898132324 18.6489524841309 18.6540050506592 18.6603965759277 18.639705657959 18.6247138977051 18.6262111663818 18.6137428283691 18.5945148468018 18.5681800842285 18.5436363220215 18.5360507965088 18.5130863189697 18.4729537963867 18.4268169403076 18.3690891265869 18.2833614349365 18.1801605224609 18.0443668365479 17.8744316101074 17.6902980804443 17.5161590576172 17.2818393707275 17.0046272277832 16.7102832794189 16.4322242736816 16.1431999206543
16.2200603485107 16.0538997650146 16.0104236602783 16.0718803405762 16.1790981292725 16.2679805755615 16.4480094909668 16.6326904296875 16.9032764434814 17.2620868682861 17.6044235229492 17.9079399108887 18.1259460449219 18.2975540161133 18.4158725738525 18.507194519043 18.5743446350098 18.6261615753174 18.6595420837402 18.6798343658447 18.6934375762939 18.7053031921387 18.711669921875 18.7158908843994 18.7038974761963 18.6980228424072 18.6872081756592 18.6740055084229 18.6649379730225 18.6495838165283 18.6323852539062 18.6240062713623 18.5984039306641 18.5560474395752 18.5024738311768 18.4238433837891 18.3302726745605 18.2164001464844 18.0897903442383 17.9541053771973 17.7936840057373 17.5978546142578 17.3473854064941 17.0266914367676 16.7226524353027 16.4121837615967 16.136697769165
16.0540504455566 16.0121650695801 16.0088634490967 16.0843315124512 16.20481300354 16.3271408081055 16.5014305114746 16.6388759613037 16.8817577362061 17.2105293273926 17.5242328643799 17.8310985565186 18.052770614624 18.2326259613037 18.3691673278809 18.462532043457 18.5438137054443 18.6141681671143 18.6648254394531 18.6925926208496 18.7063140869141 18.7293128967285 18.7499752044678 18.7543640136719 18.7428188323975 18.7443447113037 18.7428436279297 18.7301959991455 18.7125186920166 18.6933288574219 18.6749820709229 18.6653423309326 18.649787902832 18.607816696167 18.5452690124512 18.4741668701172 18.3795108795166 18.2623691558838 18.1243953704834 18.005973815918 17.866979598999 17.6873760223389 17.423469543457 17.08030128479 16.7478847503662 16.4268741607666 16.1304168701172
15.9599542617798 16.0037517547607 16.0215358734131 16.0863876342773 16.2190608978271 16.405740737915 16.5579376220703 16.6749992370605 16.8534202575684 17.1194171905518 17.3999996185303 17.6871814727783 17.9294166564941 18.1103744506836 18.2639217376709 18.3681106567383 18.4618511199951 18.5476150512695 18.6215267181396 18.6749954223633 18.7078037261963 18.7226810455322 18.7359886169434 18.753849029541 18.7513999938965 18.7536697387695 18.7793388366699 18.7930545806885 18.7803020477295 18.7414722442627 18.693904876709 18.6744613647461 18.6458492279053 18.6088123321533 18.5515613555908 18.4685592651367 18.3984184265137 18.2864379882812 18.1426334381104 18.0388488769531 17.9164962768555 17.7754192352295 17.5299892425537 17.189151763916 16.8229293823242 16.4848022460938 16.1621932983398
