Ecospace-environmental-drivers/Outputs/ASCII-for-ecospace/Temp-avg/Temp-avg_X1997.01.asc
NCOLS 131 
NROWS 53 
XLLCORNER -98 
YLLCORNER 23.9265270233154 
CELLSIZE 0.133587792515755 
NODATA_value -3.4e+38 
[rows 21 to 41 of 53, columns 0 to 46 of 131]
-3.4e+38 -3.4e+38 -3.4e+38 -3.4e+38 -3.4e+38 -3.4e+38 14.7437696456909 14.6131753921509 14.7183609008789 14.3696784973145 14.8622694015503 15.43288230896 16.0259552001953 16.60133934021 17.1163787841797 17.5622406005859 18.0343208312988 18.5368423461914 19.0283794403076 19.4480133056641 19.7866458892822 20.0306415557861 20.1808815002441 20.256628036499 20.277889251709 20.2864074707031 20.2752780914307 20.2703762054443 20.2913074493408 20.3542003631592 20.4566535949707 20.5345764160156 20.5872344970703 20.6389560699463 20.7011985778809 20.7573413848877 20.7966461181641 20.8214855194092 20.8373413085938 20.843822479248 20.840238571167 20.8511428833008 20.8686141967773 20.9242458343506 21.0021514892578 21.0445213317871 21.0851459503174
-3.4e+38 -3.4e+38 -3.4e+38 -3.4e+38 -3.4e+38 -3.4e+38 14.7238025665283 14.8943309783936 14.6131753921509 15.1722288131714 15.8090410232544 16.4425563812256 17.223237991333 17.9744739532471 18.574592590332 19.0095500946045 19.3441848754883 19.6440601348877 19.9233531951904 20.1435260772705 20.3225650787354 20.4643535614014 20.5997009277344 20.677209854126 20.7035312652588 20.6956577301025 20.6854763031006 20.7201347351074 20.7214889526367 20.7276172637939 20.7640323638916 20.8113231658936 20.8581962585449 20.8656406402588 20.8899173736572 20.959493637085 20.9815044403076 20.9298858642578 20.8788433074951 20.8145980834961 20.8943309783936 21.0101451873779 20.9930877685547 21.0979976654053 21.2148265838623 21.2361679077148 21.2383327484131
-3.4e+38 -3.4e+38 -3.4e+38 -3.4e+38 15.0392656326294 14.9100074768066 14.9945583343506 14.7238025665283 15.3460149765015 16.0494155883789 16.7420539855957 17.6891002655029 18.7101192474365 19.4975566864014 19.9529914855957 20.1103096008301 20.1704940795898 20.3021965026855 20.4887237548828 20.6309375762939 20.6660995483398 20.592737197876 20.5299510955811 20.4508743286133 20.5875492095947 20.4800033569336 20.5006408691406 20.6753997802734 20.8927326202393 20.7941246032715 21.0135250091553 21.1039791107178 21.0583839416504 20.7890815734863 20.9653739929199 20.8946132659912 20.7697639465332 20.7338619232178 20.5231246948242 19.898265838623 20.1618900299072 20.1481742858887 20.6187019348145 20.2787322998047 20.5822219848633 20.7075862884521 20.832799911499
-3.4e+38 -3.4e+38 -3.4e+38 -3.4e+38 15.1162662506104 15.0915231704712 14.9100074768066 15.3498659133911 16.1713180541992 16.9310569763184 17.9066543579102 18.9622478485107 19.8168506622314 20.5203285217285 20.9879474639893 21.1066875457764 21.0320453643799 20.7358665466309 20.5764560699463 20.2182788848877 19.6422748565674 19.3034801483154 19.4106502532959 19.3902263641357 19.4446678161621 19.4140510559082 19.6716728210449 19.5116519927979 19.758752822876 19.634391784668 19.8610897064209 20.286506652832 20.3644905090332 20.4673614501953 20.6913509368896 20.5613708496094 20.6952056884766 20.4366397857666 19.8266620635986 18.8856601715088 19.0511875152588 19.1604919433594 19.2380447387695 19.0473613739014 18.8945541381836 19.1417255401611 18.8626155853271
-3.4e+38 -3.4e+38 -3.4e+38 -3.4e+38 -3.4e+38 15.1162662506104 15.2482967376709 16.1215705871582 16.9793930053711 18.0010623931885 19.0916633605957 19.9909076690674 20.8717269897461 21.5558586120605 21.6780910491943 21.392126083374 20.497594833374 19.4474124908447 19.1308059692383 18.7243003845215 18.2579326629639 18.1793060302734 18.2948379516602 18.3491554260254 18.5257930755615 18.3264026641846 18.4602870941162 18.5788421630859 18.5125904083252 18.4688282012939 18.4988460540771 18.9199905395508 19.1881065368652 19.8642158508301 19.7954044342041 19.8605270385742 19.6875057220459 19.01735496521 18.1384468078613 17.9957752227783 18.3857822418213 18.1959762573242 17.887228012085 17.8637847900391 17.9280109405518 18.2015762329102 18.0163059234619
-3.4e+38 -3.4e+38 -3.4e+38 -3.4e+38 -3.4e+38 15.3584642410278 15.9120960235596 16.8314895629883 17.8789443969727 19.069486618042 20.0685691833496 21.0379428863525 21.5591850280762 21.6283016204834 21.2339630126953 20.4974212646484 19.273551940918 18.40891456604 18.170970916748 17.7458019256592 17.4049606323242 17.4211292266846 17.5005588531494 17.7837085723877 17.5209655761719 17.556604385376 17.4888381958008 17.3364086151123 17.6998100280762 17.3350639343262 17.7779788970947 18.2316246032715 18.7887306213379 18.9460639953613 18.6040420532227 18.6932468414307 18.3949947357178 17.7169742584229 17.4084186553955 17.1346435546875 17.4844188690186 17.0730056762695 17.3086528778076 17.3838214874268 17.4767684936523 17.6076641082764 17.1801471710205
-3.4e+38 -3.4e+38 16.2220821380615 16.3541488647461 15.977728843689 15.719108581543 16.5221920013428 17.5177326202393 18.7286281585693 19.8794002532959 20.9410552978516 21.4642028808594 21.6255664825439 21.2585906982422 20.292501449585 19.7101039886475 18.7390556335449 17.7220726013184 17.2490158081055 17.1724224090576 17.2115917205811 17.2478885650635 17.2574710845947 17.2593250274658 17.2414951324463 17.2239780426025 16.9376220703125 16.9420757293701 17.0477676391602 17.2399272918701 17.6208229064941 17.7541980743408 17.9948444366455 18.0059871673584 17.9457530975342 17.6846141815186 17.5273361206055 17.473596572876 17.1572399139404 16.8764762878418 16.8892841339111 16.727855682373 16.5638675689697 16.5356216430664 16.7690925598145 16.8466529846191 16.715030670166
-339999999999999996128486808808066248288.000000000000000 -3.4e+38 -3.4e+38 -3.4e+38 16.4862174987793 16.1027698516846 16.9920043945312 18.1023693084717 19.3602561950684 20.5311126708984 21.3533153533936 21.5887889862061 21.3181533813477 20.395622253418 19.8396987915039 19.2466049194336 18.1602153778076 17.5248680114746 17.2767028808594 17.206075668335 17.3114719390869 17.2973976135254 17.3084373474121 17.3217430114746 17.3381824493408 17.2554893493652 16.9664993286133 17.062931060791 16.8964042663574 17.0637168884277 17.2303218841553 17.0726642608643 17.5530529022217 17.7082424163818 17.5762481689453 17.2942485809326 17.1016616821289 16.9308280944824 16.833797454834 16.6545219421387 16.4244861602783 16.3531627655029 16.1977806091309 16.2458591461182 16.2463645935059 16.3370513916016 16.4848499298096
-3.4e+38 -3.4e+38 -3.4e+38 -3.4e+38 16.214822769165 16.4118518829346 17.3310356140137 18.4812526702881 19.736400604248 20.9156379699707 21.5271072387695 21.5831489562988 20.8778247833252 19.9628982543945 19.2754306793213 18.6632881164551 18.2522296905518 17.726505279541 17.4473552703857 17.4737930297852 17.2880611419678 17.1730556488037 17.1991958618164 17.1736373901367 17.1665382385254 17.254976272583 16.9620761871338 16.8278789520264 16.7042102813721 17.0797080993652 17.0993824005127 17.0511245727539 16.9121170043945 17.0825881958008 16.9463996887207 16.533670425415 16.6220836639404 16.562219619751 16.4372119903564 16.3291149139404 16.2617626190186 16.1680183410645 16.0567398071289 15.9314785003662 16.064847946167 15.9766683578491 16.1255702972412
-3.4e+38 -3.4e+38 -3.4e+38 -3.4e+38 15.9439382553101 16.6548442840576 17.5522117614746 18.639461517334 19.8544139862061 20.9832210540771 21.5950508117676 21.3283729553223 20.1423797607422 19.6408882141113 18.9058113098145 18.4701366424561 17.8735218048096 17.6760063171387 17.2435531616211 17.2378196716309 17.0816421508789 17.1991767883301 17.2772521972656 17.2199478149414 17.0028190612793 17.1594429016113 17.2717761993408 16.7151126861572 16.5892353057861 16.7936820983887 17.0559940338135 16.8546085357666 16.7696266174316 16.7878894805908 16.6518173217773 16.546236038208 16.4745235443115 16.4647922515869 16.3602046966553 16.318286895752 16.1270084381104 15.9835138320923 15.9047346115112 15.9299840927124 15.8224697113037 15.9127807617188 16.0438785552979
-3.4e+38 -3.4e+38 -3.4e+38 -3.4e+38 17.477180480957 16.8306941986084 17.6917953491211 18.6532745361328 19.7533588409424 20.8450088500977 21.5481929779053 21.1744117736816 19.9379215240479 19.5364761352539 18.7137012481689 17.7870464324951 17.4919910430908 17.3832187652588 17.1959648132324 16.9501304626465 16.9480133056641 16.9976539611816 17.2245998382568 17.2153549194336 17.0970783233643 17.1564807891846 17.4157810211182 17.2084770202637 16.7324390411377 16.7639083862305 16.5951919555664 16.5558090209961 16.672664642334 16.629222869873 16.6054248809814 16.5755500793457 16.5030269622803 16.4110412597656 16.1758518218994 15.9857006072998 15.9133920669556 15.8761930465698 15.8654918670654 15.8193225860596 15.816650390625 15.9066019058228 16.021390914917
-3.4e+38 -3.4e+38 -3.4e+38 -3.4e+38 17.358304977417 17.0442352294922 17.7573204040527 18.6436996459961 19.561056137085 20.5271587371826 21.3044891357422 21.3624935150146 20.0617713928223 19.4087905883789 18.7252044677734 17.7118453979492 17.266019821167 17.2108058929443 17.2063999176025 16.9840984344482 17.0601692199707 17.100944519043 17.0980949401855 17.0278778076172 17.2875289916992 17.2143707275391 17.1454486846924 16.9993171691895 16.8580913543701 16.7603435516357 16.4531230926514 16.6460800170898 16.6413726806641 16.4309329986572 16.2724266052246 16.3217430114746 16.2055549621582 16.1673069000244 16.0884304046631 16.0079936981201 15.931604385376 15.9019165039062 15.6179456710815 15.8203945159912 15.8491506576538 15.9263820648193 16.0449542999268
-3.4e+38 -3.4e+38 -3.4e+38 -3.4e+38 16.8171672821045 17.1425724029541 17.7751350402832 18.6561164855957 19.4819564819336 20.2861938476562 20.9593276977539 21.2822437286377 20.5883922576904 19.3003711700439 18.3719615936279 17.8325710296631 17.3782863616943 17.2534084320068 17.0963230133057 17.0200862884521 17.0930824279785 17.1169509887695 17.100076675415 17.041748046875 16.9619522094727 16.675817489624 16.5968570709229 16.5928802490234 16.5106410980225 16.4916591644287 16.3286247253418 16.4718914031982 16.3370151519775 16.2486343383789 16.252477645874 16.2138118743896 16.1827087402344 16.1741352081299 16.1269397735596 15.9099645614624 15.9454393386841 15.8505992889404 15.640251159668 15.5485219955444 15.7174987792969 15.9911422729492 16.0431690216064
-3.4e+38 -3.4e+38 -3.4e+38 -3.4e+38 -3.4e+38 17.3498439788818 17.7776985168457 18.7185459136963 19.5300769805908 20.2630882263184 20.8732719421387 21.2563037872314 21.2297229766846 19.5524463653564 18.5043506622314 17.958438873291 17.5501174926758 17.2926063537598 17.1171741485596 17.0338478088379 17.092830657959 17.106466293335 17.0682315826416 17.0135974884033 16.9293956756592 16.5037422180176 16.4513912200928 16.564567565918 16.4772243499756 16.3998985290527 16.2728958129883 16.2224025726318 16.2127857208252 16.2102737426758 16.0739765167236 16.2043132781982 16.2121925354004 16.1737060546875 16.1490573883057 16.1036033630371 15.9318399429321 15.7526979446411 15.7307291030884 15.9338130950928 15.7564334869385 15.8375396728516 15.8978586196899
-3.4e+38 -3.4e+38 -3.4e+38 -3.4e+38 -3.4e+38 17.474889755249 17.820068359375 18.8441753387451 19.6888465881348 20.3731498718262 20.9930114746094 21.4008045196533 21.5089321136475 19.8035659790039 18.7816162109375 18.0348358154297 17.8883495330811 17.3957653045654 17.1309604644775 17.03662109375 17.0833778381348 17.0340633392334 16.7419528961182 16.7631092071533 16.5745410919189 16.1387119293213 16.1077632904053 16.2005653381348 16.1038761138916 16.2056980133057 16.2419548034668 16.1720352172852 16.1813678741455 16.1796131134033 15.739972114563 15.914701461792 16.1898040771484 16.2180080413818 16.1748485565186 16.1386051177979 16.1052703857422 15.7928848266602 15.7377424240112 15.8436708450317 15.9013204574585 15.9016914367676 15.9977922439575
-3.4e+38 -3.4e+38 -3.4e+38 -3.4e+38 -3.4e+38 17.6627998352051 17.7701740264893 18.9766025543213 19.8661270141602 20.5338878631592 21.1407070159912 21.5789890289307 21.5798320770264 19.6374816894531 18.5810737609863 18.0912342071533 18.0997943878174 17.8545188903809 17.1023712158203 17.0434055328369 17.0630435943604 16.821418762207 16.5302696228027 16.2881317138672 16.0655460357666 15.9791955947876 15.9000511169434 15.8448085784912 15.7642164230347 15.5867748260498 15.5126266479492 15.5107774734497 15.655966758728 15.7096157073975 15.5619478225708 15.6287488937378 15.8470115661621 16.0381603240967 15.9648780822754 15.9474020004272 15.8680305480957 15.8696298599243 15.8897123336792 15.9267234802246 15.978045463562 16.0402812957764 16.1072368621826
-3.4e+38 -3.4e+38 -3.4e+38 -3.4e+38 -3.4e+38 -3.4e+38 17.9237499237061 19.0753993988037 20.0059604644775 20.7156524658203 21.3356590270996 21.8240928649902 21.9357757568359 19.8688774108887 18.5916614532471 18.1698131561279 18.539478302002 18.1481418609619 17.3072471618652 17.0940704345703 17.0368843078613 16.695198059082 16.3218288421631 16.0371685028076 15.7791032791138 15.7138252258301 15.7515716552734 15.5401830673218 15.3447980880737 15.2766780853271 15.215726852417 15.2226438522339 15.2688417434692 15.3249855041504 15.3599796295166 15.3871736526489 15.4323120117188 15.6844673156738 15.8860874176025 15.9493494033813 15.9904413223267 16.0020065307617 16.0276908874512 16.0459079742432 16.0275287628174 16.1387271881104 16.2580509185791
-3.4e+38 -3.4e+38 -3.4e+38 -3.4e+38 -3.4e+38 -3.4e+38 18.1013259887695 19.2393054962158 20.1522960662842 20.9623928070068 21.5597839355469 22.13232421875 21.8438014984131 19.9539852142334 18.8809623718262 18.5485610961914 18.8685989379883 18.4531021118164 17.6886386871338 17.2474060058594 16.7924995422363 16.4318790435791 16.0939331054688 15.8597822189331 15.6229763031006 15.5564250946045 15.4768676757812 15.3818187713623 15.3130216598511 15.2366790771484 15.2174739837646 15.2404232025146 15.2872905731201 15.3172779083252 15.3450164794922 15.3795385360718 15.4101753234863 15.4385194778442 15.4584646224976 15.5802555084229 15.7550649642944 15.8462972640991 15.9055557250977 15.8301553726196 15.8812093734741 15.9812650680542 16.2050189971924
-3.4e+38 -3.4e+38 -3.4e+38 -3.4e+38 -3.4e+38 -3.4e+38 18.3402442932129 19.4898624420166 20.4281749725342 21.2462558746338 21.7859115600586 22.3540382385254 21.6734466552734 19.6437435150146 18.7396335601807 18.3887939453125 18.7770099639893 18.3549842834473 17.9145851135254 17.4065017700195 16.7633495330811 16.2231788635254 15.868332862854 15.6944675445557 15.6067380905151 15.5173368453979 15.4177379608154 15.3351001739502 15.2642593383789 15.2068729400635 15.1833992004395 15.2082633972168 15.2635068893433 15.3017539978027 15.3312549591064 15.358775138855 15.3891229629517 15.4144926071167 15.4432125091553 15.4560241699219 15.4673452377319 15.5338745117188 15.6162052154541 15.8028564453125 15.8555698394775 15.8407096862793 15.9462814331055
-3.4e+38 -3.4e+38 -3.4e+38 -3.4e+38 -3.4e+38 18.4855270385742 18.5967254638672 19.8525505065918 20.805700302124 21.4969387054443 22.0594310760498 22.4000701904297 21.419734954834 19.2773971557617 18.3811531066895 18.3590717315674 18.5428733825684 18.4154720306396 18.1006851196289 17.6230201721191 16.9421005249023 16.1884326934814 15.8376560211182 15.6910820007324 15.5882263183594 15.4839239120483 15.3884725570679 15.3136367797852 15.241678237915 15.1935405731201 15.1825284957886 15.2053747177124 15.2432250976562 15.2795181274414 15.3082389831543 15.3451614379883 15.3771848678589 15.4018363952637 15.438401222229 15.4743900299072 15.511908531189 15.5696382522583 15.652684211731 15.7737579345703 15.8956422805786 15.9955310821533 16.0813865661621
-3.4e+38 -3.4e+38 -3.4e+38 -3.4e+38 18.6507930755615 18.511100769043 19.1913738250732 20.3376598358154 21.1829242706299 21.7823505401611 22.2659282684326 22.3126087188721 20.9133033752441 19.0311298370361 18.4730663299561 18.4936103820801 18.5917816162109 18.4072799682617 18.0597248077393 17.7102108001709 16.9272003173828 16.3735752105713 15.9910955429077 15.731502532959 15.6016311645508 15.4861764907837 15.4003477096558 15.3236074447632 15.2500371932983 15.1960134506226 15.1785764694214 15.1976747512817 15.2319269180298 15.2601804733276 15.2834348678589 15.3272390365601 15.369571685791 15.3996315002441 15.4498777389526 15.5159997940063 15.5882406234741 15.6900520324707 15.8521585464478 15.9960908889771 16.1011428833008 16.1940155029297 16.2739810943604
