Ecospace-environmental-drivers/Outputs/ASCII-for-ecospace/Temp-avg/Temp-avg_X2017.05.asc
NCOLS 131 
NROWS 53 
XLLCORNER -98 
YLLCORNER 23.9265270233154 
CELLSIZE 0.133587792515755 
NODATA_value -3.4e+38 
[rows 21 to 41 of 53, columns 47 to 93 of 131]
23.9678401947021 23.8454971313477 23.8249015808105 23.8206806182861 23.8301219940186 23.8828773498535 23.7659873962402 23.7665214538574 23.7592334747314 23.4945850372314 23.0520095825195 22.801570892334 22.2866954803467 21.4458065032959 20.8989410400391 20.0929279327393 19.1047134399414 18.8777122497559 18.9879913330078 18.8128395080566 18.4040489196777 18.0776462554932 17.9222755432129 17.9143657684326 17.7371044158936 17.6349067687988 17.7271194458008 17.8048839569092 17.8040866851807 17.6213302612305 17.6042346954346 17.6293773651123 17.6313800811768 17.5961456298828 17.5121116638184 17.3830337524414 17.3664302825928 17.549186706543 18.2895221710205 18.7412338256836 18.9666652679443 19.1736526489258 19.596342086792 20.0630588531494 20.5177936553955 20.9048824310303 21.334228515625
23.3779602050781 23.2885704040527 23.2773036956787 23.2965717315674 23.3929023742676 23.2725849151611 22.7154750823975 22.9464149475098 22.5457935333252 21.8646049499512 21.5457801818848 21.3209190368652 21.2160377502441 20.7613182067871 20.282018661499 20.0895957946777 19.1615047454834 18.9689979553223 18.6689205169678 18.7140769958496 18.5457191467285 18.1735706329346 18.0506439208984 17.6953449249268 17.593807220459 17.6367950439453 17.7229595184326 17.8172512054443 17.6830596923828 17.5610332489014 17.5981388092041 17.6107521057129 17.6095943450928 17.5862674713135 17.5275688171387 17.4263877868652 17.3292675018311 17.208080291748 17.1027297973633 17.2728328704834 17.619010925293 17.9362812042236 18.4008693695068 19.1007080078125 19.7077598571777 20.1752834320068 20.6828784942627
22.2349109649658 22.1689949035645 22.4408206939697 22.072437286377 21.7599849700928 21.4000282287598 21.468334197998 20.9840049743652 20.4988307952881 20.3265609741211 20.3672275543213 20.7183361053467 20.347620010376 20.0516510009766 19.5593338012695 19.3677368164062 19.1797428131104 18.8707714080811 18.7349185943604 18.7350597381592 18.7066783905029 18.4118881225586 18.2231521606445 17.7792167663574 17.6816997528076 17.6568946838379 17.7095355987549 17.7614212036133 17.5345211029053 17.5513134002686 17.5851497650146 17.622127532959 17.6423797607422 17.6330280303955 17.5793762207031 17.4966602325439 17.4153118133545 17.2696666717529 16.8852653503418 16.7486362457275 16.7011013031006 16.7100353240967 17.057092666626 17.7456798553467 18.5579051971436 19.4428195953369 19.9918422698975
20.4740982055664 20.5513916015625 20.2567615509033 20.5349864959717 20.4054584503174 20.1839752197266 19.762565612793 19.567892074585 19.2218761444092 19.5965118408203 19.6504859924316 19.9375190734863 19.5028915405273 19.371545791626 19.3416786193848 19.3164978027344 19.0368976593018 18.9541320800781 18.8593902587891 18.6453056335449 18.5377731323242 18.4627208709717 18.3947525024414 18.0605430603027 17.8448791503906 17.7077751159668 17.4576301574707 17.4544868469238 17.4969997406006 17.547061920166 17.5767993927002 17.587345123291 17.6229763031006 17.6338348388672 17.3907032012939 17.2737274169922 17.172061920166 17.1285724639893 16.997594833374 16.8743877410889 16.7958106994629 16.7380237579346 16.7071056365967 16.7722702026367 17.2883930206299 18.2158088684082 19.1691360473633
19.4366893768311 19.2890014648438 19.2376766204834 19.0918216705322 18.8710079193115 19.2249279022217 18.7405834197998 19.0092678070068 18.8047466278076 18.9525165557861 19.0217781066895 19.1359100341797 19.2423992156982 19.3438110351562 19.4188842773438 19.1885929107666 18.8476886749268 18.7954559326172 18.7423477172852 18.6268291473389 18.6093006134033 18.5929908752441 18.5555171966553 18.4682807922363 18.030460357666 17.8794727325439 17.7315368652344 17.4694271087646 17.470308303833 17.5036144256592 17.5450592041016 17.5732479095459 17.5993633270264 17.5485248565674 17.2644500732422 17.2376842498779 17.1947803497314 17.1561717987061 17.0850696563721 16.9739532470703 16.8858070373535 16.7982406616211 16.7506008148193 16.6921291351318 16.6539268493652 17.0692749023438 18.1658325195312
18.5862007141113 18.6793270111084 18.6718063354492 18.1951904296875 18.285924911499 18.5290794372559 18.5940647125244 18.4610443115234 18.7668514251709 18.815357208252 19.0836296081543 19.1512317657471 19.3692893981934 19.2270908355713 19.0697345733643 18.8194046020508 18.7837924957275 18.7876529693604 18.7762641906738 18.7701625823975 18.7585334777832 18.7360420227051 18.3990669250488 18.2685832977295 18.098669052124 17.9736671447754 17.8750419616699 17.5826587677002 17.4563999176025 17.4809761047363 17.5168724060059 17.5655727386475 17.612756729126 17.4181900024414 17.3228015899658 17.2980651855469 17.2426452636719 17.1981964111328 17.1337242126465 17.0425510406494 16.9417629241943 16.8215351104736 16.7637062072754 16.7023258209229 16.6782665252686 16.6547622680664 17.3489570617676
18.2452220916748 18.2650203704834 18.0841178894043 17.8292350769043 18.0075588226318 18.1415119171143 18.144926071167 18.4264392852783 18.5997180938721 18.5874137878418 18.7664546966553 18.9252128601074 19.0569744110107 19.0179119110107 18.7060165405273 18.6385135650635 18.4742889404297 18.4813537597656 18.6246814727783 18.7057476043701 18.8526058197021 18.4939556121826 18.4059391021729 18.3306655883789 18.1878604888916 18.060583114624 17.9630279541016 17.5752487182617 17.4936275482178 17.4881820678711 17.5087490081787 17.5544357299805 17.6229305267334 17.6822700500488 17.613920211792 17.3534870147705 17.2910289764404 17.2342357635498 17.1684513092041 17.071813583374 16.9402275085449 16.8234825134277 16.7835140228271 16.7478885650635 16.7320213317871 16.687032699585 16.9052047729492
18.1356906890869 17.8883819580078 17.6934394836426 17.8667144775391 17.9666194915771 17.7985134124756 17.8997249603271 18.2429103851318 18.3888988494873 18.6660633087158 18.7472591400146 18.6710605621338 18.5431823730469 18.5397491455078 18.4879455566406 18.5231418609619 18.5428504943848 18.5563526153564 18.5415496826172 18.5250644683838 18.5071811676025 18.4823703765869 18.4544906616211 18.3695278167725 18.1974906921387 17.8787803649902 17.6458988189697 17.5615749359131 17.5220909118652 17.5022296905518 17.5111389160156 17.5465431213379 17.6126556396484 17.6883430480957 17.6469058990479 17.6045322418213 17.3516864776611 17.2632293701172 17.1831226348877 17.0580883026123 16.9288768768311 16.8513622283936 16.8279991149902 16.8124198913574 16.7990798950195 16.7383136749268 16.7114582061768
17.8234157562256 17.7570571899414 17.7305965423584 17.7289028167725 17.7599029541016 17.7913761138916 17.8356590270996 17.9732971191406 18.1559066772461 18.3284072875977 18.2445068359375 18.2974472045898 18.4158802032471 18.5032119750977 18.5551452636719 18.5966243743896 18.6176242828369 18.627742767334 18.5940227508545 18.5594444274902 18.5351428985596 18.5066909790039 18.471134185791 18.3981456756592 17.9689979553223 17.7567977905273 17.6400775909424 17.562858581543 17.5278720855713 17.5194664001465 17.516429901123 17.539794921875 17.588659286499 17.6690521240234 17.7275104522705 17.7363948822021 17.3898162841797 17.2355175018311 17.1432456970215 17.0369644165039 16.9477443695068 16.9056606292725 16.870138168335 16.8444423675537 16.8471126556396 16.7979145050049 16.7616596221924
17.8285350799561 17.7545623779297 17.4569034576416 17.5048923492432 17.7683792114258 17.7101707458496 17.9047470092773 18.0478591918945 18.2424049377441 18.1368637084961 18.2216053009033 18.2644500732422 18.2581405639648 18.4526767730713 18.5086116790771 18.5369091033936 18.3636493682861 18.2905941009521 18.2776889801025 18.382532119751 18.5431137084961 18.5071792602539 18.4644870758057 18.409158706665 17.9785175323486 17.781774520874 17.6548690795898 17.5692939758301 17.5338363647461 17.5293731689453 17.5340919494629 17.5498352050781 17.5757846832275 17.6596508026123 17.7102069854736 17.7102355957031 17.4024295806885 17.2054347991943 17.1165370941162 17.0429973602295 16.9805946350098 16.9461708068848 16.8830394744873 16.8454837799072 16.8542423248291 16.8465042114258 16.8100852966309
17.6161994934082 17.7920627593994 17.5776500701904 17.5613861083984 17.7738742828369 17.8490772247314 17.9871482849121 18.1491432189941 18.2922286987305 18.1010341644287 18.1313953399658 18.0566101074219 18.157995223999 18.2366828918457 18.2916049957275 18.3203239440918 18.3230762481689 18.3276138305664 18.2859420776367 18.2254295349121 18.371732711792 18.4902744293213 18.4523181915283 18.3988475799561 18.1008472442627 17.807373046875 17.6784038543701 17.5946044921875 17.5566425323486 17.5268611907959 17.5243835449219 17.5439853668213 17.5616874694824 17.6181621551514 17.6621589660645 17.6494007110596 17.338903427124 17.2260341644287 17.1340007781982 17.08620262146 17.0350742340088 16.9691467285156 16.9049816131592 16.8741073608398 16.8725986480713 16.8751983642578 16.8583202362061
17.8846378326416 17.8188190460205 17.7518062591553 17.4840316772461 17.7922058105469 17.6642570495605 17.7176456451416 17.8896617889404 18.0545253753662 17.8831844329834 17.9755973815918 18.1017417907715 18.1983394622803 18.2737636566162 18.3361568450928 18.3670120239258 18.3615074157715 18.3439445495605 18.3120231628418 18.2534332275391 18.1721057891846 18.2411155700684 18.4347438812256 18.3794441223145 18.194393157959 17.8350677490234 17.7200508117676 17.6258659362793 17.5648231506348 17.527400970459 17.5141334533691 17.5137710571289 17.518928527832 17.543981552124 17.5830974578857 17.5855102539062 17.2793388366699 17.2007732391357 17.1526699066162 17.1319026947021 17.0900554656982 17.002685546875 16.9368877410889 16.9032516479492 16.9185447692871 16.9095649719238 16.9001178741455
17.6121940612793 17.4900588989258 17.4079875946045 17.4394226074219 17.5923538208008 17.6413879394531 17.7651805877686 17.8008632659912 17.748140335083 17.8977451324463 18.034309387207 18.1382904052734 18.2280540466309 18.3051052093506 18.3846702575684 18.4249076843262 18.3961334228516 18.3365287780762 18.2903575897217 18.2372741699219 18.153263092041 18.0916347503662 18.0950412750244 18.0529441833496 17.9583358764648 17.8511772155762 17.7539710998535 17.6314182281494 17.5605850219727 17.5133800506592 17.4687995910645 17.4622116088867 17.4715843200684 17.4816246032715 17.5003395080566 17.3882827758789 17.1903953552246 17.1807613372803 17.1533088684082 17.1407260894775 17.1431922912598 17.1217517852783 17.0795021057129 17.0425567626953 17.0146427154541 17.0002365112305 16.9816150665283
17.5580348968506 17.4948501586914 17.4680824279785 17.5051517486572 17.605598449707 17.7529449462891 17.6207180023193 17.6480274200439 17.8153285980225 17.9142913818359 17.8070316314697 17.8049449920654 17.9824523925781 18.0052013397217 18.0958271026611 18.2932033538818 18.3578243255615 18.3391799926758 18.272912979126 18.2194766998291 18.1375217437744 18.0749416351318 18.0189800262451 17.9715213775635 17.9294834136963 17.8556232452393 17.7565383911133 17.6248588562012 17.5398464202881 17.4701919555664 17.4234371185303 17.4156951904297 17.3722438812256 17.2871856689453 17.1866416931152 17.1889972686768 17.2152156829834 17.2282981872559 17.2402210235596 17.261287689209 17.2867736816406 17.2945079803467 17.2956829071045 17.2790851593018 17.2540416717529 17.2163410186768 17.1695747375488
17.60862159729 17.5702934265137 17.5716190338135 17.6343460083008 17.7401657104492 17.8621864318848 17.3796138763428 17.393669128418 17.5421562194824 17.6541290283203 17.7383213043213 17.824146270752 17.8902931213379 17.9697608947754 18.0372905731201 18.0727996826172 18.0549736022949 17.9966583251953 18.0709419250488 18.2038421630859 18.1228065490723 18.0597763061523 18.0141315460205 17.9807968139648 17.9308853149414 17.8505859375 17.7388210296631 17.6029567718506 17.4880676269531 17.3976402282715 17.2808647155762 17.0896167755127 17.1263294219971 17.1523342132568 17.1805992126465 17.2210388183594 17.2600536346436 17.3120002746582 17.367546081543 17.4265537261963 17.4989166259766 17.5528507232666 17.5946025848389 17.6119365692139 17.590503692627 17.5392742156982 17.4691143035889
17.7286796569824 17.6994800567627 17.7054042816162 17.6434516906738 17.6173267364502 17.3646030426025 17.3307285308838 17.4355716705322 17.5684509277344 17.6689853668213 17.7599124908447 17.8349590301514 17.901927947998 17.9644012451172 18.0215682983398 18.045280456543 18.0239524841309 17.9816150665283 17.9237213134766 17.898983001709 18.0049362182617 18.0594959259033 18.0154361724854 17.9799461364746 17.9226036071777 17.8332099914551 17.702880859375 17.5534801483154 17.4112758636475 17.2216987609863 17.066873550415 17.1062049865723 17.1555786132812 17.1898136138916 17.2289886474609 17.2827854156494 17.3369331359863 17.419734954834 17.5457153320312 17.6929321289062 17.8349647521973 17.9383487701416 17.9893684387207 18.0091114044189 17.9890842437744 17.9299812316895 17.8436317443848
17.8202991485596 17.778434753418 17.4822177886963 17.1619987487793 17.1859912872314 17.2815589904785 17.3691501617432 17.486572265625 17.5983467102051 17.6834545135498 17.7726516723633 17.8447513580322 17.9183025360107 17.9600086212158 18.0012397766113 18.0165996551514 18.004976272583 17.9842166900635 17.9311103820801 17.8527698516846 17.7655296325684 17.7843647003174 17.8898696899414 17.7370910644531 17.6654319763184 17.6279697418213 17.4188346862793 17.273853302002 17.1103687286377 17.049503326416 17.0770111083984 17.1126461029053 17.1503276824951 17.1998710632324 17.2672386169434 17.3368492126465 17.4401893615723 17.6044578552246 17.8109607696533 18.0431575775146 18.2251663208008 18.3429832458496 18.3968601226807 18.4034614562988 18.3696136474609 18.3023414611816 18.2147254943848
17.6756286621094 17.4563407897949 17.1495685577393 17.1640567779541 17.2524547576904 17.3394775390625 17.4155883789062 17.5197792053223 17.6094989776611 17.6870403289795 17.7745971679688 17.8506183624268 17.9221153259277 17.9643058776855 17.9816341400146 17.9865837097168 17.9842777252197 17.972448348999 17.9225692749023 17.8618621826172 17.7735919952393 17.7070293426514 17.6531352996826 17.5915985107422 17.4964866638184 17.3701686859131 17.2132205963135 17.1222553253174 17.0734710693359 17.0521011352539 17.0527439117432 17.080379486084 17.1256313323975 17.1903991699219 17.2839488983154 17.4067440032959 17.6139717102051 17.8738651275635 18.1546401977539 18.4197063446045 18.6108207702637 18.7283554077148 18.7767238616943 18.7818355560303 18.7526531219482 18.6898403167725 18.5973682403564
17.2416458129883 17.1673164367676 17.1853199005127 17.2331485748291 17.3032932281494 17.3831195831299 17.4489250183105 17.5432987213135 17.6165256500244 17.6837482452393 17.7664070129395 17.843729019165 17.908805847168 17.9463710784912 17.9587821960449 17.9571304321289 17.9506454467773 17.9434223175049 17.9087200164795 17.84521484375 17.7702217102051 17.7111301422119 17.6501903533936 17.5624904632568 17.4469776153564 17.3018531799316 17.1689720153809 17.103120803833 17.0452041625977 17.0152740478516 17.0177268981934 17.0512752532959 17.1095504760742 17.1942481994629 17.3304061889648 17.5133628845215 17.8094654083252 18.1550159454346 18.4867305755615 18.7356395721436 18.9037647247314 19.0088062286377 19.0702724456787 19.0915794372559 19.0834369659424 19.0439414978027 18.9669799804688
17.2548236846924 17.2476577758789 17.2640991210938 17.2917079925537 17.3388900756836 17.4172992706299 17.4743213653564 17.556468963623 17.6173400878906 17.6790637969971 17.7498588562012 17.8142642974854 17.8740539550781 17.9094047546387 17.9184017181396 17.9197387695312 17.9190082550049 17.9009532928467 17.8673629760742 17.8129482269287 17.7558174133301 17.6941165924072 17.6247234344482 17.5284652709961 17.394193649292 17.2414684295654 17.1398372650146 17.0598754882812 17.0054130554199 16.9844341278076 16.9928169250488 17.0273914337158 17.0937442779541 17.2042598724365 17.3998985290527 17.6716213226318 18.0529727935791 18.461181640625 18.7928524017334 19.0108680725098 19.1477165222168 19.237247467041 19.2936172485352 19.325662612915 19.3329658508301 19.3050594329834 19.2502975463867
17.3309307098389 17.3163967132568 17.3281707763672 17.349723815918 17.3872909545898 17.45458984375 17.4989719390869 17.5629329681396 17.6177864074707 17.6652793884277 17.7247676849365 17.7705783843994 17.8180198669434 17.8597183227539 17.8739490509033 17.870304107666 17.8589725494385 17.8432579040527 17.815071105957 17.7750835418701 17.717248916626 17.6497650146484 17.5848159790039 17.4976863861084 17.3417873382568 17.1978588104248 17.0975322723389 17.0145931243896 16.9889450073242 16.9691963195801 16.9580917358398 17.005765914917 17.1021862030029 17.2693767547607 17.5271091461182 17.8780765533447 18.3324089050293 18.7464160919189 19.0436305999756 19.2243156433105 19.3382511138916 19.4121894836426 19.4575729370117 19.489351272583 19.5038623809814 19.4864406585693 19.4440479278564
