Ecospace-environmental-drivers/Outputs/ASCII-for-ecospace/Temp-avg/Temp-avg_X2017.04.asc
NCOLS 131 
NROWS 53 
XLLCORNER -98 
YLLCORNER 23.9265270233154 
CELLSIZE 0.133587792515755 
NODATA_value -3.4e+38 
[rows 21 to 41 of 53, columns 47 to 93 of 131]
22.9917850494385 22.9073600769043 22.8798599243164 22.9145393371582 22.9127140045166 22.9094543457031 22.792013168335 22.737377166748 22.6891803741455 22.5178642272949 22.1650943756104 21.9408912658691 21.5109214782715 20.7119846343994 20.1592025756836 19.3691787719727 18.4284782409668 18.2073268890381 18.3403282165527 18.2001857757568 17.8422527313232 17.5815658569336 17.4611930847168 17.4422626495361 17.2706851959229 17.1663684844971 17.1975002288818 17.2581939697266 17.2274990081787 17.0377140045166 17.0296039581299 17.0336208343506 16.9984722137451 16.9496040344238 16.8815898895264 16.7881622314453 16.788854598999 16.9998359680176 17.7508201599121 18.2546577453613 18.4661331176758 18.6493530273438 18.9599285125732 19.3543262481689 19.722993850708 19.9878044128418 20.2795314788818
22.5843391418457 22.5538883209229 22.5647735595703 22.5086231231689 22.5174770355225 22.3560104370117 21.8331832885742 22.0254669189453 21.6753463745117 21.0510101318359 20.7203598022461 20.4809055328369 20.3768730163574 19.9519367218018 19.4645805358887 19.2783164978027 18.4026794433594 18.2108173370361 17.9405555725098 17.9916076660156 17.8599739074707 17.5388412475586 17.4628353118896 17.1703414916992 17.0911865234375 17.1672515869141 17.2002029418945 17.2547416687012 17.1307315826416 17.0060882568359 17.0435218811035 17.0639381408691 17.0393562316895 16.9895839691162 16.914083480835 16.8375225067139 16.7508888244629 16.64479637146 16.5959434509277 16.821475982666 17.1503047943115 17.4252128601074 17.8345737457275 18.48073387146 19.0063095092773 19.3880958557129 19.7496166229248
21.5244846343994 21.4941024780273 21.6714553833008 21.2907123565674 20.9890975952148 20.6294097900391 20.663516998291 20.1624870300293 19.6719512939453 19.4864540100098 19.5282459259033 19.8571910858154 19.5038280487061 19.2085456848145 18.7217235565186 18.5482387542725 18.3826675415039 18.0936679840088 17.9480285644531 17.9305286407471 17.8985061645508 17.6362857818604 17.5003929138184 17.1185512542725 17.0775947570801 17.1366558074951 17.2028179168701 17.195068359375 16.966028213501 17.0051498413086 17.0528697967529 17.0910606384277 17.1289825439453 17.1404762268066 17.0824699401855 16.9867610931396 16.8919620513916 16.7295551300049 16.3705425262451 16.2848052978516 16.2407073974609 16.2153129577637 16.5671844482422 17.2009181976318 17.9421272277832 18.7726001739502 19.2484931945801
19.923547744751 19.9294929504395 19.5725917816162 19.8117790222168 19.6787967681885 19.4488849639893 19.0166568756104 18.8059139251709 18.4676055908203 18.8069591522217 18.8531551361084 19.114616394043 18.693302154541 18.5404014587402 18.5113086700439 18.4829196929932 18.221076965332 18.1500778198242 18.0371799468994 17.8052635192871 17.7026596069336 17.6181125640869 17.5830936431885 17.2863521575928 17.1227893829346 17.0998153686523 16.9295539855957 16.9100379943848 16.9717540740967 17.0493831634521 17.0939559936523 17.1286087036133 17.1653499603271 17.2052574157715 16.9906044006348 16.8441638946533 16.6996440887451 16.60959815979 16.4824600219727 16.3813934326172 16.2950839996338 16.2319412231445 16.2104530334473 16.2979583740234 16.7866611480713 17.6603469848633 18.5570011138916
18.9161338806152 18.7050247192383 18.5963230133057 18.4428634643555 18.2225437164307 18.5499153137207 18.0585422515869 18.3006954193115 18.0920581817627 18.1852741241455 18.213451385498 18.3143863677979 18.4197177886963 18.505729675293 18.5770797729492 18.3461894989014 18.0252094268799 17.9717845916748 17.903507232666 17.7710990905762 17.7428188323975 17.7078018188477 17.6738319396973 17.6033000946045 17.2288570404053 17.1861209869385 17.174747467041 16.9540214538574 16.9853992462158 17.0680980682373 17.1431541442871 17.2056903839111 17.2481594085693 17.2091312408447 16.9481754302979 16.9051132202148 16.797061920166 16.673978805542 16.5557765960693 16.4624729156494 16.3855743408203 16.3107471466064 16.2559700012207 16.2366619110107 16.2198123931885 16.6053066253662 17.6263904571533
18.0808067321777 18.1054973602295 18.0388488769531 17.5660705566406 17.6359844207764 17.8505821228027 17.9285411834717 17.8118515014648 18.0591926574707 18.0317325592041 18.2251777648926 18.2746181488037 18.4912414550781 18.3522148132324 18.2063522338867 17.9703502655029 17.9280624389648 17.9105396270752 17.8863525390625 17.8674545288086 17.8486022949219 17.8302516937256 17.5182189941406 17.4004001617432 17.3180923461914 17.2829780578613 17.2758293151855 17.0949459075928 17.0289440155029 17.1084575653076 17.1925449371338 17.2763061523438 17.3539218902588 17.1618614196777 17.0428237915039 17.0108528137207 16.9082012176514 16.7630405426025 16.6302108764648 16.5129070281982 16.4402408599854 16.3759670257568 16.2901592254639 16.2495250701904 16.2290458679199 16.207483291626 16.8532543182373
17.7066516876221 17.6732387542725 17.4452705383301 17.1957359313965 17.3341159820557 17.4466381072998 17.4893817901611 17.7518444061279 17.8553924560547 17.7539978027344 17.8683490753174 17.9962272644043 18.1235389709473 18.0831394195557 17.8059196472168 17.7690601348877 17.6188468933105 17.6029491424561 17.7224159240723 17.7997875213623 17.9427795410156 17.6159210205078 17.5424041748047 17.5150241851807 17.4686164855957 17.4189376831055 17.3787956237793 17.1062068939209 17.0999298095703 17.1539440155029 17.2261180877686 17.3041000366211 17.3803043365479 17.4314155578613 17.340690612793 17.0894680023193 17.009105682373 16.8481578826904 16.6959667205811 16.5775985717773 16.4776802062988 16.3961715698242 16.3146686553955 16.2597904205322 16.2216911315918 16.188404083252 16.4033908843994
17.5488090515137 17.2809772491455 17.0669651031494 17.2179889678955 17.2598991394043 17.0724430084229 17.1721115112305 17.4662170410156 17.5482425689697 17.7324810028076 17.7632007598877 17.6872081756592 17.5763816833496 17.5901985168457 17.5748615264893 17.6366767883301 17.6618747711182 17.6636257171631 17.6620998382568 17.6608943939209 17.6535263061523 17.646577835083 17.6354503631592 17.623556137085 17.5671005249023 17.3619518280029 17.1981925964355 17.1807327270508 17.2022762298584 17.2310771942139 17.2714977264404 17.3269672393799 17.3891563415527 17.4381313323975 17.3789882659912 17.3261547088623 17.0707416534424 16.90598487854 16.7478675842285 16.6343288421631 16.5150604248047 16.4010200500488 16.3293075561523 16.2640762329102 16.2071952819824 16.1911106109619 16.1926860809326
17.2065582275391 17.1316318511963 17.0886688232422 17.0415592193604 17.002269744873 16.9807243347168 17.0120220184326 17.0969257354736 17.2061176300049 17.3220920562744 17.2188148498535 17.2859954833984 17.4203128814697 17.5399780273438 17.6383152008057 17.6999378204346 17.7276248931885 17.7407722473145 17.7599487304688 17.779764175415 17.7932281494141 17.7805786132812 17.7501430511475 17.720588684082 17.423526763916 17.3442840576172 17.3489875793457 17.358829498291 17.3504657745361 17.3465671539307 17.369701385498 17.4029769897461 17.436695098877 17.4623870849609 17.474573135376 17.4555854797363 17.1138725280762 16.9286479949951 16.7823638916016 16.6662788391113 16.538911819458 16.4239273071289 16.3450107574463 16.2647590637207 16.2068862915039 16.2066059112549 16.1697654724121
17.1750507354736 17.0978927612305 16.7960872650146 16.7721786499023 16.9432430267334 16.8182792663574 16.9649543762207 17.0644607543945 17.2019176483154 17.0773525238037 17.1555099487305 17.2292575836182 17.2607746124268 17.4930248260498 17.5961380004883 17.6597557067871 17.5266952514648 17.4786224365234 17.52854347229 17.6962776184082 17.9044094085693 17.9056262969971 17.8941040039062 17.8710613250732 17.5469207763672 17.4611225128174 17.4507827758789 17.4609107971191 17.4730548858643 17.4817352294922 17.4851989746094 17.4913921356201 17.4972248077393 17.5024719238281 17.5034160614014 17.4827919006348 17.1712265014648 16.9546546936035 16.8032360076904 16.6911182403564 16.5688056945801 16.4527282714844 16.3716487884521 16.3009967803955 16.2600364685059 16.2303829193115 16.215856552124
16.9147720336914 17.0955867767334 16.8760547637939 16.7869892120361 16.916576385498 16.9177646636963 16.9732398986816 17.0861511230469 17.1945858001709 17.0072650909424 17.0564479827881 17.0250091552734 17.1675281524658 17.2981967926025 17.4078483581543 17.4881916046143 17.5506649017334 17.5904560089111 17.6161136627197 17.6386871337891 17.8529949188232 18.0310649871826 18.0338745117188 18.0254859924316 17.7995891571045 17.6047611236572 17.5825252532959 17.5713596343994 17.5762882232666 17.5798358917236 17.574161529541 17.5644855499268 17.569803237915 17.5492763519287 17.5367698669434 17.5073127746582 17.1479206085205 16.9869289398193 16.850191116333 16.7366104125977 16.6206722259521 16.5073070526123 16.4133129119873 16.3754558563232 16.3240127563477 16.2657051086426 16.2617835998535
17.139591217041 17.0958557128906 17.0145568847656 16.6917743682861 16.9187202453613 16.707275390625 16.6846027374268 16.8085556030273 16.9517936706543 16.794677734375 16.9030857086182 17.0731544494629 17.2235507965088 17.3632507324219 17.4717693328857 17.5607719421387 17.6468048095703 17.7023048400879 17.7318058013916 17.7460861206055 17.7526779174805 17.891902923584 18.1314373016357 18.1204738616943 17.9959049224854 17.7174892425537 17.6808300018311 17.6567134857178 17.6670360565186 17.6702098846436 17.6539306640625 17.6380882263184 17.6236743927002 17.5896797180176 17.5655670166016 17.5299396514893 17.1815795898438 17.0229835510254 16.8930206298828 16.7845649719238 16.6892967224121 16.6033935546875 16.5060119628906 16.4412593841553 16.3660488128662 16.3045635223389 16.3083000183105
16.8862648010254 16.7861862182617 16.6781520843506 16.6306343078613 16.7001628875732 16.637580871582 16.6916961669922 16.709400177002 16.6680088043213 16.8034973144531 16.9540710449219 17.1220397949219 17.2745265960693 17.416187286377 17.5361518859863 17.6399574279785 17.7310104370117 17.7938747406006 17.824462890625 17.8283653259277 17.8238677978516 17.8262538909912 17.8831195831299 17.8919162750244 17.8262367248535 17.7798671722412 17.7450923919678 17.7327308654785 17.7511234283447 17.7568397521973 17.735933303833 17.7012004852295 17.665412902832 17.6189403533936 17.6013851165771 17.42799949646 17.1708068847656 17.0649452209473 16.9498138427734 16.8541717529297 16.7731056213379 16.7248592376709 16.6124172210693 16.5201797485352 16.4342937469482 16.3799571990967 16.3847332000732
16.8563194274902 16.7946624755859 16.7266311645508 16.6764659881592 16.6729774475098 16.7075691223145 16.5226955413818 16.5511322021484 16.7188110351562 16.8127822875977 16.7552604675293 16.8220539093018 17.0703964233398 17.1622467041016 17.2949123382568 17.5547313690186 17.7413902282715 17.8691139221191 17.8959941864014 17.8889408111572 17.8873844146729 17.889892578125 17.8755149841309 17.85280418396 17.834716796875 17.8197574615479 17.793384552002 17.785400390625 17.7921409606934 17.799840927124 17.7655868530273 17.7004833221436 17.5734920501709 17.4435024261475 17.3179321289062 17.2503280639648 17.1879253387451 17.090259552002 17.0111789703369 16.931001663208 16.8615436553955 16.7960433959961 16.6962947845459 16.6091251373291 16.5417251586914 16.4876537322998 16.4784545898438
16.8991279602051 16.8436794281006 16.8014106750488 16.7523593902588 16.7343788146973 16.753246307373 16.2808418273926 16.305383682251 16.456916809082 16.5723991394043 16.712703704834 16.8566780090332 17.0039348602295 17.1525173187256 17.2776508331299 17.3927917480469 17.4963130950928 17.5721225738525 17.7305507659912 17.9321041107178 17.927417755127 17.9152164459229 17.894567489624 17.8738746643066 17.8607769012451 17.8473968505859 17.8125877380371 17.8071556091309 17.7980918884277 17.7913665771484 17.6406841278076 17.3693180084229 17.3212394714355 17.291971206665 17.2696285247803 17.2276020050049 17.1588916778564 17.0965023040771 17.053524017334 17.0036087036133 16.9372634887695 16.8521556854248 16.7698841094971 16.7047576904297 16.6358509063721 16.5905246734619 16.5818214416504
16.9369468688965 16.8853664398193 16.8262100219727 16.6742038726807 16.5701446533203 16.2705917358398 16.2248687744141 16.3446960449219 16.4766693115234 16.603048324585 16.7413768768311 16.8848247528076 17.0409812927246 17.1831378936768 17.3177242279053 17.4202842712402 17.5077133178711 17.5648803710938 17.589786529541 17.6467609405518 17.8350162506104 17.944751739502 17.922700881958 17.8951683044434 17.8779678344727 17.8445777893066 17.812141418457 17.7936420440674 17.7493648529053 17.574764251709 17.3582191467285 17.3061275482178 17.274959564209 17.2427711486816 17.2143306732178 17.1781044006348 17.1420269012451 17.1103572845459 17.065465927124 17.0046463012695 16.9470291137695 16.8857135772705 16.8477249145508 16.834508895874 16.7859859466553 16.7593593597412 16.7693119049072
16.996509552002 16.9121227264404 16.5812816619873 16.2105484008789 16.1665496826172 16.1882591247559 16.2788467407227 16.4071407318115 16.5120620727539 16.6339168548584 16.7751731872559 16.9212703704834 17.0776710510254 17.2163887023926 17.351957321167 17.4359436035156 17.5181770324707 17.576000213623 17.6034336090088 17.6148109436035 17.6170082092285 17.6806602478027 17.8167114257812 17.6802558898926 17.6464748382568 17.6560802459717 17.5607376098633 17.5241088867188 17.402660369873 17.3057746887207 17.2648696899414 17.2210426330566 17.1986141204834 17.1724414825439 17.1602897644043 17.1436824798584 17.1157398223877 17.0671520233154 17.0243511199951 16.9921283721924 16.9863948822021 16.9876441955566 17.011531829834 17.0341815948486 17.0423679351807 17.028076171875 17.0247249603271
16.8990097045898 16.6521186828613 16.3139266967773 16.2490634918213 16.2561798095703 16.2867622375488 16.3567523956299 16.4515628814697 16.5446949005127 16.6751804351807 16.8094348907471 16.9632701873779 17.1157054901123 17.2519226074219 17.381534576416 17.4514198303223 17.5213222503662 17.5682678222656 17.5996112823486 17.6139450073242 17.6099262237549 17.5895156860352 17.566520690918 17.527982711792 17.4773750305176 17.4219245910645 17.3709354400635 17.312858581543 17.2605514526367 17.2035255432129 17.1572265625 17.119197845459 17.0973587036133 17.0875930786133 17.0789623260498 17.0475463867188 17.0025310516357 16.9782638549805 16.9853477478027 17.020206451416 17.0842609405518 17.1718921661377 17.2513294219971 17.293363571167 17.3200244903564 17.3432788848877 17.3188076019287
16.5232925415039 16.4123287200928 16.3798904418945 16.3594856262207 16.3700771331787 16.4060916900635 16.4571952819824 16.5288257598877 16.6173229217529 16.726354598999 16.8565330505371 17.0183296203613 17.156566619873 17.2784290313721 17.400369644165 17.4643211364746 17.5105094909668 17.5486793518066 17.566967010498 17.5764141082764 17.5727291107178 17.552677154541 17.5242786407471 17.4746761322021 17.4030838012695 17.3351974487305 17.2741184234619 17.2080974578857 17.1499309539795 17.0859336853027 17.0312843322754 16.9902439117432 16.9631824493408 16.9448108673096 16.9185085296631 16.8923072814941 16.8776588439941 16.9134292602539 16.9884376525879 17.1081523895264 17.2541427612305 17.4123516082764 17.5429382324219 17.6095790863037 17.6306076049805 17.6437759399414 17.6317615509033
16.5811386108398 16.5502872467041 16.5224952697754 16.5200634002686 16.532678604126 16.5500087738037 16.5812015533447 16.6310482025146 16.6994609832764 16.7950286865234 16.9292011260986 17.0867309570312 17.199010848999 17.2993640899658 17.4065208435059 17.4688167572021 17.4882659912109 17.5118675231934 17.5250873565674 17.5264682769775 17.517219543457 17.491268157959 17.449613571167 17.3934211730957 17.3168563842773 17.2444019317627 17.1650238037109 17.0990352630615 17.0388431549072 16.9631443023682 16.902551651001 16.8516445159912 16.8155765533447 16.7944183349609 16.7745685577393 16.7723999023438 16.8249568939209 16.9347057342529 17.0868053436279 17.2823753356934 17.4970569610596 17.6867198944092 17.7997970581055 17.8598537445068 17.8940773010254 17.8996620178223 17.8760108947754
16.7385158538818 16.7127304077148 16.6978740692139 16.6964454650879 16.6939258575439 16.6963348388672 16.7169589996338 16.7522144317627 16.801664352417 16.902587890625 17.0253868103027 17.1510810852051 17.2456703186035 17.3203735351562 17.4034214019775 17.4602661132812 17.4512577056885 17.462474822998 17.4688453674316 17.4639549255371 17.4480571746826 17.4074440002441 17.3588371276855 17.3021183013916 17.2248477935791 17.1358985900879 17.0557022094727 17.007719039917 16.941614151001 16.8478908538818 16.7877025604248 16.7239971160889 16.6871318817139 16.6718463897705 16.6618728637695 16.7082538604736 16.8464298248291 17.0516147613525 17.3118991851807 17.5719699859619 17.8060131072998 17.9724140167236 18.0622329711914 18.1060562133789 18.1294937133789 18.1265754699707 18.0829334259033
