Ecospace-environmental-drivers/Outputs/ASCII-for-ecospace/Temp-avg/Temp-avg_X2015.10.asc
NCOLS 131 
NROWS 53 
XLLCORNER -98 
YLLCORNER 23.9265270233154 
CELLSIZE 0.133587792515755 
NODATA_value -3.4e+38 
[rows 21 to 41 of 53, columns 47 to 93 of 131]
26.1967697143555 26.1871795654297 25.9992008209229 26.0505485534668 26.1559963226318 26.2187099456787 26.3753356933594 26.3322944641113 26.2978496551514 26.135404586792 25.5896396636963 25.2368278503418 24.5940322875977 22.9463787078857 21.2603721618652 19.1194534301758 18.4814128875732 18.4727687835693 18.6912155151367 18.0165004730225 16.9484596252441 15.7017974853516 15.1875877380371 15.0168037414551 14.5906686782837 14.3456897735596 14.0497913360596 14.0009155273438 14.0589742660522 14.1565170288086 14.1275358200073 14.0547475814819 14.19895362854 14.6315832138062 15.1980810165405 15.8757591247559 16.5204734802246 17.6750431060791 18.3472137451172 18.8401374816895 19.44846534729 19.9599380493164 20.4053707122803 20.8135814666748 21.3107147216797 21.5090255737305 21.8037776947021
25.746955871582 25.4832077026367 25.2322444915771 25.4766063690186 25.4927082061768 25.7356204986572 25.7752265930176 25.7174167633057 26.0191898345947 25.53489112854 24.7562713623047 24.6234970092773 23.8450679779053 22.6549816131592 21.497631072998 19.882345199585 18.7421627044678 18.174783706665 18.3016185760498 17.6149730682373 16.5475692749023 15.8759613037109 15.3196420669556 15.0425682067871 14.7498970031738 14.4473457336426 14.3003387451172 14.1887512207031 14.1507358551025 13.9881658554077 14.0188760757446 14.0639553070068 14.1343479156494 14.2122888565063 14.245454788208 14.2998027801514 14.3602228164673 15.1111679077148 16.9160213470459 17.7023887634277 18.2258987426758 18.8295974731445 19.1605567932129 19.6976184844971 20.2663593292236 20.7950763702393 21.2780380249023
25.0192947387695 24.6207847595215 24.8035202026367 24.9055290222168 25.2449226379395 25.3783340454102 24.6189098358154 24.7089157104492 24.9408168792725 23.9578266143799 23.4480762481689 23.0812320709229 22.88498878479 22.0335464477539 21.0646934509277 20.5746173858643 19.0424461364746 18.0839061737061 17.7491970062256 17.5689601898193 16.8122138977051 16.0461807250977 15.652735710144 15.2752857208252 15.0141544342041 14.8508939743042 14.6618223190308 14.5083475112915 14.3834180831909 14.0900526046753 14.0948801040649 14.1303281784058 14.140154838562 14.1992349624634 14.2388954162598 14.2681407928467 14.276328086853 14.2957153320312 14.643856048584 15.3572645187378 16.0881328582764 16.9584217071533 17.5088081359863 18.3731365203857 19.0354995727539 19.548620223999 20.254301071167
23.4736213684082 23.1364231109619 23.6394901275635 23.4927196502686 23.3988208770752 22.8304252624512 23.1844863891602 22.8355522155762 22.3503684997559 21.9089698791504 21.4624252319336 22.0800457000732 21.8116645812988 21.2052993774414 20.662576675415 20.0112819671631 19.2626991271973 18.3026828765869 17.7121868133545 17.4229354858398 17.2764797210693 16.5898551940918 16.1179485321045 15.6200513839722 15.4526786804199 15.2687368392944 15.0632658004761 14.7917356491089 14.4984350204468 14.3115472793579 14.2297067642212 14.2011756896973 14.2080612182617 14.2251720428467 14.2730684280396 14.3215465545654 14.3338394165039 14.3439817428589 14.1504573822021 14.1350421905518 14.128529548645 14.308219909668 14.7145757675171 16.0393562316895 17.6222496032715 18.4807605743408 19.3797664642334
21.2814083099365 21.5054874420166 20.9864597320557 21.8439044952393 21.7868404388428 21.4252758026123 21.4108810424805 20.7181339263916 20.2897987365723 20.7082576751709 20.9835262298584 21.3727588653564 21.0789890289307 20.6651954650879 20.059741973877 19.3966846466064 18.9517478942871 18.5495643615723 17.7107391357422 17.5805988311768 17.1829109191895 17.1024627685547 16.7404155731201 16.0733757019043 15.8639488220215 15.6576871871948 15.2706470489502 14.9636449813843 14.737154006958 14.5701141357422 14.4159545898438 14.3139457702637 14.2706594467163 14.2431640625 14.2666139602661 14.368579864502 14.2586460113525 14.2157707214355 14.3824586868286 14.1841726303101 14.1454839706421 14.1573190689087 14.1787042617798 14.3841314315796 15.3294048309326 17.1620006561279 18.4897861480713
19.5424747467041 19.3274383544922 19.4415588378906 19.7241401672363 19.518383026123 20.1493587493896 19.4508171081543 20.3710460662842 19.5375862121582 20.0308456420898 20.2490177154541 20.3483428955078 19.9783401489258 19.8490009307861 20.0760593414307 19.3659420013428 18.3580112457275 17.997673034668 17.756950378418 17.5913238525391 17.4175758361816 17.0297164916992 16.907585144043 16.6538276672363 16.2278652191162 16.0584602355957 15.6231679916382 15.3119888305664 15.1013851165771 14.8860692977905 14.6740388870239 14.5147476196289 14.4021854400635 14.1700963973999 14.1152448654175 14.1953439712524 14.2314472198486 14.2292671203613 14.2246236801147 14.2154874801636 14.2068376541138 14.2204122543335 14.2768611907959 14.3290405273438 14.3921413421631 14.8410921096802 16.9749374389648
18.4246654510498 18.4635219573975 18.7439517974854 18.1286544799805 18.5025177001953 19.2593173980713 18.8245334625244 19.4093208312988 19.398063659668 19.6638088226318 19.6758918762207 19.9875984191895 19.7056159973145 19.45241355896 19.2182693481445 18.4372138977051 17.6971874237061 17.5285167694092 17.6218452453613 17.5432891845703 17.3290843963623 17.2401332855225 17.033748626709 16.8298873901367 16.5379066467285 16.3988742828369 16.2120990753174 15.7761058807373 15.4113655090332 15.1958446502686 14.9908618927002 14.7895202636719 14.6224708557129 14.4150552749634 14.3609399795532 14.2952651977539 14.3195962905884 14.3442211151123 14.3090038299561 14.2673988342285 14.2621650695801 14.2942914962769 14.3436594009399 14.3835391998291 14.3981275558472 14.4030990600586 15.5795097351074
17.1994094848633 17.0924682617188 17.4188022613525 16.90354347229 17.4755363464355 18.18235206604 18.6149883270264 18.8275814056396 19.2339382171631 18.9665145874023 19.3668060302734 19.2511157989502 19.476770401001 19.0174007415771 18.0326175689697 17.7147178649902 17.3001232147217 17.2446556091309 17.4750366210938 17.4756927490234 17.4598522186279 17.1298789978027 16.9777793884277 16.8853511810303 16.7746849060059 16.659595489502 16.4761962890625 16.0324745178223 15.7195253372192 15.5284929275513 15.3330163955688 15.1416921615601 14.9685115814209 14.7353019714355 14.6464414596558 14.4518251419067 14.4803943634033 14.4706745147705 14.4623727798462 14.3965749740601 14.3440408706665 14.3462133407593 14.3778314590454 14.4222269058228 14.4576263427734 14.4512786865234 14.7222023010254
16.4107341766357 16.5045013427734 16.4099826812744 16.8344249725342 17.1311149597168 17.5076160430908 17.7504615783691 18.3076229095459 18.670482635498 18.5929660797119 18.8772163391113 18.8474731445312 18.2606563568115 17.8223133087158 17.4792385101318 17.4595851898193 17.4219055175781 17.3654155731201 17.3171653747559 17.275354385376 17.2561283111572 17.1946582794189 17.1619606018066 17.1073417663574 17.0217552185059 16.8504104614258 16.5184860229492 16.2680778503418 16.0999526977539 15.9208345413208 15.7346992492676 15.5424690246582 15.3586130142212 15.2176904678345 15.0095901489258 14.9338274002075 14.8031702041626 14.6460123062134 14.6440811157227 14.5785322189331 14.4941320419312 14.4324264526367 14.424934387207 14.4483470916748 14.4749116897583 14.4629220962524 14.4514417648315
15.9481315612793 15.967960357666 15.9914751052856 16.4444675445557 16.855167388916 17.303014755249 17.6461372375488 17.8815879821777 18.0127067565918 18.2613639831543 17.8108406066895 17.6415328979492 17.5167102813721 17.5211791992188 17.5355701446533 17.539119720459 17.4992485046387 17.437671661377 17.4015998840332 17.3861179351807 17.3957195281982 17.3881206512451 17.3673114776611 17.3030052185059 16.9518051147461 16.7331886291504 16.641788482666 16.5409488677979 16.426929473877 16.3023242950439 16.1538314819336 15.9735641479492 15.7821626663208 15.6208410263062 15.4457397460938 15.2969045639038 15.0080461502075 14.9193429946899 14.8714580535889 14.7952756881714 14.6970682144165 14.5890026092529 14.5157604217529 14.4760885238647 14.4559621810913 14.4291172027588 14.3544359207153
15.6378364562988 15.6404504776001 15.8894014358521 15.9552230834961 16.5901870727539 16.9977874755859 17.4163494110107 17.7331809997559 17.9517688751221 17.6008453369141 17.366548538208 17.41015625 17.4045009613037 17.4792861938477 17.515193939209 17.5071697235107 17.3833827972412 17.1140918731689 17.2612438201904 17.4591369628906 17.5268783569336 17.5132236480713 17.4849739074707 17.4198017120361 16.9610996246338 16.8857231140137 16.8175296783447 16.7597637176514 16.6993808746338 16.6259670257568 16.5213146209717 16.3798999786377 16.2208309173584 16.0644283294678 15.9275178909302 15.7903175354004 15.5722599029541 15.2867412567139 15.1474494934082 15.0413799285889 14.9198770523071 14.7760238647461 14.640082359314 14.5448951721191 14.4893627166748 14.4336757659912 14.3416986465454
15.3042240142822 15.5278472900391 15.6297483444214 15.9452219009399 16.4313182830811 16.6890411376953 17.0618896484375 17.3187160491943 17.5902614593506 17.2756900787354 17.2495193481445 16.9954967498779 17.0101203918457 17.0692520141602 17.1045570373535 17.1156959533691 17.1150302886963 17.1157169342041 17.1454982757568 17.1919612884521 17.4430828094482 17.5308284759521 17.5058250427246 17.455530166626 17.152379989624 16.9860515594482 16.9643592834473 16.9404106140137 16.9257926940918 16.8964290618896 16.8441219329834 16.7542819976807 16.6405506134033 16.5026683807373 16.3623371124268 16.2246437072754 16.0214080810547 15.5964441299438 15.4408359527588 15.3076343536377 15.1551294326782 14.9782123565674 14.8101530075073 14.6620607376099 14.5506381988525 14.4578857421875 14.3679256439209
15.1159725189209 15.2739391326904 15.5470104217529 15.5771265029907 16.2306137084961 16.4287185668945 16.5840816497803 16.8832569122314 17.0398864746094 16.8178672790527 16.8111381530762 16.8278522491455 16.8873405456543 16.9346370697021 16.9649887084961 16.9987831115723 17.0060710906982 17.0213947296143 17.0421772003174 17.0573692321777 17.0626392364502 17.2550773620605 17.4283218383789 17.4252758026123 17.2577362060547 17.0359573364258 17.0588989257812 17.0910911560059 17.1268253326416 17.1481037139893 17.1463985443115 17.0775356292725 16.9881172180176 16.8828830718994 16.752103805542 16.6245765686035 16.2419204711914 16.0458393096924 15.7728071212769 15.5898332595825 15.3940114974976 15.1946573257446 14.9940671920776 14.8168716430664 14.6607885360718 14.5155220031738 14.3975172042847
14.9319133758545 14.9057722091675 15.092059135437 15.3447608947754 15.8510713577271 15.9736518859863 16.2670116424561 16.4806346893311 16.4855766296387 16.4998226165771 16.6070919036865 16.6791515350342 16.7343807220459 16.7808208465576 16.8210525512695 16.8458385467529 16.8521537780762 16.8617458343506 16.874963760376 16.8945655822754 16.901647567749 16.8978958129883 17.0436954498291 17.2190208435059 17.0456295013428 17.0253238677979 17.0911445617676 17.1955680847168 17.2963962554932 17.3770694732666 17.4035472869873 17.3552207946777 17.2889137268066 17.2112731933594 17.1066951751709 16.9329700469971 16.595983505249 16.3267936706543 16.1257724761963 15.8985509872437 15.6578702926636 15.4254035949707 15.1923303604126 14.9829196929932 14.7958669662476 14.6080694198608 14.4577226638794
14.6209192276001 14.7235422134399 14.8906984329224 15.1068716049194 15.3633012771606 15.6527509689331 15.7922258377075 15.9113073348999 16.1049823760986 16.2662563323975 16.2202262878418 16.1751117706299 16.357213973999 16.4777717590332 16.6350116729736 16.5933094024658 16.6726303100586 16.6723022460938 16.681547164917 16.6873989105225 16.6817512512207 16.6857643127441 16.7095947265625 16.7430763244629 16.8202648162842 16.9416275024414 17.0715637207031 17.2334938049316 17.3904685974121 17.5145492553711 17.5616035461426 17.5678634643555 17.5552654266357 17.4870643615723 17.3909473419189 16.9993209838867 16.7780628204346 16.6259021759033 16.4341201782227 16.2108039855957 15.9590911865234 15.6900205612183 15.4240417480469 15.1788864135742 14.9588670730591 14.7436151504517 14.5575332641602
14.4879789352417 14.5729303359985 14.6834363937378 14.8649072647095 15.0693311691284 15.3168821334839 15.1703786849976 15.4203128814697 15.7021007537842 15.7742528915405 15.7814645767212 15.897310256958 15.9741077423096 16.0368938446045 16.1782741546631 16.1324462890625 16.2129421234131 16.3097991943359 16.3342437744141 16.398645401001 16.4006118774414 16.422119140625 16.4583911895752 16.5235481262207 16.6337642669678 16.792142868042 16.9946269989014 17.2126235961914 17.4161128997803 17.542329788208 17.6345691680908 17.588191986084 17.5675830841064 17.5242576599121 17.2953281402588 17.1285953521729 17.0172538757324 16.8776397705078 16.7048149108887 16.4961395263672 16.2525024414062 15.9728240966797 15.6856307983398 15.4060945510864 15.148738861084 14.9013614654541 14.6775827407837
14.361720085144 14.4525356292725 14.5389242172241 14.6579570770264 14.7932748794556 14.7656593322754 14.6430263519287 14.8561382293701 15.0961694717407 15.3072900772095 15.4595899581909 15.569860458374 15.6538038253784 15.7179956436157 15.7616119384766 15.7767810821533 15.7753324508667 15.7642602920532 15.8709659576416 16.0587196350098 16.0978851318359 16.1548347473145 16.2247219085693 16.3109111785889 16.4279823303223 16.5972805023193 16.8322982788086 17.112060546875 17.3590888977051 17.5206298828125 17.5188941955566 17.3355731964111 17.4209728240967 17.344181060791 17.3280239105225 17.2919673919678 17.2137908935547 17.1379489898682 16.9503974914551 16.7583179473877 16.5256614685059 16.2441673278809 15.9520769119263 15.6559133529663 15.3665504455566 15.0815382003784 14.8286733627319
14.2179479598999 14.320948600769 14.2933235168457 14.1130590438843 14.1046123504639 14.1816339492798 14.3242340087891 14.4886617660522 14.6820459365845 14.8955335617065 15.0711975097656 15.196683883667 15.2918100357056 15.3539457321167 15.3981800079346 15.4210891723633 15.4244832992554 15.4209604263306 15.4357070922852 15.4694585800171 15.5062980651855 15.6945724487305 15.9139928817749 16.0177402496338 16.1465492248535 16.3117656707764 16.5584411621094 16.8967838287354 16.9635372161865 17.2351570129395 17.3511276245117 17.3342971801758 17.386775970459 17.4055824279785 17.4123706817627 17.3998260498047 17.3689422607422 17.295337677002 17.1767559051514 17.0135803222656 16.7991008758545 16.534553527832 16.2355499267578 15.9335556030273 15.6175508499146 15.3135614395142 15.0331497192383
14.1061944961548 14.0340814590454 13.8293123245239 13.8176441192627 13.9106998443604 14.0106515884399 14.1169404983521 14.2413663864136 14.3706932067871 14.5284299850464 14.6873722076416 14.8234395980835 14.9208898544312 14.9948711395264 15.0389022827148 15.0596551895142 15.0641450881958 15.0668907165527 15.0732927322388 15.0894212722778 15.113733291626 15.1554346084595 15.3000640869141 15.3258247375488 15.523229598999 15.8116827011108 15.9029493331909 16.2255191802979 16.5770378112793 16.841983795166 17.0700531005859 17.2504138946533 17.361026763916 17.4268341064453 17.4685020446777 17.4921722412109 17.479398727417 17.4391021728516 17.3651885986328 17.2317848205566 17.0431671142578 16.8254585266113 16.5521278381348 16.2246856689453 15.8935470581055 15.5713138580322 15.2631492614746
13.6626892089844 13.6260213851929 13.7183437347412 13.788369178772 13.8581228256226 13.9112148284912 13.963849067688 14.0438861846924 14.1439533233643 14.2515840530396 14.3730926513672 14.4926691055298 14.5804443359375 14.647910118103 14.6950798034668 14.714506149292 14.71253490448 14.7156066894531 14.7316846847534 14.7551174163818 14.7759571075439 14.8136596679688 14.8799495697021 14.9738368988037 15.1009397506714 15.2791433334351 15.5228633880615 15.8810386657715 16.2687187194824 16.5986328125 16.8833560943604 17.119556427002 17.2868061065674 17.3952484130859 17.4683074951172 17.5335292816162 17.5575122833252 17.5410957336426 17.5018424987793 17.4096527099609 17.2557239532471 17.0627174377441 16.8280029296875 16.5280914306641 16.1904811859131 15.8476076126099 15.5112466812134
13.6412372589111 13.6686334609985 13.7569494247437 13.8505601882935 13.8960771560669 13.9209156036377 13.906774520874 13.9037799835205 13.9753322601318 14.0570659637451 14.1379776000977 14.2204284667969 14.2864665985107 14.3331413269043 14.3869600296021 14.4148893356323 14.4217166900635 14.4262609481812 14.4263381958008 14.4400415420532 14.4560432434082 14.4989671707153 14.5696001052856 14.668625831604 14.8022727966309 14.9758310317993 15.1983652114868 15.5419588088989 15.9412050247192 16.3117084503174 16.6535224914551 16.955810546875 17.1860656738281 17.3572368621826 17.4648265838623 17.5491600036621 17.6034774780273 17.6096019744873 17.5998783111572 17.5448799133301 17.4419384002686 17.2803440093994 17.0783462524414 16.8301181793213 16.4972438812256 16.1323699951172 15.7850522994995
