Ecospace-environmental-drivers/Outputs/ASCII-for-ecospace/Temp-avg/Temp-avg_X2020.08.asc
NCOLS 131 
NROWS 53 
XLLCORNER -98 
YLLCORNER 23.9265270233154 
CELLSIZE 0.133587792515755 
NODATA_value -3.4e+38 
[rows 21 to 41 of 53, columns 47 to 93 of 131]
27.2005424499512 27.0030498504639 26.9742641448975 26.9670696258545 26.9655342102051 27.0282974243164 26.7914352416992 26.7560386657715 26.7300510406494 26.2836246490479 25.6236457824707 25.2714729309082 24.5659923553467 23.4882202148438 22.7894172668457 21.8102188110352 20.6850414276123 20.452672958374 20.6054344177246 20.4650535583496 20.0778121948242 19.8105888366699 19.7352066040039 19.7867259979248 19.6680755615234 19.6344127655029 19.8432064056396 20.0932846069336 20.2008991241455 20.0489177703857 20.0726451873779 20.097240447998 20.0840625762939 20.036922454834 19.9221611022949 19.7293853759766 19.6070137023926 19.7477531433105 20.559684753418 21.0745582580566 21.2778129577637 21.4339904785156 21.7483310699463 22.1590785980225 22.5814685821533 22.958532333374 23.4377727508545
26.0971183776855 25.935489654541 25.8974285125732 25.912181854248 26.0123977661133 25.7897663116455 25.0242824554443 25.2657718658447 24.7704811096191 23.9158744812012 23.4496116638184 23.1140079498291 22.9597206115723 22.4421119689941 21.9036445617676 21.6707363128662 20.6560440063477 20.4697284698486 20.1673240661621 20.2644271850586 20.1484508514404 19.8417663574219 19.8060760498047 19.5084018707275 19.5137176513672 19.6784744262695 19.8628807067871 20.0804710388184 20.0311145782471 19.956485748291 20.0229549407959 20.046106338501 20.0373725891113 19.9795989990234 19.8453006744385 19.6398448944092 19.3848361968994 19.1486988067627 19.0054702758789 19.2299022674561 19.5874824523926 19.8736801147461 20.299409866333 21.0111503601074 21.6175365447998 22.0825862884521 22.627613067627
24.5022754669189 24.3873615264893 24.6492881774902 24.2190132141113 23.8341197967529 23.3853931427002 23.4166450500488 22.8201351165771 22.2114448547363 21.9307250976562 21.9259033203125 22.270622253418 21.8348808288574 21.4996395111084 20.9617233276367 20.7693157196045 20.5954151153564 20.2915916442871 20.1804542541504 20.2094192504883 20.2551326751709 19.9989471435547 19.8723621368408 19.5010566711426 19.5764446258545 19.7145233154297 19.8669033050537 19.9916381835938 19.7921390533447 19.8756923675537 19.9334030151367 19.9497089385986 19.9365425109863 19.8530368804932 19.7102928161621 19.4960994720459 19.2854423522949 19.0293369293213 18.5757732391357 18.4671173095703 18.3925666809082 18.3486557006836 18.7265605926514 19.4499988555908 20.3072757720947 21.2630214691162 21.8495960235596
22.4153881072998 22.4726524353027 22.1035900115967 22.427318572998 22.2725219726562 21.9988231658936 21.4854984283447 21.1906661987305 20.7247447967529 21.0529174804688 21.0425701141357 21.3094577789307 20.8041343688965 20.6401977539062 20.6118183135986 20.5962867736816 20.3123550415039 20.2589092254639 20.2080116271973 20.023006439209 19.9671669006348 19.9263820648193 19.9377956390381 19.6860599517822 19.6284961700439 19.6732177734375 19.5132083892822 19.5972156524658 19.718147277832 19.7827949523926 19.8330421447754 19.8380146026611 19.8068180084229 19.7267932891846 19.3389625549316 19.099723815918 18.8671951293945 18.7314186096191 18.5730438232422 18.4971046447754 18.4176788330078 18.3518447875977 18.304105758667 18.3631134033203 18.9178276062012 19.9362602233887 21.0012645721436
21.3216972351074 21.1080341339111 21.0322933197021 20.8837471008301 20.6110706329346 20.9667701721191 20.3427200317383 20.5483818054199 20.2150459289551 20.2806720733643 20.2375545501709 20.2798194885254 20.3551063537598 20.4544486999512 20.5465202331543 20.3286762237549 19.9842777252197 19.9444313049316 19.9363384246826 19.8568172454834 19.8790550231934 19.9192543029785 19.9987392425537 20.0344734191895 19.6861362457275 19.7130107879639 19.7286701202393 19.552698135376 19.6247711181641 19.670877456665 19.7093486785889 19.7024974822998 19.6625061035156 19.4950084686279 19.0626602172852 18.9293270111084 18.7814044952393 18.6676616668701 18.5837345123291 18.5329208374023 18.4791660308838 18.4317264556885 18.3701152801514 18.3067626953125 18.2654457092285 18.7266426086426 19.9635829925537
20.5133438110352 20.5297298431396 20.4919204711914 19.9538764953613 20.001953125 20.212230682373 20.1902198791504 19.9423770904541 20.1562423706055 20.0595016479492 20.1806449890137 20.1179695129395 20.2904376983643 20.1342487335205 19.9837303161621 19.7872200012207 19.7648372650146 19.7655944824219 19.806116104126 19.859016418457 19.9108581542969 19.9916477203369 19.7305088043213 19.6555042266846 19.6446113586426 19.6873302459717 19.7482471466064 19.5696086883545 19.5038642883301 19.5283794403076 19.5311298370361 19.5348377227783 19.5000419616699 19.1734027862549 18.9485893249512 18.8353328704834 18.7308330535889 18.649377822876 18.5881233215332 18.529504776001 18.4957427978516 18.46657371521 18.4105396270752 18.3598918914795 18.3337383270264 18.3190746307373 19.1286773681641
20.3222503662109 20.2120742797852 19.9303550720215 19.6239757537842 19.7239112854004 19.761905670166 19.6772289276123 19.8870697021484 19.944221496582 19.7372360229492 19.7050266265869 19.7199230194092 19.7828178405762 19.7353477478027 19.4481792449951 19.4650726318359 19.3143501281738 19.3217296600342 19.5305442810059 19.7030124664307 19.9457664489746 19.6430530548096 19.5957717895508 19.6052665710449 19.6169185638428 19.6297817230225 19.6679553985596 19.3787250518799 19.3610095977783 19.3798007965088 19.3712730407715 19.3669967651367 19.3467922210693 19.3124771118164 19.1236209869385 18.7728157043457 18.7049865722656 18.6620807647705 18.6215934753418 18.5778312683105 18.5470962524414 18.5224742889404 18.5005283355713 18.4791164398193 18.4502353668213 18.4232597351074 18.7033004760742
20.4170207977295 19.976806640625 19.6103820800781 19.7653102874756 19.7623767852783 19.439977645874 19.4301986694336 19.6623058319092 19.653621673584 19.7386779785156 19.5889225006104 19.3538341522217 19.1448917388916 19.1632289886475 19.1701431274414 19.2823066711426 19.3173332214355 19.3422527313232 19.4069919586182 19.468017578125 19.5006217956543 19.5236015319824 19.5373783111572 19.5660743713379 19.5136203765869 19.2907028198242 19.1614074707031 19.1917171478271 19.2074584960938 19.2182521820068 19.2021961212158 19.2059192657471 19.2143611907959 19.2082023620605 19.0766143798828 18.984842300415 18.7170276641846 18.67751121521 18.6650257110596 18.6594829559326 18.6509418487549 18.6424217224121 18.6428565979004 18.6258449554443 18.6039257049561 18.5758190155029 18.5731601715088
20.2548789978027 20.0485801696777 19.8505916595459 19.7363204956055 19.6448822021484 19.5437755584717 19.4634056091309 19.4188117980957 19.3830871582031 19.3267955780029 19.0318412780762 18.9373378753662 18.9872989654541 19.0926952362061 19.2154121398926 19.3037567138672 19.3220386505127 19.383487701416 19.4356937408447 19.4638996124268 19.4955959320068 19.5041427612305 19.5156326293945 19.5250835418701 19.1824283599854 19.0741748809814 19.0663509368896 19.0517883300781 19.0570545196533 19.054708480835 19.052677154541 19.077169418335 19.1015720367432 19.1082172393799 19.0925960540771 19.0715065002441 18.7302570343018 18.6698207855225 18.6996746063232 18.7234058380127 18.7177562713623 18.7287731170654 18.7535591125488 18.7696189880371 18.7687683105469 18.7544612884521 18.7280292510986
20.4120082855225 20.2454605102539 19.7520065307617 19.62744140625 19.7645645141602 19.5507965087891 19.5901737213135 19.5244102478027 19.4717712402344 19.1081504821777 19.0143337249756 18.9375991821289 18.8524761199951 19.0338897705078 19.1313419342041 19.1945934295654 19.0247268676758 19.0126304626465 19.0504131317139 19.2328681945801 19.480993270874 19.4905319213867 19.4892158508301 19.4998474121094 19.1269283294678 19.0225448608398 18.9826793670654 18.9379730224609 18.9201850891113 18.9067535400391 18.9180107116699 18.9493579864502 18.9635524749756 18.9797821044922 18.9852619171143 18.9864253997803 18.7440032958984 18.6814880371094 18.6896171569824 18.7069492340088 18.7220935821533 18.7565402984619 18.7888870239258 18.8202114105225 18.8350696563721 18.8399353027344 18.8304023742676
20.2346744537354 20.4297199249268 20.0837516784668 19.8766098022461 19.9218845367432 19.796350479126 19.7053260803223 19.6436824798584 19.5357666015625 19.0948429107666 18.9581165313721 18.7622585296631 18.8011322021484 18.8282318115234 18.8991260528564 18.9362125396729 18.9754600524902 19.0167121887207 19.0213470458984 19.0361270904541 19.2766780853271 19.4611568450928 19.4804439544678 19.4697685241699 19.1984901428223 18.9715900421143 18.9053192138672 18.8422069549561 18.8088264465332 18.782470703125 18.8008289337158 18.8129405975342 18.8217144012451 18.8499164581299 18.8715591430664 18.9170665740967 18.650203704834 18.6228618621826 18.6273612976074 18.6599788665771 18.7115154266357 18.7678260803223 18.805549621582 18.8552799224854 18.8896732330322 18.9202270507812 18.920862197876
20.6048583984375 20.5395622253418 20.4204235076904 19.9584197998047 20.0989093780518 19.6578559875488 19.4235153198242 19.3544445037842 19.2949771881104 18.8974018096924 18.8409881591797 18.8609485626221 18.902853012085 18.9101676940918 18.9231147766113 18.9550685882568 18.9887084960938 19.0092868804932 19.0210094451904 19.0343341827393 19.0466804504395 19.1911430358887 19.457311630249 19.4300060272217 19.2556438446045 18.9206924438477 18.8382263183594 18.7681980133057 18.7212791442871 18.6853046417236 18.6905078887939 18.6928825378418 18.7058391571045 18.7383251190186 18.7673301696777 18.8088073730469 18.5364799499512 18.5293369293213 18.5803298950195 18.6311092376709 18.7038612365723 18.7739410400391 18.8378505706787 18.9068622589111 18.9611225128174 19.004243850708 19.01416015625
20.3251533508301 20.2003574371338 20.0745334625244 19.9698486328125 19.9168815612793 19.6528625488281 19.4773235321045 19.2507667541504 18.9722232818604 18.9352951049805 18.9221782684326 18.9370098114014 18.9629554748535 18.9427318572998 18.9085483551025 18.9503612518311 18.9776363372803 18.9894962310791 19.0067539215088 19.0219669342041 19.038200378418 19.0378818511963 19.0743160247803 19.0565299987793 18.9614448547363 18.8679637908936 18.7817878723145 18.7085304260254 18.6500053405762 18.6082534790039 18.5966243743896 18.5952758789062 18.6211242675781 18.6396675109863 18.6533012390137 18.5245037078857 18.3548145294189 18.4260425567627 18.4953784942627 18.5853519439697 18.6905918121338 18.7895374298096 18.8756294250488 18.9601173400879 19.0269069671631 19.0786018371582 19.1038913726807
20.2473812103271 20.2158031463623 20.1385517120361 20.0261192321777 19.8887557983398 19.7615032196045 19.3238563537598 19.1001625061035 19.054557800293 18.9603099822998 18.698278427124 18.5872993469238 18.7011528015137 18.6088809967041 18.5869750976562 18.7685222625732 18.8762016296387 18.9519519805908 18.9694595336914 18.9924221038818 19.010612487793 19.006986618042 18.9798049926758 18.9424686431885 18.8959197998047 18.8268871307373 18.7419624328613 18.661548614502 18.5935153961182 18.5453872680664 18.5159149169922 18.5014457702637 18.4408569335938 18.3293743133545 18.2260456085205 18.2057361602783 18.2560386657715 18.324089050293 18.4211673736572 18.5352535247803 18.6640682220459 18.7806415557861 18.8939151763916 18.995532989502 19.0733013153076 19.1311359405518 19.1760940551758
20.2346725463867 20.2108974456787 20.1668014526367 20.0748710632324 19.9665508270264 19.8463573455811 19.0643520355225 18.8458271026611 18.7642574310303 18.6928901672363 18.6406078338623 18.6164321899414 18.585750579834 18.5564918518066 18.5209636688232 18.5164699554443 18.5287456512451 18.5589141845703 18.7108592987061 18.9459915161133 18.9510059356689 18.947244644165 18.9236011505127 18.8879623413086 18.8392219543457 18.7767925262451 18.6884002685547 18.6139965057373 18.5450592041016 18.4727973937988 18.3255729675293 18.0605754852295 18.0458717346191 18.0488128662109 18.060718536377 18.0825042724609 18.1333427429199 18.2292575836182 18.3630886077881 18.5087089538574 18.6492309570312 18.7729511260986 18.905252456665 19.0259952545166 19.1288776397705 19.2186050415039 19.2826251983643
20.2166976928711 20.1916885375977 20.1593360900879 19.9572830200195 19.7485084533691 19.2581558227539 19.0065670013428 18.8888454437256 18.8080215454102 18.7384433746338 18.6865615844727 18.651159286499 18.5985527038574 18.5385131835938 18.5038166046143 18.4942569732666 18.5000534057617 18.5139427185059 18.5139389038086 18.5725936889648 18.7610874176025 18.8631725311279 18.8309192657471 18.7937679290771 18.7387008666992 18.6691017150879 18.5906753540039 18.515697479248 18.4176254272461 18.1915130615234 17.959997177124 17.8973407745361 17.8825378417969 17.8898029327393 17.9145793914795 17.9566478729248 18.0357990264893 18.1513195037842 18.3035011291504 18.4735412597656 18.6421890258789 18.7946090698242 18.9404373168945 19.0815582275391 19.2082138061523 19.3218269348145 19.4079341888428
20.2237129211426 20.1672763824463 19.8049564361572 19.3265895843506 19.1903419494629 19.1142139434814 19.0249137878418 18.9192314147949 18.8418922424316 18.7819423675537 18.7324333190918 18.6844692230225 18.6007041931152 18.5177249908447 18.5086116790771 18.4974327087402 18.4992122650146 18.5022430419922 18.4901123046875 18.4636306762695 18.4273052215576 18.4824066162109 18.6161651611328 18.4638900756836 18.4032974243164 18.3974685668945 18.25608253479 18.1730537414551 17.9991550445557 17.8929615020752 17.8270606994629 17.7623310089111 17.7559490203857 17.7586994171143 17.7800178527832 17.8409862518311 17.9366054534912 18.0652770996094 18.2425785064697 18.4241638183594 18.6154041290283 18.7925682067871 18.9861679077148 19.1592540740967 19.3194694519043 19.4477043151855 19.5360565185547
20.0310955047607 19.7639293670654 19.3810081481934 19.2804660797119 19.2062816619873 19.1244602203369 19.0398654937744 18.9439563751221 18.8617305755615 18.8144512176514 18.766134262085 18.6980018615723 18.6000137329102 18.5401477813721 18.5411548614502 18.535270690918 18.5260353088379 18.5140018463135 18.4799900054932 18.4156246185303 18.3534145355225 18.3170604705811 18.2895164489746 18.2401390075684 18.1845588684082 18.1141052246094 18.0432815551758 17.966194152832 17.8795299530029 17.8055038452148 17.7239151000977 17.668664932251 17.6662292480469 17.6615562438965 17.6796531677246 17.7403469085693 17.8506183624268 17.9946060180664 18.176643371582 18.3707809448242 18.5883731842041 18.7964286804199 19.0285243988037 19.2485809326172 19.4475898742676 19.6087379455566 19.7148323059082
19.4915313720703 19.3789558410645 19.3528728485107 19.2960872650146 19.220983505249 19.1363964080811 19.0541381835938 18.9585189819336 18.8915824890137 18.8431529998779 18.7758750915527 18.7006816864014 18.6271572113037 18.5685558319092 18.5793018341064 18.5814819335938 18.5754909515381 18.5497207641602 18.4969444274902 18.4121646881104 18.3202304840088 18.2701263427734 18.2260799407959 18.1821193695068 18.1283645629883 18.0631484985352 17.9813385009766 17.8894119262695 17.796947479248 17.7012538909912 17.6189670562744 17.5693225860596 17.5822143554688 17.5667819976807 17.5983180999756 17.6696548461914 17.7896175384521 17.9533405303955 18.1511325836182 18.3640193939209 18.5925960540771 18.8427104949951 19.1149559020996 19.3643035888672 19.5960597991943 19.7806968688965 19.8987731933594
19.4425563812256 19.4114265441895 19.3777561187744 19.3262596130371 19.2520351409912 19.1690082550049 19.0806083679199 18.9814529418945 18.9115734100342 18.8457851409912 18.7778434753418 18.7202739715576 18.6432132720947 18.6082324981689 18.6143970489502 18.6130905151367 18.6138458251953 18.5964260101318 18.5387077331543 18.4501762390137 18.3513011932373 18.2794513702393 18.2278861999512 18.1620006561279 18.0948009490967 18.0185832977295 17.9275913238525 17.8195476531982 17.7141895294189 17.6087512969971 17.5197563171387 17.4805164337158 17.4898109436035 17.4760227203369 17.5064849853516 17.5888061523438 17.7126865386963 17.894063949585 18.1067008972168 18.3521709442139 18.6073417663574 18.8990993499756 19.2204704284668 19.5031204223633 19.7615127563477 19.9762668609619 20.1181411743164
19.5058116912842 19.4541530609131 19.4292182922363 19.3693351745605 19.2855396270752 19.203218460083 19.1091938018799 19.0065765380859 18.9164237976074 18.8361549377441 18.7741775512695 18.7202701568604 18.674503326416 18.641529083252 18.6330318450928 18.6319141387939 18.6322650909424 18.6254539489746 18.5931739807129 18.5077152252197 18.401647567749 18.3171577453613 18.2634429931641 18.1958198547363 18.0918979644775 18.0009613037109 17.9098281860352 17.7955646514893 17.6687049865723 17.5577354431152 17.4626216888428 17.4160461425781 17.4218082427979 17.4145126342773 17.4329471588135 17.5178985595703 17.6431560516357 17.8278675079346 18.0743942260742 18.3609275817871 18.6518611907959 18.9814071655273 19.3303279876709 19.6489162445068 19.9326572418213 20.1709785461426 20.3338871002197
