Ecospace-environmental-drivers/Outputs/ASCII-for-ecospace/Temp-avg/Temp-avg_X2000.07.asc
NCOLS 131 
NROWS 53 
XLLCORNER -98 
YLLCORNER 23.9265270233154 
CELLSIZE 0.133587792515755 
NODATA_value -3.4e+38 
[rows 21 to 41 of 53, columns 47 to 93 of 131]
26.7447338104248 26.4463768005371 26.4161720275879 26.4523601531982 26.5308113098145 26.7015686035156 26.4912490844727 26.5318698883057 26.6644077301025 26.267786026001 25.5700740814209 25.2735443115234 24.5163726806641 23.3767910003662 22.6442317962646 21.6192321777344 20.4529342651367 20.1872100830078 20.2672634124756 20.0552635192871 19.6561050415039 19.2776012420654 19.102388381958 19.1120796203613 18.9692287445068 18.8972454071045 19.0064430236816 19.0803546905518 19.0297451019287 18.7939739227295 18.794189453125 18.8172168731689 18.8029556274414 18.7725944519043 18.7429866790771 18.7305355072021 18.8372554779053 19.1822395324707 20.1798191070557 20.8517227172852 21.1857528686523 21.4451160430908 21.8234786987305 22.2518310546875 22.6605339050293 22.9766159057617 23.3348484039307
25.8827133178711 25.7671451568604 25.8647747039795 25.9702167510986 26.2132301330566 26.0802383422852 25.2430400848389 25.6063251495361 25.1174068450928 24.2091655731201 23.7579822540283 23.4409999847412 23.2701358795166 22.665599822998 22.02321434021 21.7003879547119 20.5611019134521 20.2766723632812 19.838228225708 19.8040199279785 19.6029376983643 19.1139621734619 18.960391998291 18.6750068664551 18.6590976715088 18.7863597869873 18.9159450531006 19.0280494689941 18.8578643798828 18.7008323669434 18.721700668335 18.7337532043457 18.7267055511475 18.7066898345947 18.6967296600342 18.695484161377 18.6806812286377 18.6534538269043 18.6809673309326 19.0295639038086 19.5001468658447 19.8805751800537 20.3458728790283 21.0707321166992 21.6914806365967 22.115701675415 22.610445022583
24.4214611053467 24.4002838134766 24.8091144561768 24.4183807373047 24.1110725402832 23.7076454162598 23.8839454650879 23.3069400787354 22.7094478607178 22.4785022735596 22.5126705169678 22.9030132293701 22.3762092590332 21.9165153503418 21.2111511230469 20.8747062683105 20.5419292449951 20.0932788848877 19.809476852417 19.6712379455566 19.5442638397217 19.1016712188721 18.8744068145752 18.4993076324463 18.5770931243896 18.7068901062012 18.8467178344727 18.9090538024902 18.6434841156006 18.6484985351562 18.6427211761475 18.6202774047852 18.5929431915283 18.5757007598877 18.573184967041 18.5790748596191 18.5833435058594 18.5169944763184 18.2099838256836 18.2164344787598 18.2519645690918 18.2943153381348 18.7145690917969 19.4635105133057 20.3416137695312 21.2961711883545 21.8681087493896
22.3178119659424 22.4731578826904 22.1839370727539 22.6166591644287 22.5738220214844 22.4186725616455 22.0084247589111 21.8253574371338 21.4514923095703 21.8763179779053 21.8876953125 22.1377716064453 21.5084056854248 21.200345993042 21.0026550292969 20.8119087219238 20.3262958526611 20.0868530273438 19.8270454406738 19.443229675293 19.1787776947021 18.9459342956543 18.8351345062256 18.5542030334473 18.5256519317627 18.6074314117432 18.4756088256836 18.5092487335205 18.5658016204834 18.5736331939697 18.5493698120117 18.5054607391357 18.4786071777344 18.4624214172363 18.2225532531738 18.1541500091553 18.0950584411621 18.1014404296875 18.0661716461182 18.0925788879395 18.1228790283203 18.1542739868164 18.1864070892334 18.3022499084473 18.9004783630371 19.902322769165 20.9472484588623
21.1937351226807 21.0904407501221 21.0924549102783 21.0233821868896 20.9060802459717 21.4731559753418 20.9881763458252 21.3695068359375 21.1526203155518 21.2799263000488 21.2685413360596 21.2835273742676 21.2617282867432 21.1875743865967 21.0923652648926 20.6419811248779 20.0571765899658 19.826509475708 19.5899105072021 19.28857421875 19.0980014801025 18.9269924163818 18.8400001525879 18.8103485107422 18.5465888977051 18.6266937255859 18.6654243469238 18.46826171875 18.4792423248291 18.4536323547363 18.397253036499 18.3376121520996 18.29665184021 18.1969127655029 17.8789596557617 17.8608551025391 17.8467636108398 17.8461742401123 17.8719310760498 17.9132194519043 17.9542446136475 18.0012149810791 18.0489921569824 18.0852699279785 18.1089782714844 18.5852584838867 19.796314239502
20.2520713806152 20.4392681121826 20.4953861236572 20.0587940216064 20.3013362884521 20.7385902404785 20.9537944793701 20.8668880462646 21.2296562194824 21.1920700073242 21.3740310668945 21.3171520233154 21.3923892974854 21.0228595733643 20.6594619750977 20.1841926574707 19.9292087554932 19.7228908538818 19.5331497192383 19.3334522247314 19.1473007202148 18.9814605712891 18.5740985870361 18.4894886016846 18.5345268249512 18.6240253448486 18.7227172851562 18.5464038848877 18.4244518280029 18.3677368164062 18.2677345275879 18.1850814819336 18.1168460845947 17.8340950012207 17.6671829223633 17.6262626647949 17.5933799743652 17.5976257324219 17.6381320953369 17.6958808898926 17.7501697540283 17.8227214813232 17.9023399353027 17.9715118408203 18.0092544555664 18.0272407531738 18.8325500488281
19.8266201019287 19.9524955749512 19.8292465209961 19.6630382537842 20.0018081665039 20.3259582519531 20.4851379394531 20.8733253479004 21.0448131561279 20.9229621887207 20.9811534881592 21.0068359375 20.9728355407715 20.729118347168 20.2048625946045 19.9535388946533 19.5648975372314 19.358434677124 19.3258266448975 19.2317447662354 19.2113952636719 18.7153167724609 18.5449371337891 18.5275115966797 18.5740814208984 18.6566410064697 18.7391605377197 18.4697208404541 18.3903923034668 18.3255233764648 18.1929016113281 18.0794486999512 17.9751834869385 17.8899459838867 17.6930847167969 17.3936023712158 17.3659992218018 17.3757724761963 17.4253959655762 17.4880313873291 17.5602836608887 17.6549339294434 17.7532558441162 17.8437976837158 17.893762588501 17.912202835083 18.2118721008301
19.6317005157471 19.4809074401855 19.3715629577637 19.7047138214111 19.9603843688965 19.9188842773438 20.167085647583 20.6004447937012 20.7264595031738 20.9361324310303 20.8685684204102 20.6181392669678 20.2998695373535 20.1198406219482 19.9068622589111 19.7714424133301 19.5909099578857 19.4013748168945 19.2121124267578 19.0354042053223 18.8666591644287 18.7332248687744 18.6386032104492 18.6093349456787 18.5843811035156 18.4656925201416 18.3938064575195 18.41477394104 18.3649768829346 18.2976531982422 18.1579475402832 18.0146598815918 17.888599395752 17.7782535552979 17.5915966033936 17.48366355896 17.2540817260742 17.2388973236084 17.2742042541504 17.3511257171631 17.4218196868896 17.5035266876221 17.6155261993408 17.7114162445068 17.7829341888428 17.8175506591797 17.8675651550293
19.2126216888428 19.2900848388672 19.3804397583008 19.5084686279297 19.6698665618896 19.8466510772705 20.020299911499 20.1773128509521 20.3081703186035 20.3891067504883 20.1558704376221 20.0709228515625 20.0475978851318 19.9814758300781 19.8910903930664 19.7529277801514 19.5914916992188 19.4131546020508 19.2409725189209 19.0761413574219 18.923412322998 18.8171520233154 18.7285823822021 18.6847324371338 18.3792743682861 18.3644618988037 18.435338973999 18.4195041656494 18.3654384613037 18.2876739501953 18.1666355133057 18.0020294189453 17.8712005615234 17.7650623321533 17.6820945739746 17.6246738433838 17.3041439056396 17.2428588867188 17.2671375274658 17.3260841369629 17.3979568481445 17.4633464813232 17.5436458587646 17.628438949585 17.6964321136475 17.7493076324463 17.7768898010254
19.1237258911133 19.209005355835 19.0065670013428 19.1754989624023 19.5953960418701 19.6447525024414 19.9300174713135 20.0837421417236 20.213565826416 19.9790802001953 19.9566516876221 19.87034034729 19.7256278991699 19.8015308380127 19.714485168457 19.6015548706055 19.2604522705078 19.0101776123047 18.8733825683594 18.88427734375 18.9608669281006 18.8816757202148 18.8004989624023 18.7544460296631 18.4318084716797 18.4071464538574 18.4645824432373 18.417387008667 18.3507213592529 18.2792129516602 18.1849021911621 18.0620918273926 17.9190864562988 17.8075428009033 17.7473239898682 17.7180423736572 17.4419784545898 17.3398246765137 17.360933303833 17.4129390716553 17.4734268188477 17.5423259735107 17.5984325408936 17.6490592956543 17.6945896148682 17.7411022186279 17.7529277801514
18.771800994873 19.1504192352295 19.0521450042725 19.1476039886475 19.5141887664795 19.6644554138184 19.8137397766113 19.9756107330322 20.0564270019531 19.7381172180176 19.6728916168213 19.4652442932129 19.4574737548828 19.4250106811523 19.3560218811035 19.2602634429932 19.1392440795898 19.0000801086426 18.846471786499 18.7056922912598 18.7967948913574 18.9131355285645 18.8586463928223 18.8152103424072 18.5809097290039 18.4319705963135 18.4533634185791 18.3814449310303 18.2997016906738 18.2262382507324 18.1533088684082 18.0703716278076 17.9761428833008 17.8956966400146 17.8555202484131 17.8461437225342 17.5460453033447 17.4947166442871 17.5322856903076 17.5768337249756 17.6339645385742 17.6994857788086 17.7441730499268 17.7642917633057 17.770694732666 17.7869186401367 17.786060333252
18.963077545166 19.0817756652832 19.1584720611572 18.9747276306152 19.4260330200195 19.306978225708 19.2973728179932 19.4401702880859 19.5628547668457 19.2889728546143 19.2995491027832 19.3303241729736 19.339054107666 19.3224506378174 19.2688026428223 19.1901073455811 19.0891628265381 18.9724807739258 18.8395366668701 18.7164192199707 18.599681854248 18.6824588775635 18.8954544067383 18.8532772064209 18.6931972503662 18.420259475708 18.4025688171387 18.3080768585205 18.2219562530518 18.1314582824707 18.0401935577393 17.9657211303711 17.916410446167 17.9072227478027 17.931941986084 17.9795818328857 17.7415676116943 17.7241668701172 17.772798538208 17.8223514556885 17.8688468933105 17.9298210144043 17.9620380401611 17.9707565307617 17.9430866241455 17.9044284820557 17.8729591369629
18.6117324829102 18.6516914367676 18.7021141052246 18.8107433319092 19.0394611358643 19.0888404846191 19.1423664093018 19.0999336242676 18.9937896728516 19.0921821594238 19.1662559509277 19.2069225311279 19.2190017700195 19.2086944580078 19.1745700836182 19.1113567352295 19.0304794311523 18.9345302581787 18.8271560668945 18.7177963256836 18.6132678985596 18.5455932617188 18.5665874481201 18.5426445007324 18.4561595916748 18.3789691925049 18.3195152282715 18.2340240478516 18.132173538208 18.0018348693848 17.907621383667 17.8671245574951 17.8884429931641 17.9681835174561 18.0709667205811 18.0354862213135 17.9249897003174 18.0027198791504 18.0795249938965 18.1446533203125 18.1830101013184 18.2063293457031 18.2191047668457 18.2072143554688 18.1562805175781 18.0787181854248 18.0129337310791
18.5162677764893 18.5950374603271 18.6693325042725 18.7487239837646 18.8720645904541 19.0077209472656 18.7907390594482 18.7491664886475 18.8459491729736 18.8972911834717 18.7429141998291 18.6959438323975 18.8284168243408 18.7617950439453 18.7591171264648 18.8726749420166 18.8995590209961 18.8868732452393 18.8042259216309 18.7124137878418 18.6229591369629 18.5461692810059 18.4959163665771 18.4512786865234 18.4079856872559 18.3183460235596 18.2300796508789 18.1406345367432 18.0194129943848 17.894079208374 17.8351631164551 17.8317070007324 17.8326416015625 17.8675727844238 17.918815612793 18.0366649627686 18.1642398834229 18.2755241394043 18.378885269165 18.4584980010986 18.507791519165 18.5167751312256 18.4960899353027 18.4512882232666 18.3717346191406 18.2814197540283 18.1872653961182
18.5107460021973 18.5782852172852 18.646354675293 18.7148189544678 18.814661026001 18.9220066070557 18.3668975830078 18.3344345092773 18.3865146636963 18.4415836334229 18.5033016204834 18.5762100219727 18.6217212677002 18.6263732910156 18.6143283843994 18.5775852203369 18.534574508667 18.4944896697998 18.5774936676025 18.719066619873 18.6351795196533 18.5618724822998 18.501636505127 18.4428615570068 18.3826446533203 18.2682151794434 18.1574993133545 18.0516319274902 17.9347972869873 17.8218784332275 17.6859550476074 17.5306377410889 17.668249130249 17.8616695404053 18.0647258758545 18.2647171020508 18.4148120880127 18.5604209899902 18.6928749084473 18.7852058410645 18.8314933776855 18.8344612121582 18.7822494506836 18.7049751281738 18.6141567230225 18.5015983581543 18.3827304840088
18.5290679931641 18.5944442749023 18.66139793396 18.5911502838135 18.5546550750732 18.2575244903564 18.1832485198975 18.2517585754395 18.3174495697021 18.3483219146729 18.3979263305664 18.4568424224854 18.5099430084229 18.5443725585938 18.5545883178711 18.532844543457 18.49755859375 18.462760925293 18.4110412597656 18.4114532470703 18.5413589477539 18.586030960083 18.5139179229736 18.4484481811523 18.3717193603516 18.2635135650635 18.1406021118164 18.0169277191162 17.8604030609131 17.6180019378662 17.4704151153564 17.5865440368652 17.7835807800293 18.0304183959961 18.2740039825439 18.4803466796875 18.6759166717529 18.8497123718262 18.9949836730957 19.094352722168 19.1342735290527 19.1252517700195 19.0781173706055 18.9886493682861 18.8753566741943 18.7596702575684 18.6275119781494
18.5642833709717 18.6105270385742 18.375114440918 18.0324287414551 18.0270442962646 18.081563949585 18.1284866333008 18.1859893798828 18.2507915496826 18.3065013885498 18.3358287811279 18.3771800994873 18.4136562347412 18.4521007537842 18.4863014221191 18.4937210083008 18.4795875549316 18.456184387207 18.419620513916 18.3725166320801 18.3149032592773 18.3277416229248 18.418436050415 18.2347049713135 18.1524333953857 18.1114597320557 17.90283203125 17.7564506530762 17.5372352600098 17.4404354095459 17.5230674743652 17.7048492431641 17.9422435760498 18.2220497131348 18.4872436523438 18.7323703765869 18.9805088043213 19.1486759185791 19.2812557220459 19.3769817352295 19.4130840301514 19.4058227539062 19.3715591430664 19.2872982025146 19.172643661499 19.0501136779785 18.8996067047119
18.4416084289551 18.3018913269043 18.0432147979736 18.0453090667725 18.0757312774658 18.1021060943604 18.1331233978271 18.1579360961914 18.193265914917 18.2602519989014 18.3021640777588 18.3320903778076 18.3435153961182 18.3729763031006 18.4180355072021 18.4506072998047 18.4591064453125 18.4473743438721 18.4273586273193 18.3965015411377 18.3482189178467 18.2842388153076 18.2208995819092 18.1428871154785 18.0505294799805 17.939432144165 17.7782154083252 17.6086406707764 17.4940204620361 17.4794445037842 17.6107616424561 17.8451538085938 18.1336460113525 18.4306545257568 18.6964874267578 18.9804878234863 19.2535591125488 19.4404449462891 19.5692481994629 19.6566200256348 19.6950988769531 19.6858825683594 19.6497535705566 19.5834159851074 19.4757080078125 19.3440952301025 19.1958541870117
18.0237560272217 18.0267467498779 18.0776290893555 18.1210231781006 18.1478595733643 18.1611843109131 18.1744003295898 18.1769256591797 18.1689891815186 18.2060012817383 18.2479400634766 18.2756729125977 18.2968673706055 18.3336143493652 18.3786029815674 18.4149303436279 18.4438724517822 18.4569778442383 18.4446506500244 18.4205436706543 18.375804901123 18.3234882354736 18.2684288024902 18.1974048614502 18.0990333557129 17.9815368652344 17.8003711700439 17.6026134490967 17.4948596954346 17.5241374969482 17.7002124786377 17.9714698791504 18.279109954834 18.5979194641113 18.8996887207031 19.2139263153076 19.4785175323486 19.6822032928467 19.8176345825195 19.9111003875732 19.9625816345215 19.9662380218506 19.9407558441162 19.8842258453369 19.7771587371826 19.639181137085 19.4885292053223
18.0396308898926 18.1333446502686 18.1867752075195 18.2162208557129 18.2330360412598 18.2307586669922 18.2110347747803 18.2089538574219 18.1779708862305 18.1802425384521 18.2012786865234 18.2163333892822 18.2359714508057 18.2797870635986 18.3409385681152 18.3889942169189 18.4261302947998 18.450963973999 18.4545383453369 18.4437313079834 18.4106254577637 18.3551559448242 18.3094291687012 18.255672454834 18.1564464569092 18.0200519561768 17.8261280059814 17.60813331604 17.5256404876709 17.5765151977539 17.7879219055176 18.0808200836182 18.4159374237061 18.7621612548828 19.1045513153076 19.4414367675781 19.6919097900391 19.8932132720947 20.0328350067139 20.1282730102539 20.1900825500488 20.2114181518555 20.1923904418945 20.1368751525879 20.0521411895752 19.9182605743408 19.7605781555176
18.1449241638184 18.2427043914795 18.307544708252 18.3336505889893 18.3335552215576 18.3115158081055 18.2583923339844 18.2381553649902 18.2025146484375 18.1785583496094 18.1728191375732 18.1747341156006 18.1761722564697 18.1997375488281 18.2550601959229 18.3199310302734 18.3777503967285 18.428071975708 18.4574565887451 18.4637889862061 18.4339294433594 18.384672164917 18.3397331237793 18.295841217041 18.2019119262695 18.0473232269287 17.8366641998291 17.62717628479 17.5689468383789 17.6438827514648 17.86448097229 18.1843013763428 18.5475330352783 18.923131942749 19.3014259338379 19.629846572876 19.8809490203857 20.0729751586914 20.2184658050537 20.3177318572998 20.3807334899902 20.4148292541504 20.4103775024414 20.3567695617676 20.2747573852539 20.1560764312744 20.0066261291504
