Ecospace-environmental-drivers/Outputs/ASCII-for-ecospace/Temp-avg/Temp-avg_X2004.05.asc
NCOLS 131 
NROWS 53 
XLLCORNER -98 
YLLCORNER 23.9265270233154 
CELLSIZE 0.133587792515755 
NODATA_value -3.4e+38 
[rows 21 to 41 of 53, columns 0 to 46 of 131]
-3.4e+38 -3.4e+38 -3.4e+38 -3.4e+38 -3.4e+38 -3.4e+38 25.874849319458 25.9376068115234 25.7707958221436 26.1361694335938 25.5194721221924 24.9849891662598 24.5792655944824 24.4282550811768 24.3222160339355 24.1865062713623 23.9771175384521 23.7005157470703 23.4701957702637 23.2418003082275 23.0868072509766 23.022045135498 22.9645099639893 22.9477825164795 22.931209564209 22.9608001708984 22.94407081604 22.9199447631836 22.9256191253662 22.9096279144287 22.9011268615723 22.8221302032471 22.8075885772705 22.7091369628906 22.6091136932373 22.5133991241455 22.4265632629395 22.4311771392822 22.413179397583 22.3802051544189 22.39866065979 22.463695526123 22.4086971282959 22.3390979766846 22.3375244140625 22.4928035736084 22.5697231292725
-3.4e+38 -3.4e+38 -3.4e+38 -3.4e+38 -3.4e+38 -3.4e+38 25.9918956756592 25.6950435638428 25.9376068115234 25.2386093139648 24.6724414825439 24.2934532165527 24.0632133483887 23.8016223907471 23.6022891998291 23.4085922241211 23.2869606018066 23.0917053222656 22.9705562591553 22.9821758270264 22.930793762207 22.9410877227783 22.8847599029541 22.8728866577148 22.9645690917969 22.877082824707 22.7605247497559 22.5922183990479 22.6497039794922 22.6990432739258 22.6846008300781 22.5692291259766 22.45876121521 22.406457901001 22.2881336212158 22.2623996734619 22.245756149292 22.2266407012939 22.2055034637451 22.1214637756348 22.2117557525635 22.2732276916504 22.128532409668 22.178783416748 22.1825180053711 22.2350234985352 22.2524356842041
-3.4e+38 -3.4e+38 -3.4e+38 -3.4e+38 25.9802742004395 25.9827346801758 25.7326564788818 25.9918956756592 25.1556301116943 24.4952068328857 24.1166400909424 23.6828384399414 23.2694473266602 22.9712753295898 22.8553600311279 22.9429569244385 22.939136505127 23.0318145751953 23.1616554260254 23.1214027404785 23.0545921325684 22.908655166626 22.7192974090576 22.4709129333496 22.5157108306885 22.2768154144287 22.2209339141846 22.242805480957 22.3092575073242 22.1101894378662 22.2404403686523 22.2895126342773 22.3369426727295 22.1212882995605 22.3212242126465 22.1759243011475 22.0114707946777 21.9858360290527 21.7317447662354 20.9405765533447 21.1666736602783 21.0998573303223 21.5696620941162 21.1776924133301 21.4504585266113 21.5355587005615 21.6199378967285
-3.4e+38 -3.4e+38 -3.4e+38 -3.4e+38 26.0969657897949 25.861120223999 25.9827346801758 25.2233371734619 24.4421977996826 23.9780368804932 23.4884815216064 23.0812149047852 22.8899230957031 22.8462657928467 22.8237743377686 22.9093208312988 22.9944076538086 22.6774120330811 22.4379291534424 21.9358100891113 21.2666187286377 20.8780727386475 21.0781879425049 21.1513748168945 21.2667598724365 21.1713447570801 21.3466796875 21.0172939300537 21.1760177612305 20.9020252227783 21.0378532409668 21.4499740600586 21.5455722808838 21.6569519042969 21.8263740539551 21.7249851226807 21.9037036895752 21.5466823577881 20.7522602081299 19.6853675842285 19.8613929748535 19.9877529144287 20.0778427124023 19.8392524719238 19.60129737854 19.797248840332 19.4082889556885
-3.4e+38 -3.4e+38 -3.4e+38 -3.4e+38 -3.4e+38 26.0969657897949 25.5036602020264 24.5058765411377 23.9693450927734 23.475492477417 23.0252056121826 23.0184574127197 22.9582672119141 22.8583240509033 22.7350559234619 22.4670944213867 21.655086517334 20.6090679168701 20.3409786224365 19.9494667053223 19.4967784881592 19.5000782012939 19.7600193023682 19.9507274627686 20.2776870727539 20.050931930542 20.1346054077148 20.0973110198975 19.824010848999 19.7118701934814 19.7177104949951 20.0663318634033 20.2242069244385 20.8754405975342 20.7636623382568 20.8517570495605 20.7057399749756 19.9008808135986 18.8339519500732 18.6752758026123 19.1143798828125 18.9387168884277 18.6294021606445 18.5632724761963 18.51389503479 18.6706275939941 18.3205814361572
-3.4e+38 -3.4e+38 -3.4e+38 -3.4e+38 -3.4e+38 25.8782596588135 24.7371711730957 24.0732822418213 23.5895462036133 22.9753265380859 22.9751415252686 22.9141159057617 22.7654056549072 22.552885055542 22.1283664703369 21.3901500701904 20.1303405761719 19.28102684021 19.1025009155273 18.7105388641357 18.4251117706299 18.5671710968018 18.7894477844238 19.1959571838379 19.0596523284912 19.239860534668 19.0781059265137 18.7680797576904 19.0067386627197 18.5074405670166 19.0039043426514 19.3977603912354 19.8220348358154 19.8971920013428 19.4454250335693 19.5031852722168 19.1781578063965 18.3826961517334 18.0194816589355 17.7185554504395 18.0760059356689 17.6456089019775 17.9221878051758 17.9522762298584 17.9501209259033 17.942289352417 17.3406829833984
-3.4e+38 -3.4e+38 27.2705860137939 27.1485481262207 26.1478004455566 25.438404083252 24.2685470581055 23.8036518096924 23.2005157470703 22.8611431121826 22.8990573883057 22.7472133636475 22.5063610076904 21.9721221923828 21.0017280578613 20.3190002441406 19.3590679168701 18.3845176696777 18.02854347229 18.0431995391846 18.151668548584 18.2937335968018 18.4650249481201 18.5899982452393 18.6695537567139 18.7958354949951 18.5509777069092 18.4201221466064 18.4250926971436 18.5214195251465 18.8863830566406 18.9234294891357 19.0014743804932 18.9085140228271 18.7899951934814 18.4455852508545 18.1912212371826 18.0239658355713 17.6384449005127 17.3540916442871 17.4090614318848 17.2495040893555 17.0843811035156 16.9592514038086 17.0927200317383 17.0564441680908 16.7524013519287
-339999999999999996128486808808066248288.000000000000000 -3.4e+38 -3.4e+38 -3.4e+38 27.0265083312988 25.1252460479736 24.0474700927734 23.5711212158203 22.9770374298096 22.8506183624268 22.8362293243408 22.5905895233154 21.9907093048096 20.8858737945557 20.2128276824951 19.5940799713135 18.5886936187744 17.9952869415283 17.9124126434326 17.9632396697998 18.120433807373 18.1718654632568 18.3454627990723 18.5344161987305 18.7109298706055 18.7805461883545 18.597038269043 18.6908912658691 18.3604431152344 18.4579315185547 18.5195770263672 18.2142906188965 18.5697288513184 18.6128311157227 18.4267044067383 18.0124015808105 17.6596374511719 17.3608837127686 17.2136268615723 17.0775718688965 16.899263381958 16.8386573791504 16.6739597320557 16.6169548034668 16.4911708831787 16.4386863708496 16.4077377319336
-3.4e+38 -3.4e+38 -3.4e+38 -3.4e+38 26.6161403656006 24.7790241241455 23.9032497406006 23.4365100860596 22.9534664154053 22.8656578063965 22.7596683502197 22.3518028259277 21.3624420166016 20.1802711486816 19.4122219085693 18.8630027770996 18.5624084472656 18.0473117828369 17.8410186767578 17.9862194061279 17.8969974517822 17.8496398925781 17.9939002990723 18.1787528991699 18.3195896148682 18.5699501037598 18.4652786254883 18.4515419006348 18.2236022949219 18.5637454986572 18.4545803070068 18.2169437408447 17.9067440032959 17.950611114502 17.7288303375244 17.1552314758301 17.0938396453857 16.8928127288818 16.7334480285645 16.6649608612061 16.6451015472412 16.5572414398193 16.4082279205322 16.2067070007324 16.3103122711182 16.0906867980957 16.0327911376953
-3.4e+38 -3.4e+38 -3.4e+38 -3.4e+38 26.4035491943359 24.8101615905762 23.8342819213867 23.4194355010986 22.9993724822998 22.9212665557861 22.6761074066162 22.0100078582764 20.4972553253174 19.6928062438965 18.906135559082 18.5458660125732 17.9833889007568 17.7615203857422 17.3844184875488 17.5164794921875 17.4791431427002 17.6969451904297 17.9107646942139 18.0893516540527 18.0400009155273 18.2875137329102 18.5664310455322 18.1623268127441 18.1058788299561 18.2587852478027 18.4483852386475 18.0169925689697 17.741771697998 17.6269912719727 17.3550395965576 17.0608520507812 16.8489799499512 16.6842136383057 16.5555725097656 16.5626049041748 16.4144134521484 16.2662734985352 16.1333637237549 16.1817512512207 16.1249866485596 16.1204624176025 16.0975799560547
-3.4e+38 -3.4e+38 -3.4e+38 -3.4e+38 27.3661785125732 25.1976451873779 23.8322086334229 23.520414352417 23.1269912719727 22.9792213439941 22.6384010314941 21.8831119537354 20.2883319854736 19.4872131347656 18.5648612976074 17.6861610412598 17.4197025299072 17.3407211303711 17.2354145050049 17.1102066040039 17.2283344268799 17.3593807220459 17.7073097229004 17.9095249176025 18.026762008667 18.1982746124268 18.5781078338623 18.5628910064697 18.1908779144287 18.228364944458 17.9450874328613 17.7077083587646 17.6187782287598 17.4259929656982 17.273609161377 17.0150737762451 16.7628059387207 16.5063400268555 16.2617034912109 16.1229057312012 16.1146297454834 16.1008758544922 16.0874557495117 16.0665435791016 16.1172561645508 16.1547927856445 16.195032119751
-3.4e+38 -3.4e+38 -3.4e+38 -3.4e+38 27.2770938873291 25.5803680419922 24.046724319458 23.6226387023926 23.2772769927979 23.0329418182373 22.7622814178467 22.2396697998047 20.5760936737061 19.2806491851807 18.4135341644287 17.420503616333 17.0623741149902 17.0636882781982 17.0871334075928 16.9262027740479 17.1235179901123 17.2631397247314 17.3478565216064 17.4421100616455 17.9532642364502 18.0865821838379 18.1760215759277 18.2338390350342 18.2045650482178 18.1473789215088 17.7689018249512 17.7908515930176 17.5426940917969 17.1594314575195 16.8392333984375 16.6915760040283 16.3433647155762 16.1367683410645 16.0776901245117 16.0194644927979 16.0602493286133 16.0648651123047 15.8121471405029 16.0626888275146 16.1105899810791 16.1620712280273 16.2027130126953
-3.4e+38 -3.4e+38 -3.4e+38 -3.4e+38 27.2554740905762 26.133602142334 24.6339282989502 23.6983985900879 23.5017013549805 23.2651920318604 23.0252361297607 22.6454105377197 21.1990394592285 19.0933971405029 17.9708995819092 17.4036483764648 17.0525856018066 16.9924030303955 16.8705959320068 16.8730411529541 17.0339584350586 17.1560192108154 17.2395324707031 17.3099555969238 17.3727588653564 17.2802696228027 17.4469089508057 17.7209949493408 17.7552471160889 17.7655334472656 17.6017551422119 17.5510501861572 17.1775951385498 16.9020309448242 16.7091159820557 16.4986248016357 16.2379379272461 16.1023178100586 16.0257472991943 15.8578090667725 15.9745473861694 15.9330596923828 15.7593631744385 15.6876697540283 15.8320398330688 16.0749855041504 16.0266704559326
-3.4e+38 -3.4e+38 -3.4e+38 -3.4e+38 -3.4e+38 25.9714603424072 25.2751235961914 23.9183216094971 23.6415214538574 23.507776260376 23.2153167724609 23.0235786437988 21.8466854095459 19.2571487426758 18.0009632110596 17.3981513977051 17.119327545166 17.012939453125 16.8848991394043 16.8680801391602 17.0028820037842 17.1085948944092 17.1828937530518 17.235034942627 17.2567806243896 16.9592666625977 17.1886425018311 17.5980014801025 17.6722316741943 17.655345916748 17.5083999633789 17.2886943817139 17.053897857666 16.819730758667 16.4704475402832 16.3857707977295 16.1962509155273 16.1159420013428 15.9974098205566 15.9465284347534 15.8000078201294 15.6877737045288 15.6933879852295 15.8772897720337 15.6783580780029 15.7228517532349 15.7196083068848
-3.4e+38 -3.4e+38 -3.4e+38 -3.4e+38 -3.4e+38 27.6994876861572 25.7502460479736 24.1792163848877 23.7647552490234 23.5681648254395 23.2106380462646 23.1331329345703 21.9856204986572 19.4658546447754 18.2124290466309 17.4443225860596 17.3641300201416 17.1030788421631 16.9701499938965 16.8993034362793 16.9994945526123 17.0601139068604 16.9131946563721 17.0389766693115 16.9644088745117 16.655143737793 16.8257884979248 17.1399097442627 17.2450656890869 17.4868621826172 17.4985198974609 17.2898139953613 17.0657272338867 16.8345756530762 16.1075401306152 16.0510063171387 16.1386280059814 16.1173362731934 15.9821500778198 15.8862590789795 15.8284702301025 15.5835094451904 15.5373516082764 15.5956878662109 15.609884262085 15.582667350769 15.6827278137207
-3.4e+38 -3.4e+38 -3.4e+38 -3.4e+38 -3.4e+38 27.8055400848389 26.035177230835 24.414608001709 23.884729385376 23.6597537994385 23.2442760467529 23.0091915130615 21.6951007843018 19.2931842803955 18.0910491943359 17.5506706237793 17.5827770233154 17.5129795074463 17.0320873260498 17.0019035339355 17.0751991271973 16.9845771789551 16.8685894012451 16.7181396484375 16.6113777160645 16.682056427002 16.7651062011719 16.8658466339111 16.9448757171631 16.8718605041504 16.7994480133057 16.663948059082 16.5888442993164 16.400016784668 15.9553213119507 15.7767248153687 15.8288869857788 15.9118709564209 15.7361993789673 15.6580104827881 15.5972747802734 15.6059284210205 15.6014213562012 15.5968799591064 15.6096277236938 15.6605129241943 15.7256689071655
-3.4e+38 -3.4e+38 -3.4e+38 -3.4e+38 -3.4e+38 -3.4e+38 26.2568454742432 24.5369853973389 23.9916915893555 23.6689262390137 23.2384452819824 22.8497352600098 21.850269317627 19.6282997131348 18.3105278015137 17.8057136535645 18.1013679504395 17.7515182495117 17.1672821044922 17.1622123718262 17.2462787628174 17.1222400665283 16.9223575592041 16.7245960235596 16.5689945220947 16.646167755127 16.8202037811279 16.7176513671875 16.6509075164795 16.6382617950439 16.5857982635498 16.4701633453369 16.3016910552979 16.1040210723877 15.8816604614258 15.652702331543 15.5229120254517 15.6286993026733 15.7245864868164 15.7360916137695 15.763129234314 15.7264652252197 15.7262153625488 15.7327375411987 15.7236318588257 15.8178453445435 15.9190502166748
-3.4e+38 -3.4e+38 -3.4e+38 -3.4e+38 -3.4e+38 -3.4e+38 26.4649639129639 24.5594749450684 24.0306873321533 23.5532836914062 23.1315975189209 22.6763687133789 21.7204837799072 19.9445533752441 18.731725692749 18.2678108215332 18.54665184021 18.1980018615723 17.5692386627197 17.4882221221924 17.2403945922852 17.0930500030518 16.9101982116699 16.7727489471436 16.6532936096191 16.7551689147949 16.7772655487061 16.7940216064453 16.8237800598145 16.7898769378662 16.72487449646 16.6107025146484 16.4681873321533 16.2956695556641 16.0990123748779 15.8888492584229 15.7048721313477 15.555721282959 15.470344543457 15.5191469192505 15.6497354507446 15.7361669540405 15.7925319671631 15.7150859832764 15.7530288696289 15.8173847198486 16.0008296966553
-3.4e+38 -3.4e+38 -3.4e+38 -3.4e+38 -3.4e+38 -3.4e+38 26.5198822021484 24.4892425537109 23.9479675292969 23.4874248504639 23.077091217041 22.6507015228271 21.7750148773193 19.7468547821045 18.7877788543701 18.3878879547119 18.7325534820557 18.3544445037842 17.9680118560791 17.6073722839355 17.2660236358643 17.0228595733643 16.849308013916 16.7943267822266 16.8496131896973 16.9167823791504 16.9321365356445 16.964563369751 16.9592208862305 16.9208087921143 16.8638458251953 16.7785110473633 16.6795463562012 16.5184917449951 16.3411674499512 16.1636219024658 16.0008335113525 15.8555583953857 15.7615070343018 15.700831413269 15.660044670105 15.6999044418335 15.7886915206909 15.9601345062256 15.9621524810791 15.9024686813354 15.9329862594604
-3.4e+38 -3.4e+38 -3.4e+38 -3.4e+38 -3.4e+38 27.3238162994385 25.9511089324951 24.4158420562744 23.8802356719971 23.4854927062988 23.1060543060303 22.7538375854492 21.6939792633057 19.5123634338379 18.5731658935547 18.4887351989746 18.685920715332 18.5879554748535 18.2905368804932 17.853099822998 17.3851890563965 17.0033702850342 16.9090518951416 16.9302463531494 17.0089263916016 17.0722198486328 17.0829620361328 17.0893325805664 17.0593681335449 17.0102043151855 16.9540958404541 16.902624130249 16.8495826721191 16.7508239746094 16.6161785125732 16.4716129302979 16.3204612731934 16.2057056427002 16.1359405517578 16.0891571044922 16.0708560943604 16.0762424468994 16.1125240325928 16.1446323394775 16.1876544952393 16.2329711914062 16.2479209899902
-3.4e+38 -3.4e+38 -3.4e+38 -3.4e+38 27.2236709594727 27.052001953125 25.0160636901855 24.3352890014648 23.9011764526367 23.5336933135986 23.1075820922852 22.8907203674316 21.3873481750488 19.4153480529785 18.8321914672852 18.8453788757324 18.934061050415 18.7325000762939 18.3750858306885 18.0593338012695 17.3648662567139 17.0918102264404 17.0746116638184 17.0799713134766 17.1566848754883 17.192756652832 17.1733093261719 17.1609439849854 17.1350955963135 17.0920162200928 17.057674407959 17.0287036895752 16.9960193634033 16.939323425293 16.8545017242432 16.7687473297119 16.670051574707 16.5624027252197 16.4898529052734 16.4513702392578 16.4417972564697 16.4508190155029 16.4809665679932 16.4967403411865 16.5404987335205 16.5704174041748 16.5801010131836
