Ecospace-environmental-drivers/Outputs/ASCII-for-ecospace/Temp-avg/Temp-avg_X2020.03.asc
NCOLS 131 
NROWS 53 
XLLCORNER -98 
YLLCORNER 23.9265270233154 
CELLSIZE 0.133587792515755 
NODATA_value -3.4e+38 
[rows 21 to 41 of 53, columns 0 to 46 of 131]
-3.4e+38 -3.4e+38 -3.4e+38 -3.4e+38 -3.4e+38 -3.4e+38 20.633846282959 20.6769199371338 20.4458770751953 20.7402210235596 20.0824890136719 19.6818733215332 19.7306632995605 19.9356746673584 20.0434646606445 20.1704273223877 20.3045139312744 20.4835414886475 20.5983428955078 20.6012401580811 20.5338115692139 20.613525390625 20.7275638580322 20.7359027862549 20.7183704376221 20.7412891387939 20.7774410247803 20.8918361663818 21.0091781616211 21.0730724334717 21.1941184997559 21.396520614624 21.58713722229 21.6198997497559 21.6022434234619 21.593189239502 21.6255321502686 21.7147312164307 21.7518558502197 21.6914520263672 21.6254749298096 21.5885219573975 21.4231033325195 21.2193832397461 21.0970649719238 21.0851497650146 21.2212982177734
-3.4e+38 -3.4e+38 -3.4e+38 -3.4e+38 -3.4e+38 -3.4e+38 20.7665710449219 20.4580459594727 20.6769199371338 19.9204921722412 19.6114730834961 19.7150363922119 19.9427185058594 20.0098972320557 20.1403274536133 20.2897796630859 20.4862117767334 20.5623073577881 20.5326862335205 20.6428699493408 20.7491855621338 20.8515892028809 20.9230403900146 21.0402584075928 21.22727394104 21.2789916992188 21.3002796173096 21.3659820556641 21.5668640136719 21.6442375183105 21.6612148284912 21.7682189941406 21.843563079834 21.8636302947998 21.7808799743652 21.7531585693359 21.7377948760986 21.7274780273438 21.6902236938477 21.5772266387939 21.5860977172852 21.5732097625732 21.4332599639893 21.4425010681152 21.3883399963379 21.3742275238037 21.4054088592529
-3.4e+38 -3.4e+38 -3.4e+38 -3.4e+38 20.886137008667 20.8689155578613 20.5649280548096 20.7665710449219 19.9306468963623 19.5784950256348 19.71067237854 19.9496555328369 20.0218124389648 20.1304130554199 20.2732696533203 20.3595409393311 20.4268436431885 20.520393371582 20.6139259338379 20.7201976776123 20.7994918823242 20.8598861694336 20.8539524078369 20.8348369598389 21.0816764831543 21.124340057373 21.2620716094971 21.424711227417 21.6580696105957 21.6292915344238 21.7735271453857 21.8435573577881 21.8398361206055 21.6700954437256 21.7983283996582 21.7205047607422 21.608470916748 21.6068592071533 21.3967266082764 20.7259559631348 20.8644828796387 20.7812480926514 21.156717300415 20.88157081604 21.1032600402832 21.1828460693359 21.2801036834717
-3.4e+38 -3.4e+38 -3.4e+38 -3.4e+38 21.0101528167725 20.7793426513672 20.8689155578613 20.0592975616455 19.5694599151611 19.6427268981934 19.9189434051514 20.080738067627 20.1857948303223 20.330602645874 20.5488910675049 20.5845966339111 20.5373497009277 20.4407482147217 20.4202709197998 20.2400417327881 19.7821521759033 19.5291481018066 19.7333087921143 19.831729888916 20.025369644165 20.0723972320557 20.3223094940186 20.1691055297852 20.448055267334 20.3655967712402 20.5750865936279 21.0292701721191 21.1905097961426 21.3284282684326 21.5161457061768 21.4386119842529 21.5762996673584 21.3491134643555 20.6837310791016 19.7160511016846 19.8364162445068 19.9503955841064 20.0381832122803 19.8398723602295 19.6517562866211 19.8703575134277 19.5598220825195
-3.4e+38 -3.4e+38 -3.4e+38 -3.4e+38 -3.4e+38 21.0101528167725 20.4589595794678 19.5650005340576 19.5977973937988 19.8779010772705 20.1454620361328 20.2791080474854 20.4740943908691 20.7335929870605 20.8688545227051 20.6622619628906 20.0569972991943 19.4501438140869 19.2917804718018 18.9067001342773 18.4358692169189 18.3946666717529 18.5977821350098 18.7648811340332 19.0408020019531 18.895601272583 19.0462436676025 19.1114196777344 18.991340637207 19.0030899047852 19.1216106414795 19.5765495300293 19.8854541778564 20.5731811523438 20.5814723968506 20.7084045410156 20.5989360809326 19.9580631256104 19.0398197174072 18.8832988739014 19.2745876312256 19.064847946167 18.7617740631104 18.7285442352295 18.7389602661133 18.9297523498535 18.6368827819824
-3.4e+38 -3.4e+38 -3.4e+38 -3.4e+38 -3.4e+38 20.9853096008301 19.8011169433594 19.4599571228027 19.7883987426758 20.1245517730713 20.4281101226807 20.58913230896 20.8716888427734 21.0186195373535 20.7588272094727 20.1668186187744 19.2036666870117 18.5480804443359 18.3705577850342 17.9088935852051 17.5282039642334 17.5437793731689 17.6519412994385 17.9706974029541 17.7986278533936 17.940113067627 17.8675193786621 17.6775302886963 18.0149154663086 17.6815052032471 18.2701244354248 18.7952690124512 19.3374500274658 19.569055557251 19.3030986785889 19.4787216186523 19.2428226470947 18.5672092437744 18.3122425079346 18.0230407714844 18.3436641693115 17.8903865814209 18.1780605316162 18.2506713867188 18.2690391540527 18.3004493713379 17.7694816589355
-3.4e+38 -3.4e+38 22.5100765228271 22.4855346679688 21.3558521270752 20.5925254821777 19.4268283843994 19.4473152160645 19.894983291626 20.2935886383057 20.5832424163818 20.8714656829834 21.041820526123 20.792272567749 20.0627136230469 19.5559539794922 18.7168312072754 17.8114566802979 17.4262351989746 17.327751159668 17.3028659820557 17.2983531951904 17.298152923584 17.2788200378418 17.2720241546631 17.3320960998535 17.1217098236084 17.0976104736328 17.2219219207764 17.4796600341797 18.0228900909424 18.2609062194824 18.5053691864014 18.5777683258057 18.6227340698242 18.4763584136963 18.381950378418 18.3182678222656 18.0103549957275 17.7269821166992 17.7465953826904 17.560474395752 17.4281387329102 17.3688869476318 17.5566577911377 17.5831298828125 17.3703575134277
-339999999999999996128486808808066248288.000000000000000 -3.4e+38 -3.4e+38 -3.4e+38 22.460994720459 20.2303504943848 19.3183326721191 19.4494113922119 19.9577178955078 20.385290145874 20.7062644958496 21.0339603424072 20.8552150726318 20.0761337280273 19.5581912994385 19.0518093109131 18.103687286377 17.5082836151123 17.3440475463867 17.27659034729 17.2942428588867 17.1976528167725 17.1691646575928 17.1555767059326 17.1908283233643 17.1622791290283 17.0062732696533 17.1705188751221 16.9828128814697 17.2537174224854 17.5489120483398 17.5362548828125 18.1017589569092 18.3461284637451 18.3570804595947 18.1825218200684 18.0109062194824 17.8359088897705 17.7613677978516 17.5794124603271 17.3347949981689 17.2630004882812 17.1377449035645 17.1532821655273 17.1316375732422 17.1719074249268 17.2599544525146
-3.4e+38 -3.4e+38 -3.4e+38 -3.4e+38 21.7993068695068 19.8083934783936 19.3845024108887 19.5467090606689 20.0782489776611 20.5289840698242 20.8240985870361 21.0629405975342 20.5494232177734 19.5440769195557 18.8387508392334 18.3568477630615 18.1126174926758 17.6682472229004 17.3834247589111 17.3500480651855 17.1216716766357 16.9219837188721 16.8820362091064 16.8556537628174 16.8441314697266 16.9468784332275 16.8200263977051 16.8981170654297 16.8086414337158 17.2943134307861 17.4626846313477 17.5661067962646 17.5384254455566 17.7992248535156 17.7990741729736 17.5354480743408 17.6727275848389 17.6356601715088 17.5158958435059 17.3870239257812 17.2991008758545 17.2019596099854 17.075590133667 16.9271373748779 17.1185092926025 16.9714813232422 17.0668468475342
-3.4e+38 -3.4e+38 -3.4e+38 -3.4e+38 21.3519515991211 19.880786895752 19.4952487945557 19.6908874511719 20.192403793335 20.6871967315674 20.851245880127 20.8654403686523 19.8157119750977 19.06809425354 18.3391189575195 18.0875835418701 17.6745624542236 17.5012187957764 17.0857391357422 17.037202835083 16.8301372528076 16.8682155609131 16.91282081604 16.874174118042 16.6992130279541 16.8277950286865 17.0260944366455 16.722318649292 16.785701751709 17.1233501434326 17.5699920654297 17.5183620452881 17.5486030578613 17.6719303131104 17.637451171875 17.6836891174316 17.703275680542 17.7018451690674 17.5862808227539 17.5370559692383 17.3208599090576 17.1460838317871 17.0066375732422 17.0702934265137 17.0054416656494 17.0711269378662 17.1649589538574
-3.4e+38 -3.4e+38 -3.4e+38 -3.4e+38 22.8711071014404 20.2762813568115 19.5586891174316 19.7812232971191 20.2250938415527 20.6977996826172 20.782112121582 20.6447868347168 19.5881614685059 18.9893379211426 18.1791172027588 17.4215183258057 17.277961730957 17.2393360137939 17.1078071594238 16.812671661377 16.7051753997803 16.67751121521 16.8590297698975 16.8747882843018 16.8288307189941 16.9358730316162 17.2694759368896 17.2381954193115 17.0171642303467 17.2791366577148 17.3083038330078 17.4287452697754 17.6687297821045 17.720817565918 17.8070888519287 17.8677024841309 17.8874626159668 17.8272247314453 17.5630989074707 17.3436584472656 17.2730369567871 17.204927444458 17.1478633880615 17.1152763366699 17.1169567108154 17.1804904937744 17.2643203735352
-3.4e+38 -3.4e+38 -3.4e+38 -3.4e+38 22.3067588806152 20.4362392425537 19.7058296203613 19.7904300689697 20.1649646759033 20.5349426269531 20.69460105896 20.7265090942383 19.8434772491455 18.9359378814697 18.2563037872314 17.3961715698242 17.1418075561523 17.2045059204102 17.160587310791 16.8392963409424 16.7856216430664 16.7293186187744 16.7107219696045 16.6715335845947 17.0018730163574 17.0357494354248 17.0906581878662 17.1540393829346 17.267276763916 17.4487934112549 17.4008960723877 17.7531108856201 17.846736907959 17.7027244567871 17.609504699707 17.7368927001953 17.6617965698242 17.6602191925049 17.6126766204834 17.5448150634766 17.4405345916748 17.359395980835 17.034065246582 17.2533092498779 17.2408790588379 17.3047180175781 17.3583908081055
-3.4e+38 -3.4e+38 -3.4e+38 -3.4e+38 22.4251575469971 20.8147106170654 19.8908290863037 19.6673717498779 20.0934810638428 20.4245758056641 20.5679836273193 20.610279083252 20.2848377227783 18.8855724334717 17.9888896942139 17.5954761505127 17.3628635406494 17.366325378418 17.1701946258545 16.9740905761719 16.9210510253906 16.8248805999756 16.7668724060059 16.7333717346191 16.701831817627 16.5194339752197 16.5933971405029 16.884485244751 17.0579872131348 17.3132591247559 17.4530391693115 17.7175235748291 17.6857051849365 17.654655456543 17.6781196594238 17.7025775909424 17.7283325195312 17.7432765960693 17.723461151123 17.5260887145996 17.5754661560059 17.4116954803467 17.1520500183105 17.0007152557373 17.1325569152832 17.399227142334 17.331693649292
-3.4e+38 -3.4e+38 -3.4e+38 -3.4e+38 -3.4e+38 20.7633457183838 20.2506504058838 19.5864391326904 19.8833618164062 20.2139701843262 20.3562164306641 20.5580673217773 20.7308044433594 19.103946685791 18.1391086578369 17.7546119689941 17.5340385437012 17.4316883087158 17.2430458068848 17.0789222717285 17.0444927215576 16.9660053253174 16.8585834503174 16.7986621856689 16.7540378570557 16.4259872436523 16.5863132476807 17.0224018096924 17.2265434265137 17.4095325469971 17.5200138092041 17.608699798584 17.6931076049805 17.7089099884033 17.5868358612061 17.7496948242188 17.7942199707031 17.8012580871582 17.7903861999512 17.7551536560059 17.5709323883057 17.3327484130859 17.2606372833252 17.4268493652344 17.1575584411621 17.1989898681641 17.1438961029053
-3.4e+38 -3.4e+38 -3.4e+38 -3.4e+38 -3.4e+38 23.0891723632812 20.7554817199707 19.6854400634766 19.7472076416016 20.0361442565918 20.3021869659424 20.6888370513916 20.8537559509277 19.3441390991211 18.4216079711914 17.7853012084961 17.7714557647705 17.5020027160645 17.3179092407227 17.1520538330078 17.1199264526367 17.0342845916748 16.7378463745117 16.7429828643799 16.6017436981201 16.2707138061523 16.4623584747314 16.8511142730713 17.0460147857666 17.4110507965088 17.6201953887939 17.7131767272949 17.7776393890381 17.7845840454102 17.2918949127197 17.4660053253174 17.7733135223389 17.8412952423096 17.8243656158447 17.800760269165 17.7475681304932 17.3435363769531 17.2155475616455 17.2563552856445 17.2594394683838 17.2263774871826 17.2065334320068
-3.4e+38 -3.4e+38 -3.4e+38 -3.4e+38 -3.4e+38 22.8662929534912 20.9599227905273 19.8616676330566 19.7673473358154 20.0400695800781 20.305046081543 20.8123989105225 20.8738670349121 19.278787612915 18.2907657623291 17.8075923919678 17.8778686523438 17.8103713989258 17.293571472168 17.2408103942871 17.2023525238037 16.9784374237061 16.7423286437988 16.5155334472656 16.3516635894775 16.3800449371338 16.4834594726562 16.6735286712646 16.8650493621826 16.8870067596436 16.9603023529053 17.0610008239746 17.2486915588379 17.2949199676514 17.0857620239258 17.1340847015381 17.365047454834 17.582275390625 17.5155620574951 17.5131683349609 17.3904514312744 17.319766998291 17.2539863586426 17.2122898101807 17.2347679138184 17.2701396942139 17.2243347167969
-3.4e+38 -3.4e+38 -3.4e+38 -3.4e+38 -3.4e+38 -3.4e+38 21.2505664825439 20.0929679870605 19.995548248291 20.1841430664062 20.4881629943848 20.986988067627 21.0787372589111 19.592248916626 18.4182319641113 17.9481182098389 18.2774543762207 17.9289989471436 17.3477725982666 17.3400325775146 17.3207111358643 17.0707416534424 16.7664413452148 16.507511138916 16.3175106048584 16.3507061004639 16.5464649200439 16.5294303894043 16.5856781005859 16.6855506896973 16.7416000366211 16.7996006011963 16.8283977508545 16.8435611724854 16.8597583770752 16.8471508026123 16.8519420623779 17.1094379425049 17.3345241546631 17.4062442779541 17.4137306213379 17.3675556182861 17.3284568786621 17.2846584320068 17.211597442627 17.2740383148193 17.2779350280762
-3.4e+38 -3.4e+38 -3.4e+38 -3.4e+38 -3.4e+38 -3.4e+38 21.3950710296631 20.2446708679199 20.2731266021729 20.3961048126221 20.7664241790771 21.1988410949707 21.0878868103027 19.7961597442627 18.7450733184814 18.3026962280273 18.5309524536133 18.1414375305176 17.5090179443359 17.4137134552002 17.1457290649414 16.9840698242188 16.7582130432129 16.5898704528809 16.4141387939453 16.4291210174561 16.469331741333 16.5595626831055 16.6932983398438 16.76686668396 16.7967586517334 16.8326072692871 16.8414268493652 16.8440322875977 16.8515911102295 16.8358211517334 16.8201179504395 16.8304119110107 16.8436183929443 16.9655818939209 17.1317882537842 17.1750354766846 17.1661567687988 17.0074729919434 17.0067138671875 17.0278491973877 17.1371917724609
-3.4e+38 -3.4e+38 -3.4e+38 -3.4e+38 -3.4e+38 -3.4e+38 21.3825912475586 20.2603054046631 20.4806747436523 20.6981182098389 21.0501976013184 21.4616928100586 21.146671295166 19.5534362792969 18.5650291442871 18.0480861663818 18.2654705047607 17.8610649108887 17.5210189819336 17.22971534729 16.9444618225098 16.7449016571045 16.5976524353027 16.5493488311768 16.5451030731201 16.5563430786133 16.586238861084 16.6569194793701 16.753438949585 16.7981719970703 16.7987480163574 16.828914642334 16.8444404602051 16.8443241119385 16.8319873809814 16.8130416870117 16.8100891113281 16.8184299468994 16.8203773498535 16.8168506622314 16.8041343688965 16.8118305206299 16.8238945007324 16.9441986083984 16.8983612060547 16.7615833282471 16.7325286865234
-3.4e+38 -3.4e+38 -3.4e+38 -3.4e+38 -3.4e+38 22.296257019043 20.7223625183105 20.2957534790039 20.5755157470703 20.8187770843506 21.2459201812744 21.6678600311279 21.1276264190674 19.1858310699463 18.1317119598389 17.8540229797363 17.8897323608398 17.7757148742676 17.5528430938721 17.2273654937744 16.8846035003662 16.6014137268066 16.5674228668213 16.6044502258301 16.6272888183594 16.6467761993408 16.6720867156982 16.7170963287354 16.7846546173096 16.8058643341064 16.7833271026611 16.8198928833008 16.8274173736572 16.821798324585 16.7980842590332 16.7879047393799 16.8004493713379 16.8119163513184 16.8245468139648 16.8262596130371 16.8175487518311 16.8085536956787 16.8073577880859 16.7954864501953 16.7706089019775 16.7420520782471 16.7095890045166
-3.4e+38 -3.4e+38 -3.4e+38 -3.4e+38 22.4075164794922 21.9548072814941 20.1443004608154 20.36376953125 20.6562347412109 20.9669036865234 21.3779220581055 21.7042388916016 20.7441711425781 18.8788471221924 18.1074771881104 17.917272567749 17.9141654968262 17.7424716949463 17.4680023193359 17.2944660186768 16.7786312103271 16.6148376464844 16.6528396606445 16.6619186401367 16.6819686889648 16.7137451171875 16.7388210296631 16.7605857849121 16.7984447479248 16.8019199371338 16.759126663208 16.7812309265137 16.7781829833984 16.7590923309326 16.7565441131592 16.7683162689209 16.7710361480713 16.7718944549561 16.790470123291 16.7983875274658 16.7911853790283 16.7841415405273 16.8032569885254 16.8321971893311 16.8138389587402 16.7805252075195 16.7549324035645
