Ecospace-environmental-drivers/Outputs/ASCII-for-ecospace/Temp-avg/Temp-avg_X2001.03.asc
NCOLS 131 
NROWS 53 
XLLCORNER -98 
YLLCORNER 23.9265270233154 
CELLSIZE 0.133587792515755 
NODATA_value -3.4e+38 
[rows 0 to 20 of 53, columns 47 to 93 of 131]
-3.4e+38 -3.4e+38 -3.4e+38 -3.4e+38 -3.4e+38 -3.4e+38 -3.4e+38 -3.4e+38 -3.4e+38 -3.4e+38 -3.4e+38 -3.4e+38 -3.4e+38 -3.4e+38 -3.4e+38 -3.4e+38 -3.4e+38 -3.4e+38 -3.4e+38 -3.4e+38 -3.4e+38 -3.4e+38 -3.4e+38 -3.4e+38 -3.4e+38 -3.4e+38 -3.4e+38 -3.4e+38 -3.4e+38 -3.4e+38 -3.4e+38 -3.4e+38 -3.4e+38 -3.4e+38 -3.4e+38 -3.4e+38 -3.4e+38 -3.4e+38 -3.4e+38 -3.4e+38 -3.4e+38 -3.4e+38 -3.4e+38 -3.4e+38 -3.4e+38 -3.4e+38 -3.4e+38
-3.4e+38 -3.4e+38 -3.4e+38 -3.4e+38 -3.4e+38 -3.4e+38 -3.4e+38 -3.4e+38 -3.4e+38 -3.4e+38 -3.4e+38 -3.4e+38 -3.4e+38 -3.4e+38 -3.4e+38 -3.4e+38 -3.4e+38 -3.4e+38 -3.4e+38 -3.4e+38 -3.4e+38 -3.4e+38 -3.4e+38 -3.4e+38 -3.4e+38 -3.4e+38 -3.4e+38 -3.4e+38 -3.4e+38 -3.4e+38 -3.4e+38 -3.4e+38 -3.4e+38 -3.4e+38 -3.4e+38 -3.4e+38 -3.4e+38 -3.4e+38 -3.4e+38 -3.4e+38 -3.4e+38 -3.4e+38 -3.4e+38 -3.4e+38 -3.4e+38 -3.4e+38 -3.4e+38
-3.4e+38 -3.4e+38 -3.4e+38 -3.4e+38 -3.4e+38 -3.4e+38 -3.4e+38 -3.4e+38 -3.4e+38 -3.4e+38 -3.4e+38 -3.4e+38 -3.4e+38 -3.4e+38 -3.4e+38 -3.4e+38 -3.4e+38 -3.4e+38 -3.4e+38 -3.4e+38 -3.4e+38 -3.4e+38 -3.4e+38 -3.4e+38 -3.4e+38 -3.4e+38 -3.4e+38 18.841817855835 18.8840713500977 -3.4e+38 -3.4e+38 -3.4e+38 -3.4e+38 -3.4e+38 -3.4e+38 -3.4e+38 -3.4e+38 -3.4e+38 -3.4e+38 -3.4e+38 -3.4e+38 -3.4e+38 -3.4e+38 -3.4e+38 -3.4e+38 -3.4e+38 -3.4e+38
-3.4e+38 -3.4e+38 -3.4e+38 -3.4e+38 -3.4e+38 -3.4e+38 -3.4e+38 -3.4e+38 -3.4e+38 -3.4e+38 -3.4e+38 -3.4e+38 -3.4e+38 -3.4e+38 -3.4e+38 -3.4e+38 -3.4e+38 -3.4e+38 -3.4e+38 -3.4e+38 -3.4e+38 -3.4e+38 -3.4e+38 -3.4e+38 -3.4e+38 -3.4e+38 -3.4e+38 18.818452835083 18.8237075805664 -3.4e+38 -3.4e+38 -3.4e+38 -3.4e+38 -3.4e+38 -3.4e+38 -3.4e+38 -3.4e+38 -3.4e+38 -3.4e+38 -3.4e+38 -3.4e+38 -3.4e+38 -3.4e+38 -3.4e+38 -3.4e+38 -3.4e+38 -3.4e+38
-3.4e+38 -3.4e+38 -3.4e+38 -3.4e+38 -3.4e+38 -3.4e+38 -3.4e+38 -3.4e+38 -3.4e+38 19.3285789489746 19.3285789489746 19.3299674987793 19.31374168396 -3.4e+38 -3.4e+38 -3.4e+38 -3.4e+38 -3.4e+38 18.9680004119873 18.9186363220215 18.8495235443115 18.8566513061523 18.8087787628174 19.006160736084 19.0134429931641 19.0294246673584 18.9835643768311 18.7694702148438 18.9665832519531 19.3062572479248 -3.4e+38 -3.4e+38 18.6224536895752 18.6260528564453 18.6870098114014 18.6451873779297 18.7347412109375 18.799243927002 18.889009475708 18.8512172698975 18.9701900482178 18.9764156341553 -3.4e+38 -3.4e+38 -3.4e+38 -3.4e+38 -3.4e+38
-3.4e+38 -3.4e+38 -3.4e+38 -3.4e+38 -3.4e+38 -3.4e+38 -3.4e+38 -3.4e+38 19.3285789489746 19.3285789489746 19.3285789489746 19.3285789489746 19.331356048584 19.314962387085 19.2800693511963 -3.4e+38 19.1771183013916 19.115047454834 18.9580535888672 18.8802661895752 18.650260925293 18.555736541748 18.6094017028809 18.6937427520752 18.6480312347412 18.6332263946533 18.6910591125488 18.8386859893799 19.0578899383545 19.3056831359863 18.7464065551758 18.6625633239746 18.6196804046631 18.5851154327393 18.6124076843262 18.7088012695312 18.813871383667 18.8479766845703 18.8588218688965 18.8717975616455 18.9262886047363 18.9744873046875 19.0346965789795 19.0905303955078 -3.4e+38 -3.4e+38 -3.4e+38
-3.4e+38 -3.4e+38 -3.4e+38 -3.4e+38 -3.4e+38 -3.4e+38 -3.4e+38 -3.4e+38 19.3436603546143 19.3285789489746 19.3285789489746 19.3285789489746 19.3285789489746 19.3341331481934 19.3170700073242 19.2800693511963 19.2093296051025 19.104024887085 19.0331974029541 18.8139114379883 18.3369045257568 18.1159019470215 17.9024963378906 17.9981899261475 18.1133136749268 18.1333637237549 18.0995674133301 18.1924724578857 18.2933673858643 18.409460067749 18.4525279998779 18.4767379760742 18.535587310791 18.6070423126221 18.7593154907227 18.7662029266357 18.7227153778076 18.7955150604248 18.7887992858887 18.797794342041 18.8887042999268 18.9827976226807 19.030611038208 19.0379619598389 19.0357799530029 19.0455379486084 -3.4e+38
-3.4e+38 -3.4e+38 -3.4e+38 -3.4e+38 -3.4e+38 -3.4e+38 -3.4e+38 -3.4e+38 -3.4e+38 -3.4e+38 19.3285789489746 19.3285789489746 19.3285789489746 -3.4e+38 19.3396873474121 19.3199424743652 19.3493423461914 19.3260192871094 19.2103500366211 19.0634269714355 18.7953453063965 18.6444511413574 18.0068664550781 18.130033493042 18.4648056030273 18.6400928497314 18.6439762115479 18.5364208221436 18.4318943023682 18.4447326660156 18.5978107452393 18.7494354248047 18.8184909820557 18.8260917663574 18.8498439788818 18.5998058319092 18.8277454376221 19.0592594146729 19.1146507263184 19.0161991119385 18.9463558197021 18.9920082092285 19.0651226043701 19.1284732818604 19.090705871582 19.0291004180908 19.0265636444092
-3.4e+38 -3.4e+38 -3.4e+38 -3.4e+38 -3.4e+38 -3.4e+38 -3.4e+38 -3.4e+38 -3.4e+38 -3.4e+38 -3.4e+38 -3.4e+38 -3.4e+38 -3.4e+38 19.3473510742188 19.3753643035889 19.4176387786865 19.3894100189209 19.3234767913818 19.2506313323975 19.0558471679688 18.9015369415283 18.2676315307617 18.2793769836426 18.6046657562256 18.8320426940918 19.0488338470459 19.1400966644287 19.0045375823975 18.7898750305176 18.8072967529297 18.9234886169434 19.0453548431396 18.921817779541 18.8497180938721 18.9054775238037 19.0632934570312 19.2403430938721 19.3039512634277 19.433895111084 19.4084396362305 19.2555770874023 19.1635074615479 19.1776027679443 19.1996440887451 19.147310256958 19.0387706756592
19.7966537475586 -3.4e+38 -3.4e+38 -3.4e+38 -3.4e+38 -3.4e+38 -3.4e+38 -3.4e+38 -3.4e+38 -3.4e+38 19.8826446533203 19.7357864379883 -3.4e+38 -3.4e+38 -3.4e+38 19.5509700775146 19.5921840667725 19.5712070465088 19.4262237548828 19.3180541992188 19.1713542938232 18.8314228057861 18.4481201171875 18.422758102417 18.7049655914307 18.9657745361328 19.2195568084717 19.3752193450928 19.3945407867432 19.1992835998535 19.0318031311035 19.0737724304199 19.1596202850342 18.6894302368164 18.7382907867432 18.9164447784424 19.0472812652588 19.0625820159912 19.1780548095703 19.3843517303467 19.4882946014404 19.4810066223145 19.3255405426025 19.3016166687012 19.2865600585938 19.2353820800781 19.1502151489258
19.6986083984375 19.718921661377 -3.4e+38 -3.4e+38 -3.4e+38 -3.4e+38 -3.4e+38 -3.4e+38 -3.4e+38 -3.4e+38 20.1018772125244 20.1444206237793 20.142993927002 -3.4e+38 -3.4e+38 19.7119846343994 19.7279644012451 19.7445087432861 19.5860633850098 19.3833999633789 19.1160526275635 18.821325302124 18.7215957641602 18.8003597259521 19.0542068481445 19.3355922698975 19.48464012146 19.5380020141602 19.6275386810303 19.5781993865967 19.2922954559326 19.2164459228516 19.2133483886719 18.3259391784668 18.196569442749 18.4241943359375 18.7748680114746 18.925464630127 19.118709564209 19.286979675293 19.4278812408447 19.5202331542969 19.5256633758545 19.4959163665771 19.458288192749 19.3078632354736 19.2521705627441
19.7262630462646 19.7510166168213 19.8774261474609 19.9553070068359 -3.4e+38 -3.4e+38 -3.4e+38 -3.4e+38 -3.4e+38 -3.4e+38 -3.4e+38 20.1177368164062 20.2234706878662 20.142993927002 20.0922374725342 19.8884429931641 19.9354820251465 19.7762088775635 19.5697803497314 19.1409893035889 18.9588737487793 19.0053367614746 19.0925197601318 19.1664085388184 19.3906955718994 19.6806545257568 19.8281135559082 19.8660659790039 19.8664779663086 19.8324089050293 19.7180309295654 19.4172115325928 18.4661674499512 17.7399501800537 17.3577690124512 17.3104572296143 17.7206745147705 18.3077545166016 18.7689399719238 19.065258026123 19.279369354248 19.5312767028809 19.737943649292 19.6993656158447 19.5793781280518 19.3744792938232 19.2939128875732
19.6697978973389 19.8325843811035 19.9325618743896 20.0559329986572 -3.4e+38 -3.4e+38 -3.4e+38 -3.4e+38 20.096284866333 20.1432723999023 20.0436878204346 20.0741863250732 20.1917877197266 20.3356304168701 20.1783390045166 20.1595897674561 20.0850009918213 19.6698474884033 19.6063060760498 19.1575603485107 18.8590259552002 19.0189228057861 19.2902736663818 19.6644229888916 19.9921417236328 20.1800861358643 20.2368450164795 20.0726280212402 20.0229530334473 19.8456840515137 19.0851497650146 18.1289348602295 17.4834098815918 17.325553894043 17.0764236450195 16.8821773529053 17.5838851928711 17.8149757385254 18.2323436737061 18.7200736999512 19.0526580810547 19.3585414886475 19.6059989929199 19.676139831543 19.5739269256592 19.4815311431885 19.3780345916748
19.6107025146484 19.6853466033936 19.7337951660156 19.8810043334961 20.0338954925537 19.9032020568848 19.9101219177246 19.9543609619141 19.9901657104492 20.0167617797852 20.1085891723633 20.0404968261719 19.9863700866699 20.0700130462646 20.0673828125 20.1798458099365 20.4369010925293 20.5117225646973 20.1457138061523 19.5140819549561 18.9988174438477 19.1021404266357 19.8103046417236 20.0531787872314 19.8649482727051 19.7986297607422 19.4457302093506 18.9067497253418 18.3920078277588 17.6979904174805 16.9335861206055 16.536678314209 16.5425357818604 17.050365447998 17.1732597351074 17.4633636474609 17.9004592895508 18.0454292297363 18.1729412078857 18.4989681243896 18.8666687011719 19.1262607574463 19.3559513092041 19.4786796569824 19.6422500610352 19.772970199585 19.7916526794434
19.6460113525391 19.620698928833 19.7173404693604 19.9022083282471 20.0003852844238 19.9454097747803 20.0485935211182 20.0872287750244 20.1501731872559 20.2383365631104 20.1959133148193 20.0100936889648 20.0892601013184 20.1928958892822 20.1933689117432 20.1829490661621 20.2619571685791 21.0323219299316 20.9337539672852 20.1084823608398 18.9346313476562 19.2228717803955 19.6429214477539 19.0674514770508 18.5560913085938 18.1864223480225 17.2773361206055 16.8872356414795 16.7107887268066 16.5192432403564 16.4919204711914 16.5468120574951 16.7149410247803 17.1407985687256 17.6094837188721 18.2089443206787 18.4303569793701 18.5627918243408 18.3483180999756 18.4774894714355 18.7447910308838 19.0625801086426 19.225061416626 19.4575176239014 19.6598491668701 19.8618793487549 20.156551361084
19.5892639160156 19.61061668396 19.6810989379883 19.7722454071045 19.7273654937744 19.7133865356445 19.8134136199951 19.9221477508545 20.0770835876465 20.1364574432373 20.1837253570557 20.207239151001 20.277229309082 20.3030242919922 20.1868286132812 20.0533218383789 19.9760208129883 20.149715423584 19.5897159576416 19.3740482330322 19.150089263916 18.8082370758057 18.530647277832 18.0745525360107 17.362211227417 16.8408660888672 16.6934509277344 16.4950275421143 16.5124244689941 16.5306015014648 16.5904769897461 16.6656055450439 17.0020942687988 17.5762062072754 18.2565689086914 18.8135280609131 19.003776550293 18.9827556610107 18.7890529632568 18.7081260681152 18.8302822113037 18.9230823516846 19.1262073516846 19.3894920349121 19.6929779052734 19.8392181396484 20.1488456726074
19.8719120025635 19.8481864929199 19.7556686401367 19.7542705535889 19.8100452423096 19.8355388641357 19.9851341247559 20.0830707550049 20.1712417602539 20.2984848022461 20.4359474182129 20.4182739257812 20.3552532196045 20.2580032348633 20.1088352203369 19.9896106719971 19.8462257385254 19.6474723815918 19.3838024139404 18.9201946258545 18.1648826599121 17.3824729919434 16.9896907806396 16.7596244812012 16.5291538238525 16.5402278900146 16.6281833648682 16.5848541259766 16.6315135955811 16.5476493835449 16.4655952453613 16.7480697631836 17.2237224578857 17.7447891235352 18.411714553833 18.9695701599121 19.3166255950928 19.3533515930176 19.3277072906494 19.1110000610352 19.0045337677002 19.0484886169434 19.153226852417 19.3086338043213 19.5598106384277 19.8915100097656 20.069429397583
20.1200942993164 20.0892124176025 20.0879573822021 19.9801177978516 19.8889904022217 19.8865184783936 20.0268592834473 20.1956081390381 20.3711071014404 20.4681396484375 20.486780166626 20.2260074615479 19.696756362915 19.3414993286133 19.6470985412598 19.9930782318115 19.9524822235107 19.8419952392578 19.6052169799805 18.4241695404053 17.1278228759766 16.4223518371582 16.3799629211426 16.1676273345947 16.1650066375732 16.2701034545898 16.5205516815186 16.6124973297119 16.5568199157715 16.5497283935547 16.5211925506592 16.8095512390137 17.2298831939697 17.723539352417 18.3448638916016 18.9507160186768 19.2954139709473 19.5355625152588 19.6208763122559 19.4809856414795 19.358757019043 19.2700824737549 19.179479598999 19.3091163635254 19.4954280853271 19.6796684265137 19.9047813415527
20.2703819274902 20.2657108306885 20.227518081665 20.2050762176514 20.1653232574463 20.1332054138184 20.1678810119629 20.2621402740479 20.3945026397705 20.4508743286133 20.4622097015381 20.2892227172852 19.8340702056885 18.6074333190918 18.0746822357178 18.4771194458008 18.7919025421143 19.1867332458496 18.9342937469482 18.1128540039062 17.2581062316895 16.5592079162598 16.2218399047852 16.1314353942871 16.1227779388428 16.2674407958984 16.2833347320557 16.5632076263428 16.6967182159424 16.6640625 16.510763168335 16.6652812957764 17.144193649292 17.6446437835693 18.0529441833496 18.6724033355713 19.0379199981689 19.3546257019043 19.5597229003906 19.7042655944824 19.632152557373 19.4158515930176 19.3109016418457 19.2653636932373 19.38010597229 19.4975090026855 19.683219909668
20.3967418670654 20.4247131347656 20.4261608123779 20.3896732330322 20.3647727966309 20.3238906860352 20.3169784545898 20.3457088470459 20.4416255950928 20.5057907104492 20.5076293945312 20.4449367523193 20.3041725158691 19.4385166168213 18.3666744232178 17.4171123504639 17.5359172821045 18.0168418884277 18.1591968536377 17.6700134277344 16.804536819458 16.5960121154785 16.3732471466064 16.2203769683838 16.2381420135498 16.3894119262695 16.4307327270508 16.6930046081543 16.7826671600342 16.7263298034668 16.4193897247314 16.4006767272949 16.8661823272705 17.359712600708 17.7398109436035 18.2090339660645 18.600133895874 18.9929809570312 19.3388576507568 19.5171451568604 19.6208457946777 19.6822338104248 19.4495029449463 19.266077041626 19.2819671630859 19.3235397338867 19.4911479949951
20.562084197998 20.5938453674316 20.5701236724854 20.5790061950684 20.6075820922852 20.6187210083008 20.64626121521 20.692964553833 20.7902412414551 20.9383106231689 20.9531421661377 21.0364055633545 20.8428401947021 20.1562786102295 18.9078674316406 17.6768569946289 17.3319396972656 17.5844440460205 17.8653926849365 17.3212623596191 17.1830387115479 16.8676013946533 16.5755386352539 16.5803451538086 16.6464576721191 16.670166015625 16.6112365722656 16.7901153564453 16.8396511077881 16.8020820617676 16.5411491394043 16.4574966430664 16.4411735534668 16.5925025939941 17.0230903625488 17.3593940734863 17.6312313079834 18.1912784576416 18.7775421142578 19.0799465179443 19.237907409668 19.4317398071289 19.4293842315674 19.2868824005127 19.0129318237305 19.1140613555908 19.1514492034912
