Ecospace-environmental-drivers/Outputs/ASCII-for-ecospace/Temp-avg/Temp-avg_X2012.03.asc
NCOLS 131 
NROWS 53 
XLLCORNER -98 
YLLCORNER 23.9265270233154 
CELLSIZE 0.133587792515755 
NODATA_value -3.4e+38 
[rows 21 to 41 of 53, columns 0 to 46 of 131]
-3.4e+38 -3.4e+38 -3.4e+38 -3.4e+38 -3.4e+38 -3.4e+38 20.5876884460449 20.6456184387207 20.5239715576172 20.7988548278809 20.235969543457 19.9974040985107 19.9982643127441 20.0954856872559 20.2380104064941 20.3480644226074 20.4627838134766 20.5841884613037 20.7542533874512 20.8927440643311 20.9952297210693 21.0690231323242 21.1172847747803 21.1342868804932 21.1583576202393 21.2020130157471 21.2318153381348 21.2530632019043 21.2791442871094 21.3032855987549 21.3463230133057 21.368200302124 21.4232063293457 21.4228420257568 21.4003677368164 21.3586940765381 21.3249988555908 21.3639087677002 21.3916931152344 21.3830718994141 21.4082145690918 21.4801731109619 21.496431350708 21.4964275360107 21.5078506469727 21.5630283355713 21.5305519104004
-3.4e+38 -3.4e+38 -3.4e+38 -3.4e+38 -3.4e+38 -3.4e+38 20.657299041748 20.460147857666 20.6456184387207 20.1274433135986 19.9635791778564 20.0043830871582 20.1465911865234 20.3317012786865 20.5416622161865 20.6184844970703 20.7397003173828 20.8336925506592 20.9433422088623 21.0662364959717 21.095760345459 21.0960121154785 21.0788764953613 21.0835609436035 21.1327972412109 21.1666851043701 21.1653995513916 21.1402359008789 21.1903114318848 21.219539642334 21.2170085906982 21.1846866607666 21.1203746795654 21.0944709777832 21.0033874511719 20.9783687591553 20.9551753997803 20.926477432251 20.9085178375244 20.8261451721191 20.9022426605225 21.0116786956787 20.9583587646484 21.1009101867676 21.1783504486084 21.2187442779541 21.2068157196045
-3.4e+38 -3.4e+38 -3.4e+38 -3.4e+38 20.7582969665527 20.7314472198486 20.5288028717041 20.657299041748 20.0775260925293 19.9167633056641 19.9993095397949 20.1911220550537 20.4475612640381 20.671049118042 20.8274784088135 20.9224910736084 20.9515895843506 20.9812717437744 21.0096607208252 20.947395324707 20.8033905029297 20.5978603363037 20.4080009460449 20.2362461090088 20.377368927002 20.2749557495117 20.32790184021 20.4690990447998 20.6961784362793 20.6081485748291 20.7847213745117 20.8138866424561 20.8013763427734 20.5779075622559 20.7696475982666 20.6683692932129 20.4724712371826 20.4062118530273 20.1578674316406 19.4533500671387 19.7309608459473 19.8262481689453 20.3980102539062 20.1315975189209 20.4609184265137 20.6287708282471 20.7820472717285
-3.4e+38 -3.4e+38 -3.4e+38 -3.4e+38 20.8570671081543 20.6863746643066 20.7314472198486 20.1976642608643 19.9083061218262 19.9521560668945 20.1526737213135 20.478536605835 20.694450378418 20.7982997894287 20.8291301727295 20.8595027923584 20.8340072631836 20.4801540374756 20.2508563995361 19.8181610107422 19.2028656005859 18.7968158721924 18.9038963317871 18.9419002532959 19.0730247497559 19.0918521881104 19.3264694213867 19.1120452880859 19.3620281219482 19.2536029815674 19.4799041748047 19.9533939361572 20.1031856536865 20.2221755981445 20.3918380737305 20.1942615509033 20.2243194580078 19.8947143554688 19.2054290771484 18.2933673858643 18.5567207336426 18.8322410583496 19.0725345611572 18.9588584899902 18.8040943145752 19.0692005157471 18.7930107116699
-3.4e+38 -3.4e+38 -3.4e+38 -3.4e+38 -3.4e+38 20.8570671081543 20.4706077575684 20.0009899139404 19.8872451782227 20.0953102111816 20.3562526702881 20.6216735839844 20.7275447845459 20.7344131469727 20.7061290740967 20.5177841186523 19.848913192749 19.0366954803467 18.8777484893799 18.4789009094238 17.9422245025635 17.7982711791992 17.8845672607422 17.8926010131836 18.0516147613525 17.925271987915 18.0903491973877 18.147928237915 18.0611515045166 18.1278343200684 18.2799472808838 18.7530536651611 19.0493946075439 19.7361946105957 19.6485538482666 19.611608505249 19.3531074523926 18.5903930664062 17.68115234375 17.6011238098145 18.1344509124756 18.1006641387939 17.927303314209 17.9437522888184 17.9709339141846 18.1892185211182 17.9712219238281
-3.4e+38 -3.4e+38 -3.4e+38 -3.4e+38 -3.4e+38 20.9206027984619 20.2059860229492 19.9163227081299 19.9770622253418 20.2436981201172 20.5004177093506 20.6314277648926 20.6379222869873 20.5668354034424 20.2951107025146 19.8616008758545 18.9153079986572 18.2288551330566 18.0891551971436 17.6689491271973 17.2937908172607 17.2256660461426 17.2009239196777 17.3765563964844 17.0798377990723 17.1440715789795 17.0782489776611 16.9229526519775 17.3870735168457 17.1742458343506 17.7690258026123 18.2293243408203 18.7508659362793 18.9258594512939 18.5454521179199 18.6088695526123 18.2721614837646 17.5431976318359 17.2830715179443 17.06640625 17.5277900695801 17.2166385650635 17.5732917785645 17.6444263458252 17.676586151123 17.730339050293 17.2502822875977
-3.4e+38 -3.4e+38 22.2816791534424 22.215368270874 21.3167629241943 20.6778755187988 20.0096759796143 19.8797264099121 20.0291118621826 20.3747940063477 20.516637802124 20.525333404541 20.5284843444824 20.2129898071289 19.6293315887451 19.2504463195801 18.4839611053467 17.6155834197998 17.2625617980957 17.1919956207275 17.1690349578857 17.1433525085449 17.0736255645752 16.9621353149414 16.8400363922119 16.797477722168 16.5981369018555 16.6427993774414 16.9006977081299 17.1892070770264 17.6619567871094 17.8090438842773 17.9876251220703 17.9883232116699 17.9517116546631 17.7188949584961 17.557689666748 17.4798927307129 17.2283802032471 17.0609321594238 17.1676235198975 17.0546131134033 16.9346885681152 16.8578262329102 17.0473575592041 17.0932884216309 16.9425983428955
-339999999999999996128486808808066248288.000000000000000 -3.4e+38 -3.4e+38 -3.4e+38 22.1490573883057 20.5546035766602 19.9218692779541 19.85422706604 20.0804882049561 20.4455871582031 20.4363765716553 20.4674243927002 20.2218170166016 19.5210914611816 19.2071056365967 18.8191413879395 17.9388580322266 17.4208583831787 17.2760887145996 17.2006549835205 17.2127380371094 17.1034126281738 17.0687065124512 17.003288269043 16.9452629089355 16.8328113555908 16.675085067749 16.8746204376221 16.7849731445312 17.0089321136475 17.2190322875977 17.0973224639893 17.5528678894043 17.7014675140381 17.6353549957275 17.4294319152832 17.2421550750732 17.0767345428467 17.0666198730469 16.9760913848877 16.8059101104736 16.7598667144775 16.613208770752 16.6094608306885 16.5722961425781 16.6807231903076 16.7546901702881
-3.4e+38 -3.4e+38 -3.4e+38 -3.4e+38 21.7447700500488 20.3107490539551 19.8686981201172 19.8154697418213 20.1018104553223 20.3960876464844 20.3402042388916 20.3993682861328 19.8011703491211 19.1208553314209 18.6473846435547 18.263204574585 18.0706253051758 17.6458282470703 17.372501373291 17.3339080810547 17.0803756713867 16.8717765808105 16.8251533508301 16.7517948150635 16.6511344909668 16.7256107330322 16.6006889343262 16.6485862731934 16.5371532440186 16.9286117553711 16.9940719604492 16.994197845459 16.8784713745117 17.0756397247314 17.0124320983887 16.6872177124023 16.7996864318848 16.7719898223877 16.7049541473389 16.6449680328369 16.6153945922852 16.5528163909912 16.4567985534668 16.3050708770752 16.5025119781494 16.4245567321777 16.4111003875732
-3.4e+38 -3.4e+38 -3.4e+38 -3.4e+38 21.5225143432617 20.3783111572266 19.8349571228027 19.7700996398926 20.0404834747314 20.3029479980469 20.3630390167236 20.1824321746826 19.1369705200195 18.8178424835205 18.2836208343506 18.0778522491455 17.6862049102783 17.5270233154297 17.0878162384033 17.0061340332031 16.7693710327148 16.8040256500244 16.8281211853027 16.7317867279053 16.4788093566895 16.5919380187988 16.7276000976562 16.3492050170898 16.3190498352051 16.5361709594727 16.8485279083252 16.7007083892822 16.6905956268311 16.7812976837158 16.7042179107666 16.6785755157471 16.668830871582 16.6802845001221 16.6070652008057 16.6106586456299 16.4703102111816 16.3830623626709 16.2967510223389 16.3819255828857 16.3670501708984 16.3959732055664 16.3622550964355
-3.4e+38 -3.4e+38 -3.4e+38 -3.4e+38 22.6006641387939 20.689661026001 19.8136024475098 19.7562713623047 19.9278144836426 20.212553024292 20.3352203369141 20.0378875732422 19.0345802307129 18.7068138122559 18.0513763427734 17.3635311126709 17.2549781799316 17.2132987976074 17.048734664917 16.7095470428467 16.5939311981201 16.5417633056641 16.6888637542725 16.6615180969238 16.566089630127 16.5530052185059 16.776834487915 16.6574974060059 16.3076210021973 16.3962535858154 16.2787227630615 16.2946376800537 16.4894332885742 16.5384883880615 16.6240615844727 16.6627788543701 16.6800441741943 16.6377601623535 16.4250335693359 16.2736358642578 16.2535457611084 16.2563629150391 16.2733535766602 16.3036365509033 16.3602542877197 16.3759937286377 16.340892791748
-3.4e+38 -3.4e+38 -3.4e+38 -3.4e+38 22.4494895935059 20.9317378997803 19.8857021331787 19.6911487579346 19.8313083648682 20.0527458190918 20.2455577850342 20.1998443603516 19.2788600921631 18.5347023010254 17.9871788024902 17.1874828338623 16.9490451812744 16.9911842346191 16.9487457275391 16.6151733398438 16.5637130737305 16.4962158203125 16.3966293334961 16.34303855896 16.5706310272217 16.4713745117188 16.4148750305176 16.3433094024658 16.2680835723877 16.2466583251953 16.0474796295166 16.2887649536133 16.3591537475586 16.2351360321045 16.1879425048828 16.3425178527832 16.2910118103027 16.3091716766357 16.2994079589844 16.2954235076904 16.2867088317871 16.2871646881104 16.0687065124512 16.3443088531494 16.3573265075684 16.3699474334717 16.3547840118408
-3.4e+38 -3.4e+38 -3.4e+38 -3.4e+38 22.4012336730957 21.3187026977539 20.1841259002686 19.5833702087402 19.734281539917 19.903736114502 20.0664463043213 20.1799278259277 19.6818904876709 18.3628196716309 17.5804061889648 17.2027263641357 16.9465389251709 16.9377994537354 16.7446670532227 16.5662956237793 16.5071239471436 16.4229125976562 16.3629703521729 16.2825698852539 16.1425151824951 15.854663848877 15.8192920684814 15.9099864959717 15.8503847122192 15.8971462249756 15.9056091308594 16.0914325714111 16.0371742248535 16.0198135375977 16.0975799560547 16.1841049194336 16.2433662414551 16.2918167114258 16.3075675964355 16.184642791748 16.3251800537109 16.2763919830322 16.1462326049805 16.1068954467773 16.2527713775635 16.4225959777832 16.2768363952637
-3.4e+38 -3.4e+38 -3.4e+38 -3.4e+38 -3.4e+38 21.1053657531738 20.5622158050537 19.6210803985596 19.5776786804199 19.8154392242432 19.9443225860596 20.1405620574951 20.0231513977051 18.4932346343994 17.6000480651855 17.1929378509521 16.9381446838379 16.8565845489502 16.6631507873535 16.4817333221436 16.4243011474609 16.3720207214355 16.3320655822754 16.2228336334229 16.0915660858154 15.6845254898071 15.6999855041504 15.8883295059204 15.8382501602173 15.8422183990479 15.8726596832275 15.9099349975586 15.9609336853027 15.9922943115234 15.9076833724976 16.1140918731689 16.2438659667969 16.3255252838135 16.3577842712402 16.3731231689453 16.2839183807373 16.1709480285645 16.2096748352051 16.453052520752 16.2391757965088 16.2346630096436 16.1466045379639
-3.4e+38 -3.4e+38 -3.4e+38 -3.4e+38 -3.4e+38 22.9171466827393 20.8857498168945 19.7210235595703 19.5792694091797 19.6721668243408 19.8470363616943 20.0983619689941 19.9772796630859 18.643856048584 17.7805328369141 17.1505966186523 17.0982418060303 16.783052444458 16.5753746032715 16.399112701416 16.3616027832031 16.292667388916 16.0320167541504 16.021656036377 15.8279666900635 15.4200506210327 15.4502296447754 15.592248916626 15.5557489395142 15.7557802200317 15.9034481048584 15.9406833648682 15.993745803833 16.0220737457275 15.6206331253052 15.8509502410889 16.2378177642822 16.3832607269287 16.4213542938232 16.4419918060303 16.4566669464111 16.1851081848145 16.1553058624268 16.2764549255371 16.2979984283447 16.2323455810547 16.2332229614258
-3.4e+38 -3.4e+38 -3.4e+38 -3.4e+38 -3.4e+38 22.930534362793 21.0941677093506 19.853401184082 19.6831665039062 19.7156658172607 19.802604675293 20.0723209381104 19.945442199707 18.5371379852295 17.5948677062988 17.1342945098877 17.1766700744629 17.042064666748 16.4739952087402 16.3975963592529 16.375581741333 16.1654376983643 15.926703453064 15.6790323257446 15.4710731506348 15.4040212631226 15.3481521606445 15.3455543518066 15.3599672317505 15.2902755737305 15.3250045776367 15.3855867385864 15.5756349563599 15.6684808731079 15.5447950363159 15.6747341156006 15.9728145599365 16.2324962615967 16.2109432220459 16.2383460998535 16.187686920166 16.1968688964844 16.2177581787109 16.2589340209961 16.3008575439453 16.324520111084 16.3176517486572
-3.4e+38 -3.4e+38 -3.4e+38 -3.4e+38 -3.4e+38 -3.4e+38 21.4145984649658 20.0191230773926 19.7992115020752 19.8071727752686 19.9444904327393 20.326229095459 20.3136959075928 18.8063220977783 17.6643886566162 17.2289485931396 17.5225486755371 17.1588287353516 16.5293216705322 16.4387912750244 16.4012088775635 16.1758918762207 15.9079074859619 15.6575555801392 15.4461784362793 15.3982257843018 15.4635562896729 15.3146820068359 15.2352924346924 15.2653169631958 15.3052587509155 15.3613328933716 15.4318714141846 15.4899702072144 15.5329332351685 15.5724267959595 15.64426612854 15.9281158447266 16.1614875793457 16.2572555541992 16.3030815124512 16.3072872161865 16.3228778839111 16.3324813842773 16.3173751831055 16.4114933013916 16.4962387084961
-3.4e+38 -3.4e+38 -3.4e+38 -3.4e+38 -3.4e+38 -3.4e+38 21.7157287597656 20.120756149292 19.8660163879395 19.9123191833496 20.3352909088135 20.6596202850342 20.4495754241943 19.0092124938965 17.9426307678223 17.521692276001 17.7573833465576 17.3444805145264 16.6909770965576 16.5601062774658 16.2200679779053 16.0052833557129 15.8011131286621 15.6640214920044 15.5030250549316 15.4865388870239 15.4829654693604 15.4874382019043 15.5041828155518 15.5257606506348 15.5569705963135 15.5945014953613 15.6307229995728 15.6595106124878 15.6860466003418 15.7251949310303 15.7482128143311 15.7746238708496 15.7970743179321 15.9465379714966 16.1380939483643 16.2355899810791 16.2855281829834 16.1860389709473 16.2419624328613 16.3369884490967 16.5300827026367
-3.4e+38 -3.4e+38 -3.4e+38 -3.4e+38 -3.4e+38 -3.4e+38 21.8536205291748 20.1128082275391 19.9715824127197 20.0411281585693 20.4277610778809 20.8338603973389 20.5855121612549 18.708517074585 17.7205352783203 17.3035888671875 17.6100616455078 17.226245880127 16.8673629760742 16.5479850769043 16.2139492034912 15.9594125747681 15.7550992965698 15.6575956344604 15.6219987869263 15.6099605560303 15.6183404922485 15.6400499343872 15.6653480529785 15.6901226043701 15.7247219085693 15.7693128585815 15.8154172897339 15.8621625900269 15.8907842636108 15.9074182510376 15.9142160415649 15.9150590896606 15.9256048202515 15.9398956298828 15.9510583877563 15.9966993331909 16.0694694519043 16.2456722259521 16.2720050811768 16.2330627441406 16.3083992004395
-3.4e+38 -3.4e+38 -3.4e+38 -3.4e+38 -3.4e+38 22.6898632049561 21.3627643585205 20.1193542480469 20.1755466461182 20.2110900878906 20.5232563018799 21.0134963989258 20.3838157653809 18.262077331543 17.3355655670166 17.2756214141846 17.4551181793213 17.3686714172363 17.1237602233887 16.7633094787598 16.3587074279785 16.0215015411377 15.9072618484497 15.8426914215088 15.7966938018799 15.7834100723267 15.7907848358154 15.8156852722168 15.8483428955078 15.8792066574097 15.9280586242676 15.9865293502808 16.0370063781738 16.0766563415527 16.098747253418 16.1101894378662 16.1068515777588 16.0945911407471 16.0873680114746 16.0945625305176 16.0972690582275 16.1176414489746 16.1627311706543 16.2248153686523 16.2997379302979 16.3933296203613 16.5207424163818
-3.4e+38 -3.4e+38 -3.4e+38 -3.4e+38 22.6570835113525 22.3917293548584 20.5343360900879 20.3172607421875 20.4373912811279 20.4791965484619 20.7726783752441 21.1129035949707 19.8319396972656 17.9329032897949 17.4185390472412 17.4975681304932 17.6250400543213 17.4964237213135 17.2317924499512 17.0009479522705 16.4045829772949 16.1566104888916 16.130277633667 16.0859336853027 16.0303840637207 16.0012874603271 15.9993476867676 16.0054454803467 16.0222148895264 16.0584659576416 16.1211013793945 16.1933517456055 16.2601203918457 16.2884120941162 16.2970809936523 16.2947006225586 16.2702007293701 16.2483863830566 16.2386474609375 16.2382564544678 16.2521076202393 16.2855968475342 16.3371295928955 16.4121704101562 16.5264663696289 16.6784496307373 16.8291854858398
