Ecospace-environmental-drivers/Outputs/ASCII-for-ecospace/Temp-avg/Temp-avg_X1997.04.asc
NCOLS 131 
NROWS 53 
XLLCORNER -98 
YLLCORNER 23.9265270233154 
CELLSIZE 0.133587792515755 
NODATA_value -3.4e+38 
[rows 0 to 20 of 53, columns 47 to 93 of 131]
-3.4e+38 -3.4e+38 -3.4e+38 -3.4e+38 -3.4e+38 -3.4e+38 -3.4e+38 -3.4e+38 -3.4e+38 -3.4e+38 -3.4e+38 -3.4e+38 -3.4e+38 -3.4e+38 -3.4e+38 -3.4e+38 -3.4e+38 -3.4e+38 -3.4e+38 -3.4e+38 -3.4e+38 -3.4e+38 -3.4e+38 -3.4e+38 -3.4e+38 -3.4e+38 -3.4e+38 -3.4e+38 -3.4e+38 -3.4e+38 -3.4e+38 -3.4e+38 -3.4e+38 -3.4e+38 -3.4e+38 -3.4e+38 -3.4e+38 -3.4e+38 -3.4e+38 -3.4e+38 -3.4e+38 -3.4e+38 -3.4e+38 -3.4e+38 -3.4e+38 -3.4e+38 -3.4e+38
-3.4e+38 -3.4e+38 -3.4e+38 -3.4e+38 -3.4e+38 -3.4e+38 -3.4e+38 -3.4e+38 -3.4e+38 -3.4e+38 -3.4e+38 -3.4e+38 -3.4e+38 -3.4e+38 -3.4e+38 -3.4e+38 -3.4e+38 -3.4e+38 -3.4e+38 -3.4e+38 -3.4e+38 -3.4e+38 -3.4e+38 -3.4e+38 -3.4e+38 -3.4e+38 -3.4e+38 -3.4e+38 -3.4e+38 -3.4e+38 -3.4e+38 -3.4e+38 -3.4e+38 -3.4e+38 -3.4e+38 -3.4e+38 -3.4e+38 -3.4e+38 -3.4e+38 -3.4e+38 -3.4e+38 -3.4e+38 -3.4e+38 -3.4e+38 -3.4e+38 -3.4e+38 -3.4e+38
-3.4e+38 -3.4e+38 -3.4e+38 -3.4e+38 -3.4e+38 -3.4e+38 -3.4e+38 -3.4e+38 -3.4e+38 -3.4e+38 -3.4e+38 -3.4e+38 -3.4e+38 -3.4e+38 -3.4e+38 -3.4e+38 -3.4e+38 -3.4e+38 -3.4e+38 -3.4e+38 -3.4e+38 -3.4e+38 -3.4e+38 -3.4e+38 -3.4e+38 -3.4e+38 -3.4e+38 21.7802886962891 21.8463401794434 -3.4e+38 -3.4e+38 -3.4e+38 -3.4e+38 -3.4e+38 -3.4e+38 -3.4e+38 -3.4e+38 -3.4e+38 -3.4e+38 -3.4e+38 -3.4e+38 -3.4e+38 -3.4e+38 -3.4e+38 -3.4e+38 -3.4e+38 -3.4e+38
-3.4e+38 -3.4e+38 -3.4e+38 -3.4e+38 -3.4e+38 -3.4e+38 -3.4e+38 -3.4e+38 -3.4e+38 -3.4e+38 -3.4e+38 -3.4e+38 -3.4e+38 -3.4e+38 -3.4e+38 -3.4e+38 -3.4e+38 -3.4e+38 -3.4e+38 -3.4e+38 -3.4e+38 -3.4e+38 -3.4e+38 -3.4e+38 -3.4e+38 -3.4e+38 -3.4e+38 21.713830947876 21.7340755462646 -3.4e+38 -3.4e+38 -3.4e+38 -3.4e+38 -3.4e+38 -3.4e+38 -3.4e+38 -3.4e+38 -3.4e+38 -3.4e+38 -3.4e+38 -3.4e+38 -3.4e+38 -3.4e+38 -3.4e+38 -3.4e+38 -3.4e+38 -3.4e+38
-3.4e+38 -3.4e+38 -3.4e+38 -3.4e+38 -3.4e+38 -3.4e+38 -3.4e+38 -3.4e+38 -3.4e+38 21.6681213378906 21.6681213378906 21.6731071472168 21.6811084747314 -3.4e+38 -3.4e+38 -3.4e+38 -3.4e+38 -3.4e+38 21.5505828857422 21.5321350097656 21.4774188995361 21.5791835784912 21.6516456604004 21.8523483276367 21.8402233123779 21.7894668579102 21.8085460662842 21.6658573150635 21.8453502655029 22.2820510864258 -3.4e+38 -3.4e+38 20.8509922027588 20.8137111663818 20.9963798522949 20.7987632751465 20.7313556671143 20.9743404388428 21.0835723876953 20.9429244995117 21.060209274292 21.0069198608398 -3.4e+38 -3.4e+38 -3.4e+38 -3.4e+38 -3.4e+38
-3.4e+38 -3.4e+38 -3.4e+38 -3.4e+38 -3.4e+38 -3.4e+38 -3.4e+38 -3.4e+38 21.6681213378906 21.6681213378906 21.6681213378906 21.6681213378906 21.678092956543 21.6861000061035 21.6921195983887 -3.4e+38 21.675537109375 21.702751159668 21.5535888671875 21.4138603210449 21.1983757019043 21.1885452270508 21.4173755645752 21.46897315979 21.4096126556396 21.3232898712158 21.4495887756348 21.6758422851562 21.9910736083984 22.2830333709717 21.1398448944092 20.9650230407715 20.8579387664795 20.7300148010254 20.6705093383789 20.6205406188965 20.6088237762451 20.6187877655029 20.6839179992676 20.7747611999512 20.8474712371826 20.9776592254639 21.1423397064209 21.2702903747559 -3.4e+38 -3.4e+38 -3.4e+38
-3.4e+38 -3.4e+38 -3.4e+38 -3.4e+38 -3.4e+38 -3.4e+38 -3.4e+38 -3.4e+38 21.6717014312744 21.6681213378906 21.6681213378906 21.6681213378906 21.6681213378906 21.6880626678467 21.6961002349854 21.6921195983887 21.683048248291 21.6242332458496 21.5230407714844 21.3260879516602 20.7443161010742 20.5160083770752 20.3515739440918 20.3568115234375 20.4009799957275 20.3955097198486 20.4158535003662 20.5274314880371 20.5416736602783 20.5925045013428 20.5419311523438 20.4567852020264 20.4517593383789 20.4467849731445 20.4917984008789 20.4599285125732 20.388858795166 20.4741325378418 20.5222682952881 20.5750427246094 20.6145439147949 20.7074394226074 20.8480033874512 21.0258369445801 21.1863174438477 21.2169151306152 -3.4e+38
-3.4e+38 -3.4e+38 -3.4e+38 -3.4e+38 -3.4e+38 -3.4e+38 -3.4e+38 -3.4e+38 -3.4e+38 -3.4e+38 21.6681213378906 21.6681213378906 21.6681213378906 -3.4e+38 21.7080039978027 21.7161560058594 21.7407169342041 21.7434787750244 21.7007484436035 21.5004119873047 21.07741355896 20.9247779846191 20.3626708984375 20.350248336792 20.4652862548828 20.5556030273438 20.5941772460938 20.5809860229492 20.5105743408203 20.4699325561523 20.4405155181885 20.4419937133789 20.455394744873 20.4532451629639 20.4738082885742 20.1863822937012 20.2061882019043 20.3762836456299 20.5174465179443 20.5043487548828 20.5144996643066 20.577018737793 20.7147579193115 20.8770999908447 21.0126838684082 21.2092247009277 21.459436416626
-3.4e+38 -3.4e+38 -3.4e+38 -3.4e+38 -3.4e+38 -3.4e+38 -3.4e+38 -3.4e+38 -3.4e+38 -3.4e+38 -3.4e+38 -3.4e+38 -3.4e+38 -3.4e+38 21.7024059295654 21.761360168457 21.7952060699463 21.8024616241455 21.7292594909668 21.6594142913818 21.395788192749 21.2810535430908 20.4796352386475 20.4301414489746 20.5846824645996 20.7355613708496 20.8065700531006 20.7948627471924 20.7149620056152 20.6320381164551 20.5437698364258 20.4373779296875 20.4682502746582 20.4544563293457 20.168098449707 20.0893688201904 20.1678562164307 20.3881912231445 20.5223827362061 20.6276378631592 20.6051139831543 20.5919208526611 20.6417045593262 20.7793254852295 20.9129848480225 21.0363235473633 21.3144702911377
21.3841400146484 -3.4e+38 -3.4e+38 -3.4e+38 -3.4e+38 -3.4e+38 -3.4e+38 -3.4e+38 -3.4e+38 -3.4e+38 21.7039451599121 21.7647819519043 -3.4e+38 -3.4e+38 -3.4e+38 21.8013782501221 21.8993492126465 21.9029197692871 21.7954196929932 21.7397975921631 21.6114921569824 21.1154670715332 20.5444812774658 20.5222587585449 20.676155090332 20.9104595184326 20.9702377319336 20.9008026123047 20.788459777832 20.6432037353516 20.5196304321289 20.4735298156738 20.552188873291 20.0137844085693 19.8692073822021 19.9944000244141 20.1385955810547 20.2805156707764 20.4091262817383 20.5086154937744 20.6047096252441 20.6701011657715 20.6557579040527 20.7550258636475 20.8876476287842 20.9924240112305 21.199104309082
21.3366603851318 21.3279590606689 -3.4e+38 -3.4e+38 -3.4e+38 -3.4e+38 -3.4e+38 -3.4e+38 -3.4e+38 -3.4e+38 21.6682739257812 21.7746810913086 21.8614444732666 -3.4e+38 -3.4e+38 21.7829837799072 21.8607940673828 21.9841651916504 21.9333686828613 21.8728885650635 21.6345291137695 20.8606510162354 20.6956272125244 20.7158260345459 20.8809509277344 21.0420265197754 21.0435562133789 20.935094833374 20.8421268463135 20.7198143005371 20.6054458618164 20.5975379943848 20.4371509552002 19.5940704345703 19.4248733520508 19.5616645812988 19.8379611968994 20.0377674102783 20.2673568725586 20.4212589263916 20.5351600646973 20.632266998291 20.6823101043701 20.8069496154785 20.9307231903076 21.0237770080566 21.1491355895996
21.4629325866699 21.3841323852539 21.4230251312256 21.5170955657959 -3.4e+38 -3.4e+38 -3.4e+38 -3.4e+38 -3.4e+38 -3.4e+38 -3.4e+38 21.7294273376465 21.8703117370605 21.8614444732666 21.7707538604736 21.7988414764404 22.0048046112061 22.0304412841797 22.013427734375 21.7940464019775 21.1542053222656 20.8851547241211 20.9634647369385 20.9574966430664 20.9910106658936 21.0350646972656 20.9969329833984 20.8783473968506 20.748462677002 20.6909332275391 20.6255588531494 20.2836513519287 19.3774795532227 18.7847003936768 18.5625629425049 18.5294017791748 18.8495006561279 19.4026947021484 19.8538341522217 20.1743450164795 20.3734149932861 20.5440654754639 20.6728172302246 20.8343372344971 20.9735412597656 21.0416870117188 21.0974063873291
21.3654441833496 21.5039215087891 21.5625438690186 21.5657157897949 -3.4e+38 -3.4e+38 -3.4e+38 -3.4e+38 21.6384830474854 21.6739120483398 21.601167678833 21.6181621551514 21.8576850891113 21.8918075561523 21.546781539917 21.6074905395508 21.8492469787598 21.7972259521484 21.9762897491455 21.672082901001 20.9066963195801 20.8614101409912 20.9896812438965 21.0823574066162 21.0085620880127 20.9485092163086 20.747709274292 20.4351863861084 20.3545722961426 20.2234592437744 19.5491790771484 18.6149272918701 18.0114936828613 17.9941692352295 17.87038230896 17.7093658447266 18.4615077972412 18.7966995239258 19.2761688232422 19.778751373291 20.1250648498535 20.3749923706055 20.5594215393066 20.7038516998291 20.8165798187256 20.8758087158203 20.890832901001
21.0685482025146 21.1617488861084 21.2781085968018 21.3040504455566 21.4114933013916 21.4022235870361 21.4341697692871 21.5082950592041 21.5643577575684 21.5637149810791 21.5932064056396 21.6368675231934 21.4018859863281 21.2593421936035 21.2430820465088 21.4034519195557 21.839334487915 22.0202236175537 22.006420135498 21.5160999298096 21.0525531768799 20.7242698669434 21.0290355682373 20.8972454071045 20.4848556518555 20.2686672210693 19.8125419616699 19.2415504455566 18.7156410217285 17.9968566894531 17.2334289550781 16.8527774810791 16.8275928497314 17.2968940734863 17.4362735748291 17.74094581604 18.2962875366211 18.6824111938477 19.0747604370117 19.473726272583 19.8449420928955 20.1405506134033 20.3666973114014 20.4392166137695 20.5384349822998 20.6362190246582 20.7463283538818
21.0070629119873 21.0180244445801 21.0685329437256 21.2472667694092 21.5293159484863 21.5601100921631 21.6434078216553 21.6959037780762 21.6935138702393 21.6478481292725 21.5317649841309 21.1824703216553 21.2142753601074 21.3529853820801 21.4328002929688 21.4026165008545 21.5181293487549 22.3144989013672 22.4788398742676 21.7857856750488 20.7404518127441 20.5979766845703 20.6446342468262 19.868595123291 19.1842288970947 18.6698989868164 17.6452102661133 17.1866130828857 16.9362335205078 16.6866931915283 16.6178913116455 16.5968475341797 16.7030735015869 17.0677547454834 17.4726295471191 18.0594444274902 18.417760848999 18.8226318359375 18.9699172973633 19.3091239929199 19.6376724243164 19.9765167236328 20.248176574707 20.4364356994629 20.516077041626 20.489688873291 20.7572860717773
20.9361591339111 20.9236965179443 20.9386196136475 21.0521640777588 21.122106552124 21.082691192627 21.0796279907227 21.1283226013184 21.1603107452393 21.1526165008545 21.2070274353027 21.2891502380371 21.417028427124 21.5051956176758 21.4833507537842 21.3680019378662 21.3554973602295 21.5268611907959 21.1418113708496 20.925724029541 20.527587890625 19.9759101867676 19.5043468475342 18.8633556365967 17.9355602264404 17.2589149475098 16.9954814910889 16.672061920166 16.5631217956543 16.5340023040771 16.5167694091797 16.4979286193848 16.7619800567627 17.289608001709 17.9097766876221 18.4396724700928 18.7110843658447 18.928653717041 19.0418701171875 19.3201122283936 19.6413078308105 19.8182811737061 20.1440677642822 20.4413566589355 20.6467895507812 20.5732841491699 20.6036262512207
21.1857719421387 21.108715057373 21.0151863098145 20.9733467102051 21.0280017852783 21.0406513214111 21.0408592224121 21.1128482818604 21.2035331726074 21.2935047149658 21.3876647949219 21.4603900909424 21.4773197174072 21.4337539672852 21.3917808532715 21.3065738677979 21.272819519043 21.1820316314697 20.8439922332764 20.2433891296387 19.3677959442139 18.4227771759033 17.8685550689697 17.4767513275146 17.0638771057129 16.8950347900391 16.7921314239502 16.5719203948975 16.506326675415 16.4115409851074 16.2956924438477 16.5287303924561 16.945873260498 17.4158210754395 18.0287933349609 18.517520904541 18.8675022125244 19.0272483825684 19.232421875 19.3611240386963 19.6138305664062 19.8598003387451 20.1591453552246 20.4006481170654 20.5957183837891 20.7115077972412 20.5855388641357
21.4175720214844 21.3615589141846 21.2795886993408 21.2112903594971 21.1786422729492 21.1956253051758 21.2387676239014 21.2971591949463 21.3657131195068 21.4375534057617 21.498649597168 21.3829364776611 20.7221260070801 20.3382930755615 20.7079677581787 21.133996963501 21.1770534515381 21.02321434021 20.7117805480957 19.5054817199707 18.1608409881592 17.3333206176758 17.1697654724121 16.8254814147949 16.6588687896729 16.55348777771 16.5530452728271 16.447193145752 16.3137187957764 16.3148345947266 16.3026752471924 16.5992374420166 17.0017929077148 17.4003963470459 17.9212551116943 18.4715957641602 18.7775058746338 19.036376953125 19.2031536102295 19.3198642730713 19.6155128479004 19.9301528930664 20.1259155273438 20.4131088256836 20.6093139648438 20.7027015686035 20.6781368255615
21.5390682220459 21.5505752563477 21.5305309295654 21.4934616088867 21.4515113830566 21.4308891296387 21.4311981201172 21.445930480957 21.4923248291016 21.5159549713135 21.4920825958252 21.3759613037109 20.8841114044189 19.5453319549561 19.0370769500732 19.4890842437744 19.815393447876 20.184419631958 19.8986473083496 19.0740966796875 18.207426071167 17.4393825531006 16.976921081543 16.7168407440186 16.5557670593262 16.5192832946777 16.231803894043 16.2891311645508 16.3263492584229 16.3184471130371 16.2175750732422 16.4078178405762 16.8531284332275 17.2845973968506 17.607666015625 18.2145233154297 18.5512313842773 18.8157196044922 18.9814491271973 19.2026901245117 19.4071559906006 19.6377716064453 20.0235462188721 20.2432956695557 20.4779624938965 20.6617469787598 20.703498840332
21.5875759124756 21.63059425354 21.6674308776855 21.6628723144531 21.6638107299805 21.6557197570801 21.6172523498535 21.5866546630859 21.5459880828857 21.5039863586426 21.4501323699951 21.4046611785889 21.2215442657471 20.2605419158936 19.2176609039307 18.2806358337402 18.3656387329102 18.7985992431641 18.9245834350586 18.4041690826416 17.4560890197754 17.2019119262695 16.9305629730225 16.6778984069824 16.5859642028809 16.5122375488281 16.2682952880859 16.3325786590576 16.3207416534424 16.2986507415771 16.0653209686279 16.0435104370117 16.4280338287354 16.9176940917969 17.294319152832 17.7072830200195 18.0834102630615 18.4521350860596 18.7260341644287 18.8850135803223 19.0853614807129 19.3926372528076 19.6604957580566 19.9426956176758 20.1820659637451 20.4461898803711 20.6358966827393
21.4900875091553 21.4448375701904 21.5155143737793 21.6563167572021 21.6869220733643 21.6921806335449 21.7060108184814 21.6797161102295 21.6180858612061 21.562162399292 21.3901023864746 21.3557662963867 21.0771255493164 20.4653244018555 19.3141746520996 18.0960121154785 17.7284240722656 17.9385871887207 18.1878433227539 17.6040496826172 17.3849983215332 17.0057716369629 16.6686496734619 16.6233806610107 16.6143836975098 16.5030040740967 16.3262424468994 16.3639945983887 16.3078155517578 16.2735023498535 16.0571002960205 15.9807786941528 15.9678335189819 16.1405544281006 16.5535850524902 16.9010124206543 17.1558628082275 17.6590824127197 18.1642799377441 18.3890781402588 18.5485019683838 18.8646240234375 19.1197090148926 19.4292526245117 19.6339530944824 20.0482978820801 20.3006191253662
