Ecospace-environmental-drivers/Outputs/ASCII-for-ecospace/Temp-avg/Temp-avg_X2002.02.asc
NCOLS 131 
NROWS 53 
XLLCORNER -98 
YLLCORNER 23.9265270233154 
CELLSIZE 0.133587792515755 
NODATA_value -3.4e+38 
[rows 21 to 41 of 53, columns 47 to 93 of 131]
20.6629009246826 20.6220874786377 20.678840637207 20.7542896270752 20.811315536499 20.8972320556641 20.8247089385986 20.8412971496582 20.8390235900879 20.6065330505371 20.2446002960205 20.0500659942627 19.5388469696045 18.7479667663574 18.2266063690186 17.56174659729 16.7937622070312 16.6996994018555 16.9485149383545 16.9429988861084 16.7230319976807 16.6146869659424 16.6729621887207 16.7967147827148 16.6587104797363 16.5480918884277 16.4637622833252 16.3738822937012 16.2463855743408 15.9547624588013 15.8976793289185 15.8580989837646 15.8549919128418 15.8791561126709 15.8951663970947 15.8829822540283 16.0094337463379 16.3826446533203 17.2381763458252 17.7317657470703 17.9674034118652 18.1180267333984 18.2819557189941 18.359884262085 18.4104270935059 18.5640316009521 18.8840198516846
20.6121730804443 20.5667533874512 20.6369457244873 20.70751953125 20.8216800689697 20.6936721801758 20.1899261474609 20.3741912841797 20.0076198577881 19.3660774230957 19.0311145782471 18.8175010681152 18.7021141052246 18.2851104736328 17.8691349029541 17.6991710662842 16.9320850372314 16.8495445251465 16.7170467376709 16.8687057495117 16.8382358551025 16.6457691192627 16.7178421020508 16.5794200897217 16.5528526306152 16.5724964141846 16.4882831573486 16.3915119171143 16.1420497894287 15.9211053848267 15.8799276351929 15.8627634048462 15.8798313140869 15.8951816558838 15.8813495635986 15.9059505462646 15.95920753479 16.0147094726562 16.0691089630127 16.297384262085 16.6177997589111 16.86474609375 17.1323947906494 17.4877853393555 17.71901512146 17.9416465759277 18.3033828735352
20.2593612670898 20.1740036010742 20.4031105041504 20.0902137756348 19.8241691589355 19.5296306610107 19.6009979248047 19.1568279266357 18.7053127288818 18.5114936828613 18.5034427642822 18.7306270599365 18.2925643920898 17.9533920288086 17.5153388977051 17.339506149292 17.1944198608398 16.9819526672363 16.9103107452393 16.9861850738525 17.0607757568359 16.8943862915039 16.8311100006104 16.5945587158203 16.6269550323486 16.6535491943359 16.5784168243408 16.4026298522949 15.9993829727173 15.9287872314453 15.9143905639648 15.9110584259033 15.9052267074585 15.905177116394 15.9381217956543 15.95814037323 15.9784507751465 15.9432878494263 15.7250862121582 15.7182111740112 15.6698732376099 15.6094408035278 15.8512506484985 16.3045558929443 16.8101940155029 17.4501514434814 17.8573760986328
19.2520999908447 19.2505302429199 18.9610919952393 19.2433013916016 19.1545143127441 18.9984893798828 18.6130676269531 18.4414348602295 18.126522064209 18.4534950256348 18.4675197601318 18.6788120269775 18.180061340332 17.9415607452393 17.8218841552734 17.7416114807129 17.4544506072998 17.3908309936523 17.3198547363281 17.1621341705322 17.1033840179443 17.0898628234863 17.0767879486084 16.8718681335449 16.8198699951172 16.7634105682373 16.4038276672363 16.2216014862061 16.0446605682373 15.9624671936035 15.953803062439 15.9546422958374 15.9834175109863 16.0418548583984 15.8895330429077 15.8452434539795 15.8043546676636 15.8134908676147 15.7706499099731 15.7532243728638 15.7193832397461 15.6565685272217 15.5572996139526 15.5354413986206 15.8867540359497 16.5899505615234 17.3549747467041
18.8929824829102 18.7003784179688 18.6383209228516 18.5106201171875 18.3353729248047 18.726541519165 18.2887268066406 18.5624217987061 18.3519554138184 18.4592437744141 18.4535388946533 18.4839115142822 18.4963779449463 18.4936027526855 18.4842395782471 18.1994705200195 17.808198928833 17.7184867858887 17.6386165618896 17.5049304962158 17.4711170196533 17.4248714447021 17.4022789001465 17.3516883850098 17.0336227416992 16.9494895935059 16.7321319580078 16.3059959411621 16.1220073699951 15.9762229919434 16.0092067718506 16.047233581543 16.0765953063965 16.030574798584 15.8003883361816 15.8168249130249 15.844409942627 15.8771677017212 15.9011564254761 15.9189233779907 15.927698135376 15.9204807281494 15.8790512084961 15.7974119186401 15.6753244400024 15.901798248291 16.7264595031738
18.5310440063477 18.6199760437012 18.6130237579346 18.1699199676514 18.3107471466064 18.5776081085205 18.701322555542 18.6028575897217 18.9118499755859 18.8694934844971 19.0620613098145 19.0604515075684 19.1733226776123 18.919527053833 18.6914253234863 18.3871440887451 18.2701969146729 18.1983108520508 18.1620941162109 18.0816020965576 17.9288368225098 17.8041973114014 17.4423351287842 17.2835540771484 17.1784324645996 17.1115608215332 16.9869918823242 16.4772815704346 16.1778621673584 15.9922246932983 16.0309314727783 16.0349502563477 16.0219097137451 15.8257055282593 15.7338781356812 15.7603721618652 15.7890729904175 15.8215608596802 15.8542213439941 15.8954248428345 15.9397029876709 15.9888401031494 16.028829574585 16.0313282012939 15.9955730438232 15.9130411148071 16.3549041748047
18.5222778320312 18.5826225280762 18.4258079528809 18.2087993621826 18.4295463562012 18.6302738189697 18.7373161315918 19.0722827911377 19.1994533538818 19.0980911254883 19.2048625946045 19.2726631164551 19.3001194000244 19.1703491210938 18.7802219390869 18.6609554290771 18.4452304840088 18.3862495422363 18.4605731964111 18.4848403930664 18.5003986358643 18.0294704437256 17.7923755645752 17.6112365722656 17.4349689483643 17.3218212127686 17.1650276184082 16.6313133239746 16.2638130187988 16.0469131469727 16.0046367645264 15.9768486022949 15.9407377243042 15.9453506469727 15.868143081665 15.6860656738281 15.7206525802612 15.7616739273071 15.8201284408569 15.8785514831543 15.923975944519 15.9770479202271 16.0464267730713 16.0915946960449 16.0764274597168 16.0344314575195 16.1772441864014
18.6503982543945 18.4599056243896 18.2946300506592 18.5447883605957 18.706127166748 18.6158638000488 18.8130893707275 19.2025871276855 19.3063945770264 19.5166625976562 19.4950504302979 19.3034267425537 19.0803241729736 19.0086727142334 18.9018878936768 18.8976173400879 18.8846244812012 18.8452548980713 18.7770919799805 18.6969680786133 18.559118270874 18.4242572784424 18.2703285217285 18.0717658996582 17.7734870910645 17.3697624206543 17.0346527099609 16.8132076263428 16.4785823822021 16.1347713470459 16.01100730896 15.9399127960205 15.8814706802368 15.8738393783569 15.809458732605 15.7957305908203 15.6600246429443 15.6974067687988 15.7656383514404 15.8403158187866 15.9066457748413 15.962851524353 16.0434398651123 16.1270217895508 16.1466064453125 16.0949821472168 16.0582237243652
18.5156116485596 18.5478000640869 18.5949821472168 18.6750411987305 18.7759056091309 18.880578994751 18.9938850402832 19.1483764648438 19.2802429199219 19.3579139709473 19.1580352783203 19.1223602294922 19.1736640930176 19.207857131958 19.2394866943359 19.2564468383789 19.2529964447021 19.2140369415283 19.1417083740234 19.0473670959473 18.9285125732422 18.8198280334473 18.7028369903564 18.5547199249268 17.9673156738281 17.5937099456787 17.3239879608154 17.0573654174805 16.7569065093994 16.3286666870117 16.0767765045166 15.9615430831909 15.8701610565186 15.8273706436157 15.8296384811401 15.8537893295288 15.6280927658081 15.6306104660034 15.6905813217163 15.7744827270508 15.8687524795532 15.9561576843262 16.0456619262695 16.1344108581543 16.1906242370605 16.1381587982178 16.0868988037109
18.7098655700684 18.7195110321045 18.4929733276367 18.6269283294678 18.9663829803467 18.949613571167 19.1977806091309 19.3353881835938 19.467924118042 19.2543029785156 19.2340431213379 19.1770362854004 19.0984344482422 19.2659397125244 19.3034515380859 19.3326435089111 19.1472759246826 19.0431671142578 19.0292987823486 19.1369361877441 19.2770862579346 19.1922779083252 19.0843048095703 18.9276332855225 18.3565635681152 18.0152149200439 17.7193737030029 17.4041366577148 17.0562038421631 16.6643218994141 16.27663230896 16.0643520355225 15.9317426681519 15.8585386276245 15.8369274139404 15.8368110656738 15.6347560882568 15.5941438674927 15.6479969024658 15.7353782653809 15.8506374359131 15.9667415618896 16.0611801147461 16.1513385772705 16.204158782959 16.1618213653564 16.0951976776123
18.6150341033936 18.9031257629395 18.7649078369141 18.8279209136963 19.0850257873535 19.1690216064453 19.302942276001 19.4346981048584 19.5141410827637 19.2183284759521 19.1584777832031 18.9822788238525 19.032958984375 19.0885219573975 19.1364078521729 19.1733131408691 19.1931648254395 19.1908397674561 19.1738548278809 19.1434574127197 19.318380355835 19.447286605835 19.3717746734619 19.2478885650635 18.8406581878662 18.4251594543457 18.1637649536133 17.8410415649414 17.4640140533447 17.0642108917236 16.6273918151855 16.2693119049072 16.0860252380371 15.9681272506714 15.9151182174683 15.8861055374146 15.6231327056885 15.6008892059326 15.647289276123 15.7330493927002 15.8630924224854 16.0030822753906 16.0980739593506 16.1716022491455 16.2106056213379 16.1775894165039 16.1025791168213
19.0317440032959 19.0438995361328 19.0775890350342 18.814245223999 19.1380558013916 18.9446773529053 18.9040908813477 19.022123336792 19.135461807251 18.8976860046387 18.9437656402588 19.0223579406738 19.0944766998291 19.1624355316162 19.2181186676025 19.2632427215576 19.2849712371826 19.289213180542 19.2948513031006 19.2803535461426 19.2588272094727 19.3686180114746 19.570291519165 19.4742164611816 19.2116851806641 18.7753982543945 18.5811710357666 18.3112983703613 17.9400501251221 17.5547332763672 17.1280841827393 16.6740703582764 16.3290500640869 16.1669750213623 16.0660858154297 16.0122470855713 15.7448244094849 15.7002773284912 15.7102556228638 15.7896738052368 15.9258193969727 16.0653324127197 16.1429748535156 16.2002563476562 16.2169322967529 16.189582824707 16.1200046539307
18.802734375 18.748571395874 18.7101593017578 18.7073421478271 18.8047466278076 18.7022380828857 18.6998729705811 18.680248260498 18.6075839996338 18.7565135955811 18.9050483703613 19.0167503356934 19.107442855835 19.1870269775391 19.2655620574951 19.3222522735596 19.3530731201172 19.3673877716064 19.3750610351562 19.3747997283936 19.3586521148682 19.3298530578613 19.353178024292 19.3141288757324 19.1750640869141 19.0275173187256 18.8722248077393 18.672306060791 18.3948974609375 18.039493560791 17.6703224182129 17.3136081695557 16.8946342468262 16.5462627410889 16.3317012786865 16.0814685821533 15.8508682250977 15.8334522247314 15.8448781967163 15.9221038818359 16.0335178375244 16.1408176422119 16.2185249328613 16.2374610900879 16.2408485412598 16.2100925445557 16.1388664245605
18.7494220733643 18.712797164917 18.6325225830078 18.5814647674561 18.534984588623 18.4795703887939 18.1976585388184 18.1795024871826 18.3621845245361 18.4973068237305 18.4618129730225 18.5390090942383 18.7929382324219 18.835994720459 18.9365730285645 19.1702575683594 19.3264846801758 19.4282665252686 19.4568500518799 19.4762516021729 19.478832244873 19.4518947601318 19.4078884124756 19.3550357818604 19.2926979064941 19.1973724365234 19.0771179199219 18.9286041259766 18.7363433837891 18.4733772277832 18.176570892334 17.865608215332 17.4702453613281 16.9981517791748 16.588960647583 16.3281536102295 16.2043609619141 16.1363658905029 16.1132431030273 16.1481056213379 16.2018184661865 16.2733554840088 16.2827072143555 16.2943172454834 16.2825393676758 16.2206916809082 16.141674041748
18.6895847320557 18.5774154663086 18.4711074829102 18.3472766876221 18.2455158233643 18.1619853973389 17.5563564300537 17.5336475372314 17.6834259033203 17.8529090881348 18.0608997344971 18.3000087738037 18.5196647644043 18.6864070892334 18.8185329437256 18.9115676879883 18.9986572265625 19.0724258422852 19.2728099822998 19.5383853912354 19.5731296539307 19.5840950012207 19.5633296966553 19.5177536010742 19.4519996643066 19.365550994873 19.2723808288574 19.151912689209 18.9969997406006 18.8234615325928 18.4983520507812 18.0026626586914 17.7151184082031 17.4434471130371 17.1866474151611 16.9540271759033 16.7533073425293 16.5988006591797 16.5035438537598 16.4792213439941 16.4221286773682 16.4093265533447 16.3971405029297 16.3666400909424 16.3226871490479 16.2128677368164 16.1096820831299
18.494535446167 18.352840423584 18.1699657440186 17.8738555908203 17.6547393798828 17.2583560943604 17.1251163482666 17.1898765563965 17.3158512115479 17.4911327362061 17.6938858032227 17.9527187347412 18.2341079711914 18.4804286956787 18.6769409179688 18.8242263793945 18.9408206939697 19.028787612915 19.0838203430176 19.1959114074707 19.4594898223877 19.623571395874 19.6313362121582 19.6259613037109 19.5955848693848 19.5336017608643 19.4517517089844 19.3671703338623 19.2344150543213 18.9297752380371 18.5702571868896 18.3495502471924 18.0980262756348 17.8827056884766 17.6650104522705 17.4816112518311 17.3042163848877 17.1131801605225 16.958625793457 16.8504848480225 16.735933303833 16.6203022003174 16.5334720611572 16.4393062591553 16.3155288696289 16.1554698944092 16.0338973999023
18.216703414917 17.9828948974609 17.4676990509033 16.9566783905029 16.7935256958008 16.7638416290283 16.7887592315674 16.8473834991455 16.955696105957 17.1262016296387 17.3126335144043 17.5486888885498 17.8304634094238 18.1195259094238 18.405122756958 18.6289844512939 18.8129615783691 18.9536533355713 19.0464611053467 19.101110458374 19.1502170562744 19.2944049835205 19.5076560974121 19.4104309082031 19.4070377349854 19.4528713226318 19.3355827331543 19.2615222930908 19.0852642059326 18.9372692108154 18.8108406066895 18.6365661621094 18.4532127380371 18.2619037628174 18.0871620178223 17.9060688018799 17.7415599822998 17.5622463226318 17.3872127532959 17.2322750091553 17.0497512817383 16.8773078918457 16.6782035827637 16.5102481842041 16.298770904541 16.0697631835938 15.9608030319214
17.6405048370361 17.2074451446533 16.7336444854736 16.5704326629639 16.4734916687012 16.4525184631348 16.4762573242188 16.5316028594971 16.6271743774414 16.7621974945068 16.9526920318604 17.1718330383301 17.4150276184082 17.67653465271 18.0061988830566 18.309326171875 18.5704154968262 18.7962265014648 18.9443264007568 19.0441627502441 19.0973949432373 19.1454048156738 19.1917057037354 19.2377700805664 19.2647953033447 19.2702980041504 19.2627391815186 19.227933883667 19.1678066253662 19.0879497528076 18.9981174468994 18.8817119598389 18.7484073638916 18.5875797271729 18.4157772064209 18.2456722259521 18.0970878601074 17.9353923797607 17.7351684570312 17.5660190582275 17.3550243377686 17.0856056213379 16.8054122924805 16.5569343566895 16.2520332336426 16.0041484832764 15.8751544952393
16.7714462280273 16.5172080993652 16.3820705413818 16.2799167633057 16.2054424285889 16.1939659118652 16.20192527771 16.2287292480469 16.3025531768799 16.4312915802002 16.5894756317139 16.7735252380371 17.0066242218018 17.2543487548828 17.5562973022461 17.9049282073975 18.2185745239258 18.5221672058105 18.7640781402588 18.9309368133545 19.0439834594727 19.0976085662842 19.139684677124 19.1846714019775 19.2353973388672 19.256814956665 19.2729911804199 19.27028465271 19.2440376281738 19.1962203979492 19.1261959075928 19.0383758544922 18.9399375915527 18.8068790435791 18.6603469848633 18.5069808959961 18.3685855865479 18.2141571044922 18.0135879516602 17.8215370178223 17.592794418335 17.2736129760742 16.9253787994385 16.56201171875 16.1890659332275 15.9110517501831 15.7361965179443
16.387622833252 16.2492942810059 16.128246307373 16.0423450469971 15.9992666244507 16.0111751556396 16.023983001709 16.0282917022705 16.0653343200684 16.1551342010498 16.2632732391357 16.3900833129883 16.5963268280029 16.8337879180908 17.1122074127197 17.4354457855225 17.7884426116943 18.1315212249756 18.4794006347656 18.7369499206543 18.9170684814453 19.0237140655518 19.0834827423096 19.1309986114502 19.1759796142578 19.2155742645264 19.2395858764648 19.2621517181396 19.2673797607422 19.2420520782471 19.195821762085 19.1297912597656 19.0603923797607 18.9619483947754 18.8538551330566 18.7352981567383 18.5932064056396 18.4417858123779 18.2578430175781 18.0428428649902 17.7719612121582 17.4323768615723 17.0116348266602 16.562385559082 16.1224098205566 15.8050212860107 15.6393213272095
16.1380748748779 16.0159873962402 15.9322967529297 15.8788137435913 15.8550987243652 15.8873291015625 15.9054498672485 15.9254493713379 15.9510202407837 16.0040035247803 16.0574150085449 16.1214179992676 16.2444953918457 16.4288139343262 16.6533641815186 16.9598751068115 17.2906150817871 17.6776008605957 18.0786819458008 18.4545822143555 18.7190551757812 18.8908672332764 18.9985961914062 19.0718860626221 19.1230716705322 19.1669082641602 19.2050457000732 19.2300338745117 19.2342586517334 19.244478225708 19.2399940490723 19.2040023803711 19.1566886901855 19.0891666412354 18.9973468780518 18.8858604431152 18.7481365203857 18.6155109405518 18.4568958282471 18.2158107757568 17.9094295501709 17.5605602264404 17.0796737670898 16.5601444244385 16.0426235198975 15.7116737365723 15.5490283966064
