Ecospace-environmental-drivers/Outputs/ASCII-for-ecospace/Temp-avg/Temp-avg_X2005.10.asc
NCOLS 131 
NROWS 53 
XLLCORNER -98 
YLLCORNER 23.9265270233154 
CELLSIZE 0.133587792515755 
NODATA_value -3.4e+38 
[rows 21 to 41 of 53, columns 47 to 93 of 131]
26.4173622131348 26.1790428161621 26.1491985321045 26.2225475311279 26.2332382202148 26.2416477203369 25.9287090301514 25.9064521789551 25.9753551483154 25.5457210540771 24.7781829833984 24.3212242126465 23.5210151672363 22.3846797943115 21.6749725341797 20.6258544921875 19.4049263000488 18.9888954162598 18.9002170562744 18.5143795013428 17.9885692596436 17.6923198699951 17.550537109375 17.4793090820312 17.1687183380127 16.9726409912109 17.0389652252197 17.1373996734619 17.1923351287842 17.1343975067139 17.2664051055908 17.3867855072021 17.4568710327148 17.491605758667 17.505033493042 17.5158367156982 17.655818939209 18.04856300354 19.0382747650146 19.692253112793 20.0090351104736 20.2804908752441 20.670389175415 21.1235618591309 21.6020736694336 22.0572509765625 22.5645027160645
25.5954551696777 25.2776908874512 25.2099533081055 25.2352142333984 25.3527488708496 25.0077953338623 24.1703090667725 24.4681968688965 24.0272808074951 23.1440963745117 22.5826683044434 22.151704788208 21.9150276184082 21.2695808410645 20.6265335083008 20.2486515045166 19.1231117248535 18.7607040405273 18.2999134063721 18.2082901000977 18.0064926147461 17.6567535400391 17.5164585113525 17.1642265319824 17.0103454589844 16.9830360412598 17.0260467529297 17.1050987243652 16.9939365386963 16.9467449188232 17.1176357269287 17.2726707458496 17.3878898620605 17.4535636901855 17.4773197174072 17.4863872528076 17.5258274078369 17.5660018920898 17.6428184509277 17.994478225708 18.45578956604 18.8387966156006 19.2713394165039 19.9461841583252 20.5283164978027 21.0223903656006 21.5986347198486
24.3742847442627 24.1116428375244 24.2557830810547 23.6681976318359 23.2254734039307 22.6276359558105 22.6017017364502 21.9816875457764 21.4016742706299 21.15891456604 21.1012058258057 21.3426113128662 20.7631053924561 20.2177925109863 19.4838695526123 19.133092880249 18.8214492797852 18.4107437133789 18.177339553833 18.0980777740479 18.0696487426758 17.8017711639404 17.6319007873535 17.278169631958 17.2861824035645 17.2972602844238 17.3238430023193 17.3063907623291 17.0422630310059 17.0603466033936 17.1556148529053 17.2664928436279 17.3672847747803 17.4185371398926 17.4533061981201 17.4780311584473 17.529993057251 17.5298347473145 17.2810764312744 17.3070087432861 17.3560657501221 17.4175701141357 17.7966327667236 18.4554977416992 19.2385578155518 20.1252956390381 20.7134876251221
22.4307250976562 22.4394607543945 21.9755344390869 22.1452007293701 21.8332939147949 21.4107246398926 20.7473888397217 20.415735244751 19.9852390289307 20.3138580322266 20.2222595214844 20.3054008483887 19.6340618133545 19.2582836151123 19.0268650054932 18.8536930084229 18.4859390258789 18.3438377380371 18.206371307373 18.0216846466064 17.989917755127 18.0384578704834 18.1182746887207 17.9351577758789 17.8751888275146 17.8584079742432 17.6240234375 17.559253692627 17.5289249420166 17.4904956817627 17.4609470367432 17.454568862915 17.4628715515137 17.4728603363037 17.2640285491943 17.2237205505371 17.2192306518555 17.2761631011963 17.2599506378174 17.3154373168945 17.3487358093262 17.3589496612549 17.366605758667 17.4274768829346 17.9297294616699 18.8380184173584 19.8313655853271
21.4232082366943 21.1814289093018 21.036018371582 20.7310771942139 20.2860450744629 20.4952583312988 19.7428588867188 19.8432846069336 19.4831809997559 19.5025882720947 19.352746963501 19.2316722869873 19.1317539215088 19.0603885650635 19.0110397338867 18.7151679992676 18.3578929901123 18.3158855438232 18.3362197875977 18.3349933624268 18.460262298584 18.5974369049072 18.7118797302246 18.7725601196289 18.4989795684814 18.5159378051758 18.4706859588623 18.1769714355469 18.111722946167 18.0462112426758 17.9459629058838 17.8290004730225 17.7232456207275 17.5868034362793 17.2581272125244 17.2511882781982 17.2777919769287 17.2931232452393 17.2895622253418 17.3157596588135 17.3405265808105 17.3595199584961 17.3648738861084 17.3554706573486 17.3354549407959 17.7247257232666 18.8272914886475
20.5433578491211 20.5903129577637 20.4888763427734 19.8056583404541 19.6715698242188 19.7496318817139 19.5958213806152 19.209264755249 19.3456897735596 19.1815567016602 19.2230205535889 19.0607414245605 19.1276569366455 18.8907165527344 18.66428565979 18.4049739837646 18.4033184051514 18.4685249328613 18.5469837188721 18.6793422698975 18.8476104736328 19.0251770019531 18.8697891235352 18.9210662841797 18.987003326416 19.0445022583008 19.0797080993652 18.8095684051514 18.6251125335693 18.5548553466797 18.4376373291016 18.2805843353271 18.1085643768311 17.7380886077881 17.493709564209 17.4232311248779 17.4110889434814 17.3972759246826 17.3857688903809 17.3865928649902 17.3723773956299 17.3564567565918 17.3702602386475 17.3684539794922 17.370304107666 17.3364906311035 18.0219573974609
20.12282371521 20.1118335723877 19.8097229003906 19.3639831542969 19.3340530395508 19.2683048248291 19.013090133667 19.0705642700195 19.0260543823242 18.7481002807617 18.666410446167 18.6209659576416 18.6422843933105 18.5392971038818 18.2254600524902 18.2310066223145 18.1469211578369 18.2304000854492 18.5239276885986 18.8247299194336 19.2116718292236 19.0685043334961 19.1682567596436 19.3036727905273 19.4223442077637 19.5029525756836 19.5403652191162 19.2002201080322 19.1028308868408 19.026985168457 18.9121608734131 18.7601318359375 18.5712070465088 18.3784332275391 18.076732635498 17.6831359863281 17.5935592651367 17.5311260223389 17.5074043273926 17.4867534637451 17.4669246673584 17.4423351287842 17.4241962432861 17.4243850708008 17.4352645874023 17.4079532623291 17.6032123565674
19.9687976837158 19.6453952789307 19.3106155395508 19.3339309692383 19.2138805389404 18.7372303009033 18.5773868560791 18.6986484527588 18.5749168395996 18.5651435852051 18.4153785705566 18.1756572723389 17.9575080871582 17.9413280487061 18.0054588317871 18.1508274078369 18.2525997161865 18.4001731872559 18.6241798400879 18.8771438598633 19.1208648681641 19.3233547210693 19.4888648986816 19.6667919158936 19.7817363739014 19.6863956451416 19.5908679962158 19.5888843536377 19.5373916625977 19.4325580596924 19.2915077209473 19.1459732055664 18.9815979003906 18.7922592163086 18.487548828125 18.2055816650391 17.8328113555908 17.7046890258789 17.6514930725098 17.6252346038818 17.5947742462158 17.5543060302734 17.5094776153564 17.4919853210449 17.4951972961426 17.4813251495361 17.4506225585938
19.5565433502197 19.4154434204102 19.2589149475098 19.0855236053467 18.8082084655762 18.4999847412109 18.2976398468018 18.1586875915527 18.0423030853271 17.9663410186768 17.7107200622559 17.6272506713867 17.7102336883545 17.8770961761475 18.0816764831543 18.2209873199463 18.3810157775879 18.590015411377 18.836483001709 19.1031532287598 19.3587169647217 19.5628871917725 19.7982978820801 20.0395355224609 19.8944206237793 19.9640674591064 20.0355796813965 20.0334320068359 19.9821319580078 19.8617115020752 19.6904945373535 19.495288848877 19.3108215332031 19.1278228759766 18.9329681396484 18.674654006958 18.1238651275635 17.9256267547607 17.8318920135498 17.7866973876953 17.7278175354004 17.6682987213135 17.6109638214111 17.5783710479736 17.5610198974609 17.5558071136475 17.53342628479
19.4436435699463 19.2693290710449 18.8267688751221 18.6087703704834 18.5309066772461 18.1487846374512 18.060941696167 17.9485950469971 17.9184513092041 17.6095790863037 17.5245552062988 17.4811515808105 17.5317249298096 17.8558349609375 18.0291595458984 18.1901245117188 18.1975116729736 18.3408718109131 18.6150684356689 19.0558795928955 19.5576572418213 19.8150100708008 20.1051502227783 20.3891563415527 20.2517032623291 20.3155117034912 20.3850345611572 20.4062881469727 20.3726291656494 20.2719211578369 20.1041870117188 19.8829650878906 19.6432018280029 19.4259548187256 19.2112655639648 18.9626789093018 18.4119052886963 18.1343955993652 18.0279884338379 17.9653472900391 17.8761119842529 17.7968082427979 17.7201251983643 17.6631698608398 17.6226367950439 17.6162567138672 17.6120872497559
19.0320472717285 19.1556758880615 18.7149410247803 18.3517627716064 18.2789478302002 18.0553512573242 17.902271270752 17.8954448699951 17.8094539642334 17.4114189147949 17.3006896972656 17.2004776000977 17.4042129516602 17.6228828430176 17.7854099273682 17.9725780487061 18.1837635040283 18.397123336792 18.6817646026611 18.9973201751709 19.5182151794434 19.9987678527832 20.3369178771973 20.6449966430664 20.6204471588135 20.5527000427246 20.6362953186035 20.6830730438232 20.6802673339844 20.6171474456787 20.4708824157715 20.2535953521729 19.9763660430908 19.7129039764404 19.4545631408691 19.1750030517578 18.5891094207764 18.3141098022461 18.1957168579102 18.1120223999023 17.9960498809814 17.9025440216064 17.8257350921631 17.7509174346924 17.6916847229004 17.674036026001 17.6678352355957
19.152364730835 18.9262390136719 18.5878238677979 18.0347709655762 18.084753036499 17.6585884094238 17.513240814209 17.4910945892334 17.4311408996582 17.0831260681152 17.0789928436279 17.2040767669678 17.3981323242188 17.5977401733398 17.7433567047119 17.9653415679932 18.1907730102539 18.4015502929688 18.7142028808594 19.0617523193359 19.3868579864502 19.8478183746338 20.4738521575928 20.8001937866211 20.8770904541016 20.6976757049561 20.801944732666 20.8722743988037 20.8903388977051 20.8409690856934 20.7131099700928 20.5178775787354 20.2583045959473 19.9456577301025 19.6619606018066 19.3651733398438 18.7686233520508 18.4687366485596 18.3255367279053 18.1957092285156 18.0785179138184 17.9824371337891 17.887731552124 17.8091640472412 17.7429637908936 17.7169151306152 17.7086582183838
18.6581611633301 18.3170394897461 17.9508819580078 17.7267742156982 17.6348648071289 17.4342956542969 17.381420135498 17.2912940979004 17.0417156219482 17.0250701904297 17.0934810638428 17.235818862915 17.4025936126709 17.568603515625 17.7119045257568 17.8944416046143 18.1380405426025 18.4026432037354 18.7214679718018 19.0797691345215 19.4078407287598 19.7308330535889 20.1397609710693 20.4793891906738 20.6585006713867 20.772741317749 20.8989944458008 20.981086730957 20.9996738433838 20.9557113647461 20.8473167419434 20.6726551055908 20.4275817871094 20.1203346252441 19.8218040466309 19.3698081970215 18.8422451019287 18.594144821167 18.4155292510986 18.2670593261719 18.1455039978027 18.0401630401611 17.9492130279541 17.8777256011963 17.8106155395508 17.7705669403076 17.7496242523193
18.4058933258057 18.0874481201172 17.73659324646 17.5298480987549 17.3967609405518 17.3578605651855 17.096700668335 17.0727825164795 17.0646476745605 16.9874954223633 16.8557071685791 16.8986148834229 17.1600208282471 17.2499408721924 17.3858470916748 17.6880016326904 18.0134563446045 18.37571144104 18.6825542449951 19.0575942993164 19.3973827362061 19.7079906463623 20.0470886230469 20.3623008728027 20.6142444610596 20.7862491607666 20.9177284240723 21.0061264038086 21.0341377258301 21.0019035339355 20.8987407684326 20.7175769805908 20.379264831543 19.9663715362549 19.5659313201904 19.2472820281982 18.9377384185791 18.6905899047852 18.5097770690918 18.357328414917 18.2350578308105 18.119836807251 18.0222072601318 17.9531059265137 17.8983955383301 17.8470211029053 17.8170948028564
18.2939777374268 17.9547939300537 17.6032447814941 17.4029712677002 17.3503532409668 17.3525581359863 16.7932071685791 16.7889270782471 16.8126411437988 16.747486114502 16.7839221954346 16.8913764953613 17.0553760528564 17.2081832885742 17.2923927307129 17.4298305511475 17.6467723846436 17.9580383300781 18.4152126312256 18.9884853363037 19.3375816345215 19.6231594085693 19.9490261077881 20.2638874053955 20.5276775360107 20.72682762146 20.8574275970459 20.9526920318604 21.0003833770752 20.9751682281494 20.7384662628174 20.3074169158936 20.0706882476807 19.8126831054688 19.5645580291748 19.2913303375244 18.9980907440186 18.759593963623 18.5937538146973 18.4608993530273 18.3381328582764 18.2185878753662 18.1237182617188 18.0503559112549 17.9955215454102 17.9388332366943 17.9111843109131
18.2254333496094 17.8740539550781 17.5598278045654 17.3201770782471 17.1751804351807 16.8121757507324 16.7046241760254 16.8024597167969 16.8583946228027 16.8437805175781 16.8553943634033 16.9233646392822 17.0644760131836 17.2288627624512 17.2858200073242 17.4069766998291 17.5912475585938 17.8630981445312 18.1676254272461 18.5525207519531 19.1133098602295 19.5058975219727 19.7849826812744 20.0636100769043 20.339262008667 20.5636043548584 20.7170448303223 20.811767578125 20.8452758789062 20.6541423797607 20.3552131652832 20.2052440643311 20.0104808807373 19.7907314300537 19.5572757720947 19.2879104614258 19.0214977264404 18.7923145294189 18.632884979248 18.5299663543701 18.4319324493408 18.333028793335 18.2437591552734 18.1515445709229 18.0722923278809 18.0168151855469 17.9839344024658
18.2039642333984 17.865364074707 17.3210353851318 16.8735122680664 16.7403755187988 16.7098655700684 16.7402667999268 16.8415336608887 16.9255313873291 16.9356365203857 16.9366397857666 16.9716300964355 17.1010894775391 17.2589416503906 17.3178024291992 17.42116355896 17.5553531646729 17.7783622741699 18.0627841949463 18.3628044128418 18.702112197876 19.0589504241943 19.469482421875 19.5980014801025 19.8267574310303 20.1097888946533 20.2149314880371 20.3215065002441 20.2741966247559 20.2314357757568 20.1720275878906 20.0517234802246 19.8928527832031 19.7130165100098 19.4872436523438 19.2573375701904 19.0162811279297 18.8218193054199 18.6842823028564 18.5879287719727 18.5058879852295 18.4205455780029 18.3300457000732 18.2351970672607 18.1463356018066 18.0714321136475 18.0179977416992
18.064769744873 17.5723819732666 17.0277671813965 16.8741264343262 16.8082408905029 16.7883701324463 16.7970752716064 16.886791229248 16.9768161773682 17.010290145874 17.0213813781738 17.053409576416 17.1863384246826 17.3192157745361 17.3623867034912 17.4355945587158 17.5233039855957 17.6912422180176 17.9434375762939 18.2173233032227 18.5000553131104 18.7826862335205 19.0038528442383 19.2018909454346 19.410514831543 19.609676361084 19.7772979736328 19.8799896240234 19.954626083374 19.9792556762695 19.9369029998779 19.8548183441162 19.7419052124023 19.5700798034668 19.3761501312256 19.1922073364258 19.0346565246582 18.8820304870605 18.7527961730957 18.6580543518066 18.5671520233154 18.4794692993164 18.3998222351074 18.3189506530762 18.2369747161865 18.1515560150146 18.0829181671143
17.6106910705566 17.2739448547363 17.0142726898193 16.9068241119385 16.855260848999 16.8140144348145 16.8107509613037 16.9115238189697 17.037576675415 17.1060848236084 17.1645164489746 17.2073211669922 17.3149566650391 17.4004058837891 17.4066276550293 17.4306926727295 17.5105609893799 17.6574459075928 17.8478469848633 18.0668964385986 18.3033809661865 18.5330829620361 18.7731132507324 18.9679775238037 19.125509262085 19.2749576568604 19.430778503418 19.5340366363525 19.6038551330566 19.6566390991211 19.6600341796875 19.624174118042 19.541332244873 19.4167537689209 19.2960739135742 19.1764240264893 19.0733013153076 18.9782733917236 18.8796825408936 18.7751293182373 18.6777591705322 18.6001300811768 18.5161647796631 18.4265384674072 18.3375129699707 18.2494144439697 18.1644897460938
17.5587615966797 17.2861785888672 17.0410060882568 16.9402751922607 16.8863735198975 16.822696685791 16.8299655914307 16.9282627105713 17.0747261047363 17.2206592559814 17.3646755218506 17.4420127868652 17.4874725341797 17.5329551696777 17.5344276428223 17.5138072967529 17.5783290863037 17.6755428314209 17.8120231628418 17.9502811431885 18.1324081420898 18.3053894042969 18.485538482666 18.6811809539795 18.8447666168213 18.9994850158691 19.1241321563721 19.2096271514893 19.2460536956787 19.282678604126 19.3147220611572 19.3317642211914 19.3329315185547 19.3031520843506 19.2629051208496 19.2117309570312 19.1426792144775 19.0640449523926 18.978645324707 18.8856754302979 18.8088989257812 18.7406482696533 18.6749153137207 18.5913677215576 18.4891510009766 18.3828582763672 18.2804050445557
17.5410690307617 17.2760314941406 17.0574645996094 16.9526805877686 16.9057998657227 16.8402996063232 16.8682804107666 16.9494686126709 17.1069488525391 17.3361835479736 17.5130081176758 17.6179447174072 17.6811561584473 17.712610244751 17.7203025817871 17.6610050201416 17.6715068817139 17.7252025604248 17.7966804504395 17.8633785247803 17.9482383728027 18.0936698913574 18.2157802581787 18.362455368042 18.5224552154541 18.667516708374 18.8313865661621 18.9532680511475 19.0134010314941 19.0521926879883 19.0811405181885 19.1392078399658 19.2022323608398 19.2565288543701 19.2882823944092 19.2873992919922 19.2526893615723 19.1954174041748 19.1208744049072 19.0407009124756 18.9675140380859 18.9065380096436 18.8447723388672 18.7853755950928 18.692892074585 18.5525550842285 18.4246044158936
