Ecospace-environmental-drivers/Outputs/ASCII-for-ecospace/Temp-avg/Temp-avg_X2005.09.asc
NCOLS 131 
NROWS 53 
XLLCORNER -98 
YLLCORNER 23.9265270233154 
CELLSIZE 0.133587792515755 
NODATA_value -3.4e+38 
[rows 21 to 41 of 53, columns 47 to 93 of 131]
27.5857372283936 27.3736000061035 27.3734760284424 27.3257465362549 27.1747608184814 27.0220642089844 26.5057220458984 26.3294925689697 26.2883987426758 25.7739639282227 24.9446887969971 24.4835510253906 23.5636367797852 22.1712837219238 21.1837882995605 20.0397415161133 18.8485412597656 18.4720821380615 18.4893703460693 18.2974643707275 17.9185009002686 17.6319160461426 17.4815063476562 17.470401763916 17.2618236541748 17.1077404022217 17.1835594177246 17.3075084686279 17.3335247039795 17.2475280761719 17.3589897155762 17.5269222259521 17.7214622497559 17.9161338806152 18.1041145324707 18.3091011047363 18.5759391784668 19.0181255340576 20.058967590332 20.6752490997314 20.8697853088379 21.0081787109375 21.3122501373291 21.6743831634521 22.0539512634277 22.4015998840332 22.9059295654297
26.6151084899902 26.4243030548096 26.3862152099609 26.3549022674561 26.4087677001953 25.9866104125977 24.938943862915 25.104642868042 24.4056091308594 23.3383407592773 22.691930770874 22.1684131622314 21.8446731567383 21.0653533935547 20.2541656494141 19.7994899749756 18.6487522125244 18.3174648284912 17.9562301635742 17.9839153289795 17.8153820037842 17.5068321228027 17.4634609222412 17.1716232299805 17.0679092407227 17.0736885070801 17.1339836120605 17.3038997650146 17.2492504119873 17.234842300415 17.4120635986328 17.5548992156982 17.7008152008057 17.8853416442871 18.0715923309326 18.2643184661865 18.4777412414551 18.5670928955078 18.6568202972412 19.0202617645264 19.3983058929443 19.6103973388672 19.888277053833 20.4503707885742 20.9827136993408 21.3897171020508 21.9635353088379
25.1126594543457 24.9829730987549 25.28293800354 24.7071666717529 24.1961307525635 23.5927867889404 23.5549831390381 22.7709922790527 21.9845714569092 21.5129833221436 21.2762432098389 21.3516635894775 20.7191486358643 20.199613571167 19.3885135650635 18.9209671020508 18.581823348999 18.1551971435547 17.912088394165 17.8571624755859 17.8660888671875 17.6582489013672 17.5346908569336 17.1511116027832 17.144458770752 17.1762313842773 17.2575492858887 17.384880065918 17.255256652832 17.327600479126 17.4763603210449 17.5893363952637 17.7165603637695 17.8972835540771 18.0876522064209 18.2916946411133 18.5259132385254 18.5691089630127 18.3118000030518 18.3209819793701 18.3489875793457 18.2477035522461 18.4602603912354 18.9576416015625 19.649076461792 20.518985748291 21.1078243255615
23.1803741455078 23.185619354248 22.7202682495117 22.9639987945557 22.6985054016113 22.3210716247559 21.6969242095947 21.2818412780762 20.7020854949951 20.8817443847656 20.702657699585 20.7631416320801 19.971263885498 19.5354595184326 19.218994140625 18.9603118896484 18.5140781402588 18.324535369873 18.1598682403564 17.9375457763672 17.8970527648926 17.8680801391602 17.839427947998 17.5672397613525 17.4532146453857 17.4473133087158 17.2777462005615 17.3575878143311 17.4705905914307 17.5334854125977 17.5960521697998 17.6984004974365 17.8093681335449 17.9720802307129 17.937873840332 18.0588417053223 18.22678565979 18.3254737854004 18.3451042175293 18.3624477386475 18.3516273498535 18.2774181365967 18.1036968231201 17.9579734802246 18.3196315765381 19.2106018066406 20.2036399841309
22.2001514434814 21.9013748168945 21.700138092041 21.437349319458 21.079122543335 21.4097671508789 20.7367057800293 20.9044895172119 20.4933471679688 20.3697242736816 20.1639633178711 20.0301399230957 19.8526287078857 19.5640258789062 19.4033298492432 18.9715900421143 18.5094013214111 18.3659133911133 18.2703876495361 18.1835670471191 18.2079238891602 18.2588748931885 18.3115711212158 18.3046875 17.9940223693848 17.9723091125488 17.9260196685791 17.7207202911377 17.7360439300537 17.7660102844238 17.8056411743164 17.862154006958 17.9413108825684 18.0339851379395 17.9497032165527 18.1173572540283 18.2908554077148 18.3421020507812 18.377872467041 18.3721675872803 18.3534984588623 18.3132457733154 18.1651000976562 17.932092666626 17.6940135955811 18.0464382171631 19.1592216491699
21.3857040405273 21.4056606292725 21.2984390258789 20.6299324035645 20.6188068389893 20.800256729126 20.7770214080811 20.4756355285645 20.62619972229 20.4105529785156 20.4318046569824 20.2560920715332 20.2393074035645 19.7231254577637 19.2699127197266 18.8254661560059 18.65553855896 18.5820140838623 18.6024417877197 18.6432552337646 18.660026550293 18.757007598877 18.5248718261719 18.4881687164307 18.4971942901611 18.542236328125 18.5046634674072 18.2011337280273 18.0553035736084 18.060338973999 18.078031539917 18.127254486084 18.1695442199707 18.0407810211182 18.0742435455322 18.2466087341309 18.3882217407227 18.3721923828125 18.3909931182861 18.3598957061768 18.3245239257812 18.2984714508057 18.1793346405029 17.9659023284912 17.7137050628662 17.6154403686523 18.3016738891602
21.1523399353027 21.1373634338379 20.8451118469238 20.4786491394043 20.545373916626 20.5589332580566 20.4473896026611 20.6116390228271 20.5616130828857 20.2661666870117 20.1919956207275 20.12380027771 20.0720977783203 19.8161888122559 19.2158031463623 18.9738140106201 18.691427230835 18.6356010437012 18.8149662017822 18.9189434051514 19.1819381713867 18.9463119506836 18.9436225891113 19.0142555236816 19.047306060791 19.0584297180176 18.9961833953857 18.5751132965088 18.4488849639893 18.4430351257324 18.4519557952881 18.4472770690918 18.4769382476807 18.5250854492188 18.5013160705566 18.3665771484375 18.4721488952637 18.4193286895752 18.3786735534668 18.3239231109619 18.2899780273438 18.2599849700928 18.1674880981445 17.9740104675293 17.7511768341064 17.6300048828125 17.8176174163818
21.1345825195312 20.8498554229736 20.5707015991211 20.7484073638916 20.7366008758545 20.3700199127197 20.3375358581543 20.530403137207 20.3880577087402 20.395715713501 20.2144260406494 19.8976650238037 19.5503063201904 19.390661239624 19.1879692077637 19.0660820007324 18.9917163848877 18.9907665252686 19.012622833252 19.0544033050537 19.1984710693359 19.329475402832 19.4073734283447 19.461877822876 19.4227161407471 19.2207641601562 19.0580101013184 19.0218334197998 18.960376739502 18.9167804718018 18.8995151519775 18.8809776306152 18.8256912231445 18.8280372619629 18.7768383026123 18.792459487915 18.5906963348389 18.4925537109375 18.3647327423096 18.3012771606445 18.2752094268799 18.2490100860596 18.1502742767334 17.9827079772949 17.8002338409424 17.6571769714355 17.5917568206787
20.8001556396484 20.7703437805176 20.7578182220459 20.7263526916504 20.644998550415 20.5121173858643 20.4049434661865 20.2887477874756 20.121208190918 19.9752998352051 19.6281127929688 19.4788093566895 19.411792755127 19.3540458679199 19.3339996337891 19.259635925293 19.1904850006104 19.2318477630615 19.2582015991211 19.3612232208252 19.5076122283936 19.5932750701904 19.664867401123 19.724925994873 19.4183177947998 19.3788452148438 19.4397640228271 19.4671058654785 19.4650135040283 19.4133224487305 19.323221206665 19.2534637451172 19.1902084350586 19.1266136169434 19.1244316101074 19.1269989013672 18.7454376220703 18.577579498291 18.4173259735107 18.3471145629883 18.2933521270752 18.2179355621338 18.0956058502197 17.9615859985352 17.8244075775146 17.7072639465332 17.6068286895752
20.8494148254395 20.8360900878906 20.505859375 20.5065441131592 20.715181350708 20.5084133148193 20.5108242034912 20.370325088501 20.2155227661133 19.7396373748779 19.5820484161377 19.4157028198242 19.2132053375244 19.2678375244141 19.2409973144531 19.2069320678711 18.9842147827148 18.9504680633545 19.0984172821045 19.4034481048584 19.7531871795654 19.7983741760254 19.8390407562256 19.9254779815674 19.6470489501953 19.6241703033447 19.7046375274658 19.7483692169189 19.7642841339111 19.7259330749512 19.6691246032715 19.5797958374023 19.4877815246582 19.3765754699707 19.3173904418945 19.2689113616943 18.8987503051758 18.656551361084 18.4957733154297 18.3823070526123 18.2875156402588 18.1744155883789 18.0561676025391 17.9461059570312 17.8501796722412 17.7309036254883 17.6341133117676
20.5984935760498 20.9194755554199 20.7169132232666 20.6170845031738 20.7753887176514 20.7120265960693 20.5823574066162 20.4419994354248 20.2458992004395 19.7009716033936 19.4713325500488 19.1494121551514 19.0536308288574 18.9801235198975 18.9539203643799 18.9583644866943 19.0264472961426 19.1527347564697 19.283712387085 19.4076042175293 19.7631244659424 20.0272827148438 20.1073970794678 20.2171802520752 20.0411014556885 19.9148712158203 19.9728889465332 19.9861450195312 20.0069484710693 19.9888553619385 19.9291553497314 19.8231239318848 19.7133979797363 19.5532627105713 19.4455127716064 19.3728199005127 18.9327526092529 18.7090339660645 18.5446128845215 18.388053894043 18.2626342773438 18.133337020874 18.0231819152832 17.9452495574951 17.8614959716797 17.7342338562012 17.6456527709961
20.9430046081543 20.9464340209961 20.9279041290283 20.55029296875 20.8083152770996 20.450870513916 20.2004623413086 20.0681858062744 19.9266395568848 19.4262027740479 19.2456569671631 19.1379642486572 19.0354881286621 18.9740982055664 19.0044631958008 19.0916881561279 19.2339344024658 19.3498706817627 19.4519538879395 19.550500869751 19.6691398620605 19.941312789917 20.3270015716553 20.4386501312256 20.3978118896484 20.1843910217285 20.2335548400879 20.2582950592041 20.2515125274658 20.214391708374 20.1218891143799 19.9891967773438 19.8548316955566 19.6778793334961 19.5371551513672 19.4685802459717 18.9917602539062 18.7500476837158 18.5590190887451 18.3826713562012 18.237154006958 18.0980491638184 17.9935684204102 17.9203701019287 17.8311729431152 17.7219848632812 17.6191749572754
20.6128883361816 20.4970035552979 20.4448509216309 20.4417972564697 20.4781074523926 20.3006629943848 20.1320610046387 19.8569984436035 19.4839611053467 19.3173961639404 19.1842784881592 19.0751934051514 19.0075931549072 19.006420135498 19.0742206573486 19.2190818786621 19.3488712310791 19.4456462860107 19.5483093261719 19.6663951873779 19.8062648773193 19.9305629730225 20.1416149139404 20.2752017974854 20.3227310180664 20.3744277954102 20.4342002868652 20.4595794677734 20.4454345703125 20.3862133026123 20.2738380432129 20.1066513061523 19.9355869293213 19.7871742248535 19.6089725494385 19.3288459777832 18.9545059204102 18.7422466278076 18.5291957855225 18.3321514129639 18.1873798370361 18.0711688995361 17.9782428741455 17.8947658538818 17.7906169891357 17.6730098724365 17.5588417053223
20.5391616821289 20.4620418548584 20.419942855835 20.3924732208252 20.3345794677734 20.252498626709 19.8066082000732 19.5305690765381 19.3898792266846 19.1861228942871 18.8297653198242 18.6335506439209 18.7114181518555 18.680061340332 18.797758102417 19.063404083252 19.2802448272705 19.4586181640625 19.573450088501 19.7203102111816 19.8776836395264 20.0181312561035 20.1880226135254 20.3341693878174 20.4356174468994 20.5333290100098 20.5911598205566 20.6291103363037 20.5983867645264 20.5267505645752 20.400707244873 20.2175788879395 19.9108219146729 19.6271591186523 19.3277587890625 19.0571212768555 18.9159202575684 18.6983699798584 18.4840869903564 18.2987937927246 18.167064666748 18.0425930023193 17.9332504272461 17.825532913208 17.7077827453613 17.5857925415039 17.4682788848877
20.5246467590332 20.4380722045898 20.3825263977051 20.3402099609375 20.2713565826416 20.1578693389893 19.3472537994385 19.0587196350098 18.9065189361572 18.7663593292236 18.6655025482178 18.5816459655762 18.5681285858154 18.5791721343994 18.6690273284912 18.7986278533936 18.9006576538086 19.0323047637939 19.3051013946533 19.7082843780518 19.8949012756348 20.0461711883545 20.2406826019287 20.410623550415 20.543249130249 20.6657161712646 20.6993675231934 20.6961994171143 20.6594333648682 20.596342086792 20.3574504852295 19.9481773376465 19.7311477661133 19.5292434692383 19.331880569458 19.1034393310547 18.861349105835 18.638599395752 18.4404144287109 18.2801170349121 18.1396236419678 18.0069770812988 17.8658065795898 17.7271957397461 17.5890140533447 17.4540405273438 17.3767127990723
20.4683704376221 20.371337890625 20.2975158691406 20.0822696685791 19.8605804443359 19.3733673095703 19.0960693359375 18.9166736602783 18.7503299713135 18.6409702301025 18.5646133422852 18.5028400421143 18.4571228027344 18.4699878692627 18.5739250183105 18.6914901733398 18.7880573272705 18.8969383239746 19.0379257202148 19.2721881866455 19.6760158538818 20.0029678344727 20.2344341278076 20.4360542297363 20.5681438446045 20.6818885803223 20.7266235351562 20.7242488861084 20.6643409729004 20.4223117828369 20.1177558898926 19.9970607757568 19.8210163116455 19.603702545166 19.3852233886719 19.1715869903564 18.9098606109619 18.5785331726074 18.3640022277832 18.1905784606934 18.0799655914307 17.9523773193359 17.805362701416 17.6386775970459 17.4652805328369 17.351692199707 17.3361034393311
20.3352756500244 20.2071361541748 19.7908897399902 19.2798862457275 19.1250991821289 19.0334739685059 18.8879699707031 18.728048324585 18.5839405059814 18.4846591949463 18.4126586914062 18.341516494751 18.3258647918701 18.392448425293 18.4498519897461 18.532693862915 18.6271438598633 18.7308311462402 18.9052734375 19.0952949523926 19.271785736084 19.5864658355713 20.0130729675293 20.1126842498779 20.2500267028809 20.4388637542725 20.4388618469238 20.4449939727783 20.3172874450684 20.2092704772949 20.1437129974365 20.04469871521 19.8821907043457 19.6744270324707 19.4416179656982 19.1984214782715 18.9317398071289 18.5726146697998 18.2669544219971 18.0827541351318 17.9771556854248 17.8608207702637 17.7385063171387 17.5871467590332 17.428991317749 17.3232192993164 17.3218612670898
19.9324531555176 19.577392578125 19.1456565856934 19.0240688323975 18.9233322143555 18.8086032867432 18.6606025695801 18.5057544708252 18.384708404541 18.2920703887939 18.2133445739746 18.191255569458 18.2304649353027 18.245174407959 18.2999649047852 18.3729038238525 18.4289321899414 18.5835285186768 18.7834320068359 18.9634552001953 19.1212844848633 19.3203239440918 19.5967025756836 19.8344268798828 20.0025997161865 20.1259937286377 20.2213134765625 20.2587642669678 20.2677021026611 20.2447757720947 20.1859283447266 20.0856304168701 19.9206943511963 19.7415580749512 19.4791831970215 19.1961727142334 18.9277267456055 18.579252243042 18.2722206115723 18.0142230987549 17.8576641082764 17.7515964508057 17.6653633117676 17.5438194274902 17.4083309173584 17.3490600585938 17.3458862304688
19.1400051116943 18.9534873962402 18.8827533721924 18.7973041534424 18.6944923400879 18.5575981140137 18.4034461975098 18.2720470428467 18.1769313812256 18.0939598083496 18.0454730987549 18.0454540252686 18.0354099273682 18.0225601196289 18.0873260498047 18.1524906158447 18.2212886810303 18.370267868042 18.5697364807129 18.7857875823975 18.9699745178223 19.1404342651367 19.3874340057373 19.6481246948242 19.8564033508301 20.0158519744873 20.1387100219727 20.2065868377686 20.2411060333252 20.2307987213135 20.1997241973877 20.0963592529297 19.936939239502 19.7412261962891 19.4909858703613 19.1779861450195 18.8962802886963 18.5652408599854 18.2705821990967 18.0442848205566 17.8333892822266 17.6749706268311 17.5758037567139 17.5101642608643 17.4263496398926 17.3767738342285 17.4017086029053
18.8139305114746 18.7207050323486 18.6545104980469 18.5514488220215 18.4272613525391 18.2639865875244 18.1525764465332 18.056339263916 17.9710865020752 17.9045238494873 17.8702793121338 17.8434047698975 17.8246269226074 17.8460369110107 17.9048652648926 17.9496669769287 18.0313491821289 18.1691150665283 18.3699378967285 18.569429397583 18.7625102996826 18.9541149139404 19.161018371582 19.4097671508789 19.6461658477783 19.8417053222656 20.0010948181152 20.1007251739502 20.158540725708 20.162784576416 20.149751663208 20.0692234039307 19.9239234924316 19.7145328521729 19.4593505859375 19.1615390777588 18.8593845367432 18.5594959259033 18.3124237060547 18.1057872772217 17.9112014770508 17.7241134643555 17.5910720825195 17.5179615020752 17.4613857269287 17.4254398345947 17.4338436126709
18.5524597167969 18.4840869903564 18.4055309295654 18.2971038818359 18.1533851623535 18.0239868164062 17.9334602355957 17.8332138061523 17.743932723999 17.6999473571777 17.6570377349854 17.6330471038818 17.6455688476562 17.6731014251709 17.7108516693115 17.7920570373535 17.916524887085 18.0593852996826 18.2043571472168 18.3727340698242 18.5378704071045 18.7080173492432 18.8979606628418 19.1097850799561 19.3534526824951 19.5793113708496 19.7609786987305 19.9025764465332 19.9977722167969 20.0198745727539 20.0376071929932 19.9915237426758 19.851375579834 19.678991317749 19.4323844909668 19.1611976623535 18.8862171173096 18.628589630127 18.40159034729 18.2342395782471 18.0365867614746 17.8800888061523 17.7409515380859 17.6254367828369 17.5411491394043 17.4811668395996 17.4688549041748
