Ecospace-environmental-drivers/Outputs/ASCII-for-ecospace/Temp-avg/Temp-avg_X2010.10.asc
NCOLS 131 
NROWS 53 
XLLCORNER -98 
YLLCORNER 23.9265270233154 
CELLSIZE 0.133587792515755 
NODATA_value -3.4e+38 
[rows 0 to 20 of 53, columns 47 to 93 of 131]
-3.4e+38 -3.4e+38 -3.4e+38 -3.4e+38 -3.4e+38 -3.4e+38 -3.4e+38 -3.4e+38 -3.4e+38 -3.4e+38 -3.4e+38 -3.4e+38 -3.4e+38 -3.4e+38 -3.4e+38 -3.4e+38 -3.4e+38 -3.4e+38 -3.4e+38 -3.4e+38 -3.4e+38 -3.4e+38 -3.4e+38 -3.4e+38 -3.4e+38 -3.4e+38 -3.4e+38 -3.4e+38 -3.4e+38 -3.4e+38 -3.4e+38 -3.4e+38 -3.4e+38 -3.4e+38 -3.4e+38 -3.4e+38 -3.4e+38 -3.4e+38 -3.4e+38 -3.4e+38 -3.4e+38 -3.4e+38 -3.4e+38 -3.4e+38 -3.4e+38 -3.4e+38 -3.4e+38
-3.4e+38 -3.4e+38 -3.4e+38 -3.4e+38 -3.4e+38 -3.4e+38 -3.4e+38 -3.4e+38 -3.4e+38 -3.4e+38 -3.4e+38 -3.4e+38 -3.4e+38 -3.4e+38 -3.4e+38 -3.4e+38 -3.4e+38 -3.4e+38 -3.4e+38 -3.4e+38 -3.4e+38 -3.4e+38 -3.4e+38 -3.4e+38 -3.4e+38 -3.4e+38 -3.4e+38 -3.4e+38 -3.4e+38 -3.4e+38 -3.4e+38 -3.4e+38 -3.4e+38 -3.4e+38 -3.4e+38 -3.4e+38 -3.4e+38 -3.4e+38 -3.4e+38 -3.4e+38 -3.4e+38 -3.4e+38 -3.4e+38 -3.4e+38 -3.4e+38 -3.4e+38 -3.4e+38
-3.4e+38 -3.4e+38 -3.4e+38 -3.4e+38 -3.4e+38 -3.4e+38 -3.4e+38 -3.4e+38 -3.4e+38 -3.4e+38 -3.4e+38 -3.4e+38 -3.4e+38 -3.4e+38 -3.4e+38 -3.4e+38 -3.4e+38 -3.4e+38 -3.4e+38 -3.4e+38 -3.4e+38 -3.4e+38 -3.4e+38 -3.4e+38 -3.4e+38 -3.4e+38 -3.4e+38 23.7897682189941 23.7938232421875 -3.4e+38 -3.4e+38 -3.4e+38 -3.4e+38 -3.4e+38 -3.4e+38 -3.4e+38 -3.4e+38 -3.4e+38 -3.4e+38 -3.4e+38 -3.4e+38 -3.4e+38 -3.4e+38 -3.4e+38 -3.4e+38 -3.4e+38 -3.4e+38
-3.4e+38 -3.4e+38 -3.4e+38 -3.4e+38 -3.4e+38 -3.4e+38 -3.4e+38 -3.4e+38 -3.4e+38 -3.4e+38 -3.4e+38 -3.4e+38 -3.4e+38 -3.4e+38 -3.4e+38 -3.4e+38 -3.4e+38 -3.4e+38 -3.4e+38 -3.4e+38 -3.4e+38 -3.4e+38 -3.4e+38 -3.4e+38 -3.4e+38 -3.4e+38 -3.4e+38 23.7771949768066 23.7512664794922 -3.4e+38 -3.4e+38 -3.4e+38 -3.4e+38 -3.4e+38 -3.4e+38 -3.4e+38 -3.4e+38 -3.4e+38 -3.4e+38 -3.4e+38 -3.4e+38 -3.4e+38 -3.4e+38 -3.4e+38 -3.4e+38 -3.4e+38 -3.4e+38
-3.4e+38 -3.4e+38 -3.4e+38 -3.4e+38 -3.4e+38 -3.4e+38 -3.4e+38 -3.4e+38 -3.4e+38 24.0156021118164 24.0156021118164 24.0213394165039 24.0409698486328 -3.4e+38 -3.4e+38 -3.4e+38 -3.4e+38 -3.4e+38 23.8708572387695 23.7835292816162 23.6935482025146 23.7039489746094 23.6658687591553 23.8596515655518 23.9081516265869 23.9246444702148 23.812463760376 23.7578754425049 23.9241256713867 24.2388858795166 -3.4e+38 -3.4e+38 24.9331684112549 25.0778141021729 25.0120162963867 25.2182636260986 25.3694095611572 25.3632736206055 25.3799343109131 25.4121284484863 25.4722900390625 25.3763599395752 -3.4e+38 -3.4e+38 -3.4e+38 -3.4e+38 -3.4e+38
-3.4e+38 -3.4e+38 -3.4e+38 -3.4e+38 -3.4e+38 -3.4e+38 -3.4e+38 -3.4e+38 24.0156021118164 24.0156021118164 24.0156021118164 24.0156021118164 24.0270748138428 24.0498733520508 24.0713291168213 -3.4e+38 24.0433807373047 23.9692993164062 23.8618640899658 23.8687381744385 23.9812164306641 23.9009246826172 23.6396827697754 23.8030872344971 23.8845844268799 24.0309276580811 23.9407920837402 23.8686561584473 24.042797088623 24.26513671875 24.646800994873 24.766752243042 24.9557228088379 25.0770282745361 25.2664909362793 25.3786430358887 25.4113178253174 25.3893375396729 25.3452968597412 25.3557434082031 25.3160209655762 25.3369655609131 25.3801612854004 25.4640235900879 -3.4e+38 -3.4e+38 -3.4e+38
-3.4e+38 -3.4e+38 -3.4e+38 -3.4e+38 -3.4e+38 -3.4e+38 -3.4e+38 -3.4e+38 24.0300273895264 24.0156021118164 24.0156021118164 24.0156021118164 24.0156021118164 24.0385475158691 24.0740184783936 24.0713291168213 24.0855388641357 24.0473594665527 24.0115833282471 24.0278053283691 24.3572731018066 24.5808982849121 24.8101005554199 24.8842868804932 24.9038963317871 25.0364360809326 25.0443534851074 24.827299118042 24.7548446655273 24.8243160247803 24.9548053741455 25.2182884216309 25.3490924835205 25.4163990020752 25.4296779632568 24.9823455810547 24.5462055206299 24.8008861541748 25.0063800811768 25.0001125335693 24.9486961364746 25.0447387695312 25.1875667572021 25.2745704650879 25.4016571044922 25.3651809692383 -3.4e+38
-3.4e+38 -3.4e+38 -3.4e+38 -3.4e+38 -3.4e+38 -3.4e+38 -3.4e+38 -3.4e+38 -3.4e+38 -3.4e+38 24.0156021118164 24.0156021118164 24.0156021118164 -3.4e+38 24.0614929199219 24.1476497650146 24.2039413452148 24.2604484558105 24.1752586364746 24.2355213165283 24.4551792144775 24.6748504638672 25.1879844665527 25.4464092254639 25.4448833465576 25.4695625305176 25.4847297668457 25.4620304107666 25.4040851593018 25.4597454071045 25.5487003326416 25.5855846405029 25.5942096710205 25.3870296478271 24.8615570068359 23.7924709320068 23.7487258911133 24.1481628417969 24.7170124053955 24.8463764190674 24.8960571289062 24.972620010376 25.0988998413086 25.2094078063965 25.2930011749268 25.4288520812988 25.3372097015381
-3.4e+38 -3.4e+38 -3.4e+38 -3.4e+38 -3.4e+38 -3.4e+38 -3.4e+38 -3.4e+38 -3.4e+38 -3.4e+38 -3.4e+38 -3.4e+38 -3.4e+38 -3.4e+38 24.0967388153076 24.1323394775391 24.2803840637207 24.3114147186279 24.3435115814209 24.4566555023193 24.510648727417 24.5199565887451 25.2884101867676 25.5083312988281 25.4048385620117 25.454568862915 25.5480842590332 25.5874443054199 25.5730495452881 25.5712814331055 25.6107349395752 25.6560325622559 25.5147399902344 24.6003017425537 23.686840057373 23.3879890441895 23.5358180999756 23.8996829986572 24.2051601409912 24.6364192962646 24.8598442077637 25.0822677612305 25.1161365509033 25.1315116882324 25.2972278594971 25.3092956542969 25.3722171783447
24.5640907287598 -3.4e+38 -3.4e+38 -3.4e+38 -3.4e+38 -3.4e+38 -3.4e+38 -3.4e+38 -3.4e+38 -3.4e+38 24.522855758667 24.405101776123 -3.4e+38 -3.4e+38 -3.4e+38 24.3234691619873 24.3897914886475 24.5170993804932 24.5312767028809 24.5793228149414 24.5132789611816 24.7075824737549 25.4622974395752 25.5490455627441 25.4162292480469 25.5274791717529 25.6388130187988 25.6794090270996 25.6625747680664 25.6120758056641 25.6251163482666 25.563793182373 24.9650707244873 23.519323348999 23.1968269348145 23.2790508270264 23.4840869903564 23.6463565826416 23.8604030609131 24.170202255249 24.6925163269043 25.3085842132568 25.2673950195312 25.1918544769287 25.4245662689209 25.3554229736328 25.3839721679688
24.5314826965332 24.4184722900391 -3.4e+38 -3.4e+38 -3.4e+38 -3.4e+38 -3.4e+38 -3.4e+38 -3.4e+38 -3.4e+38 24.7071628570557 24.744255065918 24.7946014404297 -3.4e+38 -3.4e+38 24.4625339508057 24.5359439849854 24.6938629150391 24.6968803405762 24.6279830932617 24.5075817108154 25.2569637298584 25.6075496673584 25.6188564300537 25.5614547729492 25.7537040710449 25.8310928344727 25.7620697021484 25.7190685272217 25.648983001709 25.6162376403809 25.2870063781738 24.6149845123291 23.0012035369873 22.7744998931885 22.9188175201416 23.2239532470703 23.41184425354 23.6757793426514 23.9385623931885 24.3377475738525 24.8967456817627 25.2455615997314 25.3943157196045 25.5887699127197 25.4880886077881 25.4044876098633
24.5053367614746 24.4593887329102 24.6282653808594 24.7653484344482 -3.4e+38 -3.4e+38 -3.4e+38 -3.4e+38 -3.4e+38 -3.4e+38 -3.4e+38 24.6712532043457 24.7944107055664 24.7946014404297 24.8160953521729 24.6845779418945 24.6266689300537 24.6265640258789 24.6951427459717 24.5681743621826 25.127269744873 25.5915470123291 25.7533226013184 25.6261692047119 25.7028388977051 25.7654304504395 25.7652187347412 25.6632118225098 25.4374313354492 25.3906440734863 25.2611331939697 24.61012840271 22.9329624176025 22.0882740020752 21.7931632995605 21.7245140075684 22.0457954406738 22.6777610778809 23.2539558410645 23.6447906494141 23.9134292602539 24.2521686553955 24.9717426300049 25.4119071960449 25.6461277008057 25.5460929870605 25.4259071350098
24.6314449310303 24.5757274627686 24.7784042358398 24.8893737792969 -3.4e+38 -3.4e+38 -3.4e+38 -3.4e+38 24.7669353485107 24.7855529785156 24.6479549407959 24.6351470947266 24.6945514678955 24.894079208374 25.113166809082 25.0849838256836 24.8773231506348 24.7067832946777 24.8862171173096 24.7461566925049 25.1814079284668 25.4750385284424 25.6174411773682 25.7579669952393 25.7141170501709 25.5638637542725 25.1020374298096 24.513988494873 24.3095321655273 24.0456600189209 23.0608730316162 21.8230400085449 21.0391941070557 21.0745811462402 20.9589729309082 20.8045120239258 21.7378368377686 22.065938949585 22.5817775726318 23.131628036499 23.5074825286865 23.7608852386475 24.1591243743896 24.6674747467041 24.8730907440186 24.8653411865234 24.7989158630371
24.9960479736328 24.9431552886963 24.9151248931885 24.8744640350342 24.9156723022461 24.8743419647217 24.7825469970703 24.775146484375 24.7597160339355 24.7121067047119 24.6927623748779 24.4836387634277 24.6568298339844 25.1723384857178 25.4208602905273 25.2438869476318 25.0203323364258 25.0397052764893 25.1538486480713 25.1257019042969 24.9169445037842 25.0300254821777 25.4403667449951 25.0419731140137 24.1797866821289 23.8372669219971 23.1534423828125 22.3106174468994 21.5013809204102 20.5030708312988 19.6491088867188 19.253454208374 19.3338165283203 20.0631351470947 20.3503170013428 20.8659858703613 21.6204090118408 22.0277900695801 22.4140872955322 22.7337226867676 23.1197204589844 23.4206295013428 23.6454372406006 23.7346324920654 23.921350479126 24.1501541137695 24.4041328430176
25.0928859710693 25.1507148742676 24.9748477935791 24.8453750610352 24.9470825195312 24.8018531799316 24.7773208618164 24.764612197876 24.8194599151611 24.7709808349609 24.8942241668701 24.932710647583 25.3353157043457 25.6084442138672 25.708776473999 25.6206970214844 25.367151260376 25.4380359649658 25.5972690582275 25.6627712249756 24.8891410827637 24.3577785491943 24.1252212524414 22.9248733520508 22.0161247253418 21.38258934021 20.1599273681641 19.4898204803467 19.0674571990967 18.7054786682129 18.6397037506104 18.6422557830811 18.861457824707 19.4816379547119 20.1507263183594 21.0708904266357 21.6401081085205 22.2013645172119 22.288387298584 22.556245803833 22.8739013671875 23.291036605835 23.5620174407959 23.6915378570557 23.7800903320312 23.8395977020264 24.4277744293213
25.3389415740967 25.2311038970947 25.0459785461426 25.0232372283936 25.1763305664062 25.2121810913086 25.2002639770508 25.2227210998535 25.3266868591309 25.415210723877 25.4961071014404 25.6637363433838 25.7266273498535 25.787992477417 25.6715698242188 25.5798969268799 25.5966663360596 25.3593788146973 25.1575145721436 24.9257030487061 24.0925674438477 22.9761714935303 22.1809101104736 21.4130516052246 20.3468818664551 19.5365295410156 19.1580638885498 18.7036361694336 18.4953098297119 18.4257030487061 18.4140148162842 18.4430980682373 18.7747573852539 19.4532012939453 20.3304252624512 21.2230567932129 21.7417507171631 22.0902519226074 22.2667350769043 22.4692153930664 22.7888221740723 23.0273494720459 23.4225273132324 23.6890029907227 23.9072570800781 23.8569869995117 23.9936828613281
25.6892166137695 25.5212020874023 25.3165950775146 25.1611747741699 25.2575931549072 25.3968391418457 25.5358295440674 25.6187229156494 25.6369113922119 25.6888580322266 25.7778491973877 25.8785057067871 25.747465133667 25.5706901550293 25.3135433197021 25.2630519866943 25.1466445922852 24.8495922088623 24.2277603149414 23.3394680023193 22.0432968139648 20.7305431365967 20.00732421875 19.5693092346191 19.0968418121338 18.8764228820801 18.709056854248 18.4230766296387 18.3373947143555 18.2428379058838 18.131326675415 18.4631328582764 18.9542255401611 19.5057754516602 20.3274726867676 21.1127643585205 21.730504989624 21.9867076873779 22.2953052520752 22.3891620635986 22.6056175231934 22.9208126068115 23.2934494018555 23.5531044006348 23.7743301391602 23.977029800415 23.9630470275879
26.1237125396729 25.9550819396973 25.7657432556152 25.6135578155518 25.591739654541 25.6598205566406 25.800329208374 25.8771476745605 25.8942642211914 25.9030208587646 25.985538482666 25.7577648162842 24.4123668670654 23.7231330871582 24.2691593170166 24.9820384979248 24.8953323364258 24.419864654541 23.8412494659424 22.149564743042 20.3472080230713 19.2208290100098 18.9787330627441 18.5798416137695 18.4134063720703 18.3123798370361 18.3281326293945 18.1851177215576 18.0203990936279 18.079439163208 18.131591796875 18.5066413879395 19.001256942749 19.5334568023682 20.18869972229 20.9321212768555 21.442346572876 21.8484115600586 22.114616394043 22.1935596466064 22.4621620178223 22.832820892334 23.0525856018066 23.4298210144043 23.7282524108887 23.8675060272217 23.9622249603271
26.3748836517334 26.2805023193359 26.2067317962646 26.1258068084717 26.0873756408691 26.1024570465088 26.0924243927002 26.1315765380859 26.2124805450439 26.2723197937012 26.2354869842529 26.0550098419189 24.9765663146973 22.7190914154053 22.0263957977295 22.665189743042 22.8929996490479 23.1404762268066 22.5676898956299 21.3513717651367 20.1305351257324 19.10715675354 18.5467357635498 18.2559070587158 18.1283779144287 18.1294193267822 17.8184547424316 17.8577613830566 17.909294128418 17.9717884063721 17.9435710906982 18.2107315063477 18.8035926818848 19.4139766693115 19.9006175994873 20.6245212554932 21.0517387390137 21.4493026733398 21.7544422149658 22.0115089416504 22.1909408569336 22.3953380584717 22.8433876037598 23.1241703033447 23.459508895874 23.7507228851318 23.9259967803955
26.1765270233154 26.0704803466797 26.0984687805176 26.1528739929199 26.2633094787598 26.3215312957764 26.3207340240479 26.2797946929932 26.2694759368896 26.3075618743896 26.2557048797607 26.1294212341309 25.5119857788086 23.7913837432861 22.2844429016113 20.9503650665283 20.857759475708 21.140552520752 21.0404682159424 20.2515335083008 19.0089015960693 18.6563568115234 18.3201065063477 18.0566749572754 18.0011119842529 17.9702396392822 17.6790676116943 17.7369594573975 17.8110771179199 17.8930835723877 17.6845703125 17.7551956176758 18.3336181640625 19.0147953033447 19.5371341705322 20.056510925293 20.4675140380859 20.9108219146729 21.3467807769775 21.6195030212402 21.8573036193848 22.1709136962891 22.4127063751221 22.7309246063232 23.029167175293 23.391996383667 23.7353668212891
26.047550201416 25.8348178863525 25.7511596679688 25.8050117492676 25.8732147216797 25.8401184082031 25.8739109039307 25.8913879394531 25.9879722595215 26.0704288482666 25.670015335083 25.3704013824463 24.7362442016602 23.7775936126709 22.0915813446045 20.4125289916992 19.74267578125 19.7632923126221 19.8484878540039 19.0206394195557 18.6822853088379 18.234582901001 17.8700466156006 17.8672122955322 17.8921203613281 17.8045501708984 17.5641193389893 17.6187572479248 17.7050876617432 17.8012313842773 17.6086483001709 17.6245632171631 17.7575569152832 18.0644207000732 18.6140079498291 19.0408782958984 19.366268157959 19.9955215454102 20.6454811096191 21.0110683441162 21.2588424682617 21.6156616210938 21.8514347076416 22.1338691711426 22.2995929718018 22.7685775756836 23.1096858978271
