Ecospace-environmental-drivers/Outputs/ASCII-for-ecospace/Temp-avg/Temp-avg_X1991_mo03_avg28y.asc
NCOLS 131 
NROWS 53 
XLLCORNER -98 
YLLCORNER 23.9265270233154 
CELLSIZE 0.133587792515755 
NODATA_value -9999 
[rows 21 to 41 of 53, columns 47 to 93 of 131]
20.4765342984881 20.4356735774449 20.4525453703744 20.4561917441232 20.4580334254674 20.4887345858983 20.4261714390346 20.4701324871608 20.5315775190081 20.4632477760315 20.2250693866185 20.1209610530308 19.7850995063782 19.1048308100019 18.6033054760524 17.8260642460414 17.0746328149523 16.9708842209407 17.1399317128318 16.9772091593061 16.5921310697283 16.2279832363129 16.0672970499311 16.0382206439972 15.8296556472778 15.6636972767966 15.6315140383584 15.6425057479313 15.5916705812727 15.4193140438625 15.3868784563882 15.3800518853324 15.3933245795114 15.4580795764923 15.5533730983734 15.6653073515211 15.8419171060835 16.252160344805 17.015389408384 17.4866214139121 17.7365654196058 17.9319295883179 18.1976916449411 18.5011851446969 18.8159089769636 19.0369202068874 19.2929716791425
20.4391833032881 20.3909181867327 20.4021362577166 20.4268457548959 20.4900598526001 20.409227166857 20.0255314963205 20.2156128883362 20.011786869594 19.5293272563389 19.2654031344822 19.1277550969805 19.0399685587202 18.6374354362488 18.2205711773464 17.9503017834255 17.1769426209586 17.0227417605264 16.8502870627812 16.8317634378161 16.6145455496652 16.2707784175873 16.1210038661957 15.8466078553881 15.7453440938677 15.7005116939545 15.6840374469757 15.6856638704027 15.541189295905 15.3894190788269 15.3972281728472 15.4133240836007 15.4358679907663 15.4565634727478 15.4759387629373 15.5048907824925 15.525860956737 15.6305752822331 15.8984007835388 16.2122997897012 16.5751971857888 16.8759821142469 17.1962984289442 17.7120019027165 18.1651855877468 18.4964282853263 18.8558004243033
19.8690853118896 19.8015449387687 20.0143159457615 19.7657967294965 19.5677235467093 19.3052980559213 19.2994280542646 18.943347794669 18.6101179804121 18.4068922315325 18.4294582775661 18.6932555607387 18.4037090029035 18.1041226387024 17.6554524557931 17.5012400490897 17.2262412479946 16.9117353303092 16.7877581119537 16.7678375584739 16.6786934648241 16.3791011742183 16.2006614548819 15.8562000819615 15.8050994873047 15.7749366079058 15.7480456147875 15.7003412587302 15.4705459730966 15.4350161893027 15.4523903301784 15.4765160083771 15.4995716299329 15.5182600702558 15.5427083628518 15.5599217074258 15.5638211454664 15.5292975561959 15.3823112419673 15.4593716008323 15.5598008973258 15.6791103567396 16.0012555122375 16.5873952252524 17.2452492713928 17.9440010615758 18.3821704728263
18.6857453073774 18.7177680560521 18.5339461735317 18.7298934800284 18.6283738272531 18.4005517278399 18.0932318823678 17.8939377920968 17.5881644998278 17.8397062165397 17.8378179413932 18.1193174634661 17.7427455016545 17.5639478819711 17.4803300925664 17.4060215950012 17.1382126808167 16.9834359373365 16.8441891670227 16.6456763744354 16.5456056254251 16.4086984906878 16.3122958455767 16.0299607345036 15.9019229752677 15.8412547792707 15.6371810095651 15.5695009231567 15.5453097479684 15.5360783168248 15.5502106462206 15.5789944444384 15.6037449155535 15.61208319664 15.4749274594443 15.4469560555049 15.4190529414586 15.4321623870305 15.3778384753636 15.3631980759757 15.3444771085467 15.3450748239245 15.3819638320378 15.6055475984301 16.2034023148673 17.000627722059 17.8165372780391
17.8731530053275 17.781699180603 17.6726547649928 17.6540449687413 17.4822078091758 17.7044093268258 17.2951366901398 17.4097871439798 17.1951775210244 17.3259340694972 17.374126468386 17.4852426392691 17.5082560607365 17.507839850017 17.4878327846527 17.252110685621 16.9569442272186 16.8791399342673 16.7365233557565 16.6198324135372 16.5549003056117 16.5259193011693 16.4667937414987 16.3532715865544 16.0609035832541 16.0018981865474 15.9121942520142 15.6881101131439 15.6605219841003 15.656727041517 15.6689710617065 15.6977271011898 15.7247081143515 15.6779537882124 15.485109261104 15.506551027298 15.4957764829908 15.4867950507573 15.5004425730024 15.4596725872585 15.4366449628557 15.4102380956922 15.3894506522587 15.3953416006906 15.5029697077615 16.0574372155326 17.054952110563
17.1484633513859 17.1930127825056 17.1794729913984 16.8381035327911 16.8737708159855 17.121374811445 17.08160001891 17.0654397351401 17.1677478040968 17.1913468837738 17.3602336134229 17.3808329105377 17.4760036809104 17.3222038405282 17.2258481298174 16.9640310832432 16.8237655844007 16.7845478057861 16.7451481478555 16.7051977430071 16.6672440937587 16.6074239185878 16.354400736945 16.264009475708 16.1805144718715 16.1457511697497 16.102548122406 15.8967919009072 15.7956960201263 15.7926016875676 15.8060617106301 15.8327362196786 15.8549065589905 15.6862061704908 15.6090471403939 15.6364379950932 15.6402513640268 15.6287515844618 15.6103890963963 15.5911935738155 15.5684793676649 15.5300905023302 15.494966847556 15.466103042875 15.4340168748583 15.4624144009181 16.2803351538522
16.811995778765 16.8414750099182 16.7180502755301 16.4417837347303 16.6018546989986 16.7770600318909 16.7328360080719 16.9826615197318 17.0449989182608 16.9828094073704 17.0408210754395 17.1307030064719 17.1666850021907 17.0881705965315 16.8296832697732 16.7044812611171 16.5007723058973 16.4883891514369 16.6070818219866 16.655924149922 16.7432146072388 16.4822533130646 16.4139608315059 16.3804000445775 16.3329675197601 16.3109138011932 16.2907457692283 16.0127178600856 15.9510643482208 15.9609323910304 15.986501114709 16.021029812949 16.0502958978925 16.0660890170506 15.9994210856301 15.8167029448918 15.8164321354457 15.8113612106868 15.7905637877328 15.7557539599282 15.7181453364236 15.6729375634875 15.6145659174238 15.5618621621813 15.5105343205588 15.4441073622022 15.7520239012582
16.6116186891283 16.424239056451 16.3045628752027 16.3706283569336 16.4825045721871 16.4093189920698 16.5209849902562 16.7637798786163 16.8374560219901 16.9145784378052 16.9278066158295 16.7970158713205 16.6998454843249 16.6388154370444 16.5021513870784 16.5151426792145 16.498494216374 16.5096568720681 16.5376559666225 16.5405696460179 16.5448230334691 16.527644770486 16.5228807244982 16.5112920829228 16.4653145245143 16.3045541558947 16.1821272373199 16.1498490061079 16.1390670708248 16.1579011167799 16.2029302801405 16.2458738940103 16.2884642737252 16.3051544598171 16.2527367387499 16.2030428477696 16.0398596014295 16.014874117715 15.9930533000401 15.9522996289389 15.8989499637059 15.8387561525617 15.7542662961142 15.6737290109907 15.6070071288518 15.5254612990788 15.5075434276036
16.2929530824934 16.2707335948944 16.2351836817605 16.2602346965245 16.2748830659049 16.304845060621 16.3434410776411 16.4429359776633 16.5141971451896 16.5294912202018 16.4216904980796 16.4004915441786 16.394644839423 16.4148370538439 16.4439899240221 16.5058282784053 16.5461825302669 16.5704132148198 16.5886692660195 16.6000873361315 16.6140959603446 16.6411832060133 16.6613524981907 16.6686985833304 16.4419084276472 16.3740114484515 16.34503027371 16.3409158502306 16.3533256053925 16.3871765477317 16.4414073399135 16.4952890532357 16.5376904691969 16.5673733438764 16.5801014900208 16.5928525924683 16.3395567962102 16.2543573038919 16.2268603529249 16.181002003806 16.1156742572784 16.0304751396179 15.9287253107343 15.8215633460454 15.7172061715807 15.6184466566358 15.5338891233717
16.2375375202724 16.1929720810481 15.9591932296753 16.012992143631 16.2170716013227 16.1783915247236 16.3076546873365 16.3548683438982 16.4045822279794 16.2565161500658 16.2077141829899 16.1700956480844 16.1329428468432 16.2906725747245 16.370358637401 16.4398878301893 16.35262799263 16.3260836941855 16.3701156888689 16.5130690165928 16.7022212914058 16.7520295211247 16.7920047555651 16.8203816754477 16.5782989774432 16.5262069020953 16.5328443390983 16.5699843338558 16.6029963493347 16.6391247000013 16.6907180718013 16.7365159647805 16.7711518492017 16.8096728665488 16.8378718921116 16.8584268093109 16.628773518971 16.5262622833252 16.475746188845 16.4108027390071 16.3319268567222 16.2325134617942 16.1124210698264 15.9972400324685 15.8732747691018 15.7551239558629 15.6493185247694
16.0015824522291 16.1546162196568 16.0152396133968 15.9758642741612 16.1668071746826 16.1928208555494 16.2480791296278 16.305331332343 16.336161170687 16.0765970434461 16.0255201884678 15.9282958848136 15.9930873938969 16.0808224337442 16.1705904688154 16.2439549650465 16.2985458374023 16.3200395107269 16.3707327161516 16.429562500545 16.6419524465288 16.8393111910139 16.9032045432499 16.9555514880589 16.8017689841134 16.703286579677 16.7392759663718 16.7987242085593 16.8502730982644 16.8841368811471 16.9238521712167 16.962682894298 16.996830872127 17.0380865165166 17.0759942190988 17.102637222835 16.8506973811558 16.7676568371909 16.7169407435826 16.6422958033425 16.5518445287432 16.4436964307513 16.314670426505 16.1806301048824 16.0455793653216 15.9149592603956 15.7895229884556
16.131954056876 16.1354428018842 16.1012089252472 15.9069113731384 16.1371950762612 15.9504163605826 15.9081769330161 15.9602353913443 16.0242617470878 15.7997571059636 15.8278891359057 15.8681277547564 15.9452088219779 16.0330043520246 16.1315888336727 16.2114066055843 16.2829132761274 16.3410969802311 16.38971890722 16.4460145745959 16.5318359988076 16.7249341351645 16.992050920214 17.0680888039725 17.0185215473175 16.8592857973916 16.9272175856999 16.9997025898525 17.0626556532724 17.100843838283 17.1304081167494 17.1613731724875 17.1992505618504 17.2422947543008 17.2800703048706 17.3128488063812 17.0600772925786 16.9644552298955 16.9295031683786 16.8643665313721 16.7763254642487 16.6679943970272 16.5360723563603 16.3835937295641 16.2295535632542 16.0825888088771 15.9473280906677
15.8911645071847 15.8404317923955 15.8128076962062 15.7948160512107 15.905663047518 15.822879416602 15.8053276198251 15.7638918672289 15.6661966187613 15.692310333252 15.7624064173017 15.8390323775155 15.9306904247829 16.019654580525 16.1180558204651 16.2125864369529 16.2933524676732 16.3591876711164 16.4206043992724 16.4833101545061 16.5548944132669 16.6572603498186 16.8132651873997 16.9212147167751 16.9541206019265 16.9996767384665 17.0899128573281 17.1716572216579 17.2411181245531 17.28383234569 17.3139984948295 17.3434496266501 17.3803696632385 17.4181684425899 17.4572035585131 17.3659266744341 17.1656322819846 17.1581227779388 17.1239149570465 17.0691334860665 16.9920616831098 16.895421573094 16.768335376467 16.616263628006 16.4355825356075 16.2681489331382 16.1275381701333
15.8380006040846 15.7889608315059 15.7670110293797 15.7661583764212 15.8038253443582 15.7909114360809 15.6079898221152 15.5616725853511 15.6025863034385 15.6200167451586 15.5405387878418 15.5585672174181 15.7331307274955 15.7823000294822 15.8916960103171 16.1017895766667 16.2544788973672 16.3751415865762 16.4484564236232 16.5177893638611 16.6005458150591 16.6849643502917 16.7963073253632 16.9151471342359 17.0046503543854 17.1139238221305 17.2226870059967 17.3113668646131 17.3866774354662 17.4424348558698 17.4826409135546 17.5138114179884 17.4776556491852 17.4141196863992 17.3599246570042 17.3423583848136 17.3305654185159 17.3175904069628 17.3059409005301 17.269239459719 17.2028052466256 17.1145498411996 17.0004400866372 16.8562823023115 16.6691161564418 16.4734640802656 16.3058181830815
15.8542436531612 15.8160082953317 15.7848345552172 15.779571056366 15.7861599581582 15.8031073978969 15.3616081987109 15.2962375368391 15.3423981325967 15.3948109149933 15.4420942919595 15.5173668861389 15.629237481526 15.7348111357008 15.8500139032091 15.9363175119672 16.0297205107553 16.1201678003584 16.3047823224749 16.5395335810525 16.6175240789141 16.7092797074999 16.8113860402788 16.9248116697584 17.0582285949162 17.1990450109754 17.3216110978808 17.4157891273499 17.5029836722783 17.5709130082812 17.5322997570038 17.3893438747951 17.4219884872437 17.4667104312352 17.4962660585131 17.4802974632808 17.4796088763646 17.4825773239136 17.4806615965707 17.4511107376644 17.3944259711674 17.3233418464661 17.2224062170301 17.0873163768223 16.9086242743901 16.6990472929818 16.5045860154288
15.9099306719644 15.8750940390996 15.8384054728917 15.7363293511527 15.6546400955745 15.4186152049473 15.2825474739075 15.2967742511204 15.3400334971292 15.3825139318194 15.4408180713654 15.5249278885978 15.6151373045785 15.7121950558254 15.8262523923601 15.906267779214 15.9977004528046 16.0901527404785 16.1699113505227 16.298357963562 16.5266773360116 16.7188141345978 16.8287050042834 16.9554878984179 17.1086134229388 17.2647978918893 17.3938530853816 17.501910005297 17.5871747561864 17.5469348771232 17.458854675293 17.5018696103777 17.5630946840559 17.6065036569323 17.6106767313821 17.6203858511788 17.6342061587742 17.6404557568686 17.6408171994346 17.6148892130171 17.566073008946 17.5038077831268 17.4085106509072 17.2864813123431 17.1250327655247 16.9216834477016 16.7159213679177
15.9965072359358 15.9400807108198 15.688271522522 15.3930492401123 15.3412773949759 15.3241886070796 15.3009511743273 15.3223256724221 15.3577539580209 15.409396307809 15.4759602546692 15.5482665811266 15.6258109637669 15.7145040375846 15.8076515538352 15.898312330246 15.9845990453448 16.0617137295859 16.1492701598576 16.2525456632887 16.3367772442954 16.5027822426387 16.7427356924329 16.7957917622157 16.9578244004931 17.1686316217695 17.2472306319645 17.367253780365 17.4156459059034 17.482070854732 17.5479310240064 17.5936776569911 17.6650038106101 17.7045891966139 17.7413198947906 17.7657991136823 17.7800248691014 17.7935696669987 17.7850914342063 17.766950743539 17.7285198484148 17.6665611607688 17.5795550005777 17.4652829170227 17.3139273439135 17.1207148347582 16.9179151058197
15.9732342788151 15.7766296522958 15.4854007789067 15.3974478925977 15.3670508520944 15.3547300951821 15.3631960323879 15.3793136392321 15.4095628602164 15.4553555420467 15.5156163147518 15.5766939776284 15.645498411996 15.7227788652693 15.8128982271467 15.9082059519632 15.992814540863 16.0603838648115 16.1309336594173 16.2138696057456 16.3014486857823 16.4187367303031 16.5636780261993 16.7100122656141 16.8740111419133 17.0275598934719 17.1682645593371 17.3078287669591 17.4106044428689 17.5328183514731 17.6279208660126 17.692211832319 17.7614438533783 17.8216919898987 17.8689114706857 17.8974613802774 17.9129565102713 17.9230912412916 17.9186279092516 17.9059935978481 17.8752285071782 17.8144755363464 17.7355125972203 17.6293942928314 17.4834837232317 17.3070785999298 17.1117003645216
15.7281179768699 15.617789370673 15.5386556216649 15.4973371369498 15.4740396227155 15.4579807690212 15.4558685847691 15.4579673494611 15.4721390179225 15.505384683609 15.5507095881871 15.6051297869001 15.6714112758636 15.7486859049116 15.832411800112 15.924428497042 16.0010432856423 16.0550747258323 16.1132844516209 16.1869718006679 16.2771340438298 16.3793558733804 16.5217023577009 16.6641359329224 16.8418928214482 17.013308763504 17.1480941091265 17.2888003076826 17.4290174075535 17.5628004414695 17.6783095087324 17.7756797926767 17.8552231107439 17.9197243622371 17.9760047367641 18.0132656778608 18.03258732387 18.0462207453591 18.0499184812818 18.0372403008597 18.0056052548545 17.950622013637 17.8732557296753 17.7742969649179 17.6393569196974 17.4783734934671 17.2940919739859
15.7290338107518 15.6822569029672 15.6518450464521 15.6274584702083 15.6012667587825 15.5771020480565 15.5613937718528 15.5575977734157 15.5614007541112 15.5725426333291 15.5965682438442 15.6418500968388 15.7046467576708 15.7804718017578 15.8523541178022 15.9363242217473 16.0036157199315 16.0484143665859 16.0941054480416 16.1598417077746 16.251464673451 16.357898746218 16.493415594101 16.6463852269309 16.8171429974692 16.9850133487156 17.1496252332415 17.3016721861703 17.456027678081 17.6044965812138 17.7288787024362 17.834593125752 17.9218473434448 17.9946785994938 18.0585848944528 18.1034709044865 18.1302372046879 18.1459307670593 18.1501402854919 18.1404431206839 18.1094689028604 18.0585152081081 17.9859691006797 17.8930944715227 17.7679712431771 17.6193698133741 17.448237998145
15.8156903811863 15.787483385631 15.7656789507185 15.7421710831778 15.7167430605207 15.6930638040815 15.6717058249882 15.6598748138973 15.6559701647077 15.6504366738456 15.6606098583766 15.6918008668082 15.7419579029083 15.8092923845564 15.8757494517735 15.9420288971492 16.0012103830065 16.0392373289381 16.0777689729418 16.1334348746708 16.2209246499198 16.3212045601436 16.4552301679339 16.611376285553 16.7891534737178 16.9674632208688 17.1405504431043 17.3113156386784 17.4802958965302 17.6306736469269 17.7564991542271 17.8667831761496 17.9613620553698 18.0431730747223 18.1125540052141 18.163766179766 18.1946202686855 18.2144776412419 18.2187280995505 18.211711372648 18.1846945966993 18.1383986132486 18.0723533289773 17.9865674631936 17.8683612346649 17.7321860449655 17.5744550909315
