Ecospace-environmental-drivers/Outputs/ASCII-for-ecospace/Temp-avg/Temp-avg_X2013.01.asc
NCOLS 131 
NROWS 53 
XLLCORNER -98 
YLLCORNER 23.9265270233154 
CELLSIZE 0.133587792515755 
NODATA_value -3.4e+38 
[rows 21 to 41 of 53, columns 0 to 46 of 131]
-3.4e+38 -3.4e+38 -3.4e+38 -3.4e+38 -3.4e+38 -3.4e+38 16.3152885437012 16.2647666931152 16.0771732330322 16.1243381500244 16.253870010376 15.6472797393799 15.7050952911377 16.3496112823486 16.881706237793 17.273645401001 17.6096687316895 17.9640121459961 18.3635787963867 18.7706508636475 19.0680694580078 19.2016448974609 19.4177780151367 19.6621913909912 19.8118019104004 19.8110771179199 19.8831253051758 20.0385913848877 20.2720470428467 20.5585060119629 20.7694225311279 20.9556980133057 21.1057300567627 21.2476081848145 21.366626739502 21.4155349731445 21.3994045257568 21.4023017883301 21.4981746673584 21.5645122528076 21.583776473999 21.6155014038086 21.6041812896729 21.5782794952393 21.5861663818359 21.6224308013916 21.6269245147705
-3.4e+38 -3.4e+38 -3.4e+38 -3.4e+38 -3.4e+38 -3.4e+38 16.3400096893311 16.2905673980713 16.163724899292 15.717677116394 15.7707624435425 16.0574226379395 16.7389888763428 17.5129070281982 18.0658531188965 18.5148086547852 18.8570785522461 19.1528263092041 19.5092010498047 19.818531036377 20.0024280548096 20.0982875823975 20.1607284545898 20.2846183776855 20.3900394439697 20.3976631164551 20.4266605377197 20.538257598877 20.7101058959961 20.8764228820801 21.0695247650146 21.3288879394531 21.5245265960693 21.6063289642334 21.6207332611084 21.6198902130127 21.5978317260742 21.5621280670166 21.596830368042 21.6699066162109 21.7129554748535 21.7017784118652 21.6502799987793 21.6110076904297 21.5832099914551 21.6168231964111 21.6716041564941
-3.4e+38 -3.4e+38 -3.4e+38 -3.4e+38 16.4081077575684 16.4964218139648 16.3203048706055 16.2949695587158 15.9867134094238 15.8488473892212 16.3731632232666 17.028148651123 17.9538459777832 18.7603778839111 19.3146858215332 19.7051372528076 19.9553184509277 20.1619300842285 20.4344692230225 20.5709266662598 20.6182498931885 20.6857452392578 20.7227249145508 20.7866458892822 20.8193340301514 20.7971115112305 20.7271537780762 20.7940521240234 21.0393619537354 21.1857776641846 21.3347969055176 21.4196128845215 21.4788646697998 21.5125942230225 21.418872833252 21.4059791564941 21.41552734375 21.4061717987061 21.4061908721924 21.1320056915283 21.1818408966064 21.2485828399658 21.1180553436279 21.0228252410889 21.0818347930908 21.2652969360352 21.2432518005371
-3.4e+38 -3.4e+38 -3.4e+38 -3.4e+38 16.4955577850342 16.3206558227539 17.0055809020996 16.0631828308105 15.9389123916626 16.4711627960205 17.205982208252 18.1939258575439 19.2594413757324 19.9101734161377 20.2772464752197 20.5026035308838 20.6298370361328 20.748836517334 20.8544139862061 20.8191299438477 20.7063598632812 20.6033363342285 20.5322914123535 20.4569072723389 20.4952163696289 20.5468044281006 20.3895626068115 20.4556102752686 20.6582813262939 20.4980049133301 20.6074104309082 20.7595825195312 20.9478931427002 20.8712139129639 21.0450553894043 21.105281829834 20.8105182647705 20.7632732391357 20.6069183349609 19.8875522613525 20.0797443389893 20.1693744659424 20.6110992431641 20.2789764404297 20.4724979400635 20.7559642791748 20.8686218261719
-3.4e+38 -3.4e+38 -3.4e+38 -3.4e+38 -3.4e+38 16.3996963500977 16.750955581665 15.8905086517334 16.3004417419434 17.0941467285156 18.1383628845215 19.2327919006348 20.0442028045654 20.4504051208496 20.6529960632324 20.7882823944092 20.8933601379395 20.8199310302734 20.670919418335 20.2600364685059 19.8095684051514 19.2953968048096 18.9673919677734 19.1385746002197 19.1138572692871 19.0126152038574 19.07297706604 19.2713279724121 19.60569190979 19.3350124359131 19.7329025268555 20.0544147491455 20.3196907043457 20.2329254150391 20.4870719909668 20.5073184967041 20.6300487518311 20.5665836334229 20.3272953033447 19.1235103607178 19.1752662658691 19.2467193603516 19.53297996521 19.5221042633057 19.466438293457 19.6491146087646 19.4489936828613
-3.4e+38 -3.4e+38 -3.4e+38 -3.4e+38 -3.4e+38 16.4838123321533 15.8552160263062 16.1682605743408 16.8816986083984 17.7285060882568 18.6504878997803 19.4926872253418 20.2854824066162 20.6042175292969 20.698371887207 20.5845375061035 20.2000961303711 19.356803894043 18.5971755981445 17.7941722869873 17.3054981231689 16.9868927001953 16.9883308410645 17.2839279174805 17.4090194702148 17.2124881744385 17.2401313781738 17.2424850463867 17.4087390899658 18.2311744689941 18.1444644927979 18.6829853057861 18.9874897003174 19.9501609802246 20.4057655334473 20.1565589904785 20.4115314483643 20.0269336700439 18.7208099365234 18.1213970184326 18.8480072021484 19.0514316558838 18.7832279205322 18.7810096740723 18.3449020385742 18.2560482025146 18.5087585449219
-3.4e+38 -3.4e+38 16.9272918701172 16.4114398956299 16.1576347351074 16.2366065979004 16.0225505828857 16.8228416442871 17.8473033905029 18.755485534668 19.2296447753906 19.717960357666 20.3589553833008 20.5477485656738 20.4502487182617 19.9018497467041 18.96604347229 18.1675052642822 17.2606182098389 16.8128509521484 16.5104827880859 16.2639064788818 16.4259757995605 16.5237598419189 16.5617733001709 16.5851535797119 16.5988655090332 16.3821506500244 16.4451923370361 16.6916389465332 17.31516456604 18.0872001647949 18.5919418334961 19.2923393249512 19.1809825897217 19.5206565856934 19.3487548828125 18.5888938903809 18.0470027923584 17.665225982666 18.4404010772705 17.8381404876709 17.64328956604 17.7438468933105 18.0670623779297 18.0793323516846 17.2573070526123
-339999999999999996128486808808066248288.000000000000000 -3.4e+38 -3.4e+38 -3.4e+38 16.1493911743164 16.0940990447998 16.4451370239258 17.5538997650146 18.6448554992676 19.4792766571045 19.9129314422607 20.2199363708496 20.4375457763672 20.2933692932129 19.7929935455322 18.8905696868896 18.1430282592773 17.2827835083008 16.5835189819336 16.3144512176514 16.0981178283691 15.8840913772583 15.9550724029541 16.1429080963135 16.1745452880859 16.1842632293701 16.1581954956055 16.0825424194336 15.9170980453491 16.2237014770508 16.9251594543457 17.7714977264404 18.2728366851807 18.4286708831787 18.5119304656982 18.3564567565918 18.1174659729004 18.0858860015869 17.936544418335 17.0529747009277 17.328426361084 17.2500877380371 17.1795082092285 17.0602188110352 17.4296875 17.161449432373 16.12619972229
-3.4e+38 -3.4e+38 -3.4e+38 -3.4e+38 15.8507823944092 16.1632442474365 16.8961734771729 18.1063270568848 19.1581611633301 19.8896617889404 20.3375778198242 20.3714084625244 20.200231552124 19.9086761474609 19.0125579833984 18.4187831878662 17.7334518432617 16.941535949707 16.2408123016357 15.8183174133301 15.7589712142944 15.6352987289429 15.6904973983765 15.7245588302612 15.7227239608765 15.7429552078247 15.875563621521 15.9473390579224 15.4870271682739 15.8916101455688 16.8203125 16.9832706451416 17.5556869506836 17.5552825927734 17.7765197753906 17.6438598632812 17.5680599212646 17.3462219238281 17.4184169769287 16.7884063720703 16.8036956787109 16.7119617462158 16.1543827056885 15.7467107772827 15.7082538604736 15.9834613800049 15.4369773864746
-3.4e+38 -3.4e+38 -3.4e+38 -3.4e+38 16.0384731292725 16.3935928344727 17.2452697753906 18.5668277740479 19.6584186553955 20.3403205871582 20.5375595092773 20.2198085784912 19.8174934387207 19.1724262237549 18.4452152252197 17.7770519256592 17.1017208099365 16.6529808044434 15.980996131897 15.5357723236084 15.4139318466187 15.152382850647 15.1482315063477 15.1292400360107 15.3066759109497 15.4961452484131 15.7412433624268 15.769154548645 15.5536117553711 15.7129964828491 16.3598022460938 16.6868915557861 16.3476295471191 16.9316215515137 17.0663471221924 16.2913131713867 16.4837341308594 16.6367130279541 16.5292263031006 16.3238754272461 16.2122192382812 15.8925075531006 15.7312812805176 15.6478929519653 15.5429430007935 15.4068441390991 15.3677358627319
-3.4e+38 -3.4e+38 -3.4e+38 -3.4e+38 16.2852001190186 16.5327301025391 17.4580020904541 18.9241199493408 20.0490226745605 20.7003707885742 20.6790561676025 20.0397338867188 19.6316432952881 18.7940483093262 18.1006317138672 17.3005886077881 16.770658493042 16.5043697357178 15.7072877883911 15.2538318634033 14.9975967407227 14.8482818603516 14.8645830154419 14.8796310424805 14.895450592041 15.1140794754028 15.5227165222168 15.327657699585 14.594841003418 15.2440900802612 16.14235496521 16.0180034637451 15.9354295730591 16.2787494659424 16.1469421386719 15.8123922348022 15.7990112304688 16.3401546478271 15.7808637619019 15.9002799987793 15.6053771972656 15.4954929351807 15.2109985351562 15.3907737731934 15.1107769012451 15.3056001663208 15.323899269104
-3.4e+38 -3.4e+38 -3.4e+38 -3.4e+38 16.4318141937256 16.6904144287109 17.5065288543701 18.944694519043 20.1535148620605 20.8733692169189 20.8551597595215 20.2542896270752 19.58349609375 18.7338981628418 17.8158588409424 17.0909767150879 16.2028713226318 15.9078960418701 15.5844745635986 15.0474090576172 14.7056713104248 14.5472631454468 14.5700845718384 14.7833261489868 14.8032779693604 14.8549146652222 15.122218132019 14.9409561157227 14.7451591491699 15.4538793563843 15.7006387710571 15.3878049850464 15.5673971176147 15.5645694732666 16.0476684570312 15.8792304992676 16.0206356048584 15.7602424621582 15.6283903121948 15.6264495849609 15.4456052780151 15.4114017486572 15.2761011123657 15.1570777893066 15.359790802002 15.0631999969482 14.9914855957031
-3.4e+38 -3.4e+38 -3.4e+38 -3.4e+38 16.7631492614746 16.8487224578857 17.4126815795898 18.7210998535156 19.9292049407959 20.8046722412109 21.0415840148926 20.5937786102295 19.936939239502 18.918119430542 17.7633514404297 16.6806373596191 15.7173690795898 15.5251579284668 15.2059507369995 14.8480110168457 14.6017990112305 14.5111742019653 14.448166847229 14.4494676589966 14.634744644165 14.7894954681396 14.9582490921021 14.9599151611328 15.0735635757446 15.2470512390137 15.2328729629517 15.2350149154663 15.3620347976685 15.2647342681885 15.2599515914917 15.3971261978149 15.4319772720337 15.3870134353638 15.4160585403442 15.2173175811768 15.0973472595215 15.0974254608154 14.9358072280884 15.095139503479 15.0636415481567 15.0058069229126 14.9814319610596
-3.4e+38 -3.4e+38 -3.4e+38 -3.4e+38 -3.4e+38 16.9517841339111 17.3970623016357 18.522439956665 19.6021308898926 20.5212097167969 21.0311470031738 20.9773464202881 20.5157203674316 19.1122570037842 17.8523941040039 16.5286750793457 15.7423639297485 15.4505224227905 15.0387887954712 14.6869192123413 14.5657510757446 14.4773578643799 14.4255714416504 14.4061813354492 14.4378299713135 14.3062372207642 14.3203582763672 14.4634008407593 14.7252397537231 14.822546005249 14.9763698577881 15.2275981903076 15.2684650421143 15.1340084075928 15.1569538116455 15.201075553894 15.1851301193237 15.3290586471558 15.262038230896 15.1076755523682 15.136908531189 15.1305570602417 15.0017290115356 14.9200000762939 14.962061882019 15.0415391921997 14.9136390686035
-3.4e+38 -3.4e+38 -3.4e+38 -3.4e+38 -3.4e+38 16.8512802124023 17.1341228485107 18.2932567596436 19.3347797393799 20.2319030761719 20.9194355010986 21.1421298980713 20.7357501983643 19.549129486084 17.9724006652832 16.7326889038086 15.8810720443726 15.3529624938965 14.8511619567871 14.6110830307007 14.5165071487427 14.4407787322998 14.4280910491943 14.215368270874 14.2048301696777 13.9960699081421 14.0305147171021 14.2914581298828 14.6609392166138 14.9526844024658 15.0439920425415 15.1270456314087 15.2171401977539 15.0390739440918 15.0380897521973 15.0888376235962 15.1291770935059 15.1686944961548 15.2063255310059 15.1674585342407 15.2377405166626 15.0235691070557 14.9201879501343 15.012469291687 14.8307399749756 14.8961277008057 14.7281875610352
-3.4e+38 -3.4e+38 -3.4e+38 -3.4e+38 -3.4e+38 17.0923023223877 17.0082244873047 18.1804313659668 19.2532424926758 20.2088108062744 20.8759136199951 21.3075332641602 21.4740238189697 19.7223072052002 18.0516834259033 16.7630653381348 16.050012588501 15.4224224090576 14.8844537734985 14.537145614624 14.463228225708 14.3990440368652 14.1184101104736 14.1259241104126 14.1051769256592 13.7597036361694 13.8927402496338 14.3195028305054 14.500563621521 14.789361000061 14.8545579910278 14.9571485519409 14.9906854629517 15.0694456100464 14.7228507995605 14.8761281967163 15.2117214202881 15.2798795700073 15.2454786300659 15.3552446365356 15.3719272613525 15.1206665039062 14.9815368652344 14.9844102859497 15.002329826355 14.8605298995972 14.792742729187
-3.4e+38 -3.4e+38 -3.4e+38 -3.4e+38 -3.4e+38 -3.4e+38 17.1415214538574 18.1810054779053 19.3479251861572 20.3247909545898 20.9911460876465 21.6306629180908 21.6138114929199 19.4732074737549 17.9896831512451 16.7858123779297 16.1859130859375 15.6337041854858 14.844988822937 14.4767904281616 14.3134746551514 14.1473112106323 13.8949928283691 13.8363513946533 13.6825666427612 13.7001428604126 13.7872438430786 13.9875535964966 14.0919218063354 14.3250598907471 14.5281648635864 14.5792455673218 14.8112421035767 14.9088668823242 14.7075052261353 14.8084754943848 15.0040473937988 15.0768938064575 15.1110973358154 15.2641897201538 15.1747560501099 15.1533336639404 15.0932741165161 15.0143728256226 14.9611015319824 14.9387884140015 14.7776527404785
-3.4e+38 -3.4e+38 -3.4e+38 -3.4e+38 -3.4e+38 -3.4e+38 17.092155456543 18.319314956665 19.5877914428711 20.5898418426514 21.306640625 21.9805908203125 21.7709903717041 19.6623630523682 17.9719696044922 16.9489879608154 16.3524131774902 15.6441316604614 14.6394910812378 14.4013738632202 14.1543025970459 14.1223392486572 13.8772287368774 13.6474838256836 13.5798664093018 13.6606044769287 13.8435258865356 13.758002281189 13.8484621047974 13.9869337081909 14.104606628418 14.2131538391113 14.32004737854 14.4354724884033 14.5170383453369 14.5661888122559 14.7030067443848 15.0456409454346 15.2599592208862 15.2850303649902 15.2959518432617 15.2802581787109 15.1968307495117 15.0994920730591 15.0397729873657 14.9994382858276 14.9419736862183
-3.4e+38 -3.4e+38 -3.4e+38 -3.4e+38 -3.4e+38 -3.4e+38 17.5817813873291 18.6148376464844 20.0075454711914 20.990364074707 21.7037220001221 22.1268177032471 21.6143455505371 19.8079280853271 18.0879497528076 17.1517715454102 16.6631202697754 16.0204105377197 14.6071109771729 14.1944007873535 14.0589733123779 13.8213882446289 13.5506219863892 13.4886703491211 13.4072141647339 13.4946002960205 13.623966217041 13.8383312225342 13.9221630096436 14.0547533035278 14.1874570846558 14.3122854232788 14.4206953048706 14.5218000411987 14.6147766113281 14.6844959259033 14.7263593673706 14.794171333313 14.9128484725952 15.1474142074585 15.298433303833 15.2742710113525 15.216911315918 14.9872465133667 14.8365650177002 14.8651275634766 14.9853868484497
-3.4e+38 -3.4e+38 -3.4e+38 -3.4e+38 -3.4e+38 17.7592601776123 17.6582164764404 18.9447841644287 20.3677539825439 21.3272438049316 21.9379425048828 22.11354637146 21.4368133544922 19.7627124786377 18.063591003418 17.1962299346924 16.7786350250244 16.0989437103271 15.0147504806519 13.97008228302 13.9238634109497 13.7942266464233 13.5685472488403 13.4309520721436 13.4354162216187 13.5353622436523 13.6750583648682 13.8115968704224 13.9782752990723 14.1267156600952 14.267147064209 14.4055013656616 14.5275201797485 14.6388177871704 14.7370471954346 14.8131694793701 14.8580312728882 14.8718070983887 14.8676881790161 14.8522024154663 14.8290195465088 14.8180694580078 14.8380937576294 14.8751258850098 14.7786598205566 14.7218770980835 14.5451154708862
-3.4e+38 -3.4e+38 -3.4e+38 -3.4e+38 18.4865379333496 18.1028995513916 18.037784576416 19.1422367095947 20.6433906555176 21.5992755889893 22.08030128479 22.040376663208 21.1684284210205 19.2584533691406 17.7864971160889 17.0425415039062 16.8364715576172 16.1362743377686 15.3491458892822 14.2781038284302 13.8280906677246 13.6040630340576 13.3810033798218 13.3617753982544 13.4425611495972 13.5518598556519 13.7034397125244 13.8604516983032 14.0444030761719 14.1970052719116 14.3359708786011 14.4789228439331 14.6147193908691 14.7440214157104 14.8553857803345 14.9216451644897 14.9534006118774 14.9541034698486 14.9402732849121 14.9096908569336 14.8679533004761 14.8116703033447 14.738374710083 14.6766815185547 14.6917448043823 14.5798110961914 14.4886999130249
