Ecospace-environmental-drivers/Outputs/ASCII-for-ecospace/Temp-avg/Temp-avg_X2009.04.asc
NCOLS 131 
NROWS 53 
XLLCORNER -98 
YLLCORNER 23.9265270233154 
CELLSIZE 0.133587792515755 
NODATA_value -3.4e+38 
[rows 0 to 20 of 53, columns 47 to 93 of 131]
-3.4e+38 -3.4e+38 -3.4e+38 -3.4e+38 -3.4e+38 -3.4e+38 -3.4e+38 -3.4e+38 -3.4e+38 -3.4e+38 -3.4e+38 -3.4e+38 -3.4e+38 -3.4e+38 -3.4e+38 -3.4e+38 -3.4e+38 -3.4e+38 -3.4e+38 -3.4e+38 -3.4e+38 -3.4e+38 -3.4e+38 -3.4e+38 -3.4e+38 -3.4e+38 -3.4e+38 -3.4e+38 -3.4e+38 -3.4e+38 -3.4e+38 -3.4e+38 -3.4e+38 -3.4e+38 -3.4e+38 -3.4e+38 -3.4e+38 -3.4e+38 -3.4e+38 -3.4e+38 -3.4e+38 -3.4e+38 -3.4e+38 -3.4e+38 -3.4e+38 -3.4e+38 -3.4e+38
-3.4e+38 -3.4e+38 -3.4e+38 -3.4e+38 -3.4e+38 -3.4e+38 -3.4e+38 -3.4e+38 -3.4e+38 -3.4e+38 -3.4e+38 -3.4e+38 -3.4e+38 -3.4e+38 -3.4e+38 -3.4e+38 -3.4e+38 -3.4e+38 -3.4e+38 -3.4e+38 -3.4e+38 -3.4e+38 -3.4e+38 -3.4e+38 -3.4e+38 -3.4e+38 -3.4e+38 -3.4e+38 -3.4e+38 -3.4e+38 -3.4e+38 -3.4e+38 -3.4e+38 -3.4e+38 -3.4e+38 -3.4e+38 -3.4e+38 -3.4e+38 -3.4e+38 -3.4e+38 -3.4e+38 -3.4e+38 -3.4e+38 -3.4e+38 -3.4e+38 -3.4e+38 -3.4e+38
-3.4e+38 -3.4e+38 -3.4e+38 -3.4e+38 -3.4e+38 -3.4e+38 -3.4e+38 -3.4e+38 -3.4e+38 -3.4e+38 -3.4e+38 -3.4e+38 -3.4e+38 -3.4e+38 -3.4e+38 -3.4e+38 -3.4e+38 -3.4e+38 -3.4e+38 -3.4e+38 -3.4e+38 -3.4e+38 -3.4e+38 -3.4e+38 -3.4e+38 -3.4e+38 -3.4e+38 22.5041656494141 22.5775985717773 -3.4e+38 -3.4e+38 -3.4e+38 -3.4e+38 -3.4e+38 -3.4e+38 -3.4e+38 -3.4e+38 -3.4e+38 -3.4e+38 -3.4e+38 -3.4e+38 -3.4e+38 -3.4e+38 -3.4e+38 -3.4e+38 -3.4e+38 -3.4e+38
-3.4e+38 -3.4e+38 -3.4e+38 -3.4e+38 -3.4e+38 -3.4e+38 -3.4e+38 -3.4e+38 -3.4e+38 -3.4e+38 -3.4e+38 -3.4e+38 -3.4e+38 -3.4e+38 -3.4e+38 -3.4e+38 -3.4e+38 -3.4e+38 -3.4e+38 -3.4e+38 -3.4e+38 -3.4e+38 -3.4e+38 -3.4e+38 -3.4e+38 -3.4e+38 -3.4e+38 22.2843532562256 22.2935619354248 -3.4e+38 -3.4e+38 -3.4e+38 -3.4e+38 -3.4e+38 -3.4e+38 -3.4e+38 -3.4e+38 -3.4e+38 -3.4e+38 -3.4e+38 -3.4e+38 -3.4e+38 -3.4e+38 -3.4e+38 -3.4e+38 -3.4e+38 -3.4e+38
-3.4e+38 -3.4e+38 -3.4e+38 -3.4e+38 -3.4e+38 -3.4e+38 -3.4e+38 -3.4e+38 -3.4e+38 22.8988704681396 22.8988704681396 22.8991889953613 22.8396911621094 -3.4e+38 -3.4e+38 -3.4e+38 -3.4e+38 -3.4e+38 22.4896507263184 22.4592056274414 22.5581703186035 22.5760765075684 22.5483455657959 22.7080707550049 22.671314239502 22.6709041595459 22.542407989502 22.1222114562988 22.3531551361084 22.9566669464111 -3.4e+38 -3.4e+38 20.8804569244385 20.8456172943115 21.1112880706787 20.725959777832 20.6514739990234 20.9116230010986 20.9744091033936 20.6675128936768 20.7738189697266 20.6556854248047 -3.4e+38 -3.4e+38 -3.4e+38 -3.4e+38 -3.4e+38
-3.4e+38 -3.4e+38 -3.4e+38 -3.4e+38 -3.4e+38 -3.4e+38 -3.4e+38 -3.4e+38 22.8988704681396 22.8988704681396 22.8988704681396 22.8988704681396 22.8995094299316 22.8346920013428 22.7256927490234 -3.4e+38 22.6677894592285 22.6895751953125 22.4752311706543 22.3345909118652 22.1497631072998 22.0841693878174 22.2471141815186 22.2542724609375 22.1000175476074 21.9134101867676 21.9142265319824 21.9832649230957 22.2620410919189 22.9396324157715 21.200252532959 21.0234413146973 20.9083862304688 20.7095413208008 20.6532554626465 20.5486679077148 20.5463333129883 20.5380992889404 20.5190467834473 20.50461769104 20.5189151763916 20.6050815582275 20.7249298095703 20.8271102905273 -3.4e+38 -3.4e+38 -3.4e+38
-3.4e+38 -3.4e+38 -3.4e+38 -3.4e+38 -3.4e+38 -3.4e+38 -3.4e+38 -3.4e+38 22.9065551757812 22.8988704681396 22.8988704681396 22.8988704681396 22.8988704681396 22.900146484375 22.8140563964844 22.7256927490234 22.6892280578613 22.5666637420654 22.478084564209 22.2508544921875 21.6438617706299 21.328031539917 21.1253128051758 21.0944404602051 21.0073947906494 20.8544120788574 20.7542839050293 20.8177738189697 20.7927684783936 20.7527408599854 20.6750087738037 20.5758037567139 20.5617580413818 20.5068073272705 20.485746383667 20.3761444091797 20.3075351715088 20.4205188751221 20.4318389892578 20.38694190979 20.4020919799805 20.4330177307129 20.470495223999 20.5464706420898 20.6736240386963 20.8384475708008 -3.4e+38
-3.4e+38 -3.4e+38 -3.4e+38 -3.4e+38 -3.4e+38 -3.4e+38 -3.4e+38 -3.4e+38 -3.4e+38 -3.4e+38 22.8988704681396 22.8988704681396 22.8988704681396 -3.4e+38 22.901424407959 22.7302379608154 22.752254486084 22.7386894226074 22.6516075134277 22.4079170227051 21.9782047271729 21.707633972168 21.0500049591064 20.9444732666016 20.8945350646973 20.883861541748 20.837028503418 20.7673645019531 20.6877574920654 20.6041412353516 20.5734367370605 20.5485820770264 20.5026817321777 20.4395351409912 20.3619575500488 20.0881214141846 20.2111988067627 20.4127998352051 20.5144538879395 20.466667175293 20.431957244873 20.4383411407471 20.5240383148193 20.5259647369385 20.4927864074707 20.7939739227295 21.3934020996094
-3.4e+38 -3.4e+38 -3.4e+38 -3.4e+38 -3.4e+38 -3.4e+38 -3.4e+38 -3.4e+38 -3.4e+38 -3.4e+38 -3.4e+38 -3.4e+38 -3.4e+38 -3.4e+38 22.8891582489014 22.8336715698242 22.8218193054199 22.7720851898193 22.7234268188477 22.6551532745361 22.4028034210205 22.0840167999268 21.1618824005127 20.9715766906738 20.9075965881348 20.8815326690674 20.8678722381592 20.8230075836182 20.7455406188965 20.6333465576172 20.5801124572754 20.5063190460205 20.4728164672852 20.3885955810547 20.1291027069092 20.034423828125 20.2147464752197 20.5527439117432 20.698709487915 20.8661308288574 20.8001270294189 20.5237483978271 20.5439491271973 20.6489009857178 20.5978870391846 20.5738639831543 21.0556030273438
22.9323768615723 -3.4e+38 -3.4e+38 -3.4e+38 -3.4e+38 -3.4e+38 -3.4e+38 -3.4e+38 -3.4e+38 -3.4e+38 23.1523666381836 23.1063537597656 -3.4e+38 -3.4e+38 -3.4e+38 22.9125289916992 22.9801902770996 22.9456100463867 22.8277740478516 22.7593631744385 22.5774269104004 21.8335227966309 21.1861305236816 21.0050258636475 20.875940322876 20.8383827209473 20.8598461151123 20.8695888519287 20.7891998291016 20.6616039276123 20.560022354126 20.4470710754395 20.4198875427246 19.8742790222168 19.7288093566895 19.8585376739502 20.1234512329102 20.3400020599365 20.5474681854248 20.7315406799316 20.8593215942383 20.687931060791 20.5638637542725 20.693941116333 20.7244510650635 20.6328544616699 20.8528461456299
22.7923793792725 22.8819236755371 -3.4e+38 -3.4e+38 -3.4e+38 -3.4e+38 -3.4e+38 -3.4e+38 -3.4e+38 -3.4e+38 23.2412414550781 23.2765331268311 23.313835144043 -3.4e+38 -3.4e+38 22.9134197235107 22.9462089538574 23.0535449981689 22.9610233306885 22.8316326141357 22.3152961730957 21.4732227325439 21.1496028900146 20.9985961914062 20.8141784667969 20.8797359466553 20.9713916778564 20.9563388824463 20.9263000488281 20.7516555786133 20.5430660247803 20.3770122528076 20.2540798187256 19.312385559082 19.1270427703857 19.2309589385986 19.5937099456787 19.894905090332 20.271858215332 20.5149593353271 20.6978054046631 20.7025909423828 20.6147785186768 20.7326488494873 20.7511310577393 20.6731300354004 20.7687969207764
22.8016510009766 22.8292903900146 22.9254131317139 22.9721813201904 -3.4e+38 -3.4e+38 -3.4e+38 -3.4e+38 -3.4e+38 -3.4e+38 -3.4e+38 23.2624988555908 23.3006706237793 23.313835144043 22.9724464416504 22.8769969940186 23.2347087860107 23.0807647705078 22.8382835388184 22.3765354156494 21.5476188659668 21.1756534576416 20.9946327209473 20.7490711212158 20.7716979980469 20.8299579620361 20.9561672210693 20.972526550293 20.8662509918213 20.6828880310059 20.4443473815918 20.078784942627 19.0526294708252 18.3861179351807 18.0520420074463 17.9315299987793 18.3684005737305 19.1497344970703 19.7978248596191 20.2271995544434 20.5047550201416 20.6152191162109 20.643741607666 20.7276573181152 20.7204627990723 20.6574611663818 20.6579895019531
22.3189754486084 22.7183322906494 22.8877010345459 23.1034278869629 -3.4e+38 -3.4e+38 -3.4e+38 -3.4e+38 23.2380332946777 23.272554397583 23.1857013702393 23.0961437225342 23.3392963409424 23.2488803863525 22.4136486053467 22.3341083526611 22.6349906921387 22.4076042175293 22.5162372589111 21.809045791626 20.8849468231201 20.6604633331299 20.6270503997803 20.7899932861328 20.8500270843506 20.8368911743164 20.7312126159668 20.4666233062744 20.344970703125 20.1357021331787 19.3003883361816 18.2376327514648 17.6062107086182 17.5802898406982 17.4247531890869 17.2938671112061 18.1426620483398 18.5909729003906 19.1980247497559 19.7517547607422 20.1081638336182 20.3553771972656 20.4613494873047 20.6160278320312 20.6545257568359 20.608003616333 20.5793113708496
21.8050422668457 22.0280284881592 22.3978385925293 22.8260536193848 23.0464706420898 22.9610996246338 23.0641784667969 23.1230239868164 23.1573162078857 23.138355255127 23.101110458374 23.1700000762939 22.6846084594727 22.0200080871582 21.6137523651123 21.8937683105469 22.5146675109863 22.6784343719482 22.6130886077881 21.7100830078125 20.8578643798828 20.2761898040771 20.6241703033447 20.6279239654541 20.2888736724854 20.0702877044678 19.5250091552734 18.8549766540527 18.2293014526367 17.4659671783447 16.7377624511719 16.4103717803955 16.4518756866455 17.0097408294678 17.1893138885498 17.5469818115234 18.1626720428467 18.572359085083 18.9830551147461 19.3739948272705 19.7703742980957 20.0271549224854 20.1982192993164 20.2266063690186 20.4610652923584 20.6126842498779 20.6520500183105
21.7751350402832 21.7624225616455 22.0193367004395 22.4402160644531 22.7966728210449 22.9675350189209 23.1477794647217 23.173002243042 23.0348815917969 22.8823261260986 22.5730171203613 21.9356842041016 21.6729297637939 21.5114002227783 21.443452835083 21.4401302337646 21.6624050140381 23.2800331115723 23.3771629333496 22.2230987548828 20.3022308349609 20.0770320892334 20.1976642608643 19.4207649230957 18.8084125518799 18.3285865783691 17.2795143127441 16.7324485778809 16.4128818511963 16.1361103057861 16.0551834106445 16.0702590942383 16.2313289642334 16.669527053833 17.1497821807861 17.8169364929199 18.2317066192627 18.6930446624756 18.7888202667236 19.1286430358887 19.5043430328369 19.8576602935791 20.1076755523682 20.2486228942871 20.4008808135986 20.4973659515381 20.7884922027588
21.5381050109863 21.6075897216797 21.7964096069336 21.9589500427246 21.9352340698242 21.9373359680176 22.0448741912842 22.1023597717285 22.0131187438965 21.8007392883301 21.6870574951172 21.5911769866943 21.4782886505127 21.3938083648682 21.2595462799072 21.14235496521 21.1901168823242 21.6431293487549 21.0313148498535 20.7452354431152 20.1900863647461 19.4487152099609 18.9515628814697 18.3761615753174 17.5156059265137 16.852331161499 16.5504589080811 16.196159362793 16.1001129150391 16.068395614624 16.0284633636475 15.9852800369263 16.2407054901123 16.7691497802734 17.4130153656006 18.0134563446045 18.3768558502197 18.6353378295898 18.7200679779053 19.0159931182861 19.3581256866455 19.529239654541 19.856761932373 20.1765518188477 20.4665088653564 20.5026931762695 20.6407527923584
21.6030044555664 21.6032848358154 21.6031398773193 21.6500473022461 21.6654644012451 21.5814571380615 21.5498600006104 21.5933094024658 21.6127891540527 21.6249904632568 21.6079273223877 21.5236015319824 21.355318069458 21.2240161895752 21.0859241485596 21.013786315918 20.9658279418945 20.8630504608154 20.6176376342773 20.00364112854 18.9440479278564 17.9442672729492 17.395435333252 17.0437793731689 16.6323280334473 16.4549732208252 16.3755779266357 16.191858291626 16.1480903625488 16.0586566925049 15.9377422332764 16.1144104003906 16.4692935943604 16.867883682251 17.441333770752 17.9640827178955 18.3819694519043 18.5581722259521 18.7732315063477 18.9306373596191 19.193962097168 19.438102722168 19.7140655517578 19.9798965454102 20.2801628112793 20.6444149017334 20.685209274292
21.6448345184326 21.6695251464844 21.6935501098633 21.6881351470947 21.675313949585 21.6801509857178 21.6940231323242 21.7194595336914 21.7545490264893 21.7716770172119 21.7080097198486 21.2390098571777 20.4633102416992 19.9995040893555 20.350923538208 20.8137607574463 20.8665504455566 20.7997035980225 20.5559959411621 19.2072944641113 17.7990169525146 16.9171009063721 16.7185974121094 16.3422870635986 16.2138595581055 16.1892623901367 16.2511539459229 16.1794261932373 16.0355587005615 16.0263786315918 15.9844341278076 16.2140502929688 16.5883712768555 16.9216384887695 17.3524360656738 17.8607978820801 18.1423206329346 18.4303703308105 18.6157073974609 18.7433242797852 19.0579509735107 19.4231128692627 19.6312160491943 19.9783706665039 20.3186454772949 20.6045665740967 20.8355560302734
21.4813232421875 21.5358257293701 21.5947303771973 21.6516132354736 21.6935939788818 21.7366390228271 21.7832927703857 21.7999401092529 21.7798480987549 21.7067546844482 21.5635185241699 21.2814674377441 20.6578845977783 19.1164951324463 18.5872955322266 19.1826591491699 19.6015357971191 20.0125675201416 19.7090835571289 18.8048534393311 17.8092498779297 16.9502182006836 16.4495258331299 16.2205486297607 16.1845626831055 16.2468948364258 16.0114727020264 16.0517768859863 16.0684719085693 16.0444164276123 15.901068687439 16.0185241699219 16.4606037139893 16.8353080749512 17.0811862945557 17.5787582397461 17.8040733337402 18.0666828155518 18.284969329834 18.5598068237305 18.8048419952393 19.0811920166016 19.5392322540283 19.8578395843506 20.236930847168 20.6003437042236 20.8445701599121
21.3650550842285 21.3392562866211 21.3694591522217 21.3921661376953 21.4715404510498 21.5518207550049 21.5831871032715 21.5864849090576 21.5685367584229 21.5353603363037 21.4243392944336 21.3260478973389 21.0809669494629 20.0013294219971 18.9293193817139 18.0397319793701 18.1210517883301 18.4785137176514 18.5738964080811 18.0061950683594 16.9692134857178 16.6702117919922 16.4123249053955 16.2556400299072 16.2704696655273 16.2609081268311 16.0169219970703 16.0618057250977 16.0867004394531 16.085823059082 15.7857189178467 15.6632280349731 16.0593490600586 16.4792957305908 16.7198333740234 17.0137615203857 17.2476596832275 17.5416641235352 17.8700313568115 18.1551990509033 18.4978008270264 18.9187812805176 19.2558212280273 19.6303386688232 20.0347595214844 20.3771686553955 20.6852588653564
21.3900775909424 21.2924976348877 21.2529792785645 21.2711524963379 21.289867401123 21.2868728637695 21.287389755249 21.2977886199951 21.3711643218994 21.3626556396484 21.1477127075195 21.0883827209473 20.8858966827393 20.2945499420166 19.1129264831543 17.8240623474121 17.3562126159668 17.4641761779785 17.6573638916016 17.0252323150635 16.7956314086914 16.4396476745605 16.2210140228271 16.2853050231934 16.3208503723145 16.2367668151855 16.0306720733643 16.0795497894287 16.1014289855957 16.0949802398682 15.8404541015625 15.6576404571533 15.5804224014282 15.6989126205444 15.9470863342285 16.1365623474121 16.2649250030518 16.7013778686523 17.2275104522705 17.6024627685547 17.9604244232178 18.4040908813477 18.7351131439209 19.1552753448486 19.3877964019775 19.8297481536865 20.167272567749
