Ecospace-environmental-drivers/Outputs/ASCII-for-ecospace/Temp-avg/Temp-avg_X2013.10.asc
NCOLS 131 
NROWS 53 
XLLCORNER -98 
YLLCORNER 23.9265270233154 
CELLSIZE 0.133587792515755 
NODATA_value -3.4e+38 
[rows 0 to 20 of 53, columns 47 to 93 of 131]
-3.4e+38 -3.4e+38 -3.4e+38 -3.4e+38 -3.4e+38 -3.4e+38 -3.4e+38 -3.4e+38 -3.4e+38 -3.4e+38 -3.4e+38 -3.4e+38 -3.4e+38 -3.4e+38 -3.4e+38 -3.4e+38 -3.4e+38 -3.4e+38 -3.4e+38 -3.4e+38 -3.4e+38 -3.4e+38 -3.4e+38 -3.4e+38 -3.4e+38 -3.4e+38 -3.4e+38 -3.4e+38 -3.4e+38 -3.4e+38 -3.4e+38 -3.4e+38 -3.4e+38 -3.4e+38 -3.4e+38 -3.4e+38 -3.4e+38 -3.4e+38 -3.4e+38 -3.4e+38 -3.4e+38 -3.4e+38 -3.4e+38 -3.4e+38 -3.4e+38 -3.4e+38 -3.4e+38
-3.4e+38 -3.4e+38 -3.4e+38 -3.4e+38 -3.4e+38 -3.4e+38 -3.4e+38 -3.4e+38 -3.4e+38 -3.4e+38 -3.4e+38 -3.4e+38 -3.4e+38 -3.4e+38 -3.4e+38 -3.4e+38 -3.4e+38 -3.4e+38 -3.4e+38 -3.4e+38 -3.4e+38 -3.4e+38 -3.4e+38 -3.4e+38 -3.4e+38 -3.4e+38 -3.4e+38 -3.4e+38 -3.4e+38 -3.4e+38 -3.4e+38 -3.4e+38 -3.4e+38 -3.4e+38 -3.4e+38 -3.4e+38 -3.4e+38 -3.4e+38 -3.4e+38 -3.4e+38 -3.4e+38 -3.4e+38 -3.4e+38 -3.4e+38 -3.4e+38 -3.4e+38 -3.4e+38
-3.4e+38 -3.4e+38 -3.4e+38 -3.4e+38 -3.4e+38 -3.4e+38 -3.4e+38 -3.4e+38 -3.4e+38 -3.4e+38 -3.4e+38 -3.4e+38 -3.4e+38 -3.4e+38 -3.4e+38 -3.4e+38 -3.4e+38 -3.4e+38 -3.4e+38 -3.4e+38 -3.4e+38 -3.4e+38 -3.4e+38 -3.4e+38 -3.4e+38 -3.4e+38 -3.4e+38 25.1861114501953 25.1861114501953 -3.4e+38 -3.4e+38 -3.4e+38 -3.4e+38 -3.4e+38 -3.4e+38 -3.4e+38 -3.4e+38 -3.4e+38 -3.4e+38 -3.4e+38 -3.4e+38 -3.4e+38 -3.4e+38 -3.4e+38 -3.4e+38 -3.4e+38 -3.4e+38
-3.4e+38 -3.4e+38 -3.4e+38 -3.4e+38 -3.4e+38 -3.4e+38 -3.4e+38 -3.4e+38 -3.4e+38 -3.4e+38 -3.4e+38 -3.4e+38 -3.4e+38 -3.4e+38 -3.4e+38 -3.4e+38 -3.4e+38 -3.4e+38 -3.4e+38 -3.4e+38 -3.4e+38 -3.4e+38 -3.4e+38 -3.4e+38 -3.4e+38 -3.4e+38 -3.4e+38 25.1902008056641 25.1820220947266 -3.4e+38 -3.4e+38 -3.4e+38 -3.4e+38 -3.4e+38 -3.4e+38 -3.4e+38 -3.4e+38 -3.4e+38 -3.4e+38 -3.4e+38 -3.4e+38 -3.4e+38 -3.4e+38 -3.4e+38 -3.4e+38 -3.4e+38 -3.4e+38
-3.4e+38 -3.4e+38 -3.4e+38 -3.4e+38 -3.4e+38 -3.4e+38 -3.4e+38 -3.4e+38 -3.4e+38 25.7331485748291 25.6003589630127 25.6003589630127 25.6003589630127 -3.4e+38 -3.4e+38 -3.4e+38 -3.4e+38 -3.4e+38 25.2531394958496 25.2819557189941 25.3027782440186 25.2934322357178 25.2963600158691 25.341760635376 25.3923377990723 25.4143199920654 25.2646713256836 25.2330722808838 25.1654014587402 25.1351470947266 -3.4e+38 -3.4e+38 25.4649639129639 25.5007953643799 25.0167236328125 24.9313831329346 25.8027038574219 25.7753715515137 25.120512008667 25.2570838928223 25.0913352966309 25.7925605773926 -3.4e+38 -3.4e+38 -3.4e+38 -3.4e+38 -3.4e+38
-3.4e+38 -3.4e+38 -3.4e+38 -3.4e+38 -3.4e+38 -3.4e+38 -3.4e+38 -3.4e+38 25.8308219909668 25.7914581298828 25.7099533081055 25.6003589630127 25.5666999816895 25.4619617462158 25.3843574523926 -3.4e+38 25.2476024627686 25.2294635772705 25.2288837432861 25.2773933410645 25.3395919799805 25.2913513183594 25.2493553161621 25.3483753204346 25.4275512695312 25.4010887145996 25.4954853057861 25.2343215942383 25.139310836792 25.0538539886475 25.5285778045654 25.1792125701904 25.481969833374 25.7337112426758 25.7707748413086 26.194206237793 26.3994445800781 26.3720283508301 26.3695297241211 26.2932109832764 26.209358215332 26.0769882202148 26.3866634368896 26.3389110565186 -3.4e+38 -3.4e+38 -3.4e+38
-3.4e+38 -3.4e+38 -3.4e+38 -3.4e+38 -3.4e+38 -3.4e+38 -3.4e+38 -3.4e+38 25.8451766967773 25.8308219909668 25.7520942687988 25.6565418243408 25.553596496582 25.456298828125 25.3759918212891 25.320779800415 25.241039276123 25.1809902191162 25.2669410705566 25.3698749542236 25.5381336212158 25.6373538970947 25.6111316680908 25.6689567565918 25.8236751556396 25.7778434753418 25.7181625366211 25.6084251403809 25.5577526092529 25.4466590881348 25.9254856109619 26.0376815795898 26.2292194366455 26.4788913726807 26.6877288818359 26.76296043396 26.5933628082275 26.6213283538818 26.6773414611816 26.675573348999 26.6774311065674 26.6631278991699 26.5388050079346 26.2677326202393 26.2101955413818 26.2481231689453 -3.4e+38
-3.4e+38 -3.4e+38 -3.4e+38 -3.4e+38 -3.4e+38 -3.4e+38 -3.4e+38 -3.4e+38 -3.4e+38 -3.4e+38 25.8217945098877 25.724666595459 25.623815536499 -3.4e+38 25.3986873626709 25.3296680450439 25.2373905181885 25.1736679077148 25.2377605438232 25.3489112854004 25.5895080566406 25.8730754852295 26.1004657745361 26.3559532165527 26.3435974121094 26.4467086791992 26.4447917938232 26.3495426177979 26.2764358520508 26.30322265625 26.4549674987793 26.6713790893555 26.7119121551514 26.7749290466309 26.6682281494141 25.19797706604 24.1489868164062 25.026668548584 25.8713626861572 26.0783843994141 26.2897777557373 26.5864238739014 26.7827777862549 26.6974239349365 26.3547649383545 26.1794109344482 26.2946929931641
-3.4e+38 -3.4e+38 -3.4e+38 -3.4e+38 -3.4e+38 -3.4e+38 -3.4e+38 -3.4e+38 -3.4e+38 -3.4e+38 -3.4e+38 -3.4e+38 -3.4e+38 -3.4e+38 25.4446582794189 25.4002113342285 25.2177467346191 25.1421070098877 25.1220054626465 25.294713973999 25.614574432373 25.8191413879395 26.3754291534424 26.8149642944336 26.8914165496826 26.8925838470459 26.9113826751709 26.8664512634277 26.8232383728027 26.8382835388184 26.90061378479 26.9399547576904 26.9704647064209 26.5696678161621 25.2012138366699 23.1867370605469 23.2459087371826 23.7125816345215 24.679386138916 25.5386962890625 25.7916488647461 26.2554092407227 26.6944065093994 26.8302955627441 26.7516307830811 26.4585037231445 26.2461624145508
25.9975929260254 -3.4e+38 -3.4e+38 -3.4e+38 -3.4e+38 -3.4e+38 -3.4e+38 -3.4e+38 -3.4e+38 -3.4e+38 25.7919845581055 25.7442836761475 -3.4e+38 -3.4e+38 -3.4e+38 25.407844543457 25.3510932922363 25.2735805511475 25.2106456756592 25.3250522613525 25.5782127380371 25.8567008972168 26.481969833374 26.8886413574219 26.7632503509521 26.7758255004883 26.9074935913086 26.9782447814941 27.0030632019043 27.0181121826172 27.0467510223389 26.9964466094971 26.3462028503418 24.2676124572754 22.802619934082 22.6677799224854 22.8643474578857 23.1767349243164 23.7563152313232 24.3710556030273 25.1091861724854 26.0681343078613 26.4692783355713 26.7301998138428 26.8957462310791 26.7806205749512 26.4278507232666
26.0181503295898 25.9930152893066 -3.4e+38 -3.4e+38 -3.4e+38 -3.4e+38 -3.4e+38 -3.4e+38 -3.4e+38 -3.4e+38 25.7898063659668 25.7893123626709 25.7768383026123 -3.4e+38 -3.4e+38 25.548023223877 25.5672607421875 25.3713932037354 25.2839031219482 25.3993511199951 25.6818771362305 26.1702136993408 26.6393947601318 26.8169822692871 26.4261455535889 26.6001262664795 26.8471794128418 26.941333770752 26.9814643859863 26.9798412322998 27.0408134460449 26.8366641998291 24.8350009918213 22.5614986419678 22.1123199462891 22.0660648345947 22.2986869812012 22.4339294433594 22.907398223877 23.4125556945801 24.3569583892822 26.115873336792 26.3351268768311 26.5977001190186 26.8563194274902 26.9054679870605 26.5587520599365
25.950756072998 26.0101375579834 25.9685478210449 25.9689865112305 -3.4e+38 -3.4e+38 -3.4e+38 -3.4e+38 -3.4e+38 -3.4e+38 -3.4e+38 25.9850616455078 25.96435546875 25.96435546875 25.7907638549805 25.6171703338623 25.5998191833496 25.4260787963867 25.4627590179443 25.5253601074219 25.9601402282715 26.4629516601562 26.7730102539062 26.4687747955322 26.1858863830566 26.5484752655029 26.8407535552979 26.8227424621582 26.8005886077881 26.7808494567871 26.6986446380615 26.1917762756348 24.2214660644531 21.8462944030762 21.4123725891113 21.2899951934814 21.4293556213379 21.7046356201172 22.1102676391602 22.5440349578857 23.3325004577637 24.4919986724854 25.6371192932129 26.4352073669434 26.1939601898193 26.8214855194092 26.7262420654297
25.9547080993652 25.9260787963867 25.9400882720947 25.9978847503662 -3.4e+38 -3.4e+38 -3.4e+38 -3.4e+38 26.2623100280762 26.2647819519043 26.2619438171387 26.1327114105225 26.0057697296143 25.96435546875 26.0098323822021 25.8664150238037 25.6946353912354 25.6099281311035 25.6971282958984 25.8972797393799 26.3166675567627 26.5098762512207 26.2937488555908 25.8540382385254 26.0942211151123 26.3656444549561 26.540771484375 26.4243583679199 26.3207111358643 26.3244209289551 25.6131687164307 24.2172336578369 21.9612865447998 21.03489112854 20.5954437255859 20.0828266143799 20.3658580780029 20.8742389678955 21.4214496612549 21.8862380981445 22.5146007537842 23.3279876708984 24.7321796417236 25.7892551422119 25.355676651001 26.6548404693604 26.8101615905762
25.9966087341309 25.974967956543 26.0002250671387 26.0304698944092 26.1215286254883 26.2293014526367 26.2555732727051 26.2546367645264 26.2727088928223 26.2595825195312 26.262056350708 26.2641925811768 26.1671810150146 26.0471839904785 26.2572326660156 26.1632213592529 25.9771289825439 25.7312545776367 25.872501373291 25.9984912872314 26.1008567810059 25.6754684448242 25.4691524505615 25.6540431976318 25.7385101318359 25.9289894104004 25.6756973266602 24.6901187896729 24.1999282836914 24.255672454834 22.6095867156982 21.2822933197021 20.4416561126709 20.1743316650391 19.8177490234375 19.3501319885254 20.278392791748 20.6663112640381 20.9226493835449 21.2912006378174 21.8578090667725 22.5917224884033 23.3728084564209 24.6519794464111 25.1674938201904 25.468957901001 25.2076797485352
26.0081214904785 26.0317573547363 26.0713653564453 26.1206893920898 26.2030296325684 26.2555732727051 26.3397903442383 26.376392364502 26.2546367645264 26.2907791137695 26.2333335876465 26.3978099822998 26.295051574707 26.362133026123 26.5146560668945 26.3653755187988 26.2983551025391 26.1006202697754 26.0002346038818 26.1566467285156 25.9383411407471 24.8182220458984 25.1403656005859 24.9282455444336 23.7979755401611 23.5321044921875 22.9921474456787 22.0859127044678 21.1386890411377 19.8221397399902 18.8429889678955 18.2152481079102 18.478889465332 19.284309387207 19.345100402832 19.5532207489014 20.258264541626 20.7984886169434 21.0835399627686 21.1791229248047 21.5199069976807 22.0030555725098 22.4839916229248 23.0312767028809 23.817777633667 24.0756034851074 24.7717418670654
26.2273426055908 26.1781940460205 26.1166305541992 26.1735095977783 26.2919826507568 26.3405838012695 26.3812999725342 26.3817081451416 26.4879283905029 26.4724922180176 26.4259967803955 26.4505043029785 26.5841598510742 26.6084327697754 26.5691566467285 26.4984569549561 26.3825359344482 26.2200336456299 26.0990352630615 25.923677444458 24.9386672973633 23.5859718322754 23.4095458984375 22.3501281738281 21.3995361328125 20.5527935028076 19.1549663543701 18.2681846618652 17.4674263000488 16.7639427185059 16.6556262969971 16.5919170379639 17.1415100097656 18.5115871429443 19.3471088409424 20.3129749298096 20.7718410491943 21.0680351257324 21.171875 21.4644680023193 21.520112991333 21.976318359375 22.3605937957764 22.7505435943604 23.1628170013428 23.3473796844482 24.5942878723145
26.6258850097656 26.4759483337402 26.3258323669434 26.3107051849365 26.4224605560303 26.4617195129395 26.508451461792 26.6332244873047 26.7683506011963 26.8014163970947 26.7983245849609 26.8008346557617 26.693115234375 26.5852069854736 26.5879573822021 26.3908424377441 26.1789646148682 25.9610805511475 25.220329284668 24.6109485626221 23.3409996032715 22.0898208618164 21.4939060211182 20.5454845428467 19.183012008667 18.1290683746338 17.2470989227295 16.245677947998 16.1058521270752 16.1001129150391 15.9326057434082 16.0794544219971 16.8559799194336 18.4366970062256 19.7197570800781 20.635160446167 21.178731918335 21.5424385070801 21.5379104614258 21.8081741333008 21.7962589263916 21.8948307037354 22.2822856903076 22.5642929077148 23.0418853759766 23.2221374511719 23.7325611114502
26.8878288269043 26.7788524627686 26.6383476257324 26.5804538726807 26.6821632385254 26.7723121643066 26.8371810913086 26.9453296661377 27.0269584655762 27.0799884796143 27.0597019195557 26.9461250305176 26.8213939666748 26.8498153686523 26.5021286010742 25.8231182098389 25.3496074676514 25.021276473999 23.8122062683105 22.6595897674561 21.4012546539307 20.182804107666 19.0807189941406 18.5682334899902 17.5437355041504 17.0513896942139 16.2689266204834 15.7288627624512 15.6559343338013 15.7225255966187 15.6842031478882 16.1185321807861 17.0758190155029 18.6570892333984 19.8235054016113 20.8631000518799 21.3691101074219 21.6219940185547 21.9604148864746 22.1426010131836 22.1496658325195 22.073055267334 22.4173145294189 22.5401954650879 22.8901672363281 23.307373046875 23.4779891967773
27.0733051300049 27.0421009063721 26.9905624389648 26.9286575317383 26.9370994567871 27.0094547271729 27.0598602294922 27.1143207550049 27.1941394805908 27.258825302124 27.2460346221924 26.9762783050537 25.353874206543 24.2020950317383 23.9439163208008 24.8481121063232 24.6222839355469 24.1863021850586 23.4439659118652 21.6146831512451 20.0564727783203 18.1327629089355 17.2904586791992 16.563663482666 15.7628011703491 15.6707820892334 15.397837638855 15.3369951248169 15.3139457702637 15.4740352630615 15.6358079910278 16.1331253051758 17.2235813140869 18.7916889190674 19.8462600708008 20.5877418518066 21.1266098022461 21.638557434082 21.9943752288818 22.0606079101562 22.438591003418 22.364013671875 22.3396739959717 22.551794052124 22.9890594482422 23.2342929840088 23.5649166107178
27.2641105651855 27.2688846588135 27.2632942199707 27.2629642486572 27.2475967407227 27.2524318695068 27.2850971221924 27.3235893249512 27.3951473236084 27.3826446533203 27.2238693237305 26.8655967712402 25.1252746582031 22.1635227203369 21.527946472168 22.3865432739258 22.4817523956299 23.0376052856445 22.2963981628418 21.0228748321533 19.3182792663574 17.3728103637695 16.4757080078125 15.556755065918 15.3278856277466 15.238995552063 15.0851783752441 15.1224355697632 15.2387590408325 15.3828926086426 15.548734664917 15.9184188842773 16.8494186401367 18.3061466217041 19.471960067749 20.302677154541 20.9830703735352 21.3398571014404 21.7319278717041 22.0502262115479 22.2166213989258 22.4910278320312 22.4619483947754 22.5563583374023 22.7824535369873 23.1351451873779 23.4901943206787
27.2238330841064 27.2662296295166 27.3390140533447 27.3982734680176 27.4092082977295 27.4220085144043 27.4505081176758 27.4642601013184 27.4293880462646 27.2764015197754 27.1013565063477 26.9588642120361 25.8787364959717 22.6836166381836 21.6695003509521 20.1200504302979 20.0290336608887 20.6183662414551 20.425163269043 19.5725002288818 17.841495513916 16.6856002807617 15.9388275146484 15.4776153564453 15.3651819229126 15.1182317733765 14.9564971923828 15.0626697540283 15.1680240631104 15.2822856903076 15.2520971298218 15.3785371780396 16.0379276275635 17.4002285003662 18.4514122009277 19.3129806518555 20.0183849334717 20.5710353851318 21.0456924438477 21.4156665802002 21.7319946289062 21.9026985168457 22.2379665374756 22.4320850372314 22.5275974273682 22.8987312316895 23.2594528198242
