Ecospace-environmental-drivers/Outputs/ASCII-for-ecospace/Temp-avg/Temp-avg_X2005.08.asc
NCOLS 131 
NROWS 53 
XLLCORNER -98 
YLLCORNER 23.9265270233154 
CELLSIZE 0.133587792515755 
NODATA_value -3.4e+38 
[rows 0 to 20 of 53, columns 47 to 93 of 131]
-3.4e+38 -3.4e+38 -3.4e+38 -3.4e+38 -3.4e+38 -3.4e+38 -3.4e+38 -3.4e+38 -3.4e+38 -3.4e+38 -3.4e+38 -3.4e+38 -3.4e+38 -3.4e+38 -3.4e+38 -3.4e+38 -3.4e+38 -3.4e+38 -3.4e+38 -3.4e+38 -3.4e+38 -3.4e+38 -3.4e+38 -3.4e+38 -3.4e+38 -3.4e+38 -3.4e+38 -3.4e+38 -3.4e+38 -3.4e+38 -3.4e+38 -3.4e+38 -3.4e+38 -3.4e+38 -3.4e+38 -3.4e+38 -3.4e+38 -3.4e+38 -3.4e+38 -3.4e+38 -3.4e+38 -3.4e+38 -3.4e+38 -3.4e+38 -3.4e+38 -3.4e+38 -3.4e+38
-3.4e+38 -3.4e+38 -3.4e+38 -3.4e+38 -3.4e+38 -3.4e+38 -3.4e+38 -3.4e+38 -3.4e+38 -3.4e+38 -3.4e+38 -3.4e+38 -3.4e+38 -3.4e+38 -3.4e+38 -3.4e+38 -3.4e+38 -3.4e+38 -3.4e+38 -3.4e+38 -3.4e+38 -3.4e+38 -3.4e+38 -3.4e+38 -3.4e+38 -3.4e+38 -3.4e+38 -3.4e+38 -3.4e+38 -3.4e+38 -3.4e+38 -3.4e+38 -3.4e+38 -3.4e+38 -3.4e+38 -3.4e+38 -3.4e+38 -3.4e+38 -3.4e+38 -3.4e+38 -3.4e+38 -3.4e+38 -3.4e+38 -3.4e+38 -3.4e+38 -3.4e+38 -3.4e+38
-3.4e+38 -3.4e+38 -3.4e+38 -3.4e+38 -3.4e+38 -3.4e+38 -3.4e+38 -3.4e+38 -3.4e+38 -3.4e+38 -3.4e+38 -3.4e+38 -3.4e+38 -3.4e+38 -3.4e+38 -3.4e+38 -3.4e+38 -3.4e+38 -3.4e+38 -3.4e+38 -3.4e+38 -3.4e+38 -3.4e+38 -3.4e+38 -3.4e+38 -3.4e+38 -3.4e+38 33.1014137268066 33.1295166015625 -3.4e+38 -3.4e+38 -3.4e+38 -3.4e+38 -3.4e+38 -3.4e+38 -3.4e+38 -3.4e+38 -3.4e+38 -3.4e+38 -3.4e+38 -3.4e+38 -3.4e+38 -3.4e+38 -3.4e+38 -3.4e+38 -3.4e+38 -3.4e+38
-3.4e+38 -3.4e+38 -3.4e+38 -3.4e+38 -3.4e+38 -3.4e+38 -3.4e+38 -3.4e+38 -3.4e+38 -3.4e+38 -3.4e+38 -3.4e+38 -3.4e+38 -3.4e+38 -3.4e+38 -3.4e+38 -3.4e+38 -3.4e+38 -3.4e+38 -3.4e+38 -3.4e+38 -3.4e+38 -3.4e+38 -3.4e+38 -3.4e+38 -3.4e+38 -3.4e+38 33.1766395568848 33.1648483276367 -3.4e+38 -3.4e+38 -3.4e+38 -3.4e+38 -3.4e+38 -3.4e+38 -3.4e+38 -3.4e+38 -3.4e+38 -3.4e+38 -3.4e+38 -3.4e+38 -3.4e+38 -3.4e+38 -3.4e+38 -3.4e+38 -3.4e+38 -3.4e+38
-3.4e+38 -3.4e+38 -3.4e+38 -3.4e+38 -3.4e+38 -3.4e+38 -3.4e+38 -3.4e+38 -3.4e+38 33.4596252441406 33.4596252441406 33.4608154296875 33.4489440917969 -3.4e+38 -3.4e+38 -3.4e+38 -3.4e+38 -3.4e+38 33.3017234802246 33.2471618652344 33.1171722412109 33.151782989502 33.149227142334 33.2328681945801 33.1998100280762 33.203483581543 33.1787338256836 33.183219909668 33.3528785705566 33.7556991577148 -3.4e+38 -3.4e+38 31.0933818817139 30.8041400909424 31.2102279663086 30.6194229125977 30.2578029632568 30.7351760864258 30.9916114807129 30.3568687438965 30.631965637207 30.5296382904053 -3.4e+38 -3.4e+38 -3.4e+38 -3.4e+38 -3.4e+38
-3.4e+38 -3.4e+38 -3.4e+38 -3.4e+38 -3.4e+38 -3.4e+38 -3.4e+38 -3.4e+38 33.4596252441406 33.4596252441406 33.4596252441406 33.4596252441406 33.4620056152344 33.4504089355469 33.4237403869629 -3.4e+38 33.4435691833496 33.4386138916016 33.3131370544434 33.2079811096191 32.9827346801758 32.8243103027344 32.8932762145996 32.8256759643555 32.74365234375 32.5994911193848 32.5592193603516 32.9715232849121 33.3494834899902 33.6740417480469 31.7385635375977 31.5243434906006 31.2324085235596 30.5233955383301 30.2505264282227 29.9341220855713 30.1164608001709 30.1190719604492 30.0531845092773 30.0337448120117 30.1137161254883 30.536470413208 30.8364009857178 31.3393745422363 -3.4e+38 -3.4e+38 -3.4e+38
-3.4e+38 -3.4e+38 -3.4e+38 -3.4e+38 -3.4e+38 -3.4e+38 -3.4e+38 -3.4e+38 33.4694366455078 33.4596252441406 33.4596252441406 33.4596252441406 33.4596252441406 33.4643859863281 33.4538879394531 33.4237403869629 33.4635543823242 33.4483680725098 33.3310890197754 33.2772407531738 32.6263198852539 31.965669631958 31.0703029632568 30.9223804473877 31.0582962036133 30.9085216522217 30.7580146789551 31.1176013946533 31.1745548248291 31.0811138153076 30.7912311553955 30.3863906860352 30.2139472961426 29.8071880340576 29.5826950073242 28.6539974212646 27.8396530151367 28.3186168670654 28.8082981109619 28.8215751647949 28.8683815002441 29.3071117401123 29.9848670959473 30.5250988006592 31.0352993011475 31.0518474578857 -3.4e+38
-3.4e+38 -3.4e+38 -3.4e+38 -3.4e+38 -3.4e+38 -3.4e+38 -3.4e+38 -3.4e+38 -3.4e+38 -3.4e+38 33.4596252441406 33.4596252441406 33.4596252441406 -3.4e+38 33.4691505432129 33.4630355834961 33.4772834777832 33.5149612426758 33.4856719970703 33.3609924316406 32.9484786987305 32.503776550293 30.9274730682373 30.1154022216797 30.1919479370117 30.2895202636719 30.3603591918945 30.4748134613037 30.4232215881348 30.2326583862305 30.1291084289551 30.0434799194336 29.8369464874268 29.0485534667969 27.9918231964111 25.971508026123 25.7563343048096 26.3895702362061 27.4298133850098 27.8427677154541 28.1405582427979 28.5597190856934 28.9387683868408 29.2899684906006 30.1577434539795 31.0259590148926 31.9883899688721
-3.4e+38 -3.4e+38 -3.4e+38 -3.4e+38 -3.4e+38 -3.4e+38 -3.4e+38 -3.4e+38 -3.4e+38 -3.4e+38 -3.4e+38 -3.4e+38 -3.4e+38 -3.4e+38 33.4824295043945 33.4152946472168 33.4959526062012 33.5579833984375 33.4263610839844 33.3385391235352 33.1061859130859 32.7668571472168 31.0924911499023 30.0495624542236 29.7973480224609 29.7398204803467 29.8039684295654 29.8741416931152 29.965705871582 30.0071487426758 30.0173168182373 29.7636661529541 29.0965232849121 26.9885540008545 25.5627727508545 25.164270401001 25.3020763397217 25.827075958252 26.3601856231689 27.2084941864014 27.7522983551025 28.4320201873779 28.6418800354004 28.7349395751953 29.2067813873291 29.9611167907715 31.2432498931885
33.9496803283691 -3.4e+38 -3.4e+38 -3.4e+38 -3.4e+38 -3.4e+38 -3.4e+38 -3.4e+38 -3.4e+38 -3.4e+38 33.8767623901367 33.724494934082 -3.4e+38 -3.4e+38 -3.4e+38 33.4741706848145 33.4782600402832 33.5648612976074 33.4616279602051 33.3474082946777 33.2234039306641 32.5237998962402 30.8517417907715 29.8278961181641 29.3276290893555 29.0665607452393 29.1978359222412 29.4842948913574 29.7018222808838 29.7765979766846 29.7528247833252 29.116060256958 27.5278625488281 25.10129737854 24.5802974700928 24.6780567169189 24.9352016448975 25.2033081054688 25.5790786743164 26.1593894958496 27.1040630340576 28.4954509735107 28.7792835235596 28.876350402832 29.2107563018799 29.7101726531982 30.6840744018555
33.8642807006836 33.816219329834 -3.4e+38 -3.4e+38 -3.4e+38 -3.4e+38 -3.4e+38 -3.4e+38 -3.4e+38 -3.4e+38 34.0730361938477 34.0258102416992 33.9893684387207 -3.4e+38 -3.4e+38 33.4734268188477 33.5214424133301 33.6977233886719 33.6186904907227 33.4790496826172 33.0875244140625 31.7154865264893 30.5592002868652 29.6351661682129 28.7430019378662 28.8676891326904 29.2561321258545 29.2353096008301 29.5855140686035 29.5208549499512 29.0474243164062 28.1059322357178 26.8539619445801 24.2902202606201 23.8697853088379 23.9466114044189 24.3107109069824 24.6045742034912 25.0438537597656 25.5218448638916 26.261754989624 27.4048976898193 28.4624557495117 29.056453704834 29.3893604278564 29.773193359375 30.5715999603271
33.8688812255859 33.8520164489746 33.964427947998 34.0517578125 -3.4e+38 -3.4e+38 -3.4e+38 -3.4e+38 -3.4e+38 -3.4e+38 -3.4e+38 34.0447769165039 33.9917678833008 33.9893684387207 33.6030502319336 33.4500961303711 33.7870330810547 33.9065628051758 33.7449760437012 33.2018775939941 31.6536426544189 30.6301746368408 29.9108409881592 28.3838119506836 28.1142520904541 28.3980674743652 28.7266273498535 28.7839851379395 28.5411109924316 28.4167804718018 28.158842086792 27.0302467346191 24.4261741638184 23.2587890625 22.7582874298096 22.5656070709229 22.9352893829346 23.7439765930176 24.456615447998 24.9984169006348 25.5639591217041 26.2271671295166 27.6430950164795 28.6590614318848 29.2243843078613 29.9363746643066 30.3789691925049
33.7060661315918 33.9206428527832 34.0310516357422 34.1597938537598 -3.4e+38 -3.4e+38 -3.4e+38 -3.4e+38 34.1363067626953 34.1201171875 34.034553527832 33.8879508972168 34.0550003051758 33.9309349060059 33.0184783935547 32.5766334533691 33.1188659667969 33.6502304077148 33.6573791503906 32.4835510253906 30.3900547027588 28.7475337982178 27.8107929229736 27.9051322937012 28.0040397644043 28.0276336669922 27.4890899658203 26.6869869232178 26.5021057128906 26.2087249755859 24.767162322998 23.098611831665 22.0806636810303 22.0619773864746 21.8887348175049 21.6896705627441 22.729829788208 23.1201915740967 23.7680797576904 24.3987865447998 24.9094924926758 25.3815631866455 26.0264282226562 27.0394382476807 27.5582065582275 28.0955982208252 28.5101127624512
33.5557746887207 33.6062202453613 33.6961364746094 33.9391136169434 34.1248741149902 34.0572547912598 34.0322074890137 34.0525398254395 34.0719985961914 34.0164451599121 33.9889640808105 33.9737739562988 33.3874702453613 32.5306358337402 31.4808349609375 31.8473777770996 32.749439239502 32.7725448608398 32.7900505065918 31.1595573425293 30.0729751586914 26.9832801818848 27.0186920166016 26.610559463501 25.58323097229 25.3018951416016 24.5479507446289 23.5377597808838 22.6231422424316 21.5446109771729 20.5593967437744 20.1025009155273 20.1674327850342 20.9430541992188 21.2263278961182 21.7831897735596 22.6614837646484 23.152364730835 23.6638641357422 24.0265960693359 24.4498844146729 24.794620513916 25.0269412994385 25.2057456970215 25.6225147247314 26.2065353393555 27.0950794219971
33.3429183959961 33.3495178222656 33.481071472168 33.8209915161133 33.958984375 33.9434776306152 33.9802780151367 33.9668884277344 33.8334274291992 33.6775512695312 33.5080223083496 32.4910736083984 31.612154006958 30.7406845092773 29.9864826202393 30.0357666015625 30.9211139678955 33.0243148803711 32.5877571105957 31.354585647583 27.5705966949463 25.7541351318359 25.3096389770508 23.8753395080566 22.8868923187256 22.2536792755127 20.9561958312988 20.2973728179932 19.8906917572021 19.5723152160645 19.496374130249 19.5220642089844 19.7425155639648 20.371696472168 21.102632522583 22.0922546386719 22.7184944152832 23.3546714782715 23.5213947296143 23.9308471679688 24.2062225341797 24.521635055542 24.7208480834961 24.8190879821777 24.9724445343018 25.2991600036621 26.6002540588379
32.0047035217285 32.3134117126465 32.7970581054688 33.2645568847656 33.3697967529297 33.2808647155762 33.2279663085938 33.1052360534668 32.7697067260742 32.1408958435059 31.6206188201904 30.8661041259766 30.067928314209 29.1512660980225 28.2218647003174 27.778736114502 28.2940540313721 30.1488552093506 28.154914855957 27.2218208312988 25.2973690032959 23.7861442565918 22.938497543335 22.0760231018066 20.9880599975586 20.2061977386475 19.866548538208 19.4198570251465 19.2667293548584 19.2372264862061 19.2447738647461 19.2871265411377 19.6946239471436 20.4835987091064 21.4432487487793 22.3522796630859 22.9118633270264 23.3221397399902 23.524450302124 23.9401950836182 24.2725677490234 24.2825183868408 24.5337982177734 24.7420959472656 25.0338115692139 25.1818313598633 25.7213954925537
30.9559173583984 31.2320899963379 31.5753707885742 32.2550277709961 32.6279296875 32.4204750061035 31.9525852203369 31.5906887054443 31.2631683349609 31.0559997558594 30.6347007751465 29.5576877593994 28.663402557373 27.8310489654541 27.1193714141846 26.6226177215576 26.4973411560059 26.3574523925781 25.2353572845459 24.0015850067139 22.5330028533936 21.2843780517578 20.6554489135742 20.2182025909424 19.7700939178467 19.5758972167969 19.4420623779297 19.155158996582 19.0563697814941 18.9552326202393 18.8708229064941 19.2096118927002 19.7828159332275 20.503870010376 21.4161853790283 22.2393264770508 22.9094181060791 23.2588729858398 23.6240863800049 23.8598289489746 24.1575317382812 24.3729591369629 24.554256439209 24.6896667480469 24.9207420349121 25.3454914093018 25.5245609283447
29.8704967498779 30.0804195404053 30.5879516601562 30.9351024627686 31.2205581665039 31.3418865203857 31.2419052124023 30.9490051269531 30.7177886962891 30.4693813323975 29.6134796142578 27.6164989471436 25.4556674957275 24.3916759490967 24.7871227264404 25.4821395874023 25.4649066925049 25.1198387145996 24.4635391235352 22.5828342437744 20.8063087463379 19.8875617980957 19.7690982818604 19.4134120941162 19.2251396179199 19.1103401184082 19.1208534240723 18.938892364502 18.7087879180908 18.7326545715332 18.7928600311279 19.2035274505615 19.7584457397461 20.4092273712158 21.2014198303223 22.031774520874 22.5951290130615 23.122501373291 23.4673080444336 23.6267890930176 23.994686126709 24.3714447021484 24.4751052856445 24.7528476715088 24.9870643615723 25.2444686889648 25.539608001709
28.5063705444336 28.7503128051758 29.0074424743652 29.4393634796143 29.7279930114746 29.8161926269531 30.0225200653076 29.8259410858154 29.4174537658691 28.8077373504639 28.1026344299316 27.2632808685303 25.6124858856201 22.8056049346924 21.9182910919189 22.635871887207 23.1384544372559 23.6951713562012 23.2568645477295 22.1159381866455 21.0221538543701 20.1475582122803 19.6707992553711 19.4268455505371 19.2566299438477 19.201265335083 18.8142280578613 18.7704963684082 18.7311191558838 18.7415981292725 18.6885375976562 18.9584064483643 19.5710182189941 20.2127246856689 20.7842998504639 21.6626281738281 22.1996021270752 22.6756248474121 23.0180892944336 23.3304481506348 23.5564098358154 23.7997512817383 24.2588691711426 24.4904670715332 24.7672672271729 25.0906581878662 25.4026756286621
27.6469421386719 27.5891494750977 27.7414302825928 27.7765102386475 28.1517810821533 28.5174655914307 28.4909687042236 28.4466228485107 28.2494773864746 28.0393714904785 27.6529884338379 27.256103515625 26.3767395019531 24.2279834747314 22.4841861724854 21.179859161377 21.3119106292725 21.8493633270264 22.0120239257812 21.4063186645508 20.2785758972168 20.0526847839355 19.8156433105469 19.5833225250244 19.5014610290527 19.3925037384033 19.0033149719238 18.9285640716553 18.8531322479248 18.8081550598145 18.538688659668 18.5564727783203 19.1336402893066 19.8015270233154 20.3533229827881 20.9788932800293 21.5211391448975 22.0566692352295 22.5114192962646 22.7450923919678 22.9916591644287 23.3587951660156 23.6369876861572 23.9547023773193 24.2639255523682 24.667179107666 25.0823783874512
27.3733673095703 27.13551902771 27.1084060668945 27.2529468536377 27.3751125335693 27.4367733001709 27.4676132202148 27.4852180480957 27.5807456970215 27.6470184326172 27.1431770324707 26.9579391479492 26.1420726776123 24.8495273590088 22.8713321685791 21.1725368499756 20.6727466583252 20.9218406677246 21.2811088562012 20.6134052276611 20.4141597747803 20.0172824859619 19.6611442565918 19.6540565490723 19.6446914672852 19.4941234588623 19.143669128418 19.0741195678711 18.9979686737061 18.9148292541504 18.6205825805664 18.5552730560303 18.6166839599609 18.8803081512451 19.4170417785645 19.9031238555908 20.2564144134521 20.9332962036133 21.63698387146 22.0138740539551 22.2448616027832 22.5980415344238 22.8529224395752 23.1197719573975 23.2613334655762 23.8611831665039 24.2726497650146
