Ecospace-environmental-drivers/Outputs/ASCII-for-ecospace/Temp-avg/Temp-avg_X2001.06.asc
NCOLS 131 
NROWS 53 
XLLCORNER -98 
YLLCORNER 23.9265270233154 
CELLSIZE 0.133587792515755 
NODATA_value -3.4e+38 
[rows 0 to 20 of 53, columns 47 to 93 of 131]
-3.4e+38 -3.4e+38 -3.4e+38 -3.4e+38 -3.4e+38 -3.4e+38 -3.4e+38 -3.4e+38 -3.4e+38 -3.4e+38 -3.4e+38 -3.4e+38 -3.4e+38 -3.4e+38 -3.4e+38 -3.4e+38 -3.4e+38 -3.4e+38 -3.4e+38 -3.4e+38 -3.4e+38 -3.4e+38 -3.4e+38 -3.4e+38 -3.4e+38 -3.4e+38 -3.4e+38 -3.4e+38 -3.4e+38 -3.4e+38 -3.4e+38 -3.4e+38 -3.4e+38 -3.4e+38 -3.4e+38 -3.4e+38 -3.4e+38 -3.4e+38 -3.4e+38 -3.4e+38 -3.4e+38 -3.4e+38 -3.4e+38 -3.4e+38 -3.4e+38 -3.4e+38 -3.4e+38
-3.4e+38 -3.4e+38 -3.4e+38 -3.4e+38 -3.4e+38 -3.4e+38 -3.4e+38 -3.4e+38 -3.4e+38 -3.4e+38 -3.4e+38 -3.4e+38 -3.4e+38 -3.4e+38 -3.4e+38 -3.4e+38 -3.4e+38 -3.4e+38 -3.4e+38 -3.4e+38 -3.4e+38 -3.4e+38 -3.4e+38 -3.4e+38 -3.4e+38 -3.4e+38 -3.4e+38 -3.4e+38 -3.4e+38 -3.4e+38 -3.4e+38 -3.4e+38 -3.4e+38 -3.4e+38 -3.4e+38 -3.4e+38 -3.4e+38 -3.4e+38 -3.4e+38 -3.4e+38 -3.4e+38 -3.4e+38 -3.4e+38 -3.4e+38 -3.4e+38 -3.4e+38 -3.4e+38
-3.4e+38 -3.4e+38 -3.4e+38 -3.4e+38 -3.4e+38 -3.4e+38 -3.4e+38 -3.4e+38 -3.4e+38 -3.4e+38 -3.4e+38 -3.4e+38 -3.4e+38 -3.4e+38 -3.4e+38 -3.4e+38 -3.4e+38 -3.4e+38 -3.4e+38 -3.4e+38 -3.4e+38 -3.4e+38 -3.4e+38 -3.4e+38 -3.4e+38 -3.4e+38 -3.4e+38 30.7291393280029 30.7542247772217 -3.4e+38 -3.4e+38 -3.4e+38 -3.4e+38 -3.4e+38 -3.4e+38 -3.4e+38 -3.4e+38 -3.4e+38 -3.4e+38 -3.4e+38 -3.4e+38 -3.4e+38 -3.4e+38 -3.4e+38 -3.4e+38 -3.4e+38 -3.4e+38
-3.4e+38 -3.4e+38 -3.4e+38 -3.4e+38 -3.4e+38 -3.4e+38 -3.4e+38 -3.4e+38 -3.4e+38 -3.4e+38 -3.4e+38 -3.4e+38 -3.4e+38 -3.4e+38 -3.4e+38 -3.4e+38 -3.4e+38 -3.4e+38 -3.4e+38 -3.4e+38 -3.4e+38 -3.4e+38 -3.4e+38 -3.4e+38 -3.4e+38 -3.4e+38 -3.4e+38 30.6751327514648 30.625581741333 -3.4e+38 -3.4e+38 -3.4e+38 -3.4e+38 -3.4e+38 -3.4e+38 -3.4e+38 -3.4e+38 -3.4e+38 -3.4e+38 -3.4e+38 -3.4e+38 -3.4e+38 -3.4e+38 -3.4e+38 -3.4e+38 -3.4e+38 -3.4e+38
-3.4e+38 -3.4e+38 -3.4e+38 -3.4e+38 -3.4e+38 -3.4e+38 -3.4e+38 -3.4e+38 -3.4e+38 30.8958587646484 30.8958587646484 30.8957061767578 30.8474540710449 -3.4e+38 -3.4e+38 -3.4e+38 -3.4e+38 -3.4e+38 30.4193420410156 30.3925094604492 30.4969882965088 30.5625514984131 30.6066818237305 30.8127021789551 30.8434505462646 30.8494625091553 30.7884769439697 30.6192588806152 30.7242946624756 31.0923347473145 -3.4e+38 -3.4e+38 28.123140335083 27.8967895507812 28.4011192321777 27.4570426940918 27.1378803253174 27.824634552002 28.0397872924805 27.3067302703857 27.5882377624512 27.5079231262207 -3.4e+38 -3.4e+38 -3.4e+38 -3.4e+38 -3.4e+38
-3.4e+38 -3.4e+38 -3.4e+38 -3.4e+38 -3.4e+38 -3.4e+38 -3.4e+38 -3.4e+38 30.8958587646484 30.8958587646484 30.8958587646484 30.8958587646484 30.8955516815186 30.841480255127 30.7569236755371 -3.4e+38 30.6411266326904 30.6627254486084 30.4213905334473 30.200740814209 29.9920921325684 30.0288352966309 30.2922477722168 30.4222602844238 30.4299640655518 30.2857398986816 30.225191116333 30.3860168457031 30.677282333374 31.0187149047852 28.8913841247559 28.4781379699707 28.284688949585 27.6065940856934 27.2947597503662 26.9263038635254 27.111400604248 27.138355255127 27.1138038635254 27.1046695709229 27.1498317718506 27.4372940063477 27.8563289642334 28.3401107788086 -3.4e+38 -3.4e+38 -3.4e+38
-3.4e+38 -3.4e+38 -3.4e+38 -3.4e+38 -3.4e+38 -3.4e+38 -3.4e+38 -3.4e+38 30.8972778320312 30.8958587646484 30.8958587646484 30.8958587646484 30.8958587646484 30.8952445983887 30.8178958892822 30.7569236755371 30.6366233825684 30.5082340240479 30.3382339477539 30.1021499633789 29.4923648834229 29.1543846130371 28.458927154541 28.3328456878662 28.4015846252441 28.1866626739502 27.9429492950439 28.2169799804688 28.258581161499 28.1281108856201 27.8086185455322 27.3101959228516 27.2098369598389 26.9922714233398 26.8233032226562 26.1565818786621 25.6428852081299 26.0550861358643 26.4806518554688 26.5230045318604 26.5392799377441 26.7910804748535 27.1511135101318 27.5854969024658 28.1049213409424 28.3556175231934 -3.4e+38
-3.4e+38 -3.4e+38 -3.4e+38 -3.4e+38 -3.4e+38 -3.4e+38 -3.4e+38 -3.4e+38 -3.4e+38 -3.4e+38 30.8958587646484 30.8958587646484 30.8958587646484 -3.4e+38 30.8946323394775 30.7241706848145 30.714334487915 30.6835994720459 30.5559158325195 30.272029876709 29.8823051452637 29.6179885864258 27.6797828674316 27.021842956543 26.8727169036865 26.9399757385254 27.0084362030029 27.2659435272217 27.4057636260986 27.1477680206299 26.9264240264893 26.8538074493408 26.8619022369385 26.3915500640869 25.5760459899902 24.0130996704102 23.8755397796631 24.4379081726074 25.3074493408203 25.6578903198242 25.9373683929443 26.4039306640625 26.8181419372559 27.0392875671387 27.5285377502441 28.3275279998779 29.4614868164062
-3.4e+38 -3.4e+38 -3.4e+38 -3.4e+38 -3.4e+38 -3.4e+38 -3.4e+38 -3.4e+38 -3.4e+38 -3.4e+38 -3.4e+38 -3.4e+38 -3.4e+38 -3.4e+38 30.8689365386963 30.8044033050537 30.7829780578613 30.747522354126 30.6349506378174 30.5245685577393 30.2712879180908 29.9354934692383 27.3059425354004 26.594388961792 26.3598823547363 26.5263996124268 26.7690944671631 26.9103946685791 26.9588184356689 26.9373188018799 26.8615188598633 26.7359409332275 26.4529247283936 25.0287284851074 23.8074779510498 23.4049434661865 23.6357173919678 24.1937007904053 24.6236686706543 25.207633972168 25.584903717041 26.1532230377197 26.5889282226562 26.7214298248291 27.0148639678955 27.5572280883789 28.8313999176025
30.9058856964111 -3.4e+38 -3.4e+38 -3.4e+38 -3.4e+38 -3.4e+38 -3.4e+38 -3.4e+38 -3.4e+38 -3.4e+38 30.893669128418 30.9341773986816 -3.4e+38 -3.4e+38 -3.4e+38 30.8247203826904 30.9147300720215 30.89208984375 30.7153644561768 30.5221614837646 30.314697265625 28.9464702606201 26.8372364044189 26.28196144104 26.1863632202148 26.5250625610352 26.8301372528076 27.0198841094971 27.0917949676514 27.0658702850342 27.0232334136963 26.6119766235352 25.5132369995117 23.6269798278809 23.2260780334473 23.4203071594238 23.717887878418 23.9717330932617 24.2587738037109 24.646915435791 25.2520484924316 26.1945018768311 26.466459274292 26.6382846832275 26.9177856445312 27.2724552154541 28.1290454864502
30.6546573638916 30.7176246643066 -3.4e+38 -3.4e+38 -3.4e+38 -3.4e+38 -3.4e+38 -3.4e+38 -3.4e+38 -3.4e+38 30.8640441894531 30.9152984619141 30.9724979400635 -3.4e+38 -3.4e+38 30.7376766204834 30.7978591918945 30.9221935272217 30.5868759155273 30.0376987457275 29.115894317627 27.1971054077148 26.3885631561279 26.3418407440186 26.19948387146 26.4699268341064 26.7478904724121 26.719856262207 26.9690399169922 26.9057445526123 26.5495166778564 25.8431987762451 25.1154174804688 23.1464347839355 22.848072052002 22.995231628418 23.3603858947754 23.632833480835 23.9931297302246 24.294225692749 24.8209190368652 25.5125389099121 26.156909942627 26.7093124389648 27.0125713348389 27.2655353546143 27.8062973022461
30.4981250762939 30.5239448547363 30.5793266296387 30.6451549530029 -3.4e+38 -3.4e+38 -3.4e+38 -3.4e+38 -3.4e+38 -3.4e+38 -3.4e+38 30.8887958526611 30.9499244689941 30.9724979400635 30.6942844390869 30.6474723815918 30.9000339508057 30.6251316070557 29.5581150054932 28.0912284851074 26.4710216522217 26.0429286956787 26.2073669433594 25.7198905944824 25.5978393554688 25.6649322509766 25.8781700134277 26.0075702667236 25.911735534668 25.8312549591064 25.6379280090332 24.9477195739746 22.9839820861816 22.0557613372803 21.699146270752 21.5849952697754 21.986141204834 22.7340106964111 23.3719921112061 23.8139743804932 24.2332515716553 24.7610492706299 25.7009201049805 26.4584274291992 27.0223979949951 27.4342784881592 27.6331577301025
29.8088684082031 30.2724781036377 30.5539932250977 30.8021469116211 -3.4e+38 -3.4e+38 -3.4e+38 -3.4e+38 30.8601055145264 30.886999130249 30.8129596710205 30.687671661377 30.9646320343018 30.9126415252686 30.1543235778809 29.7673854827881 30.0241737365723 29.5837879180908 28.6767807006836 26.8798961639404 25.2562255859375 25.372974395752 25.1904964447021 25.1507186889648 25.1397495269775 25.1627578735352 24.8233070373535 24.280086517334 24.1734218597412 23.9744510650635 22.8807258605957 21.5673389434814 20.77419090271 20.8644390106201 20.7715835571289 20.6481876373291 21.6067905426025 21.9604797363281 22.5540027618408 23.116512298584 23.5471572875977 23.9713687896729 24.6774139404297 25.4359283447266 25.8838443756104 26.1948490142822 26.3256397247314
29.1754722595215 29.2561817169189 29.5929164886475 30.0979385375977 30.4720478057861 30.4501800537109 30.547643661499 30.6292667388916 30.7010192871094 30.6960124969482 30.7423534393311 30.86696434021 30.0514507293701 29.3845882415771 28.7656402587891 29.0634784698486 29.9534549713135 30.0191516876221 29.0464611053467 26.773962020874 24.9791374206543 24.3078651428223 24.6142883300781 24.2047176361084 23.3762226104736 23.1097850799561 22.437536239624 21.5952625274658 20.8616561889648 19.9824981689453 19.1293354034424 18.8099956512451 18.997953414917 19.8322563171387 20.17942237854 20.6736583709717 21.4157161712646 21.8729801177979 22.3135280609131 22.671293258667 23.0709590911865 23.3986663818359 23.7489700317383 24.0592575073242 24.4522304534912 24.9189300537109 25.4867649078369
28.8819789886475 28.8222675323486 29.1167888641357 29.6909618377686 30.1322193145752 30.1918334960938 30.3693923950195 30.4573097229004 30.3749179840088 30.20703125 29.9362964630127 28.8427295684814 28.2803802490234 27.706937789917 27.265438079834 27.4939250946045 28.1350879669189 30.4956111907959 30.1602935791016 27.5097103118896 23.9556922912598 23.2236270904541 23.1404304504395 22.0863132476807 21.3033103942871 20.6851615905762 19.4632301330566 18.8667488098145 18.4998512268066 18.161828994751 18.1037425994873 18.215877532959 18.5445346832275 19.2369136810303 19.9688987731934 20.9418334960938 21.453987121582 22.0023040771484 22.1346817016602 22.4995880126953 22.8303508758545 23.1486282348633 23.4388027191162 23.6967372894287 23.9691219329834 24.1284694671631 25.1697063446045
27.8828067779541 28.0419139862061 28.398494720459 28.9314117431641 29.0699653625488 29.0199737548828 29.0415306091309 29.0128898620605 28.7916603088379 28.342155456543 28.0925769805908 27.7758674621582 27.2905082702637 26.6184043884277 25.8458499908447 25.6081924438477 26.2268753051758 27.2296924591064 25.0257663726807 24.3474349975586 23.0065135955811 22.0042514801025 21.4580707550049 20.8231010437012 19.8470706939697 19.0763034820557 18.7301502227783 18.2915058135986 18.1190357208252 18.0394840240479 18.0195369720459 18.0806560516357 18.5015926361084 19.2746658325195 20.1826725006104 21.1047458648682 21.6414432525635 21.9803676605225 22.1345634460449 22.4858264923096 22.8321266174316 22.9339256286621 23.2282485961914 23.5413951873779 23.9149341583252 24.0000286102295 24.3704738616943
27.41090965271 27.5000953674316 27.680103302002 28.1155395507812 28.4260234832764 28.3202037811279 28.0632133483887 27.8912811279297 27.7922954559326 27.754846572876 27.4911479949951 26.907600402832 26.2660846710205 25.5619831085205 25.0311965942383 24.7902851104736 24.7760410308838 24.6299304962158 23.5883693695068 22.4615840911865 21.2680473327637 20.2372207641602 19.7228927612305 19.3735389709473 18.9464359283447 18.7353820800781 18.5686912536621 18.2513732910156 18.1252384185791 17.9962997436523 17.8760852813721 18.1714839935303 18.7259788513184 19.3615493774414 20.1789264678955 20.9422397613525 21.539041519165 21.8336715698242 22.1591053009033 22.3886604309082 22.6970138549805 22.9795913696289 23.227445602417 23.428050994873 23.7069969177246 24.1038551330566 24.2132625579834
26.8454475402832 26.9073829650879 27.1273803710938 27.3616333007812 27.6232852935791 27.6648139953613 27.6207885742188 27.5627021789551 27.5251178741455 27.3394336700439 26.8012523651123 25.5261535644531 23.869649887085 23.0888061523438 23.6133079528809 24.3131008148193 24.3521022796631 24.0175952911377 23.4217510223389 21.7387447357178 20.1677360534668 19.263090133667 19.1314697265625 18.7794342041016 18.6407718658447 18.5380878448486 18.541919708252 18.3612804412842 18.1232795715332 18.0913162231445 18.0725288391113 18.3903694152832 18.8789081573486 19.4163513183594 20.0782680511475 20.7993488311768 21.2086334228516 21.6371517181396 21.9422550201416 22.1077880859375 22.4847927093506 22.9009094238281 23.0708408355713 23.4123134613037 23.7329559326172 23.978120803833 24.2240715026855
26.0658836364746 26.2188892364502 26.3386936187744 26.5385398864746 26.6771259307861 26.7388935089111 26.9012985229492 26.8578796386719 26.6550521850586 26.2568302154541 25.8914928436279 25.3857555389404 24.2063999176025 21.9255180358887 21.2559814453125 21.9163208007812 22.3794574737549 22.9115142822266 22.5296993255615 21.4783229827881 20.4296703338623 19.5420989990234 19.0439472198486 18.8209133148193 18.738452911377 18.7589206695557 18.4261531829834 18.4173717498779 18.3807315826416 18.317777633667 18.1404914855957 18.3148860931396 18.8512363433838 19.3875598907471 19.8247203826904 20.5512390136719 20.8680210113525 21.2006759643555 21.4945583343506 21.7967739105225 22.0463256835938 22.322286605835 22.8098468780518 23.1219310760498 23.4964809417725 23.8474464416504 24.1395854949951
25.5950794219971 25.5062255859375 25.5687160491943 25.5492458343506 25.7723426818848 26.0064468383789 26.0150032043457 26.0215187072754 25.9132785797119 25.7485218048096 25.5437259674072 25.3640308380127 24.8373489379883 23.0416259765625 21.6143970489502 20.5162830352783 20.6946430206299 21.2390422821045 21.3694763183594 20.7626667022705 19.6590137481689 19.3964099884033 19.1652793884277 18.9897727966309 18.9780197143555 18.9613952636719 18.6231575012207 18.6054935455322 18.5699119567871 18.5162906646729 18.1301460266113 18.0350875854492 18.5040493011475 19.0656356811523 19.4927940368652 19.9869232177734 20.3412799835205 20.7159233093262 21.092227935791 21.3407783508301 21.5887928009033 21.9500217437744 22.2487392425537 22.6167392730713 23.0118045806885 23.4506053924561 23.8533420562744
25.4050788879395 25.2412338256836 25.1860809326172 25.2180061340332 25.2227172851562 25.196626663208 25.1997451782227 25.2101573944092 25.2235164642334 25.25537109375 24.8879623413086 24.6927299499512 24.1612491607666 23.2280158996582 21.7618846893311 20.3185443878174 19.8791618347168 20.1416301727295 20.4756355285645 19.8068542480469 19.6136360168457 19.2991790771484 19.053129196167 19.1253070831299 19.1865882873535 19.0888977050781 18.7863674163818 18.7482948303223 18.7040767669678 18.6551265716553 18.2841682434082 18.0873794555664 18.0659217834473 18.2245140075684 18.6307792663574 18.9957485198975 19.2344055175781 19.7712497711182 20.392183303833 20.7489967346191 20.9578018188477 21.3203792572021 21.6088218688965 21.9036293029785 22.1089210510254 22.6766452789307 23.1309127807617
