Ecospace-environmental-drivers/Outputs/ASCII-for-ecospace/Temp-avg/Temp-avg_X2000.12.asc
NCOLS 131 
NROWS 53 
XLLCORNER -98 
YLLCORNER 23.9265270233154 
CELLSIZE 0.133587792515755 
NODATA_value -3.4e+38 
[rows 21 to 41 of 53, columns 0 to 46 of 131]
-3.4e+38 -3.4e+38 -3.4e+38 -3.4e+38 -3.4e+38 -3.4e+38 16.9044380187988 16.7959251403809 16.9286785125732 16.4944820404053 17.1498737335205 17.8737964630127 18.6873569488525 19.3814144134521 19.8804130554199 20.2552738189697 20.5497760772705 20.7891426086426 21.0462837219238 21.3110160827637 21.491174697876 21.5971336364746 21.6747894287109 21.6917572021484 21.6764144897461 21.6904964447021 21.7913360595703 21.9172973632812 22.0504760742188 22.1552410125732 22.1863021850586 22.1757545471191 22.1820220947266 22.1762657165527 22.1727619171143 22.1806678771973 22.1785182952881 22.2024154663086 22.2037715911865 22.1817188262939 22.1480159759521 22.1601371765137 22.138126373291 22.139684677124 22.175500869751 22.2558097839355 22.2901420593262
-3.4e+38 -3.4e+38 -3.4e+38 -3.4e+38 -3.4e+38 -3.4e+38 16.822229385376 17.0951595306396 16.7959251403809 17.495626449585 18.2838039398193 19.0923919677734 19.9457492828369 20.6084213256836 21.0319328308105 21.2826309204102 21.441686630249 21.5925559997559 21.774133682251 21.9169483184814 22.0181732177734 22.1002655029297 22.1365585327148 22.1156158447266 22.0928592681885 22.0566806793213 22.0368213653564 22.0148792266846 22.0131320953369 22.0162258148193 22.0190944671631 22.0089893341064 22.0360507965088 22.0919628143311 22.1497592926025 22.2582244873047 22.3058090209961 22.315092086792 22.2851810455322 22.1480255126953 22.1520557403564 22.1622180938721 21.9512310028076 21.9511623382568 21.9789791107178 22.0160579681396 22.0764198303223
-3.4e+38 -3.4e+38 -3.4e+38 -3.4e+38 17.0904865264893 16.9988307952881 17.1498165130615 16.822229385376 17.6673240661621 18.5173015594482 19.3785133361816 20.4004955291748 21.2801380157471 21.7630081176758 21.9549255371094 22.008903503418 22.0376167297363 22.0947208404541 22.1605224609375 22.1583805084229 22.0387802124023 21.8873863220215 21.7369270324707 21.5814609527588 21.6739864349365 21.4774951934814 21.4556293487549 21.5627822875977 21.7479686737061 21.5859470367432 21.7597618103027 21.811897277832 21.8604736328125 21.6959915161133 22.1136283874512 22.1457138061523 22.0405731201172 22.1203269958496 21.924201965332 21.118221282959 21.3258476257324 21.2209796905518 21.5939102172852 21.0751571655273 21.2404861450195 21.3202266693115 21.4768505096436
-3.4e+38 -3.4e+38 -3.4e+38 -3.4e+38 17.0920009613037 17.180627822876 16.9988307952881 17.6283912658691 18.6077518463135 19.5414447784424 20.624626159668 21.5682601928711 22.0837821960449 22.2409076690674 22.2629871368408 22.2859954833984 22.2146816253662 21.8299560546875 21.6020698547363 21.1685085296631 20.5654792785645 20.2178592681885 20.4096088409424 20.4651432037354 20.5960502624512 20.5169486999512 20.6780281066895 20.3706512451172 20.5434627532959 20.3523635864258 20.5501022338867 21.0473575592041 21.2893180847168 21.5520114898682 21.9354438781738 21.9273796081543 22.1237640380859 21.8759937286377 21.1241512298584 20.0545558929443 20.2486209869385 20.3553047180176 20.3941898345947 20.0600414276123 19.7276096343994 19.8480205535889 19.4291763305664
-3.4e+38 -3.4e+38 -3.4e+38 -3.4e+38 -3.4e+38 17.0920009613037 17.4510517120361 18.5103855133057 19.5292854309082 20.6668834686279 21.6237812042236 22.1801776885986 22.3381538391113 22.2435188293457 22.1100177764893 21.8185176849365 21.0249462127686 20.0951690673828 19.9388523101807 19.6042137145996 19.1431827545166 19.0875244140625 19.28830909729 19.4396667480469 19.7149925231934 19.5115451812744 19.6253223419189 19.6421222686768 19.4126644134521 19.3368129730225 19.4271144866943 19.9348182678223 20.2864151000977 21.119649887085 21.166223526001 21.3136100769043 21.1861400604248 20.4542770385742 19.4866733551025 19.3963603973389 19.8663959503174 19.6534595489502 19.2940788269043 19.1648330688477 19.0276851654053 19.0890979766846 18.6698417663574
-3.4e+38 -3.4e+38 -3.4e+38 -3.4e+38 -3.4e+38 17.3893051147461 18.2227458953857 19.3109226226807 20.4308795928955 21.5027351379395 22.1523342132568 22.3709926605225 22.2609443664551 22.0004539489746 21.5707530975342 20.9393634796143 19.8461208343506 19.1425876617432 19.043384552002 18.6418495178223 18.2964782714844 18.3279705047607 18.4365653991699 18.7857646942139 18.6106224060059 18.7552852630615 18.6286563873291 18.3846893310547 18.7089309692383 18.3673286437988 18.9679222106934 19.5003871917725 20.096399307251 20.346736907959 20.0118522644043 20.1662731170654 19.9035148620605 19.2066249847412 18.9685840606689 18.7128944396973 19.1182117462158 18.6533012390137 18.9447631835938 18.9412536621094 18.8276042938232 18.6893539428711 17.9549865722656
-3.4e+38 -3.4e+38 16.4373340606689 16.8159217834473 17.408540725708 17.7906894683838 18.9239158630371 20.0164470672607 21.1134986877441 21.9607810974121 22.3793869018555 22.3334789276123 22.1038093566895 21.5642871856689 20.6818447113037 20.1982917785645 19.4014759063721 18.5154151916504 18.1804752349854 18.1537036895752 18.1670074462891 18.1788635253906 18.2081356048584 18.2278652191162 18.2502155303955 18.3216495513916 18.0911159515381 18.0587921142578 18.1840114593506 18.3970336914062 18.8992538452148 19.1041374206543 19.3506622314453 19.400541305542 19.4219703674316 19.2484893798828 19.1192932128906 19.062967300415 18.7787399291992 18.5431480407715 18.6244792938232 18.4525737762451 18.2727928161621 18.1199111938477 18.1959381103516 18.0268859863281 17.5606231689453
-339999999999999996128486808808066248288.000000000000000 -3.4e+38 -3.4e+38 -3.4e+38 17.1945095062256 18.2308616638184 19.4804744720459 20.567045211792 21.5789642333984 22.244197845459 22.4441261291504 22.2555389404297 21.7073574066162 20.6688365936279 20.1444511413574 19.7385120391846 18.8360424041748 18.3008518218994 18.1759243011475 18.1409969329834 18.190185546875 18.123233795166 18.147253036499 18.1999607086182 18.2879180908203 18.3000106811523 18.1321773529053 18.2921524047852 18.0773258209229 18.3087272644043 18.5613975524902 18.478343963623 19.0167198181152 19.2195720672607 19.1908550262451 18.9743804931641 18.7560367584229 18.572847366333 18.5436038970947 18.439697265625 18.2381172180176 18.1838092803955 18.0006942749023 17.8992309570312 17.7106513977051 17.5436553955078 17.3442821502686
-3.4e+38 -3.4e+38 -3.4e+38 -3.4e+38 17.1987228393555 18.6234130859375 19.8535079956055 20.8954753875732 21.8498210906982 22.4264717102051 22.4586715698242 22.1033687591553 21.2310180664062 20.1403999328613 19.5361232757568 19.1423606872559 18.9255962371826 18.4657173156738 18.1878051757812 18.1853084564209 17.9859867095947 17.8428249359131 17.8621845245361 17.8956909179688 17.9415054321289 18.1145496368408 17.9841442108154 18.0050296783447 17.8768081665039 18.3523235321045 18.4566116333008 18.4969158172607 18.3926372528076 18.6287536621094 18.5559978485107 18.1905345916748 18.2817802429199 18.2071533203125 18.1430740356445 18.102014541626 18.0859413146973 18.0239963531494 17.8634910583496 17.592212677002 17.6056308746338 17.2142372131348 16.989278793335
-3.4e+38 -3.4e+38 -3.4e+38 -3.4e+38 17.0728721618652 18.7344036102295 19.9871864318848 21.0050506591797 21.9348392486572 22.4882373809814 22.4683418273926 21.8555965423584 20.485559463501 19.7704963684082 19.1243591308594 18.9237480163574 18.4612350463867 18.2627735137939 17.7951068878174 17.7619132995605 17.5836429595947 17.6971054077148 17.8080520629883 17.818058013916 17.6594085693359 17.857780456543 18.0820827484131 17.7080059051514 17.7412891387939 18.040075302124 18.419282913208 18.2651596069336 18.2275371551514 18.3047695159912 18.2184314727783 18.2025623321533 18.2022647857666 18.1744956970215 18.0664615631104 18.0719451904297 17.9151134490967 17.7953872680664 17.650318145752 17.636360168457 17.3910522460938 17.15891456604 16.8981094360352
-3.4e+38 -3.4e+38 -3.4e+38 -3.4e+38 17.587215423584 18.6283836364746 19.9357795715332 20.9354038238525 21.8526000976562 22.4597988128662 22.5030136108398 21.8281993865967 20.3720302581787 19.6374778747559 18.8587398529053 18.1460971832275 17.9645462036133 17.8788528442383 17.7056312561035 17.4023952484131 17.3263969421387 17.3260021209717 17.5731182098389 17.6395092010498 17.6126270294189 17.7346744537354 18.0855045318604 18.0555763244629 17.771369934082 17.9443130493164 17.8525733947754 17.8675899505615 18.0862903594971 18.1299152374268 18.1962356567383 18.2300548553467 18.2354583740234 18.1531867980957 17.8655624389648 17.6972770690918 17.6954898834229 17.6742820739746 17.63010597229 17.5352878570557 17.3552780151367 17.0919723510742 16.8269500732422
-3.4e+38 -3.4e+38 -3.4e+38 -3.4e+38 17.5558815002441 18.6280422210693 19.7633972167969 20.7694759368896 21.6364994049072 22.2985382080078 22.5822067260742 22.2455902099609 20.7352237701416 19.4813709259033 18.7769603729248 17.9395008087158 17.6315422058105 17.63694190979 17.5857257843018 17.2329292297363 17.1874694824219 17.146764755249 17.1264896392822 17.1090393066406 17.4757862091064 17.5073146820068 17.5671482086182 17.6335391998291 17.7068061828613 17.7819957733154 17.6337127685547 17.9287071228027 18.0182189941406 17.8942909240723 17.8184585571289 17.9566478729248 17.8735275268555 17.8543186187744 17.8194007873535 17.8212013244629 17.7554512023926 17.6776638031006 17.3426933288574 17.5069618225098 17.3185634613037 17.0475463867188 16.7220039367676
-3.4e+38 -3.4e+38 -3.4e+38 -3.4e+38 17.1757488250732 18.4524326324463 19.5805492401123 20.554931640625 21.4111557006836 22.0676555633545 22.4928855895996 22.5582695007324 21.3836402893066 19.3698234558105 18.3553295135498 17.9250221252441 17.6414203643799 17.5692501068115 17.3175067901611 17.086238861084 17.0165596008301 16.9592342376709 16.9197273254395 16.8973178863525 16.8800354003906 16.7003364562988 16.786111831665 17.046070098877 17.1645793914795 17.3321514129639 17.4005146026611 17.6760063171387 17.6546020507812 17.6757469177246 17.7796287536621 17.8562259674072 17.8923683166504 17.8988132476807 17.8955574035645 17.7423782348633 17.8526573181152 17.682502746582 17.3424205780029 17.1367778778076 17.0957107543945 17.0295429229736 16.5957927703857
-3.4e+38 -3.4e+38 -3.4e+38 -3.4e+38 -3.4e+38 18.8965797424316 19.4537811279297 20.4218730926514 21.2780513763428 21.9293575286865 22.3814716339111 22.6512966156006 22.0237865447998 19.6022491455078 18.4333057403564 17.897819519043 17.6567344665527 17.4956855773926 17.2062530517578 16.9541454315186 16.8644676208496 16.7782382965088 16.6974296569824 16.6580028533936 16.6309146881104 16.3215103149414 16.4807910919189 16.8678798675537 16.990291595459 17.1486644744873 17.2631511688232 17.3735771179199 17.4930286407471 17.5986042022705 17.5621871948242 17.8071537017822 17.931661605835 17.9734115600586 17.9883136749268 17.9929332733154 17.8406028747559 17.6291160583496 17.4659214019775 17.4834518432617 17.0390224456787 16.7579040527344 16.3750991821289
-3.4e+38 -3.4e+38 -3.4e+38 -3.4e+38 -3.4e+38 17.6475105285645 19.4005088806152 20.4404983520508 21.2628154754639 21.9360752105713 22.396614074707 22.685079574585 22.1762294769287 19.8299160003662 18.7131309509277 17.8935661315918 17.7977714538574 17.4343242645264 17.1222057342529 16.8480892181396 16.7202472686768 16.5459575653076 16.22802734375 16.2772464752197 16.1829738616943 15.895806312561 16.0799732208252 16.4082508087158 16.5357666015625 16.9083232879639 17.1854038238525 17.3089237213135 17.4471454620361 17.5383567810059 17.1603202819824 17.4589195251465 17.8749904632568 18.0075759887695 18.0599002838135 18.0672416687012 18.0409355163574 17.6522560119629 17.4766845703125 17.3485469818115 17.0934524536133 16.7511711120605 16.43723487854
-3.4e+38 -3.4e+38 -3.4e+38 -3.4e+38 -3.4e+38 18.0479259490967 19.394660949707 20.5222682952881 21.3451690673828 22.017614364624 22.4747409820557 22.7692356109619 22.0211429595947 19.7007007598877 18.5776329040527 17.9666385650635 17.8614540100098 17.6522445678711 16.9748268127441 16.7897300720215 16.6207427978516 16.282808303833 16.0117034912109 15.8017044067383 15.6855697631836 15.7459688186646 15.8424243927002 16.0225849151611 16.1973705291748 16.2550525665283 16.4186153411865 16.5673122406006 16.8277549743652 16.9663372039795 16.9030818939209 17.1104946136475 17.4689922332764 17.7679977416992 17.7680969238281 17.791633605957 17.7063140869141 17.667875289917 17.5508670806885 17.3829650878906 17.1295967102051 16.8592948913574 16.5253124237061
-3.4e+38 -3.4e+38 -3.4e+38 -3.4e+38 -3.4e+38 -3.4e+38 19.6876564025879 20.6075553894043 21.4491539001465 22.1240177154541 22.5896778106689 22.885591506958 22.2557582855225 20.0249557495117 18.6897354125977 18.0968017578125 18.2118148803711 17.7014236450195 16.9493064880371 16.7742691040039 16.5893688201904 16.2050266265869 15.8569049835205 15.5851650238037 15.4336252212524 15.5041446685791 15.6996374130249 15.7197332382202 15.7908153533936 15.9506006240845 16.1092967987061 16.2260990142822 16.348237991333 16.4888114929199 16.6570663452148 16.8260803222656 16.9680500030518 17.3223896026611 17.6081676483154 17.7171974182129 17.7686138153076 17.7314929962158 17.6372146606445 17.4297924041748 17.1757335662842 16.9490242004395 16.7017211914062
-3.4e+38 -3.4e+38 -3.4e+38 -3.4e+38 -3.4e+38 -3.4e+38 19.9097652435303 20.7434120178223 21.6033973693848 22.2736377716064 22.738151550293 22.9900341033936 22.1621513366699 20.2800445556641 19.0029144287109 18.4341163635254 18.4959392547607 17.8916397094727 17.0781898498535 16.8033790588379 16.3612976074219 16.0374221801758 15.7078008651733 15.4879741668701 15.3171300888062 15.3786544799805 15.4624500274658 15.6053800582886 15.767692565918 15.9380311965942 16.0956993103027 16.2094097137451 16.3283462524414 16.4794692993164 16.6511974334717 16.8341827392578 16.9526309967041 17.0306510925293 17.0906639099121 17.2811241149902 17.5037307739258 17.5516605377197 17.511137008667 17.1894340515137 17.0067768096924 16.7956066131592 16.6832313537598
-3.4e+38 -3.4e+38 -3.4e+38 -3.4e+38 -3.4e+38 -3.4e+38 20.0659446716309 21.0057754516602 21.852710723877 22.470516204834 22.8908386230469 23.0603809356689 22.1591453552246 19.9956245422363 18.8358058929443 18.2380466461182 18.353609085083 17.7686138153076 17.2287254333496 16.7537784576416 16.2907238006592 15.9190721511841 15.5986995697021 15.4415702819824 15.386326789856 15.4052028656006 15.4702262878418 15.6071920394897 15.7647371292114 15.9358825683594 16.0886325836182 16.1876277923584 16.3057670593262 16.4603118896484 16.628791809082 16.814811706543 16.9440479278564 17.0242099761963 17.0804920196533 17.139612197876 17.1474361419678 17.1427459716797 17.1307601928711 17.1495132446289 16.9251575469971 16.5928955078125 16.3916454315186
-3.4e+38 -3.4e+38 -3.4e+38 -3.4e+38 -3.4e+38 19.9434661865234 20.3401851654053 21.3769664764404 22.1415977478027 22.6722240447998 23.0103321075439 23.0239810943604 21.8644638061523 19.5711555480957 18.4509983062744 18.1453800201416 18.0956897735596 17.8128147125244 17.3950901031494 16.8786926269531 16.331563949585 15.8758354187012 15.6776933670044 15.5873861312866 15.5246067047119 15.5073690414429 15.5528364181519 15.6523733139038 15.7817869186401 15.9531555175781 16.0944137573242 16.1754608154297 16.2848281860352 16.4336681365967 16.5934238433838 16.7707099914551 16.9174785614014 16.9982490539551 17.0642890930176 17.1177654266357 17.1332931518555 17.1047611236572 17.0531826019287 16.9572525024414 16.7781658172607 16.6020927429199 16.437126159668
-3.4e+38 -3.4e+38 -3.4e+38 -3.4e+38 19.7395782470703 20.0275974273682 20.8350276947021 21.7891998291016 22.3955097198486 22.8473815917969 23.0296649932861 22.8068504333496 21.2383213043213 19.1232471466064 18.3858623504639 18.273530960083 18.2161197662354 17.8578834533691 17.3831119537354 16.9847393035889 16.2478904724121 15.8962249755859 15.8256053924561 15.7588186264038 15.7076654434204 15.678503036499 15.6841373443604 15.7292823791504 15.8431119918823 15.9938049316406 16.1187629699707 16.1725635528564 16.2758445739746 16.4099464416504 16.5518341064453 16.7143688201904 16.8609466552734 16.9590606689453 17.013484954834 17.077507019043 17.1035995483398 17.0860042572021 17.0470314025879 16.9415531158447 16.781135559082 16.6395149230957 16.5065956115723
