Ecospace-environmental-drivers/Outputs/ASCII-for-ecospace/Temp-avg/Temp-avg_X1995.06.asc
NCOLS 131 
NROWS 53 
XLLCORNER -98 
YLLCORNER 23.9265270233154 
CELLSIZE 0.133587792515755 
NODATA_value -3.4e+38 
[rows 21 to 41 of 53, columns 0 to 46 of 131]
-3.4e+38 -3.4e+38 -3.4e+38 -3.4e+38 -3.4e+38 -3.4e+38 29.001220703125 29.0429668426514 28.9425640106201 29.1720485687256 28.6852836608887 28.2647438049316 28.0141696929932 27.8663387298584 27.6634330749512 27.4696273803711 27.2742195129395 27.0167446136475 26.784366607666 26.4873218536377 26.3598937988281 26.3247356414795 26.2096118927002 26.1249961853027 26.1258335113525 26.2059440612793 26.1778335571289 26.0517196655273 25.8906116485596 25.6843605041504 25.5858211517334 25.4881172180176 25.6137428283691 25.5877914428711 25.5605697631836 25.4946804046631 25.4394817352295 25.5373954772949 25.5354232788086 25.4314861297607 25.3830509185791 25.4586582183838 25.3977565765381 25.3568439483643 25.3954925537109 25.5290241241455 25.4548225402832
-3.4e+38 -3.4e+38 -3.4e+38 -3.4e+38 -3.4e+38 -3.4e+38 29.0744590759277 28.8862342834473 29.0429668426514 28.612678527832 28.2117462158203 27.8803749084473 27.5471248626709 27.1929874420166 26.9555435180664 26.6930999755859 26.6105308532715 26.4759979248047 26.2219524383545 26.2164878845215 26.0406475067139 25.8458938598633 25.5421485900879 25.4232387542725 25.6755409240723 25.7318935394287 25.6911678314209 25.4628677368164 25.5066947937012 25.4689636230469 25.3752117156982 25.1516056060791 24.9442195892334 24.8675155639648 24.7512226104736 24.8275928497314 24.8707103729248 24.9170475006104 24.9257431030273 24.7311840057373 24.8160247802734 24.9444160461426 24.6824970245361 24.8360824584961 24.88791847229 24.9363498687744 24.8623275756836
-3.4e+38 -3.4e+38 -3.4e+38 -3.4e+38 29.1105041503906 29.111156463623 28.9369621276855 29.0744590759277 28.5412769317627 28.162727355957 27.790657043457 27.2283668518066 26.7543964385986 26.4545459747314 26.2774696350098 26.3937911987305 26.2415904998779 26.210765838623 26.0050525665283 25.5271396636963 24.993127822876 24.5875644683838 24.3133354187012 24.0901756286621 24.328462600708 24.1570243835449 24.2182598114014 24.4427642822266 24.7828788757324 24.4677276611328 24.671501159668 24.613130569458 24.5399570465088 24.0976009368896 24.5365257263184 24.405481338501 24.169527053833 24.2688636779785 23.9762477874756 22.9330730438232 23.2482147216797 23.2258853912354 23.8831634521484 23.3506927490234 23.7342739105225 23.8948307037354 24.085376739502
-3.4e+38 -3.4e+38 -3.4e+38 -3.4e+38 29.1798915863037 29.0404644012451 29.111156463623 28.6252708435059 28.1226577758789 27.7078647613525 27.107608795166 26.4906616210938 26.1766490936279 25.7981204986572 25.6271839141846 25.6153812408447 25.4129390716553 24.6508636474609 24.1957702636719 23.3783912658691 22.457878112793 21.9758377075195 22.2231292724609 22.3662662506104 22.6005401611328 22.6315498352051 22.9519653320312 22.6654434204102 22.9517402648926 22.669319152832 22.8224544525146 23.3035373687744 23.4119644165039 23.5710182189941 23.9139308929443 23.800687789917 24.0683002471924 23.7697830200195 22.8804950714111 21.638671875 21.8680667877197 22.0175647735596 22.1092834472656 21.8056182861328 21.5226650238037 21.7839794158936 21.3635692596436
-3.4e+38 -3.4e+38 -3.4e+38 -3.4e+38 -3.4e+38 29.1798915863037 28.8303451538086 28.2154197692871 27.7060317993164 27.0961284637451 26.450553894043 25.968318939209 25.5348930358887 25.1103324890137 24.8916645050049 24.3673210144043 23.1373996734619 21.9266757965088 21.6116752624512 21.0693397521973 20.5088024139404 20.4965705871582 20.8095378875732 21.0750598907471 21.4898357391357 21.339506149292 21.5183925628662 21.5555248260498 21.3109855651855 21.2181625366211 21.2260723114014 21.6660346984863 21.890718460083 22.7470874786377 22.7007389068604 22.8693733215332 22.7529926300049 21.9191093444824 20.8337879180908 20.6978282928467 21.1796913146973 20.9366989135742 20.5577754974365 20.4703273773193 20.4141826629639 20.6068477630615 20.270658493042
-3.4e+38 -3.4e+38 -3.4e+38 -3.4e+38 -3.4e+38 28.9983234405518 28.4366130828857 27.841007232666 27.2521877288818 26.40869140625 26.0898094177246 25.5282135009766 25.0614700317383 24.6127243041992 23.9327926635742 22.99924659729 21.5275707244873 20.5721225738525 20.3199672698975 19.8150939941406 19.4616661071777 19.6015110015869 19.8463039398193 20.3563060760498 20.2426662445068 20.4571685791016 20.3327674865723 20.0407962799072 20.3637943267822 19.8610000610352 20.4513568878174 20.96750831604 21.5346851348877 21.7415218353271 21.3180675506592 21.5002765655518 21.2032585144043 20.3958377838135 20.0733299255371 19.7362041473389 20.1324291229248 19.5964431762695 19.8894424438477 19.9343814849854 19.936695098877 19.9468441009521 19.3121337890625
-3.4e+38 -3.4e+38 29.7991218566895 29.707878112793 29.1699485778809 28.7724361419678 28.1457557678223 27.5586338043213 26.7636623382568 26.1519908905029 25.7137279510498 25.1366100311279 24.7556991577148 23.8741245269775 22.5922737121582 21.8573913574219 20.7852954864502 19.6464672088623 19.196985244751 19.1807594299316 19.2917041778564 19.4667434692383 19.645975112915 19.7700233459473 19.8384780883789 19.9332256317139 19.6828632354736 19.6090106964111 19.6502094268799 19.8082008361816 20.3073310852051 20.4601020812988 20.6298084259033 20.6229648590088 20.6170558929443 20.3874263763428 20.2033405303955 20.0858287811279 19.6911544799805 19.3579978942871 19.3826580047607 19.1735076904297 19.0013370513916 18.9231338500977 19.1345138549805 19.1547355651855 18.8844223022461
-339999999999999996128486808808066248288.000000000000000 -3.4e+38 -3.4e+38 -3.4e+38 29.6166362762451 28.6632289886475 27.921760559082 27.2797012329102 26.4226226806641 25.8407039642334 25.3591423034668 24.8587913513184 24.0292644500732 22.5793113708496 21.7958469390869 21.1440982818604 19.9813232421875 19.2773857116699 19.1157341003418 19.1788864135742 19.4074993133545 19.5419921875 19.69020652771 19.7576656341553 19.8612689971924 19.8696994781494 19.6537380218506 19.7924900054932 19.5098037719727 19.6760482788086 19.8491230010986 19.6364097595215 20.1304302215576 20.2729930877686 20.182092666626 19.9056701660156 19.6245040893555 19.3374729156494 19.2105369567871 19.0360889434814 18.8026275634766 18.7436275482178 18.598653793335 18.6186866760254 18.5870361328125 18.6337490081787 18.7090244293213
-3.4e+38 -3.4e+38 -3.4e+38 -3.4e+38 29.3973255157471 28.5203323364258 27.7912216186523 27.0704803466797 26.2685508728027 25.5679225921631 25.1086025238037 24.5280685424805 23.2395305633545 21.8232498168945 20.9120655059814 20.3050785064697 19.9828262329102 19.4487972259521 19.1920795440674 19.362642288208 19.3637294769287 19.3737621307373 19.4336166381836 19.4482097625732 19.5073471069336 19.6723480224609 19.4954929351807 19.4818935394287 19.2875480651855 19.7073860168457 19.6814746856689 19.5621471405029 19.3248672485352 19.4621868133545 19.3216075897217 18.8814334869385 18.906270980835 18.776294708252 18.6666774749756 18.583459854126 18.5508289337158 18.50732421875 18.4185123443604 18.2853507995605 18.505823135376 18.3492202758789 18.4115200042725
-3.4e+38 -3.4e+38 -3.4e+38 -3.4e+38 29.3612995147705 28.5482559204102 27.7179527282715 26.9619083404541 26.1328544616699 25.5590724945068 24.9992446899414 24.0618629455566 22.220344543457 21.2911949157715 20.3470401763916 19.957950592041 19.4645805358887 19.3003807067871 18.9178218841553 19.0879936218262 19.1007804870605 19.349494934082 19.4946422576904 19.5002956390381 19.3124294281006 19.4687767028809 19.6552314758301 19.154842376709 19.0972652435303 19.3112545013428 19.5719051361084 19.238582611084 19.0419044494629 18.9984836578369 18.8035278320312 18.6812076568604 18.5983619689941 18.5829067230225 18.4846706390381 18.4830417633057 18.3206253051758 18.2449741363525 18.2008533477783 18.3670768737793 18.3483848571777 18.4049968719482 18.4494400024414
-3.4e+38 -3.4e+38 -3.4e+38 -3.4e+38 29.8647365570068 28.774528503418 27.789234161377 27.0718479156494 26.2103023529053 25.6550064086914 24.9967250823975 23.9514789581299 21.9976100921631 21.0522689819336 20.0240364074707 19.1398792266846 19.0226707458496 19.0616111755371 19.0400505065918 18.8902359008789 18.9956512451172 19.0995178222656 19.4026699066162 19.4692287445068 19.4056243896484 19.4486217498779 19.7323436737061 19.5590591430664 19.1379947662354 19.197114944458 18.9132194519043 18.7258167266846 18.76926612854 18.6461753845215 18.5943775177002 18.5419616699219 18.4877471923828 18.391996383667 18.1442108154297 18.0066261291504 18.0484733581543 18.1286334991455 18.2341747283936 18.3403854370117 18.4223079681396 18.47682762146 18.5105514526367
-3.4e+38 -3.4e+38 -3.4e+38 -3.4e+38 29.9052257537842 28.9649715423584 27.8113059997559 27.2116374969482 26.4350681304932 25.8532485961914 25.2595100402832 24.4716835021973 22.3482131958008 20.8528804779053 19.9924354553223 19.0779457092285 18.8811874389648 19.0477352142334 19.1542816162109 18.9572353363037 19.0680694580078 19.1198463439941 19.1317501068115 19.1092910766602 19.4672870635986 19.3763942718506 19.3000507354736 19.2164001464844 19.1421279907227 19.0051345825195 18.5748672485352 18.6845207214355 18.5781478881836 18.2582817077637 18.0605335235596 18.124137878418 17.9728183746338 17.8968753814697 17.8824520111084 17.9236526489258 18.0230503082275 18.1500072479248 18.0101127624512 18.4113731384277 18.4865169525146 18.5380268096924 18.5700492858887
-3.4e+38 -3.4e+38 -3.4e+38 -3.4e+38 29.8910236358643 29.2913398742676 28.2725505828857 27.2920417785645 26.7788753509521 26.211009979248 25.6474933624268 25.0529232025146 23.1501483917236 20.6827983856201 19.607006072998 19.279842376709 19.137264251709 19.2517395019531 19.1596908569336 19.0981216430664 19.1516094207764 19.151741027832 19.1395072937012 19.0860843658447 18.9744396209717 18.5963382720947 18.537425994873 18.6767272949219 18.5486297607422 18.4511604309082 18.28053855896 18.3291816711426 18.1040725708008 17.9383640289307 17.8874950408936 17.8347473144531 17.7935619354248 17.797571182251 17.8506488800049 17.8061065673828 18.0746231079102 18.1652698516846 18.1203670501709 18.120584487915 18.3397941589355 18.5992393493652 18.5110988616943
-3.4e+38 -3.4e+38 -3.4e+38 -3.4e+38 -3.4e+38 29.1312732696533 28.6597557067871 27.5575637817383 26.941312789917 26.5035839080811 25.9191799163818 25.5633983612061 23.940975189209 20.9209003448486 19.8415031433105 19.5027389526367 19.3999977111816 19.4473648071289 19.3367767333984 19.2326564788818 19.231372833252 19.2173767089844 19.1768646240234 19.0924758911133 18.9232025146484 18.3323402404785 18.3187522888184 18.5227680206299 18.3685607910156 18.2060012817383 18.0551319122314 17.9425735473633 17.8593425750732 17.7670040130615 17.546989440918 17.6516551971436 17.7202606201172 17.7928466796875 17.9203147888184 18.0615921020508 18.1063804626465 18.1095504760742 18.2525367736816 18.5998306274414 18.3621273040771 18.3468818664551 18.2753410339355
-3.4e+38 -3.4e+38 -3.4e+38 -3.4e+38 -3.4e+38 30.1283149719238 28.8593902587891 27.7629165649414 27.1272163391113 26.4889888763428 25.942720413208 25.7964763641357 23.9971809387207 21.2982940673828 20.3205852508545 19.7208938598633 19.8370037078857 19.6373023986816 19.4912414550781 19.3251647949219 19.3185043334961 19.25168800354 18.9582843780518 18.9234313964844 18.5965805053711 17.9803504943848 17.9384231567383 18.0087108612061 17.8445091247559 17.9013442993164 17.8813915252686 17.7655239105225 17.680606842041 17.5878925323486 17.0544109344482 17.2549095153809 17.6745262145996 17.8887176513672 18.0304222106934 18.1902694702148 18.3613033294678 18.1844692230225 18.2535877227783 18.4272155761719 18.4402027130127 18.340482711792 18.302360534668
-3.4e+38 -3.4e+38 -3.4e+38 -3.4e+38 -3.4e+38 30.2958602905273 28.9876899719238 27.8862648010254 27.300407409668 26.5842704772949 25.9414443969727 25.7724018096924 23.8969478607178 21.3807945251465 20.3392143249512 19.962516784668 20.16455078125 20.0926170349121 19.4437103271484 19.3988723754883 19.4166526794434 19.1916332244873 18.9194107055664 18.5561256408691 18.1293544769287 17.9198169708252 17.7195701599121 17.5648784637451 17.4131717681885 17.1138877868652 16.9556541442871 16.8776035308838 16.9523124694824 16.94020652771 16.761058807373 16.9135513305664 17.3164024353027 17.7185573577881 17.8116340637207 17.9907627105713 18.1103210449219 18.2591495513916 18.3416805267334 18.3938446044922 18.3986186981201 18.3750381469727 18.2916812896729
-3.4e+38 -3.4e+38 -3.4e+38 -3.4e+38 -3.4e+38 -3.4e+38 29.0565929412842 27.9401760101318 27.4746894836426 26.5403518676758 26.0657634735107 26.0028629302979 24.4694805145264 22.0092544555664 20.6819438934326 20.3066253662109 20.7365837097168 20.2661323547363 19.5116138458252 19.4996013641357 19.5024375915527 19.2236518859863 18.867603302002 18.4540309906006 17.9365501403809 17.6877155303955 17.5848789215088 17.2326812744141 16.9056358337402 16.7026672363281 16.5353317260742 16.4315280914307 16.3942832946777 16.4307060241699 16.5260105133057 16.6686706542969 16.9077033996582 17.3476619720459 17.7380390167236 17.9998054504395 18.2442359924316 18.3652667999268 18.4196624755859 18.4273643493652 18.3447151184082 18.3527278900146 18.3249015808105
-3.4e+38 -3.4e+38 -3.4e+38 -3.4e+38 -3.4e+38 -3.4e+38 29.1522922515869 27.9198207855225 27.2727108001709 26.2799434661865 26.3294067382812 25.9563999176025 24.6333255767822 22.5384864807129 21.2953586578369 20.8057994842529 21.0770206451416 20.5966739654541 19.7773838043213 19.6130027770996 19.2626304626465 19.0302276611328 18.7119255065918 18.3991794586182 17.9349822998047 17.6022453308105 17.3461894989014 17.1227531433105 16.8751029968262 16.6690673828125 16.5097045898438 16.4100475311279 16.3919658660889 16.4690647125244 16.5967254638672 16.7826499938965 16.9879627227783 17.1361808776855 17.3014621734619 17.6194972991943 17.9852867126465 18.1862125396729 18.2607574462891 18.1203136444092 18.0947151184082 18.0676918029785 18.140100479126
-3.4e+38 -3.4e+38 -3.4e+38 -3.4e+38 -3.4e+38 -3.4e+38 29.128999710083 27.7162437438965 26.8295650482178 26.3849582672119 26.2092971801758 26.040397644043 24.8722267150879 22.3297138214111 21.1626529693604 20.608039855957 20.9571590423584 20.4797859191895 19.9966106414795 19.5578708648682 19.1385173797607 18.8045120239258 18.5098762512207 18.3120651245117 18.0644836425781 17.74049949646 17.4119071960449 17.1754932403564 16.9310092926025 16.7326622009277 16.5873184204102 16.4949626922607 16.4774208068848 16.5645427703857 16.7167091369629 16.9065780639648 17.0739059448242 17.2208232879639 17.3998546600342 17.5486965179443 17.6851978302002 17.7903900146484 17.860034942627 18.0139579772949 17.9471607208252 17.7584342956543 17.6566295623779
-3.4e+38 -3.4e+38 -3.4e+38 -3.4e+38 -3.4e+38 29.8121719360352 28.634708404541 27.3407688140869 26.5706348419189 26.3773250579834 26.2591152191162 26.1378860473633 24.6750392913818 21.851131439209 20.6837940216064 20.5163269042969 20.6593589782715 20.5009479522705 20.1294021606445 19.6436252593994 19.1214065551758 18.6593532562256 18.4835262298584 18.3965892791748 18.191722869873 17.9137439727783 17.5522632598877 17.2573261260986 17.0263080596924 16.8312149047852 16.6923027038574 16.6087608337402 16.5970191955566 16.6848812103271 16.8403453826904 16.9989070892334 17.1431522369385 17.3142738342285 17.4823341369629 17.6169395446777 17.7289714813232 17.7756938934326 17.7914714813232 17.7899150848389 17.7563400268555 17.6933937072754 17.5884666442871
-3.4e+38 -3.4e+38 -3.4e+38 -3.4e+38 29.7135028839111 29.5509853363037 27.900821685791 26.9978733062744 26.5256195068359 26.3306446075439 26.1931648254395 25.9571189880371 23.8625659942627 21.4037113189697 20.6509246826172 20.604793548584 20.6655349731445 20.4124813079834 20.0024871826172 19.6666584014893 18.9114971160889 18.6085071563721 18.5516338348389 18.4932022094727 18.3347988128662 18.0738677978516 17.7511234283447 17.3969669342041 17.1499519348145 16.9632968902588 16.8301048278809 16.7381038665771 16.7243919372559 16.8022613525391 16.9372844696045 17.0644359588623 17.2139282226562 17.3833351135254 17.5315761566162 17.6539611816406 17.741268157959 17.787296295166 17.7968826293945 17.7935409545898 17.7531604766846 17.6910839080811 17.5860538482666
