Ecospace-environmental-drivers/Outputs/ASCII-for-ecospace/Temp-avg/Temp-avg_X2014.05.asc
NCOLS 131 
NROWS 53 
XLLCORNER -98 
YLLCORNER 23.9265270233154 
CELLSIZE 0.133587792515755 
NODATA_value -3.4e+38 
[rows 21 to 41 of 53, columns 0 to 46 of 131]
-3.4e+38 -3.4e+38 -3.4e+38 -3.4e+38 -3.4e+38 -3.4e+38 25.0618362426758 25.0592136383057 24.943416595459 25.0443935394287 24.6119079589844 23.9962520599365 23.6947059631348 23.4413299560547 23.3340549468994 23.2174530029297 23.060188293457 22.8958644866943 22.7626037597656 22.6266765594482 22.4996910095215 22.4200782775879 22.3771820068359 22.2663631439209 22.2261505126953 22.1185264587402 22.0883083343506 22.0546588897705 21.9397735595703 21.7640686035156 21.4793682098389 21.4132709503174 21.4620456695557 21.5997409820557 21.8699932098389 21.820161819458 21.8449420928955 21.8091354370117 21.8539257049561 21.947681427002 21.8423252105713 21.8655452728271 21.8165760040283 21.8287734985352 21.8463897705078 21.7803897857666 21.8286304473877
-3.4e+38 -3.4e+38 -3.4e+38 -3.4e+38 -3.4e+38 -3.4e+38 25.2018127441406 24.9244823455811 25.0592136383057 24.5410213470459 23.8887939453125 23.5608997344971 23.3458976745605 23.1633644104004 22.9894504547119 22.7914714813232 22.6442222595215 22.5741386413574 22.5019073486328 22.4247074127197 22.3487815856934 22.2371006011963 22.0756206512451 22.0678749084473 22.029146194458 22.0021171569824 21.9112148284912 21.7882804870605 21.6450271606445 21.3966045379639 21.2883605957031 21.325252532959 21.4852619171143 21.530065536499 21.5935764312744 21.5961780548096 21.515007019043 21.6137599945068 21.665075302124 21.6849346160889 21.75244140625 21.8265724182129 21.8274459838867 21.8147964477539 21.7828750610352 21.7458515167236 21.7824401855469
-3.4e+38 -3.4e+38 -3.4e+38 -3.4e+38 24.9747161865234 25.0504627227783 24.8884220123291 25.2018127441406 24.5124206542969 23.7923564910889 23.5232582092285 23.2432270050049 22.912353515625 22.6019020080566 22.5780906677246 22.514741897583 22.4135227203369 22.3797492980957 22.3127307891846 22.2228565216064 22.0767765045166 21.8292427062988 21.6448440551758 21.7575054168701 21.7116222381592 21.8221187591553 21.6215877532959 21.293083190918 21.223030090332 21.1060485839844 21.1500663757324 21.1480445861816 21.0830898284912 21.1161212921143 20.9918003082275 21.0555229187012 21.1652355194092 21.284610748291 21.4008235931396 21.252908706665 21.5301742553711 21.7631206512451 21.7151298522949 21.6694602966309 21.777416229248 21.9153995513916 21.899299621582
-3.4e+38 -3.4e+38 -3.4e+38 -3.4e+38 25.0633563995361 24.8860778808594 25.2019557952881 24.2638397216797 23.7518787384033 23.4457912445068 23.1316623687744 22.7385997772217 22.485237121582 22.3504524230957 22.3305625915527 22.3883934020996 22.4207649230957 22.3749713897705 22.2802619934082 21.8667774200439 21.494026184082 21.3289489746094 21.2539596557617 21.1278972625732 21.1296691894531 21.148889541626 20.8449783325195 20.7991046905518 20.8563594818115 20.6065254211426 20.6502666473389 20.6934223175049 20.7581024169922 20.6941223144531 20.9258079528809 21.0070190429688 20.8887062072754 20.9411544799805 20.8959312438965 20.3170776367188 20.7079410552979 20.9192714691162 21.4931869506836 21.212911605835 21.4147777557373 21.6581687927246 21.7203102111816
-3.4e+38 -3.4e+38 -3.4e+38 -3.4e+38 -3.4e+38 24.777473449707 25.003812789917 23.8372001647949 23.3872623443604 23.0597743988037 22.7038459777832 22.4651470184326 22.3120632171631 22.1934280395508 22.2753791809082 22.3338432312012 22.3587055206299 22.0975723266602 21.7859859466553 21.2826614379883 20.8302135467529 20.2940578460693 19.8762989044189 19.9690532684326 19.8406352996826 19.6458225250244 19.6417713165283 19.7785224914551 20.0287036895752 19.603364944458 19.9311676025391 20.1180648803711 20.2669906616211 20.2221851348877 20.5088748931885 20.5959205627441 20.8507556915283 20.8435764312744 20.6854000091553 19.5027160644531 19.6474628448486 19.7784576416016 20.0939083099365 20.0536479949951 19.9523048400879 20.141471862793 19.8597354888916
-3.4e+38 -3.4e+38 -3.4e+38 -3.4e+38 -3.4e+38 25.026388168335 24.1967697143555 23.4111728668213 23.026330947876 22.7314491271973 22.5600643157959 22.3417911529541 22.210428237915 22.0615882873535 22.013298034668 21.8101291656494 21.3427181243896 20.3744792938232 19.522159576416 18.5649929046631 18.0223217010498 17.6625423431396 17.6185493469238 17.8665599822998 17.93918800354 17.6840858459473 17.6807861328125 17.6403484344482 17.7694549560547 18.5652256011963 18.25950050354 18.6463279724121 18.8270072937012 19.7516059875488 20.2206897735596 20.0195064544678 20.3149356842041 19.9487895965576 18.6227588653564 18.0209426879883 18.821662902832 19.0367870330811 18.7649459838867 18.7825546264648 18.3579120635986 18.2751922607422 18.527214050293
-3.4e+38 -3.4e+38 25.0942802429199 24.8528232574463 24.9424495697021 24.6616630554199 23.6022682189941 23.0608692169189 22.7997875213623 22.6963539123535 22.4467716217041 22.2356452941895 22.0878372192383 21.8979797363281 21.7053909301758 21.0762538909912 19.9416637420654 18.9341831207275 17.8690433502197 17.3326988220215 16.956937789917 16.6574954986572 16.80299949646 16.8679981231689 16.8724727630615 16.8868350982666 16.8851013183594 16.6506195068359 16.7027549743652 16.9171810150146 17.4074401855469 18.0109939575195 18.3502807617188 18.9441566467285 18.8430137634277 19.1136131286621 18.8794422149658 18.090841293335 17.5536861419678 17.199836730957 17.9965648651123 17.4226894378662 17.2902011871338 17.4486808776855 17.8304748535156 17.8557815551758 17.0476608276367
-339999999999999996128486808808066248288.000000000000000 -3.4e+38 -3.4e+38 -3.4e+38 24.5217399597168 24.1066131591797 23.1628971099854 22.7975940704346 22.6793766021729 22.4909038543701 22.2416286468506 22.047420501709 21.9045276641846 21.5810317993164 20.926570892334 19.8025417327881 18.8142986297607 17.7451648712158 16.9264297485352 16.612585067749 16.3766441345215 16.1353092193604 16.1595497131348 16.300479888916 16.3135280609131 16.3349552154541 16.3003177642822 16.2196025848389 16.0565032958984 16.3296070098877 16.8957443237305 17.5390129089355 17.9149417877197 18.0076103210449 18.0224761962891 17.7971839904785 17.5091190338135 17.4480667114258 17.2886142730713 16.4147071838379 16.6590557098389 16.6030445098877 16.5753021240234 16.5220203399658 16.9658260345459 16.7576332092285 15.8088073730469
-3.4e+38 -3.4e+38 -3.4e+38 -3.4e+38 24.3450756072998 23.6431884765625 22.8297863006592 22.7168006896973 22.6564750671387 22.3614349365234 22.157543182373 21.9467163085938 21.57080078125 21.0779819488525 19.9456958770752 19.0830593109131 18.1214828491211 17.150806427002 16.3865337371826 15.9365253448486 15.8774261474609 15.7413940429688 15.7559757232666 15.755521774292 15.7551507949829 15.7676668167114 15.8875675201416 15.9645709991455 15.4717531204224 15.8126287460327 16.6318054199219 16.6988582611084 17.2230052947998 17.2183399200439 17.3216075897217 17.0661811828613 16.8802928924561 16.5808868408203 16.5821933746338 15.9510707855225 15.9637098312378 15.8872842788696 15.3942060470581 15.0705966949463 15.127495765686 15.4913005828857 15.0421533584595
-3.4e+38 -3.4e+38 -3.4e+38 -3.4e+38 24.1461925506592 23.4528045654297 22.6435489654541 22.6589946746826 22.5605430603027 22.2659606933594 22.0561332702637 21.6980438232422 21.0696353912354 20.1272830963135 19.0917816162109 18.159065246582 17.2740287780762 16.6638946533203 15.9037466049194 15.4485778808594 15.3660850524902 15.1228456497192 15.1051025390625 15.06960105896 15.2233972549438 15.4026861190796 15.663272857666 15.7094192504883 15.4728889465332 15.5804443359375 16.1500015258789 16.4034729003906 16.0541877746582 16.5201091766357 16.5012130737305 15.6241292953491 15.6551990509033 15.6627779006958 15.491870880127 15.2749261856079 15.1872959136963 14.9277906417847 14.8463573455811 14.8669996261597 14.8905220031738 14.8774576187134 14.9500427246094
-3.4e+38 -3.4e+38 -3.4e+38 -3.4e+38 24.1742324829102 23.3871154785156 22.5155239105225 22.6199378967285 22.4955291748047 22.1520519256592 21.9343757629395 21.3459091186523 20.7114009857178 19.4744472503662 18.4737110137939 17.4718780517578 16.7210521697998 16.2788925170898 15.4232845306396 15.0069131851196 14.8088455200195 14.7256345748901 14.783576965332 14.7857809066772 14.7911510467529 15.0085144042969 15.4425210952759 15.249135017395 14.47633934021 15.0669164657593 15.8769083023071 15.6777200698853 15.5074367523193 15.6672601699829 15.3809471130371 14.9357299804688 14.768271446228 15.13733959198 14.5922241210938 14.6859912872314 14.469482421875 14.4285345077515 14.2804107666016 14.5833024978638 14.4674463272095 14.7875709533691 14.9401931762695
-3.4e+38 -3.4e+38 -3.4e+38 -3.4e+38 24.219367980957 23.5335998535156 22.4716129302979 22.5444850921631 22.5390472412109 22.0573406219482 21.8529586791992 21.3585605621338 20.4535522460938 19.1784744262695 17.9654979705811 17.0171451568604 15.9379720687866 15.5138072967529 15.1573858261108 14.6962928771973 14.4323310852051 14.3464365005493 14.4337329864502 14.7030563354492 14.7113981246948 14.7368364334106 14.9938564300537 14.7798433303833 14.5236530303955 15.1353960037231 15.2934665679932 14.8890810012817 14.8825464248657 14.7307004928589 15.0527896881104 14.7540273666382 14.7354965209961 14.4362459182739 14.2869367599487 14.3100471496582 14.1953678131104 14.2713871002197 14.2968130111694 14.3433675765991 14.6959362030029 14.592155456543 14.666111946106
-3.4e+38 -3.4e+38 -3.4e+38 -3.4e+38 24.3925895690918 23.7587833404541 22.6467990875244 22.567741394043 22.5813884735107 22.2002391815186 21.9085216522217 21.4707164764404 20.5988082885742 19.0958080291748 17.6021118164062 16.3639621734619 15.3050098419189 14.996826171875 14.6444845199585 14.3555936813354 14.2216396331787 14.2327728271484 14.2357587814331 14.2809944152832 14.4226999282837 14.51731300354 14.6443519592285 14.5918083190918 14.6363620758057 14.7243585586548 14.6060600280762 14.453667640686 14.422342300415 14.2127323150635 14.1065492630005 14.1118946075439 14.0498962402344 13.9785060882568 14.0248041152954 13.8879022598267 13.8404293060303 13.9372568130493 13.9100894927979 14.2107849121094 14.3703889846802 14.5186147689819 14.6555547714233
-3.4e+38 -3.4e+38 -3.4e+38 -3.4e+38 -3.4e+38 24.1440906524658 22.8817253112793 22.5572509765625 22.7586612701416 22.5179901123047 22.0286846160889 21.6768112182617 20.8547039031982 18.9689922332764 17.469554901123 16.0773544311523 15.1966762542725 14.8089036941528 14.3858699798584 14.1161661148071 14.0973234176636 14.1015710830688 14.1166753768921 14.0959272384644 14.0611886978149 13.8734731674194 13.8167819976807 13.869776725769 14.0551271438599 14.0545082092285 14.0697298049927 14.1793050765991 14.1032180786133 13.8753814697266 13.7968988418579 13.7632513046265 13.6927862167358 13.8052463531494 13.7721834182739 13.6662244796753 13.765585899353 13.859992980957 13.8685855865479 13.9735507965088 14.2119035720825 14.5249795913696 14.5974311828613
-3.4e+38 -3.4e+38 -3.4e+38 -3.4e+38 -3.4e+38 24.4581527709961 23.3108158111572 22.5367794036865 22.8159942626953 22.8851299285889 22.3916492462158 21.973560333252 20.8365898132324 19.1935634613037 17.4349765777588 16.1750411987305 15.2548055648804 14.6979446411133 14.2235689163208 14.0586042404175 14.0269136428833 13.9900236129761 13.9873075485229 13.7423257827759 13.6711282730103 13.4130296707153 13.3779830932617 13.544337272644 13.7664394378662 13.9056577682495 13.8842096328735 13.847638130188 13.8320198059082 13.5753917694092 13.4607229232788 13.413477897644 13.4411935806274 13.5046977996826 13.5666551589966 13.5509347915649 13.6758813858032 13.6165189743042 13.6879081726074 13.9940586090088 14.0410137176514 14.3359746932983 14.3992691040039
-3.4e+38 -3.4e+38 -3.4e+38 -3.4e+38 -3.4e+38 24.9958076477051 23.7269897460938 22.6165885925293 22.8711891174316 22.9873390197754 22.672550201416 22.3065605163574 21.2521228790283 19.2158737182617 17.4236125946045 16.1757373809814 15.4278974533081 14.827091217041 14.364727973938 14.1023063659668 14.0716800689697 13.9907865524292 13.6229000091553 13.5618343353271 13.5103340148926 13.1066865921021 13.1673383712769 13.4665079116821 13.4639101028442 13.5698947906494 13.5091619491577 13.4970808029175 13.4362745285034 13.3802490234375 13.0056066513062 13.0479497909546 13.271201133728 13.3665561676025 13.3683223724365 13.4882574081421 13.6006422042847 13.567910194397 13.6619091033936 13.9268140792847 14.1805372238159 14.2675466537476 14.4255151748657
-3.4e+38 -3.4e+38 -3.4e+38 -3.4e+38 -3.4e+38 -3.4e+38 24.3886604309082 22.749698638916 22.8490314483643 23.0301074981689 22.7596569061279 22.3137817382812 21.1455383300781 18.8959941864014 17.3199405670166 16.1369228363037 15.5629034042358 15.0846567153931 14.4184322357178 14.1299800872803 14.0032968521118 13.8091974258423 13.4910459518433 13.3572406768799 13.1470537185669 13.0719337463379 13.0415229797363 13.0901279449463 13.0243310928345 13.0622243881226 13.1005144119263 13.0190544128418 13.0937814712524 13.0672292709351 12.8223543167114 12.8539161682129 12.9976139068604 13.013463973999 13.0569887161255 13.2333869934082 13.3170948028564 13.5025291442871 13.6863307952881 13.9205236434937 14.1412487030029 14.3199453353882 14.3701314926147
-3.4e+38 -3.4e+38 -3.4e+38 -3.4e+38 -3.4e+38 -3.4e+38 24.275728225708 22.7800464630127 22.905647277832 22.9903240203857 22.8116607666016 22.3673877716064 21.1760025024414 19.0421123504639 17.2648277282715 16.222728729248 15.7838792800903 15.190544128418 14.3036470413208 14.1204690933228 13.888201713562 13.8224821090698 13.5509691238403 13.2966747283936 13.1618070602417 13.1287031173706 13.163745880127 12.9086427688599 12.803484916687 12.7690362930298 12.7474451065063 12.7074584960938 12.6351442337036 12.5944452285767 12.5493068695068 12.5201768875122 12.6297874450684 12.9033660888672 13.0998659133911 13.2203712463379 13.3987588882446 13.5747623443604 13.771032333374 14.0115003585815 14.2158174514771 14.383448600769 14.506441116333
-3.4e+38 -3.4e+38 -3.4e+38 -3.4e+38 -3.4e+38 -3.4e+38 24.6025543212891 22.7543201446533 22.8887710571289 22.9444808959961 22.6680717468262 22.013557434082 21.0186138153076 19.1352062225342 17.3274154663086 16.428409576416 16.0431270599365 15.5588331222534 14.3016757965088 13.9608459472656 13.8519439697266 13.6240072250366 13.3490018844604 13.2534198760986 13.1031036376953 13.089412689209 13.0654029846191 13.1009769439697 12.9873914718628 12.9142751693726 12.8662662506104 12.8134737014771 12.765965461731 12.718710899353 12.6709041595459 12.6312665939331 12.6367483139038 12.7129640579224 12.8618268966675 13.1744813919067 13.4306507110596 13.6074752807617 13.8306274414062 13.9252862930298 14.0260934829712 14.2684297561646 14.5968580245972
-3.4e+38 -3.4e+38 -3.4e+38 -3.4e+38 -3.4e+38 24.7118301391602 24.5508480072021 22.7169361114502 22.9079532623291 22.8760776519775 22.3543758392334 21.8171215057373 20.8267459869385 19.021203994751 17.2408275604248 16.3873996734619 16.050895690918 15.5727472305298 14.7133655548096 13.8127403259277 13.8059597015381 13.6967611312866 13.4759540557861 13.3282842636108 13.2833385467529 13.284276008606 13.2685899734497 13.2438812255859 13.2046918869019 13.1479587554932 13.0898313522339 13.0192432403564 12.9636764526367 12.9034099578857 12.8408193588257 12.7868337631226 12.7837581634521 12.8028964996338 12.8853979110718 12.9978942871094 13.1123199462891 13.2908945083618 13.5608997344971 13.8569345474243 14.0111627578735 14.1713447570801 14.2211513519287
-3.4e+38 -3.4e+38 -3.4e+38 -3.4e+38 26.0927047729492 25.1034088134766 24.9820880889893 22.9374713897705 22.8999443054199 22.9767036437988 22.3579158782959 21.6150302886963 20.5416622161865 18.4855556488037 16.8600769042969 16.1272354125977 16.0229187011719 15.5345611572266 14.9860191345215 14.1230697631836 13.754298210144 13.5529336929321 13.3511390686035 13.3712472915649 13.4072437286377 13.4274644851685 13.418683052063 13.4055290222168 13.3833379745483 13.3433322906494 13.2967939376831 13.241720199585 13.1811275482178 13.1215667724609 13.0536117553711 13.0162057876587 13.0076808929443 13.0147314071655 13.0737047195435 13.1380891799927 13.2409944534302 13.3826475143433 13.5549364089966 13.7495794296265 13.9885835647583 14.0855779647827 14.223503112793
