Ecospace-environmental-drivers/Outputs/ASCII-for-ecospace/Temp-avg/Temp-avg_X1989_mo04_avg28y.asc
NCOLS 131 
NROWS 53 
XLLCORNER -98 
YLLCORNER 23.9265270233154 
CELLSIZE 0.133587792515755 
NODATA_value -9999 
[rows 21 to 41 of 53, columns 47 to 93 of 131]
21.4653731754848 21.4304385185242 21.4748260634286 21.5423081942967 21.6003732000078 21.6581639562334 21.5865227835519 21.606543132237 21.6454898970468 21.5161944798061 21.2076388086591 21.0703324590411 20.6661276136126 19.8786997113909 19.2916924612863 18.414418901716 17.5862911088126 17.429746389389 17.5638506753104 17.3451923302242 16.8990643705641 16.503224168505 16.3295962469918 16.2983156953539 16.0910795756749 15.9281153678894 15.9029121739524 15.9122329098838 15.8585867881775 15.686541727611 15.6612065179007 15.6679651737213 15.6920221192496 15.7526101044246 15.834290266037 15.9332366670881 16.1047878265381 16.5200360161918 17.3328660556248 17.871730191367 18.1835598945618 18.4419174875532 18.7789553233555 19.1469861439296 19.4990366527012 19.7290790421622 19.9987063407898
21.2625500815255 21.2352901186262 21.275527885982 21.3557391847883 21.4707932472229 21.4042941502162 20.9811900683812 21.1855515071324 20.941778251103 20.3703955241612 20.051196030208 19.8708144596645 19.7452477727618 19.2974529266357 18.8274852888925 18.5105827195304 17.6609550884792 17.4468530586788 17.2270418575832 17.1629834515708 16.8926064286913 16.5181907585689 16.3668219702584 16.1003532409668 16.0082171985081 15.9746442862919 15.9654396602086 15.9715480804443 15.8218797615596 15.6808159010751 15.6997035571507 15.7141560145787 15.731287922178 15.750938143049 15.7589342594147 15.7748833043235 15.7866445609501 15.8945583615984 16.1853915282658 16.5579771995544 16.9820305279323 17.3449129717691 17.7254070554461 18.3051701273237 18.8025002479553 19.1571131433759 19.5278444290161
20.5597518512181 20.5159875324794 20.7691078867231 20.5385643414089 20.3611732210432 20.1106415476118 20.1300784519741 19.7511111668178 19.3726841381618 19.1154360771179 19.0981441225324 19.337858404432 19.0120409556798 18.6788825307574 18.1801710128784 17.9893039294652 17.6713770117079 17.3144251619067 17.1501662049975 17.0960168838501 16.9665511335645 16.6328064032963 16.448352268764 16.1046944345747 16.0645921911512 16.0495750563485 16.0504651069641 16.0126627853939 15.7836251940046 15.7628673485347 15.7881677491324 15.7987720966339 15.8013916696821 15.811817577907 15.826386315482 15.8363050733294 15.8427148546491 15.8142494474139 15.6756315571921 15.8012948376792 15.944350038256 16.0997295039041 16.4707022394453 17.1142686094557 17.8165555340903 18.5439073017665 19.0067239488874
19.2216762134007 19.2674608911787 19.0902591432844 19.3242090088981 19.2437337466649 19.026310307639 18.7352172987802 18.541688987187 18.2110810961042 18.4548240389143 18.429812840053 18.6883622578212 18.2724732671465 18.0672189848764 17.9547630718776 17.8485089710781 17.5387145791735 17.356356041772 17.1921897275107 16.9640446049827 16.8437054838453 16.6807991777148 16.5703850133078 16.2849484852382 16.1684016159603 16.1201498849051 15.9329930373601 15.8755890982492 15.8658986091614 15.8777757712773 15.8962834903172 15.903659922736 15.9011290413993 15.9025370052883 15.745692559651 15.7157196657998 15.6961572170258 15.7243986810957 15.68993469647 15.7089933667864 15.7305598940168 15.7666209765843 15.8208124978202 16.0589943272727 16.6845509665353 17.5162856578827 18.3780340467181
18.311982018607 18.2089493615287 18.0953881399972 18.0864406994411 17.9305613381522 18.1964859962463 17.8124618530273 17.9572379248483 17.7363903181893 17.8652693203517 17.9012186186654 17.9781421252659 17.9773022106716 17.9616059575762 17.9207720075335 17.6415643351419 17.3184483391898 17.2239313466208 17.0640735285623 16.927369424275 16.8443767343249 16.7997666427067 16.7260985715049 16.6086985724313 16.3198735032763 16.274867773056 16.2024659429278 15.9835155350821 15.9701891967228 15.9961955547333 16.0190850325993 16.0317547661918 16.0368688447135 15.9855968952179 15.7619119031089 15.7740198544094 15.7733348437718 15.7809333120074 15.8115836552211 15.7909871850695 15.8037714276995 15.8164028440203 15.810702255794 15.8179695606232 15.9311922958919 16.5065816129957 17.5627589225769
17.5077606609889 17.5410759108407 17.5228043283735 17.1855806963784 17.2513036387307 17.5360883985247 17.5292623383658 17.5265667097909 17.6450321674347 17.6696187428066 17.831846169063 17.8301309517452 17.9128582818168 17.7335551806859 17.5998899936676 17.3098471505301 17.1591235569545 17.120409488678 17.068229845592 17.0098648071289 16.9609945842198 16.883342061724 16.5989705494472 16.4956840787615 16.4260041032519 16.4014258044107 16.3672660418919 16.1798497949328 16.0957382747105 16.1222446646009 16.1544860771724 16.1745523725237 16.1943715981075 16.0128280094692 15.8991478851863 15.8933699812208 15.900244133813 15.9010569027492 15.9022909913744 15.8940645626613 15.8975324971335 15.9017318998064 15.8876572336469 15.873523746218 15.854004417147 15.8892429556165 16.7514179434095
17.1087521825518 17.1351580619812 17.0061453751155 16.7366206305368 16.9146916866302 17.1192517280579 17.0944111347198 17.3739296027592 17.4570277077811 17.3896935326712 17.4556893621172 17.5508970192501 17.574485710689 17.4756798403604 17.1871909754617 17.0414085388184 16.8259886332921 16.8110641070775 16.9258360522134 16.9668921061925 17.0460376058306 16.7537705217089 16.646178824561 16.5986464704786 16.5517811094012 16.5332184519087 16.5239411762782 16.2661653246198 16.2254685333797 16.2563264369965 16.2994575841086 16.3344210897173 16.3654305594308 16.37948850223 16.2957053525107 16.0921380519867 16.0876654897417 16.0812009062086 16.0677722522191 16.0519877161298 16.0308776242392 16.0084398474012 15.9822159154075 15.9462478501456 15.9028240612575 15.858944109508 16.2082846164703
16.8569103649684 16.6632260935647 16.5412620816912 16.6143998418536 16.7412811688014 16.6838290691376 16.8172335965293 17.0894554001944 17.1819792475019 17.2868109089988 17.3216247899192 17.1938593047006 17.0902788298471 17.0210607733045 16.8642761366708 16.8538011482784 16.8289326940264 16.8348484379905 16.8698926653181 16.8603093964713 16.8387081282479 16.7809739453452 16.7405331134796 16.7046372209276 16.6455213682992 16.4857769012451 16.3663754463196 16.3522685595921 16.3716535227639 16.41402391025 16.4672665596008 16.5169273785182 16.5582774707249 16.5773379802704 16.5242528234209 16.4767379420144 16.3148760114397 16.2875955104828 16.2641766411918 16.2319514751434 16.1948895113809 16.1471932956151 16.0903173174177 16.0293038572584 15.9611006123679 15.9005724021367 15.9278751441411
16.4780032975333 16.4613223075867 16.4295172010149 16.4647141865322 16.4971979345594 16.5478393009731 16.5991982051304 16.7227018220084 16.830623797008 16.8817088944571 16.7838572434017 16.7860358783177 16.7966624668666 16.8107308660235 16.824627161026 16.861368724278 16.8854055064065 16.9076254367828 16.9239538397108 16.9207972117833 16.8944444315774 16.8813952718462 16.8640293393816 16.8398185116904 16.5853219372886 16.5081470353263 16.4915282726288 16.5092628002167 16.5477504049029 16.6007897853851 16.6592249189104 16.7116622243609 16.7620535237449 16.8115652629307 16.8387966156006 16.8617999213082 16.6081229959215 16.5236673695701 16.495627777917 16.4521872316088 16.3947720187051 16.33087682724 16.2363525458745 16.1382440158299 16.0522998060499 15.9751881871905 15.9242144993373
16.3830856936319 16.3537499564035 16.1244677134923 16.1941005502428 16.4256717818124 16.4121999059405 16.5632820129395 16.6437887123653 16.7306936808995 16.6070905753544 16.5755574362619 16.5625387941088 16.532000882285 16.6874591623034 16.7497346060617 16.8005971567971 16.6958269051143 16.6611609118325 16.7039016655513 16.8368434906006 16.9940699168614 16.9931955337524 16.9895343099322 16.9881920814514 16.7045049667358 16.6361659935543 16.6461665289743 16.6886759826115 16.7499215943473 16.8184544358935 16.889880657196 16.9498773302351 17.0077695165362 17.0644146714892 17.1062030451638 17.131902217865 16.8913513592311 16.7891506126949 16.755156142371 16.7021662848336 16.6259660039629 16.5396339212145 16.4306864738464 16.3079177652087 16.1937961578369 16.0905922480992 16.0020863669259
16.124208688736 16.3023478644235 16.1778744629451 16.1551857335227 16.3808914593288 16.4504882267543 16.5316531317575 16.6205495425633 16.681366443634 16.440459387643 16.4086831637791 16.3278207097735 16.4022408553532 16.4774000304086 16.5430663653782 16.6026297637395 16.6420543193817 16.6587531907218 16.7156735488347 16.7652783053262 16.9483299255371 17.0919202736446 17.1123725005559 17.1289851324899 16.9248405865261 16.798903976168 16.8235019615718 16.8862361226763 16.9736772264753 17.0609365531376 17.1389199325017 17.2004976613181 17.2544347218105 17.3075769288199 17.3502388000488 17.3803637368338 17.1205092498234 17.0381347792489 17.0024910313743 16.9463054112026 16.8614640917097 16.7549185752869 16.6394661835262 16.5082359654563 16.366238457816 16.2370526109423 16.1179149491446
16.2433461461748 16.28189601217 16.2748343263354 16.0996094090598 16.3717736857278 16.2260156699589 16.2152767862592 16.2946006911142 16.3924991403307 16.1915710653578 16.2330696582794 16.2877991199493 16.3730363505227 16.4492691244398 16.5096429075514 16.5720498561859 16.6299468449184 16.6917225292751 16.7409532410758 16.7845585346222 16.8402561119625 16.9903957843781 17.2221510750907 17.253406388419 17.1379113537925 16.9423586981637 17.0003773144313 17.0971690586635 17.1976227760315 17.296073947634 17.3775985240936 17.4355336597988 17.4795889854431 17.5125724247524 17.5423429352897 17.5639624595642 17.3158178670066 17.2330598149981 17.2129349027361 17.1557549067906 17.0785165514265 16.971061195646 16.8494114535195 16.7113872936794 16.5520922456469 16.4002521719251 16.2628773280552
16.0018457685198 15.9833373001644 15.9891195297241 16.0023357186999 16.1516393252781 16.1122971262251 16.1366148335593 16.1264277185713 16.0610182285309 16.1097855227334 16.1903408254896 16.2804888997759 16.3654726232801 16.439190864563 16.5033232143947 16.5711554118565 16.6382711614881 16.7043035030365 16.7620361873082 16.8147924968175 16.8593950271606 16.9321162360055 17.0526602268219 17.1050524371011 17.0800637858255 17.0862196513585 17.1807096004486 17.2957199641636 17.4086263520377 17.5120046819959 17.584290266037 17.6356680052621 17.6654260158539 17.6887138911656 17.7126469271524 17.603205374309 17.4033338001796 17.4117429256439 17.3944594860077 17.3446812289102 17.2635590008327 17.1616483415876 17.0472840581621 16.9035185745784 16.7403267111097 16.5830390112741 16.4250170503344
15.9446956430163 15.9371885231563 15.9516791616167 15.987502847399 16.0621453693935 16.0902808734349 15.9463686261858 15.9455182552338 16.0308440412794 16.0604166984558 15.9800144263676 15.9947190284729 16.155791248594 16.1840610163552 16.2601764542716 16.4471073150635 16.5883191313062 16.7000584261758 16.7710326058524 16.8395712375641 16.8982967308589 16.9565668106079 17.0318383489336 17.1088028975895 17.1497840881348 17.2343738079071 17.3500352587019 17.4695699896131 17.5924280711583 17.6936302525657 17.7546338353838 17.7854284558977 17.740428175245 17.6673527104514 17.5930663176945 17.5629643712725 17.5524121012006 17.5553387573787 17.5567147391183 17.5212804249355 17.4441112109593 17.3432442460741 17.2253367900848 17.086558001382 16.9293144430433 16.7602841513497 16.5816097940717
15.944972378867 15.9600183963776 15.9719343526023 16.0046123436519 16.0519584247044 16.1121297563825 15.7077081203461 15.682151726314 15.7560722487313 15.827791758946 15.8770540441786 15.9405261789049 16.0339740685054 16.1174917221069 16.1964450563703 16.2539295128414 16.3385046209608 16.4135778972081 16.5956543854305 16.8301115717207 16.8932712418692 16.9647104058947 17.0486327920641 17.1387306281499 17.2417979240417 17.3674840245928 17.4890343461718 17.6203193664551 17.7392952782767 17.830653326852 17.8005111898695 17.641366141183 17.6576628684998 17.6825386456081 17.7015555245536 17.6781596796853 17.6865320886884 17.7107263633183 17.7220806053707 17.7000361851283 17.6321482998984 17.5311790875026 17.4048138345991 17.2675967897688 17.1056647981916 16.9291076660156 16.744405065264
15.9982187747955 16.0080619198935 16.0188091141837 15.9568267549787 15.9177993706294 15.7144385405949 15.6208133356912 15.6713040215628 15.7372956957136 15.7922285965511 15.8456391266414 15.9165166786739 15.9909742559705 16.0657637800489 16.1449445996966 16.2017859731402 16.2784748758589 16.3568502494267 16.4266262054443 16.5467819826944 16.7706592423575 16.9533293928419 17.0628909724099 17.1832318987165 17.3074391228812 17.4495796476092 17.5883245127542 17.7330093724387 17.8289168562208 17.7899190357753 17.7008288247245 17.7272873265403 17.7617414678846 17.791159425463 17.7957676819393 17.8140120165689 17.8415733405522 17.864428792681 17.8749519756862 17.8563164642879 17.7971727848053 17.7060991695949 17.5741806370871 17.4339696339199 17.2748762880053 17.099697794233 16.9154559203557
16.0835027694702 16.0712504046304 15.8591859681266 15.6024524484362 15.5917864527021 15.6143888745989 15.6286971228463 15.6852065495082 15.7417150906154 15.7911633082799 15.8479350975582 15.9103218827929 15.9732755592891 16.0400557177407 16.1053075449807 16.1684379918235 16.2296596595219 16.2891173362732 16.3629367010934 16.4559935842242 16.5430495738983 16.7160751819611 16.9683964252472 17.0077333450317 17.1481983321054 17.3581467015403 17.4586980002267 17.5976522990635 17.6366659573146 17.6931785855974 17.7530196394239 17.7784894875118 17.8331226961953 17.8633722918374 17.9058415208544 17.9485245432172 17.9833168302264 18.0113904135568 18.0103236947741 17.9893856389182 17.9422702789307 17.8620093890599 17.7363731861115 17.5904350961958 17.4322259426117 17.259940794536 17.0818522317069
16.0554154941014 15.9098340443202 15.6633989810944 15.6054574762072 15.6107731206076 15.6387268475124 15.6864140714918 15.738164458956 15.7868677888598 15.8313812528338 15.8760640621185 15.926068850926 15.9800230775561 16.0348976339613 16.0890115669795 16.1431618418012 16.1960194451468 16.2483802522932 16.3086618014744 16.3848829950605 16.4752718380519 16.6070465019771 16.7588801383972 16.9018466132028 17.0574082987649 17.2241766112191 17.3865968840463 17.5323678084782 17.6167682920183 17.7196828978402 17.790600333895 17.8441611698696 17.9000160353524 17.9507861818586 18.0064298084804 18.0571413721357 18.0973265852247 18.1221975599016 18.1248430865152 18.1063334260668 18.0638636180333 17.994791337422 17.8840138231005 17.7396512712751 17.574869462422 17.4037096159799 17.2274044241224
15.8060851437705 15.7420667580196 15.7075307369232 15.6967667852129 15.7070917742593 15.7309878553663 15.7675231865474 15.806624855314 15.8454687595367 15.8848120825631 15.9237612315587 15.9616850784847 15.9996756826128 16.0439193929945 16.0849954060146 16.1262330327715 16.1719472748893 16.2216637815748 16.2772666726794 16.3505083833422 16.4449503081185 16.5574479784284 16.7063321386065 16.8519563674927 17.0316509178707 17.2235810075487 17.3723948683058 17.5172083718436 17.638452734266 17.7359264578138 17.826189824513 17.9022187846048 17.9621111324855 18.0203792708261 18.0873179095132 18.147627558027 18.1937338284084 18.2199333054679 18.2230493000575 18.2071316923414 18.1698424134936 18.1089505468096 18.012891292572 17.8781925950732 17.7135640893664 17.543910571507 17.3646540301187
15.8264935697828 15.8156899043492 15.8186301503863 15.817752463477 15.8270711898804 15.8401758330209 15.8618730476924 15.8848973682949 15.9118344102587 15.9404873166765 15.9678896835872 16.0014598710196 16.0298042978559 16.0629891327449 16.0976504938943 16.128263269152 16.1659776823861 16.2106647832053 16.2570957456316 16.3261688096183 16.4227117470333 16.537380354745 16.6784203393119 16.8384616034371 17.0142918995449 17.1917064530509 17.372232573373 17.5253838811602 17.6555118901389 17.7643515382494 17.8616559164865 17.9425293718066 18.0150282723563 18.0858434609004 18.1605871745518 18.224572794778 18.2733459472656 18.2994719914028 18.3073541096279 18.297048841204 18.2649573939187 18.2081780093057 18.1205901759011 17.9952236584255 17.8399256638118 17.6697186061314 17.4843628065927
15.9501712662833 15.9502140794482 15.9488476685115 15.9472495487758 15.9507985115051 15.9536583423615 15.9625941004072 15.9759468351092 15.9937504019056 16.0088771751949 16.0209232057844 16.0461509908949 16.0721561568124 16.0962874889374 16.1266538756234 16.1496637548719 16.1726720333099 16.2062978403909 16.2407940455845 16.3056898798261 16.3956549508231 16.5088357584817 16.6517426286425 16.810327563967 16.9871575832367 17.1673601354871 17.3528540815626 17.5178439957755 17.6536772591727 17.7720650604793 17.8681173324585 17.9555406229837 18.0426024028233 18.1330212184361 18.2147420815059 18.2866581848689 18.337653534753 18.3661396162851 18.3792917047228 18.3755177089146 18.3454181807382 18.2911032949175 18.2082412242889 18.0916999408177 17.9473949500493 17.7813262939453 17.5954041821616
