Ecospace-environmental-drivers/Outputs/ASCII-for-ecospace/Temp-avg/Temp-avg_X2018.03.asc
NCOLS 131 
NROWS 53 
XLLCORNER -98 
YLLCORNER 23.9265270233154 
CELLSIZE 0.133587792515755 
NODATA_value -3.4e+38 
[rows 21 to 41 of 53, columns 47 to 93 of 131]
22.3463268280029 22.4381656646729 22.4973888397217 22.5302982330322 22.5773391723633 22.6643695831299 22.6405429840088 22.7266750335693 22.8198719024658 22.7856788635254 22.567943572998 22.51047706604 22.1374168395996 21.3807353973389 20.8704528808594 20.106761932373 19.1602687835693 18.9414958953857 19.0144786834717 18.7902660369873 18.3330459594727 17.9359378814697 17.6654777526855 17.4848957061768 17.1177291870117 16.8309593200684 16.7378158569336 16.8337116241455 16.7637767791748 16.5362243652344 16.5335865020752 16.6261291503906 16.7217655181885 16.7872123718262 16.8954334259033 16.9678897857666 17.1138973236084 17.4643115997314 18.2605648040771 18.7116985321045 18.9092044830322 19.09202003479 19.3989334106445 19.7768383026123 20.1647186279297 20.5186996459961 20.8528690338135
22.262186050415 22.2996921539307 22.3566226959229 22.4141883850098 22.5590763092041 22.5110569000244 22.1265125274658 22.4044799804688 22.2211074829102 21.7247123718262 21.5077362060547 21.3926239013672 21.3842105865479 21.0127220153809 20.585412979126 20.4240417480469 19.5209407806396 19.3488254547119 19.0333423614502 19.0432624816895 18.8435497283936 18.3993816375732 18.1746959686279 17.6911296844482 17.4163074493408 17.1717166900635 16.9684257507324 16.9363250732422 16.7685489654541 16.5980052947998 16.6168365478516 16.6977138519287 16.7848033905029 16.8559837341309 16.980052947998 17.0778179168701 17.1256694793701 17.1260032653809 17.0072040557861 17.1897125244141 17.5327167510986 17.84787940979 18.2189712524414 18.7745704650879 19.308629989624 19.7453804016113 20.1915435791016
21.3230953216553 21.3691463470459 21.6767673492432 21.4068126678467 21.2020664215088 20.9537982940674 21.1212253570557 20.7804660797119 20.4247703552246 20.3413028717041 20.4574108123779 20.9148979187012 20.6452922821045 20.443286895752 20.0299739837646 19.8971214294434 19.7653217315674 19.4822311401367 19.3348770141602 19.2928161621094 19.2399520874023 18.8940372467041 18.6229877471924 18.0754051208496 17.8408756256104 17.6001224517822 17.3148956298828 17.0745830535889 16.7149562835693 16.7194671630859 16.740119934082 16.7796840667725 16.8251762390137 16.9233055114746 17.0815315246582 17.1845417022705 17.1987781524658 17.1103096008301 16.6813526153564 16.541784286499 16.4941997528076 16.5115814208984 16.8019962310791 17.4116344451904 18.1738872528076 19.002405166626 19.4759273529053
19.7153968811035 19.8396701812744 19.6098861694336 19.9635448455811 19.9531059265137 19.8645935058594 19.5805816650391 19.5200004577637 19.2899150848389 19.7378349304199 19.8847713470459 20.2685413360596 19.9469909667969 19.9027709960938 19.9504909515381 19.9848880767822 19.7417163848877 19.6737937927246 19.5818061828613 19.344654083252 19.2073497772217 19.0731468200684 18.926176071167 18.5071716308594 18.1800651550293 17.8854675292969 17.3919925689697 17.0718193054199 16.9188594818115 16.8413925170898 16.829662322998 16.8592643737793 16.9123706817627 17.0350704193115 16.9741249084473 16.9881324768066 16.9158687591553 16.8627643585205 16.69580078125 16.5767097473145 16.4982814788818 16.4423599243164 16.3924312591553 16.4426803588867 16.9154014587402 17.7852764129639 18.6474666595459
18.7411518096924 18.6411228179932 18.6532745361328 18.6252841949463 18.5442123413086 19.0151481628418 18.6679592132568 19.0657825469971 18.9423408508301 19.1762790679932 19.3324165344238 19.5425052642822 19.7610969543457 19.9455547332764 20.0842037200928 19.8843307495117 19.5602874755859 19.5162010192871 19.4659595489502 19.3309593200684 19.2836055755615 19.2209167480469 19.1189231872559 18.9742279052734 18.4743137359619 18.2121448516846 17.9023017883301 17.3873271942139 17.1792545318604 17.0874576568604 17.02858543396 17.0259952545166 17.0693778991699 17.0958213806152 16.9348754882812 16.9606609344482 16.9141330718994 16.8274192810059 16.7269477844238 16.6190547943115 16.5473194122314 16.4856548309326 16.4023399353027 16.3396835327148 16.2934436798096 16.6897964477539 17.727954864502
17.915376663208 18.036642074585 18.0945167541504 17.7682704925537 17.9896087646484 18.3663787841797 18.5868644714355 18.5819320678711 18.9418296813965 19.0558452606201 19.3964672088623 19.5773525238037 19.902774810791 19.8287773132324 19.6907329559326 19.4409084320068 19.4136142730713 19.4264373779297 19.4285068511963 19.4124183654785 19.3741779327393 19.3064651489258 18.9149398803711 18.7338848114014 18.5948314666748 18.4284057617188 18.2029781341553 17.7249126434326 17.3945007324219 17.2754898071289 17.2198467254639 17.2053756713867 17.2107372283936 17.0772666931152 17.0326290130615 17.0173244476318 16.9227027893066 16.8391819000244 16.8015155792236 16.7015800476074 16.6127738952637 16.5108585357666 16.410680770874 16.3183765411377 16.2310466766357 16.1997509002686 16.8797130584717
17.5729637145996 17.6383323669434 17.5412330627441 17.4329719543457 17.733549118042 17.9950580596924 18.1580867767334 18.5380268096924 18.7440853118896 18.7972278594971 19.0615367889404 19.3137302398682 19.5369720458984 19.5377082824707 19.2334842681885 19.1809864044189 19.0239238739014 19.0334453582764 19.1909236907959 19.2677707672119 19.3957538604736 19.0061798095703 18.8753700256348 18.7868957519531 18.6700763702393 18.5264739990234 18.3419456481934 17.8222541809082 17.5706443786621 17.4347248077393 17.3748912811279 17.3460845947266 17.3465938568115 17.4243545532227 17.337703704834 17.0392169952393 16.9413166046143 16.8937950134277 16.8761444091797 16.7931747436523 16.6761665344238 16.5171680450439 16.3723564147949 16.2179794311523 16.0920257568359 16.0343341827393 16.2866134643555
17.4678688049316 17.2908973693848 17.1767177581787 17.4597301483154 17.659330368042 17.6114673614502 17.8450260162354 18.274658203125 18.4507865905762 18.7744045257568 18.933479309082 18.9594821929932 18.8981075286865 18.9357051849365 18.9179611206055 18.9769744873047 19.0090274810791 19.0100574493408 19.0105476379395 19.0083847045898 18.9803771972656 18.9413032531738 18.8905410766602 18.8180980682373 18.6594104766846 18.3340263366699 18.0411014556885 17.8797187805176 17.7034931182861 17.5592823028564 17.4758148193359 17.434045791626 17.4705619812012 17.5385360717773 17.4214458465576 17.2807445526123 16.9917697906494 16.9390659332275 16.9148693084717 16.83864402771 16.6978397369385 16.5201530456543 16.3204612731934 16.1091651916504 15.9329128265381 15.8596000671387 15.8931818008423
17.185733795166 17.1741619110107 17.2029514312744 17.2689399719238 17.3772583007812 17.5159435272217 17.6791362762451 17.8752174377441 18.0778541564941 18.2730236053467 18.2774353027344 18.4478645324707 18.6327781677246 18.7745609283447 18.8781661987305 18.9361705780029 18.9692153930664 18.9792156219482 18.9731540679932 18.9670219421387 18.9477462768555 18.9186305999756 18.8839416503906 18.8225917816162 18.409460067749 18.1990776062012 18.0553417205811 17.9185447692871 17.7781620025635 17.6361122131348 17.5637016296387 17.5648059844971 17.6207313537598 17.6043357849121 17.5362091064453 17.4321441650391 17.0924339294434 17.0019454956055 16.9452953338623 16.8830070495605 16.7118473052979 16.5066947937012 16.3125324249268 16.0665721893311 15.8504076004028 15.7463417053223 15.7838354110718
17.1726722717285 17.1385555267334 16.8781223297119 16.9300518035889 17.2440910339355 17.2861366271973 17.5694141387939 17.7760791778564 17.9838447570801 17.9071197509766 18.0846710205078 18.2502822875977 18.3122978210449 18.573263168335 18.6789016723633 18.7376918792725 18.5816688537598 18.5154552459717 18.5374145507812 18.6932544708252 18.8832969665527 18.8549575805664 18.8151302337646 18.7452297210693 18.3189029693604 18.1280860900879 18.0005149841309 17.8863067626953 17.7756748199463 17.7087268829346 17.6863765716553 17.6966152191162 17.6772899627686 17.6109142303467 17.5208263397217 17.4776306152344 17.2426109313965 17.1343841552734 17.0611972808838 16.9489555358887 16.7991981506348 16.5866565704346 16.3588447570801 16.1333103179932 15.9300308227539 15.8069429397583 15.797022819519
16.9066162109375 17.1109657287598 16.9137020111084 16.8586406707764 17.0787887573242 17.2219429016113 17.426383972168 17.6533203125 17.8509159088135 17.6836986541748 17.8021144866943 17.8357410430908 18.0198249816895 18.1632957458496 18.2742767333984 18.3365516662598 18.374174118042 18.3966941833496 18.3931636810303 18.3867359161377 18.573371887207 18.7188014984131 18.6828784942627 18.6112842559814 18.2982330322266 18.0175914764404 17.9115943908691 17.8276805877686 17.7801284790039 17.7433071136475 17.727367401123 17.6957817077637 17.6450252532959 17.5919570922852 17.5783824920654 17.6255207061768 17.3677635192871 17.303581237793 17.2336349487305 17.0971393585205 16.9290237426758 16.7344207763672 16.4964962005615 16.2775325775146 16.0790920257568 15.9438028335571 15.9051103591919
17.1044807434082 17.0495185852051 17.003438949585 16.7150897979736 16.9545974731445 16.8297481536865 16.9277858734131 17.1633605957031 17.3976821899414 17.2907371520996 17.4405918121338 17.6578845977783 17.8458957672119 17.9852466583252 18.0919952392578 18.1498794555664 18.182975769043 18.2058200836182 18.2047290802002 18.1933288574219 18.1756343841553 18.2842388153076 18.4832172393799 18.4260311126709 18.2254695892334 17.8875598907471 17.8329429626465 17.7819499969482 17.7135944366455 17.6825428009033 17.6593894958496 17.6240081787109 17.630744934082 17.6877593994141 17.7624645233154 17.8317813873291 17.5638866424561 17.4846954345703 17.4180870056152 17.2895431518555 17.1210308074951 16.9184036254883 16.6918849945068 16.4735774993896 16.2662334442139 16.1315898895264 16.0577049255371
16.8436164855957 16.699146270752 16.6112747192383 16.5718784332275 16.6206932067871 16.5900325775146 16.7300109863281 16.8526287078857 16.8839874267578 17.1185760498047 17.3116760253906 17.5078411102295 17.6818351745605 17.8022079467773 17.8898601531982 17.941276550293 17.9727096557617 17.9836330413818 17.9785022735596 17.9716091156006 17.9550724029541 17.9123973846436 17.9283504486084 17.9015197753906 17.8023490905762 17.7149314880371 17.6479377746582 17.5787963867188 17.5603179931641 17.5426712036133 17.5686740875244 17.6516780853271 17.756046295166 17.8690624237061 17.9667453765869 17.8982028961182 17.7237586975098 17.7073497772217 17.6253566741943 17.5066738128662 17.3506088256836 17.1619892120361 16.9339199066162 16.7144012451172 16.4954872131348 16.3378658294678 16.2270030975342
16.8055038452148 16.7059841156006 16.610258102417 16.5359306335449 16.4935932159424 16.5246620178223 16.407054901123 16.5358486175537 16.761775970459 16.9411964416504 16.9452266693115 17.0316047668457 17.2952156066895 17.3542385101318 17.4332904815674 17.6108455657959 17.7133522033691 17.7771892547607 17.7721405029297 17.7552032470703 17.7238807678223 17.6745910644531 17.626932144165 17.5802593231201 17.5221157073975 17.4656219482422 17.4315185546875 17.4170665740967 17.4309673309326 17.4789733886719 17.6315460205078 17.7647113800049 17.8461933135986 17.8755264282227 17.8712158203125 17.899263381958 17.9486312866211 17.95285987854 17.9018611907959 17.7859172821045 17.6261825561523 17.448802947998 17.2166595458984 16.9939517974854 16.778938293457 16.5826206207275 16.4212093353271
16.8382930755615 16.7526092529297 16.6555023193359 16.575777053833 16.5254707336426 16.5350761413574 16.0946979522705 16.1790943145752 16.3704261779785 16.5631580352783 16.7445697784424 16.8790912628174 17.0311279296875 17.1422309875488 17.2037830352783 17.2293701171875 17.2493686676025 17.2569484710693 17.3796977996826 17.5392875671387 17.4908905029297 17.4263610839844 17.3718929290771 17.3169250488281 17.267951965332 17.2527084350586 17.2509860992432 17.2719783782959 17.3603343963623 17.5289497375488 17.6285591125488 17.5993061065674 17.7849864959717 17.9645881652832 18.0791244506836 18.146053314209 18.1787395477295 18.2039337158203 18.2001819610596 18.1263179779053 17.9768123626709 17.7905387878418 17.5861511230469 17.3430557250977 17.1092052459717 16.8716087341309 16.6583671569824
16.8716011047363 16.807035446167 16.7233257293701 16.5451488494873 16.40452003479 16.1187744140625 16.0711517333984 16.1610832214355 16.3193969726562 16.4953842163086 16.656946182251 16.7871761322021 16.8863124847412 16.976526260376 17.019214630127 17.0180816650391 16.9942951202393 16.9624786376953 16.9261283874512 16.924840927124 17.0395011901855 17.0982398986816 17.0594272613525 17.0300102233887 17.0211353302002 17.0365371704102 17.0811977386475 17.1709079742432 17.3036003112793 17.4001235961914 17.4876728057861 17.7427616119385 17.9800720214844 18.1571922302246 18.2786903381348 18.3665218353271 18.4188480377197 18.4636363983154 18.4856395721436 18.4664878845215 18.3820953369141 18.2265853881836 18.0369529724121 17.7854042053223 17.5110282897949 17.2313556671143 16.9669036865234
16.9357757568359 16.8720054626465 16.5401496887207 16.1659069061279 16.1044578552246 16.1344871520996 16.1817436218262 16.2366390228271 16.3136768341064 16.4780616760254 16.6216735839844 16.7223091125488 16.7761077880859 16.841028213501 16.8648147583008 16.8427295684814 16.7890682220459 16.7375946044922 16.6775703430176 16.6105804443359 16.5495090484619 16.5783596038818 16.6967315673828 16.5883960723877 16.6111793518066 16.7338352203369 16.7606811523438 16.8898830413818 17.0275058746338 17.2975826263428 17.6212139129639 17.9157886505127 18.1426792144775 18.3123149871826 18.4392204284668 18.5414657592773 18.5984897613525 18.6539154052734 18.6985759735107 18.7175827026367 18.7022800445557 18.6327629089355 18.4989814758301 18.2669258117676 17.960958480835 17.6379432678223 17.3293514251709
16.8614864349365 16.6513061523438 16.333869934082 16.2905769348145 16.2852649688721 16.2947959899902 16.323221206665 16.3521308898926 16.3740234375 16.4697895050049 16.5927448272705 16.6778182983398 16.7252769470215 16.7350769042969 16.7680644989014 16.7352352142334 16.6671352386475 16.5953235626221 16.5224456787109 16.4408664703369 16.3698768615723 16.3215675354004 16.3086433410645 16.326997756958 16.3626365661621 16.4521045684814 16.597318649292 16.7470569610596 17.0122547149658 17.372486114502 17.7430744171143 18.0385189056396 18.2707672119141 18.4567527770996 18.5815124511719 18.6770915985107 18.7335052490234 18.785285949707 18.8291721343994 18.8551406860352 18.8781394958496 18.8636074066162 18.7994289398193 18.6491889953613 18.3857841491699 18.0436897277832 17.7046947479248
16.5168132781982 16.461067199707 16.4573993682861 16.4480133056641 16.447473526001 16.4526348114014 16.4649257659912 16.4829425811768 16.486629486084 16.5385608673096 16.6046600341797 16.6546058654785 16.7014503479004 16.7137813568115 16.7215194702148 16.7163486480713 16.6604766845703 16.5723075866699 16.491813659668 16.4160213470459 16.3400688171387 16.2735939025879 16.245777130127 16.2668647766113 16.3126621246338 16.4090137481689 16.5876121520996 16.7790851593018 17.0871067047119 17.483699798584 17.8839454650879 18.1911277770996 18.4150772094727 18.5768032073975 18.7005233764648 18.7914752960205 18.8554515838623 18.9065971374512 18.9456195831299 18.9658126831055 18.9811668395996 18.9863300323486 18.9598064422607 18.8748035430908 18.6978988647461 18.3934669494629 18.0470848083496
16.5743675231934 16.5958442687988 16.6104431152344 16.6218242645264 16.6274700164795 16.6318244934082 16.6241245269775 16.6297969818115 16.6207237243652 16.6407699584961 16.6689147949219 16.6852169036865 16.6993179321289 16.7312774658203 16.7235431671143 16.7280368804932 16.6979827880859 16.6226673126221 16.5420227050781 16.4733066558838 16.3923645019531 16.3088226318359 16.2671680450439 16.275749206543 16.3139915466309 16.4216251373291 16.6205978393555 16.8461456298828 17.1843490600586 17.594762802124 18.0269908905029 18.327220916748 18.5359897613525 18.6865215301514 18.8003578186035 18.8776073455811 18.9297332763672 18.9733333587646 19.0117816925049 19.0356483459473 19.0473289489746 19.0559902191162 19.0572280883789 19.0265865325928 18.9238967895508 18.6901569366455 18.3602104187012
16.6898326873779 16.7403831481934 16.7808876037598 16.8026332855225 16.8147125244141 16.8237037658691 16.8163681030273 16.8037242889404 16.7830028533936 16.7674007415771 16.7516384124756 16.7484397888184 16.7548389434814 16.7640781402588 16.7816772460938 16.7790508270264 16.7644920349121 16.7230815887451 16.6480274200439 16.5653781890869 16.4869155883789 16.4030437469482 16.351037979126 16.3399772644043 16.3720760345459 16.482400894165 16.6838874816895 16.9231948852539 17.2566833496094 17.700065612793 18.1285724639893 18.4202423095703 18.6545219421387 18.796293258667 18.8813800811768 18.9533042907715 18.9902820587158 19.0136089324951 19.0350494384766 19.0659275054932 19.08864402771 19.1066398620605 19.1121959686279 19.1208152770996 19.0717620849609 18.9224319458008 18.6705341339111
