Ecospace-environmental-drivers/Outputs/ASCII-for-ecospace/Temp-avg/Temp-avg_X1993.05.asc
NCOLS 131 
NROWS 53 
XLLCORNER -98 
YLLCORNER 23.9265270233154 
CELLSIZE 0.133587792515755 
NODATA_value -3.4e+38 
[rows 0 to 20 of 53, columns 47 to 93 of 131]
-3.4e+38 -3.4e+38 -3.4e+38 -3.4e+38 -3.4e+38 -3.4e+38 -3.4e+38 -3.4e+38 -3.4e+38 -3.4e+38 -3.4e+38 -3.4e+38 -3.4e+38 -3.4e+38 -3.4e+38 -3.4e+38 -3.4e+38 -3.4e+38 -3.4e+38 -3.4e+38 -3.4e+38 -3.4e+38 -3.4e+38 -3.4e+38 -3.4e+38 -3.4e+38 -3.4e+38 -3.4e+38 -3.4e+38 -3.4e+38 -3.4e+38 -3.4e+38 -3.4e+38 -3.4e+38 -3.4e+38 -3.4e+38 -3.4e+38 -3.4e+38 -3.4e+38 -3.4e+38 -3.4e+38 -3.4e+38 -3.4e+38 -3.4e+38 -3.4e+38 -3.4e+38 -3.4e+38
-3.4e+38 -3.4e+38 -3.4e+38 -3.4e+38 -3.4e+38 -3.4e+38 -3.4e+38 -3.4e+38 -3.4e+38 -3.4e+38 -3.4e+38 -3.4e+38 -3.4e+38 -3.4e+38 -3.4e+38 -3.4e+38 -3.4e+38 -3.4e+38 -3.4e+38 -3.4e+38 -3.4e+38 -3.4e+38 -3.4e+38 -3.4e+38 -3.4e+38 -3.4e+38 -3.4e+38 -3.4e+38 -3.4e+38 -3.4e+38 -3.4e+38 -3.4e+38 -3.4e+38 -3.4e+38 -3.4e+38 -3.4e+38 -3.4e+38 -3.4e+38 -3.4e+38 -3.4e+38 -3.4e+38 -3.4e+38 -3.4e+38 -3.4e+38 -3.4e+38 -3.4e+38 -3.4e+38
-3.4e+38 -3.4e+38 -3.4e+38 -3.4e+38 -3.4e+38 -3.4e+38 -3.4e+38 -3.4e+38 -3.4e+38 -3.4e+38 -3.4e+38 -3.4e+38 -3.4e+38 -3.4e+38 -3.4e+38 -3.4e+38 -3.4e+38 -3.4e+38 -3.4e+38 -3.4e+38 -3.4e+38 -3.4e+38 -3.4e+38 -3.4e+38 -3.4e+38 -3.4e+38 -3.4e+38 26.4506340026855 26.4301376342773 -3.4e+38 -3.4e+38 -3.4e+38 -3.4e+38 -3.4e+38 -3.4e+38 -3.4e+38 -3.4e+38 -3.4e+38 -3.4e+38 -3.4e+38 -3.4e+38 -3.4e+38 -3.4e+38 -3.4e+38 -3.4e+38 -3.4e+38 -3.4e+38
-3.4e+38 -3.4e+38 -3.4e+38 -3.4e+38 -3.4e+38 -3.4e+38 -3.4e+38 -3.4e+38 -3.4e+38 -3.4e+38 -3.4e+38 -3.4e+38 -3.4e+38 -3.4e+38 -3.4e+38 -3.4e+38 -3.4e+38 -3.4e+38 -3.4e+38 -3.4e+38 -3.4e+38 -3.4e+38 -3.4e+38 -3.4e+38 -3.4e+38 -3.4e+38 -3.4e+38 26.4034652709961 26.2608413696289 -3.4e+38 -3.4e+38 -3.4e+38 -3.4e+38 -3.4e+38 -3.4e+38 -3.4e+38 -3.4e+38 -3.4e+38 -3.4e+38 -3.4e+38 -3.4e+38 -3.4e+38 -3.4e+38 -3.4e+38 -3.4e+38 -3.4e+38 -3.4e+38
-3.4e+38 -3.4e+38 -3.4e+38 -3.4e+38 -3.4e+38 -3.4e+38 -3.4e+38 -3.4e+38 -3.4e+38 27.1406173706055 27.1406173706055 27.1446952819824 27.108907699585 -3.4e+38 -3.4e+38 -3.4e+38 -3.4e+38 -3.4e+38 26.7665100097656 26.700870513916 26.7463245391846 26.7498016357422 26.6970405578613 26.8169441223145 26.7276077270508 26.7039852142334 26.5442485809326 26.346248626709 26.3917865753174 26.7423362731934 -3.4e+38 -3.4e+38 23.4463958740234 23.1054801940918 23.4021091461182 22.6781272888184 22.4541358947754 22.956018447876 23.1760406494141 22.5397338867188 22.696569442749 22.5573482513428 -3.4e+38 -3.4e+38 -3.4e+38 -3.4e+38 -3.4e+38
-3.4e+38 -3.4e+38 -3.4e+38 -3.4e+38 -3.4e+38 -3.4e+38 -3.4e+38 -3.4e+38 27.1406173706055 27.1406173706055 27.1406173706055 27.1406173706055 27.1487712860107 27.1099414825439 27.0363006591797 -3.4e+38 27.0112991333008 27.0006713867188 26.7775440216064 26.5869541168213 26.3431186676025 26.175178527832 26.3231754302979 26.3018970489502 26.1564254760742 25.8840351104736 25.761344909668 26.0714550018311 26.1732559204102 26.6430377960205 24.5371646881104 23.924409866333 23.5375308990479 22.8772449493408 22.6050395965576 22.3440361022949 22.3240928649902 22.267370223999 22.2223587036133 22.2450828552246 22.3087482452393 22.4896984100342 22.7343788146973 22.9788856506348 -3.4e+38 -3.4e+38 -3.4e+38
-3.4e+38 -3.4e+38 -3.4e+38 -3.4e+38 -3.4e+38 -3.4e+38 -3.4e+38 -3.4e+38 27.145601272583 27.1406173706055 27.1406173706055 27.1406173706055 27.1406173706055 27.156925201416 27.1059188842773 27.0363006591797 27.0434417724609 26.9647789001465 26.8120269775391 26.6951656341553 26.0219306945801 25.3259773254395 24.4158630371094 24.0895252227783 24.0927124023438 23.8683681488037 23.6247711181641 23.7892074584961 23.7322807312012 23.6688556671143 23.4078598022461 22.8990173339844 22.7036991119385 22.5135517120361 22.3621158599854 22.0026741027832 21.7692947387695 21.9075775146484 21.9736518859863 21.9474468231201 21.9438724517822 22.0209617614746 22.1737174987793 22.3709964752197 22.6001987457275 22.7709159851074 -3.4e+38
-3.4e+38 -3.4e+38 -3.4e+38 -3.4e+38 -3.4e+38 -3.4e+38 -3.4e+38 -3.4e+38 -3.4e+38 -3.4e+38 27.1406173706055 27.1406173706055 27.1406173706055 -3.4e+38 27.1732349395752 27.0735244750977 27.0974502563477 27.1338634490967 27.0555782318115 26.8502368927002 26.3799457550049 25.8070602416992 24.1869792938232 23.4906158447266 23.2190189361572 23.170503616333 23.1558437347412 23.2038116455078 23.1766529083252 22.9588680267334 22.8263359069824 22.7849369049072 22.6935539245605 22.3493137359619 21.9049797058105 21.2404708862305 21.2214641571045 21.43678855896 21.6820030212402 21.745267868042 21.7983875274658 21.8809928894043 22.0083198547363 22.1026096343994 22.2492637634277 22.649040222168 23.5851612091064
-3.4e+38 -3.4e+38 -3.4e+38 -3.4e+38 -3.4e+38 -3.4e+38 -3.4e+38 -3.4e+38 -3.4e+38 -3.4e+38 -3.4e+38 -3.4e+38 -3.4e+38 -3.4e+38 27.1545505523682 27.16774559021 27.1908531188965 27.1883201599121 27.1349105834961 27.0331382751465 26.7166366577148 26.1473007202148 24.0226440429688 23.306583404541 22.8780956268311 22.9147663116455 22.9748668670654 22.958028793335 22.892520904541 22.8154220581055 22.741283416748 22.6013736724854 22.3736038208008 21.7348003387451 21.2367877960205 21.0442790985107 21.1508655548096 21.4035224914551 21.540828704834 21.6794376373291 21.7082290649414 21.7740879058838 21.9162216186523 22.032413482666 22.1258964538574 22.2455310821533 22.8925094604492
26.9360752105713 -3.4e+38 -3.4e+38 -3.4e+38 -3.4e+38 -3.4e+38 -3.4e+38 -3.4e+38 -3.4e+38 -3.4e+38 27.1597023010254 27.2751731872559 -3.4e+38 -3.4e+38 -3.4e+38 27.2337779998779 27.3081836700439 27.3668899536133 27.2756252288818 27.1580829620361 26.8791332244873 25.5703773498535 23.6930446624756 23.1207389831543 22.835428237915 22.9982795715332 23.0673580169678 23.0314350128174 22.8624935150146 22.712553024292 22.6046943664551 22.3240203857422 21.8382587432861 21.0337677001953 20.8387393951416 20.9164447784424 21.0646877288818 21.1707134246826 21.2919216156006 21.4055786132812 21.5818996429443 21.8839550018311 21.8714199066162 21.9988822937012 22.1638565063477 22.2335109710693 22.4831790924072
26.7421627044678 26.814640045166 -3.4e+38 -3.4e+38 -3.4e+38 -3.4e+38 -3.4e+38 -3.4e+38 -3.4e+38 -3.4e+38 27.0897655487061 27.2401218414307 27.4097309112549 -3.4e+38 -3.4e+38 27.2470264434814 27.2913856506348 27.5118942260742 27.4412631988525 27.2056713104248 26.3830528259277 24.4274005889893 23.4077968597412 23.0673294067383 22.9333553314209 23.1171417236328 23.203784942627 22.9523143768311 22.8605937957764 22.6602935791016 22.3095741271973 21.8645839691162 21.4595642089844 20.5664482116699 20.4110794067383 20.4764785766602 20.7176570892334 20.8769054412842 21.0814113616943 21.1996574401855 21.3866367340088 21.6814804077148 21.8641681671143 22.0482330322266 22.2386207580566 22.2672023773193 22.3204116821289
26.7225780487061 26.7247886657715 26.8035259246826 26.8744506835938 -3.4e+38 -3.4e+38 -3.4e+38 -3.4e+38 -3.4e+38 -3.4e+38 -3.4e+38 27.1728515625 27.3284740447998 27.4097309112549 27.0257396697998 27.0662651062012 27.52734375 27.5747470855713 27.223331451416 26.2262306213379 24.3803462982178 23.3771286010742 23.1251087188721 22.7502517700195 22.8668804168701 22.9000873565674 22.894832611084 22.7058696746826 22.3432884216309 22.1419582366943 21.9047622680664 21.3617076873779 20.1891803741455 19.6375713348389 19.3700485229492 19.3156566619873 19.6856288909912 20.3159580230713 20.8777713775635 21.1809387207031 21.2911262512207 21.3886280059814 21.7299118041992 22.0633945465088 22.2659473419189 22.3287143707275 22.2436847686768
26.1884498596191 26.592472076416 26.810619354248 27.0092067718506 -3.4e+38 -3.4e+38 -3.4e+38 -3.4e+38 27.0421943664551 27.0819416046143 27.0169124603271 26.9194717407227 27.3287925720215 27.246898651123 26.1993007659912 26.0256519317627 26.676628112793 26.8039989471436 26.5733165740967 24.7952175140381 22.8903694152832 22.6584854125977 22.8487873077393 22.9655094146729 22.9350471496582 22.8552646636963 22.6159534454346 22.1901416778564 21.9035472869873 21.4660205841064 20.4951877593994 19.4011783599854 18.687084197998 18.5713806152344 18.469970703125 18.4209308624268 19.2575492858887 19.5640163421631 20.081974029541 20.7317314147949 21.2205638885498 21.404167175293 21.4864330291748 21.7123584747314 21.8417739868164 21.9437351226807 21.9275455474854
25.5626487731934 25.8196678161621 26.1608753204346 26.5548114776611 26.7928485870361 26.7127685546875 26.7807216644287 26.8469467163086 26.8836574554443 26.8597869873047 26.8756160736084 27.0697116851807 26.306324005127 25.3662567138672 24.7742309570312 25.2667579650879 26.3606300354004 26.526294708252 26.2820854187012 24.5365142822266 22.8196334838867 22.4158515930176 22.9828948974609 22.6689109802246 22.0354423522949 21.8495254516602 21.4143486022949 20.7293186187744 19.97998046875 18.9718856811523 17.9152355194092 17.3792819976807 17.3255081176758 17.7959079742432 17.9265556335449 18.4058380126953 19.0372047424316 19.3805484771729 19.7914848327637 20.2134132385254 20.8149471282959 21.26047706604 21.4090805053711 21.4359016418457 21.569917678833 21.7017116546631 21.7791385650635
25.2621898651123 25.3609828948975 25.6542739868164 26.1545886993408 26.5708179473877 26.6462001800537 26.739164352417 26.7144184112549 26.5721530914307 26.3211936950684 26.0093746185303 25.1068058013916 24.6265392303467 24.2990703582764 24.0879249572754 24.156005859375 24.6892242431641 27.1747779846191 26.9319629669189 25.1690273284912 22.5760688781738 22.3818607330322 22.3675918579102 21.3650455474854 20.5954761505127 20.0353813171387 18.9036312103271 18.3237476348877 17.9469566345215 17.5436534881592 17.2685432434082 17.0454540252686 17.0612964630127 17.4571990966797 17.8914699554443 18.5471038818359 19.0089435577393 19.4815006256104 19.6574478149414 20.0843315124512 20.6121253967285 21.1404399871826 21.3982448577881 21.5347518920898 21.6920757293701 21.8316383361816 22.1095943450928
24.1263275146484 24.390157699585 24.9153594970703 25.4230136871338 25.5101451873779 25.4382781982422 25.324951171875 25.1348915100098 24.8740863800049 24.545524597168 24.4199333190918 24.2920417785645 24.039155960083 23.7344760894775 23.4001693725586 23.2302837371826 23.4063529968262 24.3419570922852 23.0659961700439 22.8061828613281 22.2369918823242 21.4055042266846 20.7732334136963 20.0592193603516 19.0846214294434 18.383939743042 18.1026592254639 17.7102088928223 17.5397090911865 17.4199123382568 17.2908706665039 17.1090297698975 17.2207927703857 17.6701545715332 18.2880706787109 18.8767566680908 19.2239208221436 19.5312747955322 19.7525234222412 20.2223854064941 20.7047576904297 20.992712020874 21.3726139068604 21.645824432373 21.8332061767578 21.7588539123535 21.9408645629883
23.6583595275879 23.7644214630127 23.9836730957031 24.4413261413574 24.6490840911865 24.4658622741699 24.1608695983887 24.0827331542969 24.0972576141357 24.1227321624756 24.0755863189697 23.8751754760742 23.5614356994629 23.3676528930664 23.094596862793 22.8402347564697 22.7044143676758 22.574333190918 22.2093238830566 21.5944194793701 20.5311985015869 19.4225826263428 18.834098815918 18.4455318450928 18.0348358154297 17.8810977935791 17.8119354248047 17.5821590423584 17.4779205322266 17.3371067047119 17.1696472167969 17.3454856872559 17.6570014953613 18.0290431976318 18.5918235778809 19.0917301177979 19.5182228088379 19.7300300598145 20.0766525268555 20.3791236877441 20.7343864440918 21.0673294067383 21.4177207946777 21.6543102264404 21.8089504241943 21.7250232696533 21.7326908111572
23.3847942352295 23.4814510345459 23.6240730285645 23.7893238067627 23.9644832611084 23.9731769561768 23.8444576263428 23.8432216644287 23.9208946228027 23.8977680206299 23.7397384643555 23.159496307373 22.3354606628418 21.9328670501709 22.1575050354004 22.4693470001221 22.3988857269287 22.1981506347656 21.84739112854 20.4883270263672 18.9838104248047 18.1061305999756 17.9821338653564 17.6696128845215 17.5497970581055 17.4917964935303 17.5449981689453 17.4554100036621 17.3082046508789 17.332935333252 17.3335952758789 17.6118202209473 17.9944496154785 18.3628044128418 18.8224105834961 19.3007373809814 19.6168460845947 19.9891223907471 20.2740345001221 20.5030269622803 20.8723983764648 21.2446460723877 21.4197120666504 21.6772556304932 21.7915496826172 21.5537967681885 21.4903411865234
23.1217765808105 23.1838188171387 23.2108936309814 23.2246932983398 23.2789001464844 23.2951412200928 23.4070091247559 23.4937324523926 23.5253314971924 23.4484748840332 23.3526382446289 23.1589832305908 22.6342639923096 20.7855987548828 19.992359161377 20.4112606048584 20.7189903259277 21.0329685211182 20.6967754364014 19.7784194946289 18.8136863708496 18.0446014404297 17.6504344940186 17.4830989837646 17.4293613433838 17.4788951873779 17.2314128875732 17.3072109222412 17.3853511810303 17.436544418335 17.3573760986328 17.5545215606689 18.0175018310547 18.4573402404785 18.7897853851318 19.3522624969482 19.6233940124512 19.9323177337646 20.2168045043945 20.534351348877 20.8242378234863 21.076301574707 21.4020881652832 21.5452346801758 21.6005210876465 21.3804779052734 21.3568687438965
22.9692115783691 22.975456237793 22.9210300445557 22.7332553863525 22.7053718566895 22.8199100494385 22.906322479248 23.0842342376709 23.1568145751953 23.2328395843506 23.246452331543 23.2542667388916 22.9068260192871 21.4786605834961 20.0928401947021 18.9188613891602 18.9363861083984 19.341215133667 19.4406814575195 18.8634262084961 17.8990421295166 17.7236213684082 17.5608577728271 17.4196033477783 17.4312877655029 17.4548110961914 17.2388248443604 17.3250312805176 17.4061489105225 17.4845008850098 17.2697277069092 17.2910652160645 17.7730827331543 18.3144054412842 18.685094833374 19.0808200836182 19.429162979126 19.7959136962891 20.1552925109863 20.3447322845459 20.5683765411377 20.9075469970703 21.1023540496826 21.2925682067871 21.3678684234619 21.1469841003418 21.2372150421143
22.8348960876465 22.8972110748291 22.9345016479492 22.7801609039307 22.6538829803467 22.6220073699951 22.6743106842041 22.7911491394043 22.8878421783447 22.9841861724854 22.8246765136719 22.7594947814941 22.2648220062256 21.3669471740723 19.9265289306641 18.5287303924561 18.0622310638428 18.2224006652832 18.4774227142334 17.8831329345703 17.7358570098877 17.4725646972656 17.2574520111084 17.3485069274902 17.4425506591797 17.4179801940918 17.2429447174072 17.3265171051025 17.4199352264404 17.5129222869873 17.3185634613037 17.3112850189209 17.3867683410645 17.5953922271729 18.0126361846924 18.3156757354736 18.5420551300049 19.1013736724854 19.7103996276855 20.0221710205078 20.173978805542 20.4352703094482 20.6250305175781 20.8150234222412 20.9040832519531 20.8003025054932 20.8831996917725
