Ecospace-environmental-drivers/Outputs/ASCII-for-ecospace/Temp-avg/Temp-avg_X2007.12.asc
NCOLS 131 
NROWS 53 
XLLCORNER -98 
YLLCORNER 23.9265270233154 
CELLSIZE 0.133587792515755 
NODATA_value -3.4e+38 
[rows 21 to 41 of 53, columns 47 to 93 of 131]
23.1596984863281 23.0556583404541 23.0837669372559 23.1281909942627 23.1675872802734 23.2485370635986 23.0852870941162 23.0792427062988 23.1107292175293 22.7870502471924 22.1830577850342 21.8748168945312 21.2685565948486 20.3829364776611 19.8622531890869 19.1753635406494 18.4027194976807 18.230806350708 18.3093166351318 18.105598449707 17.7134780883789 17.3644123077393 17.1686115264893 17.0991153717041 16.8284397125244 16.6122169494629 16.6070709228516 16.6014385223389 16.5332126617432 16.3762073516846 16.4119262695312 16.4714679718018 16.5650043487549 16.6781845092773 16.7949485778809 16.8769359588623 17.0595664978027 17.4496250152588 18.361644744873 18.9195671081543 19.0950546264648 19.156286239624 19.2597427368164 19.4078941345215 19.6771850585938 19.8477687835693 20.1619930267334
22.5818061828613 22.5202445983887 22.5983295440674 22.6502990722656 22.8119163513184 22.6874847412109 22.0199756622314 22.3487682342529 21.9804382324219 21.228536605835 20.8204460144043 20.5137939453125 20.3602142333984 19.8627052307129 19.3704032897949 19.1877288818359 18.4053325653076 18.2038841247559 17.8980617523193 17.8910808563232 17.7209587097168 17.3178062438965 17.1854248046875 16.8668079376221 16.7349910736084 16.6759452819824 16.6634922027588 16.6737861633301 16.5059070587158 16.3685264587402 16.4057903289795 16.468635559082 16.5509071350098 16.6911449432373 16.8215465545654 16.9451732635498 17.0360946655273 17.0874729156494 17.143611907959 17.4339122772217 17.7843933105469 17.9793319702148 18.1908531188965 18.5694847106934 18.9459934234619 19.2116432189941 19.5588760375977
21.4328784942627 21.4894237518311 21.8394889831543 21.5061569213867 21.2191257476807 20.8724918365479 20.9666843414307 20.4570713043213 19.9216899871826 19.6971302032471 19.7055187225342 20.00221824646 19.5639514923096 19.2101764678955 18.6722412109375 18.4731636047363 18.3431606292725 18.0242004394531 17.8635692596436 17.7887420654297 17.6891479492188 17.369987487793 17.223274230957 16.8631896972656 16.8215484619141 16.8333377838135 16.8171787261963 16.7307415008545 16.4582080841064 16.4124069213867 16.4281959533691 16.4676132202148 16.5423431396484 16.7041625976562 16.8249015808105 16.980676651001 17.0703220367432 17.0774631500244 16.8304481506348 16.8097133636475 16.7786865234375 16.706371307373 16.8973007202148 17.3388481140137 17.9355792999268 18.6138896942139 18.9801235198975
19.8370628356934 19.9732513427734 19.7122688293457 20.0341453552246 19.9532222747803 19.7681198120117 19.3544597625732 19.1457004547119 18.7827033996582 19.1009044647217 19.0905704498291 19.2922115325928 18.7781028747559 18.5583114624023 18.4466781616211 18.3968830108643 18.1349506378174 18.0113182067871 17.8712978363037 17.5952377319336 17.417932510376 17.3134918212891 17.2534027099609 16.9888687133789 16.8988647460938 16.9087524414062 16.6894874572754 16.5953044891357 16.525318145752 16.4696483612061 16.4565448760986 16.4772548675537 16.5889797210693 16.7085800170898 16.6089992523193 16.7003803253174 16.7542476654053 16.8252983093262 16.8059864044189 16.799280166626 16.7421073913574 16.6418285369873 16.5049304962158 16.4491729736328 16.844575881958 17.5671863555908 18.3328552246094
18.8878479003906 18.7438125610352 18.7223453521729 18.6439723968506 18.4942817687988 18.9013977050781 18.445707321167 18.7259731292725 18.5078735351562 18.5858421325684 18.565393447876 18.581148147583 18.5729694366455 18.5467853546143 18.5154495239258 18.2398242950439 17.8881912231445 17.7817134857178 17.6795177459717 17.4738254547119 17.3688583374023 17.3327884674072 17.2987575531006 17.2736797332764 17.0263252258301 17.0371189117432 16.9766159057617 16.7213325500488 16.597526550293 16.5403251647949 16.4998035430908 16.5119380950928 16.6004638671875 16.6332054138184 16.4644432067871 16.5813636779785 16.678581237793 16.7308750152588 16.750244140625 16.7423877716064 16.6976222991943 16.6086502075195 16.5016956329346 16.4072551727295 16.3273773193359 16.5903739929199 17.5239124298096
17.9605731964111 18.0650272369385 18.0832748413086 17.6996078491211 17.8772811889648 18.2088203430176 18.347562789917 18.2607421875 18.53857421875 18.493200302124 18.6603164672852 18.6386299133301 18.7547092437744 18.5058307647705 18.2423496246338 17.9023914337158 17.7837810516357 17.717794418335 17.6422786712646 17.5397548675537 17.4136447906494 17.3671989440918 17.0519351959229 17.0047378540039 17.0686931610107 17.1081562042236 17.1182403564453 16.8843402862549 16.7105140686035 16.6327209472656 16.5622100830078 16.5426330566406 16.6001396179199 16.4896202087402 16.4465351104736 16.5166625976562 16.5822410583496 16.6175994873047 16.64870262146 16.6449222564697 16.6101837158203 16.5602931976318 16.4936637878418 16.4141216278076 16.3145046234131 16.234338760376 16.8857173919678
17.4731369018555 17.5444355010986 17.4200019836426 17.269380569458 17.5489273071289 17.8133106231689 17.946174621582 18.292552947998 18.4549407958984 18.363582611084 18.4512882232666 18.5242080688477 18.5579490661621 18.4082622528076 18.0019226074219 17.8272972106934 17.5653285980225 17.4906196594238 17.5362854003906 17.5069274902344 17.5207176208496 17.1418857574463 17.0269355773926 17.0351619720459 17.1220588684082 17.1593894958496 17.175817489624 16.8812294006348 16.811767578125 16.7405548095703 16.6507740020752 16.6089382171631 16.6216049194336 16.6981906890869 16.6401500701904 16.4670429229736 16.5114498138428 16.5173816680908 16.5302314758301 16.5358695983887 16.5165958404541 16.4816703796387 16.4328002929688 16.3689441680908 16.3350448608398 16.3414859771729 16.5888996124268
17.1945037841797 17.0508613586426 16.9677906036377 17.2689418792725 17.5087127685547 17.5113105773926 17.7644348144531 18.1908378601074 18.3399181365967 18.5730361938477 18.5889549255371 18.4391078948975 18.2400455474854 18.1616325378418 18.0398273468018 17.974983215332 17.8728580474854 17.741605758667 17.6142406463623 17.4606971740723 17.3013515472412 17.2049522399902 17.1442451477051 17.1487636566162 17.1622180938721 17.0075168609619 16.8932437896729 16.8930206298828 16.8769187927246 16.8532371520996 16.7475776672363 16.6896457672119 16.6805076599121 16.6799125671387 16.620548248291 16.6063289642334 16.4414691925049 16.4145278930664 16.4232025146484 16.4239654541016 16.4173011779785 16.4057197570801 16.3794460296631 16.3848934173584 16.3946743011475 16.3698806762695 16.3621673583984
16.7330799102783 16.8013000488281 16.9297733306885 17.1091823577881 17.3314990997314 17.5740909576416 17.818078994751 18.0643768310547 18.2687664031982 18.4168796539307 18.2884654998779 18.2947769165039 18.3663005828857 18.4046592712402 18.4075164794922 18.3604717254639 18.2724781036377 18.1239109039307 17.9394435882568 17.7714500427246 17.5867252349854 17.4058094024658 17.30104637146 17.2858600616455 17.0344657897949 16.9723167419434 16.9752426147461 16.9732666015625 16.9475154876709 16.9022960662842 16.8386268615723 16.7653141021729 16.7428016662598 16.7044811248779 16.7067623138428 16.7261486053467 16.4634246826172 16.3861293792725 16.3717308044434 16.3725700378418 16.368537902832 16.3628273010254 16.379487991333 16.3691654205322 16.3466167449951 16.3201293945312 16.2898273468018
16.6195068359375 16.7292766571045 16.6653652191162 16.9366245269775 17.4463539123535 17.657075881958 18.0488033294678 18.3277034759521 18.5761661529541 18.470531463623 18.5432510375977 18.557975769043 18.523681640625 18.685489654541 18.6880435943604 18.6448745727539 18.369026184082 18.143856048584 17.9698371887207 17.915376663208 17.9175662994385 17.7266330718994 17.5566806793213 17.4642715454102 17.1656875610352 17.0922908782959 17.0859832763672 17.0612525939941 17.0223541259766 16.9682579040527 16.898229598999 16.8247776031494 16.7818088531494 16.7603397369385 16.7600479125977 16.7675952911377 16.5529975891113 16.4405956268311 16.3736095428467 16.3448486328125 16.348705291748 16.3655853271484 16.3564510345459 16.3287372589111 16.295108795166 16.2509880065918 16.2242279052734
16.3699989318848 16.7794857025146 16.8563804626465 17.1292762756348 17.6587905883789 18.0029163360596 18.3434906005859 18.6599159240723 18.8788528442383 18.7053546905518 18.7462959289551 18.6445541381836 18.7173194885254 18.7499141693115 18.7418174743652 18.6999988555908 18.6241588592529 18.497522354126 18.3105640411377 18.10231590271 18.0717544555664 18.0163803100586 17.8271255493164 17.6917209625244 17.4324512481689 17.2385196685791 17.2165088653564 17.1716442108154 17.1101188659668 17.048677444458 16.9702339172363 16.9051551818848 16.842565536499 16.8301372528076 16.8377780914307 16.8645114898682 16.6126842498779 16.5580673217773 16.47021484375 16.4104881286621 16.4037494659424 16.3864707946777 16.3501148223877 16.3101043701172 16.246000289917 16.1776161193848 16.1398048400879
16.6376075744629 16.8885383605957 17.1600894927979 17.2731056213379 17.9161796569824 18.0527477264404 18.2960605621338 18.6101207733154 18.8555583953857 18.7039661407471 18.8138256072998 18.9297695159912 18.9984111785889 19.0329360961914 19.0273342132568 18.9856243133545 18.9067840576172 18.7897624969482 18.619987487793 18.4202861785889 18.1878910064697 18.0783557891846 18.1046390533447 17.9359550476074 17.6940307617188 17.4004955291748 17.3458232879639 17.2792491912842 17.2138729095459 17.134313583374 17.0565090179443 17.0092525482178 16.9696483612061 16.9548740386963 16.9834384918213 17.0251846313477 16.7665176391602 16.7168083190918 16.7035102844238 16.6001472473145 16.5218276977539 16.4802646636963 16.4368896484375 16.372049331665 16.2851009368896 16.1947860717773 16.128927230835
16.4841194152832 16.715295791626 17.0277271270752 17.4501132965088 17.9341354370117 18.2375659942627 18.5411930084229 18.7026176452637 18.716682434082 18.9049224853516 19.0523319244385 19.1546764373779 19.2215404510498 19.2474975585938 19.2385883331299 19.2005367279053 19.1293067932129 19.0239639282227 18.8770942687988 18.6936016082764 18.466968536377 18.2179069519043 18.0474014282227 17.8763656616211 17.6637649536133 17.5339641571045 17.4577255249023 17.373664855957 17.2977180480957 17.2112331390381 17.1488513946533 17.1371173858643 17.139591217041 17.1683540344238 17.216344833374 17.1264762878418 16.9627418518066 16.9740581512451 16.9787712097168 16.956521987915 16.8537445068359 16.7285118103027 16.633861541748 16.5472221374512 16.4409732818604 16.3401470184326 16.2609958648682
16.5728530883789 16.8821182250977 17.2723121643066 17.6994247436523 18.1225757598877 18.5080127716064 18.5349922180176 18.6922569274902 18.9298896789551 19.0606021881104 18.9549369812012 18.9512176513672 19.1266498565674 19.085693359375 19.093168258667 19.2154502868652 19.2434959411621 19.2083187103271 19.0759830474854 18.9093780517578 18.701602935791 18.4593048095703 18.2193393707275 18.0113792419434 17.8374137878418 17.7033786773682 17.6035270690918 17.5093517303467 17.4193305969238 17.3286170959473 17.3090476989746 17.3207511901855 17.2947692871094 17.279857635498 17.2713832855225 17.3039226531982 17.3609752655029 17.3936996459961 17.4049758911133 17.3836708068848 17.2984886169434 17.1457996368408 16.9676666259766 16.8064422607422 16.6678028106689 16.5596237182617 16.4665107727051
16.7543067932129 17.1251258850098 17.5406818389893 17.9749126434326 18.3890323638916 18.7405624389648 18.4008026123047 18.5287113189697 18.7399444580078 18.8877964019775 18.9991188049316 19.0899887084961 19.1478023529053 19.173828125 19.1665019989014 19.1233100891113 19.0603351593018 18.9696712493896 18.9942359924316 19.0576992034912 18.8749160766602 18.6570568084717 18.4263973236084 18.2094764709473 18.0287990570068 17.8880825042725 17.7772388458252 17.6869945526123 17.6065616607666 17.567174911499 17.5044364929199 17.3622932434082 17.4658374786377 17.6030750274658 17.7328414916992 17.8367710113525 17.8956604003906 17.9282131195068 17.9338111877441 17.9013137817383 17.8106994628906 17.6627521514893 17.4293975830078 17.1922416687012 16.9905853271484 16.8301639556885 16.6851711273193
16.9775009155273 17.3865356445312 17.805383682251 18.121410369873 18.3797378540039 18.3228721618652 18.4446067810059 18.6531581878662 18.8401947021484 18.9883804321289 19.103723526001 19.1815242767334 19.2354602813721 19.2602310180664 19.2533950805664 19.2120685577393 19.1374454498291 19.0428848266602 18.9177436828613 18.8197116851807 18.8571453094482 18.7909660339355 18.5973491668701 18.4210529327393 18.2458305358887 18.0971393585205 17.9878406524658 17.9043006896973 17.8379096984863 17.7205371856689 17.6538619995117 17.8246917724609 17.9963665008545 18.141357421875 18.2537822723389 18.3389759063721 18.4039077758789 18.4423942565918 18.4497604370117 18.4062175750732 18.3358116149902 18.2026557922363 17.9977684020996 17.7343139648438 17.4451351165771 17.2008934020996 16.9807205200195
17.2304019927979 17.609790802002 17.7646083831787 17.7645931243896 18.021842956543 18.3051204681396 18.549352645874 18.7530326843262 18.9257354736328 19.0631561279297 19.1646175384521 19.2380084991455 19.2901287078857 19.3120365142822 19.3090229034424 19.2580280303955 19.182523727417 19.0940132141113 18.9672927856445 18.8108177185059 18.6570072174072 18.5939273834229 18.605978012085 18.3396091461182 18.1710987091064 18.0856704711914 17.9121685028076 17.8544883728027 17.7600936889648 17.8152904510498 18.0447063446045 18.2338733673096 18.4072875976562 18.5635814666748 18.6822528839111 18.7793884277344 18.8471183776855 18.8962459564209 18.9140357971191 18.8657188415527 18.7728080749512 18.6569690704346 18.4867992401123 18.2670497894287 17.9980697631836 17.6934833526611 17.3858833312988
17.312858581543 17.5113258361816 17.5959320068359 17.8709735870361 18.1522369384766 18.4083251953125 18.6288757324219 18.8212814331055 18.9769725799561 19.0996322631836 19.1917629241943 19.2633514404297 19.3088188171387 19.3296031951904 19.3175048828125 19.2628135681152 19.1862659454346 19.1010665893555 18.9751968383789 18.82297706604 18.6872520446777 18.5591697692871 18.4043579101562 18.2584419250488 18.0921897888184 17.9634208679199 17.8807373046875 17.8332386016846 17.8975124359131 18.1182556152344 18.3453273773193 18.556001663208 18.7415161132812 18.8708209991455 18.9842319488525 19.0818328857422 19.1461391448975 19.1933269500732 19.2177486419678 19.1976642608643 19.1309852600098 19.0303936004639 18.8867835998535 18.697868347168 18.4753818511963 18.1941375732422 17.8790302276611
17.0774936676025 17.3805522918701 17.7095642089844 17.9854164123535 18.2464122772217 18.46506690979 18.6756248474121 18.8465461730957 18.9893836975098 19.0982913970947 19.1835517883301 19.250789642334 19.2852344512939 19.297327041626 19.2776947021484 19.2215366363525 19.1488265991211 19.0532703399658 18.9204177856445 18.7785949707031 18.6527709960938 18.509147644043 18.3561134338379 18.2026138305664 18.0678024291992 17.9592132568359 17.8904457092285 17.9132804870605 18.0876274108887 18.3373947143555 18.5714702606201 18.771032333374 18.9389133453369 19.0662879943848 19.1740398406982 19.2608680725098 19.3243427276611 19.3636207580566 19.3812885284424 19.3718929290771 19.3413543701172 19.2745819091797 19.1771011352539 19.0400676727295 18.8536224365234 18.6150321960449 18.329517364502
17.2245903015137 17.5412464141846 17.8192405700684 18.0636920928955 18.2869319915771 18.4904232025146 18.6835250854492 18.8384094238281 18.9635906219482 19.0580291748047 19.1359157562256 19.1923599243164 19.2189521789551 19.2211799621582 19.1956081390381 19.1388683319092 19.0568065643311 18.9518795013428 18.817174911499 18.6734600067139 18.515251159668 18.3670845031738 18.227783203125 18.1004238128662 17.9844455718994 17.9323902130127 17.9388217926025 18.0377330780029 18.2432823181152 18.4774513244629 18.7119312286377 18.907808303833 19.0741901397705 19.2095355987549 19.3163623809814 19.397912979126 19.4536209106445 19.4867458343506 19.5025672912598 19.5042839050293 19.4885406494141 19.4487266540527 19.379955291748 19.2862739562988 19.1541786193848 18.9616870880127 18.7173957824707
17.4035873413086 17.6574592590332 17.8876647949219 18.0890350341797 18.2856063842773 18.4743556976318 18.6448097229004 18.7970180511475 18.9065036773682 18.9851551055908 19.0458106994629 19.0883159637451 19.1105098724365 19.1052646636963 19.0646553039551 18.9985294342041 18.9137134552002 18.7979030609131 18.6424770355225 18.4771060943604 18.310209274292 18.1609058380127 18.0281314849854 17.9404296875 17.9368343353271 17.9452018737793 17.973217010498 18.1140460968018 18.3177375793457 18.5572261810303 18.8058853149414 19.0017414093018 19.1643562316895 19.3093299865723 19.417854309082 19.4890041351318 19.541805267334 19.5764122009277 19.6007308959961 19.6126708984375 19.6023998260498 19.5698051452637 19.5138645172119 19.4506893157959 19.3592071533203 19.2347564697266 19.0563335418701
