Ecospace-environmental-drivers/Outputs/ASCII-for-ecospace/Temp-avg/Temp-avg_X2007.03.asc
NCOLS 131 
NROWS 53 
XLLCORNER -98 
YLLCORNER 23.9265270233154 
CELLSIZE 0.133587792515755 
NODATA_value -3.4e+38 
[rows 21 to 41 of 53, columns 0 to 46 of 131]
-3.4e+38 -3.4e+38 -3.4e+38 -3.4e+38 -3.4e+38 -3.4e+38 19.7078857421875 19.6974925994873 19.5840873718262 19.8551330566406 19.2215900421143 18.8033695220947 18.5454730987549 18.4017200469971 18.4562606811523 18.6837673187256 19.0352325439453 19.2565803527832 19.4178161621094 19.5520706176758 19.67844581604 19.8039989471436 19.9176425933838 20.0021095275879 20.0765495300293 20.1379089355469 20.1582088470459 20.1608638763428 20.1369571685791 20.1246719360352 20.2165908813477 20.2924709320068 20.3399486541748 20.3213920593262 20.2840919494629 20.2828521728516 20.3289165496826 20.3591480255127 20.2968482971191 20.2215366363525 20.2210292816162 20.3494358062744 20.4238510131836 20.4130268096924 20.4111747741699 20.454008102417 20.4637546539307
-3.4e+38 -3.4e+38 -3.4e+38 -3.4e+38 -3.4e+38 -3.4e+38 19.8185081481934 19.6076583862305 19.6974925994873 19.199634552002 18.878568649292 18.6855773925781 18.6388721466064 18.7842712402344 19.0454502105713 19.281982421875 19.5118522644043 19.6278495788574 19.6920871734619 19.7890300750732 19.8623104095459 19.9374008178711 19.9877548217773 20.0561904907227 20.1683406829834 20.2318572998047 20.2330188751221 20.2315692901611 20.274486541748 20.2814292907715 20.2942657470703 20.2949142456055 20.3051223754883 20.294620513916 20.2216339111328 20.1940479278564 20.1838817596436 20.1800384521484 20.1139698028564 19.9722862243652 20.0142860412598 20.1481971740723 20.1206607818604 20.2771129608154 20.3242893218994 20.3184070587158 20.2919425964355
-3.4e+38 -3.4e+38 -3.4e+38 -3.4e+38 19.8940105438232 19.8714618682861 19.7026958465576 19.8185081481934 19.3069763183594 19.03049659729 18.8507671356201 18.9518356323242 19.3027610778809 19.6297473907471 19.8377571105957 19.9194259643555 19.9247493743896 19.9637031555176 20.007884979248 19.9599361419678 19.8248138427734 19.6325855255127 19.4432163238525 19.2973728179932 19.4477710723877 19.3208789825439 19.4063682556152 19.6254806518555 19.9235000610352 19.8339710235596 20.0552082061768 20.1270618438721 20.1701335906982 19.9404487609863 20.1505813598633 19.9969348907471 19.8066806793213 19.8329429626465 19.6198444366455 18.9365139007568 19.2039089202881 19.2596778869629 19.8038730621338 19.5336647033691 19.8198795318604 19.9066028594971 19.9746952056885
-3.4e+38 -3.4e+38 -3.4e+38 -3.4e+38 19.989559173584 19.8210105895996 19.8714618682861 19.4181175231934 19.1722373962402 19.0694160461426 19.2126178741455 19.5264492034912 19.9120635986328 20.16162109375 20.2505550384521 20.3107147216797 20.3169441223145 19.9727897644043 19.7462863922119 19.2848873138428 18.6447887420654 18.2096328735352 18.2738094329834 18.2255744934082 18.24729347229 18.1803245544434 18.406156539917 18.2448291778564 18.5213947296143 18.4663619995117 18.745210647583 19.2468910217285 19.4334526062012 19.5931339263916 19.8395824432373 19.700984954834 19.8180885314941 19.5855827331543 18.935453414917 18.0396156311035 18.264102935791 18.4648857116699 18.6693897247314 18.5412082672119 18.3862705230713 18.6085777282715 18.2541522979736
-3.4e+38 -3.4e+38 -3.4e+38 -3.4e+38 -3.4e+38 19.989559173584 19.6020126342773 19.2639770507812 19.2246150970459 19.2739849090576 19.5878105163574 19.9756622314453 20.2437362670898 20.2731761932373 20.2314186096191 20.0407314300537 19.315938949585 18.4912090301514 18.3353595733643 18.0013217926025 17.5427417755127 17.4138870239258 17.4394645690918 17.4009609222412 17.499231338501 17.2596664428711 17.3510627746582 17.4042625427246 17.2962112426758 17.3274917602539 17.5225734710693 18.0232830047607 18.3410758972168 19.0519504547119 19.037654876709 19.1374225616455 18.9858779907227 18.3015651702881 17.4377937316895 17.3725929260254 17.8240032196045 17.7900104522705 17.6203117370605 17.6518688201904 17.6557388305664 17.8071632385254 17.4955615997314
-3.4e+38 -3.4e+38 -3.4e+38 -3.4e+38 -3.4e+38 19.8544235229492 19.3543014526367 19.2564373016357 19.340950012207 19.5069561004639 19.8844528198242 20.1901683807373 20.2413311004639 20.0787811279297 19.8008098602295 19.1938705444336 18.2261543273926 17.6142101287842 17.5191421508789 17.1348400115967 16.7882671356201 16.7633323669434 16.7718257904053 16.9519176483154 16.67067527771 16.6890182495117 16.5384483337402 16.3169918060303 16.6187152862549 16.3620777130127 16.952579498291 17.4401626586914 17.9849739074707 18.212890625 17.9222717285156 18.0480937957764 17.7771072387695 17.1078510284424 16.8969917297363 16.7060813903809 17.1420307159424 16.8452987670898 17.1620864868164 17.258373260498 17.2677707672119 17.2685661315918 16.738697052002
-3.4e+38 -3.4e+38 21.7317676544189 21.5453109741211 20.4573535919189 19.6737461090088 19.2763023376465 19.2834701538086 19.4369316101074 19.6996383666992 20.0169010162354 20.1696872711182 20.0877056121826 19.7336330413818 18.9363079071045 18.4770240783691 17.7865867614746 17.0011463165283 16.6752128601074 16.6360149383545 16.648078918457 16.6480445861816 16.6076374053955 16.5239849090576 16.4302101135254 16.3735980987549 16.0873489379883 16.0047836303711 16.1097755432129 16.3404064178467 16.7914943695068 17.0073108673096 17.2315902709961 17.2743721008301 17.2843112945557 17.1000671386719 16.9673938751221 16.9273662567139 16.7095375061035 16.5310230255127 16.6553764343262 16.5754718780518 16.4549083709717 16.4282722473145 16.5803546905518 16.585111618042 16.3605461120605
-339999999999999996128486808808066248288.000000000000000 -3.4e+38 -3.4e+38 -3.4e+38 21.3588542938232 19.6679725646973 19.269100189209 19.3202896118164 19.4948501586914 19.7732257843018 20.03151512146 20.1041965484619 19.758150100708 18.8964290618896 18.3996887207031 18.0101356506348 17.2378597259521 16.7637195587158 16.6431446075439 16.6124725341797 16.6695747375488 16.613697052002 16.5953540802002 16.5465869903564 16.5010547637939 16.3692989349365 16.0964279174805 16.1739120483398 15.9985027313232 16.1792583465576 16.3908500671387 16.3203086853027 16.7626647949219 16.9190082550049 16.8971328735352 16.7450790405273 16.5990676879883 16.4602279663086 16.4480628967285 16.370698928833 16.2384376525879 16.2596607208252 16.1414394378662 16.1559162139893 16.1214714050293 16.1501960754395 16.1906433105469
-3.4e+38 -3.4e+38 -3.4e+38 -3.4e+38 21.0490989685059 19.5851650238037 19.2825050354004 19.2955741882324 19.4861068725586 19.7515506744385 20.021858215332 19.9931354522705 19.3087959289551 18.3803443908691 17.8015670776367 17.4262046813965 17.2761478424072 16.8853073120117 16.6463813781738 16.6548099517822 16.4771823883057 16.3396549224854 16.326099395752 16.2665004730225 16.1743469238281 16.1822071075439 15.9632806777954 15.9438848495483 15.801326751709 16.1621036529541 16.250036239624 16.2745380401611 16.15016746521 16.3201789855957 16.2781238555908 16.0287456512451 16.1636753082275 16.1343193054199 16.0832767486572 16.0603809356689 16.0694923400879 16.0704212188721 16.001558303833 15.8328742980957 15.9995632171631 15.8648471832275 15.8909616470337
-3.4e+38 -3.4e+38 -3.4e+38 -3.4e+38 20.924337387085 19.7271175384521 19.3497714996338 19.3166255950928 19.4579296112061 19.710147857666 20.022590637207 19.7357234954834 18.6387729644775 18.0160121917725 17.3963584899902 17.1870365142822 16.8293399810791 16.6771373748779 16.2931327819824 16.2805347442627 16.1272850036621 16.2211437225342 16.2781734466553 16.2015285491943 15.9476165771484 15.9886989593506 16.0721015930176 15.6909475326538 15.665714263916 15.8623628616333 16.1528873443604 15.9364109039307 15.8352861404419 15.8759841918945 15.813138961792 15.8320045471191 15.8636980056763 15.9364023208618 15.9444894790649 16.0132598876953 15.9194641113281 15.8592653274536 15.7997760772705 15.8569803237915 15.7844572067261 15.8316278457642 15.8680067062378
-3.4e+38 -3.4e+38 -3.4e+38 -3.4e+38 22.0363712310791 20.1113414764404 19.5557136535645 19.3981990814209 19.4187717437744 19.6237487792969 19.9560089111328 19.6631965637207 18.5013637542725 17.8705978393555 17.1381359100342 16.4623336791992 16.3701076507568 16.3324222564697 16.2057056427002 15.9652519226074 15.9144296646118 15.9100894927979 16.0921726226807 16.0744934082031 15.9527292251587 15.9476156234741 16.1561222076416 16.0490646362305 15.7093553543091 15.7890710830688 15.6232318878174 15.5137825012207 15.6178398132324 15.6037559509277 15.6251516342163 15.6668949127197 15.7168464660645 15.7331256866455 15.6322774887085 15.6013622283936 15.6747846603394 15.7429218292236 15.8036518096924 15.8237447738647 15.7763862609863 15.7865734100342 15.8321599960327
-3.4e+38 -3.4e+38 -3.4e+38 -3.4e+38 22.0270576477051 20.478889465332 19.8839740753174 19.7140636444092 19.4442672729492 19.5062961578369 19.8314628601074 19.9492015838623 18.7658920288086 17.7113151550293 17.065746307373 16.263090133667 16.0399971008301 16.1113376617432 16.0976085662842 15.8225784301758 15.8233118057251 15.8054094314575 15.7588319778442 15.7007303237915 15.9483556747437 15.8964710235596 15.8678512573242 15.8171081542969 15.758638381958 15.7473783493042 15.4820928573608 15.6090698242188 15.6164798736572 15.4512462615967 15.338794708252 15.4188356399536 15.364236831665 15.4136743545532 15.4747924804688 15.5402908325195 15.6065082550049 15.7045660018921 15.570855140686 15.8670558929443 15.8726501464844 15.7889738082886 15.763840675354
-3.4e+38 -3.4e+38 -3.4e+38 -3.4e+38 22.0701732635498 20.9855442047119 20.2067985534668 19.9642219543457 19.7697448730469 19.516637802124 19.717981338501 20.0641765594482 19.2913627624512 17.5828285217285 16.7023029327393 16.2701587677002 16.0163059234619 16.0244064331055 15.8709125518799 15.7363195419312 15.7267255783081 15.7004919052124 15.6612777709961 15.6131153106689 15.5481548309326 15.3268556594849 15.3331985473633 15.4670667648315 15.4439630508423 15.4969348907471 15.4433288574219 15.5433864593506 15.4440259933472 15.3752489089966 15.3788909912109 15.3738346099854 15.3726291656494 15.3988208770752 15.4532709121704 15.3833303451538 15.5452585220337 15.5767917633057 15.5428428649902 15.5736618041992 15.7463617324829 15.9178695678711 15.7305135726929
-3.4e+38 -3.4e+38 -3.4e+38 -3.4e+38 -3.4e+38 20.8478660583496 20.5508346557617 20.1857013702393 20.0294551849365 19.6830272674561 19.678352355957 20.0229244232178 19.7747669219971 17.724666595459 16.7105102539062 16.2656364440918 16.0513496398926 15.9712219238281 15.8003740310669 15.6594514846802 15.653058052063 15.6331510543823 15.6018667221069 15.5662984848022 15.5179357528687 15.1874322891235 15.2469749450684 15.4771070480347 15.458477973938 15.4499225616455 15.4352970123291 15.4327058792114 15.4415283203125 15.4290399551392 15.2980756759644 15.4114580154419 15.4488258361816 15.4524765014648 15.4801149368286 15.5192108154297 15.4708204269409 15.4409580230713 15.5643606185913 15.8959627151489 15.7689075469971 15.7943449020386 15.6723041534424
-3.4e+38 -3.4e+38 -3.4e+38 -3.4e+38 -3.4e+38 22.6941699981689 20.8588638305664 20.3995170593262 20.2341041564941 19.850061416626 19.7234878540039 19.9960899353027 19.778923034668 17.7738704681396 16.7619800567627 16.14475440979 16.1342124938965 15.9214153289795 15.7839202880859 15.6382122039795 15.6107969284058 15.5531139373779 15.3359622955322 15.3902740478516 15.2817373275757 14.9633817672729 15.0376634597778 15.2045783996582 15.1784687042236 15.3473377227783 15.4669542312622 15.4961538314819 15.5173034667969 15.5128583908081 15.0838489532471 15.2298355102539 15.5029764175415 15.5640640258789 15.5745792388916 15.6041707992554 15.6687088012695 15.4990129470825 15.5600061416626 15.7652158737183 15.8656892776489 15.8461265563965 15.8407955169678
-3.4e+38 -3.4e+38 -3.4e+38 -3.4e+38 -3.4e+38 22.7572498321533 21.0581951141357 20.5269794464111 20.3949012756348 20.0890007019043 19.8835315704346 20.0172328948975 19.4841194152832 17.4974460601807 16.4728736877441 16.0195331573486 16.1073760986328 16.0636520385742 15.627311706543 15.6362810134888 15.6638212203979 15.4853096008301 15.2867593765259 15.1018323898315 14.9693984985352 14.9740686416626 14.9832439422607 15.0211973190308 15.0490531921387 14.965612411499 14.9751720428467 15.0178213119507 15.1697340011597 15.2086610794067 15.0310373306274 15.0728216171265 15.2724151611328 15.4668836593628 15.4404516220093 15.4905309677124 15.5002946853638 15.5832529067993 15.6968870162964 15.8011608123779 15.876763343811 15.9251289367676 15.9119310379028
-3.4e+38 -3.4e+38 -3.4e+38 -3.4e+38 -3.4e+38 -3.4e+38 21.206787109375 20.646333694458 20.5426597595215 20.2822780609131 20.0099315643311 19.97922706604 19.4495658874512 17.5668067932129 16.4063339233398 16.0026073455811 16.3536052703857 16.1272640228271 15.6442384719849 15.6536960601807 15.674298286438 15.5048894882202 15.2788686752319 15.0857515335083 14.9415369033813 14.9624586105347 15.0899667739868 15.0087766647339 14.9634141921997 14.9929056167603 15.0247011184692 15.0636510848999 15.0907325744629 15.0916128158569 15.0783252716064 15.0503778457642 15.0621109008789 15.2930326461792 15.5056419372559 15.6093521118164 15.7060375213623 15.7586727142334 15.8195657730103 15.8691339492798 15.8713006973267 15.9589557647705 16.016242980957
-3.4e+38 -3.4e+38 -3.4e+38 -3.4e+38 -3.4e+38 -3.4e+38 21.417293548584 20.7414398193359 20.6172771453857 20.4150886535645 20.1224155426025 19.9523410797119 19.2224197387695 17.5753688812256 16.5900020599365 16.3097019195557 16.670934677124 16.4261703491211 15.8859424591064 15.8000192642212 15.5972986221313 15.5032920837402 15.3552904129028 15.2889051437378 15.202127456665 15.2556667327881 15.2972440719604 15.3303174972534 15.3564710617065 15.3761940002441 15.3936882019043 15.413459777832 15.4150037765503 15.3932952880859 15.3476886749268 15.3017921447754 15.2830104827881 15.2749872207642 15.2779369354248 15.4031972885132 15.5980539321899 15.6985654830933 15.750937461853 15.6805572509766 15.7224435806274 15.7876873016357 15.9530506134033
-3.4e+38 -3.4e+38 -3.4e+38 -3.4e+38 -3.4e+38 -3.4e+38 21.4693431854248 20.7222537994385 20.5719909667969 20.4403285980225 20.1869373321533 19.9756202697754 19.2089786529541 17.4648380279541 16.7383880615234 16.5034313201904 16.8682231903076 16.5741539001465 16.3258724212646 16.1355838775635 15.9594917297363 15.8491144180298 15.7502536773682 15.7260360717773 15.7315807342529 15.7284460067749 15.719090461731 15.7095642089844 15.6957702636719 15.6901979446411 15.6883764266968 15.688775062561 15.6742343902588 15.6458673477173 15.6005334854126 15.5592317581177 15.5174474716187 15.4863929748535 15.4519996643066 15.4292688369751 15.4298753738403 15.4629182815552 15.5184507369995 15.6797637939453 15.6942262649536 15.6347713470459 15.6630764007568
-3.4e+38 -3.4e+38 -3.4e+38 -3.4e+38 -3.4e+38 22.0333213806152 21.1151008605957 20.6297206878662 20.4881210327148 20.4240226745605 20.3910102844238 20.1860160827637 19.3427143096924 17.5610446929932 16.8135738372803 16.7970428466797 17.0669727325439 17.1452827453613 17.0508842468262 16.8068504333496 16.454927444458 16.1334209442139 16.0507869720459 16.0465831756592 16.0424308776855 16.0289287567139 16.0125427246094 15.9938077926636 15.9722757339478 15.9604663848877 15.9423751831055 15.9299793243408 15.9031028747559 15.8816137313843 15.8476047515869 15.8136568069458 15.770622253418 15.7249050140381 15.6717901229858 15.6285953521729 15.5956373214722 15.584888458252 15.5909013748169 15.6168394088745 15.6535491943359 15.6956491470337 15.7325077056885
-3.4e+38 -3.4e+38 -3.4e+38 -3.4e+38 22.1570472717285 21.7910175323486 20.7611865997314 20.527156829834 20.4456901550293 20.4091644287109 20.4619655609131 20.4399566650391 19.3786182403564 17.7690391540527 17.3531036376953 17.5342903137207 17.7614498138428 17.6720390319824 17.3970813751221 17.1488609313965 16.5276374816895 16.2896461486816 16.2850322723389 16.2866191864014 16.2803382873535 16.2703247070312 16.2568359375 16.2314720153809 16.2136917114258 16.1930198669434 16.1704578399658 16.1337394714355 16.1040191650391 16.0761432647705 16.0479564666748 16.0110378265381 15.9719657897949 15.9366655349731 15.8862447738647 15.8284168243408 15.7869558334351 15.76389503479 15.7591114044189 15.7779006958008 15.8053941726685 15.8438024520874 15.8788547515869
