Ecospace-environmental-drivers/Outputs/ASCII-for-ecospace/Temp-avg/Temp-avg_X2017.08.asc
NCOLS 131 
NROWS 53 
XLLCORNER -98 
YLLCORNER 23.9265270233154 
CELLSIZE 0.133587792515755 
NODATA_value -3.4e+38 
[rows 0 to 20 of 53, columns 47 to 93 of 131]
-3.4e+38 -3.4e+38 -3.4e+38 -3.4e+38 -3.4e+38 -3.4e+38 -3.4e+38 -3.4e+38 -3.4e+38 -3.4e+38 -3.4e+38 -3.4e+38 -3.4e+38 -3.4e+38 -3.4e+38 -3.4e+38 -3.4e+38 -3.4e+38 -3.4e+38 -3.4e+38 -3.4e+38 -3.4e+38 -3.4e+38 -3.4e+38 -3.4e+38 -3.4e+38 -3.4e+38 -3.4e+38 -3.4e+38 -3.4e+38 -3.4e+38 -3.4e+38 -3.4e+38 -3.4e+38 -3.4e+38 -3.4e+38 -3.4e+38 -3.4e+38 -3.4e+38 -3.4e+38 -3.4e+38 -3.4e+38 -3.4e+38 -3.4e+38 -3.4e+38 -3.4e+38 -3.4e+38
-3.4e+38 -3.4e+38 -3.4e+38 -3.4e+38 -3.4e+38 -3.4e+38 -3.4e+38 -3.4e+38 -3.4e+38 -3.4e+38 -3.4e+38 -3.4e+38 -3.4e+38 -3.4e+38 -3.4e+38 -3.4e+38 -3.4e+38 -3.4e+38 -3.4e+38 -3.4e+38 -3.4e+38 -3.4e+38 -3.4e+38 -3.4e+38 -3.4e+38 -3.4e+38 -3.4e+38 -3.4e+38 -3.4e+38 -3.4e+38 -3.4e+38 -3.4e+38 -3.4e+38 -3.4e+38 -3.4e+38 -3.4e+38 -3.4e+38 -3.4e+38 -3.4e+38 -3.4e+38 -3.4e+38 -3.4e+38 -3.4e+38 -3.4e+38 -3.4e+38 -3.4e+38 -3.4e+38
-3.4e+38 -3.4e+38 -3.4e+38 -3.4e+38 -3.4e+38 -3.4e+38 -3.4e+38 -3.4e+38 -3.4e+38 -3.4e+38 -3.4e+38 -3.4e+38 -3.4e+38 -3.4e+38 -3.4e+38 -3.4e+38 -3.4e+38 -3.4e+38 -3.4e+38 -3.4e+38 -3.4e+38 -3.4e+38 -3.4e+38 -3.4e+38 -3.4e+38 -3.4e+38 -3.4e+38 29.1640224456787 29.1725654602051 -3.4e+38 -3.4e+38 -3.4e+38 -3.4e+38 -3.4e+38 -3.4e+38 -3.4e+38 -3.4e+38 -3.4e+38 -3.4e+38 -3.4e+38 -3.4e+38 -3.4e+38 -3.4e+38 -3.4e+38 -3.4e+38 -3.4e+38 -3.4e+38
-3.4e+38 -3.4e+38 -3.4e+38 -3.4e+38 -3.4e+38 -3.4e+38 -3.4e+38 -3.4e+38 -3.4e+38 -3.4e+38 -3.4e+38 -3.4e+38 -3.4e+38 -3.4e+38 -3.4e+38 -3.4e+38 -3.4e+38 -3.4e+38 -3.4e+38 -3.4e+38 -3.4e+38 -3.4e+38 -3.4e+38 -3.4e+38 -3.4e+38 -3.4e+38 -3.4e+38 29.1603870391846 29.2011432647705 -3.4e+38 -3.4e+38 -3.4e+38 -3.4e+38 -3.4e+38 -3.4e+38 -3.4e+38 -3.4e+38 -3.4e+38 -3.4e+38 -3.4e+38 -3.4e+38 -3.4e+38 -3.4e+38 -3.4e+38 -3.4e+38 -3.4e+38 -3.4e+38
-3.4e+38 -3.4e+38 -3.4e+38 -3.4e+38 -3.4e+38 -3.4e+38 -3.4e+38 -3.4e+38 -3.4e+38 28.4859046936035 28.4859046936035 28.4916229248047 28.5507774353027 -3.4e+38 -3.4e+38 -3.4e+38 -3.4e+38 -3.4e+38 28.9839916229248 29.0224494934082 29.0589847564697 29.1154956817627 29.211498260498 29.2409610748291 29.3326835632324 29.3385715484619 29.3649635314941 29.2387275695801 29.3198165893555 29.4655933380127 -3.4e+38 -3.4e+38 29.6555213928223 29.6507701873779 29.6976222991943 29.6867179870605 29.5618534088135 29.5892505645752 29.6171016693115 29.4898071289062 29.5602531433105 29.5632095336914 -3.4e+38 -3.4e+38 -3.4e+38 -3.4e+38 -3.4e+38
-3.4e+38 -3.4e+38 -3.4e+38 -3.4e+38 -3.4e+38 -3.4e+38 -3.4e+38 -3.4e+38 28.4859046936035 28.4859046936035 28.4859046936035 28.4859046936035 28.4973411560059 28.5626411437988 28.6572265625 -3.4e+38 28.816291809082 28.8975811004639 28.9657363891602 29.0501976013184 29.2576675415039 29.4064693450928 29.3650970458984 29.4250984191895 29.4465560913086 29.5087604522705 29.536039352417 29.5117340087891 29.5347366333008 29.4691295623779 29.5608291625977 29.6484813690186 29.7000198364258 29.6180610656738 29.5873756408691 29.5462207794189 29.5521640777588 29.5411930084229 29.5362339019775 29.5323085784912 29.5127143859863 29.5553874969482 29.6244869232178 29.7328243255615 -3.4e+38 -3.4e+38 -3.4e+38
-3.4e+38 -3.4e+38 -3.4e+38 -3.4e+38 -3.4e+38 -3.4e+38 -3.4e+38 -3.4e+38 28.4976005554199 28.4859046936035 28.4859046936035 28.4859046936035 28.4859046936035 28.5087757110596 28.5986557006836 28.6572265625 28.7525596618652 28.957799911499 28.9802951812744 29.2474689483643 29.4195232391357 29.5757541656494 29.5427055358887 29.4793319702148 29.483678817749 29.523868560791 29.5762672424316 29.6103630065918 29.6089649200439 29.5761489868164 29.5829772949219 29.5310764312744 29.49831199646 29.4601306915283 29.4416675567627 29.1369705200195 28.689920425415 29.0073680877686 29.2569446563721 29.2969875335693 29.3214912414551 29.4012775421143 29.4978828430176 29.5578117370605 29.6791934967041 29.6836090087891 -3.4e+38
-3.4e+38 -3.4e+38 -3.4e+38 -3.4e+38 -3.4e+38 -3.4e+38 -3.4e+38 -3.4e+38 -3.4e+38 -3.4e+38 28.4859046936035 28.4859046936035 28.4859046936035 -3.4e+38 28.5316467285156 28.7198486328125 28.8170585632324 28.9423198699951 29.0389041900635 29.23583984375 29.3129901885986 29.5639991760254 29.7185535430908 29.4452381134033 29.380615234375 29.4378490447998 29.5272159576416 29.570743560791 29.5727844238281 29.4894847869873 29.4300098419189 29.4008350372314 29.3975048065186 29.1683864593506 28.6610946655273 27.2227745056152 26.8230953216553 27.3801975250244 28.2889766693115 28.6180553436279 28.8787250518799 29.2201042175293 29.4108009338379 29.4773235321045 29.5495109558105 29.6675262451172 29.8382034301758
-3.4e+38 -3.4e+38 -3.4e+38 -3.4e+38 -3.4e+38 -3.4e+38 -3.4e+38 -3.4e+38 -3.4e+38 -3.4e+38 -3.4e+38 -3.4e+38 -3.4e+38 -3.4e+38 28.5326271057129 28.769115447998 28.9299049377441 28.993335723877 29.1065883636475 29.1485347747803 29.2060489654541 29.5036506652832 29.6972808837891 29.4773101806641 29.3145751953125 29.3347091674805 29.3172225952148 29.2919216156006 29.3312187194824 29.2899971008301 29.2272720336914 29.135913848877 29.0115051269531 28.0299644470215 26.6907596588135 26.0444679260254 26.1611080169678 26.6839714050293 27.1598587036133 27.9263401031494 28.4250316619873 28.9878787994385 29.2872066497803 29.4052085876465 29.5128860473633 29.4994411468506 29.654369354248
28.8754482269287 -3.4e+38 -3.4e+38 -3.4e+38 -3.4e+38 -3.4e+38 -3.4e+38 -3.4e+38 -3.4e+38 -3.4e+38 28.8997039794922 28.8016796112061 -3.4e+38 -3.4e+38 -3.4e+38 28.9483470916748 29.1450271606445 29.1226234436035 29.1539859771729 29.2195320129395 29.3348369598389 29.6751594543457 29.6549186706543 29.4557418823242 29.0845909118652 28.9533920288086 28.9618282318115 29.0203113555908 29.0121803283691 28.9555358886719 28.9384918212891 28.7252597808838 28.0515155792236 26.0469303131104 25.3864860534668 25.4688758850098 25.7378063201904 25.97727394104 26.3103103637695 26.8368835449219 27.7327289581299 28.8655681610107 29.1671600341797 29.3254413604736 29.4220199584961 29.453971862793 29.4870262145996
28.9253387451172 28.8968849182129 -3.4e+38 -3.4e+38 -3.4e+38 -3.4e+38 -3.4e+38 -3.4e+38 -3.4e+38 -3.4e+38 29.0604038238525 29.1319999694824 29.1174545288086 -3.4e+38 -3.4e+38 29.1419315338135 29.1530361175537 29.149621963501 29.2667827606201 29.4010906219482 29.7060546875 29.7395191192627 29.6405715942383 29.3460884094238 28.6767997741699 28.6751861572266 28.8029403686523 28.6713523864746 28.7829704284668 28.7082920074463 28.4957599639893 27.9718227386475 27.0217742919922 24.7735080718994 24.3771152496338 24.4942436218262 24.8546886444092 25.1158599853516 25.516487121582 25.9860973358154 26.8274078369141 28.0190505981445 28.8463554382324 29.2792377471924 29.4143772125244 29.4661979675293 29.4748458862305
29.0140228271484 28.9226722717285 28.8297138214111 28.9728183746338 -3.4e+38 -3.4e+38 -3.4e+38 -3.4e+38 -3.4e+38 -3.4e+38 -3.4e+38 29.1246738433838 29.2531394958496 29.1174545288086 29.4141025543213 29.377950668335 29.2856884002686 29.48459815979 29.5878410339355 29.8025016784668 29.8071975708008 29.6513042449951 29.3436164855957 28.3930892944336 28.0928497314453 28.1001205444336 28.216423034668 28.2365608215332 28.0413475036621 27.8652324676514 27.5477924346924 26.5183067321777 24.3486213684082 23.3067531585693 22.897762298584 22.766902923584 23.1445083618164 23.8644046783447 24.4867668151855 25.0821018218994 25.7883682250977 26.8290004730225 28.2457962036133 29.0622653961182 29.3795013427734 29.53928565979 29.5389518737793
29.5147724151611 29.3148250579834 29.1333179473877 28.9554233551025 -3.4e+38 -3.4e+38 -3.4e+38 -3.4e+38 29.0059566497803 28.9921970367432 29.073263168335 29.2732276916504 29.1760845184326 29.465877532959 29.9311485290527 29.7823524475098 29.7709808349609 29.9499073028564 29.8939476013184 29.7340354919434 29.3941097259521 28.8357086181641 28.1615924835205 27.8929786682129 27.7577705383301 27.64577293396 27.1614055633545 26.4474430084229 26.1620903015137 25.7641372680664 24.4507808685303 22.927677154541 21.960506439209 21.9059619903564 21.7401103973389 21.5985317230225 22.5964393615723 22.9329376220703 23.539421081543 24.2376708984375 24.8823299407959 25.625732421875 26.786153793335 28.052806854248 28.6991062164307 29.052282333374 29.2576580047607
29.6725578308105 29.6464824676514 29.5503444671631 29.3538093566895 29.2067317962646 29.2064762115479 29.1695079803467 29.1470947265625 29.1344356536865 29.1919345855713 29.244966506958 29.1651840209961 29.7066402435303 30.0167503356934 29.7930908203125 29.9074516296387 29.994384765625 30.0038604736328 29.8510856628418 29.3273181915283 29.0174655914307 27.7874279022217 27.5305786132812 26.8207817077637 25.7629699707031 25.3583679199219 24.5387382507324 23.5188732147217 22.5806674957275 21.5101699829102 20.4845676422119 19.9758338928223 19.959342956543 20.6852684020996 20.9664268493652 21.4893951416016 22.3077545166016 22.7706871032715 23.2376651763916 23.7421970367432 24.347074508667 24.8806610107422 25.4824066162109 26.1389198303223 27.0393199920654 27.8408184051514 28.5999851226807
29.8157558441162 29.7671031951904 29.6989269256592 29.6100749969482 29.5189590454102 29.5475959777832 29.5047225952148 29.5031204223633 29.6199722290039 29.7728576660156 29.8882083892822 30.0351028442383 29.8685321807861 29.4801082611084 29.1091575622559 29.2141952514648 29.471658706665 29.9397430419922 30.0922164916992 29.3438873291016 27.815559387207 26.3505268096924 25.8392200469971 24.3911933898926 23.366720199585 22.6296653747559 21.2320232391357 20.5159912109375 20.0285987854004 19.5674514770508 19.3895702362061 19.3033294677734 19.394739151001 19.9463653564453 20.6370124816895 21.583854675293 22.1610355377197 22.7627449035645 22.9863147735596 23.5046215057373 24.0073719024658 24.518590927124 24.9773559570312 25.4240856170654 25.9464302062988 26.471752166748 27.8530082702637
29.8109550476074 29.8349170684814 29.853006362915 29.8159523010254 29.8358840942383 29.8947467803955 29.9488945007324 29.9992237091064 30.042085647583 29.9944896697998 29.8808040618896 29.6371002197266 29.305477142334 28.8186492919922 28.3037166595459 27.9545841217041 28.2072238922119 28.9535598754883 28.1090812683105 27.6350917816162 26.0332584381104 24.6580715179443 23.7944965362549 22.8307819366455 21.6202449798584 20.7436809539795 20.3498306274414 19.8508644104004 19.6196174621582 19.4375896453857 19.2684669494629 19.1470375061035 19.3663578033447 19.9831523895264 20.8199253082275 21.6293811798096 22.1518096923828 22.5341472625732 22.8004684448242 23.3248100280762 23.8366775512695 24.0975093841553 24.5281238555908 24.9846534729004 25.5166721343994 25.7672843933105 26.4395332336426
29.7839622497559 29.8123779296875 29.8690776824951 29.9508304595947 29.9838581085205 30.019359588623 30.0181522369385 29.9941997528076 29.9457702636719 29.873441696167 29.6304969787598 29.2121849060059 28.7878894805908 28.2191486358643 27.8221683502197 27.5601940155029 27.3882007598877 27.2496719360352 26.4317378997803 25.2809314727783 23.7578411102295 22.3620491027832 21.5414772033691 20.9836044311523 20.4784355163574 20.2537536621094 20.1043319702148 19.7945880889893 19.6364116668701 19.4296607971191 19.1679286956787 19.3047027587891 19.7015132904053 20.1880893707275 20.9003105163574 21.5070934295654 22.0601749420166 22.3400993347168 22.7220249176025 23.0705146789551 23.4989948272705 23.8740520477295 24.231632232666 24.5479412078857 24.9389152526855 25.457576751709 25.7444763183594
29.540096282959 29.5893383026123 29.6903591156006 29.8176746368408 29.9428558349609 29.9793529510498 29.9895286560059 29.9712886810303 29.8910045623779 29.6591701507568 29.1887035369873 28.249002456665 26.5862617492676 25.6439533233643 26.2328910827637 26.964054107666 26.9662303924561 26.6074714660645 25.9858703613281 24.0049724578857 22.0447483062744 20.829906463623 20.5763759613037 20.1742362976074 19.9879875183105 19.8866710662842 19.938138961792 19.7631568908691 19.4803276062012 19.4326438903809 19.3630294799805 19.6152458190918 19.9775524139404 20.3557167053223 20.9043121337891 21.4758834838867 21.8186492919922 22.1748313903809 22.501184463501 22.7698783874512 23.2134571075439 23.6547470092773 23.8618354797363 24.2735557556152 24.6918144226074 25.0285511016846 25.3768272399902
28.7182006835938 28.8445472717285 28.9497089385986 29.1289978027344 29.2787914276123 29.3356838226318 29.42307472229 29.3033084869385 29.0287265777588 28.6526203155518 28.267261505127 27.7901859283447 26.6435451507568 24.3002014160156 23.5058689117432 24.1950397491455 24.6380939483643 25.1355075836182 24.6120624542236 23.3529834747314 22.0794143676758 20.9919185638428 20.3888931274414 20.0963020324707 19.9834213256836 20.0008373260498 19.636079788208 19.6158103942871 19.5836963653564 19.5536575317383 19.3865661621094 19.5397911071777 20.0026798248291 20.4440307617188 20.7528839111328 21.3191356658936 21.5590324401855 21.8485298156738 22.158935546875 22.5148124694824 22.7874927520752 23.0661926269531 23.5519123077393 23.8778133392334 24.2960453033447 24.6915550231934 25.056734085083
27.9619731903076 27.9185695648193 27.9839992523193 28.0434722900391 28.2639102935791 28.4195346832275 28.3635654449463 28.3304061889648 28.1713256835938 27.9319858551025 27.6297588348389 27.4023761749268 27.0312099456787 25.3074207305908 23.6165256500244 22.2829818725586 22.3859920501709 22.9409828186035 23.0639095306396 22.3567714691162 21.0913181304932 20.7853736877441 20.4719696044922 20.1977214813232 20.1282768249512 20.0557956695557 19.6787986755371 19.6674137115479 19.6518421173096 19.6338291168213 19.2890739440918 19.2028903961182 19.6333847045898 20.1525592803955 20.5028228759766 20.8157653808594 21.0598316192627 21.3940372467041 21.7725105285645 22.0008525848389 22.2736053466797 22.6547584533691 22.9389953613281 23.3081378936768 23.71799659729 24.1755046844482 24.579683303833
27.4069747924805 27.3562965393066 27.4042377471924 27.45241355896 27.4995079040527 27.5717716217041 27.5694541931152 27.4588165283203 27.3642406463623 27.3494472503662 27.076452255249 26.9590797424316 26.3248653411865 25.2481689453125 23.4814510345459 21.8275279998779 21.3036823272705 21.5943565368652 21.9277095794678 21.2080402374268 20.9767608642578 20.5497016906738 20.1731758117676 20.1697978973389 20.1655883789062 20.0005264282227 19.6757373809814 19.6836280822754 19.6753368377686 19.6717796325684 19.3333702087402 19.15283203125 19.0592174530029 19.1706218719482 19.5538101196289 19.8127288818359 19.944450378418 20.4280776977539 21.0045852661133 21.3040904998779 21.5436344146729 21.9171333312988 22.2035789489746 22.5380706787109 22.8097820281982 23.3793621063232 23.7447643280029
