Ecospace-environmental-drivers/Outputs/ASCII-for-ecospace/Temp-avg/Temp-avg_X2006.07.asc
NCOLS 131 
NROWS 53 
XLLCORNER -98 
YLLCORNER 23.9265270233154 
CELLSIZE 0.133587792515755 
NODATA_value -3.4e+38 
[rows 0 to 20 of 53, columns 47 to 93 of 131]
-3.4e+38 -3.4e+38 -3.4e+38 -3.4e+38 -3.4e+38 -3.4e+38 -3.4e+38 -3.4e+38 -3.4e+38 -3.4e+38 -3.4e+38 -3.4e+38 -3.4e+38 -3.4e+38 -3.4e+38 -3.4e+38 -3.4e+38 -3.4e+38 -3.4e+38 -3.4e+38 -3.4e+38 -3.4e+38 -3.4e+38 -3.4e+38 -3.4e+38 -3.4e+38 -3.4e+38 -3.4e+38 -3.4e+38 -3.4e+38 -3.4e+38 -3.4e+38 -3.4e+38 -3.4e+38 -3.4e+38 -3.4e+38 -3.4e+38 -3.4e+38 -3.4e+38 -3.4e+38 -3.4e+38 -3.4e+38 -3.4e+38 -3.4e+38 -3.4e+38 -3.4e+38 -3.4e+38
-3.4e+38 -3.4e+38 -3.4e+38 -3.4e+38 -3.4e+38 -3.4e+38 -3.4e+38 -3.4e+38 -3.4e+38 -3.4e+38 -3.4e+38 -3.4e+38 -3.4e+38 -3.4e+38 -3.4e+38 -3.4e+38 -3.4e+38 -3.4e+38 -3.4e+38 -3.4e+38 -3.4e+38 -3.4e+38 -3.4e+38 -3.4e+38 -3.4e+38 -3.4e+38 -3.4e+38 -3.4e+38 -3.4e+38 -3.4e+38 -3.4e+38 -3.4e+38 -3.4e+38 -3.4e+38 -3.4e+38 -3.4e+38 -3.4e+38 -3.4e+38 -3.4e+38 -3.4e+38 -3.4e+38 -3.4e+38 -3.4e+38 -3.4e+38 -3.4e+38 -3.4e+38 -3.4e+38
-3.4e+38 -3.4e+38 -3.4e+38 -3.4e+38 -3.4e+38 -3.4e+38 -3.4e+38 -3.4e+38 -3.4e+38 -3.4e+38 -3.4e+38 -3.4e+38 -3.4e+38 -3.4e+38 -3.4e+38 -3.4e+38 -3.4e+38 -3.4e+38 -3.4e+38 -3.4e+38 -3.4e+38 -3.4e+38 -3.4e+38 -3.4e+38 -3.4e+38 -3.4e+38 -3.4e+38 32.2548408508301 32.2782020568848 -3.4e+38 -3.4e+38 -3.4e+38 -3.4e+38 -3.4e+38 -3.4e+38 -3.4e+38 -3.4e+38 -3.4e+38 -3.4e+38 -3.4e+38 -3.4e+38 -3.4e+38 -3.4e+38 -3.4e+38 -3.4e+38 -3.4e+38 -3.4e+38
-3.4e+38 -3.4e+38 -3.4e+38 -3.4e+38 -3.4e+38 -3.4e+38 -3.4e+38 -3.4e+38 -3.4e+38 -3.4e+38 -3.4e+38 -3.4e+38 -3.4e+38 -3.4e+38 -3.4e+38 -3.4e+38 -3.4e+38 -3.4e+38 -3.4e+38 -3.4e+38 -3.4e+38 -3.4e+38 -3.4e+38 -3.4e+38 -3.4e+38 -3.4e+38 -3.4e+38 32.2144203186035 32.1802062988281 -3.4e+38 -3.4e+38 -3.4e+38 -3.4e+38 -3.4e+38 -3.4e+38 -3.4e+38 -3.4e+38 -3.4e+38 -3.4e+38 -3.4e+38 -3.4e+38 -3.4e+38 -3.4e+38 -3.4e+38 -3.4e+38 -3.4e+38 -3.4e+38
-3.4e+38 -3.4e+38 -3.4e+38 -3.4e+38 -3.4e+38 -3.4e+38 -3.4e+38 -3.4e+38 -3.4e+38 32.7038803100586 32.7038803100586 32.700553894043 32.6510238647461 -3.4e+38 -3.4e+38 -3.4e+38 -3.4e+38 -3.4e+38 32.2710571289062 32.229248046875 32.2226066589355 32.2302207946777 32.2135009765625 32.3554725646973 32.3784790039062 32.3812484741211 32.2616348266602 32.1568412780762 32.302864074707 32.6758651733398 -3.4e+38 -3.4e+38 30.7475280761719 30.4526786804199 30.7680950164795 30.1227836608887 29.7227592468262 30.1663627624512 30.26003074646 29.6692600250244 29.9242343902588 29.8021392822266 -3.4e+38 -3.4e+38 -3.4e+38 -3.4e+38 -3.4e+38
-3.4e+38 -3.4e+38 -3.4e+38 -3.4e+38 -3.4e+38 -3.4e+38 -3.4e+38 -3.4e+38 32.7038803100586 32.7038803100586 32.7038803100586 32.7038803100586 32.6972236633301 32.6443214416504 32.558666229248 -3.4e+38 32.4717407226562 32.4448928833008 32.2769317626953 32.1331558227539 31.9887523651123 31.9003582000732 31.9572925567627 31.9454097747803 31.9342994689941 31.8810081481934 31.8975639343262 32.0818405151367 32.4060020446777 32.6419372558594 31.3694553375244 31.0565757751465 30.910701751709 30.2753086090088 29.8566074371338 29.542537689209 29.6163082122803 29.5556907653809 29.434757232666 29.4197864532471 29.4543533325195 29.7369747161865 30.0929985046387 30.4930458068848 -3.4e+38 -3.4e+38 -3.4e+38
-3.4e+38 -3.4e+38 -3.4e+38 -3.4e+38 -3.4e+38 -3.4e+38 -3.4e+38 -3.4e+38 32.7103385925293 32.7038803100586 32.7038803100586 32.7038803100586 32.7038803100586 32.6905670166016 32.6241645812988 32.558666229248 32.4906120300293 32.3927993774414 32.2541084289551 32.1724319458008 31.7188034057617 31.3911914825439 30.8480415344238 30.3322620391846 30.2449035644531 30.1971321105957 30.0650196075439 30.3190059661865 30.4305896759033 30.3271102905273 30.1710395812988 29.7479972839355 29.644905090332 29.4859981536865 29.3452835083008 28.6301002502441 27.8218383789062 28.2517337799072 28.6576309204102 28.6840267181396 28.7279682159424 29.0334815979004 29.3848400115967 29.7061195373535 30.1066417694092 30.2012252807617 -3.4e+38
-3.4e+38 -3.4e+38 -3.4e+38 -3.4e+38 -3.4e+38 -3.4e+38 -3.4e+38 -3.4e+38 -3.4e+38 -3.4e+38 32.7038803100586 32.7038803100586 32.7038803100586 -3.4e+38 32.6772575378418 32.5568542480469 32.5352935791016 32.4959335327148 32.4054489135742 32.23046875 31.858678817749 31.5662746429443 30.4586410522461 29.7263736724854 29.2644996643066 29.3506259918213 29.3933773040771 29.5858039855957 29.6547031402588 29.4532680511475 29.3814373016357 29.3530578613281 29.4083366394043 28.9316654205322 27.9632682800293 25.7325325012207 25.3530559539795 25.984130859375 27.117280960083 27.6044864654541 28.032564163208 28.6384582519531 29.0855178833008 29.235523223877 29.5786037445068 30.1338996887207 30.9857597351074
-3.4e+38 -3.4e+38 -3.4e+38 -3.4e+38 -3.4e+38 -3.4e+38 -3.4e+38 -3.4e+38 -3.4e+38 -3.4e+38 -3.4e+38 -3.4e+38 -3.4e+38 -3.4e+38 32.6792678833008 32.5732498168945 32.5709075927734 32.5404090881348 32.4834976196289 32.393856048584 32.1815719604492 31.8457527160645 30.1304035186768 29.5583744049072 28.6764583587646 28.7686557769775 29.0191402435303 29.0645294189453 29.1150360107422 29.1311225891113 29.1092567443848 29.0017528533936 28.7056674957275 26.8579444885254 25.0940055847168 24.4293022155762 24.5467319488525 25.1576614379883 25.7060070037842 26.5839042663574 27.2339992523193 28.142578125 28.8060264587402 28.9124202728271 29.147876739502 29.4599590301514 30.4017467498779
32.8393287658691 -3.4e+38 -3.4e+38 -3.4e+38 -3.4e+38 -3.4e+38 -3.4e+38 -3.4e+38 -3.4e+38 -3.4e+38 32.9781608581543 32.8782730102539 -3.4e+38 -3.4e+38 -3.4e+38 32.6196098327637 32.6384010314941 32.6562080383301 32.5782661437988 32.4898414611816 32.3690948486328 31.3078861236572 29.7456760406494 29.1948375701904 28.2925472259521 28.4486503601074 28.6774158477783 28.8584632873535 28.888708114624 28.7894668579102 28.7345676422119 28.3017559051514 26.9729957580566 24.4728183746338 23.764217376709 23.8115673065186 24.0763244628906 24.42311668396 24.8933143615723 25.4655380249023 26.4007606506348 27.8423442840576 28.4796409606934 28.8070507049561 29.0860328674316 29.3058032989502 29.8856658935547
32.6539039611816 32.6977348327637 -3.4e+38 -3.4e+38 -3.4e+38 -3.4e+38 -3.4e+38 -3.4e+38 -3.4e+38 -3.4e+38 33.1039276123047 33.0847396850586 33.0526657104492 -3.4e+38 -3.4e+38 32.5882110595703 32.6189117431641 32.7768020629883 32.7435111999512 32.5882339477539 31.9199981689453 30.2371921539307 29.4098320007324 28.7835102081299 28.0423374176025 28.2205410003662 28.4339637756348 28.3009128570557 28.4930973052979 28.366548538208 27.9885730743408 27.1568336486816 25.9432125091553 23.3462829589844 22.8114547729492 22.8724250793457 23.2439918518066 23.6324081420898 24.2478923797607 24.8330211639404 25.6185359954834 26.7710494995117 27.9085483551025 28.763635635376 29.1859531402588 29.3286876678467 29.6955432891846
32.6173095703125 32.6584205627441 32.7861213684082 32.9071617126465 -3.4e+38 -3.4e+38 -3.4e+38 -3.4e+38 -3.4e+38 -3.4e+38 -3.4e+38 33.1064682006836 33.0890350341797 33.0526657104492 32.6970252990723 32.5615386962891 32.9276351928711 33.0054016113281 32.6974678039551 31.9150772094727 30.1883678436279 29.1258659362793 28.8126316070557 27.7248477935791 27.4831962585449 27.6002922058105 27.7027130126953 27.6443328857422 27.4011344909668 27.2322082519531 26.878511428833 25.7192249298096 23.24658203125 22.0503902435303 21.5439853668213 21.4502201080322 21.9024677276611 22.7777404785156 23.5562324523926 24.2356128692627 24.8672542572021 25.670223236084 27.1238384246826 28.3343353271484 29.0663318634033 29.4290618896484 29.5164260864258
32.2900810241699 32.6422996520996 32.866626739502 33.0687408447266 -3.4e+38 -3.4e+38 -3.4e+38 -3.4e+38 33.1619644165039 33.1472549438477 33.0343360900879 32.9300537109375 33.1786041259766 33.0358352661133 32.1113891601562 31.781759262085 32.2854232788086 32.5635719299316 32.368106842041 30.7835426330566 28.6113185882568 27.7480602264404 27.3162117004395 27.3128700256348 27.3380470275879 27.1811618804932 26.5034923553467 25.6575984954834 25.368501663208 24.9695854187012 23.553882598877 21.9668312072754 21.0011444091797 20.9694652557373 20.8255481719971 20.7319030761719 21.8551349639893 22.2905654907227 22.9452819824219 23.6152191162109 24.1982135772705 24.7442874908447 25.5943584442139 26.7688274383545 27.546350479126 27.8805294036865 28.0449390411377
31.9120483398438 32.0713653564453 32.3209075927734 32.6911506652832 32.901969909668 32.8493690490723 32.9239654541016 32.9823341369629 33.0299377441406 32.9732666015625 32.9833526611328 33.0713958740234 32.3825874328613 31.4953384399414 30.7311744689941 31.137186050415 32.0014152526855 32.0773239135742 31.9223346710205 29.9260711669922 28.2781276702881 26.426342010498 26.7815570831299 26.2183227539062 25.0817584991455 24.6050987243652 23.6348285675049 22.5723285675049 21.6625633239746 20.6256141662598 19.6855964660645 19.29514503479 19.4037132263184 20.1874294281006 20.5036754608154 21.0903339385986 21.9680061340332 22.4313945770264 22.9204292297363 23.3124809265137 23.7954082489014 24.2260131835938 24.5856952667236 24.8706645965576 25.5730495452881 26.2534637451172 27.0132446289062
31.7784461975098 31.7657833099365 31.9771423339844 32.400032043457 32.6703033447266 32.7232780456543 32.8424415588379 32.8677749633789 32.7902069091797 32.6695747375488 32.4532623291016 31.498405456543 30.6809692382812 29.9812507629395 29.4511890411377 29.7188453674316 30.3774147033691 32.6405830383301 32.5400924682617 30.4831161499023 26.4181976318359 25.0573596954346 24.7005081176758 23.2903919219971 22.3607177734375 21.655237197876 20.2598819732666 19.5241107940674 19.1158828735352 18.79052734375 18.7297592163086 18.8249206542969 19.1038970947266 19.750509262085 20.4918212890625 21.4753894805908 22.1023941040039 22.7228164672852 22.8609867095947 23.2668495178223 23.6297035217285 24.0536003112793 24.3228225708008 24.4981422424316 24.7609729766846 25.1320934295654 26.5541858673096
31.2438106536865 31.3766632080078 31.5921974182129 31.8792266845703 31.9223937988281 31.835298538208 31.8050155639648 31.7141761779785 31.5602416992188 31.2144927978516 30.8042488098145 30.2745952606201 29.6280097961426 28.9010467529297 28.0090942382812 27.5676746368408 28.1024570465088 29.5444316864014 27.4636611938477 26.4750480651855 24.50537109375 23.0450572967529 22.2939739227295 21.569751739502 20.5063133239746 19.6925182342529 19.3037796020508 18.7996864318848 18.6158275604248 18.5605792999268 18.5925006866455 18.6800689697266 19.1199073791504 19.9032859802246 20.8731327056885 21.8092937469482 22.3913726806641 22.8068618774414 23.0026092529297 23.3789100646973 23.7145366668701 23.8192481994629 24.1490612030029 24.3808822631836 24.6747817993164 24.7541885375977 25.3385734558105
30.6035099029541 30.7758197784424 30.9938087463379 31.2805786132812 31.4621829986572 31.4066066741943 31.2096900939941 31.0197620391846 30.7998123168945 30.5352916717529 30.1545238494873 29.4265632629395 28.6613235473633 27.758279800415 26.9253082275391 26.4297389984131 26.2023448944092 25.8482761383057 24.6986255645752 23.4384078979492 21.9671649932861 20.6808204650879 20.0780048370361 19.7038192749023 19.3312606811523 19.1410694122314 18.9555816650391 18.6375350952148 18.5221138000488 18.4440994262695 18.38503074646 18.7392749786377 19.3310680389404 20.0480823516846 20.9769039154053 21.798469543457 22.4911003112793 22.8549003601074 23.2429656982422 23.4621562957764 23.7093105316162 23.9093647003174 24.1400966644287 24.2709217071533 24.4571933746338 24.8124694824219 24.963041305542
29.5178680419922 29.8140697479248 30.2256126403809 30.5486793518066 30.7532787322998 30.8141784667969 30.7730731964111 30.66672706604 30.4730796813965 30.1620121002197 29.513298034668 27.8692264556885 25.4260787963867 24.1940860748291 24.6883182525635 25.4920959472656 25.3765430450439 24.8665237426758 24.1636199951172 22.1998920440674 20.3696765899658 19.3428344726562 19.1687030792236 18.818042755127 18.7354774475098 18.6938724517822 18.671365737915 18.5000534057617 18.3374977111816 18.3940868377686 18.4594554901123 18.8725643157959 19.4317302703857 20.0721492767334 20.8914012908936 21.7305717468262 22.3083324432373 22.8486194610596 23.2213516235352 23.3814544677734 23.7100849151611 24.0311756134033 24.077392578125 24.2576675415039 24.4385604858398 24.6078510284424 24.8463439941406
27.9014358520508 28.2389907836914 28.5883560180664 29.0845355987549 29.4449901580811 29.6544532775879 29.7928409576416 29.6920013427734 29.4503269195557 28.9319591522217 28.3041725158691 27.3978652954102 25.487829208374 22.5181522369385 21.6386966705322 22.3653831481934 22.7929916381836 23.2652587890625 22.7619571685791 21.5696334838867 20.3781661987305 19.4116916656494 18.8828048706055 18.6352157592773 18.5449600219727 18.6100826263428 18.2980079650879 18.3201808929443 18.3909149169922 18.4687995910645 18.4286060333252 18.7284679412842 19.3600063323975 20.0304336547852 20.6188259124756 21.4923629760742 22.0183124542236 22.5035877227783 22.8794441223145 23.2160530090332 23.4128971099854 23.5729351043701 23.9037284851074 24.0401706695557 24.2566299438477 24.4390106201172 24.6700553894043
26.9410190582275 26.9293994903564 27.0689792633057 27.206672668457 27.695894241333 28.1998176574707 28.3180446624756 28.3709831237793 28.2335529327393 27.9632053375244 27.5739154815674 27.1026401519775 26.0234413146973 23.6339550018311 21.9059963226318 20.6792888641357 20.7697792053223 21.2529010772705 21.361946105957 20.6832523345947 19.4879703521729 19.1667995452881 18.8638706207275 18.6099376678467 18.5757732391357 18.5679874420166 18.2851505279541 18.3485069274902 18.4533557891846 18.5550270080566 18.3215465545654 18.3982830047607 19.0063514709473 19.7278804779053 20.2987670898438 20.8779163360596 21.3892364501953 21.918830871582 22.3962230682373 22.6632747650146 22.8991680145264 23.2136421203613 23.3813171386719 23.6105270385742 23.8777256011963 24.1090431213379 24.3480949401855
26.5357112884521 26.4096355438232 26.4117794036865 26.5239410400391 26.605936050415 26.652717590332 26.7502632141113 26.8731784820557 27.012357711792 27.0670585632324 26.5009326934814 26.1311054229736 25.2568492889404 23.9424896240234 22.1353321075439 20.5563488006592 20.0393524169922 20.2502937316895 20.5241775512695 19.7946071624756 19.5266342163086 19.0841255187988 18.7019195556641 18.6865196228027 18.6894416809082 18.5719375610352 18.3146381378174 18.3947219848633 18.51589012146 18.638391494751 18.4364013671875 18.4178714752197 18.5542278289795 18.8899803161621 19.4588718414307 19.9045600891113 20.2144260406494 20.854061126709 21.5461902618408 21.9146976470947 22.1316413879395 22.4556274414062 22.6516590118408 22.9115238189697 23.0085830688477 23.444185256958 23.6714363098145
