Ecospace-environmental-drivers/Outputs/ASCII-for-ecospace/Temp-avg/Temp-avg_X2011.04.asc
NCOLS 131 
NROWS 53 
XLLCORNER -98 
YLLCORNER 23.9265270233154 
CELLSIZE 0.133587792515755 
NODATA_value -3.4e+38 
[rows 21 to 41 of 53, columns 0 to 46 of 131]
-3.4e+38 -3.4e+38 -3.4e+38 -3.4e+38 -3.4e+38 -3.4e+38 23.5830879211426 23.6331329345703 23.482837677002 23.8299713134766 23.1844139099121 22.7525062561035 22.4657459259033 22.184118270874 21.9137077331543 21.7476711273193 21.4700717926025 21.2774677276611 21.261022567749 21.2596912384033 21.1708869934082 21.087474822998 21.0407085418701 21.0370254516602 21.0862770080566 21.1902389526367 21.2622051239014 21.3461666107178 21.4072399139404 21.4093685150146 21.5300846099854 21.5959167480469 21.6603145599365 21.6345844268799 21.570484161377 21.4863224029541 21.4135570526123 21.4467754364014 21.4715423583984 21.4660263061523 21.4976253509521 21.5761775970459 21.5845928192139 21.5762805938721 21.5982933044434 21.676441192627 21.64817237854
-3.4e+38 -3.4e+38 -3.4e+38 -3.4e+38 -3.4e+38 -3.4e+38 23.6916790008545 23.4244499206543 23.6331329345703 22.985408782959 22.5763893127441 22.3355770111084 22.0931930541992 21.8425331115723 21.6902561187744 21.5021095275879 21.4267406463623 21.3536510467529 21.4195709228516 21.5560340881348 21.508508682251 21.4768905639648 21.4163227081299 21.4065074920654 21.4630527496338 21.3498229980469 21.2240371704102 21.1106109619141 21.2018966674805 21.2704277038574 21.3762092590332 21.3383636474609 21.2675743103027 21.3206100463867 21.2841854095459 21.3456802368164 21.3771553039551 21.3822765350342 21.3773994445801 21.2880249023438 21.4083652496338 21.5250396728516 21.3986892700195 21.5243682861328 21.5463275909424 21.5272693634033 21.4630889892578
-3.4e+38 -3.4e+38 -3.4e+38 -3.4e+38 23.7615375518799 23.7032356262207 23.5098304748535 23.6916790008545 22.9485378265381 22.5053672790527 22.3227596282959 22.1586246490479 21.9455680847168 21.7414855957031 21.6691513061523 21.7058849334717 21.5949859619141 21.5918254852295 21.6250743865967 21.497407913208 21.3724727630615 21.2623252868652 21.1446685791016 21.0057563781738 21.1547069549561 20.9441471099854 20.8509578704834 20.856803894043 20.9509086608887 20.7030696868896 20.9027290344238 20.9782886505127 21.0782413482666 20.9215316772461 21.2835674285889 21.2168579101562 21.0529537200928 21.0929470062256 20.841682434082 20.0793876647949 20.3932056427002 20.4258289337158 20.994779586792 20.6496925354004 20.9692039489746 21.0871505737305 21.1787052154541
-3.4e+38 -3.4e+38 -3.4e+38 -3.4e+38 23.8913917541504 23.6899852752686 23.7032356262207 23.134578704834 22.5823345184326 22.2965354919434 22.1230354309082 21.9088153839111 21.7314529418945 21.5649890899658 21.5075740814209 21.5728244781494 21.548698425293 21.1468963623047 20.9598789215088 20.5688285827637 19.9853267669678 19.6449527740479 19.8517913818359 19.9490737915039 20.1073246002197 20.0786876678467 20.2933540344238 19.9937419891357 20.1219692230225 19.7836227416992 19.8350410461426 20.2445602416992 20.4126319885254 20.5963611602783 20.8778305053711 20.84619140625 21.0606842041016 20.7921504974365 20.0406169891357 19.0574855804443 19.2947521209717 19.495719909668 19.6777381896973 19.5076313018799 19.3340854644775 19.5853538513184 19.2255668640137
-3.4e+38 -3.4e+38 -3.4e+38 -3.4e+38 -3.4e+38 23.8913917541504 23.4753284454346 22.8674545288086 22.4743061065674 22.1907291412354 21.9564800262451 21.7362060546875 21.5080986022949 21.4825534820557 21.4996871948242 21.2797889709473 20.5025062561035 19.5649433135986 19.3909645080566 19.0351543426514 18.5764694213867 18.5389232635498 18.7569751739502 18.9306793212891 19.2258605957031 19.0498676300049 19.1748313903809 19.1941833496094 18.9572563171387 18.8203773498535 18.767972946167 19.1074542999268 19.3167495727539 20.0634212493896 20.0477981567383 20.243839263916 20.1583061218262 19.3805141448975 18.4271869659424 18.3678493499756 18.8723201751709 18.7561225891113 18.5299205780029 18.5392951965332 18.5530071258545 18.7500667572021 18.4230194091797
-3.4e+38 -3.4e+38 -3.4e+38 -3.4e+38 -3.4e+38 23.8112277984619 23.1938877105713 22.7327213287354 22.3849067687988 22.0148601531982 21.8353309631348 21.520938873291 21.4800662994385 21.4381999969482 21.0163459777832 20.4094791412354 19.3086986541748 18.5699081420898 18.4562873840332 18.0655460357666 17.7394752502441 17.7804946899414 17.9314193725586 18.2769584655762 18.1196670532227 18.262622833252 18.1680469512939 17.9416751861572 18.2324180603027 17.7692642211914 18.2028541564941 18.6200580596924 19.1091651916504 19.3203277587891 18.9495620727539 19.1535682678223 18.9497375488281 18.199535369873 17.9756774902344 17.7641582489014 18.1606178283691 17.7934474945068 18.1598167419434 18.257926940918 18.2773399353027 18.2747783660889 17.6672897338867
-3.4e+38 -3.4e+38 25.3136234283447 25.1860389709473 24.2730770111084 23.6427345275879 23.0122585296631 22.6209392547607 22.3003978729248 21.9731330871582 21.7663402557373 21.6045932769775 21.4189300537109 20.8981227874756 20.103271484375 19.6192150115967 18.7895431518555 17.933521270752 17.6066951751709 17.5389003753662 17.5907707214355 17.6182804107666 17.6803302764893 17.7096614837646 17.7290935516357 17.8082809448242 17.606330871582 17.5614738464355 17.6362571716309 17.7769680023193 18.166166305542 18.2620010375977 18.432430267334 18.4451923370361 18.4310417175293 18.2990055084229 18.2085933685303 18.1235580444336 17.8689384460449 17.6455917358398 17.7286968231201 17.6095657348633 17.5047187805176 17.4485569000244 17.6316909790039 17.6128253936768 17.293436050415
-339999999999999996128486808808066248288.000000000000000 -3.4e+38 -3.4e+38 -3.4e+38 25.0584526062012 23.5393466949463 22.9139575958252 22.6367111206055 22.2763710021973 21.9586048126221 21.7332630157471 21.5701446533203 20.9511184692383 20.002592086792 19.5596351623535 19.119514465332 18.2560081481934 17.7534790039062 17.6197719573975 17.5176792144775 17.5951766967773 17.5433044433594 17.5893306732178 17.6364707946777 17.7137889862061 17.7091636657715 17.5435409545898 17.700532913208 17.4898719787598 17.6808280944824 17.8429832458496 17.6719226837158 18.1263122558594 18.2484951019287 18.1956062316895 18.0432739257812 17.8901309967041 17.7246417999268 17.6970310211182 17.5755271911621 17.3812427520752 17.3412666320801 17.2145709991455 17.2186431884766 17.1620903015137 17.1527004241943 17.1227207183838
-3.4e+38 -3.4e+38 -3.4e+38 -3.4e+38 24.5559215545654 23.3719005584717 22.944393157959 22.6544361114502 22.3138732910156 21.8722133636475 21.6529235839844 21.3050479888916 20.431604385376 19.5726623535156 18.9960155487061 18.5902824401855 18.4031887054443 17.9793300628662 17.6761379241943 17.5933036804199 17.3617897033691 17.2272338867188 17.259147644043 17.2958450317383 17.3036460876465 17.4541702270508 17.387659072876 17.448657989502 17.3135719299316 17.748893737793 17.7852210998535 17.7385711669922 17.5834789276123 17.7293586730957 17.6628532409668 17.3769111633301 17.5202083587646 17.4988327026367 17.4181156158447 17.3436889648438 17.3022899627686 17.2308864593506 17.1069889068604 16.9304580688477 17.071756362915 16.8712043762207 16.8257637023926
-3.4e+38 -3.4e+38 -3.4e+38 -3.4e+38 24.3838157653809 23.4571762084961 23.0133190155029 22.6557464599609 22.3294296264648 21.9494972229004 21.7118549346924 21.085657119751 19.7972831726074 19.2760009765625 18.6535491943359 18.4445991516113 18.0224380493164 17.8458461761475 17.3564567565918 17.2409172058105 16.9841079711914 17.0615215301514 17.169807434082 17.1665897369385 16.9734363555908 17.2122688293457 17.4890232086182 17.139139175415 17.155725479126 17.426794052124 17.7524814605713 17.5508861541748 17.4734344482422 17.5131416320801 17.4417858123779 17.4567165374756 17.4884548187256 17.5360260009766 17.4611892700195 17.4484977722168 17.2565231323242 17.099365234375 16.9629077911377 16.9961891174316 16.8810234069824 16.8607883453369 16.8159599304199
-3.4e+38 -3.4e+38 -3.4e+38 -3.4e+38 25.4340801239014 23.7579307556152 23.1121578216553 22.6682929992676 22.3709945678711 22.0381011962891 21.7295227050781 21.0480804443359 19.7191715240479 19.1904792785645 18.4854049682617 17.7729110717773 17.6072463989258 17.5391502380371 17.3343467712402 16.9622611999512 16.7983093261719 16.7402858734131 16.9558906555176 17.0003490447998 16.9728126525879 17.1317882537842 17.4781475067139 17.4311752319336 17.1444625854492 17.2997493743896 17.1991920471191 17.2019996643066 17.3807258605957 17.4223403930664 17.5284481048584 17.6019763946533 17.6382331848145 17.6101779937744 17.3943881988525 17.2429103851318 17.189281463623 17.0849361419678 17.0198459625244 16.9559078216553 16.9067096710205 16.8685188293457 16.8228816986084
-3.4e+38 -3.4e+38 -3.4e+38 -3.4e+38 25.3359966278076 23.9757385253906 23.3454418182373 22.9660530090332 22.5663776397705 22.1747074127197 21.8390407562256 21.4723625183105 20.0863914489746 19.0964832305908 18.4931564331055 17.6596298217773 17.3666152954102 17.3903274536133 17.3247661590576 16.9379043579102 16.8351669311523 16.7156410217285 16.6548614501953 16.6532974243164 16.9842338562012 17.0004825592041 17.0090789794922 17.0272636413574 17.0644474029541 17.1343803405762 16.9919357299805 17.313060760498 17.4494972229004 17.347261428833 17.2833862304688 17.4611034393311 17.4317054748535 17.4422435760498 17.4147701263428 17.3877372741699 17.3478565216064 17.234281539917 16.861270904541 17.0316276550293 16.946174621582 16.8848972320557 16.8254718780518
-3.4e+38 -3.4e+38 -3.4e+38 -3.4e+38 25.3365802764893 24.4141025543213 23.658842086792 23.1936416625977 22.9127655029297 22.6494846343994 22.2370147705078 21.9731559753418 20.8126754760742 19.0533294677734 18.1371421813965 17.7371482849121 17.4744434356689 17.4369430541992 17.2221374511719 17.0132236480713 16.9142265319824 16.8044490814209 16.7129535675049 16.6399955749512 16.5687618255615 16.3015556335449 16.3221645355225 16.527229309082 16.5884571075439 16.7442111968994 16.8560009002686 17.1730937957764 17.2098178863525 17.2387943267822 17.3438739776611 17.4293117523193 17.4966087341309 17.5261821746826 17.5204238891602 17.3425197601318 17.4389057159424 17.2646064758301 16.9671802520752 16.7581386566162 16.7839603424072 16.9062156677246 16.735481262207
-3.4e+38 -3.4e+38 -3.4e+38 -3.4e+38 -3.4e+38 24.3242073059082 24.0021743774414 23.3385715484619 23.0881080627441 22.8938255310059 22.7991638183594 22.6297073364258 21.6697597503662 19.3189029693604 18.2167663574219 17.7762145996094 17.5901260375977 17.5100765228271 17.2986907958984 17.0986766815186 17.0284614562988 16.9242153167725 16.7881870269775 16.6938591003418 16.5347671508789 16.0864925384521 16.1478977203369 16.440465927124 16.5104351043701 16.6270008087158 16.7692699432373 16.9560642242432 17.1565570831299 17.2867088317871 17.2482776641846 17.4509506225586 17.5469131469727 17.5814533233643 17.5911693572998 17.5744094848633 17.4214324951172 17.1714725494385 17.0483913421631 17.1340446472168 16.7636909484863 16.6372337341309 16.4995937347412
-3.4e+38 -3.4e+38 -3.4e+38 -3.4e+38 -3.4e+38 25.9586200714111 24.3547668457031 23.4391784667969 23.1966114044189 23.0839996337891 23.0284271240234 23.0305309295654 21.9145603179932 19.5164699554443 18.4416389465332 17.8174934387207 17.8460369110107 17.6057243347168 17.409574508667 17.2060489654541 17.1360931396484 16.9969615936279 16.6423358917236 16.5829792022705 16.3090839385986 15.8314733505249 15.8692483901978 16.0708980560303 16.1333599090576 16.4663600921631 16.7455291748047 16.9716854095459 17.2008018493652 17.3387699127197 16.9379615783691 17.1646881103516 17.52756690979 17.6255168914795 17.6367092132568 17.6334857940674 17.593786239624 17.1805076599121 16.9897594451904 16.9301204681396 16.8039741516113 16.5904521942139 16.4961910247803
-3.4e+38 -3.4e+38 -3.4e+38 -3.4e+38 -3.4e+38 26.0051975250244 24.5972881317139 23.5329036712646 23.3098182678223 23.2985191345215 23.2705421447754 23.1421375274658 21.7182102203369 19.3615264892578 18.2974262237549 17.8823318481445 18.0188865661621 17.9797191619873 17.4292907714844 17.3270931243896 17.2491703033447 16.9571590423584 16.6247043609619 16.2744750976562 15.9785995483398 15.8454818725586 15.7621145248413 15.77112865448 15.8517417907715 15.8830680847168 16.0482883453369 16.3038654327393 16.6796932220459 16.8725337982178 16.7436981201172 16.8555393218994 17.1418895721436 17.3882083892822 17.332368850708 17.3522319793701 17.2520332336426 17.1655101776123 17.0219535827637 16.8629417419434 16.72971534729 16.5982894897461 16.476863861084
-3.4e+38 -3.4e+38 -3.4e+38 -3.4e+38 -3.4e+38 -3.4e+38 24.9207344055176 23.6251907348633 23.4259719848633 23.449462890625 23.362850189209 23.1517848968506 21.9462356567383 19.6743297576904 18.459358215332 18.0872802734375 18.4912033081055 18.1730194091797 17.518180847168 17.4174060821533 17.3151149749756 16.9830837249756 16.5611000061035 16.1544208526611 15.8299074172974 15.6914100646973 15.7048921585083 15.5398817062378 15.5014200210571 15.6303377151489 15.7981004714966 16.0158138275146 16.2623844146729 16.4488410949707 16.5326480865479 16.5945377349854 16.6646881103516 16.9561252593994 17.1762676239014 17.2503795623779 17.2622032165527 17.1778526306152 17.0366897583008 16.8550491333008 16.6427612304688 16.5788707733154 16.5243873596191
-3.4e+38 -3.4e+38 -3.4e+38 -3.4e+38 -3.4e+38 -3.4e+38 25.2459526062012 23.6810569763184 23.5299587249756 23.5050487518311 23.3454341888428 23.0259914398193 21.7531566619873 19.9171581268311 18.8906936645508 18.5928936004639 18.9408130645752 18.5120468139648 17.7566413879395 17.5228958129883 17.0895881652832 16.7941341400146 16.414867401123 16.0884418487549 15.7591485977173 15.6189956665039 15.5177822113037 15.48326587677 15.5294399261475 15.6540641784668 15.8176317214966 16.0269412994385 16.2735786437988 16.469144821167 16.5539646148682 16.615550994873 16.6496200561523 16.6652412414551 16.6779804229736 16.7869644165039 16.9285564422607 16.9377098083496 16.8477535247803 16.5598011016846 16.4032688140869 16.3335361480713 16.379581451416
-3.4e+38 -3.4e+38 -3.4e+38 -3.4e+38 -3.4e+38 -3.4e+38 25.4546661376953 23.6397953033447 23.5763359069824 23.4771575927734 23.2080192565918 22.8252639770508 21.7009773254395 19.7078475952148 18.8402271270752 18.5147876739502 18.8897800445557 18.4576587677002 17.9851245880127 17.5258979797363 17.0371074676514 16.6266574859619 16.2587127685547 15.9980401992798 15.8094749450684 15.6803398132324 15.5782117843628 15.522497177124 15.5460577011108 15.6668262481689 15.8263444900513 16.0320625305176 16.2722263336182 16.4779663085938 16.5819644927979 16.6358776092529 16.6646614074707 16.6703605651855 16.6736545562744 16.6433639526367 16.5897979736328 16.5384654998779 16.4523143768311 16.4486789703369 16.2860946655273 16.0734825134277 15.9919147491455
-3.4e+38 -3.4e+38 -3.4e+38 -3.4e+38 -3.4e+38 26.281925201416 24.9669971466064 23.5947456359863 23.5398349761963 23.3804492950439 23.0645122528076 22.6454944610596 21.5698566436768 19.433235168457 18.5736560821533 18.5172138214111 18.6915664672852 18.5592880249023 18.2239398956299 17.7200813293457 17.1278171539307 16.5803375244141 16.2988243103027 16.0892601013184 15.8853168487549 15.7331066131592 15.6148443222046 15.5451602935791 15.5527849197388 15.6761493682861 15.8306016921997 16.0274562835693 16.2611885070801 16.466667175293 16.5985641479492 16.6515102386475 16.6746444702148 16.6775417327881 16.6705875396729 16.6459846496582 16.5921440124512 16.4940853118896 16.3661346435547 16.2499656677246 16.1335792541504 16.0391597747803 15.9678211212158
-3.4e+38 -3.4e+38 -3.4e+38 -3.4e+38 26.1704158782959 26.0865249633789 23.9352855682373 23.6188201904297 23.4783344268799 23.2296600341797 22.8096199035645 22.5985221862793 21.2190475463867 19.3296127319336 18.7617225646973 18.7671203613281 18.8460083007812 18.6290550231934 18.2280826568604 17.8549556732178 17.0896816253662 16.6697006225586 16.4489898681641 16.2361431121826 16.0127220153809 15.8182353973389 15.6763486862183 15.5676212310791 15.5700340270996 15.6901817321777 15.8369941711426 16.0205497741699 16.2353973388672 16.4345283508301 16.6000194549561 16.6697101593018 16.6822338104248 16.682056427002 16.6647281646729 16.6353645324707 16.5760860443115 16.4744338989258 16.3694019317627 16.2674140930176 16.159086227417 16.0786819458008 16.0121898651123
