Ecospace-environmental-drivers/Outputs/ASCII-for-ecospace/Temp-avg/Temp-avg_X1997.10.asc
NCOLS 131 
NROWS 53 
XLLCORNER -98 
YLLCORNER 23.9265270233154 
CELLSIZE 0.133587792515755 
NODATA_value -3.4e+38 
[rows 0 to 20 of 53, columns 47 to 93 of 131]
-3.4e+38 -3.4e+38 -3.4e+38 -3.4e+38 -3.4e+38 -3.4e+38 -3.4e+38 -3.4e+38 -3.4e+38 -3.4e+38 -3.4e+38 -3.4e+38 -3.4e+38 -3.4e+38 -3.4e+38 -3.4e+38 -3.4e+38 -3.4e+38 -3.4e+38 -3.4e+38 -3.4e+38 -3.4e+38 -3.4e+38 -3.4e+38 -3.4e+38 -3.4e+38 -3.4e+38 -3.4e+38 -3.4e+38 -3.4e+38 -3.4e+38 -3.4e+38 -3.4e+38 -3.4e+38 -3.4e+38 -3.4e+38 -3.4e+38 -3.4e+38 -3.4e+38 -3.4e+38 -3.4e+38 -3.4e+38 -3.4e+38 -3.4e+38 -3.4e+38 -3.4e+38 -3.4e+38
-3.4e+38 -3.4e+38 -3.4e+38 -3.4e+38 -3.4e+38 -3.4e+38 -3.4e+38 -3.4e+38 -3.4e+38 -3.4e+38 -3.4e+38 -3.4e+38 -3.4e+38 -3.4e+38 -3.4e+38 -3.4e+38 -3.4e+38 -3.4e+38 -3.4e+38 -3.4e+38 -3.4e+38 -3.4e+38 -3.4e+38 -3.4e+38 -3.4e+38 -3.4e+38 -3.4e+38 -3.4e+38 -3.4e+38 -3.4e+38 -3.4e+38 -3.4e+38 -3.4e+38 -3.4e+38 -3.4e+38 -3.4e+38 -3.4e+38 -3.4e+38 -3.4e+38 -3.4e+38 -3.4e+38 -3.4e+38 -3.4e+38 -3.4e+38 -3.4e+38 -3.4e+38 -3.4e+38
-3.4e+38 -3.4e+38 -3.4e+38 -3.4e+38 -3.4e+38 -3.4e+38 -3.4e+38 -3.4e+38 -3.4e+38 -3.4e+38 -3.4e+38 -3.4e+38 -3.4e+38 -3.4e+38 -3.4e+38 -3.4e+38 -3.4e+38 -3.4e+38 -3.4e+38 -3.4e+38 -3.4e+38 -3.4e+38 -3.4e+38 -3.4e+38 -3.4e+38 -3.4e+38 -3.4e+38 23.9853286743164 24.0131607055664 -3.4e+38 -3.4e+38 -3.4e+38 -3.4e+38 -3.4e+38 -3.4e+38 -3.4e+38 -3.4e+38 -3.4e+38 -3.4e+38 -3.4e+38 -3.4e+38 -3.4e+38 -3.4e+38 -3.4e+38 -3.4e+38 -3.4e+38 -3.4e+38
-3.4e+38 -3.4e+38 -3.4e+38 -3.4e+38 -3.4e+38 -3.4e+38 -3.4e+38 -3.4e+38 -3.4e+38 -3.4e+38 -3.4e+38 -3.4e+38 -3.4e+38 -3.4e+38 -3.4e+38 -3.4e+38 -3.4e+38 -3.4e+38 -3.4e+38 -3.4e+38 -3.4e+38 -3.4e+38 -3.4e+38 -3.4e+38 -3.4e+38 -3.4e+38 -3.4e+38 23.9740390777588 24.0314292907715 -3.4e+38 -3.4e+38 -3.4e+38 -3.4e+38 -3.4e+38 -3.4e+38 -3.4e+38 -3.4e+38 -3.4e+38 -3.4e+38 -3.4e+38 -3.4e+38 -3.4e+38 -3.4e+38 -3.4e+38 -3.4e+38 -3.4e+38 -3.4e+38
-3.4e+38 -3.4e+38 -3.4e+38 -3.4e+38 -3.4e+38 -3.4e+38 -3.4e+38 -3.4e+38 -3.4e+38 23.8341598510742 23.8341598510742 23.8385696411133 23.887731552124 -3.4e+38 -3.4e+38 -3.4e+38 -3.4e+38 -3.4e+38 24.0222282409668 23.9763355255127 23.8903408050537 23.8739452362061 23.8872585296631 24.045919418335 24.1232948303223 24.1184940338135 24.0125255584717 23.9680061340332 24.1863212585449 24.4945449829102 -3.4e+38 -3.4e+38 25.9643325805664 26.0552959442139 26.0363235473633 26.1394805908203 26.1615295410156 26.2033290863037 26.2424221038818 26.3162136077881 26.3529987335205 26.296947479248 -3.4e+38 -3.4e+38 -3.4e+38 -3.4e+38 -3.4e+38
-3.4e+38 -3.4e+38 -3.4e+38 -3.4e+38 -3.4e+38 -3.4e+38 -3.4e+38 -3.4e+38 23.8341598510742 23.8341598510742 23.8341598510742 23.8341598510742 23.8429794311523 23.8970489501953 23.9767379760742 -3.4e+38 24.0055160522461 23.9711608886719 23.9877986907959 24.153621673584 24.405252456665 24.4392623901367 24.0535125732422 24.2881298065186 24.3200759887695 24.5472526550293 24.4827136993408 24.3855781555176 24.6262912750244 24.560583114624 25.669849395752 25.8400554656982 25.9817485809326 26.0711936950684 26.1319179534912 26.1353321075439 26.1417388916016 26.1433067321777 26.153678894043 26.1868572235107 26.2067985534668 26.2836437225342 26.3443508148193 26.3908748626709 -3.4e+38 -3.4e+38 -3.4e+38
-3.4e+38 -3.4e+38 -3.4e+38 -3.4e+38 -3.4e+38 -3.4e+38 -3.4e+38 -3.4e+38 23.8442687988281 23.8341598510742 23.8341598510742 23.8341598510742 23.8341598510742 23.8518009185791 23.9254989624023 23.9767379760742 24.023681640625 24.0504875183105 24.1260833740234 24.4253559112549 24.9136638641357 25.2765598297119 25.577766418457 25.6822128295898 25.7163944244385 25.8323307037354 25.8167152404785 25.6990909576416 25.7510147094727 25.844165802002 25.9730396270752 26.1249713897705 26.204231262207 26.2075958251953 26.206392288208 25.6798629760742 25.1223983764648 25.415922164917 25.6924610137939 25.7035713195801 25.723726272583 25.9134464263916 26.1491546630859 26.2892074584961 26.3133411407471 26.2188987731934 -3.4e+38
-3.4e+38 -3.4e+38 -3.4e+38 -3.4e+38 -3.4e+38 -3.4e+38 -3.4e+38 -3.4e+38 -3.4e+38 -3.4e+38 23.8341598510742 23.8341598510742 23.8341598510742 -3.4e+38 23.869441986084 24.0216598510742 24.1026973724365 24.1508255004883 24.1627635955811 24.4472332000732 24.7996292114258 25.2481098175049 25.9378452301025 26.1848278045654 26.2436466217041 26.2532501220703 26.2779979705811 26.2831935882568 26.2679481506348 26.3061485290527 26.3617324829102 26.3765563964844 26.4104442596436 26.1919536590576 25.47682762146 24.0307922363281 23.8958930969238 24.3621501922607 25.0662651062012 25.2824268341064 25.3742561340332 25.598560333252 25.9027709960938 26.1624431610107 26.3317699432373 26.2459201812744 25.9845638275146
-3.4e+38 -3.4e+38 -3.4e+38 -3.4e+38 -3.4e+38 -3.4e+38 -3.4e+38 -3.4e+38 -3.4e+38 -3.4e+38 -3.4e+38 -3.4e+38 -3.4e+38 -3.4e+38 23.9082088470459 23.9909896850586 24.1296081542969 24.1772422790527 24.2179107666016 24.4198760986328 24.6411037445068 25.0082130432129 25.9732074737549 26.2204627990723 26.0762538909912 26.0618686676025 26.1756229400635 26.2966461181641 26.3793258666992 26.416332244873 26.4676113128662 26.4240207672119 26.196044921875 24.9945621490479 23.9302368164062 23.6539173126221 23.7989158630371 24.207935333252 24.5537662506104 25.0955085754395 25.3586196899414 25.6075839996338 25.7559356689453 25.9089775085449 26.2251739501953 26.3714637756348 26.1600189208984
23.9903259277344 -3.4e+38 -3.4e+38 -3.4e+38 -3.4e+38 -3.4e+38 -3.4e+38 -3.4e+38 -3.4e+38 -3.4e+38 24.1887302398682 24.1071166992188 -3.4e+38 -3.4e+38 -3.4e+38 24.1081066131592 24.1800956726074 24.2837429046631 24.321928024292 24.4651851654053 24.5759258270264 25.1351947784424 26.0033531188965 26.1102027893066 25.7874126434326 25.831428527832 25.9907417297363 26.1290645599365 26.2199535369873 26.2679557800293 26.3138484954834 26.103515625 25.2949962615967 23.6720943450928 23.3732223510742 23.5090217590332 23.7288017272949 23.9513092041016 24.2302837371826 24.5413112640381 25.1381893157959 25.9134960174561 25.8586864471436 25.8865146636963 26.1705265045166 26.3916683197021 26.3523731231689
23.9909515380859 23.8978900909424 -3.4e+38 -3.4e+38 -3.4e+38 -3.4e+38 -3.4e+38 -3.4e+38 -3.4e+38 -3.4e+38 24.3100719451904 24.3677768707275 24.3800735473633 -3.4e+38 -3.4e+38 24.2054061889648 24.2558307647705 24.3711853027344 24.4214897155762 24.5007133483887 24.6714210510254 25.5341796875 25.9338531494141 25.9023857116699 25.6027202606201 25.8123664855957 26.0164279937744 25.9839401245117 26.1078147888184 26.1243782043457 25.9760971069336 25.5106105804443 24.7207584381104 23.0547657012939 22.8300380706787 22.9731121063232 23.3186874389648 23.5951290130615 23.9485759735107 24.2181377410889 24.6311130523682 25.3312339782715 25.7949523925781 26.0443229675293 26.2717189788818 26.4451084136963 26.4567432403564
24.1432971954346 24.0681324005127 24.2200527191162 24.3731155395508 -3.4e+38 -3.4e+38 -3.4e+38 -3.4e+38 -3.4e+38 -3.4e+38 -3.4e+38 24.3050422668457 24.4785346984863 24.3800735473633 24.6164798736572 24.4992332458496 24.3570232391357 24.351692199707 24.4442405700684 24.5778102874756 25.3048648834229 25.6735439300537 25.7976741790771 25.478630065918 25.4694938659668 25.6552391052246 25.6990146636963 25.6254005432129 25.4929389953613 25.4528274536133 25.2422008514404 24.4743709564209 22.8287391662598 22.0736331939697 21.7511615753174 21.7039012908936 22.1293964385986 22.8641414642334 23.4767189025879 23.8688659667969 24.1454696655273 24.5185871124268 25.4442558288574 25.9902954101562 26.3040828704834 26.5005416870117 26.5180225372314
24.7665061950684 24.538516998291 24.4626178741455 24.436674118042 -3.4e+38 -3.4e+38 -3.4e+38 -3.4e+38 24.3382472991943 24.3585891723633 24.2563209533691 24.3647003173828 24.3537616729736 24.7017688751221 25.1786727905273 25.1947860717773 24.8468627929688 24.5288791656494 24.7474784851074 24.7413864135742 25.2590942382812 25.4426860809326 25.3687877655029 25.379373550415 25.4055709838867 25.330207824707 24.8051910400391 24.202844619751 24.0714054107666 23.843729019165 22.8505592346191 21.6637840270996 20.9137401580811 20.9180450439453 20.8203449249268 20.7611618041992 21.7784252166748 22.1970558166504 22.8143692016602 23.4017944335938 23.7788143157959 24.0209617614746 24.5033130645752 25.1794490814209 25.4520473480225 25.6722202301025 25.7075576782227
25.1721134185791 25.1454067230225 24.99658203125 24.7467555999756 24.577486038208 24.4580993652344 24.3526821136475 24.3493576049805 24.3556232452393 24.3563957214355 24.4130916595459 24.1866683959961 24.613655090332 25.4346389770508 25.7500629425049 25.5044136047363 25.1837539672852 25.1554126739502 25.1540584564209 25.1821250915527 25.1017742156982 24.9975452423096 25.1728286743164 24.6422557830811 23.77366065979 23.3998241424561 22.7085952758789 21.9482460021973 21.253173828125 20.3593711853027 19.467622756958 19.0458889007568 19.095853805542 19.8037166595459 20.0911617279053 20.67724609375 21.5620040893555 22.0868701934814 22.5805244445801 23.0032119750977 23.4597129821777 23.7740001678467 24.0090045928955 24.181209564209 24.4424781799316 24.6664943695068 24.9062118530273
25.4439888000488 25.5840854644775 25.2164821624756 24.8217277526855 24.7338523864746 24.656681060791 24.5902290344238 24.5985469818115 24.7714195251465 24.8547496795654 25.0464839935303 25.2123565673828 25.7428550720215 25.9948673248291 25.9771766662598 25.9070205688477 25.6509475708008 25.5131950378418 25.6947441101074 25.6973094940186 25.0330829620361 24.2155342102051 23.8048000335693 22.602165222168 21.7051773071289 21.0226974487305 19.7752246856689 19.1620864868164 18.8056163787842 18.4759960174561 18.3854827880859 18.3937721252441 18.5799503326416 19.1432323455811 19.8064861297607 20.7620697021484 21.4449920654297 22.1323299407959 22.3751411437988 22.819149017334 23.2340908050537 23.642261505127 23.9323921203613 24.121789932251 24.3094062805176 24.4041118621826 25.1016540527344
26.0330390930176 25.8906421661377 25.4667377471924 25.1822872161865 25.2735614776611 25.3221912384033 25.3270721435547 25.3559608459473 25.5681533813477 25.7561359405518 25.8962879180908 26.0485038757324 26.0975723266602 26.0121479034424 25.7259521484375 25.5279998779297 25.5374908447266 25.4975032806396 25.3025436401367 24.8940963745117 23.8738136291504 22.7248210906982 21.9290256500244 21.0961799621582 19.9919528961182 19.1581420898438 18.787935256958 18.3602294921875 18.2125835418701 18.1658210754395 18.1495246887207 18.1594619750977 18.4977951049805 19.1664447784424 20.0002422332764 20.8757877349854 21.4926414489746 21.9903888702393 22.2980499267578 22.7480335235596 23.1818923950195 23.380256652832 23.7643966674805 24.0861282348633 24.3864421844482 24.4050941467285 24.6549396514893
26.3471393585205 26.1952285766602 25.9319267272949 25.6303119659424 25.6219482421875 25.7475509643555 25.9079246520996 26.0226345062256 26.1371326446533 26.2253913879395 26.2594089508057 26.2284545898438 26.0696125030518 25.7007598876953 25.3051338195801 25.0352897644043 24.8595600128174 24.6114253997803 23.9233798980713 23.0354843139648 21.8345813751221 20.5789604187012 19.8187370300293 19.3059978485107 18.7952251434326 18.5510234832764 18.3998413085938 18.134895324707 18.0533542633057 17.9566020965576 17.8538017272949 18.1607666015625 18.6764087677002 19.238302230835 19.9934368133545 20.7097415924072 21.4164791107178 21.8695259094238 22.3429527282715 22.6622562408447 23.0267238616943 23.3434028625488 23.6856861114502 23.9515552520752 24.2201251983643 24.532320022583 24.5884609222412
26.5384407043457 26.4639835357666 26.3662033081055 26.2014083862305 26.0709457397461 26.0825214385986 26.1982536315918 26.3153610229492 26.4028244018555 26.4397945404053 26.4205627441406 25.9973030090332 24.5853252410889 23.7405567169189 24.0217418670654 24.4477291107178 24.2833423614502 23.9157543182373 23.4370727539062 21.882495880127 20.1959323883057 19.1092777252197 18.8366184234619 18.3893280029297 18.1811122894287 18.060754776001 18.0714626312256 17.9421539306641 17.7728023529053 17.8103141784668 17.8521385192871 18.2220859527588 18.7338428497314 19.2390441894531 19.8696842193604 20.5450897216797 21.1264457702637 21.7343254089355 22.2012233734131 22.4980010986328 22.9177398681641 23.3450698852539 23.5589942932129 23.9043960571289 24.2091884613037 24.4097595214844 24.5934677124023
26.5971832275391 26.5958843231201 26.5838260650635 26.5688552856445 26.5373687744141 26.541145324707 26.5598926544189 26.564302444458 26.5874118804932 26.5571784973145 26.4263534545898 26.0512886047363 24.9166698455811 22.6226291656494 21.7694110870361 22.1281814575195 22.3328132629395 22.6527690887451 22.2009544372559 21.123420715332 19.995454788208 19.0183753967285 18.4422569274902 18.135591506958 17.9893798828125 17.9782810211182 17.6604328155518 17.6909046173096 17.7399806976318 17.8038082122803 17.7748184204102 18.0509452819824 18.6293334960938 19.1943035125732 19.6472091674805 20.3483200073242 20.7855606079102 21.3403854370117 21.8291149139404 22.2919158935547 22.6080799102783 22.8549518585205 23.3272323608398 23.6417007446289 23.9999237060547 24.2928676605225 24.498779296875
26.4073925018311 26.3875007629395 26.4145107269287 26.4227142333984 26.5084953308105 26.5973205566406 26.6074962615967 26.5954647064209 26.5431785583496 26.4837875366211 26.2600326538086 26.0065898895264 25.3645629882812 23.4766674041748 21.8906440734863 20.5048694610596 20.4081802368164 20.7742919921875 20.7986068725586 20.1181182861328 18.9620895385742 18.6332664489746 18.314582824707 18.0558834075928 17.9938869476318 17.9564514160156 17.6669635772705 17.7001399993896 17.7437839508057 17.8030700683594 17.617057800293 17.6828784942627 18.2449798583984 18.8784637451172 19.3600463867188 19.8511180877686 20.2777729034424 20.8194160461426 21.3884582519531 21.7942943572998 22.157039642334 22.5402870178223 22.7938480377197 23.1601943969727 23.5741100311279 23.9821548461914 24.2830677032471
26.1997852325439 26.0777378082275 26.0336074829102 26.0854644775391 26.1002750396729 26.0627498626709 26.0498542785645 26.0491638183594 26.0531635284424 26.0154914855957 25.571008682251 25.2495441436768 24.4976577758789 23.336238861084 21.6758155822754 20.0156402587891 19.3821868896484 19.488655090332 19.710355758667 19.0006637573242 18.73219871521 18.315450668335 17.9720935821533 17.9914989471436 18.0426864624023 17.9728126525879 17.7263660430908 17.756649017334 17.794828414917 17.8409900665283 17.6502494812012 17.6363296508789 17.7370071411133 18.0095844268799 18.5232772827148 18.9159374237061 19.2223472595215 19.88547706604 20.630126953125 21.088529586792 21.4257831573486 21.8613224029541 22.1608963012695 22.4856624603271 22.7228717803955 23.311372756958 23.7191829681396
