Ecospace-environmental-drivers/Outputs/ASCII-for-ecospace/Temp-avg/Temp-avg_X2008.11.asc
NCOLS 131 
NROWS 53 
XLLCORNER -98 
YLLCORNER 23.9265270233154 
CELLSIZE 0.133587792515755 
NODATA_value -3.4e+38 
[rows 0 to 20 of 53, columns 47 to 93 of 131]
-3.4e+38 -3.4e+38 -3.4e+38 -3.4e+38 -3.4e+38 -3.4e+38 -3.4e+38 -3.4e+38 -3.4e+38 -3.4e+38 -3.4e+38 -3.4e+38 -3.4e+38 -3.4e+38 -3.4e+38 -3.4e+38 -3.4e+38 -3.4e+38 -3.4e+38 -3.4e+38 -3.4e+38 -3.4e+38 -3.4e+38 -3.4e+38 -3.4e+38 -3.4e+38 -3.4e+38 -3.4e+38 -3.4e+38 -3.4e+38 -3.4e+38 -3.4e+38 -3.4e+38 -3.4e+38 -3.4e+38 -3.4e+38 -3.4e+38 -3.4e+38 -3.4e+38 -3.4e+38 -3.4e+38 -3.4e+38 -3.4e+38 -3.4e+38 -3.4e+38 -3.4e+38 -3.4e+38
-3.4e+38 -3.4e+38 -3.4e+38 -3.4e+38 -3.4e+38 -3.4e+38 -3.4e+38 -3.4e+38 -3.4e+38 -3.4e+38 -3.4e+38 -3.4e+38 -3.4e+38 -3.4e+38 -3.4e+38 -3.4e+38 -3.4e+38 -3.4e+38 -3.4e+38 -3.4e+38 -3.4e+38 -3.4e+38 -3.4e+38 -3.4e+38 -3.4e+38 -3.4e+38 -3.4e+38 -3.4e+38 -3.4e+38 -3.4e+38 -3.4e+38 -3.4e+38 -3.4e+38 -3.4e+38 -3.4e+38 -3.4e+38 -3.4e+38 -3.4e+38 -3.4e+38 -3.4e+38 -3.4e+38 -3.4e+38 -3.4e+38 -3.4e+38 -3.4e+38 -3.4e+38 -3.4e+38
-3.4e+38 -3.4e+38 -3.4e+38 -3.4e+38 -3.4e+38 -3.4e+38 -3.4e+38 -3.4e+38 -3.4e+38 -3.4e+38 -3.4e+38 -3.4e+38 -3.4e+38 -3.4e+38 -3.4e+38 -3.4e+38 -3.4e+38 -3.4e+38 -3.4e+38 -3.4e+38 -3.4e+38 -3.4e+38 -3.4e+38 -3.4e+38 -3.4e+38 -3.4e+38 -3.4e+38 17.3323268890381 17.3155250549316 -3.4e+38 -3.4e+38 -3.4e+38 -3.4e+38 -3.4e+38 -3.4e+38 -3.4e+38 -3.4e+38 -3.4e+38 -3.4e+38 -3.4e+38 -3.4e+38 -3.4e+38 -3.4e+38 -3.4e+38 -3.4e+38 -3.4e+38 -3.4e+38
-3.4e+38 -3.4e+38 -3.4e+38 -3.4e+38 -3.4e+38 -3.4e+38 -3.4e+38 -3.4e+38 -3.4e+38 -3.4e+38 -3.4e+38 -3.4e+38 -3.4e+38 -3.4e+38 -3.4e+38 -3.4e+38 -3.4e+38 -3.4e+38 -3.4e+38 -3.4e+38 -3.4e+38 -3.4e+38 -3.4e+38 -3.4e+38 -3.4e+38 -3.4e+38 -3.4e+38 17.3190231323242 17.2948150634766 -3.4e+38 -3.4e+38 -3.4e+38 -3.4e+38 -3.4e+38 -3.4e+38 -3.4e+38 -3.4e+38 -3.4e+38 -3.4e+38 -3.4e+38 -3.4e+38 -3.4e+38 -3.4e+38 -3.4e+38 -3.4e+38 -3.4e+38 -3.4e+38
-3.4e+38 -3.4e+38 -3.4e+38 -3.4e+38 -3.4e+38 -3.4e+38 -3.4e+38 -3.4e+38 -3.4e+38 17.7293853759766 17.7293853759766 17.733003616333 17.7536754608154 -3.4e+38 -3.4e+38 -3.4e+38 -3.4e+38 -3.4e+38 17.6773548126221 17.6061878204346 17.5289516448975 17.5476398468018 17.5928020477295 17.8226108551025 17.7407379150391 17.6381187438965 17.6106777191162 17.3877849578857 17.6918811798096 18.0068531036377 -3.4e+38 -3.4e+38 20.7765159606934 21.1185169219971 20.8351726531982 21.3447227478027 21.4855766296387 21.1261672973633 20.9756832122803 21.3155651092529 21.1809158325195 21.320011138916 -3.4e+38 -3.4e+38 -3.4e+38 -3.4e+38 -3.4e+38
-3.4e+38 -3.4e+38 -3.4e+38 -3.4e+38 -3.4e+38 -3.4e+38 -3.4e+38 -3.4e+38 17.7293853759766 17.7293853759766 17.7293853759766 17.7293853759766 17.7366237640381 17.7636260986328 17.7850646972656 -3.4e+38 17.7682590484619 17.6896667480469 17.6616649627686 17.7518997192383 17.9291400909424 18.1551151275635 17.6769485473633 18.0847301483154 18.1949825286865 18.4343643188477 18.3765621185303 18.2561073303223 18.6409912109375 18.160343170166 19.9556617736816 20.3487892150879 20.7715301513672 21.2092266082764 21.6581382751465 22.0043811798096 22.1735134124756 22.1970272064209 22.1080913543701 21.9569759368896 21.7826461791992 21.412109375 20.9043769836426 20.5884189605713 -3.4e+38 -3.4e+38 -3.4e+38
-3.4e+38 -3.4e+38 -3.4e+38 -3.4e+38 -3.4e+38 -3.4e+38 -3.4e+38 -3.4e+38 17.754695892334 17.7293853759766 17.7293853759766 17.7293853759766 17.7293853759766 17.7438621520996 17.7961940765381 17.7850646972656 17.7990875244141 17.7992191314697 17.8571605682373 18.0430355072021 18.4909725189209 19.1202278137207 19.5776233673096 20.3304958343506 20.2378997802734 20.1695671081543 20.2182197570801 20.1263828277588 20.4014110565186 20.6382427215576 20.9220218658447 21.4570293426514 21.8722629547119 22.1504878997803 22.6280117034912 23.0380630493164 23.1686573028564 23.1949615478516 22.9715213775635 22.8645000457764 22.721830368042 22.4457340240479 21.9616622924805 21.1834182739258 20.4154853820801 20.3919658660889 -3.4e+38
-3.4e+38 -3.4e+38 -3.4e+38 -3.4e+38 -3.4e+38 -3.4e+38 -3.4e+38 -3.4e+38 -3.4e+38 -3.4e+38 17.7293853759766 17.7293853759766 17.7293853759766 -3.4e+38 17.758337020874 17.9119873046875 17.9463214874268 18.0310325622559 18.0594024658203 18.2847862243652 18.696928024292 19.6742458343506 20.3658065795898 21.2517414093018 21.6140766143799 21.4411315917969 21.2124195098877 21.0586700439453 21.2439880371094 21.6368446350098 21.9930267333984 22.3951587677002 22.6746425628662 22.9359130859375 23.2734832763672 23.0597286224365 23.0335865020752 23.3427753448486 23.5157070159912 23.329402923584 23.136999130249 22.9341316223145 22.5810432434082 22.0569953918457 21.1946277618408 20.3598480224609 19.597900390625
-3.4e+38 -3.4e+38 -3.4e+38 -3.4e+38 -3.4e+38 -3.4e+38 -3.4e+38 -3.4e+38 -3.4e+38 -3.4e+38 -3.4e+38 -3.4e+38 -3.4e+38 -3.4e+38 17.8075523376465 17.9624919891357 18.1073150634766 18.1302795410156 18.2465286254883 18.442741394043 18.6969680786133 19.7160720825195 21.1449680328369 21.7467002868652 22.599328994751 22.7462310791016 22.4962291717529 22.2217845916748 22.0861358642578 22.26780128479 22.7146244049072 23.1039714813232 23.3944053649902 23.4135475158691 22.9218235015869 22.6884841918945 22.8060779571533 23.1306476593018 23.3744068145752 23.5426254272461 23.4685478210449 23.1903667449951 22.8778076171875 22.4395599365234 21.7269878387451 20.8645706176758 19.953332901001
18.3463592529297 -3.4e+38 -3.4e+38 -3.4e+38 -3.4e+38 -3.4e+38 -3.4e+38 -3.4e+38 -3.4e+38 -3.4e+38 18.6974048614502 18.4127807617188 -3.4e+38 -3.4e+38 -3.4e+38 18.2364673614502 18.3476371765137 18.4214572906494 18.4241809844971 18.5169582366943 18.8269538879395 20.2179298400879 21.794734954834 22.3795509338379 23.056489944458 23.1929302215576 23.0364933013916 22.8885116577148 22.8336505889893 23.0324573516846 23.3507881164551 23.5407371520996 23.5947113037109 22.7178554534912 22.4612922668457 22.5684242248535 22.7192230224609 22.8440647125244 23.0390110015869 23.2645645141602 23.3897495269775 23.2663688659668 23.0631484985352 22.7363605499268 22.1456203460693 21.3628253936768 20.3248710632324
18.4174652099609 18.2592582702637 -3.4e+38 -3.4e+38 -3.4e+38 -3.4e+38 -3.4e+38 -3.4e+38 -3.4e+38 -3.4e+38 19.1040191650391 19.1345710754395 19.0961761474609 -3.4e+38 -3.4e+38 18.5344409942627 18.5302104949951 18.6107769012451 18.5683326721191 18.6031856536865 19.2743549346924 21.0922908782959 22.0140323638916 22.8567333221436 23.3688011169434 23.4274616241455 23.2987728118896 23.2667617797852 23.3272552490234 23.4391479492188 23.5453262329102 23.5751285552979 23.3338451385498 22.1729755401611 21.9435977935791 22.0203056335449 22.310604095459 22.5130081176758 22.7325286865234 22.8961811065674 23.0789184570312 23.261209487915 23.171028137207 22.9290218353271 22.4390506744385 21.7498111724854 20.7311668395996
18.6127948760986 18.5270881652832 18.7156219482422 18.8603782653809 -3.4e+38 -3.4e+38 -3.4e+38 -3.4e+38 -3.4e+38 -3.4e+38 -3.4e+38 19.102352142334 19.2312564849854 19.0961761474609 19.2696285247803 18.9555397033691 18.7879180908203 18.6551151275635 18.6218395233154 18.7946243286133 20.5679225921631 21.8171310424805 22.764181137085 23.3882141113281 23.6108531951904 23.615930557251 23.5481662750244 23.5406913757324 23.5377101898193 23.5483551025391 23.578685760498 23.2410259246826 21.9868774414062 21.2502498626709 20.8902282714844 20.74289894104 21.0931835174561 21.7672462463379 22.2760791778564 22.5167083740234 22.725492477417 23.0645523071289 23.2358551025391 23.0829124450684 22.6959171295166 22.0092658996582 21.2251720428467
19.1957092285156 19.0028896331787 18.9849510192871 18.8805618286133 -3.4e+38 -3.4e+38 -3.4e+38 -3.4e+38 19.0866165161133 19.1315841674805 19.0854148864746 19.2155647277832 19.1192874908447 19.4783058166504 19.9695911407471 20.1455612182617 19.5446376800537 18.6851367950439 19.0330791473389 18.9742641448975 20.9168510437012 22.7715511322021 23.4482975006104 23.70725440979 23.7943515777588 23.7766971588135 23.6121597290039 23.2710800170898 23.165714263916 22.9721279144287 22.0998306274414 20.9111194610596 20.1574096679688 20.167854309082 20.0309352874756 19.8742046356201 20.7707977294922 21.1216850280762 21.6433067321777 22.0663146972656 22.3399772644043 22.6416244506836 22.9473552703857 23.1832408905029 23.1356143951416 22.7977390289307 22.5038471221924
19.8309230804443 19.5897312164307 19.2429122924805 19.0114459991455 18.9896907806396 18.9545307159424 19.0059490203857 19.1536312103271 19.2791423797607 19.4276428222656 19.4883193969727 18.8697261810303 19.515079498291 20.5476188659668 21.1358070373535 20.6410465240479 20.1934452056885 20.3051681518555 20.1603870391846 20.6933345794678 20.4517803192139 23.1194953918457 23.649881362915 23.4171333312988 22.8394470214844 22.5851020812988 22.0013389587402 21.2662410736084 20.5515327453613 19.6658344268799 18.8017158508301 18.4163494110107 18.4834938049316 19.1795711517334 19.4457855224609 19.9109783172607 20.6327800750732 21.0330924987793 21.4547538757324 21.7338638305664 22.0478038787842 22.3233261108398 22.5889949798584 22.7501392364502 23.1406536102295 23.3761234283447 23.3107738494873
20.2804527282715 20.0382537841797 19.6952819824219 19.5407390594482 19.4495067596436 19.4657363891602 19.6144580841064 19.8586692810059 20.1300983428955 20.2234439849854 20.3327941894531 20.3071346282959 21.1864356994629 21.9121532440186 22.1976928710938 22.0629482269287 21.6851177215576 21.0651988983154 21.3755283355713 21.6843318939209 22.4175071716309 22.9285583496094 22.6928730010986 21.5959129333496 20.7954425811768 20.2083187103271 19.0444355010986 18.4783153533936 18.1359615325928 17.8337116241455 17.7706985473633 17.8074836730957 18.0313701629639 18.6093635559082 19.2757816314697 20.1275005340576 20.6347770690918 21.1342754364014 21.2571830749512 21.5380153656006 21.7818641662598 22.1827125549316 22.4783458709717 22.6681537628174 22.9000110626221 23.1534080505371 23.4811477661133
21.153636932373 20.8113498687744 20.4014663696289 20.3331127166748 20.5818462371826 20.8136444091797 20.9850425720215 21.1799259185791 21.317138671875 21.3771896362305 21.4563293457031 21.7053604125977 22.1610260009766 22.6085376739502 22.8233871459961 22.656400680542 22.4955158233643 22.2997398376465 22.5480461120605 22.6304187774658 22.5662822723389 21.5815868377686 20.8348693847656 20.0648288726807 19.0643711090088 18.344690322876 18.0452365875244 17.6716289520264 17.5459957122803 17.5130710601807 17.5165386199951 17.555118560791 17.9260921478271 18.612232208252 19.4399242401123 20.2046127319336 20.6639804840088 20.9925937652588 21.1405372619629 21.4051818847656 21.6955642700195 21.8943672180176 22.3014221191406 22.6089420318604 22.8902606964111 22.9987545013428 23.2808647155762
21.8722610473633 21.6684913635254 21.4177227020264 21.1698303222656 21.3888702392578 21.738431930542 21.8759536743164 21.9526958465576 22.0125961303711 22.1192359924316 22.2514343261719 22.5233917236328 22.9243774414062 23.1037273406982 23.0026226043701 22.8674068450928 22.7404479980469 22.7881469726562 22.48464012146 21.7929134368896 20.5956039428711 19.4063777923584 18.7322025299072 18.2978115081787 17.8763580322266 17.7156524658203 17.6369209289551 17.4254493713379 17.3671817779541 17.299877166748 17.2175979614258 17.5120830535889 18.0142002105713 18.5905933380127 19.3491230010986 19.9931449890137 20.5385074615479 20.801456451416 21.0837745666504 21.24782371521 21.5063381195068 21.8122692108154 22.1760234832764 22.4439659118652 22.7157402038574 23.066276550293 23.1968955993652
22.7137432098389 22.4564361572266 22.2376079559326 21.9995918273926 22.007022857666 22.1639804840088 22.3212108612061 22.4486999511719 22.5641708374023 22.6812400817871 22.8418731689453 23.1036205291748 22.775354385376 22.2798748016357 22.5437870025635 22.8470478057861 22.7149810791016 22.4838943481445 22.0880813598633 20.558162689209 18.9671630859375 17.9936370849609 17.7824630737305 17.4186592102051 17.2724685668945 17.2071495056152 17.2831230163574 17.2148914337158 17.0921592712402 17.1597442626953 17.1958255767822 17.5240783691406 17.9879608154297 18.4963264465332 19.1357440948486 19.7740726470947 20.1952896118164 20.5876502990723 20.8631076812744 20.9839248657227 21.310863494873 21.7321853637695 21.9529495239258 22.294225692749 22.6060199737549 22.9090805053711 23.1711196899414
23.7875347137451 23.6075439453125 23.3871669769287 23.1420726776123 23.0213603973389 23.0261726379395 23.1047058105469 23.2341918945312 23.3872184753418 23.4601287841797 23.5131607055664 23.5175704956055 23.1244144439697 21.2995052337646 20.4460067749023 20.7372627258301 20.9287891387939 21.2736015319824 20.831413269043 19.778205871582 18.7477340698242 17.8978214263916 17.4189395904541 17.1887359619141 17.0854949951172 17.1171875 16.8772277832031 16.9675788879395 17.0714988708496 17.150276184082 17.1153736114502 17.3405704498291 17.8431816101074 18.3387584686279 18.7557411193848 19.4261436462402 19.8048286437988 20.1641578674316 20.4377117156982 20.7113800048828 20.9241561889648 21.2114295959473 21.6834621429443 21.9615345001221 22.3241348266602 22.6985015869141 23.0071697235107
24.5616073608398 24.5244522094727 24.4459953308105 24.2550010681152 24.0423679351807 23.9489440917969 23.9429969787598 23.952018737793 23.9677391052246 23.9657649993896 23.9271373748779 23.8608169555664 23.5031051635742 22.0109119415283 20.4714164733887 19.1775512695312 19.1238594055176 19.4531764984131 19.4342308044434 18.8039569854736 17.7693195343018 17.5186500549316 17.2757740020752 17.0665340423584 17.0335693359375 17.0548820495605 16.8364906311035 16.9106426239014 17.0143737792969 17.1219120025635 16.9383697509766 16.9799556732178 17.4546604156494 17.9685306549072 18.3590869903564 18.7972965240479 19.1876678466797 19.5867195129395 19.9646549224854 20.2189674377441 20.4872951507568 20.8608226776123 21.1524753570557 21.5023193359375 21.8669319152832 22.3061904907227 22.7252082824707
24.7973556518555 24.7780818939209 24.79958152771 24.7521266937256 24.6657333374023 24.5368270874023 24.4059295654297 24.2930755615234 24.1960945129395 24.1030368804932 23.9133777618408 23.6429138183594 22.9113521575928 21.8163051605225 20.2277984619141 18.7039966583252 18.1730918884277 18.2501258850098 18.4038047790527 17.7547702789307 17.5524730682373 17.2117443084717 16.9178657531738 16.9250049591064 16.9816055297852 16.9493675231934 16.7724170684814 16.8399467468262 16.9392108917236 17.0656967163086 16.914478302002 16.905517578125 16.9637145996094 17.1581954956055 17.5424671173096 17.847505569458 18.0980892181396 18.6729869842529 19.3113212585449 19.6741561889648 19.9028701782227 20.2429485321045 20.5013790130615 20.7990226745605 21.0216751098633 21.6061134338379 22.0749816894531
