Ecospace-environmental-drivers/Outputs/ASCII-for-ecospace/Temp-avg/Temp-avg_X2011.10.asc
NCOLS 131 
NROWS 53 
XLLCORNER -98 
YLLCORNER 23.9265270233154 
CELLSIZE 0.133587792515755 
NODATA_value -3.4e+38 
[rows 0 to 20 of 53, columns 47 to 93 of 131]
-3.4e+38 -3.4e+38 -3.4e+38 -3.4e+38 -3.4e+38 -3.4e+38 -3.4e+38 -3.4e+38 -3.4e+38 -3.4e+38 -3.4e+38 -3.4e+38 -3.4e+38 -3.4e+38 -3.4e+38 -3.4e+38 -3.4e+38 -3.4e+38 -3.4e+38 -3.4e+38 -3.4e+38 -3.4e+38 -3.4e+38 -3.4e+38 -3.4e+38 -3.4e+38 -3.4e+38 -3.4e+38 -3.4e+38 -3.4e+38 -3.4e+38 -3.4e+38 -3.4e+38 -3.4e+38 -3.4e+38 -3.4e+38 -3.4e+38 -3.4e+38 -3.4e+38 -3.4e+38 -3.4e+38 -3.4e+38 -3.4e+38 -3.4e+38 -3.4e+38 -3.4e+38 -3.4e+38
-3.4e+38 -3.4e+38 -3.4e+38 -3.4e+38 -3.4e+38 -3.4e+38 -3.4e+38 -3.4e+38 -3.4e+38 -3.4e+38 -3.4e+38 -3.4e+38 -3.4e+38 -3.4e+38 -3.4e+38 -3.4e+38 -3.4e+38 -3.4e+38 -3.4e+38 -3.4e+38 -3.4e+38 -3.4e+38 -3.4e+38 -3.4e+38 -3.4e+38 -3.4e+38 -3.4e+38 -3.4e+38 -3.4e+38 -3.4e+38 -3.4e+38 -3.4e+38 -3.4e+38 -3.4e+38 -3.4e+38 -3.4e+38 -3.4e+38 -3.4e+38 -3.4e+38 -3.4e+38 -3.4e+38 -3.4e+38 -3.4e+38 -3.4e+38 -3.4e+38 -3.4e+38 -3.4e+38
-3.4e+38 -3.4e+38 -3.4e+38 -3.4e+38 -3.4e+38 -3.4e+38 -3.4e+38 -3.4e+38 -3.4e+38 -3.4e+38 -3.4e+38 -3.4e+38 -3.4e+38 -3.4e+38 -3.4e+38 -3.4e+38 -3.4e+38 -3.4e+38 -3.4e+38 -3.4e+38 -3.4e+38 -3.4e+38 -3.4e+38 -3.4e+38 -3.4e+38 -3.4e+38 -3.4e+38 22.7509250640869 22.7404098510742 -3.4e+38 -3.4e+38 -3.4e+38 -3.4e+38 -3.4e+38 -3.4e+38 -3.4e+38 -3.4e+38 -3.4e+38 -3.4e+38 -3.4e+38 -3.4e+38 -3.4e+38 -3.4e+38 -3.4e+38 -3.4e+38 -3.4e+38 -3.4e+38
-3.4e+38 -3.4e+38 -3.4e+38 -3.4e+38 -3.4e+38 -3.4e+38 -3.4e+38 -3.4e+38 -3.4e+38 -3.4e+38 -3.4e+38 -3.4e+38 -3.4e+38 -3.4e+38 -3.4e+38 -3.4e+38 -3.4e+38 -3.4e+38 -3.4e+38 -3.4e+38 -3.4e+38 -3.4e+38 -3.4e+38 -3.4e+38 -3.4e+38 -3.4e+38 -3.4e+38 22.8091983795166 22.8407459259033 -3.4e+38 -3.4e+38 -3.4e+38 -3.4e+38 -3.4e+38 -3.4e+38 -3.4e+38 -3.4e+38 -3.4e+38 -3.4e+38 -3.4e+38 -3.4e+38 -3.4e+38 -3.4e+38 -3.4e+38 -3.4e+38 -3.4e+38 -3.4e+38
-3.4e+38 -3.4e+38 -3.4e+38 -3.4e+38 -3.4e+38 -3.4e+38 -3.4e+38 -3.4e+38 -3.4e+38 23.6727447509766 23.6727447509766 23.6698894500732 23.6787052154541 -3.4e+38 -3.4e+38 -3.4e+38 -3.4e+38 -3.4e+38 23.4243030548096 23.3421726226807 23.1794338226318 23.087797164917 23.0341777801514 23.1772537231445 23.246976852417 23.1467552185059 23.0469646453857 22.864408493042 23.0502185821533 23.3324604034424 -3.4e+38 -3.4e+38 24.8159999847412 24.9428558349609 24.7947826385498 25.0549716949463 25.151481628418 24.9906063079834 24.8954048156738 25.137716293335 25.1990375518799 25.2272338867188 -3.4e+38 -3.4e+38 -3.4e+38 -3.4e+38 -3.4e+38
-3.4e+38 -3.4e+38 -3.4e+38 -3.4e+38 -3.4e+38 -3.4e+38 -3.4e+38 -3.4e+38 23.6727447509766 23.6727447509766 23.6727447509766 23.6727447509766 23.6670341491699 23.680154800415 23.6948890686035 -3.4e+38 23.6239795684814 23.5161781311035 23.4170169830322 23.4218425750732 23.4545116424561 23.4401149749756 23.1095218658447 23.2791213989258 23.3419494628906 23.4601821899414 23.3420429229736 23.2634239196777 23.4567222595215 23.4032039642334 24.5012073516846 24.6388244628906 24.8240165710449 24.9851589202881 25.1674671173096 25.3188095092773 25.415096282959 25.4298782348633 25.3684616088867 25.2951889038086 25.2940483093262 25.2605094909668 25.1553401947021 25.090368270874 -3.4e+38 -3.4e+38 -3.4e+38
-3.4e+38 -3.4e+38 -3.4e+38 -3.4e+38 -3.4e+38 -3.4e+38 -3.4e+38 -3.4e+38 23.681282043457 23.6727447509766 23.6727447509766 23.6727447509766 23.6727447509766 23.6613235473633 23.6916580200195 23.6948890686035 23.6533203125 23.6315326690674 23.5528583526611 23.5873508453369 23.8969955444336 24.1829013824463 24.366096496582 24.5599708557129 24.6084079742432 24.6439647674561 24.5827198028564 24.4236087799072 24.5120220184326 24.6975612640381 24.8886432647705 25.0930099487305 25.1862907409668 25.3513870239258 25.5988845825195 25.5593566894531 25.3116550445557 25.5552101135254 25.646089553833 25.5733680725098 25.5178604125977 25.463680267334 25.3720321655273 25.1972522735596 25.0037994384766 24.872989654541 -3.4e+38
-3.4e+38 -3.4e+38 -3.4e+38 -3.4e+38 -3.4e+38 -3.4e+38 -3.4e+38 -3.4e+38 -3.4e+38 -3.4e+38 23.6727447509766 23.6727447509766 23.6727447509766 -3.4e+38 23.6499042510986 23.7490978240967 23.7586402893066 23.7419528961182 23.6184997558594 23.7135791778564 23.9576454162598 24.2362480163574 24.7206840515137 25.2668418884277 25.4693126678467 25.4915428161621 25.4088821411133 25.2720031738281 25.1917037963867 25.2922649383545 25.4003791809082 25.4871978759766 25.5622215270996 25.6424617767334 25.49489402771 24.4788856506348 24.2825622558594 24.7837696075439 25.4909553527832 25.6540584564209 25.6334400177002 25.5776023864746 25.4499282836914 25.3341312408447 25.1966323852539 24.9009609222412 24.3905639648438
-3.4e+38 -3.4e+38 -3.4e+38 -3.4e+38 -3.4e+38 -3.4e+38 -3.4e+38 -3.4e+38 -3.4e+38 -3.4e+38 -3.4e+38 -3.4e+38 -3.4e+38 -3.4e+38 23.6816444396973 23.7656574249268 23.7800235748291 23.7964534759521 23.7020320892334 23.7476940155029 23.7885608673096 24.0226497650146 24.8480663299561 25.468017578125 25.6924934387207 25.7944316864014 25.7791194915771 25.6929950714111 25.6353759765625 25.6137390136719 25.6200275421143 25.7130699157715 25.7873992919922 25.2113838195801 24.1309566497803 23.6525821685791 23.8079624176025 24.2724227905273 24.6875095367432 25.2375202178955 25.506664276123 25.6549949645996 25.5334014892578 25.4537925720215 25.3637409210205 25.1554489135742 24.6410026550293
24.3272228240967 -3.4e+38 -3.4e+38 -3.4e+38 -3.4e+38 -3.4e+38 -3.4e+38 -3.4e+38 -3.4e+38 -3.4e+38 24.0745468139648 23.9032669067383 -3.4e+38 -3.4e+38 -3.4e+38 23.8165855407715 23.8201580047607 23.8282051086426 23.7751007080078 23.7513179779053 23.7179985046387 24.0764026641846 24.9796352386475 25.5218906402588 25.7164421081543 25.9101219177246 25.9669818878174 25.8953952789307 25.8183650970459 25.7753868103027 25.7833251953125 25.8152046203613 25.4917449951172 23.7926368713379 23.3013134002686 23.3741989135742 23.5681457519531 23.778694152832 24.1189937591553 24.5433292388916 25.1242580413818 25.6993236541748 25.6266708374023 25.570987701416 25.4955902099609 25.3060741424561 24.8773899078369
24.2959327697754 24.3128356933594 -3.4e+38 -3.4e+38 -3.4e+38 -3.4e+38 -3.4e+38 -3.4e+38 -3.4e+38 -3.4e+38 24.2697200775146 24.196102142334 24.1337909698486 -3.4e+38 -3.4e+38 23.8820285797119 23.9334411621094 24.0224170684814 23.9201831817627 23.8126125335693 23.7309322357178 24.5282344818115 25.1499710083008 25.6253128051758 25.7738246917725 26.0333595275879 26.1038780212402 26.0236797332764 25.9647846221924 25.9015941619873 25.8259925842285 25.5887184143066 24.8657188415527 22.9653511047363 22.578556060791 22.6653137207031 22.975305557251 23.2467956542969 23.6799659729004 24.0792446136475 24.6513900756836 25.3044853210449 25.633186340332 25.6961193084717 25.621675491333 25.4457111358643 25.0444431304932
24.3205680847168 24.3698997497559 24.4259624481201 24.4543018341064 -3.4e+38 -3.4e+38 -3.4e+38 -3.4e+38 -3.4e+38 -3.4e+38 -3.4e+38 24.1892375946045 24.1664409637451 24.1337909698486 24.1887264251709 24.1184539794922 24.1356735229492 24.1257877349854 24.0233459472656 23.9318408966064 24.6358795166016 25.294864654541 25.656946182251 25.7337245941162 25.9092750549316 26.0337104797363 26.1177997589111 26.0294666290283 25.848180770874 25.7032890319824 25.4688358306885 24.6046714782715 22.7098999023438 21.7503910064697 21.3354911804199 21.2043857574463 21.5879535675049 22.3555812835693 23.0684223175049 23.583911895752 24.0455741882324 24.6943111419678 25.4811229705811 25.7251510620117 25.7126216888428 25.5467128753662 25.2363338470459
24.5028381347656 24.4137554168701 24.4408779144287 24.4960651397705 -3.4e+38 -3.4e+38 -3.4e+38 -3.4e+38 24.3850650787354 24.3605194091797 24.2293586730957 24.1993770599365 24.1491165161133 24.2164154052734 24.5226726531982 24.6739978790283 24.4879245758057 24.3655319213867 24.3509101867676 24.4527492523193 25.068078994751 25.5791492462158 25.7720756530762 25.9789791107178 25.9905738830566 25.8953742980957 25.4882545471191 24.7450466156006 24.4919681549072 24.1855182647705 22.9733047485352 21.5560932159424 20.6632061004639 20.6266860961914 20.467227935791 20.3386077880859 21.3205738067627 21.6947650909424 22.321310043335 22.9576988220215 23.4112110137939 23.8990879058838 24.606616973877 25.2663173675537 25.5203266143799 25.6099166870117 25.52414894104
24.8640651702881 24.7176971435547 24.5667724609375 24.4342041015625 24.5191287994385 24.4579944610596 24.4074897766113 24.4067821502686 24.395622253418 24.3327102661133 24.2855529785156 24.0979309082031 24.2349224090576 24.7725353240967 25.0993614196777 24.9481811523438 24.6641044616699 24.6882667541504 24.8820266723633 25.1130599975586 25.3593940734863 25.4179077148438 25.7260646820068 25.4146919250488 24.4807224273682 24.0398750305176 23.1685829162598 22.1579532623291 21.3107109069824 20.3694629669189 19.4368934631348 18.9838333129883 19.0132083892822 19.7172832489014 19.9935626983643 20.5126132965088 21.2978820800781 21.7253723144531 22.1538963317871 22.5623588562012 22.9723644256592 23.3229484558105 23.7473258972168 24.0967483520508 24.6830215454102 25.2805976867676 25.7130012512207
25.0892429351807 24.9563827514648 24.8102264404297 24.6803073883057 24.6654796600342 24.5516262054443 24.5808868408203 24.5682735443115 24.6238327026367 24.6380290985107 24.646333694458 24.6775550842285 25.1003665924072 25.5633850097656 25.7271041870117 25.5541648864746 25.3153285980225 25.1225261688232 25.4834213256836 25.7107849121094 25.3660774230957 24.6370849609375 24.4450759887695 23.1123714447021 22.1441669464111 21.4367046356201 20.0937576293945 19.38840675354 18.9741477966309 18.6345653533936 18.5345764160156 18.5449180603027 18.754846572876 19.3234615325928 19.9702625274658 20.8371639251709 21.3790016174316 21.9299468994141 22.0221157073975 22.4042701721191 22.7562065124512 23.099401473999 23.4473628997803 23.7189350128174 24.070068359375 24.5965270996094 25.6768703460693
25.5881881713867 25.4226398468018 25.1826019287109 25.0559177398682 25.0447444915771 25.1689567565918 25.2629508972168 25.3261756896973 25.3934650421143 25.3701038360596 25.3368740081787 25.4938697814941 25.7779769897461 26.0180206298828 25.9607601165771 25.7246532440186 25.5702972412109 25.5180969238281 25.3877773284912 25.1218070983887 24.2038097381592 23.0545024871826 22.3060436248779 21.4514923095703 20.327299118042 19.4761276245117 19.0792865753174 18.628475189209 18.4649105072021 18.3970756530762 18.3818778991699 18.4131336212158 18.7912197113037 19.4959659576416 20.3611755371094 21.1476535797119 21.5986404418945 21.9234275817871 22.0689334869385 22.4093837738037 22.7478427886963 22.834997177124 23.2191524505615 23.5645656585693 23.9943962097168 24.2318592071533 24.8283863067627
26.0592651367188 25.883415222168 25.6571178436279 25.4659557342529 25.4305534362793 25.5527477264404 25.7251930236816 25.7689914703369 25.7245464324951 25.7596855163574 25.9136734008789 26.0392570495605 26.0327529907227 26.0023822784424 25.8687324523926 25.5996704101562 25.2887954711914 25.0537147521973 24.4845714569092 23.4465370178223 22.0325946807861 20.7710590362549 20.0630493164062 19.5768089294434 19.0789928436279 18.8326683044434 18.6660423278809 18.3723278045654 18.2724666595459 18.1709690093994 18.0762176513672 18.3935546875 18.9399280548096 19.5575523376465 20.3718395233154 21.0858612060547 21.6440486907959 21.9092025756836 22.2166042327881 22.3903751373291 22.6273975372314 22.8246841430664 23.1259593963623 23.391918182373 23.7275924682617 24.2123413085938 24.4445190429688
26.5752296447754 26.4540214538574 26.2451858520508 25.9924926757812 25.8386192321777 25.8215370178223 25.8968658447266 25.9153900146484 25.9607238769531 26.119945526123 26.2132816314697 25.9691562652588 24.6827068328857 24.051887512207 24.5066566467285 24.9338607788086 24.7591457366943 24.4229545593262 23.9622802734375 22.1245765686035 20.3116340637207 19.2417678833008 18.9949436187744 18.5669288635254 18.3744049072266 18.2381572723389 18.23779296875 18.1067485809326 17.9374885559082 17.9679050445557 18.0050678253174 18.3805618286133 18.9053726196289 19.4661636352539 20.1566886901855 20.8919200897217 21.3692092895508 21.7947254180908 22.0847816467285 22.2131252288818 22.493616104126 22.7813854217529 22.9279880523682 23.2650890350342 23.6339778900146 23.928653717041 24.251277923584
27.0295333862305 26.9346084594727 26.804931640625 26.6192398071289 26.4461116790771 26.3514423370361 26.313159942627 26.3258934020996 26.3667030334473 26.3440704345703 26.3061790466309 26.0277080535889 24.9529609680176 22.6961364746094 21.7714138031006 22.2277965545654 22.5169486999512 22.9782943725586 22.4413051605225 21.2385311126709 20.0580444335938 19.0659046173096 18.502555847168 18.2330112457275 18.1100463867188 18.11305809021 17.7995166778564 17.8210601806641 17.8527240753174 17.882640838623 17.8202800750732 18.0751457214355 18.6566734313965 19.2310237884521 19.7234764099121 20.497802734375 20.9552783966064 21.3857326507568 21.7138442993164 22.0100250244141 22.1417675018311 22.308614730835 22.7060794830322 22.9463882446289 23.3055934906006 23.6469612121582 23.9567909240723
27.176685333252 27.0724124908447 26.9986228942871 26.8726043701172 26.739860534668 26.6286334991455 26.5049610137939 26.4279155731201 26.4307632446289 26.4429588317871 26.3512096405029 26.0969066619873 25.4116668701172 23.5007305145264 21.7630157470703 20.4002552032471 20.3849315643311 20.7964897155762 20.8405666351318 20.1347332000732 18.9324970245361 18.5846099853516 18.286190032959 18.0609531402588 18.0255489349365 18.0244941711426 17.7475128173828 17.7656784057617 17.7665367126465 17.780855178833 17.535852432251 17.5773735046387 18.1239700317383 18.7507991790771 19.2463550567627 19.7910842895508 20.2712783813477 20.7828464508057 21.2680740356445 21.5594654083252 21.7645454406738 22.0026836395264 22.2094192504883 22.49001121521 22.798791885376 23.1412487030029 23.5027523040771
26.999195098877 26.8754844665527 26.7695465087891 26.7304630279541 26.6877212524414 26.6453151702881 26.6044120788574 26.455623626709 26.3657665252686 26.3161315917969 25.9617328643799 25.5554733276367 24.7037734985352 23.4912567138672 21.6298561096191 19.9312305450439 19.3281307220459 19.4692916870117 19.6531429290771 18.9130439758301 18.6126823425293 18.1717700958252 17.8279438018799 17.8712558746338 17.9153900146484 17.8553123474121 17.6483669281006 17.6799507141113 17.6770133972168 17.6746520996094 17.4281005859375 17.3866310119629 17.4719123840332 17.7664165496826 18.3130168914795 18.7646331787109 19.117826461792 19.7817440032959 20.4857864379883 20.9163780212402 21.1812305450439 21.4975814819336 21.647647857666 21.8427257537842 21.9942989349365 22.4116401672363 22.6658267974854
