Ecospace-environmental-drivers/Outputs/ASCII-for-ecospace/Temp-avg/Temp-avg_X2000.05.asc
NCOLS 131 
NROWS 53 
XLLCORNER -98 
YLLCORNER 23.9265270233154 
CELLSIZE 0.133587792515755 
NODATA_value -3.4e+38 
[rows 0 to 20 of 53, columns 47 to 93 of 131]
-3.4e+38 -3.4e+38 -3.4e+38 -3.4e+38 -3.4e+38 -3.4e+38 -3.4e+38 -3.4e+38 -3.4e+38 -3.4e+38 -3.4e+38 -3.4e+38 -3.4e+38 -3.4e+38 -3.4e+38 -3.4e+38 -3.4e+38 -3.4e+38 -3.4e+38 -3.4e+38 -3.4e+38 -3.4e+38 -3.4e+38 -3.4e+38 -3.4e+38 -3.4e+38 -3.4e+38 -3.4e+38 -3.4e+38 -3.4e+38 -3.4e+38 -3.4e+38 -3.4e+38 -3.4e+38 -3.4e+38 -3.4e+38 -3.4e+38 -3.4e+38 -3.4e+38 -3.4e+38 -3.4e+38 -3.4e+38 -3.4e+38 -3.4e+38 -3.4e+38 -3.4e+38 -3.4e+38
-3.4e+38 -3.4e+38 -3.4e+38 -3.4e+38 -3.4e+38 -3.4e+38 -3.4e+38 -3.4e+38 -3.4e+38 -3.4e+38 -3.4e+38 -3.4e+38 -3.4e+38 -3.4e+38 -3.4e+38 -3.4e+38 -3.4e+38 -3.4e+38 -3.4e+38 -3.4e+38 -3.4e+38 -3.4e+38 -3.4e+38 -3.4e+38 -3.4e+38 -3.4e+38 -3.4e+38 -3.4e+38 -3.4e+38 -3.4e+38 -3.4e+38 -3.4e+38 -3.4e+38 -3.4e+38 -3.4e+38 -3.4e+38 -3.4e+38 -3.4e+38 -3.4e+38 -3.4e+38 -3.4e+38 -3.4e+38 -3.4e+38 -3.4e+38 -3.4e+38 -3.4e+38 -3.4e+38
-3.4e+38 -3.4e+38 -3.4e+38 -3.4e+38 -3.4e+38 -3.4e+38 -3.4e+38 -3.4e+38 -3.4e+38 -3.4e+38 -3.4e+38 -3.4e+38 -3.4e+38 -3.4e+38 -3.4e+38 -3.4e+38 -3.4e+38 -3.4e+38 -3.4e+38 -3.4e+38 -3.4e+38 -3.4e+38 -3.4e+38 -3.4e+38 -3.4e+38 -3.4e+38 -3.4e+38 28.7295379638672 28.7403144836426 -3.4e+38 -3.4e+38 -3.4e+38 -3.4e+38 -3.4e+38 -3.4e+38 -3.4e+38 -3.4e+38 -3.4e+38 -3.4e+38 -3.4e+38 -3.4e+38 -3.4e+38 -3.4e+38 -3.4e+38 -3.4e+38 -3.4e+38 -3.4e+38
-3.4e+38 -3.4e+38 -3.4e+38 -3.4e+38 -3.4e+38 -3.4e+38 -3.4e+38 -3.4e+38 -3.4e+38 -3.4e+38 -3.4e+38 -3.4e+38 -3.4e+38 -3.4e+38 -3.4e+38 -3.4e+38 -3.4e+38 -3.4e+38 -3.4e+38 -3.4e+38 -3.4e+38 -3.4e+38 -3.4e+38 -3.4e+38 -3.4e+38 -3.4e+38 -3.4e+38 28.644718170166 28.5508327484131 -3.4e+38 -3.4e+38 -3.4e+38 -3.4e+38 -3.4e+38 -3.4e+38 -3.4e+38 -3.4e+38 -3.4e+38 -3.4e+38 -3.4e+38 -3.4e+38 -3.4e+38 -3.4e+38 -3.4e+38 -3.4e+38 -3.4e+38 -3.4e+38
-3.4e+38 -3.4e+38 -3.4e+38 -3.4e+38 -3.4e+38 -3.4e+38 -3.4e+38 -3.4e+38 -3.4e+38 28.7121868133545 28.7121868133545 28.7137069702148 28.6577033996582 -3.4e+38 -3.4e+38 -3.4e+38 -3.4e+38 -3.4e+38 28.2233486175537 28.213191986084 28.4075241088867 28.4835720062256 28.5081157684326 28.7133502960205 28.7354755401611 28.798957824707 28.7109699249268 28.5637111663818 28.7024078369141 29.1182556152344 -3.4e+38 -3.4e+38 25.4539794921875 25.113489151001 25.643648147583 24.2788009643555 24.0258865356445 24.7511348724365 25.0802383422852 24.2389278411865 24.5432281494141 24.5079174041748 -3.4e+38 -3.4e+38 -3.4e+38 -3.4e+38 -3.4e+38
-3.4e+38 -3.4e+38 -3.4e+38 -3.4e+38 -3.4e+38 -3.4e+38 -3.4e+38 -3.4e+38 28.7121868133545 28.7121868133545 28.7121868133545 28.7121868133545 28.7152290344238 28.6512222290039 28.5521755218506 -3.4e+38 28.4336643218994 28.4777984619141 28.2182388305664 27.9841651916504 27.7914562225342 27.7757091522217 28.0685272216797 28.113000869751 28.0933876037598 27.9594783782959 28.0153026580811 28.2279205322266 28.5967140197754 29.0505065917969 26.7304039001465 26.0569248199463 25.5429191589355 24.7620944976807 24.5052967071533 24.0706195831299 24.1624088287354 24.1182670593262 24.0440444946289 24.0405616760254 24.1709575653076 24.4782161712646 24.8392658233643 25.2530364990234 -3.4e+38 -3.4e+38 -3.4e+38
-3.4e+38 -3.4e+38 -3.4e+38 -3.4e+38 -3.4e+38 -3.4e+38 -3.4e+38 -3.4e+38 28.7173976898193 28.7121868133545 28.7121868133545 28.7121868133545 28.7121868133545 28.7182712554932 28.622257232666 28.5521755218506 28.4304027557373 28.2742824554443 28.1169700622559 27.781436920166 27.132209777832 26.8218784332275 26.2337245941162 25.9647426605225 25.8870143890381 25.7402763366699 25.6203594207764 25.8323402404785 25.8492965698242 25.7311782836914 25.3579769134521 24.6742916107178 24.5297317504883 24.4287509918213 24.2699489593506 23.7791481018066 23.4795532226562 23.6930885314941 23.8797359466553 23.8990116119385 23.9354038238525 24.0913734436035 24.2401828765869 24.5875911712646 25.1599197387695 25.3581314086914 -3.4e+38
-3.4e+38 -3.4e+38 -3.4e+38 -3.4e+38 -3.4e+38 -3.4e+38 -3.4e+38 -3.4e+38 -3.4e+38 -3.4e+38 28.7121868133545 28.7121868133545 28.7121868133545 -3.4e+38 28.7243556976318 28.5003108978271 28.4889507293701 28.4130020141602 28.2919063568115 28.0439453125 27.7082118988037 27.5193042755127 25.6134357452393 25.0701446533203 24.891185760498 24.8910598754883 24.9435501098633 25.0985565185547 25.1289138793945 24.8966979980469 24.6991443634033 24.5643157958984 24.5191307067871 24.1817169189453 23.5966110229492 22.6360893249512 22.5520305633545 22.8307723999023 23.2971973419189 23.4806480407715 23.6391067504883 23.8687725067139 24.0927410125732 24.2161102294922 24.5164604187012 25.3473987579346 26.4087448120117
-3.4e+38 -3.4e+38 -3.4e+38 -3.4e+38 -3.4e+38 -3.4e+38 -3.4e+38 -3.4e+38 -3.4e+38 -3.4e+38 -3.4e+38 -3.4e+38 -3.4e+38 -3.4e+38 28.6699085235596 28.6248455047607 28.548828125 28.4523963928223 28.4023399353027 28.3517837524414 28.1901168823242 27.8137817382812 25.4332160949707 24.8046131134033 24.4814910888672 24.4798851013184 24.6063213348389 24.6984252929688 24.7263565063477 24.6455917358398 24.5936527252197 24.4792881011963 24.2472686767578 23.229621887207 22.4880752563477 22.2314186096191 22.3451309204102 22.6410064697266 22.8561305999756 23.1952323913574 23.4421062469482 23.6753597259521 23.9035415649414 24.0283336639404 24.2334213256836 24.5771198272705 25.7686214447021
28.7338314056396 -3.4e+38 -3.4e+38 -3.4e+38 -3.4e+38 -3.4e+38 -3.4e+38 -3.4e+38 -3.4e+38 -3.4e+38 28.8672370910645 28.8528881072998 -3.4e+38 -3.4e+38 -3.4e+38 28.632905960083 28.7129993438721 28.6492938995361 28.5127048492432 28.4458961486816 28.2688007354736 26.994701385498 25.0430870056152 24.5470142364502 24.2346515655518 24.1771335601807 24.2309856414795 24.321798324585 24.3571453094482 24.2886028289795 24.3092613220215 24.1566200256348 23.4075603485107 22.2798385620117 21.9741630554199 22.0285110473633 22.269660949707 22.4593696594238 22.6487255096436 22.8556365966797 23.2349166870117 23.6669750213623 23.7636032104492 23.9081954956055 24.1082382202148 24.3536777496338 25.0804023742676
28.5089225769043 28.6435356140137 -3.4e+38 -3.4e+38 -3.4e+38 -3.4e+38 -3.4e+38 -3.4e+38 -3.4e+38 -3.4e+38 28.9108409881592 28.9448566436768 28.9935894012451 -3.4e+38 -3.4e+38 28.5725975036621 28.5841827392578 28.7253551483154 28.5507869720459 28.1612396240234 27.3496780395508 25.5624370574951 24.6429824829102 24.4119033813477 23.9932537078857 24.0521469116211 24.2046279907227 24.0910968780518 24.1978740692139 24.1313037872314 23.9681186676025 23.6134338378906 23.0577564239502 21.7542629241943 21.4640293121338 21.6160640716553 21.9856262207031 22.2031879425049 22.4395179748535 22.6265430450439 22.9555206298828 23.3270931243896 23.6682929992676 23.9231014251709 24.106502532959 24.2685012817383 24.7039642333984
28.466121673584 28.5457420349121 28.6736679077148 28.7498092651367 -3.4e+38 -3.4e+38 -3.4e+38 -3.4e+38 -3.4e+38 -3.4e+38 -3.4e+38 28.9273910522461 28.9627933502197 28.9935894012451 28.6061916351318 28.483039855957 28.8029918670654 28.5701446533203 27.827112197876 26.5737857818604 25.1462516784668 24.2934513092041 24.089075088501 23.7072677612305 23.7564697265625 23.9550457000732 24.1269569396973 24.1137657165527 23.9492950439453 23.80442237854 23.6439380645752 23.0998058319092 21.7305774688721 20.8729515075684 20.5444145202637 20.4681777954102 20.8341789245605 21.4873847961426 21.9542980194092 22.3013172149658 22.5858058929443 22.9806995391846 23.4970169067383 23.8988208770752 24.0449028015137 24.2701473236084 24.4807167053223
27.7791519165039 28.3177814483643 28.6582164764404 28.9175434112549 -3.4e+38 -3.4e+38 -3.4e+38 -3.4e+38 28.9371356964111 28.9451198577881 28.8461799621582 28.6982498168945 29.0086040496826 28.8861865997314 27.97239112854 27.521598815918 27.9582748413086 27.7535247802734 27.1484546661377 25.3565235137939 23.5245323181152 23.1354064941406 23.1675052642822 23.6311683654785 23.9123706817627 24.0011692047119 23.7275104522705 23.2355575561523 23.0635375976562 22.8163375854492 21.8699016571045 20.6807918548584 19.903736114502 19.8297386169434 19.6415538787842 19.5517120361328 20.5645179748535 20.9324817657471 21.3733749389648 21.7782325744629 22.1062107086182 22.4767093658447 22.9173164367676 23.4162883758545 23.5758571624756 23.6781158447266 23.7661685943604
27.1169967651367 27.339786529541 27.7746562957764 28.3134326934814 28.6451053619385 28.5986080169678 28.6808032989502 28.7265110015869 28.7618389129639 28.730131149292 28.7560558319092 28.9060096740723 27.974401473999 26.9307613372803 26.203577041626 26.7767848968506 27.8522453308105 27.9939594268799 27.3364181518555 25.2183361053467 23.2527675628662 22.5822849273682 23.3636589050293 23.4169101715088 22.9159202575684 22.6795291900635 22.0596027374268 21.1984043121338 20.4019012451172 19.5251979827881 18.6423454284668 18.2216625213623 18.246187210083 18.848295211792 19.0478096008301 19.5457057952881 20.3872985839844 20.8778114318848 21.1771926879883 21.3715381622314 21.6769886016846 22.0237846374512 22.3441276550293 22.6008930206299 22.9542598724365 23.2062320709229 23.4321517944336
26.8210544586182 26.865665435791 27.1275272369385 27.6343116760254 28.1411685943604 28.3348140716553 28.4947052001953 28.5238704681396 28.4236946105957 28.2423553466797 27.9459629058838 27.0336093902588 26.0141658782959 25.3637523651123 25.1253471374512 25.3698692321777 26.1244850158691 28.7107067108154 28.3101291656494 26.0816326141357 22.8543128967285 22.7544116973877 22.8510417938232 21.8998165130615 21.0877418518066 20.4627113342285 19.2231483459473 18.5818653106689 18.1203918457031 17.7313117980957 17.6153717041016 17.62184715271 17.8118553161621 18.3083763122559 18.9146099090576 19.7505645751953 20.3080863952637 20.8969383239746 20.951171875 21.205415725708 21.4520969390869 21.7808246612549 22.1517200469971 22.355920791626 22.5698947906494 22.8282356262207 23.3932819366455
25.928524017334 26.1352405548096 26.4460945129395 26.802303314209 26.8722839355469 26.8502998352051 26.8553600311279 26.7863235473633 26.6406440734863 26.3489513397217 26.0113315582275 25.5509014129639 25.0243511199951 24.5799083709717 24.1542129516602 24.037410736084 24.3872261047363 25.4818706512451 24.017333984375 23.6343421936035 22.7972545623779 21.8594608306885 21.1982574462891 20.4660053253174 19.4499740600586 18.6664218902588 18.2907028198242 17.8413181304932 17.5960540771484 17.4584178924561 17.3652076721191 17.394905090332 17.76930809021 18.3887176513672 19.190071105957 19.9535217285156 20.4079875946045 20.7317523956299 20.8982200622559 21.1334037780762 21.4357452392578 21.6016178131104 22.0060253143311 22.3210124969482 22.5623188018799 22.6496086120605 22.9551277160645
25.4422645568848 25.5762996673584 25.7798404693604 26.0626487731934 26.2199764251709 26.1242980957031 25.9586391448975 25.859489440918 25.8226375579834 25.74587059021 25.4557704925537 24.928731918335 24.4305305480957 23.9980087280273 23.7205715179443 23.627124786377 23.6457195281982 23.5872192382812 23.055419921875 22.2178592681885 20.9691009521484 19.7781944274902 19.1453819274902 18.7328624725342 18.3021907806396 18.0896244049072 17.927978515625 17.6261825561523 17.4390392303467 17.2773303985596 17.1303958892822 17.4014129638672 17.9282569885254 18.4809989929199 19.2171401977539 19.9176807403564 20.429162979126 20.6530818939209 20.9443168640137 21.0480480194092 21.3275146484375 21.6131553649902 21.9542179107666 22.2251796722412 22.4755268096924 22.7101459503174 22.7867183685303
25.0426712036133 25.1495304107666 25.2995090484619 25.4930782318115 25.6794147491455 25.7398986816406 25.734899520874 25.6969013214111 25.6316394805908 25.4726886749268 25.1341094970703 24.1827449798584 22.9843120574951 22.4686546325684 22.9133949279785 23.4377002716064 23.4087905883789 23.1314468383789 22.6825733184814 21.0423393249512 19.3948726654053 18.4114074707031 18.2086029052734 17.8721446990967 17.7368698120117 17.6360969543457 17.6138401031494 17.4232177734375 17.1535110473633 17.1328811645508 17.134937286377 17.475471496582 17.9895973205566 18.507007598877 19.1651496887207 19.8222541809082 20.2618713378906 20.6280937194824 20.8851509094238 20.9022998809814 21.1931304931641 21.5950775146484 21.8320121765137 22.2214450836182 22.5119094848633 22.7005977630615 22.8525638580322
24.3892021179199 24.5339031219482 24.6729316711426 24.8562030792236 24.9879150390625 25.0986785888672 25.2336730957031 25.2075214385986 25.0447063446045 24.68922996521 24.3965167999268 24.0985050201416 23.2942028045654 21.5435943603516 20.8687477111816 21.2779426574707 21.5287265777588 21.8492698669434 21.3777465820312 20.3101329803467 19.2546234130859 18.374532699585 17.9012870788574 17.6840419769287 17.5941982269287 17.5855598449707 17.2421283721924 17.2004947662354 17.1499557495117 17.1560649871826 17.0949382781982 17.3245983123779 17.8646011352539 18.4181880950928 18.8667335510254 19.561092376709 19.9964370727539 20.3702907562256 20.6186695098877 20.8087615966797 20.9511528015137 21.2516536712646 21.7235774993896 22.1311302185059 22.5305233001709 22.8159103393555 23.0038814544678
23.998462677002 24.0039386749268 24.0894660949707 24.1192893981934 24.2971096038818 24.4455738067627 24.4332904815674 24.4299278259277 24.3581352233887 24.2577934265137 24.1390171051025 24.0874786376953 23.71071434021 22.3901042938232 20.9066905975342 19.5988693237305 19.564754486084 19.9161567687988 19.9539279937744 19.3603610992432 18.3231182098389 18.0703258514404 17.8109359741211 17.5913372039795 17.5820140838623 17.5482769012451 17.2258358001709 17.2180614471436 17.2023983001709 17.2153739929199 16.9727573394775 16.9847507476807 17.4868659973145 18.0987339019775 18.5762023925781 19.0691814422607 19.4989528656006 19.9551334381104 20.3090934753418 20.4767150878906 20.6326961517334 20.9825019836426 21.3070392608643 21.8115711212158 22.2790679931641 22.6701564788818 22.9558010101318
23.9551429748535 23.8513126373291 23.8017463684082 23.816593170166 23.8257102966309 23.8026847839355 23.7529449462891 23.7333793640137 23.7698535919189 23.8065795898438 23.5876903533936 23.5080394744873 23.097339630127 22.187837600708 20.6005306243896 19.0890254974365 18.5524997711182 18.6830348968506 18.942138671875 18.3544464111328 18.1415748596191 17.7527179718018 17.4310703277588 17.4759216308594 17.5391120910645 17.4674701690674 17.2516288757324 17.2734489440918 17.2847557067871 17.2992191314697 17.0593185424805 17.0067806243896 17.0459823608398 17.2761344909668 17.7577114105225 18.1386890411377 18.3973083496094 18.9980125427246 19.5908813476562 19.8640785217285 20.0510787963867 20.4182624816895 20.7607803344727 21.2253551483154 21.5325565338135 22.1096343994141 22.4773273468018
