Ecospace-environmental-drivers/Outputs/ASCII-for-ecospace/Temp-avg/Temp-avg_X2020.12.asc
NCOLS 131 
NROWS 53 
XLLCORNER -98 
YLLCORNER 23.9265270233154 
CELLSIZE 0.133587792515755 
NODATA_value -3.4e+38 
[rows 0 to 20 of 53, columns 47 to 93 of 131]
-3.4e+38 -3.4e+38 -3.4e+38 -3.4e+38 -3.4e+38 -3.4e+38 -3.4e+38 -3.4e+38 -3.4e+38 -3.4e+38 -3.4e+38 -3.4e+38 -3.4e+38 -3.4e+38 -3.4e+38 -3.4e+38 -3.4e+38 -3.4e+38 -3.4e+38 -3.4e+38 -3.4e+38 -3.4e+38 -3.4e+38 -3.4e+38 -3.4e+38 -3.4e+38 -3.4e+38 -3.4e+38 -3.4e+38 -3.4e+38 -3.4e+38 -3.4e+38 -3.4e+38 -3.4e+38 -3.4e+38 -3.4e+38 -3.4e+38 -3.4e+38 -3.4e+38 -3.4e+38 -3.4e+38 -3.4e+38 -3.4e+38 -3.4e+38 -3.4e+38 -3.4e+38 -3.4e+38
-3.4e+38 -3.4e+38 -3.4e+38 -3.4e+38 -3.4e+38 -3.4e+38 -3.4e+38 -3.4e+38 -3.4e+38 -3.4e+38 -3.4e+38 -3.4e+38 -3.4e+38 -3.4e+38 -3.4e+38 -3.4e+38 -3.4e+38 -3.4e+38 -3.4e+38 -3.4e+38 -3.4e+38 -3.4e+38 -3.4e+38 -3.4e+38 -3.4e+38 -3.4e+38 -3.4e+38 -3.4e+38 -3.4e+38 -3.4e+38 -3.4e+38 -3.4e+38 -3.4e+38 -3.4e+38 -3.4e+38 -3.4e+38 -3.4e+38 -3.4e+38 -3.4e+38 -3.4e+38 -3.4e+38 -3.4e+38 -3.4e+38 -3.4e+38 -3.4e+38 -3.4e+38 -3.4e+38
-3.4e+38 -3.4e+38 -3.4e+38 -3.4e+38 -3.4e+38 -3.4e+38 -3.4e+38 -3.4e+38 -3.4e+38 -3.4e+38 -3.4e+38 -3.4e+38 -3.4e+38 -3.4e+38 -3.4e+38 -3.4e+38 -3.4e+38 -3.4e+38 -3.4e+38 -3.4e+38 -3.4e+38 -3.4e+38 -3.4e+38 -3.4e+38 -3.4e+38 -3.4e+38 -3.4e+38 13.642032623291 13.6489334106445 -3.4e+38 -3.4e+38 -3.4e+38 -3.4e+38 -3.4e+38 -3.4e+38 -3.4e+38 -3.4e+38 -3.4e+38 -3.4e+38 -3.4e+38 -3.4e+38 -3.4e+38 -3.4e+38 -3.4e+38 -3.4e+38 -3.4e+38 -3.4e+38
-3.4e+38 -3.4e+38 -3.4e+38 -3.4e+38 -3.4e+38 -3.4e+38 -3.4e+38 -3.4e+38 -3.4e+38 -3.4e+38 -3.4e+38 -3.4e+38 -3.4e+38 -3.4e+38 -3.4e+38 -3.4e+38 -3.4e+38 -3.4e+38 -3.4e+38 -3.4e+38 -3.4e+38 -3.4e+38 -3.4e+38 -3.4e+38 -3.4e+38 -3.4e+38 -3.4e+38 13.9949007034302 14.2161626815796 -3.4e+38 -3.4e+38 -3.4e+38 -3.4e+38 -3.4e+38 -3.4e+38 -3.4e+38 -3.4e+38 -3.4e+38 -3.4e+38 -3.4e+38 -3.4e+38 -3.4e+38 -3.4e+38 -3.4e+38 -3.4e+38 -3.4e+38 -3.4e+38
-3.4e+38 -3.4e+38 -3.4e+38 -3.4e+38 -3.4e+38 -3.4e+38 -3.4e+38 -3.4e+38 -3.4e+38 13.0836019515991 13.0836019515991 13.1065893173218 13.31565284729 -3.4e+38 -3.4e+38 -3.4e+38 -3.4e+38 -3.4e+38 14.4578380584717 14.5156011581421 14.0576429367065 14.033239364624 14.2350654602051 14.3869466781616 14.6541986465454 14.4937219619751 14.4355478286743 14.3005247116089 14.5498962402344 14.6434316635132 -3.4e+38 -3.4e+38 18.3492469787598 18.6344947814941 18.0507736206055 18.4873542785645 18.6767120361328 18.0550136566162 18.080883026123 18.7687759399414 18.651554107666 18.8022537231445 -3.4e+38 -3.4e+38 -3.4e+38 -3.4e+38 -3.4e+38
-3.4e+38 -3.4e+38 -3.4e+38 -3.4e+38 -3.4e+38 -3.4e+38 -3.4e+38 -3.4e+38 13.0836019515991 13.0836019515991 13.0836019515991 13.0836019515991 13.1295776367188 13.3482761383057 13.7011556625366 -3.4e+38 13.9111652374268 13.9291667938232 14.4441585540771 14.9424238204956 15.3170375823975 15.5167779922485 14.8909378051758 15.0655946731567 15.3106336593628 15.6300096511841 15.3750162124634 15.4184694290161 15.515908241272 14.7515802383423 17.3917045593262 17.8343200683594 18.337459564209 18.8759593963623 19.2737827301025 19.5848388671875 19.8079986572266 19.7469139099121 19.5363140106201 19.3978462219238 19.2171726226807 18.8485412597656 18.4917469024658 18.3010864257812 -3.4e+38 -3.4e+38 -3.4e+38
-3.4e+38 -3.4e+38 -3.4e+38 -3.4e+38 -3.4e+38 -3.4e+38 -3.4e+38 -3.4e+38 13.1145343780518 13.0836019515991 13.0836019515991 13.0836019515991 13.0836019515991 13.1755523681641 13.4327926635742 13.7011556625366 13.8223438262939 14.1919937133789 14.6500539779663 15.6015768051147 16.5264778137207 17.1114635467529 17.4745407104492 17.5648460388184 17.5279293060303 17.5547866821289 17.6477851867676 17.6275806427002 17.8691444396973 18.1869049072266 18.6940422058105 19.3827133178711 19.8852043151855 20.3086071014404 20.805965423584 21.0347156524658 21.2766304016113 21.1621761322021 20.9446392059326 20.7198467254639 20.4570922851562 19.9511032104492 19.3433704376221 18.7470378875732 18.2811756134033 18.1042098999023 -3.4e+38
-3.4e+38 -3.4e+38 -3.4e+38 -3.4e+38 -3.4e+38 -3.4e+38 -3.4e+38 -3.4e+38 -3.4e+38 -3.4e+38 13.0836019515991 13.0836019515991 13.0836019515991 -3.4e+38 13.2675037384033 13.6789073944092 13.8090782165527 13.9761114120483 14.4553813934326 15.4006490707397 16.1754608154297 16.7421493530273 18.2132129669189 18.9044380187988 18.9121189117432 18.6445331573486 18.3969860076904 18.3581848144531 18.5609645843506 19.0393333435059 19.7946605682373 20.5000858306885 20.9358959197998 21.2980976104736 21.6593608856201 21.6072483062744 21.8026828765869 21.835729598999 21.7297229766846 21.5543804168701 21.3719882965088 21.0137767791748 20.1914024353027 19.4761199951172 18.7791156768799 18.063871383667 17.2926731109619
-3.4e+38 -3.4e+38 -3.4e+38 -3.4e+38 -3.4e+38 -3.4e+38 -3.4e+38 -3.4e+38 -3.4e+38 -3.4e+38 -3.4e+38 -3.4e+38 -3.4e+38 -3.4e+38 13.2705564498901 13.5598211288452 13.9602642059326 14.0434637069702 14.443995475769 14.9765520095825 15.4755249023438 15.9683628082275 18.4805717468262 19.567008972168 19.8110847473145 19.6014404296875 19.1934413909912 19.1571083068848 19.3869571685791 19.9028339385986 20.5251636505127 21.1000671386719 21.6221981048584 21.8133811950684 21.7492122650146 21.7246131896973 21.817626953125 22.007848739624 22.0536518096924 22.0235862731934 21.8446083068848 21.461254119873 20.7386798858643 20.0760440826416 19.381742477417 18.5093555450439 17.4849910736084
13.8465414047241 -3.4e+38 -3.4e+38 -3.4e+38 -3.4e+38 -3.4e+38 -3.4e+38 -3.4e+38 -3.4e+38 -3.4e+38 14.500771522522 13.9187717437744 -3.4e+38 -3.4e+38 -3.4e+38 13.9278783798218 14.2869634628296 14.3675022125244 14.7048387527466 15.19553565979 15.5000286102295 16.617467880249 18.8868560791016 19.9739952087402 20.2603034973145 20.2170791625977 20.062593460083 20.0624942779541 20.3995475769043 20.7248477935791 21.217679977417 21.6372776031494 21.9362163543701 21.594705581665 21.4649982452393 21.5494041442871 21.7325878143311 21.8851413726807 22.0040283203125 22.0509262084961 21.9603576660156 21.6482620239258 21.2130432128906 20.6228771209717 19.869649887085 19.021842956543 17.8709869384766
13.7968349456787 13.8808784484863 -3.4e+38 -3.4e+38 -3.4e+38 -3.4e+38 -3.4e+38 -3.4e+38 -3.4e+38 -3.4e+38 15.2129402160645 15.1008005142212 14.7539405822754 -3.4e+38 -3.4e+38 14.1980867385864 14.3239650726318 14.5628042221069 14.9699869155884 15.3846750259399 16.1438522338867 17.7438716888428 19.0571804046631 20.0478668212891 20.5283966064453 20.8767509460449 21.0126495361328 20.9257202148438 21.1436996459961 21.4174823760986 21.654993057251 21.991003036499 22.00927734375 21.1475830078125 20.934663772583 21.0373973846436 21.3398571014404 21.5778751373291 21.8501968383789 21.9387531280518 21.9824123382568 21.8565731048584 21.5287990570068 21.0180568695068 20.3224620819092 19.4787483215332 18.512752532959
13.829906463623 13.8421535491943 14.008451461792 14.2355365753174 -3.4e+38 -3.4e+38 -3.4e+38 -3.4e+38 -3.4e+38 -3.4e+38 -3.4e+38 15.1986217498779 15.2056016921997 14.7539405822754 15.6035861968994 15.1900110244751 14.5807104110718 15.0485601425171 15.2825393676758 16.0449161529541 17.828088760376 18.9622459411621 19.821928024292 20.5056934356689 21.1371288299561 21.4699440002441 21.5870189666748 21.641845703125 21.7502002716064 21.9782238006592 22.0815486907959 21.940788269043 20.9193572998047 20.2254829406738 19.9344444274902 19.8993911743164 20.2429714202881 20.8927631378174 21.4051303863525 21.6948566436768 21.8834095001221 21.9496402740479 21.8068675994873 21.3277740478516 20.7219295501709 20.0010070800781 19.2144775390625
14.9951019287109 14.504677772522 14.3626890182495 14.3354682922363 -3.4e+38 -3.4e+38 -3.4e+38 -3.4e+38 15.0953998565674 15.1506633758545 15.3394145965576 15.6516895294189 15.0578298568726 15.8050346374512 17.6572818756104 17.1756820678711 16.2070598602295 16.096061706543 15.8018770217896 16.4562377929688 18.9930610656738 20.2535152435303 20.7654571533203 21.3361835479736 21.7442264556885 21.9014186859131 21.9786624908447 21.9076061248779 21.9334049224854 21.8146381378174 21.0399971008301 19.9751472473145 19.2660865783691 19.2809600830078 19.1639385223389 19.0650234222412 19.9349193572998 20.2665767669678 20.7695007324219 21.2253532409668 21.5408325195312 21.7761116027832 21.8430042266846 21.6535301208496 21.3197727203369 20.869701385498 20.4661712646484
15.8379611968994 15.7859239578247 15.5387763977051 15.1612033843994 15.0286998748779 15.1244211196899 15.2004289627075 15.3185634613037 15.3914909362793 15.5478239059448 15.6731719970703 15.3482532501221 16.8397789001465 18.4534282684326 18.6516056060791 18.0890159606934 16.8997993469238 16.5282154083252 16.7823829650879 18.1275444030762 18.8413143157959 20.7835674285889 21.43115234375 21.850923538208 21.8736209869385 21.7449226379395 21.266637802124 20.6176681518555 19.95849609375 19.0974540710449 18.2094764709473 17.8044147491455 17.8417205810547 18.4265766143799 18.6119346618652 19.0252418518066 19.7355442047119 20.1390438079834 20.5186157226562 20.8447494506836 21.1873397827148 21.4456882476807 21.6982421875 21.8151512145996 21.869836807251 21.7974147796631 21.6309604644775
16.3676204681396 16.4075870513916 16.2288570404053 16.0839309692383 15.8278274536133 15.9190864562988 15.9636936187744 16.1906051635742 16.7027015686035 17.1226596832275 17.5913581848145 18.6343650817871 18.9755878448486 18.8753185272217 18.695728302002 18.6499652862549 18.0681133270264 16.3252449035645 17.3810348510742 18.8880100250244 20.5312824249268 21.2845935821533 21.7632141113281 21.1546764373779 20.5393810272217 20.0319919586182 18.9042816162109 18.3304977416992 17.9741172790527 17.6234073638916 17.4323883056641 17.350170135498 17.4828014373779 17.9368515014648 18.4316558837891 19.1389045715332 19.6258239746094 20.1345233917236 20.2535705566406 20.5732727050781 20.910364151001 21.2249641418457 21.5072059631348 21.7339057922363 21.9031715393066 22.048038482666 22.0889377593994
17.7144756317139 17.4367809295654 17.0909252166748 17.0266494750977 17.3794231414795 17.9671688079834 18.3522491455078 18.6701431274414 19.0300903320312 19.4459934234619 19.4310722351074 19.329683303833 19.1332836151123 18.9265651702881 18.910924911499 19.1745910644531 19.2869663238525 18.9213447570801 20.268497467041 20.8303298950195 21.2966327667236 20.9827442169189 20.5587844848633 19.980224609375 19.0754280090332 18.383129119873 18.0774364471436 17.6730480194092 17.5009727478027 17.4104785919189 17.3364315032959 17.272741317749 17.4994678497314 18.004861831665 18.6711444854736 19.2743911743164 19.6545753479004 19.9753551483154 20.1043567657471 20.4147396087646 20.7564830780029 20.9402713775635 21.2716598510742 21.6041393280029 21.8866558074951 21.9670696258545 22.1582012176514
18.8466987609863 18.4606437683105 18.1538524627686 18.0481586456299 18.3634567260742 19.0253467559814 19.6241321563721 19.8311500549316 19.895938873291 19.9105644226074 19.863525390625 19.8026332855225 19.353141784668 19.3146839141846 19.7822418212891 20.2861499786377 20.5301723480225 20.9487266540527 21.2199363708496 20.9672031402588 20.2167587280273 19.2501201629639 18.7303104400635 18.3938407897949 18.0390758514404 17.8967609405518 17.7959232330322 17.5430965423584 17.4247722625732 17.2695693969727 17.1095161437988 17.3230438232422 17.7490749359131 18.1827983856201 18.7034206390381 19.1920871734619 19.6161670684814 19.8538875579834 20.0698947906494 20.2285270690918 20.5032024383545 20.7951717376709 21.1234149932861 21.4240303039551 21.7132873535156 21.9741230010986 22.0971870422363
20.2030506134033 19.7338695526123 19.3554725646973 19.1511516571045 19.2320709228516 19.5367031097412 19.8400077819824 20.0295963287354 20.1117210388184 20.1974296569824 20.238826751709 20.1062927246094 19.8081092834473 19.8071575164795 20.4013004302979 21.1798686981201 21.4244518280029 21.367748260498 21.3247833251953 20.1419906616211 18.8071784973145 18.0160427093506 17.9096794128418 17.6190929412842 17.5354442596436 17.5085544586182 17.5755577087402 17.4591732025146 17.2624835968018 17.234619140625 17.1893062591553 17.4445381164551 17.8343906402588 18.2602043151855 18.7086334228516 19.1205139160156 19.4043579101562 19.7295227050781 19.9206809997559 20.0025272369385 20.3080558776855 20.6955986022949 20.9294509887695 21.317741394043 21.686128616333 21.8613166809082 22.0552806854248
21.4473400115967 21.058723449707 20.6907711029053 20.4940128326416 20.4601039886475 20.5526084899902 20.64084815979 20.6820449829102 20.7114791870117 20.7274265289307 20.6409244537354 20.5609149932861 20.5472927093506 19.7598552703857 19.5590972900391 20.1456985473633 20.506721496582 20.8395442962646 20.4974708557129 19.6226863861084 18.7665615081787 18.0222778320312 17.6056251525879 17.4568519592285 17.4238338470459 17.5001831054688 17.2714538574219 17.3409156799316 17.3658828735352 17.3451652526855 17.19970703125 17.3408374786377 17.76975440979 18.1947193145752 18.5080413818359 18.9639053344727 19.1638240814209 19.4219951629639 19.6381015777588 19.8306407928467 20.0152244567871 20.2748832702637 20.7287292480469 21.0849647521973 21.466495513916 21.7527046203613 21.9598693847656
22.2485790252686 22.0604038238525 21.8071231842041 21.6210517883301 21.5465469360352 21.5026054382324 21.4619178771973 21.4371700286865 21.388708114624 21.2901630401611 21.1079254150391 21.0206928253174 21.507984161377 21.1700534820557 20.1799411773682 19.1351089477539 19.0631542205811 19.414478302002 19.4330215454102 18.8772087097168 17.9191207885742 17.7239856719971 17.5250129699707 17.4092597961426 17.4441967010498 17.503454208374 17.3091621398926 17.3958835601807 17.4512176513672 17.4546737670898 17.1362266540527 17.0603008270264 17.4370079040527 17.9010066986084 18.2251415252686 18.5309238433838 18.7321395874023 18.9963665008545 19.2985191345215 19.4513168334961 19.6610355377197 19.9975776672363 20.2963180541992 20.7228488922119 21.0824584960938 21.4518775939941 21.7516613006592
22.5707950592041 22.5455570220947 22.5174808502197 22.470043182373 22.3859081268311 22.3098526000977 22.2719974517822 22.2113590240479 22.0992031097412 21.9938125610352 21.9227142333984 22.1447124481201 22.1258563995361 21.5719566345215 20.2319526672363 18.7508125305176 18.1966819763184 18.324047088623 18.585765838623 17.9729461669922 17.8109359741211 17.4774074554443 17.2225036621094 17.3247413635254 17.4400100708008 17.441162109375 17.2974166870117 17.3988018035889 17.4758110046387 17.521017074585 17.2372703552246 17.0954399108887 17.0296077728271 17.1207256317139 17.451286315918 17.692928314209 17.7977161407471 18.1972141265869 18.6736793518066 18.9212131500244 19.148099899292 19.4907264709473 19.793514251709 20.1840076446533 20.4279155731201 20.895378112793 21.2423362731934
