Ecospace-environmental-drivers/Outputs/ASCII-for-ecospace/Temp-avg/Temp-avg_X2015.09.asc
NCOLS 131 
NROWS 53 
XLLCORNER -98 
YLLCORNER 23.9265270233154 
CELLSIZE 0.133587792515755 
NODATA_value -3.4e+38 
[rows 21 to 41 of 53, columns 47 to 93 of 131]
26.9449462890625 26.9169006347656 26.6985664367676 26.7729454040527 26.950309753418 27.0838489532471 27.384391784668 27.4088764190674 27.4109363555908 27.2286720275879 26.5951232910156 26.3068103790283 25.622766494751 23.7475547790527 22.061164855957 19.9443969726562 19.3678817749023 19.4813499450684 19.8545017242432 19.2769737243652 18.2564544677734 16.9951019287109 16.5426387786865 16.4700050354004 16.1077976226807 15.9421434402466 15.7126045227051 15.7061405181885 15.6952228546143 15.6874599456787 15.5159797668457 15.3064479827881 15.2915840148926 15.5891408920288 16.0424785614014 16.6186714172363 17.15576171875 18.1636562347412 18.7515811920166 19.2107887268066 19.7923793792725 20.3031902313232 20.7819805145264 21.3210010528564 22.0560264587402 22.3751373291016 22.7444877624512
26.319465637207 26.0296363830566 25.7407779693604 25.9975624084473 25.9510860443115 26.1796436309814 26.074333190918 25.9024543762207 26.2029590606689 25.6401042938232 24.8308887481689 24.8293361663818 24.032434463501 22.9389476776123 22.0113391876221 20.591459274292 19.5765075683594 19.1714153289795 19.4772510528564 18.8882923126221 17.8686046600342 17.234094619751 16.7185535430908 16.5186519622803 16.2826156616211 16.0132694244385 15.9584379196167 15.9177808761597 15.8374652862549 15.5851230621338 15.5089902877808 15.4915943145752 15.424786567688 15.3318204879761 15.1937675476074 15.0971240997314 15.0088987350464 15.6845283508301 17.4834499359131 18.2246837615967 18.7288913726807 19.3222160339355 19.6337947845459 20.1306133270264 20.7753734588623 21.4950866699219 22.1187744140625
25.3520221710205 24.8827819824219 25.1273460388184 25.2379188537598 25.5954341888428 25.6143779754639 24.6200351715088 24.5762805938721 24.7137088775635 23.6629257202148 23.1116981506348 22.7625522613525 22.6198616027832 21.9303398132324 21.2077808380127 21.0036067962646 19.6292705535889 18.7983379364014 18.6151733398438 18.6132698059082 17.9500179290771 17.2353687286377 16.9162464141846 16.6133842468262 16.4392719268799 16.3549194335938 16.2530765533447 16.1635990142822 16.0412502288818 15.719183921814 15.7094926834106 15.6949005126953 15.6290731430054 15.5255756378174 15.3809518814087 15.2036533355713 15.0348711013794 14.913444519043 15.1810178756714 15.8475637435913 16.5880813598633 17.4746761322021 17.9865016937256 18.8012943267822 19.4904460906982 20.1363639831543 20.9727745056152
23.5732421875 23.2175922393799 23.8234443664551 23.6810169219971 23.5361442565918 22.8074798583984 22.9741744995117 22.5108852386475 21.9482040405273 21.44602394104 20.95924949646 21.5454406738281 21.4140701293945 20.9895496368408 20.6602363586426 20.2217788696289 19.6644344329834 18.8528919219971 18.3916854858398 18.2429103851318 18.2473163604736 17.6390361785889 17.2478923797607 16.8167457580566 16.7573356628418 16.6629199981689 16.558126449585 16.3577575683594 16.1186046600342 15.9697370529175 15.9354496002197 15.9002599716187 15.8308267593384 15.7244462966919 15.5875186920166 15.4108285903931 15.2146549224854 15.0528411865234 14.7175607681274 14.6007328033447 14.5444355010986 14.6931247711182 15.062726020813 16.3625736236572 17.9894905090332 18.9844512939453 20.1001319885254
21.4745845794678 21.7143287658691 21.1632556915283 22.0043678283691 21.8064289093018 21.2421188354492 21.0680561065674 20.3312702178955 19.8292427062988 20.1559219360352 20.3827838897705 20.8114643096924 20.6778030395508 20.4613952636719 20.0485153198242 19.5376529693604 19.2523555755615 19.023853302002 18.3395709991455 18.3487510681152 18.0517616271973 18.1000862121582 17.829122543335 17.1827583312988 17.0522041320801 16.9257278442383 16.6085567474365 16.3923473358154 16.2778396606445 16.222785949707 16.1650772094727 16.1094131469727 16.0316486358643 15.892993927002 15.7271480560303 15.6040496826172 15.2456502914429 14.9871950149536 14.9894180297852 14.6627368927002 14.5374984741211 14.4784803390503 14.4431047439575 14.6164035797119 15.603217124939 17.5468273162842 19.0930423736572
19.9653472900391 19.6948928833008 19.7057495117188 19.8154640197754 19.4114875793457 19.87961769104 19.0859546661377 19.8851985931396 18.9670505523682 19.3912334442139 19.6423664093018 19.8291530609131 19.6278438568115 19.6830406188965 20.0981864929199 19.5422420501709 18.6630249023438 18.4643287658691 18.3947677612305 18.3728561401367 18.2982711791992 17.9999732971191 17.937614440918 17.7333297729492 17.3313808441162 17.2163753509521 16.8294868469238 16.6363468170166 16.5343017578125 16.4529132843018 16.3872699737549 16.3155555725098 16.2442378997803 15.9264726638794 15.6806716918945 15.520565032959 15.2905836105347 15.0423831939697 14.8426465988159 14.7029542922974 14.6057453155518 14.5106620788574 14.4762477874756 14.5112762451172 14.5922174453735 15.0865144729614 17.4084358215332
18.9963550567627 18.9219760894775 19.0043277740479 18.1627655029297 18.3247108459473 18.8890380859375 18.3211212158203 18.7606620788574 18.6720027923584 18.9503383636475 19.0230484008789 19.4471111297607 19.3376655578613 19.2707824707031 19.2120151519775 18.6114501953125 18.0270023345947 18.0188770294189 18.2735977172852 18.3327121734619 18.2207069396973 18.2332096099854 18.082426071167 17.8987121582031 17.5926094055176 17.4706745147705 17.357852935791 17.0313167572021 16.7651195526123 16.6643600463867 16.5840396881104 16.5033302307129 16.4219532012939 16.1997737884521 16.0328769683838 15.7580623626709 15.4861001968384 15.2164831161499 14.9642019271851 14.7924108505249 14.6691751480103 14.5728330612183 14.534140586853 14.5518827438354 14.5916118621826 14.6128597259521 15.8862209320068
17.8797664642334 17.5730247497559 17.657356262207 16.8838272094727 17.2192440032959 17.702465057373 17.9431915283203 18.063663482666 18.4320049285889 18.2374095916748 18.7035903930664 18.7167816162109 19.0868358612061 18.8126163482666 18.0191555023193 17.8779621124268 17.6265563964844 17.7403545379639 18.1221733093262 18.2435550689697 18.3403396606445 18.0807247161865 17.9922504425049 17.9309520721436 17.8306407928467 17.7081642150879 17.5553035736084 17.1824321746826 16.9478569030762 16.843297958374 16.7465438842773 16.6589412689209 16.5683631896973 16.3650436401367 16.2357635498047 15.8973731994629 15.71852684021 15.391261100769 15.102931022644 14.8992948532104 14.7403554916382 14.623046875 14.5766201019287 14.5883407592773 14.6151084899902 14.6183929443359 14.948486328125
17.1878929138184 17.0125122070312 16.5891361236572 16.703634262085 16.7578220367432 16.8945045471191 16.9926071166992 17.4570865631104 17.8218402862549 17.8501052856445 18.2199096679688 18.3149890899658 17.8917655944824 17.6304111480713 17.4529685974121 17.6086711883545 17.7418403625488 17.8674697875977 17.9530830383301 18.0403919219971 18.1233329772949 18.1371898651123 18.1435146331787 18.0920505523682 18.0179138183594 17.8499794006348 17.4891147613525 17.2500476837158 17.1149272918701 16.9981060028076 16.8942947387695 16.7952919006348 16.7154197692871 16.629322052002 16.4027004241943 16.257625579834 15.9634618759155 15.5261201858521 15.2273626327515 15.0088396072388 14.8315105438232 14.6889925003052 14.6246356964111 14.6132764816284 14.61865234375 14.6132221221924 14.6667509078979
16.8168983459473 16.4675140380859 16.0892105102539 16.2252159118652 16.3797512054443 16.5984210968018 16.8112182617188 17.0017890930176 17.2134304046631 17.5472812652588 17.2023754119873 17.1410732269287 17.1713485717773 17.3429107666016 17.5139427185059 17.6686630249023 17.8121242523193 17.9477024078369 18.0565662384033 18.1421031951904 18.2249507904053 18.2684745788574 18.2704830169678 18.2332592010498 17.9015216827393 17.667163848877 17.5516834259033 17.4184131622314 17.2883033752441 17.1688327789307 17.0392189025879 16.9236507415771 16.8336486816406 16.7416896820068 16.5836944580078 16.374340057373 15.9146251678467 15.5942487716675 15.2978506088257 15.0945558547974 14.9136772155762 14.7514152526855 14.6550741195679 14.6016664505005 14.5821485519409 14.5778217315674 14.5828790664673
16.5524501800537 16.1162509918213 15.9650716781616 15.7283983230591 16.1048812866211 16.2643604278564 16.5777854919434 16.9129581451416 17.2162933349609 16.9763145446777 16.8462905883789 17.014181137085 17.1506328582764 17.3623027801514 17.5197734832764 17.6702575683594 17.7115955352783 17.6033306121826 17.8719654083252 18.1790237426758 18.3213138580322 18.375129699707 18.3848972320557 18.3803787231445 17.9177532196045 17.8036479949951 17.6937294006348 17.5754623413086 17.4540977478027 17.3244762420654 17.1845054626465 17.0461616516113 16.9396572113037 16.8265399932861 16.7081832885742 16.5461006164551 16.1903438568115 15.7016916275024 15.3577661514282 15.1462421417236 14.9546060562134 14.777702331543 14.6570291519165 14.5826959609985 14.5433473587036 14.5341882705688 14.5507831573486
16.1560707092285 15.9997520446777 15.7240295410156 15.750111579895 15.9791746139526 16.0059623718262 16.3085327148438 16.5924968719482 16.9445552825928 16.7603073120117 16.8583354949951 16.7463569641113 16.9235248565674 17.1118907928467 17.2697277069092 17.412914276123 17.5431690216064 17.6770610809326 17.8053493499756 17.9669075012207 18.3216133117676 18.4608669281006 18.4801826477051 18.4793128967285 18.1334629058838 17.9120788574219 17.8154277801514 17.6998386383057 17.5895748138428 17.4690284729004 17.3262042999268 17.176326751709 17.0421047210693 16.8977470397949 16.7563610076904 16.5947513580322 16.2981834411621 15.7182741165161 15.4154529571533 15.1771116256714 14.9815940856934 14.7982234954834 14.6569700241089 14.5634250640869 14.5149459838867 14.5197277069092 14.5295610427856
15.8664083480835 15.7059946060181 15.6716585159302 15.4543104171753 15.8807172775269 15.8874711990356 15.9967994689941 16.3038558959961 16.5555248260498 16.4684028625488 16.5969581604004 16.7543792724609 16.9683570861816 17.1588363647461 17.3213233947754 17.4784908294678 17.6160316467285 17.7480888366699 17.8787059783936 17.9918994903564 18.081859588623 18.3301792144775 18.5363063812256 18.5038623809814 18.2858543395996 17.98583984375 17.8899841308594 17.7855625152588 17.6839637756348 17.5671844482422 17.4469127655029 17.2810802459717 17.1153793334961 16.9409580230713 16.7888660430908 16.625186920166 16.1473636627197 15.8424367904663 15.4805107116699 15.2205381393433 15.0304555892944 14.8526287078857 14.707498550415 14.6022653579712 14.5417242050171 14.5407342910767 14.5560684204102
15.6058435440063 15.3056478500366 15.2599153518677 15.3202238082886 15.6459550857544 15.6463584899902 15.8664064407349 16.0909099578857 16.1983642578125 16.3142223358154 16.5526943206787 16.7653903961182 16.9777145385742 17.1813220977783 17.3640842437744 17.5256881713867 17.651517868042 17.7859592437744 17.9217796325684 18.0324592590332 18.0955944061279 18.113187789917 18.244421005249 18.3741092681885 18.1248245239258 17.9905109405518 17.913293838501 17.8293800354004 17.734016418457 17.6138896942139 17.4953384399414 17.3231811523438 17.1402969360352 16.9571018218994 16.7950344085693 16.5718402862549 16.1818523406982 15.8267498016357 15.5736017227173 15.3243770599365 15.1189107894897 14.9452934265137 14.8073434829712 14.6966342926025 14.6155099868774 14.588888168335 14.575343132019
15.2419881820679 15.1501684188843 15.12917137146 15.2166805267334 15.3633279800415 15.5791330337524 15.6263046264648 15.748646736145 16.0162925720215 16.2949142456055 16.3437805175781 16.4167156219482 16.7542953491211 17.0475273132324 17.3718376159668 17.4700031280518 17.6650924682617 17.7915363311768 17.9186592102051 18.0284976959229 18.0805149078369 18.0888671875 18.0697593688965 18.0430202484131 18.0097408294678 17.9500160217285 17.8877735137939 17.8248558044434 17.7354717254639 17.6285572052002 17.4939270019531 17.3106098175049 17.1232376098633 16.9574928283691 16.78395652771 16.3484897613525 16.0920276641846 15.8881053924561 15.6799116134644 15.4570980072021 15.2470626831055 15.0669803619385 14.9307279586792 14.8233604431152 14.7294607162476 14.6772336959839 14.6402425765991
15.1013708114624 14.9997034072876 15.0098514556885 15.1088790893555 15.2736778259277 15.4830455780029 15.264609336853 15.5054988861084 15.8331909179688 16.0144443511963 16.1284313201904 16.3548889160156 16.5536136627197 16.7610015869141 17.0817642211914 17.1921539306641 17.4041061401367 17.6306686401367 17.7877559661865 17.9655265808105 18.0205764770508 18.0205478668213 18.0234451293945 18.0106964111328 17.9738483428955 17.9016437530518 17.8393077850342 17.7652320861816 17.6766204833984 17.5684795379639 17.4100551605225 17.1344661712646 16.9483451843262 16.7849807739258 16.4575290679932 16.2459754943848 16.1005325317383 15.9322195053101 15.7707386016846 15.6051712036133 15.4210243225098 15.2556190490723 15.1200666427612 14.9827480316162 14.8717699050903 14.7993288040161 14.7340040206909
14.966381072998 14.8608379364014 14.8764944076538 14.997950553894 15.1479148864746 15.1238803863525 14.9824590682983 15.2177066802979 15.4994335174561 15.7759075164795 16.0453968048096 16.2790832519531 16.4787368774414 16.6685409545898 16.8583221435547 17.0417041778564 17.1859130859375 17.3052062988281 17.5243663787842 17.8049602508545 17.8870220184326 17.9353713989258 17.9469184875488 17.9332218170166 17.8813762664795 17.8137531280518 17.741979598999 17.6535053253174 17.5501956939697 17.4207649230957 17.1339511871338 16.7275924682617 16.6504039764404 16.4379215240479 16.3135356903076 16.2087593078613 16.0995216369629 16.0192070007324 15.8597927093506 15.7386465072632 15.6008291244507 15.46129322052 15.3295278549194 15.1804733276367 15.0574569702148 14.9613771438599 14.8742017745972
14.8382863998413 14.7679672241211 14.6632614135742 14.5100774765015 14.5560779571533 14.6687545776367 14.8584842681885 15.1050481796265 15.3784065246582 15.6353912353516 15.9119606018066 16.1517677307129 16.3709888458252 16.5828857421875 16.7643222808838 16.9253368377686 17.0616149902344 17.1696491241455 17.2649307250977 17.3493232727051 17.4105014801025 17.6196308135986 17.8016929626465 17.7686862945557 17.7181987762451 17.6507701873779 17.5680809020996 17.4631156921387 17.1122417449951 17.0370540618896 16.8201465606689 16.55295753479 16.4256172180176 16.3064956665039 16.2204303741455 16.1523590087891 16.0889129638672 16.0193099975586 15.9362859725952 15.8554248809814 15.7553291320801 15.6538343429565 15.5457534790039 15.4255933761597 15.3147687911987 15.2048625946045 15.1006345748901
14.7659177780151 14.5427913665771 14.27894115448 14.2837610244751 14.4367837905884 14.6068124771118 14.7763299942017 14.9953012466431 15.2447834014893 15.4677667617798 15.7244291305542 15.984411239624 16.2175903320312 16.42236328125 16.6166477203369 16.7783946990967 16.9070816040039 17.0060539245605 17.0887794494629 17.1663875579834 17.2216701507568 17.233226776123 17.3006496429443 17.165548324585 17.1837139129639 17.2287521362305 16.9521427154541 16.8045635223389 16.6847267150879 16.5461463928223 16.4236145019531 16.3118629455566 16.2139511108398 16.1590709686279 16.1263904571533 16.0922260284424 16.0737419128418 16.0767669677734 16.0562763214111 16.0075454711914 15.9365663528442 15.8671836853027 15.7783145904541 15.6898164749146 15.6096887588501 15.504412651062 15.3821277618408
14.3511734008789 14.1741943359375 14.2052726745605 14.2768993377686 14.404839515686 14.5565786361694 14.7141962051392 14.9008331298828 15.1133222579956 15.3085889816284 15.5270223617554 15.7629261016846 16.0008029937744 16.2121467590332 16.4097480773926 16.5743370056152 16.6900634765625 16.7820568084717 16.8550910949707 16.9156131744385 16.950101852417 16.9523735046387 16.9171695709229 16.8589954376221 16.7786140441895 16.6773490905762 16.5661430358887 16.4475078582764 16.3283195495605 16.2179527282715 16.1199283599854 16.0357627868652 16.0022754669189 16.0080127716064 16.0185508728027 16.0388317108154 16.0858364105225 16.1277656555176 16.1552047729492 16.1644096374512 16.1445922851562 16.1087703704834 16.0523567199707 15.9863481521606 15.9150114059448 15.8141813278198 15.6827907562256
14.3593196868896 14.2573070526123 14.2609615325928 14.314435005188 14.4077367782593 14.5252819061279 14.6659355163574 14.8331737518311 14.9862394332886 15.1450653076172 15.3387804031372 15.5239715576172 15.7368192672729 15.9416608810425 16.1294975280762 16.2946758270264 16.4100532531738 16.4946250915527 16.55881690979 16.6037120819092 16.6122093200684 16.6020412445068 16.5499839782715 16.4736194610596 16.3803253173828 16.2656002044678 16.1489810943604 16.0402202606201 15.9386138916016 15.830620765686 15.7561769485474 15.7351732254028 15.7589282989502 15.8008260726929 15.8829126358032 15.990629196167 16.0841522216797 16.1599960327148 16.2335834503174 16.2918128967285 16.3326473236084 16.3582725524902 16.3509311676025 16.297607421875 16.2364139556885 16.1523170471191 16.0227928161621
