Ecospace-environmental-drivers/Outputs/ASCII-for-ecospace/Temp-avg/Temp-avg_X1996.08.asc
NCOLS 131 
NROWS 53 
XLLCORNER -98 
YLLCORNER 23.9265270233154 
CELLSIZE 0.133587792515755 
NODATA_value -3.4e+38 
[rows 21 to 41 of 53, columns 47 to 93 of 131]
26.8358364105225 26.5289344787598 26.4820556640625 26.4955825805664 26.5685539245605 26.7543296813965 26.5059223175049 26.5149459838867 26.5676879882812 26.0319423675537 25.2429790496826 24.8910999298096 24.0652122497559 22.8878803253174 22.1971015930176 21.2892284393311 20.242338180542 20.0896854400635 20.2461585998535 20.0720348358154 19.6641387939453 19.3273296356201 19.1500759124756 19.0991096496582 18.8170261383057 18.5703601837158 18.5144481658936 18.473653793335 18.3794384002686 18.1142082214355 18.0501289367676 18.0123195648193 17.9465370178223 17.8490829467773 17.7663021087646 17.7124462127686 17.7606353759766 18.0624542236328 18.9821720123291 19.6083698272705 19.9330825805664 20.2097492218018 20.599853515625 21.0672817230225 21.5567054748535 22.0080299377441 22.5350036621094
25.9895992279053 25.775182723999 25.7341270446777 25.7308921813965 25.8890533447266 25.7155342102051 24.8969841003418 25.2934913635254 24.8074684143066 23.8807640075684 23.3849029541016 23.0056858062744 22.7648487091064 22.1222381591797 21.502290725708 21.2981567382812 20.2965259552002 20.1300983428955 19.7909526824951 19.8054580688477 19.6305618286133 19.2186126708984 19.0781497955322 18.6951637268066 18.5328922271729 18.4740715026855 18.4378662109375 18.3993511199951 18.1712875366211 17.972354888916 17.9369869232178 17.8576164245605 17.7483386993408 17.6625747680664 17.6152515411377 17.5962753295898 17.5917568206787 17.5756816864014 17.608434677124 17.9357585906982 18.3526725769043 18.6868362426758 19.1176261901855 19.8129100799561 20.413745880127 20.9219360351562 21.5312004089355
24.5775928497314 24.4197521209717 24.6981868743896 24.2054977416992 23.8059120178223 23.3488082885742 23.4493808746338 22.8281383514404 22.2251853942871 21.9853191375732 22.0014915466309 22.3490810394287 21.8061828613281 21.3423118591309 20.7019367218018 20.4747829437256 20.2494144439697 19.9005355834961 19.7062511444092 19.6295299530029 19.5640907287598 19.2381114959717 18.9992771148682 18.5391864776611 18.4767246246338 18.4233703613281 18.3670558929443 18.2755699157715 17.9535942077637 17.9135971069336 17.8668537139893 17.7837104797363 17.6588039398193 17.5525245666504 17.5068435668945 17.5272407531738 17.5762329101562 17.5601596832275 17.2699356079102 17.2561168670654 17.2621059417725 17.2800426483154 17.6353015899658 18.3064861297607 19.0978832244873 20.0421409606934 20.6707801818848
22.5110759735107 22.580846786499 22.1734218597412 22.4697284698486 22.3010673522949 21.9993801116943 21.4803600311279 21.2239246368408 20.8221645355225 21.2180824279785 21.208667755127 21.4182910919189 20.8210906982422 20.5666980743408 20.4193019866943 20.2963409423828 19.9337902069092 19.7964267730713 19.6339206695557 19.3323879241943 19.1899032592773 19.0785751342773 18.9501934051514 18.6018581390381 18.4302291870117 18.3501605987549 18.064603805542 17.9577407836914 17.9426174163818 17.9352474212646 17.8669872283936 17.7782039642334 17.6679096221924 17.559362411499 17.285701751709 17.2323551177979 17.2620124816895 17.3189392089844 17.2654075622559 17.2571296691895 17.2712135314941 17.2652015686035 17.2272109985352 17.2983055114746 17.8326282501221 18.7635612487793 19.7755661010742
21.4026031494141 21.2018604278564 21.0812721252441 20.87038230896 20.5700149536133 20.9289646148682 20.3607769012451 20.6358032226562 20.3760757446289 20.4530029296875 20.3947353363037 20.3932991027832 20.3995361328125 20.3930473327637 20.3449020385742 19.9822463989258 19.5636043548584 19.4536418914795 19.3314037322998 19.127872467041 19.0852489471436 19.0275459289551 18.9487037658691 18.8611850738525 18.4694862365723 18.4048900604248 18.3238868713379 18.0325717926025 17.9865818023682 17.9936466217041 17.9601268768311 17.8816947937012 17.779899597168 17.5899429321289 17.2266597747803 17.2060012817383 17.2510070800781 17.2893600463867 17.2849979400635 17.2855796813965 17.3005981445312 17.292459487915 17.2540855407715 17.2278957366943 17.2264614105225 17.6576232910156 18.7690200805664
20.4604911804199 20.529935836792 20.4453525543213 19.8362331390381 19.8644714355469 20.1327972412109 20.176326751709 19.9797401428223 20.2532520294189 20.1447238922119 20.2677822113037 20.21630859375 20.3545703887939 20.0923404693604 19.8045101165771 19.4402561187744 19.3316249847412 19.2857284545898 19.22216796875 19.1358222961426 19.0948448181152 19.0400390625 18.6701107025146 18.5577735900879 18.5048713684082 18.4813041687012 18.4978866577148 18.2695789337158 18.1402359008789 18.1251735687256 18.0866889953613 18.0336132049561 17.9644088745117 17.6303653717041 17.3990859985352 17.3371047973633 17.3120040893555 17.3167247772217 17.325719833374 17.3239440917969 17.3033866882324 17.2863750457764 17.2708873748779 17.2385234832764 17.213171005249 17.233081817627 17.9734516143799
20.046781539917 20.0650672912598 19.7634105682373 19.3976936340332 19.5224895477295 19.6160163879395 19.5909061431885 19.8391819000244 19.9105968475342 19.701696395874 19.7268085479736 19.7543277740479 19.7859745025635 19.657320022583 19.2568626403809 19.1136531829834 18.8826923370361 18.8451747894287 18.9480609893799 18.980884552002 19.1056804656982 18.7397708892822 18.6436996459961 18.6314105987549 18.6309299468994 18.6427783966064 18.6553249359131 18.3399620056152 18.2868022918701 18.2807998657227 18.2551460266113 18.2119331359863 18.1581649780273 18.0921535491943 17.89280128479 17.5526390075684 17.4723243713379 17.4133167266846 17.387622833252 17.3687267303467 17.3395709991455 17.3136749267578 17.2939643859863 17.2899703979492 17.2567005157471 17.2264251708984 17.5047264099121
19.8627376556396 19.5832099914551 19.2865333557129 19.4029083251953 19.3955307006836 19.1193237304688 19.1587009429932 19.4469203948975 19.4636383056641 19.5717945098877 19.5008087158203 19.2815475463867 19.0473823547363 18.981840133667 18.8931102752686 18.8794002532959 18.845344543457 18.8053646087646 18.7557277679443 18.7135639190674 18.6987152099609 18.7054767608643 18.7120399475098 18.7193717956543 18.689058303833 18.5218963623047 18.4103412628174 18.4457912445068 18.4877319335938 18.5107364654541 18.5040321350098 18.4757690429688 18.4409847259521 18.3838291168213 18.206563949585 18.0627536773682 17.7556781768799 17.6226959228516 17.5419979095459 17.4940986633301 17.4307746887207 17.384090423584 17.3769855499268 17.3516941070557 17.3230781555176 17.2798137664795 17.2749500274658
19.3953876495361 19.3247146606445 19.2528953552246 19.151159286499 19.0358028411865 18.9234638214111 18.8682765960693 18.880428314209 18.9166240692139 18.9388847351074 18.7313785552979 18.6820468902588 18.7306041717529 18.7863655090332 18.816349029541 18.8144130706787 18.7905654907227 18.7560214996338 18.7173118591309 18.6855316162109 18.6904067993164 18.7176647186279 18.7491550445557 18.7941112518311 18.5481357574463 18.5497798919678 18.6305751800537 18.694917678833 18.7443332672119 18.7792854309082 18.7906074523926 18.7746601104736 18.7428665161133 18.7024345397949 18.6498279571533 18.57248878479 18.1485385894775 17.9440021514893 17.7971286773682 17.7110996246338 17.6337585449219 17.5851154327393 17.5293235778809 17.4490337371826 17.3732624053955 17.3232269287109 17.2914028167725
19.2857875823975 19.2162342071533 18.8457527160645 18.7622222900391 18.8648471832275 18.6351375579834 18.677059173584 18.6785564422607 18.7221927642822 18.4684219360352 18.4580841064453 18.4516639709473 18.411771774292 18.581693649292 18.6134090423584 18.6007232666016 18.384349822998 18.2745094299316 18.2750263214111 18.4275226593018 18.659839630127 18.7214679718018 18.7985401153564 18.8967151641846 18.7061195373535 18.7728824615479 18.8877067565918 18.9689502716064 19.0265598297119 19.0671310424805 19.0860462188721 19.0790519714355 19.0527858734131 19.0144786834717 18.9589233398438 18.9046325683594 18.5494785308838 18.3215312957764 18.1605663299561 18.0159893035889 17.8946971893311 17.809253692627 17.7176361083984 17.5977306365967 17.4712009429932 17.3868942260742 17.3387012481689
18.9238128662109 19.1564025878906 18.8710403442383 18.7013168334961 18.7430248260498 18.6192054748535 18.557653427124 18.5569629669189 18.5608406066895 18.2408008575439 18.2026977539062 18.1031169891357 18.2097873687744 18.2575702667236 18.2632579803467 18.2345104217529 18.2129688262939 18.1937046051025 18.1626205444336 18.1670322418213 18.4272365570068 18.7107334136963 18.8668727874756 19.0605697631836 19.0340099334717 19.0121536254883 19.1318511962891 19.2311420440674 19.3133850097656 19.3752040863037 19.4075546264648 19.4127655029297 19.39377784729 19.3673152923584 19.3147716522217 19.2367877960205 18.8073844909668 18.6426944732666 18.5175399780273 18.3584403991699 18.2018795013428 18.0637092590332 17.9472560882568 17.805212020874 17.6569709777832 17.5137100219727 17.4201583862305
19.1273365020752 19.1030178070068 18.9985427856445 18.5642490386963 18.7081699371338 18.3505153656006 18.1969394683838 18.1915740966797 18.2078552246094 17.9251708984375 17.9568881988525 18.0729179382324 18.2156085968018 18.2799739837646 18.2296543121338 18.1723041534424 18.1222114562988 18.0783882141113 18.070894241333 18.1183128356934 18.2181854248047 18.5274124145508 19.0100917816162 19.2565212249756 19.3419609069824 19.2231693267822 19.3522052764893 19.4776802062988 19.5894870758057 19.6730537414551 19.7337284088135 19.7762794494629 19.7806644439697 19.7637424468994 19.7056636810303 19.6200923919678 19.1687355041504 18.9810123443604 18.8462600708008 18.6962547302246 18.5154857635498 18.3382568359375 18.2005195617676 18.0506534576416 17.8971633911133 17.7116622924805 17.5743446350098
18.7663993835449 18.7007675170898 18.5929622650146 18.5041923522949 18.4965629577637 18.3202953338623 18.2622814178467 18.1282863616943 17.928373336792 17.9605083465576 18.039400100708 18.1420211791992 18.237922668457 18.2912349700928 18.2487087249756 18.1576099395752 18.075813293457 18.0155258178711 18.016881942749 18.0902500152588 18.2549781799316 18.4795989990234 18.80002784729 19.0903091430664 19.2631301879883 19.4136581420898 19.5688171386719 19.7136287689209 19.8472366333008 19.9642639160156 20.0565948486328 20.1202392578125 20.1525802612305 20.1518173217773 20.1166820526123 19.8706569671631 19.5053577423096 19.3616924285889 19.210578918457 19.0518417358398 18.8692302703857 18.6722965240479 18.4762573242188 18.3030643463135 18.131175994873 17.9602489471436 17.7866668701172
18.6503467559814 18.6709041595459 18.6298828125 18.5771789550781 18.5195846557617 18.4794960021973 18.1790447235107 18.0738868713379 18.0927314758301 18.0620937347412 17.8943252563477 17.8802757263184 18.0347862243652 17.9881629943848 17.972484588623 18.0236892700195 18.0065231323242 17.9981918334961 18.010066986084 18.1178016662598 18.3169078826904 18.5555820465088 18.8511085510254 19.1456699371338 19.3896389007568 19.6015625 19.7790088653564 19.9467372894287 20.1022911071777 20.241491317749 20.3668441772461 20.4382133483887 20.388219833374 20.2689552307129 20.1264915466309 20.0269336700439 19.9253215789795 19.7752418518066 19.5892200469971 19.4035243988037 19.2187156677246 19.0208206176758 18.7904472351074 18.5762538909912 18.3803062438965 18.1914329528809 18.0164337158203
18.6292724609375 18.6915702819824 18.6906070709229 18.6923885345459 18.6808242797852 18.6540412902832 18.0181427001953 17.9075012207031 17.9153938293457 17.9093704223633 17.9225444793701 17.9676342010498 17.9932041168213 17.9807949066162 17.9416522979736 17.8382053375244 17.7311210632324 17.6802921295166 17.8403244018555 18.1587085723877 18.3612232208252 18.6285076141357 18.965877532959 19.2673072814941 19.518533706665 19.7486991882324 19.9673366546631 20.1666507720947 20.3550262451172 20.5224990844727 20.5379333496094 20.3686561584473 20.4205665588379 20.4413166046143 20.4205799102783 20.377758026123 20.2969226837158 20.1622695922852 19.98171043396 19.7724742889404 19.5699768066406 19.357494354248 19.1353168487549 18.8955326080322 18.6577110290527 18.4282665252686 18.2366409301758
18.6191310882568 18.7175979614258 18.7466335296631 18.6491928100586 18.5545101165771 18.203296661377 18.0674705505371 18.0516395568848 18.0495471954346 18.049129486084 18.0538654327393 18.0631847381592 18.0579357147217 18.0308609008789 17.9723720550537 17.8566780090332 17.7498950958252 17.6936092376709 17.7241382598877 17.8982486724854 18.2967548370361 18.7176818847656 19.061408996582 19.3558406829834 19.6124877929688 19.8628845214844 20.1216239929199 20.3624095916748 20.5656585693359 20.5878314971924 20.5317230224609 20.6339912414551 20.7171859741211 20.7575016021729 20.7607479095459 20.7210330963135 20.6289691925049 20.4987087249756 20.3345546722412 20.1379699707031 19.9233016967773 19.7104263305664 19.4785099029541 19.2324390411377 18.9626770019531 18.6923236846924 18.4603309631348
18.7007007598877 18.7898998260498 18.5403957366943 18.199068069458 18.1811084747314 18.2103977203369 18.2186317443848 18.2236881256104 18.2432880401611 18.2496681213379 18.2377834320068 18.2023315429688 18.1561393737793 18.1034049987793 18.0237197875977 17.8980884552002 17.7790393829346 17.7247886657715 17.7601470947266 17.8826484680176 18.0997276306152 18.4953727722168 18.9984035491943 19.1761474609375 19.4403953552246 19.7934646606445 20.008264541626 20.2762451171875 20.4092693328857 20.569408416748 20.7444477081299 20.8697948455811 20.9502239227295 21.0017509460449 21.0223827362061 21.0076465606689 20.9382076263428 20.8215141296387 20.6685562133789 20.4783172607422 20.2623252868652 20.0376834869385 19.8121891021729 19.5454998016357 19.2562770843506 18.9563579559326 18.6862411499023
18.6866054534912 18.5679798126221 18.2985877990723 18.307315826416 18.3657073974609 18.3907108306885 18.3988838195801 18.4017791748047 18.4163780212402 18.4106731414795 18.3778839111328 18.3177223205566 18.2463626861572 18.1691703796387 18.0777320861816 17.9484176635742 17.8348655700684 17.7736072540283 17.8002643585205 17.9242858886719 18.1468334197998 18.4549884796143 18.7770824432373 19.0874500274658 19.379373550415 19.6812572479248 19.9859199523926 20.2644557952881 20.5050964355469 20.7197875976562 20.8938179016113 21.022180557251 21.117504119873 21.174222946167 21.2056312561035 21.206636428833 21.1624717712402 21.0817985534668 20.9535503387451 20.7830333709717 20.5679779052734 20.3379306793213 20.1188449859619 19.8592700958252 19.5515480041504 19.2249851226807 18.9088649749756
18.3982372283936 18.3888263702393 18.4450988769531 18.4839687347412 18.5339679718018 18.5545330047607 18.5515041351318 18.5519332885742 18.5678291320801 18.5497665405273 18.4890651702881 18.3973999023438 18.3119258880615 18.2218761444092 18.1201171875 17.9998950958252 17.8945426940918 17.8318252563477 17.8538551330566 17.9698543548584 18.1842250823975 18.4847106933594 18.7991218566895 19.1090621948242 19.4313316345215 19.753625869751 20.0737457275391 20.3523597717285 20.595890045166 20.8125686645508 20.983341217041 21.1172180175781 21.2186832427979 21.2924728393555 21.3299007415771 21.3417301177979 21.3158283233643 21.2566699981689 21.1552467346191 21.0187377929688 20.837085723877 20.6122074127197 20.3753547668457 20.1315937042236 19.8339595794678 19.4947071075439 19.1439952850342
18.5518989562988 18.578161239624 18.6174964904785 18.6590633392334 18.6770915985107 18.6747589111328 18.6623191833496 18.6558837890625 18.6699047088623 18.652307510376 18.564266204834 18.4383945465088 18.3403491973877 18.247745513916 18.1429977416992 18.0365467071533 17.9397258758545 17.8737564086914 17.8880405426025 17.9926013946533 18.1936664581299 18.4914112091064 18.8004856109619 19.1043586730957 19.4353408813477 19.773738861084 20.1051464080811 20.3939666748047 20.6464405059814 20.8629932403564 21.0414047241211 21.1845550537109 21.2923603057861 21.3731002807617 21.4232978820801 21.4331073760986 21.4099082946777 21.3660221099854 21.293285369873 21.1845626831055 21.031566619873 20.8288097381592 20.5956058502197 20.3536243438721 20.0760707855225 19.7420959472656 19.3790454864502
18.7705383300781 18.7662372589111 18.7529067993164 18.791431427002 18.7899971008301 18.7768592834473 18.7589855194092 18.7371864318848 18.723518371582 18.6896057128906 18.6026344299316 18.4817047119141 18.3647232055664 18.2576465606689 18.1533813476562 18.0350399017334 17.9450855255127 17.8702278137207 17.9005966186523 18.0090732574463 18.2084712982178 18.4798564910889 18.7605361938477 19.0600414276123 19.3968753814697 19.7443904876709 20.0879402160645 20.387809753418 20.6545143127441 20.8773708343506 21.0596790313721 21.2097225189209 21.3375835418701 21.4313945770264 21.4903507232666 21.5132961273193 21.5008087158203 21.4557762145996 21.3897647857666 21.2893905639648 21.1633529663086 20.9910411834717 20.7658748626709 20.5217475891113 20.2677536010742 19.9526691436768 19.5872917175293
