Ecospace-environmental-drivers/Outputs/ASCII-for-ecospace/Temp-avg/Temp-avg_X2003.09.asc
NCOLS 131 
NROWS 53 
XLLCORNER -98 
YLLCORNER 23.9265270233154 
CELLSIZE 0.133587792515755 
NODATA_value -3.4e+38 
[rows 21 to 41 of 53, columns 0 to 46 of 131]
-3.4e+38 -3.4e+38 -3.4e+38 -3.4e+38 -3.4e+38 -3.4e+38 30.138391494751 30.1341857910156 30.1592597961426 30.0489387512207 30.2329864501953 30.3452796936035 30.3267040252686 30.2044200897217 30.0653820037842 29.9275207519531 29.6930332183838 29.3941249847412 29.0654602050781 28.732816696167 28.4871444702148 28.3348731994629 28.22580909729 28.1809844970703 28.0808067321777 27.9727077484131 27.8128547668457 27.6180019378662 27.4615707397461 27.2706871032715 27.2224235534668 27.21018409729 27.3266201019287 27.1686859130859 27.0167198181152 26.9044761657715 26.823148727417 26.9226970672607 26.9754505157471 26.9428768157959 26.9938545227051 27.1758766174316 27.2102890014648 27.2331008911133 27.2658882141113 27.3789863586426 27.2457122802734
-3.4e+38 -3.4e+38 -3.4e+38 -3.4e+38 -3.4e+38 -3.4e+38 30.1045417785645 30.1764488220215 30.1341857910156 30.2946548461914 30.3650054931641 30.2744884490967 30.0697288513184 29.7849731445312 29.5192432403564 29.2573471069336 29.0001525878906 28.6893215179443 28.3443660736084 28.1103172302246 27.7201805114746 27.4584274291992 27.2420387268066 27.2587070465088 27.5464839935303 27.5014610290527 27.2817230224609 26.9532032012939 26.9791717529297 26.9376983642578 26.8762378692627 26.7185478210449 26.6054096221924 26.5779933929443 26.3162899017334 26.2345314025879 26.1755599975586 26.1634979248047 26.190559387207 26.0346069335938 26.2108497619629 26.3758239746094 26.1291656494141 26.3594760894775 26.4497528076172 26.5070972442627 26.447681427002
-3.4e+38 -3.4e+38 -3.4e+38 -3.4e+38 30.0873966217041 30.0928955078125 30.1476421356201 30.1045417785645 30.290620803833 30.3535842895508 30.2224407196045 29.907247543335 29.3976078033447 28.8817729949951 28.5449657440186 28.493782043457 28.260383605957 28.059627532959 27.7046813964844 26.9961204528809 26.4227428436279 26.0278568267822 25.7558269500732 25.523006439209 25.7506122589111 25.5516414642334 25.5474452972412 25.6933193206787 26.0129871368408 25.7424201965332 26.0619106292725 26.1880683898926 26.2492923736572 25.8271923065186 26.238618850708 25.9359569549561 25.5275917053223 25.5418434143066 25.2217559814453 24.1373443603516 24.4830284118652 24.450023651123 25.1293468475342 24.6166744232178 25.0688056945801 25.2387447357178 25.3907566070557
-3.4e+38 -3.4e+38 -3.4e+38 -3.4e+38 30.0663204193115 30.1029739379883 30.0928955078125 30.2454872131348 30.329122543335 30.1881847381592 29.771297454834 29.0580310821533 28.448392868042 27.9667663574219 27.624885559082 27.5263118743896 27.2294025421143 26.2833099365234 25.6589870452881 24.7841567993164 23.8443012237549 23.3375301361084 23.5543479919434 23.6229114532471 23.8173007965088 23.7826747894287 24.0837726593018 23.7424430847168 24.0142784118652 23.7494888305664 24.034049987793 24.7269248962402 24.9895706176758 25.2014236450195 25.5065670013428 25.2832546234131 25.4606952667236 25.0387287139893 24.1014976501465 22.7535400390625 22.9375858306885 23.0563411712646 23.1700649261475 22.8838844299316 22.602632522583 22.8562717437744 22.4328441619873
-3.4e+38 -3.4e+38 -3.4e+38 -3.4e+38 -3.4e+38 30.0663204193115 30.1497077941895 30.3106575012207 30.1937255859375 29.766845703125 29.0648746490479 28.2648506164551 27.584098815918 27.0364246368408 26.6410369873047 25.9938659667969 24.6920738220215 23.3283386230469 23.012414932251 22.4914836883545 21.8677673339844 21.7652416229248 21.972770690918 22.1489772796631 22.4869995117188 22.2611408233643 22.4203834533691 22.4566745758057 22.2042407989502 22.1184921264648 22.1829261779785 22.7436294555664 23.1183166503906 24.0800628662109 24.0457649230957 24.2041893005371 23.9810523986816 23.0521812438965 21.8869400024414 21.7110042572021 22.1985988616943 21.9121837615967 21.5108489990234 21.4212207794189 21.3515758514404 21.541934967041 21.1746044158936
-3.4e+38 -3.4e+38 -3.4e+38 -3.4e+38 -3.4e+38 30.0604190826416 30.2346878051758 30.2337245941162 29.9018154144287 29.2339744567871 28.488338470459 27.619873046875 26.9446601867676 26.3746852874756 25.5782794952393 24.4989604949951 22.9494400024414 21.9748668670654 21.77414894104 21.2528800964355 20.8075561523438 20.8205795288086 20.9283847808838 21.2856464385986 21.027889251709 21.1923236846924 21.0669498443604 20.7693729400635 21.112247467041 20.5837211608887 21.2228679656982 21.8022346496582 22.4260139465332 22.6615943908691 22.2837047576904 22.4940280914307 22.1844539642334 21.3582744598389 21.0547046661377 20.6938343048096 21.1135559082031 20.5464172363281 20.8363552093506 20.8322467803955 20.7978572845459 20.7732772827148 20.0856285095215
-3.4e+38 -3.4e+38 29.5971240997314 29.682918548584 29.9174671173096 30.0748710632324 30.2324752807617 30.052453994751 29.5374412536621 28.7907104492188 27.9050464630127 27.0566825866699 26.4751243591309 25.5718059539795 24.1727962493896 23.3666973114014 22.257942199707 21.1226654052734 20.678882598877 20.6286468505859 20.639835357666 20.6363182067871 20.6081676483154 20.541332244873 20.5025310516357 20.5446319580078 20.2299575805664 20.1233463287354 20.1796169281006 20.3556499481201 20.8963050842285 21.0964412689209 21.3318557739258 21.3692741394043 21.4106864929199 21.2066287994385 21.0572509765625 20.9909172058105 20.6208400726318 20.3020858764648 20.3314266204834 20.0918502807617 19.8663768768311 19.6979541778564 19.8569030761719 19.8129177093506 19.4426898956299
-339999999999999996128486808808066248288.000000000000000 -3.4e+38 -3.4e+38 -3.4e+38 29.7687110900879 30.0862083435059 30.1781044006348 29.8620090484619 29.2285118103027 28.3916244506836 27.4385776519775 26.7207260131836 25.7412338256836 24.1751194000244 23.3256072998047 22.653621673584 21.4711818695068 20.7937240600586 20.6417541503906 20.5944480895996 20.6207981109619 20.4915332794189 20.4361686706543 20.3840198516846 20.3981914520264 20.3255462646484 20.0388870239258 20.1460189819336 19.8471260070801 20.0534744262695 20.2888431549072 20.1369647979736 20.7071342468262 20.9106616973877 20.8733406066895 20.643461227417 20.4218673706055 20.2045421600342 20.115795135498 19.931095123291 19.6435680389404 19.5317001342773 19.3176822662354 19.255313873291 19.1180381774902 19.063024520874 19.0161533355713
-3.4e+38 -3.4e+38 -3.4e+38 -3.4e+38 29.7109565734863 30.0911102294922 30.1083717346191 29.7469577789307 29.0494861602783 28.0834903717041 27.2151145935059 26.3990211486816 24.9554634094238 23.3872661590576 22.4548606872559 21.831615447998 21.5060119628906 20.9400730133057 20.6158771514893 20.5791759490967 20.2664813995361 20.0162010192871 19.9312477111816 19.8473243713379 19.7974262237549 19.9065990447998 19.7029361724854 19.6951122283936 19.5089244842529 19.9973621368408 20.0442180633545 20.0127182006836 19.8247680664062 20.0307064056396 19.9359931945801 19.5402278900146 19.6784820556641 19.6240234375 19.5166664123535 19.3978614807129 19.3005428314209 19.1622924804688 18.9759674072266 18.719409942627 18.778190612793 18.4727993011475 18.4201107025146
-3.4e+38 -3.4e+38 -3.4e+38 -3.4e+38 29.6733913421631 30.0470485687256 30.0664482116699 29.7162742614746 29.004373550415 28.0445098876953 27.0975875854492 25.9082145690918 23.854772567749 22.8546009063721 21.8891220092773 21.4904289245605 20.8876533508301 20.6286220550537 20.0419273376465 19.9251670837402 19.6512355804443 19.7065105438232 19.7338886260986 19.6479568481445 19.375244140625 19.5298385620117 19.7289276123047 19.2570819854736 19.2486419677734 19.5206241607666 19.8783073425293 19.6548194885254 19.5654315948486 19.5990772247314 19.4555759429932 19.4139728546143 19.4042873382568 19.4196243286133 19.3044261932373 19.2533321380615 18.9947757720947 18.7714023590088 18.5550842285156 18.5320472717285 18.3230533599854 18.2411708831787 18.1686458587646
-3.4e+38 -3.4e+38 -3.4e+38 -3.4e+38 29.770170211792 29.9776210784912 30.0507793426514 29.7585735321045 29.1346588134766 28.1778945922852 27.1089649200439 25.7978267669678 23.6258983612061 22.6169090270996 21.4979553222656 20.4912128448486 20.2182807922363 20.0751838684082 19.7911434173584 19.3658561706543 19.2246189117432 19.1658611297607 19.3805103302002 19.3763847351074 19.2716388702393 19.3423328399658 19.6662540435791 19.563362121582 19.1861343383789 19.3031311035156 19.1469745635986 19.1374397277832 19.3200664520264 19.3150463104248 19.3441524505615 19.3485870361328 19.3235168457031 19.2321224212646 18.9180660247803 18.7026329040527 18.6254425048828 18.5180130004883 18.376256942749 18.2509841918945 18.1518039703369 18.0494918823242 17.9821796417236
-3.4e+38 -3.4e+38 -3.4e+38 -3.4e+38 29.8506774902344 29.9286327362061 30.0500354766846 29.8478736877441 29.3819808959961 28.5688858032227 27.5091342926025 26.4295864105225 24.0131072998047 22.3261432647705 21.3173751831055 20.1621837615967 19.721019744873 19.6775016784668 19.5499725341797 19.1080131530762 19.0243148803711 18.9411201477051 18.8749942779541 18.8114395141602 19.1509895324707 19.1124382019043 19.0949897766113 19.0795059204102 19.0495319366455 19.0731945037842 18.8618144989014 19.1375102996826 19.1753902435303 18.9591598510742 18.8326148986816 18.975305557251 18.852294921875 18.7855644226074 18.685848236084 18.6096286773682 18.5238571166992 18.4046421051025 17.9858627319336 18.1292037963867 18.0316848754883 17.9325523376465 17.8928337097168
-3.4e+38 -3.4e+38 -3.4e+38 -3.4e+38 29.9545726776123 29.9924659729004 30.0341777801514 29.9198970794678 29.6221790313721 29.0527114868164 28.2054672241211 27.2040710449219 24.8427867889404 22.0364398956299 20.7206115722656 20.0767688751221 19.6452255249023 19.5098972320557 19.1759948730469 18.9034271240234 18.8108711242676 18.7191429138184 18.6437492370605 18.568115234375 18.4661960601807 18.1549396514893 18.1429481506348 18.345142364502 18.3773422241211 18.5069103240967 18.5765075683594 18.8540134429932 18.7911224365234 18.7282943725586 18.7506065368652 18.7732982635498 18.7535762786865 18.7014541625977 18.6352081298828 18.4024543762207 18.4682693481445 18.27268409729 17.949857711792 17.7087459564209 17.7589340209961 17.91965675354 17.7754173278809
-3.4e+38 -3.4e+38 -3.4e+38 -3.4e+38 -3.4e+38 30.0583477020264 30.0371570587158 29.9802913665771 29.7597694396973 29.3601779937744 28.7323589324951 27.9440441131592 25.7307186126709 22.1867599487305 20.6855869293213 19.9866104125977 19.5911540985107 19.35276222229 18.9937973022461 18.7058944702148 18.6094570159912 18.5293655395508 18.451057434082 18.352071762085 18.2162475585938 17.7478656768799 17.8251171112061 18.1454257965088 18.1880207061768 18.2566413879395 18.3551979064941 18.476806640625 18.5934028625488 18.6725082397461 18.5725917816162 18.7554454803467 18.7969760894775 18.7428798675537 18.6697406768799 18.6015377044678 18.3999481201172 18.1421451568604 18.0148658752441 18.1105537414551 17.7561836242676 17.6874809265137 17.6232643127441
-3.4e+38 -3.4e+38 -3.4e+38 -3.4e+38 -3.4e+38 30.370002746582 30.0884761810303 30.0163707733154 29.8287086486816 29.4794044494629 28.9117813110352 28.2489585876465 25.849250793457 22.335807800293 20.8465480804443 19.9038181304932 19.6984748840332 19.2111148834229 18.8373050689697 18.5641403198242 18.4604377746582 18.3215179443359 17.9942207336426 17.979248046875 17.7459049224854 17.3045978546143 17.4178123474121 17.6854209899902 17.741584777832 18.0483379364014 18.2877101898193 18.4121551513672 18.5391864776611 18.6277141571045 18.1525402069092 18.3898963928223 18.7712059020996 18.8446216583252 18.8020057678223 18.7363796234131 18.6418552398682 18.2043972015381 18.04905128479 18.0336894989014 17.938060760498 17.7955703735352 17.7999572753906
-3.4e+38 -3.4e+38 -3.4e+38 -3.4e+38 -3.4e+38 30.5239715576172 30.150562286377 30.0321235656738 29.8670425415039 29.5667114257812 29.0174140930176 28.2025108337402 25.4092121124268 22.0623588562012 20.5511169433594 19.8606834411621 19.739294052124 19.4211750030518 18.6629238128662 18.4828758239746 18.3616943359375 18.048412322998 17.7517051696777 17.451639175415 17.2151966094971 17.1789302825928 17.2043476104736 17.2959671020508 17.4032745361328 17.3853607177734 17.5055522918701 17.6618041992188 17.9527626037598 18.0972480773926 17.9571552276611 18.0951862335205 18.4113426208496 18.6812438964844 18.5996646881104 18.5586318969727 18.4001998901367 18.3125839233398 18.2417068481445 18.1685276031494 18.1056118011475 18.0747852325439 18.0561046600342
-3.4e+38 -3.4e+38 -3.4e+38 -3.4e+38 -3.4e+38 -3.4e+38 30.2452850341797 30.0623760223389 29.8663597106934 29.5730381011963 29.0182628631592 28.0102043151855 25.5513401031494 22.3590641021729 20.620885848999 19.925853729248 20.1139144897461 19.5020332336426 18.6371383666992 18.4746074676514 18.3428363800049 17.968692779541 17.5877265930176 17.2541351318359 17.0009803771973 16.9846954345703 17.1289863586426 17.0301303863525 17.0141983032227 17.1166744232178 17.2546825408936 17.3987483978271 17.5464515686035 17.6732044219971 17.7971458435059 17.913745880127 18.0179386138916 18.358528137207 18.6188812255859 18.6747875213623 18.6536121368408 18.5524768829346 18.4767055511475 18.3683834075928 18.2296962738037 18.2816314697266 18.3656520843506
-3.4e+38 -3.4e+38 -3.4e+38 -3.4e+38 -3.4e+38 -3.4e+38 30.3638858795166 30.0785179138184 29.8306159973145 29.4736518859863 28.8640403747559 27.6439151763916 25.3121147155762 22.5860824584961 21.0171279907227 20.3372840881348 20.4066162109375 19.7524032592773 18.8398761749268 18.5481719970703 18.1095924377441 17.8055744171143 17.4509468078613 17.1916980743408 16.9569396972656 16.9304618835449 16.9508571624756 16.9935703277588 17.095006942749 17.2070865631104 17.3412647247314 17.4874095916748 17.6435871124268 17.7837963104248 17.9494876861572 18.0903205871582 18.1800384521484 18.2400245666504 18.2654418945312 18.3991203308105 18.5633316040039 18.5861797332764 18.5427742004395 18.3006381988525 18.2220573425293 18.2455539703369 18.4581890106201
-3.4e+38 -3.4e+38 -3.4e+38 -3.4e+38 -3.4e+38 -3.4e+38 30.4409332275391 30.0393600463867 29.7504253387451 29.3253974914551 28.5518970489502 27.3270606994629 25.2203216552734 22.2743053436279 20.8994045257568 20.191032409668 20.3094482421875 19.6371784210205 19.047981262207 18.5353717803955 18.0542774200439 17.6764030456543 17.36106300354 17.1775531768799 17.0972919464111 17.0714817047119 17.0792846679688 17.1130504608154 17.2051162719727 17.3230438232422 17.4463119506836 17.58473777771 17.7438983917236 17.9126014709473 18.1196117401123 18.2948150634766 18.4125175476074 18.4690971374512 18.4894065856934 18.471061706543 18.4177188873291 18.3862628936768 18.3855094909668 18.474645614624 18.3775272369385 18.239933013916 18.2768783569336
-3.4e+38 -3.4e+38 -3.4e+38 -3.4e+38 -3.4e+38 30.6208667755127 30.3401374816895 29.9592838287354 29.6533603668213 29.1220779418945 28.2080345153809 26.9241123199463 24.764575958252 21.7150363922119 20.4043426513672 20.0960636138916 20.0695705413818 19.7718925476074 19.3094425201416 18.7222843170166 18.1403579711914 17.6682834625244 17.4793376922607 17.3813190460205 17.2964038848877 17.2570972442627 17.2515506744385 17.2825794219971 17.357852935791 17.446891784668 17.5542411804199 17.6936683654785 17.8669166564941 18.0701808929443 18.3049182891846 18.4914493560791 18.6099662780762 18.6677627563477 18.7028369903564 18.691930770874 18.6390247344971 18.5707702636719 18.5374889373779 18.4898376464844 18.4591865539551 18.4851970672607 18.5228385925293
-3.4e+38 -3.4e+38 -3.4e+38 -3.4e+38 30.5274963378906 30.4980392456055 30.1399116516113 29.8660507202148 29.5525035858154 28.8581066131592 27.5521450042725 26.3172988891602 23.7758293151855 21.1617527008057 20.3077354431152 20.1993179321289 20.1707077026367 19.8543510437012 19.3758487701416 18.9258804321289 18.1051387786865 17.76780128479 17.716760635376 17.6459560394287 17.5657501220703 17.5054359436035 17.4729843139648 17.4683532714844 17.5075397491455 17.5876045227051 17.6946754455566 17.8458633422852 18.0239028930664 18.2496585845947 18.4865169525146 18.6529388427734 18.747730255127 18.8176364898682 18.8524684906006 18.8517436981201 18.8100280761719 18.7689189910889 18.7338066101074 18.6955547332764 18.6928520202637 18.7071208953857 18.7108573913574
