Ecospace-environmental-drivers/Outputs/ASCII-for-ecospace/Temp-avg/Temp-avg_X2001.08.asc
NCOLS 131 
NROWS 53 
XLLCORNER -98 
YLLCORNER 23.9265270233154 
CELLSIZE 0.133587792515755 
NODATA_value -3.4e+38 
[rows 21 to 41 of 53, columns 47 to 93 of 131]
27.0727844238281 26.82981300354 26.836296081543 26.8484554290771 26.8544216156006 26.9504699707031 26.6654758453369 26.6568965911865 26.6943054199219 26.234790802002 25.4995155334473 25.1807594299316 24.4354419708252 23.3220233917236 22.6250667572021 21.688045501709 20.6070022583008 20.3407363891602 20.40114402771 20.1123962402344 19.5645866394043 19.0346145629883 18.6775588989258 18.4738368988037 18.1478023529053 17.8835906982422 17.8429985046387 17.8810710906982 17.8850784301758 17.810453414917 17.9434700012207 18.0948181152344 18.2149524688721 18.2973785400391 18.3545970916748 18.3814392089844 18.4725551605225 18.8230075836182 19.8265914916992 20.4559059143066 20.7329635620117 20.8958415985107 21.1349411010742 21.4724559783936 21.9456691741943 22.3134689331055 22.7505016326904
26.1092128753662 25.9789447784424 26.0313453674316 26.0845584869385 26.2359313964844 25.9802742004395 25.0518474578857 25.3507785797119 24.7998390197754 23.8454170227051 23.3368167877197 22.9852085113525 22.8599414825439 22.3289318084717 21.7950973510742 21.5792770385742 20.564172744751 20.3613567352295 19.9902877807617 19.9652500152588 19.6795501708984 19.1752223968506 18.9147891998291 18.4227466583252 18.2072010040283 18.1353931427002 18.1164722442627 18.1342163085938 18.0345821380615 17.9930095672607 18.125940322876 18.2386665344238 18.3294372558594 18.4037570953369 18.4495544433594 18.4698829650879 18.4503765106201 18.3986148834229 18.392951965332 18.6795120239258 19.0869922637939 19.3865852355957 19.7230854034424 20.3200263977051 20.9223651885986 21.4159469604492 21.9395008087158
24.5925636291504 24.5334091186523 24.8972015380859 24.4585704803467 24.0472068786621 23.5394229888916 23.563684463501 22.8756256103516 22.1790981292725 21.8460750579834 21.77561378479 22.1054553985596 21.6583671569824 21.3232879638672 20.7793312072754 20.5849723815918 20.4054298400879 20.0932750701904 19.9223976135254 19.8598785400391 19.7658748626709 19.3761577606201 19.0941982269287 18.5720958709717 18.4589462280273 18.4024524688721 18.3971538543701 18.4045333862305 18.1912422180176 18.2857055664062 18.3887481689453 18.4657287597656 18.5199527740479 18.5633392333984 18.5971164703369 18.6061420440674 18.5776977539062 18.4623413085938 18.1028022766113 18.0213470458984 17.9450645446777 17.9013729095459 18.2079010009766 18.8323154449463 19.6144828796387 20.6009101867676 21.183069229126
22.4895191192627 22.5943603515625 22.2551708221436 22.5952072143555 22.3996658325195 22.0735549926758 21.4979972839355 21.1629619598389 20.6714820861816 20.9551067352295 20.8758716583252 21.0685043334961 20.5045604705811 20.3062191009521 20.2590427398682 20.2628364562988 20.0009803771973 19.923168182373 19.8194732666016 19.5666980743408 19.4239482879639 19.3122119903564 19.2175159454346 18.8677368164062 18.713062286377 18.6693897247314 18.4520664215088 18.4650821685791 18.5396957397461 18.6302356719971 18.6972160339355 18.7523078918457 18.7859325408936 18.8112640380859 18.5776348114014 18.4952201843262 18.4080467224121 18.3596725463867 18.2304592132568 18.1203517913818 17.9878616333008 17.873161315918 17.7863388061523 17.7824020385742 18.2628154754639 19.2585868835449 20.2835445404053
21.2882499694824 21.1224880218506 21.0523109436035 20.8646068572998 20.5670623779297 20.910924911499 20.2752323150635 20.4808158874512 20.1213684082031 20.1268920898438 20.0139713287354 19.9556922912598 19.9466190338135 19.9673900604248 20.0230979919434 19.7877826690674 19.4654731750488 19.4487171173096 19.4277877807617 19.3290634155273 19.3381824493408 19.337797164917 19.3284320831299 19.3149871826172 19.0182952880859 19.0667057037354 19.0892276763916 18.885814666748 18.9347553253174 19.023588180542 19.0991554260254 19.1429138183594 19.1688919067383 19.0829238891602 18.7364978790283 18.6832447052002 18.6185569763184 18.534574508667 18.3981285095215 18.2507228851318 18.101146697998 17.9457263946533 17.8152713775635 17.7143268585205 17.6203765869141 18.0539417266846 19.2113857269287
20.1875705718994 20.2882823944092 20.2504901885986 19.6985454559326 19.7486820220947 19.9564037322998 19.9629096984863 19.7148151397705 19.8978385925293 19.7571201324463 19.8187122344971 19.6992740631104 19.7941570281982 19.5460510253906 19.3544845581055 19.1035060882568 19.0794677734375 19.1263790130615 19.1923656463623 19.2657489776611 19.3351974487305 19.3967552185059 19.1500244140625 19.1876659393311 19.2929363250732 19.4128131866455 19.5411148071289 19.3947582244873 19.3630352020264 19.4860382080078 19.569356918335 19.5975608825684 19.604419708252 19.3375720977783 19.1451969146729 19.0515308380127 18.9422817230225 18.8041687011719 18.6306095123291 18.4408645629883 18.2571048736572 18.0725994110107 17.9089183807373 17.7542476654053 17.635124206543 17.5779762268066 18.3271083831787
19.5863227844238 19.6109848022461 19.3793087005615 19.0736331939697 19.2151260375977 19.3119678497314 19.2622299194336 19.4529991149902 19.4534168243408 19.2085018157959 19.2063865661621 19.2022705078125 19.2258758544922 19.1009387969971 18.747859954834 18.682596206665 18.5396213531494 18.5894088745117 18.8370418548584 19.0606575012207 19.3724479675293 19.1761264801025 19.2793712615967 19.4754505157471 19.6548042297363 19.83030128479 19.9940509796143 19.7790584564209 19.8413333892822 19.9492263793945 20.014232635498 20.0377826690674 20.0450172424316 20.0317878723145 19.8410377502441 19.4692344665527 19.3400363922119 19.1661777496338 18.9501266479492 18.6998901367188 18.4635906219482 18.2373046875 18.0174388885498 17.822172164917 17.6650085449219 17.5731468200684 17.8072090148926
19.2308254241943 18.9689388275146 18.7202491760254 18.8746566772461 18.9286804199219 18.6901226043701 18.7310638427734 18.9691886901855 18.9229011535645 18.9835567474365 18.8713874816895 18.6517505645752 18.4261875152588 18.3638229370117 18.3104591369629 18.3792743682861 18.4563045501709 18.5417861938477 18.6791648864746 18.8805046081543 19.112133026123 19.3402137756348 19.5718326568604 19.8134078979492 19.9771842956543 19.9399909973145 19.9463195800781 20.1070518493652 20.2432289123535 20.3436717987061 20.4041976928711 20.4282703399658 20.4366397857666 20.4110050201416 20.2476825714111 20.0961952209473 19.7142486572266 19.5125598907471 19.2864055633545 19.0082359313965 18.7076435089111 18.4211120605469 18.1464920043945 17.9047698974609 17.7079048156738 17.5868663787842 17.5575866699219
18.6460399627686 18.5930328369141 18.5375900268555 18.4746150970459 18.4268455505371 18.4089584350586 18.3820648193359 18.3800830841064 18.3813724517822 18.3601512908936 18.1034297943115 18.0247268676758 18.0534687042236 18.1016273498535 18.1928672790527 18.2969837188721 18.4061756134033 18.5365905761719 18.7246284484863 18.9742660522461 19.2505149841309 19.538782119751 19.8159999847412 20.0830535888672 19.9766235351562 20.1107082366943 20.320915222168 20.4935474395752 20.6263198852539 20.7241153717041 20.7913646697998 20.8164024353027 20.8084144592285 20.7548084259033 20.6892528533936 20.5946426391602 20.088134765625 19.8205318450928 19.5854625701904 19.3135108947754 18.9833507537842 18.6363315582275 18.3055572509766 18.0132865905762 17.7791385650635 17.617977142334 17.5438785552979
18.4755306243896 18.404764175415 18.0515594482422 18.0216827392578 18.2185535430908 18.0833873748779 18.180383682251 18.186861038208 18.2054500579834 17.9458541870117 17.8960914611816 17.8338279724121 17.7294311523438 17.8695030212402 17.9517765045166 18.069974899292 18.0205841064453 18.124979019165 18.3926906585693 18.8493328094482 19.3891716003418 19.7145729064941 20.0375652313232 20.3514099121094 20.2606353759766 20.4361419677734 20.6512718200684 20.8284759521484 20.9689388275146 21.074670791626 21.1385402679443 21.1596450805664 21.1419429779053 21.0931358337402 21.0098152160645 20.8938694000244 20.4182319641113 20.1007671356201 19.8558139801025 19.5735893249512 19.2456722259521 18.882360458374 18.4977626800537 18.1314392089844 17.8636074066162 17.6662750244141 17.5615844726562
18.0906963348389 18.3060894012451 18.0605926513672 17.9651336669922 18.0992012023926 18.0688915252686 18.0626564025879 18.1042785644531 18.1090240478516 17.7964572906494 17.7187824249268 17.5259819030762 17.5136432647705 17.5183963775635 17.5747909545898 17.6901226043701 17.8639087677002 18.1015148162842 18.4046115875244 18.7614097595215 19.3356056213379 19.8639297485352 20.2382965087891 20.5746746063232 20.6351280212402 20.7124423980713 20.9342651367188 21.1081047058105 21.2522449493408 21.3579120635986 21.4229469299316 21.4527015686035 21.4360542297363 21.3799285888672 21.284107208252 21.1452522277832 20.609188079834 20.3437919616699 20.0816516876221 19.8037433624268 19.4805793762207 19.108549118042 18.697925567627 18.2756385803223 17.9667911529541 17.7435836791992 17.6034832000732
18.2676773071289 18.251371383667 18.1854476928711 17.87060546875 18.1030673980713 17.8331489562988 17.7237243652344 17.7298183441162 17.7675666809082 17.4772987365723 17.4823093414307 17.5003204345703 17.4597511291504 17.4515609741211 17.4842147827148 17.6054096221924 17.7942543029785 18.068416595459 18.4306240081787 18.8264865875244 19.2092418670654 19.7367992401123 20.4136219024658 20.7835426330566 20.9610652923584 20.9179058074951 21.1345882415771 21.3191337585449 21.4651412963867 21.5661678314209 21.6375865936279 21.6704521179199 21.6608982086182 21.6056385040283 21.5067329406738 21.3674430847168 20.8147506713867 20.5449104309082 20.2824974060059 19.9993476867676 19.6760063171387 19.2914638519287 18.8842296600342 18.4361801147461 18.0874443054199 17.8436393737793 17.6839599609375
17.9697113037109 17.9420547485352 17.9157333374023 17.912281036377 17.9678688049316 17.8388919830322 17.7709102630615 17.618782043457 17.4196262359619 17.4430122375488 17.4853363037109 17.4764938354492 17.4176120758057 17.3931102752686 17.4065475463867 17.5429058074951 17.7499370574951 18.0365390777588 18.4218425750732 18.8474998474121 19.2691078186035 19.6914310455322 20.1843757629395 20.5749969482422 20.8244590759277 21.0504093170166 21.2738761901855 21.4562549591064 21.594482421875 21.7099876403809 21.7878303527832 21.823709487915 21.8093681335449 21.7578678131104 21.663516998291 21.3511772155762 20.9058589935303 20.7042942047119 20.4619293212891 20.1633186340332 19.8294506072998 19.45920753479 19.0394611358643 18.594165802002 18.2264404296875 17.9618949890137 17.7868595123291
17.9316444396973 17.9751110076904 18.0202045440674 18.0464496612549 18.0345573425293 18.0062847137451 17.6580142974854 17.5046787261963 17.5169792175293 17.4610805511475 17.2359733581543 17.0871200561523 17.1333599090576 17.046703338623 17.0731925964355 17.3640174865723 17.6730308532715 18.0262203216553 18.4195251464844 18.864444732666 19.3092174530029 19.7539920806885 20.1855087280273 20.5570430755615 20.8617095947266 21.119930267334 21.3559226989746 21.5360870361328 21.6745929718018 21.8039150238037 21.8924732208252 21.9118061065674 21.8004016876221 21.6100082397461 21.3810691833496 21.2067546844482 21.0365257263184 20.8282375335693 20.5823192596436 20.2932033538818 19.9517135620117 19.595043182373 19.1625595092773 18.7152118682861 18.339168548584 18.0560550689697 17.863094329834
18.0056018829346 18.0636787414551 18.1127948760986 18.1481170654297 18.1618976593018 18.1579189300537 17.4875640869141 17.3104515075684 17.2848033905029 17.2082004547119 17.1301937103271 17.0563945770264 17.0088768005371 16.9599494934082 16.9840316772461 17.1174716949463 17.3528823852539 17.6584339141846 18.1975917816162 18.8529415130615 19.3020858764648 19.7374153137207 20.1785163879395 20.566614151001 20.8771057128906 21.1491355895996 21.3941078186035 21.5749244689941 21.7233924865723 21.8498802185059 21.7958812713623 21.5361804962158 21.5080318450928 21.482400894165 21.4093494415283 21.2862529754639 21.1308135986328 20.9196720123291 20.6689796447754 20.3871078491211 20.036470413208 19.6777896881104 19.2681140899658 18.8147125244141 18.4165496826172 18.1293296813965 17.9323616027832
18.2104072570801 18.2619514465332 18.3035945892334 18.1942195892334 18.0815849304199 17.7251853942871 17.5262012481689 17.4287757873535 17.3733253479004 17.2672157287598 17.1555728912354 17.0631561279297 16.9852352142334 16.9310550689697 16.9641151428223 17.0943984985352 17.3178596496582 17.6079044342041 17.9736557006836 18.4624919891357 19.1245365142822 19.6790428161621 20.1354637145996 20.5310173034668 20.8516578674316 21.1330680847168 21.3859748840332 21.5776958465576 21.70680809021 21.6332683563232 21.4834842681885 21.5249881744385 21.5337409973145 21.5122928619385 21.4406261444092 21.3278579711914 21.1828022003174 20.975248336792 20.7294330596924 20.451904296875 20.1108646392822 19.731969833374 19.3478336334229 18.8994655609131 18.4913749694824 18.1969032287598 18.0023307800293
18.481388092041 18.4905529022217 18.2096862792969 17.8187122344971 17.7307052612305 17.7003612518311 17.6432723999023 17.5435161590576 17.474702835083 17.354679107666 17.2027835845947 17.0873069763184 16.9888763427734 16.9373226165771 16.9548759460449 17.0736446380615 17.2870635986328 17.5599555969238 17.8938503265381 18.3104400634766 18.7700099945068 19.2834091186523 19.9069385528564 20.1793193817139 20.5065879821777 20.8725090026855 21.0523891448975 21.2574577331543 21.3029079437256 21.3557014465332 21.4409236907959 21.5084972381592 21.5334491729736 21.5085620880127 21.4374942779541 21.3289756774902 21.199125289917 21.0054244995117 20.763671875 20.4829292297363 20.1480121612549 19.7780895233154 19.4021587371826 18.9428653717041 18.5406494140625 18.2263870239258 18.0320625305176
18.6016807556152 18.3891944885254 18.0603160858154 17.9874172210693 17.9217891693115 17.8273906707764 17.7413177490234 17.6293506622314 17.5694522857666 17.4363479614258 17.2652015686035 17.1319980621338 17.017707824707 16.9688053131104 16.9743576049805 17.0768909454346 17.2633743286133 17.4938259124756 17.8074188232422 18.2075119018555 18.6377468109131 19.0725002288818 19.5076503753662 19.9185600280762 20.2517871856689 20.5404987335205 20.8094577789307 21.026762008667 21.187894821167 21.3015823364258 21.3915176391602 21.4611568450928 21.4991416931152 21.4707889556885 21.3987426757812 21.2979278564453 21.1864013671875 21.0080127716064 20.7689666748047 20.4891395568848 20.1726722717285 19.8182697296143 19.4206829071045 18.9411640167236 18.5313968658447 18.2139129638672 18.0349407196045
18.4330272674561 18.3379325866699 18.2989883422852 18.2353935241699 18.1358184814453 17.9899234771729 17.8444080352783 17.7107715606689 17.6282958984375 17.5068969726562 17.3081359863281 17.168966293335 17.052942276001 17.0231094360352 17.03542137146 17.1125087738037 17.252779006958 17.4466934204102 17.7307014465332 18.0914745330811 18.4850006103516 18.9069995880127 19.3415641784668 19.7627449035645 20.1162528991699 20.412935256958 20.693208694458 20.9194927215576 21.0966167449951 21.2128467559814 21.297830581665 21.3630714416504 21.4006614685059 21.3903160095215 21.344331741333 21.2664566040039 21.1534729003906 20.9703979492188 20.7462158203125 20.4752902984619 20.161153793335 19.8198928833008 19.3997287750244 18.911771774292 18.5016098022461 18.2180252075195 18.0336170196533
18.6944637298584 18.6467361450195 18.5866737365723 18.4850063323975 18.3476810455322 18.1726989746094 17.9773998260498 17.8069438934326 17.692626953125 17.5827770233154 17.357795715332 17.2181568145752 17.1147747039795 17.0917053222656 17.1026172637939 17.1723613739014 17.2716655731201 17.413875579834 17.6551513671875 17.9779644012451 18.3470783233643 18.7307682037354 19.1438179016113 19.5671634674072 19.9469718933105 20.2529010772705 20.5338249206543 20.7733764648438 20.9613723754883 21.1028079986572 21.1907081604004 21.248779296875 21.286169052124 21.2919292449951 21.2584228515625 21.1878414154053 21.0757503509521 20.9037532806396 20.6935062408447 20.4269313812256 20.1113567352295 19.7693786621094 19.3576202392578 18.8695125579834 18.4631443023682 18.2057132720947 18.0131645202637
19.0062961578369 18.9458141326904 18.8621711730957 18.7262916564941 18.5631999969482 18.361665725708 18.1390399932861 17.934886932373 17.7848510742188 17.6677379608154 17.4481067657471 17.2893161773682 17.1865100860596 17.1570854187012 17.1750431060791 17.2365589141846 17.320743560791 17.4278221130371 17.6039600372314 17.8677654266357 18.1912612915039 18.5487442016602 18.9213542938232 19.3308696746826 19.7330360412598 20.0648441314697 20.3375968933105 20.5898456573486 20.7969722747803 20.9555206298828 21.069694519043 21.1362724304199 21.179313659668 21.1907539367676 21.1668834686279 21.1031322479248 20.9955863952637 20.8289413452148 20.6115684509277 20.3536682128906 20.0461025238037 19.724401473999 19.3105659484863 18.8351154327393 18.4504489898682 18.1704540252686 17.9618549346924
