Ecospace-environmental-drivers/Outputs/ASCII-for-ecospace/Temp-avg/Temp-avg_X2006.04.asc
NCOLS 131 
NROWS 53 
XLLCORNER -98 
YLLCORNER 23.9265270233154 
CELLSIZE 0.133587792515755 
NODATA_value -3.4e+38 
[rows 21 to 41 of 53, columns 0 to 46 of 131]
-3.4e+38 -3.4e+38 -3.4e+38 -3.4e+38 -3.4e+38 -3.4e+38 23.9502182006836 24.0457649230957 23.89772605896 24.3707447052002 23.5305099487305 22.927791595459 22.6023979187012 22.560718536377 22.4233055114746 22.3572463989258 22.2760963439941 22.1638641357422 22.1250152587891 22.0641651153564 22.0062808990479 21.9890556335449 21.9833889007568 22.0010395050049 22.0248870849609 22.0926780700684 22.1248664855957 22.0957584381104 22.0540599822998 22.00510597229 22.0467681884766 22.1548233032227 22.3062515258789 22.3530426025391 22.4071464538574 22.4259586334229 22.4293403625488 22.490421295166 22.4907188415527 22.4416751861572 22.4352264404297 22.5018939971924 22.5089645385742 22.5244178771973 22.5773944854736 22.6583099365234 22.6163082122803
-3.4e+38 -3.4e+38 -3.4e+38 -3.4e+38 -3.4e+38 -3.4e+38 24.0320472717285 23.7728404998779 24.0457649230957 23.276668548584 22.7573928833008 22.5408668518066 22.4367198944092 22.3311786651611 22.2588119506836 22.2016353607178 22.1989135742188 22.1809997558594 22.2186756134033 22.2218189239502 22.0807228088379 21.9936771392822 21.9277076721191 21.9635124206543 22.1053524017334 22.1403064727783 22.1213302612305 21.9904708862305 22.0233535766602 22.0614051818848 22.1681385040283 22.2389831542969 22.1898727416992 22.2238388061523 22.2009010314941 22.2588520050049 22.276216506958 22.2753715515137 22.2665634155273 22.1443195343018 22.1851387023926 22.3012104034424 22.2374897003174 22.4049644470215 22.485969543457 22.5299797058105 22.5103435516357
-3.4e+38 -3.4e+38 -3.4e+38 -3.4e+38 24.096981048584 24.0455532073975 23.8139305114746 24.0320472717285 23.2407073974609 22.685001373291 22.5117492675781 22.3470039367676 22.1577243804932 22.1378898620605 22.2027988433838 22.2968845367432 22.2609462738037 22.2414417266846 22.1963691711426 21.9260101318359 21.7166023254395 21.5708713531494 21.4582710266113 21.339527130127 21.4752063751221 21.3379039764404 21.3734340667725 21.5360374450684 21.7591228485107 21.579273223877 21.8097057342529 21.9431171417236 21.9803409576416 21.7491588592529 22.0783634185791 22.0493068695068 21.9251556396484 21.9547863006592 21.7388153076172 20.961820602417 21.2593955993652 21.308952331543 21.9291877746582 21.6203880310059 21.9388732910156 22.0714950561523 22.300365447998
-3.4e+38 -3.4e+38 -3.4e+38 -3.4e+38 24.2540397644043 23.9913501739502 24.0455532073975 23.3641891479492 22.7708950042725 22.4494247436523 22.2962036132812 22.1935253143311 22.1919803619385 22.2236404418945 22.2572898864746 22.3484420776367 22.3463382720947 21.8904151916504 21.5792541503906 21.0479068756104 20.3832931518555 20.0052375793457 20.1861515045166 20.2557220458984 20.3847255706787 20.3338775634766 20.5479583740234 20.3171920776367 20.541467666626 20.3569278717041 20.5117034912109 20.9718952178955 21.1316108703613 21.3028621673584 21.6041736602783 21.5626449584961 21.7736358642578 21.5403137207031 20.8655586242676 19.860237121582 20.1406192779541 20.3980045318604 20.62624168396 20.4471225738525 20.2514553070068 20.5595760345459 20.2666625976562
-3.4e+38 -3.4e+38 -3.4e+38 -3.4e+38 -3.4e+38 24.2540397644043 23.6744575500488 22.9782009124756 22.4524002075195 22.3089504241943 22.2307929992676 22.2635269165039 22.2404842376709 22.1497211456299 22.1452789306641 21.9623336791992 21.176586151123 20.2122955322266 19.9972915649414 19.585916519165 19.0644092559814 18.9649391174316 19.1378993988037 19.3070011138916 19.6258964538574 19.4426136016846 19.5446815490723 19.5454330444336 19.2941474914551 19.1646461486816 19.1638946533203 19.5210800170898 19.7371597290039 20.4844398498535 20.4834728240967 20.6571750640869 20.6032657623291 19.9513702392578 19.0632629394531 19.0309543609619 19.5934009552002 19.5142955780029 19.2975769042969 19.3220386505127 19.3723831176758 19.617712020874 19.3409023284912
-3.4e+38 -3.4e+38 -3.4e+38 -3.4e+38 -3.4e+38 24.1690979003906 23.3043670654297 22.6200141906738 22.2932891845703 22.0930557250977 22.1949119567871 22.1627826690674 22.0752143859863 22.0741577148438 21.8310070037842 21.1955947875977 20.0316677093506 19.2494716644287 19.0625514984131 18.5746765136719 18.1593799591064 18.1675205230713 18.3169040679932 18.7005367279053 18.5552425384521 18.7426624298096 18.6647357940674 18.4190464019775 18.6942501068115 18.174524307251 18.5837268829346 18.9263687133789 19.3197231292725 19.4576148986816 19.1189880371094 19.2880897521973 19.0954399108887 18.4914722442627 18.3628444671631 18.1981964111328 18.6823062896729 18.3325080871582 18.7350482940674 18.8898372650146 18.952579498291 19.0163269042969 18.4704055786133
-3.4e+38 -3.4e+38 26.0913829803467 25.9607486724854 24.8039817810059 23.9848308563232 23.0689029693604 22.4692192077637 22.1558933258057 22.1188087463379 22.1881656646729 22.1152191162109 22.0550479888916 21.7677612304688 20.933629989624 20.3957538604736 19.5117530822754 18.53830909729 18.1037826538086 17.9889831542969 17.96799659729 18.0095043182373 18.081958770752 18.1406497955322 18.2201671600342 18.359037399292 18.1761913299561 18.1315479278564 18.1805820465088 18.2953910827637 18.6475982666016 18.6454582214355 18.6235980987549 18.5128269195557 18.4944076538086 18.284517288208 18.1801986694336 18.2297840118408 18.0637493133545 17.9080543518066 18.0623168945312 17.9960670471191 17.9383430480957 17.926830291748 18.1705913543701 18.2447052001953 18.0369663238525
-339999999999999996128486808808066248288.000000000000000 -3.4e+38 -3.4e+38 -3.4e+38 25.830114364624 23.944486618042 22.9385852813721 22.3507328033447 22.1137752532959 22.1822128295898 22.2007350921631 22.0249176025391 21.7507514953613 20.8415622711182 20.3394317626953 19.8539123535156 18.8608264923096 18.2438125610352 18.014253616333 17.9137420654297 17.9579105377197 17.9457359313965 18.0246276855469 18.1190872192383 18.2974452972412 18.3840713500977 18.2431945800781 18.3892688751221 18.1314277648926 18.2788581848145 18.3840293884277 18.0856971740723 18.3528232574463 18.3056125640869 18.1878128051758 17.9260063171387 17.7385330200195 17.6643943786621 17.7222328186035 17.6807098388672 17.5590229034424 17.6001968383789 17.5284290313721 17.5991649627686 17.6098213195801 17.6944541931152 17.7829895019531
-3.4e+38 -3.4e+38 -3.4e+38 -3.4e+38 25.3306732177734 23.7306041717529 22.7906742095947 22.3400650024414 22.1589813232422 22.1662502288818 22.0173377990723 21.8589420318604 21.2587642669678 20.2663841247559 19.641773223877 19.1600856781006 18.8797016143799 18.3509864807129 17.990385055542 17.931957244873 17.7245082855225 17.6341381072998 17.7165355682373 17.8028812408447 17.9393634796143 18.2155914306641 18.1731948852539 18.2487106323242 18.085693359375 18.4513778686523 18.3732948303223 18.1564922332764 17.8111515045166 17.7583827972412 17.5626831054688 17.1498985290527 17.2402229309082 17.2699394226074 17.2833309173584 17.2694034576416 17.3149642944336 17.3445854187012 17.309720993042 17.2157554626465 17.4360466003418 17.3104267120361 17.3950634002686
-3.4e+38 -3.4e+38 -3.4e+38 -3.4e+38 25.1591510772705 23.7639179229736 22.6611957550049 22.4248828887939 22.2246036529541 22.1421985626221 21.916202545166 21.5843486785889 20.4643230438232 19.8364429473877 19.1550197601318 18.8806171417236 18.3883209228516 18.1322803497314 17.6027889251709 17.5015869140625 17.315731048584 17.470817565918 17.6408786773682 17.726655960083 17.702205657959 18.0664882659912 18.39621925354 18.0419235229492 18.054615020752 18.2386608123779 18.4312400817871 18.0170364379883 17.7145290374756 17.5220851898193 17.2540550231934 17.1155281066895 17.0538673400879 17.1154861450195 17.0987186431885 17.153636932373 17.0680313110352 17.0294380187988 17.0048427581787 17.1616249084473 17.1487522125244 17.233283996582 17.3246898651123
-3.4e+38 -3.4e+38 -3.4e+38 -3.4e+38 26.2416591644287 24.1817455291748 22.8197937011719 22.5583972930908 22.3202896118164 22.1588916778564 21.9253883361816 21.5051364898682 20.2865333557129 19.650915145874 18.868709564209 18.101676940918 17.9050559997559 17.7822017669678 17.5446586608887 17.1862411499023 17.1185207366943 17.1682453155518 17.505277633667 17.6922416687012 17.8766326904297 18.1818084716797 18.5856914520264 18.5362453460693 18.1884536743164 18.254976272583 17.9796199798584 17.7530422210693 17.6472587585449 17.377103805542 17.2077827453613 17.0788249969482 16.985050201416 16.9441566467285 16.759313583374 16.670223236084 16.7168579101562 16.7872543334961 16.8687114715576 16.9555358886719 17.0536479949951 17.1566162109375 17.26003074646
-3.4e+38 -3.4e+38 -3.4e+38 -3.4e+38 26.1207237243652 24.5252170562744 23.2405395507812 22.6662483215332 22.4225215911865 22.2351665496826 22.0835933685303 21.8358955383301 20.5503120422363 19.474308013916 18.8208255767822 17.9389896392822 17.6113300323486 17.6186752319336 17.5348567962646 17.1769924163818 17.1817474365234 17.2345504760742 17.3703079223633 17.5473899841309 18.1452884674072 18.270450592041 18.3449611663818 18.3625640869141 18.3099136352539 18.2256488800049 17.8574371337891 17.8964595794678 17.6545696258545 17.1729259490967 16.8133144378662 16.7605419158936 16.5592193603516 16.5208530426025 16.5082111358643 16.5301704406738 16.5835609436035 16.6561470031738 16.4768486022949 16.812047958374 16.9124984741211 17.0414981842041 17.1738834381104
-3.4e+38 -3.4e+38 -3.4e+38 -3.4e+38 26.1297283172607 25.0105438232422 23.7991123199463 22.7954750061035 22.6512241363525 22.4631729125977 22.3343544006348 22.1719627380371 21.1350078582764 19.3701877593994 18.4564476013184 18.0234031677246 17.7253017425537 17.6843967437744 17.4525089263916 17.278507232666 17.3207149505615 17.3925819396973 17.5366897583008 17.6815776824951 17.8310108184814 17.6846733093262 17.7557125091553 17.960880279541 17.9152584075928 17.8757305145264 17.7192554473877 17.6958236694336 17.3474674224854 16.9677906036377 16.7179222106934 16.5642528533936 16.4255905151367 16.3981285095215 16.4001884460449 16.30246925354 16.4704570770264 16.4798889160156 16.3822021484375 16.365140914917 16.6086616516113 16.9450588226318 16.9799633026123
-3.4e+38 -3.4e+38 -3.4e+38 -3.4e+38 -3.4e+38 24.8452701568604 24.2840232849121 23.008768081665 22.850513458252 22.8160419464111 22.5157852172852 22.474645614624 21.7956485748291 19.6248245239258 18.5736751556396 18.0931911468506 17.865083694458 17.7600593566895 17.54833984375 17.4176692962646 17.4983043670654 17.5754642486572 17.7161331176758 17.8191547393799 17.8801536560059 17.5598449707031 17.6587772369385 17.9476985931396 17.89453125 17.791088104248 17.6290950775146 17.4231739044189 17.2009906768799 16.8899211883545 16.4810523986816 16.4271831512451 16.3519763946533 16.3049716949463 16.3057060241699 16.3340034484863 16.2860660552979 16.2281551361084 16.315185546875 16.6232662200928 16.4945964813232 16.6013507843018 16.6608180999756
-3.4e+38 -3.4e+38 -3.4e+38 -3.4e+38 -3.4e+38 26.6255397796631 24.6124153137207 23.2631759643555 22.9831466674805 22.9627666473389 22.7744827270508 22.811071395874 22.0343379974365 19.8505401611328 18.8364028930664 18.1565246582031 18.13134765625 17.8628215789795 17.7131881713867 17.6098194122314 17.6572666168213 17.6937656402588 17.5816078186035 17.7216625213623 17.6027450561523 17.2625389099121 17.3548240661621 17.5567226409912 17.4923343658447 17.59987449646 17.5651988983154 17.3615531921387 17.1199169158936 16.8170051574707 16.0529174804688 16.0476665496826 16.2273216247559 16.225513458252 16.207498550415 16.2263031005859 16.2941875457764 16.0963134765625 16.1500053405762 16.3602600097656 16.4784469604492 16.5205726623535 16.6485157012939
-3.4e+38 -3.4e+38 -3.4e+38 -3.4e+38 -3.4e+38 26.7034187316895 24.8214263916016 23.433687210083 23.0759410858154 23.0960636138916 23.0229206085205 23.0316886901855 21.9102993011475 19.7085552215576 18.651180267334 18.2086791992188 18.2894229888916 18.2585906982422 17.77414894104 17.7770385742188 17.8421878814697 17.7207374572754 17.5623779296875 17.3732128143311 17.2039089202881 17.2307167053223 17.1947822570801 17.1736755371094 17.1170997619629 16.8937301635742 16.7376747131348 16.5650939941406 16.4739532470703 16.2338714599609 15.7650375366211 15.6714105606079 15.7912254333496 15.9182786941528 15.851655960083 15.9111499786377 15.9281558990479 16.0136585235596 16.137186050415 16.2763271331787 16.4229297637939 16.5634822845459 16.6803035736084
-3.4e+38 -3.4e+38 -3.4e+38 -3.4e+38 -3.4e+38 -3.4e+38 25.01708984375 23.6111183166504 23.2166538238525 23.2152252197266 23.1811485290527 23.1776676177979 22.248950958252 20.1147594451904 18.8423690795898 18.3948173522949 18.7695693969727 18.4935569763184 17.9251899719238 17.9393329620361 17.9594211578369 17.7420825958252 17.4840717315674 17.250316619873 17.0433692932129 17.0433826446533 17.1023483276367 16.8649940490723 16.6594982147217 16.5391311645508 16.3792037963867 16.1855030059814 15.9784288406372 15.7539548873901 15.5317974090576 15.3888511657715 15.3123636245728 15.4827136993408 15.6801462173462 15.8147649765015 15.9461984634399 16.049072265625 16.184045791626 16.3086204528809 16.4065036773682 16.6146469116211 16.8310680389404
-3.4e+38 -3.4e+38 -3.4e+38 -3.4e+38 -3.4e+38 -3.4e+38 25.1861572265625 23.7008323669434 23.2919082641602 23.2405376434326 23.2853889465332 23.2430801391602 22.2726173400879 20.4079036712646 19.2588806152344 18.8063926696777 19.126485824585 18.7975769042969 18.1501712799072 18.0345439910889 17.7366161346436 17.5645809173584 17.3391704559326 17.1785259246826 16.9931831359863 16.9685688018799 16.8832759857178 16.7643566131592 16.6286125183105 16.4833431243896 16.3256874084473 16.1579475402832 15.9465913772583 15.7156972885132 15.5348339080811 15.3843469619751 15.2964000701904 15.24680519104 15.2622299194336 15.4408226013184 15.6936693191528 15.8987312316895 16.0843734741211 16.1125030517578 16.2774276733398 16.494384765625 16.834831237793
-3.4e+38 -3.4e+38 -3.4e+38 -3.4e+38 -3.4e+38 -3.4e+38 25.2696952819824 23.5990295410156 23.2977924346924 23.2761669158936 23.4090614318848 23.3266143798828 22.3152027130127 20.154972076416 19.1082916259766 18.6397495269775 19.0017833709717 18.6565608978271 18.3072509765625 17.9621181488037 17.6076507568359 17.3453159332275 17.1563396453857 17.0729579925537 17.031810760498 16.9957122802734 16.910177230835 16.7836894989014 16.6364192962646 16.4767303466797 16.3144989013672 16.1516857147217 15.952766418457 15.7315816879272 15.5705461502075 15.4362258911133 15.3706521987915 15.3360757827759 15.3431463241577 15.4017019271851 15.4989242553711 15.6603965759277 15.8534049987793 16.1584072113037 16.3240146636963 16.415111541748 16.5872669219971
-3.4e+38 -3.4e+38 -3.4e+38 -3.4e+38 -3.4e+38 25.9655265808105 24.7424373626709 23.4169521331787 23.2628803253174 23.3898868560791 23.5882415771484 23.3199481964111 22.0789012908936 19.7160949707031 18.6789398193359 18.5019474029541 18.7000198364258 18.6405773162842 18.4001846313477 18.0218715667725 17.5759754180908 17.1985187530518 17.1288795471191 17.1134262084961 17.0835075378418 17.0307350158691 16.9476737976074 16.8192119598389 16.6678009033203 16.507194519043 16.3452224731445 16.1937561035156 16.0051822662354 15.8078451156616 15.6445589065552 15.5272150039673 15.46946144104 15.4559516906738 15.4712028503418 15.5376358032227 15.652099609375 15.7928190231323 15.9601068496704 16.1658115386963 16.3777923583984 16.5665435791016 16.7562808990479
-3.4e+38 -3.4e+38 -3.4e+38 -3.4e+38 25.9516429901123 25.724328994751 23.8608627319336 23.3202266693115 23.3206596374512 23.5390586853027 23.4638118743896 23.1427879333496 21.4466800689697 19.3189315795898 18.5957298278809 18.5046825408936 18.6481914520264 18.5137195587158 18.2373943328857 18.0047855377197 17.3764877319336 17.1466960906982 17.1906414031982 17.1937389373779 17.1449565887451 17.0842304229736 16.9931488037109 16.8781585693359 16.723762512207 16.5737247467041 16.4089679718018 16.2709255218506 16.1128234863281 15.9369688034058 15.7794017791748 15.6765556335449 15.604808807373 15.6066160202026 15.642035484314 15.725438117981 15.8648071289062 16.0310592651367 16.2187213897705 16.4254989624023 16.6153793334961 16.8209476470947 16.9960613250732
