Ecospace-environmental-drivers/Outputs/ASCII-for-ecospace/Temp-avg/Temp-avg_X2008.07.asc
NCOLS 131 
NROWS 53 
XLLCORNER -98 
YLLCORNER 23.9265270233154 
CELLSIZE 0.133587792515755 
NODATA_value -3.4e+38 
[rows 21 to 41 of 53, columns 47 to 93 of 131]
26.1286201477051 25.7881183624268 25.7158508300781 25.6643047332764 25.6078147888184 25.6428909301758 25.3286933898926 25.3053016662598 25.3761253356934 25.0303440093994 24.473123550415 24.3301200866699 23.847240447998 22.8881340026855 22.2497367858887 21.3317604064941 20.2646217346191 20.057373046875 20.207576751709 20.0478496551514 19.6553802490234 19.3526611328125 19.2280139923096 19.2479572296143 19.0407676696777 18.8482074737549 18.8529758453369 18.8634624481201 18.783166885376 18.519214630127 18.4618167877197 18.4185371398926 18.3550662994385 18.2886238098145 18.19704246521 18.0956401824951 18.1003131866455 18.3685188293457 19.2931613922119 19.9242038726807 20.2357540130615 20.4841556549072 20.8596305847168 21.3192691802979 21.801700592041 22.2334880828857 22.7513809204102
25.5995063781738 25.3407592773438 25.2323036193848 25.0947914123535 25.0934963226318 24.7524318695068 23.9172821044922 24.2389125823975 23.7810459136963 22.9502506256104 22.6285495758057 22.4750270843506 22.4051647186279 21.8722400665283 21.3304042816162 21.1060886383057 20.0977115631104 19.9025077819824 19.5869483947754 19.6441955566406 19.4882221221924 19.1309680938721 19.0606212615967 18.760612487793 18.6829490661621 18.6803493499756 18.6812438964844 18.6835975646973 18.4694080352783 18.279275894165 18.2653789520264 18.2382850646973 18.1960945129395 18.1387977600098 18.0633144378662 17.9663887023926 17.8604488372803 17.7828159332275 17.7826175689697 18.1005878448486 18.545618057251 18.8999729156494 19.3363990783691 20.0367603302002 20.6682529449463 21.1791324615479 21.7880020141602
24.3431968688965 24.2114372253418 24.4351711273193 23.8561420440674 23.3434314727783 22.7436923980713 22.6858196258545 22.0552005767822 21.4214744567871 21.2186374664307 21.3147144317627 21.6794509887695 21.2216758728027 20.8630447387695 20.3048572540283 20.0875549316406 19.8940372467041 19.5747127532959 19.4426364898682 19.4391498565674 19.4100532531738 19.1098690032959 18.958703994751 18.5726337432861 18.5786075592041 18.5858936309814 18.5984039306641 18.5320301055908 18.1943874359131 18.1569385528564 18.1354217529297 18.0953750610352 18.0605869293213 18.0194644927979 17.9462833404541 17.8502902984619 17.7598724365234 17.6320476531982 17.2916831970215 17.2579822540283 17.2735862731934 17.3088874816895 17.7134056091309 18.432300567627 19.2769584655762 20.2366600036621 20.872428894043
22.5187454223633 22.5436401367188 22.087100982666 22.3026218414307 22.0527725219727 21.6371765136719 20.9835319519043 20.552806854248 20.0855445861816 20.4594306945801 20.4488677978516 20.6483268737793 20.1003017425537 19.9098663330078 19.8517761230469 19.8194179534912 19.5460739135742 19.4727115631104 19.3861408233643 19.1520347595215 19.0338668823242 18.9590225219727 18.933464050293 18.6656723022461 18.547872543335 18.5172233581543 18.2843284606934 18.2200546264648 18.1869010925293 18.1360015869141 18.0750694274902 18.0266571044922 17.9785099029541 17.9257488250732 17.6309871673584 17.4787292480469 17.3372573852539 17.2609043121338 17.1646575927734 17.1314182281494 17.121280670166 17.1234245300293 17.1525688171387 17.2711734771729 17.8359241485596 18.8297424316406 19.9065647125244
21.548755645752 21.2901592254639 21.1224632263184 20.8513965606689 20.4990119934082 20.7598400115967 20.0232257843018 20.0773448944092 19.6936149597168 19.7074222564697 19.6096153259277 19.5597457885742 19.5427417755127 19.5793609619141 19.6374759674072 19.4047546386719 19.0812473297119 19.0603313446045 19.0301971435547 18.928201675415 18.9411201477051 18.9643459320068 18.9929103851318 18.9859180450439 18.6395263671875 18.6098861694336 18.5444927215576 18.2714614868164 18.2283496856689 18.1733455657959 18.0946712493896 18.0193748474121 17.9360771179199 17.796968460083 17.4384326934814 17.3519096374512 17.254732131958 17.1690254211426 17.1178874969482 17.0676956176758 17.0359725952148 17.0495986938477 17.073055267334 17.0926971435547 17.1147594451904 17.5667705535889 18.75465965271
20.7094631195068 20.7427539825439 20.6159324645996 19.9588813781738 19.9295806884766 20.0512828826904 19.9512767791748 19.5870552062988 19.6379508972168 19.3983612060547 19.4214878082275 19.245548248291 19.3331165313721 19.1772518157959 19.0321884155273 18.8114395141602 18.8356170654297 18.9205532073975 18.9843673706055 19.0461120605469 19.1019878387451 19.1523666381836 18.8763179779053 18.8274040222168 18.8069000244141 18.8063526153564 18.7969303131104 18.4979419708252 18.3194179534912 18.2666168212891 18.1558132171631 18.0750427246094 17.970121383667 17.6255874633789 17.4015865325928 17.3084659576416 17.2157821655273 17.145191192627 17.0797252655029 17.0386219024658 16.9984664916992 16.9951591491699 17.0264930725098 17.0563850402832 17.0832118988037 17.0776596069336 17.8359508514404
20.3692722320557 20.3250484466553 20.0039520263672 19.5977916717529 19.6365337371826 19.6204452514648 19.4721298217773 19.5340709686279 19.336519241333 18.9609146118164 18.8690528869629 18.790994644165 18.8642406463623 18.8353977203369 18.5793361663818 18.5891418457031 18.5391464233398 18.6713485717773 18.9195995330811 19.1043548583984 19.3668842315674 19.1102828979492 19.0914402008057 19.1110649108887 19.1033115386963 19.0793972015381 19.0397186279297 18.6435966491699 18.4927673339844 18.4031734466553 18.2983131408691 18.1601848602295 18.0213050842285 17.890043258667 17.6418342590332 17.2855930328369 17.1954212188721 17.1213932037354 17.0667934417725 17.0111293792725 16.9627475738525 16.9480895996094 16.993127822876 17.0224704742432 17.0429611206055 17.0556468963623 17.3320846557617
20.2283573150635 19.8900699615479 19.5632228851318 19.6465663909912 19.5705642700195 19.1998825073242 19.1078872680664 19.1717376708984 18.9484634399414 18.8664131164551 18.6882457733154 18.474681854248 18.2960395812988 18.3329563140869 18.384744644165 18.5368118286133 18.7037448883057 18.8620853424072 18.9893817901611 19.1147270202637 19.2527675628662 19.3729782104492 19.4345321655273 19.463098526001 19.4012908935547 19.145450592041 18.9174118041992 18.8178596496582 18.7113380432129 18.5711288452148 18.454345703125 18.2880821228027 18.1047992706299 17.9519062042236 17.7203197479248 17.5375003814697 17.2088565826416 17.1118659973145 17.0593433380127 16.9948787689209 16.9484062194824 16.9360160827637 16.9907302856445 17.0119514465332 17.0224189758301 17.0412902832031 17.0820655822754
19.8013305664062 19.6818256378174 19.5658016204834 19.4315605163574 19.2661666870117 19.0813598632812 18.8778457641602 18.709566116333 18.5504264831543 18.4122829437256 18.1039447784424 18.0585346221924 18.1695518493652 18.3362903594971 18.5390377044678 18.7083053588867 18.8956451416016 19.0759563446045 19.2530250549316 19.4110279083252 19.5563793182373 19.6834144592285 19.754602432251 19.7989101409912 19.4437465667725 19.3001976013184 19.2125911712646 19.0881938934326 18.9340953826904 18.7661762237549 18.6015605926514 18.4091300964355 18.220666885376 18.0408916473389 17.8843383789062 17.7129993438721 17.2957801818848 17.1533126831055 17.0807266235352 17.0154666900635 16.9664440155029 16.9720211029053 16.9871673583984 17.0043640136719 17.0111846923828 17.0591335296631 17.0745277404785
19.7040424346924 19.5855674743652 19.1670761108398 19.0689315795898 19.1483879089355 18.8388423919678 18.766077041626 18.6324234008789 18.5459861755371 18.1545810699463 18.0609798431396 18.0539836883545 18.0909595489502 18.383487701416 18.5725193023682 18.7645969390869 18.7772693634033 18.8939342498779 19.1053237915039 19.4421577453613 19.8145866394043 19.9535293579102 20.0429363250732 20.0893802642822 19.7309894561768 19.5969047546387 19.4979572296143 19.372917175293 19.2001686096191 18.9794979095459 18.7699451446533 18.5311298370361 18.320520401001 18.1334991455078 17.9473495483398 17.773796081543 17.3932304382324 17.2017478942871 17.117883682251 17.0390357971191 16.9973163604736 16.9861640930176 16.9960174560547 16.9921436309814 17.0032806396484 17.0239753723145 17.0675220489502
19.3224430084229 19.4910087585449 19.1543464660645 18.9680404663086 18.9883251190186 18.8161811828613 18.6827621459961 18.5967617034912 18.4972248077393 18.089958190918 18.020040512085 17.9407005310059 18.0950660705566 18.2559871673584 18.4408130645752 18.6583881378174 18.8788280487061 19.0970268249512 19.3021430969238 19.4928512573242 19.8767051696777 20.1847171783447 20.2756462097168 20.3334903717041 20.0799903869629 19.8559799194336 19.7699813842773 19.6332550048828 19.4453792572021 19.2044696807861 18.9499244689941 18.6654014587402 18.4273662567139 18.2239723205566 18.007963180542 17.8249092102051 17.3994216918945 17.2443752288818 17.1566181182861 17.07541847229 17.0253677368164 17.003547668457 17.00244140625 17.0003509521484 17.0196743011475 17.057523727417 17.0851058959961
19.4707317352295 19.3406372070312 19.1607818603516 18.6938896179199 18.8266906738281 18.439359664917 18.2423534393311 18.2299919128418 18.2236919403076 17.9072284698486 17.9291286468506 18.061544418335 18.1923427581787 18.3679180145264 18.5742435455322 18.8089981079102 19.04660987854 19.2834529876709 19.5203380584717 19.7230072021484 19.8697719573975 20.1312580108643 20.4867382049561 20.5180492401123 20.3714351654053 20.0392627716064 19.9790687561035 19.8433265686035 19.6501979827881 19.3806743621826 19.1146965026855 18.8188781738281 18.5483818054199 18.3103923797607 18.0793437957764 17.9104595184326 17.488956451416 17.3122844696045 17.1937313079834 17.1123065948486 17.0804233551025 17.0507946014404 17.0384006500244 17.0364074707031 17.0433311462402 17.0881690979004 17.1196117401123
19.004093170166 18.7890396118164 18.5801448822021 18.4369297027588 18.4006748199463 18.244743347168 18.2064208984375 18.0895748138428 17.900915145874 17.9297122955322 18.0184078216553 18.1372718811035 18.2790622711182 18.4795608520508 18.698694229126 18.9487056732178 19.2181186676025 19.4787578582764 19.721700668335 19.9165840148926 20.0668926239014 20.1683521270752 20.3022918701172 20.3499488830566 20.2719535827637 20.1835632324219 20.1044082641602 19.9843826293945 19.7860145568848 19.5043106079102 19.2404651641846 18.948184967041 18.6490306854248 18.3966541290283 18.1736717224121 17.8381309509277 17.5048961639404 17.3886528015137 17.2665901184082 17.1814517974854 17.1591167449951 17.14430809021 17.1165714263916 17.0877552032471 17.079273223877 17.1061935424805 17.1449794769287
18.7749176025391 18.6036758422852 18.4312629699707 18.3020267486572 18.2348365783691 18.2209568023682 17.9431476593018 17.8561038970947 17.9201793670654 17.9479866027832 17.8136806488037 17.8372192382812 18.1196365356445 18.2691440582275 18.507604598999 18.9239921569824 19.3039112091064 19.634672164917 19.8658065795898 20.0583076477051 20.2188415527344 20.302677154541 20.3565921783447 20.3838729858398 20.3561859130859 20.2918968200684 20.1863689422607 20.0512561798096 19.8642654418945 19.5926456451416 19.3090496063232 19.0181446075439 18.6336765289307 18.2598915100098 17.9333782196045 17.6956768035889 17.5694980621338 17.4618873596191 17.3588790893555 17.2842330932617 17.2601852416992 17.2516040802002 17.2084274291992 17.150276184082 17.1401348114014 17.1544094085693 17.2069778442383
18.6357269287109 18.4721279144287 18.3368625640869 18.2485980987549 18.2054214477539 18.1858444213867 17.5873489379883 17.5233669281006 17.614351272583 17.677375793457 17.7506828308105 17.8881053924561 18.093505859375 18.3034553527832 18.5336227416992 18.7954578399658 19.0667133331299 19.325984954834 19.6944675445557 20.1078453063965 20.2589130401611 20.3563690185547 20.4174308776855 20.4310684204102 20.4015827178955 20.3187294006348 20.2080745697021 20.0421276092529 19.8551864624023 19.6229419708252 19.2224636077881 18.7039852142334 18.4136123657227 18.1538047790527 17.9489212036133 17.765100479126 17.6292819976807 17.5340976715088 17.4481201171875 17.3824310302734 17.3637847900391 17.3479709625244 17.2886085510254 17.2336082458496 17.22412109375 17.2433910369873 17.2775459289551
18.5270957946777 18.3967380523682 18.2979030609131 18.1086273193359 17.9584922790527 17.5749607086182 17.4417877197266 17.5024700164795 17.5915851593018 17.6738815307617 17.779239654541 17.9262466430664 18.1461296081543 18.3662395477295 18.5914916992188 18.8325080871582 19.0785007476807 19.306173324585 19.4818840026855 19.7147102355957 20.0811061859131 20.3305320739746 20.3828773498535 20.3867206573486 20.353910446167 20.2696800231934 20.1414756774902 19.980770111084 19.7667942047119 19.3901901245117 18.95237159729 18.6880874633789 18.4289283752441 18.1714000701904 17.9713859558105 17.8181209564209 17.6909370422363 17.5953922271729 17.5155143737793 17.4683818817139 17.4606990814209 17.4577198028564 17.4143295288086 17.3626232147217 17.3626232147217 17.3982067108154 17.4380855560303
18.4650955200195 18.3428077697754 17.9635143280029 17.5241355895996 17.4206638336182 17.3967952728271 17.4165687561035 17.4784049987793 17.567699432373 17.6638698577881 17.8085403442383 17.9799251556396 18.1799144744873 18.4013576507568 18.6186256408691 18.8308868408203 19.0431499481201 19.2396869659424 19.3986415863037 19.5449447631836 19.6683044433594 19.8799152374268 20.1163158416748 20.0014553070068 19.9593067169189 19.9507713317871 19.7400779724121 19.579906463623 19.3051586151123 19.0660820007324 18.8405628204346 18.5918655395508 18.3645420074463 18.147834777832 17.979320526123 17.8649463653564 17.7746925354004 17.7008819580078 17.6483192443848 17.6106548309326 17.5941867828369 17.5960845947266 17.5678424835205 17.5422592163086 17.5453796386719 17.5766525268555 17.6146049499512
18.2660236358643 17.9780387878418 17.5886936187744 17.4879360198975 17.4354305267334 17.4219932556152 17.4323692321777 17.4782543182373 17.5582447052002 17.6590576171875 17.8410701751709 18.0357341766357 18.2042579650879 18.4116764068604 18.6154689788818 18.7953453063965 18.9730854034424 19.1429862976074 19.2821731567383 19.4000225067139 19.50856590271 19.6005783081055 19.6592712402344 19.6736354827881 19.6108322143555 19.5278511047363 19.3975219726562 19.2422962188721 19.0658760070801 18.8704662322998 18.6675243377686 18.4687633514404 18.2819385528564 18.1190299987793 18.0056400299072 17.9321784973145 17.8786373138428 17.8497085571289 17.8120040893555 17.7787761688232 17.7711887359619 17.7797012329102 17.7857398986816 17.7811946868896 17.7962074279785 17.8184967041016 17.8499546051025
17.8054351806641 17.6626071929932 17.5915794372559 17.5261516571045 17.4873085021973 17.4787311553955 17.484354019165 17.5156059265137 17.5958404541016 17.684928894043 17.8722724914551 18.0724010467529 18.2298393249512 18.3983936309814 18.5842590332031 18.744421005249 18.8952827453613 19.0320930480957 19.1402492523193 19.2242546081543 19.3087902069092 19.3572235107422 19.3914623260498 19.3847713470459 19.3226280212402 19.2392330169678 19.1143970489502 18.9719772338867 18.807035446167 18.6437721252441 18.479850769043 18.3261337280273 18.1988258361816 18.0904331207275 18.0198154449463 17.9906578063965 17.9781055450439 17.9705276489258 17.9716300964355 18.0169239044189 18.0680961608887 18.1106014251709 18.1618881225586 18.2003593444824 18.2168064117432 18.2183361053467 18.2240200042725
17.7627582550049 17.6823806762695 17.6115455627441 17.5678234100342 17.5445003509521 17.5356750488281 17.5391960144043 17.5751934051514 17.6489124298096 17.727876663208 17.8961791992188 18.0974826812744 18.2494945526123 18.3895988464355 18.5430927276611 18.6838321685791 18.8130874633789 18.9252948760986 19.0116939544678 19.0605983734131 19.1077194213867 19.1254329681396 19.1240653991699 19.0685577392578 18.9844036102295 18.8768825531006 18.7587089538574 18.6225700378418 18.4923915863037 18.3734722137451 18.2747440338135 18.1670989990234 18.0773544311523 18.0410327911377 18.05295753479 18.0757846832275 18.1015396118164 18.1375732421875 18.2186756134033 18.3531036376953 18.4674396514893 18.54638671875 18.6150054931641 18.6697998046875 18.7001953125 18.6859169006348 18.6598777770996
17.7540073394775 17.6796226501465 17.6254749298096 17.6115951538086 17.5952701568604 17.5864219665527 17.5886650085449 17.6306381225586 17.6896820068359 17.7764930725098 17.929162979126 18.1096153259277 18.2552223205566 18.3791427612305 18.4811153411865 18.6021995544434 18.715690612793 18.8129196166992 18.8768253326416 18.9080333709717 18.9189548492432 18.8979339599609 18.8644733428955 18.7991504669189 18.6715564727783 18.5373439788818 18.4039058685303 18.2702503204346 18.1560859680176 18.0578060150146 17.9762687683105 17.9726085662842 17.9964237213135 18.0551490783691 18.1564273834229 18.2333946228027 18.2683944702148 18.3957138061523 18.5749530792236 18.7461986541748 18.8750896453857 18.958366394043 19.0346794128418 19.0937881469727 19.1381225585938 19.1429309844971 19.1074600219727
