Ecospace-environmental-drivers/Outputs/ASCII-for-ecospace/Temp-avg/Temp-avg_X2014.12.asc
NCOLS 131 
NROWS 53 
XLLCORNER -98 
YLLCORNER 23.9265270233154 
CELLSIZE 0.133587792515755 
NODATA_value -3.4e+38 
[rows 21 to 41 of 53, columns 0 to 46 of 131]
-3.4e+38 -3.4e+38 -3.4e+38 -3.4e+38 -3.4e+38 -3.4e+38 18.3824062347412 18.399320602417 18.1902275085449 18.1378974914551 17.881706237793 17.7082958221436 17.7500095367432 18.0131282806396 18.2278957366943 18.4086284637451 18.6025562286377 18.8421688079834 19.2496566772461 19.8979988098145 20.345853805542 20.4277153015137 20.4838714599609 20.6852855682373 20.9117660522461 21.0945224761963 21.3487110137939 21.5726356506348 21.7960948944092 21.9808177947998 22.0919303894043 22.1604976654053 22.2363948822021 22.2541007995605 22.1682968139648 22.1502113342285 22.2272186279297 22.1759796142578 22.1331043243408 22.080587387085 21.985013961792 21.9741497039795 22.0047187805176 22.1081848144531 22.1743354797363 22.2111396789551 22.2032260894775
-3.4e+38 -3.4e+38 -3.4e+38 -3.4e+38 -3.4e+38 -3.4e+38 18.4108638763428 18.3370361328125 18.399320602417 17.9611396789551 17.8603172302246 17.9576530456543 18.2170829772949 18.5456047058105 18.8686923980713 19.2094497680664 19.5249805450439 19.8411769866943 20.1737957000732 20.5291481018066 20.9600563049316 21.3197422027588 21.4397373199463 21.3715667724609 21.3815250396729 21.5705223083496 21.7303485870361 21.9019794464111 22.1012649536133 22.2049217224121 22.2868595123291 22.3930110931396 22.4726142883301 22.4995002746582 22.4890327453613 22.4805221557617 22.448091506958 22.4615592956543 22.4900131225586 22.4695835113525 22.4058933258057 22.3485164642334 22.2953147888184 22.2710666656494 22.2489109039307 22.2272033691406 22.2425708770752
-3.4e+38 -3.4e+38 -3.4e+38 -3.4e+38 18.4923858642578 18.4778728485107 18.3689575195312 18.4108638763428 18.2009258270264 18.008617401123 18.1493320465088 18.4690265655518 18.8992786407471 19.4081764221191 19.807638168335 20.1240749359131 20.423656463623 20.7123641967773 21.0626926422119 21.3383522033691 21.5179710388184 21.6815280914307 21.8697681427002 21.9989223480225 22.0406322479248 22.1808414459229 22.1594219207764 22.114673614502 22.2079925537109 22.3440494537354 22.5063018798828 22.5747394561768 22.5441265106201 22.5391864776611 22.3568077087402 22.3357849121094 22.3787631988525 22.4477386474609 22.5146369934082 22.3281345367432 22.3957195281982 22.5312728881836 22.3929405212402 22.1664180755615 22.1300849914551 22.1286582946777 22.0681629180908
-3.4e+38 -3.4e+38 -3.4e+38 -3.4e+38 18.5543155670166 18.430456161499 18.4488487243652 18.185661315918 18.1286354064941 18.3316059112549 18.7587089538574 19.3974456787109 20.1098575592041 20.6493167877197 21.0620059967041 21.2444858551025 21.2560062408447 21.3179950714111 21.530517578125 21.6436767578125 21.619234085083 21.6149635314941 21.5828971862793 21.557975769043 21.66135597229 21.8079223632812 21.752082824707 21.9364681243896 22.2032527923584 22.1406059265137 22.3060111999512 22.3980598449707 22.3745403289795 22.1664924621582 22.3172302246094 22.3654556274414 22.1946640014648 22.2575378417969 22.1587257385254 21.431510925293 21.7577571868896 21.8493938446045 22.3596115112305 21.9334373474121 22.0067272186279 22.0659046173096 21.9212284088135
-3.4e+38 -3.4e+38 -3.4e+38 -3.4e+38 -3.4e+38 18.3911361694336 18.3404178619385 18.1573085784912 18.4436855316162 18.9617404937744 19.6892852783203 20.6003284454346 21.2424221038818 21.742431640625 22.0231895446777 22.0999870300293 22.0849876403809 21.8936042785645 21.6656513214111 21.3141689300537 20.8770561218262 20.3486385345459 19.9411029815674 20.0932846069336 20.0749740600586 20.0234642028809 20.1685848236084 20.4740695953369 20.9588069915771 20.7521953582764 21.2971267700195 21.5733089447021 21.7479496002197 21.6201190948486 21.8764934539795 21.9228229522705 22.1722660064697 22.1720638275146 21.9648780822754 20.6098155975342 20.7709083557129 20.8563137054443 21.1304130554199 21.0070037841797 20.8220291137695 20.8894844055176 20.3669319152832
-3.4e+38 -3.4e+38 -3.4e+38 -3.4e+38 -3.4e+38 18.5965805053711 18.1554679870605 18.4615497589111 19.04905128479 19.83154296875 20.7115669250488 21.4874038696289 21.9004077911377 21.9684352874756 21.9635696411133 21.7927875518799 21.4317035675049 20.5058250427246 19.6633205413818 18.7379264831543 18.2071781158447 17.8699932098389 17.8457336425781 18.141450881958 18.2613964080811 18.0414562225342 18.0963230133057 18.1378479003906 18.3856010437012 19.2984313964844 19.1623916625977 19.7307415008545 20.0188865661621 21.0003128051758 21.4615535736084 21.2021427154541 21.5638484954834 21.2259159088135 19.8284130096436 19.2587032318115 20.1140174865723 20.3914070129395 20.1457328796387 20.1152362823486 19.5649070739746 19.349630355835 19.4618816375732
-3.4e+38 -3.4e+38 19.112548828125 18.8777637481689 18.7386245727539 18.4733486175537 18.2765197753906 18.9923229217529 19.8245124816895 20.6589126586914 21.4196586608887 21.8742275238037 21.8684539794922 21.8334369659424 21.7919292449951 21.2893676757812 20.2560119628906 19.3238143920898 18.3007736206055 17.7768268585205 17.403039932251 17.0856189727783 17.2334270477295 17.2882308959961 17.2805614471436 17.2891368865967 17.3061542510986 17.0839576721191 17.1500053405762 17.4110012054443 18.0436630249023 18.8146171569824 19.2513427734375 19.9050827026367 19.7395935058594 20.1112365722656 20.0111789703369 19.299430847168 18.8333225250244 18.5677261352539 19.5554466247559 19.0130710601807 18.8860816955566 19.0418300628662 19.3874530792236 19.2645683288574 18.1596145629883
-339999999999999996128486808808066248288.000000000000000 -3.4e+38 -3.4e+38 -3.4e+38 18.7821178436279 18.5025691986084 18.7038345336914 19.583984375 20.53786277771 21.2918224334717 21.8259010314941 21.818431854248 21.6678733825684 21.6432857513428 21.2163753509521 20.2350425720215 19.3644161224365 18.3800849914551 17.6031646728516 17.3011436462402 17.020959854126 16.6985187530518 16.6868000030518 16.8138294219971 16.7918453216553 16.802864074707 16.7370491027832 16.6409378051758 16.430757522583 16.7110137939453 17.3976516723633 18.17555809021 18.6088638305664 18.6835117340088 18.7494106292725 18.6438121795654 18.5078010559082 18.6173477172852 18.6295623779297 17.8462028503418 18.2756385803223 18.3416080474854 18.3682022094727 18.2892589569092 18.6709117889404 18.2676048278809 16.9887294769287
-3.4e+38 -3.4e+38 -3.4e+38 -3.4e+38 18.6918334960938 18.5996170043945 19.1628322601318 20.0707740783691 21.0372447967529 21.6623306274414 21.9302158355713 21.6710777282715 21.4517612457275 21.2822170257568 20.4074020385742 19.7279586791992 18.8956928253174 17.9967079162598 17.2405681610107 16.7739143371582 16.6715126037598 16.4573364257812 16.3661403656006 16.3197231292725 16.2864894866943 16.2758235931396 16.3488426208496 16.3853645324707 15.8367795944214 16.2109546661377 17.1237373352051 17.2505893707275 17.756326675415 17.6824417114258 17.8494815826416 17.7333183288574 17.7709178924561 17.6882591247559 17.9257469177246 17.4282073974609 17.5941047668457 17.6482563018799 17.1589279174805 16.7779388427734 16.7121295928955 16.9277572631836 16.2025337219238
-3.4e+38 -3.4e+38 -3.4e+38 -3.4e+38 18.8266220092773 18.7367706298828 19.3539390563965 20.3145656585693 21.293004989624 21.8285789489746 21.8870964050293 21.4377403259277 21.0318050384521 20.4668884277344 19.7419548034668 18.9942283630371 18.2109603881836 17.6679439544678 16.9071025848389 16.4100551605225 16.2736892700195 15.9420671463013 15.8202676773071 15.7165565490723 15.8006315231323 15.9195442199707 16.1283340454102 16.1099224090576 15.8471813201904 15.9985809326172 16.623140335083 16.8771018981934 16.425500869751 16.8569602966309 16.8946113586426 16.1454334259033 16.4257068634033 16.7060356140137 16.7673587799072 16.734733581543 16.783597946167 16.6036720275879 16.5432567596436 16.526891708374 16.4183731079102 16.19748878479 16.0217418670654
-3.4e+38 -3.4e+38 -3.4e+38 -3.4e+38 19.0496978759766 18.8359470367432 19.405387878418 20.4334354400635 21.4322566986084 21.8128089904785 21.7781066894531 21.150016784668 20.7641220092773 19.9750289916992 19.2786865234375 18.4360256195068 17.8006687164307 17.4257774353027 16.5295505523682 16.0590057373047 15.7921028137207 15.6316633224487 15.5643291473389 15.4666500091553 15.3712368011475 15.5032663345337 15.8885688781738 15.6413440704346 14.8392915725708 15.4800729751587 16.3266353607178 16.0767078399658 15.8420000076294 15.9854736328125 15.7406940460205 15.3971042633057 15.4150047302246 16.0968379974365 15.7266731262207 16.0342445373535 15.9409427642822 15.9957218170166 15.8145036697388 16.0906925201416 15.8086290359497 15.965461730957 15.874213218689
-3.4e+38 -3.4e+38 -3.4e+38 -3.4e+38 19.2720432281494 18.9591064453125 19.3427772521973 20.4312896728516 21.3792304992676 21.6548347473145 21.652624130249 21.1809616088867 20.5800762176514 19.8602409362793 18.9117240905762 18.10378074646 17.0724048614502 16.6968746185303 16.3336772918701 15.7851247787476 15.4447841644287 15.2734251022339 15.2284393310547 15.3806657791138 15.280011177063 15.2093410491943 15.425895690918 15.2041969299316 14.9397077560425 15.5692720413208 15.7051410675049 15.2439403533936 15.2228441238403 15.0265054702759 15.3521280288696 15.1023588180542 15.259877204895 15.1749725341797 15.2426776885986 15.4419212341309 15.4901666641235 15.6427669525146 15.6287126541138 15.5980834960938 15.8413782119751 15.5112390518188 15.3125429153442
-3.4e+38 -3.4e+38 -3.4e+38 -3.4e+38 19.5494174957275 19.0897579193115 19.1680812835693 20.2113170623779 21.0771312713623 21.3877143859863 21.6147918701172 21.2970962524414 20.8734474182129 19.9473094940186 18.6539459228516 17.5137157440186 16.459415435791 16.1935901641846 15.8281869888306 15.4601879119873 15.2617378234863 15.1990661621094 15.0756702423096 15.0059404373169 15.0423784255981 15.0636653900146 15.1518793106079 15.0779705047607 15.0946559906006 15.1575736999512 15.0037794113159 14.820255279541 14.7406892776489 14.4711179733276 14.3113307952881 14.332576751709 14.3653631210327 14.4241304397583 14.6275081634521 14.6652221679688 14.7754240036011 14.9607009887695 14.9359092712402 15.1649417877197 15.1717081069946 15.0986042022705 14.9631471633911
-3.4e+38 -3.4e+38 -3.4e+38 -3.4e+38 -3.4e+38 19.481689453125 19.1547546386719 19.9556694030762 20.7197132110596 21.1213607788086 21.6223030090332 21.5333709716797 21.3334693908691 19.9253578186035 18.5911483764648 17.2767314910889 16.4008274078369 16.0352878570557 15.5769386291504 15.2477045059204 15.1842021942139 15.1220417022705 15.0182685852051 14.8623170852661 14.7089424133301 14.4451217651367 14.3509006500244 14.3605136871338 14.492413520813 14.4444208145142 14.4239473342896 14.4828567504883 14.3572845458984 14.0322828292847 13.8612356185913 13.7936429977417 13.763279914856 13.9818859100342 14.0249547958374 14.1067800521851 14.361123085022 14.5518808364868 14.5721998214722 14.5887660980225 14.6658773422241 14.7425699234009 14.56174659729
-3.4e+38 -3.4e+38 -3.4e+38 -3.4e+38 -3.4e+38 19.833122253418 19.2351417541504 19.6769275665283 20.4342880249023 20.9874038696289 21.5896549224854 21.8098907470703 21.5487461090088 20.2779712677002 18.6110553741455 17.4325752258301 16.4765129089355 15.8701438903809 15.3500576019287 15.1584911346436 15.1279010772705 15.0588626861572 14.9437112808228 14.5099697113037 14.3160848617554 13.982494354248 13.8755350112915 13.9834337234497 14.188684463501 14.2859601974487 14.1803932189941 14.0675401687622 13.9667015075684 13.602180480957 13.4028625488281 13.3614654541016 13.3932857513428 13.4868965148926 13.5547285079956 13.6631021499634 13.9838085174561 13.9951620101929 14.0680437088013 14.2708797454834 14.1777362823486 14.2575559616089 14.0586051940918
-3.4e+38 -3.4e+38 -3.4e+38 -3.4e+38 -3.4e+38 20.1754455566406 19.3779811859131 19.4432334899902 20.1352500915527 20.7817497253418 21.4201793670654 21.9962959289551 22.2197742462158 20.3402233123779 18.6221809387207 17.3727798461914 16.592960357666 15.8990030288696 15.3444957733154 15.0517091751099 15.0093040466309 14.8727607727051 14.4061317443848 14.2174196243286 14.0524072647095 13.5834703445435 13.5811986923218 13.8322248458862 13.7878465652466 13.8551321029663 13.7506761550903 13.6795425415039 13.5199775695801 13.3717775344849 12.8852186203003 12.9244585037231 13.217360496521 13.3137969970703 13.2538566589355 13.3963918685913 13.6140365600586 13.6202449798584 13.722620010376 13.8891105651855 13.9836292266846 13.8679847717285 13.7895431518555
-3.4e+38 -3.4e+38 -3.4e+38 -3.4e+38 -3.4e+38 -3.4e+38 19.7235870361328 19.3620109558105 20.0093784332275 20.7097816467285 21.4523448944092 22.3653163909912 22.2130393981934 19.9889659881592 18.488941192627 17.2986526489258 16.6632461547852 16.0726737976074 15.2930221557617 14.9516677856445 14.7095079421997 14.3754043579102 13.9690504074097 13.7853813171387 13.5237150192261 13.4194412231445 13.3505907058716 13.3510589599609 13.2403221130371 13.2571792602539 13.2717742919922 13.155198097229 13.1639528274536 13.0765371322632 12.7222852706909 12.7105207443237 12.8717575073242 12.963794708252 12.9727401733398 13.0641202926636 13.0925321578979 13.246883392334 13.4297485351562 13.5716934204102 13.6500635147095 13.6704721450806 13.5330896377563
-3.4e+38 -3.4e+38 -3.4e+38 -3.4e+38 -3.4e+38 -3.4e+38 19.6466007232666 19.4419822692871 20.0806217193604 20.940954208374 21.9702644348145 22.6328430175781 22.2925491333008 20.1251049041748 18.3734836578369 17.3314971923828 16.7873935699463 16.0614967346191 15.0489940643311 14.7549324035645 14.3802719116211 14.2119636535645 13.8830490112305 13.5875520706177 13.4082813262939 13.3352193832397 13.3283071517944 13.0532732009888 12.9554738998413 12.8903026580811 12.8292455673218 12.7814302444458 12.6917200088501 12.6157379150391 12.5370349884033 12.5293588638306 12.601448059082 12.8594827651978 13.0447616577148 13.0677165985107 13.112135887146 13.2171354293823 13.3495044708252 13.4507637023926 13.5303926467896 13.5717401504517 13.5403261184692
-3.4e+38 -3.4e+38 -3.4e+38 -3.4e+38 -3.4e+38 -3.4e+38 19.8119201660156 19.6276721954346 20.460147857666 21.4049892425537 21.9420146942139 22.4461364746094 22.1436080932617 20.227108001709 18.3760395050049 17.3837070465088 16.9262962341309 16.3154335021973 14.8600158691406 14.384202003479 14.172176361084 13.8626565933228 13.5666360855103 13.4692258834839 13.2866172790527 13.2178735733032 13.1434421539307 13.1503190994263 13.0377922058105 12.9777431488037 12.9355792999268 12.9050035476685 12.8627271652222 12.800820350647 12.7443923950195 12.7153577804565 12.6869583129883 12.735652923584 12.8502960205078 13.0928268432617 13.2788391113281 13.3831872940063 13.5160818099976 13.4546060562134 13.4177665710449 13.4755277633667 13.5941963195801
-3.4e+38 -3.4e+38 -3.4e+38 -3.4e+38 -3.4e+38 19.8622550964355 19.8346767425537 19.8144092559814 20.7241706848145 21.4364051818848 21.8869590759277 22.338565826416 21.9748134613037 20.1342086791992 18.2222518920898 17.2489318847656 16.8106517791748 16.171724319458 15.1173162460327 14.0463809967041 13.9615058898926 13.8200092315674 13.6011877059937 13.4315690994263 13.3581066131592 13.3322916030884 13.2815847396851 13.2314462661743 13.189772605896 13.1590595245361 13.1391544342041 13.1340017318726 13.1243295669556 13.092924118042 13.0684328079224 13.0415716171265 13.023325920105 13.0658168792725 13.1175870895386 13.1600141525269 13.2106676101685 13.3020553588867 13.4437665939331 13.5742511749268 13.5484714508057 13.5049438476562 13.3322515487671
-3.4e+38 -3.4e+38 -3.4e+38 -3.4e+38 20.4917087554932 20.0768489837646 19.9401683807373 20.0036010742188 20.9728832244873 21.9776821136475 22.454273223877 22.4431304931641 21.7076320648193 19.61110496521 17.8473682403564 16.9621200561523 16.711404800415 16.0173835754395 15.2956037521362 14.3026065826416 13.8515930175781 13.6341304779053 13.4356708526611 13.422869682312 13.4148569107056 13.4176368713379 13.4228181838989 13.4146633148193 13.3831243515015 13.3664503097534 13.3717470169067 13.3775854110718 13.3864088058472 13.389199256897 13.3981142044067 13.4218740463257 13.444432258606 13.4778594970703 13.5058746337891 13.5498762130737 13.6031541824341 13.6297912597656 13.6382369995117 13.6443929672241 13.6675100326538 13.5316820144653 13.4414644241333
