Ecospace-environmental-drivers/Outputs/ASCII-for-ecospace/Temp-avg/Temp-avg_X2002.07.asc
NCOLS 131 
NROWS 53 
XLLCORNER -98 
YLLCORNER 23.9265270233154 
CELLSIZE 0.133587792515755 
NODATA_value -3.4e+38 
[rows 21 to 41 of 53, columns 0 to 46 of 131]
-3.4e+38 -3.4e+38 -3.4e+38 -3.4e+38 -3.4e+38 -3.4e+38 30.207555770874 30.2429962158203 30.1800422668457 30.3877182006836 30.0467948913574 29.6900043487549 29.3904113769531 29.2529315948486 29.0527267456055 28.9129467010498 28.7437915802002 28.5679817199707 28.4442844390869 28.2259883880615 28.0328941345215 27.9255065917969 27.8131523132324 27.7578048706055 27.706750869751 27.7413272857666 27.7095050811768 27.6191272735596 27.5567665100098 27.3522529602051 27.2518367767334 27.144458770752 27.2282886505127 27.0909729003906 26.8904914855957 26.6864967346191 26.5460033416748 26.6410465240479 26.6609420776367 26.5561466217041 26.4515686035156 26.4776477813721 26.3397541046143 26.2139091491699 26.2048873901367 26.3607501983643 26.3020992279053
-3.4e+38 -3.4e+38 -3.4e+38 -3.4e+38 -3.4e+38 -3.4e+38 30.2657890319824 30.1138820648193 30.2429962158203 29.9094142913818 29.5292682647705 29.1642074584961 28.8700981140137 28.5207920074463 28.3782348632812 28.204309463501 28.2204914093018 28.1312370300293 27.9709930419922 27.9163341522217 27.4871063232422 27.1563739776611 26.8334846496582 26.7436351776123 26.9764137268066 27.0031795501709 26.9655170440674 26.7199153900146 26.9060592651367 26.9798412322998 26.9408874511719 26.6978511810303 26.4254016876221 26.3011779785156 26.0664615631104 26.042760848999 25.9842510223389 25.9595584869385 25.9200057983398 25.6635665893555 25.6117153167725 25.6115589141846 25.3292217254639 25.5274391174316 25.6523170471191 25.787015914917 25.8229141235352
-3.4e+38 -3.4e+38 -3.4e+38 -3.4e+38 30.2237873077393 30.2185668945312 30.104434967041 30.2657890319824 29.8328609466553 29.37770652771 29.0160617828369 28.4887428283691 28.0306224822998 27.7632923126221 27.7209339141846 27.99538230896 27.9695491790771 27.9595966339111 27.6639060974121 26.811731338501 26.1605415344238 25.6762657165527 25.3210735321045 25.0023212432861 25.1195812225342 24.9049682617188 24.9919357299805 25.2959976196289 25.7557487487793 25.5944347381592 25.9407176971436 25.9995613098145 25.986177444458 25.4839897155762 25.8363780975342 25.5945911407471 25.2672672271729 25.2672481536865 24.815803527832 23.6253814697266 23.8463382720947 23.8195724487305 24.5807590484619 24.1017475128174 24.5432949066162 24.751895904541 24.9874057769775
-3.4e+38 -3.4e+38 -3.4e+38 -3.4e+38 30.2979202270508 30.1548748016357 30.2185668945312 29.8289489746094 29.3096828460693 28.8689422607422 28.3449764251709 27.814920425415 27.5177516937256 27.2156105041504 27.0786838531494 27.1374893188477 26.977819442749 26.0569515228271 25.4236812591553 24.5483703613281 23.5547962188721 22.9735679626465 23.1113128662109 23.1064491271973 23.2033290863037 23.1400833129883 23.4667205810547 23.1716957092285 23.5352878570557 23.3772735595703 23.7036781311035 24.3749103546143 24.5904426574707 24.7656097412109 25.0431976318359 24.8157577514648 25.0476093292236 24.634105682373 23.5591640472412 22.1726894378662 22.423318862915 22.6313228607178 22.7544040679932 22.4785442352295 22.2138080596924 22.4996376037598 22.1029968261719
-3.4e+38 -3.4e+38 -3.4e+38 -3.4e+38 -3.4e+38 30.2979202270508 29.9481391906738 29.3696594238281 28.8621826171875 28.3607654571533 27.7502307891846 27.3779811859131 26.9403457641602 26.5201740264893 26.2546863555908 25.6832008361816 24.4344234466553 23.1036777496338 22.7840404510498 22.2341861724854 21.5926208496094 21.4228534698486 21.521369934082 21.6180152893066 21.9107322692871 21.6561107635498 21.7954254150391 21.8478450775146 21.6561832427979 21.6492233276367 21.7564640045166 22.3243961334229 22.686222076416 23.6507835388184 23.5831661224365 23.718692779541 23.5285053253174 22.5455894470215 21.3284358978271 21.1848983764648 21.7356491088867 21.5109367370605 21.1325206756592 21.0534572601318 21.0089149475098 21.2173805236816 20.8797416687012
-3.4e+38 -3.4e+38 -3.4e+38 -3.4e+38 -3.4e+38 30.1120738983154 29.5128040313721 28.9725379943848 28.506555557251 27.7232894897461 27.4185180664062 26.8742198944092 26.3926811218262 25.9677772521973 25.2719326019287 24.2347373962402 22.7063579559326 21.7317447662354 21.5023670196533 20.9225578308105 20.4524345397949 20.3869915008545 20.3721237182617 20.7199039459229 20.4651832580566 20.5775508880615 20.4355392456055 20.1696453094482 20.5487060546875 20.0909652709961 20.7582225799561 21.3507766723633 21.9909381866455 22.2445011138916 21.8512477874756 22.0406436920166 21.6888484954834 20.8062992095947 20.4818687438965 20.1780185699463 20.6230449676514 20.1166019439697 20.4638710021973 20.5072822570801 20.4753284454346 20.4555988311768 19.7970104217529
-3.4e+38 -3.4e+38 30.9297370910645 30.7968940734863 30.219820022583 29.8307418823242 29.1670608520508 28.7278499603271 28.0838088989258 27.4418849945068 26.9867820739746 26.3928184509277 25.9549903869629 25.1657276153564 23.8671989440918 23.0579853057861 21.9318580627441 20.787769317627 20.2851123809814 20.1533260345459 20.1085357666016 20.0235576629639 19.9701118469238 19.9358024597168 19.8985958099365 19.9438285827637 19.6583824157715 19.5698299407959 19.650074005127 19.8635311126709 20.4359378814697 20.6596794128418 20.8987426757812 20.955940246582 21.0059871673584 20.7915916442871 20.6117076873779 20.5030212402344 20.128589630127 19.8385791778564 19.9039688110352 19.7146320343018 19.5236663818359 19.387357711792 19.5219497680664 19.4899158477783 19.2209968566895
-339999999999999996128486808808066248288.000000000000000 -3.4e+38 -3.4e+38 -3.4e+38 30.6640529632568 29.5624961853027 28.9647445678711 28.482400894165 27.6919593811035 27.1433334350586 26.5879592895508 26.0132083892822 25.1851081848145 23.7689380645752 22.9889602661133 22.287971496582 21.086633682251 20.3584079742432 20.1130104064941 19.9888553619385 19.9651069641113 19.8198490142822 19.7825355529785 19.7820091247559 19.8387451171875 19.7999801635742 19.5354881286621 19.6272163391113 19.3233680725098 19.5422782897949 19.801872253418 19.6887168884277 20.2808933258057 20.5243740081787 20.5069828033447 20.2922210693359 20.0698089599609 19.8358955383301 19.7361488342285 19.5529670715332 19.3151836395264 19.2438316345215 19.0357074737549 18.9724140167236 18.8562088012695 18.8694839477539 18.9434967041016
-3.4e+38 -3.4e+38 -3.4e+38 -3.4e+38 30.419979095459 29.2465000152588 28.6981964111328 28.1952743530273 27.4714031219482 26.8750305175781 26.2746601104736 25.5852241516113 24.3261661529541 22.917013168335 22.0382976531982 21.398365020752 21.0279808044434 20.3900032043457 19.9732055664062 19.8968143463135 19.6183223724365 19.3939571380615 19.3596858978271 19.3427200317383 19.3383769989014 19.4744777679443 19.2686977386475 19.219259262085 18.9934024810791 19.4342670440674 19.5003318786621 19.5272026062012 19.3957996368408 19.6414661407471 19.6028213500977 19.260856628418 19.4177436828613 19.3712596893311 19.2448978424072 19.1217956542969 19.0620079040527 18.9844188690186 18.8109588623047 18.5725708007812 18.709644317627 18.5022392272949 18.5514831542969
-3.4e+38 -3.4e+38 -3.4e+38 -3.4e+38 30.365909576416 29.1520557403564 28.4276790618896 27.9513835906982 27.2765159606934 26.7615699768066 26.0906715393066 25.0532112121582 23.1835041046143 22.2716999053955 21.3281078338623 20.9363861083984 20.3119792938232 19.9792709350586 19.3817234039307 19.2868728637695 19.0298862457275 19.1105461120605 19.189281463623 19.1825618743896 18.990930557251 19.1809349060059 19.3807964324951 18.886266708374 18.820743560791 19.0421104431152 19.377269744873 19.1765098571777 19.1076278686523 19.1664066314697 19.0738658905029 19.0754566192627 19.1026554107666 19.1491374969482 19.0766544342041 19.0652904510498 18.8557624816895 18.6855449676514 18.5310840606689 18.5914115905762 18.485179901123 18.4945545196533 18.5306167602539
-3.4e+38 -3.4e+38 -3.4e+38 -3.4e+38 30.9618396759033 29.3863773345947 28.2517700195312 27.9521751403809 27.3199710845947 26.7728843688965 26.033073425293 24.9037208557129 22.9085597991943 21.965518951416 20.8582077026367 19.8871822357178 19.6162986755371 19.4624671936035 19.2054252624512 18.7947177886963 18.6813716888428 18.6704044342041 18.9440784454346 19.0294628143311 19.0123672485352 19.139741897583 19.4799957275391 19.3689632415771 18.9544048309326 19.0198154449463 18.8102703094482 18.7399425506592 18.874080657959 18.8441390991211 18.8755321502686 18.9300403594971 18.9697799682617 18.9388408660889 18.7180023193359 18.5691471099854 18.5649795532227 18.5349597930908 18.4881706237793 18.4731864929199 18.4945201873779 18.5150089263916 18.5344123840332
-3.4e+38 -3.4e+38 -3.4e+38 -3.4e+38 31.0067958831787 29.7133922576904 28.337574005127 27.9919261932373 27.4976482391357 26.9940948486328 26.2985763549805 25.4079132080078 23.2177391052246 21.6484756469727 20.6903896331787 19.6024398803711 19.2019538879395 19.1743698120117 19.0579204559326 18.6439533233643 18.6123237609863 18.6031246185303 18.6309337615967 18.6729259490967 19.1101989746094 19.1511116027832 19.1647148132324 19.1231670379639 19.0349884033203 18.9614067077637 18.6306743621826 18.8173160552979 18.8054809570312 18.5538501739502 18.3875732421875 18.510534286499 18.4451808929443 18.4734363555908 18.4766464233398 18.4792823791504 18.4951515197754 18.5217037200928 18.2405414581299 18.5348033905029 18.5466594696045 18.5760688781738 18.6027297973633
-3.4e+38 -3.4e+38 -3.4e+38 -3.4e+38 30.995906829834 30.1313648223877 28.7614841461182 27.9421195983887 27.8650856018066 27.4649696350098 26.8190841674805 26.0279598236084 23.9866638183594 21.3970184326172 20.1644477844238 19.5869102478027 19.2394542694092 19.1737995147705 18.889066696167 18.666332244873 18.6659469604492 18.6848793029785 18.7195110321045 18.7723140716553 18.8120784759521 18.6097640991211 18.6404724121094 18.8015518188477 18.7121257781982 18.6853160858154 18.5556659698486 18.6362190246582 18.4625205993652 18.340503692627 18.3087787628174 18.3019981384277 18.3165416717529 18.3327484130859 18.3572959899902 18.2421932220459 18.4238872528076 18.3791694641113 18.2193241119385 18.1511535644531 18.3341827392578 18.6188106536865 18.5501747131348
-3.4e+38 -3.4e+38 -3.4e+38 -3.4e+38 -3.4e+38 29.8127708435059 29.145658493042 28.008825302124 27.960636138916 27.8775596618652 27.2950611114502 26.6754837036133 24.7836074829102 21.6447982788086 20.2663993835449 19.6494369506836 19.3722324371338 19.2723712921143 19.0521869659424 18.8763580322266 18.8799324035645 18.8964614868164 18.9288215637207 18.9531021118164 18.9486865997314 18.560754776001 18.6541786193848 18.9390048980713 18.8623790740967 18.7599067687988 18.6567440032959 18.5546951293945 18.4599571228027 18.3372535705566 18.0976047515869 18.2029342651367 18.248348236084 18.2575397491455 18.2813663482666 18.3532695770264 18.2759990692139 18.1571407318115 18.2048301696777 18.492712020874 18.2591972351074 18.2971839904785 18.2740345001221
-3.4e+38 -3.4e+38 -3.4e+38 -3.4e+38 -3.4e+38 31.2118282318115 29.3958110809326 28.1240730285645 28.006383895874 27.8442554473877 27.3474102020264 27.017406463623 24.9749488830566 21.924560546875 20.6132926940918 19.7932891845703 19.7218379974365 19.4096031188965 19.1990528106689 19.044376373291 19.065393447876 19.044771194458 18.8252143859863 18.9449405670166 18.7958507537842 18.3481578826904 18.4350185394287 18.6438579559326 18.6004943847656 18.7743453979492 18.8214473724365 18.7336177825928 18.6396160125732 18.4736194610596 17.7842483520508 17.8747234344482 18.1744918823242 18.2691097259521 18.2869606018066 18.3397216796875 18.4024829864502 18.1186923980713 18.115779876709 18.2782917022705 18.3157653808594 18.2843742370605 18.3116989135742
-3.4e+38 -3.4e+38 -3.4e+38 -3.4e+38 -3.4e+38 31.2671947479248 29.5292072296143 28.1139373779297 27.9777164459229 27.9111328125 27.5112113952637 27.0944080352783 24.7664279937744 21.8178272247314 20.5214347839355 19.926721572876 19.9363079071045 19.8009853363037 19.1797504425049 19.1535491943359 19.1840686798096 19.009651184082 18.8268432617188 18.6222095489502 18.4513473510742 18.4460201263428 18.4285068511963 18.4434280395508 18.4332714080811 18.2692070007324 18.1977863311768 18.1415557861328 18.2002372741699 18.1060256958008 17.7479019165039 17.7112255096436 17.8930625915527 18.0817852020264 18.0421161651611 18.1022396087646 18.0908355712891 18.1498317718506 18.2096710205078 18.2689762115479 18.3305206298828 18.401388168335 18.3978786468506
-3.4e+38 -3.4e+38 -3.4e+38 -3.4e+38 -3.4e+38 -3.4e+38 29.658655166626 28.130916595459 28.0579662322998 27.8724689483643 27.6330547332764 27.099702835083 25.0900573730469 22.2670612335205 20.7214241027832 20.1334037780762 20.4367580413818 19.9656352996826 19.24973487854 19.2331924438477 19.2634258270264 19.0517768859863 18.7958602905273 18.5784702301025 18.3941917419434 18.4059524536133 18.5364513397217 18.3637065887451 18.2199249267578 18.172061920166 18.1173267364502 18.0616111755371 17.968843460083 17.8755168914795 17.7864170074463 17.7037906646729 17.6545219421387 17.8738079071045 18.0985717773438 18.2025108337402 18.2885913848877 18.3247489929199 18.3700084686279 18.4031028747559 18.3927745819092 18.5081748962402 18.5912837982178
-3.4e+38 -3.4e+38 -3.4e+38 -3.4e+38 -3.4e+38 -3.4e+38 29.8506183624268 28.0862903594971 28.0548572540283 27.7323589324951 27.5822830200195 26.8343849182129 24.9282760620117 22.5078544616699 21.1146049499512 20.5619277954102 20.7959117889404 20.2845077514648 19.4972152709961 19.3609924316406 19.0582485198975 18.9213581085205 18.7356567382812 18.6227016448975 18.48756980896 18.5236530303955 18.541015625 18.5412998199463 18.5210704803467 18.478609085083 18.4325714111328 18.3843173980713 18.3112487792969 18.2364521026611 18.1701698303223 18.0900783538818 17.9973812103271 17.9279003143311 17.8990383148193 18.0225849151611 18.2274856567383 18.343204498291 18.4125900268555 18.3051586151123 18.3344135284424 18.3946075439453 18.5946826934814
-3.4e+38 -3.4e+38 -3.4e+38 -3.4e+38 -3.4e+38 -3.4e+38 29.8626327514648 27.9400157928467 27.8771362304688 27.6905689239502 27.3592472076416 26.5810470581055 24.8209762573242 22.1230449676514 20.9014644622803 20.3340816497803 20.6503448486328 20.1740570068359 19.7491607666016 19.3622894287109 19.0109024047852 18.8030891418457 18.6773109436035 18.6811752319336 18.7417678833008 18.7964878082275 18.8268260955811 18.843204498291 18.8411464691162 18.8224411010742 18.7842540740967 18.7358932495117 18.6683197021484 18.5995597839355 18.5411033630371 18.4766025543213 18.3954410552979 18.3356266021729 18.2914867401123 18.2544250488281 18.2364692687988 18.2663440704346 18.3259983062744 18.4983158111572 18.4659881591797 18.3359832763672 18.3394470214844
-3.4e+38 -3.4e+38 -3.4e+38 -3.4e+38 -3.4e+38 30.6713466644287 29.061206817627 27.7082138061523 27.6777591705322 27.618782043457 27.1867179870605 26.2802963256836 24.4274635314941 21.5896015167236 20.382682800293 20.1867713928223 20.3668823242188 20.2564945220947 19.9544239044189 19.5403881072998 19.1181221008301 18.7984676361084 18.8037776947021 18.8991031646729 18.9784507751465 19.0325222015381 19.0678577423096 19.1002311706543 19.1200580596924 19.1185455322266 19.0964965820312 19.0570640563965 19.0055332183838 18.9451141357422 18.877124786377 18.8155937194824 18.7515239715576 18.7015628814697 18.6620712280273 18.6302032470703 18.616268157959 18.6097793579102 18.5993976593018 18.5923309326172 18.5798816680908 18.5571727752686 18.5205497741699
-3.4e+38 -3.4e+38 -3.4e+38 -3.4e+38 30.3089084625244 30.2136745452881 27.9095516204834 27.5668773651123 27.6430759429932 27.5239067077637 26.6773090362549 25.8334636688232 23.6023025512695 21.118465423584 20.3193550109863 20.3097438812256 20.417236328125 20.2312965393066 19.91623878479 19.6771373748779 19.0460414886475 18.8820724487305 19.0010814666748 19.099853515625 19.1794147491455 19.2385597229004 19.2870483398438 19.3185806274414 19.3369808197021 19.345308303833 19.3330059051514 19.3110084533691 19.2763614654541 19.2286891937256 19.1760139465332 19.1221771240234 19.0699024200439 19.0203533172607 18.9784984588623 18.9540824890137 18.9436340332031 18.9363250732422 18.9179706573486 18.9038753509521 18.8729686737061 18.8238525390625 18.7644195556641
