Ecospace-environmental-drivers/Outputs/ASCII-for-ecospace/Temp-avg/Temp-avg_X2019.07.asc
NCOLS 131 
NROWS 53 
XLLCORNER -98 
YLLCORNER 23.9265270233154 
CELLSIZE 0.133587792515755 
NODATA_value -3.4e+38 
[rows 21 to 41 of 53, columns 47 to 93 of 131]
26.501953125 26.2127876281738 26.1010932922363 26.0664443969727 26.0976028442383 26.2087154388428 25.998987197876 25.9419364929199 25.8937358856201 25.4488735198975 24.7794151306152 24.3660545349121 23.7544631958008 22.7975616455078 22.1465892791748 21.1863117218018 20.0882186889648 19.865062713623 20.0434036254883 19.924825668335 19.5124835968018 19.2209339141846 19.0852146148682 19.0993633270264 18.947732925415 18.8113651275635 18.8743782043457 18.9230899810791 18.8956317901611 18.7017421722412 18.7291431427002 18.7799205780029 18.8177433013916 18.8644523620605 18.9005661010742 18.9244251251221 19.0613307952881 19.4410457611084 20.4620971679688 21.135612487793 21.4430904388428 21.63205909729 21.920129776001 22.2503490447998 22.6083946228027 22.9477233886719 23.3240127563477
25.5458431243896 25.3006706237793 25.200704574585 25.2224979400635 25.344482421875 25.2055225372314 24.5425148010254 24.738712310791 24.2012424468994 23.3167476654053 22.8456211090088 22.5106925964355 22.3409805297852 21.8318386077881 21.2938747406006 21.0609264373779 20.0444583892822 19.8706207275391 19.5957107543945 19.6880702972412 19.5233879089355 19.1538238525391 19.0620403289795 18.7411842346191 18.7355194091797 18.8102340698242 18.8826923370361 18.9422264099121 18.8020420074463 18.6908302307129 18.766300201416 18.8317012786865 18.873556137085 18.908260345459 18.943286895752 18.968355178833 18.9734210968018 18.9734992980957 19.018196105957 19.3572654724121 19.813081741333 20.1363258361816 20.5378284454346 21.1695194244385 21.6625442504883 22.0785751342773 22.5564670562744
24.166540145874 24.0261936187744 24.2541618347168 23.7964954376221 23.4403133392334 23.0607757568359 23.1008338928223 22.4823207855225 21.8413410186768 21.5425281524658 21.4969425201416 21.7821521759033 21.3394260406494 20.9799690246582 20.414098739624 20.195426940918 20.0052947998047 19.7230014801025 19.6312465667725 19.6284599304199 19.5911731719971 19.2761764526367 19.1030101776123 18.6972980499268 18.760217666626 18.8477058410645 18.9289970397949 18.9396381378174 18.6899833679199 18.7619571685791 18.8480644226074 18.9160194396973 18.9723167419434 19.0012664794922 19.0322818756104 19.0484504699707 19.0577793121338 18.9792404174805 18.6696224212646 18.6441268920898 18.637020111084 18.6022510528564 18.9467468261719 19.6308097839355 20.3984603881836 21.2655200958252 21.8181190490723
22.2801113128662 22.329704284668 21.9326343536377 22.1560554504395 21.96653175354 21.6988582611084 21.1873664855957 20.9055557250977 20.4748992919922 20.7818641662598 20.7139263153076 20.9357318878174 20.4160823822021 20.2065887451172 20.1211471557617 20.0863571166992 19.8299446105957 19.7827682495117 19.7276496887207 19.5188541412354 19.4032821655273 19.2990341186523 19.235387802124 18.9571533203125 18.8767280578613 18.8885517120361 18.737232208252 18.7533416748047 18.818229675293 18.914478302002 19.0058746337891 19.0795631408691 19.1398391723633 19.1725769042969 18.9613952636719 18.8874969482422 18.8229103088379 18.812650680542 18.7394886016846 18.7015323638916 18.6497478485107 18.578197479248 18.4931907653809 18.5204410552979 19.0304546356201 19.9545001983643 20.9606132507324
21.2562122344971 21.0515365600586 20.9213485717773 20.6881885528564 20.3784942626953 20.7228889465332 20.1387729644775 20.3872699737549 20.0681667327881 20.0858001708984 20.039213180542 20.0752487182617 20.1263408660889 20.1648693084717 20.2007179260254 19.9680271148682 19.6501502990723 19.618896484375 19.5945892333984 19.5091533660889 19.4977779388428 19.4694042205811 19.4635467529297 19.445728302002 19.1292057037354 19.1488761901855 19.1636638641357 18.9689903259277 19.0254554748535 19.1323623657227 19.2323265075684 19.3139152526855 19.3800182342529 19.3248329162598 19.0268821716309 19.005895614624 18.9638996124268 18.9215106964111 18.8699035644531 18.8075084686279 18.7253532409668 18.6490745544434 18.54026222229 18.4469604492188 18.3722686767578 18.7647933959961 19.9202461242676
20.3960723876953 20.4737968444824 20.3946571350098 19.8272724151611 19.8468341827393 20.035701751709 20.0701866149902 19.8570823669434 20.0602874755859 19.9604358673096 20.1070518493652 20.074068069458 20.2639598846436 20.0691299438477 19.8827095031738 19.6336688995361 19.6079044342041 19.6329402923584 19.6492652893066 19.6837463378906 19.7100982666016 19.7240314483643 19.4161167144775 19.3843421936035 19.4030456542969 19.4493827819824 19.5311584472656 19.3527908325195 19.3158397674561 19.4356479644775 19.5369644165039 19.6070003509521 19.6540203094482 19.4159317016602 19.2665615081787 19.2331924438477 19.1541595458984 19.0841941833496 19.0146293640137 18.9364967346191 18.8257179260254 18.7170276641846 18.601146697998 18.4839553833008 18.3966503143311 18.3216915130615 19.0447444915771
20.0681343078613 20.0949192047119 19.8435592651367 19.500072479248 19.5894432067871 19.6609363555908 19.6418132781982 19.8728427886963 19.910551071167 19.7365455627441 19.7959480285645 19.8856868743896 19.9864139556885 19.9036884307861 19.572437286377 19.5248928070068 19.3784656524658 19.4147930145264 19.6230354309082 19.7785816192627 19.9951362609863 19.6832027435303 19.6658687591553 19.7315254211426 19.7935981750488 19.8669490814209 19.9486885070801 19.6668148040771 19.6794204711914 19.7549953460693 19.8339099884033 19.8872146606445 19.9229698181152 19.931734085083 19.7770290374756 19.4518527984619 19.3562622070312 19.2530765533447 19.1557369232178 19.0496234893799 18.9252071380615 18.7884216308594 18.6683826446533 18.5426464080811 18.4372730255127 18.3442916870117 18.5390720367432
19.9854488372803 19.7355976104736 19.4692287445068 19.5929164886475 19.5961875915527 19.3166599273682 19.3957939147949 19.6829929351807 19.6927051544189 19.8452091217041 19.8113441467285 19.6657581329346 19.4921112060547 19.4760723114014 19.4349937438965 19.5056858062744 19.5709323883057 19.6394863128662 19.7277584075928 19.8140087127686 19.8994159698486 19.9876766204834 20.0775489807129 20.175365447998 20.2109813690186 20.0880603790283 20.017053604126 20.0679798126221 20.100643157959 20.135383605957 20.164083480835 20.193229675293 20.2025337219238 20.1929702758789 20.0418357849121 19.9195995330811 19.5618953704834 19.4204006195068 19.2922840118408 19.1543750762939 19.0201091766357 18.8631782531738 18.727897644043 18.5922927856445 18.4677772521973 18.3733005523682 18.313383102417
19.6622753143311 19.6084518432617 19.5412216186523 19.47873878479 19.401346206665 19.3312511444092 19.344705581665 19.3896999359131 19.4160671234131 19.44602394104 19.2659072875977 19.2729263305664 19.3770294189453 19.4803771972656 19.5865917205811 19.7014980316162 19.8171081542969 19.9332332611084 20.0474472045898 20.1657028198242 20.2891788482666 20.3917503356934 20.4861297607422 20.5944919586182 20.3534183502197 20.3625030517578 20.4476718902588 20.4907169342041 20.5181999206543 20.5264835357666 20.5246105194092 20.5058708190918 20.4682445526123 20.4347839355469 20.3776245117188 20.2712478637695 19.7831802368164 19.5530300140381 19.392505645752 19.2454948425293 19.0985488891602 18.9221019744873 18.7804298400879 18.6272602081299 18.4723052978516 18.373010635376 18.292407989502
19.6287326812744 19.5686187744141 19.2169380187988 19.2060871124268 19.3979530334473 19.231071472168 19.3657894134521 19.3920364379883 19.4265460968018 19.1836051940918 19.2029075622559 19.2276763916016 19.2282905578613 19.4857540130615 19.6348552703857 19.7842330932617 19.7189064025879 19.7658252716064 19.9246311187744 20.2375965118408 20.6262874603271 20.7611637115479 20.8915748596191 21.008472442627 20.737829208374 20.736930847168 20.7953262329102 20.8352470397949 20.8557548522949 20.844310760498 20.8266201019287 20.7959785461426 20.7341213226318 20.6766948699951 20.5855560302734 20.4441528320312 19.9673175811768 19.642936706543 19.4658184051514 19.3072719573975 19.1446342468262 18.9725971221924 18.8236541748047 18.6521587371826 18.4729194641113 18.3603649139404 18.2695503234863
19.3121910095215 19.5482425689697 19.2961883544922 19.220832824707 19.3719673156738 19.3257160186768 19.3492870330811 19.3824310302734 19.3813934326172 19.0638294219971 19.0693016052246 19.0009288787842 19.154125213623 19.3239517211914 19.4987678527832 19.6735343933105 19.840425491333 20.0072193145752 20.1710033416748 20.3168659210205 20.6998538970947 21.0530490875244 21.2092933654785 21.3318157196045 21.1770362854004 21.0337924957275 21.0755214691162 21.1047992706299 21.1064453125 21.0885906219482 21.0641326904297 21.0115585327148 20.9418182373047 20.8696002960205 20.7510547637939 20.576379776001 20.0202674865723 19.7255764007568 19.5380573272705 19.3532066345215 19.1711578369141 19.000244140625 18.8329563140869 18.6539325714111 18.4637355804443 18.3376617431641 18.2527561187744
19.5780429840088 19.5404815673828 19.4688034057617 19.1122417449951 19.3556060791016 19.0420932769775 18.9294109344482 18.9589424133301 19.0236225128174 18.7744331359863 18.8751010894775 19.0587387084961 19.2460556030273 19.4431324005127 19.6513862609863 19.8592014312744 20.068151473999 20.2578659057617 20.4168605804443 20.5692443847656 20.719123840332 21.0320625305176 21.4590301513672 21.5585422515869 21.5002059936523 21.2416114807129 21.283332824707 21.2949161529541 21.2820930480957 21.2615947723389 21.2300434112549 21.1561698913574 21.079418182373 20.9957580566406 20.859884262085 20.6589775085449 20.0867118835449 19.7840843200684 19.5745468139648 19.3654193878174 19.1605186462402 18.9904747009277 18.8033008575439 18.6381168365479 18.4560890197754 18.3178653717041 18.2246284484863
19.2693901062012 19.1665954589844 19.0722255706787 19.0372352600098 19.0796680450439 18.9267177581787 18.8657150268555 18.7385940551758 18.600414276123 18.7304096221924 18.9226837158203 19.1369876861572 19.3482131958008 19.567699432373 19.8191051483154 20.0628280639648 20.2709617614746 20.4497146606445 20.6275367736816 20.7956619262695 20.9488201141357 21.0824718475342 21.2628307342529 21.3672218322754 21.3809795379639 21.3879795074463 21.4043407440186 21.4083843231201 21.3889446258545 21.3595485687256 21.3199729919434 21.2513656616211 21.1735687255859 21.0830097198486 20.9248752593994 20.5354423522949 20.0545139312744 19.8008880615234 19.561243057251 19.3262424468994 19.1300373077393 18.9490947723389 18.7582473754883 18.5802841186523 18.3801536560059 18.2269477844238 18.1267185211182
19.2108612060547 19.1529273986816 19.0961589813232 19.0376663208008 18.9821453094482 18.9182720184326 18.5859184265137 18.4834289550781 18.5994205474854 18.7185840606689 18.7011947631836 18.8308753967285 19.173282623291 19.3561935424805 19.6488780975342 20.0682277679443 20.3711853027344 20.6210651397705 20.8093643188477 20.9843158721924 21.1322784423828 21.257776260376 21.3455657958984 21.4260845184326 21.4774742126465 21.5089244842529 21.50559425354 21.48606300354 21.4612922668457 21.4306259155273 21.3771381378174 21.2937755584717 21.1283206939697 20.875467300415 20.5668182373047 20.3012161254883 20.04518699646 19.7709712982178 19.5076217651367 19.2639083862305 19.0801200866699 18.899076461792 18.689323425293 18.4803600311279 18.2715435028076 18.136173248291 18.0520915985107
19.1983737945557 19.1633644104004 19.1305999755859 19.0610523223877 18.9890975952148 18.9034061431885 18.2334098815918 18.1648807525635 18.2854404449463 18.4607372283936 18.6749248504639 18.9259128570557 19.1772918701172 19.4408855438232 19.7219581604004 19.9717712402344 20.1709461212158 20.3581867218018 20.7044620513916 21.1191825866699 21.2631130218506 21.365062713623 21.4479293823242 21.5111103057861 21.5545139312744 21.5840625762939 21.5663414001465 21.5330696105957 21.5045490264893 21.4646339416504 21.2722473144531 20.93039894104 20.8173084259033 20.6770324707031 20.4919948577881 20.2594680786133 19.9838943481445 19.6874771118164 19.4090442657471 19.1782054901123 18.9889678955078 18.8000049591064 18.5919723510742 18.3647174835205 18.1818904876709 18.0443115234375 17.976505279541
19.1975402832031 19.1672039031982 19.1367835998535 18.94846534729 18.7489261627197 18.3083019256592 18.1360816955566 18.1858215332031 18.3109455108643 18.5178813934326 18.7694606781006 19.0249996185303 19.2774028778076 19.5560836791992 19.8472652435303 20.0753364562988 20.2666473388672 20.4421520233154 20.6040554046631 20.830602645874 21.184534072876 21.4220962524414 21.5059833526611 21.5688037872314 21.605749130249 21.6103763580322 21.5774021148682 21.5401973724365 21.4789619445801 21.2576084136963 20.9768524169922 20.8858051300049 20.7706546783447 20.6065769195557 20.3998851776123 20.1490268707275 19.8568248748779 19.553409576416 19.2777156829834 19.0419883728027 18.8397445678711 18.6420593261719 18.4437313079834 18.2417984008789 18.0620822906494 17.9293231964111 17.8772201538086
19.2230033874512 19.1713161468506 18.8124923706055 18.3570137023926 18.1985130310059 18.1372776031494 18.1491432189941 18.2086334228516 18.3433380126953 18.5930957794189 18.8474540710449 19.0995349884033 19.3625869750977 19.6645641326904 19.9370422363281 20.1494369506836 20.3462524414062 20.5103435516357 20.6572418212891 20.8012504577637 20.9137115478516 21.1117191314697 21.3856067657471 21.3112049102783 21.3252067565918 21.3928298950195 21.2716121673584 21.226676940918 21.0822734832764 20.9869327545166 20.9147071838379 20.8167018890381 20.6889381408691 20.4918003082275 20.2565002441406 19.9914817810059 19.6844425201416 19.3843879699707 19.1105041503906 18.8863563537598 18.6924686431885 18.4857273101807 18.2813758850098 18.1139125823975 17.9553604125977 17.8441886901855 17.815393447876
19.0514602661133 18.8019237518311 18.4232120513916 18.3132419586182 18.2019996643066 18.1452140808105 18.1603603363037 18.2321453094482 18.4023284912109 18.6543083190918 18.9181423187256 19.1582984924316 19.4311466217041 19.7296905517578 19.9948463439941 20.2010078430176 20.3990058898926 20.5461750030518 20.6739616394043 20.802116394043 20.9164505004883 20.9993095397949 21.0618114471436 21.1062526702881 21.1141395568848 21.1023235321045 21.0691623687744 21.0314407348633 20.9918022155762 20.9317073822021 20.8376731872559 20.7139053344727 20.5549278259277 20.3342456817627 20.0811729431152 19.8008728027344 19.4772644042969 19.1915721893311 18.9544010162354 18.7583122253418 18.5551986694336 18.3397655487061 18.161584854126 18.0173854827881 17.8840522766113 17.8184680938721 17.809627532959
18.527530670166 18.4523391723633 18.4188098907471 18.342342376709 18.246467590332 18.1980419158936 18.217414855957 18.3063297271729 18.4904117584229 18.7277641296387 18.9680862426758 19.2015609741211 19.4728908538818 19.7564830780029 20.0138778686523 20.2227249145508 20.4201698303223 20.5570240020752 20.6829357147217 20.7906093597412 20.8818302154541 20.9443607330322 20.9991054534912 21.0438079833984 21.0549774169922 21.0478916168213 21.0150470733643 20.9704074859619 20.9099998474121 20.8232517242432 20.7001094818115 20.5528182983398 20.361644744873 20.1365585327148 19.8705806732178 19.5735359191895 19.2630519866943 19.0036029815674 18.8025417327881 18.6272258758545 18.4315185546875 18.2348289489746 18.1062278747559 18.0025520324707 17.9019336700439 17.8480930328369 17.8555870056152
18.4866847991943 18.4670391082764 18.4628467559814 18.3957481384277 18.3155517578125 18.2838459014893 18.3055019378662 18.3999481201172 18.5722427368164 18.7863178253174 19.0074977874756 19.2287673950195 19.5002365112305 19.7650718688965 20.0045032501221 20.2192325592041 20.4118270874023 20.5559883117676 20.6742286682129 20.7727642059326 20.8432216644287 20.8954010009766 20.9399070739746 20.971134185791 20.979850769043 20.9668140411377 20.9380588531494 20.8708839416504 20.7771339416504 20.6661109924316 20.5217819213867 20.3472442626953 20.1416873931885 19.9091796875 19.6334381103516 19.3370361328125 19.0680618286133 18.8321418762207 18.6491317749023 18.4816970825195 18.3143348693848 18.1851959228516 18.1202774047852 18.0661907196045 18.0163745880127 17.9858322143555 17.9941139221191
18.5816764831543 18.5220260620117 18.4949283599854 18.4494667053223 18.3907775878906 18.3704071044922 18.4002361297607 18.4859161376953 18.6408672332764 18.8395729064941 19.0417289733887 19.2447566986084 19.5094299316406 19.7609691619873 19.9782791137695 20.1860675811768 20.3774662017822 20.5304756164551 20.643669128418 20.7245292663574 20.7801551818848 20.8289051055908 20.8593673706055 20.876163482666 20.8816509246826 20.8547248840332 20.8132553100586 20.7280426025391 20.6260890960693 20.492919921875 20.3306293487549 20.1198139190674 19.892578125 19.634428024292 19.3497581481934 19.1031227111816 18.8702144622803 18.6593570709229 18.4921474456787 18.3610649108887 18.254322052002 18.1734809875488 18.1880512237549 18.200023651123 18.192081451416 18.2030010223389 18.2125949859619
