Ecospace-environmental-drivers/Outputs/ASCII-for-ecospace/Temp-avg/Temp-avg_X2018.07.asc
NCOLS 131 
NROWS 53 
XLLCORNER -98 
YLLCORNER 23.9265270233154 
CELLSIZE 0.133587792515755 
NODATA_value -3.4e+38 
[rows 0 to 20 of 53, columns 47 to 93 of 131]
-3.4e+38 -3.4e+38 -3.4e+38 -3.4e+38 -3.4e+38 -3.4e+38 -3.4e+38 -3.4e+38 -3.4e+38 -3.4e+38 -3.4e+38 -3.4e+38 -3.4e+38 -3.4e+38 -3.4e+38 -3.4e+38 -3.4e+38 -3.4e+38 -3.4e+38 -3.4e+38 -3.4e+38 -3.4e+38 -3.4e+38 -3.4e+38 -3.4e+38 -3.4e+38 -3.4e+38 -3.4e+38 -3.4e+38 -3.4e+38 -3.4e+38 -3.4e+38 -3.4e+38 -3.4e+38 -3.4e+38 -3.4e+38 -3.4e+38 -3.4e+38 -3.4e+38 -3.4e+38 -3.4e+38 -3.4e+38 -3.4e+38 -3.4e+38 -3.4e+38 -3.4e+38 -3.4e+38
-3.4e+38 -3.4e+38 -3.4e+38 -3.4e+38 -3.4e+38 -3.4e+38 -3.4e+38 -3.4e+38 -3.4e+38 -3.4e+38 -3.4e+38 -3.4e+38 -3.4e+38 -3.4e+38 -3.4e+38 -3.4e+38 -3.4e+38 -3.4e+38 -3.4e+38 -3.4e+38 -3.4e+38 -3.4e+38 -3.4e+38 -3.4e+38 -3.4e+38 -3.4e+38 -3.4e+38 -3.4e+38 -3.4e+38 -3.4e+38 -3.4e+38 -3.4e+38 -3.4e+38 -3.4e+38 -3.4e+38 -3.4e+38 -3.4e+38 -3.4e+38 -3.4e+38 -3.4e+38 -3.4e+38 -3.4e+38 -3.4e+38 -3.4e+38 -3.4e+38 -3.4e+38 -3.4e+38
-3.4e+38 -3.4e+38 -3.4e+38 -3.4e+38 -3.4e+38 -3.4e+38 -3.4e+38 -3.4e+38 -3.4e+38 -3.4e+38 -3.4e+38 -3.4e+38 -3.4e+38 -3.4e+38 -3.4e+38 -3.4e+38 -3.4e+38 -3.4e+38 -3.4e+38 -3.4e+38 -3.4e+38 -3.4e+38 -3.4e+38 -3.4e+38 -3.4e+38 -3.4e+38 -3.4e+38 29.9385108947754 29.9263477325439 -3.4e+38 -3.4e+38 -3.4e+38 -3.4e+38 -3.4e+38 -3.4e+38 -3.4e+38 -3.4e+38 -3.4e+38 -3.4e+38 -3.4e+38 -3.4e+38 -3.4e+38 -3.4e+38 -3.4e+38 -3.4e+38 -3.4e+38 -3.4e+38
-3.4e+38 -3.4e+38 -3.4e+38 -3.4e+38 -3.4e+38 -3.4e+38 -3.4e+38 -3.4e+38 -3.4e+38 -3.4e+38 -3.4e+38 -3.4e+38 -3.4e+38 -3.4e+38 -3.4e+38 -3.4e+38 -3.4e+38 -3.4e+38 -3.4e+38 -3.4e+38 -3.4e+38 -3.4e+38 -3.4e+38 -3.4e+38 -3.4e+38 -3.4e+38 -3.4e+38 29.9358310699463 29.9383945465088 -3.4e+38 -3.4e+38 -3.4e+38 -3.4e+38 -3.4e+38 -3.4e+38 -3.4e+38 -3.4e+38 -3.4e+38 -3.4e+38 -3.4e+38 -3.4e+38 -3.4e+38 -3.4e+38 -3.4e+38 -3.4e+38 -3.4e+38 -3.4e+38
-3.4e+38 -3.4e+38 -3.4e+38 -3.4e+38 -3.4e+38 -3.4e+38 -3.4e+38 -3.4e+38 -3.4e+38 29.7618808746338 29.7618808746338 29.7624988555908 29.7954864501953 -3.4e+38 -3.4e+38 -3.4e+38 -3.4e+38 -3.4e+38 29.8193225860596 29.742094039917 29.680721282959 29.6667537689209 29.7044830322266 29.7139301300049 29.8153343200684 29.9135627746582 29.9580974578857 29.9269886016846 29.8812713623047 29.937744140625 -3.4e+38 -3.4e+38 28.6973686218262 28.7082920074463 28.8888072967529 28.8280048370361 28.8151340484619 29.1218185424805 29.2561511993408 29.1825904846191 29.3476696014404 29.3114585876465 -3.4e+38 -3.4e+38 -3.4e+38 -3.4e+38 -3.4e+38
-3.4e+38 -3.4e+38 -3.4e+38 -3.4e+38 -3.4e+38 -3.4e+38 -3.4e+38 -3.4e+38 29.7618808746338 29.7618808746338 29.7618808746338 29.7618808746338 29.7631168365479 29.7982902526855 29.8586597442627 -3.4e+38 29.9164905548096 29.9519348144531 29.8540515899658 29.7292079925537 29.6900825500488 29.6772060394287 29.7419757843018 29.7568893432617 29.786771774292 29.8101673126221 29.8024597167969 29.8408241271973 29.8106632232666 29.9017696380615 28.8366966247559 28.7107753753662 28.7422161102295 28.6391143798828 28.5630283355713 28.5459613800049 28.7052574157715 28.7983684539795 28.8519554138184 28.9724826812744 29.0653495788574 29.2854099273682 29.5474014282227 29.7283916473389 -3.4e+38 -3.4e+38 -3.4e+38
-3.4e+38 -3.4e+38 -3.4e+38 -3.4e+38 -3.4e+38 -3.4e+38 -3.4e+38 -3.4e+38 29.7629985809326 29.7618808746338 29.7618808746338 29.7618808746338 29.7618808746338 29.7643508911133 29.8082695007324 29.8586597442627 29.8695831298828 29.9857845306396 29.8576107025146 29.9013977050781 29.7761688232422 29.7155628204346 29.476806640625 29.4065952301025 29.4050045013428 29.2701930999756 29.0238552093506 29.037088394165 28.8777046203613 28.7206516265869 28.5490550994873 28.4363384246826 28.4953727722168 28.4924259185791 28.4429264068604 27.9366474151611 27.3821582794189 27.7396583557129 28.1190090179443 28.2314281463623 28.3893966674805 28.779748916626 29.1715202331543 29.3990840911865 29.6315994262695 29.5893745422363 -3.4e+38
-3.4e+38 -3.4e+38 -3.4e+38 -3.4e+38 -3.4e+38 -3.4e+38 -3.4e+38 -3.4e+38 -3.4e+38 -3.4e+38 29.7618808746338 29.7618808746338 29.7618808746338 -3.4e+38 29.7668228149414 29.8457126617432 29.8613243103027 29.8826026916504 29.8887996673584 29.9066104888916 29.7274150848389 29.7351989746094 29.5070781707764 29.0197372436523 28.7542343139648 28.6820125579834 28.7053260803223 28.8350582122803 28.7690582275391 28.533145904541 28.4481201171875 28.4558582305908 28.57151222229 28.3123340606689 27.6262626647949 26.0723114013672 25.8220043182373 26.3015670776367 27.1150512695312 27.4637336730957 27.7661972045898 28.2872982025146 28.8890132904053 29.1531276702881 29.3530654907227 29.5840969085693 29.7887325286865
-3.4e+38 -3.4e+38 -3.4e+38 -3.4e+38 -3.4e+38 -3.4e+38 -3.4e+38 -3.4e+38 -3.4e+38 -3.4e+38 -3.4e+38 -3.4e+38 -3.4e+38 -3.4e+38 29.751501083374 29.7803783416748 29.8007698059082 29.8670177459717 29.7466430664062 29.6780643463135 29.5773696899414 29.7150020599365 29.4224834442139 28.8614692687988 28.2193584442139 28.1853523254395 28.3238906860352 28.4050788879395 28.457878112793 28.4542961120605 28.4057025909424 28.3092784881592 28.2609252929688 27.0854778289795 25.8053607940674 25.293701171875 25.3825225830078 25.8201179504395 26.2550811767578 26.8932991027832 27.3162059783936 27.9750957489014 28.560697555542 28.8740177154541 29.1617259979248 29.3311042785645 29.6484279632568
29.6009197235107 -3.4e+38 -3.4e+38 -3.4e+38 -3.4e+38 -3.4e+38 -3.4e+38 -3.4e+38 -3.4e+38 -3.4e+38 29.7052459716797 29.7920532226562 -3.4e+38 -3.4e+38 -3.4e+38 29.693244934082 29.7190780639648 29.6492805480957 29.5715446472168 29.5648574829102 29.6060466766357 29.5786685943604 29.1440715789795 28.525260925293 27.7860069274902 27.8763256072998 27.997127532959 28.1088027954102 28.158332824707 28.1133728027344 28.1565113067627 27.9667053222656 27.1362991333008 25.2837104797363 24.7731800079346 24.862024307251 25.0339164733887 25.2083625793457 25.5366516113281 26.0587501525879 26.8306331634521 27.9068813323975 28.3445835113525 28.6811046600342 29.098503112793 29.3000183105469 29.4838981628418
29.5488872528076 29.5554637908936 -3.4e+38 -3.4e+38 -3.4e+38 -3.4e+38 -3.4e+38 -3.4e+38 -3.4e+38 -3.4e+38 29.6428661346436 29.7608280181885 29.8222236633301 -3.4e+38 -3.4e+38 29.6522769927979 29.5629863739014 29.4775066375732 29.4928340911865 29.5968475341797 29.5927410125732 29.017692565918 28.7207107543945 28.1034851074219 27.5811824798584 27.7724685668945 27.8776359558105 27.7326545715332 27.9219589233398 27.8900089263916 27.6044616699219 27.0301303863525 26.1917667388916 24.2514476776123 23.9654064178467 24.1066646575928 24.4197368621826 24.627815246582 24.9760437011719 25.400749206543 26.1163196563721 27.1089706420898 27.96555519104 28.6252918243408 29.0859603881836 29.3072757720947 29.3617477416992
29.5535411834717 29.5472831726074 29.5652942657471 29.6520500183105 -3.4e+38 -3.4e+38 -3.4e+38 -3.4e+38 -3.4e+38 -3.4e+38 -3.4e+38 29.7516670227051 29.8654594421387 29.8222236633301 29.8356552124023 29.6890182495117 29.6046867370605 29.6135330200195 29.6767768859863 29.6132583618164 28.7553882598877 28.0972366333008 27.9098606109619 27.3034553527832 27.1929759979248 27.1926136016846 27.2365036010742 27.2602863311768 27.0568447113037 26.8651447296143 26.5584735870361 25.6643829345703 23.7794570922852 22.9295711517334 22.6065769195557 22.5456848144531 22.9931354522705 23.7678337097168 24.3531703948975 24.7985572814941 25.3216133117676 26.069278717041 27.3184680938721 28.3237838745117 28.9185523986816 29.2846355438232 29.2614212036133
29.8486518859863 29.8301086425781 29.7320671081543 29.6587886810303 -3.4e+38 -3.4e+38 -3.4e+38 -3.4e+38 29.5110054016113 29.5467433929443 29.6611747741699 29.7618846893311 29.8421592712402 29.9319934844971 29.9361248016357 29.7539138793945 29.9033966064453 29.5740032196045 29.7817764282227 29.1409759521484 27.7479972839355 27.2040271759033 27.0641899108887 26.960262298584 26.8156700134277 26.6372871398926 26.1617736816406 25.51686668396 25.230297088623 24.8188972473145 23.6179428100586 22.2590351104736 21.4675559997559 21.5712394714355 21.5021495819092 21.4415340423584 22.5276203155518 22.9744720458984 23.6070575714111 24.1784229278564 24.6781673431396 25.1615467071533 25.9993076324463 27.0509586334229 27.6741313934326 28.0441474914551 28.238302230835
29.8477745056152 29.9116306304932 29.8915939331055 29.8382167816162 29.6705875396729 29.6004028320312 29.5777626037598 29.5568256378174 29.5337867736816 29.5682830810547 29.7054882049561 29.8364200592041 29.7641773223877 29.4284324645996 29.1075019836426 29.7163982391357 30.4048595428467 30.5068969726562 29.9474792480469 28.6238040924072 27.5236301422119 26.4540386199951 26.4873600006104 25.8874664306641 24.9075050354004 24.4876747131348 23.7162094116211 22.7787055969238 21.8658390045166 20.827320098877 19.841121673584 19.393217086792 19.5111198425293 20.3615341186523 20.7155952453613 21.3432903289795 22.2310447692871 22.7631855010986 23.2756004333496 23.6792850494385 24.1681938171387 24.5983772277832 25.0239162445068 25.4144496917725 26.0536422729492 26.6519012451172 27.2744331359863
30.0638561248779 29.9534950256348 29.8722229003906 29.8224334716797 29.7790699005127 29.7878112792969 29.7590503692627 29.7230453491211 29.7088718414307 29.7711982727051 29.8248176574707 29.5703525543213 29.0014667510986 28.507345199585 28.1779193878174 28.5553398132324 29.2789058685303 30.893741607666 30.5718536376953 29.1631011962891 26.4372940063477 25.4506053924561 24.9287452697754 23.5571880340576 22.5933418273926 21.868408203125 20.4967555999756 19.7355461120605 19.2710056304932 18.8625011444092 18.6965026855469 18.6755027770996 18.9548511505127 19.6694202423096 20.4298419952393 21.4466209411621 22.0766658782959 22.7206630706787 22.9312534332275 23.3546676635742 23.787670135498 24.2594833374023 24.634485244751 24.9213371276855 25.2394161224365 25.6240997314453 26.7639389038086
29.6870460510254 29.7577419281006 29.8508110046387 29.9321823120117 29.9416255950928 29.8742370605469 29.8025379180908 29.7780342102051 29.7192993164062 29.4976291656494 29.222131729126 28.8356914520264 28.419584274292 27.8629875183105 27.3145656585693 27.0580673217773 27.4551830291748 28.5486621856689 26.7630310058594 26.2197494506836 24.9410915374756 23.7120723724365 22.927734375 22.0909481048584 20.9475402832031 20.0495414733887 19.5653400421143 18.9785175323486 18.7001724243164 18.5665283203125 18.4816646575928 18.4697570800781 18.892786026001 19.6855163574219 20.6393127441406 21.5329475402832 22.0575656890869 22.4597034454346 22.7134857177734 23.1486930847168 23.5718231201172 23.7995777130127 24.2238960266113 24.6009788513184 25.0031681060791 25.1657276153564 25.6887435913086
29.4148139953613 29.4365997314453 29.4815578460693 29.7571105957031 29.9600658416748 29.9022846221924 29.668830871582 29.5566959381104 29.4615440368652 29.3526458740234 28.9679546356201 28.4130210876465 27.8849220275879 27.2218894958496 26.7212047576904 26.3508911132812 26.2089805603027 25.9898986816406 25.0906810760498 23.9900588989258 22.6703548431396 21.4421329498291 20.788703918457 20.3387794494629 19.8331279754639 19.5441818237305 19.2848873138428 18.8685321807861 18.641227722168 18.439136505127 18.2761306762695 18.5596351623535 19.1281909942627 19.782844543457 20.6494598388672 21.3553733825684 21.9400901794434 22.2607116699219 22.6493911743164 22.9112606048584 23.2179527282715 23.5274353027344 23.9120788574219 24.2442512512207 24.6056880950928 25.0427989959717 25.2219619750977
29.0157260894775 29.0035076141357 29.155969619751 29.2210483551025 29.3740978240967 29.4309940338135 29.4322185516357 29.4087200164795 29.3151226043701 29.0886516571045 28.5134124755859 27.3582458496094 25.7817058563232 24.8958644866943 25.2839698791504 25.8476810455322 25.6878452301025 25.2162990570068 24.6312255859375 22.8776435852051 21.1371383666992 20.0915985107422 19.8985157012939 19.51096534729 19.3434009552002 19.202220916748 19.1295375823975 18.8720226287842 18.561014175415 18.4811248779297 18.4165668487549 18.7475051879883 19.2723789215088 19.82741355896 20.4983367919922 21.1806201934814 21.6255283355713 22.0722274780273 22.4337272644043 22.6293430328369 22.9984912872314 23.393611907959 23.5938034057617 24.0335369110107 24.4181041717529 24.7345600128174 25.0578117370605
28.1888294219971 28.27392578125 28.3649120330811 28.5199241638184 28.6072635650635 28.6011199951172 28.7431011199951 28.6295471191406 28.3865718841553 28.0075626373291 27.6178779602051 27.1156272888184 25.9311389923096 23.5911674499512 22.7351455688477 23.2713623046875 23.5447196960449 23.9283828735352 23.4545307159424 22.32057762146 21.2026042938232 20.2406787872314 19.6918106079102 19.4150276184082 19.3029403686523 19.2698097229004 18.852466583252 18.7936096191406 18.7277545928955 18.672342300415 18.5112724304199 18.7073841094971 19.2382869720459 19.7377605438232 20.1498756408691 20.8761367797852 21.2807331085205 21.6919975280762 22.0526332855225 22.3880500793457 22.6468143463135 22.8944358825684 23.3675918579102 23.7037353515625 24.105152130127 24.4895095825195 24.8810596466064
27.6231632232666 27.5342483520508 27.6023101806641 27.5929622650146 27.7539691925049 27.9201622009277 27.8832626342773 27.8726902008057 27.7568302154541 27.546516418457 27.223747253418 26.8628978729248 26.2888641357422 24.5777549743652 22.886381149292 21.5291442871094 21.5745048522949 22.0630569458008 22.1672687530518 21.5206279754639 20.347354888916 20.0457134246826 19.7240161895752 19.4268550872803 19.3597202301025 19.2694187164307 18.8898220062256 18.8421535491943 18.7889003753662 18.7525806427002 18.4235496520996 18.3646144866943 18.8220272064209 19.3824329376221 19.7985687255859 20.2340030670166 20.6272792816162 21.0959720611572 21.6140613555908 21.9504795074463 22.247184753418 22.6185169219971 22.9021053314209 23.2627563476562 23.6754322052002 24.0876579284668 24.544921875
27.2466831207275 27.1096382141113 27.1044960021973 27.1575698852539 27.1949481964111 27.1921195983887 27.1764507293701 27.126579284668 27.0772190093994 26.96653175354 26.4747848510742 26.1967086791992 25.5686264038086 24.5353412628174 22.8029727935791 21.2150936126709 20.7001209259033 20.9300937652588 21.232292175293 20.4984474182129 20.2409381866455 19.8131351470947 19.4165287017822 19.4116649627686 19.4159717559814 19.2447414398193 18.9233875274658 18.8692512512207 18.8040809631348 18.7737598419189 18.4307441711426 18.283031463623 18.267183303833 18.4553070068359 18.8800239562988 19.2133235931396 19.4726600646973 20.1013088226318 20.8011226654053 21.2242069244385 21.523962020874 21.9265403747559 22.2745018005371 22.6490345001221 22.8556289672852 23.3872051239014 23.8655223846436
