Ecospace-environmental-drivers/Outputs/ASCII-for-ecospace/Temp-avg/Temp-avg_X2003.02.asc
NCOLS 131 
NROWS 53 
XLLCORNER -98 
YLLCORNER 23.9265270233154 
CELLSIZE 0.133587792515755 
NODATA_value -3.4e+38 
[rows 0 to 20 of 53, columns 47 to 93 of 131]
-3.4e+38 -3.4e+38 -3.4e+38 -3.4e+38 -3.4e+38 -3.4e+38 -3.4e+38 -3.4e+38 -3.4e+38 -3.4e+38 -3.4e+38 -3.4e+38 -3.4e+38 -3.4e+38 -3.4e+38 -3.4e+38 -3.4e+38 -3.4e+38 -3.4e+38 -3.4e+38 -3.4e+38 -3.4e+38 -3.4e+38 -3.4e+38 -3.4e+38 -3.4e+38 -3.4e+38 -3.4e+38 -3.4e+38 -3.4e+38 -3.4e+38 -3.4e+38 -3.4e+38 -3.4e+38 -3.4e+38 -3.4e+38 -3.4e+38 -3.4e+38 -3.4e+38 -3.4e+38 -3.4e+38 -3.4e+38 -3.4e+38 -3.4e+38 -3.4e+38 -3.4e+38 -3.4e+38
-3.4e+38 -3.4e+38 -3.4e+38 -3.4e+38 -3.4e+38 -3.4e+38 -3.4e+38 -3.4e+38 -3.4e+38 -3.4e+38 -3.4e+38 -3.4e+38 -3.4e+38 -3.4e+38 -3.4e+38 -3.4e+38 -3.4e+38 -3.4e+38 -3.4e+38 -3.4e+38 -3.4e+38 -3.4e+38 -3.4e+38 -3.4e+38 -3.4e+38 -3.4e+38 -3.4e+38 -3.4e+38 -3.4e+38 -3.4e+38 -3.4e+38 -3.4e+38 -3.4e+38 -3.4e+38 -3.4e+38 -3.4e+38 -3.4e+38 -3.4e+38 -3.4e+38 -3.4e+38 -3.4e+38 -3.4e+38 -3.4e+38 -3.4e+38 -3.4e+38 -3.4e+38 -3.4e+38
-3.4e+38 -3.4e+38 -3.4e+38 -3.4e+38 -3.4e+38 -3.4e+38 -3.4e+38 -3.4e+38 -3.4e+38 -3.4e+38 -3.4e+38 -3.4e+38 -3.4e+38 -3.4e+38 -3.4e+38 -3.4e+38 -3.4e+38 -3.4e+38 -3.4e+38 -3.4e+38 -3.4e+38 -3.4e+38 -3.4e+38 -3.4e+38 -3.4e+38 -3.4e+38 -3.4e+38 15.6654939651489 15.6528034210205 -3.4e+38 -3.4e+38 -3.4e+38 -3.4e+38 -3.4e+38 -3.4e+38 -3.4e+38 -3.4e+38 -3.4e+38 -3.4e+38 -3.4e+38 -3.4e+38 -3.4e+38 -3.4e+38 -3.4e+38 -3.4e+38 -3.4e+38 -3.4e+38
-3.4e+38 -3.4e+38 -3.4e+38 -3.4e+38 -3.4e+38 -3.4e+38 -3.4e+38 -3.4e+38 -3.4e+38 -3.4e+38 -3.4e+38 -3.4e+38 -3.4e+38 -3.4e+38 -3.4e+38 -3.4e+38 -3.4e+38 -3.4e+38 -3.4e+38 -3.4e+38 -3.4e+38 -3.4e+38 -3.4e+38 -3.4e+38 -3.4e+38 -3.4e+38 -3.4e+38 15.5611534118652 15.4370241165161 -3.4e+38 -3.4e+38 -3.4e+38 -3.4e+38 -3.4e+38 -3.4e+38 -3.4e+38 -3.4e+38 -3.4e+38 -3.4e+38 -3.4e+38 -3.4e+38 -3.4e+38 -3.4e+38 -3.4e+38 -3.4e+38 -3.4e+38 -3.4e+38
-3.4e+38 -3.4e+38 -3.4e+38 -3.4e+38 -3.4e+38 -3.4e+38 -3.4e+38 -3.4e+38 -3.4e+38 15.5883293151855 15.5883293151855 15.5927829742432 15.5407657623291 -3.4e+38 -3.4e+38 -3.4e+38 -3.4e+38 -3.4e+38 15.1693277359009 15.1351346969604 15.2497138977051 15.3092241287231 15.3060684204102 15.6258296966553 15.6950979232788 15.7556791305542 15.7281808853149 15.529993057251 15.819221496582 16.3982887268066 -3.4e+38 -3.4e+38 15.4392337799072 15.6815967559814 15.8287744522095 15.9314804077148 15.926308631897 15.7773351669312 15.7120332717896 15.6312227249146 15.6266145706177 15.7611961364746 -3.4e+38 -3.4e+38 -3.4e+38 -3.4e+38 -3.4e+38
-3.4e+38 -3.4e+38 -3.4e+38 -3.4e+38 -3.4e+38 -3.4e+38 -3.4e+38 -3.4e+38 15.5883293151855 15.5883293151855 15.5883293151855 15.5883293151855 15.5972366333008 15.5474157333374 15.4300813674927 -3.4e+38 15.401967048645 15.3483304977417 15.1684579849243 15.0253877639771 14.7386045455933 14.7199001312256 14.9330987930298 15.1560297012329 15.3289384841919 15.3459873199463 15.3255548477173 15.3858814239502 15.7070569992065 16.3430118560791 15.2324180603027 15.2969264984131 15.4283285140991 15.5924472808838 15.8768377304077 16.0335388183594 16.09645652771 16.0469303131104 15.9635553359985 15.9009494781494 15.8969135284424 15.8063230514526 15.7149353027344 15.658260345459 -3.4e+38 -3.4e+38 -3.4e+38
-3.4e+38 -3.4e+38 -3.4e+38 -3.4e+38 -3.4e+38 -3.4e+38 -3.4e+38 -3.4e+38 15.6048460006714 15.5883293151855 15.5883293151855 15.5883293151855 15.5883293151855 15.606143951416 15.5651082992554 15.4300813674927 15.4683847427368 15.3610725402832 15.2873859405518 14.7979049682617 14.2430667877197 14.2700004577637 14.4060535430908 14.7291555404663 15.0267028808594 15.1279020309448 15.1085758209229 14.9869508743286 14.950382232666 15.0790414810181 15.3295764923096 15.704478263855 15.8928527832031 16.0436782836914 16.3215446472168 16.5982971191406 16.9501838684082 16.951021194458 16.7276592254639 16.7029705047607 16.7457427978516 16.5937728881836 16.2007808685303 15.8543748855591 15.5798797607422 15.6635112762451 -3.4e+38
-3.4e+38 -3.4e+38 -3.4e+38 -3.4e+38 -3.4e+38 -3.4e+38 -3.4e+38 -3.4e+38 -3.4e+38 -3.4e+38 15.5883293151855 15.5883293151855 15.5883293151855 -3.4e+38 15.6239585876465 15.6180639266968 15.683744430542 15.764949798584 15.6333742141724 15.2448310852051 14.9324054718018 15.2972097396851 15.1712808609009 15.3327264785767 15.7163362503052 15.9293937683105 15.9193096160889 15.8553285598755 15.7824993133545 15.9216451644897 16.2101459503174 16.4304256439209 16.5241279602051 16.5378589630127 16.8074340820312 17.308952331543 17.7613086700439 17.7010040283203 17.4029140472412 17.2992153167725 17.3022441864014 17.2224864959717 16.8338012695312 16.3720817565918 15.9806547164917 15.6027994155884 15.4907112121582
-3.4e+38 -3.4e+38 -3.4e+38 -3.4e+38 -3.4e+38 -3.4e+38 -3.4e+38 -3.4e+38 -3.4e+38 -3.4e+38 -3.4e+38 -3.4e+38 -3.4e+38 -3.4e+38 15.6425952911377 15.7630300521851 15.8717470169067 15.886378288269 15.9327259063721 15.8188676834106 15.6830520629883 15.901593208313 16.1309776306152 16.8342685699463 17.2009468078613 17.2589073181152 17.0912647247314 16.90553855896 16.7447528839111 16.6362190246582 16.7028408050537 16.7423458099365 16.8132877349854 17.1293678283691 17.5488834381104 18.1104640960693 18.0117321014404 17.8474521636963 17.6891956329346 17.7246532440186 17.8804740905762 17.8547515869141 17.3479175567627 16.8990917205811 16.5654335021973 16.0541477203369 15.5452508926392
15.1514139175415 -3.4e+38 -3.4e+38 -3.4e+38 -3.4e+38 -3.4e+38 -3.4e+38 -3.4e+38 -3.4e+38 -3.4e+38 16.0537509918213 16.0342693328857 -3.4e+38 -3.4e+38 -3.4e+38 16.0093669891357 16.1533355712891 16.2327289581299 16.1521797180176 16.0812511444092 16.0425148010254 16.0516376495361 16.552188873291 17.3652439117432 17.6705265045166 17.6043663024902 17.4139347076416 17.2061328887939 17.068359375 16.918550491333 16.849006652832 16.9241313934326 17.2785873413086 17.6350135803223 18.0464668273926 18.5154342651367 18.444709777832 18.2004127502441 17.9098434448242 18.0362949371338 18.249532699585 18.4272441864014 17.9092350006104 17.3289127349854 16.944881439209 16.4351539611816 15.7071809768677
15.1459989547729 15.2143983840942 -3.4e+38 -3.4e+38 -3.4e+38 -3.4e+38 -3.4e+38 -3.4e+38 -3.4e+38 -3.4e+38 16.1771831512451 16.3414916992188 16.4802093505859 -3.4e+38 -3.4e+38 16.2151336669922 16.2727432250977 16.4448471069336 16.3507328033447 16.2096729278564 16.0627460479736 16.3829212188721 17.0607662200928 17.6734199523926 17.7874794006348 17.6195888519287 17.417552947998 17.1465682983398 16.9999752044678 16.8943672180176 16.9602355957031 17.4228916168213 17.6786003112793 17.6990718841553 17.8469161987305 18.3519706726074 18.7452621459961 18.6763248443604 18.3427600860596 18.3439483642578 18.7616214752197 18.8803024291992 18.3285999298096 17.5482692718506 17.0758152008057 16.6308784484863 15.8502645492554
15.2509174346924 15.4074668884277 15.5913543701172 15.6132001876831 -3.4e+38 -3.4e+38 -3.4e+38 -3.4e+38 -3.4e+38 -3.4e+38 -3.4e+38 16.2606353759766 16.4758110046387 16.4802093505859 16.4345169067383 16.3461952209473 16.4218444824219 16.2328071594238 16.3095245361328 16.0185661315918 16.386043548584 17.290994644165 17.8389110565186 17.9921035766602 17.8237323760986 17.4957122802734 17.246301651001 17.1345310211182 17.1171588897705 17.1983013153076 17.4996967315674 17.9179019927979 17.6781330108643 17.6783504486084 17.7796459197998 17.9794673919678 18.3258056640625 18.7582683563232 18.8964920043945 19.0166816711426 18.98219871521 19.0262584686279 18.652099609375 17.6145725250244 17.2068557739258 16.764289855957 16.0446529388428
14.6947612762451 15.1848678588867 15.5123081207275 15.7359371185303 -3.4e+38 -3.4e+38 -3.4e+38 -3.4e+38 16.0661659240723 16.1569194793701 16.1417083740234 16.1848659515381 16.3795623779297 16.5676593780518 16.4750633239746 16.7088012695312 16.5947227478027 15.6888599395752 16.210298538208 16.2482757568359 17.0959091186523 17.9517154693604 18.2272548675537 18.1283264160156 17.8467273712158 17.7325744628906 17.8792247772217 17.9659004211426 18.0700531005859 18.2497425079346 18.1357498168945 17.7729148864746 17.4841041564941 17.7094039916992 17.7204418182373 17.51975440979 18.2630767822266 18.5867252349854 18.8437252044678 18.9510822296143 18.6620635986328 18.7771663665771 18.8030128479004 18.3711013793945 18.0907306671143 17.6727809906006 17.2282581329346
14.5040149688721 14.5221166610718 14.7159061431885 15.2802104949951 15.7033529281616 15.6921119689941 15.8141231536865 15.9431505203247 16.0374069213867 16.1736965179443 16.2601451873779 16.072925567627 16.0699901580811 16.4220581054688 16.7289428710938 16.8327045440674 17.08544921875 17.3066749572754 17.0554656982422 17.2116451263428 17.2454204559326 18.1228294372559 18.4930934906006 18.4749794006348 18.4448699951172 18.5144081115723 18.4770660400391 18.2929821014404 18.0447978973389 17.5411510467529 16.849946975708 16.5229034423828 16.5990238189697 17.2042713165283 17.2668704986572 17.6201763153076 18.1319770812988 18.5312252044678 18.8271331787109 18.8969326019287 18.6780109405518 18.6394958496094 18.9907970428467 19.1234455108643 19.2090854644775 19.0367736816406 18.7779712677002
14.6124114990234 14.6044797897339 14.785195350647 15.3165445327759 15.685640335083 15.7676439285278 15.9850206375122 16.1278667449951 16.1401348114014 16.1660041809082 16.14914894104 16.0073223114014 16.5699272155762 17.0780868530273 17.2296504974365 17.2134227752686 17.2947845458984 17.9303340911865 18.1229305267334 17.8808917999268 17.6777896881104 18.3225040435791 18.557559967041 18.1550579071045 17.7270183563232 17.4035701751709 16.5479927062988 16.1452522277832 15.970703125 15.8337526321411 15.8324871063232 15.9933795928955 16.2711944580078 16.7858123779297 17.2865333557129 17.8623466491699 18.2755870819092 18.7886390686035 19.0069313049316 19.2120037078857 19.1654663085938 18.880277633667 19.1520481109619 19.4867038726807 19.667652130127 19.5179271697998 19.289270401001
14.7525033950806 14.8843021392822 15.0935821533203 15.4179229736328 15.6076145172119 15.7132987976074 15.8386936187744 15.9743223190308 16.1263065338135 16.4371719360352 16.7414436340332 16.9889850616455 17.2945346832275 17.4627380371094 17.5111255645752 17.5223388671875 17.4814682006836 17.6446990966797 17.6496067047119 17.7048282623291 18.0575923919678 18.0541210174561 17.7161026000977 17.1235885620117 16.3199329376221 15.7079801559448 15.3724374771118 14.9554977416992 14.8926868438721 14.9635810852051 15.1260356903076 15.458779335022 16.0936336517334 16.8259048461914 17.5452423095703 18.1135482788086 18.5252590179443 18.9303951263428 19.1897830963135 19.4421119689941 19.5777931213379 19.3143615722656 19.5489025115967 19.8629474639893 20.0363121032715 19.9192886352539 19.4537029266357
15.5515670776367 15.4817247390747 15.5236616134644 15.7790765762329 16.0306816101074 16.1222534179688 16.2510089874268 16.4211673736572 16.6643123626709 16.9668350219727 17.1679000854492 17.2943439483643 17.4416484832764 17.5529918670654 17.7506198883057 17.8732833862305 17.8561038970947 17.8477077484131 17.9300975799561 17.8393993377686 17.4769954681396 16.7335300445557 16.1195526123047 15.6178903579712 15.2318668365479 14.9612712860107 14.6696462631226 14.343430519104 14.3477973937988 14.4904985427856 14.5021533966064 15.0067539215088 16.0352230072021 16.79856300354 17.533784866333 18.08860206604 18.523962020874 18.898401260376 19.3032379150391 19.4874782562256 19.6972198486328 19.9247360229492 20.3340740203857 20.5323657989502 20.5640163421631 20.4681663513184 19.9313430786133
16.27467918396 16.0450000762939 16.0446262359619 16.2266159057617 16.334545135498 16.4385509490967 16.5827121734619 16.7619132995605 16.9503631591797 17.1047859191895 17.2687721252441 17.3193302154541 17.3938388824463 17.3829669952393 17.6599349975586 18.1167278289795 18.3615798950195 18.3861865997314 18.2592449188232 17.5322074890137 16.4513816833496 15.5549182891846 15.2464466094971 14.7854242324829 14.5849123001099 14.3827047348022 14.305793762207 14.1806993484497 14.0481491088867 14.2836866378784 14.4905910491943 14.8635540008545 15.888952255249 16.6993579864502 17.3353729248047 17.9410343170166 18.3492240905762 18.7687892913818 19.1067485809326 19.3755378723145 19.7804851531982 20.1764698028564 20.3549880981445 20.6031646728516 20.8107070922852 20.8320007324219 20.5125045776367
17.336238861084 17.0473804473877 16.7514228820801 16.6321792602539 16.6780586242676 16.795726776123 16.9251575469971 17.0414428710938 17.1583251953125 17.263111114502 17.3602771759033 17.4009685516357 17.4542102813721 17.0933094024658 16.9503631591797 17.4008293151855 17.7732429504395 18.0120506286621 17.7628211975098 17.0884284973145 16.2751522064209 15.4310903549194 14.8550071716309 14.5359716415405 14.3513717651367 14.2305068969727 13.9986667633057 14.1282148361206 14.1680631637573 14.3092947006226 14.4785137176514 14.7799491882324 15.7554883956909 16.5948429107666 17.0720634460449 17.7127208709717 18.0952987670898 18.4785995483398 18.8056125640869 19.1202297210693 19.3521938323975 19.5994167327881 19.9738349914551 20.2401275634766 20.4965591430664 20.6764316558838 20.6397914886475
18.3563117980957 18.2126941680908 18.0078392028809 17.6819343566895 17.4066257476807 17.2861309051514 17.2935752868652 17.3506031036377 17.4206428527832 17.5665016174316 17.7393665313721 17.9099769592285 18.0316486358643 17.8633556365967 17.4063148498535 16.6527137756348 16.6733341217041 16.9412136077881 16.9483375549316 16.3889923095703 15.4752206802368 15.2125644683838 14.7695941925049 14.429030418396 14.2986192703247 14.1928462982178 14.0029525756836 14.1736173629761 14.2242155075073 14.303111076355 14.284592628479 14.5243635177612 15.5031156539917 16.2979717254639 16.707857131958 17.0971260070801 17.4270095825195 17.8124008178711 18.1837711334229 18.4370746612549 18.7151355743408 19.0572242736816 19.3141403198242 19.6783409118652 20.0426330566406 20.421745300293 20.6820011138916
18.5465774536133 18.5133304595947 18.4904747009277 18.4905948638916 18.471004486084 18.4292144775391 18.4282665252686 18.4039783477783 18.3421421051025 18.4132385253906 18.5157165527344 18.6057395935059 18.5467796325684 18.2832946777344 17.5132732391357 16.3733921051025 15.9136266708374 15.9930095672607 16.1577053070068 15.5987815856934 15.3286657333374 14.9547510147095 14.6373682022095 14.4822731018066 14.3687829971313 14.2403240203857 14.1218090057373 14.1916265487671 14.1762609481812 14.2280111312866 14.1626863479614 14.4242296218872 15.0913228988647 15.474196434021 15.8134269714355 16.0320377349854 16.1867046356201 16.6237182617188 17.1134605407715 17.4371662139893 17.7150554656982 18.1123199462891 18.4524040222168 18.845874786377 19.1631183624268 19.7434368133545 20.1761684417725
