Ecospace-environmental-drivers/Outputs/ASCII-for-ecospace/Temp-avg/Temp-avg_X2001.01.asc
NCOLS 131 
NROWS 53 
XLLCORNER -98 
YLLCORNER 23.9265270233154 
CELLSIZE 0.133587792515755 
NODATA_value -3.4e+38 
[rows 21 to 41 of 53, columns 47 to 93 of 131]
20.2320423126221 20.1815757751465 20.1902008056641 20.2173843383789 20.2269535064697 20.229528427124 20.0895118713379 20.0596904754639 20.031681060791 19.8409976959229 19.472749710083 19.2908954620361 18.8107643127441 18.0170345306396 17.5018844604492 16.8579883575439 16.14453125 16.1192493438721 16.4280338287354 16.5223960876465 16.3573970794678 16.1838436126709 15.9662837982178 15.8308773040771 15.5999746322632 15.4150047302246 15.4357881546021 15.4908752441406 15.5070838928223 15.3375272750854 15.3205995559692 15.4306879043579 15.5413084030151 15.5957050323486 15.645770072937 15.7146911621094 15.9018611907959 16.3156642913818 17.2699146270752 17.9530544281006 18.3401947021484 18.6652545928955 19.0058898925781 19.3046360015869 19.5187149047852 19.6480712890625 19.8587284088135
20.0561676025391 19.9982604980469 20.0703201293945 20.1337909698486 20.2384281158447 20.1065425872803 19.5760936737061 19.7969627380371 19.4838256835938 18.9094905853271 18.6190071105957 18.3830528259277 18.2387428283691 17.782600402832 17.3163967132568 17.0685405731201 16.3029117584229 16.2305870056152 16.1575965881348 16.373291015625 16.3912220001221 16.1908416748047 16.0849075317383 15.6805753707886 15.500171661377 15.4180755615234 15.3588466644287 15.3803071975708 15.3250560760498 15.2528734207153 15.3340549468994 15.4364652633667 15.507176399231 15.5591945648193 15.6317729949951 15.7259216308594 15.8222026824951 15.9350137710571 16.0948371887207 16.5233612060547 17.0489864349365 17.4982833862305 17.9895133972168 18.5969409942627 19.0081558227539 19.1572113037109 19.4356460571289
19.4727649688721 19.4565410614014 19.7049140930176 19.4185009002686 19.1565914154053 18.8322048187256 18.8891582489014 18.4428882598877 18.0275058746338 17.840934753418 17.8164596557617 18.0506172180176 17.6793308258057 17.3636054992676 16.8989105224609 16.6800899505615 16.4952812194824 16.2870845794678 16.2715339660645 16.3327674865723 16.4762191772461 16.3528213500977 16.2026538848877 15.7960557937622 15.6691904067993 15.5419054031372 15.4968633651733 15.4302406311035 15.2225999832153 15.3207683563232 15.4326467514038 15.5226163864136 15.5775918960571 15.636510848999 15.7034673690796 15.7805414199829 15.8764476776123 15.9423913955688 15.8120946884155 15.9614391326904 16.1405200958252 16.3203868865967 16.7406921386719 17.4253120422363 18.1252555847168 18.7383003234863 18.9897956848145
18.3145046234131 18.3666915893555 18.0715160369873 18.3129787445068 18.2083683013916 18.0215644836426 17.6632080078125 17.4842185974121 17.189079284668 17.4233722686768 17.3946800231934 17.5567054748535 17.1044979095459 16.887451171875 16.7407188415527 16.6670894622803 16.4420490264893 16.4219226837158 16.4007587432861 16.2688694000244 16.2768039703369 16.3023719787598 16.3367862701416 16.0834884643555 15.9224014282227 15.8233451843262 15.583309173584 15.5095157623291 15.487696647644 15.5264654159546 15.6349325180054 15.7458839416504 15.8367700576782 15.872631072998 15.6953430175781 15.6656398773193 15.6894540786743 15.8083086013794 15.8982172012329 16.0024147033691 16.1666374206543 16.3371810913086 16.451602935791 16.579008102417 17.0582256317139 17.8237857818604 18.4400863647461
17.7907047271729 17.6075477600098 17.5106735229492 17.3590869903564 17.1569519042969 17.4477481842041 16.9797897338867 17.1889495849609 16.9732532501221 17.0113906860352 16.950309753418 16.9125461578369 16.8768730163574 16.8256797790527 16.7683792114258 16.5316944122314 16.3492679595947 16.4279651641846 16.4110794067383 16.3057479858398 16.3198299407959 16.369779586792 16.4522857666016 16.5018119812012 16.2715473175049 16.2879848480225 16.2690944671631 16.0554447174072 16.0373725891113 16.0215950012207 16.0257186889648 16.0786952972412 16.1377220153809 16.0739936828613 15.8032150268555 15.8132333755493 15.8512210845947 15.915997505188 16.0733394622803 16.1746406555176 16.2947444915771 16.4539623260498 16.5684909820557 16.6048564910889 16.5706729888916 16.8905239105225 17.7085418701172
17.2814540863037 17.3624649047852 17.3147125244141 16.8451156616211 16.8561477661133 16.9872894287109 16.960750579834 16.8815231323242 17.1462306976318 17.0387229919434 17.087911605835 16.977108001709 17.0342102050781 16.8208904266357 16.6746044158936 16.6103668212891 16.68625831604 16.7227573394775 16.7342948913574 16.6967029571533 16.6847915649414 16.7565593719482 16.5785255432129 16.618673324585 16.6950283050537 16.7875957489014 16.8882904052734 16.7477970123291 16.6846485137939 16.7087421417236 16.6940441131592 16.6380462646484 16.546838760376 16.2641201019287 16.0977115631104 16.0850696563721 16.0765628814697 16.1349678039551 16.2662582397461 16.3818206787109 16.4682998657227 16.5829391479492 16.7083911895752 16.7277603149414 16.6531524658203 16.5459423065186 17.0631561279297
17.0826816558838 17.1083583831787 16.9167442321777 16.6585311889648 16.7362461090088 16.7410144805908 16.7542972564697 17.0921764373779 17.1737079620361 16.9526672363281 16.8958034515381 16.8524017333984 16.8316783905029 16.7703170776367 16.607349395752 16.59104347229 16.4249496459961 16.4058132171631 16.597095489502 16.7917671203613 17.0271835327148 16.8516120910645 16.9262409210205 17.0511531829834 17.1706123352051 17.2940616607666 17.417423248291 17.2094268798828 17.2160987854004 17.2673511505127 17.271993637085 17.2237606048584 17.1051425933838 16.9635105133057 16.7557601928711 16.4786853790283 16.4676322937012 16.4947261810303 16.5305347442627 16.5871162414551 16.6458549499512 16.7610111236572 16.82151222229 16.854154586792 16.7378444671631 16.5923328399658 16.6740570068359
17.0149383544922 16.7894039154053 16.6043300628662 16.7392864227295 16.7457981109619 16.4991436004639 16.6217803955078 16.9870662689209 16.9703960418701 16.981990814209 16.8338432312012 16.6157341003418 16.4336032867432 16.4423980712891 16.4249954223633 16.4203128814697 16.4254627227783 16.474552154541 16.6158275604248 16.7979297637939 16.9758262634277 17.1410312652588 17.318380355835 17.4886531829834 17.6046295166016 17.5718002319336 17.5853824615479 17.6902332305908 17.7722072601318 17.8165187835693 17.8152656555176 17.7897281646729 17.7150096893311 17.6082859039307 17.3781471252441 17.1949138641357 16.8961372375488 16.8409481048584 16.8324108123779 16.8318653106689 16.8488063812256 16.9316139221191 16.9416904449463 16.9460887908936 16.8188419342041 16.630334854126 16.4660682678223
16.7128391265869 16.6596603393555 16.6433200836182 16.5994052886963 16.5046138763428 16.4597187042236 16.5589981079102 16.6642761230469 16.6650295257568 16.6349906921387 16.3733978271484 16.2563762664795 16.2405223846436 16.2878189086914 16.3550872802734 16.447847366333 16.5335273742676 16.6335334777832 16.7922134399414 17.0471038818359 17.3092575073242 17.5345153808594 17.7368793487549 17.9290103912354 17.8141632080078 17.9092140197754 18.0467128753662 18.1712226867676 18.2684478759766 18.3113765716553 18.3350620269775 18.3403835296631 18.2881031036377 18.1942653656006 18.0577716827393 17.8995723724365 17.430736541748 17.243501663208 17.1761341094971 17.1258525848389 17.0938701629639 17.0910930633545 17.0715980529785 17.0101795196533 16.8770599365234 16.6659317016602 16.4383087158203
16.6398963928223 16.6036548614502 16.3185081481934 16.2648811340332 16.3913116455078 16.3456516265869 16.5946063995361 16.6174373626709 16.5721397399902 16.2360744476318 16.0963249206543 15.9530229568481 15.8850469589233 16.1124267578125 16.2782192230225 16.4043655395508 16.356897354126 16.4571361541748 16.7542724609375 17.1996822357178 17.6718578338623 17.9038124084473 18.1124496459961 18.3201885223389 18.2016258239746 18.2996845245361 18.4457550048828 18.5629005432129 18.6375465393066 18.6766738891602 18.6961898803711 18.6844654083252 18.6387977600098 18.5534152984619 18.4443759918213 18.2951107025146 17.8728981018066 17.639627456665 17.5328598022461 17.4379463195801 17.3513584136963 17.2403583526611 17.175256729126 17.0538864135742 16.9145374298096 16.685338973999 16.4107971191406
16.3475284576416 16.5053176879883 16.2450904846191 16.1570835113525 16.3569889068604 16.5086612701416 16.5516605377197 16.4593467712402 16.3235397338867 15.9681043624878 15.8390350341797 15.6391658782959 15.699649810791 15.8676767349243 16.059642791748 16.23876953125 16.4357490539551 16.6884136199951 17.0108413696289 17.3475723266602 17.8197383880615 18.2071113586426 18.4313774108887 18.6656284332275 18.6424751281738 18.6401290893555 18.7769432067871 18.8507099151611 18.8954067230225 18.914924621582 18.9059257507324 18.9070587158203 18.87180519104 18.8132038116455 18.7291851043701 18.6181545257568 18.1714744567871 17.9711952209473 17.8301277160645 17.6953811645508 17.5598239898682 17.3934097290039 17.2595367431641 17.0805263519287 16.9193305969238 16.6974067687988 16.3806743621826
16.404541015625 16.3011569976807 16.2419624328613 16.0893974304199 16.4267234802246 16.2591762542725 16.0998268127441 15.9799308776855 15.9375267028809 15.6525373458862 15.6198272705078 15.6415843963623 15.7590293884277 15.9165706634521 16.1414089202881 16.3625450134277 16.6320724487305 16.9423599243164 17.2928771972656 17.5999698638916 17.835485458374 18.2104988098145 18.7073421478271 18.942211151123 19.017728805542 18.8931522369385 18.9770774841309 19.0114555358887 19.041805267334 19.0533351898193 19.0636005401611 19.067211151123 19.046314239502 19.0103015899658 18.9419250488281 18.8610000610352 18.4333877563477 18.2478981018066 18.1127891540527 17.9398250579834 17.745964050293 17.5329360961914 17.3400402069092 17.1055660247803 16.8868618011475 16.6771926879883 16.3786067962646
16.0079936981201 15.9582719802856 15.9651288986206 16.011058807373 16.1051387786865 16.0044136047363 15.9130306243896 15.7813119888306 15.6030054092407 15.6227741241455 15.6329126358032 15.7237491607666 15.8425264358521 15.996919631958 16.2570266723633 16.5397758483887 16.8411865234375 17.1624031066895 17.5181484222412 17.7909545898438 18.0193901062012 18.2640972137451 18.6062126159668 18.8740615844727 18.9729671478271 19.0225601196289 19.0667915344238 19.0983963012695 19.128734588623 19.16184425354 19.1819305419922 19.17946434021 19.1745758056641 19.1461582183838 19.0865612030029 18.8607749938965 18.5321998596191 18.4264373779297 18.3112201690674 18.1556434631348 17.9370288848877 17.6788597106934 17.4163265228271 17.1250667572021 16.8311023712158 16.6113948822021 16.3575458526611
15.8975963592529 15.8636636734009 15.8298139572144 15.8202953338623 15.8395566940308 15.8698272705078 15.6490068435669 15.5839757919312 15.6444215774536 15.6328735351562 15.495400428772 15.5631618499756 15.7531890869141 15.8475732803345 16.1269187927246 16.5835571289062 16.9560451507568 17.3341445922852 17.6867332458496 17.9355316162109 18.1766471862793 18.4324474334717 18.7191104888916 18.9195652008057 19.0235710144043 19.0833740234375 19.1301898956299 19.1818161010742 19.2062129974365 19.2316493988037 19.2590408325195 19.2551918029785 19.1607608795166 19.0202484130859 18.8511695861816 18.7442989349365 18.6388339996338 18.5433597564697 18.4281349182129 18.298526763916 18.0871677398682 17.8169364929199 17.4896011352539 17.1349544525146 16.7743186950684 16.5322532653809 16.2893123626709
15.7348890304565 15.697904586792 15.7190313339233 15.7701778411865 15.8223314285278 15.8545598983765 15.3673210144043 15.3208627700806 15.4117546081543 15.4877271652222 15.5688953399658 15.7028722763062 15.8024454116821 15.944637298584 16.2043228149414 16.5496215820312 16.8139057159424 17.1702880859375 17.6236038208008 18.0601825714111 18.3073177337646 18.5728340148926 18.8229026794434 18.9722557067871 19.0522613525391 19.1104278564453 19.1506652832031 19.189474105835 19.2239170074463 19.2653884887695 19.1853485107422 18.9561557769775 18.9384498596191 18.9113922119141 18.873514175415 18.8162002563477 18.7210235595703 18.6149616241455 18.5023250579834 18.3684177398682 18.1727390289307 17.9259967803955 17.5593719482422 17.1330718994141 16.7085666656494 16.444242477417 16.2143230438232
15.6286926269531 15.6598329544067 15.7289667129517 15.7053070068359 15.6877288818359 15.4176254272461 15.3282766342163 15.377947807312 15.4603710174561 15.5524806976318 15.7058544158936 15.8494729995728 15.9307022094727 16.054723739624 16.3155879974365 16.6459693908691 16.9350433349609 17.2524833679199 17.5494804382324 17.8532371520996 18.2983417510986 18.6477375030518 18.8720989227295 19.0048522949219 19.0709629058838 19.1306610107422 19.1727409362793 19.1992168426514 19.1986751556396 19.0764980316162 18.9277973175049 18.9471797943115 18.9558181762695 18.928674697876 18.8993682861328 18.8341999053955 18.7505779266357 18.6344680786133 18.5263423919678 18.4005813598633 18.21848487854 17.9743347167969 17.5753135681152 17.1042442321777 16.6242160797119 16.3412570953369 16.1421508789062
15.5881900787354 15.6473302841187 15.505090713501 15.2854804992676 15.3059768676758 15.3536815643311 15.4774904251099 15.5576095581055 15.5828647613525 15.6363077163696 15.8266830444336 15.9512825012207 16.0198974609375 16.1685409545898 16.4181003570557 16.7255878448486 17.0170936584473 17.2954711914062 17.6138286590576 17.8784790039062 18.1108474731445 18.3991413116455 18.7671298980713 18.7794055938721 18.8392734527588 18.9551086425781 18.9401798248291 18.9661617279053 18.8703460693359 18.8576812744141 18.9247035980225 18.9459972381592 18.9393405914307 18.9245223999023 18.9083023071289 18.8397064208984 18.7681121826172 18.6547412872314 18.5302333831787 18.3919830322266 18.2047023773193 17.9397411346436 17.5175647735596 17.0097904205322 16.5138339996338 16.2363395690918 16.0088634490967
15.4729499816895 15.4003105163574 15.2291374206543 15.2897577285767 15.364221572876 15.5269355773926 15.6648073196411 15.6856422424316 15.7120056152344 15.7852563858032 15.917820930481 16.0364608764648 16.1213245391846 16.2948932647705 16.5219554901123 16.7570457458496 17.0481090545654 17.3356666564941 17.6651630401611 17.9286613464355 18.1718940734863 18.3632583618164 18.5565166473389 18.6655235290527 18.7151260375977 18.7561645507812 18.8025741577148 18.8305053710938 18.8329296112061 18.867259979248 18.9415855407715 18.9525699615479 18.9332504272461 18.9117755889893 18.8884468078613 18.8317070007324 18.7644309997559 18.6527805328369 18.5200977325439 18.348690032959 18.140380859375 17.8580493927002 17.3950080871582 16.865629196167 16.3949069976807 16.0932102203369 15.8454837799072
15.1376838684082 15.178936958313 15.2562856674194 15.3666820526123 15.5115528106689 15.704906463623 15.8119249343872 15.8192625045776 15.8461217880249 15.9139022827148 16.0262279510498 16.1079883575439 16.2077369689941 16.3529109954834 16.5731582641602 16.7806072235107 17.0735321044922 17.3862190246582 17.6790428161621 17.9670333862305 18.198522567749 18.3938941955566 18.5647373199463 18.6681995391846 18.7247161865234 18.7793426513672 18.8225631713867 18.8466796875 18.847677230835 18.8669967651367 18.9173450469971 18.9479923248291 18.9323329925537 18.900951385498 18.8712177276611 18.8079738616943 18.7200031280518 18.6103935241699 18.4700527191162 18.2830829620361 18.0488719940186 17.7247295379639 17.2098121643066 16.6953372955322 16.2131977081299 15.9036264419556 15.6778411865234
15.2335186004639 15.2956647872925 15.391185760498 15.5056209564209 15.6815958023071 15.8410911560059 15.94482421875 15.9181022644043 15.934232711792 16.0361518859863 16.1427383422852 16.1790428161621 16.2518692016602 16.3783359527588 16.5794124603271 16.8148593902588 17.0984783172607 17.3800849914551 17.6639270782471 17.9591636657715 18.2069969177246 18.4109287261963 18.5673980712891 18.6590194702148 18.7136001586914 18.7760391235352 18.8226146697998 18.8484439849854 18.8621921539307 18.8805618286133 18.9102516174316 18.9178218841553 18.8978729248047 18.8685321807861 18.8388385772705 18.7697105407715 18.6707229614258 18.5539722442627 18.3988132476807 18.1987457275391 17.9317188262939 17.5437965393066 16.958345413208 16.4751262664795 16.0181159973145 15.7122583389282 15.4833278656006
15.3803367614746 15.4379835128784 15.5353088378906 15.6500625610352 15.7673425674438 15.9250841140747 16.0282516479492 16.0241947174072 16.0083141326904 16.1045207977295 16.2177238464355 16.29150390625 16.3061847686768 16.4081268310547 16.6024646759033 16.8506298065186 17.089298248291 17.3326072692871 17.5971546173096 17.889274597168 18.1715049743652 18.3912124633789 18.5636692047119 18.6531257629395 18.6910381317139 18.7450122833252 18.8008670806885 18.846866607666 18.8738574981689 18.8898963928223 18.8961868286133 18.8833827972412 18.8546524047852 18.8282871246338 18.7867317199707 18.7084541320801 18.6021480560303 18.4752731323242 18.2959060668945 18.0783824920654 17.7800636291504 17.3074569702148 16.6638469696045 16.2456645965576 15.8240327835083 15.5338077545166 15.3029975891113
