Ecospace-environmental-drivers/Outputs/ASCII-for-ecospace/Temp-avg/Temp-avg_X1994.07.asc
NCOLS 131 
NROWS 53 
XLLCORNER -98 
YLLCORNER 23.9265270233154 
CELLSIZE 0.133587792515755 
NODATA_value -3.4e+38 
[rows 0 to 20 of 53, columns 47 to 93 of 131]
-3.4e+38 -3.4e+38 -3.4e+38 -3.4e+38 -3.4e+38 -3.4e+38 -3.4e+38 -3.4e+38 -3.4e+38 -3.4e+38 -3.4e+38 -3.4e+38 -3.4e+38 -3.4e+38 -3.4e+38 -3.4e+38 -3.4e+38 -3.4e+38 -3.4e+38 -3.4e+38 -3.4e+38 -3.4e+38 -3.4e+38 -3.4e+38 -3.4e+38 -3.4e+38 -3.4e+38 -3.4e+38 -3.4e+38 -3.4e+38 -3.4e+38 -3.4e+38 -3.4e+38 -3.4e+38 -3.4e+38 -3.4e+38 -3.4e+38 -3.4e+38 -3.4e+38 -3.4e+38 -3.4e+38 -3.4e+38 -3.4e+38 -3.4e+38 -3.4e+38 -3.4e+38 -3.4e+38
-3.4e+38 -3.4e+38 -3.4e+38 -3.4e+38 -3.4e+38 -3.4e+38 -3.4e+38 -3.4e+38 -3.4e+38 -3.4e+38 -3.4e+38 -3.4e+38 -3.4e+38 -3.4e+38 -3.4e+38 -3.4e+38 -3.4e+38 -3.4e+38 -3.4e+38 -3.4e+38 -3.4e+38 -3.4e+38 -3.4e+38 -3.4e+38 -3.4e+38 -3.4e+38 -3.4e+38 -3.4e+38 -3.4e+38 -3.4e+38 -3.4e+38 -3.4e+38 -3.4e+38 -3.4e+38 -3.4e+38 -3.4e+38 -3.4e+38 -3.4e+38 -3.4e+38 -3.4e+38 -3.4e+38 -3.4e+38 -3.4e+38 -3.4e+38 -3.4e+38 -3.4e+38 -3.4e+38
-3.4e+38 -3.4e+38 -3.4e+38 -3.4e+38 -3.4e+38 -3.4e+38 -3.4e+38 -3.4e+38 -3.4e+38 -3.4e+38 -3.4e+38 -3.4e+38 -3.4e+38 -3.4e+38 -3.4e+38 -3.4e+38 -3.4e+38 -3.4e+38 -3.4e+38 -3.4e+38 -3.4e+38 -3.4e+38 -3.4e+38 -3.4e+38 -3.4e+38 -3.4e+38 -3.4e+38 31.1419048309326 31.1451377868652 -3.4e+38 -3.4e+38 -3.4e+38 -3.4e+38 -3.4e+38 -3.4e+38 -3.4e+38 -3.4e+38 -3.4e+38 -3.4e+38 -3.4e+38 -3.4e+38 -3.4e+38 -3.4e+38 -3.4e+38 -3.4e+38 -3.4e+38 -3.4e+38
-3.4e+38 -3.4e+38 -3.4e+38 -3.4e+38 -3.4e+38 -3.4e+38 -3.4e+38 -3.4e+38 -3.4e+38 -3.4e+38 -3.4e+38 -3.4e+38 -3.4e+38 -3.4e+38 -3.4e+38 -3.4e+38 -3.4e+38 -3.4e+38 -3.4e+38 -3.4e+38 -3.4e+38 -3.4e+38 -3.4e+38 -3.4e+38 -3.4e+38 -3.4e+38 -3.4e+38 31.0938320159912 31.0379581451416 -3.4e+38 -3.4e+38 -3.4e+38 -3.4e+38 -3.4e+38 -3.4e+38 -3.4e+38 -3.4e+38 -3.4e+38 -3.4e+38 -3.4e+38 -3.4e+38 -3.4e+38 -3.4e+38 -3.4e+38 -3.4e+38 -3.4e+38 -3.4e+38
-3.4e+38 -3.4e+38 -3.4e+38 -3.4e+38 -3.4e+38 -3.4e+38 -3.4e+38 -3.4e+38 -3.4e+38 32.1807861328125 32.1807861328125 32.1808815002441 32.147533416748 -3.4e+38 -3.4e+38 -3.4e+38 -3.4e+38 -3.4e+38 31.7383613586426 31.6413803100586 31.5533294677734 31.483959197998 31.3747749328613 31.4093647003174 31.3314895629883 31.311351776123 31.1975078582764 31.0325527191162 31.1288108825684 31.4537010192871 -3.4e+38 -3.4e+38 28.646577835083 28.5528450012207 29.0378284454346 28.2231750488281 27.9585094451904 28.8081684112549 29.033374786377 28.6967067718506 29.0871486663818 29.053768157959 -3.4e+38 -3.4e+38 -3.4e+38 -3.4e+38 -3.4e+38
-3.4e+38 -3.4e+38 -3.4e+38 -3.4e+38 -3.4e+38 -3.4e+38 -3.4e+38 -3.4e+38 32.1807861328125 32.1807861328125 32.1807861328125 32.1807861328125 32.1809730529785 32.1440849304199 32.0842933654785 -3.4e+38 32.0123062133789 31.9686470031738 31.7577037811279 31.58571434021 31.3965740203857 31.1936302185059 31.0968837738037 30.9417533874512 30.8816432952881 30.7605838775635 30.6486911773682 30.7642955780029 31.0477237701416 31.3769931793213 29.1987762451172 28.8496379852295 28.8247089385986 28.2653884887695 28.0834522247314 27.7716655731201 28.0000953674316 28.1628570556641 28.2913093566895 28.4675350189209 28.6600093841553 29.0404396057129 29.4274730682373 29.7993698120117 -3.4e+38 -3.4e+38 -3.4e+38
-3.4e+38 -3.4e+38 -3.4e+38 -3.4e+38 -3.4e+38 -3.4e+38 -3.4e+38 -3.4e+38 32.1800384521484 32.1807861328125 32.1807861328125 32.1807861328125 32.1807861328125 32.1811599731445 32.1301040649414 32.0842933654785 32.0451278686523 31.9511528015137 31.7516040802002 31.6516170501709 30.8327598571777 29.8786678314209 28.7028980255127 28.4783306121826 28.5749340057373 28.3917369842529 28.1636829376221 28.3912124633789 28.4704666137695 28.4405212402344 28.2742462158203 27.8862228393555 27.9075660705566 27.8352546691895 27.8029823303223 27.2186679840088 26.6804752349854 27.1051273345947 27.5280132293701 27.6523933410645 27.8090267181396 28.2911396026611 28.7764701843262 29.1622638702393 29.5666332244873 29.5969276428223 -3.4e+38
-3.4e+38 -3.4e+38 -3.4e+38 -3.4e+38 -3.4e+38 -3.4e+38 -3.4e+38 -3.4e+38 -3.4e+38 -3.4e+38 32.1807861328125 32.1807861328125 32.1807861328125 -3.4e+38 32.1815376281738 32.0737991333008 32.029483795166 31.9912738800049 31.879903793335 31.6836109161377 31.2132816314697 30.7437362670898 28.4372062683105 27.5588035583496 27.4124240875244 27.4413909912109 27.5450878143311 27.7937641143799 27.8938732147217 27.7566928863525 27.7138957977295 27.789155960083 27.8976154327393 27.5062046051025 26.723934173584 25.1103439331055 24.8587646484375 25.3383274078369 26.146333694458 26.4739513397217 26.7910575866699 27.485803604126 28.2862567901611 28.6453380584717 29.0432548522949 29.5924110412598 30.1854114532471
-3.4e+38 -3.4e+38 -3.4e+38 -3.4e+38 -3.4e+38 -3.4e+38 -3.4e+38 -3.4e+38 -3.4e+38 -3.4e+38 -3.4e+38 -3.4e+38 -3.4e+38 -3.4e+38 32.1588897705078 32.0404243469238 32.0209465026855 32.0060119628906 31.8646602630615 31.7156810760498 31.4379043579102 31.0120239257812 28.2855663299561 27.227991104126 26.760103225708 26.9578437805176 27.3089923858643 27.5311260223389 27.633768081665 27.661584854126 27.6289806365967 27.583776473999 27.467809677124 26.118537902832 24.8651676177979 24.3789749145508 24.4790077209473 24.9192867279053 25.2985591888428 25.8293151855469 26.1611232757568 26.8137989044189 27.5453491210938 27.998348236084 28.5258159637451 29.006856918335 29.7566967010498
32.472282409668 -3.4e+38 -3.4e+38 -3.4e+38 -3.4e+38 -3.4e+38 -3.4e+38 -3.4e+38 -3.4e+38 -3.4e+38 32.1853332519531 32.1605529785156 -3.4e+38 -3.4e+38 -3.4e+38 31.986421585083 31.9829273223877 32.022705078125 31.896915435791 31.6768989562988 31.4222602844238 29.9760284423828 27.6601753234863 26.8866901397705 26.6368865966797 27.1424465179443 27.5860290527344 27.8560314178467 27.899055480957 27.7885723114014 27.6682834625244 27.3077182769775 26.4222965240479 24.6313743591309 24.2523288726807 24.3768272399902 24.5375843048096 24.5731468200684 24.7479114532471 25.0635509490967 25.6933498382568 26.687370300293 27.116174697876 27.5901184082031 28.2625465393066 28.7466335296631 29.2198047637939
32.317684173584 32.3029174804688 -3.4e+38 -3.4e+38 -3.4e+38 -3.4e+38 -3.4e+38 -3.4e+38 -3.4e+38 -3.4e+38 32.1965484619141 32.1494979858398 32.1403198242188 -3.4e+38 -3.4e+38 31.8440570831299 31.9058132171631 32.0460205078125 31.7788105010986 31.2405338287354 30.2698783874512 28.0518131256104 27.1219539642334 26.8686847686768 26.9362506866455 27.5528316497803 27.9950923919678 27.9714260101318 28.1563262939453 28.0708808898926 27.692964553833 26.8872814178467 25.9271354675293 23.9443187713623 23.6635131835938 23.8012962341309 24.0500812530518 24.1271018981934 24.3477401733398 24.5555095672607 25.0761203765869 25.9237728118896 26.672908782959 27.4400672912598 28.1734771728516 28.687126159668 29.0329895019531
32.2356796264648 32.2291526794434 32.3205680847168 32.3734169006348 -3.4e+38 -3.4e+38 -3.4e+38 -3.4e+38 -3.4e+38 -3.4e+38 -3.4e+38 32.1416282653809 32.1001358032227 32.1403198242188 31.8239345550537 31.7491397857666 31.9688415527344 31.8703899383545 30.8126640319824 29.2745265960693 27.5324001312256 26.8379459381104 27.0371379852295 26.7925300598145 27.0267505645752 27.4080066680908 27.7341251373291 27.7849826812744 27.5641460418701 27.3383522033691 26.9681015014648 25.9722785949707 23.7811164855957 22.8241291046143 22.4319458007812 22.2936573028564 22.6460247039795 23.3089694976807 23.7922534942627 24.1278133392334 24.4461688995361 25.0435848236084 26.1532459259033 27.0886363983154 27.9290676116943 28.7468128204346 28.9633941650391
31.9191074371338 32.1721534729004 32.3298263549805 32.469856262207 -3.4e+38 -3.4e+38 -3.4e+38 -3.4e+38 32.2645378112793 32.2751197814941 32.156681060791 31.9197082519531 32.1265754699707 32.0335159301758 31.2778453826904 30.8422222137451 31.2400875091553 30.976432800293 29.8612728118896 27.6513118743896 25.9609889984131 26.1269054412842 26.3792247772217 26.8938007354736 27.1557025909424 27.2005577087402 26.8153266906738 26.1540622711182 25.8803730010986 25.482982635498 24.0968761444092 22.5473728179932 21.5945243835449 21.5855979919434 21.421329498291 21.2509651184082 22.2830467224121 22.6368713378906 23.1665706634521 23.6479568481445 24.0011825561523 24.3045883178711 25.0059566497803 25.9729461669922 26.5970077514648 27.1958713531494 27.5907249450684
31.5548534393311 31.6275997161865 31.7965869903564 32.0635185241699 32.2660827636719 32.1699714660645 32.1743202209473 32.2002182006836 32.1848030090332 32.1254081726074 32.0753898620605 32.0770606994629 31.1628303527832 30.3138065338135 29.5874061584473 30.1985321044922 31.17848777771 31.2478370666504 30.0816097259521 27.7374019622803 25.8466739654541 25.4852657318115 26.2726421356201 26.2431411743164 25.3110675811768 24.9487323760986 24.1261463165283 23.1299285888672 22.2120838165283 21.1473999023438 20.1486797332764 19.6845035552979 19.731689453125 20.4625949859619 20.7261180877686 21.2323036193848 22.0624961853027 22.5581016540527 23.0153713226318 23.3461952209473 23.7038879394531 23.9267692565918 24.1495628356934 24.4568099975586 25.0823783874512 25.62424659729 26.318452835083
31.3224029541016 31.3154125213623 31.4756393432617 31.8516712188721 32.0747985839844 32.0533409118652 32.1319198608398 32.1201324462891 32.0004081726074 31.784122467041 31.4357891082764 30.2371597290039 29.3036861419678 28.6414527893066 28.2377243041992 28.5267200469971 29.2643642425537 31.463228225708 30.7240085601807 28.6471729278564 25.4703903198242 25.0814971923828 25.0911464691162 23.7834873199463 22.7575607299805 22.0093231201172 20.6294994354248 19.9401874542236 19.5201530456543 19.1419353485107 19.0267028808594 19.0111560821533 19.2154865264893 19.8103504180908 20.4961357116699 21.4127902984619 21.9872646331787 22.6196708679199 22.7761211395264 23.1847362518311 23.5427665710449 23.8354225158691 23.9653816223145 24.1045589447021 24.3586292266846 24.709285736084 25.8140659332275
29.8347148895264 30.1485176086426 30.7222728729248 31.2870693206787 31.4172019958496 31.3659706115723 31.3474063873291 31.2288112640381 30.8635730743408 30.1082210540771 29.5304336547852 28.9554576873779 28.4435291290283 27.8812103271484 27.2308444976807 26.985876083374 27.4333686828613 28.5139179229736 26.5938816070557 26.0911674499512 24.8524780273438 23.6831359863281 22.9324035644531 22.0725479125977 20.8952598571777 19.9991264343262 19.5892906188965 19.1073055267334 18.9102001190186 18.8140830993652 18.7655639648438 18.7625465393066 19.1300220489502 19.8323745727539 20.7228546142578 21.5788974761963 22.1103076934814 22.5061874389648 22.7141056060791 23.1109199523926 23.5002841949463 23.6213932037354 23.8171997070312 23.9919662475586 24.2568912506104 24.3442916870117 24.8643379211426
29.085376739502 29.1775913238525 29.5134906768799 30.2259674072266 30.6712684631348 30.6427555084229 30.2690315246582 29.8424663543701 29.4641513824463 29.1981735229492 28.8625526428223 28.2676734924316 27.7273368835449 27.1429958343506 26.6720542907715 26.4109649658203 26.2927398681641 26.0154209136963 25.1327495574951 24.0311069488525 22.6054515838623 21.3048362731934 20.6373195648193 20.1723537445068 19.64577293396 19.3774375915527 19.2085475921631 18.8967571258545 18.754997253418 18.6148300170898 18.4835224151611 18.78271484375 19.3112392425537 19.8983192443848 20.6945495605469 21.4612483978271 22.1425704956055 22.4780673980713 22.8517932891846 23.0665111541748 23.380428314209 23.6440448760986 23.8045024871826 23.8782920837402 24.0356559753418 24.3518543243408 24.541088104248
28.4140472412109 28.4776802062988 28.7551250457764 28.9726390838623 29.2528495788574 29.3506450653076 29.2597255706787 29.075647354126 28.9831676483154 28.7481269836426 28.2795085906982 27.0717029571533 25.4398136138916 24.6311073303223 25.1566200256348 25.8525390625 25.7596111297607 25.3360900878906 24.6606636047363 22.7094974517822 20.87766456604 19.8320541381836 19.6341495513916 19.2234706878662 19.0246734619141 18.8971557617188 18.911901473999 18.7405090332031 18.5102672576904 18.5249996185303 18.528881072998 18.8719348907471 19.3708343505859 19.8951454162598 20.5932350158691 21.3786277770996 21.9605197906494 22.4815692901611 22.8082809448242 22.942928314209 23.3041610717773 23.6881923675537 23.7478046417236 23.9092979431152 24.0713024139404 24.209415435791 24.4440402984619
27.2979030609131 27.516040802002 27.7001972198486 27.9453601837158 28.0973987579346 28.113410949707 28.3115882873535 28.2245788574219 28.0102996826172 27.711181640625 27.4669990539551 26.90602684021 25.7008438110352 23.206880569458 22.3829860687256 23.0126419067383 23.3533744812012 23.7196044921875 23.1312942504883 21.9041175842285 20.7307186126709 19.773193359375 19.2343921661377 18.9702472686768 18.8466358184814 18.8408794403076 18.5234031677246 18.5472068786621 18.5561695098877 18.5783538818359 18.476734161377 18.6860160827637 19.2358531951904 19.8012008666992 20.3047199249268 21.1554355621338 21.6716594696045 22.1776638031006 22.5455856323242 22.8346710205078 23.0213756561279 23.2174263000488 23.5736465454102 23.6843299865723 23.9042167663574 24.102725982666 24.3282470703125
26.769063949585 26.7252502441406 26.8499698638916 26.9176769256592 27.1820030212402 27.3770999908447 27.3483982086182 27.3551044464111 27.3074283599854 27.2916164398193 27.07057762146 26.7483711242676 26.1387481689453 24.1603832244873 22.4540233612061 21.0764122009277 21.0659675598145 21.4759922027588 21.4987258911133 20.7953052520752 19.6212329864502 19.354772567749 19.0901641845703 18.8468322753906 18.7998523712158 18.7759609222412 18.4850749969482 18.526123046875 18.5565319061279 18.5762386322021 18.3012981414795 18.2918224334717 18.7993640899658 19.4257946014404 19.9213027954102 20.530387878418 21.05491065979 21.6019344329834 22.1114635467529 22.3796653747559 22.5872554779053 22.8940773010254 23.0720901489258 23.2720546722412 23.4817085266113 23.78147315979 24.0656070709229
26.7643222808838 26.5868835449219 26.5631694793701 26.6182613372803 26.6460723876953 26.6273403167725 26.6117115020752 26.6323852539062 26.6718635559082 26.6995086669922 26.2570571899414 25.9896697998047 25.236780166626 24.0285568237305 22.2076396942139 20.5323467254639 19.9530792236328 20.1058959960938 20.3374881744385 19.6251697540283 19.3873729705811 19.0089168548584 18.6956939697266 18.7063827514648 18.7329845428467 18.6572265625 18.4217052459717 18.4590244293213 18.4959144592285 18.5334777832031 18.269380569458 18.1928367614746 18.2283306121826 18.4629764556885 18.9756851196289 19.4091033935547 19.7923908233643 20.4890937805176 21.2195205688477 21.6530361175537 21.9188232421875 22.2556762695312 22.4508991241455 22.6855297088623 22.7467002868652 23.1628932952881 23.4390811920166
