Ecospace-environmental-drivers/Outputs/ASCII-for-ecospace/Temp-avg/Temp-avg_X2004.09.asc
NCOLS 131 
NROWS 53 
XLLCORNER -98 
YLLCORNER 23.9265270233154 
CELLSIZE 0.133587792515755 
NODATA_value -3.4e+38 
[rows 21 to 41 of 53, columns 47 to 93 of 131]
26.6561508178711 26.344762802124 26.2997035980225 26.3194160461426 26.3802299499512 26.5364379882812 26.2827091217041 26.2499904632568 26.2670955657959 25.7653541564941 25.0109939575195 24.7763042449951 24.0478172302246 22.9624423980713 22.3902702331543 21.5855140686035 20.6236457824707 20.5580291748047 20.8371047973633 20.6994495391846 20.2471580505371 19.8495998382568 19.5801944732666 19.4182281494141 18.9593982696533 18.5217342376709 18.3072986602783 18.1635456085205 17.9623928070068 17.637186050415 17.6537094116211 17.7194995880127 17.7397766113281 17.8546943664551 18.0195598602295 18.1450824737549 18.3177242279053 18.690486907959 19.6812038421631 20.314380645752 20.5482330322266 20.6671085357666 20.9178524017334 21.2371883392334 21.6268138885498 22.0374946594238 22.5276775360107
25.727954864502 25.4681587219238 25.4380836486816 25.47243309021 25.6513919830322 25.4318828582764 24.5402374267578 24.8906650543213 24.3788223266602 23.4784889221191 23.0652523040771 22.8155136108398 22.7104682922363 22.2377624511719 21.824556350708 21.8300914764404 20.9855766296387 20.9747219085693 20.7373085021973 20.8227138519287 20.6488590240479 20.2131500244141 20.0269603729248 19.5767078399658 19.3380031585693 19.1545906066895 18.9438819885254 18.7275657653809 18.3450317382812 18.0730819702148 18.0209808349609 18.0293502807617 18.064359664917 18.0710010528564 18.1424770355225 18.2354106903076 18.3131637573242 18.3436393737793 18.3698616027832 18.6844787597656 19.0948600769043 19.3151702880859 19.6009902954102 20.1784820556641 20.6890258789062 21.1555976867676 21.7223834991455
24.3129215240479 24.1643657684326 24.4232215881348 23.8466243743896 23.4056854248047 22.9276733398438 23.060245513916 22.5405616760254 21.9507312774658 21.710916519165 21.7807025909424 22.2318553924561 21.8767356872559 21.6637725830078 21.254997253418 21.2862339019775 21.2781066894531 21.0715236663818 20.9963874816895 21.0352802276611 21.0484085083008 20.6832427978516 20.4376010894775 19.9212837219238 19.7878150939941 19.6476039886475 19.5171680450439 19.314395904541 18.7745704650879 18.574728012085 18.5053100585938 18.4687519073486 18.4548320770264 18.4331874847412 18.3584842681885 18.3730010986328 18.453239440918 18.4252510070801 18.1219825744629 18.0707397460938 18.0392055511475 17.971155166626 18.168529510498 18.7489242553711 19.4951305389404 20.388053894043 20.9745082855225
22.3437767028809 22.3895206451416 21.9419498443604 22.1506080627441 21.9500541687012 21.7215061187744 21.2801094055176 21.0502529144287 20.6883087158203 21.1093273162842 21.2008686065674 21.5919322967529 21.197473526001 21.1958656311035 21.3013515472412 21.4278564453125 21.2723941802979 21.2985420227051 21.2664833068848 21.0488262176514 20.9554996490479 20.8784313201904 20.8169956207275 20.4467220306396 20.2183856964111 20.0600547790527 19.6685199737549 19.4948196411133 19.3675403594971 19.19508934021 19.0362586975098 18.9232120513916 18.85986328125 18.8144779205322 18.4932556152344 18.3548927307129 18.3179397583008 18.3504486083984 18.2676315307617 18.1878623962402 18.1122150421143 18.0306987762451 17.8676815032959 17.7655067443848 18.2133140563965 19.1665802001953 20.1643657684326
21.330717086792 21.0739917755127 20.9077033996582 20.6787090301514 20.4224796295166 20.8635063171387 20.3023262023926 20.6347198486328 20.4351673126221 20.5775127410889 20.6551837921143 20.8591041564941 21.0947589874268 21.3405284881592 21.5736274719238 21.4283447265625 21.1384716033936 21.175895690918 21.1610088348389 21.0280494689941 21.037036895752 21.0627975463867 21.0755844116211 21.0406513214111 20.5949401855469 20.46799659729 20.296703338623 19.8695201873779 19.7439994812012 19.6595478057861 19.4903888702393 19.3474349975586 19.2393932342529 19.0618762969971 18.6623973846436 18.5880241394043 18.5472393035889 18.5321311950684 18.4635696411133 18.3358345031738 18.2285442352295 18.1476898193359 18.0086250305176 17.7832012176514 17.6050338745117 18.0412998199463 19.1986331939697
20.3980522155762 20.4191417694092 20.3295879364014 19.7756519317627 19.8738269805908 20.1372032165527 20.250919342041 20.1180095672607 20.4420871734619 20.452995300293 20.717586517334 20.8707599639893 21.2793521881104 21.2683391571045 21.2259979248047 21.028341293335 21.061071395874 21.120397567749 21.1422061920166 21.1447277069092 21.1574287414551 21.1790409088135 20.8417377471924 20.7679004669189 20.7294979095459 20.6935482025146 20.642276763916 20.2669715881348 20.0248374938965 19.9492835998535 19.8539352416992 19.7120456695557 19.577449798584 19.2114181518555 18.9399185180664 18.8477993011475 18.7909812927246 18.7364158630371 18.6242389678955 18.4690361022949 18.3617286682129 18.2520046234131 18.1151866912842 17.8973255157471 17.6652793884277 17.6333599090576 18.4158058166504
19.990592956543 19.9632129669189 19.6923637390137 19.3750953674316 19.5280227661133 19.7001705169678 19.7398090362549 20.0509338378906 20.1975936889648 20.1277942657471 20.3252544403076 20.6255054473877 20.9212989807129 21.0297985076904 20.8138866424561 20.8315830230713 20.693868637085 20.739086151123 20.9366931915283 21.0421562194824 21.2174873352051 20.832483291626 20.744421005249 20.7322692871094 20.728609085083 20.7378044128418 20.7362594604492 20.3391437530518 20.2061386108398 20.1283226013184 20.0669651031494 19.9706726074219 19.8285484313965 19.7080631256104 19.4445934295654 19.0701065063477 18.9863376617432 18.8863754272461 18.7601528167725 18.615514755249 18.5090522766113 18.3593692779541 18.2040500640869 17.9828186035156 17.7534408569336 17.6805114746094 17.9717330932617
19.8134059906006 19.5016002655029 19.2172622680664 19.3478851318359 19.4307498931885 19.2455291748047 19.3410015106201 19.6924934387207 19.8385066986084 20.1425132751465 20.2641315460205 20.2835083007812 20.3204536437988 20.4903163909912 20.5626335144043 20.6831607818604 20.7743282318115 20.8363723754883 20.8487739562988 20.8363590240479 20.8140602111816 20.8107624053955 20.8018932342529 20.7908515930176 20.7208633422852 20.4888515472412 20.3289356231689 20.3243885040283 20.2991962432861 20.2447738647461 20.1710662841797 20.1206531524658 19.9907760620117 19.8327865600586 19.6070652008057 19.4562339782715 19.1244926452637 19.001781463623 18.8854064941406 18.7523517608643 18.6445198059082 18.4615783691406 18.2736186981201 18.0460815429688 17.843900680542 17.7422466278076 17.7723178863525
19.4039268493652 19.2788562774658 19.1826019287109 19.1303615570068 19.1487674713135 19.1576156616211 19.1183204650879 19.227144241333 19.4513912200928 19.6799430847168 19.6359920501709 19.8519344329834 20.1704273223877 20.4073143005371 20.6071109771729 20.7422828674316 20.8407154083252 20.9124412536621 20.942268371582 20.9360542297363 20.9292144775391 20.9437942504883 20.9593868255615 20.9450759887695 20.5392684936523 20.4188175201416 20.3835601806641 20.3774604797363 20.36989402771 20.3229598999023 20.2557315826416 20.2064018249512 20.0802726745605 19.9021968841553 19.7734508514404 19.6620082855225 19.2393455505371 19.0538120269775 18.9293518066406 18.8625106811523 18.7264976501465 18.5337829589844 18.3329677581787 18.1233596801758 17.9377002716064 17.8369522094727 17.827278137207
19.3395404815674 19.2181930541992 18.83935546875 18.8140869140625 19.0758247375488 18.9993267059326 19.1175861358643 19.2170143127441 19.4548816680908 19.3661422729492 19.5540828704834 19.7834720611572 19.9418144226074 20.2968692779541 20.5158443450928 20.6699619293213 20.5720539093018 20.5625057220459 20.630443572998 20.8402843475342 21.1160850524902 21.1345176696777 21.1301136016846 21.0922527313232 20.6556873321533 20.5176029205322 20.4606838226318 20.4190864562988 20.4051609039307 20.3901538848877 20.3193836212158 20.2376155853271 20.1139068603516 19.9158821105957 19.7802562713623 19.6757869720459 19.2870349884033 19.0193958282471 18.9339141845703 18.8882808685303 18.7454986572266 18.5731296539307 18.3824062347412 18.1949348449707 18.041166305542 17.9579544067383 17.9259872436523
19.0582942962646 19.2509059906006 18.9672870635986 18.8756942749023 19.0860004425049 19.1400527954102 19.204647064209 19.2739219665527 19.4356384277344 19.2726078033447 19.4261131286621 19.5396022796631 19.7906551361084 20.0273399353027 20.2490196228027 20.4234218597412 20.5580139160156 20.6516284942627 20.709810256958 20.7671585083008 21.0440311431885 21.250373840332 21.2335090637207 21.1844997406006 20.8745307922363 20.608118057251 20.5375289916992 20.4578094482422 20.4186019897461 20.3898677825928 20.305118560791 20.2117195129395 20.0985279083252 19.9087581634521 19.759126663208 19.6446990966797 19.173755645752 18.9538974761963 18.9022903442383 18.822509765625 18.7101974487305 18.5733318328857 18.4216270446777 18.2627410888672 18.1371421813965 18.0711860656738 18.0240612030029
19.3969745635986 19.3336353302002 19.2399406433105 18.912504196167 19.2087802886963 18.9991493225098 18.9424343109131 18.9754734039307 19.0869731903076 18.9892578125 19.2325687408447 19.5534362792969 19.8092288970947 20.0509033203125 20.2604465484619 20.4436054229736 20.5958633422852 20.6995868682861 20.777795791626 20.847635269165 20.871114730835 21.013765335083 21.2764472961426 21.2179584503174 21.0236968994141 20.6494140625 20.5740756988525 20.4755363464355 20.3860282897949 20.3373699188232 20.2559375762939 20.1632537841797 20.055606842041 19.8621711730957 19.705810546875 19.5646228790283 19.0540237426758 18.8600234985352 18.8170127868652 18.722526550293 18.6408271789551 18.5498828887939 18.4304065704346 18.3043956756592 18.2188682556152 18.1879425048828 18.1228733062744
19.2498474121094 19.1102352142334 19.0302124023438 19.0212860107422 19.1041927337646 19.0399303436279 19.0602626800537 18.8594150543213 18.7072925567627 18.9568042755127 19.2632884979248 19.5366687774658 19.7954483032227 20.0215702056885 20.2340202331543 20.4158611297607 20.5754776000977 20.7184467315674 20.8058967590332 20.8642768859863 20.8867111206055 20.8728370666504 20.9089317321777 20.8744201660156 20.7429828643799 20.6445484161377 20.5596828460693 20.4479446411133 20.3301734924316 20.2584552764893 20.1763248443604 20.0666980743408 19.9403247833252 19.7611255645752 19.5939159393311 19.2625713348389 18.8483219146729 18.7540092468262 18.6980819702148 18.6348171234131 18.54931640625 18.439582824707 18.3357715606689 18.2762775421143 18.2414817810059 18.1788005828857 18.10129737854
19.371337890625 19.2841281890869 19.2362842559814 19.2120265960693 19.214111328125 19.2374057769775 18.9321002960205 18.6809940338135 18.7551689147949 18.946834564209 18.9874095916748 19.1104507446289 19.4630680084229 19.6099033355713 19.8199138641357 20.1662635803223 20.4371948242188 20.6504917144775 20.7505836486816 20.8044300079346 20.8270320892334 20.827672958374 20.7877349853516 20.7365798950195 20.6689682006836 20.5698089599609 20.486083984375 20.3825359344482 20.2426509857178 20.1576766967773 20.0477638244629 19.8926830291748 19.6782398223877 19.3791198730469 19.0775375366211 18.8696098327637 18.7067718505859 18.6506309509277 18.5930805206299 18.4982452392578 18.3920040130615 18.3088836669922 18.2435073852539 18.184139251709 18.1363010406494 18.0590362548828 17.9890480041504
19.5955963134766 19.5216121673584 19.4196491241455 19.3731651306152 19.3661270141602 19.367488861084 18.6873188018799 18.4417190551758 18.4608173370361 18.6721363067627 18.872594833374 19.0801830291748 19.2800102233887 19.4698696136475 19.6287746429443 19.8030014038086 19.9709320068359 20.1266231536865 20.3744735717773 20.6623802185059 20.6904888153076 20.6969795227051 20.6677398681641 20.6253852844238 20.5357723236084 20.435962677002 20.3442783355713 20.2177658081055 20.0952949523926 20.0159606933594 19.75510597229 19.3383483886719 19.1771640777588 18.9967994689941 18.8244094848633 18.6747531890869 18.5830459594727 18.5161437988281 18.4187297821045 18.3213634490967 18.2343807220459 18.151876449585 18.0781650543213 18.0042114257812 17.9161815643311 17.8611831665039 17.8184070587158
19.7685375213623 19.7028121948242 19.6107349395752 19.4271297454834 19.2853565216064 18.8867015838623 18.6833782196045 18.5020179748535 18.5224056243896 18.6832523345947 18.8479232788086 19.0365295410156 19.1885433197021 19.3511123657227 19.5134696960449 19.6672496795654 19.7928886413574 19.9066925048828 19.973876953125 20.0887565612793 20.3347320556641 20.4654884338379 20.4455032348633 20.395112991333 20.3193092346191 20.2327270507812 20.1369972229004 20.0039806365967 19.8548374176025 19.5796718597412 19.2229137420654 19.0492324829102 18.8980388641357 18.7340831756592 18.5773124694824 18.4561939239502 18.3778095245361 18.2981586456299 18.223762512207 18.1299438476562 18.0280723571777 17.9402694702148 17.846248626709 17.7464408874512 17.6865501403809 17.6355781555176 17.6638927459717
19.937894821167 19.8413848876953 19.4377422332764 18.9837017059326 18.8969497680664 18.8649673461914 18.7557563781738 18.581880569458 18.5999069213867 18.7014961242676 18.844051361084 18.9909191131592 19.1231956481934 19.2460193634033 19.3712024688721 19.48952293396 19.5970401763916 19.6800956726074 19.7418518066406 19.7733116149902 19.7787303924561 19.8580741882324 19.9933586120605 19.8180351257324 19.7472705841064 19.7273063659668 19.5484600067139 19.4114837646484 19.2070751190186 19.0285263061523 18.8681488037109 18.7426986694336 18.6165313720703 18.4444484710693 18.3166790008545 18.2535591125488 18.1596145629883 18.0432395935059 17.9273700714111 17.8217144012451 17.7383937835693 17.6540699005127 17.5779647827148 17.5482864379883 17.5276794433594 17.5524253845215 17.6921291351318
19.9145431518555 19.609354019165 19.1655025482178 19.0641326904297 19.0274772644043 18.9886665344238 18.8242015838623 18.6563377380371 18.635274887085 18.7227115631104 18.840124130249 18.9616298675537 19.0616340637207 19.1423091888428 19.2098140716553 19.3195152282715 19.4083213806152 19.4700107574463 19.4997425079346 19.5105209350586 19.486198425293 19.44118309021 19.3884048461914 19.3273887634277 19.2392406463623 19.1361122131348 19.0173149108887 18.8948631286621 18.7809047698975 18.6634120941162 18.5469074249268 18.4309520721436 18.2856769561768 18.1514549255371 18.0525283813477 17.9269390106201 17.7972888946533 17.682165145874 17.576587677002 17.4823684692383 17.4219245910645 17.3826808929443 17.3781509399414 17.4137802124023 17.5027294158936 17.6569232940674 17.840368270874
19.5191326141357 19.3736724853516 19.2824573516846 19.1965351104736 19.1382179260254 19.0835590362549 18.8974895477295 18.7047157287598 18.6848793029785 18.7662200927734 18.8517150878906 18.9348545074463 19.0054779052734 19.0861797332764 19.1476726531982 19.2129898071289 19.2625274658203 19.3003005981445 19.307165145874 19.2954196929932 19.2415103912354 19.1737594604492 19.0840511322021 18.9790019989014 18.8738403320312 18.7537269592285 18.6338939666748 18.5324420928955 18.4377689361572 18.3308792114258 18.2165470123291 18.1002235412598 17.9712142944336 17.8314971923828 17.689380645752 17.5478782653809 17.4420280456543 17.3526935577393 17.2798519134521 17.2231254577637 17.1881065368652 17.1926975250244 17.2769317626953 17.4130573272705 17.6303730010986 17.8734531402588 18.082878112793
19.56494140625 19.4981136322021 19.4025421142578 19.3066234588623 19.2156314849854 19.159049987793 18.9599742889404 18.7714691162109 18.7541255950928 18.8207855224609 18.8679046630859 18.9120349884033 18.9719409942627 19.0422954559326 19.1020832061768 19.1294021606445 19.1272678375244 19.1429119110107 19.1130676269531 19.0669078826904 19.0205688476562 18.9230556488037 18.8239841461182 18.7001495361328 18.5662059783936 18.4383544921875 18.3259239196777 18.2443943023682 18.1569137573242 18.0289306640625 17.8935947418213 17.7754917144775 17.662202835083 17.5250053405762 17.3942928314209 17.2893142700195 17.2309551239014 17.1596450805664 17.0497722625732 16.9964485168457 17.0249519348145 17.1330890655518 17.3029518127441 17.5528831481934 17.8624210357666 18.1226539611816 18.3252582550049
19.6171588897705 19.5606899261475 19.4704914093018 19.3483428955078 19.2486152648926 19.1969776153564 19.0077419281006 18.8692817687988 18.8289375305176 18.8565196990967 18.8805923461914 18.8881340026855 18.9274044036865 18.9660129547119 18.9885292053223 18.9964122772217 19.0046577453613 18.9855556488037 18.9139747619629 18.8538246154785 18.7815189361572 18.7083301544189 18.5963439941406 18.4641647338867 18.3476524353027 18.2557258605957 18.1426162719727 17.9912185668945 17.8573608398438 17.7446842193604 17.6305522918701 17.5396041870117 17.4269161224365 17.2870750427246 17.1656131744385 17.1179981231689 17.0907535552979 17.0292339324951 16.9419021606445 16.9113864898682 16.9701671600342 17.1506786346436 17.4225177764893 17.7791004180908 18.1095390319824 18.3768043518066 18.585657119751
