Ecospace-environmental-drivers/Outputs/ASCII-for-ecospace/Temp-avg/Temp-avg_X1995.10.asc
NCOLS 131 
NROWS 53 
XLLCORNER -98 
YLLCORNER 23.9265270233154 
CELLSIZE 0.133587792515755 
NODATA_value -3.4e+38 
[rows 21 to 41 of 53, columns 0 to 46 of 131]
-3.4e+38 -3.4e+38 -3.4e+38 -3.4e+38 -3.4e+38 -3.4e+38 25.7587909698486 25.6830520629883 25.7141895294189 25.4993515014648 25.7593173980713 26.0965518951416 26.3825645446777 26.5837821960449 26.7453689575195 26.8672313690186 26.9403762817383 26.988941192627 27.025411605835 27.0384101867676 27.0339679718018 27.0020999908447 26.9442272186279 26.9019050598145 26.8655109405518 26.8039951324463 26.7120151519775 26.6343002319336 26.5883026123047 26.5455493927002 26.5129375457764 26.4772930145264 26.466869354248 26.4121055603027 26.3512401580811 26.2937507629395 26.2381458282471 26.2675399780273 26.2681560516357 26.2188720703125 26.1860008239746 26.2245941162109 26.1867866516113 26.1697006225586 26.1473503112793 26.1933841705322 26.1232738494873
-3.4e+38 -3.4e+38 -3.4e+38 -3.4e+38 -3.4e+38 -3.4e+38 25.7573947906494 25.8359279632568 25.6830520629883 25.9601650238037 26.3132705688477 26.5946826934814 26.8276615142822 26.9882850646973 27.0735664367676 27.1102695465088 27.118185043335 27.1080093383789 27.0650329589844 26.9809703826904 26.8218803405762 26.6714859008789 26.5480613708496 26.4901828765869 26.5216999053955 26.4954490661621 26.405403137207 26.3379421234131 26.3771648406982 26.3807544708252 26.33131980896 26.1944408416748 26.0460109710693 25.9747123718262 25.8655338287354 25.8659706115723 25.8189373016357 25.7763843536377 25.7240905761719 25.5075340270996 25.5561962127686 25.6199474334717 25.3689556121826 25.4871807098389 25.5009689331055 25.4817123413086 25.4221649169922
-3.4e+38 -3.4e+38 -3.4e+38 -3.4e+38 25.8692779541016 25.8302478790283 25.8860416412354 25.7573947906494 26.0673351287842 26.4389152526855 26.7540245056152 26.9943656921387 27.1537628173828 27.2038440704346 27.1945762634277 27.1484375 27.0614700317383 26.9607467651367 26.8274364471436 26.5426120758057 26.1245403289795 25.7006988525391 25.3282718658447 25.0442123413086 25.1489543914795 24.9362812042236 24.9425201416016 25.1534252166748 25.4935493469238 25.3381977081299 25.6363143920898 25.707727432251 25.7005825042725 25.2812976837158 25.6266345977783 25.3823680877686 25.0421829223633 25.0369491577148 24.7148494720459 23.6417255401611 23.8841896057129 23.825569152832 24.436014175415 23.8967037200928 24.2103328704834 24.3168869018555 24.4389419555664
-3.4e+38 -3.4e+38 -3.4e+38 -3.4e+38 25.872766494751 25.9048194885254 25.8302478790283 26.070484161377 26.4755668640137 26.824987411499 27.0822296142578 27.232931137085 27.2487964630127 27.1237239837646 26.9245376586914 26.8063316345215 26.569694519043 25.8286838531494 25.3096179962158 24.5119209289551 23.5468463897705 22.9654674530029 23.0820217132568 23.0561866760254 23.1527709960938 23.0845394134521 23.3542442321777 23.0547370910645 23.3672847747803 23.2275695800781 23.5357875823975 24.1676063537598 24.3799648284912 24.5952205657959 24.8951244354248 24.6959800720215 24.8464183807373 24.4193477630615 23.4770469665527 22.1758842468262 22.3782939910889 22.5084972381592 22.5810317993164 22.2882461547852 21.998161315918 22.2352619171143 21.7881240844727
-3.4e+38 -3.4e+38 -3.4e+38 -3.4e+38 -3.4e+38 25.872766494751 26.0114421844482 26.4333267211914 26.8155784606934 27.1230506896973 27.2387447357178 27.2582263946533 27.0750026702881 26.6478996276855 26.2849559783936 25.6705341339111 24.4254016876221 23.0567893981934 22.6414394378662 22.0476551055908 21.3966388702393 21.2549934387207 21.3900394439697 21.4835624694824 21.7510204315186 21.5198707580566 21.6540374755859 21.6953525543213 21.507776260376 21.5199394226074 21.6365261077881 22.218656539917 22.6044502258301 23.5524444580078 23.5212154388428 23.630392074585 23.390567779541 22.4233646392822 21.2516326904297 21.1000823974609 21.5871524810791 21.3486881256104 20.9761714935303 20.9098815917969 20.8516311645508 21.0206127166748 20.6274299621582
-3.4e+38 -3.4e+38 -3.4e+38 -3.4e+38 -3.4e+38 25.9314842224121 26.319637298584 26.7372531890869 27.0941562652588 27.2607421875 27.2585830688477 27.1296558380127 26.6609535217285 26.068826675415 25.2589893341064 24.1346950531006 22.5188961029053 21.4450073242188 21.1380863189697 20.5519104003906 20.069356918335 20.0483684539795 20.1071605682373 20.4408760070801 20.2055912017822 20.3498973846436 20.2461795806885 20.0140495300293 20.4197216033936 20.0000839233398 20.6774425506592 21.3003387451172 21.9665966033936 22.2288188934326 21.8290538787842 21.9765014648438 21.6137046813965 20.7313861846924 20.3985729217529 20.0772590637207 20.4934978485107 19.9877815246582 20.3244190216064 20.3702621459961 20.3190212249756 20.261116027832 19.5597801208496
-3.4e+38 -3.4e+38 25.4086856842041 25.5516719818115 25.8654708862305 26.0655117034912 26.5665435791016 26.9716091156006 27.2559642791748 27.2918395996094 27.2222137451172 26.8082828521729 26.2154960632324 25.2148056030273 23.7392158508301 22.8126544952393 21.5867691040039 20.3614730834961 19.8160209655762 19.6817283630371 19.6385612487793 19.6075687408447 19.584056854248 19.559440612793 19.5569686889648 19.6428470611572 19.4219875335693 19.4004821777344 19.5398941040039 19.7926502227783 20.3820381164551 20.6223278045654 20.8809852600098 20.9168815612793 20.9207077026367 20.6744766235352 20.485897064209 20.3661594390869 20.0028953552246 19.7055950164795 19.7687854766846 19.5829334259033 19.3890647888184 19.2499847412109 19.3677730560303 19.2887382507324 18.9318046569824
-339999999999999996128486808808066248288.000000000000000 -3.4e+38 -3.4e+38 -3.4e+38 25.6946582794189 26.2270107269287 26.7942848205566 27.1506671905518 27.3263473510742 27.3106918334961 27.0492496490479 26.4632167816162 25.466423034668 23.8011474609375 22.8322982788086 21.9937877655029 20.6939888000488 19.9022083282471 19.6157836914062 19.4862842559814 19.4943962097168 19.3708209991455 19.3356895446777 19.3334331512451 19.4099292755127 19.4251670837402 19.2460041046143 19.426815032959 19.2185573577881 19.4925575256348 19.7812557220459 19.6700839996338 20.2362194061279 20.4232158660889 20.3512210845947 20.0988597869873 19.8595523834229 19.6378536224365 19.5771408081055 19.4219131469727 19.1687774658203 19.0722961425781 18.8630561828613 18.7810611724854 18.6375637054443 18.5831165313721 18.5426216125488
-3.4e+38 -3.4e+38 -3.4e+38 -3.4e+38 25.6555461883545 26.3731746673584 26.9073085784912 27.2724838256836 27.3714847564697 27.3010749816895 26.8699417114258 26.1056289672852 24.6609535217285 23.0303573608398 21.9528732299805 21.1648273468018 20.6858901977539 20.0050411224365 19.556697845459 19.4706192016602 19.178014755249 18.945499420166 18.90212059021 18.885124206543 18.9017124176025 19.0807514190674 18.9436340332031 18.9886684417725 18.8635063171387 19.3796043395996 19.4820232391357 19.4923248291016 19.3458995819092 19.5603790283203 19.4656505584717 19.0823001861572 19.2085189819336 19.1570377349854 19.0599956512451 18.9552974700928 18.8698711395264 18.7545852661133 18.5609817504883 18.3138637542725 18.3849830627441 18.102108001709 18.0473499298096
-3.4e+38 -3.4e+38 -3.4e+38 -3.4e+38 25.5892391204834 26.3985252380371 26.9554824829102 27.3333988189697 27.4301242828369 27.3175563812256 26.797212600708 25.6819725036621 23.6194534301758 22.5197429656982 21.4151802062988 20.8829650878906 20.1537113189697 19.7721557617188 19.115665435791 18.9741554260254 18.6826457977295 18.7223472595215 18.7786293029785 18.7478351593018 18.5554351806641 18.7593517303467 18.9918460845947 18.5945281982422 18.6200656890869 18.9189605712891 19.2959251403809 19.1182250976562 19.0564670562744 19.1187725067139 19.0154151916504 18.9851779937744 18.9797687530518 19.0046901702881 18.9014167785645 18.8636207580566 18.6255741119385 18.4395236968994 18.2432804107666 18.248197555542 18.0771865844727 18.0059833526611 17.9422817230225
-3.4e+38 -3.4e+38 -3.4e+38 -3.4e+38 25.755126953125 26.3070220947266 26.914083480835 27.3415050506592 27.4646377563477 27.3504371643066 26.8341236114502 25.6162109375 23.4219913482666 22.3223972320557 21.1266632080078 20.0368461608887 19.6439113616943 19.3822994232178 19.0417232513428 18.597318649292 18.4126758575439 18.3432159423828 18.5633640289307 18.601734161377 18.5546321868896 18.6621322631836 18.9984359741211 18.937427520752 18.6272392272949 18.7820606231689 18.6461124420166 18.6405391693115 18.8087558746338 18.7966613769531 18.8364944458008 18.8617534637451 18.8588886260986 18.8180904388428 18.5643787384033 18.3795986175537 18.310661315918 18.2332801818848 18.1643943786621 18.1009616851807 18.0248699188232 17.9341278076172 17.8521633148193
-3.4e+38 -3.4e+38 -3.4e+38 -3.4e+38 25.7814064025879 26.2229747772217 26.8159637451172 27.2818756103516 27.4990272521973 27.4422149658203 27.1053485870361 26.235107421875 23.8537082672119 22.1284790039062 21.0808715820312 19.8670845031738 19.3329772949219 19.1757411956787 18.9676666259766 18.477481842041 18.3503074645996 18.2642250061035 18.2249450683594 18.2058429718018 18.5843830108643 18.5785140991211 18.5805912017822 18.5878810882568 18.5987815856934 18.6294956207275 18.420166015625 18.6890525817871 18.7014923095703 18.4592838287354 18.3170642852783 18.4287185668945 18.3369789123535 18.327751159668 18.3032779693604 18.2870254516602 18.2581996917725 18.1859226226807 17.8335781097412 18.0640850067139 18.0065059661865 17.9442462921143 17.8653774261475
-3.4e+38 -3.4e+38 -3.4e+38 -3.4e+38 25.6899604797363 26.1425342559814 26.7226524353027 27.1771965026855 27.4940452575684 27.5173015594482 27.3920860290527 26.8891181945801 24.7763748168945 21.9985904693604 20.6628093719482 19.9625625610352 19.4488639831543 19.2017498016357 18.7831897735596 18.4407615661621 18.2978839874268 18.1969871520996 18.152364730835 18.1471309661865 18.1293754577637 17.8883838653564 17.91037940979 18.1081066131592 18.104866027832 18.174503326416 18.1856231689453 18.4107570648193 18.2993412017822 18.2139682769775 18.2357311248779 18.2364406585693 18.2423915863037 18.234281539917 18.2125511169434 18.0434646606445 18.1611251831055 18.0606708526611 17.8299827575684 17.7117118835449 17.8286609649658 18.0177631378174 17.8426342010498
-3.4e+38 -3.4e+38 -3.4e+38 -3.4e+38 -3.4e+38 26.3388061523438 26.6293926239014 27.1318702697754 27.4879398345947 27.5775623321533 27.5322895050049 27.3519515991211 25.7482471466064 22.3178443908691 20.7964992523193 20.0619430541992 19.5917434692383 19.2501411437988 18.8157863616943 18.4647426605225 18.3139133453369 18.198205947876 18.1400394439697 18.1224460601807 18.077428817749 17.6996593475342 17.802906036377 18.1001758575439 18.0746574401855 18.0549697875977 18.0575714111328 18.0730628967285 18.0774459838867 18.0514297485352 17.8971748352051 18.0766506195068 18.1614055633545 18.1939830780029 18.1786823272705 18.1302471160889 17.9831027984619 17.842945098877 17.8352279663086 18.0368518829346 17.7582817077637 17.7210922241211 17.6095504760742
-3.4e+38 -3.4e+38 -3.4e+38 -3.4e+38 -3.4e+38 25.9703521728516 26.6167049407959 27.1459102630615 27.5165958404541 27.6568222045898 27.6293869018555 27.5345821380615 25.9833564758301 22.6435718536377 21.1455268859863 20.1511039733887 19.8893642425537 19.3284206390381 18.8921680450439 18.5662937164307 18.4127750396729 18.249979019165 17.9460048675537 17.9975738525391 17.818338394165 17.3989238739014 17.5237121582031 17.7765026092529 17.7575569152832 17.9538326263428 18.0784702301025 18.0721549987793 18.0486679077148 17.9876976013184 17.4205799102783 17.6193180084229 17.9939670562744 18.1098346710205 18.1467914581299 18.1258506774902 18.0439147949219 17.710147857666 17.6797065734863 17.7905597686768 17.7836093902588 17.6735363006592 17.6412372589111
-3.4e+38 -3.4e+38 -3.4e+38 -3.4e+38 -3.4e+38 26.1411514282227 26.5941944122314 27.1892318725586 27.5574779510498 27.7030963897705 27.6850624084473 27.570333480835 25.7364807128906 22.5087661743164 20.9932422637939 20.2372627258301 20.0925598144531 19.7508316040039 18.9168033599854 18.6881828308105 18.5412578582764 18.2250080108643 17.9484272003174 17.6907424926758 17.4823837280273 17.4577503204346 17.4580478668213 17.5151042938232 17.5620250701904 17.4383487701416 17.4191799163818 17.4293346405029 17.5380458831787 17.5079402923584 17.2345314025879 17.2760028839111 17.553165435791 17.8218364715576 17.7810134887695 17.79541015625 17.6676902770996 17.6548271179199 17.6718006134033 17.6782169342041 17.6843318939209 17.6727828979492 17.6188220977783
-3.4e+38 -3.4e+38 -3.4e+38 -3.4e+38 -3.4e+38 -3.4e+38 26.6950492858887 27.2241516113281 27.6028308868408 27.732442855835 27.7089710235596 27.5493869781494 25.980640411377 22.8985843658447 21.1577434539795 20.4210891723633 20.6053485870361 19.955659866333 19.05837059021 18.8643932342529 18.6883335113525 18.3194465637207 17.9504280090332 17.652795791626 17.4171104431152 17.4027862548828 17.5266284942627 17.3900814056396 17.3055438995361 17.3151893615723 17.3016967773438 17.280029296875 17.246940612793 17.2014083862305 17.1553840637207 17.121301651001 17.1376171112061 17.4207706451416 17.673978805542 17.7288455963135 17.7099742889404 17.6732482910156 17.6701965332031 17.649528503418 17.5662860870361 17.6099014282227 17.6280994415283
-3.4e+38 -3.4e+38 -3.4e+38 -3.4e+38 -3.4e+38 -3.4e+38 26.7632751464844 27.2779121398926 27.6502475738525 27.7419548034668 27.7106857299805 27.4724826812744 25.773738861084 23.1285362243652 21.5612888336182 20.8725299835205 20.9834632873535 20.2756271362305 19.3078804016113 19.0244045257568 18.5421409606934 18.2349014282227 17.9079666137695 17.6875915527344 17.4686317443848 17.4564723968506 17.4670009613037 17.4949493408203 17.5198497772217 17.5327701568604 17.5398769378662 17.5154800415039 17.4561882019043 17.4003105163574 17.3546543121338 17.3183422088623 17.2716484069824 17.2436752319336 17.2433166503906 17.3221073150635 17.4089794158936 17.4543933868408 17.4704895019531 17.3287315368652 17.2984294891357 17.300724029541 17.4173946380615
-3.4e+38 -3.4e+38 -3.4e+38 -3.4e+38 -3.4e+38 -3.4e+38 26.8542194366455 27.398832321167 27.6996879577637 27.747486114502 27.6730842590332 27.311882019043 25.6333141326904 22.7376651763916 21.3590888977051 20.6689853668213 20.8353691101074 20.1310615539551 19.5043716430664 18.9880790710449 18.4642543792725 18.0789928436279 17.7994976043701 17.6867618560791 17.6531810760498 17.6603336334229 17.6831951141357 17.7185764312744 17.7518634796143 17.7634906768799 17.7519359588623 17.7208023071289 17.6698455810547 17.6163997650146 17.5678539276123 17.5109424591064 17.4512519836426 17.4030895233154 17.3604393005371 17.2818279266357 17.1144523620605 17.0756568908691 17.0903205871582 17.2214622497559 17.15673828125 16.9984741210938 16.9732208251953
-3.4e+38 -3.4e+38 -3.4e+38 -3.4e+38 -3.4e+38 26.8034343719482 26.9993782043457 27.5454845428467 27.7389221191406 27.7409858703613 27.6176357269287 27.0592918395996 25.1611766815186 22.1681613922119 20.8236446380615 20.4938678741455 20.4808044433594 20.1401500701904 19.6539096832275 19.0874652862549 18.4816818237305 17.9854469299316 17.8376617431641 17.8269367218018 17.8406314849854 17.8683128356934 17.9057025909424 17.9490756988525 17.9672412872314 17.9765796661377 17.9758548736572 17.9528198242188 17.8963012695312 17.8364963531494 17.7910766601562 17.7281856536865 17.6489391326904 17.5761318206787 17.5126857757568 17.3968544006348 17.1864128112793 17.0900764465332 17.0516510009766 17.0264530181885 16.997501373291 16.96946144104 16.9638786315918
-3.4e+38 -3.4e+38 -3.4e+38 -3.4e+38 26.7501697540283 26.815336227417 27.3090190887451 27.6738739013672 27.7537288665771 27.737325668335 27.317361831665 26.5443801879883 24.2389793395996 21.6258926391602 20.685863494873 20.508113861084 20.4408435821533 20.0515842437744 19.544340133667 19.1288661956787 18.3344402313232 18.0000953674316 17.9866924285889 18.0096855163574 18.0533885955811 18.0941905975342 18.1348857879639 18.1539440155029 18.1683254241943 18.1763610839844 18.1738777160645 18.1560497283936 18.1106834411621 18.0475635528564 17.9871006011963 17.9153156280518 17.8313541412354 17.746187210083 17.6542339324951 17.50465965271 17.2754287719727 17.1631126403809 17.1116333007812 17.0644207000732 17.0497970581055 17.0469532012939 17.0412769317627
