Ecospace-environmental-drivers/Outputs/ASCII-for-ecospace/MOM6-ISIMIP3a/phyc-vint/1980-12_phyc-vint_MOM6-ISIMIP3a.asc
NCOLS 131 
NROWS 53 
XLLCORNER -98 
YLLCORNER 23.9265270233154 
CELLSIZE 0.133587792515755 
NODATA_value -9999 
[rows 0 to 19 of 53, columns 45 to 89 of 131]
-9999 -9999 -9999 -9999 -9999 -9999 -9999 -9999 -9999 -9999 -9999 -9999 -9999 -9999 -9999 -9999 -9999 -9999 -9999 -9999 -9999 -9999 -9999 -9999 -9999 -9999 -9999 -9999 -9999 -9999 -9999 -9999 -9999 -9999 -9999 -9999 -9999 -9999 -9999 -9999 -9999 -9999 -9999 -9999 -9999
-9999 -9999 -9999 -9999 -9999 -9999 -9999 -9999 -9999 -9999 -9999 -9999 -9999 -9999 -9999 -9999 -9999 -9999 -9999 -9999 -9999 -9999 -9999 -9999 -9999 -9999 -9999 -9999 -9999 -9999 -9999 -9999 -9999 -9999 -9999 -9999 -9999 -9999 -9999 -9999 -9999 -9999 -9999 -9999 -9999
-9999 -9999 -9999 -9999 -9999 -9999 -9999 -9999 -9999 -9999 -9999 -9999 -9999 -9999 -9999 -9999 -9999 -9999 -9999 -9999 -9999 -9999 -9999 -9999 -9999 -9999 -9999 -9999 -9999 0.095732569694519 0.0952883213758469 -9999 -9999 -9999 -9999 -9999 -9999 -9999 -9999 -9999 -9999 -9999 -9999 -9999 -9999
-9999 -9999 -9999 -9999 -9999 -9999 -9999 -9999 -9999 -9999 -9999 -9999 -9999 -9999 -9999 -9999 -9999 -9999 -9999 -9999 -9999 -9999 -9999 -9999 -9999 -9999 -9999 -9999 -9999 0.0958880484104156 0.0959206223487854 -9999 -9999 -9999 -9999 -9999 -9999 -9999 -9999 -9999 -9999 -9999 -9999 -9999 -9999
-9999 -9999 -9999 -9999 -9999 -9999 -9999 -9999 -9999 -9999 -9999 -9999 -9999 -9999 -9999 -9999 -9999 -9999 -9999 -9999 0.127749249339104 0.126365542411804 0.125258579850197 0.1188013702631 0.11314282566309 0.10351175814867 0.0973341464996338 0.0949953868985176 0.0949267745018005 0.0962449535727501 0.0964924246072769 0.0950244888663292 -9999 -9999 0.0759179219603539 0.0667304992675781 0.0624699257314205 0.0654070526361465 0.0795930773019791 0.0971676632761955 0.112232968211174 0.11590488255024 0.105955541133881 0.0883275642991066 -9999
-9999 -9999 -9999 -9999 -9999 -9999 -9999 -9999 -9999 -9999 -9999 -9999 -9999 -9999 -9999 -9999 0.13016377389431 -9999 0.130040183663368 0.129933029413223 0.128867596387863 0.127749249339104 0.126088798046112 0.125258579850197 0.112344168126583 0.10182573646307 0.096365362405777 0.0938113406300545 0.094809465110302 0.0961595103144646 0.0977658852934837 0.0955518782138824 0.091755710542202 0.0846483334898949 0.0768900513648987 0.0662153735756874 0.0570860728621483 0.0641083344817162 0.0750267431139946 0.099644161760807 0.116832092404366 0.12022265791893 0.110659904778004 0.0869840681552887 0.0673387125134468
-9999 -9999 -9999 -9999 -9999 -9999 -9999 -9999 -9999 -9999 -9999 -9999 0.123651757836342 0.12379464507103 0.123842068016529 0.123828798532486 0.126867637038231 0.130174487829208 0.130153074860573 0.130034431815147 0.129933029413223 0.128920510411263 0.127749249339104 0.125258579850197 0.112344168126583 0.10182573646307 0.096365362405777 0.0938113406300545 0.094809465110302 0.0961595103144646 0.0977658852934837 0.0955518782138824 0.091755710542202 0.0846483334898949 0.0768900513648987 0.0662153735756874 0.0570860728621483 0.0641083344817162 0.0750267431139946 0.099644161760807 0.116832092404366 0.12022265791893 0.110659904778004 0.0869840681552887 0.0673387125134468
-9999 -9999 -9999 -9999 -9999 -9999 -9999 -9999 -9999 -9999 -9999 -9999 0.122885636985302 0.123651757836342 0.123937539756298 -9999 0.123611941933632 0.126461759209633 0.130195885896683 0.130153074860573 0.130017191171646 0.129933029413223 0.129079252481461 0.124754257500172 0.105901777744293 0.0935872718691826 0.0950749218463898 0.0962355807423592 0.0969965681433678 0.0982537567615509 0.099872387945652 0.0976360663771629 0.0938032865524292 0.0936837643384933 0.0942941829562187 0.0805279389023781 0.0681153908371925 0.0741278603672981 0.0833947286009789 0.104104235768318 0.117556728422642 0.117532148957253 0.109060138463974 0.0913843661546707 0.0799014866352081
0.125624090433121 -9999 -9999 -9999 -9999 -9999 -9999 -9999 -9999 -9999 -9999 -9999 -9999 -9999 -9999 -9999 0.123935662209988 0.122676849365234 0.125347346067429 0.130238711833954 0.130153074860573 0.129965484142303 0.129464328289032 0.12417383491993 0.0988394245505333 0.0845069363713264 0.0934003666043282 0.0986746549606323 0.0995256006717682 0.1008041203022 0.102394066751003 0.100102879106998 0.0962043851613998 0.103308700025082 0.112575903534889 0.0958530902862549 0.0802937671542168 0.0855026915669441 0.0931271761655807 0.109244868159294 0.118454985320568 0.114836998283863 0.107576116919518 0.0963461771607399 0.0935467183589935
0.12472677230835 0.123998388648033 0.123859137296677 -9999 -9999 -9999 -9999 -9999 -9999 -9999 -9999 -9999 0.119848668575287 0.122100360691547 -9999 -9999 -9999 0.123360335826874 0.119875334203243 0.12310928106308 0.130324348807335 0.130269706249237 0.129172474145889 0.122911244630814 0.0950381457805634 0.0779281407594681 0.0835398733615875 0.0924582779407501 0.105418130755424 0.110951252281666 0.111074842512608 0.107705757021904 0.102890238165855 0.0988390445709229 0.0949381068348885 0.0915307700634003 0.0898711755871773 0.105106212198734 0.117639869451523 0.120675310492516 0.122519224882126 0.122150331735611 0.116072788834572 0.103775478899479 0.096532054245472
0.124276876449585 0.123917192220688 0.123801089823246 0.12379252165556 -9999 -9999 -9999 -9999 -9999 -9999 -9999 -9999 0.118657976388931 0.119834527373314 0.122100360691547 -9999 -9999 0.125938013195992 0.120491228997707 0.113196767866611 0.121380999684334 0.129842415452003 0.126860871911049 0.118837237358093 0.089711882174015 0.0713731199502945 0.0758057087659836 0.0881880074739456 0.110286496579647 0.119018502533436 0.118014581501484 0.113939821720123 0.108593329787254 0.0960129201412201 0.082010492682457 0.0902483537793159 0.100530743598938 0.122739978134632 0.138319507241249 0.130588635802269 0.126196339726448 0.128004133701324 0.12276117503643 0.109836168587208 0.0986536219716072
0.124143920838833 0.123917192220688 0.123801089823246 0.123775385320187 0.123066842556 0.122666001319885 -9999 -9999 -9999 -9999 -9999 -9999 -9999 0.118834339082241 0.119873471558094 0.122100360691547 0.123651757836342 0.125938013195992 0.120491228997707 0.113196767866611 0.119488127529621 0.125491306185722 0.113715745508671 0.0996833518147469 0.0762059018015862 0.0649456232786179 0.0794767886400223 0.0943562462925911 0.109661407768726 0.115929715335369 0.115615732967854 0.112831838428974 0.109025076031685 0.102002359926701 0.0943474620580673 0.105271361768246 0.116994865238667 0.129808351397514 0.13843934237957 0.13236440718174 0.127797022461891 0.126029297709465 0.11975023150444 0.108555898070335 0.096142090857029
0.123180687427521 0.12321050465107 0.123202666640282 0.123024493455887 0.12279786914587 0.122669622302055 -9999 -9999 -9999 -9999 0.119258917868137 0.118369646370411 0.118200421333313 0.119019731879234 0.119282856583595 0.119090929627419 0.120088495314121 0.121649488806725 0.118228398263454 0.113616921007633 0.118288613855839 0.122051060199738 0.103297427296638 0.0861226767301559 0.0755557119846344 0.0743423700332642 0.092875249683857 0.106845833361149 0.115240342915058 0.118059501051903 0.11681766808033 0.114952407777309 0.112828969955444 0.11038776487112 0.107884094119072 0.118647582828999 0.129372522234917 0.134921327233315 0.138202682137489 0.133511573076248 0.128933429718018 0.124565035104752 0.117983959615231 0.108992084860802 0.0978170558810234
0.120141722261906 0.120737060904503 0.121108144521713 0.121850356459618 0.122698113322258 0.122669622302055 0.122530519962311 0.121826536953449 0.121087312698364 0.120168842375278 0.119258917868137 0.118369646370411 0.118200421333313 0.119019731879234 0.116123758256435 0.11018805205822 0.107616901397705 0.106639459729195 0.110308386385441 0.115087486803532 0.118822537362576 0.120887964963913 0.0996962711215019 0.0865453258156776 0.107045687735081 0.123300515115261 0.130592674016953 0.135139092803001 0.136329665780067 0.133235991001129 0.127021744847298 0.125144526362419 0.125063419342041 0.12476322054863 0.124419957399368 0.127906769514084 0.131533846259117 0.135145679116249 0.137074768543243 0.133087188005447 0.128909111022949 0.124377258121967 0.119329459965229 0.113719515502453 0.109958447515965
0.12068448215723 0.122637495398521 0.124297201633453 0.122931145131588 0.120704554021358 0.120751962065697 0.120992638170719 0.120166935026646 0.119284242391586 0.118111670017242 0.116610489785671 0.11431585252285 0.113309554755688 0.114071987569332 0.11157301068306 0.106405638158321 0.104230612516403 0.103473000228405 0.10911850631237 0.11629393696785 0.118614539504051 0.119437009096146 0.103308670222759 0.0963724032044411 0.127905890345573 0.149354994297028 0.149515196681023 0.148680135607719 0.14662866294384 0.14138063788414 0.133804321289062 0.132317006587982 0.133351370692253 0.133563563227654 0.133614152669907 0.132179126143456 0.131023839116096 0.133138537406921 0.134109735488892 0.131060302257538 0.127677664160728 0.123676188290119 0.120202764868736 0.117304667830467 0.117439620196819
0.126291155815125 0.130721777677536 0.134956270456314 0.127199977636337 0.116033524274826 0.116123080253601 0.117280453443527 0.116160951554775 0.114931955933571 0.113146029412746 0.110217660665512 0.104530729353428 0.101503901183605 0.102129049599171 0.105054721236229 0.109862633049488 0.113689303398132 0.117051191627979 0.117443807423115 0.11712696403265 0.117357604205608 0.117579072713852 0.117119714617729 0.119495645165443 0.13373751938343 0.143027886748314 0.141865193843842 0.141364246606827 0.141672104597092 0.139583557844162 0.135749503970146 0.135220274329185 0.136059686541557 0.134481713175774 0.132428556680679 0.129401057958603 0.126737043261528 0.127976447343826 0.128547355532646 0.126767799258232 0.124739542603493 0.122249431908131 0.120408497750759 0.119274854660034 0.118332117795944
0.129985779523849 0.13465416431427 0.139493212103844 0.128286227583885 0.11251575499773 0.108842208981514 0.106449544429779 0.105208620429039 0.104953281581402 0.10971150547266 0.110981017351151 0.103826694190502 0.0995825082063675 0.0993335694074631 0.104228988289833 0.113333389163017 0.119836278259754 0.125106886029243 0.124111622571945 0.12161922454834 0.121791176497936 0.122395202517509 0.126623898744583 0.130951970815659 0.135695904493332 0.138467207551003 0.137074157595634 0.136884391307831 0.138165295124054 0.13747438788414 0.135347232222557 0.135042265057564 0.135491937398911 0.132617250084877 0.129089057445526 0.126856252551079 0.124878600239754 0.124924756586552 0.124523632228374 0.12254986166954 0.120553061366081 0.118513494729996 0.1174231544137 0.117367021739483 0.116888679563999
0.132070243358612 0.135090157389641 0.138874590396881 0.126692354679108 0.109969183802605 0.0993280485272408 0.08962382376194 0.0884066447615623 0.0902365148067474 0.107566356658936 0.117770746350288 0.110770002007484 0.105984829366207 0.104241333901882 0.108197063207626 0.116815753281116 0.1231944039464 0.128511995077133 0.129383638501167 0.129192978143692 0.131016835570335 0.132831677794456 0.132501214742661 0.132583394646645 0.13439254462719 0.135394096374512 0.13469073176384 0.134792819619179 0.135879352688789 0.135102391242981 0.132968097925186 0.132269456982613 0.132165372371674 0.128409460186958 0.123935706913471 0.124507904052734 0.125065103173256 0.123650260269642 0.121795639395714 0.1183947250247 0.115315310657024 0.112832956016064 0.111750550568104 0.112193435430527 0.113478124141693
0.136400550603867 0.137689515948296 0.139699563384056 0.132129222154617 0.121834218502045 0.107415348291397 0.0931248515844345 0.0936966612935066 0.0963145568966866 0.10934067517519 0.117171123623848 0.112456113100052 0.110707521438599 0.113031409680843 0.117491312325001 0.123698845505714 0.127874851226807 0.131088554859161 0.131941080093384 0.132229432463646 0.134758830070496 0.13716097176075 0.135470122098923 0.134208559989929 0.134743571281433 0.134769722819328 0.133721649646759 0.132845774292946 0.132180377840996 0.131017923355103 0.129493415355682 0.128842249512672 0.12855276465416 0.124648116528988 0.120032824575901 0.120185241103172 0.120276778936386 0.118048809468746 0.115539945662022 0.112043432891369 0.109005428850651 0.106818944215775 0.105839982628822 0.106176644563675 0.107968360185623
0.141829907894135 0.141347587108612 0.141230970621109 0.141006723046303 0.140751868486404 0.124116279184818 0.106573201715946 0.109797842800617 0.112568967044353 0.113033071160316 0.112955383956432 0.111569508910179 0.114608243107796 0.12372137606144 0.129392027854919 0.132246151566505 0.133202388882637 0.133259654045105 0.13317009806633 0.133045479655266 0.135817304253578 0.138501599431038 0.137015759944916 0.135830655694008 0.1359041929245 0.135343700647354 0.13344469666481 0.130969434976578 0.127789899706841 0.126095414161682 0.125482618808746 0.125094816088676 0.124800182878971 0.121105246245861 0.116741880774498 0.114896401762962 0.113053917884827 0.110329873859882 0.107557900249958 0.104617401957512 0.102170884609222 0.100641742348671 0.0998129546642303 0.0997472107410431 0.101431310176849
