Ecospace-environmental-drivers/Outputs/ASCII-for-ecospace/MOM6-ISIMIP3a/phyc-vint/1980-06_phyc-vint_MOM6-ISIMIP3a.asc
NCOLS 131 
NROWS 53 
XLLCORNER -98 
YLLCORNER 23.9265270233154 
CELLSIZE 0.133587792515755 
NODATA_value -9999 
[rows 20 to 39 of 53, columns 0 to 44 of 131]
-9999 -9999 -9999 -9999 -9999 -9999 -9999 -9999 0.0713216438889503 0.0745647326111794 0.0764026418328285 0.0756274983286858 0.0764942914247513 0.076767273247242 0.0796767324209213 0.0856282487511635 0.100430831313133 0.121311835944653 0.122889064252377 0.117012396454811 0.122419916093349 0.129818752408028 0.13332587480545 0.136248603463173 0.135011702775955 0.133599668741226 0.131619766354561 0.129333928227425 0.126514196395874 0.129046782851219 0.137086808681488 0.139655753970146 0.138891771435738 0.138845711946487 0.139038950204849 0.137732401490211 0.136222928762436 0.135316997766495 0.134388968348503 0.133320271968842 0.132273241877556 0.131286606192589 0.132452711462975 0.136945754289627 0.138053625822067
-9999 -9999 -9999 -9999 -9999 -9999 0.0724839717149734 0.0721627920866013 0.0719184502959251 0.0713216438889503 0.0759699195623398 0.0764026418328285 0.0739855691790581 0.0667857825756073 0.0718096569180489 0.0909377112984657 0.110142014920712 0.129398673772812 0.131101474165916 0.126026064157486 0.122752003371716 0.119795829057693 0.130570128560066 0.140381038188934 0.139658480882645 0.138700172305107 0.136977434158325 0.134841665625572 0.131985127925873 0.129390701651573 0.127066001296043 0.125139087438583 0.123454488813877 0.122973844408989 0.122894510626793 0.120426326990128 0.117642119526863 0.116821743547916 0.116066545248032 0.115726456046104 0.115406893193722 0.115144491195679 0.119433738291264 0.130757302045822 0.134881809353828
-9999 -9999 -9999 -9999 -9999 -9999 0.0725855827331543 0.0724839717149734 0.0718416124582291 0.0720265805721283 0.0713216438889503 0.0801854655146599 0.0875353440642357 0.0918895602226257 0.0977754890918732 0.105428785085678 0.117050968110561 0.131398767232895 0.133484676480293 0.130835816264153 0.12772136926651 0.124524764716625 0.131285339593887 0.137427777051926 0.136602312326431 0.135442510247231 0.133198693394661 0.131040707230568 0.129032492637634 0.126854598522186 0.124502077698708 0.122610509395599 0.120999746024609 0.120152413845062 0.119559548795223 0.118427947163582 0.117216661572456 0.115279957652092 0.113525047898293 0.112927839159966 0.112482830882072 0.112461492419243 0.114873342216015 0.121045544743538 0.123125277459621
-9999 -9999 -9999 -9999 0.0795075073838234 0.0750086754560471 0.0725849121809006 0.0726878643035889 0.0724839717149734 0.0711992532014847 0.0731014385819435 0.0872017219662666 0.101987883448601 0.118131212890148 0.124539829790592 0.119716122746468 0.123121462762356 0.13217805325985 0.134569719433784 0.134387820959091 0.132240384817123 0.129746094346046 0.131822049617767 0.133660078048706 0.132681384682655 0.131284177303314 0.128529936075211 0.126355469226837 0.125192791223526 0.123799860477448 0.122170008718967 0.120644971728325 0.119183771312237 0.118000604212284 0.116910107433796 0.11719561368227 0.117646589875221 0.114663057029247 0.111959517002106 0.111039012670517 0.110397137701511 0.110530868172646 0.110780477523804 0.11120916903019 0.110998414456844
-9999 -9999 -9999 -9999 0.0896585807204247 0.0807778462767601 0.0774324387311935 0.0725849121809006 0.0729947164654732 0.0782104060053825 0.0852274820208549 0.0991394594311714 0.110952466726303 0.118612185120583 0.121533274650574 0.118986748158932 0.118913598358631 0.120539031922817 0.121633119881153 0.12252202630043 0.123441644012928 0.12436667829752 0.125007525086403 0.125447884202003 0.124269403517246 0.122873470187187 0.120772443711758 0.11889510601759 0.117408104240894 0.115843221545219 0.114198200404644 0.112752564251423 0.111428394913673 0.110332258045673 0.109312124550343 0.109172679483891 0.109145373106003 0.107787281274796 0.106466315686703 0.105381809175014 0.104447327554226 0.103930465877056 0.103665255010128 0.103788964450359 0.103657901287079
-9999 -9999 -9999 -9999 -9999 0.0896585807204247 0.0834354683756828 0.0822799578309059 0.0760212689638138 0.0874505937099457 0.0989410728216171 0.110665634274483 0.118537977337837 0.118787869811058 0.118314936757088 0.117007978260517 0.113912932574749 0.109589919447899 0.1094631254673 0.110956639051437 0.114022932946682 0.117366775870323 0.116986274719238 0.116461269557476 0.115411676466465 0.114298716187477 0.112980283796787 0.111549787223339 0.109923727810383 0.108271598815918 0.106592632830143 0.105221055448055 0.104036726057529 0.103079840540886 0.102198764681816 0.101809307932854 0.10148997604847 0.101474672555923 0.101310536265373 0.100198604166508 0.099124975502491 0.098157986998558 0.0975072011351585 0.0973450839519501 0.0972173362970352
-9999 -9999 -9999 -9999 -9999 0.0926612466573715 0.0896585807204247 0.0892184153199196 0.0900789275765419 0.106464460492134 0.119615666568279 0.120387211441994 0.120076663792133 0.11762497574091 0.114167958498001 0.109550960361958 0.105436012148857 0.10166584700346 0.100654490292072 0.100708410143852 0.101885840296745 0.103261537849903 0.10367389023304 0.104078993201256 0.104599498212337 0.105004698038101 0.105036050081253 0.104708895087242 0.103756137192249 0.102388173341751 0.100592978298664 0.0992719605565071 0.0982398092746735 0.0976511389017105 0.0972103029489517 0.0973379164934158 0.0975432470440865 0.0976314097642899 0.0976342558860779 0.0970937237143517 0.0965538397431374 0.0960157439112663 0.0955460742115974 0.0951821655035019 0.0947228297591209
-9999 -9999 0.0992321595549583 0.0984622836112976 0.0976566821336746 0.0956674665212631 0.0926576852798462 0.0976992323994637 0.104010000824928 0.120235748589039 0.13177989423275 0.125404849648476 0.119667872786522 0.115193471312523 0.10961789637804 0.102771744132042 0.0982562229037285 0.0953412503004074 0.0940471142530441 0.0933788418769836 0.0932965278625488 0.0933176204562187 0.0940915197134018 0.0949428379535675 0.0963019877672195 0.0975444912910461 0.0984087586402893 0.0988198146224022 0.0984399914741516 0.0974376350641251 0.0957947075366974 0.0947547927498817 0.0940822288393974 0.0938775837421417 0.0938289016485214 0.0941550880670547 0.0945304557681084 0.09453946352005 0.0945166423916817 0.0942910760641098 0.0940462201833725 0.0937476307153702 0.093379482626915 0.0929038301110268 0.0922673791646957
-9999.000000000000000 -9999 -9999 -9999 0.102062717080116 0.0996458902955055 0.101479403674603 0.10954525321722 0.117664881050587 0.122568503022194 0.125375792384148 0.120159193873405 0.115009963512421 0.109994031488895 0.104188352823257 0.0974714085459709 0.0939065888524055 0.092506468296051 0.0922425463795662 0.0924173593521118 0.0924479514360428 0.0924530997872353 0.092647485435009 0.0928892344236374 0.0934911146759987 0.0940853655338287 0.094654843211174 0.095007449388504 0.0949815958738327 0.0945225208997726 0.0936176851391792 0.0933618769049644 0.0935014560818672 0.0937152802944183 0.0939538553357124 0.0937837287783623 0.0935553908348083 0.0930867716670036 0.0926179587841034 0.0921478569507599 0.0916771814227104 0.091204896569252 0.090764582157135 0.090373694896698 0.0898971483111382
-9999 -9999 -9999 -9999 0.107996970415115 0.110874786973 0.109317503869534 0.117411933839321 0.125185236334801 0.123235285282135 0.120814427733421 0.1165911257267 0.111772492527962 0.105775862932205 0.0997671633958817 0.0937445461750031 0.0911674723029137 0.0909566134214401 0.091538667678833 0.0924269035458565 0.0925358235836029 0.0925072282552719 0.0921915769577026 0.0919107347726822 0.0919722616672516 0.0921142995357513 0.0925174131989479 0.0927727296948433 0.092770129442215 0.092643067240715 0.092387929558754 0.0926215276122093 0.0931528583168983 0.0932983756065369 0.0933152809739113 0.0926066711544991 0.091798223555088 0.0910519063472748 0.0903363525867462 0.089816689491272 0.0893109440803528 0.0888439565896988 0.0884531959891319 0.0881802290678024 0.0878972113132477
-9999 -9999 -9999 -9999 0.112172514200211 0.113470241427422 0.115072637796402 0.120272286236286 0.124987840652466 0.121806137263775 0.118571393191814 0.115133598446846 0.110322043299675 0.10279219597578 0.0966145843267441 0.0919972285628319 0.0904545187950134 0.0910232961177826 0.0922195464372635 0.0936580821871758 0.0938018262386322 0.0937170758843422 0.0929788127541542 0.0922848135232925 0.0920788571238518 0.092015340924263 0.092413641512394 0.0925228148698807 0.0921274200081825 0.0920665562152863 0.0923499166965485 0.0927021652460098 0.0930963754653931 0.0925611555576324 0.0917161405086517 0.0904159694910049 0.0890571177005768 0.0882846191525459 0.0875729992985725 0.0872490555047989 0.0869482308626175 0.0867117494344711 0.0865236595273018 0.0864103436470032 0.0863631144165993
-9999 -9999 -9999 -9999 0.113470241427422 0.115409947931767 0.117686972022057 0.117499560117722 0.117046244442463 0.113590307533741 0.110883615911007 0.111044697463512 0.108562007546425 0.100848011672497 0.0949395298957825 0.0911143347620964 0.090023972094059 0.0908117443323135 0.0922854766249657 0.0940240770578384 0.0942115560173988 0.0941253155469894 0.093318484723568 0.0925512760877609 0.0922457575798035 0.0920605063438416 0.0922651961445808 0.0922079533338547 0.0916936174035072 0.0917857810854912 0.0925020128488541 0.0927736908197403 0.0927745476365089 0.091721698641777 0.0903176218271255 0.0889522433280945 0.087597094476223 0.0869213864207268 0.0863107293844223 0.0861143320798874 0.0859516486525536 0.0858827903866768 0.0858624950051308 0.0859172493219376 0.0861085280776024
-9999 -9999 -9999 -9999 0.115522384643555 0.117686972022057 0.107699498534203 0.110501974821091 0.103296406567097 0.100284390151501 0.0991122275590897 0.104982241988182 0.10656975954771 0.099683441221714 0.0943726450204849 0.0908797606825829 0.0898052379488945 0.0903915166854858 0.0918901935219765 0.0937411785125732 0.0939790904521942 0.0939323455095291 0.0933224707841873 0.0927370190620422 0.0924578905105591 0.0922137796878815 0.0920832380652428 0.0918443873524666 0.0914165079593658 0.0917268097400665 0.092796690762043 0.0928383842110634 0.0922537073493004 0.0908055603504181 0.0890695825219154 0.0880337432026863 0.0870978906750679 0.0866112038493156 0.0861742794513702 0.0860543102025986 0.0859796851873398 0.0860312730073929 0.086152620613575 0.0863817781209946 0.0868135765194893
-9999 -9999 -9999 -9999 0.117686972022057 0.0974690020084381 0.0906109809875488 0.0851094946265221 0.087409183382988 0.090815469622612 0.0944196209311485 0.0987811163067818 0.100543074309826 0.0971612706780434 0.0938601121306419 0.0906519964337349 0.0896373018622398 0.0901289209723473 0.09148059040308 0.09316436201334 0.0934263095259666 0.0934373512864113 0.0929723754525185 0.0925253927707672 0.0923152193427086 0.0920948907732964 0.0918416380882263 0.0916950851678848 0.0917347297072411 0.0921251103281975 0.0928763896226883 0.0925413742661476 0.091544583439827 0.090069867670536 0.0884358361363411 0.087765246629715 0.0872301235795021 0.0870171412825584 0.0868365243077278 0.0868620350956917 0.0869152471423149 0.0870455950498581 0.0872133299708366 0.0874388515949249 0.0877334624528885
-9999 -9999 -9999 -9999 -9999 0.0762950554490089 0.0738785639405251 0.0762214660644531 0.0706059262156487 0.0829909965395927 0.0927608087658882 0.0925205647945404 0.0927873104810715 0.0940572693943977 0.0933708697557449 0.0904271528124809 0.0894911289215088 0.0899338722229004 0.0910648554563522 0.0924615934491158 0.0927362591028214 0.0928129181265831 0.0924705266952515 0.0921434611082077 0.0920204892754555 0.0918593555688858 0.0915744751691818 0.0916376188397408 0.0923081040382385 0.0927193835377693 0.092863954603672 0.0920893400907516 0.0907547622919083 0.0894115120172501 0.0880653634667397 0.0877753272652626 0.0876329764723778 0.0877299979329109 0.0878410711884499 0.0880416482686996 0.0882397592067719 0.0884309858083725 0.0886042937636375 0.088749885559082 0.0887454226613045
-9999 -9999 -9999 -9999 -9999 0.0641635730862617 0.0643956288695335 0.0603047236800194 0.0619584172964096 0.0781855583190918 0.0909841433167458 0.0906596556305885 0.0910446420311928 0.0928334817290306 0.0926730707287788 0.0902635380625725 0.0895604714751244 0.090029314160347 0.0908086448907852 0.0917078629136086 0.0921483039855957 0.0925077795982361 0.0923653617501259 0.0922255665063858 0.0921992883086205 0.092194028198719 0.09225694835186 0.0924027413129807 0.0926931574940681 0.0926821529865265 0.0923609957098961 0.0913848057389259 0.0900095701217651 0.0888893827795982 0.0878541991114616 0.0877638384699821 0.087804950773716 0.0879694670438766 0.0881610065698624 0.0885246247053146 0.0888734012842178 0.0891808271408081 0.0893858373165131 0.0894325450062752 0.0892511680722237
-9999 -9999 -9999 -9999 -9999 0.0548987723886967 0.0542165376245975 0.0566606968641281 0.054998341947794 0.0740047693252563 0.089183084666729 0.089709036052227 0.090546078979969 0.0919987112283707 0.0919321179389954 0.0901125818490982 0.0896743983030319 0.0901848524808884 0.090585432946682 0.0909435823559761 0.0915814638137817 0.092268705368042 0.0923422574996948 0.0924036875367165 0.0924760550260544 0.0926466882228851 0.0931359007954597 0.0933380499482155 0.0930392444133759 0.0925142616033554 0.0917565375566483 0.090628020465374 0.0892736166715622 0.0883954390883446 0.087676003575325 0.0877478942275047 0.0879291594028473 0.0881109908223152 0.0883392915129662 0.0888634696602821 0.0893640965223312 0.0897991731762886 0.0900412872433662 0.0899851992726326 0.0896521881222725
-9999 -9999 -9999 -9999 -9999 -9999 0.0460841469466686 0.0456841960549355 0.0472705513238907 0.0685260891914368 0.0857033282518387 0.0872705578804016 0.089036338031292 0.0911949872970581 0.0917320400476456 0.090398021042347 0.0900217220187187 0.0903031453490257 0.0901957079768181 0.08993811160326 0.0908834859728813 0.0920411571860313 0.0924074500799179 0.0927382633090019 0.092917799949646 0.093060165643692 0.0930819809436798 0.0929449945688248 0.0925308838486671 0.0919168367981911 0.0910970494151115 0.09001374989748 0.088769905269146 0.0880929157137871 0.0876048803329468 0.0876307189464569 0.0877275094389915 0.0878150016069412 0.0879495367407799 0.0883836299180984 0.0888252928853035 0.0892880484461784 0.0896176472306252 0.0897414684295654 0.0895238444209099
-9999 -9999 -9999 -9999 -9999 -9999 0.0383488796651363 0.0359075516462326 0.0397553183138371 0.0629913583397865 0.0819644778966904 0.0846209451556206 0.0873920992016792 0.0903901606798172 0.0915902480483055 0.0907157510519028 0.0903881266713142 0.0904360637068748 0.0898691341280937 0.0890647694468498 0.0902128741145134 0.0917055383324623 0.0923527330160141 0.0929429829120636 0.0932128801941872 0.0933229029178619 0.0929145440459251 0.0924766361713409 0.091987170279026 0.0913159176707268 0.0904576256871223 0.0894295275211334 0.0882979705929756 0.0878078043460846 0.0875314250588417 0.0874938070774078 0.0874891728162766 0.0874833390116692 0.0875241383910179 0.0878618657588959 0.088235579431057 0.0887094512581825 0.0891101434826851 0.0893977433443069 0.0893038883805275
-9999 -9999 -9999 -9999 -9999 -9999 0.0336050502955914 0.033454891294241 0.0348741412162781 0.0574786178767681 0.0762637108564377 0.0804298371076584 0.084796167910099 0.0895586758852005 0.0918118357658386 0.0911696031689644 0.0908466055989265 0.0907428339123726 0.0902957692742348 0.0897161439061165 0.0898967906832695 0.0902116000652313 0.0909767895936966 0.0916877537965775 0.0918646603822708 0.091996431350708 0.091981828212738 0.0918395295739174 0.0914743915200233 0.0908828973770142 0.0900584980845451 0.0890978053212166 0.0880540758371353 0.087616890668869 0.0873818770051003 0.0871947109699249 0.0870152041316032 0.0869801566004753 0.0869897976517677 0.0872840657830238 0.0875946432352066 0.0879506096243858 0.0882234424352646 0.0883678048849106 0.0883594080805779
