Ecospace-environmental-drivers/Outputs/ASCII-for-ecospace/MOM6-ISIMIP3a/phyc-vint/1980-04_phyc-vint_MOM6-ISIMIP3a.asc
NCOLS 131 
NROWS 53 
XLLCORNER -98 
YLLCORNER 23.9265270233154 
CELLSIZE 0.133587792515755 
NODATA_value -9999 
[rows 20 to 39 of 53, columns 46 to 91 of 131]
0.16409720480442 0.167266502976418 0.166794463992119 0.16528682410717 0.16237410902977 0.159459695219994 0.160382479429245 0.16070382297039 0.157965645194054 0.155712887644768 0.154632195830345 0.154940888285637 0.157156988978386 0.159003749489784 0.16054829955101 0.161038413643837 0.161029070615768 0.160368084907532 0.159551382064819 0.158879637718201 0.158254995942116 0.158170863986015 0.157888352870941 0.156775608658791 0.155814349651337 0.155172899365425 0.155461475253105 0.156886726617813 0.157160028815269 0.1565942466259 0.158204540610313 0.160716012120247 0.157459527254105 0.1530691832304 0.147997155785561 0.14371132850647 0.147352412343025 0.150444105267525 0.151604160666466 0.152678593993187 0.153594002127647 0.151843518018723 0.14718846976757 0.143190309405327 0.139617189764977 0.135438159108162
0.152971386909485 0.155985340476036 0.154436632990837 0.151590302586555 0.153063639998436 0.154927358031273 0.155392944812775 0.155307844281197 0.152421444654465 0.150775000452995 0.152122542262077 0.153360649943352 0.154448494315147 0.157019734382629 0.160804659128189 0.1618462651968 0.161588430404663 0.160241439938545 0.158634215593338 0.157831966876984 0.157164111733437 0.157647401094437 0.157472908496857 0.154545620083809 0.152318567037582 0.15156976878643 0.1522146910429 0.154563009738922 0.154486298561096 0.152643233537674 0.157074108719826 0.164103239774704 0.159250423312187 0.152061894536018 0.145807683467865 0.140292137861252 0.14165423810482 0.14319521188736 0.145365074276924 0.146651536226273 0.146297439932823 0.144360855221748 0.140700072050095 0.13819731771946 0.136443853378296 0.133557349443436
0.14252020418644 0.145365536212921 0.145280927419662 0.144363045692444 0.146007299423218 0.147829785943031 0.147383838891983 0.146665960550308 0.144564762711525 0.143198698759079 0.143607690930367 0.144106954336166 0.144730150699615 0.147022917866707 0.150681659579277 0.153287515044212 0.155394643545151 0.154212638735771 0.152244761586189 0.152044013142586 0.151996657252312 0.152414888143539 0.152380362153053 0.150450929999352 0.148954793810844 0.148373365402222 0.149410963058472 0.152427360415459 0.152514979243279 0.150469332933426 0.153452888131142 0.158519193530083 0.154390126466751 0.148453459143639 0.141718879342079 0.135530203580856 0.134963035583496 0.134810641407967 0.136116653680801 0.136973291635513 0.136995434761047 0.135893896222115 0.133568078279495 0.131716579198837 0.13017201423645 0.128520339727402
0.132424861192703 0.13505756855011 0.136521950364113 0.137654051184654 0.139145702123642 0.140573531389236 0.139284923672676 0.137998998165131 0.1367267370224 0.135627254843712 0.134944930672646 0.134662017226219 0.134927421808243 0.136775121092796 0.139917403459549 0.143953144550323 0.148412093520164 0.147540971636772 0.145396307110786 0.145857602357864 0.146479934453964 0.146840572357178 0.146992161870003 0.146268919110298 0.145656734704971 0.14527902007103 0.146649405360222 0.150156319141388 0.150410801172256 0.148296236991882 0.149495333433151 0.152066737413406 0.148774936795235 0.144330576062202 0.137305706739426 0.130632340908051 0.128326147794724 0.126603320240974 0.12693165242672 0.127328038215637 0.127850815653801 0.127640008926392 0.126629933714867 0.125332996249199 0.123850457370281 0.123329252004623
0.127344757318497 0.12905578315258 0.130244627594948 0.131284967064857 0.132636219263077 0.133954972028732 0.133536979556084 0.133038729429245 0.132132202386856 0.131485119462013 0.131464526057243 0.131801784038544 0.132630348205566 0.132557585835457 0.131747379899025 0.133710116147995 0.136986330151558 0.137753143906593 0.137920379638672 0.139113441109657 0.140374734997749 0.14160330593586 0.142662525177002 0.143012911081314 0.143275454640388 0.143352508544922 0.144021034240723 0.145412459969521 0.14522248506546 0.143880635499954 0.143149927258492 0.142672315239906 0.139146044850349 0.135020479559898 0.129951372742653 0.12519596517086 0.123846352100372 0.122762531042099 0.122613221406937 0.122861780226231 0.123849213123322 0.124151617288589 0.123707659542561 0.122440807521343 0.120641507208347 0.119602158665657
0.12319253385067 0.124098137021065 0.124998301267624 0.125896915793419 0.126948863267899 0.12798185646534 0.128078997135162 0.128060221672058 0.127451747655869 0.127145290374756 0.127568140625954 0.128318592905998 0.129518836736679 0.128098040819168 0.124532774090767 0.1247883066535 0.126853674650192 0.128832682967186 0.130791068077087 0.132551550865173 0.13430492579937 0.136152535676956 0.13786281645298 0.138998314738274 0.139912351965904 0.1403588950634 0.140458717942238 0.140134766697884 0.1396095007658 0.138937562704086 0.136738196015358 0.13390626013279 0.130330294370651 0.126608073711395 0.123363800346851 0.120388045907021 0.119862467050552 0.11932534724474 0.118747659027576 0.118789054453373 0.119980186223984 0.120600514113903 0.120598927140236 0.119583480060101 0.117912016808987 0.116640195250511
0.123108737170696 0.123718738555908 0.124272570014 0.124810419976711 0.124866299331188 0.124838799238205 0.123892426490784 0.123001776635647 0.122394576668739 0.121938608586788 0.121847778558731 0.122103855013847 0.122836202383041 0.122577294707298 0.121507376432419 0.121659658849239 0.122390866279602 0.123715318739414 0.125181511044502 0.126788854598999 0.128390356898308 0.129765570163727 0.131001964211464 0.131657421588898 0.132244303822517 0.132686406373978 0.132801353931427 0.132516488432884 0.132134437561035 0.131681606173515 0.130035609006882 0.127895474433899 0.125080019235611 0.122131802141666 0.120138257741928 0.118335656821728 0.1180529743433 0.117657907307148 0.116867728531361 0.11644185334444 0.116692535579205 0.116774491965771 0.116672605276108 0.116878978908062 0.117284812033176 0.117033176124096
0.122893035411835 0.123215153813362 0.12339236587286 0.123528353869915 0.122776105999947 0.121907725930214 0.120358608663082 0.118953570723534 0.118281431496143 0.117720164358616 0.117426604032516 0.117331832647324 0.117509968578815 0.117728345096111 0.117979645729065 0.117964334785938 0.117822721600533 0.118570752441883 0.119531340897083 0.120958596467972 0.12239208817482 0.123449690639973 0.124378219246864 0.124766565859318 0.125188276171684 0.125680401921272 0.125867798924446 0.125682756304741 0.125378653407097 0.124987833201885 0.123683609068394 0.122001118957996 0.119894184172153 0.117703802883625 0.116750933229923 0.115920193493366 0.115834899246693 0.115629769861698 0.115003317594528 0.11463737487793 0.114755228161812 0.114507474005222 0.113861374557018 0.114757843315601 0.116652421653271 0.117031559348106
0.122389532625675 0.122440613806248 0.122175119817257 0.121819593012333 0.120669312775135 0.119439162313938 0.118249028921127 0.117109581828117 0.116227984428406 0.115657910704613 0.115840055048466 0.115707583725452 0.115143194794655 0.114345140755177 0.113355912268162 0.113032601773739 0.113024733960629 0.113366812467575 0.113792516291142 0.114980906248093 0.116211220622063 0.117288917303085 0.118271753191948 0.118857577443123 0.119467563927174 0.120128579437733 0.120513446629047 0.120560809969902 0.120192222297192 0.119520671665668 0.118096582591534 0.11636084318161 0.114848978817463 0.113381125032902 0.113010607659817 0.112712554633617 0.112725369632244 0.112814649939537 0.113172747194767 0.114017024636269 0.115764185786247 0.115641996264458 0.113483101129532 0.113909512758255 0.11600873619318 0.116168990731239
0.121530711650848 0.121322125196457 0.120704211294651 0.119969896972179 0.118673540651798 0.117338538169861 0.116513215005398 0.11569844186306 0.114937350153923 0.114482253789902 0.114766009151936 0.114289969205856 0.112770818173885 0.111065126955509 0.109206818044186 0.108740411698818 0.108933329582214 0.109038256108761 0.109122157096863 0.109988369047642 0.110909007489681 0.111839488148689 0.112761959433556 0.113650903105736 0.114569529891014 0.11555078625679 0.116250172257423 0.116605058312416 0.116413101553917 0.115822829306126 0.11496701836586 0.114001236855984 0.113410927355289 0.112894423305988 0.11204931885004 0.111244022846222 0.110946469008923 0.110849820077419 0.11145955324173 0.112728759646416 0.115222692489624 0.115427017211914 0.113136745989323 0.113044135272503 0.114373527467251 0.11468143761158
0.120224878191948 0.119770921766758 0.118914186954498 0.117942899465561 0.116817459464073 0.11570081859827 0.115247622132301 0.11483184248209 0.114606402814388 0.114422008395195 0.114336743950844 0.113132312893867 0.110391415655613 0.107914954423904 0.105654858052731 0.105252809822559 0.105730876326561 0.105810984969139 0.10579601675272 0.106235228478909 0.106712229549885 0.107284978032112 0.108002804219723 0.10932781547308 0.110706478357315 0.112198397517204 0.113359563052654 0.114116474986076 0.114404484629631 0.114350952208042 0.114929154515266 0.115768983960152 0.116510964930058 0.117233708500862 0.114584289491177 0.1119634360075 0.110841602087021 0.109954729676247 0.109894014894962 0.110600203275681 0.112730614840984 0.113514259457588 0.112830549478531 0.112157329916954 0.11149089038372 0.112407587468624
0.118518866598606 0.117968961596489 0.117286220192909 0.116565704345703 0.115823909640312 0.115096300840378 0.114810459315777 0.114542908966541 0.114368379116058 0.114112161099911 0.113658703863621 0.112056151032448 0.108876056969166 0.106197215616703 0.103928469121456 0.103244610130787 0.103311479091644 0.103573992848396 0.103883251547813 0.104090578854084 0.104294002056122 0.104542464017868 0.104991108179092 0.106277540326118 0.107709132134914 0.109447181224823 0.110675595700741 0.111281141638756 0.111604087054729 0.111721187829971 0.113043740391731 0.114865504205227 0.116343379020691 0.117753654718399 0.115173876285553 0.112634062767029 0.111928157508373 0.111211635172367 0.110457792878151 0.1102035343647 0.110877066850662 0.111677698791027 0.112616814672947 0.111997492611408 0.11036978662014 0.111235611140728
0.116512730717659 0.115978941321373 0.115779809653759 0.115675859153271 0.11547726392746 0.115266695618629 0.114994630217552 0.114687226712704 0.114200055599213 0.113615110516548 0.112794078886509 0.111041121184826 0.10800875723362 0.105553805828094 0.103571280837059 0.102345988154411 0.10147937387228 0.102079704403877 0.103030525147915 0.103152312338352 0.103209711611271 0.103158973157406 0.103290021419525 0.104181878268719 0.105361074209213 0.107146844267845 0.108146615326405 0.108185738325119 0.10820984095335 0.108223013579845 0.109772637486458 0.11195857077837 0.113725043833256 0.115409053862095 0.114304393529892 0.113268084824085 0.113908290863037 0.114082559943199 0.112618573009968 0.111105799674988 0.109502419829369 0.109898291528225 0.112472414970398 0.112382881343365 0.110569842159748 0.110890053212643
0.115064091980457 0.115054987370968 0.114896453917027 0.11469542235136 0.114810600876808 0.114920042455196 0.114000737667084 0.113183222711086 0.112883485853672 0.112285234034061 0.110966205596924 0.108956918120384 0.106000021100044 0.103913769125938 0.102539844810963 0.101411260664463 0.100398890674114 0.101052671670914 0.102104544639587 0.102859437465668 0.103551365435123 0.103623792529106 0.103729054331779 0.103971756994724 0.104666993021965 0.106317557394505 0.10694395005703 0.106318585574627 0.10597737133503 0.105843134224415 0.10705354064703 0.108820803463459 0.110424764454365 0.111996620893478 0.111975833773613 0.112003728747368 0.113083377480507 0.113825976848602 0.113383494317532 0.11216039955616 0.109487622976303 0.10879672318697 0.110265158116817 0.110693760216236 0.110449559986591 0.110446654260159
0.113854385912418 0.114587925374508 0.114280119538307 0.113676153123379 0.114006787538528 0.11435179412365 0.112501956522465 0.110972784459591 0.111074797809124 0.110598430037498 0.108725495636463 0.106414504349232 0.103502102196217 0.101846598088741 0.101219452917576 0.100461073219776 0.0996405258774757 0.100225888192654 0.101147167384624 0.102843165397644 0.104504138231277 0.104880750179291 0.105085305869579 0.104569740593433 0.10468178242445 0.106118731200695 0.106309704482555 0.104977838695049 0.104242816567421 0.103942528367043 0.104571007192135 0.105584114789963 0.106832228600979 0.108126543462276 0.109021939337254 0.109925769269466 0.11105627566576 0.112229004502296 0.113550171256065 0.113280281424522 0.110055610537529 0.107985660433769 0.107173793017864 0.108115553855896 0.110191985964775 0.109961323440075
0.112170048058033 0.112752959132195 0.112464711070061 0.111928708851337 0.111707627773285 0.111459702253342 0.109616935253143 0.108123145997524 0.108404636383057 0.107905745506287 0.105522572994232 0.103331364691257 0.101403698325157 0.100085407495499 0.0992656871676445 0.0985774025321007 0.0979513823986053 0.0982376337051392 0.098741851747036 0.101471200585365 0.104207165539265 0.104814536869526 0.10531559586525 0.105371728539467 0.105150118470192 0.104342140257359 0.10358490049839 0.102889664471149 0.102430962026119 0.102144546806812 0.102465704083443 0.103038467466831 0.104163587093353 0.105397291481495 0.10603192448616 0.106733918190002 0.108310684561729 0.109982632100582 0.111989215016365 0.112771511077881 0.111280165612698 0.109397351741791 0.107087999582291 0.10693421214819 0.108175165951252 0.108473882079124
0.110387519001961 0.110634975135326 0.110401220619678 0.110030606389046 0.109099075198174 0.108086816966534 0.106445096433163 0.105141267180443 0.105556227266788 0.105004943907261 0.10212055593729 0.10013634711504 0.0993879586458206 0.0983875244855881 0.0971808806061745 0.0965005978941917 0.0960696488618851 0.0960090607404709 0.0960369631648064 0.0998187437653542 0.103651612997055 0.104474551975727 0.105312921106815 0.106215931475163 0.105712287127972 0.102239102125168 0.100427553057671 0.10064685344696 0.100603118538857 0.100367799401283 0.100438445806503 0.100635804235935 0.101686105132103 0.102904081344604 0.103034436702728 0.103311605751514 0.105416439473629 0.107601895928383 0.110070802271366 0.111925765872002 0.11264056712389 0.111268937587738 0.107624068856239 0.106041878461838 0.105794347822666 0.106779098510742
0.108883135020733 0.108660496771336 0.108503013849258 0.108364060521126 0.107214123010635 0.105948098003864 0.104341819882393 0.102956645190716 0.102696143090725 0.101898096501827 0.0998020842671394 0.0984145626425743 0.0979996994137764 0.0973221361637115 0.096429631114006 0.0957428365945816 0.0951534882187843 0.0950224027037621 0.0950008183717728 0.0979680344462395 0.101061254739761 0.102999992668629 0.104600109159946 0.104783058166504 0.103760667145252 0.100193694233894 0.0980851203203201 0.0977590158581734 0.098343089222908 0.0995901301503181 0.0998032540082932 0.0995881929993629 0.0997360497713089 0.099955253303051 0.100098483264446 0.100441813468933 0.102767385542393 0.105086363852024 0.107382141053677 0.109503351151943 0.111300364136696 0.110900178551674 0.108106054365635 0.107064813375473 0.107157774269581 0.107706360518932
0.107426904141903 0.106830738484859 0.106711275875568 0.106727376580238 0.105428114533424 0.103988364338875 0.102390952408314 0.100910365581512 0.100024037063122 0.0990084484219551 0.0976807549595833 0.0968422889709473 0.0966754630208015 0.0963029786944389 0.0957622230052948 0.0951273813843727 0.0944479629397392 0.0943248569965363 0.0943346694111824 0.0964477211236954 0.0987500175833702 0.101703882217407 0.103956937789917 0.103277087211609 0.101701609790325 0.0982354208827019 0.0959416627883911 0.0950808525085449 0.0962644889950752 0.0989372730255127 0.0993018820881844 0.0987105965614319 0.0981301590800285 0.0975518524646759 0.0975661650300026 0.097832202911377 0.100342869758606 0.102745987474918 0.104770928621292 0.107038289308548 0.109755858778954 0.110315926373005 0.108525343239307 0.108129099011421 0.108635075390339 0.108632944524288
0.106351442635059 0.106476135551929 0.105976179242134 0.105298563838005 0.104351863265038 0.10334837436676 0.101555429399014 0.0999590680003166 0.0993627086281776 0.0985341370105743 0.0971448794007301 0.0961612313985825 0.0957344397902489 0.0954748690128326 0.0953521281480789 0.0953997671604156 0.0955281183123589 0.0961180105805397 0.0968181788921356 0.0985464751720428 0.100388221442699 0.102853208780289 0.10439595580101 0.102079026401043 0.0996973887085915 0.0971791744232178 0.0955313667654991 0.0949473902583122 0.096327617764473 0.0991385355591774 0.0995630696415901 0.0989993289113045 0.0999435558915138 0.101184211671352 0.0993101447820663 0.0977341085672379 0.100196368992329 0.102338254451752 0.103353686630726 0.104871399700642 0.10732189565897 0.108503185212612 0.108301632106304 0.108719624578953 0.109538495540619 0.108299762010574
