Ecospace-environmental-drivers/Outputs/ASCII-for-ecospace/MOM6-ISIMIP3a/phyc-vint/1981-09_phyc-vint_MOM6-ISIMIP3a.asc
NCOLS 131 
NROWS 53 
XLLCORNER -98 
YLLCORNER 23.9265270233154 
CELLSIZE 0.133587792515755 
NODATA_value -9999 
[rows 20 to 39 of 53, columns 45 to 89 of 131]
0.10897371172905 0.109263516962528 0.109591022133827 0.110441140830517 0.111439898610115 0.107802554965019 0.1038583740592 0.10444188117981 0.104873307049274 0.104531064629555 0.104055821895599 0.103259406983852 0.104212559759617 0.107567623257637 0.109849438071251 0.111253157258034 0.111139208078384 0.110306359827518 0.109019353985786 0.107623837888241 0.105670139193535 0.103679776191711 0.101713821291924 0.099446602165699 0.0959185287356377 0.0928979367017746 0.0909486711025238 0.0895808413624763 0.0889236554503441 0.0892035514116287 0.0901660174131393 0.0903948694467545 0.0903199091553688 0.0900412872433662 0.0897226259112358 0.0902399197220802 0.0908526033163071 0.0920946300029755 0.0934136807918549 0.0950035750865936 0.0963371470570564 0.0971946939826012 0.0966491252183914 0.094574823975563 0.0894384160637856
0.107478611171246 0.107497252523899 0.107439391314983 0.107153169810772 0.106802009046078 0.106447011232376 0.106102660298347 0.106056533753872 0.106011301279068 0.105970665812492 0.10605351626873 0.106434546411037 0.106738969683647 0.106938220560551 0.107443943619728 0.108200408518314 0.108032286167145 0.107426203787327 0.106152430176735 0.104719117283821 0.102846838533878 0.100958094000816 0.0992687344551086 0.0972488150000572 0.093845508992672 0.0910848453640938 0.0896808654069901 0.0890896990895271 0.0894919708371162 0.0903965309262276 0.0916669443249702 0.091848112642765 0.0915781781077385 0.0915980711579323 0.0916749313473701 0.0923419445753098 0.0930623710155487 0.0940910652279854 0.095073975622654 0.095895916223526 0.0964291542768478 0.0964262187480927 0.094980500638485 0.0919628068804741 0.0871021822094917
0.106118313968182 0.106223411858082 0.106190055608749 0.105783760547638 0.105271399021149 0.105064004659653 0.104894801974297 0.104914009571075 0.104915544390678 0.104827173054218 0.104832708835602 0.105064980685711 0.105235554277897 0.105321429669857 0.105620756745338 0.106094740331173 0.106064945459366 0.105796530842781 0.104867331683636 0.103780254721642 0.102152995765209 0.100490294396877 0.0988519340753555 0.0971020013093948 0.0948851779103279 0.0926958695054054 0.0905646532773972 0.0898800864815712 0.0909636318683624 0.0915456563234329 0.0917623788118362 0.091756597161293 0.0916586667299271 0.0918625891208649 0.0921258479356766 0.0926272794604301 0.0931565910577774 0.0938721001148224 0.0946081280708313 0.0954162925481796 0.0959633216261864 0.0960253700613976 0.0946191027760506 0.0916130542755127 0.0875071957707405
0.104528687894344 0.104779258370399 0.104841098189354 0.104435548186302 0.103897072374821 0.103621199727058 0.103385955095291 0.103521898388863 0.103612206876278 0.103470429778099 0.103371031582355 0.103373996913433 0.103459425270557 0.103658072650433 0.103876248002052 0.104110397398472 0.104226917028427 0.104287721216679 0.103721864521503 0.103006288409233 0.101636081933975 0.100208424031734 0.0985991358757019 0.0971045419573784 0.0960899814963341 0.094481348991394 0.0916186049580574 0.0907893627882004 0.0924454778432846 0.0926143750548363 0.0916999951004982 0.0914618000388145 0.0915036424994469 0.0918435826897621 0.0922421216964722 0.0925064980983734 0.0927786901593208 0.0931758657097816 0.0936758443713188 0.0945373177528381 0.095180407166481 0.0954179167747498 0.0941829457879066 0.0913436561822891 0.0880607739090919
0.0989837124943733 0.0998995378613472 0.100702911615372 0.101001732051373 0.101157061755657 0.101226449012756 0.101292677223682 0.101511180400848 0.101719185709953 0.101873748004436 0.102020464837551 0.102148249745369 0.102298580110073 0.102479875087738 0.102690756320953 0.102925837039948 0.103076040744781 0.103186041116714 0.102872498333454 0.102457754313946 0.101335577666759 0.100133620202541 0.0984779372811317 0.0969680473208427 0.0960683226585388 0.0947989374399185 0.0927491635084152 0.0920335873961449 0.0929486826062202 0.0924118310213089 0.0908174142241478 0.0897734463214874 0.0889574438333511 0.0887864753603935 0.0887423008680344 0.0879903510212898 0.0872956514358521 0.0874162837862968 0.087745875120163 0.0888102054595947 0.0898734331130981 0.0909346118569374 0.0908537283539772 0.0895285233855247 0.0875861123204231
0.0927633047103882 0.0942436829209328 0.0956951156258583 0.0966707020998001 0.0975109487771988 0.0979795157909393 0.0984083414077759 0.0987914204597473 0.0991877764463425 0.0996517166495323 0.100065372884274 0.100357629358768 0.10061576962471 0.100827090442181 0.101069830358028 0.101338274776936 0.101544685661793 0.101721726357937 0.101645156741142 0.101507999002934 0.100674860179424 0.0997451692819595 0.0981061235070229 0.0966253280639648 0.0958068147301674 0.0948646515607834 0.0936614498496056 0.093085877597332 0.0932773947715759 0.0921804681420326 0.0901450589299202 0.0883229225873947 0.0865891054272652 0.0858427211642265 0.0852904543280602 0.0838455185294151 0.0824985131621361 0.0824309960007668 0.0826200321316719 0.0837111175060272 0.0849728137254715 0.0865513309836388 0.0873589068651199 0.0873265117406845 0.0865487083792686
0.0835813209414482 0.085184708237648 0.0868743509054184 0.0884056091308594 0.0898918211460114 0.0909960120916367 0.0920554623007774 0.0929626673460007 0.0938572660088539 0.0946877300739288 0.0954596474766731 0.0960901975631714 0.0966442823410034 0.0970933884382248 0.0975396633148193 0.0979836285114288 0.098345048725605 0.0986673608422279 0.0987605378031731 0.098798967897892 0.0984347388148308 0.0979815125465393 0.0966354683041573 0.0953783914446831 0.0944936648011208 0.093826025724411 0.0936166867613792 0.0932965651154518 0.0928410515189171 0.0918227434158325 0.0903945043683052 0.0879151895642281 0.0850005745887756 0.0833960175514221 0.0820489823818207 0.0813288316130638 0.0807088539004326 0.0808407664299011 0.0810200199484825 0.0813657715916634 0.0818539559841156 0.0826066434383392 0.0831379741430283 0.0834281295537949 0.0830438435077667
0.0758571326732635 0.0773334205150604 0.0789735466241837 0.0807253643870354 0.082508958876133 0.0840102508664131 0.0854765474796295 0.0867781192064285 0.0880492106080055 0.0891652256250381 0.0902282670140266 0.0911634042859077 0.0920153632760048 0.092753142118454 0.0934624671936035 0.0941485092043877 0.094727136194706 0.0952548906207085 0.0955187901854515 0.095719650387764 0.0956313833594322 0.0954594835639 0.0943595170974731 0.0933301225304604 0.0925960913300514 0.0923225283622742 0.093021035194397 0.0931148007512093 0.0924694463610649 0.0916684716939926 0.0907541587948799 0.0879532694816589 0.0843710973858833 0.0822043269872665 0.0803157836198807 0.0801855698227882 0.080145888030529 0.0803545638918877 0.0804554671049118 0.0801774263381958 0.0799971893429756 0.0799985975027084 0.0801646485924721 0.0805100724101067 0.0802988782525063
0.0713136419653893 0.0721170976758003 0.073079951107502 0.0743211880326271 0.0756415948271751 0.0770195499062538 0.0784044340252876 0.0798172801733017 0.0811992362141609 0.0824241191148758 0.0836317986249924 0.0847979560494423 0.0859520360827446 0.087089516222477 0.0881917104125023 0.0892650485038757 0.0901966318488121 0.091061070561409 0.0914978310465813 0.0918323993682861 0.0915991067886353 0.0912828296422958 0.0903265327215195 0.0895334407687187 0.0894233882427216 0.0898047313094139 0.0912234336137772 0.092076763510704 0.0922390893101692 0.091958113014698 0.0913542434573174 0.0889640748500824 0.0858341306447983 0.083750881254673 0.0818733870983124 0.0820389240980148 0.0822593793272972 0.0822772085666656 0.0821501165628433 0.081513486802578 0.0808941423892975 0.0803069025278091 0.079913392663002 0.0797309651970863 0.0792118757963181
0.0682984739542007 0.0686202123761177 0.0690707787871361 0.0698398947715759 0.0706996098160744 0.0718259811401367 0.0729862898588181 0.074325755238533 0.0756440758705139 0.0768547728657722 0.0780758112668991 0.0793218091130257 0.0806022956967354 0.0819301381707191 0.0832270681858063 0.084498718380928 0.0856447368860245 0.0867312401533127 0.0872760564088821 0.0876914411783218 0.0875130966305733 0.0872759595513344 0.0867768228054047 0.0864583700895309 0.0868960991501808 0.0878013372421265 0.089693546295166 0.091037392616272 0.0917110219597816 0.0917643830180168 0.0913659557700157 0.0895290672779083 0.0870964750647545 0.0853163599967957 0.0836644992232323 0.0837882608175278 0.0839467942714691 0.0838026478886604 0.0834954380989075 0.08261489123106 0.0816618427634239 0.0805741623044014 0.0796902105212212 0.0790282338857651 0.078326441347599
0.0672060698270798 0.0672864988446236 0.0674323663115501 0.0677777603268623 0.0681798979640007 0.0688933357596397 0.069648951292038 0.0706827715039253 0.0717178955674171 0.0727596133947372 0.0738288387656212 0.0749644562602043 0.0761503204703331 0.077405147254467 0.0786475390195847 0.0798797681927681 0.0810659378767014 0.0822302848100662 0.0828016400337219 0.0832313075661659 0.0833594799041748 0.0834826901555061 0.0838351175189018 0.0842911452054977 0.0851807743310928 0.0864451006054878 0.0885004624724388 0.089996337890625 0.0908084064722061 0.0909625366330147 0.0906374305486679 0.0895332098007202 0.0881063342094421 0.0869056284427643 0.0857493802905083 0.0854067206382751 0.0850981622934341 0.0848283618688583 0.0844012647867203 0.0834210738539696 0.0822669491171837 0.080789789557457 0.0795023441314697 0.0784216001629829 0.0776946097612381
0.0663141384720802 0.0662478134036064 0.0662220269441605 0.0663336887955666 0.0664844363927841 0.066916823387146 0.0673899799585342 0.068185456097126 0.0690029859542847 0.0699326619505882 0.0708944797515869 0.0719339102506638 0.073024295270443 0.0741846412420273 0.0753339678049088 0.0764742642641068 0.0776567384600639 0.0788591802120209 0.079555556178093 0.080131009221077 0.0806932970881462 0.0812742710113525 0.0821403488516808 0.0829988047480583 0.083825372159481 0.0848978385329247 0.0864894092082977 0.0876658037304878 0.088334783911705 0.0884522944688797 0.0881681218743324 0.0874848812818527 0.0866363793611526 0.0858639776706696 0.0851065367460251 0.0846342891454697 0.0841842144727707 0.0838475301861763 0.0833939537405968 0.0825293809175491 0.081459753215313 0.0800093039870262 0.0786593556404114 0.0774189010262489 0.0767499506473541
0.0655725598335266 0.0654303953051567 0.065332755446434 0.0653531700372696 0.0654071643948555 0.065657414495945 0.0659398064017296 0.0665474161505699 0.0671965405344963 0.0680568814277649 0.0689446106553078 0.0698984712362289 0.0708927512168884 0.0719425231218338 0.0729698687791824 0.0739788636565208 0.0751247480511665 0.0763354748487473 0.077230729162693 0.0780506059527397 0.0791427046060562 0.080254502594471 0.0813807919621468 0.0823626294732094 0.0827399268746376 0.0832073092460632 0.0838648676872253 0.0843681544065475 0.0846828892827034 0.0846607387065887 0.084393210709095 0.0838971883058548 0.0833065360784531 0.0828491076827049 0.082417868077755 0.0820686668157578 0.0817212611436844 0.0813617557287216 0.0809517651796341 0.0803642570972443 0.0795933157205582 0.0784817337989807 0.0773250311613083 0.0761191621422768 0.0755706802010536
0.0647206231951714 0.0646204128861427 0.0645471066236496 0.0645569562911987 0.0645904541015625 0.0647678077220917 0.0649713724851608 0.065484844148159 0.0660515204071999 0.0668888464570045 0.0677528977394104 0.068681463599205 0.069648340344429 0.0706677958369255 0.0717051550745964 0.0727571547031403 0.0740549489855766 0.0754691809415817 0.0766368061304092 0.0777455046772957 0.0786896347999573 0.0796034783124924 0.0802409648895264 0.0807517543435097 0.0807322561740875 0.080749087035656 0.080842599272728 0.0807819738984108 0.0805329754948616 0.0800662487745285 0.0794409289956093 0.0787729471921921 0.0780873000621796 0.0776909291744232 0.077351413667202 0.0772777125239372 0.077229268848896 0.0773314535617828 0.0773837938904762 0.0772608742117882 0.0769752562046051 0.0763874873518944 0.0756685882806778 0.0748068317770958 0.074435792863369
0.0638213753700256 0.063813604414463 0.0638058707118034 0.0638397261500359 0.0638854056596756 0.0640366896986961 0.064209409058094 0.0646689087152481 0.0651899725198746 0.0660241469740868 0.0668861269950867 0.0678152292966843 0.0687841325998306 0.0698076784610748 0.0709116160869598 0.0720813199877739 0.073611818253994 0.0753132179379463 0.0767847001552582 0.0782012566924095 0.0787069424986839 0.0791104882955551 0.0789381638169289 0.078723132610321 0.0783293470740318 0.0779618471860886 0.077649861574173 0.0770721361041069 0.0761696323752403 0.0751276463270187 0.0739840567111969 0.0729901865124702 0.0720583125948906 0.0716141685843468 0.0712658911943436 0.0715330317616463 0.0718676894903183 0.0726392045617104 0.0733333379030228 0.0737553834915161 0.0740350633859634 0.0740503668785095 0.0738740935921669 0.0734890922904015 0.0733199343085289
0.0633662417531013 0.0633860602974892 0.0634058937430382 0.0634269937872887 0.0634484514594078 0.0635444298386574 0.0636598318815231 0.064093716442585 0.0646050199866295 0.065510131418705 0.0664669275283813 0.0675485357642174 0.0686945840716362 0.0699291154742241 0.0713121145963669 0.0728165879845619 0.0744576826691628 0.0761634930968285 0.0774338021874428 0.0786000639200211 0.0787976011633873 0.0789024457335472 0.0786268040537834 0.0782892853021622 0.077692836523056 0.0770378559827805 0.0762593150138855 0.0751449391245842 0.0736201107501984 0.0723263919353485 0.0712010264396667 0.0701616033911705 0.0691577643156052 0.0685776919126511 0.0680809244513512 0.068243220448494 0.0684927552938461 0.0693560391664505 0.0702135041356087 0.0710505098104477 0.0717125311493874 0.072049580514431 0.0721894428133965 0.0721144676208496 0.0721004828810692
0.0630029961466789 0.0630369931459427 0.0630765184760094 0.0630772635340691 0.0630669742822647 0.063101589679718 0.0631541982293129 0.0635683387517929 0.06407730281353 0.0650686696171761 0.0661403387784958 0.0674058869481087 0.0687653198838234 0.0702536329627037 0.0719596669077873 0.073843814432621 0.0755702406167984 0.0772219523787498 0.0781866014003754 0.0789870843291283 0.0789034441113472 0.078753374516964 0.0785205662250519 0.0781853869557381 0.0774217918515205 0.0764993652701378 0.0752416476607323 0.0735865756869316 0.0714458674192429 0.0699673667550087 0.0689712166786194 0.06794423609972 0.0669045001268387 0.066170260310173 0.0654960796236992 0.0654613301157951 0.0655288696289062 0.0663644149899483 0.0672862082719803 0.0685112923383713 0.0695177912712097 0.0701183751225471 0.070527508854866 0.0707280710339546 0.0708595961332321
0.0627459064126015 0.0627222210168839 0.0627104192972183 0.0626571401953697 0.0625920668244362 0.0627107545733452 0.0628637000918388 0.0634335353970528 0.0641030520200729 0.065279632806778 0.0665607675909996 0.0680943429470062 0.0697828680276871 0.0716841146349907 0.0736009478569031 0.0755305215716362 0.0770200118422508 0.0783010423183441 0.0789580270648003 0.0794658958911896 0.0792180225253105 0.0789242014288902 0.0787172392010689 0.0783253386616707 0.0771594643592834 0.0759393274784088 0.0746046379208565 0.0727184265851974 0.0701581388711929 0.0685690268874168 0.0676873102784157 0.0667528882622719 0.0657966509461403 0.0652000680565834 0.0646741837263107 0.0645289495587349 0.0644605308771133 0.0650047436356544 0.0656734481453896 0.0667798519134521 0.0677582323551178 0.0684988647699356 0.069079764187336 0.0694866180419922 0.0696757435798645
0.0624846667051315 0.0624047219753265 0.0623424835503101 0.0622438006103039 0.062134750187397 0.0623460970818996 0.0626080334186554 0.0633503571152687 0.0641970708966255 0.0655747577548027 0.0670798942446709 0.0688927620649338 0.0709032416343689 0.0731850191950798 0.0752738267183304 0.0772047564387321 0.0784243494272232 0.0793069899082184 0.0796701237559319 0.07990912348032 0.079528421163559 0.0791214779019356 0.0789522528648376 0.0785093605518341 0.076921135187149 0.0753864273428917 0.0739647001028061 0.0718621537089348 0.0689275115728378 0.0672458484768867 0.0664768517017365 0.0656703859567642 0.0648484006524086 0.0644224062561989 0.0640742555260658 0.0638370513916016 0.0636478736996651 0.0638876035809517 0.0642811432480812 0.0652154460549355 0.0661157071590424 0.0669527500867844 0.0676705837249756 0.0682585388422012 0.0684990733861923
0.062128521502018 0.0620417110621929 0.0619724802672863 0.0619363859295845 0.0619097128510475 0.0622358210384846 0.0626211762428284 0.0636312887072563 0.064754918217659 0.0664559826254845 0.0682950019836426 0.0704671517014503 0.0726681798696518 0.0749088376760483 0.0768091604113579 0.078431025147438 0.079183004796505 0.0795229449868202 0.0797405540943146 0.0799289271235466 0.079694427549839 0.0794480368494987 0.0794515460729599 0.0790469869971275 0.0769346058368683 0.0749199613928795 0.0731116458773613 0.0708028823137283 0.0678824782371521 0.0662655606865883 0.0655980855226517 0.0652587860822678 0.0650554001331329 0.0650119855999947 0.065000019967556 0.0648269429802895 0.0646571666002274 0.0645779445767403 0.0646124705672264 0.0650469288229942 0.0655137300491333 0.0660405978560448 0.0665705129504204 0.0671037510037422 0.0673717558383942
