Ecospace-environmental-drivers/Outputs/ASCII-for-ecospace/MOM6-ISIMIP3a/phyc-vint/1982-03_phyc-vint_MOM6-ISIMIP3a.asc
NCOLS 131 
NROWS 53 
XLLCORNER -98 
YLLCORNER 23.9265270233154 
CELLSIZE 0.133587792515755 
NODATA_value -9999 
[rows 20 to 39 of 53, columns 46 to 91 of 131]
0.138677567243576 0.137297660112381 0.137492045760155 0.138134151697159 0.135654777288437 0.132965922355652 0.133247375488281 0.1331597417593 0.131194591522217 0.129153445363045 0.126928880810738 0.126136034727097 0.127308785915375 0.128153204917908 0.12872901558876 0.130548030138016 0.132955938577652 0.135970667004585 0.139130368828773 0.142623350024223 0.146031528711319 0.147871971130371 0.148965552449226 0.146933406591415 0.144802629947662 0.142463609576225 0.142120942473412 0.14421820640564 0.146752208471298 0.149604350328445 0.148838222026825 0.146573662757874 0.145510286092758 0.144683003425598 0.143539175391197 0.142577573657036 0.143510699272156 0.144604846835136 0.146265059709549 0.146769896149635 0.145129054784775 0.141463190317154 0.135591000318527 0.130802288651466 0.126714617013931 0.124004818499088
0.130295678973198 0.126342713832855 0.124855682253838 0.124069958925247 0.127850696444511 0.131974309682846 0.132735341787338 0.133038684725761 0.131013706326485 0.12892547249794 0.126684486865997 0.124890431761742 0.123709984123707 0.124582953751087 0.12713597714901 0.129700779914856 0.132271155714989 0.135007634758949 0.13778381049633 0.139110073447227 0.140349224209785 0.141770467162132 0.143138617277145 0.144284561276436 0.144284129142761 0.141863584518433 0.14154440164566 0.143793508410454 0.146936431527138 0.15073037147522 0.148558184504509 0.143915206193924 0.142760559916496 0.142291635274887 0.141041040420532 0.13995623588562 0.140773713588715 0.141545996069908 0.142159312963486 0.142536818981171 0.142476409673691 0.140084952116013 0.135153710842133 0.13000313937664 0.124710664153099 0.121028006076813
0.126913323998451 0.124941021203995 0.126306921243668 0.128622204065323 0.130977064371109 0.133218005299568 0.132274135947227 0.131118401885033 0.128885060548782 0.126848116517067 0.125285357236862 0.123753115534782 0.122262746095657 0.122592888772488 0.124412514269352 0.126504048705101 0.128724366426468 0.1307353079319 0.132696211338043 0.133002236485481 0.133261919021606 0.134501948952675 0.135655894875526 0.136449471116066 0.136555701494217 0.135210871696472 0.1349206417799 0.135919377207756 0.138362765312195 0.14185842871666 0.141147494316101 0.138694480061531 0.137520268559456 0.136597439646721 0.135261371731758 0.134079903364182 0.134558245539665 0.135240852832794 0.136641651391983 0.137684598565102 0.138063013553619 0.136567682027817 0.133030846714973 0.128425121307373 0.123127773404121 0.119761511683464
0.124215126037598 0.124467901885509 0.128581181168556 0.133792385458946 0.134330570697784 0.134287595748901 0.131468310952187 0.128701329231262 0.126200422644615 0.124195352196693 0.123387515544891 0.122269988059998 0.120727315545082 0.120543949306011 0.121472731232643 0.122999034821987 0.124808371067047 0.12605744600296 0.127172634005547 0.126627653837204 0.126084804534912 0.127232894301414 0.128191575407982 0.128357648849487 0.128365978598595 0.128041341900826 0.127737268805504 0.127458348870277 0.129103884100914 0.132151201367378 0.133017763495445 0.132981196045876 0.131822094321251 0.130442321300507 0.129113137722015 0.127921566367149 0.128056213259697 0.128678500652313 0.1310153901577 0.13279677927494 0.13354654610157 0.13289587199688 0.130719378590584 0.126732051372528 0.121573008596897 0.118677780032158
0.126460134983063 0.127190679311752 0.126553639769554 0.125527665019035 0.127557143568993 0.129646599292755 0.124911554157734 0.120370134711266 0.116813659667969 0.114395469427109 0.114725783467293 0.114943146705627 0.11500545591116 0.115517802536488 0.116398349404335 0.117389492690563 0.118433028459549 0.118888676166534 0.119203858077526 0.119145154953003 0.119209356606007 0.121436156332493 0.123133130371571 0.122612744569778 0.121716529130936 0.120026901364326 0.11899571120739 0.118769258260727 0.119655549526215 0.121352352201939 0.122074358165264 0.122392669320107 0.121729917824268 0.120874315500259 0.121048860251904 0.121241740882397 0.121241115033627 0.121992789208889 0.125389575958252 0.128107473254204 0.129564583301544 0.12938928604126 0.1274354159832 0.12412916123867 0.119947865605354 0.118438564240932
0.127941906452179 0.128977805376053 0.123902387917042 0.117088906466961 0.11946152150631 0.122455447912216 0.116837695240974 0.111489623785019 0.107513420283794 0.105124600231647 0.106568716466427 0.108030393719673 0.109516173601151 0.110672786831856 0.111560076475143 0.112112261354923 0.112505704164505 0.112369798123837 0.112107411026955 0.112625248730183 0.113332606852055 0.116018146276474 0.117997489869595 0.117021299898624 0.115530364215374 0.112952776253223 0.111434929072857 0.111212320625782 0.111380353569984 0.111832916736603 0.112297050654888 0.112765975296497 0.112487323582172 0.112061716616154 0.113367088139057 0.114620260894299 0.114737287163734 0.115701787173748 0.119646072387695 0.122952923178673 0.125075966119766 0.125446438789368 0.123907424509525 0.121403425931931 0.11827502399683 0.118006706237793
0.12607704102993 0.126662328839302 0.1185162961483 0.107887081801891 0.105568468570709 0.104082562029362 0.102111734449863 0.100200511515141 0.0985925123095512 0.0981732904911041 0.100624479353428 0.102933302521706 0.105046689510345 0.106621995568275 0.107757069170475 0.108292073011398 0.108542829751968 0.108700484037399 0.108835898339748 0.110326051712036 0.1118348762393 0.112260766327381 0.112523391842842 0.112102687358856 0.111375577747822 0.110001631081104 0.109051562845707 0.108619548380375 0.108249053359032 0.107923373579979 0.107632771134377 0.107356689870358 0.10696991533041 0.106561377644539 0.107362478971481 0.108254604041576 0.109598241746426 0.111141480505466 0.113386504352093 0.115758366882801 0.118365786969662 0.119590766727924 0.119309529662132 0.118139006197453 0.116393089294434 0.116730190813541
0.124322757124901 0.123001903295517 0.113054633140564 0.100654013454914 0.0949732586741447 0.0901722386479378 0.0905520617961884 0.0909922569990158 0.0917394980788231 0.0931703746318817 0.0962519273161888 0.0991627499461174 0.101839177310467 0.103746980428696 0.10502590239048 0.105301856994629 0.105102725327015 0.105243571102619 0.105465658009052 0.107201181352139 0.108859419822693 0.107879474759102 0.107102505862713 0.107175052165985 0.10712006688118 0.106795839965343 0.106452278792858 0.1060850918293 0.105492137372494 0.104734733700752 0.104041486978531 0.103374794125557 0.103029973804951 0.102748423814774 0.103196643292904 0.103812225162983 0.105798751115799 0.107561260461807 0.108536101877689 0.110041908919811 0.112533748149872 0.114110320806503 0.11468967795372 0.114577814936638 0.114018693566322 0.114994071424007
0.122809760272503 0.11640702933073 0.107428081333637 0.0977164655923843 0.0915734469890594 0.0859985798597336 0.0859007984399796 0.0863241329789162 0.0893983319401741 0.0924185812473297 0.0953085720539093 0.0982864871621132 0.101385124027729 0.103437311947346 0.104633338749409 0.104122534394264 0.102803237736225 0.102250084280968 0.101879984140396 0.102274797856808 0.102659776806831 0.102136872708797 0.101797752082348 0.102227762341499 0.10264478623867 0.103034421801567 0.103381916880608 0.103677906095982 0.103552080690861 0.103119015693665 0.102791324257851 0.102507270872593 0.102531850337982 0.102617107331753 0.103042736649513 0.10356617718935 0.104921959340572 0.106119446456432 0.106760323047638 0.1075504347682 0.108617678284645 0.109448567032814 0.110021948814392 0.110369078814983 0.110569819808006 0.112255156040192
0.118899643421173 0.112408764660358 0.104888588190079 0.0970756858587265 0.0912259295582771 0.0857595950365067 0.0852198973298073 0.0855183824896812 0.0900806114077568 0.0939543768763542 0.096165768802166 0.098504364490509 0.101017586886883 0.102802976965904 0.103992879390717 0.102968007326126 0.100894033908844 0.0999583303928375 0.09929458796978 0.0991074815392494 0.0989546552300453 0.0988243147730827 0.0988696813583374 0.0996504276990891 0.100453861057758 0.101305194199085 0.10198550671339 0.102456793189049 0.102642767131329 0.10262093693018 0.102314509451389 0.101890221238136 0.102018296718597 0.102254949510098 0.102639734745026 0.103082560002804 0.104038752615452 0.104917623102665 0.105524651706219 0.105971336364746 0.106120236217976 0.106507755815983 0.107155255973339 0.107777498662472 0.108383394777775 0.110328167676926
0.111973747611046 0.111677244305611 0.10623287409544 0.0993244424462318 0.0947184413671494 0.0904707461595535 0.0895340293645859 0.0895718038082123 0.0945666506886482 0.0983681529760361 0.0992882177233696 0.100098744034767 0.100758895277977 0.101760178804398 0.103040553629398 0.101844675838947 0.0994758382439613 0.098549410700798 0.097967617213726 0.098153218626976 0.0983878597617149 0.0985689386725426 0.0989316776394844 0.100054703652859 0.101136833429337 0.102132625877857 0.102695062756538 0.102727852761745 0.10303021222353 0.103528931736946 0.102810621261597 0.101588301360607 0.101485319435596 0.101602368056774 0.101923353970051 0.102300070226192 0.103147469460964 0.104017749428749 0.10496848076582 0.105540074408054 0.105407558381557 0.105732038617134 0.106554418802261 0.10722042620182 0.107785239815712 0.109422631561756
0.107543855905533 0.110288172960281 0.107204802334309 0.102464035153389 0.098946213722229 0.0956183895468712 0.0940406918525696 0.0933675765991211 0.0972959920763969 0.100031085312366 0.0998847931623459 0.0997336357831955 0.0995758026838303 0.100255720317364 0.101621061563492 0.100969560444355 0.0993627160787582 0.0989977791905403 0.0989295691251755 0.0997614860534668 0.100576154887676 0.100239790976048 0.100177943706512 0.101264968514442 0.102293334901333 0.103197880089283 0.103481121361256 0.103004992008209 0.103255271911621 0.104034669697285 0.103260785341263 0.101843625307083 0.101492404937744 0.101350717246532 0.101378329098225 0.101446650922298 0.101851396262646 0.102405592799187 0.103485234081745 0.104125060141087 0.10394810885191 0.10434877872467 0.105378799140453 0.106616295874119 0.10798804461956 0.109884202480316
0.104985997080803 0.108405917882919 0.107897467911243 0.106271781027317 0.10372544080019 0.101093396544456 0.0986917391419411 0.0969701260328293 0.0987077951431274 0.0996308475732803 0.0985869392752647 0.0978988930583 0.0976993888616562 0.0984050109982491 0.0998511835932732 0.100280605256557 0.100228413939476 0.100839130580425 0.101608239114285 0.103291675448418 0.104830801486969 0.103355340659618 0.102312415838242 0.103079728782177 0.103804990649223 0.10444150865078 0.104324549436569 0.103286676108837 0.103358536958694 0.104238711297512 0.103676475584507 0.102516889572144 0.101904533803463 0.101399756968021 0.100961834192276 0.100540049374104 0.100251741707325 0.100259214639664 0.101306669414043 0.101972229778767 0.101928561925888 0.102509863674641 0.103772081434727 0.105976887047291 0.108791574835777 0.111371129751205
0.105065450072289 0.107136957347393 0.108011268079281 0.10854509472847 0.106343358755112 0.103837877511978 0.100691646337509 0.0980865806341171 0.0982343330979347 0.0980851277709007 0.0972188711166382 0.0967980101704597 0.0969886258244514 0.098250649869442 0.100389271974564 0.102340668439865 0.104203388094902 0.104901514947414 0.105321384966373 0.106502413749695 0.107509426772594 0.105222523212433 0.103270389139652 0.102719306945801 0.102299265563488 0.102155864238739 0.1018131300807 0.101226776838303 0.101301841437817 0.101858668029308 0.101363584399223 0.100432865321636 0.099840484559536 0.0993146151304245 0.0986440777778625 0.0979774296283722 0.0974011048674583 0.0971605703234673 0.0981007069349289 0.0987939462065697 0.0990286469459534 0.0993933081626892 0.099899560213089 0.103029318153858 0.107856623828411 0.1116833537817
0.106275200843811 0.106130830943584 0.107876978814602 0.110160790383816 0.108034990727901 0.105412118136883 0.101555332541466 0.0981375500559807 0.0969528928399086 0.0960484743118286 0.0958207026124001 0.0960116535425186 0.0967774391174316 0.0988233089447021 0.101916499435902 0.105578899383545 0.10951092094183 0.109915778040886 0.109477877616882 0.109576247632504 0.109512597322464 0.106554687023163 0.103724151849747 0.101426661014557 0.0995003506541252 0.0983576476573944 0.0978639051318169 0.0981633216142654 0.0983194336295128 0.0983711555600166 0.0978812873363495 0.0971671268343925 0.0967151969671249 0.0963148176670074 0.0955114886164665 0.0947050675749779 0.0940143167972565 0.0936538055539131 0.0944544300436974 0.095176175236702 0.0957514271140099 0.095729187130928 0.0950559601187706 0.099092535674572 0.10617658495903 0.111492142081261
0.108658529818058 0.105700053274632 0.106508292257786 0.108387783169746 0.10754805803299 0.106390759348869 0.104174129664898 0.101675935089588 0.0977454409003258 0.0950269773602486 0.095235101878643 0.095979318022728 0.0974595174193382 0.099919281899929 0.10318049788475 0.107012555003166 0.111115001142025 0.110988840460777 0.109852321445942 0.108446054160595 0.106935523450375 0.104177057743073 0.101408250629902 0.0985961779952049 0.0964302867650986 0.095628522336483 0.095431737601757 0.095974363386631 0.0961256325244904 0.0959918424487114 0.0954575687646866 0.0947574451565742 0.0940566658973694 0.0933557525277138 0.092644102871418 0.0919491127133369 0.0914208218455315 0.091047540307045 0.0912192910909653 0.0917221158742905 0.0928397625684738 0.0928436666727066 0.0916341245174408 0.0962990894913673 0.104765139520168 0.109354875981808
0.111284680664539 0.105388313531876 0.104884199798107 0.105913646519184 0.106610380113125 0.107246167957783 0.107156060636044 0.105935871601105 0.0989670902490616 0.0942155197262764 0.0948176234960556 0.0961029976606369 0.0983264222741127 0.101123534142971 0.104390032589436 0.108072839677334 0.11195283383131 0.111246459186077 0.109444245696068 0.106446050107479 0.103410787880421 0.101031862199306 0.0985193103551865 0.0954475179314613 0.0933041125535965 0.0931205898523331 0.093313455581665 0.0939663425087929 0.0940950065851212 0.0938418284058571 0.0932528749108315 0.092524878680706 0.0914947018027306 0.0904051214456558 0.0898315832018852 0.0892999917268753 0.0889914557337761 0.0886275991797447 0.0880692228674889 0.088301919400692 0.0900037288665771 0.0901192426681519 0.0885064527392387 0.093742199242115 0.10340927541256 0.106814973056316
0.112744815647602 0.106343075633049 0.105061829090118 0.105236858129501 0.106389202177525 0.107556067407131 0.106414079666138 0.104574471712112 0.0991861745715141 0.0957051515579224 0.0968294367194176 0.0981365814805031 0.0996947735548019 0.101505145430565 0.103521846234798 0.106004498898983 0.10870786011219 0.108358897268772 0.107280634343624 0.103810183703899 0.1002561673522 0.097877711057663 0.0956577509641647 0.0941011011600494 0.0929708331823349 0.0927406623959541 0.0931229740381241 0.094253845512867 0.0937700867652893 0.0921102464199066 0.0907097607851028 0.0894166827201843 0.0880566909909248 0.0866835489869118 0.0864747911691666 0.0863440185785294 0.0865537971258163 0.0866816639900208 0.0865215212106705 0.0866130664944649 0.0871720388531685 0.0867461189627647 0.085247129201889 0.0893385782837868 0.0970473140478134 0.102637737989426
0.114052221179008 0.107372537255287 0.105435505509377 0.104847274720669 0.106215223670006 0.107643075287342 0.105282485485077 0.102733507752419 0.0992262288928032 0.0972171127796173 0.0988254547119141 0.100111871957779 0.100956305861473 0.101807817816734 0.102665111422539 0.103918299078941 0.105359017848969 0.105387635529041 0.105078853666782 0.101297572255135 0.0973806902766228 0.0949624329805374 0.0929735451936722 0.0927816107869148 0.0926102846860886 0.0924824848771095 0.0930771455168724 0.0945547968149185 0.0934969931840897 0.0905923992395401 0.0883631929755211 0.0864136815071106 0.0848371237516403 0.0833338648080826 0.0835417062044144 0.0838492885231972 0.0845121964812279 0.0850862562656403 0.0853479132056236 0.0853270664811134 0.0847815796732903 0.0838185921311378 0.0824007242918015 0.0852211564779282 0.0907839685678482 0.098394475877285
0.114287383854389 0.108593881130219 0.107039719820023 0.106662794947624 0.106202401220798 0.105613090097904 0.101773723959923 0.0984621718525887 0.0978355333209038 0.0978681594133377 0.0994926244020462 0.100552976131439 0.100838892161846 0.101661406457424 0.102922953665257 0.103136010468006 0.102852419018745 0.103025853633881 0.103308476507664 0.100403338670731 0.0973060503602028 0.0945995002985001 0.0921681299805641 0.0908884257078171 0.0906248763203621 0.0925065353512764 0.0936535745859146 0.0939027592539787 0.0929620042443275 0.0911545306444168 0.0882748439908028 0.0849511176347733 0.0843660980463028 0.0843194425106049 0.085388295352459 0.0864211916923523 0.0866992697119713 0.0870034471154213 0.087399423122406 0.08751130849123 0.0870956107974052 0.0859541371464729 0.0840219110250473 0.0850387439131737 0.0879637748003006 0.0942289605736732
