Ecospace-environmental-drivers/Outputs/ASCII-for-ecospace/MOM6-ISIMIP3a/phyc-vint/1982-12_phyc-vint_MOM6-ISIMIP3a.asc
NCOLS 131 
NROWS 53 
XLLCORNER -98 
YLLCORNER 23.9265270233154 
CELLSIZE 0.133587792515755 
NODATA_value -9999 
[rows 0 to 19 of 53, columns 45 to 89 of 131]
-9999 -9999 -9999 -9999 -9999 -9999 -9999 -9999 -9999 -9999 -9999 -9999 -9999 -9999 -9999 -9999 -9999 -9999 -9999 -9999 -9999 -9999 -9999 -9999 -9999 -9999 -9999 -9999 -9999 -9999 -9999 -9999 -9999 -9999 -9999 -9999 -9999 -9999 -9999 -9999 -9999 -9999 -9999 -9999 -9999
-9999 -9999 -9999 -9999 -9999 -9999 -9999 -9999 -9999 -9999 -9999 -9999 -9999 -9999 -9999 -9999 -9999 -9999 -9999 -9999 -9999 -9999 -9999 -9999 -9999 -9999 -9999 -9999 -9999 -9999 -9999 -9999 -9999 -9999 -9999 -9999 -9999 -9999 -9999 -9999 -9999 -9999 -9999 -9999 -9999
-9999 -9999 -9999 -9999 -9999 -9999 -9999 -9999 -9999 -9999 -9999 -9999 -9999 -9999 -9999 -9999 -9999 -9999 -9999 -9999 -9999 -9999 -9999 -9999 -9999 -9999 -9999 -9999 -9999 0.0647817775607109 0.0514529198408127 -9999 -9999 -9999 -9999 -9999 -9999 -9999 -9999 -9999 -9999 -9999 -9999 -9999 -9999
-9999 -9999 -9999 -9999 -9999 -9999 -9999 -9999 -9999 -9999 -9999 -9999 -9999 -9999 -9999 -9999 -9999 -9999 -9999 -9999 -9999 -9999 -9999 -9999 -9999 -9999 -9999 -9999 -9999 0.0652172118425369 0.0506007000803947 -9999 -9999 -9999 -9999 -9999 -9999 -9999 -9999 -9999 -9999 -9999 -9999 -9999 -9999
-9999 -9999 -9999 -9999 -9999 -9999 -9999 -9999 -9999 -9999 -9999 -9999 -9999 -9999 -9999 -9999 -9999 -9999 -9999 -9999 0.115411587059498 0.114630319178104 0.11400530487299 0.110359452664852 0.107019692659378 0.100986376404762 0.0954775661230087 0.0896643176674843 0.0802364870905876 0.065681479871273 0.0497336573898792 0.0363869667053223 -9999 -9999 0.0253300610929728 0.0250669941306114 0.027292400598526 0.0323304571211338 0.0412525422871113 0.0505851991474628 0.0576209053397179 0.0593518540263176 0.0551759302616119 0.0480441562831402 -9999
-9999 -9999 -9999 -9999 -9999 -9999 -9999 -9999 -9999 -9999 -9999 -9999 -9999 -9999 -9999 -9999 0.124966852366924 -9999 0.124015137553215 0.12321000546217 0.119235932826996 0.115411587059498 0.114474065601826 0.11400530487299 0.106713600456715 0.10034018009901 0.0959053486585617 0.0901871621608734 0.0829004421830177 0.0676218643784523 0.0465221367776394 0.0350569672882557 0.0275817960500717 0.0258670058101416 0.0252845678478479 0.0248386077582836 0.0250778049230576 0.0319607891142368 0.039952777326107 0.0518440641462803 0.0599587596952915 0.0610598959028721 0.0570369027554989 0.0474309958517551 0.0396645665168762
-9999 -9999 -9999 -9999 -9999 -9999 -9999 -9999 -9999 -9999 -9999 -9999 0.190954729914665 0.191475450992584 0.191761434078217 0.192305877804756 0.158629432320595 0.125055894255638 0.12487781047821 0.123957596719265 0.12321000546217 0.11908620595932 0.115411587059498 0.11400530487299 0.106713600456715 0.10034018009901 0.0959053486585617 0.0901871621608734 0.0829004421830177 0.0676218643784523 0.0465221367776394 0.0350569672882557 0.0275817960500717 0.0258670058101416 0.0252845678478479 0.0248386077582836 0.0250778049230576 0.0319607891142368 0.039952777326107 0.0518440641462803 0.0599587596952915 0.0610598959028721 0.0570369027554989 0.0474309958517551 0.0396645665168762
-9999 -9999 -9999 -9999 -9999 -9999 -9999 -9999 -9999 -9999 -9999 -9999 0.188162803649902 0.190954729914665 0.191996186971664 -9999 0.192588090896606 0.158291980624199 0.125233978033066 0.12487781047821 0.123784981667995 0.12321000546217 0.118637032806873 0.112919718027115 0.102413222193718 0.0955217108130455 0.0962617248296738 0.0929296016693115 0.0846204981207848 0.0711956843733788 0.054044671356678 0.0451676622033119 0.0397172011435032 0.0423174276947975 0.0465002283453941 0.0461989901959896 0.0462387278676033 0.051231574267149 0.0576683282852173 0.069181926548481 0.0754252374172211 0.0718810260295868 0.0656358152627945 0.0564477667212486 0.0536008588969707
0.116026997566223 -9999 -9999 -9999 -9999 -9999 -9999 -9999 -9999 -9999 -9999 -9999 -9999 -9999 -9999 -9999 0.193007737398148 0.191718891263008 0.15662145614624 0.125590160489082 0.12487781047821 0.123267136514187 0.118316613137722 0.111629702150822 0.0976758524775505 0.0902410596609116 0.0965685397386551 0.0958782806992531 0.0866108909249306 0.0752831846475601 0.0624547824263573 0.0563831925392151 0.0531098283827305 0.060236394405365 0.0694073364138603 0.0693510919809341 0.0692788064479828 0.0723878964781761 0.0772299095988274 0.0881649777293205 0.0923061147332191 0.0838301777839661 0.075205497443676 0.0664187669754028 0.0687190964818001
0.114954918622971 0.113975711166859 0.113733068108559 -9999 -9999 -9999 -9999 -9999 -9999 -9999 -9999 -9999 0.134264677762985 0.185301080346107 -9999 -9999 -9999 0.192947924137115 0.187088191509247 0.152603194117546 0.126302510499954 0.125871196389198 0.117104560136795 0.107490122318268 0.0943275988101959 0.0874507576227188 0.0938435196876526 0.0954774469137192 0.0912950858473778 0.0833348408341408 0.0726228430867195 0.0669650062918663 0.0634002760052681 0.0659347027540207 0.0696680843830109 0.0727199241518974 0.0762626081705093 0.0848467573523521 0.0926270633935928 0.0975809991359711 0.0988432690501213 0.0932497009634972 0.0852951183915138 0.0747681260108948 0.0713707134127617
0.114460989832878 0.113902173936367 0.11356396228075 0.113539002835751 -9999 -9999 -9999 -9999 -9999 -9999 -9999 -9999 0.10789879411459 0.136206582188606 0.185301080346107 -9999 -9999 0.199286386370659 0.188602656126022 0.173375532031059 0.149857491254807 0.126528099179268 0.11423447728157 0.102102555334568 0.0906473770737648 0.0850083753466606 0.0916477888822556 0.0953065305948257 0.0953222587704659 0.09038395434618 0.0818371996283531 0.0768206119537354 0.0732659846544266 0.0719162598252296 0.0709999725222588 0.0773841440677643 0.0845275446772575 0.0964466482400894 0.105667896568775 0.105403333902359 0.104145564138889 0.101043313741684 0.0938186123967171 0.082102358341217 0.07359279692173
0.11435092240572 0.113902173936367 0.11356396228075 0.113489076495171 0.112953409552574 0.112818256020546 -9999 -9999 -9999 -9999 -9999 -9999 -9999 0.110799543559551 0.143424808979034 0.185301080346107 0.190954729914665 0.199286386370659 0.188602656126022 0.173375532031059 0.145027279853821 0.116740673780441 0.102471016347408 0.0900210291147232 0.0851865485310555 0.0844321399927139 0.092291072010994 0.0963688343763351 0.0958252400159836 0.0920555666089058 0.0859360694885254 0.0827809423208237 0.0808534622192383 0.0794171094894409 0.0780773013830185 0.0889966040849686 0.0996643081307411 0.103439204394817 0.106069877743721 0.104677371680737 0.102824278175831 0.100115813314915 0.0939417108893394 0.0839916691184044 0.0735109895467758
0.113474227488041 0.113233387470245 0.112962886691093 0.112813867628574 0.112699396908283 0.112811289727688 -9999 -9999 -9999 -9999 0.110699631273746 0.107255145907402 0.104833036661148 0.103814512491226 0.123751074075699 0.160832539200783 0.177484765648842 0.184460133314133 0.176397547125816 0.164741888642311 0.135569915175438 0.106269180774689 0.092608779668808 0.0824830904603004 0.0871505215764046 0.0924958661198616 0.0992723107337952 0.10177831351757 0.0990649610757828 0.0955304950475693 0.0913979262113571 0.089623861014843 0.0888265296816826 0.0879207476973534 0.0869936421513557 0.0989704355597496 0.110098592936993 0.108268335461617 0.106383763253689 0.104308232665062 0.101956821978092 0.0990930944681168 0.0938794538378716 0.0861055180430412 0.0763620510697365
0.110680907964706 0.110892593860626 0.110859096050262 0.111615963280201 0.112597614526749 0.112811289727688 0.112944088876247 0.113015606999397 0.112955376505852 0.112224914133549 0.110699631273746 0.107255145907402 0.104833036661148 0.103814512491226 0.11084195971489 0.124452419579029 0.130339205265045 0.132567465305328 0.133679002523422 0.134523719549179 0.114544443786144 0.0940874814987183 0.0874996930360794 0.0863043367862701 0.107676886022091 0.122159950435162 0.12209877371788 0.118055932223797 0.109146691858768 0.103513792157173 0.100267328321934 0.0986732915043831 0.0977635830640793 0.0989314094185829 0.100507624447346 0.104847617447376 0.108776442706585 0.107688784599304 0.106477431952953 0.104831166565418 0.102223999798298 0.0978323221206665 0.0933538228273392 0.0887807458639145 0.0865454450249672
0.11082236468792 0.112192653119564 0.113419130444527 0.112308524549007 0.110533259809017 0.110824428498745 0.111309058964252 0.111306332051754 0.11117023229599 0.110355719923973 0.108550257980824 0.104352049529552 0.10154751688242 0.100656323134899 0.101363338530064 0.103377960622311 0.104465909302235 0.105114914476871 0.109408393502235 0.114572651684284 0.102948747575283 0.0909963622689247 0.0910495072603226 0.0959975570440292 0.121431283652782 0.13701981306076 0.131824359297752 0.12392845749855 0.112732045352459 0.106713771820068 0.104467160999775 0.10330268740654 0.10258637368679 0.104313559830189 0.10652107745409 0.105927608907223 0.105209141969681 0.10428299754858 0.103373415768147 0.102522067725658 0.100461222231388 0.0961541905999184 0.09290811419487 0.0908179879188538 0.0923790112137794
0.115113064646721 0.118640229105949 0.122572980821133 0.115673869848251 0.105694189667702 0.106028504669666 0.107362404465675 0.107180438935757 0.106861218810081 0.105843812227249 0.103362061083317 0.0973444953560829 0.0936168730258942 0.0930330380797386 0.0967347994446754 0.103942908346653 0.108667708933353 0.112216211855412 0.11121977865696 0.109137408435345 0.10468502342701 0.100757651031017 0.106841437518597 0.113992683589458 0.125611364841461 0.130949214100838 0.123027712106705 0.115090072154999 0.107132710516453 0.103150986135006 0.102065064013004 0.101682968437672 0.101592347025871 0.101738028228283 0.101930156350136 0.100225232541561 0.0984676107764244 0.0968814343214035 0.0957484617829323 0.0962089896202087 0.0958284586668015 0.0938859879970551 0.0925753936171532 0.0919532477855682 0.0920627191662788
0.11684026569128 0.120069801807404 0.123985588550568 0.115794479846954 0.10416017472744 0.101548887789249 0.0999157354235649 0.0997553914785385 0.100115478038788 0.103122934699059 0.103598482906818 0.097960501909256 0.0943632423877716 0.0935676470398903 0.097731925547123 0.105954229831696 0.111667677760124 0.116192728281021 0.114845104515553 0.112094298005104 0.112423613667488 0.113271690905094 0.118590533733368 0.123310938477516 0.125526800751686 0.124394990503788 0.116195991635323 0.108953468501568 0.10287994146347 0.100335441529751 0.100361421704292 0.100312568247318 0.100232727825642 0.0993837937712669 0.0983836725354195 0.0960170552134514 0.0936458483338356 0.091724157333374 0.0903392136096954 0.0908415019512177 0.091050922870636 0.0907164737582207 0.0906669497489929 0.0909278616309166 0.0908595770597458
0.116408690810204 0.11727362126112 0.118879154324532 0.113182634115219 0.105409421026707 0.0973356366157532 0.0895216390490532 0.089552067220211 0.0913177281618118 0.101910308003426 0.108403086662292 0.10499645024538 0.102416709065437 0.100972175598145 0.103466533124447 0.109183572232723 0.11365557461977 0.117537826299667 0.11999798566103 0.12211836129427 0.125216856598854 0.128103882074356 0.126935094594955 0.125322237610817 0.121850892901421 0.11743351817131 0.111018985509872 0.105092085897923 0.0997611582279205 0.0981491580605507 0.0992459654808044 0.0991521328687668 0.0985652282834053 0.0972159132361412 0.09571672976017 0.0930671617388725 0.0904407650232315 0.0884568318724632 0.0867958441376686 0.0862703025341034 0.0861514732241631 0.0867879539728165 0.0874315649271011 0.0880829468369484 0.0889096111059189
0.118483059108257 0.118127331137657 0.118235632777214 0.115174539387226 0.111212059855461 0.103348776698112 0.0953750014305115 0.0951977595686913 0.0964207723736763 0.104766689240932 0.110183298587799 0.108526796102524 0.107075124979019 0.105904668569565 0.106978565454483 0.109888732433319 0.112785153090954 0.115675054490566 0.119054533541203 0.122550986707211 0.124265298247337 0.125576734542847 0.12280660867691 0.119662784039974 0.114955075085163 0.110186524689198 0.10528951883316 0.100745409727097 0.0966326221823692 0.0958627611398697 0.0975278317928314 0.0975344553589821 0.0968542546033859 0.0950575098395348 0.0930412858724594 0.0899920463562012 0.0870178565382957 0.0851505324244499 0.0835382714867592 0.082822859287262 0.0827231183648109 0.0837667360901833 0.0847068503499031 0.0855341926217079 0.0866591185331345
0.121783763170242 0.120767198503017 0.119776144623756 0.119419373571873 0.119242988526821 0.114366412162781 0.109179377555847 0.108599483966827 0.108326449990273 0.109614305198193 0.110483460128307 0.110341601073742 0.110072113573551 0.109627410769463 0.109402932226658 0.109358631074429 0.110515952110291 0.112242452800274 0.115127719938755 0.118289858102798 0.116587437689304 0.114554457366467 0.11257416754961 0.110249496996403 0.106483533978462 0.10279980301857 0.0992896854877472 0.0961612537503242 0.0934993252158165 0.0935273766517639 0.0955147668719292 0.0956930071115494 0.0951220169663429 0.0929037556052208 0.0903616845607758 0.0868556499481201 0.0834883525967598 0.0818251445889473 0.0804205685853958 0.0799253433942795 0.0800146609544754 0.0811895281076431 0.0822320505976677 0.0831303671002388 0.0842615514993668
