Ecospace-environmental-drivers/Outputs/ASCII-for-ecospace/MOM6-ISIMIP3a/phyc-vint/1982-08_phyc-vint_MOM6-ISIMIP3a.asc
NCOLS 131 
NROWS 53 
XLLCORNER -98 
YLLCORNER 23.9265270233154 
CELLSIZE 0.133587792515755 
NODATA_value -9999 
[rows 0 to 19 of 53, columns 45 to 89 of 131]
-9999 -9999 -9999 -9999 -9999 -9999 -9999 -9999 -9999 -9999 -9999 -9999 -9999 -9999 -9999 -9999 -9999 -9999 -9999 -9999 -9999 -9999 -9999 -9999 -9999 -9999 -9999 -9999 -9999 -9999 -9999 -9999 -9999 -9999 -9999 -9999 -9999 -9999 -9999 -9999 -9999 -9999 -9999 -9999 -9999
-9999 -9999 -9999 -9999 -9999 -9999 -9999 -9999 -9999 -9999 -9999 -9999 -9999 -9999 -9999 -9999 -9999 -9999 -9999 -9999 -9999 -9999 -9999 -9999 -9999 -9999 -9999 -9999 -9999 -9999 -9999 -9999 -9999 -9999 -9999 -9999 -9999 -9999 -9999 -9999 -9999 -9999 -9999 -9999 -9999
-9999 -9999 -9999 -9999 -9999 -9999 -9999 -9999 -9999 -9999 -9999 -9999 -9999 -9999 -9999 -9999 -9999 -9999 -9999 -9999 -9999 -9999 -9999 -9999 -9999 -9999 -9999 -9999 -9999 0.122238904237747 0.119900360703468 -9999 -9999 -9999 -9999 -9999 -9999 -9999 -9999 -9999 -9999 -9999 -9999 -9999 -9999
-9999 -9999 -9999 -9999 -9999 -9999 -9999 -9999 -9999 -9999 -9999 -9999 -9999 -9999 -9999 -9999 -9999 -9999 -9999 -9999 -9999 -9999 -9999 -9999 -9999 -9999 -9999 -9999 -9999 0.122522860765457 0.120581045746803 -9999 -9999 -9999 -9999 -9999 -9999 -9999 -9999 -9999 -9999 -9999 -9999 -9999 -9999
-9999 -9999 -9999 -9999 -9999 -9999 -9999 -9999 -9999 -9999 -9999 -9999 -9999 -9999 -9999 -9999 -9999 -9999 -9999 -9999 0.136461988091469 0.135941162705421 0.13552451133728 0.133094057440758 0.131001189351082 0.127528145909309 0.125321835279465 0.12430926412344 0.123617134988308 0.122911982238293 0.12103945761919 0.117791697382927 -9999 -9999 0.0840630903840065 0.0630365610122681 0.0447010286152363 0.0344582498073578 0.0362125635147095 0.0427182950079441 0.0510521121323109 0.0540684685111046 0.0496764779090881 0.040490411221981 -9999
-9999 -9999 -9999 -9999 -9999 -9999 -9999 -9999 -9999 -9999 -9999 -9999 -9999 -9999 -9999 -9999 0.142906174063683 -9999 0.141965329647064 0.141174763441086 0.13874888420105 0.136461988091469 0.135837003588676 0.13552451133728 0.130663603544235 0.126815468072891 0.125105351209641 0.124044679105282 0.123777754604816 0.123028978705406 0.121929220855236 0.118160180747509 0.113285697996616 0.101435199379921 0.0882133767008781 0.0625406950712204 0.0383556000888348 0.0332067869603634 0.0318123623728752 0.0436185449361801 0.052723977714777 0.0568138100206852 0.0526676215231419 0.0395480021834373 0.0292556155472994
-9999 -9999 -9999 -9999 -9999 -9999 -9999 -9999 -9999 -9999 -9999 -9999 0.15411214530468 0.154763951897621 0.155266255140305 0.156703963875771 0.150372013449669 0.142999887466431 0.142812445759773 0.141908779740334 0.141174763441086 0.138609901070595 0.136461988091469 0.13552451133728 0.130663603544235 0.126815468072891 0.125105351209641 0.124044679105282 0.123777754604816 0.123028978705406 0.121929220855236 0.118160180747509 0.113285697996616 0.101435199379921 0.0882133767008781 0.0625406950712204 0.0383556000888348 0.0332067869603634 0.0318123623728752 0.0436185449361801 0.052723977714777 0.0568138100206852 0.0526676215231419 0.0395480021834373 0.0292556155472994
-9999 -9999 -9999 -9999 -9999 -9999 -9999 -9999 -9999 -9999 -9999 -9999 0.15061742067337 0.15411214530468 0.155415773391724 -9999 0.158425286412239 0.151351600885391 0.143187344074249 0.142812445759773 0.14173911511898 0.141174763441086 0.138192966580391 0.134189516305923 0.12591028213501 0.12196496874094 0.127168878912926 0.129664212465286 0.128849074244499 0.126566141843796 0.123214095830917 0.116588078439236 0.108606189489365 0.101331330835819 0.0941954702138901 0.0712311640381813 0.0497386306524277 0.0483497902750969 0.0494308061897755 0.0591959543526173 0.0652405247092247 0.0643755719065666 0.0583447441458702 0.0466855205595493 0.0444754287600517
0.133847266435623 -9999 -9999 -9999 -9999 -9999 -9999 -9999 -9999 -9999 -9999 -9999 -9999 -9999 -9999 -9999 0.157981038093567 0.160575419664383 0.152201786637306 0.143562227487564 0.142812445759773 0.141230136156082 0.137776985764503 0.13267782330513 0.12068984657526 0.116612754762173 0.129236146807671 0.135604321956635 0.134327322244644 0.130442172288895 0.124657303094864 0.114962942898273 0.103649534285069 0.101148881018162 0.100380606949329 0.0806576013565063 0.0623767301440239 0.0650409907102585 0.0687553584575653 0.0761619731783867 0.0788254141807556 0.0726802870631218 0.0646458193659782 0.0545528493821621 0.0608469732105732
0.134793609380722 0.135274216532707 0.135207056999207 -9999 -9999 -9999 -9999 -9999 -9999 -9999 -9999 -9999 0.132862716913223 0.14703531563282 -9999 -9999 -9999 0.160504356026649 0.161895260214806 0.152234643697739 0.144312009215355 0.14404559135437 0.137735828757286 0.130202129483223 0.117546163499355 0.112527899444103 0.123633436858654 0.13121223449707 0.134480610489845 0.132475614547729 0.126629576086998 0.117475032806396 0.10695032030344 0.0986863002181053 0.0908666849136353 0.0822734162211418 0.0746822655200958 0.0771603882312775 0.0795245245099068 0.0814878568053246 0.0814450904726982 0.0776767805218697 0.0707131624221802 0.0602681562304497 0.0588744841516018
0.135408535599709 0.135435476899147 0.134978652000427 0.134944930672646 -9999 -9999 -9999 -9999 -9999 -9999 -9999 -9999 0.125108271837234 0.132610395550728 0.14703531563282 -9999 -9999 0.164541125297546 0.162859782576561 0.158284872770309 0.152904078364372 0.147160917520523 0.136949151754379 0.126312777400017 0.113899312913418 0.108829028904438 0.119260780513287 0.128053709864616 0.134843662381172 0.134430587291718 0.12877094745636 0.120214894413948 0.110459335148335 0.0976423174142838 0.0842234790325165 0.0850182697176933 0.0863958522677422 0.0883245840668678 0.089237667620182 0.0865796357393265 0.0841721966862679 0.0822301208972931 0.0763316452503204 0.0661225393414497 0.0575711950659752
0.135591089725494 0.135435476899147 0.134978652000427 0.134877502918243 0.133735328912735 0.132793679833412 -9999 -9999 -9999 -9999 -9999 -9999 -9999 0.124851427972317 0.134653553366661 0.14703531563282 0.15411214530468 0.164541125297546 0.162859782576561 0.158284872770309 0.155571579933167 0.151884570717812 0.132163658738136 0.114840716123581 0.107553564012051 0.107200518250465 0.121485911309719 0.131511822342873 0.136331796646118 0.135964676737785 0.131819352507591 0.124176509678364 0.11508522182703 0.10420735925436 0.092978298664093 0.0938190594315529 0.0949343740940094 0.094365268945694 0.0932864919304848 0.0904157087206841 0.0874755308032036 0.0844064578413963 0.079542487859726 0.0727229043841362 0.0598573833703995
0.134593054652214 0.1346545368433 0.134457021951675 0.133941829204559 0.133336290717125 0.132785692811012 -9999 -9999 -9999 -9999 0.130742445588112 0.125940144062042 0.123033694922924 0.122729994356632 0.128790602087975 0.140058308839798 0.15162256360054 0.163327291607857 0.160586431622505 0.154394045472145 0.153145328164101 0.150708794593811 0.126040577888489 0.106216482818127 0.106665462255478 0.111577808856964 0.125912696123123 0.135036751627922 0.137792095541954 0.137098029255867 0.133891463279724 0.126808643341064 0.118120543658733 0.109236545860767 0.100314036011696 0.100598409771919 0.100964888930321 0.0988026410341263 0.0965251848101616 0.0938426330685616 0.0907990783452988 0.0870851054787636 0.0830383598804474 0.0786290541291237 0.0646429136395454
0.130643486976624 0.13192118704319 0.132631286978722 0.132993012666702 0.133255675435066 0.132785692811012 0.13225907087326 0.132228210568428 0.132197707891464 0.132169082760811 0.130742445588112 0.125940144062042 0.123033694922924 0.122729994356632 0.125339224934578 0.130331724882126 0.142908915877342 0.159078791737556 0.152629613876343 0.140775978565216 0.137984409928322 0.13478410243988 0.11657352745533 0.104711972177029 0.119421735405922 0.130969926714897 0.135843753814697 0.138728693127632 0.139182776212692 0.137229532003403 0.13352282345295 0.126117050647736 0.117179363965988 0.110426001250744 0.1041020154953 0.102324068546295 0.100725248456001 0.0992316752672195 0.0977384969592094 0.0962466523051262 0.0941731706261635 0.0910195410251617 0.0872468426823616 0.0827996432781219 0.0756769180297852
0.126425176858902 0.130058988928795 0.133349135518074 0.132451996207237 0.130363985896111 0.130415022373199 0.130667090415955 0.130434975028038 0.130155876278877 0.129637777805328 0.12754100561142 0.12163233011961 0.117394901812077 0.115451872348785 0.115949004888535 0.118442632257938 0.13047356903553 0.147022113204002 0.141361176967621 0.130393639206886 0.127154648303986 0.123994767665863 0.114258505403996 0.109819307923317 0.127548828721046 0.139493778347969 0.139227032661438 0.138922601938248 0.138572126626968 0.136183395981789 0.132310017943382 0.12524276971817 0.116852834820747 0.111348524689674 0.106411449611187 0.103024810552597 0.099888376891613 0.0986351892352104 0.0975404158234596 0.0970025807619095 0.0958599671721458 0.0935942158102989 0.0905723869800568 0.0867267847061157 0.0838381797075272
0.121826931834221 0.129428416490555 0.137663125991821 0.132487490773201 0.123497948050499 0.124692678451538 0.12682431936264 0.126106411218643 0.125227242708206 0.123527653515339 0.119813300669193 0.111234068870544 0.103783905506134 0.0978838056325912 0.0981623828411102 0.103496164083481 0.112776443362236 0.12392608076334 0.125410720705986 0.124586068093777 0.122448362410069 0.120465859770775 0.122055172920227 0.124274604022503 0.129131108522415 0.132651925086975 0.133352965116501 0.134170964360237 0.135131940245628 0.133472248911858 0.129903703927994 0.124110221862793 0.117395311594009 0.111893653869629 0.106630496680737 0.102276526391506 0.0982071310281754 0.0965888053178787 0.0953468829393387 0.0954284220933914 0.0951612442731857 0.0942464396357536 0.0926496237516403 0.0903097316622734 0.0879378914833069
0.120368994772434 0.128522038459778 0.137599840760231 0.129905670881271 0.117441549897194 0.114874094724655 0.113338761031628 0.112319000065327 0.111963637173176 0.11498798429966 0.114576138556004 0.105867266654968 0.0968291684985161 0.0873390883207321 0.0884362980723381 0.0981957465410233 0.105759501457214 0.112283200025558 0.115567371249199 0.118077501654625 0.116595081984997 0.115244448184967 0.119803979992867 0.123310662806034 0.122411049902439 0.122431926429272 0.12439601868391 0.126922845840454 0.13013744354248 0.130021691322327 0.127480164170265 0.122872106730938 0.117408238351345 0.11159972846508 0.105723470449448 0.100636601448059 0.0958667024970055 0.0939076095819473 0.0924301519989967 0.0926461294293404 0.0927569270133972 0.0926723927259445 0.0921159088611603 0.0910452231764793 0.0896490588784218
0.1215555742383 0.127383381128311 0.133850336074829 0.125119745731354 0.112066961824894 0.101606003940105 0.0917328298091888 0.090566098690033 0.0916810184717178 0.104402340948582 0.111436314880848 0.10473757237196 0.0954798087477684 0.0827088430523872 0.0854981541633606 0.101018443703651 0.107736550271511 0.110285252332687 0.11086693406105 0.110978618264198 0.109775900840759 0.108597733080387 0.10909129679203 0.109361901879311 0.108699426054955 0.109367124736309 0.112842917442322 0.117572367191315 0.123834021389484 0.125948444008827 0.125042095780373 0.121545098721981 0.116975232958794 0.110599219799042 0.103868164122105 0.0982458218932152 0.0929711610078812 0.0906918346881866 0.088904395699501 0.0888464450836182 0.0889163166284561 0.0892235636711121 0.0893834605813026 0.0893828049302101 0.089348778128624
0.118290528655052 0.121881745755672 0.125749811530113 0.120528854429722 0.112722977995872 0.101523876190186 0.0903751999139786 0.0899650529026985 0.0911734700202942 0.100615315139294 0.10579888522625 0.100700430572033 0.0949715375900269 0.0883771553635597 0.0916056111454964 0.102870844304562 0.106508828699589 0.106533944606781 0.105558544397354 0.104344092309475 0.103104002773762 0.101893335580826 0.101136669516563 0.100460670888424 0.100122280418873 0.101126007735729 0.104963049292564 0.110603906214237 0.11844939738512 0.122171454131603 0.122890062630177 0.119984567165375 0.115578204393387 0.10870723426342 0.101351782679558 0.0959542170166969 0.0909150391817093 0.088668629527092 0.0868313238024712 0.0864324867725372 0.0862139314413071 0.0863301828503609 0.0865200981497765 0.0867902711033821 0.0872497409582138
0.112846985459328 0.114244982600212 0.115520007908344 0.116033405065536 0.116330198943615 0.107894577085972 0.0989264920353889 0.0997150987386703 0.100343264639378 0.10015532374382 0.0989392101764679 0.0952404662966728 0.094874881207943 0.0990852639079094 0.102139718830585 0.104248411953449 0.103712782263756 0.101924583315849 0.0999526455998421 0.0979368165135384 0.0965041816234589 0.0951607078313828 0.0945317521691322 0.0940295532345772 0.0940577909350395 0.0952454507350922 0.0988807380199432 0.104801133275032 0.1135144084692 0.118539437651634 0.120878010988235 0.118309758603573 0.113709419965744 0.106378987431526 0.0985118821263313 0.093711145222187 0.08926972001791 0.0872290208935738 0.0854691490530968 0.0846966654062271 0.0840685665607452 0.0837086215615273 0.0835926756262779 0.0837425738573074 0.0842704474925995
