Ecospace-environmental-drivers/Outputs/ASCII-for-ecospace/MOM6-ISIMIP3a/phyc-vint/1982-11_phyc-vint_MOM6-ISIMIP3a.asc
NCOLS 131 
NROWS 53 
XLLCORNER -98 
YLLCORNER 23.9265270233154 
CELLSIZE 0.133587792515755 
NODATA_value -9999 
[rows 20 to 39 of 53, columns 0 to 44 of 131]
-9999 -9999 -9999 -9999 -9999 -9999 -9999 -9999 0.0587976463139057 0.063359223306179 0.0673163458704948 0.0672024786472321 0.0681285187602043 0.0705477446317673 0.0733755975961685 0.0766749233007431 0.0869689807295799 0.10206662863493 0.101636052131653 0.0952094569802284 0.0987710058689117 0.104095168411732 0.108651906251907 0.112683780491352 0.112481877207756 0.111794762313366 0.109534434974194 0.107210054993629 0.10477390140295 0.108825005590916 0.119551368057728 0.123775139451027 0.124037586152554 0.124100401997566 0.124096684157848 0.123143054544926 0.122068300843239 0.12240569293499 0.122558034956455 0.121531926095486 0.12097006291151 0.121700562536716 0.123814128339291 0.128065139055252 0.130310520529747
-9999 -9999 -9999 -9999 -9999 -9999 0.0544892400503159 0.0549333691596985 0.0564787313342094 0.0587976463139057 0.0639636665582657 0.0673163458704948 0.0661625787615776 0.0627258345484734 0.0663799643516541 0.0782158374786377 0.0913123264908791 0.105274543166161 0.104950003325939 0.0991088226437569 0.0942539200186729 0.0895730778574944 0.101915024220943 0.113415643572807 0.11479913443327 0.115305155515671 0.112966097891331 0.110603801906109 0.108200937509537 0.106327287852764 0.104998186230659 0.104762144386768 0.105191990733147 0.106208220124245 0.107419908046722 0.107226714491844 0.106852896511555 0.108359813690186 0.109592482447624 0.109078593552113 0.109014250338078 0.110201351344585 0.113453172147274 0.11989589035511 0.123146504163742
-9999 -9999 -9999 -9999 -9999 -9999 0.0544535219669342 0.0544892400503159 0.0553775019943714 0.0572505444288254 0.0587976463139057 0.0657770112156868 0.0714968591928482 0.0747244879603386 0.0784612596035004 0.0827855095267296 0.0908928439021111 0.101598188281059 0.102685250341892 0.10005833953619 0.0982045233249664 0.0964871421456337 0.106162548065186 0.115212559700012 0.116972208023071 0.117795221507549 0.115581296384335 0.113557502627373 0.111865490674973 0.10962825268507 0.106829971075058 0.105124309659004 0.104084260761738 0.104146763682365 0.104576788842678 0.104317672550678 0.103967428207397 0.104189313948154 0.104397349059582 0.104517206549644 0.104911841452122 0.106071390211582 0.108167707920074 0.111711733043194 0.113750919699669
-9999 -9999 -9999 -9999 0.0584395043551922 0.0558045879006386 0.0543496534228325 0.054521668702364 0.0544892400503159 0.056265763938427 0.0594495199620724 0.0680195465683937 0.0772079899907112 0.0876201242208481 0.0915049538016319 0.0878583043813705 0.0906163528561592 0.0977727919816971 0.1001166254282 0.100602142512798 0.102335333824158 0.104288712143898 0.110532082617283 0.116407245397568 0.11843129992485 0.119533821940422 0.117648355662823 0.11610572040081 0.115161366760731 0.113027319312096 0.109669111669064 0.106837369501591 0.104326352477074 0.10331853479147 0.102811776101589 0.102396413683891 0.101988196372986 0.100818529725075 0.0999020263552666 0.100597716867924 0.101390957832336 0.102455757558346 0.103257521986961 0.103652805089951 0.104362227022648
-9999 -9999 -9999 -9999 0.0643696784973145 0.0592340938746929 0.0572595186531544 0.0543496534228325 0.0547261163592339 0.0595174469053745 0.0647664368152618 0.0717671737074852 0.0798708721995354 0.0901570320129395 0.0962131395936012 0.0973884239792824 0.0987453013658524 0.100226886570454 0.0996154099702835 0.0981957316398621 0.0986910164356232 0.099524237215519 0.102971509099007 0.106312610208988 0.108292005956173 0.110167644917965 0.111706838011742 0.112521566450596 0.11207203567028 0.110684484243393 0.108331725001335 0.106247164309025 0.104325979948044 0.102744564414024 0.101276405155659 0.100263334810734 0.0993113592267036 0.0981083661317825 0.0970905870199203 0.097252294421196 0.0974969416856766 0.097972497344017 0.098097026348114 0.0976790860295296 0.0979201197624207
-9999 -9999 -9999 -9999 -9999 0.0643696784973145 0.0609575212001801 0.0601693838834763 0.0567225180566311 0.0647037699818611 0.0720986947417259 0.0772493854165077 0.0836988314986229 0.0927181169390678 0.0998035296797752 0.104657553136349 0.104979567229748 0.102189235389233 0.0993515178561211 0.0964954942464828 0.0958395153284073 0.0955717787146568 0.0965346693992615 0.0975812971591949 0.0991011932492256 0.101191855967045 0.105133205652237 0.107735022902489 0.107999235391617 0.107525050640106 0.106291078031063 0.105033844709396 0.103762432932854 0.101771555840969 0.0995408445596695 0.098038338124752 0.0966371595859528 0.0953312963247299 0.0941423624753952 0.0936981067061424 0.093335434794426 0.0931998789310455 0.0927450656890869 0.0917968600988388 0.0917094647884369
-9999 -9999 -9999 -9999 -9999 0.0645814687013626 0.0643696784973145 0.0649413615465164 0.066433921456337 0.0783729702234268 0.0882676318287849 0.0903372839093208 0.0926353111863136 0.0953852087259293 0.0984927266836166 0.102012895047665 0.102906160056591 0.101995415985584 0.100128188729286 0.0978916212916374 0.0964643061161041 0.0951797887682915 0.0950251072645187 0.094827800989151 0.094069167971611 0.0939278155565262 0.095787912607193 0.0976763293147087 0.0996141657233238 0.100785076618195 0.101166844367981 0.101088374853134 0.100729532539845 0.0990488305687904 0.0969275236129761 0.0954102650284767 0.0939745008945465 0.0922608375549316 0.0905943885445595 0.0892285630106926 0.0880010426044464 0.0871585234999657 0.086553581058979 0.0863158032298088 0.0865137055516243
-9999 -9999 0.0650823265314102 0.0650149658322334 0.0649338066577911 0.0647935047745705 0.0645812153816223 0.0698959529399872 0.0760073587298393 0.0880499631166458 0.0976754799485207 0.0980493798851967 0.0978711619973183 0.0966004803776741 0.0969814136624336 0.0992680639028549 0.100285917520523 0.100432433187962 0.0992906466126442 0.097651407122612 0.0957871749997139 0.0938832387328148 0.0928831622004509 0.0917903780937195 0.0897600874304771 0.0882789790630341 0.0885785073041916 0.0897501334547997 0.0924436300992966 0.0944123491644859 0.0956352949142456 0.0962265878915787 0.0964330807328224 0.0951392725110054 0.0933453664183617 0.091961070895195 0.0906306430697441 0.0889183729887009 0.0871807113289833 0.0852813869714737 0.0835365653038025 0.0822218284010887 0.0814475789666176 0.0815086215734482 0.0817715525627136
-9999.000000000000000 -9999 -9999 -9999 0.0653175860643387 0.0650741085410118 0.0652034357190132 0.0752489864826202 0.0852797478437424 0.0890165641903877 0.0923316031694412 0.0940322428941727 0.0950328037142754 0.0946481004357338 0.095032624900341 0.0963046997785568 0.0964725613594055 0.0958821177482605 0.0949311330914497 0.0938409417867661 0.0922694653272629 0.0906130596995354 0.0893614664673805 0.0881334841251373 0.0870283618569374 0.0861542820930481 0.0860292911529541 0.08647670596838 0.0879230126738548 0.0888409018516541 0.089215062558651 0.0893655493855476 0.089379757642746 0.0886401906609535 0.087649367749691 0.086720310151577 0.0858005210757256 0.0849824100732803 0.0840600654482841 0.0824739634990692 0.0809701383113861 0.0796953663229942 0.0787099450826645 0.0781717225909233 0.0780190974473953
-9999 -9999 -9999 -9999 0.0658537074923515 0.0660851523280144 0.0658951252698898 0.0785867646336555 0.0907631516456604 0.0889463350176811 0.0881109908223152 0.0910322889685631 0.0928737446665764 0.0925785079598427 0.0924800336360931 0.0926085934042931 0.0921782627701759 0.0913641080260277 0.0906234234571457 0.0899111106991768 0.0886886566877365 0.0873761773109436 0.0860620886087418 0.0848078951239586 0.0840530768036842 0.0833494588732719 0.0828118622303009 0.0826179161667824 0.0830236822366714 0.0831783711910248 0.0830747187137604 0.0829308852553368 0.0827625691890717 0.0823101475834846 0.0817630216479301 0.0810122489929199 0.080238051712513 0.0801206976175308 0.0798249989748001 0.0783935263752937 0.0769942179322243 0.0756844282150269 0.0746078640222549 0.0738917365670204 0.0736487507820129
-9999 -9999 -9999 -9999 0.0662435069680214 0.0664018616080284 0.0665973946452141 0.0793891847133636 0.091479703783989 0.0875716954469681 0.0853035300970078 0.0893120244145393 0.0915693119168282 0.0903614312410355 0.0891678109765053 0.0879906341433525 0.0872788801789284 0.0868867561221123 0.0863808840513229 0.0858310908079147 0.0850284472107887 0.0841811746358871 0.0830424055457115 0.0818991214036942 0.0807713568210602 0.0796889811754227 0.0787537693977356 0.0780227035284042 0.077647902071476 0.077401265501976 0.077286496758461 0.0770326480269432 0.0766940712928772 0.0761927515268326 0.0756371915340424 0.0747162699699402 0.0737542137503624 0.0740943253040314 0.0741879120469093 0.0727115496993065 0.0712450295686722 0.0698059126734734 0.0687891915440559 0.0684252679347992 0.0685010403394699
-9999 -9999 -9999 -9999 0.0664018616080284 0.0666385516524315 0.0669164061546326 0.0758078768849373 0.0841464176774025 0.0805127546191216 0.0789072439074516 0.0850646793842316 0.0886196047067642 0.0870248973369598 0.0856423676013947 0.0845046639442444 0.083658754825592 0.0830132365226746 0.0825641751289368 0.0821909680962563 0.0814473628997803 0.0806384012103081 0.0792387500405312 0.0778108909726143 0.076255701482296 0.0748166665434837 0.073754258453846 0.0728160664439201 0.0720946565270424 0.0717121660709381 0.071678414940834 0.0715572461485863 0.0713828206062317 0.0710824877023697 0.0707401782274246 0.0699139460921288 0.069027952849865 0.0691317766904831 0.0690357089042664 0.067666620016098 0.0662861093878746 0.0648737773299217 0.0638611689209938 0.0634663179516792 0.0634418129920959
-9999 -9999 -9999 -9999 0.066652275621891 0.0669164061546326 0.0671130567789078 0.0689387246966362 0.070775680243969 0.0691905319690704 0.069819301366806 0.0789219886064529 0.0844359323382378 0.0828487500548363 0.0819570049643517 0.0818676874041557 0.0809980779886246 0.0795926079154015 0.0790668427944183 0.0788807570934296 0.0779256299138069 0.0768347978591919 0.0748471096158028 0.0728380605578423 0.0708145722746849 0.0690354630351067 0.0680486783385277 0.0671508684754372 0.0664083063602448 0.066089078783989 0.0662054419517517 0.0663989782333374 0.0666395276784897 0.0667275711894035 0.0667647868394852 0.0662318766117096 0.0656198784708977 0.0649671033024788 0.0642471686005592 0.0630994960665703 0.0619198977947235 0.0606514364480972 0.0596011467278004 0.0588880181312561 0.0584489479660988
-9999 -9999 -9999 -9999 0.0669164061546326 0.0608256943523884 0.058754850178957 0.0567892082035542 0.0585469715297222 0.0627246499061584 0.0673770979046822 0.0738467425107956 0.0783684626221657 0.0790357738733292 0.0793599709868431 0.0792882740497589 0.0782008394598961 0.0764158666133881 0.0757658034563065 0.0755539759993553 0.0740565806627274 0.0723323300480843 0.0700931772589684 0.067907027900219 0.0662564560770988 0.0648980140686035 0.0644867643713951 0.0641119778156281 0.0638008266687393 0.0637403428554535 0.063937783241272 0.0641751140356064 0.0644367635250092 0.0645515844225883 0.0646174699068069 0.0641980767250061 0.0637087970972061 0.0628279224038124 0.0619296692311764 0.0609207190573215 0.0598992109298706 0.0588427409529686 0.0578913502395153 0.057102344930172 0.0564931146800518
-9999 -9999 -9999 -9999 -9999 0.0518965311348438 0.0505184605717659 0.0505366213619709 0.0468077212572098 0.0583400912582874 0.0677831098437309 0.0692289769649506 0.0714936330914497 0.0753784403204918 0.0772293657064438 0.0767335146665573 0.0753450766205788 0.0733436495065689 0.072548896074295 0.0722200870513916 0.0700386762619019 0.0675303414463997 0.065183974802494 0.0629939138889313 0.062076773494482 0.0614650435745716 0.0618435703217983 0.0621986724436283 0.0625128895044327 0.0627949237823486 0.0630438476800919 0.0632088854908943 0.0633228123188019 0.0633094385266304 0.0632536262273788 0.0628706887364388 0.0624392963945866 0.0615568272769451 0.0606712102890015 0.0597655400633812 0.058883760124445 0.0580684840679169 0.0572745278477669 0.0565135255455971 0.0558388903737068
-9999 -9999 -9999 -9999 -9999 0.0470492728054523 0.0464162863790989 0.0442295484244823 0.0451200157403946 0.0567880161106586 0.0660001039505005 0.0658119842410088 0.0675115883350372 0.0729464739561081 0.0754739046096802 0.0746466070413589 0.0731941610574722 0.0713124051690102 0.0700209215283394 0.0689573734998703 0.066722683608532 0.0642813295125961 0.0629415139555931 0.0617628134787083 0.0617257691919804 0.0618399977684021 0.0624447092413902 0.0629642009735107 0.0633349716663361 0.0636496022343636 0.0639064535498619 0.0639750361442566 0.0639289170503616 0.0638047605752945 0.0636545866727829 0.063098356127739 0.0624831579625607 0.0614728517830372 0.0604940503835678 0.0597158670425415 0.0589197129011154 0.0580735392868519 0.0572316609323025 0.0563964247703552 0.055665347725153
-9999 -9999 -9999 -9999 -9999 0.0446420907974243 0.0442130751907825 0.0444826893508434 0.0455119870603085 0.0558219850063324 0.0637641847133636 0.0626434311270714 0.0641280636191368 0.0707680284976959 0.0737960636615753 0.0726564899086952 0.0711890757083893 0.0694965347647667 0.0676354914903641 0.0657093822956085 0.0635519176721573 0.0613536275923252 0.0612507984042168 0.0612935312092304 0.0621669255197048 0.0630028173327446 0.0637170970439911 0.064283974468708 0.0645936205983162 0.0648767203092575 0.0651324912905693 0.0650996193289757 0.0648908987641335 0.0646595656871796 0.0644206926226616 0.0636477619409561 0.0627987533807755 0.0616344921290874 0.0605406127870083 0.0598949231207371 0.0591732040047646 0.0582398362457752 0.0573075488209724 0.0563769266009331 0.0555912554264069
-9999 -9999 -9999 -9999 -9999 -9999 0.0432969108223915 0.0439269840717316 0.0445238463580608 0.0522331781685352 0.0584395825862885 0.0588934272527695 0.0615901313722134 0.0687248185276985 0.0719882249832153 0.0707847625017166 0.0692396089434624 0.0674597918987274 0.065500982105732 0.0634730532765388 0.0623641163110733 0.061417356133461 0.0621590614318848 0.0629396289587021 0.0637359321117401 0.0644151717424393 0.0647148489952087 0.0648131966590881 0.0645601898431778 0.0643796771764755 0.0642737597227097 0.0644167065620422 0.0647112652659416 0.0650926977396011 0.0655030831694603 0.0647701025009155 0.0638755261898041 0.0624862164258957 0.0612237490713596 0.060769084841013 0.0600982420146465 0.0588256120681763 0.0576165579259396 0.0565057583153248 0.0556337758898735
-9999 -9999 -9999 -9999 -9999 -9999 0.0417366288602352 0.0414810553193092 0.043274100869894 0.0484749935567379 0.0530410595238209 0.0551772676408291 0.0591535717248917 0.0667709112167358 0.0702663958072662 0.0690059140324593 0.0673862099647522 0.065519817173481 0.0635255053639412 0.0614817999303341 0.0614311806857586 0.0617322847247124 0.0632120445370674 0.0646296963095665 0.0653147771954536 0.0658175721764565 0.0657293349504471 0.0653902366757393 0.0646133422851562 0.0639787167310715 0.0634904801845551 0.0637724250555038 0.0645235627889633 0.0654786303639412 0.0665016770362854 0.0658438056707382 0.064948670566082 0.0633668974041939 0.0619627013802528 0.061689343303442 0.0610592104494572 0.0594359152019024 0.0579418838024139 0.0566476210951805 0.0556833408772945
-9999 -9999 -9999 -9999 -9999 -9999 0.0414057485759258 0.0398018471896648 0.0398930348455906 0.0441628843545914 0.0483293049037457 0.0520998537540436 0.0573945119976997 0.0657049492001534 0.0695241615176201 0.0681611821055412 0.0665310695767403 0.0647175014019012 0.0631265491247177 0.0616215504705906 0.0622697435319424 0.063297912478447 0.0645672827959061 0.0657783821225166 0.0664598867297173 0.0669946372509003 0.0670535489916801 0.0668550580739975 0.0662073567509651 0.0654262527823448 0.0645078718662262 0.0644035562872887 0.0647951513528824 0.0655625909566879 0.0664553046226501 0.0661250650882721 0.0656194314360619 0.0642269030213356 0.0629929974675179 0.0627692490816116 0.0620826296508312 0.0601074732840061 0.0583298839628696 0.0568576194345951 0.0557523481547832
