Ecospace-environmental-drivers/Outputs/ASCII-for-ecospace/MOM6-ISIMIP3a/phyc-vint/1983-01_phyc-vint_MOM6-ISIMIP3a.asc
NCOLS 131 
NROWS 53 
XLLCORNER -98 
YLLCORNER 23.9265270233154 
CELLSIZE 0.133587792515755 
NODATA_value -9999 
[rows 0 to 19 of 53, columns 45 to 89 of 131]
-9999 -9999 -9999 -9999 -9999 -9999 -9999 -9999 -9999 -9999 -9999 -9999 -9999 -9999 -9999 -9999 -9999 -9999 -9999 -9999 -9999 -9999 -9999 -9999 -9999 -9999 -9999 -9999 -9999 -9999 -9999 -9999 -9999 -9999 -9999 -9999 -9999 -9999 -9999 -9999 -9999 -9999 -9999 -9999 -9999
-9999 -9999 -9999 -9999 -9999 -9999 -9999 -9999 -9999 -9999 -9999 -9999 -9999 -9999 -9999 -9999 -9999 -9999 -9999 -9999 -9999 -9999 -9999 -9999 -9999 -9999 -9999 -9999 -9999 -9999 -9999 -9999 -9999 -9999 -9999 -9999 -9999 -9999 -9999 -9999 -9999 -9999 -9999 -9999 -9999
-9999 -9999 -9999 -9999 -9999 -9999 -9999 -9999 -9999 -9999 -9999 -9999 -9999 -9999 -9999 -9999 -9999 -9999 -9999 -9999 -9999 -9999 -9999 -9999 -9999 -9999 -9999 -9999 -9999 0.104763597249985 0.0952332690358162 -9999 -9999 -9999 -9999 -9999 -9999 -9999 -9999 -9999 -9999 -9999 -9999 -9999 -9999
-9999 -9999 -9999 -9999 -9999 -9999 -9999 -9999 -9999 -9999 -9999 -9999 -9999 -9999 -9999 -9999 -9999 -9999 -9999 -9999 -9999 -9999 -9999 -9999 -9999 -9999 -9999 -9999 -9999 0.105660445988178 0.0953607857227325 -9999 -9999 -9999 -9999 -9999 -9999 -9999 -9999 -9999 -9999 -9999 -9999 -9999 -9999
-9999 -9999 -9999 -9999 -9999 -9999 -9999 -9999 -9999 -9999 -9999 -9999 -9999 -9999 -9999 -9999 -9999 -9999 -9999 -9999 0.138552978634834 0.137703597545624 0.137024089694023 0.133060351014137 0.129722565412521 0.124368399381638 0.120909959077835 0.118658177554607 0.114387579262257 0.106762915849686 0.0958308428525925 0.0834886059165001 -9999 -9999 0.0694728046655655 0.069307878613472 0.0738993808627129 0.084343746304512 0.101967468857765 0.118551068007946 0.127349987626076 0.122981920838356 0.104902535676956 0.0826379507780075 -9999
-9999 -9999 -9999 -9999 -9999 -9999 -9999 -9999 -9999 -9999 -9999 -9999 -9999 -9999 -9999 -9999 0.14281564950943 -9999 0.142531216144562 0.142287641763687 0.140458628535271 0.138552978634834 0.137533724308014 0.137024089694023 0.129096612334251 0.123046986758709 0.120961599051952 0.118721291422844 0.116291642189026 0.1081498041749 0.0958472937345505 0.0834954231977463 0.0711231082677841 0.0695303082466125 0.0700565055012703 0.0688316002488136 0.0690355375409126 0.0838310122489929 0.10016468167305 0.121906720101833 0.133581802248955 0.126561433076859 0.108802534639835 0.0793436393141747 0.0597676709294319
-9999 -9999 -9999 -9999 -9999 -9999 -9999 -9999 -9999 -9999 -9999 -9999 0.160271883010864 0.161246299743652 0.162023037672043 0.164307609200478 0.154489159584045 0.142841830849648 0.142789468169212 0.142516523599625 0.142287641763687 0.140535280108452 0.138552978634834 0.137024089694023 0.129096612334251 0.123046986758709 0.120961599051952 0.118721291422844 0.116291642189026 0.1081498041749 0.0958472937345505 0.0834954231977463 0.0711231082677841 0.0695303082466125 0.0700565055012703 0.0688316002488136 0.0690355375409126 0.0838310122489929 0.10016468167305 0.121906720101833 0.133581802248955 0.126561433076859 0.108802534639835 0.0793436393141747 0.0597676709294319
-9999 -9999 -9999 -9999 -9999 -9999 -9999 -9999 -9999 -9999 -9999 -9999 0.155047476291656 0.160271883010864 0.16222071647644 -9999 0.167125597596169 0.156112417578697 0.142894193530083 0.142789468169212 0.142472475767136 0.142287641763687 0.140765219926834 0.137120142579079 0.124591536819935 0.117425836622715 0.121581666171551 0.123152524232864 0.121564015746117 0.11693911999464 0.110102571547031 0.101916819810867 0.0931723266839981 0.0975269004702568 0.104456432163715 0.0998899862170219 0.096313089132309 0.106561802327633 0.11849819123745 0.136368528008461 0.145741969347 0.139335751533508 0.123884528875351 0.0985784530639648 0.0849227607250214
0.134841874241829 -9999 -9999 -9999 -9999 -9999 -9999 -9999 -9999 -9999 -9999 -9999 -9999 -9999 -9999 -9999 0.166288048028946 0.170919209718704 0.15767115354538 0.142998918890953 0.142789468169212 0.142340317368507 0.141264915466309 0.137041687965393 0.119644455611706 0.111337155103683 0.122219406068325 0.127961277961731 0.12742055952549 0.126667961478233 0.125761061906815 0.122076563537121 0.117241755127907 0.127811774611473 0.141410022974014 0.133364245295525 0.125857800245285 0.131450220942497 0.138814523816109 0.152408823370934 0.159234970808029 0.15349192917347 0.140485465526581 0.11956524848938 0.112154670059681
0.135403230786324 0.136258229613304 0.136634320020676 -9999 -9999 -9999 -9999 -9999 -9999 -9999 -9999 -9999 0.137452036142349 0.149692445993423 -9999 -9999 -9999 0.170525044202805 0.174165353178978 0.15787698328495 0.143208369612694 0.142907664179802 0.137625202536583 0.130666047334671 0.116689838469028 0.110589288175106 0.121114887297153 0.128864079713821 0.133219942450523 0.135135009884834 0.13527224957943 0.131742849946022 0.126694962382317 0.130124136805534 0.135219693183899 0.131635010242462 0.129428043961525 0.14381992816925 0.15728323161602 0.167481631040573 0.172103777527809 0.166370213031769 0.151750490069389 0.127448961138725 0.114959672093391
0.135506063699722 0.136212855577469 0.137055769562721 0.137117981910706 -9999 -9999 -9999 -9999 -9999 -9999 -9999 -9999 0.130656763911247 0.136620655655861 0.149692445993423 -9999 -9999 0.175862565636635 0.175440669059753 0.171192839741707 0.156753540039062 0.141990944743156 0.132713407278061 0.123290330171585 0.113258145749569 0.109786212444305 0.12016350030899 0.129842236638069 0.138667210936546 0.142890423536301 0.143761798739433 0.140331834554672 0.135120570659637 0.13287091255188 0.131203457713127 0.131640613079071 0.134002730250359 0.154407769441605 0.172006368637085 0.179737359285355 0.183008342981339 0.177996620535851 0.162499591708183 0.135578483343124 0.118010714650154
0.135474562644958 0.136212855577469 0.137055769562721 0.137242406606674 0.138266682624817 0.139601439237595 -9999 -9999 -9999 -9999 -9999 -9999 -9999 0.129597023129463 0.137552708387375 0.149692445993423 0.160271883010864 0.175862565636635 0.175440669059753 0.171192839741707 0.152406871318817 0.133113920688629 0.120978504419327 0.110550403594971 0.107267551124096 0.108687028288841 0.120033480226994 0.131224572658539 0.142225757241249 0.146828755736351 0.146771416068077 0.143142402172089 0.138034254312515 0.137947857379913 0.13884861767292 0.140951603651047 0.143965065479279 0.155438110232353 0.166638970375061 0.176882863044739 0.183377206325531 0.182908162474632 0.170481443405151 0.14502640068531 0.122381500899792
0.134516209363937 0.135477542877197 0.136446416378021 0.13753816485405 0.138664841651917 0.139621317386627 -9999 -9999 -9999 -9999 0.137108519673347 0.132191941142082 0.128897935152054 0.127831503748894 0.132061630487442 0.14062525331974 0.15255106985569 0.166069477796555 0.16662985086441 0.164094120264053 0.143282040953636 0.121925778687 0.110923521220684 0.102976866066456 0.107818253338337 0.1141537129879 0.123643271625042 0.133934035897255 0.14520400762558 0.149187743663788 0.147864297032356 0.143931865692139 0.138918980956078 0.141993418335915 0.146657645702362 0.148869305849075 0.15121628344059 0.155772566795349 0.161673501133919 0.172302260994911 0.180094674229622 0.182619705796242 0.174226850271225 0.153938606381416 0.131784424185753
0.131240651011467 0.132903933525085 0.134313687682152 0.136349722743034 0.138563871383667 0.139621317386627 0.140518143773079 0.140275046229362 0.139938145875931 0.139124065637589 0.137108519673347 0.132191941142082 0.128897935152054 0.127831503748894 0.125566110014915 0.122319757938385 0.125527799129486 0.131793156266212 0.135791525244713 0.139248222112656 0.122211523354053 0.104959718883038 0.105068393051624 0.108319588005543 0.124722547829151 0.136035442352295 0.136602804064751 0.139961391687393 0.146731466054916 0.147598266601562 0.144165217876434 0.139668479561806 0.134731203317642 0.143460497260094 0.154876291751862 0.153303727507591 0.151689544320107 0.154367342591286 0.157712891697884 0.163406252861023 0.167683526873589 0.169330924749374 0.167380928993225 0.161511465907097 0.153767973184586
0.131712898612022 0.135264664888382 0.138682574033737 0.138012185692787 0.136179089546204 0.13734470307827 0.138747438788414 0.138265237212181 0.137669861316681 0.136498719453812 0.133949488401413 0.1280727237463 0.12417383491993 0.122990310192108 0.119527988135815 0.114201210439205 0.114297166466713 0.116961747407913 0.12141640484333 0.126298755407333 0.113705337047577 0.10113263130188 0.106335498392582 0.114707082509995 0.136340081691742 0.149568736553192 0.145055145025253 0.143851757049561 0.146694153547287 0.14529113471508 0.140795826911926 0.137172281742096 0.13390976190567 0.143141001462936 0.154828190803528 0.152608573436737 0.150341093540192 0.152637004852295 0.154510676860809 0.154899671673775 0.155213862657547 0.155389130115509 0.156813114881516 0.159597620368004 0.160279810428619
0.13748387992382 0.144601657986641 0.152243569493294 0.14370533823967 0.130565449595451 0.131849363446236 0.134473249316216 0.133413940668106 0.132194653153419 0.130161643028259 0.12632417678833 0.118129670619965 0.112770698964596 0.111304543912411 0.114136531949043 0.120485134422779 0.125394403934479 0.129621878266335 0.130317255854607 0.130168691277504 0.122962825000286 0.1158816665411 0.117672137916088 0.12257169932127 0.140483096241951 0.151298850774765 0.147135153412819 0.144720807671547 0.144444555044174 0.141969367861748 0.137892514467239 0.13717457652092 0.137847691774368 0.140295639634132 0.143092453479767 0.144661128520966 0.14641709625721 0.15044704079628 0.1523806899786 0.146943628787994 0.142661482095718 0.140524104237556 0.1409832239151 0.144271329045296 0.144917502999306
0.140260681509972 0.147007584571838 0.154431894421577 0.143437787890434 0.127205461263657 0.124900087714195 0.124010443687439 0.122855618596077 0.122246265411377 0.124411605298519 0.12374459207058 0.116238556802273 0.111500278115273 0.110561773180962 0.116489566862583 0.128035187721252 0.134706690907478 0.139069437980652 0.137241572141647 0.133934572339058 0.130800113081932 0.127917915582657 0.128534868359566 0.131302267313004 0.143069595098495 0.150292918086052 0.147923544049263 0.145712271332741 0.143694221973419 0.141630589962006 0.13953372836113 0.140252605080605 0.142137572169304 0.141205921769142 0.139720603823662 0.141966938972473 0.144365444779396 0.146900445222855 0.147189825773239 0.139583513140678 0.133668407797813 0.130894020199776 0.130716100335121 0.133367136120796 0.133401915431023
0.140516027808189 0.143576756119728 0.147043094038963 0.138150617480278 0.125743314623833 0.116726443171501 0.108336098492146 0.107491329312325 0.108530908823013 0.119155906140804 0.125414088368416 0.121128119528294 0.11876280605793 0.119034297764301 0.125364392995834 0.136651486158371 0.142515867948532 0.145811632275581 0.142501428723335 0.137612834572792 0.137441426515579 0.137669697403908 0.138998493552208 0.140762075781822 0.144345298409462 0.146982908248901 0.147624269127846 0.146806836128235 0.14420647919178 0.143803834915161 0.145001977682114 0.145920738577843 0.146723806858063 0.145278915762901 0.143392130732536 0.143696635961533 0.143890559673309 0.142211407423019 0.139421328902245 0.132725238800049 0.12767268717289 0.12567238509655 0.125133499503136 0.12618687748909 0.125125706195831
0.146041512489319 0.147090926766396 0.148406624794006 0.143754690885544 0.137405544519424 0.125735461711884 0.113964796066284 0.114182949066162 0.115605711936951 0.123156130313873 0.127511113882065 0.12415038049221 0.123441845178604 0.126374438405037 0.13235579431057 0.14083157479763 0.144044429063797 0.144764333963394 0.141876921057701 0.138127595186234 0.141729950904846 0.145498260855675 0.144330963492393 0.144232824444771 0.148609310388565 0.151522696018219 0.151347413659096 0.149826541543007 0.146661072969437 0.146685406565666 0.149033159017563 0.149128302931786 0.148290559649467 0.146677017211914 0.144910976290703 0.141419634222984 0.138019278645515 0.136131748557091 0.133394569158554 0.127669960260391 0.123044215142727 0.120459213852882 0.119216084480286 0.119434975087643 0.117991022765636
0.154146075248718 0.154003813862801 0.154053315520287 0.154688596725464 0.155490472912788 0.143153190612793 0.130018576979637 0.131668090820312 0.132854610681534 0.131685927510262 0.129817366600037 0.126258850097656 0.126856610178947 0.133160412311554 0.13842548429966 0.142840728163719 0.142499431967735 0.139905080199242 0.138372763991356 0.137094229459763 0.144867092370987 0.152385652065277 0.147152379155159 0.144772723317146 0.154335707426071 0.159903958439827 0.157039031386375 0.153788343071938 0.150066182017326 0.149913623929024 0.15236109495163 0.151131719350815 0.148379638791084 0.146766096353531 0.145376369357109 0.137181878089905 0.129507169127464 0.129371583461761 0.128220170736313 0.123497009277344 0.11908483505249 0.115250185132027 0.113134831190109 0.11289270222187 0.111414961516857
