Ecospace-environmental-drivers/Outputs/ASCII-for-ecospace/MOM6-ISIMIP3a/phyc-vint/1983-08_phyc-vint_MOM6-ISIMIP3a.asc
NCOLS 131 
NROWS 53 
XLLCORNER -98 
YLLCORNER 23.9265270233154 
CELLSIZE 0.133587792515755 
NODATA_value -9999 
[rows 0 to 19 of 53, columns 45 to 89 of 131]
-9999 -9999 -9999 -9999 -9999 -9999 -9999 -9999 -9999 -9999 -9999 -9999 -9999 -9999 -9999 -9999 -9999 -9999 -9999 -9999 -9999 -9999 -9999 -9999 -9999 -9999 -9999 -9999 -9999 -9999 -9999 -9999 -9999 -9999 -9999 -9999 -9999 -9999 -9999 -9999 -9999 -9999 -9999 -9999 -9999
-9999 -9999 -9999 -9999 -9999 -9999 -9999 -9999 -9999 -9999 -9999 -9999 -9999 -9999 -9999 -9999 -9999 -9999 -9999 -9999 -9999 -9999 -9999 -9999 -9999 -9999 -9999 -9999 -9999 -9999 -9999 -9999 -9999 -9999 -9999 -9999 -9999 -9999 -9999 -9999 -9999 -9999 -9999 -9999 -9999
-9999 -9999 -9999 -9999 -9999 -9999 -9999 -9999 -9999 -9999 -9999 -9999 -9999 -9999 -9999 -9999 -9999 -9999 -9999 -9999 -9999 -9999 -9999 -9999 -9999 -9999 -9999 -9999 -9999 0.121599942445755 0.120416432619095 -9999 -9999 -9999 -9999 -9999 -9999 -9999 -9999 -9999 -9999 -9999 -9999 -9999 -9999
-9999 -9999 -9999 -9999 -9999 -9999 -9999 -9999 -9999 -9999 -9999 -9999 -9999 -9999 -9999 -9999 -9999 -9999 -9999 -9999 -9999 -9999 -9999 -9999 -9999 -9999 -9999 -9999 -9999 0.121867388486862 0.12091288715601 -9999 -9999 -9999 -9999 -9999 -9999 -9999 -9999 -9999 -9999 -9999 -9999 -9999 -9999
-9999 -9999 -9999 -9999 -9999 -9999 -9999 -9999 -9999 -9999 -9999 -9999 -9999 -9999 -9999 -9999 -9999 -9999 -9999 -9999 0.133437499403954 0.132816538214684 0.132319778203964 0.129422038793564 0.127046644687653 0.123398579657078 0.121674671769142 0.121718116104603 0.122090876102448 0.122249633073807 0.121261656284332 0.11922737210989 -9999 -9999 0.097990483045578 0.0848812311887741 0.0739389583468437 0.0688132494688034 0.0730129554867744 0.0802552178502083 0.0858819708228111 0.0830065011978149 0.0702494233846664 0.0534144602715969 -9999
-9999 -9999 -9999 -9999 -9999 -9999 -9999 -9999 -9999 -9999 -9999 -9999 -9999 -9999 -9999 -9999 0.134904712438583 -9999 0.134942293167114 0.134971931576729 0.134104460477829 0.133437499403954 0.132692351937294 0.132319778203964 0.126524299383163 0.122295863926411 0.12137558311224 0.121352568268776 0.122426189482212 0.122493870556355 0.121828846633434 0.119462259113789 0.116391010582447 0.108900777995586 0.10054188221693 0.0845287889242172 0.0695730149745941 0.0677150636911392 0.0691516697406769 0.0821721255779266 0.0894418656826019 0.0860319137573242 0.0735457167029381 0.0511706359684467 0.0355270281434059
-9999 -9999 -9999 -9999 -9999 -9999 -9999 -9999 -9999 -9999 -9999 -9999 0.134164288640022 0.134158506989479 0.134060129523277 0.13355541229248 0.133847683668137 0.134894087910652 0.134915336966515 0.134939596056938 0.134971931576729 0.133903935551643 0.133437499403954 0.132319778203964 0.126524299383163 0.122295863926411 0.12137558311224 0.121352568268776 0.122426189482212 0.122493870556355 0.121828846633434 0.119462259113789 0.116391010582447 0.108900777995586 0.10054188221693 0.0845287889242172 0.0695730149745941 0.0677150636911392 0.0691516697406769 0.0821721255779266 0.0894418656826019 0.0860319137573242 0.0735457167029381 0.0511706359684467 0.0355270281434059
-9999 -9999 -9999 -9999 -9999 -9999 -9999 -9999 -9999 -9999 -9999 -9999 0.134195312857628 0.134164288640022 0.134152710437775 -9999 0.132650107145309 0.132915496826172 0.13487283885479 0.134915336966515 0.13493150472641 0.134971931576729 0.133302390575409 0.130332738161087 0.121921971440315 0.118035897612572 0.123701818287373 0.126505166292191 0.125809893012047 0.124073050916195 0.121577553451061 0.116814695298672 0.111112847924232 0.108310915529728 0.106079041957855 0.0909188464283943 0.0768218711018562 0.0777882188558578 0.08026422560215 0.0880482420325279 0.0921407714486122 0.0893777906894684 0.0797092840075493 0.0625169575214386 0.0564409270882607
0.136870488524437 -9999 -9999 -9999 -9999 -9999 -9999 -9999 -9999 -9999 -9999 -9999 -9999 -9999 -9999 -9999 0.133284792304039 0.130524396896362 0.130980134010315 0.134830340743065 0.134915336966515 0.134907230734825 0.132382288575172 0.128172650933266 0.11691240221262 0.113347545266151 0.126028269529343 0.131875559687614 0.129370987415314 0.125721082091331 0.121236957609653 0.113924250006676 0.105440147221088 0.107504449784756 0.111642323434353 0.0977073609828949 0.0848283395171165 0.0888027474284172 0.0923565849661827 0.0944316685199738 0.0950649306178093 0.0930205956101418 0.0864729210734367 0.0750186890363693 0.0791399031877518
0.136911854147911 0.136622667312622 0.136396199464798 -9999 -9999 -9999 -9999 -9999 -9999 -9999 -9999 -9999 0.129600837826729 0.134227111935616 -9999 -9999 -9999 0.131572097539902 0.125883087515831 0.127699822187424 0.134745344519615 0.134566634893417 0.132032454013824 0.127635762095451 0.115444205701351 0.11018792539835 0.119572557508945 0.125182464718819 0.126178875565529 0.123743772506714 0.118809200823307 0.112778797745705 0.106294572353363 0.101561054587364 0.0971716940402985 0.0939001590013504 0.0912076160311699 0.0937667489051819 0.0957780107855797 0.0958629101514816 0.0954513698816299 0.0941179096698761 0.0903526544570923 0.0839378759264946 0.0835165902972221
0.137075588107109 0.13670340180397 0.136089012026787 0.136043667793274 -9999 -9999 -9999 -9999 -9999 -9999 -9999 -9999 0.126880824565887 0.128899276256561 0.134227111935616 -9999 -9999 0.134071692824364 0.12648032605648 0.11709725856781 0.125260829925537 0.133816510438919 0.130534574389458 0.125509530305862 0.11318938434124 0.107166670262814 0.114438347518444 0.12007399648428 0.123710088431835 0.122209154069424 0.116966493427753 0.112120442092419 0.107438638806343 0.0975723639130592 0.0866869390010834 0.0919409170746803 0.0973549261689186 0.0984935164451599 0.0990290120244026 0.0974439680576324 0.0961569547653198 0.0954234078526497 0.0939480364322662 0.0916644036769867 0.0868199989199638
0.137179106473923 0.13670340180397 0.136089012026787 0.135952964425087 0.134637057781219 0.133690282702446 -9999 -9999 -9999 -9999 -9999 -9999 -9999 0.125991523265839 0.129033446311951 0.134227111935616 0.134164288640022 0.134071692824364 0.12648032605648 0.11709725856781 0.123938806355 0.13086973130703 0.122878700494766 0.114858344197273 0.106715232133865 0.10488760471344 0.116392455995083 0.123465195298195 0.125120997428894 0.123049058020115 0.118261881172657 0.11407483369112 0.110136315226555 0.104068301618099 0.0975816771388054 0.0998938158154488 0.102258026599884 0.101947776973248 0.101365834474564 0.0998286083340645 0.0985743477940559 0.0978455990552902 0.0960181951522827 0.0929937735199928 0.0843665525317192
0.136564716696739 0.13612312078476 0.135564744472504 0.134843111038208 0.134075045585632 0.133677139878273 -9999 -9999 -9999 -9999 0.131281957030296 0.12787814438343 0.125757724046707 0.125399217009544 0.126817613840103 0.129689827561378 0.130964189767838 0.131481677293777 0.125337734818459 0.117602176964283 0.122790180146694 0.127726450562477 0.116076670587063 0.106465727090836 0.105387516319752 0.108366437256336 0.119910262525082 0.126065626740456 0.12563519179821 0.122930824756622 0.118570156395435 0.114997185766697 0.111750431358814 0.108656674623489 0.105592988431454 0.105659037828445 0.105723559856415 0.104641050100327 0.103521473705769 0.102271564304829 0.101183786988258 0.100397102534771 0.0984164401888847 0.0951349213719368 0.0850520208477974
0.134155571460724 0.134092137217522 0.133729830384254 0.13379693031311 0.133986160159111 0.133677139878273 0.133318677544594 0.133002281188965 0.132697567343712 0.132452264428139 0.131281957030296 0.12787814438343 0.125757724046707 0.125399217009544 0.123100012540817 0.119212985038757 0.119763694703579 0.122416451573372 0.121338613331318 0.11936940997839 0.12207505851984 0.124091915786266 0.111409276723862 0.103719636797905 0.116926163434982 0.126240327954292 0.127337396144867 0.126689076423645 0.123907536268234 0.120417200028896 0.116410598158836 0.113339394330978 0.110655583441257 0.108476035296917 0.106395617127419 0.105954945087433 0.105595119297504 0.105431824922562 0.105224132537842 0.104860343039036 0.104273363947868 0.103271901607513 0.101634927093983 0.0993055552244186 0.0935849100351334
0.133287534117699 0.134618923068047 0.135869100689888 0.134707883000374 0.132860869169235 0.132553935050964 0.132381111383438 0.131573349237442 0.130821034312248 0.13035087287426 0.128728583455086 0.124324299395084 0.121317841112614 0.120230413973331 0.117276668548584 0.112795956432819 0.114174418151379 0.118328250944614 0.119966015219688 0.121002607047558 0.121211551129818 0.12080741673708 0.112307652831078 0.108527205884457 0.124497555196285 0.133717924356461 0.12868857383728 0.124123267829418 0.120125144720078 0.116387002170086 0.112838238477707 0.110248409211636 0.108055718243122 0.106531880795956 0.105139516294003 0.104568623006344 0.104132957756519 0.104721195995808 0.10526230186224 0.105637699365616 0.105601325631142 0.104800276458263 0.103677488863468 0.102204151451588 0.0992194265127182
0.134598344564438 0.138761922717094 0.143627151846886 0.138385877013206 0.130270302295685 0.129842728376389 0.130118027329445 0.128124132752419 0.126291409134865 0.125278517603874 0.122565180063248 0.115745954215527 0.110600791871548 0.10775388032198 0.108476191759109 0.112118750810623 0.116518385708332 0.121276639401913 0.12230683863163 0.122446283698082 0.120138257741928 0.118017822504044 0.121075011789799 0.124014280736446 0.126460000872612 0.126497104763985 0.121449425816536 0.117048397660255 0.113437719643116 0.11021264642477 0.107268445193768 0.105131156742573 0.103328049182892 0.102094419300556 0.100972734391689 0.100803911685944 0.100785173475742 0.101887874305248 0.102947197854519 0.103854037821293 0.104438699781895 0.104425050318241 0.104057490825653 0.103304326534271 0.100756160914898
0.134539738297462 0.139358326792717 0.145014345645905 0.137743756175041 0.126796841621399 0.122611351311207 0.119165368378162 0.116999164223671 0.115856140851974 0.119917877018452 0.12071118503809 0.113612532615662 0.107232041656971 0.101837493479252 0.104218170046806 0.112960331141949 0.117765739560127 0.120706401765347 0.120795138180256 0.120202459394932 0.117183223366737 0.114565469324589 0.120217323303223 0.124114386737347 0.120667479932308 0.116925559937954 0.112560823559761 0.108862772583961 0.105979546904564 0.103558868169785 0.101475112140179 0.0999944135546684 0.0987634584307671 0.0979058295488358 0.0971215814352036 0.0971807688474655 0.0973874852061272 0.0987303033471107 0.100075349211693 0.101428247988224 0.102610982954502 0.103477708995342 0.103887967765331 0.103800870478153 0.101673513650894
0.133327886462212 0.136968061327934 0.141036495566368 0.133463576436043 0.122579872608185 0.111573465168476 0.100895032286644 0.0994102880358696 0.100447632372379 0.114314489066601 0.122486226260662 0.116906486451626 0.110051430761814 0.101445533335209 0.103785440325737 0.115080907940865 0.118089616298676 0.117173060774803 0.116039149463177 0.11485330760479 0.112643554806709 0.110554993152618 0.111254185438156 0.111256830394268 0.108344353735447 0.105374418199062 0.102283179759979 0.0997417569160461 0.0978723093867302 0.0965013727545738 0.0954935327172279 0.0948412418365479 0.0943362042307854 0.0939268097281456 0.0935362279415131 0.0936768278479576 0.0939477607607841 0.095299668610096 0.0967346504330635 0.098461702466011 0.100223176181316 0.102048575878143 0.103255666792393 0.103789091110229 0.102069266140461
0.129973039031029 0.132042720913887 0.134331971406937 0.129651784896851 0.122989505529404 0.111412853002548 0.0997505933046341 0.0993580669164658 0.100736692547798 0.111124910414219 0.117112815380096 0.112475708127022 0.108058430254459 0.103942960500717 0.106151096522808 0.113533042371273 0.114316664636135 0.11197479814291 0.110205300152302 0.108572565019131 0.106730706989765 0.10491419583559 0.103675693273544 0.1021898239851 0.0996687188744545 0.097170852124691 0.0947220474481583 0.0928487405180931 0.0916787907481194 0.0910041183233261 0.0906901881098747 0.0905652567744255 0.0905186086893082 0.0904950797557831 0.0904760882258415 0.0909903571009636 0.0916032865643501 0.0929871648550034 0.09451824426651 0.0965669080615044 0.0988589450716972 0.101602971553802 0.103303223848343 0.103866249322891 0.102138489484787
0.125569447875023 0.125876814126968 0.126293078064919 0.126069203019142 0.125663250684738 0.116575248539448 0.106987059116364 0.107887767255306 0.108707681298256 0.109116584062576 0.10824117064476 0.104264669120312 0.103710390627384 0.107854373753071 0.109886214137077 0.110189951956272 0.108538843691349 0.10596176981926 0.103843979537487 0.101835928857327 0.100145868957043 0.0984755605459213 0.0967748016119003 0.0949778035283089 0.0927780494093895 0.0906054824590683 0.0884903073310852 0.0870460420846939 0.0864217877388 0.0862703919410706 0.0864634290337563 0.0867185443639755 0.0869993641972542 0.0873311683535576 0.0876729860901833 0.0887039229273796 0.0897947922348976 0.0912218317389488 0.0928520336747169 0.0951965898275375 0.0979956239461899 0.101638667285442 0.103683471679688 0.103986941277981 0.102047920227051
