Ecospace-environmental-drivers/Outputs/ASCII-for-ecospace/MOM6-ISIMIP3a/phyc-vint/1983-06_phyc-vint_MOM6-ISIMIP3a.asc
NCOLS 131 
NROWS 53 
XLLCORNER -98 
YLLCORNER 23.9265270233154 
CELLSIZE 0.133587792515755 
NODATA_value -9999 
[rows 20 to 39 of 53, columns 0 to 44 of 131]
-9999 -9999 -9999 -9999 -9999 -9999 -9999 -9999 0.0658715069293976 0.0728084444999695 0.0781936123967171 0.0771434903144836 0.0781046003103256 0.0778394639492035 0.0800987929105759 0.0852709636092186 0.0999484285712242 0.121153615415096 0.122802123427391 0.116899073123932 0.122026562690735 0.129100605845451 0.132493823766708 0.135411024093628 0.13503298163414 0.134421333670616 0.133052229881287 0.131618678569794 0.130072683095932 0.133785575628281 0.142909735441208 0.146338388323784 0.14629739522934 0.146311581134796 0.146344155073166 0.145598843693733 0.144743904471397 0.143596515059471 0.142458185553551 0.141377553343773 0.140487253665924 0.140126839280128 0.141800358891487 0.146617218852043 0.148985266685486
-9999 -9999 -9999 -9999 -9999 -9999 0.0622312091290951 0.0624586455523968 0.0638770461082458 0.0658715069293976 0.0743602141737938 0.0781936123967171 0.0751322507858276 0.0660133138298988 0.0705309808254242 0.0907831564545631 0.109769210219383 0.127885758876801 0.13063944876194 0.127460956573486 0.125155508518219 0.123004123568535 0.132400944828987 0.141038477420807 0.141241505742073 0.141241773962975 0.140584647655487 0.139592722058296 0.138016521930695 0.136858373880386 0.136130407452583 0.135482788085938 0.134884119033813 0.134399205446243 0.13395220041275 0.132391199469566 0.130679085850716 0.12936432659626 0.128044709563255 0.126694083213806 0.12574802339077 0.125928208231926 0.130322679877281 0.14123010635376 0.146663174033165
-9999 -9999 -9999 -9999 -9999 -9999 0.0622576884925365 0.0622312091290951 0.0626860857009888 0.0647193863987923 0.0658715069293976 0.0790155306458473 0.0886906534433365 0.0915018320083618 0.0964065566658974 0.103726916015148 0.11487702280283 0.128657191991806 0.130445063114166 0.127602279186249 0.124573454260826 0.121511787176132 0.127811089158058 0.133700579404831 0.134466961026192 0.135193467140198 0.135790631175041 0.136046081781387 0.135705187916756 0.13530033826828 0.134829685091972 0.133965760469437 0.132862284779549 0.131906732916832 0.131000503897667 0.129957810044289 0.128896594047546 0.127882689237595 0.12701915204525 0.127113297581673 0.12726779282093 0.127590298652649 0.130194321274757 0.136324316263199 0.139302760362625
-9999 -9999 -9999 -9999 0.0721334964036942 0.0655961409211159 0.0621597282588482 0.0623821243643761 0.0622312091290951 0.0631409585475922 0.0676338747143745 0.0858416557312012 0.103022523224354 0.11817143112421 0.123154491186142 0.11640776693821 0.119089148938656 0.12824521958828 0.128882542252541 0.126230448484421 0.123147681355476 0.119988910853863 0.122601419687271 0.125182583928108 0.126449435949326 0.127844914793968 0.129657417535782 0.131153747439384 0.132098361849785 0.132882550358772 0.133501648902893 0.132887244224548 0.13152140378952 0.130258366465569 0.12902957201004 0.128532409667969 0.12813363969326 0.127354994416237 0.126879513263702 0.128334537148476 0.129502594470978 0.129871770739555 0.130397796630859 0.131166204810143 0.131380960345268
-9999 -9999 -9999 -9999 0.0869210511445999 0.0738570541143417 0.0690325573086739 0.0621597282588482 0.0627554357051849 0.0703371688723564 0.0796863064169884 0.0958003476262093 0.109133310616016 0.116963297128677 0.119305871427059 0.115316830575466 0.11450406908989 0.115872606635094 0.114939376711845 0.113117344677448 0.112510241568089 0.112117536365986 0.112872466444969 0.113649539649487 0.114401735365391 0.115376479923725 0.117072820663452 0.118680208921432 0.120132356882095 0.122156269848347 0.124768517911434 0.127190321683884 0.129496097564697 0.13058115541935 0.131259307265282 0.130063369870186 0.128602936863899 0.126383185386658 0.124363586306572 0.123618587851524 0.12289696931839 0.12224043160677 0.121670223772526 0.121233440935612 0.120591215789318
-9999 -9999 -9999 -9999 -9999 0.0869210511445999 0.0773148685693741 0.0759053826332092 0.0663165077567101 0.0802590474486351 0.0938545763492584 0.106121852993965 0.114623941481113 0.115675762295723 0.115259021520615 0.113147772848606 0.10950793325901 0.104818351566792 0.102816171944141 0.101851709187031 0.103154800832272 0.104858048260212 0.104614563286304 0.104403041303158 0.104813121259212 0.105466194450855 0.106907173991203 0.108411252498627 0.110025450587273 0.112741202116013 0.116590432822704 0.121112026274204 0.126043230295181 0.128651440143585 0.130485340952873 0.128856882452965 0.126743197441101 0.123699970543385 0.120749123394489 0.118386574089527 0.116280004382133 0.11488600820303 0.1134974360466 0.112117238342762 0.110842533409595
-9999 -9999 -9999 -9999 -9999 0.0881703719496727 0.0869210511445999 0.0842733085155487 0.0831932723522186 0.102132245898247 0.117300175130367 0.118034191429615 0.117395371198654 0.114040106534958 0.110342994332314 0.106251455843449 0.102709405124187 0.0995447114109993 0.0986729934811592 0.098686695098877 0.099420540034771 0.100281484425068 0.102806776762009 0.105182386934757 0.106006897985935 0.106772653758526 0.107347898185253 0.107808813452721 0.108070187270641 0.109075434505939 0.110846109688282 0.11336162686348 0.11633089184761 0.116845101118088 0.116540975868702 0.115647502243519 0.114671267569065 0.113512739539146 0.112317889928818 0.11089176684618 0.109613291919231 0.10874580591917 0.107757188379765 0.10658136755228 0.105658628046513
-9999 -9999 0.0917794331908226 0.091153472661972 0.0902488306164742 0.0894211754202843 0.0881688967347145 0.093654453754425 0.100503578782082 0.119184903800488 0.132472813129425 0.125117003917694 0.118074342608452 0.111651323735714 0.105789840221405 0.100576281547546 0.0973661541938782 0.0955318659543991 0.0959184840321541 0.0971626788377762 0.0974619463086128 0.0975944623351097 0.101067304611206 0.104317046701908 0.105098202824593 0.105634316802025 0.105375908315182 0.10504849255085 0.104600638151169 0.104215018451214 0.103893429040909 0.104933477938175 0.10680302977562 0.10610742866993 0.104556784033775 0.104254633188248 0.104127511382103 0.104346044361591 0.104448601603508 0.103812620043755 0.103223629295826 0.102765440940857 0.102139204740524 0.101253241300583 0.100700221955776
-9999.000000000000000 -9999 -9999 -9999 0.0937904119491577 0.091076485812664 0.0918393582105637 0.105246260762215 0.11875981092453 0.125719875097275 0.129595026373863 0.121662490069866 0.114187866449356 0.107619345188141 0.102028407156467 0.0975654572248459 0.0951981097459793 0.0942699164152145 0.0961938425898552 0.0992190837860107 0.0993775725364685 0.0990301668643951 0.0994768515229225 0.0998632311820984 0.0996022149920464 0.0991618037223816 0.0981397330760956 0.0975800156593323 0.0978271439671516 0.0967480391263962 0.0943042859435081 0.0950266048312187 0.0976776704192162 0.0977014303207397 0.0968494266271591 0.096825085580349 0.0969179794192314 0.0974060073494911 0.0978054106235504 0.0976403802633286 0.0974384546279907 0.0971338078379631 0.0967879444360733 0.0963784083724022 0.0962338075041771
-9999 -9999 -9999 -9999 0.0990101993083954 0.100873574614525 0.0983493849635124 0.114267148077488 0.1297986805439 0.129418253898621 0.127456709742546 0.119443319737911 0.112049952149391 0.105883412063122 0.100535325706005 0.0961316004395485 0.0940760895609856 0.0936331897974014 0.0958336517214775 0.0990548208355904 0.0989195331931114 0.0981919318437576 0.0969470739364624 0.0957321599125862 0.0948611423373222 0.0937271788716316 0.0917406156659126 0.0906461030244827 0.0911082923412323 0.0899766236543655 0.0872049033641815 0.0875555202364922 0.0898082330822945 0.0903147459030151 0.0902391895651817 0.090563677251339 0.0909465253353119 0.0917564183473587 0.0924828350543976 0.0926776230335236 0.0928273648023605 0.0928516760468483 0.0928914546966553 0.0929551348090172 0.0930312424898148
-9999 -9999 -9999 -9999 0.102977052330971 0.105080530047417 0.107677847146988 0.120053581893444 0.131757542490959 0.129547983407974 0.126248687505722 0.118778318166733 0.112111859023571 0.107036098837852 0.101896017789841 0.0966817140579224 0.0942700356245041 0.0937830433249474 0.0946738868951797 0.0960967540740967 0.0954752117395401 0.0944928973913193 0.0932355523109436 0.0920071229338646 0.0910698249936104 0.0895983055233955 0.0863945931196213 0.0843847244977951 0.0844581946730614 0.0840802639722824 0.08323784917593 0.0831488519906998 0.083518847823143 0.0842104405164719 0.0850092321634293 0.0857718735933304 0.0865326672792435 0.087730310857296 0.0888217091560364 0.0892364904284477 0.0896933525800705 0.0902673304080963 0.0908251628279686 0.0913580432534218 0.0914187058806419
-9999 -9999 -9999 -9999 0.105080530047417 0.108224593102932 0.111915402114391 0.119465924799442 0.126529157161713 0.12321749329567 0.119454428553581 0.113963581621647 0.108920119702816 0.10476192086935 0.100261606276035 0.095366545021534 0.0929852649569511 0.0923303067684174 0.0929170027375221 0.0939831510186195 0.0929281860589981 0.0914989188313484 0.0901111140847206 0.0887288525700569 0.0873851999640465 0.0856904834508896 0.0828574374318123 0.0809619426727295 0.0807025358080864 0.0807221233844757 0.0810287967324257 0.0809274241328239 0.080577477812767 0.0811645165085793 0.0820638835430145 0.0830061584711075 0.0839558839797974 0.0851154923439026 0.0861975252628326 0.0867855325341225 0.0874535441398621 0.0883442759513855 0.0891955196857452 0.0899857357144356 0.0899414494633675
-9999 -9999 -9999 -9999 0.108406841754913 0.111915402114391 0.112319968640804 0.114097625017166 0.115910261869431 0.112041771411896 0.108470439910889 0.106036499142647 0.103288121521473 0.0999175682663918 0.096380852162838 0.092652402818203 0.0905914381146431 0.0896756127476692 0.0907122865319252 0.0925028920173645 0.0910541415214539 0.0890337452292442 0.0874269977211952 0.0857856571674347 0.0837805941700935 0.0819484442472458 0.0806769579648972 0.0796681419014931 0.0791177228093147 0.0792676657438278 0.0801382809877396 0.080344945192337 0.0801471471786499 0.0804124027490616 0.0808320045471191 0.0817600265145302 0.0827569141983986 0.0835591554641724 0.0843510627746582 0.085077203810215 0.0858843922615051 0.0869171842932701 0.0878933519124985 0.0887820199131966 0.0885656625032425
-9999 -9999 -9999 -9999 0.111915402114391 0.106503464281559 0.105317071080208 0.103800922632217 0.105045326054096 0.104156836867332 0.10260447114706 0.0985110625624657 0.095580480992794 0.0949508249759674 0.0932593122124672 0.0903425738215446 0.088738389313221 0.0880355834960938 0.0890690982341766 0.0907730683684349 0.0893957763910294 0.0874747410416603 0.0857704654335976 0.0840685367584229 0.0823466926813126 0.0807912275195122 0.0797752290964127 0.0788849368691444 0.0782139971852303 0.0784204676747322 0.0795297622680664 0.0800040364265442 0.0800914466381073 0.0802253186702728 0.0803746804594994 0.081179216504097 0.0820727497339249 0.0827510729432106 0.0834284648299217 0.0840999558568001 0.0848422646522522 0.0857817083597183 0.0866371318697929 0.0873626917600632 0.0871140360832214
-9999 -9999 -9999 -9999 -9999 0.0973290354013443 0.0964614152908325 0.0980526655912399 0.094074934720993 0.0976822599768639 0.0989319756627083 0.0911577641963959 0.0869832709431648 0.0899316295981407 0.0904631540179253 0.088206022977829 0.0871170982718468 0.0868304222822189 0.0876665711402893 0.0889362767338753 0.0878298506140709 0.0863041058182716 0.0845543295145035 0.0828768908977509 0.0818431079387665 0.0807418003678322 0.0794215574860573 0.0783205553889275 0.0776021704077721 0.0778335109353065 0.0790421143174171 0.079766646027565 0.0801962986588478 0.0802803933620453 0.0802493020892143 0.0808835402131081 0.0816092267632484 0.0822636783123016 0.082901805639267 0.0834360271692276 0.0840260088443756 0.0847712159156799 0.0854005962610245 0.0858509540557861 0.0856299102306366
-9999 -9999 -9999 -9999 -9999 0.0890376046299934 0.0902086347341537 0.0875306501984596 0.0881499350070953 0.0927408933639526 0.0949698314070702 0.0881579145789146 0.0850505456328392 0.0892734155058861 0.0907451137900352 0.0890423953533173 0.0880945697426796 0.0876651555299759 0.0879598334431648 0.0885341018438339 0.0876753851771355 0.0865637958049774 0.0850833058357239 0.0836322456598282 0.0824937298893929 0.0812363848090172 0.0795937851071358 0.0782517194747925 0.0774341076612473 0.0774310678243637 0.0782662034034729 0.0791632905602455 0.0800981223583221 0.0805348679423332 0.0808055847883224 0.0813777595758438 0.0819902792572975 0.0824197232723236 0.08283781260252 0.0831836313009262 0.0835773721337318 0.0841045379638672 0.084528885781765 0.0847943276166916 0.0845899805426598
-9999 -9999 -9999 -9999 -9999 0.0794373005628586 0.080442763864994 0.0850425809621811 0.083268828690052 0.0881167501211166 0.0909477472305298 0.0860588103532791 0.0844967141747475 0.0895174890756607 0.0916639417409897 0.0904938653111458 0.0896097272634506 0.0889219492673874 0.0886039510369301 0.0884287431836128 0.0878129601478577 0.087119422852993 0.0859733521938324 0.0847904458642006 0.0833831578493118 0.0818435326218605 0.0798748284578323 0.0782854035496712 0.0773578584194183 0.0770667940378189 0.0774306505918503 0.0784842148423195 0.079957939684391 0.0808305963873863 0.0815029069781303 0.0820354074239731 0.0825460776686668 0.0827088952064514 0.0828695520758629 0.0830163881182671 0.0832048058509827 0.0835089981555939 0.0837326571345329 0.083831861615181 0.083641953766346
-9999 -9999 -9999 -9999 -9999 -9999 0.0676605105400085 0.0687550529837608 0.0693863555788994 0.0793958306312561 0.0869337171316147 0.0850114226341248 0.0855717658996582 0.0910445377230644 0.0933885723352432 0.0921225398778915 0.0912946611642838 0.0907676815986633 0.0904371440410614 0.0901824533939362 0.0895533487200737 0.0888581797480583 0.087576650083065 0.0862405896186829 0.0845570489764214 0.0828039795160294 0.0808254480361938 0.0791422575712204 0.0779744535684586 0.0771998912096024 0.0768299624323845 0.0774581134319305 0.0786942690610886 0.0795415267348289 0.0802591517567635 0.0811358913779259 0.0820339322090149 0.0828373804688454 0.0835501626133919 0.0836855992674828 0.0837810337543488 0.0837651342153549 0.0837445631623268 0.0837167873978615 0.0835626721382141
-9999 -9999 -9999 -9999 -9999 -9999 0.0537047237157822 0.0491838939487934 0.0553262308239937 0.0704532712697983 0.082722894847393 0.0840555056929588 0.086908720433712 0.0927707552909851 0.0952799767255783 0.0939205884933472 0.0931383967399597 0.092752605676651 0.0924148038029671 0.0920955464243889 0.0913951769471169 0.0906275436282158 0.0891720876097679 0.0876519829034805 0.0857187435030937 0.0837753564119339 0.0817990675568581 0.0800350308418274 0.0786413848400116 0.0773996040225029 0.0763140991330147 0.0764904692769051 0.0774355530738831 0.0782158896327019 0.0789413079619408 0.0800860598683357 0.0812901556491852 0.0826863422989845 0.0839120447635651 0.0840520933270454 0.084079347550869 0.0837926343083382 0.0835656970739365 0.083431139588356 0.0833221077919006
-9999 -9999 -9999 -9999 -9999 -9999 0.0405204631388187 0.0431752242147923 0.043670766055584 0.0611034594476223 0.0764090493321419 0.0835729986429214 0.0902613699436188 0.096008688211441 0.0985654294490814 0.0974407345056534 0.0965950191020966 0.0959408804774284 0.0953656360507011 0.0948208421468735 0.093553364276886 0.0921583622694016 0.0903429538011551 0.088510662317276 0.0866143479943275 0.0846944525837898 0.0826980993151665 0.0809177309274673 0.079514279961586 0.0780723616480827 0.076590858399868 0.0763121917843819 0.076766274869442 0.0772571638226509 0.0777603313326836 0.0781766846776009 0.0785856246948242 0.0796303898096085 0.0805640369653702 0.0807899534702301 0.0809600055217743 0.0809745192527771 0.0809657871723175 0.0809211358428001 0.0809462741017342
