Ecospace-environmental-drivers/Outputs/ASCII-for-ecospace/MOM6-ISIMIP3a/phyc-vint/1984-07_phyc-vint_MOM6-ISIMIP3a.asc
NCOLS 131 
NROWS 53 
XLLCORNER -98 
YLLCORNER 23.9265270233154 
CELLSIZE 0.133587792515755 
NODATA_value -9999 
[rows 0 to 19 of 53, columns 45 to 89 of 131]
-9999 -9999 -9999 -9999 -9999 -9999 -9999 -9999 -9999 -9999 -9999 -9999 -9999 -9999 -9999 -9999 -9999 -9999 -9999 -9999 -9999 -9999 -9999 -9999 -9999 -9999 -9999 -9999 -9999 -9999 -9999 -9999 -9999 -9999 -9999 -9999 -9999 -9999 -9999 -9999 -9999 -9999 -9999 -9999 -9999
-9999 -9999 -9999 -9999 -9999 -9999 -9999 -9999 -9999 -9999 -9999 -9999 -9999 -9999 -9999 -9999 -9999 -9999 -9999 -9999 -9999 -9999 -9999 -9999 -9999 -9999 -9999 -9999 -9999 -9999 -9999 -9999 -9999 -9999 -9999 -9999 -9999 -9999 -9999 -9999 -9999 -9999 -9999 -9999 -9999
-9999 -9999 -9999 -9999 -9999 -9999 -9999 -9999 -9999 -9999 -9999 -9999 -9999 -9999 -9999 -9999 -9999 -9999 -9999 -9999 -9999 -9999 -9999 -9999 -9999 -9999 -9999 -9999 -9999 0.122968450188637 0.119312636554241 -9999 -9999 -9999 -9999 -9999 -9999 -9999 -9999 -9999 -9999 -9999 -9999 -9999 -9999
-9999 -9999 -9999 -9999 -9999 -9999 -9999 -9999 -9999 -9999 -9999 -9999 -9999 -9999 -9999 -9999 -9999 -9999 -9999 -9999 -9999 -9999 -9999 -9999 -9999 -9999 -9999 -9999 -9999 0.12315408885479 0.11975659430027 -9999 -9999 -9999 -9999 -9999 -9999 -9999 -9999 -9999 -9999 -9999 -9999 -9999 -9999
-9999 -9999 -9999 -9999 -9999 -9999 -9999 -9999 -9999 -9999 -9999 -9999 -9999 -9999 -9999 -9999 -9999 -9999 -9999 -9999 0.14242459833622 0.141851112246513 0.141392335295677 0.138716161251068 0.13644739985466 0.13276994228363 0.13027286529541 0.128442347049713 0.126172035932541 0.123369641602039 0.119920574128628 0.115979567170143 -9999 -9999 0.0823323428630829 0.0617492757737637 0.0469279922544956 0.0433791391551495 0.0558702237904072 0.0727371424436569 0.087327241897583 0.0902804359793663 0.0801645442843437 0.0637623593211174 -9999
-9999 -9999 -9999 -9999 -9999 -9999 -9999 -9999 -9999 -9999 -9999 -9999 -9999 -9999 -9999 -9999 0.154036372900009 -9999 0.151850298047066 0.150018513202667 0.146129533648491 0.14242459833622 0.141736418008804 0.141392335295677 0.136039987206459 0.131909862160683 0.130359962582588 0.128548786044121 0.126418307423592 0.123549021780491 0.120141603052616 0.116071105003357 0.111725993454456 0.0997475311160088 0.0862685441970825 0.0609809458255768 0.037998341023922 0.0418046899139881 0.050334382802248 0.0754716023802757 0.0924054309725761 0.0941046923398972 0.0843311920762062 0.0620577447116375 0.0448981337249279
-9999 -9999 -9999 -9999 -9999 -9999 -9999 -9999 -9999 -9999 -9999 -9999 0.151083081960678 0.151372149586678 0.151811197400093 0.153581872582436 0.154957205057144 0.154262840747833 0.153809905052185 0.151722460985184 0.150018513202667 0.145945489406586 0.14242459833622 0.141392335295677 0.136039987206459 0.131909862160683 0.130359962582588 0.128548786044121 0.126418307423592 0.123549021780491 0.120141603052616 0.116071105003357 0.111725993454456 0.0997475311160088 0.0862685441970825 0.0609809458255768 0.037998341023922 0.0418046899139881 0.050334382802248 0.0754716023802757 0.0924054309725761 0.0941046923398972 0.0843311920762062 0.0620577447116375 0.0448981337249279
-9999 -9999 -9999 -9999 -9999 -9999 -9999 -9999 -9999 -9999 -9999 -9999 0.149533197283745 0.151083081960678 0.151661232113838 -9999 0.156395122408867 0.157628834247589 0.154715776443481 0.153809905052185 0.15133897960186 0.150018513202667 0.145393371582031 0.139954999089241 0.13111312687397 0.12674055993557 0.13180311024189 0.133010983467102 0.129507675766945 0.125482171773911 0.121076315641403 0.115446537733078 0.109309889376163 0.103494189679623 0.0977415814995766 0.0765969455242157 0.0574856288731098 0.0638057664036751 0.0718732550740242 0.0860845148563385 0.0953455343842506 0.0954133868217468 0.0875580310821533 0.0710700750350952 0.0653288438916206
0.138421952724457 -9999 -9999 -9999 -9999 -9999 -9999 -9999 -9999 -9999 -9999 -9999 -9999 -9999 -9999 -9999 0.154745414853096 0.162200599908829 0.162672474980354 0.155621662735939 0.153809905052185 0.150188520550728 0.144987761974335 0.138351738452911 0.125709056854248 0.121032528579235 0.133173152804375 0.137679353356361 0.13285468518734 0.127648636698723 0.122164815664291 0.114845000207424 0.10676484555006 0.107404142618179 0.109757475554943 0.0934563353657722 0.0788722336292267 0.0878100097179413 0.0952888429164886 0.0976379439234734 0.0985789895057678 0.0969051197171211 0.0911478325724602 0.0809415057301521 0.0873290747404099
0.140390604734421 0.141717493534088 0.141821876168251 -9999 -9999 -9999 -9999 -9999 -9999 -9999 -9999 -9999 0.138706028461456 0.147944569587708 -9999 -9999 -9999 0.159757480025291 0.173448637127876 0.170724660158157 0.157433420419693 0.157132193446159 0.147213295102119 0.136537551879883 0.122694328427315 0.116536855697632 0.126604616641998 0.13249796628952 0.133289307355881 0.13044448196888 0.124951124191284 0.117386654019356 0.108964465558529 0.102709971368313 0.0968815982341766 0.0935918614268303 0.0912118554115295 0.0968004986643791 0.101137220859528 0.10107210278511 0.100678838789463 0.0996761471033096 0.0948874056339264 0.0859736353158951 0.0855030417442322
0.141508728265762 0.141966208815575 0.141677543520927 0.14165623486042 -9999 -9999 -9999 -9999 -9999 -9999 -9999 -9999 0.133744329214096 0.138651996850967 0.147944569587708 -9999 -9999 0.155708238482475 0.172481134533882 0.192156538367271 0.177742272615433 0.161157190799713 0.147062510251999 0.132974296808243 0.118913181126118 0.112289808690548 0.121368102729321 0.128712266683578 0.133936986327171 0.133051738142967 0.127716109156609 0.120178699493408 0.111729457974434 0.100205317139626 0.0880767181515694 0.0951651334762573 0.10245618969202 0.10477464646101 0.106152266263962 0.104221828281879 0.102784216403961 0.10226184129715 0.098318412899971 0.0906476303935051 0.0835319012403488
0.141844868659973 0.141966208815575 0.141677543520927 0.141613632440567 0.140156358480453 0.138843759894371 -9999 -9999 -9999 -9999 -9999 -9999 -9999 0.133819118142128 0.139776319265366 0.147944569587708 0.151083081960678 0.155708238482475 0.172481134533882 0.192156538367271 0.171967834234238 0.149526908993721 0.134165480732918 0.120029345154762 0.111021175980568 0.10937637835741 0.123276256024837 0.132412746548653 0.135727420449257 0.134647533297539 0.130366712808609 0.124313808977604 0.117527008056641 0.10944476723671 0.101107865571976 0.104450285434723 0.107825621962547 0.107297345995903 0.106697477400303 0.105845876038074 0.104919284582138 0.103853426873684 0.10009428113699 0.0934006869792938 0.0807824283838272
0.141474694013596 0.141480788588524 0.141251564025879 0.140523925423622 0.139654546976089 0.138833314180374 -9999 -9999 -9999 -9999 0.1365966796875 0.133935913443565 0.132505103945732 0.132762879133224 0.136189371347427 0.142208456993103 0.147283375263214 0.151911094784737 0.166461661458015 0.183383151888847 0.16256494820118 0.139622867107391 0.123504035174847 0.110326953232288 0.109461382031441 0.113472484052181 0.127778619527817 0.136206030845642 0.137448400259018 0.136015564203262 0.132634148001671 0.127899348735809 0.122604049742222 0.117398217320442 0.112209983170033 0.112472213804722 0.112660802900791 0.11015821993351 0.10812946408987 0.10776674747467 0.106991745531559 0.105451107025146 0.102000080049038 0.0964676216244698 0.0817554593086243
0.13933864235878 0.139781758189201 0.139760583639145 0.139680147171021 0.139582857489586 0.138833314180374 0.138043418526649 0.137966930866241 0.137856751680374 0.137575075030327 0.1365966796875 0.133935913443565 0.132505103945732 0.132762879133224 0.132279053330421 0.131188482046127 0.133984237909317 0.138620868325233 0.145393222570419 0.15267588198185 0.144090756773949 0.134034469723701 0.118431620299816 0.108731105923653 0.123732469975948 0.135092809796333 0.138766676187515 0.140231281518936 0.138995707035065 0.136814191937447 0.133943647146225 0.130110934376717 0.125879749655724 0.122136622667313 0.118489421904087 0.1173360273242 0.116160325706005 0.11386451870203 0.111778423190117 0.110429681837559 0.108907707035542 0.107064001262188 0.104230724275112 0.100319273769855 0.0920349583029747
0.14089797437191 0.142590761184692 0.143822208046913 0.141271993517876 0.137646287679672 0.136848211288452 0.136344596743584 0.135976552963257 0.135606780648232 0.135228261351585 0.133913397789001 0.130337670445442 0.12805563211441 0.127549692988396 0.126289501786232 0.124412216246128 0.127408728003502 0.132713854312897 0.135170817375183 0.136947259306908 0.135215356945992 0.132661312818527 0.121649198234081 0.116328313946724 0.134825795888901 0.146586760878563 0.144126415252686 0.141692787408829 0.139291793107986 0.136916518211365 0.134559974074364 0.131568714976311 0.128314584493637 0.125668719410896 0.123142413794994 0.121136389672756 0.119120329618454 0.116817995905876 0.11455550044775 0.112433061003685 0.110333435237408 0.108276188373566 0.10584395378828 0.103003159165382 0.0989308133721352
0.147681906819344 0.151773318648338 0.155734151601791 0.146307349205017 0.133073106408119 0.132056564092636 0.132243975996971 0.131172120571136 0.13017575442791 0.129563450813293 0.127436473965645 0.121652156114578 0.11731543391943 0.114966042339802 0.117360338568687 0.123635791242123 0.130339205265045 0.137245342135429 0.140282705426216 0.142395704984665 0.139910846948624 0.137247711420059 0.136587306857109 0.13692282140255 0.14142632484436 0.143763840198517 0.141528755426407 0.13952961564064 0.137818858027458 0.136034414172173 0.134196296334267 0.131960734724998 0.129560559988022 0.127495318651199 0.125495910644531 0.123433224856853 0.12131755053997 0.118707127869129 0.116099901497364 0.1135039255023 0.111066065728664 0.108921855688095 0.106584280729294 0.104036033153534 0.101042807102203
0.14737457036972 0.151808068156242 0.156262457370758 0.145193114876747 0.129708841443062 0.124643765389919 0.120746307075024 0.119578771293163 0.119514897465706 0.125065252184868 0.127176359295845 0.120983071625233 0.115494646131992 0.110973916947842 0.114803560078144 0.125465258955956 0.132597327232361 0.138057485222816 0.140360400080681 0.141908943653107 0.139958158135414 0.138091951608658 0.140955612063408 0.142967268824577 0.14141321182251 0.139769285917282 0.137935653328896 0.136248230934143 0.134739503264427 0.132999271154404 0.131090432405472 0.129214406013489 0.127351969480515 0.125778526067734 0.124261893332005 0.122637547552586 0.120940655469894 0.118574135005474 0.116142645478249 0.113482713699341 0.110998421907425 0.108840301632881 0.106624431908131 0.104345627129078 0.10209009796381
0.141095533967018 0.144139289855957 0.147204354405403 0.138900190591812 0.127362623810768 0.115023650228977 0.103019453585148 0.102268345654011 0.104449898004532 0.121549494564533 0.132151573896408 0.127064749598503 0.121185064315796 0.11421687155962 0.117613092064857 0.129489183425903 0.134289219975471 0.135737493634224 0.136198669672012 0.136424005031586 0.136091157793999 0.135784834623337 0.136422872543335 0.136758834123611 0.135830596089363 0.134788066148758 0.133504271507263 0.132025167346001 0.130307331681252 0.128151014447212 0.125675305724144 0.123825207352638 0.122234210371971 0.121077783405781 0.120006784796715 0.11923760920763 0.118396051228046 0.116738297045231 0.11492083221674 0.112541854381561 0.110256843268871 0.108146347105503 0.106074944138527 0.104046136140823 0.102240778505802
0.135432854294777 0.136853650212288 0.138307496905327 0.133935511112213 0.127906635403633 0.115482047200203 0.10287369787693 0.102978885173798 0.105300351977348 0.118895754218102 0.127484530210495 0.123984254896641 0.12058299779892 0.11731768399477 0.120241567492485 0.128229290246964 0.130549982190132 0.130186319351196 0.129775643348694 0.129353746771812 0.129768714308739 0.13023579120636 0.130624666810036 0.13089781999588 0.130686685442924 0.130200654268265 0.129134312272072 0.127523273229599 0.125246495008469 0.122487910091877 0.119378380477428 0.117189347743988 0.115381516516209 0.114736706018448 0.114320524036884 0.11448834836483 0.114533871412277 0.11317341029644 0.111718185245991 0.109929755330086 0.108175799250603 0.10648587346077 0.104838199913502 0.103236563503742 0.101882189512253
0.130071774125099 0.129755511879921 0.129489555954933 0.12962082028389 0.129865035414696 0.1208725720644 0.1113316193223 0.112508349120617 0.113939352333546 0.116663865745068 0.118098832666874 0.116420038044453 0.116901569068432 0.120348930358887 0.122781440615654 0.124383650720119 0.124152891337872 0.123053908348083 0.122246012091637 0.121507674455643 0.122244648635387 0.123100243508816 0.124207176268101 0.125206813216209 0.125757455825806 0.12580594420433 0.124794386327267 0.122884914278984 0.119877986609936 0.116426043212414 0.112649947404861 0.109943404793739 0.107679799199104 0.107592910528183 0.107933908700943 0.109078772366047 0.110026903450489 0.108762383460999 0.107546173036098 0.106499806046486 0.105439268052578 0.104352414608002 0.10326512157917 0.102177374064922 0.101274371147156
