Ecospace-environmental-drivers/Outputs/ASCII-for-ecospace/MOM6-ISIMIP3a/phyc-vint/1984-09_phyc-vint_MOM6-ISIMIP3a.asc
NCOLS 131 
NROWS 53 
XLLCORNER -98 
YLLCORNER 23.9265270233154 
CELLSIZE 0.133587792515755 
NODATA_value -9999 
[rows 0 to 19 of 53, columns 45 to 89 of 131]
-9999 -9999 -9999 -9999 -9999 -9999 -9999 -9999 -9999 -9999 -9999 -9999 -9999 -9999 -9999 -9999 -9999 -9999 -9999 -9999 -9999 -9999 -9999 -9999 -9999 -9999 -9999 -9999 -9999 -9999 -9999 -9999 -9999 -9999 -9999 -9999 -9999 -9999 -9999 -9999 -9999 -9999 -9999 -9999 -9999
-9999 -9999 -9999 -9999 -9999 -9999 -9999 -9999 -9999 -9999 -9999 -9999 -9999 -9999 -9999 -9999 -9999 -9999 -9999 -9999 -9999 -9999 -9999 -9999 -9999 -9999 -9999 -9999 -9999 -9999 -9999 -9999 -9999 -9999 -9999 -9999 -9999 -9999 -9999 -9999 -9999 -9999 -9999 -9999 -9999
-9999 -9999 -9999 -9999 -9999 -9999 -9999 -9999 -9999 -9999 -9999 -9999 -9999 -9999 -9999 -9999 -9999 -9999 -9999 -9999 -9999 -9999 -9999 -9999 -9999 -9999 -9999 -9999 -9999 0.113341338932514 0.110329329967499 -9999 -9999 -9999 -9999 -9999 -9999 -9999 -9999 -9999 -9999 -9999 -9999 -9999 -9999
-9999 -9999 -9999 -9999 -9999 -9999 -9999 -9999 -9999 -9999 -9999 -9999 -9999 -9999 -9999 -9999 -9999 -9999 -9999 -9999 -9999 -9999 -9999 -9999 -9999 -9999 -9999 -9999 -9999 0.113769233226776 0.11121816188097 -9999 -9999 -9999 -9999 -9999 -9999 -9999 -9999 -9999 -9999 -9999 -9999 -9999 -9999
-9999 -9999 -9999 -9999 -9999 -9999 -9999 -9999 -9999 -9999 -9999 -9999 -9999 -9999 -9999 -9999 -9999 -9999 -9999 -9999 0.131153136491776 0.130337506532669 0.129684999585152 0.125878781080246 0.122809752821922 0.118228003382683 0.11604018509388 0.115631841123104 0.115160539746284 0.114317432045937 0.111829735338688 0.107507325708866 -9999 -9999 0.0688646510243416 0.0510318763554096 0.0383942387998104 0.0326142460107803 0.0362881571054459 0.0430889427661896 0.0504819042980671 0.0527143776416779 0.0478092841804028 0.0388569235801697 -9999
-9999 -9999 -9999 -9999 -9999 -9999 -9999 -9999 -9999 -9999 -9999 -9999 -9999 -9999 -9999 -9999 0.135227620601654 -9999 0.134938403964043 0.134692087769508 0.132854744791985 0.131153136491776 0.13017438352108 0.129684999585152 0.122072547674179 0.116671703755856 0.115939751267433 0.11550909280777 0.115446679294109 0.114525847136974 0.112979769706726 0.107983596622944 0.101558610796928 0.0864518657326698 0.0696384981274605 0.0505035854876041 0.0329535417258739 0.0317255891859531 0.0331636033952236 0.0439752824604511 0.0521279387176037 0.0553424879908562 0.0506727024912834 0.0374126583337784 0.0284854043275118
-9999 -9999 -9999 -9999 -9999 -9999 -9999 -9999 -9999 -9999 -9999 -9999 0.133565485477448 0.133670225739479 0.133702635765076 0.133680537343025 0.134353458881378 0.135250896215439 0.135204330086708 0.13491877913475 0.134692087769508 0.132719025015831 0.131153136491776 0.129684999585152 0.122072547674179 0.116671703755856 0.115939751267433 0.11550909280777 0.115446679294109 0.114525847136974 0.112979769706726 0.107983596622944 0.101558610796928 0.0864518657326698 0.0696384981274605 0.0505035854876041 0.0329535417258739 0.0317255891859531 0.0331636033952236 0.0439752824604511 0.0521279387176037 0.0553424879908562 0.0506727024912834 0.0374126583337784 0.0284854043275118
-9999 -9999 -9999 -9999 -9999 -9999 -9999 -9999 -9999 -9999 -9999 -9999 0.133003875613213 0.133565485477448 0.133774980902672 -9999 0.133499205112457 0.13404543697834 0.13529746234417 0.135204330086708 0.134859934449196 0.134692087769508 0.13231186568737 0.12824273109436 0.117105290293694 0.111180298030376 0.116259180009365 0.117511011660099 0.114085406064987 0.109819658100605 0.104941964149475 0.09724011272192 0.088368684053421 0.0793277248740196 0.0702534392476082 0.0538842156529427 0.0392059795558453 0.0436857156455517 0.049421988427639 0.0595763139426708 0.0656883865594864 0.0642935484647751 0.0575638636946678 0.0450216718018055 0.0423296801745892
0.127231806516647 -9999 -9999 -9999 -9999 -9999 -9999 -9999 -9999 -9999 -9999 -9999 -9999 -9999 -9999 -9999 0.13375236093998 0.132760792970657 0.133212223649025 0.135390594601631 0.135204330086708 0.134683385491371 0.13183681666851 0.126647770404816 0.11165527254343 0.105086274445057 0.116299979388714 0.11932247877121 0.11233364790678 0.104491494596004 0.096027784049511 0.0854406580328941 0.0739741548895836 0.0713793411850929 0.0705284923315048 0.057504054158926 0.0462694130837917 0.0569229647517204 0.0672777220606804 0.0765819028019905 0.080428883433342 0.0741412565112114 0.0652435272932053 0.0535019896924496 0.0573724880814552
0.130922690033913 0.133456990122795 0.13365426659584 -9999 -9999 -9999 -9999 -9999 -9999 -9999 -9999 -9999 0.127942830324173 0.132428228855133 -9999 -9999 -9999 0.133288145065308 0.130590796470642 0.131587266921997 0.135576859116554 0.135368570685387 0.13159067928791 0.125310435891151 0.108557514846325 0.0992496386170387 0.105658836662769 0.107093073427677 0.102446891367435 0.0957955345511436 0.0876836329698563 0.0783271789550781 0.068455308675766 0.0623213835060596 0.0569222420454025 0.0564844310283661 0.0572857670485973 0.0683971866965294 0.0780184864997864 0.0824005007743835 0.084058478474617 0.0806576535105705 0.0736977830529213 0.0628602281212807 0.0608603470027447
0.133062422275543 0.133946686983109 0.133361846208572 0.133318677544594 -9999 -9999 -9999 -9999 -9999 -9999 -9999 -9999 0.12534299492836 0.127119392156601 0.132428228855133 -9999 -9999 0.135241433978081 0.131057500839233 0.125473439693451 0.1306242197752 0.135740146040916 0.129614919424057 0.12127947062254 0.103693969547749 0.0927233025431633 0.0957170426845551 0.0963439866900444 0.0940782129764557 0.0887944251298904 0.0813123732805252 0.0733993127942085 0.0653077661991119 0.0566403716802597 0.0478597804903984 0.0578323192894459 0.0684871450066566 0.0790228024125099 0.0872749611735344 0.0874981954693794 0.0872822627425194 0.0862507373094559 0.0811183452606201 0.0715178996324539 0.0639398396015167
0.133460313081741 0.133946686983109 0.133361846208572 0.133232340216637 0.132165148854256 0.131395369768143 -9999 -9999 -9999 -9999 -9999 -9999 -9999 0.124139115214348 0.126967936754227 0.132428228855133 0.133565485477448 0.135241433978081 0.131057500839233 0.125473439693451 0.130288526415825 0.134429544210434 0.118361726403236 0.102800436317921 0.0893590524792671 0.0824974998831749 0.0895264819264412 0.0935350805521011 0.0938521549105644 0.090884156525135 0.0855233520269394 0.0801947191357613 0.0748794004321098 0.0690726712346077 0.0631693303585052 0.0718790516257286 0.0806809440255165 0.0850967243313789 0.0885699540376663 0.088729128241539 0.0883293151855469 0.0868914127349854 0.0829942971467972 0.0764178037643433 0.0648289397358894
0.133052065968513 0.133381858468056 0.132860779762268 0.132303908467293 0.131736859679222 0.13138747215271 -9999 -9999 -9999 -9999 0.129254773259163 0.126820474863052 0.124767668545246 0.123238608241081 0.124411076307297 0.127793863415718 0.130306914448738 0.132408007979393 0.129262045025826 0.124862372875214 0.12871065735817 0.131326109170914 0.107750631868839 0.0876621380448341 0.0821670591831207 0.0810182318091393 0.0890446901321411 0.0941367819905281 0.095642477273941 0.0941391438245773 0.0904440879821777 0.0871378779411316 0.0839926972985268 0.0806460231542587 0.0772597417235374 0.083646759390831 0.0897602811455727 0.0896663516759872 0.0896295607089996 0.0897936597466469 0.0893108993768692 0.0876268520951271 0.0847680643200874 0.080629363656044 0.068140409886837
0.130628496408463 0.131404981017113 0.131107062101364 0.131308645009995 0.131652295589447 0.13138747215271 0.131061777472496 0.130774036049843 0.130483880639076 0.130181506276131 0.129254773259163 0.126820474863052 0.124767668545246 0.123238608241081 0.120762407779694 0.117511294782162 0.118901789188385 0.122490920126438 0.122977867722511 0.12272360175848 0.124027334153652 0.123740456998348 0.098744809627533 0.0808758437633514 0.0928327441215515 0.101405762135983 0.102835141122341 0.103265188634396 0.102473847568035 0.1003073528409 0.0971392244100571 0.0944504216313362 0.0919601172208786 0.0900719836354256 0.0883022248744965 0.089716799557209 0.091053307056427 0.0904751718044281 0.0901006758213043 0.0904421880841255 0.0901288092136383 0.0885992422699928 0.0862863585352898 0.0831200182437897 0.077507920563221
0.129645153880119 0.131779372692108 0.13297826051712 0.131669536232948 0.1296476572752 0.129605755209923 0.129748716950417 0.129410952329636 0.12905640900135 0.12861655652523 0.127093911170959 0.122956708073616 0.119701944291592 0.117658652365208 0.114499695599079 0.110427930951118 0.113146029412746 0.11908034235239 0.121125601232052 0.122241631150246 0.120893627405167 0.118181429803371 0.0980774834752083 0.084999218583107 0.101324111223221 0.111725255846977 0.109620869159698 0.107740454375744 0.106133759021759 0.10416229814291 0.101925164461136 0.0998900383710861 0.0979385823011398 0.0967490673065186 0.0957093313336372 0.0940728858113289 0.0924803614616394 0.091532863676548 0.0908737778663635 0.0912287682294846 0.0910006687045097 0.0896896868944168 0.0878113582730293 0.0853148773312569 0.083611823618412
0.130698040127754 0.135478049516678 0.139974445104599 0.133947789669037 0.124928377568722 0.125305011868477 0.126579239964485 0.126120701432228 0.12561072409153 0.124839060008526 0.12187797576189 0.113630287349224 0.107474222779274 0.104189671576023 0.104541189968586 0.107867650687695 0.115377433598042 0.124868772923946 0.125539228320122 0.124102078378201 0.119950801134109 0.115487664937973 0.109199248254299 0.10454685986042 0.106741406023502 0.107810385525227 0.106503203511238 0.105637013912201 0.105309799313545 0.104746714234352 0.104011826217175 0.102681681513786 0.101105026900768 0.0995397418737411 0.0979766920208931 0.0960057377815247 0.0940968990325928 0.0929424092173576 0.0920738354325294 0.0922105461359024 0.0919487923383713 0.0909470394253731 0.0893458425998688 0.0870915204286575 0.0851015746593475
0.129019036889076 0.134224906563759 0.139470547437668 0.131326496601105 0.119374439120293 0.116449572145939 0.114500492811203 0.11394888907671 0.114239029586315 0.11881098151207 0.11934956163168 0.110149167478085 0.102543734014034 0.0971279665827751 0.0991937071084976 0.107380613684654 0.115020588040352 0.122401490807533 0.121959112584591 0.119647495448589 0.115436062216759 0.111342959105968 0.110871776938438 0.109776318073273 0.106068201363087 0.103258728981018 0.102346368134022 0.102209433913231 0.103020220994949 0.10378560423851 0.104517906904221 0.104216068983078 0.103485956788063 0.102022275328636 0.100414387881756 0.0982948765158653 0.0962177887558937 0.0947400778532028 0.0935252010822296 0.093234471976757 0.0927810594439507 0.0920255482196808 0.090620219707489 0.0885068997740746 0.0863288789987564
0.12503944337368 0.128801763057709 0.132650673389435 0.124579221010208 0.11311761289835 0.103758543729782 0.0949190780520439 0.094297744333744 0.0961926877498627 0.110887631773949 0.119084365665913 0.11159048974514 0.10375838726759 0.0954619497060776 0.0977292433381081 0.108639493584633 0.112484119832516 0.112981908023357 0.111647315323353 0.109874904155731 0.107913345098495 0.105976402759552 0.10458692163229 0.102948144078255 0.100266069173813 0.0981708243489265 0.0973144397139549 0.0976667776703835 0.0994964241981506 0.101522974669933 0.103692941367626 0.104691684246063 0.105205394327641 0.104245312511921 0.102995522320271 0.100884057581425 0.0987633913755417 0.0968645811080933 0.0951882004737854 0.0942938849329948 0.0935157611966133 0.0929534286260605 0.0916755497455597 0.0896180644631386 0.0873351693153381
0.117682032287121 0.120072960853577 0.122708953917027 0.118358843028545 0.112021878361702 0.102722361683846 0.0934884995222092 0.0942143499851227 0.0966468900442123 0.1077611297369 0.11379086971283 0.107543542981148 0.10188315063715 0.0970285311341286 0.0985817015171051 0.105377562344074 0.106180310249329 0.104144252836704 0.10252583771944 0.101007208228111 0.100189328193665 0.0993968099355698 0.0982728004455566 0.0970307588577271 0.0952947214245796 0.0939048156142235 0.0932456105947495 0.0938903167843819 0.0961286723613739 0.0988714545965195 0.101981647312641 0.10395485907793 0.105457209050655 0.104995809495449 0.104148387908936 0.102252319455147 0.100314572453499 0.0983489975333214 0.0965007990598679 0.0950652733445168 0.0939577370882034 0.0934592932462692 0.0922344401478767 0.0902181416749954 0.0879974216222763
0.108671613037586 0.109726451337337 0.111239485442638 0.112396314740181 0.113451838493347 0.107389718294144 0.100940391421318 0.103706836700439 0.106154710054398 0.106982067227364 0.106036677956581 0.100810810923576 0.0984958186745644 0.100177049636841 0.100567996501923 0.0999032780528069 0.0980328768491745 0.0955913811922073 0.0939868688583374 0.0925823375582695 0.0923667997121811 0.0922235995531082 0.0919443666934967 0.0915590822696686 0.0907299444079399 0.0900410190224648 0.0896480977535248 0.0904888138175011 0.0928372889757156 0.0960296168923378 0.099836602807045 0.1026246920228 0.104990817606449 0.105025686323643 0.104602284729481 0.10302310436964 0.101379111409187 0.0995201766490936 0.0976419150829315 0.0956957116723061 0.0942564532160759 0.0937586277723312 0.0925503820180893 0.0905681103467941 0.0884913131594658
