Ecospace-environmental-drivers/Outputs/ASCII-for-ecospace/MOM6-ISIMIP3a/phyc-vint/1985-09_phyc-vint_MOM6-ISIMIP3a.asc
NCOLS 131 
NROWS 53 
XLLCORNER -98 
YLLCORNER 23.9265270233154 
CELLSIZE 0.133587792515755 
NODATA_value -9999 
[rows 0 to 19 of 53, columns 45 to 89 of 131]
-9999 -9999 -9999 -9999 -9999 -9999 -9999 -9999 -9999 -9999 -9999 -9999 -9999 -9999 -9999 -9999 -9999 -9999 -9999 -9999 -9999 -9999 -9999 -9999 -9999 -9999 -9999 -9999 -9999 -9999 -9999 -9999 -9999 -9999 -9999 -9999 -9999 -9999 -9999 -9999 -9999 -9999 -9999 -9999 -9999
-9999 -9999 -9999 -9999 -9999 -9999 -9999 -9999 -9999 -9999 -9999 -9999 -9999 -9999 -9999 -9999 -9999 -9999 -9999 -9999 -9999 -9999 -9999 -9999 -9999 -9999 -9999 -9999 -9999 -9999 -9999 -9999 -9999 -9999 -9999 -9999 -9999 -9999 -9999 -9999 -9999 -9999 -9999 -9999 -9999
-9999 -9999 -9999 -9999 -9999 -9999 -9999 -9999 -9999 -9999 -9999 -9999 -9999 -9999 -9999 -9999 -9999 -9999 -9999 -9999 -9999 -9999 -9999 -9999 -9999 -9999 -9999 -9999 -9999 0.115335561335087 0.111695118248463 -9999 -9999 -9999 -9999 -9999 -9999 -9999 -9999 -9999 -9999 -9999 -9999 -9999 -9999
-9999 -9999 -9999 -9999 -9999 -9999 -9999 -9999 -9999 -9999 -9999 -9999 -9999 -9999 -9999 -9999 -9999 -9999 -9999 -9999 -9999 -9999 -9999 -9999 -9999 -9999 -9999 -9999 -9999 0.115733325481415 0.112409800291061 -9999 -9999 -9999 -9999 -9999 -9999 -9999 -9999 -9999 -9999 -9999 -9999 -9999 -9999
-9999 -9999 -9999 -9999 -9999 -9999 -9999 -9999 -9999 -9999 -9999 -9999 -9999 -9999 -9999 -9999 -9999 -9999 -9999 -9999 0.13601490855217 0.135205879807472 0.134558647871017 0.130783215165138 0.127709299325943 0.123042427003384 0.12051809579134 0.119385980069637 0.117984101176262 0.116220571100712 0.112995311617851 0.108013525605202 -9999 -9999 0.0772014781832695 0.0659618973731995 0.0623693130910397 0.0661737620830536 0.0773290693759918 0.087567500770092 0.0934820771217346 0.0925789624452591 0.0845733284950256 0.0725401416420937 -9999
-9999 -9999 -9999 -9999 -9999 -9999 -9999 -9999 -9999 -9999 -9999 -9999 -9999 -9999 -9999 -9999 0.137911811470985 -9999 0.137462109327316 0.137086004018784 0.136553183197975 0.13601490855217 0.135044068098068 0.134558647871017 0.127007782459259 0.121561467647552 0.12055803835392 0.119434788823128 0.118165105581284 0.116352409124374 0.114144198596478 0.108489319682121 0.101407058537006 0.0895571112632751 0.0767699554562569 0.0652773603796959 0.055838368833065 0.0659922063350677 0.076690711081028 0.0893042907118797 0.0967074930667877 0.0944344475865364 0.0865949466824532 0.0726905837655067 0.0583348907530308
-9999 -9999 -9999 -9999 -9999 -9999 -9999 -9999 -9999 -9999 -9999 -9999 0.134221836924553 0.134198725223541 0.134101584553719 0.133635058999062 0.135446295142174 0.137960076332092 0.137863546609879 0.137436792254448 0.137086004018784 0.136558651924133 0.13601490855217 0.134558647871017 0.127007782459259 0.121561467647552 0.12055803835392 0.119434788823128 0.118165105581284 0.116352409124374 0.114144198596478 0.108489319682121 0.101407058537006 0.0895571112632751 0.0767699554562569 0.0652773603796959 0.055838368833065 0.0659922063350677 0.076690711081028 0.0893042907118797 0.0967074930667877 0.0944344475865364 0.0865949466824532 0.0726905837655067 0.0583348907530308
-9999 -9999 -9999 -9999 -9999 -9999 -9999 -9999 -9999 -9999 -9999 -9999 0.134345754981041 0.134221836924553 0.13417561352253 -9999 0.132822215557098 0.134678319096565 0.138056620955467 0.137863546609879 0.137360826134682 0.137086004018784 0.136575058102608 0.133720517158508 0.121057763695717 0.113805547356606 0.117975391447544 0.119405806064606 0.117488093674183 0.114810794591904 0.111580222845078 0.104501359164715 0.0958287790417671 0.0904574021697044 0.0857349708676338 0.0754658579826355 0.0667248293757439 0.0749179646372795 0.0832841396331787 0.0922586917877197 0.0967324078083038 0.0928475633263588 0.0853345021605492 0.0738683715462685 0.0677646100521088
0.130850344896317 -9999 -9999 -9999 -9999 -9999 -9999 -9999 -9999 -9999 -9999 -9999 -9999 -9999 -9999 -9999 0.133370757102966 0.130966514348984 0.133134171366692 0.138249695301056 0.137863546609879 0.137132912874222 0.136665344238281 0.132768407464027 0.114519171416759 0.105254493653774 0.11495690792799 0.119144812226295 0.116592831909657 0.112967111170292 0.108559288084507 0.0999478474259377 0.0895955413579941 0.0911122262477875 0.0949620753526688 0.0862845256924629 0.0785540789365768 0.0846076533198357 0.0904205739498138 0.09538733959198 0.0966723263263702 0.0911198779940605 0.0840397700667381 0.0752952322363853 0.0780449360609055
0.132093161344528 0.13281986117363 0.132799297571182 -9999 -9999 -9999 -9999 -9999 -9999 -9999 -9999 -9999 0.130062699317932 0.134472772479057 -9999 -9999 -9999 0.131853491067886 0.127009093761444 0.130695000290871 0.138635843992233 0.138583302497864 0.13665072619915 0.131106659770012 0.110448107123375 0.0989709720015526 0.10687655210495 0.111103370785713 0.110834002494812 0.106676682829857 0.0996874272823334 0.0912314429879189 0.0821680352091789 0.080017939209938 0.0792268291115761 0.0800347402691841 0.081307977437973 0.0865483731031418 0.0911086276173592 0.0932774990797043 0.0936276689171791 0.0906003341078758 0.0863417536020279 0.0807416886091232 0.081619955599308
0.132860973477364 0.133010223507881 0.132588371634483 0.132557228207588 -9999 -9999 -9999 -9999 -9999 -9999 -9999 -9999 0.127695143222809 0.129796981811523 0.134472772479057 -9999 -9999 0.133852034807205 0.127486616373062 0.119688645005226 0.129800379276276 0.140083432197571 0.134952038526535 0.126661568880081 0.10515009611845 0.0926729962229729 0.0992681831121445 0.103597924113274 0.10515883564949 0.100818142294884 0.0921788215637207 0.084402821958065 0.0769843608140945 0.0720576494932175 0.067620761692524 0.0761569365859032 0.0847085192799568 0.08871740847826 0.0917889252305031 0.0915645733475685 0.091120682656765 0.0902690663933754 0.0885069593787193 0.0857528522610664 0.0845534726977348
0.133063152432442 0.133010223507881 0.132588371634483 0.132494956254959 0.131600707769394 0.130990698933601 -9999 -9999 -9999 -9999 -9999 -9999 -9999 0.127385899424553 0.129900515079498 0.134472772479057 0.134221836924553 0.133852034807205 0.127486616373062 0.119688645005226 0.131085589528084 0.141850307583809 0.124220237135887 0.107287153601646 0.0932710245251656 0.0862975046038628 0.0941914990544319 0.0989674106240273 0.099932387471199 0.0972762107849121 0.091982439160347 0.0876999124884605 0.0838361755013466 0.0809075608849525 0.0781627669930458 0.0850019529461861 0.091577559709549 0.0921111330389977 0.0924275889992714 0.0919806510210037 0.0914976447820663 0.0909476652741432 0.0899385362863541 0.0884291380643845 0.0840461328625679
0.132398083806038 0.132362395524979 0.132037043571472 0.131657391786575 0.13126228749752 0.130988210439682 -9999 -9999 -9999 -9999 0.129451513290405 0.128128096461296 0.127232804894447 0.126925304532051 0.12799958884716 0.130204394459724 0.130919218063354 0.130928248167038 0.126564830541611 0.121156685054302 0.130873680114746 0.139373242855072 0.115029461681843 0.0944128111004829 0.0893945395946503 0.088095560669899 0.0946482941508293 0.0982673540711403 0.0983008667826653 0.0967329442501068 0.093998558819294 0.092360720038414 0.0911770015954971 0.089799590408802 0.0883841067552567 0.0931016430258751 0.0974074825644493 0.0954727679491043 0.0937616676092148 0.0928368121385574 0.0921003744006157 0.0917138606309891 0.0912063643336296 0.0905670523643494 0.0849527344107628
0.129564881324768 0.130094930529594 0.13010735809803 0.130574196577072 0.131170257925987 0.130988210439682 0.13072158396244 0.130321487784386 0.129974141716957 0.129895031452179 0.129451513290405 0.128128096461296 0.127232804894447 0.126925304532051 0.124337926506996 0.119885206222534 0.119359865784645 0.120694823563099 0.123338505625725 0.126294881105423 0.126918956637383 0.126286119222641 0.109691329300404 0.0977889820933342 0.105524949729443 0.110327914357185 0.108939066529274 0.107393637299538 0.105656825006008 0.103686489164829 0.101546064019203 0.1004309207201 0.0997403785586357 0.098796933889389 0.0978037714958191 0.099337987601757 0.100639559328556 0.0987541750073433 0.096834309399128 0.0947932153940201 0.0932675451040268 0.0926990658044815 0.0920648500323296 0.0913590118288994 0.0893942415714264
0.127792492508888 0.130224347114563 0.132348358631134 0.131342187523842 0.129445776343346 0.129303246736526 0.129322588443756 0.128865703940392 0.128451228141785 0.128252580761909 0.127288416028023 0.124475881457329 0.122657172381878 0.122202858328819 0.119352489709854 0.114541731774807 0.115695461630821 0.119674429297447 0.125170141458511 0.13102824985981 0.126063972711563 0.120169617235661 0.111559584736824 0.106589794158936 0.116854801774025 0.122089177370071 0.116703495383263 0.112598963081837 0.110060252249241 0.108148410916328 0.106693178415298 0.106021739542484 0.105674892663956 0.104901805520058 0.104044914245605 0.103670008480549 0.103184640407562 0.101445883512497 0.0995182394981384 0.0969264879822731 0.094969280064106 0.0941904932260513 0.093391127884388 0.0925693437457085 0.0924306586384773
0.12751992046833 0.13374251127243 0.1404859572649 0.134727418422699 0.125413328409195 0.125236034393311 0.125945687294006 0.125351667404175 0.12477520108223 0.124287985265255 0.122067101299763 0.115660101175308 0.111612416803837 0.110803738236427 0.112495489418507 0.116233006119728 0.123193062841892 0.131679549813271 0.134152784943581 0.135189235210419 0.129591464996338 0.123908318579197 0.123616352677345 0.123060055077076 0.12139754742384 0.119046248495579 0.115240871906281 0.112260781228542 0.110289342701435 0.109087631106377 0.108446575701237 0.108107164502144 0.1078926846385 0.10691724717617 0.105792216956615 0.105309657752514 0.10475841909647 0.103303864598274 0.1016526222229 0.0993098169565201 0.0974267944693565 0.0963976234197617 0.0953787788748741 0.0943711921572685 0.0934805274009705
0.127630665898323 0.134208858013153 0.141312465071678 0.134013190865517 0.12261775135994 0.119152225553989 0.116558350622654 0.115583159029484 0.115466952323914 0.119720317423344 0.12072379887104 0.113880105316639 0.109231047332287 0.107594922184944 0.111809685826302 0.120811492204666 0.128602281212807 0.135819435119629 0.13594363629818 0.134373098611832 0.12923589348793 0.124362751841545 0.126899316906929 0.127834022045135 0.122064739465714 0.117204576730728 0.114263646304607 0.111938416957855 0.110365696251392 0.109507858753204 0.109170734882355 0.108740709722042 0.108272202312946 0.107119746506214 0.10583283752203 0.105251468718052 0.104648679494858 0.103581286966801 0.102374985814095 0.100680261850357 0.0991490557789803 0.0979215353727341 0.0966607555747032 0.0953637510538101 0.0940491035580635
0.128064215183258 0.132105231285095 0.135982170701027 0.12984673678875 0.120863780379295 0.111370198428631 0.102109514176846 0.10054761916399 0.101415701210499 0.114644788205624 0.122646249830723 0.118025071918964 0.114145278930664 0.11128330975771 0.11632077395916 0.12782134115696 0.13225282728672 0.133335843682289 0.13167816400528 0.129365637898445 0.125610336661339 0.122051432728767 0.122793711721897 0.122758314013481 0.119468256831169 0.116374514997005 0.113695189356804 0.111629381775856 0.110313415527344 0.109491027891636 0.109028160572052 0.108151584863663 0.107103683054447 0.105795532464981 0.104436226189137 0.103763498365879 0.103121198713779 0.10252770036459 0.101908273994923 0.101197727024555 0.100252151489258 0.0988700836896896 0.0973484665155411 0.0956748053431511 0.0942123904824257
0.128007262945175 0.130471050739288 0.132614076137543 0.130230292677879 0.126559063792229 0.116730846464634 0.106625758111477 0.106060564517975 0.107186339795589 0.116913892328739 0.122654981911182 0.118770346045494 0.116203501820564 0.115445829927921 0.119559116661549 0.127657696604729 0.129348859190941 0.128004968166351 0.12589555978775 0.123603224754333 0.120832115411758 0.118212454020977 0.118275880813599 0.118021167814732 0.116434998810291 0.114599533379078 0.11223778873682 0.110388353466988 0.109165079891682 0.108226493000984 0.10749527066946 0.106316260993481 0.104951806366444 0.10379146784544 0.102671250700951 0.102289974689484 0.101932525634766 0.101540468633175 0.101086191833019 0.100413143634796 0.0994846895337105 0.0980819165706635 0.0965000838041306 0.0947231501340866 0.0932555720210075
0.127710253000259 0.129066616296768 0.130206242203712 0.132840484380722 0.135899782180786 0.128523126244545 0.120422951877117 0.121629327535629 0.122657224535942 0.122777238488197 0.12172719091177 0.117851912975311 0.116864092648029 0.119840368628502 0.122174605727196 0.123983539640903 0.123237304389477 0.12128072977066 0.119370505213737 0.117471352219582 0.115489810705185 0.113625891506672 0.113556325435638 0.113449692726135 0.113187991082668 0.112362146377563 0.110345356166363 0.108691237866879 0.107480362057686 0.106351368129253 0.105282001197338 0.103871077299118 0.102318711578846 0.101454704999924 0.100726008415222 0.100823521614075 0.100909650325775 0.100585721433163 0.100090198218822 0.0989913642406464 0.0978018268942833 0.0964438542723656 0.094899982213974 0.0931535586714745 0.0917506068944931
