Ecospace-environmental-drivers/Outputs/ASCII-for-ecospace/MOM6-ISIMIP3a/phyc-vint/1986-04_phyc-vint_MOM6-ISIMIP3a.asc
NCOLS 131 
NROWS 53 
XLLCORNER -98 
YLLCORNER 23.9265270233154 
CELLSIZE 0.133587792515755 
NODATA_value -9999 
[rows 20 to 39 of 53, columns 0 to 45 of 131]
-9999 -9999 -9999 -9999 -9999 -9999 -9999 -9999 0.0814823806285858 0.0875657722353935 0.0918012633919716 0.0918422117829323 0.0931164920330048 0.0970341935753822 0.102268494665623 0.109021931886673 0.122027277946472 0.139326095581055 0.140232011675835 0.134808033704758 0.137440949678421 0.141495674848557 0.144762992858887 0.147672578692436 0.147744864225388 0.147472038865089 0.146080270409584 0.144372195005417 0.142112165689468 0.144752129912376 0.152434065937996 0.155052796006203 0.15458707511425 0.153323635458946 0.151794284582138 0.150486007332802 0.149216696619987 0.149115696549416 0.148878395557404 0.147773116827011 0.14663365483284 0.145399019122124 0.146121859550476 0.149869874119759 0.151452109217644 0.151046618819237
-9999 -9999 -9999 -9999 -9999 -9999 0.0718456655740738 0.0729243606328964 0.076404370367527 0.0814823806285858 0.0894136801362038 0.0918012633919716 0.0906088724732399 0.087057076394558 0.0940907448530197 0.113338388502598 0.127957537770271 0.139398097991943 0.138857424259186 0.133690357208252 0.131945431232452 0.130804419517517 0.141400948166847 0.151238590478897 0.152610495686531 0.153547570109367 0.153074726462364 0.152080535888672 0.150176510214806 0.148483529686928 0.147007718682289 0.145615801215172 0.144275024533272 0.141353711485863 0.137905567884445 0.135919347405434 0.134143605828285 0.133538752794266 0.132841795682907 0.13155834376812 0.130371958017349 0.129455775022507 0.132543161511421 0.14181786775589 0.145742163062096 0.144755840301514
-9999 -9999 -9999 -9999 -9999 -9999 0.0717676803469658 0.0718456655740738 0.0740030556917191 0.0782863944768906 0.0814823806285858 0.0949573963880539 0.104861728847027 0.107700675725937 0.112656556069851 0.12005503475666 0.129534885287285 0.140444099903107 0.140876218676567 0.137262746691704 0.136483520269394 0.136204451322556 0.143389135599136 0.150055333971977 0.151038825511932 0.151445403695107 0.149981454014778 0.148573279380798 0.147262454032898 0.145668894052505 0.143784373998642 0.142230331897736 0.140877604484558 0.137829124927521 0.134215384721756 0.133564427495003 0.133317410945892 0.132299467921257 0.131242454051971 0.129936710000038 0.129083544015884 0.12949027121067 0.132113859057426 0.138163462281227 0.140923857688904 0.140665411949158
-9999 -9999 -9999 -9999 0.0857461169362068 0.07637869566679 0.0715066492557526 0.071950726211071 0.0718456655740738 0.0761604458093643 0.0836570709943771 0.103332474827766 0.11966223269701 0.129371911287308 0.132242694497108 0.127222448587418 0.131281450390816 0.141575589776039 0.142909288406372 0.140783041715622 0.141390219330788 0.142479762434959 0.145516484975815 0.14831754565239 0.148799479007721 0.14854234457016 0.145888805389404 0.14396645128727 0.14332003891468 0.14223176240921 0.140688821673393 0.139301240444183 0.138008311390877 0.135026693344116 0.131482183933258 0.132204577326775 0.133497327566147 0.132101133465767 0.130718022584915 0.129418253898621 0.128954261541367 0.130816861987114 0.132855027914047 0.135164529085159 0.1365105509758 0.136972337961197
-9999 -9999 -9999 -9999 0.106957696378231 0.0881414338946342 0.0812507420778275 0.0715066492557526 0.0724998638033867 0.085140697658062 0.0979017317295074 0.111122809350491 0.122224040329456 0.129130706191063 0.134717434644699 0.138781175017357 0.141345977783203 0.142881393432617 0.140870571136475 0.137490406632423 0.139643147587776 0.142772287130356 0.143148496747017 0.143458038568497 0.143714353442192 0.142804026603699 0.138110935688019 0.13545235991478 0.136344164609909 0.136832386255264 0.136905327439308 0.136221319437027 0.135076209902763 0.133420318365097 0.13159416615963 0.131762713193893 0.132194384932518 0.130879610776901 0.129604190587997 0.128579258918762 0.128945082426071 0.133182376623154 0.13621874153614 0.137399137020111 0.137648224830627 0.137042567133904
-9999 -9999 -9999 -9999 -9999 0.106957696378231 0.0928506553173065 0.0909948274493217 0.0769900158047676 0.0958003625273705 0.112239509820938 0.119602702558041 0.126224398612976 0.131378889083862 0.138526722788811 0.14797455072403 0.14890331029892 0.143981650471687 0.139553666114807 0.135316297411919 0.138317704200745 0.142596557736397 0.140249773859978 0.13805978000164 0.138385206460953 0.137290075421333 0.131588935852051 0.12867259979248 0.130615994334221 0.132258877158165 0.133592560887337 0.13342610001564 0.132345750927925 0.131726205348969 0.131260231137276 0.130935043096542 0.130623146891594 0.129453063011169 0.128354981541634 0.127715453505516 0.128621831536293 0.133831664919853 0.137112453579903 0.137412011623383 0.136873722076416 0.135566458106041
-9999 -9999 -9999 -9999 -9999 0.108199045062065 0.106957696378231 0.101943455636501 0.0982997715473175 0.113823778927326 0.126985624432564 0.131106108427048 0.136532366275787 0.144542396068573 0.148187592625618 0.146796450018883 0.145467281341553 0.144180655479431 0.141401752829552 0.138046637177467 0.138841047883034 0.140367731451988 0.135023951530457 0.130299150943756 0.131986051797867 0.13275995850563 0.13057354092598 0.129497349262238 0.130358591675758 0.13130658864975 0.132343858480453 0.131879180669785 0.130499541759491 0.129647389054298 0.128971084952354 0.12841571867466 0.127875581383705 0.127127483487129 0.126512214541435 0.126742824912071 0.126921534538269 0.126955792307854 0.127175882458687 0.127683207392693 0.127714902162552 0.127310067415237
-9999 -9999 0.110989049077034 0.110645107924938 0.110264241695404 0.109441868960857 0.108197577297688 0.112979181110859 0.118494547903538 0.128895670175552 0.137655317783356 0.140132114291191 0.144442349672318 0.15238045156002 0.152894869446754 0.144843548536301 0.141884237527847 0.142421841621399 0.140950277447701 0.138702884316444 0.137195393443108 0.135818481445312 0.130205169320107 0.125340640544891 0.127488970756531 0.129156574606895 0.129265487194061 0.129472240805626 0.129849717020988 0.129822418093681 0.129378601908684 0.128048032522202 0.126177281141281 0.12552148103714 0.125270664691925 0.125067383050919 0.124869160354137 0.124462589621544 0.124217137694359 0.124997712671757 0.124797835946083 0.121868602931499 0.120327085256577 0.120930224657059 0.121344678103924 0.121585972607136
-9999.000000000000000 -9999 -9999 -9999 0.112229220569134 0.111086614429951 0.111844621598721 0.12420491874218 0.136256575584412 0.137527734041214 0.139430835843086 0.14375276863575 0.147120237350464 0.148599117994308 0.146794140338898 0.141200140118599 0.137980461120605 0.136391371488571 0.135481432080269 0.134833753108978 0.130817323923111 0.126206398010254 0.126274466514587 0.126495912671089 0.127141892910004 0.127575188875198 0.127318888902664 0.127592846751213 0.128792136907578 0.127177745103836 0.122668102383614 0.119233049452305 0.116452611982822 0.116929046809673 0.118491098284721 0.119910262525082 0.121297955513 0.121057361364365 0.120935194194317 0.121567197144032 0.121750369668007 0.120684094727039 0.120215333998203 0.120670020580292 0.121058754622936 0.121386960148811
-9999 -9999 -9999 -9999 0.114913508296013 0.116159170866013 0.11535782366991 0.131868064403534 0.147639751434326 0.144065260887146 0.141999155282974 0.14570651948452 0.147512659430504 0.145556807518005 0.14253593981266 0.13828618824482 0.134448379278183 0.13089345395565 0.130425795912743 0.131150260567665 0.126443162560463 0.120777554810047 0.123265154659748 0.125564023852348 0.124802432954311 0.124094888567924 0.123562604188919 0.123707331717014 0.125033527612686 0.122937396168709 0.117319755256176 0.11332181096077 0.110310576856136 0.111712925136089 0.11458645015955 0.116148270666599 0.117516994476318 0.117245778441429 0.117059431970119 0.117413625121117 0.117730520665646 0.117943577468395 0.118427984416485 0.119331747293472 0.120054543018341 0.120611242949963
-9999 -9999 -9999 -9999 0.116826958954334 0.117494747042656 0.118319317698479 0.135049179196358 0.150997802615166 0.147967711091042 0.145564913749695 0.145563170313835 0.145029753446579 0.143444254994392 0.140595778822899 0.136289983987808 0.131383880972862 0.126065537333488 0.125890016555786 0.127700328826904 0.12459010630846 0.120611555874348 0.121415048837662 0.122006312012672 0.119956374168396 0.118225574493408 0.117529578506947 0.117297977209091 0.117876797914505 0.116689562797546 0.113685093820095 0.111063741147518 0.10867577791214 0.110744468867779 0.114298693835735 0.114141464233398 0.113472141325474 0.112922951579094 0.112436600029469 0.112350381910801 0.112487323582172 0.113245479762554 0.114532589912415 0.116637170314789 0.118146657943726 0.119109973311424
-9999 -9999 -9999 -9999 0.117494747042656 0.118492893874645 0.11966460943222 0.134480759501457 0.148688137531281 0.146611675620079 0.144954368472099 0.144901394844055 0.143597483634949 0.139818325638771 0.136778816580772 0.134592726826668 0.130115896463394 0.124065898358822 0.123597532510757 0.125284433364868 0.122873723506927 0.119739904999733 0.11952917277813 0.119209825992584 0.117451891303062 0.116041071712971 0.115755721926689 0.115831971168518 0.116539254784584 0.116243854165077 0.114916697144508 0.113095685839653 0.110973812639713 0.111835323274136 0.11369127035141 0.112479627132416 0.110851176083088 0.110218390822411 0.109599970281124 0.109073057770729 0.1088757365942 0.109595939517021 0.110988795757294 0.113421216607094 0.115263029932976 0.116562783718109
-9999 -9999 -9999 -9999 0.11855074763298 0.11966460943222 0.127705454826355 0.13110014796257 0.142127647995949 0.141311749815941 0.141211554408073 0.143850758671761 0.142953187227249 0.135057359933853 0.131554260849953 0.133119687438011 0.130195289850235 0.124187506735325 0.122987553477287 0.123644076287746 0.121259845793247 0.118339009582996 0.117616474628448 0.116984270513058 0.116703629493713 0.11662020534277 0.11717627197504 0.118073523044586 0.119566164910793 0.120149791240692 0.119798056781292 0.118345186114311 0.116221517324448 0.114470668137074 0.112844094634056 0.111076526343822 0.109298154711723 0.108727537095547 0.108103007078171 0.107135184109211 0.10648787766695 0.106732822954655 0.10770870745182 0.109814219176769 0.111647583544254 0.113231152296066
-9999 -9999 -9999 -9999 0.11966460943222 0.121003828942776 0.124386601150036 0.125576302409172 0.127839833498001 0.130189478397369 0.13227666914463 0.133359268307686 0.132372617721558 0.127291515469551 0.125718370079994 0.128192871809006 0.126942843198776 0.123135030269623 0.121164672076702 0.119903825223446 0.118077233433723 0.116150803864002 0.114900827407837 0.113898791372776 0.114839419722557 0.115818917751312 0.116924419999123 0.118145264685154 0.119567379355431 0.120148479938507 0.119864210486412 0.118474937975407 0.116412505507469 0.114069230854511 0.111632347106934 0.109817989170551 0.10809563100338 0.107200860977173 0.10625184327364 0.104957401752472 0.103969015181065 0.103832602500916 0.104552090167999 0.10659434646368 0.108639799058437 0.11068819463253
-9999 -9999 -9999 -9999 -9999 0.112107269465923 0.112258657813072 0.116483345627785 0.110240250825882 0.116571888327599 0.12111659348011 0.118821643292904 0.117533579468727 0.118237845599651 0.119620479643345 0.121785826981068 0.122262455523014 0.121579371392727 0.118821978569031 0.115263611078262 0.114222303032875 0.113625176250935 0.111841060221195 0.110444769263268 0.112496949732304 0.114426001906395 0.1159558147192 0.117287069559097 0.118271835148335 0.11847261339426 0.117866672575474 0.116410471498966 0.11443629860878 0.112366296350956 0.110264346003532 0.108621418476105 0.107043325901031 0.105658829212189 0.104248873889446 0.102676808834076 0.101394012570381 0.100916475057602 0.101448401808739 0.103540383279324 0.105892457067966 0.108483240008354
-9999 -9999 -9999 -9999 -9999 0.097984291613102 0.0996765494346619 0.0947163254022598 0.0960540845990181 0.103971779346466 0.110027991235256 0.10895923525095 0.109970636665821 0.115098088979721 0.11837475001812 0.119515903294086 0.120201759040356 0.120574951171875 0.119011558592319 0.116700381040573 0.114983633160591 0.113371782004833 0.110627800226212 0.108328573405743 0.10994216799736 0.111545495688915 0.113115556538105 0.114585511386395 0.11588079482317 0.116200186312199 0.115515410900116 0.11401304602623 0.11201261729002 0.109972737729549 0.107919707894325 0.106307171285152 0.104756146669388 0.103293567895889 0.101818613708019 0.100264817476273 0.0989751443266869 0.0984207093715668 0.098851315677166 0.10080423951149 0.103361003100872 0.106471955776215
-9999 -9999 -9999 -9999 -9999 0.082016184926033 0.0820176675915718 0.0878299698233604 0.0825741589069366 0.0915821939706802 0.0989541858434677 0.100064136087894 0.103913135826588 0.113181918859482 0.118132948875427 0.118101954460144 0.118683084845543 0.119684584438801 0.119725078344345 0.119394481182098 0.116700075566769 0.113588526844978 0.109796598553658 0.106489174067974 0.107343457639217 0.108357205986977 0.109888046979904 0.111502557992935 0.113263092935085 0.113804332911968 0.113090962171555 0.111546739935875 0.109496362507343 0.107436291873455 0.105372995138168 0.103761672973633 0.102213479578495 0.100757986307144 0.0992999449372292 0.0978256464004517 0.0965885818004608 0.0960119143128395 0.0963590443134308 0.0981338545680046 0.100874215364456 0.104500740766525
-9999 -9999 -9999 -9999 -9999 -9999 0.0643543377518654 0.0635067149996758 0.0644814521074295 0.0794087052345276 0.0923021510243416 0.0974110066890717 0.104475699365139 0.115410439670086 0.120662070810795 0.119356289505959 0.117056883871555 0.114075124263763 0.113388493657112 0.113588102161884 0.111920982599258 0.10992444306612 0.106384165585041 0.103424906730652 0.105589151382446 0.107682481408119 0.109545893967152 0.111149862408638 0.11230107396841 0.1121811196208 0.110753178596497 0.108847580850124 0.10665100812912 0.104545503854752 0.102470353245735 0.101101972162724 0.09983279556036 0.0987760946154594 0.0977865383028984 0.097224622964859 0.0967516154050827 0.0965261161327362 0.0967873707413673 0.0978008732199669 0.100092962384224 0.103558532893658
-9999 -9999 -9999 -9999 -9999 -9999 0.0475062839686871 0.04172632843256 0.0470161475241184 0.0677473172545433 0.0860849693417549 0.0952612087130547 0.105471283197403 0.117727018892765 0.122995145618916 0.120200656354427 0.115128189325333 0.108491331338882 0.107052400708199 0.10762058198452 0.107042372226715 0.106261849403381 0.103101752698421 0.1006014123559 0.104033194482327 0.107179768383503 0.109401613473892 0.110959574580193 0.111359015107155 0.110510908067226 0.108379080891609 0.106118090450764 0.103778399527073 0.101637169718742 0.0995621010661125 0.0985037535429001 0.0975883603096008 0.0970103517174721 0.0965653881430626 0.0969677120447159 0.097310945391655 0.0974896475672722 0.097701795399189 0.0979656279087067 0.0997641161084175 0.102971114218235
-9999 -9999 -9999 -9999 -9999 -9999 0.0375783480703831 0.0372858084738255 0.0384468026459217 0.0614452473819256 0.0823942646384239 0.0954989492893219 0.107923738658428 0.11900320649147 0.121913351118565 0.115397401154041 0.11002404987812 0.105435378849506 0.104089044034481 0.103994689881802 0.104204878211021 0.104468815028667 0.102439239621162 0.100931391119957 0.104189664125443 0.107311271131039 0.109989762306213 0.111197613179684 0.10983906686306 0.107970237731934 0.1055763438344 0.103176154196262 0.100772134959698 0.0987109467387199 0.0967640429735184 0.0966159626841545 0.096719816327095 0.0972857847809792 0.0979815125465393 0.0995035916566849 0.100879825651646 0.101850040256977 0.102406419813633 0.102323226630688 0.103446379303932 0.105676725506783
