Ecospace-environmental-drivers/Outputs/ASCII-for-ecospace/MOM6-ISIMIP3a/phyc-vint/1986-09_phyc-vint_MOM6-ISIMIP3a.asc
NCOLS 131 
NROWS 53 
XLLCORNER -98 
YLLCORNER 23.9265270233154 
CELLSIZE 0.133587792515755 
NODATA_value -9999 
[rows 0 to 19 of 53, columns 45 to 89 of 131]
-9999 -9999 -9999 -9999 -9999 -9999 -9999 -9999 -9999 -9999 -9999 -9999 -9999 -9999 -9999 -9999 -9999 -9999 -9999 -9999 -9999 -9999 -9999 -9999 -9999 -9999 -9999 -9999 -9999 -9999 -9999 -9999 -9999 -9999 -9999 -9999 -9999 -9999 -9999 -9999 -9999 -9999 -9999 -9999 -9999
-9999 -9999 -9999 -9999 -9999 -9999 -9999 -9999 -9999 -9999 -9999 -9999 -9999 -9999 -9999 -9999 -9999 -9999 -9999 -9999 -9999 -9999 -9999 -9999 -9999 -9999 -9999 -9999 -9999 -9999 -9999 -9999 -9999 -9999 -9999 -9999 -9999 -9999 -9999 -9999 -9999 -9999 -9999 -9999 -9999
-9999 -9999 -9999 -9999 -9999 -9999 -9999 -9999 -9999 -9999 -9999 -9999 -9999 -9999 -9999 -9999 -9999 -9999 -9999 -9999 -9999 -9999 -9999 -9999 -9999 -9999 -9999 -9999 -9999 0.104200564324856 0.0982948914170265 -9999 -9999 -9999 -9999 -9999 -9999 -9999 -9999 -9999 -9999 -9999 -9999 -9999 -9999
-9999 -9999 -9999 -9999 -9999 -9999 -9999 -9999 -9999 -9999 -9999 -9999 -9999 -9999 -9999 -9999 -9999 -9999 -9999 -9999 -9999 -9999 -9999 -9999 -9999 -9999 -9999 -9999 -9999 0.10451477766037 0.0987113118171692 -9999 -9999 -9999 -9999 -9999 -9999 -9999 -9999 -9999 -9999 -9999 -9999 -9999 -9999
-9999 -9999 -9999 -9999 -9999 -9999 -9999 -9999 -9999 -9999 -9999 -9999 -9999 -9999 -9999 -9999 -9999 -9999 -9999 -9999 0.127647385001183 0.127025797963142 0.126528531312943 0.123627841472626 0.121295481920242 0.11783055216074 0.115625396370888 0.113490357995033 0.10981772840023 0.104818746447563 0.098907858133316 0.0924073159694672 -9999 -9999 0.0581062063574791 0.042951337993145 0.0325144566595554 0.0284017231315374 0.0326883532106876 0.039325337857008 0.0458290055394173 0.047354381531477 0.0423621870577335 0.0339935906231403 -9999
-9999 -9999 -9999 -9999 -9999 -9999 -9999 -9999 -9999 -9999 -9999 -9999 -9999 -9999 -9999 -9999 0.131666883826256 -9999 0.131454929709435 0.131273254752159 0.129347950220108 0.127647385001183 0.126901477575302 0.126528531312943 0.120727151632309 0.116630762815475 0.116133749485016 0.114111669361591 0.110225647687912 0.105115868151188 0.0991147235035896 0.0924929901957512 0.0856142416596413 0.0728745684027672 0.0589827783405781 0.042461272329092 0.0274099688977003 0.0276721306145191 0.0301230698823929 0.0402698554098606 0.0475830845534801 0.0496340729296207 0.04484598711133 0.0326065011322498 0.0245282854884863
-9999 -9999 -9999 -9999 -9999 -9999 -9999 -9999 -9999 -9999 -9999 -9999 0.133294582366943 0.133305132389069 0.133202522993088 0.132645711302757 0.13172522187233 0.131679803133011 0.131653979420662 0.131437569856644 0.131273254752159 0.129123225808144 0.127647385001183 0.126528531312943 0.120727151632309 0.116630762815475 0.116133749485016 0.114111669361591 0.110225647687912 0.105115868151188 0.0991147235035896 0.0924929901957512 0.0856142416596413 0.0728745684027672 0.0589827783405781 0.042461272329092 0.0274099688977003 0.0276721306145191 0.0301230698823929 0.0402698554098606 0.0475830845534801 0.0496340729296207 0.04484598711133 0.0326065011322498 0.0245282854884863
-9999 -9999 -9999 -9999 -9999 -9999 -9999 -9999 -9999 -9999 -9999 -9999 0.133238047361374 0.133294582366943 0.133315667510033 -9999 0.131624117493629 0.130670890212059 0.131705611944199 0.131653979420662 0.131385490298271 0.131273254752159 0.128449022769928 0.124660633504391 0.116837114095688 0.112658463418484 0.116174392402172 0.113206371665001 0.102313622832298 0.0923996046185493 0.0831984877586365 0.0753118023276329 0.0679694563150406 0.0622794814407825 0.056914322078228 0.0458051301538944 0.03617038205266 0.0430171601474285 0.0502419210970402 0.0587956793606281 0.0640038326382637 0.0629988163709641 0.056634932756424 0.0444323644042015 0.0401419810950756
0.128874957561493 -9999 -9999 -9999 -9999 -9999 -9999 -9999 -9999 -9999 -9999 -9999 -9999 -9999 -9999 -9999 0.132360637187958 0.129174962639809 0.128459274768829 0.131757259368896 0.131653979420662 0.131229236721992 0.127536714076996 0.122622363269329 0.112594582140446 0.108249865472317 0.115902572870255 0.1119065284729 0.0936733111739159 0.0787052288651466 0.0661154165863991 0.0568941161036491 0.0490678288042545 0.0508815944194794 0.0545903593301773 0.0495891198515892 0.0460479930043221 0.0599214322865009 0.0722154453396797 0.0789561197161674 0.0818446949124336 0.077579490840435 0.0695518851280212 0.0574250258505344 0.0571090131998062
0.129784479737282 0.130243569612503 0.130157768726349 -9999 -9999 -9999 -9999 -9999 -9999 -9999 -9999 -9999 0.126284077763557 0.133180111646652 -9999 -9999 -9999 0.130408421158791 0.123737528920174 0.124739192426205 0.13186052441597 0.131606549024582 0.127357676625252 0.121848322451115 0.111063756048679 0.104014702141285 0.104851648211479 0.100610688328743 0.0901634991168976 0.079798735678196 0.0694940164685249 0.0613491497933865 0.0540987551212311 0.0522183999419212 0.0513936653733253 0.055704977363348 0.0608147382736206 0.0718662589788437 0.0812376067042351 0.084701344370842 0.0859301537275314 0.0830084532499313 0.0762820914387703 0.0654104053974152 0.0610993914306164
0.130415186285973 0.130419939756393 0.129895597696304 0.129856899380684 -9999 -9999 -9999 -9999 -9999 -9999 -9999 -9999 0.122406847774982 0.125489324331284 0.133180111646652 -9999 -9999 0.133463263511658 0.124467432498932 0.113281898200512 0.122432120144367 0.131941318511963 0.126341670751572 0.119725622236729 0.108855783939362 0.100144185125828 0.0959888100624084 0.0920780822634697 0.0884663760662079 0.0824736505746841 0.0747466310858727 0.0679543763399124 0.0615492463111877 0.0567065477371216 0.0521709881722927 0.0634653940796852 0.0749792531132698 0.0829101428389549 0.089254267513752 0.0900192409753799 0.0899174138903618 0.0882058367133141 0.0826564133167267 0.0729255080223083 0.0647396743297577
0.130460470914841 0.130419939756393 0.129895597696304 0.129779487848282 0.129031077027321 0.128584414720535 -9999 -9999 -9999 -9999 -9999 -9999 -9999 0.121199175715446 0.125727519392967 0.133180111646652 0.133294582366943 0.133463263511658 0.124467432498932 0.113281898200512 0.122665800154209 0.132047891616821 0.120836354792118 0.110368937253952 0.103015743196011 0.0982295498251915 0.098862498998642 0.0983669459819794 0.0964921340346336 0.093630887567997 0.090051144361496 0.0860928669571877 0.0819778144359589 0.0780978873372078 0.07426418364048 0.0800468921661377 0.0859135612845421 0.0891215205192566 0.0918776392936707 0.0930450558662415 0.0933779552578926 0.0921610593795776 0.0871218517422676 0.077918104827404 0.0665020793676376
0.129597097635269 0.129741922020912 0.129385769367218 0.129048272967339 0.128716066479683 0.128580495715141 -9999 -9999 -9999 -9999 0.126765012741089 0.124055542051792 0.1216921210289 0.11980377137661 0.122101634740829 0.127824559807777 0.13129486143589 0.133698150515556 0.125480398535728 0.114724941551685 0.122683919966221 0.130374908447266 0.115452751517296 0.103154323995113 0.10183647274971 0.101603522896767 0.103660881519318 0.104359902441502 0.103398770093918 0.102677620947361 0.10213128477335 0.100474126636982 0.0983569398522377 0.0955023393034935 0.0925027877092361 0.09393510222435 0.095357283949852 0.0950771793723106 0.0951391980051994 0.0964041128754616 0.0968992412090302 0.0959647819399834 0.0913775116205215 0.0828103721141815 0.070321649312973
0.12646210193634 0.127368837594986 0.127601385116577 0.128082364797592 0.128634005784988 0.128580495715141 0.128456696867943 0.128107517957687 0.12779313325882 0.127655684947968 0.126765012741089 0.124055542051792 0.1216921210289 0.11980377137661 0.118484854698181 0.117631830275059 0.124295748770237 0.134520277380943 0.129025846719742 0.119775645434856 0.122163116931915 0.124252893030643 0.110373422503471 0.101294994354248 0.112309381365776 0.118199303746223 0.113271087408066 0.109613083302975 0.107507549226284 0.106447987258434 0.106150299310684 0.105462126433849 0.104612246155739 0.102939359843731 0.101104699075222 0.101089954376221 0.101074486970901 0.100393541157246 0.0999962463974953 0.100596308708191 0.100572414696217 0.0993897691369057 0.0951087102293968 0.0874518156051636 0.079284243285656
0.124247133731842 0.127342045307159 0.130150526762009 0.128992840647697 0.126707181334496 0.126787438988686 0.127076685428619 0.126470178365707 0.125907644629478 0.125568777322769 0.124132856726646 0.120048008859158 0.116913981735706 0.115085296332836 0.113083496689796 0.11094006896019 0.118778228759766 0.131344437599182 0.128481581807137 0.121932208538055 0.120936915278435 0.11977356672287 0.110610626637936 0.10572724044323 0.118754178285599 0.125027820467949 0.117044731974602 0.111457034945488 0.108797006309032 0.107487253844738 0.107161015272141 0.106918327510357 0.106710240244865 0.105788446962833 0.104726351797581 0.104090377688408 0.103485204279423 0.103026762604713 0.102766826748848 0.103204809129238 0.103091485798359 0.101954326033592 0.0981690362095833 0.0914985164999962 0.086088702082634
0.123332902789116 0.130632489919662 0.138826474547386 0.132556170225143 0.122172236442566 0.122459329664707 0.12374559044838 0.122517958283424 0.121356450021267 0.120531342923641 0.117779321968555 0.110374562442303 0.105380423367023 0.103695757687092 0.105159096419811 0.109198033809662 0.115355409681797 0.122516237199306 0.122155219316483 0.119996979832649 0.118713423609734 0.117616683244705 0.118364430963993 0.119054637849331 0.119503982365131 0.11804722994566 0.112566530704498 0.10848093777895 0.106100454926491 0.104665242135525 0.103918552398682 0.103381209075451 0.102930568158627 0.102151028811932 0.101306833326817 0.101217195391655 0.101221159100533 0.101866535842419 0.102587506175041 0.103574261069298 0.103978872299194 0.103302396833897 0.100280873477459 0.0947043523192406 0.0898419618606567
0.120676085352898 0.127976462244987 0.136415362358093 0.128566935658455 0.116086408495903 0.113630965352058 0.112211585044861 0.111059494316578 0.110703155398369 0.114394634962082 0.114928558468819 0.107838198542595 0.102579839527607 0.099836565554142 0.10267998278141 0.110094271600246 0.114366218447685 0.117149710655212 0.117294266819954 0.11680830270052 0.115270242094994 0.113998793065548 0.117659904062748 0.119678527116776 0.114823207259178 0.110301792621613 0.106485277414322 0.103428490459919 0.101300239562988 0.0999834313988686 0.0992576703429222 0.0990023240447044 0.0989418029785156 0.0986021682620049 0.0982076674699783 0.0987455248832703 0.0993984341621399 0.100837901234627 0.102272160351276 0.10368812084198 0.104466833174229 0.104062117636204 0.101611614227295 0.096932165324688 0.0928843840956688
0.116551794111729 0.120312802493572 0.124667629599571 0.118217550218105 0.108694553375244 0.101012840867043 0.0937697365880013 0.0932798981666565 0.09491116553545 0.107332214713097 0.115027539432049 0.111312113702297 0.107133440673351 0.102318815886974 0.104786455631256 0.113212250173092 0.115426443517208 0.114698328077793 0.113667376339436 0.112564072012901 0.110799938440323 0.109150566160679 0.10983245074749 0.109604567289352 0.105569235980511 0.101912267506123 0.0990540534257889 0.0966274961829185 0.0947284922003746 0.0937354490160942 0.0934023037552834 0.0939145609736443 0.0947769433259964 0.0951278731226921 0.0953782647848129 0.0966119915246964 0.0979473665356636 0.0999200716614723 0.101842246949673 0.103586748242378 0.104618437588215 0.104326374828815 0.10228456556797 0.0983363538980484 0.0953281819820404
0.113009065389633 0.114264197647572 0.11584334820509 0.11242152005434 0.107577405869961 0.0996096581220627 0.0916203483939171 0.0916812270879745 0.0933410599827766 0.103134609758854 0.109658062458038 0.108285553753376 0.106708325445652 0.104850046336651 0.107056513428688 0.112588629126549 0.113028235733509 0.111055627465248 0.1094024553895 0.107825607061386 0.105801723897457 0.103828944265842 0.103046916425228 0.101830340921879 0.0987951382994652 0.0960305482149124 0.0938372239470482 0.0919110253453255 0.0903113037347794 0.0895373299717903 0.0893648266792297 0.0903414562344551 0.0917939841747284 0.0928644314408302 0.0938597768545151 0.095691442489624 0.0975998938083649 0.0999558866024017 0.102156415581703 0.103810288012028 0.104757122695446 0.104390904307365 0.102596469223499 0.0992459505796432 0.0971796214580536
0.109750933945179 0.109005957841873 0.108449727296829 0.10885376483202 0.109530910849571 0.103694729506969 0.097444012761116 0.0980010256171227 0.0987307354807854 0.100338958203793 0.101612493395805 0.102077856659889 0.10384676605463 0.107405252754688 0.109406612813473 0.110133975744247 0.108937576413155 0.106829941272736 0.104825302958488 0.102845273911953 0.100545175373554 0.0982756540179253 0.0967712625861168 0.0951815247535706 0.0932346284389496 0.0913760811090469 0.0897040441632271 0.0882146582007408 0.0869484916329384 0.0863423570990562 0.0862169861793518 0.0875095799565315 0.0893894135951996 0.0911935567855835 0.0929828062653542 0.0953645035624504 0.0977924838662148 0.100458383560181 0.102834701538086 0.104192845523357 0.104889497160912 0.104357689619064 0.102731689810753 0.0999135076999664 0.0987411811947823
