Ecospace-environmental-drivers/Outputs/ASCII-for-ecospace/MOM6-ISIMIP3a/phyc-vint/1987-08_phyc-vint_MOM6-ISIMIP3a.asc
NCOLS 131 
NROWS 53 
XLLCORNER -98 
YLLCORNER 23.9265270233154 
CELLSIZE 0.133587792515755 
NODATA_value -9999 
[rows 20 to 39 of 53, columns 0 to 44 of 131]
-9999 -9999 -9999 -9999 -9999 -9999 -9999 -9999 0.0789750143885612 0.0796462744474411 0.0789795592427254 0.0782671198248863 0.0792994648218155 0.0802523717284203 0.081575408577919 0.0833255127072334 0.0925274640321732 0.106846936047077 0.107210300862789 0.102184683084488 0.106582701206207 0.112643703818321 0.114736571907997 0.116469286382198 0.115924805402756 0.115251317620277 0.114159516990185 0.113144569098949 0.112263754010201 0.114828646183014 0.120939113199711 0.123592190444469 0.124139048159122 0.124649874866009 0.125148683786392 0.124862022697926 0.124460883438587 0.123238012194633 0.121934324502945 0.120116017758846 0.118357941508293 0.116767540574074 0.11641351878643 0.117970250546932 0.118467643857002
-9999 -9999 -9999 -9999 -9999 -9999 0.095128558576107 0.0928125530481339 0.0874506756663322 0.0789750143885612 0.0809842497110367 0.0789795592427254 0.0765223354101181 0.0692029595375061 0.0723974704742432 0.0877233594655991 0.101364091038704 0.11384753882885 0.114503465592861 0.110592342913151 0.108399286866188 0.106509424746037 0.113585762679577 0.120070494711399 0.119989119470119 0.119742967188358 0.118962556123734 0.118136376142502 0.117230333387852 0.116679474711418 0.116494096815586 0.116701103746891 0.117147155106068 0.117479406297207 0.117773726582527 0.117287553846836 0.116692028939724 0.115889847278595 0.115016132593155 0.113686852157116 0.112318754196167 0.11084259301424 0.111726582050323 0.116258062422276 0.117944993078709
-9999 -9999 -9999 -9999 -9999 -9999 0.0955167338252068 0.095128558576107 0.0904965400695801 0.0852025970816612 0.0789750143885612 0.0849981680512428 0.0892533138394356 0.0900100916624069 0.0935100242495537 0.100175127387047 0.108366928994656 0.117607176303864 0.117810346186161 0.114523954689503 0.11228683590889 0.110234886407852 0.115056470036507 0.119473822414875 0.119268298149109 0.118930742144585 0.118165098130703 0.117428474128246 0.116742491722107 0.116187058389187 0.11576596647501 0.115804366767406 0.116122685372829 0.116230838000774 0.116268940269947 0.115912079811096 0.115497164428234 0.11459919065237 0.113680258393288 0.112627767026424 0.111615709960461 0.110716208815575 0.111117601394653 0.113529451191425 0.114312209188938
-9999 -9999 -9999 -9999 0.102243013679981 0.0981070771813393 0.0958564504981041 0.0955651998519897 0.095128558576107 0.0858645290136337 0.0808422863483429 0.0920558050274849 0.102645620703697 0.112001322209835 0.115617595613003 0.11261148005724 0.114847026765347 0.120682254433632 0.120392091572285 0.11773669719696 0.116027630865574 0.114485561847687 0.116571709513664 0.118465788662434 0.118097260594368 0.11763609200716 0.11687458306551 0.116223648190498 0.115765683352947 0.115430772304535 0.115222498774529 0.115250907838345 0.115423507988453 0.115292504429817 0.115060307085514 0.114812962710857 0.114557847380638 0.113513447344303 0.112498000264168 0.111666925251484 0.110962726175785 0.110611692070961 0.110404647886753 0.110420122742653 0.110177457332611
-9999 -9999 -9999 -9999 0.111565656960011 0.103442877531052 0.100357696413994 0.0958564504981041 0.0957105904817581 0.0938542410731316 0.0938131213188171 0.100719951093197 0.107264712452888 0.113093055784702 0.115693643689156 0.114569917321205 0.115029126405716 0.11657540500164 0.116068609058857 0.114769048988819 0.114717893302441 0.114887043833733 0.115494005382061 0.115998700261116 0.115571305155754 0.115113511681557 0.114557154476643 0.114054083824158 0.113643996417522 0.113294750452042 0.113008089363575 0.112752877175808 0.112516812980175 0.111956067383289 0.111287079751492 0.110405161976814 0.109490528702736 0.108119539916515 0.106764450669289 0.105510629713535 0.10436224937439 0.103507362306118 0.102799512445927 0.102318905293941 0.101707614958286
-9999 -9999 -9999 -9999 -9999 0.111565656960011 0.105991706252098 0.104858949780464 0.0986731499433517 0.102735690772533 0.106514878571033 0.109209515154362 0.111839957535267 0.114343382418156 0.115780025720596 0.115985751152039 0.114873662590981 0.112856559455395 0.112044401466846 0.111697517335415 0.112756475806236 0.114063531160355 0.113494172692299 0.112904533743858 0.112488262355328 0.112089678645134 0.111748427152634 0.111395262181759 0.111021295189857 0.110620744526386 0.110192842781544 0.109604351222515 0.108918033540249 0.107897527515888 0.106765635311604 0.105304323136806 0.103796660900116 0.10217572748661 0.100566655397415 0.0990331247448921 0.0975896120071411 0.0963966995477676 0.0953644812107086 0.0945806056261063 0.0937959775328636
-9999 -9999 -9999 -9999 -9999 0.112314134836197 0.111565656960011 0.111685782670975 0.112073644995689 0.115527145564556 0.118036761879921 0.116933591663837 0.116222977638245 0.116289108991623 0.115911677479744 0.115022443234921 0.113238096237183 0.110839039087296 0.109332457184792 0.108170486986637 0.107937641441822 0.107868745923042 0.107451066374779 0.107060797512531 0.106962531805038 0.106867991387844 0.106785483658314 0.106591172516346 0.106201730668545 0.105587862432003 0.104743085801601 0.103603608906269 0.102284602820873 0.100672826170921 0.0989634618163109 0.0971647053956985 0.0953555628657341 0.0938207283616066 0.0923332199454308 0.0911471545696259 0.0900621116161346 0.0892582908272743 0.0886753052473068 0.088433600962162 0.0883319079875946
-9999 -9999 0.113790147006512 0.113654792308807 0.113559350371361 0.113063499331474 0.112313248217106 0.117233566939831 0.122180186212063 0.123935244977474 0.124673523008823 0.121519967913628 0.118865087628365 0.117196939885616 0.115465387701988 0.11366069316864 0.111066371202469 0.107929781079292 0.105459846556187 0.103247337043285 0.101864501833916 0.100628077983856 0.100415781140327 0.100277818739414 0.100572414696217 0.100849993526936 0.101072400808334 0.101074405014515 0.100691817700863 0.0999532043933868 0.0988482609391212 0.0973889529705048 0.095713771879673 0.093789629638195 0.0917824953794479 0.0898799374699593 0.0879955738782883 0.0866319760680199 0.0853367373347282 0.0844768434762955 0.0837227702140808 0.0832632631063461 0.0830297023057938 0.0831453278660774 0.0834152549505234
-9999.000000000000000 -9999 -9999 -9999 0.114341534674168 0.114055208861828 0.114512249827385 0.119990631937981 0.125099778175354 0.12277951836586 0.120651677250862 0.119260363280773 0.117708809673786 0.115840218961239 0.113758109509945 0.111429631710052 0.107724845409393 0.103074871003628 0.0990548357367516 0.0952780321240425 0.0930546596646309 0.0911054238677025 0.0912156999111176 0.091445580124855 0.0922963246703148 0.0930945724248886 0.0937225967645645 0.0940027013421059 0.0936756730079651 0.093005545437336 0.0919823870062828 0.0907075926661491 0.0892795026302338 0.0876515284180641 0.0859569236636162 0.0844603329896927 0.0829944089055061 0.0819878131151199 0.0810390934348106 0.0804589167237282 0.0799758061766624 0.0797629207372665 0.0796610414981842 0.0797307193279266 0.0796929970383644
-9999 -9999 -9999 -9999 0.115311771631241 0.11590588837862 0.115864887833595 0.120823852717876 0.125332430005074 0.121473222970963 0.118366450071335 0.118139684200287 0.117245733737946 0.115031599998474 0.112356632947922 0.109149932861328 0.104457698762417 0.09874527156353 0.0937021300196648 0.0889174267649651 0.0862868502736092 0.0840364098548889 0.0842072293162346 0.0845170244574547 0.0855430960655212 0.0865152105689049 0.087312363088131 0.0877698883414268 0.0876347422599792 0.087151400744915 0.0863097906112671 0.0852155461907387 0.0839674100279808 0.082552507519722 0.0810820162296295 0.0799098163843155 0.0787817165255547 0.0780537500977516 0.0773723497986794 0.0769875273108482 0.0766918584704399 0.0766443908214569 0.0766312927007675 0.076671302318573 0.0764853730797768
-9999 -9999 -9999 -9999 0.115940049290657 0.115974210202694 0.116016395390034 0.119236700236797 0.122184678912163 0.119977504014969 0.118266031146049 0.11845189332962 0.117654755711555 0.114912532269955 0.111339882016182 0.106809042394161 0.101284131407738 0.0950765460729599 0.0896733179688454 0.0845806896686554 0.0820880755782127 0.0800542831420898 0.079955980181694 0.0799834430217743 0.0807057470083237 0.0814154297113419 0.0820841938257217 0.0825924724340439 0.0828207060694695 0.0826729908585548 0.0821384266018867 0.0812197625637054 0.0800671055912971 0.0787607282400131 0.0774031132459641 0.0764526873826981 0.0755610093474388 0.0750130340456963 0.0744993165135384 0.074203722178936 0.0739904269576073 0.0740062147378922 0.074027918279171 0.0740587487816811 0.0739251971244812
-9999 -9999 -9999 -9999 0.115974210202694 0.116025276482105 0.116085223853588 0.115279115736485 0.114470772445202 0.114133737981319 0.114393062889576 0.116935022175312 0.117726743221283 0.115055218338966 0.111004002392292 0.105360835790634 0.0995762944221497 0.0936946719884872 0.0884869173169136 0.0835393741726875 0.0810979530215263 0.0790987908840179 0.0784830972552299 0.0779869258403778 0.0782343149185181 0.0784948095679283 0.0787977948784828 0.0790595859289169 0.0792495012283325 0.0791530534625053 0.0787619352340698 0.0780476480722427 0.0771364942193031 0.0761703327298164 0.0751858353614807 0.0745737254619598 0.074014388024807 0.0736352652311325 0.0732663348317146 0.072962261736393 0.0727213472127914 0.0726562291383743 0.0725980326533318 0.0725505128502846 0.0723987519741058
-9999 -9999 -9999 -9999 0.116028234362602 0.116085223853588 0.106946609914303 0.109543688595295 0.103332206606865 0.105028875172138 0.107690632343292 0.114046320319176 0.117545947432518 0.115394212305546 0.111178778111935 0.104582153260708 0.0989677757024765 0.0940279588103294 0.0894323438405991 0.0849696397781372 0.0825143530964851 0.0804133042693138 0.0790940150618553 0.0778932347893715 0.0775373503565788 0.077208586037159 0.0769677385687828 0.0767601057887077 0.0766104310750961 0.0763519778847694 0.0759815946221352 0.075493298470974 0.0749331787228584 0.0744809955358505 0.0740647912025452 0.0738784149289131 0.0737233459949493 0.0735047236084938 0.07326340675354 0.0728775709867477 0.0725265443325043 0.0722724050283432 0.0720482692122459 0.0718705132603645 0.0716476142406464
-9999 -9999 -9999 -9999 0.116085223853588 0.0982913374900818 0.0917522460222244 0.0868784189224243 0.0894489288330078 0.0987585857510567 0.107314117252827 0.112983182072639 0.116375714540482 0.115263640880585 0.111441589891911 0.104492656886578 0.0993098765611649 0.0953399911522865 0.0914727076888084 0.0876450538635254 0.0852448269724846 0.0830964967608452 0.0811187922954559 0.0792373642325401 0.0781270638108253 0.0771063044667244 0.0763758569955826 0.075789712369442 0.0754553899168968 0.0751503929495811 0.0748755857348442 0.074610710144043 0.0743518769741058 0.0742162689566612 0.0741217285394669 0.0741462484002113 0.0741856843233109 0.0740108042955399 0.0737908557057381 0.0732839182019234 0.0728034153580666 0.0723965167999268 0.0720392391085625 0.0717586651444435 0.071460448205471
-9999 -9999 -9999 -9999 -9999 0.080853246152401 0.0783812552690506 0.0788346379995346 0.0743893384933472 0.0937031283974648 0.109648749232292 0.112702429294586 0.114781431853771 0.11493181437254 0.111742131412029 0.104698538780212 0.100059390068054 0.0970714837312698 0.0939823389053345 0.0908541157841682 0.0885384902358055 0.0863662660121918 0.0837495103478432 0.081197701394558 0.079268217086792 0.0775114372372627 0.0763146355748177 0.0753889381885529 0.0749363601207733 0.074634313583374 0.0744871646165848 0.0744445994496346 0.074465736746788 0.074562095105648 0.0746835172176361 0.0748268589377403 0.0749708935618401 0.0747897177934647 0.0745456144213676 0.0739007070660591 0.0732824355363846 0.0727383121848106 0.0722619518637657 0.0718903169035912 0.0715149939060211
-9999 -9999 -9999 -9999 -9999 0.0727551877498627 0.0724262222647667 0.0694307163357735 0.071190357208252 0.0930336862802505 0.110846281051636 0.11323094367981 0.11475183069706 0.114563539624214 0.111404463648796 0.104817569255829 0.100721582770348 0.0983362272381783 0.09589933604002 0.0934425517916679 0.0912900939583778 0.089191347360611 0.0859906896948814 0.0828317776322365 0.0802217945456505 0.0778718069195747 0.0763648077845573 0.0752052515745163 0.0746519938111305 0.0743029415607452 0.074164018034935 0.0741840675473213 0.0743009597063065 0.0744729191064835 0.0746632292866707 0.0748821347951889 0.0751032903790474 0.0750879570841789 0.0750012174248695 0.0744597315788269 0.0738818272948265 0.0732025280594826 0.072597362101078 0.0721067413687706 0.0716444402933121
-9999 -9999 -9999 -9999 -9999 0.0677478834986687 0.0674580857157707 0.069013312458992 0.0704453587532043 0.0932717174291611 0.111808553338051 0.113926894962788 0.115045957267284 0.114187717437744 0.110934741795063 0.104918628931046 0.101365715265274 0.0995043963193893 0.0976937189698219 0.0959025844931602 0.0939295515418053 0.0919244140386581 0.0881512612104416 0.0843983367085457 0.081136554479599 0.0782229080796242 0.0764380395412445 0.075066477060318 0.0744161754846573 0.0740097910165787 0.0738543793559074 0.0739040076732635 0.0740785375237465 0.074293740093708 0.0745224952697754 0.0748080238699913 0.0751006230711937 0.0752867460250854 0.0753949284553528 0.0750068053603172 0.0745061188936234 0.0736920833587646 0.0729560852050781 0.0723407045006752 0.0717893838882446
-9999 -9999 -9999 -9999 -9999 -9999 0.0633593499660492 0.0639302283525467 0.0658637285232544 0.0911364182829857 0.111482173204422 0.112969756126404 0.113787934184074 0.113281562924385 0.110525272786617 0.10517293214798 0.101873680949211 0.0999843776226044 0.0983105599880219 0.0967199504375458 0.0945340916514397 0.0922431871294975 0.0878299474716187 0.0834620073437691 0.0798588544130325 0.0767058059573174 0.0750121995806694 0.0737140998244286 0.0731061995029449 0.0727387815713882 0.0726188197731972 0.0726714730262756 0.0728292837738991 0.0730942413210869 0.0733949095010757 0.0738304033875465 0.0742842331528664 0.0746981427073479 0.075045719742775 0.0749708637595177 0.0746880397200584 0.073826290667057 0.0730399042367935 0.0723699778318405 0.0717449337244034
-9999 -9999 -9999 -9999 -9999 -9999 0.0586557425558567 0.0571345128118992 0.0611481629312038 0.0888104885816574 0.110943771898746 0.111914217472076 0.112536087632179 0.112468227744102 0.110236831009388 0.105509042739868 0.102417223155499 0.10044888406992 0.0988548323512077 0.0974053144454956 0.0949632599949837 0.0923460498452187 0.087304376065731 0.0823398008942604 0.0784601718187332 0.075124517083168 0.0735526904463768 0.07235137373209 0.0717966184020042 0.071466326713562 0.0713669955730438 0.0714174434542656 0.0715591311454773 0.0718764513731003 0.0722523108124733 0.0728340893983841 0.0734445303678513 0.0740834176540375 0.0746666043996811 0.0748950392007828 0.0748254507780075 0.0739262253046036 0.0731011778116226 0.0723907575011253 0.0717191845178604
-9999 -9999 -9999 -9999 -9999 -9999 0.0554816424846649 0.0549024827778339 0.0568365603685379 0.0855848491191864 0.108759179711342 0.110598772764206 0.11209163069725 0.112898394465446 0.111210629343987 0.106644563376904 0.103405244648457 0.101077064871788 0.0991874933242798 0.0974672958254814 0.0944937691092491 0.0912990719079971 0.0857854932546616 0.0804303139448166 0.0768182352185249 0.0737509652972221 0.072450153529644 0.0714579746127129 0.0710044130682945 0.0706455260515213 0.0703840628266335 0.0703890770673752 0.0705564245581627 0.0709508508443832 0.0714209675788879 0.0720699951052666 0.0727448090910912 0.0735661685466766 0.0743234232068062 0.0746723860502243 0.0746994167566299 0.073830284178257 0.0730532631278038 0.0724185928702354 0.0719834342598915
