Ecospace-environmental-drivers/Outputs/ASCII-for-ecospace/MOM6-ISIMIP3a/phyc-vint/1989-07_phyc-vint_MOM6-ISIMIP3a.asc
NCOLS 131 
NROWS 53 
XLLCORNER -98 
YLLCORNER 23.9265270233154 
CELLSIZE 0.133587792515755 
NODATA_value -9999 
[rows 20 to 39 of 53, columns 0 to 44 of 131]
-9999 -9999 -9999 -9999 -9999 -9999 -9999 -9999 0.0699425488710403 0.072015143930912 0.0728754699230194 0.072044625878334 0.0728469491004944 0.0727619975805283 0.0748693868517876 0.0795063823461533 0.0925966501235962 0.111492156982422 0.113073565065861 0.107969358563423 0.112738192081451 0.119249314069748 0.123024374246597 0.126296609640121 0.125878050923347 0.125293016433716 0.124168269336224 0.122991301119328 0.121723212301731 0.12448051571846 0.13137985765934 0.133694395422935 0.13321590423584 0.133112400770187 0.133133858442307 0.132161855697632 0.131051018834114 0.129726961255074 0.128377035260201 0.126862421631813 0.125319331884384 0.123697020113468 0.123514898121357 0.125558525323868 0.125665351748466
-9999 -9999 -9999 -9999 -9999 -9999 0.0823459699749947 0.0805191546678543 0.0764268040657043 0.0699425488710403 0.0732274055480957 0.0728754699230194 0.0704114511609077 0.0630718246102333 0.066995806992054 0.0839162096381187 0.0997914522886276 0.114948928356171 0.115781515836716 0.111082725226879 0.108592748641968 0.106492556631565 0.117000117897987 0.126699790358543 0.127366572618484 0.127827987074852 0.127623468637466 0.127241298556328 0.126549080014229 0.125945031642914 0.125431686639786 0.124648220837116 0.123700201511383 0.12312001734972 0.12266243994236 0.121043130755424 0.119265757501125 0.117834530770779 0.116396561264992 0.114915646612644 0.113392814993858 0.111753262579441 0.113159239292145 0.119271889328957 0.121423326432705
-9999 -9999 -9999 -9999 -9999 -9999 0.0826612561941147 0.0823459699749947 0.0786923319101334 0.074726365506649 0.0699425488710403 0.0768641903996468 0.0818686112761497 0.0830793902277946 0.0862686336040497 0.091740719974041 0.101583048701286 0.114426627755165 0.114871054887772 0.110527701675892 0.107534982264042 0.104780606925488 0.112245753407478 0.119197800755501 0.12000934034586 0.120748028159142 0.12125051766634 0.121664851903915 0.121925368905067 0.122022405266762 0.121951229870319 0.121659979224205 0.121234655380249 0.120644897222519 0.120000317692757 0.118696250021458 0.117298826575279 0.115594752132893 0.113941699266434 0.112613536417484 0.111353293061256 0.110282137989998 0.110863395035267 0.113998360931873 0.114934735000134
-9999 -9999 -9999 -9999 0.0916709676384926 0.0858810096979141 0.0829201191663742 0.0827176868915558 0.0823459699749947 0.0750386938452721 0.0715782418847084 0.0828418210148811 0.0937498137354851 0.103954218327999 0.106269925832748 0.0994833111763 0.10282763838768 0.11312934756279 0.113170608878136 0.109249927103519 0.106434345245361 0.103813774883747 0.107586279511452 0.111170962452888 0.112023912370205 0.112941786646843 0.114070169627666 0.115209452807903 0.116367749869823 0.117400251328945 0.118303306400776 0.118733018636703 0.118874371051788 0.118316829204559 0.117526322603226 0.116595543920994 0.115638256072998 0.113691672682762 0.111847624182701 0.110656499862671 0.10964247584343 0.109121471643448 0.108727440237999 0.108529642224312 0.108080327510834
-9999 -9999 -9999 -9999 0.104803435504436 0.0930793061852455 0.0888419076800346 0.0829201191663742 0.0828869789838791 0.0824652314186096 0.0833149030804634 0.0890310108661652 0.0949931144714355 0.101441964507103 0.10383228212595 0.101539701223373 0.101904764771461 0.104094952344894 0.103027686476707 0.100702598690987 0.100706748664379 0.101121939718723 0.102880589663982 0.1045181453228 0.104901388287544 0.105356156826019 0.106042794883251 0.106723792850971 0.107394948601723 0.108073428273201 0.108759455382824 0.109127402305603 0.109301574528217 0.108873039484024 0.108243606984615 0.107422202825546 0.10656975954771 0.105091512203217 0.103615149855614 0.102150797843933 0.100805103778839 0.0997897312045097 0.0989986285567284 0.0985541269183159 0.0980414748191833
-9999 -9999 -9999 -9999 -9999 0.104803435504436 0.0957517623901367 0.0947636961936951 0.0854543522000313 0.0909073054790497 0.0953332930803299 0.0958284959197044 0.0971107259392738 0.0999502539634705 0.101923018693924 0.102895669639111 0.100743293762207 0.0964448153972626 0.0944722518324852 0.093397818505764 0.0954391956329346 0.0980304256081581 0.0981509312987328 0.0982126221060753 0.0982350185513496 0.0983282625675201 0.0986512303352356 0.0989539176225662 0.0992212072014809 0.0995721369981766 0.100009128451347 0.100248992443085 0.100368775427341 0.0999777689576149 0.0994165018200874 0.0986108034849167 0.0977693349123001 0.0966518819332123 0.0954673364758492 0.0938555002212524 0.0923184230923653 0.0909894481301308 0.0899357870221138 0.0893075838685036 0.0887633860111237
-9999 -9999 -9999 -9999 -9999 0.103823892772198 0.104803435504436 0.10051978379488 0.0969067513942719 0.103802181780338 0.108586974442005 0.105293169617653 0.103061966598034 0.102933369576931 0.102330543100834 0.101180538535118 0.0985356867313385 0.0948642641305923 0.0928775146603584 0.0915412753820419 0.0921888202428818 0.0931864306330681 0.0933161601424217 0.0934298932552338 0.0935686975717545 0.0937458872795105 0.0940475314855576 0.0943225547671318 0.0945511385798454 0.0946905314922333 0.0947381481528282 0.0945591703057289 0.0942421555519104 0.0934875905513763 0.0925871729850769 0.0913864299654961 0.0901442840695381 0.0889161303639412 0.0876907184720039 0.0864827558398247 0.0853694155812263 0.0845194905996323 0.0837930366396904 0.0832573845982552 0.0828210264444351
-9999 -9999 0.101738780736923 0.101969510316849 0.102194264531136 0.102843195199966 0.103825055062771 0.104457929730415 0.105491727590561 0.111442685127258 0.115196198225021 0.110538847744465 0.10678281635046 0.104810230433941 0.102290250360966 0.0991386547684669 0.0957919880747795 0.0923113599419594 0.0902272760868073 0.0886824578046799 0.0883853584527969 0.0883084535598755 0.0885864123702049 0.0888748243451118 0.0891855731606483 0.0894860327243805 0.089753121137619 0.0899665653705597 0.0900864228606224 0.0900016874074936 0.0897064357995987 0.0892143249511719 0.0886022970080376 0.0876642242074013 0.0866174623370171 0.0853010714054108 0.0839487388730049 0.0827816724777222 0.0816597789525986 0.0808255150914192 0.0801103264093399 0.0797266215085983 0.0793679803609848 0.0790480747818947 0.078801691532135
-9999.000000000000000 -9999 -9999 -9999 0.100871071219444 0.101545333862305 0.100947201251984 0.104429587721825 0.10782041400671 0.107618905603886 0.107308156788349 0.106579311192036 0.105637282133102 0.104273431003094 0.101272888481617 0.0963838696479797 0.0918786227703094 0.0876369252800941 0.0852741077542305 0.0836367905139923 0.0833751708269119 0.0833563134074211 0.0840858146548271 0.0848164781928062 0.0854203552007675 0.0859298929572105 0.0861335396766663 0.0862114056944847 0.0860697701573372 0.0857334285974503 0.0851967483758926 0.0846221596002579 0.0840244814753532 0.0832957476377487 0.082523338496685 0.0817008465528488 0.0808721408247948 0.080141007900238 0.0794376581907272 0.0789112523198128 0.0785383880138397 0.0785929337143898 0.0786907076835632 0.0788552984595299 0.0789781138300896
-9999 -9999 -9999 -9999 0.0991189852356911 0.0982246845960617 0.0986073240637779 0.103426925837994 0.107868187129498 0.105133943259716 0.103271216154099 0.104744255542755 0.105280593037605 0.103963449597359 0.10021661221981 0.093666285276413 0.0884026810526848 0.084022730588913 0.0817207619547844 0.0802211761474609 0.0800614580512047 0.0801381841301918 0.0809933915734291 0.0818378105759621 0.0824503302574158 0.0829395428299904 0.0830289572477341 0.0829745084047318 0.0826690047979355 0.0822041109204292 0.0815751999616623 0.0810309648513794 0.0805383026599884 0.0800435468554497 0.0795480906963348 0.0791280120611191 0.0787182673811913 0.0782973021268845 0.0779006481170654 0.0776588246226311 0.0775655508041382 0.0778857916593552 0.078200027346611 0.0785049647092819 0.078616164624691
-9999 -9999 -9999 -9999 0.0979058146476746 0.0975869446992874 0.097193218767643 0.101198494434357 0.105046384036541 0.104333326220512 0.104079253971577 0.105581976473331 0.10591633617878 0.103938825428486 0.099111370742321 0.0909955129027367 0.0854770764708519 0.0817423984408379 0.0799285024404526 0.0788562968373299 0.0788820460438728 0.0791015625 0.0796725675463676 0.0802174732089043 0.0804807245731354 0.0806610137224197 0.080572284758091 0.0803896337747574 0.0800430923700333 0.07960444688797 0.0790710151195526 0.0786990746855736 0.0784255117177963 0.0781957060098648 0.0779804959893227 0.0778477117419243 0.0777252614498138 0.0774562358856201 0.0772255510091782 0.077239029109478 0.0773464292287827 0.0777153000235558 0.0779440924525261 0.0779564082622528 0.0775768831372261
-9999 -9999 -9999 -9999 0.0975869446992874 0.0971103385090828 0.0965508446097374 0.0950690358877182 0.0937440097332001 0.095172218978405 0.0974734574556351 0.103116281330585 0.106220215559006 0.104300409555435 0.0989398658275604 0.0896092653274536 0.0838298350572586 0.0804891437292099 0.0790303200483322 0.0782981589436531 0.0783100575208664 0.0784532502293587 0.0787079557776451 0.0789356380701065 0.0789177790284157 0.0788493156433105 0.0786167830228806 0.0783564373850822 0.0780475363135338 0.0777212306857109 0.0773770064115524 0.0771786794066429 0.0770692303776741 0.0769340917468071 0.0767903849482536 0.0768580958247185 0.076953686773777 0.0768624842166901 0.0768039375543594 0.0769533887505531 0.077107347548008 0.0772738382220268 0.0772694423794746 0.0770009532570839 0.0763983279466629
-9999 -9999 -9999 -9999 0.0970827117562294 0.0965508446097374 0.084344744682312 0.0860137566924095 0.0760811194777489 0.0797406584024429 0.0853072106838226 0.0981729850172997 0.10627519339323 0.104951642453671 0.0994686856865883 0.089186429977417 0.0831413790583611 0.0800061970949173 0.0788026973605156 0.0783450901508331 0.0781936272978783 0.0780961811542511 0.0780105069279671 0.0779076814651489 0.0776598230004311 0.0773877501487732 0.0770371779799461 0.0767369940876961 0.0765247568488121 0.0763753652572632 0.0762906447052956 0.0762669146060944 0.0762803554534912 0.0761121511459351 0.0758833959698677 0.076086513698101 0.0763481929898262 0.0764542147517204 0.0765724405646324 0.0767683759331703 0.0768532902002335 0.0766291543841362 0.0762807577848434 0.075740322470665 0.0751153156161308
-9999 -9999 -9999 -9999 0.0965508446097374 0.0750687047839165 0.0662834942340851 0.0597453527152538 0.0621377676725388 0.0732248201966286 0.0845128670334816 0.0965702459216118 0.1047458127141 0.105240359902382 0.100754767656326 0.0905228778719902 0.0843186378479004 0.0808803737163544 0.0794449672102928 0.0787829384207726 0.0783719718456268 0.0780052989721298 0.0776568055152893 0.0773032456636429 0.0769041404128075 0.0765096619725227 0.0761301591992378 0.075828954577446 0.0756643936038017 0.075598880648613 0.0756352767348289 0.0756748914718628 0.0757164731621742 0.0755221247673035 0.0752491280436516 0.0755652338266373 0.075961746275425 0.0762181803584099 0.0764516890048981 0.0765391737222672 0.0764990895986557 0.0761038437485695 0.075663261115551 0.075152613222599 0.0746368169784546
-9999 -9999 -9999 -9999 -9999 0.056048933416605 0.053095743060112 0.0530913844704628 0.049788523465395 0.0705300644040108 0.0885922834277153 0.0963992029428482 0.102537415921688 0.105373717844486 0.102365404367447 0.0926133170723915 0.0862955078482628 0.0823361724615097 0.0804600492119789 0.0793883353471756 0.0786766484379768 0.078028492629528 0.0774504318833351 0.0768803209066391 0.0763637274503708 0.0758816227316856 0.0755113884806633 0.0752258002758026 0.0750879347324371 0.0750664174556732 0.0751646310091019 0.0752198994159698 0.0752490162849426 0.0750314891338348 0.0747317373752594 0.075151227414608 0.075669176876545 0.0760559588670731 0.0763783976435661 0.0762910395860672 0.0761019587516785 0.0756296962499619 0.0752048566937447 0.07485331594944 0.0745031163096428
-9999 -9999 -9999 -9999 -9999 0.0493601746857166 0.0487675592303276 0.0464504882693291 0.0482365265488625 0.0713782534003258 0.0912036970257759 0.0983358547091484 0.103872463107109 0.106251947581768 0.103877164423466 0.0960166975855827 0.0902339741587639 0.0858781263232231 0.0833009630441666 0.0814106166362762 0.0801550894975662 0.079011581838131 0.078095369040966 0.07719586789608 0.0763941630721092 0.0756804570555687 0.0752520337700844 0.0749392881989479 0.0748283937573433 0.0748322233557701 0.0749540850520134 0.0750472620129585 0.0751229599118233 0.0748711302876472 0.0745101198554039 0.074636310338974 0.0748329535126686 0.0754622519016266 0.0759992823004723 0.0759487077593803 0.0758346691727638 0.0755439549684525 0.0752769783139229 0.075046680867672 0.074743427336216
-9999 -9999 -9999 -9999 -9999 0.0466851182281971 0.04621721804142 0.0467608086764812 0.0489184893667698 0.0729594752192497 0.0935113802552223 0.100708581507206 0.105940654873848 0.107284292578697 0.105368465185165 0.0996917337179184 0.0945782959461212 0.0898517146706581 0.0865196511149406 0.0837260633707047 0.0818763822317123 0.0801932737231255 0.0789164453744888 0.0776641964912415 0.0765427201986313 0.0755675956606865 0.075067050755024 0.0747182965278625 0.0746344327926636 0.0746597349643707 0.0747973546385765 0.0749330371618271 0.0750675350427628 0.0747791081666946 0.0743497014045715 0.074100524187088 0.0738842561841011 0.0747792720794678 0.0755568891763687 0.0755868852138519 0.0755942389369011 0.0755385756492615 0.075458861887455 0.0753419771790504 0.0750611200928688
-9999 -9999 -9999 -9999 -9999 -9999 0.0450705736875534 0.0454403609037399 0.0474511422216892 0.0732719004154205 0.0952685847878456 0.102628342807293 0.107635371387005 0.107987016439438 0.106461226940155 0.102769166231155 0.0989983752369881 0.0951735153794289 0.0921354815363884 0.0894012749195099 0.0870397910475731 0.0847440734505653 0.0826027691364288 0.0804968550801277 0.0786576792597771 0.077000267803669 0.0759322121739388 0.0751369968056679 0.0748179107904434 0.0747097656130791 0.0748186632990837 0.0749621465802193 0.0751266926527023 0.0750136971473694 0.074808195233345 0.0743975937366486 0.0739635825157166 0.074214480817318 0.0744859725236893 0.074888601899147 0.0752240791916847 0.0753725916147232 0.0754831284284592 0.075534962117672 0.0753806978464127
-9999 -9999 -9999 -9999 -9999 -9999 0.0435347221791744 0.043010551482439 0.0458854176104069 0.0734788998961449 0.0969115123152733 0.104418121278286 0.109232373535633 0.10871921479702 0.10756254196167 0.105663351714611 0.103161163628101 0.100244872272015 0.0975774377584457 0.0950060933828354 0.0922437310218811 0.0894476547837257 0.0865381434559822 0.0836667492985725 0.0811336189508438 0.0787867531180382 0.0770438089966774 0.0757065787911415 0.0750773400068283 0.0747889950871468 0.074851430952549 0.0749995410442352 0.0751998424530029 0.0752616301178932 0.0752772390842438 0.0747544690966606 0.0741586610674858 0.0737532079219818 0.0734995827078819 0.0742127895355225 0.0748300850391388 0.075180359184742 0.0754831656813622 0.075712613761425 0.0756858214735985
-9999 -9999 -9999 -9999 -9999 -9999 0.0434880256652832 0.042153250426054 0.0442969240248203 0.0731673240661621 0.0975984260439873 0.105037733912468 0.109965391457081 0.10992319881916 0.108945436775684 0.106888182461262 0.104543216526508 0.102000661194324 0.100019514560699 0.0982551425695419 0.0962358713150024 0.0941716134548187 0.0917614996433258 0.0893045887351036 0.0865209102630615 0.0836092457175255 0.0802826285362244 0.0775800943374634 0.0759666562080383 0.0750734508037567 0.0749213397502899 0.0750568434596062 0.0753675550222397 0.0754957720637321 0.0755631625652313 0.0753513872623444 0.0750974044203758 0.0743397921323776 0.0737151503562927 0.073937363922596 0.0742438361048698 0.0747848451137543 0.0753000825643539 0.0757754892110825 0.0758359804749489
