Ecospace-environmental-drivers/Outputs/ASCII-for-ecospace/MOM6-ISIMIP3a/phyc-vint/1990-12_phyc-vint_MOM6-ISIMIP3a.asc
NCOLS 131 
NROWS 53 
XLLCORNER -98 
YLLCORNER 23.9265270233154 
CELLSIZE 0.133587792515755 
NODATA_value -9999 
[rows 20 to 39 of 53, columns 45 to 89 of 131]
0.133582636713982 0.133348196744919 0.132542565464973 0.130965337157249 0.129168674349785 0.122537076473236 0.115661278367043 0.115553922951221 0.115254797041416 0.113980203866959 0.112987726926804 0.112676426768303 0.113806486129761 0.116915337741375 0.119650274515152 0.122079268097878 0.1239118501544 0.125461921095848 0.126940205693245 0.128401339054108 0.12715382874012 0.12561297416687 0.122511170804501 0.120340891182423 0.122069157660007 0.123468942940235 0.124175280332565 0.122971847653389 0.119434297084808 0.121321126818657 0.127158984541893 0.129006817936897 0.129202216863632 0.127397954463959 0.12520058453083 0.119984440505505 0.114641398191452 0.109150908887386 0.104140363633633 0.10081735253334 0.0993182733654976 0.101206444203854 0.101225174963474 0.0992070809006691 0.0951527431607246
0.134622320532799 0.135165303945541 0.135456174612045 0.131821677088737 0.127070814371109 0.125642254948616 0.124574519693851 0.124067217111588 0.123349577188492 0.121562026441097 0.12024611979723 0.120069041848183 0.120702818036079 0.122449785470963 0.123800180852413 0.124826110899448 0.125352844595909 0.125643104314804 0.126201495528221 0.126823961734772 0.121221907436848 0.115561246871948 0.115271404385567 0.115288414061069 0.116589643061161 0.117308206856251 0.116796746850014 0.114154905080795 0.10890930891037 0.112801626324654 0.123349860310555 0.127249136567116 0.128394842147827 0.126755759119987 0.124569267034531 0.117973685264587 0.111148223280907 0.103672116994858 0.0971533209085464 0.0940004661679268 0.0929761528968811 0.0959047749638557 0.0975370705127716 0.097756989300251 0.0951162800192833
0.133161410689354 0.131452694535255 0.129382491111755 0.125815257430077 0.121822260320187 0.121758170425892 0.122130490839481 0.123427502810955 0.124276496469975 0.122846476733685 0.121881358325481 0.122038789093494 0.122353985905647 0.122885763645172 0.124232538044453 0.126246124505997 0.125546663999557 0.123562097549438 0.122907340526581 0.12257032096386 0.118663161993027 0.114666230976582 0.112932287156582 0.111855290830135 0.113527700304985 0.113723382353783 0.110801599919796 0.109703928232193 0.110835678875446 0.115426003932953 0.12253549695015 0.125721350312233 0.127282306551933 0.12490176409483 0.12174641340971 0.113927528262138 0.106083087623119 0.099676139652729 0.0938395857810974 0.090008556842804 0.0883020907640457 0.0905411839485168 0.0919769182801247 0.0925373584032059 0.0907674133777618
0.131355464458466 0.127398267388344 0.122961416840553 0.119658850133419 0.116678863763809 0.117690175771713 0.119165502488613 0.122138164937496 0.124462179839611 0.123486615717411 0.122938923537731 0.123424366116524 0.123472020030022 0.122918650507927 0.124299690127373 0.127263411879539 0.125487223267555 0.12146582454443 0.119635581970215 0.118328869342804 0.116474144160748 0.114479303359985 0.110993057489395 0.10857255756855 0.110612258315086 0.110376991331577 0.105339087545872 0.106024473905563 0.113704904913902 0.118829362094402 0.122092083096504 0.124291561543941 0.126050725579262 0.122773848474026 0.118507012724876 0.109610021114349 0.100905291736126 0.0957537814974785 0.0907615721225739 0.0863294899463654 0.0839290246367455 0.085301473736763 0.0863521620631218 0.0870522856712341 0.0861308425664902
0.127030342817307 0.124723039567471 0.122216388583183 0.119739070534706 0.117270097136497 0.119459621608257 0.12202100455761 0.121748022735119 0.121515512466431 0.121488876640797 0.121602356433868 0.122054174542427 0.122450932860374 0.122772105038166 0.123059563338757 0.123319432139397 0.122831478714943 0.12198930233717 0.119977325201035 0.117685839533806 0.116104058921337 0.114353202283382 0.109431765973568 0.105715908110142 0.107045471668243 0.107695132493973 0.106909468770027 0.109534025192261 0.116326577961445 0.120940767228603 0.12396827340126 0.124186798930168 0.123242028057575 0.117664389312267 0.111176043748856 0.10339879989624 0.0958640053868294 0.0911638811230659 0.0869103223085403 0.0842268839478493 0.0824053213000298 0.0821843668818474 0.0820377022027969 0.0819719880819321 0.0822207853198051
0.122662976384163 0.121948547661304 0.121264241635799 0.119628250598907 0.117721609771252 0.120541118085384 0.123620815575123 0.120664410293102 0.11838299036026 0.119535133242607 0.12049213796854 0.120977945625782 0.121674373745918 0.12265994399786 0.122156083583832 0.120433606207371 0.120822682976723 0.122211948037148 0.119810231029987 0.116502724587917 0.115185461938381 0.113728478550911 0.10824777930975 0.103943400084972 0.104562044143677 0.105649083852768 0.107724957168102 0.111386179924011 0.116985015571117 0.121140271425247 0.124244056642056 0.122951872646809 0.119839169085026 0.112502790987492 0.104336142539978 0.0974376127123833 0.0908348336815834 0.0866624712944031 0.0831732600927353 0.0820860639214516 0.0808931887149811 0.0795040801167488 0.0784521251916885 0.0777674987912178 0.0788144841790199
0.118110328912735 0.118738763034344 0.119403906166553 0.118679746985435 0.117560476064682 0.118606135249138 0.119714751839638 0.116540111601353 0.11443555355072 0.117774344980717 0.120374396443367 0.121190704405308 0.121970027685165 0.122698575258255 0.122728735208511 0.122187502682209 0.121650502085686 0.121115490794182 0.117412008345127 0.112951472401619 0.111861802637577 0.11091747879982 0.108718179166317 0.106924571096897 0.106828831136227 0.106390878558159 0.105230487883091 0.105971120297909 0.109035193920135 0.112956613302231 0.117502510547638 0.116761542856693 0.113831095397472 0.10711258649826 0.0996494367718697 0.0925727188587189 0.0858587846159935 0.082549013197422 0.0799368843436241 0.0797777101397514 0.0794318169355392 0.078739158809185 0.0780624598264694 0.0774031430482864 0.0776170268654823
0.113682202994823 0.115333460271358 0.117055051028728 0.116931609809399 0.116283446550369 0.116043940186501 0.115776002407074 0.113610953092575 0.112478859722614 0.116601310670376 0.119758538901806 0.120585136115551 0.121039099991322 0.120981469750404 0.120831690728664 0.120606496930122 0.119061484932899 0.116891287267208 0.113092266023159 0.108904056251049 0.107926450669765 0.107217237353325 0.107204094529152 0.106976605951786 0.105852007865906 0.104219108819962 0.101513125002384 0.100553475320339 0.101728208363056 0.104957401752472 0.109683036804199 0.109524242579937 0.107342645525932 0.101335920393467 0.0945772677659988 0.0878449007868767 0.0815101191401482 0.0790496990084648 0.0772339999675751 0.0776851698756218 0.0779099240899086 0.0777141898870468 0.0772320926189423 0.0764379873871803 0.07594383507967
0.109525769948959 0.111501559615135 0.113640323281288 0.113438799977303 0.112571693956852 0.112113252282143 0.111765928566456 0.113289393484592 0.114865675568581 0.116710685193539 0.118055857717991 0.118194110691547 0.117431946098804 0.115433618426323 0.113546095788479 0.111749224364758 0.109017431735992 0.105842784047127 0.104580029845238 0.103774093091488 0.102656498551369 0.101576797664165 0.10136017203331 0.100637681782246 0.0977981090545654 0.0956903696060181 0.0951275900006294 0.0951301902532578 0.0958237797021866 0.0973606109619141 0.0995116531848907 0.100002631545067 0.0998061150312424 0.0947160720825195 0.0886640846729279 0.0834161713719368 0.0785303115844727 0.0768903717398643 0.0756951421499252 0.0760635063052177 0.0762559995055199 0.0761218518018723 0.0754401832818985 0.0741619691252708 0.0732326656579971
0.105880431830883 0.107966855168343 0.110656179487705 0.110402226448059 0.109311200678349 0.109079837799072 0.109023287892342 0.111310683190823 0.113183453679085 0.112947069108486 0.112706176936626 0.112454399466515 0.111045770347118 0.108048945665359 0.105154238641262 0.102343067526817 0.0992944464087486 0.0961333513259888 0.096279576420784 0.0972160249948502 0.0963475629687309 0.0954026281833649 0.095149390399456 0.0943169668316841 0.0910605639219284 0.0888548493385315 0.0888672173023224 0.0891029164195061 0.0896115601062775 0.0903373658657074 0.0912213623523712 0.0919042080640793 0.0925037562847137 0.0883683562278748 0.0833021849393845 0.0794514939188957 0.0759057030081749 0.0748985782265663 0.0741942524909973 0.0745545774698257 0.0747267454862595 0.0745494812726974 0.0737326741218567 0.0722190588712692 0.0710030794143677
0.102878108620644 0.104806050658226 0.108213752508163 0.107939638197422 0.106618411839008 0.107175268232822 0.107875175774097 0.107247158885002 0.106382057070732 0.104310922324657 0.102768279612064 0.102501757442951 0.101163350045681 0.0983534008264542 0.0953705981373787 0.0922463610768318 0.0899753794074059 0.0881085693836212 0.0882455408573151 0.0888612866401672 0.0887314975261688 0.0885569900274277 0.0884770900011063 0.0880191549658775 0.0859791040420532 0.0841495394706726 0.0827642977237701 0.0823157802224159 0.0830121114850044 0.084035687148571 0.0852976217865944 0.0855962857604027 0.0854960158467293 0.0823630094528198 0.0786338374018669 0.0760706439614296 0.0737279579043388 0.0731175467371941 0.0727411359548569 0.0731874704360962 0.0733543485403061 0.0730022415518761 0.0721313506364822 0.0706952214241028 0.0693793743848801
0.100999481976032 0.102508015930653 0.105403155088425 0.105748936533928 0.105369687080383 0.105829365551472 0.106241084635258 0.103039272129536 0.0998629629611969 0.096816398203373 0.094375342130661 0.093396358191967 0.0917875692248344 0.0893141403794289 0.0868048816919327 0.084266297519207 0.0827431976795197 0.0817011147737503 0.0819710418581963 0.0825544595718384 0.0827875807881355 0.0829914212226868 0.0831193029880524 0.0829980000853539 0.0818338319659233 0.0804279893636703 0.07851193100214 0.0776553750038147 0.0780937448143959 0.0789057463407516 0.0799899026751518 0.0800943523645401 0.0797930806875229 0.0774495750665665 0.0747046023607254 0.0728332176804543 0.0711235478520393 0.0706776082515717 0.0704556629061699 0.0710212886333466 0.0714053958654404 0.0714523941278458 0.0709066987037659 0.0697152391076088 0.0684564486145973
0.0999636426568031 0.100857064127922 0.102316424250603 0.103762157261372 0.10520401597023 0.104902483522892 0.104242496192455 0.0987231060862541 0.0935555994510651 0.0901781022548676 0.0871411338448524 0.0849263966083527 0.0827917605638504 0.0807671025395393 0.0791526213288307 0.0778737291693687 0.0770761966705322 0.0765066668391228 0.077016219496727 0.0777835920453072 0.0780978053808212 0.0783859267830849 0.0787474289536476 0.0789343640208244 0.0783907100558281 0.0774442628026009 0.0756474882364273 0.0745900422334671 0.0744362026453018 0.0746546164155006 0.0751441866159439 0.0751969292759895 0.0750687643885612 0.0733550786972046 0.0713297128677368 0.0697033628821373 0.0681991279125214 0.0677434802055359 0.0675459131598473 0.0682557970285416 0.0690240189433098 0.0699005872011185 0.0699645504355431 0.069143146276474 0.0680591091513634
0.0995581671595573 0.100244909524918 0.100697815418243 0.102221563458443 0.104049861431122 0.102514810860157 0.100491963326931 0.0945941805839539 0.0891298279166222 0.085870273411274 0.0829383656382561 0.0807975977659225 0.0786287933588028 0.0764215067028999 0.0750795379281044 0.0744455382227898 0.0743366852402687 0.0744765847921371 0.0748841911554337 0.0753557682037354 0.0755478665232658 0.0757080018520355 0.0756821781396866 0.0756054297089577 0.0753155499696732 0.0746418461203575 0.0731578469276428 0.072044849395752 0.0713852941989899 0.0711867287755013 0.0713239461183548 0.0716740563511848 0.0721123293042183 0.0712227001786232 0.0700720250606537 0.0689820051193237 0.0679374933242798 0.0673156157135963 0.0668882429599762 0.0671447813510895 0.0676445439457893 0.0685960128903389 0.068725697696209 0.0679600313305855 0.0670862272381783
0.099422849714756 0.100077956914902 0.0997084081172943 0.100872188806534 0.102472051978111 0.0995010733604431 0.0959905758500099 0.0905454978346825 0.0855104625225067 0.082561232149601 0.0800348147749901 0.0785293281078339 0.0765370801091194 0.0738765597343445 0.0725404098629951 0.0722878202795982 0.0728518441319466 0.0738026797771454 0.073961965739727 0.0739321187138557 0.0739150270819664 0.0738561898469925 0.0731769204139709 0.0725913718342781 0.0723980888724327 0.0719171240925789 0.0708288326859474 0.0697225853800774 0.0685943737626076 0.0680545121431351 0.067943200469017 0.0687402859330177 0.0699135735630989 0.0699312314391136 0.0697217285633087 0.0692928805947304 0.0688170790672302 0.0679618790745735 0.0671957582235336 0.0667428448796272 0.066694475710392 0.0673973932862282 0.0673596858978271 0.0665150433778763 0.0658666789531708
0.0975246280431747 0.0989041477441788 0.0994266271591187 0.0994164198637009 0.0992547124624252 0.095331110060215 0.0910214260220528 0.0866843983530998 0.0826579034328461 0.0802110582590103 0.0779784694314003 0.0762632489204407 0.0744948163628578 0.0726533457636833 0.0716862753033638 0.0714346244931221 0.0718559324741364 0.0725960060954094 0.0723142996430397 0.0717884600162506 0.0717214941978455 0.0716693177819252 0.0713734701275826 0.0711440518498421 0.0711926221847534 0.0708835572004318 0.0698195025324821 0.0689585655927658 0.0683458745479584 0.0687003955245018 0.0697594061493874 0.0711540058255196 0.0726875811815262 0.0730253383517265 0.0731280297040939 0.0728467479348183 0.0725354924798012 0.0720703601837158 0.0713538303971291 0.0697533786296844 0.0684603825211525 0.0677383691072464 0.0668266341090202 0.0657081827521324 0.0650163888931274
0.0952616557478905 0.0975220203399658 0.0992912650108337 0.097938634455204 0.0956981554627419 0.0909219160676003 0.0859555080533028 0.0828621163964272 0.0799640044569969 0.0780592709779739 0.0760974138975143 0.0739976167678833 0.072462797164917 0.0717035979032516 0.0711807757616043 0.0708513408899307 0.0709611847996712 0.0712791010737419 0.070516549050808 0.0694958344101906 0.0694119557738304 0.0694131180644035 0.0697152391076088 0.070020891726017 0.0703413709998131 0.0701998993754387 0.0690832063555717 0.0685169473290443 0.0686234161257744 0.070127971470356 0.0726508647203445 0.0746741220355034 0.0764904692769051 0.077026829123497 0.0773115754127502 0.0770715847611427 0.07684126496315 0.0768951773643494 0.076308585703373 0.073469951748848 0.0707882270216942 0.0683978945016861 0.0664659217000008 0.065033346414566 0.0642424896359444
0.0926390886306763 0.0942010059952736 0.0952017679810524 0.093576468527317 0.0912043154239655 0.0871302708983421 0.0829602554440498 0.080902487039566 0.0788383334875107 0.0767417252063751 0.0747378915548325 0.0729580819606781 0.0717903301119804 0.0714628398418427 0.071068249642849 0.070618748664856 0.0696480646729469 0.0684304982423782 0.0675655752420425 0.0667849108576775 0.0672916620969772 0.0679242387413979 0.069100946187973 0.0700729042291641 0.070187933743 0.0701977461576462 0.069985456764698 0.0706923827528954 0.0725227817893028 0.0741680040955544 0.0756783410906792 0.0769963935017586 0.0782348215579987 0.0787931680679321 0.0792178362607956 0.0781467407941818 0.0771320164203644 0.0772091224789619 0.0774119719862938 0.0780569463968277 0.0768090412020683 0.0720458552241325 0.0683847069740295 0.0659242644906044 0.0642842054367065
0.0899322777986526 0.0907557532191277 0.0909584760665894 0.0891509354114532 0.0867716819047928 0.0835186839103699 0.0802549794316292 0.0791171044111252 0.0777969285845757 0.0755494236946106 0.0735400021076202 0.0721054375171661 0.071281798183918 0.0712968558073044 0.0709296464920044 0.0702496692538261 0.0682484284043312 0.0656213387846947 0.0647550672292709 0.0643095150589943 0.0654019713401794 0.0666491985321045 0.0686112269759178 0.0702005922794342 0.0702303349971771 0.0705273374915123 0.0713885352015495 0.0733748823404312 0.0767363980412483 0.0783499926328659 0.07869041711092 0.0791895315051079 0.0797543674707413 0.0802698880434036 0.0807757079601288 0.0791143253445625 0.0775183141231537 0.0773449614644051 0.0781296268105507 0.082282729446888 0.0825982168316841 0.0757868140935898 0.0705225840210915 0.0669440254569054 0.0643885359168053
0.0864986702799797 0.0869113653898239 0.0869633033871651 0.0854272767901421 0.0834396257996559 0.0815328136086464 0.079653762280941 0.0783006772398949 0.0769052878022194 0.0752947106957436 0.073817141354084 0.0726607441902161 0.0718725398182869 0.0715898275375366 0.0703251659870148 0.0682571083307266 0.0661258026957512 0.0639645457267761 0.0639937594532967 0.0645463541150093 0.0658818036317825 0.0672886297106743 0.0689515396952629 0.0705742165446281 0.0720285326242447 0.0740700662136078 0.0773512423038483 0.0802160948514938 0.0825721025466919 0.0827983319759369 0.0814732536673546 0.0805773809552193 0.0798592418432236 0.0797247886657715 0.0797050669789314 0.0804389342665672 0.0808415487408638 0.0777356028556824 0.0765723586082458 0.0822397619485855 0.0841525048017502 0.0790924280881882 0.0739087015390396 0.0685902386903763 0.0647712200880051
