Ecospace-environmental-drivers/Outputs/ASCII-for-ecospace/MOM6-ISIMIP3a/phyc-vint/1990-09_phyc-vint_MOM6-ISIMIP3a.asc
NCOLS 131 
NROWS 53 
XLLCORNER -98 
YLLCORNER 23.9265270233154 
CELLSIZE 0.133587792515755 
NODATA_value -9999 
[rows 20 to 39 of 53, columns 45 to 89 of 131]
0.107898160815239 0.108731187880039 0.10944464802742 0.110977470874786 0.112743325531483 0.110106907784939 0.107145525515079 0.107576303184032 0.107723519206047 0.106428325176239 0.104911580681801 0.102859869599342 0.102603308856487 0.104811258614063 0.105804659426212 0.105804353952408 0.105013452470303 0.103848062455654 0.103609912097454 0.103593312203884 0.104469440877438 0.105404764413834 0.106309145689011 0.107138365507126 0.107652999460697 0.108145900070667 0.108592912554741 0.10850915312767 0.107776679098606 0.105465337634087 0.102003984153271 0.0970802083611488 0.0915507972240448 0.0878813490271568 0.0845775306224823 0.0826481059193611 0.08084636926651 0.0797948390245438 0.0792061015963554 0.0802445411682129 0.081617146730423 0.0836103335022926 0.0849124416708946 0.0854615941643715 0.0853726267814636
0.101752288639545 0.102257713675499 0.102656684815884 0.103291988372803 0.103994503617287 0.10513561964035 0.106286458671093 0.106487631797791 0.106506481766701 0.105597861111164 0.104528993368149 0.103073202073574 0.101888664066792 0.101076513528824 0.100469842553139 0.100031286478043 0.0994289889931679 0.0987491384148598 0.0987914800643921 0.0990063697099686 0.0999527722597122 0.10096138715744 0.10214414447546 0.103235729038715 0.10394573956728 0.104715034365654 0.105609461665154 0.106118746101856 0.106157295405865 0.104617550969124 0.101928189396858 0.0971067547798157 0.0914023518562317 0.0875021815299988 0.0839566811919212 0.0817759186029434 0.0796856507658958 0.0779857710003853 0.0767291933298111 0.077031284570694 0.0779095888137817 0.0798579528927803 0.0815548896789551 0.0829778835177422 0.0838369727134705
0.0959216952323914 0.0963887572288513 0.0967428088188171 0.09712965041399 0.0975258201360703 0.0982923358678818 0.0990837961435318 0.0995253846049309 0.0998063683509827 0.0992704033851624 0.0984969884157181 0.0971502289175987 0.0960086584091187 0.0951487794518471 0.0946542024612427 0.0944584980607033 0.0944668725132942 0.0945719182491302 0.0949564799666405 0.0954078212380409 0.0963984057307243 0.0974351614713669 0.0986048355698586 0.0997077003121376 0.100530914962292 0.101420409977436 0.102449811995029 0.103191070258617 0.103580139577389 0.102960668504238 0.101606592535973 0.0979575589299202 0.093358114361763 0.0891695097088814 0.085061676800251 0.0826403871178627 0.0803173631429672 0.0783440768718719 0.0767561569809914 0.076523169875145 0.0768603533506393 0.0782564058899879 0.0795143470168114 0.0806217938661575 0.0814076513051987
0.0900986343622208 0.0905570313334465 0.0908988490700722 0.0910999178886414 0.0912609547376633 0.0913678109645844 0.0914902538061142 0.0921832099556923 0.0927340686321259 0.0925621315836906 0.092075303196907 0.0908281356096268 0.0898184925317764 0.0891349390149117 0.0888691395521164 0.088945135474205 0.0895499065518379 0.0904051437973976 0.0911247655749321 0.0918119922280312 0.09285057336092 0.0939180105924606 0.0950541794300079 0.0961498692631721 0.0970761179924011 0.0980708822607994 0.099210299551487 0.100160636007786 0.10087987780571 0.10118492692709 0.10118829458952 0.0988105162978172 0.0954466313123703 0.0910091623663902 0.0863606557250023 0.0836999341845512 0.0811478793621063 0.0789383128285408 0.0770541951060295 0.0763143599033356 0.0761163532733917 0.0769245624542236 0.0776847004890442 0.0783924534916878 0.0790304318070412
0.0839995890855789 0.0845721736550331 0.0850988775491714 0.0853247568011284 0.0854650884866714 0.0854791849851608 0.0854991972446442 0.0860276520252228 0.0864803791046143 0.086547888815403 0.0863949134945869 0.0857095420360565 0.0850671827793121 0.0844838917255402 0.0841989442706108 0.0841580927371979 0.0845878794789314 0.0852406024932861 0.0860989540815353 0.0870064422488213 0.0881890282034874 0.0893862843513489 0.0905220434069633 0.0916249677538872 0.0925904661417007 0.0936423391103745 0.0948765650391579 0.0961166396737099 0.0973638519644737 0.0984747409820557 0.0994863212108612 0.0986526310443878 0.0970547497272491 0.093094490468502 0.0886698439717293 0.0857737958431244 0.0829835832118988 0.0806742608547211 0.0786468684673309 0.0776107311248779 0.0770346373319626 0.0773129016160965 0.0776633843779564 0.0780925378203392 0.0786473900079727
0.0781681016087532 0.0787932947278023 0.0794283375144005 0.0796524882316589 0.0797597765922546 0.0796822756528854 0.0796016231179237 0.079946480691433 0.0802732482552528 0.0805079713463783 0.0806130990386009 0.0804053172469139 0.0800872296094894 0.0796177014708519 0.0793409794569016 0.0792220234870911 0.0794962793588638 0.0799567997455597 0.0808982253074646 0.0819545537233353 0.083223357796669 0.0844994932413101 0.0856698155403137 0.0868234559893608 0.0879072919487953 0.089080885052681 0.0904439762234688 0.0919686332345009 0.0936907529830933 0.0955365598201752 0.0974724665284157 0.0980643257498741 0.0980995669960976 0.0948247611522675 0.0908992737531662 0.0878507569432259 0.0848922580480576 0.0824958831071854 0.0803391635417938 0.0790250524878502 0.0780957564711571 0.0778810828924179 0.0778372287750244 0.0779794901609421 0.0784656852483749
0.0735097527503967 0.0739175453782082 0.0743253082036972 0.0744313299655914 0.0744515508413315 0.0742875263094902 0.0741139501333237 0.0741914585232735 0.0742702335119247 0.0743554532527924 0.0743866041302681 0.0742871984839439 0.0741047039628029 0.0738081336021423 0.0736597180366516 0.0736325085163116 0.0738365352153778 0.0741501078009605 0.0749305561184883 0.0758225545287132 0.0769241824746132 0.0780557915568352 0.0794140473008156 0.0808090716600418 0.0823580026626587 0.0839366242289543 0.0855779126286507 0.0873645767569542 0.0893288925290108 0.0915987193584442 0.094091072678566 0.095588743686676 0.0966744869947433 0.0949981957674026 0.0927789434790611 0.0899412930011749 0.087120920419693 0.0846931487321854 0.0824682340025902 0.0809565931558609 0.0797831565141678 0.0792378038167953 0.0788668245077133 0.0786858126521111 0.0791668072342873
0.069887600839138 0.0700981318950653 0.0703056305646896 0.0703213065862656 0.0702824220061302 0.0701125338673592 0.0699343457818031 0.0698940381407738 0.0698656439781189 0.0698978379368782 0.0699168220162392 0.0699038803577423 0.0698402225971222 0.0697069391608238 0.0696738734841347 0.0697227939963341 0.0698801055550575 0.0700887590646744 0.0706778690218925 0.0713578835129738 0.0722024440765381 0.07308479398489 0.0743525773286819 0.0757032409310341 0.0774007439613342 0.0791392847895622 0.0809644386172295 0.0829729214310646 0.0852054730057716 0.0878643617033958 0.0908337906002998 0.0930388271808624 0.0949273034930229 0.0945053398609161 0.0936291888356209 0.0912063345313072 0.0887540504336357 0.0865738093852997 0.0845461711287498 0.0830551162362099 0.0818156823515892 0.0810435488820076 0.0804116651415825 0.0799325928092003 0.080198734998703
0.0685262829065323 0.0685834959149361 0.0686496943235397 0.0686355829238892 0.068598635494709 0.0685988739132881 0.068608783185482 0.0687769129872322 0.0689485818147659 0.069138266146183 0.0692799314856529 0.0693056657910347 0.0693242847919464 0.0693331584334373 0.0693871974945068 0.0694781765341759 0.0696400478482246 0.0698354914784431 0.0701670348644257 0.0705310925841331 0.0709224417805672 0.0713270157575607 0.0718969032168388 0.0725797265768051 0.0737352147698402 0.0750988945364952 0.0769020691514015 0.0790447145700455 0.0816022753715515 0.084573969244957 0.0878472998738289 0.0903267115354538 0.0924773365259171 0.0925587341189384 0.0922333747148514 0.0906702876091003 0.0890878066420555 0.087763674557209 0.08651252835989 0.0855179578065872 0.0846012085676193 0.0838289856910706 0.0830807238817215 0.0823585838079453 0.0819524526596069
0.0673703476786613 0.0673750191926956 0.0673952326178551 0.0674032643437386 0.0674078240990639 0.0675662234425545 0.067750908434391 0.0682203769683838 0.0686939656734467 0.0691885128617287 0.0696151331067085 0.0698776990175247 0.0701266452670097 0.0703568980097771 0.0704509019851685 0.0704334229230881 0.0705004408955574 0.0706074684858322 0.0707282945513725 0.0708524212241173 0.0709065720438957 0.0709581971168518 0.0710429176688194 0.0712476745247841 0.0719547793269157 0.0729575976729393 0.0745847001671791 0.076666496694088 0.0793040320277214 0.0823253989219666 0.0856263563036919 0.0880972221493721 0.0902243182063103 0.0906093344092369 0.0906518995761871 0.08975700289011 0.0888451486825943 0.088106781244278 0.0873937979340553 0.0867700725793839 0.0861197784543037 0.0854201689362526 0.08467847853899 0.0838909521698952 0.0830871537327766
0.0664728134870529 0.0665517002344131 0.0666458606719971 0.0667413473129272 0.0668372064828873 0.067138709127903 0.0674814358353615 0.0683691129088402 0.0692727491259575 0.0702575892210007 0.0711732804775238 0.0719220116734505 0.0725875347852707 0.0731388255953789 0.0732134953141212 0.0728982016444206 0.0727452859282494 0.0726692825555801 0.0726383402943611 0.0726181641221046 0.072481095790863 0.0723367929458618 0.0722039937973022 0.0721694231033325 0.0725459456443787 0.0732055306434631 0.0744626894593239 0.0762382820248604 0.0786475092172623 0.0813875421881676 0.0843685269355774 0.0864749178290367 0.0882190987467766 0.0886564180254936 0.0888368412852287 0.0883691310882568 0.0878773182630539 0.0873845890164375 0.0869099572300911 0.0864989832043648 0.0860444158315659 0.0855088904500008 0.0849284455180168 0.0842990726232529 0.0834430679678917
0.0654655322432518 0.0655190199613571 0.0655749440193176 0.0656800717115402 0.0657991841435432 0.0661893710494041 0.0666320621967316 0.0677431672811508 0.0689214840531349 0.0704416632652283 0.0719426274299622 0.0733972117304802 0.0743836164474487 0.0747272744774818 0.0745625421404839 0.0739818513393402 0.0738965943455696 0.0740460157394409 0.0742017701268196 0.0743590369820595 0.0742712393403053 0.0741593986749649 0.0739424973726273 0.0738138929009438 0.0740547701716423 0.0745512917637825 0.0755874738097191 0.0770893320441246 0.0791603624820709 0.0813689529895782 0.0836777538061142 0.0851227194070816 0.0862099453806877 0.086454264819622 0.0865328833460808 0.0861990004777908 0.0858397260308266 0.0853816345334053 0.0849603414535522 0.0846684649586678 0.0843770727515221 0.0840865895152092 0.0837416350841522 0.0833373442292213 0.0827075019478798
0.0643759444355965 0.0643293038010597 0.0642628595232964 0.0643192604184151 0.064410611987114 0.0648486688733101 0.0653477534651756 0.0665362179279327 0.0678726732730865 0.0699619799852371 0.0721203684806824 0.0744455680251122 0.0756810829043388 0.0754206106066704 0.0748514160513878 0.0740296319127083 0.0742277279496193 0.0749089270830154 0.0755052343010902 0.0760812610387802 0.0762231051921844 0.0763150006532669 0.0761140808463097 0.0760004073381424 0.0762518644332886 0.0767204388976097 0.0776473507285118 0.0788998454809189 0.0805502459406853 0.0820398256182671 0.083412267267704 0.083973117172718 0.0841978564858437 0.0840651839971542 0.0838622525334358 0.0834421738982201 0.0829997882246971 0.0824180915951729 0.0819113925099373 0.0816683545708656 0.0815157294273376 0.0815310105681419 0.0814772322773933 0.0813482105731964 0.0811533108353615
0.0640609636902809 0.0639594942331314 0.063842661678791 0.0638435930013657 0.0638780295848846 0.0642492696642876 0.0646806508302689 0.0658048689365387 0.0671538934111595 0.069646492600441 0.0721831098198891 0.0748260095715523 0.0760993137955666 0.0754923447966576 0.0750313997268677 0.0746899247169495 0.075264185667038 0.0762722119688988 0.0770987719297409 0.0778819769620895 0.0781334936618805 0.0783263742923737 0.0781975388526917 0.0781530290842056 0.0784614086151123 0.0788577273488045 0.0794396847486496 0.080218218266964 0.0812370255589485 0.0819521546363831 0.0824461057782173 0.0823280662298203 0.0819565802812576 0.0812413692474365 0.0804585888981819 0.0797707363963127 0.0790764689445496 0.0782852321863174 0.0776112526655197 0.0773495584726334 0.0772436708211899 0.0774271264672279 0.0776541009545326 0.0779284760355949 0.078329049050808
0.0640779510140419 0.0639410838484764 0.0638047009706497 0.0637472793459892 0.0637123063206673 0.0639675781130791 0.0642780736088753 0.0652773603796959 0.0665765553712845 0.0694013833999634 0.0721965730190277 0.0749201998114586 0.0761407166719437 0.0752976760268211 0.0751647129654884 0.0756127238273621 0.0766029208898544 0.0778499469161034 0.0788166373968124 0.0797163471579552 0.0800261124968529 0.0802759379148483 0.0802432298660278 0.0802911147475243 0.080676294863224 0.0809813663363457 0.0811173394322395 0.0813256800174713 0.0816224589943886 0.0815393924713135 0.0811796486377716 0.0804706737399101 0.0796170830726624 0.0782312378287315 0.0767407640814781 0.0757073163986206 0.0746888294816017 0.0736512243747711 0.0727748870849609 0.072465606033802 0.0723670125007629 0.0726596787571907 0.0731629282236099 0.0738956108689308 0.074960470199585
0.0633613243699074 0.063193067908287 0.0630597397685051 0.0630649104714394 0.0631094723939896 0.0633895173668861 0.0637207552790642 0.0647835657000542 0.0661487653851509 0.0690521895885468 0.0718771517276764 0.0745126754045486 0.075907938182354 0.0756004974246025 0.0758949369192123 0.0766818076372147 0.0778520852327347 0.0792039781808853 0.0802473053336143 0.0812169015407562 0.0815255269408226 0.0817634239792824 0.0816326588392258 0.081512525677681 0.0814368352293968 0.0813204571604729 0.0811181962490082 0.0810174569487572 0.0810407996177673 0.0803732648491859 0.0792025029659271 0.0781115964055061 0.0770537555217743 0.0752116218209267 0.0732153207063675 0.0722921788692474 0.0713933706283569 0.0703439936041832 0.0694350898265839 0.0690201073884964 0.0688042342662811 0.068958155810833 0.0694133415818214 0.0701967850327492 0.0714592114090919
0.0624929144978523 0.062294103205204 0.0621684975922108 0.0622612945735455 0.0624162033200264 0.0627501308917999 0.0631314292550087 0.0642967522144318 0.0657519102096558 0.068681463599205 0.0714888647198677 0.0740013420581818 0.0756184235215187 0.0760062634944916 0.0767486616969109 0.0777811631560326 0.0790827199816704 0.0805117338895798 0.0816185548901558 0.0826483890414238 0.0829435884952545 0.0831552967429161 0.0828863084316254 0.0825442671775818 0.0818964689970016 0.0812903270125389 0.0807721242308617 0.0804163366556168 0.0802590474486351 0.0790512636303902 0.0770783126354218 0.0756487101316452 0.0744441226124763 0.0721900537610054 0.069729670882225 0.0690111815929413 0.0683238878846169 0.0673112794756889 0.0664049312472343 0.0658722147345543 0.0655133053660393 0.0654771700501442 0.0658171996474266 0.0665670707821846 0.0679305046796799
0.0619016066193581 0.0616789162158966 0.0615342110395432 0.0616470053792 0.061833031475544 0.0622265674173832 0.0626685991883278 0.0638463795185089 0.0652912482619286 0.0680947378277779 0.0708374604582787 0.0734334737062454 0.075355276465416 0.07635148614645 0.0774964243173599 0.0787630453705788 0.080168679356575 0.0816401541233063 0.082570880651474 0.0833723917603493 0.0832929760217667 0.0831394866108894 0.0827886462211609 0.0823357626795769 0.081455796957016 0.0810117423534393 0.0814879164099693 0.0814410522580147 0.0807549357414246 0.0792016386985779 0.077016718685627 0.0750094503164291 0.0730757564306259 0.0708202198147774 0.0685014128684998 0.0679382309317589 0.0673895329236984 0.0663471966981888 0.0653639137744904 0.0645882934331894 0.0640041455626488 0.0637755915522575 0.0638777390122414 0.0643401965498924 0.0654273182153702
0.0613804645836353 0.0611369200050831 0.0609702281653881 0.0610887631773949 0.0612884163856506 0.0617340952157974 0.0622304268181324 0.0634142532944679 0.0648424550890923 0.067513719201088 0.0701913461089134 0.0728843584656715 0.07510756701231 0.0766858235001564 0.0782122686505318 0.0796963274478912 0.0811826959252357 0.0826701670885086 0.0834084898233414 0.083967812359333 0.0835170298814774 0.0830082967877388 0.0826663002371788 0.0821756348013878 0.0810628160834312 0.0807980075478554 0.0823234170675278 0.0825786739587784 0.0812815427780151 0.079441249370575 0.0772053152322769 0.0745613425970078 0.0717483907938004 0.0695563107728958 0.0674862712621689 0.067045159637928 0.0665993392467499 0.0655181631445885 0.0644528195261955 0.0634431391954422 0.0626426115632057 0.0622304864227772 0.0620942711830139 0.062258668243885 0.0630474463105202
0.0614754371345043 0.0612400844693184 0.0610334612429142 0.0610379613935947 0.0611025057733059 0.0615180060267448 0.0619948953390121 0.0631593093276024 0.0645507127046585 0.0670967400074005 0.0697273761034012 0.0725623145699501 0.0750120431184769 0.0769329443573952 0.0786382481455803 0.0801671743392944 0.0814984664320946 0.0827361419796944 0.0832225754857063 0.0835295096039772 0.0829145163297653 0.0823188424110413 0.0829260796308517 0.0831239372491837 0.0816084891557693 0.081394650042057 0.083928607404232 0.0841440185904503 0.0815256834030151 0.079929381608963 0.0790775194764137 0.0752812102437019 0.0702655091881752 0.0686332657933235 0.0676661282777786 0.0670160949230194 0.0663269981741905 0.0651416182518005 0.0639774799346924 0.0628879964351654 0.0620047673583031 0.0615045838057995 0.0611834488809109 0.0610573962330818 0.061493095010519
