Ecospace-environmental-drivers/Outputs/ASCII-for-ecospace/MOM6-ISIMIP3a/phyc-vint/1990-08_phyc-vint_MOM6-ISIMIP3a.asc
NCOLS 131 
NROWS 53 
XLLCORNER -98 
YLLCORNER 23.9265270233154 
CELLSIZE 0.133587792515755 
NODATA_value -9999 
[rows 0 to 19 of 53, columns 45 to 89 of 131]
-9999 -9999 -9999 -9999 -9999 -9999 -9999 -9999 -9999 -9999 -9999 -9999 -9999 -9999 -9999 -9999 -9999 -9999 -9999 -9999 -9999 -9999 -9999 -9999 -9999 -9999 -9999 -9999 -9999 -9999 -9999 -9999 -9999 -9999 -9999 -9999 -9999 -9999 -9999 -9999 -9999 -9999 -9999 -9999 -9999
-9999 -9999 -9999 -9999 -9999 -9999 -9999 -9999 -9999 -9999 -9999 -9999 -9999 -9999 -9999 -9999 -9999 -9999 -9999 -9999 -9999 -9999 -9999 -9999 -9999 -9999 -9999 -9999 -9999 -9999 -9999 -9999 -9999 -9999 -9999 -9999 -9999 -9999 -9999 -9999 -9999 -9999 -9999 -9999 -9999
-9999 -9999 -9999 -9999 -9999 -9999 -9999 -9999 -9999 -9999 -9999 -9999 -9999 -9999 -9999 -9999 -9999 -9999 -9999 -9999 -9999 -9999 -9999 -9999 -9999 -9999 -9999 -9999 -9999 0.126158893108368 0.126610144972801 -9999 -9999 -9999 -9999 -9999 -9999 -9999 -9999 -9999 -9999 -9999 -9999 -9999 -9999
-9999 -9999 -9999 -9999 -9999 -9999 -9999 -9999 -9999 -9999 -9999 -9999 -9999 -9999 -9999 -9999 -9999 -9999 -9999 -9999 -9999 -9999 -9999 -9999 -9999 -9999 -9999 -9999 -9999 0.126055151224136 0.126777946949005 -9999 -9999 -9999 -9999 -9999 -9999 -9999 -9999 -9999 -9999 -9999 -9999 -9999 -9999
-9999 -9999 -9999 -9999 -9999 -9999 -9999 -9999 -9999 -9999 -9999 -9999 -9999 -9999 -9999 -9999 -9999 -9999 -9999 -9999 0.136516466736794 0.136014267802238 0.13561250269413 0.13326895236969 0.131280347704887 0.128052428364754 0.126151397824287 0.125494465231895 0.125472262501717 0.125964045524597 0.126729130744934 0.127640649676323 -9999 -9999 0.114370159804821 0.101925209164619 0.0872587934136391 0.0747541934251785 0.068755105137825 0.0678829848766327 0.0701145678758621 0.068539634346962 0.0607679150998592 0.0487234033644199 -9999
-9999 -9999 -9999 -9999 -9999 -9999 -9999 -9999 -9999 -9999 -9999 -9999 -9999 -9999 -9999 -9999 0.139726519584656 -9999 0.139478772878647 0.139268144965172 0.137846559286118 0.136516466736794 0.135913819074631 0.13561250269413 0.13092540204525 0.127303123474121 0.125928744673729 0.125222340226173 0.125332325696945 0.125862121582031 0.126697674393654 0.127627611160278 0.128596663475037 0.123642310500145 0.117523565888405 0.101944603025913 0.0863074511289597 0.0735243186354637 0.0644308030605316 0.0683101937174797 0.0709079504013062 0.0711255669593811 0.0635853782296181 0.0475927963852882 0.0349920354783535
-9999 -9999 -9999 -9999 -9999 -9999 -9999 -9999 -9999 -9999 -9999 -9999 0.141469538211823 0.141447171568871 0.141318619251251 0.140686050057411 0.139746427536011 0.139747425913811 0.139705613255501 0.139462545514107 0.139268144965172 0.137755081057549 0.136516466736794 0.13561250269413 0.13092540204525 0.127303123474121 0.125928744673729 0.125222340226173 0.125332325696945 0.125862121582031 0.126697674393654 0.127627611160278 0.128596663475037 0.123642310500145 0.117523565888405 0.101944603025913 0.0863074511289597 0.0735243186354637 0.0644308030605316 0.0683101937174797 0.0709079504013062 0.0711255669593811 0.0635853782296181 0.0475927963852882 0.0349920354783535
-9999 -9999 -9999 -9999 -9999 -9999 -9999 -9999 -9999 -9999 -9999 -9999 0.141589432954788 0.141469538211823 0.141424804925919 -9999 0.139571845531464 0.138645753264427 0.139789238572121 0.139705613255501 0.139413893222809 0.139268144965172 0.137480616569519 0.134417653083801 0.126016870141029 0.122229471802711 0.128181308507919 0.131560951471329 0.131796821951866 0.132506266236305 0.133560672402382 0.132403299212456 0.130329951643944 0.128457605838776 0.126624792814255 0.109486825764179 0.0924948304891586 0.0824657827615738 0.0752644836902618 0.0780057087540627 0.0785324946045876 0.0749468430876732 0.0667915046215057 0.0536573342978954 0.0518245957791805
0.138853177428246 -9999 -9999 -9999 -9999 -9999 -9999 -9999 -9999 -9999 -9999 -9999 -9999 -9999 -9999 -9999 0.140334859490395 0.137000605463982 0.136398494243622 0.139872863888741 0.139705613255501 0.139267906546593 0.137179374694824 0.13309334218502 0.120647475123405 0.116628214716911 0.130398154258728 0.13820469379425 0.138722702860832 0.139656856656075 0.140894144773483 0.137446627020836 0.132058992981911 0.133307054638863 0.135859549045563 0.117333486676216 0.099172867834568 0.0922078117728233 0.0870988667011261 0.0885160639882088 0.0867781192064285 0.0791807398200035 0.0704258382320404 0.0604097805917263 0.0699533298611641
0.138860389590263 0.138769328594208 0.138692229986191 -9999 -9999 -9999 -9999 -9999 -9999 -9999 -9999 -9999 0.135174691677094 0.141712337732315 -9999 -9999 -9999 0.138244390487671 0.131466805934906 0.132702767848969 0.14004011452198 0.139880806207657 0.136919677257538 0.13188199698925 0.118153803050518 0.112256035208702 0.122888922691345 0.131274193525314 0.136912405490875 0.138923808932304 0.138293504714966 0.133546352386475 0.127094283699989 0.12112283706665 0.115245871245861 0.107034027576447 0.0991563275456429 0.0953875631093979 0.0920267477631569 0.0901003256440163 0.0873338207602501 0.0830071792006493 0.0765072330832481 0.0676393955945969 0.0685563236474991
0.138923540711403 0.138802036643028 0.138582408428192 0.138566195964813 -9999 -9999 -9999 -9999 -9999 -9999 -9999 -9999 0.131610885262489 0.134973630309105 0.141712337732315 -9999 -9999 0.141111731529236 0.132151901721954 0.121136777102947 0.130479425191879 0.14023357629776 0.135621324181557 0.12916299700737 0.114978618919849 0.108105592429638 0.116667412221432 0.125590413808823 0.134954884648323 0.137585893273354 0.135312348604202 0.129564538598061 0.122377917170525 0.110994756221771 0.0987866520881653 0.099317230284214 0.100108243525028 0.0988349840044975 0.0967869162559509 0.0920145586133003 0.088240422308445 0.0863200947642326 0.0817498490214348 0.0742924362421036 0.0670587196946144
0.138897314667702 0.138802036643028 0.138582408428192 0.138533771038055 0.13728991150856 0.136284008622169 -9999 -9999 -9999 -9999 -9999 -9999 -9999 0.13141530752182 0.13567578792572 0.141712337732315 0.141469538211823 0.141111731529236 0.132151901721954 0.121136777102947 0.130145445466042 0.139191016554832 0.128751963376999 0.118357226252556 0.108147986233234 0.105144515633583 0.117352969944477 0.126593828201294 0.132207676768303 0.133003562688828 0.130290120840073 0.125145316123962 0.11899358779192 0.111895404756069 0.104611173272133 0.105453342199326 0.106254756450653 0.103718176484108 0.100647449493408 0.095698669552803 0.0910292267799377 0.0868785306811333 0.0824934095144272 0.0778528526425362 0.0650215595960617
0.138202786445618 0.138261079788208 0.138073369860649 0.137509658932686 0.136839017271996 0.136277228593826 -9999 -9999 -9999 -9999 0.134296342730522 0.132016509771347 0.130665868520737 0.130590930581093 0.132989123463631 0.137410759925842 0.13899801671505 0.139242678880692 0.131529346108437 0.121914580464363 0.129697784781456 0.137161895632744 0.122585766017437 0.110262043774128 0.107364900410175 0.109219320118427 0.121104672551155 0.128429844975471 0.130181521177292 0.129219830036163 0.126281768083572 0.122203946113586 0.117654114961624 0.113855488598347 0.11020452529192 0.110733538866043 0.111048899590969 0.107764929533005 0.104120619595051 0.0992093533277512 0.0940208584070206 0.0883175283670425 0.0838829502463341 0.0808307304978371 0.0661349594593048
0.135837525129318 0.136367678642273 0.136291712522507 0.136483684182167 0.136751845479012 0.136277228593826 0.135735765099525 0.135442674160004 0.135177209973335 0.13505232334137 0.134296342730522 0.132016509771347 0.130665868520737 0.130590930581093 0.130026265978813 0.12906089425087 0.130347549915314 0.13270092010498 0.129350364208221 0.124636933207512 0.128965884447098 0.13266633450985 0.1181775406003 0.108943477272987 0.121700972318649 0.130884200334549 0.132521867752075 0.132347375154495 0.129958063364029 0.127432659268379 0.124808132648468 0.122957304120064 0.12142688781023 0.118464209139347 0.115219973027706 0.113873898983002 0.112462013959885 0.109720550477505 0.106625363230705 0.102286465466022 0.0975195914506912 0.0919579342007637 0.0868874937295914 0.0823522508144379 0.0751249045133591
0.139696151018143 0.140423849225044 0.140367209911346 0.138216912746429 0.135471180081367 0.135215237736702 0.135190695524216 0.134532913565636 0.133905977010727 0.133435904979706 0.132116749882698 0.128747403621674 0.126429036259651 0.125553533434868 0.124750554561615 0.124006889760494 0.126877933740616 0.131461188197136 0.131718590855598 0.130942389369011 0.131750598549843 0.13194665312767 0.121648654341698 0.116512551903725 0.132979542016983 0.142793461680412 0.138562232255936 0.134105250239372 0.129372343420982 0.125974655151367 0.12354950606823 0.122591815888882 0.122241839766502 0.11983772367239 0.117029808461666 0.114750035107136 0.112491562962532 0.110250063240528 0.107703842222691 0.104086227715015 0.100011862814426 0.0950892344117165 0.0900769829750061 0.0849670842289925 0.0820658355951309
0.152354210615158 0.152891606092453 0.152723610401154 0.143851146101952 0.132503122091293 0.132651790976524 0.133874967694283 0.132336914539337 0.130837425589561 0.129534155130386 0.126855626702309 0.120856396853924 0.116202093660831 0.113394193351269 0.116204902529716 0.123612605035305 0.130733087658882 0.13771753013134 0.140515744686127 0.142313718795776 0.139507174491882 0.136565417051315 0.136259719729424 0.136647135019302 0.139935344457626 0.140910044312477 0.137000739574432 0.132809743285179 0.128274455666542 0.1249820291996 0.122594878077507 0.120644487440586 0.118874981999397 0.116637252271175 0.11430748552084 0.112424969673157 0.110564984381199 0.108763292431831 0.10676584392786 0.104080073535442 0.101081170141697 0.0975007563829422 0.0935279652476311 0.0891276672482491 0.0861098319292068
0.15728072822094 0.16008135676384 0.162431076169014 0.151552766561508 0.136912390589714 0.130653530359268 0.125364080071449 0.123084329068661 0.121890053153038 0.126217409968376 0.127460151910782 0.12125476449728 0.115840673446655 0.111512929201126 0.115843869745731 0.127259120345116 0.134900167584419 0.140753477811813 0.143198937177658 0.144830137491226 0.140956982970238 0.137135073542595 0.139562964439392 0.140954151749611 0.138006687164307 0.135090529918671 0.132240474224091 0.129157021641731 0.125788316130638 0.123063683509827 0.12080816924572 0.118387065827847 0.115897387266159 0.113439247012138 0.110987305641174 0.109110653400421 0.107286162674427 0.105763077735901 0.104192934930325 0.102457314729691 0.100533030927181 0.098258376121521 0.0955385193228722 0.0923336073756218 0.0898093581199646
0.155696362257004 0.162826374173164 0.169907823204994 0.160995364189148 0.147534236311913 0.129131227731705 0.110793977975845 0.107889249920845 0.107991993427277 0.123393312096596 0.133004263043404 0.12863378226757 0.123787201941013 0.118287026882172 0.122375257313251 0.134308457374573 0.139329925179482 0.141077443957329 0.140733435750008 0.139889687299728 0.137095734477043 0.134294897317886 0.133343666791916 0.131932482123375 0.128596261143684 0.125956356525421 0.124786466360092 0.123519256711006 0.122133113443851 0.120365768671036 0.118320763111115 0.115868508815765 0.113247610628605 0.110243313014507 0.107163660228252 0.104963272809982 0.102868586778641 0.101488351821899 0.100243233144283 0.0994731932878494 0.0986228063702583 0.097623199224472 0.0963360592722893 0.0947356298565865 0.0932188108563423
0.145352408289909 0.150983244180679 0.156619712710381 0.151979371905327 0.144416302442551 0.127333879470825 0.109853960573673 0.107948891818523 0.108354464173317 0.12051398307085 0.128518581390381 0.12649068236351 0.124804183840752 0.123586408793926 0.127471372485161 0.135531261563301 0.137666121125221 0.136994421482086 0.135396078228951 0.133576333522797 0.131179720163345 0.12878306210041 0.126962572336197 0.124910116195679 0.121886923909187 0.119636043906212 0.119015567004681 0.118655033409595 0.118612214922905 0.117737784981728 0.116257630288601 0.113815270364285 0.110974431037903 0.107425630092621 0.103737652301788 0.101233758032322 0.0988588556647301 0.097315788269043 0.0960253030061722 0.0956229045987129 0.0953129753470421 0.0951747447252274 0.0949447229504585 0.0946146920323372 0.0942120030522346
0.130721762776375 0.132001101970673 0.133169904351234 0.133930295705795 0.134574517607689 0.125401943922043 0.115584090352058 0.115473732352257 0.115695625543594 0.117607623338699 0.119124598801136 0.119687736034393 0.122430056333542 0.12816409766674 0.131865099072456 0.133902728557587 0.133020311594009 0.130754739046097 0.128653317689896 0.126591086387634 0.124258145689964 0.121963821351528 0.120502270758152 0.11886615306139 0.116499438881874 0.114692747592926 0.114068321883678 0.114169359207153 0.115157052874565 0.115144036710262 0.114402122795582 0.111989736557007 0.108885563910007 0.104793049395084 0.100506246089935 0.0977087244391441 0.0950487181544304 0.0931932181119919 0.0916761010885239 0.0913487449288368 0.0913182199001312 0.091838926076889 0.092482216656208 0.0932590812444687 0.0940227508544922
