Ecospace-environmental-drivers/Outputs/ASCII-for-ecospace/MOM6-ISIMIP3a/phyc-vint/1990-03_phyc-vint_MOM6-ISIMIP3a.asc
NCOLS 131 
NROWS 53 
XLLCORNER -98 
YLLCORNER 23.9265270233154 
CELLSIZE 0.133587792515755 
NODATA_value -9999 
[rows 20 to 39 of 53, columns 46 to 91 of 131]
0.15805085003376 0.156912237405777 0.1566321849823 0.156596317887306 0.152750864624977 0.148748695850372 0.151042833924294 0.152641624212265 0.150703385472298 0.148313894867897 0.144834846258163 0.144725441932678 0.149242088198662 0.150898173451424 0.150213852524757 0.151738375425339 0.154309213161469 0.160791337490082 0.168208003044128 0.168154641985893 0.166964143514633 0.156692072749138 0.152935102581978 0.176444441080093 0.190504312515259 0.184615597128868 0.174088284373283 0.157891646027565 0.149863004684448 0.147783800959587 0.14600558578968 0.144352003931999 0.137014836072922 0.128560394048691 0.12628236413002 0.125631213188171 0.138638123869896 0.152091279625893 0.167113468050957 0.175580561161041 0.171874135732651 0.167545974254608 0.162540420889854 0.155829444527626 0.148014962673187 0.146016210317612
0.15464885532856 0.153352111577988 0.15098625421524 0.148316353559494 0.150715678930283 0.15363410115242 0.156558483839035 0.158361881971359 0.15446300804615 0.150352284312248 0.1457299888134 0.143699750304222 0.145228073000908 0.143542259931564 0.139226734638214 0.143401831388474 0.151598736643791 0.169743672013283 0.190265521407127 0.189460143446922 0.185676157474518 0.159864217042923 0.143734991550446 0.168128967285156 0.183102518320084 0.178188800811768 0.169925376772881 0.157567903399467 0.148205652832985 0.141025051474571 0.132794693112373 0.124129585921764 0.12058998644352 0.118057943880558 0.117284961044788 0.117530979216099 0.127094984054565 0.13747613132 0.150730356574059 0.160913422703743 0.165393054485321 0.16598941385746 0.162354841828346 0.157867476344109 0.152828320860863 0.149594187736511
0.1517393887043 0.150358468294144 0.149688720703125 0.149221256375313 0.146689385175705 0.14417128264904 0.147730022668839 0.150431931018829 0.148775279521942 0.147277101874352 0.146161541342735 0.146439120173454 0.148629322648048 0.153686359524727 0.161088958382607 0.156584352254868 0.146439597010612 0.155221208930016 0.168524965643883 0.170259386301041 0.171030670404434 0.169351726770401 0.170546054840088 0.183765232563019 0.186952367424965 0.168961077928543 0.154272302985191 0.143619894981384 0.135830938816071 0.13012769818306 0.124703675508499 0.119395285844803 0.117551937699318 0.116389729082584 0.116763137280941 0.117749407887459 0.1241669729352 0.131656095385551 0.142912909388542 0.152750819921494 0.159953638911247 0.161228939890862 0.156045988202095 0.154650658369064 0.155706077814102 0.151570290327072
0.149270877242088 0.147951260209084 0.149181738495827 0.151137441396713 0.143496960401535 0.135307550430298 0.138817295432091 0.142020240426064 0.143662482500076 0.145320042967796 0.147014647722244 0.149205312132835 0.15207701921463 0.163674473762512 0.182411059737206 0.169748723506927 0.142213374376297 0.140835672616959 0.14570789039135 0.150276973843575 0.156005710363388 0.17891600728035 0.197594091296196 0.198559880256653 0.18937560915947 0.158763751387596 0.137888491153717 0.128913328051567 0.122968226671219 0.119230173528194 0.117184787988663 0.115840397775173 0.115457311272621 0.115263193845749 0.116656728088856 0.118289917707443 0.121689841151237 0.126400604844093 0.13572034239769 0.145052030682564 0.154405876994133 0.155935078859329 0.148939073085785 0.150627836585045 0.157936066389084 0.153199598193169
0.153453439474106 0.154502063989639 0.156199768185616 0.158082067966461 0.156591907143593 0.154542788863182 0.146722570061684 0.142986923456192 0.160028994083405 0.168304562568665 0.1554124802351 0.147634789347649 0.146878495812416 0.148874491453171 0.153122365474701 0.155297145247459 0.156489938497543 0.15850830078125 0.16072390973568 0.168814435601234 0.177062571048737 0.181730166077614 0.182840421795845 0.169062882661819 0.153975397348404 0.136122509837151 0.124032005667686 0.118984341621399 0.115657173097134 0.113583199679852 0.11260748654604 0.112086601555347 0.111937291920185 0.111861035227776 0.112646289169788 0.113585501909256 0.115717001259327 0.119296237826347 0.127965778112411 0.136750131845474 0.145747676491737 0.145906671881676 0.136435762047768 0.139975562691689 0.151933938264847 0.151139825582504
0.156746208667755 0.159695163369179 0.161702439188957 0.163441896438599 0.165316864848137 0.166649878025055 0.1529770642519 0.145958140492439 0.172786638140678 0.185442298650742 0.163876205682755 0.14989447593689 0.14632511138916 0.140678972005844 0.133333653211594 0.146184042096138 0.168600678443909 0.172157049179077 0.171207085251808 0.180302441120148 0.188751339912415 0.177746683359146 0.164285659790039 0.140544533729553 0.122358605265617 0.115900181233883 0.111782141029835 0.110524527728558 0.109506249427795 0.108662314713001 0.10853436589241 0.108702935278416 0.10881557315588 0.108917221426964 0.109056890010834 0.109261721372604 0.110089257359505 0.11247307062149 0.120328843593597 0.128466293215752 0.137126848101616 0.136474907398224 0.125676691532135 0.129537597298622 0.142883658409119 0.144666522741318
0.156137406826019 0.158935129642487 0.160560697317123 0.16185288131237 0.154880627989769 0.147502094507217 0.151993468403816 0.157718673348427 0.169720306992531 0.176943525671959 0.172628775238991 0.168948546051979 0.166139453649521 0.161442071199417 0.155199736356735 0.16047865152359 0.171214923262596 0.168162316083908 0.16181506216526 0.160880550742149 0.159363597631454 0.143957421183586 0.129064127802849 0.116317242383957 0.107331104576588 0.106284193694592 0.106576822698116 0.108506642282009 0.108442172408104 0.106925085186958 0.106671921908855 0.106942191720009 0.107440263032913 0.107983119785786 0.10731366276741 0.106606930494308 0.105974644422531 0.106882885098457 0.113207660615444 0.120261639356613 0.128669828176498 0.129659235477448 0.122565604746342 0.120039254426956 0.120468147099018 0.118841223418713
0.151242673397064 0.154508024454117 0.155652344226837 0.156193450093269 0.144767865538597 0.133075416088104 0.147248283028603 0.159164816141129 0.159603625535965 0.163118526339531 0.174061015248299 0.179149955511093 0.17620275914669 0.172006204724312 0.166787460446358 0.166343361139297 0.168160885572433 0.159142956137657 0.147536054253578 0.139614045619965 0.131428062915802 0.115715466439724 0.102233089506626 0.098084382712841 0.0963951721787453 0.0998981446027756 0.103393271565437 0.106878809630871 0.107121452689171 0.105002030730247 0.104716211557388 0.105189755558968 0.106295689940453 0.107525937259197 0.106765903532505 0.105847679078579 0.104104034602642 0.103755228221416 0.108310759067535 0.113927736878395 0.121515952050686 0.123829707503319 0.120396748185158 0.114470519125462 0.106931023299694 0.102268658578396
0.136996701359749 0.142079859972 0.142525807023048 0.141652926802635 0.135360822081566 0.128949508070946 0.134295910596848 0.138106420636177 0.134104073047638 0.137672498822212 0.159521356225014 0.170036137104034 0.164990723133087 0.160317674279213 0.155949294567108 0.15381520986557 0.152739465236664 0.139160603284836 0.122594341635704 0.114322915673256 0.106661029160023 0.0995769202709198 0.0937089249491692 0.0929305031895638 0.0943864583969116 0.100559376180172 0.104620940983295 0.106102004647255 0.105240806937218 0.102673545479774 0.102557025849819 0.103455454111099 0.105654537677765 0.108109302818775 0.108826495707035 0.109224200248718 0.107129484415054 0.10600046813488 0.108266912400723 0.111675545573235 0.11720534414053 0.120151832699776 0.120283700525761 0.117475621402264 0.112765245139599 0.105884209275246
0.132316783070564 0.142303749918938 0.142647072672844 0.140247747302055 0.13641095161438 0.13251043856144 0.130862325429916 0.12800832092762 0.119020119309425 0.120674289762974 0.148025587201118 0.161164566874504 0.154791921377182 0.149056926369667 0.14384363591671 0.139107510447502 0.134597390890121 0.120566748082638 0.104261338710785 0.0975111052393913 0.0916859060525894 0.0897702500224113 0.0885777994990349 0.090412050485611 0.0938367322087288 0.100618936121464 0.104337766766548 0.104312509298325 0.102875262498856 0.100409530103207 0.100957281887531 0.102753020823002 0.105576545000076 0.108602099120617 0.109987549483776 0.111023098230362 0.109233923256397 0.108032569289207 0.108898021280766 0.110617272555828 0.113922134041786 0.116731762886047 0.11900182813406 0.118866175413132 0.117173910140991 0.109678447246552
0.139671757817268 0.158444970846176 0.159435167908669 0.155367881059647 0.150617048144341 0.145742043852806 0.139404147863388 0.13169914484024 0.11703984439373 0.114304155111313 0.14035926759243 0.152597740292549 0.145867854356766 0.138334348797798 0.130143359303474 0.121657721698284 0.113032512366772 0.103719718754292 0.0942426323890686 0.0913669839501381 0.0890298336744308 0.0879295989871025 0.0877153798937798 0.0912091806530952 0.0951225310564041 0.0999215692281723 0.102153837680817 0.101248979568481 0.0998996645212173 0.0982266291975975 0.100061349570751 0.103348761796951 0.10620704293251 0.10898096114397 0.110016904771328 0.110837198793888 0.110179655253887 0.109796531498432 0.110378280282021 0.111061058938503 0.111931465566158 0.113636046648026 0.116249486804008 0.118225514888763 0.119789108633995 0.113697484135628
0.134924486279488 0.150648102164268 0.152764424681664 0.151010811328888 0.148365810513496 0.145456686615944 0.137880772352219 0.129250928759575 0.11525996774435 0.111606352031231 0.132913321256638 0.14248976111412 0.135961785912514 0.127662658691406 0.117914408445358 0.109234504401684 0.101060636341572 0.095276802778244 0.0900640264153481 0.0882778614759445 0.0868339538574219 0.0869452804327011 0.087975449860096 0.0928510203957558 0.0971480831503868 0.10022383928299 0.101365104317665 0.100142031908035 0.0988537445664406 0.0975179597735405 0.0990376770496368 0.101739950478077 0.103923045098782 0.106004074215889 0.106447584927082 0.106805972754955 0.106925219297409 0.107161961495876 0.107811808586121 0.108500353991985 0.109260767698288 0.111422277987003 0.115110337734222 0.11793015897274 0.120188191533089 0.115729860961437
0.121100403368473 0.124897427856922 0.128499284386635 0.132045641541481 0.133771404623985 0.135033488273621 0.12880839407444 0.122198380529881 0.113630399107933 0.111662827432156 0.125632658600807 0.131225898861885 0.125319212675095 0.11702910810709 0.106788970530033 0.100581258535385 0.0962836146354675 0.0931370630860329 0.0902655497193336 0.0874800086021423 0.0849832221865654 0.0866032093763351 0.089077390730381 0.0951264053583145 0.0997284501791 0.101275846362114 0.10162279009819 0.100502550601959 0.0992550924420357 0.0979149863123894 0.0979181975126266 0.0984777137637138 0.0994531437754631 0.100510336458683 0.100179225206375 0.099890723824501 0.100520625710487 0.101228453218937 0.102210260927677 0.103686265647411 0.106080032885075 0.109869979321957 0.115181088447571 0.117893785238266 0.118925176560879 0.11627222597599
0.119669124484062 0.119388587772846 0.121852599084377 0.125097155570984 0.128247156739235 0.131183803081512 0.128622159361839 0.125356510281563 0.118509650230408 0.11522313952446 0.120533458888531 0.121499635279179 0.116501867771149 0.109917476773262 0.102034948766232 0.0972005352377892 0.093809962272644 0.0912874490022659 0.0889723598957062 0.0867547914385796 0.0849979370832443 0.089848980307579 0.0947681069374084 0.0999721363186836 0.103767745196819 0.104590073227882 0.104744844138622 0.104083746671677 0.103170275688171 0.102072983980179 0.100287988781929 0.0982181876897812 0.0980464443564415 0.0982478111982346 0.0973767265677452 0.0966290086507797 0.0974744781851768 0.0983901843428612 0.0995528623461723 0.101738318800926 0.105823203921318 0.110321260988712 0.115269467234612 0.117714434862137 0.118539676070213 0.118056729435921
0.123549126088619 0.122554942965508 0.122756786644459 0.123298779129982 0.126610159873962 0.130151376128197 0.13224433362484 0.132890716195107 0.126178443431854 0.120285116136074 0.116369195282459 0.112432353198528 0.108466796576977 0.104315266013145 0.100011564791203 0.0960795059800148 0.09232347458601 0.0895621776580811 0.087038554251194 0.0860607102513313 0.0858121365308762 0.0946324169635773 0.102425470948219 0.10591946542263 0.108432307839394 0.108873836696148 0.109094507992268 0.109045252203941 0.10859140008688 0.107842855155468 0.104153208434582 0.0992455556988716 0.0979525595903397 0.0973701179027557 0.0960596054792404 0.0949331223964691 0.0958676859736443 0.0968784764409065 0.0981572568416595 0.101018749177456 0.106819495558739 0.111631229519844 0.115365400910378 0.117473803460598 0.118530265986919 0.120373584330082
0.13603563606739 0.136617124080658 0.134423494338989 0.131440609693527 0.132087618112564 0.133189186453819 0.136531487107277 0.138218984007835 0.131488651037216 0.124705173075199 0.117793373763561 0.112189210951328 0.108380258083344 0.104956679046154 0.101848408579826 0.0983122587203979 0.0945734232664108 0.0931487679481506 0.0922770425677299 0.0938595980405807 0.0960673317313194 0.104920424520969 0.111752882599831 0.110128805041313 0.109342321753502 0.110324054956436 0.109696857631207 0.107103206217289 0.105876453220844 0.105645336210728 0.103006608784199 0.0993708074092865 0.0975947603583336 0.0961842983961105 0.0950259417295456 0.0939938575029373 0.0941041335463524 0.0943583473563194 0.0951186344027519 0.096942663192749 0.100742161273956 0.104497596621513 0.108205027878284 0.112423151731491 0.116971716284752 0.120841555297375
0.150302842259407 0.152933657169342 0.148316964507103 0.141639068722725 0.139037057757378 0.137069121003151 0.140956223011017 0.143090859055519 0.136310860514641 0.128992408514023 0.1203738078475 0.113771788775921 0.109938271343708 0.10688991099596 0.104483939707279 0.101238913834095 0.0975964441895485 0.0978343859314919 0.098999485373497 0.103415697813034 0.108275882899761 0.116347335278988 0.121425837278366 0.113978549838066 0.109475515782833 0.111188016831875 0.109523884952068 0.1037328094244 0.101478144526482 0.101799353957176 0.100823052227497 0.0993094220757484 0.0971823707222939 0.0949347317218781 0.0940509214997292 0.0932111516594887 0.0923081487417221 0.0916295647621155 0.0917400717735291 0.0921721160411835 0.0932012796401978 0.0956169664859772 0.0995433107018471 0.10637728869915 0.115092650055885 0.12092699110508
0.145534306764603 0.145621955394745 0.148872599005699 0.153022810816765 0.151624456048012 0.149863138794899 0.153635740280151 0.155484929680824 0.1475500613451 0.138453245162964 0.126550823450089 0.117899499833584 0.113711521029472 0.111049145460129 0.10963498800993 0.10765777528286 0.105413869023323 0.107656441628933 0.110970996320248 0.112036868929863 0.113151930272579 0.117231406271458 0.119284577667713 0.112857490777969 0.108267709612846 0.107556603848934 0.104542322456837 0.0987130925059319 0.0965556725859642 0.0970727577805519 0.0968644544482231 0.0963557437062263 0.094533771276474 0.0924536362290382 0.0920819193124771 0.0917237475514412 0.0908799096941948 0.0902020558714867 0.090107798576355 0.0900624692440033 0.0901079773902893 0.0916921645402908 0.094952791929245 0.100859366357327 0.108477994799614 0.116755671799183
0.139698699116707 0.13778692483902 0.148596078157425 0.163023069500923 0.162920266389847 0.161514922976494 0.165096893906593 0.166612431406975 0.157616376876831 0.146867468953133 0.131886065006256 0.121280185878277 0.116681307554245 0.1146210283041 0.114637762308121 0.114002287387848 0.113057881593704 0.116907142102718 0.121901772916317 0.11960107833147 0.11698904633522 0.11714006960392 0.116269014775753 0.111120454967022 0.106657467782497 0.10364180803299 0.0994315892457962 0.0937613993883133 0.0918246060609818 0.0926071777939796 0.0931002274155617 0.0934733673930168 0.0918971449136734 0.089937724173069 0.0901166871190071 0.0902865082025528 0.0895934775471687 0.088987722992897 0.0886888355016708 0.0882066115736961 0.0873839110136032 0.0881560072302818 0.0906656831502914 0.0955343693494797 0.10192945599556 0.112254582345486
0.131573379039764 0.13565619289875 0.145813971757889 0.157699450850487 0.157745450735092 0.156724587082863 0.159618765115738 0.160636141896248 0.152106493711472 0.141646206378937 0.126524195075035 0.115476548671722 0.110022455453873 0.11086431145668 0.116857342422009 0.117885567247868 0.116562068462372 0.117609634995461 0.119223721325397 0.116337202489376 0.113246247172356 0.111680008471012 0.10957045853138 0.105187088251114 0.101395055651665 0.0988514199852943 0.0952399000525475 0.0903232023119926 0.0893856436014175 0.0913464352488518 0.0922572165727615 0.0927331522107124 0.0904564410448074 0.0876386165618896 0.0886665061116219 0.0897209942340851 0.0896440520882607 0.0894258692860603 0.0887110456824303 0.0877869203686714 0.0864741057157516 0.0863983556628227 0.0876704230904579 0.0920152589678764 0.0983483269810677 0.106269225478172
