Ecospace-environmental-drivers/Outputs/ASCII-for-ecospace/MOM6-ISIMIP3a/phyc-vint/1991-01_phyc-vint_MOM6-ISIMIP3a.asc
NCOLS 131 
NROWS 53 
XLLCORNER -98 
YLLCORNER 23.9265270233154 
CELLSIZE 0.133587792515755 
NODATA_value -9999 
[rows 20 to 39 of 53, columns 0 to 44 of 131]
-9999 -9999 -9999 -9999 -9999 -9999 -9999 -9999 0.0735396444797516 0.078594833612442 0.0832771584391594 0.0825316607952118 0.0837764218449593 0.0852635875344276 0.0862390473484993 0.0866240710020065 0.0965998396277428 0.113162003457546 0.111493162810802 0.102784655988216 0.109426133334637 0.1187764108181 0.125968262553215 0.132216542959213 0.130995690822601 0.129356890916824 0.126362919807434 0.12334667891264 0.120291583240032 0.123905308544636 0.134381115436554 0.137215301394463 0.135394290089607 0.133756920695305 0.132180780172348 0.131019815802574 0.129924759268761 0.13001212477684 0.129996344447136 0.129323601722717 0.128435134887695 0.126946091651917 0.12754525244236 0.131371572613716 0.133162528276443
-9999 -9999 -9999 -9999 -9999 -9999 0.0707290023565292 0.0709611624479294 0.0719745233654976 0.0735396444797516 0.0789676979184151 0.0832771584391594 0.0805413946509361 0.0723923295736313 0.0741966664791107 0.0874856635928154 0.102802850306034 0.119512870907784 0.11759902536869 0.108493804931641 0.103395335376263 0.0990039259195328 0.118743345141411 0.136804401874542 0.136476159095764 0.135454624891281 0.132185101509094 0.129067271947861 0.126214101910591 0.123404689133167 0.12064029276371 0.117944143712521 0.115289553999901 0.113367035984993 0.111688539385796 0.110586449503899 0.109591819345951 0.112459219992161 0.115225031971931 0.117343924939632 0.118606671690941 0.117486089468002 0.121005475521088 0.131695657968521 0.137093022465706
-9999 -9999 -9999 -9999 -9999 -9999 0.0707137435674667 0.0707290023565292 0.0711933150887489 0.07243612408638 0.0735396444797516 0.0800862833857536 0.0842836797237396 0.0838326141238213 0.0866477936506271 0.093231700360775 0.103878527879715 0.117315545678139 0.113560207188129 0.10316625982523 0.0995065569877625 0.0970352441072464 0.112517334520817 0.126664415001869 0.126410692930222 0.125632211565971 0.123152270913124 0.121152810752392 0.119991824030876 0.119171559810638 0.118701882660389 0.11623776704073 0.112558647990227 0.110132694244385 0.10812446475029 0.110785655677319 0.11411190778017 0.120176389813423 0.126147598028183 0.131524816155434 0.135211929678917 0.134194225072861 0.135510846972466 0.140434995293617 0.142403841018677
-9999 -9999 -9999 -9999 0.0740765929222107 0.0718802809715271 0.0706560388207436 0.070756196975708 0.0707290023565292 0.0716576278209686 0.0738182216882706 0.0806942582130432 0.0879729017615318 0.0960481911897659 0.100086085498333 0.0994654595851898 0.105008244514465 0.114783726632595 0.109287329018116 0.0978939011693001 0.0971367582678795 0.0982565954327583 0.108248457312584 0.117309123277664 0.116990983486176 0.116318240761757 0.114495761692524 0.113505154848099 0.11396624147892 0.115538530051708 0.118254221975803 0.11654132604599 0.11213056743145 0.10934079438448 0.107091344892979 0.113269284367561 0.120621681213379 0.12932525575161 0.137992858886719 0.146431371569633 0.152356952428818 0.151287138462067 0.150067239999771 0.148615434765816 0.146880939602852
-9999 -9999 -9999 -9999 0.0790146961808205 0.0747553557157516 0.0731045305728912 0.0706560388207436 0.0708835572004318 0.0737791955471039 0.0764158740639687 0.0780613347887993 0.081929586827755 0.0901960954070091 0.0987219139933586 0.1075469404459 0.113538168370724 0.117583312094212 0.114029727876186 0.107541993260384 0.117112599313259 0.129517018795013 0.135006546974182 0.139597401022911 0.137960955500603 0.135603040456772 0.130905821919441 0.12756809592247 0.126602828502655 0.126545920968056 0.127423718571663 0.127714529633522 0.127647742629051 0.127074912190437 0.126333400607109 0.127257704734802 0.128415450453758 0.130021095275879 0.132447957992554 0.140104621648788 0.144854292273521 0.141511604189873 0.138751298189163 0.136891007423401 0.135848462581635
-9999 -9999 -9999 -9999 -9999 0.0790146961808205 0.0762461647391319 0.0755530148744583 0.0726258978247643 0.0781044363975525 0.081811860203743 0.0787402167916298 0.0800332725048065 0.0899628475308418 0.101764902472496 0.115727514028549 0.120921216905117 0.120092920958996 0.118411488831043 0.116400629281998 0.133091524243355 0.153082713484764 0.155412152409554 0.156904146075249 0.154640287160873 0.15116348862648 0.143753841519356 0.138141423463821 0.13566529750824 0.134193137288094 0.133754029870033 0.135644569993019 0.138954281806946 0.140059888362885 0.140430808067322 0.137548312544823 0.134213358163834 0.130488112568855 0.128094881772995 0.134184390306473 0.137406647205353 0.132647171616554 0.128801584243774 0.126368343830109 0.12604321539402
-9999 -9999 -9999 -9999 -9999 0.0791052952408791 0.0790146961808205 0.079760916531086 0.0813302770256996 0.0920921564102173 0.0994777604937553 0.093940407037735 0.0963204130530357 0.114366628229618 0.124132007360458 0.124342583119869 0.12327553331852 0.121331073343754 0.121211990714073 0.121797762811184 0.131545126438141 0.142909228801727 0.147963836789131 0.152368307113647 0.152506351470947 0.150393694639206 0.140983328223228 0.133413687348366 0.129056245088577 0.127106845378876 0.127635300159454 0.129354208707809 0.131798341870308 0.132221207022667 0.131970316171646 0.131625115871429 0.131260082125664 0.129951819777489 0.128967553377151 0.130046725273132 0.130200371146202 0.127777621150017 0.12484235316515 0.121115006506443 0.121618986129761
-9999 -9999 0.0797558724880219 0.0795746743679047 0.0792560279369354 0.0791960060596466 0.0791051909327507 0.0846759378910065 0.0909139588475227 0.101482696831226 0.108710765838623 0.103152193129063 0.106624737381935 0.127967327833176 0.135400831699371 0.126785442233086 0.121748834848404 0.119169950485229 0.119788356125355 0.121641352772713 0.126561313867569 0.132022485136986 0.139762207865715 0.147147327661514 0.151161715388298 0.151597529649734 0.140430212020874 0.130951181054115 0.124418348073959 0.12158028781414 0.122544072568417 0.124095566570759 0.126005083322525 0.126128509640694 0.125656589865685 0.127050295472145 0.128689989447594 0.128681644797325 0.128370448946953 0.126130610704422 0.124502316117287 0.12457636743784 0.123073525726795 0.119133681058884 0.119606532156467
-9999.000000000000000 -9999 -9999 -9999 0.0802719816565514 0.0793160423636436 0.0793713703751564 0.091133788228035 0.102416142821312 0.100842840969563 0.0995444133877754 0.0992981344461441 0.103875428438187 0.117997244000435 0.122454822063446 0.115761391818523 0.111754320561886 0.109592102468014 0.109148263931274 0.109367944300175 0.114077553153038 0.119579493999481 0.129916951060295 0.140431478619576 0.151539206504822 0.157107576727867 0.144715130329132 0.133431062102318 0.12408123165369 0.119456805288792 0.119694732129574 0.121087945997715 0.123184956610203 0.123845309019089 0.124026790261269 0.125417456030846 0.126955926418304 0.125810265541077 0.124566502869129 0.122697964310646 0.122095003724098 0.125015124678612 0.126083850860596 0.124291382730007 0.122856244444847
-9999 -9999 -9999 -9999 0.081872820854187 0.0823038965463638 0.0812871158123016 0.0956745073199272 0.109045885503292 0.100994467735291 0.0956205055117607 0.100494690239429 0.105588115751743 0.111115343868732 0.112017020583153 0.107581533491611 0.104931198060513 0.103506810963154 0.102586090564728 0.101859852671623 0.105679653584957 0.110301688313484 0.122105970978737 0.134553372859955 0.15104952454567 0.160820052027702 0.148783385753632 0.136723905801773 0.124624654650688 0.118108488619328 0.117337219417095 0.118557371199131 0.120990693569183 0.121957875788212 0.122436359524727 0.124331302940845 0.12639907002449 0.125278070569038 0.124005012214184 0.12176363915205 0.12094184756279 0.124071829020977 0.126209482550621 0.126813560724258 0.124632894992828
-9999 -9999 -9999 -9999 0.0831512063741684 0.0839985236525536 0.085044763982296 0.0978033319115639 0.109545700252056 0.102141857147217 0.0982920005917549 0.108045347034931 0.112914353609085 0.108118630945683 0.104734741151333 0.102979891002178 0.102097928524017 0.101815432310104 0.101154275238514 0.100346900522709 0.102422080934048 0.105005949735641 0.116854272782803 0.129729226231575 0.149468883872032 0.162271037697792 0.152579054236412 0.14103952050209 0.12627586722374 0.117735408246517 0.11559846997261 0.116626970469952 0.119583815336227 0.120568342506886 0.120895430445671 0.123932905495167 0.12732321023941 0.127688735723495 0.127522811293602 0.123972423374653 0.121366515755653 0.121389798820019 0.122705914080143 0.126020014286041 0.124556310474873
-9999 -9999 -9999 -9999 0.0839985236525536 0.0852650031447411 0.0867517217993736 0.0948779881000519 0.102287247776985 0.0962724238634109 0.094475194811821 0.108821108937263 0.11547014862299 0.106889247894287 0.101994432508945 0.101352766156197 0.101226188242435 0.101453334093094 0.10217959433794 0.103098586201668 0.1048853546381 0.10682525485754 0.11620120704174 0.127015650272369 0.14846059679985 0.163116753101349 0.155760899186134 0.145164355635643 0.128912523388863 0.119140230119228 0.116035267710686 0.115870952606201 0.11749804764986 0.11768551915884 0.117393121123314 0.120490841567516 0.124049201607704 0.126509204506874 0.128279879689217 0.125660702586174 0.122957162559032 0.120018817484379 0.119612514972687 0.123119339346886 0.122538603842258
-9999 -9999 -9999 -9999 0.0853384137153625 0.0867517217993736 0.0865648239850998 0.0881619602441788 0.0892100185155869 0.0851403176784515 0.0857920795679092 0.104515634477139 0.114448077976704 0.10698539018631 0.102660641074181 0.101956576108932 0.101825602352619 0.102088205516338 0.105047792196274 0.109048791229725 0.111639313399792 0.113980926573277 0.118997156620026 0.125885024666786 0.147881597280502 0.163508504629135 0.158482372760773 0.149146109819412 0.132288247346878 0.121878512203693 0.118103750050068 0.115995742380619 0.114903092384338 0.113682709634304 0.112419746816158 0.114765986800194 0.117626525461674 0.122636988759041 0.126966387033463 0.126958578824997 0.125422313809395 0.119631133973598 0.116826757788658 0.118638306856155 0.119065038859844
-9999 -9999 -9999 -9999 0.0867517217993736 0.0807293653488159 0.0784802660346031 0.0764676332473755 0.0780586153268814 0.0818484127521515 0.0874434635043144 0.0999482870101929 0.107378646731377 0.104768052697182 0.103303693234921 0.10316190123558 0.102484866976738 0.101440258324146 0.10636830329895 0.113602623343468 0.117569610476494 0.120960012078285 0.122849054634571 0.126807168126106 0.148281246423721 0.16402879357338 0.16120857000351 0.153212890028954 0.136185571551323 0.125802800059319 0.122257143259048 0.118853583931923 0.115536600351334 0.112746983766556 0.110133156180382 0.111345306038857 0.113107308745384 0.117797322571278 0.122298814356327 0.125599771738052 0.12690794467926 0.122668720781803 0.119615793228149 0.118396237492561 0.116931445896626
-9999 -9999 -9999 -9999 -9999 0.0725080370903015 0.0711206495761871 0.0708112046122551 0.0677325800061226 0.0819166451692581 0.0935239866375923 0.0952687114477158 0.0977174416184425 0.101559206843376 0.103936821222305 0.104625031352043 0.103169776499271 0.100242525339127 0.107025519013405 0.117557995021343 0.123146899044514 0.12786340713501 0.127153500914574 0.128609091043472 0.149100348353386 0.164604172110558 0.163936793804169 0.157316118478775 0.140306442975998 0.130235403776169 0.127304077148438 0.122882761061192 0.117553755640984 0.113125748932362 0.108998067677021 0.108912140130997 0.109403870999813 0.112543016672134 0.116193741559982 0.123102344572544 0.127973794937134 0.1271743029356 0.124794065952301 0.119970887899399 0.115372136235237
-9999 -9999 -9999 -9999 -9999 0.0682776868343353 0.0679231807589531 0.0660831183195114 0.0673151537775993 0.0840432569384575 0.0965983644127846 0.0931809917092323 0.0933460518717766 0.100599735975266 0.104831449687481 0.105576284229755 0.103181272745132 0.0986299887299538 0.105310820043087 0.116328790783882 0.123441897332668 0.129865914583206 0.129616588354111 0.131271779537201 0.15001554787159 0.164858564734459 0.167053788900375 0.16242641210556 0.145893007516861 0.135445296764374 0.131259649991989 0.125533372163773 0.118868552148342 0.113260246813297 0.108004108071327 0.107457615435123 0.107573129236698 0.109229236841202 0.111667342483997 0.11908546090126 0.124988242983818 0.126672729849815 0.125470817089081 0.119808152318001 0.113768026232719
-9999 -9999 -9999 -9999 -9999 0.0657524466514587 0.0657892227172852 0.0668752267956734 0.0689478293061256 0.0865957513451576 0.099050760269165 0.0916295349597931 0.0900691375136375 0.100105658173561 0.105780176818371 0.106421627104282 0.10305343568325 0.096931628882885 0.103105373680592 0.114026881754398 0.122643984854221 0.130854427814484 0.131698682904243 0.134112566709518 0.150950640439987 0.165046542882919 0.170251235365868 0.167745068669319 0.151782810688019 0.140816003084183 0.13498942553997 0.127898767590523 0.120038025081158 0.113344199955463 0.107039339840412 0.106205575168133 0.106129854917526 0.106316953897476 0.107467576861382 0.114754199981689 0.121164463460445 0.125135183334351 0.125216215848923 0.119285948574543 0.112154647707939
-9999 -9999 -9999 -9999 -9999 -9999 0.0635449290275574 0.0644093155860901 0.0660065114498138 0.0867908447980881 0.101841546595097 0.0949463620781898 0.093714565038681 0.10368899255991 0.108905106782913 0.108630858361721 0.103672496974468 0.095497339963913 0.100513115525246 0.110622391104698 0.119525171816349 0.128215044736862 0.13177590072155 0.136431038379669 0.151140883564949 0.164193883538246 0.171874731779099 0.171274617314339 0.156223431229591 0.144207045435905 0.135313376784325 0.12650191783905 0.117740534245968 0.110842801630497 0.104566283524036 0.103805258870125 0.103815495967865 0.105072900652885 0.107034295797348 0.113478936254978 0.11871188133955 0.12057176977396 0.119533576071262 0.114016555249691 0.107660092413425
-9999 -9999 -9999 -9999 -9999 -9999 0.0603942014276981 0.0593502521514893 0.0627867355942726 0.0863017067313194 0.103718593716621 0.0977946221828461 0.0971983522176743 0.107144109904766 0.111926414072514 0.110750891268253 0.104378268122673 0.0944365784525871 0.0981296077370644 0.107087522745132 0.116129010915756 0.125185251235962 0.13142092525959 0.138286739587784 0.150918379426003 0.162918895483017 0.172873064875603 0.174064993858337 0.159966036677361 0.147009268403053 0.135227799415588 0.124783739447594 0.115154422819614 0.108135372400284 0.101986408233643 0.101332746446133 0.101454898715019 0.103843361139297 0.106671631336212 0.112300775945187 0.116334140300751 0.115925259888172 0.113678365945816 0.108590930700302 0.103059276938438
-9999 -9999 -9999 -9999 -9999 -9999 0.059574119746685 0.0574230328202248 0.0587815307080746 0.0796399265527725 0.095687136054039 0.0933191552758217 0.0956513360142708 0.107283800840378 0.112802848219872 0.11126796901226 0.10565222799778 0.0972339808940887 0.09815763682127 0.102688543498516 0.110882982611656 0.119723916053772 0.127413287758827 0.135455593466759 0.146649017930031 0.157636165618896 0.16795440018177 0.169825330376625 0.156954944133759 0.144476279616356 0.132400661706924 0.121435046195984 0.111145623028278 0.104465074837208 0.0989874824881554 0.0986386016011238 0.0990170910954475 0.101971782743931 0.105263158679008 0.110698692500591 0.114099815487862 0.111837647855282 0.108575038611889 0.103766307234764 0.0987012088298798
