Ecospace-environmental-drivers/Outputs/ASCII-for-ecospace/MOM6-ISIMIP3a/phyc-vint/1991-09_phyc-vint_MOM6-ISIMIP3a.asc
NCOLS 131 
NROWS 53 
XLLCORNER -98 
YLLCORNER 23.9265270233154 
CELLSIZE 0.133587792515755 
NODATA_value -9999 
[rows 20 to 39 of 53, columns 0 to 44 of 131]
-9999 -9999 -9999 -9999 -9999 -9999 -9999 -9999 0.0792554914951324 0.0831428393721581 0.0857307314872742 0.0855535119771957 0.0864709615707397 0.088675893843174 0.0911747291684151 0.0940126851201057 0.102252878248692 0.11420302093029 0.113563679158688 0.108063079416752 0.109334088861942 0.111800089478493 0.11255656182766 0.113027475774288 0.111430704593658 0.109832473099232 0.108229525387287 0.106932893395424 0.106170810759068 0.107694707810879 0.111570820212364 0.112886160612106 0.112641498446465 0.112665809690952 0.112779766321182 0.112098328769207 0.111303508281708 0.110030084848404 0.108761839568615 0.107526637613773 0.106600731611252 0.106535859405994 0.107205525040627 0.109010376036167 0.109995365142822
-9999 -9999 -9999 -9999 -9999 -9999 0.0754755213856697 0.0758440494537354 0.0772722139954567 0.0792554914951324 0.0844423025846481 0.0857307314872742 0.0844588354229927 0.0806702002882957 0.0842925235629082 0.0964659228920937 0.106467321515083 0.114977113902569 0.114370532333851 0.110243782401085 0.107327938079834 0.104625791311264 0.109795033931732 0.114450603723526 0.113389357924461 0.112192578613758 0.110556349158287 0.109235942363739 0.108466662466526 0.1078707203269 0.107453145086765 0.106902219355106 0.106270059943199 0.106070168316364 0.106014363467693 0.105464480817318 0.104846924543381 0.10431445389986 0.103770598769188 0.103154249489307 0.10270681232214 0.102729566395283 0.104060664772987 0.107413731515408 0.108932994306087
-9999 -9999 -9999 -9999 -9999 -9999 0.0754848569631577 0.0754755213856697 0.0762125700712204 0.0781452730298042 0.0792554914951324 0.0883406922221184 0.0946520566940308 0.0954747647047043 0.0976993590593338 0.101541496813297 0.10672514885664 0.112830065190792 0.112095504999161 0.108719974756241 0.106454528868198 0.104384981095791 0.108378298580647 0.111989684402943 0.111312016844749 0.110544167459011 0.109483905136585 0.108630798757076 0.10813919454813 0.107603967189789 0.107023864984512 0.106614336371422 0.106308713555336 0.106325007975101 0.106448605656624 0.106106415390968 0.105696395039558 0.104807041585445 0.10394760966301 0.10327872633934 0.102829530835152 0.102991878986359 0.103937603533268 0.106093987822533 0.107202455401421
-9999 -9999 -9999 -9999 0.0800473690032959 0.0770880281925201 0.0753597021102905 0.0756193399429321 0.0754755213856697 0.0769496187567711 0.0809004604816437 0.0943312793970108 0.105182945728302 0.110931202769279 0.111600071191788 0.106408126652241 0.106486052274704 0.110183022916317 0.10928250849247 0.106606721878052 0.105342477560043 0.104327328503132 0.106755033135414 0.10896322876215 0.108714081346989 0.108435988426208 0.10806405544281 0.107771456241608 0.107617288827896 0.107331797480583 0.106911174952984 0.106776773929596 0.106816731393337 0.107044190168381 0.107334159314632 0.107122756540775 0.106834635138512 0.10551468282938 0.10427064448595 0.10351000726223 0.103028081357479 0.103322006762028 0.103819459676743 0.104631446301937 0.105260320007801
-9999 -9999 -9999 -9999 0.0866671726107597 0.0810745656490326 0.0788163542747498 0.0753597021102905 0.0760227963328362 0.0844621583819389 0.0926846563816071 0.100077114999294 0.105792440474033 0.108189202845097 0.107895724475384 0.104498125612736 0.103069737553596 0.102993696928024 0.101504392921925 0.0994693785905838 0.0988547280430794 0.0984907150268555 0.100016601383686 0.101535253226757 0.102648831903934 0.103829309344292 0.105226695537567 0.106409288942814 0.107217058539391 0.107532270252705 0.107340671122074 0.107139602303505 0.106932774186134 0.106729626655579 0.106527708470821 0.105081550776958 0.103463746607304 0.101890370249748 0.100442685186863 0.099795438349247 0.0993793308734894 0.0996066704392433 0.0999467745423317 0.100461162626743 0.100674837827682
-9999 -9999 -9999 -9999 -9999 0.0866671726107597 0.0834550410509109 0.0822730138897896 0.0790850669145584 0.0927547588944435 0.103965371847153 0.105763666331768 0.106757402420044 0.106159150600433 0.104792654514313 0.102539740502834 0.0995349884033203 0.0960139110684395 0.0937266424298286 0.0919157788157463 0.0915940701961517 0.0915351510047913 0.0922504886984825 0.0931339040398598 0.0952766537666321 0.0975931286811829 0.100472889840603 0.102988690137863 0.104869358241558 0.106053419411182 0.106520690023899 0.106580071151257 0.106390975415707 0.105761587619781 0.104985438287258 0.102556839585304 0.0999079793691635 0.098387211561203 0.0970140621066093 0.0965810343623161 0.0962730646133423 0.0963132604956627 0.0963093563914299 0.0962373018264771 0.0957466140389442
-9999 -9999 -9999 -9999 -9999 0.0860930606722832 0.0866671726107597 0.0895202830433846 0.0931748822331429 0.104467697441578 0.113038443028927 0.111190266907215 0.109280981123447 0.107250779867172 0.104326069355011 0.100369222462177 0.0954809188842773 0.0899529531598091 0.0859504640102386 0.082537017762661 0.0809444785118103 0.0796732753515244 0.0799782872200012 0.0804645866155624 0.0821739509701729 0.0842120498418808 0.087316021323204 0.0905424579977989 0.0939825773239136 0.0972111746668816 0.10022210329771 0.101976253092289 0.102964766323566 0.101928278803825 0.100216783583164 0.0979121029376984 0.0955415889620781 0.0954153016209602 0.095336452126503 0.0955597162246704 0.0955454483628273 0.0948699340224266 0.093703530728817 0.0917784944176674 0.0893155485391617
-9999 -9999 0.085929661989212 0.0856951326131821 0.0851379334926605 0.0855182707309723 0.0860937461256981 0.0953609645366669 0.104942969977856 0.112851895391941 0.1182896271348 0.114268735051155 0.110540002584457 0.107389353215694 0.103033050894737 0.0972856134176254 0.0907833054661751 0.083762601017952 0.0787392407655716 0.0744871199131012 0.0722036212682724 0.070267528295517 0.0702312514185905 0.0703671053051949 0.0715907067060471 0.0732198134064674 0.0761637538671494 0.0795356780290604 0.0836545005440712 0.0880381762981415 0.0926944017410278 0.0957349538803101 0.0977912619709969 0.0968088880181313 0.0948136225342751 0.0934067368507385 0.092098243534565 0.0931620299816132 0.0941244959831238 0.0944416522979736 0.094114787876606 0.0919951424002647 0.0892752408981323 0.0856276825070381 0.0818628594279289
-9999.000000000000000 -9999 -9999 -9999 0.086429201066494 0.0847575962543488 0.0844070315361023 0.0981326699256897 0.111645400524139 0.113973267376423 0.115202032029629 0.112223945558071 0.109039939939976 0.105448484420776 0.0999368950724602 0.0922097712755203 0.0846815630793571 0.0772899463772774 0.0727606639266014 0.0693366229534149 0.0676273554563522 0.066220685839653 0.0659937411546707 0.0658809840679169 0.0665045455098152 0.0674397051334381 0.0693852007389069 0.0716696009039879 0.0745453983545303 0.0781435370445251 0.0824849307537079 0.0859209448099136 0.0888053998351097 0.0888834670186043 0.0880260691046715 0.0892054587602615 0.0906688272953033 0.0924767255783081 0.0939285159111023 0.0931124687194824 0.0911501944065094 0.085997112095356 0.0808706060051918 0.0757851675152779 0.0721811503171921
-9999 -9999 -9999 -9999 0.0887301415205002 0.0890117287635803 0.0869660824537277 0.101753674447536 0.116083733737469 0.114658527076244 0.113101042807102 0.111037276685238 0.108177416026592 0.103742316365242 0.0972396358847618 0.0883512943983078 0.0804621055722237 0.0732590854167938 0.0691651329398155 0.0662717148661613 0.064940445125103 0.0638848394155502 0.0635130926966667 0.0632112249732018 0.0633668601512909 0.0637680515646935 0.0649654716253281 0.0664356574416161 0.0683818534016609 0.0711751654744148 0.0748401433229446 0.0782011970877647 0.0813771039247513 0.0828380733728409 0.0837274044752121 0.0868794322013855 0.0903332903981209 0.0922718867659569 0.0935873836278915 0.0909347906708717 0.087123841047287 0.0800883397459984 0.0739545598626137 0.0692143216729164 0.0664553269743919
-9999 -9999 -9999 -9999 0.0907164216041565 0.0924211069941521 0.0945260152220726 0.106443166732788 0.117673650383949 0.114795118570328 0.11224127560854 0.110930204391479 0.108116984367371 0.102331422269344 0.0950442180037498 0.0860243439674377 0.0786107257008553 0.0723001956939697 0.0685676783323288 0.0658306330442429 0.0646304860711098 0.0637015551328659 0.0632427185773849 0.062826581299305 0.0626805126667023 0.0627490282058716 0.0635133236646652 0.06451316177845 0.0659240558743477 0.0678882971405983 0.070421926677227 0.073116198182106 0.0759083405137062 0.0791579112410545 0.0825599655508995 0.0869126468896866 0.0913739502429962 0.0926715135574341 0.0930636376142502 0.0876896232366562 0.0817617103457451 0.0742918699979782 0.0689112767577171 0.0667594969272614 0.0657063201069832
-9999 -9999 -9999 -9999 0.0924211069941521 0.0949691087007523 0.0979601964354515 0.107370138168335 0.116199612617493 0.112413935363293 0.109493128955364 0.109882667660713 0.107944928109646 0.101402148604393 0.0937462076544762 0.0848058611154556 0.0777083784341812 0.0718764737248421 0.0682608932256699 0.0655011162161827 0.0644209533929825 0.0636371970176697 0.0631427392363548 0.0626667365431786 0.0622917972505093 0.0621221736073494 0.0626182779669762 0.0633673369884491 0.064557820558548 0.0661596655845642 0.0681847855448723 0.0709370225667953 0.0741322115063667 0.0787699446082115 0.08388851583004 0.088240422308445 0.0924542620778084 0.0922057405114174 0.0909805595874786 0.0835356414318085 0.0764176398515701 0.0702096968889236 0.0661935657262802 0.0655647590756416 0.0654310882091522
-9999 -9999 -9999 -9999 0.0951168015599251 0.0979601964354515 0.103933066129684 0.105475172400475 0.112427584826946 0.108144395053387 0.105328671634197 0.108129777014256 0.107689164578915 0.100834101438522 0.093121275305748 0.0844187289476395 0.0775178000330925 0.0718541368842125 0.0681721046566963 0.0652552619576454 0.0642867311835289 0.0636620298027992 0.0631705522537231 0.0626754909753799 0.0621263086795807 0.0617894567549229 0.0621410645544529 0.0628040134906769 0.0640102699398994 0.065599724650383 0.0675834789872169 0.0709372386336327 0.0751256048679352 0.0808511525392532 0.0870890989899635 0.0905391424894333 0.0935643091797829 0.0910909175872803 0.087727963924408 0.0787000358104706 0.071087121963501 0.0674132779240608 0.0652200654149055 0.0653150901198387 0.0655111819505692
-9999 -9999 -9999 -9999 0.0979601964354515 0.101477235555649 0.103716671466827 0.104926750063896 0.105840906500816 0.105316564440727 0.105265863239765 0.107028067111969 0.106193706393242 0.100221455097198 0.0931944772601128 0.0849504992365837 0.0782926082611084 0.072723962366581 0.0687823072075844 0.0654688999056816 0.0645325779914856 0.0640157461166382 0.0636587142944336 0.0632847994565964 0.0627410188317299 0.0624013319611549 0.06272342056036 0.0634607747197151 0.0649228319525719 0.0670040100812912 0.0697222724556923 0.0739347487688065 0.0790574923157692 0.0843272507190704 0.089646004140377 0.0918873399496078 0.0936539098620415 0.0885483026504517 0.0830104500055313 0.0747198760509491 0.068076379597187 0.0660179331898689 0.0648556724190712 0.065078429877758 0.0653198659420013
-9999 -9999 -9999 -9999 -9999 0.100294843316078 0.100299000740051 0.100748084485531 0.0980479344725609 0.10310660302639 0.106960915029049 0.106205441057682 0.104166947305202 0.0995897054672241 0.0935668796300888 0.0858760848641396 0.0794811546802521 0.0739761516451836 0.0696920827031136 0.0658794641494751 0.0649413168430328 0.0645104274153709 0.0643441826105118 0.0641514882445335 0.0636900961399078 0.0634180307388306 0.063759870827198 0.0646404474973679 0.0664611533284187 0.0692501217126846 0.0730354115366936 0.0782168284058571 0.0842487663030624 0.088401161134243 0.0919270440936089 0.092828169465065 0.0933061614632607 0.0853937715291977 0.0776650980114937 0.071106344461441 0.066059835255146 0.0652230605483055 0.0647523328661919 0.0648473352193832 0.0650122314691544
-9999 -9999 -9999 -9999 -9999 0.0972044840455055 0.0968688502907753 0.0952221676707268 0.0958081558346748 0.102491341531277 0.107434302568436 0.105716437101364 0.103273369371891 0.0993953347206116 0.0941524878144264 0.0873348563909531 0.0813033804297447 0.0758117958903313 0.0711068287491798 0.0667055994272232 0.0655814111232758 0.0650355145335197 0.065186008810997 0.0653504133224487 0.0655036419630051 0.0657996833324432 0.0665587931871414 0.0680021271109581 0.0706394836306572 0.0743267387151718 0.0790943130850792 0.0838010832667351 0.0884708091616631 0.0913312435150146 0.0935885831713676 0.092792309820652 0.0915179550647736 0.082456111907959 0.0739634558558464 0.0690955966711044 0.0653903409838676 0.0649215057492256 0.0646509379148483 0.0646867752075195 0.0648546740412712
-9999 -9999 -9999 -9999 -9999 0.0949858352541924 0.09444560110569 0.0946363061666489 0.0947173535823822 0.102206021547318 0.107654921710491 0.105296455323696 0.102614253759384 0.0992914661765099 0.0947822034358978 0.0889039412140846 0.083256721496582 0.0777681544423103 0.0726260542869568 0.0676177218556404 0.0662693753838539 0.0655668973922729 0.0660601928830147 0.0666180849075317 0.067496046423912 0.0684637427330017 0.0697223693132401 0.0718152672052383 0.0753640383481979 0.079988993704319 0.0857213214039803 0.0896547585725784 0.0924923196434975 0.0940246731042862 0.0951219499111176 0.0925543680787086 0.0894317254424095 0.079563319683075 0.0706019029021263 0.0674164593219757 0.0649995431303978 0.064722016453743 0.0645499378442764 0.0645408034324646 0.0647281631827354
-9999 -9999 -9999 -9999 -9999 -9999 0.0936430618166924 0.0934783220291138 0.0940172523260117 0.100961603224277 0.106041483581066 0.103984974324703 0.101767376065254 0.0992309972643852 0.0956001877784729 0.0907065644860268 0.0855400040745735 0.0801860168576241 0.0747214034199715 0.0692140683531761 0.0672930255532265 0.0660048499703407 0.0667571723461151 0.0676840618252754 0.069693312048912 0.0718747973442078 0.0746146962046623 0.0778773948550224 0.0820524320006371 0.0862748771905899 0.090546116232872 0.0932244658470154 0.0949324369430542 0.0956253781914711 0.0959799811244011 0.092489942908287 0.0884281471371651 0.0787527859210968 0.0700267553329468 0.067346379160881 0.0652969852089882 0.0650040954351425 0.0648319944739342 0.0648465603590012 0.0650696754455566
-9999 -9999 -9999 -9999 -9999 -9999 0.0930101722478867 0.092814564704895 0.0933699682354927 0.0996315106749535 0.104268670082092 0.102688439190388 0.101041197776794 0.0992613732814789 0.0964676216244698 0.0925039574503899 0.08779576420784 0.0825762525200844 0.0768115743994713 0.0708363726735115 0.0683273524045944 0.066430002450943 0.0674026161432266 0.0686582177877426 0.0717484429478645 0.0751097351312637 0.0793499574065208 0.0837726518511772 0.0885137990117073 0.0922755971550941 0.0950296744704247 0.0965035408735275 0.0971975028514862 0.0971432998776436 0.0968397185206413 0.0925674512982368 0.0877134129405022 0.0782376006245613 0.0697363987565041 0.0674418583512306 0.0656666681170464 0.0653372183442116 0.0651505962014198 0.0651847347617149 0.0654333680868149
-9999 -9999 -9999 -9999 -9999 -9999 0.0924292504787445 0.0927376374602318 0.093099370598793 0.0978455916047096 0.101671881973743 0.101977080106735 0.101692259311676 0.100239984691143 0.0977726578712463 0.094134122133255 0.0896002277731895 0.0844514444470406 0.0785713046789169 0.0724087655544281 0.0693151950836182 0.066763199865818 0.067582942545414 0.0687493532896042 0.0721894577145576 0.0761091783642769 0.0815839916467667 0.0868136286735535 0.0916154012084007 0.0949365347623825 0.0967341288924217 0.0977733805775642 0.0983506441116333 0.0983001366257668 0.098040372133255 0.0940761342644691 0.0895626917481422 0.0798783451318741 0.0711529925465584 0.068534828722477 0.0664782151579857 0.065984807908535 0.0656761303544044 0.065652959048748 0.0658101662993431
