Ecospace-environmental-drivers/Outputs/ASCII-for-ecospace/MOM6-ISIMIP3a/phyc-vint/1992-11_phyc-vint_MOM6-ISIMIP3a.asc
NCOLS 131 
NROWS 53 
XLLCORNER -98 
YLLCORNER 23.9265270233154 
CELLSIZE 0.133587792515755 
NODATA_value -9999 
[rows 20 to 39 of 53, columns 0 to 44 of 131]
-9999 -9999 -9999 -9999 -9999 -9999 -9999 -9999 0.0640635415911674 0.0686933994293213 0.0729431509971619 0.0723119527101517 0.0733010545372963 0.0743671432137489 0.0766049027442932 0.0801945924758911 0.0914936363697052 0.108087033033371 0.109226159751415 0.10439782589674 0.111108742654324 0.119855985045433 0.12400259077549 0.12767581641674 0.12824372947216 0.12822026014328 0.126279205083847 0.123765654861927 0.120253011584282 0.124003745615482 0.135228335857391 0.139346897602081 0.139136523008347 0.138465955853462 0.137641996145248 0.136403530836105 0.135109126567841 0.134003639221191 0.132736876606941 0.13044311106205 0.128468438982964 0.127382010221481 0.128909811377525 0.134477749466896 0.136026635766029
-9999 -9999 -9999 -9999 -9999 -9999 0.0609804578125477 0.0612556859850883 0.062363862991333 0.0640635415911674 0.069073498249054 0.0729431509971619 0.0706916525959969 0.0639850646257401 0.0675157457590103 0.082858644425869 0.098158098757267 0.113427713513374 0.11455724388361 0.110226757824421 0.108855657279491 0.108006805181503 0.119675196707249 0.130573853850365 0.132774025201797 0.13406665623188 0.132416620850563 0.130110919475555 0.126661047339439 0.123816348612309 0.121594361960888 0.120666705071926 0.120527535676956 0.120353773236275 0.120168477296829 0.118941366672516 0.117580883204937 0.117695465683937 0.117547795176506 0.115729980170727 0.11414360255003 0.113201506435871 0.117786630988121 0.130913749337196 0.136429876089096
-9999 -9999 -9999 -9999 -9999 -9999 0.0609554573893547 0.0609804578125477 0.0615309178829193 0.0628805384039879 0.0640635415911674 0.0702138021588326 0.0753268599510193 0.078387588262558 0.0832095369696617 0.0900636538863182 0.0994005054235458 0.110442347824574 0.111336402595043 0.108312010765076 0.107711128890514 0.107537925243378 0.116739936172962 0.125240921974182 0.126189440488815 0.126956537365913 0.12713535130024 0.126671105623245 0.125084638595581 0.123792238533497 0.122802451252937 0.121990725398064 0.121287472546101 0.120862379670143 0.120529994368553 0.120219074189663 0.119908757507801 0.119269676506519 0.118605621159077 0.117782510817051 0.11773719638586 0.119857080280781 0.124287657439709 0.132289290428162 0.13531967997551
-9999 -9999 -9999 -9999 0.0659458190202713 0.0626142099499702 0.0608939565718174 0.0609919615089893 0.0609804578125477 0.0620813742280006 0.0643967911601067 0.0713607892394066 0.0804655179381371 0.0938061699271202 0.0998951494693756 0.0976168364286423 0.100572124123573 0.107121549546719 0.107693485915661 0.10595728456974 0.10684934258461 0.108205199241638 0.114121720194817 0.119456604123116 0.119112409651279 0.119299717247486 0.121210373938084 0.122549630701542 0.122891746461391 0.123669132590294 0.124894395470619 0.124597065150738 0.123372167348862 0.12270038574934 0.12221297621727 0.122857227921486 0.123640984296799 0.122076392173767 0.120742529630661 0.120878085494041 0.122317045927048 0.127384379506111 0.131337523460388 0.133568733930588 0.133795559406281
-9999 -9999 -9999 -9999 0.0734952986240387 0.0667798146605492 0.0643344670534134 0.0608939565718174 0.0611014738678932 0.063742570579052 0.0675615221261978 0.0758888199925423 0.0847153142094612 0.0945295616984367 0.101487919688225 0.105151034891605 0.107458397746086 0.108834721148014 0.1079416051507 0.106172189116478 0.109245866537094 0.113174200057983 0.114967949688435 0.116672046482563 0.11801852285862 0.119068667292595 0.119158007204533 0.119601167738438 0.120661795139313 0.121705092489719 0.122730568051338 0.122969828546047 0.122730150818825 0.122838161885738 0.123062066733837 0.124156042933464 0.125341445207596 0.122521072626114 0.12006188929081 0.119902841746807 0.120425753295422 0.122847102582455 0.125071719288826 0.126992300152779 0.127362608909607
-9999 -9999 -9999 -9999 -9999 0.0734952986240387 0.0683955475687981 0.0677749738097191 0.0626466125249863 0.0679910331964493 0.0740010961890221 0.0825589671730995 0.0905141830444336 0.0972769111394882 0.104553326964378 0.112422443926334 0.113987721502781 0.111223869025707 0.109028220176697 0.107051961123943 0.111279211938381 0.116601191461086 0.115155182778835 0.114006042480469 0.11656579375267 0.118241928517818 0.117053017020226 0.116849005222321 0.118363752961159 0.119449757039547 0.120094612240791 0.120546065270901 0.120879709720612 0.121483318507671 0.122176915407181 0.123625032603741 0.125142171978951 0.121758311986923 0.118805482983589 0.118597626686096 0.118519634008408 0.118803143501282 0.119541741907597 0.120983652770519 0.121337056159973
-9999 -9999 -9999 -9999 -9999 0.0720710754394531 0.0734952986240387 0.0714179500937462 0.0704361274838448 0.0835839435458183 0.0947999209165573 0.0986216515302658 0.103105321526527 0.108898781239986 0.114075817167759 0.118541605770588 0.118951871991158 0.116577044129372 0.113791346549988 0.110847003757954 0.111720107495785 0.113266870379448 0.11245284974575 0.111859872937202 0.113539695739746 0.114803291857243 0.114717312157154 0.114957571029663 0.115767128765583 0.115917153656483 0.115388534963131 0.114629738032818 0.11373071372509 0.11358381062746 0.113687604665756 0.115070797502995 0.116613149642944 0.115701243281364 0.115024529397488 0.11584560573101 0.116548463702202 0.116922236979008 0.117238126695156 0.117464557290077 0.117097809910774
-9999 -9999 0.0693735927343369 0.0695923417806625 0.0697016417980194 0.0706451684236526 0.0720727667212486 0.0752595886588097 0.0794706717133522 0.0946075543761253 0.106999978423119 0.108887784183025 0.111698031425476 0.116333536803722 0.119559407234192 0.12115877866745 0.120797514915466 0.119089782238007 0.116499684751034 0.113568864762783 0.112370364367962 0.111477576196194 0.110799059271812 0.110272035002708 0.110968321561813 0.111602947115898 0.112037643790245 0.112440690398216 0.112788498401642 0.11232965439558 0.111040778458118 0.10940970480442 0.107570163905621 0.107105858623981 0.107099957764149 0.108379036188126 0.109830766916275 0.110595248639584 0.111429184675217 0.112705409526825 0.113668374717236 0.113759286701679 0.113417379558086 0.112406551837921 0.111322492361069
-9999.000000000000000 -9999 -9999 -9999 0.0684302002191544 0.0687581226229668 0.0678884461522102 0.0795346796512604 0.0912216752767563 0.0956616252660751 0.100438795983791 0.106506675481796 0.111566737294197 0.114632613956928 0.116230688989162 0.116135150194168 0.115839011967182 0.11540511995554 0.11472474783659 0.113949202001095 0.113477438688278 0.113059282302856 0.111433029174805 0.109902396798134 0.109389111399651 0.108922548592091 0.108607485890388 0.108559176325798 0.108976379036903 0.108622387051582 0.107474841177464 0.105708912014961 0.103566259145737 0.103729531168938 0.10466144233942 0.105750918388367 0.106859266757965 0.107564337551594 0.10823879390955 0.108718268573284 0.108805142343044 0.107799127697945 0.106286481022835 0.103990867733955 0.10219569504261
-9999 -9999 -9999 -9999 0.0669332593679428 0.0658873170614243 0.0657271072268486 0.0818524360656738 0.0973716229200363 0.095730684697628 0.0963262170553207 0.105482012033463 0.112008586525917 0.113332681357861 0.11347758769989 0.112261891365051 0.111719101667404 0.111638434231281 0.111689351499081 0.11179106682539 0.112107060849667 0.112460874021053 0.110724732279778 0.109021462500095 0.107973404228687 0.106976516544819 0.106145553290844 0.105689860880375 0.105889044702053 0.105551920831203 0.104662947356701 0.103128597140312 0.101201094686985 0.101817049086094 0.103280827403069 0.10417602956295 0.104987427592278 0.105073317885399 0.10504174977541 0.104262158274651 0.103056587278843 0.100665204226971 0.0981208682060242 0.0953401625156403 0.0932448133826256
-9999 -9999 -9999 -9999 0.0660208314657211 0.0661543384194374 0.0663191899657249 0.0817077085375786 0.0964749827980995 0.0945605114102364 0.0952941849827766 0.10616385191679 0.113171480596066 0.112537227571011 0.111448667943478 0.109835907816887 0.108654223382473 0.107768572866917 0.107068181037903 0.1064393222332 0.107619851827621 0.109119676053524 0.108327776193619 0.107497289776802 0.106763407588005 0.105954386293888 0.104901738464832 0.104093976318836 0.103713549673557 0.103282608091831 0.10279968380928 0.101957939565182 0.10089760273695 0.101746208965778 0.103231124579906 0.103926189243793 0.10449905693531 0.103261522948742 0.101836331188679 0.0992160364985466 0.0961942076683044 0.092054583132267 0.0886535048484802 0.0863937959074974 0.0845152586698532
-9999 -9999 -9999 -9999 0.0661543384194374 0.0663538947701454 0.0665881484746933 0.0779351145029068 0.0888990238308907 0.0883670970797539 0.0905323922634125 0.103021502494812 0.111345708370209 0.111428752541542 0.110512100160122 0.108441956341267 0.106396228075027 0.104367278516293 0.102491408586502 0.100674644112587 0.101510301232338 0.102814026176929 0.102721184492111 0.102654114365578 0.103056594729424 0.103321246802807 0.103138975799084 0.102934166789055 0.102690003812313 0.102408528327942 0.102088660001755 0.101667158305645 0.101183742284775 0.101725853979588 0.102609813213348 0.102083332836628 0.101347953081131 0.0986727997660637 0.0958374664187431 0.0919820889830589 0.0880366936326027 0.0838407054543495 0.0806445255875587 0.0789934992790222 0.0776329413056374
-9999 -9999 -9999 -9999 0.0663654580712318 0.0665881484746933 0.0697375386953354 0.0714415982365608 0.0763134956359863 0.0784061998128891 0.0829732269048691 0.0970109701156616 0.107278414070606 0.110085509717464 0.110394805669785 0.1078220307827 0.104743413627148 0.101317405700684 0.0979479253292084 0.0946002677083015 0.0941839888691902 0.0942849963903427 0.0947073400020599 0.0953216552734375 0.0974771529436111 0.0994798317551613 0.100986994802952 0.102101407945156 0.102530427277088 0.102580890059471 0.102241814136505 0.102036282420158 0.101912103593349 0.10174336284399 0.101559773087502 0.0990456938743591 0.0961997881531715 0.092001348733902 0.0877434909343719 0.0831072404980659 0.078907810151577 0.0759243816137314 0.0737293586134911 0.0727527663111687 0.0721360892057419
-9999 -9999 -9999 -9999 0.0665881484746933 0.0644107758998871 0.0638702362775803 0.0629852786660194 0.0650427266955376 0.0743473023176193 0.0835385695099831 0.0922961756587029 0.100617647171021 0.108076147735119 0.110667020082474 0.107641406357288 0.103643745183945 0.0989785343408585 0.0945797115564346 0.0902837589383125 0.088467113673687 0.087087981402874 0.0873394906520844 0.0878826826810837 0.0905589908361435 0.0933446139097214 0.0964846909046173 0.0988873392343521 0.100003100931644 0.100470989942551 0.100272230803967 0.0998473465442657 0.0992847010493279 0.097976915538311 0.0964207500219345 0.0926465690135956 0.088566318154335 0.0845538228750229 0.0805890411138535 0.076928123831749 0.0738061591982841 0.0721845179796219 0.0710477456450462 0.0706603080034256 0.0704292133450508
-9999 -9999 -9999 -9999 -9999 0.0584666728973389 0.0574471838772297 0.0571838244795799 0.0543354339897633 0.0728178769350052 0.0875858962535858 0.0881367027759552 0.0928453803062439 0.105781301856041 0.111106157302856 0.107649050652981 0.102781139314175 0.0969443693757057 0.0917151942849159 0.0867206305265427 0.0834400057792664 0.0804618448019028 0.0802485123276711 0.0803980603814125 0.0830670818686485 0.0862263217568398 0.0909750908613205 0.0946526825428009 0.0964609980583191 0.0973829627037048 0.0973928868770599 0.0965620800852776 0.0952190980315208 0.0925887450575829 0.089529275894165 0.084806777536869 0.0798677131533623 0.0767736881971359 0.0738372430205345 0.071904331445694 0.0704304873943329 0.070234589278698 0.0701805427670479 0.0703456997871399 0.0703466385602951
-9999 -9999 -9999 -9999 -9999 0.0546581298112869 0.0540825985372066 0.0521724484860897 0.053721696138382 0.0743904039263725 0.0901322439312935 0.0870161205530167 0.0899506136775017 0.104857586324215 0.111227728426456 0.107747703790665 0.102526374161243 0.0961092114448547 0.0903135016560555 0.0847577601671219 0.0802694112062454 0.0759694278240204 0.0755724385380745 0.0755039751529694 0.0774609670042992 0.0801103040575981 0.0850044712424278 0.0887864828109741 0.0906277000904083 0.0914526134729385 0.0912317857146263 0.0900165289640427 0.0881954655051231 0.0854618772864342 0.0824241191148758 0.0789097025990486 0.0753417685627937 0.073490746319294 0.071801446378231 0.0711420029401779 0.0706511214375496 0.0706294775009155 0.0704719051718712 0.0701042711734772 0.0698051005601883
-9999 -9999 -9999 -9999 -9999 0.0526119545102119 0.0524446070194244 0.05289151892066 0.0551963299512863 0.0766047388315201 0.0923680365085602 0.0865242779254913 0.088065005838871 0.104217559099197 0.111283577978611 0.107865184545517 0.102397367358208 0.0955221205949783 0.0892144665122032 0.0831259861588478 0.0774829313158989 0.0719184800982475 0.0713960155844688 0.0711458623409271 0.0722450315952301 0.0742016509175301 0.0789384692907333 0.0825827196240425 0.0843203440308571 0.084934189915657 0.0843916907906532 0.0827964171767235 0.0805598124861717 0.0779752731323242 0.0752747505903244 0.0734145790338516 0.0716791525483131 0.0711382851004601 0.0707413926720619 0.0712613835930824 0.0716158449649811 0.0715095028281212 0.0710029751062393 0.069877989590168 0.0691686123609543
-9999 -9999 -9999 -9999 -9999 -9999 0.0513086542487144 0.0522698499262333 0.0538274832069874 0.07383693754673 0.0890059620141983 0.085647888481617 0.0886934623122215 0.104410037398338 0.111196868121624 0.107680179178715 0.101928271353245 0.094641350209713 0.0876387506723404 0.0807459354400635 0.0750554278492928 0.0695770978927612 0.0691774412989616 0.0690068453550339 0.0698182731866837 0.0713294669985771 0.0751095786690712 0.077969528734684 0.0792237147688866 0.079547755420208 0.0789146944880486 0.0776234418153763 0.0759312212467194 0.074208527803421 0.0724756717681885 0.0713855102658272 0.0703909918665886 0.0703450292348862 0.0703848302364349 0.0709708631038666 0.0713128671050072 0.0709755346179008 0.070310540497303 0.069139152765274 0.0687199831008911
-9999 -9999 -9999 -9999 -9999 -9999 0.0491846054792404 0.0487645976245403 0.0520789548754692 0.0707027241587639 0.0853719189763069 0.084904670715332 0.0896611735224724 0.104754023253918 0.111145466566086 0.107496842741966 0.101449958980083 0.0937560796737671 0.0860281959176064 0.0782871842384338 0.0726563408970833 0.067397877573967 0.0671334117650986 0.0670542642474174 0.0676081031560898 0.0686961486935616 0.071516290307045 0.0735992193222046 0.0743956342339516 0.0744553208351135 0.0737569332122803 0.0727941617369652 0.0716703310608864 0.070784866809845 0.0699788480997086 0.0695663243532181 0.0692135170102119 0.0696021392941475 0.0700207278132439 0.0706301555037498 0.0709352418780327 0.0703931003808975 0.0696161612868309 0.0684763714671135 0.0683550983667374
-9999 -9999 -9999 -9999 -9999 -9999 0.0483315549790859 0.0465193651616573 0.0476385392248631 0.0660398378968239 0.0815107971429825 0.0857656449079514 0.0930468663573265 0.106316439807415 0.111538790166378 0.107475899159908 0.101035743951797 0.0929630100727081 0.0842737630009651 0.0753464549779892 0.0703888908028603 0.0661318674683571 0.0660159587860107 0.0660304576158524 0.0663760751485825 0.0671604871749878 0.0693676397204399 0.0710599571466446 0.0718538463115692 0.0719582810997963 0.0713532790541649 0.0706532746553421 0.0698953941464424 0.0692440569400787 0.0686282217502594 0.068330429494381 0.0680824741721153 0.0686517357826233 0.06924007833004 0.0699498578906059 0.0703669115900993 0.0699690878391266 0.0694855749607086 0.0688696429133415 0.0687938034534454
