Ecospace-environmental-drivers/Outputs/ASCII-for-ecospace/MOM6-ISIMIP3a/phyc-vint/1992-06_phyc-vint_MOM6-ISIMIP3a.asc
NCOLS 131 
NROWS 53 
XLLCORNER -98 
YLLCORNER 23.9265270233154 
CELLSIZE 0.133587792515755 
NODATA_value -9999 
[rows 20 to 39 of 53, columns 0 to 45 of 131]
-9999 -9999 -9999 -9999 -9999 -9999 -9999 -9999 0.0994300991296768 0.0987827032804489 0.0964386016130447 0.0951671302318573 0.0957042202353477 0.0935166925191879 0.0926789790391922 0.0933987349271774 0.103951960802078 0.12125825881958 0.121491618454456 0.115132480859756 0.120890840888023 0.128787577152252 0.132238730788231 0.135141879320145 0.134289413690567 0.133198976516724 0.13133692741394 0.129422724246979 0.127417504787445 0.1302260607481 0.137987911701202 0.140953302383423 0.140996724367142 0.141716808080673 0.142662450671196 0.142240539193153 0.141628265380859 0.140826851129532 0.140023559331894 0.13920821249485 0.138409063220024 0.137655049562454 0.138253062963486 0.140940561890602 0.142068520188332 0.141765147447586
-9999 -9999 -9999 -9999 -9999 -9999 0.113580040633678 0.111558809876442 0.106903314590454 0.0994300991296768 0.100479416549206 0.0964386016130447 0.0933585688471794 0.084184005856514 0.0862916186451912 0.101417079567909 0.114534445106983 0.12627275288105 0.125866159796715 0.12076997756958 0.119040824472904 0.117905847728252 0.128108009696007 0.137428760528564 0.137335851788521 0.13695102930069 0.135619655251503 0.134117126464844 0.132315918803215 0.130774214863777 0.129499509930611 0.128958389163017 0.128864124417305 0.12993311882019 0.131389871239662 0.131134912371635 0.130644410848618 0.130299761891365 0.129987120628357 0.129878327250481 0.129741087555885 0.129524677991867 0.13189098238945 0.138248711824417 0.141352891921997 0.141470983624458
-9999 -9999 -9999 -9999 -9999 -9999 0.113938018679619 0.113580040633678 0.109537586569786 0.105065524578094 0.0994300991296768 0.105569541454315 0.108724772930145 0.105975061655045 0.106756061315536 0.111610949039459 0.119068123400211 0.128312394022942 0.128665760159492 0.12558601796627 0.123188905417919 0.12091226130724 0.128044530749321 0.134625554084778 0.134896099567413 0.134852066636086 0.133787989616394 0.132691189646721 0.131537303328514 0.130393996834755 0.12926159799099 0.129038870334625 0.12937031686306 0.130064725875854 0.130880102515221 0.130508035421371 0.129971623420715 0.129405096173286 0.128886237740517 0.128670901060104 0.128541588783264 0.12865175306797 0.130324602127075 0.134412452578545 0.136475250124931 0.136679455637932
-9999 -9999 -9999 -9999 0.119165390729904 0.116013407707214 0.114215284585953 0.114018738269806 0.113580040633678 0.105495132505894 0.10175683349371 0.114655487239361 0.124625645577908 0.128801107406616 0.128056302666664 0.121634267270565 0.123075574636459 0.129916995763779 0.131061762571335 0.130006864666939 0.127610594034195 0.124977633357048 0.128361135721207 0.131555929780006 0.132080286741257 0.132281377911568 0.131434291601181 0.13071446120739 0.130216747522354 0.129798397421837 0.129461705684662 0.129797101020813 0.130541920661926 0.130837962031364 0.130984395742416 0.130504086613655 0.129935264587402 0.129104435443878 0.12833172082901 0.127929046750069 0.127728193998337 0.128089144825935 0.128881499171257 0.130340576171875 0.131186336278915 0.131469205021858
-9999 -9999 -9999 -9999 0.126234501600266 0.120198383927345 0.117811530828476 0.114215284585953 0.114260897040367 0.114841386675835 0.116495005786419 0.122256122529507 0.126865938305855 0.129197642207146 0.129062741994858 0.126081764698029 0.126078084111214 0.12811903655529 0.128797233104706 0.128949224948883 0.128933146595955 0.128887414932251 0.129786685109138 0.130551487207413 0.130023196339607 0.129354000091553 0.128227919340134 0.127418056130409 0.127160057425499 0.126827001571655 0.126416727900505 0.126410245895386 0.126649737358093 0.127073705196381 0.127559155225754 0.127477467060089 0.127311885356903 0.126378089189529 0.125450119376183 0.124559298157692 0.123805746436119 0.123434327542782 0.12338499724865 0.123833447694778 0.124394439160824 0.125058725476265
-9999 -9999 -9999 -9999 -9999 0.126234501600266 0.122532211244106 0.121407769620419 0.117301620543003 0.124625079333782 0.130288481712341 0.129597932100296 0.129336684942245 0.129924908280373 0.130059823393822 0.129671692848206 0.128347814083099 0.12638133764267 0.126482769846916 0.127382695674896 0.129144564270973 0.131058529019356 0.130154132843018 0.129163458943367 0.127968221902847 0.126775845885277 0.125592693686485 0.124818652868271 0.124758541584015 0.12447889149189 0.123973324894905 0.123611599206924 0.123337499797344 0.123612083494663 0.124069564044476 0.124125950038433 0.124119058251381 0.123023964464664 0.121915116906166 0.120718725025654 0.119581572711468 0.118609316647053 0.117853306233883 0.117431491613388 0.117688439786434 0.118568360805511
-9999 -9999 -9999 -9999 -9999 0.125892207026482 0.126234501600266 0.128271281719208 0.130689725279808 0.136326819658279 0.139939725399017 0.135804891586304 0.132817938923836 0.132102340459824 0.131015837192535 0.129501402378082 0.12740458548069 0.124907836318016 0.123949319124222 0.123584769666195 0.124483965337276 0.125606164336205 0.125882118940353 0.126093626022339 0.125922635197639 0.125728979706764 0.125461786985397 0.125275358557701 0.125229865312576 0.124863736331463 0.124167673289776 0.123392105102539 0.122568093240261 0.12147743999958 0.120297901332378 0.119349770247936 0.118429355323315 0.116917222738266 0.115515127778053 0.114813759922981 0.114034429192543 0.113038070499897 0.112167313694954 0.111490674316883 0.111359067261219 0.111727684736252
-9999 -9999 0.125260636210442 0.125307366251945 0.125322744250298 0.125549510121346 0.125892609357834 0.133220359683037 0.140522330999374 0.143210887908936 0.144173219799995 0.138528183102608 0.13430167734623 0.132882013916969 0.131036967039108 0.128701061010361 0.126109436154366 0.123342163860798 0.121723413467407 0.120548151433468 0.120801612734795 0.121307194232941 0.122384801506996 0.123419985175133 0.123997174203396 0.124547004699707 0.125008150935173 0.125312760472298 0.125344201922417 0.124929547309875 0.1240558847785 0.122807681560516 0.121331311762333 0.118855699896812 0.116047009825706 0.11414859443903 0.112376995384693 0.110745057463646 0.109291255474091 0.108971819281578 0.108534723520279 0.107770048081875 0.107018157839775 0.106286011636257 0.105900518596172 0.105833172798157
-9999.000000000000000 -9999 -9999 -9999 0.125049829483032 0.12509597837925 0.124886959791183 0.133992418646812 0.142597332596779 0.139583498239517 0.136585921049118 0.133650600910187 0.131427079439163 0.130612000823021 0.129018276929855 0.126526087522507 0.124046429991722 0.121575392782688 0.120168529450893 0.11917258054018 0.119253627955914 0.119524732232094 0.120577804744244 0.121610797941685 0.122333779931068 0.123070240020752 0.123850397765636 0.124435350298882 0.124679654836655 0.12429928034544 0.123276144266129 0.121427036821842 0.119074769318104 0.115171186625957 0.110750503838062 0.108020149171352 0.105533368885517 0.104430146515369 0.103451646864414 0.103267416357994 0.103138513863087 0.103163622319698 0.103040285408497 0.102687537670135 0.102341994643211 0.102003060281277
-9999 -9999 -9999 -9999 0.124742656946182 0.124504014849663 0.124429635703564 0.134241387248039 0.143287107348442 0.137247502803802 0.132243111729622 0.131201148033142 0.130141571164131 0.129047140479088 0.127202719449997 0.124492965638638 0.12191254645586 0.119420953094959 0.117773354053497 0.116451658308506 0.116545148193836 0.116888381540775 0.118366979062557 0.119829304516315 0.120948798954487 0.122054286301136 0.123114362359047 0.123849406838417 0.124017246067524 0.123506084084511 0.122296251356602 0.119605638086796 0.116012945771217 0.111219741404057 0.106026366353035 0.102990731596947 0.100266866385937 0.0994260311126709 0.0986873507499695 0.0985992699861526 0.0986727252602577 0.0991958752274513 0.0995093286037445 0.0994987264275551 0.0992484092712402 0.0987780764698982
-9999 -9999 -9999 -9999 0.124566003680229 0.124627985060215 0.124704524874687 0.133832290768623 0.142234116792679 0.136536180973053 0.131982147693634 0.131806492805481 0.13085526227951 0.128369376063347 0.125642746686935 0.122638329863548 0.119689479470253 0.116778783500195 0.114321023225784 0.112038165330887 0.112376675009727 0.113177768886089 0.115648120641708 0.118082650005817 0.119914077222347 0.121618062257767 0.122908875346184 0.123630151152611 0.123357534408569 0.12250791490078 0.121064566075802 0.117229722440243 0.111937999725342 0.106932461261749 0.10202232003212 0.0993439927697182 0.0969845354557037 0.0960710123181343 0.0952758938074112 0.0952348262071609 0.0953774973750114 0.096031628549099 0.0965406224131584 0.0968253090977669 0.0967397466301918 0.0963143780827522
-9999 -9999 -9999 -9999 0.124627985060215 0.124720633029938 0.124829396605492 0.131454899907112 0.137536093592644 0.133144646883011 0.129929423332214 0.131216257810593 0.130983367562294 0.127743363380432 0.124469079077244 0.121155217289925 0.117853738367558 0.114560760557652 0.111455976963043 0.108423866331577 0.109140031039715 0.110517658293247 0.113758288323879 0.116938643157482 0.119276836514473 0.121361136436462 0.122622199356556 0.123080283403397 0.122137099504471 0.120499365031719 0.118146955966949 0.113703563809395 0.107986353337765 0.103320769965649 0.0990057215094566 0.0965415239334106 0.0943411514163017 0.0932541936635971 0.0922977179288864 0.0921722054481506 0.0922229364514351 0.092764288187027 0.0932135730981827 0.0935205668210983 0.0934495702385902 0.0930316671729088
-9999 -9999 -9999 -9999 0.124726004898548 0.124829396605492 0.124335892498493 0.127601280808449 0.130104273557663 0.127742946147919 0.126532882452011 0.129729300737381 0.130672246217728 0.127156153321266 0.123585142195225 0.119950748980045 0.116308495402336 0.112660855054855 0.109031394124031 0.10540895909071 0.106602281332016 0.10864544659853 0.112490229308605 0.11624663323164 0.118937723338604 0.121238678693771 0.122274614870548 0.122282445430756 0.120496116578579 0.117733031511307 0.113964892923832 0.109314702451229 0.104127176105976 0.100215762853622 0.0967297181487083 0.0943722724914551 0.0921769887208939 0.09084103256464 0.0896445140242577 0.0893359556794167 0.0891738831996918 0.0894196256995201 0.0896177589893341 0.0897423252463341 0.0895732566714287 0.089134693145752
-9999 -9999 -9999 -9999 0.124829396605492 0.117014996707439 0.115154542028904 0.113458000123501 0.115956053137779 0.121405005455017 0.126251190900803 0.128790199756622 0.129523530602455 0.126683950424194 0.123329095542431 0.119379706680775 0.11551733314991 0.111714728176594 0.108331359922886 0.105109885334969 0.106787629425526 0.10932993888855 0.113010309636593 0.116583213210106 0.119052857160568 0.121033869683743 0.121430560946465 0.120699182152748 0.117999218404293 0.11439560353756 0.10986215621233 0.105577453970909 0.101444281637669 0.0981541872024536 0.0951451063156128 0.0928403958678246 0.0906390398740768 0.089272566139698 0.088031180202961 0.0875863134860992 0.087248831987381 0.0872102677822113 0.087142288684845 0.087028831243515 0.0867193639278412 0.0862299799919128
-9999 -9999 -9999 -9999 -9999 0.105229876935482 0.103740148246288 0.104404337704182 0.0989293456077576 0.114665821194649 0.127304464578629 0.128085866570473 0.128015831112862 0.126261025667191 0.123342156410217 0.119080133736134 0.115049354732037 0.111177377402782 0.108370438218117 0.10597475618124 0.108140036463737 0.111110180616379 0.1142967492342 0.117360629141331 0.11936266720295 0.120793782174587 0.120373733341694 0.118779309093952 0.115135490894318 0.110813416540623 0.105793409049511 0.102119460701942 0.0992655232548714 0.0965398028492928 0.0938568189740181 0.0915816873311996 0.0893694683909416 0.0880661234259605 0.0868635028600693 0.0863023698329926 0.0858054906129837 0.0854874849319458 0.0851469710469246 0.0847716704010963 0.08430365473032 0.0837505385279655
-9999 -9999 -9999 -9999 -9999 0.0971908792853355 0.0967949405312538 0.0933580994606018 0.0948744937777519 0.113200828433037 0.127817615866661 0.12823586165905 0.127811834216118 0.125721201300621 0.122805751860142 0.118938557803631 0.115142315626144 0.111394785344601 0.109072312712669 0.107300095260143 0.109638884663582 0.112703137099743 0.115276381373405 0.117711819708347 0.119088508188725 0.119893871247768 0.118846759200096 0.116606265306473 0.112283207476139 0.107884034514427 0.103406555950642 0.100241020321846 0.097874715924263 0.0955450385808945 0.0932275652885437 0.0914241746068001 0.0896956473588943 0.0884952992200851 0.0873556956648827 0.0866028890013695 0.0858927890658379 0.0853015556931496 0.0847574025392532 0.0842860117554665 0.0837880447506905 0.0832656845450401
-9999 -9999 -9999 -9999 -9999 0.0914309322834015 0.0910375490784645 0.092622384428978 0.0935035347938538 0.112827070057392 0.128219038248062 0.128562599420547 0.127877563238144 0.125157207250595 0.122155658900738 0.118829667568207 0.11535132676363 0.111768364906311 0.109911315143108 0.108720704913139 0.111168026924133 0.114257335662842 0.116192527115345 0.117974817752838 0.118693523108959 0.118857450783253 0.117222525179386 0.114380843937397 0.109433278441429 0.105089724063873 0.101367682218552 0.0986893847584724 0.0966469421982765 0.0946784764528275 0.0927346646785736 0.091494508087635 0.0903519839048386 0.0892628952860832 0.0881913229823112 0.0872312411665916 0.0862967744469643 0.0854336023330688 0.0847000628709793 0.0841668844223022 0.0836655721068382 0.0831935182213783
-9999 -9999 -9999 -9999 -9999 -9999 0.0864603072404861 0.0871321558952332 0.0887897089123726 0.110565274953842 0.127775132656097 0.127509415149689 0.126469820737839 0.123898983001709 0.121291503310204 0.118641749024391 0.115727208554745 0.112630821764469 0.11043956130743 0.108597800135612 0.111028790473938 0.114213794469833 0.115946263074875 0.117488093674183 0.117706403136253 0.117393255233765 0.115356914699078 0.112298384308815 0.107456043362617 0.103420399129391 0.100214838981628 0.0978704169392586 0.0960505828261375 0.0945571660995483 0.093172550201416 0.0922667905688286 0.0914261341094971 0.0904359519481659 0.0894340500235558 0.0883575156331062 0.0873149782419205 0.0863670781254768 0.0855438560247421 0.0849133133888245 0.0843748971819878 0.083921030163765
-9999 -9999 -9999 -9999 -9999 -9999 0.0811803117394447 0.0796263888478279 0.0838697403669357 0.108034387230873 0.127026543021202 0.126220628619194 0.124914303421974 0.122617818415165 0.120450973510742 0.118433713912964 0.116095021367073 0.113535575568676 0.110965311527252 0.108390860259533 0.110735453665257 0.113948114216328 0.115522347390652 0.116864398121834 0.116570584475994 0.11577545851469 0.113354921340942 0.110133685171604 0.105515159666538 0.101839698851109 0.0991346389055252 0.0971202254295349 0.0955265536904335 0.0944939106702805 0.0936482697725296 0.0930440127849579 0.092470794916153 0.0915750786662102 0.0906421542167664 0.0894722267985344 0.0883441045880318 0.0873323380947113 0.0864342600107193 0.0857118666172028 0.0851347073912621 0.0846908316016197
-9999 -9999 -9999 -9999 -9999 -9999 0.0782378613948822 0.0767823979258537 0.0783476531505585 0.103535003960133 0.123431675136089 0.123077906668186 0.122486151754856 0.121423482894897 0.119964703917503 0.118048883974552 0.116297118365765 0.114658012986183 0.111612863838673 0.108024783432484 0.109595239162445 0.1120760217309 0.113758735358715 0.115137733519077 0.114131413400173 0.112723462283611 0.110013298690319 0.107023373246193 0.103545233607292 0.100666992366314 0.0984060242772102 0.0967538133263588 0.0954724550247192 0.0946938842535019 0.0940828993916512 0.0935385748744011 0.0930012688040733 0.0921586155891418 0.0912863835692406 0.0902257487177849 0.0891963243484497 0.0882537811994553 0.0873914286494255 0.0866530314087868 0.0860358029603958 0.0855297818779945
