Ecospace-environmental-drivers/Outputs/ASCII-for-ecospace/MOM6-ISIMIP3a/phyc-vint/1994-02_phyc-vint_MOM6-ISIMIP3a.asc
NCOLS 131 
NROWS 53 
XLLCORNER -98 
YLLCORNER 23.9265270233154 
CELLSIZE 0.133587792515755 
NODATA_value -9999 
[rows 0 to 19 of 53, columns 46 to 91 of 131]
-9999 -9999 -9999 -9999 -9999 -9999 -9999 -9999 -9999 -9999 -9999 -9999 -9999 -9999 -9999 -9999 -9999 -9999 -9999 -9999 -9999 -9999 -9999 -9999 -9999 -9999 -9999 -9999 -9999 -9999 -9999 -9999 -9999 -9999 -9999 -9999 -9999 -9999 -9999 -9999 -9999 -9999 -9999 -9999 -9999 -9999
-9999 -9999 -9999 -9999 -9999 -9999 -9999 -9999 -9999 -9999 -9999 -9999 -9999 -9999 -9999 -9999 -9999 -9999 -9999 -9999 -9999 -9999 -9999 -9999 -9999 -9999 -9999 -9999 -9999 -9999 -9999 -9999 -9999 -9999 -9999 -9999 -9999 -9999 -9999 -9999 -9999 -9999 -9999 -9999 -9999 -9999
-9999 -9999 -9999 -9999 -9999 -9999 -9999 -9999 -9999 -9999 -9999 -9999 -9999 -9999 -9999 -9999 -9999 -9999 -9999 -9999 -9999 -9999 -9999 -9999 -9999 -9999 -9999 -9999 0.123151756823063 0.122914850711823 -9999 -9999 -9999 -9999 -9999 -9999 -9999 -9999 -9999 -9999 -9999 -9999 -9999 -9999 -9999 -9999
-9999 -9999 -9999 -9999 -9999 -9999 -9999 -9999 -9999 -9999 -9999 -9999 -9999 -9999 -9999 -9999 -9999 -9999 -9999 -9999 -9999 -9999 -9999 -9999 -9999 -9999 -9999 -9999 0.123162783682346 0.122996427118778 -9999 -9999 -9999 -9999 -9999 -9999 -9999 -9999 -9999 -9999 -9999 -9999 -9999 -9999 -9999 -9999
-9999 -9999 -9999 -9999 -9999 -9999 -9999 -9999 -9999 -9999 -9999 -9999 -9999 -9999 -9999 -9999 -9999 -9999 -9999 0.132352009415627 0.131779998540878 0.131322398781776 0.128653079271317 0.126622796058655 0.123911291360855 0.123081482946873 0.12336428463459 0.123365446925163 0.12315845489502 0.122964456677437 0.122866377234459 -9999 -9999 0.115120239555836 0.109485067427158 0.111537471413612 0.123171828687191 0.144939973950386 0.16486831009388 0.175922244787216 0.172602847218513 0.153975635766983 0.127184063196182 -9999 -9999 -9999
-9999 -9999 -9999 -9999 -9999 -9999 -9999 -9999 -9999 -9999 -9999 -9999 -9999 -9999 -9999 0.139185383915901 -9999 0.138052850961685 0.137101322412491 0.134773820638657 0.132352009415627 0.131665602326393 0.131322398781776 0.125983759760857 0.122562237083912 0.123187884688377 0.123494327068329 0.123410642147064 0.123191371560097 0.122873350977898 0.122828647494316 0.122897133231163 0.120049759745598 0.116629205644131 0.108681760728359 0.103144235908985 0.122786410152912 0.143584832549095 0.168448686599731 0.182571396231651 0.176746666431427 0.158490464091301 0.12668976187706 0.0963719412684441 0.0670136138796806 -9999
-9999 -9999 -9999 -9999 -9999 -9999 -9999 -9999 -9999 -9999 -9999 0.149501904845238 0.1494170576334 0.149488389492035 0.150017485022545 0.145097717642784 0.139304608106613 0.139066159725189 0.137991055846214 0.137101322412491 0.134868130087852 0.132352009415627 0.131322398781776 0.125983759760857 0.122562237083912 0.123187884688377 0.123494327068329 0.123410642147064 0.123191371560097 0.122873350977898 0.122828647494316 0.122897133231163 0.120049759745598 0.116629205644131 0.108681760728359 0.103144235908985 0.122786410152912 0.143584832549095 0.168448686599731 0.182571396231651 0.176746666431427 0.158490464091301 0.12668976187706 0.0963719412684441 0.0670136138796806 0.0592547506093979
-9999 -9999 -9999 -9999 -9999 -9999 -9999 -9999 -9999 -9999 -9999 0.149956822395325 0.149501904845238 0.149332210421562 -9999 0.151089206337929 0.146397545933723 0.139543056488037 0.139066159725189 0.137805670499802 0.137101322412491 0.135151043534279 0.131880536675453 0.12308469414711 0.119308717548847 0.126130074262619 0.130344808101654 0.131373733282089 0.132204592227936 0.132891193032265 0.131560251116753 0.12939378619194 0.131756752729416 0.135010093450546 0.134723588824272 0.13563135266304 0.149486243724823 0.163332536816597 0.177148684859276 0.184334546327591 0.179207280278206 0.165521249175072 0.142510131001472 0.121326729655266 0.101325936615467 0.0836440399289131
-9999 -9999 -9999 -9999 -9999 -9999 -9999 -9999 -9999 -9999 -9999 -9999 -9999 -9999 -9999 0.15022873878479 0.153876408934593 0.149273350834846 0.140019968152046 0.139066159725189 0.137249514460564 0.13590906560421 0.132414042949677 0.119901970028877 0.115754812955856 0.129266664385796 0.13771253824234 0.139966741204262 0.141936898231506 0.143700167536736 0.141015663743019 0.136489182710648 0.144428744912148 0.154818832874298 0.16279648244381 0.1706582903862 0.178261131048203 0.184583395719528 0.186403125524521 0.186105564236641 0.181875944137573 0.173266053199768 0.159883692860603 0.148471340537071 0.138333678245544 0.107899941504002
0.130024075508118 0.129569739103317 -9999 -9999 -9999 -9999 -9999 -9999 -9999 -9999 -9999 0.13758896291256 0.150423124432564 -9999 -9999 -9999 0.152361184358597 0.160444915294647 0.154474496841431 0.140973776578903 0.140847206115723 0.136123269796371 0.130001172423363 0.118027709424496 0.114279940724373 0.127897307276726 0.136784762144089 0.13989132642746 0.142064809799194 0.143558651208878 0.142091080546379 0.139397084712982 0.145680636167526 0.15372896194458 0.1615359634161 0.169298365712166 0.176712244749069 0.182331025600433 0.181638196110725 0.181481689214706 0.182321161031723 0.178724825382233 0.170295491814613 0.155788481235504 0.137348920106888 0.113504000008106
0.129922136664391 0.129217326641083 0.129165306687355 -9999 -9999 -9999 -9999 -9999 -9999 -9999 -9999 0.131365895271301 0.139588087797165 0.150423124432564 -9999 -9999 0.14814430475235 0.159437358379364 0.173753082752228 0.159142076969147 0.143089681863785 0.134981945157051 0.126477599143982 0.116313509643078 0.113832339644432 0.127570450305939 0.13668355345726 0.140143945813179 0.142640635371208 0.14443539083004 0.144354268908501 0.14349627494812 0.148018762469292 0.153598934412003 0.161974519491196 0.170270293951035 0.176775142550468 0.181194260716438 0.178279861807823 0.178576990962029 0.184838309884071 0.185818895697594 0.181045964360237 0.163225963711739 0.136963874101639 0.119002237915993
0.129922136664391 0.129217326641083 0.1290612667799 0.127435401082039 0.126133561134338 -9999 -9999 -9999 -9999 -9999 -9999 -9999 0.134788453578949 0.142319858074188 0.150423124432564 0.149501904845238 0.14814430475235 0.159437358379364 0.173753082752228 0.156737551093102 0.138062998652458 0.126569777727127 0.116996414959431 0.115457862615585 0.118894822895527 0.132835477590561 0.141015872359276 0.142156049609184 0.14561901986599 0.150773882865906 0.152988418936729 0.153985276818275 0.156183212995529 0.158617258071899 0.171526536345482 0.183749943971634 0.185483396053314 0.186041340231895 0.182466134428978 0.184893637895584 0.198468819260597 0.201684460043907 0.193612977862358 0.171308845281601 0.139795482158661 0.123932830989361
0.129455432295799 0.128682419657707 0.127764090895653 0.126804426312447 0.126111805438995 -9999 -9999 -9999 -9999 0.127857699990273 0.127771034836769 0.129836201667786 0.134855523705482 0.139673635363579 0.144327118992805 0.145442485809326 0.144881919026375 0.154640406370163 0.166864454746246 0.14921560883522 0.130108952522278 0.119654014706612 0.112699672579765 0.120395690202713 0.12895393371582 0.139332413673401 0.145422607660294 0.146271646022797 0.150006279349327 0.155842751264572 0.158926442265511 0.160870105028152 0.16263447701931 0.164363592863083 0.180381923913956 0.195192947983742 0.193040639162064 0.190449088811874 0.186313152313232 0.189215287566185 0.205187931656837 0.209828898310661 0.202123641967773 0.180679157376289 0.150344759225845 0.13704651594162
0.12782196700573 0.126810237765312 0.126639932394028 0.126708909869194 0.126111805438995 0.125484451651573 0.125881671905518 0.126360177993774 0.127252250909805 0.127857699990273 0.127771034836769 0.129836201667786 0.134855523705482 0.134941592812538 0.130991399288177 0.131234303116798 0.133463397622108 0.137850806117058 0.142753899097443 0.128899857401848 0.114836342632771 0.116479322314262 0.121364325284958 0.139817476272583 0.15150485932827 0.148909166455269 0.150015369057655 0.155646070837975 0.157915830612183 0.157737538218498 0.158123984932899 0.158744320273399 0.16480265557766 0.171929985284805 0.187495663762093 0.201544269919395 0.197720348834991 0.193758547306061 0.189312011003494 0.188549369573593 0.19462813436985 0.198670193552971 0.200493186712265 0.193268120288849 0.180188536643982 0.170618370175362
0.12887479364872 0.128830507397652 0.126956626772881 0.124562405049801 0.12400234490633 0.123662255704403 0.124192595481873 0.124857805669308 0.126209154725075 0.126878306269646 0.125900253653526 0.126930266618729 0.13071708381176 0.12934248149395 0.123744979500771 0.12516413629055 0.129906922578812 0.130639553070068 0.130414023995399 0.12213809043169 0.114350169897079 0.121714852750301 0.131483688950539 0.151314169168472 0.163153722882271 0.158123821020126 0.156992688775063 0.160626649856567 0.159908920526505 0.156021505594254 0.156909331679344 0.159774750471115 0.167632952332497 0.17647260427475 0.190258577466011 0.202521130442619 0.198112323880196 0.19360476732254 0.188749969005585 0.185290724039078 0.18442314863205 0.186563372612 0.191980689764023 0.192643061280251 0.190228745341301 0.184510096907616
0.133725583553314 0.136353969573975 0.129310429096222 0.119516178965569 0.118910498917103 0.11926381289959 0.120115473866463 0.121231354773045 0.123691283166409 0.124514244496822 0.121384561061859 0.119915910065174 0.120727628469467 0.12251752614975 0.125107735395432 0.130599617958069 0.137465953826904 0.136970356106758 0.134715721011162 0.134539172053337 0.134769305586815 0.138840883970261 0.143659755587578 0.151606217026711 0.159389063715935 0.16682656109333 0.167341351509094 0.159395143389702 0.153537228703499 0.149200394749641 0.155111864209175 0.165267512202263 0.17139932513237 0.176740154623985 0.186870217323303 0.195899456739426 0.192442268133163 0.188554629683495 0.183153495192528 0.178366437554359 0.17471981048584 0.173116117715836 0.17373825609684 0.173335760831833 0.172270283102989 0.170577734708786
0.138599678874016 0.141371473670006 0.132021933794022 0.119225069880486 0.115036189556122 0.111886739730835 0.11301176995039 0.115035384893417 0.121629998087883 0.125319480895996 0.121994249522686 0.11976832151413 0.119051620364189 0.123072125017643 0.130968496203423 0.137806966900826 0.144144326448441 0.144806265830994 0.144112154841423 0.148204535245895 0.152439057826996 0.153956457972527 0.155542269349098 0.157414466142654 0.161837220191956 0.171644434332848 0.171120956540108 0.157971233129501 0.152385413646698 0.152309030294418 0.161526709794998 0.174593403935432 0.179174035787582 0.182086497545242 0.186604663729668 0.190513730049133 0.187891736626625 0.184625789523125 0.179095670580864 0.173714771866798 0.168610990047455 0.164913564920425 0.162748426198959 0.161130025982857 0.159865364432335 0.159642577171326
0.143493428826332 0.144278660416603 0.135034650564194 0.122938334941864 0.112187184393406 0.102001309394836 0.103359319269657 0.106675572693348 0.119953200221062 0.128793656826019 0.126920118927956 0.125403389334679 0.124376505613327 0.129841193556786 0.140617117285728 0.146506428718567 0.15008108317852 0.153909683227539 0.157798960804939 0.162934571504593 0.167793497443199 0.16737899184227 0.167177572846413 0.16786801815033 0.169517293572426 0.173190772533417 0.169368624687195 0.156385287642479 0.155629351735115 0.163779675960541 0.174857318401337 0.187147244811058 0.190324231982231 0.191709816455841 0.188968881964684 0.186168819665909 0.184283971786499 0.181641221046448 0.176333591341972 0.170976921916008 0.165529191493988 0.161127716302872 0.157866179943085 0.154904633760452 0.152137219905853 0.151231423020363
0.147618636488914 0.147805318236351 0.141938239336014 0.134349480271339 0.123362481594086 0.112472407519817 0.113590061664581 0.116182141005993 0.126274451613426 0.133110612630844 0.132084459066391 0.132574811577797 0.135147079825401 0.13889180123806 0.143595784902573 0.149181544780731 0.155184984207153 0.159986883401871 0.164501696825027 0.167516231536865 0.170313432812691 0.171447619795799 0.172265484929085 0.171759560704231 0.171653434634209 0.172391265630722 0.169146195054054 0.161033168435097 0.161266773939133 0.16757994890213 0.182827636599541 0.201775416731834 0.19776326417923 0.189237728714943 0.188472881913185 0.187530070543289 0.182041376829147 0.176579847931862 0.171213760972023 0.166373267769814 0.162508830428123 0.158726200461388 0.155032724142075 0.151910126209259 0.149156898260117 0.147319540381432
0.151367738842964 0.151635110378265 0.150745898485184 0.149527743458748 0.14140085875988 0.132905378937721 0.133551046252251 0.13443198800087 0.136509701609612 0.137839987874031 0.137365520000458 0.140498086810112 0.148582637310028 0.149058938026428 0.143310397863388 0.148908525705338 0.159881338477135 0.164583161473274 0.16778664290905 0.167131572961807 0.166552558541298 0.170938715338707 0.17414927482605 0.172439873218536 0.171076536178589 0.170443773269653 0.169672429561615 0.168731689453125 0.168075487017632 0.167626544833183 0.188174784183502 0.217418670654297 0.203386157751083 0.180846527218819 0.186577171087265 0.191683754324913 0.180466860532761 0.170502156019211 0.164940133690834 0.160856544971466 0.159518539905548 0.157002165913582 0.153201892971992 0.150496691465378 0.148500040173531 0.145609468221664
