Ecospace-environmental-drivers/Outputs/ASCII-for-ecospace/MOM6-ISIMIP3a/phyc-vint/1994-06_phyc-vint_MOM6-ISIMIP3a.asc
NCOLS 131 
NROWS 53 
XLLCORNER -98 
YLLCORNER 23.9265270233154 
CELLSIZE 0.133587792515755 
NODATA_value -9999 
[rows 0 to 19 of 53, columns 45 to 89 of 131]
-9999 -9999 -9999 -9999 -9999 -9999 -9999 -9999 -9999 -9999 -9999 -9999 -9999 -9999 -9999 -9999 -9999 -9999 -9999 -9999 -9999 -9999 -9999 -9999 -9999 -9999 -9999 -9999 -9999 -9999 -9999 -9999 -9999 -9999 -9999 -9999 -9999 -9999 -9999 -9999 -9999 -9999 -9999 -9999 -9999
-9999 -9999 -9999 -9999 -9999 -9999 -9999 -9999 -9999 -9999 -9999 -9999 -9999 -9999 -9999 -9999 -9999 -9999 -9999 -9999 -9999 -9999 -9999 -9999 -9999 -9999 -9999 -9999 -9999 -9999 -9999 -9999 -9999 -9999 -9999 -9999 -9999 -9999 -9999 -9999 -9999 -9999 -9999 -9999 -9999
-9999 -9999 -9999 -9999 -9999 -9999 -9999 -9999 -9999 -9999 -9999 -9999 -9999 -9999 -9999 -9999 -9999 -9999 -9999 -9999 -9999 -9999 -9999 -9999 -9999 -9999 -9999 -9999 -9999 0.134073704481125 0.133184120059013 -9999 -9999 -9999 -9999 -9999 -9999 -9999 -9999 -9999 -9999 -9999 -9999 -9999 -9999
-9999 -9999 -9999 -9999 -9999 -9999 -9999 -9999 -9999 -9999 -9999 -9999 -9999 -9999 -9999 -9999 -9999 -9999 -9999 -9999 -9999 -9999 -9999 -9999 -9999 -9999 -9999 -9999 -9999 0.134084269404411 0.133438631892204 -9999 -9999 -9999 -9999 -9999 -9999 -9999 -9999 -9999 -9999 -9999 -9999 -9999 -9999
-9999 -9999 -9999 -9999 -9999 -9999 -9999 -9999 -9999 -9999 -9999 -9999 -9999 -9999 -9999 -9999 -9999 -9999 -9999 -9999 0.145404547452927 0.144964903593063 0.144613176584244 0.142561495304108 0.140823632478714 0.138010337948799 0.136254131793976 0.135340049862862 0.134643465280533 0.134111106395721 0.13349823653698 0.132706552743912 -9999 -9999 0.114348955452442 0.100742042064667 0.0897752642631531 0.0860655829310417 0.0941010415554047 0.105979904532433 0.115694597363472 0.114672251045704 0.101417966187 0.0814561694860458 -9999
-9999 -9999 -9999 -9999 -9999 -9999 -9999 -9999 -9999 -9999 -9999 -9999 -9999 -9999 -9999 -9999 0.157485291361809 -9999 0.152889266610146 0.149058014154434 0.147255912423134 0.145404547452927 0.144876971840858 0.144613176584244 0.140509828925133 0.137347877025604 0.136173292994499 0.135241240262985 0.134605601429939 0.134083539247513 0.133644193410873 0.132766991853714 0.131708458065987 0.125175103545189 0.117565520107746 0.100306235253811 0.0843543633818626 0.0846651867032051 0.0891771912574768 0.108460739254951 0.120301775634289 0.118321269750595 0.105393700301647 0.0805389285087585 0.0584358721971512
-9999 -9999 -9999 -9999 -9999 -9999 -9999 -9999 -9999 -9999 -9999 -9999 0.168260961771011 0.168657451868057 0.169384106993675 0.172464832663536 0.167086765170097 0.157991990447044 0.156978607177734 0.152631163597107 0.149058014154434 0.147305190563202 0.145404547452927 0.144613176584244 0.140509828925133 0.137347877025604 0.136173292994499 0.135241240262985 0.134605601429939 0.134083539247513 0.133644193410873 0.132766991853714 0.131708458065987 0.125175103545189 0.117565520107746 0.100306235253811 0.0843543633818626 0.0846651867032051 0.0891771912574768 0.108460739254951 0.120301775634289 0.118321269750595 0.105393700301647 0.0805389285087585 0.0584358721971512
-9999 -9999 -9999 -9999 -9999 -9999 -9999 -9999 -9999 -9999 -9999 -9999 0.166135177016258 0.168260961771011 0.169053927063942 -9999 0.177503168582916 0.172122657299042 0.159005373716354 0.156978607177734 0.151856869459152 0.149058014154434 0.147453024983406 0.14453150331974 0.136100113391876 0.131821423768997 0.136309370398521 0.138593658804893 0.138184607028961 0.137955740094185 0.137858107686043 0.136365562677383 0.134295344352722 0.132394835352898 0.130527660250664 0.115975461900234 0.102429397404194 0.103301040828228 0.10626059025526 0.116561308503151 0.12233655154705 0.119707487523556 0.10914371162653 0.0899347886443138 0.0803467333316803
0.143065482378006 -9999 -9999 -9999 -9999 -9999 -9999 -9999 -9999 -9999 -9999 -9999 -9999 -9999 -9999 -9999 0.174404382705688 0.188258215785027 0.181966707110405 0.161032140254974 0.156978607177734 0.149534001946449 0.148128286004066 0.144456878304482 0.131303295493126 0.125775218009949 0.136345162987709 0.142138093709946 0.142092496156693 0.142213121056557 0.14245480298996 0.140296459197998 0.137144178152084 0.14011350274086 0.144286185503006 0.132859289646149 0.122101970016956 0.123529009521008 0.124759219586849 0.125297352671623 0.124500349164009 0.121223881840706 0.113306358456612 0.100332245230675 0.104080490767956
0.143023923039436 0.142919465899467 0.142864629626274 -9999 -9999 -9999 -9999 -9999 -9999 -9999 -9999 -9999 0.14860112965107 0.163956254720688 -9999 -9999 -9999 0.18351936340332 0.209822461009026 0.198480933904648 0.165085658431053 0.165219038724899 0.155584707856178 0.144930005073547 0.1300048828125 0.12293703854084 0.132456541061401 0.139544665813446 0.143661186099052 0.144937753677368 0.144145771861076 0.141930431127548 0.139125630259514 0.137518733739853 0.136147305369377 0.131838768720627 0.127801835536957 0.127480581402779 0.12683230638504 0.125034153461456 0.123363338410854 0.121929004788399 0.11733116209507 0.109286561608315 0.107010819017887
0.143029153347015 0.142929747700691 0.142799511551857 0.142789900302887 -9999 -9999 -9999 -9999 -9999 -9999 -9999 -9999 0.140729457139969 0.149483725428581 0.163956254720688 -9999 -9999 0.174604699015617 0.207692444324493 0.247170239686966 0.215477749705315 0.180047258734703 0.161374017596245 0.143293499946594 0.127693623304367 0.120152421295643 0.129623740911484 0.138157472014427 0.14554525911808 0.14777484536171 0.146247282624245 0.143949091434479 0.141331776976585 0.135837018489838 0.129776641726494 0.131309702992439 0.132784157991409 0.130938977003098 0.128683552145958 0.12498564273119 0.122622452676296 0.122737996280193 0.121123723685741 0.117624767124653 0.109576985239983
0.143062263727188 0.142929747700691 0.142799511551857 0.142770677804947 0.142266929149628 0.141854807734489 -9999 -9999 -9999 -9999 -9999 -9999 -9999 0.14219368994236 0.151859372854233 0.163956254720688 0.168260961771011 0.174604699015617 0.207692444324493 0.247170239686966 0.221024230122566 0.1902796626091 0.158221170306206 0.130341351032257 0.119949646294117 0.117655090987682 0.132454261183739 0.143240183591843 0.149121090769768 0.151215136051178 0.15055088698864 0.148031175136566 0.144743055105209 0.139052838087082 0.132890433073044 0.133416682481766 0.133917659521103 0.131752043962479 0.129344940185547 0.126088708639145 0.124006353318691 0.124104037880898 0.123670540750027 0.122658297419548 0.110189907252789
0.142352774739265 0.142371356487274 0.142323523759842 0.142255276441574 0.142181217670441 0.14186055958271 -9999 -9999 -9999 -9999 0.141034975647926 0.139722511172295 0.139449775218964 0.140604466199875 0.14652681350708 0.156349956989288 0.164295732975006 0.171352252364159 0.199876949191093 0.23353111743927 0.214688569307327 0.191185161471367 0.152335330843925 0.120562516152859 0.118407748639584 0.12204821407795 0.137922838330269 0.148345127701759 0.152103498578072 0.153547167778015 0.153304859995842 0.150712713599205 0.14714740216732 0.141686156392097 0.135852217674255 0.135298416018486 0.134747251868248 0.13231173157692 0.12989167869091 0.12752602994442 0.125652343034744 0.124692343175411 0.125102281570435 0.127004832029343 0.113816559314728
0.139786705374718 0.140416964888573 0.140657544136047 0.141319692134857 0.142101734876633 0.14186055958271 0.141522660851479 0.141401171684265 0.141310140490532 0.141374111175537 0.141034975647926 0.139722511172295 0.139449775218964 0.140604466199875 0.141950488090515 0.143453046679497 0.150417268276215 0.159968554973602 0.172522321343422 0.185793504118919 0.178646922111511 0.168772891163826 0.139616817235947 0.118717156350613 0.132371380925179 0.143667802214622 0.149986729025841 0.153505623340607 0.153602331876755 0.153108552098274 0.152184665203094 0.149892792105675 0.147034391760826 0.142863228917122 0.138434007763863 0.136617034673691 0.13481704890728 0.132237955927849 0.130151823163033 0.129799023270607 0.127953588962555 0.123336233198643 0.123746275901794 0.129633858799934 0.124977715313435
0.138809785246849 0.141207069158554 0.143419593572617 0.142291456460953 0.140213221311569 0.140173926949501 0.14032456278801 0.139968752861023 0.139632344245911 0.139394581317902 0.138440847396851 0.135758340358734 0.134214088320732 0.134232506155968 0.134543433785439 0.135093688964844 0.142664521932602 0.153560847043991 0.156499639153481 0.157537117600441 0.156632855534554 0.154539600014687 0.137082606554031 0.126359939575195 0.143821150064468 0.155706748366356 0.155821800231934 0.154983371496201 0.152979627251625 0.15138079226017 0.150076881051064 0.147981062531471 0.145557284355164 0.14248625934124 0.139287993311882 0.136740565299988 0.134226813912392 0.131806507706642 0.130076944828033 0.130776107311249 0.129228949546814 0.123510099947453 0.123637199401855 0.130133658647537 0.130158141255379
0.140079587697983 0.14587739109993 0.152442082762718 0.145959854125977 0.135767102241516 0.136102691292763 0.137432560324669 0.136511191725731 0.135582461953163 0.134616360068321 0.132179096341133 0.126189559698105 0.121576085686684 0.118851743638515 0.123134255409241 0.133149579167366 0.143572419881821 0.154188275337219 0.15649825334549 0.156823664903641 0.154451206326485 0.151869937777519 0.14894711971283 0.147417217493057 0.151716768741608 0.15420038998127 0.152850463986397 0.151254370808601 0.149357438087463 0.147830411791801 0.146572813391685 0.144525691866875 0.142151609063148 0.139912158250809 0.13769918680191 0.135174468159676 0.132703393697739 0.130869388580322 0.129528418183327 0.129921048879623 0.129053860902786 0.125847086310387 0.125291064381599 0.127623155713081 0.126882925629616
0.139236092567444 0.145756274461746 0.153309479355812 0.145128086209297 0.132471799850464 0.128692716360092 0.125877678394318 0.124557681381702 0.124283865094185 0.129331827163696 0.130907341837883 0.124098271131516 0.118633426725864 0.115014038980007 0.121290624141693 0.135663837194443 0.146041169762611 0.154525771737099 0.156092330813408 0.156005948781967 0.153584808111191 0.151305213570595 0.15342053771019 0.154867812991142 0.153519257903099 0.151959151029587 0.149952411651611 0.147923856973648 0.145868629217148 0.144098162651062 0.142535120248795 0.140531286597252 0.138344913721085 0.136369630694389 0.134435832500458 0.132245942950249 0.13014443218708 0.128998979926109 0.128207594156265 0.128661051392555 0.128425404429436 0.126910030841827 0.126543328166008 0.127428129315376 0.126146197319031
0.136612966656685 0.14160019159317 0.147309318184853 0.140506640076637 0.130145594477654 0.118471123278141 0.107027620077133 0.105449587106705 0.106880985200405 0.123620927333832 0.133837759494781 0.128303900361061 0.123855404555798 0.120896942913532 0.12750232219696 0.141932561993599 0.149824380874634 0.154619082808495 0.155345752835274 0.155100435018539 0.153825998306274 0.152513116598129 0.151669770479202 0.150859981775284 0.150190621614456 0.149099037051201 0.147116079926491 0.144928902387619 0.14249213039875 0.140212774276733 0.13804803788662 0.136082947254181 0.134200528264046 0.132011547684669 0.129762306809425 0.128170117735863 0.126713424921036 0.12634265422821 0.126236379146576 0.127060055732727 0.127415165305138 0.126900091767311 0.127457365393639 0.129182994365692 0.127547189593315
0.134770631790161 0.137556970119476 0.140866413712502 0.137347191572189 0.131885886192322 0.119914889335632 0.107709959149361 0.107179090380669 0.108941607177258 0.122370272874832 0.130966708064079 0.127895206212997 0.126579523086548 0.12767431139946 0.133902966976166 0.144332021474838 0.149600207805634 0.152423784136772 0.152520999312401 0.151966825127602 0.150950327515602 0.149872615933418 0.148366361856461 0.147039845585823 0.146465599536896 0.145391508936882 0.143262162804604 0.140812024474144 0.137969791889191 0.135369464755058 0.132945328950882 0.131079658865929 0.129445269703865 0.127717241644859 0.125970810651779 0.125087395310402 0.124324589967728 0.124427914619446 0.124856606125832 0.126429289579391 0.127358809113503 0.127093911170959 0.127818018198013 0.129619717597961 0.128250017762184
0.133310407400131 0.133568987250328 0.134206846356392 0.134903192520142 0.135616198182106 0.12706732749939 0.1179508715868 0.119105890393257 0.12052708864212 0.123302325606346 0.125256553292274 0.125228390097618 0.128081262111664 0.134889394044876 0.14039608836174 0.144837990403175 0.147414937615395 0.149108484387398 0.148679256439209 0.147742822766304 0.146549344062805 0.145348832011223 0.144303143024445 0.143311589956284 0.142546594142914 0.141269251704216 0.13891027867794 0.136146113276482 0.132886707782745 0.130057379603386 0.127541333436966 0.125804781913757 0.124391064047813 0.123454138636589 0.122610941529274 0.122490651905537 0.122445777058601 0.122876085340977 0.123766258358955 0.126273334026337 0.127769276499748 0.127387419342995 0.127907857298851 0.129411369562149 0.128611177206039
