Ecospace-environmental-drivers/Outputs/ASCII-for-ecospace/MOM6-ISIMIP3a/phyc-vint/1994-10_phyc-vint_MOM6-ISIMIP3a.asc
NCOLS 131 
NROWS 53 
XLLCORNER -98 
YLLCORNER 23.9265270233154 
CELLSIZE 0.133587792515755 
NODATA_value -9999 
[rows 0 to 19 of 53, columns 45 to 89 of 131]
-9999 -9999 -9999 -9999 -9999 -9999 -9999 -9999 -9999 -9999 -9999 -9999 -9999 -9999 -9999 -9999 -9999 -9999 -9999 -9999 -9999 -9999 -9999 -9999 -9999 -9999 -9999 -9999 -9999 -9999 -9999 -9999 -9999 -9999 -9999 -9999 -9999 -9999 -9999 -9999 -9999 -9999 -9999 -9999 -9999
-9999 -9999 -9999 -9999 -9999 -9999 -9999 -9999 -9999 -9999 -9999 -9999 -9999 -9999 -9999 -9999 -9999 -9999 -9999 -9999 -9999 -9999 -9999 -9999 -9999 -9999 -9999 -9999 -9999 -9999 -9999 -9999 -9999 -9999 -9999 -9999 -9999 -9999 -9999 -9999 -9999 -9999 -9999 -9999 -9999
-9999 -9999 -9999 -9999 -9999 -9999 -9999 -9999 -9999 -9999 -9999 -9999 -9999 -9999 -9999 -9999 -9999 -9999 -9999 -9999 -9999 -9999 -9999 -9999 -9999 -9999 -9999 -9999 -9999 0.101385988295078 0.0972284004092216 -9999 -9999 -9999 -9999 -9999 -9999 -9999 -9999 -9999 -9999 -9999 -9999 -9999 -9999
-9999 -9999 -9999 -9999 -9999 -9999 -9999 -9999 -9999 -9999 -9999 -9999 -9999 -9999 -9999 -9999 -9999 -9999 -9999 -9999 -9999 -9999 -9999 -9999 -9999 -9999 -9999 -9999 -9999 0.101864457130432 0.0979449525475502 -9999 -9999 -9999 -9999 -9999 -9999 -9999 -9999 -9999 -9999 -9999 -9999 -9999 -9999
-9999 -9999 -9999 -9999 -9999 -9999 -9999 -9999 -9999 -9999 -9999 -9999 -9999 -9999 -9999 -9999 -9999 -9999 -9999 -9999 0.124263383448124 0.123390890657902 0.12269289791584 0.118621326982975 0.115277156233788 0.110124409198761 0.107272900640965 0.106041990220547 0.104538805782795 0.102464869618416 0.098589688539505 0.0927802920341492 -9999 -9999 0.0610160827636719 0.0469562262296677 0.0385460779070854 0.0378190949559212 0.0460957922041416 0.0555434413254261 0.0631758794188499 0.0652161687612534 0.0609673075377941 0.0532363280653954 -9999
-9999 -9999 -9999 -9999 -9999 -9999 -9999 -9999 -9999 -9999 -9999 -9999 -9999 -9999 -9999 -9999 0.127211540937424 -9999 0.127192378044128 0.127171620726585 0.125679165124893 0.124263383448124 0.123216390609741 0.12269289791584 0.11454975605011 0.108588807284832 0.10723465681076 0.105995245277882 0.104896068572998 0.102725096046925 0.0997734442353249 0.0932705253362656 0.0852969139814377 0.0742048397660255 0.06249975040555 0.0463436543941498 0.0320252701640129 0.0372693091630936 0.0441627092659473 0.0568553619086742 0.065612256526947 0.0670600160956383 0.0629762411117554 0.0528656654059887 0.0438670739531517
-9999 -9999 -9999 -9999 -9999 -9999 -9999 -9999 -9999 -9999 -9999 -9999 0.130200296640396 0.130059972405434 0.129873633384705 0.129154413938522 0.127751022577286 0.127206921577454 0.127216145396233 0.127189368009567 0.127171620726585 0.125602513551712 0.124263383448124 0.12269289791584 0.11454975605011 0.108588807284832 0.10723465681076 0.105995245277882 0.104896068572998 0.102725096046925 0.0997734442353249 0.0932705253362656 0.0852969139814377 0.0742048397660255 0.06249975040555 0.0463436543941498 0.0320252701640129 0.0372693091630936 0.0441627092659473 0.0568553619086742 0.065612256526947 0.0670600160956383 0.0629762411117554 0.0528656654059887 0.0438670739531517
-9999 -9999 -9999 -9999 -9999 -9999 -9999 -9999 -9999 -9999 -9999 -9999 0.130952626466751 0.130200296640396 0.129919663071632 -9999 0.128042623400688 0.126788422465324 0.127197697758675 0.127216145396233 0.127180337905884 0.127171620726585 0.125372529029846 0.121623210608959 0.109711952507496 0.102251425385475 0.104186743497849 0.103400282561779 0.0992872416973114 0.0938358828425407 0.0874097123742104 0.0803356990218163 0.0729933828115463 0.0697474852204323 0.0673068463802338 0.0551933422684669 0.0444422699511051 0.0504998192191124 0.0570215955376625 0.0651756227016449 0.0707166194915771 0.0714049488306046 0.0684693530201912 0.0615853816270828 0.0604701079428196
0.12507863342762 -9999 -9999 -9999 -9999 -9999 -9999 -9999 -9999 -9999 -9999 -9999 -9999 -9999 -9999 -9999 0.128663554787636 0.12582528591156 0.12503944337368 0.127179265022278 0.127216145396233 0.127153232693672 0.125133723020554 0.120413765311241 0.104392185807228 0.0952379554510117 0.100581251084805 0.100233852863312 0.0929312631487846 0.0839932709932327 0.0738640800118446 0.066229946911335 0.0596291050314903 0.0647335201501846 0.0721388980746269 0.0646341070532799 0.0579673871397972 0.0648816898465157 0.0709684267640114 0.0741453990340233 0.0761647522449493 0.0760343074798584 0.0743777379393578 0.0710584223270416 0.0784363970160484
0.124619647860527 0.123991139233112 0.123732969164848 -9999 -9999 -9999 -9999 -9999 -9999 -9999 -9999 -9999 0.124148547649384 0.131723761558533 -9999 -9999 -9999 0.126712635159492 0.121685490012169 0.122403711080551 0.127142369747162 0.126954793930054 0.124143518507481 0.118493512272835 0.100963145494461 0.0891805291175842 0.0895318388938904 0.0874398350715637 0.082361601293087 0.0753186568617821 0.0668446496129036 0.0611818805336952 0.0566833429038525 0.0576340183615685 0.0596558786928654 0.0607354678213596 0.0622558929026127 0.0684236884117126 0.0733232200145721 0.0737634971737862 0.0740156248211861 0.0739183351397514 0.0736517310142517 0.0732006430625916 0.0800251662731171
0.124507464468479 0.124013118445873 0.123452827334404 0.123411476612091 -9999 -9999 -9999 -9999 -9999 -9999 -9999 -9999 0.120183020830154 0.124260917305946 0.131723761558533 -9999 -9999 0.127955213189125 0.121982380747795 0.115118868649006 0.12055879086256 0.126140415668488 0.121482424438 0.114190191030502 0.0958733782172203 0.0824158564209938 0.0792166963219643 0.0762516111135483 0.0735726207494736 0.0687155872583389 0.0622721053659916 0.0586359761655331 0.0561624690890312 0.0537862703204155 0.0514292009174824 0.0594254545867443 0.0674877688288689 0.0724499300122261 0.0758696049451828 0.0738658383488655 0.0724613443017006 0.07216976583004 0.0728963240981102 0.0747321769595146 0.0803313180804253
0.124501101672649 0.124013118445873 0.123452827334404 0.123328767716885 0.122482523322105 0.122060626745224 -9999 -9999 -9999 -9999 -9999 -9999 -9999 0.120477095246315 0.125115841627121 0.131723761558533 0.130200296640396 0.127955213189125 0.121982380747795 0.115118868649006 0.118740975856781 0.122022300958633 0.109859019517899 0.0971045270562172 0.0818757340312004 0.071857713162899 0.0728400275111198 0.0736765414476395 0.0743348747491837 0.0732239112257957 0.0708242282271385 0.0695112124085426 0.0686482265591621 0.0673802867531776 0.0660327523946762 0.0720003470778465 0.0777796879410744 0.0790735855698586 0.0794436559081078 0.0765655115246773 0.0740976855158806 0.0723918527364731 0.071983277797699 0.0729881078004837 0.0737577900290489
0.12379689514637 0.123410314321518 0.12287662178278 0.122464187443256 0.122086241841316 0.122050888836384 -9999 -9999 -9999 -9999 0.121609590947628 0.12007249891758 0.119352877140045 0.119755551218987 0.122322849929333 0.126661196351051 0.126992598176003 0.125426009297371 0.120841652154922 0.115536235272884 0.117230534553528 0.118097394704819 0.0999220162630081 0.0835976824164391 0.0750201940536499 0.0700903683900833 0.0728610381484032 0.0753678381443024 0.0775521397590637 0.0788658410310745 0.0795454010367393 0.0799608156085014 0.0802668482065201 0.0797587260603905 0.0790905505418777 0.0827252864837646 0.0860342159867287 0.0846036747097969 0.0827141031622887 0.0792105868458748 0.0759510695934296 0.0731446966528893 0.071682870388031 0.0716859772801399 0.069216713309288
0.121348053216934 0.121300473809242 0.120859861373901 0.121298499405384 0.121987201273441 0.122050888836384 0.122044757008553 0.121880754828453 0.121771439909935 0.121940322220325 0.121609590947628 0.12007249891758 0.119352877140045 0.119755551218987 0.118549659848213 0.116027690470219 0.115765504539013 0.116573721170425 0.116849035024643 0.116997018456459 0.11648853123188 0.114655539393425 0.0942010954022408 0.0790380835533142 0.0860202834010124 0.0903004854917526 0.0888765752315521 0.0877252444624901 0.0869070738554001 0.0873418301343918 0.0886892005801201 0.0893463417887688 0.0897176265716553 0.0890981256961823 0.088283859193325 0.0888252481818199 0.0891951844096184 0.0873997807502747 0.0852255150675774 0.0817191377282143 0.0783470794558525 0.0752244666218758 0.0729141011834145 0.0714887157082558 0.0697568655014038
0.119769379496574 0.120933204889297 0.121958278119564 0.121324315667152 0.120218522846699 0.120313197374344 0.120509892702103 0.120143324136734 0.119877584278584 0.120124772191048 0.119473934173584 0.116654753684998 0.115127362310886 0.1153734177351 0.113665372133255 0.110358543694019 0.111399158835411 0.11449907720089 0.116558775305748 0.118369929492474 0.116074256598949 0.112576931715012 0.0956961959600449 0.0841971412301064 0.0952208936214447 0.101756259799004 0.0988162830471992 0.0962381884455681 0.0941023826599121 0.0938864648342133 0.0950689688324928 0.0955594554543495 0.0957633629441261 0.0949440822005272 0.0939236581325531 0.0926403850317001 0.0912881121039391 0.0893567651510239 0.0871465727686882 0.0839559435844421 0.0807858034968376 0.077653706073761 0.0748766958713531 0.0724865719676018 0.0708974599838257
0.119420982897282 0.123029597103596 0.127460986375809 0.123034693300724 0.116089276969433 0.116118721663952 0.116805009543896 0.115949489176273 0.115306176245213 0.115742363035679 0.114318862557411 0.108404941856861 0.104927726089954 0.104795753955841 0.107210211455822 0.111708074808121 0.11673267185688 0.122006773948669 0.121502958238125 0.119618609547615 0.116123341023922 0.112425699830055 0.107393451035023 0.103096581995487 0.101877368986607 0.100834980607033 0.100165881216526 0.0993157550692558 0.0982443764805794 0.0977005138993263 0.0975408777594566 0.0972873792052269 0.0969950035214424 0.0958509370684624 0.0945394411683083 0.0932252109050751 0.0918710231781006 0.0901273712515831 0.0882329791784286 0.0858085453510284 0.0832849070429802 0.0805770307779312 0.0778733044862747 0.07517409324646 0.0728869661688805
0.120201177895069 0.123973116278648 0.128590404987335 0.122705511748791 0.113833792507648 0.111197337508202 0.109235405921936 0.108253240585327 0.108046934008598 0.111787386238575 0.112725108861923 0.106895387172699 0.103062227368355 0.101970084011555 0.105841107666492 0.113772854208946 0.119302548468113 0.123694442212582 0.121854200959206 0.118524886667728 0.115041993558407 0.111761219799519 0.111575789749622 0.110341086983681 0.104715071618557 0.100982926785946 0.101248890161514 0.101112559437752 0.100484527647495 0.0997869819402695 0.099038802087307 0.0984413251280785 0.0979062616825104 0.0964493155479431 0.0948111563920975 0.0934848710894585 0.092138983309269 0.0904887914657593 0.0887708142399788 0.0868144929409027 0.084778681397438 0.0825952365994453 0.0802869871258736 0.0778427571058273 0.0754900723695755
0.121931791305542 0.123945780098438 0.126036986708641 0.12065877020359 0.113156244158745 0.105663806200027 0.0984112620353699 0.0976075381040573 0.0985242202877998 0.108192346990108 0.114130422472954 0.111061923205853 0.108215071260929 0.105672508478165 0.108755074441433 0.116439960896969 0.119545117020607 0.120480954647064 0.118337623775005 0.115458577871323 0.113008692860603 0.110664501786232 0.10942967236042 0.10777073353529 0.10433690994978 0.102031283080578 0.102107398211956 0.101830795407295 0.101123087108135 0.100418619811535 0.0997165143489838 0.0991119220852852 0.0985477119684219 0.0967879295349121 0.0947931185364723 0.0934706926345825 0.0921417251229286 0.0905056297779083 0.0888466909527779 0.0871074572205544 0.0854258388280869 0.0838512256741524 0.0822097808122635 0.0804955363273621 0.0786098912358284
0.121019005775452 0.121765218675137 0.122540555894375 0.120097331702709 0.116738744080067 0.109433084726334 0.10199486464262 0.101885549724102 0.102952979505062 0.110006377100945 0.114372760057449 0.112251058220863 0.110323771834373 0.108663395047188 0.110625825822353 0.115552350878716 0.116967208683491 0.116718664765358 0.11491234600544 0.112733826041222 0.110868774354458 0.109046407043934 0.107531875371933 0.105909660458565 0.10383677482605 0.102307036519051 0.101923905313015 0.101333148777485 0.100488625466824 0.0998700335621834 0.0994160175323486 0.0989671871066093 0.0985204949975014 0.0967375338077545 0.0946919023990631 0.0933555066585541 0.092005580663681 0.0902669206261635 0.0885492563247681 0.0869053825736046 0.0853413268923759 0.0839254781603813 0.0825943499803543 0.0813555419445038 0.079972542822361
0.11881261318922 0.118530929088593 0.118582636117935 0.120262749493122 0.122405990958214 0.117754891514778 0.112629197537899 0.113466776907444 0.114209175109863 0.114467449486256 0.114045970141888 0.111983142793179 0.110942766070366 0.111306071281433 0.111986063420773 0.112925164401531 0.113009035587311 0.112687811255455 0.111531756818295 0.110176227986813 0.108676686882973 0.107173152267933 0.105755597352982 0.104395672678947 0.103276960551739 0.102204702794552 0.10123048722744 0.100240483880043 0.0992311760783195 0.0987438783049583 0.0986368209123611 0.0984234437346458 0.0981660485267639 0.0964967831969261 0.0945499688386917 0.093190886080265 0.0918014720082283 0.0899031609296799 0.0880691260099411 0.0864610597491264 0.0848987549543381 0.0834214240312576 0.0822261646389961 0.0813382193446159 0.0804752856492996
