Ecospace-environmental-drivers/Outputs/ASCII-for-ecospace/MOM6-ISIMIP3a/phyc-vint/1995-09_phyc-vint_MOM6-ISIMIP3a.asc
NCOLS 131 
NROWS 53 
XLLCORNER -98 
YLLCORNER 23.9265270233154 
CELLSIZE 0.133587792515755 
NODATA_value -9999 
[rows 0 to 19 of 53, columns 45 to 89 of 131]
-9999 -9999 -9999 -9999 -9999 -9999 -9999 -9999 -9999 -9999 -9999 -9999 -9999 -9999 -9999 -9999 -9999 -9999 -9999 -9999 -9999 -9999 -9999 -9999 -9999 -9999 -9999 -9999 -9999 -9999 -9999 -9999 -9999 -9999 -9999 -9999 -9999 -9999 -9999 -9999 -9999 -9999 -9999 -9999 -9999
-9999 -9999 -9999 -9999 -9999 -9999 -9999 -9999 -9999 -9999 -9999 -9999 -9999 -9999 -9999 -9999 -9999 -9999 -9999 -9999 -9999 -9999 -9999 -9999 -9999 -9999 -9999 -9999 -9999 -9999 -9999 -9999 -9999 -9999 -9999 -9999 -9999 -9999 -9999 -9999 -9999 -9999 -9999 -9999 -9999
-9999 -9999 -9999 -9999 -9999 -9999 -9999 -9999 -9999 -9999 -9999 -9999 -9999 -9999 -9999 -9999 -9999 -9999 -9999 -9999 -9999 -9999 -9999 -9999 -9999 -9999 -9999 -9999 -9999 0.112611666321754 0.110971964895725 -9999 -9999 -9999 -9999 -9999 -9999 -9999 -9999 -9999 -9999 -9999 -9999 -9999 -9999
-9999 -9999 -9999 -9999 -9999 -9999 -9999 -9999 -9999 -9999 -9999 -9999 -9999 -9999 -9999 -9999 -9999 -9999 -9999 -9999 -9999 -9999 -9999 -9999 -9999 -9999 -9999 -9999 -9999 0.11266566067934 0.111276924610138 -9999 -9999 -9999 -9999 -9999 -9999 -9999 -9999 -9999 -9999 -9999 -9999 -9999 -9999
-9999 -9999 -9999 -9999 -9999 -9999 -9999 -9999 -9999 -9999 -9999 -9999 -9999 -9999 -9999 -9999 -9999 -9999 -9999 -9999 0.132776379585266 0.131976246833801 0.131336137652397 0.127602234482765 0.124477379024029 0.119513422250748 0.116543687880039 0.115080647170544 0.113847024738789 0.112749561667442 0.111400410532951 0.10968080163002 -9999 -9999 0.0895528271794319 0.0772964134812355 0.0684840530157089 0.0659298300743103 0.0716505795717239 0.0787183195352554 0.0830620005726814 0.0795611217617989 0.0671341642737389 0.0515716373920441 -9999
-9999 -9999 -9999 -9999 -9999 -9999 -9999 -9999 -9999 -9999 -9999 -9999 -9999 -9999 -9999 -9999 0.132013499736786 -9999 0.132400721311569 0.132723465561867 0.132721289992332 0.132776379585266 0.131816223263741 0.131336137652397 0.123868323862553 0.118227668106556 0.116444267332554 0.114959135651588 0.113838545978069 0.112743385136127 0.11166674643755 0.109791100025177 0.107584550976753 0.100140437483788 0.0916667357087135 0.0768513157963753 0.0633711963891983 0.0652296394109726 0.0691886618733406 0.080533429980278 0.0864328667521477 0.0822197049856186 0.0700307860970497 0.0491519942879677 0.0355321280658245
-9999 -9999 -9999 -9999 -9999 -9999 -9999 -9999 -9999 -9999 -9999 -9999 0.129065170884132 0.12907050549984 0.12898425757885 0.128522589802742 0.129903048276901 0.131969377398491 0.132057622075081 0.132421061396599 0.132723465561867 0.132664024829865 0.132776379585266 0.131336137652397 0.123868323862553 0.118227668106556 0.116444267332554 0.114959135651588 0.113838545978069 0.112743385136127 0.11166674643755 0.109791100025177 0.107584550976753 0.100140437483788 0.0916667357087135 0.0768513157963753 0.0633711963891983 0.0652296394109726 0.0691886618733406 0.080533429980278 0.0864328667521477 0.0822197049856186 0.0700307860970497 0.0491519942879677 0.0355321280658245
-9999 -9999 -9999 -9999 -9999 -9999 -9999 -9999 -9999 -9999 -9999 -9999 0.12903656065464 0.129065170884132 0.129075840115547 -9999 0.127680197358131 0.128996282815933 0.131881132721901 0.132057622075081 0.132482096552849 0.132723465561867 0.132492244243622 0.129823043942451 0.116950742900372 0.109092809259892 0.111820630729198 0.112399011850357 0.110350355505943 0.108472563326359 0.106719240546227 0.102803289890289 0.0979917198419571 0.0946843922138214 0.0916727557778358 0.0780678391456604 0.0657632127404213 0.0699930861592293 0.075036384165287 0.0829397141933441 0.0868669003248215 0.083409957587719 0.0739320740103722 0.0578941777348518 0.0506244897842407
0.130532562732697 -9999 -9999 -9999 -9999 -9999 -9999 -9999 -9999 -9999 -9999 -9999 -9999 -9999 -9999 -9999 0.12828354537487 0.125670522451401 0.127088561654091 0.131704658269882 0.132057622075081 0.132665202021599 0.13215497136116 0.128122195601463 0.109347209334373 0.099013552069664 0.106500223278999 0.109316825866699 0.106425650417805 0.103731021285057 0.101179555058479 0.0950344949960709 0.0874012112617493 0.0883975178003311 0.0910901948809624 0.0791515782475471 0.0684601739048958 0.075245700776577 0.0814393162727356 0.0855517536401749 0.0873163193464279 0.0847206264734268 0.0782606154680252 0.0675902962684631 0.0671287775039673
0.131426215171814 0.131932437419891 0.131901413202286 -9999 -9999 -9999 -9999 -9999 -9999 -9999 -9999 -9999 0.126416474580765 0.12900722026825 -9999 -9999 -9999 0.126677572727203 0.121226102113724 0.123776860535145 0.131351679563522 0.131236508488655 0.13046483695507 0.125753834843636 0.104556441307068 0.09133630245924 0.0949568152427673 0.0981551110744476 0.100837364792824 0.0991196632385254 0.0941971093416214 0.087112084031105 0.079131506383419 0.0744742378592491 0.0704702511429787 0.0711230039596558 0.0724886283278465 0.0791334509849548 0.0846262201666832 0.086068332195282 0.0866487771272659 0.0856290087103844 0.0823769047856331 0.0766925886273384 0.0746190175414085
0.131994500756264 0.132078051567078 0.131724774837494 0.131698697805405 -9999 -9999 -9999 -9999 -9999 -9999 -9999 -9999 0.124830931425095 0.125384092330933 0.12900722026825 -9999 -9999 0.129150569438934 0.121816985309124 0.112710759043694 0.120947271585464 0.129613444209099 0.127192184329033 0.120937168598175 0.0986375510692596 0.0840412825345993 0.0857073962688446 0.0897111594676971 0.0965719893574715 0.0955963656306267 0.0889127776026726 0.0813902541995049 0.0735202953219414 0.0646398514509201 0.0555607713758945 0.0663726702332497 0.0773990079760551 0.0833241790533066 0.087732806801796 0.0868091732263565 0.0862411856651306 0.0863336697220802 0.0857640653848648 0.0844731032848358 0.0809654369950294
0.132114216685295 0.132078051567078 0.131724774837494 0.131646543741226 0.130536735057831 0.129859998822212 -9999 -9999 -9999 -9999 -9999 -9999 -9999 0.123230420053005 0.124669246375561 0.12900722026825 0.129065170884132 0.129150569438934 0.121816985309124 0.112710759043694 0.119906768202782 0.126947715878487 0.11543121188879 0.102988205850124 0.0866676643490791 0.0787964686751366 0.0887625142931938 0.0958447754383087 0.0994024574756622 0.097909152507782 0.0927367806434631 0.0874719321727753 0.0821687802672386 0.0767375528812408 0.0712811499834061 0.0792061761021614 0.0870398432016373 0.0891400724649429 0.0904086157679558 0.0887529402971268 0.0872279405593872 0.0859456136822701 0.0852403491735458 0.0851638168096542 0.0811765864491463
0.13126277923584 0.13133242726326 0.131101042032242 0.130609318614006 0.130043551325798 0.129847496747971 -9999 -9999 -9999 -9999 0.128399670124054 0.126732558012009 0.124766364693642 0.12238959223032 0.122535310685635 0.124744854867458 0.125774130225182 0.126244336366653 0.120295405387878 0.112812712788582 0.118523746728897 0.123505353927612 0.10467790812254 0.0882767885923386 0.0820301249623299 0.0819348767399788 0.0948257371783257 0.10221179574728 0.102869845926762 0.100900955498219 0.0970186442136765 0.0935052558779716 0.090144656598568 0.0874873325228691 0.0849682539701462 0.0899665579199791 0.0946861878037453 0.0939639806747437 0.0928701460361481 0.0904696509242058 0.0880591571331024 0.0856301113963127 0.0847032368183136 0.0854130238294601 0.0820417404174805
0.127983450889587 0.128722727298737 0.128917992115021 0.129389643669128 0.129939913749695 0.129847496747971 0.129688933491707 0.12952022254467 0.129336088895798 0.129073560237885 0.128399670124054 0.126732558012009 0.124766364693642 0.12238959223032 0.118881389498711 0.114447474479675 0.114255331456661 0.116072416305542 0.114969782531261 0.11316953599453 0.116284407675266 0.118121355772018 0.0964437872171402 0.0816594287753105 0.09572384506464 0.106031760573387 0.108409389853477 0.109162338078022 0.107929587364197 0.105590350925922 0.102445147931576 0.0994176864624023 0.0964389815926552 0.0948672369122505 0.0935720801353455 0.0955440104007721 0.0973461717367172 0.0963079035282135 0.0947959870100021 0.0916187018156052 0.0885015279054642 0.0854959711432457 0.0841325968503952 0.0845584347844124 0.0845419317483902
0.126456201076508 0.129491955041885 0.132190600037575 0.130753517150879 0.128140240907669 0.128077954053879 0.12826032936573 0.127998858690262 0.127728328108788 0.127411648631096 0.126208454370499 0.122864700853825 0.119813211262226 0.117162942886353 0.11311200261116 0.107915066182613 0.108252935111523 0.111212521791458 0.112619914114475 0.113656431436539 0.114064142107964 0.113313890993595 0.0963384956121445 0.0864509642124176 0.106226854026318 0.118588380515575 0.115297593176365 0.112620331346989 0.11069293320179 0.108642317354679 0.106501951813698 0.104073688387871 0.101526200771332 0.100344076752663 0.0994303524494171 0.0994102284312248 0.0993181020021439 0.0981993973255157 0.0964943915605545 0.092727929353714 0.0889921858906746 0.0853134840726852 0.0834166333079338 0.0834611728787422 0.0850434526801109
0.127406060695648 0.135038360953331 0.143176540732384 0.135770067572594 0.123942688107491 0.123806580901146 0.124811969697475 0.124326594173908 0.123847462236881 0.123400084674358 0.120919249951839 0.113528423011303 0.107857197523117 0.104546770453453 0.104351736605167 0.106705620884895 0.110049732029438 0.113862887024879 0.114477217197418 0.114327237010002 0.111870847642422 0.109321534633636 0.107725873589516 0.107372596859932 0.112218774855137 0.114829175174236 0.112719662487507 0.111140519380569 0.110209591686726 0.109379276633263 0.108622245490551 0.106953337788582 0.104906797409058 0.103130325675011 0.101406939327717 0.100857064127922 0.100317254662514 0.0994512438774109 0.0978712439537048 0.0937808379530907 0.0895511135458946 0.0850626528263092 0.0824952125549316 0.0820208042860031 0.082719199359417
0.125210806727409 0.133254528045654 0.142013415694237 0.133398070931435 0.119841493666172 0.11651499569416 0.114295616745949 0.113695472478867 0.113885834813118 0.118097402155399 0.118686027824879 0.110526666045189 0.103334911167622 0.0974715277552605 0.0988822728395462 0.106244497001171 0.110242053866386 0.112645849585533 0.112427175045013 0.111581899225712 0.10904461145401 0.106815792620182 0.110768467187881 0.11361575871706 0.1118368729949 0.110308110713959 0.109307371079922 0.10884216427803 0.109031476080418 0.109255790710449 0.109505586326122 0.108644977211952 0.107324503362179 0.105405405163765 0.103368632495403 0.102263875305653 0.101236328482628 0.100625857710838 0.0992910116910934 0.095409207046032 0.0910622179508209 0.0858513191342354 0.0827037245035172 0.0818041861057281 0.0820425897836685
0.120367005467415 0.125297755002975 0.13061934709549 0.124804057180882 0.115821450948715 0.106680028140545 0.097827173769474 0.0972041711211205 0.0988034978508949 0.111707448959351 0.119026303291321 0.112859345972538 0.105072684586048 0.0950624123215675 0.0961840599775314 0.106413543224335 0.109083227813244 0.108171999454498 0.107086688280106 0.10595977306366 0.105685368180275 0.105561949312687 0.106783755123615 0.107497908174992 0.106087453663349 0.105145469307899 0.105192445218563 0.105854488909245 0.107268281280994 0.108407698571682 0.109347268939018 0.109336160123348 0.108931340277195 0.107250034809113 0.105317793786526 0.103636987507343 0.102087967097759 0.101735435426235 0.100746907293797 0.097522184252739 0.0933751687407494 0.0875153690576553 0.0838637799024582 0.0826181098818779 0.0827534794807434
0.114088416099548 0.117160513997078 0.120536886155605 0.118387259542942 0.114666044712067 0.105601936578751 0.0963336899876595 0.0963192507624626 0.0979639962315559 0.108048819005489 0.11371236294508 0.108700282871723 0.103041708469391 0.0964955985546112 0.0973212793469429 0.104178369045258 0.104966856539249 0.102880783379078 0.101308077573776 0.0998580306768417 0.100276224315166 0.100823864340782 0.101387456059456 0.101742401719093 0.10122412443161 0.101099699735641 0.101806737482548 0.103240385651588 0.105562120676041 0.107486046850681 0.109120219945908 0.109722159802914 0.109896615147591 0.108529880642891 0.106860175728798 0.104960709810257 0.103204153478146 0.10292686522007 0.102180682122707 0.0997858420014381 0.096222847700119 0.0904904678463936 0.0863948911428452 0.084082655608654 0.0837084352970123
0.107107684016228 0.108934946358204 0.111096285283566 0.113035924732685 0.114912509918213 0.10880920290947 0.102168507874012 0.103071622550488 0.104094535112381 0.105726815760136 0.105631418526173 0.101364351809025 0.0991664081811905 0.0998090952634811 0.100335448980331 0.100766636431217 0.0994031503796577 0.0971895605325699 0.0953150689601898 0.0935215875506401 0.0938639342784882 0.094380684196949 0.0953003689646721 0.0961642190814018 0.0967944115400314 0.0976004898548126 0.0987778827548027 0.100809097290039 0.103883862495422 0.106528393924236 0.108859546482563 0.109958820044994 0.110547930002213 0.109533339738846 0.108203493058681 0.106260262429714 0.104449808597565 0.104158349335194 0.103603631258011 0.102123238146305 0.0993322059512138 0.0941071659326553 0.0895969644188881 0.0858655944466591 0.0847828313708305
