Ecospace-environmental-drivers/Outputs/ASCII-for-ecospace/MOM6-ISIMIP3a/phyc-vint/1995-11_phyc-vint_MOM6-ISIMIP3a.asc
NCOLS 131 
NROWS 53 
XLLCORNER -98 
YLLCORNER 23.9265270233154 
CELLSIZE 0.133587792515755 
NODATA_value -9999 
[rows 0 to 19 of 53, columns 45 to 89 of 131]
-9999 -9999 -9999 -9999 -9999 -9999 -9999 -9999 -9999 -9999 -9999 -9999 -9999 -9999 -9999 -9999 -9999 -9999 -9999 -9999 -9999 -9999 -9999 -9999 -9999 -9999 -9999 -9999 -9999 -9999 -9999 -9999 -9999 -9999 -9999 -9999 -9999 -9999 -9999 -9999 -9999 -9999 -9999 -9999 -9999
-9999 -9999 -9999 -9999 -9999 -9999 -9999 -9999 -9999 -9999 -9999 -9999 -9999 -9999 -9999 -9999 -9999 -9999 -9999 -9999 -9999 -9999 -9999 -9999 -9999 -9999 -9999 -9999 -9999 -9999 -9999 -9999 -9999 -9999 -9999 -9999 -9999 -9999 -9999 -9999 -9999 -9999 -9999 -9999 -9999
-9999 -9999 -9999 -9999 -9999 -9999 -9999 -9999 -9999 -9999 -9999 -9999 -9999 -9999 -9999 -9999 -9999 -9999 -9999 -9999 -9999 -9999 -9999 -9999 -9999 -9999 -9999 -9999 -9999 0.0963664576411247 0.0934029817581177 -9999 -9999 -9999 -9999 -9999 -9999 -9999 -9999 -9999 -9999 -9999 -9999 -9999 -9999
-9999 -9999 -9999 -9999 -9999 -9999 -9999 -9999 -9999 -9999 -9999 -9999 -9999 -9999 -9999 -9999 -9999 -9999 -9999 -9999 -9999 -9999 -9999 -9999 -9999 -9999 -9999 -9999 -9999 0.0967371091246605 0.0946555137634277 -9999 -9999 -9999 -9999 -9999 -9999 -9999 -9999 -9999 -9999 -9999 -9999 -9999 -9999
-9999 -9999 -9999 -9999 -9999 -9999 -9999 -9999 -9999 -9999 -9999 -9999 -9999 -9999 -9999 -9999 -9999 -9999 -9999 -9999 0.125061318278313 0.124058149755001 0.123255610466003 0.118574216961861 0.114335812628269 0.106794200837612 0.101356886327267 0.0984683558344841 0.0973314121365547 0.0973204895853996 0.0955594256520271 0.0910866260528564 -9999 -9999 0.0470529347658157 0.0368821248412132 0.0374750196933746 0.0434988737106323 0.0560072287917137 0.0689088702201843 0.0783737078309059 0.0798943415284157 0.0722217559814453 0.0600207671523094 -9999
-9999 -9999 -9999 -9999 -9999 -9999 -9999 -9999 -9999 -9999 -9999 -9999 -9999 -9999 -9999 -9999 0.12876969575882 -9999 0.128893345594406 0.12898962199688 0.126988410949707 0.125061318278313 0.123857513070107 0.123255610466003 0.113892816007137 0.105859003961086 0.100630775094032 0.0975808873772621 0.0971933975815773 0.0972199589014053 0.0975481122732162 0.0919102057814598 0.0838015526533127 0.0636970028281212 0.0412343516945839 0.0362274460494518 0.0331845805048943 0.0430130362510681 0.0542990006506443 0.0707096457481384 0.0817179530858994 0.0826935172080994 0.0752715542912483 0.0587001964449883 0.046090554445982
-9999 -9999 -9999 -9999 -9999 -9999 -9999 -9999 -9999 -9999 -9999 -9999 0.128084003925323 0.128462567925453 0.128688409924507 0.129178270697594 0.129024654626846 0.128747314214706 0.128792077302933 0.128898352384567 0.12898962199688 0.12691430747509 0.125061318278313 0.123255610466003 0.113892816007137 0.105859003961086 0.100630775094032 0.0975808873772621 0.0971933975815773 0.0972199589014053 0.0975481122732162 0.0919102057814598 0.0838015526533127 0.0636970028281212 0.0412343516945839 0.0362274460494518 0.0331845805048943 0.0430130362510681 0.0542990006506443 0.0707096457481384 0.0817179530858994 0.0826935172080994 0.0752715542912483 0.0587001964449883 0.046090554445982
-9999 -9999 -9999 -9999 -9999 -9999 -9999 -9999 -9999 -9999 -9999 -9999 0.126054331660271 0.128084003925323 0.128841117024422 -9999 0.129553571343422 0.128890216350555 0.128702566027641 0.128792077302933 0.128913372755051 0.12898962199688 0.126691997051239 0.122017189860344 0.107393614947796 0.0971264839172363 0.096056155860424 0.0941920280456543 0.0913577228784561 0.0897762700915337 0.0891073793172836 0.0827543810009956 0.0740474089980125 0.0644541084766388 0.0546865686774254 0.0516254901885986 0.0501387342810631 0.0616050474345684 0.0740567296743393 0.0899730324745178 0.0993913859128952 0.0967423468828201 0.0880781337618828 0.0728601887822151 0.0655780881643295
0.122624456882477 -9999 -9999 -9999 -9999 -9999 -9999 -9999 -9999 -9999 -9999 -9999 -9999 -9999 -9999 -9999 0.129738062620163 0.129324406385422 0.127893999218941 0.12861305475235 0.128792077302933 0.128958433866501 0.126493871212006 0.120587028563023 0.100273944437504 0.0875547081232071 0.0908666849136353 0.0903072655200958 0.0850162133574486 0.081737332046032 0.0799240842461586 0.0728272274136543 0.0635422468185425 0.0651770457625389 0.0689584240317345 0.0682368725538254 0.0686595365405083 0.081888809800148 0.0955455973744392 0.110705569386482 0.118307255208492 0.111872397363186 0.101979501545429 0.0883189663290977 0.0867608115077019
0.123052902519703 0.123346224427223 0.123366743326187 -9999 -9999 -9999 -9999 -9999 -9999 -9999 -9999 -9999 0.118401318788528 0.123973906040192 -9999 -9999 -9999 0.130017727613449 0.1268430352211 0.12520407140255 0.128434032201767 0.128157168626785 0.124367758631706 0.117316268384457 0.0966126322746277 0.0824398621916771 0.0820542722940445 0.0823641270399094 0.0835239589214325 0.081583134829998 0.0773838385939598 0.0712665021419525 0.0643548369407654 0.0618777088820934 0.0602723024785519 0.0679260045289993 0.0763925537467003 0.0894500762224197 0.101246558129787 0.108609177172184 0.112692326307297 0.110685124993324 0.104718886315823 0.0944391489028931 0.0919541344046593
0.123305179178715 0.123405165970325 0.123328320682049 0.123322650790215 -9999 -9999 -9999 -9999 -9999 -9999 -9999 -9999 0.115117490291595 0.117397628724575 0.123973906040192 -9999 -9999 0.134140953421593 0.12782821059227 0.118559934198856 0.122406125068665 0.126461207866669 0.120443508028984 0.11171168833971 0.0916209816932678 0.077245868742466 0.0749368444085121 0.0766797065734863 0.0833747982978821 0.0827600955963135 0.0768210366368294 0.0716574192047119 0.0668149366974831 0.0611478574573994 0.055318683385849 0.0696145072579384 0.0843730568885803 0.096371240913868 0.105851486325264 0.106478534638882 0.107388459146023 0.108823731541634 0.106356874108315 0.099638506770134 0.0959338694810867
0.123339667916298 0.123405165970325 0.123328320682049 0.123311303555965 0.123050391674042 0.122963756322861 -9999 -9999 -9999 -9999 -9999 -9999 -9999 0.113669492304325 0.117403917014599 0.123973906040192 0.128084003925323 0.134140953421593 0.12782821059227 0.118559934198856 0.119386047124863 0.119966275990009 0.106874361634254 0.0935889407992363 0.0794936642050743 0.0716273784637451 0.0769109949469566 0.0831106156110764 0.0904297679662704 0.0910771489143372 0.0868649110198021 0.0825165957212448 0.0781119167804718 0.0742002427577972 0.0703854858875275 0.0820273086428642 0.0936810076236725 0.0998590812087059 0.104577586054802 0.104164145886898 0.103753104805946 0.103346526622772 0.102087192237377 0.0998987555503845 0.093404158949852
0.122740432620049 0.122934050858021 0.122901782393456 0.122935056686401 0.122986972332001 0.12296824157238 -9999 -9999 -9999 -9999 0.120312713086605 0.116896912455559 0.114209748804569 0.112522915005684 0.114275820553303 0.118843033909798 0.123822808265686 0.128997996449471 0.124038621783257 0.116657756268978 0.115999221801758 0.11463475972414 0.0962738543748856 0.0804600492119789 0.0753061324357986 0.0745711848139763 0.0831650123000145 0.0906811356544495 0.0968801006674767 0.0978611558675766 0.0950415655970573 0.0917313247919083 0.0882178917527199 0.0858669653534889 0.0837445557117462 0.0917827188968658 0.0995613485574722 0.101128920912743 0.102091535925865 0.100927092134953 0.0996159687638283 0.0980324298143387 0.0976365953683853 0.0985348150134087 0.091642938554287
0.120556861162186 0.121285133063793 0.121408887207508 0.122083425521851 0.122914612293243 0.12296824157238 0.122936062514782 0.122736230492592 0.122458957135677 0.121787719428539 0.120312713086605 0.116896912455559 0.114209748804569 0.112522915005684 0.110508039593697 0.108224779367447 0.108908399939537 0.1109973564744 0.110774837434292 0.110000029206276 0.111695535480976 0.112211838364601 0.0930950865149498 0.0798160582780838 0.090968482196331 0.0989211574196815 0.100118882954121 0.101100765168667 0.101818829774857 0.100812472403049 0.0985500663518906 0.0968348681926727 0.0953462868928909 0.0940694287419319 0.0928341895341873 0.0948945358395576 0.0968725085258484 0.0968536362051964 0.0965750515460968 0.0953833311796188 0.0942243412137032 0.0931261256337166 0.0927337259054184 0.0931103155016899 0.0918029993772507
0.119663842022419 0.121377266943455 0.122586488723755 0.121992655098438 0.120886035263538 0.121164172887802 0.121553532779217 0.121118828654289 0.12060622125864 0.119697317481041 0.117727972567081 0.113198071718216 0.109907172620296 0.108317270874977 0.105896532535553 0.102796040475368 0.102827817201614 0.10434328764677 0.105907090008259 0.107482440769672 0.108827717602253 0.109228514134884 0.0961124897003174 0.0883540213108063 0.103017456829548 0.111878171563148 0.108488887548447 0.105716682970524 0.103698693215847 0.101823106408119 0.100051261484623 0.0991896912455559 0.098705105483532 0.0977954566478729 0.0968022421002388 0.0952053666114807 0.0936488062143326 0.0927044600248337 0.0917830988764763 0.0909425467252731 0.0901957750320435 0.0896231606602669 0.0892888307571411 0.0892141088843346 0.0904297456145287
0.120595440268517 0.123930931091309 0.127539694309235 0.12297760695219 0.116091728210449 0.116809494793415 0.118216350674629 0.117214702069759 0.11613404750824 0.114651463925838 0.111488878726959 0.104269742965698 0.0995215475559235 0.0981656089425087 0.100092150270939 0.104704320430756 0.109236657619476 0.113731183111668 0.112909786403179 0.110818237066269 0.107989981770515 0.105452872812748 0.107890151441097 0.109873600304127 0.10995776951313 0.108727626502514 0.104722857475281 0.102127231657505 0.101253867149353 0.100089982151985 0.0987144857645035 0.0976583361625671 0.0967344343662262 0.0951926112174988 0.0935293212532997 0.0915561243891716 0.0896688923239708 0.0887335687875748 0.0880154743790627 0.0880611687898636 0.0880943387746811 0.0881042629480362 0.0879052579402924 0.0874786227941513 0.0868886634707451
0.123491816222668 0.126763716340065 0.130523711442947 0.123596101999283 0.113628946244717 0.11115063726902 0.109452910721302 0.1081338301301 0.107524417340755 0.110524959862232 0.110528111457825 0.103293739259243 0.098558634519577 0.0972546860575676 0.100925087928772 0.108665362000465 0.114563420414925 0.119588851928711 0.119018949568272 0.117112137377262 0.11210011690855 0.107594348490238 0.113561801612377 0.117298491299152 0.111699238419533 0.106716714799404 0.103036142885685 0.100733481347561 0.100114904344082 0.0986838564276695 0.0966610237956047 0.0955456718802452 0.0948061347007751 0.0933028757572174 0.0916494801640511 0.0899279415607452 0.0882675275206566 0.08722884953022 0.0865649506449699 0.0872188434004784 0.0879486799240112 0.0888195559382439 0.0890851020812988 0.0886911004781723 0.0872238576412201
0.128042757511139 0.129831552505493 0.13184942305088 0.123905993998051 0.113129585981369 0.104393519461155 0.0961199179291725 0.0946935191750526 0.0954305529594421 0.107172653079033 0.114012315869331 0.10901452600956 0.105530761182308 0.104125559329987 0.107347443699837 0.114355079829693 0.118978947401047 0.122473664581776 0.12437566369772 0.125897109508514 0.120376966893673 0.114718735218048 0.114091463387012 0.112853974103928 0.109062664210796 0.105665512382984 0.103100471198559 0.101188786327839 0.100075632333755 0.0975531116127968 0.0940040275454521 0.0929434821009636 0.0929135233163834 0.0920136570930481 0.0909427776932716 0.0900017395615578 0.089037612080574 0.087800920009613 0.0870656967163086 0.088093638420105 0.089450016617775 0.0914163216948509 0.0924236476421356 0.0923861190676689 0.0908233448863029
0.13207620382309 0.132653295993805 0.133405119180679 0.127963230013847 0.120759844779968 0.111126810312271 0.101569898426533 0.10078252851963 0.101670317351818 0.111079432070255 0.116681896150112 0.113092832267284 0.110663741827011 0.109827138483524 0.112191140651703 0.117173790931702 0.120065316557884 0.121966332197189 0.12350258231163 0.124951682984829 0.120053224265575 0.114916265010834 0.1126549243927 0.110288456082344 0.107481971383095 0.104756459593773 0.102201908826828 0.100486747920513 0.0997975096106529 0.0969590023159981 0.09255500882864 0.091256394982338 0.0912438258528709 0.0908756777644157 0.0904376283288002 0.0902405604720116 0.0899904072284698 0.089134506881237 0.0887525454163551 0.0900369808077812 0.0917902141809464 0.0944140553474426 0.0960342213511467 0.0965608358383179 0.0954867601394653
0.135856404900551 0.135354623198509 0.135073378682137 0.133854299783707 0.132368505001068 0.124461904168129 0.116211697459221 0.116428598761559 0.116882018744946 0.118538580834866 0.118952825665474 0.116367354989052 0.114896692335606 0.114956513047218 0.116262301802635 0.118587508797646 0.119522504508495 0.119798980653286 0.119580835103989 0.119244500994682 0.115520603954792 0.111723989248276 0.110256187617779 0.10864245891571 0.106417991220951 0.103916972875595 0.100832127034664 0.099218338727951 0.0994024947285652 0.0966275110840797 0.0916971415281296 0.090017132461071 0.0896832123398781 0.0898117050528526 0.0900311022996902 0.0905601307749748 0.0910326167941093 0.0908407494425774 0.0910198390483856 0.092503234744072 0.0945409312844276 0.0976080149412155 0.099777914583683 0.100970305502415 0.100670829415321
