Ecospace-environmental-drivers/Outputs/ASCII-for-ecospace/MOM6-ISIMIP3a/phyc-vint/1995-07_phyc-vint_MOM6-ISIMIP3a.asc
NCOLS 131 
NROWS 53 
XLLCORNER -98 
YLLCORNER 23.9265270233154 
CELLSIZE 0.133587792515755 
NODATA_value -9999 
[rows 0 to 19 of 53, columns 45 to 89 of 131]
-9999 -9999 -9999 -9999 -9999 -9999 -9999 -9999 -9999 -9999 -9999 -9999 -9999 -9999 -9999 -9999 -9999 -9999 -9999 -9999 -9999 -9999 -9999 -9999 -9999 -9999 -9999 -9999 -9999 -9999 -9999 -9999 -9999 -9999 -9999 -9999 -9999 -9999 -9999 -9999 -9999 -9999 -9999 -9999 -9999
-9999 -9999 -9999 -9999 -9999 -9999 -9999 -9999 -9999 -9999 -9999 -9999 -9999 -9999 -9999 -9999 -9999 -9999 -9999 -9999 -9999 -9999 -9999 -9999 -9999 -9999 -9999 -9999 -9999 -9999 -9999 -9999 -9999 -9999 -9999 -9999 -9999 -9999 -9999 -9999 -9999 -9999 -9999 -9999 -9999
-9999 -9999 -9999 -9999 -9999 -9999 -9999 -9999 -9999 -9999 -9999 -9999 -9999 -9999 -9999 -9999 -9999 -9999 -9999 -9999 -9999 -9999 -9999 -9999 -9999 -9999 -9999 -9999 -9999 0.127859577536583 0.128216341137886 -9999 -9999 -9999 -9999 -9999 -9999 -9999 -9999 -9999 -9999 -9999 -9999 -9999 -9999
-9999 -9999 -9999 -9999 -9999 -9999 -9999 -9999 -9999 -9999 -9999 -9999 -9999 -9999 -9999 -9999 -9999 -9999 -9999 -9999 -9999 -9999 -9999 -9999 -9999 -9999 -9999 -9999 -9999 0.127687126398087 0.128217965364456 -9999 -9999 -9999 -9999 -9999 -9999 -9999 -9999 -9999 -9999 -9999 -9999 -9999 -9999
-9999 -9999 -9999 -9999 -9999 -9999 -9999 -9999 -9999 -9999 -9999 -9999 -9999 -9999 -9999 -9999 -9999 -9999 -9999 -9999 0.137972623109818 0.13757635653019 0.13725933432579 0.135410100221634 0.13378532230854 0.131009578704834 0.129096210002899 0.128021329641342 0.12749870121479 0.127500861883163 0.128061830997467 0.129091203212738 -9999 -9999 0.123869717121124 0.119837611913681 0.11913625895977 0.122045263648033 0.127637609839439 0.131083503365517 0.129975020885468 0.121955029666424 0.10519839823246 0.0829008743166924 -9999
-9999 -9999 -9999 -9999 -9999 -9999 -9999 -9999 -9999 -9999 -9999 -9999 -9999 -9999 -9999 -9999 0.142885521054268 -9999 0.142226576805115 0.141672477126122 0.139738321304321 0.137972623109818 0.137497097253799 0.13725933432579 0.133560866117477 0.130535751581192 0.128932103514671 0.127820760011673 0.127311125397682 0.127364233136177 0.12782721221447 0.128994047641754 0.130452364683151 0.127789929509163 0.124317444860935 0.119501776993275 0.115693606436253 0.122213400900364 0.128228783607483 0.132470637559891 0.132551074028015 0.124903336167336 0.108410678803921 0.0822811797261238 0.0580107718706131
-9999 -9999 -9999 -9999 -9999 -9999 -9999 -9999 -9999 -9999 -9999 -9999 0.145033285021782 0.145369470119476 0.145713657140732 0.146901085972786 0.145528554916382 0.142949163913727 0.14282189309597 0.142185360193253 0.141672477126122 0.139569863677025 0.137972623109818 0.13725933432579 0.133560866117477 0.130535751581192 0.128932103514671 0.127820760011673 0.127311125397682 0.127364233136177 0.12782721221447 0.128994047641754 0.130452364683151 0.127789929509163 0.124317444860935 0.119501776993275 0.115693606436253 0.122213400900364 0.128228783607483 0.132470637559891 0.132551074028015 0.124903336167336 0.108410678803921 0.0822811797261238 0.0580107718706131
-9999 -9999 -9999 -9999 -9999 -9999 -9999 -9999 -9999 -9999 -9999 -9999 0.143230795860291 0.145033285021782 0.145705655217171 -9999 0.148595556616783 0.146874144673347 0.143076419830322 0.14282189309597 0.142061695456505 0.141672477126122 0.139064490795135 0.135462537407875 0.127700686454773 0.124117195606232 0.129354521632195 0.131956353783607 0.131337031722069 0.131382137537003 0.131911188364029 0.132236272096634 0.132476881146431 0.134086921811104 0.135966151952744 0.132404953241348 0.129347577691078 0.133179843425751 0.136160805821419 0.136148542165756 0.132884442806244 0.123581305146217 0.108682721853256 0.0876877084374428 0.07614416629076
0.137365639209747 -9999 -9999 -9999 -9999 -9999 -9999 -9999 -9999 -9999 -9999 -9999 -9999 -9999 -9999 -9999 0.147794753313065 0.151613876223564 0.149063751101494 0.143330961465836 0.14282189309597 0.141690716147423 0.138461455702782 0.133503660559654 0.121311709284782 0.117083996534348 0.129669427871704 0.136323302984238 0.135727599263191 0.135814532637596 0.136398687958717 0.135817363858223 0.134753376245499 0.140867128968239 0.148391842842102 0.146248236298561 0.144062086939812 0.144957974553108 0.144628539681435 0.139990746974945 0.133117780089378 0.122093848884106 0.108993820846081 0.0936318039894104 0.0956968814134598
0.137694299221039 0.137794405221939 0.137722700834274 -9999 -9999 -9999 -9999 -9999 -9999 -9999 -9999 -9999 0.134849831461906 0.141383230686188 -9999 -9999 -9999 0.150628209114075 0.156490623950958 0.152047082781792 0.143840029835701 0.143643870949745 0.139122232794762 0.132822871208191 0.119083605706692 0.113402232527733 0.124731712043285 0.132931441068649 0.137305974960327 0.139159455895424 0.139176666736603 0.138670742511749 0.137948170304298 0.140285462141037 0.143224254250526 0.143304228782654 0.143248468637466 0.142900750041008 0.141341462731361 0.135522216558456 0.128690004348755 0.119976572692394 0.109605140984058 0.0974272489547729 0.0949962139129639
0.137937799096107 0.137866526842117 0.137578889727592 0.137557655572891 -9999 -9999 -9999 -9999 -9999 -9999 -9999 -9999 0.131343021988869 0.134782791137695 0.141383230686188 -9999 -9999 0.150412291288376 0.156439036130905 0.162620544433594 0.154513910412788 0.145570352673531 0.138732299208641 0.130470111966133 0.116247780621052 0.110113903880119 0.121055416762829 0.13076639175415 0.138973414897919 0.142198026180267 0.141793504357338 0.141404986381531 0.141023069620132 0.140212804079056 0.139318332076073 0.141087591648102 0.142623320221901 0.140913993120193 0.138096064329147 0.131380259990692 0.124681875109673 0.118015848100185 0.110038295388222 0.100631795823574 0.0934534668922424
0.138020232319832 0.137866526842117 0.137578889727592 0.13751520216465 0.136635333299637 0.135754838585854 -9999 -9999 -9999 -9999 -9999 -9999 -9999 0.131404161453247 0.135475844144821 0.141383230686188 0.145033285021782 0.150412291288376 0.156439036130905 0.162620544433594 0.155656605958939 0.147353708744049 0.132706597447395 0.119149170815945 0.110152222216129 0.108935914933681 0.124145142734051 0.135181769728661 0.141118600964546 0.14359325170517 0.143546089529991 0.143500193953514 0.143454805016518 0.142870306968689 0.142179846763611 0.142772406339645 0.14300911128521 0.139305233955383 0.135074257850647 0.128989905118942 0.122924633324146 0.11689481139183 0.109515815973282 0.100666835904121 0.0873939841985703
0.137573793530464 0.137496665120125 0.137277543544769 0.136867135763168 0.136402308940887 0.135756701231003 -9999 -9999 -9999 -9999 0.13347315788269 0.131408423185349 0.130389377474785 0.130805894732475 0.133017227053642 0.136697009205818 0.141574829816818 0.147020161151886 0.152341440320015 0.157633081078529 0.152537286281586 0.145854979753494 0.126467436552048 0.110645331442356 0.109744913876057 0.114093765616417 0.129524245858192 0.139573201537132 0.143044799566269 0.144514724612236 0.144526645541191 0.144573345780373 0.144634455442429 0.144127622246742 0.143509149551392 0.14307464659214 0.142251774668694 0.137568563222885 0.132722154259682 0.12730199098587 0.121868878602982 0.116411693394184 0.109672553837299 0.10153666138649 0.0856560245156288
0.135805130004883 0.136202126741409 0.136222794651985 0.136282190680504 0.136352613568306 0.135756701231003 0.135105490684509 0.134803131222725 0.134508967399597 0.134256422519684 0.13347315788269 0.131408423185349 0.130389377474785 0.130805894732475 0.129413411021233 0.12654085457325 0.129470095038414 0.135147526860237 0.137999638915062 0.140176668763161 0.138762727379799 0.136150881648064 0.11969467997551 0.109184414148331 0.123558513820171 0.135091558098793 0.140626922249794 0.143904790282249 0.14442352950573 0.144251793622971 0.143577113747597 0.143091335892677 0.142683789134026 0.141884341835976 0.141007855534554 0.139920338988304 0.138636574149132 0.135512039065361 0.13204437494278 0.127370253205299 0.122566848993301 0.117523401975632 0.111527368426323 0.104493483901024 0.0947220847010612
0.139423817396164 0.141155540943146 0.142041444778442 0.139063194394112 0.134985968470573 0.134387224912643 0.134132415056229 0.133550301194191 0.132998302578926 0.132599517703056 0.131367802619934 0.128124848008156 0.125981643795967 0.125348255038261 0.123477920889854 0.120595566928387 0.123925723135471 0.130198612809181 0.132134571671486 0.133034273982048 0.133208870887756 0.132656991481781 0.122256703674793 0.117319442331791 0.135245516896248 0.147233366966248 0.146685197949409 0.145758718252182 0.144369915127754 0.143074512481689 0.141847178339958 0.140934810042381 0.140152871608734 0.139201179146767 0.138216137886047 0.136686369776726 0.135084256529808 0.132972568273544 0.130483403801918 0.126666992902756 0.122599989175797 0.118067622184753 0.112802468240261 0.106738917529583 0.100693054497242
0.15065923333168 0.154942438006401 0.157577842473984 0.146603003144264 0.131757408380508 0.131081581115723 0.131783604621887 0.130526170134544 0.129351824522018 0.128600090742111 0.126285865902901 0.120198890566826 0.115342184901237 0.112174488604069 0.114245854318142 0.120603680610657 0.127656519412994 0.135038569569588 0.138254046440125 0.140473991632462 0.139277592301369 0.13794319331646 0.138016417622566 0.139021396636963 0.143925875425339 0.146854415535927 0.145611613988876 0.144109725952148 0.142291188240051 0.14060452580452 0.139013901352882 0.13782462477684 0.136801570653915 0.135896116495132 0.135013788938522 0.133339762687683 0.13162088394165 0.129750296473503 0.127673730254173 0.124872952699661 0.121693171560764 0.117809526622295 0.113257937133312 0.107978604733944 0.102288119494915
0.14998884499073 0.155705332756042 0.160307079553604 0.14793074131012 0.130725845694542 0.125989332795143 0.122586689889431 0.120739758014679 0.119877211749554 0.124022163450718 0.124975375831127 0.118221819400787 0.112289801239967 0.10748565942049 0.111703440546989 0.123302705585957 0.131230726838112 0.137419760227203 0.140534982085228 0.14291575551033 0.141941323876381 0.141043528914452 0.144616112112999 0.147317707538605 0.146374091506004 0.145215407013893 0.143602669239044 0.141764849424362 0.139651924371719 0.13786506652832 0.13631571829319 0.135195881128311 0.134253904223442 0.133519917726517 0.132826805114746 0.131132826209068 0.129378825426102 0.127400457859039 0.125368654727936 0.123148895800114 0.120615988969803 0.11750154197216 0.113690175116062 0.109119489789009 0.104101315140724
0.139292374253273 0.145500466227531 0.152251154184341 0.144027173519135 0.131544426083565 0.119392521679401 0.107622876763344 0.105258673429489 0.105494603514671 0.118957072496414 0.126840874552727 0.121254421770573 0.115626648068428 0.109942153096199 0.114794500172138 0.12826780974865 0.134673073887825 0.137730374932289 0.139583379030228 0.141148641705513 0.141737639904022 0.142303094267845 0.143501996994019 0.144324868917465 0.143574103713036 0.142515257000923 0.140806034207344 0.138833954930305 0.136540606617928 0.134898707270622 0.133731320500374 0.132972553372383 0.132383018732071 0.131925940513611 0.131494879722595 0.129885643720627 0.128165245056152 0.125785335898399 0.123488485813141 0.121483758091927 0.119395345449448 0.117151543498039 0.114102847874165 0.11017718911171 0.106098204851151
0.13312691450119 0.13750284910202 0.142618507146835 0.138905882835388 0.132682487368584 0.120782800018787 0.10869013518095 0.10707388818264 0.107316941022873 0.117018006742001 0.122604593634605 0.118256352841854 0.115189544856548 0.113881975412369 0.118524692952633 0.1280357837677 0.132176131010056 0.133772492408752 0.135285392403603 0.136778339743614 0.138604000210762 0.140397176146507 0.141385152935982 0.142072841525078 0.141503870487213 0.140412494540215 0.138218283653259 0.135946959257126 0.133581355214119 0.132228285074234 0.131612718105316 0.131156429648399 0.130766108632088 0.13020633161068 0.129613235592842 0.127836480736732 0.125974088907242 0.123703375458717 0.121602468192577 0.120098583400249 0.118618227541447 0.117181576788425 0.114759474992752 0.111263692378998 0.107926324009895
0.129178822040558 0.130585387349129 0.132214263081551 0.133188664913177 0.133976921439171 0.126081719994545 0.117602527141571 0.117353402078152 0.117069505155087 0.11660872399807 0.11538227647543 0.112307041883469 0.112905576825142 0.118547692894936 0.122567668557167 0.125260442495346 0.126772686839104 0.127725720405579 0.129349753260612 0.131134122610092 0.134036496281624 0.136942148208618 0.13877759873867 0.140183344483376 0.139790773391724 0.138602092862129 0.135732755064964 0.133081421256065 0.130696520209312 0.129702687263489 0.129722073674202 0.129539579153061 0.129273474216461 0.128425240516663 0.127462580800056 0.125394865870476 0.123304523527622 0.121392980217934 0.119713582098484 0.118850417435169 0.118058159947395 0.117397584021091 0.115535490214825 0.112364299595356 0.109671838581562
