Ecospace-environmental-drivers/Outputs/ASCII-for-ecospace/MOM6-ISIMIP3a/phyc-vint/1995-08_phyc-vint_MOM6-ISIMIP3a.asc
NCOLS 131 
NROWS 53 
XLLCORNER -98 
YLLCORNER 23.9265270233154 
CELLSIZE 0.133587792515755 
NODATA_value -9999 
[rows 20 to 39 of 53, columns 45 to 89 of 131]
0.1138079687953 0.113600380718708 0.113414846360683 0.113987401127815 0.114775560796261 0.110959254205227 0.106866657733917 0.108039319515228 0.109060265123844 0.109309390187263 0.109412878751755 0.109164714813232 0.110337845981121 0.113462224602699 0.114872492849827 0.114880323410034 0.11306981742382 0.110398009419441 0.107476986944675 0.104496419429779 0.104055158793926 0.103939741849899 0.106027886271477 0.108254380524158 0.111059881746769 0.113545872271061 0.115357346832752 0.116356082260609 0.116361483931541 0.116064108908176 0.115546189248562 0.115069068968296 0.114608854055405 0.113873146474361 0.11308328807354 0.112134262919426 0.111202418804169 0.110495947301388 0.109798096120358 0.109130516648293 0.108551576733589 0.108137242496014 0.106986157596111 0.105032347142696 0.102669723331928
0.111177183687687 0.109993785619736 0.108367681503296 0.107123017311096 0.105986848473549 0.105349972844124 0.104805119335651 0.105365000665188 0.105853490531445 0.105978779494762 0.106253363192081 0.106888450682163 0.107470005750656 0.10797806084156 0.108237251639366 0.108292832970619 0.106518842279911 0.103878229856491 0.101252131164074 0.0986294895410538 0.0982604622840881 0.0982277020812035 0.100836031138897 0.103578612208366 0.106883011758327 0.109637953341007 0.111232914030552 0.112080104649067 0.11201336234808 0.111842781305313 0.111596576869488 0.111405938863754 0.111238300800323 0.110958710312843 0.110657103359699 0.11011653393507 0.109573431313038 0.109092034399509 0.10855957865715 0.107847601175308 0.107460968196392 0.107678540050983 0.107350096106529 0.106426768004894 0.104697369039059
0.105533011257648 0.104721501469612 0.103483036160469 0.102386765182018 0.101330950856209 0.10089423507452 0.100548334419727 0.100943133234978 0.101273685693741 0.101277478039265 0.101344935595989 0.101566135883331 0.101817086338997 0.102108888328075 0.102127075195312 0.101921416819096 0.100225493311882 0.0978236645460129 0.0961212143301964 0.0945858582854271 0.0956303253769875 0.0969642996788025 0.0999325886368752 0.102870509028435 0.105681337416172 0.107871249318123 0.108750335872173 0.109158888459206 0.108992367982864 0.108793266117573 0.10857043415308 0.108474738895893 0.108431696891785 0.108286090195179 0.108120329678059 0.107805535197258 0.107463613152504 0.106910593807697 0.106374695897102 0.105899028480053 0.105674564838409 0.105916604399681 0.105973914265633 0.105829954147339 0.105036005377769
0.09958765655756 0.0992400944232941 0.0985270738601685 0.0977400690317154 0.096932016313076 0.0964793935418129 0.0960874259471893 0.0963508859276772 0.0965528935194016 0.0964423343539238 0.0962900072336197 0.0960368365049362 0.0960019081830978 0.0962666124105453 0.0961248949170113 0.0956506654620171 0.0940640419721603 0.091950498521328 0.0912525653839111 0.0908928662538528 0.0934034436941147 0.0961464196443558 0.0994019582867622 0.102460220456123 0.104692801833153 0.106255538761616 0.106404177844524 0.10636493563652 0.1060960739851 0.105859532952309 0.105646543204784 0.105625063180923 0.105682902038097 0.105643466114998 0.105584904551506 0.105469159781933 0.105303183197975 0.104667119681835 0.104121893644333 0.103896081447601 0.103830941021442 0.104064203798771 0.104467123746872 0.105054900050163 0.105178847908974
0.0924975201487541 0.0924223735928535 0.0921881198883057 0.091869629919529 0.0915271788835526 0.0912748947739601 0.0910448357462883 0.0911655873060226 0.091248445212841 0.0911384969949722 0.0910376310348511 0.0909586921334267 0.0910446271300316 0.0913569107651711 0.0912381708621979 0.0907667726278305 0.0897521153092384 0.0884801298379898 0.0893230438232422 0.0906712785363197 0.0938136130571365 0.0970329791307449 0.0995796248316765 0.101927675306797 0.103444553911686 0.104413345456123 0.104225069284439 0.10395123064518 0.103572800755501 0.103348925709724 0.103237621486187 0.103191494941711 0.103172361850739 0.10318873077631 0.10321207344532 0.103086337447166 0.102917969226837 0.102387107908726 0.10194968432188 0.101840771734715 0.101926401257515 0.10237330198288 0.103014133870602 0.103866256773472 0.104234710335732
0.0859439298510551 0.0861149802803993 0.0862990468740463 0.0863918960094452 0.0864588022232056 0.0863892212510109 0.0863091647624969 0.0863233730196953 0.0863228440284729 0.0862473398447037 0.086217075586319 0.086296021938324 0.0864911302924156 0.0868457183241844 0.0867700725793839 0.0863424241542816 0.0859396383166313 0.0855486318469048 0.0877198576927185 0.0905032977461815 0.0940288603305817 0.0974954441189766 0.0993616431951523 0.101038970053196 0.101925857365131 0.102394811809063 0.101981461048126 0.101564437150955 0.101142913103104 0.100923024117947 0.100850008428097 0.100735187530518 0.100603066384792 0.100618921220303 0.100663863122463 0.100541345775127 0.100390009582043 0.100017786026001 0.0997297018766403 0.0997374728322029 0.099966749548912 0.1006074026227 0.101457081735134 0.102534517645836 0.103160254657269
0.0817429348826408 0.0820452496409416 0.0823826044797897 0.0826360732316971 0.0828656777739525 0.0829014852643013 0.0829192474484444 0.0829854384064674 0.0830583795905113 0.0831656605005264 0.0832898989319801 0.0834550783038139 0.0837081372737885 0.0840818583965302 0.0841375440359116 0.0839330330491066 0.0843170881271362 0.0849799364805222 0.0875475853681564 0.0905703455209732 0.0933894142508507 0.0960984006524086 0.0974088236689568 0.0985885486006737 0.099221296608448 0.099603071808815 0.0994550287723541 0.0992956683039665 0.0991224721074104 0.0988685339689255 0.0985557958483696 0.0981792062520981 0.0977761745452881 0.0975445657968521 0.0973466485738754 0.0972852781414986 0.0972361192107201 0.0972568169236183 0.0973002761602402 0.0974237248301506 0.0977654829621315 0.0985126420855522 0.0994437634944916 0.100575335323811 0.101514354348183
0.0781427174806595 0.07852503657341 0.0789602026343346 0.0793350487947464 0.0796927437186241 0.0798238217830658 0.0799327865242958 0.0800707638263702 0.0802276879549026 0.0804809257388115 0.0807389244437218 0.0810083970427513 0.0813357308506966 0.0817424952983856 0.0819574892520905 0.0820155963301659 0.0830916836857796 0.0846499651670456 0.0873806402087212 0.0903914347290993 0.0923736393451691 0.0942075774073601 0.094912052154541 0.0955706015229225 0.0960369631648064 0.0963945910334587 0.0965226888656616 0.0965954214334488 0.0966004952788353 0.0963204726576805 0.0958327800035477 0.0952785760164261 0.0946968197822571 0.0942831113934517 0.0939024463295937 0.093768984079361 0.0936751216650009 0.0938785746693611 0.0940870866179466 0.0943134129047394 0.0947576835751534 0.095606729388237 0.0966865122318268 0.0980177000164986 0.0993364229798317
0.0758532881736755 0.076203815639019 0.0766157433390617 0.0770263522863388 0.0774365961551666 0.0776408836245537 0.0778265818953514 0.0780795887112617 0.0783434137701988 0.0786622688174248 0.0790087506175041 0.0794219523668289 0.079859159886837 0.0803293287754059 0.0807646736502647 0.081171527504921 0.0827327817678452 0.0848408564925194 0.0872253403067589 0.0896758660674095 0.0905367508530617 0.0912394002079964 0.0912284478545189 0.0913143903017044 0.0918058380484581 0.0922768488526344 0.092704713344574 0.0929537639021873 0.0929842740297318 0.0926954969763756 0.092174157500267 0.0916259586811066 0.0910666286945343 0.0906134694814682 0.0901811793446541 0.0896849185228348 0.0892258733510971 0.0891535133123398 0.0891638696193695 0.0894650816917419 0.0899901688098907 0.0909309983253479 0.092306099832058 0.0941543430089951 0.0959976986050606
0.0739864706993103 0.0743431225419044 0.074761763215065 0.0751947686076164 0.0756318643689156 0.0759142935276031 0.0761840268969536 0.0765381902456284 0.0768980458378792 0.0772868245840073 0.0777158141136169 0.0782418847084045 0.0787689685821533 0.0792974308133125 0.0799587443470955 0.0807287693023682 0.0825544521212578 0.0848801806569099 0.0867596641182899 0.088532529771328 0.0884858369827271 0.0882845818996429 0.0876532047986984 0.0872039422392845 0.0875168293714523 0.0879056677222252 0.0884548202157021 0.0887778922915459 0.088824637234211 0.0885618478059769 0.0880735889077187 0.0875357836484909 0.0869774594902992 0.0864947661757469 0.0860269293189049 0.0853492319583893 0.0847069397568703 0.0844864994287491 0.084368996322155 0.0846134051680565 0.0850889757275581 0.0859938338398933 0.0874974131584167 0.0896533206105232 0.091995432972908
0.0726513266563416 0.0730618163943291 0.0735248550772667 0.0739634335041046 0.0743950456380844 0.074761837720871 0.0751247629523277 0.0755626559257507 0.0760048553347588 0.0764689818024635 0.0769729465246201 0.0775730982422829 0.0781648829579353 0.0787451937794685 0.0796395614743233 0.0807908847928047 0.08260328322649 0.0847288146615028 0.0859035030007362 0.0868510156869888 0.086165651679039 0.0853465870022774 0.0842142850160599 0.0832768529653549 0.0831549912691116 0.0832156240940094 0.0836615264415741 0.0839299187064171 0.0839813575148582 0.0837882533669472 0.0834170132875443 0.0828951448202133 0.0823108777403831 0.0818111151456833 0.081327959895134 0.0806969776749611 0.0801003277301788 0.0798925161361694 0.0797355845570564 0.0797575116157532 0.0800196155905724 0.0807277485728264 0.0821499228477478 0.0843500569462776 0.0871583744883537
0.0715915709733963 0.0720455721020699 0.0725593268871307 0.0730306059122086 0.0734898000955582 0.073922224342823 0.0743546485900879 0.0748611390590668 0.075371116399765 0.0758988857269287 0.0764574855566025 0.0770905315876007 0.0777449905872345 0.0784288495779037 0.0795065760612488 0.0809065476059914 0.0825079306960106 0.0842047184705734 0.0847119987010956 0.0849350690841675 0.0838485285639763 0.0826674625277519 0.0814201086759567 0.0803314819931984 0.0799071416258812 0.0797236114740372 0.0800484716892242 0.0802354514598846 0.0802539139986038 0.0800288319587708 0.0796263515949249 0.0790347680449486 0.078364871442318 0.0778147578239441 0.0772881880402565 0.0767307803034782 0.0762060359120369 0.0760114416480064 0.0758433043956757 0.0757681801915169 0.0759084671735764 0.0764488205313683 0.0776900425553322 0.0796948969364166 0.0825838595628738
0.0707383528351784 0.0712281242012978 0.0717973336577415 0.0723216608166695 0.0728332176804543 0.073317252099514 0.0738014131784439 0.0743651390075684 0.0749319717288017 0.0755146071314812 0.0761125907301903 0.0767476335167885 0.0774632319808006 0.0782894194126129 0.0795132368803024 0.081062376499176 0.082304447889328 0.0834010690450668 0.0832689702510834 0.0828432962298393 0.0815336927771568 0.0801824778318405 0.0791094973683357 0.0781224071979523 0.0774947926402092 0.077130138874054 0.0773206204175949 0.0774061307311058 0.0773633494973183 0.0770300477743149 0.0764851272106171 0.0757596045732498 0.0749592930078506 0.0743338614702225 0.0737428143620491 0.0732791423797607 0.0728460028767586 0.0726650580763817 0.072506882250309 0.0724287703633308 0.0725159868597984 0.0729102566838264 0.0738958790898323 0.0755258202552795 0.0782062560319901
0.070151761174202 0.0706321448087692 0.0712100490927696 0.0717767626047134 0.0723402872681618 0.0728841722011566 0.0734283104538918 0.0740334987640381 0.0746385306119919 0.075242780148983 0.0758668705821037 0.0765388831496239 0.0773409530520439 0.0783215686678886 0.0795485004782677 0.0809769630432129 0.0818587690591812 0.082481637597084 0.0819901525974274 0.081232413649559 0.079917199909687 0.0785961672663689 0.0777478814125061 0.0769736021757126 0.0765090584754944 0.076209731400013 0.0762591958045959 0.0761694684624672 0.0759096220135689 0.0753606706857681 0.0746011361479759 0.0737482905387878 0.0728568062186241 0.0721791908144951 0.0715436264872551 0.0711540803313255 0.0707870125770569 0.0705505460500717 0.0703382343053818 0.0702108591794968 0.0702322795987129 0.0705300495028496 0.0713107362389565 0.0726175978779793 0.0748687013983727
0.0696794390678406 0.0701310932636261 0.0706976428627968 0.07130216807127 0.0719174966216087 0.0725247636437416 0.0731324106454849 0.0737722963094711 0.0744075402617455 0.0750191435217857 0.0756636559963226 0.0763876214623451 0.0772870108485222 0.0784272477030754 0.0795960277318954 0.0807881727814674 0.0813093036413193 0.0815126001834869 0.0807817131280899 0.0798276141285896 0.0785999894142151 0.077394999563694 0.0767929777503014 0.0762792006134987 0.0761347264051437 0.0760063529014587 0.0759119689464569 0.0756153836846352 0.0750716924667358 0.0742610469460487 0.0732559710741043 0.0722786337137222 0.0713127851486206 0.0705929100513458 0.0699213892221451 0.069597564637661 0.069285623729229 0.0689639896154404 0.0686700642108917 0.0684735924005508 0.0684237703680992 0.0686462819576263 0.0692437514662743 0.0702497512102127 0.0719768851995468
0.0692600682377815 0.0697060823440552 0.0702733397483826 0.0708879679441452 0.0715160742402077 0.0721651017665863 0.0728175342082977 0.0735041424632072 0.0741823464632034 0.0748178064823151 0.075494185090065 0.0762693583965302 0.0772215276956558 0.0784167051315308 0.0794951766729355 0.08047816157341 0.0807468071579933 0.0806770920753479 0.0798797830939293 0.0789086371660233 0.0779577493667603 0.077050045132637 0.0767505243420601 0.0764934942126274 0.0764142796397209 0.0762417167425156 0.0758720859885216 0.0753939598798752 0.0747832283377647 0.0738444998860359 0.0726668760180473 0.0717226266860962 0.0708750262856483 0.0703026801347733 0.0697844326496124 0.0695158690214157 0.0692415162920952 0.0688202679157257 0.0683823153376579 0.0678856298327446 0.0675363317131996 0.0674607381224632 0.0678162723779678 0.0686415284872055 0.0699842199683189
0.0688516497612 0.069296807050705 0.0698672607541084 0.0704862624406815 0.0711190700531006 0.0718053802847862 0.0724987387657166 0.0732345506548882 0.0739583522081375 0.0746210813522339 0.0753316953778267 0.076157920062542 0.0771536603569984 0.0783821195363998 0.0793636217713356 0.0801430717110634 0.0801816135644913 0.0798692107200623 0.0790412798523903 0.07809017598629 0.0774551630020142 0.0768822357058525 0.0768968537449837 0.0768957957625389 0.0768291130661964 0.0765678510069847 0.0758958011865616 0.0752413645386696 0.0746084526181221 0.0735692903399467 0.0722342133522034 0.0713556557893753 0.0706661492586136 0.070280596613884 0.0699547901749611 0.0697393193840981 0.0694989189505577 0.0689750760793686 0.0683801844716072 0.0675354525446892 0.0668394565582275 0.0664196461439133 0.0665211006999016 0.0671904757618904 0.0681775808334351
0.068580687046051 0.0689783543348312 0.0694981887936592 0.0701296478509903 0.0707928463816643 0.0714891999959946 0.0721900537610054 0.0729204937815666 0.0736462697386742 0.0743482857942581 0.0750979483127594 0.0759626552462578 0.0769692957401276 0.0781707912683487 0.0790683999657631 0.0797173753380775 0.0796553641557693 0.0792565643787384 0.0785907730460167 0.0778611898422241 0.0777599215507507 0.0777016133069992 0.0776403173804283 0.0775014236569405 0.0770377814769745 0.0765818282961845 0.0761421024799347 0.0758005529642105 0.0755790024995804 0.074594683945179 0.0730547904968262 0.0720931142568588 0.0713708996772766 0.0711090862751007 0.0709377750754356 0.0705257207155228 0.0700805485248566 0.0693988874554634 0.0686385110020638 0.0676013678312302 0.0666899979114532 0.0660122036933899 0.0657961443066597 0.066083163022995 0.0668118894100189
0.0683504194021225 0.06869076192379 0.0691456645727158 0.0697809010744095 0.070467434823513 0.0711696296930313 0.0718740299344063 0.072594977915287 0.0733184292912483 0.0740546211600304 0.0748401433229446 0.0757447630167007 0.0767620280385017 0.0779339447617531 0.0787588581442833 0.0792998597025871 0.0791502445936203 0.0786735042929649 0.0781865790486336 0.077697217464447 0.0781011879444122 0.0785263329744339 0.0783665552735329 0.0780795216560364 0.0772599428892136 0.0766372010111809 0.0764300152659416 0.0764151811599731 0.07663544267416 0.0757120698690414 0.0739556849002838 0.072878897190094 0.0720835477113724 0.0719337612390518 0.0719108879566193 0.0712753608822823 0.0705998763442039 0.0697556585073471 0.0688324868679047 0.0676317512989044 0.0665357559919357 0.0656342878937721 0.0651200190186501 0.065027616918087 0.0655024647712708
0.0684885904192924 0.0686889439821243 0.0689519643783569 0.0694946497678757 0.0701168775558472 0.070792980492115 0.0714750215411186 0.072168380022049 0.0728645101189613 0.0735747367143631 0.0743597969412804 0.0753255262970924 0.0763660818338394 0.077509343624115 0.0783747732639313 0.0790128782391548 0.0788520202040672 0.0783127248287201 0.0780910179018974 0.077945202589035 0.078446239233017 0.0789365470409393 0.0786238387227058 0.0782668590545654 0.0777245759963989 0.0772833600640297 0.0770555213093758 0.0772811621427536 0.078061044216156 0.0771893635392189 0.0751147046685219 0.0736525133252144 0.0724439695477486 0.0723114684224129 0.0723904818296432 0.0713639631867409 0.07029989361763 0.0692688897252083 0.0682156831026077 0.0670843943953514 0.0660689473152161 0.0652686282992363 0.0646923035383224 0.0643600448966026 0.0645826533436775
