Ecospace-environmental-drivers/Outputs/ASCII-for-ecospace/MOM6-ISIMIP3a/phyc-vint/1996-10_phyc-vint_MOM6-ISIMIP3a.asc
NCOLS 131 
NROWS 53 
XLLCORNER -98 
YLLCORNER 23.9265270233154 
CELLSIZE 0.133587792515755 
NODATA_value -9999 
[rows 20 to 39 of 53, columns 0 to 44 of 131]
-9999 -9999 -9999 -9999 -9999 -9999 -9999 -9999 0.0651782900094986 0.0731828659772873 0.0800292491912842 0.0798410698771477 0.080973856151104 0.0837875753641129 0.0869033709168434 0.0903677195310593 0.0993059128522873 0.112003237009048 0.109886229038239 0.102048859000206 0.101715005934238 0.102705299854279 0.103850774466991 0.104707472026348 0.103129394352436 0.101471267640591 0.0995535925030708 0.0975549668073654 0.0954150706529617 0.097385972738266 0.103586807847023 0.10674461722374 0.108048647642136 0.109021574258804 0.109884135425091 0.111352846026421 0.112905159592628 0.11443267762661 0.115979090332985 0.117645785212517 0.119126297533512 0.120088525116444 0.12107840180397 0.122111022472382 0.122728563845158
-9999 -9999 -9999 -9999 -9999 -9999 0.0556405186653137 0.0566884204745293 0.060081597417593 0.0651782900094986 0.0743410587310791 0.0800292491912842 0.0785201042890549 0.0740247964859009 0.0776558369398117 0.0906634256243706 0.10089086741209 0.109209053218365 0.106269173324108 0.0989821404218674 0.0927374213933945 0.0866766422986984 0.0960678830742836 0.10465195029974 0.103690147399902 0.102641336619854 0.101310439407825 0.100064486265182 0.0989667847752571 0.0986467152833939 0.0991268157958984 0.100535877048969 0.102510839700699 0.103895708918571 0.105083882808685 0.106987327337265 0.108989737927914 0.111007489264011 0.112974673509598 0.11461977660656 0.115913651883602 0.116229809820652 0.11691553145647 0.118172377347946 0.119012288749218
-9999 -9999 -9999 -9999 -9999 -9999 0.0555427148938179 0.0556405186653137 0.0577363222837448 0.0617712661623955 0.0651782900094986 0.0778156295418739 0.0865850746631622 0.0877010598778725 0.0900962874293327 0.0939675644040108 0.0997810438275337 0.106928318738937 0.105773657560349 0.101413317024708 0.0969241410493851 0.0924122259020805 0.0992341041564941 0.105502814054489 0.105093739926815 0.104519702494144 0.103410840034485 0.102372504770756 0.101457245647907 0.100869223475456 0.100617900490761 0.101218536496162 0.102338157594204 0.103231526911259 0.104049474000931 0.105840362608433 0.107762105762959 0.109180755913258 0.11056312918663 0.111714482307434 0.112613528966904 0.112810231745243 0.113104276359081 0.113548763096333 0.114324189722538
-9999 -9999 -9999 -9999 0.0613356791436672 0.0574597828090191 0.0553111769258976 0.0556764490902424 0.0556405186653137 0.0598321221768856 0.0664341300725937 0.0822621509432793 0.0952205657958984 0.102500855922699 0.103692397475243 0.0978584811091423 0.0990202575922012 0.104986302554607 0.105503611266613 0.103916957974434 0.101687163114548 0.099343866109848 0.102898322045803 0.106202036142349 0.106340162456036 0.106235638260841 0.105344392359257 0.104491256177425 0.103704638779163 0.103030197322369 0.102471195161343 0.102386854588985 0.102591671049595 0.102945044636726 0.103347942233086 0.104940831661224 0.106690853834152 0.107421793043613 0.108136631548405 0.108748964965343 0.109228029847145 0.109336122870445 0.109247751533985 0.108855776488781 0.1095275208354
-9999 -9999 -9999 -9999 0.0700551941990852 0.0625165700912476 0.0596083924174309 0.0553111769258976 0.0560776516795158 0.0658327415585518 0.076254591345787 0.0892285108566284 0.0999179556965828 0.106087073683739 0.108827836811543 0.107612825930119 0.107439607381821 0.107981830835342 0.104991659522057 0.10063748806715 0.0992492586374283 0.0983844250440598 0.100881159305573 0.10324839502573 0.103923201560974 0.1043721139431 0.104088589549065 0.103742718696594 0.103288047015667 0.102954976260662 0.102747030556202 0.102821230888367 0.103067316114902 0.103227503597736 0.103359058499336 0.104038499295712 0.104788020253181 0.104752041399479 0.104710847139359 0.104636445641518 0.104544714093208 0.104404754936695 0.104197837412357 0.103887446224689 0.10417278856039
-9999 -9999 -9999 -9999 -9999 0.0700551941990852 0.0650915056467056 0.0639056041836739 0.0590860806405544 0.0736601650714874 0.0871867164969444 0.0967037677764893 0.104569308459759 0.109166964888573 0.112694554030895 0.114987462759018 0.113831475377083 0.110306985676289 0.104988254606724 0.0989767089486122 0.098152369260788 0.0982434153556824 0.0994738638401031 0.100706465542316 0.101749122142792 0.102612882852554 0.102896608412266 0.103013716638088 0.102840051054955 0.102758623659611 0.102772116661072 0.102885492146015 0.103059716522694 0.102961532771587 0.102772541344166 0.102621838450432 0.102472275495529 0.101746074855328 0.101026959717274 0.100352980196476 0.0997616946697235 0.0994006022810936 0.0990799069404602 0.0988216400146484 0.0987909957766533
-9999 -9999 -9999 -9999 -9999 0.0702682137489319 0.0700551941990852 0.0710940435528755 0.0733689144253731 0.0894976183772087 0.102993220090866 0.106410428881645 0.109018817543983 0.110026769340038 0.110998280346394 0.11192774027586 0.111333452165127 0.109692730009556 0.107214726507664 0.104413412511349 0.102935448288918 0.101691015064716 0.10074070841074 0.099969781935215 0.100639976561069 0.101310960948467 0.10198450088501 0.102370396256447 0.102254316210747 0.102031126618385 0.101697735488415 0.101326882839203 0.100933209061623 0.100290842354298 0.0995655730366707 0.0989499539136887 0.0983460620045662 0.0972659066319466 0.0962113738059998 0.0953199863433838 0.094541497528553 0.0940773040056229 0.0936637222766876 0.0933283790946007 0.0932905152440071
-9999 -9999 0.0718688741326332 0.0714180245995522 0.0706226080656052 0.0704814866185188 0.0702679604291916 0.0786153674125671 0.0878393352031708 0.102059088647366 0.11311836540699 0.112080700695515 0.111181050539017 0.110554479062557 0.109869264066219 0.1091163828969 0.108516447246075 0.108021542429924 0.107529997825623 0.107039749622345 0.105454541742802 0.103676110506058 0.101563513278961 0.0996935218572617 0.0999062061309814 0.100288853049278 0.101222589612007 0.101775728166103 0.101664669811726 0.101228706538677 0.100458420813084 0.0995613485574722 0.0985870435833931 0.0974148511886597 0.0961766988039017 0.0951315835118294 0.0941112488508224 0.0928281173110008 0.0915833488106728 0.0905829221010208 0.0897028371691704 0.0891577303409576 0.0886864140629768 0.0883291214704514 0.0882676541805267
-9999.000000000000000 -9999 -9999 -9999 0.0731499642133713 0.0707637369632721 0.0708938091993332 0.0868629589676857 0.102719031274319 0.107472829520702 0.110847622156143 0.108944162726402 0.108352772891521 0.110357612371445 0.109977930784225 0.106846898794174 0.105003453791142 0.104044251143932 0.103675313293934 0.103534288704395 0.103033974766731 0.102470256388187 0.101417496800423 0.100421860814095 0.0999914407730103 0.0998772531747818 0.100788399577141 0.101287215948105 0.10106648504734 0.100262798368931 0.0988592654466629 0.0973443537950516 0.0957616046071053 0.0940909311175346 0.0923909470438957 0.0909935906529427 0.0896394774317741 0.0884827673435211 0.0873645544052124 0.0864915549755096 0.085696630179882 0.0851190462708473 0.0846666395664215 0.0844076946377754 0.0842868685722351
-9999 -9999 -9999 -9999 0.0771370828151703 0.0782046765089035 0.0756617560982704 0.094941571354866 0.113678127527237 0.112574368715286 0.111091122031212 0.108155384659767 0.107254005968571 0.110378034412861 0.109927415847778 0.105352200567722 0.102632120251656 0.101186044514179 0.100704975426197 0.100596539676189 0.100986607372761 0.10146464407444 0.101462982594967 0.101376727223396 0.100673161447048 0.100246421992779 0.100717261433601 0.100741654634476 0.0999869704246521 0.0985168591141701 0.096310593187809 0.0939807593822479 0.0915756523609161 0.089386485517025 0.0872693061828613 0.0856996774673462 0.0842095911502838 0.0832579135894775 0.0823519602417946 0.0817371979355812 0.0811871737241745 0.0808173790574074 0.0805645883083344 0.0804926231503487 0.0804396569728851
-9999 -9999 -9999 -9999 0.0803237557411194 0.0824428424239159 0.0850594267249107 0.102807588875294 0.119704782962799 0.117283120751381 0.114497750997543 0.110320299863815 0.108331099152565 0.110671825706959 0.109676614403725 0.104832246899605 0.101697087287903 0.0997357219457626 0.0988472327589989 0.0983730256557465 0.0994087681174278 0.100710973143578 0.101749390363693 0.102616608142853 0.102105304598808 0.101597853004932 0.101102866232395 0.100124314427376 0.098301887512207 0.0957895740866661 0.0925673693418503 0.0891746506094933 0.0856780558824539 0.0829452350735664 0.0804670080542564 0.0789515003561974 0.077574297785759 0.0769265815615654 0.0763407126069069 0.076148733496666 0.076044574379921 0.076184868812561 0.0763590335845947 0.0765855386853218 0.0767605006694794
-9999 -9999 -9999 -9999 0.0824428424239159 0.0856102332472801 0.0893284231424332 0.104740343987942 0.119594559073448 0.118395984172821 0.116845950484276 0.113950662314892 0.112068548798561 0.112191207706928 0.11007583886385 0.1053781285882 0.101858571171761 0.0991481095552444 0.0980289205908775 0.0975241735577583 0.0988324135541916 0.100460581481457 0.101793453097343 0.10291313380003 0.102310098707676 0.101496964693069 0.100002609193325 0.0980077609419823 0.0951395109295845 0.0916605591773987 0.0875531882047653 0.0834760442376137 0.0794173032045364 0.076566144824028 0.074117511510849 0.0729014948010445 0.0718608722090721 0.0715203210711479 0.0712361931800842 0.071311429142952 0.0714912116527557 0.0719620287418365 0.0724180266261101 0.0728511288762093 0.0731838867068291
-9999 -9999 -9999 -9999 0.0857938304543495 0.0893284231424332 0.0993330478668213 0.102223090827465 0.114881604909897 0.116811893880367 0.118400305509567 0.118680134415627 0.117801293730736 0.114629790186882 0.110962577164173 0.106723383069038 0.102842450141907 0.0992075353860855 0.0979901850223541 0.0977063328027725 0.0990071669220924 0.100587658584118 0.101655758917332 0.102502137422562 0.101594358682632 0.100306816399097 0.0977879241108894 0.0947667807340622 0.0908691510558128 0.0864802300930023 0.0815857872366905 0.0771080553531647 0.0728841796517372 0.0702336728572845 0.0681076124310493 0.0673751160502434 0.0668388605117798 0.0668078735470772 0.0668117329478264 0.067037507891655 0.0673797950148582 0.0680464431643486 0.0686754286289215 0.0692462176084518 0.0696841850876808
-9999 -9999 -9999 -9999 0.0893284231424332 0.0952583253383636 0.098904475569725 0.101040326058865 0.103516720235348 0.112948007881641 0.120855502784252 0.122930601239204 0.12228998541832 0.116275735199451 0.111030466854572 0.106672495603561 0.102477736771107 0.0983950644731522 0.0973358154296875 0.0974440276622772 0.0985341146588326 0.0997974723577499 0.100207008421421 0.100381270051003 0.0987507700920105 0.0967141315340996 0.0933606177568436 0.0895884707570076 0.0850857645273209 0.0805079638957977 0.0758529007434845 0.0719224661588669 0.068433478474617 0.0663470476865768 0.0647281408309937 0.0642538890242577 0.0639403015375137 0.063967265188694 0.0640087574720383 0.0641427934169769 0.0643810033798218 0.0649092048406601 0.0654536560177803 0.0660232380032539 0.0664587467908859
-9999 -9999 -9999 -9999 -9999 0.0936404913663864 0.0934673622250557 0.0934500098228455 0.0893009677529335 0.108107045292854 0.12369678914547 0.126975789666176 0.126245498657227 0.117581970989704 0.110747426748276 0.106023244559765 0.1015350446105 0.0972089096903801 0.0964176133275032 0.096991240978241 0.0977834165096283 0.0986141636967659 0.0981963649392128 0.0975275933742523 0.0949952453374863 0.0920917838811874 0.0879850313067436 0.0835798606276512 0.0786539390683174 0.0741963014006615 0.070220522582531 0.0672436356544495 0.0648752599954605 0.0635086670517921 0.062475997954607 0.0621634609997272 0.0619518160820007 0.0619288757443428 0.0619007013738155 0.0618391744792461 0.0618590526282787 0.0621055439114571 0.0624550990760326 0.0629639476537704 0.0633508637547493
-9999 -9999 -9999 -9999 -9999 0.0893947556614876 0.0885496288537979 0.085911750793457 0.0874112173914909 0.106991715729237 0.123388737440109 0.127600803971291 0.127262279391289 0.117919407784939 0.110339052975178 0.104792356491089 0.0999849960207939 0.0956853702664375 0.0948765128850937 0.0954155623912811 0.0954998582601547 0.0955039039254189 0.093770906329155 0.0918226316571236 0.0883973017334938 0.0848577097058296 0.0809475928544998 0.0770261585712433 0.0730849876999855 0.0696823596954346 0.0668338760733604 0.0647954270243645 0.063250444829464 0.0623749643564224 0.0617226473987103 0.061503928154707 0.0613457746803761 0.0612766481935978 0.061198566108942 0.0610634386539459 0.0609690248966217 0.060987938195467 0.0611002631485462 0.0613569542765617 0.0615834593772888
-9999 -9999 -9999 -9999 -9999 0.0869334414601326 0.0861672833561897 0.0862871333956718 0.0880717262625694 0.106647215783596 0.122429087758064 0.127518191933632 0.127671033143997 0.118056409060955 0.109904751181602 0.103441134095192 0.0983092933893204 0.0940920263528824 0.0932065322995186 0.0936075448989868 0.0928991436958313 0.0919949561357498 0.0888458266854286 0.0855277329683304 0.081211268901825 0.0770832598209381 0.073566310107708 0.0703596770763397 0.0676945671439171 0.0655403658747673 0.0639118775725365 0.0628087446093559 0.0620256438851357 0.0615939572453499 0.0612794011831284 0.0611404478549957 0.0610257647931576 0.0609112195670605 0.0607873126864433 0.0606038235127926 0.0604166425764561 0.0602191835641861 0.060085516422987 0.0600504390895367 0.0600934065878391
-9999 -9999 -9999 -9999 -9999 -9999 0.0860834047198296 0.0863029584288597 0.0877105742692947 0.105674013495445 0.120748482644558 0.124765202403069 0.124635018408298 0.11629930138588 0.108508266508579 0.101345725357533 0.0960816293954849 0.0921212881803513 0.0905771553516388 0.0899660140275955 0.0878446400165558 0.0854567512869835 0.0819762647151947 0.0784697309136391 0.0749455317854881 0.0716381743550301 0.0690338984131813 0.0667416974902153 0.0649940818548203 0.0635786205530167 0.0625049471855164 0.0617509484291077 0.0611916892230511 0.0608845427632332 0.0606614351272583 0.0605405084788799 0.0604339279234409 0.0603583380579948 0.060280866920948 0.0601914077997208 0.0600714422762394 0.0598665624856949 0.0597030222415924 0.0596033744513988 0.0595987886190414
-9999 -9999 -9999 -9999 -9999 -9999 0.0857704654335976 0.0856601223349571 0.0873071700334549 0.104997716844082 0.11953978985548 0.122030802071095 0.121352188289165 0.114401772618294 0.107051499187946 0.0992398709058762 0.0938510671257973 0.090126134455204 0.0878824815154076 0.0862108021974564 0.0827137157320976 0.0788944959640503 0.0752207115292549 0.0716584548354149 0.068999171257019 0.0665665343403816 0.0648687779903412 0.0634642615914345 0.0625714734196663 0.0618323013186455 0.0612511858344078 0.0608068183064461 0.0604457594454288 0.0602481663227081 0.0601050592958927 0.0600024946033955 0.0599059350788593 0.0598655641078949 0.0598305650055408 0.0598297603428364 0.0597773194313049 0.0595811232924461 0.0594024509191513 0.059250857681036 0.0592037849128246
-9999 -9999 -9999 -9999 -9999 -9999 0.0853043347597122 0.0853483080863953 0.0869409963488579 0.107788793742657 0.123709306120872 0.120770260691643 0.117081969976425 0.111911132931709 0.105411306023598 0.0973780378699303 0.0918531566858292 0.0880509167909622 0.0849495232105255 0.0821187496185303 0.0779396817088127 0.073522686958313 0.0706101283431053 0.0678436607122421 0.0660200491547585 0.0643658041954041 0.0632607340812683 0.0623633004724979 0.0618282034993172 0.061342466622591 0.0609075203537941 0.0606314167380333 0.0604520812630653 0.0603566356003284 0.0602891519665718 0.0602380000054836 0.0601888447999954 0.060103502124548 0.0600246489048004 0.0599871426820755 0.0599290207028389 0.0598135106265545 0.059673722833395 0.0594964139163494 0.0593958906829357
