Ecospace-environmental-drivers/Outputs/ASCII-for-ecospace/MOM6-ISIMIP3a/phyc-vint/1996-04_phyc-vint_MOM6-ISIMIP3a.asc
NCOLS 131 
NROWS 53 
XLLCORNER -98 
YLLCORNER 23.9265270233154 
CELLSIZE 0.133587792515755 
NODATA_value -9999 
[rows 0 to 19 of 53, columns 46 to 91 of 131]
-9999 -9999 -9999 -9999 -9999 -9999 -9999 -9999 -9999 -9999 -9999 -9999 -9999 -9999 -9999 -9999 -9999 -9999 -9999 -9999 -9999 -9999 -9999 -9999 -9999 -9999 -9999 -9999 -9999 -9999 -9999 -9999 -9999 -9999 -9999 -9999 -9999 -9999 -9999 -9999 -9999 -9999 -9999 -9999 -9999 -9999
-9999 -9999 -9999 -9999 -9999 -9999 -9999 -9999 -9999 -9999 -9999 -9999 -9999 -9999 -9999 -9999 -9999 -9999 -9999 -9999 -9999 -9999 -9999 -9999 -9999 -9999 -9999 -9999 -9999 -9999 -9999 -9999 -9999 -9999 -9999 -9999 -9999 -9999 -9999 -9999 -9999 -9999 -9999 -9999 -9999 -9999
-9999 -9999 -9999 -9999 -9999 -9999 -9999 -9999 -9999 -9999 -9999 -9999 -9999 -9999 -9999 -9999 -9999 -9999 -9999 -9999 -9999 -9999 -9999 -9999 -9999 -9999 -9999 -9999 0.1394914239645 0.140047773718834 -9999 -9999 -9999 -9999 -9999 -9999 -9999 -9999 -9999 -9999 -9999 -9999 -9999 -9999 -9999 -9999
-9999 -9999 -9999 -9999 -9999 -9999 -9999 -9999 -9999 -9999 -9999 -9999 -9999 -9999 -9999 -9999 -9999 -9999 -9999 -9999 -9999 -9999 -9999 -9999 -9999 -9999 -9999 -9999 0.139373674988747 0.140102311968803 -9999 -9999 -9999 -9999 -9999 -9999 -9999 -9999 -9999 -9999 -9999 -9999 -9999 -9999 -9999 -9999
-9999 -9999 -9999 -9999 -9999 -9999 -9999 -9999 -9999 -9999 -9999 -9999 -9999 -9999 -9999 -9999 -9999 -9999 -9999 0.15145568549633 0.150816321372986 0.150304839015007 0.147321194410324 0.144888386130333 0.141185581684113 0.139317810535431 0.138882607221603 0.138864144682884 0.139248088002205 0.140008792281151 0.141050070524216 -9999 -9999 0.134611994028091 0.129016935825348 0.131448239088058 0.142960757017136 0.161246493458748 0.175433963537216 0.181850641965866 0.179663568735123 0.168561384081841 0.149572759866714 -9999 -9999 -9999
-9999 -9999 -9999 -9999 -9999 -9999 -9999 -9999 -9999 -9999 -9999 -9999 -9999 -9999 -9999 0.154247179627419 -9999 0.153828218579292 0.153475865721703 0.152451872825623 0.15145568549633 0.150688454508781 0.150304839015007 0.144337564706802 0.140022754669189 0.139196425676346 0.138734251260757 0.138717144727707 0.139141023159027 0.139886081218719 0.140999257564545 0.142264872789383 0.139565363526344 0.136086389422417 0.128184214234352 0.122780196368694 0.143380329012871 0.1627217233181 0.177637428045273 0.185942724347115 0.18197175860405 0.171076238155365 0.152636155486107 0.125005900859833 0.0914291813969612 -9999
-9999 -9999 -9999 -9999 -9999 -9999 -9999 -9999 -9999 -9999 -9999 0.163358643651009 0.16332072019577 0.163528636097908 0.16468733549118 0.160391062498093 0.154289677739143 0.154204666614532 0.153804108500481 0.153475865721703 0.152424052357674 0.15145568549633 0.150304839015007 0.144337564706802 0.140022754669189 0.139196425676346 0.138734251260757 0.138717144727707 0.139141023159027 0.139886081218719 0.140999257564545 0.142264872789383 0.139565363526344 0.136086389422417 0.128184214234352 0.122780196368694 0.143380329012871 0.1627217233181 0.177637428045273 0.185942724347115 0.18197175860405 0.171076238155365 0.152636155486107 0.125005900859833 0.0914291813969612 0.0825554803013802
-9999 -9999 -9999 -9999 -9999 -9999 -9999 -9999 -9999 -9999 -9999 0.163561925292015 0.163358643651009 0.163282811641693 -9999 0.166834741830826 0.162681773304939 0.154374688863754 0.154204666614532 0.153731808066368 0.153475865721703 0.152340605854988 0.149780184030533 0.141255304217339 0.137756586074829 0.144868537783623 0.148769810795784 0.148746967315674 0.149277403950691 0.150210812687874 0.150964334607124 0.151643380522728 0.15407307446003 0.156846895813942 0.151551485061646 0.147558465600014 0.159207612276077 0.170232728123665 0.179063737392426 0.183961093425751 0.181553214788437 0.174113526940346 0.161191493272781 0.145930975675583 0.129157349467278 0.109499238431454
-9999 -9999 -9999 -9999 -9999 -9999 -9999 -9999 -9999 -9999 -9999 -9999 -9999 -9999 -9999 0.165267795324326 0.172029435634613 0.167532280087471 0.154544711112976 0.154204666614532 0.15351490676403 0.152382463216782 0.149280831217766 0.137937888503075 0.135278105735779 0.150949224829674 0.159616142511368 0.159722492098808 0.160416066646576 0.161537379026413 0.161888048052788 0.161919578909874 0.169747546315193 0.179108127951622 0.176803916692734 0.174495175480843 0.176362127065659 0.178321748971939 0.180607184767723 0.181877717375755 0.181263491511345 0.177581876516342 0.170558243989944 0.168557599186897 0.16980704665184 0.137343883514404
0.156761333346367 0.156551212072372 -9999 -9999 -9999 -9999 -9999 -9999 -9999 -9999 -9999 0.157685294747353 0.16377030313015 -9999 -9999 -9999 0.169389426708221 0.183643564581871 0.175879016518593 0.154884770512581 0.154922232031822 0.154522582888603 0.151624590158463 0.138270691037178 0.134142696857452 0.149491295218468 0.160113289952278 0.164958372712135 0.167337030172348 0.167919144034386 0.167756214737892 0.167284741997719 0.170280084013939 0.17395693063736 0.177867874503136 0.181204423308372 0.178845182061195 0.177685603499413 0.18074406683445 0.183821961283684 0.186935901641846 0.184232369065285 0.17519049346447 0.169979110360146 0.167246237397194 0.145128801465034
0.156637370586395 0.156465038657188 0.156452313065529 -9999 -9999 -9999 -9999 -9999 -9999 -9999 -9999 0.154872328042984 0.159088775515556 0.16377030313015 -9999 -9999 0.162751987576485 0.182057648897171 0.206121057271957 0.182126954197884 0.156510159373283 0.155328005552292 0.151678368449211 0.137702077627182 0.133255273103714 0.148925974965096 0.161418244242668 0.170025810599327 0.173823967576027 0.174119040369987 0.173497915267944 0.172497361898422 0.17128099501133 0.170022204518318 0.177867874503136 0.184862017631531 0.180244132876396 0.177557870745659 0.18166321516037 0.186010196805 0.190805912017822 0.188920110464096 0.17975452542305 0.172121301293373 0.165479570627213 0.152490496635437
0.156637370586395 0.156465038657188 0.156426876783371 0.154713451862335 0.153816685080528 -9999 -9999 -9999 -9999 -9999 -9999 -9999 0.157384723424911 0.160494551062584 0.16377030313015 0.163358643651009 0.162751987576485 0.182057648897171 0.206121057271957 0.183691695332527 0.159066796302795 0.148974314332008 0.139449164271355 0.132298454642296 0.133698135614395 0.153148382902145 0.167056083679199 0.174189671874046 0.177982971072197 0.179343283176422 0.178561165928841 0.176891803741455 0.174794152379036 0.172612324357033 0.172161027789116 0.17215122282505 0.175828263163567 0.180157199501991 0.186778202652931 0.18950717151165 0.18500816822052 0.183079928159714 0.183952614665031 0.178128972649574 0.167972475290298 0.157582059502602
0.155903860926628 0.155720993876457 0.154850482940674 0.153784394264221 0.153792038559914 -9999 -9999 -9999 -9999 0.151615411043167 0.151992619037628 0.153972238302231 0.158151730895042 0.1600301861763 0.160025984048843 0.159601762890816 0.158978581428528 0.176754236221313 0.198925986886024 0.180669844150543 0.159918591380119 0.143275186419487 0.130074456334114 0.131281614303589 0.138235703110695 0.157321989536285 0.170189663767815 0.175456941127777 0.178514048457146 0.179961293935776 0.181023925542831 0.181927248835564 0.179008930921555 0.175339356064796 0.168214112520218 0.162494570016861 0.171757265925407 0.181007534265518 0.190214097499847 0.192339435219765 0.18131411075592 0.178568184375763 0.184842959046364 0.180692821741104 0.169797256588936 0.162755578756332
0.153336510062218 0.153116807341576 0.153324961662292 0.153654783964157 0.153792038559914 0.15387362241745 0.152983963489532 0.152175903320312 0.151782870292664 0.151615411043167 0.151992619037628 0.153972238302231 0.158151730895042 0.156177222728729 0.149167656898499 0.146452486515045 0.145771473646164 0.158191978931427 0.17374287545681 0.166181311011314 0.156508237123489 0.139212563633919 0.12783607840538 0.14123198390007 0.153010249137878 0.16137358546257 0.16706246137619 0.169482603669167 0.169975101947784 0.169063523411751 0.176985293626785 0.188565269112587 0.184977769851685 0.178408697247505 0.168667107820511 0.16047340631485 0.168548420071602 0.177485227584839 0.189452156424522 0.193509876728058 0.182879373431206 0.177377626299858 0.177463829517365 0.174646973609924 0.169951677322388 0.168134033679962
0.155745714902878 0.157888740301132 0.155424416065216 0.151649743318558 0.151788204908371 0.152278333902359 0.15144918859005 0.150726944208145 0.150548428297043 0.150197893381119 0.149431973695755 0.150315478444099 0.153463408350945 0.151749283075333 0.146057143807411 0.14523358643055 0.14671616256237 0.153954863548279 0.162568911910057 0.160561412572861 0.157139107584953 0.143745318055153 0.135915771126747 0.1513731777668 0.162392392754555 0.164042249321938 0.166433289647102 0.169730186462402 0.169794768095016 0.167504981160164 0.175794064998627 0.188464224338531 0.18467378616333 0.177647590637207 0.167225643992424 0.158427491784096 0.166720256209373 0.176116898655891 0.189394861459732 0.194060400128365 0.182731702923775 0.175589963793755 0.173010051250458 0.170863956212997 0.168998554348946 0.169946774840355
0.165190845727921 0.173089146614075 0.162648901343346 0.146993190050125 0.146951287984848 0.148427620530128 0.147744536399841 0.14722940325737 0.147568717598915 0.146776273846626 0.143251046538353 0.14148873090744 0.142146646976471 0.146508440375328 0.153900623321533 0.160882040858269 0.167668893933296 0.169970899820328 0.171201318502426 0.167480111122131 0.163483545184135 0.160430371761322 0.158583357930183 0.161784186959267 0.164150655269623 0.164755716919899 0.169335871934891 0.178774401545525 0.181431978940964 0.179150402545929 0.178628504276276 0.178835362195969 0.175501182675362 0.171470910310745 0.163105756044388 0.156346589326859 0.166844099760056 0.177793875336647 0.19033382833004 0.193734437227249 0.180162236094475 0.172958090901375 0.172692149877548 0.170280158519745 0.166479587554932 0.166718229651451
0.165754482150078 0.174864441156387 0.162674620747566 0.1444271504879 0.140041500329971 0.137176379561424 0.137055471539497 0.138216957449913 0.145901724696159 0.149883076548576 0.144922152161598 0.142181441187859 0.142488807439804 0.149170875549316 0.161068558692932 0.170135200023651 0.177860826253891 0.177716627717018 0.175692081451416 0.171275123953819 0.167337775230408 0.172773107886314 0.176516354084015 0.173178046941757 0.171021729707718 0.17136062681675 0.173818930983543 0.178867563605309 0.181805416941643 0.183205828070641 0.18005758523941 0.175025597214699 0.172032058238983 0.169439226388931 0.162975683808327 0.157818421721458 0.166822299361229 0.177132591605186 0.192036315798759 0.195596739649773 0.178091436624527 0.169935569167137 0.17196623980999 0.170317530632019 0.166288062930107 0.165902227163315
0.158838838338852 0.165334209799767 0.156638115644455 0.143621563911438 0.131386086344719 0.119692988693714 0.120484732091427 0.124560289084911 0.14534018933773 0.158487588167191 0.153205588459969 0.150890678167343 0.152649164199829 0.158488839864731 0.167667627334595 0.174002751708031 0.178990870714188 0.178497791290283 0.176695063710213 0.172439619898796 0.16909496486187 0.181459084153175 0.190462276339531 0.185399606823921 0.182198375463486 0.182926833629608 0.179632931947708 0.171422868967056 0.172693446278572 0.180869579315186 0.180303186178207 0.176116198301315 0.173365950584412 0.170898124575615 0.166205510497093 0.162282109260559 0.166677862405777 0.174502223730087 0.194381758570671 0.199301838874817 0.176440551877022 0.166584059596062 0.170896738767624 0.17087796330452 0.168056532740593 0.16711787879467
0.152015075087547 0.156060457229614 0.152084693312645 0.14582771062851 0.131200835108757 0.116359867155552 0.118868634104729 0.123882099986076 0.14163663983345 0.153352156281471 0.150485798716545 0.150917649269104 0.155877500772476 0.162332832813263 0.170011729001999 0.175831273198128 0.180770084261894 0.180574849247932 0.17915290594101 0.177545040845871 0.176402747631073 0.182222545146942 0.185508117079735 0.178187608718872 0.173577174544334 0.174687877297401 0.173170611262321 0.16844142973423 0.170665755867958 0.177954897284508 0.177661642432213 0.174228265881538 0.171088442206383 0.16800631582737 0.166950613260269 0.166113466024399 0.166678324341774 0.171006262302399 0.188565358519554 0.193798393011093 0.176140621304512 0.168577149510384 0.172011762857437 0.171734884381294 0.169056490063667 0.168318510055542
0.145236253738403 0.146912232041359 0.148257046937943 0.149507686495781 0.135160639882088 0.119951456785202 0.124570891261101 0.129555195569992 0.136395499110222 0.141492784023285 0.142381355166435 0.14669580757618 0.155713528394699 0.163498044013977 0.170273557305336 0.17666195333004 0.182866960763931 0.183286070823669 0.182322725653648 0.18457904458046 0.186426818370819 0.179108962416649 0.171304807066917 0.161465421319008 0.155267462134361 0.156756833195686 0.160700619220734 0.167644172906876 0.172104880213737 0.17475713789463 0.173607230186462 0.170882731676102 0.16704361140728 0.162985399365425 0.166479751467705 0.169635355472565 0.166749700903893 0.167086705565453 0.178754776716232 0.18378858268261 0.17650181055069 0.173185721039772 0.174195811152458 0.172736883163452 0.169680371880531 0.169511780142784
