Ecospace-environmental-drivers/Outputs/ASCII-for-ecospace/MOM6-ISIMIP3a/phyc-vint/1996-05_phyc-vint_MOM6-ISIMIP3a.asc
NCOLS 131 
NROWS 53 
XLLCORNER -98 
YLLCORNER 23.9265270233154 
CELLSIZE 0.133587792515755 
NODATA_value -9999 
[rows 0 to 19 of 53, columns 46 to 91 of 131]
-9999 -9999 -9999 -9999 -9999 -9999 -9999 -9999 -9999 -9999 -9999 -9999 -9999 -9999 -9999 -9999 -9999 -9999 -9999 -9999 -9999 -9999 -9999 -9999 -9999 -9999 -9999 -9999 -9999 -9999 -9999 -9999 -9999 -9999 -9999 -9999 -9999 -9999 -9999 -9999 -9999 -9999 -9999 -9999 -9999 -9999
-9999 -9999 -9999 -9999 -9999 -9999 -9999 -9999 -9999 -9999 -9999 -9999 -9999 -9999 -9999 -9999 -9999 -9999 -9999 -9999 -9999 -9999 -9999 -9999 -9999 -9999 -9999 -9999 -9999 -9999 -9999 -9999 -9999 -9999 -9999 -9999 -9999 -9999 -9999 -9999 -9999 -9999 -9999 -9999 -9999 -9999
-9999 -9999 -9999 -9999 -9999 -9999 -9999 -9999 -9999 -9999 -9999 -9999 -9999 -9999 -9999 -9999 -9999 -9999 -9999 -9999 -9999 -9999 -9999 -9999 -9999 -9999 -9999 -9999 0.14196714758873 0.140020936727524 -9999 -9999 -9999 -9999 -9999 -9999 -9999 -9999 -9999 -9999 -9999 -9999 -9999 -9999 -9999 -9999
-9999 -9999 -9999 -9999 -9999 -9999 -9999 -9999 -9999 -9999 -9999 -9999 -9999 -9999 -9999 -9999 -9999 -9999 -9999 -9999 -9999 -9999 -9999 -9999 -9999 -9999 -9999 -9999 0.14212554693222 0.140488192439079 -9999 -9999 -9999 -9999 -9999 -9999 -9999 -9999 -9999 -9999 -9999 -9999 -9999 -9999 -9999 -9999
-9999 -9999 -9999 -9999 -9999 -9999 -9999 -9999 -9999 -9999 -9999 -9999 -9999 -9999 -9999 -9999 -9999 -9999 -9999 0.153472453355789 0.153040140867233 0.152694284915924 0.150676846504211 0.149042204022408 0.146580964326859 0.1451805382967 0.144299179315567 0.143263250589371 0.142300680279732 0.14081272482872 0.138351157307625 -9999 -9999 0.113909117877483 0.100109241902828 0.0933649390935898 0.0972888320684433 0.115196324884892 0.135020688176155 0.14933505654335 0.150076821446419 0.136314168572426 0.113622881472111 -9999 -9999 -9999
-9999 -9999 -9999 -9999 -9999 -9999 -9999 -9999 -9999 -9999 -9999 -9999 -9999 -9999 -9999 0.162444993853569 -9999 0.159262984991074 0.156610578298569 0.154961228370667 0.153472453355789 0.152953669428825 0.152694284915924 0.14865942299366 0.145772889256477 0.145310580730438 0.144458130002022 0.143128827214241 0.142202779650688 0.141570448875427 0.138664960861206 0.134818062186241 0.126066729426384 0.116351313889027 0.0993093177676201 0.0846671015024185 0.0961183905601501 0.111081004142761 0.138389587402344 0.15559147298336 0.154024124145508 0.140614882111549 0.11430349200964 0.0859502702951431 0.0562759004533291 -9999
-9999 -9999 -9999 -9999 -9999 -9999 -9999 -9999 -9999 -9999 -9999 0.160787284374237 0.160844072699547 0.161519944667816 0.164956837892532 0.166337579488754 0.162791177630424 0.162098824977875 0.159079536795616 0.156610578298569 0.154800653457642 0.153472453355789 0.152694284915924 0.14865942299366 0.145772889256477 0.145310580730438 0.144458130002022 0.143128827214241 0.142202779650688 0.141570448875427 0.138664960861206 0.134818062186241 0.126066729426384 0.116351313889027 0.0993093177676201 0.0846671015024185 0.0961183905601501 0.111081004142761 0.138389587402344 0.15559147298336 0.154024124145508 0.140614882111549 0.11430349200964 0.0859502702951431 0.0562759004533291 0.0484335124492645
-9999 -9999 -9999 -9999 -9999 -9999 -9999 -9999 -9999 -9999 -9999 0.160482823848724 0.160787284374237 0.160900861024857 -9999 0.171097949147224 0.17282822728157 0.163483530282974 0.162098824977875 0.158529207110405 0.156610578298569 0.154318928718567 0.150936543941498 0.142989352345467 0.140229880809784 0.148422136902809 0.152430474758148 0.151325225830078 0.149770870804787 0.147889390587807 0.142930015921593 0.136696010828018 0.135556101799011 0.135417565703392 0.122114337980747 0.110375814139843 0.11868517100811 0.12831848859787 0.142606884241104 0.151342079043388 0.149764344096184 0.140088245272636 0.121588706970215 0.109597824513912 0.101818338036537 0.081589050590992
-9999 -9999 -9999 -9999 -9999 -9999 -9999 -9999 -9999 -9999 -9999 -9999 -9999 -9999 -9999 0.166813418269157 0.18546599149704 0.186279386281967 0.164868220686913 0.162098824977875 0.15687820315361 0.153827145695686 0.149009346961975 0.136797592043877 0.134143203496933 0.151665136218071 0.160975635051727 0.160250067710876 0.158087432384491 0.154878050088882 0.147756353020668 0.139014407992363 0.145883932709694 0.155822291970253 0.146729230880737 0.138288721442223 0.143107697367668 0.146901682019234 0.147091746330261 0.146671682596207 0.14511850476265 0.139557406306267 0.129629522562027 0.135153040289879 0.150674343109131 0.115305319428444
0.150292336940765 0.150260582566261 -9999 -9999 -9999 -9999 -9999 -9999 -9999 -9999 -9999 0.149972185492516 0.160170763731003 -9999 -9999 -9999 0.178411409258842 0.216745004057884 0.209273457527161 0.16763761639595 0.16754886507988 0.158168852329254 0.147961288690567 0.134290337562561 0.130512863397598 0.147621288895607 0.158875539898872 0.162974789738655 0.163259193301201 0.160764902830124 0.155552670359612 0.149214833974838 0.148867905139923 0.14969864487648 0.146719589829445 0.144014656543732 0.145365700125694 0.146113410592079 0.144739776849747 0.143741711974144 0.143441140651703 0.14087387919426 0.135836988687515 0.136225491762161 0.140124499797821 0.118592634797096
0.150267407298088 0.150253757834435 0.150252744555473 -9999 -9999 -9999 -9999 -9999 -9999 -9999 -9999 0.144405499100685 0.149809256196022 0.160170763731003 -9999 -9999 0.16169585287571 0.212751105427742 0.275788068771362 0.228091686964035 0.175364658236504 0.160139486193657 0.145130291581154 0.131024971604347 0.127028375864029 0.144372075796127 0.157375186681747 0.165073186159134 0.1673803627491 0.165760964155197 0.162358328700066 0.158217191696167 0.152372002601624 0.146191835403442 0.147891566157341 0.14952939748764 0.147711902856827 0.145744144916534 0.143248096108437 0.141844302415848 0.142469003796577 0.142327234148979 0.141350388526917 0.136848703026772 0.130066275596619 0.121430799365044
0.150267407298088 0.150253757834435 0.150250732898712 0.149426609277725 0.149023681879044 -9999 -9999 -9999 -9999 -9999 -9999 -9999 0.144241333007812 0.151269823312759 0.160170763731003 0.160787284374237 0.16169585287571 0.212751105427742 0.275788068771362 0.224447563290596 0.167867481708527 0.149392157793045 0.132736012339592 0.123693272471428 0.124326199293137 0.145385235548019 0.159091740846634 0.163811981678009 0.165866360068321 0.165978997945786 0.1638503074646 0.160793408751488 0.158665984869003 0.156721249222755 0.155401438474655 0.153911307454109 0.150531202554703 0.147622421383858 0.146370857954025 0.145485311746597 0.145279511809349 0.144514739513397 0.143140986561775 0.135062247514725 0.12264508754015 0.121859803795815
0.14940357208252 0.149608016014099 0.149390816688538 0.149053707718849 0.14901115000248 -9999 -9999 -9999 -9999 0.148303836584091 0.144990622997284 0.142965614795685 0.142709136009216 0.147049233317375 0.155150130391121 0.158728152513504 0.160163804888725 0.203897938132286 0.257738620042801 0.211446836590767 0.16033723950386 0.139227136969566 0.122044242918491 0.121297121047974 0.127075389027596 0.146629258990288 0.15822459757328 0.160092979669571 0.161524772644043 0.162638574838638 0.162492394447327 0.16182442009449 0.162284687161446 0.16296674311161 0.160355046391487 0.157508492469788 0.153559237718582 0.150306671857834 0.149503752589226 0.148638412356377 0.147657141089439 0.146465376019478 0.145044252276421 0.136069968342781 0.122208431363106 0.126811668276787
0.146380066871643 0.147347912192345 0.148169696331024 0.148949950933456 0.14901115000248 0.149006187915802 0.149202391505241 0.14935827255249 0.149308994412422 0.148303836584091 0.144990622997284 0.142965614795685 0.142709136009216 0.1445631980896 0.148144066333771 0.151521071791649 0.154801532626152 0.172911420464516 0.194564536213875 0.175054147839546 0.152724340558052 0.130517914891243 0.115608878433704 0.131240114569664 0.143453255295753 0.148450493812561 0.150898054242134 0.150229379534721 0.150114074349403 0.150401815772057 0.154009595513344 0.158992290496826 0.159215092658997 0.158502191305161 0.158917829394341 0.159143835306168 0.15710911154747 0.155005916953087 0.152661964297295 0.150571703910828 0.148952573537827 0.14782378077507 0.147229239344597 0.144063279032707 0.139233469963074 0.143070936203003
0.144845351576805 0.148902997374535 0.147989958524704 0.145663246512413 0.146358326077461 0.147330909967422 0.147444933652878 0.147504568099976 0.147287577390671 0.145876511931419 0.141582190990448 0.138471648097038 0.13698622584343 0.138060197234154 0.141228184103966 0.145529955625534 0.15036877989769 0.153265833854675 0.155698955059052 0.151183634996414 0.145428702235222 0.128579288721085 0.1186283826828 0.137548476457596 0.149306505918503 0.145944893360138 0.143589451909065 0.142463758587837 0.141917243599892 0.141792610287666 0.146570444107056 0.153378561139107 0.153902798891068 0.153191789984703 0.155362486839294 0.15750877559185 0.158374175429344 0.158322021365166 0.155043765902519 0.15231417119503 0.150603473186493 0.149671301245689 0.149587363004684 0.149391770362854 0.149123936891556 0.151537045836449
0.145415470004082 0.155852079391479 0.149282515048981 0.137876406311989 0.139954879879951 0.14328707754612 0.143202736973763 0.143030077219009 0.142408266663551 0.140017375349998 0.133354872465134 0.127624019980431 0.123172171413898 0.125877916812897 0.134439796209335 0.141257971525192 0.147250190377235 0.149654299020767 0.151201099157333 0.145017191767693 0.13858163356781 0.136213034391403 0.135015353560448 0.138718113303185 0.140279904007912 0.137321934103966 0.136306196451187 0.137664273381233 0.138264268636703 0.138312086462975 0.140606835484505 0.143832132220268 0.145419791340828 0.146685525774956 0.148812517523766 0.15124998986721 0.156408920884132 0.159682646393776 0.156327903270721 0.153786852955818 0.152756929397583 0.152210310101509 0.152190253138542 0.150952711701393 0.148927390575409 0.14898507297039
0.141797825694084 0.152944624423981 0.14287032186985 0.126760736107826 0.125047370791435 0.124835141003132 0.125366523861885 0.126990735530853 0.134173974394798 0.137484982609749 0.131446093320847 0.124385014176369 0.115920580923557 0.118744499981403 0.130804225802422 0.13787879049778 0.142591997981071 0.143092900514603 0.14258736371994 0.136835023760796 0.131377831101418 0.13546285033226 0.138184830546379 0.135202392935753 0.132411360740662 0.130024403333664 0.129170343279839 0.130189836025238 0.131506681442261 0.133040130138397 0.135067999362946 0.13730064034462 0.139196962118149 0.1410271525383 0.143979877233505 0.147297725081444 0.153776302933693 0.158181592822075 0.155297145247459 0.153189331293106 0.15252386033535 0.152423962950706 0.152940288186073 0.151531979441643 0.148878335952759 0.148085489869118
0.134653568267822 0.141736820340157 0.12996980547905 0.11284177750349 0.10297841578722 0.0942498445510864 0.0960825681686401 0.101212427020073 0.123114392161369 0.137754082679749 0.134858280420303 0.127553388476372 0.114195369184017 0.11586282402277 0.129823714494705 0.135251477360725 0.136637285351753 0.134047374129295 0.130507543683052 0.126955330371857 0.123873621225357 0.127652391791344 0.130223587155342 0.127741023898125 0.125518023967743 0.123843029141426 0.122158639132977 0.120462767779827 0.122134655714035 0.126259580254555 0.129886880517006 0.133308097720146 0.134877488017082 0.136082842946053 0.140593454241753 0.145287826657295 0.150581672787666 0.154270678758621 0.152316972613335 0.150848463177681 0.150281026959419 0.150679379701614 0.152129963040352 0.151284545660019 0.148953497409821 0.148577407002449
0.130515664815903 0.133051916956902 0.125451773405075 0.114968858659267 0.0986641347408295 0.0824908912181854 0.0859556794166565 0.0918585658073425 0.110163696110249 0.123050518333912 0.122854270040989 0.120096176862717 0.113821007311344 0.11642437428236 0.126291915774345 0.129606410861015 0.129816874861717 0.126474902033806 0.122284129261971 0.119932807981968 0.117981448769569 0.120012179017067 0.121222384274006 0.118998602032661 0.117135293781757 0.116032958030701 0.114835418760777 0.113521538674831 0.115523666143417 0.119941130280495 0.124684922397137 0.129563868045807 0.13209068775177 0.134155139327049 0.138703793287277 0.143277734518051 0.147200062870979 0.149953350424767 0.148596331477165 0.147591829299927 0.147242039442062 0.147902235388756 0.14966282248497 0.149388566613197 0.147797659039497 0.147965878248215
0.127848967909813 0.125601649284363 0.125035896897316 0.124948397278786 0.103038482367992 0.0799449905753136 0.0852037072181702 0.09054234623909 0.0962875410914421 0.101019755005836 0.103306017816067 0.107439130544662 0.114107713103294 0.11867094039917 0.121511615812778 0.12248457223177 0.12257282435894 0.11962328851223 0.115947917103767 0.11430849134922 0.112878158688545 0.112455278635025 0.111712232232094 0.109629288315773 0.108023695647717 0.107425838708878 0.107359759509563 0.107943616807461 0.110263854265213 0.113848827779293 0.119472786784172 0.125941157341003 0.130053952336311 0.133703678846359 0.137546613812447 0.141267567873001 0.14372693002224 0.145437136292458 0.144513309001923 0.143887057900429 0.14381343126297 0.144619777798653 0.14638489484787 0.146685853600502 0.146039426326752 0.146814346313477
