Ecospace-environmental-drivers/Outputs/ASCII-for-ecospace/MOM6-ISIMIP3a/phyc-vint/1997-04_phyc-vint_MOM6-ISIMIP3a.asc
NCOLS 131 
NROWS 53 
XLLCORNER -98 
YLLCORNER 23.9265270233154 
CELLSIZE 0.133587792515755 
NODATA_value -9999 
[rows 20 to 39 of 53, columns 0 to 44 of 131]
-9999 -9999 -9999 -9999 -9999 -9999 -9999 -9999 0.104201555252075 0.109395764768124 0.112929910421371 0.112893462181091 0.113928057253361 0.116901241242886 0.120703548192978 0.125462532043457 0.136115193367004 0.150815293192863 0.150268271565437 0.143833741545677 0.147771939635277 0.15354061126709 0.154736027121544 0.155431285500526 0.152793169021606 0.150039836764336 0.146912962198257 0.143729016184807 0.140445441007614 0.142076686024666 0.148765161633492 0.149945631623268 0.147770673036575 0.146756991744041 0.146130412817001 0.145761340856552 0.145437225699425 0.146414935588837 0.147274255752563 0.14737956225872 0.1473009288311 0.146710246801376 0.147536128759384 0.150551214814186 0.151767179369926
-9999 -9999 -9999 -9999 -9999 -9999 0.0943729132413864 0.0955136939883232 0.0990361869335175 0.104201555252075 0.111055821180344 0.112929910421371 0.111822418868542 0.108523525297642 0.114641547203064 0.131625205278397 0.14473383128643 0.155181303620338 0.151836887001991 0.143166914582253 0.139615625143051 0.136967614293098 0.144051715731621 0.150163412094116 0.146396040916443 0.142816007137299 0.139843434095383 0.136674210429192 0.133161842823029 0.13077600300312 0.12954930961132 0.127783581614494 0.125689476728439 0.124267786741257 0.123070232570171 0.123470775783062 0.124103300273418 0.126280441880226 0.128282189369202 0.129166960716248 0.129849016666412 0.129966795444489 0.132620304822922 0.139192640781403 0.142020761966705
-9999 -9999 -9999 -9999 -9999 -9999 0.0942791923880577 0.0943729132413864 0.09665447473526 0.100915797054768 0.104201555252075 0.116035990417004 0.124307602643967 0.125529378652573 0.128280863165855 0.132797345519066 0.13805028796196 0.143808960914612 0.139411553740501 0.131092503666878 0.126853987574577 0.12333557754755 0.128114968538284 0.132269456982613 0.129702374339104 0.127394750714302 0.125928327441216 0.124375067651272 0.122670270502567 0.121376357972622 0.120505228638649 0.119362190365791 0.118053510785103 0.11701001226902 0.11605491489172 0.116773873567581 0.117726802825928 0.119040861725807 0.12036070972681 0.121717415750027 0.12281933426857 0.123211987316608 0.124847277998924 0.128403007984161 0.130267187952995
-9999 -9999 -9999 -9999 0.0974164083600044 0.0954041182994843 0.0940143838524818 0.0944502726197243 0.0943729132413864 0.098936028778553 0.106152683496475 0.123525984585285 0.137078121304512 0.143069252371788 0.142187193036079 0.133374512195587 0.13040292263031 0.131442680954933 0.126166746020317 0.118452087044716 0.114169739186764 0.110493093729019 0.11238718777895 0.114052660763264 0.112796485424042 0.111846759915352 0.111890688538551 0.111976824700832 0.112136632204056 0.112265706062317 0.112363159656525 0.112098522484303 0.111613295972347 0.111012361943722 0.110372863709927 0.111335389316082 0.112513311207294 0.112855106592178 0.113385528326035 0.115117155015469 0.116549342870712 0.117147944867611 0.117604672908783 0.117842130362988 0.118616223335266
-9999 -9999 -9999 -9999 0.101825542747974 0.0984215959906578 0.0967938452959061 0.0940143838524818 0.0949635282158852 0.107043489813805 0.118726879358292 0.128892362117767 0.13603575527668 0.13719929754734 0.135490909218788 0.130468755960464 0.126276180148125 0.122653305530548 0.117163524031639 0.110952846705914 0.108608320355415 0.106946051120758 0.106775134801865 0.106536246836185 0.105458751320839 0.104613408446312 0.10452077537775 0.10460052639246 0.10498108714819 0.105510614812374 0.106193408370018 0.106496341526508 0.1065678820014 0.106473684310913 0.1063242405653 0.106867767870426 0.107503838837147 0.107689946889877 0.107972420752048 0.108868546783924 0.109585329890251 0.10980286449194 0.110047452151775 0.110333859920502 0.111206196248531
-9999 -9999 -9999 -9999 -9999 0.101825542747974 0.10105261951685 0.0995733141899109 0.0987612083554268 0.116227768361568 0.130708813667297 0.133762538433075 0.134829699993134 0.131965979933739 0.129388704895973 0.127141937613487 0.122050605714321 0.115005776286125 0.109658055007458 0.104965649545193 0.104039654135704 0.103778310120106 0.101882927119732 0.10005658864975 0.0991038233041763 0.0983148515224457 0.0980569571256638 0.0980473384261131 0.0984709784388542 0.0992368683218956 0.100354917347431 0.101192429661751 0.101859033107758 0.102181285619736 0.102388754487038 0.102570593357086 0.10274763405323 0.102749958634377 0.102780759334564 0.102992936968803 0.103123858571053 0.10302859544754 0.103108674287796 0.103459745645523 0.10443514585495
-9999 -9999 -9999 -9999 -9999 0.102205902338028 0.101825542747974 0.108797237277031 0.116620965301991 0.13013356924057 0.140093818306923 0.136457115411758 0.132905960083008 0.129524081945419 0.125891268253326 0.121968902647495 0.117391757667065 0.112364932894707 0.108719848096371 0.10560829937458 0.103823900222778 0.10227370262146 0.100147001445293 0.0981228202581406 0.0970581769943237 0.0961150899529457 0.0955660939216614 0.0951032936573029 0.0947908982634544 0.0950736999511719 0.0959689319133759 0.0971962884068489 0.098625972867012 0.0989688113331795 0.0989493876695633 0.0990207716822624 0.0991019383072853 0.0987972542643547 0.0985600799322128 0.0987528041005135 0.0988658666610718 0.0987571403384209 0.0988815501332283 0.0993662551045418 0.100465849041939
-9999 -9999 0.103594563901424 0.103302747011185 0.102838702499866 0.102586716413498 0.102205455303192 0.116953536868095 0.131874442100525 0.139483824372292 0.143909141421318 0.136147186160088 0.129882350564003 0.1265799254179 0.12256495654583 0.11772783100605 0.113739535212517 0.110334172844887 0.107980221509933 0.106032267212868 0.103701204061508 0.101302534341812 0.099137507379055 0.0970875918865204 0.0959543660283089 0.0948963612318039 0.0940822586417198 0.093253031373024 0.0923974141478539 0.092213548719883 0.0927209034562111 0.0940268337726593 0.0958192646503448 0.0962145030498505 0.0961440056562424 0.096244290471077 0.0963636040687561 0.0958475172519684 0.0954151973128319 0.0955163836479187 0.0955461338162422 0.0953770205378532 0.0955062657594681 0.0960966125130653 0.09727693349123
-9999.000000000000000 -9999 -9999 -9999 0.10448282212019 0.103090688586235 0.103322945535183 0.122780449688435 0.141441375017166 0.13889454305172 0.135572254657745 0.129281893372536 0.124459020793438 0.122539937496185 0.119612038135529 0.115520142018795 0.112283609807491 0.109634503722191 0.10767387598753 0.105979092419147 0.103781543672085 0.101495280861855 0.0997129753232002 0.0980128422379494 0.0969054847955704 0.0958181247115135 0.0947955921292305 0.0937892273068428 0.0928111001849174 0.0921964198350906 0.0919557139277458 0.0926610976457596 0.0939428210258484 0.0944598242640495 0.0947219207882881 0.0951551198959351 0.0956050008535385 0.0950860902667046 0.0946175679564476 0.0944699123501778 0.094273567199707 0.0939416587352753 0.0939895734190941 0.0946244671940804 0.0957906916737556
-9999 -9999 -9999 -9999 0.10698314756155 0.107771068811417 0.106381081044674 0.127029538154602 0.146422654390335 0.137491479516029 0.129394710063934 0.124491661787033 0.120775483548641 0.119407750666142 0.117106936872005 0.113729476928711 0.11092221736908 0.1085065305233 0.106659226119518 0.105031400918961 0.103184148669243 0.101298175752163 0.100066810846329 0.0988782346248627 0.0979267731308937 0.096941739320755 0.0958478599786758 0.0947644263505936 0.093699224293232 0.0927804112434387 0.0920122414827347 0.0921391099691391 0.0928112417459488 0.0933716520667076 0.0938948318362236 0.0944019705057144 0.0948999971151352 0.0944395735859871 0.0939874276518822 0.0935879945755005 0.0932208225131035 0.0929434671998024 0.0930360406637192 0.0937003344297409 0.0947558134794235
-9999 -9999 -9999 -9999 0.108929380774498 0.110087692737579 0.111517943441868 0.129293605685234 0.14563475549221 0.135064616799355 0.125933781266212 0.122312054038048 0.119280733168125 0.117417670786381 0.115165211260319 0.11246345937252 0.109679736196995 0.106839701533318 0.104753486812115 0.102958336472511 0.101734094321728 0.100610598921776 0.100141800940037 0.0996683165431023 0.0990363359451294 0.0983193144202232 0.0973265469074249 0.0962919145822525 0.0951842218637466 0.0941206738352776 0.0931025296449661 0.0926786363124847 0.0926167443394661 0.0931219980120659 0.093816302716732 0.0940715596079826 0.0942624285817146 0.0939376205205917 0.0935680121183395 0.0929130986332893 0.0924446433782578 0.0924952551722527 0.0927910208702087 0.0934656485915184 0.0942887738347054
-9999 -9999 -9999 -9999 0.110087692737579 0.11181902140379 0.113851420581341 0.128632053732872 0.142114877700806 0.131255313754082 0.122188471257687 0.119983449578285 0.11785201728344 0.115866184234619 0.113519206643105 0.110755518078804 0.108039990067482 0.105357527732849 0.103468872606754 0.101886741816998 0.10136341303587 0.101026929914951 0.101131848990917 0.101181291043758 0.10068791359663 0.100046508014202 0.0989251062273979 0.0977981016039848 0.0966612994670868 0.0955215469002724 0.0943787544965744 0.093803770840168 0.0935746803879738 0.0940728411078453 0.0948134064674377 0.0948103815317154 0.0947002917528152 0.0939943268895149 0.0932653993368149 0.0923902541399002 0.0918126329779625 0.0920632928609848 0.0925097092986107 0.0932586714625359 0.0939525440335274
-9999 -9999 -9999 -9999 0.11191938072443 0.113851420581341 0.123500615358353 0.125776275992393 0.13654600083828 0.126409158110619 0.118229851126671 0.117543108761311 0.116472832858562 0.114643655717373 0.112094983458519 0.108716130256653 0.106102295219898 0.104013837873936 0.102650120854378 0.101566255092621 0.10180226713419 0.102271199226379 0.102808192372322 0.103236436843872 0.10274600982666 0.102035917341709 0.100613579154015 0.0992883071303368 0.09813242405653 0.0969678834080696 0.0957944318652153 0.0953681170940399 0.09539695084095 0.0959240570664406 0.0966172590851784 0.0963511317968369 0.095944732427597 0.0944700315594673 0.09305040538311 0.0919814482331276 0.091288760304451 0.0916435122489929 0.0922011882066727 0.0930724665522575 0.0937144085764885
-9999 -9999 -9999 -9999 0.113851420581341 0.120153039693832 0.123698607087135 0.125742703676224 0.126796126365662 0.122261889278889 0.118141323328018 0.115604124963284 0.113827399909496 0.113555431365967 0.111554406583309 0.107558317482471 0.105266809463501 0.104145914316177 0.103310666978359 0.102585725486279 0.103103160858154 0.103839844465256 0.104264363646507 0.104576155543327 0.104005560278893 0.103173345327377 0.101492881774902 0.100010134279728 0.0988724008202553 0.0978821367025375 0.0970436185598373 0.0968209952116013 0.0969735756516457 0.097476489841938 0.0980961844325066 0.0976288393139839 0.0970016717910767 0.0950428545475006 0.0931825786828995 0.0919497981667519 0.0911409929394722 0.09151241928339 0.092166505753994 0.0932574197649956 0.0939978435635567
-9999 -9999 -9999 -9999 -9999 0.1195934638381 0.11956150084734 0.119576849043369 0.115254394710064 0.118414141237736 0.119711428880692 0.113880015909672 0.110639281570911 0.112524770200253 0.11139252781868 0.10677831619978 0.104903697967529 0.104910477995872 0.104605220258236 0.104179464280605 0.104773506522179 0.105547517538071 0.105626165866852 0.105609260499477 0.104922860860825 0.103945627808571 0.102025397121906 0.100402645766735 0.0992990210652351 0.0985683500766754 0.098221443593502 0.0982261002063751 0.0984449237585068 0.0989008694887161 0.0994358584284782 0.0987938046455383 0.0979782417416573 0.0956573039293289 0.0934635549783707 0.092079795897007 0.0911544188857079 0.0915050506591797 0.0922491848468781 0.0936014428734779 0.0945048108696938
-9999 -9999 -9999 -9999 -9999 0.116119869053364 0.115520268678665 0.113364949822426 0.113677673041821 0.117993786931038 0.120068781077862 0.113565713167191 0.110066503286362 0.112511083483696 0.111876383423805 0.107688665390015 0.106287226080894 0.106799237430096 0.106658264994621 0.106265135109425 0.106790252029896 0.107477404177189 0.107415333390236 0.107225611805916 0.106108851730824 0.104798756539822 0.102861821651459 0.101110555231571 0.0996832922101021 0.0987668409943581 0.0983760133385658 0.098534382879734 0.0990273207426071 0.0992081165313721 0.0992848575115204 0.0984771922230721 0.097536988556385 0.0951646938920021 0.0929547250270844 0.0917785465717316 0.0911101177334785 0.0918551608920097 0.0929664298892021 0.0946436896920204 0.0955562815070152
-9999 -9999 -9999 -9999 -9999 0.113671585917473 0.113277837634087 0.113619014620781 0.114162735641003 0.118282563984394 0.120175205171108 0.113543093204498 0.110034845769405 0.112707816064358 0.112493835389614 0.108948744833469 0.108032129704952 0.108920596539974 0.10886824131012 0.108452588319778 0.108878664672375 0.109453275799751 0.109292924404144 0.108962647616863 0.107350431382656 0.105668611824512 0.103761129081249 0.101883716881275 0.100058794021606 0.098864421248436 0.0983188673853874 0.0986157357692719 0.0994257926940918 0.0992842167615891 0.0988254398107529 0.0978540480136871 0.0968023911118507 0.0944430381059647 0.0922824963927269 0.0913880616426468 0.0910538658499718 0.0922792255878448 0.0938149765133858 0.0958304032683372 0.0967204049229622
-9999 -9999 -9999 -9999 -9999 -9999 0.112216643989086 0.112849541008472 0.113166436553001 0.117343008518219 0.119306452572346 0.112798966467381 0.109755352139473 0.113565735518932 0.115012988448143 0.113733559846878 0.113520629703999 0.114040106534958 0.11359690874815 0.1127819865942 0.112363040447235 0.112013973295689 0.111495912075043 0.110834293067455 0.109007187187672 0.107103191316128 0.104949906468391 0.102764889597893 0.100524500012398 0.0989181995391846 0.0979643762111664 0.0981209799647331 0.0989540442824364 0.0986180007457733 0.0978922471404076 0.0968085378408432 0.0956709906458855 0.0939266458153725 0.0923681855201721 0.0919935032725334 0.0921757072210312 0.0939081460237503 0.0953598469495773 0.0963776856660843 0.0964158028364182
-9999 -9999 -9999 -9999 -9999 -9999 0.110506825149059 0.110181376338005 0.111924856901169 0.11636258661747 0.118572629988194 0.112256027758121 0.109702065587044 0.114593304693699 0.117605030536652 0.118448100984097 0.118971332907677 0.11927492171526 0.118467606604099 0.117231339216232 0.115936763584614 0.114631906151772 0.113706260919571 0.112670712172985 0.110650151968002 0.108533605933189 0.106105841696262 0.103620134294033 0.101033322513103 0.0990362614393234 0.0976460501551628 0.0976472571492195 0.098496101796627 0.0980086922645569 0.0970758721232414 0.095886655151844 0.0946627482771873 0.093542255461216 0.0925954431295395 0.092754639685154 0.093427911400795 0.095532238483429 0.0968031287193298 0.0967859923839569 0.0959692746400833
-9999 -9999 -9999 -9999 -9999 -9999 0.108175374567509 0.1084895581007 0.108774460852146 0.115533009171486 0.119743965566158 0.114203810691833 0.112180188298225 0.117114819586277 0.120066232979298 0.120729342103004 0.122230648994446 0.124307602643967 0.1236502379179 0.121937058866024 0.119796708226204 0.117580980062485 0.115839593112469 0.114066988229752 0.11194771528244 0.109649881720543 0.106773063540459 0.104147121310234 0.101958960294724 0.099860891699791 0.0978555157780647 0.0976730212569237 0.0986010059714317 0.0983611047267914 0.0977319106459618 0.0964851677417755 0.0951576679944992 0.0944678634405136 0.0939707681536674 0.094700887799263 0.095507986843586 0.0965293496847153 0.0968301221728325 0.0960172489285469 0.0947103351354599
