Ecospace-environmental-drivers/Outputs/ASCII-for-ecospace/MOM6-ISIMIP3a/phyc-vint/1997-11_phyc-vint_MOM6-ISIMIP3a.asc
NCOLS 131 
NROWS 53 
XLLCORNER -98 
YLLCORNER 23.9265270233154 
CELLSIZE 0.133587792515755 
NODATA_value -9999 
[rows 20 to 39 of 53, columns 45 to 89 of 131]
0.130455493927002 0.13070747256279 0.130398169159889 0.131822779774666 0.133740499615669 0.128454685211182 0.12268491089344 0.123756043612957 0.124534137547016 0.123821526765823 0.122405119240284 0.119289346039295 0.120060287415981 0.126167178153992 0.129547655582428 0.130697429180145 0.129910320043564 0.128205746412277 0.126138865947723 0.123985409736633 0.121094085276127 0.118181005120277 0.115689128637314 0.113443225622177 0.112226769328117 0.110719576478004 0.108598597347736 0.105982735753059 0.102762028574944 0.102262578904629 0.103745259344578 0.105475828051567 0.107309050858021 0.108417116105556 0.109382629394531 0.110199652612209 0.110935114324093 0.110927611589432 0.110733047127724 0.1098807528615 0.109088957309723 0.108409501612186 0.107775144279003 0.107189901173115 0.106369562447071
0.126856744289398 0.126771256327629 0.126216724514961 0.127577528357506 0.129483059048653 0.12991090118885 0.130184695124626 0.130382895469666 0.130568027496338 0.130686700344086 0.130106821656227 0.127840220928192 0.126936882734299 0.127905085682869 0.128838688135147 0.129743948578835 0.128270834684372 0.12567113339901 0.12284392863512 0.119962356984615 0.117387652397156 0.114827752113342 0.112176507711411 0.109638229012489 0.107572726905346 0.105450615286827 0.103209003806114 0.101421751081944 0.100189827382565 0.100948616862297 0.1031574010849 0.104726761579514 0.106031306087971 0.107183754444122 0.108306303620338 0.109324157238007 0.110136561095715 0.108979865908623 0.107660122215748 0.105767130851746 0.104224763810635 0.103333547711372 0.102566294372082 0.101934105157852 0.101736344397068
0.118882194161415 0.11810003221035 0.116736225783825 0.117285899817944 0.118379764258862 0.119380280375481 0.120354481041431 0.120876260101795 0.121311731636524 0.121308200061321 0.120794557034969 0.119049191474915 0.117937251925468 0.117694914340973 0.117649219930172 0.117764391005039 0.115966536104679 0.11326252669096 0.111534163355827 0.110038921236992 0.108839847147465 0.107643343508244 0.106188051402569 0.104703024029732 0.103093564510345 0.101144105195999 0.0984768494963646 0.0976227447390556 0.0989846885204315 0.100901052355766 0.103221237659454 0.104473702609539 0.105283997952938 0.10568629950285 0.106008395552635 0.105767674744129 0.105308562517166 0.102919660508633 0.100572489202023 0.0983720049262047 0.0964764654636383 0.0951472297310829 0.0941508337855339 0.093517079949379 0.0936859995126724
0.11086643487215 0.109429404139519 0.107297219336033 0.107002250850201 0.10722978413105 0.108327396214008 0.109501525759697 0.110337302088737 0.110990345478058 0.110713832080364 0.110130161046982 0.10880483686924 0.107566170394421 0.106446474790573 0.105589956045151 0.10494876652956 0.102943181991577 0.100291326642036 0.0997609198093414 0.0997373983263969 0.0999952182173729 0.100244015455246 0.100080080330372 0.0997371599078178 0.0986452028155327 0.0969323441386223 0.0939087122678757 0.0939675122499466 0.0977936759591103 0.100791446864605 0.103185825049877 0.104107916355133 0.10442028939724 0.104012511670589 0.103463165462017 0.101904653012753 0.100129090249538 0.0965982601046562 0.0933049842715263 0.0908469408750534 0.0886317417025566 0.0868675261735916 0.0856444984674454 0.0850110948085785 0.0855068042874336
0.107725203037262 0.106779158115387 0.105269581079483 0.104525722563267 0.103999629616737 0.103872589766979 0.103770643472672 0.103243596851826 0.102502956986427 0.100675769150257 0.0987515151500702 0.0965928509831429 0.0947178080677986 0.0932321324944496 0.0924819484353065 0.092333510518074 0.0915924161672592 0.0905705988407135 0.0905134826898575 0.0906868651509285 0.0923982858657837 0.0941616371273994 0.0951428785920143 0.0957001298666 0.0944829359650612 0.0930623933672905 0.0912125334143639 0.0917174592614174 0.0951004102826118 0.0980505421757698 0.10068541765213 0.101252242922783 0.100962623953819 0.0997643619775772 0.0983874797821045 0.0963866859674454 0.0942649096250534 0.0911870300769806 0.0881657004356384 0.0853431969881058 0.0828569531440735 0.0809951797127724 0.0797089859843254 0.0790499001741409 0.079538993537426
0.104289300739765 0.103715762495995 0.102704472839832 0.101491652429104 0.100221522152424 0.0989014804363251 0.0975605249404907 0.0957929417490959 0.0938246324658394 0.0908352360129356 0.0879612267017365 0.0853658244013786 0.0831768959760666 0.0815460085868835 0.0809858739376068 0.0813017934560776 0.0816597267985344 0.0820375680923462 0.0824688673019409 0.0829129368066788 0.0856636688113213 0.088511660695076 0.090468667447567 0.0918413624167442 0.0907686501741409 0.0898012071847916 0.0890560150146484 0.0899757146835327 0.0929302498698235 0.0956790819764137 0.0982780829071999 0.0984454080462456 0.0976056829094887 0.0957745388150215 0.0937485098838806 0.0913864150643349 0.0889715477824211 0.086162693798542 0.0833012983202934 0.0802551135420799 0.0776157304644585 0.0757317915558815 0.0744277983903885 0.0737556666135788 0.0742052718997002
0.0995613783597946 0.0988408327102661 0.0977826863527298 0.0960129350423813 0.0940407961606979 0.0916665345430374 0.0892490893602371 0.0867771655321121 0.0843091160058975 0.081860788166523 0.0797507539391518 0.0784576013684273 0.0773688405752182 0.0765606909990311 0.0765576884150505 0.0772134512662888 0.0779449269175529 0.0787122696638107 0.0796982795000076 0.0807365328073502 0.0827100872993469 0.0847576707601547 0.0869475901126862 0.0887642204761505 0.0890185907483101 0.0892093256115913 0.0892657190561295 0.0904627293348312 0.093053787946701 0.0949275642633438 0.0962788760662079 0.0958526805043221 0.094690352678299 0.092917412519455 0.0910244509577751 0.0886561423540115 0.0861810520291328 0.0828348100185394 0.0796421766281128 0.0769896283745766 0.0747140496969223 0.0731385573744774 0.072015643119812 0.0713858380913734 0.0716518834233284
0.0944356173276901 0.0933623686432838 0.0920428931713104 0.0898592323064804 0.0874297991394997 0.0845565646886826 0.0816521868109703 0.0791335105895996 0.0767326951026917 0.0749314427375793 0.0735365301370621 0.0731227770447731 0.0727889016270638 0.0725646987557411 0.072896309196949 0.0736826807260513 0.0746103003621101 0.0756048262119293 0.0770533084869385 0.0786102563142776 0.0801727920770645 0.081782802939415 0.0840783715248108 0.0861876904964447 0.0875175520777702 0.0885779336094856 0.0890694186091423 0.0903545394539833 0.0926096588373184 0.0938645228743553 0.094390831887722 0.0935764387249947 0.0922068059444427 0.0903826057910919 0.0884690433740616 0.085884802043438 0.0831826031208038 0.0795708447694778 0.0762520581483841 0.0739633440971375 0.0720289498567581 0.0707525610923767 0.0698160007596016 0.0692496970295906 0.069371186196804
0.0884418487548828 0.0865670889616013 0.0845183208584785 0.0822328254580498 0.0798800140619278 0.0777192786335945 0.075614295899868 0.0744836255908012 0.073387086391449 0.072464220225811 0.0716778039932251 0.071220874786377 0.0708885490894318 0.0707272812724113 0.0709079802036285 0.0713684558868408 0.0721051543951035 0.0729726925492287 0.0746824070811272 0.0765933319926262 0.0785437747836113 0.0805078819394112 0.0826314017176628 0.0847034156322479 0.0865598618984222 0.0878603756427765 0.0879872739315033 0.0889477282762527 0.0909269601106644 0.092121809720993 0.0927453264594078 0.0919907093048096 0.0906653553247452 0.0885510370135307 0.0862816274166107 0.0830238610506058 0.0797304436564445 0.0764463469386101 0.0734488368034363 0.0714589655399323 0.0698163732886314 0.0688187256455421 0.0680800154805183 0.0676234513521194 0.06768549233675
0.0823953598737717 0.0802737772464752 0.0780170187354088 0.0760139599442482 0.0740830600261688 0.0727486312389374 0.071509413421154 0.0711921826004982 0.0708559826016426 0.0704232826828957 0.0699955746531487 0.0695799365639687 0.0692815110087395 0.0691440105438232 0.0691837891936302 0.0693686231970787 0.0699276328086853 0.0706638768315315 0.072349451482296 0.0742618590593338 0.0764308497309685 0.0786091536283493 0.0806664004921913 0.0827823877334595 0.0851442366838455 0.0866721644997597 0.0864396095275879 0.0872150063514709 0.089222326874733 0.0904526263475418 0.0911169648170471 0.0902261584997177 0.0886913016438484 0.0862077623605728 0.0835377350449562 0.0799950361251831 0.0764815583825111 0.0735692530870438 0.0709192976355553 0.0691917985677719 0.0678042024374008 0.0670478567481041 0.0665135607123375 0.066221185028553 0.0662435740232468
0.0762825459241867 0.0746119916439056 0.0728030949831009 0.0715659037232399 0.0704913064837456 0.0701263621449471 0.0698364078998566 0.0696097835898399 0.0693495944142342 0.0689186379313469 0.0685353875160217 0.0682673007249832 0.0680434927344322 0.0678804591298103 0.0677919164299965 0.0677643194794655 0.068162277340889 0.0687618106603622 0.0700642541050911 0.0715346485376358 0.0737091302871704 0.0759256258606911 0.0780496671795845 0.0803118944168091 0.0831525027751923 0.0848918408155441 0.0843062922358513 0.0850722715258598 0.0874900817871094 0.0888759568333626 0.0895101726055145 0.0882366225123405 0.086172990500927 0.0832207202911377 0.0800937563180923 0.0767549946904182 0.0734883993864059 0.0710034072399139 0.0687340795993805 0.0672230497002602 0.0660441517829895 0.065482035279274 0.0651603788137436 0.0651007071137428 0.0651083514094353
0.0716787576675415 0.0705630034208298 0.0693576484918594 0.0687314197421074 0.0682698860764503 0.0682311281561852 0.0682293921709061 0.068058930337429 0.0678704902529716 0.0675905421376228 0.0673640817403793 0.0672667324542999 0.0671689361333847 0.0670705214142799 0.0669650137424469 0.0668536871671677 0.0670778602361679 0.0674609467387199 0.0684005618095398 0.0694731548428535 0.071363590657711 0.0733136311173439 0.0753134191036224 0.0774641931056976 0.0802468284964561 0.0821735635399818 0.0822934359312057 0.0834229439496994 0.0857864171266556 0.0869422629475594 0.0872184932231903 0.0854730680584908 0.0828903988003731 0.079801581799984 0.0766132771968842 0.0736944675445557 0.0708694383502007 0.0688629075884819 0.0670298784971237 0.0658068880438805 0.0648532435297966 0.0643997937440872 0.0641678348183632 0.0641771852970123 0.0641419738531113
0.0682067573070526 0.0677236318588257 0.0672385767102242 0.0671071261167526 0.0670762360095978 0.0668811723589897 0.0666718631982803 0.066531740128994 0.0664118453860283 0.0663948580622673 0.0664094388484955 0.0665002167224884 0.0665669813752174 0.0666007921099663 0.066561833024025 0.066463328897953 0.0665041580796242 0.0666109845042229 0.0672030076384544 0.0679109543561935 0.069300189614296 0.070755273103714 0.0724875405430794 0.0743335634469986 0.0766556784510612 0.0787518247961998 0.0803709328174591 0.0821436643600464 0.0841041728854179 0.0847408026456833 0.0844131484627724 0.082128994166851 0.0790345892310143 0.0760583877563477 0.0731054171919823 0.0707685872912407 0.0685311183333397 0.067041426897049 0.0656864494085312 0.0648051723837852 0.0640892013907433 0.0636802539229393 0.0634457767009735 0.063401386141777 0.0633022487163544
0.0664105638861656 0.0661922320723534 0.0659355893731117 0.0659095048904419 0.065948985517025 0.0656763315200806 0.0653827711939812 0.0653875470161438 0.0654449537396431 0.0657701045274734 0.066077709197998 0.0663429647684097 0.0665201917290688 0.0665765628218651 0.0664898380637169 0.066286027431488 0.0661707669496536 0.0660974532365799 0.0664763450622559 0.0669632852077484 0.0680710896849632 0.0692419782280922 0.070710189640522 0.07224490493536 0.0740579441189766 0.0758990123867989 0.0777992680668831 0.0797067061066628 0.0816229358315468 0.0818198099732399 0.0807643309235573 0.0784271508455276 0.0755591690540314 0.0730330497026443 0.0705741196870804 0.0687540546059608 0.0670291930437088 0.0660032108426094 0.0650464072823524 0.0643328055739403 0.063694916665554 0.0631976425647736 0.0628788322210312 0.0627544522285461 0.0626266002655029
0.0653325915336609 0.065221406519413 0.0649823620915413 0.0648947432637215 0.0648501887917519 0.0645336732268333 0.0642087236046791 0.0644074976444244 0.0646888241171837 0.0653900355100632 0.0660129562020302 0.0664468333125114 0.0667113214731216 0.0667432621121407 0.0665597766637802 0.0662000402808189 0.0659403726458549 0.0657281056046486 0.0659515038132668 0.0662789866328239 0.0671995580196381 0.0681765750050545 0.0693822130560875 0.0706028044223785 0.071885958313942 0.0732900276780128 0.0749493837356567 0.0767735838890076 0.078799270093441 0.0785904377698898 0.07675401866436 0.074571967124939 0.0722467750310898 0.0703153684735298 0.0684613659977913 0.0671301186084747 0.0658857226371765 0.0653006955981255 0.0647078156471252 0.0640873089432716 0.0634591057896614 0.0628165826201439 0.0623783655464649 0.0621627494692802 0.0620212741196156
0.0638415366411209 0.063795194029808 0.0636698231101036 0.0637202858924866 0.0638207569718361 0.0638907700777054 0.0639759302139282 0.06455447524786 0.0651467591524124 0.065808966755867 0.0664227828383446 0.0669197738170624 0.0672885030508041 0.0674811527132988 0.0674364343285561 0.0671975240111351 0.0668347701430321 0.0664133504033089 0.0661299675703049 0.0658795684576035 0.0664822682738304 0.0671887993812561 0.0685534179210663 0.0698641985654831 0.0709496885538101 0.0720343738794327 0.0731173679232597 0.0742405876517296 0.0754129812121391 0.0749433189630508 0.0732776001095772 0.0716657191514969 0.070076122879982 0.0686103627085686 0.0671689510345459 0.0662076473236084 0.0653193667531013 0.0649707466363907 0.0645318925380707 0.0637757629156113 0.0630538910627365 0.0623956546187401 0.0620021931827068 0.0618972070515156 0.0618953704833984
0.0622650198638439 0.0622747652232647 0.0622829422354698 0.0625127851963043 0.06280567497015 0.0633512511849403 0.0639378875494003 0.0649346336722374 0.065855897963047 0.0663932040333748 0.0669308006763458 0.0674690753221512 0.0679455548524857 0.0683372169733047 0.0684800073504448 0.0684191733598709 0.0679618790745735 0.0673167929053307 0.0664539486169815 0.0655390843749046 0.0657969042658806 0.0662170872092247 0.0678279027342796 0.0693125352263451 0.0702690929174423 0.0710587203502655 0.0714959502220154 0.0717903822660446 0.0719102844595909 0.0712097585201263 0.0699116513133049 0.0689558088779449 0.0681417062878609 0.0671148896217346 0.0660462602972984 0.0654303133487701 0.0648724213242531 0.0647178813815117 0.0643896237015724 0.0634505376219749 0.0626136362552643 0.0619664825499058 0.061651736497879 0.0616991519927979 0.0618686601519585
0.061022013425827 0.061342865228653 0.0617716908454895 0.0624079294502735 0.0631031543016434 0.0639494657516479 0.0648062154650688 0.0655274987220764 0.0662610307335854 0.0670569241046906 0.0677547380328178 0.0682157352566719 0.0684806033968925 0.0684761926531792 0.0684421956539154 0.0683839842677116 0.0681325569748878 0.0677895992994308 0.0671150460839272 0.0663612559437752 0.0659353882074356 0.0656579062342644 0.0672122314572334 0.0686926990747452 0.0698640868067741 0.070738174021244 0.0709846466779709 0.070599190890789 0.0694413855671883 0.0685205459594727 0.0677723065018654 0.067348949611187 0.067060150206089 0.0662393793463707 0.0653140470385551 0.0648718774318695 0.0644761770963669 0.064359538257122 0.0640652775764465 0.0631465017795563 0.0623749233782291 0.0618766956031322 0.0616646558046341 0.0617644302546978 0.0619271397590637
0.0599457398056984 0.060579277575016 0.06141222640872 0.0624161586165428 0.063468724489212 0.0646046549081802 0.0657224729657173 0.0661208853125572 0.0666244402527809 0.0676628053188324 0.0684923529624939 0.0688176825642586 0.0688220486044884 0.0683857649564743 0.068151131272316 0.0680814757943153 0.0680467337369919 0.0680285394191742 0.0676036700606346 0.0670816376805305 0.0660315081477165 0.0651093423366547 0.0665777251124382 0.068037673830986 0.0694623365998268 0.0704560577869415 0.0705400258302689 0.0695127621293068 0.0671273395419121 0.0659956261515617 0.065777100622654 0.0658494457602501 0.0660422593355179 0.0654130578041077 0.0646222680807114 0.0643392503261566 0.0640921071171761 0.0640117526054382 0.0637545213103294 0.062875397503376 0.0621847324073315 0.0618440359830856 0.0617386139929295 0.0618895329535007 0.0620437934994698
0.0604887418448925 0.0613299235701561 0.0622536092996597 0.063104011118412 0.0639335811138153 0.0653242021799088 0.0667170062661171 0.0666182711720467 0.0666878819465637 0.0676138326525688 0.0681582912802696 0.0677816048264503 0.0671566426753998 0.0661908239126205 0.0656751841306686 0.0655278638005257 0.0656817778944969 0.0659783855080605 0.0660915449261665 0.0661608725786209 0.0652821362018585 0.0644769296050072 0.0656898021697998 0.0670398101210594 0.0689637586474419 0.0702710598707199 0.070276565849781 0.0689425393939018 0.0659713447093964 0.06472447514534 0.06473358720541 0.0649681836366653 0.0652961581945419 0.0648152008652687 0.0641752257943153 0.0639772713184357 0.0638137683272362 0.0638270229101181 0.0636756494641304 0.0629454702138901 0.062415849417448 0.0622586943209171 0.0622901245951653 0.0625270307064056 0.0627403110265732
